4.857138097286224365e-01 1.109693571925163269e-01 1.338982302695512772e-02 1.543615758419036865e-02 2.001284994184970856e-02 8.593928068876266479e-02 5.229681730270385742e-02 1.465150061994791031e-02 2.052064426243305206e-02 5.265398696064949036e-02 9.380105882883071899e-02 2.410123869776725769e-02 6.793426722288131714e-02 1.935438998043537140e-02 4.656144417822360992e-03 5.772762000560760498e-02 2.798092737793922424e-02 2.055130526423454285e-02 5.586094781756401062e-02 1.304740365594625473e-02 3.544729948043823242e-02 6.760545540601015091e-03 2.001159265637397766e-02 5.195201188325881958e-02 8.960874401964247227e-04 4.151686280965805054e-02 3.178985416889190674e-02 5.729329213500022888e-02 1.834010332822799683e-02 4.632193595170974731e-03 3.438891470432281494e-02 4.674653336405754089e-02 1.797565631568431854e-02 2.868213877081871033e-02 1.830332726240158081e-02 2.452104724943637848e-02 3.634663671255111694e-02 1.596465148031711578e-02 3.670473396778106689e-02 1.043742150068283081e-02 1.003692392259836197e-02 5.186605826020240784e-02 1.131770852953195572e-02 1.300957519561052322e-02 1.240899413824081421e-02 3.420524299144744873e-02 6.970180571079254150e-02 2.147972770035266876e-02 2.740188688039779663e-02 8.290441706776618958e-03 1.955814100801944733e-02 4.438233003020286560e-02 3.386449441313743591e-02 1.225867425091564655e-03 5.669536069035530090e-02 1.442588749341666698e-03 2.781723439693450928e-02 2.365269325673580170e-02 3.428044170141220093e-02 5.502159148454666138e-02 1.857878081500530243e-02 3.014367446303367615e-02 3.038807772099971771e-02 2.587293274700641632e-02 2.644617110490798950e-02 1.053959969431161880e-02 3.364213975146412849e-03 1.934078894555568695e-02 2.890334231778979301e-03 8.971704170107841492e-03 3.571465238928794861e-02 2.014916017651557922e-02 2.308354154229164124e-02 1.712999865412712097e-02 2.161796391010284424e-02 6.874459795653820038e-03 5.568834021687507629e-03 9.086537174880504608e-03 3.514000773429870605e-02 4.630057513713836670e-02 4.886652156710624695e-02 3.460292890667915344e-02 1.269759424030780792e-02 3.789811860769987106e-03 1.550117321312427521e-02 5.249099433422088623e-02 2.907607704401016235e-02 4.154437780380249023e-02 3.197326511144638062e-02 1.805491000413894653e-02 4.750876501202583313e-02 1.079752016812562943e-02 5.805713124573230743e-03 5.143268033862113953e-02 2.385350689291954041e-02 4.376477003097534180e-02 6.920289713889360428e-03 9.690778329968452454e-03 5.170181393623352051e-03 2.448304183781147003e-02 4.179397225379943848e-02 5.319519340991973877e-02 1.779723726212978363e-02 1.740807667374610901e-02 5.101207643747329712e-02 3.022792004048824310e-02 5.216084793210029602e-02 4.054145142436027527e-02 3.521220758557319641e-02 7.157817482948303223e-03 2.681024372577667236e-02 1.212505623698234558e-02 2.706405520439147949e-02 3.384533897042274475e-02 1.685702614486217499e-02 6.161664798855781555e-02
1.109693571925163269e-01 4.818105995655059814e-01 1.258844044059514999e-02 6.697318702936172485e-02 4.610529541969299316e-02 1.037368029356002808e-01 8.711707592010498047e-02 2.627099491655826569e-02 1.155349332839250565e-02 4.297560080885887146e-02 1.022543087601661682e-01 1.599896117113530636e-03 1.054511666297912598e-01 1.233937451615929604e-03 4.703973606228828430e-02 5.637968331575393677e-02 5.034460872411727905e-02 1.906588859856128693e-02 2.280098386108875275e-02 8.331133052706718445e-03 4.522570595145225525e-02 7.422473281621932983e-03 1.636824943125247955e-02 3.618383035063743591e-02 1.736178412102162838e-03 5.107632279396057129e-02 3.251539915800094604e-02 1.015781611204147339e-02 2.236921712756156921e-02 3.521367907524108887e-02 4.627180472016334534e-02 4.568964242935180664e-02 4.014261998236179352e-03 3.677086159586906433e-02 2.618014626204967499e-02 3.831954300403594971e-02 3.686288371682167053e-03 2.679815329611301422e-02 1.397651247680187225e-02 1.642740704119205475e-02 1.487901154905557632e-02 1.163789350539445877e-02 6.986613385379314423e-03 9.847510606050491333e-03 4.916582256555557251e-02 3.902476280927658081e-02 7.977218925952911377e-02 3.031824156641960144e-02 2.391164377331733704e-02 6.899720523506402969e-03 5.579133721766993403e-05 1.814653538167476654e-02 3.624913748353719711e-03 2.987506799399852753e-02 1.397852692753076553e-02 2.153234928846359253e-02 6.498511880636215210e-02 1.586487703025341034e-02 1.762252300977706909e-02 4.866345971822738647e-02 4.994534421712160110e-03 1.628670468926429749e-02 7.404677569866180420e-03 2.408166415989398956e-02 2.853808552026748657e-02 5.464718118309974670e-02 1.115955971181392670e-02 2.726495265960693359e-02 1.856249384582042694e-02 2.731373161077499390e-02 7.755239028483629227e-03 1.404646597802639008e-02 1.150260679423809052e-02 1.725924760103225708e-02 3.036510199308395386e-02 6.868259981274604797e-03 1.793466508388519287e-02 7.730114273726940155e-03 1.270601991564035416e-02 3.970285132527351379e-02 9.772657416760921478e-03 1.100574526935815811e-02 3.106193803250789642e-02 1.127557363361120224e-02 3.538720682263374329e-02 4.424913227558135986e-02 1.188060455024242401e-02 3.630212321877479553e-02 2.987279556691646576e-02 9.558124467730522156e-03 5.187352746725082397e-02 2.220268361270427704e-02 2.513813413679599762e-02 1.466624531894922256e-02 2.066064858809113503e-03 2.640641480684280396e-02 1.125312689691781998e-02 3.201939538121223450e-02 2.254779823124408722e-02 1.947537064552307129e-02 4.372349753975868225e-02 4.879821091890335083e-02 1.650655642151832581e-02 4.622546210885047913e-02 4.600702598690986633e-02 3.228351101279258728e-02 1.728365384042263031e-02 1.722539192996919155e-03 2.144595235586166382e-02 1.176740974187850952e-02 2.517145499587059021e-02 2.714472450315952301e-02 4.450551047921180725e-02 4.000989720225334167e-02 1.896136812865734100e-02 3.141310438513755798e-02
1.338982302695512772e-02 1.258844044059514999e-02 4.419252276420593262e-01 1.263510715216398239e-02 2.456289902329444885e-02 4.415314272046089172e-02 4.459542687982320786e-03 7.640600204467773438e-03 2.265077270567417145e-02 4.238334484398365021e-03 2.736955881118774414e-02 1.789201982319355011e-02 3.083362802863121033e-02 3.219792619347572327e-02 3.559179604053497314e-02 3.333238139748573303e-02 2.882987819612026215e-02 1.509182993322610855e-02 3.654439002275466919e-02 1.671306043863296509e-02 7.830207236111164093e-03 2.198771201074123383e-02 1.834684424102306366e-02 3.721660375595092773e-02 2.140569686889648438e-02 1.350514404475688934e-02 1.693091727793216705e-02 1.438792515546083450e-02 2.674862928688526154e-02 1.207566726952791214e-02 4.600861296057701111e-02 4.647947847843170166e-02 5.322912335395812988e-02 3.947612270712852478e-02 4.422071948647499084e-02 1.458669267594814301e-02 1.920635439455509186e-02 9.351133555173873901e-02 3.673714771866798401e-02 1.488107815384864807e-02 4.498928319662809372e-03 2.408080175518989563e-02 2.762127667665481567e-02 2.043327689170837402e-02 1.001208927482366562e-02 1.925130933523178101e-02 6.691253278404474258e-03 9.356597438454627991e-04 4.495475813746452332e-02 1.962369307875633240e-02 3.759045852348208427e-03 1.103818509727716446e-02 7.436323445290327072e-03 3.564348444342613220e-02 5.776151549071073532e-03 3.457579994574189186e-03 4.677985608577728271e-02 1.410258654505014420e-02 5.089316889643669128e-02 1.408645510673522949e-02 1.761167310178279877e-02 4.647295549511909485e-02 4.963712301105260849e-03 4.301960766315460205e-02 1.771694421768188477e-02 2.073167078197002411e-02 4.118843749165534973e-02 1.864991150796413422e-02 3.638736903667449951e-02 5.445010028779506683e-03 2.811300009489059448e-02 8.243845775723457336e-03 5.192907992750406265e-03 4.407265037298202515e-02 6.849023513495922089e-03 4.750569909811019897e-02 2.315117418766021729e-02 3.195191547274589539e-02 3.579404205083847046e-02 3.134984523057937622e-02 9.425222873687744141e-02 1.620330847799777985e-02 5.337589420378208160e-03 4.101480916142463684e-02 1.506172586232423782e-03 2.033902332186698914e-02 3.784372285008430481e-02 3.194277733564376831e-02 5.412587150931358337e-02 3.223058208823204041e-02 4.282696172595024109e-02 4.017973318696022034e-02 9.560336358845233917e-03 4.384910315275192261e-02 1.409427542239427567e-02 1.183856930583715439e-02 1.913941465318202972e-02 4.048669710755348206e-03 1.836274634115397930e-03 1.353543344885110855e-02 2.442359924316406250e-02 4.144580289721488953e-02 6.281190365552902222e-02 2.049486525356769562e-02 4.879906773567199707e-02 3.222804982215166092e-03 1.172442361712455750e-02 5.981655325740575790e-03 9.625330567359924316e-03 3.201819211244583130e-02 3.667967021465301514e-02 3.807201609015464783e-02 1.201135688461363316e-03 2.230807766318321228e-02 7.834969088435173035e-03 5.739039275795221329e-03
1.543615758419036865e-02 6.697318702936172485e-02 1.263510715216398239e-02 4.559934139251708984e-01 1.146720796823501587e-01 3.994929417967796326e-02 1.405736338347196579e-02 3.918282687664031982e-02 1.034307759255170822e-03 3.939469903707504272e-02 3.170749545097351074e-02 1.529685920104384422e-03 5.835317820310592651e-02 2.855900675058364868e-02 5.003301054239273071e-02 2.588533330708742142e-03 2.219356223940849304e-02 5.035784840583801270e-02 2.752719260752201080e-02 9.373011067509651184e-03 1.654342003166675568e-02 2.179576829075813293e-02 1.868107356131076813e-02 5.104722455143928528e-02 3.515537455677986145e-02 3.808163851499557495e-02 8.650508522987365723e-02 4.165614768862724304e-02 4.540036618709564209e-02 2.704678103327751160e-03 1.366168539971113205e-02 2.533832751214504242e-02 3.232506290078163147e-02 5.452784243971109390e-03 3.519334271550178528e-02 5.262304097414016724e-02 5.259235575795173645e-02 3.973497368860989809e-04 1.628097519278526306e-02 3.658726066350936890e-02 5.293114483356475830e-02 3.782196715474128723e-02 3.996235504746437073e-02 4.480892792344093323e-02 4.887318238615989685e-02 1.087860949337482452e-02 1.601619087159633636e-02 1.391973998397588730e-02 3.449011966586112976e-02 1.438770815730094910e-02 3.854469954967498779e-02 3.779116645455360413e-02 7.407933007925748825e-03 5.758134648203849792e-03 3.573217242956161499e-02 1.062929816544055939e-02 6.742511410266160965e-03 1.573383621871471405e-02 3.096958249807357788e-02 1.050275098532438278e-02 5.310723930597305298e-02 1.293777371756732464e-03 5.176698789000511169e-02 2.675227075815200806e-02 1.252452004700899124e-02 3.699344769120216370e-02 1.658451743423938751e-02 4.574675485491752625e-02 4.835794121026992798e-02 1.079771853983402252e-02 6.223068758845329285e-02 3.680769726634025574e-02 8.267943561077117920e-02 3.508324176073074341e-02 2.228626422584056854e-02 1.271758880466222763e-02 5.542544275522232056e-02 3.686154028400778770e-03 4.238082841038703918e-02 8.505844511091709137e-03 1.927502080798149109e-02 3.671554103493690491e-02 1.270921435207128525e-02 2.116929367184638977e-02 2.120927907526493073e-03 3.428866714239120483e-02 4.250654950737953186e-02 1.533053163439035416e-02 3.959140554070472717e-02 2.574116364121437073e-02 1.349658705294132233e-02 3.269964829087257385e-03 1.091392524540424347e-02 4.401461407542228699e-02 3.188197687268257141e-02 1.142955385148525238e-02 9.281848557293415070e-03 3.580616787075996399e-02 1.724441722035408020e-02 5.124710500240325928e-02 3.698938339948654175e-02 3.907628357410430908e-03 6.839421112090349197e-03 1.192515436559915543e-02 3.535318002104759216e-02 2.545084280427545309e-04 6.649962626397609711e-03 2.983884420245885849e-03 4.408938810229301453e-02 1.747650280594825745e-02 1.182318106293678284e-02 3.065943904221057892e-02 3.643238544464111328e-02 3.330036252737045288e-02 8.177135139703750610e-03 5.916165560483932495e-02
2.001284994184970856e-02 4.610529541969299316e-02 2.456289902329444885e-02 1.146720796823501587e-01 4.479511082172393799e-01 2.441698312759399414e-02 2.474603429436683655e-02 1.531227771192789078e-02 6.344106793403625488e-02 1.572586037218570709e-02 1.153606269508600235e-02 1.015729643404483795e-02 4.081731289625167847e-02 1.686940528452396393e-02 4.120872169733047485e-02 7.619091775268316269e-03 1.800278387963771820e-02 1.263880915939807892e-02 2.303441241383552551e-02 1.238518301397562027e-02 2.450223080813884735e-02 3.178957477211952209e-02 2.013887465000152588e-02 1.271318644285202026e-02 1.739597506821155548e-02 3.510017320513725281e-02 3.092844039201736450e-02 4.802135750651359558e-02 1.392162684351205826e-02 1.291608437895774841e-03 2.450973540544509888e-02 2.069130353629589081e-02 1.288960408419370651e-02 4.086196050047874451e-02 3.446695581078529358e-02 2.644237503409385681e-02 5.567371100187301636e-02 2.307598665356636047e-02 3.003884851932525635e-02 1.409462280571460724e-02 4.384967964142560959e-03 3.768931329250335693e-02 1.549775339663028717e-02 8.851750940084457397e-02 3.285411372780799866e-02 1.383076421916484833e-02 5.261534824967384338e-02 4.388098791241645813e-02 2.999132871627807617e-02 5.026748403906822205e-02 7.688362617045640945e-03 9.073747694492340088e-02 6.492153555154800415e-02 1.097195073962211609e-01 2.423819154500961304e-02 1.558152120560407639e-02 2.413375489413738251e-02 1.137874205596745014e-03 1.265792548656463623e-02 6.225250661373138428e-02 1.961091719567775726e-02 3.839894756674766541e-02 2.873190445825457573e-03 2.794931642711162567e-02 6.185393407940864563e-02 9.930574335157871246e-03 2.234623953700065613e-02 3.375202044844627380e-02 4.880682006478309631e-02 1.333222910761833191e-02 9.356478229165077209e-03 3.295784443616867065e-02 3.055429272353649139e-02 3.537676855921745300e-02 2.632039040327072144e-02 2.632549032568931580e-03 2.347380481660366058e-02 4.658441245555877686e-02 1.269551459699869156e-02 2.384415129199624062e-03 7.349047809839248657e-03 5.559951066970825195e-03 4.948989301919937134e-02 5.041966214776039124e-02 1.363934669643640518e-02 3.656474873423576355e-02 8.093679323792457581e-03 4.246835038065910339e-02 2.204107306897640228e-02 2.182408981025218964e-02 8.608327247202396393e-03 1.417345926165580750e-02 1.877861469984054565e-02 1.126899719238281250e-01 5.861600860953330994e-03 2.701988071203231812e-02 3.854661434888839722e-02 5.028276890516281128e-02 1.531269773840904236e-02 1.975785009562969208e-02 4.610382765531539917e-02 1.982455514371395111e-02 2.275592833757400513e-02 3.458264097571372986e-02 3.519504889845848083e-02 4.182403907179832458e-02 2.319601923227310181e-02 2.684724889695644379e-02 9.896750561892986298e-03 2.140161022543907166e-02 3.347124671563506126e-03 1.370079442858695984e-02 1.451202947646379471e-02 4.403300583362579346e-02 5.241861939430236816e-02 3.669655695557594299e-02
8.593928068876266479e-02 1.037368029356002808e-01 4.415314272046089172e-02 3.994929417967796326e-02 2.441698312759399414e-02 4.701811671257019043e-01 1.039339005947113037e-01 2.134910319000482559e-03 1.471183355897665024e-02 3.661377727985382080e-02 8.918797969818115234e-02 3.566211834549903870e-02 7.013050466775894165e-02 4.842901974916458130e-02 4.749969765543937683e-02 5.297288298606872559e-02 4.113660380244255066e-02 4.671461880207061768e-03 6.046335212886333466e-03 1.553107891231775284e-02 3.689081966876983643e-02 1.827433891594409943e-02 8.880497887730598450e-03 3.533415123820304871e-02 1.203498523682355881e-02 3.889450803399085999e-02 3.920703195035457611e-03 3.358059003949165344e-02 2.296614088118076324e-02 3.328783065080642700e-02 7.664214354008436203e-03 3.258849680423736572e-02 1.741877198219299316e-02 5.710189789533615112e-02 5.871742963790893555e-03 1.415444817394018173e-02 2.073755301535129547e-02 5.954695492982864380e-02 2.360584586858749390e-02 4.427735134959220886e-02 4.879029840230941772e-02 8.480507880449295044e-03 4.928765818476676941e-03 5.012736469507217407e-02 2.451802045106887817e-02 5.411799624562263489e-02 7.892692089080810547e-02 4.556737374514341354e-03 5.471779406070709229e-02 1.973601244390010834e-02 5.489585921168327332e-02 4.064473509788513184e-02 4.271525889635086060e-03 1.507262606173753738e-02 2.870323834940791130e-03 4.523060470819473267e-02 1.598982512950897217e-02 8.663129061460494995e-03 1.149865100160241127e-03 1.270823366940021515e-02 1.668604463338851929e-02 8.620694279670715332e-04 7.645852398127317429e-03 1.882799086160957813e-03 3.088934812694787979e-03 2.159091643989086151e-02 2.138346619904041290e-02 1.893346384167671204e-02 2.217045240104198456e-02 4.765237122774124146e-02 2.460412494838237762e-02 1.632282324135303497e-02 3.457355499267578125e-02 1.475704181939363480e-02 2.799798361957073212e-02 3.192019090056419373e-02 1.897758804261684418e-02 3.731014952063560486e-02 2.027159743010997772e-02 2.913673222064971924e-02 3.483752161264419556e-02 2.486008591949939728e-02 4.312711581587791443e-02 3.988606855273246765e-02 1.695537753403186798e-02 4.137098789215087891e-02 4.911730065941810608e-02 4.078390449285507202e-02 4.297098144888877869e-02 2.266803197562694550e-02 3.147894144058227539e-02 1.944564096629619598e-02 4.015902802348136902e-02 1.050104666501283646e-02 9.470578283071517944e-03 7.734897546470165253e-03 3.541751205921173096e-02 2.915120124816894531e-02 2.230437286198139191e-02 4.057331755757331848e-02 2.683241292834281921e-02 3.321286663413047791e-02 1.699622347950935364e-02 1.809343881905078888e-02 3.308363258838653564e-02 1.371753402054309845e-02 4.695715755224227905e-02 2.041204646229743958e-02 2.522632479667663574e-02 3.139892220497131348e-02 2.630751766264438629e-02 3.805714845657348633e-02 8.317517116665840149e-03 1.393342297524213791e-02 1.670069061219692230e-02 1.609067403478547931e-04
5.229681730270385742e-02 8.711707592010498047e-02 4.459542687982320786e-03 1.405736338347196579e-02 2.474603429436683655e-02 1.039339005947113037e-01 4.742829203605651855e-01 4.603558033704757690e-02 3.835380449891090393e-02 4.467251524329185486e-02 6.570614874362945557e-02 3.868385916575789452e-03 7.162350416183471680e-02 7.312420755624771118e-02 1.197631750255823135e-02 6.845461670309305191e-03 5.749946087598800659e-02 5.055242776870727539e-02 1.970434002578258514e-02 2.819571830332279205e-02 2.531590312719345093e-02 3.279009088873863220e-02 1.497593801468610764e-02 2.644992992281913757e-02 3.317021299153566360e-03 2.726751007139682770e-02 7.845288142561912537e-03 2.374242432415485382e-02 3.527238965034484863e-02 3.377345949411392212e-02 2.177238091826438904e-02 2.135486342012882233e-02 3.525767475366592407e-02 2.433416619896888733e-02 9.813314536586403847e-04 2.701169066131114960e-02 1.652288064360618591e-02 5.718141794204711914e-03 1.747158914804458618e-02 2.885912358760833740e-02 4.363631829619407654e-02 1.628290489315986633e-02 1.368242502212524414e-02 4.604101181030273438e-03 5.015074461698532104e-02 3.004816547036170959e-02 4.978609085083007812e-02 3.570130467414855957e-02 1.563412323594093323e-02 1.406843587756156921e-02 4.010599851608276367e-02 1.374186296015977859e-02 3.914496675133705139e-02 5.841786041855812073e-03 6.624940037727355957e-02 4.446921811904758215e-04 6.782870739698410034e-02 1.382603659294545650e-03 6.901998422108590603e-04 3.074871562421321869e-02 3.355439752340316772e-02 1.288034766912460327e-02 3.682518145069479942e-03 7.149154786020517349e-03 1.009872741997241974e-02 1.179678365588188171e-02 5.444980692118406296e-03 5.136970430612564087e-03 1.960136694833636284e-03 4.250471666455268860e-02 4.516718536615371704e-02 3.067442774772644043e-02 2.178810164332389832e-02 3.273718804121017456e-02 2.827813848853111267e-02 2.093826979398727417e-02 2.454178035259246826e-02 4.017841070890426636e-02 5.681515857577323914e-02 3.189787641167640686e-02 4.265988711267709732e-03 8.818456903100013733e-03 8.693110197782516479e-03 6.096944585442543030e-02 5.179272964596748352e-02 1.920505426824092865e-02 5.207141116261482239e-02 4.202897846698760986e-02 4.342355206608772278e-02 1.389306131750345230e-02 6.372500676661729813e-03 3.279915452003479004e-02 3.881394164636731148e-03 2.390596829354763031e-02 5.234419927000999451e-02 2.360203117132186890e-02 3.300602361559867859e-02 4.358348995447158813e-02 3.144775703549385071e-02 4.330979194492101669e-03 4.933467134833335876e-03 2.537048794329166412e-02 4.371547698974609375e-02 1.568238809704780579e-02 4.105802252888679504e-02 1.659324020147323608e-02 2.812578529119491577e-02 3.395699337124824524e-02 3.768952190876007080e-02 4.751477017998695374e-02 3.306409344077110291e-02 9.139717556536197662e-03 3.350344672799110413e-02 7.755356375128030777e-03 3.658834844827651978e-02 2.519701048731803894e-02
1.465150061994791031e-02 2.627099491655826569e-02 7.640600204467773438e-03 3.918282687664031982e-02 1.531227771192789078e-02 2.134910319000482559e-03 4.603558033704757690e-02 4.578110873699188232e-01 7.370828092098236084e-02 5.804497282952070236e-03 3.353476757183670998e-03 3.506815433502197266e-02 1.206423528492450714e-02 3.139551728963851929e-02 1.009036600589752197e-01 3.315712511539459229e-02 4.484133049845695496e-02 4.143212363123893738e-02 1.753637939691543579e-02 1.760537177324295044e-02 6.489352323114871979e-03 5.074822809547185898e-03 2.929875440895557404e-02 3.012422006577253342e-03 4.595004429575055838e-04 4.865939170122146606e-02 3.377147763967514038e-02 2.301635406911373138e-02 3.792605921626091003e-02 1.910539530217647552e-02 3.953506797552108765e-02 2.256512455642223358e-02 4.997701570391654968e-02 5.236670374870300293e-03 5.025383830070495605e-02 1.067996099591255188e-01 2.640995942056179047e-02 1.607723720371723175e-02 3.679468855261802673e-02 2.839675173163414001e-02 9.956663474440574646e-03 1.562843658030033112e-02 1.515595149248838425e-02 9.314609691500663757e-03 1.987152267247438431e-03 4.819369316101074219e-02 1.075666770339012146e-02 4.086216539144515991e-02 2.489967830479145050e-02 1.002191752195358276e-02 4.360390454530715942e-02 5.836478993296623230e-02 2.690893784165382385e-02 2.460884302854537964e-02 3.194362670183181763e-02 9.010345488786697388e-02 1.948402822017669678e-02 8.060312393354251981e-05 1.629159599542617798e-02 1.283151470124721527e-02 4.358033090829849243e-02 1.937007345259189606e-02 5.203984212130308151e-03 8.938409388065338135e-03 1.670727878808975220e-02 3.094812668859958649e-02 9.891448542475700378e-03 4.299138858914375305e-02 4.445359483361244202e-02 1.757989451289176941e-02 5.855027586221694946e-03 6.997116375714540482e-03 3.237655013799667358e-02 3.448074683547019958e-02 4.429396241903305054e-02 2.091929875314235687e-02 2.409597113728523254e-02 5.397959426045417786e-02 1.980524882674217224e-02 1.524939760565757751e-02 6.062409281730651855e-02 1.369169354438781738e-01 2.282779850065708160e-02 4.273608326911926270e-02 4.358390346169471741e-02 1.951341331005096436e-02 8.868966996669769287e-02 8.978337049484252930e-02 2.139426209032535553e-02 8.711628615856170654e-03 1.606033183634281158e-02 4.016387462615966797e-02 2.093395404517650604e-02 1.154648698866367340e-02 7.884258776903152466e-02 1.110669318586587906e-02 6.190130021423101425e-03 2.107115276157855988e-02 2.165336906909942627e-02 1.131178718060255051e-02 5.325978994369506836e-02 3.177192807197570801e-02 3.234233707189559937e-02 4.736659675836563110e-02 6.954552140086889267e-03 3.021570108830928802e-02 4.855486750602722168e-02 2.216164255514740944e-03 7.150315493345260620e-02 3.053885139524936676e-02 2.060049399733543396e-02 2.694964408874511719e-02 4.763706773519515991e-02 3.530743345618247986e-02 5.277915392071008682e-03 2.792184427380561829e-02
2.052064426243305206e-02 1.155349332839250565e-02 2.265077270567417145e-02 1.034307759255170822e-03 6.344106793403625488e-02 1.471183355897665024e-02 3.835380449891090393e-02 7.370828092098236084e-02 4.704490005970001221e-01 5.569971352815628052e-02 9.411714039742946625e-03 5.487674847245216370e-02 2.663047425448894501e-02 4.154152423143386841e-02 1.047022175043821335e-02 7.582843303680419922e-03 4.290439933538436890e-02 1.136843487620353699e-01 2.691883035004138947e-02 1.611486263573169708e-02 4.317556321620941162e-02 7.790384348481893539e-03 1.259224023669958115e-02 3.989160060882568359e-03 3.463551774621009827e-02 4.219015687704086304e-02 8.767505176365375519e-03 2.110229991376399994e-02 1.165170129388570786e-02 4.832437261939048767e-02 1.525719650089740753e-02 1.923910900950431824e-02 5.540327355265617371e-02 1.042509451508522034e-02 4.254455864429473877e-02 7.708188891410827637e-02 1.005914993584156036e-03 1.543035148642957211e-03 5.148368701338768005e-02 3.391537815332412720e-02 5.157607793807983398e-02 4.631024971604347229e-02 1.949289999902248383e-02 1.187070738524198532e-02 5.267988517880439758e-02 4.752717539668083191e-02 9.789258241653442383e-03 4.787385463714599609e-02 2.125545963644981384e-02 3.491580113768577576e-02 1.371445599943399429e-02 1.843650266528129578e-02 5.641308426856994629e-02 2.402683719992637634e-02 4.475871473550796509e-02 3.942437097430229187e-02 1.149099436588585377e-03 1.544915884733200073e-02 2.088674576953053474e-03 1.341451704502105713e-02 7.610776927322149277e-03 4.579330270644277334e-04 3.000405617058277130e-02 3.377147763967514038e-02 4.015155881643295288e-02 3.546861931681632996e-02 5.256270617246627808e-02 8.833348751068115234e-03 3.646013885736465454e-02 3.460365533828735352e-02 1.771744526922702789e-02 2.204789035022258759e-02 3.273031115531921387e-02 1.129295583814382553e-02 7.948096841573715210e-03 4.814250022172927856e-02 9.459277987480163574e-02 2.546681836247444153e-02 1.040564626455307007e-01 4.957794211804866791e-03 4.476927593350410461e-02 3.854860365390777588e-02 1.644874364137649536e-02 3.652260452508926392e-02 4.962325841188430786e-02 2.336443215608596802e-02 1.544161699712276459e-02 2.020541206002235413e-02 6.129467859864234924e-02 1.660350710153579712e-02 1.195624656975269318e-02 2.383674867451190948e-02 4.882708191871643066e-03 4.047124832868576050e-02 1.648559235036373138e-02 1.253781467676162720e-02 3.372231498360633850e-02 2.465003356337547302e-02 4.434755817055702209e-02 2.847290784120559692e-02 1.518952008336782455e-02 4.181528091430664062e-02 3.235354647040367126e-02 1.301611959934234619e-02 3.143769130110740662e-02 3.913128748536109924e-03 1.000503078103065491e-02 2.949502319097518921e-02 1.925123669207096100e-02 8.765288628637790680e-03 4.123679921030998230e-02 6.789333187043666840e-03 2.300554653629660606e-03 4.535825178027153015e-02 3.286924585700035095e-02 2.884484082460403442e-02
5.265398696064949036e-02 4.297560080885887146e-02 4.238334484398365021e-03 3.939469903707504272e-02 1.572586037218570709e-02 3.661377727985382080e-02 4.467251524329185486e-02 5.804497282952070236e-03 5.569971352815628052e-02 4.736137986183166504e-01 3.873817250132560730e-02 5.554561968892812729e-03 3.938382491469383240e-02 1.571174524724483490e-02 5.097980145364999771e-03 5.863333120942115784e-03 6.494291126728057861e-02 4.346550628542900085e-02 7.685245573520660400e-02 1.089796982705593109e-02 3.242629393935203552e-02 9.622595272958278656e-03 4.421637579798698425e-02 7.130821049213409424e-02 5.404182244092226028e-03 4.908597562462091446e-03 4.214657098054885864e-02 3.395295469090342522e-03 4.457105696201324463e-02 4.902675002813339233e-02 2.609627321362495422e-02 2.795667946338653564e-02 4.091073945164680481e-02 4.323764517903327942e-02 2.074878849089145660e-02 1.086905831471085548e-03 3.898668661713600159e-02 1.152473385445773602e-03 2.571400068700313568e-02 2.340774424374103546e-02 7.446721941232681274e-02 3.416469786316156387e-03 3.366433084011077881e-02 4.351793974637985229e-02 2.264872565865516663e-02 4.108141362667083740e-02 3.132944181561470032e-02 4.507055878639221191e-02 2.970084547996520996e-02 4.575699567794799805e-02 4.301461391150951385e-03 4.612063243985176086e-02 2.765019796788692474e-02 2.845525182783603668e-02 1.374674029648303986e-02 2.184175327420234680e-02 2.168564498424530029e-02 4.086247831583023071e-02 9.072191081941127777e-03 1.275557186454534531e-02 4.094289243221282959e-02 3.518046811223030090e-03 3.313499689102172852e-02 1.498847082257270813e-02 4.560202360153198242e-02 4.636519774794578552e-02 5.932312458753585815e-03 2.066037384793162346e-03 2.627907320857048035e-02 3.088232129812240601e-02 1.209585089236497879e-02 4.852771013975143433e-02 3.430327633395791054e-03 1.431741286069154739e-02 3.649288043379783630e-02 2.049562893807888031e-02 3.372829034924507141e-02 7.288747280836105347e-02 4.239237308502197266e-02 1.106025055050849915e-01 4.043023660778999329e-02 3.413325548171997070e-02 1.306600123643875122e-02 3.303881362080574036e-02 1.091834250837564468e-02 3.635971248149871826e-02 4.776684194803237915e-02 2.942366153001785278e-02 2.964473143219947815e-02 7.846762984991073608e-02 3.160168603062629700e-02 3.786238282918930054e-02 4.607836529612541199e-02 1.485021319240331650e-03 1.536487787961959839e-02 3.848752239719033241e-03 9.407366625964641571e-03 2.144024893641471863e-02 3.263578563928604126e-02 2.596208453178405762e-02 1.191132143139839172e-02 1.609767042100429535e-02 3.182819858193397522e-02 1.276361290365457535e-02 8.687838912010192871e-03 3.368413448333740234e-02 1.987096294760704041e-02 9.427027776837348938e-03 4.085834324359893799e-02 5.532195325940847397e-03 5.154758319258689880e-02 3.294320404529571533e-02 1.770714297890663147e-02 5.686948448419570923e-02 4.832977056503295898e-02 5.190284550189971924e-02
9.380105882883071899e-02 1.022543087601661682e-01 2.736955881118774414e-02 3.170749545097351074e-02 1.153606269508600235e-02 8.918797969818115234e-02 6.570614874362945557e-02 3.353476757183670998e-03 9.411714039742946625e-03 3.873817250132560730e-02 4.862924218177795410e-01 4.019874334335327148e-02 9.857001155614852905e-02 3.176493197679519653e-02 3.194926306605339050e-03 3.263407573103904724e-02 3.668044880032539368e-02 3.353195637464523315e-02 2.066120132803916931e-02 3.224552050232887268e-02 1.890328340232372284e-02 1.572649925947189331e-02 8.899249369278550148e-04 4.302384331822395325e-02 2.018922939896583557e-02 5.009030923247337341e-02 3.298774361610412598e-02 1.050881110131740570e-02 9.636026807129383087e-03 5.292346328496932983e-02 3.911199793219566345e-02 3.853655979037284851e-02 2.776529826223850250e-02 2.462108805775642395e-02 4.814139101654291153e-04 3.420282900333404541e-02 3.661713749170303345e-02 3.100682608783245087e-02 1.268196571618318558e-02 4.150326550006866455e-02 4.253711923956871033e-02 2.561526931822299957e-02 2.780530042946338654e-02 1.851382292807102203e-02 5.012869462370872498e-02 7.440101471729576588e-04 7.124538719654083252e-02 6.862454116344451904e-03 5.887976847589015961e-03 1.490460708737373352e-02 3.452901542186737061e-02 2.920415252447128296e-03 2.154508838430047035e-04 4.331381618976593018e-02 2.269387245178222656e-02 2.416436560451984406e-02 1.687887869775295258e-02 2.771295420825481415e-02 3.234095498919487000e-02 4.617422819137573242e-02 2.165339700877666473e-02 1.847167313098907471e-02 2.131207659840583801e-02 3.306119516491889954e-02 7.523062080144882202e-02 4.189644753932952881e-02 2.428065985441207886e-02 5.168926715850830078e-02 7.600564276799559593e-04 3.818835318088531494e-02 1.287913136184215546e-02 5.105254426598548889e-02 3.558453172445297241e-02 5.262417718768119812e-03 4.441217705607414246e-02 1.046171132475137711e-02 4.086488485336303711e-02 1.473004650324583054e-02 1.710214652121067047e-02 4.458371549844741821e-02 5.430187284946441650e-02 2.427594922482967377e-02 2.535159327089786530e-02 1.766268163919448853e-02 4.491313919425010681e-02 5.209412798285484314e-02 7.907821564003825188e-04 3.609908744692802429e-02 4.323406517505645752e-02 2.304743742570281029e-03 6.740690767765045166e-02 4.328086506575345993e-03 2.068153768777847290e-02 4.291353747248649597e-02 1.114777661859989166e-02 1.419430505484342575e-02 2.299050800502300262e-02 2.319234795868396759e-02 4.075665399432182312e-02 3.314499929547309875e-02 4.686312749981880188e-02 4.444198310375213623e-02 2.923277579247951508e-02 1.729958131909370422e-02 5.187437310814857483e-02 5.442398786544799805e-02 4.672191664576530457e-02 2.492417767643928528e-02 3.828147053718566895e-02 3.382975980639457703e-02 3.374610468745231628e-02 1.959980465471744537e-02 2.157313749194145203e-02 3.661426901817321777e-02 1.214990043081343174e-03 2.478769049048423767e-02
2.410123869776725769e-02 1.599896117113530636e-03 1.789201982319355011e-02 1.529685920104384422e-03 1.015729643404483795e-02 3.566211834549903870e-02 3.868385916575789452e-03 3.506815433502197266e-02 5.487674847245216370e-02 5.554561968892812729e-03 4.019874334335327148e-02 4.554536938667297363e-01 3.823974356055259705e-02 1.311267614364624023e-01 3.135957941412925720e-02 3.387709707021713257e-02 5.580475553870201111e-02 5.055285617709159851e-02 4.256656393408775330e-02 4.529495164752006531e-02 1.038353703916072845e-02 3.664974868297576904e-02 4.741446301341056824e-02 4.037333279848098755e-02 1.931132189929485321e-02 3.480400517582893372e-02 6.029167212545871735e-03 5.654968321323394775e-02 3.686276450753211975e-02 3.334739431738853455e-02 2.100499533116817474e-02 4.381156340241432190e-02 1.832915656268596649e-02 4.473556578159332275e-02 1.956761628389358521e-02 2.515390887856483459e-02 4.098870605230331421e-02 3.899624198675155640e-02 5.718140862882137299e-03 5.625774338841438293e-02 3.493952378630638123e-02 3.067082539200782776e-02 2.722120843827724457e-03 2.311503048986196518e-03 1.233965437859296799e-02 2.573217207100242376e-04 2.941480092704296112e-02 4.883490502834320068e-02 1.220238278619945049e-03 4.878710489720106125e-03 3.043706715106964111e-02 2.416958101093769073e-02 3.648729994893074036e-02 5.142199248075485229e-02 3.908105567097663879e-02 4.011858254671096802e-02 4.233821108937263489e-02 4.219415783882141113e-02 2.078835479915142059e-02 3.230737894773483276e-02 4.226698540151119232e-03 2.498183958232402802e-02 2.482319623231887817e-02 3.933224827051162720e-02 1.841610856354236603e-02 3.356753662228584290e-02 6.626397371292114258e-03 6.380108970915898681e-05 2.600663155317306519e-02 5.490059778094291687e-02 2.069894783198833466e-02 5.266474327072501183e-04 7.615358382463455200e-02 5.287736654281616211e-02 8.397737517952919006e-03 4.875623434782028198e-02 1.991797937080264091e-03 1.423896756023168564e-02 3.097613900899887085e-02 2.768349274992942810e-02 1.194904209114611149e-03 2.723281085491180420e-02 2.068749628961086273e-02 3.724883310496807098e-03 7.363860961049795151e-03 1.348631735891103745e-02 1.169324479997158051e-02 8.564350195229053497e-03 2.065806277096271515e-02 1.441434491425752640e-02 4.675690084695816040e-02 5.179273337125778198e-02 4.760317876935005188e-02 1.468874048441648483e-02 9.486244060099124908e-03 2.274174429476261139e-02 1.082670688629150391e-02 5.848097149282693863e-03 1.256600115448236465e-02 1.803158968687057495e-02 5.546007305383682251e-02 4.905400797724723816e-02 4.866684973239898682e-02 3.306267410516738892e-02 1.213879790157079697e-02 3.976548835635185242e-02 4.982669651508331299e-02 8.220860763685777783e-05 6.379058957099914551e-02 4.238557443022727966e-02 2.838330715894699097e-02 9.745252318680286407e-03 1.725118048489093781e-02 8.732693269848823547e-03 4.184719547629356384e-02 5.555156990885734558e-02
6.793426722288131714e-02 1.054511666297912598e-01 3.083362802863121033e-02 5.835317820310592651e-02 4.081731289625167847e-02 7.013050466775894165e-02 7.162350416183471680e-02 1.206423528492450714e-02 2.663047425448894501e-02 3.938382491469383240e-02 9.857001155614852905e-02 3.823974356055259705e-02 4.789325594902038574e-01 2.682565711438655853e-02 1.318026683293282986e-03 2.437816187739372253e-02 3.451536223292350769e-02 6.847934331744909286e-03 5.201933905482292175e-02 8.409472182393074036e-03 3.340827673673629761e-02 4.100704565644264221e-02 4.391605500131845474e-03 4.102891683578491211e-02 1.536225434392690659e-03 1.666295714676380157e-02 2.698049321770668030e-02 4.705297946929931641e-02 5.091190338134765625e-02 4.983262624591588974e-03 4.105822741985321045e-02 1.239543780684471130e-02 3.035072796046733856e-02 1.034626364707946777e-02 3.905104938894510269e-03 3.652211651206016541e-02 2.575868368148803711e-02 3.460037335753440857e-02 1.621974632143974304e-02 3.732565790414810181e-02 1.746962964534759521e-02 2.630621893331408501e-03 1.686019822955131531e-02 3.976377658545970917e-03 1.237094216048717499e-02 2.744949422776699066e-02 4.559618234634399414e-02 1.578566804528236389e-02 2.164786681532859802e-02 2.055155113339424133e-02 2.932699769735336304e-02 1.170912757515907288e-02 4.877155646681785583e-02 5.387568846344947815e-02 4.046408832073211670e-02 1.232948713004589081e-02 5.414266511797904968e-02 4.886952415108680725e-02 7.578903343528509140e-03 4.224325343966484070e-02 2.371841482818126678e-02 2.248581498861312866e-02 2.497391216456890106e-02 4.819963872432708740e-02 3.458599001169204712e-02 7.346893101930618286e-02 3.842744510620832443e-03 2.044723555445671082e-02 2.173158572986721992e-03 4.673701897263526917e-02 6.097589153796434402e-03 4.770489782094955444e-02 4.182210564613342285e-02 3.982941806316375732e-02 1.785329170525074005e-02 5.309164151549339294e-02 3.637031465768814087e-02 2.395738847553730011e-02 2.561208046972751617e-02 8.203445933759212494e-03 7.363459561020135880e-03 1.459349226206541061e-02 1.033868361264467239e-02 1.725468970835208893e-02 3.450055420398712158e-02 3.796868771314620972e-02 4.394262656569480896e-02 1.483521331101655960e-02 6.349332164973020554e-03 3.522562980651855469e-02 2.934386953711509705e-02 4.300333186984062195e-02 1.054544840008020401e-02 5.158995091915130615e-02 9.352265857160091400e-03 1.495251990854740143e-02 1.041423529386520386e-02 4.099650681018829346e-02 3.293452784419059753e-02 1.419009361416101456e-02 1.417079847306013107e-02 2.392896264791488647e-02 4.431165009737014771e-02 1.212330255657434464e-02 1.357191242277622223e-02 5.390123650431632996e-02 2.390752360224723816e-02 1.443828921765089035e-02 4.390956461429595947e-02 1.099946256726980209e-02 2.955350652337074280e-02 4.547714069485664368e-02 2.961792051792144775e-02 3.382119908928871155e-02 1.137463562190532684e-02 2.396443858742713928e-02
