5.194571018218994141e-01 1.103063672780990601e-01 4.737213999032974243e-02 6.167081184685230255e-03 3.818652778863906860e-02 1.073372438549995422e-01 6.262398511171340942e-02 1.311476994305849075e-02 1.986246742308139801e-02 3.483740985393524170e-02 1.087702065706253052e-01 3.203237056732177734e-02 6.385390460491180420e-02 4.199993237853050232e-02 6.365493405610322952e-03 2.685622684657573700e-02 5.712671554647386074e-04 3.165186569094657898e-02 2.245322056114673615e-02 4.771481081843376160e-02 4.594521969556808472e-02 7.079046219587326050e-02 2.143961936235427856e-02 2.004857524298131466e-04 8.335646241903305054e-03 1.125364471226930618e-02 4.167027398943901062e-02 1.365437451750040054e-02 2.719886600971221924e-02 3.555089607834815979e-02 6.829654332250356674e-03 2.463634358718991280e-03 2.078733593225479126e-02 2.218451723456382751e-02 4.622930660843849182e-03 5.060188844799995422e-02 5.054536089301109314e-02 3.156289085745811462e-02 2.336493879556655884e-02 2.355591394007205963e-02 2.713920921087265015e-02 2.949933521449565887e-02 4.962650313973426819e-02 8.468619734048843384e-02 2.083560079336166382e-02 1.125026587396860123e-02 6.729834526777267456e-02 3.058268502354621887e-02 1.723844185471534729e-02 1.035375799983739853e-02 1.495742239058017731e-02 4.962808452546596527e-03 3.483891487121582031e-02 7.994826883077621460e-03 5.126982927322387695e-02 1.165859494358301163e-02 6.113705039024353027e-02 1.012128964066505432e-02 1.109702792018651962e-02 2.861716784536838531e-02 9.391240309923887253e-04 3.397859260439872742e-02 1.884521730244159698e-02 2.544433064758777618e-02 2.562068589031696320e-02 2.659955061972141266e-02 3.719830513000488281e-02 3.504667431116104126e-02 4.184550791978836060e-02 4.242458939552307129e-02 4.820249229669570923e-02 2.546012215316295624e-02 4.209472239017486572e-02 4.181625321507453918e-02 3.740997985005378723e-02 6.304314732551574707e-02 1.066083274781703949e-02 1.830256730318069458e-02 3.689702227711677551e-02 4.620828479528427124e-02 1.546154264360666275e-03 3.175000473856925964e-02 3.662885166704654694e-03 8.469905704259872437e-03 3.270817548036575317e-02 2.390649542212486267e-02 1.753797382116317749e-02 1.090026344172656536e-03 3.023270331323146820e-02 1.602453738451004028e-02 3.260705247521400452e-02 2.760167792439460754e-02 2.720590680837631226e-02 3.595699369907379150e-02 4.297177493572235107e-02 1.497736759483814240e-02 5.605798214673995972e-02 5.021417047828435898e-03 2.341055497527122498e-02 5.923433229327201843e-03 1.120370626449584961e-02 3.766295686364173889e-02 7.602186524309217930e-04 2.168935351073741913e-02 2.516919979825615883e-03 1.757202856242656708e-02 3.682853654026985168e-02 4.181035235524177551e-02 1.746243913657963276e-03 3.551425412297248840e-02 3.278001397848129272e-02 6.220926530659198761e-03 3.028777241706848145e-02 1.539697591215372086e-02 1.779109798371791840e-02 1.815249957144260406e-02
1.103063672780990601e-01 5.133309364318847656e-01 1.256464794278144836e-02 2.123670279979705811e-02 1.422406919300556183e-02 8.928579837083816528e-02 7.751417905092239380e-02 1.138769788667559624e-03 1.493551209568977356e-02 1.947904750704765320e-02 8.377950638532638550e-02 4.241381958127021790e-02 8.235868066549301147e-02 2.868964523077011108e-02 1.045546669047325850e-04 2.962014824151992798e-02 5.291871726512908936e-03 2.346145734190940857e-02 2.249048650264739990e-02 3.123614564538002014e-02 3.641423955559730530e-02 4.302867501974105835e-02 3.883272036910057068e-02 3.001346997916698456e-02 7.092323619872331619e-03 1.528832316398620605e-02 3.037838730961084366e-03 4.042058438062667847e-02 4.556046426296234131e-02 4.668618738651275635e-02 4.975622147321701050e-02 2.303373254835605621e-02 4.245227202773094177e-02 3.674698993563652039e-02 1.467789057642221451e-02 4.025088250637054443e-02 2.995641343295574188e-02 3.060515411198139191e-02 3.996287006884813309e-03 2.103920467197895050e-02 4.732360318303108215e-02 4.656638950109481812e-02 1.094912551343441010e-02 3.830508887767791748e-02 2.623018436133861542e-02 3.396371379494667053e-02 4.852828010916709900e-02 1.522732805460691452e-02 2.189385518431663513e-02 7.078154943883419037e-03 7.217432372272014618e-03 2.121665887534618378e-02 4.627384245395660400e-02 1.877411641180515289e-02 2.405095659196376801e-02 3.000568412244319916e-02 3.170391172170639038e-02 1.210015080869197845e-02 4.188729822635650635e-02 3.834959492087364197e-02 3.513422980904579163e-02 9.745056158863008022e-04 1.525331172160804272e-03 2.044306881725788116e-02 2.098476141691207886e-02 5.105745047330856323e-03 4.601306468248367310e-02 4.343103617429733276e-02 3.519179299473762512e-02 3.068180009722709656e-02 4.255615919828414917e-02 2.486372739076614380e-02 1.676896773278713226e-02 7.506353780627250671e-03 1.206662971526384354e-02 2.121137920767068863e-03 7.619191892445087433e-03 4.745853319764137268e-02 1.844600029289722443e-02 1.911323890089988708e-02 3.848066553473472595e-03 1.372030377388000488e-02 1.551207341253757477e-02 5.092348437756299973e-03 9.666524827480316162e-03 3.751704469323158264e-02 1.397824753075838089e-02 1.410810276865959167e-02 1.611685194075107574e-02 3.354216367006301880e-02 2.148449793457984924e-02 2.131403796374797821e-02 2.055453695356845856e-02 1.345416810363531113e-02 1.013187598437070847e-02 8.015472441911697388e-03 1.324300095438957214e-02 1.653721928596496582e-02 2.451331540942192078e-02 1.691095996648073196e-03 4.174199327826499939e-02 1.254871767014265060e-02 3.873873874545097351e-02 1.670373976230621338e-02 5.715894047170877457e-03 2.186308987438678741e-02 4.281586408615112305e-02 1.701880432665348053e-02 2.408584207296371460e-02 3.294983506202697754e-02 2.740232646465301514e-02 1.673667109571397305e-03 2.264060266315937042e-02 2.908585406839847565e-02 3.373663872480392456e-02 4.141955822706222534e-02
4.737213999032974243e-02 1.256464794278144836e-02 4.828667938709259033e-01 2.884900942444801331e-02 3.444584086537361145e-02 1.288783177733421326e-02 3.583065420389175415e-02 1.307620257139205933e-01 4.687159787863492966e-03 2.944044210016727448e-02 3.250890225172042847e-02 2.412824891507625580e-02 1.132117304950952530e-02 1.540972292423248291e-02 1.371848676353693008e-02 2.363738790154457092e-02 3.895811969414353371e-03 1.387716364115476608e-02 5.013902555219829082e-04 2.264130115509033203e-02 2.789293602108955383e-02 3.140660002827644348e-03 3.240683674812316895e-02 2.332109026610851288e-02 4.151185601949691772e-02 2.562210150063037872e-02 4.172540456056594849e-02 5.154838319867849350e-03 3.013626858592033386e-02 4.929304495453834534e-02 6.516826897859573364e-02 3.543734923005104065e-02 4.253912717103958130e-02 3.705664351582527161e-02 4.210735671222209930e-03 1.711358875036239624e-02 3.214761614799499512e-02 1.063633151352405548e-02 1.233774516731500626e-02 3.789470717310905457e-02 2.983472310006618500e-02 1.146852597594261169e-02 2.043938450515270233e-02 3.451542183756828308e-02 3.154154121875762939e-02 3.736932203173637390e-02 4.248045757412910461e-02 2.956237085163593292e-02 2.894743159413337708e-02 8.206880651414394379e-03 1.017209840938448906e-03 3.975233063101768494e-02 2.843768335878849030e-03 4.954368341714143753e-03 2.289643138647079468e-02 2.443611063063144684e-02 1.871750876307487488e-02 1.584231667220592499e-02 1.317177433520555496e-02 7.115738466382026672e-03 5.038161203265190125e-02 1.963439583778381348e-02 3.959363326430320740e-02 2.443730458617210388e-02 7.837276905775070190e-03 4.190613515675067902e-03 2.572744712233543396e-02 4.061886668205261230e-02 3.092564456164836884e-02 4.514646530151367188e-02 1.245696377009153366e-02 1.049642451107501984e-02 1.539426390081644058e-02 3.866294398903846741e-02 2.292038500308990479e-02 1.319704856723546982e-02 2.236745320260524750e-02 3.989307209849357605e-02 5.055493209511041641e-03 4.119888320565223694e-02 1.303114145994186401e-01 5.764689669013023376e-02 1.124531682580709457e-02 1.915836520493030548e-02 1.804034691303968430e-03 3.741060197353363037e-02 2.389162220060825348e-02 3.414998576045036316e-02 3.166209906339645386e-02 2.843244746327400208e-02 1.657644170336425304e-03 3.189541026949882507e-02 1.553619513288140297e-03 5.539470352232456207e-03 1.178714539855718613e-02 5.144694447517395020e-02 1.373750623315572739e-02 2.057268097996711731e-02 9.410358965396881104e-03 2.706617861986160278e-02 1.064234878867864609e-02 2.746878378093242645e-02 1.177685428410768509e-02 6.238394416868686676e-03 2.838756144046783447e-02 2.597150765359401703e-02 1.403450593352317810e-02 2.244848012924194336e-02 1.745709031820297241e-02 9.620184078812599182e-03 6.979500409215688705e-03 3.840213268995285034e-02 3.895604284480214119e-03 5.386142805218696594e-02 1.577580533921718597e-02 8.185571990907192230e-03
6.167081184685230255e-03 2.123670279979705811e-02 2.884900942444801331e-02 5.075180530548095703e-01 1.403086781501770020e-01 1.362932659685611725e-02 1.706611551344394684e-02 4.274464398622512817e-02 5.357733927667140961e-03 3.052140586078166962e-02 5.742393899708986282e-03 4.405468329787254333e-02 7.567390333861112595e-03 3.574455156922340393e-02 2.540750801563262939e-02 3.155009588226675987e-03 4.856257140636444092e-02 6.923728622496128082e-03 4.356089513748884201e-03 2.861740067601203918e-02 1.070861890912055969e-02 4.409230500459671021e-02 2.531292475759983063e-02 4.010338336229324341e-02 5.559134483337402344e-02 1.539777591824531555e-02 4.838019609451293945e-02 3.871702402830123901e-02 1.673507317900657654e-02 2.016836777329444885e-02 9.081541560590267181e-03 4.041651729494333267e-03 4.430516064167022705e-02 2.008987218141555786e-02 4.217713605612516403e-03 2.407521568238735199e-02 2.626427263021469116e-02 1.630848273634910583e-02 5.557947978377342224e-02 1.725946925580501556e-02 7.689819671213626862e-03 3.102200478315353394e-02 6.667963229119777679e-03 4.552721977233886719e-02 2.373321354389190674e-02 2.706824801862239838e-02 1.460819877684116364e-02 5.048191174864768982e-03 4.416450858116149902e-02 2.635986544191837311e-03 2.415000647306442261e-02 4.691490530967712402e-02 4.640579223632812500e-02 1.142124459147453308e-02 4.679066129028797150e-03 4.332194849848747253e-02 1.329772057943046093e-03 2.416066825389862061e-02 1.843633502721786499e-02 2.947576344013214111e-02 3.835698217153549194e-02 2.972850576043128967e-02 1.618961617350578308e-02 2.576868282631039619e-03 4.334268742240965366e-04 1.628990098834037781e-02 2.449650876224040985e-02 8.714048191905021667e-03 4.593095555901527405e-02 3.219971433281898499e-02 3.087851032614707947e-02 3.294861316680908203e-02 1.505808085203170776e-01 1.869634352624416351e-02 1.177556663751602173e-01 5.565497092902660370e-03 3.226419538259506226e-02 1.382857095450162888e-02 2.098663896322250366e-02 6.916923820972442627e-02 3.799759596586227417e-02 2.014625445008277893e-02 1.390933338552713394e-02 3.793698549270629883e-02 3.598958998918533325e-02 8.641264401376247406e-03 2.111386507749557495e-03 3.667034581303596497e-02 1.322182174772024155e-02 3.548422083258628845e-02 1.245260983705520630e-02 8.434486575424671173e-03 3.426918759942054749e-02 1.883179135620594025e-02 6.837408989667892456e-02 5.047951638698577881e-02 2.551859058439731598e-02 3.875659033656120300e-02 2.316192723810672760e-02 3.663289546966552734e-02 5.244185216724872589e-03 7.851359434425830841e-03 9.945292258635163307e-04 4.818019643425941467e-02 2.052954211831092834e-02 1.025789137929677963e-02 1.568909548223018646e-02 1.032248791307210922e-02 1.433649845421314240e-02 2.826330251991748810e-03 8.866310119628906250e-03 1.323525677435100079e-03 2.797533944249153137e-02 4.878818243741989136e-02 4.244513809680938721e-02 4.610693082213401794e-02
3.818652778863906860e-02 1.422406919300556183e-02 3.444584086537361145e-02 1.403086781501770020e-01 5.162076354026794434e-01 1.651761308312416077e-02 4.789133742451667786e-02 1.944730803370475769e-02 2.096891961991786957e-02 1.057584863156080246e-02 3.878844901919364929e-02 3.626327216625213623e-02 2.775486186146736145e-02 2.797057293355464935e-02 2.978060767054557800e-02 3.377648070454597473e-02 2.039215713739395142e-02 9.339398704469203949e-03 3.392964228987693787e-02 1.112531591206789017e-02 2.677913941442966461e-02 5.374022573232650757e-02 2.970532700419425964e-02 4.314115270972251892e-02 9.417895227670669556e-03 4.633163660764694214e-02 1.829662360250949860e-02 7.128130644559860229e-03 9.945646859705448151e-03 1.506839133799076080e-02 4.773931577801704407e-03 3.509644418954849243e-02 4.730889573693275452e-02 5.129301548004150391e-02 4.150356352329254150e-02 5.292542744427919388e-03 2.265395224094390869e-02 1.109810825437307358e-02 5.891238898038864136e-02 4.853782057762145996e-02 9.054330177605152130e-03 4.419303312897682190e-02 1.110622193664312363e-02 4.095283895730972290e-02 4.486112296581268311e-02 1.083826366811990738e-02 2.484596148133277893e-02 2.023501694202423096e-02 1.443170756101608276e-02 2.356601879000663757e-02 3.662364184856414795e-02 2.343471162021160126e-02 3.130289912223815918e-02 1.200070977210998535e-02 5.176618322730064392e-02 3.460938483476638794e-02 1.546566840261220932e-02 3.561193495988845825e-02 1.823251880705356598e-02 2.307292772457003593e-03 3.319524228572845459e-02 1.752769015729427338e-02 7.317118812352418900e-03 6.759669631719589233e-02 4.079525358974933624e-03 8.174780756235122681e-03 2.667707577347755432e-02 3.654827922582626343e-02 2.477665990591049194e-02 1.241821609437465668e-02 1.731756143271923065e-02 4.119260236620903015e-02 1.192717552185058594e-01 4.992004949599504471e-03 1.277348846197128296e-01 3.605008497834205627e-02 2.534181252121925354e-02 5.170670524239540100e-02 4.347509518265724182e-02 1.248482987284660339e-02 1.992375589907169342e-02 5.798480659723281860e-02 5.598558485507965088e-02 3.643567115068435669e-02 5.318586528301239014e-02 1.530974055640399456e-03 3.247386775910854340e-03 3.351635113358497620e-02 2.208065614104270935e-02 4.141744226217269897e-02 1.422051433473825455e-02 3.749955818057060242e-02 2.249128744006156921e-02 3.918197378516197205e-02 5.813992768526077271e-02 5.672800540924072266e-02 5.695811286568641663e-02 1.842541061341762543e-02 2.911013923585414886e-02 2.681687846779823303e-02 4.454968962818384171e-03 2.623821236193180084e-02 3.714277222752571106e-02 1.380477007478475571e-02 1.468437258154153824e-04 1.112340250983834267e-03 8.659179322421550751e-03 2.100850827991962433e-02 2.787511609494686127e-02 7.492244243621826172e-02 8.288204669952392578e-02 4.118075221776962280e-02 4.816199466586112976e-02 3.685427084565162659e-02 3.976414352655410767e-02 2.960194600746035576e-03
1.073372438549995422e-01 8.928579837083816528e-02 1.288783177733421326e-02 1.362932659685611725e-02 1.651761308312416077e-02 5.121623277664184570e-01 1.234384253621101379e-01 1.191951520740985870e-02 4.984103888273239136e-02 2.416455745697021484e-02 6.723297387361526489e-02 2.035695128142833710e-02 6.708538532257080078e-02 4.067551344633102417e-02 2.822103351354598999e-02 9.803928434848785400e-03 3.268139064311981201e-02 1.432818011380732059e-03 3.735570609569549561e-02 3.328366205096244812e-02 4.150468856096267700e-02 1.430534664541482925e-02 2.090050652623176575e-02 1.163931749761104584e-02 2.069832384586334229e-02 1.491698529571294785e-02 1.900430954992771149e-02 8.937622420489788055e-03 2.191996946930885315e-02 1.888953335583209991e-02 4.011678695678710938e-02 3.872307483106851578e-03 4.183270409703254700e-02 6.915186531841754913e-03 3.272775933146476746e-02 1.216440089046955109e-02 2.846988849341869354e-02 5.437079817056655884e-02 4.106153175234794617e-02 1.202670950442552567e-02 8.056301623582839966e-03 2.067107520997524261e-02 3.962279111146926880e-02 8.525220304727554321e-02 3.148631379008293152e-02 7.972118444740772247e-03 1.199645102024078369e-01 2.972308546304702759e-02 1.355261448770761490e-02 5.331874359399080276e-03 3.860244899988174438e-02 3.495711460709571838e-02 1.833907701075077057e-02 4.323258623480796814e-02 4.287619516253471375e-02 2.033023536205291748e-02 3.915323689579963684e-02 2.506353892385959625e-02 2.203038195148110390e-03 4.926713183522224426e-03 4.552475735545158386e-02 7.620296441018581390e-03 1.892867125570774078e-02 7.703546434640884399e-03 1.965796202421188354e-02 1.563771860674023628e-03 4.769372567534446716e-02 4.052374511957168579e-02 1.630795560777187347e-02 3.611782193183898926e-02 1.354241743683815002e-02 1.347442530095577240e-02 3.746425732970237732e-02 1.550304237753152847e-02 2.894131839275360107e-02 3.913721069693565369e-02 3.288224339485168457e-02 2.785079739987850189e-02 1.298097800463438034e-02 6.441925652325153351e-03 8.517581038177013397e-03 4.837063699960708618e-02 4.143798351287841797e-02 2.297567203640937805e-02 1.586807332932949066e-02 5.063432455062866211e-02 3.948759753257036209e-03 1.552052237093448639e-02 2.724740840494632721e-02 8.979252539575099945e-03 1.862951368093490601e-02 3.093544393777847290e-02 2.551553770899772644e-02 2.187584061175584793e-03 1.402912847697734833e-02 9.537257719784975052e-04 3.582116588950157166e-02 5.444845301099121571e-04 1.718122698366641998e-02 4.555954784154891968e-02 2.375321835279464722e-02 5.432959273457527161e-02 1.849241741001605988e-02 2.918409183621406555e-02 3.301858901977539062e-02 1.733584329485893250e-02 3.372616693377494812e-02 5.806485190987586975e-02 1.711026765406131744e-02 2.827361971139907837e-02 7.531888550147414207e-04 1.407720847055315971e-04 3.930471092462539673e-02 7.577271666377782822e-03 1.886780722998082638e-03 4.453421384096145630e-02
6.262398511171340942e-02 7.751417905092239380e-02 3.583065420389175415e-02 1.706611551344394684e-02 4.789133742451667786e-02 1.234384253621101379e-01 5.180553793907165527e-01 2.014760859310626984e-02 3.394061326980590820e-02 2.331870794296264648e-02 6.381687521934509277e-02 5.266921967267990112e-02 5.765529721975326538e-02 7.692534476518630981e-02 7.457640953361988068e-03 1.445381902158260345e-02 2.320713736116886139e-02 2.358124963939189911e-02 4.600348323583602905e-02 3.919102996587753296e-02 2.011343650519847870e-02 2.434918656945228577e-02 3.194509819149971008e-02 2.619755826890468597e-02 1.837130822241306305e-02 2.377440966665744781e-02 5.289659649133682251e-02 2.065313048660755157e-02 1.391145493835210800e-02 1.412259787321090698e-02 2.589704655110836029e-02 1.787763205356895924e-03 2.797587774693965912e-02 2.466346882283687592e-02 1.312032062560319901e-02 4.981538653373718262e-02 2.383519895374774933e-02 4.301832243800163269e-02 5.287022143602371216e-02 7.933710701763629913e-03 1.194100175052881241e-02 7.832684554159641266e-03 1.413924340158700943e-02 8.380973339080810547e-02 2.878572791814804077e-02 1.879365555942058563e-02 1.083879023790359497e-01 1.027993112802505493e-01 9.623309015296399593e-04 8.187829516828060150e-03 1.753791049122810364e-02 3.718300489708781242e-03 1.285312604159116745e-02 1.654428802430629730e-02 3.613444790244102478e-02 3.016206435859203339e-02 4.622987285256385803e-02 3.001074865460395813e-02 2.458297647535800934e-02 7.683764677494764328e-03 9.608863852918148041e-03 4.328799434006214142e-03 1.142693962901830673e-02 4.251923412084579468e-02 2.182099036872386932e-02 1.407504361122846603e-02 1.801089011132717133e-02 3.124716132879257202e-02 8.427055552601814270e-03 3.611718490719795227e-02 3.018700750544667244e-03 1.454330235719680786e-02 1.602907106280326843e-02 1.740639656782150269e-02 4.360165074467658997e-02 1.904264651238918304e-02 2.035179175436496735e-02 3.854795545339584351e-02 3.520240308716893196e-03 1.829112693667411804e-02 8.960795239545404911e-04 5.384288355708122253e-02 3.083841130137443542e-02 4.295793920755386353e-02 2.209668792784214020e-02 3.428795374929904938e-03 8.031650795601308346e-04 8.455104194581508636e-03 1.816743984818458557e-02 7.040329510346055031e-04 6.501954793930053711e-02 5.436268821358680725e-02 2.953141741454601288e-02 4.252406954765319824e-02 3.054691478610038757e-02 2.917067892849445343e-02 3.976758569478988647e-02 3.455279767513275146e-02 1.281192153692245483e-02 3.590215742588043213e-02 4.834164306521415710e-02 3.330020606517791748e-02 3.349137678742408752e-02 4.393801465630531311e-02 4.046285524964332581e-02 2.236379869282245636e-02 1.216070959344506264e-03 1.575711742043495178e-02 9.876988828182220459e-03 4.096326418220996857e-03 2.108084596693515778e-02 1.727199554443359375e-02 4.364229366183280945e-02 4.662279412150382996e-02 1.148620899766683578e-02 2.913818508386611938e-02
1.311476994305849075e-02 1.138769788667559624e-03 1.307620257139205933e-01 4.274464398622512817e-02 1.944730803370475769e-02 1.191951520740985870e-02 2.014760859310626984e-02 5.033337473869323730e-01 2.130156569182872772e-02 3.761667525395750999e-03 5.872799549251794815e-03 3.893716633319854736e-02 1.747281849384307861e-02 2.896831370890140533e-02 4.823186248540878296e-02 4.343013465404510498e-02 8.800907060503959656e-03 2.587410062551498413e-02 1.095227897167205811e-02 6.150043383240699768e-02 3.017279878258705139e-02 2.793765254318714142e-02 5.125889182090759277e-02 3.589037060737609863e-02 4.495015367865562439e-02 3.239860385656356812e-02 7.346800994127988815e-03 3.763161599636077881e-02 8.257728070020675659e-03 1.298455242067575455e-02 5.337368696928024292e-02 7.975133135914802551e-03 1.057308819144964218e-02 1.404318958520889282e-03 1.927916705608367920e-02 9.805128909647464752e-03 3.091256320476531982e-02 2.705268852878361940e-04 4.899606481194496155e-02 5.196189135313034058e-02 2.543815039098262787e-02 2.672622911632061005e-02 3.177020698785781860e-02 5.013665184378623962e-02 3.343441337347030640e-02 2.354834787547588348e-02 1.533707510679960251e-02 1.277598086744546890e-02 4.205786064267158508e-02 4.753192141652107239e-02 1.721337065100669861e-02 9.472758509218692780e-03 1.257683988660573959e-02 1.269125659018754959e-02 4.675920680165290833e-02 3.711110353469848633e-02 2.638764865696430206e-02 1.157467812299728394e-02 2.974547259509563446e-02 2.564694732427597046e-02 3.874170035123825073e-02 1.126828882843255997e-02 2.791863866150379181e-02 3.959298133850097656e-02 4.102161619812250137e-03 2.514624595642089844e-02 5.888713523745536804e-02 8.499315939843654633e-03 9.244145825505256653e-03 3.976403549313545227e-02 3.404040588065981865e-03 2.802233025431632996e-02 1.581355184316635132e-02 1.407580077648162842e-02 2.732798922806978226e-03 2.721516042947769165e-02 4.737985436804592609e-04 2.122312411665916443e-02 4.421818628907203674e-02 2.344457898288965225e-03 1.103031635284423828e-01 7.375267893075942993e-02 2.331829629838466644e-02 2.647837251424789429e-02 5.273365601897239685e-02 7.191029936075210571e-02 6.189841032028198242e-02 3.369673341512680054e-02 4.229867458343505859e-02 2.539992518723011017e-02 1.046636048704385757e-02 3.659184277057647705e-02 1.155306957662105560e-02 2.008969895541667938e-02 5.013984628021717072e-03 2.950190007686614990e-02 1.973735168576240540e-02 9.097402798943221569e-04 3.093419782817363739e-02 3.500326722860336304e-02 2.589485235512256622e-02 1.283612102270126343e-03 2.560115233063697815e-02 3.636952862143516541e-02 5.709117650985717773e-02 4.346468020230531693e-03 1.893644779920578003e-02 1.805126667022705078e-02 2.763254754245281219e-02 2.758689038455486298e-02 4.783703759312629700e-02 2.464540675282478333e-02 4.835467785596847534e-02 7.459715008735656738e-03 2.516539581120014191e-02 6.909568910486996174e-04
1.986246742308139801e-02 1.493551209568977356e-02 4.687159787863492966e-03 5.357733927667140961e-03 2.096891961991786957e-02 4.984103888273239136e-02 3.394061326980590820e-02 2.130156569182872772e-02 5.160869359970092773e-01 3.414965048432350159e-02 7.095689943525940180e-05 5.284354463219642639e-02 1.799174770712852478e-02 2.581641450524330139e-02 8.521129377186298370e-03 3.445218876004219055e-02 1.840470172464847565e-02 7.850234955549240112e-02 3.396621719002723694e-02 3.406994417309761047e-02 4.491088911890983582e-02 7.693427149206399918e-03 5.701069533824920654e-02 3.989375755190849304e-02 4.245622083544731140e-02 1.687090843915939331e-02 4.177670180797576904e-02 2.443370409309864044e-02 3.202901035547256470e-02 1.570059731602668762e-02 1.565253734588623047e-02 1.305372919887304306e-02 3.946674242615699768e-02 7.091338280588388443e-03 3.589424863457679749e-02 5.148869752883911133e-02 2.127928845584392548e-02 8.028908632695674896e-03 1.408354751765727997e-02 1.784762740135192871e-02 1.798935048282146454e-02 4.458160325884819031e-02 4.374137148261070251e-02 4.117564857006072998e-02 1.615703850984573364e-02 1.448552310466766357e-02 1.359966117888689041e-02 2.175268344581127167e-02 5.545399338006973267e-02 2.527812682092189789e-02 1.529191341251134872e-02 8.472994901239871979e-03 1.440942659974098206e-02 2.259852178394794464e-02 5.723072960972785950e-02 3.152845054864883423e-02 1.792916841804981232e-02 3.314321115612983704e-02 1.864267513155937195e-02 2.327325753867626190e-02 1.255175098776817322e-03 3.494814503937959671e-03 1.065928139723837376e-03 3.152641281485557556e-02 4.360733181238174438e-02 1.950973272323608398e-02 5.307852849364280701e-02 2.894173562526702881e-02 4.893896728754043579e-02 7.847269065678119659e-03 5.243067629635334015e-03 5.697299726307392120e-03 2.169775217771530151e-02 5.127134919166564941e-02 8.427873253822326660e-03 5.198734626173973083e-02 9.196455776691436768e-02 1.937002874910831451e-02 1.372239086776971817e-02 5.988512653857469559e-03 1.119590480811893940e-03 4.466409981250762939e-02 2.519762888550758362e-02 3.439448773860931396e-02 2.154871635138988495e-02 3.661662340164184570e-02 3.791597904637455940e-03 1.377930399030447006e-03 4.752612113952636719e-02 1.243342086672782898e-02 2.611400559544563293e-02 1.900144969113171101e-03 4.480724781751632690e-02 2.161723934113979340e-02 1.634994149208068848e-02 1.783245056867599487e-02 9.402579627931118011e-03 2.597020938992500305e-02 1.204343978315591812e-02 5.984968040138483047e-03 3.527690842747688293e-02 5.869230628013610840e-02 1.247037388384342194e-02 2.423628978431224823e-02 4.488432407379150391e-02 2.861139923334121704e-02 2.041448093950748444e-02 4.320096597075462341e-02 4.093429818749427795e-02 4.609908536076545715e-02 2.393277361989021301e-02 1.052964199334383011e-02 3.470810875296592712e-02 2.449328266084194183e-02 3.529683127999305725e-02 2.401984296739101410e-02
3.483740985393524170e-02 1.947904750704765320e-02 2.944044210016727448e-02 3.052140586078166962e-02 1.057584863156080246e-02 2.416455745697021484e-02 2.331870794296264648e-02 3.761667525395750999e-03 3.414965048432350159e-02 5.190073847770690918e-01 5.551691632717847824e-03 3.340011462569236755e-02 3.661563619971275330e-02 9.316234849393367767e-03 3.497465327382087708e-02 1.281315111555159092e-03 2.165694721043109894e-02 7.247369736433029175e-03 9.513276070356369019e-02 3.975030034780502319e-02 4.574221745133399963e-02 1.305975206196308136e-02 2.132511697709560394e-02 3.530064225196838379e-02 5.366749688982963562e-02 5.020248144865036011e-02 1.390047278255224228e-02 5.822382122278213501e-02 6.724525243043899536e-03 5.466599948704242706e-03 3.397757932543754578e-02 2.624280564486980438e-02 3.829649835824966431e-02 4.469142854213714600e-02 5.110976472496986389e-02 2.282439544796943665e-02 4.892877861857414246e-02 1.331376098096370697e-02 2.078341692686080933e-02 5.607149749994277954e-02 1.401802711188793182e-02 3.652922809123992920e-02 7.379981689155101776e-03 6.670494098216295242e-03 1.979602314531803131e-02 3.039707988500595093e-02 4.838833212852478027e-02 3.759137168526649475e-02 2.534296736121177673e-02 9.353483468294143677e-02 5.501170456409454346e-02 5.464550107717514038e-02 4.707665182650089264e-03 4.146419093012809753e-02 2.101777121424674988e-02 7.672713696956634521e-02 8.056814782321453094e-03 2.020096033811569214e-02 2.904331870377063751e-02 4.315804690122604370e-02 4.696623072959482670e-04 7.658042013645172119e-02 6.535316817462444305e-03 1.041412912309169769e-02 2.386817522346973419e-02 1.241094060242176056e-02 5.563426017761230469e-02 3.685737773776054382e-02 1.399866119027137756e-02 2.790358290076255798e-02 3.761869296431541443e-02 4.692757129669189453e-02 2.218023873865604401e-02 3.012959845364093781e-03 1.463963836431503296e-02 2.085347473621368408e-02 3.447125107049942017e-02 9.111977368593215942e-02 2.601980045437812805e-02 1.180973649024963379e-01 3.764251945540308952e-03 1.773773320019245148e-02 2.144809253513813019e-02 6.634244322776794434e-02 3.188411472365260124e-03 5.227272212505340576e-02 2.054491266608238220e-02 1.285326899960637093e-03 2.440566942095756531e-02 2.929643355309963226e-02 2.124550752341747284e-02 5.592760071158409119e-02 1.965140923857688904e-02 1.015746034681797028e-02 4.049985855817794800e-02 2.884362451732158661e-02 4.181688651442527771e-02 9.002477745525538921e-04 2.391489967703819275e-02 4.258416593074798584e-02 5.309806391596794128e-02 4.059797897934913635e-02 1.675100997090339661e-02 8.123370818793773651e-03 3.305708989500999451e-02 4.988791048526763916e-02 2.595783397555351257e-02 3.941749408841133118e-02 2.564851939678192139e-02 5.559250712394714355e-02 1.592023298144340515e-02 3.562057763338088989e-02 4.047719761729240417e-02 2.902695909142494202e-02 5.185164883732795715e-02 3.244816511869430542e-02
1.087702065706253052e-01 8.377950638532638550e-02 3.250890225172042847e-02 5.742393899708986282e-03 3.878844901919364929e-02 6.723297387361526489e-02 6.381687521934509277e-02 5.872799549251794815e-03 7.095689943525940180e-05 5.551691632717847824e-03 5.193415880203247070e-01 2.858600020408630371e-02 5.922937393188476562e-02 1.336852461099624634e-02 2.944992156699299812e-03 8.986334316432476044e-03 3.121892223134636879e-03 4.200939089059829712e-02 3.522526472806930542e-02 1.725995168089866638e-02 3.513831272721290588e-02 3.402126207947731018e-02 4.737621173262596130e-03 6.971279159188270569e-03 3.481915593147277832e-02 9.538793936371803284e-03 1.169884297996759415e-02 2.880816534161567688e-02 5.078624188899993896e-02 3.804815933108329773e-02 3.788688406348228455e-02 6.573937716893851757e-04 4.216824099421501160e-02 5.642064381390810013e-03 2.042968571186065674e-02 6.161626894026994705e-03 2.092478983104228973e-02 1.042543258517980576e-02 3.221971541643142700e-02 8.920646272599697113e-03 1.951782032847404480e-02 1.755077578127384186e-02 2.521063387393951416e-02 2.805292233824729919e-02 5.100453738123178482e-03 6.200186908245086670e-04 3.783714398741722107e-02 1.280134264379739761e-02 1.207176875323057175e-02 2.743686176836490631e-02 6.094870716333389282e-02 4.197722300887107849e-02 3.521038964390754700e-02 2.822102606296539307e-02 9.395171888172626495e-03 1.283653359860181808e-02 7.968241721391677856e-02 3.646890819072723389e-02 3.370528668165206909e-02 4.079584777355194092e-02 5.609482899308204651e-02 1.362910773605108261e-02 8.557812310755252838e-03 1.884109154343605042e-02 3.592854365706443787e-02 8.980966173112392426e-03 2.982013672590255737e-02 3.228947147727012634e-02 1.246667653322219849e-02 2.455998770892620087e-02 9.871557354927062988e-03 4.638667404651641846e-02 3.085732087492942810e-02 3.249436989426612854e-02 4.963252693414688110e-03 9.439839050173759460e-03 1.220298279076814651e-02 2.488019689917564392e-02 3.686084225773811340e-02 1.441819220781326294e-02 2.103653969243168831e-03 4.945797473192214966e-02 7.075587753206491470e-03 4.676096513867378235e-02 3.349758312106132507e-02 4.491676110774278641e-03 1.910216547548770905e-02 9.583134669810533524e-04 5.946856364607810974e-02 1.197579596191644669e-02 6.421970203518867493e-03 2.863774076104164124e-02 3.369882330298423767e-02 1.664798939600586891e-03 2.508734911680221558e-02 1.526350714266300201e-02 3.104618936777114868e-02 9.227484464645385742e-03 3.709671646356582642e-02 2.172114793211221695e-03 4.298909381031990051e-02 5.411402508616447449e-02 3.040333976969122887e-03 1.010308042168617249e-02 8.848484605550765991e-03 2.588549256324768066e-02 5.734744295477867126e-02 2.395956031978130341e-02 3.643581643700599670e-02 2.720729820430278778e-02 1.138829719275236130e-02 2.281527779996395111e-02 5.732995457947254181e-03 1.455374993383884430e-03 2.874579047784209251e-03 4.830267652869224548e-02
3.203237056732177734e-02 4.241381958127021790e-02 2.412824891507625580e-02 4.405468329787254333e-02 3.626327216625213623e-02 2.035695128142833710e-02 5.266921967267990112e-02 3.893716633319854736e-02 5.284354463219642639e-02 3.340011462569236755e-02 2.858600020408630371e-02 5.029463768005371094e-01 1.897409372031688690e-02 1.579841226339340210e-01 1.085394062101840973e-02 1.697333646006882191e-03 1.664698123931884766e-02 3.267465531826019287e-02 3.150772827211767435e-04 4.083063453435897827e-02 6.385153532028198242e-02 3.721418976783752441e-02 2.058308012783527374e-02 1.712978258728981018e-02 2.583820372819900513e-02 2.091696485877037048e-02 4.040561616420745850e-03 2.936474233865737915e-02 1.762244850397109985e-02 6.281061470508575439e-02 4.517920315265655518e-02 4.543831199407577515e-02 2.252935618162155151e-02 4.445849359035491943e-02 2.623972296714782715e-02 1.130722556263208389e-02 7.261991966515779495e-03 2.748506888747215271e-02 1.584101002663373947e-03 1.655738241970539093e-02 3.567360714077949524e-02 6.734459195286035538e-03 3.790383413434028625e-02 3.281390294432640076e-02 4.318355023860931396e-02 4.699029773473739624e-02 2.933687902987003326e-02 9.795520454645156860e-03 5.018492043018341064e-02 5.685070995241403580e-03 7.730655372142791748e-02 5.985883995890617371e-02 1.832863688468933105e-02 2.571111731231212616e-02 5.270695313811302185e-02 1.303552743047475815e-02 3.039602190256118774e-03 4.796416312456130981e-02 1.058976631611585617e-02 1.807131618261337280e-02 3.088593482971191406e-02 3.000075742602348328e-02 2.621069736778736115e-02 4.846768081188201904e-02 4.998866003006696701e-03 1.556987781077623367e-02 3.885480388998985291e-02 3.284164518117904663e-02 2.608095062896609306e-03 3.690515458583831787e-02 1.498665567487478256e-02 2.473643748089671135e-03 1.933695003390312195e-02 4.926006309688091278e-03 2.744979411363601685e-02 1.652763225138187408e-02 1.261613611131906509e-02 5.681695416569709778e-02 2.892282791435718536e-03 6.302131712436676025e-02 2.642741985619068146e-02 3.775841370224952698e-02 2.160726115107536316e-02 2.569389529526233673e-02 1.646476425230503082e-02 4.312487691640853882e-02 1.374516263604164124e-02 1.487425062805414200e-02 3.718553856015205383e-02 2.946131490170955658e-02 1.772127673029899597e-02 2.391428221017122269e-03 1.237199082970619202e-02 2.493801526725292206e-02 3.520550578832626343e-02 3.119941242039203644e-02 1.753317750990390778e-02 4.052363336086273193e-02 3.424608334898948669e-02 3.912112489342689514e-02 9.792480850592255592e-04 2.021528221666812897e-02 3.874473972246050835e-03 4.537259787321090698e-02 3.836356848478317261e-02 3.914997912943363190e-03 2.531105093657970428e-02 2.525000832974910736e-03 5.780049040913581848e-02 4.056077077984809875e-02 2.888992987573146820e-02 1.981538720428943634e-02 1.149079389870166779e-02 3.786554932594299316e-02 1.978998817503452301e-02 3.321540355682373047e-02
6.385390460491180420e-02 8.235868066549301147e-02 1.132117304950952530e-02 7.567390333861112595e-03 2.775486186146736145e-02 6.708538532257080078e-02 5.765529721975326538e-02 1.747281849384307861e-02 1.799174770712852478e-02 3.661563619971275330e-02 5.922937393188476562e-02 1.897409372031688690e-02 5.305692553520202637e-01 2.099397592246532440e-02 2.903854846954345703e-02 2.833214029669761658e-02 1.374048367142677307e-02 3.604362905025482178e-02 7.766217924654483795e-03 4.935171455144882202e-02 2.149870991706848145e-02 4.376105219125747681e-02 5.261135473847389221e-02 5.340169370174407959e-02 8.394013275392353535e-04 4.724772181361913681e-03 1.875949837267398834e-02 4.618538916110992432e-02 2.017592824995517731e-02 3.029836341738700867e-02 1.088923495262861252e-02 3.051557391881942749e-02 5.780023708939552307e-02 5.482411384582519531e-02 1.887352764606475830e-02 3.093952313065528870e-02 1.166372466832399368e-02 1.615832187235355377e-02 6.743305362761020660e-03 2.868012525141239166e-02 6.957153789699077606e-03 4.038867354393005371e-02 2.040891163051128387e-02 6.338387727737426758e-02 1.468546874821186066e-02 4.669108428061008453e-03 6.633423268795013428e-02 3.694377839565277100e-02 8.374638855457305908e-03 3.743190690875053406e-02 2.103052847087383270e-02 5.985001567751169205e-03 1.370014529675245285e-02 4.565737675875425339e-03 3.167136386036872864e-02 3.706131875514984131e-02 3.255177289247512817e-04 1.069801487028598785e-02 1.016222219914197922e-02 3.204026818275451660e-02 3.103841654956340790e-02 1.542014721781015396e-02 1.434973161667585373e-02 3.215963020920753479e-02 2.730580419301986694e-02 4.207442328333854675e-02 1.560793723911046982e-02 9.102333337068557739e-03 3.353125229477882385e-02 1.656769658438861370e-03 1.960338652133941650e-02 4.124940186738967896e-02 3.545740619301795959e-02 4.235587641596794128e-02 9.057587943971157074e-03 4.364414140582084656e-03 2.282039495185017586e-04 5.735045671463012695e-02 3.416147083044052124e-02 4.727312989416532218e-05 3.450933098793029785e-02 3.282082453370094299e-02 1.840224489569664001e-02 2.232071012258529663e-02 1.580508687766268849e-04 2.575977891683578491e-02 4.106806963682174683e-02 1.383948978036642075e-02 3.272186592221260071e-02 3.966770693659782410e-02 1.179785374552011490e-02 4.664235934615135193e-02 7.207222748547792435e-03 4.717470705509185791e-02 2.549140527844429016e-02 4.147846251726150513e-02 2.560480684041976929e-02 6.440338212996721268e-03 2.657934278249740601e-02 2.353704907000064850e-02 1.352043449878692627e-02 1.568952389061450958e-02 2.784053422510623932e-02 2.254205755889415741e-02 3.481202293187379837e-03 2.213180996477603912e-02 2.692381292581558228e-02 1.822396926581859589e-02 2.123777754604816437e-02 1.637080870568752289e-02 3.160633519291877747e-02 1.059766951948404312e-02 4.137316718697547913e-02 3.598389774560928345e-02 2.770146168768405914e-02 2.811004221439361572e-02
