4.991270005702972412e-01 1.660230904817581177e-01 3.269016742706298828e-02 4.354564007371664047e-03 3.453141823410987854e-02 1.243002340197563171e-01 1.114247515797615051e-01 2.109292335808277130e-02 6.000267341732978821e-03 2.241533622145652771e-02 1.698598563671112061e-01 2.179430983960628510e-02 1.084099486470222473e-01 1.119746547192335129e-02 1.745002716779708862e-02 2.518146485090255737e-02 1.413760054856538773e-02 1.517607551068067551e-02 1.505142729729413986e-02 1.207370404154062271e-02 2.492110617458820343e-02 2.692092768847942352e-02 5.863163154572248459e-03 1.040863525122404099e-02 1.100642234086990356e-02 1.906352303922176361e-02 1.877534948289394379e-02 1.223051175475120544e-02 1.088727731257677078e-02 1.792221702635288239e-02 3.014525584876537323e-02 2.192114852368831635e-02 1.037598680704832077e-02 2.135095186531543732e-02 6.876829080283641815e-03 2.706648968160152435e-02 3.989060223102569580e-02 1.438392326235771179e-02 4.699975717812776566e-03 5.064688622951507568e-03 1.640611561015248299e-03 1.849000528454780579e-02 1.717148721218109131e-02 7.065099198371171951e-03 5.337715521454811096e-02 5.632444843649864197e-02 7.268258929252624512e-02 5.467551574110984802e-02 1.151650771498680115e-02 2.277140691876411438e-02 2.842803671956062317e-02 4.020562022924423218e-02 1.640228787437081337e-03 6.171423010528087616e-03 7.096690591424703598e-03 1.936533302068710327e-02 1.913548074662685394e-02 4.334833938628435135e-03 9.300644509494304657e-03 3.076357021927833557e-02 2.917689085006713867e-02 2.260124683380126953e-02 4.289436340332031250e-02 3.604028373956680298e-02 9.231432341039180756e-03 1.102456706576049328e-03 1.758342795073986053e-02 2.289411239326000214e-02 2.099436521530151367e-02 1.332300249487161636e-02 4.331128671765327454e-03 3.028477355837821960e-02 2.633376233279705048e-02 1.351202721707522869e-03 2.249137498438358307e-03 1.190787646919488907e-02 2.929882146418094635e-02 2.133296616375446320e-02 2.491619251668453217e-02 9.831311181187629700e-03 3.616782650351524353e-02 3.587150573730468750e-02 8.858725428581237793e-03 3.715047612786293030e-02 2.525830641388893127e-02 5.882287770509719849e-02 1.553691923618316650e-02 4.158885031938552856e-02 3.110739402472972870e-03 1.861641928553581238e-02 1.886494830250740051e-02 2.891995944082736969e-02 4.125755280256271362e-02 9.714406915009021759e-03 3.074870258569717407e-02 3.341158851981163025e-02 1.896881125867366791e-02 2.499812282621860504e-02 2.928873337805271149e-02 3.827370703220367432e-02 2.514226548373699188e-02 3.415621817111968994e-02 2.472509443759918213e-02 1.747632212936878204e-02 1.576867420226335526e-03 4.308776184916496277e-02 2.011060714721679688e-02 2.097935043275356293e-02 3.461783006787300110e-02 2.222116105258464813e-02 6.213642336660996079e-05 3.255253285169601440e-02 1.319961738772690296e-03 7.006134372204542160e-03 3.981949761509895325e-02 3.576320782303810120e-02
1.660230904817581177e-01 5.020540952682495117e-01 2.584655955433845520e-02 2.259268984198570251e-02 1.741664670407772064e-02 1.194953247904777527e-01 1.275081038475036621e-01 4.310942441225051880e-02 6.097631063312292099e-03 2.088434621691703796e-02 1.383694112300872803e-01 1.460978481918573380e-02 1.525049805641174316e-01 1.416386477649211884e-02 1.017761789262294769e-02 2.184518985450267792e-02 4.125142935663461685e-03 3.427333012223243713e-02 9.495178237557411194e-03 2.092148177325725555e-03 1.926867663860321045e-02 1.722339913249015808e-02 5.979772540740668774e-04 1.856820541433990002e-03 2.705906331539154053e-02 4.548316821455955505e-02 4.494784027338027954e-02 9.000706486403942108e-03 3.128667175769805908e-02 2.725864201784133911e-02 8.898688480257987976e-03 1.415180880576372147e-02 4.599386360496282578e-03 1.156256534159183502e-02 1.586795970797538757e-02 2.286936528980731964e-02 3.970949351787567139e-02 1.885663531720638275e-02 1.412907335907220840e-02 1.108328346163034439e-02 1.184756215661764145e-02 1.885187067091464996e-02 7.257661316543817520e-03 1.173802185803651810e-02 7.553294301033020020e-02 7.808222621679306030e-02 2.618159167468547821e-02 4.293273016810417175e-02 9.386693127453327179e-03 2.211269736289978027e-02 1.256578252650797367e-03 2.727170661091804504e-02 2.098755352199077606e-02 1.694710366427898407e-02 2.734275534749031067e-02 4.591135308146476746e-03 4.168871790170669556e-02 2.861844375729560852e-02 3.394846990704536438e-02 4.561471194028854370e-02 2.901051938533782959e-02 4.631945118308067322e-02 3.352914750576019287e-02 2.612433582544326782e-02 1.025125384330749512e-02 6.174742593429982662e-04 1.639745384454727173e-02 1.971635408699512482e-02 1.946353353559970856e-02 1.900664530694484711e-02 6.142797414213418961e-03 3.831795975565910339e-02 2.761767804622650146e-02 1.434753648936748505e-02 3.708431497216224670e-02 1.610073819756507874e-02 2.117008529603481293e-02 2.042354084551334381e-03 2.853266894817352295e-02 1.316220685839653015e-02 4.835641011595726013e-02 2.676736190915107727e-02 9.387225843966007233e-03 1.211955770850181580e-02 1.381667912937700748e-03 2.885426953434944153e-02 1.918285526335239410e-02 2.518553845584392548e-02 1.272214576601982117e-02 1.543364021927118301e-02 6.340704392641782761e-03 2.616391703486442566e-02 2.463882602751255035e-02 1.902729272842407227e-02 3.660281002521514893e-02 1.999078691005706787e-02 2.627110853791236877e-02 6.123385578393936157e-02 2.565384097397327423e-02 2.264106273651123047e-02 9.346600621938705444e-03 2.161290310323238373e-02 3.921142220497131348e-02 8.860582485795021057e-03 2.062711305916309357e-02 2.755163051187992096e-02 5.038827192038297653e-03 6.640806328505277634e-03 2.738020196557044983e-02 4.066771361976861954e-03 3.477309271693229675e-02 4.111335426568984985e-02 1.151348929852247238e-02 1.068966742604970932e-02 2.395735494792461395e-02 1.358471903949975967e-02
3.269016742706298828e-02 2.584655955433845520e-02 4.814577400684356689e-01 8.418194949626922607e-03 1.444898080080747604e-02 3.690134733915328979e-02 3.890160098671913147e-02 4.561724513769149780e-02 3.375208377838134766e-02 3.495193645358085632e-02 2.451629191637039185e-02 1.250238716602325439e-02 2.462726086378097534e-02 3.684201510623097420e-03 4.280670359730720520e-02 2.454587444663047791e-02 4.498054459691047668e-02 1.907168887555599213e-02 1.553496718406677246e-02 2.825861610472202301e-02 1.111090416088700294e-03 2.639593370258808136e-02 5.705665796995162964e-03 7.943776436150074005e-03 9.059994481503963470e-03 1.104353275150060654e-02 1.048188563436269760e-02 1.986650563776493073e-02 3.741190209984779358e-02 1.947190053761005402e-02 2.744245715439319611e-02 4.313693847507238388e-03 6.304688286036252975e-03 3.950343001633882523e-03 3.173356817569583654e-04 1.766133680939674377e-02 3.954111039638519287e-02 1.142828911542892456e-02 6.105710635893046856e-04 1.316234096884727478e-02 2.953684516251087189e-02 4.199217259883880615e-02 4.069110378623008728e-02 3.866877406835556030e-03 2.780230343341827393e-02 1.149027980864048004e-02 1.046934723854064941e-02 2.500434592366218567e-02 1.789731532335281372e-02 4.233851097524166107e-03 1.418371032923460007e-02 4.383390396833419800e-02 2.231097966432571411e-02 5.903604999184608459e-02 3.512689098715782166e-02 1.138631440699100494e-02 1.170360669493675232e-02 1.008813176304101944e-02 9.437146596610546112e-03 1.986653357744216919e-02 4.418673366308212280e-02 4.448898509144783020e-02 2.989163622260093689e-02 1.839859760366380215e-03 2.384393848478794098e-02 6.689560599625110626e-03 8.528737351298332214e-03 1.608132012188434601e-02 4.177666455507278442e-02 8.725089952349662781e-03 3.753621876239776611e-02 1.045115105807781219e-02 2.582784742116928101e-02 2.000232413411140442e-02 1.991974562406539917e-02 1.437022443860769272e-02 2.705266885459423065e-02 3.618384897708892822e-02 9.176221676170825958e-03 1.161395385861396790e-02 5.827373266220092773e-02 7.305345684289932251e-02 2.945688180625438690e-02 2.034239284694194794e-02 1.866479404270648956e-02 2.187530137598514557e-02 5.788674578070640564e-02 5.317808128893375397e-03 3.620969876646995544e-02 3.192523494362831116e-02 3.384211286902427673e-02 4.584215953946113586e-02 2.972199767827987671e-02 3.412332013249397278e-02 3.538049012422561646e-02 2.201184257864952087e-02 2.060910686850547791e-02 8.522542566061019897e-02 2.035057917237281799e-02 1.302252523601055145e-02 9.353680536150932312e-03 1.705828681588172913e-02 4.323130846023559570e-02 3.826779127120971680e-02 5.362827330827713013e-02 5.154510587453842163e-02 3.804360330104827881e-02 3.367793932557106018e-02 3.491879440844058990e-03 8.959811180830001831e-03 6.809249054640531540e-03 5.091171246021986008e-03 3.811497986316680908e-02 4.273128509521484375e-02 3.637360781431198120e-02 6.242829188704490662e-02
4.354564007371664047e-03 2.259268984198570251e-02 8.418194949626922607e-03 5.001834034919738770e-01 2.327179014682769775e-01 2.403952181339263916e-02 1.893311180174350739e-02 3.562375903129577637e-02 2.020728774368762970e-02 3.699135780334472656e-02 8.162075653672218323e-03 2.791697718203067780e-02 1.774458773434162140e-02 1.680831611156463623e-02 3.960759192705154419e-02 2.506916224956512451e-02 4.423946607857942581e-03 4.693648219108581543e-02 5.085498467087745667e-02 4.167234897613525391e-02 3.332831338047981262e-02 4.808749631047248840e-02 4.249921441078186035e-02 4.045118764042854309e-02 1.375339832156896591e-02 2.955468557775020599e-02 4.254265222698450089e-03 8.057114668190479279e-03 2.684019692242145538e-02 1.236121077090501785e-02 9.212678670883178711e-02 1.479126326739788055e-02 3.320766612887382507e-02 9.526120498776435852e-03 1.030438346788287163e-03 4.242464900016784668e-02 1.977054029703140259e-02 2.560072578489780426e-03 1.508388817310333252e-01 1.410557776689529419e-01 4.091076180338859558e-02 1.158436108380556107e-02 6.066767498850822449e-03 3.583653271198272705e-02 1.535265007987618446e-03 2.087054029107093811e-02 1.066414546221494675e-02 2.334161289036273956e-02 1.783736981451511383e-02 1.140157785266637802e-02 1.320765819400548935e-02 8.268308825790882111e-03 3.101849928498268127e-03 3.352339565753936768e-02 3.979386389255523682e-02 1.452579163014888763e-02 2.517951652407646179e-02 8.415273390710353851e-03 1.495184190571308136e-02 3.877168288454413414e-03 1.655924506485462189e-02 6.284836679697036743e-02 3.272117674350738525e-02 2.570789493620395660e-02 4.060222767293453217e-03 2.079786360263824463e-02 3.783565387129783630e-02 3.530264273285865784e-02 4.255739971995353699e-02 3.493340685963630676e-02 4.159906879067420959e-02 8.225283585488796234e-03 1.279573887586593628e-01 3.383432701230049133e-02 9.339054115116596222e-03 2.149514481425285339e-02 3.898031264543533325e-02 2.098703384399414062e-02 1.978074386715888977e-02 4.554494470357894897e-02 2.904107794165611267e-02 2.233969978988170624e-02 1.576784253120422363e-01 4.852078482508659363e-02 2.501165121793746948e-02 1.966073364019393921e-02 4.846683889627456665e-02 1.158151030540466309e-02 1.495237927883863449e-02 3.717572614550590515e-02 3.089649789035320282e-02 4.454550892114639282e-02 1.037618983536958694e-02 3.168973326683044434e-02 4.736570175737142563e-03 1.550379395484924316e-02 3.137828782200813293e-02 1.647216454148292542e-02 2.022067271173000336e-02 2.189377695322036743e-02 4.361817613244056702e-02 4.284513741731643677e-02 7.873463444411754608e-03 4.045449569821357727e-02 3.046281263232231140e-02 1.174900401383638382e-02 3.814464434981346130e-02 4.173668846487998962e-02 6.512103602290153503e-03 3.393514826893806458e-02 1.459891209378838539e-03 3.963040933012962341e-02 2.887305431067943573e-02 1.086607575416564941e-02 6.812629289925098419e-04 1.097084721550345421e-03
3.453141823410987854e-02 1.741664670407772064e-02 1.444898080080747604e-02 2.327179014682769775e-01 5.019497275352478027e-01 3.068322315812110901e-02 4.383469000458717346e-02 3.792599961161613464e-02 1.577811688184738159e-02 2.990738302469253540e-02 3.651961684226989746e-02 7.562368176877498627e-03 2.290286868810653687e-02 1.506946887820959091e-02 3.069568052887916565e-02 3.705071285367012024e-02 4.223892837762832642e-02 2.251864410936832428e-02 6.923975795507431030e-02 1.689929515123367310e-02 8.093083277344703674e-03 8.176503702998161316e-03 2.908366918563842773e-02 3.740555047988891602e-02 1.073575392365455627e-02 4.407525062561035156e-02 3.828010335564613342e-02 2.848080173134803772e-02 6.543342955410480499e-03 3.837848082184791565e-02 2.852192707359790802e-02 3.023048490285873413e-02 4.793554916977882385e-02 4.524989798665046692e-02 4.533234238624572754e-02 2.810892276465892792e-02 3.682942688465118408e-02 1.879636384546756744e-02 1.437975019216537476e-01 1.839161962270736694e-01 3.621960803866386414e-02 1.264374610036611557e-02 2.190300077199935913e-02 3.032767958939075470e-02 3.362626582384109497e-02 2.634063921868801117e-02 1.405448711011558771e-04 3.203518688678741455e-02 2.429819852113723755e-02 2.565472573041915894e-02 1.412004046142101288e-02 2.626509033143520355e-02 2.206378057599067688e-02 2.077026851475238800e-02 4.216746613383293152e-02 3.652438893914222717e-02 2.168175205588340759e-02 4.425429273396730423e-03 9.890128858387470245e-03 1.197167090140283108e-03 1.908149756491184235e-02 4.623214900493621826e-02 1.361493021249771118e-03 2.768421545624732971e-02 3.635768662206828594e-04 1.134340371936559677e-02 1.644594222307205200e-02 1.938818581402301788e-02 3.316634893417358398e-02 1.028344128280878067e-02 3.776200860738754272e-02 2.753818780183792114e-02 5.927081406116485596e-02 1.709968782961368561e-02 8.505288511514663696e-02 2.263314090669155121e-02 3.342125564813613892e-02 2.873616479337215424e-02 4.182199947535991669e-03 1.634088903665542603e-02 1.530032698065042496e-02 4.198567196726799011e-02 8.025950938463211060e-02 1.646294146776199341e-01 7.611469365656375885e-03 7.668579462915658951e-03 3.511364385485649109e-02 4.142864048480987549e-02 1.165025867521762848e-02 7.004185114055871964e-03 2.751545980572700500e-02 1.812446280382573605e-03 3.568544983863830566e-02 3.872300311923027039e-02 1.003798283636569977e-02 1.767736114561557770e-02 4.978447686880826950e-03 1.096570305526256561e-02 2.026379667222499847e-02 2.152354083955287933e-02 2.753764763474464417e-02 2.967878431081771851e-02 2.629869617521762848e-02 7.239242549985647202e-03 2.356737095396965742e-04 8.564268238842487335e-03 2.044078707695007324e-02 6.676987558603286743e-02 7.377805188298225403e-03 1.700582168996334076e-02 2.951050363481044769e-02 3.665570542216300964e-02 1.324917655438184738e-02 2.984802797436714172e-02 5.519503261893987656e-03 2.927948348224163055e-02
1.243002340197563171e-01 1.194953247904777527e-01 3.690134733915328979e-02 2.403952181339263916e-02 3.068322315812110901e-02 4.999231100082397461e-01 1.762340366840362549e-01 4.535599425435066223e-02 1.152434572577476501e-02 2.283033216372132301e-03 9.439408034086227417e-02 3.129970282316207886e-02 7.101680338382720947e-02 2.777211926877498627e-02 3.705218806862831116e-02 2.874055691063404083e-02 1.732164062559604645e-02 2.135434001684188843e-02 1.382301095873117447e-02 4.288449417799711227e-03 1.027391199022531509e-02 3.995840251445770264e-02 3.860896220430731773e-03 1.060007791966199875e-02 2.695768699049949646e-02 2.582555823028087616e-02 1.160605344921350479e-02 3.527962788939476013e-02 2.050728164613246918e-02 2.974214591085910797e-02 4.664991516619920731e-03 2.725660242140293121e-02 1.434096228331327438e-02 2.899062260985374451e-02 1.417359244078397751e-02 3.684202209115028381e-02 2.084059081971645355e-02 2.176927961409091949e-02 1.466940529644489288e-02 3.388810157775878906e-02 6.303490372374653816e-04 2.144652185961604118e-03 2.921640116255730391e-04 3.556970506906509399e-02 7.348605990409851074e-02 8.322271704673767090e-02 7.581772655248641968e-02 7.504113018512725830e-02 1.141904480755329132e-02 2.432657964527606964e-02 1.146205817349255085e-03 9.696709923446178436e-03 5.057956278324127197e-02 2.061361446976661682e-02 3.110239095985889435e-02 4.174207895994186401e-02 3.017532639205455780e-02 1.161331031471490860e-02 3.576820716261863708e-02 2.822300046682357788e-02 5.087686330080032349e-02 2.122859470546245575e-02 1.151223108172416687e-02 1.254033949226140976e-02 1.459210831671953201e-02 4.818946495652198792e-02 1.482241600751876831e-02 1.405911054462194443e-02 3.664083778858184814e-02 2.716105245053768158e-02 3.440078347921371460e-02 3.240180015563964844e-02 3.848694637417793274e-02 3.044970519840717316e-02 5.253181792795658112e-03 1.980294659733772278e-02 3.151626884937286377e-02 1.205452624708414078e-02 1.170930452644824982e-02 3.888798877596855164e-02 1.083477493375539780e-02 6.854761159047484398e-04 2.659265138208866119e-02 4.411986097693443298e-03 2.498518675565719604e-02 2.296920400112867355e-03 3.241068869829177856e-02 2.333522401750087738e-02 3.584210574626922607e-02 5.282011814415454865e-03 4.118157178163528442e-02 1.128155272454023361e-02 1.024324726313352585e-02 4.136758390814065933e-03 4.681522026658058167e-02 4.446753859519958496e-02 2.678885124623775482e-02 2.267294190824031830e-02 4.249633289873600006e-03 9.122178889811038971e-03 1.343418750911951065e-02 2.820399031043052673e-02 2.194116637110710144e-02 2.938091196119785309e-02 3.105074353516101837e-02 1.061722449958324432e-02 1.277394406497478485e-02 5.766994319856166840e-03 1.237963140010833740e-02 2.193735353648662567e-02 4.299911484122276306e-02 1.492600422352552414e-04 5.275299306958913803e-03 4.584942478686571121e-03 2.312539611011743546e-03 2.257320657372474670e-02
1.114247515797615051e-01 1.275081038475036621e-01 3.890160098671913147e-02 1.893311180174350739e-02 4.383469000458717346e-02 1.762340366840362549e-01 5.037599205970764160e-01 3.696591407060623169e-02 4.217702429741621017e-03 1.497388072311878204e-02 7.650055736303329468e-02 1.768869347870349884e-02 8.126124739646911621e-02 2.941688150167465210e-02 4.590387269854545593e-02 2.823345921933650970e-02 2.601717412471771240e-02 2.500185370445251465e-02 2.066838555037975311e-02 9.003879502415657043e-03 6.034095305949449539e-03 3.029193729162216187e-02 1.369931455701589584e-02 8.335571736097335815e-03 1.781260594725608826e-02 1.867835037410259247e-02 1.400066073983907700e-02 4.635234549641609192e-02 2.367064356803894043e-02 1.656015217304229736e-02 1.382337976247072220e-02 1.914760656654834747e-02 2.801704918965697289e-03 2.437269501388072968e-02 9.931916370987892151e-03 2.618290111422538757e-02 3.278924524784088135e-02 1.608924567699432373e-02 1.049386523663997650e-02 2.721907384693622589e-02 3.681307134684175253e-04 4.925239831209182739e-03 1.381931733340024948e-02 3.262349590659141541e-02 5.692748725414276123e-02 5.578580498695373535e-02 7.336197048425674438e-02 1.203598231077194214e-01 5.853161681443452835e-03 2.192794345319271088e-02 8.661185391247272491e-03 2.209054678678512573e-02 3.431633859872817993e-02 1.902748085558414459e-02 1.448375917971134186e-02 4.103100299835205078e-02 1.220139116048812866e-02 1.649786904454231262e-02 3.008732013404369354e-02 3.096304601058363914e-03 4.665002971887588501e-02 2.992016263306140900e-02 1.048404723405838013e-02 6.007303949445486069e-03 1.019633281975984573e-02 2.925963699817657471e-02 4.613400436937808990e-03 1.361432252451777458e-03 2.737285755574703217e-02 1.354192267172038555e-03 4.116578772664070129e-02 2.330623567104339600e-02 3.441912308335304260e-02 1.846162788569927216e-02 1.574307866394519806e-02 2.898493409156799316e-02 1.329006627202033997e-02 2.456644549965858459e-02 4.130852967500686646e-02 3.382368758320808411e-02 1.481518335640430450e-02 8.596185594797134399e-03 8.690921589732170105e-03 6.867199204862117767e-03 9.084698744118213654e-03 7.133398670703172684e-03 4.154787957668304443e-02 3.830770403146743774e-02 1.041088812053203583e-02 5.548357512452639639e-05 4.450602829456329346e-02 2.687590382993221283e-02 5.078756436705589294e-02 9.750978089869022369e-03 4.726225044578313828e-03 2.033911645412445068e-02 2.259931294247508049e-03 7.586836349219083786e-03 5.395776592195034027e-03 1.747612655162811279e-02 3.823852539062500000e-02 3.201621398329734802e-02 2.195810340344905853e-02 3.379888460040092468e-02 9.482389315962791443e-03 6.406934931874275208e-03 3.724363073706626892e-02 8.939145132899284363e-03 3.712145239114761353e-02 4.600902553647756577e-03 1.902280002832412720e-02 1.137214247137308121e-02 2.274433895945549011e-02 1.965115219354629517e-02 2.624072507023811340e-02 3.591032698750495911e-02
2.109292335808277130e-02 4.310942441225051880e-02 4.561724513769149780e-02 3.562375903129577637e-02 3.792599961161613464e-02 4.535599425435066223e-02 3.696591407060623169e-02 4.827732145786285400e-01 1.366427075117826462e-02 8.819083683192729950e-03 9.721563197672367096e-03 4.717162810266017914e-03 7.192640565335750580e-03 1.173796877264976501e-02 1.053693518042564392e-01 2.377495169639587402e-02 1.213253941386938095e-03 2.121367491781711578e-03 2.940821461379528046e-02 2.378425747156143188e-02 1.597366668283939362e-02 1.209613960236310959e-02 2.875234931707382202e-03 2.311539836227893829e-03 8.229605155065655708e-04 3.532588481903076172e-02 6.339834537357091904e-03 1.989629119634628296e-02 5.826035980135202408e-03 1.192160788923501968e-02 2.132185734808444977e-02 6.316340062767267227e-03 2.416612580418586731e-02 6.328632589429616928e-03 9.186933748424053192e-03 3.908070269972085953e-03 1.427170354872941971e-02 5.334370071068406105e-04 1.969123957678675652e-03 9.611899033188819885e-03 1.362503133714199066e-02 2.032343298196792603e-02 1.586555875837802887e-02 4.737510811537504196e-03 4.513561725616455078e-02 1.258518639951944351e-02 3.677716106176376343e-02 3.713677451014518738e-02 8.068838156759738922e-03 4.540018737316131592e-02 1.780079677700996399e-03 3.719418868422508240e-02 9.164250222966074944e-04 1.631736755371093750e-02 1.089023659005761147e-03 4.336305707693099976e-02 3.134988620877265930e-02 3.327165171504020691e-02 3.543110936880111694e-02 7.027970161288976669e-03 1.208944525569677353e-02 2.389555796980857849e-02 2.822880446910858154e-02 4.643082991242408752e-02 1.863429695367813110e-02 1.220978144556283951e-02 1.441275514662265778e-02 3.326857462525367737e-02 2.232111617922782898e-02 1.636873371899127960e-02 2.667803317308425903e-02 2.509800903499126434e-02 2.054435946047306061e-02 8.234972134232521057e-03 1.875502802431583405e-02 9.413731168024241924e-04 2.624510088935494423e-04 1.134071685373783112e-02 2.626829780638217926e-02 1.208588760346174240e-02 1.104148775339126587e-01 5.084866285324096680e-02 1.813194714486598969e-02 2.911143749952316284e-02 3.091256879270076752e-02 2.205866947770118713e-02 8.900453150272369385e-02 6.394119560718536377e-02 8.955927565693855286e-03 1.193001959472894669e-02 2.076365053653717041e-02 1.590439351275563240e-04 2.051223069429397583e-02 4.539436777122318745e-04 2.400440722703933716e-02 1.516905322205275297e-04 6.932605057954788208e-03 1.739516668021678925e-02 4.482682270463556051e-04 2.021664008498191833e-02 7.411005906760692596e-03 4.764026496559381485e-03 4.531496018171310425e-02 1.264715939760208130e-02 2.093555085593834519e-04 1.885773055255413055e-02 2.257063612341880798e-02 7.045781705528497696e-03 4.261622205376625061e-02 1.311854645609855652e-02 3.838847577571868896e-02 2.819119766354560852e-02 5.241293925791978836e-03 1.187160890549421310e-02 4.073449969291687012e-02 2.593722380697727203e-02
6.000267341732978821e-03 6.097631063312292099e-03 3.375208377838134766e-02 2.020728774368762970e-02 1.577811688184738159e-02 1.152434572577476501e-02 4.217702429741621017e-03 1.366427075117826462e-02 5.087999105453491211e-01 7.463949918746948242e-02 2.296468429267406464e-02 4.151607304811477661e-02 2.000094245886430144e-04 6.841357797384262085e-03 4.395584762096405029e-02 2.133677527308464050e-02 3.265653178095817566e-02 7.341525703668594360e-02 5.104605853557586670e-02 2.776565030217170715e-02 2.243045531213283539e-02 3.924597799777984619e-02 2.931948937475681305e-02 3.233858197927474976e-02 3.077148273587226868e-02 5.751500278711318970e-02 1.468996796756982803e-02 1.954116858541965485e-02 2.571465820074081421e-02 3.046408481895923615e-02 3.187367320060729980e-02 8.323858492076396942e-03 1.626711152493953705e-02 1.207030564546585083e-02 1.596950739622116089e-02 2.966100536286830902e-02 2.944101579487323761e-03 3.442511707544326782e-02 1.383970770984888077e-02 1.171040069311857224e-02 2.649784460663795471e-02 3.443154320120811462e-02 1.758899539709091187e-02 1.389769650995731354e-02 3.038829378783702850e-02 1.581611298024654388e-02 1.123568508774042130e-02 4.215584322810173035e-02 1.356409862637519836e-02 1.358047593384981155e-02 3.056144528090953827e-02 3.588397055864334106e-02 2.291578799486160278e-02 3.317352756857872009e-02 6.716549396514892578e-02 8.704318664968013763e-03 1.226836629211902618e-02 5.735547095537185669e-02 1.435639522969722748e-02 2.063179761171340942e-02 3.249145299196243286e-02 3.886580467224121094e-02 4.922899603843688965e-02 4.799035564064979553e-02 2.859526127576828003e-02 4.060958698391914368e-02 3.522656112909317017e-02 2.760896272957324982e-02 4.694566875696182251e-02 3.559340909123420715e-02 4.281817935407161713e-03 2.522247843444347382e-03 4.384830594062805176e-02 3.642237558960914612e-02 2.542337030172348022e-02 8.324660360813140869e-03 1.360976696014404297e-01 6.950664520263671875e-02 7.821847498416900635e-02 1.096289791166782379e-02 2.173382602632045746e-02 4.600813984870910645e-02 6.449573487043380737e-02 1.913703791797161102e-02 1.444321032613515854e-02 6.554316729307174683e-03 3.554457426071166992e-02 3.736178949475288391e-02 4.308866709470748901e-02 3.011227212846279144e-02 4.007431864738464355e-02 1.102745253592729568e-02 3.018511086702346802e-02 3.627931699156761169e-02 1.853660866618156433e-02 1.409163419157266617e-02 1.074759755283594131e-02 1.308238483034074306e-03 5.953218415379524231e-02 3.464271128177642822e-02 1.664077863097190857e-04 9.483551606535911560e-03 2.062557823956012726e-02 1.465341728180646896e-02 1.405447139404714108e-03 2.125515788793563843e-02 1.589101366698741913e-02 3.698291024193167686e-03 8.691608905792236328e-03 4.574441537261009216e-02 3.744830191135406494e-02 1.173842512071132660e-02 2.133767865598201752e-02 8.821056224405765533e-03 1.806877739727497101e-02 2.203713543713092804e-02
2.241533622145652771e-02 2.088434621691703796e-02 3.495193645358085632e-02 3.699135780334472656e-02 2.990738302469253540e-02 2.283033216372132301e-03 1.497388072311878204e-02 8.819083683192729950e-03 7.463949918746948242e-02 5.066455602645874023e-01 3.113586083054542542e-02 3.285506367683410645e-02 2.426355332136154175e-02 5.011165887117385864e-02 4.219131916761398315e-02 4.010291304439306259e-03 1.311595179140567780e-02 2.193957567214965820e-02 3.995234519243240356e-02 9.334828937426209450e-04 4.669670015573501587e-03 3.496971353888511658e-02 1.679350249469280243e-02 3.879406675696372986e-02 3.959974739700555801e-03 2.789185382425785065e-02 3.551148623228073120e-02 4.247577115893363953e-02 3.296346962451934814e-02 1.138718333095312119e-02 4.833769053220748901e-03 3.540983889251947403e-03 1.197362504899501801e-02 1.031626132316887379e-03 2.989153563976287842e-02 3.999892249703407288e-02 3.296870738267898560e-02 3.980449400842189789e-03 4.180058464407920837e-02 4.855807498097419739e-02 3.723434731364250183e-02 4.459257051348686218e-02 3.305767104029655457e-02 4.838797263801097870e-03 3.126518428325653076e-02 3.792925551533699036e-02 3.727878630161285400e-02 9.835141710937023163e-03 8.867013268172740936e-03 2.256597392261028290e-02 4.317540675401687622e-02 4.038089513778686523e-02 4.272247850894927979e-02 1.780053973197937012e-02 4.116109013557434082e-02 4.241814371198415756e-03 1.215041056275367737e-02 4.034165292978286743e-02 2.926446869969367981e-02 1.412060949951410294e-02 2.397531457245349884e-02 6.612302735447883606e-03 4.125310108065605164e-02 4.602183774113655090e-02 4.428055137395858765e-02 2.814444713294506073e-02 1.534840837121009827e-02 1.646684296429157257e-02 2.532782778143882751e-02 3.222068399190902710e-02 2.312709391117095947e-02 4.014411941170692444e-02 4.673902317881584167e-02 2.395157329738140106e-02 4.726273193955421448e-02 1.458379812538623810e-02 5.772666260600090027e-02 1.163074895739555359e-01 4.457524418830871582e-02 8.352223038673400879e-02 5.017766263335943222e-03 2.438610792160034180e-02 4.502549301832914352e-03 4.837916791439056396e-02 2.303231880068778992e-02 3.491919860243797302e-02 4.476227983832359314e-02 4.448380693793296814e-02 9.702024981379508972e-03 2.527722530066967010e-02 1.752443239092826843e-02 2.518033050000667572e-02 3.670945763587951660e-02 7.301523350179195404e-03 4.818678833544254303e-03 1.918252743780612946e-02 4.077334015164524317e-04 9.125545620918273926e-03 2.280280925333499908e-02 5.646806210279464722e-03 3.547410713508725166e-03 1.104136928915977478e-02 8.876198902726173401e-03 5.286572035402059555e-03 4.013482108712196350e-02 9.729948826134204865e-03 1.123798452317714691e-02 6.768648047000169754e-03 1.314068771898746490e-02 5.053848400712013245e-02 2.394988387823104858e-02 2.500908635556697845e-02 1.113457046449184418e-02 8.959861006587743759e-04 3.254600614309310913e-02 8.108292706310749054e-03
1.698598563671112061e-01 1.383694112300872803e-01 2.451629191637039185e-02 8.162075653672218323e-03 3.651961684226989746e-02 9.439408034086227417e-02 7.650055736303329468e-02 9.721563197672367096e-03 2.296468429267406464e-02 3.113586083054542542e-02 4.918165206909179688e-01 6.162899080663919449e-03 1.801355630159378052e-01 1.432085596024990082e-02 6.482728756964206696e-03 1.217891648411750793e-02 1.369727216660976410e-02 2.917888388037681580e-02 2.899478375911712646e-02 2.019338496029376984e-02 1.456800568848848343e-02 3.249881044030189514e-02 5.149463191628456116e-03 1.393669750541448593e-03 3.225991502404212952e-02 3.823272138833999634e-02 5.697661638259887695e-02 1.277393475174903870e-02 1.623915880918502808e-02 1.929721795022487640e-02 1.171884685754776001e-02 1.025990210473537445e-02 2.792115136981010437e-02 2.123056212440133095e-03 1.314544398337602615e-02 2.252170443534851074e-02 1.383488625288009644e-02 1.799407647922635078e-03 2.220197208225727081e-02 2.189612481743097305e-03 3.167119249701499939e-02 1.743718050420284271e-02 3.764070570468902588e-02 1.158054638653993607e-02 4.541561938822269440e-04 3.521201759576797485e-02 8.347568660974502563e-02 4.779327660799026489e-02 5.980104906484484673e-04 2.088408358395099640e-02 6.138043478131294250e-03 1.738649606704711914e-02 2.759904228150844574e-02 4.655387252569198608e-03 6.392625509761273861e-04 8.439815719611942768e-04 2.540861628949642181e-02 1.304816082119941711e-02 1.640232279896736145e-02 3.276215121150016785e-02 7.165668066591024399e-03 2.799353748559951782e-02 2.654292248189449310e-02 2.080176770687103271e-02 2.282824926078319550e-02 1.889577880501747131e-02 1.885033026337623596e-02 1.019258331507444382e-02 6.727770902216434479e-03 6.752953398972749710e-03 4.986918997019529343e-03 2.159013226628303528e-02 9.185857139527797699e-03 2.160499617457389832e-02 1.601279899477958679e-02 2.579445764422416687e-02 2.719445526599884033e-02 2.044067904353141785e-02 1.661392673850059509e-02 2.562777604907751083e-03 3.530456125736236572e-02 2.025529183447360992e-02 7.301277015358209610e-03 2.684334479272365570e-02 2.613299526274204254e-03 2.108700573444366455e-02 8.459255099296569824e-03 1.487100310623645782e-02 1.019944716244935989e-02 5.780773703008890152e-03 3.724880889058113098e-02 1.994569320231676102e-03 1.444325223565101624e-02 3.762776777148246765e-02 2.266390994191169739e-02 1.880209334194660187e-02 1.757126674056053162e-02 1.439083367586135864e-02 1.025448087602853775e-02 2.791122905910015106e-02 6.306573282927274704e-03 4.062374588102102280e-03 3.258059918880462646e-02 1.895431429147720337e-02 1.772942394018173218e-02 1.481161359697580338e-02 3.571074083447456360e-02 3.978762775659561157e-02 2.570254914462566376e-02 8.313889615237712860e-03 9.744067676365375519e-03 3.564567118883132935e-02 3.427342697978019714e-02 2.862181700766086578e-02 2.181808277964591980e-02 1.685254834592342377e-02
2.179430983960628510e-02 1.460978481918573380e-02 1.250238716602325439e-02 2.791697718203067780e-02 7.562368176877498627e-03 3.129970282316207886e-02 1.768869347870349884e-02 4.717162810266017914e-03 4.151607304811477661e-02 3.285506367683410645e-02 6.162899080663919449e-03 5.075156688690185547e-01 3.144270041957497597e-03 1.094587594270706177e-01 3.413461148738861084e-02 5.897610448300838470e-03 1.460218522697687149e-02 3.377794846892356873e-02 2.129661291837692261e-02 4.225575830787420273e-03 1.699560438282787800e-03 1.739817485213279724e-02 3.705993294715881348e-02 4.114733263850212097e-02 1.793550513684749603e-02 6.744375452399253845e-03 3.029102459549903870e-02 4.569315910339355469e-02 6.909745745360851288e-03 4.256083816289901733e-02 3.103856928646564484e-02 1.000457257032394409e-02 7.779242150718346238e-05 6.440432276576757431e-03 1.110763847827911377e-02 1.256541069597005844e-02 2.007524296641349792e-02 1.670281402766704559e-02 3.529414907097816467e-02 1.270026667043566704e-03 3.521058335900306702e-02 9.419064037501811981e-03 2.039920724928379059e-02 3.398493677377700806e-02 4.359050467610359192e-02 2.891038544476032257e-02 1.916445232927799225e-02 2.287275710841640830e-04 2.188460435718297958e-03 2.409925684332847595e-02 5.272013600915670395e-03 1.906259218230843544e-03 3.379547595977783203e-02 3.645902499556541443e-02 1.143520046025514603e-02 3.615236654877662659e-02 9.119343943893909454e-03 8.378619677387177944e-04 4.142688214778900146e-02 6.281075533479452133e-03 7.296242751181125641e-03 3.876680135726928711e-02 5.384099856019020081e-02 3.432493284344673157e-02 3.600987792015075684e-02 3.286297619342803955e-02 3.078936715610325336e-04 1.169215980917215347e-02 1.238355506211519241e-02 2.040348760783672333e-02 1.224195212125778198e-02 1.872511953115463257e-02 4.503381997346878052e-02 4.258945584297180176e-02 4.226490855216979980e-02 2.620020881295204163e-02 3.170333802700042725e-02 3.724879026412963867e-02 2.731490135192871094e-02 2.425684966146945953e-02 2.786405384540557861e-02 2.224121987819671631e-02 1.335297524929046631e-02 4.048004373908042908e-02 1.869067735970020294e-02 5.183517560362815857e-02 2.515498362481594086e-02 4.202103614807128906e-02 3.461762517690658569e-02 2.268639206886291504e-02 7.513200864195823669e-03 4.039913881570100784e-03 4.578810557723045349e-02 2.263211412355303764e-03 2.924226282630115747e-04 4.400026053190231323e-02 2.508255839347839355e-02 2.774526551365852356e-02 2.514658495783805847e-03 1.515051908791065216e-02 1.102117542177438736e-02 2.549318131059408188e-03 2.075170166790485382e-02 2.020828612148761749e-02 1.187635492533445358e-02 1.970535330474376678e-02 1.082588452845811844e-02 3.907627612352371216e-02 2.360201440751552582e-02 2.160661295056343079e-02 3.891424089670181274e-02 2.386208251118659973e-02 1.471517700701951981e-02 2.852495294064283371e-03 5.606620106846094131e-03 6.213643122464418411e-03
1.084099486470222473e-01 1.525049805641174316e-01 2.462726086378097534e-02 1.774458773434162140e-02 2.290286868810653687e-02 7.101680338382720947e-02 8.126124739646911621e-02 7.192640565335750580e-03 2.000094245886430144e-04 2.426355332136154175e-02 1.801355630159378052e-01 3.144270041957497597e-03 4.922240674495697021e-01 2.885496616363525391e-02 4.122225195169448853e-02 1.632430963218212128e-02 1.864032261073589325e-02 2.489795722067356110e-02 1.678762026131153107e-02 2.249255590140819550e-02 2.099415101110935211e-02 7.971750572323799133e-03 2.351331058889627457e-03 4.252867656759917736e-04 3.797471523284912109e-02 3.987921401858329773e-02 4.815757740288972855e-03 1.869969256222248077e-02 3.429753705859184265e-02 2.386798337101936340e-02 3.623506799340248108e-02 3.816708223894238472e-03 8.010491728782653809e-03 9.432631544768810272e-03 1.604432985186576843e-02 4.421541839838027954e-02 4.027769342064857483e-02 3.396953642368316650e-02 1.264582853764295578e-02 2.720102295279502869e-02 4.072654619812965393e-02 1.964098028838634491e-02 2.715885080397129059e-02 1.768551580607891083e-02 1.522938720881938934e-02 1.658150739967823029e-02 4.365259036421775818e-02 6.606569886207580566e-02 5.711432080715894699e-03 3.109289146959781647e-02 1.274487283080816269e-02 1.481881085783243179e-02 2.266871370375156403e-02 3.678113967180252075e-02 9.857896715402603149e-03 1.397891901433467865e-02 4.524036869406700134e-02 3.708758577704429626e-02 3.840067191049456596e-03 5.703694652765989304e-03 1.545723411254584789e-03 1.272415835410356522e-02 9.293276816606521606e-03 1.611384004354476929e-02 4.811909049749374390e-02 2.585654333233833313e-02 2.202338166534900665e-02 8.298124885186553001e-04 4.238091409206390381e-03 4.366724938154220581e-02 8.505513891577720642e-03 3.564016520977020264e-02 1.551378518342971802e-02 3.330782800912857056e-02 3.358189389109611511e-02 5.701631307601928711e-03 6.466147955507040024e-03 3.041026927530765533e-02 2.159048803150653839e-02 1.824189163744449615e-02 1.815918087959289551e-02 4.733903706073760986e-02 2.259229868650436401e-02 2.248246595263481140e-02 8.570760488510131836e-03 1.368858758360147476e-02 3.040695004165172577e-02 3.989376872777938843e-02 1.599608361721038818e-02 2.629131777212023735e-03 1.985138095915317535e-02 5.976753775030374527e-03 8.446067571640014648e-03 2.393424324691295624e-02 6.762061268091201782e-03 4.701653867959976196e-02 1.163806580007076263e-02 1.929852366447448730e-02 1.913157291710376740e-02 2.653560228645801544e-02 3.711541369557380676e-02 2.231913246214389801e-02 3.025538101792335510e-02 1.532661030068993568e-03 5.160315427929162979e-03 1.331249065697193146e-02 2.841044217348098755e-02 3.760201483964920044e-02 2.298506535589694977e-02 2.974303066730499268e-02 1.556756254285573959e-02 3.655645996332168579e-02 3.953935950994491577e-02 1.451044902205467224e-02 2.277145907282829285e-02 1.818671822547912598e-03
