5.204293131828308105e-01 1.562211662530899048e-01 4.103783518075942993e-03 1.098558865487575531e-02 3.343124687671661377e-02 1.597663164138793945e-01 1.298100203275680542e-01 3.240858018398284912e-02 3.108093142509460449e-02 3.686128929257392883e-02 1.235493347048759460e-01 9.169399738311767578e-03 8.607435971498489380e-02 6.444033700972795486e-03 5.654799286276102066e-03 4.560155421495437622e-02 3.249151259660720825e-02 5.233643576502799988e-02 2.363266609609127045e-02 2.789005823433399200e-02 3.161842003464698792e-02 2.546268887817859650e-02 3.079296089708805084e-02 1.147900708019733429e-02 4.241968691349029541e-02 6.430112291127443314e-03 4.603909328579902649e-02 2.395224059000611305e-03 3.990445658564567566e-02 1.317249238491058350e-02 1.941984891891479492e-02 3.112670965492725372e-02 1.792069710791110992e-02 4.558212310075759888e-02 2.667274698615074158e-02 8.956418372690677643e-03 7.278905715793371201e-03 1.059423200786113739e-02 4.093334451317787170e-02 4.339528828859329224e-02 2.498151967301964760e-03 2.367818355560302734e-02 3.352335467934608459e-02 1.968806982040405273e-02 2.859237231314182281e-02 2.457400225102901459e-02 3.700269386172294617e-02 2.415012381970882416e-02 2.719085104763507843e-02 5.196432024240493774e-02 3.771485015749931335e-02 5.195914208889007568e-02 4.269500263035297394e-03 2.552991174161434174e-02 3.523473069071769714e-02 5.052961409091949463e-03 4.135669395327568054e-02 1.231964118778705597e-02 2.436791919171810150e-02 1.618314720690250397e-02 1.487261336296796799e-02 4.254358820617198944e-03 3.238837420940399170e-02 1.719947159290313721e-02 3.651032224297523499e-02 3.513088822364807129e-02 9.877664968371391296e-03 1.865880005061626434e-02 8.538873866200447083e-03 2.163896709680557251e-02 4.084934294223785400e-02 2.424872294068336487e-02 4.573628678917884827e-02 3.367334976792335510e-02 1.018991041928529739e-02 5.102079827338457108e-03 8.715479634702205658e-03 7.773708552122116089e-03 5.474904086440801620e-03 2.491500228643417358e-02 9.158773347735404968e-03 3.841012949123978615e-03 3.827313333749771118e-02 4.757703840732574463e-02 1.671520620584487915e-02 1.543598598800599575e-03 3.903875872492790222e-02 1.728523522615432739e-02 2.069575898349285126e-02 6.216245703399181366e-03 2.624973282217979431e-02 5.303363502025604248e-02 3.908906131982803345e-02 1.096076890826225281e-02 3.470388054847717285e-02 1.865570060908794403e-02 2.920807804912328720e-03 9.513679891824722290e-03 2.506612427532672882e-02 2.628687396645545959e-02 7.921122014522552490e-03 2.474585734307765961e-02 3.417581692337989807e-02 2.203083969652652740e-02 3.466228395700454712e-02 8.231381885707378387e-03 9.985406883060932159e-03 4.709148034453392029e-02 2.202956192195415497e-02 2.111650630831718445e-02 1.554419007152318954e-02 3.883222583681344986e-03 7.004735991358757019e-03 2.355709671974182129e-03 4.978396743535995483e-02 5.093454197049140930e-02
1.562211662530899048e-01 5.223584771156311035e-01 1.273296400904655457e-02 1.207074383273720741e-03 3.703398257493972778e-02 1.381689459085464478e-01 1.035619154572486877e-01 2.046302519738674164e-02 1.306321751326322556e-02 4.465780034661293030e-02 8.745396882295608521e-02 2.893484197556972504e-02 7.445803284645080566e-02 2.958245947957038879e-02 4.113506991416215897e-03 4.022949561476707458e-02 2.943415939807891846e-02 1.962614059448242188e-02 3.514400124549865723e-02 3.431951254606246948e-02 2.890795469284057617e-02 2.042362466454505920e-02 1.701541431248188019e-02 2.382549643516540527e-02 1.098698563873767853e-02 1.806962117552757263e-02 3.849153593182563782e-02 3.336375229991972446e-04 2.356266789138317108e-02 1.764448173344135284e-02 2.518054470419883728e-02 4.880652576684951782e-02 8.647915907204151154e-03 2.227546833455562592e-02 2.111142873764038086e-02 1.584365731105208397e-03 1.001345273107290268e-02 2.681610174477100372e-02 4.097779840230941772e-02 3.299873322248458862e-02 1.234269514679908752e-02 1.547782402485609055e-02 3.714874386787414551e-02 2.435443922877311707e-02 3.399034217000007629e-02 1.801374740898609161e-02 1.049958821386098862e-02 1.405860879458487034e-03 3.999496623873710632e-02 4.594337567687034607e-02 1.570282876491546631e-02 4.509580135345458984e-02 4.127419088035821915e-03 1.709173433482646942e-02 3.887791559100151062e-02 2.235406078398227692e-03 2.085993625223636627e-02 3.590675443410873413e-02 3.202939406037330627e-02 3.252543881535530090e-02 1.087402366101741791e-02 4.788642283529043198e-03 4.508449509739875793e-02 1.435078028589487076e-02 1.333464961498975754e-02 3.186167776584625244e-02 1.533550489693880081e-02 1.748027279973030090e-02 6.286550313234329224e-03 1.533842924982309341e-02 3.541775792837142944e-02 2.413962036371231079e-02 5.296836048364639282e-02 3.859597817063331604e-02 1.209052861668169498e-03 1.391390897333621979e-02 2.571551827713847160e-03 1.928519341163337231e-03 6.588787306100130081e-03 7.602167315781116486e-03 1.327463984489440918e-02 5.947924219071865082e-03 4.183170199394226074e-02 1.233047805726528168e-02 3.887708997353911400e-03 1.741522573865950108e-04 3.944472223520278931e-02 3.307203575968742371e-02 1.519610919058322906e-02 8.764286525547504425e-03 2.742810873314738274e-03 5.328895896673202515e-02 3.274032101035118103e-02 1.292897574603557587e-02 4.031575843691825867e-02 3.435153886675834656e-02 7.883500802563503385e-05 1.706348918378353119e-02 4.991236701607704163e-02 3.026712685823440552e-02 1.242044288665056229e-02 2.518453635275363922e-02 1.653114520013332367e-02 3.519942983984947205e-02 1.480168476700782776e-02 9.742142632603645325e-03 7.769089192152023315e-03 4.525383561849594116e-02 1.514206081628799438e-02 3.108640573918819427e-02 1.826246641576290131e-02 3.209734568372368813e-03 3.680077567696571350e-02 7.332630921155214310e-03 4.614847898483276367e-02 6.027606129646301270e-02
4.103783518075942993e-03 1.273296400904655457e-02 5.068130493164062500e-01 1.769126276485621929e-03 7.271634880453348160e-03 2.789059840142726898e-02 3.608012571930885315e-02 1.571144312620162964e-01 2.355481730774044991e-03 2.544408664107322693e-02 3.696731477975845337e-02 1.952866092324256897e-02 1.416654698550701141e-02 2.190267667174339294e-02 4.486864432692527771e-02 3.676276281476020813e-02 1.750907674431800842e-02 4.115276411175727844e-02 3.182583954185247421e-03 2.557692304253578186e-02 3.774538636207580566e-02 3.469515219330787659e-02 5.868943035602569580e-02 3.553519025444984436e-02 2.921633422374725342e-03 1.888474263250827789e-02 1.689610071480274200e-02 4.825254902243614197e-02 2.304914779961109161e-02 5.314509570598602295e-02 1.343678496778011322e-02 4.705063998699188232e-02 1.455231104046106339e-02 4.882524907588958740e-02 4.527269676327705383e-02 2.878644876182079315e-02 2.665626583620905876e-03 3.890345245599746704e-02 2.517850324511528015e-02 1.629469683393836021e-03 2.423330396413803101e-02 1.133989356458187103e-02 3.549235314130783081e-02 3.597963135689496994e-03 2.980666235089302063e-02 4.802247881889343262e-02 2.261467836797237396e-02 1.119707524776458740e-02 5.068534240126609802e-02 1.763778738677501678e-02 2.871480770409107208e-02 3.819367662072181702e-02 4.806614294648170471e-02 4.313154146075248718e-02 2.478057146072387695e-02 2.126792445778846741e-02 1.390457060188055038e-02 8.973616641014814377e-04 3.430715203285217285e-02 2.475829049944877625e-02 1.254551392048597336e-02 2.492521330714225769e-02 3.650297969579696655e-02 5.083574354648590088e-02 4.761939123272895813e-02 4.915491119027137756e-02 2.413930138573050499e-03 5.250399932265281677e-03 3.908302262425422668e-02 1.137839537113904953e-02 4.988316074013710022e-02 4.464844614267349243e-02 3.952708840370178223e-02 5.820111557841300964e-02 2.427942492067813873e-02 4.528300836682319641e-02 6.930125411599874496e-03 8.922738954424858093e-03 4.911671951413154602e-02 8.514912426471710205e-02 1.421709060668945312e-01 8.462172746658325195e-02 7.060745730996131897e-03 3.324869275093078613e-02 3.897754475474357605e-02 4.639409855008125305e-02 3.131489828228950500e-02 2.410600893199443817e-03 1.371665950864553452e-02 2.550137042999267578e-02 4.207448288798332214e-02 2.643313445150852203e-02 3.546193242073059082e-02 1.048234291374683380e-02 3.762328252196311951e-02 4.453197494149208069e-02 3.169225528836250305e-03 5.083675496280193329e-03 1.693025231361389160e-03 6.975653115659952164e-03 2.826206199824810028e-02 2.524204179644584656e-02 2.385714463889598846e-02 3.345406055450439453e-02 8.295050822198390961e-03 1.603349857032299042e-02 3.985151275992393494e-02 1.451139058917760849e-02 2.949013002216815948e-02 4.280686751008033752e-02 1.585501432418823242e-02 2.587679401040077209e-02 1.527326274663209915e-02 1.072395313531160355e-02 5.043328739702701569e-03 3.662241622805595398e-02
1.098558865487575531e-02 1.207074383273720741e-03 1.769126276485621929e-03 5.147394537925720215e-01 1.395353823900222778e-01 4.342932254076004028e-03 1.928133424371480942e-03 2.421769872307777405e-02 4.576603323221206665e-02 2.154956571757793427e-03 6.698189303278923035e-03 1.778412796556949615e-02 1.672600768506526947e-02 4.981875419616699219e-02 4.275229573249816895e-02 2.720688842236995697e-02 2.233428694307804108e-02 1.120371837168931961e-02 4.175642505288124084e-02 1.908963546156883240e-02 4.884927719831466675e-02 3.081372752785682678e-02 3.386478498578071594e-02 4.954455792903900146e-02 3.004375100135803223e-02 2.966793254017829895e-02 3.195009753108024597e-02 1.758618652820587158e-02 2.068412862718105316e-02 1.664425060153007507e-02 3.306080400943756104e-02 2.470642328262329102e-03 2.657410502433776855e-02 6.819153204560279846e-04 5.258118733763694763e-02 5.312402918934822083e-02 4.360526800155639648e-02 3.631457686424255371e-02 2.064401097595691681e-02 1.205765642225742340e-02 1.574665494263172150e-02 7.805485278367996216e-03 2.282785484567284584e-03 5.661509931087493896e-02 4.707272350788116455e-02 5.228873714804649353e-02 3.311200812458992004e-02 4.149947315454483032e-02 5.603507906198501587e-02 1.714936643838882446e-02 6.424093246459960938e-02 4.418672993779182434e-02 3.974523395299911499e-02 1.719942130148410797e-02 1.272821519523859024e-02 2.122311107814311981e-02 7.315882947295904160e-03 3.271969035267829895e-02 1.345530711114406586e-02 2.627136930823326111e-02 1.126848626881837845e-02 4.311173409223556519e-02 3.723456710577011108e-02 3.899512812495231628e-02 2.896271459758281708e-02 2.719862014055252075e-02 1.028561126440763474e-02 1.471826992928981781e-02 5.282727628946304321e-02 2.706014784052968025e-03 4.659184068441390991e-02 8.309490047395229340e-03 8.240165561437606812e-02 3.050311468541622162e-02 3.095337888225913048e-03 2.319188602268695831e-02 1.568739116191864014e-02 1.302400231361389160e-02 1.952747814357280731e-02 5.098713934421539307e-02 7.433861494064331055e-03 1.006699074059724808e-02 5.805778503417968750e-02 4.416882991790771484e-02 1.458320301026105881e-02 1.693432452157139778e-03 4.502677172422409058e-02 5.061345547437667847e-02 1.053692214190959930e-02 2.540834061801433563e-02 2.167858183383941650e-02 5.453490465879440308e-02 4.254015162587165833e-02 5.022083222866058350e-02 2.159367129206657410e-02 3.709593415260314941e-02 8.927321992814540863e-03 3.480486571788787842e-02 2.259218133985996246e-02 8.235873654484748840e-03 2.200215496122837067e-02 1.936057955026626587e-02 3.097188286483287811e-02 1.395868230611085892e-02 3.014243021607398987e-02 4.640540853142738342e-02 2.255747839808464050e-02 3.105142340064048767e-02 1.260438654571771622e-02 2.528767846524715424e-02 5.281498655676841736e-02 3.647087141871452332e-02 3.315056860446929932e-02 2.249650470912456512e-02 2.802600711584091187e-02 2.184230089187622070e-02
3.343124687671661377e-02 3.703398257493972778e-02 7.271634880453348160e-03 1.395353823900222778e-01 5.208019614219665527e-01 3.140003234148025513e-02 5.569121800363063812e-03 2.024963125586509705e-02 7.120074704289436340e-03 4.719343408942222595e-02 8.755422197282314301e-03 1.456474512815475464e-02 1.968979090452194214e-02 3.037228621542453766e-02 2.194000780582427979e-02 4.187386482954025269e-02 4.372667521238327026e-02 5.456116050481796265e-02 1.111378241330385208e-02 1.419526617974042892e-02 2.883762679994106293e-02 3.164295852184295654e-02 1.218694448471069336e-02 3.213359788060188293e-02 5.011696740984916687e-02 3.664578869938850403e-02 1.194125507026910782e-02 5.075878463685512543e-03 2.928525954484939575e-02 7.539063692092895508e-03 4.706070944666862488e-02 3.162345662713050842e-02 1.015763357281684875e-02 2.094497904181480408e-02 2.450959756970405579e-02 4.903968423604965210e-02 4.614002257585525513e-02 3.484441712498664856e-02 5.881378427147865295e-02 6.633197516202926636e-02 2.415663376450538635e-02 3.973891958594322205e-02 2.940223552286624908e-02 2.011723071336746216e-02 6.495913490653038025e-03 3.420818224549293518e-02 3.015934303402900696e-02 2.538133971393108368e-02 5.132254213094711304e-02 1.306540518999099731e-02 4.682810604572296143e-02 2.030756510794162750e-02 3.217426314949989319e-02 4.969228524714708328e-03 6.576812360435724258e-03 1.091746031306684017e-03 8.570056408643722534e-03 4.594541341066360474e-02 1.283305138349533081e-02 2.125180326402187347e-02 6.637144833803176880e-03 2.251892909407615662e-02 6.329420953989028931e-03 2.440420538187026978e-02 4.439901933073997498e-02 4.351587966084480286e-02 9.433227591216564178e-03 1.935220323503017426e-02 8.506041951477527618e-03 1.453625463909702376e-05 8.527307771146297455e-03 1.195009145885705948e-02 8.214185386896133423e-02 3.513898700475692749e-02 3.584443777799606323e-02 3.559039533138275146e-02 2.464866079390048981e-02 1.638529449701309204e-02 4.989347234368324280e-02 2.248518168926239014e-02 9.458160959184169769e-03 2.266523614525794983e-02 8.545187860727310181e-02 9.834793955087661743e-02 4.270902834832668304e-03 1.133152469992637634e-02 5.002075806260108948e-02 5.312079563736915588e-02 1.909390836954116821e-02 6.063533946871757507e-04 4.270256310701370239e-02 5.319224670529365540e-02 1.601327396929264069e-02 4.254933074116706848e-02 1.280310750007629395e-02 4.694624245166778564e-02 1.686665602028369904e-02 2.205147966742515564e-02 1.330637000501155853e-02 9.661799296736717224e-03 3.820426017045974731e-02 7.612018380314111710e-03 2.357637695968151093e-02 3.412752877920866013e-03 3.237071260809898376e-02 2.488286979496479034e-02 2.520231297239661217e-03 1.812715269625186920e-02 5.779590923339128494e-03 2.585159055888652802e-02 4.391739889979362488e-02 5.681685358285903931e-02 3.502525389194488525e-02 3.571072965860366821e-02 4.093557596206665039e-02 3.938916604965925217e-03
1.597663164138793945e-01 1.381689459085464478e-01 2.789059840142726898e-02 4.342932254076004028e-03 3.140003234148025513e-02 5.135626196861267090e-01 1.746186614036560059e-01 1.130176824517548084e-03 2.836359292268753052e-02 2.594522200524806976e-02 8.692017942667007446e-02 4.705971106886863708e-02 4.630430787801742554e-02 7.362253218889236450e-02 4.373011365532875061e-02 2.641128376126289368e-02 2.887819893658161163e-02 4.827635828405618668e-03 8.092992007732391357e-03 2.839501574635505676e-02 4.429294541478157043e-02 2.095807716250419617e-02 3.870470449328422546e-03 4.427736625075340271e-02 2.187762781977653503e-02 8.394587785005569458e-03 4.565538838505744934e-02 4.492003098130226135e-02 4.364040214568376541e-03 2.746426872909069061e-02 4.588443785905838013e-02 3.898684680461883545e-02 2.110310197167564183e-05 3.793750330805778503e-02 4.509263671934604645e-03 3.714812174439430237e-02 3.537799417972564697e-02 3.848819807171821594e-02 2.576117031276226044e-02 2.192683145403862000e-02 3.899793699383735657e-02 1.680861599743366241e-02 2.438354119658470154e-02 4.088050499558448792e-02 3.046604432165622711e-02 3.070463053882122040e-02 1.038821190595626831e-01 3.463069675490260124e-03 3.635983169078826904e-02 2.621245011687278748e-02 2.288086153566837311e-02 3.212800249457359314e-02 1.477899402379989624e-02 3.197641344740986824e-03 3.794081509113311768e-03 1.532828900963068008e-02 3.315469250082969666e-02 1.884648762643337250e-02 1.244539115577936172e-02 9.570631198585033417e-03 5.140860378742218018e-02 2.269561029970645905e-02 3.685209155082702637e-02 4.744137078523635864e-02 1.579015515744686127e-02 3.319708257913589478e-02 1.688418164849281311e-02 5.115604773163795471e-02 2.542303316295146942e-02 3.228060901165008545e-02 3.237915784120559692e-02 2.092106081545352936e-02 8.091568946838378906e-03 2.270030044019222260e-02 5.788180232048034668e-02 8.341481909155845642e-03 6.893762387335300446e-03 2.870936505496501923e-02 4.044313356280326843e-02 5.175879597663879395e-02 1.046560937538743019e-03 4.503786098212003708e-03 2.871643193066120148e-02 3.112522140145301819e-02 1.974890753626823425e-02 4.419998452067375183e-02 1.782739907503128052e-02 1.574964262545108795e-02 3.223881870508193970e-02 1.615597307682037354e-02 7.423426723107695580e-04 1.658724620938301086e-02 3.494632663205265999e-03 5.111129209399223328e-02 1.956870779395103455e-02 6.388587504625320435e-02 1.921413466334342957e-02 2.657010406255722046e-02 3.391317650675773621e-02 4.297627136111259460e-02 3.166449954733252525e-03 2.210223861038684845e-02 4.651691019535064697e-02 2.528328821063041687e-02 2.470766939222812653e-02 4.312046989798545837e-02 6.885818671435117722e-03 2.418027818202972412e-02 1.283216848969459534e-02 1.198217738419771194e-02 4.459902644157409668e-02 3.759086877107620239e-02 2.411288395524024963e-02 3.955318033695220947e-02 4.571057856082916260e-03 4.709423705935478210e-02
1.298100203275680542e-01 1.035619154572486877e-01 3.608012571930885315e-02 1.928133424371480942e-03 5.569121800363063812e-03 1.746186614036560059e-01 5.208036303520202637e-01 3.991644829511642456e-02 1.241646427661180496e-02 2.708208933472633362e-02 8.634246885776519775e-02 1.147142238914966583e-02 5.717499926686286926e-02 3.641973063349723816e-02 3.996640443801879883e-02 2.813502587378025055e-02 2.853995747864246368e-02 1.400825567543506622e-02 6.690972950309514999e-03 1.681046746671199799e-02 2.812175778672099113e-03 1.583939604461193085e-02 1.744058448821306229e-03 3.617940098047256470e-02 4.536662995815277100e-02 4.194219782948493958e-02 1.145003363490104675e-02 4.033662751317024231e-02 4.452972859144210815e-02 4.685941338539123535e-02 1.481735426932573318e-02 2.933470346033573151e-02 1.143859699368476868e-02 4.586702678352594376e-03 2.363253757357597351e-02 4.782031103968620300e-02 2.650830894708633423e-02 1.454190630465745926e-02 1.607201807200908661e-02 1.279086247086524963e-02 6.061953678727149963e-02 3.504411503672599792e-02 1.283084135502576828e-02 1.502139121294021606e-02 2.096421830356121063e-02 3.853767365217208862e-02 9.024197608232498169e-02 2.991553395986557007e-02 4.784883186221122742e-02 3.827564418315887451e-02 2.006534300744533539e-02 3.412285447120666504e-02 4.268166422843933105e-02 2.105844579637050629e-02 1.024697721004486084e-02 2.357266843318939209e-02 2.756640128791332245e-02 2.856848947703838348e-02 2.958141826093196869e-02 3.814983367919921875e-02 3.049218468368053436e-02 2.950198203325271606e-02 2.154115354642271996e-03 1.673362031579017639e-02 9.820658015087246895e-04 1.895758137106895447e-02 1.561165694147348404e-02 4.643736407160758972e-03 2.671296522021293640e-02 5.534515157341957092e-02 3.005005419254302979e-02 3.395171463489532471e-02 5.065647140145301819e-02 2.550248056650161743e-02 8.238513953983783722e-03 3.161703795194625854e-02 2.894430980086326599e-02 3.676414117217063904e-02 4.850393906235694885e-02 6.841704994440078735e-02 1.003307849168777466e-02 2.390001900494098663e-02 1.255209092050790787e-02 1.338219549506902695e-02 3.622188046574592590e-02 3.809181973338127136e-03 1.305166725069284439e-02 9.955947287380695343e-03 1.837152615189552307e-02 1.635902188718318939e-02 2.943537570536136627e-02 3.532177209854125977e-02 3.969445452094078064e-02 3.718274086713790894e-02 1.700649037957191467e-02 2.027483843266963959e-02 8.848200552165508270e-03 1.727418042719364166e-03 2.827817015349864960e-02 2.802455611526966095e-02 4.972821101546287537e-03 3.878312185406684875e-02 2.892085164785385132e-02 1.695662178099155426e-02 2.013356424868106842e-02 4.295521602034568787e-02 1.647008024156093597e-02 1.839013583958148956e-02 1.324157230556011200e-02 2.114994637668132782e-02 3.517950326204299927e-02 2.449590340256690979e-02 2.441995404660701752e-02 1.094990689307451248e-02 4.827198386192321777e-02 5.772875249385833740e-02
3.240858018398284912e-02 2.046302519738674164e-02 1.571144312620162964e-01 2.421769872307777405e-02 2.024963125586509705e-02 1.130176824517548084e-03 3.991644829511642456e-02 5.186004042625427246e-01 1.626912690699100494e-02 2.763262018561363220e-02 3.645367221906781197e-03 3.998391702771186829e-02 1.620916649699211121e-02 3.924063593149185181e-02 7.112205028533935547e-02 2.153243869543075562e-02 7.111884653568267822e-03 4.650084301829338074e-02 2.178200334310531616e-02 1.555776596069335938e-02 3.260154742747545242e-03 1.796622062101960182e-03 5.787196010351181030e-02 7.637115661054849625e-03 4.585379268974065781e-03 2.146006189286708832e-02 3.201575484126806259e-03 5.620965361595153809e-02 6.166108418256044388e-03 5.488389730453491211e-02 1.442722138017416000e-02 6.346635986119508743e-03 1.564751379191875458e-03 1.837396994233131409e-02 1.306124310940504074e-02 9.263725951313972473e-03 1.436389517039060593e-02 5.212666094303131104e-02 5.597541108727455139e-03 5.158895626664161682e-02 4.689292237162590027e-02 5.133645609021186829e-03 1.947453990578651428e-02 2.318266406655311584e-02 2.466047182679176331e-02 2.241948246955871582e-02 4.103265330195426941e-02 1.653323322534561157e-02 4.881370812654495239e-02 3.166584298014640808e-02 6.037334445863962173e-03 2.497700043022632599e-02 1.310097239911556244e-02 1.240131352096796036e-02 8.222131058573722839e-03 4.021476209163665771e-02 1.635233126580715179e-02 1.820566318929195404e-02 4.542902484536170959e-02 1.654487685300409794e-03 2.105904044583439827e-03 9.332232177257537842e-03 2.666256576776504517e-02 4.061376675963401794e-02 3.254639357328414917e-02 2.833048254251480103e-02 3.281169384717941284e-02 1.287159044295549393e-02 5.527316778898239136e-02 3.949834778904914856e-02 3.707567229866981506e-02 1.260115299373865128e-02 3.948041051626205444e-02 6.334166973829269409e-02 4.070175439119338989e-02 3.053669445216655731e-02 4.679850768297910690e-03 1.867522660177201033e-04 3.149763122200965881e-02 3.888184949755668640e-02 1.390524953603744507e-01 1.186770871281623840e-01 9.967057034373283386e-03 4.240737482905387878e-02 1.563403196632862091e-02 3.044777177274227142e-02 6.016938388347625732e-02 2.534379437565803528e-02 3.579912707209587097e-02 4.521010071039199829e-02 4.224804043769836426e-02 1.732923276722431183e-02 3.194170445203781128e-02 4.136565700173377991e-02 2.750555798411369324e-02 2.632382512092590332e-02 4.005371779203414917e-02 1.428991183638572693e-02 4.571847245097160339e-02 4.293051362037658691e-02 9.518476203083992004e-03 2.378857694566249847e-02 2.519055828452110291e-02 1.660351641476154327e-02 9.016630239784717560e-03 2.089164964854717255e-02 3.949245810508728027e-02 9.087921120226383209e-03 1.321405544877052307e-02 2.478032186627388000e-02 3.879399446304887533e-04 2.724021906033158302e-03 3.264501690864562988e-02 2.607936598360538483e-02 3.675860539078712463e-02 1.318813674151897430e-02
3.108093142509460449e-02 1.306321751326322556e-02 2.355481730774044991e-03 4.576603323221206665e-02 7.120074704289436340e-03 2.836359292268753052e-02 1.241646427661180496e-02 1.626912690699100494e-02 5.188388228416442871e-01 3.583052754402160645e-02 7.536118500865995884e-04 9.868350811302661896e-03 1.002554036676883698e-02 2.836917992681264877e-03 2.912441827356815338e-02 2.115250378847122192e-02 9.839111939072608948e-03 4.859613999724388123e-02 1.339783985167741776e-02 4.241417720913887024e-02 1.507362723350524902e-02 1.044523157179355621e-02 4.817087203264236450e-02 1.336642913520336151e-02 4.440939053893089294e-02 2.097485773265361786e-02 2.250087261199951172e-02 3.494649380445480347e-02 2.322528697550296783e-02 5.985555797815322876e-02 1.346694771200418472e-02 4.393898323178291321e-02 4.429643973708152771e-02 7.733349921181797981e-04 4.179867729544639587e-02 1.596950739622116089e-02 5.772155709564685822e-03 1.088341418653726578e-02 2.562064491212368011e-02 5.118095502257347107e-02 3.446730226278305054e-02 4.337527789175510406e-03 5.591216962784528732e-03 2.208771184086799622e-02 5.097179859876632690e-02 2.508075162768363953e-02 1.234549004584550858e-02 2.954562008380889893e-02 4.515769332647323608e-02 3.104575909674167633e-02 1.332662161439657211e-02 9.081101045012474060e-03 4.805740341544151306e-02 1.975208148360252380e-02 4.255355522036552429e-02 2.972049079835414886e-02 8.209578692913055420e-02 1.354197319597005844e-02 2.838283590972423553e-02 9.845368564128875732e-03 2.858732827007770538e-02 5.100223235785961151e-03 5.286135524511337280e-02 1.883823797106742859e-02 2.016333863139152527e-02 4.218483809381723404e-03 1.712295040488243103e-02 2.767111174762248993e-02 5.026100575923919678e-02 3.682463988661766052e-02 4.517583176493644714e-02 6.827473640441894531e-02 2.487874962389469147e-02 2.415446564555168152e-03 1.714546978473663330e-02 6.940066814422607422e-02 1.059192270040512085e-01 1.671587303280830383e-02 6.649348139762878418e-02 3.488874062895774841e-02 4.778036475181579590e-02 1.234513334929943085e-02 4.878945276141166687e-02 3.484630212187767029e-02 2.619720995426177979e-02 3.454642836004495621e-03 4.799130838364362717e-03 6.678730715066194534e-03 6.072001904249191284e-02 2.867109142243862152e-02 4.748561419546604156e-03 5.929924547672271729e-03 4.577522724866867065e-02 4.500808194279670715e-02 1.970114186406135559e-02 4.107927531003952026e-02 1.557001378387212753e-02 4.149327054619789124e-02 5.432971939444541931e-02 1.098031830042600632e-02 1.002568937838077545e-02 1.310242433100938797e-02 1.296087261289358139e-02 4.675365611910820007e-02 4.711371660232543945e-02 2.547276020050048828e-02 4.334301501512527466e-02 2.387047000229358673e-02 1.288581918925046921e-02 4.795307666063308716e-02 5.187047272920608521e-02 1.590148359537124634e-02 3.535453602671623230e-02 1.966081559658050537e-02 3.885401412844657898e-02 4.026239365339279175e-02
3.686128929257392883e-02 4.465780034661293030e-02 2.544408664107322693e-02 2.154956571757793427e-03 4.719343408942222595e-02 2.594522200524806976e-02 2.708208933472633362e-02 2.763262018561363220e-02 3.583052754402160645e-02 5.180503129959106445e-01 5.290926992893218994e-02 1.806476712226867676e-02 8.234492503106594086e-03 4.740919452160596848e-03 3.879007697105407715e-02 1.887587457895278931e-02 2.794193848967552185e-02 2.947638183832168579e-02 9.778238832950592041e-02 1.604543998837471008e-02 4.938397556543350220e-02 1.545676495879888535e-02 4.676127806305885315e-02 3.761528804898262024e-02 2.519530430436134338e-02 3.259047493338584900e-02 2.387562952935695648e-02 9.782414883375167847e-03 1.598855108022689819e-02 1.007550023496150970e-02 2.546142227947711945e-02 3.800496831536293030e-02 6.493200547993183136e-03 6.883115973323583603e-03 3.851536894217133522e-04 1.167802256532013416e-04 1.131839863955974579e-02 4.543538019061088562e-02 5.189899355173110962e-02 2.159868367016315460e-02 2.908167243003845215e-02 3.859979333356022835e-03 4.517234116792678833e-02 4.560165479779243469e-02 1.712258346378803253e-02 3.649606555700302124e-02 1.803829893469810486e-02 1.501450873911380768e-02 3.185676783323287964e-02 5.881264060735702515e-02 4.106373060494661331e-03 3.279417520388960838e-03 1.338554825633764267e-02 1.073116622865200043e-02 2.206277847290039062e-02 7.829491049051284790e-02 2.280279994010925293e-03 9.173758327960968018e-02 4.921850934624671936e-02 2.419606409966945648e-02 1.004506181925535202e-02 9.791473299264907837e-02 3.305706894025206566e-03 4.267410188913345337e-02 1.886496320366859436e-02 3.227062523365020752e-02 1.291105989366769791e-02 3.011715225875377655e-02 3.588216006755828857e-02 4.043830931186676025e-02 4.812283441424369812e-02 3.493970632553100586e-02 2.542319148778915405e-02 4.617331176996231079e-02 3.558569774031639099e-02 2.301892079412937164e-02 2.469808049499988556e-02 9.095208346843719482e-02 7.453720271587371826e-02 1.198420077562332153e-01 6.261441856622695923e-03 2.991076372563838959e-02 2.522535389289259911e-03 3.521366417407989502e-02 1.485227607190608978e-02 1.458921097218990326e-02 4.432644322514533997e-02 5.032401904463768005e-02 3.750876709818840027e-02 2.632561698555946350e-02 1.897407509386539459e-02 4.239055514335632324e-02 3.985798358917236328e-02 3.520641103386878967e-02 2.679500263184309006e-03 3.861011564731597900e-02 4.393194615840911865e-02 3.672339022159576416e-02 1.093825604766607285e-02 3.003798425197601318e-02 4.607167467474937439e-02 4.141426086425781250e-02 4.751036874949932098e-03 6.705204490572214127e-03 4.446765407919883728e-02 1.245325151830911636e-02 2.608868479728698730e-02 1.314777042716741562e-02 1.423206087201833725e-02 3.596660122275352478e-02 4.487353935837745667e-02 4.257116094231605530e-02 2.676870906725525856e-03 2.879608608782291412e-02 8.810161612927913666e-03 4.512526094913482666e-02
1.235493347048759460e-01 8.745396882295608521e-02 3.696731477975845337e-02 6.698189303278923035e-03 8.755422197282314301e-03 8.692017942667007446e-02 8.634246885776519775e-02 3.645367221906781197e-03 7.536118500865995884e-04 5.290926992893218994e-02 5.272096395492553711e-01 3.932726010680198669e-02 8.010663837194442749e-02 3.975066915154457092e-02 2.939318306744098663e-02 5.569423083215951920e-03 1.272760517895221710e-02 4.451118037104606628e-02 5.043393000960350037e-02 1.542120426893234253e-02 1.066600531339645386e-02 2.924684062600135803e-02 8.360553532838821411e-03 3.467421606183052063e-02 4.100285470485687256e-03 3.916149213910102844e-02 5.164181441068649292e-02 2.004117518663406372e-02 1.933116838335990906e-02 1.788216643035411835e-02 2.088352665305137634e-02 2.644884586334228516e-02 3.655180335044860840e-02 9.148927405476570129e-03 1.673703826963901520e-02 2.478196285665035248e-02 5.759732332080602646e-03 1.833630539476871490e-02 1.146840024739503860e-02 3.953634947538375854e-02 4.068211186677217484e-03 3.659546375274658203e-02 1.120000146329402924e-02 3.100526705384254456e-02 4.635054618120193481e-02 4.386530257761478424e-03 5.372642353177070618e-02 4.016208276152610779e-02 8.508198894560337067e-03 6.291935686022043228e-03 9.957673959434032440e-03 2.441357448697090149e-02 5.660354718565940857e-02 1.775542646646499634e-02 1.841237396001815796e-02 5.286224186420440674e-02 1.603029295802116394e-02 3.627623617649078369e-02 1.970172859728336334e-02 3.183810040354728699e-02 5.684435018338263035e-04 6.885228212922811508e-03 2.561756409704685211e-03 2.770161814987659454e-02 4.209287837147712708e-02 2.826884947717189789e-02 1.841351576149463654e-02 8.337849751114845276e-03 2.908889017999172211e-02 2.802067436277866364e-02 1.501732971519231796e-02 2.272962592542171478e-02 7.021209690719842911e-03 2.179224276915192604e-03 4.088184610009193420e-02 2.708244509994983673e-02 2.653521113097667694e-02 5.275782942771911621e-02 1.683464646339416504e-02 1.999872550368309021e-02 3.231250494718551636e-02 1.445972174406051636e-02 4.631636664271354675e-03 9.490589611232280731e-03 3.095841780304908752e-02 2.052515186369419098e-02 2.912583574652671814e-02 4.336367826908826828e-03 2.755710296332836151e-02 4.066078737378120422e-02 2.647019922733306885e-02 5.528819188475608826e-02 2.015691809356212616e-02 8.515103720128536224e-03 2.792831324040889740e-02 1.204736810177564621e-02 7.413057610392570496e-03 4.694324161391705275e-04 2.838763035833835602e-02 3.468378633260726929e-02 3.014521487057209015e-02 1.618949137628078461e-02 3.920299932360649109e-02 4.814231768250465393e-02 3.364143520593643188e-02 1.638629846274852753e-02 4.595202580094337463e-02 5.108747631311416626e-02 4.324986785650253296e-02 1.576774194836616516e-02 4.372401908040046692e-02 4.600546881556510925e-02 1.459391135722398758e-02 3.559824544936418533e-03 3.723020851612091064e-02 2.698090486228466034e-02
9.169399738311767578e-03 2.893484197556972504e-02 1.952866092324256897e-02 1.778412796556949615e-02 1.456474512815475464e-02 4.705971106886863708e-02 1.147142238914966583e-02 3.998391702771186829e-02 9.868350811302661896e-03 1.806476712226867676e-02 3.932726010680198669e-02 5.194308757781982422e-01 2.172272419556975365e-03 5.631044879555702209e-02 1.222536712884902954e-02 9.834932861849665642e-04 2.495725266635417938e-02 2.716450579464435577e-02 2.446584403514862061e-02 4.809343442320823669e-02 1.363686565309762955e-02 4.113993607461452484e-03 1.651860214769840240e-02 1.118137501180171967e-02 7.447993382811546326e-03 8.500257506966590881e-03 7.448548451066017151e-03 4.020935669541358948e-02 2.746848855167627335e-03 4.327939823269844055e-02 1.590553484857082367e-02 6.635270081460475922e-03 8.108807727694511414e-03 3.356220200657844543e-02 1.988593861460685730e-02 2.788018807768821716e-02 5.699247866868972778e-02 4.624652490019798279e-02 2.109931968152523041e-02 1.243343111127614975e-02 3.956659231334924698e-03 1.204510312527418137e-02 2.311198040843009949e-02 3.389942646026611328e-02 3.466663137078285217e-02 4.676684737205505371e-03 1.910900883376598358e-02 2.247991040349006653e-02 8.181006647646427155e-03 3.384854644536972046e-02 1.666618883609771729e-02 1.818215660750865936e-02 3.376253321766853333e-02 1.801268942654132843e-02 2.284829132258892059e-02 1.538907177746295929e-02 7.932801963761448860e-05 3.153042867779731750e-02 1.907377503812313080e-02 1.834345050156116486e-02 1.768097281455993652e-02 2.451241016387939453e-02 2.263395674526691437e-02 1.292102970182895660e-02 6.638855207711458206e-03 9.911226108670234680e-03 5.655243527144193649e-03 2.216311916708946228e-02 6.552142091095447540e-03 2.034955425187945366e-03 1.065435819327831268e-02 2.704963088035583496e-02 3.614352643489837646e-02 1.013635564595460892e-02 1.326763350516557693e-02 3.288215026259422302e-03 4.380121454596519470e-02 1.875449717044830322e-02 2.736241929233074188e-02 1.952812261879444122e-02 3.108043968677520752e-02 5.670746043324470520e-02 1.029253471642732620e-02 9.762577712535858154e-03 2.469471469521522522e-02 5.594329163432121277e-02 5.378460139036178589e-02 3.679775446653366089e-02 5.892822146415710449e-02 5.618178471922874451e-02 1.419299375265836716e-02 7.152524311095476151e-03 3.910467028617858887e-03 4.325051233172416687e-02 3.134432435035705566e-02 3.558538854122161865e-02 1.990108378231525421e-02 3.270423039793968201e-02 4.283417016267776489e-02 3.760589286684989929e-02 3.587782382965087891e-02 2.283941395580768585e-02 6.064363196492195129e-02 2.612876892089843750e-02 3.453708440065383911e-02 2.596831507980823517e-02 4.622934386134147644e-02 5.766802281141281128e-02 1.355022750794887543e-02 5.308073479682207108e-03 1.873204135335981846e-03 2.582640387117862701e-02 3.846554458141326904e-02 1.354801747947931290e-02 1.960461959242820740e-02 1.168536301702260971e-02
8.607435971498489380e-02 7.445803284645080566e-02 1.416654698550701141e-02 1.672600768506526947e-02 1.968979090452194214e-02 4.630430787801742554e-02 5.717499926686286926e-02 1.620916649699211121e-02 1.002554036676883698e-02 8.234492503106594086e-03 8.010663837194442749e-02 2.172272419556975365e-03 5.275075435638427734e-01 3.433141484856605530e-02 3.719300031661987305e-02 2.219076640903949738e-02 4.010185971856117249e-02 5.555305629968643188e-02 1.325889863073825836e-02 3.541229292750358582e-02 4.391764849424362183e-02 2.936210669577121735e-02 1.397242583334445953e-02 4.176382347941398621e-02 7.186080794781446457e-03 5.129699036478996277e-02 1.833520643413066864e-02 1.557369157671928406e-02 3.128052689135074615e-03 7.818884216248989105e-03 5.699490010738372803e-02 9.601220488548278809e-03 4.766901209950447083e-02 2.804183633998036385e-03 1.933331415057182312e-02 1.481478847563266754e-02 4.044182971119880676e-02 4.394419491291046143e-02 3.423467278480529785e-02 3.746533766388893127e-02 4.630553722381591797e-02 2.765470743179321289e-02 1.363720372319221497e-02 3.318623080849647522e-02 1.349088363349437714e-02 2.601934596896171570e-02 8.622257970273494720e-03 4.384550079703330994e-02 5.834085401147603989e-03 5.647094920277595520e-03 4.610178247094154358e-02 4.247415065765380859e-02 2.883648686110973358e-02 1.088118273764848709e-02 3.785107657313346863e-02 3.192423656582832336e-02 4.773841425776481628e-02 1.685338094830513000e-02 2.036407589912414551e-02 3.391674952581524849e-03 5.653777625411748886e-03 3.156202286481857300e-02 4.469655454158782959e-02 1.911922171711921692e-02 2.693397365510463715e-02 3.935795277357101440e-02 2.532321028411388397e-02 2.222333289682865143e-02 1.048552617430686951e-02 3.689465671777725220e-02 1.549517922103404999e-02 5.287918262183666229e-03 5.994864739477634430e-03 4.262756183743476868e-02 2.435971237719058990e-02 3.581639612093567848e-03 4.920649901032447815e-02 4.015350248664617538e-03 5.039262771606445312e-02 5.423817783594131470e-02 1.389322802424430847e-02 3.796057542786002159e-03 2.639031969010829926e-02 3.660023678094148636e-03 1.900788629427552223e-05 9.914942085742950439e-03 3.042121045291423798e-02 2.107527293264865875e-02 1.545109041035175323e-02 2.524250000715255737e-02 2.208746410906314850e-02 4.215867444872856140e-02 5.698083434253931046e-03 8.269257843494415283e-03 4.059997946023941040e-02 2.027648501098155975e-02 6.914978846907615662e-03 3.041780786588788033e-03 5.553727503865957260e-03 5.239496007561683655e-03 4.498586803674697876e-02 9.230853989720344543e-03 1.454252563416957855e-02 2.433788590133190155e-02 5.102966353297233582e-02 7.375084795057773590e-03 2.573623135685920715e-02 1.959255151450634003e-02 1.970241591334342957e-02 6.176843773573637009e-03 6.274029146879911423e-03 3.764789551496505737e-02 2.723039360716938972e-04 2.694153785705566406e-02 3.436846658587455750e-02 3.114976361393928528e-02
