4.803960919380187988e-01 1.863206624984741211e-01 2.409581560641527176e-03 4.519468173384666443e-02 4.260262101888656616e-02 3.470113873481750488e-02 9.761652327142655849e-04 3.865426033735275269e-02 3.071563132107257843e-02 1.187821570783853531e-02 1.147046014666557312e-01 3.006927482783794403e-02 7.661662995815277100e-02 3.208818286657333374e-02 5.815724842250347137e-03 3.055438399314880371e-02 1.480463519692420959e-02 7.576109468936920166e-02 7.991884648799896240e-02 3.574761375784873962e-02 2.780324406921863556e-02 4.052536934614181519e-02 1.537364255636930466e-02 2.719642035663127899e-02 2.337280288338661194e-02 2.703115344047546387e-02 1.250897627323865891e-02 8.729563094675540924e-03 5.901049077510833740e-02 3.418797627091407776e-02 3.262957930564880371e-02 4.599336534738540649e-03 2.016179822385311127e-02 4.393987357616424561e-03 3.122917748987674713e-02 1.643431745469570160e-02 2.130666375160217285e-02 1.601957157254219055e-02 4.428662732243537903e-02 4.036920145153999329e-03 7.201875746250152588e-02 1.054391730576753616e-02 2.554356493055820465e-02 6.155420467257499695e-02 2.222425676882266998e-02 4.560011625289916992e-02 2.471166662871837616e-02 1.546432636678218842e-02 1.466258987784385681e-02 2.184889838099479675e-02 1.510768756270408630e-02 4.347955435514450073e-02 3.242219612002372742e-02 1.145452260971069336e-02 3.725441172719001770e-02 1.221862901002168655e-02 4.001143202185630798e-02 2.214573556557297707e-03 4.003807529807090759e-02 9.733218699693679810e-03 1.223731320351362228e-02 4.950211569666862488e-02 3.459362313151359558e-02 2.131308987736701965e-02 3.514719009399414062e-02 5.242127552628517151e-02 4.137447103857994080e-02 3.881410136818885803e-02 2.550661377608776093e-02 5.664303898811340332e-02 1.961209252476692200e-02 2.144480496644973755e-02 5.255538225173950195e-02 1.177992857992649078e-02 5.580623447895050049e-02 3.705836832523345947e-02 3.337145596742630005e-02 3.971736133098602295e-02 4.899503663182258606e-03 4.031730815768241882e-02 2.779313176870346069e-02 3.180013224482536316e-02 2.271020971238613129e-02 2.122080512344837189e-02 4.818235337734222412e-02 1.629664935171604156e-02 1.699759252369403839e-02 8.748710155487060547e-03 4.207539185881614685e-02 5.107963457703590393e-02 5.060957744717597961e-03 5.801199376583099365e-02 9.389665909111499786e-03 1.241544261574745178e-02 1.746329478919506073e-03 1.462985761463642120e-02 3.333941640448756516e-05 2.264603599905967712e-02 2.233237586915493011e-02 4.488426446914672852e-02 2.640488743782043457e-02 3.313400596380233765e-02 1.624632254242897034e-02 4.275537282228469849e-02 2.503758482635021210e-02 2.588081732392311096e-02 6.468610372394323349e-03 1.815689913928508759e-02 2.770964242517948151e-02 9.462640620768070221e-03 3.676187247037887573e-02 9.053623303771018982e-03 2.986740693449974060e-02 1.927064359188079834e-02 7.081525772809982300e-02 4.154397174715995789e-04
1.863206624984741211e-01 4.844573438167572021e-01 2.397013083100318909e-02 2.111299335956573486e-02 1.008776295930147171e-02 5.049860849976539612e-02 5.256771296262741089e-02 3.348692879080772400e-02 3.516438975930213928e-02 8.939619176089763641e-03 9.582617878913879395e-02 3.293287754058837891e-02 9.331391006708145142e-02 4.348190873861312866e-02 1.452687289565801620e-02 1.809831149876117706e-02 1.715870108455419540e-03 6.013283133506774902e-02 7.705271244049072266e-02 3.305303305387496948e-02 2.943936362862586975e-02 3.352593258023262024e-02 1.082510594278573990e-02 9.769987314939498901e-03 4.551753401756286621e-02 4.439707845449447632e-02 1.609012112021446228e-02 3.446472063660621643e-02 5.589269101619720459e-02 3.284697607159614563e-02 5.178702250123023987e-02 1.717131957411766052e-02 3.012454695999622345e-02 1.554548926651477814e-02 3.031196771189570427e-03 3.965717181563377380e-02 3.978869318962097168e-02 4.013270512223243713e-02 1.651393249630928040e-02 5.096323438920080662e-04 4.139786213636398315e-02 1.258721947669982910e-02 1.173632126301527023e-02 3.362594917416572571e-02 7.383805699646472931e-03 4.641719628125429153e-03 1.090781297534704208e-03 1.687349379062652588e-02 1.409396179951727390e-03 5.470811575651168823e-02 4.351336136460304260e-02 1.866949535906314850e-02 1.082873716950416565e-02 7.574172224849462509e-03 3.441845625638961792e-02 2.344031631946563721e-02 4.389067366719245911e-02 3.746180981397628784e-02 1.673126593232154846e-03 1.492139138281345367e-02 1.330298930406570435e-02 4.973115399479866028e-02 4.015804082155227661e-02 3.691592812538146973e-02 3.825044259428977966e-02 3.398711606860160828e-02 4.713395982980728149e-02 2.805352397263050079e-02 2.159008756279945374e-02 6.351490318775177002e-02 2.985686063766479492e-03 3.687087446451187134e-02 3.509635478258132935e-02 1.824727654457092285e-02 3.379172086715698242e-02 2.995187602937221527e-02 9.897042065858840942e-03 5.078801140189170837e-02 3.549749031662940979e-02 1.096599549055099487e-02 4.297298565506935120e-02 5.715360864996910095e-03 1.635671220719814301e-02 3.302344307303428650e-02 3.753063827753067017e-02 8.901221677660942078e-03 1.411938574165105820e-02 5.501066800206899643e-03 3.381076827645301819e-02 4.386341571807861328e-02 9.118151850998401642e-03 5.903369560837745667e-02 1.034170854836702347e-02 1.695648394525051117e-02 2.321025356650352478e-02 1.062384247779846191e-02 2.248377539217472076e-02 3.058519214391708374e-03 2.803560346364974976e-02 3.080914728343486786e-03 2.979769837111234665e-03 7.520407438278198242e-03 4.910490941256284714e-03 3.795848414301872253e-02 3.686763718724250793e-02 2.382153458893299103e-02 1.417808514088392258e-02 3.953509405255317688e-02 9.969399310648441315e-03 4.978131502866744995e-02 7.858844473958015442e-03 3.409967944025993347e-02 3.778974292799830437e-03 1.896199770271778107e-02 2.724376320838928223e-02 2.080507948994636536e-02
2.409581560641527176e-03 2.397013083100318909e-02 4.539614915847778320e-01 4.130231589078903198e-02 1.922121085226535797e-02 9.184070862829685211e-03 6.674509961158037186e-03 7.047975063323974609e-02 1.776061765849590302e-02 1.158588565886020660e-02 2.340538240969181061e-02 7.984133064746856689e-02 2.356864046305418015e-03 6.257478147745132446e-02 4.190045222640037537e-02 2.650372125208377838e-02 3.126574680209159851e-02 1.457306742668151855e-02 1.883390918374061584e-02 2.739661373198032379e-02 1.636075554415583611e-03 1.044674683362245560e-02 1.379946805536746979e-02 4.298968240618705750e-02 7.058029994368553162e-03 3.841141983866691589e-02 5.228912085294723511e-02 8.212470449507236481e-03 3.010922484099864960e-02 2.391440235078334808e-02 2.626083977520465851e-02 5.194244440644979477e-03 1.743517443537712097e-02 3.846827521920204163e-02 3.955126181244850159e-02 2.666412619873881340e-04 3.058864385820925236e-04 2.748010680079460144e-02 2.137625217437744141e-02 3.711975738406181335e-02 1.656595058739185333e-02 3.139954060316085815e-02 4.741312563419342041e-02 1.344297174364328384e-02 2.190031856298446655e-02 7.211261428892612457e-03 4.298971593379974365e-02 3.352958709001541138e-02 1.352167874574661255e-02 4.273350909352302551e-02 4.775053355842828751e-03 3.279512748122215271e-02 2.687525004148483276e-02 4.159361869096755981e-02 2.801656350493431091e-02 3.773290896788239479e-03 1.181365456432104111e-02 5.070668831467628479e-02 1.262160576879978180e-02 5.315310135483741760e-02 5.115801002830266953e-03 3.683952614665031433e-02 3.779958933591842651e-02 1.947670988738536835e-02 3.698977176100015640e-03 1.617604494094848633e-02 4.456680640578269958e-02 7.417732384055852890e-03 4.047197103500366211e-02 3.111009672284126282e-02 2.247581258416175842e-02 1.228307094424962997e-02 2.877091802656650543e-02 2.884571626782417297e-02 4.284990578889846802e-02 2.077761478722095490e-02 2.177639631554484367e-03 6.482142489403486252e-03 1.453534141182899475e-02 1.533005479723215103e-02 1.889889091253280640e-01 1.279663480818271637e-02 3.661103174090385437e-02 2.182790450751781464e-02 8.353266865015029907e-03 4.487216006964445114e-03 3.931383788585662842e-02 5.467876419425010681e-02 4.329545889049768448e-03 3.542987629771232605e-02 2.635398507118225098e-02 3.974572941660881042e-02 3.731139935553073883e-03 1.748241111636161804e-02 1.474934071302413940e-02 3.318378236144781113e-03 2.863624505698680878e-02 3.177293017506599426e-02 4.643849562853574753e-03 2.934855222702026367e-02 1.067656837403774261e-02 1.952209882438182831e-02 1.370375975966453552e-02 6.848340481519699097e-02 3.457037732005119324e-02 1.879767701029777527e-02 2.156159281730651855e-02 1.041649747639894485e-02 3.687641769647598267e-02 6.704606581479310989e-03 1.527964835986495018e-03 3.562267869710922241e-02 6.825132761150598526e-03 1.947981305420398712e-02 2.604184672236442566e-02 1.838663220405578613e-02
4.519468173384666443e-02 2.111299335956573486e-02 4.130231589078903198e-02 4.837534129619598389e-01 1.131229773163795471e-01 3.543609008193016052e-02 1.855337060987949371e-02 1.499713119119405746e-02 2.783573977649211884e-02 4.701055213809013367e-02 2.027684450149536133e-02 3.572303056716918945e-02 1.378498040139675140e-02 1.972034201025962830e-02 6.481606978923082352e-03 5.566306039690971375e-02 4.670011624693870544e-02 5.855854973196983337e-02 2.902826108038425446e-02 3.535791113972663879e-02 3.445732640102505684e-03 1.385640352964401245e-02 5.124128982424736023e-02 4.530205205082893372e-02 3.325015306472778320e-02 1.634015701711177826e-02 4.228561650961637497e-03 6.749202497303485870e-03 1.663176342844963074e-02 3.799732029438018799e-02 6.445057224482297897e-03 2.496990747749805450e-02 4.934792220592498779e-02 4.307853803038597107e-02 4.346247017383575439e-02 4.606785625219345093e-02 3.538406267762184143e-02 4.016982764005661011e-02 8.294988423585891724e-02 8.712004125118255615e-02 3.097142837941646576e-02 3.809716552495956421e-02 2.132762037217617035e-02 3.989173471927642822e-02 5.623430013656616211e-02 2.413104753941297531e-03 4.909091442823410034e-02 4.069376736879348755e-02 3.609633818268775940e-02 1.313444878906011581e-02 4.091885313391685486e-02 1.472769025713205338e-02 4.478453099727630615e-02 2.159011177718639374e-02 3.148189187049865723e-02 5.918903741985559464e-03 3.322386741638183594e-02 2.178890444338321686e-02 1.275726873427629471e-02 2.237527817487716675e-02 7.718936353921890259e-02 1.506647188216447830e-02 6.716703530400991440e-03 1.465485431253910065e-02 1.795522309839725494e-02 2.029595524072647095e-02 3.260021656751632690e-02 8.280990645289421082e-03 9.168935008347034454e-03 5.375004559755325317e-02 6.170937325805425644e-03 1.610265113413333893e-02 1.184757128357887268e-01 3.686363343149423599e-03 7.753843814134597778e-02 2.201433107256889343e-02 9.767152369022369385e-03 4.968371614813804626e-02 3.342207148671150208e-02 4.485942795872688293e-02 5.431941826827824116e-04 2.212777920067310333e-02 8.051965385675430298e-02 3.468733653426170349e-02 1.733227819204330444e-02 3.861507400870323181e-03 9.180426597595214844e-03 2.684543468058109283e-02 7.114119827747344971e-03 2.271266095340251923e-02 3.695923835039138794e-02 2.905805595219135284e-02 3.414864838123321533e-02 2.726423367857933044e-02 5.753880366683006287e-02 8.955783210694789886e-03 3.924436494708061218e-02 1.033183746039867401e-02 2.831595204770565033e-02 1.022667996585369110e-02 1.949683018028736115e-02 3.394471481442451477e-02 1.596406474709510803e-02 4.862828552722930908e-02 3.142026718705892563e-03 4.722306877374649048e-02 2.174167521297931671e-02 1.582373678684234619e-02 1.859163120388984680e-02 3.667410928755998611e-03 3.129953891038894653e-02 2.097855322062969208e-02 5.145835224539041519e-03 2.468095719814300537e-02 1.850364916026592255e-02 7.442490756511688232e-02
4.260262101888656616e-02 1.008776295930147171e-02 1.922121085226535797e-02 1.131229773163795471e-01 4.924677610397338867e-01 4.710651468485593796e-03 1.196265686303377151e-02 4.036162793636322021e-02 1.441968698054552078e-02 1.884971372783184052e-02 2.008075639605522156e-02 2.477876143530011177e-03 1.559607312083244324e-02 9.662404772825539112e-04 3.844717890024185181e-02 5.757129564881324768e-02 6.091845408082008362e-02 1.380472257733345032e-02 2.790980972349643707e-02 2.764151059091091156e-02 4.548347741365432739e-02 2.653863281011581421e-02 6.963218096643686295e-03 8.178700692951679230e-03 4.723300784826278687e-02 4.746719077229499817e-02 2.325542643666267395e-02 5.459705740213394165e-02 4.963215440511703491e-02 4.109751060605049133e-02 2.434853278100490570e-02 1.735068671405315399e-02 3.820690512657165527e-02 3.664587065577507019e-02 2.171262167394161224e-02 1.328148646280169487e-03 3.081873874180018902e-04 4.287991300225257874e-02 8.248283714056015015e-02 8.891998976469039917e-02 3.415192663669586182e-02 2.004840411245822906e-02 2.785502001643180847e-02 2.143614739179611206e-02 2.161899209022521973e-02 1.022554654628038406e-02 3.255832567811012268e-02 1.294933445751667023e-02 3.997123241424560547e-02 5.361864343285560608e-02 5.879865214228630066e-02 4.724964126944541931e-02 2.309882454574108124e-02 1.761310175061225891e-02 1.880587823688983917e-02 3.226474393159151077e-03 5.236754193902015686e-02 2.875310555100440979e-02 3.425714373588562012e-02 3.455324098467826843e-02 3.462916985154151917e-02 2.779261395335197449e-02 2.148417197167873383e-02 2.516962774097919464e-02 3.589711710810661316e-02 2.021546289324760437e-02 5.371795594692230225e-02 2.759217470884323120e-02 3.084491752088069916e-02 2.518751658499240875e-02 2.810606174170970917e-02 2.050375938415527344e-02 6.928570568561553955e-02 1.217967830598354340e-02 9.318122267723083496e-02 3.613619832322001457e-03 8.642078377306461334e-03 2.752632834017276764e-02 4.475907981395721436e-02 2.467936277389526367e-02 3.807174414396286011e-02 1.100659184157848358e-02 6.153105571866035461e-02 8.652509003877639771e-02 3.234080597758293152e-02 2.805097214877605438e-02 1.868018135428428650e-02 3.112020529806613922e-02 1.999320462346076965e-02 1.050227042287588120e-02 3.238282725214958191e-02 3.553458303213119507e-02 1.961146667599678040e-02 3.729559853672981262e-02 3.091333806514739990e-02 1.465180143713951111e-02 1.774735189974308014e-02 4.477001202758401632e-04 5.614208639599382877e-04 5.816411599516868591e-02 5.052354652434587479e-03 3.628113493323326111e-02 2.871634624898433685e-02 2.886184863746166229e-02 1.058163866400718689e-02 2.192194014787673950e-02 8.142518810927867889e-03 2.298552729189395905e-02 1.082396879792213440e-02 7.845973595976829529e-03 7.952303625643253326e-03 1.241108682006597519e-02 2.326712198555469513e-02 3.600104153156280518e-02 5.997268483042716980e-03 3.708650171756744385e-02
3.470113873481750488e-02 5.049860849976539612e-02 9.184070862829685211e-03 3.543609008193016052e-02 4.710651468485593796e-03 5.012142658233642578e-01 1.060528010129928589e-01 7.858742028474807739e-03 3.548864508047699928e-03 1.014191005378961563e-02 5.791300535202026367e-02 6.043205410242080688e-02 5.043403804302215576e-02 6.222949177026748657e-02 4.215666279196739197e-02 2.359216101467609406e-02 3.146347403526306152e-02 2.622419409453868866e-02 2.099676430225372314e-02 2.995665930211544037e-02 5.416227877140045166e-02 5.196150764822959900e-02 3.942170739173889160e-02 2.681766264140605927e-02 3.310734033584594727e-02 3.219505771994590759e-02 4.964509606361389160e-02 1.595065183937549591e-02 3.482799232006072998e-02 2.842279523611068726e-02 2.390046231448650360e-02 1.373310294002294540e-02 4.847264289855957031e-02 4.000889137387275696e-02 3.121849894523620605e-02 4.073107987642288208e-02 2.602756395936012268e-02 1.618884876370429993e-02 1.212868094444274902e-02 2.250664681196212769e-02 1.673825457692146301e-02 5.014514084905385971e-03 1.050906162708997726e-02 7.277194410562515259e-03 4.257620498538017273e-02 5.197945982217788696e-02 1.044294163584709167e-01 7.878578454256057739e-02 3.869561105966567993e-02 1.835286035202443600e-03 2.278048358857631683e-02 4.066802188754081726e-02 3.688554093241691589e-02 2.383910305798053741e-02 1.193123776465654373e-02 2.693758532404899597e-02 1.885370723903179169e-02 2.060886286199092865e-02 2.803239040076732635e-02 2.832833910360932350e-03 3.407905576750636101e-03 4.071608558297157288e-02 1.164019666612148285e-02 4.540359973907470703e-02 4.012895748019218445e-02 3.201623260974884033e-02 5.625089257955551147e-02 3.303967416286468506e-02 2.161511033773422241e-02 5.668016150593757629e-02 1.044676173478364944e-02 2.429129322990775108e-03 1.009613159112632275e-03 2.556915767490863800e-02 3.911919426172971725e-03 5.072429776191711426e-03 2.356875687837600708e-02 1.522929407656192780e-03 5.261097475886344910e-02 3.612479567527770996e-02 4.580720141530036926e-02 3.535251319408416748e-02 4.864594899117946625e-03 5.173150449991226196e-03 6.965416017919778824e-03 1.064254529774188995e-02 1.516547799110412598e-02 2.244929969310760498e-02 1.519340742379426956e-02 1.157892402261495590e-02 8.426148444414138794e-02 9.522439911961555481e-03 6.902325153350830078e-02 1.829269342124462128e-02 9.386100573465228081e-04 7.447529118508100510e-03 3.052987158298492432e-02 6.247271783649921417e-03 1.243383530527353287e-02 3.779196366667747498e-02 7.510274648666381836e-03 4.417758435010910034e-02 1.507104560732841492e-02 3.170805796980857849e-02 1.390313450247049332e-02 4.063474386930465698e-02 2.095616981387138367e-02 3.826407343149185181e-02 8.807887323200702667e-03 3.716097678989171982e-03 4.001321271061897278e-02 2.016693912446498871e-02 2.125220187008380890e-02 4.115360934520140290e-05 1.639998890459537506e-02 9.222801774740219116e-03
9.761652327142655849e-04 5.256771296262741089e-02 6.674509961158037186e-03 1.855337060987949371e-02 1.196265686303377151e-02 1.060528010129928589e-01 5.024340152740478516e-01 1.902418769896030426e-02 3.876351192593574524e-02 2.421825937926769257e-02 4.390043020248413086e-02 4.500611871480941772e-02 5.370827764272689819e-02 5.016560852527618408e-02 4.953219555318355560e-03 2.266662893816828728e-03 5.888769868761301041e-03 4.177300259470939636e-02 2.731015905737876892e-02 4.979318380355834961e-02 4.553646594285964966e-02 2.260734327137470245e-02 3.699819371104240417e-02 3.462959080934524536e-02 6.512084510177373886e-03 2.230028063058853149e-02 1.953398436307907104e-02 7.415778236463665962e-05 2.639880962669849396e-02 1.218482665717601776e-02 3.693796321749687195e-02 4.742508381605148315e-02 1.829641684889793396e-02 4.007397592067718506e-02 2.150790020823478699e-02 3.225123137235641479e-02 2.695157192647457123e-02 2.116757072508335114e-02 1.712554693222045898e-02 8.592364378273487091e-03 1.793872192502021790e-02 1.265867147594690323e-03 4.335327539592981339e-03 1.666949130594730377e-02 5.792639404535293579e-02 7.920116931200027466e-02 9.017662703990936279e-02 9.681081771850585938e-02 1.712554134428501129e-02 1.040968950837850571e-02 4.611307755112648010e-02 3.130607306957244873e-02 1.129301823675632477e-02 4.872886463999748230e-03 2.994235977530479431e-02 4.198051244020462036e-02 6.211735308170318604e-03 2.461672760546207428e-02 4.049180448055267334e-02 1.649398542940616608e-02 2.515206485986709595e-02 2.209504321217536926e-02 4.709933325648307800e-02 4.725818708539009094e-02 2.649825625121593475e-02 3.072023205459117889e-02 3.638083115220069885e-02 3.472252190113067627e-02 1.353464368730783463e-02 5.649901553988456726e-02 9.152183309197425842e-03 2.123549953103065491e-02 5.787442903965711594e-03 2.495623938739299774e-02 5.419259425252676010e-03 2.621361799538135529e-02 3.505617752671241760e-02 1.676012016832828522e-02 7.713056169450283051e-03 4.214091598987579346e-02 4.043149575591087341e-02 1.176074147224426270e-02 1.887025684118270874e-02 1.937006018124520779e-03 3.923309035599231720e-03 4.429191350936889648e-03 2.736009890213608742e-03 4.179967194795608521e-02 1.698184572160243988e-02 2.383056655526161194e-02 6.573320180177688599e-02 6.401704158633947372e-03 7.186534255743026733e-02 7.489072624593973160e-03 3.549670334905385971e-03 2.080708509311079979e-03 4.955988004803657532e-02 2.529769949615001678e-02 6.936504505574703217e-03 4.398682713508605957e-02 4.946403577923774719e-02 4.894474148750305176e-02 1.815855316817760468e-02 2.196356467902660370e-02 2.955122664570808411e-02 1.405110675841569901e-02 1.497047208249568939e-02 2.205186337232589722e-02 2.925880812108516693e-02 8.096149191260337830e-03 3.162984922528266907e-02 8.037421852350234985e-03 7.530488073825836182e-03 1.342359371483325958e-02 2.269277721643447876e-02 1.028982922434806824e-03
3.865426033735275269e-02 3.348692879080772400e-02 7.047975063323974609e-02 1.499713119119405746e-02 4.036162793636322021e-02 7.858742028474807739e-03 1.902418769896030426e-02 4.682278633117675781e-01 1.504681725054979324e-02 3.311704471707344055e-02 2.679856494069099426e-02 1.952207274734973907e-02 4.778376221656799316e-02 1.088314969092607498e-02 1.424728631973266602e-01 1.854868233203887939e-02 1.529124472290277481e-02 3.207943215966224670e-02 7.141110021620988846e-03 3.521615266799926758e-02 2.623672410845756531e-02 3.107957355678081512e-02 3.028291463851928711e-02 1.194858457893133163e-02 1.856947876513004303e-02 5.745659582316875458e-03 1.688984967768192291e-02 1.113640755647793412e-04 1.042544096708297729e-02 1.483138464391231537e-02 3.305792808532714844e-02 3.215439617633819580e-03 4.448791220784187317e-02 2.580011496320366859e-03 2.916597016155719757e-02 6.635440140962600708e-02 9.526211768388748169e-02 1.084662321954965591e-02 4.062693193554878235e-02 3.733448311686515808e-02 7.148154079914093018e-03 2.979408204555511475e-02 1.709494553506374359e-02 3.519186377525329590e-02 3.231750056147575378e-02 2.952452935278415680e-02 2.958452515304088593e-02 3.574904054403305054e-02 2.502534352242946625e-02 3.321168199181556702e-02 5.921175703406333923e-03 1.349676214158535004e-02 5.085946619510650635e-02 3.442113101482391357e-02 1.646229438483715057e-02 3.340880200266838074e-02 4.158574342727661133e-02 1.271454151719808578e-02 6.913711782544851303e-03 1.698229927569627762e-03 1.732909120619297028e-02 4.495992511510848999e-02 5.989556200802326202e-03 3.535051597282290459e-03 3.197203576564788818e-02 3.238242492079734802e-02 5.638410802930593491e-03 1.985289156436920166e-02 2.764772623777389526e-02 4.195332899689674377e-02 5.127709358930587769e-03 6.287087220698595047e-03 3.740888461470603943e-02 1.128217950463294983e-02 3.612460568547248840e-02 9.276416152715682983e-03 3.483422100543975830e-02 1.714599877595901489e-02 1.154406741261482239e-02 3.851278871297836304e-02 1.632092744112014771e-01 1.265121102333068848e-01 4.867729730904102325e-03 4.103535413742065430e-02 2.766303718090057373e-02 1.272508967667818069e-02 9.345250576734542847e-02 8.554193377494812012e-02 1.022876426577568054e-02 3.313590586185455322e-02 3.634373098611831665e-02 1.559673994779586792e-02 3.395147249102592468e-02 4.201215505599975586e-02 3.797397017478942871e-02 1.820801943540573120e-02 1.109055895358324051e-02 2.864205837249755859e-02 1.598655432462692261e-02 7.318728603422641754e-03 1.229504588991403580e-02 1.446919329464435577e-02 7.928001694381237030e-03 3.063687763642519712e-04 4.812055267393589020e-03 4.232406616210937500e-03 7.169046252965927124e-02 1.690908335149288177e-02 5.210159718990325928e-02 1.447826065123081207e-02 2.447435632348060608e-02 3.855636343359947205e-03 2.403716742992401123e-02 3.473808988928794861e-02 6.443251669406890869e-02 1.211153622716665268e-02
3.071563132107257843e-02 3.516438975930213928e-02 1.776061765849590302e-02 2.783573977649211884e-02 1.441968698054552078e-02 3.548864508047699928e-03 3.876351192593574524e-02 1.504681725054979324e-02 4.823891520500183105e-01 1.062506884336471558e-01 3.717740252614021301e-02 6.585198454558849335e-03 3.237844631075859070e-02 2.768666669726371765e-02 1.052138116210699081e-02 4.749198257923126221e-02 4.550958797335624695e-02 5.316213145852088928e-02 1.933428645133972168e-02 4.601329192519187927e-02 2.459300123155117035e-02 2.551074512302875519e-02 5.310297384858131409e-02 1.987291499972343445e-02 3.487581387162208557e-02 4.885321110486984253e-02 3.513460233807563782e-02 3.652869537472724915e-02 3.166123479604721069e-02 2.217525802552700043e-02 2.199167571961879730e-02 2.454648166894912720e-02 3.069379925727844238e-02 6.058481987565755844e-03 4.641850292682647705e-02 1.751644350588321686e-02 8.588820695877075195e-03 6.092615798115730286e-02 3.854704275727272034e-02 2.961984276771545410e-02 4.579813778400421143e-02 1.599138020537793636e-03 4.380965977907180786e-02 1.642059185542166233e-03 3.412066400051116943e-02 3.646356286481022835e-03 2.957457490265369415e-02 4.144966974854469299e-02 8.065593987703323364e-02 1.233753748238086700e-02 3.098859265446662903e-02 6.078078411519527435e-03 1.769808307290077209e-02 2.819828502833843231e-02 1.915634870529174805e-01 5.237314105033874512e-02 3.633099421858787537e-02 3.080376796424388885e-02 6.611036951653659344e-04 4.334808036219328642e-04 4.571371711790561676e-03 1.840061508119106293e-02 1.843590475618839264e-02 1.739482767879962921e-02 4.592311382293701172e-02 2.034330740571022034e-02 1.648977748118340969e-03 1.325816195458173752e-02 2.083316259086132050e-02 4.059232398867607117e-02 5.274384096264839172e-02 7.355486601591110229e-02 4.130232334136962891e-02 4.143709689378738403e-02 4.581492021679878235e-02 2.812996692955493927e-02 2.224243730306625366e-01 2.621347084641456604e-03 1.605911701917648315e-01 6.149915978312492371e-03 1.979781687259674072e-02 2.079862914979457855e-02 6.915596127510070801e-02 3.585524857044219971e-02 1.638538390398025513e-02 2.108343131840229034e-02 5.249984562397003174e-03 3.342371433973312378e-02 3.067185729742050171e-02 3.030004538595676422e-02 3.506182134151458740e-02 7.945368997752666473e-03 3.464951366186141968e-02 4.457942396402359009e-02 1.449639163911342621e-02 1.465990487486124039e-02 2.843803260475397110e-03 4.405996948480606079e-02 2.466067112982273102e-02 5.569866299629211426e-02 1.932523096911609173e-03 2.306173555552959442e-02 1.736398227512836456e-02 4.947214573621749878e-02 1.322108600288629532e-02 3.055481053888797760e-02 3.291169553995132446e-02 3.502338007092475891e-02 3.163482248783111572e-02 1.156303379684686661e-02 2.700796537101268768e-02 2.417241595685482025e-02 1.228716922923922539e-03 2.772668376564979553e-02 1.168758515268564224e-02 1.692277938127517700e-02
1.187821570783853531e-02 8.939619176089763641e-03 1.158588565886020660e-02 4.701055213809013367e-02 1.884971372783184052e-02 1.014191005378961563e-02 2.421825937926769257e-02 3.311704471707344055e-02 1.062506884336471558e-01 4.910362660884857178e-01 4.107457399368286133e-02 1.582435891032218933e-02 5.643865093588829041e-02 2.882771193981170654e-02 1.189500279724597931e-02 5.432003177702426910e-03 4.334259033203125000e-02 2.829577215015888214e-02 5.547140911221504211e-02 1.652219332754611969e-02 1.365121547132730484e-02 4.577581211924552917e-02 8.876726031303405762e-02 9.604252129793167114e-02 5.107229202985763550e-02 5.982557311654090881e-03 5.471158400177955627e-02 2.000498771667480469e-02 9.068917483091354370e-03 5.522072897292673588e-04 3.077846951782703400e-02 4.751504585146903992e-02 1.912321150302886963e-02 1.763917133212089539e-02 2.058038488030433655e-02 8.540196344256401062e-03 4.383521154522895813e-02 7.454077899456024170e-02 3.554685041308403015e-02 2.403021790087223053e-02 1.289250794798135757e-02 5.652034655213356018e-02 5.362804979085922241e-02 1.135165244340896606e-02 3.407914936542510986e-02 1.888959854841232300e-02 1.566210878081619740e-03 4.876783117651939392e-02 1.851941458880901337e-02 9.716270118951797485e-02 4.684343934059143066e-02 1.681953296065330505e-02 2.448378689587116241e-02 3.281980007886886597e-02 1.436142157763242722e-02 1.544880867004394531e-01 4.440432041883468628e-02 4.645750299096107483e-02 3.362280130386352539e-02 3.288798779249191284e-02 1.694860984571278095e-03 3.746787458658218384e-02 5.067690089344978333e-02 3.173211589455604553e-02 3.228114452213048935e-03 4.439151287078857422e-02 5.291413050144910812e-03 1.646430231630802155e-02 2.747197076678276062e-02 6.014643236994743347e-02 3.195307031273841858e-02 1.887790113687515259e-02 1.331017538905143738e-02 1.861387863755226135e-02 3.991010040044784546e-02 8.742996142245829105e-04 3.768202289938926697e-02 1.334958821535110474e-01 2.037261053919792175e-02 5.488680675625801086e-02 7.450777105987071991e-03 2.864538319408893585e-02 1.492802612483501434e-02 4.902442172169685364e-02 5.484663322567939758e-02 4.848796501755714417e-02 2.891973033547401428e-02 3.216074779629707336e-02 1.255230396054685116e-03 1.614114642143249512e-02 8.315104991197586060e-03 1.678735576570034027e-02 3.841964155435562134e-02 1.079383771866559982e-02 8.644172921776771545e-03 4.092990979552268982e-02 1.746770576573908329e-03 5.286655202507972717e-02 6.815688218921422958e-03 3.864120319485664368e-02 3.266346827149391174e-02 1.087113562971353531e-02 2.687550336122512817e-02 1.997256278991699219e-02 4.681517183780670166e-02 9.417858906090259552e-03 6.240969058126211166e-03 5.202402360737323761e-03 2.170762047171592712e-02 1.545359380543231964e-03 2.191378502175211906e-03 9.828911162912845612e-03 1.203507650643587112e-02 3.331213444471359253e-02 4.592171311378479004e-02 3.193242847919464111e-02
1.147046014666557312e-01 9.582617878913879395e-02 2.340538240969181061e-02 2.027684450149536133e-02 2.008075639605522156e-02 5.791300535202026367e-02 4.390043020248413086e-02 2.679856494069099426e-02 3.717740252614021301e-02 4.107457399368286133e-02 4.965842068195343018e-01 5.217174068093299866e-02 9.092362970113754272e-02 5.465348437428474426e-02 5.824426934123039246e-02 2.139256801456212997e-03 5.027994047850370407e-03 1.872918801382184029e-03 6.346291862428188324e-03 1.264062989503145218e-02 2.393067069351673126e-02 1.604094356298446655e-02 4.242197796702384949e-02 5.268801003694534302e-02 1.480217743664979935e-02 1.576490513980388641e-02 4.392284899950027466e-02 5.372979491949081421e-02 3.061319515109062195e-02 8.711770176887512207e-03 9.556008502840995789e-03 5.220258980989456177e-02 4.762214422225952148e-02 3.764133900403976440e-02 5.853126198053359985e-02 8.184864185750484467e-03 9.495686972513794899e-04 1.580855064094066620e-02 2.657301537692546844e-02 1.306105637922883034e-03 2.628480084240436554e-02 1.466982066631317139e-03 2.265502465888857841e-03 3.913033008575439453e-02 2.713051252067089081e-02 3.332998976111412048e-02 3.048583865165710449e-02 2.804495953023433685e-02 1.288095302879810333e-02 1.222107838839292526e-02 3.876083344221115112e-02 1.504106214269995689e-03 1.980720460414886475e-02 7.850016467273235321e-03 4.233205690979957581e-02 4.042480885982513428e-02 1.168101839721202850e-02 1.898426748812198639e-02 8.061147294938564301e-03 9.487155824899673462e-03 7.599471136927604675e-03 7.584673818200826645e-03 3.933610022068023682e-02 4.196093231439590454e-02 4.776854068040847778e-02 2.763317897915840149e-02 2.489686571061611176e-02 1.007008925080299377e-02 3.229283727705478668e-03 4.077980294823646545e-02 1.089668087661266327e-02 2.840906381607055664e-02 1.063608471304178238e-02 2.434047125279903412e-02 1.345591992139816284e-02 1.851488463580608368e-02 4.076896980404853821e-02 3.059302829205989838e-02 4.284526780247688293e-02 1.517157163470983505e-02 1.878290995955467224e-02 1.314064860343933105e-02 7.757726125419139862e-03 3.714625257998704910e-03 9.481224231421947479e-03 4.696812480688095093e-02 2.360913529992103577e-02 3.986000642180442810e-02 4.232297651469707489e-03 2.040795050561428070e-02 4.572588205337524414e-02 2.072598040103912354e-02 2.501428499817848206e-02 2.516457997262477875e-02 5.926297511905431747e-03 1.496518962085247040e-02 4.368641227483749390e-02 3.809586539864540100e-02 3.515359386801719666e-02 4.679171368479728699e-02 1.708459481596946716e-02 3.403276950120925903e-02 2.791790477931499481e-02 7.587091065943241119e-03 4.766308516263961792e-02 1.815729402005672455e-02 1.832707226276397705e-02 9.736610809341073036e-04 9.604568593204021454e-03 1.902377232909202576e-02 8.986099623143672943e-03 3.242777893319725990e-03 8.203987963497638702e-04 1.246774196624755859e-02 5.896896589547395706e-03 3.019639104604721069e-02
3.006927482783794403e-02 3.293287754058837891e-02 7.984133064746856689e-02 3.572303056716918945e-02 2.477876143530011177e-03 6.043205410242080688e-02 4.500611871480941772e-02 1.952207274734973907e-02 6.585198454558849335e-03 1.582435891032218933e-02 5.217174068093299866e-02 4.841551482677459717e-01 2.479870431125164032e-02 1.428126096725463867e-01 3.051910316571593285e-03 2.329013869166374207e-02 2.786141820251941681e-02 3.923681378364562988e-02 3.193963691592216492e-02 2.065650746226310730e-02 1.111689582467079163e-02 2.827667817473411560e-02 4.414006695151329041e-02 1.115181762725114822e-02 3.046915493905544281e-02 4.824200645089149475e-02 3.246145695447921753e-02 8.037263154983520508e-02 1.545273349620401859e-03 1.063461452722549438e-01 1.586712524294853210e-02 3.367893770337104797e-02 2.330964244902133942e-02 5.574429407715797424e-02 4.366464540362358093e-02 1.412523537874221802e-02 1.895022764801979065e-02 1.329270424321293831e-03 2.259940095245838165e-02 1.304481457918882370e-02 1.630976051092147827e-02 4.647645726799964905e-02 4.454587772488594055e-02 2.379610016942024231e-02 1.960935629904270172e-02 4.337480664253234863e-02 1.519527751952409744e-02 6.788419093936681747e-03 3.294991329312324524e-02 2.885053306818008423e-02 2.839026972651481628e-02 1.925286464393138885e-02 3.431838238611817360e-03 1.375017780810594559e-02 3.426648676395416260e-02 5.070290528237819672e-03 1.118148211389780045e-02 1.485305838286876678e-02 4.511124454438686371e-03 2.321929298341274261e-02 3.785788267850875854e-02 1.625014096498489380e-02 4.827749356627464294e-02 4.183643311262130737e-02 4.306555166840553284e-02 9.459417313337326050e-03 2.520100399851799011e-02 3.433233872056007385e-02 1.907578110694885254e-02 5.312471091747283936e-02 4.448628053069114685e-03 1.173720601946115494e-02 3.837607800960540771e-02 4.554378986358642578e-02 5.540795251727104187e-02 4.393669217824935913e-02 1.268379297107458115e-02 2.492358908057212830e-02 1.292462833225727081e-02 2.564427815377712250e-02 2.730382047593593597e-02 5.346422083675861359e-03 2.702920325100421906e-02 3.197508305311203003e-02 3.829324990510940552e-02 5.524972453713417053e-03 1.013813540339469910e-02 1.671834290027618408e-02 3.950191661715507507e-02 7.392197381705045700e-03 3.318947181105613708e-02 1.171701494604349136e-02 5.626013036817312241e-03 4.618388041853904724e-02 1.197068020701408386e-02 3.909244760870933533e-02 1.254640403203666210e-03 3.675803542137145996e-02 5.771133583039045334e-03 3.851380571722984314e-02 4.949314519762992859e-03 3.316361829638481140e-02 2.403358183801174164e-02 3.877868875861167908e-02 6.746076047420501709e-03 4.353833571076393127e-02 3.492482006549835205e-02 8.802854456007480621e-03 1.904171518981456757e-02 6.740379147231578827e-03 3.105572983622550964e-02 3.929707780480384827e-02 5.441906303167343140e-02 2.605153247714042664e-02 3.734160959720611572e-02 1.309817191213369370e-02
7.661662995815277100e-02 9.331391006708145142e-02 2.356864046305418015e-03 1.378498040139675140e-02 1.559607312083244324e-02 5.043403804302215576e-02 5.370827764272689819e-02 4.778376221656799316e-02 3.237844631075859070e-02 5.643865093588829041e-02 9.092362970113754272e-02 2.479870431125164032e-02 5.011846423149108887e-01 4.140790179371833801e-02 4.079684615135192871e-02 9.148441255092620850e-03 1.321276836097240448e-02 5.679595749825239182e-03 1.220875512808561325e-02 3.634281456470489502e-03 1.826680265367031097e-02 5.132445134222507477e-03 4.965231195092201233e-02 5.898821726441383362e-02 7.763436064124107361e-03 7.535785436630249023e-03 4.668786749243736267e-02 3.699811175465583801e-02 2.561225183308124542e-02 3.617125004529953003e-02 2.128350920975208282e-02 3.214376419782638550e-02 3.169697895646095276e-02 2.319607138633728027e-02 3.967225179076194763e-02 1.413109432905912399e-02 1.917466521263122559e-03 2.923071198165416718e-02 4.413608461618423462e-03 2.162672579288482666e-03 5.177485570311546326e-02 1.055516209453344345e-02 4.053205717355012894e-03 4.711788892745971680e-02 1.779836043715476990e-02 1.602587662637233734e-02 2.665015868842601776e-02 4.665597528219223022e-02 1.216120668686926365e-03 5.029861815273761749e-03 4.235695302486419678e-02 1.059425342828035355e-02 5.541704129427671432e-03 3.232016041874885559e-02 3.528860956430435181e-02 4.617830738425254822e-02 1.396531052887439728e-02 1.858059666119515896e-03 4.787434358149766922e-03 3.404376655817031860e-02 8.921980857849121094e-03 1.936942525207996368e-02 4.620150476694107056e-02 3.688486292958259583e-02 3.348608314990997314e-02 4.829662293195724487e-02 3.094559069722890854e-03 1.119782496243715286e-02 1.010927092283964157e-02 2.538239583373069763e-02 3.577860479708760977e-04 4.851624742150306702e-02 1.176785770803689957e-02 1.733809337019920349e-02 8.697687648236751556e-03 2.974490448832511902e-02 4.202888533473014832e-02 3.038576804101467133e-02 4.396163672208786011e-02 1.453462336212396622e-02 3.723280131816864014e-02 5.353430169634521008e-04 1.307904161512851715e-02 2.073209732770919800e-02 1.466943416744470596e-03 5.847254768013954163e-02 2.559897024184465408e-03 3.881709650158882141e-02 8.449519053101539612e-03 1.016881316900253296e-02 4.315705969929695129e-02 1.301989424973726273e-03 3.474923223257064819e-02 2.948894537985324860e-02 8.345995098352432251e-03 1.722591347061097622e-03 3.426760062575340271e-02 2.438967116177082062e-02 1.200116332620382309e-02 3.569816425442695618e-02 3.686227649450302124e-02 5.769400671124458313e-02 3.826615214347839355e-02 2.265049517154693604e-02 2.517479471862316132e-02 6.087235175073146820e-03 1.531835459172725677e-02 8.163181133568286896e-03 1.418153382837772369e-02 7.581414189189672470e-03 1.994041912257671356e-02 7.118911016732454300e-03 5.220650695264339447e-03 1.548833120614290237e-02 9.569691494107246399e-03 4.918379243463277817e-03
