5.241006016731262207e-01 9.859558939933776855e-02 2.909022383391857147e-02 4.876464232802391052e-02 1.006491668522357941e-02 1.295347213745117188e-01 1.266713142395019531e-01 6.771379266865551472e-04 5.583978490903973579e-04 9.124648640863597393e-04 1.199338659644126892e-01 1.411097240634262562e-03 1.862693019211292267e-02 4.645286500453948975e-02 2.528406120836734772e-02 7.792309857904911041e-03 3.809263464063405991e-03 1.981197483837604523e-02 1.183159090578556061e-02 6.253400351852178574e-03 1.586763188242912292e-02 1.224593259394168854e-02 3.020123951137065887e-02 3.970346227288246155e-02 3.458217484876513481e-03 8.236517896875739098e-04 2.292647212743759155e-02 3.887695074081420898e-02 1.709539815783500671e-02 4.596358537673950195e-02 3.145730495452880859e-02 4.143496975302696228e-03 1.665146462619304657e-02 1.223416440188884735e-02 9.646919555962085724e-03 1.962175220251083374e-02 1.012734230607748032e-02 3.032889775931835175e-02 1.383634936064481735e-02 4.495000839233398438e-02 3.292876295745372772e-03 9.963762946426868439e-03 3.021561354398727417e-02 1.466292701661586761e-02 1.615209691226482391e-02 1.153984665870666504e-02 8.859391510486602783e-02 4.093384370207786560e-03 1.539655402302742004e-02 4.893151670694351196e-02 4.839611053466796875e-02 4.189986735582351685e-02 2.298771962523460388e-02 3.599526733160018921e-02 2.561293914914131165e-02 2.655611187219619751e-02 2.728513628244400024e-02 2.882415056228637695e-02 2.758536301553249359e-02 1.089873723685741425e-02 1.874573715031147003e-02 4.151026532053947449e-02 2.326268143951892853e-02 3.018347732722759247e-02 2.209426090121269226e-02 2.587902918457984924e-02 2.114345319569110870e-02 1.318032736890017986e-03 2.296654507517814636e-02 3.501673415303230286e-02 1.685825176537036896e-02 4.974912479519844055e-02 1.987230591475963593e-02 4.288759082555770874e-02 4.988101124763488770e-02 4.775826632976531982e-02 1.028515957295894623e-02 1.984328217804431915e-02 9.286420419812202454e-03 5.187396705150604248e-02 1.409774832427501678e-02 1.506785769015550613e-02 1.877171546220779419e-02 4.608168732374906540e-03 1.985781593248248100e-03 4.929795116186141968e-02 1.738744229078292847e-02 2.368827909231185913e-02 5.331602320075035095e-02 3.010772913694381714e-02 1.296317577362060547e-02 2.848018705844879150e-02 1.887344382703304291e-02 3.202917054295539856e-02 5.950612481683492661e-03 8.758752606809139252e-03 4.482381511479616165e-03 3.584292531013488770e-02 3.291282430291175842e-02 1.973401568830013275e-02 1.779445819556713104e-02 2.955797826871275902e-03 4.664376378059387207e-02 4.606064036488533020e-02 4.508605599403381348e-02 2.204049564898014069e-02 1.433416083455085754e-02 5.590920895338058472e-02 3.669136390089988708e-02 3.584631532430648804e-02 3.435091581195592880e-03 2.189623005688190460e-02 1.966640725731849670e-02 5.053438991308212280e-02 9.411315433681011200e-03 2.899557724595069885e-02
9.859558939933776855e-02 5.244860649108886719e-01 3.598967939615249634e-02 5.300728604197502136e-02 1.650795899331569672e-02 5.259653925895690918e-02 8.627569675445556641e-02 2.688906155526638031e-02 1.942131109535694122e-02 1.686854287981987000e-02 8.930123597383499146e-02 3.293544426560401917e-02 8.979486674070358276e-02 2.089502289891242981e-02 1.263423822820186615e-02 1.670375093817710876e-02 1.761540025472640991e-02 2.722585201263427734e-02 1.301733311265707016e-02 3.259614109992980957e-02 8.890324272215366364e-03 1.557385455816984177e-02 2.813551342114806175e-03 2.128065563738346100e-02 1.793199218809604645e-02 3.206857666373252869e-02 1.916306791827082634e-03 4.129970446228981018e-02 1.194606907665729523e-02 4.546339437365531921e-02 5.153162032365798950e-02 9.091054089367389679e-03 4.459121823310852051e-02 6.788217462599277496e-03 3.298433264717459679e-03 3.268796578049659729e-02 8.432139642536640167e-03 3.624385967850685120e-02 8.420594967901706696e-03 1.248529087752103806e-02 2.937214262783527374e-02 1.397879328578710556e-02 5.688572768121957779e-03 3.361194627359509468e-03 3.166480688378214836e-03 5.754195526242256165e-02 4.654974117875099182e-02 6.252586096525192261e-02 1.365637499839067459e-02 9.723816066980361938e-03 2.121260389685630798e-02 2.707760222256183624e-02 2.973140776157379150e-02 2.536060102283954620e-02 1.252666115760803223e-02 2.515722997486591339e-02 3.053507534787058830e-03 3.949141129851341248e-02 1.442561578005552292e-02 2.608387358486652374e-02 8.931609801948070526e-03 3.097343631088733673e-02 2.260774187743663788e-02 3.564503043889999390e-02 2.294749021530151367e-02 4.927719011902809143e-03 1.523677725344896317e-02 1.101634744554758072e-02 1.424974109977483749e-02 3.635497018694877625e-02 6.692036055028438568e-03 2.933828718960285187e-02 4.224416241049766541e-02 4.500674083828926086e-02 4.198987036943435669e-02 2.652656286954879761e-02 1.474067941308021545e-02 2.379273064434528351e-02 2.950015850365161896e-02 4.997381474822759628e-03 1.219624001532793045e-02 1.477127522230148315e-02 4.776997957378625870e-04 1.115477364510297775e-02 1.101943850517272949e-02 3.463884815573692322e-02 1.459148526191711426e-02 5.218076705932617188e-02 6.412083748728036880e-03 4.112559184432029724e-02 3.767915815114974976e-02 1.841780729591846466e-02 3.045674785971641541e-02 4.987719468772411346e-03 2.152632549405097961e-02 1.361210830509662628e-03 5.322281271219253540e-02 3.154898062348365784e-02 1.828776113688945770e-02 9.683850221335887909e-03 3.228860348463058472e-02 1.229002512991428375e-02 3.052875585854053497e-02 2.682094834744930267e-02 3.063901513814926147e-02 2.464753389358520508e-02 1.343217585235834122e-02 7.866364903748035431e-03 3.177220234647393227e-03 3.769352659583091736e-02 1.622714847326278687e-02 8.010296151041984558e-03 2.663111314177513123e-02 3.680006787180900574e-02 6.660407036542892456e-02 3.303946182131767273e-02
2.909022383391857147e-02 3.598967939615249634e-02 4.975118041038513184e-01 1.346812397241592407e-02 3.658699989318847656e-02 1.317113544791936874e-02 4.085642099380493164e-02 1.766787171363830566e-01 4.530880134552717209e-03 3.676904365420341492e-02 2.046254277229309082e-02 4.598418623208999634e-02 2.698098681867122650e-02 2.548445761203765869e-02 1.203259453177452087e-02 1.599818654358386993e-02 1.832121238112449646e-02 1.977178268134593964e-02 3.556899353861808777e-02 1.843433943577110767e-03 1.638764142990112305e-02 4.715324379503726959e-03 3.255939111113548279e-02 8.800787618383765221e-04 2.276305109262466431e-02 4.133806377649307251e-02 1.996320299804210663e-02 8.880699053406715393e-03 3.725524619221687317e-02 3.336448594927787781e-02 4.895765800029039383e-03 1.083310693502426147e-02 6.771338172256946564e-03 2.105751819908618927e-02 4.109788686037063599e-02 3.095334768295288086e-02 4.090812057256698608e-03 3.262814506888389587e-02 4.968681558966636658e-02 2.038215100765228271e-02 4.523956403136253357e-02 2.207899466156959534e-02 3.035267628729343414e-02 6.051844358444213867e-02 6.809200625866651535e-03 1.721736043691635132e-02 3.121857158839702606e-02 3.167082369327545166e-02 2.036745660006999969e-02 4.318839870393276215e-03 4.878348205238580704e-03 3.590916842222213745e-02 4.696285724639892578e-02 3.802712261676788330e-02 2.711235173046588898e-02 5.645411554723978043e-03 4.762387648224830627e-02 3.315170854330062866e-02 3.882070258259773254e-02 4.414702579379081726e-02 3.696763888001441956e-02 2.817336656153202057e-02 3.910348564386367798e-02 2.745795063674449921e-02 1.393164414912462234e-02 2.169499360024929047e-02 1.217826828360557556e-02 7.373708765953779221e-03 5.430351477116346359e-03 1.879095658659934998e-02 3.597738919779658318e-03 2.097641490399837494e-02 3.846531361341476440e-02 4.069114103913307190e-02 3.537429962307214737e-03 1.394562423229217529e-04 2.035773359239101410e-02 2.310723438858985901e-02 1.325231045484542847e-02 3.613630682229995728e-02 1.157951802015304565e-01 9.237112104892730713e-02 1.877022092230618000e-03 2.687900699675083160e-02 3.755176812410354614e-02 3.921771422028541565e-02 3.287415206432342529e-02 1.760653406381607056e-02 2.408324927091598511e-02 1.253914460539817810e-02 4.447568953037261963e-02 4.677023738622665405e-02 1.716041006147861481e-02 3.145329654216766357e-02 1.829206012189388275e-02 4.616734571754932404e-03 3.484027227386832237e-03 1.817161031067371368e-02 1.728710345923900604e-02 2.067529410123825073e-02 9.836835786700248718e-03 2.309205156052485108e-04 1.265313569456338882e-02 2.713717333972454071e-02 2.244032546877861023e-02 3.107838518917560577e-02 9.224563837051391602e-03 4.227879643440246582e-02 1.922001712955534458e-03 1.179562695324420929e-02 4.618266597390174866e-02 1.925645954906940460e-02 3.375367075204849243e-02 8.632186800241470337e-03 2.046308480203151703e-03 2.548193186521530151e-02
4.876464232802391052e-02 5.300728604197502136e-02 1.346812397241592407e-02 5.223661065101623535e-01 2.077260464429855347e-01 3.288861364126205444e-02 3.298310935497283936e-02 2.520645502954721451e-03 1.863279938697814941e-02 2.625716663897037506e-02 1.298664696514606476e-02 6.740389764308929443e-02 4.367299750447273254e-02 4.589037224650382996e-02 2.483965456485748291e-02 4.028263315558433533e-02 3.260035067796707153e-02 1.317654922604560852e-02 4.523782432079315186e-02 7.888057269155979156e-03 1.170485559850931168e-02 1.622790284454822540e-02 4.858770407736301422e-03 3.583039343357086182e-02 2.773451618850231171e-02 2.855747565627098083e-02 1.864109374582767487e-02 3.570896759629249573e-02 9.127419441938400269e-03 4.421841725707054138e-02 2.050476893782615662e-02 4.417334124445915222e-02 2.649969793856143951e-02 3.054675646126270294e-02 1.970479451119899750e-02 3.654651343822479248e-02 1.587591134011745453e-02 1.442782022058963776e-02 1.449787151068449020e-02 2.629952877759933472e-02 2.884117327630519867e-02 5.027224775403738022e-03 4.731981828808784485e-02 1.334863901138305664e-02 1.963494718074798584e-02 1.982641697395592928e-04 4.926188848912715912e-03 2.073526848107576370e-03 4.438131302595138550e-02 3.940175846219062805e-02 7.872413098812103271e-02 9.787215292453765869e-02 1.250871736556291580e-02 1.908617094159126282e-02 1.566527225077152252e-02 4.728246107697486877e-02 6.923444569110870361e-02 4.569544270634651184e-02 1.586326211690902710e-02 1.777962967753410339e-02 1.106234081089496613e-02 2.234185487031936646e-02 1.674840599298477173e-02 1.717384438961744308e-03 1.873301342129707336e-02 1.023782417178153992e-03 4.229878261685371399e-02 1.545737311244010925e-02 5.938607081770896912e-02 2.473183209076523781e-03 2.809535712003707886e-02 4.817297682166099548e-02 1.560267060995101929e-01 2.327255904674530029e-02 5.495911464095115662e-02 2.113387919962406158e-02 2.169724181294441223e-02 4.803192615509033203e-02 1.356572657823562622e-02 2.023003622889518738e-02 3.010032884776592255e-02 3.304228186607360840e-02 1.846825703978538513e-02 2.696438692510128021e-02 2.892548218369483948e-02 3.235883079469203949e-03 2.957032993435859680e-02 9.699188172817230225e-03 7.914659380912780762e-02 3.111306577920913696e-02 1.231950154760852456e-04 1.750977896153926849e-02 3.122847341001033783e-02 2.993166632950305939e-02 3.766550123691558838e-02 4.192780330777168274e-02 2.907073870301246643e-02 1.012002769857645035e-02 3.858045488595962524e-02 3.039669990539550781e-02 2.365911565721035004e-02 3.371423110365867615e-02 3.812148794531822205e-02 1.438185945153236389e-02 1.332181040197610855e-02 5.921215191483497620e-02 1.759375073015689850e-02 3.495539352297782898e-02 7.772282231599092484e-03 8.145830594003200531e-03 9.113169275224208832e-03 2.392975427210330963e-02 2.739809453487396240e-02 5.007512867450714111e-02 6.250330712646245956e-03 4.019368439912796021e-02
1.006491668522357941e-02 1.650795899331569672e-02 3.658699989318847656e-02 2.077260464429855347e-01 5.194113850593566895e-01 5.187941249459981918e-03 5.120151862502098083e-02 3.787472844123840332e-02 1.223192457109689713e-02 2.466855198144912720e-02 1.998059637844562531e-02 5.722387507557868958e-02 2.919712103903293610e-02 3.502521291375160217e-02 1.630376093089580536e-02 3.508650884032249451e-02 2.932555414736270905e-02 8.414044976234436035e-03 4.300978407263755798e-02 1.164310704916715622e-02 9.354786016047000885e-03 1.322395168244838715e-03 1.359607093036174774e-02 4.668126627802848816e-02 1.807465031743049622e-02 3.503405302762985229e-02 3.877571970224380493e-02 1.880317367613315582e-02 1.804635860025882721e-02 5.476104840636253357e-02 7.890234701335430145e-03 4.207798466086387634e-02 1.166345924139022827e-02 3.047718852758407593e-02 4.928228445351123810e-03 2.292279899120330811e-02 1.918795634992420673e-03 1.381666306406259537e-02 2.234803250757977366e-04 3.410335257649421692e-02 3.950720652937889099e-02 1.741544716060161591e-02 2.201202884316444397e-02 2.221736498177051544e-02 4.734505340456962585e-02 1.213528122752904892e-02 1.167425513267517090e-02 1.029904652386903763e-02 3.113359771668910980e-02 3.707730397582054138e-02 8.346810936927795410e-02 1.136936619877815247e-01 3.405206277966499329e-02 3.493530908599495888e-03 1.200236845761537552e-02 4.213868081569671631e-02 5.352856963872909546e-02 5.454086512327194214e-02 1.808368228375911713e-02 6.125987041741609573e-03 1.885700598359107971e-02 5.263969302177429199e-03 2.706621214747428894e-02 1.244898140430450439e-02 7.297857198864221573e-03 4.068128764629364014e-03 3.900957480072975159e-02 7.962610572576522827e-03 5.015524104237556458e-02 6.029953947290778160e-04 4.781856387853622437e-02 3.774004429578781128e-02 1.496695280075073242e-01 1.873603463172912598e-02 7.307253032922744751e-02 2.620940655469894409e-02 1.033178623765707016e-02 4.599701240658760071e-02 2.499335631728172302e-02 4.143083002418279648e-03 1.804641913622617722e-03 4.299727454781532288e-02 3.223697468638420105e-02 1.825037226080894470e-02 3.522709012031555176e-02 2.052017487585544586e-02 2.900893613696098328e-02 2.930077258497476578e-03 2.691229619085788727e-02 2.039894834160804749e-02 1.790111139416694641e-02 1.188154332339763641e-02 2.140329405665397644e-02 3.344953432679176331e-02 4.323800653219223022e-02 2.046920731663703918e-02 4.192448779940605164e-02 1.108484808355569839e-02 2.254152297973632812e-02 4.622957482933998108e-02 4.521489888429641724e-02 3.287626802921295166e-02 4.919573664665222168e-02 1.683589071035385132e-04 1.587652601301670074e-02 4.964576661586761475e-02 3.650784119963645935e-02 3.263719007372856140e-02 1.389304921030998230e-02 9.812331758439540863e-03 1.950220949947834015e-02 4.990122281014919281e-03 3.487921506166458130e-02 2.621934190392494202e-02 3.668984770774841309e-02 6.795588880777359009e-02
1.295347213745117188e-01 5.259653925895690918e-02 1.317113544791936874e-02 3.288861364126205444e-02 5.187941249459981918e-03 5.205055475234985352e-01 1.777563691139221191e-01 2.719325572252273560e-02 4.751292988657951355e-02 2.622802741825580597e-02 9.995808452367782593e-02 4.989082738757133484e-02 1.587964966893196106e-02 1.257041748613119125e-02 1.107108965516090393e-02 1.078204251825809479e-02 1.760160550475120544e-02 3.235229849815368652e-02 2.808177471160888672e-02 4.314186517149209976e-03 3.089276328682899475e-02 2.162016928195953369e-02 3.747878968715667725e-02 5.204136669635772705e-02 1.480686943978071213e-02 1.333078835159540176e-02 3.787108138203620911e-02 2.463275566697120667e-02 1.183750014752149582e-02 1.060904841870069504e-02 6.506387144327163696e-02 4.540588706731796265e-03 2.833240665495395660e-02 5.768419359810650349e-04 1.252392679452896118e-02 1.097553037106990814e-02 3.803106024861335754e-02 6.472169770859181881e-04 2.246451750397682190e-02 2.224639989435672760e-02 1.187361963093280792e-02 4.736628010869026184e-02 2.560309832915663719e-03 3.975671250373125076e-03 1.103481836616992950e-02 1.286900322884321213e-02 1.626402437686920166e-01 1.754587702453136444e-02 3.640184178948402405e-02 3.604793921113014221e-02 5.737694911658763885e-03 4.506952688097953796e-02 2.948385849595069885e-02 3.291090577840805054e-02 2.372635900974273682e-02 2.922572009265422821e-02 4.519711434841156006e-02 1.240342203527688980e-02 2.222820417955517769e-03 5.062361806631088257e-02 3.445477411150932312e-02 5.419512093067169189e-02 2.701851911842823029e-02 1.770200394093990326e-02 6.001008301973342896e-02 1.981705799698829651e-02 1.967121288180351257e-02 8.503796998411417007e-04 5.685665458440780640e-02 6.866443436592817307e-03 4.764030873775482178e-02 9.234784170985221863e-03 1.372197084128856659e-02 1.491079665720462799e-02 3.961817547678947449e-02 1.019717101007699966e-02 4.327628761529922485e-02 1.198637112975120544e-02 4.930576682090759277e-02 1.648168265819549561e-02 1.035134680569171906e-02 1.328837219625711441e-02 2.469267323613166809e-02 1.378647051751613617e-02 2.140685170888900757e-02 1.808137516491115093e-03 4.439801722764968872e-02 2.416894212365150452e-02 3.089134953916072845e-02 2.857043780386447906e-02 2.001000940799713135e-02 3.417934104800224304e-02 3.598990663886070251e-02 3.323139995336532593e-02 4.003638401627540588e-02 4.690672829747200012e-02 4.871731996536254883e-02 3.493983997032046318e-03 2.437936887145042419e-02 5.941831693053245544e-02 5.409312434494495392e-03 2.908357232809066772e-02 2.012748643755912781e-02 8.923086337745189667e-03 1.817820779979228973e-02 1.855352707207202911e-02 5.048487801104784012e-03 1.166702341288328171e-02 1.597049459815025330e-02 5.910373106598854065e-02 9.305359795689582825e-03 3.415926545858383179e-02 1.464153290726244450e-03 2.794074639678001404e-02 9.876906871795654297e-03 3.958562761545181274e-02
1.266713142395019531e-01 8.627569675445556641e-02 4.085642099380493164e-02 3.298310935497283936e-02 5.120151862502098083e-02 1.777563691139221191e-01 5.217400789260864258e-01 2.145517989993095398e-02 3.675378113985061646e-02 3.278193995356559753e-03 1.145834773778915405e-01 2.944646403193473816e-02 2.038256637752056122e-02 1.333364006131887436e-02 3.820786625146865845e-02 3.301441203802824020e-03 3.440270200371742249e-03 1.711406558752059937e-02 1.454217638820409775e-02 2.091601304709911346e-02 2.731624990701675415e-02 1.279095280915498734e-02 6.158206611871719360e-03 5.384792760014533997e-02 1.460745465010404587e-02 2.966911345720291138e-02 5.114916712045669556e-02 3.341266140341758728e-02 1.707087084650993347e-02 4.011800140142440796e-02 4.952270165085792542e-02 1.675381907261908054e-03 3.032126836478710175e-02 2.033500699326395988e-03 3.778544440865516663e-02 2.215903997421264648e-02 1.692614145576953888e-02 3.895428963005542755e-03 3.104295954108238220e-02 2.908509597182273865e-02 7.183833979070186615e-03 5.171629041433334351e-02 2.392679639160633087e-02 2.815004438161849976e-02 1.560883875936269760e-02 1.483757048845291138e-02 1.587675958871841431e-01 1.011360362172126770e-01 4.204725101590156555e-02 3.566462546586990356e-02 6.635990738868713379e-02 6.068962067365646362e-02 5.434503406286239624e-02 5.088979378342628479e-02 4.266677424311637878e-02 4.938579723238945007e-02 3.984565287828445435e-02 1.960239000618457794e-02 2.977520599961280823e-02 4.491449892520904541e-02 1.899398677051067352e-02 4.474093765020370483e-02 3.759041801095008850e-02 2.242578007280826569e-02 5.869869515299797058e-02 3.084231400862336159e-03 2.229939773678779602e-02 1.580538228154182434e-02 4.223311319947242737e-02 4.888608306646347046e-02 2.638125047087669373e-02 8.334668353199958801e-03 5.892820283770561218e-02 2.607147581875324249e-02 1.232644822448492050e-02 8.476875722408294678e-03 1.603777892887592316e-02 2.678132057189941406e-02 3.660038858652114868e-02 4.919002950191497803e-02 9.881999343633651733e-03 2.888763882219791412e-02 4.427724052220582962e-03 1.200426742434501648e-02 2.470132196322083473e-03 4.744121059775352478e-02 3.382479771971702576e-02 8.017802610993385315e-03 1.937011256814002991e-02 2.240366861224174500e-02 2.171323075890541077e-02 2.345280488952994347e-03 1.185414008796215057e-02 4.509245231747627258e-02 3.018449619412422180e-02 3.808216378092765808e-02 1.608240790665149689e-02 1.463947352021932602e-02 2.582027390599250793e-02 3.433008491992950439e-02 1.612928509712219238e-02 2.316997759044170380e-02 1.183997932821512222e-02 3.931759297847747803e-02 5.385348107665777206e-03 5.091222003102302551e-02 1.671139267273247242e-03 1.369931548833847046e-02 6.782236043363809586e-03 3.982608392834663391e-02 2.263532392680644989e-02 6.898534484207630157e-03 7.431154605001211166e-03 3.218831494450569153e-02 4.911960102617740631e-03 3.143620863556861877e-02
6.771379266865551472e-04 2.688906155526638031e-02 1.766787171363830566e-01 2.520645502954721451e-03 3.787472844123840332e-02 2.719325572252273560e-02 2.145517989993095398e-02 5.234156847000122070e-01 1.515099499374628067e-02 1.800495013594627380e-02 2.455785870552062988e-03 1.583703211508691311e-03 1.661422103643417358e-02 1.408680435270071030e-02 6.777540594339370728e-02 1.085992436856031418e-02 8.022590540349483490e-03 2.153582498431205750e-02 2.706116996705532074e-02 4.062035307288169861e-02 3.875720128417015076e-02 3.041166253387928009e-02 2.458293922245502472e-02 2.952735498547554016e-02 2.176621370017528534e-02 4.376164637506008148e-03 2.925641089677810669e-02 2.463913150131702423e-02 2.477066218852996826e-02 2.227708511054515839e-02 2.184722200036048889e-02 3.188839927315711975e-02 2.276157960295677185e-02 3.682283684611320496e-02 9.914817288517951965e-03 3.101913444697856903e-02 2.727723680436611176e-02 4.961851239204406738e-02 1.621905900537967682e-02 4.310303926467895508e-02 1.191160380840301514e-01 4.759671539068222046e-02 3.517919033765792847e-02 9.201368689537048340e-02 1.318698283284902573e-03 9.237916674464941025e-04 3.895483165979385376e-02 5.168884992599487305e-03 2.355676516890525818e-02 3.792323544621467590e-02 4.147228971123695374e-02 4.035461228340864182e-03 4.085467010736465454e-02 1.223229989409446716e-02 2.872480638325214386e-02 3.395629301667213440e-02 1.803854107856750488e-02 4.365245811641216278e-03 3.452492877840995789e-02 2.416167594492435455e-02 2.449917048215866089e-02 2.871634438633918762e-02 1.407421939074993134e-02 2.291215583682060242e-02 2.497424744069576263e-02 4.701744765043258667e-02 3.921940177679061890e-02 2.545473165810108185e-02 5.291394889354705811e-02 3.529312089085578918e-02 4.212217777967453003e-02 2.022941038012504578e-02 1.439838856458663940e-02 2.355827717110514641e-03 3.616309724748134613e-03 3.273718059062957764e-02 1.728719659149646759e-02 1.355344243347644806e-02 2.763109840452671051e-02 2.630521915853023529e-02 2.041249573230743408e-01 1.967041492462158203e-01 2.571787312626838684e-02 3.802415356040000916e-02 7.564849220216274261e-03 2.651827037334442139e-02 8.934602886438369751e-02 9.779256582260131836e-02 7.341722026467323303e-03 3.472344949841499329e-02 1.458089984953403473e-02 3.982485458254814148e-02 2.673574350774288177e-02 6.516521330922842026e-03 8.940331637859344482e-03 3.487251931801438332e-03 1.117161847651004791e-02 2.170094288885593414e-02 1.018969714641571045e-02 2.640780620276927948e-02 4.148427024483680725e-02 4.588883742690086365e-02 1.745212636888027191e-02 3.253253549337387085e-02 2.033965662121772766e-02 2.759275771677494049e-02 6.923678796738386154e-03 3.546717390418052673e-02 1.869263499975204468e-02 1.435000542551279068e-02 8.428678847849369049e-03 4.759810492396354675e-02 1.939388737082481384e-02 1.734052412211894989e-02 2.644596435129642487e-02 1.185321994125843048e-02
5.583978490903973579e-04 1.942131109535694122e-02 4.530880134552717209e-03 1.863279938697814941e-02 1.223192457109689713e-02 4.751292988657951355e-02 3.675378113985061646e-02 1.515099499374628067e-02 5.104160308837890625e-01 9.562212228775024414e-02 4.490511491894721985e-03 2.405995316803455353e-02 5.522403493523597717e-02 6.642475724220275879e-02 2.572685293853282928e-02 2.337035164237022400e-02 9.271167218685150146e-03 8.998683840036392212e-02 4.138054326176643372e-03 3.234409540891647339e-02 3.403000161051750183e-02 7.838785531930625439e-04 3.784037753939628601e-02 1.643414050340652466e-02 4.621624946594238281e-02 6.656456273049116135e-03 2.482287026941776276e-02 6.107663735747337341e-02 1.103437691926956177e-02 8.227343857288360596e-02 4.235396534204483032e-02 4.240497946739196777e-03 3.332559391856193542e-02 9.522179141640663147e-03 1.084323879331350327e-02 3.242591768503189087e-02 4.927431046962738037e-02 2.865447290241718292e-02 1.825255900621414185e-02 2.560855448246002197e-02 4.015493020415306091e-02 2.039730921387672424e-02 2.803629077970981598e-02 1.507053617388010025e-02 3.913521394133567810e-02 4.183623939752578735e-02 1.522269099950790405e-02 3.017899952828884125e-02 2.311231382191181183e-02 5.024982616305351257e-02 1.642920635640621185e-02 1.662002690136432648e-02 1.807707548141479492e-02 3.592611104249954224e-02 5.307905748486518860e-02 3.181356564164161682e-02 1.954636536538600922e-02 7.951993495225906372e-03 2.953398786485195160e-02 4.585929960012435913e-02 3.626327030360698700e-03 1.305649522691965103e-02 6.260896043386310339e-05 2.974571101367473602e-02 3.536913916468620300e-02 1.125424075871706009e-02 3.524958342313766479e-02 4.429228603839874268e-02 1.431217882782220840e-02 3.042715229094028473e-02 1.361401285976171494e-02 8.318603038787841797e-02 1.262457761913537979e-02 5.255911033600568771e-03 3.842288628220558167e-02 5.401377007365226746e-02 1.316843330860137939e-01 2.591637149453163147e-02 3.841124102473258972e-02 3.271258994936943054e-02 3.024935908615589142e-02 2.063344465568661690e-03 8.825442939996719360e-02 1.990735717117786407e-02 5.185864865779876709e-03 1.694489642977714539e-02 5.324786528944969177e-02 1.595200784504413605e-02 5.495369434356689453e-02 3.509371355175971985e-02 1.563836354762315750e-03 1.332592498511075974e-02 1.631414331495761871e-02 2.242452837526798248e-02 4.870714619755744934e-02 3.156656771898269653e-02 3.879811987280845642e-02 1.565300673246383667e-02 1.245276071131229401e-02 8.106431923806667328e-03 1.181004568934440613e-02 3.221017867326736450e-02 4.940043017268180847e-02 5.199911817908287048e-02 1.565522979944944382e-03 2.256470918655395508e-02 2.880616113543510437e-02 3.361998125910758972e-02 2.382988668978214264e-02 5.634581204503774643e-03 1.641917973756790161e-02 1.479796040803194046e-02 3.665358573198318481e-02 2.229108475148677826e-02 1.245278306305408478e-02 2.578355558216571808e-02
9.124648640863597393e-04 1.686854287981987000e-02 3.676904365420341492e-02 2.625716663897037506e-02 2.466855198144912720e-02 2.622802741825580597e-02 3.278193995356559753e-03 1.800495013594627380e-02 9.562212228775024414e-02 5.201930403709411621e-01 1.835496909916400909e-02 6.079517304897308350e-02 4.509059339761734009e-02 1.182601437903940678e-03 9.056694805622100830e-03 1.251985970884561539e-02 3.775806725025177002e-02 4.110958427190780640e-02 6.597426533699035645e-02 4.452763497829437256e-02 1.363138761371374130e-02 1.626921817660331726e-02 2.697194926440715790e-02 5.675260350108146667e-02 4.107129573822021484e-02 9.191788733005523682e-03 1.481427438557147980e-02 3.052800148725509644e-02 5.689897388219833374e-02 4.322825372219085693e-02 1.719524152576923370e-02 9.993391111493110657e-03 4.743429273366928101e-02 1.600895635783672333e-02 5.602949485182762146e-02 1.630824804306030273e-02 1.598909962922334671e-03 1.513073313981294632e-02 3.475645557045936584e-03 3.167358785867691040e-02 6.811387836933135986e-03 2.268877066671848297e-02 7.725726813077926636e-03 2.446597442030906677e-02 2.635429054498672485e-02 8.466719649732112885e-03 2.958683483302593231e-02 1.052612252533435822e-02 9.927847422659397125e-04 1.435383781790733337e-02 3.942805901169776917e-02 1.579090394079685211e-02 3.484995663166046143e-02 3.529760241508483887e-02 9.656932204961776733e-03 6.557917594909667969e-02 2.385370060801506042e-02 1.755231805145740509e-02 2.605459094047546387e-02 4.509776085615158081e-02 1.131051126867532730e-02 2.084505371749401093e-02 9.649854473536834121e-05 4.048793576657772064e-03 5.769064649939537048e-02 2.594574913382530212e-02 2.626830153167247772e-02 3.746543452143669128e-02 1.596436952240765095e-03 4.406872391700744629e-02 4.449132084846496582e-02 1.375101134181022644e-02 1.188748236745595932e-02 6.219720840454101562e-02 3.816942498087882996e-02 2.604193799197673798e-02 1.462782640010118484e-02 1.009132117033004761e-01 4.487602785229682922e-02 8.223019540309906006e-02 4.945342987775802612e-02 4.471123591065406799e-02 4.108839109539985657e-02 2.512062154710292816e-02 5.329855903983116150e-02 5.042922869324684143e-02 1.110786478966474533e-02 1.515154633671045303e-02 4.097084701061248779e-02 1.140914484858512878e-02 1.117731165140867233e-02 8.565536700189113617e-03 5.936141125857830048e-03 4.552048817276954651e-02 9.882285259664058685e-03 2.143585123121738434e-02 1.588986068964004517e-02 5.491588264703750610e-02 4.873877333011478186e-04 3.215070068836212158e-02 1.190584059804677963e-02 1.185290864668786526e-03 1.795732788741588593e-02 4.653741419315338135e-02 3.992868959903717041e-02 2.159592509269714355e-02 8.197601884603500366e-03 4.087591916322708130e-02 5.353354383260011673e-03 2.820945531129837036e-02 1.943541876971721649e-02 1.561061851680278778e-02 4.768909886479377747e-02 4.955156520009040833e-02 1.066329237073659897e-02 2.015413716435432434e-02
1.199338659644126892e-01 8.930123597383499146e-02 2.046254277229309082e-02 1.298664696514606476e-02 1.998059637844562531e-02 9.995808452367782593e-02 1.145834773778915405e-01 2.455785870552062988e-03 4.490511491894721985e-03 1.835496909916400909e-02 5.219914317131042480e-01 9.313092567026615143e-03 6.947459280490875244e-02 3.641275689005851746e-02 9.104802273213863373e-03 3.543218364939093590e-03 5.547799635678529739e-03 1.134141441434621811e-02 1.659881323575973511e-02 6.167206447571516037e-03 7.686982396990060806e-03 1.210189610719680786e-02 1.490790583193302155e-02 2.864217013120651245e-02 2.144435420632362366e-02 1.180992694571614265e-03 3.561190888285636902e-02 4.368681088089942932e-02 4.816207289695739746e-02 4.635283723473548889e-02 1.685318723320960999e-02 5.430276039987802505e-03 4.260198771953582764e-02 8.653627592138946056e-04 5.708104465156793594e-03 2.386345155537128448e-02 1.311882026493549347e-02 5.243194103240966797e-02 2.796211466193199158e-02 5.372900143265724182e-02 2.778245881199836731e-02 2.774938009679317474e-02 1.397525426000356674e-02 3.193805739283561707e-02 4.473179951310157776e-02 1.889581605792045593e-02 7.314801216125488281e-02 3.188161551952362061e-02 9.109928272664546967e-03 5.260394141077995300e-02 4.287194926291704178e-03 1.173169817775487900e-02 4.785335157066583633e-03 9.103767573833465576e-03 1.820775493979454041e-02 3.809284418821334839e-02 2.744271419942378998e-02 1.847734116017818451e-02 2.636931091547012329e-02 1.318983267992734909e-02 2.966954838484525681e-03 1.997018232941627502e-02 3.658885508775711060e-02 4.240032285451889038e-02 2.127220667898654938e-02 5.351498350501060486e-02 3.028858825564384460e-02 6.804654840379953384e-03 1.599131152033805847e-02 1.381068583577871323e-02 1.977579900994896889e-03 3.889963775873184204e-02 1.452948432415723801e-02 3.224838525056838989e-02 4.176465421915054321e-02 4.850100725889205933e-02 3.433764353394508362e-02 3.011954016983509064e-03 2.485435083508491516e-02 1.302119903266429901e-02 1.841877400875091553e-02 5.381503142416477203e-03 3.136942686978727579e-04 4.517262335866689682e-03 8.866442367434501648e-03 1.859038136899471283e-02 4.845824092626571655e-03 2.905214019119739532e-02 1.295240875333547592e-02 2.446097787469625473e-03 1.509527303278446198e-02 5.761299654841423035e-02 2.289754711091518402e-02 1.274270936846733093e-02 3.169774427078664303e-04 3.653376130387187004e-03 5.428963154554367065e-02 4.316237568855285645e-02 1.365657150745391846e-02 4.189491737633943558e-03 1.496591325849294662e-02 4.027824848890304565e-03 3.814874216914176941e-02 3.998292982578277588e-02 1.952543109655380249e-02 1.335590612143278122e-02 1.062976103276014328e-02 4.917656630277633667e-02 2.299900166690349579e-03 6.621066131629049778e-04 9.439839981496334076e-03 1.045941561460494995e-02 3.601658390834927559e-03 5.239899456501007080e-02 2.990131825208663940e-02 4.466238990426063538e-02
1.411097240634262562e-03 3.293544426560401917e-02 4.598418623208999634e-02 6.740389764308929443e-02 5.722387507557868958e-02 4.989082738757133484e-02 2.944646403193473816e-02 1.583703211508691311e-03 2.405995316803455353e-02 6.079517304897308350e-02 9.313092567026615143e-03 5.055376291275024414e-01 3.100511245429515839e-02 8.215758204460144043e-02 2.990233711898326874e-02 5.085526779294013977e-02 1.774742826819419861e-02 7.032626308500766754e-03 5.526823177933692932e-02 3.467565774917602539e-02 3.640796244144439697e-02 3.252417594194412231e-02 2.484762854874134064e-02 4.585426300764083862e-03 6.964871194213628769e-03 2.350148861296474934e-04 4.236683622002601624e-02 3.849852830171585083e-02 4.219330847263336182e-03 4.670236632227897644e-02 3.710273280739784241e-02 4.121136665344238281e-02 3.741928189992904663e-02 4.009927064180374146e-02 3.661421360448002815e-03 1.789171993732452393e-02 2.214501844719052315e-03 2.396771218627691269e-03 1.648173853754997253e-02 3.719637542963027954e-02 2.496385946869850159e-02 4.483748227357864380e-02 4.196496307849884033e-02 2.034388296306133270e-02 1.214419379830360413e-01 6.760090589523315430e-03 3.632299229502677917e-02 4.763600602746009827e-02 4.170252010226249695e-02 2.287922427058219910e-02 1.440760679543018341e-03 2.612598938867449760e-03 6.381851155310869217e-03 4.333293996751308441e-03 3.419330716133117676e-02 5.045715253800153732e-03 1.256858813576400280e-03 4.767603799700737000e-02 5.058687925338745117e-02 2.284731902182102203e-02 6.825928110629320145e-03 3.049259446561336517e-02 3.442107513546943665e-02 3.687950968742370605e-02 5.610252171754837036e-02 3.437821194529533386e-02 3.112785704433917999e-02 3.178567066788673401e-02 7.618539966642856598e-03 6.444369256496429443e-02 3.675288334488868713e-02 1.424570288509130478e-02 7.470502704381942749e-02 8.560245484113693237e-02 1.364916376769542694e-02 1.759378425776958466e-02 3.234625235199928284e-02 7.226417958736419678e-02 1.877843402326107025e-02 6.200298294425010681e-02 1.129621360450983047e-02 1.238722726702690125e-02 4.302689433097839355e-02 2.202779240906238556e-02 5.653571337461471558e-03 1.582030020654201508e-02 5.178586579859256744e-03 1.158574130386114120e-02 1.776579208672046661e-02 4.458874464035034180e-03 1.613194122910499573e-02 4.816208034753799438e-03 4.237564653158187866e-02 8.353513665497303009e-03 1.362092979252338409e-02 1.720774802379310131e-03 2.945516444742679596e-02 3.957032412290573120e-02 3.480754047632217407e-02 7.528300862759351730e-03 3.131669387221336365e-02 1.229961309581995010e-02 2.327440306544303894e-02 2.003039047122001648e-02 4.121162928640842438e-03 4.580144956707954407e-02 3.983059525489807129e-02 3.248648717999458313e-02 3.592091798782348633e-02 4.253277555108070374e-02 1.186167821288108826e-02 4.846669360995292664e-02 2.447704039514064789e-02 3.129729628562927246e-02 3.397422283887863159e-02 2.685990184545516968e-02
1.862693019211292267e-02 8.979486674070358276e-02 2.698098681867122650e-02 4.367299750447273254e-02 2.919712103903293610e-02 1.587964966893196106e-02 2.038256637752056122e-02 1.661422103643417358e-02 5.522403493523597717e-02 4.509059339761734009e-02 6.947459280490875244e-02 3.100511245429515839e-02 5.145568847656250000e-01 3.423189744353294373e-02 1.399564463645219803e-02 1.285550091415643692e-02 3.185193613171577454e-02 3.624718263745307922e-02 6.900545209646224976e-03 3.723775502294301987e-03 4.894004017114639282e-02 4.003249108791351318e-02 4.500783234834671021e-02 2.803039923310279846e-02 5.324206128716468811e-02 4.670796543359756470e-02 1.262448262423276901e-02 4.877515509724617004e-02 4.265398904681205750e-02 3.727640211582183838e-02 3.718922287225723267e-02 1.669055636739358306e-04 1.789470016956329346e-02 2.562420815229415894e-02 1.051521021872758865e-02 5.747486837208271027e-03 1.220492552965879440e-02 1.342910458333790302e-03 3.010211698710918427e-02 2.157249674201011658e-02 2.639667689800262451e-02 3.461504727602005005e-02 4.037369042634963989e-02 2.967956825159490108e-04 4.637637361884117126e-02 2.164008328691124916e-03 2.469878643751144409e-02 7.549007982015609741e-02 2.915370278060436249e-02 1.513947825878858566e-02 1.648639445193111897e-03 3.478054329752922058e-02 1.453348342329263687e-02 4.407556727528572083e-03 4.167602211236953735e-02 4.596186056733131409e-02 1.650768704712390900e-02 1.456742826849222183e-02 3.132278798148036003e-04 2.211801521480083466e-02 2.180185914039611816e-02 2.865506801754236221e-03 3.020882047712802887e-02 1.006508129648864269e-03 5.790511518716812134e-02 7.999551296234130859e-02 3.367241099476814270e-02 3.114133328199386597e-02 1.936374977231025696e-02 3.890976367983967066e-04 7.765423972159624100e-03 1.449367590248584747e-02 4.295165464282035828e-02 1.945519447326660156e-02 2.124942652881145477e-02 1.044944953173398972e-02 1.591068319976329803e-02 4.031183663755655289e-03 2.155589126050472260e-02 3.985618054866790771e-02 4.731417819857597351e-02 4.405886679887771606e-02 1.524295564740896225e-02 8.045103400945663452e-03 4.763603582978248596e-02 3.287651762366294861e-02 2.355559542775154114e-02 5.894051864743232727e-03 3.274057060480117798e-02 7.501719519495964050e-03 6.585813243873417377e-04 3.661298379302024841e-02 5.283137410879135132e-02 4.639416560530662537e-02 3.057895600795745850e-02 1.317459903657436371e-02 2.847116813063621521e-02 3.799346508458256721e-03 1.892730593681335449e-02 3.982214257121086121e-02 2.958174981176853180e-02 5.654692649841308594e-03 1.548583339899778366e-02 4.303346504457294941e-04 4.386615753173828125e-02 2.847249805927276611e-02 5.562022328376770020e-03 7.224145811051130295e-03 1.796421222388744354e-02 5.457664374262094498e-03 2.019152045249938965e-02 2.211430110037326813e-02 5.143427103757858276e-02 4.471038654446601868e-02 1.977641694247722626e-02 1.162803545594215393e-02
