4.948138296604156494e-01 2.102321088314056396e-01 4.382535349577665329e-03 3.552134335041046143e-02 3.775723278522491455e-02 1.126346960663795471e-01 1.021101847290992737e-01 3.711805865168571472e-02 4.577862843871116638e-02 2.696312218904495239e-02 1.444739997386932373e-01 3.052051365375518799e-02 1.116048768162727356e-01 4.057705402374267578e-02 1.483733300119638443e-02 1.974939741194248199e-02 3.879754245281219482e-02 2.066186256706714630e-02 1.278766989707946777e-02 5.866490304470062256e-03 1.808558031916618347e-02 1.451477874070405960e-02 4.656007885932922363e-02 3.823998942971229553e-02 4.759319871664047241e-02 2.404447831213474274e-02 3.769300132989883423e-02 1.408383902162313461e-02 2.368780598044395447e-02 2.270413376390933990e-02 2.883983962237834930e-02 3.505187109112739563e-02 9.959724411601200700e-05 1.761740632355213165e-02 4.314165934920310974e-02 1.807351224124431610e-02 2.918920107185840607e-02 2.176524139940738678e-02 3.769208863377571106e-02 3.807906759902834892e-03 3.540081158280372620e-02 4.855288192629814148e-02 1.972835510969161987e-02 2.577970176935195923e-02 2.238459652289748192e-03 1.233189459890127182e-02 1.059590727090835571e-01 5.990444123744964600e-02 6.420811172574758530e-03 3.815036267042160034e-02 4.052569624036550522e-03 1.269889529794454575e-02 4.643495008349418640e-02 3.861934645101428032e-03 3.253127634525299072e-02 3.990001603960990906e-02 1.161120738834142685e-02 3.494358435273170471e-02 1.585491700097918510e-03 3.807508572936058044e-02 1.784407906234264374e-02 2.302037551999092102e-02 2.169166877865791321e-02 1.596176065504550934e-02 1.802270673215389252e-02 8.476865477859973907e-03 6.527250166982412338e-03 3.499215468764305115e-03 2.107968740165233612e-02 4.135055467486381531e-02 2.947000227868556976e-02 2.717473357915878296e-02 1.399130839854478836e-02 6.724387407302856445e-03 5.289122089743614197e-02 1.989849144592881203e-03 4.690806381404399872e-03 2.776121953502297401e-03 6.946542300283908844e-03 3.775712475180625916e-02 3.406007960438728333e-02 3.948525711894035339e-02 1.271426491439342499e-02 3.025451675057411194e-02 6.378876976668834686e-03 1.020390354096889496e-02 1.150418259203433990e-02 1.150273811072111130e-02 6.939584272913634777e-04 2.781058102846145630e-02 5.902044940739870071e-03 2.636897005140781403e-02 1.575351506471633911e-02 2.904251916334033012e-03 1.657593064010143280e-02 1.607738807797431946e-02 5.900582298636436462e-03 1.472515985369682312e-02 1.006743498146533966e-02 1.323144696652889252e-02 1.298868563026189804e-02 9.105083881877362728e-04 3.297251882031559944e-03 2.203587442636489868e-02 2.037328667938709259e-03 1.700885943137109280e-03 2.563876099884510040e-02 4.988152999430894852e-03 4.288238473236560822e-03 2.795537561178207397e-02 2.171522006392478943e-02 8.869064040482044220e-03 4.041863605380058289e-02 4.541957378387451172e-02 2.223881147801876068e-02 1.794922538101673126e-02
2.102321088314056396e-01 4.974999427795410156e-01 2.330139651894569397e-02 3.397613763809204102e-02 2.539465390145778656e-02 8.393774181604385376e-02 8.590416610240936279e-02 3.504907712340354919e-02 4.293091222643852234e-02 1.939713396131992340e-02 1.315975040197372437e-01 1.517818681895732880e-02 1.237096413969993591e-01 2.804007381200790405e-02 1.118410006165504456e-02 1.440762169659137726e-02 3.598717227578163147e-02 4.054863005876541138e-02 4.399901255965232849e-02 5.830065812915563583e-03 1.902036555111408234e-02 5.796485114842653275e-03 3.954606503248214722e-02 3.627545759081840515e-02 3.740546852350234985e-02 3.429911285638809204e-02 3.740862011909484863e-02 9.785701986402273178e-04 1.336630899459123611e-02 5.140972207300364971e-04 1.706284284591674805e-02 1.367626339197158813e-02 4.403212806209921837e-04 3.425973118282854557e-04 4.829162359237670898e-02 4.193264618515968323e-02 1.239846553653478622e-02 4.357279837131500244e-02 3.808318823575973511e-02 3.456097468733787537e-02 2.445901557803153992e-02 4.106995835900306702e-02 2.215301431715488434e-02 2.565355598926544189e-02 1.388363447040319443e-02 2.754715085029602051e-02 8.019129186868667603e-02 5.364882200956344604e-02 4.777447786182165146e-03 1.699513010680675507e-02 1.851477310992777348e-03 1.352319307625293732e-02 4.244175925850868225e-02 4.482857417315244675e-03 4.784706607460975647e-02 3.370242193341255188e-02 1.750072278082370758e-02 8.330985903739929199e-03 1.455833949148654938e-02 4.337976872920989990e-02 1.494721230119466782e-02 1.474825199693441391e-02 2.717502601444721222e-02 1.474761590361595154e-02 1.793605647981166840e-02 6.558307446539402008e-03 1.030249055474996567e-03 3.145104041323065758e-03 1.867134496569633484e-02 5.098896473646163940e-02 2.312964014708995819e-02 3.313767164945602417e-02 3.755864873528480530e-02 1.241025049239397049e-02 4.255317151546478271e-02 6.135142408311367035e-03 4.472808795981109142e-04 3.959540918003767729e-04 3.500984236598014832e-02 2.653120458126068115e-02 3.693750500679016113e-02 3.828851878643035889e-02 4.223589971661567688e-02 3.532266616821289062e-02 1.902450225315988064e-03 1.423699595034122467e-02 3.596687689423561096e-03 1.193660777062177658e-02 6.783909630030393600e-03 1.206713076680898666e-02 1.046007685363292694e-02 2.818528749048709869e-02 1.723408699035644531e-03 2.203964255750179291e-02 8.680167607963085175e-03 6.278715562075376511e-03 2.233311906456947327e-02 1.033565588295459747e-02 1.458080112934112549e-02 1.246140897274017334e-02 1.325024385005235672e-02 7.238250691443681717e-03 1.484979689121246338e-02 4.372896999120712280e-02 3.043511242140084505e-04 1.673793792724609375e-02 2.304686047136783600e-02 7.283653132617473602e-03 1.007827580906450748e-03 3.975784033536911011e-02 1.662734150886535645e-02 5.049199797213077545e-03 3.892992064356803894e-02 4.910218715667724609e-02 1.358314184471964836e-03 2.134641259908676147e-02
4.382535349577665329e-03 2.330139651894569397e-02 4.669612944126129150e-01 7.119077444076538086e-02 1.110160257667303085e-02 2.791737765073776245e-02 1.270917896181344986e-02 1.552502363920211792e-01 1.949288696050643921e-02 3.927993029356002808e-02 4.918212443590164185e-02 2.153766155242919922e-02 2.840246446430683136e-02 3.143936395645141602e-02 2.075639367103576660e-02 1.811869256198406219e-02 2.691998705267906189e-02 2.796320803463459015e-02 2.983779087662696838e-02 3.070753440260887146e-02 4.684220533818006516e-03 6.131565198302268982e-02 1.275733113288879395e-02 1.860311627388000488e-02 8.569098077714443207e-03 3.517513629049062729e-03 6.085243448615074158e-02 2.094930596649646759e-02 8.127190172672271729e-03 4.405061900615692139e-02 1.036138506606221199e-03 1.777373440563678741e-02 5.266329273581504822e-02 1.243539527058601379e-02 2.123794704675674438e-02 3.356704721227288246e-03 3.100590035319328308e-02 3.570721670985221863e-02 3.471923992037773132e-03 2.199615351855754852e-02 1.397122256457805634e-02 4.408612847328186035e-02 3.927250951528549194e-02 5.491727218031883240e-02 1.806185767054557800e-02 3.000454790890216827e-02 9.106688085012137890e-04 1.559950597584247589e-02 3.842927142977714539e-02 4.941707104444503784e-02 2.866275236010551453e-02 3.346883505582809448e-02 3.564710915088653564e-02 3.497382998466491699e-02 6.416871678084135056e-03 7.802387699484825134e-03 3.265092521905899048e-02 1.192707847803831100e-02 3.236280381679534912e-02 4.312323406338691711e-02 1.826126687228679657e-02 1.363939046859741211e-02 2.861535176634788513e-02 2.853358536958694458e-02 1.579073816537857056e-02 4.160243272781372070e-02 1.144923549145460129e-02 5.042054690420627594e-04 2.052606549113988876e-03 3.198245540261268616e-02 1.564833335578441620e-03 5.227087438106536865e-02 1.366037968546152115e-02 2.021950297057628632e-02 5.014880001544952393e-02 5.288758547976613045e-04 2.644866146147251129e-02 1.343194954097270966e-02 2.080057561397552490e-02 3.834388405084609985e-02 8.056250959634780884e-02 4.565345123410224915e-03 4.534102976322174072e-03 2.695664763450622559e-02 1.108686532825231552e-02 3.530003502964973450e-02 1.690612360835075378e-02 3.123985975980758667e-02 1.209391001611948013e-02 1.616390887647867203e-03 2.324605546891689301e-02 7.889696396887302399e-03 2.485578693449497223e-02 1.073739118874073029e-02 3.421843424439430237e-02 2.483537793159484863e-02 3.273422131314873695e-03 1.068805716931819916e-02 1.131072267889976501e-02 1.795080862939357758e-02 1.141114998608827591e-02 6.281463429331779480e-03 3.781170770525932312e-02 4.553497955203056335e-02 3.527662530541419983e-02 1.547586405649781227e-03 2.205903083086013794e-02 4.460187628865242004e-02 2.278185263276100159e-02 3.032184578478336334e-02 8.711136877536773682e-03 2.934653498232364655e-02 2.726346254348754883e-02 4.392357915639877319e-02 2.576353214681148529e-02 9.185897186398506165e-03
3.552134335041046143e-02 3.397613763809204102e-02 7.119077444076538086e-02 4.892152547836303711e-01 1.700880676507949829e-01 3.174940496683120728e-02 3.186386777088046074e-03 4.355377517640590668e-03 2.876005321741104126e-02 1.503525115549564362e-02 4.513595625758171082e-02 2.547913230955600739e-03 3.509706258773803711e-02 2.317509427666664124e-02 4.596496000885963440e-02 1.498297555372118950e-03 2.589058363810181618e-03 5.490018427371978760e-02 4.937709122896194458e-02 4.503200203180313110e-02 2.478938549757003784e-02 1.633316650986671448e-02 2.557293139398097992e-02 2.228634245693683624e-02 3.923502191901206970e-02 1.100813876837491989e-02 1.468585990369319916e-02 4.439442977309226990e-02 4.158988967537879944e-02 3.860164061188697815e-02 3.713884577155113220e-02 1.562079135328531265e-02 2.071250416338443756e-02 1.956572011113166809e-02 1.728329434990882874e-02 4.478374868631362915e-02 5.316639319062232971e-03 6.364606320858001709e-03 8.917801827192306519e-02 9.033886343240737915e-02 1.707776566036045551e-03 2.754529006779193878e-02 4.725875705480575562e-02 3.966232761740684509e-02 4.543960839509963989e-02 3.679402172565460205e-03 3.887302707880735397e-03 3.305314574390649796e-03 5.386562086641788483e-03 3.349966928362846375e-02 2.886633574962615967e-02 3.629842773079872131e-02 9.733662940561771393e-03 4.146554041653871536e-03 1.551526598632335663e-02 5.329309031367301941e-02 3.429964184761047363e-02 5.213291570544242859e-02 7.747840881347656250e-02 3.767346218228340149e-02 2.967439964413642883e-02 7.164424285292625427e-03 3.874816745519638062e-02 1.211576163768768311e-02 2.203600597567856312e-04 1.338302250951528549e-02 4.501434415578842163e-02 2.973064593970775604e-02 7.763769477605819702e-03 1.845887396484613419e-03 4.914335161447525024e-02 2.813118626363575459e-04 8.290681988000869751e-02 1.749905175529420376e-03 1.929757371544837952e-02 3.745701164007186890e-02 6.164463702589273453e-03 7.824692875146865845e-03 7.468695752322673798e-03 9.270318783819675446e-03 1.625584997236728668e-02 3.079589270055294037e-02 2.463541366159915924e-02 6.496580783277750015e-03 4.627363011240959167e-02 4.452662914991378784e-02 2.194401994347572327e-02 4.331578314304351807e-02 2.560037747025489807e-02 3.322668490000069141e-04 8.701510727405548096e-03 1.149467378854751587e-02 4.107777029275894165e-02 9.576294571161270142e-03 2.540390565991401672e-02 7.689733058214187622e-03 1.889741979539394379e-02 4.892499372363090515e-02 1.493929885327816010e-02 1.398508530110120773e-02 1.931279897689819336e-02 3.171105682849884033e-02 4.486437141895294189e-02 5.506642907857894897e-02 1.600167155265808105e-02 1.552005880512297153e-03 3.096099942922592163e-02 4.380889236927032471e-02 4.690006375312805176e-02 1.861862838268280029e-02 3.103454783558845520e-02 3.748947009444236755e-02 3.309637680649757385e-02 1.341938320547342300e-02 4.501076042652130127e-02 1.207872061058878899e-03
3.775723278522491455e-02 2.539465390145778656e-02 1.110160257667303085e-02 1.700880676507949829e-01 4.911099076271057129e-01 1.117325387895107269e-02 2.995423600077629089e-02 2.321522124111652374e-02 1.765879616141319275e-02 6.429379433393478394e-02 3.027993626892566681e-02 7.993285544216632843e-03 2.685414068400859833e-02 1.572042517364025116e-02 1.908904127776622772e-02 1.119316741824150085e-02 2.002742700278759003e-02 7.635177578777074814e-03 1.233951374888420105e-02 3.753257542848587036e-02 1.603268459439277649e-02 4.128681868314743042e-02 3.816139698028564453e-02 1.902135089039802551e-02 3.872265294194221497e-02 6.058755330741405487e-03 4.388552159070968628e-02 5.198713764548301697e-02 4.203896224498748779e-02 5.105907097458839417e-02 1.412039157003164291e-02 1.112441811710596085e-02 7.354982197284698486e-03 2.572172880172729492e-02 2.324811741709709167e-02 3.831704333424568176e-02 3.102000337094068527e-03 1.464592758566141129e-02 7.501163333654403687e-02 8.883874118328094482e-02 1.681786775588989258e-02 2.825252711772918701e-02 3.274723887443542480e-02 3.182457759976387024e-02 1.150862779468297958e-02 2.245873771607875824e-02 3.805160522460937500e-02 5.026158317923545837e-02 1.999436505138874054e-02 3.686760365962982178e-02 1.133291330188512802e-02 2.794278785586357117e-02 5.909909494221210480e-03 1.892651058733463287e-02 1.089622732251882553e-02 3.470540046691894531e-02 3.644240647554397583e-02 8.743453025817871094e-02 5.916399136185646057e-02 3.134990483522415161e-02 2.324241213500499725e-03 6.468240171670913696e-02 1.939143985509872437e-02 5.983531009405851364e-03 5.751238670200109482e-03 2.995431236922740936e-02 4.397610202431678772e-02 4.559630155563354492e-02 4.240143112838268280e-03 3.710305690765380859e-02 1.325839199125766754e-02 8.857804350554943085e-03 5.169871076941490173e-02 4.441591352224349976e-02 9.374948590993881226e-02 5.043889582157135010e-02 3.269651159644126892e-02 5.227548629045486450e-02 1.242064405232667923e-02 5.044605955481529236e-02 1.589819230139255524e-02 3.747016936540603638e-02 3.407328948378562927e-02 1.130409166216850281e-01 3.260951116681098938e-02 3.012472763657569885e-02 2.272846363484859467e-02 3.969976678490638733e-02 1.467691548168659210e-02 5.753006786108016968e-02 2.680332772433757782e-02 2.225686982274055481e-02 5.034228321164846420e-03 1.818761043250560760e-02 1.635638996958732605e-02 1.757685653865337372e-02 1.268593687564134598e-02 3.715424239635467529e-02 1.319191884249448776e-02 3.752112621441483498e-03 1.093894522637128830e-02 1.656596735119819641e-02 2.962933853268623352e-02 3.885401645675301552e-03 1.214801333844661713e-02 8.170662447810173035e-03 4.259231686592102051e-02 2.336713671684265137e-02 1.986382342875003815e-02 4.199083778075873852e-04 1.649743877351284027e-02 3.794421628117561340e-02 3.169894963502883911e-02 4.043600708246231079e-02 3.656308725476264954e-02 2.847015485167503357e-02
1.126346960663795471e-01 8.393774181604385376e-02 2.791737765073776245e-02 3.174940496683120728e-02 1.117325387895107269e-02 4.921856224536895752e-01 1.810021847486495972e-01 1.749798469245433807e-02 3.871421795338392258e-03 3.684496879577636719e-02 4.741910379379987717e-03 6.803235411643981934e-02 6.795297376811504364e-03 8.900326490402221680e-02 7.503377739340066910e-03 5.019716545939445496e-02 6.672911811619997025e-03 5.012904759496450424e-03 2.383232861757278442e-02 2.423371188342571259e-02 2.693851478397846222e-02 4.139484837651252747e-02 1.366879325360059738e-02 1.323864143341779709e-02 4.387468844652175903e-02 3.808049485087394714e-03 1.307438826188445091e-03 6.129752099514007568e-02 2.335244603455066681e-02 5.902519822120666504e-02 3.041682578623294830e-02 3.344630450010299683e-02 2.983619086444377899e-02 5.346949771046638489e-02 4.186614602804183960e-02 2.798609994351863861e-02 1.381866261363029480e-02 8.868690929375588894e-04 2.639528363943099976e-02 5.815277621150016785e-02 2.150647342205047607e-02 1.818132027983665466e-02 4.543963074684143066e-02 1.007037051022052765e-02 5.266525596380233765e-02 2.800625376403331757e-02 1.299057602882385254e-01 8.376018702983856201e-02 2.910301089286804199e-02 3.803431615233421326e-02 1.207936275750398636e-02 3.223606199026107788e-02 2.062866277992725372e-02 4.350354522466659546e-02 4.387712478637695312e-02 3.945661708712577820e-03 3.823326528072357178e-02 3.933319821953773499e-02 2.435050345957279205e-02 2.401234349235892296e-03 2.693042159080505371e-02 4.191883653402328491e-02 3.631044551730155945e-02 3.221399337053298950e-02 5.606035143136978149e-02 2.984432131052017212e-02 2.560240961611270905e-02 2.775260247290134430e-03 1.212306506931781769e-02 5.672294273972511292e-02 3.731841966509819031e-02 4.798180982470512390e-02 3.506500646471977234e-02 2.390735596418380737e-02 5.566981062293052673e-02 1.428383588790893555e-02 2.537569217383861542e-02 5.440978333353996277e-02 1.565528847277164459e-02 4.465926066040992737e-02 3.026977181434631348e-02 1.344080176204442978e-02 2.466787956655025482e-02 7.915984839200973511e-03 1.840518973767757416e-02 1.502051576972007751e-02 4.127201810479164124e-02 1.029496267437934875e-02 3.850246220827102661e-02 5.309878662228584290e-02 5.185722839087247849e-03 4.405197128653526306e-02 4.889813438057899475e-02 4.883072152733802795e-02 2.496354514732956886e-03 1.286682952195405960e-02 2.962298132479190826e-02 1.027864171192049980e-03 4.325676709413528442e-02 4.898281022906303406e-02 5.543415248394012451e-02 4.380034655332565308e-02 5.420000292360782623e-03 2.276276051998138428e-02 3.748392453417181969e-03 9.679505601525306702e-03 2.378192730247974396e-03 7.200293242931365967e-03 5.034624785184860229e-02 2.050038799643516541e-02 2.927917800843715668e-02 2.788258157670497894e-02 3.671082109212875366e-02 4.468983784317970276e-02 1.075804248102940619e-04 3.038216009736061096e-02
1.021101847290992737e-01 8.590416610240936279e-02 1.270917896181344986e-02 3.186386777088046074e-03 2.995423600077629089e-02 1.810021847486495972e-01 5.003620982170104980e-01 4.107867926359176636e-02 4.340769723057746887e-02 2.629205025732517242e-02 4.826299101114273071e-02 3.005558857694268227e-03 4.625986516475677490e-02 3.677102178335189819e-02 1.909997873008251190e-02 4.995000734925270081e-02 6.393933203071355820e-03 2.066359482705593109e-02 2.274324884638190269e-03 1.770655997097492218e-02 2.418350055813789368e-02 1.631238684058189392e-02 2.838763594627380371e-02 3.208130970597267151e-02 2.895812131464481354e-02 3.952030465006828308e-02 2.877028891816735268e-03 3.947902843356132507e-02 1.157092396169900894e-02 3.755691275000572205e-02 1.117002218961715698e-02 3.105602972209453583e-02 1.422619447112083435e-02 2.592253498733043671e-02 3.823347762227058411e-02 3.374028950929641724e-02 1.152623328380286694e-03 8.444624952971935272e-03 3.955805301666259766e-02 1.356544345617294312e-02 4.930554889142513275e-03 3.427286073565483093e-02 2.028797939419746399e-02 3.935900749638676643e-04 5.545945372432470322e-03 2.793842181563377380e-02 1.537869721651077271e-01 1.379800289869308472e-01 3.701816499233245850e-02 2.723190747201442719e-02 2.556726709008216858e-02 4.460372030735015869e-02 2.791901305317878723e-02 7.847504457458853722e-04 1.631390862166881561e-02 4.009307920932769775e-02 3.738979622721672058e-02 6.291578989475965500e-03 5.548617988824844360e-02 2.941407449543476105e-02 3.286263672634959221e-04 2.933158725500106812e-02 8.551630191504955292e-03 1.528380345553159714e-02 1.110652647912502289e-02 1.926000043749809265e-02 7.453311234712600708e-03 7.402999326586723328e-03 6.459558382630348206e-03 1.053769141435623169e-02 8.038981817662715912e-03 3.361445851624011993e-03 4.766072332859039307e-02 2.228919230401515961e-02 2.007839735597372055e-03 1.265988219529390335e-02 4.704546183347702026e-02 4.529424756765365601e-02 3.064787015318870544e-02 4.883619025349617004e-03 3.775994852185249329e-02 1.228230912238359451e-02 6.740540731698274612e-03 2.938044723123311996e-03 1.367653626948595047e-02 2.776913531124591827e-02 3.083443269133567810e-02 5.756048951297998428e-03 2.218551747500896454e-02 2.986076660454273224e-02 5.811288952827453613e-02 2.307373844087123871e-02 8.332877606153488159e-02 2.380110137164592743e-02 4.765650257468223572e-03 9.071497246623039246e-03 1.005637180060148239e-02 2.176936157047748566e-02 1.207333616912364960e-02 7.844744250178337097e-03 5.639174487441778183e-04 5.466211121529340744e-03 3.720025718212127686e-02 3.770722448825836182e-02 2.908184379339218140e-02 3.270065411925315857e-03 5.526655819267034531e-03 4.193935170769691467e-02 1.759026199579238892e-02 3.694656863808631897e-02 1.453532837331295013e-03 1.491707097738981247e-02 2.861557714641094208e-02 2.885715290904045105e-02 2.279310673475265503e-02 2.789165638387203217e-02
3.711805865168571472e-02 3.504907712340354919e-02 1.552502363920211792e-01 4.355377517640590668e-03 2.321522124111652374e-02 1.749798469245433807e-02 4.107867926359176636e-02 4.737285077571868896e-01 2.978633902966976166e-02 3.541942453011870384e-03 2.367054857313632965e-02 2.973915077745914459e-02 2.940972335636615753e-03 2.244096621870994568e-02 1.314960122108459473e-01 1.118386350572109222e-02 1.186490897089242935e-02 4.024055600166320801e-02 2.611571550369262695e-02 4.238137975335121155e-02 1.314811408519744873e-02 5.714717134833335876e-02 2.748244255781173706e-02 2.651055715978145599e-02 1.452016457915306091e-02 1.611693948507308960e-02 1.786446012556552887e-02 1.224774215370416641e-02 4.655484110116958618e-03 2.053080499172210693e-02 2.127979882061481476e-02 4.084615036845207214e-02 3.400661796331405640e-02 3.185221552848815918e-02 2.859941869974136353e-02 5.690372735261917114e-02 2.005600742995738983e-02 7.139889895915985107e-02 4.107851907610893250e-02 1.788083650171756744e-02 2.797345444560050964e-02 2.113891206681728363e-02 2.227200195193290710e-02 1.012212596833705902e-02 3.380137681961059570e-02 2.453531371429562569e-03 4.191248118877410889e-02 2.329810149967670441e-02 3.295936435461044312e-02 4.549051169306039810e-03 3.841625992208719254e-03 2.536037936806678772e-02 1.050269976258277893e-02 3.278068453073501587e-02 2.654732763767242432e-02 3.728726878762245178e-03 2.020370773971080780e-02 1.720076426863670349e-02 2.265548706054687500e-02 2.676052413880825043e-02 1.385179255157709122e-02 2.506981603801250458e-02 5.519406404346227646e-03 4.006513953208923340e-02 1.097672805190086365e-02 3.349766507744789124e-02 5.473737418651580811e-02 2.713233605027198792e-02 1.207752153277397156e-02 1.279140543192625046e-02 7.525011897087097168e-03 8.124934509396553040e-03 1.289118640124797821e-02 1.609078049659729004e-02 2.204184792935848236e-02 2.196596562862396240e-02 1.442967681214213371e-03 2.385694906115531921e-02 1.903057843446731567e-02 8.760340511798858643e-03 1.414716839790344238e-01 1.221851706504821777e-01 2.838370390236377716e-02 2.635906450450420380e-02 4.793537780642509460e-02 6.769594270735979080e-03 6.612936407327651978e-02 5.932219699025154114e-02 3.399439528584480286e-02 2.872168458998203278e-02 4.401601385325193405e-03 1.599987968802452087e-02 6.056574056856334209e-05 1.022595260292291641e-02 5.470593646168708801e-02 2.524265460669994354e-02 2.568809688091278076e-02 2.022324688732624054e-02 1.444113533943891525e-02 4.800624400377273560e-02 2.967659384012222290e-02 3.401380032300949097e-02 1.274077966809272766e-02 4.097888991236686707e-02 2.468516491353511810e-02 1.411363855004310608e-02 3.039145842194557190e-02 8.838489651679992676e-03 3.531968221068382263e-02 2.658055350184440613e-02 2.737788297235965729e-02 3.587290644645690918e-02 5.142020061612129211e-03 3.934445977210998535e-02 4.667211323976516724e-03 9.349014610052108765e-03
4.577862843871116638e-02 4.293091222643852234e-02 1.949288696050643921e-02 2.876005321741104126e-02 1.765879616141319275e-02 3.871421795338392258e-03 4.340769723057746887e-02 2.978633902966976166e-02 5.045036077499389648e-01 1.022619977593421936e-01 2.362107858061790466e-02 4.992149025201797485e-02 2.621433511376380920e-02 2.617113664746284485e-02 2.168757654726505280e-02 4.833684116601943970e-02 3.370530903339385986e-02 8.961693197488784790e-02 2.938898093998432159e-02 2.637553773820400238e-02 1.945360563695430756e-02 4.788997769355773926e-02 4.599920287728309631e-02 3.566702082753181458e-02 5.341229587793350220e-02 2.615663968026638031e-02 4.908751323819160461e-02 1.558763068169355392e-02 3.664112463593482971e-02 1.616694033145904541e-02 3.919304534792900085e-02 3.272878937423229218e-03 7.931755855679512024e-03 3.676356002688407898e-02 1.280902506550773978e-04 2.412018831819295883e-03 2.355287969112396240e-02 2.528166584670543671e-02 3.856293857097625732e-02 5.004189908504486084e-02 4.550801217555999756e-02 1.424812246114015579e-02 2.560061775147914886e-02 5.414701998233795166e-03 2.665307372808456421e-02 2.047832682728767395e-02 4.093133285641670227e-02 1.827296614646911621e-02 4.424683004617691040e-02 1.955830026417970657e-03 2.133795619010925293e-02 2.108945325016975403e-02 2.182520739734172821e-02 5.916630476713180542e-02 8.561430871486663818e-02 1.213734224438667297e-02 1.275867503136396408e-02 5.651107802987098694e-02 3.340171242598444223e-04 6.800085306167602539e-02 2.825931413099169731e-03 6.096057966351509094e-02 4.825498536229133606e-02 4.759502597153186798e-03 1.676280423998832703e-02 3.459825739264488220e-02 4.551388323307037354e-02 3.308132290840148926e-02 5.242905765771865845e-02 1.916903071105480194e-02 4.401042312383651733e-02 5.874340981245040894e-02 3.985970467329025269e-02 5.217090249061584473e-03 1.540260668843984604e-02 1.944372244179248810e-02 1.374969929456710815e-01 8.895702660083770752e-02 6.506886333227157593e-02 9.374406933784484863e-02 3.155814111232757568e-02 3.214383497834205627e-02 6.891915202140808105e-02 1.604739204049110413e-02 5.147352814674377441e-02 4.388986155390739441e-02 4.678198695182800293e-02 5.530359689146280289e-03 3.237921278923749924e-03 1.898538134992122650e-02 3.439721465110778809e-02 2.432858571410179138e-02 2.284683985635638237e-03 1.952522806823253632e-02 2.403660491108894348e-02 4.701944068074226379e-02 5.542158707976341248e-02 6.560328602790832520e-02 1.053487765602767467e-03 1.324021909385919571e-02 1.533792354166507721e-02 4.888820275664329529e-02 2.223594300448894501e-02 2.425564825534820557e-02 2.491099387407302856e-02 3.616011515259742737e-02 3.466419130563735962e-02 2.169869281351566315e-02 2.754428237676620483e-02 4.715623706579208374e-02 4.991175979375839233e-02 4.981184378266334534e-02 4.315652325749397278e-02 4.058812931180000305e-02 1.448572613298892975e-02 1.901177130639553070e-02
2.696312218904495239e-02 1.939713396131992340e-02 3.927993029356002808e-02 1.503525115549564362e-02 6.429379433393478394e-02 3.684496879577636719e-02 2.629205025732517242e-02 3.541942453011870384e-03 1.022619977593421936e-01 5.034109354019165039e-01 7.228954345919191837e-04 2.755861170589923859e-02 2.550664357841014862e-03 5.511018633842468262e-02 3.717382624745368958e-02 2.055625990033149719e-02 4.642844945192337036e-02 6.536705791950225830e-02 8.112066239118576050e-02 3.692471655085682869e-03 4.774745181202888489e-02 1.691427826881408691e-02 1.718041487038135529e-02 2.184756658971309662e-02 1.449187006801366806e-02 4.781769588589668274e-02 4.019509628415107727e-02 2.730051614344120026e-02 1.096215937286615372e-02 1.408339291810989380e-02 1.993434131145477295e-02 1.145165530033409595e-03 9.261614643037319183e-03 3.148942952975630760e-03 4.003034904599189758e-02 1.595535129308700562e-02 4.814136773347854614e-03 4.450135678052902222e-02 2.221475914120674133e-02 1.369789056479930878e-02 4.356662277132272720e-03 3.392907232046127319e-02 1.436426304280757904e-02 2.439230307936668396e-02 3.330970555543899536e-02 3.146305680274963379e-02 7.512302137911319733e-03 1.446645334362983704e-02 2.481141686439514160e-02 5.053573101758956909e-02 2.289412170648574829e-02 1.469922438263893127e-02 6.772277876734733582e-03 3.357228264212608337e-02 5.097321048378944397e-02 7.791721820831298828e-02 4.281724616885185242e-02 2.484401874244213104e-02 5.225971713662147522e-02 2.430130727589130402e-02 3.148121014237403870e-02 2.244962938129901886e-02 2.057479694485664368e-02 1.768332533538341522e-02 2.125376462936401367e-02 1.938457414507865906e-02 6.517427042126655579e-03 3.331890702247619629e-02 4.582736641168594360e-03 1.924337632954120636e-02 4.269737750291824341e-02 1.789574138820171356e-02 3.663580864667892456e-02 1.528985798358917236e-02 2.021416462957859039e-02 6.267558038234710693e-02 1.527397893369197845e-02 8.826000988483428955e-02 1.594644971191883087e-02 1.483342051506042480e-01 1.995927467942237854e-02 3.129139915108680725e-02 1.772721484303474426e-02 1.034204289317131042e-01 3.654581680893898010e-02 2.151515893638134003e-02 2.678337134420871735e-02 4.893192648887634277e-02 6.122420728206634521e-02 5.393723025918006897e-02 2.370035508647561073e-03 1.926033655763603747e-05 3.916675224900245667e-02 6.340168765746057034e-04 1.879315078258514404e-02 4.795672744512557983e-02 4.515715315937995911e-02 2.016752213239669800e-02 1.257874071598052979e-02 7.262122351676225662e-03 1.717256382107734680e-02 2.776206471025943756e-02 1.058399491012096405e-02 1.986925862729549408e-02 9.266965207643806934e-04 4.257676377892494202e-02 4.481701180338859558e-02 3.419565781950950623e-02 4.913101717829704285e-02 4.125533625483512878e-03 2.879717759788036346e-02 5.470211803913116455e-02 1.514905598014593124e-03 2.418849989771842957e-02 1.443247124552726746e-02 1.841895282268524170e-02
1.444739997386932373e-01 1.315975040197372437e-01 4.918212443590164185e-02 4.513595625758171082e-02 3.027993626892566681e-02 4.741910379379987717e-03 4.826299101114273071e-02 2.367054857313632965e-02 2.362107858061790466e-02 7.228954345919191837e-04 5.049567818641662598e-01 1.704613305628299713e-02 1.128537431359291077e-01 7.439771667122840881e-03 5.063175689429044724e-03 2.577316947281360626e-03 2.769492194056510925e-02 2.085254713892936707e-02 2.954869531095027924e-02 1.740320236422121525e-03 2.116639912128448486e-02 9.621088393032550812e-03 4.084923118352890015e-02 4.978967085480690002e-02 2.503426000475883484e-02 3.572121262550354004e-02 3.150995075702667236e-02 2.019779197871685028e-02 3.914084658026695251e-02 1.553480327129364014e-02 2.280875109136104584e-02 2.081747166812419891e-03 1.667314022779464722e-02 2.009440911933779716e-03 3.580923005938529968e-02 4.249892756342887878e-02 3.980307281017303467e-02 4.752863943576812744e-02 1.308604143559932709e-03 2.360545843839645386e-02 4.898320767097175121e-04 1.223366241902112961e-02 4.151790868490934372e-03 4.563343152403831482e-02 5.175468698143959045e-02 4.614464193582534790e-02 6.577257066965103149e-02 4.382475093007087708e-02 1.450025010854005814e-02 7.079123752191662788e-04 4.229792207479476929e-02 4.645693302154541016e-02 1.229225774295628071e-03 7.602906320244073868e-03 1.929963566362857819e-02 7.916517555713653564e-03 6.251293700188398361e-03 1.876608468592166901e-02 1.142603717744350433e-02 3.843375295400619507e-02 2.894288673996925354e-02 4.688340052962303162e-02 1.207479555159807205e-02 7.503333967179059982e-03 4.174254462122917175e-02 3.645805642008781433e-02 4.484388337004929781e-04 6.597721017897129059e-03 5.767284892499446869e-04 8.939000777900218964e-03 2.849292382597923279e-02 2.748602442443370819e-02 2.357583492994308472e-02 3.111180104315280914e-02 3.775515407323837280e-02 1.782052777707576752e-02 1.213293895125389099e-02 1.819203421473503113e-02 3.870952501893043518e-02 9.025869891047477722e-03 3.199568949639797211e-03 3.254965692758560181e-02 3.801371902227401733e-02 2.152626588940620422e-02 1.126624364405870438e-02 2.884223591536283493e-03 1.112473476678133011e-02 8.412103168666362762e-03 1.077878288924694061e-02 3.620728602982126176e-05 2.181769162416458130e-02 6.100289523601531982e-02 1.766786444932222366e-03 3.019745461642742157e-02 9.677932597696781158e-03 2.334825461730360985e-03 3.182295709848403931e-02 3.442296385765075684e-02 1.611051731742918491e-03 4.139664117246866226e-03 9.282038547098636627e-03 5.373886786401271820e-03 2.719428576529026031e-02 3.156405687332153320e-02 1.329206116497516632e-02 2.123987860977649689e-02 4.275346547365188599e-02 4.332768172025680542e-02 1.938606612384319305e-02 2.898841537535190582e-02 1.757669821381568909e-02 2.721302909776568413e-03 2.233341708779335022e-02 3.929486498236656189e-02 2.411921508610248566e-02 1.255446299910545349e-02
3.052051365375518799e-02 1.517818681895732880e-02 2.153766155242919922e-02 2.547913230955600739e-03 7.993285544216632843e-03 6.803235411643981934e-02 3.005558857694268227e-03 2.973915077745914459e-02 4.992149025201797485e-02 2.755861170589923859e-02 1.704613305628299713e-02 4.924122393131256104e-01 1.224348228424787521e-02 1.904359459877014160e-01 4.061564058065414429e-02 4.095781221985816956e-02 4.604351148009300232e-02 3.941160161048173904e-03 3.182869404554367065e-02 1.896069385111331940e-02 1.896011456847190857e-02 8.168157190084457397e-03 9.746564552187919617e-03 5.720027722418308258e-03 2.299944637343287468e-03 2.864655666053295135e-02 2.941446006298065186e-02 9.310621768236160278e-02 3.117681480944156647e-02 9.683244675397872925e-02 4.180494695901870728e-02 3.683291375637054443e-03 3.642212972044944763e-02 3.876867471262812614e-03 3.850216045975685120e-02 2.812311053276062012e-02 9.379185736179351807e-03 1.911889016628265381e-02 2.982945740222930908e-02 3.359679132699966431e-02 1.324896793812513351e-02 4.061600193381309509e-02 3.782656416296958923e-02 4.376516863703727722e-02 5.749209970235824585e-02 4.743808880448341370e-02 2.515171840786933899e-02 3.181065618991851807e-02 2.623967081308364868e-02 1.367669552564620972e-02 2.236478775739669800e-02 3.251455351710319519e-02 3.529295697808265686e-02 1.712133362889289856e-02 4.483550414443016052e-02 8.543400093913078308e-03 2.009012177586555481e-02 8.427889086306095123e-03 5.097368732094764709e-02 1.752762123942375183e-02 1.486823149025440216e-02 4.070082213729619980e-03 1.112564653158187866e-02 1.333327312022447586e-02 3.464039787650108337e-02 2.780438959598541260e-02 2.169832354411482811e-03 1.491733547300100327e-02 5.170283839106559753e-02 3.226944804191589355e-02 4.760683514177799225e-03 1.552966888993978500e-02 9.907322004437446594e-03 3.030517697334289551e-02 8.258741348981857300e-03 1.979226991534233093e-02 2.996622212231159210e-02 4.774238541722297668e-02 1.959869172424077988e-03 3.918439149856567383e-02 3.049234859645366669e-02 2.323775924742221832e-02 1.804846711456775665e-02 2.254350855946540833e-02 4.962858557701110840e-02 4.969283938407897949e-02 1.934867538511753082e-02 5.285624042153358459e-02 8.324604132212698460e-04 2.186879329383373260e-02 4.485910013318061829e-02 3.911450505256652832e-02 5.318108573555946350e-02 1.712793856859207153e-02 1.807326823472976685e-02 2.364244684576988220e-02 1.582019589841365814e-02 2.823455259203910828e-02 9.811038151383399963e-03 4.062220081686973572e-02 1.822989806532859802e-02 1.097785960882902145e-02 3.312286362051963806e-02 3.372429311275482178e-02 3.970437869429588318e-02 4.788423702120780945e-02 3.198214247822761536e-02 3.833786770701408386e-02 1.664477027952671051e-02 3.893419727683067322e-02 4.479869967326521873e-04 1.742743887007236481e-02 3.354783728718757629e-02 6.443406455218791962e-03 9.820478968322277069e-03 1.175294164568185806e-02
1.116048768162727356e-01 1.237096413969993591e-01 2.840246446430683136e-02 3.509706258773803711e-02 2.685414068400859833e-02 6.795297376811504364e-03 4.625986516475677490e-02 2.940972335636615753e-03 2.621433511376380920e-02 2.550664357841014862e-03 1.128537431359291077e-01 1.224348228424787521e-02 5.065298676490783691e-01 7.821971666999161243e-04 1.227548159658908844e-02 1.528457831591367722e-02 1.317900139838457108e-02 1.181652396917343140e-02 2.846799232065677643e-02 5.732490215450525284e-03 2.075594291090965271e-02 1.148795057088136673e-02 4.601243138313293457e-02 5.304373800754547119e-02 9.974061511456966400e-03 2.083617262542247772e-02 4.085381329059600830e-02 1.702550984919071198e-02 3.461843356490135193e-02 1.059713959693908691e-02 4.488193616271018982e-02 4.131338559091091156e-03 2.642891183495521545e-02 5.821080412715673447e-03 2.012879028916358948e-02 4.233676567673683167e-02 4.621445387601852417e-02 4.334933683276176453e-02 1.001317985355854034e-02 1.335152797400951385e-02 6.764698773622512817e-03 1.252051815390586853e-02 4.725493490695953369e-03 5.185595899820327759e-02 4.340396821498870850e-02 5.299338698387145996e-02 5.813876539468765259e-02 5.680214613676071167e-02 1.183060929179191589e-02 3.577001625671982765e-03 5.138296633958816528e-02 5.368353798985481262e-02 2.629274036735296249e-03 3.509747562929987907e-03 2.239901572465896606e-02 4.892361350357532501e-03 4.233859479427337646e-03 2.274558506906032562e-02 2.410228364169597626e-03 3.991661220788955688e-02 3.836625069379806519e-02 5.027862638235092163e-02 5.000734236091375351e-03 6.759766023606061935e-03 1.736358553171157837e-02 4.738407582044601440e-02 3.209328278899192810e-03 6.776465103030204773e-03 6.092465016990900040e-03 4.232777282595634460e-03 1.584097743034362793e-02 1.505756750702857971e-02 3.500291332602500916e-02 2.872456423938274384e-02 3.412863239645957947e-02 1.278869248926639557e-02 1.454378571361303329e-02 1.464250218123197556e-02 3.941895440220832825e-02 9.309411048889160156e-03 6.024066824465990067e-03 9.356416761875152588e-03 4.353228211402893066e-02 2.264703623950481415e-02 4.338578321039676666e-03 1.612121588550508022e-03 5.167115945369005203e-03 5.582000594586133957e-03 5.191544070839881897e-03 1.087431795895099640e-02 2.003809437155723572e-02 4.640412330627441406e-02 1.174172293394804001e-02 5.478578060865402222e-02 3.699570894241333008e-02 1.883651502430438995e-02 4.494613409042358398e-02 4.134476557374000549e-02 1.032334193587303162e-02 1.484953239560127258e-02 1.928989961743354797e-02 5.703819915652275085e-03 3.727412596344947815e-02 9.294384159147739410e-03 1.735639641992747784e-03 4.084990173578262329e-02 5.267772451043128967e-02 5.070240423083305359e-02 6.975034717470407486e-03 2.925108931958675385e-02 2.262610476464033127e-03 2.117482759058475494e-02 2.467951178550720215e-02 4.159403219819068909e-02 2.010362222790718079e-02 1.231822464615106583e-02
