5.385886430740356445e-01 1.053718328475952148e-01 3.026453219354152679e-02 1.357377134263515472e-02 2.574319951236248016e-02 7.515730708837509155e-02 2.628366276621818542e-02 2.213446609675884247e-02 2.946751937270164490e-02 5.168025195598602295e-02 7.245626300573348999e-02 1.186602399684488773e-03 3.944400325417518616e-02 2.873831614851951599e-02 8.986505679786205292e-03 2.905626606661826372e-04 1.320259086787700653e-02 1.553161721676588058e-02 4.082895815372467041e-02 5.853221286088228226e-03 5.707791540771722794e-03 1.473341882228851318e-02 6.578018888831138611e-03 6.294444203376770020e-03 8.800826966762542725e-03 6.338557228446006775e-03 1.212877614307217300e-04 1.748748240061104298e-03 3.284891322255134583e-02 2.000936865806579590e-02 3.100571036338806152e-02 4.782384261488914490e-03 4.797105491161346436e-02 2.362739108502864838e-02 4.903450608253479004e-02 2.805318310856819153e-02 4.555197432637214661e-03 1.551961433142423630e-02 1.011986192315816879e-02 1.132200472056865692e-02 3.829637914896011353e-02 1.710571348667144775e-02 2.391144633293151855e-03 2.509498153813183308e-05 2.017816156148910522e-02 3.038821555674076080e-02 3.850995749235153198e-02 6.156322546303272247e-03 1.523654814809560776e-02 4.912461154162883759e-03 2.070468477904796600e-02 3.697855398058891296e-02 2.988364547491073608e-02 3.489085286855697632e-02 1.866154558956623077e-02 8.536543697118759155e-03 1.639524847269058228e-02 9.393578395247459412e-03 1.108274701982736588e-02 6.709706969559192657e-03 2.516204491257667542e-02 3.166214376688003540e-02 6.546292454004287720e-03 1.134871691465377808e-02 1.871471479535102844e-02 5.774545483291149139e-03 1.165273832157254219e-03 1.003441284410655499e-03 3.136716410517692566e-02 3.327513113617897034e-02 3.197809448465704918e-03 2.460313029587268829e-02 5.843568593263626099e-03 4.256434738636016846e-02 2.199623920023441315e-02 5.856112390756607056e-02 1.083336584270000458e-02 4.553901031613349915e-02 8.933069184422492981e-03 4.580247681587934494e-03 3.796658664941787720e-02 3.521904721856117249e-02 2.535637281835079193e-02 4.147440940141677856e-02 8.767104707658290863e-03 1.304837595671415329e-02 1.035933289676904678e-02 1.460705697536468506e-02 7.757476996630430222e-03 2.780737727880477905e-02 2.929921448230743408e-02 2.088661864399909973e-02 1.063239388167858124e-02 6.193508859723806381e-03 4.585514217615127563e-02 1.683304458856582642e-02 1.719935983419418335e-02 1.794720417819917202e-03 2.869674004614353180e-03 6.492369342595338821e-03 6.438698619604110718e-03 9.525560773909091949e-03 3.485634922981262207e-02 6.558504421263933182e-03 3.475526720285415649e-02 2.130977623164653778e-02 2.822454832494258881e-02 3.132208250463008881e-03 9.116257540881633759e-03 1.932252384722232819e-02 4.557188227772712708e-02 3.439810499548912048e-02 4.066971130669116974e-03 6.641033571213483810e-03 2.040421776473522186e-02 1.121740695089101791e-02
1.053718328475952148e-01 5.308757424354553223e-01 3.355222940444946289e-02 4.318642616271972656e-02 3.988377749919891357e-02 4.799870774149894714e-02 4.280748590826988220e-02 1.427806727588176727e-02 2.900021150708198547e-02 4.461911320686340332e-02 5.160457640886306763e-02 3.782244399189949036e-02 6.464240700006484985e-02 3.029486909508705139e-02 2.673585899174213409e-02 6.952017080038785934e-03 2.299616672098636627e-02 5.373356118798255920e-02 3.763063997030258179e-02 1.575863570906221867e-04 1.909586973488330841e-02 2.014259435236454010e-02 8.147831074893474579e-03 5.857975687831640244e-03 1.027743332087993622e-02 4.041382577270269394e-03 3.252794221043586731e-02 2.476469986140727997e-02 9.124444797635078430e-03 3.786431252956390381e-02 1.997383125126361847e-02 2.416077628731727600e-02 1.959208399057388306e-02 2.124444022774696350e-02 1.789057068526744843e-02 4.472946748137474060e-02 2.393234753981232643e-03 7.727163843810558319e-03 2.371021313592791557e-03 1.412690733559429646e-03 3.146743029356002808e-02 7.477865088731050491e-03 2.449382469058036804e-02 3.427165001630783081e-02 6.774670444428920746e-03 2.053455822169780731e-02 1.836078241467475891e-02 2.725428901612758636e-02 5.198521167039871216e-02 1.468647364526987076e-02 8.426195010542869568e-03 3.674394264817237854e-02 1.465522497892379761e-02 4.004244226962327957e-03 3.608707711100578308e-02 7.884823717176914215e-03 4.261774197220802307e-02 5.954229272902011871e-03 3.860832005739212036e-02 6.703141331672668457e-02 1.380849163979291916e-02 1.126558519899845123e-02 1.276158494874835014e-03 2.279836684465408325e-03 1.396237593144178391e-02 2.899734862148761749e-02 6.278002634644508362e-03 6.521332077682018280e-03 3.471987694501876831e-02 5.398269742727279663e-02 2.705934643745422363e-02 5.482589080929756165e-02 1.585746649652719498e-03 1.314043905586004257e-02 4.246387630701065063e-03 3.111322224140167236e-02 5.573151260614395142e-02 4.912035167217254639e-02 3.942998498678207397e-02 1.672973483800888062e-02 5.006342753767967224e-02 2.629130892455577850e-02 4.793994873762130737e-02 3.734920173883438110e-02 2.274875063449144363e-03 4.187309648841619492e-03 8.577877655625343323e-03 3.907908871769905090e-02 7.579183578491210938e-02 2.361414022743701935e-02 1.783326826989650726e-02 1.996953412890434265e-02 4.806377366185188293e-02 1.103982143104076385e-02 5.997846601530909538e-04 3.917071223258972168e-02 2.476586087141185999e-04 2.493538334965705872e-02 9.125344455242156982e-03 1.845134235918521881e-02 8.052654564380645752e-03 1.758448220789432526e-02 3.558188676834106445e-02 3.589426353573799133e-02 4.812368191778659821e-03 1.364925876259803772e-02 3.447749838232994080e-02 4.419915378093719482e-02 6.438774988055229187e-03 1.676159724593162537e-02 4.229635745286941528e-02 7.564148865640163422e-03 1.232861890457570553e-03 1.835336349904537201e-02 1.134750433266162872e-02 2.267557010054588318e-02
3.026453219354152679e-02 3.355222940444946289e-02 5.145914554595947266e-01 6.011165305972099304e-02 1.896411366760730743e-02 3.749552741646766663e-02 2.369828522205352783e-02 5.495007336139678955e-02 4.522521514445543289e-03 2.094588801264762878e-02 4.865557327866554260e-02 2.882928960025310516e-02 4.456976801156997681e-02 2.617334201931953430e-02 1.092423126101493835e-02 3.375449776649475098e-02 2.597777172923088074e-02 3.014991618692874908e-02 2.061798796057701111e-02 1.086240354925394058e-02 2.649978920817375183e-02 1.561329234391450882e-02 2.821247652173042297e-02 8.667954243719577789e-03 2.283763885498046875e-02 3.964189440011978149e-02 8.131755515933036804e-03 9.838731959462165833e-03 2.357117459177970886e-02 3.187362162861973047e-04 2.417876757681369781e-02 1.001799292862415314e-02 2.336805686354637146e-02 8.055496960878372192e-03 7.195274811238050461e-03 1.141432020813226700e-02 3.349316772073507309e-03 6.866996176540851593e-03 2.538800239562988281e-02 1.794989779591560364e-02 5.369980260729789734e-02 2.524082176387310028e-02 8.045103400945663452e-03 8.453548699617385864e-02 1.273345109075307846e-02 9.019433520734310150e-03 1.689286786131560802e-03 2.034912817180156708e-03 2.451106347143650055e-02 5.655648559331893921e-02 2.433996088802814484e-02 3.495096042752265930e-02 3.646113723516464233e-02 3.584528341889381409e-02 1.539683621376752853e-02 5.209444463253021240e-02 2.736837603151798248e-03 3.087636269629001617e-02 4.007774591445922852e-02 1.827637478709220886e-02 3.941369056701660156e-02 4.115482792258262634e-02 6.607885658740997314e-02 1.756970025599002838e-02 1.164016081020236015e-03 5.055412277579307556e-02 1.947415620088577271e-02 1.524953078478574753e-02 2.041306532919406891e-02 3.776868060231208801e-02 2.591121010482311249e-02 1.078229956328868866e-02 5.738747492432594299e-02 1.643769070506095886e-02 5.818076431751251221e-03 8.409350994043052197e-04 3.517908230423927307e-02 4.151279851794242859e-02 1.917941495776176453e-02 4.038398712873458862e-02 1.580943912267684937e-01 1.474243402481079102e-01 1.261098682880401611e-02 1.435100799426436424e-03 3.258507698774337769e-02 3.420104086399078369e-02 4.077315330505371094e-02 4.443218931555747986e-02 3.572914749383926392e-02 1.363296899944543839e-02 6.161135155707597733e-03 2.635094861034303904e-04 2.358132973313331604e-02 4.529311787337064743e-03 2.686056867241859436e-02 2.600533515214920044e-02 1.075109653174877167e-02 1.192169729620218277e-02 4.622772336006164551e-02 2.524615451693534851e-02 1.286694034934043884e-02 2.195458672940731049e-02 2.398255746811628342e-03 9.747029282152652740e-03 2.730556018650531769e-02 2.767002023756504059e-02 1.242168247699737549e-02 1.293527241796255112e-02 2.896498143672943115e-02 2.519355900585651398e-02 4.027715697884559631e-02 1.396113261580467224e-02 2.301009185612201691e-02 2.293538860976696014e-02 2.998950658366084099e-03 3.720803931355476379e-02
1.357377134263515472e-02 4.318642616271972656e-02 6.011165305972099304e-02 5.368176102638244629e-01 1.521369665861129761e-01 7.272157818078994751e-04 6.962820771150290966e-04 1.074590999633073807e-02 2.887334488332271576e-02 1.678530126810073853e-02 1.360294036567211151e-02 3.290531458333134651e-03 2.677076868712902069e-02 2.493237145245075226e-02 2.630328759551048279e-02 2.133035287261009216e-02 5.542688071727752686e-03 5.245933774858713150e-03 1.594958640635013580e-02 1.275257393717765808e-02 9.926512837409973145e-03 3.605354577302932739e-02 1.165906433016061783e-02 4.520496353507041931e-02 1.943869329988956451e-02 1.597784832119941711e-02 4.008645657449960709e-03 3.249285276979207993e-03 1.645050756633281708e-02 4.493288230150938034e-03 1.083147828467190266e-03 4.302980378270149231e-02 3.599765244871377945e-03 4.558585211634635925e-02 1.687208563089370728e-02 1.589286699891090393e-02 1.549620414152741432e-03 1.787422783672809601e-02 1.229997649788856506e-01 8.456885069608688354e-02 3.186668828129768372e-02 6.995158270001411438e-03 2.578929066658020020e-02 5.256651341915130615e-02 3.183930367231369019e-02 2.948174625635147095e-02 2.931023761630058289e-02 2.699063532054424286e-02 3.045704914256930351e-03 2.101381309330463409e-02 3.715056926012039185e-02 1.339548081159591675e-02 2.796332351863384247e-02 2.784063667058944702e-02 4.847660195082426071e-03 2.030949667096138000e-02 4.398606345057487488e-02 3.016168996691703796e-02 2.070917375385761261e-02 1.678575179539620876e-03 4.322205111384391785e-02 3.499930351972579956e-02 5.142487213015556335e-02 6.446581333875656128e-02 1.223292388021945953e-02 1.421812269836664200e-02 2.839728817343711853e-02 2.372468449175357819e-02 4.033938422799110413e-02 4.187265038490295410e-02 4.684605635702610016e-03 2.367430599406361580e-03 1.149604767560958862e-01 5.083468928933143616e-02 6.386367976665496826e-02 2.145472448319196701e-03 2.483337000012397766e-02 4.092541337013244629e-02 3.063674829900264740e-02 3.795209527015686035e-02 1.207716111093759537e-02 2.816152945160865784e-02 3.245836868882179260e-02 3.816538676619529724e-02 1.419620867818593979e-02 2.633476443588733673e-02 4.906416684389114380e-02 4.657208174467086792e-02 4.346692934632301331e-02 2.290596999228000641e-02 1.500668656080961227e-02 2.248782105743885040e-02 1.738966070115566254e-02 5.276731681078672409e-03 7.657387759536504745e-04 2.696142345666885376e-02 4.321159049868583679e-02 2.055843546986579895e-02 2.592318924143910408e-03 1.244557276368141174e-02 2.049267105758190155e-02 3.990071639418601990e-02 2.921152859926223755e-02 1.461618859320878983e-02 4.131225869059562683e-02 2.807250246405601501e-02 3.718296438455581665e-02 5.876000970602035522e-03 3.498500958085060120e-02 2.400005795061588287e-02 9.579841047525405884e-03 4.939035861752927303e-04 3.136429190635681152e-02 2.234635315835475922e-02 2.684595808386802673e-02 2.252385206520557404e-02
2.574319951236248016e-02 3.988377749919891357e-02 1.896411366760730743e-02 1.521369665861129761e-01 5.510893464088439941e-01 7.468925323337316513e-03 2.335652150213718414e-02 1.188729424029588699e-02 3.165511786937713623e-02 3.483391180634498596e-02 2.291482500731945038e-02 3.418606938794255257e-03 4.848040267825126648e-02 2.775778062641620636e-02 2.944875694811344147e-02 6.757478415966033936e-02 7.047222554683685303e-02 2.849770337343215942e-02 2.560544572770595551e-02 3.913765249308198690e-05 3.557320684194564819e-02 2.487378381192684174e-02 2.554310113191604614e-02 1.426429208368062973e-02 1.004794891923666000e-02 7.746031973510980606e-03 4.496874753385782242e-03 1.570518314838409424e-02 2.388016879558563232e-02 1.400449778884649277e-02 1.193379051983356476e-02 7.922499440610408783e-03 2.443228289484977722e-02 4.204709455370903015e-02 1.696432754397392273e-02 3.267836943268775940e-02 9.379556402564048767e-03 1.798521168529987335e-02 1.113030463457107544e-01 1.499642431735992432e-01 1.540543511509895325e-02 2.128725871443748474e-02 7.070949766784906387e-03 3.463421761989593506e-02 2.507982775568962097e-02 2.942100167274475098e-02 2.750876732170581818e-02 2.819141186773777008e-02 1.378593873232603073e-02 4.207370057702064514e-02 4.495352506637573242e-02 1.257493253797292709e-02 3.669067099690437317e-02 1.960554160177707672e-02 1.027796976268291473e-02 2.821875177323818207e-02 1.180268265306949615e-02 1.152119692414999008e-02 2.111681178212165833e-02 1.502137747593224049e-03 2.326107583940029144e-02 5.670667067170143127e-02 5.276260152459144592e-02 8.130316436290740967e-02 6.872798316180706024e-03 1.527390256524085999e-02 3.589468821883201599e-02 1.947645097970962524e-02 3.204816579818725586e-02 2.698166109621524811e-02 2.870393730700016022e-02 8.142167702317237854e-03 1.434501111507415771e-01 2.582694962620735168e-02 1.248447373509407043e-01 1.014929078519344330e-02 5.629457999020814896e-03 1.069688051939010620e-02 3.808780014514923096e-02 3.354905173182487488e-02 2.224516123533248901e-02 7.647612597793340683e-03 7.847812026739120483e-02 9.494961798191070557e-02 1.850631833076477051e-02 2.867578156292438507e-02 3.890964761376380920e-02 3.134254366159439087e-02 4.211781546473503113e-02 3.173653408885002136e-02 2.032974176108837128e-02 2.017393335700035095e-02 2.205495536327362061e-02 2.056349441409111023e-02 6.717246025800704956e-02 8.121695369482040405e-02 3.656934201717376709e-02 3.208180144429206848e-02 1.742272987030446529e-03 1.895227842032909393e-02 4.418741911649703979e-02 3.775508701801300049e-02 3.389867022633552551e-02 2.119842171669006348e-02 2.262571081519126892e-02 4.437535256147384644e-02 2.217953279614448547e-02 2.124878577888011932e-02 1.837203279137611389e-02 1.189210359007120132e-02 1.142937224358320236e-02 2.274300716817378998e-02 3.229051455855369568e-02 2.253785729408264160e-02 5.835925694555044174e-03 7.498765364289283752e-03
7.515730708837509155e-02 4.799870774149894714e-02 3.749552741646766663e-02 7.272157818078994751e-04 7.468925323337316513e-03 5.364629030227661133e-01 7.799923419952392578e-02 4.823290929198265076e-02 9.142986498773097992e-03 4.115006700158119202e-02 6.022181734442710876e-02 1.821510866284370422e-02 2.160117216408252716e-02 5.419962480664253235e-02 1.487788092344999313e-02 2.107586944475769997e-03 2.159522660076618195e-02 9.409493766725063324e-03 3.304558247327804565e-02 7.363560609519481659e-03 6.493703927844762802e-03 9.835808537900447845e-03 5.909572821110486984e-03 4.082398489117622375e-02 2.636739425361156464e-02 2.313296869397163391e-02 8.211823180317878723e-03 7.412019371986389160e-02 2.349481731653213501e-02 1.885978318750858307e-02 1.450180914252996445e-02 1.498327124863862991e-02 1.649330253712832928e-03 2.811085898429155350e-03 1.461840327829122543e-02 9.079269133508205414e-03 4.894027952104806900e-04 8.469882421195507050e-03 1.874651946127414703e-02 3.070223145186901093e-03 2.900298684835433960e-02 1.784377917647361755e-02 1.700429432094097137e-02 4.578218795359134674e-03 8.577829226851463318e-03 4.931110888719558716e-02 6.284982711076736450e-02 2.358080819249153137e-02 5.198741797357797623e-03 1.488764304667711258e-03 2.337473444640636444e-02 2.567259594798088074e-02 2.756978571414947510e-02 3.211630508303642273e-02 4.258758388459682465e-03 5.760427098721265793e-03 3.681873204186558723e-03 2.630436420440673828e-02 4.414806887507438660e-02 3.417709097266197205e-02 1.139675825834274292e-02 4.776419326663017273e-02 4.334035515785217285e-02 2.778393402695655823e-02 7.173977792263031006e-03 8.030211029108613729e-05 9.673696011304855347e-03 9.854239411652088165e-03 1.066878065466880798e-02 4.643727466464042664e-02 3.990365564823150635e-02 1.388456951826810837e-02 1.529649645090103149e-02 5.350691452622413635e-02 2.533999644219875336e-02 2.058798633515834808e-02 2.579319849610328674e-02 3.478817269206047058e-02 2.283313078805804253e-03 1.518787164241075516e-02 5.157638341188430786e-02 1.048130076378583908e-02 8.760984987020492554e-03 3.871994093060493469e-02 1.638490520417690277e-02 1.856561005115509033e-02 1.283549144864082336e-02 3.895479720085859299e-03 3.725000470876693726e-02 5.306441336870193481e-02 3.248196095228195190e-02 3.600978758186101913e-03 4.708575084805488586e-03 4.269488155841827393e-03 1.833938620984554291e-02 8.989601396024227142e-03 2.655518241226673126e-02 1.178413280285894871e-03 8.165004663169384003e-03 2.517635468393564224e-03 6.160094868391752243e-03 1.310315076261758804e-02 3.953194618225097656e-02 9.666708298027515411e-03 4.060591384768486023e-02 9.543281048536300659e-03 2.609958872199058533e-02 3.102892078459262848e-03 2.206742204725742340e-02 1.782214827835559845e-02 3.072510845959186554e-02 2.179484814405441284e-02 7.405748125165700912e-03 1.704918406903743744e-02 3.345232689753174782e-03 3.452825918793678284e-02
2.628366276621818542e-02 4.280748590826988220e-02 2.369828522205352783e-02 6.962820771150290966e-04 2.335652150213718414e-02 7.799923419952392578e-02 5.246912240982055664e-01 1.380417775362730026e-02 3.815460205078125000e-02 3.057979047298431396e-02 2.814982458949089050e-02 3.066902048885822296e-02 4.429847374558448792e-02 1.358833443373441696e-02 8.064296096563339233e-03 1.558241993188858032e-02 2.634409256279468536e-02 1.505919359624385834e-02 1.263356581330299377e-02 1.786101609468460083e-02 1.751530566252768040e-03 3.712593019008636475e-02 2.192175574600696564e-02 1.945477724075317383e-02 1.344675850123167038e-02 4.620560631155967712e-02 3.521667793393135071e-02 1.550066098570823669e-02 1.028287038207054138e-02 3.379382938146591187e-02 2.813619002699851990e-02 1.966186799108982086e-02 1.243318989872932434e-02 5.829482804983854294e-03 4.715439304709434509e-02 1.538904290646314621e-02 8.839493617415428162e-03 1.814217306673526764e-02 5.121248215436935425e-02 2.345238067209720612e-02 1.770601049065589905e-02 4.116725176572799683e-03 6.717250216752290726e-03 2.347587607800960541e-02 3.141489252448081970e-02 4.947228357195854187e-03 4.022007063031196594e-02 8.107388019561767578e-02 5.039342679083347321e-03 1.500487420707941055e-02 1.989171141758561134e-03 2.973224595189094543e-02 3.391811996698379517e-02 2.182296663522720337e-02 1.974160782992839813e-03 4.888107255101203918e-02 2.503373543731868267e-04 2.180315740406513214e-02 2.471818216145038605e-02 1.415254920721054077e-02 1.169597171247005463e-02 1.070051267743110657e-02 3.467741236090660095e-02 9.793081320822238922e-03 1.353489141911268234e-02 2.318762242794036865e-02 7.902290672063827515e-03 1.103164860978722572e-03 1.449419464915990829e-02 4.059829935431480408e-02 3.487744182348251343e-02 2.536161802709102631e-02 3.374075749889016151e-04 2.258674614131450653e-02 1.903736498206853867e-03 4.186036437749862671e-02 2.537100575864315033e-03 4.607577249407768250e-02 2.460883744060993195e-02 2.601812779903411865e-02 2.750604599714279175e-02 3.982456028461456299e-02 2.938088029623031616e-02 2.338151820003986359e-02 7.698504719883203506e-03 1.700340397655963898e-02 2.262119203805923462e-02 1.909817568957805634e-02 2.610485441982746124e-02 2.108957618474960327e-02 4.135429393500089645e-03 1.681395433843135834e-02 3.233857080340385437e-02 4.409330431371927261e-03 2.667374536395072937e-02 2.699651382863521576e-02 8.474904112517833710e-03 5.677671637386083603e-03 1.816648989915847778e-02 7.654099608771502972e-04 8.707781322300434113e-03 1.631831750273704529e-02 6.884280126541852951e-03 4.884439520537853241e-03 3.307072073221206665e-02 4.809674574062228203e-04 1.972083188593387604e-02 4.005409311503171921e-03 1.442401204258203506e-02 2.412373578408733010e-05 2.805554494261741638e-02 1.907853223383426666e-02 3.962298389524221420e-03 5.155528895556926727e-03 1.081296987831592560e-02 1.182935666292905807e-02
2.213446609675884247e-02 1.427806727588176727e-02 5.495007336139678955e-02 1.074590999633073807e-02 1.188729424029588699e-02 4.823290929198265076e-02 1.380417775362730026e-02 5.342143177986145020e-01 4.663498327136039734e-02 1.495358534157276154e-02 9.200224652886390686e-03 2.448431961238384247e-02 1.892060972750186920e-02 3.065150044858455658e-02 1.226905211806297302e-01 3.806778788566589355e-02 1.454237103462219238e-02 3.201781958341598511e-02 3.867364302277565002e-02 2.046124450862407684e-02 3.253440558910369873e-02 1.387058105319738388e-02 4.124853014945983887e-02 1.933681592345237732e-02 2.891127765178680420e-02 3.705298528075218201e-02 4.184781759977340698e-02 1.848610467277467251e-03 2.049185149371623993e-02 7.328985724598169327e-03 2.318602614104747772e-02 2.962202019989490509e-02 3.456353023648262024e-02 7.651526480913162231e-03 3.861330077052116394e-02 2.434756606817245483e-02 1.696126908063888550e-02 4.559719935059547424e-02 1.285560056567192078e-02 1.546642184257507324e-02 1.792794838547706604e-02 1.195612456649541855e-02 5.049878731369972229e-03 2.210488170385360718e-02 7.430564146488904953e-03 1.393734849989414215e-02 2.874381467700004578e-02 8.431910537183284760e-03 4.350321367383003235e-02 9.937300346791744232e-04 2.385931648313999176e-02 2.174312807619571686e-02 1.765120215713977814e-02 2.271599322557449341e-02 4.070085287094116211e-02 3.164580091834068298e-02 1.902453415095806122e-02 3.115902654826641083e-02 8.128613233566284180e-02 5.086893215775489807e-02 1.431202329695224762e-02 3.091984614729881287e-02 4.088114947080612183e-02 8.062411099672317505e-03 5.133519880473613739e-03 1.892420835793018341e-02 3.251349553465843201e-02 2.444101683795452118e-02 2.832571789622306824e-02 1.440066937357187271e-02 2.990206517279148102e-02 4.932938516139984131e-02 4.318202659487724304e-02 1.539343688637018204e-02 7.779353298246860504e-03 4.455664008855819702e-02 1.992291212081909180e-02 1.675179228186607361e-02 8.443559519946575165e-03 1.903771422803401947e-02 1.285143047571182251e-01 1.323320865631103516e-01 2.835937030613422394e-02 4.463806003332138062e-02 4.102931171655654907e-02 2.949396520853042603e-02 1.141516268253326416e-01 1.033405214548110962e-01 1.456252764910459518e-02 1.636608131229877472e-02 2.940954081714153290e-02 1.723189139738678932e-03 2.313242480158805847e-02 1.597257517278194427e-02 4.524331167340278625e-02 4.209917411208152771e-02 6.340957712382078171e-03 5.203507840633392334e-03 3.602908551692962646e-02 1.926244981586933136e-02 4.401962272822856903e-03 1.108504948206245899e-03 6.088046822696924210e-03 5.864484701305627823e-03 3.193129971623420715e-02 1.450206432491540909e-02 2.219492383301258087e-02 2.939321473240852356e-02 1.540488563477993011e-02 5.215170234441757202e-02 6.584996730089187622e-02 2.486772648990154266e-02 2.095571160316467285e-02 2.314443700015544891e-03 6.055690348148345947e-02 8.468772284686565399e-03
2.946751937270164490e-02 2.900021150708198547e-02 4.522521514445543289e-03 2.887334488332271576e-02 3.165511786937713623e-02 9.142986498773097992e-03 3.815460205078125000e-02 4.663498327136039734e-02 5.414976477622985840e-01 4.273750633001327515e-02 8.994624018669128418e-03 5.835956707596778870e-02 3.921297937631607056e-02 1.192920468747615814e-02 2.963363379240036011e-02 1.989829353988170624e-02 1.831725053489208221e-02 6.099446862936019897e-02 1.109389122575521469e-02 5.411512684077024460e-03 2.833642065525054932e-03 1.290200464427471161e-02 3.514378890395164490e-02 9.423999115824699402e-03 2.158389799296855927e-02 2.657723426818847656e-02 4.477352276444435120e-02 3.966660797595977783e-02 1.569580854265950620e-05 5.738642811775207520e-02 2.449735440313816071e-02 1.020835433155298233e-02 1.816029311157763004e-03 5.275506991893053055e-03 1.727038063108921051e-02 1.241012383252382278e-02 1.222226396203041077e-02 6.142473313957452774e-03 2.104371786117553711e-02 2.468435838818550110e-02 7.643662393093109131e-03 1.920421607792377472e-02 3.891547769308090210e-02 1.653102412819862366e-02 9.049341082572937012e-03 5.897249653935432434e-02 7.636776193976402283e-03 2.481501735746860504e-02 3.532275557518005371e-02 2.218266762793064117e-02 2.437877468764781952e-02 6.625991780310869217e-03 3.442829474806785583e-02 8.094999007880687714e-03 4.267689213156700134e-02 3.748757392168045044e-02 1.251051854342222214e-02 1.803169213235378265e-02 3.519295901060104370e-02 3.411223646253347397e-03 3.859402239322662354e-02 6.827799603343009949e-03 4.985657334327697754e-02 4.924318566918373108e-02 1.745382207445800304e-03 2.337648160755634308e-02 1.213005278259515762e-02 4.254467040300369263e-02 5.803278461098670959e-02 1.808626390993595123e-02 2.749513275921344757e-02 3.948224335908889771e-02 2.881322614848613739e-02 2.943666651844978333e-02 1.586017012596130371e-02 6.316921859979629517e-02 8.383429050445556641e-02 3.721559047698974609e-02 5.550047755241394043e-02 1.478299777954816818e-02 6.952746771275997162e-03 2.348874881863594055e-02 3.998874127864837646e-02 1.359745860099792480e-02 2.116951346397399902e-02 1.550319604575634003e-02 2.088216319680213928e-02 4.740694910287857056e-02 7.717468589544296265e-02 4.956537112593650818e-02 6.386494264006614685e-03 2.082908712327480316e-02 3.972674533724784851e-02 6.278970744460821152e-03 5.265001207590103149e-03 4.616511985659599304e-03 5.083558615297079086e-03 7.672511506825685501e-03 5.399375688284635544e-03 2.695837244391441345e-02 1.911677420139312744e-02 4.167698323726654053e-02 2.684441395103931427e-03 1.709209382534027100e-02 3.158207237720489502e-02 4.503712430596351624e-02 1.597105525434017181e-02 3.720007464289665222e-02 3.353160247206687927e-02 1.427203416824340820e-02 4.314765706658363342e-02 1.485581323504447937e-02 1.818962953984737396e-02 4.791495203971862793e-02 1.113695092499256134e-02 3.963262215256690979e-02
5.168025195598602295e-02 4.461911320686340332e-02 2.094588801264762878e-02 1.678530126810073853e-02 3.483391180634498596e-02 4.115006700158119202e-02 3.057979047298431396e-02 1.495358534157276154e-02 4.273750633001327515e-02 5.401181578636169434e-01 3.904592618346214294e-02 4.534037411212921143e-02 1.896823570132255554e-02 3.676367551088333130e-02 2.319662459194660187e-02 1.506245043128728867e-02 1.651410199701786041e-02 9.598788805305957794e-03 9.043058007955551147e-02 1.269365020561963320e-04 2.648795396089553833e-02 2.387399785220623016e-02 4.654166102409362793e-02 3.663938120007514954e-02 2.538714790716767311e-03 3.095388785004615784e-02 4.416572395712137222e-03 7.739951461553573608e-02 2.703194506466388702e-03 1.290775835514068604e-02 6.755179259926080704e-03 4.129345063120126724e-03 9.809810668230056763e-03 1.726620644330978394e-02 2.997332811355590820e-02 1.815813221037387848e-02 1.236042845994234085e-02 4.459856078028678894e-02 9.750931523740291595e-03 3.629374876618385315e-02 4.908199980854988098e-02 2.444647066295146942e-02 9.429942583665251732e-04 1.410448458045721054e-02 2.631538081914186478e-03 7.151793688535690308e-02 4.574235994368791580e-03 2.301299199461936951e-02 4.222120717167854309e-02 1.036372873932123184e-02 4.254778847098350525e-02 4.626336693763732910e-02 1.161646842956542969e-02 3.333877399563789368e-02 3.365186974406242371e-02 8.373363874852657318e-03 2.491570543497800827e-03 8.721190388314425945e-04 3.708045557141304016e-02 4.071634635329246521e-02 3.453553095459938049e-02 2.272664010524749756e-02 7.070347201079130173e-03 1.017478061839938164e-03 2.204880118370056152e-02 1.374064851552248001e-02 2.962638065218925476e-02 4.742388054728507996e-02 4.379891976714134216e-02 7.341893017292022705e-02 2.948649041354656219e-02 8.268534205853939056e-03 1.526771485805511475e-02 8.103279024362564087e-02 4.775193706154823303e-02 5.544183310121297836e-03 5.234885215759277344e-02 1.453981548547744751e-01 2.704423666000366211e-02 1.180232986807823181e-01 2.287261560559272766e-02 2.054582536220550537e-02 1.243347954005002975e-02 6.943236291408538818e-02 1.541071012616157532e-02 7.294003386050462723e-03 1.315126940608024597e-02 6.624163128435611725e-03 3.681981191039085388e-02 9.167214483022689819e-02 4.809563048183917999e-03 6.943252868950366974e-03 2.944567240774631500e-02 1.782875135540962219e-02 8.772762492299079895e-03 4.306787624955177307e-02 4.274742677807807922e-02 1.122473739087581635e-03 3.717488795518875122e-02 7.729971315711736679e-03 4.974368959665298462e-02 3.216543048620223999e-02 3.319420665502548218e-02 1.446645706892013550e-02 2.663267031311988831e-02 1.928857900202274323e-02 4.446350410580635071e-02 1.638430915772914886e-02 1.924382895231246948e-02 9.442638256587088108e-04 1.302244048565626144e-02 2.913442905992269516e-03 1.371152902720496058e-04 1.158917602151632309e-02 1.071460661478340626e-03 2.820150181651115417e-02
7.245626300573348999e-02 5.160457640886306763e-02 4.865557327866554260e-02 1.360294036567211151e-02 2.291482500731945038e-02 6.022181734442710876e-02 2.814982458949089050e-02 9.200224652886390686e-03 8.994624018669128418e-03 3.904592618346214294e-02 5.444533228874206543e-01 9.584855288267135620e-03 6.447903066873550415e-02 3.488031774759292603e-02 1.311354245990514755e-02 2.730429358780384064e-02 2.421960793435573578e-02 1.737134531140327454e-02 4.104180634021759033e-02 4.606243688613176346e-03 1.110666245222091675e-02 3.319735080003738403e-02 2.216150984168052673e-02 2.718721702694892883e-02 1.553558837622404099e-02 1.349774654954671860e-03 1.532867643982172012e-02 1.160440035164356232e-02 6.332749500870704651e-03 2.921894378960132599e-02 1.165055390447378159e-02 1.169195305556058884e-02 3.257443755865097046e-02 1.039265748113393784e-02 3.534862399101257324e-02 2.516623586416244507e-02 1.671720854938030243e-02 1.923407241702079773e-02 1.968255091924220324e-04 5.567959742620587349e-04 2.741400711238384247e-02 1.000041421502828598e-02 9.617947507649660110e-04 2.531439438462257385e-02 1.134287595050409436e-05 2.505771256983280182e-02 3.680446371436119080e-02 1.128149405121803284e-02 1.042694202624261379e-03 4.019452258944511414e-03 5.278893746435642242e-03 2.237303368747234344e-02 3.130991011857986450e-02 4.061866924166679382e-02 1.896900311112403870e-02 1.367615535855293274e-02 1.467867754399776459e-02 1.496707089245319366e-02 8.792492561042308807e-03 4.920265637338161469e-04 3.500098828226327896e-03 4.552019760012626648e-02 6.833350751549005508e-03 3.084553405642509460e-02 2.554678358137607574e-02 1.590020209550857544e-02 1.869827392511069775e-03 3.751185024157166481e-03 1.141455955803394318e-03 1.770894415676593781e-02 4.632583260536193848e-02 5.292232614010572433e-03 2.247915230691432953e-02 4.680964350700378418e-02 3.501857444643974304e-02 3.675973415374755859e-02 4.739989526569843292e-03 2.603222243487834930e-02 3.590440377593040466e-03 4.465542361140251160e-02 1.312431134283542633e-02 2.274831570684909821e-02 3.865698352456092834e-02 4.346743971109390259e-02 8.761234581470489502e-03 1.258158939890563488e-03 1.143102813512086868e-02 2.775825373828411102e-02 3.844983130693435669e-02 6.383639760315418243e-03 9.691614657640457153e-03 2.169194817543029785e-02 6.635388825088739395e-03 3.794160671532154083e-03 2.804982103407382965e-02 1.697113737463951111e-02 1.007121521979570389e-02 9.225741960108280182e-03 7.892845198512077332e-03 2.307435264810919762e-03 1.552767492830753326e-02 1.643846184015274048e-02 2.272653207182884216e-02 1.948282867670059204e-02 4.848808050155639648e-02 2.845923416316509247e-02 2.182449027895927429e-02 1.260379422456026077e-02 2.214868552982807159e-02 1.219748146831989288e-02 3.650294989347457886e-02 2.338163740932941437e-02 1.542491000145673752e-02 1.020020246505737305e-02 3.235761821269989014e-02 1.785104279406368732e-03
1.186602399684488773e-03 3.782244399189949036e-02 2.882928960025310516e-02 3.290531458333134651e-03 3.418606938794255257e-03 1.821510866284370422e-02 3.066902048885822296e-02 2.448431961238384247e-02 5.835956707596778870e-02 4.534037411212921143e-02 9.584855288267135620e-03 5.255413651466369629e-01 5.048725381493568420e-02 7.805831730365753174e-02 4.230144992470741272e-02 4.360001161694526672e-02 1.223392970860004425e-02 3.462735190987586975e-02 2.093053795397281647e-02 4.451438784599304199e-02 1.748492941260337830e-02 9.101429022848606110e-03 3.173656016588211060e-02 4.178339987993240356e-02 3.801264800131320953e-03 1.504536159336566925e-02 3.255055472254753113e-02 2.162498608231544495e-02 2.823142707347869873e-02 1.972485333681106567e-02 4.507201537489891052e-02 9.098264388740062714e-03 3.439541533589363098e-02 4.619002714753150940e-02 2.333372458815574646e-02 4.872418940067291260e-02 1.039184280671179295e-03 3.068379126489162445e-02 1.695357821881771088e-02 3.524581715464591980e-02 4.286941606551408768e-03 2.944565936923027039e-02 3.974256664514541626e-02 8.596142381429672241e-02 9.536500275135040283e-02 3.173061460256576538e-02 2.178153395652770996e-02 4.231477901339530945e-02 5.414798110723495483e-02 2.277999371290206909e-02 2.406651154160499573e-02 6.449902802705764771e-02 2.235991507768630981e-02 7.281752675771713257e-02 2.206357382237911224e-02 1.734242402017116547e-02 9.871573746204376221e-02 4.010569676756858826e-02 1.588372280821204185e-03 4.843207076191902161e-02 4.341106861829757690e-03 2.692543342709541321e-02 2.813611365854740143e-02 4.243014752864837646e-02 4.602877050638198853e-02 4.574972763657569885e-02 1.598725654184818268e-02 2.112389542162418365e-02 2.995779551565647125e-02 1.621775887906551361e-02 3.612544760107994080e-02 1.200974453240633011e-03 4.303765296936035156e-02 4.022858664393424988e-02 4.467743914574384689e-03 4.882099106907844543e-03 7.129159569740295410e-02 3.886732831597328186e-02 4.347054660320281982e-02 4.370665922760963440e-02 4.010381177067756653e-02 7.438382506370544434e-02 3.699967637658119202e-02 3.192037343978881836e-02 1.608043350279331207e-02 4.458179697394371033e-02 4.183291643857955933e-02 2.989177778363227844e-02 4.019686207175254822e-02 2.358990348875522614e-02 1.796388626098632812e-02 2.121465839445590973e-02 3.879808261990547180e-02 1.214432064443826675e-03 1.589025557041168213e-02 3.217970207333564758e-02 3.795932978391647339e-02 6.207916419953107834e-03 1.853005401790142059e-02 7.874510250985622406e-03 3.616181761026382446e-02 2.226175926625728607e-02 5.693854764103889465e-03 1.642221584916114807e-02 4.288320429623126984e-03 3.761725127696990967e-02 4.320786893367767334e-02 3.706312179565429688e-02 2.026204578578472137e-02 1.889519579708576202e-02 9.678957611322402954e-02 3.789936006069183350e-02 4.849158693104982376e-03 3.659812791738659143e-04 2.868379466235637665e-02 1.583411917090415955e-02
3.944400325417518616e-02 6.464240700006484985e-02 4.456976801156997681e-02 2.677076868712902069e-02 4.848040267825126648e-02 2.160117216408252716e-02 4.429847374558448792e-02 1.892060972750186920e-02 3.921297937631607056e-02 1.896823570132255554e-02 6.447903066873550415e-02 5.048725381493568420e-02 5.449545383453369141e-01 1.938803493976593018e-02 4.650171473622322083e-02 1.984010916203260422e-03 6.817349698394536972e-03 2.775315754115581512e-02 2.762908674776554108e-02 6.233932450413703918e-03 1.617574878036975861e-02 2.379937656223773956e-02 4.025443631689995527e-04 1.404734048992395401e-02 4.063040483742952347e-03 1.088317669928073883e-02 6.360497325658798218e-03 4.837561771273612976e-02 4.327040631324052811e-03 5.758912302553653717e-03 2.595486305654048920e-02 1.800278574228286743e-02 3.602953255176544189e-02 1.777314022183418274e-02 2.421871013939380646e-02 4.460305348038673401e-02 1.416463777422904968e-02 2.336553297936916351e-02 1.205461844801902771e-02 1.586991921067237854e-02 8.637495338916778564e-03 6.631020922213792801e-03 9.428516961634159088e-03 5.022976081818342209e-03 1.748462207615375519e-02 4.352623131126165390e-03 9.111341205425560474e-04 3.229963779449462891e-02 1.713390275835990906e-02 1.348835229873657227e-02 1.605439372360706329e-02 2.952832495793700218e-03 3.899193136021494865e-03 2.075511217117309570e-02 2.373801730573177338e-02 1.768992654979228973e-02 5.207349732518196106e-02 1.057693641632795334e-02 2.339459955692291260e-02 4.230533167719841003e-02 5.384407564997673035e-02 1.478270348161458969e-02 2.321156498510390520e-04 4.453929141163825989e-02 1.155188493430614471e-02 4.238243401050567627e-02 1.139996945858001709e-02 4.563415888696908951e-03 3.626323118805885315e-02 2.721816301345825195e-02 3.749647736549377441e-02 1.491606514900922775e-02 1.223562099039554596e-02 4.687968641519546509e-02 4.444603808224201202e-03 5.279025807976722717e-02 3.137826174497604370e-02 1.608163490891456604e-02 1.223594509065151215e-02 2.413989230990409851e-02 1.357111707329750061e-02 1.894883066415786743e-02 3.075344301760196686e-02 4.318316653370857239e-02 7.468062452971935272e-03 1.974394917488098145e-02 1.870871335268020630e-02 5.969029664993286133e-02 1.123425923287868500e-02 5.266048014163970947e-02 1.557298097759485245e-02 1.418445818126201630e-02 2.263439632952213287e-02 1.010804437100887299e-02 1.432087738066911697e-02 5.046851560473442078e-02 1.175413094460964203e-02 3.221435705199837685e-03 5.326903774403035641e-04 8.470008149743080139e-03 2.676954120397567749e-02 1.188861764967441559e-02 1.448430237360298634e-03 8.558991365134716034e-03 3.669983940199017525e-03 9.576782467775046825e-04 4.635164979845285416e-03 2.263772487640380859e-02 9.063172154128551483e-03 3.527011955156922340e-03 4.586158785969018936e-03 2.388311736285686493e-02 2.060341276228427887e-02 1.333728665485978127e-03 3.661393746733665466e-02 4.890067968517541885e-03
