5.354099869728088379e-01 1.028634682297706604e-01 1.058157440274953842e-02 1.549031957983970642e-02 1.046530529856681824e-02 2.362615056335926056e-02 7.981573231518268585e-03 2.597087994217872620e-02 2.847210317850112915e-02 3.784192353487014771e-02 3.693659603595733643e-02 3.492702171206474304e-02 3.439567610621452332e-02 1.361787877976894379e-02 4.805098846554756165e-02 2.191017149016261101e-03 8.834882639348506927e-03 4.228840768337249756e-02 4.134666174650192261e-02 4.246073588728904724e-02 2.864672057330608368e-02 7.965881377458572388e-03 1.616278663277626038e-02 3.321068361401557922e-02 1.364032179117202759e-02 2.062429115176200867e-02 1.785279251635074615e-02 3.991937264800071716e-02 2.219433151185512543e-02 1.874665170907974243e-02 2.149786800146102905e-02 3.702939301729202271e-02 2.057866565883159637e-02 4.293786734342575073e-02 1.716082915663719177e-02 9.202569723129272461e-03 6.358211860060691833e-03 7.794640492647886276e-03 1.896802522242069244e-02 2.779459580779075623e-02 6.243776530027389526e-02 1.075608539395034313e-03 2.019182220101356506e-02 4.372862633317708969e-03 2.482655458152294159e-03 8.181752637028694153e-03 2.009565196931362152e-02 8.333728648722171783e-03 3.862881287932395935e-02 2.975445985794067383e-02 1.931483508087694645e-03 3.775009885430335999e-03 4.171361215412616730e-03 2.541179768741130829e-02 1.827157288789749146e-02 5.802423693239688873e-03 1.291502173990011215e-02 1.023833267390727997e-02 2.086029201745986938e-02 3.926004748791456223e-03 1.239353325217962265e-02 3.192353248596191406e-02 4.390590637922286987e-02 1.710715144872665405e-02 2.244043350219726562e-02 1.774317468516528606e-03 2.929714322090148926e-02 3.091464750468730927e-02 2.549207303673028946e-03 1.376870274543762207e-02 1.111071673221886158e-03 1.757055893540382385e-02 2.150718308985233307e-02 2.175821457058191299e-03 1.182281225919723511e-02 2.149510197341442108e-02 1.087247766554355621e-02 1.363331731408834457e-02 2.811927348375320435e-02 1.842603273689746857e-02 4.637346044182777405e-02 6.342411041259765625e-03 2.426590211689472198e-02 1.829065568745136261e-02 3.868106380105018616e-02 3.971620649099349976e-02 3.823530673980712891e-02 3.709823265671730042e-02 4.222089424729347229e-02 1.397154666483402252e-02 3.044629096984863281e-02 6.322761531919240952e-03 2.596148289740085602e-02 1.152610406279563904e-02 4.410781338810920715e-02 3.609159216284751892e-02 2.484413236379623413e-02 5.234499927610158920e-03 2.575763314962387085e-02 3.718559071421623230e-02 4.457778297364711761e-03 1.474872115068137646e-03 2.527923323214054108e-02 5.810215603560209274e-03 1.088364236056804657e-02 3.621992468833923340e-02 2.297753281891345978e-02 1.848234422504901886e-02 2.936864458024501801e-02 1.232423936016857624e-03 2.277003414928913116e-02 3.800325212068855762e-04 1.379626896232366562e-02 7.644447963684797287e-03 1.703822985291481018e-02 2.421334572136402130e-02
1.028634682297706604e-01 5.437443852424621582e-01 7.523365784436464310e-03 3.511027991771697998e-02 1.349582336843013763e-03 9.180906228721141815e-03 1.023741811513900757e-02 4.584630951285362244e-02 4.667429253458976746e-02 4.401923716068267822e-02 2.864765189588069916e-02 2.165122330188751221e-02 4.216744750738143921e-02 2.531465142965316772e-02 4.240690171718597412e-02 2.865287475287914276e-02 3.306237608194351196e-02 4.602947086095809937e-02 5.148792266845703125e-02 2.971830219030380249e-02 1.937471330165863037e-02 1.091561652719974518e-02 2.837124280631542206e-02 3.953116387128829956e-02 7.273457944393157959e-03 1.412687543779611588e-02 1.164507307112216949e-02 2.139508537948131561e-02 1.211580820381641388e-02 3.106374666094779968e-02 6.494001485407352448e-03 4.493498057126998901e-02 2.379196463152766228e-03 5.041944608092308044e-02 1.187692675739526749e-02 1.456810906529426575e-02 1.609612256288528442e-02 7.215613033622503281e-03 2.106954157352447510e-02 2.304889820516109467e-02 5.291854217648506165e-02 2.461365610361099243e-02 1.272321911528706551e-03 8.931378833949565887e-03 1.065137609839439392e-02 1.431534346193075180e-02 1.611479930579662323e-02 2.543498761951923370e-03 3.819803521037101746e-02 2.221210859715938568e-02 1.707236049696803093e-03 2.075565746054053307e-03 5.368760321289300919e-03 1.370861660689115524e-02 9.964253753423690796e-03 2.052657492458820343e-02 1.746923848986625671e-02 2.585739828646183014e-02 2.088531106710433960e-02 2.177265845239162445e-02 5.540363956242799759e-03 1.221282128244638443e-02 4.577453434467315674e-02 3.360601887106895447e-02 2.259765937924385071e-02 2.258611842989921570e-03 1.699263416230678558e-02 2.047137543559074402e-02 5.408199038356542587e-03 6.308099720627069473e-03 3.755948506295681000e-03 7.497721817344427109e-03 4.003652837127447128e-03 8.806420490145683289e-03 2.297612838447093964e-03 2.333636395633220673e-02 1.911569270305335522e-03 9.381621144711971283e-03 3.990691900253295898e-02 1.664866140345111489e-04 3.360809013247489929e-02 4.084390029311180115e-02 3.026982024312019348e-02 8.453851565718650818e-03 2.699982933700084686e-02 4.754577204585075378e-02 2.938643656671047211e-02 2.831693179905414581e-02 3.900085808709263802e-03 3.399538993835449219e-02 3.588158637285232544e-02 9.252430871129035950e-03 3.059312142431735992e-02 1.143908407539129257e-02 1.961119286715984344e-02 4.201762005686759949e-02 4.638688266277313232e-02 1.680553331971168518e-02 3.946059383451938629e-03 1.809480227530002594e-02 2.488853177055716515e-03 3.423270070925354958e-03 6.279259920120239258e-03 3.643441572785377502e-02 4.006234812550246716e-04 1.701784506440162659e-02 1.888967119157314301e-02 2.781914919614791870e-02 1.914214715361595154e-02 8.009812794625759125e-03 1.598165370523929596e-02 2.177041023969650269e-02 2.720047486945986748e-03 2.606887137517333031e-03 1.728524453938007355e-03 4.404195025563240051e-02
1.058157440274953842e-02 7.523365784436464310e-03 5.180341005325317383e-01 6.523164361715316772e-02 5.185849219560623169e-02 6.640290375798940659e-03 5.914536886848509312e-04 1.744216531515121460e-01 3.012429922819137573e-02 1.566462777554988861e-02 3.311057388782501221e-02 1.577956415712833405e-02 1.932705752551555634e-02 2.648333832621574402e-02 3.262902423739433289e-02 2.782280184328556061e-02 3.852802142500877380e-02 3.353041410446166992e-02 2.924090810120105743e-02 4.564794246107339859e-03 1.467618159949779510e-02 4.576290491968393326e-03 2.200867608189582825e-02 3.639454394578933716e-02 4.436495155096054077e-02 3.496706113219261169e-02 3.764060093089938164e-03 1.475482061505317688e-02 2.462117560207843781e-02 9.455868043005466461e-03 2.881218865513801575e-02 1.567031443119049072e-02 4.199693351984024048e-02 1.488082390278577805e-02 1.582796312868595123e-02 2.526849880814552307e-02 5.277477204799652100e-03 3.136001154780387878e-02 5.821573361754417419e-02 1.072516441345214844e-01 2.084231004118919373e-02 9.157006628811359406e-03 2.236678078770637512e-02 2.126982994377613068e-02 2.617277204990386963e-02 1.216543186455965042e-02 6.346174050122499466e-03 3.559069242328405380e-03 2.868608804419636726e-03 2.103250287473201752e-02 2.407042309641838074e-02 3.264969587326049805e-02 2.931794896721839905e-02 2.245705015957355499e-02 2.388378046452999115e-02 3.307242691516876221e-02 4.034316632896661758e-03 2.434514835476875305e-02 5.651354324072599411e-03 3.275963664054870605e-02 4.055486992001533508e-02 3.186733275651931763e-02 1.266464870423078537e-02 3.101916983723640442e-02 4.461961612105369568e-02 2.541689947247505188e-02 3.111226484179496765e-02 1.146426238119602203e-02 2.519377879798412323e-02 1.713267713785171509e-02 1.203339826315641403e-02 2.687310241162776947e-02 2.141874656081199646e-02 4.302629828453063965e-02 2.069775573909282684e-02 9.407478384673595428e-03 8.520313538610935211e-03 1.439351029694080353e-02 9.364921599626541138e-03 1.421427633613348007e-02 1.560728847980499268e-01 8.865574002265930176e-02 3.301943466067314148e-02 3.351661842316389084e-03 4.045196250081062317e-02 2.462276630103588104e-02 3.807237371802330017e-03 1.913234591484069824e-02 3.695055842399597168e-02 2.818263508379459381e-02 2.436275407671928406e-02 2.275468595325946808e-02 1.818984933197498322e-02 1.067608594894409180e-02 3.251812607049942017e-02 1.325107086449861526e-02 3.172122314572334290e-02 7.010036613792181015e-03 2.961328066885471344e-02 3.978480026125907898e-02 1.603597775101661682e-02 2.233787439763545990e-02 5.630660802125930786e-03 1.057294011116027832e-01 4.309621453285217285e-02 2.043863758444786072e-02 3.276610746979713440e-02 1.816231571137905121e-02 9.512234479188919067e-03 7.240762468427419662e-03 8.783309906721115112e-02 2.333937771618366241e-02 1.722033321857452393e-02 3.114083036780357361e-02 3.430989384651184082e-02 2.996040321886539459e-02
1.549031957983970642e-02 3.511027991771697998e-02 6.523164361715316772e-02 5.166375637054443359e-01 7.122687250375747681e-02 2.132435515522956848e-02 4.741207696497440338e-03 1.388794975355267525e-03 5.215363204479217529e-02 4.899373278021812439e-03 3.272181376814842224e-02 1.057263370603322983e-02 2.604125440120697021e-02 1.281389873474836349e-02 3.193465620279312134e-02 1.982238702476024628e-02 4.519521817564964294e-02 3.027164610102772713e-03 4.423484578728675842e-02 3.019962087273597717e-02 3.592602163553237915e-02 2.192166447639465332e-02 5.774457473307847977e-03 2.053617034107446671e-03 2.462937682867050171e-02 4.586343467235565186e-02 4.155182838439941406e-02 4.021240025758743286e-02 2.647168003022670746e-02 7.150466088205575943e-03 4.115128517150878906e-02 3.221178799867630005e-02 7.499492168426513672e-02 2.388578653335571289e-02 6.270823627710342407e-02 3.255258128046989441e-02 8.578438311815261841e-03 3.737331926822662354e-02 1.604903489351272583e-01 1.057712435722351074e-01 4.593144170939922333e-03 1.520724035799503326e-02 1.271698158234357834e-02 1.290208776481449604e-03 2.399348840117454529e-02 1.771219819784164429e-02 3.859263285994529724e-02 1.436904887668788433e-03 3.320198878645896912e-02 2.035030908882617950e-02 1.621823012828826904e-02 1.618709648028016090e-03 3.541762381792068481e-02 1.435825601220130920e-02 1.543268328532576561e-03 3.806945309042930603e-02 5.790052190423011780e-02 5.024524778127670288e-02 4.456788301467895508e-03 2.669368684291839600e-02 8.840750902891159058e-02 8.437135815620422363e-02 3.498050570487976074e-02 2.366836927831172943e-02 4.413416236639022827e-02 1.620599068701267242e-03 2.493634447455406189e-02 2.212372794747352600e-02 6.387655436992645264e-02 2.815802209079265594e-02 5.991445388644933701e-03 3.233923343941569328e-03 1.709634205326437950e-03 3.987305611371994019e-02 1.416947226971387863e-02 3.153008595108985901e-02 3.077962622046470642e-02 2.348771132528781891e-02 1.849921420216560364e-02 1.088965404778718948e-02 2.243150956928730011e-03 3.894756734371185303e-02 6.547122448682785034e-02 4.522617533802986145e-02 2.726452052593231201e-02 1.965417526662349701e-02 1.853097695857286453e-03 1.143102999776601791e-02 2.126663457602262497e-03 1.912989094853401184e-02 2.686456777155399323e-02 3.432951122522354126e-02 5.634231492877006531e-03 2.174000069499015808e-02 3.846003115177154541e-02 2.505858615040779114e-02 1.433174777776002884e-02 8.622261695563793182e-03 1.351534947752952576e-02 8.250853046774864197e-03 2.845612727105617523e-02 1.010092720389366150e-02 3.843913227319717407e-02 1.116503216326236725e-02 2.568791992962360382e-02 1.343990582972764969e-02 2.049653790891170502e-02 3.718337276950478554e-03 5.588816851377487183e-02 1.727319881319999695e-02 2.054774435237050056e-03 1.248475071042776108e-02 3.066672384738922119e-02 8.970884606242179871e-03 1.945010200142860413e-02 2.619760483503341675e-02
1.046530529856681824e-02 1.349582336843013763e-03 5.185849219560623169e-02 7.122687250375747681e-02 5.194998383522033691e-01 2.711423859000205994e-02 7.074186112731695175e-03 6.757375597953796387e-02 2.458643354475498199e-02 2.158659137785434723e-02 1.056819967925548553e-02 2.837380953133106232e-02 2.197769843041896820e-02 3.324426710605621338e-02 4.136174917221069336e-02 1.295856572687625885e-02 2.588506042957305908e-02 1.445531612262129784e-03 3.387073986232280731e-03 4.021803662180900574e-02 9.249810129404067993e-03 1.487101148813962936e-02 1.238353084772825241e-02 1.974149234592914581e-02 2.245743013918399811e-02 5.587973631918430328e-03 2.598343975841999054e-02 3.963849321007728577e-02 8.693631738424301147e-03 5.573240574449300766e-03 2.809058129787445068e-02 1.876189932227134705e-02 3.806909546256065369e-02 4.966070409864187241e-03 3.152879327535629272e-02 1.531248539686203003e-02 3.956168517470359802e-02 7.668521255254745483e-03 2.052576653659343719e-02 1.293428689241409302e-01 9.514288045465946198e-03 2.008511312305927277e-02 3.979165107011795044e-02 3.512649983167648315e-02 3.088064119219779968e-02 2.884985506534576416e-02 8.234323933720588684e-03 1.890045776963233948e-02 1.431812345981597900e-02 1.715954713290557265e-04 3.731273859739303589e-02 3.081173822283744812e-02 6.747463718056678772e-03 4.066999629139900208e-02 3.416414605453610420e-03 6.452294997870922089e-03 4.884100519120693207e-03 2.683093026280403137e-02 2.509638294577598572e-02 1.304538920521736145e-02 5.822176486253738403e-02 7.389826327562332153e-02 2.439125441014766693e-02 9.933239780366420746e-03 2.202022261917591095e-02 9.250285220332443714e-04 3.113920614123344421e-02 1.945322193205356598e-02 1.580173335969448090e-02 2.349696820601820946e-03 4.835979640483856201e-02 7.497323676943778992e-03 5.108180269598960876e-02 1.659001410007476807e-02 2.762331254780292511e-02 1.475203689187765121e-02 4.414749518036842346e-02 1.978294365108013153e-02 3.004063852131366730e-02 4.179321974515914917e-02 1.772357267327606678e-03 3.587735444307327271e-02 1.330725196748971939e-02 4.151790961623191833e-02 5.282901227474212646e-03 1.385052781552076340e-02 1.486717257648706436e-02 1.315891044214367867e-03 2.351181767880916595e-02 5.311226844787597656e-02 1.389816310256719589e-02 7.206082344055175781e-03 3.268324770033359528e-03 6.630004849284887314e-03 1.442981511354446411e-02 1.058210991322994232e-02 2.966303378343582153e-02 3.509671241044998169e-02 1.133631821721792221e-02 2.097422629594802856e-02 7.450480479747056961e-04 3.429407253861427307e-02 3.571667149662971497e-02 5.355034396052360535e-02 2.645139023661613464e-02 1.857267320156097412e-02 1.103984471410512924e-02 1.285925693809986115e-02 1.183155830949544907e-02 3.712968435138463974e-03 4.469272866845130920e-02 8.950198069214820862e-03 4.809123650193214417e-02 3.887534141540527344e-02 3.278066962957382202e-02 3.191383928060531616e-02
2.362615056335926056e-02 9.180906228721141815e-03 6.640290375798940659e-03 2.132435515522956848e-02 2.711423859000205994e-02 5.408630967140197754e-01 1.020102277398109436e-01 2.322532469406723976e-03 2.583341859281063080e-02 4.730304330587387085e-02 1.909052394330501556e-02 8.239249140024185181e-02 5.401129834353923798e-03 5.637925490736961365e-02 9.281700477004051208e-03 4.663784056901931763e-02 3.557072579860687256e-02 4.461767151951789856e-02 1.122771296650171280e-02 4.624385386705398560e-03 6.393453106284141541e-03 3.342421958222985268e-03 4.189292341470718384e-02 1.911337114870548248e-02 7.124379277229309082e-03 3.665605187416076660e-02 2.137359231710433960e-02 4.253143444657325745e-02 2.724713645875453949e-02 1.569650508463382721e-02 2.070072852075099945e-02 5.059540271759033203e-03 2.885268442332744598e-02 2.051874529570341110e-03 9.337428025901317596e-03 1.566201564855873585e-03 3.868341911584138870e-03 4.915889725089073181e-02 1.650367863476276398e-02 3.893904015421867371e-02 3.024277836084365845e-02 2.848177216947078705e-02 2.423423528671264648e-02 4.314037412405014038e-02 1.339607965201139450e-02 6.160707771778106689e-02 7.876852154731750488e-02 3.028719872236251831e-02 4.622357711195945740e-02 2.199264802038669586e-02 7.685267366468906403e-03 2.010537125170230865e-02 2.507680840790271759e-02 9.781621396541595459e-03 1.245842594653367996e-02 6.765279453247785568e-03 4.214838892221450806e-02 1.221796032041311264e-02 1.646890072152018547e-03 4.633511975407600403e-02 4.622709238901734352e-04 2.957109361886978149e-02 2.229442447423934937e-02 1.111802831292152405e-02 3.096529468894004822e-02 1.157052069902420044e-02 2.089161053299903870e-02 1.607906632125377655e-02 2.182309329509735107e-02 3.329373151063919067e-02 4.362729936838150024e-02 3.537735715508460999e-02 2.431971253827214241e-03 4.882222041487693787e-02 5.779721774160861969e-03 4.723382368683815002e-02 4.606217890977859497e-02 1.524725556373596191e-02 7.460230495780706406e-03 3.260309621691703796e-02 2.869934588670730591e-02 1.331024896353483200e-02 1.917951554059982300e-02 6.332198972813785076e-04 1.691970601677894592e-02 1.478204131126403809e-02 5.848121270537376404e-02 8.449400193057954311e-04 2.730304608121514320e-03 2.283877320587635040e-02 8.259982801973819733e-03 2.015865221619606018e-02 3.677604254335165024e-03 9.852341376245021820e-03 2.606055932119488716e-03 2.118829265236854553e-02 3.266255185008049011e-02 4.471729509532451630e-03 1.335980929434299469e-02 9.878040291368961334e-03 7.140491623431444168e-03 1.946795731782913208e-02 4.139751568436622620e-02 3.744186088442802429e-02 3.901751339435577393e-02 5.277732014656066895e-02 3.065180033445358276e-02 3.071608766913414001e-02 3.734227642416954041e-02 5.421664938330650330e-02 2.049262449145317078e-02 1.089906785637140274e-02 1.199303776957094669e-03 2.121850289404392242e-02 1.082913670688867569e-02 2.443244447931647301e-03
7.981573231518268585e-03 1.023741811513900757e-02 5.914536886848509312e-04 4.741207696497440338e-03 7.074186112731695175e-03 1.020102277398109436e-01 5.429341197013854980e-01 1.914691552519798279e-02 2.897650189697742462e-02 3.384767472743988037e-02 6.979878526180982590e-03 4.276189208030700684e-02 8.613009005784988403e-03 3.132876753807067871e-02 7.453610654920339584e-03 2.226634882390499115e-02 1.075342483818531036e-02 1.431574928574264050e-04 2.524978108704090118e-02 1.307797938352450728e-04 6.362316664308309555e-03 6.677150959149003029e-04 2.131555788218975067e-02 7.245165295898914337e-03 1.080445200204849243e-02 3.263844177126884460e-02 2.758823893964290619e-02 4.000592045485973358e-03 2.056375704705715179e-02 1.158430520445108414e-02 1.038527768105268478e-02 4.920542240142822266e-03 3.304086858406662941e-03 8.161200210452079773e-03 1.975230686366558075e-02 1.000815350562334061e-02 1.169348508119583130e-02 5.019645392894744873e-02 9.971476538339629769e-05 2.035690285265445709e-02 4.782800748944282532e-02 1.024361047893762589e-02 3.288991004228591919e-02 4.519763961434364319e-02 7.122267968952655792e-03 2.863749116659164429e-02 7.973915338516235352e-02 5.182559788227081299e-02 2.705561555922031403e-02 3.071668371558189392e-02 1.508807763457298279e-03 1.735952217131853104e-03 3.922219574451446533e-02 1.489538419991731644e-02 4.307954572141170502e-03 4.216419905424118042e-02 9.217669256031513214e-03 1.991933910176157951e-03 2.276531793177127838e-02 4.024752601981163025e-02 3.144179005175828934e-03 1.239128410816192627e-02 1.658260473050177097e-03 8.401292376220226288e-03 3.136281296610832214e-02 2.871053526178002357e-03 1.407029572874307632e-02 1.892799884080886841e-02 1.638129912316799164e-02 9.008631110191345215e-03 3.762675821781158447e-02 1.612500846385955811e-02 8.254345506429672241e-03 2.906144596636295319e-02 5.474959965795278549e-03 2.337689697742462158e-02 3.995119035243988037e-02 1.041860971599817276e-02 3.292668983340263367e-02 1.753027550876140594e-02 3.899367153644561768e-02 2.019120752811431885e-02 2.049979194998741150e-02 3.469291329383850098e-02 2.407013066112995148e-02 1.600491069257259369e-02 4.566599428653717041e-02 1.177385821938514709e-02 2.063279785215854645e-02 2.611202001571655273e-02 1.395300589501857758e-02 1.289893966168165207e-02 2.211976051330566406e-02 2.241683425381779671e-03 3.490460338070988655e-03 4.830613266676664352e-03 2.463069558143615723e-02 8.271990343928337097e-03 1.036839373409748077e-02 1.385794766247272491e-02 2.686355449259281158e-02 1.883265562355518341e-02 3.628320991992950439e-02 4.395933076739311218e-02 4.322255030274391174e-02 3.878426924347877502e-02 2.384968101978302002e-02 2.594541385769844055e-02 9.704345837235450745e-03 1.890741661190986633e-02 2.127021364867687225e-02 2.765176072716712952e-02 1.285700500011444092e-02 1.791612058877944946e-02 2.833089418709278107e-02 4.031269997358322144e-02
2.597087994217872620e-02 4.584630951285362244e-02 1.744216531515121460e-01 1.388794975355267525e-03 6.757375597953796387e-02 2.322532469406723976e-03 1.914691552519798279e-02 5.331264734268188477e-01 2.358580566942691803e-02 2.755508199334144592e-02 1.697259023785591125e-02 4.098819568753242493e-02 1.515947002917528152e-02 2.588106319308280945e-02 4.173748940229415894e-02 3.459629043936729431e-02 3.376482799649238586e-02 3.213172033429145813e-02 3.614994511008262634e-02 4.637645930051803589e-02 3.419229388236999512e-02 1.323247235268354416e-02 1.650896295905113220e-02 2.153619192540645599e-02 2.560378517955541611e-03 1.812415383756160736e-02 1.985464477911591530e-03 7.971910759806632996e-03 1.138723175972700119e-02 8.662695065140724182e-03 2.864787727594375610e-02 2.496649324893951416e-02 1.476251706480979919e-02 4.562367126345634460e-02 3.946366906166076660e-02 1.197076030075550079e-02 8.083056658506393433e-03 3.445507213473320007e-02 3.824585303664207458e-02 7.306608557701110840e-02 1.026604510843753815e-02 4.013233992736786604e-04 4.894925281405448914e-02 1.249711960554122925e-03 2.300892025232315063e-02 2.931408397853374481e-02 1.534014008939266205e-02 1.144589111208915710e-02 4.156139865517616272e-02 3.349031507968902588e-02 4.213808476924896240e-02 2.958301641047000885e-02 2.262381836771965027e-02 6.511670351028442383e-02 5.729977041482925415e-02 1.620828732848167419e-02 7.249734364449977875e-03 3.624378889799118042e-02 3.211259841918945312e-02 6.128304172307252884e-03 8.344330824911594391e-03 1.581904478371143341e-02 4.663437604904174805e-02 7.309822249226272106e-04 1.728979125618934631e-02 2.303955331444740295e-02 1.638989336788654327e-02 4.174620658159255981e-02 2.406357787549495697e-02 4.180503077805042267e-03 4.442695993930101395e-03 1.579026319086551666e-02 1.660707779228687286e-02 1.709809340536594391e-02 4.128878563642501831e-02 4.382211249321699142e-03 1.832365803420543671e-02 4.245502501726150513e-02 2.359282970428466797e-02 2.793643251061439514e-02 1.133484169840812683e-01 1.009715422987937927e-01 3.551418706774711609e-02 1.405237521976232529e-02 1.470368076115846634e-02 2.854989469051361084e-02 4.080388695001602173e-02 3.746337071061134338e-02 5.145967938005924225e-03 2.228178549557924271e-03 4.895261675119400024e-02 6.511164829134941101e-04 4.692292958498001099e-02 5.023102276027202606e-03 3.178735077381134033e-02 2.781774103641510010e-02 1.884436234831809998e-02 5.971958162263035774e-04 2.148985222447663546e-04 3.125624265521764755e-03 4.251308739185333252e-02 2.478460781276226044e-02 8.041186258196830750e-03 5.079448968172073364e-02 1.625059545040130615e-02 4.086014255881309509e-02 2.771849185228347778e-02 9.508024901151657104e-03 8.154581300914287567e-04 3.235228732228279114e-02 4.132275655865669250e-02 5.391718074679374695e-02 4.395953938364982605e-02 4.647586122155189514e-02 4.560093209147453308e-02 1.464800257235765457e-02
2.847210317850112915e-02 4.667429253458976746e-02 3.012429922819137573e-02 5.215363204479217529e-02 2.458643354475498199e-02 2.583341859281063080e-02 2.897650189697742462e-02 2.358580566942691803e-02 5.332642197608947754e-01 8.399029076099395752e-02 2.829289995133876801e-02 7.601344492286443710e-03 5.283740535378456116e-02 4.194836691021919250e-02 1.097171101719141006e-02 6.324975937604904175e-02 5.451075732707977295e-02 7.629062980413436890e-02 1.032617501914501190e-02 9.083757176995277405e-03 7.524902466684579849e-03 2.776469476521015167e-02 5.587251484394073486e-02 7.125201821327209473e-02 3.051218017935752869e-02 3.020650707185268402e-02 1.035263296216726303e-02 2.450097538530826569e-02 7.160781882703304291e-03 1.289183739572763443e-03 2.344663068652153015e-02 2.256817370653152466e-02 1.629957370460033417e-02 3.712262585759162903e-02 1.350161433219909668e-02 3.000751603394746780e-03 1.825720444321632385e-02 1.451340317726135254e-02 3.477681428194046021e-02 2.550172805786132812e-02 1.598139875568449497e-03 2.665301412343978882e-02 1.627265103161334991e-02 3.768287971615791321e-02 1.586361415684223175e-02 2.056234888732433319e-02 2.538615651428699493e-02 3.430798277258872986e-02 2.122170757502317429e-03 3.242824599146842957e-02 1.030646031722426414e-03 1.342619536444544792e-03 4.170220717787742615e-02 2.456264942884445190e-02 1.043218560516834259e-02 3.978648036718368530e-02 3.639511018991470337e-02 5.005060136318206787e-02 2.277326025068759918e-02 2.792655490338802338e-02 1.105330884456634521e-02 4.472649097442626953e-02 2.959586121141910553e-02 4.851993173360824585e-02 4.967177286744117737e-02 8.383083157241344452e-03 5.338131915777921677e-03 3.621806390583515167e-04 9.472750872373580933e-02 9.176572784781455994e-03 2.244995906949043274e-03 4.196427762508392334e-02 2.791091427206993103e-02 3.274509310722351074e-02 4.619307443499565125e-02 3.844620892778038979e-03 1.295360624790191650e-01 8.321426063776016235e-02 4.568349570035934448e-02 8.038141531869769096e-04 2.694609342142939568e-03 3.007394820451736450e-02 7.600693404674530029e-02 1.970490813255310059e-02 2.021084167063236237e-02 4.964599013328552246e-02 4.642525687813758850e-02 2.972693927586078644e-02 7.542568445205688477e-02 2.318266034126281738e-02 1.697614789009094238e-02 4.071274399757385254e-02 3.234390914440155029e-02 1.383052673190832138e-02 3.642758727073669434e-02 6.224498152732849121e-03 3.111243061721324921e-02 4.256904125213623047e-02 4.533154517412185669e-02 4.719439148902893066e-02 1.345761306583881378e-02 1.388108637183904648e-02 2.750968560576438904e-03 5.446620751172304153e-03 2.617042139172554016e-02 4.502744600176811218e-02 1.395157072693109512e-02 1.344983186572790146e-02 2.717823022976517677e-03 2.755570411682128906e-02 3.696576878428459167e-02 3.617411851882934570e-02 2.505614608526229858e-02 2.346012368798255920e-02 8.137192577123641968e-03 2.716478146612644196e-02
3.784192353487014771e-02 4.401923716068267822e-02 1.566462777554988861e-02 4.899373278021812439e-03 2.158659137785434723e-02 4.730304330587387085e-02 3.384767472743988037e-02 2.755508199334144592e-02 8.399029076099395752e-02 5.344039201736450195e-01 3.601404279470443726e-02 2.626780606806278229e-02 3.425841033458709717e-02 4.475187510251998901e-03 2.608133666217327118e-02 2.174376137554645538e-02 2.301335800439119339e-03 1.802364550530910492e-02 4.522990062832832336e-02 4.850300773978233337e-02 6.652464624494314194e-03 8.429478853940963745e-03 8.857205510139465332e-03 2.064517140388488770e-02 2.284645847976207733e-02 2.816170081496238708e-02 1.739238575100898743e-02 1.003940030932426453e-02 2.744849398732185364e-02 1.966903917491436005e-02 1.098122168332338333e-02 9.285617619752883911e-03 2.110947668552398682e-02 2.571085467934608459e-02 6.409623660147190094e-03 2.175128832459449768e-02 2.034195326268672943e-02 3.607602091506123543e-03 2.870754525065422058e-02 3.045469895005226135e-02 4.316512122750282288e-02 3.521872684359550476e-02 2.010767348110675812e-02 1.310703717172145844e-02 3.640552982687950134e-02 6.761505268514156342e-03 4.844034090638160706e-02 3.604586422443389893e-02 1.205052132718265057e-03 3.511812537908554077e-02 1.362278591841459274e-03 2.529809437692165375e-02 2.320202626287937164e-02 2.211469039320945740e-02 4.420386999845504761e-02 3.028842061758041382e-02 3.975324332714080811e-02 4.230325296521186829e-02 2.378918975591659546e-02 2.723966725170612335e-02 5.069854855537414551e-02 1.541920471936464310e-03 2.239254070445895195e-03 1.173084136098623276e-02 5.032644048333168030e-02 1.132268225774168968e-03 2.117656171321868896e-03 2.530760364606976509e-03 8.963577449321746826e-03 3.287697210907936096e-02 4.600856825709342957e-02 6.298159249126911163e-03 2.241149730980396271e-02 2.634502761065959930e-02 3.823793376795947552e-04 2.676201611757278442e-02 2.067765966057777405e-02 1.931807994842529297e-01 2.737571485340595245e-02 1.747051179409027100e-01 2.870961092412471771e-02 1.118765026330947876e-02 1.408063992857933044e-02 9.278525412082672119e-02 4.447941482067108154e-02 2.969998307526111603e-02 4.564120620489120483e-02 8.798208087682723999e-03 2.128525637090206146e-02 1.264667212963104248e-01 4.137078672647476196e-02 1.021630968898534775e-02 1.966337300837039948e-02 6.607371382415294647e-03 1.074862387031316757e-02 4.572170227766036987e-02 2.576021291315555573e-02 4.646861052606254816e-04 1.538088731467723846e-02 1.991192065179347992e-02 4.234253987669944763e-02 1.035691821016371250e-03 4.134435579180717468e-02 2.732861414551734924e-02 1.803540624678134918e-02 3.340870514512062073e-02 4.513144865632057190e-02 4.378235340118408203e-02 3.729382157325744629e-02 1.192883495241403580e-02 3.059999085962772369e-02 1.035592984408140182e-02 9.507866576313972473e-03 3.029206395149230957e-02 4.523473978042602539e-02 5.998590961098670959e-03
3.693659603595733643e-02 2.864765189588069916e-02 3.311057388782501221e-02 3.272181376814842224e-02 1.056819967925548553e-02 1.909052394330501556e-02 6.979878526180982590e-03 1.697259023785591125e-02 2.829289995133876801e-02 3.601404279470443726e-02 5.558778047561645508e-01 3.328897804021835327e-02 3.480912744998931885e-02 3.018211573362350464e-02 7.418689318001270294e-03 5.835446063429117203e-03 2.198759932070970535e-03 2.770528569817543030e-02 1.324893068522214890e-02 2.711755596101284027e-02 8.412785828113555908e-03 7.527865935117006302e-03 1.721684634685516357e-02 1.824450679123401642e-02 5.467415321618318558e-03 6.850621197372674942e-03 1.541361329145729542e-03 9.651433792896568775e-04 7.675821892917156219e-03 4.206533078104257584e-03 1.756225340068340302e-02 2.720501646399497986e-02 1.337945181876420975e-02 4.687958955764770508e-02 3.894683904945850372e-03 4.398758988827466965e-03 1.965164672583341599e-03 1.035643834620714188e-02 2.879361249506473541e-02 1.990709453821182251e-02 1.551555749028921127e-02 5.112350452691316605e-03 8.858568035066127777e-03 6.527649238705635071e-04 1.378882862627506256e-02 1.453168969601392746e-02 5.075447726994752884e-03 2.086865343153476715e-02 1.254199631512165070e-02 3.251950722187757492e-03 7.540625520050525665e-03 1.448318734765052795e-02 3.746962174773216248e-02 2.585592446848750114e-03 3.070024959743022919e-02 5.247339606285095215e-03 2.522500604391098022e-02 4.193619824945926666e-03 9.986265562474727631e-03 2.661377564072608948e-02 3.262711316347122192e-02 2.937435731291770935e-02 9.995087049901485443e-03 1.440617255866527557e-03 1.726520620286464691e-02 1.365236239507794380e-03 7.205807603895664215e-03 2.039491944015026093e-02 1.003700192086398602e-03 1.055353600531816483e-02 2.218357287347316742e-03 3.069809870794415474e-03 2.224838128313422203e-03 6.164381629787385464e-04 5.450588651001453400e-03 9.634717367589473724e-03 9.044483158504590392e-05 2.145855687558650970e-02 2.155758440494537354e-02 3.937613219022750854e-02 3.034783154726028442e-02 1.684096455574035645e-02 1.045472361147403717e-02 3.122517466545104980e-02 2.746492624282836914e-02 3.048712573945522308e-02 1.349884830415248871e-02 1.217476790770888329e-03 8.666696958243846893e-03 2.289164997637271881e-02 1.261687465012073517e-02 1.528808940201997757e-02 1.225744374096393585e-02 7.052056957036256790e-03 1.577758812345564365e-03 9.126058779656887054e-03 4.281769040971994400e-03 1.075195986777544022e-02 5.197986960411071777e-03 7.320573058677837253e-05 2.753750979900360107e-02 4.007328301668167114e-02 5.410932470113039017e-03 2.033784054219722748e-02 6.651637377217411995e-04 4.212429281324148178e-03 2.895727194845676422e-02 7.782572414726018906e-03 1.552712079137563705e-02 2.179840207099914551e-02 1.978509686887264252e-02 3.046706877648830414e-02 1.407602988183498383e-02 2.451405860483646393e-03 2.507922053337097168e-02 1.110005844384431839e-02
3.492702171206474304e-02 2.165122330188751221e-02 1.577956415712833405e-02 1.057263370603322983e-02 2.837380953133106232e-02 8.239249140024185181e-02 4.276189208030700684e-02 4.098819568753242493e-02 7.601344492286443710e-03 2.626780606806278229e-02 3.328897804021835327e-02 5.436932444572448730e-01 2.574699744582176208e-02 1.563666313886642456e-01 2.177917025983333588e-02 4.433017596602439880e-02 3.069059364497661591e-02 3.697866946458816528e-02 4.253377020359039307e-02 1.070353575050830841e-02 6.932372692972421646e-03 1.947518251836299896e-02 5.375418812036514282e-02 3.003098443150520325e-02 3.405714523978531361e-04 4.380207136273384094e-02 9.381867013871669769e-03 5.426850914955139160e-02 5.268747452646493912e-03 1.419534534215927124e-02 2.334175072610378265e-02 1.233921013772487640e-02 2.522425027564167976e-03 4.102590493857860565e-03 1.941444911062717438e-02 7.337214425206184387e-03 4.016129299998283386e-02 3.840998560190200806e-02 3.364861011505126953e-02 4.319487884640693665e-02 3.088950365781784058e-02 4.598930105566978455e-02 8.878570050001144409e-03 3.609529137611389160e-02 8.868930488824844360e-02 6.582149118185043335e-02 2.568468824028968811e-02 1.705546863377094269e-02 2.965849591419100761e-03 2.767665777355432510e-03 4.747040569782257080e-03 1.620567217469215393e-02 9.140290319919586182e-03 4.577072709798812866e-02 1.204897183924913406e-02 1.249495195224881172e-03 4.448891058564186096e-02 1.436952780932188034e-02 2.561182714998722076e-02 2.913701906800270081e-02 1.554245944134891033e-03 4.374233260750770569e-02 1.357778999954462051e-02 4.461133852601051331e-02 2.948539890348911285e-02 1.030063373036682606e-03 2.569824084639549255e-02 8.911686018109321594e-03 3.192435950040817261e-02 3.531595692038536072e-02 1.801988296210765839e-02 3.244939073920249939e-02 6.378623656928539276e-03 3.554626181721687317e-02 1.273518241941928864e-02 4.132187739014625549e-02 1.568103954195976257e-02 1.933251880109310150e-02 4.308706521987915039e-02 3.229492902755737305e-02 3.101732768118381500e-02 6.604829337447881699e-03 1.390986144542694092e-02 3.565134108066558838e-02 2.439107745885848999e-02 5.820880085229873657e-02 3.756161406636238098e-02 1.485993620008230209e-02 5.185101553797721863e-02 4.609959572553634644e-02 3.290863707661628723e-02 3.358627110719680786e-02 2.741898968815803528e-02 3.266195952892303467e-02 4.560950025916099548e-02 1.672428846359252930e-02 2.920588478446006775e-02 1.162759121507406235e-02 5.225323513150215149e-02 5.000800639390945435e-02 2.837449871003627777e-02 3.481500968337059021e-02 3.415197134017944336e-02 3.536246716976165771e-02 4.784277826547622681e-02 5.334589630365371704e-02 7.901296019554138184e-03 4.443070292472839355e-02 1.933065801858901978e-02 4.773379862308502197e-02 1.247672457247972488e-02 2.537301508709788322e-03 1.939386315643787384e-02 2.012768574059009552e-02 9.765292517840862274e-03 1.638021133840084076e-02
3.439567610621452332e-02 4.216744750738143921e-02 1.932705752551555634e-02 2.604125440120697021e-02 2.197769843041896820e-02 5.401129834353923798e-03 8.613009005784988403e-03 1.515947002917528152e-02 5.283740535378456116e-02 3.425841033458709717e-02 3.480912744998931885e-02 2.574699744582176208e-02 5.504116415977478027e-01 1.439285371452569962e-02 3.242551162838935852e-02 1.199185289442539215e-02 1.263673510402441025e-02 3.842564299702644348e-02 2.345819212496280670e-02 9.109299629926681519e-03 1.780849136412143707e-02 5.233394447714090347e-03 2.373309619724750519e-02 2.047786302864551544e-02 8.863570168614387512e-03 2.228914760053157806e-03 1.085773948580026627e-02 6.558800116181373596e-03 9.397355839610099792e-03 2.100238576531410217e-02 8.458994328975677490e-03 1.870727911591529846e-02 2.233574539422988892e-02 3.482734039425849915e-02 1.134265866130590439e-02 1.718578673899173737e-02 4.766803607344627380e-02 1.780523732304573059e-02 3.009070828557014465e-02 2.778617851436138153e-02 3.084824606776237488e-02 1.491774711757898331e-02 2.084809588268399239e-03 3.163038566708564758e-02 1.905594690470024943e-04 4.732614848762750626e-03 1.258782017976045609e-02 1.463857665657997131e-02 2.511632815003395081e-02 4.538403451442718506e-02 1.667314395308494568e-02 1.121056079864501953e-02 3.701036423444747925e-02 3.314287215471267700e-02 1.162629481405019760e-02 1.483619306236505508e-02 4.733180161565542221e-03 1.335238944739103317e-02 1.052324846386909485e-02 4.303679987788200378e-02 2.290521934628486633e-02 1.414224691689014435e-02 2.185708610340952873e-03 5.013085901737213135e-03 1.124938204884529114e-02 1.202565245330333710e-02 5.834233481436967850e-03 2.072578668594360352e-02 1.214153692126274109e-02 9.486974216997623444e-03 4.432513844221830368e-03 1.549863256514072418e-02 2.230036305263638496e-03 1.064433818100951612e-04 2.230076119303703308e-03 2.757366048172116280e-03 9.850324131548404694e-03 1.093269884586334229e-02 2.734679728746414185e-02 1.945603266358375549e-02 4.184351488947868347e-02 3.410535305738449097e-02 4.504775628447532654e-03 4.286200553178787231e-02 3.733821213245391846e-02 5.427471920847892761e-02 2.805168624036014080e-04 6.673323921859264374e-03 1.444716006517410278e-02 4.068312421441078186e-02 1.921090483665466309e-02 4.686154425144195557e-03 1.941348053514957428e-02 6.863658316433429718e-03 2.110227383673191071e-02 2.553141303360462189e-02 1.546718832105398178e-02 2.844746597111225128e-02 4.977967124432325363e-03 5.262330174446105957e-03 1.140347961336374283e-02 2.447850769385695457e-03 9.143192321062088013e-03 4.790905117988586426e-02 4.782609175890684128e-03 8.622518740594387054e-03 1.588549092411994934e-02 1.545452326536178589e-02 6.549251265823841095e-03 1.229142770171165466e-02 7.444564718753099442e-03 2.043006010353565216e-03 6.880524451844394207e-04 9.247422218322753906e-03 5.408715456724166870e-03 4.252915084362030029e-02
