4.383804798126220703e-01 4.300802201032638550e-02 7.546870969235897064e-03 2.294270321726799011e-03 9.320998564362525940e-03 3.454981744289398193e-02 9.317293763160705566e-03 3.136262297630310059e-02 3.226937353610992432e-02 5.275876726955175400e-03 8.768877387046813965e-02 1.357458438724279404e-02 2.122090756893157959e-02 1.303542405366897583e-02 8.878431282937526703e-03 4.024774208664894104e-02 3.293636068701744080e-02 4.609555751085281372e-02 1.100096106529235840e-02 2.641272917389869690e-02 5.422116816043853760e-02 7.658246438950300217e-03 3.468850627541542053e-02 3.778163716197013855e-02 2.546016499400138855e-02 4.519758000969886780e-02 4.340310022234916687e-02 3.098793141543865204e-02 1.172879710793495178e-02 3.181896358728408813e-02 6.207175180315971375e-02 8.963224478065967560e-03 1.245646923780441284e-02 1.169189903885126114e-02 1.367879565805196762e-02 4.002175852656364441e-02 4.599295556545257568e-02 4.286520183086395264e-03 3.913444001227617264e-03 3.932902961969375610e-02 5.761695094406604767e-03 1.834611035883426666e-02 3.869384527206420898e-02 3.829526156187057495e-02 3.748234361410140991e-02 4.888382926583290100e-02 1.135183963924646378e-02 6.566749420017004013e-03 3.096266835927963257e-02 1.755013316869735718e-02 2.402723580598831177e-02 8.883317001163959503e-03 1.356587372720241547e-02 1.387666631489992142e-02 3.811411559581756592e-02 3.682369366288185120e-02 2.064314857125282288e-02 5.440121982246637344e-03 3.651671111583709717e-02 5.398688092827796936e-02 8.729121647775173187e-03 1.639817282557487488e-02 2.745576761662960052e-02 4.793854057788848877e-02 3.877377370372414589e-03 3.359854966402053833e-02 4.619539715349674225e-03 5.575996637344360352e-02 2.886213362216949463e-02 1.556997839361429214e-02 1.295625977218151093e-02 8.096632664091885090e-04 4.105823487043380737e-02 6.385324057191610336e-03 2.125386614352464676e-03 1.919632405042648315e-02 3.746006265282630920e-02 5.036587268114089966e-02 4.314059391617774963e-02 3.134743124246597290e-02 2.757214009761810303e-02 2.667227387428283691e-02 2.398879639804363251e-02 2.356154285371303558e-02 3.345886990427970886e-02 3.518236801028251648e-02 1.762303523719310760e-02 6.596105545759201050e-02 5.178198218345642090e-02 2.013956196606159210e-02 3.114088810980319977e-02 3.553583472967147827e-02 4.944764659740030766e-04 2.307596430182456970e-02 1.349532045423984528e-02 1.252959109842777252e-02 1.302030961960554123e-02 2.362912148237228394e-02 4.800309985876083374e-02 1.282830350100994110e-02 5.095789581537246704e-02 8.793870219960808754e-04 2.449251525104045868e-02 4.423670098185539246e-02 2.535070851445198059e-02 2.210347168147563934e-02 1.298092026263475418e-02 8.348017930984497070e-03 7.207965478301048279e-03 6.349442899227142334e-02 2.087535150349140167e-02 9.350327774882316589e-03 2.767522633075714111e-02 7.060469686985015869e-02 5.524818319827318192e-03 8.902519010007381439e-03
4.300802201032638550e-02 4.517762362957000732e-01 1.431500911712646484e-02 3.206438571214675903e-02 3.512550145387649536e-02 7.613392174243927002e-02 8.503286167979240417e-03 2.163010649383068085e-02 1.634317636489868164e-02 9.268991649150848389e-03 5.552981793880462646e-02 3.851368278264999390e-02 8.303046226501464844e-02 2.814993634819984436e-02 2.911519818007946014e-02 6.965126958675682545e-04 4.066444933414459229e-02 1.880639046430587769e-02 1.870279200375080109e-02 2.296127192676067352e-02 3.587003098800778389e-03 4.564732313156127930e-02 7.024545688182115555e-03 6.154260132461786270e-03 5.597128346562385559e-02 1.405936013907194138e-02 9.522450156509876251e-03 4.517868906259536743e-02 3.237717226147651672e-02 2.500104717910289764e-02 5.290908366441726685e-02 9.176462888717651367e-03 3.052474185824394226e-02 2.153777331113815308e-02 2.468174137175083160e-02 2.938239835202693939e-02 1.816860027611255646e-02 4.932532086968421936e-03 3.682047501206398010e-02 2.909422665834426880e-02 4.396403208374977112e-02 1.352809462696313858e-02 2.078186534345149994e-02 4.296188999433070421e-04 3.869457915425300598e-02 5.471928045153617859e-02 4.195678606629371643e-02 3.818584978580474854e-02 1.990543492138385773e-02 5.392321385443210602e-03 1.640157029032707214e-02 2.740981057286262512e-02 1.719523780047893524e-02 4.131517559289932251e-02 4.239410534501075745e-02 7.591515313833951950e-03 2.065810840576887131e-03 4.357712343335151672e-02 1.812158152461051941e-02 2.476934343576431274e-03 5.692142248153686523e-02 5.112743750214576721e-02 2.821506373584270477e-02 1.342349126935005188e-02 2.104097418487071991e-02 1.600927673280239105e-03 8.888351731002330780e-03 3.169595263898372650e-03 4.868148267269134521e-02 6.373340636491775513e-02 3.598059713840484619e-02 4.401298705488443375e-03 2.379241399466991425e-02 5.296797677874565125e-02 1.481306273490190506e-02 3.574307262897491455e-02 4.043608531355857849e-02 8.548476034775376320e-04 3.226448968052864075e-02 6.155250966548919678e-02 1.578870788216590881e-02 5.236765369772911072e-02 5.057447403669357300e-02 2.889471873641014099e-02 1.169177517294883728e-02 1.525037270039319992e-02 3.003130666911602020e-02 9.255658835172653198e-03 2.713757753372192383e-02 2.484193816781044006e-02 9.498966392129659653e-04 2.493374235928058624e-02 1.645318418741226196e-02 8.231985382735729218e-03 5.045727360993623734e-03 4.645477235317230225e-02 5.074897408485412598e-02 3.856689110398292542e-02 3.667958453297615051e-02 2.740840613842010498e-02 1.649698428809642792e-02 1.116805151104927063e-02 1.741108857095241547e-02 3.503018245100975037e-02 5.656371265649795532e-02 2.877535484731197357e-02 2.085621841251850128e-02 3.406595811247825623e-02 3.138859942555427551e-02 3.864999860525131226e-02 3.210219740867614746e-02 2.111783251166343689e-02 3.043376840651035309e-02 2.106350002577528358e-04 4.663103073835372925e-02 4.763542860746383667e-02
7.546870969235897064e-03 1.431500911712646484e-02 4.426778852939605713e-01 4.038646817207336426e-02 1.029193624854087830e-01 6.124003604054450989e-02 5.224052071571350098e-02 5.330525711178779602e-02 4.886873066425323486e-02 4.010977596044540405e-02 3.992066904902458191e-02 6.428374326787889004e-04 1.450707204639911652e-02 1.542907021939754486e-02 3.676094859838485718e-02 8.339069783687591553e-03 4.998010769486427307e-02 4.402762651443481445e-02 8.341571316123008728e-03 1.535097416490316391e-02 3.237365931272506714e-02 1.054007909260690212e-03 2.150924690067768097e-02 5.202800035476684570e-02 7.229967974126338959e-03 3.092229180037975311e-02 9.608984738588333130e-02 1.165910251438617706e-02 3.906955569982528687e-02 7.024466991424560547e-03 1.159486547112464905e-02 3.079379163682460785e-02 2.909572049975395203e-02 1.690517738461494446e-02 3.597604483366012573e-02 1.660395413637161255e-02 4.262560606002807617e-02 2.042497741058468819e-03 1.509339176118373871e-02 2.186821214854717255e-02 9.762709960341453552e-03 9.277000091969966888e-03 5.725386552512645721e-03 6.791108846664428711e-02 3.835323732346296310e-03 1.228037290275096893e-02 2.552055008709430695e-02 5.185403861105442047e-03 1.179934479296207428e-02 9.709415026009082794e-03 4.578565806150436401e-02 4.348578862845897675e-03 2.186974696815013885e-02 1.338229700922966003e-02 1.966342516243457794e-02 2.454405883327126503e-03 2.280911989510059357e-02 4.684624075889587402e-02 3.932165354490280151e-02 4.747748840600252151e-03 8.773395791649818420e-03 1.335397455841302872e-02 5.804128944873809814e-03 9.411564096808433533e-03 2.760932408273220062e-02 4.037210717797279358e-02 2.723534032702445984e-02 1.218133419752120972e-02 4.978508502244949341e-02 4.033951088786125183e-03 1.021138112992048264e-02 6.792047526687383652e-03 2.794747054576873779e-02 6.999603472650051117e-03 2.713788487017154694e-02 2.677994221448898315e-02 2.560791000723838806e-02 3.934462368488311768e-02 3.689521923661231995e-02 3.745128586888313293e-02 1.176365166902542114e-01 5.807808786630630493e-02 2.473969012498855591e-02 3.471267595887184143e-02 1.892602816224098206e-02 3.248320519924163818e-02 1.756780967116355896e-02 1.826407015323638916e-02 2.838587760925292969e-02 1.475299894809722900e-02 4.072491079568862915e-02 6.377896293997764587e-03 2.844278141856193542e-02 1.209551375359296799e-02 3.343822807073593140e-02 6.067132111638784409e-03 4.131432622671127319e-02 4.635694250464439392e-02 4.179103299975395203e-03 4.783164709806442261e-02 2.187472768127918243e-02 1.606309972703456879e-02 2.230709046125411987e-02 2.827594056725502014e-02 2.412443235516548157e-02 3.365949541330337524e-02 4.147094860672950745e-02 1.593490131199359894e-02 1.904598670080304146e-03 5.322505906224250793e-02 4.688285291194915771e-02 4.805983230471611023e-02 3.976058959960937500e-02 7.826338522136211395e-03 3.845374099910259247e-03 4.590931162238121033e-02
2.294270321726799011e-03 3.206438571214675903e-02 4.038646817207336426e-02 4.694183468818664551e-01 1.431572884321212769e-01 3.288778662681579590e-02 2.031633071601390839e-02 3.362294286489486694e-03 2.963144332170486450e-02 1.337241381406784058e-02 3.141250088810920715e-02 5.285352841019630432e-02 2.839923091232776642e-02 4.690936952829360962e-02 4.505655169486999512e-02 4.253853112459182739e-02 3.656185790896415710e-02 1.150720566511154175e-02 2.612409554421901703e-02 4.219032078981399536e-02 4.585338383913040161e-02 1.668383181095123291e-02 1.997657679021358490e-02 5.760600790381431580e-02 7.173654157668352127e-03 1.819476485252380371e-02 3.406364098191261292e-02 4.392459988594055176e-03 9.589808760210871696e-04 2.253818139433860779e-02 7.314198184758424759e-03 2.877232618629932404e-02 5.726314708590507507e-02 1.760721206665039062e-02 2.750490233302116394e-02 4.627207294106483459e-02 4.042417928576469421e-02 8.696025237441062927e-03 5.518416687846183777e-02 5.521615222096443176e-02 2.929795719683170319e-02 2.932437509298324585e-02 1.938334107398986816e-02 7.769977673888206482e-03 3.610651008784770966e-03 4.592842608690261841e-02 3.039625659584999084e-02 3.260292485356330872e-02 3.145079687237739563e-02 1.788345165550708771e-02 1.257266942411661148e-02 2.586367353796958923e-02 3.182749822735786438e-02 3.960502799600362778e-03 4.513834044337272644e-02 1.957240886986255646e-02 5.440632626414299011e-02 3.026819974184036255e-02 3.649609535932540894e-02 1.238620746880769730e-02 5.905742198228836060e-02 3.969007730484008789e-02 3.599807620048522949e-02 2.551751397550106049e-02 1.954381726682186127e-02 1.175561640411615372e-02 2.842559479176998138e-02 3.597195819020271301e-02 1.570556685328483582e-02 2.857571281492710114e-02 3.418340161442756653e-02 4.883650690317153931e-02 9.537106752395629883e-02 2.023980394005775452e-02 2.908236533403396606e-02 3.070193342864513397e-02 2.858939580619335175e-03 2.293344959616661072e-02 3.491621464490890503e-02 1.680533215403556824e-02 3.455855697393417358e-02 5.159955844283103943e-02 1.767119765281677246e-02 3.752794116735458374e-02 4.215360060334205627e-02 2.572407014667987823e-02 3.350520133972167969e-02 4.132374748587608337e-02 4.813110083341598511e-02 5.884906277060508728e-03 4.849481210112571716e-02 2.621085196733474731e-02 1.555647887289524078e-02 3.084794245660305023e-02 2.922736667096614838e-02 1.122986525297164917e-02 9.529418312013149261e-03 1.865488104522228241e-02 1.544433616800233722e-04 1.186364144086837769e-02 5.380385741591453552e-02 6.321739871054887772e-03 3.633666038513183594e-02 5.543094500899314880e-02 4.992344416677951813e-03 7.832540199160575867e-03 2.021231129765510559e-02 7.909687235951423645e-03 4.033269360661506653e-02 2.305233478546142578e-02 2.038961462676525116e-02 4.123556613922119141e-02 4.741025343537330627e-02 2.229745313525199890e-02 1.975285413209348917e-04 6.319519132375717163e-03
9.320998564362525940e-03 3.512550145387649536e-02 1.029193624854087830e-01 1.431572884321212769e-01 4.561052024364471436e-01 1.543005742132663727e-02 3.132878243923187256e-02 9.674013592302799225e-03 2.894565649330615997e-02 2.713794633746147156e-02 2.870898135006427765e-02 5.156477540731430054e-02 2.822276204824447632e-02 2.466786839067935944e-02 2.128577046096324921e-02 3.154882043600082397e-02 5.388782173395156860e-02 2.613811567425727844e-02 2.530635148286819458e-02 2.941128984093666077e-02 3.932461887598037720e-02 6.124155130237340927e-03 4.974530637264251709e-02 7.464610040187835693e-02 2.259997464716434479e-02 1.510673109441995621e-02 5.876671895384788513e-02 1.312514115124940872e-02 3.205785900354385376e-02 4.845762252807617188e-02 5.040419846773147583e-02 5.009367316961288452e-02 3.523922339081764221e-02 3.274309262633323669e-02 1.102689001709222794e-02 2.642728015780448914e-02 4.575301706790924072e-02 2.889243140816688538e-02 9.568130970001220703e-02 6.580202281475067139e-02 4.668469727039337158e-02 4.740238934755325317e-02 1.242135744541883469e-02 1.967144384980201721e-02 1.023559458553791046e-02 9.962095879018306732e-03 4.245099052786827087e-02 2.622924186289310455e-02 2.087295241653919220e-02 5.115767195820808411e-02 1.754718273878097534e-02 8.228101767599582672e-03 3.783793002367019653e-02 2.865810506045818329e-02 1.237695850431919098e-02 1.358162332326173782e-02 1.659085601568222046e-02 3.312513232231140137e-02 6.649290770292282104e-02 2.730129286646842957e-03 8.249394595623016357e-03 3.293163329362869263e-02 3.825660329312086105e-03 8.102341555058956146e-03 8.638393133878707886e-03 4.616301879286766052e-02 2.358835004270076752e-02 3.430180251598358154e-02 4.276891797780990601e-02 2.899961313232779503e-03 2.845519594848155975e-02 1.024975161999464035e-02 8.553068339824676514e-02 4.088493809103965759e-02 1.049499362707138062e-01 1.020263507962226868e-02 3.594683110713958740e-02 1.791904494166374207e-02 8.258876390755176544e-03 3.628095984458923340e-02 3.415311872959136963e-02 1.692388020455837250e-02 2.089870907366275787e-02 2.009345032274723053e-02 2.978559210896492004e-02 5.051736533641815186e-02 8.979954756796360016e-03 3.528532013297080994e-02 2.334660664200782776e-02 4.646957665681838989e-02 2.261220477521419525e-02 4.919162765145301819e-02 4.716012626886367798e-03 4.527697712182998657e-02 1.322075072675943375e-02 3.563871979713439941e-02 9.806809015572071075e-03 1.475310325622558594e-02 1.911652088165283203e-02 1.874299906194210052e-02 4.987640678882598877e-02 7.764759939163923264e-03 1.354663446545600891e-02 1.260759681463241577e-02 3.193873562850058079e-04 2.936219051480293274e-02 2.770920470356941223e-02 1.459486037492752075e-02 2.981794811785221100e-02 2.408798970282077789e-02 3.632926195859909058e-02 1.819405145943164825e-02 1.408024574629962444e-03 4.432016238570213318e-02 2.376548200845718384e-02 4.471863433718681335e-02
3.454981744289398193e-02 7.613392174243927002e-02 6.124003604054450989e-02 3.288778662681579590e-02 1.543005742132663727e-02 4.358114004135131836e-01 5.764625594019889832e-02 1.737752929329872131e-02 4.170512408018112183e-02 2.307516522705554962e-02 2.105254493653774261e-02 5.652168393135070801e-02 4.362043738365173340e-02 1.569156162440776825e-02 2.623108774423599243e-02 5.060225725173950195e-02 9.276685304939746857e-03 9.488908573985099792e-03 1.132116094231605530e-02 2.825722470879554749e-02 1.787211163900792599e-03 4.547743126749992371e-02 1.906433317344635725e-04 3.180323913693428040e-02 7.744208443909883499e-03 2.851300127804279327e-02 2.393103204667568207e-02 9.569512307643890381e-02 3.000364266335964203e-02 4.249373823404312134e-02 2.668183064088225365e-03 4.334760829806327820e-02 4.604987427592277527e-02 4.829887300729751587e-02 1.756724156439304352e-02 3.235000371932983398e-02 3.673127666115760803e-02 1.839409209787845612e-02 3.159317746758460999e-02 4.784903139807283878e-04 1.202356815338134766e-02 3.829275071620941162e-02 1.605340279638767242e-02 1.562504097819328308e-02 9.171251207590103149e-03 1.069451123476028442e-02 3.624971257522702217e-03 8.031009696424007416e-03 2.430739253759384155e-02 2.609211765229701996e-02 3.737916424870491028e-02 6.872140616178512573e-02 1.039099041372537613e-02 2.210611663758754730e-02 3.022553212940692902e-02 4.146980494260787964e-02 2.766449749469757080e-02 1.563837192952632904e-02 3.090828843414783478e-02 2.774739824235439301e-02 5.901939421892166138e-02 3.646319359540939331e-02 1.943122595548629761e-02 1.696855016052722931e-02 3.497945144772529602e-02 2.037247875705361366e-03 3.919834271073341370e-02 2.208998985588550568e-02 2.502091228961944580e-02 1.350506674498319626e-02 1.616608165204524994e-02 7.493048906326293945e-03 4.949732497334480286e-02 4.099697247147560120e-02 3.073090314865112305e-02 2.051461860537528992e-02 1.992845442146062851e-03 3.488905355334281921e-02 2.353883162140846252e-02 1.192082185298204422e-03 9.900412522256374359e-03 3.664161264896392822e-02 5.357655463740229607e-04 2.031162939965724945e-02 8.267618715763092041e-03 1.619831891730427742e-03 3.829239308834075928e-02 1.088493596762418747e-02 3.868496045470237732e-02 3.469421342015266418e-02 4.733204469084739685e-02 3.748125210404396057e-02 1.914523541927337646e-02 4.710912331938743591e-02 4.612295702099800110e-02 4.792179446667432785e-03 2.914377674460411072e-02 8.178042247891426086e-03 2.265753038227558136e-02 3.415356948971748352e-02 1.343169808387756348e-02 9.778145467862486839e-04 3.151549259200692177e-03 3.327401727437973022e-02 2.220998145639896393e-02 1.728308619931340218e-03 2.788320416584610939e-03 1.685635559260845184e-02 5.991097074002027512e-03 3.253206610679626465e-02 3.908928483724594116e-02 3.097925521433353424e-02 2.865907177329063416e-02 3.013417124748229980e-03 3.061057999730110168e-02 3.276221081614494324e-02
9.317293763160705566e-03 8.503286167979240417e-03 5.224052071571350098e-02 2.031633071601390839e-02 3.132878243923187256e-02 5.764625594019889832e-02 4.443268775939941406e-01 3.816135227680206299e-02 1.486506499350070953e-02 3.683010861277580261e-02 1.672587916254997253e-02 4.831520095467567444e-02 1.422499772161245346e-04 7.700361311435699463e-03 3.962767869234085083e-02 8.001901209354400635e-03 3.869736194610595703e-02 4.379425942897796631e-02 2.295250445604324341e-02 3.635787591338157654e-02 2.131560072302818298e-02 9.384109824895858765e-02 6.979918479919433594e-02 3.985679522156715393e-02 1.931723207235336304e-02 1.753704994916915894e-02 6.120177730917930603e-02 1.293036621063947678e-02 5.124726891517639160e-02 3.427084162831306458e-02 6.698570679873228073e-03 1.236139144748449326e-02 1.865508966147899628e-02 9.444148279726505280e-03 3.662431612610816956e-02 4.256756231188774109e-02 3.121562302112579346e-02 3.782440721988677979e-02 1.242206525057554245e-02 9.407494217157363892e-03 1.559274643659591675e-02 2.817046456038951874e-02 2.557847462594509125e-02 1.632731966674327850e-02 3.008887544274330139e-02 1.051247352734208107e-03 4.403280466794967651e-02 7.603284716606140137e-02 1.789404265582561493e-02 2.176302671432495117e-02 3.744783252477645874e-02 1.255585532635450363e-02 1.070826128125190735e-02 8.348257280886173248e-03 4.048211127519607544e-02 1.491406932473182678e-02 3.294294700026512146e-02 2.829980105161666870e-02 2.394820749759674072e-02 4.018721729516983032e-02 3.017909592017531395e-03 4.566710442304611206e-02 3.332498716190457344e-03 2.540076896548271179e-02 3.600165620446205139e-02 1.452104747295379639e-02 3.814344853162765503e-02 1.232030894607305527e-02 4.119627550244331360e-02 4.424213990569114685e-02 4.575644806027412415e-02 2.750498056411743164e-02 7.899106480181217194e-03 1.252167019993066788e-02 4.717813432216644287e-02 7.950553554110229015e-04 2.069662325084209442e-02 4.711636155843734741e-02 1.986716687679290771e-02 5.563419684767723083e-02 2.322583831846714020e-02 1.474363962188363075e-03 6.687131244689226151e-03 1.525311172008514404e-02 3.166456520557403564e-02 2.616069838404655457e-02 3.039327636361122131e-02 4.565411433577537537e-02 7.127483189105987549e-02 2.348303422331809998e-02 4.326863563619554043e-04 2.858566679060459137e-02 7.125633209943771362e-02 1.587317325174808502e-02 1.045718416571617126e-02 8.876658044755458832e-03 2.239528857171535492e-02 3.210475295782089233e-02 1.885569468140602112e-02 1.472111698240041733e-02 2.701569721102714539e-02 2.657031454145908356e-02 4.875452257692813873e-03 4.671074077486991882e-02 2.487367950379848480e-02 5.648999661207199097e-02 4.840550571680068970e-02 1.423117984086275101e-02 4.699834622442722321e-03 1.836984045803546906e-02 2.193771488964557648e-02 1.673233322799205780e-02 2.620381489396095276e-02 3.472803533077239990e-02 4.733989015221595764e-02 3.814507508650422096e-03
3.136262297630310059e-02 2.163010649383068085e-02 5.330525711178779602e-02 3.362294286489486694e-03 9.674013592302799225e-03 1.737752929329872131e-02 3.816135227680206299e-02 4.457415342330932617e-01 2.235573157668113708e-02 4.313706606626510620e-02 1.629455760121345520e-02 1.941459253430366516e-02 5.013548769056797028e-03 1.364186499267816544e-02 2.704971656203269958e-02 1.519818883389234543e-02 4.254931956529617310e-02 8.131878450512886047e-03 1.486760936677455902e-02 3.443596512079238892e-02 3.878170996904373169e-02 5.692378059029579163e-02 4.587225615978240967e-02 2.226618863642215729e-02 3.286904841661453247e-02 1.690529519692063332e-03 1.333124702796339989e-03 3.647657111287117004e-02 4.910442978143692017e-02 3.963420540094375610e-02 4.408206045627593994e-02 4.332584887742996216e-02 4.534262232482433319e-03 3.699573874473571777e-02 2.226955071091651917e-02 1.513366959989070892e-02 3.252448514103889465e-02 5.487018823623657227e-02 9.873907081782817841e-03 1.946926303207874298e-02 1.671492308378219604e-02 4.345839470624923706e-02 2.042118646204471588e-02 2.337365970015525818e-02 1.626049354672431946e-02 2.506197895854711533e-03 4.230314120650291443e-02 2.782624587416648865e-02 3.746839985251426697e-02 9.376608068123459816e-04 7.778726518154144287e-02 6.981007009744644165e-02 3.626242652535438538e-02 3.020655922591686249e-02 1.911257766187191010e-02 4.250997677445411682e-02 2.151349373161792755e-02 1.551735913380980492e-03 7.462464738637208939e-03 2.827369607985019684e-02 9.858751669526100159e-03 2.400628104805946350e-02 6.999718490988016129e-03 6.483991164714097977e-03 2.326200157403945923e-02 3.950874134898185730e-02 2.242003381252288818e-02 2.716133184731006622e-02 2.751212194561958313e-02 1.869924180209636688e-02 9.095577523112297058e-03 1.924400404095649719e-02 1.541009731590747833e-02 2.748222649097442627e-02 3.757048398256301880e-02 3.242167457938194275e-02 4.126723483204841614e-02 4.309876635670661926e-02 5.052712559700012207e-02 2.847881801426410675e-02 2.204674929380416870e-01 6.751683354377746582e-02 5.006216466426849365e-03 1.151214260607957840e-02 3.413992002606391907e-03 1.617396264919079840e-05 1.192698106169700623e-01 7.109265029430389404e-02 1.563651370815932751e-03 5.069660022854804993e-03 1.983051747083663940e-02 2.405046485364437103e-02 3.915061801671981812e-02 6.822022609412670135e-03 3.539349883794784546e-02 1.532809622585773468e-02 2.741085365414619446e-03 2.877532318234443665e-02 2.305212663486599922e-03 3.382249176502227783e-02 1.569170970469713211e-03 5.054102465510368347e-02 3.276382759213447571e-02 1.708423718810081482e-02 3.758500516414642334e-02 3.486932441592216492e-02 2.701855450868606567e-02 3.776562958955764771e-02 6.757824122905731201e-02 2.190070226788520813e-02 1.800679787993431091e-02 5.851378664374351501e-03 1.669909991323947906e-02 2.112099714577198029e-02 1.992685720324516296e-02 1.561186369508504868e-02
3.226937353610992432e-02 1.634317636489868164e-02 4.886873066425323486e-02 2.963144332170486450e-02 2.894565649330615997e-02 4.170512408018112183e-02 1.486506499350070953e-02 2.235573157668113708e-02 4.440133869647979736e-01 1.747889257967472076e-02 2.183675393462181091e-02 5.966983735561370850e-02 1.910596340894699097e-02 8.968364447355270386e-03 3.418321534991264343e-02 9.750424884259700775e-03 2.310298150405287743e-03 3.379565477371215820e-02 7.655526511371135712e-03 3.069803677499294281e-02 2.990741468966007233e-02 1.610652916133403778e-02 1.129951979964971542e-02 1.547202747315168381e-02 2.960017696022987366e-02 4.354066774249076843e-02 2.157728001475334167e-02 2.352379495278000832e-03 1.362158800475299358e-03 2.998352050781250000e-02 2.911361679434776306e-02 2.185330353677272797e-02 3.480860963463783264e-02 3.249973803758621216e-02 4.933792352676391602e-02 1.217094436287879944e-02 3.586404398083686829e-02 7.089103572070598602e-03 4.689952731132507324e-02 3.793142735958099365e-02 2.275397628545761108e-02 2.006699144840240479e-02 1.493257656693458557e-02 3.166320174932479858e-02 4.715968668460845947e-02 1.185652799904346466e-02 2.806855551898479462e-02 2.821599133312702179e-02 7.307518273591995239e-02 5.694221705198287964e-03 1.873986981809139252e-02 1.004092302173376083e-02 2.520741522312164307e-02 1.348697766661643982e-02 6.180345639586448669e-02 2.079118601977825165e-02 5.994433909654617310e-02 1.185230724513530731e-02 1.626389101147651672e-02 3.492588177323341370e-02 2.760861814022064209e-02 1.395685039460659027e-02 7.840802893042564392e-03 3.254456818103790283e-02 5.554210022091865540e-02 4.774199053645133972e-02 1.195873133838176727e-03 4.709400236606597900e-02 4.857684951275587082e-03 1.711747609078884125e-02 5.172314867377281189e-02 6.493916735053062439e-03 5.964567419141530991e-03 2.173612266778945923e-02 5.043982993811368942e-03 1.966273412108421326e-02 1.674878001213073730e-01 5.685517936944961548e-02 4.870348144322633743e-03 5.704429373145103455e-02 5.578638613224029541e-02 2.159338258206844330e-02 1.590808108448982239e-02 2.424997836351394653e-02 1.032850891351699829e-02 1.436271145939826965e-02 3.712580353021621704e-02 1.216995902359485626e-02 3.230547532439231873e-02 3.766316920518875122e-02 2.145143412053585052e-02 4.215658828616142273e-02 3.618535771965980530e-02 1.511766016483306885e-02 5.163498688489198685e-03 4.971079761162400246e-04 4.686642438173294067e-02 3.647182881832122803e-02 1.698607020080089569e-02 1.734115183353424072e-03 1.427333243191242218e-02 7.997534237802028656e-03 6.843551993370056152e-03 6.970526184886693954e-03 1.764667918905615807e-03 1.557652465999126434e-02 5.982328578829765320e-02 3.730931505560874939e-02 9.100765921175479889e-03 2.942474000155925751e-02 1.059856172651052475e-02 5.118090193718671799e-04 4.051275923848152161e-02 3.833976387977600098e-02 2.350917831063270569e-02 1.268612314015626907e-02
5.275876726955175400e-03 9.268991649150848389e-03 4.010977596044540405e-02 1.337241381406784058e-02 2.713794633746147156e-02 2.307516522705554962e-02 3.683010861277580261e-02 4.313706606626510620e-02 1.747889257967472076e-02 4.661166071891784668e-01 9.874256327748298645e-03 4.656328819692134857e-03 4.183665663003921509e-02 4.499542713165283203e-02 4.406379908323287964e-02 4.867475852370262146e-02 1.210102625191211700e-02 2.392998710274696350e-02 5.770515650510787964e-02 8.205714635550975800e-03 1.657120883464813232e-02 9.174684993922710419e-03 3.224780037999153137e-02 7.688598707318305969e-03 2.388284308835864067e-03 9.452965110540390015e-03 4.920132830739021301e-02 4.797667637467384338e-02 3.686132607981562614e-03 7.424500770866870880e-03 1.457110513001680374e-02 3.006124682724475861e-02 4.245358053594827652e-03 3.425503149628639221e-02 2.762015350162982941e-02 1.693607307970523834e-02 3.353079408407211304e-02 4.082863777875900269e-02 3.347736224532127380e-02 9.409249760210514069e-03 4.030019417405128479e-02 1.313432771712541580e-02 2.195461466908454895e-02 1.812617667019367218e-02 3.596244752407073975e-02 3.495933488011360168e-02 4.316917434334754944e-02 1.102417521178722382e-02 4.270620644092559814e-02 9.201321750879287720e-03 3.016836568713188171e-02 7.791509851813316345e-04 1.284617092460393906e-02 4.016789048910140991e-02 3.319466114044189453e-02 4.428785666823387146e-02 1.856613904237747192e-02 6.202014163136482239e-02 8.907726150937378407e-04 1.091811619699001312e-02 1.972715929150581360e-02 2.214915677905082703e-02 5.177080631256103516e-02 1.427448168396949768e-02 4.131216555833816528e-02 1.845185458660125732e-02 2.043436281383037567e-03 9.562476538121700287e-03 3.724509477615356445e-02 6.742537487298250198e-03 2.050644159317016602e-02 1.342898607254028320e-02 1.329690497368574142e-02 5.652906745672225952e-02 1.186449360102415085e-02 1.801925711333751678e-02 5.686827003955841064e-03 1.158863827586174011e-01 2.369717136025428772e-02 7.988040894269943237e-02 4.142089560627937317e-02 4.428274556994438171e-02 3.487338498234748840e-02 9.392671287059783936e-02 3.004681691527366638e-02 1.154544297605752945e-02 8.318466134369373322e-03 1.623839372768998146e-03 4.130736365914344788e-02 8.065667003393173218e-02 2.278535813093185425e-02 5.302345380187034607e-04 1.223640888929367065e-02 8.941608481109142303e-03 1.941323280334472656e-02 4.013695567846298218e-02 6.741799414157867432e-02 2.799027599394321442e-02 6.598627194762229919e-03 2.808782458305358887e-02 1.810593344271183014e-02 1.309661753475666046e-02 1.109227538108825684e-02 3.437432274222373962e-02 1.814015209674835205e-03 1.349997054785490036e-02 3.566389903426170349e-02 1.429977919906377792e-02 2.294965833425521851e-02 2.785701863467693329e-02 3.485242277383804321e-02 1.296067377552390099e-03 3.819739446043968201e-02 3.909803926944732666e-02 3.144665062427520752e-02 3.638295084238052368e-02
8.768877387046813965e-02 5.552981793880462646e-02 3.992066904902458191e-02 3.141250088810920715e-02 2.870898135006427765e-02 2.105254493653774261e-02 1.672587916254997253e-02 1.629455760121345520e-02 2.183675393462181091e-02 9.874256327748298645e-03 4.467955529689788818e-01 1.254973933100700378e-03 1.021473407745361328e-01 3.021357208490371704e-02 1.781139336526393890e-02 4.003188014030456543e-02 3.763888776302337646e-02 3.045934019610285759e-03 4.684636660385876894e-04 2.585298754274845123e-02 1.440759189426898956e-02 4.785570874810218811e-02 7.720388006418943405e-03 4.148579761385917664e-02 4.971641674637794495e-02 8.840100467205047607e-02 2.371177449822425842e-02 3.135648742318153381e-02 3.692597150802612305e-02 5.220282357186079025e-03 2.749517746269702911e-02 5.748043581843376160e-02 3.673059865832328796e-02 4.326689988374710083e-02 2.229060046374797821e-02 2.879518084228038788e-02 4.654204472899436951e-02 5.247670412063598633e-02 5.335885658860206604e-02 3.066353313624858856e-02 6.846510339528322220e-03 1.805349811911582947e-02 4.341271892189979553e-02 2.733062952756881714e-02 3.691429505124688148e-03 1.579533517360687256e-02 1.233122497797012329e-02 1.758242957293987274e-02 2.407099865376949310e-02 3.701106458902359009e-02 2.100811153650283813e-02 2.227954193949699402e-02 1.337879057973623276e-02 1.221221406012773514e-02 4.275027662515640259e-02 4.531771410256624222e-03 2.627402171492576599e-02 2.187724784016609192e-02 2.632190473377704620e-02 1.330129709094762802e-02 5.285611376166343689e-02 3.468274697661399841e-02 1.972980424761772156e-02 8.061018772423267365e-03 9.691815078258514404e-02 3.032572753727436066e-02 5.564682651311159134e-03 4.514797404408454895e-02 2.980174683034420013e-02 1.671316474676132202e-02 5.675761960446834564e-03 1.019403152167797089e-02 3.736250102519989014e-02 1.352056767791509628e-02 5.984014365822076797e-03 1.317671150900423527e-03 4.059422016143798828e-02 4.296006169170141220e-03 4.608830437064170837e-02 1.954852044582366943e-02 1.000722404569387436e-03 2.152010425925254822e-02 4.024971276521682739e-02 1.581164635717868805e-02 1.227839011698961258e-02 3.163387253880500793e-02 1.978308707475662231e-02 3.887937217950820923e-02 4.054328054189682007e-02 1.041838550008833408e-03 1.735449396073818207e-02 2.943802066147327423e-02 4.156393185257911682e-02 2.176636457443237305e-02 1.230380311608314514e-02 3.354984894394874573e-02 3.296635299921035767e-02 4.470938444137573242e-02 4.498646035790443420e-02 2.268553525209426880e-02 2.092060446739196777e-02 7.254775147885084152e-03 8.024875819683074951e-02 1.594923250377178192e-02 4.473775625228881836e-02 5.051012709736824036e-02 2.465346083045005798e-02 2.100688219070434570e-02 1.064283493906259537e-02 2.734871953725814819e-02 3.656215965747833252e-02 4.639058373868465424e-03 2.184477262198925018e-02 2.010914497077465057e-02 6.882882863283157349e-02 4.301659017801284790e-02
1.357458438724279404e-02 3.851368278264999390e-02 6.428374326787889004e-04 5.285352841019630432e-02 5.156477540731430054e-02 5.652168393135070801e-02 4.831520095467567444e-02 1.941459253430366516e-02 5.966983735561370850e-02 4.656328819692134857e-03 1.254973933100700378e-03 4.660195410251617432e-01 1.738000102341175079e-02 1.690162271261215210e-01 1.573875918984413147e-02 5.201818048954010010e-02 3.353674337267875671e-02 3.384247422218322754e-02 3.896740032359957695e-03 4.739891365170478821e-02 4.632954671978950500e-02 8.423388749361038208e-02 5.486120283603668213e-02 6.326904892921447754e-02 5.287267267704010010e-02 2.028975449502468109e-02 5.730699002742767334e-02 2.054798183962702751e-03 1.856122538447380066e-02 4.885943606495857239e-02 3.099931590259075165e-02 3.143289312720298767e-02 2.135101146996021271e-02 4.561291635036468506e-02 2.585401199758052826e-02 7.223891559988260269e-03 1.856393297202885151e-03 5.224274471402168274e-02 1.033663563430309296e-02 1.379135716706514359e-02 1.257531344890594482e-02 5.248282104730606079e-03 8.093470707535743713e-03 3.487235307693481445e-02 1.515558063983917236e-01 1.079692095518112183e-01 6.012509763240814209e-02 1.779210753738880157e-02 5.228467658162117004e-02 1.483823638409376144e-03 8.122717030346393585e-03 4.612654075026512146e-02 2.233180403709411621e-02 2.073899284005165100e-02 4.221542924642562866e-02 1.924119191244244576e-03 1.895087398588657379e-02 1.553306728601455688e-02 5.324036814272403717e-03 3.166197985410690308e-02 8.712229318916797638e-03 2.540233917534351349e-02 4.719189181923866272e-02 5.617781355977058411e-02 3.013662761077284813e-03 2.392603084444999695e-03 3.628324344754219055e-02 3.098044171929359436e-02 5.210916977375745773e-03 3.464330360293388367e-02 2.170773781836032867e-02 5.370388180017471313e-02 3.867172822356224060e-02 3.643571957945823669e-02 2.607252448797225952e-03 3.852136805653572083e-02 1.820895634591579437e-02 1.180617325007915497e-02 2.691347710788249969e-02 3.527274355292320251e-02 1.675152592360973358e-02 4.541294649243354797e-02 1.184980850666761398e-02 3.228860348463058472e-02 6.287717260420322418e-03 3.235479444265365601e-02 2.328110300004482269e-02 2.638893015682697296e-02 4.344401508569717407e-02 6.457829847931861877e-03 2.189871156588196754e-03 3.400664031505584717e-02 1.885546743869781494e-02 5.134000256657600403e-02 4.262492805719375610e-02 1.620103418827056885e-02 7.826302200555801392e-03 6.282354239374399185e-03 2.627407014369964600e-02 3.219292266294360161e-03 3.454850614070892334e-02 1.039847452193498611e-02 1.873580366373062134e-02 5.428447946906089783e-02 3.867771103978157043e-02 4.062873870134353638e-02 2.749342098832130432e-02 4.520641639828681946e-02 4.091598838567733765e-02 3.889120742678642273e-02 4.627222567796707153e-02 5.591597035527229309e-02 9.342241100966930389e-03 1.012485660612583160e-02 1.454933825880289078e-02 4.549581184983253479e-02
2.122090756893157959e-02 8.303046226501464844e-02 1.450707204639911652e-02 2.839923091232776642e-02 2.822276204824447632e-02 4.362043738365173340e-02 1.422499772161245346e-04 5.013548769056797028e-03 1.910596340894699097e-02 4.183665663003921509e-02 1.021473407745361328e-01 1.738000102341175079e-02 4.519382119178771973e-01 2.125176042318344116e-02 2.143251942470669746e-03 3.441308438777923584e-02 5.141370743513107300e-02 3.816746547818183899e-02 2.733869105577468872e-02 3.420279920101165771e-02 4.634052887558937073e-02 5.544634163379669189e-02 4.290888458490371704e-02 2.112072147428989410e-02 2.662775805220007896e-03 3.761343657970428467e-02 1.175356470048427582e-02 3.013678360730409622e-03 2.908829227089881897e-02 4.535099491477012634e-02 6.126226857304573059e-02 4.898522049188613892e-02 1.861808821558952332e-03 2.200703881680965424e-02 1.950804702937602997e-02 2.568812482059001923e-02 6.893679965287446976e-03 4.566914401948451996e-03 3.769289702177047729e-02 1.827092492021620274e-03 4.847043752670288086e-02 1.729210652410984039e-02 8.562670089304447174e-03 3.907071426510810852e-02 3.368292003870010376e-02 1.969080418348312378e-03 8.995339274406433105e-03 1.558868028223514557e-02 4.738917574286460876e-02 3.126061707735061646e-02 4.146907851099967957e-02 1.428670156747102737e-02 4.193037282675504684e-03 5.339293740689754486e-03 1.560523640364408493e-02 4.946696385741233826e-02 2.462057769298553467e-02 4.447414726018905640e-02 4.284660145640373230e-02 1.965918764472007751e-02 3.478296101093292236e-02 3.989097848534584045e-02 8.740369812585413456e-04 2.425985783338546753e-02 6.169602274894714355e-02 7.648211717605590820e-02 6.056057754904031754e-03 4.324698075652122498e-02 3.213297203183174133e-02 2.495211362838745117e-02 1.364705618470907211e-02 6.910649687051773071e-02 4.889851808547973633e-02 1.436091307550668716e-02 4.869693517684936523e-02 1.318772509694099426e-02 2.626806031912565231e-03 4.858157411217689514e-02 1.115390751510858536e-02 7.345543708652257919e-03 2.554762922227382660e-02 1.268938370048999786e-02 3.108813986182212830e-02 1.210468634963035583e-02 7.284100167453289032e-03 4.484539851546287537e-02 9.779610671103000641e-03 2.138742711395025253e-03 9.561366401612758636e-03 9.596789255738258362e-03 1.489827036857604980e-02 2.271838299930095673e-02 5.837484076619148254e-02 5.866847187280654907e-02 3.849930316209793091e-02 1.271749194711446762e-02 5.020795762538909912e-02 3.733419999480247498e-02 3.517903387546539307e-02 1.686797663569450378e-02 2.116496302187442780e-02 2.508966438472270966e-02 1.679628714919090271e-02 4.302608594298362732e-02 2.814156375825405121e-02 1.499178446829319000e-02 3.415099158883094788e-02 3.281284868717193604e-02 4.247136414051055908e-02 2.684269286692142487e-02 4.757338669151067734e-03 4.981577023863792419e-02 4.626721143722534180e-02 5.270432680845260620e-02 4.772076755762100220e-02 1.276470441371202469e-02
