5.131515860557556152e-01 1.381689608097076416e-01 2.811204642057418823e-02 3.252583742141723633e-02 3.544153645634651184e-02 6.831397861242294312e-02 3.656298294663429260e-02 4.380625858902931213e-02 1.871741563081741333e-02 2.068755030632019043e-02 1.379545480012893677e-01 2.415552176535129547e-02 7.377158105373382568e-02 4.248233884572982788e-02 2.789240330457687378e-02 3.450964391231536865e-02 2.868597395718097687e-02 3.940536081790924072e-02 2.184727042913436890e-02 1.253215502947568893e-02 3.444782644510269165e-02 1.429894100874662399e-02 2.210585027933120728e-02 2.391434088349342346e-02 1.428784243762493134e-02 2.429239638149738312e-02 1.420478802174329758e-03 1.505740731954574585e-02 6.116983667016029358e-02 1.349192857742309570e-02 1.715130172669887543e-02 3.669457882642745972e-02 8.792402222752571106e-03 1.992383913602679968e-04 4.030703008174896240e-02 3.298317641019821167e-02 1.805967278778553009e-02 1.104254624806344509e-03 4.563655238598585129e-03 2.086256258189678192e-02 5.964085087180137634e-02 4.086060076951980591e-02 3.594556823372840881e-02 3.637106716632843018e-02 2.831744216382503510e-02 4.058294743299484253e-02 4.223065078258514404e-02 3.250965476036071777e-02 3.028160426765680313e-03 2.738490514457225800e-02 2.948910929262638092e-03 7.495343219488859177e-03 4.147914797067642212e-02 5.063403770327568054e-02 1.500501576811075211e-02 7.258621044456958771e-04 1.517104357481002808e-02 6.617095321416854858e-03 1.402078079991042614e-03 2.179828099906444550e-02 1.677982159890234470e-03 1.011392008513212204e-02 4.260412603616714478e-02 4.456149786710739136e-02 3.132687509059906006e-02 6.051485543139278889e-04 1.388155668973922729e-02 3.266464546322822571e-02 2.498040162026882172e-02 2.805361710488796234e-02 6.510942243039608002e-03 2.471472322940826416e-02 3.790179733186960220e-03 1.422990672290325165e-02 2.598577365279197693e-02 4.226869437843561172e-03 5.887928418815135956e-03 1.664520613849163055e-02 1.617568731307983398e-02 3.408721461892127991e-02 2.557639405131340027e-02 2.187344059348106384e-02 1.603787392377853394e-02 1.903908909298479557e-03 2.113465778529644012e-02 1.725539378821849823e-02 2.097093686461448669e-02 5.831650272011756897e-02 1.610789261758327484e-02 5.344532057642936707e-02 3.271523118019104004e-02 9.414695203304290771e-03 1.631289836950600147e-03 3.713738545775413513e-02 2.441502362489700317e-02 5.223124474287033081e-02 3.242540359497070312e-02 3.705669566988945007e-02 4.168134182691574097e-02 4.561025276780128479e-02 4.916757810860872269e-03 6.133351940661668777e-03 5.002859234809875488e-02 3.523849323391914368e-02 5.304670426994562149e-03 2.380395866930484772e-02 9.413961321115493774e-03 9.679481387138366699e-03 4.458551108837127686e-02 7.730298675596714020e-03 1.293266005814075470e-02 1.036767149344086647e-03 4.419005289673805237e-02 5.044925212860107422e-02 2.862013317644596100e-02 4.307233914732933044e-02
1.381689608097076416e-01 5.100642442703247070e-01 9.962009266018867493e-03 3.527633845806121826e-02 4.269184544682502747e-02 9.229264222085475922e-03 1.199638545513153076e-01 3.592656925320625305e-02 2.788729220628738403e-02 3.622493892908096313e-02 9.712273627519607544e-02 3.685004636645317078e-02 1.969672739505767822e-01 4.401369020342826843e-02 1.609736680984497070e-02 1.472125574946403503e-02 2.854431048035621643e-02 2.046826109290122986e-02 3.263901919126510620e-02 3.706171363592147827e-02 1.615216583013534546e-02 1.044916268438100815e-02 2.436791919171810150e-02 1.884855882963165641e-04 3.162293508648872375e-02 2.577470801770687103e-02 2.434517443180084229e-02 3.402845188975334167e-02 1.117103081196546555e-02 2.660448290407657623e-02 3.733938327059149742e-03 7.739724125713109970e-03 1.459252648055553436e-02 4.415111616253852844e-03 4.716159403324127197e-02 1.769949868321418762e-02 8.765185251832008362e-03 3.001127950847148895e-02 1.642450224608182907e-03 2.039820887148380280e-02 3.329606354236602783e-02 4.796632379293441772e-02 2.803951688110828400e-02 4.823486786335706711e-03 6.822683848440647125e-03 1.855002366937696934e-03 1.345629692077636719e-01 2.403843961656093597e-02 2.932838350534439087e-02 3.962674818467348814e-04 2.048594690859317780e-02 2.323344163596630096e-02 5.179115012288093567e-02 1.617979258298873901e-02 1.962269842624664307e-02 9.384375065565109253e-03 3.009290620684623718e-02 2.088602865114808083e-03 1.981112733483314514e-02 3.550229966640472412e-02 1.489828340709209442e-02 1.785354688763618469e-02 2.965859370306134224e-03 1.310850377194583416e-03 3.531245887279510498e-02 7.477042078971862793e-02 4.382681101560592651e-03 6.288728211075067520e-03 1.229432225227355957e-02 1.545641850680112839e-02 4.399460181593894958e-02 1.082590594887733459e-02 2.377190813422203064e-02 2.834890410304069519e-02 3.038481436669826508e-02 5.065721343271434307e-04 7.855266332626342773e-03 1.971345953643321991e-02 1.187656726688146591e-02 1.249004248529672623e-02 3.890360519289970398e-02 1.622884348034858704e-02 2.528867917135357857e-03 1.442766631953418255e-03 1.600498333573341370e-02 2.614964358508586884e-02 7.310128770768642426e-03 2.281622402369976044e-02 6.418308243155479431e-03 2.499535866081714630e-02 2.155686169862747192e-02 2.681820653378963470e-02 4.798694327473640442e-02 2.076826058328151703e-02 1.360662002116441727e-02 3.666410595178604126e-02 1.057797577232122421e-02 8.749796077609062195e-03 4.453726485371589661e-02 4.055793955922126770e-02 3.076259046792984009e-02 7.660807576030492783e-03 1.128457579761743546e-02 3.785447683185338974e-03 2.704495377838611603e-02 1.615331321954727173e-02 1.744575239717960358e-02 2.037783898413181305e-02 1.047818548977375031e-02 8.131605572998523712e-03 3.829652210697531700e-03 1.074209343641996384e-02 3.132092207670211792e-02 3.205639077350497246e-03 2.316639013588428497e-02 1.729558594524860382e-02
2.811204642057418823e-02 9.962009266018867493e-03 4.983905851840972900e-01 9.703498333692550659e-03 2.118537761270999908e-02 2.714909240603446960e-02 2.887010946869850159e-02 1.202196329832077026e-01 1.456166245043277740e-02 3.053245600312948227e-03 1.576370093971490860e-03 2.932677045464515686e-02 2.197011001408100128e-02 3.755254298448562622e-02 8.784380741417407990e-03 1.946329488418996334e-03 3.363282606005668640e-02 3.193743899464607239e-02 2.909198403358459473e-02 3.551370278000831604e-02 1.215370651334524155e-02 2.991624549031257629e-02 1.210560370236635208e-02 1.061038300395011902e-02 1.754141785204410553e-02 1.443643495440483093e-02 2.555093262344598770e-03 2.952946536242961884e-02 2.201143652200698853e-02 6.707233842462301254e-03 2.063965611159801483e-02 2.597437798976898193e-02 4.529103264212608337e-02 3.255317732691764832e-02 3.758937492966651917e-02 4.072666168212890625e-02 3.366452455520629883e-02 4.268434271216392517e-02 1.253006327897310257e-02 5.258530378341674805e-03 1.382794510573148727e-02 4.638253524899482727e-02 3.550662845373153687e-02 9.160616993904113770e-02 1.209733635187149048e-02 1.235874183475971222e-02 6.370750255882740021e-03 2.032943628728389740e-02 3.932685777544975281e-02 2.402688190340995789e-02 2.572922781109809875e-02 1.189005933701992035e-02 1.856732740998268127e-02 4.655763506889343262e-03 1.495636068284511566e-03 8.609262295067310333e-03 4.997194744646549225e-03 3.347732126712799072e-02 2.274900488555431366e-02 5.543756764382123947e-03 2.053408650681376457e-03 3.694132715463638306e-02 3.912111744284629822e-02 2.788619138300418854e-02 4.551646765321493149e-03 1.521093584597110748e-02 4.074388369917869568e-02 3.633264824748039246e-02 4.775859415531158447e-02 9.141879156231880188e-03 1.146523281931877136e-02 3.407223895192146301e-02 2.256574109196662903e-02 1.142704859375953674e-02 3.647610172629356384e-02 1.732530072331428528e-02 7.431593537330627441e-02 7.067355792969465256e-03 2.982933446764945984e-02 7.647411548532545567e-04 1.919251829385757446e-01 1.489595323801040649e-01 1.602762192487716675e-02 1.568558253347873688e-02 2.297139726579189301e-02 1.380658987909555435e-02 1.454473379999399185e-02 4.895045235753059387e-02 3.254124312661588192e-04 7.661053678020834923e-04 4.965438693761825562e-02 1.092836633324623108e-02 5.022183759137988091e-04 8.849931880831718445e-03 3.722110390663146973e-02 1.229502446949481964e-02 1.538164354860782623e-02 3.665405139327049255e-02 2.224368415772914886e-02 3.568085283041000366e-02 2.287018857896327972e-02 3.727903589606285095e-02 2.823801338672637939e-02 1.310073491185903549e-02 3.063566982746124268e-02 2.239483222365379333e-02 1.986857876181602478e-02 1.058241818100214005e-02 2.101010642945766449e-02 2.059904113411903381e-02 3.935252502560615540e-02 2.977347373962402344e-02 2.911232784390449524e-02 2.385905012488365173e-02 1.210413500666618347e-02 5.082637071609497070e-02
3.252583742141723633e-02 3.527633845806121826e-02 9.703498333692550659e-03 5.212829709053039551e-01 1.890337467193603516e-01 6.832416984252631664e-04 8.801897056400775909e-03 4.569497331976890564e-02 5.279462318867444992e-03 3.927803039550781250e-02 6.280178204178810120e-03 1.802865974605083466e-02 1.319383084774017334e-02 3.322475403547286987e-02 5.813288502395153046e-03 1.342217903584241867e-02 2.236368507146835327e-02 4.598553106188774109e-02 6.166217848658561707e-03 1.781086251139640808e-02 2.009768597781658173e-02 3.993179276585578918e-02 2.725622383877635002e-03 3.487013280391693115e-02 2.117764949798583984e-02 2.077938802540302277e-02 5.426119547337293625e-03 5.580125376582145691e-02 4.068441316485404968e-02 7.166945189237594604e-02 4.240300133824348450e-02 3.110779821872711182e-02 1.673702709376811981e-02 4.093602672219276428e-02 8.042694069445133209e-03 1.034401357173919678e-02 2.761014737188816071e-02 2.348627150058746338e-02 1.096283569931983948e-01 1.406816989183425903e-01 3.154361620545387268e-02 1.769714616239070892e-02 4.247800260782241821e-02 1.444060076028108597e-02 6.581724621355533600e-03 3.728988394141197205e-02 4.603400081396102905e-02 5.523189902305603027e-03 2.564585953950881958e-02 1.778189279139041901e-02 3.308132290840148926e-02 1.651492901146411896e-02 3.543496876955032349e-02 3.382394462823867798e-02 3.081277385354042053e-02 1.411390583962202072e-02 4.053317010402679443e-02 4.314960911870002747e-02 4.340729117393493652e-02 4.014214873313903809e-02 4.380105063319206238e-03 5.437657237052917480e-03 1.861036010086536407e-02 2.904211543500423431e-02 2.456125244498252869e-02 2.024597961280960590e-05 3.603025898337364197e-02 2.640906348824501038e-02 1.160637824796140194e-03 2.840078622102737427e-02 4.496598616242408752e-03 8.909947238862514496e-03 1.289433687925338745e-01 4.809255152940750122e-02 1.188822314143180847e-01 1.884175091981887817e-02 2.767639420926570892e-02 4.844862222671508789e-02 5.540319532155990601e-02 2.405571378767490387e-02 1.865485683083534241e-02 3.867327049374580383e-02 9.702168405055999756e-03 1.024964172393083572e-02 2.721009403467178345e-02 1.533410046249628067e-02 2.888927422463893890e-02 3.364817798137664795e-02 1.368548814207315445e-02 1.807329617440700531e-02 9.876152500510215759e-03 2.825467288494110107e-02 1.979454234242439270e-02 4.648149013519287109e-02 1.541858352720737457e-02 8.563033770769834518e-05 1.439282670617103577e-02 3.148972243070602417e-02 1.246391795575618744e-02 1.142806466668844223e-02 2.000143006443977356e-02 2.777826786041259766e-02 2.168863639235496521e-02 1.667685434222221375e-02 3.056751005351543427e-02 3.765176283195614815e-03 1.032026717439293861e-03 7.212614174932241440e-03 1.774524711072444916e-02 6.300259381532669067e-03 4.253621399402618408e-02 3.827718645334243774e-02 1.466444134712219238e-02 3.760785982012748718e-02 1.056009903550148010e-02 1.718971319496631622e-02
3.544153645634651184e-02 4.269184544682502747e-02 2.118537761270999908e-02 1.890337467193603516e-01 5.260813236236572266e-01 2.548845484852790833e-02 1.667590066790580750e-02 2.030762657523155212e-02 5.332221742719411850e-03 4.213208158034831285e-04 2.988642663694918156e-04 5.536701064556837082e-03 1.204637251794338226e-02 3.408421948552131653e-02 7.608024170622229576e-04 1.228975318372249603e-02 1.496090833097696304e-02 3.642142936587333679e-02 3.291823714971542358e-02 1.309281773865222931e-02 3.359799087047576904e-02 3.653418645262718201e-02 2.424150891602039337e-02 1.328236795961856842e-02 9.340189280919730663e-04 1.295563485473394394e-02 4.861936718225479126e-02 3.320362418889999390e-02 2.500957250595092773e-02 4.335121810436248779e-02 1.937879249453544617e-02 4.150848090648651123e-02 3.550407942384481430e-03 3.587316349148750305e-02 4.352036397904157639e-03 7.670414168387651443e-03 5.043872073292732239e-02 4.589215293526649475e-02 9.584666043519973755e-02 1.366413533687591553e-01 3.083994798362255096e-02 5.757202580571174622e-02 1.623381860554218292e-02 2.816335484385490417e-02 3.745407564565539360e-03 2.176243066787719727e-02 9.205657057464122772e-03 7.487984374165534973e-03 1.550735067576169968e-02 3.476066887378692627e-02 1.556653901934623718e-02 2.951718121767044067e-02 3.328393027186393738e-02 3.350743278861045837e-02 2.279439754784107208e-02 1.231755409389734268e-02 4.711453616619110107e-02 4.337875917553901672e-02 4.823392629623413086e-02 6.366681307554244995e-02 1.848648674786090851e-02 2.540593221783638000e-02 1.423728652298450470e-02 2.046654373407363892e-02 3.539242967963218689e-02 7.821735925972461700e-03 7.167049683630466461e-03 3.548492211848497391e-03 2.129105664789676666e-02 1.079123746603727341e-02 9.335661306977272034e-03 2.341388538479804993e-02 7.985776662826538086e-02 4.254793748259544373e-02 1.030945107340812683e-01 1.984502002596855164e-02 3.933625295758247375e-02 3.978660702705383301e-02 4.994820430874824524e-02 5.586512386798858643e-03 4.190550744533538818e-02 7.501226384192705154e-03 2.229543752036988735e-04 2.292490191757678986e-02 3.861136361956596375e-02 6.814835593104362488e-03 4.494700580835342407e-03 1.172075979411602020e-02 6.158492993563413620e-03 7.387266494333744049e-03 2.341549843549728394e-02 5.037268158048391342e-03 2.408327907323837280e-02 3.516829386353492737e-02 3.032093169167637825e-03 8.002016693353652954e-03 2.723287045955657959e-02 3.334502503275871277e-02 4.767477139830589294e-02 3.867742419242858887e-02 2.276354469358921051e-03 5.005155107937753201e-04 1.430892199277877808e-02 4.213024675846099854e-02 1.737996749579906464e-02 6.717533338814973831e-03 1.030697487294673920e-02 8.799160830676555634e-03 3.996178880333900452e-02 1.388909481465816498e-02 1.392251439392566681e-02 9.093565866351127625e-03 4.079680889844894409e-02 2.640742436051368713e-02 1.631687022745609283e-02 6.296192295849323273e-03
6.831397861242294312e-02 9.229264222085475922e-03 2.714909240603446960e-02 6.832416984252631664e-04 2.548845484852790833e-02 5.055792927742004395e-01 1.767088659107685089e-02 2.397394739091396332e-02 1.614940352737903595e-02 2.184319868683815002e-02 5.979665089398622513e-03 6.064940243959426880e-02 1.695825601927936077e-03 7.446048315614461899e-03 9.222373366355895996e-03 7.016500085592269897e-02 4.103825241327285767e-02 2.969239093363285065e-02 3.480145335197448730e-02 1.979088224470615387e-02 4.814074188470840454e-02 3.832626715302467346e-02 3.299786895513534546e-02 1.448012888431549072e-02 2.797591872513294220e-02 3.901521489024162292e-02 7.147430442273616791e-03 5.635158717632293701e-02 3.253535181283950806e-02 2.925076521933078766e-02 3.563673049211502075e-02 1.395248994231224060e-02 1.099875941872596741e-02 3.976119309663772583e-02 3.135310113430023193e-02 4.799402318894863129e-03 2.723533660173416138e-02 2.700028195977210999e-02 2.888987027108669281e-02 1.061786152422428131e-02 2.509349398314952850e-02 2.000749856233596802e-02 1.989224925637245178e-02 4.153562337160110474e-02 2.574060671031475067e-02 3.175519779324531555e-02 4.437030106782913208e-02 2.317875064909458160e-02 3.720715641975402832e-02 1.992080360651016235e-02 2.115092240273952484e-02 4.133149981498718262e-02 1.345691643655300140e-02 2.014990523457527161e-02 5.946674942970275879e-02 3.670381009578704834e-02 3.439769148826599121e-02 2.608543075621128082e-02 1.091895252466201782e-02 2.324338816106319427e-02 5.144201591610908508e-02 8.294750587083399296e-04 3.168695420026779175e-02 3.013994172215461731e-02 4.260909184813499451e-02 1.632046885788440704e-02 4.206051304936408997e-02 4.349134489893913269e-02 5.122752115130424500e-02 1.011622976511716843e-02 3.403694182634353638e-02 1.381875295192003250e-02 6.865051388740539551e-02 8.129368536174297333e-03 6.749540567398071289e-02 3.594152629375457764e-02 1.275991182774305344e-02 3.209980903193354607e-03 2.439523581415414810e-03 2.731581777334213257e-02 2.565116994082927704e-02 2.792154997587203979e-02 1.863425783812999725e-02 1.053163898177444935e-03 3.515900671482086182e-02 1.642715372145175934e-02 3.797816857695579529e-02 2.807689458131790161e-02 6.080905720591545105e-02 7.590207457542419434e-02 1.598445698618888855e-02 3.083369694650173187e-02 1.543883047997951508e-02 2.240938693284988403e-02 2.598709799349308014e-02 3.389409556984901428e-02 3.873670008033514023e-03 5.137536302208900452e-02 4.434991627931594849e-03 4.989001317881047726e-04 3.713025897741317749e-02 2.850112877786159515e-02 1.497313380241394043e-03 8.471999899484217167e-04 2.599635906517505646e-02 3.399293171241879463e-03 3.602808341383934021e-02 2.169992215931415558e-02 3.639065846800804138e-02 3.740033134818077087e-02 3.086143918335437775e-02 2.701729163527488708e-02 2.810620516538619995e-02 6.287707947194576263e-03 3.735718876123428345e-02 7.109450642019510269e-03
3.656298294663429260e-02 1.199638545513153076e-01 2.887010946869850159e-02 8.801897056400775909e-03 1.667590066790580750e-02 1.767088659107685089e-02 4.877364337444305420e-01 1.982485875487327576e-02 1.169444178231060505e-03 2.751882374286651611e-02 4.701205715537071228e-02 3.060843423008918762e-02 6.391668319702148438e-02 5.781871266663074493e-03 2.245156280696392059e-02 5.927343294024467468e-02 2.264361269772052765e-02 3.712113201618194580e-02 3.433029353618621826e-02 2.157663181424140930e-02 2.576779574155807495e-02 3.376890718936920166e-02 3.599612414836883545e-02 3.437807038426399231e-02 2.733085863292217255e-02 2.719022147357463837e-02 3.090420924127101898e-02 8.813426829874515533e-03 1.092540845274925232e-02 2.574766986072063446e-02 6.683412194252014160e-02 1.749534904956817627e-02 4.746648669242858887e-02 7.430024910718202591e-03 4.036742262542247772e-03 6.416189484298229218e-03 3.584542870521545410e-02 1.438975241035223007e-02 5.687212198972702026e-02 3.652117401361465454e-02 2.056285180151462555e-02 1.478892937302589417e-02 9.549414389766752720e-04 3.130130842328071594e-02 2.956546377390623093e-03 2.431604638695716858e-02 1.508144382387399673e-02 9.688457101583480835e-02 3.047707490622997284e-02 2.781743183732032776e-03 1.325278542935848236e-02 7.292084395885467529e-03 1.405599806457757950e-02 3.273165971040725708e-02 2.473581023514270782e-02 7.893221452832221985e-03 2.730293571949005127e-02 2.737570367753505707e-02 6.495901849120855331e-03 3.090350143611431122e-02 6.272814702242612839e-03 2.266774885356426239e-02 2.004334889352321625e-02 1.761838793754577637e-02 3.078401088714599609e-02 2.581156231462955475e-02 2.474068291485309601e-02 3.780378401279449463e-02 9.909943677484989166e-03 3.554911911487579346e-02 5.296589341014623642e-03 2.714150352403521538e-03 1.802631653845310211e-02 2.002810826525092125e-03 1.046731602400541306e-02 4.496414586901664734e-02 1.296660117805004120e-02 3.050711378455162048e-02 4.128482658416032791e-03 1.613607443869113922e-02 5.687147844582796097e-03 2.340287342667579651e-02 3.390938043594360352e-02 3.034533374011516571e-02 3.503084555268287659e-02 2.424277551472187042e-02 3.697011992335319519e-02 9.532658383250236511e-03 4.014716669917106628e-02 1.456777472048997879e-02 8.803955465555191040e-02 9.639353491365909576e-03 4.025322198867797852e-02 4.801066219806671143e-02 2.286351751536130905e-03 5.726539716124534607e-02 3.867277875542640686e-02 1.791903004050254822e-02 2.709285542368888855e-02 4.017607495188713074e-02 4.041210748255252838e-03 2.116905758157372475e-03 2.532465383410453796e-02 3.705038875341415405e-02 7.067313883453607559e-03 3.204552084207534790e-02 8.251663297414779663e-03 7.525464054197072983e-03 3.528083115816116333e-02 4.327815026044845581e-02 3.484854847192764282e-02 2.145836129784584045e-02 2.981459163129329681e-02 3.688705712556838989e-02 9.128493256866931915e-03 3.109576366841793060e-02
4.380625858902931213e-02 3.592656925320625305e-02 1.202196329832077026e-01 4.569497331976890564e-02 2.030762657523155212e-02 2.397394739091396332e-02 1.982485875487327576e-02 5.216597318649291992e-01 3.656344721093773842e-03 4.388641938567161560e-02 1.117118075489997864e-02 9.899864904582500458e-03 5.463249050080776215e-03 2.540654689073562622e-02 4.035931825637817383e-02 8.892062120139598846e-03 8.618180640041828156e-03 1.456477213650941849e-02 2.014925517141819000e-02 8.553360588848590851e-03 9.203005582094192505e-03 2.255297452211380005e-02 5.987207219004631042e-02 5.762172490358352661e-02 1.819717884063720703e-02 1.509477663785219193e-02 6.739693693816661835e-03 9.583786129951477051e-03 8.754138834774494171e-03 1.951448619365692139e-02 1.185435894876718521e-02 4.651496931910514832e-02 3.415650501847267151e-02 2.055811509490013123e-02 1.409820560365915298e-02 6.011188030242919922e-03 1.368163432925939560e-02 5.351206287741661072e-03 8.865843527019023895e-03 1.312947738915681839e-02 9.110786020755767822e-03 2.011840417981147766e-02 6.286178715527057648e-03 4.784584417939186096e-02 3.380375728011131287e-02 4.018580913543701172e-02 3.820942714810371399e-02 5.799843464046716690e-03 4.952004179358482361e-02 2.367115952074527740e-02 2.764736302196979523e-02 2.962072566151618958e-02 8.751942776143550873e-03 8.966029621660709381e-03 2.713459357619285583e-02 2.141823619604110718e-02 5.702935159206390381e-02 2.458406239748001099e-02 1.793630607426166534e-02 1.053774356842041016e-02 3.276952728629112244e-02 2.338701672852039337e-02 5.310381948947906494e-02 2.522171288728713989e-02 1.983259432017803192e-02 1.915766857564449310e-02 1.858825981616973877e-02 1.518345251679420471e-02 3.110229782760143280e-02 5.190471932291984558e-02 2.560141496360301971e-02 4.794915020465850830e-02 2.661640010774135590e-02 3.685636073350906372e-02 1.272796187549829483e-03 1.204914413392543793e-02 1.676623523235321045e-02 6.924144458025693893e-03 1.297765970230102539e-02 1.551390439271926880e-02 1.074915528297424316e-01 1.083839535713195801e-01 1.728380098938941956e-02 3.358205780386924744e-03 4.016644135117530823e-02 2.426604554057121277e-02 3.890840336680412292e-02 4.568427428603172302e-02 1.505861710757017136e-02 3.287085518240928650e-02 3.902187105268239975e-03 1.621056720614433289e-02 6.456458009779453278e-03 2.343460917472839355e-02 4.582727793604135513e-03 3.266317537054419518e-03 4.409857094287872314e-02 9.619531221687793732e-03 1.306982827372848988e-03 9.001320227980613708e-03 9.056818671524524689e-03 1.536795636638998985e-03 8.261035196483135223e-03 1.017084810882806778e-02 6.353240925818681717e-03 2.277242019772529602e-02 3.515007719397544861e-02 4.725553467869758606e-02 3.163525369018316269e-03 2.482753619551658630e-02 1.742455363273620605e-02 1.333442423492670059e-02 1.191626116633415222e-02 2.158407866954803467e-02 9.373915381729602814e-03 2.206065878272056580e-02
1.871741563081741333e-02 2.788729220628738403e-02 1.456166245043277740e-02 5.279462318867444992e-03 5.332221742719411850e-03 1.614940352737903595e-02 1.169444178231060505e-03 3.656344721093773842e-03 5.197913646697998047e-01 5.529363080859184265e-02 3.346724435687065125e-02 5.881736800074577332e-02 2.404048480093479156e-02 4.368676245212554932e-02 2.536148019134998322e-02 2.128077112138271332e-02 4.401735961437225342e-02 5.216567218303680420e-02 2.554141916334629059e-02 4.493587091565132141e-02 4.362635314464569092e-02 3.681108728051185608e-02 2.090332098305225372e-02 9.715967811644077301e-03 3.389373794198036194e-02 4.941297322511672974e-02 2.777716331183910370e-02 4.323185980319976807e-02 1.869918662123382092e-03 2.382485941052436829e-02 2.466218918561935425e-02 2.009536372497677803e-03 5.720151588320732117e-03 4.576046392321586609e-02 2.795722521841526031e-02 2.677542157471179962e-02 3.476353734731674194e-02 3.116192482411861420e-02 1.406105235219001770e-02 5.584138561971485615e-04 3.233547136187553406e-02 9.443981572985649109e-03 2.484406903386116028e-02 5.425609648227691650e-03 2.683980390429496765e-02 4.854961764067411423e-03 1.983124576508998871e-02 8.296257816255092621e-03 1.052295565605163574e-01 1.517134346067905426e-02 4.539694637060165405e-02 3.941083326935768127e-02 7.239846512675285339e-03 5.530616641044616699e-02 1.247577667236328125e-01 2.910630963742733002e-02 4.161424934864044189e-02 2.200198546051979065e-02 2.209931053221225739e-02 4.152391478419303894e-02 3.734179586172103882e-02 1.311006583273410797e-02 4.353768005967140198e-02 2.322883903980255127e-02 9.154610335826873779e-03 3.139119222760200500e-02 2.264203689992427826e-02 4.639682546257972717e-02 6.059596315026283264e-02 4.970075190067291260e-02 4.000566899776458740e-02 1.977159827947616577e-02 5.231229588389396667e-02 3.148482739925384521e-02 1.637682877480983734e-02 1.421203184872865677e-02 1.971230655908584595e-01 1.648893021047115326e-02 1.414806246757507324e-01 1.343947369605302811e-02 5.086484178900718689e-02 4.207636415958404541e-02 1.047255098819732666e-01 4.917958751320838928e-02 5.605006590485572815e-02 1.760383509099483490e-02 3.167646378278732300e-02 1.863213814795017242e-02 1.672033034265041351e-02 4.225400276482105255e-03 1.901057921350002289e-02 1.335283927619457245e-02 2.382654137909412384e-02 4.944081977009773254e-02 3.127099201083183289e-02 3.062281012535095215e-02 1.280567236244678497e-02 8.944773674011230469e-02 4.840014129877090454e-02 4.291491210460662842e-02 1.939795911312103271e-02 2.822946012020111084e-02 4.022543877363204956e-02 2.060759998857975006e-02 6.477871909737586975e-03 1.782811805605888367e-02 3.308608755469322205e-02 1.708083786070346832e-02 4.070680215954780579e-02 1.465806551277637482e-02 1.496047619730234146e-02 4.102947935461997986e-02 4.325967654585838318e-02 3.118007257580757141e-02 2.849709987640380859e-02 1.261468138545751572e-02
2.068755030632019043e-02 3.622493892908096313e-02 3.053245600312948227e-03 3.927803039550781250e-02 4.213208158034831285e-04 2.184319868683815002e-02 2.751882374286651611e-02 4.388641938567161560e-02 5.529363080859184265e-02 5.232990384101867676e-01 9.841219289228320122e-04 3.385857492685317993e-02 2.832745946943759918e-02 1.848482713103294373e-02 3.735569491982460022e-02 1.980138570070266724e-02 1.838702149689197540e-02 8.099667727947235107e-02 1.347878277301788330e-01 1.796354167163372040e-02 2.318904362618923187e-02 2.529770322144031525e-02 3.897646442055702209e-02 2.515051513910293579e-02 1.329888589680194855e-02 4.508480429649353027e-02 8.849442005157470703e-03 2.443674579262733459e-02 7.488269358873367310e-03 2.475315146148204803e-02 2.663224749267101288e-02 1.216077804565429688e-02 4.632327705621719360e-02 1.994023472070693970e-02 1.622119732201099396e-02 2.335586026310920715e-02 3.465021029114723206e-02 4.808660969138145447e-02 2.068267948925495148e-02 4.597494006156921387e-02 7.941579446196556091e-03 1.816392876207828522e-02 3.314453735947608948e-02 2.344621159136295319e-02 3.912563249468803406e-02 2.551319636404514313e-02 1.953521184623241425e-02 2.737753838300704956e-02 4.126883670687675476e-02 1.605325378477573395e-02 8.490643464028835297e-03 1.023395545780658722e-02 6.722244434058666229e-03 2.406658791005611420e-02 3.193612396717071533e-02 1.594351232051849365e-01 1.508790627121925354e-02 2.287973836064338684e-02 1.410218793898820877e-02 7.548201363533735275e-03 1.258084271103143692e-02 9.063123166561126709e-02 3.325883299112319946e-02 2.865056693553924561e-02 2.228216454386711121e-02 3.709837794303894043e-02 1.221174956299364567e-03 1.498484704643487930e-02 9.713191539049148560e-03 6.769260764122009277e-02 3.519813343882560730e-02 5.111810937523841858e-02 2.515777945518493652e-02 3.766970336437225342e-02 2.816652134060859680e-02 1.633477024734020233e-02 3.710691258311271667e-02 1.323343962430953979e-01 2.370582148432731628e-02 1.247902512550354004e-01 4.110745713114738464e-02 3.508615121245384216e-02 2.753994660452008247e-03 7.565546035766601562e-02 1.988623663783073425e-02 4.108565300703048706e-02 4.619804397225379944e-02 1.879126415587961674e-03 2.828023768961429596e-02 2.401837520301342010e-02 4.079446941614151001e-02 2.068880572915077209e-02 9.203088120557367802e-04 3.121062368154525757e-02 6.448581349104642868e-03 2.017918974161148071e-02 6.209205463528633118e-02 1.493442244827747345e-02 2.537692151963710785e-02 1.884130761027336121e-02 1.547621563076972961e-02 3.127738460898399353e-02 2.473819302394986153e-03 5.317221954464912415e-02 4.733860027045011520e-03 3.614479303359985352e-02 7.687450386583805084e-03 9.293661452829837799e-03 4.038185998797416687e-02 4.415428638458251953e-02 2.452523820102214813e-02 3.110820194706320763e-03 1.052638166584074497e-03 2.798166126012802124e-02 1.723640225827693939e-02 8.902123197913169861e-03
1.379545480012893677e-01 9.712273627519607544e-02 1.576370093971490860e-03 6.280178204178810120e-03 2.988642663694918156e-04 5.979665089398622513e-03 4.701205715537071228e-02 1.117118075489997864e-02 3.346724435687065125e-02 9.841219289228320122e-04 5.289011001586914062e-01 4.285790771245956421e-02 8.485358208417892456e-02 4.031449556350708008e-03 2.076194249093532562e-02 1.460390072315931320e-02 1.333630736917257309e-02 3.236478939652442932e-02 3.574602305889129639e-02 1.635124906897544861e-02 2.714540995657444000e-02 2.940776385366916656e-02 6.610948592424392700e-03 5.760987405665218830e-04 2.433992922306060791e-02 1.061807479709386826e-02 2.276959456503391266e-02 3.084725141525268555e-02 8.691035956144332886e-02 1.590874232351779938e-02 2.623863704502582550e-02 8.709371089935302734e-03 7.803594227880239487e-03 1.490234117954969406e-02 1.412937883287668228e-02 2.325101383030414581e-02 1.014489307999610901e-02 1.461410336196422577e-02 1.156603638082742691e-02 1.032751053571701050e-02 4.597334936261177063e-02 3.964514657855033875e-02 2.725199982523918152e-02 2.953493595123291016e-02 2.027310617268085480e-02 1.635234802961349487e-02 2.508019097149372101e-02 3.295423835515975952e-02 3.026994317770004272e-02 1.947703957557678223e-02 5.832073464989662170e-02 5.363779142498970032e-02 6.435945630073547363e-03 4.808818921446800232e-04 2.024747245013713837e-02 5.362115334719419479e-03 4.467870108783245087e-03 5.610569845885038376e-03 3.536731377243995667e-02 3.841358423233032227e-02 9.504559449851512909e-03 2.078293036902323365e-04 1.355124264955520630e-02 1.588546484708786011e-02 7.587912678718566895e-02 4.269064590334892273e-02 2.831335738301277161e-02 3.148757666349411011e-02 3.758050128817558289e-02 1.361823268234729767e-02 2.739744260907173157e-02 4.509879648685455322e-02 3.039609082043170929e-02 4.486068617552518845e-03 5.556294228881597519e-03 3.347877785563468933e-02 2.760962210595607758e-02 3.746205009520053864e-03 2.272756211459636688e-02 3.943354636430740356e-02 3.637393936514854431e-02 4.523578681983053684e-04 1.028488017618656158e-02 1.455018762499094009e-02 4.718841984868049622e-02 3.223324567079544067e-02 2.764568664133548737e-02 8.153488859534263611e-03 3.598089888691902161e-02 2.642447827383875847e-03 5.904901307076215744e-03 5.326782912015914917e-02 5.389053840190172195e-03 2.718451432883739471e-03 2.606630325317382812e-02 4.463303089141845703e-02 2.701409533619880676e-02 3.463452681899070740e-02 4.512943327426910400e-02 4.392843693494796753e-02 9.529201313853263855e-03 4.436139483004808426e-03 1.349435281008481979e-02 4.261124879121780396e-02 4.079458303749561310e-03 6.208689417690038681e-03 1.724332198500633240e-02 1.391113176941871643e-02 4.405775107443332672e-03 2.974651195108890533e-02 2.960730344057083130e-02 1.339998655021190643e-02 4.263772442936897278e-02 1.734812185168266296e-02 2.935991436243057251e-02 1.457735802978277206e-02
2.415552176535129547e-02 3.685004636645317078e-02 2.932677045464515686e-02 1.802865974605083466e-02 5.536701064556837082e-03 6.064940243959426880e-02 3.060843423008918762e-02 9.899864904582500458e-03 5.881736800074577332e-02 3.385857492685317993e-02 4.285790771245956421e-02 5.173028111457824707e-01 2.739134430885314941e-02 1.530913561582565308e-01 2.199159190058708191e-02 3.810672089457511902e-02 1.091743074357509613e-02 3.490129113197326660e-02 5.958490446209907532e-02 1.289931870996952057e-02 1.696371473371982574e-02 1.010228879749774933e-02 6.162489950656890869e-02 3.436752408742904663e-02 2.042142301797866821e-02 4.390914365649223328e-02 1.459042076021432877e-02 1.407172530889511108e-01 2.979255653917789459e-02 1.037701591849327087e-01 2.698667533695697784e-02 2.667967416346073151e-02 2.007514424622058868e-02 2.271280996501445770e-02 4.260391741991043091e-02 2.228456549346446991e-02 2.120253338944166899e-04 4.143562167882919312e-02 1.728788763284683228e-02 5.316689237952232361e-02 1.779098063707351685e-02 4.225387424230575562e-02 4.859434068202972412e-02 3.895071521401405334e-02 4.700880497694015503e-02 2.231175079941749573e-02 2.739252895116806030e-02 7.132958620786666870e-02 3.619421645998954773e-02 1.985743083059787750e-02 4.404156282544136047e-02 9.591411799192428589e-03 2.015387080609798431e-02 3.359743580222129822e-02 3.370343521237373352e-02 2.592366561293601990e-02 2.048667147755622864e-02 1.812546141445636749e-02 3.571656346321105957e-02 4.097826778888702393e-02 1.317545399069786072e-02 4.117369279265403748e-02 1.050431095063686371e-02 1.417899038642644882e-02 1.832375675439834595e-02 8.651594631373882294e-03 5.938811227679252625e-04 1.657817885279655457e-02 3.533074259757995605e-02 4.671797156333923340e-02 8.195707574486732483e-03 2.269046194851398468e-02 9.058072417974472046e-02 4.422936961054801941e-02 6.189170479774475098e-02 1.593454182147979736e-02 5.857950821518898010e-02 2.668730542063713074e-02 8.753884583711624146e-03 2.856054576113820076e-03 4.787183832377195358e-03 2.998639084398746490e-02 2.079953067004680634e-02 1.674541272222995758e-02 1.301968819461762905e-03 1.668862067162990570e-02 4.705274105072021484e-02 2.481315750628709793e-03 2.457609772682189941e-02 3.138685971498489380e-02 2.345337532460689545e-02 1.246755383908748627e-02 9.822612628340721130e-03 2.252246439456939697e-02 2.143951132893562317e-02 3.505311161279678345e-02 3.354484960436820984e-02 1.129557006061077118e-02 3.712055087089538574e-02 1.776711083948612213e-02 3.700730204582214355e-02 7.295936346054077148e-03 1.912519708275794983e-02 2.665882185101509094e-02 8.627058938145637512e-03 1.432497426867485046e-02 2.787424623966217041e-02 1.771354931406676769e-03 2.264959551393985748e-02 3.889188542962074280e-02 1.889078319072723389e-02 4.575425013899803162e-02 4.286701232194900513e-02 4.052479192614555359e-02 2.970682270824909210e-02 1.437508314847946167e-02
7.377158105373382568e-02 1.969672739505767822e-01 2.197011001408100128e-02 1.319383084774017334e-02 1.204637251794338226e-02 1.695825601927936077e-03 6.391668319702148438e-02 5.463249050080776215e-03 2.404048480093479156e-02 2.832745946943759918e-02 8.485358208417892456e-02 2.739134430885314941e-02 5.208325982093811035e-01 1.506297569721937180e-02 3.194031864404678345e-02 1.941053010523319244e-02 2.708655782043933868e-02 3.534533455967903137e-02 2.256433712318539619e-03 3.593961894512176514e-02 9.225080721080303192e-03 3.595316037535667419e-02 1.788306422531604767e-02 4.591972567141056061e-03 1.765822246670722961e-02 6.189485546201467514e-03 1.480401842854917049e-03 1.479876600205898285e-02 1.814517565071582794e-02 4.957776516675949097e-02 3.802854567766189575e-02 2.507757453713566065e-04 7.186127360910177231e-03 6.089045200496912003e-03 6.120398640632629395e-03 1.730341347865760326e-03 4.014486446976661682e-03 5.660217255353927612e-03 1.030851155519485474e-02 1.493249461054801941e-02 1.478438824415206909e-02 2.587839588522911072e-02 1.280825864523649216e-02 3.249533101916313171e-02 2.913988009095191956e-02 3.192004747688770294e-03 9.721615910530090332e-02 1.411242131143808365e-02 4.153577610850334167e-02 9.799895808100700378e-03 4.812422022223472595e-02 4.218806326389312744e-02 3.926549479365348816e-02 1.269453903660178185e-03 3.006806410849094391e-02 1.139037660323083401e-03 2.950161322951316833e-02 2.200943185016512871e-03 1.985023170709609985e-02 2.991011738777160645e-02 1.125121861696243286e-02 1.073243189603090286e-02 6.068634800612926483e-03 1.518580480478703976e-03 3.622006624937057495e-02 8.359552919864654541e-02 1.902749389410018921e-02 6.261875852942466736e-03 4.798495024442672729e-02 1.372289843857288361e-02 2.407813444733619690e-02 6.911004893481731415e-03 4.282973334193229675e-02 1.435294281691312790e-02 3.028430975973606110e-02 3.178374841809272766e-03 2.980573661625385284e-02 4.377717152237892151e-02 9.556766599416732788e-03 5.705604329705238342e-03 1.529211644083261490e-02 7.035364396870136261e-03 3.462059190496802330e-03 4.175294190645217896e-02 3.168845176696777344e-02 6.211915984749794006e-03 8.786286227405071259e-03 4.802076891064643860e-02 1.716083101928234100e-02 3.499170020222663879e-02 5.306704342365264893e-02 1.585015282034873962e-02 5.459664016962051392e-02 5.271498113870620728e-02 1.023290399461984634e-02 4.897218942642211914e-02 2.101896516978740692e-02 9.483189322054386139e-03 2.610527910292148590e-02 4.096012562513351440e-02 1.435546856373548508e-02 3.558956552296876907e-03 4.263969883322715759e-02 4.991852119565010071e-02 2.830605581402778625e-02 9.317708201706409454e-03 2.801042236387729645e-02 4.356989171355962753e-03 3.216081857681274414e-02 3.578296629711985588e-03 1.196519937366247177e-02 1.882442086935043335e-02 2.039222791790962219e-02 5.460041575133800507e-04 1.851883716881275177e-02 2.134248428046703339e-02
