4.655840098857879639e-01 1.839346885681152344e-01 5.629185121506452560e-03 1.615247502923011780e-02 4.792212042957544327e-03 8.030806481838226318e-02 9.540475904941558838e-03 2.870607934892177582e-02 2.548224478960037231e-02 2.559670060873031616e-02 1.157749146223068237e-01 2.351689524948596954e-02 4.783120378851890564e-02 3.123981691896915436e-02 2.003935165703296661e-02 2.612761594355106354e-02 1.280919648706912994e-02 3.867872059345245361e-02 2.536881156265735626e-02 6.388151086866855621e-03 2.410116046667098999e-02 3.742068260908126831e-02 4.559741914272308350e-02 3.448519110679626465e-02 1.289566792547702789e-02 6.309150159358978271e-02 4.279599338769912720e-02 9.321071207523345947e-03 6.280262768268585205e-02 9.513352997601032257e-03 1.071620136499404907e-01 7.960700988769531250e-02 5.910662934184074402e-03 3.806495666503906250e-02 3.652022033929824829e-02 2.235021069645881653e-02 2.491029724478721619e-02 3.074173629283905029e-02 1.759197376668453217e-02 2.585489302873611450e-02 4.628205299377441406e-02 5.757209658622741699e-02 3.484607115387916565e-02 1.943042129278182983e-02 2.834695950150489807e-02 8.371562696993350983e-03 1.151341050863265991e-01 3.829903900623321533e-02 1.344657875597476959e-02 2.659043297171592712e-02 3.561796620488166809e-02 2.101714536547660828e-02 1.025043521076440811e-02 2.903271466493606567e-02 3.540804982185363770e-02 1.728464703774079680e-04 4.837300162762403488e-03 3.107143007218837738e-02 2.399258874356746674e-02 4.788789898157119751e-02 3.190552443265914917e-02 1.031083334237337112e-02 3.034163080155849457e-02 4.336784407496452332e-02 4.993677884340286255e-02 3.883132338523864746e-02 3.450629068538546562e-03 1.318307872861623764e-02 4.865651205182075500e-02 2.897168137133121490e-02 2.768247760832309723e-02 4.027433693408966064e-02 2.568073384463787079e-02 4.351322352886199951e-02 6.227200850844383240e-03 1.823064312338829041e-02 3.736985102295875549e-02 4.536937177181243896e-02 2.890039049088954926e-02 1.650486513972282410e-02 2.764356508851051331e-02 2.066267654299736023e-02 6.736513227224349976e-03 4.417432844638824463e-02 2.235029824078083038e-02 6.582749634981155396e-02 1.318820007145404816e-02 1.337759289890527725e-02 6.831910926848649979e-03 2.464394643902778625e-02 3.158562257885932922e-02 4.381107538938522339e-02 4.726317524909973145e-02 4.307633265852928162e-02 3.782512992620468140e-02 4.784959182143211365e-02 2.366885356605052948e-02 3.220825269818305969e-02 1.737969182431697845e-02 1.205232460051774979e-02 4.344209283590316772e-02 1.684345304965972900e-02 2.255788259208202362e-02 2.562972158193588257e-02 2.551206573843955994e-02 1.079255528748035431e-02 1.443290524184703827e-02 2.775749377906322479e-02 2.576404437422752380e-02 2.409910038113594055e-02 2.076363377273082733e-02 5.376081913709640503e-02 1.906239055097103119e-02 1.459462754428386688e-02 7.599647156894207001e-03 2.521764487028121948e-02
1.839346885681152344e-01 4.493169486522674561e-01 4.221884161233901978e-02 3.969933092594146729e-02 1.532328501343727112e-02 1.159013882279396057e-01 7.749533653259277344e-02 8.706748485565185547e-03 4.492735490202903748e-02 1.913861185312271118e-02 2.585308440029621124e-02 1.371718570590019226e-02 1.144470423460006714e-01 2.276269660796970129e-04 1.546444091945886612e-02 3.244179114699363708e-02 2.797584235668182373e-02 2.526304684579372406e-03 4.597130790352821350e-02 4.113383218646049500e-02 2.711673080921173096e-02 2.910250611603260040e-02 1.410526502877473831e-02 2.757912687957286835e-02 2.948344312608242035e-02 1.107730716466903687e-02 3.195124492049217224e-02 3.402481973171234131e-02 5.904062651097774506e-03 3.295136988162994385e-02 1.993581652641296387e-02 1.406037807464599609e-02 3.890515118837356567e-02 4.525970725808292627e-04 1.436257082968950272e-02 9.829758666455745697e-03 1.046358235180377960e-02 1.706984080374240875e-02 1.272019464522600174e-02 1.338560786098241806e-02 1.446213293820619583e-02 2.360471262363716960e-04 4.063734784722328186e-02 2.544362097978591919e-02 2.791235409677028656e-02 2.129325456917285919e-02 3.311878442764282227e-02 1.456571836024522781e-02 3.701577708125114441e-02 2.220742963254451752e-02 1.333526521921157837e-02 2.336731739342212677e-02 1.236489135771989822e-02 3.604882210493087769e-02 1.008874457329511642e-02 1.970320194959640503e-02 6.590415723621845245e-03 4.296939074993133545e-02 3.201533108949661255e-03 3.064678236842155457e-02 1.373501215130090714e-02 6.467408966273069382e-03 3.713529556989669800e-02 2.063608262687921524e-03 1.095827319659292698e-03 1.420578733086585999e-02 2.514900267124176025e-02 6.250889273360371590e-04 4.555604234337806702e-02 2.409785613417625427e-02 4.792226478457450867e-02 4.214444197714328766e-04 4.102636873722076416e-02 8.635737933218479156e-03 1.767878304235637188e-03 2.650280296802520752e-02 3.645642474293708801e-02 3.455534577369689941e-02 2.254212507978081703e-03 2.715834975242614746e-02 3.977996855974197388e-02 4.582091234624385834e-03 1.602075621485710144e-02 2.756764553487300873e-02 5.391009151935577393e-02 2.391973696649074554e-02 1.929884403944015503e-02 3.304609656333923340e-02 4.611804150044918060e-03 1.710810326039791107e-02 7.355065643787384033e-02 3.446150943636894226e-02 2.827014587819576263e-02 3.278871532529592514e-03 1.151860598474740982e-02 1.369769498705863953e-02 5.920738913118839264e-03 4.161420091986656189e-02 2.837123535573482513e-02 1.128652468323707581e-01 2.149349451065063477e-02 3.323316201567649841e-02 5.237364675849676132e-03 2.931367838755249977e-03 1.043595653027296066e-02 4.111075773835182190e-03 9.767810814082622528e-03 4.139893501996994019e-02 3.915024176239967346e-02 1.054245326668024063e-02 2.936363220214843750e-02 4.148067161440849304e-02 4.003828857094049454e-03 6.360239349305629730e-03 2.400500327348709106e-02 6.440503988415002823e-03
5.629185121506452560e-03 4.221884161233901978e-02 4.571216404438018799e-01 3.964357450604438782e-02 2.324297465384006500e-02 2.738782018423080444e-02 1.229670830070972443e-02 1.426384449005126953e-01 1.279809698462486267e-02 1.571959466673433781e-03 7.841977477073669434e-02 2.352497540414333344e-02 8.231502771377563477e-02 5.501509644091129303e-03 2.099584322422742844e-03 1.579319499433040619e-02 1.037787878885865211e-03 1.741408556699752808e-02 5.190266296267509460e-02 2.518294937908649445e-02 1.449094526469707489e-02 3.852866590023040771e-02 2.981349453330039978e-02 1.874817721545696259e-02 4.908159375190734863e-02 3.444685414433479309e-02 2.927300520241260529e-02 1.348234992474317551e-02 4.700566083192825317e-02 5.290307477116584778e-02 1.339351199567317963e-02 3.061479330062866211e-02 5.351667851209640503e-02 2.495596930384635925e-02 2.207860350608825684e-02 8.807969279587268829e-03 9.890529327094554901e-03 2.238131687045097351e-02 3.805415704846382141e-02 1.989900879561901093e-02 4.873306024819612503e-03 9.928781539201736450e-03 2.761742845177650452e-02 2.127703279256820679e-02 3.094089683145284653e-03 6.126378662884235382e-03 8.761317282915115356e-02 4.988569766283035278e-02 1.536867395043373108e-02 1.690956577658653259e-02 2.780721709132194519e-02 3.658691793680191040e-02 3.247242420911788940e-02 2.656801044940948486e-02 3.142820671200752258e-02 2.383839525282382965e-02 1.235427451319992542e-03 2.770125493407249451e-02 3.678653622046113014e-03 2.400325797498226166e-02 1.237543858587741852e-02 3.160775825381278992e-02 9.463234804570674896e-03 2.923605404794216156e-02 4.523049574345350266e-05 8.650346659123897552e-03 2.953024022281169891e-02 1.639379933476448059e-02 1.937553845345973969e-02 7.114806678146123886e-03 1.507250033318996429e-02 2.662393078207969666e-02 1.953100087121129036e-03 1.995011698454618454e-03 1.555023435503244400e-02 2.251749485731124878e-02 4.090042319148778915e-03 1.975291594862937927e-02 2.942540496587753296e-02 8.249823004007339478e-03 1.400793492794036865e-01 5.890073999762535095e-02 3.222487121820449829e-02 1.271102763712406158e-02 6.617438048124313354e-04 1.651874929666519165e-02 4.714740440249443054e-02 2.167664840817451477e-02 1.710000075399875641e-02 1.578374020755290985e-02 1.252101361751556396e-02 8.814233355224132538e-03 3.085474483668804169e-03 3.941189497709274292e-02 2.234326303005218506e-02 3.112837113440036774e-02 4.332545027136802673e-02 3.273151442408561707e-02 3.118987195193767548e-02 6.403859704732894897e-03 4.864710196852684021e-02 6.039668340235948563e-03 3.447441011667251587e-02 2.836906723678112030e-02 1.085693575441837311e-02 3.834234178066253662e-02 2.554426528513431549e-02 1.987449079751968384e-02 9.584361687302589417e-03 5.626934580504894257e-03 1.688502356410026550e-02 1.682108640670776367e-02 2.378186583518981934e-02 4.296332597732543945e-02 2.897395193576812744e-02 4.158431198447942734e-03
1.615247502923011780e-02 3.969933092594146729e-02 3.964357450604438782e-02 4.816201031208038330e-01 4.064944759011268616e-02 1.772867143154144287e-02 1.424987614154815674e-02 4.805812612175941467e-03 4.505819454789161682e-02 1.140833646059036255e-02 9.127681143581867218e-03 7.510475348681211472e-03 2.976339310407638550e-02 1.808173954486846924e-02 1.561413146555423737e-02 6.394185870885848999e-02 4.552937299013137817e-02 2.918899618089199066e-02 2.054854482412338257e-02 1.847903057932853699e-02 1.040947902947664261e-02 2.959491871297359467e-02 5.447753239423036575e-03 1.038875151425600052e-02 8.386318571865558624e-03 3.728531673550605774e-02 3.774697333574295044e-02 8.207815699279308319e-03 4.080192372202873230e-02 3.056614845991134644e-02 1.376539003103971481e-02 5.164216086268424988e-02 1.260568667203187943e-02 3.847797587513923645e-02 2.283527888357639313e-02 3.646128252148628235e-02 1.162348873913288116e-02 2.059533074498176575e-02 3.626871854066848755e-02 2.031091041862964630e-02 3.092036955058574677e-02 1.772624813020229340e-02 8.778474293649196625e-04 8.255360648036003113e-03 2.668620273470878601e-02 4.043406993150711060e-02 3.892310336232185364e-02 4.889950901269912720e-02 7.439040392637252808e-02 2.760839648544788361e-02 2.025687135756015778e-02 1.446303538978099823e-02 3.587219631299376488e-03 5.272165872156620026e-03 3.746149688959121704e-02 3.988000005483627319e-02 4.085884895175695419e-03 3.827305883169174194e-02 4.351343028247356415e-03 4.401630535721778870e-02 1.801633089780807495e-02 4.073303565382957458e-02 4.948214441537857056e-02 2.179922536015510559e-02 1.346954423934221268e-02 2.338443323969841003e-02 2.920321933925151825e-02 2.894031070172786713e-02 2.105953171849250793e-02 4.347058385610580444e-02 3.631768003106117249e-02 8.640174753963947296e-03 9.912764281034469604e-02 6.120201945304870605e-02 1.659270748496055603e-02 3.623112861532717943e-04 7.113049272447824478e-03 2.884046733379364014e-02 4.996378347277641296e-02 4.484839271754026413e-03 2.478873357176780701e-02 3.125401213765144348e-02 1.866411045193672180e-02 4.300367087125778198e-02 6.084007397294044495e-02 7.113968580961227417e-02 4.866679385304450989e-02 3.400547802448272705e-02 4.979776591062545776e-02 5.404096096754074097e-03 1.399631518870592117e-02 1.701890863478183746e-02 1.632713153958320618e-02 1.560029387474060059e-02 6.145362183451652527e-02 3.649135306477546692e-02 2.532522939145565033e-02 5.298117175698280334e-02 1.749909855425357819e-02 2.182660810649394989e-02 3.792578354477882385e-02 4.821478389203548431e-03 2.968737296760082245e-02 1.761415414512157440e-02 2.625040337443351746e-02 3.711785748600959778e-02 6.296987179666757584e-03 1.381831057369709015e-02 3.034298866987228394e-02 8.174288086593151093e-03 3.390744794160127640e-03 1.655223406851291656e-02 1.230133976787328720e-02 1.366669777780771255e-02 8.629876188933849335e-03 2.313767746090888977e-02
4.792212042957544327e-03 1.532328501343727112e-02 2.324297465384006500e-02 4.064944759011268616e-02 4.474564790725708008e-01 3.542760619893670082e-03 4.225151985883712769e-02 1.451243995688855648e-03 4.554260894656181335e-02 7.342811673879623413e-03 4.209062457084655762e-02 5.503394175320863724e-03 2.253585122525691986e-02 1.140775784733705223e-04 3.318670438602566719e-03 1.658208854496479034e-02 2.271165326237678528e-02 3.052297607064247131e-02 6.996485870331525803e-03 4.509976506233215332e-02 3.432029113173484802e-02 4.428566992282867432e-02 3.959661349654197693e-02 3.433392569422721863e-02 6.037268321961164474e-03 3.730628639459609985e-02 9.564772248268127441e-03 2.987944893538951874e-02 2.755840495228767395e-02 4.468712955713272095e-02 2.607690170407295227e-02 6.053100340068340302e-03 4.835627507418394089e-03 4.010233283042907715e-02 1.510005531599745154e-04 9.501553140580654144e-03 4.362632334232330322e-02 3.013987094163894653e-02 1.399163622409105301e-02 4.795202612876892090e-02 2.678543329238891602e-03 3.836011746898293495e-04 2.715712971985340118e-02 2.843148075044155121e-02 3.851161524653434753e-02 2.260000072419643402e-02 2.369931712746620178e-02 1.494754105806350708e-03 2.342187054455280304e-02 1.316122896969318390e-02 2.900714986026287079e-02 1.756738871335983276e-02 2.110670087859034538e-03 8.180689997971057892e-03 4.521931335330009460e-02 4.789661243557929993e-02 2.771842665970325470e-02 3.611465799622237682e-04 2.471027197316288948e-03 3.055480308830738068e-02 2.665647491812705994e-02 2.269317582249641418e-02 7.783859968185424805e-03 3.943431749939918518e-02 2.184998802840709686e-02 7.206307351589202881e-02 1.227466948330402374e-02 9.902313351631164551e-03 1.819870993494987488e-02 1.646622829139232635e-02 1.694903895258903503e-02 1.567153446376323700e-02 1.892324187792837620e-03 2.458986267447471619e-02 9.805227071046829224e-02 2.329387143254280090e-02 2.086699567735195160e-02 4.748995974659919739e-02 3.257464990019798279e-02 3.449671715497970581e-02 1.798241399228572845e-02 1.751797460019588470e-02 3.665317967534065247e-02 7.047984749078750610e-02 5.227871611714363098e-02 6.138010881841182709e-03 1.544207241386175156e-02 2.516517415642738342e-02 4.716420173645019531e-02 3.951917961239814758e-02 2.977088326588273048e-03 3.280617063865065575e-03 3.056543134152889252e-02 5.244124215096235275e-03 3.512625768780708313e-02 1.785222999751567841e-02 5.097997374832630157e-03 2.295579575002193451e-02 4.829816520214080811e-02 2.482204930856823921e-03 5.993536673486232758e-03 2.746131643652915955e-02 4.958484787493944168e-03 3.496220335364341736e-02 1.003783848136663437e-02 8.315559476613998413e-03 9.561419486999511719e-03 1.528902258723974228e-02 1.922334358096122742e-02 9.669563919305801392e-02 3.995224088430404663e-02 3.529565408825874329e-02 1.204657601192593575e-03 1.163185923360288143e-03 4.261279851198196411e-02 4.419635608792304993e-02
8.030806481838226318e-02 1.159013882279396057e-01 2.738782018423080444e-02 1.772867143154144287e-02 3.542760619893670082e-03 4.745781123638153076e-01 1.218863278627395630e-01 6.596222985535860062e-03 1.705203787423670292e-03 1.840457133948802948e-02 9.715516865253448486e-02 3.351035341620445251e-02 1.152147576212882996e-01 2.335632219910621643e-02 3.731764480471611023e-02 5.174559773877263069e-04 1.852183789014816284e-02 5.026800557971000671e-02 4.005248844623565674e-02 9.977938607335090637e-03 1.116854045540094376e-02 1.457582600414752960e-02 2.730015292763710022e-02 2.510746568441390991e-02 2.252420969307422638e-02 1.137660723179578781e-02 4.503753781318664551e-02 4.644520953297615051e-02 3.477074950933456421e-02 2.784609049558639526e-02 2.168590947985649109e-02 1.291781850159168243e-02 2.023054473102092743e-02 5.722295865416526794e-02 3.320993855595588684e-02 1.041496451944112778e-02 1.244321558624505997e-02 2.850886806845664978e-02 1.256166771054267883e-02 7.218636106699705124e-03 1.946649700403213501e-02 5.598538089543581009e-03 5.598772317171096802e-03 2.031319076195359230e-03 1.928674243390560150e-02 2.454846538603305817e-02 1.201930195093154907e-01 1.864206604659557343e-02 4.975740611553192139e-02 3.058656863868236542e-02 9.980517439544200897e-03 2.604024112224578857e-02 3.502360358834266663e-02 9.913379326462745667e-03 1.516751386225223541e-02 3.787147626280784607e-02 3.808071836829185486e-03 9.694512002170085907e-03 1.204873248934745789e-02 3.475663065910339355e-02 2.134439768269658089e-03 1.107119675725698471e-02 4.744267463684082031e-02 6.558864377439022064e-03 1.927974633872509003e-02 3.408820927143096924e-02 1.011080387979745865e-02 2.722943387925624847e-02 4.668433219194412231e-03 2.635282836854457855e-02 8.049442432820796967e-03 2.182180434465408325e-02 4.889714065939188004e-03 3.881541267037391663e-02 4.553621169179677963e-03 1.929455623030662537e-02 4.363261163234710693e-03 3.359306976199150085e-02 2.612097887322306633e-03 3.032990545034408569e-02 3.850533859804272652e-03 1.639571785926818848e-02 1.428793743252754211e-02 4.329801350831985474e-02 2.313022734597325325e-03 4.292131215333938599e-02 1.196847949177026749e-02 2.879526652395725250e-02 1.789114624261856079e-02 1.486047171056270599e-02 3.265715762972831726e-02 1.766408979892730713e-02 5.260975100100040436e-03 2.633827552199363708e-02 2.205993980169296265e-02 1.025741454213857651e-02 4.005013406276702881e-02 5.737529601901769638e-03 3.050027415156364441e-03 1.873338222503662109e-02 1.616255193948745728e-02 3.709230944514274597e-02 4.259228706359863281e-02 6.041576154530048370e-03 1.014041248708963394e-02 3.425242379307746887e-02 2.128745242953300476e-02 1.332333497703075409e-02 1.748301833868026733e-02 1.036441884934902191e-02 3.362953662872314453e-02 3.297027572989463806e-02 9.623681544326245785e-04 7.809580303728580475e-03 1.241798419505357742e-02 2.434192970395088196e-02
9.540475904941558838e-03 7.749533653259277344e-02 1.229670830070972443e-02 1.424987614154815674e-02 4.225151985883712769e-02 1.218863278627395630e-01 4.856150150299072266e-01 1.659308001399040222e-02 1.433178037405014038e-02 6.369317322969436646e-02 7.076594233512878418e-02 7.547147572040557861e-03 5.248409882187843323e-02 1.167777553200721741e-02 7.905703037977218628e-03 9.908932261168956757e-03 7.841593585908412933e-03 8.284651674330234528e-03 5.085100606083869934e-02 5.401025991886854172e-03 4.009121563285589218e-03 4.954446852207183838e-02 2.373104915022850037e-02 3.648497909307479858e-02 1.791933318600058556e-03 4.671253263950347900e-03 6.421136204153299332e-03 1.568400301039218903e-02 1.446874719113111496e-02 6.531363353133201599e-03 2.374824881553649902e-02 3.758850693702697754e-02 3.440764173865318298e-02 9.222424589097499847e-03 8.602153509855270386e-03 1.644478295929729939e-03 4.597270395606756210e-03 3.244337067008018494e-02 2.204738557338714600e-02 1.055452600121498108e-02 1.526195276528596878e-02 3.409656928852200508e-04 8.231502026319503784e-03 2.588843228295445442e-03 1.482948008924722672e-02 2.185914106667041779e-02 5.996081978082656860e-02 1.227206587791442871e-01 1.692031323909759521e-02 1.566009223461151123e-02 4.618635773658752441e-02 4.925108328461647034e-02 5.828684195876121521e-03 1.513352617621421814e-02 2.925164066255092621e-02 5.389549769461154938e-03 1.810984686017036438e-02 3.211228642612695694e-03 4.509889706969261169e-02 1.487290393561124802e-02 1.423755846917629242e-02 3.835450485348701477e-02 9.687917772680521011e-04 3.767585754394531250e-02 2.814063057303428650e-02 1.903261244297027588e-02 1.946947351098060608e-02 1.051581837236881256e-02 6.260827183723449707e-03 5.579250678420066833e-02 1.914303749799728394e-02 4.035329446196556091e-03 1.566440053284168243e-02 3.499113768339157104e-02 1.756458543241024017e-02 1.006575766950845718e-02 2.056463994085788727e-02 1.750194653868675232e-02 1.783884316682815552e-02 2.336237346753478050e-03 1.759914122521877289e-02 9.012894704937934875e-03 4.423778876662254333e-02 3.797133453190326691e-03 3.754434583242982626e-04 2.550400793552398682e-02 5.632891785353422165e-03 2.616170607507228851e-02 4.062095284461975098e-02 1.646740920841693878e-02 6.552142649888992310e-02 2.901715692132711411e-03 7.604349404573440552e-02 8.351570926606655121e-03 3.187362104654312134e-02 4.284111037850379944e-02 4.655200988054275513e-02 4.923110362142324448e-03 6.598084233701229095e-03 1.455617975443601608e-02 5.581617355346679688e-02 1.860584691166877747e-02 1.058667991310358047e-02 2.720786817371845245e-02 4.150052741169929504e-02 3.937199711799621582e-02 3.265717625617980957e-02 1.856097392737865448e-02 2.558675967156887054e-02 2.089294791221618652e-02 2.044139988720417023e-02 1.456977613270282745e-02 2.715770527720451355e-02 2.822988294064998627e-02 2.349865436553955078e-02 3.541071340441703796e-02
2.870607934892177582e-02 8.706748485565185547e-03 1.426384449005126953e-01 4.805812612175941467e-03 1.451243995688855648e-03 6.596222985535860062e-03 1.659308001399040222e-02 4.706240892410278320e-01 1.239754445850849152e-02 7.170511875301599503e-03 1.404222194105386734e-02 2.209617197513580322e-02 2.885570004582405090e-02 2.783175744116306305e-02 7.187398523092269897e-02 7.532074814662337303e-04 5.230387672781944275e-03 4.855133593082427979e-02 4.610266536474227905e-02 2.805523946881294250e-02 1.872424967586994171e-02 1.443330850452184677e-02 1.337240636348724365e-02 1.357231661677360535e-02 4.221501946449279785e-02 2.108990773558616638e-02 6.887914612889289856e-03 3.547199070453643799e-02 5.105491727590560913e-04 4.969720169901847839e-02 2.691383007913827896e-03 1.469432655721902847e-02 2.065377868711948395e-02 1.135078258812427521e-02 1.740698330104351044e-02 3.822782635688781738e-02 1.288740243762731552e-02 4.198154062032699585e-02 7.366826292127370834e-03 4.462887998670339584e-03 6.194679439067840576e-02 1.543296687304973602e-02 1.913573220372200012e-02 1.017585396766662598e-02 4.183841496706008911e-02 1.528324279934167862e-02 1.203070953488349915e-02 3.319631889462471008e-02 3.555769100785255432e-02 5.603118333965539932e-03 4.800100252032279968e-02 2.693159691989421844e-02 3.540600463747978210e-02 1.372521091252565384e-02 1.211682800203561783e-02 2.777194231748580933e-02 9.307658299803733826e-03 1.584937237203121185e-02 2.709601260721683502e-02 4.788717254996299744e-02 2.304102294147014618e-02 4.254942759871482849e-02 7.346991915255784988e-03 3.128287941217422485e-02 3.651475906372070312e-02 5.376781802624464035e-03 5.241059884428977966e-02 3.318644687533378601e-02 1.839899923652410507e-04 8.179394528269767761e-03 9.827152825891971588e-04 1.524902228266000748e-02 2.408037334680557251e-02 4.137743089813739061e-04 1.238085795193910599e-02 3.078546002507209778e-02 3.230176866054534912e-02 8.501632139086723328e-03 1.930681988596916199e-02 2.724362723529338837e-02 1.039301902055740356e-01 1.341365575790405273e-01 2.694281190633773804e-02 3.180251922458410263e-03 4.358158633112907410e-02 1.022497750818729401e-02 1.038149744272232056e-01 2.430905960500240326e-02 3.550899028778076172e-02 2.653852477669715881e-02 1.356864813715219498e-02 4.196763038635253906e-02 2.667658496648073196e-03 9.348309598863124847e-03 3.996866755187511444e-03 5.675628315657377243e-03 3.756356658414006233e-03 4.892576113343238831e-02 4.108338057994842529e-02 1.411403249949216843e-02 1.244544866494834423e-03 4.329594597220420837e-02 3.620445029810070992e-03 3.236002102494239807e-02 2.843989059329032898e-03 2.490512467920780182e-02 2.006344124674797058e-02 1.312156394124031067e-02 2.799180522561073303e-02 2.675540186464786530e-02 6.531194783747196198e-03 1.621688902378082275e-02 4.033857583999633789e-02 4.496375471353530884e-02 3.396432846784591675e-02 3.997315187007188797e-03
2.548224478960037231e-02 4.492735490202903748e-02 1.279809698462486267e-02 4.505819454789161682e-02 4.554260894656181335e-02 1.705203787423670292e-03 1.433178037405014038e-02 1.239754445850849152e-02 4.923953115940093994e-01 4.519759491086006165e-02 1.108273118734359741e-02 3.886730223894119263e-02 7.122852839529514313e-03 2.287764288485050201e-02 3.002608753740787506e-02 3.730598464608192444e-02 7.066056132316589355e-04 7.903330028057098389e-02 3.237521275877952576e-03 3.970020916312932968e-03 2.240123040974140167e-02 4.155122488737106323e-02 7.067739963531494141e-02 4.099029302597045898e-02 1.031548622995615005e-02 2.834554202854633331e-02 5.520753934979438782e-02 3.856356814503669739e-02 3.030686452984809875e-02 3.481864696368575096e-03 5.064731836318969727e-02 5.967487767338752747e-02 1.122860983014106750e-02 5.195303261280059814e-02 4.588201642036437988e-02 2.797267865389585495e-03 3.019915602635592222e-04 2.558164065703749657e-03 2.626395411789417267e-02 1.989608444273471832e-02 2.434232085943222046e-02 3.852476924657821655e-02 3.088437579572200775e-02 1.331051718443632126e-02 5.490633100271224976e-02 1.858132705092430115e-02 1.741066388785839081e-02 2.048124000430107117e-02 3.374621644616127014e-02 1.356284692883491516e-02 3.709710016846656799e-02 1.169917173683643341e-02 5.427069216966629028e-02 4.029724001884460449e-02 7.482423633337020874e-02 1.685236953198909760e-02 3.310384601354598999e-02 1.005898416042327881e-02 1.636234112083911896e-02 1.452568918466567993e-02 6.292257457971572876e-02 5.093676596879959106e-02 3.346175327897071838e-02 3.540595620870590210e-02 1.204394083470106125e-02 8.331372402608394623e-03 2.126771397888660431e-02 4.113744944334030151e-02 2.951106987893581390e-02 1.877864263951778412e-02 1.028184685856103897e-02 1.685475814156234264e-03 3.826554119586944580e-02 1.850308105349540710e-02 1.229874696582555771e-02 1.043040491640567780e-02 6.128543615341186523e-02 1.371174026280641556e-02 6.705234199762344360e-02 4.708845540881156921e-02 1.484479568898677826e-02 3.926737606525421143e-02 3.675941750407218933e-02 1.618926413357257843e-02 1.503440737724304199e-02 1.956233195960521698e-02 1.153058372437953949e-02 1.154469884932041168e-02 4.160558804869651794e-03 2.093204110860824585e-02 3.528403863310813904e-02 4.871032387018203735e-02 2.877972833812236786e-02 3.822045982815325260e-04 5.564207583665847778e-02 4.907085094600915909e-03 1.411306951195001602e-02 1.494775526225566864e-02 4.796734079718589783e-02 1.562019996345043182e-02 4.694063682109117508e-03 4.540329799056053162e-02 2.381364069879055023e-02 4.668015241622924805e-02 1.055472809821367264e-02 2.865559421479701996e-02 2.925750333815813065e-03 4.425463825464248657e-02 1.094502862542867661e-02 4.724592342972755432e-02 2.269386872649192810e-02 3.004045411944389343e-02 2.034920267760753632e-03 8.081121370196342468e-03 2.361389249563217163e-02 4.758440330624580383e-02
2.559670060873031616e-02 1.913861185312271118e-02 1.571959466673433781e-03 1.140833646059036255e-02 7.342811673879623413e-03 1.840457133948802948e-02 6.369317322969436646e-02 7.170511875301599503e-03 4.519759491086006165e-02 4.902641475200653076e-01 4.156648367643356323e-02 3.039764054119586945e-02 1.356056146323680878e-02 9.406303986907005310e-03 5.129370093345642090e-02 1.141244173049926758e-02 1.433818717487156391e-03 9.265417233109474182e-03 9.749370068311691284e-02 4.669342562556266785e-02 1.758500188589096069e-02 5.007834732532501221e-02 2.322009764611721039e-02 4.519125074148178101e-02 3.547227382659912109e-02 4.490941762924194336e-02 3.380713285878300667e-03 2.463810145854949951e-02 1.189747126772999763e-03 3.745944797992706299e-02 1.090479083359241486e-02 2.584883756935596466e-02 6.516383960843086243e-03 5.260289087891578674e-02 1.604240760207176208e-02 2.855930477380752563e-02 1.749305613338947296e-02 3.295303136110305786e-02 1.190398167818784714e-02 7.510595954954624176e-03 3.032528329640626907e-03 4.464898630976676941e-02 4.825188219547271729e-02 2.539292909204959869e-02 2.579148299992084503e-02 4.650901257991790771e-02 2.021905593574047089e-02 1.672483608126640320e-02 5.097924917936325073e-02 5.051744729280471802e-02 2.233846858143806458e-02 4.517153836786746979e-03 3.140529245138168335e-02 3.572183428332209587e-03 2.158555760979652405e-02 5.210181325674057007e-02 3.619015216827392578e-02 3.262492641806602478e-02 2.645618282258510590e-02 4.306252300739288330e-02 1.443577464669942856e-02 2.518463507294654846e-02 1.657585799694061279e-02 6.314172409474849701e-03 3.288410604000091553e-02 4.600865393877029419e-02 2.381123416125774384e-02 2.904082089662551880e-02 1.532390899956226349e-02 6.697749346494674683e-02 1.108620502054691315e-02 9.182495065033435822e-03 5.737375095486640930e-02 4.564705863595008850e-02 3.181302919983863831e-02 1.159885898232460022e-02 2.211973629891872406e-02 5.866048485040664673e-02 1.009719213470816612e-03 1.129899546504020691e-01 3.343801945447921753e-02 2.643672935664653778e-02 1.310385484248399734e-02 1.240490674972534180e-01 5.406144633889198303e-02 3.877204377204179764e-03 4.249100014567375183e-02 3.280393406748771667e-02 5.410540103912353516e-02 2.111916802823543549e-02 2.543669380247592926e-02 3.738397359848022461e-02 1.108188647776842117e-02 1.541020907461643219e-02 3.180560097098350525e-02 4.614597931504249573e-02 1.983572728931903839e-02 1.981656067073345184e-02 1.775957411155104637e-03 4.094076342880725861e-03 4.112007096409797668e-02 2.057725936174392700e-02 5.707693286240100861e-03 2.089833095669746399e-02 1.669787429273128510e-02 2.451587468385696411e-02 3.211102262139320374e-02 3.720977157354354858e-02 2.815476432442665100e-02 3.220290690660476685e-02 2.020998857915401459e-02 2.547673881053924561e-02 3.851819038391113281e-02 2.904793433845043182e-02 6.225355900824069977e-03 4.571811854839324951e-02
1.157749146223068237e-01 2.585308440029621124e-02 7.841977477073669434e-02 9.127681143581867218e-03 4.209062457084655762e-02 9.715516865253448486e-02 7.076594233512878418e-02 1.404222194105386734e-02 1.108273118734359741e-02 4.156648367643356323e-02 4.893864393234252930e-01 2.686884440481662750e-02 9.918802976608276367e-02 2.613693475723266602e-02 3.692069649696350098e-02 3.990334272384643555e-02 4.497084394097328186e-02 1.194696058519184589e-03 3.371185436844825745e-02 1.253436598926782608e-02 1.473434641957283020e-02 3.609030321240425110e-02 1.805776916444301605e-02 1.735787652432918549e-02 2.826081775128841400e-02 4.245801642537117004e-02 2.636387385427951813e-02 6.139785051345825195e-03 8.987339213490486145e-03 1.404226198792457581e-02 3.688973188400268555e-02 2.128877677023410797e-02 6.060049682855606079e-02 4.362471774220466614e-02 1.916016824543476105e-02 3.137573972344398499e-02 2.124387770891189575e-02 2.156957983970642090e-02 2.535215578973293304e-03 3.107442706823348999e-02 5.247848480939865112e-02 8.666248992085456848e-03 4.519806429743766785e-02 2.601491659879684448e-02 3.560994192957878113e-02 3.392253816127777100e-02 1.054850518703460693e-01 6.401509791612625122e-02 3.051085770130157471e-02 2.326834946870803833e-02 4.311572015285491943e-02 1.539879385381937027e-02 5.144930258393287659e-02 2.891945093870162964e-02 4.058737307786941528e-02 3.248062729835510254e-02 2.896440587937831879e-02 2.010887116193771362e-02 4.274724796414375305e-02 4.527528304606676102e-03 2.360227983444929123e-03 2.913929522037506104e-03 1.244924124330282211e-02 1.264126505702733994e-02 9.054490178823471069e-02 2.786151133477687836e-02 2.713660337030887604e-02 1.970997266471385956e-02 1.739517226815223694e-02 2.712731808423995972e-02 1.022035256028175354e-02 3.796913102269172668e-02 1.588634587824344635e-02 3.512654080986976624e-02 1.193048991262912750e-02 2.010187879204750061e-02 2.680710516870021820e-02 3.897401271387934685e-03 1.480086799710988998e-02 4.147790372371673584e-02 3.572119399905204773e-02 4.446649923920631409e-02 1.929390057921409607e-02 4.508600011467933655e-02 3.717278316617012024e-02 4.575363174080848694e-02 4.948505386710166931e-02 4.406893625855445862e-03 1.110675465315580368e-02 6.789990700781345367e-03 4.981224983930587769e-02 3.235817328095436096e-02 2.207670919597148895e-02 5.138188973069190979e-02 3.784436360001564026e-02 3.685198351740837097e-02 3.494590148329734802e-02 7.827054709196090698e-03 9.267032146453857422e-03 5.059190094470977783e-02 4.973648861050605774e-02 1.029045972973108292e-02 2.708842419087886810e-02 3.158346191048622131e-02 3.454768285155296326e-02 8.829716593027114868e-03 3.445732593536376953e-02 5.353767052292823792e-02 4.150706157088279724e-02 9.638137184083461761e-03 4.016600176692008972e-02 1.510388683527708054e-02 2.551945857703685760e-02 2.397527545690536499e-02 4.390580952167510986e-02 2.480245009064674377e-02
2.351689524948596954e-02 1.371718570590019226e-02 2.352497540414333344e-02 7.510475348681211472e-03 5.503394175320863724e-03 3.351035341620445251e-02 7.547147572040557861e-03 2.209617197513580322e-02 3.886730223894119263e-02 3.039764054119586945e-02 2.686884440481662750e-02 4.896466732025146484e-01 4.611872136592864990e-03 9.746675193309783936e-02 1.558903697878122330e-02 7.976344786584377289e-03 1.673660613596439362e-02 1.512503717094659805e-02 3.264765441417694092e-02 3.430410055443644524e-03 1.148694660514593124e-02 2.752022631466388702e-02 5.671278759837150574e-02 1.261266041547060013e-02 1.427673920989036560e-02 1.818997599184513092e-02 4.414884373545646667e-02 7.997591793537139893e-02 2.714192122220993042e-02 5.476733297109603882e-02 1.286482997238636017e-02 9.749433957040309906e-03 3.472400084137916565e-02 2.102279849350452423e-02 3.982471674680709839e-02 4.942449741065502167e-03 1.145005133002996445e-02 4.767966642975807190e-02 5.510490853339433670e-03 7.801246363669633865e-03 4.762490093708038330e-02 1.385879609733819962e-02 2.767865546047687531e-02 2.114255167543888092e-02 5.495917797088623047e-02 4.270972218364477158e-03 1.511453650891780853e-02 1.297368295490741730e-02 1.069142017513513565e-02 1.373928040266036987e-02 1.505406759679317474e-02 1.171425171196460724e-02 1.979420892894268036e-02 4.755385220050811768e-03 5.462054535746574402e-02 4.663506895303726196e-02 4.558973386883735657e-02 1.197902858257293701e-02 8.567466400563716888e-03 1.017912011593580246e-02 4.716861585620790720e-04 3.035382926464080811e-02 3.465207293629646301e-03 3.013898432254791260e-02 3.009461611509323120e-02 1.708947494626045227e-02 3.027589246630668640e-02 3.606032207608222961e-02 3.290043398737907410e-02 1.515673194080591202e-02 2.737022563815116882e-02 7.224609609693288803e-03 5.595014244318008423e-02 3.549366490915417671e-03 2.658413141034543514e-04 1.107102725654840469e-02 5.546610057353973389e-02 2.104808762669563293e-02 4.947651643306016922e-03 2.851639874279499054e-02 1.675057224929332733e-02 2.758160419762134552e-02 2.164736762642860413e-02 4.048520699143409729e-02 5.332725122570991516e-02 3.814686462283134460e-02 5.889400374144315720e-03 4.276575520634651184e-02 4.048999026417732239e-02 3.413044288754463196e-02 2.979585342109203339e-02 3.275327011942863464e-02 2.565898187458515167e-02 2.254432812333106995e-02 1.832003146409988403e-02 3.873709589242935181e-02 3.151268139481544495e-02 9.827808476984500885e-03 8.810230065137147903e-04 2.093275263905525208e-02 3.999172523617744446e-02 4.132958874106407166e-02 3.413924947381019592e-02 4.153048619627952576e-02 3.579317778348922729e-02 4.870729520916938782e-02 2.848390303552150726e-02 4.653774667531251907e-03 3.827519714832305908e-02 4.652365297079086304e-02 2.232315950095653534e-02 1.574960164725780487e-02 4.931259900331497192e-02 3.531323373317718506e-02 1.672703027725219727e-02 2.180453389883041382e-03
4.783120378851890564e-02 1.144470423460006714e-01 8.231502771377563477e-02 2.976339310407638550e-02 2.253585122525691986e-02 1.152147576212882996e-01 5.248409882187843323e-02 2.885570004582405090e-02 7.122852839529514313e-03 1.356056146323680878e-02 9.918802976608276367e-02 4.611872136592864990e-03 4.822248220443725586e-01 4.402179736644029617e-03 7.613520137965679169e-03 2.000135928392410278e-02 2.162414370104670525e-03 7.406968623399734497e-03 4.113950580358505249e-02 3.455545380711555481e-02 2.834353409707546234e-02 5.435940995812416077e-02 8.213715045712888241e-04 2.807636279612779617e-03 6.121962517499923706e-02 5.152176693081855774e-02 2.511210925877094269e-02 2.854121848940849304e-04 4.691686853766441345e-02 2.106959931552410126e-02 1.756797730922698975e-02 5.429393798112869263e-02 1.674713380634784698e-02 3.844933211803436279e-02 2.410904131829738617e-02 2.341847307980060577e-02 6.298875436186790466e-03 1.506444253027439117e-02 3.392956778407096863e-02 1.450105849653482437e-02 3.307770565152168274e-02 1.202135626226663589e-02 5.107166711241006851e-03 3.135298937559127808e-02 9.009851492010056973e-04 4.467955976724624634e-02 1.152838841080665588e-01 1.354195363819599152e-02 2.592662349343299866e-02 2.169832400977611542e-02 3.342782333493232727e-02 2.432989701628684998e-02 2.649188041687011719e-02 2.515062503516674042e-02 4.235770180821418762e-02 1.583257131278514862e-02 4.307449609041213989e-02 2.168689295649528503e-02 3.917637467384338379e-02 2.599359117448329926e-02 1.083996985107660294e-02 3.322814777493476868e-02 1.081994920969009399e-02 2.394279092550277710e-02 6.582817435264587402e-02 1.218502223491668701e-01 4.334393143653869629e-02 1.429273840039968491e-02 8.783929981291294098e-03 1.003994606435298920e-02 1.906926743686199188e-02 1.813821867108345032e-02 2.270765602588653564e-02 3.356022387742996216e-02 1.202418934553861618e-02 1.636308431625366211e-02 1.271589752286672592e-02 4.240078106522560120e-02 3.741448372602462769e-02 3.280243277549743652e-02 1.422008033841848373e-02 4.282490164041519165e-02 8.610376971773803234e-04 3.313963860273361206e-02 2.897357940673828125e-02 1.414686068892478943e-02 4.669640585780143738e-02 8.290810510516166687e-03 1.217299140989780426e-02 6.471265852451324463e-02 7.168037816882133484e-03 2.724876627326011658e-03 2.061542868614196777e-02 5.603219568729400635e-02 1.789671182632446289e-02 3.660357743501663208e-02 4.442388564348220825e-02 1.660852320492267609e-02 1.012106426060199738e-02 1.544981449842453003e-02 3.109950758516788483e-02 2.522928826510906219e-02 7.914138026535511017e-03 1.518120709806680679e-02 1.928224973380565643e-02 2.585904300212860107e-02 9.400287526659667492e-04 1.871425285935401917e-02 2.060940489172935486e-02 4.331034794449806213e-02 3.679501637816429138e-02 2.112547954311594367e-04 3.524621948599815369e-02 3.378236293792724609e-02 1.314990408718585968e-02 2.157190442085266113e-02
