5.061308741569519043e-01 2.176626771688461304e-01 2.493244223296642303e-02 2.874406054615974426e-02 2.400012873113155365e-02 1.021308242343366146e-03 1.195347495377063751e-02 3.496166551485657692e-03 4.062009230256080627e-02 6.316058803349733353e-03 1.332976073026657104e-01 2.083581406623125076e-03 6.816680729389190674e-02 1.090800296515226364e-02 1.475649699568748474e-02 4.207682237029075623e-02 2.833480015397071838e-02 1.437286101281642914e-02 1.740880496799945831e-02 3.053612634539604187e-02 1.255914103239774704e-02 4.562398884445428848e-03 2.324750833213329315e-02 2.557347528636455536e-02 1.316141337156295776e-02 9.525691159069538116e-03 1.769050210714340210e-02 8.286271989345550537e-02 2.066737040877342224e-03 9.162398986518383026e-03 1.830095797777175903e-02 2.566459588706493378e-03 2.549924701452255249e-02 2.453807927668094635e-02 3.947348799556493759e-03 2.282568439841270447e-02 3.467780351638793945e-02 2.414281293749809265e-02 3.641537576913833618e-02 2.561565488576889038e-02 1.791312173008918762e-02 1.435191743075847626e-02 2.527880249544978142e-03 1.027195248752832413e-03 5.259939003735780716e-03 3.889158368110656738e-02 7.052919827401638031e-03 4.647918045520782471e-02 3.111879527568817139e-02 2.878880314528942108e-02 8.230565115809440613e-03 4.666570574045181274e-03 4.141730815172195435e-02 7.331288419663906097e-03 4.877726361155509949e-02 4.547402635216712952e-02 2.827287092804908752e-02 3.715585917234420776e-02 6.219706032425165176e-03 3.340433537960052490e-02 3.491167724132537842e-02 2.454828657209873199e-02 2.380365505814552307e-03 2.339494414627552032e-02 4.082683101296424866e-02 6.453427486121654510e-03 1.070712320506572723e-02 1.234513241797685623e-02 1.312405802309513092e-02 1.230561640113592148e-02 6.457220762968063354e-03 3.038856759667396545e-02 2.866089530289173126e-02 5.840532481670379639e-02 8.828923106193542480e-03 3.628488257527351379e-02 2.044862508773803711e-02 3.509352356195449829e-02 3.994316980242729187e-02 1.038099266588687897e-02 1.652275957167148590e-02 5.099280737340450287e-03 5.298874527215957642e-02 1.494167954660952091e-04 2.628049347549676895e-03 3.475787490606307983e-02 3.271375596523284912e-02 2.239950187504291534e-02 3.284928202629089355e-02 1.342919562011957169e-02 6.587500870227813721e-02 3.344427049160003662e-02 1.078204438090324402e-02 6.821064278483390808e-03 4.325971007347106934e-02 1.681183278560638428e-02 4.161709174513816833e-02 3.306126222014427185e-02 1.683155633509159088e-02 3.578124567866325378e-02 3.286384046077728271e-02 3.835778310894966125e-02 5.832413677126169205e-03 1.712920959107577801e-03 2.601513825356960297e-02 6.999864242970943451e-03 1.244524586945772171e-02 4.260454326868057251e-02 4.159766249358654022e-03 2.282787486910820007e-02 7.088842801749706268e-03 2.205251157283782959e-02 4.188731312751770020e-03 1.831507124006748199e-02 3.692989051342010498e-02 2.994928322732448578e-02
2.176626771688461304e-01 5.195206999778747559e-01 4.563077352941036224e-03 3.664411604404449463e-02 6.240427610464394093e-04 2.568104118108749390e-02 1.029150784015655518e-01 5.777638871222734451e-03 3.105516731739044189e-02 2.111031115055084229e-02 9.832672029733657837e-02 1.126134768128395081e-02 1.040409281849861145e-01 3.414665907621383667e-02 1.356749609112739563e-02 3.556507453322410583e-02 7.560087833553552628e-03 2.887752093374729156e-02 3.229041770100593567e-02 2.033226657658815384e-03 4.664305597543716431e-03 1.432149019092321396e-02 4.414844885468482971e-02 1.638165675103664398e-02 1.884085685014724731e-02 2.417976967990398407e-02 1.490060426294803619e-02 6.644507497549057007e-02 6.803195178508758545e-02 2.877415530383586884e-02 1.536257192492485046e-02 3.652102081105113029e-03 4.000413790345191956e-02 3.726159688085317612e-03 2.627508714795112610e-02 2.188026160001754761e-02 3.705332055687904358e-02 2.061868086457252502e-02 3.605286823585629463e-03 1.678404770791530609e-02 8.246915042400360107e-02 3.369949292391538620e-03 2.111959271132946014e-03 1.462767273187637329e-02 1.425880938768386841e-02 3.940411284565925598e-02 2.054754085838794708e-02 2.979167737066745758e-02 1.498141046613454819e-02 5.671346560120582581e-02 1.678259298205375671e-02 4.569872096180915833e-02 3.625347837805747986e-02 5.110631138086318970e-02 6.733518838882446289e-02 4.016481712460517883e-02 2.925677224993705750e-02 4.885562509298324585e-02 5.150795914232730865e-04 2.391603542491793633e-03 5.153314396739006042e-02 1.829665154218673706e-02 4.441693797707557678e-02 1.938528381288051605e-02 7.925802841782569885e-03 4.452074691653251648e-02 2.669046260416507721e-02 2.277312614023685455e-02 1.250976976007223129e-02 3.682941570878028870e-02 4.462147131562232971e-02 3.698572516441345215e-02 6.215406954288482666e-02 3.306820243597030640e-02 1.050948258489370346e-02 4.298373684287071228e-02 2.221148926764726639e-03 1.463826838880777359e-02 2.722537331283092499e-02 1.017126441001892090e-02 2.873549796640872955e-02 3.280826285481452942e-02 2.227378264069557190e-02 1.134605892002582550e-02 3.550159186124801636e-02 1.874314807355403900e-02 1.685486547648906708e-02 3.841319680213928223e-02 3.049372695386409760e-02 2.268343232572078705e-02 2.138515003025531769e-02 5.226535722613334656e-03 5.912270862609148026e-03 1.773843658156692982e-03 1.229028496891260147e-02 4.970961809158325195e-02 3.750830143690109253e-02 3.484295308589935303e-02 3.632129728794097900e-02 2.837592037394642830e-03 1.444189692847430706e-03 1.028510928153991699e-02 2.948632463812828064e-02 3.364738449454307556e-02 1.554757915437221527e-02 2.595188654959201813e-02 3.968616202473640442e-02 3.506000339984893799e-02 6.335595622658729553e-03 5.049793981015682220e-03 5.805901065468788147e-02 2.067941799759864807e-02 4.341445118188858032e-02 4.506090655922889709e-02 1.691445894539356232e-02 3.272509947419166565e-02
2.493244223296642303e-02 4.563077352941036224e-03 4.875104129314422607e-01 1.185825560241937637e-02 4.143759142607450485e-03 4.325731843709945679e-02 4.465588554739952087e-02 1.195668131113052368e-01 2.006110548973083496e-02 3.684603422880172729e-02 5.229064822196960449e-02 3.353782370686531067e-02 5.126259103417396545e-02 2.277286536991596222e-02 1.473905798047780991e-02 3.417611494660377502e-02 2.146692946553230286e-02 4.011255502700805664e-02 1.408300176262855530e-02 3.949913382530212402e-02 2.641496248543262482e-02 1.145471446216106415e-02 2.523347735404968262e-03 2.816873043775558472e-02 4.008055850863456726e-02 1.305045001208782196e-02 3.093288280069828033e-02 6.236736080609261990e-04 2.074653282761573792e-02 5.379525013267993927e-03 5.554323270916938782e-02 2.813582541421055794e-03 1.862383633852005005e-02 4.023233801126480103e-02 9.917189367115497589e-03 2.781995199620723724e-02 1.341764233075082302e-03 3.943192132283002138e-04 1.614116877317428589e-02 3.206417337059974670e-02 1.947539858520030975e-02 3.514888882637023926e-02 5.910998675972223282e-03 6.363856792449951172e-02 2.231715992093086243e-02 9.548840112984180450e-03 5.916667170822620392e-03 3.020670823752880096e-02 3.511713072657585144e-02 5.625431891530752182e-03 2.025977522134780884e-02 2.589810080826282501e-02 6.048922613263130188e-02 9.043569676578044891e-03 2.645823173224925995e-02 3.628790751099586487e-02 8.246203884482383728e-03 2.155396901071071625e-02 2.383634634315967560e-02 3.872966766357421875e-02 4.965935833752155304e-03 4.052206873893737793e-02 4.399516619741916656e-03 1.830518618226051331e-02 3.057117946445941925e-02 3.120745159685611725e-02 4.045561328530311584e-02 4.062130302190780640e-02 4.483884200453758240e-03 3.971614688634872437e-02 5.214283242821693420e-03 2.564116939902305603e-02 2.697529457509517670e-02 8.766114711761474609e-03 7.833096198737621307e-03 2.700534649193286896e-02 2.612919732928276062e-02 6.337675731629133224e-03 2.907587029039859772e-02 8.012882433831691742e-03 8.823459595441818237e-02 3.994930163025856018e-02 1.981021650135517120e-02 1.711291447281837463e-02 9.479513391852378845e-03 7.022871170192956924e-03 1.754580438137054443e-02 8.853192441165447235e-03 1.541884033940732479e-03 2.519167028367519379e-02 3.942556213587522507e-03 4.095287621021270752e-02 2.273243386298418045e-03 9.355923160910606384e-03 3.611949458718299866e-02 2.556229941546916962e-02 2.073572948575019836e-02 2.240561880171298981e-02 1.170125417411327362e-02 3.078192844986915588e-02 3.462240844964981079e-02 2.427994832396507263e-02 1.272402983158826828e-02 3.976487368345260620e-02 1.014956738799810410e-03 3.621632466092705727e-03 6.569571793079376221e-02 5.501513369381427765e-03 1.132507342845201492e-02 1.718549057841300964e-02 4.069670289754867554e-02 3.578634560108184814e-02 3.068642131984233856e-02 1.685812883079051971e-02 1.111894380301237106e-02 1.503435336053371429e-02
2.874406054615974426e-02 3.664411604404449463e-02 1.185825560241937637e-02 5.177524685859680176e-01 2.071787267923355103e-01 1.569588296115398407e-02 1.598125882446765900e-02 2.269913442432880402e-02 1.818570680916309357e-02 3.333171084523200989e-02 1.167816948145627975e-02 1.437499374151229858e-02 3.692444786429405212e-02 1.778888888657093048e-02 4.043476283550262451e-02 1.138046197593212128e-02 1.919542625546455383e-02 6.252553313970565796e-02 6.601748988032341003e-03 3.768752329051494598e-03 3.689201921224594116e-02 9.681277908384799957e-03 1.925746351480484009e-02 1.646165177226066589e-02 2.467896975576877594e-02 4.312666133046150208e-02 1.357105839997529984e-02 2.077034674584865570e-02 3.176397085189819336e-02 3.487028926610946655e-02 1.530342502519488335e-03 5.445739720016717911e-03 5.697853397578001022e-03 2.037538029253482819e-02 5.932410713285207748e-03 1.386667229235172272e-02 9.182847104966640472e-03 1.495768409222364426e-02 6.383073329925537109e-02 3.341937437653541565e-02 3.675843775272369385e-02 3.515826538205146790e-02 1.902290992438793182e-02 1.200711412820965052e-04 1.901989802718162537e-02 4.138146713376045227e-02 4.738437756896018982e-02 1.522363629192113876e-02 3.411749005317687988e-02 3.647055104374885559e-02 3.436399251222610474e-02 3.257657960057258606e-02 1.581787317991256714e-02 1.816331408917903900e-02 3.430965915322303772e-02 4.341737553477287292e-02 4.913746193051338196e-02 3.291030973196029663e-02 2.413868205621838570e-03 2.953491546213626862e-02 4.727181419730186462e-02 1.846855040639638901e-03 5.645726248621940613e-02 1.060255244374275208e-02 2.225754596292972565e-02 1.113214064389467239e-02 3.891803557053208351e-03 1.923967525362968445e-02 2.879692614078521729e-02 4.550491459667682648e-03 2.619599923491477966e-02 8.243910968303680420e-03 1.046669334173202515e-01 8.004775270819664001e-03 4.844896495342254639e-02 7.387872785329818726e-02 3.347635269165039062e-02 4.458853043615818024e-03 5.008573830127716064e-02 4.286523535847663879e-02 1.433293987065553665e-02 2.953612012788653374e-03 1.142289638519287109e-01 5.881153978407382965e-03 3.374512121081352234e-02 2.232969552278518677e-02 7.337880320847034454e-03 4.261372238397598267e-02 2.074637264013290405e-02 4.975029453635215759e-02 1.390660833567380905e-02 3.854667767882347107e-02 5.891140550374984741e-03 3.003040887415409088e-02 2.570403553545475006e-02 4.131016135215759277e-02 5.445866845548152924e-03 4.839835315942764282e-02 2.064436487853527069e-02 1.957103144377470016e-03 1.178190205246210098e-02 4.515530075877904892e-03 2.934588491916656494e-02 1.178990397602319717e-02 3.733745217323303223e-02 4.143674299120903015e-02 7.439746987074613571e-03 2.088296040892601013e-02 1.058617979288101196e-02 3.177660284563899040e-03 1.718701981008052826e-02 3.120483644306659698e-02 1.319271977990865707e-02 1.419648528099060059e-02 7.620359770953655243e-03 1.471222098916769028e-02
2.400012873113155365e-02 6.240427610464394093e-04 4.143759142607450485e-03 2.071787267923355103e-01 5.192232131958007812e-01 2.573079988360404968e-02 1.622579991817474365e-02 2.881977707147598267e-02 2.845638990402221680e-02 3.672622516751289368e-02 4.259614273905754089e-02 2.194019220769405365e-02 3.515422716736793518e-02 5.366164725273847580e-03 4.196633398532867432e-02 2.813428267836570740e-02 1.031847856938838959e-02 7.370523363351821899e-02 1.956853084266185760e-03 5.121742375195026398e-03 3.472285345196723938e-02 3.413456678390502930e-02 6.986188236624002457e-03 4.045403748750686646e-02 2.317403070628643036e-02 4.160698130726814270e-02 2.180806919932365417e-02 3.429374843835830688e-02 3.194710984826087952e-02 2.571870386600494385e-02 3.934724256396293640e-02 2.975926920771598816e-02 1.559782028198242188e-02 3.850103542208671570e-02 1.333940424956381321e-03 9.068639017641544342e-03 3.250346344429999590e-04 3.877497464418411255e-02 1.083238571882247925e-01 1.456410288810729980e-01 1.339422352612018585e-02 1.341269817203283310e-02 2.772554941475391388e-02 5.522551480680704117e-03 1.450079027563333511e-02 2.990805543959140778e-02 1.886999420821666718e-02 3.038664348423480988e-03 9.822416119277477264e-03 1.406749151647090912e-02 1.757784001529216766e-02 2.171863615512847900e-02 2.769826678559184074e-03 1.333928573876619339e-02 1.184888277202844620e-02 2.302871830761432648e-02 2.639269642531871796e-02 2.019236236810684204e-02 1.127428654581308365e-02 6.127179041504859924e-02 1.103459764271974564e-02 1.344520598649978638e-02 4.995896294713020325e-02 5.368207767605781555e-02 7.951079867780208588e-03 1.215423177927732468e-02 4.576922394335269928e-03 2.357143163681030273e-02 5.712897051125764847e-03 3.781419713050127029e-03 4.242790862917900085e-02 2.848182059824466705e-02 1.187470043078064919e-03 2.819808386266231537e-02 9.244230389595031738e-02 1.876596361398696899e-02 1.005828473716974258e-02 1.249428186565637589e-02 1.930049620568752289e-02 4.322737827897071838e-02 1.691664941608905792e-02 3.178793191909790039e-02 1.074687987565994263e-01 6.524071842432022095e-02 1.281304378062486649e-02 3.372082486748695374e-02 5.025803111493587494e-03 3.911560866981744766e-03 1.346995402127504349e-02 3.928943723440170288e-02 2.374913357198238373e-02 2.081182971596717834e-02 5.757247097790241241e-03 1.528144348412752151e-02 5.024957656860351562e-02 2.192134410142898560e-02 2.843598462641239166e-02 1.364209409803152084e-02 4.111917316913604736e-02 3.722070157527923584e-02 4.452605545520782471e-02 2.617362514138221741e-02 4.145500436425209045e-02 1.160854287445545197e-02 2.471842616796493530e-02 3.754977136850357056e-02 1.908536069095134735e-02 3.559310734272003174e-02 6.800594180822372437e-02 3.637857362627983093e-02 1.373872440308332443e-02 9.139057248830795288e-03 1.066440250724554062e-03 2.047762647271156311e-02 4.059813916683197021e-03 1.299156248569488525e-02
1.021308242343366146e-03 2.568104118108749390e-02 4.325731843709945679e-02 1.569588296115398407e-02 2.573079988360404968e-02 5.218810439109802246e-01 2.344042360782623291e-01 7.069731131196022034e-03 1.558896992355585098e-02 2.029691822826862335e-02 2.577929385006427765e-02 4.597079753875732422e-02 6.796492636203765869e-02 3.368636593222618103e-02 3.396265953779220581e-02 1.094796042889356613e-02 2.829373581334948540e-03 3.466512635350227356e-02 1.660735160112380981e-02 6.303824484348297119e-03 3.011602349579334259e-02 2.835852466523647308e-02 2.686313539743423462e-02 2.148666884750127792e-03 2.794473432004451752e-02 5.132227763533592224e-02 3.983657434582710266e-02 4.731811210513114929e-02 4.352306947112083435e-03 5.124059319496154785e-02 4.603582620620727539e-02 2.136077731847763062e-02 2.498414600268006325e-03 2.148027159273624420e-02 6.818494759500026703e-03 2.426132746040821075e-02 8.104091137647628784e-02 3.829473629593849182e-02 2.413428016006946564e-02 6.177738774567842484e-03 3.988256677985191345e-02 4.795079305768013000e-02 3.945637028664350510e-03 7.980858534574508667e-02 2.868109755218029022e-02 5.000806227326393127e-02 1.987773366272449493e-02 7.699141651391983032e-02 2.424542419612407684e-02 3.301654756069183350e-02 1.666588336229324341e-02 3.016107901930809021e-02 2.288441173732280731e-03 1.922640390694141388e-02 1.359664369374513626e-02 4.245513677597045898e-02 8.923457935452461243e-03 3.577755019068717957e-02 2.855419646948575974e-03 1.252397056668996811e-02 1.642476767301559448e-02 1.267323084175586700e-02 4.372972063720226288e-03 1.092147827148437500e-02 4.980723559856414795e-02 1.796963252127170563e-02 1.713872142136096954e-02 1.001262292265892029e-02 1.764918304979801178e-02 4.282057285308837891e-03 2.415865659713745117e-03 2.434288337826728821e-02 2.998627722263336182e-02 3.210518509149551392e-02 3.905162587761878967e-02 7.748378906399011612e-03 4.708630591630935669e-02 5.788747686892747879e-03 4.110828787088394165e-02 1.589480787515640259e-02 1.027381792664527893e-02 9.174466133117675781e-03 5.640402669087052345e-04 4.408257955219596624e-04 4.093863815069198608e-02 5.048559978604316711e-02 1.217928994446992874e-02 3.626831620931625366e-02 4.249932989478111267e-02 2.004650421440601349e-02 4.000693559646606445e-02 2.846074290573596954e-02 5.350397899746894836e-02 4.002638533711433411e-02 3.598726168274879456e-02 3.121121786534786224e-03 5.468382965773344040e-03 2.174977399408817291e-02 4.560930654406547546e-02 3.242125734686851501e-02 3.237802162766456604e-02 2.835536934435367584e-02 4.708502441644668579e-02 1.972266472876071930e-02 2.531704679131507874e-02 1.023586932569742203e-02 2.822012640535831451e-02 9.316139854490756989e-03 1.996114951907657087e-05 9.199149906635284424e-03 5.235854769125580788e-04 1.657305285334587097e-02 1.470824424177408218e-02 6.388590205460786819e-03 5.602635815739631653e-02 2.698180498555302620e-03
1.195347495377063751e-02 1.029150784015655518e-01 4.465588554739952087e-02 1.598125882446765900e-02 1.622579991817474365e-02 2.344042360782623291e-01 5.295034646987915039e-01 2.711540833115577698e-02 1.092848647385835648e-02 2.351558953523635864e-02 5.040306597948074341e-02 1.655286177992820740e-02 1.053762733936309814e-01 6.160142272710800171e-02 3.391627967357635498e-02 4.986751452088356018e-02 2.198808081448078156e-02 4.239729419350624084e-02 2.733894251286983490e-02 3.213819861412048340e-02 4.434997960925102234e-02 8.361934684216976166e-03 4.336421564221382141e-02 2.387844957411289215e-02 4.680519178509712219e-02 4.293290153145790100e-02 1.987637020647525787e-02 3.665535710752010345e-03 3.559638932347297668e-02 3.439730405807495117e-02 2.708279527723789215e-02 8.204421028494834900e-03 3.185051493346691132e-03 1.759803621098399162e-03 1.484387740492820740e-02 3.765173628926277161e-02 4.438318684697151184e-02 2.252301760017871857e-02 1.699933782219886780e-02 2.046989649534225464e-02 4.432226717472076416e-02 3.842815011739730835e-02 1.168555673211812973e-02 4.529061168432235718e-02 5.449805408716201782e-03 4.398528952151536942e-03 7.209401577711105347e-02 1.481759399175643921e-01 2.131562121212482452e-02 1.950807869434356689e-02 5.992379970848560333e-03 2.844403311610221863e-02 8.318264968693256378e-03 4.006469622254371643e-03 1.187888323329389095e-03 3.518053516745567322e-02 3.179736062884330750e-02 4.703476279973983765e-02 1.151499804109334946e-02 1.255425624549388885e-02 1.410416327416896820e-02 1.280473079532384872e-02 1.896536722779273987e-02 2.527846395969390869e-02 4.914909973740577698e-02 6.910122931003570557e-03 1.771419309079647064e-02 6.145294290035963058e-03 3.424856811761856079e-02 4.251745343208312988e-02 2.392351441085338593e-02 1.224511419422924519e-03 1.513284724205732346e-02 2.040579449385404587e-03 4.264477640390396118e-02 2.114419080317020416e-02 1.538288034498691559e-02 2.621293999254703522e-02 1.129343546926975250e-02 5.450257565826177597e-03 4.840604588389396667e-02 3.416287899017333984e-02 2.998044341802597046e-02 3.315255045890808105e-02 3.665678948163986206e-02 2.294128201901912689e-02 4.621710255742073059e-02 3.650804981589317322e-02 4.186980053782463074e-02 4.534844309091567993e-02 4.799819737672805786e-02 3.193044289946556091e-02 3.133985772728919983e-02 4.862644523382186890e-02 4.887329787015914917e-02 1.750265830196440220e-03 3.865260165184736252e-03 3.712091222405433655e-02 3.970701619982719421e-02 1.779778487980365753e-02 3.102546744048595428e-02 3.620928153395652771e-02 4.660278931260108948e-02 4.639287665486335754e-02 2.090209536254405975e-02 7.358657661825418472e-03 4.109703004360198975e-02 1.537712942808866501e-02 9.244191460311412811e-03 3.598448261618614197e-02 3.718382865190505981e-02 1.088043581694364548e-02 4.431520123034715652e-03 1.032764837145805359e-02 1.788606680929660797e-02 1.925125904381275177e-02
3.496166551485657692e-03 5.777638871222734451e-03 1.195668131113052368e-01 2.269913442432880402e-02 2.881977707147598267e-02 7.069731131196022034e-03 2.711540833115577698e-02 5.207179188728332520e-01 1.217567711137235165e-03 1.835662126541137695e-02 3.747495356947183609e-03 2.320080623030662537e-02 4.247941821813583374e-02 2.787687070667743683e-02 1.088059470057487488e-01 2.256649918854236603e-02 2.780984342098236084e-02 7.045886944979429245e-03 2.490582503378391266e-02 3.402292728424072266e-02 2.570140734314918518e-02 3.037386015057563782e-02 5.184587091207504272e-03 2.232198230922222137e-02 5.102554801851511002e-03 2.684950456023216248e-02 4.021167755126953125e-03 1.846539787948131561e-02 1.981903798878192902e-02 1.585594750940799713e-02 7.209162693470716476e-03 1.242708787322044373e-02 1.776615716516971588e-02 3.124628402292728424e-02 1.250935811549425125e-02 1.121432147920131683e-02 4.390301555395126343e-02 2.676633186638355255e-02 1.957892999053001404e-02 3.777029365301132202e-02 3.030483238399028778e-02 2.134816348552703857e-02 7.113004103302955627e-03 1.651353575289249420e-02 9.803937282413244247e-04 1.091211568564176559e-02 1.296611852012574673e-03 1.077623479068279266e-02 2.473959885537624359e-02 3.302670642733573914e-02 3.411515802145004272e-02 2.940858341753482819e-02 8.426626212894916534e-03 7.672406733036041260e-03 2.223199792206287384e-02 2.960353158414363861e-02 4.830658063292503357e-02 2.067023701965808868e-02 1.256395946256816387e-03 1.102735102176666260e-02 3.746977820992469788e-02 2.772253006696701050e-02 4.322884604334831238e-03 1.376980263739824295e-02 9.150007739663124084e-03 8.562730625271797180e-03 3.522904356941580772e-03 5.247489549219608307e-03 1.424658577889204025e-02 2.796736359596252441e-02 9.480325505137443542e-03 5.906808190047740936e-03 8.977021090686321259e-03 2.805682830512523651e-02 3.062466904520988464e-02 4.826860874891281128e-02 2.058683335781097412e-02 2.712815254926681519e-02 8.939031511545181274e-03 3.053097054362297058e-02 4.975866526365280151e-02 9.593488276004791260e-02 3.280863538384437561e-02 1.737352646887302399e-02 4.431467875838279724e-02 5.555073171854019165e-02 5.235295742750167847e-02 4.720056802034378052e-02 2.499778196215629578e-02 2.904784493148326874e-02 3.255298733711242676e-02 5.341401323676109314e-03 4.723902046680450439e-02 3.983068838715553284e-02 3.306547924876213074e-02 5.031176283955574036e-02 2.809697017073631287e-02 5.105144903063774109e-02 2.138582244515419006e-02 7.103683426976203918e-03 2.452791295945644379e-02 1.651121303439140320e-02 4.180753976106643677e-02 2.649686299264431000e-02 1.980796083807945251e-02 2.142913453280925751e-02 3.373730182647705078e-02 3.489535301923751831e-02 2.547947503626346588e-02 9.474703110754489899e-03 1.746290549635887146e-02 2.014533616602420807e-02 3.072683699429035187e-02 1.052941288799047470e-02 3.425069525837898254e-02 9.467603638768196106e-03
4.062009230256080627e-02 3.105516731739044189e-02 2.006110548973083496e-02 1.818570680916309357e-02 2.845638990402221680e-02 1.558896992355585098e-02 1.092848647385835648e-02 1.217567711137235165e-03 5.346981287002563477e-01 5.669294670224189758e-02 2.437792904675006866e-02 1.856360025703907013e-02 2.817218191921710968e-03 3.455493599176406860e-02 3.268072009086608887e-02 4.630390089005231857e-03 2.111846348270773888e-03 7.550054043531417847e-02 4.841794259846210480e-03 3.779484704136848450e-02 5.366655532270669937e-03 3.973517566919326782e-02 5.198005237616598606e-04 4.349865764379501343e-02 3.954105824232101440e-02 1.601484231650829315e-02 1.267553027719259262e-02 3.090665210038423538e-03 3.728436422534286976e-04 1.598163507878780365e-02 1.248399354517459869e-02 8.853787556290626526e-03 1.382439304143190384e-02 1.139593403786420822e-02 1.822087727487087250e-02 3.053763695061206818e-02 1.640778407454490662e-02 3.425396606326103210e-02 2.950711920857429504e-02 3.569189831614494324e-02 4.383352771401405334e-02 2.788259647786617279e-02 2.871108986437320709e-02 1.971611566841602325e-02 1.441379915922880173e-02 3.671075403690338135e-02 1.276974566280841827e-02 9.720178321003913879e-03 1.718987151980400085e-02 1.144842337816953659e-02 1.110340747982263565e-02 6.365070119500160217e-03 4.036958515644073486e-02 3.864701464772224426e-02 5.483536422252655029e-02 2.170729078352451324e-02 1.039256993681192398e-02 5.413840059190988541e-03 3.290762379765510559e-02 5.448574572801589966e-02 2.696833573281764984e-02 2.863876521587371826e-02 1.481536892242729664e-03 1.358687411993741989e-02 4.357360012363642454e-04 8.934573852457106113e-04 3.887802362442016602e-02 2.850565500557422638e-02 2.641516551375389099e-02 9.771600598469376564e-04 1.950722746551036835e-02 5.375756695866584778e-02 3.588259592652320862e-02 1.739308424293994904e-02 1.911462657153606415e-02 5.441467836499214172e-02 8.839599043130874634e-02 2.734911628067493439e-02 8.723347634077072144e-02 1.139927003532648087e-02 1.782199181616306305e-02 1.155688334256410599e-02 4.547422006726264954e-02 4.915944114327430725e-02 3.938090801239013672e-02 4.299329221248626709e-02 4.117910936474800110e-02 3.322997689247131348e-02 4.704140499234199524e-02 3.324770182371139526e-02 4.553252458572387695e-02 4.162118304520845413e-03 1.391204167157411575e-02 3.518929937854409218e-03 5.189771205186843872e-02 3.294894471764564514e-02 2.727438695728778839e-02 5.185147374868392944e-02 3.528331592679023743e-02 5.805494729429483414e-03 1.975360885262489319e-02 3.244669362902641296e-02 5.910383164882659912e-02 3.548760712146759033e-02 2.117346785962581635e-02 5.105667561292648315e-02 4.655012860894203186e-02 3.774840384721755981e-02 4.109530523419380188e-02 5.820445716381072998e-02 5.831396207213401794e-02 2.089458703994750977e-02 1.044588536024093628e-02 2.597215026617050171e-02 3.119817748665809631e-02 6.105062086135149002e-03
6.316058803349733353e-03 2.111031115055084229e-02 3.684603422880172729e-02 3.333171084523200989e-02 3.672622516751289368e-02 2.029691822826862335e-02 2.351558953523635864e-02 1.835662126541137695e-02 5.669294670224189758e-02 5.424148440361022949e-01 7.521560415625572205e-03 1.419042982161045074e-02 2.691650576889514923e-02 1.217896398156881332e-02 4.183787852525711060e-02 1.396697387099266052e-02 4.102618247270584106e-02 1.236361172050237656e-02 5.273480713367462158e-02 3.974705934524536133e-02 1.767770387232303619e-02 2.116132341325283051e-02 2.168114669620990753e-02 6.287363357841968536e-03 3.206639736890792847e-02 1.163274236023426056e-02 3.045916743576526642e-02 1.571357250213623047e-02 5.136235803365707397e-02 2.036039158701896667e-02 2.669685706496238708e-02 2.829635702073574066e-02 3.012574464082717896e-02 1.393225137144327164e-02 2.399471960961818695e-02 4.593463242053985596e-02 7.152664475142955780e-03 2.606607042253017426e-02 3.176729381084442139e-02 4.506831616163253784e-02 1.543824002146720886e-02 1.537946611642837524e-02 3.502670908346772194e-03 2.697795815765857697e-02 9.135611355304718018e-03 1.232362166047096252e-02 3.935977816581726074e-03 1.336173061281442642e-02 5.469407420605421066e-03 2.619975805282592773e-02 4.026222601532936096e-02 1.056193839758634567e-03 3.690689802169799805e-02 3.163615614175796509e-02 1.448127068579196930e-02 6.523557752370834351e-02 7.621282711625099182e-03 2.578703872859477997e-02 8.298815228044986725e-03 4.981331992894411087e-03 2.287743985652923584e-02 2.812580019235610962e-02 3.202792257070541382e-02 1.444255188107490540e-02 2.929484657943248749e-02 5.128902196884155273e-02 3.916272521018981934e-02 3.297539800405502319e-02 4.152873530983924866e-02 4.135170578956604004e-02 5.088002607226371765e-02 1.466578431427478790e-02 4.026611894369125366e-02 6.518670171499252319e-02 2.870901674032211304e-02 1.227191463112831116e-02 2.946900576353073120e-02 1.057915389537811279e-01 2.773671783506870270e-02 7.374737411737442017e-02 2.602075971662998199e-02 2.032879926264286041e-02 2.652471512556076050e-02 1.560305431485176086e-02 2.173960022628307343e-02 1.143615879118442535e-02 2.163196913897991180e-02 4.814284667372703552e-02 5.373441055417060852e-02 8.636038750410079956e-02 3.965512290596961975e-02 1.258732005953788757e-02 1.627783104777336121e-02 2.094577439129352570e-02 1.871553808450698853e-02 4.549785703420639038e-02 3.278456255793571472e-02 9.308708831667900085e-03 1.593328826129436493e-02 9.434990584850311279e-03 2.201522327959537506e-02 4.497885238379240036e-03 4.907439462840557098e-03 1.368898339569568634e-02 2.642593719065189362e-02 2.377635426819324493e-02 3.601884841918945312e-02 5.327099934220314026e-03 1.109718903899192810e-02 4.377813637256622314e-02 1.745632477104663849e-02 1.187814399600028992e-03 3.564786165952682495e-02 1.533089391887187958e-02 1.496050693094730377e-02 5.788062233477830887e-03
1.332976073026657104e-01 9.832672029733657837e-02 5.229064822196960449e-02 1.167816948145627975e-02 4.259614273905754089e-02 2.577929385006427765e-02 5.040306597948074341e-02 3.747495356947183609e-03 2.437792904675006866e-02 7.521560415625572205e-03 5.332956314086914062e-01 3.459432721138000488e-02 9.619024395942687988e-02 5.651165172457695007e-02 1.084619201719760895e-02 4.492939263582229614e-02 3.017333336174488068e-02 2.589143812656402588e-03 1.558042224496603012e-02 3.632690012454986572e-02 3.877345100045204163e-02 7.092425227165222168e-02 4.415108263492584229e-02 2.368074841797351837e-02 4.120104014873504639e-02 2.898279018700122833e-02 3.636554628610610962e-02 3.209115564823150635e-02 5.791445821523666382e-02 1.658788137137889862e-02 1.868900842964649200e-02 1.500146929174661636e-03 3.236140590161085129e-03 3.755950834602117538e-03 5.861055105924606323e-03 2.976922690868377686e-02 4.275789111852645874e-02 1.115806121379137039e-02 4.398904275149106979e-03 4.255730286240577698e-02 5.578314140439033508e-02 3.257148712873458862e-02 3.361685946583747864e-02 1.903664693236351013e-02 2.298104809597134590e-03 8.148685097694396973e-03 1.003183871507644653e-01 7.744515687227249146e-02 2.076826617121696472e-02 2.901395317167043686e-03 8.284013718366622925e-03 1.155901141464710236e-02 3.915986046195030212e-03 4.706439003348350525e-02 2.081260643899440765e-02 2.485288307070732117e-03 6.792206317186355591e-03 2.150108478963375092e-02 2.670414000749588013e-02 3.137885779142379761e-02 3.832784667611122131e-02 2.068939385935664177e-03 2.147241495549678802e-02 2.611643262207508087e-02 6.623499840497970581e-02 4.305134341120719910e-02 4.246859624981880188e-02 4.337095096707344055e-02 2.589059248566627502e-02 1.089338306337594986e-02 1.664001308381557465e-02 3.758854046463966370e-02 3.144269436597824097e-02 4.337436333298683167e-02 2.155207283794879913e-02 4.137006774544715881e-02 3.833702532574534416e-03 2.766099572181701660e-02 1.009056251496076584e-02 1.024097297340631485e-02 6.730068940669298172e-03 3.324241191148757935e-02 4.779079556465148926e-02 4.052163287997245789e-02 3.007202874869108200e-03 2.695721015334129333e-02 8.678095415234565735e-03 2.317405492067337036e-02 1.152845751494169235e-02 7.144007831811904907e-03 7.978376001119613647e-02 1.852491684257984161e-02 5.491333082318305969e-02 1.000180840492248535e-02 6.167335901409387589e-03 1.302645914256572723e-02 4.037146270275115967e-02 4.935565590858459473e-02 1.685926504433155060e-02 3.543880954384803772e-02 3.921703994274139404e-02 2.872339449822902679e-02 1.987414807081222534e-02 4.495723545551300049e-02 4.735827073454856873e-02 1.159206591546535492e-02 4.242865368723869324e-02 9.060716256499290466e-03 1.688516326248645782e-02 5.581796541810035706e-02 2.800998464226722717e-02 1.168895419687032700e-02 3.943591564893722534e-02 5.029637366533279419e-02 3.257434442639350891e-02 5.167961120605468750e-02
2.083581406623125076e-03 1.126134768128395081e-02 3.353782370686531067e-02 1.437499374151229858e-02 2.194019220769405365e-02 4.597079753875732422e-02 1.655286177992820740e-02 2.320080623030662537e-02 1.856360025703907013e-02 1.419042982161045074e-02 3.459432721138000488e-02 5.221970677375793457e-01 5.583182349801063538e-02 6.918460130691528320e-02 3.722177445888519287e-02 1.943959482014179230e-02 7.330550812184810638e-03 2.236653305590152740e-02 3.145258873701095581e-02 5.118093639612197876e-02 2.567456336691975594e-03 3.907806798815727234e-02 5.718535929918289185e-02 3.799926489591598511e-02 1.586627564392983913e-03 2.518006134778261185e-03 2.483204007148742676e-02 1.025339812040328979e-01 1.605071686208248138e-02 3.051697835326194763e-02 2.559190616011619568e-02 5.979245528578758240e-03 3.310075262561440468e-03 1.145049743354320526e-02 3.648312529549002647e-03 8.424024097621440887e-03 3.125397861003875732e-02 1.953910477459430695e-02 3.214749693870544434e-02 1.674917154014110565e-02 5.398337263613939285e-03 2.323039341717958450e-03 2.778023853898048401e-02 3.775186091661453247e-02 3.572574630379676819e-02 2.525916695594787598e-02 1.878460124135017395e-02 1.542522665113210678e-02 9.431436657905578613e-03 8.218673989176750183e-03 8.953935466706752777e-03 7.795152254402637482e-03 3.241652995347976685e-02 2.080663852393627167e-02 3.576676361262798309e-03 2.904060482978820801e-02 4.537254199385643005e-02 7.477128412574529648e-03 1.020018011331558228e-02 4.769635200500488281e-02 9.233816526830196381e-03 2.143865823745727539e-02 3.094133920967578888e-03 1.332483533769845963e-02 1.386941317468881607e-02 1.163267530500888824e-02 3.433900186792016029e-03 1.034343149513006210e-02 1.881818100810050964e-02 8.785116369836032391e-04 1.434331852942705154e-02 1.072296593338251114e-02 8.689224720001220703e-03 2.173082903027534485e-02 4.427133873105049133e-02 2.274549007415771484e-02 6.802966445684432983e-02 2.759353490546345711e-03 1.301574520766735077e-02 4.893392324447631836e-02 1.778352260589599609e-02 3.063554316759109497e-02 3.803525865077972412e-02 2.420745976269245148e-02 1.805826462805271149e-02 1.043421030044555664e-02 7.954652421176433563e-03 2.805690281093120575e-02 1.677303016185760498e-02 5.096721649169921875e-02 6.520177237689495087e-03 2.538341283798217773e-02 1.628277450799942017e-02 1.490586344152688980e-02 3.425853326916694641e-02 1.644074544310569763e-02 1.141895446926355362e-02 1.100391056388616562e-02 6.602714955806732178e-02 3.106981515884399414e-02 3.189898282289505005e-02 3.424793854355812073e-02 2.490987256169319153e-02 1.162909320555627346e-03 1.166449580341577530e-02 3.618408367037773132e-02 4.395638778805732727e-02 7.494750432670116425e-03 2.989146672189235687e-02 5.355209112167358398e-02 9.931534528732299805e-03 4.123621061444282532e-02 9.596220217645168304e-03 1.210139878094196320e-02 1.089733559638261795e-03 1.250311173498630524e-02
6.816680729389190674e-02 1.040409281849861145e-01 5.126259103417396545e-02 3.692444786429405212e-02 3.515422716736793518e-02 6.796492636203765869e-02 1.053762733936309814e-01 4.247941821813583374e-02 2.817218191921710968e-03 2.691650576889514923e-02 9.619024395942687988e-02 5.583182349801063538e-02 5.327920913696289062e-01 8.659651502966880798e-03 3.604506701231002808e-02 6.047654896974563599e-02 4.256170243024826050e-02 1.090542413294315338e-02 2.694558911025524139e-02 4.538946971297264099e-02 4.486450552940368652e-02 3.969068825244903564e-02 5.127658694982528687e-02 3.675534203648567200e-02 2.257354930043220520e-02 5.125706270337104797e-02 1.656241482123732567e-03 4.987488966435194016e-03 6.114619225263595581e-02 4.488744214177131653e-02 6.220360100269317627e-02 2.995427511632442474e-02 4.384103789925575256e-02 1.162985991686582565e-02 1.885105296969413757e-02 2.305577695369720459e-02 3.426044806838035583e-02 2.410024963319301605e-02 2.461760304868221283e-02 2.211674302816390991e-02 4.034584015607833862e-02 2.623108681291341782e-03 1.186357904225587845e-02 2.966209128499031067e-02 2.294632606208324432e-02 1.580618508160114288e-02 6.093398109078407288e-02 7.404401898384094238e-02 3.165075927972793579e-02 1.369590056128799915e-03 1.125373598188161850e-02 1.700573251582682133e-03 3.253529965877532959e-02 4.232964292168617249e-02 1.599271968007087708e-02 1.121887005865573883e-03 4.668048024177551270e-02 5.192518234252929688e-02 2.705120481550693512e-03 2.949750609695911407e-02 1.142450422048568726e-02 1.275746617466211319e-02 4.334980621933937073e-03 1.999630592763423920e-02 4.628355801105499268e-02 3.693104907870292664e-02 1.715358532965183258e-02 9.608974680304527283e-03 4.247365891933441162e-02 5.627801269292831421e-02 2.684868685901165009e-02 4.386405274271965027e-02 2.837104722857475281e-02 6.962549407035112381e-03 2.870753780007362366e-02 1.158175431191921234e-02 7.882737554609775543e-03 2.948646247386932373e-02 4.510993510484695435e-02 1.378843933343887329e-02 2.154915779829025269e-02 3.125314414501190186e-02 1.574252918362617493e-02 3.090545535087585449e-03 2.158926427364349365e-02 3.683494776487350464e-02 4.977612756192684174e-03 4.294352978467941284e-02 1.782702840864658356e-02 4.766559973359107971e-02 4.185083135962486267e-02 1.747406087815761566e-02 5.802106484770774841e-02 1.893979683518409729e-02 3.585046529769897461e-02 1.773418276570737362e-03 5.755438655614852905e-02 1.371965464204549789e-02 3.427185863256454468e-02 4.564070329070091248e-02 1.222035475075244904e-02 4.919308796525001526e-02 8.423326537013053894e-03 7.183907087892293930e-03 3.539562597870826721e-02 3.498474135994911194e-02 2.858831547200679779e-02 2.203380130231380463e-02 2.859275974333286285e-02 3.978022187948226929e-02 1.104181911796331406e-02 4.842413589358329773e-02 1.234456058591604233e-02 1.570822112262248993e-02 1.486447080969810486e-02 1.408818177878856659e-02
