5.265089273452758789e-01 1.290093511343002319e-01 1.810658350586891174e-02 4.311480000615119934e-02 3.440532088279724121e-02 7.692297548055648804e-02 8.769122511148452759e-02 2.712428756058216095e-02 2.713442547246813774e-03 5.279017146676778793e-03 6.363369524478912354e-02 3.618712536990642548e-03 7.205250114202499390e-02 7.040121126919984818e-03 4.236800596117973328e-03 8.851293474435806274e-03 7.836206932552158833e-04 4.463469237089157104e-02 6.313930731266736984e-03 3.664087131619453430e-02 1.362023316323757172e-02 4.852741211652755737e-02 4.884785506874322891e-03 7.073733140714466572e-04 6.887342780828475952e-03 1.708814315497875214e-02 1.605614274740219116e-02 3.515280038118362427e-02 1.485235989093780518e-02 4.964637011289596558e-02 2.500167675316333771e-02 7.967344485223293304e-03 5.612307041883468628e-02 4.090671427547931671e-03 3.071627020835876465e-02 1.453658565878868103e-02 3.619333356618881226e-02 2.441609092056751251e-02 3.835551673546433449e-03 2.721163816750049591e-02 1.025271951220929623e-03 4.478127136826515198e-02 1.939550600945949554e-02 1.366445794701576233e-03 2.902974560856819153e-02 4.418956581503152847e-03 5.173347890377044678e-02 6.032336503267288208e-02 1.527766231447458267e-02 1.346295047551393509e-02 8.897370571503415704e-05 1.355536468327045441e-02 1.977068558335304260e-02 3.823673725128173828e-02 2.468910627067089081e-02 2.489108778536319733e-02 2.185074053704738617e-02 7.377542555332183838e-03 6.444539129734039307e-02 4.216260090470314026e-02 5.408780183643102646e-03 2.804848598316311836e-03 3.389767371118068695e-03 5.019470117986202240e-03 2.392282150685787201e-02 3.420811519026756287e-02 1.659540832042694092e-02 1.606036163866519928e-02 5.880198441445827484e-03 1.668073050677776337e-02 1.266455836594104767e-02 1.777044148184359074e-03 1.113218907266855240e-02 2.409872226417064667e-02 1.872816868126392365e-02 4.650822281837463379e-02 1.235284097492694855e-02 3.102396149188280106e-03 2.611217461526393890e-02 3.285174816846847534e-02 1.710064522922039032e-02 2.364790998399257660e-02 9.542807936668395996e-03 4.812066256999969482e-02 6.334858015179634094e-03 5.192589759826660156e-02 3.679237514734268188e-02 1.574148051440715790e-02 1.888828910887241364e-02 1.080390624701976776e-02 3.447256609797477722e-02 4.183993116021156311e-02 4.351379349827766418e-02 4.608152061700820923e-02 1.114060729742050171e-02 2.040899358689785004e-02 4.242132231593132019e-02 8.661473169922828674e-03 2.709504403173923492e-02 4.663722589612007141e-02 6.274458952248096466e-03 1.076889131218194962e-02 4.700804501771926880e-02 2.245695795863866806e-03 3.162804758176207542e-03 4.484429210424423218e-02 1.238443888723850250e-02 2.694495581090450287e-02 3.800897393375635147e-03 4.557943716645240784e-02 1.027602609246969223e-02 6.975368130952119827e-03 2.673548460006713867e-02 1.787718757987022400e-02 2.159942407160997391e-03 3.552233055233955383e-02
1.290093511343002319e-01 5.163424015045166016e-01 3.505277633666992188e-02 2.233592979609966278e-02 4.869904369115829468e-02 8.303795009851455688e-02 1.348693072795867920e-01 4.025735333561897278e-02 2.124574407935142517e-02 1.082709990441799164e-02 4.381560161709785461e-02 3.371813893318176270e-02 1.051533967256546021e-01 2.771823666989803314e-02 2.411151304841041565e-02 1.693458668887615204e-02 1.533680781722068787e-02 2.782576344907283783e-02 1.749194413423538208e-02 2.800691872835159302e-02 7.988202385604381561e-03 4.174241423606872559e-02 2.277592010796070099e-02 2.073480561375617981e-02 1.114823017269372940e-02 4.904108121991157532e-03 4.159130901098251343e-02 3.061646409332752228e-02 1.191410608589649200e-02 1.197826210409402847e-02 5.571909993886947632e-02 1.974641531705856323e-02 2.981789223849773407e-02 1.471467036753892899e-02 2.474714070558547974e-02 1.585560967214405537e-03 1.492926292121410370e-02 5.060970783233642578e-03 8.766514249145984650e-03 2.112506702542304993e-02 3.321007639169692993e-02 3.245589509606361389e-02 6.177176721394062042e-03 3.740622103214263916e-02 2.517470344901084900e-02 5.753602366894483566e-03 5.697030946612358093e-02 1.370232850313186646e-01 4.250836092978715897e-03 6.611001677811145782e-03 1.412272173911333084e-02 8.787083439528942108e-03 1.688020862638950348e-02 3.869627369567751884e-03 3.445051237940788269e-02 2.947776764631271362e-02 3.459606692194938660e-02 8.335016667842864990e-03 2.566458098590373993e-02 3.989500179886817932e-02 1.589915342628955841e-02 1.010805461555719376e-02 3.898849338293075562e-02 2.325966954231262207e-03 5.090704932808876038e-02 1.705197803676128387e-02 1.268157362937927246e-02 2.297827228903770447e-02 3.792767599225044250e-02 3.026124835014343262e-02 2.835400402545928955e-02 2.552248351275920868e-02 4.128448665142059326e-02 3.032748820260167122e-03 3.866450162604451180e-03 2.360696718096733093e-02 2.028319798409938812e-02 2.043322287499904633e-02 1.914323866367340088e-02 4.476948082447052002e-02 3.670202859211713076e-04 4.431335628032684326e-02 3.339907154440879822e-02 1.825200160965323448e-03 4.319876432418823242e-03 4.535944387316703796e-02 2.579079940915107727e-02 8.827296085655689240e-03 3.797060996294021606e-02 2.002186514437198639e-02 3.070221282541751862e-02 3.607878834009170532e-02 8.182908594608306885e-02 2.888124063611030579e-02 6.630501244217157364e-03 2.437581308186054230e-02 5.769151728600263596e-03 2.850933745503425598e-02 4.281544685363769531e-02 3.630497679114341736e-02 1.259171497076749802e-02 9.376067668199539185e-03 4.364560171961784363e-02 8.832842111587524414e-03 2.079330570995807648e-02 2.591843716800212860e-03 3.747646883130073547e-02 2.102562971413135529e-02 3.649788349866867065e-02 2.257958240807056427e-02 3.679520264267921448e-02 4.087132215499877930e-02 1.673131622374057770e-02 1.017719507217407227e-02 2.031702920794487000e-02 4.123079776763916016e-02
1.810658350586891174e-02 3.505277633666992188e-02 5.211029648780822754e-01 4.473172128200531006e-02 4.916546493768692017e-02 1.685751788318157196e-02 1.624734140932559967e-02 7.979514449834823608e-02 4.540078341960906982e-02 2.706963196396827698e-02 1.413846388459205627e-03 1.100554689764976501e-02 1.129800733178853989e-02 2.599156228825449944e-03 2.537952736020088196e-03 3.613680228590965271e-02 1.089477352797985077e-02 4.194220900535583496e-02 1.248772814869880676e-02 1.897467672824859619e-02 2.534264884889125824e-02 1.713826879858970642e-02 4.001056775450706482e-02 3.575257211923599243e-02 3.058480471372604370e-02 3.175545856356620789e-02 4.972543567419052124e-03 2.231704629957675934e-02 3.073622472584247589e-02 3.823972493410110474e-02 1.961348392069339752e-02 1.739160902798175812e-02 1.208135858178138733e-02 3.116590157151222229e-02 4.186902195215225220e-02 1.245833933353424072e-02 1.327928248792886734e-02 7.264819741249084473e-02 6.584223825484514236e-03 3.181339427828788757e-02 3.578183799982070923e-02 2.452057378832250834e-04 4.710528254508972168e-02 4.504255577921867371e-02 4.368096590042114258e-02 4.492903128266334534e-02 3.713940456509590149e-02 1.561889145523309708e-02 1.052294392138719559e-02 4.754657298326492310e-02 3.174619376659393311e-02 5.247422959655523300e-03 5.073040351271629333e-02 3.629466146230697632e-02 9.979435242712497711e-03 4.068815335631370544e-02 1.044408045709133148e-02 4.534946754574775696e-02 3.202925249934196472e-02 1.592172496020793915e-02 1.312979776412248611e-02 5.403372272849082947e-02 2.180829644203186035e-02 3.882321342825889587e-02 1.807535253465175629e-02 4.616497084498405457e-03 1.289294753223657608e-02 1.386687066406011581e-02 2.045835554599761963e-02 5.381155386567115784e-02 2.441365271806716919e-02 1.619468443095684052e-02 3.303965181112289429e-02 3.679965808987617493e-02 3.051453270018100739e-02 3.051377087831497192e-02 3.000031225383281708e-02 2.083244267851114273e-03 4.782145842909812927e-02 7.603910285979509354e-03 1.656377911567687988e-01 1.224440708756446838e-01 3.214407712221145630e-02 2.331280335783958435e-02 2.448232471942901611e-02 1.984189264476299286e-02 3.462155908346176147e-02 6.600121408700942993e-02 7.003660779446363449e-03 1.872589997947216034e-02 7.148305419832468033e-03 7.057690527290105820e-03 4.425743129104375839e-03 4.433460067957639694e-03 1.912068226374685764e-03 7.342213392257690430e-02 3.603832051157951355e-02 2.682066336274147034e-02 6.228727288544178009e-03 4.176365211606025696e-02 2.574029192328453064e-02 2.660367135831620544e-05 3.885333240032196045e-02 6.949535012245178223e-02 2.492235042154788971e-02 2.129207924008369446e-02 3.696261718869209290e-02 3.662299364805221558e-02 9.518733248114585876e-03 3.200711309909820557e-02 1.013385578989982605e-01 7.431217283010482788e-02 4.925593733787536621e-03 4.022258333861827850e-03 7.675758749246597290e-02 2.647255547344684601e-02
4.311480000615119934e-02 2.233592979609966278e-02 4.473172128200531006e-02 5.264848470687866211e-01 1.213357746601104736e-01 5.109827965497970581e-02 4.570173844695091248e-02 4.927077516913414001e-02 1.540954038500785828e-02 1.191228255629539490e-02 2.822965942323207855e-02 1.261133048683404922e-02 2.235374972224235535e-02 2.197636105120182037e-02 4.397620633244514465e-02 1.030644401907920837e-02 1.813002116978168488e-02 8.036529272794723511e-02 5.602864176034927368e-02 1.340820826590061188e-02 2.076943777501583099e-02 1.296224072575569153e-03 1.304325275123119354e-02 2.798959054052829742e-02 1.732724532485008240e-02 2.478661201894283295e-02 1.048132684081792831e-02 3.631860017776489258e-02 1.085004769265651703e-03 1.601588353514671326e-02 2.704208716750144958e-03 2.795189991593360901e-02 1.576597057282924652e-02 3.258035704493522644e-02 2.929428406059741974e-02 4.282911866903305054e-02 4.957411438226699829e-02 1.357766147702932358e-02 1.085508987307548523e-01 1.155418381094932556e-01 4.568364471197128296e-02 3.925068303942680359e-02 4.652011021971702576e-02 2.441284246742725372e-02 4.688216373324394226e-02 3.622577711939811707e-02 4.548879712820053101e-02 1.569995097815990448e-02 3.590541705489158630e-02 2.586360462009906769e-02 3.456736728549003601e-02 3.139997646212577820e-02 8.694036863744258881e-03 4.445532336831092834e-02 2.838053368031978607e-02 1.728527247905731201e-02 5.971381440758705139e-03 1.206691376864910126e-03 2.332031726837158203e-03 1.384636852890253067e-02 3.146521374583244324e-02 1.313516777008771896e-02 2.619589120149612427e-02 3.576892986893653870e-02 1.549208536744117737e-02 1.567489281296730042e-02 3.408456221222877502e-02 4.690765962004661560e-02 4.169678781181573868e-03 3.587647527456283569e-02 9.105804376304149628e-03 3.570983884856104851e-03 8.298257738351821899e-02 1.855681091547012329e-02 4.742763191461563110e-02 1.291540730744600296e-02 5.601713433861732483e-03 7.652453612536191940e-03 2.378024719655513763e-02 8.382593281567096710e-03 2.394795976579189301e-02 1.130636222660541534e-02 1.034141778945922852e-01 9.344770014286041260e-02 2.721616066992282867e-02 1.163905020803213120e-02 1.892643608152866364e-02 4.997164756059646606e-02 2.750540524721145630e-02 1.374447583657456562e-05 2.594953589141368866e-02 1.673644967377185822e-02 7.136135245673358440e-04 1.147805713117122650e-02 3.951622918248176575e-02 6.183903664350509644e-03 3.184445947408676147e-02 1.050296425819396973e-02 6.763268727809190750e-03 1.400594878941774368e-02 1.981505379080772400e-02 4.844605550169944763e-02 1.808474957942962646e-02 1.712461747229099274e-02 2.367137745022773743e-02 2.459574118256568909e-02 3.889175131916999817e-02 2.393160760402679443e-02 2.972825989127159119e-02 3.847038000822067261e-02 2.115807682275772095e-02 1.393656618893146515e-02 2.878646366298198700e-03 6.887998431921005249e-03 3.406628966331481934e-02 1.672578044235706329e-02
3.440532088279724121e-02 4.869904369115829468e-02 4.916546493768692017e-02 1.213357746601104736e-01 5.285489559173583984e-01 3.402154520153999329e-02 2.409140765666961670e-02 1.756508275866508484e-02 7.103910902515053749e-04 9.300360456109046936e-03 1.816179789602756500e-02 3.126136958599090576e-02 2.443971671164035797e-02 4.837140440940856934e-02 6.291212630458176136e-04 7.626112084835767746e-03 3.203452797606587410e-03 7.705423980951309204e-02 4.198146983981132507e-02 1.485975459218025208e-02 2.609402686357498169e-02 5.720993038266897202e-03 3.431556746363639832e-02 4.595819860696792603e-02 3.223977982997894287e-02 2.464185282588005066e-02 1.008966658264398575e-02 1.916205044835805893e-03 9.318483993411064148e-03 3.643103316426277161e-02 1.844093948602676392e-02 2.711149491369724274e-02 2.196109562646597624e-04 1.823128573596477509e-02 7.138778269290924072e-02 5.314499512314796448e-02 4.284447059035301208e-02 6.205136887729167938e-03 1.193582862615585327e-01 1.108875796198844910e-01 3.629383817315101624e-02 1.062042079865932465e-03 4.454521089792251587e-02 3.873696178197860718e-02 4.276986792683601379e-02 1.329834107309579849e-02 2.980565279722213745e-02 1.203158497810363770e-02 4.435592144727706909e-02 2.902224659919738770e-02 3.157988563179969788e-02 3.833454847335815430e-02 2.177513763308525085e-02 8.616575039923191071e-03 5.868247896432876587e-02 2.143760584294795990e-02 2.082446590065956116e-02 1.914108730852603912e-02 1.028890907764434814e-02 6.400315556675195694e-03 2.381457248702645302e-03 3.566419333219528198e-02 2.141928672790527344e-02 7.957813143730163574e-02 2.035154215991497040e-02 2.648538909852504730e-03 4.212659224867820740e-02 4.346586763858795166e-02 8.197763003408908844e-03 2.298236452043056488e-02 2.997967228293418884e-02 4.926741588860750198e-03 5.723320320248603821e-02 2.264186926186084747e-02 5.088614672422409058e-02 3.418106585741043091e-02 1.577316224575042725e-02 2.111756801605224609e-02 2.776331081986427307e-02 9.309587068855762482e-03 3.028785064816474915e-02 2.597965113818645477e-02 6.493517011404037476e-02 8.874096721410751343e-02 3.468946367502212524e-02 2.259921841323375702e-02 1.630301773548126221e-02 1.407370530068874359e-02 1.798948831856250763e-02 3.764142096042633057e-02 2.608364447951316833e-03 1.351046469062566757e-02 4.273296508472412825e-04 1.045678090304136276e-02 5.718490481376647949e-02 7.706928532570600510e-03 1.649839244782924652e-02 4.063675552606582642e-02 3.414741531014442444e-02 1.468385756015777588e-02 4.103827103972434998e-02 4.113147035241127014e-02 7.785867201164364815e-04 1.110957842320203781e-02 2.052677050232887268e-02 1.550630666315555573e-02 4.576078429818153381e-02 1.401990931481122971e-02 2.483638934791088104e-02 3.981140628457069397e-02 1.655786111950874329e-02 1.688002608716487885e-02 2.935406286269426346e-03 3.020363859832286835e-02 4.686447232961654663e-02 1.852292381227016449e-02
7.692297548055648804e-02 8.303795009851455688e-02 1.685751788318157196e-02 5.109827965497970581e-02 3.402154520153999329e-02 5.201964378356933594e-01 1.076232716441154480e-01 4.241427034139633179e-02 2.499434910714626312e-02 1.586867496371269226e-02 3.017335012555122375e-02 1.240965537726879120e-02 2.204954624176025391e-02 1.942799799144268036e-02 2.584852278232574463e-03 9.007033891975879669e-03 7.760062813758850098e-03 1.616809517145156860e-02 5.787155404686927795e-02 1.756106689572334290e-02 6.181966047734022141e-03 3.547045588493347168e-02 2.513463550712913275e-04 6.283296272158622742e-03 1.946267113089561462e-02 1.383908372372388840e-02 1.764901354908943176e-02 2.357889711856842041e-02 6.143910810351371765e-03 3.065252117812633514e-02 5.329203978180885315e-02 3.792404662817716599e-03 2.190059050917625427e-02 3.589077619835734367e-03 9.033721871674060822e-03 1.601851731538772583e-02 3.933405131101608276e-02 2.399507723748683929e-02 2.649303292855620384e-03 2.851016446948051453e-02 1.682459749281406403e-02 1.870144158601760864e-02 1.534992177039384842e-02 2.434938587248325348e-02 3.189812600612640381e-02 1.272442564368247986e-02 6.779439747333526611e-02 2.332349494099617004e-02 3.928526863455772400e-02 1.944706030189990997e-02 1.372525002807378769e-02 3.204749897122383118e-02 4.410859197378158569e-03 6.478499155491590500e-03 5.546411965042352676e-03 5.020668730139732361e-03 3.402542322874069214e-03 7.940579671412706375e-04 4.560736194252967834e-02 3.325136750936508179e-02 1.016550377244129777e-04 3.816078969975933433e-05 3.609323874115943909e-02 3.737628459930419922e-02 3.813813254237174988e-02 4.712018743157386780e-02 2.922457270324230194e-02 5.301611381582915783e-04 9.034458547830581665e-03 3.186836093664169312e-02 2.194589562714099884e-02 6.883184425532817841e-03 8.190115913748741150e-04 2.262382395565509796e-02 7.590214256197214127e-03 3.982156515121459961e-02 4.004770889878273010e-03 7.452758029103279114e-03 6.841091904789209366e-03 1.075915526598691940e-02 1.804619823815301061e-04 1.726107485592365265e-02 1.407719403505325317e-02 1.079787686467170715e-02 4.645717330276966095e-03 4.148821905255317688e-02 3.155011311173439026e-02 2.860484644770622253e-03 4.325068742036819458e-02 1.450129132717847824e-02 2.588348090648651123e-02 4.415469244122505188e-02 1.326643675565719604e-02 4.401476681232452393e-02 2.529805712401866913e-02 3.704952821135520935e-02 4.834867268800735474e-02 2.717072330415248871e-02 2.975096739828586578e-02 5.202630162239074707e-02 1.973124919459223747e-03 7.228109985589981079e-03 3.959054127335548401e-02 2.695029973983764648e-02 1.609003171324729919e-02 4.213928803801536560e-02 1.388885267078876495e-02 5.123455449938774109e-02 2.252910286188125610e-02 8.972376817837357521e-04 1.678872853517532349e-02 2.162762545049190521e-02 1.904960907995700836e-02 2.524430677294731140e-02 2.998182317242026329e-03 7.062668353319168091e-02
8.769122511148452759e-02 1.348693072795867920e-01 1.624734140932559967e-02 4.570173844695091248e-02 2.409140765666961670e-02 1.076232716441154480e-01 5.206763744354248047e-01 4.340013489127159119e-03 1.183093525469303131e-03 2.194960601627826691e-02 5.098093673586845398e-02 2.863036841154098511e-02 6.909300386905670166e-02 6.825702148489654064e-04 1.985264942049980164e-03 1.395921967923641205e-02 2.211034297943115234e-03 4.402237758040428162e-02 2.549132145941257477e-02 3.740022704005241394e-02 2.181351929903030396e-02 1.133140060119330883e-03 3.736044093966484070e-02 1.379836257547140121e-02 4.173545166850090027e-02 4.302176646888256073e-03 2.008034661412239075e-02 1.754923537373542786e-02 2.895960211753845215e-02 2.633415535092353821e-02 2.755236811935901642e-02 3.250971063971519470e-02 1.381026953458786011e-02 1.659846305847167969e-02 4.757044464349746704e-02 3.448083996772766113e-02 1.806768774986267090e-02 3.802499175071716309e-02 3.023801930248737335e-02 9.532514959573745728e-03 3.104330785572528839e-02 3.341997042298316956e-02 4.366335645318031311e-02 4.250833392143249512e-02 2.104722522199153900e-02 8.917436003684997559e-03 8.664669841527938843e-02 1.475850194692611694e-01 2.608149312436580658e-02 3.152401372790336609e-02 2.592250518500804901e-02 4.001870751380920410e-02 3.878211975097656250e-02 2.803011797368526459e-02 1.653693616390228271e-02 3.335774317383766174e-02 4.931160062551498413e-02 2.150027826428413391e-02 1.838371530175209045e-02 1.972561702132225037e-03 3.403840586543083191e-02 1.979990676045417786e-02 1.736596785485744476e-02 9.874338284134864807e-03 2.280880883336067200e-02 4.166932404041290283e-02 3.408290445804595947e-02 1.719499938189983368e-02 3.556222096085548401e-02 2.631058357656002045e-02 4.671251866966485977e-03 1.498519908636808395e-02 1.362078823149204254e-02 1.002907566726207733e-02 2.961799874901771545e-02 3.564316034317016602e-02 5.094259977340698242e-02 7.936929352581501007e-03 1.177131291478872299e-02 4.313911497592926025e-02 7.754182443022727966e-03 4.090091586112976074e-02 5.221768841147422791e-02 3.162160865031182766e-04 4.104712978005409241e-02 3.392830491065979004e-02 3.423646464943885803e-02 2.444917336106300354e-03 3.762467205524444580e-02 2.267594635486602783e-02 4.439508542418479919e-02 2.136662974953651428e-02 6.691814959049224854e-02 2.364853769540786743e-02 3.581976890563964844e-02 1.523811952210962772e-04 4.594928771257400513e-02 2.459331415593624115e-02 3.066661767661571503e-02 4.642401635646820068e-02 4.608260095119476318e-02 3.689980134367942810e-02 1.047862041741609573e-02 1.887855306267738342e-02 1.218562852591276169e-02 3.430372849106788635e-02 4.394713044166564941e-02 3.996093198657035828e-02 1.196745783090591431e-02 5.112604051828384399e-02 1.082473713904619217e-02 4.168176651000976562e-02 2.976032346487045288e-02 2.230055630207061768e-02 1.499989069998264313e-02 5.172520875930786133e-02
2.712428756058216095e-02 4.025735333561897278e-02 7.979514449834823608e-02 4.927077516913414001e-02 1.756508275866508484e-02 4.241427034139633179e-02 4.340013489127159119e-03 4.980139136314392090e-01 7.924683392047882080e-03 3.831894695758819580e-02 4.068632423877716064e-02 3.151060640811920166e-02 4.918773099780082703e-02 4.955414682626724243e-02 1.601665280759334564e-02 1.964887836948037148e-03 3.459955565631389618e-03 4.406432062387466431e-02 3.540125861763954163e-02 4.004808515310287476e-02 2.378894574940204620e-02 3.382598608732223511e-02 1.986877806484699249e-02 1.744491234421730042e-02 1.053507206961512566e-03 1.189587637782096863e-02 2.887438610196113586e-02 2.790292911231517792e-02 4.600387066602706909e-02 1.914176507852971554e-03 9.835810400545597076e-03 2.505213022232055664e-02 7.721200585365295410e-03 2.520462870597839355e-02 1.429724507033824921e-02 5.340350791811943054e-03 2.622975036501884460e-02 4.595254734158515930e-02 3.339203447103500366e-02 1.410877890884876251e-02 2.503607608377933502e-02 3.630019351840019226e-02 2.584049105644226074e-02 4.931167513132095337e-02 3.589787706732749939e-02 2.711690403521060944e-02 3.514608740806579590e-02 3.647314384579658508e-02 4.192702844738960266e-02 1.696038292720913887e-03 7.243432849645614624e-02 9.421724826097488403e-02 4.480604827404022217e-02 3.331507742404937744e-02 1.121164578944444656e-02 3.954356536269187927e-03 4.454039037227630615e-02 2.038054913282394409e-02 2.912670746445655823e-02 3.123403992503881454e-03 5.015134811401367188e-03 2.547334693372249603e-02 6.746266968548297882e-03 1.310180779546499252e-02 3.271070122718811035e-02 1.995779387652873993e-02 5.991759244352579117e-03 3.645632648840546608e-03 1.396295521408319473e-02 3.844784945249557495e-02 1.063029468059539795e-02 3.007711283862590790e-02 2.254141308367252350e-02 7.633081637322902679e-03 2.845925651490688324e-02 2.119076671078801155e-03 4.544495418667793274e-02 3.305374085903167725e-02 3.735814988613128662e-02 5.347936414182186127e-03 1.178815811872482300e-01 1.015277281403541565e-01 1.059086760506033897e-03 1.803340390324592590e-02 1.350854709744453430e-02 2.317515201866626740e-02 1.828606426715850830e-02 1.341144833713769913e-02 9.614380076527595520e-03 3.036344982683658600e-02 3.539510071277618408e-02 2.112815715372562408e-02 2.114642038941383362e-02 1.213800162076950073e-02 4.127675667405128479e-02 4.127259552478790283e-02 2.005874738097190857e-02 3.054307773709297180e-02 5.045109614729881287e-02 3.273842111229896545e-02 5.167012289166450500e-02 2.661674283444881439e-02 4.227969795465469360e-02 3.483866527676582336e-02 3.858527168631553650e-02 3.201621398329734802e-02 3.587128967046737671e-02 3.323076665401458740e-02 9.122201590798795223e-04 5.829297006130218506e-02 3.476690128445625305e-02 8.004894852638244629e-02 5.042237415909767151e-02 2.244443446397781372e-02 2.189394552260637283e-03 2.956738136708736420e-02
2.713442547246813774e-03 2.124574407935142517e-02 4.540078341960906982e-02 1.540954038500785828e-02 7.103910902515053749e-04 2.499434910714626312e-02 1.183093525469303131e-03 7.924683392047882080e-03 5.119490623474121094e-01 7.684978656470775604e-03 2.168488316237926483e-02 2.463617734611034393e-02 5.298189818859100342e-03 1.959629729390144348e-02 4.143313318490982056e-02 3.051149426028132439e-03 3.489938750863075256e-02 4.434915259480476379e-03 1.582583412528038025e-02 3.083768300712108612e-03 3.604795783758163452e-03 3.847886249423027039e-02 1.507856510579586029e-02 1.396634429693222046e-02 2.144288830459117889e-02 1.282708533108234406e-02 4.444124642759561539e-03 3.958864137530326843e-02 2.149435505270957947e-02 3.723705559968948364e-02 3.712354227900505066e-02 8.881695568561553955e-03 3.734765574336051941e-02 1.137090474367141724e-02 4.891437944024801254e-03 1.632973924279212952e-02 1.889091357588768005e-02 4.590720310807228088e-02 2.720663882791996002e-02 2.165520563721656799e-02 2.921065688133239746e-02 4.066842049360275269e-02 2.790747769176959991e-02 4.099366813898086548e-02 2.446342445909976959e-02 4.449853301048278809e-02 1.931011502165347338e-04 1.928116194903850555e-02 2.449251245707273483e-03 2.675087377429008484e-02 2.988561289384961128e-03 1.930427365005016327e-02 4.746873397380113602e-03 1.722390204668045044e-02 4.810399934649467468e-02 1.979597844183444977e-02 1.997641101479530334e-02 2.201574854552745819e-02 1.502967067062854767e-02 4.717709030956029892e-03 9.668405400589108467e-04 2.673213928937911987e-02 2.904528379440307617e-02 4.510980844497680664e-02 2.888652123510837555e-02 1.096627674996852875e-02 7.557665929198265076e-03 9.693574975244700909e-04 5.430116783827543259e-03 1.882612705230712891e-03 1.478473888710141182e-03 3.112926334142684937e-02 8.206251077353954315e-03 2.307387813925743103e-02 2.736805565655231476e-02 4.283057525753974915e-02 1.003625243902206421e-01 1.334664318710565567e-02 4.212446045130491257e-03 3.582251258194446564e-03 2.757798507809638977e-02 1.942933164536952972e-02 3.684616088867187500e-02 4.025726020336151123e-02 1.115865446627140045e-02 8.215297013521194458e-03 4.808313399553298950e-02 2.042884007096290588e-02 1.993960514664649963e-02 1.487238705158233643e-02 3.224980318918824196e-04 3.707205131649971008e-02 1.472922973334789276e-02 8.070784620940685272e-03 2.131118811666965485e-02 4.893456026911735535e-02 2.520448470022529364e-04 5.191192962229251862e-03 3.208944201469421387e-02 3.684014081954956055e-02 2.788675576448440552e-02 8.480496704578399658e-03 4.564787447452545166e-02 3.876570984721183777e-02 4.888257477432489395e-03 4.603624343872070312e-02 4.189049359411001205e-03 5.706432741135358810e-03 9.340985678136348724e-03 1.795303658582270145e-03 6.858202628791332245e-03 2.368452027440071106e-02 1.602690480649471283e-02 3.122640773653984070e-02 2.805208601057529449e-02 1.178803667426109314e-02
5.279017146676778793e-03 1.082709990441799164e-02 2.706963196396827698e-02 1.191228255629539490e-02 9.300360456109046936e-03 1.586867496371269226e-02 2.194960601627826691e-02 3.831894695758819580e-02 7.684978656470775604e-03 5.108121633529663086e-01 6.994382478296756744e-03 4.968096315860748291e-02 2.496988885104656219e-02 2.694411575794219971e-02 2.885449305176734924e-02 1.681213639676570892e-02 3.758812323212623596e-02 1.354801934212446213e-02 1.732792705297470093e-03 1.398509833961725235e-02 7.688177283853292465e-03 1.296225469559431076e-02 6.186931394040584564e-03 3.818751871585845947e-02 3.397561609745025635e-02 3.566548228263854980e-02 1.336177578195929527e-03 3.340427950024604797e-02 8.403052575886249542e-03 4.408553615212440491e-02 2.490692771971225739e-02 1.028552465140819550e-02 3.504976630210876465e-02 9.572476148605346680e-03 2.276389673352241516e-02 1.410411577671766281e-02 3.089193440973758698e-02 1.228680089116096497e-02 3.665130585432052612e-02 2.866168878972530365e-02 4.618567600846290588e-02 2.724762447178363800e-02 3.807582333683967590e-02 3.645491227507591248e-02 8.864930830895900726e-03 4.435464367270469666e-02 1.675037294626235962e-02 1.428992208093404770e-02 4.746013134717941284e-02 3.822429850697517395e-02 1.228769659064710140e-03 4.744099453091621399e-02 1.788034290075302124e-02 5.799959879368543625e-03 3.032777644693851471e-02 5.076991394162178040e-02 2.504757046699523926e-02 1.568981329910457134e-03 3.304732590913772583e-02 1.276762783527374268e-02 3.568270429968833923e-02 1.970515120774507523e-03 1.830560714006423950e-02 1.842605136334896088e-02 9.325828868895769119e-04 4.232681170105934143e-02 2.679645270109176636e-02 3.994604572653770447e-03 4.167641047388315201e-03 2.858850639313459396e-03 4.038492590188980103e-02 2.964574471116065979e-02 2.983915619552135468e-02 4.436433780938386917e-03 5.435204599052667618e-03 3.589645773172378540e-02 2.195806801319122314e-02 8.935658633708953857e-02 1.661152951419353485e-02 1.359937991946935654e-02 6.141808815300464630e-03 1.381993293762207031e-02 2.022738009691238403e-02 3.614453226327896118e-02 5.123566836118698120e-02 3.043884038925170898e-02 5.912992637604475021e-04 1.620355620980262756e-02 1.148981321603059769e-02 4.296131059527397156e-02 4.816387314349412918e-03 1.296340208500623703e-02 2.769858203828334808e-02 5.064017698168754578e-02 2.646013395860791206e-03 1.086838892661035061e-03 1.628804951906204224e-02 1.701281778514385223e-02 2.371876500546932220e-02 4.189915210008621216e-02 5.272664129734039307e-02 3.218453377485275269e-02 1.048957929015159607e-02 5.052742548286914825e-03 1.295767258852720261e-02 1.095324940979480743e-02 5.543549358844757080e-02 1.375551801174879074e-02 2.110311202704906464e-02 2.753663808107376099e-02 6.386545952409505844e-03 3.809286281466484070e-02 3.886815859004855156e-03 3.349475190043449402e-02 1.700291410088539124e-02 3.054240904748439789e-02
6.363369524478912354e-02 4.381560161709785461e-02 1.413846388459205627e-03 2.822965942323207855e-02 1.816179789602756500e-02 3.017335012555122375e-02 5.098093673586845398e-02 4.068632423877716064e-02 2.168488316237926483e-02 6.994382478296756744e-03 5.277436971664428711e-01 1.067041885107755661e-03 9.343846887350082397e-02 1.526565477252006531e-02 7.438420318067073822e-03 2.066478319466114044e-02 1.007540524005889893e-02 4.740053787827491760e-02 2.089249901473522186e-02 3.565298765897750854e-02 1.277912873774766922e-02 2.014562301337718964e-02 1.404453814029693604e-02 1.403484120965003967e-02 3.179389284923672676e-03 2.747212536633014679e-03 3.644309006631374359e-03 3.902915865182876587e-02 5.826757848262786865e-02 4.292505607008934021e-02 3.157822415232658386e-03 2.462365850806236267e-02 4.893209412693977356e-02 1.755418255925178528e-02 2.469733357429504395e-02 8.349227719008922577e-03 2.360883727669715881e-02 2.600510232150554657e-02 3.519371524453163147e-02 3.363898023962974548e-02 3.540360927581787109e-02 2.091720886528491974e-02 1.714259758591651917e-02 2.020203322172164917e-02 1.382038183510303497e-02 3.946949914097785950e-02 5.277515575289726257e-02 4.597293213009834290e-02 2.798772044479846954e-02 9.102997370064258575e-03 1.358248945325613022e-02 1.171432249248027802e-02 3.292645560577511787e-03 1.234886236488819122e-02 7.322833407670259476e-03 1.303883269429206848e-02 4.202486947178840637e-03 4.220688249915838242e-03 3.345847502350807190e-02 1.173082645982503891e-02 7.240696810185909271e-03 1.307882368564605713e-02 1.902719773352146149e-02 2.051791362464427948e-02 3.670139983296394348e-02 1.868480071425437927e-02 1.948021911084651947e-02 1.938616042025387287e-03 9.416945278644561768e-03 2.835261635482311249e-02 1.960764406248927116e-03 3.536158427596092224e-02 1.176192425191402435e-02 2.615234581753611565e-03 1.147961709648370743e-02 3.262709826231002808e-02 1.825127936899662018e-02 3.542913356795907021e-03 3.114620968699455261e-02 5.691877380013465881e-02 2.703033387660980225e-03 2.890712581574916840e-02 1.816388405859470367e-02 2.102635242044925690e-02 6.050770170986652374e-03 3.972996026277542114e-02 2.874125167727470398e-02 2.078840136528015137e-02 1.595273800194263458e-02 8.374189026653766632e-03 3.960382565855979919e-02 8.998165838420391083e-03 4.430612549185752869e-02 2.014488709392026067e-04 2.744176052510738373e-02 1.569168828427791595e-02 2.228898741304874420e-02 4.625569656491279602e-02 1.755627803504467010e-03 2.771566063165664673e-02 3.497094660997390747e-02 3.683975711464881897e-02 1.860148645937442780e-02 4.243656992912292480e-02 2.336350083351135254e-02 1.019938196986913681e-02 3.366579860448837280e-02 2.994756912812590599e-03 2.173447422683238983e-02 2.021174319088459015e-02 1.566201448440551758e-02 8.043762296438217163e-03 1.682960428297519684e-02 1.522900443524122238e-02 2.407163009047508240e-02 3.336073830723762512e-02
3.618712536990642548e-03 3.371813893318176270e-02 1.100554689764976501e-02 1.261133048683404922e-02 3.126136958599090576e-02 1.240965537726879120e-02 2.863036841154098511e-02 3.151060640811920166e-02 2.463617734611034393e-02 4.968096315860748291e-02 1.067041885107755661e-03 5.073619484901428223e-01 1.647791825234889984e-02 1.265997141599655151e-01 4.665758460760116577e-03 8.510362356901168823e-03 3.535675117745995522e-03 3.177067497745156288e-03 5.102000012993812561e-02 1.389994192868471146e-02 1.404116488993167877e-02 5.260097607970237732e-02 5.802085623145103455e-02 4.841511324048042297e-02 2.340894192457199097e-02 3.253409266471862793e-02 5.865429993718862534e-03 6.237876042723655701e-02 2.464087121188640594e-02 7.947792857885360718e-02 4.510620236396789551e-02 3.214510390534996986e-03 3.290818631649017334e-02 1.584568805992603302e-02 9.901114739477634430e-03 1.643033139407634735e-02 2.800511382520198822e-02 3.146623075008392334e-02 3.174807131290435791e-02 2.685292437672615051e-02 4.911217372864484787e-03 2.518619224429130554e-02 3.986006975173950195e-02 4.877519328147172928e-03 6.524395942687988281e-02 1.527830958366394043e-02 4.320285469293594360e-02 6.163473706692457199e-03 4.796243086457252502e-02 2.739449776709079742e-02 7.901499979197978973e-03 1.748757995665073395e-02 1.670213788747787476e-02 6.715669482946395874e-02 4.482410848140716553e-02 3.866363316774368286e-02 4.143614694476127625e-02 1.698589883744716644e-02 3.632905893027782440e-03 4.896058514714241028e-02 5.025290325284004211e-02 8.945027366280555725e-03 5.775609984993934631e-03 3.128823265433311462e-02 1.470099762082099915e-02 4.450930655002593994e-02 2.177501097321510315e-02 6.735760718584060669e-03 1.772653870284557343e-02 2.204387634992599487e-02 3.474291646853089333e-03 3.027631202712655067e-03 1.012954581528902054e-02 1.690593361854553223e-02 1.442134939134120941e-02 4.193287342786788940e-02 3.789317980408668518e-02 2.970444504171609879e-03 2.526050806045532227e-02 3.339710459113121033e-02 1.237613707780838013e-02 2.242095768451690674e-02 2.308092825114727020e-02 3.489379957318305969e-02 2.548462897539138794e-02 1.884013786911964417e-02 2.406063489615917206e-02 2.839397639036178589e-02 9.901551529765129089e-03 2.222532033920288086e-02 4.826985299587249756e-02 2.208930626511573792e-02 4.481342807412147522e-02 3.121278621256351471e-02 2.229539491236209869e-02 9.892185218632221222e-03 3.684376180171966553e-02 1.180077670142054558e-03 1.441587787121534348e-02 4.026143811643123627e-03 2.707941166590899229e-04 6.708581466227769852e-03 4.512881860136985779e-02 3.147356212139129639e-02 2.579166926443576813e-02 1.038986258208751678e-02 7.170656695961952209e-03 1.986635150387883186e-03 1.938280067406594753e-03 4.853843245655298233e-03 8.329425938427448273e-03 1.283122878521680832e-02 3.413934260606765747e-02 1.408552750945091248e-03 1.826206780970096588e-02 3.952058963477611542e-03
7.205250114202499390e-02 1.051533967256546021e-01 1.129800733178853989e-02 2.235374972224235535e-02 2.443971671164035797e-02 2.204954624176025391e-02 6.909300386905670166e-02 4.918773099780082703e-02 5.298189818859100342e-03 2.496988885104656219e-02 9.343846887350082397e-02 1.647791825234889984e-02 5.114597678184509277e-01 3.552569076418876648e-02 6.520659476518630981e-02 4.249420389533042908e-02 4.184903576970100403e-02 2.438686788082122803e-02 2.764009870588779449e-02 4.325236007571220398e-02 4.403743892908096313e-02 2.224682457745075226e-02 2.322392165660858154e-02 3.660993278026580811e-02 3.497276082634925842e-02 3.909135609865188599e-02 4.429594054818153381e-02 3.976342827081680298e-02 3.889517113566398621e-02 3.734151646494865417e-02 8.562996983528137207e-02 3.534804657101631165e-02 2.920448035001754761e-02 2.836273424327373505e-02 2.048970200121402740e-02 2.015117742121219635e-02 2.077915333211421967e-02 3.758778423070907593e-02 2.057956531643867493e-02 3.735074028372764587e-02 1.863455772399902344e-02 4.854419827461242676e-02 4.136465955525636673e-03 1.452668756246566772e-02 3.152299177600070834e-05 5.771472305059432983e-02 2.162002585828304291e-02 9.899696707725524902e-02 4.586255177855491638e-02 1.318647805601358414e-02 1.893920823931694031e-02 5.556052550673484802e-02 1.477448362857103348e-02 4.102809820324182510e-03 3.324317187070846558e-02 4.485784098505973816e-02 3.382812440395355225e-02 1.603380404412746429e-02 5.005016177892684937e-02 4.479258880019187927e-02 3.962562978267669678e-02 3.417273610830307007e-02 2.403162047266960144e-02 2.325667254626750946e-02 4.178560152649879456e-02 8.900763839483261108e-02 3.575295954942703247e-02 4.896168038249015808e-02 3.175338730216026306e-02 4.468296188861131668e-03 3.138592466711997986e-02 3.613755106925964355e-02 4.625550657510757446e-02 5.807238630950450897e-04 1.381434965878725052e-02 3.998650982975959778e-02 3.629341349005699158e-02 1.923754066228866577e-02 2.656717412173748016e-02 2.269895561039447784e-02 3.990597277879714966e-02 4.976303875446319580e-02 4.939133673906326294e-02 1.126609463244676590e-02 1.122871693223714828e-02 1.644997298717498779e-02 3.792452067136764526e-02 1.800469122827053070e-02 3.855391405522823334e-04 5.694464966654777527e-02 1.640009693801403046e-02 3.784531727433204651e-02 5.996605381369590759e-02 1.209675334393978119e-02 1.296505215577781200e-03 2.832650393247604370e-02 3.209580853581428528e-02 1.292212866246700287e-02 3.577778115868568420e-03 3.464290127158164978e-02 2.597546204924583435e-02 4.646247997879981995e-02 4.116688668727874756e-02 5.029512103646993637e-03 2.893479354679584503e-02 7.857284694910049438e-02 5.310296546667814255e-04 2.508434467017650604e-02 7.605273276567459106e-03 5.868956446647644043e-02 2.454672195017337799e-02 9.642862714827060699e-03 1.620900258421897888e-02 9.697230160236358643e-02 1.133482903242111206e-02 2.921147085726261139e-02
