4.813868999481201172e-01 1.931778639554977417e-01 6.881190929561853409e-03 3.822877258062362671e-02 1.716660149395465851e-02 6.064033880829811096e-02 3.390158712863922119e-02 1.595752546563744545e-03 2.358097769320011139e-02 2.391390874981880188e-02 1.801951974630355835e-01 4.386846441775560379e-03 1.322267651557922363e-01 4.249671101570129395e-02 2.046090364456176758e-02 1.617275737226009369e-02 4.957867413759231567e-02 3.133685514330863953e-02 2.780822850763797760e-02 2.018735185265541077e-02 1.484619732946157455e-02 2.374722063541412354e-02 4.430632665753364563e-02 3.881845623254776001e-02 2.256779558956623077e-02 3.134770318865776062e-02 2.970569021999835968e-02 6.422692909836769104e-03 2.710949815809726715e-02 4.148255684413015842e-04 4.309757426381111145e-02 1.658594264881685376e-04 3.112466260790824890e-02 1.513692829757928848e-02 1.962558366358280182e-02 2.833341993391513824e-02 8.284484967589378357e-03 6.488700397312641144e-03 2.511160448193550110e-02 1.314448425546288490e-03 1.289698947221040726e-02 3.079160675406455994e-02 4.263139516115188599e-02 4.023354873061180115e-02 2.966647408902645111e-02 2.708522230386734009e-02 4.365409538149833679e-02 4.679310694336891174e-02 3.884523734450340271e-02 2.342188358306884766e-02 1.455403957515954971e-02 4.450352489948272705e-02 1.623514667153358459e-02 1.672588102519512177e-02 1.052165497094392776e-02 7.150038611143827438e-03 4.420281201601028442e-02 3.635718300938606262e-02 2.662275917828083038e-02 3.574707359075546265e-02 5.656554363667964935e-03 3.211811557412147522e-02 3.696872666478157043e-02 3.760192915797233582e-02 1.558164972811937332e-02 2.965337410569190979e-02 1.418676786124706268e-02 7.424355950206518173e-03 2.007639408111572266e-02 3.255159035325050354e-02 4.693812876939773560e-02 3.284808248281478882e-02 4.198984801769256592e-02 5.457663908600807190e-03 7.841343991458415985e-03 3.350841253995895386e-02 5.023564398288726807e-02 3.574255853891372681e-02 4.747978225350379944e-02 2.397361584007740021e-02 3.513769805431365967e-02 3.214893117547035217e-02 2.023359388113021851e-02 3.189316764473915100e-02 2.897755801677703857e-02 3.788241371512413025e-02 9.002212435007095337e-03 2.319957688450813293e-02 5.165731161832809448e-02 2.399860648438334465e-03 3.545969724655151367e-02 5.499788001179695129e-02 1.105728745460510254e-02 6.216596066951751709e-02 8.234011940658092499e-03 3.993571270257234573e-03 2.191476337611675262e-02 1.778252236545085907e-02 3.882558643817901611e-02 8.957182057201862335e-03 1.305554807186126709e-02 3.970821853727102280e-03 2.644468098878860474e-03 2.042543329298496246e-02 2.571699582040309906e-02 1.064509525895118713e-02 3.256000578403472900e-02 1.873140595853328705e-02 7.245598826557397842e-03 3.495418932288885117e-03 2.612203732132911682e-02 6.444052327424287796e-03 2.715491876006126404e-02 2.481150999665260315e-02 3.647422045469284058e-02 9.514281526207923889e-03
1.931778639554977417e-01 4.855270981788635254e-01 4.638373851776123047e-03 3.677976131439208984e-02 3.990299068391323090e-03 1.053229272365570068e-01 3.044914267957210541e-02 3.921111300587654114e-02 9.364010184071958065e-04 4.654593020677566528e-02 1.045717895030975342e-01 2.989418432116508484e-02 1.480251252651214600e-01 2.167373895645141602e-02 4.709858819842338562e-02 4.469463601708412170e-03 4.821966285817325115e-04 3.075463930144906044e-03 2.719814423471689224e-03 5.525980889797210693e-02 2.466151863336563110e-02 1.252181362360715866e-02 4.836057312786579132e-03 1.618817821145057678e-02 3.735258057713508606e-02 5.275717470794916153e-03 2.014534361660480499e-02 4.327467083930969238e-02 4.761537909507751465e-02 4.568054154515266418e-02 6.831781566143035889e-02 2.095439843833446503e-02 4.130538180470466614e-02 1.310571003705263138e-02 1.906543411314487457e-02 3.708510100841522217e-02 3.549245372414588928e-02 2.048302255570888519e-02 3.958713263273239136e-03 4.767403937876224518e-03 7.679268252104520798e-03 5.212357267737388611e-02 7.059982512146234512e-03 1.688070828095078468e-03 1.413547433912754059e-02 3.641858929768204689e-03 1.504066679626703262e-02 3.062190674245357513e-02 3.529081866145133972e-02 2.930595353245735168e-02 1.468354929238557816e-02 3.456925507634878159e-03 4.544091876596212387e-03 1.458810269832611084e-02 5.433121696114540100e-02 1.432883366942405701e-02 5.209259688854217529e-02 4.437658935785293579e-02 5.844402592629194260e-03 4.732571169734001160e-02 4.976294934749603271e-02 3.978445753455162048e-02 4.577035456895828247e-02 2.907751686871051788e-02 1.256850734353065491e-02 2.315591275691986084e-02 1.109612919390201569e-02 4.702549427747726440e-03 4.105777665972709656e-02 1.629711128771305084e-02 3.323930874466896057e-02 4.204104840755462646e-02 3.766055032610893250e-02 5.276259500533342361e-03 1.948488503694534302e-02 3.264226391911506653e-02 2.369428519159555435e-03 3.093806328251957893e-03 3.243012353777885437e-02 8.607973344624042511e-03 1.722726225852966309e-02 2.280496619641780853e-02 8.705312386155128479e-03 4.404775798320770264e-02 1.901932805776596069e-02 2.384017035365104675e-02 3.605709969997406006e-02 7.149296812713146210e-03 2.558490820229053497e-02 2.752406708896160126e-02 1.481642667204141617e-02 4.592807963490486145e-02 1.754918135702610016e-02 5.400302633643150330e-02 7.222016341984272003e-03 2.882615849375724792e-02 5.090060178190469742e-03 1.735573448240756989e-02 3.945789858698844910e-02 4.850289598107337952e-02 4.984350502490997314e-02 4.511472210288047791e-02 1.696977578103542328e-02 3.061398677527904510e-02 3.551755845546722412e-02 1.321076694875955582e-02 2.596150897443294525e-02 1.547729596495628357e-02 4.208650812506675720e-02 1.893023587763309479e-02 7.939202710986137390e-03 1.193511951714754105e-02 2.568131126463413239e-02 8.805255405604839325e-03 4.257108271121978760e-02 3.268871456384658813e-02
6.881190929561853409e-03 4.638373851776123047e-03 4.765306413173675537e-01 8.555677719414234161e-03 2.054845914244651794e-02 3.028032742440700531e-02 4.128793627023696899e-02 1.556551307439804077e-01 1.607418246567249298e-02 3.889243677258491516e-02 1.755437068641185760e-02 1.198536483570933342e-03 1.609707064926624298e-02 1.246863743290305138e-03 4.551737010478973389e-02 2.560700103640556335e-02 1.241555158048868179e-02 4.027114063501358032e-02 3.494960814714431763e-02 1.092956122010946274e-02 8.298270404338836670e-03 1.740405336022377014e-02 2.450980618596076965e-02 1.832476258277893066e-02 1.569649577140808105e-02 1.005796901881694794e-02 5.385465919971466064e-02 4.596859216690063477e-02 3.483255580067634583e-02 3.460521996021270752e-02 1.251459214836359024e-02 3.374795615673065186e-02 1.924494840204715729e-02 4.119074344635009766e-02 1.797494292259216309e-02 3.243649005889892578e-02 2.072426863014698029e-02 3.330141678452491760e-02 2.314568310976028442e-02 2.352182194590568542e-02 4.565561935305595398e-02 2.632405608892440796e-02 3.769574314355850220e-02 4.365088534541428089e-04 3.469923883676528931e-02 2.781807817518711090e-02 2.644112147390842438e-02 4.250319907441735268e-04 3.927525132894515991e-02 1.679510460235178471e-03 3.972897678613662720e-02 2.533324807882308960e-02 1.216280180960893631e-02 1.404916774481534958e-02 2.255162596702575684e-02 2.727566100656986237e-02 1.311041321605443954e-02 4.925691522657871246e-03 4.918263759464025497e-03 1.100924517959356308e-02 4.439543560147285461e-02 2.814687788486480713e-03 4.690517112612724304e-02 1.658634282648563385e-02 8.560098707675933838e-03 2.168041095137596130e-02 8.822788484394550323e-03 1.363284233957529068e-02 1.368741970509290695e-02 1.423825696110725403e-02 2.071175724267959595e-02 2.561338059604167938e-02 1.341176405549049377e-02 1.031800359487533569e-02 1.089587062597274780e-02 3.934972360730171204e-02 3.123715706169605255e-02 4.249440878629684448e-02 4.739153757691383362e-02 3.977152332663536072e-02 1.353373676538467407e-01 1.213332042098045349e-01 3.966576978564262390e-02 2.380597032606601715e-02 2.725122123956680298e-02 2.938234992325305939e-02 8.647271245718002319e-02 4.306461662054061890e-02 2.386240288615226746e-02 4.143433645367622375e-02 1.362480595707893372e-02 2.416260354220867157e-02 2.080434747040271759e-02 3.580628708004951477e-02 2.964634448289871216e-02 2.603898174129426479e-04 7.915521971881389618e-03 3.562591597437858582e-02 1.718010194599628448e-02 2.816335111856460571e-02 7.498986087739467621e-03 2.872025035321712494e-02 1.167359109967947006e-02 1.639628410339355469e-02 4.311363399028778076e-02 1.963686011731624603e-02 3.872345387935638428e-02 1.659257151186466217e-02 3.671582555398344994e-03 6.112719420343637466e-03 1.951618120074272156e-02 3.516057506203651428e-02 2.488789707422256470e-02 3.231290727853775024e-02 3.829785063862800598e-02 3.156778216361999512e-02
3.822877258062362671e-02 3.677976131439208984e-02 8.555677719414234161e-03 4.716891944408416748e-01 2.224290370941162109e-01 1.989034377038478851e-02 3.461227938532829285e-02 7.046122103929519653e-03 3.930024802684783936e-02 1.864256337285041809e-02 4.232489317655563354e-02 7.012516725808382034e-03 1.380749512463808060e-02 1.042574271559715271e-02 4.749312251806259155e-02 2.511528693139553070e-02 4.273020476102828979e-02 2.734776958823204041e-02 6.643798202276229858e-02 1.767418719828128815e-02 3.638901188969612122e-02 3.152384608983993530e-02 4.477619379758834839e-02 1.676946994848549366e-03 1.938243582844734192e-02 1.070428732782602310e-02 1.370838843286037445e-02 3.075877204537391663e-02 2.011609077453613281e-02 1.361242961138486862e-02 1.389673911035060883e-02 1.217659562826156616e-02 1.702136732637882233e-02 1.899244450032711029e-02 7.844354258850216866e-04 4.506021738052368164e-02 3.142261877655982971e-02 3.268803283572196960e-02 4.531806707382202148e-02 7.482957839965820312e-02 2.875457890331745148e-02 2.103331498801708221e-02 4.397389665246009827e-02 2.174410270527005196e-03 2.263876236975193024e-02 1.166636403650045395e-02 8.720103651285171509e-03 3.924335539340972900e-02 4.252154752612113953e-02 4.848694370593875647e-04 2.156119793653488159e-02 2.011938393115997314e-02 3.826621174812316895e-02 2.000258304178714752e-02 4.559355229139328003e-02 5.516480188816785812e-03 2.494006603956222534e-02 6.666615372523665428e-04 2.751124789938330650e-03 3.997668251395225525e-02 4.068030044436454773e-02 8.414945751428604126e-02 1.368816383183002472e-02 2.213345840573310852e-02 1.995915360748767853e-02 2.951266989111900330e-02 2.546580880880355835e-02 3.572687506675720215e-03 1.436646468937397003e-02 2.877395972609519958e-02 9.963238611817359924e-03 3.429405018687248230e-02 1.150721535086631775e-01 1.007600594311952591e-02 1.952916011214256287e-02 3.599926829338073730e-02 1.479586400091648102e-02 2.678891830146312714e-02 4.019688442349433899e-02 9.990086778998374939e-03 1.980320812435820699e-04 2.245860174298286438e-02 1.647493690252304077e-01 1.875399425625801086e-02 2.293314319103956223e-03 2.866096049547195435e-02 8.293153718113899231e-03 6.551296450197696686e-03 2.011347189545631409e-02 9.402269497513771057e-03 4.062495753169059753e-02 2.270723320543766022e-02 2.538700774312019348e-02 4.317490011453628540e-02 3.638926893472671509e-03 1.544853672385215759e-02 1.581035554409027100e-02 1.532571669667959213e-02 1.456402242183685303e-02 2.302736043930053711e-03 1.377565879374742508e-02 1.763399317860603333e-02 1.718186028301715851e-02 3.131224960088729858e-02 2.277419157326221466e-02 7.196027785539627075e-03 1.126417145133018494e-02 3.966109827160835266e-02 2.089204452931880951e-02 3.737573698163032532e-02 4.178046062588691711e-02 2.886833809316158295e-02 4.711639881134033203e-02 2.625591307878494263e-02 7.733390200883150101e-03 8.521227282471954823e-04
1.716660149395465851e-02 3.990299068391323090e-03 2.054845914244651794e-02 2.224290370941162109e-01 4.661339521408081055e-01 2.304733917117118835e-02 3.404663875699043274e-02 1.313374191522598267e-02 3.476849291473627090e-03 1.894859038293361664e-02 2.929728291928768158e-02 2.956954389810562134e-02 4.670803621411323547e-02 8.016431704163551331e-03 1.692412234842777252e-02 1.175611373037099838e-02 1.661380566656589508e-02 4.368565604090690613e-02 8.222191780805587769e-02 1.925787329673767090e-02 2.672138996422290802e-02 2.083766506984829903e-03 1.812981069087982178e-02 3.533772006630897522e-02 2.690641209483146667e-02 3.801139444112777710e-02 2.142410911619663239e-02 4.015288781374692917e-03 3.813927993178367615e-02 2.997056394815444946e-02 3.568805009126663208e-02 2.115488611161708832e-02 2.644912153482437134e-02 7.288157939910888672e-03 4.308439418673515320e-02 3.348641470074653625e-02 1.819293759763240814e-02 1.932535879313945770e-02 1.487622689455747604e-02 1.911514997482299805e-01 3.033082559704780579e-02 2.485710196197032928e-02 1.884924434125423431e-02 3.351421654224395752e-02 1.555945351719856262e-02 2.824453823268413544e-02 1.419295929372310638e-02 3.646318241953849792e-02 1.410092576406896114e-03 1.445512194186449051e-02 2.307866699993610382e-02 2.780088968575000763e-02 2.545203454792499542e-02 1.642956398427486420e-02 1.502623688429594040e-02 2.844998426735401154e-02 2.902946807444095612e-02 3.899273648858070374e-02 9.364984929561614990e-03 1.407890953123569489e-02 2.691452624276280403e-03 3.213056549429893494e-02 3.334169462323188782e-02 1.703663542866706848e-02 3.438439592719078064e-02 1.800996437668800354e-02 2.380594052374362946e-02 9.309650049544870853e-04 3.169531747698783875e-02 2.298238873481750488e-02 4.746619239449501038e-02 9.922835044562816620e-03 1.244172677397727966e-01 7.263993378728628159e-03 1.176500692963600159e-01 3.260518237948417664e-02 2.282172208651900291e-03 1.060116291046142578e-02 1.304280199110507965e-02 1.651568710803985596e-02 3.283146396279335022e-02 2.267322875559329987e-02 9.387937933206558228e-02 4.141457006335258484e-02 1.121143531054258347e-02 4.005880653858184814e-02 3.141850931569933891e-03 1.155964843928813934e-02 9.814361110329627991e-03 7.307820767164230347e-02 9.614559239707887173e-04 3.514510393142700195e-02 2.068092860281467438e-02 2.836886793375015259e-02 1.438087970018386841e-02 3.668918088078498840e-02 3.652498498558998108e-02 1.657500118017196655e-02 1.004976686090230942e-02 5.720961838960647583e-03 2.124256454408168793e-02 3.687660768628120422e-02 2.790149115025997162e-02 2.711290679872035980e-02 1.437406335026025772e-02 9.158696047961711884e-03 3.070881031453609467e-02 2.529256045818328857e-02 2.239452116191387177e-02 3.712570667266845703e-02 6.942241452634334564e-03 5.232185358181595802e-04 2.928119525313377380e-02 2.570833265781402588e-02 1.995189674198627472e-02 1.209941576234996319e-03
6.064033880829811096e-02 1.053229272365570068e-01 3.028032742440700531e-02 1.989034377038478851e-02 2.304733917117118835e-02 4.853152334690093994e-01 2.103549242019653320e-01 3.622897341847419739e-02 1.985517889261245728e-02 3.010074235498905182e-02 2.193916589021682739e-02 6.450241804122924805e-02 5.831737816333770752e-02 5.661151930689811707e-02 3.636880218982696533e-02 5.232476396486163139e-04 2.643654821440577507e-03 9.264529682695865631e-03 3.782183676958084106e-02 5.960720591247081757e-03 4.301178455352783203e-02 1.590218022465705872e-02 1.921386085450649261e-02 4.297153558582067490e-03 5.747638642787933350e-04 8.754270151257514954e-03 4.264708608388900757e-03 1.218887977302074432e-02 2.768067643046379089e-02 7.624975871294736862e-03 2.518452890217304230e-02 4.063059389591217041e-02 3.701492026448249817e-02 4.436134174466133118e-02 4.053679853677749634e-02 3.695813566446304321e-02 3.842491656541824341e-02 3.091591224074363708e-02 3.503497317433357239e-02 1.921592862345278263e-03 4.180994629859924316e-02 9.811269119381904602e-03 3.138507530093193054e-02 4.839428514242172241e-02 5.633205175399780273e-02 2.299309708178043365e-02 1.836100220680236816e-01 8.449914306402206421e-02 5.002145189791917801e-03 1.697468804195523262e-03 4.643503203988075256e-02 5.087531730532646179e-02 3.282666578888893127e-02 3.956075012683868408e-02 2.331885509192943573e-02 3.820645064115524292e-02 5.416576936841011047e-02 3.349791094660758972e-02 2.905727550387382507e-02 6.525085773319005966e-04 1.039864588528871536e-02 6.849782075732946396e-03 4.034440591931343079e-02 2.294129319489002228e-02 3.808312863111495972e-02 2.519752457737922668e-02 4.851977899670600891e-02 1.714133843779563904e-02 2.366423141211271286e-03 5.864455364644527435e-03 1.151936477981507778e-03 6.585251539945602417e-02 3.174408630002290010e-04 2.084242925047874451e-02 2.061492530629038811e-03 4.247147217392921448e-02 8.850808255374431610e-03 5.300318822264671326e-02 4.785986989736557007e-02 2.311224490404129028e-02 3.022299706935882568e-02 2.025215514004230499e-02 2.618939056992530823e-02 2.305718325078487396e-02 4.114089161157608032e-02 1.826116349548101425e-04 2.584911650046706200e-03 1.658208109438419342e-02 1.708030141890048981e-02 2.235953137278556824e-02 1.900384388864040375e-02 3.218744322657585144e-02 2.750934101641178131e-03 3.273352235555648804e-02 5.580222234129905701e-03 2.443443238735198975e-02 1.099630165845155716e-02 8.158178068697452545e-03 5.843407008796930313e-03 4.100970923900604248e-03 2.079249732196331024e-02 4.216869920492172241e-02 4.462129902094602585e-03 1.389866042882204056e-02 2.990626543760299683e-02 1.038685534149408340e-02 4.986917227506637573e-02 8.751711808145046234e-03 1.790344715118408203e-02 1.247827662155032158e-03 1.984120160341262817e-02 1.566522382199764252e-02 4.294532164931297302e-02 4.830434545874595642e-02 4.605908543453551829e-05 3.377167880535125732e-02
3.390158712863922119e-02 3.044914267957210541e-02 4.128793627023696899e-02 3.461227938532829285e-02 3.404663875699043274e-02 2.103549242019653320e-01 4.835100769996643066e-01 7.065827958285808563e-03 1.232990063726902008e-02 2.180107496678829193e-02 3.175272792577743530e-02 9.768708050251007080e-02 1.248081214725971222e-03 7.105107605457305908e-02 4.587959870696067810e-02 4.572673351503908634e-04 3.723109140992164612e-02 4.544278606772422791e-02 1.951813697814941406e-03 3.907608799636363983e-03 3.409434854984283447e-02 2.054484933614730835e-02 1.859690248966217041e-02 2.166667208075523376e-02 2.887716284021735191e-03 1.310479175299406052e-02 3.307184949517250061e-02 2.146276086568832397e-02 1.180943287909030914e-02 2.946994639933109283e-02 5.627074465155601501e-02 4.206404834985733032e-02 2.348743006587028503e-02 3.336553275585174561e-02 3.564264625310897827e-02 4.917609319090843201e-02 4.940542951226234436e-02 1.685816049575805664e-02 3.770938143134117126e-02 2.343634516000747681e-02 2.416140586137771606e-02 1.005615293979644775e-02 6.478955037891864777e-03 6.614925805479288101e-03 5.724173411726951599e-02 4.285107366740703583e-03 1.788019239902496338e-01 1.543253660202026367e-01 1.173599995672702789e-02 1.925076171755790710e-02 1.350692845880985260e-02 2.246613800525665283e-02 2.475658431649208069e-03 6.671394221484661102e-03 1.204310543835163116e-02 2.166194282472133636e-02 5.642712488770484924e-02 3.119389526546001434e-02 1.550171617418527603e-02 2.445763535797595978e-02 3.112034313380718231e-02 2.706087566912174225e-02 2.540758810937404633e-02 1.166065502911806107e-02 1.899180002510547638e-02 4.603266343474388123e-02 4.035607725381851196e-02 6.756678223609924316e-03 5.010725930333137512e-02 3.467880561947822571e-02 3.374353796243667603e-02 3.035885654389858246e-02 3.751800954341888428e-02 1.435716357082128525e-02 1.791147515177726746e-02 2.244789525866508484e-02 3.186463378369808197e-03 2.603747323155403137e-02 3.438821062445640564e-02 9.901872836053371429e-03 3.453594818711280823e-02 2.880481816828250885e-02 8.445885963737964630e-03 3.995510563254356384e-02 4.056221619248390198e-02 2.217983826994895935e-02 2.623938396573066711e-02 7.775456644594669342e-03 1.093160547316074371e-02 5.322223063558340073e-03 1.982849836349487305e-02 3.827912500128149986e-03 1.701979339122772217e-02 1.951117254793643951e-02 3.703302890062332153e-02 1.677796430885791779e-02 1.002655457705259323e-02 2.830699831247329712e-02 1.963733136653900146e-02 4.069068282842636108e-02 5.094248428940773010e-02 7.263466250151395798e-03 2.620391175150871277e-02 1.672946289181709290e-02 4.055896028876304626e-02 4.226538538932800293e-02 4.661265760660171509e-02 9.363754652440547943e-03 5.407560151070356369e-03 2.538877772167325020e-03 1.627355441451072693e-02 3.991791233420372009e-02 1.809300109744071960e-02 2.031911350786685944e-02 2.798547036945819855e-02 3.061406128108501434e-02
1.595752546563744545e-03 3.921111300587654114e-02 1.556551307439804077e-01 7.046122103929519653e-03 1.313374191522598267e-02 3.622897341847419739e-02 7.065827958285808563e-03 4.717566072940826416e-01 1.985812187194824219e-02 1.825632527470588684e-02 3.347958251833915710e-02 2.022632211446762085e-02 1.120106037706136703e-02 3.177349641919136047e-02 1.153960973024368286e-01 4.200736060738563538e-02 1.397980377078056335e-02 1.534991711378097534e-02 2.179283834993839264e-02 4.186857864260673523e-02 2.389333397150039673e-02 7.723012473434209824e-03 3.880408825352787971e-03 2.451712451875209808e-02 6.112087052315473557e-03 9.783638641238212585e-03 2.352829463779926300e-02 3.631647909060120583e-03 3.628259524703025818e-02 3.338579460978507996e-02 2.684396319091320038e-02 3.727550804615020752e-02 2.796312794089317322e-02 3.965460509061813354e-02 3.960810601711273193e-02 9.813456563279032707e-04 6.581182125955820084e-03 2.193948626518249512e-02 1.278821285814046860e-02 1.419981662184000015e-02 1.993993856012821198e-02 7.511640898883342743e-03 1.980358362197875977e-02 2.078901603817939758e-02 3.198688477277755737e-02 1.697074994444847107e-02 2.095853723585605621e-02 6.897151935845613480e-03 1.374925300478935242e-02 2.255078405141830444e-02 6.211459636688232422e-02 5.373853817582130432e-02 3.548975288867950439e-02 3.260191157460212708e-02 2.944232197478413582e-03 1.017274567857384682e-03 4.238143563270568848e-02 3.437054401729255915e-04 5.128331249579787254e-04 2.432958036661148071e-02 1.629499346017837524e-02 2.475325576961040497e-02 2.356748841702938080e-02 2.563477121293544769e-02 3.946098312735557556e-02 3.932981938123703003e-02 2.901032008230686188e-02 2.115201205015182495e-02 2.517154067754745483e-02 8.555061183869838715e-03 3.554687649011611938e-02 1.284775324165821075e-02 8.671624585986137390e-03 1.658971607685089111e-02 1.630396954715251923e-02 4.740986914839595556e-04 1.660827663727104664e-03 3.777656331658363342e-02 1.808016560971736908e-02 3.244531899690628052e-02 1.387131512165069580e-01 7.212030142545700073e-02 7.799561135470867157e-03 2.793072909116744995e-02 4.559412598609924316e-02 4.709220305085182190e-02 9.444388747215270996e-02 2.965830825269222260e-02 3.838071972131729126e-02 1.366695575416088104e-02 4.069640114903450012e-02 1.702637597918510437e-02 4.064927622675895691e-02 6.633592769503593445e-03 2.654518559575080872e-02 1.628525322303175926e-03 8.297313936054706573e-03 2.814805135130882263e-03 4.598076269030570984e-02 4.150582011789083481e-03 1.538510899990797043e-02 1.503174751996994019e-02 2.103019040077924728e-03 4.111652728170156479e-03 1.317190472036600113e-02 6.469671614468097687e-03 1.919893547892570496e-02 2.583674713969230652e-02 3.605758771300315857e-02 3.684407100081443787e-02 1.234943233430385590e-02 9.663234464824199677e-03 2.430981956422328949e-02 3.213799744844436646e-02 1.683914847671985626e-02 2.899127267301082611e-02
2.358097769320011139e-02 9.364010184071958065e-04 1.607418246567249298e-02 3.930024802684783936e-02 3.476849291473627090e-03 1.985517889261245728e-02 1.232990063726902008e-02 1.985812187194824219e-02 5.034589767456054688e-01 3.836578875780105591e-02 2.154286205768585205e-02 5.165871232748031616e-02 3.317211940884590149e-02 3.515446186065673828e-02 2.601266652345657349e-02 2.102228999137878418e-02 2.378645539283752441e-02 6.138720363378524780e-02 4.349633306264877319e-02 2.584529668092727661e-02 4.789849743247032166e-02 1.762158796191215515e-02 1.210553571581840515e-02 3.741647675633430481e-02 4.105238243937492371e-02 2.765148505568504333e-02 1.500109117478132248e-02 2.683156356215476990e-02 4.291732609272003174e-02 8.185178972780704498e-03 3.718246892094612122e-02 3.527168557047843933e-02 1.652249367907643318e-03 3.839113935828208923e-02 8.517053909599781036e-03 3.152987733483314514e-02 2.560573071241378784e-02 1.227653957903385162e-02 1.595459505915641785e-02 4.209154751151800156e-03 9.434171370230615139e-04 5.359282344579696655e-02 1.850625686347484589e-02 2.603233605623245239e-02 5.967859923839569092e-02 3.923133481293916702e-03 2.298431470990180969e-02 3.163420408964157104e-02 3.885246068239212036e-02 5.290693137794733047e-03 3.432700410485267639e-02 3.537400811910629272e-02 1.437359675765037537e-02 4.930789396166801453e-02 6.033499538898468018e-02 4.977797158062458038e-03 2.541440725326538086e-02 1.188589353114366531e-02 1.125923823565244675e-03 2.706435695290565491e-02 2.085306309163570404e-02 4.747626185417175293e-02 2.067127497866749763e-03 4.392327275127172470e-03 2.720854245126247406e-02 1.649395935237407684e-02 4.617633298039436340e-02 4.250346124172210693e-02 5.874090362340211868e-03 2.320684492588043213e-03 3.868871554732322693e-02 2.786005288362503052e-02 7.964503020048141479e-03 9.552429430186748505e-03 4.208057373762130737e-02 1.029170770198106766e-02 7.102278620004653931e-02 9.272521361708641052e-03 7.437933236360549927e-02 2.577237412333488464e-02 4.611499980092048645e-02 8.887769654393196106e-03 2.180186845362186432e-02 1.119298394769430161e-02 2.763855503872036934e-03 2.084294334053993225e-02 4.025663435459136963e-02 3.067948482930660248e-02 2.724235504865646362e-02 6.057534366846084595e-02 2.287825383245944977e-02 3.634433448314666748e-02 2.640715613961219788e-02 4.003299400210380554e-03 5.704939831048250198e-03 2.043399028480052948e-02 6.705719977617263794e-03 3.146259114146232605e-02 2.561338187661021948e-04 2.214864268898963928e-02 1.849845051765441895e-02 2.452037297189235687e-02 7.599700242280960083e-03 2.485040761530399323e-02 1.628207601606845856e-02 6.545485928654670715e-03 2.643221989274024963e-02 4.138584062457084656e-02 5.277509987354278564e-02 4.826201871037483215e-02 6.027074996381998062e-03 2.247815486043691635e-03 3.602243727073073387e-03 3.023347631096839905e-02 5.342489108443260193e-02 4.357182607054710388e-02
2.391390874981880188e-02 4.654593020677566528e-02 3.889243677258491516e-02 1.864256337285041809e-02 1.894859038293361664e-02 3.010074235498905182e-02 2.180107496678829193e-02 1.825632527470588684e-02 3.836578875780105591e-02 4.895792007446289062e-01 2.391571924090385437e-02 2.610018290579319000e-02 2.226438187062740326e-02 1.373320724815130234e-02 4.242634400725364685e-02 3.053933754563331604e-02 3.872939199209213257e-02 1.377820316702127457e-02 6.197280436754226685e-02 2.157430630177259445e-03 1.207005325704813004e-02 2.652569860219955444e-02 4.689649119973182678e-02 3.510173410177230835e-02 3.915227949619293213e-02 5.277805030345916748e-02 1.959241740405559540e-02 1.460848096758127213e-02 5.296820774674415588e-03 3.032763116061687469e-02 1.064182631671428680e-02 3.452523052692413330e-02 1.365015469491481781e-02 4.745668172836303711e-02 3.332591056823730469e-02 4.216399043798446655e-02 5.424328148365020752e-03 1.703040860593318939e-02 1.682580565102398396e-03 3.304558992385864258e-02 1.280784513801336288e-02 4.815378226339817047e-03 5.198163911700248718e-02 3.104642778635025024e-02 1.240611262619495392e-02 5.790587887167930603e-02 2.627228572964668274e-02 3.370188176631927490e-02 2.904381603002548218e-02 3.163878619670867920e-02 3.204229474067687988e-02 1.329261250793933868e-02 4.683375358581542969e-02 3.083855658769607544e-02 4.159127827733755112e-03 5.024090409278869629e-02 7.906412705779075623e-03 4.693569149821996689e-03 4.885577782988548279e-02 2.049636654555797577e-02 2.086890488862991333e-02 1.006719190627336502e-02 3.344879671931266785e-02 5.969295743852853775e-03 3.020132519304752350e-02 2.251356374472379684e-03 4.183001350611448288e-03 2.181938849389553070e-03 3.857006318867206573e-03 4.708667844533920288e-02 4.885520786046981812e-02 3.092633932828903198e-02 4.199755564332008362e-02 5.692188441753387451e-02 3.496131673455238342e-02 1.040787622332572937e-02 8.158442215062677860e-04 1.397430449724197388e-01 2.928216569125652313e-02 1.059317961335182190e-01 3.427379950881004333e-02 2.569194138050079346e-02 2.664414793252944946e-02 6.711845099925994873e-02 4.259524866938591003e-02 1.186774019151926041e-02 5.305879935622215271e-02 2.114994451403617859e-03 8.145878091454505920e-03 8.204174041748046875e-02 2.082717791199684143e-02 1.168767828494310379e-02 4.795167967677116394e-02 2.874392084777355194e-02 2.739435061812400818e-02 1.952380407601594925e-04 6.028087064623832703e-02 2.660372760146856308e-03 1.234856620430946350e-02 3.957830369472503662e-03 2.855752035975456238e-02 3.327593207359313965e-02 5.321686039678752422e-04 1.235974580049514771e-02 3.367312997579574585e-02 4.000746458768844604e-02 1.063123065978288651e-02 2.973556518554687500e-02 1.850123703479766846e-02 1.313048414885997772e-02 3.182115964591503143e-03 3.453922271728515625e-02 5.421932786703109741e-02 2.670102193951606750e-02 4.736077785491943359e-02 3.008906729519367218e-02
1.801951974630355835e-01 1.045717895030975342e-01 1.755437068641185760e-02 4.232489317655563354e-02 2.929728291928768158e-02 2.193916589021682739e-02 3.175272792577743530e-02 3.347958251833915710e-02 2.154286205768585205e-02 2.391571924090385437e-02 4.758141338825225830e-01 9.061039425432682037e-03 2.629375159740447998e-01 2.992883138358592987e-02 2.083357237279415131e-02 5.623239651322364807e-02 3.106675669550895691e-02 5.548259243369102478e-03 3.068870306015014648e-02 4.693328216671943665e-02 4.210793226957321167e-02 8.017286658287048340e-03 3.148124366998672485e-02 3.230759501457214355e-02 3.564128279685974121e-02 7.359632290899753571e-03 4.439472779631614685e-02 1.111492980271577835e-02 2.010753378272056580e-02 1.977681927382946014e-02 8.021396584808826447e-03 4.896221309900283813e-02 8.252068422734737396e-03 3.016610629856586456e-02 9.106961078941822052e-03 3.545081615447998047e-02 4.415257647633552551e-02 1.225128956139087677e-02 2.929851412773132324e-02 1.934219151735305786e-02 1.428988296538591385e-02 3.346527740359306335e-02 9.653489105403423309e-03 1.830534823238849640e-02 1.435908675193786621e-02 1.872301474213600159e-02 1.971368864178657532e-02 1.896428503096103668e-02 3.973726555705070496e-02 4.200865328311920166e-02 1.549472939223051071e-02 3.668039338663220406e-03 6.325347721576690674e-02 1.747914217412471771e-02 3.509835153818130493e-02 3.421818604692816734e-03 2.131278067827224731e-02 2.673872373998165131e-02 6.836342811584472656e-02 3.171686455607414246e-02 2.687714435160160065e-02 4.068033769726753235e-02 4.165789578109979630e-03 1.257978007197380066e-02 2.559621632099151611e-02 4.175904393196105957e-02 3.544889390468597412e-02 4.059024900197982788e-02 2.279260382056236267e-02 3.592646121978759766e-02 2.125129103660583496e-02 2.700084447860717773e-02 5.895195156335830688e-02 1.908457279205322266e-02 7.003920618444681168e-03 7.809241767972707748e-03 1.342993509024381638e-02 3.050399571657180786e-02 6.101650069467723370e-04 6.901095155626535416e-03 1.530416123569011688e-02 4.708780348300933838e-02 4.872906953096389771e-03 3.043233603239059448e-02 4.034690186381340027e-02 2.258513122797012329e-02 2.655126526951789856e-02 2.031573280692100525e-02 2.229133620858192444e-02 1.103326678276062012e-02 7.962207309901714325e-03 4.543475806713104248e-02 3.665720298886299133e-02 2.904951758682727814e-02 3.929799422621726990e-02 2.322682878002524376e-03 3.564962372183799744e-02 4.295892268419265747e-02 2.777481637895107269e-02 1.009537465870380402e-02 7.062572054564952850e-03 2.367094345390796661e-02 3.083480522036552429e-02 2.146077901124954224e-02 2.149808406829833984e-02 3.356064436957240105e-03 1.042272336781024933e-02 4.280380532145500183e-02 3.370405361056327820e-02 4.716323688626289368e-02 2.582635730504989624e-02 1.926486566662788391e-02 3.131301701068878174e-02 2.151577919721603394e-02 1.217125076800584793e-02 9.355700761079788208e-02
4.386846441775560379e-03 2.989418432116508484e-02 1.198536483570933342e-03 7.012516725808382034e-03 2.956954389810562134e-02 6.450241804122924805e-02 9.768708050251007080e-02 2.022632211446762085e-02 5.165871232748031616e-02 2.610018290579319000e-02 9.061039425432682037e-03 4.895815253257751465e-01 2.975485287606716156e-02 1.673761010169982910e-01 3.525390848517417908e-02 1.315355300903320312e-02 3.025352396070957184e-02 6.429796107113361359e-03 4.782241210341453552e-02 2.167298458516597748e-02 1.910733990371227264e-02 1.663549616932868958e-02 8.294963091611862183e-02 8.084291964769363403e-02 3.660383867099881172e-03 1.492715720087289810e-02 1.891618221998214722e-02 1.073253527283668518e-01 4.779814183712005615e-02 6.615534424781799316e-02 3.060088865458965302e-02 2.771218121051788330e-02 3.420183062553405762e-02 5.258486792445182800e-02 2.911159209907054901e-02 1.738814450800418854e-02 8.708138018846511841e-03 3.964823205024003983e-03 4.337420314550399780e-02 2.619037777185440063e-02 2.749308943748474121e-02 4.691511020064353943e-02 4.544379189610481262e-02 1.265974342823028564e-02 4.138059541583061218e-02 6.139055639505386353e-02 4.423596337437629700e-02 5.289525166153907776e-02 1.742033846676349640e-02 2.134983427822589874e-02 1.041370350867509842e-02 8.800036273896694183e-03 1.163750141859054565e-02 2.783741801977157593e-02 3.395089181140065193e-03 5.187857896089553833e-02 1.284004305489361286e-03 6.980986800044775009e-03 3.038089163601398468e-02 3.071903996169567108e-02 2.283317595720291138e-02 2.884776517748832703e-02 2.474588342010974884e-02 4.235320538282394409e-02 3.408157825469970703e-02 8.737142197787761688e-03 2.947640232741832733e-02 4.510217905044555664e-02 1.982743479311466217e-02 1.381322648376226425e-02 4.813659936189651489e-02 4.548579081892967224e-02 3.252269700169563293e-02 5.192253366112709045e-02 5.065347068011760712e-03 4.990393668413162231e-02 5.257881432771682739e-02 8.492578752338886261e-03 7.928891107439994812e-03 3.116786293685436249e-02 3.153995424509048462e-02 2.098613418638706207e-02 4.043245315551757812e-02 2.206459827721118927e-02 8.370685391128063202e-03 1.882380992174148560e-02 9.820366278290748596e-03 6.197638344019651413e-03 9.546513319946825504e-04 2.360998280346393585e-02 2.256445959210395813e-02 4.829448182135820389e-03 7.059849333018064499e-03 4.743598867207765579e-03 3.899095952510833740e-02 1.244985382072627544e-03 4.991661012172698975e-02 1.343922782689332962e-02 3.995337337255477905e-02 3.700711578130722046e-02 1.399248745292425156e-02 3.346821293234825134e-02 1.953535526990890503e-02 3.270487114787101746e-02 3.621682524681091309e-03 2.083793655037879944e-02 1.634166762232780457e-02 4.680881649255752563e-02 1.861960440874099731e-02 3.253126144409179688e-02 4.456063907127827406e-04 9.277001023292541504e-03 5.433886498212814331e-02 4.684468358755111694e-02 1.360002253204584122e-02 2.391994465142488480e-03
1.322267651557922363e-01 1.480251252651214600e-01 1.609707064926624298e-02 1.380749512463808060e-02 4.670803621411323547e-02 5.831737816333770752e-02 1.248081214725971222e-03 1.120106037706136703e-02 3.317211940884590149e-02 2.226438187062740326e-02 2.629375159740447998e-01 2.975485287606716156e-02 4.830199182033538818e-01 2.311709150671958923e-02 3.708877041935920715e-02 8.572050929069519043e-02 1.155062168836593628e-01 5.064416676759719849e-02 3.779398277401924133e-02 1.396841742098331451e-02 1.604249584488570690e-03 3.712891414761543274e-02 2.981779910624027252e-02 1.996193081140518188e-02 1.745794154703617096e-02 4.161845892667770386e-02 3.596312180161476135e-02 1.942655444145202637e-02 4.186640679836273193e-02 2.579481340944766998e-02 4.637199267745018005e-02 1.514198910444974899e-02 2.508635260164737701e-02 1.578373834490776062e-02 7.526324596256017685e-03 4.897928982973098755e-02 4.724485799670219421e-02 1.097720302641391754e-02 2.470379136502742767e-02 2.197285741567611694e-02 2.315504207217600197e-05 3.290676278993487358e-03 2.032688818871974945e-02 5.292994901537895203e-03 8.972869254648685455e-03 9.586692787706851959e-03 4.223744571208953857e-02 2.464764053001999855e-03 3.387789428234100342e-02 1.078524067997932434e-02 6.664387881755828857e-03 3.269084542989730835e-02 3.500903770327568054e-02 2.016480080783367157e-02 1.383239310234785080e-02 3.480843827128410339e-02 4.223138093948364258e-02 5.175959784537553787e-03 4.638331755995750427e-02 2.435383573174476624e-02 3.652904182672500610e-03 8.226768113672733307e-04 1.985275011975318193e-04 1.106309983879327774e-02 3.176541253924369812e-02 4.258147627115249634e-02 3.829967975616455078e-02 9.579903446137905121e-03 2.944520674645900726e-03 4.952295869588851929e-02 1.650812663137912750e-02 3.084202855825424194e-02 4.709025472402572632e-02 6.530968006700277328e-03 2.352024056017398834e-02 1.455521117895841599e-02 2.288534305989742279e-02 4.712406918406486511e-02 4.186343029141426086e-02 8.141147904098033905e-03 2.469651401042938232e-02 2.469563297927379608e-02 4.227107390761375427e-02 4.792276397347450256e-02 3.861093893647193909e-02 3.184414282441139221e-02 4.316022619605064392e-02 2.433887124061584473e-02 4.455391317605972290e-02 3.115559369325637817e-02 2.885031700134277344e-02 3.018726781010627747e-02 1.278756558895111084e-02 1.783705689013004303e-02 8.115546405315399170e-02 1.317092776298522949e-02 3.473659232258796692e-02 4.675576463341712952e-02 5.095787812024354935e-03 6.664696149528026581e-03 2.004582062363624573e-02 8.693274110555648804e-03 3.925568610429763794e-02 1.656033284962177277e-02 3.210216388106346130e-02 2.195531502366065979e-02 3.711318969726562500e-02 3.616706281900405884e-02 1.016061566770076752e-02 3.429479897022247314e-02 4.126733168959617615e-02 2.544020302593708038e-03 2.550445683300495148e-02 3.637248277664184570e-02 1.092875748872756958e-02 3.652628138661384583e-02
