5.437446832656860352e-01 1.658430695533752441e-01 2.317426353693008423e-02 1.614551874808967113e-03 1.919658668339252472e-02 9.290482103824615479e-02 5.161412805318832397e-02 1.377869583666324615e-02 1.804936863481998444e-02 3.275459259748458862e-02 1.158916801214218140e-01 1.158860605210065842e-02 1.367101967334747314e-01 9.384322911500930786e-03 1.439855154603719711e-02 4.015647247433662415e-02 5.090364813804626465e-02 2.701995335519313812e-02 1.276484131813049316e-02 4.635537043213844299e-02 1.170894876122474670e-02 3.411998599767684937e-02 4.351471364498138428e-02 3.888542205095291138e-02 1.365201734006404877e-02 3.564792126417160034e-02 1.827754080295562744e-02 3.026586584746837616e-02 4.011218622326850891e-02 1.490421313792467117e-02 5.856752768158912659e-02 1.420636475086212158e-02 2.283862978219985962e-02 2.459862455725669861e-02 2.763772150501608849e-03 4.078651964664459229e-02 1.078803092241287231e-02 2.347957156598567963e-02 2.231307514011859894e-02 4.805363714694976807e-02 4.486706852912902832e-02 2.463565021753311157e-02 2.936930581927299500e-02 5.009775236248970032e-02 2.338409190997481346e-03 1.871348917484283447e-02 2.206947281956672668e-02 3.689869493246078491e-02 1.529910601675510406e-02 1.318778283894062042e-02 1.603333652019500732e-02 4.259417951107025146e-02 9.539929218590259552e-03 2.050899714231491089e-02 4.068250209093093872e-02 1.302722562104463577e-02 1.843719556927680969e-02 4.563737660646438599e-02 7.380373775959014893e-03 1.131419790908694267e-03 2.459877356886863708e-02 5.151675269007682800e-02 1.185412053018808365e-02 1.731520518660545349e-02 3.422460705041885376e-02 4.119661077857017517e-02 2.348672598600387573e-02 1.128361839801073074e-02 2.739695832133293152e-02 3.871764615178108215e-02 5.254255980253219604e-02 3.815530985593795776e-02 6.223762407898902893e-03 2.431189082562923431e-02 1.359497383236885071e-02 1.887322030961513519e-02 2.636971883475780487e-02 4.664516076445579529e-02 1.195134408771991730e-02 1.827488094568252563e-02 4.235396627336740494e-03 1.251673325896263123e-02 3.667839616537094116e-02 7.341033313423395157e-03 2.001175656914710999e-02 5.284844432026147842e-03 1.049123145639896393e-02 8.165452629327774048e-03 1.432767324149608612e-02 2.541447058320045471e-02 5.421758443117141724e-02 2.909804135560989380e-02 2.002061664825305343e-04 2.404778264462947845e-02 1.957974955439567566e-02 2.459061704576015472e-02 1.808751374483108521e-02 3.217062726616859436e-02 4.175670910626649857e-03 5.245217680931091309e-02 1.370212249457836151e-02 3.934367746114730835e-02 6.575202103704214096e-03 1.740391738712787628e-02 9.457382257096469402e-04 2.062869444489479065e-02 3.292793640866875648e-03 3.431232646107673645e-02 4.857880994677543640e-02 7.241939008235931396e-02 3.364486247301101685e-02 2.518365345895290375e-02 2.520908415317535400e-02 4.657521843910217285e-02 3.433087095618247986e-02 3.493104502558708191e-02
1.658430695533752441e-01 5.454481840133666992e-01 3.003208525478839874e-02 1.334031205624341965e-02 1.083000190556049347e-02 4.874596744775772095e-02 1.201385259628295898e-01 3.446770459413528442e-02 2.726668305695056915e-02 3.389757499098777771e-02 4.453366249799728394e-02 2.600978314876556396e-02 1.574570685625076294e-01 3.082800889387726784e-03 6.080539897084236145e-03 3.981186449527740479e-02 3.465311229228973389e-02 3.194981068372726440e-02 2.008719742298126221e-02 3.154784440994262695e-02 2.615990489721298218e-02 4.145266115665435791e-02 3.876475989818572998e-02 2.584532462060451508e-02 4.386681132018566132e-03 3.221202269196510315e-02 2.114996500313282013e-02 5.226875469088554382e-02 4.314972832798957825e-02 2.418484911322593689e-02 6.737306714057922363e-02 3.878499846905469894e-03 2.309298515319824219e-02 4.566792340483516455e-04 1.053448300808668137e-02 4.101950675249099731e-02 1.937927678227424622e-02 2.796236053109169006e-02 2.647779136896133423e-02 5.386464670300483704e-02 4.148331657052040100e-02 2.789457503240555525e-04 2.963496744632720947e-02 4.607324674725532532e-02 2.244810014963150024e-02 8.865443058311939240e-03 1.522091310471296310e-02 7.299388200044631958e-02 2.813044562935829163e-02 1.854951609857380390e-03 2.805650793015956879e-02 3.097214177250862122e-02 1.745104417204856873e-02 3.730018436908721924e-02 3.479492291808128357e-02 2.966267988085746765e-02 2.327915094792842865e-02 4.031393304467201233e-02 4.363238066434860229e-02 4.590157046914100647e-02 2.898355759680271149e-02 3.055737167596817017e-02 3.054036758840084076e-02 6.186877377331256866e-03 1.371103618294000626e-02 1.890312694013118744e-02 2.834283001720905304e-02 1.140810456126928329e-02 3.631878271698951721e-02 3.949490189552307129e-02 1.019985531456768513e-03 3.912191838026046753e-02 1.037761475890874863e-02 6.314654648303985596e-02 1.168341934680938721e-02 1.917101256549358368e-02 1.687524467706680298e-02 2.030844055116176605e-02 3.953164443373680115e-03 2.666319161653518677e-02 1.942179910838603973e-02 5.117551423609256744e-03 3.894790261983871460e-02 2.908821217715740204e-02 4.046837612986564636e-02 1.738678105175495148e-02 3.735629469156265259e-02 7.054343819618225098e-03 1.091868896037340164e-02 3.412295877933502197e-02 1.120541896671056747e-02 2.220534346997737885e-02 1.001624017953872681e-02 2.965600229799747467e-02 2.427797950804233551e-02 3.450507065281271935e-03 2.770910225808620453e-02 3.260132670402526855e-02 4.498686268925666809e-02 9.501708671450614929e-03 1.826927810907363892e-02 9.247115813195705414e-03 1.064319815486669540e-02 2.514109015464782715e-02 1.198804751038551331e-02 3.986946830991655588e-04 7.554193027317523956e-03 3.938356880098581314e-03 3.406525030732154846e-02 3.244345635175704956e-02 3.111344575881958008e-02 2.373106777667999268e-02 3.753795102238655090e-02 4.031574726104736328e-02 1.836293190717697144e-02 7.592700887471437454e-03
2.317426353693008423e-02 3.003208525478839874e-02 5.315570831298828125e-01 1.889090798795223236e-02 7.996564731001853943e-03 1.569832325913012028e-03 3.023883514106273651e-02 1.031680852174758911e-01 1.226537115871906281e-02 1.154538802802562714e-02 4.876649379730224609e-02 4.081491380929946899e-02 2.292522415518760681e-02 3.873172774910926819e-02 6.578306108713150024e-02 7.199151907116174698e-03 3.441605251282453537e-03 4.953349381685256958e-02 2.548743970692157745e-02 4.505331162363290787e-03 1.263407431542873383e-02 5.530481413006782532e-02 2.509121783077716827e-02 3.237410262227058411e-02 3.529997542500495911e-02 2.131425216794013977e-02 1.183279883116483688e-02 2.773435227572917938e-02 1.681119762361049652e-02 2.134066633880138397e-02 3.192302957177162170e-02 2.423020265996456146e-02 4.135234281420707703e-02 1.818949356675148010e-02 1.032173261046409607e-02 1.751103089191019535e-03 2.156010828912258148e-03 1.079908479005098343e-02 2.170593943446874619e-03 1.602728664875030518e-02 2.157789096236228943e-02 2.281729504466056824e-02 1.594704575836658478e-02 3.938456624746322632e-02 3.539120312780141830e-03 2.152275294065475464e-02 9.011813439428806305e-03 2.743796445429325104e-02 3.540631383657455444e-02 2.413100749254226685e-02 2.991242893040180206e-02 1.863167062401771545e-02 1.434958539903163910e-02 1.987980678677558899e-02 5.794998724013566971e-04 3.055176138877868652e-02 1.379877142608165741e-02 1.185727771371603012e-02 3.225056082010269165e-02 6.754256784915924072e-02 5.432060360908508301e-02 1.993700861930847168e-03 3.757330030202865601e-02 1.498026866465806961e-02 6.730250082910060883e-03 8.377167396247386932e-03 4.730178974568843842e-03 4.761835187673568726e-02 9.361277334392070770e-03 2.764186263084411621e-02 1.950562349520623684e-03 3.728028759360313416e-02 1.548769138753414154e-02 1.838439144194126129e-02 1.135809998959302902e-02 3.109775297343730927e-02 3.717158688232302666e-04 3.537889942526817322e-02 1.151336450129747391e-02 1.171745173633098602e-02 5.973758921027183533e-02 9.168974310159683228e-02 4.874423891305923462e-02 7.418917492032051086e-03 4.180111736059188843e-02 2.571045607328414917e-02 4.407243803143501282e-02 5.426685884594917297e-02 2.802208624780178070e-02 9.602685458958148956e-03 2.729484112933278084e-03 1.028976589441299438e-02 1.203118450939655304e-02 8.591317571699619293e-03 8.303431794047355652e-03 5.894090048968791962e-03 3.260844154283404350e-03 1.617486122995615005e-04 3.296324983239173889e-02 7.222347427159547806e-03 1.463175844401121140e-02 2.136921323835849762e-02 3.168647177517414093e-03 2.561968937516212463e-02 4.522741213440895081e-02 2.548108622431755066e-02 4.850542917847633362e-02 2.911173552274703979e-02 1.460800040513277054e-02 2.667059563100337982e-02 3.547338023781776428e-02 5.306376609951257706e-03 1.095809973776340485e-02 1.922639086842536926e-02 2.870077965781092644e-03 3.780520707368850708e-02
1.614551874808967113e-03 1.334031205624341965e-02 1.889090798795223236e-02 5.554598569869995117e-01 1.194739639759063721e-01 3.366390988230705261e-02 9.594099537935107946e-05 4.309837892651557922e-02 2.176424674689769745e-02 1.724492385983467102e-02 1.821136660873889923e-02 5.797495320439338684e-02 4.035732895135879517e-02 3.411896899342536926e-02 2.207744121551513672e-02 1.797140203416347504e-02 1.652738824486732483e-02 1.969939842820167542e-02 7.598274387419223785e-03 2.524578943848609924e-02 1.534747239202260971e-02 2.225919440388679504e-02 2.529693022370338440e-02 1.550203002989292145e-02 2.077040076255798340e-02 2.598846331238746643e-02 1.342909131199121475e-02 4.619020968675613403e-03 4.443955048918724060e-02 2.632042951881885529e-02 2.348394691944122314e-02 4.996014013886451721e-02 6.635698676109313965e-02 2.848589047789573669e-02 3.994629718363285065e-03 1.573058078065514565e-03 1.730333641171455383e-02 9.348208084702491760e-03 6.228062883019447327e-02 6.269086897373199463e-02 3.726521506905555725e-02 4.573966190218925476e-02 5.242161452770233154e-02 4.626838490366935730e-02 3.034523129463195801e-02 3.814470022916793823e-02 2.142737060785293579e-02 1.025539077818393707e-02 2.085911482572555542e-02 1.611627452075481415e-02 4.554663598537445068e-02 2.615594677627086639e-02 1.620284281671047211e-02 3.246667608618736267e-02 5.506978183984756470e-02 2.751656807959079742e-02 2.793374471366405487e-02 1.993441954255104065e-02 2.268726192414760590e-02 2.286681905388832092e-02 7.165681570768356323e-02 3.361271694302558899e-02 1.714500226080417633e-02 2.914011478424072266e-02 1.036077085882425308e-02 1.550322677940130234e-02 1.594547182321548462e-02 2.390754222869873047e-02 4.807528480887413025e-02 2.924336306750774384e-02 1.652934029698371887e-02 5.663033109158277512e-03 4.519228264689445496e-02 4.168063774704933167e-02 4.305201396346092224e-02 2.969044074416160583e-02 1.674424484372138977e-02 5.052208434790372849e-03 1.143619045615196228e-02 2.638593548908829689e-03 2.063057944178581238e-02 1.961763389408588409e-02 9.371101111173629761e-02 8.943578600883483887e-02 3.026123903691768646e-02 9.007677435874938965e-03 2.937931008636951447e-02 3.583483770489692688e-02 1.296630501747131348e-02 2.705494314432144165e-02 2.542712911963462830e-02 6.886925082653760910e-03 3.688727319240570068e-02 1.856706663966178894e-02 6.487582344561815262e-03 3.181919082999229431e-02 4.444698616862297058e-02 5.020166747272014618e-03 3.776609897613525391e-02 6.660422775894403458e-03 8.014567196369171143e-03 2.028070949018001556e-02 4.160977900028228760e-02 2.850246988236904144e-02 1.524151116609573364e-02 4.136334359645843506e-02 1.250683050602674484e-02 2.056933939456939697e-02 2.348738722503185272e-02 4.548470675945281982e-02 4.456485062837600708e-02 3.712086006999015808e-02 5.133393034338951111e-02 8.568914607167243958e-03 3.152230754494667053e-02 1.615593768656253815e-02
1.919658668339252472e-02 1.083000190556049347e-02 7.996564731001853943e-03 1.194739639759063721e-01 5.590113997459411621e-01 4.854129999876022339e-02 8.385322988033294678e-03 1.230951584875583649e-02 8.946474641561508179e-03 3.088937886059284210e-02 3.850167989730834961e-02 5.415436252951622009e-02 3.764471784234046936e-02 2.159832604229450226e-02 4.450150951743125916e-02 7.514153607189655304e-03 2.742898091673851013e-02 9.889504872262477875e-03 4.409586079418659210e-03 5.553317442536354065e-02 2.596748434007167816e-02 1.669536530971527100e-02 3.556929528713226318e-02 2.838403917849063873e-02 1.656899042427539825e-02 2.751246653497219086e-02 7.739032735116779804e-04 3.434903628658503294e-04 5.078600719571113586e-02 2.089169248938560486e-02 3.266347944736480713e-02 6.764255464076995850e-02 5.733323842287063599e-02 2.325788326561450958e-02 9.692982770502567291e-03 6.305646616965532303e-03 8.273602463304996490e-03 1.287161838263273239e-02 7.123549282550811768e-02 8.689305931329727173e-02 4.636702314019203186e-02 5.529829114675521851e-02 3.137042745947837830e-02 2.884514443576335907e-02 1.562517322599887848e-02 3.571736440062522888e-02 2.759075164794921875e-02 6.539931986480951309e-03 2.121779136359691620e-02 1.507152244448661804e-02 2.554572373628616333e-02 8.050524629652500153e-03 2.167687751352787018e-02 2.296839468181133270e-02 5.630999058485031128e-02 2.240497246384620667e-02 3.179557621479034424e-02 2.814994379878044128e-02 3.096855618059635162e-02 1.727896556258201599e-02 5.538617819547653198e-02 5.378674343228340149e-02 1.319101196713745594e-03 5.949312821030616760e-03 7.637592498213052750e-03 1.983346045017242432e-02 3.822531318292021751e-03 3.757483884692192078e-02 3.301009535789489746e-02 1.817029900848865509e-02 2.991262357681989670e-03 6.609560921788215637e-03 4.480601847171783447e-02 2.398527041077613831e-02 5.263591557741165161e-02 2.615697495639324188e-02 2.147120237350463867e-02 8.414860814809799194e-03 2.425124682486057281e-02 2.584295580163598061e-04 4.732753708958625793e-02 4.717644676566123962e-02 7.504295557737350464e-02 1.049097999930381775e-01 3.143690899014472961e-02 1.105381082743406296e-02 5.151056870818138123e-02 3.612963110208511353e-02 2.345169661566615105e-03 2.840554527938365936e-02 3.203521668910980225e-02 3.989311866462230682e-03 3.148549050092697144e-02 1.074686087667942047e-02 3.499713167548179626e-02 9.639339521527290344e-03 3.930103406310081482e-02 3.326382720842957497e-03 4.487699270248413086e-02 4.395831783767789602e-04 5.036926362663507462e-03 1.903122849762439728e-02 3.236304968595504761e-02 9.410352446138858795e-03 2.220072224736213684e-02 5.467978119850158691e-02 2.367147244513034821e-02 2.960770018398761749e-02 3.031807206571102142e-02 4.052715376019477844e-02 3.988093882799148560e-02 1.942874491214752197e-02 2.931864373385906219e-02 2.934224531054496765e-02 1.737226732075214386e-02 1.581755466759204865e-02
9.290482103824615479e-02 4.874596744775772095e-02 1.569832325913012028e-03 3.366390988230705261e-02 4.854129999876022339e-02 5.433935523033142090e-01 9.576445072889328003e-02 2.997514326125383377e-03 2.236449904739856720e-02 2.389926463365554810e-02 1.222369223833084106e-01 7.623082399368286133e-02 7.324159145355224609e-02 1.738406531512737274e-02 1.225474663078784943e-02 3.094983659684658051e-02 4.025118052959442139e-02 2.417329140007495880e-02 3.956792410463094711e-03 1.070845872163772583e-02 3.327388549223542213e-03 4.653184488415718079e-02 4.285597056150436401e-02 6.279444787651300430e-03 1.525677926838397980e-02 2.446113899350166321e-02 1.033424516208469868e-03 4.071367532014846802e-02 2.537057967856526375e-03 3.774426877498626709e-02 2.158482372760772705e-02 4.326859023422002792e-03 1.412134803831577301e-02 3.895109146833419800e-02 2.148033119738101959e-02 4.062196984887123108e-02 7.870290428400039673e-03 4.171641543507575989e-02 2.054473012685775757e-02 4.168508201837539673e-02 6.560887210071086884e-03 2.461096271872520447e-02 8.483666926622390747e-03 1.789807341992855072e-02 4.096662253141403198e-02 2.617124095559120178e-02 1.412093043327331543e-01 7.684949040412902832e-02 4.559867084026336670e-02 2.342268079519271851e-02 1.229744497686624527e-02 4.788177087903022766e-02 2.609469462186098099e-03 1.853705011308193207e-02 4.730158671736717224e-02 2.370506525039672852e-02 5.801011994481086731e-02 2.421863190829753876e-02 2.128263469785451889e-03 1.551388017833232880e-02 7.738106884062290192e-03 1.563064381480216980e-02 1.564236916601657867e-02 3.464178368449211121e-02 9.785827249288558960e-03 3.363476693630218506e-02 4.166144132614135742e-02 1.719303242862224579e-02 4.468830302357673645e-02 5.500755738466978073e-03 1.321239117532968521e-02 9.018424898386001587e-03 1.301062759011983871e-02 3.845059499144554138e-02 4.229083284735679626e-02 2.566633373498916626e-02 3.200659155845642090e-02 2.831100020557641983e-03 3.785945102572441101e-02 2.281517721712589264e-03 1.617649570107460022e-02 2.820348925888538361e-02 1.583274453878402710e-02 2.697828225791454315e-03 4.753880947828292847e-02 1.076629385352134705e-02 2.272363007068634033e-02 8.292153477668762207e-03 1.730240881443023682e-02 4.129965230822563171e-02 9.931513667106628418e-02 2.407000958919525146e-02 5.186408758163452148e-03 3.050337731838226318e-02 5.373706296086311340e-02 2.682792209088802338e-02 1.370375324040651321e-02 8.937567472457885742e-03 2.475359104573726654e-02 6.750436034053564072e-03 2.467789873480796814e-02 2.789400145411491394e-02 5.075576901435852051e-02 3.168675815686583519e-03 3.988259471952915192e-03 3.731923177838325500e-02 2.676040865480899811e-02 4.746271762996912003e-03 2.139492332935333252e-02 3.197840601205825806e-02 1.295997016131877899e-02 4.858319088816642761e-02 5.974824726581573486e-02 4.426050931215286255e-02 2.849996834993362427e-02 1.666531898081302643e-02
5.161412805318832397e-02 1.201385259628295898e-01 3.023883514106273651e-02 9.594099537935107946e-05 8.385322988033294678e-03 9.576445072889328003e-02 5.510404109954833984e-01 2.802733331918716431e-02 4.667143151164054871e-02 3.383844345808029175e-02 2.511345595121383667e-02 5.008215084671974182e-03 1.333572715520858765e-01 2.258812636137008667e-02 1.753509230911731720e-02 1.948487828485667706e-03 3.341357456520199776e-03 2.918432280421257019e-02 2.334644272923469543e-02 3.693995997309684753e-02 3.935208916664123535e-02 2.486166544258594513e-02 3.167049959301948547e-02 2.988815121352672577e-02 5.724455229938030243e-03 2.991011366248130798e-02 2.381368773058056831e-03 4.119709134101867676e-02 5.183215439319610596e-02 4.448591917753219604e-02 9.188388288021087646e-02 1.375827472656965256e-02 9.069561026990413666e-03 1.826287992298603058e-02 2.528272010385990143e-02 2.681903168559074402e-02 2.747689373791217804e-03 2.067722380161285400e-02 2.099968260154128075e-03 1.850745826959609985e-02 3.627755492925643921e-02 6.966620683670043945e-03 1.748069189488887787e-02 8.727405220270156860e-03 2.106069028377532959e-02 4.537189379334449768e-02 1.370595693588256836e-01 1.817431598901748657e-01 3.333438560366630554e-02 1.235659513622522354e-02 2.843016386032104492e-02 3.528502210974693298e-02 3.876858577132225037e-02 1.254224404692649841e-02 6.910289172083139420e-03 4.689439758658409119e-02 1.301567349582910538e-02 3.228021413087844849e-02 2.470289543271064758e-02 4.529990628361701965e-02 1.958993449807167053e-02 1.834524329751729965e-03 3.721065074205398560e-02 6.886578630656003952e-03 1.554080517962574959e-03 1.180021557956933975e-02 4.038123786449432373e-02 7.970751263201236725e-03 3.214340191334486008e-03 4.321368783712387085e-02 2.694833837449550629e-02 1.718833111226558685e-02 3.453541547060012817e-02 9.274482727050781250e-03 3.330696001648902893e-02 3.688362985849380493e-02 3.977575153112411499e-02 1.563264755532145500e-03 3.502144291996955872e-02 4.168559331446886063e-03 3.974113613367080688e-02 1.932711713016033173e-02 2.064736001193523407e-02 3.740239515900611877e-02 2.421641349792480469e-02 4.068927839398384094e-02 2.194749563932418823e-02 2.789141051471233368e-02 1.993381045758724213e-02 2.492414414882659912e-02 5.010773241519927979e-02 2.126263454556465149e-02 3.173046186566352844e-02 3.187933936715126038e-02 1.131049916148185730e-02 2.925419248640537262e-02 4.206184670329093933e-02 4.456667229533195496e-03 3.181528672575950623e-02 1.381076581310480833e-04 2.056781388819217682e-02 2.575392369180917740e-03 2.136593312025070190e-02 2.195764891803264618e-02 9.734297171235084534e-03 3.860930353403091431e-02 3.224356472492218018e-02 8.837915025651454926e-03 3.148721996694803238e-03 2.438639663159847260e-02 4.064384847879409790e-02 2.874878421425819397e-02 3.809751197695732117e-02 1.823168806731700897e-02 1.335131935775279999e-02 8.648991584777832031e-02
1.377869583666324615e-02 3.446770459413528442e-02 1.031680852174758911e-01 4.309837892651557922e-02 1.230951584875583649e-02 2.997514326125383377e-03 2.802733331918716431e-02 5.472215414047241211e-01 2.851697988808155060e-02 2.241819165647029877e-02 3.553200513124465942e-02 7.697697263211011887e-03 3.967196680605411530e-03 5.103637231513857841e-04 1.014337763190269470e-01 2.233015932142734528e-02 3.007225133478641510e-02 1.838113967096433043e-04 3.963316604495048523e-02 3.402739763259887695e-02 8.968668989837169647e-03 6.776212900876998901e-02 8.748423308134078979e-03 1.236219611018896103e-02 2.477539144456386566e-02 2.085001394152641296e-02 9.544797241687774658e-03 5.607188213616609573e-03 3.416392952203750610e-02 1.572552137076854706e-02 1.019512116909027100e-02 3.925259225070476532e-04 2.252147160470485687e-02 8.954370394349098206e-03 1.610862649977207184e-02 7.916485890746116638e-03 3.308027226012200117e-05 3.235357999801635742e-02 2.449551597237586975e-02 1.151458825916051865e-02 6.387587636709213257e-03 4.171384498476982117e-02 1.532910577952861786e-02 5.337330326437950134e-02 3.887639567255973816e-02 4.209684953093528748e-02 3.575020655989646912e-02 3.464147076010704041e-02 4.450761154294013977e-02 5.100277066230773926e-02 4.290641471743583679e-02 6.891491357237100601e-03 1.097782514989376068e-02 1.404415443539619446e-02 2.650062367320060730e-02 3.916409239172935486e-02 3.713595122098922729e-02 4.213941097259521484e-02 2.510347217321395874e-02 4.859153553843498230e-02 6.486080586910247803e-03 1.568988338112831116e-02 3.486643359065055847e-02 3.707288950681686401e-02 3.204404190182685852e-02 1.363510545343160629e-02 1.651676744222640991e-02 4.811284691095352173e-02 1.916357548907399178e-03 5.525948479771614075e-02 7.631836342625319958e-04 4.117150604724884033e-02 4.312842711806297302e-02 3.261851519346237183e-02 1.163751445710659027e-02 1.373843196779489517e-02 2.014245092868804932e-02 2.528873831033706665e-02 2.836339734494686127e-02 2.167949266731739044e-02 1.024449244141578674e-01 1.160246953368186951e-01 3.054339671507477760e-03 3.475485369563102722e-02 1.826480776071548462e-02 3.232372552156448364e-02 8.931652456521987915e-02 7.666514068841934204e-02 8.494556881487369537e-03 3.570785373449325562e-02 2.133878134191036224e-02 9.008032269775867462e-03 2.213480416685342789e-03 6.692591588944196701e-03 2.382874721661210060e-03 1.963484287261962891e-02 1.373101118952035904e-02 2.489468269050121307e-02 1.604500971734523773e-02 1.866378262639045715e-02 6.801335141062736511e-03 1.662380993366241455e-03 4.035994876176118851e-03 3.006392531096935272e-02 1.824972406029701233e-02 1.784341037273406982e-02 2.151609770953655243e-02 9.084693156182765961e-03 1.824966631829738617e-02 8.156725205481052399e-03 2.178552001714706421e-02 2.364630252122879028e-02 2.272445335984230042e-02 2.996137924492359161e-02 3.441908955574035645e-02 5.220282077789306641e-02
1.804936863481998444e-02 2.726668305695056915e-02 1.226537115871906281e-02 2.176424674689769745e-02 8.946474641561508179e-03 2.236449904739856720e-02 4.667143151164054871e-02 2.851697988808155060e-02 5.591437220573425293e-01 1.450189799070358276e-01 4.210397601127624512e-02 6.887851655483245850e-02 2.454094588756561279e-02 2.414833940565586090e-02 3.289099782705307007e-02 1.232475228607654572e-02 5.445486307144165039e-02 6.776632275432348251e-03 2.416468691080808640e-03 3.909194096922874451e-02 3.836495801806449890e-02 2.640292048454284668e-02 4.576998576521873474e-02 1.290458347648382187e-02 1.384582463651895523e-02 2.121561579406261444e-02 8.996868506073951721e-03 4.101007245481014252e-03 5.071133002638816833e-02 4.969743639230728149e-02 9.701846167445182800e-03 1.174677722156047821e-02 3.357349336147308350e-02 1.338792592287063599e-02 2.018441446125507355e-03 3.997136279940605164e-02 3.353466466069221497e-02 1.686630398035049438e-02 5.455027148127555847e-02 7.560369558632373810e-03 3.689155727624893188e-02 5.489099770784378052e-02 4.738884419202804565e-02 3.139739856123924255e-02 2.188882604241371155e-02 3.979370370507240295e-02 2.761883661150932312e-02 2.440937981009483337e-02 3.429982066154479980e-02 3.877794602885842323e-03 4.993722774088382721e-03 6.067648995667695999e-03 3.383307158946990967e-02 4.448801279067993164e-02 7.730323076248168945e-02 3.408110141754150391e-02 2.527122944593429565e-02 5.310875549912452698e-02 3.097053244709968567e-02 3.643761575222015381e-02 4.453668370842933655e-02 2.873350307345390320e-02 1.451133005321025848e-02 3.005150891840457916e-02 7.460291497409343719e-03 3.306615352630615234e-02 4.551242291927337646e-02 1.137845683842897415e-02 2.621359750628471375e-02 5.077432841062545776e-02 4.065067693591117859e-02 2.298716828227043152e-02 5.895009636878967285e-02 8.752026595175266266e-03 3.111640550196170807e-02 7.597656920552253723e-03 1.457807868719100952e-01 1.300201416015625000e-01 7.713309675455093384e-02 4.665639623999595642e-02 2.997633256018161774e-02 4.021780192852020264e-02 3.388451039791107178e-02 1.206450723111629486e-02 9.579939395189285278e-02 5.619168654084205627e-02 1.850537024438381195e-02 3.202485293149948120e-02 7.339590787887573242e-02 1.137853134423494339e-02 2.694622613489627838e-02 2.241531945765018463e-02 3.818999603390693665e-02 3.465477377176284790e-02 1.311523094773292542e-02 3.551062196493148804e-02 3.388766432181000710e-03 1.423538383096456528e-02 4.489256069064140320e-02 4.868679214268922806e-03 1.903476007282733917e-02 2.226269617676734924e-02 5.058139096945524216e-03 3.290436789393424988e-02 2.853328594937920570e-03 2.179559506475925446e-02 5.767397815361618996e-04 3.393744677305221558e-02 3.961962088942527771e-02 4.091908410191535950e-02 4.553379863500595093e-02 1.936362497508525848e-02 5.643854290246963501e-02 3.353980928659439087e-02 3.026869846507906914e-03 2.104481309652328491e-02
3.275459259748458862e-02 3.389757499098777771e-02 1.154538802802562714e-02 1.724492385983467102e-02 3.088937886059284210e-02 2.389926463365554810e-02 3.383844345808029175e-02 2.241819165647029877e-02 1.450189799070358276e-01 5.482590198516845703e-01 3.604737669229507446e-02 4.557308740913867950e-03 2.052657119929790497e-02 2.558433078229427338e-02 3.476879000663757324e-02 5.572067201137542725e-02 2.137311734259128571e-03 1.617886498570442200e-02 8.347013033926486969e-03 1.619625464081764221e-02 3.387009352445602417e-02 4.813086986541748047e-02 2.428564941510558128e-03 1.992733217775821686e-02 5.102666467428207397e-02 6.843317765742540359e-03 1.208294462412595749e-02 3.121495619416236877e-02 1.251358631998300552e-02 1.691133528947830200e-02 8.270894177258014679e-03 2.444439334794878960e-03 4.259178042411804199e-02 3.917248547077178955e-02 1.892554201185703278e-02 9.794727666303515434e-04 2.427955716848373413e-02 5.031964741647243500e-03 2.365905232727527618e-02 5.116108059883117676e-02 2.002925612032413483e-02 5.549215525388717651e-02 4.868607595562934875e-02 4.119632020592689514e-02 3.262330591678619385e-02 3.113958425819873810e-02 4.001252353191375732e-03 1.445287652313709259e-02 5.713944137096405029e-02 5.621087551116943359e-02 5.604574084281921387e-02 4.629720374941825867e-02 3.240389004349708557e-02 4.380344972014427185e-02 4.302975907921791077e-02 3.419890534132719040e-03 4.863107949495315552e-02 5.183750018477439880e-02 4.925128445029258728e-02 4.637134447693824768e-02 4.901506379246711731e-02 5.246703326702117920e-02 2.282822504639625549e-02 2.482945285737514496e-02 6.241118535399436951e-03 1.738633587956428528e-02 2.507097460329532623e-02 1.246132049709558487e-02 6.097446382045745850e-02 1.059796754270792007e-02 3.758318722248077393e-02 2.428358234465122223e-02 4.624946042895317078e-03 3.384998068213462830e-02 1.456065103411674500e-02 2.090585790574550629e-02 1.029030308127403259e-01 1.480904668569564819e-01 3.028854494914412498e-03 1.102439779788255692e-02 2.621590346097946167e-02 1.925366185605525970e-02 4.007136076688766479e-02 4.153392836451530457e-02 8.657696843147277832e-02 1.176688894629478455e-01 2.359293587505817413e-02 2.364820055663585663e-02 1.223565917462110519e-02 3.543206676840782166e-02 3.356561064720153809e-02 4.812122881412506104e-02 2.638717181980609894e-02 1.754745654761791229e-02 3.027817793190479279e-02 9.334356524050235748e-03 2.329186908900737762e-02 2.454562857747077942e-02 6.381607800722122192e-02 2.088350802659988403e-02 2.167580090463161469e-02 3.468672186136245728e-02 2.928768284618854523e-02 3.466876922175288200e-03 2.501841809134930372e-04 2.710101008415222168e-02 1.699984772130846977e-03 2.811460196971893311e-02 3.357910783961415291e-03 3.780135512351989746e-02 8.394004777073860168e-03 5.146231874823570251e-02 3.218943253159523010e-02 3.010130673646926880e-02 1.565368287265300751e-02 4.738751798868179321e-03
1.158916801214218140e-01 4.453366249799728394e-02 4.876649379730224609e-02 1.821136660873889923e-02 3.850167989730834961e-02 1.222369223833084106e-01 2.511345595121383667e-02 3.553200513124465942e-02 4.210397601127624512e-02 3.604737669229507446e-02 5.292043685913085938e-01 3.039882576558738947e-04 1.228471100330352783e-01 3.603706881403923035e-02 4.321733117103576660e-02 2.875426225364208221e-02 1.000641100108623505e-02 3.027526102960109711e-02 2.933386154472827911e-02 4.101124778389930725e-02 1.112713105976581573e-02 3.162797540426254272e-02 4.439990967512130737e-02 3.029919415712356567e-02 3.132954984903335571e-02 2.397637255489826202e-02 4.548278450965881348e-02 2.209988981485366821e-02 2.408628910779953003e-02 1.497148722410202026e-02 6.436914671212434769e-03 2.310226112604141235e-02 1.902971230447292328e-02 8.419274352490901947e-03 1.038211397826671600e-02 1.390449330210685730e-02 4.650702700018882751e-02 2.633194066584110260e-02 2.126092463731765747e-02 3.552848706021904945e-03 3.484834730625152588e-02 4.547679051756858826e-02 2.372936718165874481e-02 3.508412744849920273e-03 2.629129029810428619e-02 4.473968595266342163e-02 1.154346987605094910e-01 1.653156429529190063e-02 2.336297620786353946e-04 7.007499807514250278e-04 4.649022594094276428e-02 1.280376501381397247e-02 1.750830560922622681e-02 6.078405305743217468e-03 1.651383377611637115e-02 1.374922133982181549e-02 2.955074235796928406e-02 4.475576430559158325e-02 1.288923248648643494e-02 4.070822894573211670e-02 9.526478126645088196e-03 8.651670068502426147e-03 2.676735259592533112e-02 1.099561154842376709e-02 4.686459526419639587e-02 5.241115018725395203e-02 3.742721304297447205e-02 1.444988069124519825e-03 6.390964239835739136e-02 2.220186777412891388e-02 4.601624980568885803e-02 2.276490628719329834e-02 5.204689875245094299e-02 5.966206546872854233e-03 2.843157015740871429e-02 4.581070318818092346e-02 3.012031316757202148e-02 5.739888292737305164e-04 2.622092328965663910e-02 2.364478446543216705e-02 1.861677877604961395e-02 5.859433673322200775e-03 7.880765944719314575e-03 1.559390872716903687e-02 3.010774590075016022e-02 1.363128051161766052e-02 1.731816865503787994e-02 4.028411582112312317e-02 4.768738150596618652e-02 1.129436492919921875e-02 6.590809673070907593e-02 3.071748092770576477e-02 2.435509115457534790e-02 2.778583206236362457e-03 1.296487171202898026e-02 2.138467691838741302e-02 3.089067153632640839e-02 1.150782685726881027e-02 5.242166668176651001e-02 1.727044396102428436e-02 4.964482411742210388e-02 4.109452292323112488e-02 9.312787093222141266e-03 1.175181195139884949e-02 3.176829218864440918e-02 2.077489160001277924e-02 3.480541706085205078e-02 1.192766614258289337e-02 1.123504433780908585e-02 1.650004461407661438e-02 3.759393095970153809e-02 1.611342653632164001e-02 6.723141414113342762e-04 8.954123593866825104e-03 4.515721276402473450e-02 4.348176345229148865e-02
1.158860605210065842e-02 2.600978314876556396e-02 4.081491380929946899e-02 5.797495320439338684e-02 5.415436252951622009e-02 7.623082399368286133e-02 5.008215084671974182e-03 7.697697263211011887e-03 6.887851655483245850e-02 4.557308740913867950e-03 3.039882576558738947e-04 5.498622059822082520e-01 1.520560309290885925e-02 1.155997067689895630e-01 8.195608854293823242e-03 2.838446013629436493e-02 9.590830653905868530e-03 1.084587257355451584e-02 2.856250852346420288e-02 4.939861129969358444e-03 1.333870273083448410e-02 3.648898378014564514e-02 1.064617484807968140e-01 9.179723262786865234e-02 6.228224956430494785e-04 1.283008605241775513e-02 3.970272466540336609e-02 2.913010679185390472e-02 3.961242362856864929e-02 2.537969499826431274e-02 3.124697133898735046e-02 6.619849242269992828e-03 2.573738619685173035e-02 2.147274278104305267e-02 1.367014087736606598e-02 7.401159033179283142e-03 3.560210764408111572e-02 3.775609284639358521e-02 1.463490445166826248e-02 3.726443648338317871e-02 3.864689916372299194e-02 2.504965290427207947e-02 2.575612999498844147e-02 4.384513944387435913e-02 8.713026344776153564e-02 6.746029946953058243e-03 3.479979559779167175e-02 1.437192130833864212e-02 3.320567682385444641e-02 1.763731427490711212e-02 7.102841511368751526e-03 3.466196358203887939e-02 2.394732087850570679e-02 3.965711221098899841e-03 3.288405016064643860e-02 2.487340196967124939e-02 2.451355941593647003e-02 3.934637457132339478e-02 3.148335963487625122e-02 3.216636180877685547e-02 3.005884401500225067e-02 2.057923935353755951e-02 2.129612490534782410e-02 1.861375197768211365e-02 2.983825467526912689e-02 6.521069444715976715e-03 4.634214937686920166e-02 3.165883198380470276e-02 1.315659377723932266e-02 4.178845789283514023e-03 2.941215783357620239e-02 1.969981379806995392e-02 1.556132081896066666e-02 3.077242756262421608e-03 3.050215728580951691e-02 3.690583258867263794e-02 7.053808867931365967e-02 3.953646868467330933e-02 6.753697991371154785e-02 8.687304332852363586e-03 7.323483470827341080e-03 1.777218282222747803e-02 1.916703023016452789e-02 3.986255265772342682e-03 7.042372226715087891e-02 2.584876306354999542e-02 1.540739089250564575e-03 1.107066124677658081e-02 5.078590288758277893e-02 1.533400936750695109e-04 3.960073739290237427e-02 4.057180136442184448e-02 7.228419184684753418e-03 3.915285319089889526e-02 4.421337693929672241e-02 1.470337272621691227e-03 2.070256508886814117e-02 1.087394915521144867e-02 7.553718169219791889e-04 3.050817735493183136e-02 4.711217712610960007e-03 2.800399996340274811e-02 3.741485625505447388e-02 7.164318114519119263e-03 3.251295536756515503e-02 1.966782473027706146e-02 4.042655695229768753e-03 3.705798089504241943e-02 3.028027154505252838e-02 2.477808669209480286e-02 3.621980175375938416e-02 2.813835628330707550e-02 3.612564876675605774e-02 4.169425368309020996e-02 2.050852030515670776e-02 4.185393825173377991e-02
1.367101967334747314e-01 1.574570685625076294e-01 2.292522415518760681e-02 4.035732895135879517e-02 3.764471784234046936e-02 7.324159145355224609e-02 1.333572715520858765e-01 3.967196680605411530e-03 2.454094588756561279e-02 2.052657119929790497e-02 1.228471100330352783e-01 1.520560309290885925e-02 5.410124659538269043e-01 1.447425782680511475e-02 3.781370585784316063e-03 2.733782492578029633e-02 2.388186566531658173e-02 1.829124987125396729e-02 7.983657531440258026e-03 3.941824287176132202e-02 1.283424161374568939e-02 3.200565464794635773e-03 4.491104558110237122e-02 3.810445964336395264e-02 1.185351633466780186e-03 4.154925048351287842e-02 3.602810949087142944e-02 2.939720824360847473e-02 2.864119596779346466e-02 3.295107930898666382e-02 6.991004198789596558e-02 2.554663270711898804e-02 1.243987306952476501e-02 1.761303842067718506e-02 1.301584113389253616e-02 1.369532011449337006e-02 4.057057946920394897e-02 2.480933070182800293e-02 4.013165831565856934e-02 3.842476522549986839e-03 3.579155355691909790e-02 8.089283481240272522e-03 3.295848518610000610e-02 1.710426062345504761e-02 1.063682255335152149e-03 9.055593051016330719e-03 6.152043491601943970e-02 1.080093830823898315e-01 6.769425817765295506e-04 9.437503293156623840e-03 5.562583450227975845e-03 3.115541115403175354e-02 3.359364112839102745e-03 2.465702593326568604e-02 2.825773693621158600e-02 5.100274574942886829e-04 1.568310335278511047e-02 5.435701459646224976e-03 8.310200646519660950e-03 8.641627617180347443e-03 5.045466125011444092e-03 1.368199475109577179e-02 4.716503433883190155e-03 4.073981568217277527e-02 3.545335680246353149e-02 6.392259895801544189e-02 1.053782552480697632e-02 1.243889128090813756e-04 4.099392145872116089e-02 7.926737889647483826e-03 4.392116144299507141e-02 1.981913112103939056e-02 1.320083718746900558e-02 1.623203419148921967e-02 2.796356007456779480e-02 1.116933301091194153e-02 4.150753095746040344e-02 1.106449216604232788e-02 2.603514818474650383e-03 3.861825214698910713e-03 2.144875936210155487e-03 5.377823486924171448e-03 1.348876301199197769e-02 3.424801304936408997e-02 3.798946738243103027e-03 1.271008886396884918e-02 1.867717877030372620e-02 3.305199369788169861e-02 2.212448976933956146e-02 2.976807579398155212e-02 7.524430751800537109e-02 5.519218370318412781e-02 3.107148781418800354e-02 1.113094575703144073e-02 3.006890974938869476e-02 1.828530058264732361e-02 6.025655660778284073e-03 3.553524613380432129e-02 1.076930388808250427e-02 4.167294502258300781e-02 1.470535993576049805e-02 2.584938704967498779e-02 4.215697292238473892e-03 1.575574092566967010e-02 1.806162111461162567e-02 2.050172910094261169e-02 8.602431975305080414e-03 3.484794497489929199e-02 1.910786144435405731e-02 2.808281406760215759e-02 1.709206402301788330e-02 1.161002833396196365e-02 4.115309566259384155e-02 3.849107399582862854e-02 2.507729642093181610e-02 4.677157476544380188e-02
