5.263614058494567871e-01 7.242020964622497559e-02 2.482504956424236298e-02 2.859061397612094879e-02 1.998596126213669777e-03 5.864513665437698364e-02 3.420902043581008911e-02 8.624976500868797302e-03 8.966646157205104828e-03 2.776070497930049896e-02 8.931223303079605103e-02 2.690727263689041138e-02 6.355382502079010010e-02 1.597242057323455811e-02 2.081535384058952332e-02 1.884957030415534973e-02 3.304117545485496521e-02 8.309072814881801605e-03 1.939970813691616058e-02 2.239871583878993988e-02 8.402588427998125553e-04 1.092848367989063263e-02 2.017485536634922028e-02 1.693567261099815369e-02 3.506630426272749901e-03 1.970669999718666077e-02 7.512498181313276291e-03 2.332400716841220856e-02 2.068007364869117737e-02 1.096263807266950607e-02 4.384550452232360840e-02 2.918276237323880196e-03 3.042061580345034599e-03 1.105771865695714951e-03 2.359735593199729919e-02 4.114672914147377014e-02 2.475339360535144806e-02 5.311301909387111664e-03 4.366279579699039459e-03 4.159196093678474426e-02 1.132353395223617554e-02 7.718955632299184799e-03 3.457133844494819641e-02 1.189510524272918701e-02 1.240193471312522888e-02 1.834787800908088684e-02 6.023435294628143311e-02 3.037038259208202362e-02 3.888655919581651688e-03 3.163712471723556519e-02 1.940611936151981354e-02 1.184249529615044594e-03 2.735885046422481537e-02 3.214182704687118530e-02 1.385799492709338665e-03 2.142078429460525513e-02 2.024429384618997574e-03 3.551846020855009556e-04 1.668540388345718384e-02 2.605716697871685028e-03 3.141374513506889343e-02 2.451377734541893005e-02 3.245184780098497868e-04 1.983276754617691040e-02 1.202690508216619492e-02 1.398328598588705063e-02 4.065482690930366516e-02 2.334033197257667780e-04 8.913305588066577911e-03 9.544632397592067719e-03 2.201587893068790436e-02 9.222886525094509125e-03 1.217020396143198013e-02 1.742608845233917236e-02 3.841527551412582397e-02 7.509249728173017502e-03 3.029327141121029854e-03 1.422811392694711685e-02 2.275238558650016785e-02 3.983461484313011169e-02 1.870065182447433472e-02 5.337227880954742432e-02 2.932394272647798061e-04 7.985129021108150482e-03 1.613103412091732025e-02 3.124651499092578888e-02 7.796894758939743042e-03 1.728114113211631775e-02 2.119199931621551514e-02 1.822422631084918976e-02 5.771636962890625000e-02 1.520909368991851807e-02 1.184486411511898041e-02 8.563509210944175720e-03 2.046403288841247559e-02 2.057198621332645416e-02 2.192215994000434875e-02 6.686218548566102982e-03 3.860771656036376953e-02 3.328904137015342712e-02 1.074045896530151367e-02 4.170286282896995544e-02 1.391937304288148880e-02 8.011134341359138489e-03 5.880713928490877151e-03 2.490466833114624023e-02 5.031868070363998413e-02 2.452547661960124969e-03 1.249191071838140488e-02 2.156349271535873413e-02 5.357591435313224792e-04 3.861865028738975525e-03 4.013875126838684082e-02 3.613360971212387085e-02 2.495883405208587646e-02 3.646893799304962158e-02
7.242020964622497559e-02 5.371962785720825195e-01 3.260349854826927185e-02 4.762669652700424194e-02 1.216402184218168259e-02 4.676029831171035767e-02 3.752435743808746338e-02 2.045472385361790657e-03 2.916776342317461967e-03 4.077644273638725281e-02 7.035604864358901978e-02 1.688160002231597900e-02 5.822030082345008850e-02 2.454002946615219116e-02 1.658488996326923370e-02 4.951510578393936157e-03 1.240131165832281113e-02 4.009297583252191544e-03 3.143742308020591736e-02 2.224918641149997711e-02 2.612342312932014465e-02 1.887497678399085999e-02 2.197830751538276672e-02 4.722107201814651489e-03 2.050035819411277771e-02 1.170409843325614929e-02 9.107624180614948273e-03 1.634269370697438717e-03 6.388222333043813705e-03 4.615458659827709198e-03 2.576296776533126831e-02 3.616877598688006401e-03 7.618440780788660049e-03 1.698044687509536743e-02 2.902097254991531372e-02 3.443656116724014282e-02 4.622117616236209869e-03 1.212777663022279739e-02 9.523289278149604797e-03 2.208521589636802673e-02 2.982979640364646912e-03 2.187973819673061371e-02 2.334035187959671021e-02 1.074486225843429565e-02 1.162180863320827484e-02 1.034978963434696198e-02 5.142840370535850525e-02 3.944430127739906311e-02 4.230797290802001953e-03 2.680361643433570862e-02 1.215050555765628815e-02 1.539268530905246735e-02 4.573899880051612854e-02 3.922826051712036133e-02 3.951569553464651108e-03 2.914829365909099579e-02 2.219916321337223053e-02 4.765244666486978531e-03 1.100739184767007828e-02 4.984540399163961411e-03 1.257906015962362289e-02 2.354828827083110809e-02 5.802968051284551620e-03 1.856076344847679138e-02 1.915873587131500244e-02 2.174999099224805832e-03 4.470843821763992310e-02 1.419049315154552460e-02 2.055942453444004059e-02 6.003181915730237961e-03 3.623180463910102844e-02 1.279135234653949738e-02 2.713184989988803864e-02 1.071711350232362747e-02 3.795058652758598328e-02 1.283725909888744354e-02 5.934714339673519135e-03 1.555181457661092281e-03 2.393982559442520142e-02 2.305539883673191071e-02 2.125922217965126038e-02 4.486138001084327698e-02 7.600979879498481750e-03 3.424557670950889587e-02 3.107032179832458496e-02 1.621067407540977001e-03 1.179069094359874725e-02 7.393619976937770844e-03 3.738545998930931091e-02 6.422382313758134842e-03 4.697910696268081665e-02 2.096200175583362579e-02 2.355532534420490265e-02 1.114919781684875488e-03 2.294280380010604858e-02 6.756103131920099258e-03 1.677350327372550964e-02 1.246822252869606018e-02 4.312862828373908997e-02 2.489140443503856659e-02 1.019735354930162430e-02 3.917669877409934998e-02 1.591555215418338776e-02 4.974824376404285431e-03 4.450235981494188309e-03 4.218802228569984436e-02 3.343439102172851562e-02 1.262301392853260040e-02 3.493411839008331299e-02 1.054242160171270370e-02 6.570234429091215134e-03 6.012166850268840790e-03 4.782757163047790527e-02 3.023763373494148254e-02 1.791323721408843994e-02 3.212001547217369080e-02
2.482504956424236298e-02 3.260349854826927185e-02 4.948424100875854492e-01 5.551962181925773621e-02 1.358693279325962067e-02 3.002826310694217682e-02 2.567062154412269592e-02 1.724391132593154907e-01 3.469108045101165771e-02 2.862255834043025970e-02 6.021102424710988998e-03 6.212322041392326355e-04 8.591501973569393158e-03 4.111201502382755280e-03 5.067604593932628632e-03 2.894939109683036804e-02 4.329430684447288513e-02 2.759341150522232056e-02 3.992532193660736084e-02 2.680630795657634735e-02 3.890276700258255005e-02 3.428993746638298035e-02 2.599801309406757355e-02 2.639385312795639038e-02 6.533865816891193390e-03 1.791014894843101501e-02 2.836136706173419952e-02 2.735764533281326294e-02 1.096990238875150681e-02 1.482297759503126144e-02 1.728912070393562317e-02 3.648677840828895569e-02 2.039869502186775208e-02 1.944910362362861633e-02 6.229441147297620773e-03 2.128278091549873352e-02 4.737749695777893066e-02 3.378618508577346802e-02 3.191129118204116821e-02 5.562061443924903870e-03 4.124829918146133423e-02 7.931766100227832794e-03 1.033332012593746185e-02 2.344284951686859131e-02 3.734542056918144226e-02 1.516562607139348984e-02 3.308165445923805237e-02 4.698649421334266663e-02 2.896683476865291595e-02 2.741599455475807190e-02 4.489502683281898499e-02 3.476066980510950089e-03 1.291020493954420090e-02 6.609863042831420898e-02 3.672704473137855530e-02 1.484559103846549988e-02 4.087752103805541992e-02 3.566093370318412781e-02 7.839627563953399658e-03 3.440445754677057266e-03 7.268873043358325958e-03 1.748599112033843994e-02 3.084547445178031921e-02 3.785900771617889404e-02 3.902040421962738037e-02 3.163063898682594299e-02 2.609984949231147766e-02 1.093032304197549820e-02 1.060645189136266708e-02 3.506358340382575989e-02 2.544998191297054291e-02 4.950989037752151489e-02 2.656419761478900909e-03 7.165785878896713257e-03 1.699651591479778290e-02 2.757543697953224182e-02 6.522303912788629532e-03 7.354103773832321167e-02 1.357652433216571808e-02 1.752830483019351959e-02 1.896708160638809204e-01 1.371955722570419312e-01 5.720002111047506332e-03 4.505844041705131531e-02 6.650528404861688614e-03 7.316322065889835358e-03 3.964424133300781250e-02 6.675879005342721939e-03 1.464975811541080475e-02 1.324917376041412354e-02 4.052232578396797180e-02 5.430506076663732529e-03 1.914380677044391632e-02 2.488140389323234558e-02 3.487627580761909485e-02 1.563298329710960388e-02 2.448420040309429169e-02 2.746230177581310272e-02 1.477034948766231537e-02 3.363375738263130188e-02 2.991448156535625458e-02 3.143427893519401550e-02 1.049834024161100388e-02 4.021457210183143616e-02 9.139777161180973053e-03 4.473352804780006409e-02 1.431450713425874710e-02 8.730427175760269165e-02 2.872755192220211029e-02 3.499265387654304504e-02 1.334738545119762421e-02 3.886266425251960754e-02 9.790354408323764801e-03 1.876548491418361664e-02 8.403432555496692657e-03 2.668339014053344727e-02
2.859061397612094879e-02 4.762669652700424194e-02 5.551962181925773621e-02 4.991875290870666504e-01 9.878163039684295654e-02 3.523308411240577698e-02 4.489934816956520081e-02 3.604318201541900635e-02 8.115248754620552063e-03 3.986241295933723450e-03 3.836945071816444397e-02 4.680559411644935608e-02 2.209750749170780182e-02 4.139499738812446594e-02 8.176177507266402245e-04 2.383111603558063507e-02 3.603365644812583923e-02 2.797259576618671417e-02 1.407977472990751266e-02 8.371584699489176273e-04 2.220034413039684296e-02 2.179227583110332489e-02 4.155713319778442383e-02 2.705936878919601440e-02 6.408737599849700928e-02 1.589925028383731842e-02 3.200324997305870056e-02 2.341786399483680725e-02 2.365837804973125458e-02 1.266183517873287201e-02 5.103451013565063477e-02 3.811466693878173828e-02 2.437870763242244720e-02 2.582212537527084351e-02 5.141241475939750671e-03 2.859281934797763824e-02 1.888191699981689453e-02 1.983875781297683716e-02 2.082725055515766144e-02 6.939893215894699097e-02 6.880997214466333389e-03 3.456951677799224854e-02 7.181467954069375992e-03 2.938313409686088562e-02 3.907101228833198547e-03 1.357438135892152786e-02 3.559846058487892151e-02 4.226908087730407715e-02 5.879535805433988571e-03 4.448769241571426392e-02 2.612908370792865753e-02 3.850440680980682373e-02 5.033195018768310547e-03 3.009333834052085876e-02 2.180842868983745575e-02 4.882479086518287659e-03 5.508162546902894974e-03 4.916947335004806519e-02 4.019688442349433899e-02 3.212014585733413696e-02 3.188752755522727966e-02 1.286072283983230591e-02 2.536295913159847260e-02 4.969552904367446899e-02 3.717173589393496513e-03 3.494226606562733650e-03 1.280781440436840057e-02 1.847867853939533234e-02 3.750991821289062500e-02 2.590770646929740906e-02 2.038984186947345734e-02 1.367028802633285522e-02 9.042257070541381836e-02 4.328479990363121033e-02 1.045349836349487305e-01 2.647978998720645905e-02 3.955942392349243164e-02 3.599648550152778625e-02 9.203036315739154816e-03 1.356788724660873413e-02 8.629314601421356201e-03 1.907031610608100891e-02 2.959370985627174377e-02 1.827710680663585663e-02 2.284900099039077759e-02 2.764998748898506165e-02 2.928796783089637756e-02 1.117719709873199463e-02 7.069854997098445892e-03 3.939672186970710754e-02 3.585423529148101807e-02 2.600501105189323425e-02 2.853498794138431549e-03 9.749614633619785309e-03 9.532846510410308838e-02 4.527647048234939575e-02 2.211845479905605316e-02 3.277896344661712646e-02 1.321189012378454208e-02 2.351288311183452606e-02 1.124945841729640961e-02 1.760508865118026733e-02 4.270209372043609619e-02 2.071615681052207947e-02 9.731798432767391205e-03 5.109588801860809326e-02 2.797256968915462494e-02 3.054050914943218231e-02 2.465526573359966278e-02 9.641127660870552063e-03 3.050112910568714142e-02 4.824690055102109909e-03 6.492839311249554157e-04 1.513320580124855042e-02 1.534628309309482574e-02 2.120738290250301361e-02
1.998596126213669777e-03 1.216402184218168259e-02 1.358693279325962067e-02 9.878163039684295654e-02 4.960773885250091553e-01 1.090579666197299957e-02 2.523390139685943723e-05 3.244855627417564392e-02 2.894994243979454041e-02 1.019655913114547729e-02 2.291972376406192780e-02 1.794071868062019348e-02 4.273311048746109009e-02 2.746176719665527344e-02 3.481395170092582703e-02 3.793796151876449585e-02 1.900002243928611279e-04 1.556858513504266739e-02 2.816102653741836548e-02 3.378097712993621826e-02 7.373558357357978821e-03 2.979060821235179901e-02 4.009108990430831909e-02 3.417763113975524902e-02 1.920666731894016266e-02 3.641404584050178528e-02 2.953048795461654663e-03 2.827588468790054321e-02 4.014369472861289978e-02 3.228257223963737488e-02 8.580995723605155945e-03 5.287615582346916199e-02 2.641983516514301300e-02 4.621712490916252136e-02 2.501907758414745331e-02 2.992457710206508636e-02 7.928425446152687073e-03 1.833868399262428284e-02 1.894917339086532593e-02 4.885391891002655029e-02 1.608248241245746613e-02 2.040451578795909882e-02 2.788159623742103577e-02 1.839685626327991486e-02 3.675922751426696777e-02 1.421051379293203354e-02 5.192505777813494205e-04 7.993833161890506744e-03 3.439154103398323059e-02 2.355490997433662415e-02 6.267042458057403564e-02 8.491374552249908447e-02 4.465232044458389282e-02 5.006781592965126038e-02 4.424813389778137207e-02 3.058846481144428253e-02 1.712623424828052521e-02 3.367740195244550705e-03 1.120915822684764862e-02 1.056039612740278244e-02 1.241567358374595642e-02 9.362982586026191711e-03 1.048761978745460510e-02 8.379428833723068237e-02 1.959951221942901611e-02 2.131060231477022171e-03 4.153073206543922424e-02 3.701651096343994141e-02 2.345510013401508331e-02 1.997824013233184814e-02 1.075072772800922394e-02 2.465162985026836395e-02 7.855010777711868286e-02 2.318510599434375763e-02 1.606589853763580322e-01 2.565848827362060547e-02 1.687936298549175262e-02 2.058211527764797211e-02 1.584165293024852872e-04 1.867490005679428577e-03 4.347534384578466415e-03 3.681289032101631165e-02 1.171089056879281998e-02 3.995731100440025330e-02 1.280759647488594055e-02 1.854933053255081177e-02 4.089520126581192017e-02 3.080282360315322876e-02 6.054565310478210449e-03 1.337331160902976990e-02 1.637858338654041290e-02 2.301403321325778961e-02 1.233803201466798782e-02 4.262679070234298706e-02 7.521771639585494995e-02 3.853581845760345459e-02 2.051418647170066833e-02 2.341785281896591187e-02 2.741303108632564545e-02 1.975601725280284882e-02 1.735936291515827179e-02 5.262099578976631165e-02 1.513587194494903088e-04 1.823035813868045807e-02 3.632100299000740051e-03 4.981885198503732681e-03 4.763813689351081848e-02 3.449919074773788452e-02 6.459867209196090698e-02 1.551934145390987396e-02 8.310653269290924072e-03 1.481356099247932434e-03 5.506193730980157852e-03 5.373138003051280975e-03 3.063671290874481201e-02 2.681577578186988831e-02
5.864513665437698364e-02 4.676029831171035767e-02 3.002826310694217682e-02 3.523308411240577698e-02 1.090579666197299957e-02 5.309437513351440430e-01 7.756078243255615234e-02 1.212383992969989777e-02 6.851482670754194260e-03 1.498882099986076355e-02 6.775823980569839478e-02 2.993726357817649841e-02 4.335867986083030701e-02 4.055181145668029785e-02 2.717948053032159805e-03 2.025361917912960052e-02 1.939329691231250763e-02 1.207941956818103790e-02 4.652250185608863831e-02 1.020427979528903961e-02 3.333198651671409607e-02 2.081590518355369568e-02 1.303053461015224457e-03 2.415332384407520294e-02 1.857493817806243896e-02 1.251532789319753647e-02 3.684292780235409737e-03 5.713407322764396667e-02 4.593006800860166550e-03 6.077652797102928162e-02 2.685589343309402466e-02 1.226168870925903320e-02 1.491845585405826569e-02 4.685269296169281006e-02 4.083369672298431396e-02 4.504661262035369873e-02 2.320834808051586151e-02 5.569672677665948868e-03 3.287353087216615677e-03 1.116496790200471878e-02 1.165299210697412491e-02 1.697795116342604160e-03 6.634439807385206223e-03 7.536516990512609482e-03 1.337262894958257675e-02 2.492044866085052490e-02 6.776212155818939209e-02 3.932918980717658997e-02 1.537675852887332439e-03 3.873081505298614502e-02 1.365272328257560730e-02 4.138883377891033888e-04 9.890462970361113548e-04 3.359450725838541985e-03 1.504844567534746602e-05 4.740564152598381042e-02 3.253455460071563721e-02 1.923825033009052277e-02 7.932850159704685211e-03 2.497904188930988312e-02 5.023887008428573608e-02 7.905170321464538574e-03 2.095462568104267120e-02 3.938375040888786316e-02 2.284713834524154663e-02 3.939081449061632156e-03 2.022400498390197754e-02 2.373833768069744110e-02 2.385134575888514519e-03 5.807205568999052048e-03 1.013326551765203476e-02 9.859817102551460266e-03 4.408598318696022034e-02 2.756382524967193604e-02 1.681100949645042419e-02 1.796058961190283298e-03 1.756799221038818359e-02 6.562143564224243164e-03 1.339985709637403488e-02 1.819134224206209183e-03 3.040239214897155762e-02 4.623827338218688965e-02 4.282414913177490234e-03 3.891493380069732666e-02 3.550377907231450081e-03 6.925505585968494415e-03 4.014075268059968948e-03 1.090565230697393417e-02 2.107978798449039459e-03 2.010318823158740997e-02 3.171168640255928040e-02 1.941960304975509644e-02 4.306530114263296127e-03 3.301229095086455345e-03 3.148369118571281433e-02 2.487259730696678162e-02 2.866673469543457031e-02 6.976983044296503067e-03 7.317138952203094959e-04 2.155180322006344795e-03 9.276134893298149109e-03 4.739438742399215698e-02 2.122509665787220001e-02 9.869533590972423553e-03 2.190921083092689514e-02 1.933799125254154205e-02 1.176608260720968246e-03 5.631320551037788391e-02 2.952940575778484344e-02 4.168096929788589478e-02 2.175205387175083160e-02 2.616896107792854309e-02 4.047988355159759521e-02 3.219933062791824341e-02 5.686291959136724472e-03 4.200895503163337708e-02
3.420902043581008911e-02 3.752435743808746338e-02 2.567062154412269592e-02 4.489934816956520081e-02 2.523390139685943723e-05 7.756078243255615234e-02 5.305206775665283203e-01 2.224983833730220795e-02 1.860613375902175903e-02 3.195969853550195694e-03 5.225885286927223206e-02 2.239884808659553528e-02 3.206254169344902039e-02 4.566607996821403503e-02 1.491994876414537430e-02 1.928970776498317719e-02 6.397093180567026138e-03 3.164153313264250755e-03 3.120436705648899078e-02 1.350663695484399796e-02 3.271499276161193848e-02 2.270331047475337982e-02 1.984293339774012566e-03 3.741924464702606201e-02 3.021048009395599365e-02 6.793845444917678833e-03 9.429669007658958435e-03 4.064229875802993774e-02 1.962987706065177917e-02 6.067001074552536011e-02 3.042960911989212036e-02 1.055043470114469528e-02 2.274767495691776276e-02 5.163821578025817871e-02 4.212776571512222290e-02 5.070467293262481689e-02 2.225678972899913788e-02 1.244807522743940353e-02 7.936371490359306335e-03 7.384516298770904541e-03 1.811826485209167004e-03 9.797438979148864746e-04 2.399627119302749634e-03 5.651314742863178253e-03 1.219544559717178345e-02 2.901063300669193268e-02 5.650689452886581421e-02 3.837674856185913086e-02 6.370184943079948425e-03 3.702417016029357910e-02 2.380082197487354279e-02 7.987192831933498383e-03 2.556049148552119732e-04 7.553415489383041859e-04 5.057008820585906506e-04 4.977225884795188904e-02 4.043499380350112915e-02 1.878580451011657715e-02 4.771544132381677628e-03 2.596946619451045990e-02 4.138190671801567078e-02 1.542093884199857712e-02 2.447270043194293976e-02 3.926749899983406067e-02 1.664959080517292023e-02 4.077391698956489563e-03 1.528756599873304367e-02 4.632580280303955078e-02 1.519401790574193001e-03 1.679408829659223557e-03 1.412174198776483536e-02 1.262914668768644333e-02 2.406087890267372131e-02 2.382462099194526672e-02 3.470018971711397171e-03 8.543564006686210632e-03 1.351866498589515686e-02 2.635810058563947678e-03 3.351799387019127607e-04 2.158999629318714142e-02 2.775266394019126892e-02 3.354473784565925598e-02 6.720593664795160294e-03 2.112136408686637878e-02 6.256954744458198547e-03 2.513815648853778839e-02 1.245497260242700577e-02 1.136123109608888626e-02 1.008448842912912369e-02 6.279690423980355263e-04 2.163764461874961853e-02 1.697513088583946228e-02 5.364659242331981659e-03 9.383156429976224899e-04 7.721642497926950455e-03 3.275571018457412720e-02 1.868505775928497314e-02 3.097492968663573265e-03 1.216136850416660309e-03 7.983416318893432617e-03 2.434819191694259644e-02 3.905465453863143921e-02 2.246364019811153412e-02 5.389198195189237595e-03 1.755456998944282532e-02 2.130219899117946625e-02 6.331314332783222198e-03 5.102004855871200562e-02 2.433344908058643341e-02 4.600262269377708435e-02 1.950897835195064545e-02 2.265375107526779175e-02 3.411109745502471924e-02 3.697587177157402039e-02 4.723824094980955124e-03 4.699159413576126099e-02
8.624976500868797302e-03 2.045472385361790657e-03 1.724391132593154907e-01 3.604318201541900635e-02 3.244855627417564392e-02 1.212383992969989777e-02 2.224983833730220795e-02 5.084651112556457520e-01 1.747120544314384460e-02 3.334409743547439575e-02 6.826086435467004776e-03 9.049220941960811615e-03 1.741266809403896332e-02 4.010133445262908936e-03 6.545726954936981201e-02 1.555613800883293152e-02 1.797658763825893402e-02 1.879204763099551201e-03 1.659980230033397675e-02 2.803293801844120026e-02 3.113476745784282684e-02 7.981458911672234535e-04 7.013882510364055634e-03 6.479872390627861023e-03 2.000804618000984192e-02 3.489594906568527222e-02 1.355294138193130493e-02 4.059715569019317627e-02 2.738326042890548706e-02 1.739994622766971588e-02 1.678613945841789246e-02 5.106600001454353333e-02 2.271167002618312836e-02 2.078168280422687531e-02 1.150375884026288986e-02 9.024131111800670624e-03 9.972214698791503906e-03 1.879822835326194763e-02 1.384675409644842148e-02 1.270643807947635651e-02 9.385669603943824768e-03 3.970141708850860596e-02 3.452521190047264099e-02 3.135357750579714775e-03 2.393737994134426117e-02 1.430290564894676208e-02 9.910001419484615326e-03 9.262337349355220795e-03 3.457088023424148560e-02 2.120424993336200714e-03 1.350984815508127213e-02 1.769349211826920509e-03 5.994226783514022827e-03 3.768602758646011353e-02 2.508173231035470963e-03 6.924342829734086990e-03 3.077519126236438751e-02 1.504366006702184677e-02 5.327102541923522949e-02 2.230918593704700470e-02 1.691285520792007446e-02 3.430467844009399414e-02 2.214697003364562988e-02 6.384701700881123543e-04 1.626558415591716766e-02 1.039058249443769455e-02 2.823913469910621643e-02 3.185849636793136597e-02 2.099248580634593964e-02 1.813676580786705017e-02 1.121551077812910080e-02 2.045800909399986267e-03 1.528552547097206116e-02 3.187397262081503868e-03 2.922907657921314240e-02 4.955407697707414627e-03 1.113448379328474402e-04 5.642645992338657379e-03 4.015654698014259338e-02 2.787376195192337036e-02 1.503936648368835449e-01 9.702994674444198608e-02 2.880312036722898483e-03 6.502212490886449814e-03 2.003799751400947571e-02 4.265026748180389404e-02 7.466012239456176758e-02 4.795581847429275513e-02 3.707325458526611328e-02 1.373858563601970673e-02 4.201740492135286331e-03 2.772179804742336273e-02 3.927933983504772186e-03 1.942853257060050964e-02 6.013329606503248215e-03 3.355002775788307190e-02 2.122092247009277344e-02 1.355129643343389034e-03 1.302797719836235046e-02 1.272456906735897064e-02 4.788192361593246460e-02 3.156789019703865051e-02 1.208854300784878433e-04 5.465096328407526016e-03 1.194110885262489319e-02 3.913414478302001953e-02 4.205553606152534485e-02 4.920302331447601318e-02 3.013659454882144928e-02 2.328259404748678207e-03 7.661096286028623581e-03 2.101975865662097931e-02 2.690888568758964539e-02 2.980718947947025299e-02 4.298996180295944214e-03 4.316913709044456482e-02
8.966646157205104828e-03 2.916776342317461967e-03 3.469108045101165771e-02 8.115248754620552063e-03 2.894994243979454041e-02 6.851482670754194260e-03 1.860613375902175903e-02 1.747120544314384460e-02 5.236300230026245117e-01 6.595823913812637329e-02 1.612778194248676300e-02 4.765894263982772827e-02 2.958642505109310150e-02 3.009225800633430481e-02 5.910856276750564575e-02 1.040810067206621170e-02 4.178679082542657852e-03 7.160983234643936157e-02 2.848025225102901459e-02 2.133503369987010956e-02 3.101211623288691044e-04 2.552515454590320587e-02 3.601204976439476013e-02 5.948572605848312378e-02 5.028713867068290710e-02 1.018919050693511963e-02 1.305735018104314804e-02 3.520937263965606689e-02 9.655682370066642761e-03 3.743157908320426941e-02 1.383017655462026596e-02 3.810612857341766357e-02 4.467978328466415405e-02 2.195816673338413239e-02 2.005221135914325714e-02 2.843850478529930115e-02 3.747845441102981567e-02 9.779985062777996063e-03 4.273036867380142212e-02 2.011609822511672974e-02 2.550144866108894348e-02 4.420715197920799255e-02 1.266310364007949829e-02 3.303924109786748886e-03 1.758057437837123871e-02 4.274296388030052185e-02 9.753056801855564117e-03 1.235536881722509861e-03 1.233135582879185677e-03 4.915545880794525146e-02 5.064548924565315247e-02 1.991030015051364899e-02 5.701640993356704712e-02 3.311227774247527122e-03 4.896932467818260193e-02 5.717096477746963501e-02 1.610238570719957352e-03 1.159163378179073334e-02 7.930765859782695770e-03 5.389568954706192017e-02 1.453108503483235836e-03 5.333357304334640503e-02 6.101369857788085938e-02 9.855202399194240570e-03 5.402685701847076416e-02 4.947257786989212036e-02 3.113324381411075592e-02 5.678296089172363281e-02 4.022087901830673218e-02 2.488967776298522949e-02 2.513417601585388184e-02 1.503369957208633423e-02 6.052196770906448364e-02 3.963370108976960182e-04 2.212789840996265411e-02 2.821335196495056152e-02 9.317831695079803467e-02 5.846573039889335632e-02 1.194404885172843933e-01 5.674636736512184143e-02 1.868362654931843281e-03 7.847693632356822491e-04 6.938306242227554321e-02 3.260235302150249481e-03 6.038983538746833801e-02 4.445310309529304504e-02 1.920960284769535065e-02 2.757321577519178391e-03 5.652759596705436707e-02 2.973318286240100861e-02 1.077895425260066986e-02 1.529029011726379395e-02 2.752092294394969940e-02 8.469192311167716980e-03 7.719221059232950211e-03 4.596329480409622192e-02 4.691356420516967773e-02 2.572408877313137054e-02 2.449932135641574860e-02 3.930644132196903229e-03 2.511521056294441223e-02 3.978558629751205444e-02 2.323826774954795837e-02 2.101163938641548157e-02 4.358417540788650513e-02 2.056330256164073944e-02 2.993166213855147362e-03 3.003235533833503723e-02 2.242109365761280060e-02 1.675922609865665436e-02 3.950342535972595215e-02 2.948520518839359283e-02 1.399565301835536957e-02 2.533064410090446472e-02 4.456158727407455444e-02 2.512449771165847778e-02
2.776070497930049896e-02 4.077644273638725281e-02 2.862255834043025970e-02 3.986241295933723450e-03 1.019655913114547729e-02 1.498882099986076355e-02 3.195969853550195694e-03 3.334409743547439575e-02 6.595823913812637329e-02 5.286346673965454102e-01 4.140444472432136536e-02 9.465479291975498199e-03 2.315486222505569458e-02 5.450939014554023743e-02 2.066978067159652710e-02 4.822492599487304688e-02 3.320241719484329224e-02 3.252341225743293762e-02 1.405209749937057495e-01 6.111675128340721130e-02 2.375005558133125305e-02 2.452206984162330627e-02 4.453141242265701294e-02 4.052427038550376892e-02 1.952748000621795654e-02 2.329362183809280396e-02 3.691493719816207886e-02 1.529081538319587708e-02 8.872469887137413025e-03 1.630603894591331482e-02 3.596293553709983826e-02 1.805683970451354980e-02 3.451558947563171387e-02 7.723789662122726440e-02 1.183039601892232895e-02 2.570099197328090668e-02 4.454475641250610352e-02 4.033930972218513489e-02 3.372185304760932922e-02 4.916040599346160889e-02 2.095141820609569550e-02 1.304495520889759064e-02 2.001199871301651001e-03 8.650320582091808319e-03 4.159828275442123413e-02 3.840688988566398621e-02 4.993427172303199768e-02 4.663430526852607727e-02 4.725620150566101074e-02 6.363840401172637939e-02 3.488145768642425537e-02 1.412436738610267639e-02 7.580081373453140259e-02 2.435856312513351440e-02 3.134445101022720337e-02 4.209408536553382874e-02 1.472850330173969269e-02 2.167777717113494873e-02 2.985439635813236237e-02 1.653272099792957306e-02 4.353554453700780869e-03 3.381798043847084045e-02 5.057349801063537598e-02 3.522744402289390564e-02 2.089403197169303894e-02 3.464667242951691151e-04 6.958460807800292969e-02 2.570356614887714386e-02 3.793281689286231995e-02 2.568111568689346313e-02 1.919195055961608887e-02 2.556360512971878052e-02 6.219185143709182739e-02 1.596728339791297913e-02 4.340615589171648026e-03 2.154894359409809113e-02 4.364901781082153320e-02 8.797033876180648804e-02 5.678306892514228821e-02 1.504496783018112183e-01 3.995521739125251770e-02 3.414361923933029175e-02 2.266739122569561005e-02 6.941317766904830933e-02 3.878580778837203979e-02 5.851911008358001709e-02 1.886402629315853119e-02 4.446074366569519043e-02 1.646820455789566040e-02 7.920297235250473022e-02 2.881048992276191711e-02 3.617722541093826294e-02 2.872374467551708221e-02 4.054241999983787537e-02 3.642904013395309448e-02 2.921843156218528748e-02 6.984849460422992706e-03 4.148084670305252075e-02 5.298973619937896729e-02 4.005044698715209961e-02 4.670713096857070923e-02 5.511877685785293579e-02 2.777227573096752167e-02 3.775582835078239441e-02 2.141127735376358032e-02 1.700210012495517731e-02 3.872760012745857239e-02 5.023558437824249268e-02 1.995239965617656708e-02 3.540765121579170227e-02 2.526523731648921967e-02 1.217078068293631077e-03 3.817100822925567627e-02 3.522274643182754517e-02 2.858207002282142639e-02 6.966437213122844696e-03
8.931223303079605103e-02 7.035604864358901978e-02 6.021102424710988998e-03 3.836945071816444397e-02 2.291972376406192780e-02 6.775823980569839478e-02 5.225885286927223206e-02 6.826086435467004776e-03 1.612778194248676300e-02 4.140444472432136536e-02 5.213127136230468750e-01 2.000015787780284882e-02 8.518771082162857056e-02 3.190366551280021667e-02 2.067697606980800629e-02 1.880136132240295410e-02 6.290033925324678421e-03 3.609755635261535645e-02 2.247568219900131226e-02 1.405082549899816513e-02 6.643263157457113266e-03 1.642749831080436707e-02 9.423853829503059387e-03 1.321950461715459824e-02 9.557466022670269012e-03 1.770070381462574005e-02 4.930792376399040222e-03 1.290143374353647232e-02 1.020351424813270569e-02 2.680589817464351654e-02 5.718824267387390137e-02 1.159749459475278854e-02 1.091587916016578674e-02 1.636112667620182037e-02 3.587628528475761414e-02 2.906591817736625671e-02 2.577442303299903870e-02 4.454045556485652924e-03 4.209187463857233524e-04 2.478495053946971893e-02 1.158264651894569397e-02 1.496852654963731766e-02 1.503183227032423019e-02 5.853454582393169403e-03 1.411826815456151962e-02 1.519190613180398941e-02 6.567794084548950195e-02 3.632326051592826843e-02 2.434104308485984802e-02 1.586302183568477631e-02 3.586309729143977165e-03 2.133259177207946777e-02 3.966875001788139343e-02 3.513689711689949036e-02 1.694114878773689270e-02 9.434556588530540466e-03 5.218311771750450134e-02 2.147918194532394409e-02 1.711197011172771454e-02 5.355500150471925735e-03 5.096954852342605591e-02 2.181125804781913757e-02 3.013977548107504845e-03 2.193237096071243286e-02 4.293679073452949524e-02 2.853515092283487320e-03 1.318479049950838089e-02 1.630035229027271271e-03 2.880188869312405586e-03 7.067485246807336807e-03 2.860881388187408447e-02 2.634599059820175171e-02 3.588372468948364258e-02 3.527188440784811974e-03 3.717383369803428650e-02 2.270172908902168274e-02 3.180421143770217896e-02 4.710269626230001450e-03 2.827269956469535828e-02 1.390571147203445435e-02 1.035324111580848694e-02 4.052289202809333801e-02 1.045832689851522446e-02 3.525182977318763733e-02 2.810650318861007690e-02 2.059931121766567230e-02 2.113780938088893890e-02 5.607182625681161880e-03 2.860469743609428406e-02 3.395424783229827881e-02 4.690342396497726440e-02 3.566892445087432861e-02 1.421936438418924809e-03 5.900994874536991119e-03 1.160643529146909714e-02 1.874295063316822052e-03 2.666496112942695618e-02 1.749523542821407318e-02 3.429207950830459595e-02 1.466469373553991318e-03 1.695220475085079670e-03 2.499652840197086334e-02 2.439828030765056610e-02 3.205240704119205475e-03 9.951515123248100281e-03 3.750539198517799377e-02 3.512703999876976013e-02 4.424408450722694397e-02 1.560746133327484131e-02 2.722444571554660797e-02 7.573838811367750168e-04 8.988864719867706299e-03 3.116059117019176483e-02 3.433816507458686829e-02 5.631503649055957794e-03 2.430811896920204163e-02
2.690727263689041138e-02 1.688160002231597900e-02 6.212322041392326355e-04 4.680559411644935608e-02 1.794071868062019348e-02 2.993726357817649841e-02 2.239884808659553528e-02 9.049220941960811615e-03 4.765894263982772827e-02 9.465479291975498199e-03 2.000015787780284882e-02 5.220823884010314941e-01 2.114551700651645660e-02 9.012973308563232422e-02 1.198853924870491028e-02 1.355941500514745712e-02 4.275690019130706787e-02 2.949841506779193878e-02 5.400526896119117737e-02 2.052936330437660217e-02 3.460574150085449219e-02 3.349388251081109047e-03 2.610651776194572449e-03 1.865434460341930389e-02 4.345016926527023315e-02 1.925433054566383362e-02 3.310086950659751892e-02 5.276096612215042114e-02 3.656005486845970154e-03 4.761559888720512390e-02 3.064005821943283081e-02 3.847359493374824524e-02 5.209990777075290680e-03 1.505589950829744339e-02 4.354095458984375000e-02 3.733861073851585388e-02 3.575790300965309143e-02 3.307181224226951599e-02 1.324396114796400070e-02 1.475907675921916962e-02 2.714849449694156647e-02 2.582831867039203644e-02 4.663450643420219421e-02 2.177591063082218170e-02 5.440730229020118713e-02 3.751995787024497986e-02 1.955919899046421051e-02 3.988434560596942902e-03 2.496343292295932770e-02 5.415184795856475830e-02 2.825433155521750450e-03 2.833719551563262939e-02 5.182513594627380371e-02 4.692172631621360779e-02 2.548662945628166199e-02 1.840531826019287109e-02 2.129475772380828857e-02 2.053236588835716248e-02 5.249984562397003174e-02 1.091607497073709965e-03 5.113158840686082840e-03 6.409202516078948975e-02 2.689988352358341217e-03 4.444639757275581360e-02 1.980397291481494904e-02 3.763724863529205322e-02 3.841424360871315002e-02 5.147180519998073578e-03 2.867520973086357117e-02 6.402126699686050415e-02 5.640769843012094498e-03 2.154297661036252975e-03 3.086049668490886688e-02 3.021081723272800446e-02 2.535421214997768402e-02 5.471131298691034317e-03 6.866015493869781494e-02 6.896451115608215332e-03 4.293013364076614380e-02 4.311132058501243591e-02 3.219259204342961311e-03 2.309579635038971901e-03 6.073465198278427124e-02 3.949080407619476318e-02 2.305974811315536499e-02 4.859521985054016113e-02 7.898852229118347168e-03 9.847340406849980354e-04 2.864320762455463409e-02 3.870051726698875427e-02 1.403445191681385040e-02 2.031696960330009460e-03 8.629646152257919312e-03 1.041875872761011124e-02 1.664043031632900238e-02 7.096701767295598984e-03 5.398801341652870178e-02 1.426835451275110245e-02 2.836145646870136261e-02 3.364111110568046570e-02 2.550152130424976349e-03 4.255679249763488770e-02 2.784890867769718170e-02 1.961115002632141113e-02 2.778175286948680878e-02 8.103287778794765472e-03 9.604939259588718414e-03 5.213970318436622620e-02 1.777486875653266907e-02 3.642423823475837708e-02 4.016984254121780396e-02 4.949874128215014935e-04 2.260410040616989136e-02 2.323303371667861938e-02 3.585957363247871399e-02 1.988749485462903976e-03
6.355382502079010010e-02 5.822030082345008850e-02 8.591501973569393158e-03 2.209750749170780182e-02 4.273311048746109009e-02 4.335867986083030701e-02 3.206254169344902039e-02 1.741266809403896332e-02 2.958642505109310150e-02 2.315486222505569458e-02 8.518771082162857056e-02 2.114551700651645660e-02 5.320985913276672363e-01 3.216502070426940918e-02 3.757429867982864380e-02 1.521101128309965134e-02 1.790335588157176971e-02 2.793796546757221222e-02 6.330964621156454086e-03 2.403780631721019745e-02 2.775790728628635406e-02 2.360397204756736755e-02 4.233621060848236084e-02 1.893046498298645020e-02 3.635617438703775406e-03 1.185336243361234665e-02 1.761443563736975193e-03 4.699979908764362335e-03 3.113793907687067986e-03 2.638387121260166168e-02 4.793309606611728668e-03 8.758257608860731125e-04 5.887033883482217789e-03 5.313695874065160751e-03 3.567358851432800293e-02 3.790808096528053284e-02 2.197603881359100342e-02 2.030241194006521255e-05 9.278088808059692383e-03 2.982390858232975006e-02 4.714995622634887695e-03 2.303819358348846436e-02 2.971126884222030640e-02 3.182691521942615509e-03 1.066106557846069336e-02 3.366041637491434813e-04 4.763036593794822693e-02 3.143196925520896912e-02 7.011788897216320038e-03 4.386059567332267761e-02 1.998254470527172089e-02 3.848290443420410156e-02 3.390580415725708008e-02 2.470021322369575500e-02 1.995256403461098671e-03 3.812604770064353943e-02 3.883231431245803833e-02 1.461980585008859634e-02 6.960252765566110611e-03 5.739872809499502182e-03 3.364418074488639832e-02 2.518911100924015045e-02 5.142516922205686569e-03 3.085286542773246765e-02 2.554444782435894012e-02 1.375216338783502579e-02 2.668833732604980469e-02 1.105384901165962219e-02 2.312866505235433578e-03 1.359037961810827255e-02 2.620632015168666840e-02 1.073122210800647736e-02 6.884406320750713348e-03 5.311565008014440536e-03 8.543715812265872955e-03 1.288502290844917297e-02 2.541624568402767181e-02 1.382393413223326206e-03 3.475936874747276306e-02 4.549169912934303284e-02 6.410938687622547150e-03 2.398995123803615570e-02 7.906665094196796417e-03 4.426740109920501709e-02 2.425778657197952271e-02 3.744675219058990479e-02 2.682099305093288422e-02 4.431754350662231445e-03 2.127415034919977188e-03 2.866818755865097046e-02 3.385674208402633667e-02 3.538108989596366882e-02 2.175620570778846741e-02 8.497711271047592163e-03 2.333061769604682922e-02 4.019050858914852142e-03 1.835112273693084717e-02 1.191728096455335617e-02 4.595122113823890686e-02 2.749738469719886780e-02 1.789516583085060120e-02 4.493995010852813721e-02 1.038001477718353271e-02 8.493011817336082458e-03 1.455837022513151169e-02 2.759273350238800049e-02 2.554474584758281708e-02 5.140332505106925964e-02 4.082242771983146667e-02 1.513483561575412750e-02 3.279252210631966591e-03 1.040447270497679710e-03 4.013671725988388062e-02 2.794585749506950378e-02 1.553229615092277527e-02 5.030169617384672165e-03
