4.676799178123474121e-01 2.081658989191055298e-01 4.601908847689628601e-02 6.157777737826108932e-03 6.925417482852935791e-02 6.535273790359497070e-02 1.365742459893226624e-02 4.954183846712112427e-02 1.148329698480665684e-03 5.198321864008903503e-02 7.502794265747070312e-02 2.031330019235610962e-02 5.775589868426322937e-02 3.680869936943054199e-03 7.176917046308517456e-02 3.364671021699905396e-02 3.050584159791469574e-02 8.596287108957767487e-03 4.981407895684242249e-02 1.660260930657386780e-02 1.897638477385044098e-02 1.420822553336620331e-02 3.738838434219360352e-02 4.803136736154556274e-02 2.110967040061950684e-02 5.315521731972694397e-02 3.613568469882011414e-02 4.010851681232452393e-02 1.038407627493143082e-02 3.450123593211174011e-02 3.120254911482334137e-02 4.315200448036193848e-02 1.661981828510761261e-02 1.830410398542881012e-02 2.507701329886913300e-02 4.079254344105720520e-02 2.313748374581336975e-02 3.601140528917312622e-02 5.801431834697723389e-03 3.675102023407816887e-03 4.441731050610542297e-02 2.223209850490093231e-02 8.438155986368656158e-03 4.122285172343254089e-02 2.118666470050811768e-02 4.346658289432525635e-02 1.053456775844097137e-02 5.086603015661239624e-02 3.246400505304336548e-03 4.441874101758003235e-03 6.088799331337213516e-03 1.978886779397726059e-03 2.665762323886156082e-03 1.860599778592586517e-02 7.344070822000503540e-03 1.995831355452537537e-02 3.447005897760391235e-02 9.386290796101093292e-03 1.149180624634027481e-02 2.199687249958515167e-02 1.623128727078437805e-02 2.048167772591114044e-02 1.369167212396860123e-02 6.661149207502603531e-03 3.820543363690376282e-02 5.095741525292396545e-02 2.566551230847835541e-02 3.057601302862167358e-02 9.397646412253379822e-03 1.652207970619201660e-02 8.279417525045573711e-04 1.564838178455829620e-02 4.377231746912002563e-02 1.475312095135450363e-02 3.917933907359838486e-03 2.788543142378330231e-02 3.646138310432434082e-02 2.987174317240715027e-02 1.732357218861579895e-02 2.064672484993934631e-02 3.525376319885253906e-02 2.730895299464464188e-03 1.553789246827363968e-02 4.387789405882358551e-03 3.316009882837533951e-03 1.704869419336318970e-02 6.811881065368652344e-02 7.198566943407058716e-02 1.272451411932706833e-02 2.659206651151180267e-02 4.925853759050369263e-02 5.039275437593460083e-02 5.903138965368270874e-02 2.984399162232875824e-02 1.917776069603860378e-03 2.744931541383266449e-02 7.408584002405405045e-03 1.978391781449317932e-02 2.273853123188018799e-02 1.079264935106039047e-02 2.144413068890571594e-02 3.175655752420425415e-02 1.120676286518573761e-02 2.164142578840255737e-02 1.973684178665280342e-03 6.141576450318098068e-03 1.020372472703456879e-02 1.037114951759576797e-02 4.214710742235183716e-02 2.099107764661312103e-02 5.630182102322578430e-02 7.350206375122070312e-03 1.100037992000579834e-02 3.322779759764671326e-02 2.021698979660868645e-03 4.626999795436859131e-02
2.081658989191055298e-01 4.787263572216033936e-01 2.543356269598007202e-02 2.102229371666908264e-02 6.211667880415916443e-02 5.014556646347045898e-02 3.656918182969093323e-02 4.656386747956275940e-02 9.949721395969390869e-03 4.376000165939331055e-02 2.854007482528686523e-02 1.193151227198541164e-03 7.110372185707092285e-02 2.516997978091239929e-03 3.392519429326057434e-02 4.272096604108810425e-02 3.170097991824150085e-02 2.577573247253894806e-02 3.837589174509048462e-02 2.606090530753135681e-02 2.060283161699771881e-02 4.793546628206968307e-03 1.238625310361385345e-02 3.177826851606369019e-02 1.477400306612253189e-02 1.274322625249624252e-02 1.502208597958087921e-02 4.156929254531860352e-02 4.223970696330070496e-02 2.068776451051235199e-02 4.144342243671417236e-02 1.786763034760951996e-02 5.323794670403003693e-03 1.804000139236450195e-02 1.275213621556758881e-02 7.837912067770957947e-03 2.137100510299205780e-02 3.772829473018646240e-02 3.285589441657066345e-02 1.359776780009269714e-02 4.197438061237335205e-02 3.665299341082572937e-02 1.580972783267498016e-02 3.510566800832748413e-02 2.059448696672916412e-02 1.875057257711887360e-02 1.207071449607610703e-02 1.744672656059265137e-02 9.556366712786257267e-04 1.463111583143472672e-02 2.757867611944675446e-02 9.595142677426338196e-03 1.596042327582836151e-02 3.093687817454338074e-02 5.530419293791055679e-03 4.443427547812461853e-03 3.217856958508491516e-02 6.436320021748542786e-03 2.692205272614955902e-02 3.584932535886764526e-02 3.112046048045158386e-02 1.992519386112689972e-02 1.783151552081108093e-02 2.078410983085632324e-02 4.907236248254776001e-02 1.748696784488856792e-03 3.032439388334751129e-02 3.289778903126716614e-02 2.774777263402938843e-02 4.972381889820098877e-02 2.038398385047912598e-02 8.347693830728530884e-03 3.924876078963279724e-02 1.578231225721538067e-03 1.923897420056164265e-03 3.760323300957679749e-02 4.556498304009437561e-02 2.654344402253627777e-02 2.546438388526439667e-02 3.769053891301155090e-02 3.032471239566802979e-02 2.524302713572978973e-02 3.468460217118263245e-02 1.532925758510828018e-02 3.787464275956153870e-02 2.879558131098747253e-02 3.863403201103210449e-02 7.325566560029983521e-02 4.354427009820938110e-02 4.346762225031852722e-02 1.672400720417499542e-02 2.924815192818641663e-02 3.334941342473030090e-02 5.834794417023658752e-02 1.295146439224481583e-02 4.366718232631683350e-02 1.228915527462959290e-02 2.224200218915939331e-02 1.428364217281341553e-02 9.143903735093772411e-04 2.828220138326287270e-03 1.074473373591899872e-02 2.772045880556106567e-02 4.516087472438812256e-02 2.983743557706475258e-03 3.086470533162355423e-03 2.074888721108436584e-02 4.392698779702186584e-02 1.526588201522827148e-02 5.357401445508003235e-02 5.256353691220283508e-02 4.804033786058425903e-02 2.333911322057247162e-02 5.209065973758697510e-02 2.440335229039192200e-02 1.500893756747245789e-02
4.601908847689628601e-02 2.543356269598007202e-02 4.672360122203826904e-01 4.536496475338935852e-02 4.209218919277191162e-02 6.083175074309110641e-03 1.000935118645429611e-02 1.106561347842216492e-01 8.184876292943954468e-03 4.004033654928207397e-02 6.704026833176612854e-03 4.205574467778205872e-02 5.901569128036499023e-02 7.729490287601947784e-03 2.183464728295803070e-02 3.469380363821983337e-02 2.166935987770557404e-02 3.261705860495567322e-02 4.188592359423637390e-02 1.335785351693630219e-02 9.104357101023197174e-03 6.183864083141088486e-03 2.806460671126842499e-02 2.249741554260253906e-02 3.475762531161308289e-02 5.710557103157043457e-03 2.645646966993808746e-02 3.437539935111999512e-02 1.572375558316707611e-02 3.883702214807271957e-03 5.291477963328361511e-02 3.653402626514434814e-02 1.859487849287688732e-03 2.205458655953407288e-02 2.513822168111801147e-02 1.997754722833633423e-02 4.226599633693695068e-02 1.279100775718688965e-02 3.654579818248748779e-02 6.310614291578531265e-03 2.157840877771377563e-02 4.238941892981529236e-02 2.659842371940612793e-02 8.333130180835723877e-02 2.664209716022014618e-02 1.568298670463263988e-03 2.577297389507293701e-02 2.509122900664806366e-02 2.320870198309421539e-02 1.281703263521194458e-02 4.004045203328132629e-02 3.018577955663204193e-02 7.555392221547663212e-05 2.866914868354797363e-02 3.902252763509750366e-02 2.613897807896137238e-02 3.827917203307151794e-02 6.022547837346792221e-03 1.183638931252062321e-03 1.400726940482854843e-02 7.360539399087429047e-03 3.236893191933631897e-02 9.855389595031738281e-03 1.579214935190975666e-03 5.543165653944015503e-02 5.536755174398422241e-02 4.346229881048202515e-02 1.613823324441909790e-02 2.424056269228458405e-02 2.127396501600742340e-02 7.079082075506448746e-03 2.543611638247966766e-02 2.414089161902666092e-03 2.932344935834407806e-02 1.451094541698694229e-02 7.825391367077827454e-03 3.168897703289985657e-02 1.378655806183815002e-02 5.428196862339973450e-02 1.901591010391712189e-02 1.783068627119064331e-01 8.890754729509353638e-02 2.849767543375492096e-02 5.634677782654762268e-02 2.906842529773712158e-02 5.243379622697830200e-03 2.101686783134937286e-02 4.227985441684722900e-02 2.033529989421367645e-02 5.187226459383964539e-02 1.272324565798044205e-02 8.480502292513847351e-04 1.499108597636222839e-02 3.115645609796047211e-02 2.763305418193340302e-02 5.043319240212440491e-02 2.274113148450851440e-02 2.766464836895465851e-03 3.031801246106624603e-02 4.953737184405326843e-02 1.542874611914157867e-02 7.169609889388084412e-03 1.545106433331966400e-02 3.286524675786495209e-03 9.980515576899051666e-03 3.958625718951225281e-02 2.336610294878482819e-02 2.102276869118213654e-02 1.747933961451053619e-02 2.733352221548557281e-02 4.898031055927276611e-02 4.198342561721801758e-02 1.481785252690315247e-02 1.653858460485935211e-02 1.242021657526493073e-02 5.669778678566217422e-03
6.157777737826108932e-03 2.102229371666908264e-02 4.536496475338935852e-02 4.696004390716552734e-01 2.336846441030502319e-01 4.174086824059486389e-02 3.726981580257415771e-03 3.782626986503601074e-02 5.597602576017379761e-02 2.611979842185974121e-02 2.722550556063652039e-02 2.138277143239974976e-02 4.980018734931945801e-02 5.887015908956527710e-02 1.180315110832452774e-02 1.563446410000324249e-02 3.887015581130981445e-02 1.570674777030944824e-02 2.578887343406677246e-02 2.064318628981709480e-03 2.793836593627929688e-02 2.668255381286144257e-02 4.470932111144065857e-02 3.149709850549697876e-02 3.536188742145895958e-03 3.293762728571891785e-02 2.599177882075309753e-02 2.343603782355785370e-02 7.561051752418279648e-03 5.989838391542434692e-03 3.203810006380081177e-02 4.334434866905212402e-02 8.786635473370552063e-03 3.699953854084014893e-02 3.767895977944135666e-03 3.787492588162422180e-02 4.470603540539741516e-02 4.126667603850364685e-02 7.393771409988403320e-02 5.529975146055221558e-02 3.125043213367462158e-02 2.946441434323787689e-02 3.105775453150272369e-02 8.240035735070705414e-03 3.310543671250343323e-02 4.275130107998847961e-02 2.422937005758285522e-02 3.693844377994537354e-02 4.805001430213451385e-03 3.219807893037796021e-02 2.172158099710941315e-02 1.239876262843608856e-03 1.007789000868797302e-02 1.915872469544410706e-02 1.532439421862363815e-02 2.508405223488807678e-02 5.617640446871519089e-03 3.901222720742225647e-02 8.822168223559856415e-03 2.704495377838611603e-02 1.813424751162528992e-02 3.111782111227512360e-02 6.397850066423416138e-02 2.868148870766162872e-02 3.670699428766965866e-03 3.830553963780403137e-02 2.628485299646854401e-02 2.197403833270072937e-02 3.145648539066314697e-02 4.118430241942405701e-02 2.316666208207607269e-02 6.804906297475099564e-03 1.702781170606613159e-01 3.092170320451259613e-02 1.802422478795051575e-02 1.641393639147281647e-02 8.946991292759776115e-04 2.722018398344516754e-02 3.977860324084758759e-03 4.918918758630752563e-02 2.944008074700832367e-02 4.402641952037811279e-02 7.864670455455780029e-02 4.595689848065376282e-02 1.847529783844947815e-02 2.412323083262890577e-04 3.380312770605087280e-02 2.790920808911323547e-02 2.931405045092105865e-02 1.345124561339616776e-02 2.458031103014945984e-02 3.296236693859100342e-02 1.074457168579101562e-02 2.874522283673286438e-02 8.056970313191413879e-03 4.187386855483055115e-02 1.656883396208286285e-04 3.449108451604843140e-02 2.579932101070880890e-02 2.393803186714649200e-02 2.506548305973410606e-03 2.054865704849362373e-03 3.230487927794456482e-02 2.127218060195446014e-02 2.366259507834911346e-02 3.962033241987228394e-02 2.399810822680592537e-03 2.261754684150218964e-02 1.065736357122659683e-02 5.866286344826221466e-03 1.689280965365469456e-03 1.472039427608251572e-02 3.239506855607032776e-02 4.057386890053749084e-02 3.436528146266937256e-02 1.627199724316596985e-02
6.925417482852935791e-02 6.211667880415916443e-02 4.209218919277191162e-02 2.336846441030502319e-01 4.626042544841766357e-01 1.036730129271745682e-02 3.409408032894134521e-02 3.365448862314224243e-02 1.590369641780853271e-02 5.696366424672305584e-04 3.869560605380684137e-04 9.881671518087387085e-03 1.521445624530315399e-02 1.242550928145647049e-02 3.857334377244114876e-03 2.849321253597736359e-02 4.409292712807655334e-02 1.261875685304403305e-02 2.433876506984233856e-02 6.243360228836536407e-03 2.842834405601024628e-02 6.043743342161178589e-03 6.495693698525428772e-03 3.304228559136390686e-02 4.273388069123029709e-03 5.757444072514772415e-03 2.655881829559803009e-02 3.010762296617031097e-02 5.085238814353942871e-02 2.132614701986312866e-02 2.216464653611183167e-02 3.673809813335537910e-03 4.703704267740249634e-02 3.615939244627952576e-02 1.747652888298034668e-02 2.950899116694927216e-02 1.290586125105619431e-02 1.403970830142498016e-02 9.268341958522796631e-02 1.349785327911376953e-01 3.016106598079204559e-02 1.393428817391395569e-02 3.758009895682334900e-02 2.487388253211975098e-02 3.583211824297904968e-02 4.149072989821434021e-02 1.559315528720617294e-02 1.774897240102291107e-02 3.695515915751457214e-02 3.714526770636439323e-03 6.818753201514482498e-03 6.379148922860622406e-03 2.103938488289713860e-03 9.455881081521511078e-05 2.489863522350788116e-02 6.150452885776758194e-03 6.503813434392213821e-03 3.398130089044570923e-02 2.215935476124286652e-02 7.873871363699436188e-03 4.341485723853111267e-02 1.319716218858957291e-02 2.740091271698474884e-02 1.417639013379812241e-02 2.551836194470524788e-03 3.148101642727851868e-02 2.121909148991107941e-02 3.604878904297947884e-03 2.534434385597705841e-02 9.226565249264240265e-03 4.442604258656501770e-02 4.888026416301727295e-02 8.207184821367263794e-02 4.395767301321029663e-02 1.185071468353271484e-02 1.725032180547714233e-02 1.738163270056247711e-02 2.330154553055763245e-02 7.366124773398041725e-04 1.979919895529747009e-02 4.515057429671287537e-03 3.838522359728813171e-02 5.911025777459144592e-02 5.517226085066795349e-02 3.757665306329727173e-02 1.808412000536918640e-02 4.222922772169113159e-02 4.943138360977172852e-02 7.721708621829748154e-03 2.228387072682380676e-02 2.288565039634704590e-03 4.452070425031706691e-05 6.168554536998271942e-03 3.884582547470927238e-03 1.156294811517000198e-02 2.006351388990879059e-02 3.822280839085578918e-02 1.909349113702774048e-02 4.078582301735877991e-02 2.330639958381652832e-02 2.768011949956417084e-02 6.172978784888982773e-03 2.025988360401242971e-04 1.141531392931938171e-02 1.098071970045566559e-02 3.699550777673721313e-02 4.485705122351646423e-02 4.432949237525463104e-03 1.636858098208904266e-02 1.470372173935174942e-02 1.102129742503166199e-02 4.173633456230163574e-02 2.310699783265590668e-02 4.112068936228752136e-02 2.662508748471736908e-02 1.808073371648788452e-02
6.535273790359497070e-02 5.014556646347045898e-02 6.083175074309110641e-03 4.174086824059486389e-02 1.036730129271745682e-02 4.897862672805786133e-01 1.696665734052658081e-01 3.393818406038917601e-05 3.645318374037742615e-02 3.488880395889282227e-02 1.165001690387725830e-01 8.132656663656234741e-02 1.307116895914077759e-01 9.062490612268447876e-02 2.710830653086304665e-03 3.862667083740234375e-02 3.485982492566108704e-02 2.871210128068923950e-02 5.817149300128221512e-03 3.410258889198303223e-02 4.030383750796318054e-02 3.764177486300468445e-02 1.331553328782320023e-02 3.131875768303871155e-02 1.444846298545598984e-02 4.952245205640792847e-02 2.856692532077431679e-03 4.192547127604484558e-02 1.334281545132398605e-02 5.236345808953046799e-03 5.147136282175779343e-03 3.915511444211006165e-02 4.402563720941543579e-02 9.500057436525821686e-03 4.954815376549959183e-03 1.985461264848709106e-02 3.709898516535758972e-02 4.624081403017044067e-02 3.721512854099273682e-02 2.891454845666885376e-03 5.059273168444633484e-02 5.725779756903648376e-02 2.494718879461288452e-02 2.186538651585578918e-02 8.290559984743595123e-03 4.472781717777252197e-02 1.423487067222595215e-01 8.429750800132751465e-02 2.906151581555604935e-03 3.654998540878295898e-02 1.892142370343208313e-02 4.073816817253828049e-03 2.321734838187694550e-02 3.392094746232032776e-02 1.248835865408182144e-02 1.006819494068622589e-02 2.065708301961421967e-02 9.790756739675998688e-04 2.398548647761344910e-02 1.354891154915094376e-02 4.860295727849006653e-02 1.498006377369165421e-02 1.982415653765201569e-02 3.365784650668501854e-03 2.970435190945863724e-03 5.117898806929588318e-02 2.731386572122573853e-02 2.729980833828449249e-02 3.625366464257240295e-02 5.265405774116516113e-02 2.381577724008820951e-05 5.452373251318931580e-02 3.990797698497772217e-02 4.801323171705007553e-03 3.055048361420631409e-02 1.645225286483764648e-02 4.613193497061729431e-02 1.599491015076637268e-02 2.169165201485157013e-02 3.179282322525978088e-02 3.107278421521186829e-02 2.554447855800390244e-03 3.910452872514724731e-02 1.530726626515388489e-02 2.885257080197334290e-02 4.682353511452674866e-02 6.551524274982511997e-04 3.101973980665206909e-02 1.797540858387947083e-02 4.832723736763000488e-02 4.376291856169700623e-02 3.238365054130554199e-02 5.347307026386260986e-02 5.518675968050956726e-02 2.553584612905979156e-02 1.962517201900482178e-02 2.788800187408924103e-02 5.799816455692052841e-03 4.219444841146469116e-02 8.594604209065437317e-03 1.220599748194217682e-02 2.646563341841101646e-03 9.943911805748939514e-03 2.852400392293930054e-02 2.765701524913311005e-02 5.543717648833990097e-03 2.745800465345382690e-02 3.562222421169281006e-02 1.857586763799190521e-02 3.192847222089767456e-02 6.553888320922851562e-03 4.324937704950571060e-03 6.126011162996292114e-02 2.803103625774383545e-02 2.898693270981311798e-02 3.574645146727561951e-02
1.365742459893226624e-02 3.656918182969093323e-02 1.000935118645429611e-02 3.726981580257415771e-03 3.409408032894134521e-02 1.696665734052658081e-01 4.831636548042297363e-01 4.066442698240280151e-02 3.165639564394950867e-02 3.156071528792381287e-02 1.109666675329208374e-01 3.244197578169405460e-04 1.145972087979316711e-01 1.052295975387096405e-02 4.922279715538024902e-02 3.125850483775138855e-02 4.087363183498382568e-02 3.977050632238388062e-02 1.817036978900432587e-02 1.173345139250159264e-03 3.216271055862307549e-03 5.510484799742698669e-02 1.297331321984529495e-02 1.408857200294733047e-02 1.570003479719161987e-02 1.698928512632846832e-02 1.784001663327217102e-02 2.420493029057979584e-02 2.516295760869979858e-02 2.245958708226680756e-02 5.115245655179023743e-02 1.347807981073856354e-02 9.279681369662284851e-03 9.234037250280380249e-03 9.609531611204147339e-03 2.966412343084812164e-02 3.229214623570442200e-02 1.422602403908967972e-02 5.433792248368263245e-02 2.764111198484897614e-02 3.795777633786201477e-02 3.915096446871757507e-02 5.370846390724182129e-02 3.785685077309608459e-02 2.919380180537700653e-02 5.199366807937622070e-02 1.258179247379302979e-01 1.009403094649314880e-01 3.135626390576362610e-02 4.253026843070983887e-02 1.098860893398523331e-02 6.018955609761178493e-04 4.305579885840415955e-02 2.730295062065124512e-02 1.276813447475433350e-02 3.470813855528831482e-02 2.880251407623291016e-02 1.386213023215532303e-02 2.470224723219871521e-02 3.337399289011955261e-02 3.053876385092735291e-02 5.622703582048416138e-03 7.870193570852279663e-03 2.169935032725334167e-02 1.041878666728734970e-02 4.701168835163116455e-02 8.964228327386081219e-04 2.255014888942241669e-02 2.211716026067733765e-02 3.020077478140592575e-03 9.867024607956409454e-03 4.628837574273347855e-03 1.258118660189211369e-03 2.465024776756763458e-02 5.304329469799995422e-02 1.674977689981460571e-02 4.302826244384050369e-03 1.364914607256650925e-02 1.334202755242586136e-02 2.799224574118852615e-03 3.594845533370971680e-02 3.713344782590866089e-02 2.366942353546619415e-02 6.674675270915031433e-03 4.731517285108566284e-02 4.294715449213981628e-02 6.811814382672309875e-03 8.401500992476940155e-03 1.616428606212139130e-02 5.572802387177944183e-03 5.465905740857124329e-02 1.032813917845487595e-03 4.677150771021842957e-02 7.209695468191057444e-05 8.315699175000190735e-03 4.436358064413070679e-02 6.919838953763246536e-03 9.902091696858406067e-03 4.076336324214935303e-02 5.534770898520946503e-03 1.891029626131057739e-02 2.798902429640293121e-02 5.982233211398124695e-02 3.362593054771423340e-02 5.958756082691252232e-04 1.389730535447597504e-02 2.380004897713661194e-02 4.007751494646072388e-02 3.589059226214885712e-03 3.964769840240478516e-02 1.089081075042486191e-02 8.452814072370529175e-03 2.687529288232326508e-02 9.128949604928493500e-03 1.838378375396132469e-03 5.245849490165710449e-02
4.954183846712112427e-02 4.656386747956275940e-02 1.106561347842216492e-01 3.782626986503601074e-02 3.365448862314224243e-02 3.393818406038917601e-05 4.066442698240280151e-02 4.684604108333587646e-01 1.307799667119979858e-02 3.821623325347900391e-02 1.996570080518722534e-02 2.161120250821113586e-02 2.999358996748924255e-02 3.237170726060867310e-02 1.198304444551467896e-01 1.774254837073385715e-03 1.934614591300487518e-02 1.065856777131557465e-02 1.615851186215877533e-02 1.604528538882732391e-02 7.115412969142198563e-03 7.550586014986038208e-02 4.193236678838729858e-02 3.171602636575698853e-02 2.897541038691997528e-02 3.204489871859550476e-02 1.884414232335984707e-04 2.495983801782131195e-02 3.965071961283683777e-02 4.875643178820610046e-02 2.344415057450532913e-03 2.754871360957622528e-02 3.234649449586868286e-02 4.972466081380844116e-02 4.249095544219017029e-02 1.736421696841716766e-02 7.911454141139984131e-02 3.753970935940742493e-02 5.046658590435981750e-02 1.003931742161512375e-03 4.392869770526885986e-02 4.422608390450477600e-02 3.717897087335586548e-02 6.410699337720870972e-02 1.347095798701047897e-02 1.698136888444423676e-02 4.162983596324920654e-02 4.112363606691360474e-02 4.128575697541236877e-02 3.983075544238090515e-02 5.868178326636552811e-03 3.884535655379295349e-02 2.564450353384017944e-02 4.095810279250144958e-02 4.042231291532516479e-02 4.142825305461883545e-02 2.166860364377498627e-02 3.870144113898277283e-02 5.308109894394874573e-02 3.418586775660514832e-02 5.580285564064979553e-02 4.035609308630228043e-03 3.440469875931739807e-02 4.295615945011377335e-03 1.102387811988592148e-02 4.448763094842433929e-03 4.349072650074958801e-02 6.186231505125761032e-03 4.388999659568071365e-03 4.242051392793655396e-02 1.623454689979553223e-02 2.622522599995136261e-02 3.506737947463989258e-02 1.258652936667203903e-02 9.117516689002513885e-03 5.226510111242532730e-03 8.121427148580551147e-03 1.645924150943756104e-02 1.563802920281887054e-02 4.511448205448687077e-04 1.491814851760864258e-01 9.140227735042572021e-02 1.443945057690143585e-02 1.628921367228031158e-02 1.018311921507120132e-02 3.096579015254974365e-02 6.631594151258468628e-02 4.395195469260215759e-02 1.903571188449859619e-02 3.347752988338470459e-02 3.970035910606384277e-02 3.332680091261863708e-02 3.004549443721771240e-02 2.791419066488742828e-02 2.323586866259574890e-02 2.546670287847518921e-02 1.429889071732759476e-02 2.537790127098560333e-02 3.052471019327640533e-02 3.818231448531150818e-02 1.361940521746873856e-02 3.383821249008178711e-02 4.558455944061279297e-02 3.752791788429021835e-03 2.359197661280632019e-02 5.057177506387233734e-03 9.121823124587535858e-03 1.383478567004203796e-02 1.249996665865182877e-02 1.580398716032505035e-02 2.843239053618162870e-04 1.762382127344608307e-02 4.124345630407333374e-02 4.746867343783378601e-02 1.026406977325677872e-02 2.620977535843849182e-02
1.148329698480665684e-03 9.949721395969390869e-03 8.184876292943954468e-03 5.597602576017379761e-02 1.590369641780853271e-02 3.645318374037742615e-02 3.165639564394950867e-02 1.307799667119979858e-02 4.831582903861999512e-01 9.920389950275421143e-02 1.610933803021907806e-02 5.088711529970169067e-02 2.507942263036966324e-03 3.648827597498893738e-02 2.883188426494598389e-04 1.127878297120332718e-02 3.428693115711212158e-02 8.699756860733032227e-02 3.376172110438346863e-02 1.941286772489547729e-02 2.346622571349143982e-02 4.117144644260406494e-02 7.161074783653020859e-03 2.890479518100619316e-03 6.243944913148880005e-02 5.564179271459579468e-02 2.075843885540962219e-02 8.744273334741592407e-03 2.520301565527915955e-02 5.041158199310302734e-02 2.997172251343727112e-02 4.970608279109001160e-02 2.157582715153694153e-02 2.696173265576362610e-02 3.979265689849853516e-02 3.378706052899360657e-02 4.072600975632667542e-02 3.965660929679870605e-02 8.902237750589847565e-03 3.016823902726173401e-03 2.881288900971412659e-02 2.832063101232051849e-02 2.168951742351055145e-02 6.725906860083341599e-03 6.913199275732040405e-02 6.769599393010139465e-03 2.655646577477455139e-02 1.970203034579753876e-02 7.325068116188049316e-02 1.613275147974491119e-02 1.401328016072511673e-02 9.510790929198265076e-03 2.078538015484809875e-02 1.249248348176479340e-02 9.569497406482696533e-02 2.694411948323249817e-02 2.443030849099159241e-02 3.580031171441078186e-02 1.301065925508737564e-02 8.716373704373836517e-04 2.340499684214591980e-02 5.731853097677230835e-02 2.530846558511257172e-02 5.411339458078145981e-03 1.081220433115959167e-02 1.018583308905363083e-02 3.555999696254730225e-02 2.105734683573246002e-02 9.359837323427200317e-02 5.681551061570644379e-03 2.462620846927165985e-02 2.792662009596824646e-02 4.382296279072761536e-02 1.402532681822776794e-02 1.439421670511364937e-03 4.612660966813564301e-03 1.178507953882217407e-01 4.245492443442344666e-02 8.704964816570281982e-02 6.024383381009101868e-02 3.497159481048583984e-02 1.290843635797500610e-02 8.571089804172515869e-02 3.210393339395523071e-02 2.939220517873764038e-02 3.813146613538265228e-03 2.818825282156467438e-02 2.646257169544696808e-02 1.821889355778694153e-02 5.066650733351707458e-02 1.809921860694885254e-02 5.102111399173736572e-02 1.242050901055335999e-02 7.127753924578428268e-03 1.127020362764596939e-02 8.077120408415794373e-03 2.174769900739192963e-02 8.656888268887996674e-03 1.325190067291259766e-02 1.385466661304235458e-02 4.902118444442749023e-02 4.788926616311073303e-02 9.827262721955776215e-03 4.293149337172508240e-02 1.008956786245107651e-02 1.241229660809040070e-02 3.216002881526947021e-02 2.527326159179210663e-02 3.637452423572540283e-02 3.954174369573593140e-02 4.487376660108566284e-02 4.976731166243553162e-02 1.027992926537990570e-02 1.401333324611186981e-02 2.506302110850811005e-02 5.288004409521818161e-03
5.198321864008903503e-02 4.376000165939331055e-02 4.004033654928207397e-02 2.611979842185974121e-02 5.696366424672305584e-04 3.488880395889282227e-02 3.156071528792381287e-02 3.821623325347900391e-02 9.920389950275421143e-02 4.892896711826324463e-01 2.867344953119754791e-02 5.413008388131856918e-03 9.082553908228874207e-03 2.506085112690925598e-02 1.438662596046924591e-02 7.582523394376039505e-03 4.593457654118537903e-02 5.081641674041748047e-02 1.068218648433685303e-01 9.879973717033863068e-03 6.315445993095636368e-03 4.643413797020912170e-02 4.004780948162078857e-02 9.746288508176803589e-02 4.533297196030616760e-02 4.891269281506538391e-02 3.036331199109554291e-02 2.412929758429527283e-02 2.562968432903289795e-02 4.618445038795471191e-02 1.311204396188259125e-02 2.256321907043457031e-02 5.137126892805099487e-02 2.061853418126702309e-03 2.830256521701812744e-02 2.331630140542984009e-02 3.991520404815673828e-02 4.232516139745712280e-02 5.405779555439949036e-02 2.233028784394264221e-02 2.150999382138252258e-02 3.958744928240776062e-02 2.925856225192546844e-02 1.891263760626316071e-02 4.157745838165283203e-02 7.654648274183273315e-02 5.207344517111778259e-02 4.392878338694572449e-02 7.514008786529302597e-03 6.457132846117019653e-02 3.415227681398391724e-02 2.872771397233009338e-02 4.252970963716506958e-02 3.885089606046676636e-02 2.746481681242585182e-03 9.955545514822006226e-02 4.116998985409736633e-02 7.371643558144569397e-03 2.272166870534420013e-02 5.858266260474920273e-03 4.609671607613563538e-02 1.016467157751321793e-02 3.993914648890495300e-02 3.357859328389167786e-02 4.065508022904396057e-02 3.298301622271537781e-02 3.206444159150123596e-02 2.807115204632282257e-02 2.245874330401420593e-02 1.365955732762813568e-02 3.087336197495460510e-02 4.286950826644897461e-02 5.289197340607643127e-02 2.492271363735198975e-02 4.144938290119171143e-02 4.112502560019493103e-02 4.538147896528244019e-02 1.054272279143333435e-01 8.831348270177841187e-02 1.517275124788284302e-01 1.202816609293222427e-02 4.648032772820442915e-04 4.973000660538673401e-02 4.156815260648727417e-02 4.144106805324554443e-02 4.960730299353599548e-02 3.340103104710578918e-02 5.210478324443101883e-03 3.657029243186116219e-03 5.736320838332176208e-02 2.919453382492065430e-02 3.963303565979003906e-02 3.437127918004989624e-02 1.384930126368999481e-02 4.097335785627365112e-02 1.640966907143592834e-02 2.087826607748866081e-03 3.197845071554183960e-02 4.136724025011062622e-02 7.580815814435482025e-03 2.977913618087768555e-02 2.251555770635604858e-02 4.057694971561431885e-02 7.822123356163501740e-03 5.058680847287178040e-02 1.984151452779769897e-02 4.854096099734306335e-02 4.995571821928024292e-02 1.214658934623003006e-02 3.823477029800415039e-02 1.427987869828939438e-02 2.936652675271034241e-02 9.687553159892559052e-03 3.855120018124580383e-02 2.359348908066749573e-02 4.004401341080665588e-02
7.502794265747070312e-02 2.854007482528686523e-02 6.704026833176612854e-03 2.722550556063652039e-02 3.869560605380684137e-04 1.165001690387725830e-01 1.109666675329208374e-01 1.996570080518722534e-02 1.610933803021907806e-02 2.867344953119754791e-02 4.955088496208190918e-01 1.990395225584506989e-02 1.658633053302764893e-01 1.788024604320526123e-02 6.248834542930126190e-03 2.166950702667236328e-02 3.914839029312133789e-02 2.448424510657787323e-02 4.225218296051025391e-02 2.807461656630039215e-02 2.978606894612312317e-02 4.541722685098648071e-02 4.957557842135429382e-02 4.625220224261283875e-02 1.696936972439289093e-02 1.967901736497879028e-02 1.221485529094934464e-02 1.207772921770811081e-02 4.472339898347854614e-02 2.536547929048538208e-02 7.457406900357455015e-05 2.104607596993446350e-02 4.451963678002357483e-02 3.041012026369571686e-02 4.652751237154006958e-02 2.389025501906871796e-02 3.273298963904380798e-02 1.220058836042881012e-02 9.027340449392795563e-03 9.720943868160247803e-03 2.159358561038970947e-02 7.825631648302078247e-03 6.328432355076074600e-03 3.430439904332160950e-02 3.653758019208908081e-02 2.512692473828792572e-02 1.236123070120811462e-01 7.908149063587188721e-02 3.924082219600677490e-02 4.274233058094978333e-02 3.345195204019546509e-02 3.667910397052764893e-02 4.394173622131347656e-02 2.749802730977535248e-02 2.745267003774642944e-02 1.810081303119659424e-02 2.617897093296051025e-02 8.785240352153778076e-03 1.735744252800941467e-02 3.143609501421451569e-03 3.193316608667373657e-02 1.214597932994365692e-02 4.175429418683052063e-02 2.307433634996414185e-02 7.666424661874771118e-02 6.796745210886001587e-02 1.819207519292831421e-02 3.406970528885722160e-03 2.656347304582595825e-02 2.245515584945678711e-02 1.547533459961414337e-02 1.055093761533498764e-02 3.828600980341434479e-03 3.009478747844696045e-02 2.632350847125053406e-02 9.865480475127696991e-03 2.885675244033336639e-02 3.953006118535995483e-02 3.172039613127708435e-02 8.708355948328971863e-03 4.423774778842926025e-02 4.262547567486763000e-02 2.275990881025791168e-02 2.044171281158924103e-02 2.241095341742038727e-02 2.051930315792560577e-02 6.402554456144571304e-03 2.272070385515689850e-02 3.212712332606315613e-02 4.668572172522544861e-02 6.970420479774475098e-02 3.167738392949104309e-02 6.449528783559799194e-02 6.870861165225505829e-03 9.736860170960426331e-03 6.762096658349037170e-03 6.797905545681715012e-03 3.972900100052356720e-03 3.030484355986118317e-02 4.356186464428901672e-02 1.159636536613106728e-03 6.509448401629924774e-03 4.503831267356872559e-03 3.524891659617424011e-02 1.250732166226953268e-04 9.845637716352939606e-03 2.459706179797649384e-02 8.067869581282138824e-03 1.504127774387598038e-02 4.789259284734725952e-02 4.237236082553863525e-02 3.364124521613121033e-02 2.997704595327377319e-02 6.644941866397857666e-02 4.907099157571792603e-02 3.696141391992568970e-02
2.031330019235610962e-02 1.193151227198541164e-03 4.205574467778205872e-02 2.138277143239974976e-02 9.881671518087387085e-03 8.132656663656234741e-02 3.244197578169405460e-04 2.161120250821113586e-02 5.088711529970169067e-02 5.413008388131856918e-03 1.990395225584506989e-02 4.697783887386322021e-01 2.022871375083923340e-02 2.183229476213455200e-01 1.454817969352006912e-02 3.695363551378250122e-02 1.514937076717615128e-02 2.599896863102912903e-02 3.582488372921943665e-02 3.630155115388333797e-04 3.651412203907966614e-02 2.195823192596435547e-02 7.484367582947015762e-03 5.795508250594139099e-02 1.952259801328182220e-02 4.201481863856315613e-02 5.484920367598533630e-02 8.836302161216735840e-02 2.941127866506576538e-02 1.052936986088752747e-01 1.524151954799890518e-02 2.933789230883121490e-02 1.676672324538230896e-02 4.686183482408523560e-02 4.634037241339683533e-02 2.139027416706085205e-02 1.993235759437084198e-02 2.070255763828754425e-02 3.072164393961429596e-02 3.201672434806823730e-02 3.297040611505508423e-02 1.426854077726602554e-02 3.919478133320808411e-02 3.414120897650718689e-02 1.324381027370691299e-02 1.388969644904136658e-02 3.111016936600208282e-02 2.464823983609676361e-02 5.096467956900596619e-02 4.409806057810783386e-02 1.646761223673820496e-02 1.039949525147676468e-02 2.207809686660766602e-02 3.930081054568290710e-02 3.413425385951995850e-02 1.675195246934890747e-02 1.586728356778621674e-02 3.682041913270950317e-02 3.116662381216883659e-03 1.256589312106370926e-03 2.876447141170501709e-02 1.053089275956153870e-03 8.696054574102163315e-04 2.063901908695697784e-02 2.710245922207832336e-02 1.432205643504858017e-02 1.032217312604188919e-02 4.174568131566047668e-02 6.722768303006887436e-04 3.117812611162662506e-02 3.609764203429222107e-02 2.202468179166316986e-02 1.324305892921984196e-03 4.067245870828628540e-02 5.651140958070755005e-02 4.393688589334487915e-02 2.497153356671333313e-02 4.678111057728528976e-03 6.079666689038276672e-02 2.035940438508987427e-02 2.969835698604583740e-02 1.529268361628055573e-02 2.686389535665512085e-02 3.167403489351272583e-02 2.652587369084358215e-02 6.348672788590192795e-03 2.744173072278499603e-02 6.823253352195024490e-03 7.302065845578908920e-03 6.520234048366546631e-02 1.314062625169754028e-02 1.833736430853605270e-03 1.598923280835151672e-02 7.495499216020107269e-03 1.828320696949958801e-02 3.871364891529083252e-02 8.201936259865760803e-03 5.382225289940834045e-02 5.441476590931415558e-03 3.671247512102127075e-02 2.726185694336891174e-02 3.667994588613510132e-02 6.271409802138805389e-03 3.443350270390510559e-02 2.359674870967864990e-02 1.482604857301339507e-04 3.165522962808609009e-02 2.462166734039783478e-02 2.830710075795650482e-02 4.815651103854179382e-02 2.585498616099357605e-02 7.567646098323166370e-04 9.639430791139602661e-03 1.825233548879623413e-02 3.289955109357833862e-02 7.132041733711957932e-03
5.775589868426322937e-02 7.110372185707092285e-02 5.901569128036499023e-02 4.980018734931945801e-02 1.521445624530315399e-02 1.307116895914077759e-01 1.145972087979316711e-01 2.999358996748924255e-02 2.507942263036966324e-03 9.082553908228874207e-03 1.658633053302764893e-01 2.022871375083923340e-02 4.952921867370605469e-01 4.428040981292724609e-02 4.780735820531845093e-02 1.429445110261440277e-03 2.704706788063049316e-02 5.360086448490619659e-03 3.274044394493103027e-02 3.081527538597583771e-02 1.595505513250827789e-02 5.011655017733573914e-02 4.496753588318824768e-02 4.261410608887672424e-02 4.761826712638139725e-03 2.447986416518688202e-02 1.088885823264718056e-03 2.840120904147624969e-02 8.665179833769798279e-03 1.018002722412347794e-02 1.156000886112451553e-02 3.892390429973602295e-02 2.069585584104061127e-02 4.810855165123939514e-02 1.898513920605182648e-02 1.487981155514717102e-02 2.543021366000175476e-02 1.340831071138381958e-02 1.319489348679780960e-02 2.342497371137142181e-02 2.797972783446311951e-02 2.629660442471504211e-02 1.902989856898784637e-02 4.328482225537300110e-02 1.551004126667976379e-02 2.885382995009422302e-02 8.511143922805786133e-02 7.071845978498458862e-02 1.549041643738746643e-02 2.928230911493301392e-02 5.722450837492942810e-02 5.878642201423645020e-02 3.155746310949325562e-02 3.014061832800507545e-03 2.188432402908802032e-02 4.669508337974548340e-02 3.629155689850449562e-03 9.072464890778064728e-03 4.081184510141611099e-03 3.232302889227867126e-02 2.965209446847438812e-02 2.705296874046325684e-02 1.754457131028175354e-02 1.484937779605388641e-02 7.368090003728866577e-02 9.873816370964050293e-02 1.916176825761795044e-02 3.107899334281682968e-03 2.574994228780269623e-02 3.096678853034973145e-02 3.180780261754989624e-02 1.898779347538948059e-02 4.310716688632965088e-02 1.605007331818342209e-03 3.576947003602981567e-02 1.112106628715991974e-02 1.774433813989162445e-02 4.452763125300407410e-02 3.748660534620285034e-02 1.178122684359550476e-02 1.575028523802757263e-02 1.622354146093130112e-03 5.091037601232528687e-03 5.235594138503074646e-02 7.635743357241153717e-03 3.407174022868275642e-03 3.791406378149986267e-02 7.580309361219406128e-02 4.070349037647247314e-02 3.027052059769630432e-02 2.523510903120040894e-02 8.493986912071704865e-03 4.823825135827064514e-02 5.815351381897926331e-03 1.071264594793319702e-02 1.864659786224365234e-02 1.325636636465787888e-02 7.718833629041910172e-03 4.344452917575836182e-02 4.296619072556495667e-02 2.430983074009418488e-02 2.253592200577259064e-02 1.413305383175611496e-02 2.417067438364028931e-02 1.827102340757846832e-02 1.480600237846374512e-02 3.688192367553710938e-02 4.007872939109802246e-02 2.518905326724052429e-02 1.744648627936840057e-02 2.412691526114940643e-02 3.138190507888793945e-02 7.707769516855478287e-03 3.047965653240680695e-02 3.814570233225822449e-02 4.677231609821319580e-02
