5.391337871551513672e-01 5.316199362277984619e-02 5.486736819148063660e-02 2.221661619842052460e-02 3.806712338700890541e-04 3.368201851844787598e-02 3.239559009671211243e-02 4.559967294335365295e-02 1.809009537100791931e-02 2.503176219761371613e-02 5.461449548602104187e-02 2.121611870825290680e-02 1.189972832798957825e-02 2.546750009059906006e-02 1.737616723403334618e-03 1.269941776990890503e-02 5.311473459005355835e-02 6.424551364034414291e-03 1.995145715773105621e-02 2.737946994602680206e-02 7.244335953146219254e-03 1.286996807903051376e-02 2.772443229332566261e-03 4.983115475624799728e-03 7.136265281587839127e-03 2.007882855832576752e-02 5.691190436482429504e-02 1.838783733546733856e-02 2.406320534646511078e-02 3.623565891757607460e-03 4.732457920908927917e-03 3.674547746777534485e-02 5.090466886758804321e-02 8.699606172740459442e-03 7.146836258471012115e-03 2.059408649802207947e-02 9.005025960505008698e-03 6.211676448583602905e-02 2.386455796658992767e-02 1.739208400249481201e-02 4.088761750608682632e-03 4.047345835715532303e-03 1.508347922936081886e-03 6.787871010601520538e-03 1.863321289420127869e-02 2.043972909450531006e-02 8.675136603415012360e-03 2.195516042411327362e-02 2.863517031073570251e-02 1.718402653932571411e-02 1.012698467820882797e-02 6.415880471467971802e-02 1.326640695333480835e-02 7.189861498773097992e-03 6.561308400705456734e-04 2.194986678659915924e-02 2.086858637630939484e-02 1.305815577507019043e-02 5.135378800332546234e-03 2.511411160230636597e-02 1.887680031359195709e-02 1.974551193416118622e-02 1.769380085170269012e-02 1.347169838845729828e-02 1.407501840731129050e-04 3.900505136698484421e-03 2.072578668594360352e-02 1.343405060470104218e-02 1.445161737501621246e-02 5.589035339653491974e-03 2.172148786485195160e-02 1.352618727833032608e-02 1.039598020724952221e-03 6.513827014714479446e-03 1.765711233019828796e-02 2.302239462733268738e-02 2.361460775136947632e-02 8.872550912201404572e-03 4.202189296483993530e-02 5.532742291688919067e-02 1.039498765021562576e-02 1.420892868191003799e-02 8.419342339038848877e-03 8.275598520413041115e-04 6.403380539268255234e-04 9.081044234335422516e-03 4.611968528479337692e-03 5.207499023526906967e-03 3.086600452661514282e-02 2.447932027280330658e-03 1.403294876217842102e-02 5.547507479786872864e-02 2.234575711190700531e-02 1.492787990719079971e-02 4.210007190704345703e-02 4.405550658702850342e-02 1.325294841080904007e-02 8.475904352962970734e-03 2.879083342850208282e-02 2.949618920683860779e-02 1.744699850678443909e-02 3.278549760580062866e-02 6.018365174531936646e-02 5.082552321255207062e-03 2.718759328126907349e-02 2.865800075232982635e-02 2.374052628874778748e-02 3.565163351595401764e-03 3.439011052250862122e-03 3.822025656700134277e-02 2.867702022194862366e-02 2.511037746444344521e-04 1.816990599036216736e-02 2.294217050075531006e-02 1.201845053583383560e-02 2.444669790565967560e-02
5.316199362277984619e-02 5.341724157333374023e-01 4.688955470919609070e-02 1.037464197725057602e-02 7.849334739148616791e-03 5.376928672194480896e-02 3.599854651838541031e-03 2.969961240887641907e-02 1.959474012255668640e-02 4.599405452609062195e-02 7.937669754028320312e-02 2.201242744922637939e-02 4.006043821573257446e-02 3.689767792820930481e-02 1.154292654246091843e-02 5.749405245296657085e-04 2.923094294965267181e-02 2.039246819913387299e-02 5.714313313364982605e-02 2.692928723990917206e-02 8.483465760946273804e-03 9.870157577097415924e-03 3.011645516380667686e-03 1.882145926356315613e-02 6.386044435203075409e-03 1.452544517815113068e-02 5.523421615362167358e-02 2.778431028127670288e-02 2.729853987693786621e-02 2.823563478887081146e-02 1.154938153922557831e-02 5.156539380550384521e-02 2.404992282390594482e-02 1.495388988405466080e-02 1.077918894588947296e-02 9.499294683337211609e-03 6.533243227750062943e-03 5.235883966088294983e-02 5.072741210460662842e-02 1.129855401813983917e-02 1.588378363521769643e-04 4.319020081311464310e-03 7.734549231827259064e-03 6.054850760847330093e-03 1.757467538118362427e-02 2.618453465402126312e-02 3.400245681405067444e-02 3.044200502336025238e-02 2.582838200032711029e-02 1.030924916267395020e-02 2.910196548327803612e-03 5.881185829639434814e-02 1.122586056590080261e-02 9.419295238330960274e-04 1.363815367221832275e-02 4.985649604350328445e-03 1.818702183663845062e-02 2.833637781441211700e-02 3.835496027022600174e-03 3.840710222721099854e-02 4.041239991784095764e-02 1.033914554864168167e-02 1.731737330555915833e-02 3.478828445076942444e-02 1.758110523223876953e-02 2.158263325691223145e-02 2.499107271432876587e-02 1.585320755839347839e-02 6.315065547823905945e-03 2.121653407812118530e-02 2.227750606834888458e-03 1.239266991615295410e-02 1.935189217329025269e-02 1.001227460801601410e-02 3.700268268585205078e-02 1.676502637565135956e-02 1.501803658902645111e-02 1.008759345859289169e-02 4.406897351145744324e-02 4.692743346095085144e-02 1.415564492344856262e-02 3.009488061070442200e-02 9.122138842940330505e-03 2.719828672707080841e-02 1.020014844834804535e-02 4.999474622309207916e-03 7.504442241042852402e-03 6.590083241462707520e-03 1.865538768470287323e-02 1.583666540682315826e-02 1.435619778931140900e-02 4.640682786703109741e-02 9.864883497357368469e-03 1.103738229721784592e-02 5.256688594818115234e-02 2.840943075716495514e-02 2.380305528640747070e-02 1.524445484392344952e-03 1.449355762451887131e-02 2.067318744957447052e-02 2.472921274602413177e-03 2.067775838077068329e-02 4.788945615291595459e-02 1.004480058327317238e-03 3.476416319608688354e-02 3.583033382892608643e-02 7.446793024428188801e-04 5.131758749485015869e-03 4.237245302647352219e-03 2.418821305036544800e-02 1.300394721329212189e-02 4.384831991046667099e-03 8.521687239408493042e-03 3.387189656496047974e-02 3.556042443960905075e-03 2.723998576402664185e-02
5.486736819148063660e-02 4.688955470919609070e-02 5.104941725730895996e-01 4.278864711523056030e-02 5.490387231111526489e-02 1.957987248897552490e-02 1.838601753115653992e-02 9.499678015708923340e-02 1.374445017427206039e-02 3.401540918275713921e-03 2.883354760706424713e-02 3.548922762274742126e-02 4.213150963187217712e-02 4.651687294244766235e-02 2.018199674785137177e-02 3.652555868029594421e-02 4.440585896372795105e-02 3.026475571095943451e-02 9.438145905733108521e-03 9.521963074803352356e-03 1.871594786643981934e-02 5.165282636880874634e-03 4.154167324304580688e-02 4.273884743452072144e-02 4.232105985283851624e-02 4.479041323065757751e-02 3.357644751667976379e-02 3.981272876262664795e-02 1.294249296188354492e-02 7.735103368759155273e-03 2.494564745575189590e-03 2.102283015847206116e-02 7.030379492789506912e-03 1.085036341100931168e-02 1.661203615367412567e-02 2.087462693452835083e-02 3.352814912796020508e-02 1.494629774242639542e-02 1.477957703173160553e-02 3.862284123897552490e-02 4.122105613350868225e-02 7.658882997930049896e-03 1.470358297228813171e-02 9.277544915676116943e-02 1.481510512530803680e-02 6.486417260020971298e-03 1.932686753571033478e-02 2.300518006086349487e-02 1.757786795496940613e-02 2.643438801169395447e-02 4.278020560741424561e-02 3.760255128145217896e-02 3.072103718295693398e-03 1.947497203946113586e-02 1.773534575477242470e-03 4.177684709429740906e-02 1.007500570267438889e-02 2.166611701250076294e-02 4.518938437104225159e-02 3.604218363761901855e-02 1.160809118300676346e-02 3.128962963819503784e-02 4.147285595536231995e-02 2.376860566437244415e-02 5.604051984846591949e-03 4.718659818172454834e-02 1.247072592377662659e-02 6.320125609636306763e-02 3.062150441110134125e-02 3.350760042667388916e-02 1.100153010338544846e-02 4.527280107140541077e-02 1.858324185013771057e-02 3.214205056428909302e-02 2.137249521911144257e-02 1.184016186743974686e-02 1.071058097295463085e-03 2.408777922391891479e-02 1.903945114463567734e-03 3.586773946881294250e-02 7.582397758960723877e-02 2.051384560763835907e-02 2.925620414316654205e-02 1.487120054662227631e-02 1.456082332879304886e-02 3.726821625605225563e-03 2.457165159285068512e-02 1.308246329426765442e-02 2.776587009429931641e-02 1.821647211909294128e-02 4.051122348755598068e-03 2.022609859704971313e-02 4.679698869585990906e-02 8.621805347502231598e-03 1.662012306042015553e-03 2.432854287326335907e-02 1.566538773477077484e-02 2.866301126778125763e-02 4.876209888607263565e-03 1.260691788047552109e-02 4.694448038935661316e-02 6.107135862112045288e-02 3.725713817402720451e-03 2.177839167416095734e-02 4.467042908072471619e-02 1.763365115039050579e-03 1.013229228556156158e-02 1.061260141432285309e-02 2.900315448641777039e-02 9.637773968279361725e-03 4.152268543839454651e-02 3.497994272038340569e-03 5.914540216326713562e-02 1.814182847738265991e-02 7.841458544135093689e-03 2.768279053270816803e-02
2.221661619842052460e-02 1.037464197725057602e-02 4.278864711523056030e-02 5.172846913337707520e-01 1.407980360090732574e-02 2.336020581424236298e-02 5.151757597923278809e-02 4.258659202605485916e-03 2.112655714154243469e-02 5.030085146427154541e-02 1.183075248263776302e-03 3.661490604281425476e-02 4.958180710673332214e-02 1.270062662661075592e-02 4.185834527015686035e-02 2.521657757461071014e-02 6.891452707350254059e-03 3.030656464397907257e-02 1.170369051396846771e-02 1.163868512958288193e-02 2.119720540940761566e-02 3.602851927280426025e-02 2.012276835739612579e-02 1.819492317736148834e-02 1.056239590980112553e-03 8.466186700388789177e-04 1.819027215242385864e-02 8.207123726606369019e-03 1.478468813002109528e-02 1.626343838870525360e-02 3.544295206665992737e-02 7.537757046520709991e-03 2.938817068934440613e-02 1.981889642775058746e-02 1.891985349357128143e-02 2.038566395640373230e-02 2.143493294715881348e-02 2.531319856643676758e-02 1.624183729290962219e-02 2.650202624499797821e-02 2.529152482748031616e-02 2.165110595524311066e-02 2.697846107184886932e-02 1.926768384873867035e-02 2.738853916525840759e-02 1.240278128534555435e-02 1.864887401461601257e-02 1.563725434243679047e-02 4.507861286401748657e-02 3.187306225299835205e-02 4.240354523062705994e-02 1.356415916234254837e-03 3.259801492094993591e-02 1.950762234628200531e-02 2.241672575473785400e-02 3.863543272018432617e-02 5.069394782185554504e-02 1.088947616517543793e-02 3.565080091357231140e-02 1.088836789131164551e-02 1.391939260065555573e-02 6.382624851539731026e-04 9.581529535353183746e-03 2.679617144167423248e-02 1.967819035053253174e-02 9.361647069454193115e-03 5.125294625759124756e-02 1.259282045066356659e-02 6.756291538476943970e-02 3.073730878531932831e-02 5.236503481864929199e-02 1.600407267687842250e-04 9.344421327114105225e-02 6.849344819784164429e-03 1.509786769747734070e-02 3.414053469896316528e-02 7.920078933238983154e-03 5.740490276366472244e-03 9.622856974601745605e-03 5.650144536048173904e-03 5.773859098553657532e-02 4.190755635499954224e-02 1.771573722362518311e-02 1.474893372505903244e-02 6.172316521406173706e-02 1.201751548796892166e-02 3.126486390829086304e-02 4.882204532623291016e-02 6.595040857791900635e-02 3.262997046113014221e-02 3.380782157182693481e-02 3.681432083249092102e-02 4.389600828289985657e-02 3.031697683036327362e-02 1.355046313256025314e-02 5.569785833358764648e-03 2.947735413908958435e-02 1.899958401918411255e-02 2.805132605135440826e-02 8.426351472735404968e-03 3.699222207069396973e-02 4.870580509305000305e-02 2.203406020998954773e-02 3.467170521616935730e-02 5.295765772461891174e-02 5.048362165689468384e-02 1.937652565538883209e-02 2.153774537146091461e-02 3.264161199331283569e-02 1.039709709584712982e-02 2.339880727231502533e-02 3.837567986920475960e-03 2.186561003327369690e-02 3.012461215257644653e-02 6.511739455163478851e-03 1.669224537909030914e-02
3.806712338700890541e-04 7.849334739148616791e-03 5.490387231111526489e-02 1.407980360090732574e-02 5.323784351348876953e-01 2.540540881454944611e-02 4.833237268030643463e-03 1.824625022709369659e-02 1.912852632813155651e-03 5.168484523892402649e-02 3.838336467742919922e-02 2.343353582546114922e-03 9.269180591218173504e-04 1.499202102422714233e-02 1.648631505668163300e-02 3.003051038831472397e-03 4.645456001162528992e-02 5.385079607367515564e-02 2.112870337441563606e-03 6.616180296987295151e-03 2.066076919436454773e-02 7.559907156974077225e-03 7.260127458721399307e-03 1.975364284589886665e-03 5.798376165330410004e-03 6.728327134624123573e-04 9.447280317544937134e-03 1.795514672994613647e-02 5.006837192922830582e-03 1.340358797460794449e-02 8.335733786225318909e-03 3.702455796883441508e-05 7.377253845334053040e-03 1.393059827387332916e-02 1.651139184832572937e-02 1.692336611449718475e-02 2.343697100877761841e-02 6.337577477097511292e-03 4.016567766666412354e-02 2.448154846206307411e-03 3.681124001741409302e-02 5.304733640514314175e-04 1.236656028777360916e-02 3.909438475966453552e-02 2.530364133417606354e-02 3.484792774543166161e-03 1.718858256936073303e-02 2.429034357191994786e-04 1.050540991127490997e-02 2.779425308108329773e-02 2.355748601257801056e-02 4.476882517337799072e-02 1.067861914634704590e-03 1.213032752275466919e-02 5.408210679888725281e-02 1.223876839503645897e-03 2.824405394494533539e-02 4.320255666971206665e-02 4.225437343120574951e-02 2.784404496196657419e-04 2.560451999306678772e-02 1.477958168834447861e-02 4.195317160338163376e-03 1.544084679335355759e-02 4.880624637007713318e-02 2.366467565298080444e-02 9.078410454094409943e-03 5.028361827135086060e-02 1.554118935018777847e-02 3.365161642432212830e-02 9.637044742703437805e-03 3.735571727156639099e-02 4.505754914134740829e-03 1.238749828189611435e-02 6.483528763055801392e-02 2.025744691491127014e-02 7.961935363709926605e-03 6.073708180338144302e-03 3.045718767680227757e-04 1.229417044669389725e-03 1.300338935106992722e-02 1.987461373209953308e-02 5.172107368707656860e-02 3.223479539155960083e-02 3.339501097798347473e-02 1.411194819957017899e-02 5.606122780591249466e-03 2.261848887428641319e-03 2.808615565299987793e-02 1.198559254407882690e-02 1.510975323617458344e-02 1.372381392866373062e-02 3.428247943520545959e-02 2.246685512363910675e-02 5.082388222217559814e-02 4.310647025704383850e-02 1.868413761258125305e-03 3.120177984237670898e-02 2.370696887373924255e-02 3.423277055844664574e-03 3.450943157076835632e-02 4.588950797915458679e-02 9.083457291126251221e-03 2.625431865453720093e-02 7.401587907224893570e-03 6.303366273641586304e-03 2.715425752103328705e-02 1.328473258763551712e-02 5.478248931467533112e-03 4.410563781857490540e-02 2.826393581926822662e-02 1.380221266299486160e-02 3.251481801271438599e-02 8.557794615626335144e-03 2.720461599528789520e-02 2.670894563198089600e-02
3.368201851844787598e-02 5.376928672194480896e-02 1.957987248897552490e-02 2.336020581424236298e-02 2.540540881454944611e-02 5.208648443222045898e-01 1.392554491758346558e-01 2.742352336645126343e-02 1.205623615533113480e-02 2.264255844056606293e-02 1.112451478838920593e-01 1.481922995299100876e-02 9.822359681129455566e-02 4.250179231166839600e-02 4.419058561325073242e-02 4.100939258933067322e-02 3.660785406827926636e-02 4.535911604762077332e-02 3.479824587702751160e-02 1.796491816639900208e-02 3.027009591460227966e-02 3.146476298570632935e-02 2.345620468258857727e-02 1.242327596992254257e-02 1.019162964075803757e-02 2.250611409544944763e-02 6.427664775401353836e-03 2.140314690768718719e-02 2.913347445428371429e-02 5.159166827797889709e-02 5.278944224119186401e-02 1.588959060609340668e-02 2.539644390344619751e-02 2.123072557151317596e-02 2.439188212156295776e-02 2.797391079366207123e-02 3.827231004834175110e-02 1.040204241871833801e-02 2.059534890577197075e-03 3.092044033110141754e-02 1.907367631793022156e-02 4.809843376278877258e-02 3.421170264482498169e-02 7.882285863161087036e-03 4.165542870759963989e-02 1.082595717161893845e-02 8.121027052402496338e-02 3.413907065987586975e-02 2.650497946888208389e-03 3.503764048218727112e-02 1.084421202540397644e-02 6.166330073028802872e-03 1.815440505743026733e-02 3.235854953527450562e-02 8.811332285404205322e-02 5.537417158484458923e-02 5.630349740386009216e-02 9.023573249578475952e-03 4.950743541121482849e-02 1.066082529723644257e-02 3.977923467755317688e-02 3.523486480116844177e-02 1.769218407571315765e-02 1.447334326803684235e-02 4.115083441138267517e-02 1.490360684692859650e-02 2.735397592186927795e-02 3.658333048224449158e-02 4.220850300043821335e-03 1.096809562295675278e-02 2.778753452003002167e-02 4.079087078571319580e-02 1.580649800598621368e-02 3.176285326480865479e-02 4.495049640536308289e-02 5.330755375325679779e-03 2.346016699448227882e-03 3.471041470766067505e-02 7.794904056936502457e-03 9.347674436867237091e-03 4.246758669614791870e-02 3.388606756925582886e-02 3.563489392399787903e-02 1.102224085479974747e-02 2.635242976248264313e-02 1.002990175038576126e-02 3.467236086726188660e-02 5.548783391714096069e-02 8.919634856283664703e-04 4.378670454025268555e-02 3.620304912328720093e-02 2.508811466395854950e-02 1.757549121975898743e-02 2.793160825967788696e-02 2.673040330410003662e-02 2.800218202173709869e-02 3.377834334969520569e-02 2.098736166954040527e-02 1.989760622382164001e-02 2.194757759571075439e-02 1.041300361976027489e-03 1.880649849772453308e-02 3.541559725999832153e-02 4.369397833943367004e-02 1.411269232630729675e-02 2.114864066243171692e-02 3.586947545409202576e-02 3.652239218354225159e-02 4.469801858067512512e-02 2.784466370940208435e-02 3.617626801133155823e-02 2.188752964138984680e-02 2.976988255977630615e-02 2.150703407824039459e-02 3.859602659940719604e-02 2.436711266636848450e-02
3.239559009671211243e-02 3.599854651838541031e-03 1.838601753115653992e-02 5.151757597923278809e-02 4.833237268030643463e-03 1.392554491758346558e-01 5.200107693672180176e-01 3.509614616632461548e-02 7.518784143030643463e-03 2.454815804958343506e-02 7.290467619895935059e-02 4.253742098808288574e-02 9.915255755186080933e-02 3.660058602690696716e-02 5.180535838007926941e-02 2.875813841819763184e-02 1.380097959190607071e-02 7.698565721511840820e-03 6.635513901710510254e-02 4.820237308740615845e-02 7.007351145148277283e-03 1.594370929524302483e-03 3.950617462396621704e-02 2.797226887196302414e-03 3.289163485169410706e-02 4.188684746623039246e-02 3.681453689932823181e-02 2.959961071610450745e-02 3.910017013549804688e-02 5.904174596071243286e-02 5.385870859026908875e-02 1.619650050997734070e-02 2.211057953536510468e-02 2.354002371430397034e-02 5.207685753703117371e-02 9.289950132369995117e-03 1.609977567568421364e-03 5.482374224811792374e-03 3.306167572736740112e-02 3.806659206748008728e-02 2.870487235486507416e-02 6.904316251166164875e-05 6.634116172790527344e-03 1.036016084253787994e-02 7.106403820216655731e-03 3.859092295169830322e-02 7.593253999948501587e-02 2.725371904671192169e-02 2.598975785076618195e-02 4.429099336266517639e-02 2.227887697517871857e-02 3.210997208952903748e-02 1.820654980838298798e-02 1.309765037149190903e-02 8.540045469999313354e-02 1.785488240420818329e-02 1.244844216853380203e-02 4.205163568258285522e-02 3.284282982349395752e-02 9.666366502642631531e-03 3.439809009432792664e-02 3.067387640476226807e-02 1.166378147900104523e-02 4.926544055342674255e-02 1.883534598164260387e-03 1.142182853072881699e-02 1.117374841123819351e-02 2.579457312822341919e-02 4.851653426885604858e-02 3.410919383168220520e-02 4.442874807864427567e-03 4.364974796772003174e-02 2.468620054423809052e-02 3.057035431265830994e-02 7.965861260890960693e-02 4.060326144099235535e-02 2.261234447360038757e-03 4.852516949176788330e-02 5.017940420657396317e-03 1.980342157185077667e-02 1.461905427277088165e-02 5.164369009435176849e-03 4.954712465405464172e-03 8.317855000495910645e-02 4.437489435076713562e-02 1.354864798486232758e-02 4.792726412415504456e-02 1.662223786115646362e-02 2.192465960979461670e-02 3.513102605938911438e-02 5.629053711891174316e-02 1.222033612430095673e-02 9.093355387449264526e-03 3.798243775963783264e-02 2.644237317144870758e-02 4.755231551826000214e-03 5.585443973541259766e-02 3.010132163763046265e-02 7.365419529378414154e-03 4.075554013252258301e-02 3.254350647330284119e-02 9.644181118346750736e-04 1.092408131808042526e-02 4.117163643240928650e-02 6.168214604258537292e-04 1.459336187690496445e-02 1.608403772115707397e-02 4.050665721297264099e-02 4.202822968363761902e-02 1.603519916534423828e-02 3.057569451630115509e-02 4.125725477933883667e-02 3.838208690285682678e-02 1.203629467636346817e-02 3.297608718276023865e-02 1.394444052129983902e-02
4.559967294335365295e-02 2.969961240887641907e-02 9.499678015708923340e-02 4.258659202605485916e-03 1.824625022709369659e-02 2.742352336645126343e-02 3.509614616632461548e-02 5.215575098991394043e-01 8.053812198340892792e-03 2.357243932783603668e-02 3.454912081360816956e-02 1.444055419415235519e-02 2.948644571006298065e-02 1.584423892199993134e-02 2.099491469562053680e-02 4.525133222341537476e-02 4.156209900975227356e-02 3.450628370046615601e-02 4.577280953526496887e-02 4.822849296033382416e-03 4.603853076696395874e-02 1.517720241099596024e-02 5.067339912056922913e-02 6.816726177930831909e-02 5.150586366653442383e-02 3.665390238165855408e-02 5.124430730938911438e-02 4.092776775360107422e-02 1.403253641910851002e-03 3.925744444131851196e-02 1.677069626748561859e-02 2.438173396512866020e-03 2.290942240506410599e-03 1.162721309810876846e-02 7.101161871105432510e-03 3.987913578748703003e-02 2.854684181511402130e-02 4.277934879064559937e-02 1.436144206672906876e-02 2.087725140154361725e-02 3.302900120615959167e-02 1.956315524876117706e-02 4.681378137320280075e-03 1.044428814202547073e-02 3.581472206860780716e-03 4.109643399715423584e-02 2.471422217786312103e-02 1.724054105579853058e-02 2.292344905436038971e-02 8.124828338623046875e-03 5.055028572678565979e-02 3.754759952425956726e-02 1.966043561697006226e-02 4.104337468743324280e-02 2.787181362509727478e-02 5.229773372411727905e-02 1.412640139460563660e-02 2.801294624805450439e-02 1.253684423863887787e-02 5.642575211822986603e-03 7.088445592671632767e-03 2.390555664896965027e-02 3.998902440071105957e-02 7.544359657913446426e-03 4.077197983860969543e-03 4.548093304038047791e-02 3.487172303721308708e-03 4.703978449106216431e-02 1.786850579082965851e-02 5.389291327446699142e-03 2.675203233957290649e-02 1.576606929302215576e-02 8.355111815035343170e-03 3.447608277201652527e-02 6.848204880952835083e-03 4.839545860886573792e-02 6.908662151545286179e-03 6.395131349563598633e-03 3.939552605152130127e-02 1.822450198233127594e-02 5.609817057847976685e-02 1.959456689655780792e-02 9.662151336669921875e-03 2.448686771094799042e-02 3.320951014757156372e-02 4.313774034380912781e-02 3.602821752429008484e-02 9.912429377436637878e-03 1.461298391222953796e-02 3.585805185139179230e-03 1.187333557754755020e-02 3.852958977222442627e-02 6.321498192846775055e-03 2.687393315136432648e-02 4.512337595224380493e-02 3.472585231065750122e-02 1.524036377668380737e-02 2.309849299490451813e-02 5.036453902721405029e-02 1.498507522046566010e-02 6.867772433906793594e-03 2.303759753704071045e-02 2.878375723958015442e-02 3.608510270714759827e-02 5.114503949880599976e-02 2.975752949714660645e-02 4.467430338263511658e-02 2.030034549534320831e-02 4.147905483841896057e-02 4.715762287378311157e-02 2.257291041314601898e-02 7.386607117950916290e-03 6.771007552742958069e-03 1.397669501602649689e-02 3.378545120358467102e-02 2.068310277536511421e-03
1.809009537100791931e-02 1.959474012255668640e-02 1.374445017427206039e-02 2.112655714154243469e-02 1.912852632813155651e-03 1.205623615533113480e-02 7.518784143030643463e-03 8.053812198340892792e-03 5.250042676925659180e-01 3.186831623315811157e-02 3.836044296622276306e-02 3.667644783854484558e-02 1.510008703917264938e-02 1.363602350465953350e-03 2.082179300487041473e-03 1.135657820850610733e-02 4.771259799599647522e-02 2.879931405186653137e-02 4.768616706132888794e-02 3.269005566835403442e-02 6.580091547220945358e-03 4.137615859508514404e-02 2.164459973573684692e-02 1.619005948305130005e-02 2.905026264488697052e-02 1.772074401378631592e-02 2.666035480797290802e-02 5.330323800444602966e-02 1.949168392457067966e-03 2.840898931026458740e-02 1.423520687967538834e-02 4.220392182469367981e-02 3.950064629316329956e-02 1.673558913171291351e-02 1.848987536504864693e-03 2.094648219645023346e-02 3.888651728630065918e-02 6.209923303686082363e-04 1.867212355136871338e-02 6.613969802856445312e-03 6.602653115987777710e-02 1.841088384389877319e-02 5.455650389194488525e-02 5.265893042087554932e-02 2.325337566435337067e-02 1.552545651793479919e-02 3.987139090895652771e-02 2.355701103806495667e-02 2.440422773361206055e-02 4.571875184774398804e-02 1.663964428007602692e-02 4.007067531347274780e-02 3.601497039198875427e-02 7.387732039205729961e-04 3.639608249068260193e-02 1.388231012970209122e-02 1.842610724270343781e-02 5.485782772302627563e-02 6.307177245616912842e-02 5.196812003850936890e-02 4.132421314716339111e-02 1.629672013223171234e-02 2.371767163276672363e-02 1.490766368806362152e-02 5.308485403656959534e-02 2.931592799723148346e-02 1.689867489039897919e-02 4.880926106125116348e-03 7.255585864186286926e-03 3.154643625020980835e-02 7.698970381170511246e-03 1.472673285752534866e-02 1.491179689764976501e-02 4.254314303398132324e-02 2.076122537255287170e-02 1.796706579625606537e-02 9.519741684198379517e-02 3.953635320067405701e-02 1.079961773939430714e-03 1.372320484369993210e-02 4.868250340223312378e-02 3.752103075385093689e-02 7.810972630977630615e-03 2.522137761116027832e-02 3.270838782191276550e-02 4.117728676646947861e-03 2.992616593837738037e-02 5.769878998398780823e-02 4.686314146965742111e-03 1.694427803158760071e-03 1.046037673950195312e-02 4.429562762379646301e-02 3.410106897354125977e-02 1.921886019408702850e-02 2.497120946645736694e-02 1.613670215010643005e-02 9.126747958362102509e-03 1.783321239054203033e-02 2.376352064311504364e-02 6.782819051295518875e-03 6.117121130228042603e-02 4.691626876592636108e-02 2.269877493381500244e-02 1.551855821162462234e-02 3.593542054295539856e-02 3.639734163880348206e-02 3.954569809138774872e-03 2.055532857775688171e-02 7.444224786013364792e-03 3.804616862908005714e-03 7.895127870142459869e-03 4.402225092053413391e-02 1.929078623652458191e-02 2.278946898877620697e-02 7.048595696687698364e-02 2.745131962001323700e-02
2.503176219761371613e-02 4.599405452609062195e-02 3.401540918275713921e-03 5.030085146427154541e-02 5.168484523892402649e-02 2.264255844056606293e-02 2.454815804958343506e-02 2.357243932783603668e-02 3.186831623315811157e-02 5.208980441093444824e-01 3.570951148867607117e-02 3.325461223721504211e-02 1.329016033560037613e-02 7.397320587188005447e-03 2.549806050956249237e-02 2.446812391281127930e-02 3.053150139749050140e-03 2.451326232403516769e-03 7.773259282112121582e-02 3.761009545996785164e-03 3.006424754858016968e-02 4.752915352582931519e-02 3.993187099695205688e-02 3.513675928115844727e-02 4.969302192330360413e-02 3.368348255753517151e-02 2.056516893208026886e-02 2.337995171546936035e-02 4.967595264315605164e-02 2.012746036052703857e-02 2.275281818583607674e-03 4.046834632754325867e-02 4.228587076067924500e-02 1.439065486192703247e-02 3.317715227603912354e-02 3.659382089972496033e-02 5.708820372819900513e-02 5.361535120755434036e-03 2.489271946251392365e-02 3.123063594102859497e-02 7.609192281961441040e-03 1.919175870716571808e-02 4.789384081959724426e-02 2.833968028426170349e-02 4.148342646658420563e-03 4.530698806047439575e-02 1.957306265830993652e-02 2.287536673247814178e-02 1.115776249207556248e-03 5.878388136625289917e-02 1.695380173623561859e-02 8.516760542988777161e-03 1.600393094122409821e-02 9.396300651133060455e-03 6.969493348151445389e-03 3.803332149982452393e-02 3.203556314110755920e-02 7.974787801504135132e-02 8.198940195143222809e-03 6.323875393718481064e-03 5.318797659128904343e-03 4.033937305212020874e-02 2.474192157387733459e-02 5.669168382883071899e-02 1.459275651723146439e-02 8.267777040600776672e-03 1.688727550208568573e-02 3.540335595607757568e-02 2.256770618259906769e-02 2.264500036835670471e-02 2.250179648399353027e-02 4.811121523380279541e-02 4.859054088592529297e-02 3.810139372944831848e-02 1.657410897314548492e-02 5.017407983541488647e-02 1.261026598513126373e-02 1.099894866347312927e-01 2.602448686957359314e-03 1.218855828046798706e-01 2.528916485607624054e-02 1.173307932913303375e-02 1.957907341420650482e-02 3.322530537843704224e-02 8.508741855621337891e-03 1.959799043834209442e-02 1.286736689507961273e-02 4.363882169127464294e-02 2.778527140617370605e-02 7.753422111272811890e-02 3.854343667626380920e-02 2.759754285216331482e-02 3.990352526307106018e-02 4.251751676201820374e-02 5.366715416312217712e-02 2.868913859128952026e-02 3.236425295472145081e-02 4.927942901849746704e-02 4.834976047277450562e-02 2.842776663601398468e-02 9.819249622523784637e-03 8.301740512251853943e-03 4.478004761040210724e-03 4.387234523892402649e-02 4.875173419713973999e-02 1.774179190397262573e-02 2.804752439260482788e-02 3.576430678367614746e-02 3.635930642485618591e-02 4.831092897802591324e-03 5.291089415550231934e-02 1.753007061779499054e-02 3.097872808575630188e-02 4.731370508670806885e-02 8.376711979508399963e-03 2.394558489322662354e-02
5.461449548602104187e-02 7.937669754028320312e-02 2.883354760706424713e-02 1.183075248263776302e-03 3.838336467742919922e-02 1.112451478838920593e-01 7.290467619895935059e-02 3.454912081360816956e-02 3.836044296622276306e-02 3.570951148867607117e-02 5.268817543983459473e-01 7.552849594503641129e-03 1.270915716886520386e-01 4.644585400819778442e-02 3.234878880903124809e-03 2.389454841613769531e-02 2.049704641103744507e-02 5.102881789207458496e-02 2.117743529379367828e-02 4.269662499427795410e-02 5.700630135834217072e-04 5.213599279522895813e-02 1.899623684585094452e-02 4.496186971664428711e-02 1.977422041818499565e-03 2.115781232714653015e-02 3.992276731878519058e-03 2.666530571877956390e-02 3.354796022176742554e-02 2.126322872936725616e-02 1.557900942862033844e-02 4.294146224856376648e-02 2.601380273699760437e-02 8.270169608294963837e-03 6.153020076453685760e-03 1.859814487397670746e-02 4.764178302139043808e-03 5.840149708092212677e-03 1.359662786126136780e-02 3.640224412083625793e-02 3.119122236967086792e-02 2.388070337474346161e-02 1.616597734391689301e-02 2.741019800305366516e-02 4.835569486021995544e-02 1.032747328281402588e-02 7.502794265747070312e-02 4.263234883546829224e-02 1.376186870038509369e-02 4.855451732873916626e-02 3.649630025029182434e-02 1.450136024504899979e-02 3.343798220157623291e-02 4.390081763267517090e-02 5.154557526111602783e-02 2.192294038832187653e-02 2.698067761957645416e-02 1.653333939611911774e-02 7.070847600698471069e-02 1.736740022897720337e-02 3.705482929944992065e-02 1.608891040086746216e-02 8.840919472277164459e-03 2.335407026112079620e-02 7.260726392269134521e-02 5.708273872733116150e-02 3.622915595769882202e-02 2.666438743472099304e-02 2.122847735881805420e-02 3.585608676075935364e-02 8.695088326930999756e-03 2.789873071014881134e-02 2.114789932966232300e-02 5.160411447286605835e-02 2.459558658301830292e-02 1.867233216762542725e-02 1.070710271596908569e-02 2.225591056048870087e-02 2.382721193134784698e-02 4.283099249005317688e-02 3.844637051224708557e-02 3.337081149220466614e-02 3.608609549701213837e-03 3.509063646197319031e-02 1.820847019553184509e-02 3.490026341751217842e-03 2.543355897068977356e-02 5.131979659199714661e-02 1.377305388450622559e-02 3.140742704272270203e-02 6.425757892429828644e-03 1.926898211240768433e-02 5.257105454802513123e-03 5.033702775835990906e-02 4.003530368208885193e-02 4.067439585924148560e-02 3.294301778078079224e-02 5.269074067473411560e-02 1.225971803069114685e-02 1.704230159521102905e-02 1.618753001093864441e-02 8.289957419037818909e-03 1.732714846730232239e-02 1.927445828914642334e-02 3.772226721048355103e-02 4.494882002472877502e-02 4.445457831025123596e-02 2.290563099086284637e-02 1.478560920804738998e-02 2.540234103798866272e-02 2.567883394658565521e-02 2.708313614130020142e-02 2.643726207315921783e-02 4.167213663458824158e-02 5.358980968594551086e-03 3.846274316310882568e-02
2.121611870825290680e-02 2.201242744922637939e-02 3.548922762274742126e-02 3.661490604281425476e-02 2.343353582546114922e-03 1.481922995299100876e-02 4.253742098808288574e-02 1.444055419415235519e-02 3.667644783854484558e-02 3.325461223721504211e-02 7.552849594503641129e-03 5.343465209007263184e-01 2.429133281111717224e-02 6.402673572301864624e-02 1.835684664547443390e-02 4.930910095572471619e-02 4.179972689598798752e-03 9.185959585011005402e-03 3.879549726843833923e-02 6.930037867277860641e-03 4.045538604259490967e-02 8.082809858024120331e-03 2.348707802593708038e-02 2.421969361603260040e-02 2.304243855178356171e-02 2.915163990110158920e-03 5.946490168571472168e-02 5.565577000379562378e-02 2.515821158885955811e-02 6.749869138002395630e-02 1.963603869080543518e-02 4.687610641121864319e-02 2.438992075622081757e-02 2.441569231450557709e-02 7.319600787013769150e-03 1.788312196731567383e-02 1.319210324436426163e-02 1.989880017936229706e-02 1.568691432476043701e-02 4.862875491380691528e-02 3.787929564714431763e-02 4.125233367085456848e-02 2.678562887012958527e-02 2.330936305224895477e-02 4.359857365489006042e-02 5.522246286273002625e-02 1.220439467579126358e-02 3.112367913126945496e-02 7.605403661727905273e-03 8.229334838688373566e-03 2.501263283193111420e-02 3.930605202913284302e-02 2.234563929960131645e-03 1.824904233217239380e-02 2.565377578139305115e-02 3.237411379814147949e-02 6.809275597333908081e-03 5.310783535242080688e-02 5.360431596636772156e-02 3.970231488347053528e-02 3.738368302583694458e-02 4.001682996749877930e-02 5.572784575633704662e-04 3.336160676553845406e-03 2.697624033316969872e-03 2.320610173046588898e-02 1.395658683031797409e-02 1.910993456840515137e-02 3.589573502540588379e-02 9.717496111989021301e-03 3.663728758692741394e-02 1.113445498049259186e-02 9.833121672272682190e-03 1.271612569689750671e-02 3.850166127085685730e-02 1.810836419463157654e-02 4.266907647252082825e-02 5.222337320446968079e-02 3.486374160274863243e-03 3.477311134338378906e-02 5.721840541809797287e-03 1.479761023074388504e-02 1.000402122735977173e-02 2.718747593462467194e-02 4.317223653197288513e-02 2.559330873191356659e-02 1.055469922721385956e-02 5.049254745244979858e-03 2.834926126524806023e-03 1.083113066852092743e-02 1.568200439214706421e-02 4.064490273594856262e-02 4.046969115734100342e-02 1.971392892301082611e-02 7.280374877154827118e-03 3.288412466645240784e-02 1.802827697247266769e-03 1.068713329732418060e-02 2.124303765594959259e-02 2.024984546005725861e-02 2.981384098529815674e-02 1.537578739225864410e-02 2.862189523875713348e-02 1.047498639672994614e-02 1.079772599041461945e-02 3.168430924415588379e-02 4.611704126000404358e-02 4.708336293697357178e-02 2.011374570429325104e-02 1.056919991970062256e-02 7.253768853843212128e-03 2.551003731787204742e-02 4.215670004487037659e-02 1.623616367578506470e-02 1.874945871531963348e-02 2.211987972259521484e-02
1.189972832798957825e-02 4.006043821573257446e-02 4.213150963187217712e-02 4.958180710673332214e-02 9.269180591218173504e-04 9.822359681129455566e-02 9.915255755186080933e-02 2.948644571006298065e-02 1.510008703917264938e-02 1.329016033560037613e-02 1.270915716886520386e-01 2.429133281111717224e-02 5.206268429756164551e-01 2.740437537431716919e-02 5.061431974172592163e-02 3.230617567896842957e-02 4.769772756844758987e-03 1.947958394885063171e-02 6.225074082612991333e-02 3.742891922593116760e-02 2.331982366740703583e-02 1.521728746592998505e-02 3.544398397207260132e-02 5.372751504182815552e-03 3.105396963655948639e-02 4.763892292976379395e-02 1.198079064488410950e-02 1.344485394656658173e-02 6.465124315582215786e-04 1.759248785674571991e-02 7.227107882499694824e-03 5.492251366376876831e-02 4.004781658295542002e-04 3.752163052558898926e-02 5.428325384855270386e-02 5.174227058887481689e-02 1.556223444640636444e-02 2.945063868537545204e-03 4.778866097331047058e-02 2.810297533869743347e-02 3.511709626764059067e-03 4.298548772931098938e-02 4.433678835630416870e-02 4.720376431941986084e-02 5.027712881565093994e-02 2.195674227550625801e-03 8.514650911092758179e-02 2.191521786153316498e-02 3.608011081814765930e-02 3.648773953318595886e-02 3.101150691509246826e-02 3.043962176889181137e-03 1.875887811183929443e-02 7.515389472246170044e-03 2.238996513187885284e-02 4.511461034417152405e-02 2.717927284538745880e-02 1.457865443080663681e-02 5.020833760499954224e-02 4.416128993034362793e-02 5.868663545697927475e-03 4.576167464256286621e-02 5.305777117609977722e-02 4.298740625381469727e-02 8.677865564823150635e-02 9.178502112627029419e-02 2.475852891802787781e-02 2.799040637910366058e-03 3.043430112302303314e-02 2.948945946991443634e-02 2.221830748021602631e-02 8.932550437748432159e-03 1.216733735054731369e-02 1.894119754433631897e-02 3.041986934840679169e-02 1.980834081768989563e-02 2.591337449848651886e-02 9.520803578197956085e-03 1.896118000149726868e-02 3.928782418370246887e-02 3.679277142509818077e-03 3.506148606538772583e-02 4.783117026090621948e-02 4.427408054471015930e-02 1.002261228859424591e-02 5.266789346933364868e-02 3.173406049609184265e-02 6.124966777861118317e-03 4.756653681397438049e-02 1.822108402848243713e-03 3.514359146356582642e-02 1.701836590655148029e-03 1.779247447848320007e-02 5.164670757949352264e-03 2.191191166639328003e-02 2.307725325226783752e-02 6.539740599691867828e-03 6.668185349553823471e-03 4.777332767844200134e-02 4.942853003740310669e-02 3.436065465211868286e-02 2.376691438257694244e-02 3.676130622625350952e-02 3.003261797130107880e-02 4.928729031234979630e-03 3.867967519909143448e-03 2.339242585003376007e-02 9.694197215139865875e-04 2.350406534969806671e-02 1.710648648440837860e-02 4.728683829307556152e-02 4.334076493978500366e-02 2.439472265541553497e-02 2.386857382953166962e-02 3.877805918455123901e-02 9.504766785539686680e-04
