5.089634656906127930e-01 1.248699873685836792e-01 3.422206034883856773e-03 1.840485073626041412e-02 3.153352439403533936e-02 1.110987663269042969e-01 6.499733030796051025e-02 7.373870466835796833e-04 8.329656906425952911e-03 3.770348802208900452e-02 1.218219324946403503e-01 1.146861072629690170e-02 8.422297984361648560e-02 2.674936130642890930e-02 1.989057660102844238e-02 3.849561139941215515e-02 1.539433933794498444e-02 3.914410993456840515e-02 3.507276996970176697e-02 3.842341154813766479e-02 1.229670923203229904e-02 3.890232741832733154e-02 1.092547737061977386e-02 2.205345779657363892e-03 1.751394569873809814e-02 4.386959224939346313e-02 1.112948823720216751e-02 9.646334685385227203e-03 2.465952001512050629e-02 1.928605698049068451e-02 1.961964182555675507e-02 2.112832106649875641e-02 1.720735430717468262e-02 4.737669229507446289e-02 1.474843267351388931e-02 7.130134385079145432e-03 3.764567431062459946e-03 1.460293587297201157e-02 2.026755549013614655e-02 3.152567520737648010e-02 1.035630051046609879e-02 3.737375885248184204e-02 3.767930716276168823e-02 1.961231417953968048e-02 3.464457765221595764e-02 8.533743210136890411e-03 5.320038273930549622e-02 1.312854979187250137e-02 2.133349888026714325e-02 1.124390494078397751e-02 3.060851618647575378e-02 1.878030598163604736e-02 4.880099371075630188e-02 1.582891866564750671e-02 2.760384976863861084e-02 2.405353076756000519e-02 4.678780585527420044e-02 2.618429809808731079e-02 1.202069222927093506e-02 1.007534656673669815e-02 2.887685969471931458e-02 8.956526406109333038e-03 4.883707500994205475e-03 1.378090213984251022e-02 1.383762806653976440e-02 2.252700971439480782e-03 3.322053700685501099e-02 1.542032789438962936e-02 2.173724025487899780e-02 6.316737085580825806e-02 2.524927072227001190e-02 3.024543111678212881e-04 1.808403804898262024e-02 4.839136451482772827e-02 1.098986156284809113e-02 1.066562253981828690e-02 1.638431660830974579e-02 1.061496883630752563e-02 1.088056527078151703e-02 3.305861726403236389e-02 7.240593433380126953e-03 2.136213472113013268e-03 1.297418307512998581e-02 3.628045320510864258e-02 3.624622151255607605e-02 2.741004712879657745e-02 1.518599223345518112e-02 8.436781354248523712e-03 1.723045296967029572e-02 5.807846901006996632e-04 5.560809746384620667e-03 3.647337900474667549e-03 3.386144712567329407e-02 1.126511767506599426e-02 3.740018978714942932e-02 3.405424579977989197e-02 2.525666542351245880e-02 1.441359519958496094e-02 1.295696361921727657e-03 7.709306199103593826e-03 1.909199729561805725e-02 1.076250523328781128e-02 7.569681853055953979e-03 3.468453651294112206e-03 3.541383892297744751e-03 6.168935913592576981e-03 1.908722333610057831e-02 5.555062368512153625e-02 3.096511401236057281e-02 3.797478601336479187e-02 1.451592543162405491e-03 2.092830650508403778e-02 2.016842551529407501e-02 3.480846527963876724e-03 9.705052711069583893e-03 1.506758946925401688e-02
1.248699873685836792e-01 5.169203877449035645e-01 9.971619583666324615e-03 3.193811699748039246e-02 4.069883376359939575e-02 7.182399928569793701e-02 7.191275805234909058e-02 2.311044139787554741e-03 3.479101136326789856e-02 1.651186868548393250e-02 1.165253967046737671e-01 5.378199368715286255e-02 1.054710671305656433e-01 4.369599744677543640e-02 1.766371540725231171e-02 5.961408838629722595e-03 2.715831808745861053e-02 3.447716310620307922e-02 4.200403392314910889e-02 3.992534056305885315e-02 4.431492462754249573e-02 6.002809107303619385e-02 1.310582645237445831e-02 2.517413161695003510e-02 2.664104290306568146e-02 4.515536129474639893e-02 2.448209933936595917e-02 5.818440113216638565e-03 2.016803063452243805e-02 7.946382276713848114e-03 2.791578415781259537e-03 2.374166995286941528e-02 1.902967109344899654e-03 2.493995986878871918e-02 3.032727167010307312e-02 1.718409918248653412e-02 1.792896352708339691e-02 2.929271897301077843e-03 1.050836057402193546e-03 5.223817750811576843e-02 2.332609519362449646e-02 2.560503594577312469e-02 3.157856315374374390e-02 4.293330013751983643e-03 4.370632395148277283e-02 2.896466664969921112e-02 4.117747023701667786e-02 1.805689372122287750e-02 3.715557232499122620e-02 4.046741127967834473e-02 4.417135566473007202e-02 4.218107461929321289e-02 3.543962165713310242e-02 2.097804844379425049e-02 5.584116559475660324e-03 1.272570248693227768e-02 1.268310472369194031e-02 2.559318207204341888e-02 7.091745268553495407e-03 1.859043841250240803e-03 9.757591411471366882e-03 2.827522344887256622e-02 2.289611659944057465e-02 2.340911328792572021e-02 6.295335013419389725e-03 1.417475845664739609e-02 1.992267742753028870e-02 1.699750684201717377e-02 3.411194309592247009e-02 3.026373684406280518e-02 2.813483215868473053e-02 1.365571375936269760e-02 2.767909877002239227e-02 3.250913321971893311e-02 4.246152937412261963e-03 4.011370241641998291e-02 8.887155912816524506e-03 3.594751283526420593e-02 2.436474710702896118e-02 4.454249143600463867e-02 5.886510480195283890e-04 1.698729768395423889e-02 3.265179321169853210e-02 2.149133011698722839e-02 7.084376644343137741e-03 2.915767207741737366e-02 1.388360187411308289e-02 1.846232265233993530e-02 4.772149026393890381e-03 1.281183212995529175e-02 1.251409482210874557e-02 2.374916896224021912e-02 3.211260959506034851e-02 2.292836830019950867e-02 2.331875078380107880e-02 1.430879998952150345e-02 3.306140750646591187e-02 3.292646631598472595e-02 5.415653809905052185e-03 1.201132964342832565e-02 1.161953620612621307e-02 9.108575759455561638e-04 1.408415287733078003e-02 1.146546844393014908e-02 1.410417631268501282e-02 2.615205012261867523e-03 1.491633243858814240e-02 4.008917883038520813e-02 1.459373533725738525e-02 2.554975263774394989e-02 2.430236153304576874e-02 1.423002220690250397e-02 3.981518372893333435e-02 1.965322531759738922e-02 1.080826949328184128e-02 2.468503452837467194e-02
3.422206034883856773e-03 9.971619583666324615e-03 4.902349710464477539e-01 3.912674263119697571e-02 2.777555026113986969e-03 7.375523913651704788e-03 2.615522779524326324e-02 1.091718897223472595e-01 1.281497534364461899e-02 4.076598212122917175e-02 6.058566272258758545e-03 4.830591008067131042e-02 9.200283326208591461e-03 2.911672182381153107e-02 3.454632312059402466e-02 1.534132752567529678e-02 3.401632187888026237e-03 3.355555236339569092e-02 2.005665935575962067e-02 3.205755352973937988e-02 2.802643366158008575e-02 6.915900390595197678e-03 1.341516710817813873e-02 3.164633363485336304e-02 3.433763608336448669e-02 2.649420499801635742e-02 1.576717942953109741e-02 2.641667670104652643e-04 3.105828911066055298e-02 7.360971532762050629e-03 1.269763335585594177e-02 9.300409816205501556e-03 1.721959374845027924e-02 3.119872882962226868e-02 3.787634521722793579e-02 9.452259168028831482e-03 3.768587484955787659e-02 1.408477034419775009e-02 1.472531119361519814e-03 2.861666120588779449e-02 2.796124108135700226e-02 2.702248841524124146e-02 5.752180702984333038e-03 6.520311534404754639e-02 1.600923016667366028e-02 6.951815448701381683e-03 3.933755308389663696e-02 2.721889689564704895e-02 2.666347660124301910e-02 3.312153508886694908e-03 3.155525401234626770e-02 1.497665047645568848e-02 2.983208000659942627e-02 1.524471770972013474e-02 3.240202739834785461e-02 2.992330491542816162e-02 3.611405566334724426e-02 5.347264464944601059e-03 3.473200649023056030e-02 6.677759345620870590e-03 3.496602177619934082e-02 3.818965703248977661e-02 4.651034995913505554e-02 2.546888776123523712e-03 2.025796286761760712e-02 1.578061841428279877e-02 3.614552691578865051e-02 1.953458646312355995e-03 2.059440128505229950e-02 3.815015405416488647e-02 1.034113578498363495e-03 4.229198396205902100e-02 3.706853464245796204e-02 4.556215927004814148e-02 3.945927694439888000e-02 9.324070415459573269e-04 1.876395381987094879e-02 2.758413925766944885e-02 1.583270728588104248e-02 3.753891959786415100e-02 1.317720413208007812e-01 5.166934803128242493e-02 2.544416859745979309e-02 2.087830752134323120e-02 6.830281112343072891e-03 5.450759083032608032e-03 3.456103429198265076e-02 4.131122678518295288e-02 2.787408046424388885e-02 9.955523535609245300e-03 2.934692986309528351e-02 1.777333021163940430e-02 2.972797956317663193e-03 1.966167800128459930e-02 2.180566778406500816e-03 2.905930392444133759e-02 7.713651284575462341e-03 2.019684389233589172e-02 2.144783549010753632e-02 1.181885693222284317e-02 2.485851582605391741e-04 8.034940809011459351e-03 2.584649436175823212e-02 2.338301949203014374e-02 3.249143436551094055e-02 1.107871253043413162e-02 3.820361569523811340e-03 3.505383804440498352e-02 2.331742830574512482e-02 1.017455593682825565e-03 8.832244202494621277e-03 4.709572345018386841e-02 2.719940245151519775e-02 4.222197830677032471e-02 1.908715069293975830e-02 2.367052063345909119e-02
1.840485073626041412e-02 3.193811699748039246e-02 3.912674263119697571e-02 4.793539941310882568e-01 6.494361907243728638e-02 2.564239874482154846e-02 4.845634102821350098e-03 1.243730448186397552e-02 4.376068338751792908e-02 3.172656893730163574e-02 4.373335838317871094e-02 2.142609097063541412e-02 3.511832281947135925e-02 1.631578430533409119e-03 2.739788033068180084e-02 2.970664203166961670e-02 2.504663728177547455e-02 1.648310944437980652e-02 1.100356969982385635e-02 1.310940273106098175e-02 3.906342666596174240e-03 1.327845267951488495e-02 1.047858037054538727e-02 9.443491697311401367e-03 2.173263765871524811e-02 8.854786865413188934e-03 2.448357827961444855e-02 3.339903801679611206e-02 1.619492657482624054e-02 3.111761063337326050e-02 4.030109569430351257e-02 5.296920239925384521e-02 2.115467749536037445e-02 4.355717077851295471e-02 7.893907837569713593e-03 3.409081324934959412e-02 2.520063705742359161e-02 6.095436867326498032e-03 1.110441982746124268e-01 2.104899100959300995e-02 8.403214742429554462e-04 1.743817515671253204e-02 1.767592038959264755e-03 2.055661939084529877e-02 2.164299041032791138e-02 7.790578063577413559e-03 2.010152302682399750e-02 1.255596987903118134e-02 4.717345535755157471e-02 2.257145009934902191e-02 8.444597013294696808e-03 1.637608557939529419e-02 2.213436737656593323e-02 2.292403951287269592e-02 3.531190752983093262e-02 1.788567751646041870e-02 4.733582213521003723e-02 3.699185326695442200e-02 7.371185347437858582e-03 1.872778870165348053e-02 2.416807599365711212e-02 7.826188579201698303e-03 6.583963986486196518e-03 3.160896711051464081e-03 4.180677607655525208e-02 4.827567934989929199e-02 9.063635370694100857e-04 4.602358490228652954e-02 3.654481098055839539e-02 1.412177924066781998e-02 1.541356742382049561e-02 3.023089841008186340e-03 3.180577978491783142e-02 1.333741704002022743e-03 2.419833093881607056e-02 1.432264037430286407e-02 7.465688046067953110e-03 5.652383435517549515e-03 2.146591991186141968e-02 2.088566310703754425e-02 1.874119602143764496e-02 3.530291467905044556e-02 3.766345605254173279e-02 2.306190086528658867e-03 6.094386801123619080e-03 2.062595821917057037e-02 4.134117439389228821e-02 2.720927819609642029e-02 8.052465505897998810e-03 1.617168635129928589e-02 4.931741580367088318e-02 1.816925778985023499e-02 1.336400862783193588e-02 6.114378105849027634e-03 4.267119988799095154e-02 2.161077596247196198e-02 1.811459474265575409e-02 1.227589230984449387e-02 3.669036179780960083e-02 2.172401733696460724e-02 6.817218661308288574e-02 4.862710461020469666e-02 2.203224599361419678e-02 8.332624100148677826e-03 4.760517552495002747e-02 1.229395065456628799e-02 6.006552721373736858e-04 4.007232189178466797e-02 1.338425790891051292e-03 4.171841591596603394e-02 1.220192201435565948e-02 2.486825175583362579e-02 5.700585432350635529e-03 9.312444366514682770e-03 2.409921959042549133e-02 3.427701070904731750e-02
3.153352439403533936e-02 4.069883376359939575e-02 2.777555026113986969e-03 6.494361907243728638e-02 4.912630319595336914e-01 3.908064961433410645e-02 1.749742962419986725e-02 1.791089028120040894e-02 3.852133452892303467e-02 4.197701346129179001e-03 9.967088699340820312e-03 8.196264505386352539e-03 9.250492788851261139e-03 4.073102772235870361e-02 9.475614875555038452e-03 3.273548930883407593e-02 3.681650757789611816e-02 9.796576341614127159e-04 2.543070353567600250e-02 2.266071923077106476e-02 1.867898926138877869e-02 4.110150039196014404e-03 1.560918893665075302e-02 1.644350029528141022e-02 4.169163480401039124e-02 3.920563682913780212e-02 5.040228739380836487e-02 4.300929233431816101e-02 2.536297775804996490e-02 4.155850037932395935e-02 3.063876181840896606e-02 3.021798282861709595e-02 1.872134394943714142e-02 4.918082058429718018e-02 1.813717745244503021e-02 5.560570955276489258e-02 2.714370563626289368e-02 7.154087070375680923e-03 7.519980520009994507e-02 1.439022570848464966e-01 3.301650285720825195e-02 1.014520227909088135e-02 3.511290997266769409e-02 7.192862220108509064e-03 6.212185323238372803e-02 5.207594856619834900e-02 3.124086000025272369e-02 4.417349025607109070e-02 1.817577704787254333e-02 4.781288653612136841e-02 5.536472424864768982e-03 3.096253052353858948e-02 1.372583210468292236e-02 1.587806642055511475e-02 3.146995604038238525e-02 1.728886272758245468e-04 1.691030524671077728e-02 5.460666865110397339e-02 1.411292981356382370e-02 2.991920150816440582e-02 7.541461847722530365e-03 3.551010787487030029e-02 4.818592220544815063e-02 4.453251510858535767e-02 2.013848349452018738e-02 6.655773147940635681e-03 4.534607008099555969e-02 6.489286199212074280e-03 3.282958641648292542e-02 2.328394912183284760e-02 7.968293502926826477e-03 2.766430750489234924e-02 2.768864668905735016e-02 6.831209175288677216e-03 2.315664291381835938e-02 2.470420673489570618e-02 3.682906925678253174e-02 5.576929077506065369e-03 1.601220481097698212e-02 3.133278572931885719e-03 1.161223277449607849e-02 4.366939514875411987e-02 1.514653302729129791e-02 3.813154995441436768e-02 3.001288138329982758e-02 7.477905135601758957e-03 1.992861926555633545e-02 4.710184410214424133e-02 3.126110136508941650e-02 4.242665693163871765e-02 8.357607759535312653e-03 1.353279687464237213e-03 1.265573408454656601e-02 4.746793769299983978e-03 3.564964607357978821e-02 2.395654283463954926e-02 1.508803223259747028e-03 9.459351189434528351e-03 2.266776934266090393e-02 2.494437061250209808e-02 7.741554640233516693e-03 2.489018999040126801e-02 4.239745438098907471e-02 2.576215006411075592e-02 2.811110811308026314e-03 2.330786734819412231e-02 8.205642225220799446e-04 4.501216171775013208e-04 7.657673675566911697e-03 4.650355130434036255e-02 1.083752326667308807e-02 1.216806471347808838e-02 1.599393784999847412e-02 1.705142552964389324e-03 4.899011179804801941e-02 2.413115836679935455e-02
1.110987663269042969e-01 7.182399928569793701e-02 7.375523913651704788e-03 2.564239874482154846e-02 3.908064961433410645e-02 5.078120827674865723e-01 2.526256144046783447e-01 1.818378455936908722e-02 3.247769549489021301e-02 4.027225077152252197e-02 3.737985342741012573e-02 9.401675313711166382e-02 3.182831034064292908e-02 9.788347780704498291e-02 5.406298115849494934e-02 2.908153831958770752e-02 2.885426394641399384e-02 5.004220455884933472e-02 1.122466661036014557e-02 1.805067062377929688e-02 1.656983047723770142e-02 4.417072609066963196e-02 1.781149394810199738e-02 4.575666040182113647e-02 3.750704228878021240e-02 2.011917717754840851e-02 6.535700056701898575e-03 6.198673322796821594e-02 3.237255290150642395e-02 5.120620504021644592e-02 5.637661088258028030e-03 1.235601305961608887e-02 2.864583954215049744e-02 8.609781973063945770e-03 2.005434129387140274e-03 2.444003149867057800e-02 4.617267847061157227e-02 1.982136256992816925e-02 1.655753888189792633e-02 1.117636449635028839e-02 5.555560346692800522e-03 4.340294376015663147e-02 1.865535229444503784e-02 3.620384261012077332e-02 9.146190248429775238e-03 2.627757191658020020e-02 2.223059087991714478e-01 4.840524867177009583e-03 5.586533993482589722e-02 1.293161883950233459e-02 1.638747192919254303e-02 2.827853895723819733e-02 1.583525910973548889e-02 3.494708985090255737e-02 1.366050727665424347e-02 3.465342894196510315e-02 1.354309846647083759e-03 4.333585873246192932e-02 2.232906222343444824e-02 4.341699928045272827e-02 7.515188772231340408e-03 3.966443240642547607e-02 3.646788746118545532e-02 3.935147449374198914e-02 1.225487540068570524e-05 1.351166795939207077e-02 1.586925797164440155e-02 2.658158354461193085e-02 4.480891302227973938e-02 5.905321240425109863e-02 2.757057175040245056e-02 1.007730979472398758e-02 4.929495975375175476e-03 1.214950345456600189e-02 3.401950746774673462e-02 4.060637205839157104e-02 1.749043166637420654e-02 7.385362870991230011e-03 1.521299313753843307e-02 1.087386999279260635e-02 4.742664098739624023e-02 2.370504103600978851e-02 7.158991415053606033e-03 1.470799557864665985e-02 2.123683132231235504e-02 2.322058565914630890e-02 3.741043433547019958e-02 3.651047125458717346e-02 1.101057324558496475e-02 3.702948987483978271e-02 5.047344043850898743e-02 1.391115877777338028e-02 2.331080380827188492e-03 1.814920827746391296e-02 4.385470878332853317e-03 1.405407395213842392e-02 1.381478458642959595e-02 3.647871315479278564e-02 3.729946538805961609e-02 3.597995638847351074e-02 3.486536070704460144e-02 5.980810150504112244e-03 1.809862814843654633e-02 2.748825214803218842e-02 3.916443511843681335e-02 3.809772431850433350e-02 4.455925151705741882e-02 4.167680442333221436e-02 2.027828060090541840e-02 4.158646240830421448e-02 1.121987868100404739e-02 4.085404798388481140e-02 4.490648955106735229e-02 2.344095148146152496e-02 3.378380835056304932e-02 2.861904678866267204e-03
6.499733030796051025e-02 7.191275805234909058e-02 2.615522779524326324e-02 4.845634102821350098e-03 1.749742962419986725e-02 2.526256144046783447e-01 5.097283720970153809e-01 1.862355857156217098e-03 1.336925011128187180e-02 1.201255363412201405e-03 3.392192721366882324e-02 4.506219550967216492e-02 4.702199995517730713e-02 9.155184775590896606e-02 3.749812766909599304e-02 4.716059193015098572e-03 7.822483894415199757e-04 8.458237163722515106e-03 4.332193359732627869e-02 3.747951984405517578e-02 8.200256153941154480e-03 4.947099834680557251e-02 8.197639137506484985e-03 3.408699855208396912e-02 3.080211579799652100e-03 1.345521654002368450e-03 2.186091244220733643e-02 5.342610646039247513e-03 3.865017741918563843e-02 8.442991413176059723e-03 6.457884795963764191e-03 1.093115890398621559e-03 1.774327643215656281e-02 1.282120123505592346e-02 2.682954072952270508e-02 3.308925777673721313e-02 4.188899323344230652e-02 1.896863430738449097e-02 7.678149733692407608e-03 2.657303772866725922e-02 2.427673526108264923e-02 2.872799895703792572e-02 4.111272841691970825e-02 3.206218406558036804e-02 3.400415182113647461e-02 3.385535255074501038e-02 2.598422169685363770e-01 1.576822698116302490e-01 1.907941699028015137e-02 2.054697275161743164e-02 1.595407165586948395e-02 2.967857941985130310e-02 3.957603499293327332e-02 4.437379911541938782e-02 1.791893318295478821e-02 1.378401834517717361e-02 2.529693208634853363e-02 1.260061003267765045e-02 2.892161905765533447e-02 5.234590172767639160e-02 2.424858510494232178e-02 2.613672241568565369e-02 3.350666537880897522e-02 3.520087525248527527e-02 3.573186323046684265e-02 3.809104114770889282e-02 1.582881435751914978e-02 3.579858317971229553e-02 4.120402783155441284e-02 3.019236214458942413e-02 2.912949025630950928e-02 1.340377377346158028e-03 3.581643849611282349e-02 1.579326950013637543e-02 2.975525334477424622e-02 4.712093621492385864e-02 5.200458690524101257e-03 3.785139322280883789e-02 4.898687358945608139e-03 6.087792571634054184e-03 1.277876086533069611e-02 3.783455491065979004e-02 3.855953924357891083e-03 1.473344862461090088e-02 1.181745086796581745e-03 1.291238423436880112e-02 2.485525235533714294e-02 3.575354814529418945e-02 3.347963839769363403e-02 1.424642559140920639e-02 1.850093016400933266e-03 1.458995859138667583e-03 3.249334916472434998e-02 1.402843650430440903e-02 3.931077197194099426e-02 2.170979976654052734e-02 5.330738145858049393e-03 4.391220211982727051e-02 6.034618243575096130e-03 1.070327125489711761e-02 6.010295357555150986e-03 1.839633099734783173e-02 2.033888176083564758e-02 3.931477200239896774e-03 2.389783225953578949e-02 1.471189782023429871e-02 2.701667696237564087e-02 4.352458938956260681e-02 1.363941282033920288e-02 4.618401452898979187e-02 2.708541695028543472e-03 2.544456906616687775e-02 4.429972171783447266e-02 4.185594618320465088e-03 3.189603984355926514e-02 1.509686117060482502e-04
7.373870466835796833e-04 2.311044139787554741e-03 1.091718897223472595e-01 1.243730448186397552e-02 1.791089028120040894e-02 1.818378455936908722e-02 1.862355857156217098e-03 5.054051280021667480e-01 2.360179461538791656e-02 6.534955464303493500e-03 7.636536378413438797e-03 1.663486845791339874e-02 1.458738371729850769e-02 4.356949776411056519e-02 9.104426205158233643e-02 4.792557656764984131e-02 3.337993100285530090e-02 1.317412964999675751e-02 1.035376451909542084e-02 3.117996454238891602e-02 1.033928710967302322e-02 1.902424357831478119e-02 2.472418546676635742e-02 3.611185401678085327e-02 1.769395172595977783e-02 2.674727002158761024e-03 3.371283784508705139e-02 1.107685174793004990e-02 1.905226521193981171e-02 4.300860688090324402e-03 6.124385981820523739e-05 3.260616958141326904e-02 4.130976274609565735e-02 4.073163145221769810e-04 4.342650994658470154e-02 6.332675460726022720e-03 1.151635660789906979e-03 1.404591486789286137e-03 2.569591253995895386e-02 1.970384642481803894e-02 2.876569144427776337e-02 3.687363490462303162e-02 3.008776530623435974e-02 2.029454521834850311e-02 2.186867408454418182e-02 1.266804989427328110e-02 2.780691348016262054e-02 1.689050719141960144e-02 1.640290766954421997e-02 3.026537410914897919e-02 5.634169559925794601e-03 1.437267567962408066e-02 2.472405508160591125e-02 1.986830309033393860e-02 4.717755131423473358e-03 2.169429644709452987e-04 1.254152134060859680e-02 2.738445252180099487e-02 2.978899516165256500e-02 1.021089870482683182e-02 3.834357485175132751e-02 4.040667787194252014e-02 1.535788364708423615e-02 8.187572471797466278e-03 1.113070733845233917e-02 8.486110717058181763e-03 2.472724393010139465e-02 6.910358089953660965e-03 3.041486255824565887e-02 2.530474588274955750e-02 3.565603122115135193e-02 2.421939559280872345e-02 1.099526230245828629e-02 2.407773165032267570e-03 4.423272237181663513e-02 1.300789508968591690e-02 9.857051074504852295e-03 4.309016838669776917e-02 2.235405892133712769e-02 1.906061358749866486e-02 1.146627441048622131e-01 7.112273573875427246e-02 3.719882294535636902e-02 9.629433974623680115e-03 9.023549035191535950e-03 3.800107538700103760e-02 7.256889343261718750e-02 3.662130609154701233e-02 2.142377197742462158e-02 2.225719951093196869e-02 2.154287509620189667e-02 4.100935161113739014e-02 2.848544530570507050e-02 7.215692661702632904e-03 2.004421083256602287e-03 2.319965139031410217e-02 2.556067518889904022e-02 5.188194918446242809e-04 3.541138768196105957e-02 2.296888269484043121e-02 4.215245693922042847e-02 2.108680270612239838e-02 1.043210271745920181e-02 7.316816132515668869e-03 2.260932885110378265e-02 4.475938621908426285e-03 1.881328597664833069e-02 2.041252143681049347e-02 4.406745545566082001e-03 1.543750148266553879e-02 1.598052307963371277e-02 1.957141794264316559e-03 3.554861247539520264e-02 1.186749059706926346e-02 2.044867910444736481e-02 4.866247531026601791e-03
8.329656906425952911e-03 3.479101136326789856e-02 1.281497534364461899e-02 4.376068338751792908e-02 3.852133452892303467e-02 3.247769549489021301e-02 1.336925011128187180e-02 2.360179461538791656e-02 5.063582658767700195e-01 6.975840032100677490e-02 3.872287645936012268e-02 5.723865702748298645e-03 3.594989329576492310e-02 3.538662195205688477e-02 3.932099789381027222e-02 2.177276648581027985e-02 2.317684330046176910e-02 1.340019702911376953e-02 4.632889479398727417e-02 5.201000347733497620e-02 2.007663249969482422e-03 4.315270483493804932e-02 2.807945571839809418e-02 4.004180803894996643e-02 2.633515745401382446e-02 1.724734529852867126e-02 1.806179806590080261e-02 3.895817324519157410e-02 2.119930461049079895e-02 3.267058730125427246e-02 2.156869694590568542e-02 4.201535135507583618e-02 3.924047201871871948e-02 2.584378700703382492e-03 1.471026334911584854e-02 1.738983765244483948e-02 2.199772372841835022e-02 7.311780937016010284e-03 3.838811814785003662e-02 1.925129257142543793e-02 5.160999950021505356e-03 9.168923646211624146e-02 7.995184510946273804e-03 1.726742833852767944e-02 1.621077652089297771e-03 2.377543412148952484e-02 2.107525430619716644e-02 2.694399096071720123e-02 4.961733147501945496e-02 1.313077379018068314e-02 3.508052974939346313e-02 4.961639270186424255e-02 4.512664303183555603e-02 2.282817475497722626e-02 3.675483539700508118e-02 5.428733304142951965e-02 2.818858996033668518e-02 3.348485007882118225e-02 1.972121000289916992e-02 3.293021582067012787e-03 4.159337282180786133e-02 3.670562803745269775e-02 6.833682302385568619e-03 6.677038618363440037e-04 1.693292707204818726e-02 1.755328662693500519e-02 2.334446646273136139e-02 1.388351991772651672e-02 5.811126902699470520e-02 1.783742010593414307e-02 4.803752526640892029e-02 3.921984881162643433e-02 1.176820509135723114e-02 2.669227682054042816e-02 3.878205642104148865e-02 3.688678890466690063e-02 1.408874988555908203e-01 1.003424748778343201e-01 7.431021332740783691e-02 2.249566093087196350e-02 1.738703926093876362e-03 1.551851630210876465e-02 1.248989161103963852e-02 5.807030480355024338e-03 5.815116316080093384e-02 2.026540972292423248e-02 2.479752898216247559e-02 2.244876325130462646e-02 1.528107840567827225e-02 1.972867175936698914e-02 2.154782973229885101e-02 4.368693009018898010e-02 6.518391892313957214e-03 2.776799537241458893e-02 3.187306970357894897e-02 2.786421962082386017e-02 1.772716641426086426e-02 2.203426696360111237e-02 8.783058822154998779e-02 6.931585818529129028e-02 2.313167415559291840e-02 2.985898172482848167e-03 4.416306968778371811e-03 9.287257678806781769e-03 4.448771942406892776e-03 5.166039615869522095e-02 7.154148072004318237e-03 2.299732342362403870e-02 1.387726701796054840e-02 1.417651679366827011e-02 2.140631899237632751e-02 6.888372823596000671e-03 4.749330505728721619e-02 3.159256279468536377e-02 1.262847892940044403e-02 2.001975849270820618e-02
3.770348802208900452e-02 1.651186868548393250e-02 4.076598212122917175e-02 3.172656893730163574e-02 4.197701346129179001e-03 4.027225077152252197e-02 1.201255363412201405e-03 6.534955464303493500e-03 6.975840032100677490e-02 5.106512308120727539e-01 1.139566674828529358e-02 5.257007479667663574e-02 6.672515999525785446e-03 4.898423794656991959e-04 3.550152108073234558e-02 3.574799001216888428e-02 2.376872487366199493e-02 2.062161453068256378e-02 9.219674766063690186e-02 1.436434406787157059e-02 2.314150566235184669e-03 1.510058343410491943e-02 2.445928938686847687e-02 3.399401530623435974e-02 1.854307204484939575e-02 2.967177145183086395e-02 9.277401491999626160e-03 3.139946982264518738e-02 5.443789809942245483e-02 9.389824233949184418e-03 5.015515536069869995e-02 3.450166061520576477e-02 3.028875216841697693e-03 1.582108251750469208e-02 6.358668208122253418e-03 6.814219057559967041e-02 3.666174039244651794e-02 2.400771016255021095e-03 4.740605503320693970e-02 2.003972604870796204e-02 2.312394604086875916e-02 3.290450572967529297e-02 2.171359956264495850e-02 2.212673425674438477e-02 6.214852910488843918e-03 1.359453238546848297e-02 3.912544995546340942e-02 3.738139197230339050e-02 1.341479714028537273e-03 7.872907817363739014e-02 3.254676237702369690e-02 4.099044483155012131e-03 6.706543732434511185e-03 2.897671796381473541e-02 1.339840423315763474e-02 1.910303533077239990e-02 2.256330661475658417e-02 3.378933668136596680e-02 3.949257358908653259e-02 5.921361222863197327e-02 2.295826748013496399e-02 6.472110003232955933e-02 2.004860341548919678e-02 3.092655388172715902e-04 4.991335049271583557e-02 5.018667131662368774e-02 9.194150567054748535e-03 8.410755544900894165e-03 4.294143244624137878e-02 2.359623089432716370e-02 9.158871136605739594e-03 9.837182238698005676e-03 4.371387511491775513e-02 5.428850278258323669e-02 2.019654028117656708e-02 2.297439053654670715e-02 2.960979565978050232e-02 1.009519770741462708e-01 1.114857196807861328e-02 9.579657018184661865e-02 1.989728026092052460e-02 1.432183384895324707e-02 2.776412479579448700e-02 1.135334838181734085e-02 1.179987844079732895e-02 3.884708881378173828e-02 2.872046316042542458e-03 1.422954071313142776e-02 3.160084784030914307e-02 2.655292116105556488e-02 4.276548861525952816e-04 7.440550718456506729e-03 1.185319852083921432e-02 1.780132204294204712e-02 8.582489565014839172e-03 1.542550418525934219e-02 4.126773402094841003e-02 2.150772372260689735e-03 4.975493997335433960e-02 3.957202285528182983e-02 1.810828037559986115e-02 1.538532320410013199e-02 3.364771837368607521e-03 1.752506569027900696e-02 5.199261941015720367e-03 6.134206801652908325e-02 2.104426547884941101e-02 5.202323198318481445e-03 1.567245344631373882e-03 5.215612053871154785e-02 1.291792280972003937e-02 3.152772039175033569e-02 5.802288796985521913e-05 4.900839924812316895e-02 4.493867233395576477e-02 4.556757211685180664e-02
1.218219324946403503e-01 1.165253967046737671e-01 6.058566272258758545e-03 4.373335838317871094e-02 9.967088699340820312e-03 3.737985342741012573e-02 3.392192721366882324e-02 7.636536378413438797e-03 3.872287645936012268e-02 1.139566674828529358e-02 5.147965550422668457e-01 1.783390529453754425e-02 1.165363192558288574e-01 3.316296264529228210e-02 1.812420226633548737e-02 1.001474261283874512e-02 1.938418485224246979e-02 1.718039420666173100e-04 3.603690117597579956e-02 3.102703206241130829e-02 2.200967818498611450e-02 8.673445880413055420e-02 2.458138205111026764e-02 3.200402483344078064e-02 1.331445202231407166e-02 1.698520034551620483e-02 2.842060476541519165e-02 4.241982847452163696e-02 4.957864526659250259e-03 2.771309390664100647e-02 2.938869595527648926e-02 3.491059690713882446e-02 4.905329551547765732e-03 3.574068471789360046e-02 6.969505338929593563e-04 6.123279687017202377e-03 4.329654853790998459e-03 1.767200231552124023e-02 2.887800149619579315e-02 5.909716710448265076e-04 4.203476943075656891e-03 2.026024274528026581e-02 2.685274370014667511e-02 2.317989431321620941e-02 4.933951050043106079e-02 2.275657840073108673e-02 3.005669824779033661e-02 1.778441108763217926e-02 3.975282609462738037e-02 3.291619569063186646e-02 2.743727900087833405e-02 3.255197033286094666e-02 2.434213645756244659e-02 4.017304163426160812e-03 1.065624319016933441e-02 1.663552783429622650e-02 4.733623936772346497e-02 4.102285951375961304e-02 1.056240638718008995e-03 5.394010222516953945e-04 6.771554239094257355e-03 9.811581112444400787e-03 1.984478719532489777e-02 1.340525317937135696e-02 3.062651120126247406e-02 1.261195819824934006e-02 1.382061373442411423e-02 2.021106518805027008e-02 2.658993005752563477e-02 1.703445450402796268e-03 2.592460624873638153e-02 2.661416074261069298e-03 3.260911256074905396e-02 1.355139724910259247e-02 3.374735591933131218e-03 3.804202750325202942e-02 5.513547919690608978e-03 3.859816491603851318e-02 4.381645098328590393e-02 3.294608369469642639e-02 8.922864682972431183e-03 2.112775837304070592e-04 4.230439662933349609e-02 1.784531865268945694e-03 1.482061389833688736e-02 5.691025871783494949e-03 2.234473824501037598e-02 2.999087609350681305e-02 3.791169077157974243e-02 1.853252388536930084e-02 1.292978785932064056e-02 5.797592923045158386e-02 1.149600092321634293e-02 3.688653931021690369e-02 3.609245643019676208e-02 3.190781176090240479e-02 4.096717387437820435e-02 4.742333292961120605e-02 2.752136252820491791e-02 3.522928804159164429e-02 2.393752336502075195e-02 2.847275137901306152e-02 1.483240816742181778e-02 5.990762263536453247e-03 5.114367813803255558e-04 9.647138416767120361e-03 1.677221246063709259e-02 4.942126572132110596e-02 3.433376550674438477e-02 5.848275125026702881e-02 2.645226381719112396e-02 2.473163884133100510e-03 1.674887910485267639e-02 4.517126455903053284e-02 1.053046667948365211e-03 4.277239204384386539e-04
1.146861072629690170e-02 5.378199368715286255e-02 4.830591008067131042e-02 2.142609097063541412e-02 8.196264505386352539e-03 9.401675313711166382e-02 4.506219550967216492e-02 1.663486845791339874e-02 5.723865702748298645e-03 5.257007479667663574e-02 1.783390529453754425e-02 5.034405589103698730e-01 4.720487445592880249e-02 1.357741653919219971e-01 2.012007683515548706e-02 3.607812151312828064e-02 4.467827454209327698e-02 4.489040374755859375e-02 4.605024680495262146e-02 4.610548913478851318e-02 2.787675149738788605e-02 1.250182278454303741e-02 4.497442767024040222e-02 3.205550462007522583e-02 3.774984739720821381e-03 2.606914378702640533e-02 1.531356247141957283e-03 1.095168516039848328e-01 4.478759318590164185e-02 8.856806904077529907e-02 1.659536361694335938e-02 2.895239042118191719e-03 1.967257447540760040e-02 1.357731688767671585e-02 1.430293824523687363e-02 1.863274909555912018e-02 2.536243759095668793e-02 2.230549603700637817e-02 6.847635842859745026e-03 1.079530827701091766e-02 4.396450519561767578e-02 5.083277449011802673e-02 1.895586610771715641e-03 2.579777128994464874e-02 3.432571189478039742e-03 1.066934037953615189e-02 2.177537791430950165e-02 8.840475231409072876e-03 7.114855572581291199e-03 6.192652508616447449e-03 1.373671740293502808e-02 2.892267704010009766e-02 5.916697555221617222e-04 1.288498751819133759e-02 2.439783886075019836e-02 2.778150606900453568e-03 4.096138104796409607e-02 4.731690883636474609e-02 2.867670543491840363e-02 7.303570397198200226e-03 5.681202188134193420e-02 5.279452353715896606e-02 3.954947739839553833e-02 1.615609787404537201e-02 4.227399453520774841e-02 1.780699193477630615e-02 1.017497945576906204e-02 2.492187358438968658e-02 4.353822022676467896e-02 6.635627895593643188e-02 4.410681128501892090e-02 2.211663126945495605e-02 5.131490528583526611e-03 5.504599586129188538e-02 2.432248555123806000e-02 2.131842821836471558e-02 8.662658743560314178e-03 3.883565217256546021e-02 1.029363460838794708e-02 1.262070238590240479e-02 3.692459082230925560e-03 1.345984730869531631e-02 2.272146195173263550e-02 1.551871094852685928e-02 2.305824123322963715e-02 4.486997798085212708e-02 3.837855532765388489e-02 4.002495855093002319e-02 1.009525805711746216e-01 4.612455517053604126e-02 4.992926958948373795e-03 4.387413617223501205e-03 2.205558866262435913e-02 2.246293053030967712e-02 2.166690118610858917e-02 4.891809448599815369e-02 3.399005217943340540e-04 1.400265144184231758e-03 3.641121834516525269e-02 9.745781309902667999e-03 2.441619522869586945e-02 1.302773971110582352e-02 4.247145727276802063e-02 5.207955464720726013e-02 2.797304466366767883e-02 3.612424805760383606e-02 2.756143920123577118e-02 3.586000576615333557e-02 3.500774875283241272e-02 2.742044813930988312e-02 3.504176065325737000e-02 1.676009781658649445e-02 3.941244632005691528e-02 2.869461663067340851e-02 2.853130362927913666e-02 2.362744510173797607e-02
8.422297984361648560e-02 1.054710671305656433e-01 9.200283326208591461e-03 3.511832281947135925e-02 9.250492788851261139e-03 3.182831034064292908e-02 4.702199995517730713e-02 1.458738371729850769e-02 3.594989329576492310e-02 6.672515999525785446e-03 1.165363192558288574e-01 4.720487445592880249e-02 5.222617983818054199e-01 3.103596717119216919e-02 2.438269928097724915e-02 7.226275280117988586e-03 2.721799723803997040e-02 2.540681278333067894e-03 3.933040425181388855e-02 1.059099566191434860e-02 2.068861573934555054e-02 6.889116764068603516e-02 1.685387827455997467e-02 3.519388660788536072e-02 2.642547152936458588e-02 3.787648305296897888e-02 4.216038808226585388e-02 1.334011321887373924e-04 1.670068688690662384e-02 6.476821377873420715e-03 5.793902673758566380e-04 1.859877258539199829e-02 5.346595775336027145e-03 3.509816899895668030e-02 1.175514794886112213e-02 1.290559396147727966e-02 1.016977149993181229e-02 1.460651587694883347e-02 2.535636723041534424e-02 3.604861348867416382e-02 3.834143979474902153e-03 3.704030811786651611e-02 2.213421463966369629e-02 3.014916740357875824e-02 1.736850477755069733e-02 5.339462682604789734e-02 5.071485880762338638e-03 2.093085087835788727e-02 2.542927116155624390e-02 4.165478423237800598e-02 4.383154585957527161e-02 4.155732318758964539e-02 1.656537689268589020e-02 2.311317808926105499e-02 1.057748496532440186e-02 1.959705166518688202e-02 1.445346511900424957e-02 4.715852811932563782e-02 5.763889639638364315e-04 4.933969583362340927e-03 1.663837395608425140e-02 9.191555902361869812e-03 1.389547716826200485e-02 1.953982003033161163e-02 1.154640596359968185e-02 2.189150638878345490e-02 4.631529003381729126e-02 2.682253718376159668e-02 1.658884622156620026e-02 2.964914217591285706e-02 7.258479483425617218e-03 1.679604500532150269e-02 1.790696755051612854e-02 2.129294350743293762e-02 1.520955655723810196e-02 5.001337081193923950e-02 2.024638280272483826e-02 4.370662942528724670e-02 2.844724431633949280e-02 2.325061149895191193e-02 1.803681836463510990e-03 9.532786905765533447e-03 2.212409302592277527e-02 4.310613498091697693e-02 1.509123854339122772e-02 1.400951575487852097e-02 2.092828415334224701e-02 3.273324668407440186e-02 5.652416963130235672e-03 2.908723428845405579e-02 3.515823930501937866e-02 3.797186911106109619e-02 3.939175233244895935e-02 4.824482649564743042e-02 2.118495292961597443e-02 1.643631048500537872e-02 4.394491016864776611e-02 4.792848229408264160e-02 2.571487985551357269e-02 2.712108567357063293e-02 1.857808977365493774e-02 2.466588281095027924e-02 9.545417502522468567e-03 6.415443029254674911e-03 2.188598178327083588e-02 1.462907902896404266e-02 2.882862230762839317e-03 5.138348042964935303e-02 5.765359383076429367e-03 5.204147100448608398e-02 1.878772117197513580e-02 4.280459601432085037e-03 1.657310128211975098e-02 3.352176025509834290e-02 1.279723178595304489e-02 3.703288675751537085e-04
