5.097688436508178711e-01 2.204159647226333618e-01 7.734702434390783310e-03 4.805794451385736465e-03 1.180108357220888138e-02 7.715183496475219727e-02 5.648302286863327026e-02 1.148115564137697220e-02 3.232301771640777588e-02 2.656802162528038025e-02 1.240858137607574463e-01 1.853069849312305450e-02 1.071823239326477051e-01 2.349593862891197205e-02 2.733188308775424957e-02 8.996573276817798615e-03 2.127310074865818024e-02 6.197265349328517914e-03 4.595244303345680237e-02 2.487083151936531067e-02 2.019861899316310883e-02 3.313409909605979919e-02 1.886358112096786499e-02 2.275431901216506958e-02 2.083738893270492554e-02 2.109471522271633148e-02 3.573455149307847023e-03 1.778794266283512115e-02 5.908811092376708984e-02 4.360686242580413818e-02 6.073953956365585327e-02 5.124957486987113953e-02 3.410606831312179565e-02 1.424900628626346588e-02 1.807362586259841919e-02 2.233467996120452881e-02 4.479871317744255066e-02 3.808661922812461853e-02 4.505055397748947144e-02 3.110392577946186066e-02 8.671864867210388184e-03 1.364830322563648224e-02 3.424196317791938782e-02 2.172008715569972992e-02 3.255683928728103638e-02 9.066071361303329468e-03 1.010809540748596191e-01 1.915361173450946808e-02 1.538287010043859482e-02 2.028382010757923126e-02 1.125553436577320099e-02 1.633644849061965942e-02 4.214134812355041504e-02 3.131563588976860046e-02 2.775624766945838928e-02 7.088990532793104649e-04 1.941116154193878174e-02 1.205617655068635941e-02 1.849018223583698273e-02 1.105967164039611816e-02 2.413333579897880554e-02 4.021275322884321213e-03 9.223193861544132233e-03 2.747709490358829498e-02 6.723979953676462173e-03 3.218077868223190308e-02 1.384070236235857010e-02 2.147530671209096909e-03 5.639971699565649033e-03 1.498605404049158096e-02 9.151195408776402473e-04 4.206657409667968750e-02 3.971819765865802765e-03 3.173069655895233154e-02 2.242020517587661743e-02 1.615938544273376465e-02 3.687474178150296211e-03 4.863283131271600723e-03 1.456763967871665955e-02 4.610016942024230957e-02 1.168022863566875458e-02 3.281106427311897278e-02 3.599674999713897705e-02 2.561749890446662903e-02 7.588139269500970840e-03 1.438418962061405182e-02 2.969582006335258484e-02 7.926298305392265320e-03 2.801737003028392792e-02 8.033908903598785400e-03 7.014706730842590332e-02 1.172601897269487381e-02 7.661537732928991318e-03 4.315958824008703232e-03 4.100998118519783020e-02 7.599221542477607727e-03 1.461523771286010742e-02 1.226103119552135468e-02 2.924669720232486725e-02 4.224015027284622192e-02 4.447832331061363220e-02 1.273789908736944199e-02 3.815694898366928101e-02 2.787349186837673187e-02 2.908731624484062195e-02 4.383921995759010315e-02 2.414493821561336517e-02 1.138441730290651321e-02 9.545072913169860840e-03 3.584399074316024780e-02 4.289433360099792480e-03 3.163233399391174316e-02 1.805685646831989288e-02 6.266130600124597549e-03 9.656752459704875946e-03 3.950873389840126038e-02
2.204159647226333618e-01 5.118253231048583984e-01 7.586377207189798355e-03 3.792124986648559570e-02 4.204108193516731262e-02 6.447647511959075928e-02 9.550827741622924805e-02 4.832786507904529572e-03 2.734461426734924316e-02 2.675109170377254486e-02 8.624351024627685547e-02 3.498411923646926880e-02 1.236561983823776245e-01 4.061185941100120544e-02 3.668957203626632690e-02 5.347137339413166046e-04 1.014178711920976639e-02 4.018087685108184814e-02 6.113943643867969513e-03 4.352873936295509338e-02 2.801958657801151276e-02 1.769240945577621460e-02 5.828252062201499939e-03 1.584830507636070251e-02 1.306713465601205826e-02 1.035283319652080536e-02 1.865168684162199497e-03 1.607967354357242584e-02 1.593984290957450867e-02 8.421030826866626740e-03 3.890942409634590149e-02 3.071558102965354919e-02 2.324275486171245575e-02 1.944603212177753448e-02 8.029585704207420349e-03 3.509875759482383728e-02 4.272724315524101257e-02 3.278421983122825623e-02 2.169813960790634155e-02 4.724983870983123779e-02 5.574203096330165863e-03 2.192923240363597870e-02 9.971033781766891479e-03 3.499948605895042419e-02 5.010163877159357071e-03 4.527491983026266098e-03 7.313471287488937378e-02 5.602488294243812561e-02 2.506183087825775146e-02 5.782721564173698425e-04 4.172015562653541565e-02 1.793094165623188019e-02 3.543192893266677856e-02 3.686580806970596313e-02 2.972535789012908936e-02 1.341375289484858513e-03 9.353158995509147644e-03 4.616141691803932190e-02 3.184000402688980103e-02 2.202760986983776093e-02 1.932081766426563263e-02 3.815930709242820740e-02 2.556033059954643250e-02 9.268889552913606167e-04 3.247907757759094238e-02 4.557076096534729004e-02 1.292402390390634537e-03 2.067382633686065674e-02 2.208961360156536102e-02 3.378542885184288025e-02 2.508771605789661407e-02 4.583211988210678101e-02 1.206450746394693851e-03 3.241504356265068054e-02 3.075861930847167969e-02 5.799694336019456387e-04 1.922847703099250793e-02 1.015131454914808273e-02 3.508311882615089417e-02 7.308433204889297485e-02 9.226905182003974915e-03 3.442118689417839050e-02 2.563982829451560974e-02 1.612966321408748627e-02 3.042365238070487976e-02 3.058571927249431610e-02 4.683536291122436523e-02 1.528319320641458035e-03 1.898164674639701843e-02 1.628725416958332062e-02 3.576827934011816978e-03 2.845625765621662140e-02 4.292020574212074280e-02 5.399810615926980972e-03 3.751996904611587524e-02 1.188765559345483780e-02 3.206254914402961731e-02 2.899430692195892334e-02 1.033661887049674988e-02 2.167590707540512085e-02 3.922998532652854919e-02 1.621055230498313904e-02 3.188970312476158142e-02 4.051132500171661377e-02 9.536074474453926086e-03 3.002755157649517059e-02 2.374154888093471527e-02 1.097221858799457550e-02 2.388542145490646362e-02 9.885885752737522125e-03 5.956754088401794434e-03 1.175276935100555420e-02 2.650500647723674774e-02 1.479996135458350182e-03 3.241956979036331177e-02 3.881730884313583374e-02
7.734702434390783310e-03 7.586377207189798355e-03 4.776412248611450195e-01 1.124409865587949753e-02 2.241443656384944916e-02 2.784935012459754944e-02 2.783407922834157944e-03 1.353241354227066040e-01 2.914626337587833405e-02 1.496258573752129450e-05 9.135583415627479553e-03 7.124836556613445282e-03 1.169836986809968948e-02 1.708466373383998871e-02 1.806603744626045227e-02 1.139151118695735931e-02 1.023125089704990387e-02 1.553111360408365726e-03 1.682104310020804405e-03 3.036158904433250427e-02 1.437617093324661255e-02 1.291457097977399826e-02 1.008333824574947357e-02 1.496303174644708633e-02 1.929965364979580045e-04 1.306877285242080688e-02 7.792875170707702637e-02 3.972053993493318558e-03 4.432043060660362244e-03 3.760518506169319153e-02 5.236466531641781330e-04 1.356601528823375702e-02 8.672760799527168274e-03 3.354962542653083801e-02 3.823370859026908875e-02 1.017045415937900543e-02 3.927303105592727661e-02 2.666673809289932251e-02 2.054133079946041107e-02 1.474735676310956478e-03 3.239543363451957703e-02 2.056980738416314125e-03 8.041287772357463837e-03 9.408086538314819336e-02 1.982437074184417725e-02 1.337893400341272354e-02 3.191312029957771301e-02 3.473567590117454529e-02 2.195166610181331635e-02 3.879398282151669264e-04 2.416775934398174286e-02 4.526484385132789612e-02 1.777723548002541065e-03 2.861903235316276550e-02 2.487004362046718597e-02 3.691211342811584473e-03 8.291786536574363708e-03 2.608799934387207031e-02 9.810717776417732239e-03 2.072221785783767700e-02 3.044909052550792694e-02 2.081539109349250793e-02 8.091779425740242004e-03 2.979024313390254974e-02 1.603367738425731659e-02 4.427039064466953278e-03 2.816729247570037842e-02 2.975736185908317566e-02 1.791775971651077271e-02 3.910027816891670227e-02 1.545973401516675949e-02 4.293399862945079803e-03 5.341470707207918167e-03 8.049415051937103271e-02 3.023016639053821564e-02 3.577886521816253662e-02 2.196328341960906982e-02 1.553403493016958237e-02 2.909252420067787170e-02 2.414765534922480583e-03 1.686747819185256958e-01 9.373221546411514282e-02 7.920980453491210938e-03 2.705832011997699738e-02 1.509449724107980728e-02 3.134993091225624084e-02 1.140425726771354675e-02 3.221163898706436157e-02 1.111319102346897125e-02 1.288336422294378281e-02 8.094487711787223816e-03 3.908545151352882385e-02 3.254142776131629944e-02 4.539858177304267883e-02 8.762610144913196564e-03 2.240136079490184784e-02 1.967030949890613556e-02 1.067894697189331055e-02 3.693858906626701355e-02 3.824872151017189026e-02 1.874436996877193451e-02 2.232037298381328583e-02 2.326590474694967270e-03 7.934520952403545380e-03 4.052828252315521240e-02 2.840958535671234131e-02 1.824785210192203522e-02 1.307004783302545547e-02 3.775605559349060059e-02 5.566485691815614700e-03 1.548688020557165146e-02 3.476021066308021545e-02 2.327274763956665993e-03 2.405061200261116028e-02 5.399126186966896057e-02 4.267904162406921387e-02
4.805794451385736465e-03 3.792124986648559570e-02 1.124409865587949753e-02 5.154877901077270508e-01 1.451339423656463623e-01 1.480761170387268066e-02 4.334040731191635132e-02 3.347883373498916626e-02 4.083203966729342937e-04 8.773981593549251556e-03 4.516217857599258423e-03 1.244948990643024445e-02 7.107332348823547363e-03 3.845268161967396736e-03 9.042826481163501740e-03 3.353275358676910400e-02 3.551324829459190369e-02 1.161394082009792328e-02 3.699254989624023438e-02 3.686117380857467651e-02 4.222791641950607300e-02 3.606716915965080261e-02 1.020712405443191528e-02 1.467048190534114838e-02 1.373123843222856522e-02 2.923342166468501091e-03 4.246399272233247757e-03 1.370481494814157486e-02 2.401301637291908264e-03 5.762004759162664413e-03 1.140863262116909027e-02 2.075187303125858307e-02 4.716794192790985107e-02 4.420303180813789368e-02 2.072601020336151123e-02 4.330473020672798157e-02 2.644568309187889099e-02 8.599458262324333191e-03 8.921901136636734009e-02 4.634556174278259277e-02 4.012286663055419922e-02 3.262020274996757507e-02 4.716861248016357422e-02 8.099819533526897430e-03 8.593186736106872559e-03 3.742370009422302246e-02 3.972106799483299255e-02 3.690429776906967163e-02 3.147046267986297607e-02 2.897852472960948944e-02 3.077765693888068199e-03 1.446374971419572830e-02 4.753572866320610046e-03 1.078254170715808868e-02 2.192857861518859863e-02 3.712713345885276794e-02 5.739841982722282410e-02 3.964089229702949524e-02 2.075139805674552917e-02 1.494653988629579544e-03 1.143098026514053345e-01 4.720950871706008911e-02 4.845640063285827637e-02 5.292670056223869324e-02 1.336156576871871948e-02 2.227611653506755829e-02 2.486824244260787964e-02 6.490031257271766663e-03 1.317843794822692871e-02 3.284620493650436401e-02 3.611974418163299561e-03 1.387063693255186081e-02 1.060656011104583740e-01 1.696567423641681671e-02 4.515051469206809998e-02 3.073784708976745605e-02 5.052165314555168152e-02 1.349848043173551559e-02 4.629351571202278137e-02 1.688154973089694977e-02 1.013913471251726151e-02 3.579306229948997498e-02 9.037047624588012695e-02 5.205659940838813782e-02 1.040096301585435867e-02 3.784123808145523071e-02 2.631306648254394531e-03 2.883105352520942688e-02 2.619715780019760132e-02 3.478658571839332581e-02 1.056622806936502457e-02 1.261042151600122452e-02 1.317585539072751999e-02 2.721369266510009766e-02 3.067836351692676544e-02 2.704555727541446686e-02 3.037686832249164581e-02 3.833062946796417236e-02 4.301606211811304092e-03 2.870133519172668457e-02 1.859343238174915314e-02 2.021179348230361938e-02 2.593904361128807068e-02 3.691009804606437683e-02 7.575815171003341675e-02 2.084736153483390808e-02 1.818720437586307526e-02 5.244766920804977417e-02 7.213886128738522530e-04 2.272376418113708496e-02 5.057644098997116089e-02 2.816681750118732452e-03 8.841102942824363708e-03 2.657902077771723270e-04 1.664722710847854614e-02 4.082296043634414673e-02
1.180108357220888138e-02 4.204108193516731262e-02 2.241443656384944916e-02 1.451339423656463623e-01 5.128440260887145996e-01 1.205665245652198792e-02 3.226323798298835754e-02 2.664609067142009735e-02 2.132044918835163116e-02 2.033780887722969055e-02 8.123817853629589081e-03 4.003648459911346436e-02 3.327826038002967834e-03 1.576049812138080597e-02 7.449557539075613022e-03 4.170827940106391907e-02 3.275321796536445618e-02 4.716705530881881714e-03 1.390549354255199432e-02 1.689553260803222656e-02 1.750141941010951996e-02 9.978262241929769516e-04 8.618996478617191315e-03 3.224502131342887878e-02 1.699958741664886475e-02 9.154549799859523773e-03 4.258053749799728394e-02 8.159208111464977264e-03 1.907875016331672668e-02 1.024611573666334152e-02 3.850274952128529549e-03 2.612606994807720184e-02 2.611046284437179565e-02 8.295679464936256409e-03 3.848689049482345581e-02 4.249839857220649719e-02 6.616152822971343994e-04 2.129199914634227753e-03 6.097836792469024658e-02 5.996729433536529541e-02 4.220285639166831970e-02 1.464576832950115204e-02 4.212807863950729370e-02 2.564431168138980865e-02 1.088066399097442627e-02 5.031559616327285767e-02 2.928221039474010468e-02 4.745288938283920288e-02 9.245844557881355286e-03 2.867732010781764984e-02 2.448458224534988403e-02 4.506457224488258362e-02 4.124177619814872742e-03 2.620064478833228350e-04 5.142719671130180359e-02 7.835853844881057739e-03 4.516940563917160034e-03 1.020703348331153393e-03 2.344753826037049294e-03 2.064479514956474304e-03 8.107382059097290039e-02 6.012333929538726807e-02 3.935601934790611267e-02 4.656372219324111938e-02 1.952314749360084534e-02 2.705521509051322937e-02 1.063108816742897034e-02 1.629744470119476318e-02 4.338247701525688171e-03 3.947955369949340820e-02 1.022434793412685394e-02 7.307667750865221024e-03 5.387778580188751221e-02 2.524531446397304535e-02 7.331201434135437012e-02 3.311118483543395996e-02 1.613423787057399750e-02 2.199535258114337921e-02 3.352076932787895203e-02 2.997224219143390656e-02 8.711838163435459137e-03 4.153516516089439392e-02 1.514409109950065613e-02 7.249484211206436157e-02 1.948026940226554871e-02 2.820534817874431610e-02 9.561574086546897888e-03 1.595894061028957367e-02 4.891837760806083679e-02 3.356504067778587341e-02 4.307889379560947418e-03 8.512614294886589050e-03 2.201067842543125153e-02 3.484865650534629822e-02 1.947160996496677399e-02 2.840872667729854584e-02 1.809148862957954407e-02 2.633653022348880768e-02 1.213858486153185368e-03 3.825335204601287842e-02 2.087676338851451874e-02 2.034974470734596252e-02 1.681808009743690491e-02 3.408289700746536255e-02 5.572570487856864929e-02 4.421006888151168823e-02 2.844984643161296844e-02 2.691408246755599976e-02 5.147269926965236664e-03 3.518206998705863953e-02 2.272884547710418701e-02 2.172292210161685944e-02 1.147726643830537796e-02 5.832796450704336166e-03 1.537144277244806290e-02 4.744378104805946350e-02
7.715183496475219727e-02 6.447647511959075928e-02 2.784935012459754944e-02 1.480761170387268066e-02 1.205665245652198792e-02 5.060653686523437500e-01 1.718829125165939331e-01 3.396150423213839531e-03 2.914998121559619904e-02 1.411303528584539890e-04 7.918039709329605103e-02 3.985004872083663940e-02 4.901871085166931152e-02 2.809844724833965302e-02 1.959769986569881439e-03 2.298308350145816803e-02 2.877886220812797546e-02 4.114510491490364075e-03 2.932691760361194611e-02 2.266877889633178711e-02 1.506574358791112900e-02 3.901030495762825012e-02 1.362456288188695908e-02 2.206734195351600647e-02 2.533045224845409393e-02 2.881480194628238678e-02 3.360228240489959717e-02 1.351515855640172958e-02 3.643301129341125488e-02 1.213496644049882889e-02 1.973532140254974365e-02 4.917057231068611145e-03 3.125311434268951416e-02 2.224067039787769318e-02 2.349779382348060608e-02 1.796260010451078415e-03 3.532855212688446045e-02 1.847628969699144363e-03 8.815906941890716553e-03 3.132430091500282288e-02 3.515469282865524292e-02 8.271018741652369499e-04 3.294121101498603821e-02 1.094067655503749847e-02 9.517108090221881866e-03 4.089492559432983398e-02 8.947661519050598145e-02 3.599651902914047241e-02 1.237436849623918533e-02 2.640405297279357910e-02 2.142510609701275826e-03 1.776552945375442505e-02 1.842539571225643158e-02 1.440567616373300552e-02 6.974381394684314728e-03 2.436821162700653076e-02 2.021601051092147827e-02 2.590427733957767487e-02 3.285777568817138672e-02 1.695786044001579285e-02 1.607429701834917068e-03 1.358853280544281006e-02 3.989118710160255432e-02 3.533016517758369446e-02 2.498126775026321411e-02 2.211824618279933929e-02 6.080344785004854202e-03 1.181239634752273560e-02 2.580709010362625122e-02 2.116037718951702118e-02 9.136987850069999695e-03 2.383645623922348022e-02 4.191822558641433716e-02 1.389600336551666260e-02 1.731601543724536896e-02 3.498980030417442322e-02 5.054912716150283813e-02 4.336397349834442139e-02 3.831369802355766296e-02 1.369999907910823822e-02 2.255564555525779724e-02 3.735811635851860046e-02 2.716253325343132019e-02 1.432483457028865814e-02 2.164460904896259308e-02 1.341408863663673401e-02 2.668434754014015198e-02 3.107617609202861786e-02 1.364176860079169273e-03 3.053181990981101990e-02 4.642877727746963501e-02 2.520779892802238464e-02 2.478237263858318329e-02 6.267011165618896484e-02 4.423332214355468750e-02 2.986736595630645752e-02 4.508594051003456116e-03 9.044670499861240387e-03 4.801702499389648438e-02 4.774461314082145691e-02 1.704066619277000427e-02 2.064076997339725494e-02 3.961833659559488297e-03 1.054215617477893829e-02 4.767492413520812988e-02 1.960080489516258240e-02 2.720924327149987221e-03 1.894022524356842041e-02 1.238542981445789337e-02 1.816675998270511627e-02 4.369340837001800537e-02 1.867704279720783234e-02 3.475956618785858154e-02 2.233194559812545776e-02 1.696670055389404297e-02 4.103247076272964478e-02
5.648302286863327026e-02 9.550827741622924805e-02 2.783407922834157944e-03 4.334040731191635132e-02 3.226323798298835754e-02 1.718829125165939331e-01 5.185426473617553711e-01 1.678035221993923187e-02 8.767404593527317047e-03 5.079573020339012146e-03 7.783523947000503540e-02 4.343405365943908691e-02 1.000110208988189697e-01 5.719911307096481323e-02 3.224819153547286987e-02 8.591639809310436249e-03 7.305162958800792694e-03 5.306519567966461182e-03 1.818122528493404388e-02 2.321090549230575562e-02 6.021721288561820984e-03 2.776501327753067017e-02 5.583526566624641418e-02 5.515345931053161621e-02 8.199081756174564362e-03 1.079161558300256729e-02 3.837116062641143799e-02 1.712292060256004333e-02 3.759487718343734741e-02 2.305194176733493805e-02 5.857053026556968689e-02 1.601478829979896545e-02 3.554876148700714111e-02 2.177168987691402435e-02 1.766930148005485535e-02 4.563816636800765991e-02 2.487859688699245453e-02 1.749649271368980408e-02 1.826420053839683533e-02 1.214253902435302734e-02 3.396243974566459656e-02 3.042935393750667572e-02 2.319537475705146790e-02 1.095508411526679993e-02 2.595259994268417358e-02 1.262512803077697754e-02 8.053556084632873535e-02 1.058457940816879272e-01 5.097554251551628113e-02 1.684094406664371490e-02 3.314237669110298157e-02 2.894168160855770111e-02 7.844516076147556305e-03 4.327634815126657486e-03 4.378484562039375305e-02 2.030802518129348755e-02 3.602121397852897644e-02 2.231084741652011871e-02 2.690271846950054169e-02 1.364495046436786652e-02 7.526490837335586548e-03 3.450683504343032837e-02 4.526334628462791443e-02 3.208223357796669006e-02 1.781278848648071289e-02 7.084070239216089249e-03 1.264750398695468903e-02 7.915416732430458069e-03 4.282204061746597290e-02 4.318770021200180054e-02 3.229034319519996643e-02 3.845479711890220642e-02 1.565819047391414642e-02 1.223114412277936935e-02 1.572866365313529968e-02 5.237083416432142258e-03 2.059597708284854889e-02 3.290878236293792725e-02 1.485034450888633728e-02 4.407450556755065918e-02 2.356376685202121735e-02 2.567978575825691223e-02 4.005788359791040421e-03 3.826545178890228271e-02 1.369653828442096710e-02 2.670863084495067596e-02 1.559812109917402267e-02 3.480575396679341793e-04 1.589010097086429596e-02 1.948625408113002777e-02 2.371097169816493988e-02 5.743410903960466385e-03 3.569279983639717102e-02 1.362470723688602448e-02 3.035567142069339752e-02 3.816161304712295532e-02 3.392572700977325439e-02 2.897651866078376770e-02 4.689376335591077805e-03 4.898221814073622227e-04 2.508896216750144958e-02 2.516642399132251740e-02 4.262732341885566711e-02 3.120448999106884003e-02 3.632859513163566589e-02 1.349182240664958954e-02 7.243330590426921844e-03 1.072356011718511581e-02 9.634809684939682484e-04 3.856812417507171631e-02 1.681736297905445099e-02 3.970028087496757507e-02 1.250843144953250885e-02 1.296573877334594727e-02 1.514960732311010361e-02 4.991953261196613312e-03
1.148115564137697220e-02 4.832786507904529572e-03 1.353241354227066040e-01 3.347883373498916626e-02 2.664609067142009735e-02 3.396150423213839531e-03 1.678035221993923187e-02 5.012608170509338379e-01 3.963671624660491943e-02 3.764002770185470581e-02 1.457342412322759628e-02 4.994279239326715469e-03 1.992563158273696899e-02 5.873595946468412876e-04 2.841211855411529541e-03 1.557697891257703304e-03 2.234127372503280640e-03 3.770515322685241699e-03 1.649092882871627808e-02 4.132612049579620361e-02 3.407503664493560791e-02 8.897780440747737885e-03 1.105819549411535263e-02 9.863361716270446777e-03 4.402381181716918945e-02 2.975654788315296173e-02 8.254505693912506104e-03 5.187578964978456497e-03 2.689332142472267151e-02 7.847842760384082794e-03 2.980611100792884827e-02 1.601281389594078064e-02 4.735422844532877207e-04 4.370054695755243301e-03 2.696144580841064453e-02 1.336468756198883057e-02 2.990704402327537537e-02 2.234565559774637222e-03 4.976121336221694946e-02 4.471397027373313904e-02 4.940664861351251602e-03 2.720062620937824249e-02 3.288701549172401428e-02 1.065750271081924438e-01 4.330608248710632324e-02 1.882920973002910614e-02 4.228070378303527832e-03 3.071287088096141815e-02 2.966545894742012024e-02 3.946340084075927734e-02 2.120810933411121368e-02 3.295086324214935303e-02 1.368102990090847015e-02 5.747009417973458767e-04 8.933166973292827606e-03 3.418807685375213623e-02 1.661566458642482758e-02 2.072248235344886780e-02 1.217885781079530716e-02 8.087097667157649994e-04 4.246470704674720764e-02 3.851318359375000000e-02 2.220733556896448135e-03 8.233635686337947845e-03 2.854116726666688919e-03 1.133450213819742203e-02 5.154154822230339050e-02 2.819532528519630432e-02 6.803540512919425964e-03 2.232078649103641510e-02 1.174527313560247421e-02 5.659160669893026352e-04 7.994125480763614178e-04 3.108427859842777252e-02 2.301687840372323990e-03 1.591390743851661682e-02 2.676779776811599731e-02 3.101492300629615784e-02 2.504782460164278746e-04 6.487269885838031769e-03 1.858923584222793579e-01 1.539198011159896851e-01 2.668273262679576874e-02 1.058423426002264023e-02 2.865238813683390617e-03 1.583172194659709930e-02 6.051357463002204895e-02 4.527580458670854568e-03 1.286951638758182526e-02 2.340375818312168121e-02 7.931577041745185852e-03 5.684122815728187561e-02 7.469763979315757751e-03 1.648180186748504639e-02 9.596932679414749146e-03 4.204202070832252502e-02 4.840402398258447647e-03 1.520765200257301331e-02 4.144047200679779053e-02 3.060779161751270294e-02 2.809509262442588806e-02 3.276575729250907898e-02 2.344824187457561493e-02 7.755942177027463913e-03 1.264752540737390518e-02 7.145605515688657761e-03 3.624406643211841583e-03 2.336281165480613708e-02 3.844932466745376587e-02 3.464043140411376953e-02 4.210026934742927551e-02 5.626792460680007935e-02 4.247556626796722412e-02 1.596213877201080322e-02 2.931949915364384651e-03 3.221552819013595581e-02
3.232301771640777588e-02 2.734461426734924316e-02 2.914626337587833405e-02 4.083203966729342937e-04 2.132044918835163116e-02 2.914998121559619904e-02 8.767404593527317047e-03 3.963671624660491943e-02 5.254839062690734863e-01 9.648922830820083618e-02 4.199659824371337891e-02 9.053400903940200806e-02 4.207727313041687012e-02 3.504317253828048706e-02 2.360029332339763641e-02 8.889365941286087036e-02 5.145404487848281860e-02 1.034042313694953918e-01 2.963291481137275696e-02 6.467839237302541733e-03 4.314516484737396240e-02 1.065984368324279785e-02 9.595528244972229004e-02 6.462001800537109375e-02 2.047716639935970306e-02 2.619948238134384155e-02 4.036563448607921600e-03 1.799510791897773743e-02 3.651374578475952148e-02 1.900050602853298187e-02 1.493380963802337646e-02 5.593766644597053528e-02 3.389779850840568542e-02 5.444816779345273972e-03 2.328179404139518738e-02 2.196911908686161041e-02 3.528312593698501587e-02 2.422281354665756226e-02 1.775664277374744415e-02 3.396102413535118103e-02 3.815671801567077637e-02 7.400997914373874664e-03 1.117451488971710205e-02 3.764133155345916748e-02 5.145691335201263428e-02 1.370502449572086334e-02 2.661636658012866974e-02 1.854765345342457294e-03 1.138546466827392578e-01 4.167654085904359818e-03 1.223803032189607620e-03 5.028903484344482422e-02 1.531326957046985626e-02 5.022647976875305176e-02 1.161386892199516296e-01 9.385012090206146240e-03 3.254255652427673340e-02 4.080910980701446533e-02 4.361245781183242798e-02 3.375032916665077209e-02 3.948597609996795654e-02 4.267159104347229004e-02 6.160611286759376526e-02 4.305037111043930054e-02 8.625139482319355011e-03 1.596574322320520878e-03 2.265886031091213226e-02 2.885263040661811829e-02 3.489001840353012085e-02 5.266250111162662506e-03 2.433525770902633667e-02 3.427702176850289106e-04 2.687264792621135712e-02 1.346158050000667572e-02 3.186591714620590210e-02 2.899784222245216370e-02 1.621792167425155640e-01 3.270229324698448181e-02 1.014567352831363678e-02 4.615928232669830322e-02 3.511181846261024475e-02 4.360205680131912231e-02 4.192486032843589783e-02 3.324248641729354858e-02 2.063778787851333618e-02 5.068458244204521179e-02 3.448626026511192322e-02 5.182923749089241028e-02 1.065420433878898621e-01 2.635490614920854568e-03 2.816907130181789398e-02 1.254152785986661911e-02 1.135631464421749115e-02 1.631010696291923523e-02 4.888241365551948547e-02 3.411754593253135681e-02 3.163417056202888489e-02 2.706711925566196442e-02 1.411997340619564056e-02 4.538561031222343445e-02 3.169711912050843239e-03 4.861428961157798767e-02 3.330131620168685913e-02 1.927763596177101135e-02 4.755853489041328430e-02 3.725431626662611961e-03 1.289324648678302765e-02 2.243484929203987122e-02 4.827448725700378418e-02 2.496095933020114899e-02 9.766314178705215454e-03 3.189573436975479126e-02 3.185173124074935913e-02 3.630590438842773438e-02 3.906758502125740051e-02 4.197754710912704468e-02
2.656802162528038025e-02 2.675109170377254486e-02 1.496258573752129450e-05 8.773981593549251556e-03 2.033780887722969055e-02 1.411303528584539890e-04 5.079573020339012146e-03 3.764002770185470581e-02 9.648922830820083618e-02 5.266169905662536621e-01 4.355430137366056442e-03 1.975921727716922760e-02 3.499341383576393127e-02 6.210792437195777893e-02 6.747102364897727966e-03 6.681195646524429321e-02 7.968070358037948608e-02 2.896625176072120667e-02 5.074784532189369202e-02 6.589649710804224014e-04 4.662348330020904541e-02 3.913540020585060120e-02 4.442625120282173157e-02 7.264753431081771851e-02 3.408703207969665527e-02 4.559354856610298157e-02 1.633074693381786346e-02 4.439052939414978027e-02 2.102523669600486755e-02 4.551435634493827820e-02 2.500352635979652405e-02 6.953384145162999630e-04 4.496621713042259216e-02 9.662938304245471954e-03 3.722945600748062134e-02 1.138408295810222626e-02 4.854121711105108261e-03 1.031295210123062134e-02 3.494041413068771362e-02 1.819817721843719482e-02 9.961712639778852463e-04 6.185021251440048218e-03 4.011387377977371216e-02 5.188876297324895859e-03 4.847140982747077942e-02 2.566502057015895844e-02 6.004697177559137344e-03 2.302250452339649200e-02 5.373123288154602051e-02 6.264536082744598389e-02 2.867248095571994781e-02 4.664629697799682617e-02 1.934971101582050323e-02 2.862115949392318726e-02 3.738497197628021240e-02 4.095040634274482727e-02 1.325888652354478836e-02 4.219635948538780212e-02 2.315079607069492340e-02 2.495430596172809601e-02 4.242443665862083435e-02 1.758253946900367737e-02 3.843872249126434326e-02 1.879152492620050907e-03 4.733256250619888306e-02 9.221369400620460510e-03 3.942141681909561157e-02 3.666780889034271240e-02 3.109155409038066864e-02 2.342443168163299561e-02 5.997680872678756714e-02 2.947131171822547913e-02 2.485075965523719788e-02 4.552356526255607605e-02 1.398616097867488861e-02 3.441612422466278076e-02 6.798654794692993164e-02 1.199362725019454956e-01 8.150450885295867920e-03 2.951941266655921936e-02 1.179131865501403809e-02 3.268598765134811401e-02 2.515569888055324554e-02 2.933230996131896973e-02 3.803088515996932983e-02 4.362455010414123535e-02 4.295512288808822632e-02 4.444574192166328430e-02 5.234482139348983765e-02 7.412780076265335083e-02 6.163857877254486084e-03 1.050007622689008713e-02 4.603367298841476440e-02 1.758997328579425812e-02 5.797045305371284485e-02 8.721158653497695923e-02 2.532163262367248535e-02 3.548044338822364807e-02 4.499965161085128784e-02 4.170270636677742004e-02 2.658113650977611542e-02 2.300085499882698059e-02 2.151235751807689667e-02 1.113553252071142197e-02 2.739344537258148193e-02 1.590511202812194824e-02 5.285609513521194458e-03 8.054989390075206757e-03 4.354807082563638687e-03 4.084997996687889099e-02 3.944984450936317444e-02 1.844851300120353699e-02 4.925887659192085266e-02 4.407552257180213928e-02 4.485092312097549438e-02 9.572315961122512817e-03
1.240858137607574463e-01 8.624351024627685547e-02 9.135583415627479553e-03 4.516217857599258423e-03 8.123817853629589081e-03 7.918039709329605103e-02 7.783523947000503540e-02 1.457342412322759628e-02 4.199659824371337891e-02 4.355430137366056442e-03 5.256782770156860352e-01 3.707748651504516602e-02 1.061222851276397705e-01 1.055173575878143311e-02 1.738121616654098034e-03 6.668206769973039627e-03 4.592100158333778381e-03 4.138204455375671387e-02 6.461298558861017227e-03 2.070292085409164429e-02 3.881640033796429634e-03 3.060921467840671539e-02 1.405666489154100418e-02 1.745321671478450298e-03 3.048427868634462357e-03 9.174618870019912720e-03 1.031345035880804062e-02 2.579643204808235168e-02 8.359391987323760986e-02 3.621821850538253784e-02 8.042996376752853394e-02 1.925581693649291992e-02 1.182413008064031601e-02 2.189133130013942719e-02 2.107360027730464935e-02 5.503924190998077393e-02 3.533813729882240295e-02 6.862407084554433823e-03 1.600660197436809540e-02 3.989505581557750702e-03 8.134943433105945587e-03 3.791259229183197021e-02 2.970029227435588837e-02 1.041212584823369980e-02 3.132400289177894592e-02 6.193966837599873543e-04 7.098822295665740967e-02 2.970022894442081451e-02 1.182833034545183182e-02 2.037878520786762238e-02 4.541832208633422852e-02 2.261988446116447449e-02 9.847137145698070526e-03 5.662203766405582428e-03 4.059454798698425293e-02 9.108313359320163727e-03 2.153949998319149017e-02 1.858436851762235165e-03 4.544520750641822815e-03 1.347232144325971603e-02 4.581825435161590576e-02 3.918780013918876648e-03 4.085491225123405457e-02 1.151048019528388977e-02 3.392011672258377075e-02 2.748828008770942688e-02 1.544374856166541576e-03 9.594434872269630432e-03 3.325450047850608826e-02 2.727282419800758362e-02 1.947272568941116333e-02 5.192825943231582642e-02 1.669238135218620300e-02 3.304393216967582703e-02 1.774437725543975830e-02 4.743991419672966003e-02 4.291674867272377014e-02 2.774778939783573151e-02 9.450996294617652893e-03 1.934816874563694000e-02 2.561960741877555847e-02 1.269160490483045578e-02 3.881623223423957825e-02 1.196302659809589386e-02 1.043467223644256592e-02 1.223628409206867218e-02 5.207272712141275406e-03 1.321878191083669662e-02 3.694418817758560181e-02 3.900669142603874207e-02 4.529851302504539490e-02 1.894661784172058105e-02 1.959225395694375038e-03 4.639344755560159683e-03 4.595210775732994080e-02 4.790799692273139954e-02 3.778501600027084351e-02 3.659594804048538208e-02 3.016156144440174103e-02 3.268288075923919678e-02 3.643074072897434235e-03 2.653250657021999359e-02 3.860734775662422180e-02 4.930904880166053772e-02 2.288488298654556274e-02 1.012387778609991074e-02 9.777418337762355804e-03 3.073881752789020538e-02 2.079216018319129944e-02 2.314433641731739044e-02 5.461615510284900665e-03 4.285857081413269043e-02 5.049987812526524067e-04 1.901372522115707397e-02 3.390956670045852661e-02 3.728115931153297424e-02
1.853069849312305450e-02 3.498411923646926880e-02 7.124836556613445282e-03 1.244948990643024445e-02 4.003648459911346436e-02 3.985004872083663940e-02 4.343405365943908691e-02 4.994279239326715469e-03 9.053400903940200806e-02 1.975921727716922760e-02 3.707748651504516602e-02 5.002132058143615723e-01 1.706431247293949127e-02 2.561540305614471436e-01 1.089273253455758095e-03 7.908266969025135040e-03 3.225279273465275764e-03 2.450270205736160278e-02 3.034982457756996155e-02 1.023635920137166977e-02 1.672608964145183563e-02 3.199384361505508423e-02 1.294687688350677490e-01 9.240391105413436890e-02 2.806669287383556366e-02 1.330782310105860233e-03 2.404882200062274933e-02 1.197135224938392639e-01 3.434852883219718933e-02 1.241082251071929932e-01 6.197742186486721039e-03 3.131752833724021912e-02 2.998127974569797516e-02 3.913478925824165344e-02 4.393640533089637756e-02 3.074023500084877014e-02 2.281139604747295380e-03 1.493838522583246231e-02 3.709772974252700806e-02 3.132285550236701965e-02 3.927293047308921814e-02 1.917822472751140594e-02 1.569437794387340546e-02 7.523949258029460907e-03 4.737811908125877380e-02 1.015486847609281540e-02 3.256141021847724915e-02 4.088636487722396851e-02 4.640058055520057678e-02 3.455017507076263428e-02 4.341809824109077454e-02 7.286790013313293457e-02 3.570650145411491394e-02 2.048269473016262054e-02 2.417293749749660492e-02 3.212194144725799561e-02 1.129432301968336105e-02 1.834167540073394775e-02 4.383978620171546936e-02 3.917584568262100220e-02 2.205732092261314392e-02 6.120030954480171204e-02 1.084414869546890259e-02 2.322849072515964508e-02 3.310484066605567932e-02 4.085181746631860733e-03 8.184899576008319855e-03 4.521156661212444305e-03 2.526590973138809204e-02 2.028461545705795288e-03 2.617609314620494843e-02 3.598758950829505920e-02 3.980899974703788757e-02 7.196203805506229401e-03 3.569045290350914001e-02 7.138836663216352463e-03 9.279463440179824829e-02 1.763721928000450134e-02 1.232914440333843231e-02 2.448628470301628113e-02 1.899797283113002777e-02 3.640722855925559998e-02 3.133616596460342407e-02 5.239700898528099060e-03 3.295569121837615967e-02 4.221713915467262268e-02 4.838831373490393162e-04 1.764532178640365601e-02 1.369316224008798599e-02 4.612740874290466309e-02 1.620609872043132782e-02 3.797191753983497620e-02 8.864431641995906830e-03 7.151472847908735275e-03 1.477842871099710464e-02 2.859004773199558258e-02 1.957846060395240784e-02 6.800660397857427597e-03 2.136830706149339676e-03 1.872144825756549835e-02 3.325077518820762634e-02 1.043393276631832123e-02 3.088488243520259857e-02 1.342038903385400772e-02 3.342808410525321960e-02 1.343150809407234192e-02 1.216418389230966568e-02 3.173501417040824890e-02 3.645671904087066650e-02 7.477953098714351654e-03 2.414009720087051392e-02 1.703616417944431305e-02 3.158214688301086426e-02 1.139471679925918579e-02 3.692791238427162170e-02 2.183510176837444305e-02
1.071823239326477051e-01 1.236561983823776245e-01 1.169836986809968948e-02 7.107332348823547363e-03 3.327826038002967834e-03 4.901871085166931152e-02 1.000110208988189697e-01 1.992563158273696899e-02 4.207727313041687012e-02 3.499341383576393127e-02 1.061222851276397705e-01 1.706431247293949127e-02 5.270927548408508301e-01 3.067101165652275085e-02 1.073516206815838814e-03 2.706607803702354431e-02 3.321554511785507202e-02 3.116231178864836693e-03 2.523512765765190125e-02 2.394270151853561401e-02 6.009078118950128555e-03 4.919840022921562195e-02 1.724047213792800903e-02 2.199730835855007172e-02 1.344382576644420624e-02 2.916944772005081177e-02 1.126903388649225235e-02 2.245589159429073334e-02 6.427685171365737915e-02 4.098375793546438217e-03 1.304261833429336548e-01 8.146936306729912758e-04 1.960367150604724884e-02 1.701964437961578369e-02 2.367916330695152283e-02 3.837379068136215210e-02 4.551063477993011475e-02 2.871765941381454468e-02 4.199887439608573914e-02 2.745100297033786774e-02 1.296490430831909180e-02 3.027277439832687378e-02 4.695041850209236145e-02 3.870145976543426514e-02 6.290676072239875793e-03 1.309557165950536728e-02 6.424355506896972656e-02 9.477058053016662598e-02 4.140420630574226379e-02 4.922045767307281494e-02 1.271799392998218536e-02 1.678964495658874512e-02 3.270409069955348969e-05 4.171974025666713715e-03 1.492116693407297134e-02 3.381679579615592957e-02 2.824489958584308624e-02 4.709086846560239792e-03 1.512373611330986023e-02 2.455386146903038025e-02 3.609889000654220581e-02 4.212569817900657654e-02 4.370863363146781921e-02 3.068401105701923370e-02 3.613677807152271271e-03 3.482246026396751404e-02 1.933909766376018524e-02 1.161277759820222855e-03 2.672125585377216339e-02 1.469742879271507263e-02 2.513109520077705383e-02 1.017612963914871216e-02 2.247402630746364594e-02 4.755793511867523193e-02 2.436597272753715515e-02 4.045090451836585999e-02 3.939316049218177795e-02 2.232079952955245972e-02 1.862797699868679047e-02 2.043353766202926636e-02 4.526643455028533936e-02 3.824857249855995178e-02 2.222780510783195496e-02 3.107430413365364075e-02 3.768938407301902771e-02 3.305451199412345886e-02 2.167855761945247650e-02 8.992243558168411255e-03 1.839422807097434998e-02 2.726248651742935181e-02 3.099596500396728516e-02 1.298711914569139481e-02 4.281863942742347717e-02 6.096434965729713440e-02 2.400851622223854065e-02 2.787331119179725647e-02 3.767549991607666016e-02 2.229610458016395569e-02 2.386223338544368744e-02 3.272740542888641357e-02 2.287744544446468353e-03 2.228667587041854858e-02 1.518923137336969376e-02 1.442435197532176971e-02 2.535091526806354523e-02 3.903645090758800507e-03 2.488607540726661682e-02 2.956955879926681519e-02 3.617899725213646889e-03 4.511553049087524414e-02 1.935718581080436707e-02 2.378318645060062408e-02 1.271920371800661087e-02 1.136038801632821560e-03 7.372662425041198730e-03 4.408435150980949402e-02
