4.963646829128265381e-01 2.557452023029327393e-01 3.459276631474494934e-02 2.896095253527164459e-02 5.879852920770645142e-03 2.048855870962142944e-01 1.292713433504104614e-01 1.649083755910396576e-02 1.366031449288129807e-02 2.063488215208053589e-02 1.093997135758399963e-01 3.142978250980377197e-02 1.157858818769454956e-01 4.878912121057510376e-02 8.714249357581138611e-03 1.167258061468601227e-02 2.345956675708293915e-02 1.774691231548786163e-02 3.849184885621070862e-02 1.954586058855056763e-02 5.420970730483531952e-03 1.049207150936126709e-02 3.224808350205421448e-02 1.221650280058383942e-02 5.899411160498857498e-03 1.686813309788703918e-02 2.794207632541656494e-02 2.644226886332035065e-02 2.591348253190517426e-02 1.670662313699722290e-03 1.080516632646322250e-02 3.231888264417648315e-02 3.631997108459472656e-02 2.100581862032413483e-02 2.689802087843418121e-03 4.759097844362258911e-02 1.362847164273262024e-02 1.955237239599227905e-02 2.602845057845115662e-02 3.839302808046340942e-02 2.148022642359137535e-03 2.067458070814609528e-02 3.103399462997913361e-02 3.478658944368362427e-02 6.131130829453468323e-02 8.686716109514236450e-02 9.219606220722198486e-02 5.930923670530319214e-02 5.422434187494218349e-04 4.129646345973014832e-02 1.461378671228885651e-02 2.529538050293922424e-02 3.418510407209396362e-02 1.835758611559867859e-02 4.265935719013214111e-02 2.786154113709926605e-02 4.360826220363378525e-03 3.637877106666564941e-02 2.500944212079048157e-02 1.553551666438579559e-02 5.495931953191757202e-03 9.511111304163932800e-03 2.511075465008616447e-03 2.719849720597267151e-02 5.545286461710929871e-02 1.005458366125822067e-02 3.326703980565071106e-02 5.120191723108291626e-03 8.017155341804027557e-03 3.319910168647766113e-02 4.091749433428049088e-03 2.713881060481071472e-02 3.872411325573921204e-02 3.038483858108520508e-02 4.060773551464080811e-02 3.562866151332855225e-02 2.163657918572425842e-02 1.206647697836160660e-02 3.372066840529441833e-02 1.463025901466608047e-02 3.681669756770133972e-02 7.228374946862459183e-03 1.176516339182853699e-02 3.503355756402015686e-02 1.815920323133468628e-02 2.063131146132946014e-02 2.587481774389743805e-02 4.080936685204505920e-02 5.222279205918312073e-02 2.541259489953517914e-02 2.094840630888938904e-02 2.305373549461364746e-02 2.079291455447673798e-02 3.231252357363700867e-02 4.658543691039085388e-02 2.989564277231693268e-02 1.073356624692678452e-02 2.196229808032512665e-02 3.697796911001205444e-02 2.562587894499301910e-02 1.967152021825313568e-02 1.568417437374591827e-02 8.619876578450202942e-03 9.441553265787661076e-04 3.379011526703834534e-02 8.859332650899887085e-03 2.783534862101078033e-02 9.471307508647441864e-03 4.283820744603872299e-03 9.079388342797756195e-03 4.491552338004112244e-02 1.990031683817505836e-03 1.856000721454620361e-02 2.871198393404483795e-02 2.095588855445384979e-02 4.682261496782302856e-02
2.557452023029327393e-01 5.022912621498107910e-01 4.716639593243598938e-02 3.455382958054542542e-02 1.548637542873620987e-02 1.739718317985534668e-01 1.381739377975463867e-01 2.047267742455005646e-02 2.886979840695858002e-02 2.217834070324897766e-02 9.242143481969833374e-02 2.868582122027873993e-02 1.409199833869934082e-01 3.270304203033447266e-02 1.178031135350465775e-02 1.888630539178848267e-02 7.977507077157497406e-03 2.782158739864826202e-02 2.870123460888862610e-02 4.505120217800140381e-03 3.021225519478321075e-02 1.683954894542694092e-02 2.388184145092964172e-02 1.677273772656917572e-02 2.459519309923052788e-03 2.871887572109699249e-02 1.965165138244628906e-02 3.089707903563976288e-02 8.839002810418605804e-03 4.889785312116146088e-03 2.301868237555027008e-02 4.068272933363914490e-02 4.343100264668464661e-02 3.293634206056594849e-02 1.068060286343097687e-02 2.913361229002475739e-02 4.849056713283061981e-03 5.264177452772855759e-04 4.426116496324539185e-02 2.127299085259437561e-02 2.823242358863353729e-02 2.003156393766403198e-02 2.964501455426216125e-02 1.185813918709754944e-02 4.871369898319244385e-02 5.222114175558090210e-02 7.231147587299346924e-02 5.885897949337959290e-02 1.219080761075019836e-03 3.372628241777420044e-02 1.512800902128219604e-02 2.378821931779384613e-02 2.411104738712310791e-02 3.047052770853042603e-02 3.584646061062812805e-02 3.706459701061248779e-02 1.051423046737909317e-02 8.093386888504028320e-03 2.775899320840835571e-02 3.930440545082092285e-02 2.479954250156879425e-02 9.983309544622898102e-03 1.187680521979928017e-03 2.619303017854690552e-02 3.149527683854103088e-02 4.925546050071716309e-02 3.753400221467018127e-02 2.080036327242851257e-02 2.398301474750041962e-02 1.259119156748056412e-02 2.630240283906459808e-02 4.748305305838584900e-02 4.453250765800476074e-02 2.220954187214374542e-02 4.114811867475509644e-02 2.199798263609409332e-02 3.764575347304344177e-02 3.986787050962448120e-02 1.114765647798776627e-02 1.791279576718807220e-02 1.441881898790597916e-02 3.077868185937404633e-02 2.324747852981090546e-02 3.580445423722267151e-02 3.995737433433532715e-02 2.234321832656860352e-02 8.939624764025211334e-03 1.837764517404139042e-03 5.001893267035484314e-02 3.041073679924011230e-02 4.241830110549926758e-02 1.378530170768499374e-03 1.538819074630737305e-02 1.016262825578451157e-02 2.740283310413360596e-02 3.385359793901443481e-02 4.014747962355613708e-02 3.735814616084098816e-02 3.819266334176063538e-02 1.678735390305519104e-02 1.966484077274799347e-02 1.811718568205833435e-02 2.479606121778488159e-02 3.377024829387664795e-02 1.022109203040599823e-02 6.054160650819540024e-03 3.415587544441223145e-02 2.798017673194408417e-02 3.609010484069585800e-03 1.451077032834291458e-02 1.354891806840896606e-02 1.542089320719242096e-02 2.453337050974369049e-02 4.497967660427093506e-02 2.502681873738765717e-02 7.600619457662105560e-03
3.459276631474494934e-02 4.716639593243598938e-02 4.760364592075347900e-01 4.235923662781715393e-02 2.302428893744945526e-02 2.858223021030426025e-02 3.857080638408660889e-02 1.991754174232482910e-01 4.863887559622526169e-03 8.563071489334106445e-03 7.260091602802276611e-03 4.814020171761512756e-02 2.335406281054019928e-02 5.827852990478277206e-03 1.342075970023870468e-02 1.958233676850795746e-02 4.568209405988454819e-03 4.556410759687423706e-02 7.440300192683935165e-03 2.740339003503322601e-02 5.239461548626422882e-03 3.853687644004821777e-02 1.080665737390518188e-02 2.806236501783132553e-03 3.808880224823951721e-02 1.749284751713275909e-02 4.866751655936241150e-02 4.330230504274368286e-02 1.795286196283996105e-03 4.457516968250274658e-02 2.728601731359958649e-02 7.471145363524556160e-04 4.661065712571144104e-02 1.279432047158479691e-02 3.066626191139221191e-02 2.648299559950828552e-02 4.444942250847816467e-02 3.444705216679722071e-04 2.081873081624507904e-02 1.702329702675342560e-02 4.190728813409805298e-02 7.546353619545698166e-03 5.142293870449066162e-02 4.235660657286643982e-02 1.880511525087058544e-03 8.593617007136344910e-03 2.849221229553222656e-02 3.296699747443199158e-02 2.539301291108131409e-02 6.624071393162012100e-03 1.318190712481737137e-02 3.117237612605094910e-02 1.020832173526287079e-02 2.534051425755023956e-02 1.578960008919239044e-02 1.224621757864952087e-02 2.205283567309379578e-02 2.557194977998733521e-02 2.129312418401241302e-02 2.318128757178783417e-02 3.384182974696159363e-02 5.743270274251699448e-03 2.441029436886310577e-02 3.404993563890457153e-02 1.500369422137737274e-02 3.303176164627075195e-02 2.574089914560317993e-02 4.342753440141677856e-02 2.526798844337463379e-02 2.047079801559448242e-02 2.320693247020244598e-02 3.018270991742610931e-02 1.222482882440090179e-03 1.817222498357295990e-02 1.852328190580010414e-03 3.623534226790070534e-03 4.492593556642532349e-02 4.811943043023347855e-03 1.761835813522338867e-02 2.395210042595863342e-02 1.939569562673568726e-01 1.726148277521133423e-01 1.769943349063396454e-02 4.786705225706100464e-02 2.667096070945262909e-02 2.966962521895766258e-03 1.194501575082540512e-02 1.231349725276231766e-02 1.050362770911306143e-04 2.748181298375129700e-02 4.765476565808057785e-03 1.872209832072257996e-02 2.815804816782474518e-02 3.618440032005310059e-02 2.532133832573890686e-02 2.094446867704391479e-02 4.038175567984580994e-02 1.584249548614025116e-02 2.122711855918169022e-03 5.045486614108085632e-02 3.703447803854942322e-02 4.995868657715618610e-04 1.981272548437118530e-02 3.519264608621597290e-02 2.130394615232944489e-02 1.900690980255603790e-02 1.921251649037003517e-03 5.088781192898750305e-02 2.704202383756637573e-02 7.755362428724765778e-03 1.096659153699874878e-02 9.429415687918663025e-03 4.358453676104545593e-02 5.146256182342767715e-03 4.086536914110183716e-02 4.242685437202453613e-02
2.896095253527164459e-02 3.455382958054542542e-02 4.235923662781715393e-02 4.951601028442382812e-01 1.713503599166870117e-01 2.845831029117107391e-02 2.486039884388446808e-02 4.882114753127098083e-02 2.237569727003574371e-02 3.243138641119003296e-02 2.417901344597339630e-02 1.134112849831581116e-02 2.948616445064544678e-02 1.167830172926187515e-02 5.962539929896593094e-03 1.432400289922952652e-02 1.494177803397178650e-02 6.808225065469741821e-02 8.224105834960937500e-02 3.581018000841140747e-02 2.097956836223602295e-02 6.149434950202703476e-03 7.923890836536884308e-03 1.941104419529438019e-02 3.147835657000541687e-02 4.117723926901817322e-02 3.321839496493339539e-02 2.267046086490154266e-02 2.915911003947257996e-02 4.990985617041587830e-03 4.013875871896743774e-02 2.277142927050590515e-02 2.261130884289741516e-02 1.906997873447835445e-03 7.800217252224683762e-03 8.447018451988697052e-03 4.422074556350708008e-02 1.460105367004871368e-02 9.553503990173339844e-02 5.548002198338508606e-02 4.500174149870872498e-02 1.741666346788406372e-02 3.561506420373916626e-02 2.547784522175788879e-02 3.714335709810256958e-02 4.625817760825157166e-02 2.581639587879180908e-02 5.686090793460607529e-03 3.470811247825622559e-02 5.064613744616508484e-02 4.995921161025762558e-03 3.210655972361564636e-02 4.167544841766357422e-02 3.498569130897521973e-02 7.685528136789798737e-03 3.580360114574432373e-02 2.263075858354568481e-02 1.577483303844928741e-02 1.283024623990058899e-02 4.047788679599761963e-02 1.480987388640642166e-02 5.140581727027893066e-02 1.605577953159809113e-02 9.770925156772136688e-03 1.908124424517154694e-02 2.850377559661865234e-02 4.514687135815620422e-02 3.373772278428077698e-02 6.164148449897766113e-03 1.623080112040042877e-02 1.257108245044946671e-02 9.513814002275466919e-03 1.124403178691864014e-01 2.314188750460743904e-03 1.141568496823310852e-01 1.871500164270401001e-02 1.018414460122585297e-02 2.385709062218666077e-02 1.172453165054321289e-02 3.802998736500740051e-02 3.420285508036613464e-02 1.061951648443937302e-02 8.792573213577270508e-02 7.702536135911941528e-02 3.948606550693511963e-02 4.160298034548759460e-02 1.379196718335151672e-02 3.275676071643829346e-02 2.551513724029064178e-03 9.462692774832248688e-03 4.769327118992805481e-03 8.329567499458789825e-03 2.975852694362401962e-03 1.676642149686813354e-02 5.343260988593101501e-02 4.328647628426551819e-02 3.815129771828651428e-02 5.168131086975336075e-03 1.625846140086650848e-02 8.848640136420726776e-03 9.720532689243555069e-04 2.392479836998973042e-05 1.464016363024711609e-02 4.857457429170608521e-02 1.577962562441825867e-02 4.148327931761741638e-02 1.983899995684623718e-02 1.505084149539470673e-02 3.037662617862224579e-02 4.107009444851428270e-04 2.851712331175804138e-02 1.725030876696109772e-02 3.109830059111118317e-02 2.613017149269580841e-02 2.233663946390151978e-02 3.082870133221149445e-02
5.879852920770645142e-03 1.548637542873620987e-02 2.302428893744945526e-02 1.713503599166870117e-01 4.835638701915740967e-01 3.294906020164489746e-02 1.500985492020845413e-02 3.126757219433784485e-02 1.837175339460372925e-02 5.271796509623527527e-02 1.336820144206285477e-02 1.344662811607122421e-02 1.032748911529779434e-02 1.418910454958677292e-02 1.041641179472208023e-02 3.479657229036092758e-03 1.441807951778173447e-03 5.608291178941726685e-02 8.254173398017883301e-02 2.228861860930919647e-02 2.716331928968429565e-02 2.173291286453604698e-03 2.243954874575138092e-02 1.291773095726966858e-02 2.756848372519016266e-02 3.982042893767356873e-02 3.911891579627990723e-02 7.024181541055440903e-03 5.134605243802070618e-02 1.333427522331476212e-02 3.087536990642547607e-02 2.281270362436771393e-02 1.393421087414026260e-02 2.635898068547248840e-03 5.651072133332490921e-03 1.326967589557170868e-02 2.467086352407932281e-02 3.312944900244474411e-03 9.017961472272872925e-02 7.088267803192138672e-02 2.687925845384597778e-02 4.081266373395919800e-02 9.767515584826469421e-03 4.093749821186065674e-02 3.061295021325349808e-03 3.156618447974324226e-03 2.144081518054008484e-02 1.328831817954778671e-02 5.058807134628295898e-02 4.979266971349716187e-02 4.963648039847612381e-03 2.982346527278423309e-02 4.314671456813812256e-02 3.307237848639488220e-02 4.352404549717903137e-02 2.262991853058338165e-02 2.326731942594051361e-02 1.286849565804004669e-02 2.552286535501480103e-02 4.012998193502426147e-02 4.633728414773941040e-03 4.558258876204490662e-02 1.958088250830769539e-03 6.460778880864381790e-03 2.277900092303752899e-02 2.998862788081169128e-02 3.543759882450103760e-02 1.157731004059314728e-02 9.827835485339164734e-03 3.529737005010247231e-03 1.522781327366828918e-02 8.563382434658706188e-04 8.947988599538803101e-02 2.307349070906639099e-02 1.061590984463691711e-01 3.364049643278121948e-02 4.137654323130846024e-03 1.792193390429019928e-03 3.837551921606063843e-02 4.198403563350439072e-03 2.129339613020420074e-02 2.902581170201301575e-02 6.648178398609161377e-02 1.137744784355163574e-01 3.382789343595504761e-02 3.897255286574363708e-02 5.133169703185558319e-03 3.046015463769435883e-02 1.289572939276695251e-02 4.600991960614919662e-03 1.441806182265281677e-02 2.146092057228088379e-02 2.348747104406356812e-03 2.389813773334026337e-03 5.182242020964622498e-02 4.040447622537612915e-02 6.729786400683224201e-04 1.733129029162228107e-04 1.710026524960994720e-02 5.198122933506965637e-03 5.752911325544118881e-03 6.688232533633708954e-04 1.261523459106683731e-02 4.520425945520401001e-02 3.522353991866111755e-02 4.908930882811546326e-02 5.806200206279754639e-03 2.018750831484794617e-02 2.691560983657836914e-02 4.545496031641960144e-02 5.531831644475460052e-03 3.059515729546546936e-02 4.348582774400711060e-02 3.927703574299812317e-02 2.545567601919174194e-02 2.959010750055313110e-02
2.048855870962142944e-01 1.739718317985534668e-01 2.858223021030426025e-02 2.845831029117107391e-02 3.294906020164489746e-02 5.027252435684204102e-01 2.366931736469268799e-01 1.886254642158746719e-03 2.673373371362686157e-02 4.137578979134559631e-02 1.058321967720985413e-01 3.261702135205268860e-02 1.051187738776206970e-01 4.379199445247650146e-02 2.426860667765140533e-02 2.704490907490253448e-02 2.038975618779659271e-02 3.127649426460266113e-02 1.992990262806415558e-02 1.810654066503047943e-02 3.660263866186141968e-02 9.835925884544849396e-03 2.972709015011787415e-03 3.649188578128814697e-02 1.381468726322054863e-03 1.313696708530187607e-02 3.947977721691131592e-02 2.030740492045879364e-02 5.041031539440155029e-02 1.403342001140117645e-02 2.539577335119247437e-02 3.797233849763870239e-02 2.960649318993091583e-02 1.056033838540315628e-02 3.178788721561431885e-02 4.094027355313301086e-02 6.780695170164108276e-03 8.737290278077125549e-03 3.876512497663497925e-02 6.796297151595354080e-03 8.899610489606857300e-03 2.981558255851268768e-02 9.370467625558376312e-03 1.585861667990684509e-02 3.827205672860145569e-02 2.607705257833003998e-02 1.822639554738998413e-01 1.180538460612297058e-01 4.018269479274749756e-02 2.133911103010177612e-02 4.603490605950355530e-02 1.348791271448135376e-02 1.738313958048820496e-02 5.201468616724014282e-02 1.469551119953393936e-02 2.517645433545112610e-02 3.344125673174858093e-02 6.762119475752115250e-03 2.624097093939781189e-02 1.189981307834386826e-02 3.566224873065948486e-02 1.384097710251808167e-02 3.150845319032669067e-02 3.142702579498291016e-02 4.411068931221961975e-02 1.500253565609455109e-02 2.180563658475875854e-02 3.691659867763519287e-02 6.442433688789606094e-03 3.952471911907196045e-02 2.240333706140518188e-03 2.272534742951393127e-02 4.004371911287307739e-02 3.337995335459709167e-02 3.491959348320960999e-02 2.575511857867240906e-02 3.573596850037574768e-02 3.334566205739974976e-02 8.446277119219303131e-03 4.704674705862998962e-03 8.040923625230789185e-03 4.212594777345657349e-02 2.215836383402347565e-02 6.092368159443140030e-03 7.272776216268539429e-03 2.748133055865764618e-02 1.153955515474081039e-02 3.288269042968750000e-02 3.537289053201675415e-02 2.875662222504615784e-02 6.865711766295135021e-04 6.369506008923053741e-03 3.672404913231730461e-03 4.206057637929916382e-02 1.852946542203426361e-02 2.339953370392322540e-02 3.224147111177444458e-02 2.942384406924247742e-02 2.577190846204757690e-02 1.870281808078289032e-02 8.479186333715915680e-03 2.832517772912979126e-02 2.042138762772083282e-02 7.048750761896371841e-03 2.067960612475872040e-02 3.304281085729598999e-02 2.029145695269107819e-02 4.059344902634620667e-02 4.182456061244010925e-02 4.178898409008979797e-02 1.516688149422407150e-02 5.572126246988773346e-03 1.579000987112522125e-02 8.435366675257682800e-03 6.148342043161392212e-03 1.863886788487434387e-02
1.292713433504104614e-01 1.381739377975463867e-01 3.857080638408660889e-02 2.486039884388446808e-02 1.500985492020845413e-02 2.366931736469268799e-01 5.149325132369995117e-01 1.831471920013427734e-02 4.593446850776672363e-02 2.812567725777626038e-02 9.768757224082946777e-02 2.902773953974246979e-02 1.098694801330566406e-01 1.472753845155239105e-02 3.147307038307189941e-02 1.041887793689966202e-02 1.722026057541370392e-02 2.926331572234630585e-02 4.469057917594909668e-02 3.201115876436233521e-03 2.561347186565399170e-02 2.555162413045763969e-03 3.823742642998695374e-02 1.212223200127482414e-03 1.739994063973426819e-02 3.221074491739273071e-02 4.174323007464408875e-02 3.186573460698127747e-02 8.099889382719993591e-03 5.063388869166374207e-02 4.892794415354728699e-02 3.191973268985748291e-02 9.826102294027805328e-03 4.111978411674499512e-02 1.080598402768373489e-02 3.731255978345870972e-02 1.136283297091722488e-02 2.643807325512170792e-03 1.583728939294815063e-02 7.017813040874898434e-04 1.460250699892640114e-03 2.285871654748916626e-02 1.498998701572418213e-02 2.425827272236347198e-02 4.924157261848449707e-02 2.123492583632469177e-02 1.765881925821304321e-01 1.451422125101089478e-01 3.012142144143581390e-02 1.187852397561073303e-02 3.132008761167526245e-02 1.914188731461763382e-03 9.130250662565231323e-03 4.530128091573715210e-02 3.637176705524325371e-04 1.699740439653396606e-02 2.517821639776229858e-02 3.529370948672294617e-02 3.931574150919914246e-02 2.219578437507152557e-02 2.264259010553359985e-02 3.952794894576072693e-02 1.196167152374982834e-02 2.355570718646049500e-02 6.119898520410060883e-03 5.651170015335083008e-02 2.840217761695384979e-02 3.872405737638473511e-02 7.781664840877056122e-03 3.797421231865882874e-02 8.897052146494388580e-03 1.326247584074735641e-02 2.150911465287208557e-02 3.318566828966140747e-02 1.538889575749635696e-02 4.021095857024192810e-02 3.423735126852989197e-02 3.912394866347312927e-02 2.015263587236404419e-02 2.306786738336086273e-02 8.423891849815845490e-03 2.279957011342048645e-02 3.056421643123030663e-03 2.589339762926101685e-02 2.122798562049865723e-02 4.126566648483276367e-02 3.586383303627371788e-03 2.824442833662033081e-02 1.084174122661352158e-02 2.692471444606781006e-02 3.042982518672943115e-02 5.347282160073518753e-03 3.841860964894294739e-02 4.054131731390953064e-02 1.879528537392616272e-02 2.312246151268482208e-02 2.125052548944950104e-02 4.527112096548080444e-02 2.639072202146053314e-02 9.951814077794551849e-03 1.899654418230056763e-02 5.926975980401039124e-03 3.075577877461910248e-02 2.778585813939571381e-02 9.590742178261280060e-03 1.033692527562379837e-02 4.053147044032812119e-03 4.176471754908561707e-02 3.472105786204338074e-02 3.579310700297355652e-02 1.261658780276775360e-02 7.031156215816736221e-03 2.078693360090255737e-02 2.936543524265289307e-02 5.139798671007156372e-02 5.002656579017639160e-02
1.649083755910396576e-02 2.047267742455005646e-02 1.991754174232482910e-01 4.882114753127098083e-02 3.126757219433784485e-02 1.886254642158746719e-03 1.831471920013427734e-02 4.755212664604187012e-01 1.591464038938283920e-03 7.788463961333036423e-03 1.658987440168857574e-02 2.664519473910331726e-02 6.421908736228942871e-02 1.491178479045629501e-02 6.513836979866027832e-02 1.456858403980731964e-02 6.252613849937915802e-03 4.631955176591873169e-02 2.170463791117072105e-03 1.422926038503646851e-02 1.240005623549222946e-02 6.941058672964572906e-04 1.923245936632156372e-02 3.449276834726333618e-02 3.644230216741561890e-02 4.152745008468627930e-02 3.733123093843460083e-02 1.288596447557210922e-02 2.741249278187751770e-02 2.230579033493995667e-02 3.308925777673721313e-02 1.991735212504863739e-02 1.238926779478788376e-02 3.929879143834114075e-02 4.862005356699228287e-03 5.109020322561264038e-02 2.755461446940898895e-02 4.050460085272789001e-02 1.514690369367599487e-02 1.685900054872035980e-02 4.018995538353919983e-02 1.558822486549615860e-02 5.083646829007193446e-05 1.545704435557126999e-03 9.485139511525630951e-03 3.552406281232833862e-02 7.508188951760530472e-03 4.253380931913852692e-03 2.301984839141368866e-02 2.295928634703159332e-02 2.887690626084804535e-02 6.274435669183731079e-02 2.195766568183898926e-02 2.383236028254032135e-02 2.314183861017227173e-02 9.501858614385128021e-03 3.623990342020988464e-02 3.333364799618721008e-02 2.058285474777221680e-02 4.878067411482334137e-03 3.807063773274421692e-02 2.599367685616016388e-02 2.666872367262840271e-02 2.651997469365596771e-02 1.387082040309906006e-02 4.790401831269264221e-02 4.492480680346488953e-02 1.995585486292839050e-02 4.565658792853355408e-02 5.890722852200269699e-03 4.692356288433074951e-02 4.070135951042175293e-02 5.173848010599613190e-03 4.748941585421562195e-02 4.816513974219560623e-03 3.642382472753524780e-02 7.723327726125717163e-03 2.670099399983882904e-02 2.554615586996078491e-02 2.816121326759457588e-03 1.274732500314712524e-01 1.444926559925079346e-01 2.981984615325927734e-02 3.243742138147354126e-02 1.068064197897911072e-02 2.205351553857326508e-02 4.199499636888504028e-02 9.161736071109771729e-02 4.624896496534347534e-02 7.654811721295118332e-03 3.054814878851175308e-03 3.233925625681877136e-02 2.727938443422317505e-02 7.099330890923738480e-03 3.418726846575737000e-02 4.729219898581504822e-02 2.033680211752653122e-03 4.982991889119148254e-02 2.476286841556429863e-03 4.250382632017135620e-02 2.713144943118095398e-02 1.919862581416964531e-03 3.182543069124221802e-02 1.412504352629184723e-02 2.137115458026528358e-03 1.235650666058063507e-02 2.880731970071792603e-02 2.357297763228416443e-02 7.143370341509580612e-03 2.282034233212471008e-02 9.074055589735507965e-03 9.403703734278678894e-03 7.340291980654001236e-03 4.024762660264968872e-02 4.041169583797454834e-02 4.491965845227241516e-02
1.366031449288129807e-02 2.886979840695858002e-02 4.863887559622526169e-03 2.237569727003574371e-02 1.837175339460372925e-02 2.673373371362686157e-02 4.593446850776672363e-02 1.591464038938283920e-03 4.892564117908477783e-01 4.093635082244873047e-02 1.322854962199926376e-02 7.252393662929534912e-02 1.816395670175552368e-02 1.285950653254985809e-02 4.174167290329933167e-02 2.117426367476582527e-03 1.107884850353002548e-02 2.282208530232310295e-03 3.513633832335472107e-02 3.150502964854240417e-02 3.856598585844039917e-02 1.356248836964368820e-02 5.302461981773376465e-02 2.536057867109775543e-02 3.136397153139114380e-02 2.564752660691738129e-02 1.924964599311351776e-02 3.678264841437339783e-02 9.602888487279415131e-03 4.181873053312301636e-02 4.505568183958530426e-03 1.563633419573307037e-02 1.570536009967327118e-02 2.422177698463201523e-03 2.708295173943042755e-02 1.422501355409622192e-02 2.037711068987846375e-02 2.758819423615932465e-02 4.723346233367919922e-02 4.410268738865852356e-02 1.079283375293016434e-02 1.571749523282051086e-02 4.985971841961145401e-03 3.661777079105377197e-02 8.608555793762207031e-02 1.054194662719964981e-02 4.201259836554527283e-02 3.338787704706192017e-02 1.563383825123310089e-02 4.376776982098817825e-03 1.576247066259384155e-02 3.061763197183609009e-02 3.699728474020957947e-02 3.546010330319404602e-02 3.341166675090789795e-02 1.185084506869316101e-02 2.518035471439361572e-02 3.120671026408672333e-02 1.055975165218114853e-02 3.369222581386566162e-02 5.512300506234169006e-02 4.652090743184089661e-02 3.464818373322486877e-02 3.121859021484851837e-02 2.594341523945331573e-02 3.522026911377906799e-02 2.526514045894145966e-02 5.226849392056465149e-02 3.104832582175731659e-02 1.970455609261989594e-02 2.338149817660450935e-03 2.742606773972511292e-02 3.332730382680892944e-02 1.638163626194000244e-02 5.034745112061500549e-02 6.050591915845870972e-02 1.414358913898468018e-01 8.019255101680755615e-02 1.195610389113426208e-01 6.787902861833572388e-02 1.943961717188358307e-02 1.248423196375370026e-02 2.209535567089915276e-03 1.648530364036560059e-02 9.151635691523551941e-03 1.133195776492357254e-02 2.885433658957481384e-02 1.044352352619171143e-02 2.396998554468154907e-02 1.703706569969654083e-02 1.664365082979202271e-02 3.584507852792739868e-02 1.696459017693996429e-02 1.097474060952663422e-02 3.253333643078804016e-02 5.853111855685710907e-03 2.044471539556980133e-02 6.283351033926010132e-02 4.546618461608886719e-02 1.428626757115125656e-02 7.634871872141957283e-04 2.093350142240524292e-02 8.811891078948974609e-03 2.094516158103942871e-02 1.564699411392211914e-02 4.804557189345359802e-02 3.835627809166908264e-02 8.341365493834018707e-03 4.712412133812904358e-02 2.483106777071952820e-02 1.994193345308303833e-02 3.835671395063400269e-02 3.716054931282997131e-02 5.595968663692474365e-02 3.683467954397201538e-02 2.456533908843994141e-02
2.063488215208053589e-02 2.217834070324897766e-02 8.563071489334106445e-03 3.243138641119003296e-02 5.271796509623527527e-02 4.137578979134559631e-02 2.812567725777626038e-02 7.788463961333036423e-03 4.093635082244873047e-02 4.877917170524597168e-01 2.297716401517391205e-02 5.179183557629585266e-02 2.932501956820487976e-02 3.573655709624290466e-02 3.967027366161346436e-02 3.438010578975081444e-03 1.142408140003681183e-02 4.133150912821292877e-03 3.416832163929939270e-02 9.507589042186737061e-03 5.357866734266281128e-02 4.929801914840936661e-03 2.066695131361484528e-02 4.188523441553115845e-02 3.267171233892440796e-02 1.301131490617990494e-02 3.467838093638420105e-02 4.290769249200820923e-02 4.403855651617050171e-02 5.054155737161636353e-02 9.130825288593769073e-03 4.088773578405380249e-02 3.107710368931293488e-02 3.630097582936286926e-02 3.308736160397529602e-02 3.990476205945014954e-02 1.220810879021883011e-02 7.010624743998050690e-03 4.636689648032188416e-02 3.954130411148071289e-02 2.285098657011985779e-02 4.074788838624954224e-02 4.827563464641571045e-02 3.130399063229560852e-02 2.252074144780635834e-02 3.356692939996719360e-02 3.121930547058582306e-02 3.926283121109008789e-02 1.286533381789922714e-02 8.920074999332427979e-02 1.461956556886434555e-02 4.350385442376136780e-02 4.254751279950141907e-02 2.375268843024969101e-03 1.023784279823303223e-02 8.472429215908050537e-02 2.933382242918014526e-02 3.559420630335807800e-02 4.502703621983528137e-02 4.612790793180465698e-02 3.503475338220596313e-02 1.420700922608375549e-02 4.989845305681228638e-02 4.493126273155212402e-02 2.414886839687824249e-02 3.798531368374824524e-02 4.948145151138305664e-02 4.189632087945938110e-02 1.277817529626190662e-03 5.000250041484832764e-02 1.721216551959514618e-02 5.513185635209083557e-02 1.902231574058532715e-02 1.126094628125429153e-02 4.268297180533409119e-02 3.517979755997657776e-02 2.198913879692554474e-02 1.286170929670333862e-01 3.944704681634902954e-02 1.363097280263900757e-01 9.863538667559623718e-03 1.475432794541120529e-02 1.826536282896995544e-02 2.843444608151912689e-02 2.523589320480823517e-02 7.325716316699981689e-02 1.577896066009998322e-02 1.612211018800735474e-02 3.452884731814265251e-03 4.224627837538719177e-02 2.084023691713809967e-02 5.588002130389213562e-02 3.609302686527371407e-03 2.118084020912647247e-02 5.304568633437156677e-02 6.271780282258987427e-02 2.391636371612548828e-02 2.795656211674213409e-03 2.418285235762596130e-02 5.883071944117546082e-02 5.435482412576675415e-02 3.782928735017776489e-02 3.135966882109642029e-02 2.352983504533767700e-02 9.603560902178287506e-03 4.033272340893745422e-02 4.093800485134124756e-02 2.555650472640991211e-02 3.721882775425910950e-02 8.902574889361858368e-03 8.016018196940422058e-03 2.578597282990813255e-03 4.005350172519683838e-03 4.258070513606071472e-02 6.540236994624137878e-03 6.743538659065961838e-03
1.093997135758399963e-01 9.242143481969833374e-02 7.260091602802276611e-03 2.417901344597339630e-02 1.336820144206285477e-02 1.058321967720985413e-01 9.768757224082946777e-02 1.658987440168857574e-02 1.322854962199926376e-02 2.297716401517391205e-02 5.002765655517578125e-01 3.059883043169975281e-02 1.471750736236572266e-01 1.384106092154979706e-02 3.920704871416091919e-02 3.194291889667510986e-02 3.516587615013122559e-02 1.757350377738475800e-02 2.236978523433208466e-02 1.832216791808605194e-02 1.248098630458116531e-02 2.701577916741371155e-02 3.722806274890899658e-02 4.716558381915092468e-02 1.811924204230308533e-02 3.930512815713882446e-02 4.648296535015106201e-02 1.872344524599611759e-03 5.858133733272552490e-02 1.804643496870994568e-02 6.287207454442977905e-02 2.410032972693443298e-02 5.421632155776023865e-02 1.233613397926092148e-02 2.049149759113788605e-02 2.043612301349639893e-02 1.776972226798534393e-02 1.181451836600899696e-03 3.307833522558212280e-02 6.896331906318664551e-03 3.746318817138671875e-02 4.622276499867439270e-02 3.172864392399787903e-02 1.477544475346803665e-02 5.096760764718055725e-02 4.261184856295585632e-02 1.182997897267341614e-01 5.748204514384269714e-02 2.167499437928199768e-02 1.070285867899656296e-02 2.586794644594192505e-02 4.782368615269660950e-02 1.557311601936817169e-02 2.620316296815872192e-02 2.899892441928386688e-02 1.393978949636220932e-03 2.937312982976436615e-02 1.471141818910837173e-02 4.257907345890998840e-02 3.682561451569199562e-03 3.128001932054758072e-03 3.295764327049255371e-02 2.523646503686904907e-02 1.011747051961719990e-03 5.295526608824729919e-02 5.931604281067848206e-02 2.063384838402271271e-02 3.223152086138725281e-02 5.330322682857513428e-02 4.576238244771957397e-02 3.310979902744293213e-02 1.457539387047290802e-02 3.965316340327262878e-03 4.157708585262298584e-02 2.415698580443859100e-02 7.380521856248378754e-03 7.322716992348432541e-03 2.280475012958049774e-02 8.664575405418872833e-03 3.012620285153388977e-02 6.057434715330600739e-03 1.074002776294946671e-02 3.509171539917588234e-03 4.326996952295303345e-02 6.026928126811981201e-02 3.826210042461752892e-03 3.720586746931076050e-02 2.559578744694590569e-03 3.373486921191215515e-02 2.330688200891017914e-02 4.498923197388648987e-02 5.600235611200332642e-02 2.522282861173152924e-02 5.977889522910118103e-02 2.998908050358295441e-02 3.044325485825538635e-02 3.085551969707012177e-02 1.611996628344058990e-02 2.019053138792514801e-02 2.142935758456587791e-03 1.520244963467121124e-02 3.903558477759361267e-02 3.366751968860626221e-02 2.725482545793056488e-02 5.749166756868362427e-02 3.880397975444793701e-02 1.701469346880912781e-02 5.227825138717889786e-03 1.636491902172565460e-02 1.165532413870096207e-02 2.757385931909084320e-02 3.926724195480346680e-03 3.700953349471092224e-02 5.201936699450016022e-03 3.490984439849853516e-02 3.916371613740921021e-02
3.142978250980377197e-02 2.868582122027873993e-02 4.814020171761512756e-02 1.134112849831581116e-02 1.344662811607122421e-02 3.261702135205268860e-02 2.902773953974246979e-02 2.664519473910331726e-02 7.252393662929534912e-02 5.179183557629585266e-02 3.059883043169975281e-02 4.755500555038452148e-01 3.203117102384567261e-02 1.599388122558593750e-01 1.208219304680824280e-02 2.556456252932548523e-02 3.447481431066989899e-03 3.862903267145156860e-02 1.030280138365924358e-03 2.889932878315448761e-02 6.918560713529586792e-03 2.001018449664115906e-02 1.156318038702011108e-01 4.587215557694435120e-02 9.851155802607536316e-03 2.524910122156143188e-02 5.035184323787689209e-02 7.073026150465011597e-02 1.270414330065250397e-02 2.086063101887702942e-02 4.417107254266738892e-02 1.021779421716928482e-02 6.959123071283102036e-03 9.843884035944938660e-03 4.401076957583427429e-02 1.050641946494579315e-02 2.172930835513398051e-04 1.564497686922550201e-02 1.263850182294845581e-02 1.069309934973716736e-02 4.062400758266448975e-02 4.303994774818420410e-02 5.371106788516044617e-02 3.065608255565166473e-02 9.201534092426300049e-02 1.728436350822448730e-02 1.832308061420917511e-02 1.268426701426506042e-02 4.008183628320693970e-02 2.938708476722240448e-02 1.598586887121200562e-02 3.683191165328025818e-02 2.025693282485008240e-02 2.956424281001091003e-02 3.367721289396286011e-02 1.070918608456850052e-02 4.641322419047355652e-02 4.650311172008514404e-02 1.327459793537855148e-02 4.585752636194229126e-02 2.786891721189022064e-02 3.065772168338298798e-02 5.706840893253684044e-04 2.135427482426166534e-02 2.308176830410957336e-02 1.990207657217979431e-02 5.160473287105560303e-02 2.487342804670333862e-02 2.402068115770816803e-02 3.440051525831222534e-02 1.816828735172748566e-02 1.151338219642639160e-02 4.111728072166442871e-02 1.143912132829427719e-02 3.210200695320963860e-03 2.649449184536933899e-02 8.765247464179992676e-02 1.456652861088514328e-02 8.255533874034881592e-02 1.731267198920249939e-02 3.805141150951385498e-02 3.199795261025428772e-02 7.300316821783781052e-03 2.800769405439496040e-03 5.536690726876258850e-02 7.827463559806346893e-03 3.963980823755264282e-02 2.459175512194633484e-02 4.838539659976959229e-02 2.720023132860660553e-02 4.291907697916030884e-02 5.243555642664432526e-03 1.254797820001840591e-02 3.612012043595314026e-02 4.774593189358711243e-02 1.853519678115844727e-02 8.854435756802558899e-03 1.915354165248572826e-03 2.548077702522277832e-02 5.314034223556518555e-02 2.659663558006286621e-03 1.673359796404838562e-02 3.633898869156837463e-02 3.922492638230323792e-02 3.616309165954589844e-02 4.161553084850311279e-02 3.218899294734001160e-02 2.257320098578929901e-02 4.028376936912536621e-02 1.702127233147621155e-02 1.954030618071556091e-02 3.897917456924915314e-03 3.406843915581703186e-02 3.336523426696658134e-03 1.960079371929168701e-02 1.241150428541004658e-03
1.157858818769454956e-01 1.409199833869934082e-01 2.335406281054019928e-02 2.948616445064544678e-02 1.032748911529779434e-02 1.051187738776206970e-01 1.098694801330566406e-01 6.421908736228942871e-02 1.816395670175552368e-02 2.932501956820487976e-02 1.471750736236572266e-01 3.203117102384567261e-02 5.132682919502258301e-01 2.425361052155494690e-02 9.600844234228134155e-02 4.962506517767906189e-02 4.991833493113517761e-02 1.221777405589818954e-02 2.092419192194938660e-02 3.878889605402946472e-02 1.633603870868682861e-02 6.960047781467437744e-02 3.421415761113166809e-02 3.181660920381546021e-02 3.891597315669059753e-02 1.665943185798823833e-03 2.122679352760314941e-02 4.323679953813552856e-02 3.346988186240196228e-02 4.662318155169487000e-02 7.901195436716079712e-02 3.983340039849281311e-02 3.681178763508796692e-02 3.350333869457244873e-02 4.863488301634788513e-02 9.716582135297358036e-04 9.470411576330661774e-03 6.938539911061525345e-03 2.412948012351989746e-02 9.477034211158752441e-03 6.442375481128692627e-03 2.537618950009346008e-02 2.415347285568714142e-02 1.902236603200435638e-02 1.214881706982851028e-02 2.832627110183238983e-02 8.781959116458892822e-02 6.495187431573867798e-02 2.548585459589958191e-02 4.671600833535194397e-02 4.002960026264190674e-02 2.861267887055873871e-02 4.120727826375514269e-04 2.519017271697521210e-02 2.290797606110572815e-02 4.662211984395980835e-02 1.102011371403932571e-02 1.328831166028976440e-02 2.959323488175868988e-02 4.851999133825302124e-02 6.455216789618134499e-04 3.040650859475135803e-02 3.912940248847007751e-02 4.747562110424041748e-02 4.558062553405761719e-02 1.185764595866203308e-01 5.038758274167776108e-03 3.634103108197450638e-03 3.301927447319030762e-02 3.671241924166679382e-02 2.747803181409835815e-02 4.939736053347587585e-02 9.553230367600917816e-03 3.371550142765045166e-02 7.477735634893178940e-03 3.664254769682884216e-02 2.147979661822319031e-02 1.893889345228672028e-02 1.482966449111700058e-02 2.291457727551460266e-03 4.327394533902406693e-03 9.443987160921096802e-03 3.171521425247192383e-02 7.944853976368904114e-03 1.015806104987859726e-02 4.080710560083389282e-02 4.663991555571556091e-02 6.258051842451095581e-02 3.016945160925388336e-02 8.102118037641048431e-03 6.451664958149194717e-03 3.933235257863998413e-02 2.319705858826637268e-02 1.691157743334770203e-02 1.722872629761695862e-02 1.330859214067459106e-02 3.833127766847610474e-02 3.395958244800567627e-02 3.780769929289817810e-02 2.672877907752990723e-02 1.678579254075884819e-03 4.940005391836166382e-02 4.029328003525733948e-02 3.682631254196166992e-02 1.286494545638561249e-02 8.094115182757377625e-03 1.704527996480464935e-02 6.509672105312347412e-02 4.083686321973800659e-02 3.828355669975280762e-02 3.099683905020356178e-03 7.859913632273674011e-03 1.835645362734794617e-02 3.263103961944580078e-02 2.307144738733768463e-02 1.753342337906360626e-02
