5.075029134750366211e-01 2.089574187994003296e-01 3.839299455285072327e-02 2.730418555438518524e-02 1.716872490942478180e-02 1.485594063997268677e-01 1.239088326692581177e-01 2.503463998436927795e-02 1.580443978309631348e-02 3.315304219722747803e-02 1.283521950244903564e-01 2.132691256701946259e-02 1.112584024667739868e-01 4.604793339967727661e-02 3.340110927820205688e-02 4.550615325570106506e-02 2.984351851046085358e-02 1.209170208312571049e-03 3.016858920454978943e-02 1.837283000349998474e-02 2.378636598587036133e-02 3.442702814936637878e-02 1.837926357984542847e-02 4.673517867922782898e-02 4.008087143301963806e-02 3.423193469643592834e-02 2.808814123272895813e-02 1.463198289275169373e-02 2.269353345036506653e-02 1.933436654508113861e-02 1.929332688450813293e-02 3.570307046175003052e-02 3.282848373055458069e-02 4.902088269591331482e-02 5.347043741494417191e-03 2.010936103761196136e-02 3.042140789330005646e-02 3.216843307018280029e-02 2.460337430238723755e-02 8.197900569939520210e-06 3.236443921923637390e-02 1.356016471982002258e-02 6.435646116733551025e-02 2.233501896262168884e-02 8.669845759868621826e-03 3.011303767561912537e-02 9.943718463182449341e-02 6.464162468910217285e-02 3.156276792287826538e-02 5.625301972031593323e-03 3.762165829539299011e-02 5.893735960125923157e-02 4.199171066284179688e-02 4.297377169132232666e-02 3.149386728182435036e-03 6.560031324625015259e-03 6.065397057682275772e-03 9.464293718338012695e-03 9.023666381835937500e-03 1.619168370962142944e-02 2.203310839831829071e-02 4.127999395132064819e-02 4.036581888794898987e-02 2.227457053959369659e-02 1.192572340369224548e-02 8.655301295220851898e-03 1.106095314025878906e-02 8.339887484908103943e-03 1.351027935743331909e-02 4.442693665623664856e-02 3.917251713573932648e-03 1.042494550347328186e-02 8.253709413111209869e-03 2.403222583234310150e-02 2.969945967197418213e-02 1.710311137139797211e-02 4.283041507005691528e-02 2.419017814099788666e-02 2.592216990888118744e-02 4.108095541596412659e-03 2.061638981103897095e-02 3.369214013218879700e-02 4.001021012663841248e-02 2.341737039387226105e-02 4.685562476515769958e-02 2.329788915812969208e-02 4.390150681138038635e-02 2.186114899814128876e-02 4.330801591277122498e-02 1.476493664085865021e-02 4.351544380187988281e-02 1.895025558769702911e-02 5.654003843665122986e-02 3.098447248339653015e-02 3.992694243788719177e-02 2.015204355120658875e-02 2.703215461224317551e-03 2.236409857869148254e-02 2.953274175524711609e-03 4.903668165206909180e-02 2.255815081298351288e-02 1.556024141609668732e-02 1.005322299897670746e-02 3.345839679241180420e-02 3.970899153500795364e-03 4.068391770124435425e-02 2.029807493090629578e-02 5.710797384381294250e-02 7.335538248298689723e-05 1.948297210037708282e-02 3.797969967126846313e-02 2.335802093148231506e-02 4.806542024016380310e-02 5.764895677566528320e-02 2.823214605450630188e-02 2.223725058138370514e-02
2.089574187994003296e-01 5.036233663558959961e-01 1.595852710306644440e-02 3.635380417108535767e-02 3.322622179985046387e-02 1.442344933748245239e-01 1.524454057216644287e-01 3.604776784777641296e-02 2.930118702352046967e-02 3.614675626158714294e-02 1.387330740690231323e-01 4.093402530997991562e-04 1.393624544143676758e-01 4.118560254573822021e-02 8.007759228348731995e-03 2.380291931331157684e-02 1.107908133417367935e-02 2.356309816241264343e-02 1.935648918151855469e-02 3.186059882864356041e-03 3.502208366990089417e-02 1.651554368436336517e-02 2.162653207778930664e-02 6.169019639492034912e-02 6.970318034291267395e-03 1.526103634387254715e-02 2.394381724298000336e-02 1.395648717880249023e-02 1.128113549202680588e-02 3.427080437541007996e-02 1.597330905497074127e-02 4.004237800836563110e-02 2.176401205360889435e-02 1.090972498059272766e-02 2.262443304061889648e-02 1.416034810245037079e-02 6.725985556840896606e-03 3.166761994361877441e-02 2.218937687575817108e-02 1.260273042134940624e-03 3.110810555517673492e-02 1.239317562431097031e-02 2.804942429065704346e-02 1.634385436773300171e-02 2.576342597603797913e-02 4.042692109942436218e-02 9.585628658533096313e-02 5.242379009723663330e-02 2.618912048637866974e-02 3.982648719102144241e-03 5.072739347815513611e-02 5.005325376987457275e-02 2.639414370059967041e-02 2.547115460038185120e-02 2.818954922258853912e-02 1.743796840310096741e-02 7.462052162736654282e-03 6.688314955681562424e-03 1.682560704648494720e-02 1.635344885289669037e-02 2.704887464642524719e-02 9.677529335021972656e-03 3.670337423682212830e-02 3.709959983825683594e-02 9.122774004936218262e-03 1.502882689237594604e-02 4.155024886131286621e-02 4.322442784905433655e-02 3.196240961551666260e-02 4.486171901226043701e-02 3.672108054161071777e-02 2.184606529772281647e-02 2.600164525210857391e-02 1.573196053504943848e-02 5.980492103844881058e-03 1.608613505959510803e-02 2.274952828884124756e-02 3.524961695075035095e-02 6.690280977636575699e-03 4.148879274725914001e-02 3.128436580300331116e-02 2.789878286421298981e-02 2.692733146250247955e-02 4.075055196881294250e-02 2.486082538962364197e-02 2.632854692637920380e-02 1.502213161438703537e-02 1.446192711591720581e-02 4.591633006930351257e-02 1.468912232667207718e-02 2.732661366462707520e-02 1.260396745055913925e-02 6.358523666858673096e-02 5.073008593171834946e-03 3.042367845773696899e-02 9.609645232558250427e-03 2.826962247490882874e-02 2.774651907384395599e-02 2.586239017546176910e-02 2.143026329576969147e-02 1.211506128311157227e-02 2.036185003817081451e-02 3.636723384261131287e-02 1.313475519418716431e-02 2.040885947644710541e-02 1.139162853360176086e-02 1.893966458737850189e-02 3.995021432638168335e-02 1.933820545673370361e-03 4.227565973997116089e-02 2.261868491768836975e-02 3.359365835785865784e-02 1.884552836418151855e-02 7.058668415993452072e-03 1.857025176286697388e-02 1.715979352593421936e-02
3.839299455285072327e-02 1.595852710306644440e-02 4.786424338817596436e-01 1.783705875277519226e-02 4.504776734393090010e-04 3.951196745038032532e-02 4.271508380770683289e-02 1.290221512317657471e-01 6.898842286318540573e-03 3.415270149707794189e-02 3.721284493803977966e-02 1.768453978002071381e-02 2.635031193494796753e-02 2.093359641730785370e-02 1.651586033403873444e-02 4.011450335383415222e-03 3.333978727459907532e-02 2.242906717583537102e-03 3.699607914313673973e-03 8.106826804578304291e-03 2.250102162361145020e-02 1.258049067109823227e-02 5.629624705761671066e-03 9.465642273426055908e-03 1.969315577298402786e-03 1.828748546540737152e-02 2.983900532126426697e-02 4.011086001992225647e-02 2.649344690144062042e-02 1.970685273408889771e-02 9.609064087271690369e-03 1.462746690958738327e-02 2.326331473886966705e-02 4.003319889307022095e-02 1.495801552664488554e-04 3.952662646770477295e-02 4.250709339976310730e-02 2.503349445760250092e-02 1.123249903321266174e-02 1.886355504393577576e-02 2.722141891717910767e-02 4.527634009718894958e-03 1.614077831618487835e-03 7.673111557960510254e-02 2.959193661808967590e-02 2.109384723007678986e-02 3.631526604294776917e-02 4.131618514657020569e-02 6.008705589920282364e-03 2.114729024469852448e-02 1.587745361030101776e-02 3.625253913924098015e-03 4.881719127297401428e-02 4.253752902150154114e-02 9.834044612944126129e-04 2.108433097600936890e-02 2.364622429013252258e-02 3.400602191686630249e-02 3.583843633532524109e-02 2.947986684739589691e-02 1.174363866448402405e-02 1.839738711714744568e-02 2.983588166534900665e-02 2.489158697426319122e-02 1.865825988352298737e-02 4.211416840553283691e-02 4.343305155634880066e-02 4.967414960265159607e-02 5.098742432892322540e-03 8.939669467508792877e-03 1.104310806840658188e-02 6.272486876696348190e-03 2.818835899233818054e-02 2.906061522662639618e-02 1.775835826992988586e-02 1.625234819948673248e-02 9.113637730479240417e-03 1.557367295026779175e-02 6.494308263063430786e-02 6.250768899917602539e-02 1.366917937994003296e-01 8.569408208131790161e-02 3.537493571639060974e-02 1.621114276349544525e-02 3.720822930335998535e-02 1.631403528153896332e-02 5.314550176262855530e-02 2.539736777544021606e-02 1.857565902173519135e-02 3.259896486997604370e-02 3.448072448372840881e-02 1.852720975875854492e-02 2.792915515601634979e-02 6.150928325951099396e-03 5.768519360572099686e-03 3.774562152102589607e-03 9.579775854945182800e-03 1.859684847295284271e-02 4.695161432027816772e-02 1.661674305796623230e-02 2.024984546005725861e-02 3.605503961443901062e-02 1.411785278469324112e-02 2.210207981988787651e-03 3.845762088894844055e-02 3.834749013185501099e-02 1.085635856725275517e-03 3.756941994652152061e-03 6.234886590391397476e-03 1.991616375744342804e-02 1.818212494254112244e-02 6.107837893068790436e-03 3.232847899198532104e-02 1.010012719780206680e-02 2.657176181674003601e-02 2.565274946391582489e-03
2.730418555438518524e-02 3.635380417108535767e-02 1.783705875277519226e-02 4.854741394519805908e-01 2.488556690514087677e-02 2.026528306305408478e-02 2.348357811570167542e-02 4.458029195666313171e-02 2.004825882613658905e-02 1.785741560161113739e-02 3.229038417339324951e-02 1.824352703988552094e-02 2.912921085953712463e-02 5.523873027414083481e-03 3.736177086830139160e-02 4.036146402359008789e-02 2.037307433784008026e-02 1.097941398620605469e-01 5.142847821116447449e-02 2.498779632151126862e-02 5.357304587960243225e-03 2.530616894364356995e-02 1.802675239741802216e-02 9.912122972309589386e-03 3.896798193454742432e-02 2.626426145434379578e-02 1.677400618791580200e-02 7.721250876784324646e-03 2.477344824001193047e-03 4.173990711569786072e-02 8.211688138544559479e-03 3.043437190353870392e-02 6.178442761301994324e-02 1.654020696878433228e-02 1.227829046547412872e-02 5.645733908750116825e-04 2.337014116346836090e-02 6.229940801858901978e-03 3.665586933493614197e-02 3.984710946679115295e-02 3.375229984521865845e-02 3.146903589367866516e-02 3.934773802757263184e-02 3.162408247590065002e-02 4.053347930312156677e-02 2.807077579200267792e-02 1.972518302500247955e-02 1.331934146583080292e-02 1.377875357866287231e-02 5.088246613740921021e-02 6.758645176887512207e-04 2.801266126334667206e-02 1.443548942916095257e-03 1.636814326047897339e-02 1.542470324784517288e-02 4.714300110936164856e-02 1.663304120302200317e-02 4.161382466554641724e-02 8.549126796424388885e-03 3.438680991530418396e-02 9.110687673091888428e-02 2.500648982822895050e-02 8.480214327573776245e-02 2.430832199752330780e-02 3.318995470181107521e-03 2.077074721455574036e-02 5.367967765778303146e-03 1.161776576191186905e-02 3.373084962368011475e-02 3.598691150546073914e-02 2.583874017000198364e-02 1.237706188112497330e-02 1.599317491054534912e-01 5.445838719606399536e-02 1.476201862096786499e-01 1.129318401217460632e-02 5.610271356999874115e-03 4.561226069927215576e-02 1.763978414237499237e-02 3.002251498401165009e-02 2.605401352047920227e-02 2.644510241225361824e-03 1.287792623043060303e-01 7.115461677312850952e-02 2.602552250027656555e-02 9.616862982511520386e-03 2.663332223892211914e-02 1.212599221616983414e-02 4.756707325577735901e-02 2.306441590189933777e-02 3.277412615716457367e-04 2.441652864217758179e-02 1.687139831483364105e-02 1.563386805355548859e-02 3.454373776912689209e-02 3.111716918647289276e-02 3.016475215554237366e-02 9.693006053566932678e-03 2.500170143321156502e-03 1.382968015968799591e-02 3.117893263697624207e-02 3.245870023965835571e-02 1.405404973775148392e-02 5.304787773638963699e-04 4.818089306354522705e-03 2.316871657967567444e-02 2.098839171230792999e-02 4.030569642782211304e-02 2.040471881628036499e-02 4.362791776657104492e-02 4.047610983252525330e-02 4.250214248895645142e-02 9.597082971595227718e-04 4.482022672891616821e-02 3.633754700422286987e-02 3.887330740690231323e-02
1.716872490942478180e-02 3.322622179985046387e-02 4.504776734393090010e-04 2.488556690514087677e-02 4.651946127414703369e-01 2.545117773115634918e-02 4.135262593626976013e-02 1.404026057571172714e-03 8.590884506702423096e-03 4.282823950052261353e-02 4.162496328353881836e-02 3.591374307870864868e-02 3.560830652713775635e-02 4.055290669202804565e-02 1.503560971468687057e-02 4.153406247496604919e-03 3.139948472380638123e-03 1.815737038850784302e-02 1.937305554747581482e-02 1.569749903865158558e-03 2.200802601873874664e-02 2.422529069008305669e-04 1.791961118578910828e-02 1.220934558659791946e-02 3.531260788440704346e-02 4.067838937044143677e-02 1.660840772092342377e-02 2.891522459685802460e-02 1.273818966001272202e-02 1.254582498222589493e-02 2.630945481359958649e-02 1.743843778967857361e-02 5.261979997158050537e-03 2.411631494760513306e-02 3.756977245211601257e-02 2.056362293660640717e-02 8.232343010604381561e-03 3.805032372474670410e-02 5.792854353785514832e-02 1.083079949021339417e-01 2.947154268622398376e-02 1.702550053596496582e-02 6.285393610596656799e-03 6.229412741959095001e-03 3.424629941582679749e-02 4.260902106761932373e-02 1.991687156260013580e-02 1.309190504252910614e-02 7.503284141421318054e-03 2.544427663087844849e-02 2.119695395231246948e-02 2.087314054369926453e-02 2.186278253793716431e-02 3.409074619412422180e-02 5.390701349824666977e-03 3.550093248486518860e-02 4.962522163987159729e-02 4.012625664472579956e-02 2.666316553950309753e-02 1.468809135258197784e-02 1.895239017903804779e-02 2.480481006205081940e-02 1.787457987666130066e-02 1.913157105445861816e-02 1.161521393805742264e-02 5.404456052929162979e-03 4.618779942393302917e-02 3.879357129335403442e-02 1.270568929612636566e-02 3.181298961862921715e-04 1.214174181222915649e-02 3.639218339230865240e-04 3.124153427779674530e-02 1.218333491124212742e-03 4.309321194887161255e-02 4.004177171736955643e-03 3.144847229123115540e-02 2.069204673171043396e-02 1.465519610792398453e-02 6.640208419412374496e-03 1.061907783150672913e-02 2.416386269032955170e-03 1.966017298400402069e-02 4.121068865060806274e-02 2.454652916640043259e-03 1.633911859244108200e-03 2.465914003551006317e-03 4.008178599178791046e-03 4.171693325042724609e-02 1.474048197269439697e-02 9.260466322302818298e-03 2.500651637092232704e-03 1.290043257176876068e-02 8.165775798261165619e-03 5.052538588643074036e-02 2.086796239018440247e-02 2.384278737008571625e-02 9.526449255645275116e-03 4.495957866311073303e-02 9.712899918667972088e-05 5.314242094755172729e-02 3.276633843779563904e-02 2.083224244415760040e-02 1.250547263771295547e-02 1.864173822104930878e-02 2.319052629172801971e-02 4.489413648843765259e-02 5.111001431941986084e-02 3.330335766077041626e-02 5.300815682858228683e-03 9.781022556126117706e-03 3.267183667048811913e-03 3.516492433845996857e-04 2.300680056214332581e-02 3.558297827839851379e-02 4.082204028964042664e-02
1.485594063997268677e-01 1.442344933748245239e-01 3.951196745038032532e-02 2.026528306305408478e-02 2.545117773115634918e-02 5.090588927268981934e-01 1.524514853954315186e-01 1.485535688698291779e-02 3.627317026257514954e-02 4.163807258009910583e-02 1.289657801389694214e-01 6.714585423469543457e-02 9.279718250036239624e-02 4.420888796448707581e-02 2.854983322322368622e-02 1.404528785496950150e-02 3.799634799361228943e-02 2.211679890751838684e-02 2.393770590424537659e-02 3.645636141300201416e-02 3.217756003141403198e-02 3.063625469803810120e-02 3.412136435508728027e-02 4.392859525978565216e-03 3.169395029544830322e-03 1.087828818708658218e-02 2.478450909256935120e-02 2.231402089819312096e-03 1.416509505361318588e-02 2.268855087459087372e-02 5.388159770518541336e-03 3.637139685451984406e-03 1.514286082237958908e-02 4.084879532456398010e-02 3.221843019127845764e-02 5.404154304414987564e-03 8.205355145037174225e-03 2.502653189003467560e-02 6.435907445847988129e-03 1.037166547030210495e-02 3.023813292384147644e-02 6.969864480197429657e-03 1.927658542990684509e-02 2.936184592545032501e-02 2.603874355554580688e-02 4.278540238738059998e-02 1.284640431404113770e-01 6.307010352611541748e-02 2.980630658566951752e-02 2.103341557085514069e-02 4.010320082306861877e-02 2.491281554102897644e-02 3.456628695130348206e-02 2.927392348647117615e-02 9.841836290434002876e-04 2.731955796480178833e-02 4.507469385862350464e-02 3.135932981967926025e-02 5.670520011335611343e-03 2.108420804142951965e-02 2.404451742768287659e-02 3.548862878233194351e-03 6.144454330205917358e-02 1.705685816705226898e-02 4.001744464039802551e-02 1.506277639418840408e-02 1.915013045072555542e-02 3.088446892797946930e-02 4.134010151028633118e-02 3.944166377186775208e-02 3.578365221619606018e-02 9.761832654476165771e-03 2.192742004990577698e-02 6.685445550829172134e-03 2.735464647412300110e-02 2.941333502531051636e-02 2.976168505847454071e-02 3.565996512770652771e-02 3.359568864107131958e-02 1.727496832609176636e-02 4.089642688632011414e-02 1.651826314628124237e-02 3.529543057084083557e-02 7.673556916415691376e-03 4.527115821838378906e-02 4.093876481056213379e-02 1.406556833535432816e-02 8.224290795624256134e-03 1.443265005946159363e-02 3.871686011552810669e-02 4.597743228077888489e-02 2.149245515465736389e-02 3.892971202731132507e-02 4.526740685105323792e-02 1.458975672721862793e-02 1.309005776420235634e-03 2.425356768071651459e-03 3.295589983463287354e-02 1.759860664606094360e-02 3.385271131992340088e-02 1.547802612185478210e-02 1.099118031561374664e-02 2.419016882777214050e-02 4.382849112153053284e-02 4.378304001875221729e-04 5.174002796411514282e-02 1.861251331865787506e-02 3.558657690882682800e-02 2.508969418704509735e-02 2.769781276583671570e-02 3.399188816547393799e-02 2.600463479757308960e-02 3.373393788933753967e-02 2.017278224229812622e-02 1.500609703361988068e-02 5.583000835031270981e-03
1.239088326692581177e-01 1.524454057216644287e-01 4.271508380770683289e-02 2.348357811570167542e-02 4.135262593626976013e-02 1.524514853954315186e-01 5.255276560783386230e-01 4.556973464787006378e-03 2.837834320962429047e-02 2.363639697432518005e-02 1.294085979461669922e-01 1.465205010026693344e-02 1.130201444029808044e-01 2.549223043024539948e-02 2.184826880693435669e-02 3.397957235574722290e-02 4.174419492483139038e-02 3.740097582340240479e-02 2.235428243875503540e-02 1.205540634691715240e-02 8.471032604575157166e-03 4.457592032849788666e-03 2.805610187351703644e-02 6.665376480668783188e-03 2.565152756869792938e-02 3.166545927524566650e-02 1.484025269746780396e-02 1.313805766403675079e-02 4.396798834204673767e-02 1.021969038993120193e-02 4.442032054066658020e-02 6.946345791220664978e-03 8.604174945503473282e-04 2.202782221138477325e-02 3.902051597833633423e-02 1.540685538202524185e-02 2.956603281199932098e-02 2.341613173484802246e-02 4.098836705088615417e-02 1.757841370999813080e-02 3.261569514870643616e-02 4.492530599236488342e-02 1.664174534380435944e-02 1.436688378453254700e-02 5.235396698117256165e-02 7.629523426294326782e-02 1.379457414150238037e-01 1.116599142551422119e-01 1.150931697338819504e-02 1.788172870874404907e-02 1.476642861962318420e-02 9.583015926182270050e-03 2.696067467331886292e-02 4.231255874037742615e-02 1.471660938113927841e-02 3.651012899354100227e-03 4.167925193905830383e-02 2.819209545850753784e-02 7.979481481015682220e-03 1.971263997256755829e-02 3.112430870532989502e-02 3.132411092519760132e-02 3.606900200247764587e-02 2.274596132338047028e-02 5.772642418742179871e-02 4.907003417611122131e-02 4.111960530281066895e-02 4.002195596694946289e-02 2.000758424401283264e-02 6.700972095131874084e-03 4.450397100299596786e-03 3.441061824560165405e-02 3.613105043768882751e-02 4.181802272796630859e-02 1.046030502766370773e-02 4.059065878391265869e-02 2.589539065957069397e-02 2.681459300220012665e-02 1.209759269841015339e-03 3.224411606788635254e-02 2.740444801747798920e-02 1.125481259077787399e-02 2.400415018200874329e-02 8.404900319874286652e-03 2.551801130175590515e-02 2.849042229354381561e-02 9.245136752724647522e-03 2.442978695034980774e-02 1.510955393314361572e-02 4.175042361021041870e-02 5.904356762766838074e-02 2.543789707124233246e-02 7.982488721609115601e-02 8.666227571666240692e-03 2.574477903544902802e-02 3.214744478464126587e-02 3.460191190242767334e-02 2.072340622544288635e-02 4.210050404071807861e-02 1.299901772290468216e-02 2.360498160123825073e-02 3.191335126757621765e-02 2.373460121452808380e-02 6.124562583863735199e-03 4.593289270997047424e-02 1.726258359849452972e-02 3.116340376436710358e-02 1.908482611179351807e-02 1.811077259480953217e-02 4.770461469888687134e-02 3.211110457777976990e-02 3.352077445015311241e-03 6.184969097375869751e-03 6.327145732939243317e-03 1.588752679526805878e-02 1.097908243536949158e-02
2.503463998436927795e-02 3.604776784777641296e-02 1.290221512317657471e-01 4.458029195666313171e-02 1.404026057571172714e-03 1.485535688698291779e-02 4.556973464787006378e-03 4.773718714714050293e-01 1.043999660760164261e-02 1.402335613965988159e-02 7.792063988745212555e-03 3.823158517479896545e-02 3.176923375576734543e-03 1.204593852162361145e-02 9.073419123888015747e-02 3.089094907045364380e-02 2.825680421665310860e-04 1.176755689084529877e-02 2.797175012528896332e-02 1.615338400006294250e-02 2.736091054975986481e-02 5.976693332195281982e-02 1.672934181988239288e-02 1.309980172663927078e-03 4.295007884502410889e-02 3.597490116953849792e-02 4.750446975231170654e-02 1.493843924254179001e-02 2.675651572644710541e-02 1.471183821558952332e-02 3.823671117424964905e-02 1.081676408648490906e-02 9.735678322613239288e-03 1.835530996322631836e-02 2.519597485661506653e-02 2.233522012829780579e-02 1.538241840898990631e-02 2.540912851691246033e-02 1.123897265642881393e-02 1.498071756213903427e-02 1.088060438632965088e-02 3.567180037498474121e-02 3.363157063722610474e-02 7.060571759939193726e-02 4.362004622817039490e-02 2.882487140595912933e-02 1.827352494001388550e-02 2.581146545708179474e-02 1.564782857894897461e-02 2.993049798533320427e-03 3.488699346780776978e-02 1.295362785458564758e-02 9.350370615720748901e-03 2.500593662261962891e-02 1.675208681263029575e-03 4.978742450475692749e-03 4.097329080104827881e-02 1.772837713360786438e-02 2.853916771709918976e-02 4.858256317675113678e-03 2.746722660958766937e-02 1.332943607121706009e-02 1.235791947692632675e-02 1.640724577009677887e-02 4.531682468950748444e-03 3.202046733349561691e-03 2.254127524793148041e-02 7.567810826003551483e-03 3.180174902081489563e-02 9.509677067399024963e-03 3.344408050179481506e-02 5.004872567951679230e-03 3.135619312524795532e-02 7.705527823418378830e-03 2.565427310764789581e-02 1.987738534808158875e-02 1.067150570452213287e-02 2.059225551784038544e-02 3.630203893408179283e-03 2.931904047727584839e-02 1.629633307456970215e-01 1.055499613285064697e-01 1.117170322686433792e-02 1.055713836103677750e-02 2.019843459129333496e-02 1.487406715750694275e-02 1.078451573848724365e-01 7.370359450578689575e-02 3.433100879192352295e-02 1.513556391000747681e-02 6.729948800057172775e-03 2.098334021866321564e-02 4.238199070096015930e-02 1.615606434643268585e-02 1.222055498510599136e-02 2.362153492867946625e-02 3.783227503299713135e-02 1.235016155987977982e-02 2.296603657305240631e-02 3.414483368396759033e-02 2.159241586923599243e-02 4.912512004375457764e-02 7.609909866005182266e-03 2.000666223466396332e-03 3.362622857093811035e-02 9.839120320975780487e-03 3.929132223129272461e-02 3.651152923703193665e-02 1.227009203284978867e-02 3.662552312016487122e-02 1.391632482409477234e-02 3.484025364741683006e-03 1.202458702027797699e-02 2.350614778697490692e-02 1.682372204959392548e-02 2.296098135411739349e-02
1.580443978309631348e-02 2.930118702352046967e-02 6.898842286318540573e-03 2.004825882613658905e-02 8.590884506702423096e-03 3.627317026257514954e-02 2.837834320962429047e-02 1.043999660760164261e-02 4.673386216163635254e-01 1.157190427184104919e-01 2.192895486950874329e-02 4.852862656116485596e-02 2.434111014008522034e-02 1.155255362391471863e-03 3.025932703167200089e-03 2.176198177039623260e-03 1.275912858545780182e-02 3.003601729869842529e-02 4.514786228537559509e-02 9.430352598428726196e-03 6.865060422569513321e-03 3.321608155965805054e-02 5.083871632814407349e-02 5.544205382466316223e-02 3.263989463448524475e-02 2.954872325062751770e-02 1.780284382402896881e-02 3.460301458835601807e-02 8.389319409616291523e-04 3.248018771409988403e-02 3.089882433414459229e-02 4.955326393246650696e-02 2.175662294030189514e-02 4.483154788613319397e-02 3.171163424849510193e-02 2.873227559030056000e-02 8.417762815952301025e-03 2.996039763092994690e-02 4.056086391210556030e-02 5.397059489041566849e-03 1.705112121999263763e-02 3.041279967874288559e-03 1.371343433856964111e-02 2.504854649305343628e-02 2.192238578572869301e-03 3.417412750422954559e-03 2.583160065114498138e-02 1.939702406525611877e-02 2.468276955187320709e-02 1.091553363949060440e-02 3.033375833183526993e-03 1.137656439095735550e-02 2.643811330199241638e-02 2.217932604253292084e-02 1.499201059341430664e-01 2.370342612266540527e-02 4.338098317384719849e-02 1.883135759271681309e-03 2.528355270624160767e-02 2.756824530661106110e-02 4.266610741615295410e-02 5.330484360456466675e-02 2.113020420074462891e-02 4.895621910691261292e-02 1.473460439592599869e-02 3.305841237306594849e-02 1.422617956995964050e-02 7.778108119964599609e-03 3.315408900380134583e-02 4.660677164793014526e-02 2.958722040057182312e-02 1.225977670401334763e-02 1.387744862586259842e-02 4.615049809217453003e-02 5.180566012859344482e-02 4.702184349298477173e-02 1.323958784341812134e-01 1.279604285955429077e-01 3.378285467624664307e-02 1.228603068739175797e-02 2.144233509898185730e-02 2.005058713257312775e-02 4.746960476040840149e-02 2.967109903693199158e-02 3.559896349906921387e-02 3.342481702566146851e-02 4.576030187308788300e-03 9.063844569027423859e-03 7.452977448701858521e-02 2.538207173347473145e-02 3.514477284625172615e-03 2.121513336896896362e-02 1.869127713143825531e-02 2.296028845012187958e-02 8.522819727659225464e-03 8.522661402821540833e-03 4.009998589754104614e-02 4.391735047101974487e-02 6.465525180101394653e-02 2.893957309424877167e-02 1.256146002560853958e-02 3.574895486235618591e-02 1.437073014676570892e-02 2.435554936528205872e-02 4.178835451602935791e-02 1.628927513957023621e-02 2.736772224307060242e-02 2.319221093785017729e-04 1.149486098438501358e-02 9.093441767618060112e-04 2.264883136376738548e-03 9.737757965922355652e-03 2.251473255455493927e-02 2.523653209209442139e-02 7.533665746450424194e-03 5.058371275663375854e-02
3.315304219722747803e-02 3.614675626158714294e-02 3.415270149707794189e-02 1.785741560161113739e-02 4.282823950052261353e-02 4.163807258009910583e-02 2.363639697432518005e-02 1.402335613965988159e-02 1.157190427184104919e-01 4.830196201801300049e-01 1.214440097101032734e-03 1.351399533450603485e-02 5.507329944521188736e-03 3.799969330430030823e-02 2.229161560535430908e-02 3.242667391896247864e-02 2.252562344074249268e-02 1.651575043797492981e-02 2.284494787454605103e-02 2.891893498599529266e-02 3.398064523935317993e-02 3.445494920015335083e-02 1.080825831741094589e-02 1.892362348735332489e-02 2.104081772267818451e-02 3.030990436673164368e-02 4.116997867822647095e-02 5.439103581011295319e-03 3.435516962781548500e-03 3.524321690201759338e-02 4.070793092250823975e-02 1.026999857276678085e-02 4.128054156899452209e-02 3.402552753686904907e-02 2.063525654375553131e-02 5.098361149430274963e-02 3.015384823083877563e-02 2.461843006312847137e-02 4.814351722598075867e-02 3.847639262676239014e-02 1.120236888527870178e-02 1.798481866717338562e-02 4.193741828203201294e-02 5.663101095706224442e-03 2.927940338850021362e-02 1.365987397730350494e-02 3.504843637347221375e-02 3.546597436070442200e-02 4.256042838096618652e-02 6.143697351217269897e-02 4.281907156109809875e-02 4.100703075528144836e-02 3.670066595077514648e-02 1.672091521322727203e-02 3.141484782099723816e-02 9.647988528013229370e-02 4.186723381280899048e-04 2.461276482790708542e-03 4.468505457043647766e-02 2.685790508985519409e-02 2.937916293740272522e-02 2.772632613778114319e-02 3.742394596338272095e-02 2.984173223376274109e-02 2.733791945502161980e-03 1.306330133229494095e-02 3.241729736328125000e-02 1.371932774782180786e-02 2.174153923988342285e-04 2.940984815359115601e-02 5.508031323552131653e-02 2.882451005280017853e-02 5.266296677291393280e-03 4.633396863937377930e-02 1.150518376380205154e-02 5.693537369370460510e-02 2.236527577042579651e-02 1.887744665145874023e-01 1.025583129376173019e-02 5.002531781792640686e-02 1.480744406580924988e-02 2.047175541520118713e-02 5.214198306202888489e-02 1.213188748806715012e-02 2.559829875826835632e-02 2.935697324573993683e-02 7.843968924134969711e-04 5.596829578280448914e-03 2.440363913774490356e-02 1.792181730270385742e-01 1.152698416262865067e-02 3.430531173944473267e-02 2.865950390696525574e-02 5.707501247525215149e-02 1.566170901060104370e-02 2.707612514495849609e-02 1.336347777396440506e-02 2.863994613289833069e-02 2.710562013089656830e-02 3.968848288059234619e-02 3.681168332695960999e-02 1.739701628684997559e-02 3.003368712961673737e-02 3.437541052699089050e-02 3.240799123886972666e-04 7.905365899205207825e-03 4.927177447825670242e-03 3.351668268442153931e-02 2.648131921887397766e-02 3.820514306426048279e-02 6.487749982625246048e-03 3.296743333339691162e-02 1.956984773278236389e-02 3.533301129937171936e-02 1.238497346639633179e-02 2.140298858284950256e-02
1.283521950244903564e-01 1.387330740690231323e-01 3.721284493803977966e-02 3.229038417339324951e-02 4.162496328353881836e-02 1.289657801389694214e-01 1.294085979461669922e-01 7.792063988745212555e-03 2.192895486950874329e-02 1.214440097101032734e-03 5.171632170677185059e-01 4.528465121984481812e-02 1.361433267593383789e-01 4.377569258213043213e-02 1.847105473279953003e-02 1.853335648775100708e-02 3.766397014260292053e-02 3.487068787217140198e-02 3.194162249565124512e-02 2.490827115252614021e-03 7.111439481377601624e-03 8.455198258161544800e-03 4.307063296437263489e-02 1.164253335446119308e-02 3.995344415307044983e-02 5.131557211279869080e-02 3.675960376858711243e-02 7.002331316471099854e-03 4.959277436137199402e-02 3.132481500506401062e-02 3.263073042035102844e-02 4.203463718295097351e-02 1.649468578398227692e-02 1.373157557100057602e-02 3.854124248027801514e-02 2.006134577095508575e-02 3.521790355443954468e-02 4.041486233472824097e-02 3.853370994329452515e-02 8.814581669867038727e-03 4.276502877473831177e-02 5.589646100997924805e-02 2.389532886445522308e-02 1.726397871971130371e-02 2.479200623929500580e-02 3.927830979228019714e-02 1.173731014132499695e-01 6.220332905650138855e-02 7.433784659951925278e-03 1.441241055727005005e-02 3.855974879115819931e-03 1.459019258618354797e-02 1.224154606461524963e-02 1.971187070012092590e-02 1.418494526296854019e-02 1.834767311811447144e-02 5.189933627843856812e-02 4.966670274734497070e-02 1.414755359292030334e-02 3.873622743412852287e-03 8.514476940035820007e-03 2.231460064649581909e-02 4.849565681070089340e-03 2.796591445803642273e-02 6.787322461605072021e-02 5.550542846322059631e-02 2.844570390880107880e-02 2.496669068932533264e-02 2.726524509489536285e-02 5.104794725775718689e-02 1.077082473784685135e-02 3.094402886927127838e-02 1.826455630362033844e-02 5.024203099310398102e-03 2.613926120102405548e-02 3.757912293076515198e-02 2.390570752322673798e-02 4.561135545372962952e-03 6.741616409271955490e-03 2.371918410062789917e-02 1.494600623846054077e-02 1.560691837221384048e-02 3.858857229351997375e-02 1.510823704302310944e-02 1.183124445378780365e-02 1.737699471414089203e-02 1.310814451426267624e-02 2.560082264244556427e-02 1.648795045912265778e-02 2.329425513744354248e-02 4.362097382545471191e-02 4.986601416021585464e-03 6.082497909665107727e-02 1.509090512990951538e-02 1.608514226973056793e-02 8.353642188012599945e-03 1.177073735743761063e-02 3.097436204552650452e-02 2.830749936401844025e-02 4.477669950574636459e-03 8.319504559040069580e-03 3.350083529949188232e-02 3.401125594973564148e-02 3.866770863533020020e-02 4.613296687602996826e-02 2.308768406510353088e-02 8.620927110314369202e-03 3.055262379348278046e-02 1.692105270922183990e-02 3.267635777592658997e-02 4.164339601993560791e-02 2.130072377622127533e-02 6.380758248269557953e-03 1.038820762187242508e-02 2.906526625156402588e-02 9.683153592050075531e-03
2.132691256701946259e-02 4.093402530997991562e-04 1.768453978002071381e-02 1.824352703988552094e-02 3.591374307870864868e-02 6.714585423469543457e-02 1.465205010026693344e-02 3.823158517479896545e-02 4.852862656116485596e-02 1.351399533450603485e-02 4.528465121984481812e-02 4.810073971748352051e-01 2.927358075976371765e-02 1.809254586696624756e-01 9.721555747091770172e-03 5.640072375535964966e-02 3.857313096523284912e-02 3.604086861014366150e-02 2.027669362723827362e-02 1.354783680289983749e-02 2.088857069611549377e-02 4.577231407165527344e-02 1.546331774443387985e-02 2.418958954513072968e-02 1.852552220225334167e-02 4.303737357258796692e-02 2.950094081461429596e-02 1.880483627319335938e-01 1.705981232225894928e-02 1.445571631193161011e-01 3.633636608719825745e-02 9.691751562058925629e-03 6.047726608812808990e-03 8.542177081108093262e-02 3.450368717312812805e-02 2.284642495214939117e-02 7.852348499000072479e-03 6.333342753350734711e-03 1.052239630371332169e-02 7.679442409425973892e-03 2.433473709970712662e-03 4.909971728920936584e-02 2.887202054262161255e-02 2.711651381105184555e-03 8.325096964836120605e-02 2.355762012302875519e-02 4.104036837816238403e-03 5.422272442956455052e-05 2.209958061575889587e-02 7.438634335994720459e-02 1.905109174549579620e-02 5.474622012116014957e-04 4.475415125489234924e-02 4.507557302713394165e-02 1.114897779189050198e-03 2.166911587119102478e-02 4.049774631857872009e-02 5.270028486847877502e-02 2.087723836302757263e-02 1.648138836026191711e-02 3.799504414200782776e-02 2.589668892323970795e-02 3.769666329026222229e-02 4.485224187374114990e-02 3.675898909568786621e-02 3.157833218574523926e-02 4.275771323591470718e-03 3.459122963249683380e-03 4.523563012480735779e-02 3.008970059454441071e-02 7.014120370149612427e-02 3.411714220419526100e-03 4.864696785807609558e-02 4.489984735846519470e-02 2.584275975823402405e-02 1.263459026813507080e-02 5.891187489032745361e-02 6.990092992782592773e-02 3.411763533949851990e-02 1.340975984930992126e-02 1.145229116082191467e-02 4.143519327044487000e-02 3.584932535886764526e-02 2.390968240797519684e-02 3.268940374255180359e-02 7.782011292874813080e-03 4.491102322936058044e-02 3.113814443349838257e-02 1.005517598241567612e-02 7.699257135391235352e-02 6.680610775947570801e-02 1.540283113718032837e-02 2.002567797899246216e-02 4.095861315727233887e-02 1.453633699566125870e-02 3.772690519690513611e-02 7.428322453051805496e-03 3.695713356137275696e-02 8.666480891406536102e-03 5.072651430964469910e-02 1.435746322385966778e-03 6.770796142518520355e-03 3.646224364638328552e-02 3.476097062230110168e-02 1.391528919339179993e-02 3.019599243998527527e-02 3.034754842519760132e-02 7.312538102269172668e-03 7.421625778079032898e-03 3.433913737535476685e-02 3.667929023504257202e-02 6.896047852933406830e-03 3.349360451102256775e-02 1.993154734373092651e-02 5.208922922611236572e-02 1.054670847952365875e-02
1.112584024667739868e-01 1.393624544143676758e-01 2.635031193494796753e-02 2.912921085953712463e-02 3.560830652713775635e-02 9.279718250036239624e-02 1.130201444029808044e-01 3.176923375576734543e-03 2.434111014008522034e-02 5.507329944521188736e-03 1.361433267593383789e-01 2.927358075976371765e-02 5.170618891716003418e-01 4.806639626622200012e-02 3.311889618635177612e-02 3.779334202408790588e-02 3.986347466707229614e-02 4.497208446264266968e-02 3.663357347249984741e-02 1.925488933920860291e-03 1.743711344897747040e-02 2.196106500923633575e-02 2.549948729574680328e-02 5.367968231439590454e-03 5.921872705221176147e-02 4.618224874138832092e-02 1.822188496589660645e-02 2.655248390510678291e-03 5.172475427389144897e-02 1.981173083186149597e-02 3.682572394609451294e-02 2.651206031441688538e-02 2.674018265679478645e-03 7.283173617906868458e-04 3.474999591708183289e-02 6.132230162620544434e-03 3.851154446601867676e-02 3.609811142086982727e-02 2.702310681343078613e-02 1.550697162747383118e-02 4.237323626875877380e-02 3.335129097104072571e-02 1.799048855900764465e-02 3.674329072237014771e-02 4.633217677474021912e-02 5.096570774912834167e-02 9.570866823196411133e-02 6.197125837206840515e-02 1.714782044291496277e-02 2.724829316139221191e-02 1.834648195654153824e-03 1.484416984021663666e-02 2.144397795200347900e-02 1.229892205446958542e-02 2.201062440872192383e-02 6.683704908937215805e-03 3.812424838542938232e-02 3.314973786473274231e-02 2.278047986328601837e-02 1.011671498417854309e-02 2.223696745932102203e-02 3.360255062580108643e-02 1.792134135030210018e-03 2.354408986866474152e-02 5.312771350145339966e-02 5.721173807978630066e-02 3.153381124138832092e-02 1.902510970830917358e-02 2.408913150429725647e-02 4.298810288310050964e-02 1.900242827832698822e-02 4.232593625783920288e-02 1.110652228817343712e-03 4.546691663563251495e-03 1.089859288185834885e-02 5.164276435971260071e-02 2.025163732469081879e-02 3.024631645530462265e-03 1.756330952048301697e-02 2.857127599418163300e-02 2.621868997812271118e-02 1.265643350780010223e-02 3.622882813215255737e-02 3.079635463654994965e-02 5.021265149116516113e-02 2.951983921229839325e-02 1.655653305351734161e-02 2.771359495818614960e-02 3.671555547043681145e-03 1.208859309554100037e-02 5.224287509918212891e-02 4.823207389563322067e-03 6.865478307008743286e-02 2.672158647328615189e-03 5.010182969272136688e-03 2.369444258511066437e-02 1.602373830974102020e-02 4.130185022950172424e-02 3.502101078629493713e-02 6.674186326563358307e-03 4.329159855842590332e-03 3.314032405614852905e-02 4.075194895267486572e-02 3.884154185652732849e-02 1.532954350113868713e-02 2.891420153900980949e-04 9.843406267464160919e-03 3.407555399462580681e-03 3.045356087386608124e-02 1.086738053709268570e-02 4.431174322962760925e-02 2.453024126589298248e-02 1.145717222243547440e-02 2.063381858170032501e-02 3.491536527872085571e-02 1.831397041678428650e-02
