5.841765999794006348e-01 2.452495694160461426e-01 8.407385321334004402e-04 1.901341974735260010e-02 1.231877133250236511e-02 1.432019472122192383e-01 1.095876470208168030e-01 3.256108984351158142e-02 3.371680527925491333e-02 1.203359384089708328e-02 1.941949725151062012e-01 1.217301702126860619e-03 1.291633248329162598e-01 6.287109106779098511e-03 2.909196168184280396e-02 2.579396031796932220e-02 2.198643516749143600e-03 1.277698110789060593e-02 5.138626787811517715e-03 2.941671572625637054e-02 7.768976967781782150e-03 3.672713786363601685e-02 3.033516369760036469e-02 3.856710344552993774e-02 2.050097845494747162e-02 3.727268893271684647e-03 2.343145199120044708e-03 2.352957613766193390e-02 1.070898026227951050e-02 3.230739012360572815e-02 2.680334448814392090e-02 3.167593106627464294e-02 1.391913183033466339e-02 1.279897056519985199e-02 5.660366732627153397e-03 1.286223903298377991e-02 1.481307391077280045e-02 5.509013310074806213e-02 3.296276554465293884e-02 1.024822890758514404e-02 5.572855938225984573e-03 5.139451473951339722e-03 1.520193647593259811e-03 1.406722608953714371e-02 1.865038461983203888e-02 2.175872400403022766e-02 1.100807040929794312e-01 6.340080499649047852e-02 2.365635335445404053e-02 3.249241784214973450e-02 1.268639229238033295e-02 2.319086901843547821e-02 8.946390822529792786e-03 4.112699255347251892e-02 2.293788082897663116e-02 2.820191904902458191e-02 2.418947406113147736e-02 2.109612710773944855e-02 5.388949066400527954e-03 5.826218426227569580e-02 3.573976457118988037e-02 3.188091504853218794e-04 2.668574079871177673e-02 2.637643925845623016e-02 4.696595296263694763e-02 4.258370772004127502e-02 1.882450468838214874e-02 8.617695420980453491e-03 1.355734374374151230e-02 2.693244628608226776e-02 1.434364821761846542e-02 3.282430395483970642e-02 1.202768273651599884e-02 2.257005311548709869e-02 6.039438303560018539e-03 3.081600554287433624e-02 7.228555041365325451e-04 1.704725623130798340e-02 3.071426041424274445e-02 2.889006957411766052e-02 1.143697369843721390e-02 9.807345457375049591e-03 2.621591091156005859e-02 3.346418589353561401e-02 1.670635864138603210e-02 4.072915390133857727e-02 7.907698862254619598e-03 2.775757201015949249e-02 1.407651812769472599e-03 3.114412538707256317e-03 4.395205900073051453e-02 3.544721286743879318e-03 3.363186866044998169e-02 1.508311368525028229e-02 1.753107644617557526e-02 6.026538554579019547e-03 2.732261270284652710e-02 3.130245208740234375e-02 3.416936099529266357e-02 3.562216833233833313e-02 2.454226091504096985e-02 1.029369793832302094e-02 9.802367538213729858e-03 3.602158278226852417e-02 2.553114853799343109e-02 1.120678731240332127e-03 1.257759146392345428e-02 3.079934231936931610e-02 1.727071404457092285e-02 1.648973673582077026e-02 3.249206114560365677e-03 3.828696161508560181e-02 1.156294718384742737e-02 1.081061828881502151e-02 1.553107285872101784e-03 3.930141404271125793e-02
2.452495694160461426e-01 5.907087922096252441e-01 1.110172551125288010e-02 7.128749042749404907e-03 7.855867734178900719e-04 1.136227175593376160e-01 1.082454249262809753e-01 2.760807424783706665e-02 4.174335673451423645e-02 6.306314375251531601e-03 1.472385674715042114e-01 8.082714863121509552e-03 1.411228179931640625e-01 2.283286489546298981e-02 4.217265546321868896e-02 3.510506078600883484e-02 1.489244960248470306e-02 2.694826945662498474e-02 3.351214528083801270e-02 3.294222801923751831e-02 3.324064193293452263e-03 4.614192992448806763e-02 4.535552859306335449e-02 4.212560132145881653e-02 2.525332756340503693e-02 4.600293003022670746e-03 1.398179028183221817e-02 4.155375063419342041e-02 3.247826546430587769e-02 3.795922035351395607e-03 1.594618521630764008e-02 3.665783256292343140e-02 2.252999693155288696e-02 2.373269945383071899e-02 8.155943825840950012e-03 2.298061177134513855e-02 3.739312291145324707e-03 4.465029761195182800e-02 1.200328581035137177e-02 4.328858852386474609e-02 4.730712622404098511e-03 1.877059694379568100e-03 5.635947920382022858e-03 5.523790605366230011e-03 3.290401026606559753e-02 4.708155058324337006e-03 9.461354464292526245e-02 7.987149804830551147e-02 1.977128908038139343e-02 2.473341487348079681e-02 2.111336216330528259e-02 2.336831577122211456e-02 8.368465118110179901e-03 3.006764501333236694e-02 2.394903637468814850e-02 1.863737776875495911e-02 3.337628394365310669e-02 1.990005746483802795e-02 6.048711948096752167e-03 3.732023015618324280e-02 4.030924290418624878e-02 1.729465462267398834e-02 1.722676865756511688e-02 1.051116734743118286e-02 4.061842337250709534e-02 4.406329244375228882e-02 2.198365703225135803e-02 1.124312728643417358e-02 1.443963125348091125e-02 1.831664517521858215e-02 1.965469680726528168e-03 2.822931483387947083e-02 2.487954497337341309e-02 9.199091233313083649e-03 5.066768266260623932e-03 1.325659547001123428e-02 1.684351637959480286e-02 2.971018198877573013e-03 4.243167489767074585e-02 1.422142330557107925e-02 3.353897482156753540e-02 1.665568910539150238e-03 2.830435708165168762e-02 1.916027441620826721e-02 2.064180746674537659e-02 3.163227066397666931e-02 1.121795619837939739e-03 1.634577475488185883e-02 6.978749297559261322e-03 2.248252183198928833e-02 4.156265780329704285e-02 5.860526580363512039e-03 5.901225283741950989e-02 1.304366975091397762e-03 1.345241721719503403e-02 2.603729953989386559e-03 2.683748491108417511e-02 4.150600731372833252e-02 2.828065492212772369e-02 3.148674964904785156e-02 2.302323654294013977e-02 1.840168982744216919e-02 8.704331703484058380e-03 3.346968814730644226e-02 2.624788321554660797e-02 2.888143807649612427e-02 5.249081179499626160e-03 2.891440689563751221e-02 2.465370297431945801e-02 3.948724642395973206e-02 6.291897501796483994e-03 3.468872606754302979e-02 7.794444914907217026e-03 1.738192699849605560e-02 3.414178267121315002e-02 2.202088013291358948e-02
8.407385321334004402e-04 1.110172551125288010e-02 5.804803967475891113e-01 1.089231017976999283e-02 1.011778414249420166e-02 7.175844628363847733e-03 2.543665841221809387e-02 1.543005108833312988e-01 9.221707470715045929e-03 2.935355901718139648e-02 2.242852235212922096e-03 2.056872844696044922e-02 2.461961470544338226e-03 8.155022747814655304e-03 6.621247529983520508e-02 3.342484310269355774e-02 2.779527194797992706e-02 1.694306172430515289e-02 1.213177200406789780e-02 1.633707061409950256e-02 2.041395194828510284e-02 4.932305961847305298e-02 2.038745023310184479e-02 2.645952813327312469e-02 2.239358983933925629e-02 6.339445826597511768e-04 3.172847628593444824e-02 3.208795934915542603e-02 8.366105146706104279e-03 7.520062383264303207e-03 2.695973031222820282e-03 2.705078385770320892e-02 1.069169491529464722e-02 1.461411640048027039e-02 1.598348841071128845e-02 3.548408299684524536e-02 2.986297197639942169e-02 4.129780083894729614e-02 3.587495908141136169e-02 3.722132742404937744e-02 8.453555637970566750e-04 2.777433954179286957e-02 2.601768076419830322e-02 4.841113835573196411e-02 1.253561303019523621e-02 3.379294648766517639e-02 1.504055038094520569e-02 3.278405591845512390e-02 2.213574387133121490e-02 1.885913684964179993e-02 7.904971018433570862e-03 1.238810271024703979e-02 3.986673429608345032e-02 4.682539775967597961e-02 3.480088710784912109e-02 3.427823632955551147e-02 1.523858960717916489e-02 2.338503301143646240e-02 1.698767766356468201e-03 1.164975110441446304e-02 1.196473836898803711e-02 1.822409965097904205e-02 1.721962355077266693e-02 5.470965057611465454e-02 7.104800548404455185e-03 2.312062680721282959e-02 3.169707953929901123e-02 2.119990624487400055e-02 2.125810272991657257e-02 3.051365911960601807e-02 1.828167587518692017e-03 4.511699452996253967e-02 2.496167644858360291e-02 4.875402152538299561e-02 4.011566191911697388e-02 4.665789008140563965e-02 1.823986531235277653e-03 4.471314139664173126e-03 2.122429572045803070e-02 1.036702655255794525e-02 2.340454161167144775e-01 2.112150192260742188e-01 6.726305000483989716e-03 1.003072969615459442e-02 5.662313196808099747e-03 2.533131092786788940e-02 8.598864078521728516e-02 1.063643768429756165e-01 1.146973203867673874e-02 7.665418088436126709e-03 3.722069039940834045e-02 5.102080851793289185e-02 3.232661634683609009e-02 7.879404723644256592e-02 2.490800060331821442e-02 5.727170966565608978e-03 1.335800997912883759e-02 2.483199641574174166e-04 2.335795760154724121e-02 2.695661038160324097e-02 1.984646171331405640e-02 1.221599336713552475e-02 3.488912433385848999e-02 1.020934991538524628e-02 3.781599178910255432e-02 2.342479117214679718e-02 9.045779705047607422e-03 2.330041257664561272e-03 3.655951004475355148e-03 7.067689299583435059e-02 2.675843425095081329e-02 1.791016198694705963e-02 3.438968211412429810e-02 2.646906487643718719e-02 3.355581313371658325e-02 2.424638159573078156e-02
1.901341974735260010e-02 7.128749042749404907e-03 1.089231017976999283e-02 5.605803132057189941e-01 2.220820635557174683e-01 3.812873363494873047e-02 3.981937840580940247e-02 4.021443799138069153e-02 2.804089523851871490e-02 3.192059695720672607e-02 2.305077575147151947e-02 3.624494001269340515e-02 2.431886643171310425e-02 3.375931084156036377e-02 1.605650410056114197e-02 1.829457655549049377e-02 2.478501759469509125e-02 1.163527928292751312e-02 2.315522730350494385e-02 3.658930212259292603e-02 2.053290419280529022e-02 3.396695852279663086e-02 5.297726485878229141e-03 3.793200245127081871e-03 3.480010107159614563e-02 1.737223006784915924e-02 3.080555703490972519e-03 4.650825262069702148e-02 3.256998956203460693e-02 2.923534996807575226e-02 2.029482647776603699e-02 2.957742661237716675e-02 2.142183016985654831e-03 2.945608459413051605e-02 4.709655046463012695e-02 3.660315275192260742e-02 3.541922196745872498e-02 2.133124321699142456e-02 1.151480600237846375e-01 1.179089695215225220e-01 1.793344877660274506e-02 3.033823333680629730e-02 1.829955913126468658e-02 3.038258664309978485e-02 1.097956765443086624e-02 4.876800812780857086e-04 8.550204336643218994e-03 5.858687683939933777e-03 2.795749716460704803e-02 5.227167904376983643e-02 2.306001260876655579e-02 3.660808503627777100e-02 1.805076748132705688e-02 2.017218805849552155e-02 2.428892813622951508e-02 2.456168457865715027e-02 4.889680817723274231e-02 4.193509370088577271e-02 5.073407664895057678e-03 4.343546926975250244e-02 1.503308862447738647e-02 3.303724154829978943e-02 1.569943875074386597e-02 4.121900722384452820e-02 3.470704331994056702e-02 3.027678281068801880e-02 2.044686488807201385e-02 2.881362661719322205e-02 6.782294076401740313e-05 3.430419787764549255e-02 2.152870222926139832e-02 1.672559417784214020e-02 6.089732050895690918e-02 2.354470454156398773e-02 1.998534984886646271e-02 3.417268022894859314e-02 1.777141541242599487e-02 1.574390754103660583e-02 2.495952881872653961e-02 2.891499362885951996e-02 6.295498460531234741e-03 4.898474365472793579e-02 8.352697640657424927e-02 1.819389127194881439e-02 3.824539482593536377e-02 3.813501447439193726e-02 3.752482309937477112e-02 1.492692250758409500e-02 2.278026007115840912e-02 8.049730211496353149e-03 1.975981518626213074e-02 1.900122873485088348e-02 1.028321031481027603e-02 2.163074538111686707e-02 8.227152749896049500e-03 2.026155591011047363e-02 6.508976221084594727e-02 1.754472218453884125e-02 9.880186989903450012e-03 2.054924517869949341e-02 2.311843680217862129e-03 1.559235900640487671e-02 2.920541539788246155e-02 4.794617649167776108e-03 2.144440263509750366e-02 3.710697963833808899e-02 1.891250908374786377e-02 4.527660459280014038e-02 1.035191118717193604e-02 3.330526500940322876e-02 3.648303449153900146e-02 4.141106456518173218e-02 1.954867504537105560e-02 2.385155670344829559e-02 3.324016463011503220e-03 2.472519129514694214e-02
1.231877133250236511e-02 7.855867734178900719e-04 1.011778414249420166e-02 2.220820635557174683e-01 5.580084323883056641e-01 4.763578996062278748e-02 4.347092658281326294e-02 5.734221544116735458e-03 2.615608088672161102e-02 1.810130849480628967e-02 2.497419342398643494e-02 2.392938174307346344e-02 2.909985557198524475e-02 2.855760231614112854e-02 3.570228442549705505e-02 4.679928533732891083e-03 8.871614001691341400e-03 1.724653504788875580e-02 3.448586910963058472e-02 3.962633386254310608e-02 2.220912836492061615e-02 1.722997985780239105e-02 7.910267449915409088e-03 2.562295703683048487e-04 3.153043240308761597e-02 4.076134413480758667e-03 1.016082335263490677e-02 3.577674180269241333e-02 5.832252558320760727e-03 1.763425581157207489e-02 1.711011491715908051e-02 1.015054341405630112e-02 1.308378018438816071e-02 5.994636099785566330e-03 4.981895908713340759e-02 3.994669392704963684e-02 3.840470314025878906e-02 3.159466013312339783e-02 7.521246373653411865e-02 9.670749306678771973e-02 1.008579134941101074e-02 1.140201464295387268e-02 1.389823155477643013e-03 2.555876784026622772e-02 2.005531452596187592e-02 1.898692734539508820e-02 2.800316736102104187e-02 2.831088844686746597e-03 9.418942965567111969e-03 3.755684569478034973e-02 9.706660173833370209e-03 1.068975776433944702e-02 2.068638429045677185e-02 1.169130019843578339e-02 1.887642662040889263e-03 1.934244064614176750e-03 2.208666503429412842e-02 3.433426097035408020e-02 1.455696672201156616e-02 2.228098735213279724e-02 3.016858734190464020e-02 7.033254951238632202e-02 3.643077984452247620e-02 7.680309005081653595e-03 2.318182401359081268e-02 2.165470644831657410e-02 2.264868468046188354e-02 2.655849792063236237e-02 1.283473614603281021e-02 3.984818700700998306e-03 7.747587282210588455e-03 3.032530471682548523e-02 3.450974822044372559e-02 1.772452611476182938e-03 5.763702560216188431e-03 3.761488571763038635e-02 3.475005552172660828e-02 1.227221544831991196e-02 4.444633610546588898e-03 4.602528642863035202e-03 2.789245359599590302e-02 2.989019034430384636e-03 5.240134522318840027e-02 4.061625897884368896e-02 5.193415656685829163e-02 2.998292446136474609e-02 3.026140481233596802e-02 5.470146890729665756e-03 9.425180964171886444e-03 1.013406945276074111e-04 3.198220580816268921e-02 2.169338054955005646e-02 2.040212787687778473e-02 3.485681861639022827e-02 1.087905466556549072e-02 4.942342638969421387e-03 1.709547266364097595e-02 6.679347716271877289e-03 1.156677212566137314e-02 1.176721509546041489e-02 1.744455285370349884e-02 6.141309131635352969e-05 1.867454685270786285e-02 2.012668550014495850e-02 1.941969501785933971e-03 4.358983598649501801e-03 2.272886596620082855e-02 1.418658718466758728e-02 6.446711719036102295e-03 2.715293318033218384e-02 4.476489499211311340e-03 2.651788666844367981e-02 3.593299537897109985e-02 9.901213459670543671e-03 2.326211659237742424e-03 1.545413210988044739e-02
1.432019472122192383e-01 1.136227175593376160e-01 7.175844628363847733e-03 3.812873363494873047e-02 4.763578996062278748e-02 5.773371458053588867e-01 1.094155982136726379e-01 1.114359870553016663e-02 3.114455007016658783e-02 2.250366657972335815e-02 9.069285541772842407e-02 2.927365340292453766e-02 6.018045544624328613e-02 1.380208041518926620e-02 4.270316101610660553e-03 2.054528892040252686e-02 1.471821870654821396e-02 2.311931923031806946e-03 1.506956294178962708e-02 4.250911297276616096e-04 1.617452502250671387e-02 3.199203684926033020e-02 2.959257364273071289e-02 2.489207684993743896e-02 1.391205657273530960e-02 1.343179866671562195e-02 2.215441316366195679e-02 3.154326975345611572e-02 2.011334151029586792e-02 4.184676334261894226e-02 4.455408453941345215e-02 7.710904348641633987e-03 1.027342118322849274e-02 1.801040023565292358e-03 4.642262123525142670e-03 4.383586347103118896e-03 3.021830506622791290e-02 1.450680382549762726e-02 3.411364182829856873e-02 2.712204307317733765e-02 2.105655521154403687e-02 1.163751631975173950e-02 1.433554850518703461e-02 9.252490475773811340e-03 4.148567467927932739e-02 2.396731451153755188e-02 8.772420883178710938e-02 5.427926778793334961e-02 2.836028812453150749e-03 4.450356587767601013e-03 9.135723114013671875e-03 1.308766007423400879e-02 7.148081436753273010e-03 2.114265598356723785e-02 3.204536158591508865e-03 8.412171155214309692e-03 9.773029014468193054e-03 1.154780387878417969e-02 1.237797737121582031e-02 1.038235239684581757e-02 1.613260991871356964e-02 8.885150775313377380e-03 9.389137849211692810e-03 8.779099211096763611e-03 6.882441230118274689e-03 2.528384560719132423e-03 1.566583476960659027e-02 1.770380884408950806e-02 1.263377815485000610e-02 4.602767154574394226e-02 1.904170773923397064e-02 1.717311330139636993e-02 5.481992382556200027e-03 4.962816461920738220e-02 8.776350878179073334e-03 2.973126806318759918e-02 1.492950506508350372e-02 2.693400904536247253e-02 2.478238195180892944e-02 2.965388074517250061e-02 3.275346010923385620e-02 1.070925686508417130e-02 1.523035392165184021e-02 1.457617897540330887e-02 1.916353777050971985e-02 1.645378209650516510e-02 4.163518082350492477e-03 1.605257205665111542e-02 1.378756668418645859e-02 4.735941765829920769e-04 2.148121595382690430e-02 6.949400994926691055e-03 2.604242227971553802e-02 3.285884112119674683e-02 1.207194174639880657e-03 5.234460695646703243e-04 1.072319410741329193e-02 9.583823382854461670e-03 1.240825187414884567e-02 4.705972038209438324e-03 1.394296297803521156e-03 3.391748294234275818e-03 4.088896885514259338e-02 1.735519245266914368e-02 1.255525182932615280e-02 5.970017518848180771e-03 4.312184173613786697e-03 2.541657164692878723e-02 2.417763695120811462e-02 2.324406802654266357e-02 3.513609617948532104e-02 1.374197378754615784e-02 6.927389185875654221e-03 5.639176350086927414e-03 2.386877685785293579e-02 3.294581547379493713e-02
1.095876470208168030e-01 1.082454249262809753e-01 2.543665841221809387e-02 3.981937840580940247e-02 4.347092658281326294e-02 1.094155982136726379e-01 5.826354622840881348e-01 2.627170085906982422e-02 1.025505736470222473e-02 1.503480412065982819e-02 7.341553270816802979e-02 2.788722887635231018e-02 6.265435367822647095e-02 3.447045013308525085e-02 1.900273188948631287e-02 3.219702467322349548e-02 2.854774892330169678e-02 8.625828661024570465e-03 3.198126330971717834e-02 1.717888005077838898e-02 1.139807421714067459e-02 3.488977998495101929e-02 2.762108109891414642e-02 3.052789717912673950e-02 5.381421186029911041e-03 1.629234291613101959e-02 2.738436125218868256e-02 3.204025328159332275e-02 3.224244713783264160e-02 3.826982155442237854e-02 1.833741366863250732e-02 1.256091892719268799e-02 1.641081832349300385e-02 4.076323471963405609e-03 1.560116931796073914e-02 6.253664381802082062e-03 1.161296013742685318e-02 1.144134905189275742e-02 3.826905786991119385e-02 2.461055666208267212e-02 7.922108285129070282e-03 1.716955937445163727e-02 1.865739189088344574e-02 1.253572478890419006e-02 4.991315305233001709e-03 2.278056927025318146e-02 9.455525130033493042e-02 1.032210513949394226e-01 2.022314630448818207e-02 1.303643267601728439e-02 6.956853321753442287e-04 8.989689871668815613e-03 1.370810088701546192e-03 4.396643489599227905e-03 1.966649666428565979e-02 1.403603609651327133e-02 8.720254525542259216e-03 7.886133156716823578e-03 2.204244956374168396e-02 1.499898545444011688e-02 1.253595110028982162e-04 1.461026631295681000e-02 2.131177112460136414e-02 2.156413393095135689e-03 4.607788287103176117e-03 1.480593532323837280e-02 4.879219457507133484e-03 4.839522764086723328e-03 1.978143863379955292e-02 4.504696652293205261e-02 2.387488260865211487e-02 4.340374097228050232e-02 1.843666471540927887e-02 2.763847354799509048e-03 1.720095053315162659e-02 1.654608547687530518e-02 1.406044140458106995e-02 2.756433095782995224e-03 5.802801810204982758e-03 9.097081609070301056e-03 2.507163584232330322e-02 2.181933633983135223e-02 2.005805075168609619e-02 8.553222753107547760e-03 3.218868374824523926e-02 1.348261162638664246e-02 2.130217105150222778e-02 8.105376735329627991e-03 1.243642438203096390e-02 5.844126455485820770e-03 6.141382455825805664e-02 8.767931722104549408e-03 7.094863802194595337e-02 1.297034882009029388e-02 1.126777380704879761e-02 4.980152938514947891e-03 4.001674801111221313e-02 4.308835789561271667e-02 3.176415571942925453e-03 2.422481076791882515e-03 6.845424417406320572e-03 5.907271057367324829e-03 5.256101116538047791e-02 5.284735932946205139e-02 3.286733850836753845e-02 3.363967686891555786e-02 1.931353472173213959e-02 3.718214109539985657e-02 1.414187066256999969e-02 5.015788599848747253e-02 1.314669847488403320e-02 5.133212357759475708e-02 1.674912869930267334e-02 1.810259302146732807e-03 5.833012051880359650e-03 5.575568974018096924e-02
3.256108984351158142e-02 2.760807424783706665e-02 1.543005108833312988e-01 4.021443799138069153e-02 5.734221544116735458e-03 1.114359870553016663e-02 2.627170085906982422e-02 5.563046336174011230e-01 4.106445237994194031e-03 1.270359102636575699e-02 3.219587728381156921e-02 3.929776605218648911e-03 3.377729281783103943e-02 4.568029567599296570e-02 7.882077991962432861e-02 8.373064920306205750e-03 2.757606841623783112e-02 1.564141921699047089e-02 7.009841036051511765e-03 1.506951358169317245e-02 1.458976883441209793e-02 3.344608098268508911e-02 4.212331958115100861e-03 1.401304034516215324e-03 2.316107507795095444e-03 8.562615839764475822e-04 1.232957583852112293e-03 2.022591652348637581e-03 2.439551986753940582e-02 3.258519992232322693e-02 1.870057894848287106e-04 4.294015001505613327e-03 4.690640605986118317e-03 2.068436471745371819e-03 2.007281407713890076e-02 2.038369420915842056e-03 4.599902778863906860e-02 1.980013772845268250e-02 7.976849563419818878e-03 2.032973244786262512e-02 1.610017754137516022e-02 3.170728450641036034e-03 1.282155793160200119e-02 2.374169230461120605e-02 2.039400301873683929e-02 1.757444441318511963e-02 2.580977417528629303e-02 3.011212870478630066e-02 1.396361738443374634e-02 7.215260062366724014e-03 4.806239157915115356e-02 2.278834953904151917e-02 3.385017439723014832e-02 3.967430815100669861e-02 8.420580066740512848e-03 9.221663698554039001e-03 3.329943120479583740e-02 3.120033256709575653e-02 4.977072589099407196e-03 2.222805470228195190e-02 2.031189762055873871e-02 1.641888753511011600e-03 3.123853541910648346e-02 1.615991070866584778e-02 4.556319862604141235e-02 2.124106697738170624e-02 2.404019981622695923e-02 5.940660834312438965e-03 8.691801689565181732e-03 3.193606855347752571e-03 1.266819331794977188e-02 9.572361595928668976e-03 2.030277997255325317e-02 2.150293905287981033e-03 1.017118152230978012e-02 1.268905960023403168e-02 3.478801995515823364e-02 1.154974289238452911e-02 2.946008555591106415e-02 2.316190302371978760e-02 2.178146243095397949e-01 2.201137542724609375e-01 2.252335846424102783e-02 2.590746060013771057e-02 1.287962216883897781e-02 4.114069789648056030e-02 8.607801795005798340e-02 7.045345008373260498e-02 3.637436777353286743e-02 3.306049481034278870e-02 3.451926261186599731e-02 2.919552288949489594e-02 3.056433924939483404e-04 9.999234462156891823e-04 1.732446439564228058e-02 3.408563882112503052e-02 2.847899124026298523e-02 2.217940613627433777e-02 3.046481870114803314e-03 7.290065754204988480e-03 1.594669418409466743e-03 3.432183060795068741e-03 1.969877257943153381e-02 4.640079569071531296e-03 2.838199771940708160e-02 1.411772612482309341e-02 4.151628538966178894e-02 2.511190995573997498e-02 1.836575381457805634e-02 1.412940304726362228e-02 3.330320585519075394e-03 1.627968437969684601e-02 2.503603510558605194e-02 4.578583408147096634e-03 4.155439510941505432e-02 2.246869960799813271e-03
3.371680527925491333e-02 4.174335673451423645e-02 9.221707470715045929e-03 2.804089523851871490e-02 2.615608088672161102e-02 3.114455007016658783e-02 1.025505736470222473e-02 4.106445237994194031e-03 5.795395374298095703e-01 1.021741181612014771e-01 2.850691787898540497e-02 8.313754945993423462e-02 4.542600736021995544e-02 7.091980427503585815e-02 1.736819744110107422e-02 3.196102008223533630e-02 2.566748298704624176e-02 4.778236150741577148e-02 1.809420622885227203e-02 4.178049415349960327e-02 5.226039141416549683e-02 2.483505813870579004e-04 4.516404494643211365e-02 2.219093590974807739e-02 5.263279378414154053e-02 2.951476722955703735e-02 2.554749697446823120e-02 3.469024598598480225e-02 1.868161140009760857e-03 1.268569380044937134e-02 1.311240601353347301e-03 1.490223594009876251e-02 1.509790308773517609e-02 2.092523872852325439e-02 3.649463504552841187e-02 3.819914069026708603e-03 2.190434373915195465e-02 3.602842241525650024e-02 1.270770560950040817e-02 4.667676240205764771e-02 3.468879312276840210e-02 7.553075999021530151e-02 2.843764051795005798e-02 1.089406106621026993e-02 8.319679647684097290e-02 6.411947309970855713e-02 8.958686143159866333e-03 2.190602943301200867e-03 5.219972226768732071e-03 6.390846800059080124e-03 2.415060065686702728e-02 4.612283781170845032e-03 4.009000584483146667e-02 3.109372220933437347e-02 3.622867166996002197e-02 3.955360129475593567e-02 1.537696551531553268e-02 2.435651840642094612e-03 2.632825076580047607e-02 4.053070396184921265e-02 1.219752244651317596e-02 2.419011481106281281e-02 3.012847714126110077e-02 2.780148759484291077e-02 3.399958834052085876e-02 3.650867566466331482e-02 4.261288046836853027e-02 3.353235498070716858e-02 1.710595190525054932e-02 1.376852300018072128e-02 5.764110945165157318e-03 1.786554045975208282e-02 2.785594388842582703e-02 1.508655305951833725e-02 4.690086841583251953e-02 1.890468597412109375e-02 1.244567111134529114e-01 9.916291385889053345e-02 1.006768271327018738e-01 5.011239275336265564e-02 2.336984872817993164e-02 4.692158102989196777e-02 2.320241928100585938e-02 2.148630283772945404e-02 6.259050220251083374e-03 2.339448779821395874e-02 5.410249345004558563e-03 3.012121655046939850e-03 1.736184954643249512e-02 9.634237736463546753e-03 6.809856742620468140e-03 3.238745778799057007e-02 1.530230604112148285e-02 1.888669282197952271e-02 1.561223808676004410e-02 3.915003687143325806e-02 3.590254858136177063e-02 2.976626344025135040e-02 2.921399660408496857e-02 2.157007902860641479e-02 4.216319695115089417e-02 2.190158702433109283e-02 6.220269948244094849e-03 2.560463175177574158e-02 4.743365570902824402e-02 1.958712562918663025e-02 1.974458619952201843e-02 2.921960502862930298e-02 1.530368439853191376e-02 2.597098797559738159e-02 1.047693751752376556e-02 1.122526079416275024e-02 1.081356126815080643e-02 4.928556457161903381e-02 4.021229594945907593e-02 3.539992868900299072e-02
1.203359384089708328e-02 6.306314375251531601e-03 2.935355901718139648e-02 3.192059695720672607e-02 1.810130849480628967e-02 2.250366657972335815e-02 1.503480412065982819e-02 1.270359102636575699e-02 1.021741181612014771e-01 5.825698375701904297e-01 1.040501799434423447e-02 2.528851106762886047e-02 9.100185707211494446e-03 4.282251745462417603e-02 2.463492751121520996e-02 2.508343942463397980e-02 1.101535744965076447e-03 1.008758507668972015e-02 5.171873047947883606e-02 3.448490053415298462e-02 4.574435204267501831e-02 3.247437253594398499e-02 3.593479096889495850e-02 3.732481971383094788e-02 3.854834288358688354e-02 2.945603616535663605e-02 3.366660699248313904e-02 5.099568516016006470e-02 1.332896575331687927e-02 3.199347853660583496e-02 4.153024032711982727e-02 1.255223527550697327e-02 2.115822583436965942e-02 2.577399648725986481e-02 2.919219806790351868e-02 4.214953223709017038e-04 1.519720628857612610e-02 3.080232813954353333e-02 4.176654666662216187e-02 3.149931877851486206e-02 3.681631013751029968e-02 4.959598183631896973e-02 4.437804594635963440e-02 2.675142511725425720e-02 4.842423275113105774e-02 7.398719340562820435e-02 3.424841538071632385e-02 2.508703246712684631e-02 2.433503512293100357e-03 3.111175820231437683e-02 4.966417700052261353e-02 1.594285108149051666e-02 3.613953664898872375e-02 4.036041721701622009e-02 1.299065444618463516e-02 6.137407384812831879e-03 2.838598564267158508e-03 1.607404462993144989e-02 1.816377975046634674e-02 1.785018667578697205e-02 1.089379005134105682e-02 9.579092264175415039e-03 2.953381650149822235e-02 2.898195944726467133e-02 2.804050408303737640e-02 2.385459095239639282e-02 3.036904521286487579e-02 2.416962198913097382e-02 8.596104569733142853e-03 3.275289433076977730e-03 2.209801971912384033e-02 2.529340330511331558e-03 1.456939149647951126e-02 1.867485232651233673e-02 4.774794727563858032e-02 1.412616949528455734e-02 7.004173845052719116e-02 1.160900369286537170e-01 8.354252576828002930e-02 8.360645174980163574e-02 1.475933939218521118e-02 3.125432878732681274e-02 6.634800694882869720e-03 5.292482301592826843e-02 1.451620738953351974e-02 4.707130789756774902e-02 1.968262530863285065e-02 4.044947400689125061e-02 4.083351045846939087e-02 1.221315935254096985e-02 3.256463259458541870e-02 1.828732714056968689e-02 7.693873252719640732e-03 4.924772772938013077e-03 1.371616870164871216e-02 2.866663271561264992e-03 4.782604984939098358e-03 6.030919495970010757e-03 2.254790440201759338e-02 3.502376005053520203e-02 2.666848152875900269e-02 1.851462014019489288e-02 2.664486318826675415e-02 1.070141699165105820e-02 2.965010702610015869e-02 4.402858763933181763e-02 1.437956374138593674e-02 1.972484402358531952e-03 1.470773387700319290e-02 1.553836651146411896e-02 3.706764429807662964e-02 1.136406417936086655e-02 1.294092833995819092e-02 5.801997333765029907e-02 2.274934388697147369e-02 5.188797414302825928e-02
1.941949725151062012e-01 1.472385674715042114e-01 2.242852235212922096e-03 2.305077575147151947e-02 2.497419342398643494e-02 9.069285541772842407e-02 7.341553270816802979e-02 3.219587728381156921e-02 2.850691787898540497e-02 1.040501799434423447e-02 5.911415815353393555e-01 1.269996725022792816e-02 1.310453712940216064e-01 2.246991964057087898e-03 5.649454146623611450e-02 1.698449812829494476e-02 2.787404228001832962e-04 4.754386842250823975e-03 6.809029262512922287e-03 3.118528425693511963e-02 1.474851649254560471e-02 3.442907705903053284e-02 2.287015691399574280e-02 2.069925144314765930e-02 1.788871921598911285e-02 2.282823249697685242e-02 1.922979135997593403e-03 2.252123691141605377e-02 3.338063880801200867e-02 2.080821990966796875e-02 1.291852816939353943e-02 2.426736429333686829e-02 3.218073025345802307e-02 2.284727804362773895e-02 3.100361302495002747e-02 2.191053703427314758e-02 1.881104544736444950e-03 1.281678397208452225e-02 4.253201559185981750e-02 1.118794921785593033e-02 8.963830769062042236e-03 8.151202928274869919e-04 1.069909613579511642e-02 8.342506363987922668e-03 3.205598890781402588e-02 1.528892945498228073e-02 7.452712953090667725e-02 5.611386522650718689e-02 1.959351450204849243e-02 1.802551373839378357e-02 5.234519951045513153e-03 2.978111989796161652e-02 3.051292523741722107e-02 3.065422922372817993e-02 8.795381523668766022e-03 2.328696101903915405e-02 1.684484817087650299e-02 4.596413299441337585e-02 1.009336020797491074e-02 3.688403591513633728e-02 3.967278450727462769e-02 3.041515313088893890e-02 3.620655834674835205e-02 3.198596835136413574e-02 9.237523376941680908e-02 7.755991071462631226e-02 1.705488748848438263e-02 2.539889328181743622e-02 1.134696789085865021e-02 3.019915334880352020e-02 2.459343522787094116e-02 2.886435016989707947e-02 7.308945991098880768e-03 3.084519319236278534e-02 2.422616584226489067e-03 2.907734178006649017e-02 1.532573439180850983e-02 3.265728801488876343e-02 5.150893703103065491e-03 3.268009051680564880e-03 1.554867438971996307e-02 1.321351155638694763e-02 5.119608249515295029e-03 2.596305310726165771e-02 4.350338876247406006e-02 2.359118498861789703e-02 5.247943103313446045e-02 5.408492311835289001e-02 1.462192181497812271e-02 1.265229284763336182e-02 4.294312745332717896e-02 2.538545429706573486e-02 4.206084460020065308e-02 5.425889045000076294e-03 2.417719736695289612e-02 1.978237368166446686e-02 2.147750928997993469e-02 4.324748367071151733e-02 4.323273897171020508e-02 3.306591883301734924e-02 2.357120625674724579e-02 1.811627112329006195e-02 3.304481506347656250e-04 2.343862876296043396e-02 2.555495686829090118e-02 1.172593235969543457e-02 1.470019016414880753e-02 3.518654778599739075e-02 2.569013461470603943e-02 4.954206570982933044e-02 3.162334859371185303e-02 8.329900912940502167e-03 3.648204728960990906e-02 2.395956777036190033e-02 2.244360558688640594e-02 1.542744692414999008e-02
1.217301702126860619e-03 8.082714863121509552e-03 2.056872844696044922e-02 3.624494001269340515e-02 2.392938174307346344e-02 2.927365340292453766e-02 2.788722887635231018e-02 3.929776605218648911e-03 8.313754945993423462e-02 2.528851106762886047e-02 1.269996725022792816e-02 5.835542082786560059e-01 2.694369992241263390e-03 2.002051025629043579e-01 1.318765524774789810e-02 5.047941952943801880e-02 2.578159607946872711e-02 1.776227541267871857e-02 3.038329072296619415e-02 1.901453547179698944e-02 3.046310320496559143e-02 4.265291243791580200e-02 6.566681712865829468e-02 3.078673407435417175e-02 3.698961064219474792e-02 2.309264428913593292e-02 3.416687250137329102e-02 9.412133693695068359e-02 4.115024581551551819e-02 1.461406201124191284e-01 4.746746853925287724e-04 4.625615105032920837e-02 3.954556584358215332e-02 3.523941338062286377e-02 3.853470459580421448e-02 1.332387700676918030e-02 3.576844930648803711e-02 3.689954802393913269e-02 7.001667749136686325e-03 3.466494008898735046e-02 1.445608306676149368e-02 5.796976014971733093e-02 1.816534996032714844e-02 5.555699113756418228e-03 9.838312864303588867e-02 7.596275955438613892e-02 4.718304798007011414e-02 2.602936141192913055e-02 2.650949917733669281e-02 5.696147680282592773e-02 2.308307029306888580e-02 9.929946623742580414e-03 9.680651128292083740e-03 3.149725124239921570e-02 1.384750567376613617e-02 4.599233716726303101e-02 7.416192907840013504e-03 1.675507985055446625e-02 1.264748722314834595e-02 2.004793100059032440e-02 4.592343047261238098e-02 2.608613856136798859e-02 2.428458817303180695e-02 1.110110245645046234e-02 5.396203603595495224e-03 1.136738993227481842e-02 4.747534915804862976e-02 3.892584517598152161e-02 2.390610752627253532e-03 4.041941463947296143e-02 2.030965639278292656e-03 3.342043608427047729e-02 1.609613560140132904e-02 2.573768235743045807e-02 2.255985513329505920e-03 3.751130029559135437e-02 5.202714353799819946e-02 6.503724306821823120e-02 9.982791543006896973e-02 3.351939469575881958e-02 8.534948341548442841e-03 2.701934427022933960e-03 3.558906912803649902e-02 3.939406014978885651e-03 9.597080759704113007e-03 1.410844735801219940e-02 3.694648668169975281e-02 3.663123771548271179e-02 2.843545749783515930e-02 5.592352151870727539e-02 2.747091464698314667e-02 1.585758477449417114e-02 2.740690112113952637e-02 3.526373207569122314e-02 2.784500597044825554e-03 1.321091083809733391e-03 6.222401931881904602e-02 9.240111336112022400e-03 6.546024815179407597e-05 1.278274040669202805e-02 3.794769570231437683e-02 4.686447978019714355e-02 1.528776902705430984e-02 4.457556642591953278e-03 1.505645364522933960e-02 3.885349258780479431e-02 3.218648955225944519e-02 1.101909787394106388e-03 3.047956526279449463e-02 4.139751568436622620e-02 3.549718111753463745e-02 2.567512914538383484e-02 4.189904034137725830e-02 2.926282398402690887e-02 5.644617602229118347e-03 3.387960139662027359e-03
1.291633248329162598e-01 1.411228179931640625e-01 2.461961470544338226e-03 2.431886643171310425e-02 2.909985557198524475e-02 6.018045544624328613e-02 6.265435367822647095e-02 3.377729281783103943e-02 4.542600736021995544e-02 9.100185707211494446e-03 1.310453712940216064e-01 2.694369992241263390e-03 5.952671170234680176e-01 1.268913387320935726e-03 6.560666859149932861e-02 2.238666452467441559e-02 6.538230925798416138e-03 1.243416871875524521e-02 1.338947191834449768e-02 2.393558621406555176e-02 5.427347496151924133e-03 5.977516621351242065e-02 2.506200410425662994e-02 2.297141775488853455e-02 1.535894721746444702e-02 1.457386184483766556e-02 7.517316378653049469e-03 1.527933776378631592e-02 5.655470862984657288e-02 9.193074656650424004e-04 4.872379451990127563e-02 2.374638244509696960e-02 1.673714816570281982e-02 2.743110060691833496e-02 8.814029395580291748e-03 8.366129361093044281e-03 3.090319456532597542e-03 5.032846238464117050e-03 3.691218420863151550e-02 3.212396427989006042e-02 8.034293539822101593e-03 1.102344505488872528e-02 1.684782840311527252e-02 1.750895194709300995e-02 3.552033752202987671e-02 3.618372231721878052e-02 5.252317711710929871e-02 5.543079227209091187e-02 2.440134994685649872e-03 1.826821267604827881e-02 3.315166383981704712e-02 3.488786146044731140e-02 1.433200202882289886e-02 3.168114647269248962e-02 4.518296103924512863e-03 8.833863772451877594e-03 3.994282335042953491e-02 2.109421975910663605e-02 4.634516313672065735e-03 3.030632436275482178e-02 3.597585856914520264e-02 2.369601838290691376e-02 8.231856860220432281e-03 4.175633657723665237e-03 6.411854922771453857e-02 7.524362951517105103e-02 1.088980492204427719e-02 2.832178771495819092e-02 4.107855726033449173e-03 3.168638423085212708e-02 8.478695526719093323e-03 2.903417125344276428e-02 9.240970015525817871e-03 1.804381236433982849e-02 8.247736841440200806e-03 1.775307953357696533e-02 2.941934764385223389e-02 2.569943480193614960e-02 4.123439639806747437e-02 8.240979164838790894e-03 5.715928040444850922e-03 2.366608008742332458e-02 1.271624211221933365e-02 3.283189609646797180e-02 4.991169273853302002e-02 1.755904220044612885e-02 3.544216603040695190e-02 5.354860052466392517e-02 2.378398552536964417e-03 1.138729136437177658e-02 4.043077304959297180e-02 9.259930811822414398e-03 5.237679556012153625e-02 2.160028927028179169e-02 1.989636197686195374e-02 5.399464629590511322e-03 1.578419283032417297e-02 3.878654167056083679e-02 3.821666166186332703e-02 3.242571279406547546e-02 2.204353176057338715e-02 2.412825822830200195e-02 2.572661498561501503e-03 2.000003866851329803e-02 3.853265568614006042e-02 2.010461129248142242e-02 2.093209698796272278e-02 1.774853095412254333e-02 2.374062873423099518e-02 2.413611114025115967e-02 2.447094023227691650e-02 1.502351276576519012e-02 3.243918344378471375e-02 3.085228987038135529e-02 2.443997561931610107e-02 1.622011698782444000e-02
