5.303944945335388184e-01 1.536474972963333130e-01 1.717835105955600739e-02 6.729266606271266937e-03 4.294793680310249329e-02 1.310065239667892456e-01 9.458646178245544434e-02 2.626375062391161919e-03 4.310748353600502014e-02 2.904509380459785461e-02 9.786075353622436523e-02 5.243549123406410217e-02 8.605850487947463989e-02 3.531094640493392944e-02 1.251533720642328262e-02 1.066422462463378906e-02 1.935083791613578796e-02 3.496883809566497803e-02 8.250158280134201050e-03 4.324886947870254517e-02 3.396606817841529846e-02 1.126519590616226196e-02 4.629370756447315216e-03 3.560830838978290558e-03 1.828900352120399475e-02 2.347919717431068420e-02 2.044605650007724762e-02 8.213620632886886597e-03 1.116701960563659668e-02 3.377071768045425415e-02 4.129218310117721558e-02 8.915196172893047333e-03 2.467177808284759521e-02 2.870072145015001297e-03 4.500174522399902344e-02 1.603109389543533325e-02 1.630730740725994110e-02 2.745530568063259125e-02 3.478895872831344604e-02 4.708556458353996277e-03 2.325220033526420593e-02 1.176193449646234512e-02 2.250307053327560425e-02 9.208140894770622253e-03 4.034690186381340027e-02 1.550003606826066971e-02 5.870606377720832825e-02 2.126586996018886566e-02 8.286624215543270111e-03 3.854313981719315052e-04 1.879198849201202393e-02 3.727576136589050293e-02 1.631386950612068176e-02 3.701688721776008606e-02 8.255653083324432373e-03 3.061577491462230682e-02 4.814474377781152725e-03 3.241000697016716003e-02 4.319305717945098877e-02 3.896438702940940857e-02 4.375415388494729996e-03 2.209932915866374969e-02 1.807032339274883270e-02 1.715222373604774475e-02 4.600725322961807251e-02 9.797307662665843964e-03 2.692021802067756653e-02 1.393320132046937943e-02 3.549734503030776978e-02 4.172784462571144104e-02 3.240225464105606079e-02 4.294634610414505005e-02 1.652370765805244446e-02 7.172694895416498184e-03 1.274837180972099304e-02 9.544367901980876923e-03 8.290085010230541229e-03 4.027027264237403870e-02 1.607510074973106384e-02 3.118365257978439331e-02 2.474525757133960724e-02 1.233340427279472351e-02 2.967910096049308777e-02 3.941871970891952515e-02 2.649970911443233490e-02 2.731069736182689667e-02 4.342088475823402405e-03 5.974341183900833130e-03 1.794953271746635437e-02 2.883355133235454559e-02 6.031837314367294312e-02 6.910940282978117466e-04 8.953071199357509613e-03 1.676924340426921844e-02 3.332260763272643089e-03 3.347178176045417786e-02 4.524021223187446594e-02 2.890620566904544830e-02 1.645661331713199615e-02 3.130030632019042969e-02 1.163407415151596069e-02 6.743976380676031113e-03 4.394720494747161865e-02 5.159425549209117889e-03 4.130166769027709961e-02 2.090336941182613373e-02 3.985545784235000610e-02 4.196223989129066467e-02 6.681593949906527996e-04 3.505448624491691589e-02 1.966503821313381195e-02 2.101537771522998810e-02 4.229975864291191101e-03 1.785022020339965820e-02 9.078023023903369904e-03 1.544721517711877823e-02
1.536474972963333130e-01 5.260447859764099121e-01 7.464168593287467957e-03 3.891755128279328346e-03 2.354930341243743896e-02 1.225502118468284607e-01 9.142698347568511963e-02 9.988485835492610931e-03 3.002854995429515839e-02 1.825821958482265472e-02 8.477864414453506470e-02 4.130608215928077698e-02 1.063165739178657532e-01 2.220082096755504608e-02 2.091049216687679291e-02 1.276970282196998596e-02 2.301198430359363556e-02 3.847198560833930969e-02 2.917150594294071198e-02 4.669724404811859131e-02 4.156706854701042175e-02 9.387946338392794132e-04 2.338415011763572693e-02 6.188563536852598190e-03 4.003086593002080917e-03 1.186441816389560699e-02 1.019118819385766983e-02 6.808671634644269943e-03 3.630157560110092163e-02 3.608637303113937378e-02 4.246835410594940186e-02 3.942289622500538826e-04 3.854978829622268677e-02 1.652032881975173950e-02 2.672563679516315460e-02 7.887813262641429901e-03 7.473234290955588222e-05 2.652866393327713013e-02 2.910411171615123749e-02 2.861567959189414978e-02 4.069612920284271240e-02 3.803631663322448730e-02 1.943846046924591064e-02 3.149591013789176941e-02 2.676350064575672150e-02 8.370334282517433167e-03 3.130998462438583374e-02 1.023046206682920456e-02 9.820106439292430878e-03 1.747989282011985779e-02 2.472162712365388870e-03 1.621973514556884766e-02 4.280719533562660217e-02 1.568100228905677795e-02 2.739060483872890472e-02 3.018720448017120361e-02 3.634961554780602455e-03 9.347918676212430000e-04 2.571300603449344635e-02 4.771527647972106934e-02 3.132828325033187866e-02 2.545913867652416229e-02 1.484635751694440842e-02 4.535805899649858475e-03 5.627178400754928589e-02 1.422655209898948669e-02 2.120480127632617950e-02 2.504044445231556892e-03 2.044470421969890594e-02 4.830835014581680298e-02 2.899429295212030411e-03 4.690407589077949524e-02 1.952299103140830994e-02 6.141920574009418488e-03 2.238329872488975525e-02 3.465473651885986328e-02 1.854067668318748474e-02 1.396015100181102753e-02 3.086094558238983154e-02 2.778291516005992889e-02 2.669704332947731018e-02 1.407588599249720573e-03 1.329467352479696274e-02 3.150448203086853027e-02 1.468457654118537903e-02 3.204552456736564636e-02 1.656361506320536137e-03 1.039348915219306946e-02 3.996542096138000488e-02 4.106939770281314850e-03 4.185981303453445435e-02 1.271320739760994911e-03 4.976230673491954803e-03 9.873143397271633148e-03 8.843665942549705505e-03 2.551051229238510132e-02 4.095993936061859131e-02 1.836813613772392273e-02 2.899931557476520538e-02 7.820322178304195404e-03 9.716697037220001221e-03 1.193170435726642609e-02 2.981811389327049255e-02 2.303528040647506714e-02 3.532790765166282654e-02 7.447259966284036636e-03 1.453827787190675735e-02 1.899772137403488159e-02 1.579342968761920929e-02 2.707438357174396515e-02 1.221273653209209442e-02 1.813561469316482544e-02 3.308908548206090927e-03 2.260743826627731323e-02 2.112233079969882965e-02 1.478578243404626846e-02
1.717835105955600739e-02 7.464168593287467957e-03 5.033872127532958984e-01 1.068240124732255936e-02 1.504638232290744781e-03 3.167668357491493225e-02 3.316806629300117493e-02 7.856269180774688721e-02 4.868168756365776062e-02 1.950780861079692841e-02 4.522362351417541504e-02 1.787181757390499115e-02 1.411478966474533081e-02 1.722954399883747101e-02 6.913141906261444092e-02 4.754653200507164001e-02 4.736227542161941528e-02 6.496459245681762695e-03 3.770651668310165405e-02 1.457543857395648956e-02 2.826299145817756653e-02 2.703410014510154724e-02 3.430335223674774170e-02 3.245189413428306580e-02 3.358879312872886658e-02 4.129089787602424622e-02 2.299972996115684509e-02 2.542695263400673866e-03 1.270066946744918823e-02 3.725775750353932381e-03 3.072530403733253479e-02 4.060709103941917419e-02 5.071698129177093506e-02 4.846633225679397583e-02 4.823116958141326904e-02 2.767809107899665833e-02 3.998377546668052673e-02 1.626091636717319489e-02 2.626716718077659607e-02 3.269801288843154907e-02 4.515044018626213074e-02 3.199553862214088440e-02 3.648221492767333984e-02 7.728043943643569946e-02 4.588737618178129196e-03 3.624568134546279907e-02 1.189033268019556999e-03 3.249473124742507935e-02 3.534549847245216370e-02 1.586076058447360992e-02 4.031560942530632019e-02 2.252064645290374756e-02 3.444344177842140198e-02 1.838102936744689941e-02 2.125946059823036194e-02 2.338753826916217804e-02 4.268105700612068176e-02 1.482424512505531311e-02 2.205878868699073792e-02 9.229050017893314362e-03 2.986565232276916504e-02 9.390603750944137573e-03 2.064532227814197540e-02 3.063523769378662109e-02 5.252779927104711533e-03 2.169547602534294128e-02 3.311330080032348633e-02 2.558622509241104126e-02 2.663069032132625580e-02 3.241088986396789551e-02 2.159202413167804480e-04 3.948893863707780838e-03 2.195465005934238434e-02 1.461040135473012924e-02 3.420889005064964294e-02 7.310008164495229721e-03 4.084595665335655212e-02 7.400891184806823730e-02 8.143535815179347992e-03 2.480208175256848335e-03 1.279340535402297974e-01 4.319315031170845032e-02 2.481826394796371460e-02 2.083010971546173096e-02 3.534398227930068970e-02 1.938265748322010040e-02 2.662760019302368164e-02 5.454748123884201050e-02 1.148254703730344772e-02 4.720131400972604752e-04 3.332442417740821838e-02 1.861255802214145660e-02 4.939259029924869537e-03 3.348414786159992218e-03 1.198872104287147522e-01 4.417686164379119873e-02 3.094477765262126923e-02 1.636844687163829803e-02 1.437035854905843735e-02 1.290801260620355606e-02 1.859934814274311066e-02 3.157167509198188782e-02 1.693372242152690887e-02 3.106842935085296631e-02 4.350157082080841064e-02 6.544817239046096802e-02 4.182198271155357361e-02 6.812291685491800308e-03 1.641631498932838440e-02 4.448134452104568481e-02 1.249786186963319778e-02 2.088548801839351654e-02 2.544610574841499329e-02 1.007829792797565460e-02 4.183834418654441833e-02 3.818404674530029297e-02
6.729266606271266937e-03 3.891755128279328346e-03 1.068240124732255936e-02 5.257075428962707520e-01 1.526678949594497681e-01 2.603850327432155609e-02 5.152513086795806885e-02 2.007596008479595184e-02 2.499586530029773712e-02 2.583296783268451691e-02 1.814628578722476959e-02 3.606514073908329010e-03 3.771976381540298462e-02 3.812667727470397949e-02 2.323442697525024414e-02 9.107872843742370605e-03 6.042185123078525066e-04 1.429282687604427338e-02 5.999952554702758789e-02 3.218974918127059937e-02 2.322622016072273254e-02 3.672310709953308105e-02 2.557257376611232758e-02 4.332569986581802368e-02 4.398240894079208374e-02 5.019420385360717773e-02 3.514236211776733398e-02 1.131786312907934189e-02 3.697388991713523865e-02 9.590760804712772369e-03 2.364771254360675812e-02 3.187481313943862915e-02 1.386463362723588943e-02 5.409831926226615906e-02 6.713622715324163437e-03 8.746024221181869507e-03 2.005901746451854706e-02 5.172263085842132568e-02 1.014172583818435669e-01 4.074691236019134521e-02 4.311317950487136841e-02 4.071989655494689941e-02 3.689593868330121040e-03 3.372504189610481262e-02 3.396712988615036011e-02 7.534201722592115402e-03 1.783874630928039551e-02 3.734774189069867134e-03 2.072213962674140930e-02 1.962366513907909393e-02 1.718465797603130341e-02 1.564064621925354004e-02 1.405130699276924133e-02 3.382188081741333008e-02 1.597581803798675537e-02 6.942230742424726486e-03 2.368333283811807632e-03 5.218130722641944885e-02 2.207590453326702118e-02 9.248160757124423981e-03 3.676431626081466675e-02 8.892717771232128143e-03 1.253011170774698257e-02 7.162304595112800598e-03 4.301404207944869995e-02 3.672793135046958923e-02 3.953908011317253113e-02 1.226394530385732651e-02 3.394999727606773376e-02 1.776276901364326477e-02 1.884840428829193115e-02 4.173656180500984192e-02 1.387016475200653076e-01 4.396379366517066956e-02 7.781705260276794434e-02 3.739170357584953308e-02 1.080813445150852203e-02 2.875321311876177788e-03 2.222723327577114105e-02 1.777251437306404114e-02 2.172512933611869812e-02 2.403307706117630005e-02 9.705841541290283203e-02 1.001902967691421509e-01 1.360319438390433788e-03 1.250720582902431488e-02 3.061357140541076660e-02 3.705345094203948975e-02 5.338758230209350586e-02 1.531033217906951904e-02 3.725440800189971924e-02 3.022084571421146393e-02 4.567081108689308167e-02 5.452274531126022339e-02 3.530380129814147949e-02 2.115815505385398865e-02 2.486374601721763611e-02 3.657830134034156799e-02 2.892831154167652130e-02 4.129950329661369324e-02 2.516333758831024170e-02 3.204514831304550171e-02 1.058599539101123810e-02 1.664562895894050598e-02 2.625773288309574127e-02 1.106123346835374832e-02 3.726585209369659424e-02 1.726569794118404388e-02 3.479515761137008667e-02 3.100559487938880920e-02 1.857677591033279896e-03 2.190498448908329010e-02 3.123208321630954742e-02 3.441121801733970642e-02 2.330395206809043884e-02 4.969514906406402588e-02
4.294793680310249329e-02 2.354930341243743896e-02 1.504638232290744781e-03 1.526678949594497681e-01 5.156881809234619141e-01 8.554662577807903290e-03 1.602281816303730011e-02 1.711769844405353069e-03 1.032801810652017593e-02 4.187596216797828674e-02 3.447659313678741455e-02 1.212648488581180573e-02 3.908644244074821472e-02 3.131180256605148315e-02 1.078618131577968597e-02 3.083775751292705536e-02 2.809164859354496002e-02 7.054211571812629700e-03 1.006952375173568726e-01 3.572261705994606018e-02 7.279607234522700310e-04 3.768086060881614685e-02 1.169128343462944031e-02 3.964760154485702515e-02 1.347416825592517853e-02 2.247348194941878319e-03 3.141877055168151855e-02 3.143186494708061218e-02 3.889674320816993713e-03 2.433812431991100311e-02 3.240163996815681458e-02 1.743837073445320129e-02 3.595540300011634827e-02 2.766114100813865662e-02 1.808116585016250610e-02 1.484890468418598175e-02 3.663429617881774902e-02 1.974359154701232910e-02 5.452853068709373474e-02 8.421602100133895874e-02 1.489651296287775040e-02 3.993276879191398621e-02 1.450779661536216736e-02 2.376203052699565887e-02 1.599856279790401459e-02 2.124194055795669556e-02 1.525756716728210449e-02 2.378730289638042450e-02 1.102201640605926514e-02 1.200330350548028946e-02 1.241834647953510284e-02 2.568345889449119568e-02 1.062823925167322159e-02 2.659280039370059967e-02 4.657001048326492310e-02 2.536581456661224365e-02 5.377988889813423157e-02 6.763471290469169617e-03 4.183606803417205811e-02 3.259339602664113045e-03 4.493491258472204208e-03 8.241176838055253029e-04 1.297241915017366409e-02 3.965558484196662903e-03 4.445103928446769714e-02 3.069892339408397675e-02 6.096436176449060440e-03 3.305350895971059799e-03 1.874123699963092804e-02 9.968738071620464325e-03 2.362665906548500061e-02 3.446583449840545654e-02 8.144056797027587891e-02 6.592711899429559708e-03 1.389427781105041504e-01 5.829798057675361633e-03 3.734703361988067627e-02 2.608584612607955933e-02 4.071525111794471741e-02 7.154952734708786011e-02 3.690868243575096130e-02 3.460863977670669556e-02 7.061975076794624329e-03 1.216570585966110229e-01 3.221359103918075562e-02 2.990931645035743713e-02 3.084018453955650330e-02 4.098416119813919067e-02 3.217213228344917297e-02 1.688319258391857147e-02 3.776039555668830872e-02 4.731111973524093628e-02 8.336809463798999786e-03 1.265733223408460617e-02 2.695214189589023590e-02 3.784419968724250793e-02 4.119660332798957825e-02 1.223366358317434788e-03 1.068433560431003571e-02 9.960369206964969635e-03 1.315615512430667877e-02 1.632190309464931488e-02 4.450671002268791199e-02 2.355415560305118561e-02 3.562705218791961670e-02 4.932593181729316711e-02 2.408018521964550018e-02 2.819166332483291626e-02 2.679977193474769592e-02 3.812024137005209923e-03 2.247544936835765839e-02 3.809618949890136719e-02 3.976154606789350510e-03 8.001203968888148665e-05 7.613083347678184509e-03 2.192169241607189178e-02
1.310065239667892456e-01 1.225502118468284607e-01 3.167668357491493225e-02 2.603850327432155609e-02 8.554662577807903290e-03 5.271163582801818848e-01 1.972730755805969238e-01 3.136413171887397766e-02 9.946981444954872131e-03 1.772321760654449463e-02 5.643156170845031738e-02 6.328246090561151505e-03 4.694642871618270874e-02 9.974599815905094147e-03 4.017516598105430603e-02 3.657943755388259888e-02 1.744713634252548218e-02 2.338497666642069817e-03 1.058038696646690369e-02 4.892066353932023048e-04 1.389370951801538467e-02 3.693617507815361023e-02 9.337674826383590698e-03 5.436681676656007767e-03 5.486980825662612915e-02 4.794980958104133606e-02 2.608069218695163727e-02 1.034854166209697723e-02 3.240864316467195749e-04 3.681725636124610901e-02 2.535763755440711975e-02 2.547260141000151634e-03 2.624159306287765503e-02 2.751467190682888031e-02 1.218242337927222252e-03 2.917173132300376892e-02 3.852685913443565369e-02 2.288359589874744415e-02 3.181650862097740173e-02 3.682561218738555908e-02 1.444865111261606216e-02 1.935780793428421021e-02 4.860224667936563492e-03 6.002065725624561310e-03 7.832588627934455872e-03 4.597647348418831825e-04 1.223131045699119568e-01 7.302155252546072006e-03 2.120997942984104156e-02 4.150107875466346741e-02 1.749910600483417511e-02 1.482138782739639282e-02 7.039860356599092484e-04 1.463915687054395676e-02 3.303777426481246948e-02 1.772435195744037628e-02 1.781858736649155617e-04 4.143107682466506958e-02 9.304353035986423492e-03 3.713864460587501526e-02 3.490105271339416504e-02 3.332578763365745544e-02 2.304864488542079926e-02 2.302828803658485413e-02 2.878199703991413116e-02 2.337669581174850464e-02 2.188161760568618774e-02 2.857403643429279327e-02 1.574595086276531219e-02 2.992491051554679871e-02 2.517758309841156006e-02 3.106726706027984619e-02 4.400479421019554138e-02 3.253212943673133850e-02 3.686989424750208855e-03 5.222692620009183884e-03 1.922283321619033813e-02 3.395035117864608765e-02 2.327351598069071770e-03 2.892473153769969940e-02 7.552410941570997238e-03 5.074053630232810974e-02 1.752852834761142731e-02 2.949760528281331062e-04 3.840583562850952148e-02 4.236288741230964661e-02 1.444409415125846863e-02 7.552029099315404892e-03 2.745211124420166016e-02 5.328721832484006882e-03 8.249405026435852051e-02 2.581222914159297943e-02 4.533530771732330322e-02 1.096558663994073868e-02 2.597022615373134613e-02 6.224795058369636536e-02 1.231461577117443085e-02 1.673004031181335449e-02 3.734873840585350990e-03 2.087541855871677399e-02 3.644690290093421936e-02 3.931613173335790634e-03 2.228514850139617920e-02 7.255220785737037659e-03 1.300389692187309265e-02 3.646681830286979675e-02 3.833876177668571472e-02 3.875104710459709167e-02 1.347633916884660721e-02 6.774752866476774216e-03 8.348241448402404785e-03 1.265383884310722351e-02 3.909514285624027252e-03 5.179174244403839111e-02 4.070112481713294983e-02 3.188643604516983032e-03
9.458646178245544434e-02 9.142698347568511963e-02 3.316806629300117493e-02 5.152513086795806885e-02 1.602281816303730011e-02 1.972730755805969238e-01 5.262551903724670410e-01 2.380248531699180603e-02 3.276531025767326355e-02 6.740289740264415741e-03 4.215620085597038269e-02 2.802078798413276672e-02 3.062545508146286011e-02 7.525069173425436020e-03 2.121837623417377472e-02 2.661595307290554047e-02 4.247311130166053772e-02 3.163213282823562622e-02 3.407841548323631287e-02 3.097023814916610718e-02 2.412212453782558441e-02 4.886716138571500778e-03 2.140528894960880280e-02 2.111066319048404694e-02 3.733221814036369324e-02 5.111967772245407104e-02 9.878375567495822906e-03 2.697501704096794128e-02 1.178958103992044926e-03 1.642876118421554565e-02 7.563944905996322632e-02 1.339581608772277832e-02 1.477355137467384338e-02 2.951736189424991608e-02 6.433548405766487122e-03 2.870902791619300842e-02 3.414488956332206726e-02 6.941172294318675995e-03 1.424381230026483536e-02 2.535266615450382233e-02 2.584067918360233307e-02 1.770129054784774780e-02 6.760948803275823593e-03 2.307645045220851898e-03 2.738882601261138916e-02 3.398421034216880798e-02 1.300363242626190186e-01 9.368795156478881836e-02 3.616322204470634460e-02 3.479891642928123474e-02 4.745559766888618469e-02 8.563978597521781921e-03 1.665321364998817444e-02 3.330763801932334900e-02 4.244594275951385498e-02 2.413698844611644745e-02 1.507785730063915253e-02 1.622873730957508087e-02 2.818377688527107239e-02 4.053271934390068054e-02 3.103633224964141846e-02 2.993009798228740692e-02 1.981646567583084106e-02 3.189009428024291992e-02 2.488461323082447052e-02 7.185548078268766403e-03 7.128634490072727203e-03 4.604411125183105469e-02 2.291149832308292389e-02 1.111501920968294144e-02 3.686620295047760010e-02 1.414908282458782196e-02 1.964754797518253326e-02 1.932370103895664215e-02 1.977550238370895386e-02 2.630865946412086487e-02 2.734531275928020477e-02 7.374498527497053146e-03 2.498316206037998199e-02 1.473626215010881424e-02 3.797771781682968140e-02 2.117018401622772217e-02 2.212753891944885254e-02 9.633931331336498260e-03 3.217177093029022217e-02 3.427869826555252075e-02 4.241721704602241516e-02 3.992064669728279114e-02 5.928608588874340057e-03 4.195389524102210999e-02 6.566935032606124878e-02 1.479812432080507278e-03 9.974168241024017334e-02 6.055881269276142120e-03 5.003827810287475586e-02 9.392447769641876221e-02 3.725186362862586975e-02 8.235656656324863434e-03 1.885785721242427826e-02 1.009776815772056580e-02 2.019281033426523209e-03 2.638234198093414307e-02 1.468203961849212646e-03 1.326405908912420273e-02 1.621535047888755798e-02 3.436376526951789856e-02 1.583901979029178619e-02 2.795500494539737701e-02 2.992141991853713989e-02 2.755714952945709229e-02 3.253602981567382812e-02 2.009829320013523102e-02 1.798901706933975220e-02 5.474408715963363647e-02 4.118360579013824463e-02 1.575376838445663452e-02
2.626375062391161919e-03 9.988485835492610931e-03 7.856269180774688721e-02 2.007596008479595184e-02 1.711769844405353069e-03 3.136413171887397766e-02 2.380248531699180603e-02 5.105027556419372559e-01 1.058992370963096619e-02 2.424474991858005524e-02 2.008169423788785934e-03 2.886666171252727509e-02 1.451968867331743240e-02 3.098848089575767517e-02 1.758269518613815308e-01 7.729042321443557739e-03 3.710133954882621765e-02 1.442341320216655731e-02 1.028517074882984161e-02 2.123247832059860229e-02 3.948442637920379639e-02 4.013444297015666962e-03 9.217795915901660919e-03 3.443825617432594299e-02 3.332581371068954468e-02 2.111543342471122742e-02 3.672265261411666870e-02 6.158002652227878571e-03 2.856487967073917389e-02 3.674657642841339111e-02 3.264614939689636230e-02 2.327170595526695251e-02 2.390436269342899323e-02 1.089629437774419785e-02 2.578940056264400482e-02 8.580175228416919708e-03 6.001292914152145386e-02 3.826857078820466995e-03 5.172523204237222672e-03 4.631859192159026861e-04 2.266653254628181458e-02 2.152912132441997528e-02 1.146735716611146927e-02 2.444108203053474426e-02 1.892810501158237457e-02 1.944775879383087158e-02 2.166446531191468239e-03 4.670155793428421021e-02 3.109064418822526932e-03 3.229144588112831116e-02 3.279193863272666931e-02 7.336228154599666595e-04 4.660895466804504395e-02 3.244287520647048950e-02 1.197112351655960083e-02 9.345070458948612213e-03 4.372975975275039673e-02 3.855010494589805603e-02 2.185082435607910156e-02 2.257618354633450508e-03 3.194525465369224548e-02 2.163683250546455383e-02 4.511479288339614868e-03 2.220299327746033669e-03 5.331236869096755981e-02 2.452237531542778015e-02 4.138375818729400635e-02 4.489275813102722168e-02 3.058953210711479187e-02 2.199423685669898987e-02 1.750637078657746315e-03 2.870924072340130806e-03 1.719971373677253723e-02 1.761716417968273163e-02 2.762651816010475159e-02 5.265095084905624390e-02 1.624292135238647461e-02 1.161679066717624664e-02 3.482860326766967773e-02 1.356703881174325943e-02 2.074441015720367432e-01 1.301120817661285400e-01 1.435886044055223465e-02 2.822187170386314392e-02 4.262351617217063904e-02 1.747032999992370605e-02 7.854849845170974731e-02 6.761564314365386963e-02 3.509249910712242126e-02 2.685081958770751953e-02 3.772508725523948669e-02 3.954953700304031372e-02 3.507910761982202530e-03 1.589136756956577301e-02 1.042614690959453583e-02 2.094304747879505157e-02 3.766008093953132629e-02 2.989045903086662292e-02 1.701069436967372894e-02 2.149048447608947754e-02 2.485107444226741791e-02 1.687895320355892181e-02 3.113317862153053284e-02 3.654184192419052124e-02 2.854568138718605042e-02 1.419294532388448715e-02 4.619505628943443298e-02 4.293010383844375610e-02 1.180045958608388901e-02 7.999648805707693100e-04 1.673703081905841827e-03 8.633996360003948212e-03 3.324349597096443176e-02 1.072592101991176605e-02 2.410270273685455322e-02 9.106432087719440460e-03
4.310748353600502014e-02 3.002854995429515839e-02 4.868168756365776062e-02 2.499586530029773712e-02 1.032801810652017593e-02 9.946981444954872131e-03 3.276531025767326355e-02 1.058992370963096619e-02 5.159910321235656738e-01 7.094546407461166382e-02 3.113983385264873505e-02 2.470738999545574188e-02 3.381803259253501892e-02 1.600079424679279327e-02 8.057578466832637787e-03 8.292131870985031128e-02 2.188109792768955231e-02 9.178576618432998657e-02 3.377769608050584793e-03 1.983752846717834473e-02 3.252854198217391968e-02 2.898928476497530937e-03 3.063715249300003052e-02 2.962670056149363518e-03 2.674947120249271393e-02 8.248038589954376221e-03 1.616337150335311890e-02 1.484798558522015810e-04 1.318912394344806671e-02 4.169411212205886841e-02 9.495257399976253510e-03 8.513653650879859924e-03 6.611542776226997375e-03 8.791581727564334869e-03 2.689319662749767303e-02 3.061517886817455292e-02 1.852529495954513550e-02 1.668367302045226097e-03 5.389090999960899353e-02 4.966171830892562866e-02 2.325030742213129997e-03 3.603240475058555603e-02 4.670022055506706238e-02 1.008863374590873718e-02 3.585910797119140625e-02 3.396765096113085747e-04 1.281574368476867676e-03 1.066504511982202530e-02 8.953450620174407959e-02 7.546992506831884384e-03 4.010772705078125000e-02 1.416168361902236938e-02 2.949066692963242531e-03 2.678973414003849030e-02 4.481405019760131836e-02 8.383667096495628357e-03 1.645386591553688049e-02 1.171974581666290760e-03 5.819880403578281403e-03 1.076136436313390732e-02 1.532471273094415665e-02 1.440130453556776047e-02 3.320252522826194763e-02 1.369921676814556122e-02 7.988730445504188538e-03 2.504583261907100677e-02 4.176977276802062988e-02 4.796173796057701111e-02 6.530585885047912598e-02 2.993009984493255615e-02 1.628955081105232239e-02 2.672088891267776489e-02 7.320990785956382751e-03 7.160981185734272003e-03 2.494336105883121490e-02 5.444218404591083527e-03 1.567986160516738892e-01 4.677730798721313477e-02 3.851490840315818787e-02 2.431717701256275177e-02 5.962977185845375061e-03 1.083943434059619904e-02 9.033905714750289917e-02 3.075542114675045013e-02 2.077469043433666229e-02 2.099069394171237946e-02 3.899466246366500854e-04 1.906362362205982208e-03 1.042960882186889648e-01 3.804782405495643616e-02 5.352910142391920090e-03 3.575910255312919617e-02 2.695243246853351593e-02 4.995759576559066772e-02 1.440493576228618622e-02 3.628674522042274475e-02 6.453776266425848007e-03 9.145550429821014404e-03 7.174446433782577515e-02 1.828859560191631317e-02 3.088755346834659576e-02 1.903224363923072815e-02 5.681547801941633224e-03 1.810642704367637634e-02 4.141106456518173218e-02 4.034981504082679749e-02 2.160897850990295410e-02 1.658648066222667694e-02 1.640981249511241913e-02 4.247244942234829068e-05 2.906109439209103584e-03 5.507657770067453384e-03 3.031221032142639160e-02 4.281762614846229553e-02 5.067714024335145950e-03 1.586181670427322388e-02
2.904509380459785461e-02 1.825821958482265472e-02 1.950780861079692841e-02 2.583296783268451691e-02 4.187596216797828674e-02 1.772321760654449463e-02 6.740289740264415741e-03 2.424474991858005524e-02 7.094546407461166382e-02 5.278680324554443359e-01 2.256190963089466095e-02 5.272264406085014343e-02 3.400902450084686279e-02 2.628072723746299744e-02 3.151341155171394348e-02 2.928470820188522339e-02 2.377566136419773102e-02 4.609820898622274399e-03 6.701840460300445557e-02 1.053467765450477600e-02 1.007600966840982437e-02 1.477208640426397324e-02 3.779413923621177673e-02 3.029137291014194489e-02 5.069156736135482788e-02 2.802397869527339935e-02 3.283056616783142090e-02 4.015324637293815613e-02 3.500134497880935669e-02 1.917614787817001343e-02 1.950687542557716370e-02 2.494251728057861328e-02 3.290941473096609116e-03 8.910892531275749207e-03 3.314531967043876648e-02 2.620885707437992096e-02 2.649231627583503723e-02 3.455918282270431519e-02 3.745676577091217041e-02 4.626667127013206482e-02 4.252598807215690613e-02 1.762861758470535278e-02 2.807487500831484795e-03 4.713815078139305115e-02 3.919233102351427078e-03 3.784509003162384033e-02 2.624371275305747986e-02 5.260055884718894958e-03 6.833114894106984138e-04 1.050875559449195862e-01 3.428262099623680115e-02 3.518818691372871399e-02 3.348360583186149597e-02 2.526476234197616577e-02 2.045137807726860046e-03 1.160619854927062988e-01 7.785310037434101105e-03 4.550443589687347412e-02 2.952336519956588745e-02 3.168438374996185303e-02 2.942964620888233185e-02 5.722076818346977234e-02 1.308638788759708405e-02 8.235605782829225063e-04 3.435507416725158691e-02 4.025649279356002808e-02 4.357914254069328308e-02 2.255414985120296478e-02 3.923488408327102661e-02 2.689862996339797974e-02 9.425587207078933716e-02 2.347285114228725433e-02 5.395676568150520325e-02 4.453761875629425049e-02 2.803740091621875763e-03 2.061784453690052032e-02 3.061995096504688263e-02 1.407353729009628296e-01 3.571320790797472000e-03 5.391497910022735596e-02 1.141754328273236752e-03 3.681211173534393311e-02 4.479048075154423714e-04 1.035683751106262207e-01 4.517979547381401062e-02 3.463417291641235352e-02 4.815253615379333496e-02 1.837225258350372314e-02 2.439913898706436157e-02 8.827400207519531250e-02 6.436560302972793579e-03 1.115366443991661072e-02 3.257197095081210136e-03 3.741245716810226440e-02 8.604437462054193020e-04 1.457517873495817184e-02 7.466057781130075455e-03 1.149411592632532120e-02 5.766197293996810913e-02 6.699831038713455200e-02 4.772975295782089233e-02 4.286142811179161072e-02 1.564947143197059631e-02 2.693189308047294617e-02 2.095327712595462799e-02 6.426377687603235245e-03 4.080747067928314209e-02 2.965245954692363739e-02 2.184559404850006104e-02 4.811291396617889404e-02 2.908635884523391724e-02 2.851618826389312744e-02 1.172410789877176285e-02 4.527836292982101440e-02 5.612579640001058578e-03 9.856032207608222961e-03
9.786075353622436523e-02 8.477864414453506470e-02 4.522362351417541504e-02 1.814628578722476959e-02 3.447659313678741455e-02 5.643156170845031738e-02 4.215620085597038269e-02 2.008169423788785934e-03 3.113983385264873505e-02 2.256190963089466095e-02 5.403907895088195801e-01 3.668512403964996338e-02 6.997968256473541260e-02 3.803038597106933594e-02 4.987499117851257324e-02 1.533634215593338013e-02 1.825230009853839874e-02 1.807346753776073456e-02 2.025949023663997650e-02 2.908243238925933838e-02 2.675107680261135101e-02 2.213522978127002716e-02 1.777837797999382019e-02 2.271987963467836380e-03 1.577992551028728485e-02 1.380520779639482498e-02 4.825147800147533417e-03 9.528231807053089142e-03 2.532076649367809296e-02 3.955041989684104919e-03 4.169948026537895203e-02 8.872660808265209198e-03 3.631470352411270142e-02 1.155826495960354805e-03 4.477903619408607483e-02 3.423812612891197205e-02 4.550203308463096619e-02 2.249464392662048340e-03 3.868187591433525085e-02 1.906640455126762390e-02 1.246794126927852631e-02 4.369810223579406738e-03 1.917761377990245819e-02 1.421874854713678360e-02 2.054829709231853485e-02 3.652241080999374390e-02 3.325769305229187012e-02 3.093616105616092682e-03 1.172883994877338409e-02 3.425267292186617851e-03 6.623284425586462021e-04 2.064641937613487244e-02 2.594234189018607140e-03 2.303622663021087646e-03 1.398327993229031563e-03 1.190250040963292122e-03 6.356033962219953537e-03 7.444378454238176346e-03 3.433046862483024597e-02 2.513401024043560028e-02 3.675458254292607307e-03 1.140455808490514755e-02 9.431092999875545502e-03 3.698922693729400635e-02 2.952585229650139809e-03 5.757868289947509766e-03 1.101117231883108616e-03 1.050304272212088108e-03 3.186361864209175110e-02 1.339457463473081589e-02 3.910360485315322876e-02 1.716998033225536346e-02 1.194700971245765686e-02 4.623275995254516602e-02 3.481333330273628235e-02 4.724371433258056641e-02 2.405267395079135895e-02 3.663841634988784790e-02 8.372588083148002625e-03 9.317138232290744781e-03 2.338859438896179199e-02 6.374824792146682739e-03 9.350563399493694305e-03 4.918679222464561462e-02 8.544599404558539391e-05 3.762996196746826172e-02 2.793591096997261047e-02 2.456024847924709320e-02 3.142480924725532532e-02 2.158806845545768738e-02 4.214702919125556946e-02 3.113976307213306427e-02 1.713364268653094769e-03 2.746575139462947845e-02 2.559782564640045166e-02 7.765431422740221024e-03 3.737479820847511292e-02 3.529838100075721741e-02 7.587912026792764664e-03 2.521082200109958649e-02 6.757161580026149750e-03 1.108212117105722427e-02 3.339840099215507507e-02 3.655150905251502991e-02 3.366898372769355774e-02 4.504084959626197815e-02 3.699970431625843048e-03 4.615770652890205383e-02 3.768298774957656860e-03 3.536032512784004211e-02 1.914242282509803772e-02 1.483283936977386475e-02 6.355674937367439270e-03 8.322573266923427582e-03 3.170461207628250122e-02 1.208433229476213455e-02
5.243549123406410217e-02 4.130608215928077698e-02 1.787181757390499115e-02 3.606514073908329010e-03 1.212648488581180573e-02 6.328246090561151505e-03 2.802078798413276672e-02 2.886666171252727509e-02 2.470738999545574188e-02 5.272264406085014343e-02 3.668512403964996338e-02 5.213716626167297363e-01 3.991815075278282166e-02 2.161828726530075073e-01 1.011182181537151337e-02 2.643218077719211578e-02 2.853589504957199097e-02 2.171196788549423218e-02 4.054146632552146912e-02 1.806770265102386475e-02 2.155793132260441780e-03 2.318740636110305786e-02 6.705694645643234253e-02 1.507456786930561066e-02 5.447802832350134850e-04 2.001263387501239777e-02 3.459595516324043274e-02 4.767461866140365601e-02 4.483829252421855927e-03 2.178203128278255463e-02 2.508027665317058563e-02 1.156316953711211681e-03 4.499189183115959167e-02 4.658322315663099289e-03 7.180850021541118622e-03 4.345731809735298157e-03 1.846599020063877106e-02 1.847011153586208820e-03 1.035066600888967514e-02 4.697459936141967773e-02 2.179736644029617310e-02 4.262118600308895111e-04 1.671310327947139740e-02 6.746848579496145248e-03 9.080831706523895264e-02 1.198910325765609741e-01 8.731201291084289551e-03 3.654215112328529358e-02 2.911220677196979523e-02 2.023724839091300964e-02 2.142825908958911896e-02 3.526490181684494019e-02 7.644053082913160324e-03 1.077735330909490585e-03 4.806604981422424316e-02 8.760546916164457798e-05 2.646499499678611755e-02 3.160893172025680542e-02 1.052768202498555183e-03 2.651538141071796417e-02 1.113726198673248291e-02 2.207739651203155518e-02 2.047247951850295067e-03 1.519689802080392838e-02 2.173104695975780487e-02 4.019868001341819763e-02 1.835191249847412109e-02 3.752991091459989548e-03 6.167394574731588364e-03 1.765271736076101661e-04 5.895151570439338684e-02 5.050006881356239319e-02 4.268687963485717773e-02 4.713531211018562317e-02 2.073575928807258606e-02 4.852585867047309875e-02 8.438211865723133087e-03 3.882985934615135193e-02 4.984405357390642166e-03 2.112942747771739960e-03 5.997752770781517029e-03 9.026560583151876926e-04 3.385341260582208633e-03 9.799885563552379608e-03 2.269747108221054077e-02 5.683938041329383850e-02 8.351613767445087433e-03 2.987123839557170868e-02 3.939215838909149170e-02 9.484253823757171631e-04 4.161798954010009766e-02 3.278127685189247131e-02 4.053028300404548645e-02 1.212408766150474548e-02 2.289121784269809723e-02 3.025384806096553802e-02 1.449558418244123459e-02 9.318822994828224182e-03 4.550206661224365234e-02 5.275173485279083252e-02 4.315689206123352051e-03 4.317508544772863388e-03 2.093903906643390656e-02 7.752920035272836685e-03 3.915314376354217529e-02 3.272471949458122253e-02 4.605739377439022064e-03 4.090152308344841003e-02 1.825389452278614044e-02 6.348191294819116592e-03 3.207865171134471893e-03 6.975166033953428268e-04 8.086293004453182220e-03 2.512323297560214996e-02 2.614849060773849487e-02 7.231537252664566040e-03
8.605850487947463989e-02 1.063165739178657532e-01 1.411478966474533081e-02 3.771976381540298462e-02 3.908644244074821472e-02 4.694642871618270874e-02 3.062545508146286011e-02 1.451968867331743240e-02 3.381803259253501892e-02 3.400902450084686279e-02 6.997968256473541260e-02 3.991815075278282166e-02 5.389565229415893555e-01 3.589855507016181946e-02 4.156509786844253540e-02 1.446826383471488953e-02 1.885398104786872864e-02 1.436494104564189911e-02 4.783613607287406921e-02 3.947487566620111465e-03 1.737534441053867340e-02 2.921698614954948425e-02 1.113151945173740387e-02 2.745339879766106606e-03 3.696411615237593651e-03 1.579807489179074764e-03 4.104751627892255783e-03 4.689978959504514933e-05 3.770452737808227539e-02 7.476775441318750381e-03 4.619561508297920227e-02 1.605091616511344910e-02 5.692775547504425049e-02 2.108797663822770119e-03 4.285391420125961304e-02 2.029967680573463440e-02 3.233456239104270935e-02 5.408637691289186478e-03 2.731719054281711578e-02 1.392837427556514740e-02 2.230308577418327332e-02 1.875178702175617218e-02 5.632451735436916351e-03 2.874595299363136292e-02 1.664703339338302612e-02 3.375877067446708679e-02 4.844307433813810349e-03 1.326144859194755554e-02 1.104651950299739838e-02 1.753525249660015106e-02 2.791553968563675880e-03 6.351995281875133514e-03 1.723678037524223328e-02 7.226042915135622025e-03 9.069072082638740540e-03 6.982750725001096725e-03 4.092671442776918411e-03 6.302860565483570099e-03 4.621916264295578003e-02 2.959594503045082092e-02 1.226424705237150192e-03 1.415856066159904003e-03 6.315203383564949036e-03 2.423154190182685852e-02 1.409943308681249619e-02 1.312372367829084396e-02 1.374389789998531342e-02 8.367829956114292145e-03 1.784534566104412079e-02 2.594160661101341248e-02 1.687203906476497650e-02 1.996472850441932678e-02 6.837378721684217453e-03 4.808139055967330933e-02 2.390483953058719635e-02 1.872606016695499420e-02 3.501647384837269783e-03 2.416500449180603027e-02 3.749753162264823914e-02 4.392625764012336731e-03 4.278722219169139862e-03 9.175166487693786621e-03 3.490660339593887329e-02 3.381929174065589905e-02 2.661039587110280991e-03 5.156812444329261780e-02 2.439909242093563080e-02 1.827986910939216614e-02 3.970577195286750793e-02 1.152676809579133987e-02 1.554035581648349762e-02 1.906072907149791718e-02 1.252797339111566544e-02 2.915921248495578766e-02 1.044352259486913681e-02 1.643488369882106781e-02 2.517171762883663177e-02 1.324738189578056335e-02 4.212799016386270523e-03 2.426286600530147552e-02 4.033466335386037827e-03 5.080288276076316833e-03 3.074179589748382568e-02 2.181258797645568848e-02 4.823852702975273132e-02 4.745383933186531067e-02 1.336642447859048843e-02 5.670635402202606201e-02 9.338741190731525421e-03 4.062180966138839722e-02 4.077291116118431091e-03 1.842010952532291412e-02 1.145532238297164440e-03 2.140196785330772400e-02 1.451012864708900452e-02 2.249144390225410461e-02
