5.022798180580139160e-01 1.711485534906387329e-01 4.788118414580821991e-03 1.339415833353996277e-02 9.938658215105533600e-03 1.446107923984527588e-01 1.216389015316963196e-01 3.644886985421180725e-02 2.216772735118865967e-02 4.677261412143707275e-02 1.718438714742660522e-01 4.657768458127975464e-02 1.411695033311843872e-01 1.866960711777210236e-02 4.202385246753692627e-02 3.292266279458999634e-02 3.118894994258880615e-02 2.700152993202209473e-02 8.253644220530986786e-03 3.791112825274467468e-02 3.629297018051147461e-02 2.151975221931934357e-02 3.013073466718196869e-03 4.196299985051155090e-02 2.917905105277895927e-03 6.069142371416091919e-03 7.894267886877059937e-02 1.585819199681282043e-02 3.995712846517562866e-02 4.139522463083267212e-02 1.742321625351905823e-02 4.904349334537982941e-03 1.088848337531089783e-02 3.702437737956643105e-03 8.285097777843475342e-03 3.570086881518363953e-02 3.911783918738365173e-02 1.021592412143945694e-02 1.253016944974660873e-02 4.002472013235092163e-02 3.200194612145423889e-02 1.072098850272595882e-03 4.399193916469812393e-03 1.909348554909229279e-02 2.936504036188125610e-02 4.033115133643150330e-02 1.426130980253219604e-01 4.458593949675559998e-02 3.323552757501602173e-02 5.972236394882202148e-03 2.537611499428749084e-02 2.164449542760848999e-02 2.912058494985103607e-02 3.340692073106765747e-02 2.455010637640953064e-02 1.767972949892282486e-03 6.279491819441318512e-03 3.660212829709053040e-02 1.315653976052999496e-02 2.143609523773193359e-02 1.620014384388923645e-02 2.045635133981704712e-02 5.032458528876304626e-02 2.426743134856224060e-02 2.664782293140888214e-02 1.717280969023704529e-02 3.133123368024826050e-02 4.206432774662971497e-02 2.755750156939029694e-02 3.949005901813507080e-02 7.577768992632627487e-03 2.875044010579586029e-02 9.254481643438339233e-03 1.823637448251247406e-02 2.181062474846839905e-02 4.224604927003383636e-03 1.443509710952639580e-03 2.245707251131534576e-02 2.670375071465969086e-02 3.852573037147521973e-02 5.712027195841073990e-03 3.081434220075607300e-02 3.293937444686889648e-02 1.968623511493206024e-02 1.209991518408060074e-03 5.965587683022022247e-03 5.563575401902198792e-02 5.863874219357967377e-03 1.114063896238803864e-03 2.307013794779777527e-02 1.640631072223186493e-02 3.955916315317153931e-02 4.374043550342321396e-03 2.904798090457916260e-02 4.313699528574943542e-02 8.380712242797017097e-04 1.416388433426618576e-03 1.237642602063715458e-03 3.245758637785911560e-02 3.418611735105514526e-02 1.077584829181432724e-02 1.097386144101619720e-02 3.283967077732086182e-02 3.716377832461148500e-04 4.722581803798675537e-02 1.879369490779936314e-03 2.548496611416339874e-02 4.263343662023544312e-02 3.711663186550140381e-02 3.210560604929924011e-02 2.778203412890434265e-02 8.668854832649230957e-03 4.821317270398139954e-02 4.424493014812469482e-02 9.849673137068748474e-03 1.129630953073501587e-02
1.711485534906387329e-01 5.109484195709228516e-01 3.190536424517631531e-02 1.892509683966636658e-02 1.958915404975414276e-02 1.541862338781356812e-01 1.397513151168823242e-01 3.127592056989669800e-02 1.053154189139604568e-02 3.213413432240486145e-02 1.393304765224456787e-01 3.961480408906936646e-02 1.476538330316543579e-01 1.608720608055591583e-02 5.062412470579147339e-02 2.636154368519783020e-02 1.245530880987644196e-02 4.589216783642768860e-02 1.415539532899856567e-03 4.285574331879615784e-02 3.735593333840370178e-02 3.228218480944633484e-02 2.521115913987159729e-02 4.279281571507453918e-02 4.208915680646896362e-02 4.637047648429870605e-02 6.761956214904785156e-02 1.448360923677682877e-02 5.693457275629043579e-02 6.314481142908334732e-03 1.407828181982040405e-02 4.197712242603302002e-02 5.055622383952140808e-02 3.865842893719673157e-02 4.204729944467544556e-02 1.852523535490036011e-02 9.771509096026420593e-03 2.657292410731315613e-02 2.554509416222572327e-02 4.303384944796562195e-02 1.635598577558994293e-02 2.425198443233966827e-02 2.511612139642238617e-02 2.797081694006919861e-02 4.267117381095886230e-02 3.913265094161033630e-02 1.433191597461700439e-01 6.331284344196319580e-02 3.794373711571097374e-03 1.844755746424198151e-02 3.912055864930152893e-02 3.987881354987621307e-03 2.252067439258098602e-02 2.121254801750183105e-02 1.817020028829574585e-02 3.738113120198249817e-02 6.339862942695617676e-03 2.955671586096286774e-02 2.317737787961959839e-02 3.692901507019996643e-02 2.995499409735202789e-02 3.494722023606300354e-02 1.440483465557917953e-04 1.155015733093023300e-02 8.572936989367008209e-03 4.861767869442701340e-03 2.899407222867012024e-02 1.279603876173496246e-02 6.676238495856523514e-03 5.724421702325344086e-03 5.113612860441207886e-02 3.256936371326446533e-02 1.191651541739702225e-02 3.327470272779464722e-02 3.072438575327396393e-02 1.241238042712211609e-02 2.368697524070739746e-02 1.423058006912469864e-02 2.266549877822399139e-02 4.399280622601509094e-02 5.049009621143341064e-02 2.441938780248165131e-02 5.689465906471014023e-04 1.892092451453208923e-02 4.895814880728721619e-02 1.473821047693490982e-02 7.152478210628032684e-03 1.038778573274612427e-02 1.917147822678089142e-02 1.522028236649930477e-03 2.755064703524112701e-02 2.433190308511257172e-02 1.812484115362167358e-02 3.268056735396385193e-02 4.103987663984298706e-02 1.083872932940721512e-02 4.338241741061210632e-02 2.904198691248893738e-02 3.689228370785713196e-02 5.002075806260108948e-03 4.432741552591323853e-02 2.886630222201347351e-02 1.819175109267234802e-02 3.367180004715919495e-02 5.446564406156539917e-03 2.383584715425968170e-02 1.435578055679798126e-02 4.141470789909362793e-02 3.700914233922958374e-02 1.233146805316209793e-02 4.771451279520988464e-02 2.891847398132085800e-03 2.954845875501632690e-02 2.180710248649120331e-02 9.914623573422431946e-03 6.205849815160036087e-03
4.788118414580821991e-03 3.190536424517631531e-02 4.629809558391571045e-01 2.254216372966766357e-02 1.287852319364901632e-05 3.523980826139450073e-02 4.043273255228996277e-02 8.667495101690292358e-03 1.960916072130203247e-02 1.965858228504657745e-02 1.512985583394765854e-02 5.417994782328605652e-02 6.706737447530031204e-03 2.861158177256584167e-02 1.605266891419887543e-02 1.429865788668394089e-02 8.224132470786571503e-03 4.140707477927207947e-02 4.425035417079925537e-02 5.137724801898002625e-03 2.803401835262775421e-02 4.212853312492370605e-02 1.311255432665348053e-02 1.452406495809555054e-02 5.071178451180458069e-02 2.215279638767242432e-02 1.883820630609989166e-02 3.876238316297531128e-02 1.186200976371765137e-02 5.801407620310783386e-03 2.271095849573612213e-02 3.071205690503120422e-02 8.295730687677860260e-03 7.963906973600387573e-03 3.764350339770317078e-02 2.054851129651069641e-02 3.570686653256416321e-02 7.506850641220808029e-03 3.398292139172554016e-02 4.284830763936042786e-02 1.404611766338348389e-02 1.663531549274921417e-02 3.703434392809867859e-02 1.579498522914946079e-03 4.033338651061058044e-02 7.676664274185895920e-03 6.269909441471099854e-03 1.703134621493518353e-03 6.140201585367321968e-04 1.452646777033805847e-02 4.609896615147590637e-02 4.532038047909736633e-02 4.501683264970779419e-02 4.362557828426361084e-02 2.992974827066063881e-03 2.204237878322601318e-02 2.168491110205650330e-02 3.904526680707931519e-02 3.814838454127311707e-02 2.353805303573608398e-02 4.114703275263309479e-03 8.667002432048320770e-03 4.812825098633766174e-02 1.495622005313634872e-02 1.014122832566499710e-02 2.890932559967041016e-02 5.432021990418434143e-02 2.838838472962379456e-02 5.300478264689445496e-02 6.213471293449401855e-03 3.409559652209281921e-02 5.898382514715194702e-02 3.314847126603126526e-02 2.872647531330585480e-02 1.931338943541049957e-02 5.381974577903747559e-02 3.277422860264778137e-02 1.429682504385709763e-02 1.143646705895662308e-02 1.657679490745067596e-02 9.590142220258712769e-02 2.826724573969841003e-02 3.014061599969863892e-02 2.150413580238819122e-02 3.309263661503791809e-02 2.210623025894165039e-02 4.448173195123672485e-02 5.511463433504104614e-02 1.748685911297798157e-02 1.929789036512374878e-02 2.190404012799263000e-02 4.310394451022148132e-02 1.452830154448747635e-02 6.756362272426486015e-04 9.652424603700637817e-02 8.661846071481704712e-02 2.371803484857082367e-02 2.810408733785152435e-02 3.044222854077816010e-02 1.760169304907321930e-02 3.661252930760383606e-02 9.478474035859107971e-03 2.578522311523556709e-03 2.148204855620861053e-02 9.772655554115772247e-03 1.668011769652366638e-02 1.910399086773395538e-02 1.768778078258037567e-02 6.909344345331192017e-03 1.621477864682674408e-02 2.453543804585933685e-02 2.636084891855716705e-02 3.685481846332550049e-02 2.143504098057746887e-02 2.195481210947036743e-03 2.458321489393711090e-02
1.339415833353996277e-02 1.892509683966636658e-02 2.254216372966766357e-02 4.746321439743041992e-01 1.986145228147506714e-01 3.611194714903831482e-02 3.615203499794006348e-02 4.247058555483818054e-02 3.979345411062240601e-02 1.632477040402591228e-03 2.170973829925060272e-02 5.072788149118423462e-02 2.434610947966575623e-02 2.710721455514431000e-02 2.630982082337141037e-03 4.936618357896804810e-02 2.812158502638339996e-02 3.412582352757453918e-02 2.952889539301395416e-03 7.551841903477907181e-03 1.721025072038173676e-02 3.007027879357337952e-02 1.650232635438442230e-02 1.879311166703701019e-02 4.889962077140808105e-02 3.921310976147651672e-02 2.757852897047996521e-02 2.861321903765201569e-02 2.077700197696685791e-02 2.990544773638248444e-02 5.837519187480211258e-03 9.714751504361629486e-03 4.436155408620834351e-02 4.650835879147052765e-03 4.393664002418518066e-02 5.662605538964271545e-02 2.316316217184066772e-02 3.116167150437831879e-02 5.474073067307472229e-02 5.854588374495506287e-02 2.074680663645267487e-02 7.838532328605651855e-03 1.997135207056999207e-02 6.903919391334056854e-03 2.573558129370212555e-03 2.436790615320205688e-02 1.062880642712116241e-02 3.924621269106864929e-02 1.376687176525592804e-02 3.648268431425094604e-02 1.786625012755393982e-02 6.657647434622049332e-03 4.240529146045446396e-03 4.627516120672225952e-02 5.409890785813331604e-03 4.100079461932182312e-02 3.972098603844642639e-02 4.864650219678878784e-02 7.806003559380769730e-03 1.590910740196704865e-02 3.498684987425804138e-02 2.176137454807758331e-02 8.212700486183166504e-03 1.240332238376140594e-02 5.589751061052083969e-03 2.074302872642874718e-03 6.821874994784593582e-03 1.046114228665828705e-02 2.089491300284862518e-02 3.485729452222585678e-03 4.533813521265983582e-02 1.766727305948734283e-02 1.297879517078399658e-01 3.954880312085151672e-02 8.042781054973602295e-02 2.678935043513774872e-02 1.362121012061834335e-02 1.964443176984786987e-02 9.564379230141639709e-03 2.040500380098819733e-02 6.310003809630870819e-03 2.008357830345630646e-02 5.595226958394050598e-02 5.373117700219154358e-02 4.813163727521896362e-02 6.785232690162956715e-04 1.835663057863712311e-02 1.803323440253734589e-02 7.612895220518112183e-03 1.724507287144660950e-02 3.269032575190067291e-03 2.411721460521221161e-02 2.203725650906562805e-02 4.973296076059341431e-02 4.581188037991523743e-02 1.506680157035589218e-02 5.357253924012184143e-02 3.753597289323806763e-02 2.684854902327060699e-02 3.662152588367462158e-02 3.380740061402320862e-03 3.364637494087219238e-02 2.667549811303615570e-02 3.902412950992584229e-02 1.021506357938051224e-02 5.083509162068367004e-02 3.078990988433361053e-02 4.311644658446311951e-02 4.672122746706008911e-02 7.403867319226264954e-03 3.415369987487792969e-02 1.705361902713775635e-02 2.764858491718769073e-02 4.113987088203430176e-02 2.814216725528240204e-02 1.424130983650684357e-02
9.938658215105533600e-03 1.958915404975414276e-02 1.287852319364901632e-05 1.986145228147506714e-01 4.759356379508972168e-01 4.307599365711212158e-02 2.699930779635906219e-02 1.580740138888359070e-02 4.447386786341667175e-02 2.839610539376735687e-02 5.888779833912849426e-02 2.456629090011119843e-02 6.063758209347724915e-02 4.447979107499122620e-02 4.442868754267692566e-02 4.830045253038406372e-02 3.601005673408508301e-02 7.465799804776906967e-03 3.343928605318069458e-02 2.420593239367008209e-02 8.027767762541770935e-03 2.421929128468036652e-02 4.159642010927200317e-02 1.016514189541339874e-02 4.681905359029769897e-02 2.319585345685482025e-02 2.994185313582420349e-02 2.213533408939838409e-02 5.094336345791816711e-02 2.773755230009555817e-02 3.619366884231567383e-02 3.659451752901077271e-02 2.093084901571273804e-02 2.508926950395107269e-02 1.605950761586427689e-03 1.853564754128456116e-02 1.718334481120109558e-02 1.893225684762001038e-02 5.332604795694351196e-02 9.749599546194076538e-02 6.482851691544055939e-03 3.320259600877761841e-02 1.103094546124339104e-03 6.689625978469848633e-02 1.361291203647851944e-02 5.912400782108306885e-02 1.455974765121936798e-02 3.054857999086380005e-02 2.032134495675563812e-02 2.717261016368865967e-02 1.452551409602165222e-02 3.925723209977149963e-02 4.269931837916374207e-02 1.529460307210683823e-02 3.809089958667755127e-02 2.937431633472442627e-02 6.556205917149782181e-03 5.695229396224021912e-03 4.088677093386650085e-02 3.553023561835289001e-02 2.816156111657619476e-02 3.045020252466201782e-02 2.661555446684360504e-02 3.646337985992431641e-02 7.965007796883583069e-03 1.467754412442445755e-02 6.483172532171010971e-03 2.317499555647373199e-02 5.314832553267478943e-02 8.599076420068740845e-03 1.533086784183979034e-02 3.996408730745315552e-02 7.807844132184982300e-02 3.359548375010490417e-02 8.275440335273742676e-02 3.494065254926681519e-02 9.939248673617839813e-03 4.183633252978324890e-02 9.105443023145198822e-03 6.887873169034719467e-03 1.613149978220462799e-02 8.822495117783546448e-03 1.162877753376960754e-01 4.038884118199348450e-02 5.737555693485774100e-05 2.798751369118690491e-02 2.079356834292411804e-02 5.515348538756370544e-02 4.445663839578628540e-02 2.798179350793361664e-02 1.197846233844757080e-02 3.065673261880874634e-02 6.361886858940124512e-03 2.213155478239059448e-02 3.488427260890603065e-03 2.751685678958892822e-02 4.057932645082473755e-02 4.558014497160911560e-02 3.747275471687316895e-02 1.594371348619461060e-02 3.673961758613586426e-02 2.658262662589550018e-02 4.543548915535211563e-03 3.057351335883140564e-02 1.204217784106731415e-02 2.682119980454444885e-02 5.381736555136740208e-04 2.414963021874427795e-02 1.144529599696397781e-02 1.123304478824138641e-02 5.827760323882102966e-03 7.342573255300521851e-03 1.073585078120231628e-02 1.499552372843027115e-02 2.860706765204668045e-03 2.340413257479667664e-02
1.446107923984527588e-01 1.541862338781356812e-01 3.523980826139450073e-02 3.611194714903831482e-02 4.307599365711212158e-02 5.083917379379272461e-01 1.608417481184005737e-01 2.938655391335487366e-02 7.923959754407405853e-03 1.820278726518154144e-02 1.363702863454818726e-01 8.991224691271781921e-03 9.707278758287429810e-02 2.303230948746204376e-02 3.202298656105995178e-02 4.333157464861869812e-02 4.403199627995491028e-02 4.908682778477668762e-02 4.378479346632957458e-02 2.438797242939472198e-02 1.405572704970836639e-02 1.196904201060533524e-02 4.380433633923530579e-02 4.232941567897796631e-02 3.963182121515274048e-02 4.797778651118278503e-02 1.168403308838605881e-02 2.654434740543365479e-02 5.234639160335063934e-03 1.660001836717128754e-02 3.678840771317481995e-02 3.177138045430183411e-02 4.489468783140182495e-02 3.775322064757347107e-02 3.007227368652820587e-02 3.529618307948112488e-02 2.187672629952430725e-02 3.500818461179733276e-02 3.033692203462123871e-02 2.410041727125644684e-02 5.767142027616500854e-02 4.476409777998924255e-02 4.837272316217422485e-02 1.539056561887264252e-02 3.931623697280883789e-02 3.654053201898932457e-03 1.684604436159133911e-01 3.203898295760154724e-02 1.285818777978420258e-02 3.897637501358985901e-02 9.086079895496368408e-03 4.934220388531684875e-02 2.180513553321361542e-02 1.753564737737178802e-02 1.465632766485214233e-02 4.767813533544540405e-02 2.751133404672145844e-02 2.806294895708560944e-02 1.680100709199905396e-02 2.496521733701229095e-02 6.068876478821039200e-03 2.560607530176639557e-02 8.892482146620750427e-03 3.118714783340692520e-03 7.608392275869846344e-03 1.290221465751528740e-03 1.026205718517303467e-02 2.009498327970504761e-02 3.507749410346150398e-03 4.281590133905410767e-02 3.257165104150772095e-02 1.776244677603244781e-02 4.337701480835676193e-03 1.796919107437133789e-02 4.880932625383138657e-03 4.948335234075784683e-03 8.283411152660846710e-03 7.785787340253591537e-03 6.346325576305389404e-02 2.253126353025436401e-02 3.483504429459571838e-02 4.070464521646499634e-02 1.081738620996475220e-02 1.969907060265541077e-02 3.742346540093421936e-02 4.215905070304870605e-02 3.056857269257307053e-03 1.189312664791941643e-03 1.955906115472316742e-02 2.087991498410701752e-02 1.024878304451704025e-02 3.369316458702087402e-02 2.968780510127544403e-02 2.687777951359748840e-02 2.468611486256122589e-02 9.836535900831222534e-03 3.029785491526126862e-02 2.385052666068077087e-02 6.549536716192960739e-03 2.808138169348239899e-02 1.885514520108699799e-02 3.488247841596603394e-02 6.425109226256608963e-03 1.232004910707473755e-02 2.542914077639579773e-02 3.860473260283470154e-02 3.129703551530838013e-02 2.141870371997356415e-02 3.157433122396469116e-02 1.106331776827573776e-02 2.428109198808670044e-02 5.775369238108396530e-03 1.543355174362659454e-02 1.990012126043438911e-03 3.229257091879844666e-02 3.059153258800506592e-02
1.216389015316963196e-01 1.397513151168823242e-01 4.043273255228996277e-02 3.615203499794006348e-02 2.699930779635906219e-02 1.608417481184005737e-01 5.008702874183654785e-01 7.570302113890647888e-03 2.668013796210289001e-02 3.456280753016471863e-02 1.007413044571876526e-01 9.824325097724795341e-04 9.284517168998718262e-02 3.758547455072402954e-02 1.200353167951107025e-02 1.610688865184783936e-02 4.454116150736808777e-02 1.715584803605452180e-04 1.086021959781646729e-02 2.189465984702110291e-02 2.120399102568626404e-02 1.396016776561737061e-02 4.246963560581207275e-02 5.699859932065010071e-03 2.285099402070045471e-02 3.668636456131935120e-02 3.130106255412101746e-02 1.709198206663131714e-02 3.018679097294807434e-02 3.917948901653289795e-02 6.385852396488189697e-02 4.241762682795524597e-02 2.957496419548988342e-02 4.364135861396789551e-02 2.584718167781829834e-02 2.324162051081657410e-02 3.632275620475411415e-03 3.206404671072959900e-02 2.108907140791416168e-02 1.703250780701637268e-02 5.617383494973182678e-02 5.405594408512115479e-02 4.385487362742424011e-02 2.077036537230014801e-02 3.478678315877914429e-02 2.378474734723567963e-02 1.587206572294235229e-01 7.847863435745239258e-02 1.573903113603591919e-02 3.284300491213798523e-02 1.580434385687112808e-03 3.012373857200145721e-02 1.207857276313006878e-03 1.651859376579523087e-03 3.277539834380149841e-02 1.991355046629905701e-02 2.446337230503559113e-02 3.267287462949752808e-02 1.589549146592617035e-02 3.039136528968811035e-02 3.893168177455663681e-03 4.154461622238159180e-02 6.769855972379446030e-04 8.986166678369045258e-03 7.700438145548105240e-03 2.340798499062657356e-03 2.679354511201381683e-03 1.456749625504016876e-02 1.697105355560779572e-02 4.591478779911994934e-02 1.953943073749542236e-02 1.754222810268402100e-02 4.437313228845596313e-02 3.360423445701599121e-02 1.587045006453990936e-02 4.196160472929477692e-03 1.289884932339191437e-02 2.034854516386985779e-02 4.388905689120292664e-02 1.817090553231537342e-03 2.413579821586608887e-02 4.534244909882545471e-02 4.506883770227432251e-02 2.155168913304805756e-02 8.481710217893123627e-03 4.693531990051269531e-02 4.934594035148620605e-03 1.716311089694499969e-02 2.273460850119590759e-02 1.916546002030372620e-02 1.834842376410961151e-02 2.201825939118862152e-02 2.232958562672138214e-02 1.924004778265953064e-02 4.431976750493049622e-02 5.259172525256872177e-03 1.123701594769954681e-02 9.042031015269458294e-04 3.305081510916352272e-03 3.789198026061058044e-02 3.068458847701549530e-02 4.105938225984573364e-02 2.952373353764414787e-03 3.312781685963273048e-03 2.216871455311775208e-02 2.608409896492958069e-02 2.110974863171577454e-02 2.644886635243892670e-02 3.942679986357688904e-02 7.534582167863845825e-03 5.677535955328494310e-05 1.516689267009496689e-02 3.145796945318579674e-03 2.452845126390457153e-02 2.467791177332401276e-02 4.036319628357887268e-02
3.644886985421180725e-02 3.127592056989669800e-02 8.667495101690292358e-03 4.247058555483818054e-02 1.580740138888359070e-02 2.938655391335487366e-02 7.570302113890647888e-03 4.870444536209106445e-01 4.182252660393714905e-02 3.631906211376190186e-02 3.199440240859985352e-02 1.406819187104701996e-02 4.327797144651412964e-02 7.994100451469421387e-03 8.352479338645935059e-02 4.660455137491226196e-02 1.764678023755550385e-02 9.167598327621817589e-04 5.049789790064096451e-03 1.484039984643459320e-02 2.605629153549671173e-02 7.640834897756576538e-03 1.028485037386417389e-02 1.516109053045511246e-02 4.383499175310134888e-02 4.032566398382186890e-02 3.014758229255676270e-02 3.115007095038890839e-02 3.753484040498733521e-02 1.535547710955142975e-02 3.774088621139526367e-02 6.197111308574676514e-02 3.373846039175987244e-02 3.839644044637680054e-02 1.923424564301967621e-02 4.418111220002174377e-02 2.131795510649681091e-03 2.596414089202880859e-02 2.217861451208591461e-02 1.277027186006307602e-02 1.947174966335296631e-02 7.585326582193374634e-02 1.560866739600896835e-02 2.455897629261016846e-02 1.607543416321277618e-02 2.988739870488643646e-02 4.741779342293739319e-02 1.829000562429428101e-02 6.224266719073057175e-03 1.981152594089508057e-02 1.415997557342052460e-02 4.310864210128784180e-02 3.226106613874435425e-02 1.494501717388629913e-02 9.202247485518455505e-03 2.753731235861778259e-02 5.208767578005790710e-02 1.123401243239641190e-02 4.031957127153873444e-03 3.344076126813888550e-02 1.504385378211736679e-02 3.731011971831321716e-02 9.682795032858848572e-03 1.960393972694873810e-02 2.019809000194072723e-02 3.525717556476593018e-02 2.954189039883203804e-05 1.203514169901609421e-02 2.629053220152854919e-02 3.267525136470794678e-02 8.055096864700317383e-02 1.197914592921733856e-02 2.195817977190017700e-02 3.958729654550552368e-02 1.920829899609088898e-02 8.570708334445953369e-03 4.696223884820938110e-02 2.013458497822284698e-02 4.646793380379676819e-02 2.816327149048447609e-03 1.273297667503356934e-01 7.084443420171737671e-02 6.928705144673585892e-03 5.609156214632093906e-04 4.670383036136627197e-02 5.869317799806594849e-02 9.048940241336822510e-02 7.307718694210052490e-02 3.720131888985633850e-02 4.530996829271316528e-02 3.493532538414001465e-03 1.789050549268722534e-02 3.910087794065475464e-02 1.187814632430672646e-03 2.531061880290508270e-02 2.853463031351566315e-02 5.194406583905220032e-02 3.928027674555778503e-02 3.192216157913208008e-02 1.407990790903568268e-02 3.838807344436645508e-02 1.167788542807102203e-02 5.739132314920425415e-02 5.576238967478275299e-03 2.519374899566173553e-02 2.851904556155204773e-02 3.540576249361038208e-02 3.465034067630767822e-03 2.946757338941097260e-02 4.098203405737876892e-02 3.091642074286937714e-02 4.185130819678306580e-02 2.529845014214515686e-02 1.369379181414842606e-02 6.871318910270929337e-03 2.531028166413307190e-02
2.216772735118865967e-02 1.053154189139604568e-02 1.960916072130203247e-02 3.979345411062240601e-02 4.447386786341667175e-02 7.923959754407405853e-03 2.668013796210289001e-02 4.182252660393714905e-02 4.754116237163543701e-01 1.062172874808311462e-01 2.811285294592380524e-02 6.866971030831336975e-03 3.688657283782958984e-02 2.864831313490867615e-02 4.814265668392181396e-02 2.510085469111800194e-03 2.418227493762969971e-02 6.883216649293899536e-02 4.568704403936862946e-03 2.204696089029312134e-02 2.840314805507659912e-02 2.459529414772987366e-02 1.910646632313728333e-02 5.898481234908103943e-02 2.360305981710553169e-03 3.491050004959106445e-02 8.154290728271007538e-03 4.369236156344413757e-02 1.692664809525012970e-02 2.964709885418415070e-02 5.986961536109447479e-03 5.896184965968132019e-02 3.070605546236038208e-02 2.649452351033687592e-02 2.562341094017028809e-02 5.086544156074523926e-02 8.833663538098335266e-03 4.220028966665267944e-02 1.842261105775833130e-02 3.054269962012767792e-02 1.915308274328708649e-02 4.293233528733253479e-02 4.736292734742164612e-02 1.782168634235858917e-02 8.537701331079006195e-03 7.675986737012863159e-03 1.867917925119400024e-02 5.217046663165092468e-02 1.966668479144573212e-02 4.895976558327674866e-02 2.464114455506205559e-03 2.321477793157100677e-02 2.057028748095035553e-02 9.109505452215671539e-03 2.616975456476211548e-02 5.410652607679367065e-02 1.388724520802497864e-02 4.447916150093078613e-02 1.134094223380088806e-02 4.510738700628280640e-02 1.913219876587390900e-02 7.003791164606809616e-03 1.801461167633533478e-02 2.902548527345061302e-03 3.207417577505111694e-02 1.632483676075935364e-02 3.278420493006706238e-02 8.786549791693687439e-03 8.263540267944335938e-02 2.601551637053489685e-02 6.902085244655609131e-02 5.811045318841934204e-02 3.828552737832069397e-02 2.334774471819400787e-02 5.263880640268325806e-02 2.088146284222602844e-02 1.117139831185340881e-01 5.177133157849311829e-02 6.654001772403717041e-02 6.031098216772079468e-02 2.619398571550846100e-02 8.422797545790672302e-03 1.677820645272731781e-02 1.326981466263532639e-02 1.009420678019523621e-02 1.612063869833946228e-02 4.384573176503181458e-02 4.388600587844848633e-02 6.560409069061279297e-02 4.431454837322235107e-02 4.378316923975944519e-02 1.740538515150547028e-02 3.006645292043685913e-02 5.572558194398880005e-02 2.804722753353416920e-04 1.302953809499740601e-02 3.918470442295074463e-02 1.778421737253665924e-02 7.603594567626714706e-03 5.048748571425676346e-03 1.186989154666662216e-02 2.152109518647193909e-02 1.431261748075485229e-02 5.627350509166717529e-02 1.667379215359687805e-02 5.023022368550300598e-02 2.394485846161842346e-02 1.152147445827722549e-02 4.451666399836540222e-02 1.474100537598133087e-02 1.612238772213459015e-02 1.117698149755597115e-03 9.029492735862731934e-03 4.247591644525527954e-02 3.194782137870788574e-02 2.752058207988739014e-03
4.677261412143707275e-02 3.213413432240486145e-02 1.965858228504657745e-02 1.632477040402591228e-03 2.839610539376735687e-02 1.820278726518154144e-02 3.456280753016471863e-02 3.631906211376190186e-02 1.062172874808311462e-01 4.682693779468536377e-01 4.168620705604553223e-02 4.047152586281299591e-03 1.298018824309110641e-02 3.810545429587364197e-02 1.890606619417667389e-02 2.580710127949714661e-02 1.468861661851406097e-02 1.912363432347774506e-02 2.857696078717708588e-02 3.286354243755340576e-02 2.254300750792026520e-02 3.854307904839515686e-02 4.744573310017585754e-02 7.039297372102737427e-02 3.191724047064781189e-02 3.202752396464347839e-02 2.723058499395847321e-02 2.273631095886230469e-02 2.249319478869438171e-02 2.390354871749877930e-02 2.884096279740333557e-02 1.312598865479230881e-02 4.518896713852882385e-02 3.673433559015393257e-03 5.520043894648551941e-03 6.267380900681018829e-03 2.279747091233730316e-02 1.678075641393661499e-02 3.950142487883567810e-02 3.197624161839485168e-02 3.175928816199302673e-02 4.688488692045211792e-02 4.518297687172889709e-02 6.742632389068603516e-02 4.359389841556549072e-02 1.858736574649810791e-02 1.718734204769134521e-02 8.349794894456863403e-03 2.026994898915290833e-02 3.731186315417289734e-02 2.750853449106216431e-02 1.519272290170192719e-02 2.502747811377048492e-02 1.388669945299625397e-02 4.468521475791931152e-02 1.031783875077962875e-02 3.094746172428131104e-02 3.867911547422409058e-02 1.008718274533748627e-02 2.370993234217166901e-02 5.482399091124534607e-02 2.148515544831752777e-02 1.846312545239925385e-02 3.686168044805526733e-02 3.894035518169403076e-02 1.733365468680858612e-02 1.643383316695690155e-02 1.152376830577850342e-02 8.282563067041337490e-04 8.070064941421151161e-04 5.897649377584457397e-02 2.927117608487606049e-02 4.297490790486335754e-02 3.130965679883956909e-02 9.961999952793121338e-03 1.332033146172761917e-02 2.411220781505107880e-02 6.233948469161987305e-02 4.741873592138290405e-02 1.023395657539367676e-01 1.184723991900682449e-02 4.865340143442153931e-02 3.663391619920730591e-02 1.904179342091083527e-02 6.506466772407293320e-03 1.465306058526039124e-02 4.067451879382133484e-02 5.212679877877235413e-02 2.144748158752918243e-02 3.601599857211112976e-02 4.622020572423934937e-02 7.067510858178138733e-03 2.049089781939983368e-02 6.141084711998701096e-03 1.462850067764520645e-02 1.807374134659767151e-02 3.219715505838394165e-02 1.846135035157203674e-02 4.918182268738746643e-03 9.431169368326663971e-03 5.502799153327941895e-02 2.964480780065059662e-02 5.368370190262794495e-02 4.364772140979766846e-02 5.055871605873107910e-02 1.942666806280612946e-02 1.203406695276498795e-02 2.148065716028213501e-02 1.592064276337623596e-02 7.147389929741621017e-03 2.916653454303741455e-02 3.156595304608345032e-02 4.266406968235969543e-02 5.341927334666252136e-02 2.677483297884464264e-02 4.325612261891365051e-02
1.718438714742660522e-01 1.393304765224456787e-01 1.512985583394765854e-02 2.170973829925060272e-02 5.888779833912849426e-02 1.363702863454818726e-01 1.007413044571876526e-01 3.199440240859985352e-02 2.811285294592380524e-02 4.168620705604553223e-02 4.947848021984100342e-01 1.039158739149570465e-02 1.821002662181854248e-01 1.775076985359191895e-02 2.528896182775497437e-02 2.578270994126796722e-02 1.468486990779638290e-02 9.863569401204586029e-03 3.655791655182838440e-02 3.888574615120887756e-02 3.750665485858917236e-02 1.128302072174847126e-03 3.919931128621101379e-03 1.007446087896823883e-02 1.639493368566036224e-02 4.952766466885805130e-03 5.608385428786277771e-02 6.472167558968067169e-03 9.281937032938003540e-03 1.675087958574295044e-02 1.996618881821632385e-02 1.516364142298698425e-02 2.066726097837090492e-03 1.190722081810235977e-02 3.209776431322097778e-02 3.781974315643310547e-02 2.711398154497146606e-02 1.761930529028177261e-03 1.606847345829010010e-02 1.164025720208883286e-02 2.627457305788993835e-02 2.163682598620653152e-03 2.263653324916958809e-03 2.485720627009868622e-02 4.389460757374763489e-02 4.104471951723098755e-02 1.305454969406127930e-01 3.668357059359550476e-02 1.485333777964115143e-02 1.076720654964447021e-02 3.736505284905433655e-02 1.086672674864530563e-02 3.521923348307609558e-02 4.124136269092559814e-02 1.970354840159416199e-02 2.418529242277145386e-02 2.683549560606479645e-02 4.104313626885414124e-02 2.192563377320766449e-02 4.099616408348083496e-02 3.937514498829841614e-02 9.942616336047649384e-03 3.355178982019424438e-02 4.585715010762214661e-03 8.449263870716094971e-03 3.819488734006881714e-02 3.595847636461257935e-02 4.336762055754661560e-02 3.846220672130584717e-02 4.933103173971176147e-02 6.368755549192428589e-02 4.457210656255483627e-03 2.776525169610977173e-02 6.844798568636178970e-03 1.154999807476997375e-02 5.035565420985221863e-02 5.887540522962808609e-03 2.485002949833869934e-02 7.438998669385910034e-02 1.886729709804058075e-02 4.916848149150609970e-03 5.032996460795402527e-02 3.686239197850227356e-02 4.834964126348495483e-02 2.916885726153850555e-02 2.105775475502014160e-02 8.446997962892055511e-03 3.226757794618606567e-02 1.655771955847740173e-02 3.003649227321147919e-02 5.730161070823669434e-02 1.876046299003064632e-03 2.104224823415279388e-02 4.186612088233232498e-03 3.995281085371971130e-02 2.223336324095726013e-02 7.925736717879772186e-03 7.563342340290546417e-03 3.570600971579551697e-02 1.455607451498508453e-02 7.760070264339447021e-03 3.878401126712560654e-03 1.905603334307670593e-02 2.391378395259380341e-03 2.979856915771961212e-02 1.167163252830505371e-03 3.711855411529541016e-02 2.065575681626796722e-02 1.061738003045320511e-02 4.758881404995918274e-02 1.305457111448049545e-02 1.774143241345882416e-02 2.011153288185596466e-02 4.317548498511314392e-02 2.246937714517116547e-02 3.863295167684555054e-02
4.657768458127975464e-02 3.961480408906936646e-02 5.417994782328605652e-02 5.072788149118423462e-02 2.456629090011119843e-02 8.991224691271781921e-03 9.824325097724795341e-04 1.406819187104701996e-02 6.866971030831336975e-03 4.047152586281299591e-03 1.039158739149570465e-02 4.807863533496856689e-01 2.083806879818439484e-02 1.100968271493911743e-01 3.233495354652404785e-02 4.993372038006782532e-02 4.536993056535720825e-02 4.844107478857040405e-02 2.621212601661682129e-02 5.470753461122512817e-02 5.784409493207931519e-02 2.451013959944248199e-02 4.145246744155883789e-02 2.167820464819669724e-03 3.486573696136474609e-02 2.841692790389060974e-02 5.597400665283203125e-02 3.236882388591766357e-02 1.390573289245367050e-02 2.089187502861022949e-02 7.495383266359567642e-03 1.721419207751750946e-02 1.028770394623279572e-02 1.145523600280284882e-02 3.863710537552833557e-02 3.564464300870895386e-02 4.635118320584297180e-02 1.659878529608249664e-02 8.486954495310783386e-03 4.144201427698135376e-02 2.036399580538272858e-02 9.813765995204448700e-03 5.673422291874885559e-02 9.915076196193695068e-03 2.033879607915878296e-02 6.450552958995103836e-03 1.527082733809947968e-02 1.694857701659202576e-02 2.953110262751579285e-02 2.781755477190017700e-02 2.873620390892028809e-02 2.104738913476467133e-02 2.407358959317207336e-02 1.497764792293310165e-02 2.244085632264614105e-02 2.612729556858539581e-02 4.684442654252052307e-02 4.484278708696365356e-02 5.600654706358909607e-02 4.121286794543266296e-03 2.217864990234375000e-02 2.678566984832286835e-02 1.517618447542190552e-02 3.298753872513771057e-02 1.823491416871547699e-02 1.779669709503650665e-02 6.211638078093528748e-02 4.461341351270675659e-02 5.000218003988265991e-02 4.204318672418594360e-02 2.542691864073276520e-02 3.758457675576210022e-02 4.796183854341506958e-02 9.258246049284934998e-03 8.462857455015182495e-03 1.602830551564693451e-02 4.592484980821609497e-02 7.359068840742111206e-02 4.301583394408226013e-02 1.695458777248859406e-02 4.090160503983497620e-02 7.267116568982601166e-03 1.134727383032441139e-03 1.723008230328559875e-02 2.640866674482822418e-02 7.759619038552045822e-03 1.057186350226402283e-02 2.179071679711341858e-02 5.869034677743911743e-02 3.384506329894065857e-02 4.913506656885147095e-02 1.595976017415523529e-02 2.075297385454177856e-02 4.693074151873588562e-02 1.702970825135707855e-02 3.663811087608337402e-02 4.141366109251976013e-02 4.703922569751739502e-02 5.295616760849952698e-02 2.741036377847194672e-02 9.481056593358516693e-03 1.738433609716594219e-03 4.393591545522212982e-03 1.484876964241266251e-02 4.442742560058832169e-03 4.058044776320457458e-02 2.473445609211921692e-02 1.446436997503042221e-02 4.491460043936967850e-03 3.218252211809158325e-02 1.256453432142734528e-02 1.324971392750740051e-02 3.081497736275196075e-02 3.133480250835418701e-02 2.811970561742782593e-02 4.685097560286521912e-02
1.411695033311843872e-01 1.476538330316543579e-01 6.706737447530031204e-03 2.434610947966575623e-02 6.063758209347724915e-02 9.707278758287429810e-02 9.284517168998718262e-02 4.327797144651412964e-02 3.688657283782958984e-02 1.298018824309110641e-02 1.821002662181854248e-01 2.083806879818439484e-02 4.955577254295349121e-01 3.031477145850658417e-02 4.121502116322517395e-02 4.658215213567018509e-03 2.599841170012950897e-02 2.552607911638915539e-04 4.908666014671325684e-02 4.633697867393493652e-02 2.743512392044067383e-02 2.006116509437561035e-02 1.197237242013216019e-02 1.461667474359273911e-02 1.653409330174326897e-03 2.585593611001968384e-02 3.405584022402763367e-02 2.056009322404861450e-02 1.069051586091518402e-02 4.227041080594062805e-02 5.837177857756614685e-02 1.425222121179103851e-02 4.947512969374656677e-02 2.307631820440292358e-02 2.507993951439857483e-02 2.308283932507038116e-02 2.275106310844421387e-02 2.368490211665630341e-02 3.405007347464561462e-02 5.152927245944738388e-03 4.613567516207695007e-02 5.484143737703561783e-03 1.187669113278388977e-02 4.472468048334121704e-02 1.252823625691235065e-03 1.694929227232933044e-02 8.918038755655288696e-02 7.434885948896408081e-02 3.168990090489387512e-02 6.069728638976812363e-03 5.950612016022205353e-03 4.988348111510276794e-02 3.497529029846191406e-02 4.228894039988517761e-02 4.963118582963943481e-02 2.263200096786022186e-02 8.115491364151239395e-04 2.969142794609069824e-02 3.223888203501701355e-02 1.533185411244630814e-02 8.768072351813316345e-03 2.525563724339008331e-02 1.045139506459236145e-02 1.716383360326290131e-02 4.588426649570465088e-02 4.872897639870643616e-02 4.352089017629623413e-02 2.410584315657615662e-02 1.791908219456672668e-02 1.329710334539413452e-02 2.926538139581680298e-02 1.078309305012226105e-02 3.789920732378959656e-02 4.430681094527244568e-02 4.082639515399932861e-02 4.823717102408409119e-02 1.840674132108688354e-02 3.555012121796607971e-02 1.250114291906356812e-02 4.088400304317474365e-02 1.007732842117547989e-02 1.473641116172075272e-02 3.614254668354988098e-02 2.619050070643424988e-02 4.734496772289276123e-02 2.336804382503032684e-02 4.823879897594451904e-02 1.545120216906070709e-02 4.456455260515213013e-02 2.649926207959651947e-02 5.038314312696456909e-02 3.547088243067264557e-03 5.942498892545700073e-02 3.051020205020904541e-02 2.115592360496520996e-03 1.074241194874048233e-02 4.139368981122970581e-02 3.588712215423583984e-02 2.006397396326065063e-02 3.058745525777339935e-02 7.306186016649007797e-03 1.313233980908989906e-03 3.745579347014427185e-02 3.604263439774513245e-02 3.002364747226238251e-02 3.984333947300910950e-02 3.089021705090999603e-02 2.304284088313579559e-02 4.134660586714744568e-02 6.048006191849708557e-02 2.285720407962799072e-02 1.562107075005769730e-02 1.815157383680343628e-02 3.626295179128646851e-02 1.731495372951030731e-02 3.950278833508491516e-02
