4.443743228912353516e-01 1.960386633872985840e-01 1.050400268286466599e-02 3.025732189416885376e-02 3.155729174613952637e-02 9.181147813796997070e-02 2.452627755701541901e-02 4.551368579268455505e-02 3.271310776472091675e-02 1.533628324978053570e-03 8.667184412479400635e-02 4.882150515913963318e-02 2.756148390471935272e-02 2.155394479632377625e-02 5.345951020717620850e-02 3.290905058383941650e-02 2.095734886825084686e-02 3.617067262530326843e-02 2.946995012462139130e-02 6.402257829904556274e-03 1.821579225361347198e-02 1.054589450359344482e-02 4.444307088851928711e-02 2.143701771274209023e-03 2.808670699596405029e-02 1.920942030847072601e-02 4.528015106916427612e-02 5.832297727465629578e-03 5.192061420530080795e-03 1.399187278002500534e-02 4.102202877402305603e-02 3.610885469242930412e-04 1.733780466020107269e-02 3.641811758279800415e-02 1.127555686980485916e-02 3.114634752273559570e-02 5.703755188733339310e-03 4.346558824181556702e-03 2.474251762032508850e-02 2.047133445739746094e-02 1.401968672871589661e-02 1.602235995233058929e-02 3.167906031012535095e-02 4.315659031271934509e-02 2.937995269894599915e-02 1.963214017450809479e-02 3.527584951370954514e-03 5.033177137374877930e-02 5.305112898349761963e-02 1.459542103111743927e-02 4.763013869524002075e-02 2.906732447445392609e-02 1.741354004479944706e-03 3.794858604669570923e-02 2.510883659124374390e-02 1.393047533929347992e-02 2.805510163307189941e-02 1.213342044502496719e-02 5.986146628856658936e-03 3.026036173105239868e-02 1.882828958332538605e-02 7.923530414700508118e-03 5.057490617036819458e-02 2.010259218513965607e-02 2.391917072236537933e-02 4.500113427639007568e-02 1.898234337568283081e-02 4.375534504652023315e-02 2.343720383942127228e-02 8.234290406107902527e-03 1.536719128489494324e-02 7.008751854300498962e-03 2.518145367503166199e-02 1.537586282938718796e-02 1.725015789270401001e-02 2.169236727058887482e-02 1.505130808800458908e-02 4.350229352712631226e-02 2.603925019502639771e-02 4.252434894442558289e-02 1.948227174580097198e-02 2.154438197612762451e-02 3.853141516447067261e-02 1.876423135399818420e-02 1.469929236918687820e-02 1.253913622349500656e-02 5.012651160359382629e-02 1.996679231524467468e-02 5.543373525142669678e-02 9.123030118644237518e-03 5.487941950559616089e-02 4.275084286928176880e-02 8.987816981971263885e-03 5.734619498252868652e-02 9.540476649999618530e-02 3.163649141788482666e-02 3.128686547279357910e-02 3.576485207304358482e-03 5.093021318316459656e-03 9.429130703210830688e-03 3.566332161426544189e-02 3.377068042755126953e-02 2.098017372190952301e-02 2.231702907010912895e-03 9.467060677707195282e-03 1.279476098716259003e-02 3.825428336858749390e-02 3.506823629140853882e-02 4.571018740534782410e-03 1.316734589636325836e-02 6.798315793275833130e-03 1.012710202485322952e-02 4.574012011289596558e-02 4.302914813160896301e-02 8.901517721824347973e-04 2.361006662249565125e-02
1.960386633872985840e-01 4.518017470836639404e-01 2.583201415836811066e-02 2.843059413135051727e-02 4.807427152991294861e-02 8.142279088497161865e-02 8.099892735481262207e-02 9.172375313937664032e-03 3.403941914439201355e-02 1.602546684443950653e-02 8.669859915971755981e-02 2.375437691807746887e-02 6.535795331001281738e-02 2.640769630670547485e-02 1.805646531283855438e-02 4.765097051858901978e-02 5.184951052069664001e-02 3.756093606352806091e-02 3.453170135617256165e-02 1.628265529870986938e-02 3.328124433755874634e-02 1.646607927978038788e-02 2.388046309351921082e-02 2.673043496906757355e-02 4.901969805359840393e-02 5.887475237250328064e-02 3.065406717360019684e-02 1.157021429389715195e-02 9.514493867754936218e-03 3.458579070866107941e-03 1.298327557742595673e-02 3.014742769300937653e-02 3.401437401771545410e-02 4.615193977952003479e-02 4.134348034858703613e-02 2.488916739821434021e-02 2.328602224588394165e-02 3.853321308270096779e-03 4.268489778041839600e-03 1.123429648578166962e-02 3.190897870808839798e-03 4.918993636965751648e-02 3.509598970413208008e-02 4.570085555315017700e-02 2.972185611724853516e-02 6.849061232060194016e-03 1.974608935415744781e-02 9.657368995249271393e-03 2.331622317433357239e-02 1.895865541882812977e-03 4.108493402600288391e-02 1.617277041077613831e-02 2.327307499945163727e-02 5.592063441872596741e-02 3.932188823819160461e-02 1.978309452533721924e-02 3.757664933800697327e-02 2.558879740536212921e-02 1.127381529659032822e-02 8.646312169730663300e-03 7.287400308996438980e-03 7.977231871336698532e-04 3.366461396217346191e-02 3.278836375102400780e-03 5.131611134856939316e-03 6.362079642713069916e-03 4.509298130869865417e-02 5.072515923529863358e-03 2.293504029512405396e-02 1.768763177096843719e-02 3.134355880320072174e-03 4.019754938781261444e-03 2.476080507040023804e-02 3.079162538051605225e-02 4.850318189710378647e-03 3.866408020257949829e-02 4.956605844199657440e-04 5.847056861966848373e-03 3.876628354191780090e-02 2.972629107534885406e-02 2.826439589262008667e-02 2.729410305619239807e-03 4.755403846502304077e-03 4.053331539034843445e-02 1.900464855134487152e-02 4.975745454430580139e-02 2.335675992071628571e-02 1.966546475887298584e-02 5.420199409127235413e-02 1.917104236781597137e-02 6.123602017760276794e-02 4.465236514806747437e-02 1.968781836330890656e-02 4.628835245966911316e-02 1.442764187231659889e-03 3.138685226440429688e-02 3.695715218782424927e-02 4.905624315142631531e-03 1.616022549569606781e-02 3.773697465658187866e-02 3.938289592042565346e-04 4.807406663894653320e-02 8.171142078936100006e-03 2.516916394233703613e-02 4.551336914300918579e-02 3.023861534893512726e-02 3.968577459454536438e-02 2.594877406954765320e-02 1.492889318615198135e-02 7.853574119508266449e-03 4.830634966492652893e-02 2.089034020900726318e-02 3.877408429980278015e-02 3.481496125459671021e-02 1.334069110453128815e-02 2.751801395788788795e-03
1.050400268286466599e-02 2.583201415836811066e-02 4.324916601181030273e-01 3.327571600675582886e-02 2.659859694540500641e-02 9.816968813538551331e-03 4.922437481582164764e-03 1.052726283669471741e-01 1.141452696174383163e-02 1.088805962353944778e-02 2.941213920712471008e-02 3.765411674976348877e-02 2.458456670865416527e-03 3.604683279991149902e-02 8.151502348482608795e-03 3.963368758559226990e-02 4.212097823619842529e-02 3.256794065237045288e-03 2.638251520693302155e-02 4.616897553205490112e-02 3.503692802041769028e-03 4.537221509963274002e-03 3.216160461306571960e-02 1.597349159419536591e-02 1.289631612598896027e-02 1.250704843550920486e-02 2.062046900391578674e-02 3.681588545441627502e-02 1.334465201944112778e-02 3.462409228086471558e-02 3.717783838510513306e-02 1.003806479275226593e-02 1.794378622435033321e-03 3.188887238502502441e-02 3.128849714994430542e-02 1.835280680097639561e-03 3.444877639412879944e-02 5.740152671933174133e-02 2.106433734297752380e-02 1.669554598629474640e-02 3.901836276054382324e-02 2.969234623014926910e-02 2.699191868305206299e-02 4.354842007160186768e-03 5.014287680387496948e-02 5.408987030386924744e-02 1.948176510632038116e-02 8.702143095433712006e-04 1.851560920476913452e-02 2.780389413237571716e-02 2.048582769930362701e-02 1.119733089581131935e-03 4.799559339880943298e-02 1.999346539378166199e-02 1.985700335353612900e-03 3.296992927789688110e-02 2.391217648983001709e-02 1.047647744417190552e-02 1.125312224030494690e-02 2.926025912165641785e-02 5.970958736725151539e-04 1.559108030050992966e-02 1.353473495692014694e-02 6.590099073946475983e-04 5.198448151350021362e-02 3.938362002372741699e-02 7.103920914232730865e-03 7.568522822111845016e-03 2.862551249563694000e-02 6.720522418618202209e-03 3.833162784576416016e-02 1.852094382047653198e-02 2.052285522222518921e-02 4.571179859340190887e-03 1.714573055505752563e-02 3.431175649166107178e-02 1.928037963807582855e-02 3.420220315456390381e-02 3.977473080158233643e-02 4.537989385426044464e-03 1.166754662990570068e-01 6.919867545366287231e-02 2.704308554530143738e-02 5.969212856143712997e-03 5.941709503531455994e-03 1.311509124934673309e-02 5.196140334010124207e-02 4.394553974270820618e-02 4.228916391730308533e-02 2.779098041355609894e-02 5.325728096067905426e-03 4.558814689517021179e-02 6.481708493083715439e-03 2.978736907243728638e-02 2.404213510453701019e-02 1.505779288709163666e-02 4.772933572530746460e-02 2.088141627609729767e-02 2.976456843316555023e-02 1.339230965822935104e-02 3.296071197837591171e-03 1.872646808624267578e-02 2.330709248781204224e-02 3.919257596135139465e-02 3.876051679253578186e-02 5.304821766912937164e-03 5.383979529142379761e-03 4.881909489631652832e-02 5.512407515197992325e-03 4.129090532660484314e-02 4.236400127410888672e-02 1.340874377638101578e-02 2.228182181715965271e-02 2.858358994126319885e-02 5.300163757055997849e-03 1.292186323553323746e-03
3.025732189416885376e-02 2.843059413135051727e-02 3.327571600675582886e-02 4.633581042289733887e-01 1.270545721054077148e-01 1.859937235713005066e-02 1.308019366115331650e-02 2.987553924322128296e-02 5.204268544912338257e-02 3.342693299055099487e-02 4.526378214359283447e-02 3.112025931477546692e-02 3.661301732063293457e-02 4.398489743471145630e-02 2.374553820118308067e-03 5.998065695166587830e-02 4.433298483490943909e-02 3.112732619047164917e-02 1.969388686120510101e-02 1.735075004398822784e-02 2.538821287453174591e-02 7.577224168926477432e-03 2.276754379272460938e-02 2.966636046767234802e-02 4.348275437951087952e-02 4.759707674384117126e-02 1.727858558297157288e-02 1.000604685395956039e-02 3.573894873261451721e-02 5.384717136621475220e-03 1.798256486654281616e-02 4.681185632944107056e-02 1.015350446105003357e-01 4.795498028397560120e-02 7.677670568227767944e-02 1.226454321295022964e-02 1.447572838515043259e-02 3.199429810047149658e-02 1.790556758642196655e-01 7.728233188390731812e-02 6.562639959156513214e-03 2.622587792575359344e-02 1.325925905257463455e-02 3.205461427569389343e-02 2.241267636418342590e-02 3.071601316332817078e-02 6.031579338014125824e-03 4.957964643836021423e-03 6.254494655877351761e-03 5.078337341547012329e-02 1.858281902968883514e-02 1.793758571147918701e-02 7.079813629388809204e-03 3.967237472534179688e-02 1.470588706433773041e-02 2.918027713894844055e-02 1.812875643372535706e-02 8.251236286014318466e-04 7.627966813743114471e-03 2.066500112414360046e-02 7.709028571844100952e-02 4.233786836266517639e-02 6.543225795030593872e-02 4.917829856276512146e-02 9.455643594264984131e-03 2.696972154080867767e-02 4.532582312822341919e-02 2.348375879228115082e-02 7.538083940744400024e-02 3.063587844371795654e-02 5.125297605991363525e-02 5.144098773598670959e-02 1.124555841088294983e-01 1.164219249039888382e-02 9.953859448432922363e-02 3.990523144602775574e-02 2.097717858850955963e-02 1.834864541888237000e-02 5.534466356039047241e-03 1.320715993642807007e-02 1.024165656417608261e-02 4.592713713645935059e-02 8.406223356723785400e-02 9.627127088606357574e-03 4.133939370512962341e-02 2.189696207642555237e-02 2.824970893561840057e-02 3.469327464699745178e-02 1.774459704756736755e-02 1.906968466937541962e-02 4.485432058572769165e-02 2.666611038148403168e-02 1.768375001847743988e-02 6.803432479500770569e-03 8.158411947079002857e-04 1.822101324796676636e-02 1.514090411365032196e-02 1.762301847338676453e-02 4.423438385128974915e-02 2.493356168270111084e-02 4.800243675708770752e-02 4.769557341933250427e-02 3.316836804151535034e-02 1.981407403945922852e-02 2.315982012078166008e-03 1.086458750069141388e-02 3.577364981174468994e-02 2.825146773830056190e-03 1.355616608634591103e-03 3.132695099338889122e-03 3.038287721574306488e-02 4.226234927773475647e-02 2.660067379474639893e-02 1.181729324162006378e-02 2.488743700087070465e-02 5.322201177477836609e-03
3.155729174613952637e-02 4.807427152991294861e-02 2.659859694540500641e-02 1.270545721054077148e-01 4.470517039299011230e-01 2.300081960856914520e-02 2.872654795646667480e-02 5.100260302424430847e-02 3.726973384618759155e-02 1.086970418691635132e-02 3.470533341169357300e-02 1.770829968154430389e-02 4.772501531988382339e-03 6.740251556038856506e-03 3.709763661026954651e-02 1.000358164310455322e-02 1.711972989141941071e-03 3.555817529559135437e-02 2.839297987520694733e-02 1.406490243971347809e-02 3.287170827388763428e-02 2.490639872848987579e-02 3.007649257779121399e-02 4.293270036578178406e-02 3.802514402195811272e-03 1.968779601156711578e-02 1.233881153166294098e-02 8.207424543797969818e-03 1.523008197546005249e-02 1.237967237830162048e-02 4.692891985177993774e-02 1.219029910862445831e-02 2.584601938724517822e-02 2.325362339615821838e-02 3.897163271903991699e-02 5.025755986571311951e-02 1.216414384543895721e-02 3.239203244447708130e-02 1.474932879209518433e-01 1.978069394826889038e-01 3.772120550274848938e-02 2.001346088945865631e-02 2.733582165092229843e-03 4.183446988463401794e-02 3.038662858307361603e-02 1.690186560153961182e-02 6.272470578551292419e-03 7.532767485827207565e-03 3.594745323061943054e-02 7.705483585596084595e-03 1.317526120692491531e-02 2.674303762614727020e-02 4.607757553458213806e-02 1.107778027653694153e-02 1.024130918085575104e-02 1.831303164362907410e-02 2.137471688911318779e-03 1.782497763633728027e-02 3.864077478647232056e-02 3.895350173115730286e-02 7.264562416821718216e-03 6.907512992620468140e-02 1.720497012138366699e-02 8.851881138980388641e-03 3.107953444123268127e-02 4.806732293218374252e-03 1.036622840911149979e-02 1.169189345091581345e-02 4.456270486116409302e-02 2.737857215106487274e-02 3.482818976044654846e-02 3.076678328216075897e-02 1.660814136266708374e-02 4.820715263485908508e-02 3.845446929335594177e-02 4.375815764069557190e-02 2.911974862217903137e-02 4.329334571957588196e-02 4.265309870243072510e-02 2.531932480633258820e-02 6.365767121315002441e-02 3.613364696502685547e-02 6.623597443103790283e-02 5.281932279467582703e-02 8.607628755271434784e-03 2.531353570520877838e-02 2.813916653394699097e-03 4.054111987352371216e-02 3.883168101310729980e-02 4.373830929398536682e-02 3.578115254640579224e-02 1.491876505315303802e-02 1.981237204745411873e-03 1.288057398051023483e-02 5.677787959575653076e-02 7.259367406368255615e-02 2.366657182574272156e-02 2.850638702511787415e-02 4.142507910728454590e-02 2.842258848249912262e-02 3.342191921547055244e-03 1.659278757870197296e-02 2.454942278563976288e-02 3.609760105609893799e-02 1.218532957136631012e-02 2.084118314087390900e-02 4.478458315134048462e-02 3.610490821301937103e-03 1.320132333785295486e-02 1.249012188054621220e-03 4.733196925371885300e-03 2.919184789061546326e-02 1.723875477910041809e-02 1.143052522093057632e-02 1.576222293078899384e-02 3.731285408139228821e-02
9.181147813796997070e-02 8.142279088497161865e-02 9.816968813538551331e-03 1.859937235713005066e-02 2.300081960856914520e-02 4.623327255249023438e-01 1.319129467010498047e-01 3.806263208389282227e-03 6.727129686623811722e-03 2.183466590940952301e-02 6.983613967895507812e-02 9.243299067020416260e-02 1.636129058897495270e-02 7.064639031887054443e-02 3.370186686515808105e-02 3.015676327049732208e-02 4.856761544942855835e-02 3.501011058688163757e-02 3.505840897560119629e-02 4.210171103477478027e-02 4.449925851076841354e-03 6.897636922076344490e-04 1.504626963287591934e-02 1.775515452027320862e-02 3.904718905687332153e-02 3.049367107450962067e-02 3.508367016911506653e-02 6.625763326883316040e-02 7.584627252072095871e-03 4.447631165385246277e-02 1.279829163104295731e-02 3.814508020877838135e-02 7.808421738445758820e-03 3.806131705641746521e-02 4.896241426467895508e-02 1.182481925934553146e-02 6.446589715778827667e-03 4.073153063654899597e-02 2.990520372986793518e-02 3.408723324537277222e-02 7.423456292599439621e-03 3.520773723721504211e-02 5.989116057753562927e-02 2.136871591210365295e-02 4.751927219331264496e-03 3.482845425605773926e-02 1.447771191596984863e-01 8.093094825744628906e-02 3.250959888100624084e-02 1.108683831989765167e-02 3.407244384288787842e-02 1.031121573760174215e-04 1.116543728858232498e-02 3.477893769741058350e-02 1.959724118933081627e-03 3.830748796463012695e-02 4.219996929168701172e-02 2.354271523654460907e-02 2.908083237707614899e-02 2.151012793183326721e-02 6.122050806879997253e-03 3.768483921885490417e-02 3.910657484084367752e-03 2.527879318222403526e-03 1.526196952909231186e-02 6.593794561922550201e-03 1.995090022683143616e-02 4.153367877006530762e-02 1.310417079366743565e-03 2.821528352797031403e-02 2.702430589124560356e-03 3.202899917960166931e-02 1.996590010821819305e-02 1.314741931855678558e-02 5.312085617333650589e-03 4.366352781653404236e-02 1.846485887654125690e-03 3.284366056323051453e-02 3.486669436097145081e-02 3.272681310772895813e-02 6.509062834084033966e-03 3.296919539570808411e-02 3.634310141205787659e-02 4.335028119385242462e-03 1.763872429728507996e-02 4.420748725533485413e-02 1.050802972167730331e-02 1.010765787214040756e-02 3.368005156517028809e-02 6.629895418882369995e-03 5.705882608890533447e-02 1.496389228850603104e-02 4.697199910879135132e-02 2.050638943910598755e-02 1.053262781351804733e-02 3.056972473859786987e-02 6.769932340830564499e-03 2.137180604040622711e-02 6.141799967736005783e-04 4.492324590682983398e-02 1.922372169792652130e-02 2.331846952438354492e-02 4.352442920207977295e-02 1.003585569560527802e-02 3.614762425422668457e-02 5.579689890146255493e-02 9.616993367671966553e-03 4.915739968419075012e-02 2.810623124241828918e-02 4.724840633571147919e-03 3.871373459696769714e-02 9.171439334750175476e-03 5.459317192435264587e-02 3.672704100608825684e-02 3.776774555444717407e-02 3.273256123065948486e-02
2.452627755701541901e-02 8.099892735481262207e-02 4.922437481582164764e-03 1.308019366115331650e-02 2.872654795646667480e-02 1.319129467010498047e-01 4.699470400810241699e-01 4.487872589379549026e-03 1.894601434469223022e-02 3.738710074685513973e-05 7.180382311344146729e-02 4.833095893263816833e-02 5.825331062078475952e-02 5.743202567100524902e-02 1.529959496110677719e-02 1.305163186043500900e-02 4.199797287583351135e-03 1.307903695851564407e-02 3.925943002104759216e-02 3.369407355785369873e-02 5.981103982776403427e-03 3.701722621917724609e-02 1.908416044898331165e-03 1.148327952250838280e-03 7.212295196950435638e-03 4.089794307947158813e-02 2.809624420478940010e-03 6.180930649861693382e-04 1.913146674633026123e-02 1.441106293350458145e-02 2.778158709406852722e-02 5.004725977778434753e-02 1.778946630656719208e-02 4.445604979991912842e-02 2.829891815781593323e-02 2.731809159740805626e-03 1.059583970345556736e-03 3.519660094752907753e-04 3.860829025506973267e-02 1.073194667696952820e-02 5.331427976489067078e-02 4.213441908359527588e-02 1.725880429148674011e-02 3.160674497485160828e-02 5.717594642192125320e-03 4.066181182861328125e-02 1.433930546045303345e-01 1.273952722549438477e-01 8.737402036786079407e-03 1.388424076139926910e-02 4.987550433725118637e-03 2.817521989345550537e-02 8.556552231311798096e-03 2.716256491839885712e-02 9.229945950210094452e-03 5.046182125806808472e-02 3.286151960492134094e-02 9.253247641026973724e-03 7.701944094151258469e-03 4.623209312558174133e-02 7.754572667181491852e-03 9.788506664335727692e-03 1.926362328231334686e-02 3.101320378482341766e-02 4.887166619300842285e-02 4.450878500938415527e-02 4.208154231309890747e-02 2.628148533403873444e-02 4.282901808619499207e-02 5.990549921989440918e-03 4.694249480962753296e-02 4.280961677432060242e-02 2.097437717020511627e-02 2.364678680896759033e-02 4.581794515252113342e-02 5.477930977940559387e-02 3.473954647779464722e-02 2.866191975772380829e-02 3.156020864844322205e-02 3.642027452588081360e-02 2.290339767932891846e-02 2.845620550215244293e-02 1.374772377312183380e-02 1.168466731905937195e-02 5.457631871104240417e-02 1.417893823236227036e-02 1.064639538526535034e-02 2.659226534888148308e-03 1.217032875865697861e-02 3.850229457020759583e-02 8.135603368282318115e-02 1.338611170649528503e-02 7.837544381618499756e-02 1.417738385498523712e-02 1.957403123378753662e-02 1.791896938811987638e-04 6.231781095266342163e-03 2.782516740262508392e-02 2.827177941799163818e-02 3.635970503091812134e-02 2.713986672461032867e-02 1.663736882619559765e-03 4.461390525102615356e-02 3.356841206550598145e-02 1.165201235562562943e-02 7.996144704520702362e-03 1.669967174530029297e-02 5.128558352589607239e-02 2.741647418588399887e-03 1.652135862968862057e-03 2.841485105454921722e-02 5.186789855360984802e-02 2.606393396854400635e-02 1.800757087767124176e-02 2.711817249655723572e-02 5.907104350626468658e-03
4.551368579268455505e-02 9.172375313937664032e-03 1.052726283669471741e-01 2.987553924322128296e-02 5.100260302424430847e-02 3.806263208389282227e-03 4.487872589379549026e-03 4.204114377498626709e-01 2.845179289579391479e-02 6.721706013195216656e-04 1.837376505136489868e-03 1.633925549685955048e-02 5.896487273275852203e-03 2.557159587740898132e-02 1.050691381096839905e-01 3.493778780102729797e-02 3.868752857670187950e-03 2.041164599359035492e-02 8.127705194056034088e-03 3.484542015939950943e-03 6.229274906218051910e-03 5.535421427339315414e-03 4.547910764813423157e-02 1.351797394454479218e-02 2.994178421795368195e-02 4.493210092186927795e-02 2.169158495962619781e-02 3.020857274532318115e-02 2.785371057689189911e-02 3.520867228507995605e-02 3.840592503547668457e-02 3.312429413199424744e-02 3.739815950393676758e-02 9.354389272630214691e-03 1.549694500863552094e-02 2.468009479343891144e-02 1.646738126873970032e-02 3.659837692975997925e-02 5.563715007156133652e-03 1.510745752602815628e-02 1.255855604540556669e-04 1.738015189766883850e-02 7.977292872965335846e-03 3.151128068566322327e-02 3.874266054481267929e-03 7.128422148525714874e-03 5.568145425058901310e-04 4.120890423655509949e-02 2.422395348548889160e-02 6.704492494463920593e-03 2.182830497622489929e-02 1.830935291945934296e-02 2.663745172321796417e-02 3.491973504424095154e-02 7.090157363563776016e-03 1.522794738411903381e-02 5.238904617726802826e-03 3.946235030889511108e-02 2.502450719475746155e-03 5.250603891909122467e-03 3.759375587105751038e-02 3.888913989067077637e-02 1.616749796085059643e-03 1.248318236321210861e-02 4.485164955258369446e-02 2.781258150935173035e-02 2.525371126830577850e-02 6.564550567418336868e-03 1.213937997817993164e-02 3.083284385502338409e-02 4.674159456044435501e-03 2.437380142509937286e-02 2.349596470594406128e-02 4.296651168260723352e-04 1.527390163391828537e-02 3.305192571133375168e-03 2.410702966153621674e-02 3.720945864915847778e-02 2.175994589924812317e-02 1.567265763878822327e-02 1.573200076818466187e-01 8.531622588634490967e-02 1.469183131121098995e-03 2.489730902016162872e-02 7.861902937293052673e-03 1.160735450685024261e-02 5.831732973456382751e-02 5.580719932913780212e-02 2.641600929200649261e-02 4.495279118418693542e-02 1.041397638618946075e-02 1.694066636264324188e-02 4.354768991470336914e-02 2.766649611294269562e-02 9.336063638329505920e-03 2.379138255491852760e-03 2.646083012223243713e-03 1.969935186207294464e-02 3.821190679445862770e-03 4.852557182312011719e-02 2.846340462565422058e-02 2.715805545449256897e-02 7.281315047293901443e-03 3.485416620969772339e-02 1.775006414391100407e-03 4.509625956416130066e-03 3.253488987684249878e-02 2.512502111494541168e-02 3.071849793195724487e-02 3.509015217423439026e-02 3.945205733180046082e-02 1.557259913533926010e-02 2.423056773841381073e-02 7.806225679814815521e-03 8.667849935591220856e-03 1.735303178429603577e-02
3.271310776472091675e-02 3.403941914439201355e-02 1.141452696174383163e-02 5.204268544912338257e-02 3.726973384618759155e-02 6.727129686623811722e-03 1.894601434469223022e-02 2.845179289579391479e-02 4.391838610172271729e-01 1.099499538540840149e-01 6.867764052003622055e-03 4.642974957823753357e-02 4.224632680416107178e-02 1.735764369368553162e-02 1.920288777910172939e-03 2.663481980562210083e-02 6.571600679308176041e-03 1.120052039623260498e-01 3.986902534961700439e-02 3.075251169502735138e-02 3.521002456545829773e-02 3.983518481254577637e-02 1.449611783027648926e-02 2.653839439153671265e-02 1.049979031085968018e-02 1.542870304547250271e-03 4.471493512392044067e-02 2.190687693655490875e-03 3.112412616610527039e-02 2.198851108551025391e-02 3.506634384393692017e-02 3.391639143228530884e-02 2.932254225015640259e-02 2.159479074180126190e-02 4.959305282682180405e-03 2.212270349264144897e-02 3.013692796230316162e-02 3.042393922805786133e-02 2.961856685578823090e-02 4.351333156228065491e-02 1.110268197953701019e-02 2.114863134920597076e-03 3.526040585711598396e-03 1.706798747181892395e-02 3.201258555054664612e-02 1.044949237257242203e-02 5.291160196065902710e-03 5.473737604916095734e-03 2.465023286640644073e-02 4.954813513904809952e-03 2.686386741697788239e-02 1.476673316210508347e-02 2.114560455083847046e-02 3.027710318565368652e-02 1.358051747083663940e-01 2.030369080603122711e-02 9.989067912101745605e-03 3.054944984614849091e-02 4.549920931458473206e-02 2.584369666874408722e-02 2.025613328441977501e-03 1.003019511699676514e-03 2.720409072935581207e-02 3.491389751434326172e-02 2.113954350352287292e-02 1.948074810206890106e-02 1.611475646495819092e-02 4.221338033676147461e-02 9.938657283782958984e-03 1.924235001206398010e-02 3.110476396977901459e-02 3.155205398797988892e-03 5.323156714439392090e-02 9.653336368501186371e-03 3.446771577000617981e-02 4.392907489091157913e-03 1.544210314750671387e-01 9.424646943807601929e-02 5.569190904498100281e-02 7.876480370759963989e-02 2.063392457785084844e-04 1.166317239403724670e-02 1.266649812459945679e-01 4.752545803785324097e-02 1.531578600406646729e-02 7.389656268060207367e-03 4.783802852034568787e-02 2.801955491304397583e-02 4.838198795914649963e-02 3.423086926341056824e-02 5.273567046970129013e-03 2.278182655572891235e-02 5.757794715464115143e-03 2.032713405787944794e-02 1.410020794719457626e-02 2.650424651801586151e-02 3.568959236145019531e-02 5.271583423018455505e-02 2.080444432795047760e-02 4.199120029807090759e-02 9.771350771188735962e-03 3.776206448674201965e-02 2.105506695806980133e-02 3.689332166686654091e-03 3.910703584551811218e-02 1.001944532617926598e-03 3.900505229830741882e-02 3.624266386032104492e-02 1.947090029716491699e-02 1.206599734723567963e-02 1.866958104074001312e-02 1.779323257505893707e-02 3.868097439408302307e-02 1.474946644157171249e-02 1.610985025763511658e-02 2.230970747768878937e-02
1.533628324978053570e-03 1.602546684443950653e-02 1.088805962353944778e-02 3.342693299055099487e-02 1.086970418691635132e-02 2.183466590940952301e-02 3.738710074685513973e-05 6.721706013195216656e-04 1.099499538540840149e-01 4.537827968597412109e-01 8.327162824571132660e-03 3.788793459534645081e-02 9.102132171392440796e-03 4.464441537857055664e-02 5.674020852893590927e-03 3.516534715890884399e-02 1.718623749911785126e-02 4.805823788046836853e-02 1.003940775990486145e-01 2.744071371853351593e-02 4.871636256575584412e-02 4.103960469365119934e-03 5.229735001921653748e-02 4.889010917395353317e-03 5.015785619616508484e-02 3.868702054023742676e-02 4.295130819082260132e-02 6.660952698439359665e-03 3.449196368455886841e-02 2.625533007085323334e-02 3.308348357677459717e-02 7.938436232507228851e-03 2.336570061743259430e-03 3.692514030262827873e-03 3.006084822118282318e-02 2.621510066092014313e-02 5.401783622801303864e-03 1.635397225618362427e-02 2.238574251532554626e-02 1.117537915706634521e-02 4.872120544314384460e-02 1.572795957326889038e-02 7.229365874081850052e-03 1.092675700783729553e-02 3.473675623536109924e-02 4.393354058265686035e-02 3.247273340821266174e-02 4.087620228528976440e-02 3.780656307935714722e-02 8.544418215751647949e-02 2.017105184495449066e-02 9.910964407026767731e-03 1.226553227752447128e-02 1.857441104948520660e-02 1.089238151907920837e-01 8.019214868545532227e-02 3.618308529257774353e-02 8.086976595222949982e-04 5.454883648781105876e-05 3.213461861014366150e-02 2.480188757181167603e-02 8.414080739021301270e-02 5.039229616522789001e-02 4.916010424494743347e-02 3.281164914369583130e-02 4.587200656533241272e-02 4.371095076203346252e-02 4.329052567481994629e-02 4.223407059907913208e-02 3.671324253082275391e-02 2.956353127956390381e-02 2.096456009894609451e-03 2.765655517578125000e-02 3.815413638949394226e-02 5.353119224309921265e-02 2.183194644749164581e-02 4.132540524005889893e-02 1.501632183790206909e-01 8.615384809672832489e-03 1.419860720634460449e-01 9.279279038310050964e-03 7.415761239826679230e-03 2.049140259623527527e-02 8.593344688415527344e-02 8.656486868858337402e-03 3.101510694250464439e-03 2.952533075585961342e-03 1.340158283710479736e-02 6.089367438107728958e-03 5.740880966186523438e-03 8.801141753792762756e-03 4.371415823698043823e-03 2.956862561404705048e-02 1.395640242844820023e-02 1.992443762719631195e-02 1.003582216799259186e-02 1.613042503595352173e-02 1.339347474277019501e-02 2.027307823300361633e-02 1.394983101636171341e-02 3.338872641324996948e-02 3.812164068222045898e-02 2.258939668536186218e-02 3.697752207517623901e-02 4.925070097669959068e-04 3.893246129155158997e-02 1.183470711112022400e-02 1.520923990756273270e-02 7.051049266010522842e-03 4.794774577021598816e-02 1.492828968912363052e-02 5.511588975787162781e-02 2.845834940671920776e-02 1.562221255153417587e-02 1.845744065940380096e-02 5.035756155848503113e-02
8.667184412479400635e-02 8.669859915971755981e-02 2.941213920712471008e-02 4.526378214359283447e-02 3.470533341169357300e-02 6.983613967895507812e-02 7.180382311344146729e-02 1.837376505136489868e-03 6.867764052003622055e-03 8.327162824571132660e-03 4.576235115528106689e-01 3.308728709816932678e-02 1.254345029592514038e-01 4.008663445711135864e-02 1.840159296989440918e-02 4.135746881365776062e-02 2.484581619501113892e-02 9.461865760385990143e-03 3.315908089280128479e-02 3.450366109609603882e-02 1.873136684298515320e-02 9.173107333481311798e-03 6.248258054256439209e-03 3.247720748186111450e-02 1.147073693573474884e-02 3.591828420758247375e-02 1.482573221437633038e-03 2.730057202279567719e-02 9.200911223888397217e-02 4.096580669283866882e-02 5.728694424033164978e-02 2.217175625264644623e-02 3.203253448009490967e-02 1.794605888426303864e-02 2.750980295240879059e-02 3.318336326628923416e-03 4.487767349928617477e-03 1.486053690314292908e-02 5.384669639170169830e-03 6.391141563653945923e-03 3.398679196834564209e-02 2.047119662165641785e-02 2.880472457036375999e-03 1.681024953722953796e-02 1.611261256039142609e-02 4.384261742234230042e-02 6.530507653951644897e-02 3.567202016711235046e-02 2.099670656025409698e-02 3.461387753486633301e-02 8.376314304769039154e-03 1.819162815809249878e-02 2.420966699719429016e-02 2.235895209014415741e-02 2.384129352867603302e-02 4.193476587533950806e-02 3.393304767087101936e-03 3.048424981534481049e-02 1.585883088409900665e-02 3.137858957052230835e-02 8.045265451073646545e-03 8.314152248203754425e-03 4.461307078599929810e-02 4.952157661318778992e-02 8.083329349756240845e-02 6.539504975080490112e-02 1.825708150863647461e-02 5.351040046662092209e-03 1.578668830916285515e-03 5.091969296336174011e-02 2.867056615650653839e-02 5.046382918953895569e-02 4.245511721819639206e-03 2.620316855609416962e-02 1.750081777572631836e-02 3.942938894033432007e-02 4.505407996475696564e-03 2.449470199644565582e-02 3.899275138974189758e-02 3.241241350769996643e-02 5.318482220172882080e-02 4.242589324712753296e-02 2.657026611268520355e-02 2.966549433767795563e-02 5.135643482208251953e-02 3.853032737970352173e-02 4.232556372880935669e-02 5.143048986792564392e-02 2.000078558921813965e-02 2.432137168943881989e-02 4.894601181149482727e-02 2.387303486466407776e-02 2.449545823037624359e-02 1.973596774041652679e-02 9.469436481595039368e-03 3.815821558237075806e-02 7.236774079501628876e-03 1.733439043164253235e-02 4.713616520166397095e-02 7.766597438603639603e-03 1.115120947360992432e-02 1.197993848472833633e-02 5.282988399267196655e-02 4.171475395560264587e-02 3.427192941308021545e-02 2.237186208367347717e-02 4.129259288311004639e-02 8.907547220587730408e-03 4.724770039319992065e-02 1.127990707755088806e-02 1.086505479179322720e-03 3.718315390869975090e-03 1.767054945230484009e-02 4.341538995504379272e-03 4.002886638045310974e-02 5.875953473150730133e-03
4.882150515913963318e-02 2.375437691807746887e-02 3.765411674976348877e-02 3.112025931477546692e-02 1.770829968154430389e-02 9.243299067020416260e-02 4.833095893263816833e-02 1.633925549685955048e-02 4.642974957823753357e-02 3.788793459534645081e-02 3.308728709816932678e-02 4.620288312435150146e-01 4.869558289647102356e-02 1.844746321439743042e-01 2.488018386065959930e-02 4.241894558072090149e-02 4.845678061246871948e-02 1.696848124265670776e-02 7.390281558036804199e-02 1.264229230582714081e-02 3.498343750834465027e-02 1.200884673744440079e-02 1.150233671069145203e-02 8.096787147223949432e-03 5.712567269802093506e-02 1.283738482743501663e-02 2.338438294827938080e-02 9.142845124006271362e-02 4.158519580960273743e-02 8.228667080402374268e-02 4.146555438637733459e-02 3.676654025912284851e-02 8.769067004323005676e-03 1.655454188585281372e-02 4.302927479147911072e-02 3.486015135422348976e-03 3.161602839827537537e-02 4.491281136870384216e-02 9.852936491370201111e-03 3.621821478009223938e-02 8.164954371750354767e-03 1.070139091461896896e-02 2.840463444590568542e-02 6.318021565675735474e-03 1.647665724158287048e-02 4.254921525716781616e-02 6.294979900121688843e-02 1.549246255308389664e-03 1.817640475928783417e-02 6.907427217811346054e-03 2.214369177818298340e-02 2.918772771954536438e-02 6.036181002855300903e-03 5.034735053777694702e-02 3.626926615834236145e-02 9.951746091246604919e-03 1.938349194824695587e-02 3.418757393956184387e-02 5.008355248719453812e-03 4.586826264858245850e-02 4.326729848980903625e-02 6.593851745128631592e-02 3.386193886399269104e-02 1.673761382699012756e-02 1.583819836378097534e-02 4.841791093349456787e-02 2.898973040282726288e-02 4.776142537593841553e-02 1.813196763396263123e-02 9.873418137431144714e-03 3.819677233695983887e-02 5.960975307971239090e-03 2.221920900046825409e-02 2.178261242806911469e-02 7.430418394505977631e-03 4.166191071271896362e-02 3.387722885236144066e-03 5.260414257645606995e-02 2.991067431867122650e-02 5.047385394573211670e-02 1.020116079598665237e-02 9.017800912261009216e-03 2.834898419678211212e-02 4.781336709856987000e-02 1.188896037638187408e-02 5.327733233571052551e-02 1.983151957392692566e-02 2.407907694578170776e-02 4.289267584681510925e-02 3.604130819439888000e-02 7.326160371303558350e-02 4.204600676894187927e-02 7.912473380565643311e-02 3.117184527218341827e-02 1.575565314851701260e-03 1.858210563659667969e-02 1.507818419486284256e-02 2.835167758166790009e-02 1.742338389158248901e-02 2.621986530721187592e-02 4.175389185547828674e-02 3.742511197924613953e-02 4.530520737171173096e-02 2.892930805683135986e-02 2.731652371585369110e-02 3.181564062833786011e-02 5.852321162819862366e-03 5.026830360293388367e-02 4.059916734695434570e-02 2.795397676527500153e-02 5.951371043920516968e-02 8.704076707363128662e-02 1.173365861177444458e-02 5.692844092845916748e-02 2.314395896974019706e-05 3.477203100919723511e-02
2.756148390471935272e-02 6.535795331001281738e-02 2.458456670865416527e-03 3.661301732063293457e-02 4.772501531988382339e-03 1.636129058897495270e-02 5.825331062078475952e-02 5.896487273275852203e-03 4.224632680416107178e-02 9.102132171392440796e-03 1.254345029592514038e-01 4.869558289647102356e-02 4.649316966533660889e-01 4.174793884158134460e-02 4.985918849706649780e-02 3.768083406612277031e-03 1.795874908566474915e-02 6.304789334535598755e-03 2.676952397450804710e-03 2.157170698046684265e-02 3.131806850433349609e-02 6.194004043936729431e-02 2.607054263353347778e-02 3.675039112567901611e-02 2.207014523446559906e-02 4.336545616388320923e-02 4.059820994734764099e-02 4.087586328387260437e-02 8.695657551288604736e-02 1.313430629670619965e-02 6.681808084249496460e-02 3.107324475422501564e-03 1.542436238378286362e-02 1.701970398426055908e-02 2.931998111307621002e-02 9.301631711423397064e-03 3.070013597607612610e-02 2.635179460048675537e-02 2.921368181705474854e-02 3.907966986298561096e-02 3.656467422842979431e-02 3.799748083110898733e-04 1.002446189522743225e-02 5.823630373924970627e-03 1.308889477513730526e-03 2.941939234733581543e-02 5.560126900672912598e-02 4.446195811033248901e-02 4.554827138781547546e-02 4.542856663465499878e-02 2.646629000082612038e-03 2.362130442634224892e-03 2.804085239768028259e-02 1.100289635360240936e-02 3.774639591574668884e-02 4.188135638833045959e-02 1.420254632830619812e-02 1.444115303456783295e-02 1.790116913616657257e-02 2.951108664274215698e-02 7.383698597550392151e-03 2.690091961994767189e-03 2.619205228984355927e-02 2.949335053563117981e-02 7.118522375822067261e-02 9.558553993701934814e-02 7.944746874272823334e-03 1.013946626335382462e-02 4.918902739882469177e-02 6.130571663379669189e-02 2.463391609489917755e-02 5.173427984118461609e-03 3.623145073652267456e-02 3.463597223162651062e-02 4.821964725852012634e-02 4.778153821825981140e-02 4.916457086801528931e-02 2.377623878419399261e-02 4.065759479999542236e-02 3.046214813366532326e-03 2.561830170452594757e-02 1.837723888456821442e-02 4.253377765417098999e-02 3.733608126640319824e-02 3.105057962238788605e-02 2.705784328281879425e-02 3.782196715474128723e-02 6.121557205915451050e-02 3.775056824088096619e-02 2.576783997938036919e-03 5.087201297283172607e-02 3.029767610132694244e-02 1.322579197585582733e-02 4.424267634749412537e-02 3.455021604895591736e-02 6.137318909168243408e-03 8.997145108878612518e-03 4.962943121790885925e-02 4.837661236524581909e-02 2.053396403789520264e-02 4.885604605078697205e-03 1.506527699530124664e-02 4.193964600563049316e-02 2.511257305741310120e-02 1.163481362164020538e-02 3.436548262834548950e-02 2.969093061983585358e-02 4.328513890504837036e-02 3.515376895666122437e-02 4.966012388467788696e-02 3.401386551558971405e-03 1.302236691117286682e-03 3.743440378457307816e-03 2.650387468747794628e-04 3.846061415970325470e-03 6.334269419312477112e-03
