5.378388166427612305e-01 1.928840875625610352e-01 1.701473374851047993e-03 3.279447928071022034e-02 3.325457125902175903e-02 9.913556277751922607e-02 9.456696361303329468e-02 2.717587724328041077e-02 2.483689226210117340e-03 1.809326931834220886e-02 5.169843509793281555e-02 9.818552061915397644e-03 6.444281339645385742e-02 7.790992967784404755e-03 1.536043127998709679e-03 2.077109552919864655e-02 1.209176611155271530e-02 1.092397049069404602e-02 1.493160706013441086e-02 3.093811124563217163e-02 3.384349495172500610e-02 3.889683261513710022e-02 1.246916782110929489e-02 1.030240487307310104e-02 4.053320270031690598e-03 1.304870005697011948e-02 1.867698319256305695e-02 8.426807820796966553e-03 1.964718662202358246e-02 6.890263408422470093e-03 2.888372167944908142e-03 2.506048185750842094e-03 3.525280579924583435e-02 1.600564830005168915e-02 1.920940726995468140e-02 1.530829351395368576e-02 3.462733328342437744e-02 2.269177138805389404e-02 2.986319176852703094e-02 2.319389209151268005e-02 1.162892300635576248e-02 4.327101260423660278e-02 2.010872773826122284e-02 1.566758751869201660e-02 2.969505498185753822e-03 2.437023911625146866e-03 5.661552026867866516e-02 8.399998396635055542e-02 4.171758145093917847e-02 2.471174299716949463e-02 2.464297413825988770e-02 1.755421236157417297e-02 2.186608873307704926e-02 5.269624292850494385e-03 2.917262166738510132e-02 2.974888193421065807e-04 2.554935961961746216e-02 1.037575420923531055e-03 3.717418760061264038e-02 1.292734965682029724e-02 3.169786930084228516e-02 4.390542581677436829e-02 3.610331565141677856e-02 1.948773488402366638e-02 7.713077589869499207e-03 3.214549273252487183e-03 1.645746268332004547e-02 4.700346291065216064e-02 2.804546244442462921e-02 6.357127800583839417e-03 1.703974790871143341e-02 3.925497457385063171e-02 7.996161468327045441e-03 4.067079722881317139e-02 6.556350737810134888e-03 1.160751190036535263e-02 2.152615785598754883e-02 1.627372344955801964e-03 4.651356115937232971e-02 4.074731469154357910e-02 3.273080661892890930e-02 4.544252157211303711e-02 2.735234238207340240e-02 2.090122550725936890e-02 9.103215299546718597e-03 2.309272810816764832e-02 2.079158090054988861e-02 1.030197832733392715e-02 5.153336096554994583e-03 3.639822453260421753e-02 7.958252727985382080e-02 1.977137755602598190e-03 9.758061170578002930e-02 3.567304462194442749e-02 1.139021199196577072e-02 6.191049702465534210e-03 2.712185494601726532e-03 2.897014468908309937e-02 1.835231482982635498e-02 4.801973991561681032e-04 4.526482895016670227e-02 5.841757636517286301e-03 4.902249667793512344e-03 3.455483913421630859e-02 2.716094441711902618e-02 1.797981932759284973e-02 5.209260433912277222e-02 2.886401489377021790e-02 5.370892584323883057e-03 1.683445088565349579e-02 7.886792533099651337e-03 9.364429861307144165e-03 2.220557443797588348e-02 1.471907552331686020e-02 2.152809500694274902e-02 3.845984116196632385e-02
1.928840875625610352e-01 5.337473154067993164e-01 3.418331593275070190e-02 1.738512190058827400e-03 1.477841753512620926e-03 1.174773499369621277e-01 1.222665980458259583e-01 3.748647496104240417e-02 1.904346235096454620e-02 4.363044351339340210e-02 2.928620018064975739e-02 8.944856934249401093e-03 7.552037388086318970e-02 2.066907100379467010e-02 4.713894799351692200e-03 1.454622391611337662e-02 1.183583214879035950e-02 1.875271275639533997e-02 1.643560640513896942e-02 4.846379160881042480e-02 2.548814006149768829e-02 2.299027889966964722e-02 3.369379043579101562e-02 2.146565821021795273e-03 4.974023438990116119e-03 8.601577021181583405e-03 3.862079000100493431e-03 8.926218375563621521e-03 5.019168020226061344e-04 1.513361930847167969e-02 6.107380148023366928e-03 4.321813583374023438e-03 3.999768570065498352e-02 1.026942511089146137e-03 2.420021593570709229e-02 9.478536434471607208e-03 3.584010154008865356e-02 8.855598047375679016e-03 3.423133492469787598e-02 2.753482945263385773e-02 1.325606927275657654e-02 3.209305554628372192e-02 4.989198222756385803e-02 6.691971328109502792e-03 2.610831987112760544e-03 8.717117831110954285e-03 5.674363300204277039e-02 1.029474511742591858e-01 4.106352105736732483e-02 9.861272992566227913e-04 4.445493593811988831e-02 3.461435064673423767e-02 3.166338056325912476e-02 1.657715067267417908e-02 3.738407045602798462e-02 1.775936223566532135e-02 4.816377535462379456e-02 1.065782178193330765e-02 4.170556366443634033e-02 5.859354045242071152e-03 6.648048758506774902e-03 2.623053640127182007e-02 3.386518731713294983e-02 2.352058887481689453e-02 2.961047459393739700e-03 1.156467851251363754e-02 1.730186864733695984e-02 3.826633840799331665e-02 3.462170064449310303e-02 2.668291889131069183e-02 1.829387992620468140e-02 3.047554753720760345e-02 9.302091784775257111e-03 1.327410340309143066e-02 8.744627237319946289e-03 2.144400216639041901e-02 2.075274102389812469e-02 8.950510993599891663e-03 2.395094372332096100e-02 2.244597300887107849e-02 2.847886644303798676e-02 9.619770571589469910e-03 1.050847582519054413e-02 4.099027067422866821e-02 2.220154926180839539e-02 4.110123496502637863e-03 1.667352765798568726e-02 1.751367561519145966e-02 4.331533797085285187e-03 3.989120572805404663e-02 7.994771003723144531e-02 7.258986006490886211e-04 1.329967379570007324e-01 3.558943793177604675e-02 1.645308919250965118e-02 7.210020907223224640e-03 8.276221342384815216e-03 2.453915029764175415e-02 1.401046663522720337e-02 6.104308995418250561e-04 4.060263186693191528e-02 2.495474554598331451e-02 9.783294983208179474e-03 3.720502182841300964e-02 4.258901253342628479e-02 3.768390044569969177e-02 2.503702975809574127e-02 3.378984332084655762e-02 2.130282297730445862e-02 3.027167171239852905e-02 1.375934295356273651e-02 7.930610328912734985e-03 2.408971637487411499e-02 3.142253309488296509e-02 4.245382174849510193e-02 2.963429130613803864e-02
1.701473374851047993e-03 3.418331593275070190e-02 4.967521131038665771e-01 2.993262372910976410e-02 1.851237751543521881e-02 4.903393797576427460e-03 2.160990796983242035e-02 5.706535652279853821e-02 2.797952853143215179e-02 4.374473541975021362e-02 2.251762710511684418e-02 2.871798723936080933e-02 2.760747261345386505e-02 1.956983841955661774e-02 2.229950018227100372e-02 3.581535443663597107e-02 3.412289917469024658e-02 6.003196351230144501e-03 4.306675493717193604e-02 3.527227789163589478e-02 3.488823026418685913e-02 5.000818520784378052e-03 2.229847200214862823e-02 1.159617677330970764e-02 3.348814696073532104e-02 2.329117059707641602e-02 3.413939848542213440e-03 3.874452039599418640e-02 2.376984432339668274e-02 3.740394487977027893e-02 3.527596220374107361e-02 1.980724930763244629e-02 2.378499880433082581e-02 2.600186318159103394e-02 2.646299824118614197e-02 3.524849191308021545e-02 4.382639308460056782e-04 2.521100267767906189e-02 1.679043471813201904e-02 1.827184110879898071e-02 4.247440025210380554e-02 9.208519943058490753e-03 5.962789431214332581e-02 9.260378032922744751e-02 3.619222715497016907e-02 4.759036377072334290e-02 9.426941163837909698e-03 1.695084944367408752e-02 3.483107686042785645e-02 2.041285485029220581e-02 7.105648051947355270e-03 2.923730388283729553e-02 2.448689565062522888e-02 3.475580364465713501e-02 6.187352817505598068e-03 7.310643792152404785e-02 6.987481378018856049e-03 1.131730619817972183e-02 7.557375822216272354e-03 4.025931283831596375e-02 3.066249378025531769e-02 4.112788941711187363e-03 1.154720503836870193e-02 2.870693616569042206e-02 2.239063009619712830e-02 1.127866999013349414e-04 1.093638129532337189e-02 1.700229570269584656e-02 1.777155697345733643e-02 3.397965058684349060e-02 3.636436164379119873e-02 3.457948565483093262e-02 1.537167374044656754e-02 3.034168854355812073e-02 1.101290620863437653e-02 4.321411717683076859e-03 2.273380570113658905e-02 1.092852558940649033e-02 1.746107079088687897e-02 4.123930633068084717e-02 1.541462838649749756e-01 1.521624773740768433e-01 4.291792586445808411e-02 1.124967448413372040e-02 2.353337220847606659e-02 3.401260450482368469e-02 4.682492464780807495e-03 2.284071780741214752e-02 2.931198664009571075e-02 4.992207977920770645e-03 1.504989806562662125e-03 2.965172985568642616e-03 2.771644294261932373e-02 2.801351249217987061e-02 1.102026738226413727e-02 1.975580118596553802e-02 3.975387662649154663e-02 2.569159306585788727e-02 1.675797626376152039e-03 2.519058249890804291e-02 2.327743917703628540e-02 1.382828503847122192e-02 9.846944361925125122e-03 3.313589841127395630e-02 2.650204859673976898e-02 2.364732883870601654e-02 1.269231643527746201e-02 3.400072455406188965e-02 1.099359244108200073e-02 2.643768675625324249e-02 3.094718977808952332e-02 1.936554163694381714e-02 1.658239401876926422e-02 1.181539613753557205e-03 2.158756181597709656e-02 1.630343683063983917e-02
3.279447928071022034e-02 1.738512190058827400e-03 2.993262372910976410e-02 5.397046208381652832e-01 1.388060897588729858e-01 1.740602403879165649e-02 3.875641897320747375e-02 2.314297854900360107e-02 3.215666487812995911e-02 4.830985143780708313e-02 3.258502110838890076e-02 4.470350593328475952e-02 4.646431282162666321e-02 2.896515466272830963e-02 4.959388449788093567e-02 3.048696555197238922e-02 5.635208915919065475e-03 5.275988951325416565e-02 1.502807438373565674e-02 3.176781535148620605e-02 1.979670114815235138e-02 5.313678178936243057e-03 2.334606135264039040e-03 4.173457622528076172e-02 1.338565349578857422e-02 7.685261778533458710e-03 2.842305414378643036e-02 5.337652564048767090e-02 5.166517570614814758e-02 3.839782997965812683e-02 4.953266680240631104e-02 4.127198830246925354e-02 7.335688453167676926e-03 4.135769978165626526e-02 2.292457781732082367e-02 3.984833136200904846e-02 4.822982102632522583e-02 1.710358820855617523e-02 3.735461458563804626e-02 5.955084040760993958e-02 2.429672516882419586e-02 1.527220709249377251e-03 9.416711516678333282e-03 1.557209808379411697e-02 4.648445919156074524e-02 4.268579557538032532e-02 4.592739790678024292e-02 2.020039223134517670e-02 3.212717920541763306e-02 2.013701200485229492e-02 2.590452507138252258e-02 1.687589287757873535e-02 1.725066453218460083e-02 1.776137948036193848e-02 3.470462933182716370e-02 4.525132011622190475e-03 1.576350443065166473e-02 1.585653424263000488e-02 4.059713333845138550e-02 2.182316035032272339e-02 4.645399749279022217e-02 1.371682435274124146e-02 3.338123857975006104e-02 5.007192119956016541e-02 1.238911133259534836e-02 2.951356116682291031e-03 4.482323676347732544e-02 4.243629053235054016e-02 1.133427396416664124e-02 5.399326793849468231e-03 1.937582739628851414e-03 3.503346443176269531e-02 6.118635088205337524e-02 3.172616288065910339e-02 6.705902516841888428e-02 2.597619779407978058e-02 3.193947300314903259e-02 1.781534287147223949e-03 2.229002490639686584e-02 3.086077980697154999e-02 4.772577062249183655e-02 4.339949786663055420e-02 5.084492638707160950e-02 5.884939804673194885e-02 1.421139854937791824e-02 5.062771588563919067e-02 4.443893954157829285e-02 2.924708835780620575e-02 4.388383775949478149e-02 4.021484404802322388e-02 2.680852264165878296e-02 1.869595982134342194e-02 2.217483473941683769e-03 1.467696111649274826e-02 2.671730518341064453e-02 2.261199429631233215e-02 8.461930789053440094e-03 1.119785662740468979e-02 4.023138433694839478e-03 8.806635625660419464e-03 6.747667212039232254e-03 1.539515797048807144e-02 2.570357173681259155e-02 6.782218348234891891e-03 1.200548373162746429e-02 2.191042900085449219e-02 6.688334979116916656e-03 3.573291003704071045e-02 3.657370433211326599e-02 1.289205998182296753e-02 5.112234968692064285e-03 7.644359953701496124e-03 1.275079324841499329e-02 6.191952154040336609e-03 1.730655319988727570e-02 2.794370800256729126e-02
3.325457125902175903e-02 1.477841753512620926e-03 1.851237751543521881e-02 1.388060897588729858e-01 5.195038318634033203e-01 3.479629755020141602e-02 2.711525186896324158e-02 4.370505362749099731e-02 1.120203547179698944e-02 1.706243678927421570e-02 2.410142682492733002e-02 7.601519580930471420e-03 4.022755473852157593e-02 6.534088868647813797e-03 3.862392529845237732e-02 2.133892290294170380e-02 7.070711348205804825e-03 4.845666140317916870e-02 1.170141343027353287e-02 3.924668580293655396e-02 3.565307334065437317e-02 3.344605647725984454e-05 6.101988255977630615e-04 3.195937722921371460e-02 3.151562809944152832e-02 2.730107866227626801e-03 9.199821390211582184e-03 6.971093360334634781e-03 1.355963526293635368e-03 4.658125340938568115e-03 4.194384068250656128e-02 4.261100664734840393e-02 6.804593373090028763e-03 2.914248779416084290e-02 1.968142203986644745e-02 2.848983183503150940e-02 1.589187979698181152e-02 1.577419973909854889e-02 4.529447108507156372e-02 1.037789285182952881e-01 9.700982831418514252e-03 2.999604446813464165e-03 6.087681278586387634e-03 5.242190510034561157e-02 3.222355246543884277e-02 2.606363222002983093e-02 2.860717847943305969e-02 5.792987067252397537e-03 3.737844154238700867e-02 1.579229719936847687e-02 5.234153009951114655e-03 2.046006033197045326e-03 3.611305356025695801e-02 4.317082092165946960e-02 3.541905432939529419e-02 3.458439558744430542e-02 2.171697467565536499e-02 1.933079212903976440e-02 3.216094410163350403e-05 3.032926470041275024e-03 4.958219081163406372e-02 3.673235327005386353e-02 2.226990275084972382e-02 4.186318069696426392e-02 8.955408819019794464e-03 2.379708550870418549e-02 5.799554754048585892e-03 2.787969820201396942e-02 2.175211161375045776e-02 2.272707968950271606e-02 1.343147549778223038e-02 9.968222118914127350e-03 4.807677865028381348e-02 4.834504798054695129e-02 9.636612236499786377e-02 3.916838206350803375e-03 1.633722707629203796e-02 1.543673966079950333e-02 9.123601950705051422e-03 3.529299516230821609e-03 2.005545422434806824e-02 4.263278841972351074e-02 3.268427774310112000e-02 1.134105250239372253e-01 2.570189721882343292e-02 4.257110878825187683e-02 4.120308905839920044e-02 3.291202709078788757e-02 1.111535727977752686e-02 7.068322971463203430e-03 3.371764440089464188e-03 3.511514049023389816e-03 2.868627198040485382e-02 1.237416360527276993e-02 6.607573945075273514e-03 1.480157114565372467e-02 2.332188002765178680e-02 8.061585947871208191e-03 3.460655733942985535e-02 4.486276954412460327e-02 2.662402112036943436e-03 1.257533766329288483e-02 3.169857710599899292e-02 1.610492914915084839e-02 1.152384188026189804e-02 1.845041662454605103e-02 5.808131303638219833e-03 2.893594093620777130e-02 3.983510658144950867e-02 1.045900862663984299e-02 2.345071872696280479e-03 2.154286392033100128e-02 9.394733235239982605e-03 2.271785214543342590e-02 1.524685975164175034e-02 2.049001678824424744e-02
9.913556277751922607e-02 1.174773499369621277e-01 4.903393797576427460e-03 1.740602403879165649e-02 3.479629755020141602e-02 5.465076565742492676e-01 1.600119918584823608e-01 2.287093922495841980e-02 4.398133605718612671e-02 9.230253286659717560e-03 7.929939776659011841e-03 8.566375821828842163e-02 4.733174666762351990e-02 1.113244593143463135e-01 2.419911138713359833e-02 7.738636340945959091e-03 2.438915148377418518e-02 8.301416411995887756e-03 2.976933121681213379e-02 2.552622370421886444e-02 4.563027061522006989e-03 3.748213127255439758e-02 2.452831342816352844e-02 4.268208891153335571e-02 5.412092432379722595e-03 1.826119981706142426e-02 3.071483224630355835e-03 5.767364799976348877e-02 5.432955920696258545e-02 7.885768264532089233e-02 3.409403935074806213e-02 5.854343064129352570e-03 4.750495404005050659e-02 5.850084125995635986e-03 6.512395571917295456e-03 1.726735942065715790e-02 9.788177907466888428e-03 3.470389917492866516e-02 3.245659545063972473e-02 1.668890123255550861e-03 2.694358304142951965e-02 1.792955398559570312e-02 2.145850285887718201e-02 1.556958165019750595e-02 2.701515331864356995e-02 8.137781172990798950e-03 1.312943994998931885e-01 1.098969802260398865e-01 1.340586878359317780e-02 1.379572041332721710e-02 3.408801928162574768e-02 3.684580326080322266e-02 4.093334078788757324e-02 4.913692362606525421e-03 2.773955650627613068e-02 7.842715829610824585e-03 4.899547994136810303e-02 1.900303061120212078e-03 2.192380279302597046e-02 7.282814476639032364e-03 1.871990039944648743e-02 4.486667737364768982e-02 1.696537435054779053e-02 8.013596758246421814e-03 5.273740738630294800e-03 4.400795325636863708e-03 1.214007660746574402e-02 1.210575830191373825e-02 2.454060316085815430e-02 1.799145713448524475e-02 3.266937332227826118e-03 5.413019284605979919e-02 1.820858940482139587e-02 9.698000736534595490e-03 2.934594079852104187e-02 4.270594939589500427e-02 1.398331578820943832e-02 1.452602166682481766e-02 4.118852317333221436e-02 2.156135626137256622e-02 3.163413703441619873e-02 6.590841338038444519e-03 3.808027878403663635e-02 1.104058325290679932e-02 1.716730371117591858e-02 2.404180914163589478e-02 4.450195282697677612e-02 3.136558830738067627e-02 8.159941062331199646e-03 3.468354791402816772e-02 7.072328031063079834e-02 5.244421958923339844e-02 7.900044322013854980e-02 2.201341325417160988e-03 3.677260503172874451e-02 2.016890794038772583e-02 4.447127133607864380e-02 2.144235000014305115e-02 4.841819033026695251e-02 2.007631212472915649e-02 2.683052048087120056e-02 1.726868003606796265e-02 5.235393717885017395e-02 8.026422001421451569e-03 3.406519815325737000e-02 2.354486472904682159e-02 9.175008162856101990e-03 3.640344738960266113e-02 1.706672832369804382e-02 4.711017757654190063e-02 2.828024886548519135e-02 4.749979078769683838e-02 1.457681320607662201e-02 3.922265395522117615e-02 3.367946669459342957e-02 3.922769054770469666e-02
9.456696361303329468e-02 1.222665980458259583e-01 2.160990796983242035e-02 3.875641897320747375e-02 2.711525186896324158e-02 1.600119918584823608e-01 5.505178570747375488e-01 3.785196691751480103e-02 4.473240673542022705e-02 1.257066149264574051e-02 1.185280922800302505e-02 5.995711684226989746e-02 4.778907075524330139e-02 9.342395514249801636e-02 9.335629642009735107e-03 9.680504910647869110e-03 2.909206785261631012e-02 3.081939928233623505e-02 5.465843155980110168e-02 1.689521037042140961e-02 5.416384432464838028e-03 6.827238015830516815e-03 9.198549669235944748e-04 3.786312416195869446e-02 5.352622829377651215e-03 1.095716748386621475e-02 4.109487682580947876e-02 5.508467089384794235e-03 3.078458644449710846e-02 2.593241818249225616e-02 4.231874272227287292e-02 7.305874489247798920e-03 3.800646960735321045e-02 1.997861638665199280e-02 3.135976567864418030e-02 2.201870270073413849e-02 1.070273481309413910e-02 2.776549011468887329e-02 2.806656807661056519e-02 1.251446362584829330e-02 4.034292325377464294e-02 2.880979329347610474e-02 1.688331551849842072e-02 7.813262753188610077e-03 5.043692514300346375e-02 4.728627204895019531e-02 1.318529397249221802e-01 1.429911255836486816e-01 3.235480282455682755e-03 2.363376691937446594e-02 2.707979455590248108e-02 2.838644571602344513e-02 4.691623523831367493e-02 1.121240854263305664e-02 2.954359538853168488e-02 3.934341017156839371e-03 3.342343121767044067e-02 3.628229955211281776e-03 2.488436177372932434e-02 8.259672671556472778e-03 1.997311599552631378e-02 2.709631249308586121e-02 1.400665263645350933e-03 2.817565202713012695e-02 9.514491073787212372e-03 6.614688783884048462e-03 1.828180858865380287e-03 1.553585566580295563e-02 2.541207149624824524e-02 3.512844443321228027e-02 2.460187068209052086e-03 3.475369885563850403e-02 4.033006727695465088e-02 4.455646127462387085e-02 3.849475085735321045e-02 4.026408866047859192e-02 4.343350883573293686e-03 2.298015914857387543e-02 2.495400421321392059e-02 1.499988837167620659e-03 2.276293188333511353e-02 3.857614472508430481e-02 2.099015377461910248e-02 5.904704332351684570e-03 4.222282767295837402e-02 1.518266368657350540e-02 2.301380969583988190e-02 1.233499217778444290e-02 4.388955235481262207e-02 4.321852698922157288e-03 8.302185684442520142e-02 1.396459760144352913e-03 1.035438254475593567e-01 4.156255349516868591e-02 1.290188077837228775e-02 4.159398749470710754e-02 1.120010484009981155e-02 7.891339249908924103e-03 3.810853138566017151e-02 1.013118959963321686e-02 4.662416502833366394e-02 1.039238274097442627e-02 1.637277752161026001e-02 4.067054763436317444e-02 3.444500267505645752e-02 3.047364577651023865e-02 2.199725806713104248e-02 4.135877266526222229e-02 8.348834700882434845e-03 4.391975700855255127e-02 1.020186673849821091e-02 2.070109732449054718e-02 2.064031362533569336e-02 3.618120029568672180e-02 2.253962866961956024e-02 7.757635321468114853e-04
2.717587724328041077e-02 3.748647496104240417e-02 5.706535652279853821e-02 2.314297854900360107e-02 4.370505362749099731e-02 2.287093922495841980e-02 3.785196691751480103e-02 5.304347276687622070e-01 3.597003221511840820e-02 1.743200235068798065e-02 1.864119805395603180e-02 8.895939216017723083e-03 2.393134171143174171e-03 2.130739204585552216e-02 6.710460782051086426e-02 1.307835429906845093e-02 2.581228688359260559e-02 4.041224345564842224e-02 6.847080308943986893e-03 5.477589555084705353e-03 1.452136505395174026e-02 1.359677966684103012e-02 4.534799978137016296e-02 3.634804114699363708e-02 2.646165341138839722e-02 6.365593988448381424e-03 1.286123227328062057e-02 3.367070853710174561e-02 1.415651664137840271e-02 3.135787323117256165e-02 4.767435137182474136e-03 3.324639797210693359e-02 4.931513685733079910e-03 2.203600946813821793e-03 2.800584211945533752e-02 3.893548250198364258e-02 1.732832565903663635e-02 1.726755313575267792e-02 4.336712881922721863e-03 2.751718834042549133e-02 2.591427415609359741e-02 1.776272244751453400e-02 3.543887287378311157e-02 5.341906100511550903e-02 3.047244623303413391e-02 3.791544586420059204e-02 1.993111707270145416e-02 2.263795025646686554e-02 5.340620130300521851e-02 1.628885790705680847e-02 1.667749695479869843e-02 2.390945143997669220e-02 2.043096534907817841e-02 9.764322079718112946e-03 2.422381378710269928e-02 1.941710012033581734e-03 9.472596459090709686e-03 1.872859778814017773e-03 6.123822182416915894e-03 2.401234954595565796e-02 2.094294503331184387e-02 2.173973061144351959e-02 5.165443196892738342e-02 4.454629123210906982e-02 3.054512781091034412e-04 3.568547219038009644e-02 1.836532354354858398e-02 2.396637341007590294e-03 2.963801473379135132e-02 3.382573276758193970e-02 3.160786628723144531e-02 3.603016585111618042e-02 3.865172341465950012e-02 6.408406887203454971e-03 4.444122686982154846e-02 2.502749301493167877e-02 8.704978041350841522e-03 3.078058734536170959e-02 3.918420895934104919e-02 2.034182474017143250e-02 1.041139066219329834e-01 8.456263691186904907e-02 1.846598088741302490e-02 2.637075260281562805e-02 2.892050147056579590e-02 1.301149185746908188e-02 5.949097499251365662e-02 2.129927650094032288e-02 4.688101354986429214e-03 9.294471819885075092e-04 3.442895412445068359e-02 3.047386929392814636e-02 3.836122900247573853e-02 2.162039093673229218e-02 3.568752482533454895e-02 1.837340556085109711e-02 3.752541169524192810e-02 1.582454144954681396e-02 8.590548299252986908e-03 2.350686118006706238e-03 5.846015736460685730e-02 1.903655193746089935e-02 5.990832112729549408e-03 3.011996485292911530e-02 1.018529385328292847e-02 5.824872292578220367e-03 6.016369909048080444e-02 1.081998739391565323e-02 2.517773769795894623e-02 6.912225217092782259e-05 6.073334254324436188e-03 4.845911171287298203e-03 1.226388383656740189e-02 1.043911185115575790e-02 1.658885367214679718e-02 3.868810087442398071e-02
2.483689226210117340e-03 1.904346235096454620e-02 2.797952853143215179e-02 3.215666487812995911e-02 1.120203547179698944e-02 4.398133605718612671e-02 4.473240673542022705e-02 3.597003221511840820e-02 5.224846601486206055e-01 2.818158082664012909e-02 2.960839122533798218e-02 3.933972492814064026e-02 1.427505444735288620e-02 2.526546083390712738e-02 3.622077777981758118e-02 4.974275361746549606e-03 3.305940423160791397e-03 1.300307661294937134e-01 7.408151403069496155e-03 1.510550081729888916e-02 1.839055307209491730e-02 5.795428995043039322e-03 4.827497527003288269e-02 3.270458430051803589e-03 1.594029925763607025e-02 7.843814790248870850e-03 1.902405545115470886e-02 2.055892162024974823e-02 2.424179017543792725e-02 3.344723582267761230e-02 4.131066612899303436e-03 2.156629785895347595e-02 3.776106238365173340e-02 5.332589149475097656e-02 4.009669646620750427e-02 4.389576986432075500e-02 1.042096409946680069e-02 5.233740899711847305e-03 3.375447168946266174e-02 3.938222676515579224e-02 5.273341387510299683e-02 7.968821376562118530e-02 4.667781293392181396e-03 4.374247416853904724e-02 2.986315079033374786e-02 7.502750027924776077e-03 2.321062795817852020e-02 1.689992100000381470e-02 7.056141737848520279e-03 4.659382253885269165e-02 2.375045977532863617e-02 3.055751323699951172e-03 1.916436851024627686e-02 2.886059507727622986e-02 8.557672798633575439e-02 2.776351466309279203e-04 1.516680698841810226e-02 1.608564332127571106e-02 2.742281928658485413e-02 1.618926879018545151e-03 7.136759907007217407e-02 6.656217010458931327e-05 1.831201836466789246e-02 1.750800199806690216e-02 3.549741953611373901e-02 2.931226231157779694e-02 4.190143570303916931e-02 3.801404684782028198e-02 1.274327635765075684e-01 3.999594971537590027e-02 2.830902859568595886e-02 4.379440844058990479e-02 1.880141347646713257e-02 1.947666332125663757e-02 2.839622646570205688e-02 3.496678918600082397e-02 1.432486176490783691e-01 1.177280303090810776e-02 8.170451968908309937e-02 1.888680085539817810e-02 3.907030448317527771e-03 3.964256029576063156e-03 2.188172377645969391e-02 6.447371561080217361e-03 2.835428342223167419e-02 2.117431722581386566e-02 1.132335420697927475e-02 7.016850169748067856e-03 6.168519705533981323e-02 2.472726441919803619e-02 3.791821375489234924e-02 2.808665856719017029e-02 1.116203423589468002e-02 4.130759835243225098e-02 2.869651839137077332e-02 4.406745731830596924e-02 1.627632067538797855e-03 8.273820392787456512e-03 1.619799621403217316e-02 1.408950053155422211e-02 2.611698023974895477e-02 5.394385755062103271e-02 1.258724555373191833e-02 4.773190990090370178e-02 1.303514931350946426e-02 1.386140566319227219e-02 4.422139748930931091e-02 1.687590219080448151e-02 1.512216497212648392e-02 1.693895831704139709e-02 8.270289748907089233e-03 4.229028522968292236e-02 7.651859894394874573e-03 1.095220074057579041e-02 2.765408717095851898e-03 1.187151297926902771e-02
1.809326931834220886e-02 4.363044351339340210e-02 4.374473541975021362e-02 4.830985143780708313e-02 1.706243678927421570e-02 9.230253286659717560e-03 1.257066149264574051e-02 1.743200235068798065e-02 2.818158082664012909e-02 5.532793402671813965e-01 3.556452691555023193e-02 3.906943276524543762e-02 4.485649988055229187e-02 6.361016631126403809e-02 4.148371890187263489e-02 1.629714481532573700e-02 2.331845462322235107e-02 4.035274311900138855e-02 9.168151021003723145e-02 4.493437334895133972e-02 4.239330440759658813e-02 2.248976565897464752e-02 1.093726512044668198e-02 8.938430994749069214e-02 2.100414037704467773e-02 5.021350458264350891e-02 2.418153733015060425e-02 4.055979102849960327e-02 2.081976458430290222e-02 7.730144076049327850e-03 6.229797843843698502e-03 2.354660443961620331e-02 1.259596366435289383e-02 3.307504206895828247e-02 1.293046586215496063e-02 5.614095716737210751e-04 2.738534286618232727e-02 1.374774053692817688e-02 4.180550202727317810e-02 3.871531412005424500e-02 3.600356355309486389e-02 3.313544392585754395e-02 1.103103533387184143e-02 3.841891139745712280e-02 6.001160666346549988e-02 9.885501116514205933e-02 2.322677336633205414e-02 3.212226927280426025e-02 4.834123887121677399e-03 1.327388435602188110e-01 2.276564575731754303e-02 1.981767453253269196e-02 3.756602061912417412e-03 3.424394875764846802e-02 2.742512524127960205e-02 8.432719111442565918e-02 1.350022386759519577e-02 2.837880142033100128e-02 2.795638702809810638e-02 1.078506279736757278e-02 2.899213880300521851e-02 5.338130518794059753e-02 3.814248135313391685e-03 4.096235334873199463e-02 1.011466141790151596e-02 2.953203767538070679e-02 2.396747097373008728e-02 3.977432474493980408e-02 1.040297443978488445e-03 8.447815477848052979e-02 7.738026231527328491e-02 4.859616607427597046e-02 4.530118778347969055e-02 1.260262876749038696e-01 3.089049272239208221e-02 3.451543673872947693e-02 3.169450163841247559e-02 1.235785633325576782e-01 3.873656690120697021e-02 1.698482036590576172e-01 1.527629513293504715e-02 2.879355847835540771e-02 2.782845124602317810e-02 8.405330032110214233e-02 3.373225778341293335e-02 1.571083441376686096e-02 5.582958925515413284e-03 3.802917897701263428e-02 2.447236515581607819e-02 2.023414708673954010e-02 2.855688519775867462e-02 2.413882687687873840e-02 4.325659014284610748e-03 3.230700502172112465e-03 2.969384938478469849e-02 1.236594188958406448e-02 6.447578221559524536e-02 7.699966430664062500e-03 3.769617527723312378e-02 2.753559965640306473e-03 3.053170628845691681e-02 1.588327623903751373e-02 4.938849061727523804e-02 2.988202683627605438e-02 3.124876646324992180e-03 1.568686403334140778e-02 1.162867061793804169e-02 3.183229640126228333e-02 3.852177411317825317e-02 3.615799546241760254e-02 3.751656413078308105e-02 4.095255210995674133e-02 1.906737871468067169e-02 3.669405356049537659e-02 5.126732867211103439e-03 3.626136109232902527e-02
5.169843509793281555e-02 2.928620018064975739e-02 2.251762710511684418e-02 3.258502110838890076e-02 2.410142682492733002e-02 7.929939776659011841e-03 1.185280922800302505e-02 1.864119805395603180e-02 2.960839122533798218e-02 3.556452691555023193e-02 5.364753603935241699e-01 4.956803843379020691e-02 6.701661646366119385e-02 4.508035257458686829e-02 6.500039994716644287e-02 7.139019202440977097e-03 1.711172051727771759e-02 2.270564250648021698e-02 1.666211895644664764e-02 2.437246404588222504e-02 2.209659293293952942e-02 2.605777978897094727e-02 4.474470764398574829e-02 3.962300345301628113e-02 3.039252385497093201e-02 8.252449333667755127e-03 3.263657540082931519e-02 3.904330730438232422e-02 8.002768456935882568e-02 4.814508557319641113e-02 9.699511341750621796e-03 2.591107040643692017e-02 3.859978169202804565e-02 2.285585924983024597e-02 5.096324905753135681e-02 2.070187404751777649e-02 2.816586382687091827e-02 9.324317798018455505e-03 9.092070162296295166e-03 6.696263793855905533e-03 1.122987084090709686e-02 2.511424571275711060e-02 3.590780124068260193e-02 7.865393534302711487e-03 2.809390984475612640e-02 1.619276590645313263e-02 2.133350633084774017e-02 2.673624549061059952e-03 9.320229291915893555e-03 9.012616239488124847e-03 1.517969369888305664e-02 4.590892422129400074e-05 1.024258974939584732e-02 1.342853938695043325e-04 3.142542846035212278e-05 3.618543595075607300e-02 9.447194635868072510e-03 2.258259616792201996e-02 2.356217429041862488e-02 1.980183646082878113e-02 1.150535047054290771e-02 5.081658065319061279e-02 1.167989801615476608e-02 4.865494370460510254e-02 3.967994078993797302e-02 1.619224622845649719e-02 1.129326876252889633e-02 3.712690249085426331e-02 4.404539614915847778e-02 1.866606646217405796e-03 3.842411190271377563e-02 2.130828425288200378e-02 1.158019807189702988e-02 3.613908588886260986e-02 2.680098451673984528e-02 2.967788837850093842e-02 3.398621082305908203e-02 3.030882216989994049e-02 4.643082991242408752e-02 4.606090486049652100e-03 7.329337298870086670e-03 1.218205317854881287e-02 2.381150983273983002e-02 6.651164498180150986e-03 3.075191751122474670e-03 1.278862543404102325e-02 4.023588821291923523e-02 4.438480362296104431e-03 6.769774947315454483e-03 8.956446312367916107e-03 6.913752853870391846e-02 1.313195470720529556e-02 2.000113250687718391e-03 1.012262701988220215e-02 6.229892838746309280e-03 2.685465104877948761e-02 1.602298347279429436e-03 1.515123154968023300e-02 4.111145436763763428e-02 2.399738505482673645e-02 2.244040835648775101e-03 1.562992110848426819e-02 1.032334566116333008e-02 2.190458215773105621e-02 1.969997212290763855e-02 7.414313964545726776e-03 1.146021019667387009e-02 1.623313687741756439e-02 1.537644211202859879e-02 3.168421238660812378e-02 3.578195581212639809e-03 4.330065567046403885e-03 5.593847855925559998e-02 2.408945932984352112e-02 8.953096345067024231e-03 1.126074511557817459e-02
9.818552061915397644e-03 8.944856934249401093e-03 2.871798723936080933e-02 4.470350593328475952e-02 7.601519580930471420e-03 8.566375821828842163e-02 5.995711684226989746e-02 8.895939216017723083e-03 3.933972492814064026e-02 3.906943276524543762e-02 4.956803843379020691e-02 5.384269952774047852e-01 4.901232197880744934e-02 1.579689234495162964e-01 3.155653178691864014e-02 1.050668768584728241e-02 4.268459230661392212e-02 6.132475100457668304e-03 2.963981032371520996e-02 1.798030175268650055e-02 9.296584874391555786e-03 1.076936628669500351e-02 3.844352066516876221e-02 4.441719874739646912e-02 1.442506723105907440e-02 1.906151697039604187e-02 2.881825715303421021e-02 7.993995398283004761e-02 1.620713621377944946e-02 8.444723486900329590e-02 1.959363743662834167e-02 1.771518588066101074e-02 4.416732117533683777e-02 1.186865009367465973e-02 1.757202297449111938e-02 2.245027571916580200e-02 6.253848550841212273e-05 3.690395504236221313e-02 1.852435991168022156e-02 1.694858260452747345e-02 1.191170141100883484e-02 4.509891942143440247e-02 2.956676669418811798e-02 6.327586248517036438e-03 5.527184158563613892e-02 1.526257116347551346e-02 4.231952130794525146e-02 3.873110935091972351e-02 1.401127409189939499e-02 5.231079459190368652e-02 8.548381738364696503e-03 1.178951933979988098e-02 2.267708629369735718e-02 2.063275314867496490e-02 4.671079292893409729e-02 1.493010390549898148e-02 3.447810560464859009e-02 8.313038269989192486e-04 1.070572063326835632e-02 3.721106052398681641e-02 2.385793998837471008e-02 1.240134425461292267e-02 4.794327169656753540e-02 9.781004860997200012e-03 4.170869663357734680e-02 4.270793497562408447e-02 2.802580967545509338e-02 1.775894127786159515e-02 5.353092402219772339e-02 5.610728263854980469e-02 7.294684648513793945e-02 3.279072418808937073e-02 2.507518790662288666e-02 3.437805175781250000e-02 2.284655906260013580e-02 1.186087448149919510e-02 5.810178071260452271e-02 6.556534767150878906e-02 4.588680341839790344e-02 2.573074772953987122e-02 1.105762179940938950e-02 7.809514645487070084e-03 3.504562005400657654e-02 2.521938830614089966e-02 2.713036350905895233e-02 4.735397547483444214e-02 1.180575508624315262e-02 3.223690390586853027e-02 8.613840490579605103e-02 1.006112322211265564e-01 3.828999027609825134e-02 9.795889258384704590e-03 4.607032611966133118e-02 1.543582417070865631e-02 3.884869441390037537e-02 1.536070369184017181e-02 2.578909881412982941e-02 2.661090157926082611e-02 2.836722880601882935e-03 7.713256403803825378e-03 3.414417430758476257e-02 2.141714841127395630e-02 1.970549672842025757e-02 7.696548942476511002e-03 1.202944759279489517e-02 2.022193372249603271e-02 2.383220754563808441e-02 4.385701566934585571e-02 3.999779745936393738e-02 3.744820505380630493e-02 3.808909282088279724e-02 4.064534232020378113e-02 2.476122975349426270e-02 3.285582363605499268e-02 3.430356085300445557e-02 2.372762188315391541e-02
6.444281339645385742e-02 7.552037388086318970e-02 2.760747261345386505e-02 4.646431282162666321e-02 4.022755473852157593e-02 4.733174666762351990e-02 4.778907075524330139e-02 2.393134171143174171e-03 1.427505444735288620e-02 4.485649988055229187e-02 6.701661646366119385e-02 4.901232197880744934e-02 5.450501441955566406e-01 3.554533794522285461e-02 3.088624030351638794e-02 3.590084146708250046e-03 1.272554323077201843e-02 3.182093054056167603e-02 4.023418948054313660e-02 2.433262951672077179e-02 1.863005384802818298e-02 2.859567850828170776e-02 1.896073855459690094e-02 6.375328637659549713e-03 2.111244201660156250e-02 1.429205853492021561e-02 3.070064634084701538e-02 2.684409357607364655e-02 3.169837966561317444e-02 1.356432773172855377e-02 2.768855169415473938e-02 3.446406044531613588e-04 1.498607825487852097e-02 1.128081791102886200e-02 1.831458508968353271e-02 9.549359790980815887e-03 2.195672318339347839e-02 2.089451625943183899e-02 1.523384358733892441e-02 8.254061453044414520e-03 3.111338475719094276e-03 4.873490333557128906e-02 1.630559563636779785e-02 2.593296766281127930e-02 4.685071483254432678e-02 3.175425156950950623e-02 3.516178950667381287e-02 4.686943441629409790e-02 2.644410589709877968e-03 1.309748971834778786e-03 2.583214081823825836e-02 1.683693937957286835e-02 6.925971712917089462e-03 1.224741712212562561e-02 5.185439367778599262e-04 6.105810869485139847e-03 1.989334076642990112e-02 1.284178066998720169e-02 1.668844744563102722e-02 4.494961351156234741e-03 2.072038874030113220e-02 3.131746500730514526e-02 4.763134196400642395e-02 3.783912584185600281e-02 1.455514039844274521e-02 1.664670184254646301e-02 1.560723222792148590e-02 3.171109780669212341e-02 3.241032361984252930e-02 1.681279391050338745e-02 4.476909339427947998e-02 2.920030802488327026e-02 4.203419201076030731e-03 2.669704519212245941e-02 1.460388395935297012e-02 1.234162598848342896e-02 3.441360220313072205e-02 2.860652655363082886e-02 3.371115401387214661e-02 2.800817973911762238e-02 1.252770540304481983e-03 1.331079984083771706e-03 3.721196949481964111e-02 1.809789612889289856e-02 1.610211282968521118e-02 1.817310228943824768e-02 1.982961967587471008e-02 1.330481655895709991e-02 3.590809181332588196e-02 2.824599854648113251e-02 6.089308112859725952e-02 1.486531365662813187e-02 5.469356477260589600e-02 8.402147213928401470e-04 2.082454040646553040e-02 1.530621852725744247e-02 6.925994995981454849e-03 1.634000055491924286e-02 2.918897010385990143e-02 2.135927043855190277e-02 1.968017220497131348e-02 1.932189799845218658e-03 2.116285450756549835e-02 1.104028336703777313e-02 6.771789398044347763e-03 3.981657326221466064e-03 3.533745557069778442e-02 2.771701104938983917e-02 2.100941725075244904e-03 2.583652548491954803e-02 6.518503651022911072e-03 1.376803033053874969e-02 8.312974125146865845e-03 4.040165731566958129e-05 4.459380637854337692e-03 4.757343232631683350e-02
