4.624491631984710693e-01 1.333904266357421875e-01 1.239508669823408127e-02 1.059289369732141495e-02 2.919178828597068787e-02 1.426981389522552490e-01 9.626494348049163818e-02 2.450541220605373383e-02 3.562042489647865295e-02 3.278875723481178284e-02 1.757849156856536865e-01 2.558407746255397797e-02 1.122637242078781128e-01 2.584077231585979462e-02 1.191990543156862259e-02 2.548984251916408539e-02 1.674052886664867401e-02 2.723251283168792725e-02 3.386753052473068237e-02 5.031247437000274658e-02 4.500424023717641830e-03 3.530796617269515991e-02 3.396427631378173828e-02 8.608289994299411774e-03 3.204691410064697266e-02 2.055888064205646515e-03 3.715431690216064453e-02 4.121171683073043823e-02 2.545593306422233582e-04 4.678409546613693237e-02 4.630015417933464050e-02 1.700053177773952484e-02 5.430033057928085327e-02 3.196241101250052452e-03 3.270888328552246094e-02 3.650990501046180725e-02 4.809223115444183350e-03 2.388052269816398621e-02 9.867503307759761810e-03 3.231128910556435585e-03 2.080649603158235550e-03 3.933971282094717026e-03 3.145943954586982727e-02 6.265594810247421265e-02 8.497816510498523712e-03 5.560348927974700928e-02 8.414921164512634277e-02 1.272355392575263977e-02 1.814708299934864044e-02 2.307543065398931503e-03 1.046251691877841949e-02 3.864209726452827454e-02 5.468424409627914429e-02 2.003797271754592657e-04 1.076394412666559219e-02 3.947516158223152161e-02 2.091069705784320831e-02 2.563014812767505646e-02 4.825041815638542175e-02 3.081373870372772217e-03 4.929967597126960754e-02 4.098020121455192566e-02 4.007060080766677856e-02 2.103462070226669312e-02 3.465698286890983582e-02 7.480935193598270416e-03 1.315871812403202057e-02 3.320767730474472046e-02 4.285548254847526550e-02 3.216040134429931641e-02 1.657022396102547646e-03 4.113628715276718140e-02 2.871974930167198181e-02 4.903472214937210083e-02 3.083929233253002167e-02 4.761091992259025574e-02 2.892314456403255463e-02 3.682532161474227905e-02 2.035140618681907654e-02 9.043854661285877228e-03 3.846883401274681091e-02 4.282763227820396423e-03 1.393895130604505539e-02 3.674069792032241821e-02 2.818485908210277557e-02 1.206811331212520599e-02 1.751405932009220123e-02 2.291762037202715874e-03 3.389146178960800171e-02 1.475678570568561554e-02 4.838480427861213684e-02 4.253457859158515930e-02 4.763782396912574768e-02 2.899714000523090363e-02 2.944684401154518127e-02 4.127088934183120728e-02 3.368786722421646118e-02 3.672630712389945984e-02 1.000265032052993774e-02 4.367371276021003723e-02 2.156715840101242065e-03 8.192237466573715210e-03 4.119591042399406433e-02 4.899953305721282959e-02 1.043318025767803192e-02 3.320501372218132019e-02 3.528130473569035530e-03 4.357288405299186707e-02 3.743272274732589722e-02 8.453392423689365387e-03 1.376546919345855713e-02 2.392843924462795258e-02 3.728883340954780579e-02 2.098006382584571838e-02 3.737176209688186646e-02 1.761097693815827370e-03
1.333904266357421875e-01 4.683115482330322266e-01 6.926681846380233765e-03 3.527854010462760925e-02 3.925910592079162598e-02 1.029326319694519043e-01 1.082477197051048279e-01 2.261407300829887390e-02 9.008755441755056381e-04 5.155638977885246277e-02 1.125678941607475281e-01 1.131293922662734985e-02 1.306302845478057861e-01 1.610096544027328491e-02 3.209094330668449402e-02 3.415010869503021240e-02 1.910286210477352142e-02 9.419882670044898987e-03 4.559326916933059692e-02 6.714070332236588001e-04 1.195036806166172028e-02 5.096287000924348831e-03 4.139809682965278625e-02 6.540177855640649796e-03 1.809906028211116791e-02 3.569456934928894043e-02 2.826024405658245087e-02 2.811740152537822723e-02 6.323982030153274536e-02 3.736567869782447815e-02 2.886991761624813080e-02 4.082412645220756531e-02 5.797856301069259644e-02 2.855666354298591614e-02 5.621906369924545288e-02 2.592148445546627045e-02 2.828403189778327942e-02 1.147821731865406036e-02 1.658717053942382336e-03 1.563100027851760387e-03 1.182506047189235687e-02 3.005974926054477692e-03 3.932409733533859253e-02 8.343917317688465118e-03 2.944179810583591461e-02 4.099046438932418823e-02 9.035105258226394653e-02 7.520231604576110840e-02 3.043151227757334709e-03 8.216926828026771545e-03 5.842605140060186386e-03 5.732424557209014893e-02 1.093296241015195847e-02 1.703574880957603455e-02 2.737895771861076355e-02 5.215389281511306763e-02 2.970869094133377075e-02 1.741574704647064209e-02 5.492733418941497803e-02 1.208628900349140167e-02 1.076832268154248595e-04 4.304961487650871277e-02 2.867236174643039703e-02 1.412159483879804611e-02 3.931179270148277283e-02 4.609005153179168701e-02 5.153713282197713852e-03 1.580842398107051849e-02 2.916983887553215027e-02 2.419369295239448547e-02 2.783655363600701094e-04 3.967700153589248657e-02 2.865118347108364105e-02 3.334839362651109695e-03 4.637067019939422607e-02 3.406472876667976379e-02 8.172670379281044006e-03 5.446289107203483582e-02 2.937164902687072754e-02 3.483610227704048157e-02 1.645811647176742554e-02 1.136587467044591904e-02 2.007831446826457977e-02 2.833177149295806885e-02 5.272793397307395935e-02 1.751293195411562920e-03 4.808588325977325439e-02 1.702133752405643463e-02 2.247560396790504456e-02 3.725999966263771057e-02 1.975967362523078918e-02 2.820223011076450348e-02 3.715084865689277649e-02 3.373681381344795227e-02 3.013654798269271851e-02 1.114990375936031342e-02 7.408348843455314636e-03 3.673136234283447266e-02 2.115020342171192169e-02 1.362227834761142731e-02 4.811321943998336792e-02 2.684320136904716492e-02 6.315339356660842896e-03 2.186303399503231049e-02 3.719787299633026123e-02 2.066347375512123108e-02 1.348146982491016388e-02 1.640806719660758972e-02 4.827146418392658234e-03 3.196913981810212135e-03 5.265742912888526917e-02 3.114462271332740784e-02 3.262633085250854492e-02 8.883333066478371620e-04 2.169644646346569061e-02 3.097016923129558563e-02
1.239508669823408127e-02 6.926681846380233765e-03 4.260695278644561768e-01 7.647700607776641846e-03 8.036563172936439514e-03 1.060318946838378906e-02 2.377150347456336021e-03 8.142762631177902222e-02 9.374181739985942841e-03 1.038691867142915726e-02 3.176937811076641083e-03 3.023551963269710541e-02 3.067163936793804169e-02 3.541642799973487854e-02 1.894188858568668365e-02 2.288966206833720207e-03 1.016633864492177963e-02 3.490258753299713135e-02 5.079366266727447510e-03 5.827092751860618591e-02 2.562629617750644684e-02 1.770361885428428650e-02 2.149938372895121574e-03 1.113208243623375893e-03 1.967645436525344849e-02 3.005479834973812103e-02 1.335790008306503296e-02 2.234526164829730988e-02 1.030655694194138050e-03 1.650378294289112091e-02 4.827714525163173676e-03 1.726750656962394714e-02 4.777535423636436462e-02 4.029451310634613037e-02 3.604807332158088684e-02 2.934392914175987244e-02 1.959477551281452179e-02 7.791727781295776367e-02 3.500815853476524353e-02 3.706433996558189392e-02 4.580923914909362793e-02 7.494537625461816788e-03 6.711852550506591797e-02 2.495766803622245789e-02 4.538816958665847778e-02 4.540319740772247314e-02 1.067658187821507454e-03 3.063833341002464294e-02 4.612770862877368927e-03 1.593286357820034027e-02 3.664354979991912842e-02 2.385054947808384895e-03 2.116711251437664032e-02 1.940208114683628082e-02 3.314603865146636963e-02 2.910402044653892517e-02 1.594905741512775421e-02 5.431392043828964233e-02 6.388401612639427185e-03 2.587318187579512596e-03 5.223500542342662811e-03 4.453539103269577026e-02 2.809117920696735382e-02 1.256435876712203026e-03 3.391175996512174606e-03 1.532353274524211884e-02 2.999882586300373077e-02 4.577532038092613220e-02 1.192659605294466019e-02 1.483941357582807541e-02 8.739756420254707336e-03 7.524763792753219604e-02 3.623026981949806213e-02 3.054855577647686005e-02 1.353418920189142227e-02 5.220863968133926392e-02 3.968271240592002869e-02 3.655052557587623596e-02 2.357069589197635651e-02 4.484934359788894653e-02 1.225121021270751953e-01 1.999064683914184570e-01 2.766339667141437531e-02 5.919024348258972168e-02 3.723126649856567383e-02 3.406668454408645630e-02 4.557158052921295166e-02 1.064568478614091873e-02 1.761888526380062103e-02 2.910305000841617584e-02 2.861784771084785461e-02 2.990798838436603546e-02 1.634199358522891998e-02 2.081626839935779572e-02 1.021304130554199219e-01 3.749633580446243286e-02 4.733246937394142151e-02 3.883082792162895203e-02 4.455608502030372620e-02 1.004424504935741425e-02 1.053641829639673233e-02 2.911113388836383820e-02 3.443207219243049622e-02 2.658220380544662476e-02 2.098485641181468964e-02 3.612504526972770691e-02 3.054147027432918549e-02 3.361168876290321350e-02 2.516043558716773987e-02 2.665050700306892395e-02 3.273125737905502319e-02 5.170603981241583824e-04 2.569674700498580933e-02 7.577253971248865128e-03 1.120234373956918716e-02 3.541528806090354919e-02
1.059289369732141495e-02 3.527854010462760925e-02 7.647700607776641846e-03 4.601825475692749023e-01 1.443797498941421509e-01 1.231842208653688431e-02 2.009175531566143036e-02 6.358474493026733398e-02 4.443649202585220337e-02 2.987920306622982025e-02 4.554200172424316406e-02 2.358599007129669189e-02 4.177707433700561523e-02 3.893035277724266052e-02 3.356309607625007629e-02 2.483894675970077515e-02 5.369014292955398560e-02 2.874547056853771210e-02 8.782387524843215942e-02 8.350608986802399158e-04 1.228321250528097153e-02 4.218661412596702576e-02 2.845060452818870544e-02 4.086971282958984375e-02 1.424191799014806747e-02 3.918045386672019958e-02 2.063221111893653870e-02 5.040952935814857483e-02 3.014039248228073120e-02 1.610679924488067627e-02 1.632954552769660950e-02 2.773440815508365631e-02 3.629742935299873352e-02 1.223824173212051392e-02 5.085273459553718567e-02 3.725543990731239319e-02 3.518452867865562439e-02 3.388181701302528381e-02 6.798411905765533447e-02 3.524265810847282410e-02 2.061351574957370758e-02 3.892938047647476196e-02 5.423007905483245850e-02 1.594235002994537354e-02 4.083021357655525208e-02 2.088559605181217194e-02 3.075482882559299469e-02 5.106054246425628662e-02 1.671268790960311890e-02 4.884749278426170349e-02 4.240295290946960449e-02 5.044671148061752319e-02 3.576937690377235413e-02 3.017802722752094269e-02 1.822122558951377869e-02 5.156229715794324875e-03 1.257347315549850464e-02 6.852715276181697845e-03 5.167374387383460999e-03 4.704700037837028503e-02 6.076576560735702515e-02 5.578676611185073853e-02 7.774111349135637283e-03 2.446607314050197601e-02 1.122589875012636185e-02 1.734901336021721363e-03 1.474895887076854706e-02 7.947000116109848022e-02 1.968070492148399353e-02 3.944731876254081726e-02 4.874930530786514282e-02 2.039561979472637177e-02 1.089258342981338501e-01 3.774058818817138672e-02 7.871530205011367798e-02 3.113940730690956116e-02 5.645800381898880005e-02 4.294538125395774841e-02 3.708621487021446228e-02 3.282488137483596802e-02 1.080227456986904144e-02 4.186048731207847595e-02 5.393061786890029907e-02 8.281009644269943237e-02 2.289694733917713165e-02 1.865235972218215466e-03 1.040812116116285324e-02 6.886749062687158585e-03 2.386163547635078430e-02 7.626240840181708336e-04 2.342412620782852173e-02 5.057427659630775452e-02 1.214770693331956863e-02 2.285006269812583923e-02 2.226207964122295380e-02 8.125060237944126129e-03 3.252776712179183960e-02 1.251750625669956207e-02 1.171581540256738663e-02 1.761648058891296387e-02 1.035542599856853485e-02 4.767656791955232620e-03 2.398314420133829117e-03 6.404788699001073837e-03 5.336651951074600220e-02 4.112951830029487610e-02 1.079545821994543076e-02 1.313709001988172531e-02 2.907246351242065430e-02 1.683082990348339081e-02 2.933201380074024200e-02 2.172424644231796265e-02 1.380108180455863476e-03 4.627738147974014282e-02 1.247120276093482971e-02 2.486173994839191437e-02
2.919178828597068787e-02 3.925910592079162598e-02 8.036563172936439514e-03 1.443797498941421509e-01 4.722596704959869385e-01 9.209580719470977783e-03 1.253748126327991486e-02 3.936718031764030457e-02 8.398670703172683716e-03 3.922360390424728394e-02 3.982637450098991394e-02 8.236381108872592449e-04 4.834088310599327087e-02 1.220291573554277420e-02 6.576301995664834976e-03 3.367592766880989075e-02 1.506857573986053467e-02 4.530809074640274048e-02 8.845679461956024170e-02 2.547647617757320404e-02 1.186175388284027576e-03 3.606919944286346436e-02 4.623020067811012268e-02 3.514306992292404175e-02 2.552715130150318146e-02 3.667831793427467346e-02 8.259059861302375793e-03 5.069543421268463135e-02 2.593257278203964233e-02 1.677755825221538544e-02 3.198606148362159729e-02 3.926130943000316620e-03 2.599368058145046234e-02 4.553459584712982178e-02 5.409961566329002380e-02 1.785545982420444489e-02 4.053657129406929016e-02 2.040704712271690369e-02 6.430324167013168335e-02 6.519705057144165039e-02 4.355825856328010559e-02 4.533058032393455505e-02 3.263102844357490540e-02 3.801354393362998962e-02 3.699008375406265259e-02 4.709382727742195129e-02 4.753934592008590698e-02 2.932422328740358353e-03 4.899318329989910126e-03 1.884350180625915527e-02 2.455556765198707581e-02 3.533670678734779358e-02 5.507745966315269470e-02 3.888543695211410522e-02 1.701399800367653370e-03 5.752600729465484619e-03 4.703475907444953918e-02 4.789190366864204407e-02 1.272674370557069778e-02 3.457180410623550415e-02 5.997132882475852966e-02 6.745207309722900391e-02 2.605205215513706207e-02 1.125353388488292694e-02 2.445931546390056610e-02 2.964929863810539246e-02 3.104487434029579163e-02 5.816100165247917175e-02 1.827823743224143982e-02 2.927362918853759766e-02 3.736516088247299194e-02 1.414120104163885117e-02 5.967660993337631226e-02 2.418592339381575584e-03 8.791925013065338135e-02 2.453914657235145569e-02 2.293010242283344269e-02 5.000976473093032837e-02 2.467508055269718170e-02 3.570229932665824890e-02 6.694901734590530396e-03 3.832402080297470093e-02 7.875651866197586060e-02 9.623171389102935791e-02 4.486867040395736694e-02 2.690812945365905762e-02 3.272905573248863220e-02 5.445160204544663429e-04 3.814938291907310486e-02 3.556608036160469055e-02 1.164008956402540207e-02 2.913606539368629456e-02 4.913152381777763367e-02 7.105673197656869888e-03 2.240681275725364685e-02 3.266875818371772766e-02 1.024073269218206406e-02 3.173636272549629211e-03 4.520342126488685608e-02 7.065674290060997009e-03 1.498479675501585007e-02 1.366370357573032379e-02 1.396777108311653137e-02 1.233075838536024094e-02 3.973013535141944885e-02 3.680899739265441895e-02 1.898059062659740448e-02 1.867597550153732300e-02 3.435824438929557800e-02 7.935157977044582367e-03 3.773178905248641968e-02 2.372529561398550868e-04 1.561246230266988277e-03 2.223583683371543884e-02 3.035557223483920097e-03 3.920593857765197754e-02
1.426981389522552490e-01 1.029326319694519043e-01 1.060318946838378906e-02 1.231842208653688431e-02 9.209580719470977783e-03 4.595598280429840088e-01 1.758399009704589844e-01 3.605425730347633362e-02 1.669017411768436432e-02 2.685417234897613525e-02 1.002548411488533020e-01 4.608780518174171448e-02 1.262235045433044434e-01 5.483203381299972534e-02 4.112694412469863892e-02 4.077718779444694519e-02 1.149057690054178238e-02 8.397877216339111328e-03 3.972800332121551037e-04 1.614057645201683044e-02 2.488876879215240479e-02 2.280487865209579468e-02 2.825280465185642242e-02 2.980343811213970184e-02 1.111154211685061455e-03 2.543109655380249023e-02 9.014965966343879700e-03 2.316421456634998322e-02 3.182498365640640259e-02 1.445418410003185272e-02 5.065915733575820923e-02 7.357527036219835281e-03 2.263917215168476105e-02 3.743325173854827881e-02 9.501007385551929474e-03 1.884990837424993515e-03 2.720985002815723419e-02 1.740407198667526245e-03 5.010838806629180908e-02 4.758375138044357300e-02 4.597139079123735428e-03 1.003426685929298401e-02 1.189744565635919571e-02 1.118015684187412262e-02 2.418018691241741180e-02 2.613636478781700134e-02 1.531710773706436157e-01 4.253371059894561768e-02 1.458630524575710297e-02 1.337489672005176544e-02 1.972828293219208717e-03 5.719253094866871834e-04 4.131507873535156250e-02 1.965624280273914337e-02 9.275259450078010559e-03 2.947971224784851074e-02 1.032543461769819260e-02 3.961954265832901001e-02 3.221255959942936897e-03 3.975652158260345459e-02 5.905113182961940765e-03 2.494707703590393066e-03 1.889204792678356171e-02 1.541255321353673935e-02 2.836565487086772919e-03 1.347467210143804550e-02 3.134253621101379395e-02 3.991277143359184265e-02 2.315625175833702087e-02 2.477769181132316589e-02 9.112032130360603333e-03 6.408419576473534107e-04 1.513057388365268707e-02 3.930908814072608948e-02 3.467166423797607422e-02 3.997367620468139648e-02 5.129986256361007690e-02 1.609436422586441040e-02 1.248697470873594284e-02 4.218374565243721008e-02 4.211556166410446167e-02 4.520630836486816406e-02 8.126405067741870880e-03 2.025210671126842499e-02 2.499405480921268463e-02 4.507805407047271729e-02 3.313608840107917786e-02 3.792072087526321411e-02 5.126507580280303955e-02 3.973809257149696350e-02 3.461853787302970886e-02 2.934400737285614014e-02 2.073197253048419952e-02 4.879710450768470764e-02 3.121470473706722260e-02 4.659489169716835022e-02 1.238565659150481224e-03 4.258852824568748474e-02 2.442047931253910065e-02 4.124665632843971252e-03 9.947581216692924500e-03 5.215824116021394730e-03 5.654322728514671326e-02 4.683735221624374390e-02 4.558431357145309448e-02 4.057030752301216125e-02 7.299241609871387482e-03 7.046590000391006470e-02 1.460683904588222504e-02 4.582849889993667603e-02 1.607766747474670410e-02 2.267896942794322968e-02 2.575739286839962006e-02 1.242425572127103806e-02 2.565515926107764244e-03 4.689969122409820557e-02
9.626494348049163818e-02 1.082477197051048279e-01 2.377150347456336021e-03 2.009175531566143036e-02 1.253748126327991486e-02 1.758399009704589844e-01 4.600534141063690186e-01 5.014786496758460999e-02 3.596175834536552429e-02 4.008396714925765991e-02 4.148833826184272766e-02 1.788314990699291229e-02 9.499259293079376221e-02 4.467405751347541809e-02 4.074346274137496948e-02 3.086237981915473938e-02 1.578115671873092651e-02 5.968393385410308838e-02 2.411373518407344818e-02 7.573434617370367050e-03 2.835102751851081848e-02 4.019773751497268677e-02 5.681541515514254570e-04 1.127574592828750610e-02 1.135085057467222214e-02 9.316595271229743958e-03 4.112761840224266052e-02 9.075471200048923492e-03 2.860420383512973785e-02 6.714005954563617706e-03 4.076890274882316589e-02 2.361092902719974518e-02 2.038125135004520416e-02 1.247228868305683136e-02 3.346424922347068787e-02 1.096829585731029510e-02 2.993576042354106903e-02 2.801904827356338501e-02 3.385714814066886902e-02 7.142485585063695908e-03 2.056436985731124878e-02 5.111916456371545792e-03 5.540292244404554367e-03 2.576349489390850067e-02 1.597143337130546570e-02 3.270516917109489441e-02 1.211178079247474670e-01 1.072173640131950378e-01 1.642492599785327911e-02 1.244592107832431793e-02 3.137100487947463989e-02 1.286323182284832001e-03 3.672992065548896790e-02 3.984243795275688171e-02 5.299898982048034668e-02 4.277655854821205139e-03 4.278241097927093506e-02 1.886195503175258636e-02 1.038956549018621445e-02 5.343717709183692932e-02 4.419581964612007141e-02 4.789666086435317993e-02 4.133607819676399231e-02 4.954952280968427658e-03 1.981298066675662994e-02 3.137849271297454834e-02 2.446112222969532013e-02 3.441561385989189148e-02 2.521608956158161163e-02 6.308550480753183365e-03 3.717851638793945312e-02 2.530354307964444160e-03 3.830132260918617249e-02 1.189311593770980835e-02 3.937015309929847717e-02 1.415512152016162872e-02 1.795959100127220154e-02 3.963686898350715637e-02 4.728589206933975220e-02 4.638000205159187317e-02 3.456858918070793152e-02 4.733367636799812317e-02 7.566187996417284012e-03 3.042626753449440002e-02 1.139749959111213684e-02 4.712371900677680969e-02 3.803684376180171967e-03 4.498489201068878174e-02 3.980508446693420410e-02 2.010032162070274353e-02 3.684864565730094910e-02 5.556501448154449463e-03 3.938435018062591553e-02 1.617299765348434448e-02 2.516578696668148041e-02 3.703407198190689087e-02 4.202333092689514160e-02 1.306427642703056335e-02 1.335060037672519684e-02 1.363581884652376175e-02 2.628186158835887909e-02 1.530584134161472321e-02 1.332096662372350693e-02 3.804267849773168564e-03 5.036612972617149353e-02 3.743018256500363350e-03 1.999494154006242752e-03 4.736259579658508301e-02 1.502580009400844574e-02 4.003451205790042877e-03 1.151027437299489975e-02 3.187773376703262329e-02 3.286061401013284922e-04 1.369618158787488937e-02 8.716884767636656761e-04 2.098067104816436768e-02
2.450541220605373383e-02 2.261407300829887390e-02 8.142762631177902222e-02 6.358474493026733398e-02 3.936718031764030457e-02 3.605425730347633362e-02 5.014786496758460999e-02 4.489859342575073242e-01 4.218863695859909058e-02 1.336325053125619888e-02 1.455559488385915756e-02 2.313203550875186920e-02 2.298264950513839722e-02 3.574613481760025024e-02 1.285905838012695312e-01 4.635773226618766785e-02 4.409974440932273865e-02 8.406372740864753723e-03 1.301680412143468857e-02 2.944498322904109955e-02 2.058174274861812592e-02 4.005735740065574646e-02 4.664678871631622314e-02 2.338562160730361938e-02 1.448512193746864796e-03 4.645641148090362549e-02 2.334962226450443268e-02 2.744615636765956879e-02 2.456378936767578125e-02 8.135541342198848724e-03 3.802024945616722107e-02 4.168362170457839966e-02 1.576301269233226776e-02 3.074176609516143799e-02 1.845183409750461578e-02 2.978739142417907715e-02 1.715188263915479183e-03 9.150873869657516479e-03 6.685707718133926392e-02 2.491650544106960297e-02 1.638628914952278137e-02 3.778674453496932983e-02 5.261521041393280029e-02 4.062454402446746826e-02 4.010173678398132324e-02 1.468066684901714325e-02 5.921214353293180466e-03 1.147451531141996384e-02 5.121915787458419800e-02 2.105981297791004181e-02 3.815721720457077026e-02 3.341409191489219666e-02 5.119555816054344177e-02 3.336771205067634583e-02 4.694990068674087524e-02 2.436846867203712463e-02 1.329184393398463726e-03 3.909752145409584045e-02 6.561152637004852295e-03 1.862009242177009583e-02 2.886411733925342560e-02 2.767786569893360138e-02 2.239564806222915649e-02 2.136941300705075264e-03 6.717317551374435425e-02 4.503560438752174377e-02 4.381360113620758057e-02 1.888949051499366760e-02 2.195644378662109375e-02 4.349365457892417908e-02 4.101983830332756042e-02 3.707809373736381531e-02 1.940095797181129456e-02 3.720625117421150208e-02 8.658882230520248413e-03 9.563525673002004623e-04 5.429933592677116394e-02 4.045158252120018005e-02 3.728622803464531898e-03 3.910492733120918274e-02 1.471092402935028076e-01 3.292480111122131348e-02 2.672459464520215988e-03 2.429622411727905273e-02 1.847507990896701813e-02 2.797581255435943604e-02 9.161806851625442505e-02 6.870708614587783813e-02 2.578624896705150604e-02 1.571547798812389374e-02 4.431572929024696350e-02 4.464899003505706787e-02 1.247612200677394867e-02 6.226069480180740356e-02 2.047527767717838287e-02 2.889285050332546234e-02 6.796925328671932220e-03 1.651613041758537292e-03 2.151319757103919983e-02 2.522296085953712463e-02 2.589801885187625885e-02 1.390113588422536850e-02 4.245748743414878845e-02 3.499733656644821167e-02 4.883594065904617310e-02 1.157577426056377590e-04 2.354894950985908508e-02 3.474639356136322021e-02 2.300754375755786896e-02 1.390848122537136078e-02 1.654013805091381073e-02 4.352709650993347168e-02 3.923188149929046631e-02 3.855869919061660767e-02 3.182124719023704529e-02 6.185329705476760864e-02
3.562042489647865295e-02 9.008755441755056381e-04 9.374181739985942841e-03 4.443649202585220337e-02 8.398670703172683716e-03 1.669017411768436432e-02 3.596175834536552429e-02 4.218863695859909058e-02 4.358622431755065918e-01 1.804265566170215607e-02 3.090342693030834198e-02 1.422770787030458450e-02 3.002787753939628601e-02 1.954991184175014496e-02 6.740052718669176102e-03 1.630644686520099640e-02 4.437897354364395142e-02 2.573104947805404663e-02 5.030866712331771851e-02 2.087099850177764893e-02 1.851546764373779297e-02 2.118772594258189201e-03 2.382585778832435608e-02 3.412794321775436401e-02 1.768093742430210114e-02 3.690887987613677979e-02 2.254046034067869186e-03 1.793479546904563904e-02 4.497129004448652267e-03 1.019748393446207047e-02 1.475448906421661377e-02 2.491212822496891022e-02 8.104272186756134033e-03 3.285523876547813416e-02 1.565369963645935059e-02 9.823020547628402710e-03 4.975908249616622925e-02 1.990565797314047813e-03 2.065477706491947174e-02 3.625304251909255981e-02 2.598816156387329102e-02 4.381990060210227966e-03 3.511054068803787231e-02 1.779782213270664215e-02 6.443934887647628784e-02 6.117479875683784485e-03 1.643520034849643707e-02 1.029618736356496811e-02 5.538662429898977280e-03 8.527068421244621277e-03 2.089860662817955017e-02 5.458078160881996155e-02 1.020737551152706146e-02 5.315131694078445435e-02 7.711016386747360229e-02 3.631788119673728943e-02 4.932112619280815125e-02 4.165688157081604004e-02 5.307313054800033569e-02 1.131208986043930054e-02 3.612425923347473145e-02 1.949939690530300140e-02 3.120166016742587090e-03 2.240140177309513092e-02 2.967721596360206604e-02 1.509757433086633682e-02 1.890302635729312897e-02 4.646604135632514954e-02 4.252844676375389099e-02 5.166149884462356567e-02 5.626774858683347702e-03 3.252974897623062134e-02 3.344528377056121826e-02 3.475682064890861511e-02 2.949161082506179810e-02 3.259815648198127747e-02 4.064820334315299988e-02 1.261183712631464005e-02 7.884377986192703247e-02 4.784200340509414673e-02 3.076957538723945618e-02 1.684075454249978065e-03 4.583964496850967407e-02 6.941879540681838989e-02 2.699198573827743530e-02 1.331576518714427948e-02 5.843490827828645706e-03 1.865371316671371460e-02 1.326346956193447113e-02 1.143474364653229713e-03 2.912021800875663757e-02 5.447263270616531372e-02 5.682423338294029236e-02 3.865600004792213440e-02 9.567724191583693027e-04 5.590171087533235550e-03 2.388415858149528503e-02 5.371069163084030151e-02 8.463184535503387451e-02 7.029400672763586044e-03 1.215543970465660095e-02 7.853145711123943329e-03 8.199987933039665222e-03 4.319049790501594543e-02 1.062638219445943832e-02 1.845201291143894196e-02 3.839096054434776306e-02 3.376783803105354309e-02 2.837808057665824890e-02 1.395997777581214905e-02 2.296911180019378662e-02 3.356644138693809509e-02 3.387092053890228271e-02 4.062599316239356995e-02 3.422760963439941406e-02 7.233788818120956421e-02
3.278875723481178284e-02 5.155638977885246277e-02 1.038691867142915726e-02 2.987920306622982025e-02 3.922360390424728394e-02 2.685417234897613525e-02 4.008396714925765991e-02 1.336325053125619888e-02 1.804265566170215607e-02 4.582757055759429932e-01 4.770792089402675629e-03 5.106702446937561035e-02 4.799194261431694031e-02 1.679975725710391998e-02 3.124219179153442383e-02 5.207156762480735779e-02 4.520061612129211426e-02 7.225092034786939621e-03 2.726036310195922852e-02 5.547201260924339294e-02 3.792130574584007263e-02 3.962345421314239502e-02 1.592664979398250580e-02 4.871995747089385986e-02 3.351534157991409302e-02 2.428482845425605774e-02 2.341808192431926727e-02 3.468418493866920471e-02 3.121321275830268860e-02 4.328136797994375229e-03 1.818785257637500763e-02 5.863545928150415421e-03 6.040695123374462128e-03 3.720351960510015488e-04 4.398291185498237610e-02 1.566810160875320435e-02 2.482878975570201874e-03 1.302734483033418655e-02 3.966984897851943970e-02 5.968491360545158386e-02 2.817886648699641228e-03 5.518828704953193665e-02 5.777996405959129333e-02 2.464628033339977264e-02 3.662282228469848633e-02 6.448724120855331421e-02 4.854671284556388855e-02 5.220856517553329468e-02 2.343088760972023010e-02 1.058239713311195374e-01 4.131993278861045837e-02 6.746798008680343628e-02 5.815925076603889465e-02 2.457538433372974396e-02 4.792156163603067398e-03 1.067471131682395935e-02 5.981872230768203735e-02 9.451073594391345978e-03 2.474249154329299927e-02 3.995686396956443787e-02 2.905172482132911682e-02 4.383158311247825623e-02 3.336475044488906860e-02 8.183825761079788208e-02 8.752842433750629425e-03 1.861371099948883057e-02 3.654494509100914001e-02 1.073812041431665421e-02 1.241655927151441574e-02 1.251376792788505554e-02 7.177141308784484863e-02 1.422331016510725021e-02 3.652564808726310730e-02 9.586432017385959625e-03 9.758230298757553101e-03 1.919410750269889832e-02 7.650263141840696335e-03 1.054081320762634277e-01 2.483971416950225830e-02 7.814338803291320801e-02 1.719856262207031250e-02 3.710163384675979614e-02 3.835735842585563660e-02 6.723384722135961056e-04 8.259435184299945831e-03 1.416822336614131927e-02 3.048405982553958893e-03 2.247408777475357056e-02 8.844632655382156372e-03 5.559087730944156647e-03 2.864873595535755157e-02 4.074110835790634155e-02 2.578306570649147034e-02 2.233482524752616882e-02 3.102932684123516083e-02 2.488735131919384003e-02 3.874405520036816597e-03 1.371354702860116959e-02 8.902231231331825256e-03 5.940588563680648804e-02 4.216622188687324524e-02 4.738316312432289124e-02 3.774216864258050919e-03 2.856370760127902031e-03 1.594452559947967529e-02 4.576274752616882324e-02 4.342822358012199402e-02 6.234308704733848572e-02 4.842982161790132523e-03 5.308507382869720459e-02 5.235979333519935608e-02 2.972814999520778656e-02 3.702632710337638855e-02 3.629567846655845642e-02 5.364256910979747772e-03 5.887158215045928955e-02
1.757849156856536865e-01 1.125678941607475281e-01 3.176937811076641083e-03 4.554200172424316406e-02 3.982637450098991394e-02 1.002548411488533020e-01 4.148833826184272766e-02 1.455559488385915756e-02 3.090342693030834198e-02 4.770792089402675629e-03 4.487537443637847900e-01 1.667463406920433044e-02 1.552974879741668701e-01 3.055350482463836670e-02 1.273977104574441910e-02 2.908410876989364624e-02 8.903171867132186890e-03 2.454850124195218086e-03 3.809915482997894287e-02 1.401723246090114117e-03 3.294187039136886597e-02 2.284495905041694641e-02 2.459060400724411011e-02 6.415472831577062607e-03 1.582387462258338928e-02 1.117682456970214844e-02 3.838357282802462578e-03 2.892228215932846069e-02 7.570926845073699951e-02 3.981465473771095276e-02 3.799047844950109720e-04 4.474689438939094543e-02 1.909957081079483032e-02 4.150125756859779358e-02 3.732830286026000977e-02 3.075124882161617279e-02 3.693612664937973022e-02 1.674336753785610199e-02 1.264962367713451385e-02 1.306232763454318047e-03 1.225722022354602814e-02 1.286712475121021271e-02 5.604378879070281982e-02 1.727797649800777435e-02 4.484324529767036438e-02 2.575678378343582153e-02 4.864991083741188049e-02 5.163205042481422424e-02 3.772014006972312927e-02 1.675304770469665527e-02 1.596566289663314819e-02 7.305223494768142700e-03 2.340507321059703827e-02 1.327404659241437912e-02 1.454456988722085953e-02 3.124880790710449219e-02 5.600874498486518860e-02 7.239431142807006836e-03 5.513617396354675293e-02 1.982083916664123535e-02 3.297389019280672073e-03 4.603407531976699829e-02 9.509426541626453400e-03 3.489350667223334312e-03 6.796001642942428589e-02 3.807769343256950378e-02 5.136357992887496948e-02 3.648399934172630310e-02 1.238863263279199600e-02 3.356894850730895996e-02 1.032496243715286255e-02 5.876238923519849777e-03 1.750626973807811737e-02 2.280225418508052826e-02 2.776482701301574707e-02 1.616749726235866547e-02 2.166859805583953857e-03 3.497346537187695503e-03 4.686843976378440857e-02 3.108133375644683838e-02 1.865682657808065414e-03 1.062170951627194881e-03 3.197367861866950989e-02 3.114660084247589111e-02 3.200147300958633423e-02 3.107483126223087311e-02 8.483654819428920746e-03 2.940898761153221130e-02 1.376250758767127991e-02 6.801993120461702347e-03 3.768446668982505798e-02 8.957811631262302399e-03 6.300840061157941818e-03 4.661089275032281876e-03 1.375778391957283020e-02 4.635318741202354431e-02 3.892094269394874573e-02 3.643303364515304565e-02 1.330134086310863495e-02 3.642405569553375244e-02 3.813818097114562988e-02 2.832410670816898346e-02 3.140652179718017578e-02 4.738224670290946960e-02 3.096660971641540527e-02 2.115786634385585785e-02 4.206880554556846619e-02 9.883405640721321106e-03 2.943511679768562317e-02 1.146615250036120415e-03 4.688410460948944092e-02 2.033386752009391785e-02 4.600887373089790344e-02 1.462354604154825211e-02 4.295407608151435852e-02 3.396063670516014099e-02
2.558407746255397797e-02 1.131293922662734985e-02 3.023551963269710541e-02 2.358599007129669189e-02 8.236381108872592449e-04 4.608780518174171448e-02 1.788314990699291229e-02 2.313203550875186920e-02 1.422770787030458450e-02 5.106702446937561035e-02 1.667463406920433044e-02 4.650576114654541016e-01 1.049727946519851685e-02 1.910209208726882935e-01 4.666822031140327454e-03 1.677640154957771301e-02 3.492972999811172485e-02 5.886644870042800903e-02 2.529698051512241364e-02 4.344490915536880493e-02 3.903925418853759766e-02 2.268669009208679199e-02 1.269230842590332031e-01 8.950003236532211304e-02 3.203558921813964844e-02 3.522723540663719177e-02 1.326441392302513123e-02 1.542914658784866333e-01 4.717487841844558716e-03 1.296263635158538818e-01 9.227744303643703461e-03 3.124453686177730560e-02 6.066282745450735092e-03 4.971574246883392334e-02 4.163128510117530823e-02 6.095465272665023804e-03 9.467643685638904572e-03 8.168748579919338226e-03 4.593026824295520782e-03 4.544156044721603394e-02 3.754103556275367737e-03 4.999553784728050232e-02 4.864256829023361206e-02 2.019563922658562660e-03 4.901964962482452393e-02 2.440159674733877182e-03 1.601742021739482880e-02 8.468890562653541565e-03 5.085743218660354614e-02 9.721043705940246582e-02 3.963662311434745789e-03 2.148313261568546295e-02 4.968012496829032898e-02 3.961170837283134460e-02 3.126473352313041687e-02 8.539573848247528076e-02 1.558168046176433563e-02 4.944811761379241943e-02 3.417895361781120300e-02 7.220048923045396805e-03 6.398891098797321320e-03 2.138384431600570679e-02 4.086802899837493896e-02 2.989605069160461426e-02 4.199314862489700317e-02 4.166635125875473022e-02 4.341799393296241760e-02 3.969435393810272217e-02 2.994852256961166859e-04 2.665423043072223663e-02 1.468345709145069122e-02 2.746034786105155945e-02 3.451283648610115051e-02 1.220541726797819138e-02 4.381613805890083313e-03 2.550712786614894867e-02 4.947109613567590714e-03 2.309100329875946045e-02 3.048154897987842560e-02 1.534655317664146423e-02 4.344137385487556458e-02 4.014880955219268799e-02 4.214873909950256348e-02 4.017947067040950060e-04 1.798513345420360565e-02 3.145276010036468506e-02 2.669480256736278534e-02 3.200804442167282104e-02 1.216859668493270874e-01 3.084402717649936676e-02 3.902018070220947266e-02 2.064150758087635040e-02 1.359299756586551666e-03 3.675806149840354919e-02 4.199935123324394226e-02 1.028560660779476166e-02 2.219588309526443481e-02 4.309912770986557007e-02 4.497857019305229187e-02 1.973997801542282104e-03 4.087829962372779846e-02 1.326422858983278275e-02 1.233961340039968491e-02 1.956273242831230164e-02 9.588644839823246002e-03 1.612637564539909363e-02 7.361488882452249527e-03 3.177214041352272034e-02 1.954743405804038048e-03 1.706380210816860199e-02 4.899678379297256470e-02 4.156593605875968933e-02 2.273565344512462616e-02 1.447267550975084305e-02 2.105551399290561676e-02 2.072911523282527924e-02
1.122637242078781128e-01 1.306302845478057861e-01 3.067163936793804169e-02 4.177707433700561523e-02 4.834088310599327087e-02 1.262235045433044434e-01 9.499259293079376221e-02 2.298264950513839722e-02 3.002787753939628601e-02 4.799194261431694031e-02 1.552974879741668701e-01 1.049727946519851685e-02 4.622128605842590332e-01 2.470419742166996002e-02 1.109181251376867294e-02 4.672337695956230164e-02 1.666922005824744701e-03 7.191650103777647018e-03 3.422941267490386963e-02 4.612259566783905029e-02 9.812063537538051605e-03 1.664413698017597198e-02 3.914200514554977417e-02 3.444552794098854065e-02 3.878124803304672241e-02 6.105900276452302933e-03 8.320101536810398102e-03 2.958440408110618591e-02 5.827519297599792480e-02 3.463651984930038452e-02 3.038975968956947327e-02 3.813575953245162964e-02 2.971133589744567871e-02 2.840771339833736420e-02 1.414303388446569443e-02 3.828733041882514954e-02 4.342076554894447327e-02 1.678040623664855957e-02 4.168366547673940659e-03 3.285706043243408203e-03 2.586361952126026154e-02 6.742809433490037918e-03 3.325409442186355591e-02 3.857494890689849854e-02 2.941243536770343781e-02 2.078717201948165894e-02 7.878630608320236206e-02 7.403397466987371445e-03 4.684408195316791534e-03 4.457555338740348816e-02 2.531215781345963478e-03 2.240771241486072540e-02 5.141322966665029526e-03 2.964402362704277039e-02 2.630304172635078430e-02 1.655849441885948181e-02 6.860802881419658661e-03 2.727393060922622681e-02 3.821281716227531433e-02 2.100468613207340240e-02 9.084550663828849792e-03 4.734618589282035828e-02 4.095992445945739746e-02 2.114044874906539917e-02 4.949601739645004272e-02 7.553926110267639160e-02 3.575656190514564514e-02 1.844963058829307556e-02 8.520622737705707550e-03 5.186834931373596191e-02 1.048610080033540726e-02 1.291391346603631973e-02 2.899671904742717743e-02 3.279985859990119934e-02 3.759640082716941833e-02 1.242772024124860764e-02 2.025688625872135162e-02 3.569147735834121704e-02 2.421304211020469666e-02 1.045813597738742828e-02 1.358310575596988201e-03 2.576898969709873199e-02 3.348050266504287720e-02 1.525823306292295456e-02 9.329014457762241364e-03 1.889462117105722427e-03 2.777025289833545685e-02 1.759508997201919556e-02 1.332891639322042465e-02 8.903502486646175385e-03 5.802445486187934875e-02 4.899444058537483215e-02 2.522858418524265289e-02 3.539951751008629799e-03 5.296213552355766296e-03 8.004932664334774017e-03 9.300429373979568481e-03 4.924426972866058350e-02 1.106732524931430817e-02 4.818242974579334259e-03 2.859674021601676941e-02 2.931253053247928619e-02 2.038621716201305389e-02 4.187113791704177856e-02 3.664370998740196228e-02 4.236454144120216370e-02 1.220368780195713043e-02 8.765501901507377625e-03 2.587804943323135376e-02 1.824190490879118443e-03 2.457897737622261047e-02 2.873207814991474152e-02 2.841356396675109863e-02 5.956886801868677139e-03 1.426221989095211029e-02 3.783037886023521423e-02
