4.867750704288482666e-01 1.663717925548553467e-01 7.683404837734997272e-04 9.986288845539093018e-03 2.838880196213722229e-02 1.301433742046356201e-01 3.917217999696731567e-02 4.096094518899917603e-02 2.157574519515037537e-02 2.636327780783176422e-02 1.311999112367630005e-01 1.271933875977993011e-02 1.177756339311599731e-01 1.371792051941156387e-02 7.670724764466285706e-03 4.765855148434638977e-02 1.042592246085405350e-02 3.316288441419601440e-02 5.953758955001831055e-03 3.242991864681243896e-02 1.929267123341560364e-02 1.402885187417268753e-02 2.759727835655212402e-02 2.330727688968181610e-02 5.410730373114347458e-03 1.007130276411771774e-02 4.286324977874755859e-02 2.809267863631248474e-02 1.558380387723445892e-02 2.591001987457275391e-02 2.040783129632472992e-02 1.846914552152156830e-02 1.286514382809400558e-02 1.591064967215061188e-02 3.111835196614265442e-02 2.898777602240443230e-03 2.709975466132164001e-02 1.478684414178133011e-02 1.787551306188106537e-02 3.318185731768608093e-02 6.371621508151292801e-03 3.092625876888632774e-03 3.727764263749122620e-02 3.789723664522171021e-02 5.724176764488220215e-02 6.869454402476549149e-03 4.345091432332992554e-02 1.537386048585176468e-02 1.533697545528411865e-02 3.264624997973442078e-02 3.882821276783943176e-02 3.169035911560058594e-02 2.238965220749378204e-02 3.394996002316474915e-02 3.447474911808967590e-03 3.002126142382621765e-02 2.443411946296691895e-02 1.586235687136650085e-02 1.301574707031250000e-02 4.669794067740440369e-02 1.369495783001184464e-02 8.379831910133361816e-03 3.086817078292369843e-02 2.422578260302543640e-02 5.430369824171066284e-02 5.407582223415374756e-02 3.418093174695968628e-02 2.496193535625934601e-02 8.760659955441951752e-03 3.410208225250244141e-02 3.659957321360707283e-03 4.915030673146247864e-02 3.852764889597892761e-02 2.023638784885406494e-02 2.755506895482540131e-02 3.301481157541275024e-02 4.216525703668594360e-03 8.943872526288032532e-03 1.274719601497054100e-03 1.845918968319892883e-02 1.847872883081436157e-02 2.883333899080753326e-02 2.773985499516129494e-03 1.536899711936712265e-02 5.265266448259353638e-02 3.587331622838973999e-02 9.991091676056385040e-03 2.539359219372272491e-02 2.265816554427146912e-02 4.666628316044807434e-02 1.109463721513748169e-02 3.035954385995864868e-02 7.208244409412145615e-03 1.841290853917598724e-02 4.145859275013208389e-03 1.127181202173233032e-02 3.399052843451499939e-02 3.552529960870742798e-02 3.655013442039489746e-02 2.929243072867393494e-02 2.745392359793186188e-02 1.590089872479438782e-02 1.441261172294616699e-02 1.767040416598320007e-02 2.884447947144508362e-02 6.222060415893793106e-03 1.075396686792373657e-02 2.650471962988376617e-02 4.140269383788108826e-02 5.134800449013710022e-02 3.873510286211967468e-02 2.842705138027667999e-02 1.732823997735977173e-02 2.940079942345619202e-02 4.225739091634750366e-02 1.745176687836647034e-02
1.663717925548553467e-01 4.748151600360870361e-01 2.383830584585666656e-02 3.542302921414375305e-02 3.730054199695587158e-02 7.990606129169464111e-02 6.395548582077026367e-02 2.728600986301898956e-02 9.996758773922920227e-03 1.281574554741382599e-02 1.098623052239418030e-01 4.022569954395294189e-02 1.643055379390716553e-01 2.187139168381690979e-02 5.963146104477345943e-04 1.810444402508437634e-03 4.454981535673141479e-02 2.340671233832836151e-02 4.151072353124618530e-03 1.479622256010770798e-02 8.062131237238645554e-04 1.988775655627250671e-02 2.154156193137168884e-02 9.567033499479293823e-03 2.253468846902251244e-03 2.238294482231140137e-02 1.557129342108964920e-02 2.303915470838546753e-02 1.213384419679641724e-02 2.254806272685527802e-02 4.344148561358451843e-02 3.049575723707675934e-03 1.150178164243698120e-02 5.015092901885509491e-03 5.290791857987642288e-03 2.962741069495677948e-03 3.203458338975906372e-02 2.014316851273179054e-03 1.423877477645874023e-02 4.377621784806251526e-02 4.613157361745834351e-02 3.898964449763298035e-02 2.783453650772571564e-02 3.317751735448837280e-02 4.243797808885574341e-02 3.421848267316818237e-02 2.065262943506240845e-02 2.168287523090839386e-02 2.646900899708271027e-02 3.017664141952991486e-02 3.317846357822418213e-02 7.957266643643379211e-03 3.073661960661411285e-02 1.166259497404098511e-02 3.095441125333309174e-02 4.876035079360008240e-02 1.378749217838048935e-02 2.767452597618103027e-02 2.323156781494617462e-02 4.355882853269577026e-02 2.075578272342681885e-02 2.905322052538394928e-02 5.077319964766502380e-02 3.480689600110054016e-02 3.653792291879653931e-02 7.463253289461135864e-02 8.010224439203739166e-03 2.284213202074170113e-03 1.029528491199016571e-02 2.557313628494739532e-02 3.729030489921569824e-02 3.762578964233398438e-02 3.943197429180145264e-02 2.659539505839347839e-02 3.556422889232635498e-02 2.090822532773017883e-02 1.283982489258050919e-02 4.327700659632682800e-02 1.158441323786973953e-02 3.629895299673080444e-02 3.817635774612426758e-02 7.456299383193254471e-03 7.293506525456905365e-03 1.907733455300331116e-02 2.361591905355453491e-02 3.542502224445343018e-02 7.555730640888214111e-03 2.123273350298404694e-02 2.762073650956153870e-02 2.360741980373859406e-02 1.627521007321774960e-03 5.010152235627174377e-02 1.243634801357984543e-02 2.801966667175292969e-02 6.486764643341302872e-03 2.746550738811492920e-02 2.939151972532272339e-02 1.279177051037549973e-02 1.747723855078220367e-02 1.688973605632781982e-02 5.762244109064340591e-04 4.541212227195501328e-03 1.213595457375049591e-02 1.019048737362027168e-03 3.119031607639044523e-04 3.904750337824225426e-03 1.597626134753227234e-02 2.829861827194690704e-02 3.982320427894592285e-02 2.582419291138648987e-02 5.168275907635688782e-02 4.188752919435501099e-02 3.703990578651428223e-02 4.200210422277450562e-02 7.970072329044342041e-03 2.286945842206478119e-02
7.683404837734997272e-04 2.383830584585666656e-02 4.539594948291778564e-01 5.961648188531398773e-03 1.725995913147926331e-02 3.566978126764297485e-02 3.150573745369911194e-02 1.348007321357727051e-01 9.394782595336437225e-03 2.562783472239971161e-02 4.058756306767463684e-02 3.347767144441604614e-02 1.495113223791122437e-02 5.491442861966788769e-04 5.609766766428947449e-02 2.579463645815849304e-02 3.068802878260612488e-02 1.635609194636344910e-02 2.189975930377840996e-03 6.700116675347089767e-03 1.050613168627023697e-02 2.549098432064056396e-02 2.165753766894340515e-02 8.874511346220970154e-03 3.206519642844796181e-03 1.888428069651126862e-02 6.162909558042883873e-04 3.759120125323534012e-03 2.000721916556358337e-02 3.538282960653305054e-02 1.988712511956691742e-02 2.313698409125208855e-03 3.522758558392524719e-02 4.274443723261356354e-03 2.813654718920588493e-03 5.764680355787277222e-02 8.261665701866149902e-03 8.095947653055191040e-02 3.403352573513984680e-02 2.923497743904590607e-02 6.692672520875930786e-02 3.279279917478561401e-02 1.005592010915279388e-02 9.022160433232784271e-03 1.233707647770643234e-02 3.772592917084693909e-02 3.753853961825370789e-02 3.017308935523033142e-02 1.280801091343164444e-02 3.829063102602958679e-02 1.775002479553222656e-02 7.811870425939559937e-03 2.077374234795570374e-02 1.971005462110042572e-02 1.030029449611902237e-02 1.101318560540676117e-02 1.955187134444713593e-02 1.699795946478843689e-02 3.779355436563491821e-02 1.844716817140579224e-02 3.537623956799507141e-02 2.639115788042545319e-02 3.981887921690940857e-02 6.842672359198331833e-03 4.016414284706115723e-02 5.284048616886138916e-02 1.517744641751050949e-02 3.107424266636371613e-02 9.549258276820182800e-03 1.282153371721506119e-02 1.813148614019155502e-03 1.372703071683645248e-02 4.914387688040733337e-02 4.835614562034606934e-02 1.553255412727594376e-02 1.512908376753330231e-03 7.783660665154457092e-03 8.776858448982238770e-03 3.938141465187072754e-02 3.512226790189743042e-02 1.353375613689422607e-01 6.117158010601997375e-02 2.034603804349899292e-02 9.624496102333068848e-03 2.522874251008033752e-02 2.654430083930492401e-02 5.263847485184669495e-02 1.407139096409082413e-02 9.298661723732948303e-03 3.200286626815795898e-02 3.347768634557723999e-02 1.600795658305287361e-03 3.027273528277873993e-02 2.871203422546386719e-02 4.083260137122124434e-04 4.879535734653472900e-02 2.590256184339523315e-02 2.617629244923591614e-02 2.045520022511482239e-02 3.179118968546390533e-03 3.152451291680335999e-02 4.458247497677803040e-02 2.655508182942867279e-02 7.111239247024059296e-03 1.234476454555988312e-02 2.164058573544025421e-02 2.330753393471240997e-02 1.937023922801017761e-02 2.173474244773387909e-02 1.298566535115242004e-02 3.028701618313789368e-02 2.554014325141906738e-03 1.963200792670249939e-02 3.514790534973144531e-02 5.125505384057760239e-03 2.373220957815647125e-02
9.986288845539093018e-03 3.542302921414375305e-02 5.961648188531398773e-03 4.428457021713256836e-01 1.411470770835876465e-01 4.387193918228149414e-02 4.393058829009532928e-03 7.851954549551010132e-03 3.509750589728355408e-02 1.150865294039249420e-02 3.168787807226181030e-02 4.149486124515533447e-02 2.728857472538948059e-02 1.283567491918802261e-02 1.234922744333744049e-02 3.144443035125732422e-03 3.818474337458610535e-02 2.460386371240019798e-03 9.902618825435638428e-03 3.419283777475357056e-02 2.063240297138690948e-02 3.515434265136718750e-02 6.109278183430433273e-04 1.207289518788456917e-03 5.433712620288133621e-03 2.904408145695924759e-03 1.555371098220348358e-02 3.417184576392173767e-02 3.988214209675788879e-02 2.826191112399101257e-02 3.173803165555000305e-02 6.828897166997194290e-04 2.891344390809535980e-02 4.593925923109054565e-02 1.751872897148132324e-02 1.155332848429679871e-02 3.926603496074676514e-02 1.368542667478322983e-02 1.306556612253189087e-01 7.277612388134002686e-02 2.234401367604732513e-02 2.029020339250564575e-02 9.102704003453254700e-03 2.349598519504070282e-02 1.454166020266711712e-03 1.275258418172597885e-02 3.373577073216438293e-02 2.742109820246696472e-02 1.896465010941028595e-02 3.949759900569915771e-02 2.014139294624328613e-02 4.004778712987899780e-02 1.134913507848978043e-02 3.465119376778602600e-02 1.398460194468498230e-02 3.840081021189689636e-02 2.119113318622112274e-02 2.395028993487358093e-02 3.623418044298887253e-03 2.460674010217189789e-02 7.660198956727981567e-03 4.012545570731163025e-03 1.953359879553318024e-02 5.528479814529418945e-04 8.490526233799755573e-04 1.896823942661285400e-02 2.832674654200673103e-03 1.388018298894166946e-02 7.411381602287292480e-02 2.117781154811382294e-02 6.637691706418991089e-02 1.890559121966362000e-02 1.493556350469589233e-01 1.403896510601043701e-02 1.518994756042957306e-02 3.615223243832588196e-02 7.229501381516456604e-03 2.370742149651050568e-02 7.419788278639316559e-03 2.465314045548439026e-02 3.775442019104957581e-02 3.501635044813156128e-02 8.742559701204299927e-03 7.832434028387069702e-03 2.791438624262809753e-02 1.261407323181629181e-02 1.827945001423358917e-02 4.610130563378334045e-02 4.185292928013950586e-04 2.957548014819622040e-02 1.559421699494123459e-02 3.356289491057395935e-02 8.239124901592731476e-03 3.676652163267135620e-02 4.255798086524009705e-02 1.504349522292613983e-02 1.072247698903083801e-02 1.461446750909090042e-02 1.281488128006458282e-02 1.091461163014173508e-02 2.006883546710014343e-02 3.450889140367507935e-02 2.334010787308216095e-02 2.155028469860553741e-02 1.053650397807359695e-03 4.375468939542770386e-02 1.227908954024314880e-02 1.505342219024896622e-02 1.553977746516466141e-02 2.273085340857505798e-02 4.107028990983963013e-02 3.329496830701828003e-02 1.373942289501428604e-02 1.055098138749599457e-02 3.922482952475547791e-02 3.612676518969237804e-04
2.838880196213722229e-02 3.730054199695587158e-02 1.725995913147926331e-02 1.411470770835876465e-01 4.533011317253112793e-01 2.390332333743572235e-02 4.489920567721128464e-03 2.678432734683156013e-03 1.681001298129558563e-02 6.488013267517089844e-02 1.765998452901840210e-02 1.652143895626068115e-02 1.540228445082902908e-02 4.754974320530891418e-02 8.242003619670867920e-03 1.874720491468906403e-02 4.875717684626579285e-02 7.384554296731948853e-02 9.038916975259780884e-02 2.983013726770877838e-02 7.102145813405513763e-03 1.046739611774682999e-02 4.630473442375659943e-03 4.106215015053749084e-02 4.233931377530097961e-02 4.388624802231788635e-02 2.157750912010669708e-02 1.292698271572589874e-02 3.676210716366767883e-02 3.460839390754699707e-02 2.742860652506351471e-02 4.332135245203971863e-02 1.317180041223764420e-02 2.719779964536428452e-03 2.757246792316436768e-02 5.035171657800674438e-02 2.788922376930713654e-02 1.692081335932016373e-03 2.709387242794036865e-02 1.117987707257270813e-01 9.439237765036523342e-04 3.985054790973663330e-02 4.322766512632369995e-02 4.035603255033493042e-02 1.084766816347837448e-02 3.879089280962944031e-02 2.057995833456516266e-02 3.526031225919723511e-02 3.007181175053119659e-02 2.990370616316795349e-02 1.300336234271526337e-02 2.779784984886646271e-02 9.025353938341140747e-03 1.032452681101858616e-03 1.122827176004648209e-02 9.382683783769607544e-03 9.653160348534584045e-03 1.183782145380973816e-02 1.396499853581190109e-02 3.893778892233967781e-03 2.505192533135414124e-02 1.561340782791376114e-02 1.763544045388698578e-02 3.642076998949050903e-02 4.252192564308643341e-03 2.007277123630046844e-02 2.289519831538200378e-02 3.256940050050616264e-03 7.851183414459228516e-03 1.853474602103233337e-02 6.444285809993743896e-02 3.705377131700515747e-02 3.223914280533790588e-02 4.355678334832191467e-02 3.385582193732261658e-02 2.370329014956951141e-02 2.917685173451900482e-02 4.272858798503875732e-02 4.201724007725715637e-02 2.092372067272663116e-02 2.780405059456825256e-02 1.564109511673450470e-02 8.680686354637145996e-02 8.035636693239212036e-02 3.006649389863014221e-02 2.112695761024951935e-02 1.925267651677131653e-02 1.482652849517762661e-03 2.401480451226234436e-02 2.996727637946605682e-02 1.737399585545063019e-02 1.015445403754711151e-02 1.162951439619064331e-02 2.945441193878650665e-02 4.392597079277038574e-02 2.843082882463932037e-03 2.673805318772792816e-02 1.777232997119426727e-02 2.051226794719696045e-02 2.437508106231689453e-02 1.077511231414973736e-03 4.830805957317352295e-02 4.334569349884986877e-02 3.588869422674179077e-02 2.168410271406173706e-02 2.184061706066131592e-02 4.279627650976181030e-02 9.953994303941726685e-03 1.359345950186252594e-02 2.144104428589344025e-02 1.068326528184115887e-03 3.022882528603076935e-02 2.186884544789791107e-02 2.115857228636741638e-02 2.188092656433582306e-02 2.692775800824165344e-02
1.301433742046356201e-01 7.990606129169464111e-02 3.566978126764297485e-02 4.387193918228149414e-02 2.390332333743572235e-02 4.864470064640045166e-01 1.107289716601371765e-01 1.793241687119007111e-02 1.852242462337017059e-02 4.338166862726211548e-02 9.623936563730239868e-02 1.039545536041259766e-01 5.419625341892242432e-02 8.142206072807312012e-02 1.827122876420617104e-03 2.729985490441322327e-02 2.371701039373874664e-02 2.582597546279430389e-02 8.833114057779312134e-03 1.495109964162111282e-02 4.224844649434089661e-02 1.736023090779781342e-02 1.297429576516151428e-02 1.987458199437242001e-05 3.906237706542015076e-02 2.644194476306438446e-02 1.071489229798316956e-02 3.728552907705307007e-02 2.902542799711227417e-02 4.123662412166595459e-02 1.166472863405942917e-02 4.846811667084693909e-02 1.719214208424091339e-02 3.238391503691673279e-02 1.859108358621597290e-02 3.938537836074829102e-02 8.473223075270652771e-03 4.837023466825485229e-02 2.512084692716598511e-02 4.811138659715652466e-02 1.298005692660808563e-02 5.583801225839124527e-07 1.560666318982839584e-02 1.453245431184768677e-02 1.702650077641010284e-02 4.829294979572296143e-02 1.236003711819648743e-01 5.614373460412025452e-02 1.042950619012117386e-02 3.419717028737068176e-02 3.874498605728149414e-02 5.118393339216709137e-03 1.391242444515228271e-02 4.582374915480613708e-02 2.699680067598819733e-02 1.984771341085433960e-02 1.972669735550880432e-02 2.845602668821811676e-02 1.880170777440071106e-02 5.748400837182998657e-02 2.044286951422691345e-02 3.554851189255714417e-02 8.069877512753009796e-03 4.738082736730575562e-02 4.806657508015632629e-02 2.511547133326530457e-02 1.691100001335144043e-02 3.457746654748916626e-02 6.629181560128927231e-03 4.119135439395904541e-02 2.814862132072448730e-02 4.299512505531311035e-02 2.777005732059478760e-02 4.326593130826950073e-02 6.184598896652460098e-03 1.340465247631072998e-02 3.761202841997146606e-02 4.321261122822761536e-02 3.410404548048973083e-02 3.861694410443305969e-02 3.455523028969764709e-02 2.592424303293228149e-02 1.635926961898803711e-02 4.898504912853240967e-02 3.098027221858501434e-02 2.068985253572463989e-02 1.748478971421718597e-02 2.674149535596370697e-02 5.617283657193183899e-02 5.938597605563700199e-04 1.085497587919235229e-01 1.585232838988304138e-02 6.696156412363052368e-02 1.953352056443691254e-02 2.606573514640331268e-02 1.041264645755290985e-02 3.296468034386634827e-02 3.861495479941368103e-02 3.339068964123725891e-02 2.434343472123146057e-02 4.854597896337509155e-02 3.701823577284812927e-02 7.834290154278278351e-03 2.754309214651584625e-02 2.656760439276695251e-02 4.857093561440706253e-03 4.914353415369987488e-02 1.652130298316478729e-02 1.274585630744695663e-02 4.567502439022064209e-02 2.287962287664413452e-02 1.328039634972810745e-02 1.963561400771141052e-02 1.382312364876270294e-02 3.254195675253868103e-02 3.895290940999984741e-02
3.917217999696731567e-02 6.395548582077026367e-02 3.150573745369911194e-02 4.393058829009532928e-03 4.489920567721128464e-03 1.107289716601371765e-01 4.953778088092803955e-01 3.234636411070823669e-02 1.972209289669990540e-02 1.005547121167182922e-03 4.843344539403915405e-02 1.406286843121051788e-02 5.755201727151870728e-02 6.413910537958145142e-02 1.065616868436336517e-02 8.167520165443420410e-03 1.776279322803020477e-02 4.478782042860984802e-02 2.877586893737316132e-02 4.382148012518882751e-02 3.376258537173271179e-02 5.135510489344596863e-02 2.649826556444168091e-02 2.335907705128192902e-02 2.689868025481700897e-02 2.530293725430965424e-02 3.414531052112579346e-02 1.834137132391333580e-03 7.007518410682678223e-02 2.912515401840209961e-02 8.670841157436370850e-02 2.576488442718982697e-02 8.298937231302261353e-03 2.091132104396820068e-02 7.504971232265233994e-03 2.926879934966564178e-02 2.593109197914600372e-02 6.459845229983329773e-03 1.378242578357458115e-02 4.214369505643844604e-02 9.308111853897571564e-03 4.674484208226203918e-02 4.721963778138160706e-02 8.256132714450359344e-03 4.033393785357475281e-02 2.911833114922046661e-02 1.047383844852447510e-01 1.332077682018280029e-01 5.545154213905334473e-02 7.101040333509445190e-03 2.879720367491245270e-02 2.724909782409667969e-02 4.116721823811531067e-02 2.590822800993919373e-02 5.273988470435142517e-03 2.695447020232677460e-02 3.513931483030319214e-02 3.290751576423645020e-02 5.619458854198455811e-02 3.135676728561520576e-03 1.621573790907859802e-02 4.569135140627622604e-03 1.971658878028392792e-02 4.572370275855064392e-02 1.650847308337688446e-02 3.555832058191299438e-02 4.000617936253547668e-02 4.390361160039901733e-02 2.803087234497070312e-02 3.405025461688637733e-03 2.396384952589869499e-03 4.817163199186325073e-02 2.123626321554183960e-02 1.831056922674179077e-02 5.935213994234800339e-03 4.612300172448158264e-02 2.092494815587997437e-02 2.333237044513225555e-02 3.072779439389705658e-02 2.821225486695766449e-02 4.080245643854141235e-02 9.153380990028381348e-03 3.218713030219078064e-02 2.617696372908540070e-05 4.729265347123146057e-02 7.598757278174161911e-03 2.021738700568675995e-02 2.336209453642368317e-02 3.531607985496520996e-02 3.563170507550239563e-02 1.043520867824554443e-01 4.401344340294599533e-03 8.742696046829223633e-02 1.909550977870821953e-03 3.247400745749473572e-02 3.006974793970584869e-02 7.254858035594224930e-03 1.827788655646145344e-03 3.998696804046630859e-02 9.305781684815883636e-03 1.698192581534385681e-02 2.812254987657070160e-02 3.836565092206001282e-02 5.156302824616432190e-02 5.102224647998809814e-02 2.748715505003929138e-02 2.952707186341285706e-02 4.456997290253639221e-02 3.083967976272106171e-02 1.387614407576620579e-03 3.827307140454649925e-03 1.266033202409744263e-02 4.415533319115638733e-02 3.752567339688539505e-03 1.409788057208061218e-02 4.078229144215583801e-02
4.096094518899917603e-02 2.728600986301898956e-02 1.348007321357727051e-01 7.851954549551010132e-03 2.678432734683156013e-03 1.793241687119007111e-02 3.234636411070823669e-02 4.569157063961029053e-01 1.268299296498298645e-02 3.882179409265518188e-02 4.069923982024192810e-02 2.408594451844692230e-02 2.798152156174182892e-03 3.338218852877616882e-02 7.600177079439163208e-02 4.076264053583145142e-02 3.597233816981315613e-02 2.413986064493656158e-02 1.430993061512708664e-02 1.324038300663232803e-02 2.934756316244602203e-02 3.489894047379493713e-02 5.333285778760910034e-02 4.021814838051795959e-02 4.370824992656707764e-02 4.559710621833801270e-02 5.218997970223426819e-02 5.481165833771228790e-03 3.794866055250167847e-02 9.476237930357456207e-03 4.420037567615509033e-02 2.347608283162117004e-02 2.349591255187988281e-02 9.914334863424301147e-03 1.119669340550899506e-02 1.078400388360023499e-02 4.829951375722885132e-02 1.890643849037587643e-03 4.077108949422836304e-02 5.647819954901933670e-03 4.623593389987945557e-02 2.257760427892208099e-02 3.498053923249244690e-02 4.531761631369590759e-02 6.736028008162975311e-04 2.203239826485514641e-03 3.288763388991355896e-02 3.413904085755348206e-02 1.814771443605422974e-02 2.310672588646411896e-02 2.575357677415013313e-03 2.933710254728794098e-02 1.790886744856834412e-02 1.989091560244560242e-02 3.315147757530212402e-02 3.069897554814815521e-02 1.786025590263307095e-03 3.477134555578231812e-02 2.968717180192470551e-02 3.272880613803863525e-02 2.753896825015544891e-02 2.001649141311645508e-02 3.875707089900970459e-02 3.272159770131111145e-02 4.101925715804100037e-02 2.239393442869186401e-02 2.094948291778564453e-02 2.675927989184856415e-02 2.971960417926311493e-02 1.352393999695777893e-02 8.161736652255058289e-03 1.761201396584510803e-02 1.059911996126174927e-01 6.722566671669483185e-03 1.762315444648265839e-02 4.668534919619560242e-02 2.730569802224636078e-02 2.831216529011726379e-02 2.075848169624805450e-03 4.018117487430572510e-02 1.195410043001174927e-01 5.895394086837768555e-02 3.328633680939674377e-02 1.597353070974349976e-02 2.876087836921215057e-02 9.037528187036514282e-03 5.491236224770545959e-02 8.030941709876060486e-03 9.675402939319610596e-02 3.963530436158180237e-02 1.091310754418373108e-02 4.157809913158416748e-02 2.107930369675159454e-02 1.178389880806207657e-02 2.197434566915035248e-02 2.549741603434085846e-02 1.356792543083429337e-02 6.670281291007995605e-02 3.490612655878067017e-02 4.190202057361602783e-02 3.785777464509010315e-02 4.364399984478950500e-02 5.133609473705291748e-02 2.083557471632957458e-02 2.351924404501914978e-02 1.742735505104064941e-03 7.001887261867523193e-02 2.584567479789257050e-02 2.393300831317901611e-02 3.927018120884895325e-02 5.081322416663169861e-02 3.077834658324718475e-02 3.165679425001144409e-02 5.891076754778623581e-03 2.233362570405006409e-02 6.305373739451169968e-03
2.157574519515037537e-02 9.996758773922920227e-03 9.394782595336437225e-03 3.509750589728355408e-02 1.681001298129558563e-02 1.852242462337017059e-02 1.972209289669990540e-02 1.268299296498298645e-02 4.683528244495391846e-01 5.153952166438102722e-02 1.510194037109613419e-02 3.829157352447509766e-02 1.112469192594289780e-02 1.676101237535476685e-02 1.766431890428066254e-02 1.995497569441795349e-02 3.544016554951667786e-02 4.962627962231636047e-02 7.309971004724502563e-02 7.018202915787696838e-03 1.316019706428050995e-02 2.001984417438507080e-02 1.704517565667629242e-02 4.799360036849975586e-02 2.816854417324066162e-02 2.240373753011226654e-02 4.477150738239288330e-02 5.566648673266172409e-03 3.992971032857894897e-02 5.549217760562896729e-02 4.094386938959360123e-03 2.455542795360088348e-02 8.250193297863006592e-02 3.930161707103252411e-03 9.961939416825771332e-03 4.225904121994972229e-02 3.898858278989791870e-02 2.050369791686534882e-02 5.246097221970558167e-03 1.652759127318859100e-02 3.765786811709403992e-02 7.296498864889144897e-03 1.454215496778488159e-02 3.518411656841635704e-03 3.296256531029939651e-03 4.917118325829505920e-02 4.976207390427589417e-02 5.376787483692169189e-02 2.747285179793834686e-03 4.991363734006881714e-02 1.046718098223209381e-02 3.786552324891090393e-02 1.843573898077011108e-02 1.768433675169944763e-02 6.812178343534469604e-02 2.959165954962372780e-03 4.401656240224838257e-02 1.530791446566581726e-02 8.401906816288828850e-04 1.529428549110889435e-02 5.971445515751838684e-02 4.754445329308509827e-02 3.390297293663024902e-02 3.095795214176177979e-02 5.516123026609420776e-03 1.823101937770843506e-02 2.404085732996463776e-02 9.417882189154624939e-03 2.496970631182193756e-02 1.821750774979591370e-02 1.908628270030021667e-02 1.564180850982666016e-02 1.685009337961673737e-02 5.118908733129501343e-02 2.217582659795880318e-03 1.004423107951879501e-02 1.424839645624160767e-01 6.764121353626251221e-02 4.066267982125282288e-02 3.701648116111755371e-02 9.962498210370540619e-03 3.018720075488090515e-02 6.904795020818710327e-02 5.420364439487457275e-02 4.735634103417396545e-02 1.061829365789890289e-02 1.338016893714666367e-02 5.295394919812679291e-03 1.260547898709774017e-02 5.284215882420539856e-02 9.410810889676213264e-04 3.589478880167007446e-02 3.509899601340293884e-02 1.388882379978895187e-02 1.978746801614761353e-02 3.672268986701965332e-02 4.648284614086151123e-02 1.286916062235832214e-02 2.912473492324352264e-02 3.763578459620475769e-02 3.764639841392636299e-03 1.214900403283536434e-03 1.918682456016540527e-02 3.974545374512672424e-02 8.377947844564914703e-03 6.407465320080518723e-03 4.438741598278284073e-03 2.924398705363273621e-02 2.180496789515018463e-02 5.157541856169700623e-02 1.971726492047309875e-02 3.779159486293792725e-02 6.308266427367925644e-03 4.453242756426334381e-03 1.592701184563338757e-03 2.361932396888732910e-02
2.636327780783176422e-02 1.281574554741382599e-02 2.562783472239971161e-02 1.150865294039249420e-02 6.488013267517089844e-02 4.338166862726211548e-02 1.005547121167182922e-03 3.882179409265518188e-02 5.153952166438102722e-02 4.775489866733551025e-01 5.258065648376941681e-04 2.182001993060112000e-02 1.621349900960922241e-02 8.114477246999740601e-02 2.264721784740686417e-03 5.594198033213615417e-02 1.949940063059329987e-02 2.389191277325153351e-02 1.452336907386779785e-01 2.723101526498794556e-02 3.899089246988296509e-02 4.082189127802848816e-02 3.835062682628631592e-02 8.033489435911178589e-02 1.569145545363426208e-02 2.719086408615112305e-02 3.728250972926616669e-03 3.334014862775802612e-02 8.718240074813365936e-03 2.885415405035018921e-02 2.931549400091171265e-02 2.898532524704933167e-02 3.417720645666122437e-02 3.647599369287490845e-02 1.563538610935211182e-02 5.663234274834394455e-03 3.811240196228027344e-02 2.217925712466239929e-02 1.110609713941812515e-02 1.461966312490403652e-03 3.445939719676971436e-02 1.301082316786050797e-02 2.941192500293254852e-02 4.393390845507383347e-03 1.796299591660499573e-02 2.278177533298730850e-03 1.883166655898094177e-02 1.195776555687189102e-02 5.013034492731094360e-02 1.004008725285530090e-01 2.138742990791797638e-02 4.250499606132507324e-02 1.215714844875037670e-03 5.325195193290710449e-02 1.539035793393850327e-02 2.631568349897861481e-02 9.329994209110736847e-03 4.406611993908882141e-02 4.849798232316970825e-02 2.411768026649951935e-02 9.020359814167022705e-02 3.179733455181121826e-02 1.277568005025386810e-02 3.641697764396667480e-02 4.908104240894317627e-02 5.001215264201164246e-02 3.990711644291877747e-02 3.368309140205383301e-02 9.422723203897476196e-03 4.614343866705894470e-02 3.424475342035293579e-02 3.496708348393440247e-02 3.293734416365623474e-02 4.201352596282958984e-02 2.124158665537834167e-02 4.744987934827804565e-02 5.589306354522705078e-02 1.131645739078521729e-01 7.561060599982738495e-03 1.634590923786163330e-01 1.358350366353988647e-02 1.286048255860805511e-02 1.248333323746919632e-02 8.902151137590408325e-02 2.494039200246334076e-02 1.609377562999725342e-02 1.799087971448898315e-02 4.489908739924430847e-02 2.138422429561614990e-02 1.042148470878601074e-01 6.205065641552209854e-03 5.148542672395706177e-02 7.157702930271625519e-03 3.042418975383043289e-03 9.012339287437498569e-04 4.125491157174110413e-02 4.020961746573448181e-02 1.358083169907331467e-02 4.542377218604087830e-02 2.413389086723327637e-02 2.660957723855972290e-02 2.287068963050842285e-02 1.358806341886520386e-02 4.574059695005416870e-02 1.674343831837177277e-02 4.095186665654182434e-02 3.296110313385725021e-03 3.768855333328247070e-02 2.880836650729179382e-02 3.963805735111236572e-02 1.390401925891637802e-02 1.669272594153881073e-02 4.071982949972152710e-02 2.949972869828343391e-03 2.519012987613677979e-02 4.749568551778793335e-02
1.311999112367630005e-01 1.098623052239418030e-01 4.058756306767463684e-02 3.168787807226181030e-02 1.765998452901840210e-02 9.623936563730239868e-02 4.843344539403915405e-02 4.069923982024192810e-02 1.510194037109613419e-02 5.258065648376941681e-04 4.832390546798706055e-01 4.584151878952980042e-02 9.471134096384048462e-02 2.498882822692394257e-02 4.022194817662239075e-02 2.466632053256034851e-02 1.839153282344341278e-02 1.208623684942722321e-02 1.344100385904312134e-02 1.411617454141378403e-02 5.688230507075786591e-03 4.729813709855079651e-02 3.684087842702865601e-02 2.557999268174171448e-02 5.747282411903142929e-03 2.343522943556308746e-02 4.339577257633209229e-02 7.102514617145061493e-03 4.750055074691772461e-02 7.563299499452114105e-03 3.330666944384574890e-02 1.580593176186084747e-02 1.790061406791210175e-02 4.685826133936643600e-03 3.462252207100391388e-03 2.067357115447521210e-02 2.126397751271724701e-02 4.191671311855316162e-02 2.367425896227359772e-02 6.254745530895888805e-04 3.527176380157470703e-02 4.306124150753021240e-02 1.802342571318149567e-02 5.190042033791542053e-02 4.376034438610076904e-02 5.163536593317985535e-02 6.125184521079063416e-02 9.451002813875675201e-03 3.833010047674179077e-02 2.606257982552051544e-02 1.799723878502845764e-02 4.113192204385995865e-03 9.547732770442962646e-03 7.056901697069406509e-03 2.782079204916954041e-02 3.030960075557231903e-02 1.430656854063272476e-02 1.550822705030441284e-02 6.945376284420490265e-03 2.290976978838443756e-02 1.323924306780099869e-02 5.093903839588165283e-02 3.779292479157447815e-02 1.168462075293064117e-02 7.541787624359130859e-02 4.101461917161941528e-02 1.373421773314476013e-02 8.883154805516824126e-05 5.021546036005020142e-02 5.037591978907585144e-02 2.054361812770366669e-02 3.003579378128051758e-02 4.135935381054878235e-02 3.161182254552841187e-02 2.099963463842868805e-02 1.673437654972076416e-02 2.862693928182125092e-02 3.178941458463668823e-02 5.207974463701248169e-02 4.745448380708694458e-02 8.874981431290507317e-04 1.295782625675201416e-02 4.075621813535690308e-02 2.382513135671615601e-02 1.935915648937225342e-02 7.671690080314874649e-03 3.959309309720993042e-02 1.183353457599878311e-02 4.410670697689056396e-02 3.878778591752052307e-02 3.865452110767364502e-02 1.782569661736488342e-02 3.257632255554199219e-02 3.413714095950126648e-02 1.595233194530010223e-02 3.405675664544105530e-02 4.454918205738067627e-02 1.253231056034564972e-02 9.339749813079833984e-03 3.207282721996307373e-02 4.170015081763267517e-02 2.742882631719112396e-02 4.020034894347190857e-02 7.516566663980484009e-03 9.716831846162676811e-04 8.904991671442985535e-03 1.248030457645654678e-02 4.867330193519592285e-02 1.857512257993221283e-02 2.371384575963020325e-02 3.050447814166545868e-02 5.040936917066574097e-02 5.451541766524314880e-02 3.015388920903205872e-02 3.342518582940101624e-02 1.920031756162643433e-02
1.271933875977993011e-02 4.022569954395294189e-02 3.347767144441604614e-02 4.149486124515533447e-02 1.652143895626068115e-02 1.039545536041259766e-01 1.406286843121051788e-02 2.408594451844692230e-02 3.829157352447509766e-02 2.182001993060112000e-02 4.584151878952980042e-02 4.750767350196838379e-01 3.538240119814872742e-02 1.288230568170547485e-01 2.102854289114475250e-02 2.081044577062129974e-02 1.099585741758346558e-02 3.183095157146453857e-02 2.799287438392639160e-02 1.131961215287446976e-02 7.267246488481760025e-03 1.186644006520509720e-02 4.250710457563400269e-02 4.042534902691841125e-02 6.501917261630296707e-03 2.015168964862823486e-02 4.405010864138603210e-02 6.119475886225700378e-02 2.853789553046226501e-02 6.278598308563232422e-02 6.212338805198669434e-03 2.970057725906372070e-02 5.067406222224235535e-03 1.507086679339408875e-02 7.983061484992504120e-03 4.476653411984443665e-02 5.850547924637794495e-02 1.162229478359222412e-02 2.854619175195693970e-02 1.175533421337604523e-02 6.588064599782228470e-03 2.782383561134338379e-02 3.349834680557250977e-02 3.361668437719345093e-02 4.105420038104057312e-02 5.212624091655015945e-04 3.400690108537673950e-02 4.040398448705673218e-02 4.597552865743637085e-02 5.975946784019470215e-03 4.075062647461891174e-02 4.675674063037149608e-05 3.773352073039859533e-04 2.406201511621475220e-02 4.225704073905944824e-02 4.118695110082626343e-02 4.752869904041290283e-02 4.992633685469627380e-02 3.228453919291496277e-02 3.426953032612800598e-02 1.965214312076568604e-02 1.130531448870897293e-02 1.973849907517433167e-02 2.687365189194679260e-02 4.617545008659362793e-02 5.322919413447380066e-02 2.682122029364109039e-02 1.444270648062229156e-02 5.925677716732025146e-02 4.452293738722801208e-02 2.583673922345042229e-03 3.114361315965652466e-02 1.498201861977577209e-02 2.368716988712549210e-03 2.209328487515449524e-02 1.267806068062782288e-02 6.368160247802734375e-03 2.902368456125259399e-02 8.618994615972042084e-05 5.310549587011337280e-02 4.738918691873550415e-02 3.297140076756477356e-02 2.048579603433609009e-02 2.488826401531696320e-02 3.854597220197319984e-03 4.891888424754142761e-02 5.123917013406753540e-02 3.477086871862411499e-02 5.415041744709014893e-02 7.051984220743179321e-02 3.209328651428222656e-02 2.351829595863819122e-02 2.746787108480930328e-02 1.710017397999763489e-02 4.182274639606475830e-02 2.651615813374519348e-02 1.391759607940912247e-02 4.448003310244530439e-04 5.301923491060733795e-03 2.317586354911327362e-02 1.447997801005840302e-02 1.340963318943977356e-02 1.367666851729154587e-02 9.262987412512302399e-03 3.168960660696029663e-02 1.349352765828371048e-03 3.106841444969177246e-02 4.286252707242965698e-02 3.035127371549606323e-02 5.458188429474830627e-02 4.880050197243690491e-02 3.039345145225524902e-03 2.597966603934764862e-02 3.124514780938625336e-02 1.600407063961029053e-02 3.661312162876129150e-02
1.177756339311599731e-01 1.643055379390716553e-01 1.495113223791122437e-02 2.728857472538948059e-02 1.540228445082902908e-02 5.419625341892242432e-02 5.755201727151870728e-02 2.798152156174182892e-03 1.112469192594289780e-02 1.621349900960922241e-02 9.471134096384048462e-02 3.538240119814872742e-02 4.859412908554077148e-01 3.312366083264350891e-02 6.661678105592727661e-02 1.472064200788736343e-02 4.258386418223381042e-02 2.722275443375110626e-02 1.225543953478336334e-02 1.999073475599288940e-02 2.586392499506473541e-02 1.011113151907920837e-01 3.476490825414657593e-02 2.064018510282039642e-02 3.789288178086280823e-02 1.524726208299398422e-02 5.051479488611221313e-02 8.559907786548137665e-03 5.688705947250127792e-03 1.208976726047694683e-03 6.103586032986640930e-02 8.831718005239963531e-03 3.857707232236862183e-02 1.108639175072312355e-03 1.245228853076696396e-02 4.696838930249214172e-02 3.075174242258071899e-02 2.654240000993013382e-03 1.967843621969223022e-02 1.707775890827178955e-02 7.170876115560531616e-02 3.994695469737052917e-02 6.120625417679548264e-03 4.980716854333877563e-03 4.673296213150024414e-02 2.222909405827522278e-02 7.820760831236839294e-03 3.152135014533996582e-02 2.631420828402042389e-02 4.818820580840110779e-02 3.127507120370864868e-02 9.338181465864181519e-03 2.681342884898185730e-02 7.106318138539791107e-03 5.068595986813306808e-03 3.931773826479911804e-02 2.057169936597347260e-02 2.451118640601634979e-02 2.664711698889732361e-02 3.308286424726247787e-03 2.354212850332260132e-02 3.001205809414386749e-02 1.752207055687904358e-02 5.846985615789890289e-03 2.074356190860271454e-02 7.746033370494842529e-02 4.688859451562166214e-03 9.078874252736568451e-03 8.832612074911594391e-03 5.246150866150856018e-02 6.187666673213243484e-03 2.046605758368968964e-02 3.598159924149513245e-02 4.080869257450103760e-02 2.507222071290016174e-02 9.757836349308490753e-03 1.430225651711225510e-02 1.663652621209621429e-02 2.518513612449169159e-02 2.966172806918621063e-02 3.316362202167510986e-02 5.998919950798153877e-04 3.157163783907890320e-02 3.191267326474189758e-02 4.860630631446838379e-02 4.260777309536933899e-02 6.626747548580169678e-02 5.554551631212234497e-02 2.199656330049037933e-02 3.698255866765975952e-02 8.489872328937053680e-03 1.631852053105831146e-02 3.762470558285713196e-03 2.740615420043468475e-02 2.292853407561779022e-02 1.133212447166442871e-02 4.160309582948684692e-02 3.018841706216335297e-02 3.434916213154792786e-02 8.703866042196750641e-03 4.441150650382041931e-02 3.965958207845687866e-02 4.171449691057205200e-02 3.901052474975585938e-02 2.740815049037337303e-03 5.215379875153303146e-03 2.936163172125816345e-02 2.394321188330650330e-02 3.588259965181350708e-02 4.304693266749382019e-02 5.225789733231067657e-03 2.266629785299301147e-02 4.120150581002235413e-02 2.693995274603366852e-02 3.479434549808502197e-02 5.019147694110870361e-02
