4.951877295970916748e-01 1.161898896098136902e-01 1.650573126971721649e-02 4.303325340151786804e-02 4.980948194861412048e-02 7.980439811944961548e-02 6.857933849096298218e-02 4.854361340403556824e-02 1.604322111234068871e-03 2.024330757558345795e-02 6.835523992776870728e-02 2.820769883692264557e-02 6.535788625478744507e-02 4.405038431286811829e-02 3.882386162877082825e-02 3.837932646274566650e-02 4.208138212561607361e-02 5.123311281204223633e-02 2.240657806396484375e-02 9.415277279913425446e-03 4.791166260838508606e-02 4.434073343873023987e-03 5.796344950795173645e-02 4.703533835709095001e-03 7.515826728194952011e-03 4.503783211112022400e-02 3.429031372070312500e-02 8.558014407753944397e-03 2.030701376497745514e-02 2.973855659365653992e-02 6.155740004032850266e-03 5.315295234322547913e-02 1.463989261537790298e-02 4.197140410542488098e-02 4.431287571787834167e-02 2.311407588422298431e-02 3.108463250100612640e-02 7.753329700790345669e-04 1.715516299009323120e-02 2.492162398993968964e-02 3.620003908872604370e-02 1.679293811321258545e-02 3.469092771410942078e-02 3.381368517875671387e-02 1.638076640665531158e-02 4.348203539848327637e-02 7.764585316181182861e-02 3.444637730717658997e-02 4.488618113100528717e-03 2.421748940832912922e-04 1.590998657047748566e-02 1.723105786368250847e-03 1.277117151767015457e-02 4.960597679018974304e-02 6.804774515330791473e-03 4.065238684415817261e-02 1.218001474626362324e-03 1.386499218642711639e-02 7.607120089232921600e-03 4.528274014592170715e-02 1.658529601991176605e-02 3.183361142873764038e-02 9.371734224259853363e-03 1.202277746051549911e-02 2.151902206242084503e-02 4.492628946900367737e-02 1.824408583343029022e-02 2.951384894549846649e-02 4.165121167898178101e-02 2.421683631837368011e-02 7.767837378196418285e-04 3.029626794159412384e-02 4.311536252498626709e-02 9.813224896788597107e-04 4.820263385772705078e-02 6.350772082805633545e-02 1.398953702300786972e-02 5.124511569738388062e-02 1.724283583462238312e-02 4.517018049955368042e-02 4.084113985300064087e-03 2.097728848457336426e-02 3.184054046869277954e-02 3.511445224285125732e-02 1.033160928636789322e-02 2.552516199648380280e-02 4.495511204004287720e-02 2.513504959642887115e-02 3.212027251720428467e-02 4.493825882673263550e-02 6.184674426913261414e-02 3.801089897751808167e-02 7.981863617897033691e-02 1.462896633893251419e-02 1.384563161991536617e-03 3.539733588695526123e-02 5.236250348389148712e-03 4.817349836230278015e-02 4.026900231838226318e-02 3.213202580809593201e-02 4.384745657444000244e-02 4.035725072026252747e-02 2.285384200513362885e-02 1.091134827584028244e-02 3.385267406702041626e-02 1.936903223395347595e-02 1.020207069814205170e-02 1.522741746157407761e-02 3.154751658439636230e-02 7.241945713758468628e-03 2.986867912113666534e-02 1.007848768495023251e-03 3.173984959721565247e-02 3.612004965543746948e-02 3.564820066094398499e-02 1.744521223008632660e-02
1.161898896098136902e-01 4.849627315998077393e-01 4.545450583100318909e-02 1.571369357407093048e-02 1.492262072861194611e-02 1.118019670248031616e-01 9.749390184879302979e-02 4.975747317075729370e-02 3.244036063551902771e-02 4.090108722448348999e-02 7.151309400796890259e-02 5.305858328938484192e-02 1.141680926084518433e-01 1.813466474413871765e-02 1.605834811925888062e-03 2.272308245301246643e-02 4.017052799463272095e-02 1.238588150590658188e-02 3.944567404687404633e-03 5.396205815486609936e-04 1.567028462886810303e-02 7.327287923544645309e-03 1.230523805133998394e-03 3.785499557852745056e-02 1.162505522370338440e-02 2.832203358411788940e-02 3.488733246922492981e-02 3.879710286855697632e-02 4.624438658356666565e-02 2.672051265835762024e-02 5.620269104838371277e-02 2.395092044025659561e-03 3.359619900584220886e-02 2.929191663861274719e-02 3.118015639483928680e-02 8.001322858035564423e-04 2.303642034530639648e-02 2.464875951409339905e-02 3.993531689047813416e-02 3.085771761834621429e-02 2.085167542099952698e-02 3.977317735552787781e-02 1.969564892351627350e-02 4.035903140902519226e-02 5.436014011502265930e-02 2.104908972978591919e-02 8.253881335258483887e-02 3.298265859484672546e-02 2.274677529931068420e-02 3.723787143826484680e-02 4.731108620762825012e-02 3.923888131976127625e-02 4.225459322333335876e-02 1.123908255249261856e-02 1.053618546575307846e-02 5.545919016003608704e-02 2.285042032599449158e-02 5.996585357934236526e-03 3.262794762849807739e-02 6.855908781290054321e-03 3.373333066701889038e-02 4.005619511008262634e-02 3.929376974701881409e-02 1.460614800453186035e-02 8.740932680666446686e-03 3.011526353657245636e-02 2.290828898549079895e-02 2.000719681382179260e-02 8.586865849792957306e-03 1.709214970469474792e-02 1.964746508747339249e-03 1.137339230626821518e-02 3.321514278650283813e-02 1.255937293171882629e-02 2.972767921164631844e-03 3.019873239099979401e-02 4.101656749844551086e-02 5.211089923977851868e-02 4.588316380977630615e-02 3.306836262345314026e-02 6.104500219225883484e-02 2.520670183002948761e-02 5.359731614589691162e-02 3.049568831920623779e-02 2.786505268886685371e-03 4.389584437012672424e-02 5.483058467507362366e-02 3.240877389907836914e-02 4.277820885181427002e-02 2.249537268653512001e-03 2.927538938820362091e-02 2.144380286335945129e-02 5.689408630132675171e-02 1.984388567507266998e-03 8.415478281676769257e-03 4.523126035928726196e-02 5.370406433939933777e-04 1.933593675494194031e-02 2.688307873904705048e-02 4.035195708274841309e-02 4.023122787475585938e-02 1.622124575078487396e-02 2.552420133724808693e-03 6.868733093142509460e-03 2.131741866469383240e-02 2.113555744290351868e-02 1.544816978275775909e-02 2.492810599505901337e-02 3.430951014161109924e-02 2.230601571500301361e-02 3.051390685141086578e-02 1.238658651709556580e-02 4.611035343259572983e-03 4.571723565459251404e-02 2.704538591206073761e-02 1.886311359703540802e-02
1.650573126971721649e-02 4.545450583100318909e-02 4.564891457557678223e-01 2.170926518738269806e-02 1.600835286080837250e-02 3.248064965009689331e-02 8.664427325129508972e-03 6.975932419300079346e-02 2.337340498343110085e-03 4.551602900028228760e-02 3.373108059167861938e-02 3.018279559910297394e-02 2.907028980553150177e-02 3.273447230458259583e-02 7.556763943284749985e-03 2.488845773041248322e-02 1.818997599184513092e-02 3.052975423634052277e-02 4.566857218742370605e-02 3.618422150611877441e-02 7.982887327671051025e-03 4.142255336046218872e-02 4.428169876337051392e-02 2.482919394969940186e-02 6.233056541532278061e-03 5.066831037402153015e-02 2.443299256265163422e-02 1.919027790427207947e-02 1.584078930318355560e-02 8.005789481103420258e-03 1.452133641578257084e-03 1.381207909435033798e-02 5.158118903636932373e-02 6.706390995532274246e-03 1.852391101419925690e-02 7.005762774497270584e-03 6.618199497461318970e-02 5.536751449108123779e-02 2.700954675674438477e-02 2.392604388296604156e-02 2.239023149013519287e-02 1.871349988505244255e-03 8.085113950073719025e-03 1.530471839942038059e-03 2.070785313844680786e-02 7.959213852882385254e-02 1.856147684156894684e-02 4.009788855910301208e-02 6.419885158538818359e-02 4.846816882491111755e-02 1.002767216414213181e-02 1.918361149728298187e-02 5.241342633962631226e-02 3.808095306158065796e-02 9.954134933650493622e-03 6.674560904502868652e-02 3.167529404163360596e-02 8.767086081206798553e-03 2.057730965316295624e-02 7.844976149499416351e-03 2.810160629451274872e-02 6.282250862568616867e-03 2.729102596640586853e-02 1.897622831165790558e-02 2.167545258998870850e-02 4.374379757791757584e-03 1.209623925387859344e-02 3.031150251626968384e-02 1.450358796864748001e-02 1.683225668966770172e-02 2.748178318142890930e-02 1.723845861852169037e-02 2.680486533790826797e-03 3.821859881281852722e-02 3.365120291709899902e-02 4.124763235449790955e-02 6.951591465622186661e-03 2.187484502792358398e-02 2.981549501419067383e-02 3.246556269004940987e-03 2.334377914667129517e-02 9.454675950109958649e-03 2.369734644889831543e-02 1.851933449506759644e-02 1.882198266685009003e-02 3.516636788845062256e-02 4.262675344944000244e-02 4.497875273227691650e-02 2.193444594740867615e-02 9.749910794198513031e-03 4.310737363994121552e-03 5.268677324056625366e-02 2.664539730176329613e-03 1.401680056005716324e-02 1.917444518767297268e-03 2.822289802134037018e-02 4.388464614748954773e-02 3.690626472234725952e-02 1.118800952099263668e-03 1.295616943389177322e-02 1.604383252561092377e-02 1.599727082066237926e-03 4.685599729418754578e-02 2.864884911105036736e-03 1.883810758590698242e-02 5.754413828253746033e-02 2.699631452560424805e-02 8.110748603940010071e-03 3.290387243032455444e-02 1.148682925850152969e-02 2.618433348834514618e-02 6.215370073914527893e-02 4.901948571205139160e-02 4.379811510443687439e-02 5.360135808587074280e-03 6.461840122938156128e-02
4.303325340151786804e-02 1.571369357407093048e-02 2.170926518738269806e-02 4.782893359661102295e-01 1.301554590463638306e-01 4.707740247249603271e-02 4.204751551151275635e-02 1.908935257233679295e-03 3.597035259008407593e-02 5.309617519378662109e-02 2.372883819043636322e-02 8.504979312419891357e-03 4.668951407074928284e-02 2.261942997574806213e-02 1.170232193544507027e-03 2.385144494473934174e-02 5.351573601365089417e-02 2.983011677861213684e-02 3.455970436334609985e-02 4.322165157645940781e-03 4.450326040387153625e-02 3.354483842849731445e-02 1.406496576964855194e-02 6.619708612561225891e-03 2.246790006756782532e-02 6.174586713314056396e-03 3.346241265535354614e-02 9.968508780002593994e-02 4.136919509619474411e-03 7.949647493660449982e-03 2.795831486582756042e-02 3.623108938336372375e-02 4.442465677857398987e-02 3.728313744068145752e-02 1.427336316555738449e-02 4.137926921248435974e-02 3.464820561930537224e-03 4.239901155233383179e-02 2.670401008799672127e-03 1.175087410956621170e-02 3.343764692544937134e-02 1.982535608112812042e-02 1.394953858107328415e-02 6.738852243870496750e-03 3.517394885420799255e-02 2.677289023995399475e-02 3.823782131075859070e-02 4.068643227219581604e-02 3.398728743195533752e-02 2.238347567617893219e-02 3.089223243296146393e-02 4.622582346200942993e-02 5.753844976425170898e-02 2.925446955487132072e-03 9.900156874209642410e-05 1.491066534072160721e-02 9.009334444999694824e-02 7.327823340892791748e-02 8.156456984579563141e-03 6.793858949095010757e-03 4.059878643602132797e-03 6.754473596811294556e-02 1.781866303645074368e-03 6.842485815286636353e-02 7.955819368362426758e-03 4.316746257245540619e-03 2.522188797593116760e-02 9.670440107583999634e-03 5.734858661890029907e-02 3.832961432635784149e-03 5.404373630881309509e-02 1.973516121506690979e-02 1.124287489801645279e-02 3.497739881277084351e-02 3.838994726538658142e-02 1.807280071079730988e-02 5.836356803774833679e-02 3.562910715118050575e-03 1.346882432699203491e-02 2.724801003932952881e-02 1.678210124373435974e-02 1.133539807051420212e-02 6.119853258132934570e-02 7.277381140738725662e-03 1.733686029911041260e-02 1.958700641989707947e-02 2.639561332762241364e-02 7.966456469148397446e-04 5.681105703115463257e-02 5.014188960194587708e-02 5.038192123174667358e-02 3.672910109162330627e-02 3.048343025147914886e-02 4.634164646267890930e-02 4.151604324579238892e-02 1.586918719112873077e-02 2.689553983509540558e-02 4.318440333008766174e-02 4.272413998842239380e-02 5.031879618763923645e-02 7.088318467140197754e-03 3.206611797213554382e-02 2.738906629383563995e-02 6.800362374633550644e-03 2.140353666618466377e-03 1.262363512068986893e-02 5.606954172253608704e-02 6.259445101022720337e-02 2.897433750331401825e-02 3.374842694029211998e-03 2.299475483596324921e-02 4.339610040187835693e-02 1.914288848638534546e-02 2.975597418844699860e-02 1.062048319727182388e-02 3.091784752905368805e-02
4.980948194861412048e-02 1.492262072861194611e-02 1.600835286080837250e-02 1.301554590463638306e-01 4.750317037105560303e-01 1.981557719409465790e-02 2.428655326366424561e-02 7.683612871915102005e-03 3.477190434932708740e-02 2.101831324398517609e-02 3.709960030391812325e-03 4.571750015020370483e-02 3.560044243931770325e-02 2.046266011893749237e-02 1.977851241827011108e-02 1.372933760285377502e-02 2.800726145505905151e-02 2.981926372740417719e-04 3.836644440889358521e-02 1.205119304358959198e-02 4.177832603454589844e-02 7.252410519868135452e-03 5.907792598009109497e-03 2.044554986059665680e-02 3.306787833571434021e-02 3.028808860108256340e-03 2.643704973161220551e-02 3.705132007598876953e-02 4.136116802692413330e-02 3.475481271743774414e-02 2.894874848425388336e-02 4.563209041953086853e-02 1.024230103939771652e-02 5.642368458211421967e-03 4.900598526000976562e-02 4.229021444916725159e-02 9.572667069733142853e-03 3.525789082050323486e-02 8.722447790205478668e-03 3.350240364670753479e-02 2.076689712703227997e-02 1.057168934494256973e-02 9.846929460763931274e-04 4.118837416172027588e-02 2.726135589182376862e-02 3.159477934241294861e-02 3.512559458613395691e-02 3.247072920203208923e-02 3.971210867166519165e-02 5.529441311955451965e-02 2.867073938250541687e-02 5.537620186805725098e-02 5.585261434316635132e-02 5.317147448658943176e-02 6.984668318182229996e-03 1.827015727758407593e-02 6.961827725172042847e-02 7.919005304574966431e-02 6.224134122021496296e-04 1.023992151021957397e-02 1.885026693344116211e-03 7.542317360639572144e-02 3.835141425952315331e-03 5.258041247725486755e-02 7.756044156849384308e-03 2.600242011249065399e-02 2.362463064491748810e-02 1.622388255782425404e-03 5.740711838006973267e-02 5.835725739598274231e-02 1.430412475019693375e-02 1.216445304453372955e-02 2.952285669744014740e-02 4.932510107755661011e-02 2.303204312920570374e-02 1.942419447004795074e-02 4.194761812686920166e-02 4.208559915423393250e-02 7.544982247054576874e-03 2.512468770146369934e-02 3.273505344986915588e-02 7.172136753797531128e-02 7.551878690719604492e-02 7.580841332674026489e-02 2.997052855789661407e-02 1.494409330189228058e-02 7.391139399260282516e-03 2.960782498121261597e-02 2.327747084200382233e-02 1.072059851139783859e-02 3.790278732776641846e-02 8.483355864882469177e-03 5.029242858290672302e-02 2.817347459495067596e-02 2.281427942216396332e-02 5.752848088741302490e-02 1.171402866020798683e-03 1.825589570216834545e-03 2.838271297514438629e-02 2.737013390287756920e-03 3.095754981040954590e-02 1.446888130158185959e-02 2.091537788510322571e-02 3.727054968476295471e-02 1.176952756941318512e-02 2.249871147796511650e-03 2.905467292293906212e-03 4.084060899913311005e-03 5.141261219978332520e-02 1.017022412270307541e-02 6.706191692501306534e-03 1.979282498359680176e-02 2.050382271409034729e-02 4.009329527616500854e-02 1.576715521514415741e-02 4.003573581576347351e-02
7.980439811944961548e-02 1.118019670248031616e-01 3.248064965009689331e-02 4.707740247249603271e-02 1.981557719409465790e-02 4.783514142036437988e-01 1.265187710523605347e-01 4.523148387670516968e-02 3.736766055226325989e-02 7.809151895344257355e-03 8.408069610595703125e-02 4.445733502507209778e-03 7.194701582193374634e-02 1.713931746780872345e-02 4.204247146844863892e-02 3.609414678066968918e-03 1.199552696198225021e-02 1.231242623180150986e-02 5.448504351079463959e-03 1.441213395446538925e-02 5.523379426449537277e-03 3.062877990305423737e-02 3.969968482851982117e-02 4.839855805039405823e-02 3.597650304436683655e-02 2.504607662558555603e-02 3.276399103924632072e-03 1.489882171154022217e-02 6.147887930274009705e-02 2.060138992965221405e-02 1.006895024329423904e-02 5.782321561127901077e-03 5.495407432317733765e-02 3.376215696334838867e-02 4.499361291527748108e-02 1.469620410352945328e-02 2.782729081809520721e-02 5.386760458350181580e-02 4.384247586131095886e-02 3.248189762234687805e-02 7.375128567218780518e-03 3.955630585551261902e-02 6.394924595952033997e-03 2.499114535748958588e-02 1.017298921942710876e-02 3.942544758319854736e-02 1.165541633963584900e-01 1.147001795470714569e-02 2.323331497609615326e-02 4.779367707669734955e-03 1.015733089298009872e-02 7.535860873758792877e-03 3.694466874003410339e-02 3.446275833994150162e-03 2.333929017186164856e-02 1.014277711510658264e-02 8.184383623301982880e-03 3.816447034478187561e-02 4.206066206097602844e-02 4.031081497669219971e-02 2.667402662336826324e-02 2.057871408760547638e-02 1.464836578816175461e-02 3.242428973317146301e-02 2.154880203306674957e-02 1.281984709203243256e-02 4.204031825065612793e-02 1.632870733737945557e-02 2.637189812958240509e-02 1.949898526072502136e-02 6.579888518899679184e-03 1.579564181156456470e-03 4.647687077522277832e-02 2.782828360795974731e-02 2.180070616304874420e-03 3.983890637755393982e-03 4.136444628238677979e-02 1.258231885731220245e-02 2.722360752522945404e-02 2.319641225039958954e-02 3.701374307274818420e-02 1.305561419576406479e-02 2.640590257942676544e-02 1.145318150520324707e-03 4.545809328556060791e-02 2.454825304448604584e-02 2.085366100072860718e-02 3.592088073492050171e-02 4.035311937332153320e-02 4.454090073704719543e-02 4.599435254931449890e-02 2.749221771955490112e-02 4.543730244040489197e-02 1.365876104682683945e-02 3.506555035710334778e-02 2.883148565888404846e-02 1.691707409918308258e-02 2.008985495194792747e-03 3.814282361418008804e-03 1.195223536342382431e-02 2.774315886199474335e-03 3.203046321868896484e-02 1.685464940965175629e-02 1.882920227944850922e-02 4.374610632658004761e-02 2.486288920044898987e-02 5.739376693964004517e-02 1.636849530041217804e-02 4.462482035160064697e-02 3.436543047428131104e-02 2.423778735101222992e-02 5.148964747786521912e-02 2.295663766562938690e-02 2.566187269985675812e-02 4.094943031668663025e-02 1.116679701954126358e-02
6.857933849096298218e-02 9.749390184879302979e-02 8.664427325129508972e-03 4.204751551151275635e-02 2.428655326366424561e-02 1.265187710523605347e-01 4.818344414234161377e-01 2.360366657376289368e-02 4.471892490983009338e-02 2.583532594144344330e-02 7.990884780883789062e-02 1.977650076150894165e-02 9.701286256313323975e-02 5.612633749842643738e-02 1.848259940743446350e-02 4.230453819036483765e-02 3.895580396056175232e-02 2.674197219312191010e-02 1.276058051735162735e-02 2.799515798687934875e-02 1.409681607037782669e-02 3.349603712558746338e-02 3.021538443863391876e-02 2.204780094325542450e-02 4.591136425733566284e-02 1.258841902017593384e-02 1.237421762198209763e-02 7.406197488307952881e-03 6.070871651172637939e-02 3.290449455380439758e-02 5.405344814062118530e-02 4.198521375656127930e-02 9.623673744499683380e-03 2.117139659821987152e-02 9.699516929686069489e-03 9.495059959590435028e-03 2.652551047503948212e-02 2.425251901149749756e-02 1.651623100042343140e-02 2.353764511644840240e-02 2.130001969635486603e-02 3.999792039394378662e-02 3.118840046226978302e-02 3.498546034097671509e-02 3.725194185972213745e-02 6.825896445661783218e-03 8.725334703922271729e-02 8.237385004758834839e-02 3.568452224135398865e-02 3.959423676133155823e-02 1.673277467489242554e-02 3.576042875647544861e-02 6.773546803742647171e-03 4.590837657451629639e-02 5.002032965421676636e-02 3.655385971069335938e-02 3.967846930027008057e-02 1.933443546295166016e-02 1.231169607490301132e-02 2.097783051431179047e-02 6.295832805335521698e-03 2.492617070674896240e-02 5.342790856957435608e-02 4.901169613003730774e-02 3.252080874517560005e-03 3.580099344253540039e-02 4.178660362958908081e-02 2.343518286943435669e-02 3.383886441588401794e-02 2.035066857933998108e-02 3.175421431660652161e-02 2.428290899842977524e-03 1.449378486722707748e-02 4.000602755695581436e-03 3.848323598504066467e-02 1.285163406282663345e-02 3.342515230178833008e-02 9.417198598384857178e-03 2.901929989457130432e-02 4.106660187244415283e-02 4.206500202417373657e-02 3.663271293044090271e-02 2.069749496877193451e-02 3.295690566301345825e-02 4.047032818198204041e-02 3.376949205994606018e-02 4.874674603343009949e-03 1.704790070652961731e-02 3.141294792294502258e-02 3.494835272431373596e-02 1.517735770903527737e-03 8.573307096958160400e-02 1.291976869106292725e-02 1.812550239264965057e-02 4.038612544536590576e-02 4.033173248171806335e-02 6.386846071109175682e-04 2.850533649325370789e-02 7.806516718119382858e-03 2.376887947320938110e-02 2.020246721804141998e-02 1.432640105485916138e-02 5.563979968428611755e-02 9.858567267656326294e-03 1.756057329475879669e-02 5.770063027739524841e-03 2.684210613369941711e-02 1.542763132601976395e-02 5.044942721724510193e-02 1.742797717452049255e-02 5.226009059697389603e-03 5.404098704457283020e-02 1.759766414761543274e-02 1.471322844736278057e-03 2.743689343333244324e-02 3.882222250103950500e-02
4.854361340403556824e-02 4.975747317075729370e-02 6.975932419300079346e-02 1.908935257233679295e-03 7.683612871915102005e-03 4.523148387670516968e-02 2.360366657376289368e-02 4.615219533443450928e-01 4.610257968306541443e-02 2.354975976049900055e-02 1.708602160215377808e-02 7.958291098475456238e-03 3.784929960966110229e-02 2.446505427360534668e-02 1.196255311369895935e-01 5.020200461149215698e-02 2.283890545368194580e-02 1.391003932803869247e-02 3.265733271837234497e-02 6.847001612186431885e-02 2.138497773557901382e-03 6.721093505620956421e-02 4.411057382822036743e-02 8.611103892326354980e-02 3.431050851941108704e-02 4.475961998105049133e-02 2.497377060353755951e-02 3.783938288688659668e-02 1.174803823232650757e-02 4.897392541170120239e-02 1.951582916080951691e-02 3.212359175086021423e-02 6.098512560129165649e-03 4.283452406525611877e-02 1.854340173304080963e-02 4.093372821807861328e-02 4.004667699337005615e-02 2.927380241453647614e-02 2.330325357615947723e-02 1.888045482337474823e-02 3.271060436964035034e-02 4.397274926304817200e-02 5.045395717024803162e-02 1.446130103431642056e-03 1.558144018054008484e-02 3.228401765227317810e-02 1.101154275238513947e-02 4.383594542741775513e-02 4.398251697421073914e-02 2.672026865184307098e-02 1.627727225422859192e-02 1.502853818237781525e-02 3.638735739514231682e-03 2.322649769484996796e-02 4.258150607347488403e-02 1.050190906971693039e-02 3.497339040040969849e-02 1.709472201764583588e-02 3.233228996396064758e-02 1.961143128573894501e-02 1.754198223352432251e-02 1.349373441189527512e-02 2.411586791276931763e-02 4.797953739762306213e-02 5.009639263153076172e-02 1.471402589231729507e-02 4.551682621240615845e-02 1.217587850987911224e-02 4.572524502873420715e-02 2.708468586206436157e-02 6.157616619020700455e-03 1.460808608680963516e-02 4.752272367477416992e-02 2.406070567667484283e-02 3.704806417226791382e-02 4.682086780667304993e-02 2.509945258498191833e-02 3.030995838344097137e-02 3.580552875064313412e-04 3.443097695708274841e-02 4.392264410853385925e-02 3.182774037122726440e-02 3.521124646067619324e-02 9.908663108944892883e-03 2.822619676589965820e-02 5.006669461727142334e-02 2.704046666622161865e-02 2.755485288798809052e-02 5.558615177869796753e-02 3.835190460085868835e-02 1.396120339632034302e-02 3.991283848881721497e-02 7.364703807979822159e-03 3.106787241995334625e-02 1.725019514560699463e-02 1.314267423003911972e-02 3.077258355915546417e-02 1.439590658992528915e-02 9.290073066949844360e-03 2.030343003571033478e-02 5.820193793624639511e-03 3.078934503719210625e-03 2.459036745131015778e-02 1.278917677700519562e-02 3.491405025124549866e-02 3.629303351044654846e-02 2.098065055906772614e-02 2.981068752706050873e-02 2.723685279488563538e-02 2.117911353707313538e-02 1.301348768174648285e-02 2.435798570513725281e-02 1.097019948065280914e-02 2.298785559833049774e-02 4.890979267656803131e-03 1.628783345222473145e-02
1.604322111234068871e-03 3.244036063551902771e-02 2.337340498343110085e-03 3.597035259008407593e-02 3.477190434932708740e-02 3.736766055226325989e-02 4.471892490983009338e-02 4.610257968306541443e-02 4.755270183086395264e-01 1.455996371805667877e-02 4.896128177642822266e-02 2.394899539649486542e-02 4.643882066011428833e-02 2.260897122323513031e-02 2.292701601982116699e-02 2.009089477360248566e-02 3.845564089715480804e-03 4.509651288390159607e-02 4.859339445829391479e-02 1.809739880263805389e-02 2.902977867051959038e-03 2.864616690203547478e-03 4.516363888978958130e-02 4.044015426188707352e-03 4.881009832024574280e-02 3.257527714595198631e-04 1.404213812202215195e-02 4.823923110961914062e-02 1.770064607262611389e-02 1.543688960373401642e-02 3.953302651643753052e-02 7.459982763975858688e-03 2.290819585323333740e-02 3.672100231051445007e-02 3.538958355784416199e-02 3.620138391852378845e-02 1.735990308225154877e-02 2.238966524600982666e-02 1.094486936926841736e-02 2.702225744724273682e-02 7.360259070992469788e-03 4.138581827282905579e-02 5.395627394318580627e-02 2.872421778738498688e-02 7.012572884559631348e-02 2.538548782467842102e-02 5.935198161751031876e-03 2.065306715667247772e-02 2.542334981262683868e-02 2.232815138995647430e-02 3.402106836438179016e-02 3.740225732326507568e-02 5.059387534856796265e-03 4.108245298266410828e-02 5.956703424453735352e-02 2.757178060710430145e-02 1.590490899980068207e-02 5.184276029467582703e-02 8.905614726245403290e-03 8.308777585625648499e-03 6.766814272850751877e-03 4.292408004403114319e-02 3.793771564960479736e-02 4.846299067139625549e-02 2.965540438890457153e-02 5.823921412229537964e-03 2.298194915056228638e-02 8.054957725107669830e-03 3.112887218594551086e-02 8.481241529807448387e-04 2.770707942545413971e-02 3.469885140657424927e-02 7.014264818280935287e-03 3.308663843199610710e-03 2.852136828005313873e-02 1.428365614265203476e-02 1.021022871136665344e-01 3.492905199527740479e-02 2.317849360406398773e-02 3.181673213839530945e-02 2.861625328660011292e-02 2.876323647797107697e-02 3.140485659241676331e-02 4.175515100359916687e-02 1.081872638314962387e-02 5.190543830394744873e-02 5.586759746074676514e-02 3.680633148178458214e-03 2.150447480380535126e-02 1.092306710779666901e-02 1.832288317382335663e-02 2.397463098168373108e-02 1.736062578856945038e-03 2.221614494919776917e-02 8.386993780732154846e-03 3.696205466985702515e-02 1.819678395986557007e-02 2.004383876919746399e-02 6.426726002246141434e-03 3.494752198457717896e-02 8.652749471366405487e-03 5.513064563274383545e-02 3.107717633247375488e-02 3.661656007170677185e-02 9.550088085234165192e-03 3.627772629261016846e-02 3.141958266496658325e-02 3.857734613120555878e-03 1.497004088014364243e-02 3.131513670086860657e-02 5.465586483478546143e-02 3.372934088110923767e-02 4.150183871388435364e-02 5.806452035903930664e-02 3.906085714697837830e-02 4.047010466456413269e-02
2.024330757558345795e-02 4.090108722448348999e-02 4.551602900028228760e-02 5.309617519378662109e-02 2.101831324398517609e-02 7.809151895344257355e-03 2.583532594144344330e-02 2.354975976049900055e-02 1.455996371805667877e-02 4.647525250911712646e-01 4.284341633319854736e-02 5.122256651520729065e-02 1.316600665450096130e-02 2.477258630096912384e-02 1.025402918457984924e-02 1.735791936516761780e-02 4.625817819032818079e-04 7.237816601991653442e-02 1.493537519127130508e-02 3.492497280240058899e-02 4.658995661884546280e-03 4.266381636261940002e-02 5.520662665367126465e-02 1.562551409006118774e-02 2.190674282610416412e-02 9.968843311071395874e-03 3.890464082360267639e-02 3.109953552484512329e-02 3.913106769323348999e-02 1.434590201824903488e-02 3.954682499170303345e-02 1.905790157616138458e-02 3.668633103370666504e-02 2.970222197473049164e-02 4.939510673284530640e-02 2.806632965803146362e-02 4.760412499308586121e-02 1.084313355386257172e-02 2.807485498487949371e-02 1.075066346675157547e-02 9.198567830026149750e-03 2.169856242835521698e-02 3.988367691636085510e-02 3.983805421739816666e-03 3.178600594401359558e-02 4.015019163489341736e-02 1.657147146761417389e-02 4.549784958362579346e-02 2.750109136104583740e-02 5.504367500543594360e-02 2.202009316533803940e-03 1.024828758090734482e-02 9.467894211411476135e-03 3.089245001319795847e-04 3.156493604183197021e-02 5.289601162075996399e-03 5.962898209691047668e-02 3.629887476563453674e-02 4.100197553634643555e-02 3.890722244977951050e-02 5.386143177747726440e-02 4.313281178474426270e-02 1.364059373736381531e-02 1.317716483026742935e-02 1.536218449473381042e-02 3.178011626005172729e-02 1.452043466269969940e-02 4.482657089829444885e-02 1.816317439079284668e-02 4.051806777715682983e-02 4.283037409186363220e-02 4.696257784962654114e-02 4.046082124114036560e-02 4.246324300765991211e-02 1.729941181838512421e-02 2.046468853950500488e-02 6.690364331007003784e-03 1.433514952659606934e-01 1.087364554405212402e-01 7.504102587699890137e-02 3.760327398777008057e-02 1.348905730992555618e-02 4.410740733146667480e-02 1.274738274514675140e-02 9.561347775161266327e-03 2.792899869382381439e-02 4.390004649758338928e-02 4.114539921283721924e-02 1.033278647810220718e-02 1.824448816478252411e-02 2.516173571348190308e-02 3.041261620819568634e-02 2.147736959159374237e-02 4.627130180597305298e-02 1.623778953216969967e-03 1.115078292787075043e-02 2.309732884168624878e-02 2.870699018239974976e-02 1.554788649082183838e-02 4.835658706724643707e-03 6.871984153985977173e-02 4.641707614064216614e-02 3.188968449831008911e-02 2.878759615123271942e-02 5.033119395375251770e-02 2.116576582193374634e-02 4.059183970093727112e-02 4.423330724239349365e-02 6.917854398488998413e-02 1.856292411684989929e-02 2.510985173285007477e-02 1.386264245957136154e-02 1.887587644159793854e-02 9.527043439447879791e-04 1.172497868537902832e-02 1.154060941189527512e-02
6.835523992776870728e-02 7.151309400796890259e-02 3.373108059167861938e-02 2.372883819043636322e-02 3.709960030391812325e-03 8.408069610595703125e-02 7.990884780883789062e-02 1.708602160215377808e-02 4.896128177642822266e-02 4.284341633319854736e-02 4.785886108875274658e-01 7.423594128340482712e-03 5.520558357238769531e-02 4.807473346590995789e-02 2.491969987750053406e-02 4.546184092760086060e-03 2.346173860132694244e-02 4.704494029283523560e-02 1.773224957287311554e-02 1.092676632106304169e-02 4.067125171422958374e-02 3.323153778910636902e-02 5.267714336514472961e-02 1.250813528895378113e-02 3.513436764478683472e-02 2.384613826870918274e-02 2.784901112318038940e-02 1.814214140176773071e-02 1.125147193670272827e-02 3.101516328752040863e-02 1.130872778594493866e-02 2.574535831809043884e-02 3.427338972687721252e-02 4.251647368073463440e-02 7.562343962490558624e-03 2.617610432207584381e-02 3.847667202353477478e-02 1.388595323078334332e-03 1.975894346833229065e-02 3.234502393752336502e-03 2.893945493269711733e-04 1.300729904323816299e-02 5.153229087591171265e-02 2.186769805848598480e-02 6.518217269331216812e-04 2.513959072530269623e-02 4.618414491415023804e-02 2.736038342118263245e-02 4.691462963819503784e-02 1.259113196283578873e-02 2.061154693365097046e-02 8.670696988701820374e-03 1.777262426912784576e-02 4.492246359586715698e-02 4.944168403744697571e-02 4.666353017091751099e-02 1.766924746334552765e-02 6.661442574113607407e-03 4.112282302230596542e-03 1.568709686398506165e-02 3.215868398547172546e-02 9.242388419806957245e-03 1.792021282017230988e-02 4.440598189830780029e-02 4.923067986965179443e-02 3.121658600866794586e-02 1.254917308688163757e-02 1.591014862060546875e-02 2.022397704422473907e-02 2.103542536497116089e-02 6.954097189009189606e-03 6.422099471092224121e-02 5.281216651201248169e-02 3.551140194758772850e-03 2.160565927624702454e-02 4.435057193040847778e-02 3.179630637168884277e-02 5.116611346602439880e-02 4.759109392762184143e-02 8.769377134740352631e-03 3.417140245437622070e-02 2.411254495382308960e-02 4.921722784638404846e-02 1.729353517293930054e-02 3.811370581388473511e-02 1.802601478993892670e-02 3.353704512119293213e-02 2.957239188253879547e-02 4.040697962045669556e-02 2.128323912620544434e-02 1.725285314023494720e-02 2.719916775822639465e-02 4.316598922014236450e-02 4.927925392985343933e-02 2.518005855381488800e-02 4.980688169598579407e-02 3.079972043633460999e-02 5.950186401605606079e-02 1.477282959967851639e-03 1.058656442910432816e-02 4.631928727030754089e-02 2.690088935196399689e-03 5.425440520048141479e-02 1.568897999823093414e-02 3.059906885027885437e-02 4.175906255841255188e-02 7.006503437878564000e-05 1.011398900300264359e-02 4.034716263413429260e-02 3.295268863439559937e-02 2.060561440885066986e-02 2.397989109158515930e-02 3.227941691875457764e-02 3.613627282902598381e-03 2.460358478128910065e-02 4.229944199323654175e-02
2.820769883692264557e-02 5.305858328938484192e-02 3.018279559910297394e-02 8.504979312419891357e-03 4.571750015020370483e-02 4.445733502507209778e-03 1.977650076150894165e-02 7.958291098475456238e-03 2.394899539649486542e-02 5.122256651520729065e-02 7.423594128340482712e-03 4.876119196414947510e-01 5.279832705855369568e-02 8.722672611474990845e-02 1.585252955555915833e-02 4.641436412930488586e-02 4.152136296033859253e-02 5.630861967802047729e-02 4.621199518442153931e-02 2.262570708990097046e-02 1.813454926013946533e-02 4.578718915581703186e-02 6.133069843053817749e-02 1.374868489801883698e-02 5.191139876842498779e-02 3.417822718620300293e-02 1.112771686166524887e-02 3.918267041444778442e-02 4.861880466341972351e-02 1.795863546431064606e-02 2.417560899630188942e-03 1.178452163003385067e-03 5.437057930976152420e-03 1.353411655873060226e-02 5.103514343500137329e-02 4.836590494960546494e-03 2.188559854403138161e-03 6.232035532593727112e-02 9.879755787551403046e-03 2.257843688130378723e-02 7.353518158197402954e-03 4.171911999583244324e-02 4.527082294225692749e-02 4.072231054306030273e-02 4.082145169377326965e-02 3.296069800853729248e-02 1.083427690900862217e-03 5.274163559079170227e-03 3.090319223701953888e-02 5.218670889735221863e-02 4.297044593840837479e-03 3.185209631919860840e-02 2.432111185044050217e-03 1.148995663970708847e-02 3.499887243378907442e-04 9.916750714182853699e-03 7.207190245389938354e-02 4.787005856633186340e-02 2.459376119077205658e-02 3.732312098145484924e-02 2.160218544304370880e-02 8.157497271895408630e-03 7.179776672273874283e-03 2.962696552276611328e-02 2.656563557684421539e-02 4.315951373428106308e-03 3.261919692158699036e-02 5.400234833359718323e-02 4.171535745263099670e-02 2.165053971111774445e-02 7.063850294798612595e-03 5.113780498504638672e-03 2.939631044864654541e-02 1.275628246366977692e-02 1.129061100073158741e-03 1.416828203946352005e-02 2.154072746634483337e-02 3.149140998721122742e-02 4.583550244569778442e-02 1.434780657291412354e-02 4.266585409641265869e-02 2.898716926574707031e-02 1.065644156187772751e-02 3.077430091798305511e-02 1.320672333240509033e-01 5.622008815407752991e-02 2.796283923089504242e-02 4.886215552687644958e-02 5.903078615665435791e-02 9.320095181465148926e-03 4.929204657673835754e-02 1.524001732468605042e-02 5.024075508117675781e-02 1.502188388258218765e-03 9.919350035488605499e-03 5.050445720553398132e-02 4.846595600247383118e-02 9.491486125625669956e-04 5.343318730592727661e-02 5.988405272364616394e-02 4.914822056889533997e-03 1.058738026767969131e-02 4.040316119790077209e-02 2.098017558455467224e-02 9.753621183335781097e-03 1.367144752293825150e-02 3.910611197352409363e-02 3.803018480539321899e-02 2.215030975639820099e-02 3.824950382113456726e-02 2.894597128033638000e-02 4.539559036493301392e-02 5.378348752856254578e-02 4.240379482507705688e-02 7.749516051262617111e-03 3.248972445726394653e-02
6.535788625478744507e-02 1.141680926084518433e-01 2.907028980553150177e-02 4.668951407074928284e-02 3.560044243931770325e-02 7.194701582193374634e-02 9.701286256313323975e-02 3.784929960966110229e-02 4.643882066011428833e-02 1.316600665450096130e-02 5.520558357238769531e-02 5.279832705855369568e-02 4.844098985195159912e-01 9.735040366649627686e-03 4.758274927735328674e-02 3.289737552404403687e-02 8.922092616558074951e-03 5.111664999276399612e-03 4.957061633467674255e-02 1.845917105674743652e-02 2.399286022409796715e-03 8.779058232903480530e-03 3.608573228120803833e-02 1.429066341370344162e-02 8.351798169314861298e-03 3.814442455768585205e-02 4.970757663249969482e-02 1.055714301764965057e-02 9.770812839269638062e-02 4.687582142651081085e-03 1.425443887710571289e-01 2.094701118767261505e-02 4.206578060984611511e-02 4.210286587476730347e-02 4.924155026674270630e-02 3.110147267580032349e-02 1.394041720777750015e-02 2.496585249900817871e-02 3.244653344154357910e-02 3.825330361723899841e-02 2.087168581783771515e-02 3.285826370120048523e-02 2.735672891139984131e-02 4.615386947989463806e-02 1.834574341773986816e-02 4.706421121954917908e-02 3.757750242948532104e-02 1.842787675559520721e-02 1.371625717729330063e-02 4.359048604965209961e-02 9.380606934428215027e-03 1.684067398309707642e-02 4.421206191182136536e-02 4.411373287439346313e-02 2.948498353362083435e-03 1.459874864667654037e-02 2.553085796535015106e-02 2.709307335317134857e-02 4.972384497523307800e-02 2.828443422913551331e-02 2.005331404507160187e-02 5.123350024223327637e-02 2.846978046000003815e-02 3.030024841427803040e-02 7.452351041138172150e-03 3.245501965284347534e-02 4.559078067541122437e-02 4.564070701599121094e-02 3.720184415578842163e-02 2.888247556984424591e-02 1.740253157913684845e-02 5.891090631484985352e-02 4.621039703488349915e-02 2.197186090052127838e-02 3.786860778927803040e-02 7.291126251220703125e-02 4.705172404646873474e-02 1.196313742548227310e-02 2.050109766423702240e-02 3.853730857372283936e-02 5.186172947287559509e-02 1.418701931834220886e-02 1.545425597578287125e-02 5.340472608804702759e-02 1.558927469886839390e-03 3.958345204591751099e-02 1.016001217067241669e-02 4.093710333108901978e-02 2.962941676378250122e-02 4.637696593999862671e-02 2.464507520198822021e-02 3.146674856543540955e-02 6.408941466361284256e-03 3.686352074146270752e-02 3.803475573658943176e-02 4.175343550741672516e-03 4.255989938974380493e-02 2.188328467309474945e-02 2.012149989604949951e-02 2.393348701298236847e-02 3.236931934952735901e-02 1.459698379039764404e-02 7.462246809154748917e-03 5.595481395721435547e-02 1.946910843253135681e-02 3.370472416281700134e-02 3.430035337805747986e-02 6.185157690197229385e-03 2.973880618810653687e-02 3.107360377907752991e-02 3.129914775490760803e-02 2.437934046611189842e-03 2.477470971643924713e-02 3.979565575718879700e-02 7.235352415591478348e-03 2.356235869228839874e-03
