5.430685877799987793e-01 1.046409606933593750e-01 4.464155063033103943e-02 1.079361513257026672e-02 1.220674160867929459e-02 8.180799335241317749e-02 7.562721520662307739e-02 1.647809706628322601e-02 2.015165425837039948e-02 3.373738378286361694e-02 7.772123813629150391e-02 2.471600286662578583e-02 7.550493627786636353e-02 4.367966577410697937e-02 4.611495509743690491e-02 2.709586173295974731e-03 6.855227518826723099e-03 4.469184577465057373e-02 1.334626786410808563e-02 2.191502790083177388e-05 4.105586092919111252e-03 4.258478805422782898e-02 7.941490970551967621e-03 1.386943459510803223e-02 2.323419554159045219e-03 5.887481383979320526e-03 3.992353007197380066e-02 8.904471062123775482e-03 1.398395374417304993e-02 3.905397607013583183e-03 6.732266861945390701e-03 5.450455471873283386e-03 1.258642040193080902e-02 1.256516482681035995e-02 1.966176368296146393e-02 1.773923449218273163e-02 1.689155586063861847e-02 2.056568302214145660e-02 3.297251090407371521e-02 9.448640048503875732e-03 2.079552039504051208e-02 3.563951700925827026e-03 1.044343039393424988e-02 3.884361684322357178e-02 7.273811846971511841e-03 1.285675563849508762e-03 4.443456605076789856e-02 4.202406108379364014e-02 1.763719134032726288e-02 2.840394899249076843e-02 2.372981794178485870e-02 6.254353094846010208e-03 1.282786577939987183e-02 8.917197585105895996e-03 2.035335078835487366e-02 1.314897555857896805e-02 1.861843466758728027e-02 2.831692807376384735e-02 1.764024980366230011e-02 2.085836417973041534e-02 2.704924903810024261e-02 4.334211349487304688e-02 2.416570298373699188e-02 4.067271575331687927e-02 2.681478671729564667e-02 1.767506822943687439e-02 1.140755019150674343e-03 7.197713945060968399e-03 2.936697192490100861e-02 1.309566665440797806e-02 4.816741496324539185e-02 3.456214815378189087e-02 9.327388368546962738e-03 3.284898400306701660e-02 6.734015420079231262e-03 1.370519958436489105e-02 2.688859216868877411e-02 4.352568835020065308e-02 1.816052943468093872e-02 1.291543897241353989e-02 2.632245607674121857e-02 3.531297296285629272e-02 6.228248123079538345e-03 2.299346588551998138e-02 1.794679835438728333e-02 1.544704777188599110e-03 1.095794513821601868e-02 2.248981967568397522e-02 1.704703271389007568e-02 4.551056027412414551e-02 9.184811642626300454e-05 1.505449227988719940e-02 8.214196190237998962e-03 3.160575637593865395e-03 6.099765654653310776e-03 4.174855537712574005e-03 2.568224258720874786e-02 3.860828652977943420e-02 1.939756236970424652e-02 2.527185901999473572e-02 9.203607914969325066e-04 8.534789085388183594e-03 4.293968155980110168e-02 1.137591060250997543e-02 8.613480022177100182e-04 3.311872854828834534e-02 2.635028772056102753e-02 4.184409603476524353e-02 1.065301243215799332e-02 2.445966564118862152e-02 3.891349956393241882e-02 1.871508918702602386e-02 2.049234695732593536e-03 1.964928815141320229e-03 3.161799535155296326e-02 4.376319050788879395e-02
1.046409606933593750e-01 5.415121912956237793e-01 3.245463967323303223e-02 2.684508450329303741e-02 2.803897298872470856e-02 8.271483331918716431e-02 9.057861566543579102e-02 1.486607268452644348e-02 4.357276111841201782e-02 4.214008897542953491e-02 7.067583501338958740e-02 1.752116158604621887e-02 9.029880911111831665e-02 5.344563350081443787e-02 4.297026991844177246e-02 4.206109326332807541e-03 6.568189244717359543e-03 1.632664352655410767e-02 4.949862341163679957e-05 3.305257065221667290e-03 3.550557186827063560e-03 3.484693542122840881e-02 5.331761203706264496e-03 4.886192735284566879e-03 1.453090365976095200e-02 1.397573668509721756e-02 4.645378515124320984e-02 3.280750010162591934e-03 5.511902738362550735e-03 9.458960033953189850e-03 3.486027568578720093e-02 3.286409890279173851e-03 2.555767819285392761e-02 1.222852431237697601e-02 8.227697573602199554e-03 2.427980303764343262e-02 2.523025684058666229e-02 3.329182416200637817e-02 2.005912736058235168e-02 4.954400938004255295e-03 2.877714857459068298e-02 1.905038021504878998e-03 8.211242384277284145e-04 3.644148632884025574e-02 1.380976382642984390e-02 6.334508303552865982e-03 4.172253981232643127e-02 5.420834943652153015e-02 3.758868947625160217e-02 1.057993061840534210e-02 3.286384418606758118e-02 2.387724816799163818e-02 6.507645361125469208e-03 5.838901852257549763e-04 3.209619969129562378e-02 3.375882282853126526e-03 1.354493107646703720e-02 6.321690976619720459e-03 2.838073484599590302e-02 8.613090962171554565e-03 4.565152525901794434e-02 4.004795104265213013e-02 2.861420065164566040e-02 2.180270478129386902e-02 2.894365973770618439e-02 2.804315881803631783e-04 4.745060112327337265e-03 3.549825865775346756e-03 4.842828586697578430e-02 1.681102626025676727e-02 4.662940651178359985e-02 1.952532678842544556e-02 6.961170583963394165e-03 3.967211768031120300e-02 4.215465858578681946e-03 3.903534263372421265e-03 4.354194551706314087e-02 4.296199604868888855e-02 2.578516677021980286e-02 2.648590505123138428e-02 2.989863418042659760e-02 3.586486354470252991e-02 1.398648228496313095e-02 1.022889930754899979e-02 2.808663249015808105e-02 1.198767498135566711e-02 7.164137903600931168e-03 1.480928063392639160e-02 3.203478083014488220e-02 4.123282432556152344e-02 1.582878082990646362e-02 3.033824823796749115e-02 4.329786077141761780e-02 1.540295407176017761e-02 1.087632868438959122e-02 6.834675557911396027e-03 1.125359069555997849e-02 3.551627323031425476e-02 2.812428027391433716e-02 2.505336888134479523e-02 9.125694050453603268e-04 1.070109475404024124e-02 3.257057815790176392e-02 2.860135212540626526e-02 1.663765683770179749e-02 4.573550820350646973e-02 3.303630650043487549e-02 4.344357177615165710e-02 2.304391469806432724e-03 6.590997800230979919e-03 3.610847890377044678e-02 2.792552858591079712e-02 8.025072747841477394e-04 1.140209008008241653e-02 2.830672636628150940e-02 3.672277182340621948e-02
4.464155063033103943e-02 3.245463967323303223e-02 5.170857310295104980e-01 3.742253407835960388e-02 2.894073911011219025e-02 1.177444215863943100e-02 1.211820449680089951e-02 8.964940160512924194e-02 2.782988175749778748e-02 4.363033175468444824e-02 2.041476778686046600e-02 2.353253215551376343e-02 9.336131624877452850e-03 6.102290935814380646e-03 3.941590432077646255e-03 2.553656324744224548e-02 1.029226183891296387e-02 5.871229805052280426e-03 1.381279900670051575e-02 3.552866727113723755e-02 2.661358192563056946e-02 2.531671896576881409e-02 1.055717561393976212e-02 5.501808598637580872e-03 2.573611587285995483e-02 4.045514389872550964e-02 5.384589545428752899e-03 1.816925406455993652e-02 1.562692783772945404e-02 3.210444375872612000e-02 1.552954409271478653e-02 2.786093950271606445e-02 1.512104272842407227e-02 2.774928882718086243e-02 8.883989066816866398e-04 1.956204883754253387e-02 1.627821847796440125e-02 5.655067786574363708e-02 1.416767574846744537e-02 9.540697559714317322e-03 7.288592308759689331e-02 2.410823851823806763e-02 1.863704249262809753e-02 6.113508716225624084e-03 2.028830908238887787e-02 3.051685541868209839e-02 8.440176025032997131e-03 2.172928303480148315e-02 1.068811491131782532e-02 5.842816550284624100e-03 2.714938856661319733e-02 2.715388871729373932e-02 1.888340339064598083e-02 3.055308572947978973e-02 8.337910287082195282e-03 2.631830424070358276e-02 3.247519955039024353e-02 4.526262357831001282e-02 2.936035394668579102e-03 2.925232797861099243e-02 2.704112976789474487e-02 2.593764849007129669e-02 1.284921728074550629e-02 4.119779914617538452e-02 1.351444888859987259e-02 3.165033087134361267e-02 2.420632913708686829e-02 3.632227331399917603e-02 1.137922052294015884e-02 4.734958056360483170e-03 7.562880869954824448e-03 4.401777684688568115e-02 8.785805664956569672e-03 3.447872027754783630e-02 2.786867320537567139e-02 1.154674403369426727e-02 2.890553697943687439e-02 1.068761944770812988e-02 2.275126054883003235e-02 8.254751563072204590e-03 2.075780332088470459e-01 2.519384622573852539e-01 2.682198584079742432e-02 3.055075928568840027e-02 3.462609276175498962e-02 5.430079763755202293e-04 6.922912597656250000e-02 7.659722585231065750e-03 3.628218173980712891e-02 9.472112171351909637e-03 1.697647757828235626e-02 3.459946438670158386e-02 2.391397394239902496e-02 2.185189351439476013e-02 2.687721746042370796e-03 7.498322054743766785e-03 4.601288214325904846e-02 2.385456115007400513e-02 1.275891810655593872e-02 1.135597750544548035e-02 4.322699084877967834e-02 2.123302221298217773e-02 1.625210791826248169e-02 3.401258587837219238e-02 3.303843736648559570e-02 2.981241792440414429e-02 2.905123122036457062e-02 2.086636051535606384e-02 2.608301490545272827e-02 6.659497972577810287e-03 7.524699717760086060e-02 1.681034080684185028e-02 3.249958157539367676e-02 1.781886816024780273e-02 3.675361350178718567e-02 1.864260435104370117e-02
1.079361513257026672e-02 2.684508450329303741e-02 3.742253407835960388e-02 5.301522612571716309e-01 1.695972979068756104e-01 2.702637016773223877e-02 3.002877160906791687e-02 1.149892620742321014e-02 2.915839850902557373e-02 3.770975396037101746e-03 3.187220171093940735e-02 4.271839186549186707e-02 2.615894563496112823e-02 2.532758377492427826e-02 1.369629427790641785e-02 5.098525434732437134e-02 2.860431931912899017e-02 6.135528534650802612e-02 5.011101439595222473e-02 1.923919655382633209e-02 2.663674391806125641e-02 2.607798017561435699e-02 1.713957823812961578e-02 4.029225930571556091e-02 2.835997380316257477e-02 7.109289523214101791e-03 1.986988820135593414e-02 4.895243048667907715e-02 4.188218340277671814e-02 2.013875171542167664e-02 1.095718890428543091e-02 1.884937472641468048e-02 6.729129701852798462e-03 1.262875553220510483e-02 2.208519540727138519e-02 2.459387108683586121e-02 3.883858770132064819e-02 2.156244963407516479e-02 6.756216287612915039e-02 6.571894884109497070e-02 3.249296918511390686e-02 1.373446080833673477e-02 3.874376043677330017e-02 1.317114569246768951e-02 1.310872752219438553e-02 1.816287823021411896e-02 3.302132338285446167e-02 8.797791786491870880e-03 1.895259693264961243e-02 1.701562106609344482e-02 1.817914843559265137e-02 4.847482312470674515e-03 6.374931428581476212e-03 3.314622864127159119e-02 4.074118286371231079e-02 5.049632862210273743e-02 5.342779681086540222e-02 3.016247646883130074e-03 4.543770570307970047e-03 8.982894010841846466e-03 6.205435097217559814e-02 1.233719667652621865e-04 4.732034727931022644e-02 1.650465652346611023e-02 7.186207920312881470e-03 2.190918475389480591e-02 3.475183248519897461e-02 2.460714243352413177e-02 1.166014280170202255e-02 2.718937397003173828e-02 3.374408930540084839e-02 4.767278954386711121e-02 9.178077429533004761e-02 3.471782431006431580e-02 2.605910971760749817e-02 2.089375443756580353e-02 3.198889642953872681e-02 4.373062402009963989e-02 2.435927651822566986e-02 2.997192787006497383e-03 1.399158872663974762e-02 2.319121500477194786e-03 7.889185845851898193e-02 1.690890826284885406e-02 2.583990618586540222e-02 4.226570576429367065e-02 1.803355850279331207e-02 9.886560030281543732e-03 9.026040136814117432e-02 2.100069075822830200e-02 2.882895246148109436e-02 3.618722036480903625e-02 2.287319675087928772e-02 1.190903037786483765e-02 1.167072448879480362e-02 4.557835310697555542e-02 3.290790191385895014e-04 6.816486828029155731e-03 3.563260659575462341e-02 2.491530217230319977e-02 1.934484392404556274e-02 4.395230486989021301e-02 3.397643566131591797e-02 2.010437287390232086e-02 7.837530574761331081e-04 4.478561691939830780e-03 2.038608305156230927e-03 4.460267350077629089e-02 3.388448804616928101e-02 4.142452031373977661e-02 1.176450960338115692e-02 2.084700763225555420e-02 2.730293385684490204e-02 6.002016831189393997e-03 4.332524910569190979e-02 3.296361863613128662e-02
1.220674160867929459e-02 2.803897298872470856e-02 2.894073911011219025e-02 1.695972979068756104e-01 5.317435860633850098e-01 2.660888805985450745e-02 3.429254889488220215e-02 1.490156073123216629e-02 2.519476599991321564e-02 5.147770419716835022e-02 4.493650048971176147e-02 2.517474442720413208e-02 3.404134139418601990e-02 3.347877413034439087e-02 6.658005062490701675e-03 4.019556939601898193e-02 5.489542707800865173e-02 7.541175931692123413e-02 2.625141665339469910e-02 2.908349968492984772e-02 3.310321271419525146e-02 9.700051508843898773e-03 1.050731167197227478e-02 2.729971148073673248e-02 5.015090852975845337e-02 3.830253332853317261e-02 3.936797752976417542e-02 3.748668730258941650e-02 3.010117262601852417e-02 2.175928466022014618e-02 1.723423972725868225e-02 2.308898046612739563e-02 3.371505066752433777e-02 9.556345641613006592e-03 4.427372291684150696e-02 1.873980462551116943e-02 2.332146093249320984e-02 3.927780687808990479e-02 8.830628544092178345e-02 1.273741871118545532e-01 1.158493105322122574e-02 1.031458470970392227e-02 2.497193962335586548e-02 1.995964162051677704e-02 2.461025677621364594e-02 1.864313893020153046e-02 4.144996032118797302e-02 2.767166867852210999e-02 1.891651190817356110e-02 1.410431694239377975e-02 3.281087428331375122e-02 2.661194093525409698e-02 2.472506836056709290e-03 2.892679907381534576e-02 3.538827225565910339e-02 2.129013650119304657e-02 1.493712188675999641e-03 1.301800087094306946e-02 6.681893719360232353e-04 5.070277024060487747e-03 3.695590421557426453e-02 3.579888120293617249e-02 2.393162436783313751e-02 2.308157645165920258e-02 5.326935090124607086e-03 6.136567331850528717e-03 4.579382017254829407e-02 4.312865808606147766e-02 2.248150110244750977e-02 2.378451079130172729e-02 2.039700048044323921e-03 2.772446349263191223e-02 7.158697396516799927e-02 1.196832116693258286e-02 5.336839705705642700e-02 5.147062707692384720e-03 2.347006089985370636e-02 2.013557031750679016e-02 2.900720387697219849e-02 1.648882962763309479e-02 2.648123912513256073e-02 9.748402051627635956e-03 7.437542080879211426e-02 1.035610958933830261e-01 3.488220646977424622e-02 4.263962060213088989e-02 1.973108761012554169e-02 2.801312599331140518e-03 6.576671451330184937e-02 2.281623147428035736e-02 1.278599607758224010e-03 2.530042082071304321e-02 3.827553614974021912e-02 5.643180338665843010e-04 1.255109719932079315e-02 2.614338509738445282e-02 2.951878122985363007e-03 2.829565666615962982e-02 2.979745715856552124e-02 4.430570825934410095e-02 1.439181435853242874e-02 2.968492917716503143e-02 4.300055280327796936e-02 2.928738668560981750e-02 2.438665367662906647e-02 2.061771415174007416e-02 1.368103642016649246e-02 2.298389188945293427e-02 4.117077216506004333e-02 3.136815875768661499e-02 1.636108756065368652e-02 6.395807955414056778e-03 2.925328165292739868e-02 1.335490308701992035e-02 2.080236934125423431e-02 7.252621930092573166e-03
8.180799335241317749e-02 8.271483331918716431e-02 1.177444215863943100e-02 2.702637016773223877e-02 2.660888805985450745e-02 5.396052598953247070e-01 1.072044894099235535e-01 9.440863505005836487e-03 6.118740886449813843e-03 3.318606317043304443e-02 5.922350659966468811e-02 6.565006822347640991e-02 4.789704084396362305e-02 8.932923525571823120e-02 3.369167819619178772e-02 2.095110900700092316e-02 1.865508034825325012e-02 2.988546155393123627e-02 4.030982963740825653e-03 7.082551717758178711e-03 3.168729599565267563e-03 2.997325174510478973e-02 3.569445572793483734e-03 1.862160977907478809e-03 2.472727373242378235e-02 1.600673981010913849e-02 4.209671169519424438e-02 5.315209925174713135e-02 4.338448867201805115e-02 2.876749262213706970e-02 3.195745870471000671e-02 4.306273534893989563e-03 3.105535171926021576e-02 2.556360792368650436e-03 9.191086515784263611e-03 1.060965005308389664e-02 4.657865501940250397e-04 3.475600853562355042e-02 2.935115247964859009e-02 9.384203702211380005e-03 1.449428498744964600e-02 7.372236810624599457e-03 1.664304547011852264e-02 9.970415383577346802e-03 6.008031195960938931e-04 1.242686412297189236e-03 7.042215019464492798e-02 3.729749098420143127e-02 3.735871613025665283e-02 4.014603421092033386e-02 1.654759980738162994e-02 1.614955137483775616e-03 1.574715226888656616e-02 2.650058828294277191e-02 2.314705774188041687e-02 1.786365360021591187e-02 2.952104434370994568e-02 2.994778007268905640e-02 4.092404246330261230e-02 3.227588534355163574e-02 2.417520247399806976e-02 3.975671157240867615e-02 2.883763238787651062e-02 4.666341096162796021e-02 5.149407312273979187e-02 4.055945575237274170e-02 2.587747015058994293e-02 1.866964064538478851e-02 3.782831877470016479e-02 1.708235591650009155e-02 4.210004583001136780e-02 1.903394423425197601e-02 1.498155016452074051e-02 3.234760090708732605e-02 3.161620115861296654e-03 1.196881383657455444e-02 3.538392856717109680e-02 3.098473511636257172e-02 2.609056420624256134e-02 2.518428955227136612e-03 4.493185505270957947e-02 8.991663344204425812e-03 3.825559280812740326e-03 3.354787826538085938e-02 1.396288163959980011e-02 8.298837579786777496e-03 5.921637639403343201e-04 1.110576186329126358e-02 9.368333965539932251e-03 2.049419656395912170e-02 1.335741486400365829e-02 3.819957748055458069e-02 7.136418484151363373e-03 3.551478683948516846e-02 6.897309795022010803e-03 6.130818743258714676e-03 1.406455505639314651e-02 3.410764783620834351e-02 2.342653833329677582e-02 1.134836114943027496e-02 9.003432467579841614e-03 3.908654674887657166e-03 2.408173866569995880e-02 3.016442246735095978e-02 2.790299244225025177e-02 4.711056873202323914e-02 8.290449157357215881e-03 3.208494931459426880e-02 7.230045739561319351e-03 5.087528750300407410e-02 3.025814332067966461e-02 4.853842779994010925e-02 8.406341075897216797e-03 1.770608010701835155e-03 3.573687747120857239e-02 2.775428257882595062e-02
7.562721520662307739e-02 9.057861566543579102e-02 1.211820449680089951e-02 3.002877160906791687e-02 3.429254889488220215e-02 1.072044894099235535e-01 5.398019552230834961e-01 1.801678910851478577e-02 3.918413817882537842e-02 1.972150057554244995e-02 6.326667219400405884e-02 1.987026818096637726e-02 7.642880082130432129e-02 7.613416761159896851e-02 5.616844631731510162e-03 5.017391405999660492e-03 1.952604949474334717e-02 1.117502432316541672e-02 4.007338546216487885e-03 2.947718137875199318e-03 1.557874307036399841e-02 1.747140847146511078e-02 3.044064389541745186e-03 8.392743766307830811e-03 2.470985613763332367e-02 1.280761137604713440e-02 3.823416680097579956e-02 7.038957905024290085e-03 7.353679277002811432e-03 1.458295009797438979e-04 1.505568530410528183e-02 1.114109996706247330e-02 2.245962992310523987e-02 1.521600317209959030e-02 4.673795308917760849e-03 6.051516626030206680e-03 6.424447987228631973e-03 3.197141364216804504e-02 1.191753335297107697e-02 4.774583876132965088e-02 2.365653589367866516e-02 1.501215901225805283e-02 2.124198898673057556e-02 1.099234353750944138e-02 9.255570359528064728e-03 2.344287186861038208e-02 9.601169079542160034e-02 1.061459332704544067e-01 3.812240436673164368e-02 1.334531418979167938e-02 1.110095717012882233e-02 3.427793271839618683e-03 2.557362988591194153e-02 3.590467944741249084e-02 2.279270812869071960e-02 2.982305362820625305e-02 2.895554900169372559e-02 2.557280845940113068e-02 3.376527503132820129e-02 1.403463073074817657e-02 2.842468768358230591e-02 4.194720089435577393e-02 1.263844408094882965e-02 3.159073740243911743e-02 2.299016900360584259e-02 4.554245970211923122e-04 7.736414205282926559e-03 2.071553282439708710e-02 4.097840562462806702e-02 8.290130645036697388e-03 3.957771509885787964e-02 9.296096861362457275e-03 4.978178068995475769e-03 2.702802605926990509e-02 5.318693816661834717e-03 1.451897248625755310e-02 4.496521502733230591e-02 4.012396931648254395e-02 3.470681235194206238e-02 2.259415760636329651e-02 3.702177107334136963e-02 1.823850534856319427e-02 1.791927730664610863e-03 1.107701100409030914e-02 1.334827486425638199e-02 2.306162752211093903e-02 1.011314149945974350e-02 1.437815080862492323e-05 4.022483527660369873e-02 4.400877654552459717e-02 3.660959750413894653e-02 2.741092257201671600e-02 4.592332616448402405e-02 2.250683866441249847e-02 1.061968971043825150e-02 2.716985996812582016e-03 2.277918532490730286e-02 3.029068186879158020e-02 2.092885971069335938e-02 7.036123424768447876e-04 1.383111346513032913e-02 1.510060206055641174e-02 4.062620922923088074e-02 3.472032025456428528e-02 5.007629841566085815e-02 3.853038698434829712e-02 4.579357337206602097e-03 2.964697964489459991e-02 3.854496404528617859e-02 3.892540186643600464e-02 2.259278669953346252e-02 3.302839398384094238e-02 2.034062519669532776e-02 1.120074838399887085e-02 3.091642633080482483e-02 2.960981987416744232e-02
1.647809706628322601e-02 1.486607268452644348e-02 8.964940160512924194e-02 1.149892620742321014e-02 1.490156073123216629e-02 9.440863505005836487e-03 1.801678910851478577e-02 5.306464433670043945e-01 1.531309634447097778e-02 1.204012706875801086e-02 4.381690174341201782e-02 7.284513674676418304e-03 4.397713392972946167e-02 1.086601614952087402e-02 8.251199871301651001e-02 1.150020398199558258e-02 1.926220580935478210e-02 4.381597042083740234e-02 2.299393527209758759e-02 4.291314166039228439e-03 1.590740750543773174e-03 3.397053852677345276e-02 2.068974822759628296e-02 1.320086885243654251e-02 2.228475175797939301e-02 2.604112494736909866e-03 2.518714778125286102e-02 3.246084228157997131e-02 2.216866984963417053e-02 2.789374999701976776e-02 4.098758101463317871e-02 1.298627234064042568e-03 5.294489208608865738e-03 5.241554230451583862e-03 2.028370648622512817e-02 3.249180037528276443e-03 1.493774447590112686e-02 1.513362047262489796e-03 6.543520838022232056e-02 1.316126342862844467e-02 1.097738835960626602e-02 1.110952161252498627e-02 1.100518926978111267e-02 9.532809257507324219e-03 1.195687055587768555e-02 6.026740302331745625e-04 3.172344714403152466e-02 1.967137865722179413e-02 2.909596636891365051e-02 4.313891381025314331e-02 4.593116044998168945e-02 2.522902004420757294e-02 1.860790885984897614e-02 6.395628303289413452e-02 4.313990846276283264e-02 1.576116867363452911e-02 1.442741882055997849e-02 8.002500049769878387e-03 1.321788877248764038e-02 1.647870428860187531e-02 1.868775300681591034e-02 4.096850380301475525e-02 2.858122251927852631e-02 2.812624163925647736e-02 8.434205316007137299e-03 6.673892494291067123e-03 1.878493838012218475e-02 2.486812183633446693e-03 2.690256573259830475e-02 5.222111474722623825e-03 2.955129742622375488e-02 1.313388906419277191e-02 1.885909773409366608e-02 2.075974643230438232e-02 2.530788816511631012e-02 3.190842270851135254e-02 1.820877194404602051e-02 3.726546093821525574e-02 2.234542509540915489e-03 3.373070433735847473e-02 1.300708949565887451e-01 6.830669194459915161e-02 3.303429856896400452e-02 6.084112916141748428e-03 1.210381393320858479e-03 9.070015512406826019e-03 8.206102997064590454e-02 6.216823309659957886e-02 3.578789904713630676e-02 2.716313861310482025e-02 3.415346145629882812e-02 1.116002909839153290e-02 2.459850162267684937e-02 2.677553705871105194e-02 2.449408359825611115e-02 2.048917300999164581e-02 1.240508910268545151e-02 3.664424642920494080e-02 2.719300054013729095e-02 3.143442049622535706e-02 8.542896248400211334e-03 5.100330337882041931e-03 4.352430626749992371e-02 8.224306628108024597e-03 5.317603424191474915e-02 2.254940383136272430e-02 1.643125712871551514e-02 2.435076236724853516e-02 2.657225355505943298e-02 1.544336229562759399e-02 1.727662421762943268e-02 2.998031489551067352e-02 1.850096881389617920e-02 3.423101734369993210e-03 4.272570833563804626e-02 3.709789738059043884e-02
2.015165425837039948e-02 4.357276111841201782e-02 2.782988175749778748e-02 2.915839850902557373e-02 2.519476599991321564e-02 6.118740886449813843e-03 3.918413817882537842e-02 1.531309634447097778e-02 5.440526604652404785e-01 4.777692630887031555e-02 4.878006130456924438e-02 6.165650486946105957e-02 3.871690109372138977e-02 1.977654546499252319e-02 2.720031887292861938e-02 1.030162628740072250e-02 3.925017663277685642e-04 9.383096545934677124e-02 1.277074776589870453e-02 1.018569618463516235e-02 3.142144903540611267e-02 9.246432222425937653e-03 2.767493203282356262e-02 1.334651838988065720e-02 4.147615656256675720e-02 6.576717831194400787e-03 3.761390969157218933e-02 1.607635803520679474e-02 3.487886860966682434e-02 1.020709332078695297e-02 2.732175774872303009e-02 1.566631603054702282e-03 4.972421005368232727e-02 4.141399636864662170e-02 4.413706436753273010e-02 5.233619362115859985e-03 1.411038264632225037e-02 4.153087735176086426e-02 2.700842916965484619e-02 7.125009782612323761e-03 1.251957658678293228e-02 3.045152639970183372e-03 1.317264512181282043e-02 2.517156302928924561e-02 3.355258330702781677e-02 2.413909323513507843e-02 3.373444825410842896e-02 4.798594117164611816e-02 8.022889494895935059e-02 2.905708097387105227e-04 2.271498925983905792e-02 1.315253321081399918e-02 5.003425478935241699e-02 3.178215585649013519e-03 9.351787716150283813e-02 7.713861763477325439e-03 3.364665433764457703e-02 1.058104168623685837e-02 3.009384311735630035e-02 3.874398767948150635e-02 2.523397281765937805e-02 5.270849447697401047e-03 2.314481884241104126e-02 1.017991174012422562e-02 5.151771754026412964e-02 2.168561518192291260e-02 5.058600381016731262e-02 4.894690215587615967e-02 6.223913654685020447e-02 8.203511126339435577e-03 3.125585615634918213e-02 1.085119321942329407e-02 8.191065862774848938e-03 1.854689233005046844e-02 2.261175401508808136e-02 3.819909645244479179e-03 9.484066814184188843e-02 5.222363770008087158e-02 5.448662862181663513e-02 9.683679789304733276e-03 6.083541666157543659e-04 1.876111887395381927e-02 1.128910481929779053e-02 2.513556182384490967e-02 2.606868557631969452e-02 2.038783952593803406e-02 2.800097689032554626e-02 1.787420548498630524e-02 7.989435642957687378e-02 5.184322595596313477e-02 3.265038505196571350e-02 3.819645941257476807e-02 3.180734813213348389e-02 2.410671440884470940e-03 1.883294084109365940e-03 1.880516670644283295e-02 5.544071272015571594e-02 1.212284713983535767e-02 3.579823300242424011e-02 5.515241529792547226e-03 7.095651701092720032e-03 2.612089179456233978e-02 2.723491378128528595e-02 1.629874855279922485e-02 4.918029531836509705e-02 3.860256820917129517e-02 3.256946802139282227e-02 5.707268137484788895e-03 3.212464600801467896e-02 2.564901299774646759e-02 1.280644722282886505e-02 2.598969452083110809e-02 4.136807098984718323e-02 2.668259851634502411e-02 7.391724735498428345e-03 1.281249709427356720e-02
3.373738378286361694e-02 4.214008897542953491e-02 4.363033175468444824e-02 3.770975396037101746e-03 5.147770419716835022e-02 3.318606317043304443e-02 1.972150057554244995e-02 1.204012706875801086e-02 4.777692630887031555e-02 5.498247146606445312e-01 1.743143983185291290e-02 2.366617135703563690e-02 1.647510565817356110e-02 5.596185848116874695e-02 2.173587866127490997e-02 1.144154649227857590e-02 4.504130035638809204e-02 1.337521360255777836e-03 1.544642746448516846e-01 2.182799391448497772e-02 5.254646390676498413e-02 2.818057872354984283e-02 1.730576157569885254e-02 7.537191361188888550e-02 5.008405074477195740e-02 1.846830546855926514e-02 9.183781221508979797e-03 2.447050251066684723e-02 2.071218378841876984e-02 1.416113413870334625e-02 3.645776584744453430e-02 4.864184558391571045e-02 1.836968399584293365e-02 9.099173359572887421e-03 1.187010202556848526e-02 2.490676008164882660e-02 3.238985314965248108e-02 1.275435648858547211e-02 9.918105788528919220e-03 4.714817926287651062e-02 5.829882342368364334e-03 3.427178040146827698e-02 1.945405825972557068e-02 2.829540171660482883e-04 4.513981938362121582e-02 1.435670349746942520e-02 2.851661667227745056e-02 1.754931733012199402e-02 2.088912948966026306e-02 1.370616853237152100e-01 2.758056297898292542e-02 1.485590916126966476e-02 7.138173561543226242e-03 1.220720354467630386e-02 2.608548291027545929e-02 1.027276962995529175e-01 5.536890774965286255e-02 1.235492900013923645e-02 2.030001021921634674e-02 8.215405046939849854e-03 2.311337180435657501e-02 2.763716876506805420e-02 4.828765243291854858e-02 2.131861075758934021e-02 2.258483506739139557e-02 2.005518786609172821e-02 2.172942459583282471e-02 3.281962871551513672e-02 6.391045171767473221e-03 1.070349849760532379e-02 7.709352672100067139e-02 9.195735328830778599e-04 4.891566559672355652e-02 5.947515740990638733e-02 1.677560992538928986e-02 2.736553922295570374e-02 1.093497406691312790e-02 2.006921917200088501e-01 1.177713554352521896e-02 2.052100896835327148e-01 1.909029111266136169e-02 1.284056226722896099e-03 1.471546199172735214e-02 1.292466670274734497e-01 2.927970513701438904e-02 1.616034284234046936e-02 1.343808788806200027e-02 1.542379520833492279e-02 1.251926179975271225e-02 1.170172244310379028e-01 3.776894137263298035e-02 3.455834090709686279e-02 4.012547060847282410e-02 2.279418054968118668e-03 2.920079044997692108e-02 4.532082937657833099e-03 2.166822552680969238e-02 1.031591836363077164e-02 1.830750703811645508e-02 4.082371294498443604e-02 4.217960685491561890e-02 1.341768656857311726e-03 3.663057833909988403e-02 8.462300524115562439e-03 4.266092181205749512e-02 3.174920752644538879e-02 3.373974189162254333e-02 2.025193767622113228e-03 1.978224329650402069e-02 3.311839327216148376e-02 2.000904642045497894e-02 4.516413435339927673e-02 2.721427381038665771e-02 4.223838448524475098e-02 3.953234851360321045e-02 1.668660715222358704e-02
7.772123813629150391e-02 7.067583501338958740e-02 2.041476778686046600e-02 3.187220171093940735e-02 4.493650048971176147e-02 5.922350659966468811e-02 6.326667219400405884e-02 4.381690174341201782e-02 4.878006130456924438e-02 1.743143983185291290e-02 5.453735589981079102e-01 1.618406386114656925e-03 9.410670399665832520e-02 2.081353031098842621e-02 5.015217512845993042e-02 1.289602462202310562e-02 2.733507193624973297e-02 2.144851535558700562e-02 6.283474154770374298e-03 4.374472890049219131e-03 1.152316853404045105e-02 3.496268764138221741e-02 1.832561194896697998e-02 1.370596233755350113e-02 1.307835523039102554e-02 2.144278585910797119e-02 2.077874727547168732e-02 9.974084794521331787e-03 1.698489487171173096e-02 7.655283901840448380e-03 5.354415625333786011e-04 1.778233418008312583e-04 3.362391376867890358e-03 2.198263257741928101e-02 2.538176812231540680e-02 1.282577961683273315e-02 2.627178095281124115e-02 2.976690232753753662e-02 2.273275144398212433e-02 4.305194132030010223e-03 1.133048627525568008e-02 2.493754401803016663e-02 2.261695684865117073e-03 2.817025966942310333e-02 2.381257712841033936e-02 6.758989300578832626e-03 5.941157042980194092e-02 4.975564405322074890e-02 3.660157695412635803e-02 2.943434752523899078e-02 4.693405330181121826e-02 1.010555122047662735e-02 1.455339835956692696e-03 1.957839541137218475e-02 3.709859028458595276e-02 2.989514172077178955e-02 2.267747186124324799e-02 1.578599400818347931e-02 1.563877984881401062e-02 1.563518890179693699e-03 2.984831109642982483e-02 2.594091743230819702e-02 4.944990947842597961e-02 2.001952938735485077e-02 1.770568639039993286e-02 2.708029747009277344e-02 4.930039867758750916e-03 7.971919141709804535e-03 3.830165043473243713e-02 1.061066612601280212e-02 4.293987154960632324e-02 3.812013193964958191e-02 1.907330192625522614e-02 5.216872319579124451e-03 3.559019044041633606e-02 2.942800335586071014e-02 4.894337430596351624e-02 1.719021797180175781e-02 4.742882400751113892e-02 4.830428864806890488e-03 1.210012845695018768e-02 2.342185750603675842e-02 4.736597463488578796e-02 1.150140166282653809e-02 1.837658695876598358e-02 8.227011188864707947e-03 3.772680461406707764e-02 3.950978443026542664e-02 4.121714085340499878e-02 2.303251624107360840e-02 8.817873895168304443e-03 2.368332818150520325e-02 1.967429555952548981e-02 2.189224213361740112e-02 2.093878760933876038e-02 1.058037020266056061e-02 4.248267039656639099e-02 1.404484827071428299e-02 2.612340450286865234e-02 1.901292800903320312e-02 1.321902405470609665e-02 4.206311423331499100e-03 2.881610766053199768e-02 6.412701914086937904e-04 2.055375080090016127e-04 2.053421176970005035e-02 1.503876131027936935e-02 5.010696873068809509e-02 1.928492635488510132e-02 1.532568968832492828e-02 3.393635153770446777e-02 2.492479607462882996e-02 1.659211143851280212e-02 8.264071308076381683e-03 3.108236938714981079e-02 2.993268705904483795e-02
2.471600286662578583e-02 1.752116158604621887e-02 2.353253215551376343e-02 4.271839186549186707e-02 2.517474442720413208e-02 6.565006822347640991e-02 1.987026818096637726e-02 7.284513674676418304e-03 6.165650486946105957e-02 2.366617135703563690e-02 1.618406386114656925e-03 5.423512458801269531e-01 2.540931664407253265e-02 1.300310045480728149e-01 3.038766793906688690e-02 2.251774072647094727e-02 1.173487864434719086e-02 1.306755281984806061e-02 1.194708049297332764e-02 2.696870593354105949e-03 1.412717066705226898e-02 1.828268170356750488e-02 3.683919087052345276e-02 1.536718197166919708e-02 2.022696845233440399e-02 6.582789588719606400e-03 3.454633429646492004e-02 1.259714514017105103e-01 8.188718929886817932e-03 1.081989333033561707e-01 6.845675874501466751e-03 1.865335553884506226e-02 3.710795193910598755e-02 4.982766136527061462e-02 3.199908882379531860e-02 2.167660277336835861e-03 2.373629063367843628e-02 4.419256374239921570e-02 1.477982755750417709e-02 7.037444040179252625e-03 4.164006933569908142e-02 1.146978791803121567e-02 2.464100485667586327e-03 1.046106684952974319e-02 4.419203475117683411e-02 3.680780064314603806e-03 9.364435449242591858e-03 3.389808535575866699e-02 1.282634027302265167e-02 1.699082367122173309e-02 1.132816169410943985e-02 7.803947199136018753e-03 9.255391545593738556e-03 2.029541693627834320e-02 3.318401984870433807e-03 5.198491364717483521e-02 7.509037386626005173e-03 1.477271597832441330e-02 2.680015284568071365e-03 6.464291829615831375e-03 2.606207318603992462e-02 4.346521571278572083e-02 3.519108891487121582e-02 1.124353427439928055e-02 4.045692831277847290e-02 4.850485548377037048e-02 1.063055917620658875e-02 1.533538755029439926e-02 2.570280432701110840e-02 4.464170336723327637e-02 6.562164053320884705e-03 4.881665483117103577e-02 4.636004194617271423e-02 1.498585939407348633e-02 1.044154446572065353e-02 3.619447723031044006e-02 4.468831792473793030e-02 1.516720000654459000e-02 3.408772498369216919e-02 1.301855035126209259e-02 5.266545340418815613e-03 5.049015395343303680e-03 8.310589939355850220e-03 5.065235495567321777e-02 5.610391031950712204e-03 1.772794872522354126e-02 7.866744883358478546e-03 1.858915388584136963e-02 7.687588036060333252e-02 2.550278417766094208e-02 4.145491868257522583e-02 2.758866734802722931e-02 5.272481590509414673e-02 3.809173405170440674e-02 2.497014589607715607e-02 5.673165619373321533e-02 2.480310387909412384e-02 2.087889006361365318e-03 1.855679042637348175e-02 2.921888045966625214e-02 3.837902471423149109e-02 4.679215699434280396e-02 1.818495988845825195e-02 2.405764907598495483e-02 2.817846834659576416e-02 2.818736247718334198e-02 4.330423101782798767e-02 3.735749796032905579e-02 2.438054606318473816e-02 4.346167296171188354e-02 1.705092005431652069e-02 8.892044425010681152e-04 5.357390036806464195e-04 9.844214655458927155e-04 9.129255078732967377e-03 3.786856681108474731e-02
7.550493627786636353e-02 9.029880911111831665e-02 9.336131624877452850e-03 2.615894563496112823e-02 3.404134139418601990e-02 4.789704084396362305e-02 7.642880082130432129e-02 4.397713392972946167e-02 3.871690109372138977e-02 1.647510565817356110e-02 9.410670399665832520e-02 2.540931664407253265e-02 5.425040125846862793e-01 7.305806037038564682e-03 4.853733628988265991e-02 1.465108525007963181e-02 2.301185205578804016e-02 8.702181512489914894e-04 1.741377782309427857e-04 1.081147789955139160e-02 4.799657966941595078e-03 6.342465430498123169e-02 2.033928222954273224e-02 1.652373187243938446e-02 2.929101465269923210e-03 6.805533077567815781e-03 4.207081627100706100e-03 4.695394262671470642e-02 2.239127457141876221e-02 2.944875694811344147e-02 4.235031083226203918e-02 2.202900592237710953e-03 2.261489629745483398e-02 2.139538340270519257e-02 1.778806373476982117e-02 2.507828176021575928e-02 3.666255995631217957e-02 9.457254782319068909e-04 2.642527921125292778e-03 1.407224498689174652e-02 6.826030090451240540e-03 7.694939151406288147e-03 2.552986843511462212e-04 9.795539081096649170e-03 2.052834443747997284e-02 4.857711493968963623e-03 5.547843128442764282e-02 6.851140409708023071e-02 3.173470497131347656e-02 1.576459966599941254e-02 3.964961692690849304e-02 2.155127935111522675e-02 2.287412062287330627e-03 8.408074267208576202e-03 4.365735501050949097e-02 2.353049442172050476e-02 3.830533102154731750e-02 1.554287970066070557e-02 1.409000996500253677e-02 2.776827604975551367e-04 3.937940299510955811e-02 4.299717023968696594e-02 3.081769123673439026e-02 3.085093013942241669e-02 9.530950337648391724e-03 4.019878432154655457e-02 1.287236437201499939e-02 4.605486989021301270e-03 4.240615293383598328e-02 1.645283773541450500e-02 2.763184532523155212e-02 4.111553728580474854e-02 3.761074319481849670e-02 2.043025009334087372e-02 3.938526287674903870e-02 2.383058331906795502e-02 5.054268985986709595e-02 6.354297511279582977e-03 5.471552163362503052e-02 1.425331551581621170e-02 2.137364586815237999e-03 8.391686715185642242e-03 4.036472365260124207e-02 7.389667443931102753e-03 1.682665757834911346e-02 1.035643368959426880e-02 2.789794653654098511e-02 4.702635481953620911e-02 1.532300934195518494e-02 9.154113009572029114e-03 9.636363945901393890e-03 2.855318598449230194e-02 4.569708183407783508e-02 2.840824238955974579e-02 2.896055579185485840e-02 9.228123351931571960e-03 3.267428278923034668e-02 2.317517995834350586e-02 2.515977807343006134e-02 2.182929590344429016e-02 1.860358752310276031e-02 9.936981368809938431e-04 3.449851647019386292e-02 4.912398755550384521e-03 5.334442015737295151e-03 3.647931292653083801e-02 9.019764140248298645e-03 4.891724884510040283e-02 8.628479205071926117e-03 2.598297432996332645e-04 4.221195355057716370e-02 3.540169447660446167e-02 5.957515444606542587e-03 1.184052508324384689e-02 1.828313805162906647e-02 2.066116407513618469e-02
