5.503591895103454590e-01 7.420484721660614014e-02 3.094775229692459106e-02 4.798917472362518311e-02 2.465144917368888855e-02 6.592890620231628418e-02 5.670481547713279724e-02 3.530233725905418396e-02 2.402367629110813141e-02 3.032206930220127106e-02 7.013056427240371704e-02 2.551278844475746155e-02 5.726986378431320190e-02 4.082609340548515320e-02 4.872640594840049744e-03 4.628418385982513428e-02 4.107146337628364563e-02 1.410470227710902691e-03 4.619529936462640762e-03 2.695488370954990387e-02 2.504792250692844391e-02 2.526274882256984711e-02 2.353155985474586487e-02 1.811036963772494346e-05 1.387384999543428421e-02 1.405578386038541794e-02 4.745175316929817200e-02 3.611461445689201355e-02 1.407968159765005112e-02 2.900529466569423676e-02 2.840559929609298706e-02 3.649104386568069458e-02 1.134510990232229233e-02 4.847676306962966919e-02 3.075345186516642570e-03 4.850122332572937012e-02 1.443962380290031433e-02 9.806379675865173340e-03 4.560529440641403198e-02 4.940199851989746094e-02 2.842933870851993561e-02 5.974997300654649734e-03 1.194196660071611404e-02 1.444276794791221619e-02 1.931071397848427296e-03 1.695554703474044800e-02 5.382070690393447876e-02 3.218048810958862305e-02 2.974262088537216187e-02 8.840485475957393646e-03 3.018098324537277222e-02 1.986107090488076210e-03 3.946648444980382919e-03 3.086589509621262550e-03 1.776235178112983704e-02 4.528803750872612000e-03 1.409467402845621109e-02 3.187000285834074020e-03 1.643179729580879211e-02 3.901524003595113754e-03 1.901975646615028381e-02 3.310447186231613159e-02 4.517886321991682053e-03 1.740637049078941345e-02 1.427775155752897263e-02 2.749241702258586884e-02 1.620269566774368286e-02 4.886189848184585571e-02 2.634907513856887817e-02 1.925303600728511810e-02 1.375756040215492249e-02 3.083456493914127350e-02 2.787919342517852783e-02 4.114080592989921570e-02 3.520778939127922058e-02 3.683422505855560303e-02 4.553086683154106140e-02 1.846058852970600128e-02 2.676869556307792664e-02 1.729505881667137146e-02 4.518349841237068176e-02 2.736536785960197449e-02 3.550842404365539551e-03 1.866883784532546997e-02 1.265752874314785004e-02 1.087080780416727066e-02 1.312733255326747894e-02 1.068869419395923615e-02 1.190253254026174545e-02 5.693970713764429092e-03 4.153548926115036011e-02 6.632559746503829956e-02 1.874369569122791290e-02 1.390617713332176208e-02 2.530342712998390198e-02 1.253117993474006653e-02 2.684765681624412537e-02 2.677379176020622253e-02 1.369088329374790192e-02 3.325446508824825287e-03 3.095515258610248566e-02 1.536026503890752792e-02 7.387788500636816025e-03 8.113414980471134186e-03 1.387925725430250168e-02 5.097237974405288696e-02 2.792582847177982330e-02 2.047037146985530853e-02 9.761449880897998810e-03 2.059349231421947479e-02 5.753370001912117004e-03 4.232174903154373169e-02 1.692348718643188477e-02 9.830813854932785034e-03 1.345767080783843994e-02 1.397115271538496017e-02
7.420484721660614014e-02 5.484071969985961914e-01 3.131988272070884705e-02 5.104740336537361145e-02 3.436381369829177856e-02 5.658791586756706238e-02 6.590950489044189453e-02 1.443087402731180191e-02 3.473031520843505859e-02 2.932201139628887177e-02 5.467258393764495850e-02 2.480124309659004211e-02 5.760047584772109985e-02 4.951432347297668457e-02 1.640115864574909210e-02 1.964441873133182526e-02 3.196041285991668701e-02 1.006476022303104401e-02 1.829348132014274597e-02 1.490072254091501236e-02 2.774837426841259003e-02 1.518780644983053207e-02 1.375268562696874142e-03 1.153085101395845413e-02 1.931011490523815155e-02 1.475832983851432800e-02 4.600715637207031250e-02 4.833443462848663330e-02 6.185324862599372864e-03 3.059183992445468903e-02 2.042591571807861328e-02 5.246601253747940063e-02 1.867340411990880966e-03 3.949198499321937561e-02 3.550276232999749482e-05 4.200083017349243164e-02 4.874173086136579514e-03 1.626710966229438782e-02 4.257030785083770752e-02 4.430197179317474365e-02 4.771938547492027283e-03 2.741766860708594322e-03 1.571549102663993835e-02 5.213921889662742615e-02 5.185766611248254776e-03 2.223347686231136322e-02 3.583105280995368958e-02 2.811405062675476074e-02 4.576570168137550354e-02 1.818327605724334717e-02 4.226005449891090393e-02 2.243337035179138184e-02 1.039533410221338272e-03 1.485664863139390945e-03 3.335490589961409569e-03 2.729297056794166565e-02 1.615684665739536285e-02 5.935613997280597687e-03 1.576104573905467987e-02 7.936262525618076324e-03 7.016398012638092041e-03 8.062105625867843628e-03 1.328110345639288425e-03 2.157852984964847565e-02 2.437790669500827789e-02 2.006538026034832001e-02 9.802617132663726807e-03 3.904056921601295471e-02 1.001067738980054855e-02 1.525399368256330490e-02 1.663976162672042847e-02 4.110510647296905518e-02 3.593768179416656494e-02 4.309992119669914246e-02 3.579157963395118713e-02 2.552637085318565369e-02 3.487451002001762390e-02 4.114139080047607422e-02 1.582046039402484894e-02 2.016342431306838989e-02 2.650103159248828888e-02 3.615474328398704529e-02 2.923472784459590912e-02 2.135994657874107361e-02 1.216570660471916199e-02 2.405304834246635437e-02 4.722801502794027328e-03 1.760572381317615509e-02 6.584527902305126190e-03 9.324241429567337036e-03 3.164626657962799072e-02 5.497539043426513672e-02 2.029146812856197357e-02 2.095814608037471771e-02 3.733915463089942932e-02 6.412004120647907257e-03 1.461292617022991180e-02 2.366825938224792480e-02 1.727043837308883667e-02 1.102340035140514374e-02 4.258094355463981628e-02 8.325568400323390961e-03 4.424259532243013382e-03 5.627783015370368958e-03 4.485333804041147232e-03 4.143925756216049194e-02 2.929949201643466949e-02 1.485744118690490723e-02 1.015256624668836594e-02 8.024588227272033691e-03 9.498234838247299194e-03 6.305979192256927490e-02 2.371906675398349762e-02 2.117333468049764633e-03 1.421188190579414368e-02 1.897031255066394806e-02
3.094775229692459106e-02 3.131988272070884705e-02 5.221391916275024414e-01 1.772355288267135620e-02 2.415595343336462975e-03 2.960307523608207703e-02 2.380170917604118586e-04 3.365285694599151611e-02 2.677479945123195648e-02 2.559626474976539612e-02 8.180590346455574036e-03 4.553579911589622498e-02 3.762451466172933578e-03 1.065606437623500824e-02 3.057600557804107666e-02 3.883178904652595520e-02 4.265938326716423035e-02 3.860703483223915100e-02 1.597999036312103271e-02 9.636078029870986938e-04 1.749590225517749786e-02 3.140934556722640991e-02 1.128014177083969116e-03 5.986617412418127060e-03 9.666509926319122314e-03 4.995575547218322754e-02 2.238794602453708649e-02 3.622108697891235352e-02 4.301387071609497070e-02 2.531776949763298035e-02 6.862521171569824219e-03 1.680998690426349640e-02 2.714419551193714142e-02 1.383488066494464874e-02 2.627758309245109558e-02 1.918440684676170349e-02 2.914816141128540039e-02 4.970842599868774414e-02 3.803876042366027832e-02 8.552306331694126129e-03 3.773972764611244202e-02 5.368259735405445099e-03 3.378406539559364319e-02 3.015733696520328522e-02 9.219098836183547974e-03 2.765261335298418999e-03 2.346202172338962555e-02 3.764031687751412392e-03 4.635436087846755981e-02 1.876970194280147552e-02 3.822056576609611511e-02 7.676389068365097046e-03 2.920027356594800949e-03 4.548144526779651642e-03 1.315522007644176483e-02 1.244818139821290970e-02 1.402560714632272720e-02 4.330620169639587402e-02 2.180425263941287994e-02 3.229266032576560974e-02 3.649017214775085449e-02 4.594040568917989731e-03 2.339349593967199326e-03 1.267810817807912827e-02 4.878369718790054321e-02 3.840910270810127258e-03 1.508489251136779785e-02 2.095694467425346375e-02 4.448861628770828247e-02 4.390478879213333130e-02 5.751444492489099503e-03 4.825669527053833008e-02 3.058242378756403923e-03 6.169718131422996521e-02 1.046814117580652237e-02 2.663956955075263977e-02 1.223042793571949005e-02 1.278104074299335480e-02 4.137852787971496582e-02 2.665002457797527313e-02 2.900289930403232574e-02 3.331754729151725769e-02 7.326630409806966782e-03 1.269795093685388565e-02 5.131029710173606873e-02 3.483055904507637024e-02 4.776711761951446533e-02 4.493311420083045959e-02 3.479898441582918167e-03 1.575729064643383026e-02 1.704767346382141113e-02 3.546657785773277283e-02 2.437794581055641174e-02 4.969434440135955811e-02 2.819233946502208710e-02 1.859395578503608704e-02 1.105405297130346298e-02 2.935072220861911774e-02 3.742710128426551819e-02 5.841537192463874817e-02 9.283223771490156651e-04 1.139674521982669830e-02 5.056167952716350555e-03 1.459065941162407398e-03 1.008903607726097107e-02 2.904565259814262390e-02 2.211985923349857330e-02 5.576676502823829651e-02 1.107465475797653198e-02 1.468339189887046814e-02 7.412856817245483398e-02 8.319178223609924316e-02 3.307245671749114990e-02 4.275909811258316040e-02 3.040277957916259766e-02 4.374752566218376160e-02
4.798917472362518311e-02 5.104740336537361145e-02 1.772355288267135620e-02 5.333548188209533691e-01 8.388587832450866699e-02 3.986924886703491211e-02 4.671375453472137451e-02 9.219284169375896454e-03 2.028621546924114227e-02 2.955627255141735077e-02 3.333152830600738525e-02 9.060492739081382751e-03 1.871160045266151428e-02 3.952841833233833313e-02 2.079496532678604126e-02 6.535538285970687866e-02 9.786303155124187469e-03 2.996114082634449005e-02 8.210202679038047791e-03 5.808772053569555283e-03 2.710315957665443420e-02 5.000373721122741699e-02 3.556805104017257690e-02 2.233896590769290924e-02 4.306088387966156006e-02 1.963756792247295380e-02 2.556565217673778534e-02 4.124916717410087585e-02 2.772464230656623840e-02 2.523349970579147339e-02 3.371181339025497437e-02 2.698964811861515045e-02 2.484644996002316475e-03 2.637214399874210358e-02 1.332038547843694687e-02 4.520402103662490845e-02 3.400368615984916687e-02 4.642936214804649353e-02 5.231048539280891418e-02 7.326003909111022949e-02 2.539406158030033112e-02 5.327171832323074341e-02 1.001896988600492477e-02 2.019314793869853020e-03 3.166931867599487305e-02 3.412561491131782532e-02 2.548612095415592194e-02 1.513462886214256287e-02 2.041261643171310425e-02 2.339580841362476349e-02 8.709198795258998871e-03 8.480188436806201935e-03 2.805430442094802856e-02 3.529911627992987633e-03 2.978134900331497192e-02 1.618709787726402283e-02 5.054136365652084351e-02 2.188850194215774536e-02 4.018554463982582092e-02 9.600024670362472534e-03 2.422585850581526756e-03 6.161999329924583435e-02 9.422251023352146149e-03 4.307473450899124146e-02 7.020551245659589767e-03 7.975612767040729523e-03 3.005399741232395172e-02 3.272179141640663147e-02 3.132309764623641968e-02 4.399853292852640152e-03 1.572695374488830566e-02 5.362335219979286194e-02 1.000540629029273987e-01 1.269353786483407021e-03 6.417152285575866699e-02 2.317315153777599335e-02 3.838237002491950989e-02 6.464873254299163818e-02 2.303989231586456299e-02 4.210992157459259033e-02 3.235255181789398193e-02 2.949181012809276581e-02 1.538297627121210098e-02 9.748586453497409821e-03 3.047565743327140808e-02 3.574056923389434814e-02 3.570441901683807373e-02 3.456621244549751282e-02 3.478833660483360291e-02 2.471865527331829071e-02 4.661849234253168106e-03 4.892246425151824951e-02 1.329715363681316376e-02 2.141092531383037567e-02 3.774913400411605835e-02 2.567282319068908691e-02 3.420481959892640589e-07 4.082979261875152588e-02 2.269536070525646210e-02 2.265163138508796692e-02 1.667958125472068787e-02 1.833469979465007782e-02 2.194024994969367981e-02 1.918835937976837158e-02 1.904714480042457581e-02 5.725570954382419586e-03 1.120804063975811005e-02 1.374041195958852768e-02 1.508031971752643585e-02 2.486135810613632202e-02 2.650487422943115234e-02 1.605942845344543457e-02 3.477359714452177286e-04 1.959720626473426819e-02 7.714863866567611694e-03 3.764786571264266968e-02
2.465144917368888855e-02 3.436381369829177856e-02 2.415595343336462975e-03 8.388587832450866699e-02 5.298681855201721191e-01 4.315651953220367432e-02 2.577292546629905701e-02 5.509455688297748566e-03 4.402521625161170959e-02 9.669131599366664886e-03 3.240999579429626465e-02 2.287723310291767120e-02 1.909643411636352539e-02 2.730308473110198975e-02 1.748086884617805481e-02 5.284042563289403915e-03 1.143478229641914368e-02 4.750363528728485107e-02 3.892498323693871498e-03 2.934144996106624603e-02 4.931959882378578186e-02 6.798774935305118561e-03 3.300428763031959534e-02 4.478312656283378601e-02 3.227586671710014343e-02 2.000856027007102966e-02 2.985790558159351349e-02 5.949477199465036392e-03 4.363216087222099304e-02 6.770063191652297974e-03 2.489502541720867157e-02 1.073167379945516586e-02 1.358021236956119537e-02 1.063133310526609421e-02 1.616105251014232635e-02 5.108735337853431702e-02 4.713443294167518616e-02 3.914993628859519958e-02 4.562936723232269287e-02 8.837101608514785767e-02 3.405354451388120651e-03 4.699294641613960266e-02 6.073116324841976166e-03 3.731042146682739258e-02 3.157304972410202026e-02 2.248838543891906738e-03 2.583640627562999725e-02 3.130497783422470093e-02 3.037781827151775360e-02 1.353633031249046326e-02 1.469648070633411407e-02 2.466723136603832245e-02 1.079901959747076035e-02 2.295326255261898041e-02 2.900123596191406250e-02 4.242514446377754211e-02 3.309560939669609070e-02 3.130219876766204834e-03 3.842331236228346825e-03 2.108240500092506409e-02 7.534155156463384628e-03 8.601660281419754028e-02 9.647198952734470367e-03 4.097427055239677429e-02 3.748675063252449036e-02 1.293970830738544464e-02 3.016854822635650635e-02 6.854703649878501892e-03 7.722686976194381714e-03 3.395786136388778687e-02 3.075920790433883667e-02 4.531516134738922119e-02 3.268245235085487366e-02 1.724224723875522614e-02 8.022293448448181152e-02 2.101103216409683228e-02 1.387031096965074539e-02 4.904784634709358215e-02 2.820464316755533218e-03 3.702919557690620422e-02 3.968150168657302856e-02 4.335819184780120850e-02 1.531276013702154160e-02 3.332801163196563721e-02 3.987390547990798950e-02 1.767104724422097206e-03 1.046115532517433167e-02 1.885720714926719666e-02 3.766968473792076111e-02 2.873374707996845245e-02 4.822200164198875427e-02 5.441690981388092041e-02 5.297150928527116776e-03 3.043346479535102844e-02 9.869130328297615051e-03 1.882335171103477478e-02 2.276858873665332794e-02 1.589133404195308685e-02 4.643692634999752045e-03 3.043805994093418121e-02 4.321832209825515747e-02 4.703472927212715149e-02 3.992727398872375488e-02 3.490288555622100830e-02 4.375657066702842712e-02 2.269100584089756012e-02 1.877550408244132996e-02 4.430570825934410095e-02 5.721226334571838379e-03 8.837202936410903931e-02 1.067944150418043137e-02 1.781045459210872650e-02 1.020674826577305794e-03 2.424311265349388123e-02 2.772178873419761658e-02 1.704320311546325684e-02
6.592890620231628418e-02 5.658791586756706238e-02 2.960307523608207703e-02 3.986924886703491211e-02 4.315651953220367432e-02 5.485073924064636230e-01 9.929491579532623291e-02 2.960760332643985748e-02 1.195834577083587646e-02 2.444495074450969696e-02 5.863065645098686218e-02 2.716276049613952637e-02 4.849587753415107727e-02 8.360018022358417511e-03 1.964046247303485870e-02 3.726107999682426453e-02 1.314569916576147079e-02 2.311541326344013214e-02 2.534319274127483368e-02 4.461212083697319031e-02 3.831033781170845032e-02 4.133954271674156189e-02 3.831950202584266663e-02 2.061528526246547699e-02 2.885019592940807343e-02 1.807348988950252533e-02 2.469098381698131561e-02 3.400244563817977905e-02 2.927491441369056702e-02 4.074183106422424316e-02 2.268743701279163361e-02 1.978535205125808716e-02 1.305534597486257553e-02 4.591152071952819824e-02 1.672540232539176941e-02 4.359605908393859863e-02 4.889634624123573303e-02 3.303166851401329041e-02 3.470358625054359436e-02 3.770046681165695190e-02 1.441645901650190353e-03 1.136060990393161774e-02 1.353428140282630920e-02 1.108037773519754410e-02 1.516968756914138794e-02 1.661739312112331390e-02 1.074696183204650879e-01 6.184992194175720215e-02 1.763115450739860535e-02 4.554078914225101471e-03 1.345567638054490089e-03 5.267562810331583023e-03 6.547771627083420753e-04 1.791375502943992615e-02 3.293257579207420349e-02 1.898080483078956604e-02 4.504533018916845322e-03 6.893075071275234222e-03 1.324276160448789597e-02 1.024858094751834869e-02 4.663993604481220245e-03 1.934056915342807770e-02 1.670186407864093781e-02 1.454857457429170609e-02 3.405383089557290077e-03 3.161867335438728333e-02 3.269489109516143799e-02 4.269433766603469849e-02 2.593201212584972382e-02 1.336808037012815475e-02 4.138615727424621582e-02 2.892172336578369141e-02 1.749755255877971649e-02 1.492553576827049255e-02 3.849537670612335205e-02 4.383654519915580750e-02 3.739012777805328369e-02 4.609428718686103821e-02 2.483539097011089325e-02 3.386116400361061096e-02 3.810700401663780212e-02 3.533928468823432922e-02 2.630714140832424164e-02 5.014528334140777588e-02 5.352947395294904709e-03 7.035135291516780853e-03 3.211300447583198547e-02 2.248979872092604637e-03 5.957361683249473572e-02 1.120045501738786697e-02 4.439982026815414429e-02 6.046503037214279175e-02 2.108959294855594635e-02 6.238378118723630905e-03 2.990032546222209930e-02 3.600155934691429138e-02 3.479326376691460609e-03 1.447434909641742706e-02 1.016535423696041107e-02 5.352147854864597321e-03 4.312999173998832703e-02 2.174371294677257538e-02 2.498087286949157715e-02 1.190980896353721619e-02 1.677951030433177948e-02 4.313121363520622253e-02 4.889067262411117554e-02 4.720973595976829529e-02 5.470493808388710022e-02 3.946783766150474548e-02 2.182813920080661774e-02 9.843459352850914001e-03 1.975412108004093170e-02 2.954742312431335449e-02 2.771868184208869934e-02 4.020176082849502563e-02
5.670481547713279724e-02 6.590950489044189453e-02 2.380170917604118586e-04 4.671375453472137451e-02 2.577292546629905701e-02 9.929491579532623291e-02 5.470305085182189941e-01 3.173548355698585510e-02 4.003453068435192108e-04 1.565585099160671234e-02 6.240442395210266113e-02 1.384939998388290405e-02 5.635581165552139282e-02 8.709669113159179688e-03 9.671078878454864025e-04 2.496280707418918610e-02 3.778450936079025269e-02 4.085910506546497345e-03 1.459923852235078812e-02 4.350306838750839233e-02 3.757959976792335510e-02 3.260329365730285645e-02 3.986983560025691986e-03 1.766438782215118408e-02 3.390245512127876282e-02 2.157739177346229553e-02 4.302181769162416458e-03 3.835326433181762695e-02 4.537476599216461182e-02 2.778425812721252441e-02 3.736982867121696472e-02 3.610884398221969604e-02 8.155208081007003784e-03 1.920118555426597595e-02 6.386487744748592377e-03 2.446912601590156555e-02 3.449304774403572083e-02 4.049244150519371033e-02 4.083984345197677612e-02 3.857653960585594177e-02 1.611617207527160645e-02 2.017997950315475464e-02 1.624182984232902527e-02 2.752753719687461853e-02 3.590458771213889122e-03 9.717757813632488251e-03 8.113828301429748535e-02 6.743805110454559326e-02 4.219399020075798035e-02 2.091029472649097443e-02 6.309428717941045761e-03 2.720995061099529266e-02 2.935362746939063072e-03 1.976068504154682159e-02 2.069855108857154846e-02 2.546975202858448029e-02 6.242705509066581726e-03 9.724139235913753510e-03 1.560699660331010818e-02 1.260574627667665482e-02 1.986033841967582703e-02 5.205457657575607300e-02 2.411862835288047791e-02 2.006041817367076874e-02 6.809195503592491150e-03 2.287784963846206665e-02 3.158798813819885254e-02 3.004244714975357056e-02 1.779661513864994049e-03 1.537238806486129761e-02 3.351464495062828064e-02 2.306680940091609955e-02 4.098821803927421570e-02 4.530404228717088699e-03 2.438674494624137878e-02 4.148345068097114563e-02 4.177509248256683350e-02 2.368818409740924835e-02 1.122713554650545120e-02 3.191212192177772522e-02 1.072923769243061543e-03 4.464045539498329163e-02 2.967441454529762268e-02 5.791900679469108582e-02 1.984165236353874207e-02 4.772447794675827026e-02 8.911341428756713867e-03 9.333451278507709503e-03 3.121756948530673981e-02 1.075152400881052017e-02 4.737916588783264160e-02 2.556145191192626953e-02 4.082926735281944275e-02 8.553788065910339355e-03 4.296637699007987976e-02 3.128092363476753235e-02 2.421048283576965332e-02 2.847891673445701599e-02 1.290348917245864868e-02 7.915718480944633484e-03 4.305839911103248596e-02 4.499585833400487900e-03 2.969479560852050781e-02 1.900582574307918549e-02 1.742073521018028259e-02 1.983983069658279419e-02 4.462894424796104431e-02 3.981473296880722046e-02 4.730373620986938477e-02 5.937089398503303528e-02 6.513838190585374832e-03 1.330117788165807724e-02 2.288362756371498108e-02 2.045973390340805054e-02 4.627570509910583496e-02 4.310215637087821960e-02
3.530233725905418396e-02 1.443087402731180191e-02 3.365285694599151611e-02 9.219284169375896454e-03 5.509455688297748566e-03 2.960760332643985748e-02 3.173548355698585510e-02 5.161982774734497070e-01 2.525898069143295288e-02 3.319897875189781189e-02 1.023481134325265884e-02 3.568135900422930717e-03 1.097045931965112686e-02 1.287171058356761932e-02 4.408595338463783264e-02 3.936201333999633789e-02 2.527838759124279022e-02 8.657411672174930573e-03 1.267181243747472763e-02 7.593304850161075592e-03 2.171679213643074036e-02 1.950002089142799377e-02 6.251139566302299500e-04 1.773191802203655243e-02 5.058671906590461731e-02 4.119909927248954773e-02 3.518784418702125549e-02 2.199907600879669189e-02 1.791064627468585968e-02 4.011990875005722046e-02 1.754945144057273865e-02 5.363447964191436768e-02 4.427829291671514511e-03 4.141239449381828308e-03 5.506677553057670593e-02 5.240987986326217651e-03 2.784314565360546112e-02 8.356360718607902527e-03 9.092533029615879059e-03 1.115936972200870514e-02 3.348810598254203796e-02 3.564356267452239990e-02 2.850953862071037292e-02 6.634234450757503510e-03 2.026328071951866150e-02 6.119526922702789307e-03 1.901335665024816990e-03 2.322514913976192474e-02 2.877184562385082245e-02 2.547573111951351166e-02 4.233747255057096481e-03 3.422218933701515198e-02 2.290823496878147125e-02 3.088505938649177551e-02 1.899086497724056244e-02 1.616429537534713745e-02 4.021399095654487610e-02 2.339450269937515259e-02 9.509734809398651123e-03 2.409035339951515198e-02 4.372884333133697510e-02 2.035997062921524048e-02 2.536378242075443268e-02 2.222425863146781921e-02 1.240778248757123947e-02 8.872251026332378387e-03 1.757940091192722321e-02 1.217504031956195831e-02 3.367121145129203796e-02 1.289903745055198669e-02 2.012996934354305267e-02 2.144805341958999634e-02 4.276767745614051819e-02 4.401133209466934204e-02 4.217527061700820923e-02 3.255547955632209778e-02 2.457506395876407623e-02 2.413448318839073181e-02 4.781287163496017456e-02 3.002936765551567078e-02 1.048656702041625977e-01 8.993633091449737549e-02 1.661723665893077850e-02 3.611301258206367493e-02 9.709179401397705078e-03 4.038916900753974915e-02 7.483854144811630249e-02 4.173102229833602905e-02 2.707421965897083282e-02 2.021547406911849976e-02 3.017081413418054581e-03 1.047565042972564697e-02 1.868497394025325775e-02 8.031302131712436676e-03 6.058825179934501648e-03 3.016143478453159332e-02 1.130208140239119530e-03 4.424788802862167358e-02 2.961781620979309082e-02 2.910067851189523935e-04 2.726011164486408234e-02 5.553244054317474365e-02 1.450852118432521820e-02 3.607514128088951111e-02 1.136446651071310043e-02 1.343388389796018600e-02 4.238860309123992920e-02 1.447117608040571213e-02 5.177169665694236755e-02 3.111303225159645081e-02 1.470398623496294022e-02 2.595942281186580658e-02 1.385258883237838745e-02 6.492281332612037659e-03 3.643507137894630432e-02 8.902055211365222931e-03
2.402367629110813141e-02 3.473031520843505859e-02 2.677479945123195648e-02 2.028621546924114227e-02 4.402521625161170959e-02 1.195834577083587646e-02 4.003453068435192108e-04 2.525898069143295288e-02 5.226655602455139160e-01 3.167222253978252411e-03 1.067734323441982269e-02 8.845819160342216492e-03 2.651296742260456085e-02 2.107510529458522797e-02 3.139402344822883606e-02 2.426396496593952179e-02 1.760968938469886780e-02 3.740252181887626648e-02 1.749434694647789001e-02 1.241575554013252258e-02 3.083988092839717865e-02 2.643159590661525726e-02 1.756256259977817535e-02 4.419497773051261902e-02 1.137938257306814194e-02 1.634849607944488525e-02 3.619442880153656006e-02 3.918910026550292969e-02 8.932511322200298309e-03 6.551060080528259277e-02 1.274566445499658585e-02 7.285894826054573059e-03 2.065345831215381622e-02 5.104479938745498657e-02 3.944687172770500183e-02 1.139037217944860458e-02 2.527709491550922394e-02 2.501981891691684723e-02 3.313744673505425453e-03 5.647771060466766357e-03 2.848856709897518158e-02 4.256924614310264587e-03 1.760889962315559387e-02 6.722721154801547527e-04 3.272364661097526550e-02 6.811611354351043701e-02 2.313198521733283997e-02 2.455543354153633118e-02 2.125823684036731720e-02 3.700430691242218018e-02 4.164039343595504761e-02 5.244538187980651855e-02 2.146910130977630615e-02 5.467759910970926285e-03 4.991719499230384827e-02 4.152292013168334961e-02 3.175475075840950012e-02 1.237684302031993866e-02 1.607813872396945953e-02 2.960682287812232971e-02 2.253383584320545197e-02 2.771919965744018555e-02 1.392821967601776123e-02 2.100285375490784645e-03 2.795547060668468475e-02 6.071853917092084885e-03 6.603222340345382690e-03 2.123393118381500244e-02 1.179625280201435089e-02 8.556491695344448090e-03 9.676056914031505585e-03 6.066225841641426086e-02 4.300418950151652098e-04 3.443812578916549683e-02 5.125936120748519897e-02 7.515157759189605713e-02 1.266096830368041992e-01 2.424785494804382324e-02 3.628878667950630188e-02 1.411544904112815857e-02 9.424388408660888672e-03 3.403535857796669006e-02 3.226680681109428406e-02 8.158693090081214905e-03 1.958005316555500031e-02 4.931397736072540283e-02 3.418615460395812988e-02 2.196896262466907501e-02 5.936794355511665344e-02 5.252990871667861938e-02 2.656078152358531952e-02 1.290343608707189560e-02 6.817266694270074368e-04 1.990013755857944489e-03 1.327221188694238663e-02 3.296775370836257935e-02 2.961264457553625107e-03 4.990392550826072693e-02 1.707559637725353241e-02 2.059307135641574860e-02 1.077188923954963684e-02 7.526175584644079208e-03 4.254799801856279373e-03 1.187650766223669052e-02 5.311584100127220154e-03 4.910482466220855713e-02 4.523579403758049011e-02 3.801610693335533142e-02 4.304064065217971802e-02 5.527888890355825424e-03 2.492153830826282501e-02 4.320593550801277161e-02 4.246111586689949036e-02 1.247581746429204941e-02 3.362378105521202087e-02 3.260705620050430298e-02
3.032206930220127106e-02 2.932201139628887177e-02 2.559626474976539612e-02 2.955627255141735077e-02 9.669131599366664886e-03 2.444495074450969696e-02 1.565585099160671234e-02 3.319897875189781189e-02 3.167222253978252411e-03 5.370509028434753418e-01 8.788244798779487610e-03 4.007301852107048035e-02 1.707331463694572449e-02 9.193342179059982300e-03 2.816856466233730316e-02 9.740924462676048279e-03 1.462687365710735321e-02 3.153313696384429932e-02 2.837095037102699280e-02 2.631408907473087311e-02 2.059029415249824524e-02 2.780033648014068604e-02 1.845080219209194183e-02 3.917422890663146973e-02 1.989776035770773888e-03 1.528276130557060242e-02 3.307946398854255676e-02 2.455951645970344543e-02 9.272044990211725235e-04 6.221844349056482315e-03 1.367670111358165741e-02 3.177361562848091125e-02 3.899527713656425476e-02 2.155416272580623627e-02 1.316543389111757278e-02 3.556127473711967468e-02 2.813329733908176422e-02 1.298832474276423454e-03 2.963441796600818634e-02 3.258717712014913559e-03 5.875509668840095401e-05 3.335960954427719116e-02 9.642201475799083710e-03 1.297179795801639557e-02 5.186537280678749084e-02 1.336604543030261993e-02 2.682292647659778595e-02 1.906420662999153137e-02 1.831205561757087708e-02 3.248471068218350410e-03 9.486915543675422668e-03 1.637974940240383148e-02 1.744683645665645599e-02 4.152462817728519440e-03 4.490048438310623169e-02 9.765170398168265820e-04 2.829127479344606400e-03 4.722819477319717407e-02 2.031759731471538544e-02 6.598600652068853378e-03 2.525577321648597717e-02 4.441966116428375244e-02 4.389925301074981689e-02 1.464282255619764328e-02 6.405380088835954666e-03 2.674927702173590660e-03 1.763191632926464081e-02 1.869123987853527069e-02 2.134241536259651184e-02 3.484814986586570740e-02 4.469542205333709717e-02 5.632970482110977173e-02 5.805306881666183472e-02 6.023397669196128845e-02 3.400925174355506897e-02 8.895607665181159973e-03 2.712989784777164459e-02 7.775458693504333496e-02 4.163827747106552124e-02 1.800683140754699707e-02 4.582438617944717407e-02 2.746250480413436890e-02 1.190585456788539886e-02 2.844142541289329529e-02 1.485094893723726273e-02 2.179805375635623932e-02 3.488476574420928955e-02 1.380534376949071884e-02 4.940289258956909180e-02 8.740782737731933594e-03 3.745782375335693359e-02 4.772859066724777222e-02 1.956211030483245850e-02 1.368266437202692032e-02 9.015131741762161255e-03 2.404779754579067230e-02 7.700255140662193298e-03 8.949599228799343109e-03 7.524891756474971771e-03 1.912446878850460052e-02 2.023679949343204498e-02 2.579060010612010956e-02 4.653434082865715027e-02 1.514927297830581665e-02 7.240209262818098068e-03 4.721400514245033264e-02 6.476548500359058380e-03 9.302352555096149445e-04 2.380108274519443512e-02 1.088184118270874023e-02 1.788180507719516754e-02 4.896080866456031799e-02 2.530901692807674408e-04 1.698046340607106686e-03 5.966693628579378128e-03 2.163003385066986084e-02
7.013056427240371704e-02 5.467258393764495850e-02 8.180590346455574036e-03 3.333152830600738525e-02 3.240999579429626465e-02 5.863065645098686218e-02 6.240442395210266113e-02 1.023481134325265884e-02 1.067734323441982269e-02 8.788244798779487610e-03 5.453294515609741211e-01 3.899029269814491272e-02 7.208213210105895996e-02 2.158084139227867126e-02 1.469447626732289791e-03 4.158787801861763000e-02 2.980638854205608368e-02 1.072193402796983719e-02 2.155167609453201294e-02 2.429454028606414795e-02 2.146061882376670837e-02 2.848358079791069031e-02 1.658420450985431671e-02 1.595594547688961029e-02 2.191497199237346649e-02 8.869736484484747052e-05 3.629634529352188110e-02 4.199389368295669556e-02 4.853240400552749634e-02 2.664845087565481663e-04 5.113201215863227844e-02 1.849678903818130493e-02 6.952316034585237503e-03 4.660709202289581299e-02 5.095381755381822586e-03 3.314502537250518799e-02 2.423221990466117859e-02 2.196721546351909637e-02 3.270094469189643860e-02 3.586799278855323792e-02 4.861204419285058975e-03 1.090824138373136520e-02 6.713045295327901840e-03 9.824610315263271332e-03 4.774502478539943695e-03 2.456420846283435822e-02 5.357196554541587830e-02 4.076196625828742981e-02 3.397946059703826904e-02 2.130958251655101776e-02 3.319697920233011246e-03 6.199775729328393936e-03 7.975243963301181793e-03 2.553592436015605927e-02 9.170059114694595337e-03 2.477903664112091064e-02 1.245622057467699051e-02 5.938723217695951462e-03 2.224776893854141235e-02 4.759460862260311842e-04 1.181507762521505356e-02 1.308922097086906433e-02 1.930806227028369904e-02 6.493170280009508133e-03 1.805066317319869995e-02 4.259388521313667297e-02 8.442114107310771942e-03 3.302062302827835083e-02 2.529064193367958069e-02 1.171618886291980743e-02 8.915483951568603516e-03 1.688111759722232819e-02 4.943183064460754395e-02 1.014223136007785797e-02 2.073846943676471710e-02 4.030526429414749146e-02 4.103723540902137756e-02 1.693082973361015320e-02 4.771162755787372589e-03 6.511157378554344177e-03 1.464018598198890686e-02 1.378457434475421906e-02 2.427361160516738892e-02 3.100200369954109192e-02 8.244135417044162750e-03 5.467475950717926025e-02 1.391795184463262558e-02 1.249775383621454239e-02 2.123363129794597626e-02 2.401228807866573334e-02 4.474133998155593872e-02 3.954339027404785156e-02 3.986872732639312744e-02 4.965263418853282928e-03 1.569743081927299500e-02 2.286069281399250031e-02 1.419996656477451324e-02 1.472520921379327774e-02 4.921144805848598480e-03 1.488520484417676926e-02 4.783567413687705994e-02 4.810804384760558605e-04 1.774279214441776276e-02 2.347032539546489716e-02 2.364520728588104248e-02 5.438163131475448608e-02 1.702310144901275635e-02 1.815620064735412598e-02 8.283317089080810547e-03 1.396687002852559090e-03 6.989420391619205475e-03 2.316389791667461395e-02 1.309804804623126984e-02 1.343339402228593826e-02 2.198875695466995239e-02 2.917965687811374664e-02
2.551278844475746155e-02 2.480124309659004211e-02 4.553579911589622498e-02 9.060492739081382751e-03 2.287723310291767120e-02 2.716276049613952637e-02 1.384939998388290405e-02 3.568135900422930717e-03 8.845819160342216492e-03 4.007301852107048035e-02 3.899029269814491272e-02 5.317401885986328125e-01 4.832529276609420776e-02 1.530148833990097046e-01 3.628694266080856323e-02 1.592502929270267487e-03 1.284975744783878326e-02 5.286711826920509338e-02 2.971165254712104797e-02 4.126591980457305908e-02 6.084055057726800442e-04 3.512840718030929565e-02 8.046701550483703613e-02 8.531677722930908203e-02 3.498311340808868408e-02 1.810424774885177612e-02 1.510344818234443665e-02 5.689897760748863220e-02 1.372083835303783417e-02 6.450806558132171631e-02 4.144802317023277283e-02 9.919912554323673248e-03 2.890513278543949127e-02 2.705658785998821259e-02 2.404016256332397461e-02 4.454055801033973694e-02 3.286955133080482483e-02 7.989308796823024750e-03 1.561202481389045715e-02 1.788276433944702148e-02 1.035527209751307964e-03 2.338442765176296234e-02 4.231043532490730286e-02 8.658031583763659000e-04 3.682007268071174622e-02 9.343617595732212067e-03 2.574834786355495453e-02 1.255798991769552231e-02 2.305951900780200958e-02 3.290040791034698486e-02 9.612542577087879181e-03 1.344163250178098679e-02 3.589348867535591125e-02 4.866253584623336792e-02 3.657154447864741087e-04 1.113095972687005997e-02 2.738984301686286926e-02 4.265141859650611877e-02 3.227483108639717102e-02 4.746276140213012695e-02 4.678845033049583435e-02 3.586680814623832703e-02 3.571423888206481934e-02 3.441344201564788818e-02 2.282361127436161041e-02 3.482842817902565002e-02 1.220707967877388000e-02 8.523313328623771667e-03 8.777357637882232666e-03 4.471696168184280396e-02 5.256696045398712158e-02 4.942234978079795837e-02 1.047222875058650970e-02 2.254400216042995453e-02 7.216958329081535339e-03 3.233959525823593140e-02 6.071344017982482910e-02 3.554591163992881775e-02 8.408143185079097748e-03 1.206119284033775330e-01 9.210262447595596313e-03 1.553995069116353989e-02 1.984084770083427429e-02 1.114341896027326584e-02 1.240344718098640442e-02 8.651413954794406891e-03 3.638031706213951111e-02 1.909225434064865112e-02 8.857371658086776733e-02 2.102378942072391510e-02 3.174364939332008362e-02 3.232995420694351196e-02 3.032006695866584778e-02 2.726173214614391327e-02 5.431330204010009766e-02 3.422168269753456116e-02 4.508416354656219482e-02 5.152792856097221375e-02 2.138831466436386108e-02 4.345393925905227661e-02 2.293313667178153992e-02 5.198897421360015869e-02 1.487833354622125626e-02 2.661800011992454529e-02 3.547514975070953369e-02 3.786200657486915588e-02 4.028710350394248962e-02 3.812004998326301575e-02 4.275969695299863815e-03 1.896602101624011993e-02 1.510844472795724869e-02 1.572608761489391327e-02 1.353930030018091202e-02 3.220702707767486572e-02 8.764813654124736786e-03 1.044418662786483765e-02
5.726986378431320190e-02 5.760047584772109985e-02 3.762451466172933578e-03 1.871160045266151428e-02 1.909643411636352539e-02 4.849587753415107727e-02 5.635581165552139282e-02 1.097045931965112686e-02 2.651296742260456085e-02 1.707331463694572449e-02 7.208213210105895996e-02 4.832529276609420776e-02 5.515507459640502930e-01 9.401805698871612549e-03 1.757410727441310883e-02 4.370872676372528076e-02 4.380047321319580078e-02 1.499783433973789215e-02 8.167757652699947357e-03 3.928921371698379517e-02 1.658433303236961365e-02 1.750273816287517548e-02 3.210760653018951416e-03 3.008362837135791779e-02 1.190808042883872986e-02 3.480618819594383240e-03 2.991663292050361633e-02 4.694416373968124390e-02 3.333483636379241943e-02 1.244709733873605728e-02 5.179901793599128723e-02 3.211607038974761963e-02 1.370862033218145370e-02 5.069125816226005554e-02 9.603126905858516693e-03 3.617064282298088074e-02 2.197960950434207916e-02 1.876417919993400574e-02 1.572575233876705170e-02 8.395205251872539520e-03 9.754812344908714294e-03 6.457993760704994202e-03 1.046117953956127167e-02 2.566629648208618164e-02 6.542785093188285828e-03 1.368939876556396484e-03 4.349584504961967468e-02 3.563946858048439026e-02 2.625418640673160553e-02 1.691664103418588638e-03 1.027797814458608627e-02 1.200434193015098572e-02 1.452088239602744579e-03 8.754900656640529633e-03 2.311166841536760330e-03 6.507013924419879913e-03 2.426451770588755608e-03 3.748208750039339066e-03 1.687773875892162323e-02 1.054106000810861588e-02 2.067606197670102119e-03 2.256676368415355682e-02 1.677135005593299866e-02 1.516906172037124634e-02 1.053332258015871048e-02 4.183194786310195923e-02 1.940114796161651611e-02 2.569953911006450653e-02 3.180650994181632996e-02 6.750253960490226746e-03 7.379841990768909454e-03 2.833454124629497528e-02 3.504343703389167786e-02 1.641601324081420898e-02 4.609237611293792725e-02 3.231574594974517822e-02 3.368878737092018127e-02 1.525743631646037102e-03 1.139527000486850739e-02 2.407346479594707489e-02 8.989101625047624111e-04 1.604323275387287140e-02 4.805179685354232788e-02 2.888144180178642273e-02 9.242930449545383453e-03 5.508441105484962463e-02 4.406752530485391617e-03 1.564511470496654510e-02 2.838497236371040344e-02 3.289442509412765503e-02 4.086793959140777588e-02 3.582514077425003052e-02 2.384804747998714447e-02 1.607410795986652374e-02 1.077616680413484573e-02 1.921461336314678192e-02 6.592949386686086655e-03 1.060870196670293808e-02 4.452492285054177046e-04 7.919502444565296173e-03 5.045868083834648132e-02 4.424514994025230408e-02 2.233088389039039612e-02 3.305075457319617271e-03 1.415049377828836441e-02 2.630529366433620453e-02 1.148292329162359238e-02 1.147330366075038910e-02 2.628652565181255341e-02 1.488072238862514496e-02 1.041494775563478470e-02 2.683382667601108551e-02 1.209110207855701447e-02 5.368138197809457779e-03 2.284113288624212146e-04 4.552795737981796265e-02
