4.150489568710327148e-01 1.187762320041656494e-01 2.172250486910343170e-02 4.620288684964179993e-02 1.757798157632350922e-02 9.313965588808059692e-02 2.260444499552249908e-02 1.912786997854709625e-02 4.587583988904953003e-02 3.124756924808025360e-02 7.197049260139465332e-02 4.037087038159370422e-02 1.132617890834808350e-01 4.974834620952606201e-02 2.987474389374256134e-02 1.390027999877929688e-02 2.664529718458652496e-02 3.388039395213127136e-02 6.539690773934125900e-03 2.208244800567626953e-02 2.012835070490837097e-02 6.788983009755611420e-03 8.833616971969604492e-03 2.391373738646507263e-02 4.364780907053500414e-04 6.047348678112030029e-02 2.455242164433002472e-02 1.953818835318088531e-02 9.028590284287929535e-03 1.266034878790378571e-02 4.414903465658426285e-03 1.561179384589195251e-02 3.751337900757789612e-02 9.295445866882801056e-03 1.458551269024610519e-02 4.296140000224113464e-02 2.115837298333644867e-03 5.076061561703681946e-02 1.606365106999874115e-02 4.311041533946990967e-02 4.515848413575440645e-04 6.152722612023353577e-02 3.207945264875888824e-03 5.551681295037269592e-02 2.707648789510130882e-03 1.586343720555305481e-02 3.010258451104164124e-02 4.289466142654418945e-02 3.822576999664306641e-02 1.354991644620895386e-02 2.819931134581565857e-02 2.058792486786842346e-02 2.624923363327980042e-02 3.730039298534393311e-02 7.630111649632453918e-04 1.437021140009164810e-02 7.534163887612521648e-04 5.082891136407852173e-02 1.180805382318794727e-03 9.198184125125408173e-03 1.015464030206203461e-02 4.437580704689025879e-03 1.274479553103446960e-02 3.553142398595809937e-02 4.408141225576400757e-02 4.096756130456924438e-02 2.244484983384609222e-02 3.115596948191523552e-03 2.027452550828456879e-02 3.798022866249084473e-02 5.173226073384284973e-02 4.388363659381866455e-02 3.697611019015312195e-02 1.833569630980491638e-02 2.446278929710388184e-02 4.290390387177467346e-02 1.577791199088096619e-02 2.945474907755851746e-02 1.639231853187084198e-02 6.712161470204591751e-03 4.112654551863670349e-02 3.061965480446815491e-02 2.338691242039203644e-02 4.983690381050109863e-02 4.969123378396034241e-02 3.301344439387321472e-02 7.610086322529241443e-05 3.700476884841918945e-02 4.354781005531549454e-03 1.601023413240909576e-02 4.606449510902166367e-03 2.875909954309463501e-02 9.171430766582489014e-02 1.833123341202735901e-02 5.005391314625740051e-02 3.568099066615104675e-02 6.165028549730777740e-03 4.651032015681266785e-02 4.439507052302360535e-02 2.041469328105449677e-02 2.177049592137336731e-02 8.531472645699977875e-03 2.245037257671356201e-02 4.423638433218002319e-02 2.060186117887496948e-02 2.256301231682300568e-02 6.946377921849489212e-03 1.716542616486549377e-02 3.857178846374154091e-03 2.696472406387329102e-02 3.718699514865875244e-02 6.264488678425550461e-03 6.369952857494354248e-02 9.947153739631175995e-03 5.522806197404861450e-02 7.206825166940689087e-02
1.187762320041656494e-01 4.157684147357940674e-01 9.756444022059440613e-03 3.552379459142684937e-02 1.408625487238168716e-02 4.595685377717018127e-02 1.029416397213935852e-01 2.649438008666038513e-02 2.330888062715530396e-03 2.791672246530652046e-03 4.743873141705989838e-03 5.566286668181419373e-02 1.129100024700164795e-01 4.640918970108032227e-02 4.137359187006950378e-02 6.001335009932518005e-02 4.769869148731231689e-02 2.456259541213512421e-02 8.539530448615550995e-03 1.632023486308753490e-03 1.387032493948936462e-02 3.497295081615447998e-02 2.354463376104831696e-02 7.578481920063495636e-03 1.806535199284553528e-02 3.164392337203025818e-02 4.077722132205963135e-02 4.219850152730941772e-02 2.599119674414396286e-03 1.257143821567296982e-02 8.393572270870208740e-02 2.307233959436416626e-02 4.696169868111610413e-02 3.719259053468704224e-02 2.128936164081096649e-02 1.878856495022773743e-02 2.832276374101638794e-02 2.189829573035240173e-02 3.958017006516456604e-02 1.374288462102413177e-02 3.050699830055236816e-02 4.537406936287879944e-02 3.093063458800315857e-02 3.255879506468772888e-02 2.994663268327713013e-02 4.065272584557533264e-02 3.488086163997650146e-02 2.197472564876079559e-02 4.604879394173622131e-02 3.362954035401344299e-02 1.462958566844463348e-02 4.292924329638481140e-02 4.816000908613204956e-02 2.231632359325885773e-02 8.187082596123218536e-03 2.069860696792602539e-02 5.394222959876060486e-02 1.438067760318517685e-02 1.458496507257223129e-02 4.181687533855438232e-02 1.652764901518821716e-02 3.235980123281478882e-02 1.798582263290882111e-02 2.067928016185760498e-02 2.928502298891544342e-02 3.128973767161369324e-02 1.284889690577983856e-02 4.270662739872932434e-02 3.507591318339109421e-03 2.636100165545940399e-02 4.221986234188079834e-02 3.724123910069465637e-02 3.102583810687065125e-02 3.418298810720443726e-02 4.010939225554466248e-02 7.713948842138051987e-03 4.173749685287475586e-02 4.773453250527381897e-02 1.009983476251363754e-02 3.180918470025062561e-02 1.229910831898450851e-02 3.197969868779182434e-02 3.487420827150344849e-02 1.215557847172021866e-02 5.505108088254928589e-02 3.454793244600296021e-02 3.565483540296554565e-02 4.074032977223396301e-02 7.481698878109455109e-03 4.609613493084907532e-02 6.938614696264266968e-02 1.084883417934179306e-02 2.062354609370231628e-02 2.889056503772735596e-02 2.027044445276260376e-02 2.377234213054180145e-02 5.937418434768915176e-03 4.136481136083602905e-02 4.062937945127487183e-02 1.636663451790809631e-02 1.790386997163295746e-02 4.660613834857940674e-02 2.665195055305957794e-02 2.925126440823078156e-02 2.083392068743705750e-02 1.339174713939428329e-02 2.768529206514358521e-02 4.655478522181510925e-02 5.519725382328033447e-02 5.423658993095159531e-03 4.352751001715660095e-02 6.935241166502237320e-03 2.797597087919712067e-02 3.094097599387168884e-03 7.485182490199804306e-03 5.615346878767013550e-02
2.172250486910343170e-02 9.756444022059440613e-03 3.955014944076538086e-01 4.117333516478538513e-02 1.408722158521413803e-02 4.372052103281021118e-02 8.479563891887664795e-02 1.065163910388946533e-01 2.211991325020790100e-02 4.633423686027526855e-02 2.424542559310793877e-03 2.299467474222183228e-02 2.078321576118469238e-02 3.124426305294036865e-02 3.992995619773864746e-02 2.856735140085220337e-02 1.735641248524188995e-02 3.978599980473518372e-02 3.345175459980964661e-02 8.617961779236793518e-03 3.815940394997596741e-02 1.132358331233263016e-02 1.132164709270000458e-02 3.502845391631126404e-02 3.156717121601104736e-02 2.296791411936283112e-02 3.025010414421558380e-02 1.079284306615591049e-02 4.677770193666219711e-03 3.646241500973701477e-02 5.592631921172142029e-02 2.061251923441886902e-02 2.592279575765132904e-02 7.960769347846508026e-03 3.075853176414966583e-02 3.417473286390304565e-02 3.370703011751174927e-02 3.990501910448074341e-02 3.232171060517430305e-03 2.383902855217456818e-02 2.876899391412734985e-02 8.396186865866184235e-03 3.473254293203353882e-02 7.658032327890396118e-02 1.240531820803880692e-02 4.164118692278862000e-02 3.619238035753369331e-03 3.502998128533363342e-02 6.352317333221435547e-02 4.284370318055152893e-02 2.815785072743892670e-02 3.963018953800201416e-02 5.787432938814163208e-02 7.914303988218307495e-02 2.064928412437438965e-02 2.579864487051963806e-02 2.227554097771644592e-02 2.463994547724723816e-02 1.428842730820178986e-02 6.341672968119382858e-03 1.555868145078420639e-02 1.417508907616138458e-02 7.425775751471519470e-03 4.238637164235115051e-02 2.137767709791660309e-02 4.484220873564481735e-03 3.420303389430046082e-02 4.002219066023826599e-02 2.713393978774547577e-02 3.580439835786819458e-02 1.552905235439538956e-02 1.623946055769920349e-02 2.604335732758045197e-02 3.958836570382118225e-02 1.123585388995707035e-03 4.039581120014190674e-02 3.093180060386657715e-02 1.075529307126998901e-02 3.952883183956146240e-03 2.267690934240818024e-02 5.084895342588424683e-02 9.543196111917495728e-02 1.486132480204105377e-02 2.911335043609142303e-02 3.426450490951538086e-02 2.781555429100990295e-02 4.050251096487045288e-02 3.076632879674434662e-02 9.817003272473812103e-03 6.301611661911010742e-02 2.988884598016738892e-02 3.319906070828437805e-02 3.963638469576835632e-02 3.849314153194427490e-02 3.078120760619640350e-02 1.325363665819168091e-02 1.227156352251768112e-02 3.984251990914344788e-03 4.203882068395614624e-02 3.244351223111152649e-02 1.239718683063983917e-02 1.494299154728651047e-03 2.954961918294429779e-02 2.577480114996433258e-02 3.444753354415297508e-03 4.440350085496902466e-02 1.263818237930536270e-02 9.646836668252944946e-03 4.068203642964363098e-02 4.201637208461761475e-02 7.550901733338832855e-03 2.046767622232437134e-02 4.655310139060020447e-02 2.903487905859947205e-02 4.765114933252334595e-02 3.141830489039421082e-02
4.620288684964179993e-02 3.552379459142684937e-02 4.117333516478538513e-02 4.380117654800415039e-01 9.944607317447662354e-02 1.124147698283195496e-02 3.461479023098945618e-02 2.568064630031585693e-02 1.137670408934354782e-02 1.389786601066589355e-02 9.351354092359542847e-03 1.076586917042732239e-02 3.760875761508941650e-02 5.750856548547744751e-02 5.187825113534927368e-02 3.252722695469856262e-02 5.254122614860534668e-02 2.207421511411666870e-02 3.070870973169803619e-02 2.068166993558406830e-02 1.939356210641562939e-03 4.015030711889266968e-02 2.464647963643074036e-02 4.899982735514640808e-02 2.752792276442050934e-02 1.656406559050083160e-02 4.346273466944694519e-02 2.521228045225143433e-02 2.406661584973335266e-02 3.314943611621856689e-02 2.203994616866111755e-02 1.523754000663757324e-02 3.191249445080757141e-02 9.951297193765640259e-03 2.184782736003398895e-02 4.647802934050559998e-02 4.657440260052680969e-02 4.335400089621543884e-02 7.386117428541183472e-02 1.873629400506615639e-03 3.779189288616180420e-02 3.063885867595672607e-02 5.149393901228904724e-02 2.936051413416862488e-02 6.090951338410377502e-02 2.568281628191471100e-02 2.827735431492328644e-02 2.634423412382602692e-02 3.184144571423530579e-02 8.277323842048645020e-02 3.944226726889610291e-02 1.380554307252168655e-02 1.441955659538507462e-02 2.543387003242969513e-02 1.027246378362178802e-02 1.713340543210506439e-02 2.196910232305526733e-02 1.285755634307861328e-02 7.570985704660415649e-03 3.371470049023628235e-02 3.047317825257778168e-02 2.231032587587833405e-02 9.748067706823348999e-02 3.703488782048225403e-02 4.818578809499740601e-02 6.158160045742988586e-03 3.378336131572723389e-02 5.516434833407402039e-02 6.610804796218872070e-02 3.020664863288402557e-02 8.736388385295867920e-02 1.422292273491621017e-02 1.200382485985755920e-01 2.484578266739845276e-02 7.123643159866333008e-02 4.267387837171554565e-02 1.980536058545112610e-02 8.864420233294367790e-04 1.647858135402202606e-02 5.121857672929763794e-02 3.872489556670188904e-02 5.013270676136016846e-02 6.475756317377090454e-02 2.349159680306911469e-02 3.902822732925415039e-02 4.012019559741020203e-02 1.809406466782093048e-02 2.784673124551773071e-02 8.993179537355899811e-03 3.727685287594795227e-02 5.593428388237953186e-02 1.179498620331287384e-02 2.440331876277923584e-02 1.343466620892286301e-02 2.150774002075195312e-02 4.438206553459167480e-02 4.081650078296661377e-02 1.599111780524253845e-02 4.904933157376945019e-04 3.542100079357624054e-03 1.267923973500728607e-02 5.428814515471458435e-02 2.568059414625167847e-02 2.118494920432567596e-02 3.507359325885772705e-02 1.710614189505577087e-02 2.141645178198814392e-02 3.903541946783661842e-03 2.960471250116825104e-02 1.227365224622189999e-03 3.096634522080421448e-02 1.784629002213478088e-02 2.773256972432136536e-03 1.193900499492883682e-02 5.858640186488628387e-03 2.859115414321422577e-02
1.757798157632350922e-02 1.408625487238168716e-02 1.408722158521413803e-02 9.944607317447662354e-02 4.262665212154388428e-01 3.537112101912498474e-02 4.239035025238990784e-02 4.012756049633026123e-02 5.806581676006317139e-02 3.882334753870964050e-02 4.053084179759025574e-02 2.587589249014854431e-02 3.031518682837486267e-02 1.333558559417724609e-02 9.631818160414695740e-03 2.651757560670375824e-02 1.760605536401271820e-02 2.060846658423542976e-03 4.417817294597625732e-02 2.998678013682365417e-02 2.043805830180644989e-02 2.829103730618953705e-02 1.773446239531040192e-02 1.169199589639902115e-02 5.168024450540542603e-02 1.942030526697635651e-02 3.499823808670043945e-02 3.551811724901199341e-02 1.191054657101631165e-02 5.773504264652729034e-03 1.744686858728528023e-03 1.715496741235256195e-02 1.134156528860330582e-02 3.438368812203407288e-02 4.341095313429832458e-02 3.317867964506149292e-02 1.676002703607082367e-02 3.853212296962738037e-02 8.097097277641296387e-02 1.043756157159805298e-01 3.853721718769520521e-04 5.879758670926094055e-02 1.400183793157339096e-02 1.846238598227500916e-02 4.779334738850593567e-02 7.169208675622940063e-02 2.900392375886440277e-02 2.574932575225830078e-02 5.217146128416061401e-02 3.560639172792434692e-02 2.707629092037677765e-02 3.602373600006103516e-02 2.551604993641376495e-02 5.968580394983291626e-02 1.819464750587940216e-02 4.283038899302482605e-02 3.528702259063720703e-02 5.638908594846725464e-02 1.038605347275733948e-02 9.820662438869476318e-03 2.255645953118801117e-02 7.325078547000885010e-02 5.889514461159706116e-02 4.408810660243034363e-02 3.090016916394233704e-02 2.071970701217651367e-02 4.771646857261657715e-02 2.256220951676368713e-02 2.643608860671520233e-02 2.491554431617259979e-02 6.023109704256057739e-02 3.244417533278465271e-02 5.127035826444625854e-02 1.155656296759843826e-02 5.309398844838142395e-02 4.998043552041053772e-02 1.661330834031105042e-02 3.770470619201660156e-02 1.339943334460258484e-02 1.781095378100872040e-02 2.851139381527900696e-02 1.953751966357231140e-02 7.707063853740692139e-02 5.243027955293655396e-02 4.546739906072616577e-02 4.666671529412269592e-02 3.451186046004295349e-02 5.497200414538383484e-02 2.377835661172866821e-02 1.735790446400642395e-02 4.462580755352973938e-02 3.448285534977912903e-02 3.092385269701480865e-02 1.266275160014629364e-02 4.188725724816322327e-02 2.398796612396836281e-03 4.391571134328842163e-02 1.756718195974826813e-02 3.514427924528717995e-03 2.560634538531303406e-02 1.361243054270744324e-02 3.525974228978157043e-02 3.171056881546974182e-02 1.242566201835870743e-02 4.243989288806915283e-02 5.098685869597829878e-05 6.597556639462709427e-04 4.807972162961959839e-02 1.903369650244712830e-02 6.117471307516098022e-02 3.300041705369949341e-02 4.217758029699325562e-02 3.298855386674404144e-03 5.637329537421464920e-03 4.603809490799903870e-02 4.156904295086860657e-03
9.313965588808059692e-02 4.595685377717018127e-02 4.372052103281021118e-02 1.124147698283195496e-02 3.537112101912498474e-02 4.195920228958129883e-01 2.818973734974861145e-02 3.950010985136032104e-02 5.664142314344644547e-03 4.691891837865114212e-03 2.818519808351993561e-02 8.612511307001113892e-02 7.988160103559494019e-02 7.172562927007675171e-02 4.822480306029319763e-02 4.792594909667968750e-02 3.915654495358467102e-02 5.780695378780364990e-02 2.370101865381002426e-03 1.710632443428039551e-02 2.543406933546066284e-02 4.626493528485298157e-02 2.553723007440567017e-02 3.183042397722601891e-03 6.392152607440948486e-02 1.111350115388631821e-02 7.528720889240503311e-03 8.065264672040939331e-03 6.654758006334304810e-02 7.865265943109989166e-03 2.601054869592189789e-02 3.764047846198081970e-02 2.727480232715606689e-02 2.219488844275474548e-03 3.166024759411811829e-02 7.596808485686779022e-03 1.710032112896442413e-02 1.601609215140342712e-02 3.425108268857002258e-02 2.720470540225505829e-02 1.936982572078704834e-02 3.359341993927955627e-02 3.571952134370803833e-02 3.930832725018262863e-03 3.276821970939636230e-02 2.454556524753570557e-02 1.449058353900909424e-01 1.154281571507453918e-02 1.436365954577922821e-02 3.538012877106666565e-02 4.476041346788406372e-02 1.916970126330852509e-02 2.103879675269126892e-02 4.249677062034606934e-03 3.776028752326965332e-02 4.844374582171440125e-02 3.607246652245521545e-02 4.270394146442413330e-02 3.608394786715507507e-02 8.096111938357353210e-03 1.414221804589033127e-02 3.798761591315269470e-02 2.918300218880176544e-02 3.240998461842536926e-02 4.686044063419103622e-03 3.535909950733184814e-02 3.927463199943304062e-03 7.818205282092094421e-03 3.358152508735656738e-02 4.436723142862319946e-02 1.388610433787107468e-02 3.085727803409099579e-02 2.457381784915924072e-02 1.335494499653577805e-02 4.393908381462097168e-02 7.372305262833833694e-03 7.920161820948123932e-03 9.153783903457224369e-04 3.885977715253829956e-02 6.016079708933830261e-02 3.804329782724380493e-02 3.436560556292533875e-02 4.784935340285301208e-02 5.153246689587831497e-03 3.652807697653770447e-02 2.402641065418720245e-02 3.619644045829772949e-02 1.986685581505298615e-02 3.556538373231887817e-02 5.505029112100601196e-02 5.781999602913856506e-02 4.308235645294189453e-02 3.519675135612487793e-02 1.734619773924350739e-02 4.318549326853826642e-05 1.999042369425296783e-02 1.572978124022483826e-02 7.652306812815368176e-04 5.066637322306632996e-02 5.726727098226547241e-02 4.998883605003356934e-02 4.125117510557174683e-02 1.203761436045169830e-02 1.956233521923422813e-03 3.924122452735900879e-02 3.691975399851799011e-02 5.005528777837753296e-02 4.094947595149278641e-03 1.141586434096097946e-02 2.556294389069080353e-02 5.270527675747871399e-02 5.515487864613533020e-02 4.088979959487915039e-02 4.852873831987380981e-02 1.533461268991231918e-02 1.851722225546836853e-02
2.260444499552249908e-02 1.029416397213935852e-01 8.479563891887664795e-02 3.461479023098945618e-02 4.239035025238990784e-02 2.818973734974861145e-02 4.260934293270111084e-01 5.059549212455749512e-02 3.306944668292999268e-02 4.261805489659309387e-02 5.520730838179588318e-02 4.628504067659378052e-02 4.239473119378089905e-02 4.074898734688758850e-02 3.878651652485132217e-03 2.413909882307052612e-02 1.025092042982578278e-02 3.486529737710952759e-02 1.042003184556961060e-02 4.219936579465866089e-02 2.052917890250682831e-02 1.780067384243011475e-02 4.006989765912294388e-03 3.572318330407142639e-02 4.341685771942138672e-02 3.298991546034812927e-02 8.702553808689117432e-02 1.726026833057403564e-02 5.184913426637649536e-02 5.622957833111286163e-03 1.228574663400650024e-01 8.799185976386070251e-03 6.216280907392501831e-02 1.242995914071798325e-02 4.020112752914428711e-02 2.117929980158805847e-02 3.524876013398170471e-02 4.694578796625137329e-02 4.448446258902549744e-02 2.358399704098701477e-02 1.405283529311418533e-02 3.420808818191289902e-03 9.815338999032974243e-03 1.717230677604675293e-02 2.731994725763797760e-02 1.599170081317424774e-02 4.395784437656402588e-02 2.193220406770706177e-01 5.585057660937309265e-03 3.108108043670654297e-02 3.212951496243476868e-02 2.792145311832427979e-02 1.723119989037513733e-02 1.208566315472126007e-02 3.480718284845352173e-02 3.454927355051040649e-02 1.265355292707681656e-02 5.063795298337936401e-02 8.597686886787414551e-03 2.444716356694698334e-02 2.811128087341785431e-02 4.189350455999374390e-02 4.882569611072540283e-02 1.447145175188779831e-02 4.576313495635986328e-02 7.504278421401977539e-02 2.797162160277366638e-02 1.829569227993488312e-03 2.353560179471969604e-02 8.630086667835712433e-03 3.243133798241615295e-02 4.847591742873191833e-02 2.441521920263767242e-02 2.350712008774280548e-02 1.769358990713953972e-03 3.461823239922523499e-02 2.977558970451354980e-02 4.231585189700126648e-02 1.061566174030303955e-02 2.761875092983245850e-02 4.450768698006868362e-03 4.556702822446823120e-02 1.267029624432325363e-02 4.846540093421936035e-02 4.951806738972663879e-03 3.009302355349063873e-02 8.561048656702041626e-03 4.502047225832939148e-02 4.719601944088935852e-02 5.431938916444778442e-02 1.603718101978302002e-02 1.349514164030551910e-02 1.497991532087326050e-01 1.680966652929782867e-02 2.843946218490600586e-02 2.640894800424575806e-02 5.546793807297945023e-03 3.700569272041320801e-02 1.000733464024960995e-03 3.412460908293724060e-02 5.131024494767189026e-02 2.620529942214488983e-02 2.309825830161571503e-02 4.289067536592483521e-02 2.411171980202198029e-02 1.234172470867633820e-02 1.711788587272167206e-02 5.504956096410751343e-02 3.814859548583626747e-03 1.478201895952224731e-02 1.805161125957965851e-02 1.771456189453601837e-02 4.223171854391694069e-04 4.831938445568084717e-02 3.976427018642425537e-02 3.288555890321731567e-02
1.912786997854709625e-02 2.649438008666038513e-02 1.065163910388946533e-01 2.568064630031585693e-02 4.012756049633026123e-02 3.950010985136032104e-02 5.059549212455749512e-02 4.120557904243469238e-01 3.484221175312995911e-02 3.395979478955268860e-02 5.615937989205121994e-03 2.211008593440055847e-02 3.697490319609642029e-02 4.948121681809425354e-02 7.375074923038482666e-02 3.726441413164138794e-02 3.944629058241844177e-02 1.736464351415634155e-02 1.764588244259357452e-02 1.778543740510940552e-02 1.374788023531436920e-02 4.693811759352684021e-02 2.671326696872711182e-02 2.099190652370452881e-02 2.062338031828403473e-02 3.423680085688829422e-03 2.878139168024063110e-02 2.624908462166786194e-02 5.500926170498132706e-03 3.084166161715984344e-02 3.711329773068428040e-02 4.642810299992561340e-02 4.761121794581413269e-02 6.235237699002027512e-03 1.193801726913079619e-04 4.277882166206836700e-03 3.324020653963088989e-02 7.838497869670391083e-03 2.266355790197849274e-02 3.591872006654739380e-02 7.776100537739694118e-04 5.312461778521537781e-02 2.898938208818435669e-02 5.611043795943260193e-02 2.855626679956912994e-02 3.369177132844924927e-02 1.308349799364805222e-02 1.554073672741651535e-02 2.287370152771472931e-02 2.702947147190570831e-02 2.827768772840499878e-02 5.677209701389074326e-03 8.597815758548676968e-04 6.207133643329143524e-03 1.408878830261528492e-03 8.085841313004493713e-03 3.597689792513847351e-02 1.491181366145610809e-02 2.004049345850944519e-02 6.657267455011606216e-03 4.564021155238151550e-02 1.810031197965145111e-02 1.546817715279757977e-03 4.155671223998069763e-02 1.347729656845331192e-02 2.632708474993705750e-02 2.274281531572341919e-02 2.282866975292563438e-03 1.927197910845279694e-02 3.034069761633872986e-02 5.247044842690229416e-03 9.760905988514423370e-03 3.139703348278999329e-02 1.506441272795200348e-02 1.946445117937400937e-04 3.511592745780944824e-02 2.060686051845550537e-02 1.398393977433443069e-02 3.721221536397933960e-02 1.562319416552782059e-02 1.338139325380325317e-01 1.356481015682220459e-01 3.211133554577827454e-02 2.307185716927051544e-02 3.775122761726379395e-02 4.248277470469474792e-02 4.914297908544540405e-02 3.887432813644409180e-02 3.074306249618530273e-02 3.240121528506278992e-02 1.963292062282562256e-02 6.348995864391326904e-02 3.598259016871452332e-02 1.911366125568747520e-03 2.797896228730678558e-02 2.066369354724884033e-02 5.627995729446411133e-02 1.871271803975105286e-02 7.253837306052446365e-03 1.250634156167507172e-02 1.194909028708934784e-02 3.116635419428348541e-02 6.645293533802032471e-02 1.481268927454948425e-02 3.113251551985740662e-02 4.439061507582664490e-02 1.936412043869495392e-02 4.306404665112495422e-02 1.557910535484552383e-02 2.531613036990165710e-02 2.300084754824638367e-02 1.646363548934459686e-02 2.592125535011291504e-02 1.234812103211879730e-02 1.163830049335956573e-02 1.350921858102083206e-02
4.587583988904953003e-02 2.330888062715530396e-03 2.211991325020790100e-02 1.137670408934354782e-02 5.806581676006317139e-02 5.664142314344644547e-03 3.306944668292999268e-02 3.484221175312995911e-02 4.194930791854858398e-01 2.074569463729858398e-02 5.167002230882644653e-02 4.700068756937980652e-02 2.641128608956933022e-03 3.632480651140213013e-02 2.029920928180217743e-03 2.787634544074535370e-02 5.591281875967979431e-02 7.083567231893539429e-02 5.629721656441688538e-02 3.438337892293930054e-02 2.977907285094261169e-02 5.226455163210630417e-03 2.653774572536349297e-03 4.264551028609275818e-02 2.548977732658386230e-02 6.469805259257555008e-03 3.297935053706169128e-02 1.509091816842556000e-02 2.014834620058536530e-02 2.191075123846530914e-02 3.999835811555385590e-03 1.847932301461696625e-02 4.559877887368202209e-02 1.000541448593139648e-02 4.415194317698478699e-02 1.927966251969337463e-02 1.109142694622278214e-02 2.672116085886955261e-02 5.332199111580848694e-02 8.163668960332870483e-02 3.073745407164096832e-02 1.140344247687608004e-04 1.888783462345600128e-02 1.933723129332065582e-02 2.727930620312690735e-02 5.891038477420806885e-02 8.006684365682303905e-04 3.781153261661529541e-02 4.214910417795181274e-02 6.381372362375259399e-02 3.477776050567626953e-02 2.743827365338802338e-02 1.413096580654382706e-02 4.936956986784934998e-02 7.045440375804901123e-02 5.927473772317171097e-03 2.010382153093814850e-02 6.222675740718841553e-02 2.807578444480895996e-02 7.852670736610889435e-03 1.102344598621129990e-02 4.933452606201171875e-02 6.827564537525177002e-02 5.364443734288215637e-02 3.084532730281352997e-02 1.072860881686210632e-02 5.368081480264663696e-02 4.169963300228118896e-02 1.208882033824920654e-02 5.238008871674537659e-02 3.233435750007629395e-02 1.848172582685947418e-02 7.927692495286464691e-03 4.181960225105285645e-02 2.659870311617851257e-02 2.375107072293758392e-02 1.532770991325378418e-01 1.014391891658306122e-02 1.069577783346176147e-02 5.040287226438522339e-02 3.579767420887947083e-02 3.993072733283042908e-02 4.122926294803619385e-02 2.272670855745673180e-03 3.546946216374635696e-03 2.923989668488502502e-02 1.047295518219470978e-02 4.498407989740371704e-02 3.639262169599533081e-02 2.578994259238243103e-02 4.551528021693229675e-02 2.178714610636234283e-02 3.404233604669570923e-02 5.677387863397598267e-02 4.699219390749931335e-02 4.945804178714752197e-02 4.132960364222526550e-02 1.229178532958030701e-02 3.584734350442886353e-02 4.533459618687629700e-02 4.410016536712646484e-02 7.355610840022563934e-03 2.369078621268272400e-02 1.083691231906414032e-02 3.577170521020889282e-02 4.020332358777523041e-03 4.785709455609321594e-02 1.769096776843070984e-02 3.960876911878585815e-02 2.219231240451335907e-02 3.210166841745376587e-02 9.361619129776954651e-03 3.242303431034088135e-02 2.478220872581005096e-02 3.341079503297805786e-02 8.107397705316543579e-03
3.124756924808025360e-02 2.791672246530652046e-03 4.633423686027526855e-02 1.389786601066589355e-02 3.882334753870964050e-02 4.691891837865114212e-03 4.261805489659309387e-02 3.395979478955268860e-02 2.074569463729858398e-02 4.172347784042358398e-01 2.350786887109279633e-02 5.747330933809280396e-02 5.071919411420822144e-02 1.061935350298881531e-02 2.484867163002490997e-02 3.574678301811218262e-02 2.956245280802249908e-02 5.895347520709037781e-02 1.558812707662582397e-01 3.432528348639607430e-03 1.189845334738492966e-02 4.739944357424974442e-03 5.619761068373918533e-03 1.234576944261789322e-02 2.833693660795688629e-02 5.407556518912315369e-02 8.463644422590732574e-03 6.166562810540199280e-02 3.362263739109039307e-02 2.775138244032859802e-02 2.983647584915161133e-02 2.760047093033790588e-02 4.089508578181266785e-02 1.871578954160213470e-02 1.267965044826269150e-02 3.375483304262161255e-02 3.397131711244583130e-02 1.723971101455390453e-03 2.456191740930080414e-02 4.994027316570281982e-02 3.629481419920921326e-02 5.169548094272613525e-02 1.516180112957954407e-02 1.526593230664730072e-03 2.038959972560405731e-02 3.038313426077365875e-02 4.975555092096328735e-02 2.983437385410070419e-03 3.695060685276985168e-02 8.142775855958461761e-03 5.614387919194996357e-04 1.538384053856134415e-02 3.008122183382511139e-02 3.156924620270729065e-02 9.314016439020633698e-03 2.597232535481452942e-02 2.451623789966106415e-02 3.096220269799232483e-02 3.885800763964653015e-02 8.923658728599548340e-02 1.033199764788150787e-02 1.972738653421401978e-03 9.238529019057750702e-03 1.203475147485733032e-02 6.096640601754188538e-03 9.214173071086406708e-03 3.045510873198509216e-02 4.218783974647521973e-02 4.144303873181343079e-02 2.709805965423583984e-03 2.546410774812102318e-03 5.037154257297515869e-02 1.500562485307455063e-02 3.466854244470596313e-02 4.213155806064605713e-02 2.479626424610614777e-02 4.061782360076904297e-02 1.066653057932853699e-01 1.008469518274068832e-02 9.742518514394760132e-02 1.448555476963520050e-02 5.448754131793975830e-02 9.631244465708732605e-03 2.516371570527553558e-02 4.622263833880424500e-02 2.133806049823760986e-02 3.047673217952251434e-02 4.234711173921823502e-03 2.768133208155632019e-02 9.278560057282447815e-03 1.277682650834321976e-02 4.395562410354614258e-02 2.422082982957363129e-02 2.181232161819934845e-02 2.478710934519767761e-02 3.458039462566375732e-02 3.241080045700073242e-02 9.270186536014080048e-03 2.678776159882545471e-02 3.098319098353385925e-02 4.153325036168098450e-02 3.264259174466133118e-02 5.703892558813095093e-03 5.393397808074951172e-02 1.484266109764575958e-02 3.530199453234672546e-02 1.068689115345478058e-02 6.597382016479969025e-03 5.518233403563499451e-02 1.564292004331946373e-03 2.402843907475471497e-02 3.273582458496093750e-02 2.502830140292644501e-02 5.386101454496383667e-02 1.374638453125953674e-02 3.840165212750434875e-02
7.197049260139465332e-02 4.743873141705989838e-03 2.424542559310793877e-03 9.351354092359542847e-03 4.053084179759025574e-02 2.818519808351993561e-02 5.520730838179588318e-02 5.615937989205121994e-03 5.167002230882644653e-02 2.350786887109279633e-02 4.227286875247955322e-01 9.838317520916461945e-03 7.176499068737030029e-02 3.919118549674749374e-03 1.918845251202583313e-02 5.460217967629432678e-02 3.105041757225990295e-02 2.651679888367652893e-02 1.712029799818992615e-02 8.222617208957672119e-03 8.310582488775253296e-03 7.922787219285964966e-02 1.675156690180301666e-02 1.846685260534286499e-02 2.035409025847911835e-02 2.362956292927265167e-02 6.099175289273262024e-02 3.895884752273559570e-02 7.306684553623199463e-02 2.651230606716126204e-04 8.536281995475292206e-03 8.695358410477638245e-03 5.418330430984497070e-02 4.103607032448053360e-03 7.635940797626972198e-03 3.943262994289398193e-02 9.368758648633956909e-03 2.359803020954132080e-02 2.171880751848220825e-02 3.244150429964065552e-02 3.113259188830852509e-02 1.429515238851308823e-02 2.836501412093639374e-02 2.112018503248691559e-02 5.121675506234169006e-02 9.316387586295604706e-03 4.277207329869270325e-02 1.694254390895366669e-02 5.268838256597518921e-02 2.131305821239948273e-02 1.476186094805598259e-03 4.557890817523002625e-02 2.983983978629112244e-02 2.556585893034934998e-02 2.911490574479103088e-02 7.702214643359184265e-03 3.268126770853996277e-02 3.189364075660705566e-02 6.617905944585800171e-02 1.600204780697822571e-02 3.952147066593170166e-02 2.393338084220886230e-02 6.109953857958316803e-03 2.063835272565484047e-03 7.913143187761306763e-02 4.206639900803565979e-02 7.250730879604816437e-03 3.630554303526878357e-02 4.978224262595176697e-02 3.858067793771624565e-03 1.604687608778476715e-02 1.405823230743408203e-02 1.346654910594224930e-02 1.160732563585042953e-02 1.734618283808231354e-02 2.448740042746067047e-02 4.798073694109916687e-02 7.014500442892313004e-03 4.061376303434371948e-02 2.884948998689651489e-02 1.642784103751182556e-02 4.030355438590049744e-02 2.987008914351463318e-02 1.465688925236463547e-02 1.338477060198783875e-02 5.391604825854301453e-02 2.672799304127693176e-02 6.082873046398162842e-02 4.761493206024169922e-02 3.978066891431808472e-02 1.092351600527763367e-02 4.365811496973037720e-02 5.461578816175460815e-02 1.592191495001316071e-02 5.365115776658058167e-02 2.366378717124462128e-02 2.626775205135345459e-02 2.242331765592098236e-02 2.664382569491863251e-02 2.336043491959571838e-02 1.247678790241479874e-02 5.527390912175178528e-02 2.952276356518268585e-02 6.046472582966089249e-03 4.366920888423919678e-02 1.834036782383918762e-02 4.049443453550338745e-02 2.418197318911552429e-02 1.269425847567617893e-03 3.377706557512283325e-02 2.486101165413856506e-02 2.451827004551887512e-02 6.307840812951326370e-03 6.240276619791984558e-03 2.071046642959117889e-02 2.351471781730651855e-02
4.037087038159370422e-02 5.566286668181419373e-02 2.299467474222183228e-02 1.076586917042732239e-02 2.587589249014854431e-02 8.612511307001113892e-02 4.628504067659378052e-02 2.211008593440055847e-02 4.700068756937980652e-02 5.747330933809280396e-02 9.838317520916461945e-03 4.392650127410888672e-01 4.501063749194145203e-02 1.360419392585754395e-01 3.334762528538703918e-02 1.543585490435361862e-02 2.112206444144248962e-02 4.377419129014015198e-02 7.551319152116775513e-02 4.633513092994689941e-02 2.129993587732315063e-02 2.868895826395601034e-04 1.023441832512617111e-02 3.823617845773696899e-02 2.284749969840049744e-02 3.382107987999916077e-02 4.030055552721023560e-02 1.189164146780967712e-01 2.863032557070255280e-02 7.125876843929290771e-02 1.647217571735382080e-02 4.010732471942901611e-02 1.302634738385677338e-02 5.264547094702720642e-02 2.016187459230422974e-02 2.407499961555004120e-02 1.388010196387767792e-02 3.737381473183631897e-02 5.708885844796895981e-03 4.660350829362869263e-02 1.648511365056037903e-02 2.214764431118965149e-02 1.563260331749916077e-02 3.005056269466876984e-02 1.980030164122581482e-02 1.907012052834033966e-02 3.805873915553092957e-02 4.421399533748626709e-02 2.658264525234699249e-02 4.432357847690582275e-02 4.170294106006622314e-02 2.573198638856410980e-02 7.793701719492673874e-03 1.455826871097087860e-02 1.301671564579010010e-02 1.497243437916040421e-02 4.020248726010322571e-02 4.948634654283523560e-02 2.722503244876861572e-02 1.529034785926342010e-02 1.995639316737651825e-02 7.224425673484802246e-02 5.219693109393119812e-02 5.191149562597274780e-02 1.840582117438316345e-02 5.606525018811225891e-02 5.360181629657745361e-02 2.396870590746402740e-02 3.683111444115638733e-02 2.467186190187931061e-02 4.509409889578819275e-02 4.739580675959587097e-02 5.327227059751749039e-03 2.627141959965229034e-02 2.650012075901031494e-02 5.260481685400009155e-02 3.850111737847328186e-02 2.350849285721778870e-02 6.059264019131660461e-02 5.497224163264036179e-03 8.465877734124660492e-03 3.088089637458324432e-02 9.256653487682342529e-02 8.601881563663482666e-02 1.656449213624000549e-02 2.976868487894535065e-02 5.627960897982120514e-03 3.616704419255256653e-02 3.589072078466415405e-02 4.160775616765022278e-02 6.873359438031911850e-03 4.137406870722770691e-02 3.425019979476928711e-02 5.041092634201049805e-02 4.314132779836654663e-02 8.197106420993804932e-02 4.184826463460922241e-02 1.299963518977165222e-02 5.325897037982940674e-02 1.510334853082895279e-02 1.118329353630542755e-02 2.900084666907787323e-02 1.188089605420827866e-03 1.352034229785203934e-02 3.206067904829978943e-02 3.017650172114372253e-02 8.344577625393867493e-03 3.639265149831771851e-02 5.948550999164581299e-03 3.057200461626052856e-02 3.770232666283845901e-03 1.608934998512268066e-02 3.336895629763603210e-02 1.554793957620859146e-02 2.390414103865623474e-02 1.051778346300125122e-02
1.132617890834808350e-01 1.129100024700164795e-01 2.078321576118469238e-02 3.760875761508941650e-02 3.031518682837486267e-02 7.988160103559494019e-02 4.239473119378089905e-02 3.697490319609642029e-02 2.641128608956933022e-03 5.071919411420822144e-02 7.176499068737030029e-02 4.501063749194145203e-02 4.242673814296722412e-01 3.876429796218872070e-02 2.478343434631824493e-03 1.397707778960466385e-02 5.213320255279541016e-03 1.245615072548389435e-03 1.065052673220634460e-02 2.330359257757663727e-02 1.187174860388040543e-02 3.959510475397109985e-02 3.304344788193702698e-02 9.192160330712795258e-03 1.509364228695631027e-02 2.125383168458938599e-02 4.622305743396282196e-03 4.647693783044815063e-02 4.914637655019760132e-02 1.889523863792419434e-02 1.047767028212547302e-01 3.324637562036514282e-02 4.846146330237388611e-02 1.475578360259532928e-02 3.499928116798400879e-02 1.087551121599972248e-03 8.277915418148040771e-03 2.538408152759075165e-02 3.401325270533561707e-02 5.109390709549188614e-03 4.986130446195602417e-02 5.359054543077945709e-03 3.965498507022857666e-02 1.470039878040552139e-02 4.338956251740455627e-02 4.791628103703260422e-03 1.026082225143909454e-02 4.007420036941766739e-03 5.303425714373588562e-02 1.078873500227928162e-02 5.957750836387276649e-04 3.188237920403480530e-02 5.306685343384742737e-02 4.858622699975967407e-02 9.832658804953098297e-03 3.472290933132171631e-02 6.297614425420761108e-02 3.414886444807052612e-02 1.430676691234111786e-02 2.486150478944182396e-03 1.747049763798713684e-02 4.175965860486030579e-02 2.657129988074302673e-02 9.685258381068706512e-03 3.541707247495651245e-02 3.545699268579483032e-02 2.549976482987403870e-02 1.142928097397089005e-02 4.377726092934608459e-02 3.990318253636360168e-02 7.876761257648468018e-03 3.347351774573326111e-02 4.342036321759223938e-02 3.939323127269744873e-02 1.319061685353517532e-02 3.644758090376853943e-02 4.448914900422096252e-02 9.200477972626686096e-03 3.971842303872108459e-02 1.765614189207553864e-02 4.614200070500373840e-02 2.403926849365234375e-02 4.817572608590126038e-02 5.381497554481029510e-03 7.077258080244064331e-03 2.237775363028049469e-02 8.408054709434509277e-03 3.610870242118835449e-02 1.025118213146924973e-02 1.618553302250802517e-03 1.777056232094764709e-02 4.925876110792160034e-02 4.647818207740783691e-02 2.298795059323310852e-02 1.148149743676185608e-02 9.494285099208354950e-03 2.064075786620378494e-03 1.807750575244426727e-02 1.034257095307111740e-02 2.975625731050968170e-02 1.975206285715103149e-02 1.002169772982597351e-02 7.079237140715122223e-03 4.649741202592849731e-02 7.221688050776720047e-03 2.938474155962467194e-02 2.873854152858257294e-02 3.456339612603187561e-02 7.720127236098051071e-03 5.115224793553352356e-02 3.069161437451839447e-02 2.015363611280918121e-02 1.245122589170932770e-02 9.159146808087825775e-03 9.934585541486740112e-03 1.794228795915842056e-03
