4.598253965377807617e-01 1.319775730371475220e-01 3.499729931354522705e-02 4.233482480049133301e-02 5.315922573208808899e-02 5.821106955409049988e-02 2.152507938444614410e-02 3.683687001466751099e-02 1.675331406295299530e-02 5.068449676036834717e-02 8.841832727193832397e-02 2.232457697391510010e-02 8.763487637042999268e-02 4.677362740039825439e-02 2.887883922085165977e-03 2.469065785408020020e-02 3.916532441508024931e-04 2.944123744964599609e-02 3.884493932127952576e-02 5.392205715179443359e-02 2.197816409170627594e-02 2.406180463731288910e-02 1.025372557342052460e-02 1.203189883381128311e-02 4.380587488412857056e-02 1.036325376480817795e-02 3.305830806493759155e-02 1.222880370914936066e-02 2.603907510638237000e-02 3.314829897135496140e-03 7.594096008688211441e-03 5.131106078624725342e-02 3.662549704313278198e-02 4.812989756464958191e-02 2.291423082351684570e-02 4.223199188709259033e-02 3.106785938143730164e-02 1.595629565417766571e-02 1.317354384809732437e-03 7.281945552676916122e-03 1.742164231836795807e-02 3.488491848111152649e-02 5.448251962661743164e-02 4.429237172007560730e-02 4.626563563942909241e-02 4.478438943624496460e-02 2.487368695437908173e-02 3.892895951867103577e-02 4.382435604929924011e-02 1.286111492663621902e-02 3.297756984829902649e-02 5.913147237151861191e-03 3.488945960998535156e-02 5.797641351819038391e-03 3.938410058617591858e-02 2.558812126517295837e-02 1.811862178146839142e-02 2.466829726472496986e-03 3.046431951224803925e-02 2.714595384895801544e-02 1.266014482825994492e-02 3.866759315133094788e-02 1.302000787109136581e-02 5.202165618538856506e-02 5.235477536916732788e-02 3.360761702060699463e-02 9.927798993885517120e-03 1.264776475727558136e-02 3.964542411267757416e-03 2.849382907152175903e-02 2.671704068779945374e-02 5.427879747003316879e-03 2.273891121149063110e-02 4.258580133318901062e-02 4.627699498087167740e-03 1.192202605307102203e-02 4.213669151067733765e-02 4.101369064301252365e-03 3.489665314555168152e-02 2.753701433539390564e-02 1.472954265773296356e-02 4.500334151089191437e-03 1.966801844537258148e-02 2.168322913348674774e-02 9.559009224176406860e-03 5.072239786386489868e-03 5.526069551706314087e-02 3.075756598263978958e-03 2.184032491641119123e-04 3.124392963945865631e-02 4.021299257874488831e-02 4.901949432678520679e-04 7.089182734489440918e-02 3.961578384041786194e-02 1.753995195031166077e-02 7.112177554517984390e-03 4.152908921241760254e-02 1.686243526637554169e-02 4.160595312714576721e-02 4.070746153593063354e-02 1.779723912477493286e-02 3.750308603048324585e-02 4.130896925926208496e-02 1.660785079002380371e-02 5.142546817660331726e-02 3.777899593114852905e-02 2.902428619563579559e-03 2.970676310360431671e-02 3.500414639711380005e-02 1.266929507255554199e-02 3.527743741869926453e-02 8.082272484898567200e-03 4.002717882394790649e-02 3.208399191498756409e-02 4.207031428813934326e-02 2.970447018742561340e-02
1.319775730371475220e-01 4.530169963836669922e-01 7.856057025492191315e-03 2.001914568245410919e-02 3.071565181016921997e-02 3.831058368086814880e-02 5.555424466729164124e-02 1.865739747881889343e-02 2.846210449934005737e-02 3.626263514161109924e-02 1.048085987567901611e-01 4.690718371421098709e-03 1.363165825605392456e-01 1.652108691632747650e-02 2.328757941722869873e-02 2.996938861906528473e-02 3.514654561877250671e-02 9.948242455720901489e-03 2.046869508922100067e-02 2.947047725319862366e-02 4.737005755305290222e-02 2.540297619998455048e-02 7.298111915588378906e-03 1.146232243627309799e-02 2.291460335254669189e-02 5.149836093187332153e-02 5.051420629024505615e-02 5.892917979508638382e-03 3.572880104184150696e-02 1.415158621966838837e-02 1.201922073960304260e-02 3.296705335378646851e-02 3.014654293656349182e-02 4.059090465307235718e-02 1.117099821567535400e-02 3.349054977297782898e-02 4.509824141860008240e-02 5.396889522671699524e-02 2.359265927225351334e-03 1.047848630696535110e-02 2.175293490290641785e-02 3.855971619486808777e-02 3.324167802929878235e-02 2.228440530598163605e-02 3.809301927685737610e-02 2.682662196457386017e-02 2.263089269399642944e-02 4.683916270732879639e-02 4.628761485219001770e-02 2.975099952891469002e-03 5.356020480394363403e-02 4.666067194193601608e-03 1.340193022042512894e-02 1.808324269950389862e-02 4.952396452426910400e-02 1.656258129514753819e-03 2.331007644534111023e-02 3.578154742717742920e-02 3.196305781602859497e-02 5.738661158829927444e-03 1.262410636991262436e-02 4.698786139488220215e-02 1.589850336313247681e-02 4.355200007557868958e-02 8.059347979724407196e-03 2.209004946053028107e-02 2.740072645246982574e-02 1.436959579586982727e-02 2.514643035829067230e-02 4.412232339382171631e-02 1.006903126835823059e-03 6.046962924301624298e-03 4.877978190779685974e-02 4.621641337871551514e-02 8.708531036972999573e-03 2.442423813045024872e-02 2.383981272578239441e-02 2.396082039922475815e-03 2.179467678070068359e-02 3.970642015337944031e-02 6.362155079841613770e-02 1.703548617660999298e-02 1.257374323904514313e-02 7.063519954681396484e-02 2.914341166615486145e-02 2.826931700110435486e-02 7.556168828159570694e-03 2.399508841335773468e-02 4.761386290192604065e-02 4.835679754614830017e-02 2.128477953374385834e-02 2.207805588841438293e-02 1.634144783020019531e-02 5.804881826043128967e-02 6.094362121075391769e-03 1.703343167901039124e-02 1.286889519542455673e-02 2.083761990070343018e-02 5.443850159645080566e-02 5.236647278070449829e-02 4.242967441678047180e-02 3.230202943086624146e-02 8.969685994088649750e-03 7.228375034173950553e-05 4.396061599254608154e-02 1.812853105366230011e-02 1.436323765665292740e-02 3.117269091308116913e-02 4.082752019166946411e-02 2.471940405666828156e-02 4.400618746876716614e-02 2.052843198180198669e-02 1.874116994440555573e-02 5.579384416341781616e-02 2.391604334115982056e-02 1.355366129428148270e-02
3.499729931354522705e-02 7.856057025492191315e-03 4.387558996677398682e-01 2.407277002930641174e-02 1.443862449377775192e-02 1.376804802566766739e-02 3.881584107875823975e-02 8.852553367614746094e-02 6.233060732483863831e-03 5.293396115303039551e-02 5.553929880261421204e-02 5.035069771111011505e-03 3.547594416886568069e-03 4.664797708392143250e-02 5.847894400358200073e-02 1.324607152491807938e-02 3.370428830385208130e-02 3.241223515942692757e-03 4.196327924728393555e-02 1.210500951856374741e-02 2.516601234674453735e-02 8.769057691097259521e-02 9.708263911306858063e-03 2.021910622715950012e-02 4.626374319195747375e-02 2.882802858948707581e-02 1.408137828111648560e-01 6.177725736051797867e-03 3.596546500921249390e-02 7.201505359262228012e-04 5.433664470911026001e-02 2.788898348808288574e-02 3.294749930500984192e-02 2.226378396153450012e-02 3.275155648589134216e-02 1.859604008495807648e-02 2.970825135707855225e-02 3.738547861576080322e-02 1.214195322245359421e-02 1.451498456299304962e-02 4.963643103837966919e-02 3.701269254088401794e-02 5.033804103732109070e-02 4.104772955179214478e-02 1.018289290368556976e-02 6.721571087837219238e-02 5.682735238224267960e-03 1.786282984539866447e-03 1.022162567824125290e-02 7.197864353656768799e-03 1.633375696837902069e-02 4.530416801571846008e-02 1.846024952828884125e-02 1.146112754940986633e-02 5.089247599244117737e-02 1.171799283474683762e-02 4.942919313907623291e-02 2.927100844681262970e-02 1.016282849013805389e-02 1.021098122000694275e-01 3.841562196612358093e-02 1.991696469485759735e-02 1.872166991233825684e-02 1.952105946838855743e-02 2.208679169416427612e-02 1.018493399024009705e-01 5.671524908393621445e-03 3.461854904890060425e-02 2.359110862016677856e-02 3.437040373682975769e-02 1.671995269134640694e-03 6.580062955617904663e-02 2.473784610629081726e-03 5.846430361270904541e-02 3.109226003289222717e-02 4.915707930922508240e-02 3.563644364476203918e-03 2.800433896481990814e-03 2.372298017144203186e-02 2.101862430572509766e-02 8.319135010242462158e-02 8.900131098926067352e-03 1.343503687530755997e-02 2.921964786946773529e-02 3.083850070834159851e-02 4.856811463832855225e-02 2.064318582415580750e-02 5.523796007037162781e-02 4.232889041304588318e-02 6.794439395889639854e-04 2.621244406327605247e-03 3.966822847723960876e-02 1.034897752106189728e-03 2.975922077894210815e-03 3.763987915590405464e-03 1.555506978183984756e-02 5.841221660375595093e-03 2.255452424287796021e-02 3.900308907032012939e-02 4.325835406780242920e-02 4.289283603429794312e-02 1.704927906394004822e-02 3.237396851181983948e-02 4.402128979563713074e-03 3.141925856471061707e-02 1.356097590178251266e-02 1.590781845152378082e-02 4.401450604200363159e-02 2.523672208189964294e-02 1.845040358603000641e-02 3.992471843957901001e-02 7.573277107439935207e-04 3.945849090814590454e-02 3.243082389235496521e-02 3.660091385245323181e-02 2.063468284904956818e-02
4.233482480049133301e-02 2.001914568245410919e-02 2.407277002930641174e-02 4.453424811363220215e-01 1.186674758791923523e-01 6.858851294964551926e-03 1.548430416733026505e-02 4.397145286202430725e-02 2.012355811893939972e-02 4.564634524285793304e-03 1.510861795395612717e-02 2.193433977663516998e-02 5.085321143269538879e-02 4.649448208510875702e-03 5.045252665877342224e-02 4.592907149344682693e-03 3.244875743985176086e-02 1.568980701267719269e-02 1.995392516255378723e-02 2.468876540660858154e-02 1.651361957192420959e-02 2.148347906768321991e-02 4.499560594558715820e-02 6.135371699929237366e-02 4.473255574703216553e-02 1.399016566574573517e-02 2.905614487826824188e-02 4.398014023900032043e-02 4.830627515912055969e-02 3.501028940081596375e-02 3.698699176311492920e-02 2.017586305737495422e-02 5.379977077245712280e-02 7.674399018287658691e-02 2.478449791669845581e-02 3.447979316115379333e-02 1.264362130314111710e-02 4.446572810411453247e-02 6.012891978025436401e-02 6.835553795099258423e-02 5.257463455200195312e-02 1.839216984808444977e-02 9.654695168137550354e-03 4.413199797272682190e-02 3.069354593753814697e-02 3.300599008798599243e-02 1.799635647330433130e-04 1.203375402837991714e-02 1.614509522914886475e-02 5.195950157940387726e-03 2.896990999579429626e-02 5.580121651291847229e-02 1.380710955709218979e-02 3.076634928584098816e-02 1.689822226762771606e-02 4.280590638518333435e-02 4.578727483749389648e-02 2.691414207220077515e-03 3.127186326310038567e-03 1.890794374048709869e-02 1.210202556103467941e-02 6.074462085962295532e-03 5.322755873203277588e-02 5.025838967412710190e-03 1.392255350947380066e-02 2.164122648537158966e-02 5.054092034697532654e-03 1.425677072256803513e-02 4.690861795097589493e-03 4.380537196993827820e-02 4.273823648691177368e-02 2.418653108179569244e-02 3.930976986885070801e-02 6.246627494692802429e-02 4.451263695955276489e-03 8.685171604156494141e-03 5.070221796631813049e-02 3.780487179756164551e-02 2.907312475144863129e-02 1.959523931145668030e-02 5.644270032644271851e-02 3.683167323470115662e-02 4.853907972574234009e-02 1.622204296290874481e-02 1.140076201409101486e-03 2.031487785279750824e-02 2.822447568178176880e-02 4.312172904610633850e-02 4.059350490570068359e-02 9.428834542632102966e-03 2.239366760477423668e-03 4.305446147918701172e-02 3.633845597505569458e-02 2.904131822288036346e-02 1.408111490309238434e-02 5.042149871587753296e-02 2.534695900976657867e-02 4.799610003829002380e-02 7.017192989587783813e-02 2.768918499350547791e-02 3.664221242070198059e-02 6.289629382081329823e-04 3.646364808082580566e-02 6.770843756385147572e-04 4.403568804264068604e-02 2.989086497109383345e-04 3.663546219468116760e-02 6.683347374200820923e-02 6.944270804524421692e-03 2.432036213576793671e-02 4.615816473960876465e-02 2.019276097416877747e-02 4.280998930335044861e-02 1.069994457066059113e-02 2.600585483014583588e-02 1.179570984095335007e-02
5.315922573208808899e-02 3.071565181016921997e-02 1.443862449377775192e-02 1.186674758791923523e-01 4.515649676322937012e-01 6.304258015006780624e-03 2.037392742931842804e-02 2.383582293987274170e-02 9.757940657436847687e-03 3.797479346394538879e-02 1.399640273302793503e-02 1.051015686243772507e-02 5.298477597534656525e-03 4.281830842955969274e-05 2.212943322956562042e-02 1.651897327974438667e-03 6.582991685718297958e-03 2.833820134401321411e-02 4.450676590204238892e-02 2.774716168642044067e-02 4.807340726256370544e-02 4.106151685118675232e-02 3.010915592312812805e-02 1.525872945785522461e-02 2.706582099199295044e-02 1.663522981107234955e-02 5.071145296096801758e-02 5.390120297670364380e-02 2.007928118109703064e-02 1.804558932781219482e-02 2.204246586188673973e-03 1.149173453450202942e-02 5.065353214740753174e-02 2.373975329101085663e-02 5.731121823191642761e-02 3.578500449657440186e-02 4.053552821278572083e-02 1.121180318295955658e-02 6.151574105024337769e-02 6.109750643372535706e-02 2.122150920331478119e-02 2.438934706151485443e-02 1.711346954107284546e-02 1.538709178566932678e-02 4.541070014238357544e-02 1.046974118798971176e-02 9.786409325897693634e-03 4.250577092170715332e-02 5.114283785223960876e-02 7.089073210954666138e-02 5.663155764341354370e-02 7.845656573772430420e-02 2.275154553353786469e-02 1.249867957085371017e-03 5.848181433975696564e-03 6.805242039263248444e-03 5.015315860509872437e-02 3.085246682167053223e-02 1.883603073656558990e-02 2.629271708428859711e-02 2.674661809578537941e-03 3.056783974170684814e-02 2.797604724764823914e-02 3.322626277804374695e-02 5.204328149557113647e-02 3.900385648012161255e-02 4.926004330627620220e-04 5.667415913194417953e-03 4.130497947335243225e-02 2.519707195460796356e-02 2.263797633349895477e-02 1.544552948325872421e-02 2.094938419759273529e-02 1.180149614810943604e-02 6.870151497423648834e-03 1.495117042213678360e-02 1.059860177338123322e-02 3.244011476635932922e-02 1.689210161566734314e-02 3.338906913995742798e-02 8.991334587335586548e-03 3.615692257881164551e-02 3.823800757527351379e-02 9.362912923097610474e-02 4.727087914943695068e-03 8.082039654254913330e-03 5.558620020747184753e-02 4.779185168445110321e-03 3.725652024149894714e-02 3.118390217423439026e-02 5.673060938715934753e-02 5.168828647583723068e-03 5.903095379471778870e-02 2.294737473130226135e-02 2.254030108451843262e-02 1.914919167757034302e-02 7.833212614059448242e-02 2.404988184571266174e-02 4.173320904374122620e-02 1.113711739890277386e-03 5.490004643797874451e-02 8.373307995498180389e-03 2.556699328124523163e-02 3.446413949131965637e-02 1.400923915207386017e-02 5.407607182860374451e-02 1.200096495449542999e-02 2.254260145127773285e-02 4.518566280603408813e-02 5.780487135052680969e-02 1.510339416563510895e-02 3.438451513648033142e-02 1.303777750581502914e-02 3.691020654514431953e-03 3.478009486570954323e-03 4.421063885092735291e-02
5.821106955409049988e-02 3.831058368086814880e-02 1.376804802566766739e-02 6.858851294964551926e-03 6.304258015006780624e-03 4.463857710361480713e-01 7.056041806936264038e-02 2.055558189749717712e-02 2.492081257514655590e-04 1.427144557237625122e-02 2.459589578211307526e-02 1.025285478681325912e-02 1.386010460555553436e-02 3.837762400507926941e-02 1.743270456790924072e-02 2.273277938365936279e-02 1.446768641471862793e-03 1.060468796640634537e-02 2.044619247317314148e-02 1.884944550693035126e-02 2.026407793164253235e-02 1.521446974948048592e-03 6.741183344274759293e-03 2.301273867487907410e-02 2.380991913378238678e-02 3.153727203607559204e-02 5.136665422469377518e-04 2.335227467119693756e-02 4.006765782833099365e-02 8.329027332365512848e-03 7.141448091715574265e-03 5.613679531961679459e-03 1.032509841024875641e-02 3.704694099724292755e-03 1.914773136377334595e-02 3.981447219848632812e-02 3.313740715384483337e-02 1.507251337170600891e-02 3.722088038921356201e-02 3.745125234127044678e-02 2.991728857159614563e-02 7.017566822469234467e-03 2.227751538157463074e-03 2.555662579834461212e-02 5.587303265929222107e-02 3.810395300388336182e-02 6.875772774219512939e-02 5.342891017789952457e-05 9.330784901976585388e-03 2.486602962017059326e-02 2.175836265087127686e-02 5.000361055135726929e-02 6.032217293977737427e-02 2.570353681221604347e-03 3.356447815895080566e-02 3.264182433485984802e-02 8.948307484388351440e-03 1.214580982923507690e-02 4.476802889257669449e-03 1.780778355896472931e-02 2.636608295142650604e-02 3.122996352612972260e-02 6.071626022458076477e-02 1.197073142975568771e-02 5.147060751914978027e-02 2.644208027049899101e-03 4.742792993783950806e-02 3.557346761226654053e-02 5.617202445864677429e-02 2.546695992350578308e-02 9.890954941511154175e-02 1.343636214733123779e-02 5.552783980965614319e-02 2.538354601711034775e-03 4.498737677931785583e-02 1.578915305435657501e-02 5.797463282942771912e-02 4.620773345232009888e-02 3.845747932791709900e-02 4.245255514979362488e-02 1.838269270956516266e-02 4.761191084980964661e-02 5.069702491164207458e-02 3.862633928656578064e-02 2.586894435808062553e-03 6.574497371912002563e-02 2.568547986447811127e-02 8.792223408818244934e-03 4.936162754893302917e-02 1.147303450852632523e-02 3.375524654984474182e-02 7.754436228424310684e-03 4.742512851953506470e-02 9.883325546979904175e-03 1.485773362219333649e-02 2.806975133717060089e-02 4.159364104270935059e-02 3.460364788770675659e-02 4.170703236013650894e-03 1.826194114983081818e-02 2.629873342812061310e-02 2.741263806819915771e-02 1.268322207033634186e-02 3.803421929478645325e-02 6.212589796632528305e-03 1.960371434688568115e-02 3.197836922481656075e-03 1.656881533563137054e-02 4.458565637469291687e-02 4.726077429950237274e-03 4.627428948879241943e-02 1.318267080932855606e-03 3.628146369010210037e-03 3.249722346663475037e-02 4.550189524888992310e-02 2.175458706915378571e-02
2.152507938444614410e-02 5.555424466729164124e-02 3.881584107875823975e-02 1.548430416733026505e-02 2.037392742931842804e-02 7.056041806936264038e-02 4.503002762794494629e-01 8.813588880002498627e-03 5.460847169160842896e-02 8.229204453527927399e-03 1.717351190745830536e-02 1.379001233726739883e-02 5.199377983808517456e-02 1.473742071539163589e-02 4.224644601345062256e-02 3.516477718949317932e-02 5.193159915506839752e-03 5.183477327227592468e-02 2.303217537701129913e-02 1.321380119770765305e-02 4.313067719340324402e-02 2.546385629102587700e-03 5.130970850586891174e-02 3.282590955495834351e-02 5.021684989333152771e-02 8.730911649763584137e-03 3.633499890565872192e-02 4.189421609044075012e-02 1.127015147358179092e-02 3.708180785179138184e-02 4.109686240553855896e-02 3.976893797516822815e-02 3.874345123767852783e-02 3.875710442662239075e-02 9.990464895963668823e-04 1.430736202746629715e-02 2.393318340182304382e-02 3.382669389247894287e-02 3.929301351308822632e-02 3.741855919361114502e-02 2.168457210063934326e-02 3.117848373949527740e-02 1.959584886208176613e-03 9.793860837817192078e-03 1.008801744319498539e-03 7.108869962394237518e-03 8.073920011520385742e-02 1.269948035478591919e-01 1.976448856294155121e-02 5.322993174195289612e-02 2.629460580646991730e-02 3.127329796552658081e-02 5.306334048509597778e-02 1.924757659435272217e-02 3.038768470287322998e-02 1.145725790411233902e-02 4.276518523693084717e-02 7.078492781147360802e-04 9.358174167573451996e-03 5.663599073886871338e-02 8.814099128358066082e-04 1.931778900325298309e-02 3.587025776505470276e-02 6.023400276899337769e-02 1.269790343940258026e-03 1.928778737783432007e-02 1.104219537228345871e-02 4.980659577995538712e-03 3.102048300206661224e-02 1.327026262879371643e-02 2.570069581270217896e-02 3.419159725308418274e-02 8.207689039409160614e-03 3.157169371843338013e-02 3.313184902071952820e-02 2.848588488996028900e-02 3.027331084012985229e-02 1.128398440778255463e-02 4.953956604003906250e-02 1.815600693225860596e-02 4.431807249784469604e-02 3.332533314824104309e-02 1.258044503629207611e-02 2.435719221830368042e-02 6.772003136575222015e-03 3.492764383554458618e-02 1.304907375015318394e-03 1.860770583152770996e-02 3.745142742991447449e-02 3.134363517165184021e-02 7.472520228475332260e-03 4.234800860285758972e-02 5.745479837059974670e-02 3.173043206334114075e-02 4.520376771688461304e-02 4.165989905595779419e-02 7.514365017414093018e-03 4.291330650448799133e-02 4.575087130069732666e-02 3.325714543461799622e-02 4.166677966713905334e-02 7.994782924652099609e-02 1.397094037383794785e-02 1.106756925582885742e-02 1.911522634327411652e-02 4.510920029133558273e-03 6.138938013464212418e-03 7.814403623342514038e-03 7.084886543452739716e-03 3.845663741230964661e-02 1.363497599959373474e-02 4.970885347574949265e-03 3.545594215393066406e-02 3.589489683508872986e-02 3.053355030715465546e-02 1.010561548173427582e-02
3.683687001466751099e-02 1.865739747881889343e-02 8.852553367614746094e-02 4.397145286202430725e-02 2.383582293987274170e-02 2.055558189749717712e-02 8.813588880002498627e-03 4.318627119064331055e-01 6.618721876293420792e-03 3.198626637458801270e-02 2.627953188493847847e-03 1.198166050016880035e-02 2.922855690121650696e-02 3.178354352712631226e-03 1.205878145992755890e-02 3.090541809797286987e-02 4.765067622065544128e-02 1.101364940404891968e-02 2.938789548352360725e-03 8.380525745451450348e-03 2.470356412231922150e-02 3.699125722050666809e-02 1.770449243485927582e-02 7.967339828610420227e-03 3.342362865805625916e-02 5.166098708286881447e-04 1.711392216384410858e-02 4.800397902727127075e-03 9.838760597631335258e-04 2.820764482021331787e-02 5.384574830532073975e-02 6.105321925133466721e-03 2.774249762296676636e-02 4.974833130836486816e-02 4.224628210067749023e-02 4.228176549077033997e-02 1.067834999412298203e-02 5.503345280885696411e-02 2.003150619566440582e-02 6.458437442779541016e-02 6.785186473280191422e-03 4.853673744946718216e-03 3.575256839394569397e-02 3.236180171370506287e-02 4.179215990006923676e-03 3.940840065479278564e-02 2.795253321528434753e-02 3.216498717665672302e-02 2.487539313733577728e-02 3.824908286333084106e-02 2.905537188053131104e-02 1.419054903090000153e-02 2.366362512111663818e-02 5.346868559718132019e-02 6.646833848208189011e-03 5.136898905038833618e-02 2.362987026572227478e-02 2.756581455469131470e-02 4.579091072082519531e-02 4.238075762987136841e-02 4.199270159006118774e-02 8.895088918507099152e-03 3.840211033821105957e-02 3.470863401889801025e-02 1.824578084051609039e-02 2.429835125803947449e-02 4.007111489772796631e-02 2.500436827540397644e-02 3.954190295189619064e-03 2.905578725039958954e-02 4.559310153126716614e-02 4.384442418813705444e-02 5.261314660310745239e-02 5.681935232132673264e-03 7.305648177862167358e-03 6.632892787456512451e-02 4.133611917495727539e-02 5.760615691542625427e-03 1.934383995831012726e-03 1.360290590673685074e-02 1.241886392235755920e-01 1.376012414693832397e-01 4.472055658698081970e-02 4.071471840143203735e-02 3.099427931010723114e-02 5.187511071562767029e-02 3.982198983430862427e-02 3.637433052062988281e-02 5.457303021103143692e-03 4.136657342314720154e-02 2.170579507946968079e-02 4.154928028583526611e-02 3.597135469317436218e-02 5.317266657948493958e-02 1.424613408744335175e-02 1.760290935635566711e-02 1.932686939835548401e-02 3.149108961224555969e-02 1.423014700412750244e-02 2.836652100086212158e-03 3.200425580143928528e-02 4.267998412251472473e-02 9.087633341550827026e-03 4.042942076921463013e-02 1.097941584885120392e-02 1.651367917656898499e-02 1.391298975795507431e-02 4.980021039955317974e-04 4.689608886837959290e-02 7.670016586780548096e-02 3.244967758655548096e-02 1.512966770678758621e-02 1.334270648658275604e-02 1.954376325011253357e-02 1.721430942416191101e-02 1.678992249071598053e-02
1.675331406295299530e-02 2.846210449934005737e-02 6.233060732483863831e-03 2.012355811893939972e-02 9.757940657436847687e-03 2.492081257514655590e-04 5.460847169160842896e-02 6.618721876293420792e-03 4.562602043151855469e-01 8.678501099348068237e-02 2.623394317924976349e-02 4.242411348968744278e-03 4.721506685018539429e-02 4.965874180197715759e-02 5.954041704535484314e-02 5.503579974174499512e-02 4.235190339386463165e-03 7.864263840019702911e-03 3.545715473592281342e-03 7.882103323936462402e-03 5.019833892583847046e-02 2.385375276207923889e-02 2.490646205842494965e-02 5.232277885079383850e-02 1.906441897153854370e-02 4.372351616621017456e-02 1.118090562522411346e-02 7.836283184587955475e-03 4.707878455519676208e-02 1.690977253019809723e-02 7.558170706033706665e-03 7.024378050118684769e-03 4.577463120222091675e-02 3.845681995153427124e-02 2.178521826863288879e-02 1.291608158499002457e-02 1.861230656504631042e-02 4.241813719272613525e-02 5.904297158122062683e-02 2.088533900678157806e-02 4.767931252717971802e-02 1.090540390578098595e-04 1.969557022675871849e-03 3.746965155005455017e-02 3.359320387244224548e-02 4.530126228928565979e-02 3.206230700016021729e-02 5.717000924050807953e-03 4.742530733346939087e-02 3.257651254534721375e-02 1.398022472858428955e-02 9.712208062410354614e-03 2.567058056592941284e-02 2.037201635539531708e-02 1.150704622268676758e-01 1.192465052008628845e-02 4.612704366445541382e-02 4.295424371957778931e-02 4.513115156441926956e-03 3.721320256590843201e-02 4.512567445635795593e-02 5.190313328057527542e-03 6.527209188789129257e-03 5.445225909352302551e-02 4.670155048370361328e-02 3.418497741222381592e-02 5.193822085857391357e-02 5.071054026484489441e-02 1.249110773205757141e-01 3.420876339077949524e-02 3.640427812933921814e-02 4.567735642194747925e-02 2.190556004643440247e-02 1.357873901724815369e-02 1.702190260402858257e-03 6.170440465211868286e-02 1.294930875301361084e-01 5.051134154200553894e-02 2.148166298866271973e-02 2.104407548904418945e-02 2.313771983608603477e-03 1.329481718130409718e-03 2.428236790001392365e-02 4.454612731933593750e-02 9.162507019937038422e-03 1.738677546381950378e-02 4.374609887599945068e-02 5.063913390040397644e-02 3.155384911224246025e-03 1.066561508923768997e-02 2.662692964076995850e-02 3.459506481885910034e-02 2.430951967835426331e-02 3.238771483302116394e-02 2.163965813815593719e-02 6.777171045541763306e-02 4.526562243700027466e-02 3.427243977785110474e-02 4.126149043440818787e-02 2.762683667242527008e-02 1.386732142418622971e-02 2.511250227689743042e-02 3.162880986928939819e-02 5.227693542838096619e-02 4.547874256968498230e-02 1.911475323140621185e-02 1.022189389914274216e-03 6.147497519850730896e-02 1.106570940464735031e-02 2.411248534917831421e-02 2.721529453992843628e-02 3.572266176342964172e-02 5.024534836411476135e-02 4.595534875988960266e-02 4.299103841185569763e-02 8.220924064517021179e-03
5.068449676036834717e-02 3.626263514161109924e-02 5.293396115303039551e-02 4.564634524285793304e-03 3.797479346394538879e-02 1.427144557237625122e-02 8.229204453527927399e-03 3.198626637458801270e-02 8.678501099348068237e-02 4.605601429939270020e-01 3.699137232615612447e-05 2.980569936335086823e-02 6.630364339798688889e-03 1.546878274530172348e-02 1.144732069224119186e-02 7.356198132038116455e-02 2.774718590080738068e-02 5.000099539756774902e-02 1.239735931158065796e-01 2.559419721364974976e-02 2.834210544824600220e-02 2.876502275466918945e-02 6.602458888664841652e-04 7.105567958205938339e-03 3.726599738001823425e-02 1.388308126479387283e-02 3.869513794779777527e-02 5.457973107695579529e-02 4.474183917045593262e-02 4.649739712476730347e-02 3.576642647385597229e-02 4.555865377187728882e-02 4.310464020818471909e-03 1.159825921058654785e-02 5.120952427387237549e-02 3.677674382925033569e-02 3.415618464350700378e-02 2.782232500612735748e-02 1.329725841060280800e-03 4.273802042007446289e-03 9.133295156061649323e-03 3.429001569747924805e-02 1.421922631561756134e-02 1.453188899904489517e-02 5.201341956853866577e-02 1.237857621163129807e-02 4.947719350457191467e-02 5.010703578591346741e-02 5.939755216240882874e-02 6.612437963485717773e-02 9.686533361673355103e-03 3.342310339212417603e-02 2.205340191721916199e-02 1.098153414204716682e-03 3.285122662782669067e-02 1.249488368630409241e-01 3.162274882197380066e-02 1.855130831245332956e-04 5.758486315608024597e-02 2.970618754625320435e-02 1.557220937684178352e-03 5.006461590528488159e-02 1.721120811998844147e-02 5.723329260945320129e-02 3.501528128981590271e-02 2.685946412384510040e-02 8.961850544437766075e-04 3.221703693270683289e-02 7.087728381156921387e-02 2.197776688262820244e-03 2.514913212507963181e-03 1.471630390733480453e-02 4.331971332430839539e-02 3.325518965721130371e-02 5.773267522454261780e-02 1.595478155650198460e-03 3.834362328052520752e-02 1.013897880911827087e-01 5.243653431534767151e-02 7.457683980464935303e-02 4.825869947671890259e-02 8.447056636214256287e-03 7.750331424176692963e-03 5.542515311390161514e-03 3.791060298681259155e-02 2.487466484308242798e-02 2.494640275835990906e-02 2.189069753512740135e-03 5.237353965640068054e-03 3.682263568043708801e-02 1.100399531424045563e-02 5.948399007320404053e-02 4.622492194175720215e-02 2.792426943778991699e-02 1.403357833623886108e-02 7.425904273986816406e-02 2.596916258335113525e-02 2.467142650857567787e-03 3.039328753948211670e-02 3.729305416345596313e-02 3.592560812830924988e-02 8.701118640601634979e-03 3.716701641678810120e-02 5.978490784764289856e-02 1.019269600510597229e-02 4.970500618219375610e-02 3.456435352563858032e-02 3.452498093247413635e-02 6.227180361747741699e-02 4.640900716185569763e-02 1.310062943957746029e-03 2.937082573771476746e-02 1.289740297943353653e-02 2.091348171234130859e-02 8.852144330739974976e-02 3.847444057464599609e-02
8.841832727193832397e-02 1.048085987567901611e-01 5.553929880261421204e-02 1.510861795395612717e-02 1.399640273302793503e-02 2.459589578211307526e-02 1.717351190745830536e-02 2.627953188493847847e-03 2.623394317924976349e-02 3.699137232615612447e-05 4.626307785511016846e-01 9.415513835847377777e-03 1.039967238903045654e-01 2.181395329535007477e-02 1.827037893235683441e-02 1.053800061345100403e-02 1.104737538844347000e-02 3.389047831296920776e-02 1.948351040482521057e-02 5.385445803403854370e-02 4.950784146785736084e-03 1.883791200816631317e-02 7.204615511000156403e-03 2.892818767577409744e-03 2.423524670302867889e-02 2.279901504516601562e-02 3.390464931726455688e-02 1.435219589620828629e-02 5.601278319954872131e-02 2.606472186744213104e-02 1.523759588599205017e-02 2.929159253835678101e-02 3.920949250459671021e-02 4.161987081170082092e-02 4.054949805140495300e-02 4.458026029169559479e-03 4.603153094649314880e-02 1.223176438361406326e-02 1.253712829202413559e-02 1.908189803361892700e-02 1.036623865365982056e-02 2.195018716156482697e-02 5.628677085041999817e-02 7.742419373244047165e-03 2.499695122241973877e-02 2.302218414843082428e-02 6.494620349258184433e-03 1.371937338262796402e-02 4.634163528680801392e-02 3.033654764294624329e-02 4.465394839644432068e-02 1.017320249229669571e-02 3.400818211957812309e-03 6.733699701726436615e-03 3.916382044553756714e-02 5.845804512500762939e-02 2.775215730071067810e-02 4.713006317615509033e-02 5.247177183628082275e-02 3.117298521101474762e-02 2.682653255760669708e-02 3.246959298849105835e-02 1.153172459453344345e-02 4.646012187004089355e-02 1.014745049178600311e-02 1.001810654997825623e-03 5.763548240065574646e-02 2.345873042941093445e-02 3.228720976039767265e-03 9.522070176899433136e-03 5.083714611828327179e-03 1.893451437354087830e-02 1.787107437849044800e-02 1.514832396060228348e-02 1.318802218884229660e-02 5.481588467955589294e-02 1.059372350573539734e-02 2.155312523245811462e-02 1.183591689914464951e-02 2.924107946455478668e-02 1.857641153037548065e-02 3.074974939227104187e-02 1.713410019874572754e-02 2.585131116211414337e-02 5.649244040250778198e-02 1.781548559665679932e-02 1.711567863821983337e-02 1.085785776376724243e-02 2.175728790462017059e-02 6.738639436662197113e-03 2.935539744794368744e-02 1.745822839438915253e-02 1.674650982022285461e-02 4.916306212544441223e-02 3.035031259059906006e-02 1.586768031120300293e-02 6.266755051910877228e-03 6.095713749527931213e-02 5.597372353076934814e-02 4.317023605108261108e-02 1.324396301060914993e-02 4.009460285305976868e-02 3.130876645445823669e-02 2.633729577064514160e-02 8.858692832291126251e-03 1.281467825174331665e-02 1.136526232585310936e-03 5.374817922711372375e-02 2.989668585360050201e-02 8.279212750494480133e-03 2.003226242959499359e-02 1.409950479865074158e-02 1.052301563322544098e-02 3.723763674497604370e-02 4.963410645723342896e-02 1.031430158764123917e-02
2.232457697391510010e-02 4.690718371421098709e-03 5.035069771111011505e-03 2.193433977663516998e-02 1.051015686243772507e-02 1.025285478681325912e-02 1.379001233726739883e-02 1.198166050016880035e-02 4.242411348968744278e-03 2.980569936335086823e-02 9.415513835847377777e-03 4.391976594924926758e-01 1.636321097612380981e-02 1.562949270009994507e-01 1.376538351178169250e-02 3.898106142878532410e-02 2.883613668382167816e-02 1.681242324411869049e-02 2.102140150964260101e-02 1.424528285861015320e-02 3.183237742632627487e-03 2.330343052744865417e-02 1.674829795956611633e-02 2.392946928739547729e-02 7.840911275707185268e-04 2.668492682278156281e-02 4.013745859265327454e-02 2.704457566142082214e-02 1.640853099524974823e-02 4.663160070776939392e-02 3.961926326155662537e-02 3.783349320292472839e-02 1.939563453197479248e-02 2.534089237451553345e-02 2.260384149849414825e-02 3.039520978927612305e-02 3.158564493060112000e-02 3.016906231641769409e-02 1.883582025766372681e-02 1.573915407061576843e-02 2.333127893507480621e-02 1.606645248830318451e-02 3.940181434154510498e-02 2.162061631679534912e-02 2.895761467516422272e-02 7.011272013187408447e-02 3.998254612088203430e-02 1.290288381278514862e-02 5.707908794283866882e-02 3.259177505970001221e-02 4.042266309261322021e-02 2.657639421522617340e-02 4.883511923253536224e-03 2.394020184874534607e-02 4.051759839057922363e-03 4.716943204402923584e-02 7.054866757243871689e-03 1.372622512280941010e-02 1.288868766278028488e-02 3.695646673440933228e-02 2.507403492927551270e-02 4.480956494808197021e-02 5.143581703305244446e-02 5.679452046751976013e-02 1.028028689324855804e-02 6.075836718082427979e-02 3.359729796648025513e-02 2.871483564376831055e-03 2.839924767613410950e-02 2.748218923807144165e-02 3.146311501041054726e-03 4.489498212933540344e-02 4.327052086591720581e-02 1.841198839247226715e-02 4.963129386305809021e-02 4.887950047850608826e-02 3.259675577282905579e-02 5.325444415211677551e-02 5.257182754576206207e-03 1.376363635063171387e-02 2.979469485580921173e-02 2.829002402722835541e-02 2.216392569243907928e-02 3.261026367545127869e-02 4.640479385852813721e-02 4.866879805922508240e-02 1.942284405231475830e-03 3.823705390095710754e-02 2.988618984818458557e-02 3.089526854455471039e-02 5.093676224350929260e-02 5.049646273255348206e-02 4.121620208024978638e-02 4.582900181412696838e-02 1.953373663127422333e-02 3.953646123409271240e-02 1.066746413707733154e-01 3.870309889316558838e-02 3.349891677498817444e-02 3.965293243527412415e-02 3.273088857531547546e-02 2.130635827779769897e-02 6.043317727744579315e-03 9.284244850277900696e-03 2.368554286658763885e-02 8.428076654672622681e-02 3.657987713813781738e-02 6.915937364101409912e-02 3.933680802583694458e-02 6.955353915691375732e-02 3.444069623947143555e-02 1.067335251718759537e-02 1.973355375230312347e-02 1.879481226205825806e-02 6.556295324116945267e-03 3.933278843760490417e-02
8.763487637042999268e-02 1.363165825605392456e-01 3.547594416886568069e-03 5.085321143269538879e-02 5.298477597534656525e-03 1.386010460555553436e-02 5.199377983808517456e-02 2.922855690121650696e-02 4.721506685018539429e-02 6.630364339798688889e-03 1.039967238903045654e-01 1.636321097612380981e-02 4.549967348575592041e-01 2.260734327137470245e-03 2.111205272376537323e-02 8.167761377990245819e-03 6.468350999057292938e-03 3.935982659459114075e-02 2.639910671859979630e-03 3.839249163866043091e-02 1.793333701789379120e-02 1.862867176532745361e-02 1.073150523006916046e-02 4.251078236848115921e-03 3.802406787872314453e-02 5.285223945975303650e-02 4.273234307765960693e-02 1.036184933036565781e-02 6.635754834860563278e-03 4.193771257996559143e-02 9.715287014842033386e-03 2.116657979786396027e-02 4.268115758895874023e-02 1.331808976829051971e-02 4.850922152400016785e-02 5.704682786017656326e-03 4.516890272498130798e-02 1.922030374407768250e-02 4.251357167959213257e-03 4.884926602244377136e-03 6.289441138505935669e-02 9.589877910912036896e-03 4.428791999816894531e-02 3.413866087794303894e-02 4.965437948703765869e-02 5.811242386698722839e-03 6.449149921536445618e-03 5.262372642755508423e-02 5.055890232324600220e-02 3.923508897423744202e-02 4.255393519997596741e-02 7.030167151242494583e-03 1.164922583848237991e-02 2.428343705832958221e-02 3.177963569760322571e-02 3.819844126701354980e-02 6.349243340082466602e-04 2.400792902335524559e-03 5.679846182465553284e-02 4.618369787931442261e-02 9.408320300281047821e-03 3.102769516408443451e-02 5.425630137324333191e-03 4.039694368839263916e-02 5.466198176145553589e-02 4.896879941225051880e-02 4.934032261371612549e-02 4.436884447932243347e-02 3.250301256775856018e-02 1.976599730551242828e-02 3.104610182344913483e-02 3.342505171895027161e-02 7.674413267523050308e-03 4.739454388618469238e-02 7.329859305173158646e-03 1.866240613162517548e-02 3.544154390692710876e-02 1.923801377415657043e-02 1.899596489965915680e-02 8.546688593924045563e-03 3.032126091420650482e-02 1.866203360259532928e-02 3.616844769567251205e-04 6.417421996593475342e-02 2.120207995176315308e-02 1.168571412563323975e-03 2.154919086024165154e-03 3.015731461346149445e-02 4.761729016900062561e-02 4.783402010798454285e-02 5.877145379781723022e-02 4.436064977198839188e-03 4.796723648905754089e-02 1.724621653556823730e-02 1.602859422564506531e-02 2.387106791138648987e-02 1.061591506004333496e-02 4.877334460616111755e-02 2.745642140507698059e-02 5.339182913303375244e-02 4.889932647347450256e-02 3.722420707345008850e-02 1.515364460647106171e-02 2.183799818158149719e-02 7.147829979658126831e-03 7.881767116487026215e-03 4.552321881055831909e-02 8.392176590859889984e-03 2.994584105908870697e-02 2.787705138325691223e-02 7.585069630295038223e-03 5.684118717908859253e-03 1.570877991616725922e-02 4.174097627401351929e-02 6.894578225910663605e-03 5.434171855449676514e-02
