4.261055290699005127e-01 2.007408142089843750e-01 1.178773678839206696e-02 2.008648961782455444e-02 1.229062024503946304e-02 1.565568447113037109e-01 2.667196094989776611e-02 1.425784453749656677e-02 4.046716727316379547e-03 3.850813256576657295e-03 1.192890927195549011e-01 3.555185720324516296e-02 1.293275952339172363e-01 7.831400260329246521e-03 1.727525517344474792e-02 2.135659940540790558e-02 5.684789642691612244e-02 2.450623176991939545e-02 1.139369606971740723e-02 2.432298101484775543e-02 3.034515073522925377e-03 5.025796219706535339e-02 1.731476187705993652e-02 3.951412066817283630e-02 4.370597749948501587e-02 4.362503811717033386e-02 3.947750851511955261e-02 2.688268944621086121e-02 5.076581984758377075e-02 2.547841332852840424e-02 3.826081380248069763e-02 1.028450578451156616e-02 4.689756035804748535e-02 4.409898072481155396e-02 4.013159498572349548e-02 7.310851663351058960e-02 7.253061980009078979e-03 3.141142660751938820e-04 1.246061827987432480e-02 2.835258375853300095e-03 4.715650528669357300e-02 4.207919351756572723e-03 5.551961064338684082e-02 2.334971539676189423e-02 1.660110242664813995e-02 5.539937876164913177e-03 2.871965989470481873e-02 4.740065895020961761e-03 1.151348277926445007e-02 3.201929107308387756e-02 2.193397842347621918e-02 2.301776595413684845e-02 3.045115992426872253e-02 1.396377105265855789e-02 2.675791457295417786e-02 3.852797672152519226e-02 2.944213338196277618e-02 1.163508277386426926e-02 2.573537058196961880e-04 9.152261540293693542e-03 3.759542107582092285e-02 4.313558712601661682e-02 1.628084480762481689e-02 4.043095186352729797e-02 3.324528411030769348e-02 1.083004474639892578e-02 1.259579323232173920e-02 1.450917962938547134e-02 3.531340882182121277e-02 3.378106653690338135e-02 6.798974424600601196e-02 2.461718022823333740e-02 7.530268048867583275e-04 1.837765332311391830e-03 2.649115212261676788e-02 2.979862317442893982e-02 4.127702116966247559e-02 2.235347963869571686e-02 5.020181462168693542e-02 3.110878728330135345e-02 2.106254734098911285e-02 3.346736729145050049e-02 2.009990438818931580e-02 2.947439998388290405e-02 8.694896474480628967e-03 5.142687633633613586e-02 5.480618681758642197e-03 4.790512472391128540e-02 3.678085282444953918e-02 4.908915236592292786e-02 1.578244380652904510e-02 4.151117056608200073e-02 3.391139209270477295e-02 3.983638435602188110e-02 1.264319475740194321e-02 4.748528450727462769e-02 3.007182292640209198e-02 2.103411778807640076e-02 1.168683520518243313e-03 3.637592867016792297e-02 7.389591075479984283e-03 2.357635088264942169e-02 1.774852909147739410e-02 3.022761084139347076e-02 1.675840467214584351e-02 5.931540392339229584e-03 3.033964335918426514e-02 4.970673471689224243e-02 1.296527963131666183e-02 3.581331670284271240e-02 4.614821821451187134e-02 3.084221482276916504e-02 3.986489772796630859e-02 1.410058885812759399e-02 6.522092223167419434e-02 3.438198193907737732e-02
2.007408142089843750e-01 4.334265589714050293e-01 3.130245208740234375e-02 1.158054918050765991e-02 1.541573461145162582e-02 1.136125624179840088e-01 4.839872941374778748e-02 2.659908682107925415e-02 1.865233480930328369e-02 2.222714386880397797e-02 8.090698719024658203e-02 1.183501537889242172e-02 1.192379742860794067e-01 5.104621872305870056e-02 7.871757261455059052e-03 6.225575506687164307e-02 7.409331202507019043e-02 1.229207497090101242e-02 3.425949439406394958e-02 3.671148791909217834e-02 2.654290199279785156e-02 3.155401721596717834e-02 3.364584175869822502e-03 2.845214121043682098e-02 2.379524521529674530e-02 4.300497472286224365e-02 3.221180289983749390e-02 5.978384520858526230e-03 9.965416975319385529e-03 4.755127802491188049e-02 2.696801349520683289e-02 3.646924719214439392e-02 5.422652140259742737e-02 5.588076077401638031e-03 2.578432671725749969e-02 6.332132965326309204e-02 2.087891846895217896e-02 1.521538756787776947e-02 1.544443052262067795e-02 1.451970427297055721e-03 4.139232914894819260e-03 8.939606137573719025e-03 4.349738359451293945e-03 1.997151039540767670e-02 5.488098412752151489e-02 5.232043936848640442e-02 3.012987598776817322e-02 3.387847915291786194e-02 1.511419471353292465e-02 2.219018898904323578e-02 6.263067014515399933e-03 1.239220029674470425e-03 6.466649938374757767e-03 2.747459523379802704e-02 9.606257081031799316e-03 4.845085367560386658e-02 4.881901666522026062e-02 5.204232782125473022e-02 5.553123541176319122e-03 1.971019431948661804e-02 1.823532395064830780e-02 5.216073989868164062e-02 3.623636066913604736e-02 1.770556904375553131e-02 4.628354683518409729e-02 2.827942185103893280e-02 3.488422930240631104e-02 1.665034331381320953e-02 4.628761485219001770e-02 3.084862232208251953e-02 3.442841768264770508e-02 2.263916283845901489e-02 1.664940081536769867e-02 4.950217902660369873e-02 3.794230893254280090e-02 9.298590943217277527e-03 4.013517498970031738e-02 1.259241718798875809e-02 4.029874876141548157e-02 5.753839504905045033e-04 3.164609521627426147e-02 2.255245856940746307e-02 1.243304274976253510e-02 3.904232010245323181e-02 7.574725896120071411e-03 1.773685030639171600e-02 4.347791522741317749e-02 4.135152697563171387e-02 1.162206847220659256e-02 1.650200970470905304e-02 2.159119397401809692e-02 1.507392991334199905e-02 3.907280415296554565e-02 4.456216841936111450e-02 1.172580011188983917e-02 5.707778409123420715e-02 3.220281749963760376e-02 9.721656329929828644e-03 2.210699953138828278e-02 1.020509935915470123e-02 3.226785361766815186e-02 4.027430713176727295e-02 7.690912578254938126e-03 4.229725897312164307e-02 4.528658464550971985e-02 1.561164390295743942e-03 2.406481280922889709e-02 1.940762624144554138e-02 2.820500917732715607e-02 2.248763106763362885e-02 1.895055733621120453e-02 3.642630949616432190e-02 2.057447098195552826e-02 1.687897555530071259e-02 3.147954493761062622e-02 4.110538214445114136e-02
1.178773678839206696e-02 3.130245208740234375e-02 4.286980628967285156e-01 9.335325099527835846e-03 2.847564592957496643e-02 1.250249519944190979e-02 2.001313306391239166e-02 1.657710820436477661e-01 1.801797747611999512e-02 4.280582442879676819e-02 3.514113649725914001e-02 3.657415509223937988e-02 2.790853008627891541e-02 4.595169797539710999e-02 3.087166324257850647e-02 5.559153482317924500e-02 4.127602558583021164e-03 2.196771791204810143e-03 1.764182746410369873e-02 7.743730675429105759e-03 2.059158170595765114e-03 8.003781735897064209e-02 4.274936020374298096e-02 4.276847839355468750e-02 3.287276625633239746e-02 3.328143060207366943e-02 8.785403519868850708e-02 2.704350091516971588e-02 2.534882538020610809e-02 1.340362057089805603e-02 1.191994082182645798e-02 3.821139037609100342e-02 1.067967712879180908e-02 4.363639652729034424e-02 2.147366665303707123e-02 3.018149361014366150e-02 7.835899596102535725e-04 5.972469225525856018e-02 5.529677495360374451e-02 1.287782657891511917e-02 3.020985051989555359e-02 1.696370169520378113e-02 3.647113591432571411e-02 3.928456455469131470e-03 2.319064224138855934e-03 3.721609339118003845e-02 3.643396869301795959e-02 4.034750536084175110e-02 1.997371762990951538e-02 1.906670816242694855e-02 2.496969327330589294e-02 4.325070232152938843e-02 1.789060421288013458e-02 4.116910323500633240e-02 1.278422866016626358e-02 1.606075838208198547e-02 5.478888750076293945e-02 2.652057632803916931e-02 3.499868512153625488e-02 3.695804625749588013e-02 1.253079250454902649e-02 4.309938848018646240e-02 3.177294880151748657e-02 3.914973884820938110e-02 4.064924269914627075e-02 4.176694527268409729e-02 3.332455828785896301e-02 1.863140799105167389e-02 3.966787084937095642e-02 1.798149570822715759e-02 4.148897528648376465e-02 3.057961352169513702e-02 4.679921269416809082e-02 3.339217975735664368e-03 7.583994418382644653e-02 2.345263771712779999e-02 4.209100082516670227e-02 3.230438008904457092e-02 2.324999682605266571e-02 3.891205787658691406e-02 1.757339835166931152e-01 7.417165488004684448e-02 3.917795792222023010e-02 3.240624442696571350e-02 3.442025929689407349e-02 2.822884544730186462e-02 9.839941561222076416e-02 7.305254042148590088e-02 2.457641996443271637e-02 2.817223407328128815e-02 4.783614713232964277e-04 3.245266154408454895e-03 9.269574657082557678e-03 2.310056425631046295e-02 9.223681874573230743e-03 1.619540154933929443e-02 7.168950513005256653e-03 3.411476267501711845e-03 3.109299950301647186e-02 2.509981952607631683e-02 1.263161655515432358e-02 6.442833109758794308e-04 5.805430933833122253e-02 4.969478398561477661e-02 1.069889869540929794e-02 2.153556793928146362e-02 2.012811601161956787e-02 2.857401408255100250e-02 1.087035331875085831e-02 3.446559980511665344e-02 5.526687018573284149e-03 6.656997650861740112e-02 1.615046709775924683e-02 1.310224551707506180e-02 2.056945487856864929e-02 8.837228268384933472e-02
2.008648961782455444e-02 1.158054918050765991e-02 9.335325099527835846e-03 4.199385344982147217e-01 1.983324736356735229e-01 7.305960170924663544e-03 2.903174422681331635e-02 4.208102449774742126e-02 4.978725686669349670e-02 1.381916552782058716e-02 1.755646802484989166e-02 2.382730506360530853e-02 2.570681646466255188e-02 1.825823076069355011e-02 3.980665281414985657e-02 2.973897755146026611e-02 1.469217333942651749e-02 1.493333280086517334e-02 4.203765466809272766e-02 1.821163482964038849e-02 3.828031197190284729e-02 3.948823362588882446e-02 4.331569001078605652e-02 7.155956327915191650e-02 7.184439152479171753e-02 3.049984760582447052e-02 1.752344705164432526e-02 2.283393219113349915e-02 3.822543099522590637e-02 4.098999500274658203e-02 1.896424032747745514e-02 5.357036739587783813e-02 3.999685868620872498e-03 7.216347381472587585e-03 1.338264252990484238e-02 2.100962400436401367e-02 2.669853717088699341e-02 4.517453536391258240e-02 7.589410245418548584e-02 5.506530031561851501e-02 3.649289533495903015e-02 1.284490898251533508e-02 1.010732632130384445e-02 7.572662085294723511e-03 2.370921196416020393e-03 3.617956116795539856e-02 8.904824964702129364e-03 1.246161293238401413e-02 3.996318951249122620e-02 1.496114302426576614e-02 4.256240278482437134e-02 4.269771650433540344e-02 1.296691503375768661e-02 9.314381895819678903e-05 3.361013904213905334e-02 3.036457672715187073e-02 5.254606157541275024e-02 4.855174198746681213e-02 5.878536961972713470e-03 1.760249398648738861e-02 5.579725280404090881e-02 2.338498085737228394e-02 4.187168553471565247e-02 5.191916134208440781e-03 4.435520619153976440e-03 5.991443060338497162e-03 7.160894572734832764e-03 3.946927841752767563e-03 5.084570869803428650e-02 2.475612564012408257e-03 6.569957826286554337e-03 4.580220580101013184e-02 1.147973909974098206e-01 2.124786004424095154e-02 7.755389809608459473e-02 2.835962362587451935e-02 3.447963297367095947e-02 4.836035147309303284e-02 3.695253282785415649e-02 2.137945219874382019e-02 2.353697083890438080e-02 1.384213007986545563e-02 9.464196115732192993e-02 2.106152474880218506e-02 4.098975658416748047e-02 5.190383177250623703e-03 4.143757000565528870e-02 1.553545705974102020e-02 7.316817529499530792e-03 4.378011822700500488e-02 5.306317284703254700e-02 2.393893152475357056e-02 6.573419552296400070e-03 3.247906640172004700e-02 3.730534017086029053e-02 2.763679251074790955e-02 4.231622815132141113e-02 3.839172795414924622e-02 2.128360979259014130e-02 1.644333638250827789e-02 4.392893612384796143e-02 3.561889752745628357e-02 2.354165725409984589e-02 2.114151231944561005e-02 1.722694188356399536e-02 1.927270554006099701e-02 2.135779708623886108e-02 4.559325054287910461e-02 1.817465759813785553e-02 1.918371417559683323e-03 2.398947952315211296e-03 9.456097614020109177e-04 1.352021563798189163e-02 2.530849073082208633e-03 3.032407909631729126e-02 2.675781771540641785e-02
1.229062024503946304e-02 1.541573461145162582e-02 2.847564592957496643e-02 1.983324736356735229e-01 4.163151681423187256e-01 3.913065418601036072e-02 9.475585073232650757e-03 2.618906460702419281e-02 1.249924488365650177e-02 5.950905382633209229e-03 1.408405415713787079e-02 4.108462855219841003e-02 5.305635556578636169e-02 1.512000616639852524e-02 5.324067082256078720e-03 9.300917387008666992e-03 5.014513060450553894e-02 2.105054445564746857e-02 6.876077502965927124e-02 1.801952533423900604e-02 1.424592360854148865e-02 2.469660155475139618e-02 1.693619042634963989e-02 4.597426578402519226e-02 2.985433489084243774e-02 1.457211468368768692e-02 4.728477448225021362e-02 2.400331199169158936e-02 1.710170507431030273e-02 3.486069291830062866e-02 2.576817199587821960e-02 3.644663840532302856e-02 3.314029425382614136e-02 2.348886243999004364e-02 1.985275372862815857e-02 2.604713104665279388e-02 2.137627266347408295e-02 8.509711362421512604e-03 1.067734882235527039e-01 6.288757175207138062e-02 2.069426327943801880e-02 3.194542974233627319e-02 2.708687447011470795e-02 5.654817447066307068e-03 4.371635243296623230e-02 7.014068774878978729e-03 8.806853555142879486e-03 3.827098757028579712e-02 8.802495896816253662e-03 1.746303960680961609e-02 2.647170983254909515e-02 2.943507023155689240e-02 4.292372614145278931e-02 1.189805287867784500e-02 9.647699072957038879e-03 1.688145846128463745e-02 1.677909679710865021e-02 4.282817710191011429e-03 1.093221642076969147e-02 1.674693077802658081e-02 2.512157149612903595e-02 3.231902793049812317e-02 7.964492589235305786e-02 5.215679295361042023e-03 1.760754175484180450e-02 2.685423474758863449e-03 5.266732536256313324e-03 3.643659502267837524e-02 2.483851276338100433e-02 1.127592287957668304e-02 4.276968166232109070e-02 4.782483726739883423e-02 4.428415000438690186e-02 4.472501948475837708e-02 1.205965206027030945e-01 2.045867964625358582e-02 2.196709392592310905e-03 5.088227614760398865e-02 1.886584982275962830e-02 4.636129364371299744e-03 7.586447987705469131e-03 8.669638074934482574e-03 1.638626120984554291e-02 7.248043268918991089e-02 1.389648765325546265e-02 4.694616049528121948e-02 1.178908348083496094e-02 2.707781095523387194e-04 2.078599995002150536e-03 2.347363717854022980e-02 3.198821842670440674e-02 3.343291953206062317e-02 2.159714326262474060e-02 3.749914467334747314e-02 2.328687161207199097e-02 3.044108301401138306e-02 4.769593477249145508e-02 4.451756924390792847e-02 4.284693673253059387e-02 3.123868815600872040e-02 3.471346572041511536e-02 5.176276341080665588e-02 2.423008717596530914e-02 5.927978549152612686e-03 3.385518491268157959e-02 4.406956583261489868e-02 3.627013042569160461e-02 2.940439805388450623e-02 8.251875988207757473e-04 1.965003088116645813e-02 1.562658115290105343e-03 5.938324145972728729e-03 2.039176598191261292e-02 1.690552569925785065e-02 5.806338507682085037e-03 1.403475925326347351e-02
1.565568447113037109e-01 1.136125624179840088e-01 1.250249519944190979e-02 7.305960170924663544e-03 3.913065418601036072e-02 4.130279719829559326e-01 1.267322152853012085e-01 2.585419267416000366e-02 2.967761270701885223e-02 2.704657800495624542e-02 5.167691409587860107e-02 1.194347720593214035e-02 2.569640427827835083e-02 2.579420246183872223e-02 4.465943947434425354e-02 4.132077097892761230e-02 3.239083662629127502e-02 1.990412734448909760e-02 1.563582755625247955e-02 3.755768015980720520e-02 1.525765564292669296e-02 2.728056535124778748e-02 2.437493205070495605e-02 1.219317410141229630e-02 3.306188434362411499e-02 5.141882225871086121e-02 2.562622725963592529e-02 7.031650841236114502e-02 3.176072239875793457e-02 6.785626523196697235e-03 4.556537419557571411e-02 2.601195126771926880e-03 4.148887097835540771e-02 3.155264258384704590e-02 4.034691303968429565e-02 1.924458891153335571e-02 1.130706071853637695e-02 1.967950724065303802e-02 1.529388502240180969e-02 1.041640155017375946e-02 2.003557980060577393e-02 3.989928867667913437e-03 9.546017274260520935e-03 2.518726140260696411e-02 1.186395715922117233e-02 3.327823430299758911e-02 3.023514151573181152e-02 1.777680218219757080e-02 5.698218941688537598e-03 3.247186914086341858e-02 1.571229845285415649e-02 4.326038062572479248e-03 3.397290408611297607e-02 2.470015175640583038e-02 2.368329837918281555e-02 1.747243478894233704e-02 4.417633265256881714e-02 1.758393715135753155e-03 3.293962404131889343e-02 1.396138593554496765e-02 8.782785385847091675e-03 2.939365617930889130e-02 3.087882697582244873e-02 2.010163478553295135e-02 6.776022911071777344e-02 1.987452246248722076e-02 2.912100963294506073e-02 2.073010988533496857e-02 6.026677787303924561e-02 2.920690178871154785e-02 5.699870362877845764e-02 4.028201848268508911e-02 3.626608103513717651e-02 3.465863317251205444e-02 2.695669233798980713e-02 1.361381821334362030e-02 5.628030374646186829e-02 3.877769038081169128e-02 5.092235654592514038e-02 7.818392477929592133e-03 2.727841772139072418e-02 8.187437779270112514e-04 4.498592019081115723e-02 3.124199993908405304e-02 9.209768846631050110e-03 2.786623686552047729e-02 3.940993919968605042e-02 3.624606505036354065e-02 2.415806986391544342e-02 2.207780070602893829e-02 3.507679502945393324e-04 4.036073014140129089e-02 2.652114816009998322e-02 3.101867064833641052e-02 2.481983229517936707e-02 4.479439184069633484e-02 2.584595791995525360e-02 4.698899760842323303e-02 4.115481674671173096e-02 1.642013527452945709e-02 2.250661328434944153e-02 9.442745707929134369e-03 4.264561086893081665e-02 2.219758555293083191e-02 3.427297621965408325e-02 4.090021923184394836e-02 2.957775443792343140e-02 3.025383502244949341e-02 1.570240780711174011e-02 4.751706495881080627e-02 1.163818524219095707e-03 3.686373680830001831e-02 2.478536916896700859e-03 8.238906040787696838e-03 3.381614387035369873e-02 1.160500291734933853e-02
2.667196094989776611e-02 4.839872941374778748e-02 2.001313306391239166e-02 2.903174422681331635e-02 9.475585073232650757e-03 1.267322152853012085e-01 4.040645062923431396e-01 1.012515742331743240e-02 5.437959358096122742e-02 6.485370919108390808e-03 1.372840069234371185e-02 5.380345880985260010e-02 1.502632256597280502e-02 4.802849609404802322e-03 5.461253598332405090e-02 4.418944567441940308e-02 5.187882110476493835e-03 3.227104991674423218e-02 2.992423996329307556e-02 2.481508068740367889e-03 4.423076659440994263e-02 9.597087278962135315e-03 2.144002541899681091e-02 1.574821025133132935e-02 1.869227923452854156e-02 1.639859937131404877e-02 3.415989922359585762e-03 6.081855669617652893e-02 1.244815532118082047e-03 2.813512645661830902e-02 3.376736771315336227e-03 2.288489788770675659e-02 1.160008274018764496e-02 1.245445199310779572e-02 2.131719328463077545e-02 2.507476508617401123e-02 3.682551905512809753e-02 2.762671001255512238e-02 5.332440882921218872e-02 2.935084514319896698e-02 1.737826503813266754e-02 3.054200671613216400e-02 1.022761967033147812e-02 2.773090824484825134e-02 5.052239820361137390e-02 2.048422768712043762e-02 1.157817021012306213e-01 1.029129028320312500e-01 5.097066238522529602e-02 2.162344567477703094e-02 2.638756483793258667e-02 5.615208763629198074e-03 8.943439461290836334e-03 2.355194464325904846e-02 2.012877911329269409e-02 4.242102429270744324e-02 6.074243225157260895e-03 4.279950633645057678e-02 2.099940739572048187e-02 4.130048304796218872e-02 1.544062141329050064e-02 4.875771701335906982e-03 2.731591835618019104e-02 2.760372310876846313e-02 4.768808186054229736e-02 5.592340603470802307e-03 2.202707342803478241e-02 1.436172612011432648e-02 7.596312090754508972e-03 3.206455707550048828e-02 2.802622504532337189e-02 2.198898606002330780e-02 1.712127216160297394e-02 3.733919933438301086e-02 4.148314520716667175e-02 1.036355854012072086e-03 5.914084613323211670e-03 2.347696572542190552e-02 3.265239298343658447e-02 6.606433307752013206e-04 3.061300702393054962e-02 7.234844379127025604e-03 9.738624095916748047e-03 3.921288624405860901e-02 2.592253312468528748e-02 1.714044436812400818e-02 1.423598825931549072e-02 7.498659193515777588e-03 3.604997321963310242e-02 2.152942307293415070e-02 2.822023630142211914e-02 7.469714153558015823e-03 4.951792582869529724e-02 2.785306237637996674e-02 1.268203137442469597e-03 3.555038943886756897e-02 8.454720955342054367e-04 2.638726122677326202e-02 4.416390135884284973e-02 7.497249636799097061e-03 1.373400446027517319e-02 1.008072984404861927e-03 1.872648671269416809e-02 1.288818195462226868e-02 2.805770002305507660e-02 2.407884038984775543e-02 2.655962854623794556e-02 1.863117329776287079e-02 3.767384216189384460e-02 2.802777662873268127e-02 4.072597250342369080e-02 4.740754887461662292e-02 1.091597508639097214e-02 3.439498320221900940e-02 3.249148838222026825e-03 6.259888177737593651e-04
1.425784453749656677e-02 2.659908682107925415e-02 1.657710820436477661e-01 4.208102449774742126e-02 2.618906460702419281e-02 2.585419267416000366e-02 1.012515742331743240e-02 4.405901730060577393e-01 3.320220485329627991e-02 2.985414676368236542e-02 2.808865718543529510e-02 4.689024295657873154e-03 8.140953630208969116e-02 9.870498441159725189e-03 9.849708527326583862e-02 7.272658497095108032e-02 1.007005106657743454e-02 1.678262464702129364e-02 1.210660021752119064e-02 2.874790504574775696e-02 1.104351412504911423e-02 5.902998894453048706e-02 1.702168583869934082e-02 2.346192672848701477e-02 2.850844897329807281e-02 2.704497054219245911e-02 5.813664570450782776e-02 3.174075856804847717e-02 3.726360946893692017e-02 4.976460337638854980e-02 3.366902843117713928e-02 3.281807526946067810e-02 5.562885105609893799e-02 8.778802119195461273e-03 2.704701945185661316e-02 3.481123596429824829e-02 7.041998673230409622e-03 5.255564302206039429e-02 5.729283019900321960e-02 8.211137726902961731e-03 4.493337869644165039e-02 3.659383580088615417e-02 3.636836633086204529e-02 1.173998601734638214e-02 3.217188268899917603e-02 3.386264666914939880e-02 6.436976138502359390e-03 4.368642810732126236e-03 1.771137677133083344e-02 1.161789521574974060e-02 2.384808287024497986e-02 4.433182999491691589e-02 4.222863540053367615e-02 1.592663861811161041e-02 4.393838346004486084e-03 3.003323636949062347e-02 1.438954193145036697e-02 1.149698812514543533e-02 4.346145316958427429e-03 1.616466790437698364e-02 3.422005474567413330e-02 1.867399550974369049e-02 3.199971467256546021e-02 3.852982074022293091e-02 5.914466828107833862e-02 1.626339927315711975e-02 9.948919527232646942e-03 2.404407970607280731e-02 9.240432642400264740e-03 2.538142912089824677e-02 2.790469489991664886e-02 1.030097901821136475e-02 2.063287980854511261e-02 4.823326691985130310e-02 2.163190022110939026e-02 4.115578904747962952e-02 3.141461685299873352e-02 1.237179618328809738e-02 3.380795568227767944e-02 1.100684236735105515e-02 1.739558726549148560e-01 1.122780665755271912e-01 2.007126808166503906e-02 1.346669066697359085e-02 4.084471240639686584e-02 2.584941498935222626e-02 1.293281912803649902e-01 1.172673329710960388e-01 2.136244904249906540e-03 4.300167784094810486e-02 3.740249201655387878e-02 1.003980636596679688e-02 3.185651823878288269e-02 6.397349294275045395e-03 1.059877220541238785e-02 2.996421419084072113e-02 4.319004714488983154e-02 3.878699615597724915e-02 3.169179707765579224e-02 4.580716043710708618e-02 2.980303764343261719e-02 3.451573476195335388e-02 1.674348954111337662e-03 7.735128048807382584e-03 2.933976240456104279e-02 3.862141817808151245e-02 1.596075110137462616e-02 4.133795946836471558e-02 4.754816181957721710e-03 2.442059665918350220e-02 3.101831860840320587e-02 3.753252327442169189e-02 1.357973553240299225e-02 8.202346041798591614e-03 2.685151435434818268e-02 3.818970546126365662e-02
4.046716727316379547e-03 1.865233480930328369e-02 1.801797747611999512e-02 4.978725686669349670e-02 1.249924488365650177e-02 2.967761270701885223e-02 5.437959358096122742e-02 3.320220485329627991e-02 4.352034628391265869e-01 3.041987121105194092e-02 3.460977226495742798e-02 2.651756629347801208e-02 3.945288434624671936e-02 3.435247018933296204e-02 3.370667994022369385e-02 2.975447475910186768e-02 4.277247190475463867e-02 6.246360018849372864e-02 4.098083451390266418e-02 7.869181223213672638e-03 1.282510906457901001e-02 1.468823011964559555e-02 9.231830388307571411e-02 4.886721074581146240e-02 6.855189800262451172e-03 2.110172063112258911e-02 5.259144306182861328e-02 3.591510280966758728e-02 2.375595271587371826e-02 4.902620613574981689e-02 2.328750118613243103e-02 1.626681350171566010e-02 5.767502635717391968e-02 9.331889450550079346e-03 3.323879837989807129e-02 1.851413957774639130e-02 1.221670955419540405e-02 2.352998033165931702e-02 1.627683639526367188e-02 3.435301408171653748e-02 2.068990282714366913e-02 2.375633455812931061e-02 2.990535274147987366e-02 1.301852799952030182e-02 9.239410050213336945e-03 5.359622091054916382e-02 4.535473510622978210e-02 1.999450661242008209e-02 4.927149787545204163e-02 2.252577990293502808e-02 2.717706561088562012e-02 3.200905397534370422e-02 4.487524926662445068e-02 3.695975244045257568e-02 5.078342556953430176e-02 1.752268522977828979e-02 3.981060907244682312e-02 1.505619846284389496e-02 4.394040629267692566e-02 3.101758472621440887e-02 3.901742398738861084e-02 2.777763269841670990e-02 2.905050292611122131e-02 2.932390756905078888e-02 2.573544718325138092e-02 4.212305694818496704e-02 3.302196040749549866e-02 4.461020976305007935e-02 6.991490721702575684e-02 2.847305312752723694e-02 4.889066889882087708e-02 4.646174609661102295e-02 1.731298863887786865e-02 3.474127873778343201e-02 3.197561576962471008e-02 3.424471989274024963e-02 1.562526226043701172e-01 3.023187257349491119e-02 1.208932772278785706e-01 2.085310965776443481e-02 9.983098134398460388e-03 2.248661778867244720e-02 5.062817782163619995e-02 3.839327394962310791e-02 2.801260538399219513e-02 1.736241020262241364e-02 5.124117061495780945e-02 5.108832567930221558e-02 5.077987164258956909e-02 6.550167500972747803e-02 5.109884962439537048e-02 5.070743709802627563e-02 2.359357662498950958e-02 5.675946548581123352e-02 2.270177006721496582e-02 6.136869080364704132e-03 2.968388842418789864e-03 4.043947905302047729e-02 4.302825406193733215e-02 3.526978194713592529e-02 3.350600972771644592e-02 1.558028068393468857e-02 1.190494094043970108e-02 2.356790751218795776e-02 4.091541469097137451e-02 3.575120121240615845e-02 7.171750068664550781e-03 3.867639228701591492e-02 1.857934333384037018e-02 2.442351728677749634e-02 3.968244791030883789e-02 4.131373134441673756e-04 5.706260725855827332e-02 3.705906867980957031e-02 1.271509751677513123e-02 5.108915735036134720e-03
3.850813256576657295e-03 2.222714386880397797e-02 4.280582442879676819e-02 1.381916552782058716e-02 5.950905382633209229e-03 2.704657800495624542e-02 6.485370919108390808e-03 2.985414676368236542e-02 3.041987121105194092e-02 4.111298620700836182e-01 5.581188201904296875e-02 2.947884984314441681e-02 1.474654302000999451e-02 7.831875234842300415e-03 3.413306083530187607e-03 2.279851585626602173e-02 4.477760195732116699e-02 5.121463327668607235e-04 1.158877834677696228e-01 1.227296330034732819e-02 4.710575938224792480e-02 9.301492013037204742e-03 3.223462402820587158e-02 9.155800193548202515e-02 4.658687487244606018e-02 3.344193473458290100e-02 4.512210562825202942e-02 3.975974395871162415e-02 1.471418235450983047e-02 2.318200282752513885e-02 2.319121547043323517e-02 4.510882869362831116e-02 3.202905505895614624e-02 3.381026536226272583e-02 2.490538358688354492e-02 2.757359668612480164e-02 7.532906252890825272e-03 2.516126632690429688e-02 1.232423633337020874e-02 8.101259358227252960e-03 3.920207172632217407e-02 8.566433936357498169e-02 7.370374351739883423e-02 3.598441928625106812e-02 1.104786247014999390e-02 4.608124867081642151e-02 4.497251287102699280e-02 1.424206327646970749e-02 4.267346486449241638e-02 6.674505025148391724e-02 1.788927987217903137e-02 4.171398468315601349e-04 4.083508625626564026e-02 4.162935540080070496e-02 4.315848276019096375e-02 1.927836798131465912e-02 1.272588223218917847e-02 4.890866577625274658e-02 4.408482089638710022e-02 5.041664093732833862e-02 4.023416712880134583e-02 3.563289530575275421e-03 7.836082950234413147e-03 5.991953425109386444e-03 1.164804864674806595e-02 2.659975923597812653e-02 2.822292223572731018e-02 3.100938349962234497e-02 5.766826868057250977e-02 9.196222759783267975e-03 4.031829535961151123e-02 4.255105555057525635e-02 2.158196177333593369e-03 4.957569018006324768e-02 1.411975082010030746e-02 3.745266422629356384e-02 8.607585914433002472e-03 8.825168013572692871e-02 1.750306412577629089e-02 5.223942548036575317e-02 3.102229535579681396e-02 2.800771594047546387e-02 1.160585414618253708e-02 3.713603317737579346e-02 5.512524023652076721e-02 1.007706671953201294e-02 1.188185531646013260e-02 4.431811161339282990e-03 8.263166993856430054e-03 1.396017894148826599e-02 2.952663786709308624e-02 4.983996599912643433e-02 3.543715178966522217e-02 3.793869167566299438e-02 3.256356716156005859e-02 3.203046508133411407e-03 9.615223854780197144e-03 4.036616906523704529e-02 6.889855489134788513e-03 1.856310851871967316e-02 1.318189752055332065e-04 7.262898609042167664e-03 1.745857647620141506e-03 3.830564394593238831e-02 8.329637348651885986e-03 1.289474219083786011e-02 1.779569126665592194e-02 2.194685116410255432e-02 4.747198522090911865e-02 3.801285102963447571e-02 1.207801792770624161e-02 9.972889907658100128e-03 3.166948258876800537e-02 4.194685816764831543e-02 3.875452559441328049e-03 3.787293657660484314e-02
1.192890927195549011e-01 8.090698719024658203e-02 3.514113649725914001e-02 1.755646802484989166e-02 1.408405415713787079e-02 5.167691409587860107e-02 1.372840069234371185e-02 2.808865718543529510e-02 3.460977226495742798e-02 5.581188201904296875e-02 4.208680689334869385e-01 5.140938237309455872e-02 2.162816077470779419e-01 1.436809729784727097e-02 5.541413277387619019e-02 2.838317118585109711e-02 4.471552092581987381e-03 3.554019331932067871e-02 2.534600906074047089e-02 3.888701274991035461e-02 3.745906054973602295e-02 3.045608464162796736e-04 1.194779668003320694e-02 1.096370350569486618e-02 2.522324770689010620e-02 3.794248774647712708e-02 4.168272018432617188e-02 6.799831520766019821e-03 2.358641475439071655e-03 1.443069148808717728e-02 4.701636731624603271e-02 3.572880104184150696e-02 5.270165856927633286e-03 3.134367987513542175e-02 5.140287056565284729e-02 6.575509905815124512e-03 3.156339377164840698e-02 3.116167150437831879e-02 2.230710163712501526e-02 1.430530101060867310e-02 4.834625287912786007e-04 5.513045936822891235e-02 2.394758351147174835e-02 5.193699151277542114e-03 4.480507597327232361e-02 2.642373181879520416e-02 3.569353837519884109e-03 4.324233531951904297e-02 1.751329749822616577e-02 1.512250310042873025e-04 2.130592800676822662e-02 5.232359748333692551e-03 1.078480199794284999e-04 6.618543993681669235e-03 1.521381316706538200e-03 4.995000734925270081e-02 2.149345353245735168e-02 1.233475096523761749e-02 2.210451848804950714e-02 2.721867896616458893e-02 2.190388366580009460e-02 1.092993468046188354e-02 1.564912684261798859e-02 2.737176371738314629e-03 5.964620411396026611e-02 1.210499275475740433e-02 2.480775862932205200e-02 2.879786863923072815e-02 1.492050103843212128e-02 3.138929605484008789e-02 6.303840130567550659e-02 1.834122277796268463e-02 1.027357298880815506e-02 3.547543659806251526e-02 4.757962655276060104e-03 2.395649626851081848e-02 2.934073796495795250e-03 6.229229271411895752e-02 3.503828868269920349e-02 1.583259366452693939e-02 3.960982337594032288e-02 9.476032108068466187e-03 4.447815939784049988e-02 2.731759287416934967e-02 4.741664975881576538e-02 2.996204234659671783e-02 3.248646482825279236e-02 2.287754323333501816e-03 3.739392012357711792e-02 2.214854396879673004e-02 2.501885965466499329e-02 4.365460481494665146e-03 1.218868885189294815e-02 1.784821972250938416e-02 2.740815747529268265e-03 3.991747647523880005e-02 4.724614322185516357e-02 1.106789708137512207e-02 1.178405596874654293e-03 3.590065240859985352e-02 9.458906948566436768e-03 3.225490450859069824e-02 4.447595402598381042e-02 6.344954017549753189e-03 3.131455555558204651e-02 2.005215920507907867e-02 2.004853915423154831e-03 4.886895418167114258e-03 2.876018732786178589e-02 3.045423515141010284e-02 4.169941321015357971e-02 2.597512491047382355e-02 4.550220817327499390e-02 2.178619243204593658e-02 2.047262527048587799e-02 4.211068898439407349e-02
3.555185720324516296e-02 1.183501537889242172e-02 3.657415509223937988e-02 2.382730506360530853e-02 4.108462855219841003e-02 1.194347720593214035e-02 5.380345880985260010e-02 4.689024295657873154e-03 2.651756629347801208e-02 2.947884984314441681e-02 5.140938237309455872e-02 4.166606068611145020e-01 3.511242941021919250e-02 1.953470110893249512e-01 2.393586747348308563e-02 2.086375281214714050e-02 3.444754704833030701e-02 3.660267964005470276e-02 2.136126346886157990e-02 2.596631273627281189e-02 4.167318344116210938e-02 1.773227937519550323e-02 6.918875128030776978e-02 5.852748174220323563e-03 9.714026236906647682e-04 2.640098333358764648e-03 2.330126240849494934e-02 8.969549089670181274e-02 5.252216942608356476e-03 3.427421301603317261e-02 3.948445990681648254e-02 8.329397998750209808e-03 5.488774180412292480e-02 2.321356534957885742e-02 9.256494790315628052e-02 9.695542976260185242e-03 4.694064706563949585e-02 8.679610677063465118e-03 1.598087605088949203e-03 3.068265505135059357e-02 4.008583351969718933e-02 7.868348620831966400e-03 2.589552849531173706e-02 8.281151764094829559e-03 1.173231005668640137e-01 1.026256196200847626e-02 4.913317784667015076e-02 1.426056376658380032e-03 1.641457714140415192e-02 2.923046611249446869e-02 1.434511877596378326e-02 1.033491920679807663e-02 4.639732465147972107e-02 5.048403516411781311e-02 4.395078867673873901e-03 8.347238413989543915e-03 2.336573973298072815e-02 1.241941563785076141e-02 5.495610646903514862e-03 1.028694584965705872e-02 3.751510381698608398e-02 2.136012725532054901e-02 1.512274798005819321e-02 3.134209662675857544e-02 4.494627565145492554e-02 1.521040592342615128e-02 1.946753449738025665e-02 3.854311304166913033e-03 1.817112602293491364e-02 2.903245761990547180e-02 1.992060057818889618e-02 2.934362739324569702e-02 3.711357479915022850e-03 2.118051052093505859e-02 1.125658117234706879e-02 4.098066594451665878e-03 2.752247266471385956e-02 3.234606608748435974e-02 5.804614350199699402e-02 3.603648766875267029e-02 8.340613916516304016e-03 8.286041207611560822e-03 3.829697147011756897e-02 4.287711158394813538e-02 4.708438366651535034e-02 8.649399504065513611e-03 1.023996900767087936e-02 4.262368381023406982e-02 4.165425151586532593e-02 2.390815503895282745e-02 2.868076041340827942e-02 4.792827740311622620e-02 8.217486552894115448e-03 2.916681766510009766e-02 1.742335036396980286e-02 5.163499340415000916e-02 2.013295888900756836e-02 3.921850398182868958e-02 4.287761449813842773e-02 1.250178739428520203e-02 2.251063240692019463e-03 2.908692508935928345e-02 1.778621226549148560e-02 4.823099449276924133e-02 1.955121010541915894e-02 8.816142566502094269e-03 2.913442067801952362e-02 1.534911058843135834e-02 4.144138470292091370e-02 4.015525430440902710e-02 6.832034327089786530e-03 1.973248273134231567e-02 3.673536330461502075e-02 2.636086568236351013e-02 4.942250251770019531e-02 3.339145705103874207e-02
1.293275952339172363e-01 1.192379742860794067e-01 2.790853008627891541e-02 2.570681646466255188e-02 5.305635556578636169e-02 2.569640427827835083e-02 1.502632256597280502e-02 8.140953630208969116e-02 3.945288434624671936e-02 1.474654302000999451e-02 2.162816077470779419e-01 3.511242941021919250e-02 4.346036314964294434e-01 2.496833913028240204e-02 1.178027093410491943e-01 8.134423196315765381e-02 4.278205707669258118e-02 1.250435225665569305e-02 4.135060310363769531e-02 2.262551151216030121e-02 2.802395261824131012e-02 2.036745473742485046e-02 3.754101321101188660e-02 2.090395987033843994e-02 1.201472897082567215e-02 3.866666927933692932e-02 5.245303735136985779e-02 1.985947601497173309e-02 1.929976046085357666e-02 9.166079573333263397e-03 7.070492208003997803e-02 8.008810691535472870e-03 2.606191672384738922e-03 2.564705675467848778e-03 3.055590763688087463e-02 2.576462365686893463e-02 2.995652891695499420e-02 3.720577433705329895e-02 6.589090079069137573e-02 3.218374773859977722e-02 2.349796704947948456e-02 3.047168999910354614e-02 5.400145426392555237e-02 4.315161332488059998e-02 1.137450430542230606e-02 4.108748584985733032e-02 3.749593719840049744e-02 3.540026769042015076e-02 5.077650770545005798e-02 3.316130116581916809e-02 1.260467618703842163e-02 4.025854542851448059e-02 2.594880387187004089e-02 1.367740146815776825e-02 3.591633215546607971e-02 2.778627164661884308e-02 3.237219527363777161e-02 2.154161967337131500e-02 1.632543466985225677e-02 2.408320456743240356e-02 4.694086685776710510e-02 3.786905109882354736e-02 4.430302977561950684e-02 3.067674301564693451e-02 5.113818868994712830e-02 2.532372064888477325e-02 2.505081333220005035e-02 6.172989029437303543e-03 4.405707586556673050e-03 1.424996182322502136e-02 3.722295165061950684e-02 2.503053098917007446e-02 1.884203217923641205e-02 7.540437392890453339e-03 4.739897698163986206e-02 2.755013108253479004e-02 5.460660532116889954e-02 2.663046121597290039e-02 2.911316417157649994e-02 1.233198773115873337e-02 5.503471009433269501e-03 1.434594765305519104e-02 4.238209873437881470e-02 2.076363936066627502e-02 2.621915377676486969e-02 4.713775962591171265e-02 6.429789587855339050e-03 2.557412907481193542e-02 2.680322853848338127e-03 3.932728990912437439e-02 2.443021722137928009e-02 2.980769425630569458e-02 4.862222447991371155e-02 2.694570086896419525e-02 4.349932819604873657e-02 7.084324955940246582e-03 3.569666668772697449e-02 4.026201367378234863e-02 2.519081160426139832e-02 9.845862165093421936e-03 1.275131851434707642e-02 1.873320154845714569e-02 4.425334185361862183e-02 7.241564337164163589e-03 4.742362722754478455e-02 1.553685870021581650e-04 1.017532125115394592e-02 4.351560398936271667e-02 2.937391214072704315e-02 6.329014431685209274e-03 4.105899110436439514e-02 2.334497403353452682e-03 6.985798012465238571e-03 2.279621735215187073e-02 2.455643843859434128e-03 3.640971845015883446e-03
