6.042469143867492676e-01 7.240130752325057983e-02 5.627399776130914688e-03 3.417953476309776306e-02 3.494468331336975098e-02 9.990198910236358643e-02 8.887587487697601318e-02 1.252093259245157242e-02 3.364515677094459534e-02 1.813284680247306824e-02 6.347212195396423340e-02 2.746685175225138664e-03 5.023819208145141602e-02 1.914870552718639374e-02 2.650734595954418182e-02 8.692151866853237152e-03 1.767123118042945862e-03 9.553037583827972412e-03 2.879035472869873047e-02 1.107702683657407761e-02 3.665328025817871094e-02 1.286309491842985153e-02 4.132444411516189575e-02 4.468922317028045654e-02 7.337905932217836380e-03 1.179772894829511642e-02 1.728837029077112675e-03 9.501227177679538727e-03 4.161934927105903625e-02 7.599313743412494659e-03 6.461155135184526443e-03 6.389635149389505386e-03 2.084583416581153870e-02 2.337062358856201172e-02 1.534016523510217667e-02 3.199361963197588921e-03 4.130271729081869125e-03 4.085730295628309250e-03 4.317871760576963425e-03 1.953210867941379547e-02 5.646371282637119293e-03 2.924822829663753510e-02 1.718133920803666115e-03 7.433426566421985626e-03 1.510562840849161148e-02 5.219201371073722839e-02 6.230732053518295288e-02 6.105914339423179626e-02 1.572975330054759979e-02 4.735605418682098389e-02 6.085766945034265518e-03 1.836401969194412231e-02 8.122963830828666687e-03 1.040007453411817551e-02 2.767742378637194633e-03 2.282823808491230011e-02 1.845796220004558563e-02 3.884462174028158188e-03 1.560009084641933441e-02 1.210385933518409729e-02 6.467621424235403538e-04 1.356060616672039032e-02 2.592291869223117828e-02 9.465765208005905151e-03 2.539134770631790161e-02 5.205589812248945236e-03 1.946713216602802277e-02 4.727933183312416077e-02 2.966219000518321991e-02 7.242031861096620560e-03 2.459657378494739532e-02 4.061956331133842468e-02 1.082305423915386200e-02 6.930110044777393341e-03 9.176596999168395996e-03 2.051518857479095459e-02 4.210530593991279602e-02 2.160147763788700104e-02 1.064019836485385895e-02 2.894607372581958771e-02 5.526505992747843266e-04 2.211688086390495300e-02 3.178131068125367165e-03 1.675012148916721344e-02 6.987466476857662201e-04 3.686273470520973206e-02 1.494471635669469833e-02 1.365244202315807343e-02 1.594226621091365814e-02 4.536261316388845444e-03 4.553785175085067749e-02 6.025739479809999466e-03 2.515729516744613647e-02 1.735140010714530945e-02 5.394609645009040833e-03 1.080250553786754608e-02 1.837123185396194458e-02 2.030802145600318909e-02 1.398121379315853119e-02 9.457481093704700470e-03 9.824910201132297516e-03 2.495523728430271149e-02 1.918935682624578476e-03 1.785684935748577118e-02 3.385618701577186584e-02 2.657354250550270081e-02 1.447358820587396622e-02 6.272548809647560120e-03 1.996589638292789459e-02 1.747807674109935760e-02 1.381113659590482712e-03 7.237585261464118958e-03 2.538094855844974518e-02 1.177514350274577737e-04 2.265371941030025482e-02 2.157314156647771597e-04
7.240130752325057983e-02 6.049946546554565430e-01 4.951739218086004257e-03 1.617604307830333710e-02 2.836144156754016876e-02 8.340374380350112915e-02 8.938608318567276001e-02 6.164907012134790421e-03 3.233484923839569092e-02 1.348667033016681671e-02 4.621034488081932068e-02 5.607363418675959110e-04 5.878961831331253052e-02 2.567986026406288147e-02 2.749247848987579346e-02 6.657677702605724335e-03 5.977144464850425720e-03 2.889493480324745178e-03 2.874027378857135773e-02 1.895727403461933136e-02 3.559495508670806885e-02 4.070917144417762756e-03 4.600973799824714661e-02 4.579642415046691895e-02 2.953821094706654549e-03 1.678135059773921967e-02 4.618171602487564087e-03 6.458868738263845444e-03 1.755853742361068726e-02 8.267616853117942810e-03 7.359408307820558548e-03 1.207202486693859100e-02 6.993005983531475067e-03 1.361397001892328262e-02 1.510243397206068039e-02 1.013526879251003265e-02 1.202377490699291229e-03 1.102209370583295822e-02 1.155941653996706009e-02 3.526853397488594055e-02 9.724725969135761261e-03 2.507775649428367615e-02 1.098288968205451965e-02 7.963075302541255951e-03 8.717565797269344330e-03 2.695535495877265930e-02 4.640673100948333740e-02 6.720375269651412964e-02 2.076898142695426941e-02 4.828937724232673645e-02 3.182264044880867004e-03 1.635256037116050720e-02 2.254492137581110001e-03 1.515247114002704620e-02 4.455750167835503817e-04 2.680762112140655518e-02 2.957907505333423615e-03 7.614216767251491547e-03 1.085509173572063446e-02 7.508449722081422806e-03 1.528214896097779274e-03 8.786673657596111298e-03 1.479738578200340271e-02 2.968643046915531158e-02 1.527070067822933197e-02 2.033496461808681488e-02 2.877042442560195923e-02 4.845188558101654053e-02 3.276613727211952209e-02 5.099357105791568756e-03 2.837313339114189148e-02 2.426353096961975098e-02 3.315215930342674255e-02 1.496390672400593758e-03 2.476877532899379730e-02 1.127466559410095215e-02 3.609953820705413818e-02 1.786175742745399475e-02 1.432663761079311371e-02 5.022181943058967590e-02 1.120697427541017532e-02 1.160145178437232971e-02 1.608699373900890350e-02 2.456799708306789398e-02 1.227720174938440323e-02 4.611381143331527710e-02 1.210632640868425369e-02 2.069081924855709076e-02 8.455877192318439484e-03 1.156047079712152481e-02 2.882076613605022430e-02 3.689474659040570259e-03 5.069054663181304932e-02 8.400668390095233917e-03 1.067696698009967804e-02 1.204104814678430557e-02 4.654288291931152344e-03 1.440638024359941483e-02 1.833245530724525452e-02 1.542297750711441040e-02 7.554256357252597809e-03 1.512314938008785248e-02 7.557699922472238541e-03 1.172637473791837692e-02 1.988337375223636627e-02 2.727578394114971161e-02 7.602128665894269943e-03 1.015829946845769882e-02 9.019348770380020142e-03 1.025569997727870941e-02 4.404721781611442566e-03 4.144445527344942093e-03 2.407208457589149475e-02 1.436954922974109650e-02 1.048141624778509140e-03 1.441049668937921524e-02
5.627399776130914688e-03 4.951739218086004257e-03 5.766566395759582520e-01 6.867635995149612427e-03 2.656402252614498138e-02 4.527366720139980316e-03 2.384642139077186584e-02 9.271315485239028931e-02 3.162183612585067749e-02 2.282582409679889679e-02 2.020084485411643982e-02 3.081280179321765900e-02 1.773394085466861725e-02 1.535196136683225632e-02 4.827599227428436279e-02 6.370066694216802716e-05 8.878099615685641766e-04 2.148520760238170624e-02 1.386333536356687546e-02 1.842598617076873779e-02 1.146218273788690567e-02 2.321688085794448853e-02 1.776148006319999695e-02 2.433727495372295380e-02 1.670313999056816101e-02 1.052599865943193436e-03 1.514889113605022430e-02 1.832517236471176147e-02 3.069190541282296181e-03 1.094494014978408813e-02 9.420489892363548279e-03 1.013686973601579666e-02 1.813268987461924553e-03 8.193982765078544617e-03 2.030940353870391846e-02 1.330087054520845413e-02 8.571308106184005737e-03 2.910628973040729761e-04 1.143023464828729630e-02 1.993409730494022369e-02 3.425614442676305771e-03 3.428135067224502563e-02 1.811505109071731567e-02 6.386114656925201416e-02 1.865006983280181885e-02 7.695312611758708954e-03 1.668659411370754242e-02 3.598462417721748352e-02 3.089813748374581337e-03 1.952802948653697968e-02 2.937280759215354919e-02 1.162799354642629623e-02 1.500675920397043228e-02 1.020770426839590073e-02 9.748218581080436707e-03 1.721748732961714268e-03 6.200285628437995911e-03 7.330805528908967972e-03 2.412012964487075806e-02 1.240485254675149918e-02 2.724142931401729584e-02 2.350502833724021912e-02 2.324281027540564537e-03 2.936911396682262421e-02 8.377496153116226196e-03 1.473441533744335175e-02 3.982258960604667664e-03 2.638885192573070526e-02 3.692829236388206482e-02 3.272556059528142214e-04 3.635394573211669922e-02 1.589670404791831970e-02 1.987038552761077881e-02 2.754284814000129700e-02 4.165047779679298401e-03 3.722054138779640198e-02 2.276102546602487564e-03 1.190675701946020126e-02 3.117648698389530182e-02 2.694368362426757812e-02 6.101300939917564392e-02 8.435408771038055420e-02 2.055643498897552490e-02 7.759403437376022339e-03 1.289391797035932541e-02 2.579001709818840027e-02 2.772498689591884613e-02 3.325462341308593750e-02 2.677164599299430847e-02 1.302187237888574600e-02 9.731410071253776550e-03 9.909914806485176086e-03 2.692879736423492432e-02 1.898093707859516144e-02 2.262469753623008728e-02 2.734885551035404205e-03 2.203157730400562286e-02 2.800733596086502075e-02 2.108754031360149384e-02 1.721444167196750641e-02 3.106295131146907806e-03 6.570360623300075531e-03 3.157709911465644836e-02 2.890083752572536469e-02 9.636448696255683899e-03 8.342219516634941101e-03 2.691762708127498627e-02 5.984017625451087952e-03 2.625557035207748413e-02 6.900565698742866516e-03 1.329022645950317383e-02 3.254240378737449646e-03 3.340644389390945435e-02 9.663412929512560368e-04 1.281633786857128143e-02 1.510625984519720078e-02
3.417953476309776306e-02 1.617604307830333710e-02 6.867635995149612427e-03 6.086202859878540039e-01 2.489820420742034912e-01 3.457217663526535034e-02 2.273970283567905426e-02 2.009109593927860260e-02 2.737270109355449677e-02 1.969235204160213470e-02 3.209321573376655579e-02 1.075316686183214188e-02 3.823313862085342407e-02 4.066921770572662354e-02 4.974821582436561584e-03 9.896118193864822388e-03 1.569635001942515373e-03 8.966808766126632690e-02 1.086178272962570190e-01 2.531640045344829559e-02 1.138907019048929214e-02 5.908589228056371212e-04 2.873622998595237732e-02 3.758667409420013428e-02 3.058111853897571564e-02 1.398056186735630035e-02 2.975035645067691803e-02 3.152681887149810791e-02 2.536897920072078705e-02 6.925143301486968994e-03 3.458994440734386444e-03 2.191208675503730774e-02 8.939995430409908295e-03 9.551167022436857224e-04 1.913580857217311859e-02 1.805135048925876617e-02 1.823416561819612980e-03 2.230037562549114227e-02 1.155373305082321167e-01 1.305786520242691040e-01 1.932173781096935272e-02 6.330047268420457840e-03 2.304921392351388931e-03 3.481548652052879333e-02 1.486302446573972702e-02 1.575817354023456573e-02 3.515950590372085571e-02 1.032814383506774902e-02 3.682287409901618958e-02 3.964461758732795715e-02 4.760297946631908417e-03 1.018712483346462250e-02 4.434118047356605530e-02 1.750905252993106842e-02 1.202876865863800049e-02 3.914542961865663528e-03 3.295829519629478455e-02 3.121807239949703217e-02 1.609124802052974701e-02 8.639266714453697205e-03 6.753879785537719727e-02 6.064445897936820984e-02 1.079354784451425076e-03 4.471021890640258789e-02 3.743779659271240234e-02 1.800103671848773956e-02 3.312661871314048767e-02 3.747585415840148926e-02 9.530600160360336304e-03 9.721472859382629395e-03 4.664929583668708801e-03 2.549359016120433807e-02 1.625678390264511108e-01 1.681020855903625488e-02 1.627609431743621826e-01 2.984572388231754303e-02 1.316776871681213379e-02 5.992080084979534149e-03 2.097183093428611755e-02 7.700230926275253296e-04 3.460800275206565857e-02 2.083423361182212830e-02 1.219827979803085327e-01 1.203043237328529358e-01 3.109839372336864471e-02 1.726779714226722717e-02 3.437242656946182251e-02 1.497127860784530640e-02 1.518174260854721069e-02 2.896356582641601562e-02 3.703747317194938660e-02 1.159924548119306564e-02 1.047229487448930740e-02 1.565308868885040283e-02 4.216593690216541290e-03 1.019070483744144440e-02 1.686405017971992493e-02 8.673688396811485291e-03 4.562644287943840027e-03 3.662061062641441822e-04 2.943300269544124603e-02 2.827478339895606041e-03 1.310289930552244186e-02 2.913586422801017761e-02 3.762025386095046997e-02 6.006750278174877167e-03 2.867889776825904846e-02 2.763354964554309845e-02 2.490804344415664673e-02 1.972708292305469513e-02 3.876223415136337280e-02 2.459573931992053986e-02 1.989891193807125092e-02 9.359050891362130642e-04 1.763294823467731476e-02 3.921207040548324585e-02
3.494468331336975098e-02 2.836144156754016876e-02 2.656402252614498138e-02 2.489820420742034912e-01 6.005291938781738281e-01 3.462302684783935547e-02 3.026132099330425262e-02 2.815018408000469208e-02 5.525860469788312912e-03 2.258281968533992767e-02 4.175425320863723755e-02 1.876047067344188690e-02 2.886401489377021790e-02 1.109839789569377899e-02 6.987905595451593399e-03 2.866936288774013519e-02 1.418544072657823563e-02 4.750307276844978333e-02 1.073405146598815918e-01 5.766414105892181396e-03 1.406089682132005692e-02 1.463529001921415329e-02 4.793403204530477524e-03 2.526615001261234283e-02 3.746851533651351929e-02 9.895429015159606934e-03 4.009017720818519592e-02 1.844677515327930450e-02 2.055720612406730652e-02 3.305910527706146240e-02 2.757146023213863373e-02 3.314890339970588684e-02 4.405615385621786118e-03 1.813642121851444244e-02 3.152592480182647705e-02 1.687993854284286499e-02 2.046000771224498749e-02 1.122524216771125793e-02 7.643511891365051270e-02 1.411771327257156372e-01 6.535744760185480118e-03 4.320133943110704422e-03 3.425690578296780586e-03 1.935832388699054718e-02 1.719537377357482910e-02 1.704520359635353088e-02 2.936572581529617310e-02 2.684021368622779846e-02 2.417151629924774170e-02 5.259684287011623383e-03 1.082742027938365936e-02 7.624629884958267212e-03 4.248070344328880310e-02 3.318303450942039490e-02 1.108505204319953918e-02 2.299539186060428619e-02 2.059220522642135620e-02 7.993267849087715149e-03 3.089159913361072540e-02 1.122144889086484909e-02 3.461575135588645935e-02 9.875668585300445557e-02 1.084410585463047028e-02 3.058126755058765411e-02 3.699725121259689331e-02 4.038878902792930603e-02 1.641111075878143311e-02 2.697470225393772125e-02 1.865042746067047119e-02 2.578085288405418396e-02 1.861433126032352448e-02 1.722062192857265472e-02 1.049483567476272583e-01 3.179752454161643982e-02 1.109530255198478699e-01 1.513523980975151062e-02 7.130309008061885834e-03 1.397436670958995819e-02 3.451683733146637678e-05 3.277395665645599365e-02 1.968112587928771973e-02 1.394084002822637558e-02 7.633309811353683472e-02 1.314285546541213989e-01 1.655570045113563538e-02 3.748767822980880737e-02 3.524253144860267639e-02 3.246245160698890686e-02 9.026937186717987061e-03 9.792037308216094971e-03 3.441439941525459290e-02 3.618055954575538635e-02 1.876316964626312256e-02 3.452900424599647522e-02 1.213527470827102661e-02 2.106047794222831726e-02 3.660999611020088196e-02 4.075293894857168198e-03 4.415639676153659821e-03 1.121009234338998795e-02 3.302334249019622803e-02 1.266115903854370117e-02 1.911856047809123993e-02 1.537053193897008896e-02 4.588704928755760193e-02 1.073678256943821907e-03 2.854232490062713623e-02 2.244782261550426483e-02 1.154445204883813858e-02 2.251671999692916870e-02 1.538435742259025574e-02 7.363419048488140106e-03 8.363548666238784790e-03 3.581789880990982056e-02 1.099823694676160812e-02 3.444140031933784485e-02
9.990198910236358643e-02 8.340374380350112915e-02 4.527366720139980316e-03 3.457217663526535034e-02 3.462302684783935547e-02 5.966681838035583496e-01 1.717897504568099976e-01 2.795402146875858307e-02 3.120138123631477356e-02 3.764958353713154793e-03 4.972080886363983154e-02 6.542562693357467651e-02 3.413781896233558655e-02 6.362099200487136841e-02 7.548726629465818405e-03 1.494363229721784592e-02 5.212828982621431351e-03 3.407009411603212357e-03 2.515788562595844269e-02 3.140611201524734497e-02 3.826420987024903297e-03 8.138636476360261440e-04 3.790434077382087708e-02 2.909454330801963806e-02 2.141463337466120720e-03 3.513417020440101624e-02 2.045563794672489166e-02 1.169430557638406754e-02 1.346421893686056137e-02 9.002437582239508629e-04 3.409774973988533020e-02 1.172225270420312881e-02 6.616877391934394836e-03 3.245709836483001709e-02 6.507325451821088791e-03 2.057694457471370697e-02 4.153323918581008911e-02 1.418993901461362839e-02 2.280291728675365448e-02 8.803382515907287598e-03 2.558968728408217430e-03 1.338567119091749191e-02 1.579287275671958923e-02 3.613477200269699097e-02 5.552673339843750000e-02 1.045417599380016327e-02 1.108152195811271667e-01 1.111537590622901917e-01 3.040494769811630249e-02 2.124975994229316711e-02 6.672054063528776169e-03 2.894903346896171570e-02 1.608637534081935883e-02 3.241533786058425903e-02 1.780380611307919025e-03 1.793366111814975739e-02 1.168255880475044250e-02 2.795212157070636749e-02 2.118692733347415924e-02 1.636650040745735168e-02 1.159416791051626205e-02 2.368617802858352661e-03 1.045638695359230042e-02 5.980565212666988373e-03 8.062797598540782928e-03 1.197858247905969620e-02 3.554308041930198669e-02 5.323996301740407944e-03 3.408677875995635986e-02 1.563433371484279633e-02 3.913214057683944702e-02 2.981649711728096008e-02 4.899177700281143188e-03 2.309667505323886871e-02 1.242119120433926582e-03 4.517838358879089355e-02 1.271841209381818771e-02 3.971158585045486689e-04 3.110943548381328583e-02 3.074387088418006897e-02 9.168996475636959076e-03 1.522835623472929001e-02 5.117099266499280930e-03 1.494558434933423996e-02 2.751410566270351410e-02 3.427387401461601257e-02 1.145839341916143894e-03 2.116978634148836136e-03 4.958400875329971313e-02 4.129899665713310242e-02 4.939800873398780823e-02 1.631947979331016541e-02 5.210901796817779541e-02 4.981515556573867798e-02 1.841086894273757935e-02 2.176710776984691620e-02 4.236224573105573654e-03 3.972617164254188538e-02 3.516562283039093018e-03 1.032835152000188828e-02 2.425103634595870972e-02 4.521279036998748779e-02 2.739891596138477325e-02 3.218645974993705750e-02 4.141140729188919067e-02 2.862866222858428955e-02 1.719991117715835571e-02 9.378707036375999451e-03 4.343101754784584045e-02 2.944206260144710541e-02 1.439426839351654053e-02 2.316134236752986908e-02 2.029326185584068298e-02 2.114968374371528625e-03 1.688064634799957275e-02 1.569656655192375183e-02
8.887587487697601318e-02 8.938608318567276001e-02 2.384642139077186584e-02 2.273970283567905426e-02 3.026132099330425262e-02 1.717897504568099976e-01 6.035240292549133301e-01 2.857280708849430084e-02 2.113183587789535522e-02 3.751679323613643646e-03 4.641723260283470154e-02 7.251597195863723755e-02 3.888398408889770508e-02 8.341301232576370239e-02 4.146934021264314651e-03 1.430473662912845612e-02 4.663407802581787109e-03 1.632022671401500702e-02 3.080503083765506744e-02 3.418493643403053284e-02 5.427882206276990473e-05 1.480945502407848835e-04 4.394375532865524292e-02 4.121707379817962646e-02 4.450553096830844879e-03 2.883133664727210999e-02 2.323670312762260437e-02 7.875286042690277100e-03 1.541729364544153214e-02 7.734221406280994415e-03 1.603592373430728912e-02 4.688215907663106918e-03 5.048237740993499756e-03 3.050980903208255768e-02 1.571174524724483490e-02 2.152466587722301483e-02 3.790693357586860657e-02 9.011056274175643921e-03 2.498688921332359314e-02 9.352134540677070618e-03 4.604747518897056580e-04 2.517648600041866302e-02 1.556656137108802795e-02 4.365247488021850586e-02 6.744320690631866455e-02 4.873283207416534424e-02 1.124960258603096008e-01 1.524074822664260864e-01 1.915919035673141479e-02 1.674273982644081116e-02 1.411689538508653641e-02 4.254453256726264954e-02 1.828192546963691711e-02 3.369130566716194153e-02 4.452471621334552765e-03 2.985922433435916901e-02 5.500227212905883789e-03 1.644654199481010437e-02 2.109516039490699768e-02 2.006250806152820587e-02 2.055290713906288147e-02 1.574731431901454926e-02 1.743933558464050293e-02 4.761436954140663147e-03 1.082705240696668625e-02 1.773866126313805580e-03 3.286827355623245239e-02 1.625243201851844788e-02 3.845062106847763062e-02 1.136820204555988312e-02 3.070886246860027313e-02 3.228377923369407654e-02 1.514321286231279373e-02 2.383867464959621429e-02 1.660342700779438019e-02 4.158209264278411865e-02 3.040110133588314056e-02 1.505588181316852570e-02 3.677636384963989258e-02 2.507008053362369537e-02 2.449119696393609047e-03 1.791636273264884949e-02 2.774457447230815887e-03 3.055093623697757721e-02 2.303006872534751892e-02 1.129860896617174149e-02 4.454707726836204529e-03 2.721962518990039825e-03 4.792983457446098328e-02 8.328218013048171997e-02 5.099550262093544006e-02 1.449319534003734589e-02 9.125598520040512085e-02 4.860965162515640259e-02 2.463135309517383575e-02 2.541351690888404846e-02 6.939275772310793400e-04 3.859045729041099548e-02 7.555982563644647598e-03 4.691915586590766907e-03 1.574247889220714569e-02 4.379140585660934448e-02 2.960250899195671082e-02 3.130646422505378723e-02 3.725067898631095886e-02 3.539299219846725464e-02 2.348885871469974518e-02 5.232183262705802917e-03 3.989228233695030212e-02 2.155054360628128052e-02 1.622582413256168365e-02 2.745610289275646210e-02 3.501623868942260742e-02 3.726578876376152039e-02 4.299229767639189959e-04 2.211129851639270782e-02
1.252093259245157242e-02 6.164907012134790421e-03 9.271315485239028931e-02 2.009109593927860260e-02 2.815018408000469208e-02 2.795402146875858307e-02 2.857280708849430084e-02 5.978631973266601562e-01 1.937265135347843170e-02 2.853499911725521088e-02 6.314500700682401657e-03 3.237826749682426453e-02 2.793985232710838318e-02 1.815829053521156311e-02 8.623388409614562988e-02 1.511907204985618591e-02 2.270539849996566772e-02 1.343104988336563110e-02 1.612829789519309998e-02 2.838419564068317413e-02 1.017488352954387665e-02 2.657306380569934845e-02 2.049589157104492188e-02 2.534180134534835815e-02 3.039268078282475471e-03 7.357640657573938370e-03 1.839463971555233002e-02 5.653363186866044998e-03 1.354535575956106186e-02 2.101896144449710846e-02 9.364853613078594208e-03 2.267308067530393600e-03 3.959506284445524216e-03 1.266898959875106812e-02 1.931435987353324890e-02 2.774075418710708618e-02 3.400884568691253662e-02 1.129781454801559448e-02 1.152579579502344131e-02 2.506284043192863464e-02 7.181910797953605652e-03 2.211283519864082336e-02 3.669402375817298889e-02 5.675061792135238647e-02 9.842780418694019318e-04 2.034318447113037109e-02 3.516580164432525635e-02 2.547638490796089172e-02 4.019759222865104675e-02 3.606139123439788818e-02 2.689140848815441132e-03 3.540553152561187744e-02 2.477113157510757446e-02 3.479604795575141907e-02 2.003605291247367859e-02 4.171666130423545837e-02 1.217683777213096619e-03 2.192651294171810150e-02 3.098309971392154694e-02 2.599641680717468262e-02 1.737776957452297211e-02 2.529138512909412384e-02 3.677583299577236176e-03 2.267059125006198883e-02 2.520750043913722038e-03 2.481118403375148773e-02 2.810145914554595947e-02 3.213220834732055664e-02 1.850588992238044739e-02 4.078576748725026846e-04 1.538393460214138031e-02 1.625307276844978333e-02 2.890702709555625916e-02 1.634980179369449615e-02 2.794509194791316986e-02 6.446206476539373398e-03 2.901188656687736511e-02 2.486814372241497040e-02 4.493217170238494873e-02 1.914189197123050690e-02 8.834237605333328247e-02 1.057661771774291992e-01 2.185050770640373230e-02 2.377694658935070038e-02 3.949820995330810547e-02 3.014443255960941315e-02 5.383916571736335754e-02 5.672321468591690063e-02 2.592482417821884155e-02 3.546068677678704262e-03 2.468262240290641785e-02 1.515958551317453384e-02 6.163137964904308319e-03 2.791563235223293304e-02 7.133216131478548050e-03 1.217968855053186417e-02 2.950582653284072876e-02 2.991810627281665802e-02 3.740365803241729736e-02 3.485816344618797302e-02 3.089624922722578049e-03 4.710439126938581467e-03 2.972047589719295502e-02 2.525368891656398773e-02 3.769800998270511627e-03 2.009116346016526222e-03 1.734846830368041992e-02 9.830282069742679596e-04 1.349204126745462418e-02 1.868536695837974548e-02 2.125547640025615692e-02 5.115391686558723450e-03 7.319471333175897598e-03 2.499504946172237396e-02 2.925354056060314178e-02 1.267341151833534241e-02
3.364515677094459534e-02 3.233484923839569092e-02 3.162183612585067749e-02 2.737270109355449677e-02 5.525860469788312912e-03 3.120138123631477356e-02 2.113183587789535522e-02 1.937265135347843170e-02 6.071913242340087891e-01 8.159778267145156860e-02 3.529207408428192139e-02 3.707754984498023987e-02 1.635413989424705505e-02 1.321741659194231033e-02 2.777277864515781403e-02 7.170481979846954346e-02 2.700593695044517517e-02 6.487607210874557495e-02 1.933085359632968903e-02 1.976346224546432495e-02 3.611822053790092468e-02 3.262802958488464355e-02 6.055984273552894592e-02 7.093006372451782227e-02 7.653207052499055862e-03 1.723905839025974274e-02 1.277735363692045212e-02 1.884003914892673492e-02 3.408673033118247986e-02 1.008062902837991714e-02 2.427939139306545258e-02 2.717548981308937073e-03 4.373992234468460083e-02 5.438621342182159424e-02 2.184792654588818550e-03 1.876606256701052189e-05 2.181450137868523598e-03 1.628758944571018219e-02 7.264297455549240112e-03 2.792041376233100891e-02 1.742952316999435425e-02 8.248559385538101196e-02 3.293398767709732056e-02 6.197990849614143372e-03 1.245022518560290337e-03 2.921842224895954132e-02 1.846449263393878937e-02 2.660156972706317902e-02 7.441873848438262939e-02 1.450115628540515900e-02 4.846153780817985535e-03 1.212832052260637283e-03 2.887090109288692474e-02 3.306824341416358948e-02 8.721484988927841187e-02 2.944624796509742737e-02 4.200534522533416748e-02 3.462972491979598999e-02 3.575764596462249756e-02 2.979735843837261200e-02 2.106359601020812988e-02 6.340006832033395767e-03 1.090226322412490845e-02 9.918391704559326172e-03 3.473421186208724976e-02 3.569217398762702942e-02 2.895061112940311432e-02 2.551035024225711823e-02 1.081056371331214905e-01 1.839305460453033447e-02 7.003847509622573853e-02 1.331187132745981216e-02 1.743904128670692444e-02 1.773795112967491150e-02 9.213127195835113525e-03 2.204444445669651031e-02 1.499973386526107788e-01 7.916478812694549561e-02 2.533397451043128967e-02 3.724905545823276043e-04 3.065254352986812592e-02 3.159279003739356995e-02 4.425833001732826233e-02 2.673923410475254059e-02 5.932689178735017776e-03 2.112118713557720184e-02 3.593968227505683899e-02 2.327400445938110352e-02 3.486379608511924744e-02 2.338584698736667633e-02 1.135682780295610428e-02 2.535107359290122986e-02 2.511408552527427673e-02 1.801194250583648682e-02 4.083140566945075989e-02 1.845534145832061768e-02 1.071695238351821899e-02 1.694410294294357300e-02 7.763877511024475098e-02 5.942837521433830261e-02 1.731674000620841980e-02 4.350201413035392761e-02 2.388404449447989464e-03 4.740765143651515245e-04 3.569934749975800514e-03 1.153599750250577927e-02 2.410110086202621460e-02 2.149831317365169525e-02 3.067050874233245850e-02 2.844443358480930328e-02 1.216913387179374695e-02 1.822025282308459282e-03 3.825525566935539246e-02 8.904397487640380859e-03 1.700830645859241486e-02 1.867706514894962311e-02
1.813284680247306824e-02 1.348667033016681671e-02 2.282582409679889679e-02 1.969235204160213470e-02 2.258281968533992767e-02 3.764958353713154793e-03 3.751679323613643646e-03 2.853499911725521088e-02 8.159778267145156860e-02 6.069730520248413086e-01 3.341187909245491028e-02 2.822829969227313995e-02 3.502450510859489441e-02 3.884507576003670692e-03 3.214427083730697632e-02 1.305328309535980225e-02 2.346237748861312866e-02 3.962377086281776428e-02 2.670807589311152697e-04 1.362069323658943176e-02 1.738387160003185272e-02 2.029741741716861725e-02 3.879437595605850220e-02 7.737613469362258911e-02 3.706876933574676514e-02 4.520415142178535461e-02 1.048357691615819931e-02 2.836478874087333679e-02 2.879138104617595673e-02 2.406229451298713684e-02 2.248800173401832581e-02 5.474212020635604858e-02 2.511328458786010742e-02 1.854548230767250061e-02 2.535031922161579132e-02 2.447142452001571655e-02 8.800591342151165009e-03 6.735094822943210602e-03 2.881503105163574219e-02 1.641947543248534203e-03 1.158806681632995605e-02 4.526437446475028992e-02 6.765991449356079102e-02 3.991418704390525818e-02 1.472306065261363983e-02 1.869445480406284332e-02 1.807490177452564240e-02 1.581122167408466339e-02 2.390458062291145325e-02 7.154561579227447510e-02 6.175592541694641113e-03 1.638753153383731842e-02 1.758557744324207306e-02 3.839916735887527466e-02 1.473489310592412949e-02 7.433937489986419678e-02 7.725412026047706604e-03 1.794004929251968861e-04 2.636776491999626160e-02 4.123492166399955750e-02 2.965952083468437195e-02 1.871829479932785034e-02 6.277734413743019104e-03 1.943678967654705048e-02 2.690655179321765900e-02 4.044650495052337646e-02 3.661428764462471008e-02 3.016912005841732025e-02 6.367401778697967529e-02 2.543170936405658722e-02 8.422461897134780884e-02 5.182943772524595261e-03 3.869726881384849548e-02 1.858088746666908264e-02 2.663397043943405151e-02 1.400577370077371597e-02 8.277278393507003784e-02 1.419813483953475952e-01 4.327465221285820007e-02 3.383675962686538696e-02 3.106488659977912903e-02 3.265390545129776001e-02 4.460819810628890991e-02 5.171157885342836380e-03 4.795569926500320435e-02 4.613433405756950378e-02 3.629485145211219788e-02 3.535315766930580139e-02 1.134769618511199951e-02 9.587666019797325134e-03 2.388471178710460663e-02 2.658703736960887909e-02 1.663587987422943115e-02 1.690804399549961090e-02 3.158181905746459961e-02 1.188287977129220963e-02 1.177245937287807465e-02 1.576681435108184814e-02 7.261644303798675537e-02 8.913546055555343628e-02 4.289834573864936829e-02 2.245041355490684509e-02 1.617137342691421509e-02 1.508205663412809372e-02 9.817291051149368286e-03 4.014563560485839844e-02 4.147608205676078796e-02 8.331964723765850067e-03 1.518409233540296555e-02 1.704041101038455963e-02 1.728829345665872097e-03 1.668719202280044556e-02 8.340578526258468628e-03 4.079339280724525452e-02 3.273338545113801956e-03 1.319328323006629944e-02
6.347212195396423340e-02 4.621034488081932068e-02 2.020084485411643982e-02 3.209321573376655579e-02 4.175425320863723755e-02 4.972080886363983154e-02 4.641723260283470154e-02 6.314500700682401657e-03 3.529207408428192139e-02 3.341187909245491028e-02 6.119949817657470703e-01 2.576089277863502502e-02 5.143907666206359863e-02 2.662861719727516174e-03 2.708863839507102966e-02 1.117077283561229706e-02 1.351434644311666489e-02 8.446439169347286224e-03 1.888620853424072266e-02 2.745589800179004669e-02 4.466139152646064758e-02 2.583533525466918945e-02 2.901148609817028046e-02 3.745156899094581604e-02 9.111288818530738354e-04 2.321674115955829620e-02 1.180808432400226593e-02 2.427348867058753967e-02 5.555034056305885315e-02 2.163300104439258575e-02 8.892065845429897308e-03 4.444916732609272003e-03 1.492395903915166855e-02 1.602268591523170471e-02 9.080893360078334808e-04 1.687433104962110519e-03 7.456752937287092209e-03 2.519228728488087654e-03 6.392080802470445633e-03 1.012908667325973511e-02 3.986652940511703491e-03 2.667438425123691559e-02 1.334977801889181137e-03 2.756028203293681145e-03 2.399363741278648376e-02 4.432179406285285950e-02 3.905251994729042053e-02 3.831675276160240173e-02 2.953127771615982056e-02 4.527270048856735229e-02 2.439499832689762115e-02 7.179766427725553513e-03 1.226656022481620312e-03 5.606616032309830189e-04 2.320785820484161377e-02 3.154916688799858093e-02 2.043719775974750519e-02 2.655739197507500648e-03 1.782024628482758999e-03 2.068261848762631416e-03 1.415385771542787552e-02 8.680163882672786713e-03 1.600446552038192749e-02 4.376583267003297806e-03 4.219043627381324768e-02 1.983505859971046448e-02 3.121041506528854370e-02 3.859114646911621094e-02 4.232633486390113831e-02 2.048629708588123322e-02 3.445779532194137573e-02 2.346321567893028259e-02 1.752989925444126129e-02 4.494882188737392426e-03 4.240456037223339081e-03 2.529491297900676727e-02 3.110156394541263580e-02 2.223367430269718170e-02 3.056745789945125580e-02 2.174991928040981293e-02 1.101169828325510025e-02 1.405312586575746536e-02 1.343850605189800262e-02 1.178548391908407211e-02 3.282121196389198303e-02 2.475208789110183716e-02 2.734543755650520325e-02 2.627662196755409241e-02 1.042682770639657974e-02 2.417708002030849457e-02 3.946600854396820068e-02 2.751840092241764069e-02 1.532583869993686676e-02 5.929515464231371880e-04 1.112280040979385376e-02 2.185830660164356232e-02 1.536452677100896835e-02 3.364037349820137024e-02 1.362720504403114319e-02 1.370668783783912659e-02 2.584506757557392120e-03 1.142263412475585938e-02 7.551165763288736343e-03 2.480567619204521179e-02 2.075499668717384338e-02 1.710113696753978729e-02 1.083334721624851227e-02 6.361617706716060638e-03 8.803791366517543793e-03 3.477769205346703529e-03 7.441794965416193008e-03 1.054701022803783417e-02 1.532488130033016205e-02 4.067304544150829315e-04 2.133446559309959412e-02 2.437633462250232697e-03
2.746685175225138664e-03 5.607363418675959110e-04 3.081280179321765900e-02 1.075316686183214188e-02 1.876047067344188690e-02 6.542562693357467651e-02 7.251597195863723755e-02 3.237826749682426453e-02 3.707754984498023987e-02 2.822829969227313995e-02 2.576089277863502502e-02 6.075155138969421387e-01 4.730438068509101868e-02 1.425000727176666260e-01 2.787778154015541077e-02 3.828220535069704056e-03 1.450844109058380127e-02 1.780940964818000793e-02 6.186537444591522217e-03 3.386842459440231323e-02 3.462185338139533997e-02 4.076111316680908203e-02 1.944818161427974701e-02 6.958550307899713516e-03 1.784392632544040680e-02 8.500618860125541687e-03 2.542363107204437256e-02 9.746937453746795654e-02 4.382294043898582458e-02 6.310728937387466431e-02 4.440951626747846603e-03 3.075640834867954254e-02 5.320716882124543190e-04 1.307232305407524109e-02 7.087139529176056385e-04 1.749999821186065674e-02 3.621467575430870056e-02 4.362115263938903809e-02 1.748925447463989258e-02 2.667815610766410828e-02 3.624029085040092468e-02 4.377496615052223206e-02 4.281312599778175354e-02 1.258940249681472778e-02 1.727489680051803589e-01 9.832462668418884277e-02 5.973032489418983459e-02 5.963061749935150146e-02 5.909651052206754684e-03 4.585798084735870361e-02 5.865473672747612000e-02 6.871935725212097168e-02 1.430057268589735031e-02 3.868762776255607605e-02 4.478602483868598938e-02 5.614467663690447807e-04 9.867021813988685608e-03 2.372161298990249634e-02 1.987265050411224365e-02 2.682111039757728577e-02 1.334607508033514023e-02 2.470983890816569328e-03 1.348181627690792084e-02 5.490498617291450500e-03 2.941706590354442596e-02 2.563432604074478149e-02 2.320160530507564545e-02 3.138807043433189392e-02 2.467516995966434479e-02 4.163309559226036072e-02 1.070853974670171738e-02 1.291639916598796844e-02 2.193098887801170349e-03 2.686442993581295013e-02 5.246562650427222252e-04 1.183281929115764797e-04 2.162623219192028046e-02 7.749967742711305618e-03 1.143908202648162842e-01 5.647869035601615906e-02 2.453960478305816650e-02 2.952793240547180176e-02 1.601085253059864044e-02 1.730297692120075226e-02 2.954996563494205475e-02 1.152177713811397552e-02 2.443330548703670502e-02 3.178244829177856445e-02 1.108916252851486206e-01 9.683896601200103760e-02 2.934021688997745514e-02 4.626175388693809509e-02 1.282955706119537354e-02 4.846360068768262863e-03 5.404346156865358353e-03 1.244141813367605209e-02 3.988047316670417786e-02 4.276090301573276520e-03 3.243201598525047302e-02 3.076737001538276672e-02 2.601901255548000336e-02 1.151867955923080444e-02 2.180020511150360107e-02 3.085845336318016052e-02 2.027909830212593079e-02 1.840507262386381626e-03 2.945626713335514069e-02 1.582911863806657493e-05 1.814473606646060944e-02 4.097216203808784485e-02 3.688986226916313171e-02 3.187468647956848145e-02 5.202744156122207642e-03 3.824323182925581932e-03 1.450357493013143539e-02 3.149126097559928894e-02
5.023819208145141602e-02 5.878961831331253052e-02 1.773394085466861725e-02 3.823313862085342407e-02 2.886401489377021790e-02 3.413781896233558655e-02 3.888398408889770508e-02 2.793985232710838318e-02 1.635413989424705505e-02 3.502450510859489441e-02 5.143907666206359863e-02 4.730438068509101868e-02 6.110755205154418945e-01 1.679171808063983917e-02 4.368480294942855835e-02 3.685617819428443909e-03 2.018457837402820587e-02 1.731335371732711792e-02 2.472439780831336975e-02 2.455505169928073883e-02 3.013726323843002319e-02 3.079911135137081146e-02 3.438291698694229126e-02 5.009275302290916443e-02 1.070621050894260406e-02 8.247283287346363068e-03 2.071063779294490814e-02 3.555080667138099670e-02 2.938345819711685181e-02 1.767393387854099274e-02 2.656090632081031799e-02 8.137005381286144257e-03 1.667812839150428772e-02 3.805566346272826195e-03 3.146244212985038757e-03 1.629979349672794342e-02 1.836953498423099518e-02 1.364581473171710968e-02 1.057794969528913498e-02 2.343611232936382294e-02 1.148200593888759613e-02 3.595985844731330872e-02 2.121902070939540863e-02 8.665564469993114471e-03 3.600800409913063049e-02 3.646691888570785522e-02 1.458453107625246048e-02 3.263475373387336731e-02 1.593967154622077942e-02 4.141610488295555115e-02 1.803817227482795715e-02 4.723260179162025452e-03 2.534984610974788666e-03 6.744622718542814255e-03 6.610253825783729553e-03 3.081217035651206970e-02 1.205647084861993790e-02 2.123189903795719147e-02 3.269659355282783508e-03 9.595182724297046661e-03 1.091506239026784897e-02 4.356142599135637283e-03 2.798160910606384277e-02 8.359036408364772797e-03 2.182839438319206238e-02 4.570886120200157166e-02 2.697145007550716400e-02 4.312755540013313293e-02 2.386206202208995819e-02 7.269992027431726456e-03 2.754376642405986786e-02 4.466973245143890381e-03 2.353938482701778412e-02 2.857261570170521736e-03 1.384120807051658630e-02 1.024855300784111023e-03 2.564210630953311920e-02 2.611947059631347656e-02 5.096352845430374146e-02 2.864604629576206207e-02 1.289827562868595123e-02 1.150627247989177704e-02 2.590488828718662262e-02 2.705862559378147125e-02 4.474136233329772949e-02 4.180474206805229187e-02 2.375702373683452606e-02 5.079246684908866882e-02 2.988520264625549316e-02 2.038920298218727112e-02 1.177170407027006149e-02 1.615548506379127502e-02 1.984117925167083740e-02 2.534494549036026001e-02 1.009142398834228516e-02 1.605132408440113068e-02 6.337707396596670151e-03 5.360680166631937027e-03 3.534876927733421326e-02 3.132238611578941345e-02 7.569020614027976990e-03 2.507193479686975479e-03 2.471829531714320183e-03 9.228163398802280426e-03 2.047472447156906128e-02 2.199586294591426849e-02 8.718503639101982117e-03 2.336687408387660980e-02 5.749111995100975037e-03 2.439751476049423218e-02 3.163630142807960510e-03 3.510511596687138081e-04 1.361124496906995773e-02 1.469165086746215820e-02 4.276669584214687347e-03 8.877010084688663483e-03
