5.139325857162475586e-01 1.055583581328392029e-01 4.504812136292457581e-02 3.123027458786964417e-02 1.608461514115333557e-02 7.844761759042739868e-02 4.613763466477394104e-02 5.037681758403778076e-02 1.196284312754869461e-02 3.520780708640813828e-03 1.187857612967491150e-02 8.245274424552917480e-03 3.884240239858627319e-02 2.361560054123401642e-02 2.389235235750675201e-02 5.445671826601028442e-02 3.901534900069236755e-02 5.334309861063957214e-02 1.673432253301143646e-02 1.986733451485633850e-02 2.504291199147701263e-02 8.196651935577392578e-03 2.765795215964317322e-02 5.265511944890022278e-02 1.187139842659235001e-02 2.616260014474391937e-02 9.200280532240867615e-03 2.227479219436645508e-02 4.483591020107269287e-02 2.058258280158042908e-02 2.562383934855461121e-02 1.001366414129734039e-02 2.189664728939533234e-02 3.727727755904197693e-02 2.142676152288913727e-02 5.122860521078109741e-02 2.922122925519943237e-02 5.752258375287055969e-02 1.437719631940126419e-02 1.479401160031557083e-02 1.270275190472602844e-02 4.188538342714309692e-02 2.230555564165115356e-02 3.058259189128875732e-02 4.838018212467432022e-03 4.747663438320159912e-02 5.951998010277748108e-02 2.043949998915195465e-02 2.810074202716350555e-02 4.580207169055938721e-02 2.344735153019428253e-02 3.938853368163108826e-02 5.352649837732315063e-02 1.260177511721849442e-02 1.046129409223794937e-02 3.490964695811271667e-02 2.594229392707347870e-02 2.390247769653797150e-03 4.794520512223243713e-02 4.659453779458999634e-02 2.012789994478225708e-02 1.932973228394985199e-02 5.214358121156692505e-02 2.973343245685100555e-03 5.125005915760993958e-02 4.723130539059638977e-02 1.256923563778400421e-02 2.389226667582988739e-02 3.344484046101570129e-02 1.501580886542797089e-02 5.669962242245674133e-02 2.418516576290130615e-02 2.707086503505706787e-02 1.145906746387481689e-02 7.836221717298030853e-03 2.282805927097797394e-02 1.715493015944957733e-02 4.854184761643409729e-02 2.949130907654762268e-02 1.954611390829086304e-02 1.702701114118099213e-02 4.121904447674751282e-02 2.000858774408698082e-03 1.138846483081579208e-02 5.760212987661361694e-02 4.803214967250823975e-02 1.684052683413028717e-02 3.442294150590896606e-02 2.008579671382904053e-02 4.893433302640914917e-02 1.220644451677799225e-02 2.295930124819278717e-02 2.696754783391952515e-02 2.329228678718209267e-03 4.237914085388183594e-02 4.585153888911008835e-03 1.980527117848396301e-02 1.831236481666564941e-02 1.625307649374008179e-02 2.974947355687618256e-02 1.018305774778127670e-02 1.459307875484228134e-02 1.699066022410988808e-03 3.387598693370819092e-02 3.429691493511199951e-02 1.122502423822879791e-02 3.488436341285705566e-02 1.912310533225536346e-02 4.074316844344139099e-02 1.763054914772510529e-02 3.535110875964164734e-02 3.426776081323623657e-02 2.080209739506244659e-02 4.248110577464103699e-02 2.230645716190338135e-02 9.954863227903842926e-03
1.055583581328392029e-01 5.084736943244934082e-01 3.799611702561378479e-02 3.460638225078582764e-02 3.008766332641243935e-03 1.097816079854965210e-01 1.160821914672851562e-01 3.644903190433979034e-03 9.844693355262279510e-03 3.079851623624563217e-03 2.506200782954692841e-02 2.051251567900180817e-02 7.027386873960494995e-02 7.157421670854091644e-03 3.723585978150367737e-02 3.639089688658714294e-02 5.029634758830070496e-02 1.320113311521708965e-03 2.996476832777261734e-03 5.674713756889104843e-03 8.439191151410341263e-04 7.931281812489032745e-03 1.455373410135507584e-02 9.876345284283161163e-03 2.904366143047809601e-02 3.926033526659011841e-02 1.093443855643272400e-02 7.424809969961643219e-03 4.196263104677200317e-02 1.559439767152070999e-02 2.424468472599983215e-02 2.589225396513938904e-02 1.604478433728218079e-02 4.603551235049962997e-03 1.646485924720764160e-02 1.921944692730903625e-02 9.776297025382518768e-03 5.117866676300764084e-03 4.379455745220184326e-02 2.094617858529090881e-02 3.809842467308044434e-02 3.768878057599067688e-02 5.202332511544227600e-02 3.437991719692945480e-03 1.678096875548362732e-02 1.788441464304924011e-02 9.823440760374069214e-02 6.320253014564514160e-02 3.987060859799385071e-02 2.847384475171566010e-02 4.255274310708045959e-02 4.339616745710372925e-02 4.018325731158256531e-02 6.428254768252372742e-03 1.021044887602329254e-02 2.174070850014686584e-02 1.287914626300334930e-02 2.676050411537289619e-03 1.380614284425973892e-02 3.920824080705642700e-02 3.164424328133463860e-03 2.872845344245433807e-02 3.371721878647804260e-02 2.180453017354011536e-02 3.231308981776237488e-02 4.320992901921272278e-02 1.295271143317222595e-02 4.379054158926010132e-02 4.603394865989685059e-02 7.462077774107456207e-03 3.737713396549224854e-02 4.701539129018783569e-02 3.046010993421077728e-02 1.953094452619552612e-02 1.849344815127551556e-03 2.026781253516674042e-02 1.584809273481369019e-02 4.443382844328880310e-02 1.637054793536663055e-02 5.459535494446754456e-02 7.804235443472862244e-03 2.525394968688488007e-02 1.934334635734558105e-02 4.622387234121561050e-03 6.155980378389358521e-02 4.987432062625885010e-02 2.652156166732311249e-02 5.120750889182090759e-02 6.896344944834709167e-03 3.813302516937255859e-02 3.184093907475471497e-02 2.041042968630790710e-02 2.057709172368049622e-02 6.098354235291481018e-03 4.619160294532775879e-02 4.693581536412239075e-02 5.258096847683191299e-03 4.017112776637077332e-03 8.996414020657539368e-03 4.180121794342994690e-02 4.698051512241363525e-02 2.709986828267574310e-02 1.005620416253805161e-02 3.036699630320072174e-02 1.647071354091167450e-02 3.361159190535545349e-02 4.123749211430549622e-02 1.957973465323448181e-02 4.727775231003761292e-03 7.560679223388433456e-03 1.503153145313262939e-02 2.889059111475944519e-02 2.906814776360988617e-02 3.002242418006062508e-03 4.002609103918075562e-02 3.476340696215629578e-02
4.504812136292457581e-02 3.799611702561378479e-02 4.785134494304656982e-01 2.341853268444538116e-02 1.943385228514671326e-02 3.987056761980056763e-02 2.403385704383254051e-03 1.914058476686477661e-01 2.158556599169969559e-03 4.312234930694103241e-03 1.344010420143604279e-02 4.749266058206558228e-02 3.873930871486663818e-02 2.564623393118381500e-02 3.858057782053947449e-02 2.737814001739025116e-02 1.557772513478994370e-02 2.886610105633735657e-02 3.366223350167274475e-02 7.411212474107742310e-02 5.272432044148445129e-02 4.029008746147155762e-02 4.379253461956977844e-02 4.997651092708110809e-03 1.039079204201698303e-02 1.187841501086950302e-02 2.483313530683517456e-02 2.866369672119617462e-02 3.929222002625465393e-02 2.916292473673820496e-02 2.957648970186710358e-02 1.794543862342834473e-02 1.250894181430339813e-02 1.858079805970191956e-02 2.883632667362689972e-03 2.223980613052845001e-02 8.466014405712485313e-04 3.511811420321464539e-02 1.402520225383341312e-03 3.304792940616607666e-02 1.524891611188650131e-02 6.673830002546310425e-02 7.218629587441682816e-03 6.482561677694320679e-02 5.507066845893859863e-03 2.196168340742588043e-02 3.853875026106834412e-02 1.529378816485404968e-02 3.263957425951957703e-02 3.129125759005546570e-02 6.148415617644786835e-03 1.080155000090599060e-02 2.605294436216354370e-02 4.203502461314201355e-02 3.136539086699485779e-02 8.159589953720569611e-03 7.194336038082838058e-03 3.826051251962780952e-03 3.780071064829826355e-02 4.483799915760755539e-03 3.973481059074401855e-02 3.331393748521804810e-02 1.180188450962305069e-02 1.092564966529607773e-02 1.726691424846649170e-02 2.462502755224704742e-02 1.753466948866844177e-02 1.116755325347185135e-02 1.910335384309291840e-02 1.620880910195410252e-03 4.549573734402656555e-02 5.410007387399673462e-02 3.485649079084396362e-02 4.914894700050354004e-02 1.011777017265558243e-02 3.421324491500854492e-02 2.986777015030384064e-02 2.468748763203620911e-02 4.064442217350006104e-02 6.050824653357267380e-03 1.647127717733383179e-01 3.140199463814496994e-03 2.606248669326305389e-02 2.522214874625205994e-02 3.057468915358185768e-03 3.587939590215682983e-02 6.184629723429679871e-02 4.709182307124137878e-03 2.161604166030883789e-02 4.330140072852373123e-03 3.636597841978073120e-02 3.053094819188117981e-02 1.591669023036956787e-02 1.585264690220355988e-02 1.477096881717443466e-02 3.986264020204544067e-02 3.167280927300453186e-03 2.825530618429183960e-02 1.070303004235029221e-02 4.639933630824089050e-02 6.924119591712951660e-02 9.431010112166404724e-03 2.351094037294387817e-02 3.049055486917495728e-02 2.277435734868049622e-02 3.005803748965263367e-02 1.970517914742231369e-03 5.777474958449602127e-03 2.838735654950141907e-02 8.845980279147624969e-03 3.083690442144870758e-02 1.709925942122936249e-02 1.773064956068992615e-02 3.719877079129219055e-02 1.067370548844337463e-02 4.116800054907798767e-02
3.123027458786964417e-02 3.460638225078582764e-02 2.341853268444538116e-02 4.967948794364929199e-01 9.658981114625930786e-02 1.785156317055225372e-02 3.231716156005859375e-02 4.171624407172203064e-02 1.224341150373220444e-02 5.910636857151985168e-02 1.493394002318382263e-02 1.044056564569473267e-02 8.724967017769813538e-03 4.960002005100250244e-02 4.145799577236175537e-02 1.239871978759765625e-02 4.085458815097808838e-02 1.542691793292760849e-02 3.707140684127807617e-02 1.950332522392272949e-02 1.968087255954742432e-02 5.251745879650115967e-02 2.456255070865154266e-02 1.529851369559764862e-02 1.771864295005798340e-02 2.098253741860389709e-02 4.231236502528190613e-02 3.195720165967941284e-02 4.185754433274269104e-02 2.365710027515888214e-02 1.641781255602836609e-02 5.577534064650535583e-02 6.658207625150680542e-02 3.972159698605537415e-03 2.634378895163536072e-02 7.566053420305252075e-03 6.610456854104995728e-02 2.945761568844318390e-02 1.156744454056024551e-02 2.585252188146114349e-02 3.247040510177612305e-02 6.711742025800049305e-04 4.266731068491935730e-02 1.980777451535686851e-04 4.235243424773216248e-02 1.148687303066253662e-02 4.082059860229492188e-02 4.013821855187416077e-02 3.207646682858467102e-02 3.052575141191482544e-02 2.357141301035881042e-02 2.448778226971626282e-02 1.414240454323589802e-03 1.989138685166835785e-02 1.328155212104320526e-02 1.574555411934852600e-02 6.089349463582038879e-02 2.913719974458217621e-02 4.127410426735877991e-02 1.626593759283423424e-03 5.045299977064132690e-02 1.741898804903030396e-02 9.471254795789718628e-02 1.569066010415554047e-02 3.317906707525253296e-02 3.346928209066390991e-02 2.999038435518741608e-02 2.742485515773296356e-02 4.880115017294883728e-02 3.291190043091773987e-02 1.815404184162616730e-02 2.076279558241367340e-02 1.787986606359481812e-01 4.708359390497207642e-02 9.164360165596008301e-02 1.244058739393949509e-02 4.998094588518142700e-02 4.685599356889724731e-02 1.716026850044727325e-02 2.902718074619770050e-02 2.609227411448955536e-02 6.383253727108240128e-03 7.440949976444244385e-02 3.921225294470787048e-02 2.804226800799369812e-02 2.609072998166084290e-02 1.162758446298539639e-03 3.725673630833625793e-02 1.973311416804790497e-02 4.621233418583869934e-02 3.560240566730499268e-02 4.730546101927757263e-02 4.683234542608261108e-02 3.105100616812705994e-02 3.319528326392173767e-02 4.148257151246070862e-02 1.358543895184993744e-02 3.319113701581954956e-02 1.787893660366535187e-02 2.613529190421104431e-02 2.188245393335819244e-02 4.523141775280237198e-03 1.425639446824789047e-02 2.095005847513675690e-02 5.776957608759403229e-03 4.710584506392478943e-02 3.530135005712509155e-02 8.012160658836364746e-02 2.747889084275811911e-04 2.101362496614456177e-02 4.353851079940795898e-02 9.791541844606399536e-03 4.753899574279785156e-02 9.679239243268966675e-03 3.509671613574028015e-02 2.377173118293285370e-02
1.608461514115333557e-02 3.008766332641243935e-03 1.943385228514671326e-02 9.658981114625930786e-02 5.130140781402587891e-01 2.203355915844440460e-02 4.580914601683616638e-02 9.370699524879455566e-03 6.121895834803581238e-02 1.783171668648719788e-02 1.380783040076494217e-02 6.939686718396842480e-04 8.270001038908958435e-03 3.132629394531250000e-02 2.287108823657035828e-02 4.324595909565687180e-03 5.249256268143653870e-02 1.382015878334641457e-03 4.685990139842033386e-02 2.639891579747200012e-02 2.152636460959911346e-02 6.995860487222671509e-03 3.108912520110607147e-02 4.379721358418464661e-02 2.687552478164434433e-03 7.596744224429130554e-03 6.222570082172751427e-04 4.008341114968061447e-03 2.608936652541160583e-02 5.684732645750045776e-02 2.124146744608879089e-02 3.043445758521556854e-02 6.003748625516891479e-02 3.770897164940834045e-02 2.131171151995658875e-02 4.705119878053665161e-02 2.094776928424835205e-02 3.013198263943195343e-02 3.991024568676948547e-02 8.271999657154083252e-02 5.559202283620834351e-02 4.677885025739669800e-02 4.495628923177719116e-02 4.306879267096519470e-02 4.792134091258049011e-02 2.545943297445774078e-02 1.685447245836257935e-02 7.808685302734375000e-03 3.359120711684226990e-02 2.174566686153411865e-02 2.609304524958133698e-02 4.978007823228836060e-02 2.122065797448158264e-02 5.520661175251007080e-02 4.915132746100425720e-02 2.528499066829681396e-02 1.506497431546449661e-02 8.795941248536109924e-03 1.944416016340255737e-02 3.355760499835014343e-02 5.140613298863172531e-03 6.348419934511184692e-02 5.984197184443473816e-02 2.488335408270359039e-02 4.796249046921730042e-02 4.489616677165031433e-02 3.279508277773857117e-02 3.349985927343368530e-02 1.725335977971553802e-02 2.368407323956489563e-02 9.858577512204647064e-03 2.455220744013786316e-02 9.723050519824028015e-03 4.002443514764308929e-03 7.501488178968429565e-02 3.900833055377006531e-02 5.270625115372240543e-04 2.066112309694290161e-02 4.159757401794195175e-03 2.164744772017002106e-02 3.201032057404518127e-02 4.165589809417724609e-02 5.959118902683258057e-02 9.241984039545059204e-02 3.770897909998893738e-02 2.499864250421524048e-02 4.705481976270675659e-02 2.684474736452102661e-02 3.857845067977905273e-02 1.502809021621942520e-02 2.143885381519794464e-02 1.049063168466091156e-02 1.592955738306045532e-02 5.364976450800895691e-02 3.450397402048110962e-02 1.196223031729459763e-02 6.057515740394592285e-02 3.219677135348320007e-02 3.501024795696139336e-03 3.632234036922454834e-02 2.678309939801692963e-02 3.295752778649330139e-02 2.325201965868473053e-02 9.493143297731876373e-03 2.346493117511272430e-02 2.770083956420421600e-02 1.333950832486152649e-02 4.798252135515213013e-02 5.706771742552518845e-03 2.118241041898727417e-02 2.985974960029125214e-02 4.305295273661613464e-02 4.348756279796361923e-03 4.772030748426914215e-03 3.714196756482124329e-02 4.015134274959564209e-02
7.844761759042739868e-02 1.097816079854965210e-01 3.987056761980056763e-02 1.785156317055225372e-02 2.203355915844440460e-02 5.134457945823669434e-01 1.223054453730583191e-01 1.971597783267498016e-02 4.592354223132133484e-02 3.801752626895904541e-02 1.222737040370702744e-02 6.411635130643844604e-02 4.435542970895767212e-02 5.334422737360000610e-02 3.847916051745414734e-02 2.697612158954143524e-02 1.886476017534732819e-02 2.486939914524555206e-02 4.273229092359542847e-02 1.519908662885427475e-02 2.620332874357700348e-02 1.399609632790088654e-02 1.119981170631945133e-03 1.765790581703186035e-02 4.583689942955970764e-02 4.248464480042457581e-02 2.598176524043083191e-02 1.674578711390495300e-02 2.973908791318535805e-03 2.463759481906890869e-02 2.364289201796054840e-02 4.931966215372085571e-02 7.941415533423423767e-03 1.218349765986204147e-02 1.829329691827297211e-02 1.501731574535369873e-03 1.904503256082534790e-02 2.649569883942604065e-02 4.194723442196846008e-02 5.858078598976135254e-02 3.325884416699409485e-02 1.018521375954151154e-02 2.797548845410346985e-02 7.832067087292671204e-03 2.765086479485034943e-02 5.870899651199579239e-03 9.519628435373306274e-02 7.821337319910526276e-03 3.845832869410514832e-02 2.715912461280822754e-02 6.865373253822326660e-02 5.186579003930091858e-02 2.295905165374279022e-02 1.565736904740333557e-02 2.752677910029888153e-02 2.996783703565597534e-02 4.513632133603096008e-02 2.062565833330154419e-02 1.828174293041229248e-02 3.281816095113754272e-02 2.209784928709268570e-03 2.638033404946327209e-02 2.124198339879512787e-02 1.865487173199653625e-02 3.390985727310180664e-02 4.447791725397109985e-02 2.917411364614963531e-02 8.985592983663082123e-03 4.539156332612037659e-02 3.245540708303451538e-02 4.884672909975051880e-02 1.376589993014931679e-03 4.526646062731742859e-02 1.610153587535023689e-03 3.762408345937728882e-02 1.974233612418174744e-02 5.418971646577119827e-03 5.109610967338085175e-03 3.567820787429809570e-02 1.161885447800159454e-02 2.570901531726121902e-03 1.392083801329135895e-02 3.039457835257053375e-02 4.058354347944259644e-02 1.569815538823604584e-02 7.792159449309110641e-03 3.157623484730720520e-02 5.069162324070930481e-02 4.196694120764732361e-02 1.764619722962379456e-02 4.197313636541366577e-02 2.462838077917695045e-03 4.772683978080749512e-02 5.028276355005800724e-04 2.446772903203964233e-02 3.830963745713233948e-02 8.162366226315498352e-03 4.124960303306579590e-02 2.520368434488773346e-02 5.007796920835971832e-03 3.233871981501579285e-02 5.152640864253044128e-02 1.537552010267972946e-02 1.103140600025653839e-02 1.180928852409124374e-02 6.075900793075561523e-02 2.916486375033855438e-02 1.880520582199096680e-02 3.171704709529876709e-02 2.392391115427017212e-02 8.715073578059673309e-03 7.998936809599399567e-03 4.920172691345214844e-02 5.066719651222229004e-02 2.631692960858345032e-02 5.759400315582752228e-03
4.613763466477394104e-02 1.160821914672851562e-01 2.403385704383254051e-03 3.231716156005859375e-02 4.580914601683616638e-02 1.223054453730583191e-01 5.044357776641845703e-01 1.749221235513687134e-03 2.632970176637172699e-02 3.873706981539726257e-02 3.179750218987464905e-02 8.652292937040328979e-02 6.937096267938613892e-02 1.194659098982810974e-01 4.109987616539001465e-02 2.984017832204699516e-03 1.003839541226625443e-02 1.278554182499647141e-02 3.443608060479164124e-02 1.118829939514398575e-02 4.282780736684799194e-02 2.515664556995034218e-03 3.771590068936347961e-02 5.114530026912689209e-02 4.183837398886680603e-02 2.652587741613388062e-02 5.820867605507373810e-03 4.912476520985364914e-03 1.051634270697832108e-02 5.729235336184501648e-02 5.044396594166755676e-02 2.177763497456908226e-03 4.860942065715789795e-02 5.512409657239913940e-02 3.213041648268699646e-02 3.776132687926292419e-02 1.770831830799579620e-02 2.588103897869586945e-02 3.818642580881714821e-03 2.692556194961071014e-02 2.993259206414222717e-02 2.715011313557624817e-02 4.188932850956916809e-02 4.414040967822074890e-02 5.524159409105777740e-03 1.446518581360578537e-02 8.347602933645248413e-02 4.105100780725479126e-02 1.355002913624048233e-02 1.330293342471122742e-02 4.852600395679473877e-02 3.491580113768577576e-02 2.170300111174583435e-02 4.326331894844770432e-03 3.683226183056831360e-02 4.089641198515892029e-02 1.085052825510501862e-02 4.617097601294517517e-02 2.024423889815807343e-02 4.099513217806816101e-02 9.168238379061222076e-03 2.219238318502902985e-02 2.964313887059688568e-02 1.118568703532218933e-02 4.578451439738273621e-02 4.207950085401535034e-02 1.152808964252471924e-02 2.153415465727448463e-03 4.668407887220382690e-02 1.258382294327020645e-02 4.235575720667839050e-02 2.519936300814151764e-02 3.478243201971054077e-02 4.273087531328201294e-02 2.784973569214344025e-02 8.304384537041187286e-03 3.760313615202903748e-02 2.392132394015789032e-02 1.224671676754951477e-02 1.092755887657403946e-02 2.649995684623718262e-02 1.290255039930343628e-02 2.207693085074424744e-02 1.899100840091705322e-02 2.431399188935756683e-02 6.036255042999982834e-03 6.295980419963598251e-03 1.429741550236940384e-02 1.035655755549669266e-02 3.079268336296081543e-02 4.139057546854019165e-02 3.844604268670082092e-02 5.472032725811004639e-02 1.421664003282785416e-02 2.244915813207626343e-02 3.848213329911231995e-02 5.102644488215446472e-02 5.094796884804964066e-03 2.185300551354885101e-02 2.430311776697635651e-02 1.945559307932853699e-02 4.496171325445175171e-02 2.717745676636695862e-02 5.720891524106264114e-03 3.113388828933238983e-02 5.241505336016416550e-03 3.104517608880996704e-02 2.442645095288753510e-02 4.092860594391822815e-02 8.988725952804088593e-03 3.568471223115921021e-02 7.336539216339588165e-03 1.337874680757522583e-02 1.422563195228576660e-02 2.098283357918262482e-02 1.360230380669236183e-03
5.037681758403778076e-02 3.644903190433979034e-03 1.914058476686477661e-01 4.171624407172203064e-02 9.370699524879455566e-03 1.971597783267498016e-02 1.749221235513687134e-03 4.874562025070190430e-01 4.159170016646385193e-02 3.176660509780049324e-03 2.644902467727661133e-02 5.466474220156669617e-02 1.302569359540939331e-02 2.956650452688336372e-03 3.296579793095588684e-02 9.929653257131576538e-03 2.465534768998622894e-02 7.345664780586957932e-03 1.651216181926429272e-03 2.544006891548633575e-02 2.097085118293762207e-02 8.390322327613830566e-03 1.274273265153169632e-02 3.161148354411125183e-02 2.693966776132583618e-02 4.837397858500480652e-02 1.024538651108741760e-02 2.448396012187004089e-02 1.585325598716735840e-02 2.139632962644100189e-02 3.072644025087356567e-02 3.643116354942321777e-02 9.331200271844863892e-03 3.059986606240272522e-02 4.901045933365821838e-02 3.583241999149322510e-02 5.799747630953788757e-02 5.471855029463768005e-02 1.815110258758068085e-02 2.096081152558326721e-02 2.280777879059314728e-02 9.303941042162477970e-04 3.934173379093408585e-03 1.601578295230865479e-02 2.139594405889511108e-02 1.179607305675745010e-02 2.970029786229133606e-02 3.690425306558609009e-02 2.915419265627861023e-02 6.397392600774765015e-03 4.855813086032867432e-02 4.882010444998741150e-02 4.567660391330718994e-02 3.952985629439353943e-02 3.225429728627204895e-02 9.753837250173091888e-03 1.177455298602581024e-02 3.706555441021919250e-02 2.792187035083770752e-02 3.412755578756332397e-02 9.032621979713439941e-03 2.657733112573623657e-02 8.579953759908676147e-02 7.934398949146270752e-02 2.337045408785343170e-02 2.978516183793544769e-02 2.387574501335620880e-02 1.779584586620330811e-02 3.630403056740760803e-02 4.790693148970603943e-02 1.281706616282463074e-02 2.440974116325378418e-02 2.879120036959648132e-02 4.510080441832542419e-02 3.114648535847663879e-02 3.510128334164619446e-02 2.743178419768810272e-02 3.144381195306777954e-02 2.435264736413955688e-02 2.266823500394821167e-02 1.729189753532409668e-01 6.303399056196212769e-02 2.548667974770069122e-02 1.621411554515361786e-02 8.160377852618694305e-03 3.127534314990043640e-02 4.003031924366950989e-02 3.024910204112529755e-02 3.762815147638320923e-03 2.418035827577114105e-02 4.055622220039367676e-02 3.731091972440481186e-03 3.488465771079063416e-02 3.079040162265300751e-02 3.626263514161109924e-02 1.427797134965658188e-03 3.245274722576141357e-02 1.905240304768085480e-02 4.275534301996231079e-03 3.115512430667877197e-03 2.515186741948127747e-02 3.241467103362083435e-02 9.396575042046606541e-04 3.285301849246025085e-02 3.653475269675254822e-02 3.428816795349121094e-02 2.781492657959461212e-02 4.265072196722030640e-02 2.391232922673225403e-02 9.761887602508068085e-03 3.383713774383068085e-03 1.829390972852706909e-02 5.631857551634311676e-03 7.565455138683319092e-02 1.028284430503845215e-02 1.677357475273311138e-03
1.196284312754869461e-02 9.844693355262279510e-03 2.158556599169969559e-03 1.224341150373220444e-02 6.121895834803581238e-02 4.592354223132133484e-02 2.632970176637172699e-02 4.159170016646385193e-02 5.108098387718200684e-01 3.312788531184196472e-02 6.699318531900644302e-03 2.032225765287876129e-02 1.389487273991107941e-02 2.350744046270847321e-02 2.992293797433376312e-02 6.121656298637390137e-02 4.198626428842544556e-02 6.028025969862937927e-02 5.166548071429133415e-04 3.651347756385803223e-02 1.854491792619228363e-02 4.931310936808586121e-02 2.866356447339057922e-02 1.853373833000659943e-02 3.424350544810295105e-02 2.657493203878402710e-02 4.411571100354194641e-02 4.350560903549194336e-02 4.296588711440563202e-03 5.851773172616958618e-02 8.105456829071044922e-03 6.404591351747512817e-02 2.061744034290313721e-02 1.358887995593249798e-03 6.274638697504997253e-03 2.761816792190074921e-02 1.213185116648674011e-02 5.012137070298194885e-02 2.503613755106925964e-02 7.570865564048290253e-03 4.675122350454330444e-02 1.361690461635589600e-02 4.525814950466156006e-02 3.251621872186660767e-02 2.360404282808303833e-02 1.809636317193508148e-02 1.988633722066879272e-02 6.140834093093872070e-02 5.092443898320198059e-02 2.278755046427249908e-02 3.268046304583549500e-02 9.509634226560592651e-03 5.944609269499778748e-02 5.326890945434570312e-02 6.080789864063262939e-02 5.633619148284196854e-03 2.601885423064231873e-02 3.210348635911941528e-02 4.652098193764686584e-02 1.388288475573062897e-02 1.904328167438507080e-02 5.900717806071043015e-03 2.845297940075397491e-02 2.135440707206726074e-02 2.891615219414234161e-02 9.489798918366432190e-03 4.298909753561019897e-02 3.670943900942802429e-02 8.068897575139999390e-02 4.103929176926612854e-02 4.892485961318016052e-02 2.418821305036544800e-02 5.389584600925445557e-02 1.298921555280685425e-02 2.755850367248058319e-02 1.214850600808858871e-02 9.129709005355834961e-02 4.993598535656929016e-02 2.623777650296688080e-02 1.493229717016220093e-02 3.560747206211090088e-02 2.746906876564025879e-02 3.257187455892562866e-02 1.476937439292669296e-02 2.053366042673587799e-02 5.840195342898368835e-03 2.987811714410781860e-02 4.476286843419075012e-02 2.044514380395412445e-02 2.355144545435905457e-02 2.116628549993038177e-02 4.079782962799072266e-02 3.658143430948257446e-02 4.286101832985877991e-02 5.950631201267242432e-02 2.775746164843440056e-03 4.427443444728851318e-02 1.196315977722406387e-02 5.640749633312225342e-02 2.257720753550529480e-02 6.358982063829898834e-03 1.608513295650482178e-02 1.297352556139230728e-02 4.052603617310523987e-03 1.742103253491222858e-03 1.037783641368150711e-02 8.824858814477920532e-03 1.190086547285318375e-02 3.172338381409645081e-02 1.501228846609592438e-02 4.046509787440299988e-02 6.243895273655653000e-03 1.779619418084621429e-02 1.860427111387252808e-02 4.112019389867782593e-02 3.225297480821609497e-02
3.520780708640813828e-03 3.079851623624563217e-03 4.312234930694103241e-03 5.910636857151985168e-02 1.783171668648719788e-02 3.801752626895904541e-02 3.873706981539726257e-02 3.176660509780049324e-03 3.312788531184196472e-02 5.157086253166198730e-01 2.110300958156585693e-02 4.082479700446128845e-02 2.218304574489593506e-02 5.181845277547836304e-03 2.638440206646919250e-02 3.685562685132026672e-02 9.388852864503860474e-03 4.916735365986824036e-02 4.284053668379783630e-02 1.505883410573005676e-04 1.561298128217458725e-02 1.717317290604114532e-02 4.280117899179458618e-02 7.990270853042602539e-03 8.230617269873619080e-03 5.318690463900566101e-02 2.649476286023855209e-03 5.941671319305896759e-03 2.338322810828685760e-02 4.063911736011505127e-02 5.381996277719736099e-03 1.405806373804807663e-02 1.858912222087383270e-02 1.377056911587715149e-02 1.681669428944587708e-02 1.032989006489515305e-02 1.225093472748994827e-02 4.100835695862770081e-02 4.844452254474163055e-03 1.040781196206808090e-02 5.184866487979888916e-02 8.774890447966754436e-04 7.450361736118793488e-03 2.752680517733097076e-02 3.581278026103973389e-02 4.938394948840141296e-02 1.262429449707269669e-02 8.921469561755657196e-03 1.832936890423297882e-02 3.624097630381584167e-02 5.736102536320686340e-02 2.203289791941642761e-02 3.549954295158386230e-02 4.436069354414939880e-02 4.001973941922187805e-02 5.965465307235717773e-02 2.765289507806301117e-02 1.374980201944708824e-03 6.157176569104194641e-02 5.116702243685722351e-02 5.688206758350133896e-03 4.037223756313323975e-02 4.491686075925827026e-02 8.702201768755912781e-03 3.487544134259223938e-02 2.934716828167438507e-02 2.179583767428994179e-03 5.060044303536415100e-02 3.056256473064422607e-02 1.387181691825389862e-02 4.741546139121055603e-02 7.069570128805935383e-04 2.824202738702297211e-02 1.387188211083412170e-02 2.962373942136764526e-02 3.573337942361831665e-02 4.918451607227325439e-02 7.510706037282943726e-02 1.109644025564193726e-02 6.053795665502548218e-02 3.881176188588142395e-02 3.959148004651069641e-02 2.263121493160724640e-02 4.774798080325126648e-02 6.613327190279960632e-03 2.336037531495094299e-02 3.500792011618614197e-02 3.421910514589399099e-04 3.657673299312591553e-02 2.683399990200996399e-02 1.300753094255924225e-02 1.191953290253877640e-02 2.075865631923079491e-03 2.792369946837425232e-02 1.410722266882658005e-02 1.125040813349187374e-03 3.641991317272186279e-02 3.061675652861595154e-02 6.789097096771001816e-03 3.191879019141197205e-02 6.843261420726776123e-03 8.862611837685108185e-03 3.162980079650878906e-02 5.690586194396018982e-02 2.881985902786254883e-02 3.459141298662871122e-04 2.143806964159011841e-02 1.087283622473478317e-02 1.202864106744527817e-02 6.171642616391181946e-02 4.549697507172822952e-03 4.063934087753295898e-03 2.787261642515659332e-02 4.988223314285278320e-02 1.115514244884252548e-02 6.016918271780014038e-02
1.187857612967491150e-02 2.506200782954692841e-02 1.344010420143604279e-02 1.493394002318382263e-02 1.380783040076494217e-02 1.222737040370702744e-02 3.179750218987464905e-02 2.644902467727661133e-02 6.699318531900644302e-03 2.110300958156585693e-02 5.141962766647338867e-01 2.703935652971267700e-02 1.260576695203781128e-01 5.523310974240303040e-03 4.026708379387855530e-02 3.634402528405189514e-02 8.160336874425411224e-03 3.412473946809768677e-02 1.541789714246988297e-02 1.217906549572944641e-02 4.386595636606216431e-02 1.460721157491207123e-02 4.521742090582847595e-02 3.643108531832695007e-02 3.825977444648742676e-02 3.092014044523239136e-02 2.391798421740531921e-02 3.859243541955947876e-02 7.806602865457534790e-02 2.009076764807105064e-03 4.574467241764068604e-02 3.387060388922691345e-02 7.821498438715934753e-03 2.681345492601394653e-02 1.585466228425502777e-02 4.529651999473571777e-02 4.829273745417594910e-02 4.192970320582389832e-02 1.660273596644401550e-02 1.583021134138107300e-02 6.240431219339370728e-03 4.335181787610054016e-02 4.989191517233848572e-02 1.748920604586601257e-02 3.622528165578842163e-02 3.206276148557662964e-02 8.762075006961822510e-02 6.901753693819046021e-02 1.478705927729606628e-02 2.720648422837257385e-02 2.719934843480587006e-02 4.479540511965751648e-02 1.656232029199600220e-02 1.177792903035879135e-02 3.760162368416786194e-02 4.081029817461967468e-02 2.433303045108914375e-03 3.999337553977966309e-02 1.812902279198169708e-02 3.130241483449935913e-02 4.741165041923522949e-02 3.253008471801877022e-03 7.740577217191457748e-03 2.612398937344551086e-03 1.286415159702301025e-01 1.077710092067718506e-01 4.325396567583084106e-02 1.173489447683095932e-02 8.813837543129920959e-03 2.143721096217632294e-02 8.995286189019680023e-03 1.863512024283409119e-02 2.376806549727916718e-02 2.443010918796062469e-02 1.414080429822206497e-02 3.267417475581169128e-02 2.664608322083950043e-02 3.759674727916717529e-02 2.722797542810440063e-02 6.504727061837911606e-03 4.732580855488777161e-02 2.917345240712165833e-02 2.137301926268264651e-04 3.448225930333137512e-02 2.947976114228367805e-03 2.335910312831401825e-02 5.860656499862670898e-02 1.277817599475383759e-02 2.383918873965740204e-02 1.480000000447034836e-02 6.694547086954116821e-02 2.689013257622718811e-02 5.693106353282928467e-02 4.655186459422111511e-02 1.705517247319221497e-02 1.868681982159614563e-02 1.829797402024269104e-02 4.094452783465385437e-02 1.352369319647550583e-02 3.801643103361129761e-02 4.722864180803298950e-02 4.805958271026611328e-02 2.170135267078876495e-02 4.228973761200904846e-03 6.024087592959403992e-02 6.863228627480566502e-04 1.586341299116611481e-02 2.204299531877040863e-02 2.802066691219806671e-02 2.210717648267745972e-03 2.580458857119083405e-02 3.157678619027137756e-02 2.175514027476310730e-02 1.078275777399539948e-02 3.808000311255455017e-02 3.209539502859115601e-02
8.245274424552917480e-03 2.051251567900180817e-02 4.749266058206558228e-02 1.044056564569473267e-02 6.939686718396842480e-04 6.411635130643844604e-02 8.652292937040328979e-02 5.466474220156669617e-02 2.032225765287876129e-02 4.082479700446128845e-02 2.703935652971267700e-02 5.048269629478454590e-01 4.041330888867378235e-02 1.418237686157226562e-01 5.335953086614608765e-02 4.633077606558799744e-02 1.093048718757927418e-03 2.237680926918983459e-02 4.024937376379966736e-02 2.612931281328201294e-02 2.003774791955947876e-02 3.570937365293502808e-02 7.718005031347274780e-02 5.618235468864440918e-02 3.684491850435733795e-03 3.363084048032760620e-02 4.203961789608001709e-02 4.402054473757743835e-02 2.515092305839061737e-02 6.636387854814529419e-02 3.589044883847236633e-02 4.487673752009868622e-03 2.051321975886821747e-02 3.038135915994644165e-02 2.496512793004512787e-02 3.944434598088264465e-02 4.313248768448829651e-02 1.557488460093736649e-02 4.832091927528381348e-02 3.477703779935836792e-02 8.931041695177555084e-03 5.167674645781517029e-02 2.786188386380672455e-02 7.196212187409400940e-03 1.769866421818733215e-02 5.059282854199409485e-02 7.163386791944503784e-03 5.359598621726036072e-02 4.841319099068641663e-02 2.588212117552757263e-02 3.302096202969551086e-02 3.343560174107551575e-02 5.189601331949234009e-03 1.504902821034193039e-02 4.786533489823341370e-02 2.413811907172203064e-02 6.851406651549041271e-04 4.952885955572128296e-02 1.540813688188791275e-02 2.286229282617568970e-02 9.821251966059207916e-03 1.138847041875123978e-02 3.090783208608627319e-02 2.475421130657196045e-02 2.580859884619712830e-02 4.964028298854827881e-02 1.109796017408370972e-02 7.565263658761978149e-04 1.254854258149862289e-02 5.340326204895973206e-02 3.009786643087863922e-02 2.378724701702594757e-02 4.923117812722921371e-03 2.548208832740783691e-02 3.146316483616828918e-02 3.611426427960395813e-02 3.312374278903007507e-02 2.111443690955638885e-02 8.333091624081134796e-03 4.393633082509040833e-02 5.253556743264198303e-02 2.508162334561347961e-02 4.381254315376281738e-02 3.453822061419487000e-02 4.609828442335128784e-02 7.861698046326637268e-03 6.884273141622543335e-03 3.069430589675903320e-02 3.653150051832199097e-02 1.519750896841287613e-02 3.430824726819992065e-02 1.880348287522792816e-02 7.666152901947498322e-03 1.042320206761360168e-02 1.779964938759803772e-02 6.783130113035440445e-03 2.861118502914905548e-02 3.485178202390670776e-02 3.926678327843546867e-04 3.683728864416480064e-03 4.118560627102851868e-02 2.985907718539237976e-02 5.311645101755857468e-03 2.741797082126140594e-02 1.539474353194236755e-02 4.597619920969009399e-02 2.086417749524116516e-02 1.392820943146944046e-02 2.966131828725337982e-02 3.600581735372543335e-02 5.387336388230323792e-02 4.211078584194183350e-02 1.526504755020141602e-02 1.006767060607671738e-02 1.489717327058315277e-02 4.738770052790641785e-02
3.884240239858627319e-02 7.027386873960494995e-02 3.873930871486663818e-02 8.724967017769813538e-03 8.270001038908958435e-03 4.435542970895767212e-02 6.937096267938613892e-02 1.302569359540939331e-02 1.389487273991107941e-02 2.218304574489593506e-02 1.260576695203781128e-01 4.041330888867378235e-02 5.133559107780456543e-01 1.361128501594066620e-02 1.182794943451881409e-02 3.930035233497619629e-02 3.607899695634841919e-02 2.853297442197799683e-02 1.616580784320831299e-02 4.645377025008201599e-02 4.400145635008811951e-02 3.590249642729759216e-02 3.184330090880393982e-02 4.784138128161430359e-02 4.530032724142074585e-02 1.879423111677169800e-02 1.161560788750648499e-02 1.192748639732599258e-02 3.850984200835227966e-02 1.429443992674350739e-02 5.067680031061172485e-02 5.074916407465934753e-02 8.780835196375846863e-03 3.738668560981750488e-02 6.523318123072385788e-03 2.704138308763504028e-02 5.163407884538173676e-03 5.840141698718070984e-02 2.954462170600891113e-02 1.251214416697621346e-03 2.420825883746147156e-02 2.590961195528507233e-02 2.977238409221172333e-02 8.045583963394165039e-03 2.945401892066001892e-02 2.042681165039539337e-02 9.255883097648620605e-02 8.227732777595520020e-02 6.107831839472055435e-03 1.453732792288064957e-02 2.679870277643203735e-02 3.314829617738723755e-02 4.205834865570068359e-02 2.675993368029594421e-02 7.181495893746614456e-03 1.208846736699342728e-02 1.315840147435665131e-02 2.683274634182453156e-02 3.143793717026710510e-02 5.030623450875282288e-02 4.365805163979530334e-02 9.458064101636409760e-03 6.625193636864423752e-04 1.254268269985914230e-02 9.471760690212249756e-02 8.798147737979888916e-02 2.060442045331001282e-02 2.367770299315452576e-03 4.105871170759201050e-02 1.830845698714256287e-02 2.913387306034564972e-02 5.028141289949417114e-02 3.012369200587272644e-02 9.563457220792770386e-03 8.908974006772041321e-03 4.748427867889404297e-02 3.853814303874969482e-02 6.196736916899681091e-02 2.877275645732879639e-02 1.315360888838768005e-02 1.534082181751728058e-02 2.032453566789627075e-02 2.115983143448829651e-02 1.429940015077590942e-02 3.720985725522041321e-03 5.524115264415740967e-02 5.868995934724807739e-02 3.273239359259605408e-02 4.922792688012123108e-02 1.644484000280499458e-03 3.792268782854080200e-02 3.598109632730484009e-02 4.693924635648727417e-02 5.441429838538169861e-02 3.642357885837554932e-02 1.081711161532439291e-04 4.221562761813402176e-03 1.636491902172565460e-02 3.473526611924171448e-02 3.074077703058719635e-02 1.982751861214637756e-02 3.441009297966957092e-02 3.913754597306251526e-02 3.757965564727783203e-02 2.957648597657680511e-03 3.830006346106529236e-02 3.002028912305831909e-02 3.746437653899192810e-02 4.780834913253784180e-02 1.726540364325046539e-02 2.797862514853477478e-02 1.227258797734975815e-02 9.062538854777812958e-03 6.213925313204526901e-03 5.237003788352012634e-02 1.941069960594177246e-02
