5.015589594841003418e-01 1.869790256023406982e-01 3.388958424329757690e-02 8.142500184476375580e-03 3.186657279729843140e-02 9.346789866685867310e-02 5.552678927779197693e-02 1.846138574182987213e-02 1.763544604182243347e-02 3.968608006834983826e-02 1.951093524694442749e-01 6.746592000126838684e-03 6.876743584871292114e-02 3.204415366053581238e-02 1.957394182682037354e-03 2.493498474359512329e-02 2.835815586149692535e-02 4.013380780816078186e-02 3.208533301949501038e-02 5.175514379516243935e-04 2.822556707542389631e-04 4.100447986274957657e-03 2.590442635118961334e-02 3.968492150306701660e-03 1.460682787001132965e-02 1.310016680508852005e-02 4.361314699053764343e-02 3.337628766894340515e-02 2.039982005953788757e-02 4.199906717985868454e-03 1.098249386996030807e-02 3.535022959113121033e-02 1.496260892599821091e-02 2.016778849065303802e-02 2.304047904908657074e-02 3.688441589474678040e-02 1.609012670814990997e-02 6.550111342221498489e-03 4.296152293682098389e-02 3.917291387915611267e-02 7.766627706587314606e-03 3.366265073418617249e-02 3.171041235327720642e-02 1.792891882359981537e-03 2.205650880932807922e-02 3.380028298124670982e-03 1.897304691374301910e-02 2.684613503515720367e-02 4.621000029146671295e-03 1.851935870945453644e-02 1.078545930795371532e-03 1.771265454590320587e-02 3.541439026594161987e-02 5.009109620004892349e-03 3.767360374331474304e-02 4.965350404381752014e-02 3.095813095569610596e-02 3.654076159000396729e-02 1.652022264897823334e-02 3.692078217864036560e-02 5.180188920348882675e-03 3.497308865189552307e-02 1.398086547851562500e-02 2.249761857092380524e-02 1.364903245121240616e-02 1.463755685836076736e-02 2.096099546179175377e-03 7.253530435264110565e-03 1.348645519465208054e-02 3.108600154519081116e-02 3.806406259536743164e-02 1.168435625731945038e-02 1.845940575003623962e-02 4.156644921749830246e-03 1.975339092314243317e-02 1.483304309658706188e-03 1.983978599309921265e-02 3.880965337157249451e-02 1.429990585893392563e-02 1.038793567568063736e-02 3.764323890209197998e-02 2.141961455345153809e-02 1.132521196268498898e-03 1.317177526652812958e-02 1.639472320675849915e-02 3.623221442103385925e-02 1.032739039510488510e-02 3.430894389748573303e-02 3.498299792408943176e-02 4.626668989658355713e-03 2.859245985746383667e-02 2.080607227981090546e-02 3.854038938879966736e-02 4.735014215111732483e-02 6.429722160100936890e-02 2.364707924425601959e-02 2.936386130750179291e-02 1.743745617568492889e-02 1.028004754334688187e-02 3.070124983787536621e-02 1.427937112748622894e-02 2.590076066553592682e-02 1.621412858366966248e-02 3.679333254694938660e-02 3.080581314861774445e-02 4.446005821228027344e-02 4.108454659581184387e-02 4.685041308403015137e-02 8.562105707824230194e-03 1.658292673528194427e-02 3.617391455918550491e-03 3.714109584689140320e-02 3.590887412428855896e-03 1.442456711083650589e-02 5.369311198592185974e-02 0.000000000000000000e+00
1.869790256023406982e-01 5.093356370925903320e-01 3.300776705145835876e-02 5.770472809672355652e-02 4.738414660096168518e-02 6.110405921936035156e-02 1.290147602558135986e-01 2.654460631310939789e-02 2.711877785623073578e-02 2.926104143261909485e-02 6.504419445991516113e-02 6.139547098428010941e-03 7.876556366682052612e-02 4.606280848383903503e-02 1.584139838814735413e-02 1.511973794549703598e-02 2.987762540578842163e-02 1.538252457976341248e-02 5.011730268597602844e-02 2.442260971292853355e-03 5.897934082895517349e-03 2.639937028288841248e-02 2.538192085921764374e-03 9.771658806130290031e-04 2.242607623338699341e-02 4.148114821873605251e-04 4.034955799579620361e-02 4.279368743300437927e-02 2.609619498252868652e-02 3.656673803925514221e-02 2.629295364022254944e-02 1.997626200318336487e-02 2.503347583115100861e-02 1.081027742475271225e-02 2.544141560792922974e-02 1.750035025179386139e-02 2.812814339995384216e-02 2.816100418567657471e-02 6.175285950303077698e-02 3.628949448466300964e-02 3.287795931100845337e-02 1.801773533225059509e-02 3.756244108080863953e-02 3.990220651030540466e-02 2.770502306520938873e-02 1.403253898024559021e-02 1.298915408551692963e-02 3.824225394055247307e-03 1.094380160793662071e-03 1.893900707364082336e-02 3.426586044952273369e-03 2.142609283328056335e-02 2.451120130717754364e-02 3.106341138482093811e-02 1.341747492551803589e-02 1.624084077775478363e-02 2.413821592926979065e-02 1.368412561714649200e-02 1.029805745929479599e-02 3.649993240833282471e-02 2.784612774848937988e-02 2.427560836076736450e-02 2.929639071226119995e-02 4.745357856154441833e-02 4.643346369266510010e-02 2.910728938877582550e-02 1.417140476405620575e-03 3.021560376510024071e-03 1.377928303554654121e-03 4.750047251582145691e-02 1.931998319923877716e-02 5.458794534206390381e-03 2.122959308326244354e-02 4.880296066403388977e-03 3.471620008349418640e-02 4.035609215497970581e-02 4.939144104719161987e-02 2.987141720950603485e-02 3.812532639130949974e-03 1.199377002194523811e-03 3.323637694120407104e-02 3.372579813003540039e-02 1.140752248466014862e-02 1.390459574759006500e-02 7.696862798184156418e-03 4.119257256388664246e-02 2.572410553693771362e-02 9.122200310230255127e-03 4.611684754490852356e-02 3.148478269577026367e-02 3.935083001852035522e-02 2.486169897019863129e-02 3.789789229631423950e-02 4.818661883473396301e-02 3.053797967731952667e-02 1.302020624279975891e-02 2.597614377737045288e-02 7.834123447537422180e-03 6.718879565596580505e-03 2.643739990890026093e-02 4.908500239253044128e-03 3.081077523529529572e-02 1.354664936661720276e-02 4.976185411214828491e-02 2.295082667842507362e-03 3.396835923194885254e-02 3.393197804689407349e-02 2.614233642816543579e-02 2.994851209223270416e-02 9.818414226174354553e-03 1.126593630760908127e-02 2.081318013370037079e-02 4.033514857292175293e-02 8.172525092959403992e-03 1.061246544122695923e-02 0.000000000000000000e+00
3.388958424329757690e-02 3.300776705145835876e-02 5.185195207595825195e-01 1.967132650315761566e-02 3.404119983315467834e-02 4.314290732145309448e-02 1.530472934246063232e-02 1.227334439754486084e-01 4.042841494083404541e-02 3.458939120173454285e-02 3.344790264964103699e-02 3.455777838826179504e-02 7.170345634222030640e-02 4.175732284784317017e-02 8.961251378059387207e-02 4.890508949756622314e-02 3.987161442637443542e-02 4.930615797638893127e-02 4.015374556183815002e-02 9.004545398056507111e-03 7.942290045320987701e-03 3.384865075349807739e-02 2.166831307113170624e-02 1.347251888364553452e-02 3.228719159960746765e-02 6.912535522133111954e-03 6.328733265399932861e-02 2.173140458762645721e-02 7.512270007282495499e-03 2.228846773505210876e-02 1.688415370881557465e-02 6.677951663732528687e-03 3.037195466458797455e-02 6.168984109535813332e-04 3.816303610801696777e-02 4.632685706019401550e-02 4.360103979706764221e-02 6.743435561656951904e-02 1.843970641493797302e-02 1.188094913959503174e-02 3.342735022306442261e-02 1.105572190135717392e-02 2.293527591973543167e-03 1.396612524986267090e-01 2.648651972413063049e-02 3.791723772883415222e-02 5.545593425631523132e-02 5.558720603585243225e-02 3.815501183271408081e-02 2.736620604991912842e-02 3.342941775918006897e-02 3.628773987293243408e-02 7.139655295759439468e-03 1.673726923763751984e-02 4.804908856749534607e-02 1.602488569915294647e-02 3.230663761496543884e-02 4.411121085286140442e-02 3.069664118811488152e-03 2.819696255028247833e-02 3.396689891815185547e-02 5.847529042512178421e-03 2.984038367867469788e-02 4.182516410946846008e-02 3.598001599311828613e-02 2.341445721685886383e-02 4.235471412539482117e-02 3.973786905407905579e-02 3.683139011263847351e-02 2.085246145725250244e-02 2.680997364223003387e-02 3.372429311275482178e-02 1.726636849343776703e-02 3.859988600015640259e-02 6.127834785729646683e-03 2.374894171953201294e-02 3.299803286790847778e-02 3.588526323437690735e-02 3.096381388604640961e-02 4.512336105108261108e-02 1.028093770146369934e-01 4.970783367753028870e-02 3.026634082198143005e-02 4.712824523448944092e-02 2.443679794669151306e-02 5.778209865093231201e-02 6.669518351554870605e-02 3.434943035244941711e-02 3.299400955438613892e-02 3.379935026168823242e-02 5.462660640478134155e-02 1.442022994160652161e-02 3.240118920803070068e-02 1.228779181838035583e-02 4.826209321618080139e-02 2.374784648418426514e-02 2.732168696820735931e-02 9.411143139004707336e-03 2.564211562275886536e-02 3.795472905039787292e-02 3.527220711112022400e-02 8.301967382431030273e-02 2.916203066706657410e-02 4.423832520842552185e-02 3.470406634733080864e-03 1.913804002106189728e-02 2.850848063826560974e-02 2.080414630472660065e-02 4.815183207392692566e-02 5.256473645567893982e-02 3.975963220000267029e-02 4.249055311083793640e-02 2.464423514902591705e-02 5.955637991428375244e-02 1.781189814209938049e-02 0.000000000000000000e+00
8.142500184476375580e-03 5.770472809672355652e-02 1.967132650315761566e-02 5.185492038726806641e-01 1.089834570884704590e-01 2.373464033007621765e-02 3.177698329091072083e-02 1.992788724601268768e-02 2.245531976222991943e-02 8.254847489297389984e-03 3.422997146844863892e-02 2.051676064729690552e-02 1.406745053827762604e-02 1.294611254706978798e-03 2.185127697885036469e-02 1.895811036229133606e-02 5.428637377917766571e-03 1.354799605906009674e-02 3.848954290151596069e-02 4.548253864049911499e-02 2.619433030486106873e-02 3.276382386684417725e-02 4.930151626467704773e-02 5.555348843336105347e-02 3.003797959536314011e-03 3.351972671225667000e-03 3.520118072628974915e-02 2.641113242134451866e-03 8.856636704877018929e-04 2.312600845471024513e-03 1.127098966389894485e-02 3.051943331956863403e-02 3.789099864661693573e-04 1.967088133096694946e-02 1.950185373425483704e-02 1.716538704931735992e-02 4.326262325048446655e-02 2.884892933070659637e-02 8.955285698175430298e-02 6.071787327527999878e-02 1.571383140981197357e-02 2.088049799203872681e-02 5.823514889925718307e-03 1.710961759090423584e-02 9.266962297260761261e-03 1.325666531920433044e-02 3.012345358729362488e-02 1.397397462278604507e-02 2.718767896294593811e-02 3.089546971023082733e-02 2.012159489095211029e-02 2.431060932576656342e-02 3.636809438467025757e-02 5.670146644115447998e-02 4.675944522023200989e-02 1.996679604053497314e-02 3.132315725088119507e-02 5.553869996219873428e-03 1.789182424545288086e-02 2.694277651607990265e-02 4.734053462743759155e-02 4.265047144144773483e-03 1.279616821557283401e-02 2.105952054262161255e-02 1.806339062750339508e-02 8.209613151848316193e-04 3.690226003527641296e-02 4.724527522921562195e-02 4.612470977008342743e-03 2.907686308026313782e-02 2.618141099810600281e-02 2.181798778474330902e-02 1.202066242694854736e-01 3.449141606688499451e-02 9.697168320417404175e-02 8.923363871872425079e-03 5.077581107616424561e-02 4.740619100630283356e-03 4.428456351161003113e-02 3.200905770063400269e-02 3.532174602150917053e-02 1.872020773589611053e-02 3.570353239774703979e-02 1.542192138731479645e-02 2.385981753468513489e-02 2.732099592685699463e-02 1.593601889908313751e-02 4.570816829800605774e-02 7.267842069268226624e-03 3.147650510072708130e-02 3.194462880492210388e-02 5.327095463871955872e-02 3.947832807898521423e-02 1.453631371259689331e-02 9.169319644570350647e-03 1.236538402736186981e-02 4.257135093212127686e-02 4.806771501898765564e-02 2.719924412667751312e-02 4.655114933848381042e-02 1.672288961708545685e-02 3.076400980353355408e-02 1.343204826116561890e-02 1.704574935138225555e-02 3.773819282650947571e-02 1.834887079894542694e-02 4.259079694747924805e-03 9.676142595708370209e-03 1.929750107228755951e-02 2.392730861902236938e-02 9.648314677178859711e-03 2.857798710465431213e-02 2.862356230616569519e-02 3.418919071555137634e-02 3.052161261439323425e-02 0.000000000000000000e+00
3.186657279729843140e-02 4.738414660096168518e-02 3.404119983315467834e-02 1.089834570884704590e-01 5.165498256683349609e-01 3.509080782532691956e-02 1.376894582062959671e-02 1.843846030533313751e-02 2.891170047223567963e-02 5.265956372022628784e-02 3.670824691653251648e-03 2.324898727238178253e-02 1.077590603381395340e-02 2.771936729550361633e-02 7.696988992393016815e-03 1.256287097930908203e-02 4.383688792586326599e-03 3.278986085206270218e-03 7.242998480796813965e-02 3.931151330471038818e-02 1.315819448791444302e-03 4.498400539159774780e-02 3.894378244876861572e-02 3.563027083873748779e-02 9.924103505909442902e-03 2.510240674018859863e-02 3.602625429630279541e-02 2.341628633439540863e-02 1.094735227525234222e-02 2.547972090542316437e-02 2.672049589455127716e-02 4.970449954271316528e-03 2.089702989906072617e-03 2.754606306552886963e-02 3.769299760460853577e-02 4.711233451962471008e-02 5.393457412719726562e-02 2.123795682564377785e-03 5.987913534045219421e-02 1.084583178162574768e-01 3.080811724066734314e-02 3.147280961275100708e-02 3.709675371646881104e-02 1.559222582727670670e-02 6.137599796056747437e-02 9.164137765765190125e-03 4.564455151557922363e-02 1.410648133605718613e-02 2.130351588129997253e-02 2.749196067452430725e-02 3.601619601249694824e-02 3.990939259529113770e-02 1.432498451322317123e-02 3.435717150568962097e-02 4.300589486956596375e-02 8.404022082686424255e-03 8.707655593752861023e-03 9.840548736974596977e-04 5.147864297032356262e-02 2.441774681210517883e-02 2.963941171765327454e-02 4.261171445250511169e-02 9.162778034806251526e-03 5.039240233600139618e-03 3.607154265046119690e-02 6.225802004337310791e-03 6.373650394380092621e-03 1.861750148236751556e-03 8.458046242594718933e-03 2.614934742450714111e-02 6.936089135706424713e-03 3.003786876797676086e-02 7.426171749830245972e-02 1.946846581995487213e-02 8.797524124383926392e-02 3.411395475268363953e-02 3.707014396786689758e-02 1.422999333590269089e-02 3.633858636021614075e-02 1.227038097567856312e-03 4.701379314064979553e-02 1.224967557936906815e-02 3.616639226675033569e-02 3.379834815859794617e-02 7.649673148989677429e-03 3.226244449615478516e-02 1.535375881940126419e-02 3.155381232500076294e-02 3.541607409715652466e-02 3.592708706855773926e-02 2.246132679283618927e-02 2.554620243608951569e-02 3.325400501489639282e-02 4.468372091650962830e-02 2.604292891919612885e-02 1.084409002214670181e-02 3.648588061332702637e-02 3.831221163272857666e-02 3.482730686664581299e-02 2.741326577961444855e-02 1.058868318796157837e-02 5.369881168007850647e-03 4.222524538636207581e-02 3.708877786993980408e-02 1.514368969947099686e-02 4.003107920289039612e-02 3.528082976117730141e-03 8.031479083001613617e-03 1.761010661721229553e-02 2.366875484585762024e-02 3.551576286554336548e-02 5.101934075355529785e-03 9.523618035018444061e-03 2.766892127692699432e-02 3.627935051918029785e-02 0.000000000000000000e+00
9.346789866685867310e-02 6.110405921936035156e-02 4.314290732145309448e-02 2.373464033007621765e-02 3.509080782532691956e-02 5.118291378021240234e-01 1.823655217885971069e-01 1.012404356151819229e-02 5.153083056211471558e-02 1.221121009439229965e-02 2.014917694032192230e-02 9.274133294820785522e-02 3.339762799441814423e-03 1.043680235743522644e-01 1.553480606526136398e-02 5.719507578760385513e-03 1.020790477923583239e-05 4.767778515815734863e-02 4.756097123026847839e-02 4.770132899284362793e-02 2.700389176607131958e-02 1.919296383857727051e-02 7.567244116216897964e-03 1.846314221620559692e-02 8.333173580467700958e-03 3.514414653182029724e-02 1.385606080293655396e-02 4.668918251991271973e-02 1.199743375182151794e-01 7.072331011295318604e-02 7.438342273235321045e-02 2.021933160722255707e-02 3.852342441678047180e-02 3.284482657909393311e-02 4.242821782827377319e-02 2.767267823219299316e-02 1.142609107773751020e-04 2.011557668447494507e-02 4.479194059967994690e-03 4.195796791464090347e-03 1.169920619577169418e-02 4.813025146722793579e-02 4.227587580680847168e-02 1.283733919262886047e-02 2.987054921686649323e-02 5.381781980395317078e-02 7.820216938853263855e-03 2.538699656724929810e-03 3.390526771545410156e-02 3.027781844139099121e-03 1.615412905812263489e-02 9.486738708801567554e-04 5.335496738553047180e-02 3.110107034444808960e-02 3.633596003055572510e-02 2.307809144258499146e-02 8.094111457467079163e-03 5.429921299219131470e-02 2.979562617838382721e-02 1.371257752180099487e-02 1.662873290479183197e-02 2.561773359775543213e-02 1.970704644918441772e-03 1.445994013920426369e-03 1.327236648648977280e-02 1.106463652104139328e-02 2.108701132237911224e-02 2.918170019984245300e-02 2.020082622766494751e-02 1.782965846359729767e-02 3.820222616195678711e-02 2.967505715787410736e-02 2.205261401832103729e-02 1.587182655930519104e-02 1.022273581475019455e-02 4.262525215744972229e-02 2.843003720045089722e-02 1.224733050912618637e-02 8.983307331800460815e-02 4.424123466014862061e-02 4.609549045562744141e-02 3.208771720528602600e-02 5.834228824824094772e-03 3.756218403577804565e-02 1.697462610900402069e-02 3.720982745289802551e-02 2.670217491686344147e-02 2.325038658455014229e-03 3.054311964660882950e-03 2.040142379701137543e-02 3.482218459248542786e-02 3.289799764752388000e-02 6.648557633161544800e-02 5.734953656792640686e-02 2.337452396750450134e-02 1.194162014871835709e-02 2.646565623581409454e-02 4.752928763628005981e-02 1.056850422173738480e-02 2.176132239401340485e-02 1.634325459599494934e-02 1.100585423409938812e-02 1.643647998571395874e-02 2.741991356015205383e-02 4.664467647671699524e-02 2.703005447983741760e-02 1.200089324265718460e-02 2.120918966829776764e-02 3.109957277774810791e-02 3.741070628166198730e-03 3.136145696043968201e-02 5.510866641998291016e-03 2.915094606578350067e-02 3.007884137332439423e-02 2.099819108843803406e-02 0.000000000000000000e+00
5.552678927779197693e-02 1.290147602558135986e-01 1.530472934246063232e-02 3.177698329091072083e-02 1.376894582062959671e-02 1.823655217885971069e-01 5.057687759399414062e-01 5.111232027411460876e-02 4.742199927568435669e-02 3.876451775431632996e-02 2.651228755712509155e-02 1.229260582476854324e-02 1.500813476741313934e-02 5.131547525525093079e-02 5.516573041677474976e-02 1.052481215447187424e-02 1.134065445512533188e-02 1.417659036815166473e-02 3.949713706970214844e-02 2.983134239912033081e-02 3.360918164253234863e-02 6.936811376363039017e-03 3.405318781733512878e-02 1.256438717246055603e-02 3.288775682449340820e-02 2.810665592551231384e-02 6.117473822087049484e-03 3.464509546756744385e-02 1.911575719714164734e-02 8.194942027330398560e-02 4.734096582978963852e-03 3.009644523262977600e-02 4.874544218182563782e-02 1.883096620440483093e-02 1.965807750821113586e-02 1.343198306858539581e-02 2.925231494009494781e-02 3.466967865824699402e-02 1.936477981507778168e-02 2.403014339506626129e-02 5.108805000782012939e-02 6.675321608781814575e-02 8.808394894003868103e-03 8.394933491945266724e-02 1.285353675484657288e-02 2.609055861830711365e-02 7.156673073768615723e-02 5.703984200954437256e-02 4.961606580764055252e-03 3.558461740612983704e-02 2.793037705123424530e-02 3.599975258111953735e-02 1.657531224191188812e-02 1.163402665406465530e-02 3.084721975028514862e-02 7.319952361285686493e-03 7.368877064436674118e-03 4.559955559670925140e-03 2.295699156820774078e-02 4.884780198335647583e-02 3.948678076267242432e-02 1.835092902183532715e-02 3.376882895827293396e-02 5.630285479128360748e-03 1.996338833123445511e-03 2.139759063720703125e-02 4.414001107215881348e-02 4.265389963984489441e-02 5.171262193471193314e-03 4.301839694380760193e-02 2.798337023705244064e-03 2.195482514798641205e-02 1.286739599891006947e-03 1.426142174750566483e-02 3.361222147941589355e-02 3.245214000344276428e-02 8.609602227807044983e-03 1.385247241705656052e-02 1.642300561070442200e-02 6.672506686300039291e-03 3.488345444202423096e-02 3.835475444793701172e-02 3.580841422080993652e-02 1.389356236904859543e-02 4.125859588384628296e-02 5.449211224913597107e-03 2.895963191986083984e-02 9.069774299860000610e-03 2.063979767262935638e-02 2.408158616162836552e-04 3.928761929273605347e-02 4.919076710939407349e-02 4.395879060029983521e-02 3.738193586468696594e-02 6.061869207769632339e-03 3.205277724191546440e-03 1.963443122804164886e-02 2.776095643639564514e-02 3.136654570698738098e-02 9.938253089785575867e-03 2.003178233280777931e-03 6.824335083365440369e-03 2.521188370883464813e-02 2.665705978870391846e-02 8.465731516480445862e-03 2.473697625100612640e-02 1.736329868435859680e-02 2.937890775501728058e-02 1.437588501721620560e-02 3.742904961109161377e-02 2.592549286782741547e-02 2.986974827945232391e-02 3.257492557168006897e-02 3.213013289496302605e-03 2.225639671087265015e-02 0.000000000000000000e+00
1.846138574182987213e-02 2.654460631310939789e-02 1.227334439754486084e-01 1.992788724601268768e-02 1.843846030533313751e-02 1.012404356151819229e-02 5.111232027411460876e-02 5.078841447830200195e-01 1.314527448266744614e-02 3.638682514429092407e-02 5.175597593188285828e-02 2.431484498083591461e-02 4.546296969056129456e-02 1.098229549825191498e-02 1.832111775875091553e-01 4.316023737192153931e-02 4.567189142107963562e-02 9.384198114275932312e-03 4.313282668590545654e-02 3.838968649506568909e-02 1.179211121052503586e-02 5.116835236549377441e-03 1.586006209254264832e-02 8.666354231536388397e-03 2.052408084273338318e-02 8.929478004574775696e-03 1.053808256983757019e-02 5.494221113622188568e-03 1.404512766748666763e-02 1.219585072249174118e-02 1.212874520570039749e-02 8.501065894961357117e-03 3.715566918253898621e-02 1.180371455848217010e-02 8.494096808135509491e-03 8.047358132898807526e-03 8.680437691509723663e-03 1.772979507222771645e-03 8.409216068685054779e-03 1.846840046346187592e-02 2.848858572542667389e-02 1.248604338616132736e-02 8.281506597995758057e-03 7.971474528312683105e-02 1.419615186750888824e-02 3.498920053243637085e-02 7.507796399295330048e-03 8.886668365448713303e-04 3.204034268856048584e-02 2.816155552864074707e-02 2.032312005758285522e-02 4.378019273281097412e-02 2.771631255745887756e-02 1.934983022511005402e-02 1.593181677162647247e-02 3.541876748204231262e-02 1.254914142191410065e-02 5.310057662427425385e-03 2.705438807606697083e-02 1.619054377079010010e-02 3.931655734777450562e-02 1.839232631027698517e-02 1.275493856519460678e-02 2.078485302627086639e-02 2.375307492911815643e-02 5.101599171757698059e-02 4.305452480912208557e-02 2.996672876179218292e-02 4.844836890697479248e-02 4.681269079446792603e-02 5.083760991692543030e-02 4.634343832731246948e-02 2.888032793998718262e-02 2.759296447038650513e-02 1.318842917680740356e-02 1.603978313505649567e-02 7.781773805618286133e-03 1.623631082475185394e-02 4.181053116917610168e-02 4.050418734550476074e-02 8.191321045160293579e-02 2.869149111211299896e-02 1.844808273017406464e-02 8.343156427145004272e-03 5.424378905445337296e-03 8.137152343988418579e-02 8.553627878427505493e-02 3.457850962877273560e-02 1.316118333488702774e-02 3.624840453267097473e-02 4.728773608803749084e-02 5.435057356953620911e-02 3.491161763668060303e-02 5.314594507217407227e-02 2.693773806095123291e-02 1.704477891325950623e-02 8.651204407215118408e-03 3.268380090594291687e-02 4.903710633516311646e-02 2.332302741706371307e-02 2.666902169585227966e-02 8.863911032676696777e-03 2.321060001850128174e-02 1.496613491326570511e-02 1.775272376835346222e-02 3.651612624526023865e-02 1.639836467802524567e-02 3.468637540936470032e-02 4.083610139787197113e-03 7.486278563737869263e-02 5.118011310696601868e-02 5.863870307803153992e-02 6.844431906938552856e-02 4.555247351527214050e-02 9.076362103223800659e-02 0.000000000000000000e+00
1.763544604182243347e-02 2.711877785623073578e-02 4.042841494083404541e-02 2.245531976222991943e-02 2.891170047223567963e-02 5.153083056211471558e-02 4.742199927568435669e-02 1.314527448266744614e-02 5.285682082176208496e-01 7.366379350423812866e-02 1.526765339076519012e-02 2.213917486369609833e-02 2.274476550519466400e-02 4.217899590730667114e-02 2.317195385694503784e-02 2.423224784433841705e-02 2.155931107699871063e-02 1.438261661678552628e-02 5.615894868969917297e-02 1.284806872718036175e-03 5.927667953073978424e-03 8.619487285614013672e-03 2.408553101122379303e-02 3.136716783046722412e-02 1.473408564925193787e-02 3.012592159211635590e-02 8.194141089916229248e-03 5.284003447741270065e-03 2.554485760629177094e-02 1.267764158546924591e-02 2.251956611871719360e-03 5.257923039607703686e-04 2.896014228463172913e-02 3.713008016347885132e-03 4.129982739686965942e-02 1.707841060124337673e-03 2.417697943747043610e-02 4.668083973228931427e-03 4.964592680335044861e-02 5.225330963730812073e-02 4.518714733421802521e-03 3.746020793914794922e-02 2.342905849218368530e-02 2.209253422915935516e-02 4.200454056262969971e-02 1.616166904568672180e-02 1.420430466532707214e-02 4.491199180483818054e-02 2.442265395075082779e-03 1.834492012858390808e-02 1.251717656850814819e-02 6.168375723063945770e-03 2.892738766968250275e-02 2.675409242510795593e-02 1.856785453855991364e-02 4.649715498089790344e-03 3.070268034934997559e-02 2.098730998113751411e-03 9.989209473133087158e-03 4.387997090816497803e-02 3.981368616223335266e-02 1.130185835063457489e-02 1.559724379330873489e-02 4.539703577756881714e-02 1.981317810714244843e-02 5.360284447669982910e-02 2.301530912518501282e-02 1.999093405902385712e-02 2.036938816308975220e-02 1.961956440936774015e-04 1.870961487293243408e-02 2.359043434262275696e-02 3.184640035033226013e-02 5.187260452657938004e-03 2.654360048472881317e-02 7.208513561636209488e-03 8.150129765272140503e-02 9.511206299066543579e-02 4.469407349824905396e-02 3.390055894851684570e-02 1.395785133354365826e-03 1.796793006360530853e-02 1.057889405637979507e-02 5.085070617496967316e-03 1.965416409075260162e-02 1.238904520869255066e-02 3.847489133477210999e-03 1.071115396916866302e-02 5.242368206381797791e-03 2.805326320230960846e-02 2.240291237831115723e-02 8.854899206198751926e-04 1.824335567653179169e-02 7.856522686779499054e-03 1.552652847021818161e-02 2.718337066471576691e-02 2.354655601084232330e-02 2.650015428662300110e-02 3.882369026541709900e-02 2.407632395625114441e-02 5.990026984363794327e-03 3.287629410624504089e-02 9.875898249447345734e-03 1.046067848801612854e-02 4.123186692595481873e-02 3.126152604818344116e-02 5.330691114068031311e-02 2.238014340400695801e-02 5.034176632761955261e-02 1.987163705052807927e-05 2.591032534837722778e-02 1.650042273104190826e-02 1.263539493083953857e-02 5.104511976242065430e-02 3.454363346099853516e-02 0.000000000000000000e+00
3.968608006834983826e-02 2.926104143261909485e-02 3.458939120173454285e-02 8.254847489297389984e-03 5.265956372022628784e-02 1.221121009439229965e-02 3.876451775431632996e-02 3.638682514429092407e-02 7.366379350423812866e-02 5.292990803718566895e-01 2.923166379332542419e-02 3.241517394781112671e-02 2.428830601274967194e-02 2.917800657451152802e-02 2.144518494606018066e-02 1.006529480218887329e-02 8.840151131153106689e-04 1.440239325165748596e-02 2.361770160496234894e-02 1.169986836612224579e-02 1.312988158315420151e-02 5.361516494303941727e-03 6.309273652732372284e-03 4.025436192750930786e-02 3.107349202036857605e-02 1.618739776313304901e-02 4.854724742472171783e-03 4.548288881778717041e-02 3.622840717434883118e-02 4.686422646045684814e-02 3.387703746557235718e-02 3.385946387425065041e-03 3.739802166819572449e-02 2.033277414739131927e-02 3.916520159691572189e-03 1.353119220584630966e-02 1.300986111164093018e-02 1.849775575101375580e-02 1.628489792346954346e-02 5.126135796308517456e-02 3.559796512126922607e-02 8.538971655070781708e-03 5.752358213067054749e-02 3.970545157790184021e-02 7.153085432946681976e-03 5.547942593693733215e-02 1.743138208985328674e-02 2.133576665073633194e-03 1.396513893269002438e-03 9.245850145816802979e-02 5.661233514547348022e-02 4.629584401845932007e-02 4.888842627406120300e-02 4.629358649253845215e-02 2.448173053562641144e-02 5.149932205677032471e-02 4.708682000637054443e-02 2.601695246994495392e-02 6.032195407897233963e-03 2.670024707913398743e-02 4.316648468375205994e-02 4.263471812009811401e-02 9.509067051112651825e-03 2.142189443111419678e-02 4.048833623528480530e-02 4.240278899669647217e-02 1.405162550508975983e-02 3.147293580695986748e-03 2.082468941807746887e-02 2.555825747549533844e-02 4.719903692603111267e-02 1.359332166612148285e-02 3.688850253820419312e-02 2.143361978232860565e-02 5.329322814941406250e-02 1.105488277971744537e-02 1.654670014977455139e-02 1.065405756235122681e-01 3.928517550230026245e-02 1.212648078799247742e-01 6.560171488672494888e-03 5.894991103559732437e-03 1.113417185842990875e-02 4.638314619660377502e-02 7.386005949229001999e-03 6.383037567138671875e-02 2.124663069844245911e-02 3.340905765071511269e-03 2.610952593386173248e-02 5.847110599279403687e-02 2.169950678944587708e-02 6.571655627340078354e-03 1.643182709813117981e-02 1.057145372033119202e-02 2.173764444887638092e-02 1.153889205306768417e-02 3.631045296788215637e-02 2.233924902975559235e-02 2.449198253452777863e-02 4.481825232505798340e-02 8.697540499269962311e-03 4.757637903094291687e-02 1.478892844170331955e-02 2.495525218546390533e-02 4.300295189023017883e-02 4.141066968441009521e-02 1.802293956279754639e-02 1.940716616809368134e-02 6.965235807001590729e-03 1.383740361779928207e-02 9.699038229882717133e-03 3.960296511650085449e-02 5.297978874295949936e-03 1.024796441197395325e-02 8.003864437341690063e-03 0.000000000000000000e+00
1.951093524694442749e-01 6.504419445991516113e-02 3.344790264964103699e-02 3.422997146844863892e-02 3.670824691653251648e-03 2.014917694032192230e-02 2.651228755712509155e-02 5.175597593188285828e-02 1.526765339076519012e-02 2.923166379332542419e-02 5.033744573593139648e-01 3.842871263623237610e-02 1.313978135585784912e-01 3.278386220335960388e-02 4.953629523515701294e-02 2.296359837055206299e-02 1.311535295099020004e-02 4.170054569840431213e-02 4.048351198434829712e-02 1.331589277833700180e-02 4.173202905803918839e-03 7.102941628545522690e-03 1.208199001848697662e-02 1.303584221750497818e-02 2.096560597419738770e-02 1.881964877247810364e-02 2.968623302876949310e-02 6.123955827206373215e-03 2.847324311733245850e-02 3.139914572238922119e-02 1.066998671740293503e-02 1.300943922251462936e-02 3.034406527876853943e-02 4.329024348407983780e-03 3.449749574065208435e-02 4.761627316474914551e-02 5.035860463976860046e-02 3.062750212848186493e-02 4.756126087158918381e-03 2.621205709874629974e-02 2.658856473863124847e-02 1.089302264153957367e-02 1.155948732048273087e-02 1.285304874181747437e-02 2.760430984199047089e-02 2.017510309815406799e-02 4.611417651176452637e-02 7.043249206617474556e-04 9.553827345371246338e-03 3.311823308467864990e-02 3.318282961845397949e-02 2.953755483031272888e-02 8.167495951056480408e-03 3.109647147357463837e-02 3.255527839064598083e-02 3.512753918766975403e-02 3.201403096318244934e-02 3.217798098921775818e-02 1.823116466403007507e-02 2.497304044663906097e-02 2.781018614768981934e-02 2.790110185742378235e-02 1.940618455410003662e-02 3.694953396916389465e-02 7.385975122451782227e-02 5.442646518349647522e-02 4.362994432449340820e-02 2.815662696957588196e-02 2.412442304193973541e-02 4.146663413848727942e-04 3.013972006738185883e-02 6.404276005923748016e-03 1.313788071274757385e-02 1.805914379656314850e-02 2.404578402638435364e-02 4.708954691886901855e-02 2.408331632614135742e-02 3.604128956794738770e-02 1.337051950395107269e-02 3.662879019975662231e-02 6.205203942954540253e-03 1.090648234821856022e-03 3.215092793107032776e-02 3.559272736310958862e-02 3.804938867688179016e-02 2.979995682835578918e-02 4.702989757061004639e-02 2.177494764328002930e-02 1.326736714690923691e-02 8.826756849884986877e-03 4.473643004894256592e-02 1.652813702821731567e-02 1.699875295162200928e-02 2.030873112380504608e-02 2.522957045584917068e-03 6.545321084558963776e-03 3.922273591160774231e-02 2.446048334240913391e-02 2.885344810783863068e-02 2.856887411326169968e-03 6.778824143111705780e-03 2.763015404343605042e-02 1.528148655779659748e-03 1.262640114873647690e-02 1.454820763319730759e-02 5.390473641455173492e-03 2.436173148453235626e-02 1.689083874225616455e-02 3.988566994667053223e-02 8.174637332558631897e-03 6.745761726051568985e-03 2.134018391370773315e-02 9.314645081758499146e-03 5.798470228910446167e-03 4.700679704546928406e-02 0.000000000000000000e+00
6.746592000126838684e-03 6.139547098428010941e-03 3.455777838826179504e-02 2.051676064729690552e-02 2.324898727238178253e-02 9.274133294820785522e-02 1.229260582476854324e-02 2.431484498083591461e-02 2.213917486369609833e-02 3.241517394781112671e-02 3.842871263623237610e-02 5.159163475036621094e-01 2.290764637291431427e-02 1.683225035667419434e-01 4.921378567814826965e-02 3.804366104304790497e-03 1.171969249844551086e-02 3.989976271986961365e-02 2.724516578018665314e-02 5.357643589377403259e-03 2.240691334009170532e-02 7.284875609911978245e-04 2.734379842877388000e-02 1.617443934082984924e-02 1.345120090991258621e-02 1.957839168608188629e-02 2.663377905264496803e-03 1.196739524602890015e-01 2.469577454030513763e-02 1.272731125354766846e-01 5.999595858156681061e-03 1.927446573972702026e-02 1.915692538022994995e-02 1.409192662686109543e-02 3.608407080173492432e-02 7.763688918203115463e-03 2.455634437501430511e-02 2.838034555315971375e-02 4.455525800585746765e-02 3.429260104894638062e-02 1.013802457600831985e-02 5.678393691778182983e-02 1.266749948263168335e-02 1.012667734175920486e-02 3.018207475543022156e-02 3.299785405397415161e-02 4.848656803369522095e-02 3.532895818352699280e-02 3.403237462043762207e-02 3.412228822708129883e-02 4.720140248537063599e-02 5.329501256346702576e-02 4.116006940603256226e-02 4.700635746121406555e-02 3.424229845404624939e-02 3.776443004608154297e-02 2.592202089726924896e-02 1.850029267370700836e-02 2.164533594623208046e-03 3.659888729453086853e-02 3.201654925942420959e-02 3.418305143713951111e-02 1.532092876732349396e-02 1.565909571945667267e-02 3.102427162230014801e-02 2.652960084378719330e-02 3.172577824443578720e-03 3.162278095260262489e-03 1.529181376099586487e-02 5.886961147189140320e-02 1.615685969591140747e-02 5.158121511340141296e-02 2.869422174990177155e-02 4.646042361855506897e-02 2.254625037312507629e-02 1.347231445834040642e-03 1.925543323159217834e-02 1.007677288725972176e-03 8.812842890620231628e-03 4.337298497557640076e-02 1.033106260001659393e-02 2.254779078066349030e-02 1.236093323677778244e-02 4.510835185647010803e-02 2.934123575687408447e-02 3.422634676098823547e-02 1.153395045548677444e-02 2.078529651043936610e-04 6.904093921184539795e-02 4.995543882250785828e-02 2.363170497119426727e-03 2.456938661634922028e-02 1.349857356399297714e-02 5.043381359428167343e-03 9.579290635883808136e-03 1.855733245611190796e-02 1.444797497242689133e-02 6.616538390517234802e-03 2.742361091077327728e-02 1.542826090008020401e-02 6.873460370115935802e-04 2.204763144254684448e-02 6.145068258047103882e-02 1.045742351561784744e-02 4.675940424203872681e-02 3.748238831758499146e-02 4.847988486289978027e-02 4.684686288237571716e-02 3.141979128122329712e-02 7.720461115241050720e-03 3.998847305774688721e-02 5.874231085181236267e-02 3.417078778147697449e-02 2.134522236883640289e-02 2.457348071038722992e-02 0.000000000000000000e+00
6.876743584871292114e-02 7.876556366682052612e-02 7.170345634222030640e-02 1.406745053827762604e-02 1.077590603381395340e-02 3.339762799441814423e-03 1.500813476741313934e-02 4.546296969056129456e-02 2.274476550519466400e-02 2.428830601274967194e-02 1.313978135585784912e-01 2.290764637291431427e-02 5.219689011573791504e-01 6.083759013563394547e-03 5.601993948221206665e-02 1.645645126700401306e-02 7.318288087844848633e-03 1.836816896684467793e-03 8.127911016345024109e-03 4.521467164158821106e-02 1.645463518798351288e-02 1.782443374395370483e-02 2.560950070619583130e-02 2.911727875471115112e-02 4.616549611091613770e-02 2.444415539503097534e-02 8.771249093115329742e-03 4.280484840273857117e-02 6.496258825063705444e-02 2.998676337301731110e-02 3.561686724424362183e-02 2.494898810982704163e-02 2.294121682643890381e-02 4.409795254468917847e-02 2.841457538306713104e-02 5.579695478081703186e-02 3.532690554857254028e-02 2.332875132560729980e-02 1.064356323331594467e-02 2.778725512325763702e-02 3.199651837348937988e-02 3.567482903599739075e-02 1.881797984242439270e-02 3.988856449723243713e-02 1.632257550954818726e-02 3.005363233387470245e-02 1.906632818281650543e-02 5.742957070469856262e-02 2.216649614274501801e-02 2.094168402254581451e-02 3.179144486784934998e-02 4.068903252482414246e-02 9.044087491929531097e-03 3.234834596514701843e-02 2.723028883337974548e-02 4.826138727366924286e-03 3.385515138506889343e-02 1.505446061491966248e-02 2.908329479396343231e-02 8.339467603946104646e-05 1.582161709666252136e-02 1.102498965337872505e-03 3.830142691731452942e-02 4.530090093612670898e-02 5.292137712240219116e-02 4.976247251033782959e-02 2.845985628664493561e-02 3.917309641838073730e-02 1.631923951208591461e-02 2.697501704096794128e-02 1.650022529065608978e-02 2.319800481200218201e-02 4.408968612551689148e-03 1.817271858453750610e-02 4.599674139171838760e-03 1.994965784251689911e-02 3.273869305849075317e-02 4.181690141558647156e-02 3.382951021194458008e-03 4.831733182072639465e-02 2.948409318923950195e-02 2.607808448374271393e-02 6.422092206776142120e-03 8.018493652343750000e-03 1.169822923839092255e-02 4.545870050787925720e-02 2.534819021821022034e-02 1.935473829507827759e-02 5.280455946922302246e-02 3.779248520731925964e-02 7.066676765680313110e-02 1.725724898278713226e-02 4.194656759500503540e-02 2.728845574893057346e-04 1.729757897555828094e-02 8.136313408613204956e-03 1.493771281093358994e-02 3.643571957945823669e-02 3.625532239675521851e-02 2.135448902845382690e-02 6.991915404796600342e-03 5.912545602768659592e-03 1.403321139514446259e-02 1.664011925458908081e-02 1.690938137471675873e-02 1.317053753882646561e-02 3.784151704167015851e-05 1.561366021633148193e-02 4.404257517307996750e-03 1.069856248795986176e-02 2.601900603622198105e-03 3.908326104283332825e-02 1.085464563220739365e-02 5.222913622856140137e-02 1.653390005230903625e-02 0.000000000000000000e+00
