5.641553997993469238e-01 1.562008708715438843e-01 3.968195989727973938e-02 3.980320412665605545e-03 3.472567349672317505e-02 1.294717192649841309e-01 9.246442466974258423e-02 1.700981706380844116e-02 2.454436616972088814e-03 3.728354349732398987e-03 1.441583931446075439e-01 8.100317791104316711e-03 1.097877025604248047e-01 3.245438635349273682e-02 2.381229959428310394e-02 6.754578091204166412e-03 4.083303734660148621e-02 2.173325233161449432e-02 3.997880592942237854e-02 1.957047358155250549e-02 1.062972843647003174e-02 2.029352448880672455e-02 2.594286575913429260e-02 2.922556176781654358e-02 1.506074611097574234e-02 1.510951295495033264e-02 2.887252531945705414e-02 2.052705734968185425e-02 4.510369524359703064e-02 3.592022508382797241e-02 5.411364510655403137e-02 3.354202955961227417e-02 3.802783787250518799e-02 3.389188647270202637e-02 2.118815109133720398e-02 2.641442418098449707e-02 4.005093872547149658e-02 3.252726793289184570e-02 4.113940522074699402e-02 5.883237719535827637e-02 6.699128076434135437e-03 8.383143693208694458e-03 2.075065858662128448e-02 1.486853417009115219e-02 4.077266901731491089e-03 1.872086897492408752e-02 4.194610938429832458e-02 1.293717417865991592e-02 8.611083962023258209e-03 3.448964655399322510e-02 8.536105044186115265e-03 9.350202046334743500e-03 2.021979074925184250e-03 1.209454145282506943e-02 3.892493620514869690e-02 2.832047082483768463e-02 2.515504509210586548e-02 1.660549640655517578e-02 1.186544727534055710e-02 1.740709319710731506e-02 8.102362044155597687e-03 1.568789407610893250e-02 4.013836756348609924e-02 4.353608004748821259e-03 1.278857886791229248e-02 7.391403429210186005e-03 4.238235205411911011e-02 1.459545083343982697e-02 1.958386786282062531e-02 1.120660919696092606e-02 1.058828318491578102e-03 7.082850672304630280e-03 3.270281106233596802e-02 1.217632461339235306e-02 1.520138327032327652e-02 3.979130834341049194e-02 4.064640402793884277e-02 4.125295951962471008e-02 2.888501621782779694e-02 8.914500474929809570e-03 2.861296385526657104e-02 2.889011986553668976e-02 1.214628573507070541e-02 1.293609570711851120e-02 1.381221506744623184e-02 2.489404194056987762e-02 1.846101135015487671e-02 7.009990047663450241e-03 4.497196897864341736e-02 1.135508622974157333e-02 6.976155098527669907e-03 4.204276204109191895e-02 5.053221806883811951e-02 2.893659844994544983e-02 2.659071469679474831e-03 1.072522904723882675e-02 4.487665370106697083e-02 2.997074276208877563e-02 3.818615153431892395e-02 2.986445464193820953e-02 4.109074920415878296e-02 2.813339233398437500e-02 1.313576102256774902e-02 2.059684135019779205e-02 2.398135326802730560e-02 3.876335173845291138e-02 5.221769679337739944e-03 2.501337090507149696e-03 1.608643494546413422e-02 3.279117867350578308e-02 1.613296009600162506e-02 5.908289179205894470e-02 3.525405749678611755e-02 1.978860609233379364e-02 4.333779588341712952e-02 3.595845028758049011e-02
1.562008708715438843e-01 5.593181848526000977e-01 2.560564316809177399e-02 1.692012324929237366e-02 2.959528192877769470e-02 1.373368650674819946e-01 1.091563552618026733e-01 2.374271117150783539e-02 1.956568658351898193e-02 3.884129971265792847e-02 1.246978119015693665e-01 2.442152239382266998e-02 1.422426849603652954e-01 2.114123664796352386e-02 1.940233260393142700e-02 1.412238460034132004e-02 1.660566776990890503e-02 1.907636784017086029e-02 8.017451618798077106e-04 9.961327537894248962e-03 1.880458928644657135e-02 1.994493789970874786e-02 9.032611735165119171e-03 3.227527812123298645e-02 3.428664803504943848e-02 1.441631186753511429e-02 2.344884537160396576e-02 1.515771355479955673e-02 4.962375015020370483e-02 2.536402083933353424e-02 3.414844349026679993e-02 3.690136969089508057e-02 3.190939500927925110e-02 3.714758902788162231e-02 7.011176552623510361e-03 2.863083593547344208e-02 2.017891034483909607e-02 1.767452433705329895e-02 2.375968731939792633e-02 3.905978426337242126e-02 2.089503780007362366e-02 2.321893535554409027e-02 4.037330672144889832e-02 3.014218993484973907e-03 9.547825902700424194e-03 3.744994103908538818e-02 4.544650390744209290e-02 4.056789039168506861e-04 3.689634054899215698e-02 2.830664068460464478e-02 5.658660549670457840e-03 1.431684358976781368e-03 2.536940446589142084e-04 2.284862659871578217e-02 1.514339726418256760e-02 2.379423193633556366e-02 4.943684116005897522e-02 1.869652047753334045e-02 3.304741159081459045e-02 2.189509756863117218e-02 3.081365488469600677e-02 4.665726795792579651e-02 2.855801768600940704e-02 3.896496444940567017e-02 2.401387691497802734e-02 1.090373285114765167e-02 3.129494935274124146e-02 3.019556216895580292e-02 5.428835283964872360e-03 4.555689636617898941e-03 3.089545352850109339e-04 1.603394746780395508e-02 2.438522875308990479e-02 9.914011694490909576e-03 2.216422930359840393e-02 3.424895927309989929e-02 1.602600887417793274e-02 5.418183747678995132e-03 2.841550670564174652e-02 1.072282157838344574e-02 1.886869780719280243e-02 3.210348635911941528e-02 6.830180063843727112e-03 2.404494397342205048e-02 1.623425632715225220e-02 2.016028389334678650e-02 8.355525322258472443e-03 1.369008980691432953e-02 4.554652422666549683e-02 8.149511180818080902e-03 3.516378812491893768e-03 4.350981861352920532e-02 9.409154765307903290e-03 1.812179759144783020e-02 1.253837067633867264e-02 1.134679000824689865e-02 2.932796068489551544e-02 1.368860155344009399e-02 3.706389293074607849e-02 1.583889499306678772e-02 3.460764884948730469e-02 2.270654402673244476e-02 4.364421963691711426e-02 2.715007215738296509e-02 1.546795014292001724e-03 1.258023269474506378e-02 2.206163108348846436e-02 2.264869585633277893e-02 1.590189494891092181e-04 3.246127441525459290e-02 1.868239976465702057e-02 3.648313507437705994e-02 3.607914224267005920e-02 3.954269737005233765e-02 4.048237949609756470e-02 4.039011523127555847e-02
3.968195989727973938e-02 2.560564316809177399e-02 5.276674032211303711e-01 1.711940392851829529e-02 7.970095612108707428e-03 1.108437683433294296e-02 5.674968124367296696e-04 6.171821057796478271e-02 1.097857370041310787e-03 4.649235401302576065e-03 3.612969443202018738e-02 1.670637167990207672e-02 4.409851040691137314e-03 1.538051851093769073e-02 1.291506178677082062e-02 2.901138737797737122e-02 3.004240803420543671e-02 4.644312709569931030e-02 6.931775715202093124e-03 1.046548783779144287e-02 1.693442650139331818e-02 2.797361463308334351e-02 1.383644435554742813e-02 2.054441906511783600e-02 1.883729733526706696e-02 8.489511907100677490e-03 3.632701188325881958e-02 8.523748256266117096e-03 7.252134382724761963e-03 1.489979401230812073e-02 2.776446938514709473e-02 1.084653288125991821e-02 6.083378568291664124e-03 2.115048654377460480e-02 1.527200266718864441e-02 2.534873224794864655e-02 3.525807289406657219e-03 7.699246518313884735e-03 1.876979134976863861e-02 1.016660779714584351e-02 4.795279353857040405e-02 2.952202968299388885e-02 2.420170046389102936e-02 1.817451440729200840e-03 1.311827637255191803e-02 6.030729040503501892e-03 1.035820692777633667e-02 1.544090639799833298e-02 2.205491065979003906e-02 2.747398242354393005e-02 4.797370056621730328e-04 1.020591612905263901e-02 1.547582447528839111e-03 1.506827957928180695e-02 2.119315974414348602e-02 4.033662006258964539e-02 4.154537245631217957e-02 2.479582093656063080e-02 1.426558848470449448e-02 2.329814247786998749e-02 1.544827362522482872e-03 3.665669262409210205e-02 1.999908871948719025e-02 2.872472070157527924e-02 8.471851237118244171e-03 1.557868625968694687e-02 4.943973850458860397e-03 9.489027783274650574e-03 3.120001405477523804e-03 1.561715081334114075e-02 5.522944033145904541e-03 1.031006686389446259e-02 3.758008033037185669e-02 3.430383652448654175e-02 4.147767089307308197e-03 1.359040010720491409e-02 3.034706972539424896e-02 1.828061603009700775e-02 1.053245156072080135e-03 3.922839090228080750e-02 1.100562512874603271e-02 2.763140015304088593e-02 2.323468588292598724e-02 2.006238885223865509e-02 1.091797370463609695e-02 1.745657995343208313e-02 1.867344975471496582e-02 1.412404514849185944e-02 9.514464065432548523e-03 2.973108738660812378e-02 2.855191472917795181e-03 2.980423625558614731e-03 2.544005215167999268e-02 9.377291426062583923e-03 4.756364226341247559e-02 3.230353072285652161e-02 2.685376210138201714e-03 6.293959449976682663e-03 1.721208728849887848e-02 1.724237925373017788e-03 2.001394890248775482e-02 5.741809960454702377e-03 4.177540168166160583e-02 2.754085138440132141e-02 5.627291742712259293e-03 1.869470998644828796e-02 3.636683151125907898e-02 1.249348931014537811e-02 1.255288626998662949e-02 3.272562101483345032e-02 1.178622897714376450e-02 2.122117020189762115e-02 1.927216188050806522e-03 1.257000584155321121e-02 3.016237169504165649e-03 3.578732954338192940e-03
3.980320412665605545e-03 1.692012324929237366e-02 1.711940392851829529e-02 5.644703507423400879e-01 1.489417105913162231e-01 2.276567369699478149e-02 3.548984602093696594e-02 6.600882392376661301e-03 4.574651643633842468e-02 1.055295858532190323e-02 1.600073091685771942e-02 7.286226376891136169e-03 1.281052548438310623e-02 1.584135182201862335e-02 4.864017479121685028e-03 2.305664867162704468e-02 2.476660907268524170e-02 7.913524657487869263e-02 4.657712765038013458e-03 2.959483535960316658e-03 4.029656201601028442e-02 4.685021471232175827e-03 2.915789559483528137e-02 4.905530437827110291e-02 1.539100520312786102e-02 1.012986619025468826e-02 1.718028821051120758e-02 3.450429067015647888e-02 1.656682603061199188e-02 2.589476294815540314e-02 3.013052418828010559e-02 2.781919948756694794e-02 2.961752563714981079e-02 2.296617068350315094e-02 2.426265738904476166e-02 3.027444705367088318e-02 2.334800176322460175e-02 3.824824839830398560e-02 5.187600851058959961e-03 8.769516716711223125e-04 2.522563003003597260e-02 4.630182310938835144e-02 8.442126214504241943e-03 3.554759919643402100e-02 3.811297565698623657e-02 3.381941094994544983e-02 2.827509120106697083e-02 3.573825955390930176e-02 4.397865012288093567e-02 9.567921981215476990e-03 5.082553252577781677e-03 2.046826481819152832e-02 1.539942156523466110e-02 2.947577647864818573e-02 1.814983226358890533e-02 2.050365880131721497e-02 7.083404809236526489e-02 3.487697243690490723e-02 9.314352646470069885e-03 2.341380529105663300e-02 2.290660981088876724e-03 3.225171938538551331e-02 1.066047418862581253e-02 2.934806793928146362e-02 3.563645854592323303e-02 3.597448021173477173e-02 2.666895091533660889e-02 2.606150321662425995e-02 4.136978462338447571e-02 2.251863852143287659e-02 4.337887465953826904e-02 4.256406426429748535e-02 1.323258131742477417e-01 1.187308505177497864e-02 1.374848783016204834e-01 3.634328395128250122e-02 5.588398501276969910e-02 6.310810893774032593e-02 8.987627923488616943e-03 2.893078885972499847e-02 3.021389804780483246e-02 6.390845868736505508e-03 9.848076850175857544e-02 5.182467773556709290e-02 3.067992068827152252e-02 5.033606663346290588e-03 1.737784408032894135e-02 2.969751833006739616e-03 6.269533187150955200e-02 2.252126485109329224e-02 2.501094713807106018e-02 3.888307884335517883e-02 3.992324322462081909e-02 4.391345754265785217e-02 6.459683179855346680e-03 1.424032729119062424e-02 2.216451242566108704e-02 2.497268840670585632e-02 2.708413265645503998e-02 3.010047413408756256e-02 1.261561270803213120e-02 5.491575575433671474e-04 2.191624604165554047e-02 2.294310927391052246e-02 4.754333570599555969e-02 4.294541478157043457e-02 2.946585789322853088e-02 1.092794723808765411e-02 3.069385699927806854e-02 3.843945264816284180e-02 1.786395162343978882e-02 2.256168797612190247e-02 2.461191080510616302e-02 1.874038949608802795e-02 1.109364815056324005e-02 4.311533179134130478e-03
3.472567349672317505e-02 2.959528192877769470e-02 7.970095612108707428e-03 1.489417105913162231e-01 5.616775751113891602e-01 3.820429742336273193e-02 2.761427871882915497e-02 4.806704446673393250e-02 4.683326929807662964e-02 4.091788828372955322e-02 3.567893803119659424e-02 8.092286065220832825e-03 2.395164035260677338e-02 3.130594640970230103e-02 1.425552833825349808e-02 2.496434189379215240e-02 4.549060016870498657e-02 1.126289516687393188e-01 5.853733420372009277e-02 8.384141139686107635e-03 1.792016997933387756e-02 4.159048199653625488e-03 2.272012829780578613e-02 1.931790448725223541e-02 2.273313142359256744e-02 1.784177683293819427e-02 7.048964500427246094e-03 4.214020818471908569e-02 3.944505751132965088e-02 7.961605675518512726e-03 1.035485137253999710e-02 6.548518780618906021e-03 4.696891829371452332e-02 1.538457465358078480e-03 3.164492547512054443e-02 5.417100153863430023e-03 4.401660116855055094e-04 1.511061098426580429e-02 3.123520687222480774e-02 2.916495129466056824e-02 4.011307843029499054e-03 3.540221974253654480e-02 7.704552263021469116e-03 2.591496333479881287e-02 1.487000938504934311e-02 2.209569141268730164e-02 3.032095171511173248e-02 2.518192119896411896e-02 3.639136254787445068e-02 1.260209828615188599e-02 2.920603379607200623e-02 2.301559410989284515e-02 4.713013768196105957e-03 2.047048881649971008e-02 5.551032256335020065e-03 5.922648590058088303e-03 2.822560071945190430e-02 5.390516947954893112e-03 2.899644663557410240e-03 1.827531121671199799e-02 3.624392906203866005e-03 1.364282239228487015e-02 4.020815715193748474e-02 2.024477906525135040e-02 3.404891863465309143e-02 2.668761089444160461e-02 2.899098955094814301e-02 2.420470304787158966e-02 2.333614230155944824e-02 3.662152588367462158e-02 2.940543740987777710e-02 3.340090438723564148e-02 8.886560797691345215e-02 1.225215476006269455e-02 1.181942075490951538e-01 3.872555866837501526e-02 3.816964477300643921e-02 5.524275451898574829e-02 1.929277181625366211e-02 1.680842414498329163e-02 3.007918596267700195e-02 4.062185063958168030e-03 9.496530145406723022e-02 9.147355705499649048e-02 3.572424501180648804e-02 6.202429998666048050e-03 2.421678230166435242e-02 1.026340294629335403e-02 1.453831233084201813e-02 4.537263885140419006e-03 3.336193040013313293e-02 2.962602674961090088e-02 2.819036692380905151e-02 4.152222350239753723e-02 2.971582114696502686e-03 3.930918872356414795e-03 1.871844194829463959e-02 3.941082954406738281e-02 1.031637098640203476e-02 1.855508610606193542e-02 1.049259025603532791e-02 1.489492948167026043e-03 2.880062721669673920e-02 4.281662777066230774e-02 4.266705736517906189e-02 2.144336514174938202e-02 1.307391840964555740e-02 8.799767121672630310e-03 2.912907674908638000e-02 1.526884734630584717e-02 3.013244643807411194e-02 9.300336241722106934e-04 1.573350839316844940e-02 8.527475409209728241e-03 2.938013151288032532e-02 2.839699946343898773e-02
1.294717192649841309e-01 1.373368650674819946e-01 1.108437683433294296e-02 2.276567369699478149e-02 3.820429742336273193e-02 5.605351924896240234e-01 1.153407618403434753e-01 8.359547704458236694e-03 1.388709433376789093e-02 9.958558948710560799e-04 1.096525117754936218e-01 4.209908470511436462e-02 1.148324683308601379e-01 3.844175115227699280e-02 9.664052166044712067e-03 2.983782440423965454e-02 2.778981439769268036e-02 3.613976761698722839e-02 8.094023913145065308e-03 6.198390852659940720e-03 3.559447079896926880e-02 1.482266653329133987e-02 1.180529128760099411e-02 2.305639535188674927e-02 1.549222972244024277e-03 3.664966672658920288e-02 2.605991251766681671e-02 1.423186510801315308e-01 5.472873523831367493e-02 7.816042751073837280e-02 5.616256501525640488e-03 1.982354186475276947e-02 2.596633858047425747e-04 7.865082588978111744e-04 3.933931142091751099e-02 3.745467215776443481e-02 4.191092029213905334e-02 1.775631122291088104e-02 1.133036101236939430e-03 4.068480804562568665e-02 3.670435026288032532e-02 1.965533755719661713e-02 2.879160642623901367e-02 1.285734958946704865e-02 2.968801883980631828e-03 1.846883445978164673e-02 5.754524096846580505e-02 1.944639347493648529e-02 3.252324461936950684e-02 2.334318123757839203e-02 1.518067729193717241e-04 1.909700222313404083e-02 1.918782480061054230e-02 2.726034959778189659e-03 2.168227173388004303e-02 3.371496126055717468e-02 3.998086228966712952e-02 4.196527600288391113e-02 2.916511707007884979e-02 1.957505568861961365e-02 3.310927376151084900e-02 2.393075032159686089e-03 2.016925252974033356e-02 2.815706096589565277e-02 1.551526226103305817e-02 2.623285353183746338e-02 9.681483730673789978e-03 3.924713283777236938e-02 2.364515792578458786e-03 1.869758404791355133e-02 4.645773023366928101e-02 1.159965805709362030e-02 5.814565345644950867e-03 2.133778855204582214e-02 4.414478316903114319e-03 2.400448732078075409e-02 2.111751399934291840e-02 6.395926699042320251e-03 3.253234550356864929e-02 1.338628004305064678e-03 2.098901756107807159e-02 3.352380543947219849e-02 1.130400225520133972e-03 1.757545955479145050e-02 2.614062465727329254e-02 1.880069077014923096e-02 3.820708021521568298e-03 4.427871108055114746e-02 3.637758642435073853e-02 2.020394429564476013e-02 6.275408435612916946e-03 5.362771451473236084e-02 1.177162397652864456e-02 2.930304408073425293e-02 3.733240813016891479e-02 3.672652319073677063e-02 7.555696181952953339e-03 3.412138670682907104e-02 2.886728011071681976e-02 3.424583235755562782e-03 1.137853786349296570e-02 3.893766924738883972e-02 4.369408637285232544e-02 4.896780941635370255e-03 3.945162892341613770e-02 4.171131178736686707e-03 2.792748622596263885e-02 2.859704755246639252e-02 2.689260058104991913e-02 1.333635393530130386e-02 2.369691617786884308e-02 4.164550080895423889e-02 4.805975034832954407e-02 3.717494010925292969e-02 1.885452424176037312e-03 6.537988781929016113e-02
9.246442466974258423e-02 1.091563552618026733e-01 5.674968124367296696e-04 3.548984602093696594e-02 2.761427871882915497e-02 1.153407618403434753e-01 5.842996239662170410e-01 4.472171142697334290e-02 3.602476790547370911e-02 1.659792661666870117e-02 1.054839938879013062e-01 2.082221396267414093e-02 9.543268382549285889e-02 2.284685149788856506e-02 1.646954566240310669e-02 2.432107925415039062e-02 2.344606257975101471e-02 2.353457920253276825e-02 3.354997187852859497e-02 3.239501267671585083e-02 1.221596449613571167e-02 4.864966031163930893e-03 4.529287107288837433e-03 3.075061179697513580e-02 4.045423120260238647e-02 1.997494138777256012e-02 1.936848089098930359e-02 2.264163270592689514e-02 2.047247439622879028e-02 3.195111453533172607e-02 7.338222581893205643e-03 2.036710083484649658e-02 2.851714380085468292e-02 3.867006301879882812e-02 6.182718556374311447e-03 2.966632507741451263e-02 1.839169301092624664e-02 2.720803022384643555e-02 2.841125475242733955e-03 8.382091298699378967e-03 8.115993812680244446e-03 2.298854757100343704e-03 1.660742424428462982e-02 3.281259164214134216e-02 2.319846116006374359e-02 3.334568347781896591e-03 6.906586140394210815e-02 5.912326648831367493e-02 4.044162109494209290e-02 1.776069588959217072e-02 4.294991865754127502e-02 2.546071447432041168e-02 3.100944159086793661e-04 1.945706643164157867e-02 3.383960283827036619e-04 1.249022502452135086e-02 1.540681626647710800e-02 3.919236734509468079e-02 6.075138226151466370e-03 8.479043841361999512e-03 4.478691890835762024e-02 4.120618477463722229e-02 1.707640103995800018e-02 2.459437772631645203e-02 6.171457096934318542e-02 4.751838371157646179e-02 4.657622799277305603e-02 2.428464218974113464e-02 3.844526410102844238e-02 4.813368618488311768e-02 3.416022658348083496e-02 2.105549164116382599e-02 1.959636993706226349e-02 1.597308740019798279e-02 3.461939096450805664e-02 3.802954033017158508e-02 8.089274168014526367e-03 1.629736460745334625e-02 2.870867587625980377e-02 3.850242868065834045e-02 3.173151612281799316e-02 3.507188335061073303e-02 1.802853494882583618e-02 2.902587503194808960e-02 3.515005856752395630e-02 4.178578779101371765e-02 2.283596200868487358e-03 1.902133459225296974e-03 4.011580313090234995e-05 3.893306106328964233e-02 3.212391585111618042e-02 6.049301847815513611e-02 3.390559181571006775e-02 4.191841930150985718e-02 1.062579732388257980e-02 2.561116963624954224e-02 4.874058440327644348e-02 2.926571294665336609e-02 4.278152063488960266e-02 4.661027342081069946e-02 3.513767197728157043e-02 2.572824992239475250e-02 2.553791739046573639e-02 1.915160566568374634e-02 1.370412763208150864e-02 2.564506232738494873e-02 9.923576377332210541e-03 1.387772895395755768e-02 8.357197046279907227e-03 1.065032184123992920e-02 8.696784265339374542e-03 2.511029504239559174e-02 2.290464565157890320e-02 1.798000559210777283e-02 2.122713439166545868e-02 5.469816178083419800e-02
1.700981706380844116e-02 2.374271117150783539e-02 6.171821057796478271e-02 6.600882392376661301e-03 4.806704446673393250e-02 8.359547704458236694e-03 4.472171142697334290e-02 5.411477088928222656e-01 4.385305196046829224e-02 2.373328246176242828e-02 7.651125546544790268e-03 1.114581129513680935e-03 3.893169015645980835e-02 2.871818607673048973e-03 8.133170753717422485e-02 1.763559132814407349e-02 2.111268043518066406e-02 2.531482838094234467e-03 1.378965284675359726e-02 1.532437000423669815e-02 6.550114601850509644e-03 2.500765258446335793e-03 2.664132229983806610e-02 2.293418534100055695e-02 2.154262037947773933e-03 1.189169846475124359e-02 5.836493801325559616e-03 2.312884293496608734e-02 7.514250464737415314e-03 2.543535269796848297e-02 3.584058210253715515e-02 1.351182581856846809e-03 2.257868647575378418e-02 9.618387557566165924e-03 3.338468819856643677e-02 8.870696648955345154e-03 2.380026318132877350e-02 5.667416378855705261e-02 2.126831933856010437e-02 2.476420812308788300e-02 3.065566532313823700e-02 3.606224432587623596e-02 3.565581142902374268e-02 9.701468981802463531e-03 2.253928920254111290e-03 1.902792486362159252e-03 3.641958907246589661e-02 4.800279275514185429e-04 8.566342148697003722e-05 1.034797448664903641e-02 4.817988723516464233e-02 2.770135924220085144e-02 5.584167782217264175e-03 4.017831757664680481e-02 3.769520297646522522e-02 5.012258887290954590e-03 4.033074155449867249e-02 8.466816507279872894e-03 8.502106182277202606e-03 9.596384130418300629e-03 4.268134757876396179e-02 1.979283842956647277e-05 2.007428370416164398e-02 2.059670910239219666e-02 2.931147627532482147e-02 1.461983192712068558e-02 2.028929255902767181e-02 3.946362528949975967e-03 3.717485815286636353e-02 3.969277255237102509e-03 4.303587600588798523e-02 1.530688023194670677e-03 4.360894858837127686e-02 6.187990307807922363e-03 8.840448223054409027e-03 4.579720646142959595e-02 3.651730343699455261e-02 1.857224851846694946e-02 1.282725203782320023e-02 3.380303084850311279e-02 6.204914674162864685e-02 4.992104321718215942e-02 1.693198271095752716e-02 3.699053311720490456e-03 1.366861723363399506e-02 2.296961657702922821e-02 4.470165446400642395e-02 3.223528340458869934e-02 3.280766680836677551e-02 3.215823322534561157e-02 8.416802622377872467e-03 1.238977629691362381e-02 2.721404284238815308e-02 7.584754843264818192e-03 2.202643267810344696e-02 8.160715922713279724e-03 2.077480778098106384e-02 3.106385655701160431e-02 1.977424882352352142e-02 9.459750726819038391e-03 2.933118492364883423e-03 7.820026949048042297e-03 9.856952354311943054e-03 4.312572535127401352e-03 1.780517771840095520e-02 2.082145586609840393e-02 4.181855171918869019e-02 2.761970087885856628e-02 9.601962752640247345e-03 6.162723526358604431e-03 1.121276523917913437e-02 4.492702707648277283e-02 4.676202370319515467e-04 1.203722320497035980e-02 1.552643137983977795e-03 4.912509024143218994e-02
2.454436616972088814e-03 1.956568658351898193e-02 1.097857370041310787e-03 4.574651643633842468e-02 4.683326929807662964e-02 1.388709433376789093e-02 3.602476790547370911e-02 4.385305196046829224e-02 5.608571767807006836e-01 1.674882508814334869e-02 1.207897625863552094e-02 2.534349076449871063e-02 1.002597529441118240e-02 1.662503927946090698e-02 3.863516077399253845e-02 3.317131847143173218e-02 1.712635345757007599e-02 8.484634011983871460e-02 6.003883853554725647e-02 3.619968146085739136e-02 3.087057732045650482e-02 4.277225211262702942e-02 4.490374121814966202e-03 2.736371569335460663e-02 4.646027088165283203e-02 3.325686231255531311e-02 1.558756269514560699e-02 5.019788071513175964e-02 3.893452510237693787e-02 4.247880727052688599e-02 1.089450623840093613e-02 3.279311582446098328e-02 1.028258539736270905e-02 4.131306707859039307e-02 2.294701710343360901e-02 4.166464135050773621e-02 2.485684305429458618e-02 1.816326566040515900e-02 3.487093839794397354e-03 4.328804090619087219e-02 1.270921155810356140e-02 1.132060587406158447e-02 1.981879211962223053e-02 1.906166668049991131e-03 1.742706447839736938e-02 4.603327438235282898e-02 8.670329116284847260e-03 3.862783685326576233e-02 3.478191327303647995e-03 3.571328148245811462e-02 1.893984735943377018e-03 3.284715348854660988e-03 2.101939357817173004e-02 5.536816897802054882e-04 1.033783853054046631e-01 1.049920450896024704e-02 6.398724764585494995e-02 4.945614375174045563e-03 1.020466675981879234e-03 3.067527525126934052e-02 9.649866074323654175e-02 1.088900491595268250e-02 2.333580050617456436e-04 4.763907287269830704e-03 2.651452645659446716e-02 3.163732960820198059e-02 1.294206548482179642e-02 4.130670800805091858e-02 1.057026833295822144e-01 3.533399850130081177e-02 5.448502674698829651e-02 2.687391825020313263e-03 3.430195525288581848e-02 3.874338930472731590e-03 2.084590680897235870e-02 6.926193088293075562e-02 1.234815865755081177e-01 4.956582933664321899e-02 4.947884008288383484e-02 4.367436841130256653e-02 8.502673008479177952e-04 2.054977463558316231e-03 4.955157637596130371e-02 3.870915994048118591e-02 4.872586578130722046e-02 3.172529861330986023e-02 1.227090321481227875e-02 2.635527402162551880e-02 4.193229600787162781e-02 4.369911924004554749e-02 2.361582964658737183e-02 2.198098413646221161e-02 2.222483046352863312e-02 1.752783358097076416e-02 3.473860025405883789e-02 5.138520151376724243e-02 6.796290166676044464e-03 3.466727212071418762e-02 2.263233531266450882e-03 4.241352528333663940e-02 3.815611451864242554e-02 2.410291694104671478e-02 6.465914193540811539e-03 1.480089407414197922e-02 1.815075799822807312e-02 2.922535501420497894e-02 3.976871445775032043e-02 2.604017965495586395e-02 3.128324449062347412e-02 2.309173345565795898e-02 8.016381412744522095e-03 2.648538164794445038e-02 4.323262721300125122e-02 7.521257270127534866e-03 1.454788446426391602e-02 4.037372022867202759e-02
3.728354349732398987e-03 3.884129971265792847e-02 4.649235401302576065e-03 1.055295858532190323e-02 4.091788828372955322e-02 9.958558948710560799e-04 1.659792661666870117e-02 2.373328246176242828e-02 1.674882508814334869e-02 5.556473135948181152e-01 1.086552999913692474e-02 2.815350890159606934e-03 2.873535081744194031e-02 3.305459022521972656e-02 8.689719252288341522e-03 2.788667008280754089e-02 9.020923823118209839e-02 1.562712248414754868e-03 8.752460032701492310e-02 2.877129428088665009e-02 4.955162480473518372e-02 1.164530497044324875e-02 2.575392648577690125e-02 1.004859209060668945e-01 2.803914435207843781e-02 4.315726831555366516e-02 3.942003846168518066e-02 1.451226510107517242e-02 4.223411902785301208e-02 2.372713945806026459e-02 1.353091280907392502e-02 2.381286583840847015e-02 1.555741392076015472e-02 1.420951168984174728e-02 4.978545382618904114e-02 2.840676903724670410e-02 1.502186059951782227e-02 2.692982926964759827e-02 2.929071523249149323e-02 1.769925281405448914e-02 3.804744919762015343e-03 1.202114392071962357e-03 2.701144292950630188e-02 1.715159788727760315e-02 9.612595662474632263e-03 2.979169785976409912e-02 4.506627470254898071e-02 2.891160733997821808e-02 7.263338193297386169e-03 1.774026267230510712e-02 1.795453950762748718e-02 4.078464582562446594e-02 5.215367767959833145e-03 2.039402909576892853e-02 3.081530891358852386e-02 5.047947168350219727e-02 3.941018134355545044e-02 5.351979285478591919e-02 1.209114119410514832e-02 1.752403751015663147e-02 1.627460005693137646e-03 1.017680624499917030e-03 5.479097366333007812e-03 6.864046677947044373e-03 2.926884405314922333e-02 3.742165490984916687e-02 2.870454452931880951e-02 5.352923646569252014e-02 4.964102432131767273e-02 2.704631350934505463e-02 3.106413781642913818e-02 4.523212090134620667e-02 5.630450323224067688e-02 1.227932516485452652e-02 2.748934552073478699e-02 5.138711072504520416e-03 3.056682273745536804e-02 1.316708922386169434e-01 4.996451735496520996e-02 1.579583883285522461e-01 9.072299115359783173e-03 1.627412624657154083e-02 3.254705341532826424e-03 7.815025001764297485e-02 1.362670958042144775e-02 1.361138839274644852e-02 2.251486526802182198e-03 1.611324399709701538e-02 2.066566050052642822e-02 5.988921970129013062e-02 4.439680278301239014e-02 3.980094194412231445e-02 1.011229772120714188e-02 4.175870865583419800e-02 6.115730851888656616e-03 6.701171398162841797e-03 4.103061556816101074e-02 1.187942363321781158e-02 2.559758722782135010e-02 2.203423716127872467e-02 4.236216470599174500e-02 3.117042593657970428e-02 1.728230156004428864e-02 1.245502033270895481e-03 1.368422992527484894e-02 1.184763852506875992e-02 5.657194182276725769e-03 5.167566239833831787e-02 4.431478306651115417e-02 2.276715822517871857e-02 2.403704635798931122e-02 1.049041468650102615e-02 1.227941270917654037e-02 3.951165080070495605e-02 3.286648914217948914e-02 1.478706952184438705e-02
1.441583931446075439e-01 1.246978119015693665e-01 3.612969443202018738e-02 1.600073091685771942e-02 3.567893803119659424e-02 1.096525117754936218e-01 1.054839938879013062e-01 7.651125546544790268e-03 1.207897625863552094e-02 1.086552999913692474e-02 5.687798857688903809e-01 6.238552741706371307e-03 1.101180240511894226e-01 2.813343517482280731e-02 5.279292166233062744e-02 2.678585425019264221e-02 1.495762960985302925e-03 4.109352827072143555e-02 3.706786409020423889e-02 2.862153574824333191e-02 6.918829865753650665e-03 4.017656901851296425e-04 1.952807791531085968e-02 2.855709195137023926e-02 2.804803848266601562e-02 1.391801144927740097e-02 1.435326877981424332e-02 2.372503280639648438e-03 1.235787104815244675e-02 3.031068481504917145e-02 3.428339958190917969e-02 3.474597632884979248e-02 2.114532049745321274e-03 3.815315291285514832e-02 4.732802882790565491e-02 3.222104534506797791e-02 4.826203733682632446e-02 2.073290757834911346e-02 3.423373773694038391e-02 4.671936854720115662e-02 3.458129242062568665e-02 1.054226048290729523e-02 3.053119406104087830e-02 2.470881864428520203e-02 3.623207565397024155e-03 2.146410197019577026e-02 5.281502380967140198e-02 2.299672923982143402e-02 2.369684167206287384e-02 1.008625980466604233e-02 1.121463067829608917e-02 5.865254905074834824e-03 7.492087781429290771e-03 3.196810605004429817e-03 3.499868139624595642e-02 3.049359284341335297e-02 3.499816730618476868e-02 4.393557086586952209e-02 9.850120171904563904e-03 1.551655493676662445e-02 2.033436298370361328e-02 8.026978000998497009e-03 3.912329673767089844e-02 1.133351959288120270e-02 6.707793474197387695e-02 2.322443015873432159e-02 1.856832765042781830e-02 2.697292529046535492e-02 2.763590309768915176e-03 5.366012081503868103e-02 1.700603216886520386e-02 3.550397465005517006e-03 1.473640743643045425e-02 3.146224468946456909e-02 1.506980974227190018e-02 3.122417815029621124e-02 2.408260852098464966e-02 3.371152654290199280e-02 2.801027707755565643e-02 4.974265582859516144e-03 1.591804437339305878e-02 4.124860092997550964e-02 3.641983028501272202e-03 2.323238179087638855e-02 4.112453758716583252e-02 4.226773977279663086e-02 3.958853892982006073e-03 2.265119366347789764e-02 3.041539154946804047e-02 1.769883930683135986e-02 1.437336113303899765e-02 7.961828261613845825e-02 1.981121115386486053e-02 3.764402493834495544e-02 2.239678241312503815e-02 2.343850024044513702e-02 3.792588412761688232e-02 1.709191873669624329e-02 3.738071769475936890e-02 4.198591783642768860e-02 2.152366563677787781e-02 3.810318559408187866e-02 6.662999745458364487e-03 1.090234424918889999e-02 7.666423916816711426e-03 4.129398241639137268e-02 1.997127570211887360e-02 2.007533609867095947e-02 2.010095305740833282e-02 2.464361675083637238e-02 1.722008548676967621e-02 4.383268952369689941e-02 4.784110933542251587e-02 4.032449424266815186e-02 5.668057594448328018e-03 4.237547516822814941e-02
8.100317791104316711e-03 2.442152239382266998e-02 1.670637167990207672e-02 7.286226376891136169e-03 8.092286065220832825e-03 4.209908470511436462e-02 2.082221396267414093e-02 1.114581129513680935e-03 2.534349076449871063e-02 2.815350890159606934e-03 6.238552741706371307e-03 5.539044737815856934e-01 6.104256026446819305e-03 9.222999215126037598e-02 4.833068698644638062e-02 1.331502944231033325e-02 1.248047221451997757e-02 2.236144430935382843e-02 3.502391045913100243e-03 2.333557792007923126e-02 2.872185036540031433e-02 1.129453442990779877e-02 3.425404056906700134e-02 5.118159111589193344e-03 1.227858755737543106e-02 4.933556076139211655e-03 2.441891096532344818e-02 1.074258312582969666e-01 2.716716844588518143e-04 3.173240274190902710e-02 5.266421940177679062e-03 4.886719584465026855e-02 4.103268310427665710e-02 3.749149292707443237e-02 2.319715172052383423e-02 2.919373847544193268e-02 3.556282445788383484e-02 2.893473580479621887e-02 4.708507657051086426e-02 1.510529778897762299e-02 2.100634016096591949e-02 1.778531819581985474e-02 2.265224419534206390e-02 2.720845222938805819e-04 1.069959625601768494e-02 1.125628221780061722e-02 1.164570171386003494e-02 1.161972526460886002e-03 3.156941011548042297e-02 4.762811586260795593e-02 2.437800914049148560e-02 2.832611463963985443e-02 3.292561974376440048e-03 4.717451054602861404e-03 3.625291585922241211e-02 4.839652031660079956e-02 1.034291833639144897e-02 4.068411421030759811e-03 7.047752849757671356e-03 2.329682232812047005e-03 5.168972909450531006e-02 3.824675828218460083e-02 3.015112131834030151e-02 6.631328142248094082e-04 1.516173221170902252e-02 1.399683998897671700e-03 2.411072328686714172e-02 2.254270389676094055e-02 2.011871337890625000e-02 2.533365972340106964e-02 9.209468960762023926e-03 9.978529997169971466e-03 3.951779566705226898e-03 4.417971242219209671e-03 1.749398303218185902e-03 3.199955821037292480e-02 3.506877645850181580e-02 3.677513450384140015e-03 1.033365610055625439e-03 1.989880949258804321e-02 7.129390258342027664e-03 4.381397273391485214e-03 9.498097002506256104e-03 1.166047248989343643e-02 6.430926732718944550e-03 2.532953955233097076e-02 9.774042293429374695e-03 4.247677512466907501e-03 5.606610700488090515e-02 3.560714051127433777e-02 3.308748826384544373e-02 6.342404522001743317e-03 3.220191225409507751e-02 9.227372356690466404e-04 4.063281416893005371e-02 4.723314195871353149e-03 5.409661307930946350e-02 2.994859963655471802e-02 6.167672108858823776e-03 3.636168316006660461e-02 4.773356020450592041e-02 4.068782925605773926e-02 4.190530627965927124e-02 8.450664579868316650e-03 1.126674655824899673e-02 5.720660090446472168e-02 4.535473510622978210e-02 1.338373869657516479e-02 3.452003374695777893e-02 3.604599973186850548e-03 4.854300059378147125e-03 1.417661271989345551e-02 1.149850152432918549e-02 1.024174503982067108e-02 8.851979859173297882e-03 2.857266739010810852e-02
1.097877025604248047e-01 1.422426849603652954e-01 4.409851040691137314e-03 1.281052548438310623e-02 2.395164035260677338e-02 1.148324683308601379e-01 9.543268382549285889e-02 3.893169015645980835e-02 1.002597529441118240e-02 2.873535081744194031e-02 1.101180240511894226e-01 6.104256026446819305e-03 5.707420706748962402e-01 2.481380477547645569e-03 6.429786328226327896e-03 1.716497540473937988e-02 2.916975691914558411e-02 3.870398923754692078e-02 3.386887162923812866e-02 1.404650695621967316e-02 3.792317584156990051e-02 5.404886603355407715e-02 2.544047683477401733e-02 3.959262743592262268e-02 2.632625959813594818e-02 3.396447375416755676e-02 6.402019411325454712e-02 1.688138581812381744e-02 3.207623213529586792e-02 3.493616729974746704e-02 3.908292576670646667e-02 2.766400389373302460e-02 2.428646758198738098e-02 3.952081128954887390e-02 6.187616381794214249e-03 3.080599382519721985e-02 2.646889537572860718e-02 2.827985212206840515e-03 2.771612489596009254e-03 1.447607856243848801e-02 4.269846901297569275e-02 3.791426122188568115e-02 5.263591930270195007e-02 1.322190091013908386e-02 4.939938429743051529e-03 1.430461928248405457e-02 5.407378450036048889e-02 1.293076202273368835e-02 3.281396254897117615e-02 8.396461606025695801e-03 2.251875959336757660e-02 2.117673866450786591e-02 1.160734705626964569e-02 3.449172899127006531e-02 2.836243808269500732e-02 3.117765486240386963e-02 3.070834651589393616e-02 2.417306974530220032e-02 2.970405481755733490e-02 9.012278169393539429e-03 1.625007204711437225e-02 9.750373661518096924e-03 1.548189390450716019e-02 9.015700197778642178e-04 2.544539794325828552e-02 4.894903674721717834e-02 1.374128554016351700e-02 4.844110086560249329e-02 2.641026163473725319e-03 2.683894149959087372e-02 3.753644647076725960e-03 3.308881819248199463e-02 5.163955502212047577e-03 1.003354135900735855e-02 5.272950045764446259e-03 1.477640122175216675e-03 1.010573748499155045e-02 2.489914931356906891e-02 2.262238226830959320e-02 3.752519935369491577e-02 2.553677931427955627e-02 1.698158867657184601e-02 1.505745388567447662e-02 2.016911469399929047e-02 3.117137402296066284e-02 3.199543058872222900e-02 1.815823093056678772e-02 2.521069720387458801e-02 3.711103275418281555e-02 2.936306595802307129e-02 7.826836779713630676e-03 6.349439918994903564e-02 7.617912720888853073e-03 5.486101284623146057e-02 1.096889562904834747e-02 1.493937801569700241e-02 2.947720885276794434e-02 1.486716791987419128e-02 3.956841677427291870e-02 2.094733528792858124e-02 3.691893443465232849e-02 3.022967465221881866e-02 2.100401371717453003e-02 1.082446053624153137e-02 6.911545991897583008e-03 1.163691934198141098e-02 1.807117275893688202e-02 3.130231052637100220e-02 7.767288014292716980e-03 6.613727658987045288e-03 1.588996150530874729e-03 4.852526634931564331e-02 4.840141162276268005e-02 4.728958755731582642e-02 6.680714897811412811e-03 1.856951043009757996e-02
