5.255549550056457520e-01 2.046008259057998657e-01 5.628423532471060753e-04 2.132123522460460663e-02 4.514424130320549011e-02 1.576169580221176147e-01 1.290991902351379395e-01 3.255919367074966431e-02 4.158024117350578308e-02 1.831843703985214233e-02 1.872455626726150513e-01 4.096120223402976990e-02 1.308225989341735840e-01 5.639481917023658752e-02 8.096439763903617859e-03 1.243164110928773880e-02 7.246242370456457138e-03 2.558056823909282684e-02 2.404901012778282166e-02 1.151653658598661423e-02 6.138917803764343262e-02 6.109221279621124268e-02 1.228491216897964478e-02 3.674803301692008972e-02 5.424877163022756577e-03 3.011073917150497437e-02 1.751358434557914734e-02 4.010945092886686325e-03 4.076198674738407135e-03 1.167564094066619873e-02 2.741844765841960907e-02 4.712785035371780396e-02 4.195056110620498657e-02 1.693962886929512024e-02 2.112792991101741791e-02 3.506124950945377350e-03 3.517314791679382324e-02 1.675110869109630585e-02 1.810824684798717499e-02 3.539468720555305481e-02 5.422843620181083679e-02 1.895488984882831573e-02 1.369295828044414520e-02 9.899812750518321991e-03 1.484741573221981525e-03 2.302277274429798126e-02 1.193129047751426697e-01 2.678554877638816833e-02 4.408251494169235229e-02 3.153858706355094910e-02 5.160566419363021851e-03 1.857249415479600430e-03 2.385809272527694702e-02 8.944854140281677246e-03 1.176708936691284180e-02 1.165248267352581024e-02 1.474087708629667759e-03 6.327198934741318226e-04 1.343870442360639572e-02 4.110500961542129517e-02 1.596338674426078796e-02 2.491464605554938316e-03 3.194621065631508827e-03 2.836347324773669243e-03 1.352432649582624435e-02 4.664426669478416443e-02 3.811839560512453318e-04 1.546126697212457657e-02 4.627570882439613342e-02 2.146643027663230896e-02 5.221882462501525879e-02 1.620027795433998108e-02 2.209007041528820992e-03 6.727187428623437881e-03 3.030921332538127899e-03 1.523547992110252380e-02 2.576951403170824051e-03 1.715797558426856995e-02 4.688505828380584717e-02 6.145365536212921143e-03 5.143951624631881714e-02 4.189075902104377747e-02 2.126137958839535713e-03 1.885228790342807770e-02 4.070023447275161743e-02 2.797944098711013794e-02 1.579692959785461426e-02 1.685346476733684540e-02 9.047878906130790710e-03 1.701536588370800018e-02 5.565631389617919922e-02 1.147336559370160103e-03 3.879868984222412109e-02 1.107309758663177490e-02 4.081230983138084412e-02 4.831001907587051392e-02 1.334710046648979187e-03 1.399495918303728104e-02 9.759758599102497101e-03 3.634965419769287109e-02 3.154497221112251282e-02 2.844040095806121826e-02 2.181949280202388763e-02 3.961073979735374451e-02 2.492192201316356659e-02 3.003511577844619751e-02 3.948377817869186401e-02 3.592035919427871704e-02 4.829083383083343506e-02 2.166679687798023224e-02 6.038573104888200760e-03 1.534484606236219406e-02 4.654219001531600952e-02 8.046242408454418182e-03 7.888337713666260242e-04 1.952939480543136597e-02
2.046008259057998657e-01 5.211094617843627930e-01 4.935669898986816406e-02 3.209330141544342041e-02 3.711098432540893555e-02 1.478158235549926758e-01 1.674057990312576294e-01 3.353373333811759949e-02 3.518255427479743958e-02 2.021919749677181244e-02 1.259573251008987427e-01 3.922025859355926514e-02 1.762617379426956177e-01 4.360669851303100586e-02 6.521680857986211777e-03 3.417836874723434448e-02 2.321751788258552551e-02 3.675278276205062866e-02 5.145912524312734604e-03 4.159806296229362488e-02 3.214255720376968384e-02 6.423612684011459351e-02 6.232406478375196457e-03 2.057750895619392395e-02 1.456100866198539734e-02 1.502536144107580185e-02 2.071109227836132050e-02 1.415900606662034988e-02 3.299816325306892395e-02 1.254922896623611450e-02 1.718799397349357605e-02 1.458353269845247269e-02 1.505263522267341614e-02 3.250031173229217529e-02 4.341411590576171875e-02 4.835808183997869492e-03 3.882478550076484680e-02 1.043637096881866455e-02 7.445809431374073029e-03 3.377958014607429504e-02 5.588225275278091431e-02 4.165445640683174133e-02 2.931808819994330406e-03 4.855872690677642822e-02 5.896335467696189880e-03 1.173039525747299194e-02 9.223035722970962524e-02 4.669383168220520020e-03 2.632742002606391907e-02 2.371129207313060760e-02 4.761271551251411438e-02 3.703747689723968506e-02 4.455034434795379639e-02 1.548890490084886551e-03 1.947428099811077118e-02 4.243051167577505112e-03 1.964478008449077606e-02 1.588939875364303589e-02 3.927494212985038757e-02 3.659412264823913574e-02 4.323836788535118103e-02 3.674776852130889893e-02 1.086747087538242340e-02 1.039867941290140152e-02 3.202395141124725342e-02 3.903274610638618469e-02 1.131698489189147949e-02 2.767502143979072571e-02 2.219557017087936401e-02 3.232052177190780640e-02 1.656166650354862213e-02 9.385062381625175476e-03 1.150951534509658813e-02 3.341748146340250969e-03 1.169963274151086807e-02 2.523491159081459045e-02 1.970451325178146362e-02 2.744226902723312378e-02 4.429677128791809082e-02 2.552895434200763702e-02 4.054301604628562927e-02 1.675576204434037209e-03 1.144972164183855057e-03 1.617148518562316895e-02 1.425431016832590103e-02 2.330772578716278076e-02 1.813433319330215454e-02 4.928380716592073441e-03 1.227228622883558273e-02 6.872641853988170624e-03 2.063116058707237244e-02 3.082673624157905579e-02 2.697987714782357216e-03 1.112867426127195358e-02 4.480750113725662231e-02 3.062337264418601990e-02 8.327297866344451904e-03 1.667393185198307037e-02 2.202354744076728821e-02 2.024575881659984589e-02 1.123887370340526104e-03 1.814578101038932800e-02 4.453463945537805557e-03 3.855793178081512451e-02 2.524605393409729004e-02 2.498474530875682831e-02 5.381705984473228455e-02 3.068459592759609222e-02 1.678830944001674652e-02 3.308526426553726196e-02 3.742403164505958557e-02 1.371401920914649963e-02 4.587268084287643433e-02 1.427685376256704330e-02 8.327909745275974274e-03 3.125603497028350830e-02
5.628423532471060753e-04 4.935669898986816406e-02 4.951718151569366455e-01 2.197431027889251709e-02 4.265750572085380554e-02 7.927675731480121613e-03 4.039254970848560333e-03 4.444985091686248779e-02 3.943312540650367737e-02 4.096964746713638306e-02 2.324698306620121002e-02 1.012431457638740540e-02 2.528999932110309601e-02 2.410078234970569611e-02 4.183173552155494690e-02 5.446479190140962601e-03 2.225621230900287628e-02 2.922785840928554535e-02 1.240296941250562668e-02 3.207452595233917236e-02 2.920688502490520477e-02 7.898671180009841919e-02 1.514395931735634804e-03 2.354272454977035522e-02 4.354054853320121765e-02 4.137219116091728210e-02 2.571806311607360840e-02 1.439174637198448181e-02 3.063357993960380554e-02 2.502081915736198425e-02 3.915197029709815979e-02 2.227009972557425499e-03 1.178025413537397981e-04 1.028555724769830704e-02 1.728483824990689754e-03 1.460932567715644836e-02 1.446137297898530960e-02 6.292127072811126709e-02 3.047871217131614685e-02 2.607997879385948181e-02 5.174758285284042358e-02 4.833937063813209534e-02 4.178439080715179443e-02 4.142814874649047852e-02 4.153509065508842468e-02 1.541825942695140839e-02 1.704665645956993103e-02 3.396216779947280884e-02 5.199388042092323303e-02 2.339182049036026001e-02 3.442109376192092896e-02 4.381101578474044800e-02 2.402108162641525269e-02 7.092421874403953552e-03 1.854860782623291016e-02 1.924427971243858337e-02 4.727942124009132385e-02 3.196671605110168457e-02 4.393147677183151245e-02 1.009508408606052399e-02 3.450745716691017151e-02 3.072229772806167603e-02 4.100432246923446655e-02 1.130410563200712204e-02 2.591460756957530975e-02 2.179484069347381592e-02 7.654239982366561890e-02 4.956801235675811768e-02 2.772135473787784576e-02 1.981980912387371063e-02 3.624944016337394714e-02 3.099958039820194244e-02 1.376140676438808441e-02 6.894451100379228592e-03 3.769055707380175591e-03 5.429542623460292816e-03 3.715186193585395813e-02 1.092423126101493835e-02 3.255471214652061462e-02 5.946715362370014191e-03 1.300750821828842163e-01 1.771048158407211304e-01 3.898660093545913696e-02 3.753080219030380249e-02 1.046378072351217270e-02 5.756508093327283859e-03 2.117622829973697662e-02 1.147486548870801926e-02 3.536875918507575989e-02 3.419766202569007874e-02 4.364956170320510864e-02 1.736505329608917236e-02 3.822253271937370300e-02 5.609838757663965225e-03 3.865687549114227295e-02 5.038437992334365845e-02 5.319749936461448669e-03 2.699615899473428726e-03 2.812188863754272461e-02 2.325104549527168274e-03 3.749689087271690369e-02 2.460070699453353882e-02 5.462419241666793823e-03 3.949091583490371704e-02 2.063885517418384552e-02 1.720091886818408966e-02 5.368749052286148071e-02 1.461815554648637772e-02 2.424761652946472168e-03 2.602048404514789581e-02 4.106657952070236206e-02 4.225452244281768799e-02 1.764979213476181030e-02 6.198173388838768005e-02 1.159758772701025009e-03 5.034121498465538025e-02
2.132123522460460663e-02 3.209330141544342041e-02 2.197431027889251709e-02 5.111110806465148926e-01 1.499469727277755737e-01 3.270815685391426086e-02 1.511291321367025375e-02 2.663637883961200714e-02 2.099817618727684021e-02 3.642211481928825378e-02 4.000939056277275085e-02 1.410725526511669159e-02 4.382160305976867676e-02 3.106601163744926453e-02 5.569842644035816193e-03 5.125893279910087585e-02 2.680046483874320984e-02 4.084857925772666931e-02 2.677016519010066986e-02 1.260254159569740295e-02 4.893359169363975525e-02 5.413154512643814087e-02 3.908863291144371033e-02 5.095035582780838013e-02 4.269252531230449677e-03 4.636829718947410583e-02 1.568911038339138031e-02 2.226856909692287445e-02 9.101355448365211487e-03 2.343267574906349182e-02 2.236179634928703308e-02 4.863614961504936218e-02 4.991618916392326355e-03 4.213264957070350647e-02 1.917812228202819824e-02 4.117427393794059753e-02 4.226971790194511414e-02 4.500709846615791321e-02 4.803450778126716614e-02 3.672390431165695190e-02 2.432430349290370941e-02 1.803383231163024902e-02 9.715748601593077183e-04 1.804342144168913364e-03 1.544864103198051453e-02 5.437360610812902451e-03 4.860795289278030396e-02 2.782750874757766724e-02 2.396182157099246979e-02 1.119189895689487457e-03 2.082618325948715210e-02 1.881348714232444763e-02 4.268636461347341537e-03 5.921347998082637787e-03 2.320304512977600098e-03 4.764397814869880676e-02 4.624193534255027771e-03 2.292976528406143188e-02 2.262664027512073517e-02 3.444450721144676208e-02 2.380421943962574005e-02 8.925195783376693726e-03 4.992739483714103699e-02 6.168712303042411804e-02 2.114409208297729492e-02 1.724052987992763519e-02 6.424352526664733887e-03 1.590673997998237610e-02 1.420878898352384567e-02 2.607845328748226166e-02 4.440771415829658508e-03 2.724940888583660126e-02 9.148419648408889771e-02 4.812973085790872574e-03 6.984574347734451294e-02 2.244193339720368385e-03 1.501316297799348831e-02 3.167860582470893860e-02 1.727200672030448914e-02 1.968977227807044983e-02 9.838743135333061218e-03 3.408223390579223633e-02 3.944819793105125427e-02 7.779955863952636719e-03 4.514373466372489929e-02 2.866882458329200745e-02 1.550577674061059952e-02 2.218654844909906387e-03 4.087217524647712708e-02 1.187930116429924965e-03 2.301410771906375885e-02 1.708871126174926758e-02 1.338363438844680786e-02 6.343334447592496872e-03 1.525754667818546295e-02 1.681311987340450287e-02 9.943364188075065613e-03 5.797916091978549957e-03 9.490328840911388397e-03 4.339797794818878174e-02 4.684451967477798462e-02 3.149455413222312927e-02 2.512590028345584869e-02 4.532602429389953613e-02 1.050105411559343338e-02 7.304040249437093735e-03 1.337698101997375488e-02 4.498758539557456970e-02 1.985806226730346680e-02 5.318250134587287903e-02 2.041439292952418327e-03 3.534712269902229309e-02 8.266977965831756592e-03 1.216618251055479050e-02 3.171188756823539734e-02 4.418213292956352234e-02
4.514424130320549011e-02 3.711098432540893555e-02 4.265750572085380554e-02 1.499469727277755737e-01 5.119946599006652832e-01 3.306493163108825684e-02 2.527305670082569122e-02 1.519756484776735306e-02 1.148360408842563629e-02 3.084746189415454865e-02 2.982760965824127197e-02 8.228768594563007355e-03 3.555459529161453247e-02 1.232036389410495758e-02 4.723326303064823151e-03 4.577854648232460022e-02 2.071535587310791016e-02 4.014528915286064148e-02 2.477480843663215637e-02 6.590712815523147583e-03 4.263677448034286499e-02 5.079373344779014587e-02 3.270847722887992859e-02 4.723520949482917786e-02 7.411797530949115753e-03 3.303762525320053101e-02 1.231913641095161438e-02 2.146417275071144104e-02 1.295717060565948486e-02 1.838785223662853241e-02 2.562122978270053864e-02 3.994738310575485229e-02 3.153081983327865601e-03 4.988953098654747009e-02 1.263220515102148056e-02 3.589923679828643799e-02 4.397774487733840942e-02 3.608055412769317627e-02 4.723947867751121521e-02 4.892854392528533936e-02 1.898280158638954163e-02 2.509519644081592560e-02 1.602589525282382965e-02 9.172522462904453278e-03 5.354533903300762177e-03 2.121717901900410652e-03 3.710040450096130371e-02 1.879435405135154724e-02 1.011906936764717102e-02 8.629410527646541595e-03 3.924464434385299683e-02 2.351859584450721741e-02 1.226201280951499939e-02 3.364253090694546700e-03 3.238391131162643433e-03 5.371413379907608032e-02 4.797842819243669510e-03 1.383903063833713531e-02 3.866185247898101807e-02 4.030693322420120239e-02 3.045188263058662415e-02 1.709951274096965790e-02 4.320032894611358643e-02 5.001476034522056580e-02 2.014090307056903839e-02 5.524095613509416580e-03 3.338646609336137772e-03 2.633006311953067780e-02 1.515501644462347031e-02 1.282572839409112930e-02 1.126090437173843384e-02 1.924491487443447113e-02 7.008753716945648193e-02 1.400959305465221405e-02 5.146171897649765015e-02 1.802784623578190804e-03 1.947081834077835083e-02 1.854460313916206360e-02 5.897244554944336414e-04 2.576247230172157288e-02 1.203662157058715820e-02 2.900942787528038025e-02 1.231190189719200134e-02 4.024117253720760345e-03 2.317399159073829651e-02 3.960416838526725769e-02 4.915877711027860641e-03 9.798527695238590240e-03 3.346242383122444153e-02 1.243431959301233292e-02 1.537986751645803452e-02 1.703488454222679138e-02 4.214512649923563004e-03 2.466636477038264275e-03 3.048927290365099907e-03 1.437491085380315781e-02 8.253600448369979858e-03 3.361524548381567001e-03 1.024924125522375107e-02 3.540281951427459717e-02 2.346982993185520172e-02 1.884452067315578461e-02 1.812249794602394104e-02 2.262160740792751312e-02 8.955283556133508682e-04 8.464587852358818054e-03 3.128266194835305214e-03 3.360158205032348633e-02 2.422708272933959961e-02 3.130032867193222046e-02 5.879690404981374741e-03 4.159215092658996582e-02 1.342231966555118561e-02 1.542930025607347488e-02 1.793625392019748688e-02 5.744934454560279846e-02
1.576169580221176147e-01 1.478158235549926758e-01 7.927675731480121613e-03 3.270815685391426086e-02 3.306493163108825684e-02 5.285502076148986816e-01 3.102502524852752686e-01 3.202332556247711182e-02 2.599202841520309448e-02 4.180622100830078125e-02 8.645310252904891968e-02 8.241833187639713287e-03 1.401476114988327026e-01 4.616000689566135406e-03 2.999899163842201233e-02 6.176789756864309311e-03 3.219414036720991135e-03 1.652433909475803375e-02 1.606876403093338013e-02 3.060498088598251343e-02 3.621168434619903564e-02 1.959986612200737000e-02 1.821710169315338135e-02 1.398148015141487122e-02 3.610515594482421875e-02 4.300311673432588577e-03 1.723979832604527473e-03 2.223334088921546936e-02 4.088533669710159302e-02 6.590041797608137131e-03 5.344712641090154648e-03 4.134487733244895935e-02 2.061044052243232727e-02 6.434603128582239151e-03 2.911452949047088623e-02 2.498177997767925262e-02 2.402151748538017273e-02 3.856100142002105713e-02 8.267669938504695892e-03 1.562520675361156464e-02 2.594314329326152802e-02 3.148984163999557495e-02 9.025245904922485352e-03 2.821800857782363892e-02 7.618038449436426163e-03 4.948394838720560074e-03 1.921509206295013428e-01 6.649705022573471069e-02 5.844275467097759247e-03 1.843842118978500366e-02 5.738458130508661270e-04 4.563090391457080841e-03 1.543383486568927765e-02 1.133664138615131378e-02 9.388700127601623535e-03 8.808786980807781219e-03 1.906192861497402191e-02 1.748428866267204285e-02 2.943711541593074799e-02 3.413701802492141724e-02 3.217897564172744751e-02 7.028808351606130600e-03 1.262053288519382477e-02 4.132970701903104782e-03 3.251938149333000183e-02 3.775076940655708313e-02 2.047317288815975189e-02 2.447412721812725067e-02 1.786480285227298737e-02 4.782679677009582520e-02 1.796478219330310822e-02 4.663140326738357544e-02 1.678379625082015991e-02 1.581940241158008575e-02 5.025300197303295135e-03 8.067379705607891083e-03 3.062502853572368622e-02 3.667202591896057129e-02 4.065426811575889587e-02 5.303634330630302429e-02 1.313264016062021255e-02 3.807987645268440247e-02 1.750845462083816528e-02 3.674888284876942635e-03 8.634625934064388275e-03 6.331133656203746796e-03 9.814910590648651123e-04 1.335817947983741760e-02 1.424577925354242325e-02 2.206808887422084808e-02 4.369706660509109497e-02 4.818233102560043335e-02 1.967732608318328857e-02 4.761496931314468384e-02 4.817702807486057281e-03 4.353245347738265991e-02 2.057325467467308044e-02 1.851192675530910492e-02 3.058746829628944397e-02 3.016880340874195099e-02 3.033012337982654572e-02 4.016120731830596924e-02 3.704131022095680237e-02 5.342768505215644836e-03 2.965361811220645905e-02 1.035932172089815140e-02 1.557172648608684540e-02 4.761533439159393311e-02 3.983627539128065109e-03 5.105509236454963684e-02 1.083986368030309677e-02 3.841710463166236877e-02 1.359213888645172119e-02 8.996930904686450958e-03 2.032835595309734344e-02 2.189277857542037964e-02
1.290991902351379395e-01 1.674057990312576294e-01 4.039254970848560333e-03 1.511291321367025375e-02 2.527305670082569122e-02 3.102502524852752686e-01 5.312653183937072754e-01 2.938240021467208862e-02 2.133861929178237915e-02 4.070197045803070068e-02 8.956585079431533813e-02 1.553984126076102257e-03 1.725954860448837280e-01 1.037354115396738052e-02 4.199096933007240295e-02 9.379188995808362961e-04 6.879837252199649811e-03 2.507452853024005890e-02 1.306451298296451569e-02 1.327489968389272690e-02 1.246531121432781219e-02 9.710098616778850555e-03 1.118335966020822525e-02 4.180311225354671478e-03 1.066785398870706558e-02 1.852637343108654022e-02 1.555419713258743286e-02 6.533477455377578735e-03 4.945798590779304504e-02 2.778061851859092712e-02 5.053342785686254501e-03 4.957660101354122162e-03 6.796254310756921768e-03 3.156068921089172363e-02 2.872657775878906250e-02 3.782682120800018311e-02 7.714651525020599365e-03 3.929046168923377991e-02 1.534823793917894363e-03 1.783676072955131531e-02 4.073356091976165771e-02 3.882922977209091187e-02 3.078820370137691498e-02 2.683816850185394287e-02 4.605928901582956314e-03 1.302278693765401840e-02 2.052424401044845581e-01 1.287779957056045532e-01 3.055627271533012390e-02 3.715490922331809998e-02 3.786261193454265594e-03 4.779865266755223274e-04 2.514958567917346954e-02 2.395670861005783081e-02 3.106925636529922485e-02 2.425519749522209167e-02 3.366605564951896667e-02 1.684159412980079651e-02 2.447002567350864410e-02 2.908963710069656372e-02 2.838768996298313141e-02 2.773254550993442535e-02 4.128762986510992050e-03 1.519365608692169189e-02 3.253639861941337585e-02 4.918150231242179871e-02 4.100445657968521118e-02 2.187637984752655029e-02 2.610249212011694908e-03 2.974736504256725311e-02 1.155437063425779343e-02 4.050400853157043457e-02 2.896355837583541870e-02 3.514789789915084839e-02 1.798903942108154297e-02 1.511525362730026245e-02 3.627388551831245422e-02 1.189274247735738754e-02 3.546358644962310791e-02 6.282877922058105469e-02 1.339750364422798157e-03 2.330321446061134338e-02 2.633022889494895935e-02 1.187185384333133698e-02 1.324611064046621323e-02 2.540571987628936768e-02 9.490793570876121521e-03 1.159702520817518234e-02 3.719034045934677124e-02 1.326200086623430252e-03 5.032496154308319092e-02 4.681529477238655090e-02 4.239673539996147156e-02 4.282519593834877014e-02 7.033558562397956848e-03 3.661911934614181519e-02 3.929562494158744812e-02 2.824708819389343262e-02 1.168150082230567932e-02 3.489217907190322876e-02 2.473457343876361847e-02 2.698304690420627594e-02 2.355678379535675049e-02 1.984643004834651947e-02 9.822647087275981903e-03 7.649904000572860241e-04 1.971270889043807983e-02 4.928273335099220276e-02 2.641456201672554016e-02 3.019459359347820282e-02 1.650184765458106995e-02 2.890242962166666985e-03 3.880121186375617981e-02 1.525272522121667862e-02 3.865682333707809448e-02 6.278421264141798019e-03
3.255919367074966431e-02 3.353373333811759949e-02 4.444985091686248779e-02 2.663637883961200714e-02 1.519756484776735306e-02 3.202332556247711182e-02 2.938240021467208862e-02 5.096830725669860840e-01 2.475809771567583084e-03 1.482341066002845764e-02 4.545028880238533020e-02 1.489479653537273407e-02 3.575641289353370667e-02 1.418799720704555511e-02 1.346579492092132568e-01 2.859685011208057404e-02 9.100950323045253754e-03 2.901885844767093658e-02 1.873147487640380859e-02 2.004266716539859772e-02 2.923879213631153107e-02 4.501489177346229553e-02 1.306725945323705673e-02 3.466022899374365807e-03 1.820204779505729675e-02 2.651414833962917328e-02 1.192144118249416351e-02 6.075477227568626404e-03 1.367116114124655724e-03 6.662406027317047119e-03 1.278306357562541962e-02 2.908714674413204193e-02 1.132830604910850525e-02 5.529195070266723633e-02 2.033965289592742920e-02 3.355328924953937531e-03 2.153189666569232941e-02 5.706708133220672607e-02 6.474508438259363174e-03 7.102639880031347275e-03 2.910336107015609741e-02 7.697316352277994156e-03 1.052877213805913925e-02 8.447633590549230576e-04 8.630004711449146271e-03 7.066047750413417816e-03 3.079718444496393204e-03 2.654618350788950920e-03 3.716922178864479065e-02 6.814077030867338181e-03 4.228068888187408447e-02 4.398008063435554504e-02 1.009546034038066864e-02 1.153067313134670258e-02 1.615426875650882721e-02 4.309914261102676392e-02 1.650508493185043335e-02 3.938774392008781433e-02 2.956515550613403320e-02 2.015208080410957336e-02 2.423887886106967926e-02 3.333301842212677002e-02 1.726131327450275421e-02 1.007489487528800964e-02 4.878988116979598999e-02 1.221367809921503067e-02 8.626064285635948181e-03 3.171331435441970825e-02 7.884777151048183441e-03 1.542928069829940796e-02 1.264470163732767105e-02 2.446652948856353760e-02 2.332828752696514130e-02 5.496965255588293076e-03 1.080452743917703629e-02 1.750792004168033600e-02 1.327546592801809311e-02 4.907920584082603455e-02 3.116522217169404030e-03 1.066245511174201965e-02 1.167039275169372559e-01 1.040048152208328247e-01 3.459549322724342346e-02 9.062059223651885986e-03 1.554807182401418686e-03 7.549118250608444214e-03 1.076206862926483154e-01 8.304250985383987427e-02 1.623256877064704895e-02 5.313649028539657593e-02 1.393030863255262375e-03 1.427144929766654968e-02 2.144566737115383148e-03 5.074439942836761475e-02 1.868568360805511475e-02 2.697653369978070259e-03 1.519411988556385040e-02 7.705302909016609192e-03 2.840446680784225464e-02 1.109611988067626953e-02 2.427080832421779633e-02 6.365035078488290310e-04 1.385489944368600845e-03 1.590002328157424927e-02 9.022176265716552734e-03 1.649646647274494171e-02 1.945504359900951385e-02 3.963350504636764526e-02 3.827959299087524414e-02 4.896765947341918945e-02 5.347946193069219589e-03 4.830264020711183548e-03 4.039983823895454407e-02 1.442646142095327377e-02 1.204810105264186859e-03 1.014311239123344421e-02
4.158024117350578308e-02 3.518255427479743958e-02 3.943312540650367737e-02 2.099817618727684021e-02 1.148360408842563629e-02 2.599202841520309448e-02 2.133861929178237915e-02 2.475809771567583084e-03 5.139642953872680664e-01 9.369472414255142212e-02 6.409474182873964310e-03 6.603638082742691040e-02 2.427238225936889648e-02 4.405225440859794617e-02 4.132035002112388611e-02 1.103761512786149979e-02 2.759996615350246429e-02 4.669166356325149536e-02 4.454737529158592224e-02 4.408290609717369080e-02 2.833678014576435089e-02 5.066477879881858826e-02 2.906998619437217712e-02 2.332783304154872894e-02 2.026476152241230011e-02 1.933415047824382782e-02 5.296347662806510925e-03 1.787450164556503296e-02 3.222425875719636679e-04 1.656941324472427368e-02 2.428651228547096252e-02 4.174829646944999695e-02 3.893723711371421814e-02 5.146190524101257324e-02 4.274156317114830017e-02 1.719485968351364136e-02 2.333730692043900490e-03 4.926899820566177368e-02 2.890113927423954010e-02 2.097349613904953003e-02 1.162468083202838898e-02 1.181077491492033005e-02 2.895639836788177490e-02 1.490008144173771143e-04 3.516047075390815735e-02 3.041610866785049438e-02 3.699234500527381897e-02 4.020307958126068115e-02 3.448622673749923706e-02 1.620520651340484619e-02 6.942690350115299225e-03 2.168134599924087524e-02 2.430751174688339233e-02 5.590838380157947540e-03 9.053748846054077148e-02 2.654243819415569305e-02 4.206397570669651031e-03 1.122127473354339600e-02 2.074546739459037781e-02 4.274994879961013794e-02 1.398255489766597748e-02 6.550390738993883133e-03 2.582608908414840698e-02 2.070791088044643402e-02 4.503639042377471924e-02 2.216693945229053497e-02 4.679716378450393677e-02 5.392370373010635376e-02 8.879340440034866333e-02 1.276940014213323593e-02 5.088783428072929382e-02 1.301185926422476768e-03 1.219217013567686081e-02 1.400859281420707703e-02 1.251281797885894775e-02 5.203700624406337738e-03 1.251839697360992432e-01 7.013037055730819702e-02 4.400028660893440247e-02 3.845214471220970154e-02 2.869920246303081512e-02 1.918187364935874939e-02 1.334330812096595764e-02 2.495110034942626953e-03 4.565543681383132935e-02 2.790916711091995239e-02 3.609629347920417786e-02 4.335500299930572510e-02 5.424699559807777405e-02 4.534810408949851990e-02 4.089999943971633911e-02 4.581670463085174561e-02 4.609067738056182861e-02 4.501287639141082764e-02 4.692301526665687561e-02 3.325117751955986023e-02 2.300948370248079300e-03 1.206602994352579117e-02 3.340861201286315918e-02 1.750607602298259735e-02 5.310807004570960999e-02 2.421558834612369537e-02 1.840984821319580078e-02 1.968995202332735062e-03 2.993968315422534943e-03 1.883860304951667786e-02 2.276893332600593567e-02 1.753946021199226379e-02 7.245060987770557404e-03 2.990329824388027191e-02 2.464664727449417114e-02 3.844770416617393494e-02 2.837725356221199036e-02 3.298655152320861816e-02 1.964974403381347656e-02 2.670920640230178833e-02
1.831843703985214233e-02 2.021919749677181244e-02 4.096964746713638306e-02 3.642211481928825378e-02 3.084746189415454865e-02 4.180622100830078125e-02 4.070197045803070068e-02 1.482341066002845764e-02 9.369472414255142212e-02 5.101315379142761230e-01 3.445728495717048645e-02 5.958846211433410645e-02 1.187513303011655807e-02 7.730425894260406494e-02 4.718030616641044617e-02 6.955145508982241154e-04 3.241465240716934204e-02 3.103752806782722473e-02 6.487289816141128540e-02 8.167892694473266602e-03 1.105371676385402679e-02 3.144567832350730896e-02 1.988288713619112968e-03 3.779201582074165344e-02 3.248264268040657043e-02 2.140164561569690704e-02 2.705760858952999115e-02 2.191812498494982719e-03 3.986316546797752380e-02 4.473735392093658447e-02 3.787754848599433899e-02 5.696771666407585144e-02 3.021696396172046661e-02 4.445679113268852234e-02 3.225687518715858459e-02 1.142326463013887405e-02 5.045828223228454590e-02 3.753662109375000000e-02 1.320385187864303589e-02 2.463839948177337646e-02 3.230065479874610901e-02 8.767125196754932404e-03 2.474760822951793671e-02 3.667445853352546692e-02 1.928627304732799530e-02 7.185763679444789886e-03 9.669952094554901123e-03 3.313517570495605469e-02 4.360486567020416260e-02 1.178689524531364441e-01 3.929348196834325790e-03 3.337159520015120506e-03 1.860757172107696533e-02 3.213920071721076965e-02 2.442636527121067047e-02 8.629991114139556885e-02 5.004702135920524597e-02 3.510868409648537636e-03 1.292284391820430756e-02 1.579949073493480682e-02 4.720662161707878113e-02 1.326674246229231358e-04 1.115875318646430969e-02 5.116561055183410645e-02 3.008653176948428154e-03 1.220113597810268402e-03 2.714520087465643883e-03 6.272756028920412064e-03 5.092033371329307556e-02 1.793918944895267487e-02 8.180128782987594604e-02 4.305416718125343323e-02 5.451982095837593079e-02 2.877619862556457520e-02 2.881289273500442505e-02 4.868150874972343445e-02 5.885976925492286682e-02 1.146401092410087585e-01 1.277894899249076843e-02 1.130674183368682861e-01 2.713818289339542389e-02 2.451865933835506439e-02 4.436321929097175598e-02 4.191879928112030029e-02 7.629120256751775742e-03 4.682123661041259766e-02 3.043102659285068512e-02 8.515415713191032410e-03 2.598046697676181793e-02 1.166375651955604553e-01 3.721416741609573364e-02 8.727817796170711517e-03 4.360515251755714417e-02 2.256720513105392456e-02 9.077934548258781433e-03 4.540808871388435364e-02 4.020791035145521164e-03 1.018746756017208099e-02 6.208612024784088135e-02 2.404117584228515625e-02 1.142347138375043869e-02 4.112983867526054382e-02 6.311092525720596313e-02 2.734584547579288483e-02 4.150905087590217590e-02 2.652053907513618469e-02 4.090417176485061646e-02 3.022559359669685364e-02 3.197653964161872864e-02 2.381403930485248566e-02 3.247372806072235107e-02 5.347694829106330872e-02 3.981889784336090088e-02 2.798366360366344452e-02 4.509415104985237122e-02 3.220203891396522522e-02
1.872455626726150513e-01 1.259573251008987427e-01 2.324698306620121002e-02 4.000939056277275085e-02 2.982760965824127197e-02 8.645310252904891968e-02 8.956585079431533813e-02 4.545028880238533020e-02 6.409474182873964310e-03 3.445728495717048645e-02 5.095950961112976074e-01 6.687770597636699677e-03 1.924204379320144653e-01 9.095397777855396271e-03 7.399456575512886047e-03 2.446790225803852081e-02 2.969205752015113831e-02 1.723823510110378265e-02 2.755736559629440308e-02 1.874616555869579315e-02 4.252486303448677063e-02 2.446180395781993866e-02 1.840521395206451416e-02 1.544024795293807983e-02 1.513322349637746811e-02 3.893080726265907288e-02 2.153770811855792999e-02 3.422272950410842896e-02 3.417532145977020264e-02 4.051745682954788208e-02 2.776335179805755615e-02 2.703252620995044708e-02 2.254054695367813110e-02 2.302523702383041382e-02 3.449238603934645653e-03 4.369319975376129150e-02 1.179570611566305161e-02 8.019806817173957825e-03 2.940961904823780060e-02 4.888621717691421509e-02 1.078793662600219250e-03 2.231877483427524567e-02 2.128727966919541359e-03 4.236941784620285034e-02 5.888926610350608826e-02 1.904197782278060913e-02 1.014361977577209473e-01 7.792522758245468140e-02 4.410455748438835144e-02 4.116526804864406586e-03 3.280873224139213562e-02 2.951978705823421478e-02 2.137925848364830017e-02 8.866391726769506931e-04 3.730044886469841003e-02 4.676698520779609680e-02 1.369637157768011093e-02 1.429986953735351562e-02 5.335281603038311005e-03 3.166021779179573059e-02 2.190731465816497803e-02 1.985142007470130920e-02 2.318764803931117058e-03 3.259874507784843445e-02 2.801188640296459198e-02 5.243730172514915466e-02 4.160813987255096436e-02 7.154078222811222076e-03 2.506174147129058838e-02 1.940126344561576843e-02 1.625392772257328033e-02 2.965079993009567261e-02 3.876940533518791199e-02 3.249591588973999023e-02 2.340875938534736633e-02 1.758885383605957031e-02 3.425823524594306946e-02 4.295402392745018005e-02 1.480792649090290070e-02 2.798487432301044464e-02 1.043661590665578842e-02 1.648831181228160858e-02 2.059132559224963188e-03 5.224716849625110626e-03 2.062498964369297028e-02 1.539761107414960861e-02 2.697741240262985229e-02 2.488747425377368927e-02 4.658671468496322632e-02 1.119679026305675507e-02 1.018459297483786941e-04 2.819010801613330841e-02 1.266514696180820465e-02 1.102315820753574371e-02 3.807591274380683899e-03 3.994906786829233170e-03 1.931131817400455475e-02 2.303595468401908875e-02 2.308880910277366638e-02 1.565841212868690491e-02 2.079938910901546478e-02 6.447813473641872406e-03 2.030441537499427795e-03 9.193939156830310822e-03 3.496336191892623901e-02 3.348786756396293640e-02 2.302945405244827271e-02 2.018103934824466705e-02 1.490310020744800568e-02 1.585181057453155518e-02 4.304051771759986877e-02 4.358166083693504333e-02 7.775940466672182083e-03 3.563624992966651917e-02 4.366733133792877197e-02 3.569313138723373413e-02
4.096120223402976990e-02 3.922025859355926514e-02 1.012431457638740540e-02 1.410725526511669159e-02 8.228768594563007355e-03 8.241833187639713287e-03 1.553984126076102257e-03 1.489479653537273407e-02 6.603638082742691040e-02 5.958846211433410645e-02 6.687770597636699677e-03 5.080714225769042969e-01 3.650578903034329414e-03 1.947806179523468018e-01 4.188008606433868408e-02 4.010089486837387085e-02 3.530387952923774719e-02 4.606707766652107239e-02 1.056913752108812332e-02 1.326323719695210457e-03 3.091471036896109581e-03 5.144760385155677795e-02 1.111387088894844055e-02 4.743060562759637833e-03 4.052218794822692871e-02 9.021896868944168091e-03 1.186469849199056625e-02 8.326227217912673950e-02 3.656973317265510559e-02 9.002018719911575317e-02 6.247365381568670273e-04 1.042411103844642639e-02 3.878116235136985779e-02 2.814376167953014374e-02 3.253150731325149536e-02 1.310168206691741943e-02 5.029534175992012024e-02 1.416788715869188309e-02 1.054807566106319427e-02 1.981968618929386139e-02 3.572421893477439880e-02 6.191666238009929657e-03 3.466818854212760925e-02 1.529845409095287323e-02 9.028198570013046265e-02 2.674183249473571777e-02 3.997517004609107971e-02 1.445465907454490662e-02 1.514771673828363419e-02 4.224045947194099426e-02 1.454470492899417877e-02 4.300905764102935791e-02 1.562440209090709686e-02 9.237488731741905212e-03 4.343122988939285278e-02 4.205261915922164917e-02 9.460108354687690735e-03 2.473792061209678650e-02 2.373338304460048676e-02 2.683392539620399475e-02 4.876885190606117249e-02 3.618254140019416809e-02 7.438652217388153076e-03 9.169439785182476044e-03 3.760497272014617920e-02 4.664672538638114929e-02 1.504857908003032207e-03 2.392896451056003571e-02 8.284049108624458313e-03 3.853288013488054276e-03 2.928489446640014648e-02 1.717964932322502136e-02 2.570390701293945312e-02 1.671203412115573883e-03 2.197603322565555573e-02 1.591333188116550446e-03 5.316277593374252319e-02 5.579985305666923523e-02 1.991927437484264374e-02 7.307314313948154449e-03 1.178123988211154938e-02 1.743821799755096436e-02 3.461090102791786194e-02 1.672635413706302643e-02 3.226951509714126587e-02 9.337542578577995300e-03 2.562723867595195770e-02 2.731571160256862640e-02 3.970351815223693848e-02 5.471766367554664612e-02 2.665700763463973999e-02 2.461589127779006958e-02 1.626947335898876190e-02 4.787253588438034058e-02 1.584364287555217743e-02 8.803677745163440704e-03 2.724100649356842041e-02 1.896496489644050598e-02 3.335564211010932922e-02 5.506303533911705017e-02 4.939412232488393784e-03 3.004453517496585846e-02 3.137960657477378845e-02 1.231946516782045364e-02 2.680940926074981689e-02 4.525676742196083069e-02 4.296993091702461243e-02 1.402586791664361954e-02 4.748855903744697571e-02 2.798553556203842163e-03 3.534460067749023438e-02 1.644254662096500397e-02 1.482975389808416367e-02 3.017443418502807617e-02 1.177994068711996078e-02 1.128019485622644424e-02
1.308225989341735840e-01 1.762617379426956177e-01 2.528999932110309601e-02 4.382160305976867676e-02 3.555459529161453247e-02 1.401476114988327026e-01 1.725954860448837280e-01 3.575641289353370667e-02 2.427238225936889648e-02 1.187513303011655807e-02 1.924204379320144653e-01 3.650578903034329414e-03 5.153126716613769531e-01 5.603861995041370392e-03 2.785078063607215881e-02 3.597376868128776550e-02 4.951844364404678345e-02 3.617130219936370850e-02 1.385598257184028625e-02 1.848209090530872345e-02 1.347122481092810631e-03 4.115750640630722046e-02 1.994485594332218170e-02 2.590041607618331909e-02 7.284744177013635635e-03 3.058445407077670097e-03 1.964593864977359772e-02 3.989182412624359131e-02 2.999354712665081024e-02 5.170988291501998901e-02 4.568366706371307373e-02 2.132644318044185638e-02 5.239300080575048923e-04 3.865921869874000549e-02 2.884927392005920410e-02 1.771943457424640656e-02 1.660258136689662933e-02 2.655225619673728943e-02 1.084375940263271332e-02 2.379280515015125275e-02 2.761230617761611938e-02 2.295947633683681488e-02 1.878221891820430756e-02 2.269236370921134949e-02 2.265604399144649506e-02 2.486449480056762695e-02 7.919694483280181885e-02 3.915799409151077271e-02 3.399730101227760315e-02 5.516543053090572357e-03 3.557297866791486740e-03 1.131459511816501617e-02 3.133565559983253479e-02 2.670677751302719116e-02 3.203818947076797485e-02 8.779820054769515991e-03 4.679672792553901672e-02 1.014263648539781570e-02 3.433715552091598511e-02 1.420176029205322266e-02 1.496960315853357315e-02 2.669735439121723175e-02 2.416562056168913841e-03 8.759553544223308563e-03 2.991132996976375580e-02 9.088819846510887146e-03 3.202741965651512146e-02 1.167485769838094711e-02 3.232663124799728394e-02 4.415951669216156006e-02 3.328853473067283630e-02 2.510214783251285553e-02 1.402392983436584473e-02 3.417789936065673828e-02 3.097879886627197266e-02 1.106809265911579132e-02 2.305414155125617981e-02 8.605003356933593750e-03 4.483924806118011475e-02 2.132676728069782257e-02 3.527014702558517456e-02 4.806046932935714722e-02 3.505397588014602661e-02 1.168820168823003769e-02 2.233403362333774567e-02 2.119618840515613556e-02 3.862422658130526543e-03 3.336127474904060364e-02 1.662996783852577209e-02 4.552373662590980530e-02 5.064091086387634277e-02 1.172120030969381332e-02 2.562121674418449402e-02 1.241896767169237137e-02 1.197643671184778214e-02 1.444829069077968597e-02 2.575075952336192131e-03 3.237177804112434387e-02 2.385124005377292633e-02 3.461290150880813599e-02 1.857027411460876465e-02 7.591196801513433456e-03 1.607465557754039764e-02 2.905116649344563484e-03 6.778842071071267128e-04 1.661544898524880409e-03 3.045594319701194763e-02 1.558408513665199280e-02 7.119041867554187775e-03 3.662592545151710510e-02 1.794441719539463520e-03 1.532097626477479935e-02 1.109361369162797928e-02 3.079651109874248505e-02 2.180817537009716034e-02 1.277140434831380844e-02
