6.732370257377624512e-01 8.996354043483734131e-02 1.294825132936239243e-02 3.895226866006851196e-02 2.045078389346599579e-02 8.110420405864715576e-02 8.131385594606399536e-02 4.950179252773523331e-03 2.191090397536754608e-02 1.554831303656101227e-02 1.235959976911544800e-01 1.049688551574945450e-02 9.189156442880630493e-02 1.645290851593017578e-02 1.987506262958049774e-02 3.334125876426696777e-02 1.832582429051399231e-02 3.323331847786903381e-02 3.601491451263427734e-02 3.161977045238018036e-03 8.638539351522922516e-03 8.026805706322193146e-03 3.378472849726676941e-02 4.013071954250335693e-02 5.309593398123979568e-03 1.662694290280342102e-02 4.193866625428199768e-03 6.519662216305732727e-03 5.994392186403274536e-02 1.388961076736450195e-02 4.318878520280122757e-03 1.038334518671035767e-02 1.615473628044128418e-02 1.402763091027736664e-02 2.749456092715263367e-02 1.268771570175886154e-02 1.023520715534687042e-02 3.830071538686752319e-02 1.381193194538354874e-02 3.070371411740779877e-02 4.495551809668540955e-02 2.288907580077648163e-02 3.582397941499948502e-03 4.125780239701271057e-02 2.536691725254058838e-02 3.264669701457023621e-02 1.077306568622589111e-01 8.527380973100662231e-02 2.649574354290962219e-02 1.032761018723249435e-02 1.101523637771606445e-02 9.871263988316059113e-03 6.883409805595874786e-03 1.526509504765272141e-02 1.938748918473720551e-02 7.772238925099372864e-03 7.876348681747913361e-03 1.728466339409351349e-02 2.655397914350032806e-02 3.973791841417551041e-03 2.564466185867786407e-02 1.356426719576120377e-02 2.925196103751659393e-02 3.846715763211250305e-02 4.132182896137237549e-02 2.523199096322059631e-02 1.518373470753431320e-02 1.239545177668333054e-02 1.663681492209434509e-02 1.589703373610973358e-02 7.032403256744146347e-03 2.730416320264339447e-02 2.932751551270484924e-02 2.756704017519950867e-02 2.935565635561943054e-02 3.576676547527313232e-02 1.795847527682781219e-02 7.063040509819984436e-03 1.606439240276813507e-02 1.507080160081386566e-02 4.931771662086248398e-03 1.403852738440036774e-02 3.191087394952774048e-02 1.178658287972211838e-02 2.222979627549648285e-02 2.674280665814876556e-02 3.415945917367935181e-03 2.501308172941207886e-02 1.137524284422397614e-02 3.150523873046040535e-03 7.483260333538055420e-02 8.185047656297683716e-03 5.601310729980468750e-02 1.735538616776466370e-02 2.517878310754895210e-03 7.167217787355184555e-03 3.621294721961021423e-02 1.109209726564586163e-03 1.990626379847526550e-02 1.501098461449146271e-02 6.784652359783649445e-03 2.167784143239259720e-03 2.304531633853912354e-02 1.852564699947834015e-02 9.386271238327026367e-03 6.121447309851646423e-03 3.615234419703483582e-02 3.292119875550270081e-02 3.383189206942915916e-03 3.769748657941818237e-02 3.482073917984962463e-02 2.643103897571563721e-02 1.432095747441053391e-02 3.549541346728801727e-03 3.385802730917930603e-02 2.909914962947368622e-02
8.996354043483734131e-02 6.751238107681274414e-01 1.087321992963552475e-02 2.467247284948825836e-02 1.221511326730251312e-02 5.447623878717422485e-02 6.581252813339233398e-02 4.530573496595025063e-04 3.333145752549171448e-02 1.135348342359066010e-02 7.752417027950286865e-02 4.368972033262252808e-03 8.313786238431930542e-02 1.961193792521953583e-02 4.273978993296623230e-03 2.026252634823322296e-02 1.396693941205739975e-02 2.587659657001495361e-02 3.013580106198787689e-02 1.218992006033658981e-02 7.981820032000541687e-03 2.134429849684238434e-02 2.778798528015613556e-02 2.491643093526363373e-02 9.256956167519092560e-03 7.418751250952482224e-03 1.096630282700061798e-02 6.761828437447547913e-03 4.398268461227416992e-02 2.170328237116336823e-02 4.083731328137218952e-04 1.330873928964138031e-02 5.824310239404439926e-03 2.658295212313532829e-03 7.657979615032672882e-03 2.143263118341565132e-03 2.833060687407851219e-03 3.054606355726718903e-02 1.974987052381038666e-02 3.586589172482490540e-02 2.831705659627914429e-02 1.539445109665393829e-02 2.885145077016204596e-04 2.250286750495433807e-02 8.957865647971630096e-03 2.079264260828495026e-02 7.720549404621124268e-02 6.779316067695617676e-02 2.005340531468391418e-02 5.971922655589878559e-05 1.905067707411944866e-03 5.478630773723125458e-03 1.009826734662055969e-02 3.205204615369439125e-03 2.455839328467845917e-02 4.683733917772769928e-03 3.504059277474880219e-03 1.593965804204344749e-03 2.285136282444000244e-02 1.257181912660598755e-02 1.875109598040580750e-02 1.607569120824337006e-02 1.409444678574800491e-02 2.220542170107364655e-02 2.147036790847778320e-02 2.747881785035133362e-02 2.872205572202801704e-03 1.091182464733719826e-03 1.612381450831890106e-02 1.006872951984405518e-02 7.103319745510816574e-03 2.003210037946701050e-02 2.425203286111354828e-02 1.291423942893743515e-02 1.738325133919715881e-02 3.027041628956794739e-02 2.347102388739585876e-02 9.461261332035064697e-03 1.934355497360229492e-02 1.129843108355998993e-02 1.165210176259279251e-02 4.780415911227464676e-03 2.619715034961700439e-02 1.771627366542816162e-02 7.333296816796064377e-03 1.551617681980133057e-02 1.856568269431591034e-02 1.956748217344284058e-02 3.268339671194553375e-03 5.233231466263532639e-03 5.848311260342597961e-02 1.016704924404621124e-02 5.142094194889068604e-02 1.640548929572105408e-02 1.670985296368598938e-02 3.016403876245021820e-02 2.923208102583885193e-02 1.758756302297115326e-02 2.340204454958438873e-02 1.356749981641769409e-02 2.369742840528488159e-03 3.251363756135106087e-03 3.516709804534912109e-02 4.200476035475730896e-02 9.604699909687042236e-03 5.526535212993621826e-03 1.545757986605167389e-02 3.024642728269100189e-02 1.147810835391283035e-03 2.078894339501857758e-02 3.377553448081016541e-02 3.766441717743873596e-02 8.588597178459167480e-03 1.021054014563560486e-02 3.014519438147544861e-02 2.635203488171100616e-02
1.294825132936239243e-02 1.087321992963552475e-02 6.387361884117126465e-01 4.989717155694961548e-03 3.325819270685315132e-03 1.275323797017335892e-02 6.819183006882667542e-03 6.857145577669143677e-02 4.934343043714761734e-03 9.356799419037997723e-04 4.471277445554733276e-02 3.287284169346094131e-03 3.533671796321868896e-02 1.154928933829069138e-02 3.087246604263782501e-02 2.048106864094734192e-02 2.533935010433197021e-02 1.114008133299648762e-03 3.317028749734163284e-03 3.848876431584358215e-02 1.229741889983415604e-02 1.430355943739414215e-02 5.931028164923191071e-03 7.563245948404073715e-03 2.696418948471546173e-02 1.601129025220870972e-02 3.218941017985343933e-02 6.795612163841724396e-03 1.371553400531411171e-03 1.228487305343151093e-02 1.106672734022140503e-02 3.761538118124008179e-02 4.957078956067562103e-03 1.504857186228036880e-02 2.398275770246982574e-02 8.182008750736713409e-03 2.260006731376051903e-03 8.371125906705856323e-03 8.952443604357540607e-04 2.314488776028156281e-02 3.224366111680865288e-03 2.027614600956439972e-02 1.514513278380036354e-03 2.751243673264980316e-02 3.997139167040586472e-03 7.830929942429065704e-03 1.089387107640504837e-02 2.410694956779479980e-03 2.929092943668365479e-02 9.042684920132160187e-03 1.483022328466176987e-02 2.717462368309497833e-02 8.448675274848937988e-03 1.340778358280658722e-02 1.008586771786212921e-02 7.739249151200056076e-03 6.301780231297016144e-03 9.302500984631478786e-05 4.840733110904693604e-02 2.183888480067253113e-02 1.449253968894481659e-02 1.258738804608583450e-02 2.035084646195173264e-03 2.381752617657184601e-02 4.813680890947580338e-03 8.598797023296356201e-03 1.838088966906070709e-02 1.950651779770851135e-02 1.734973676502704620e-02 3.575593233108520508e-03 1.105050183832645416e-02 1.021499559283256531e-02 5.070664919912815094e-03 1.113868784159421921e-03 2.968772081658244133e-03 2.068874239921569824e-02 2.808515168726444244e-02 3.750815289095044136e-03 1.102933101356029510e-02 2.310202084481716156e-02 1.089503839612007141e-01 1.179156005382537842e-01 9.697969071567058563e-03 1.496481709182262421e-02 1.934314519166946411e-02 1.925300061702728271e-02 1.796709746122360229e-02 1.721929758787155151e-02 3.331834450364112854e-02 2.036269567906856537e-02 1.531832385808229446e-02 3.384372964501380920e-02 2.064989320933818817e-02 7.860169745981693268e-03 2.095417678356170654e-02 5.058815330266952515e-02 2.139089920092374086e-04 3.176438808441162109e-02 3.470547497272491455e-02 2.158814854919910431e-02 4.743495211005210876e-02 4.009128361940383911e-02 9.409160353243350983e-03 1.453850325196981430e-02 2.536973915994167328e-02 9.386104531586170197e-03 1.602956838905811310e-02 1.855249516665935516e-02 3.135027363896369934e-02 1.124643627554178238e-02 8.381477557122707367e-03 1.580014452338218689e-02 2.386947162449359894e-03 5.935303866863250732e-03 1.109070796519517899e-02 4.265596717596054077e-02
3.895226866006851196e-02 2.467247284948825836e-02 4.989717155694961548e-03 6.728160977363586426e-01 1.044727787375450134e-01 3.922400996088981628e-02 3.969410061836242676e-02 1.194126158952713013e-02 2.043932490050792694e-02 3.762880712747573853e-02 3.471826389431953430e-02 3.931504115462303162e-02 3.415844589471817017e-02 2.752415463328361511e-02 3.471864387392997742e-02 8.575714193284511566e-03 2.700043469667434692e-02 6.665277481079101562e-02 5.331069603562355042e-02 9.414012543857097626e-03 4.350766073912382126e-03 8.999480865895748138e-03 3.228971734642982483e-02 2.260860987007617950e-02 7.682207040488719940e-03 4.164738638792186975e-04 1.214355323463678360e-02 2.594814635813236237e-02 2.479050308465957642e-02 2.407107315957546234e-02 3.186974907293915749e-03 1.605014316737651825e-02 8.969563059508800507e-03 1.893246546387672424e-02 2.848242782056331635e-02 2.564478293061256409e-02 2.019996941089630127e-02 6.437859963625669479e-03 2.007519593462347984e-03 4.087091237306594849e-02 9.786953218281269073e-03 8.452476002275943756e-03 1.305525097995996475e-02 4.344192333519458771e-03 2.068663947284221649e-02 2.968786656856536865e-02 1.487081404775381088e-02 3.286386281251907349e-02 9.591915644705295563e-03 5.116733722388744354e-03 3.821020573377609253e-02 2.668596431612968445e-02 1.333515718579292297e-02 2.147739939391613007e-02 2.904889639467000961e-03 2.474021539092063904e-02 5.395182874053716660e-03 2.460447372868657112e-03 2.091418206691741943e-02 1.424007210880517960e-02 3.401846811175346375e-02 2.977714501321315765e-02 3.990817070007324219e-02 1.288688741624355316e-02 9.059378877282142639e-03 1.136694941669702530e-02 5.500453989952802658e-03 4.305557813495397568e-03 9.133399464190006256e-03 2.120617777109146118e-02 2.049054391682147980e-02 2.369984611868858337e-02 5.978144705295562744e-02 1.921669580042362213e-02 4.510736465454101562e-02 1.774207316339015961e-02 1.713021099567413330e-02 3.211560100317001343e-02 7.312363013625144958e-03 3.103669174015522003e-02 5.219465587288141251e-03 9.558268822729587555e-03 8.676552772521972656e-02 8.077085018157958984e-02 8.286167867481708527e-03 9.033349342644214630e-03 2.336259931325912476e-03 2.689165621995925903e-02 2.534926170483231544e-03 2.036262117326259613e-02 1.980472356081008911e-02 6.629032082855701447e-03 1.785109564661979675e-02 7.998343557119369507e-03 3.823399171233177185e-02 2.897586859762668610e-02 2.485787495970726013e-03 1.955361803993582726e-03 2.672846429049968719e-02 3.084832988679409027e-02 4.000061377882957458e-02 3.260237351059913635e-02 4.573273472487926483e-03 7.589370477944612503e-03 2.497638761997222900e-02 4.945231601595878601e-03 3.205495886504650116e-03 4.222018271684646606e-02 3.820901364088058472e-02 3.630709275603294373e-02 1.883001998066902161e-02 1.137033384293317795e-02 2.893895376473665237e-03 2.106328122317790985e-02 3.713671118021011353e-03 3.794538602232933044e-02
2.045078389346599579e-02 1.221511326730251312e-02 3.325819270685315132e-03 1.044727787375450134e-01 6.683579683303833008e-01 2.669544704258441925e-02 2.255961485207080841e-02 1.144907996058464050e-02 2.582590468227863312e-02 2.629591897130012512e-02 2.568598464131355286e-02 2.989667467772960663e-02 2.244998142123222351e-02 3.432557359337806702e-02 2.925861813127994537e-02 1.850613579154014587e-02 3.128494322299957275e-02 5.426817387342453003e-02 6.142273545265197754e-02 1.125597953796386719e-02 6.255139596760272980e-03 2.121473196893930435e-03 3.975084424018859863e-02 2.485489659011363983e-02 1.068781036883592606e-02 1.179666141979396343e-03 2.172559872269630432e-02 2.266643568873405457e-02 2.357707358896732330e-02 1.736313104629516602e-02 1.167338807135820389e-02 1.853674091398715973e-02 5.829143337905406952e-03 1.652065850794315338e-02 2.081129513680934906e-02 2.906584925949573517e-02 1.726223714649677277e-02 7.865179330110549927e-03 6.156700663268566132e-03 5.048868060111999512e-02 1.403669128194451332e-03 2.349548274651169777e-03 3.203367115929722786e-03 4.840907175093889236e-03 4.281650856137275696e-02 3.180303424596786499e-02 3.747051954269409180e-02 1.798840612173080444e-02 1.610065996646881104e-02 6.346883717924356461e-03 3.587299212813377380e-02 3.637234121561050415e-02 2.324879914522171021e-02 9.903073310852050781e-03 6.852529477328062057e-03 7.945687510073184967e-03 3.107743803411722183e-03 1.650677528232336044e-03 1.862935535609722137e-02 1.786007545888423920e-02 2.068668231368064880e-02 3.670575097203254700e-02 2.885715104639530182e-02 2.560043474659323692e-03 8.578466251492500305e-03 1.054274197667837143e-02 9.019907447509467602e-04 3.003275953233242035e-03 1.963362656533718109e-02 1.763395220041275024e-02 2.169193513691425323e-02 1.546469051390886307e-02 5.210653692483901978e-02 1.577684283256530762e-02 4.557031393051147461e-02 1.013565994799137115e-02 2.925900928676128387e-02 2.389126084744930267e-02 4.494972061365842819e-03 1.399570330977439880e-02 3.909301944077014923e-03 7.253335323184728622e-03 8.164848387241363525e-02 9.754143655300140381e-02 9.248382411897182465e-03 2.570656361058354378e-03 3.485935973003506660e-03 1.387959625571966171e-02 2.839972730726003647e-03 6.634072866290807724e-03 1.213029399514198303e-02 4.667250905185937881e-03 7.437875960022211075e-03 1.175065711140632629e-02 3.261186182498931885e-02 2.173770032823085785e-02 1.053221989423036575e-03 1.538075972348451614e-02 2.821816504001617432e-02 2.039661072194576263e-02 3.859612718224525452e-02 3.107389621436595917e-02 7.495393976569175720e-03 1.624215859919786453e-03 1.896495372056961060e-02 4.359532613307237625e-03 2.341303229331970215e-02 3.891824185848236084e-02 3.072642907500267029e-02 2.641638927161693573e-02 1.241797348484396935e-03 4.034990444779396057e-03 1.309141283854842186e-03 1.288532931357622147e-02 2.186556346714496613e-02 2.821204625070095062e-02
8.110420405864715576e-02 5.447623878717422485e-02 1.275323797017335892e-02 3.922400996088981628e-02 2.669544704258441925e-02 6.778501868247985840e-01 1.007124856114387512e-01 1.344209164381027222e-02 1.744467532262206078e-03 5.191858392208814621e-03 6.406662613153457642e-02 6.920415163040161133e-02 5.185476690530776978e-02 7.040495425462722778e-02 1.309824362397193909e-02 2.060232125222682953e-02 7.836380973458290100e-03 3.533956408500671387e-02 3.443475067615509033e-02 1.128964405506849289e-02 1.488419994711875916e-02 1.520071178674697876e-02 5.075523164123296738e-03 8.612745441496372223e-03 1.477729529142379761e-02 1.904422976076602936e-02 7.367551792412996292e-03 3.698536381125450134e-02 2.495611645281314850e-02 4.615954682230949402e-02 1.499687414616346359e-02 2.247591502964496613e-02 2.391071245074272156e-02 1.080309785902500153e-02 3.979086503386497498e-02 9.209673851728439331e-03 1.915353536605834961e-02 2.418706566095352173e-02 1.196444872766733170e-02 1.581814489327371120e-03 4.491177201271057129e-02 2.681728266179561615e-02 1.647591707296669483e-03 3.516558185219764709e-02 4.422913491725921631e-02 5.224956944584846497e-02 1.178648173809051514e-01 8.356629312038421631e-02 4.269767925143241882e-02 2.296929433941841125e-02 6.663278210908174515e-03 3.340274095535278320e-02 1.413789577782154083e-02 2.658705972135066986e-02 4.158052057027816772e-02 1.928905397653579712e-02 6.172152236104011536e-03 1.026824209839105606e-02 2.103173173964023590e-02 1.383996685035526752e-03 3.242044150829315186e-02 2.740780822932720184e-02 4.004368558526039124e-02 3.870338201522827148e-02 1.443446148186922073e-02 4.594930796884000301e-04 2.103378251194953918e-02 1.793351955711841583e-02 9.551901370286941528e-03 3.227040544152259827e-02 1.922375755384564400e-03 3.896693885326385498e-02 3.249179944396018982e-02 3.399661928415298462e-02 2.106989733874797821e-02 3.380528837442398071e-02 7.887409068644046783e-03 1.211878005415201187e-02 2.873344905674457550e-02 9.888201020658016205e-03 3.142747562378644943e-03 1.458406262099742889e-02 3.130325302481651306e-02 2.235997840762138367e-02 1.195567194372415543e-03 8.518228307366371155e-03 1.186270453035831451e-02 1.653387583792209625e-02 5.981959402561187744e-03 3.519738838076591492e-02 5.521328374743461609e-02 1.729064248502254486e-02 4.876592382788658142e-02 6.883940193802118301e-03 1.892302185297012329e-02 4.289593920111656189e-02 2.467575110495090485e-02 1.144737098366022110e-02 8.262195624411106110e-03 1.093077007681131363e-02 6.866219919174909592e-03 1.338553614914417267e-03 4.347975831478834152e-03 2.796066738665103912e-02 2.607191214337944984e-03 6.441162899136543274e-03 1.625590771436691284e-02 3.844732791185379028e-02 1.269409665837883949e-03 4.392592608928680420e-02 2.809783257544040680e-02 2.402327768504619598e-02 7.518557831645011902e-03 1.333737187087535858e-02 9.796747006475925446e-03 1.740582659840583801e-02
8.131385594606399536e-02 6.581252813339233398e-02 6.819183006882667542e-03 3.969410061836242676e-02 2.255961485207080841e-02 1.007124856114387512e-01 6.779150366783142090e-01 8.240308612585067749e-03 1.700857281684875488e-02 4.364513326436281204e-03 8.134779334068298340e-02 4.304926469922065735e-02 6.571076065301895142e-02 6.603354215621948242e-02 1.376013387925922871e-03 3.606064617633819580e-02 2.552033960819244385e-02 3.503507003188133240e-02 3.188787028193473816e-02 7.900179363787174225e-03 1.989745907485485077e-02 2.153831534087657928e-02 1.505643315613269806e-02 5.970894824713468552e-03 8.336680009961128235e-03 1.174859981983900070e-02 1.105003710836172104e-02 1.429221965372562408e-02 2.875707298517227173e-02 2.598754689097404480e-02 7.605105172842741013e-03 1.746571809053421021e-02 2.117007970809936523e-02 3.590286243706941605e-03 2.652010880410671234e-02 1.722240075469017029e-02 5.939134396612644196e-03 2.497160248458385468e-02 6.382250227034091949e-03 2.340243570506572723e-02 3.773062676191329956e-02 3.752557933330535889e-02 1.843779697082936764e-03 2.307938411831855774e-02 5.597459897398948669e-02 7.070814818143844604e-02 1.243160068988800049e-01 1.029094308614730835e-01 2.684426493942737579e-02 1.360779628157615662e-02 7.794743869453668594e-03 3.316082432866096497e-02 2.381953224539756775e-02 2.075165882706642151e-02 3.122842498123645782e-02 2.075308375060558319e-02 1.311329286545515060e-02 1.292658224701881409e-02 1.984337717294692993e-02 3.112387144938111305e-03 2.919215708971023560e-02 3.090501017868518829e-02 3.133668005466461182e-02 4.339260607957839966e-02 2.193775586783885956e-02 1.505496073514223099e-02 1.285053510218858719e-02 3.315654350444674492e-03 3.157354891300201416e-02 2.466599270701408386e-02 2.449165657162666321e-02 2.629961073398590088e-02 4.664578288793563843e-02 2.540052309632301331e-02 3.510674461722373962e-02 2.907683327794075012e-02 4.388460889458656311e-03 1.082385517656803131e-02 1.601830124855041504e-02 1.357411779463291168e-02 1.024028379470109940e-02 2.010822296142578125e-02 2.538903616368770599e-02 1.311293430626392365e-02 1.244346983730792999e-02 1.453423406928777695e-02 2.104083076119422913e-03 2.203031629323959351e-02 2.206041105091571808e-02 1.556938979774713516e-02 6.032453849911689758e-02 3.977287560701370239e-03 6.543779373168945312e-02 7.865744642913341522e-03 3.731390088796615601e-02 2.387507446110248566e-02 3.542385250329971313e-02 1.068023312836885452e-02 6.868244148790836334e-03 1.217695418745279312e-02 3.574177389964461327e-03 2.676479751244187355e-03 1.307647954672574997e-02 3.053796850144863129e-02 1.892811618745326996e-02 4.045497160404920578e-03 9.420855902135372162e-03 4.138503968715667725e-02 8.974439464509487152e-03 3.289406374096870422e-02 3.857048600912094116e-02 3.601834177970886230e-02 3.809218062087893486e-03 1.482945308089256287e-02 6.090772338211536407e-03 3.424269706010818481e-02
4.950179252773523331e-03 4.530573496595025063e-04 6.857145577669143677e-02 1.194126158952713013e-02 1.144907996058464050e-02 1.344209164381027222e-02 8.240308612585067749e-03 6.515921354293823242e-01 7.576604373753070831e-03 1.217167824506759644e-02 2.350967936217784882e-02 2.687600441277027130e-02 7.467885967344045639e-03 3.599113970994949341e-02 4.561977088451385498e-02 2.319315215572714806e-03 1.519024744629859924e-02 7.004909217357635498e-03 1.680290326476097107e-02 3.617067635059356689e-02 9.527398273348808289e-03 4.273763671517372131e-02 2.176494803279638290e-03 6.139246979728341103e-04 3.691473230719566345e-02 8.020662702620029449e-03 2.496089972555637360e-02 5.159701686352491379e-04 2.662164904177188873e-02 1.075752265751361847e-02 2.139111980795860291e-02 3.847851604223251343e-02 2.890350669622421265e-02 1.575947739183902740e-02 3.323503956198692322e-02 1.398252230137586594e-02 2.655053138732910156e-02 4.702358040958642960e-03 4.361482337117195129e-03 2.588871493935585022e-02 1.088282745331525803e-02 2.792242914438247681e-02 1.976647041738033295e-02 1.471021026372909546e-02 3.051229752600193024e-02 4.112252220511436462e-02 2.112170867621898651e-02 7.388513069599866867e-03 3.405928239226341248e-02 1.755042746663093567e-02 4.745288752019405365e-03 1.183643750846385956e-02 1.124155614525079727e-02 1.684058108367025852e-03 2.195427007973194122e-02 3.239957150071859360e-03 7.679308764636516571e-03 9.379568509757518768e-03 2.148520760238170624e-02 9.594953618943691254e-03 1.585779897868633270e-02 1.913029327988624573e-02 2.991186082363128662e-02 9.688872843980789185e-03 1.961595937609672546e-02 8.141681901179254055e-04 3.703267127275466919e-02 1.344809401780366898e-02 1.928206067532300949e-03 8.937799371778964996e-03 2.060156315565109253e-02 8.408606052398681641e-03 2.169012092053890228e-03 1.859969273209571838e-02 7.428150624036788940e-03 8.330027572810649872e-03 2.008294872939586639e-02 1.519935484975576401e-02 1.634772121906280518e-02 3.171775722876191139e-03 8.432729542255401611e-02 5.011596530675888062e-02 6.858217995613813400e-03 2.178515493869781494e-02 1.714884117245674133e-02 8.917702361941337585e-03 4.228495806455612183e-02 4.996238648891448975e-02 1.235402561724185944e-02 4.347369540482759476e-03 1.431394484825432301e-03 1.514292135834693909e-02 1.349540520459413528e-02 1.213848736369982362e-04 1.145645324140787125e-02 1.516863610595464706e-02 1.463090628385543823e-02 1.312072738073766232e-03 1.849977485835552216e-02 1.449017040431499481e-02 1.667610742151737213e-02 6.921182386577129364e-03 4.558155778795480728e-03 8.996351622045040131e-03 4.112907499074935913e-02 8.291363716125488281e-03 6.279970984905958176e-03 2.345223212614655495e-03 1.409024652093648911e-02 1.798451878130435944e-02 1.897475682199001312e-02 1.632031612098217010e-02 1.466390769928693771e-02 1.337471883744001389e-02 1.668342389166355133e-02 5.299507081508636475e-02
2.191090397536754608e-02 3.333145752549171448e-02 4.934343043714761734e-03 2.043932490050792694e-02 2.582590468227863312e-02 1.744467532262206078e-03 1.700857281684875488e-02 7.576604373753070831e-03 6.516935229301452637e-01 7.446935027837753296e-02 3.273864462971687317e-02 3.166769444942474365e-02 1.782858930528163910e-02 2.390504814684391022e-02 2.025521360337734222e-02 2.472821064293384552e-02 3.351449221372604370e-02 1.983785070478916168e-02 1.324428804218769073e-02 2.698661014437675476e-02 1.139511514338664711e-04 3.332479670643806458e-02 3.166892752051353455e-02 1.325582340359687805e-02 9.910047985613346100e-03 1.304116303799673915e-04 3.975189849734306335e-02 2.966946549713611603e-02 1.886464655399322510e-02 1.025975961238145828e-02 2.548534050583839417e-02 2.090635709464550018e-02 1.910312660038471222e-02 1.526713371276855469e-02 2.833266183733940125e-02 3.745301859453320503e-03 2.986807934939861298e-02 2.267945325002074242e-03 1.133464369922876358e-02 1.422716025263071060e-02 3.390629542991518974e-03 6.817653775215148926e-02 3.194748610258102417e-02 3.529778122901916504e-02 6.228762678802013397e-03 3.597126528620719910e-02 1.856992207467556000e-02 2.224797569215297699e-02 8.029589802026748657e-02 1.165501191280782223e-03 9.108002297580242157e-03 3.640170395374298096e-02 2.698970213532447815e-02 4.815567657351493835e-02 9.812670946121215820e-02 2.259008772671222687e-02 2.964106760919094086e-02 1.288557425141334534e-03 2.603911422193050385e-02 3.947716951370239258e-02 1.498173736035823822e-02 3.837278578430414200e-03 3.703848645091056824e-02 2.079298533499240875e-02 3.138387575745582581e-02 3.193254023790359497e-02 1.196171506308019161e-04 9.909113869071006775e-03 7.711691409349441528e-02 3.351503610610961914e-02 3.319875895977020264e-02 7.733603124506771564e-04 9.931424632668495178e-03 1.965720765292644501e-02 2.298099920153617859e-02 2.398013509809970856e-02 1.493295282125473022e-01 3.407621383666992188e-02 4.475358873605728149e-02 1.472195144742727280e-02 5.928929895162582397e-04 4.145692661404609680e-02 1.823804900050163269e-02 1.814372465014457703e-02 1.035461947321891785e-02 7.800850085914134979e-03 1.416448783129453659e-02 3.670113161206245422e-02 6.696783751249313354e-02 1.709643751382827759e-02 2.748716250061988831e-02 2.637825906276702881e-02 1.546643022447824478e-02 1.996220462024211884e-02 2.756212651729583740e-02 1.319073885679244995e-02 8.670715615153312683e-03 3.006866015493869781e-02 4.118193313479423523e-02 1.271709613502025604e-02 3.505659289658069611e-03 2.339018508791923523e-03 2.167460508644580841e-02 1.233298331499099731e-02 3.205299004912376404e-02 4.361753910779953003e-02 2.641724655404686928e-03 1.242402289062738419e-02 2.952737733721733093e-03 2.537869848310947418e-02 3.085254505276679993e-02 2.441152371466159821e-02 2.077346667647361755e-02 3.242874890565872192e-02 1.020511612296104431e-02 1.304954476654529572e-02
1.554831303656101227e-02 1.135348342359066010e-02 9.356799419037997723e-04 3.762880712747573853e-02 2.629591897130012512e-02 5.191858392208814621e-03 4.364513326436281204e-03 1.217167824506759644e-02 7.446935027837753296e-02 6.546064019203186035e-01 3.852070495486259460e-02 9.691124781966209412e-03 3.433837369084358215e-02 3.355388343334197998e-02 5.253864917904138565e-03 5.411356315016746521e-02 6.050618365406990051e-02 4.544480238109827042e-03 6.324760615825653076e-02 9.002117440104484558e-03 1.137394551187753677e-02 3.591801971197128296e-02 3.846685215830802917e-02 6.609027087688446045e-02 3.549839835613965988e-03 1.734561100602149963e-02 1.088784262537956238e-02 7.410617545247077942e-03 9.958575479686260223e-03 1.080698519945144653e-02 1.388643588870763779e-02 5.815299227833747864e-03 2.175041660666465759e-02 3.387444838881492615e-02 1.410933863371610641e-02 3.788157831877470016e-03 1.191565394401550293e-02 1.073639281094074249e-02 2.669562771916389465e-02 2.345816045999526978e-02 1.309417001903057098e-02 1.687080599367618561e-02 1.902222819626331329e-02 1.597426645457744598e-02 4.328661039471626282e-02 3.070651926100254059e-02 1.427044626325368881e-02 2.030697278678417206e-02 1.731918379664421082e-02 3.805329278111457825e-02 1.786517165601253510e-02 1.183194480836391449e-02 2.206113934516906738e-02 1.968491449952125549e-02 1.149648241698741913e-02 3.681028261780738831e-02 5.824433639645576477e-03 1.397178880870342255e-02 1.637751795351505280e-02 1.904833689332008362e-02 6.743313744664192200e-03 1.892826892435550690e-02 4.072239249944686890e-02 1.951913721859455109e-02 3.925713896751403809e-02 3.837744891643524170e-02 1.114254724234342575e-02 3.890866413712501526e-03 3.358776494860649109e-02 3.666896140202879906e-03 4.630419611930847168e-02 2.605895511806011200e-02 2.427894249558448792e-02 1.205418165773153305e-02 1.280745211988687515e-02 3.407588973641395569e-02 3.123631328344345093e-02 7.566919922828674316e-02 3.891037777066230774e-02 5.633680894970893860e-02 3.213894320651888847e-03 2.307983813807368279e-04 7.099440321326255798e-03 3.381196036934852600e-02 2.921015489846467972e-03 2.070971019566059113e-02 1.868974976241588593e-02 1.240738434717059135e-03 1.641393452882766724e-02 4.484796151518821716e-02 1.491515338420867920e-02 2.882916852831840515e-02 2.467528218403458595e-03 3.565902635455131531e-02 1.943711005151271820e-02 2.378340065479278564e-02 2.218865603208541870e-02 2.061339467763900757e-02 4.210494516883045435e-04 9.015651448862627149e-05 5.577691830694675446e-03 1.717440411448478699e-02 2.102238498628139496e-02 1.705640740692615509e-02 1.287310477346181870e-02 3.682913631200790405e-02 2.993144281208515167e-02 3.862727805972099304e-02 3.060717834159731865e-03 2.347991988062858582e-02 2.451221272349357605e-02 2.640825323760509491e-02 1.900457218289375305e-02 2.896800450980663300e-02 1.690040901303291321e-02 3.951800987124443054e-02
1.235959976911544800e-01 7.752417027950286865e-02 4.471277445554733276e-02 3.471826389431953430e-02 2.568598464131355286e-02 6.406662613153457642e-02 8.134779334068298340e-02 2.350967936217784882e-02 3.273864462971687317e-02 3.852070495486259460e-02 6.637201905250549316e-01 7.376115769147872925e-03 1.067521125078201294e-01 1.463778223842382431e-02 2.442582324147224426e-02 3.463143482804298401e-02 2.721538953483104706e-02 2.210815809667110443e-02 2.259181439876556396e-02 8.644715882837772369e-03 2.370293438434600830e-02 6.708072125911712646e-02 4.289679974317550659e-02 4.145248979330062866e-02 9.831182658672332764e-03 7.349501829594373703e-03 2.644825726747512817e-02 2.544226497411727905e-02 6.060695275664329529e-02 1.090541295707225800e-02 2.379879355430603027e-03 1.549785304814577103e-02 5.218151491135358810e-03 6.727808620780706406e-03 1.155499834567308426e-02 1.116666756570339203e-02 1.903913542628288269e-02 1.473723072558641434e-02 1.393056940287351608e-02 3.027761168777942657e-02 3.099413029849529266e-02 2.761157043278217316e-02 2.209310233592987061e-02 3.120767697691917419e-02 2.010904625058174133e-02 4.805459454655647278e-02 1.227234005928039551e-01 8.627375215291976929e-02 8.126269094645977020e-03 1.125467009842395782e-02 1.466328464448451996e-02 1.278319105040282011e-04 2.659330889582633972e-02 2.924194268416613340e-05 5.889101419597864151e-03 9.077294729650020599e-03 8.871180936694145203e-03 1.639408059418201447e-02 1.590174064040184021e-02 7.151585072278976440e-03 2.751659043133258820e-02 1.794983632862567902e-02 1.301262620836496353e-02 1.566661335527896881e-02 7.677959650754928589e-02 4.151355102658271790e-02 2.346481429412961006e-03 9.514639154076576233e-03 4.263890162110328674e-02 8.806939236819744110e-03 3.508406504988670349e-02 2.621182426810264587e-02 3.027000464498996735e-02 3.178596869111061096e-02 3.664110600948333740e-02 3.281482309103012085e-02 3.461673855781555176e-02 2.707774005830287933e-02 2.375915646553039551e-02 1.340376492589712143e-02 3.127609193325042725e-02 2.990737557411193848e-02 2.227008901536464691e-02 6.276102736592292786e-03 4.211977496743202209e-02 2.891471236944198608e-02 1.727089844644069672e-02 7.762698456645011902e-03 3.825560212135314941e-02 1.996238529682159424e-02 7.219491153955459595e-02 5.447933077812194824e-02 6.471388787031173706e-02 5.814244039356708527e-03 8.477872237563133240e-03 1.333751063793897629e-02 2.006075717508792877e-02 1.786600984632968903e-02 2.969685383141040802e-02 2.915539965033531189e-02 1.301346346735954285e-02 3.834380069747567177e-03 2.078350260853767395e-02 3.473510593175888062e-02 2.677794359624385834e-02 2.216073451563715935e-03 1.906823366880416870e-02 3.263010829687118530e-02 2.400860004127025604e-02 1.258449070155620575e-02 3.391017392277717590e-02 3.674492239952087402e-02 3.570322319865226746e-02 2.127233520150184631e-02 1.301993522793054581e-02 2.915224246680736542e-02
1.049688551574945450e-02 4.368972033262252808e-03 3.287284169346094131e-03 3.931504115462303162e-02 2.989667467772960663e-02 6.920415163040161133e-02 4.304926469922065735e-02 2.687600441277027130e-02 3.166769444942474365e-02 9.691124781966209412e-03 7.376115769147872925e-03 6.657302379608154297e-01 2.395810326561331749e-03 1.260191351175308228e-01 4.281701054424047470e-03 8.640408515930175781e-03 1.941676624119281769e-02 2.452805824577808380e-02 2.934326976537704468e-02 2.511889208108186722e-03 6.568894255906343460e-03 3.034912981092929840e-02 2.884894981980323792e-02 1.779686100780963898e-02 1.892623491585254669e-03 9.084247052669525146e-03 3.474644571542739868e-02 8.581411838531494141e-02 3.265717998147010803e-02 8.482719957828521729e-02 4.587678611278533936e-02 4.013119731098413467e-03 1.042178831994533539e-02 7.996696978807449341e-03 3.857971355319023132e-02 3.294586902484297752e-03 1.868066564202308655e-02 2.175816148519515991e-02 2.021201513707637787e-02 1.738648861646652222e-02 4.590349644422531128e-02 1.307038217782974243e-02 1.193180587142705917e-02 4.113009199500083923e-02 5.216645449399948120e-02 4.453760385513305664e-02 5.338905751705169678e-02 1.603429578244686127e-02 1.812735386192798615e-02 3.964591398835182190e-02 3.090232424437999725e-02 3.039065934717655182e-02 7.189156953245401382e-03 3.157771378755569458e-02 4.216742143034934998e-02 3.416066244244575500e-02 2.695514354854822159e-03 6.005787872709333897e-04 1.934119313955307007e-02 4.490625113248825073e-03 3.110288269817829132e-02 4.042952507734298706e-02 3.885994479060173035e-02 3.947230800986289978e-02 7.859438657760620117e-03 3.359403833746910095e-02 8.223531767725944519e-03 1.809197477996349335e-02 1.353719178587198257e-02 2.805303595960140228e-02 1.776807010173797607e-02 1.298814825713634491e-02 2.174684032797813416e-02 2.961959131062030792e-02 1.287759467959403992e-02 2.494469471275806427e-02 5.912145227193832397e-02 4.168053343892097473e-02 2.749394439160823822e-02 1.478674449026584625e-02 1.450595259666442871e-02 7.270902395248413086e-03 2.786217816174030304e-02 2.749005705118179321e-02 8.951291674748063087e-04 2.135308645665645599e-02 2.806899324059486389e-02 2.497766399756073952e-03 1.117788534611463547e-02 3.912379965186119080e-02 1.604498364031314850e-02 3.889747709035873413e-02 8.241902687586843967e-04 4.088254645466804504e-02 1.536037679761648178e-02 1.261495612561702728e-02 1.096553914248943329e-02 9.720317088067531586e-03 1.813249289989471436e-02 3.150623664259910583e-02 1.868960075080394745e-02 1.113593205809593201e-02 4.300434142351150513e-03 6.703226361423730850e-03 9.805772453546524048e-03 9.302718564867973328e-03 2.662175521254539490e-02 3.592169284820556641e-02 2.773116901516914368e-02 3.030182980000972748e-02 1.309715863317251205e-02 4.297073930501937866e-03 1.997310854494571686e-02 4.220862407237291336e-03 1.674214936792850494e-02 1.286812708713114262e-03
9.189156442880630493e-02 8.313786238431930542e-02 3.533671796321868896e-02 3.415844589471817017e-02 2.244998142123222351e-02 5.185476690530776978e-02 6.571076065301895142e-02 7.467885967344045639e-03 1.782858930528163910e-02 3.433837369084358215e-02 1.067521125078201294e-01 2.395810326561331749e-03 6.718395352363586426e-01 2.914991602301597595e-02 3.579928725957870483e-02 3.685800358653068542e-02 2.304716780781745911e-02 4.084833338856697083e-02 3.377860784530639648e-02 9.768955409526824951e-03 1.029554195702075958e-02 3.645535558462142944e-02 5.006979778409004211e-02 4.727929085493087769e-02 1.017675362527370453e-02 2.138625271618366241e-02 1.373311411589384079e-02 1.047316752374172211e-02 5.206399783492088318e-02 2.401143126189708710e-02 5.805004388093948364e-03 1.067656464874744415e-02 4.642355721443891525e-03 9.762252680957317352e-03 1.263944897800683975e-02 2.142011933028697968e-02 1.870994456112384796e-02 2.597644552588462830e-02 3.881025593727827072e-03 2.675362303853034973e-02 3.960986807942390442e-02 3.921139985322952271e-02 1.232640352100133896e-02 2.980836667120456696e-02 3.888692473992705345e-03 3.662806749343872070e-02 9.190305322408676147e-02 7.398572564125061035e-02 3.866348788142204285e-02 2.072544395923614502e-02 1.897779107093811035e-02 3.037112182937562466e-04 3.762657288461923599e-03 1.425551529973745346e-02 3.495487198233604431e-02 6.035804282873868942e-03 2.288463991135358810e-03 1.415258087217807770e-02 3.889435529708862305e-02 2.987075410783290863e-02 2.972185611724853516e-02 1.932110823690891266e-02 9.939714334905147552e-03 2.576554380357265472e-02 3.983812034130096436e-02 5.327916517853736877e-02 1.168822124600410461e-02 1.824632473289966583e-02 3.792390972375869751e-02 2.829391742125153542e-03 1.184798125177621841e-02 2.104675397276878357e-02 2.922082319855690002e-02 8.306245319545269012e-03 1.965234242379665375e-02 3.544326126575469971e-02 4.222108051180839539e-02 2.200352493673563004e-03 4.388143122196197510e-02 2.634277008473873138e-02 2.596056647598743439e-02 4.048252012580633163e-03 3.762051463127136230e-02 2.040409296751022339e-02 5.028470605611801147e-02 4.929350316524505615e-02 1.448922045528888702e-02 4.525195062160491943e-02 1.857659220695495605e-02 4.909704439342021942e-03 6.213774904608726501e-02 1.645555905997753143e-02 4.904501885175704956e-02 3.991853445768356323e-02 1.844653114676475525e-02 7.336486130952835083e-03 1.879357174038887024e-02 5.905194208025932312e-03 3.421603143215179443e-02 1.486159488558769226e-02 2.737088873982429504e-02 9.325799532234668732e-03 2.267547696828842163e-02 2.298873290419578552e-02 4.356011748313903809e-02 1.060455199331045151e-02 4.921977221965789795e-02 2.540484629571437836e-02 1.417956873774528503e-02 1.861586421728134155e-02 3.462605550885200500e-02 3.861212357878684998e-02 2.145186625421047211e-02 1.567647792398929596e-03 2.471365442033857107e-04 3.507675975561141968e-02
