4.855773746967315674e-01 1.242504194378852844e-01 1.695132441818714142e-02 3.987931646406650543e-03 3.506075218319892883e-02 1.472112387418746948e-01 9.021017700433731079e-02 4.549858160316944122e-03 4.457479342818260193e-02 3.455356135964393616e-02 1.937903165817260742e-01 1.340902503579854965e-02 8.049689233303070068e-03 2.541336789727210999e-02 1.053681001067161560e-01 6.864697486162185669e-02 4.483687877655029297e-02 3.115861490368843079e-02 1.976490253582596779e-03 1.349396444857120514e-02 4.392637405544519424e-03 4.879220947623252869e-02 2.787445439025759697e-03 4.823709651827812195e-02 2.872107736766338348e-02 4.303300008177757263e-02 4.015264101326465607e-03 4.463526234030723572e-02 3.228468447923660278e-02 4.627328366041183472e-03 9.201598004437983036e-05 4.295954108238220215e-02 4.375514388084411621e-02 3.996066004037857056e-02 4.234179481863975525e-02 2.100083511322736740e-03 3.597270697355270386e-02 1.125142071396112442e-02 1.454767398536205292e-02 2.818040549755096436e-02 8.252345956861972809e-03 1.423529163002967834e-02 5.010584369301795959e-02 4.139342531561851501e-02 4.966650158166885376e-03 4.297042638063430786e-02 3.182954713702201843e-02 5.618691444396972656e-02 1.096731238067150116e-02 2.149507962167263031e-02 2.326470613479614258e-02 2.278515323996543884e-02 2.429634146392345428e-02 2.463103644549846649e-02 5.818513687700033188e-03 3.493271768093109131e-02 2.915985509753227234e-02 3.276058658957481384e-02 1.717713847756385803e-02 2.033491432666778564e-02 2.636399120092391968e-02 3.479472175240516663e-02 4.017956554889678955e-02 5.184916313737630844e-03 2.444722224026918411e-03 8.364466018974781036e-03 3.757466748356819153e-02 3.598573058843612671e-02 3.970102593302726746e-02 5.726382602006196976e-03 3.004581108689308167e-02 2.986475825309753418e-02 4.745844379067420959e-02 4.595854785293340683e-03 3.587448224425315857e-02 1.805997267365455627e-02 1.149943564087152481e-02 2.972147986292839050e-02 2.080360986292362213e-02 4.960444755852222443e-03 3.119567409157752991e-02 3.755811601877212524e-02 6.645782268606126308e-04 2.901861444115638733e-02 9.933747351169586182e-03 2.871478348970413208e-02 3.919807076454162598e-02 1.717223972082138062e-02 3.648620471358299255e-02 3.937283530831336975e-02 4.619427770376205444e-02 1.590171479620039463e-03 1.217752322554588318e-02 8.430916815996170044e-03 5.005280836485326290e-04 2.081988938152790070e-02 2.425954118371009827e-02 3.184538334608078003e-02 1.575239188969135284e-02 4.366042837500572205e-02 4.728449508547782898e-03 3.726769611239433289e-02 1.615080237388610840e-02 5.055326968431472778e-03 4.087989777326583862e-02 4.597711190581321716e-02 1.020958181470632553e-02 3.377778455615043640e-02 3.254494443535804749e-02 4.615423455834388733e-02 3.603946045041084290e-02 3.348823264241218567e-02 1.834388449788093567e-02 1.089764852076768875e-02 3.415991365909576416e-02 3.728846320882439613e-03
1.242504194378852844e-01 4.976296126842498779e-01 6.114445626735687256e-02 1.504957955330610275e-02 1.205356791615486145e-03 5.425889417529106140e-02 7.938770949840545654e-02 4.139071702957153320e-02 1.957038231194019318e-02 2.048731595277786255e-02 8.776682615280151367e-02 2.223767712712287903e-02 1.180293783545494080e-01 6.473241373896598816e-03 1.380501538515090942e-01 3.090939857065677643e-02 1.373575814068317413e-02 9.081671945750713348e-03 2.263444848358631134e-02 2.174198068678379059e-02 2.751241996884346008e-02 4.699980095028877258e-02 2.891625836491584778e-02 2.626867219805717468e-02 7.664336357265710831e-03 1.625647582113742828e-02 6.881994660943746567e-03 9.192403405904769897e-03 5.716935172677040100e-02 3.011102788150310516e-02 2.906240336596965790e-02 5.135789513587951660e-02 1.019882410764694214e-02 3.430654853582382202e-02 2.794988453388214111e-03 3.089215233922004700e-02 2.982199750840663910e-02 3.019586391746997833e-02 3.418050007894635201e-03 2.817439846694469452e-02 4.859796166419982910e-02 1.556483656167984009e-02 1.392326969653367996e-02 2.537064428906887770e-04 3.957064449787139893e-02 2.341258525848388672e-02 1.792871020734310150e-02 9.982697665691375732e-03 4.921137169003486633e-02 4.112093150615692139e-02 4.280250519514083862e-02 4.004503786563873291e-02 2.040418796241283417e-02 1.118829380720853806e-02 4.011679440736770630e-02 2.232676185667514801e-02 1.586798205971717834e-02 7.129336148500442505e-02 3.610420227050781250e-02 5.124419694766402245e-04 3.153961896896362305e-02 4.734642058610916138e-02 2.440754137933254242e-02 2.278630249202251434e-02 5.276088602840900421e-03 6.673546135425567627e-02 1.432266552001237869e-02 3.286013007164001465e-02 1.256325095891952515e-02 4.576153308153152466e-02 2.980190329253673553e-03 3.911644592881202698e-02 2.191856689751148224e-02 3.983603417873382568e-02 1.617111824452877045e-02 2.279738523066043854e-02 4.127010330557823181e-02 1.663935545366257429e-04 1.766952872276306152e-02 1.856611296534538269e-02 4.496540501713752747e-02 1.267404644750058651e-03 3.893161565065383911e-02 1.067961566150188446e-02 3.982301428914070129e-02 1.306724455207586288e-02 9.394643455743789673e-02 6.296701729297637939e-02 3.617516160011291504e-02 5.039623752236366272e-02 5.862167477607727051e-02 1.308710779994726181e-03 9.327552281320095062e-03 6.576699204742908478e-03 2.644773200154304504e-02 6.451068329624831676e-04 4.682648181915283203e-02 1.524257473647594452e-02 3.039800189435482025e-02 2.313138730823993683e-02 9.491813369095325470e-03 3.771535679697990417e-02 2.819368382915854454e-03 1.907955855131149292e-02 2.407769672572612762e-02 1.270305924117565155e-02 7.507792208343744278e-03 6.169648841023445129e-04 6.196776404976844788e-03 1.930835843086242676e-02 8.167958818376064301e-03 1.812628842890262604e-02 3.062255866825580597e-02 7.470538839697837830e-03 3.958042711019515991e-03 4.848121479153633118e-02
1.695132441818714142e-02 6.114445626735687256e-02 4.901967644691467285e-01 1.626823283731937408e-02 2.457225881516933441e-02 2.990837208926677704e-02 4.529330506920814514e-02 8.563403785228729248e-02 5.066272243857383728e-02 2.695636451244354248e-02 4.347911477088928223e-02 3.021742030978202820e-02 1.455637253820896149e-02 3.059162385761737823e-02 4.998527467250823975e-02 7.503136247396469116e-02 5.494410917162895203e-02 3.580244258046150208e-02 3.903585299849510193e-02 3.050167113542556763e-02 2.824398316442966461e-02 1.299544703215360641e-03 1.334833540022373199e-02 1.927991956472396851e-02 2.480991557240486145e-02 2.359720645472407341e-03 1.544444169849157333e-02 5.193563550710678101e-02 3.040520474314689636e-02 3.536094725131988525e-02 4.487561061978340149e-02 1.889548264443874359e-02 1.872261986136436462e-02 8.244066499173641205e-03 3.474375978112220764e-02 4.915922135114669800e-02 2.486169338226318359e-02 2.157832868397235870e-02 2.994315698742866516e-02 3.704750537872314453e-02 5.208830907940864563e-02 3.753332048654556274e-02 8.486393198836594820e-05 7.949434965848922729e-02 3.824041411280632019e-02 4.316392540931701660e-02 1.874713599681854248e-02 2.257074374938383698e-04 2.433026954531669617e-02 3.797591850161552429e-02 4.318451136350631714e-02 3.588640689849853516e-02 2.705750521272420883e-03 2.034579403698444366e-02 9.867026470601558685e-03 3.221836872398853302e-03 1.517773978412151337e-02 2.470126189291477203e-02 7.606925908476114273e-03 2.344553731381893158e-02 4.749255254864692688e-02 1.030269917100667953e-02 1.071262918412685394e-02 4.759970679879188538e-02 4.427766054868698120e-02 1.335788890719413757e-02 2.969958446919918060e-02 5.109686776995658875e-02 7.242254912853240967e-03 3.378886356949806213e-02 5.469522252678871155e-02 1.148418989032506943e-02 1.916674547828733921e-03 3.932831436395645142e-02 2.543034963309764862e-03 2.163943462073802948e-02 2.256718464195728302e-02 4.793890565633773804e-02 4.459024965763092041e-02 3.674541413784027100e-02 5.579157918691635132e-02 4.035553708672523499e-02 1.094870641827583313e-02 3.379075229167938232e-02 2.424278855323791504e-02 4.371247813105583191e-02 3.392858058214187622e-02 5.602916702628135681e-02 2.401395328342914581e-02 1.537721790373325348e-02 6.741702090948820114e-03 4.890358448028564453e-02 1.227889861911535263e-02 2.204418182373046875e-02 3.020341135561466217e-02 3.324596444144845009e-03 2.457090653479099274e-02 1.740145869553089142e-02 5.722622200846672058e-02 5.145014822483062744e-02 2.550607733428478241e-02 5.838293116539716721e-03 3.515197429805994034e-03 2.055267430841922760e-02 4.459975659847259521e-02 2.894558198750019073e-02 5.141896381974220276e-02 4.606987163424491882e-02 2.818267978727817535e-02 5.554432980716228485e-03 7.203061878681182861e-02 4.869389906525611877e-02 2.696192637085914612e-02 1.707625458948314190e-03 4.628290981054306030e-02 1.197726279497146606e-02
3.987931646406650543e-03 1.504957955330610275e-02 1.626823283731937408e-02 4.933342039585113525e-01 2.632305026054382324e-01 2.981123700737953186e-02 3.373625874519348145e-02 3.981737047433853149e-02 4.198127612471580505e-02 3.809766145423054695e-03 2.067276509478688240e-03 1.180331967771053314e-02 4.665243253111839294e-02 3.514368087053298950e-02 6.003982946276664734e-02 1.142401434481143951e-02 3.249354660511016846e-02 9.079352603293955326e-04 4.838619381189346313e-02 2.752378396689891815e-02 1.004381105303764343e-02 1.245866063982248306e-02 2.311519160866737366e-02 4.811757025890983641e-05 1.027482002973556519e-02 6.393910851329565048e-03 3.623106284067034721e-03 3.053387440741062164e-02 1.363981701433658600e-02 7.462365552783012390e-03 2.470880979672074318e-03 1.090932451188564301e-02 2.235668897628784180e-02 8.916402293834835291e-05 3.349811583757400513e-02 3.363914415240287781e-02 3.886368498206138611e-02 1.335915643721818924e-02 3.231533616781234741e-02 1.439287513494491577e-02 1.571443397551774979e-03 3.767988458275794983e-02 1.052298024296760559e-02 4.279281944036483765e-02 1.681929454207420349e-02 7.964082062244415283e-03 3.409494832158088684e-02 3.627432882785797119e-02 4.532087128609418869e-03 5.252482742071151733e-02 1.510218280600383878e-04 4.747601598501205444e-02 3.849269077181816101e-02 1.350015122443437576e-02 1.374061033129692078e-02 3.079674392938613892e-02 3.563774749636650085e-02 3.126390650868415833e-02 4.206267744302749634e-02 3.981243446469306946e-02 1.912207528948783875e-02 9.743480943143367767e-03 1.647610589861869812e-02 1.495617628097534180e-02 4.826917126774787903e-02 4.627357795834541321e-02 4.015178978443145752e-02 1.947740651667118073e-02 1.893481425940990448e-02 3.646363690495491028e-02 3.201480582356452942e-02 8.240547031164169312e-03 1.304876208305358887e-01 2.088872483000159264e-03 1.385003924369812012e-01 2.067615091800689697e-02 8.816692046821117401e-03 6.224793195724487305e-02 4.817935079336166382e-02 1.658634655177593231e-02 4.206626489758491516e-02 1.967939175665378571e-02 1.146570080891251564e-03 2.816559001803398132e-02 2.942155988421291113e-04 1.834481395781040192e-02 5.517565459012985229e-02 3.675219789147377014e-02 3.170680999755859375e-02 4.801746085286140442e-02 1.494119130074977875e-02 1.858428120613098145e-02 2.304755896329879761e-02 3.246937319636344910e-02 1.080161426216363907e-02 2.924249507486820221e-02 3.745253384113311768e-02 1.937816105782985687e-02 5.099970847368240356e-02 7.343473844230175018e-03 1.883054524660110474e-02 2.596630528569221497e-02 4.955227952450513840e-03 4.434755071997642517e-02 2.302314154803752899e-02 7.102097850292921066e-03 1.842859387397766113e-02 2.327748201787471771e-02 2.238743379712104797e-02 2.184272743761539459e-02 4.956746846437454224e-02 6.193274166435003281e-03 2.518898434937000275e-02 5.816752091050148010e-02 1.127818599343299866e-02 7.604036945849657059e-03
3.506075218319892883e-02 1.205356791615486145e-03 2.457225881516933441e-02 2.632305026054382324e-01 4.957935512065887451e-01 3.864468261599540710e-02 1.089015044271945953e-02 2.721168473362922668e-02 8.880717679858207703e-03 2.330331504344940186e-02 6.053689867258071899e-03 1.133390143513679504e-02 1.782747730612754822e-02 8.576527237892150879e-03 7.714139670133590698e-02 2.871140278875827789e-02 7.791045121848583221e-03 3.926927968859672546e-02 1.531490962952375412e-02 1.816432736814022064e-02 2.323634922504425049e-02 3.399454522877931595e-03 4.300398752093315125e-02 3.105781227350234985e-02 2.089376561343669891e-02 2.531611546874046326e-02 4.108854010701179504e-02 3.243259713053703308e-02 4.379470832645893097e-03 1.169446576386690140e-02 1.536333933472633362e-02 1.093174982815980911e-02 2.716566435992717743e-02 7.208238821476697922e-03 3.744654729962348938e-02 3.473327681422233582e-02 3.518739715218544006e-02 6.434789393097162247e-03 5.186347663402557373e-02 3.677258267998695374e-02 7.398766465485095978e-04 3.196487575769424438e-02 7.620460819453001022e-04 2.882551029324531555e-02 1.734508387744426727e-02 1.906415820121765137e-02 1.149759162217378616e-02 3.857692936435341835e-03 1.298820972442626953e-02 4.082074388861656189e-02 3.313359990715980530e-02 5.797122418880462646e-02 3.054730780422687531e-02 1.038069464266300201e-02 1.518880389630794525e-02 4.315652325749397278e-02 4.344525933265686035e-02 8.885978721082210541e-03 4.733491316437721252e-02 4.500713944435119629e-02 1.344823837280273438e-02 2.209123224020004272e-03 3.733706846833229065e-02 1.325741689652204514e-02 3.080906532704830170e-02 7.211069110780954361e-03 3.792548924684524536e-02 8.528170175850391388e-03 1.283511240035295486e-02 3.043490275740623474e-02 8.262581191956996918e-03 4.577193409204483032e-03 1.473542600870132446e-01 3.304565092548727989e-03 1.650470942258834839e-01 2.079050056636333466e-02 4.929183423519134521e-02 2.327323146164417267e-02 1.524194376543164253e-03 4.399470984935760498e-02 1.234347652643918991e-02 3.834299743175506592e-02 3.232799842953681946e-02 8.250456303358078003e-03 1.039785146713256836e-02 1.646110322326421738e-03 5.887560173869132996e-02 5.427970318123698235e-04 2.336575277149677277e-02 4.438462108373641968e-02 4.805294796824455261e-02 1.530964625999331474e-03 3.021069988608360291e-02 6.265933625400066376e-03 2.221992984414100647e-02 4.565237089991569519e-02 1.445646770298480988e-02 8.428815752267837524e-03 3.965995088219642639e-02 6.446430459618568420e-03 3.580239787697792053e-02 4.383109882473945618e-02 3.940922394394874573e-02 4.456048086285591125e-02 2.855343744158744812e-02 2.196366200223565102e-03 2.375805936753749847e-02 3.863493725657463074e-02 2.506322599947452545e-02 4.389108717441558838e-02 5.042348429560661316e-02 1.536845695227384567e-02 1.955515332520008087e-02 2.546288073062896729e-02 2.622629515826702118e-02 4.891756456345319748e-03
1.472112387418746948e-01 5.425889417529106140e-02 2.990837208926677704e-02 2.981123700737953186e-02 3.864468261599540710e-02 4.900825023651123047e-01 2.123435884714126587e-01 4.013594985008239746e-02 2.343122474849224091e-02 3.551188483834266663e-02 6.859537959098815918e-02 5.007340386509895325e-02 4.359766840934753418e-02 4.200966283679008484e-02 1.200777478516101837e-02 1.333096995949745178e-02 2.506855316460132599e-02 6.668875925242900848e-03 1.705943048000335693e-02 2.753744600340723991e-03 1.272589899599552155e-02 3.532379120588302612e-02 1.941444352269172668e-02 1.905885711312294006e-02 2.626224234700202942e-02 2.740176208317279816e-02 6.366835441440343857e-03 5.774867534637451172e-02 4.426727443933486938e-02 1.547861658036708832e-02 7.758841384202241898e-03 2.813432738184928894e-02 3.930423781275749207e-02 3.120773658156394958e-02 2.340818755328655243e-02 2.124397084116935730e-02 3.860453516244888306e-02 1.334520708769559860e-02 3.373051807284355164e-02 9.945389814674854279e-03 4.700775444507598877e-02 2.473942190408706665e-02 2.769715711474418640e-02 3.972301632165908813e-02 4.180176183581352234e-02 8.609050512313842773e-02 7.794354110956192017e-02 1.125494316220283508e-01 1.645014039240777493e-03 9.102886542677879333e-03 4.054576531052589417e-02 3.652777150273323059e-02 1.651199348270893097e-02 1.159373298287391663e-02 5.019290372729301453e-02 4.391328990459442139e-02 1.417796872556209564e-02 1.992432959377765656e-02 3.999800980091094971e-02 2.692194189876317978e-03 2.425180189311504364e-02 2.234140411019325256e-02 2.606528438627719879e-02 1.685533486306667328e-02 9.192803874611854553e-03 1.451614126563072205e-02 2.631967142224311829e-02 2.796563785523176193e-03 9.370630607008934021e-03 4.871065169572830200e-02 2.914704941213130951e-02 2.808060671668499708e-04 1.914597488939762115e-02 3.393341600894927979e-02 1.171522494405508041e-02 3.021613694727420807e-02 3.902779147028923035e-02 1.864335685968399048e-02 5.796997575089335442e-04 3.524697199463844299e-02 4.154279828071594238e-02 4.151650890707969666e-02 4.965201951563358307e-03 2.149015478789806366e-02 3.694971650838851929e-02 5.308972904458642006e-04 1.199527829885482788e-02 2.685313858091831207e-02 1.653862558305263519e-02 3.174316883087158203e-02 3.673597425222396851e-02 1.302464120090007782e-02 3.562537720426917076e-03 2.137342281639575958e-02 2.613046765327453613e-02 3.834185004234313965e-02 3.819838166236877441e-02 1.228194870054721832e-02 2.064504846930503845e-02 3.499285131692886353e-02 3.382606804370880127e-02 1.424860022962093353e-02 8.251143619418144226e-03 2.916734851896762848e-02 2.611685171723365784e-02 5.447293166071176529e-03 4.112941212952136993e-03 4.484329372644424438e-02 1.430695690214633942e-02 5.499770864844322205e-02 1.974423788487911224e-02 1.997822895646095276e-02 1.517287734895944595e-02 1.016603503376245499e-02 1.118541695177555084e-03 7.185745984315872192e-02
9.021017700433731079e-02 7.938770949840545654e-02 4.529330506920814514e-02 3.373625874519348145e-02 1.089015044271945953e-02 2.123435884714126587e-01 4.898634850978851318e-01 2.417831309139728546e-02 1.390558294951915741e-02 3.460713848471641541e-02 1.595681719481945038e-02 8.844371885061264038e-02 4.267774149775505066e-02 7.602798938751220703e-02 4.838820174336433411e-02 8.473157137632369995e-02 2.415228635072708130e-02 9.062670171260833740e-03 1.416980475187301636e-02 3.513741493225097656e-02 4.483965039253234863e-02 1.658139564096927643e-02 2.980433031916618347e-02 3.282358124852180481e-02 3.107992932200431824e-02 4.650107398629188538e-02 2.005243208259344101e-03 1.752180745825171471e-03 1.030092826113104820e-03 8.453156799077987671e-03 1.962370611727237701e-02 2.355950698256492615e-02 6.396440789103507996e-03 2.631790935993194580e-02 4.394101724028587341e-02 4.091004654765129089e-02 3.456218866631388664e-03 2.244748733937740326e-02 3.038111701607704163e-02 2.811199612915515900e-02 1.606970280408859253e-02 4.602399095892906189e-02 1.333862543106079102e-02 4.862593114376068115e-02 3.150070458650588989e-02 3.697824478149414062e-02 3.826284781098365784e-02 1.634164899587631226e-02 3.184046968817710876e-02 4.481475800275802612e-02 1.329109352082014084e-02 4.394322168081998825e-03 4.572571441531181335e-02 4.724342748522758484e-02 2.827765420079231262e-02 3.897459711879491806e-03 2.516358532011508942e-02 2.920012222602963448e-03 2.339729107916355133e-03 4.283498972654342651e-02 5.157112702727317810e-02 3.165304660797119141e-02 3.400693461298942566e-02 2.875948511064052582e-02 2.000149339437484741e-02 8.667875081300735474e-03 2.485945448279380798e-02 3.069839440286159515e-03 5.645878612995147705e-02 3.476089239120483398e-02 5.441812053322792053e-02 1.101491972804069519e-02 1.290486659854650497e-02 3.024416416883468628e-02 2.795182727277278900e-02 2.821848914027214050e-02 4.864561557769775391e-02 2.827741391956806183e-02 3.308033198118209839e-02 2.912203595042228699e-02 1.620122045278549194e-02 1.749598234891891479e-02 4.569970443844795227e-02 1.026422157883644104e-02 2.261057525174692273e-04 6.102005019783973694e-02 3.448450006544589996e-03 1.241008285433053970e-02 4.116572439670562744e-03 4.039400443434715271e-02 1.601327094249427319e-03 1.291556190699338913e-02 3.767123073339462280e-02 2.637000288814306259e-03 2.037460543215274811e-02 4.295761138200759888e-02 1.859001442790031433e-02 3.193682059645652771e-02 1.469974126666784286e-02 2.025453932583332062e-02 1.271816994994878769e-02 3.703067824244499207e-02 6.220870092511177063e-02 2.578142797574400902e-03 7.357244845479726791e-03 1.444837776944041252e-03 6.626645568758249283e-03 2.908140048384666443e-02 1.532417256385087967e-02 2.726122178137302399e-02 3.845736756920814514e-02 1.417952403426170349e-02 1.736499182879924774e-02 7.168618496507406235e-03 5.204154923558235168e-02 2.325192280113697052e-02
4.549858160316944122e-03 4.139071702957153320e-02 8.563403785228729248e-02 3.981737047433853149e-02 2.721168473362922668e-02 4.013594985008239746e-02 2.417831309139728546e-02 4.894239306449890137e-01 3.110552672296762466e-03 3.272414579987525940e-02 4.761702194809913635e-02 2.314635552465915680e-02 2.135666273534297943e-02 4.437612369656562805e-02 9.659830480813980103e-03 1.449711993336677551e-02 1.427562441676855087e-02 2.582738734781742096e-02 4.710309952497482300e-02 9.769842959940433502e-03 5.290615931153297424e-02 5.089008063077926636e-02 2.399393729865550995e-02 1.928924582898616791e-02 8.752808906137943268e-03 5.843072012066841125e-02 4.742273688316345215e-02 2.138514816761016846e-02 9.529490023851394653e-03 1.832301914691925049e-02 1.158027164638042450e-02 2.567498758435249329e-02 3.930171206593513489e-02 1.727061159908771515e-02 1.184590812772512436e-02 2.761604628176428378e-05 1.656696945428848267e-02 1.075823139399290085e-02 1.327412109822034836e-02 4.439833760261535645e-02 1.591990515589714050e-02 7.369584403932094574e-03 5.532962386496365070e-04 3.771359100937843323e-02 2.504285797476768494e-02 1.774034835398197174e-02 5.543319135904312134e-02 1.722748763859272003e-02 4.056769609451293945e-02 5.014832690358161926e-02 3.114274516701698303e-02 2.248718589544296265e-02 2.552380785346031189e-02 1.350110024213790894e-02 9.881691075861454010e-04 1.108856033533811569e-02 4.418021813035011292e-02 7.159788161516189575e-03 2.869415469467639923e-02 1.625813357532024384e-02 6.301587820053100586e-02 1.834335736930370331e-02 3.582575544714927673e-02 1.352107501588761806e-03 2.438500151038169861e-02 3.701115772128105164e-02 1.480659656226634979e-02 7.620851509273052216e-03 1.430478226393461227e-02 2.905155532062053680e-02 7.970958016812801361e-03 4.305505380034446716e-02 6.375810480676591396e-04 2.762738801538944244e-02 1.352030690759420395e-02 1.124800834804773331e-02 5.309496819972991943e-02 1.862616650760173798e-02 4.084999486804008484e-02 4.565077275037765503e-02 8.072667568922042847e-02 1.023248285055160522e-01 2.104140818119049072e-02 1.899887993931770325e-02 8.498318493366241455e-03 2.714276500046253204e-02 4.393610171973705292e-03 5.592719465494155884e-02 3.061133809387683868e-02 4.134565126150846481e-03 2.483528852462768555e-02 1.461578533053398132e-02 1.432824600487947464e-02 2.875391161069273949e-03 7.340832147747278214e-03 6.913532502949237823e-03 2.203446347266435623e-03 4.111767187714576721e-02 1.082083117216825485e-02 3.365706279873847961e-02 4.929904267191886902e-02 1.911593228578567505e-02 2.517572790384292603e-02 1.149647217243909836e-02 1.718929037451744080e-02 2.267560362815856934e-02 2.116498723626136780e-02 1.355804596096277237e-02 5.386474356055259705e-02 4.814622551202774048e-02 5.266169086098670959e-03 4.657222330570220947e-02 1.310405693948268890e-02 2.118458785116672516e-02 9.908201172947883606e-04 4.122207313776016235e-02
4.457479342818260193e-02 1.957038231194019318e-02 5.066272243857383728e-02 4.198127612471580505e-02 8.880717679858207703e-03 2.343122474849224091e-02 1.390558294951915741e-02 3.110552672296762466e-03 5.054219365119934082e-01 1.012477353215217590e-01 1.420532632619142532e-02 3.968545794486999512e-02 2.871126122772693634e-02 3.672809526324272156e-02 2.022077515721321106e-02 6.078094989061355591e-02 5.645010620355606079e-02 1.063910350203514099e-01 4.702928662300109863e-02 2.584565989673137665e-02 3.103677183389663696e-02 2.180350944399833679e-02 7.798489183187484741e-02 3.063035197556018829e-02 1.691067009232938290e-03 2.356489421799778938e-03 1.479029096662998199e-02 5.068089812994003296e-02 2.188351005315780640e-02 4.290942102670669556e-02 1.423524506390094757e-02 3.254269436001777649e-02 5.468511953949928284e-02 1.177603751420974731e-02 3.186160698533058167e-02 2.579564787447452545e-02 2.509266836568713188e-03 1.442106347531080246e-02 1.174928899854421616e-02 1.163236051797866821e-02 4.616231098771095276e-02 2.221477590501308441e-02 4.216081649065017700e-02 3.460742905735969543e-02 3.442522138357162476e-02 2.737990580499172211e-02 2.011633850634098053e-02 8.082987042143940926e-04 4.275646433234214783e-02 2.100794762372970581e-02 3.539353981614112854e-02 4.870826844125986099e-03 3.145639225840568542e-02 3.124882094562053680e-02 5.060405284166336060e-02 4.719226062297821045e-02 2.810675650835037231e-02 3.930557891726493835e-02 8.942063897848129272e-03 1.438970770686864853e-02 1.341777760535478592e-02 4.803663864731788635e-02 2.602237276732921600e-03 2.018808387219905853e-02 2.239522151648998260e-02 2.413279749453067780e-02 4.630936775356531143e-03 3.114005923271179199e-02 1.285407543182373047e-01 4.406520724296569824e-02 3.991154581308364868e-02 8.429425954818725586e-02 1.498903054744005203e-02 2.899363404139876366e-03 7.597693242132663727e-03 2.728681825101375580e-02 1.516427546739578247e-01 3.443989669904112816e-03 7.388905435800552368e-02 6.458718329668045044e-03 2.666911343112587929e-03 3.046816773712635040e-02 9.292808175086975098e-02 3.149514645338058472e-02 3.145615383982658386e-02 1.164050865918397903e-02 2.921902202069759369e-02 3.168416023254394531e-02 5.638822913169860840e-02 2.909895405173301697e-02 5.424999073147773743e-02 4.606497287750244141e-02 2.488775365054607391e-02 3.477742895483970642e-02 6.698029115796089172e-03 3.210433945059776306e-02 4.360514879226684570e-02 4.047881811857223511e-02 4.521486908197402954e-02 3.217636793851852417e-02 8.071021176874637604e-03 6.111806258559226990e-03 3.817566856741905212e-02 4.198678210377693176e-02 4.243467003107070923e-02 2.217720821499824524e-02 2.065590210258960724e-02 3.228176012635231018e-02 3.722681477665901184e-02 2.384679391980171204e-02 4.001982510089874268e-02 3.673113137483596802e-02 4.729828611016273499e-02 4.321603477001190186e-02 2.424591593444347382e-02 2.982599288225173950e-02
3.455356135964393616e-02 2.048731595277786255e-02 2.695636451244354248e-02 3.809766145423054695e-03 2.330331504344940186e-02 3.551188483834266663e-02 3.460713848471641541e-02 3.272414579987525940e-02 1.012477353215217590e-01 5.070405602455139160e-01 2.717853710055351257e-02 3.790940900216810405e-05 1.323731243610382080e-02 1.848455052822828293e-03 1.641764119267463684e-02 1.713230507448315620e-03 4.065211117267608643e-02 4.380964860320091248e-02 4.713893309235572815e-02 1.100052613765001297e-03 2.095180563628673553e-02 6.709465291351079941e-03 3.029370866715908051e-02 5.351592600345611572e-02 7.958220317959785461e-03 4.153874215262476355e-06 5.188622325658798218e-02 4.028518497943878174e-02 1.095021609216928482e-02 2.597527392208576202e-02 5.472438875585794449e-03 2.385778119787573814e-03 3.436676040291786194e-02 1.143690291792154312e-02 3.024268150329589844e-02 8.620722219347953796e-03 2.111782133579254150e-02 1.301676500588655472e-02 1.096536405384540558e-02 3.383566066622734070e-02 3.337585180997848511e-02 7.666254881769418716e-03 1.170581672340631485e-02 1.006943173706531525e-02 1.675611920654773712e-02 3.892324492335319519e-02 1.266095135360956192e-02 5.132534354925155640e-02 4.266874864697456360e-03 6.810404360294342041e-02 2.693806774914264679e-02 1.961531350389122963e-03 4.129419103264808655e-02 5.194952338933944702e-02 1.134600117802619934e-02 1.184734050184488297e-02 1.530823577195405960e-02 1.968681067228317261e-02 4.541720822453498840e-02 2.033062651753425598e-02 3.050961531698703766e-02 3.580016642808914185e-02 2.998678199946880341e-02 5.956842377781867981e-02 9.837876074016094208e-03 1.869023777544498444e-02 1.765169389545917511e-02 6.727416766807436943e-04 5.249867588281631470e-02 3.972482867538928986e-03 8.041192591190338135e-02 8.726823143661022186e-03 5.174786597490310669e-02 5.784102901816368103e-02 4.006634280085563660e-02 3.028763085603713989e-02 6.672359257936477661e-02 8.708111196756362915e-02 2.127599343657493591e-02 7.075751572847366333e-02 5.406311899423599243e-02 3.757283836603164673e-02 9.572341293096542358e-02 3.466491401195526123e-02 6.359787285327911377e-02 5.637730658054351807e-02 1.369076687842607498e-02 4.199096187949180603e-02 5.410005152225494385e-02 2.312884852290153503e-02 2.312725596129894257e-02 4.159607924520969391e-03 2.659747377038002014e-02 7.043690886348485947e-03 1.223749108612537384e-02 8.550637401640415192e-03 8.965080603957176208e-03 1.016266085207462311e-02 3.371020406484603882e-02 4.404779151082038879e-02 2.922360040247440338e-02 1.454627048224210739e-02 8.863482624292373657e-03 3.635511733591556549e-03 3.244866803288459778e-02 4.641393944621086121e-02 4.605258256196975708e-02 1.610428653657436371e-02 5.035390704870223999e-02 3.340430185198783875e-02 5.656267749145627022e-04 1.433193334378302097e-03 2.250230498611927032e-02 7.183174137026071548e-03 3.068063408136367798e-02 2.702646516263484955e-02
1.937903165817260742e-01 8.776682615280151367e-02 4.347911477088928223e-02 2.067276509478688240e-03 6.053689867258071899e-03 6.859537959098815918e-02 1.595681719481945038e-02 4.761702194809913635e-02 1.420532632619142532e-02 2.717853710055351257e-02 4.982753098011016846e-01 4.839059337973594666e-02 7.888232916593551636e-02 1.831025443971157074e-02 5.354490503668785095e-02 3.635715693235397339e-02 3.843656927347183228e-02 2.273684553802013397e-02 6.967688910663127899e-03 8.328235708177089691e-03 1.554558146744966507e-02 9.108918160200119019e-02 2.164280414581298828e-02 4.958228394389152527e-02 4.336554557085037231e-03 3.738278150558471680e-02 1.782777346670627594e-02 2.139507234096527100e-02 4.439369367901235819e-04 9.257859550416469574e-03 4.335892572999000549e-02 9.464078582823276520e-03 1.782171055674552917e-02 3.049435839056968689e-02 2.088840305805206299e-02 2.852028422057628632e-02 3.682933375239372253e-02 1.430920558050274849e-03 2.072130329906940460e-02 1.868144050240516663e-02 2.963528968393802643e-02 2.723404439166188240e-03 9.598745964467525482e-03 1.104489061981439590e-02 3.505770862102508545e-02 2.406950853765010834e-02 4.465797916054725647e-02 5.306270718574523926e-02 2.296797698363661766e-03 8.313009515404701233e-03 1.268641278147697449e-02 2.963439328595995903e-03 6.096101365983486176e-03 1.146150752902030945e-02 1.158738508820533752e-02 1.648224331438541412e-02 3.555226325988769531e-02 4.258262738585472107e-02 1.894194073975086212e-02 1.174067799001932144e-02 3.587962314486503601e-02 2.056449837982654572e-02 1.701140590012073517e-02 3.851430118083953857e-02 6.517180055379867554e-02 2.948591113090515137e-02 2.702203765511512756e-02 5.900783464312553406e-03 1.864060387015342712e-02 3.730962285771965981e-03 2.534314617514610291e-02 4.266206547617912292e-02 2.810042724013328552e-02 3.008696995675563812e-02 2.741531096398830414e-02 7.187859620898962021e-03 3.769207745790481567e-03 4.215686768293380737e-02 3.380581038072705269e-04 3.047423623502254486e-02 4.896995611488819122e-03 1.476041600108146667e-02 4.749404639005661011e-02 3.063948266208171844e-02 4.326530545949935913e-02 4.737893491983413696e-02 9.239045530557632446e-02 5.791869387030601501e-02 5.746861454099416733e-03 1.290393900126218796e-02 1.717888005077838898e-02 5.636473745107650757e-02 3.816578537225723267e-02 1.498248893767595291e-02 1.499446108937263489e-02 1.374330837279558182e-02 1.887019723653793335e-02 3.926453366875648499e-02 3.665245324373245239e-02 5.339002702385187149e-03 1.057885959744453430e-02 3.679811209440231323e-02 2.558203227818012238e-02 8.418460376560688019e-03 3.489493951201438904e-02 5.204060301184654236e-02 5.194875597953796387e-02 5.622609984129667282e-03 4.324856027960777283e-02 4.724074155092239380e-03 4.653178900480270386e-02 3.668952360749244690e-02 9.364916011691093445e-03 1.623318903148174286e-02 3.004580922424793243e-02 3.197050094604492188e-02
1.340902503579854965e-02 2.223767712712287903e-02 3.021742030978202820e-02 1.180331967771053314e-02 1.133390143513679504e-02 5.007340386509895325e-02 8.844371885061264038e-02 2.314635552465915680e-02 3.968545794486999512e-02 3.790940900216810405e-05 4.839059337973594666e-02 5.065391659736633301e-01 1.008773222565650940e-02 1.676287353038787842e-01 2.763618249446153641e-04 1.576728001236915588e-02 4.405731335282325745e-02 2.532043680548667908e-02 4.207890853285789490e-02 2.770392224192619324e-02 2.397624589502811432e-02 4.775381088256835938e-02 3.340477496385574341e-02 4.100785776972770691e-02 3.263876214623451233e-02 4.471981897950172424e-02 1.725861243903636932e-02 4.702342674136161804e-02 1.442145183682441711e-02 9.324855357408523560e-02 6.595249287784099579e-03 2.424190286546945572e-03 3.974549844861030579e-02 6.654887925833463669e-03 4.763823375105857849e-02 4.359723255038261414e-02 1.889912970364093781e-02 5.440656095743179321e-02 1.287221908569335938e-02 2.578344754874706268e-02 2.717875130474567413e-02 1.387128024362027645e-03 1.972095109522342682e-02 3.983883187174797058e-02 2.218328788876533508e-02 1.608772785402834415e-03 9.789518080651760101e-03 8.071843534708023071e-03 4.893734678626060486e-02 4.795615747570991516e-02 1.120812352746725082e-02 3.207510337233543396e-02 7.687296252697706223e-03 1.561619713902473450e-02 2.756586484611034393e-02 3.567052260041236877e-02 2.112274616956710815e-02 4.816600680351257324e-02 6.047579273581504822e-02 1.090928260236978531e-02 4.827075824141502380e-02 4.247980192303657532e-02 6.734056398272514343e-03 5.843632388859987259e-03 1.610188558697700500e-02 3.150931000709533691e-02 2.098876237869262695e-02 4.849672317504882812e-02 4.522684961557388306e-02 1.838168501853942871e-02 2.826277911663055420e-02 1.233987323939800262e-02 3.865138813853263855e-02 1.723029278218746185e-02 1.602451130747795105e-02 3.184442222118377686e-02 6.997945904731750488e-02 8.727397769689559937e-02 3.951529506593942642e-03 9.610028937458992004e-03 1.304161921143531799e-02 1.240706723183393478e-02 1.627258211374282837e-02 2.892391197383403778e-02 2.583343908190727234e-02 5.345065891742706299e-02 3.628052398562431335e-02 2.317534573376178741e-02 5.411089584231376648e-02 6.660881638526916504e-02 2.394305169582366943e-02 4.056853428483009338e-02 2.441771357553079724e-05 2.314972877502441406e-02 3.387672826647758484e-02 3.147527575492858887e-02 4.219903796911239624e-02 2.567957714200019836e-02 1.021311059594154358e-02 2.641721628606319427e-02 2.742763608694076538e-03 2.855907753109931946e-02 1.044069137424230576e-02 4.125360399484634399e-02 2.647407352924346924e-03 2.938828431069850922e-02 3.827891871333122253e-02 4.660713672637939453e-02 1.930945366621017456e-02 1.400627009570598602e-02 9.468184784054756165e-03 1.216619927436113358e-02 2.106890082359313965e-02 3.594313561916351318e-02 5.415818654000759125e-03 2.859314531087875366e-02
8.049689233303070068e-03 1.180293783545494080e-01 1.455637253820896149e-02 4.665243253111839294e-02 1.782747730612754822e-02 4.359766840934753418e-02 4.267774149775505066e-02 2.135666273534297943e-02 2.871126122772693634e-02 1.323731243610382080e-02 7.888232916593551636e-02 1.008773222565650940e-02 5.024793744087219238e-01 3.026773408055305481e-02 5.379484593868255615e-02 4.761168733239173889e-02 1.647242158651351929e-02 3.586051240563392639e-02 1.042449288070201874e-02 1.012564543634653091e-02 9.319721721112728119e-03 4.895586892962455750e-02 3.848391771316528320e-02 3.694278746843338013e-02 1.382064074277877808e-02 2.915275841951370239e-02 6.245123222470283508e-03 4.220435768365859985e-02 2.170501835644245148e-02 2.402905561029911041e-02 4.362490400671958923e-02 1.217454113066196442e-02 2.561729028820991516e-02 1.198678370565176010e-02 1.638002693653106689e-02 2.042063139379024506e-02 4.236337263137102127e-03 1.950413919985294342e-02 2.408081293106079102e-02 2.259396761655807495e-02 1.111614331603050232e-02 3.136739879846572876e-02 1.541892252862453461e-02 8.070107549428939819e-03 5.966748297214508057e-02 5.746174976229667664e-02 7.103166542947292328e-03 2.787942439317703247e-02 1.805182173848152161e-02 3.727702796459197998e-02 3.895659744739532471e-02 2.920554950833320618e-02 3.734307736158370972e-02 2.017702534794807434e-02 6.111505208536982536e-04 2.170644141733646393e-02 3.054264234378933907e-03 6.110205128788948059e-02 4.691870883107185364e-02 7.333691697567701340e-03 3.689460456371307373e-02 2.110079489648342133e-02 3.318659216165542603e-02 2.952038310468196869e-03 5.857411399483680725e-02 1.064242571592330933e-01 2.654631098266690969e-04 2.701298147439956665e-02 3.077830001711845398e-02 3.882340341806411743e-02 3.716119006276130676e-02 1.940483041107654572e-02 4.716129601001739502e-02 3.251481801271438599e-02 2.781736664474010468e-02 4.330052062869071960e-02 4.962941631674766541e-02 3.829682245850563049e-02 3.329378738999366760e-02 5.039357766509056091e-02 1.857295259833335876e-02 7.976206252351403236e-04 1.453005056828260422e-02 1.391135901212692261e-02 1.586788706481456757e-02 3.071739897131919861e-02 7.241917401552200317e-02 4.496077075600624084e-02 1.522558834403753281e-02 1.202108454890549183e-03 2.191834338009357452e-02 1.051770616322755814e-02 5.886266753077507019e-02 8.667994290590286255e-03 1.221971493214368820e-02 1.852743700146675110e-02 5.544729903340339661e-02 3.626496763899922371e-03 1.054765284061431885e-02 2.156640402972698212e-03 3.969828039407730103e-02 4.305572062730789185e-02 2.998656593263149261e-02 3.018194623291492462e-02 4.566384851932525635e-02 1.144837308675050735e-02 3.511997312307357788e-02 3.192329406738281250e-02 1.246835803613066673e-03 6.137188896536827087e-02 3.562486544251441956e-02 3.871900588274002075e-02 4.198354855179786682e-02 1.092487759888172150e-02 2.646423177793622017e-03 1.396502088755369186e-02
