5.291547775268554688e-01 1.070912480354309082e-01 1.262015011161565781e-02 3.255034238100051880e-02 2.609393931925296783e-02 1.484766900539398193e-01 1.083082333207130432e-02 1.785022951662540436e-02 1.755684986710548401e-02 3.919143602252006531e-02 1.453228145837783813e-01 1.148031465709209442e-02 1.077775880694389343e-01 3.897051140666007996e-02 3.994043916463851929e-02 6.727274507284164429e-03 3.015131689608097076e-02 3.428673604503273964e-03 1.377602014690637589e-02 9.462628804612904787e-05 1.983954757452011108e-02 5.868962779641151428e-02 1.759132929146289825e-02 5.267813429236412048e-02 1.049557421356439590e-02 3.955680876970291138e-02 5.450772866606712341e-02 7.072513923048973083e-03 4.348343238234519958e-03 9.634668007493019104e-03 1.708904467523097992e-02 3.187555819749832153e-02 3.021415323019027710e-02 4.252794012427330017e-02 5.105653777718544006e-02 2.328478172421455383e-02 6.105481181293725967e-03 1.161225698888301849e-02 1.737432926893234253e-02 3.074038773775100708e-03 3.675507754087448120e-02 1.647634245455265045e-02 5.752462428063154221e-03 1.191529165953397751e-02 3.046710789203643799e-02 3.682568669319152832e-02 1.254744827747344971e-01 2.074638009071350098e-02 1.366792619228363037e-02 4.393493756651878357e-02 3.683850541710853577e-02 4.827278107404708862e-02 4.386395215988159180e-03 2.939156629145145416e-02 2.846096269786357880e-02 2.171558700501918793e-02 2.256885170936584473e-02 3.748366609215736389e-02 2.085191942751407623e-02 6.115942960605025291e-04 3.738893195986747742e-02 2.640859223902225494e-02 5.945608019828796387e-03 1.155994250439107418e-03 2.653250284492969513e-02 3.991315513849258423e-02 2.063501067459583282e-02 2.554099261760711670e-02 1.034018769860267639e-02 4.098092019557952881e-02 2.860163105651736259e-03 4.434296861290931702e-04 1.142731681466102600e-02 5.161933600902557373e-02 4.320076201111078262e-03 2.440904267132282257e-02 7.740944158285856247e-03 2.474003471434116364e-02 1.611834205687046051e-02 3.936564549803733826e-02 2.759931981563568115e-02 1.372530870139598846e-02 4.916287958621978760e-03 4.443895444273948669e-02 1.155319903045892715e-02 9.391905739903450012e-03 5.066270008683204651e-02 1.064069475978612900e-02 1.245075184851884842e-02 5.788697302341461182e-02 1.822437159717082977e-02 4.394379630684852600e-02 4.423821344971656799e-02 4.603671655058860779e-02 1.505707157775759697e-03 1.488652639091014862e-02 3.920345008373260498e-02 4.709673300385475159e-02 3.032442554831504822e-02 3.927435353398323059e-02 1.191031746566295624e-02 2.021355926990509033e-02 4.213088005781173706e-02 3.996253386139869690e-02 2.266272343695163727e-02 1.646647602319717407e-02 2.386005036532878876e-02 4.717752709984779358e-02 7.419819943606853485e-03 9.450140409171581268e-03 2.556078135967254639e-02 2.872889302670955658e-02 5.282315891236066818e-03 6.583872251212596893e-03 3.241900727152824402e-02 2.322609722614288330e-02
1.070912480354309082e-01 5.217675566673278809e-01 2.506180480122566223e-02 3.910795226693153381e-02 2.336754463613033295e-02 1.319234073162078857e-01 6.734228879213333130e-02 9.474095888435840607e-03 1.999283395707607269e-02 5.289317667484283447e-02 8.129361271858215332e-02 1.549490075558423996e-02 1.560809165239334106e-01 4.388717934489250183e-03 2.773419208824634552e-02 4.363843239843845367e-03 3.700752556324005127e-02 2.660390548408031464e-02 9.476512786932289600e-04 1.154439616948366165e-02 1.018338557332754135e-02 7.442345470190048218e-02 1.821133866906166077e-02 3.150516375899314880e-02 8.925713598728179932e-03 3.351075574755668640e-02 1.744403620250523090e-03 2.195682004094123840e-02 2.349078468978404999e-02 1.092332694679498672e-02 2.453022077679634094e-02 3.137792274355888367e-02 4.092673584818840027e-02 2.059135353192687035e-03 3.950247541069984436e-02 1.001013070344924927e-02 4.808649886399507523e-03 2.386516332626342773e-02 1.247646007686853409e-02 3.250103327445685863e-04 3.179965168237686157e-02 8.593520149588584900e-03 3.700459375977516174e-02 1.556247100234031677e-02 2.293064026162028313e-03 9.401446208357810974e-03 5.756852030754089355e-02 4.100339114665985107e-02 4.324350133538246155e-02 2.720211073756217957e-02 4.553315788507461548e-02 3.230115026235580444e-02 1.400615647435188293e-02 5.342844873666763306e-03 2.446815744042396545e-02 1.799877732992172241e-02 2.023347280919551849e-02 3.797855600714683533e-02 1.767114177346229553e-02 8.139703422784805298e-03 3.636487573385238647e-02 4.007711261510848999e-02 2.241943404078483582e-02 4.747677594423294067e-03 1.085432432591915131e-02 1.845963066443800926e-03 2.812920883297920227e-02 4.998462274670600891e-03 5.931261461228132248e-03 3.838841617107391357e-02 1.839485601522028446e-03 1.267910096794366837e-02 3.415655717253684998e-02 1.787488162517547607e-02 1.165151689201593399e-02 3.616429865360260010e-02 2.074913308024406433e-02 6.577215157449245453e-03 2.082370687276124954e-03 9.312724694609642029e-03 1.711269281804561615e-02 4.173934087157249451e-02 1.400309242308139801e-02 3.958464786410331726e-02 2.867794409394264221e-02 5.195650830864906311e-02 2.257907018065452576e-02 2.885310677811503410e-03 1.851085387170314789e-02 5.663374438881874084e-02 4.699160810559988022e-03 5.172229185700416565e-02 1.881746016442775726e-02 6.769511103630065918e-02 3.257450461387634277e-02 7.714232895523309708e-03 1.647561416029930115e-02 4.565845802426338196e-02 1.910915412008762360e-02 6.371675990521907806e-03 1.726718619465827942e-02 1.387066766619682312e-02 6.052355165593326092e-04 2.413630858063697815e-02 2.844590507447719574e-02 2.667768672108650208e-02 1.269350666552782059e-02 2.711678668856620789e-02 2.739181183278560638e-02 1.817860826849937439e-02 1.547113060951232910e-02 2.630843408405780792e-02 2.896990440785884857e-02 1.426177658140659332e-02 1.398875471204519272e-02 3.868805989623069763e-02
1.262015011161565781e-02 2.506180480122566223e-02 4.835796356201171875e-01 1.994070969521999359e-02 2.704296261072158813e-02 2.523517794907093048e-02 9.176117181777954102e-02 6.214031577110290527e-02 3.547097370028495789e-02 9.424410760402679443e-03 3.818941861391067505e-02 4.212822765111923218e-02 2.631132304668426514e-02 2.758437022566795349e-02 4.137526080012321472e-02 3.504026308655738831e-02 6.537052243947982788e-02 1.363220158964395523e-02 3.304283693432807922e-02 2.239789441227912903e-02 3.838578984141349792e-02 4.775624838657677174e-04 4.739583283662796021e-02 4.514469206333160400e-02 9.624730795621871948e-03 7.718913257122039795e-02 1.041976865963079035e-04 7.896669209003448486e-03 1.657747663557529449e-02 1.729012280702590942e-02 3.450664877891540527e-02 4.860069137066602707e-03 1.129971165210008621e-02 2.809065394103527069e-02 3.634501248598098755e-02 2.243566792458295822e-03 3.047963045537471771e-02 2.156538888812065125e-02 1.995632797479629517e-02 4.235637933015823364e-02 4.730174783617258072e-03 9.416281827725470066e-04 3.076873160898685455e-02 2.420536987483501434e-02 9.995600208640098572e-03 1.153056882321834564e-02 4.659176990389823914e-02 6.833640486001968384e-02 4.071804881095886230e-02 1.110989134758710861e-02 3.682697424665093422e-03 2.375661395490169525e-02 1.276866719126701355e-02 1.352711208164691925e-02 4.023519903421401978e-02 3.235111245885491371e-03 9.594460017979145050e-03 5.072093568742275238e-03 3.935736790299415588e-02 2.013350836932659149e-02 2.858363837003707886e-02 6.099402438849210739e-03 9.373410604894161224e-03 4.675833880901336670e-02 2.880468778312206268e-02 2.657679095864295959e-02 1.305765938013792038e-02 2.006788924336433411e-02 1.054653082974255085e-03 2.935373410582542419e-02 1.350896991789340973e-02 1.834890618920326233e-02 3.560413047671318054e-02 4.666069522500038147e-02 3.115141950547695160e-02 2.777845412492752075e-02 3.906432539224624634e-02 4.314372316002845764e-02 1.546319294720888138e-02 3.148897737264633179e-02 4.714053124189376831e-02 7.489467505365610123e-03 2.794809825718402863e-02 6.002869457006454468e-02 2.262990921735763550e-02 1.052393391728401184e-02 1.313536544330418110e-03 2.975773811340332031e-02 6.122893188148736954e-03 3.122244402766227722e-02 7.706853561103343964e-03 2.270732447504997253e-02 6.412113457918167114e-02 3.123726928606629372e-03 8.468997664749622345e-03 1.079349312931299210e-03 2.694815210998058319e-02 2.070001140236854553e-02 4.331430047750473022e-02 7.214819546788930893e-03 1.002765633165836334e-02 4.275242611765861511e-02 1.885952055454254150e-02 3.776030207518488169e-04 2.764434367418289185e-02 4.253197461366653442e-02 1.979748718440532684e-02 2.329598739743232727e-02 2.892519347369670868e-02 3.875620663166046143e-02 1.066223159432411194e-02 2.120361663401126862e-02 1.787678338587284088e-02 1.639874465763568878e-02 2.253764308989048004e-02 4.739536438137292862e-03
3.255034238100051880e-02 3.910795226693153381e-02 1.994070969521999359e-02 4.997794628143310547e-01 1.907258033752441406e-01 1.645286567509174347e-03 4.205922409892082214e-02 2.418803796172142029e-02 3.677318990230560303e-02 4.255014285445213318e-02 2.942499518394470215e-02 2.605827338993549347e-02 2.306501753628253937e-02 5.401873961091041565e-02 8.309916593134403229e-03 1.075338479131460190e-02 4.889033734798431396e-02 3.770360350608825684e-02 2.583472616970539093e-02 8.444462902843952179e-03 1.463293284177780151e-02 1.680395798757672310e-03 4.095138981938362122e-02 4.812128469347953796e-02 4.146480932831764221e-03 2.290184423327445984e-02 3.857718035578727722e-02 2.255578991025686264e-03 3.745867172256112099e-03 1.640466414391994476e-02 1.332750543951988220e-02 1.680774614214897156e-02 4.404978826642036438e-02 4.560964927077293396e-02 4.876257106661796570e-02 4.542035236954689026e-02 1.934589701704680920e-03 3.815940581262111664e-03 2.673802711069583893e-02 2.604532428085803986e-02 4.684137552976608276e-02 9.133298881351947784e-03 5.151705350726842880e-03 6.761723011732101440e-02 2.075564116239547729e-02 2.510987035930156708e-02 3.261379525065422058e-02 3.143567591905593872e-02 3.203627839684486389e-02 2.605790644884109497e-02 2.106647938489913940e-02 2.865069732069969177e-02 2.599583938717842102e-02 5.290070921182632446e-02 3.168312832713127136e-02 1.778908190317451954e-03 1.020520627498626709e-01 4.447853937745094299e-02 1.121374964714050293e-02 1.187886204570531845e-02 2.338925935328006744e-02 7.872438058257102966e-03 7.247715443372726440e-02 7.883651182055473328e-03 2.514993771910667419e-02 8.705676533281803131e-03 1.761107333004474640e-02 5.996914696879684925e-04 1.484927535057067871e-02 2.650472708046436310e-02 8.378703147172927856e-03 3.009102866053581238e-02 8.809899538755416870e-02 3.084080107510089874e-02 3.101954609155654907e-02 3.554123267531394958e-02 7.648835889995098114e-03 3.245135769248008728e-02 1.995908468961715698e-02 2.178809139877557755e-03 3.504501655697822571e-02 5.022799130529165268e-03 1.228481065481901169e-02 4.243434220552444458e-02 3.333829343318939209e-02 4.027580376714468002e-03 1.780151017010211945e-02 4.858071729540824890e-02 4.955544695258140564e-02 2.524221315979957581e-02 1.237721275538206100e-02 2.679900033399462700e-03 3.589205816388130188e-02 2.063648588955402374e-02 3.948089480400085449e-02 4.460077360272407532e-02 4.713504761457443237e-02 3.121569193899631500e-02 4.371267184615135193e-02 2.811646088957786560e-02 2.718476206064224243e-02 3.570253029465675354e-02 5.350069329142570496e-02 3.335835039615631104e-02 2.637216262519359589e-02 4.569238796830177307e-02 1.464471500366926193e-02 1.785264909267425537e-02 2.412173897027969360e-02 4.618282243609428406e-02 2.285918034613132477e-02 2.577570965513586998e-03 8.424901403486728668e-03 5.205668858252465725e-04 5.360909271985292435e-03 2.028374187648296356e-02
2.609393931925296783e-02 2.336754463613033295e-02 2.704296261072158813e-02 1.907258033752441406e-01 5.004013180732727051e-01 1.295327115803956985e-02 2.285621315240859985e-02 3.848429024219512939e-02 4.175940155982971191e-02 4.295949265360832214e-02 3.018683940172195435e-02 4.168913513422012329e-02 3.063206747174263000e-02 3.222206234931945801e-02 1.273652072995901108e-02 5.629115924239158630e-02 1.700359955430030823e-02 4.941902309656143188e-02 5.370698403567075729e-03 7.601837161928415298e-03 2.798927016556262970e-02 3.951034042984247208e-03 3.239880548790097237e-03 1.318546012043952942e-02 2.885762602090835571e-03 1.414764020591974258e-02 7.705666124820709229e-03 3.584739938378334045e-02 3.183161467313766479e-02 1.454965583980083466e-02 1.522224582731723785e-02 3.533178567886352539e-02 5.818821489810943604e-02 5.261997878551483154e-02 5.221757292747497559e-02 3.816419094800949097e-02 4.200308769941329956e-02 4.370726644992828369e-02 2.275958471000194550e-02 1.593474857509136200e-02 2.282006479799747467e-02 5.982092395424842834e-02 4.793231561779975891e-02 1.205701474100351334e-02 2.189912833273410797e-02 1.693835132755339146e-03 2.455757185816764832e-02 3.328026831150054932e-02 3.522540628910064697e-02 1.692527905106544495e-02 2.123929373919963837e-02 7.363438606262207031e-03 4.523167852312326431e-03 3.328034281730651855e-02 3.821215778589248657e-02 2.449701167643070221e-02 5.419494584202766418e-02 4.266515374183654785e-03 3.673705039545893669e-03 2.535709179937839508e-03 4.614824429154396057e-03 2.945110201835632324e-02 5.602009221911430359e-02 3.212755545973777771e-02 4.965173080563545227e-02 2.433559391647577286e-03 1.626594364643096924e-02 8.779885247349739075e-03 1.707359775900840759e-02 4.214347898960113525e-02 3.495271503925323486e-02 3.175767371430993080e-03 3.018929064273834229e-02 2.708285860717296600e-02 2.998210862278938293e-02 1.593082956969738007e-02 9.179143235087394714e-03 1.523185055702924728e-02 1.287314109504222870e-02 1.897112280130386353e-02 1.476562756579369307e-04 1.556339394301176071e-02 2.768538147211074829e-02 4.342650249600410461e-02 5.285301012918353081e-04 4.861215595155954361e-03 1.920576766133308411e-02 3.180895373225212097e-02 8.945819921791553497e-03 1.199661660939455032e-02 3.993652760982513428e-02 4.824438691139221191e-02 3.736877813935279846e-02 2.685442008078098297e-02 4.729763045907020569e-02 1.281485427170991898e-02 1.018258160911500454e-03 1.971853524446487427e-02 2.028380287811160088e-03 2.419791556894779205e-02 4.293834790587425232e-02 1.432073581963777542e-02 2.242201939225196838e-03 1.741667627356946468e-03 2.430347166955471039e-02 2.294528111815452576e-02 3.191292285919189453e-02 2.545493841171264648e-02 2.185223437845706940e-02 3.085150383412837982e-03 3.879637271165847778e-02 1.765741407871246338e-02 3.157636150717735291e-02 1.742841675877571106e-02 7.763960398733615875e-03 2.086245454847812653e-02
1.484766900539398193e-01 1.319234073162078857e-01 2.523517794907093048e-02 1.645286567509174347e-03 1.295327115803956985e-02 5.341022610664367676e-01 1.336463391780853271e-01 4.926533438265323639e-03 3.354781493544578552e-02 4.289047420024871826e-02 1.399784237146377563e-01 2.543970383703708649e-02 1.190290600061416626e-01 2.489782683551311493e-02 7.918905466794967651e-03 2.769575081765651703e-02 4.391821473836898804e-02 3.537772595882415771e-02 1.815895549952983856e-02 3.000725293532013893e-03 3.726262971758842468e-02 7.226720452308654785e-02 3.787512890994548798e-03 3.558612614870071411e-02 2.914640866219997406e-02 2.105593122541904449e-02 1.642234064638614655e-02 1.380339264869689941e-02 5.213056225329637527e-03 3.230790048837661743e-02 2.833182737231254578e-02 1.397682819515466690e-02 2.738956920802593231e-02 4.113093763589859009e-02 2.800269983708858490e-02 4.171850159764289856e-02 2.195923216640949249e-02 9.477620944380760193e-03 4.074242338538169861e-02 7.134304381906986237e-03 3.909173235297203064e-02 1.178657449781894684e-02 3.759258985519409180e-02 7.294736133189871907e-05 5.028950050473213196e-02 2.109540812671184540e-02 1.874595135450363159e-01 9.449182450771331787e-02 3.842980787158012390e-02 3.162059560418128967e-02 1.516835298389196396e-02 5.282043479382991791e-03 3.555100411176681519e-02 2.062104456126689911e-02 3.145192563533782959e-02 3.375554084777832031e-02 2.533395215868949890e-02 1.419622171670198441e-02 4.629030823707580566e-02 9.935230016708374023e-03 3.380768001079559326e-02 3.831952437758445740e-02 7.443112321197986603e-03 4.232523590326309204e-02 3.878299845382571220e-03 3.734901919960975647e-02 9.605765342712402344e-03 1.365450583398342133e-02 5.544299259781837463e-03 2.721966430544853210e-02 1.982623524963855743e-02 2.870945259928703308e-02 1.288596075028181076e-02 2.372925356030464172e-02 2.207558043301105499e-02 3.589680418372154236e-02 1.313610374927520752e-02 5.554749816656112671e-02 1.717932708561420441e-02 1.612063869833946228e-02 1.673388294875621796e-02 1.720630191266536713e-02 1.133197546005249023e-02 2.601161412894725800e-02 2.493923529982566833e-02 2.347179502248764038e-02 2.953214757144451141e-02 6.429713685065507889e-03 1.665037497878074646e-02 2.148785255849361420e-02 2.033236064016819000e-02 4.473921656608581543e-02 4.062799364328384399e-02 5.750082805752754211e-02 3.845411166548728943e-02 5.367131903767585754e-02 3.799110651016235352e-02 3.342363983392715454e-02 3.819163888692855835e-02 2.559173479676246643e-02 2.790515497326850891e-02 3.174223378300666809e-02 2.187524363398551941e-02 2.642703615128993988e-02 1.332528074271976948e-03 3.503141226246953011e-03 3.837554948404431343e-03 3.861277177929878235e-02 2.775013633072376251e-02 5.067376792430877686e-02 1.064940541982650757e-02 2.962223440408706665e-02 1.904294639825820923e-02 2.816889062523841858e-02 1.519504282623529434e-02 2.794603630900382996e-02
1.083082333207130432e-02 6.734228879213333130e-02 9.176117181777954102e-02 4.205922409892082214e-02 2.285621315240859985e-02 1.336463391780853271e-01 5.209547281265258789e-01 1.565107959322631359e-03 2.930041216313838959e-02 3.951268270611763000e-02 5.015166476368904114e-02 1.590948179364204407e-02 9.615150094032287598e-02 1.028679031878709793e-02 2.862071804702281952e-02 5.665264325216412544e-04 1.978324539959430695e-02 4.771724715828895569e-02 1.564298756420612335e-03 2.135270088911056519e-02 3.770808130502700806e-02 3.969207778573036194e-02 2.280521206557750702e-02 2.677603811025619507e-02 2.613635174930095673e-02 1.603869535028934479e-02 3.318951651453971863e-02 2.183386124670505524e-02 1.090697944164276123e-01 2.499520964920520782e-02 3.109456598758697510e-02 2.617975883185863495e-02 8.451061323285102844e-03 8.301361463963985443e-03 1.015144959092140198e-02 1.208251342177391052e-02 4.645067825913429260e-02 1.634205505251884460e-02 1.374110858887434006e-02 4.853663966059684753e-02 3.501467406749725342e-02 3.388496860861778259e-02 2.416456863284111023e-02 1.600337214767932892e-02 4.132626578211784363e-02 2.424797601997852325e-02 1.149136871099472046e-01 1.633874028921127319e-01 4.767354205250740051e-02 1.311191637068986893e-02 1.627353951334953308e-03 2.046363428235054016e-02 4.222001507878303528e-02 2.089101634919643402e-02 1.829638890922069550e-02 4.283344000577926636e-02 5.014009773731231689e-02 8.514571003615856171e-03 4.867093637585639954e-02 2.799435518682003021e-02 3.890544176101684570e-02 2.979847602546215057e-02 3.675842657685279846e-02 3.877056017518043518e-02 3.871437162160873413e-02 1.825840398669242859e-02 2.030136995017528534e-02 3.351534903049468994e-02 3.130384907126426697e-02 3.198599442839622498e-02 2.347712963819503784e-02 3.230917081236839294e-02 1.222293451428413391e-02 4.088154062628746033e-02 7.843775674700737000e-03 5.105339363217353821e-02 2.777208574116230011e-02 3.828239440917968750e-02 3.391842474229633808e-04 5.370971933007240295e-02 2.231295220553874969e-02 5.082814022898674011e-03 2.867783606052398682e-02 4.596179351210594177e-03 2.321145869791507721e-02 8.128391578793525696e-03 1.016726996749639511e-02 2.857038006186485291e-02 1.126581802964210510e-02 8.243580348789691925e-03 1.185778062790632248e-02 6.457130890339612961e-03 4.621501639485359192e-02 2.130593545734882355e-02 2.070455998182296753e-02 1.031064335256814957e-02 2.373597025871276855e-02 2.593940123915672302e-02 3.990122303366661072e-02 7.746471557766199112e-03 2.718085609376430511e-02 5.003857612609863281e-02 4.274160414934158325e-02 8.184213191270828247e-03 5.377975106239318848e-02 1.464769989252090454e-02 9.134350344538688660e-03 5.142533779144287109e-02 4.257089644670486450e-02 5.674970149993896484e-02 5.638938769698143005e-02 9.532397612929344177e-03 1.145781762897968292e-02 2.644047606736421585e-03 2.081591263413429260e-02 6.372621282935142517e-04
1.785022951662540436e-02 9.474095888435840607e-03 6.214031577110290527e-02 2.418803796172142029e-02 3.848429024219512939e-02 4.926533438265323639e-03 1.565107959322631359e-03 5.015112161636352539e-01 4.260401427745819092e-02 1.148887258023023605e-02 3.040605038404464722e-02 2.169383503496646881e-02 5.299422517418861389e-02 6.939398590475320816e-03 9.884936362504959106e-02 3.666228055953979492e-02 2.486365102231502533e-02 3.880905732512474060e-02 1.006695255637168884e-02 1.423834543675184250e-02 2.440885454416275024e-02 3.019805066287517548e-02 4.110744595527648926e-02 4.512296244502067566e-02 2.068414911627769470e-02 5.719973240047693253e-03 1.534813921898603439e-02 1.688227057456970215e-02 3.424115851521492004e-02 2.574871480464935303e-02 2.902633510529994965e-02 1.844088919460773468e-02 1.006457116454839706e-02 4.734250530600547791e-02 2.201844006776809692e-02 6.723526865243911743e-02 7.600294053554534912e-02 1.706874556839466095e-02 3.115148469805717468e-02 1.206294260919094086e-02 6.638240814208984375e-02 3.880673646926879883e-02 6.454197224229574203e-03 3.305144608020782471e-02 1.326811127364635468e-02 2.831099927425384521e-02 4.425363242626190186e-02 4.498294368386268616e-02 5.012290552258491516e-02 1.494158338755369186e-02 2.589667215943336487e-02 3.138978732749819756e-03 2.913954854011535645e-02 2.584049105644226074e-02 3.424133732914924622e-02 2.789497934281826019e-02 1.423561759293079376e-02 1.907149702310562134e-02 1.972817815840244293e-03 4.087118804454803467e-02 3.742342442274093628e-02 2.534404583275318146e-02 4.892684984952211380e-03 2.658422477543354034e-02 3.732432844117283821e-03 6.970632076263427734e-02 5.167464725673198700e-03 4.163866862654685974e-02 4.534750059247016907e-02 2.725377306342124939e-02 2.414629794657230377e-02 1.381872035562992096e-02 4.567868262529373169e-02 3.949356731027364731e-03 3.807057440280914307e-02 1.455997489392757416e-02 3.864575177431106567e-02 9.408551268279552460e-03 3.255114331841468811e-02 1.693556841928511858e-04 1.147059053182601929e-01 8.294049650430679321e-02 2.170996181666851044e-02 4.340646415948867798e-02 2.616575546562671661e-02 1.263327058404684067e-02 5.119686201214790344e-02 4.570455104112625122e-02 4.119409248232841492e-02 1.292327977716922760e-02 2.385858632624149323e-02 1.673631183803081512e-02 3.657000884413719177e-02 1.900358125567436218e-02 1.761860214173793793e-02 8.336176164448261261e-03 4.804776236414909363e-02 4.028968513011932373e-02 3.182727470993995667e-02 1.728134788572788239e-02 3.844903409481048584e-02 1.778500713407993317e-02 3.956238215323537588e-04 5.700200330466032028e-03 2.913083881139755249e-02 8.197107352316379547e-03 2.326232008635997772e-02 3.514350578188896179e-02 6.775252521038055420e-03 2.940841950476169586e-02 2.208025380969047546e-02 2.782521536573767662e-03 1.921718195080757141e-02 2.631591074168682098e-02 3.199942782521247864e-02 1.719864085316658020e-02
1.755684986710548401e-02 1.999283395707607269e-02 3.547097370028495789e-02 3.677318990230560303e-02 4.175940155982971191e-02 3.354781493544578552e-02 2.930041216313838959e-02 4.260401427745819092e-02 5.120131969451904297e-01 2.677630400285124779e-03 2.648438699543476105e-02 5.513985455036163330e-02 2.058584615588188171e-02 4.130781814455986023e-02 2.087789773941040039e-02 3.431972116231918335e-02 1.709308288991451263e-02 5.650922656059265137e-02 3.988810628652572632e-02 7.251130300574004650e-04 3.541642567142844200e-03 3.839980438351631165e-02 2.986042387783527374e-02 1.118894945830106735e-02 9.608497843146324158e-03 1.623564958572387695e-02 2.341454382985830307e-03 6.171555258333683014e-03 5.381096154451370239e-03 4.201780539005994797e-03 2.350286208093166351e-02 1.571100018918514252e-02 1.584410667419433594e-02 3.008630685508251190e-02 2.384894527494907379e-02 2.099811471998691559e-02 2.737294323742389679e-02 5.339877679944038391e-02 6.859770510345697403e-03 8.487881161272525787e-03 1.676180283538997173e-03 1.678749546408653259e-02 2.724419534206390381e-02 2.813265193253755569e-03 3.229443356394767761e-02 2.463640458881855011e-02 3.962524607777595520e-02 2.010111510753631592e-02 2.614020183682441711e-02 1.905697025358676910e-02 1.107239536941051483e-02 1.021139789372682571e-02 1.253473572432994843e-02 4.197515547275543213e-03 1.049994826316833496e-01 2.755316160619258881e-02 2.931852079927921295e-02 5.151675548404455185e-03 1.155842328444123268e-03 8.841648697853088379e-03 5.954824760556221008e-02 1.309238001704216003e-02 1.529700867831707001e-02 3.194341063499450684e-02 1.550175249576568604e-02 2.510416880249977112e-02 2.658963017165660858e-02 2.348531410098075867e-02 2.856913767755031586e-02 3.215618059039115906e-02 1.381747797131538391e-02 3.802181035280227661e-02 2.629353257361799479e-04 1.903280243277549744e-02 7.069077342748641968e-03 5.031822994351387024e-02 7.822640240192413330e-02 3.100812900811433792e-04 4.149217274971306324e-04 9.038574993610382080e-03 2.796005643904209137e-02 5.394560750573873520e-03 3.564482927322387695e-02 5.100138485431671143e-03 4.301610589027404785e-02 6.856896914541721344e-03 9.465542621910572052e-03 1.642955839633941650e-02 1.161074545234441757e-02 1.536030601710081100e-02 3.759943321347236633e-02 1.221393141895532608e-02 4.253116250038146973e-02 8.744401857256889343e-03 5.376604944467544556e-02 2.484487742185592651e-02 8.269410580396652222e-03 6.343420594930648804e-02 4.115882795304059982e-03 1.242186781018972397e-02 1.962416805326938629e-02 1.107650715857744217e-02 3.920511901378631592e-02 1.189381815493106842e-02 2.083803992718458176e-03 4.030896723270416260e-02 7.767145056277513504e-03 2.595660835504531860e-02 4.065927118062973022e-02 3.886846452951431274e-02 3.441397100687026978e-02 7.294052280485630035e-03 6.013882160186767578e-02 4.025160521268844604e-02 1.113568650907836854e-04 7.032940164208412170e-03
3.919143602252006531e-02 5.289317667484283447e-02 9.424410760402679443e-03 4.255014285445213318e-02 4.295949265360832214e-02 4.289047420024871826e-02 3.951268270611763000e-02 1.148887258023023605e-02 2.677630400285124779e-03 5.233669877052307129e-01 3.102183528244495392e-02 3.660096228122711182e-02 4.017348214983940125e-02 1.360139157623052597e-02 5.894564557820558548e-03 2.639307081699371338e-02 2.641834877431392670e-02 3.338364884257316589e-02 1.037989333271980286e-01 1.892421208322048187e-02 3.694535000249743462e-03 3.163882717490196228e-02 1.626384258270263672e-02 4.941233992576599121e-02 4.484888538718223572e-02 1.685305498540401459e-02 2.657302282750606537e-02 1.640781760215759277e-02 2.752509899437427521e-02 1.666260883212089539e-02 4.472743719816207886e-02 3.078014776110649109e-02 2.563755400478839874e-02 5.533582717180252075e-02 4.347136244177818298e-02 2.895096875727176666e-02 3.320934996008872986e-02 8.567938581109046936e-03 3.629713132977485657e-02 5.552428960800170898e-02 4.268897324800491333e-02 3.121298365294933319e-02 2.869680337607860565e-02 2.737349458038806915e-02 3.401421010494232178e-02 2.460375428199768066e-02 9.004005230963230133e-03 8.139291458064690232e-05 9.573383256793022156e-03 9.425940364599227905e-02 3.358839079737663269e-02 3.243360295891761780e-02 5.174128711223602295e-02 4.083194956183433533e-02 4.557996988296508789e-02 8.204599469900131226e-02 4.246082156896591187e-02 1.829367130994796753e-02 3.655249997973442078e-02 3.406483680009841919e-02 4.922690987586975098e-02 8.356518228538334370e-04 4.119880497455596924e-02 3.304355964064598083e-02 5.355486064217984676e-05 1.459428761154413223e-02 1.632297760806977749e-03 3.304535150527954102e-02 4.145040735602378845e-02 9.310250729322433472e-02 2.352948940824717283e-04 3.102149348706007004e-03 1.911626569926738739e-02 6.045829877257347107e-02 4.323963820934295654e-02 5.751812830567359924e-02 2.706174552440643311e-02 5.162087827920913696e-02 6.971086561679840088e-02 9.659609198570251465e-02 1.298095565289258957e-02 4.086723178625106812e-02 5.573068745434284210e-03 5.249750614166259766e-02 1.420129649341106415e-02 5.743936449289321899e-02 4.006278701126575470e-03 3.353814408183097839e-02 2.960972674190998077e-02 5.799667164683341980e-02 4.392492584884166718e-03 1.019391417503356934e-02 4.076665639877319336e-02 1.679931581020355225e-02 1.170693547464907169e-03 3.693931037560105324e-03 7.282463461160659790e-02 5.763969570398330688e-02 6.176365166902542114e-02 4.049865156412124634e-02 7.577714975923299789e-03 1.497604884207248688e-02 3.703364357352256775e-02 2.103729732334613800e-02 5.540465936064720154e-03 7.755833212286233902e-03 3.696427866816520691e-02 3.110393695533275604e-02 3.837297484278678894e-02 3.463118895888328552e-02 4.121637437492609024e-03 3.535337746143341064e-02 8.960247039794921875e-03 2.820166572928428650e-02 1.166909700259566307e-03 4.009579494595527649e-02
1.453228145837783813e-01 8.129361271858215332e-02 3.818941861391067505e-02 2.942499518394470215e-02 3.018683940172195435e-02 1.399784237146377563e-01 5.015166476368904114e-02 3.040605038404464722e-02 2.648438699543476105e-02 3.102183528244495392e-02 5.245707631111145020e-01 8.745027706027030945e-03 1.017424538731575012e-01 4.621500894427299500e-02 3.576597198843955994e-02 2.035680413246154785e-02 4.739880934357643127e-02 1.713924109935760498e-02 1.665158569812774658e-02 3.153767809271812439e-02 5.166418105363845825e-02 1.953433267772197723e-02 4.994550347328186035e-02 1.439893245697021484e-02 2.629398740828037262e-02 3.524328395724296570e-02 7.542801648378372192e-02 2.342601865530014038e-02 4.351563286036252975e-03 2.463071793317794800e-02 2.648692950606346130e-02 2.087971195578575134e-02 7.489730603992938995e-03 3.143955767154693604e-02 1.907655782997608185e-02 7.705121766775846481e-03 1.084093842655420303e-02 1.617118157446384430e-02 2.198475413024425507e-02 2.904023276641964912e-03 3.326740115880966187e-02 1.869334606453776360e-03 2.260994911193847656e-02 2.517405711114406586e-02 6.107266992330551147e-03 2.673780079931020737e-03 1.353038996458053589e-01 9.213572740554809570e-02 4.323284327983856201e-02 4.629072174429893494e-02 2.045436948537826538e-02 3.211744874715805054e-02 1.279112976044416428e-02 1.947221159934997559e-02 4.945893585681915283e-02 8.540638722479343414e-03 1.773316040635108948e-02 7.831303402781486511e-03 1.511038281023502350e-02 2.077175676822662354e-02 2.345758490264415741e-03 3.714926913380622864e-02 1.952936872839927673e-03 4.841860756278038025e-02 5.909962579607963562e-02 9.530668705701828003e-02 4.310368373990058899e-02 1.699072495102882385e-02 1.533277053385972977e-02 3.623986244201660156e-02 3.368077054619789124e-02 2.356933429837226868e-02 1.721254922449588776e-02 3.435691818594932556e-02 1.906280033290386200e-02 4.501359909772872925e-02 2.533591724932193756e-02 5.406195670366287231e-02 9.616632014513015747e-03 5.639354512095451355e-02 7.781629916280508041e-03 8.975218981504440308e-03 3.830562159419059753e-02 1.116980426013469696e-02 5.672436673194169998e-03 1.420967187732458115e-02 4.009802266955375671e-02 2.553338743746280670e-02 3.234384953975677490e-02 1.822037808597087860e-02 7.352089881896972656e-02 3.958344832062721252e-02 1.472608651965856552e-02 1.909002102911472321e-02 2.602654881775379181e-02 3.202280774712562561e-02 4.084606841206550598e-02 2.026570402085781097e-02 3.179947659373283386e-02 3.952515870332717896e-02 5.091902334243059158e-03 4.601026326417922974e-02 2.841612696647644043e-02 3.691325709223747253e-02 1.034817192703485489e-03 1.021427940577268600e-02 1.178056932985782623e-02 4.431593231856822968e-03 6.208014674484729767e-03 9.037962183356285095e-03 3.867653384804725647e-02 2.134213037788867950e-02 2.271197037771344185e-03 1.224008575081825256e-02 4.046279191970825195e-02 3.414231166243553162e-02
1.148031465709209442e-02 1.549490075558423996e-02 4.212822765111923218e-02 2.605827338993549347e-02 4.168913513422012329e-02 2.543970383703708649e-02 1.590948179364204407e-02 2.169383503496646881e-02 5.513985455036163330e-02 3.660096228122711182e-02 8.745027706027030945e-03 5.090725421905517578e-01 1.451641973108053207e-02 1.316230446100234985e-01 4.865109175443649292e-02 4.055576398968696594e-02 5.760965403169393539e-03 3.275940939784049988e-02 1.320181600749492645e-02 3.374562133103609085e-03 6.556040607392787933e-03 4.201886802911758423e-02 4.529614746570587158e-02 7.278765551745891571e-03 1.098982430994510651e-02 2.123185992240905762e-02 4.706972837448120117e-02 7.712113857269287109e-02 8.631356176920235157e-04 4.404069483280181885e-02 2.016208507120609283e-02 2.470801770687103271e-02 1.485310611315071583e-03 2.561824396252632141e-02 3.388006240129470825e-02 1.533594168722629547e-02 2.077621221542358398e-02 1.288718730211257935e-02 2.816839329898357391e-02 2.385956468060612679e-03 8.131785318255424500e-03 1.994636654853820801e-02 3.345122560858726501e-02 4.196054115891456604e-02 2.958734147250652313e-02 6.749502383172512054e-03 4.347922280430793762e-02 7.129994686692953110e-03 1.884222961962223053e-02 8.260501548647880554e-03 5.214756354689598083e-03 1.584590785205364227e-02 2.246551029384136200e-02 1.152150146663188934e-02 4.324591159820556641e-02 2.902473881840705872e-02 9.945330210030078888e-03 2.104364521801471710e-02 2.119538933038711548e-02 6.402007304131984711e-03 3.712364705279469490e-03 4.524821788072586060e-02 1.995168998837471008e-02 1.977535709738731384e-02 3.493875265121459961e-02 1.476909127086400986e-02 4.028226807713508606e-02 4.688313975930213928e-02 3.975515812635421753e-02 2.841489203274250031e-02 1.654247380793094635e-02 2.111556567251682281e-02 5.983089655637741089e-02 4.899135604500770569e-02 4.176954925060272217e-02 1.204216293990612030e-02 4.385337606072425842e-02 2.428556093946099281e-03 2.693021111190319061e-02 5.221140570938587189e-03 6.432215217500925064e-03 2.638259204104542732e-03 1.814647810533642769e-03 3.055723942816257477e-02 3.164617344737052917e-02 3.731030598282814026e-02 3.022653609514236450e-02 7.418395020067691803e-03 3.067931160330772400e-02 2.732739038765430450e-02 3.195853903889656067e-02 5.299678072333335876e-02 1.409893110394477844e-02 2.178477309644222260e-02 5.395124200731515884e-03 1.755329035222530365e-02 4.516333341598510742e-02 2.114816755056381226e-02 4.421511292457580566e-02 3.001533821225166321e-02 4.038562532514333725e-03 4.731772840023040771e-02 4.999689012765884399e-02 3.518969193100929260e-02 1.092828996479511261e-02 3.617330221459269524e-03 3.036605753004550934e-02 4.367777705192565918e-02 9.104789234697818756e-03 4.130287840962409973e-02 1.399086602032184601e-02 3.824141994118690491e-02 6.770491600036621094e-04 4.760834388434886932e-03 1.390797551721334457e-02 4.058602452278137207e-02
1.077775880694389343e-01 1.560809165239334106e-01 2.631132304668426514e-02 2.306501753628253937e-02 3.063206747174263000e-02 1.190290600061416626e-01 9.615150094032287598e-02 5.299422517418861389e-02 2.058584615588188171e-02 4.017348214983940125e-02 1.017424538731575012e-01 1.451641973108053207e-02 5.209864377975463867e-01 3.350208047777414322e-03 9.117213636636734009e-02 2.565442211925983429e-02 3.671515733003616333e-02 3.840339183807373047e-02 3.985465690493583679e-02 2.028691116720438004e-03 1.732686796458438039e-04 6.861705332994461060e-02 2.882660366594791412e-02 3.589513525366783142e-02 4.510094877332448959e-03 3.985174745321273804e-02 1.333067007362842560e-02 3.624907881021499634e-02 1.138640753924846649e-02 1.756720058619976044e-02 2.799039706587791443e-02 1.671852427534759045e-03 8.843713440001010895e-03 1.502804271876811981e-02 3.341862559318542480e-02 2.877339161932468414e-02 4.455877467989921570e-02 1.366402255371212959e-03 1.913267746567726135e-02 5.087716970592737198e-03 1.417572144418954849e-02 3.434713929891586304e-02 5.277497228235006332e-03 2.479953132569789886e-02 4.414025694131851196e-02 1.683685928583145142e-02 9.881163388490676880e-02 7.239285856485366821e-02 3.970266506075859070e-02 3.069679066538810730e-02 1.791073754429817200e-02 4.159795865416526794e-02 3.285902552306652069e-03 2.490442618727684021e-02 1.285700593143701553e-02 2.375398017466068268e-02 3.272080793976783752e-02 3.510104492306709290e-02 2.021605847403407097e-03 4.124148562550544739e-02 2.006450295448303223e-02 3.561607748270034790e-02 2.103073522448539734e-02 3.521840274333953857e-02 2.681385027244687080e-03 7.285269349813461304e-02 8.976292796432971954e-03 2.466623298823833466e-02 3.966941684484481812e-02 1.371162384748458862e-02 3.234893456101417542e-02 1.893240399658679962e-02 4.937691986560821533e-02 2.663338743150234222e-02 2.883380651473999023e-02 3.513973206281661987e-02 4.355071112513542175e-02 1.440429687500000000e-02 3.117338381707668304e-02 9.135464206337928772e-03 4.509450867772102356e-02 1.991396956145763397e-02 2.063762396574020386e-02 1.124037802219390869e-02 1.839558244682848454e-03 1.682077348232269287e-02 3.766988590359687805e-02 2.595851570367813110e-02 2.310511469841003418e-02 4.596087709069252014e-02 2.579997107386589050e-02 2.313382737338542938e-02 1.360065396875143051e-02 2.551693841814994812e-02 2.604400180280208588e-02 1.399029698222875595e-02 1.589351147413253784e-02 3.544303029775619507e-02 1.777550205588340759e-02 4.641067236661911011e-02 1.591683179140090942e-02 1.589984074234962463e-02 1.617478765547275543e-02 7.127266377210617065e-03 9.706000797450542450e-03 1.851242035627365112e-02 1.444322895258665085e-02 4.509934782981872559e-02 2.273671794682741165e-03 6.141885183751583099e-03 5.566278845071792603e-02 8.054830832406878471e-04 5.428586620837450027e-03 1.340562570840120316e-02 7.642792537808418274e-03 3.970152884721755981e-02
