5.151196718215942383e-01 1.811788380146026611e-01 4.377882182598114014e-02 9.778874926269054413e-03 4.397592972964048386e-03 1.322054564952850342e-01 1.221575960516929626e-01 1.344276499003171921e-02 3.770416975021362305e-02 2.521813288331031799e-02 1.441371738910675049e-01 5.853638052940368652e-03 1.375716030597686768e-01 5.433897487819194794e-03 6.496954243630170822e-03 3.199118375778198242e-02 1.866552606225013733e-02 3.576171398162841797e-02 2.437631040811538696e-02 9.525785222649574280e-03 3.617865592241287231e-02 2.647738158702850342e-02 7.961254566907882690e-03 2.973848022520542145e-02 6.733443122357130051e-03 4.013887047767639160e-02 1.279992517083883286e-02 1.526578236371278763e-02 6.403674930334091187e-02 1.940541714429855347e-02 6.160608492791652679e-03 5.629620049148797989e-03 3.558983653783798218e-02 4.263092577457427979e-02 2.880952507257461548e-02 6.114639341831207275e-02 8.199704810976982117e-03 1.107806339859962463e-02 1.427319552749395370e-02 1.891338452696800232e-02 2.145078964531421661e-02 1.283656246960163116e-02 4.441460222005844116e-02 4.949429631233215332e-02 7.530929986387491226e-03 2.105185016989707947e-02 5.829458683729171753e-02 3.987376391887664795e-02 3.037923201918601990e-02 5.836280062794685364e-03 3.518767282366752625e-02 2.493851259350776672e-02 3.049936890602111816e-02 7.690806407481431961e-03 3.699738159775733948e-02 1.487607229501008987e-02 3.535674139857292175e-02 2.907686866819858551e-02 1.573826000094413757e-02 5.277096852660179138e-02 3.298468142747879028e-02 4.551533237099647522e-02 4.878164827823638916e-02 4.138503223657608032e-02 1.659875921905040741e-02 3.045585565268993378e-02 7.877525873482227325e-03 2.681034803390502930e-02 3.127016127109527588e-02 1.016747020184993744e-02 2.520816400647163391e-03 4.505918547511100769e-02 1.157564390450716019e-02 1.271046884357929230e-02 8.708417415618896484e-03 4.482101649045944214e-02 8.508218452334403992e-03 9.716225904412567616e-04 4.294804856181144714e-02 3.950102627277374268e-02 4.220894351601600647e-02 3.832510113716125488e-02 1.821338571608066559e-02 1.770905219018459320e-02 2.504214271903038025e-02 1.167485956102609634e-02 3.308375179767608643e-02 4.963215440511703491e-03 1.768537797033786774e-02 2.764748595654964447e-02 6.075465306639671326e-02 2.688835747539997101e-02 4.070647060871124268e-02 1.051984913647174835e-02 2.221812959760427475e-03 1.494241412729024887e-02 1.126079540699720383e-02 4.509218409657478333e-02 2.864039689302444458e-02 4.857662692666053772e-02 3.267722204327583313e-02 3.636128827929496765e-02 4.790249466896057129e-02 3.615327551960945129e-02 1.895526796579360962e-02 5.393564933910965919e-04 1.404328271746635437e-02 5.783379077911376953e-03 2.428259514272212982e-02 5.259589105844497681e-02 5.002951994538307190e-02 4.694567620754241943e-02 1.672764308750629425e-02 2.918011136353015900e-02 2.389227598905563354e-02 1.240454614162445068e-02
1.811788380146026611e-01 5.129383206367492676e-01 3.122006170451641083e-02 1.291610486805438995e-02 5.501061212271451950e-03 1.138334348797798157e-01 1.240241825580596924e-01 1.884786412119865417e-02 3.800738230347633362e-02 3.904464840888977051e-02 1.071734726428985596e-01 1.174751669168472290e-02 1.276611536741256714e-01 1.873801648616790771e-02 9.004212915897369385e-04 3.178035840392112732e-02 1.321150828152894974e-02 4.230887815356254578e-02 3.676180914044380188e-02 2.376277931034564972e-03 2.423206716775894165e-02 1.682593673467636108e-02 7.651382125914096832e-03 4.696803912520408630e-02 3.064587013795971870e-03 4.902026802301406860e-02 1.317938044667243958e-02 3.358620032668113708e-02 4.943589121103286743e-02 1.602419069968163967e-03 4.202993120998144150e-03 1.493335235863924026e-02 7.857597433030605316e-03 4.663753136992454529e-02 1.713030785322189331e-02 4.914607107639312744e-02 2.518266998231410980e-02 4.361245408654212952e-02 1.017665304243564606e-02 2.106760442256927490e-02 3.163965418934822083e-02 2.546648122370243073e-02 3.169696405529975891e-02 4.900571703910827637e-02 1.281671971082687378e-02 6.109198089689016342e-03 4.464326798915863037e-02 4.046156257390975952e-02 2.038811100646853447e-03 4.484371747821569443e-03 1.170667447149753571e-02 2.029450377449393272e-03 3.053564392030239105e-02 1.712876930832862854e-02 4.264620319008827209e-02 2.655934914946556091e-02 4.058849811553955078e-02 2.582288719713687897e-02 1.663320697844028473e-02 4.138794913887977600e-02 2.154715172946453094e-02 4.010469838976860046e-02 3.283492848277091980e-02 2.255186066031455994e-02 1.151831075549125671e-02 3.411123156547546387e-02 1.097005326300859451e-03 2.872897312045097351e-02 2.795223891735076904e-02 7.989862933754920959e-03 3.887986764311790466e-02 2.718072570860385895e-02 3.917557187378406525e-03 1.803593151271343231e-02 2.516320720314979553e-02 4.087584093213081360e-03 1.902338676154613495e-02 1.615149900317192078e-02 3.941621258854866028e-02 3.073684126138687134e-02 5.016987025737762451e-02 5.020355805754661560e-03 2.775000594556331635e-02 9.728502482175827026e-03 4.421686008572578430e-02 3.378390520811080933e-02 4.136820137500762939e-02 5.627282895147800446e-03 4.893418401479721069e-03 4.870544746518135071e-02 5.945670604705810547e-02 4.027456790208816528e-02 4.474445059895515442e-02 1.021919678896665573e-02 3.836807096377015114e-03 2.713025361299514771e-02 3.405414521694183350e-02 4.056273028254508972e-02 8.928027935326099396e-03 5.080632492899894714e-02 3.947263583540916443e-02 2.825259789824485779e-02 2.241898886859416962e-02 6.210027262568473816e-03 1.984080858528614044e-02 3.624248877167701721e-02 2.308984287083148956e-02 1.794826798141002655e-02 1.453195791691541672e-02 4.543390870094299316e-02 5.018217116594314575e-02 4.180277884006500244e-02 2.071707695722579956e-02 4.688295722007751465e-02 2.248402498662471771e-02 2.374756708741188049e-02
4.377882182598114014e-02 3.122006170451641083e-02 4.991892576217651367e-01 3.269240260124206543e-03 1.145556941628456116e-02 2.236570930108428001e-03 4.067423939704895020e-02 8.781321346759796143e-02 4.665001481771469116e-02 2.312204334884881973e-03 1.140409894287586212e-02 5.090542137622833252e-02 4.811676219105720520e-03 4.540829733014106750e-02 5.757916253060102463e-03 2.413439750671386719e-02 3.255622088909149170e-02 3.250796347856521606e-02 3.539145365357398987e-02 3.864381834864616394e-02 1.462407223880290985e-02 2.163258194923400879e-02 5.261086858808994293e-03 1.211629435420036316e-02 3.802415356040000916e-02 5.380237102508544922e-02 2.993081323802471161e-02 7.235406339168548584e-02 9.167731739580631256e-03 6.478308141231536865e-02 1.817119121551513672e-02 8.319012820720672607e-03 2.186021953821182251e-02 2.147007547318935394e-02 4.500570707023143768e-03 2.636654244270175695e-04 3.426124900579452515e-02 5.713121965527534485e-02 3.324890136718750000e-02 2.040431369096040726e-03 4.090540483593940735e-02 2.510594576597213745e-02 3.718359768390655518e-02 3.467157855629920959e-02 2.069746330380439758e-02 2.765399403870105743e-02 2.660848200321197510e-03 4.256149381399154663e-02 9.167267009615898132e-03 2.904677391052246094e-02 1.178986858576536179e-02 5.507785826921463013e-03 8.584435097873210907e-03 5.679374560713768005e-02 2.568906731903553009e-02 3.737861663103103638e-02 4.760054498910903931e-02 3.785630688071250916e-02 2.888223715126514435e-02 4.339531809091567993e-02 2.520397678017616272e-02 2.850853279232978821e-02 4.977947846055030823e-02 4.575993120670318604e-02 2.960041910409927368e-02 3.637766093015670776e-02 1.636455394327640533e-02 1.166458614170551300e-02 3.832574561238288879e-02 3.267850726842880249e-02 1.645701937377452850e-03 5.227262154221534729e-02 1.749630831182003021e-02 2.964464016258716583e-02 1.475039403885602951e-02 2.609456144273281097e-02 4.277073591947555542e-02 4.371297080069780350e-03 2.195743657648563385e-02 3.638656064867973328e-02 7.051305472850799561e-02 8.188337087631225586e-02 4.900697618722915649e-02 3.713001683354377747e-02 2.043846622109413147e-02 4.327779263257980347e-02 5.318068340420722961e-02 6.514334678649902344e-02 4.036068171262741089e-02 7.250913977622985840e-02 1.907283626496791840e-02 2.736071310937404633e-02 3.841486945748329163e-02 3.957970067858695984e-02 1.376305148005485535e-02 2.060231007635593414e-02 6.857175845652818680e-03 3.397252410650253296e-02 1.853814721107482910e-02 4.565829038619995117e-02 9.817948564887046814e-03 1.173568703234195709e-02 2.540797740221023560e-02 1.122555974870920181e-02 4.533274844288825989e-02 1.215267647057771683e-02 5.443051340989768505e-04 2.169448137283325195e-02 6.664944346994161606e-03 2.129233442246913910e-02 5.052205920219421387e-02 2.398431859910488129e-02 4.763761535286903381e-03 1.488371379673480988e-02 2.355720102787017822e-02 7.623283658176660538e-03
9.778874926269054413e-03 1.291610486805438995e-02 3.269240260124206543e-03 5.162594914436340332e-01 1.213098838925361633e-01 4.733915906399488449e-03 9.943750686943531036e-03 2.430013567209243774e-02 4.189532622694969177e-02 6.912154611200094223e-03 5.096242297440767288e-03 3.615889698266983032e-02 2.145970985293388367e-02 1.773796789348125458e-02 2.349073067307472229e-02 2.318906038999557495e-02 4.014813527464866638e-02 1.019032597541809082e-01 2.920009382069110870e-02 8.977405726909637451e-03 4.657622892409563065e-03 4.023713991045951843e-02 2.009150013327598572e-02 2.945895306766033173e-02 4.987565800547599792e-03 1.141451857984066010e-02 2.424155548214912415e-02 1.291303429752588272e-02 2.650216035544872284e-02 2.133720181882381439e-02 3.682874888181686401e-02 5.004109814763069153e-02 8.367243222892284393e-03 1.680606789886951447e-02 2.899656444787979126e-02 3.198821097612380981e-02 3.327330201864242554e-02 4.590968787670135498e-02 5.966635420918464661e-02 5.262117832899093628e-02 3.988914191722869873e-02 4.869073629379272461e-02 3.172275796532630920e-02 3.489632532000541687e-02 4.991590231657028198e-02 2.048224210739135742e-02 1.188234705477952957e-02 2.157420292496681213e-02 4.022932052612304688e-02 2.913817390799522400e-02 1.427199319005012512e-02 2.013646997511386871e-02 5.912306252866983414e-03 9.163882583379745483e-03 1.431267522275447845e-02 3.578646853566169739e-02 3.051652014255523682e-02 3.647398203611373901e-02 2.281500585377216339e-02 3.222562745213508606e-02 4.427724331617355347e-02 5.158080533146858215e-02 4.553310573101043701e-02 2.132240496575832367e-02 1.498743984848260880e-02 5.782089196145534515e-03 1.374104153364896774e-02 1.607200875878334045e-02 1.482576690614223480e-02 1.106724608689546585e-03 5.144130811095237732e-02 1.645469479262828827e-02 1.264318972826004028e-01 4.129426553845405579e-02 1.292719393968582153e-01 4.743723198771476746e-02 3.739639371633529663e-02 3.396559972316026688e-03 2.027902193367481232e-02 3.423498943448066711e-02 4.280106350779533386e-02 2.177958562970161438e-02 4.989854618906974792e-02 1.652691140770912170e-02 3.182750567793846130e-02 3.570816665887832642e-02 5.709385871887207031e-02 1.725200936198234558e-02 5.209093168377876282e-02 5.669816583395004272e-02 1.447246223688125610e-02 4.929250851273536682e-02 3.007120080292224884e-02 3.072595410048961639e-02 1.606536470353603363e-02 9.718674235045909882e-03 1.302749942988157272e-02 2.052542008459568024e-02 5.116604734212160110e-04 8.722871541976928711e-03 4.525837302207946777e-02 3.366667404770851135e-02 3.196794912219047546e-02 4.533744975924491882e-02 2.634564787149429321e-02 1.030205655843019485e-02 4.740543663501739502e-02 4.029048606753349304e-02 3.593525290489196777e-02 1.711845397949218750e-02 5.919527262449264526e-03 5.619352217763662338e-03 3.792623057961463928e-02 1.086062111426144838e-04 4.185242205858230591e-02 2.930063568055629730e-02
4.397592972964048386e-03 5.501061212271451950e-03 1.145556941628456116e-02 1.213098838925361633e-01 5.205870270729064941e-01 1.875518634915351868e-02 2.694996632635593414e-02 1.930859684944152832e-02 9.266768582165241241e-03 3.282718732953071594e-02 3.413268551230430603e-02 1.248142495751380920e-02 4.479863855522125959e-04 7.777021965011954308e-04 1.036645285785198212e-02 2.535508014261722565e-02 2.729632519185543060e-02 8.564158529043197632e-02 4.765034653246402740e-03 1.560591906309127808e-02 3.500242950394749641e-03 1.110801566392183304e-02 1.408552564680576324e-02 2.483817189931869507e-02 4.912057518959045410e-02 2.878098748624324799e-02 2.387052215635776520e-02 1.067138183861970901e-02 3.666949225589632988e-03 4.312691465020179749e-02 5.482192337512969971e-02 5.240311101078987122e-02 2.379621751606464386e-02 2.751609496772289276e-02 4.725908115506172180e-02 5.299031361937522888e-02 1.769809238612651825e-02 4.535458981990814209e-02 5.014505237340927124e-02 5.718053504824638367e-02 4.934871569275856018e-02 3.453963249921798706e-02 1.337069924920797348e-02 5.450124293565750122e-02 3.615908697247505188e-02 1.671447791159152985e-02 3.385458514094352722e-02 8.100978098809719086e-03 3.400166332721710205e-02 1.393257733434438705e-02 2.101090922951698303e-02 1.630711555480957031e-02 7.683411240577697754e-03 1.418489404022693634e-02 1.468848623335361481e-02 1.576233282685279846e-02 2.819231711328029633e-02 3.966607153415679932e-02 1.740304753184318542e-02 3.741979598999023438e-02 5.125848203897476196e-02 7.377140223979949951e-02 4.975529387593269348e-02 4.166526719927787781e-02 2.633130550384521484e-02 8.213618770241737366e-03 3.385184705257415771e-02 1.801163144409656525e-02 3.542560851201415062e-03 3.982207924127578735e-02 5.274702981114387512e-02 4.502192139625549316e-03 1.181856021285057068e-01 1.238595787435770035e-02 1.276435106992721558e-01 3.964522480964660645e-02 2.196493558585643768e-02 4.246990196406841278e-03 4.581294208765029907e-02 2.149642072618007660e-02 4.734092578291893005e-02 2.266764204250648618e-04 3.805812448263168335e-02 1.777696423232555389e-02 1.826414465904235840e-02 8.415852673351764679e-03 5.945138633251190186e-02 3.131419047713279724e-02 3.122179536148905754e-03 5.009283125400543213e-02 1.882947236299514771e-02 4.055825248360633850e-02 1.730547845363616943e-02 2.939403802156448364e-02 2.508082054555416107e-02 4.645586758852005005e-02 3.597643971443176270e-02 3.710815310478210449e-02 4.276715219020843506e-03 8.278710767626762390e-03 4.557599872350692749e-02 9.579542092978954315e-03 6.125802174210548401e-03 2.992785535752773285e-02 1.924287341535091400e-02 1.781535707414150238e-02 2.478049509227275848e-02 3.779024258255958557e-02 1.367646385915577412e-03 1.067319419234991074e-02 1.567262411117553711e-02 7.075522560626268387e-03 5.127277225255966187e-02 8.484057150781154633e-03 3.404419170692563057e-03 4.944811016321182251e-02
1.322054564952850342e-01 1.138334348797798157e-01 2.236570930108428001e-03 4.733915906399488449e-03 1.875518634915351868e-02 5.176320672035217285e-01 1.895000189542770386e-01 3.989399969577789307e-02 4.319814592599868774e-02 5.021943897008895874e-02 1.606265604496002197e-01 5.684030055999755859e-02 8.868497610092163086e-02 3.250332921743392944e-02 1.679495908319950104e-02 1.406774949282407761e-02 4.859317466616630554e-02 7.614937145262956619e-03 3.573841229081153870e-02 1.917174272239208221e-02 2.650971151888370514e-02 2.534166350960731506e-02 4.178903624415397644e-02 1.917910017073154449e-02 4.473170638084411621e-02 2.893987670540809631e-02 4.145969450473785400e-02 4.417150840163230896e-02 1.984076341614127159e-03 5.445514991879463196e-02 5.422841757535934448e-02 1.180078648030757904e-02 3.330151736736297607e-02 2.051845891401171684e-03 1.897552981972694397e-02 9.595640935003757477e-03 2.833005227148532867e-02 1.155904028564691544e-02 4.239612072706222534e-02 4.585956782102584839e-02 1.387307653203606606e-03 4.815702885389328003e-02 3.021766617894172668e-02 1.010894123464822769e-02 2.369444258511066437e-02 4.059445112943649292e-02 1.229924187064170837e-01 5.853730067610740662e-02 3.464785963296890259e-02 4.190276563167572021e-02 4.036948084831237793e-02 2.867670170962810516e-02 2.412957884371280670e-02 3.767409175634384155e-02 2.883632667362689972e-02 3.263036254793405533e-03 2.314744703471660614e-02 5.210819188505411148e-03 4.863205924630165100e-02 1.423019915819168091e-03 5.262167006731033325e-02 2.059121429920196533e-02 5.824728403240442276e-03 2.025702409446239471e-02 2.596356905996799469e-02 3.031641803681850433e-02 4.094008728861808777e-02 2.010110393166542053e-02 1.276249438524246216e-02 3.317148983478546143e-02 5.025517195463180542e-03 2.021029219031333923e-02 8.384136483073234558e-03 9.465279057621955872e-03 1.136990915983915329e-02 2.025476656854152679e-02 3.360132128000259399e-02 1.989796571433544159e-02 1.406831324857193977e-05 2.928597154095768929e-03 6.333021447062492371e-03 4.241151735186576843e-02 1.058107893913984299e-02 2.311070263385772705e-02 2.594084013253450394e-03 2.960113622248172760e-02 2.213127166032791138e-02 3.932701051235198975e-02 1.627896726131439209e-02 5.515553639270365238e-04 2.149740606546401978e-02 1.534126698970794678e-02 2.161677181720733643e-02 3.927144408226013184e-02 4.707554355263710022e-02 1.270842365920543671e-02 1.852388307452201843e-02 4.065106064081192017e-02 8.919581770896911621e-03 5.653297994285821915e-03 4.315675050020217896e-02 1.033684890717267990e-02 1.490913331508636475e-02 3.022459335625171661e-02 4.277670010924339294e-02 2.898396551609039307e-02 2.885906770825386047e-02 3.467228636145591736e-02 1.021196367219090462e-03 1.409835094818845391e-04 3.664756193757057190e-03 2.349520102143287659e-02 4.148538038134574890e-02 6.994201801717281342e-03 4.223900660872459412e-02 4.833292961120605469e-02
1.221575960516929626e-01 1.240241825580596924e-01 4.067423939704895020e-02 9.943750686943531036e-03 2.694996632635593414e-02 1.895000189542770386e-01 5.185982584953308105e-01 2.929706126451492310e-02 2.704113908112049103e-02 1.654053293168544769e-02 1.537426561117172241e-01 2.743724966421723366e-03 1.185342669486999512e-01 1.813011988997459412e-02 5.507021676748991013e-03 3.701771795749664307e-02 1.922611333429813385e-02 1.531881559640169144e-02 2.691061049699783325e-02 4.231268540024757385e-02 1.722269505262374878e-02 2.043386362493038177e-02 4.753766581416130066e-03 9.683970361948013306e-03 2.205646410584449768e-02 2.234582556411623955e-03 1.812480203807353973e-02 3.449518233537673950e-02 1.025755610316991806e-02 1.975917071104049683e-02 5.489531438797712326e-03 3.108638105913996696e-03 4.905266221612691879e-03 2.112326025962829590e-02 2.388231689110398293e-03 3.492251411080360413e-02 2.185349352657794952e-02 4.305277392268180847e-02 9.191945195198059082e-03 2.600781060755252838e-02 1.396258827298879623e-02 3.356916084885597229e-02 2.870342321693897247e-02 1.189899444580078125e-02 4.429855197668075562e-02 2.394616045057773590e-02 1.188739091157913208e-01 1.215794831514358521e-01 2.845378778874874115e-02 9.006822481751441956e-03 2.824949100613594055e-02 3.887281939387321472e-02 5.072589963674545288e-02 4.855839908123016357e-02 3.750428149942308664e-04 1.673735445365309715e-03 1.268505118787288666e-02 2.092230599373579025e-03 3.062035143375396729e-02 8.548995479941368103e-03 3.655758127570152283e-02 5.553063005208969116e-03 4.136046022176742554e-02 2.946926839649677277e-02 1.602365076541900635e-02 5.944265052676200867e-02 3.991290554404258728e-02 3.216082975268363953e-02 1.193912792950868607e-02 7.344072684645652771e-03 3.451382368803024292e-02 2.163536287844181061e-02 3.648274019360542297e-02 4.350659437477588654e-03 3.214441612362861633e-02 5.024097487330436707e-02 3.350592032074928284e-02 6.313129328191280365e-03 4.919996950775384903e-03 6.166853010654449463e-03 3.027618629857897758e-03 2.225755341351032257e-02 2.341745607554912567e-02 4.706428572535514832e-02 2.707590535283088684e-02 3.060858510434627533e-02 1.484268624335527420e-02 4.331128206104040146e-03 3.816877678036689758e-02 4.604619741439819336e-02 1.988239958882331848e-02 2.663435414433479309e-02 6.930649280548095703e-02 4.806109238415956497e-03 4.680241271853446960e-02 1.225611567497253418e-02 4.426256567239761353e-02 6.875818222761154175e-02 1.193751487880945206e-02 7.841696962714195251e-03 3.675530850887298584e-02 1.816863659769296646e-03 4.745656251907348633e-02 1.353349257260560989e-02 4.566613584756851196e-02 4.351389408111572266e-02 2.286017313599586487e-02 2.768858522176742554e-02 1.951843686401844025e-02 4.987980425357818604e-02 1.202333439141511917e-02 2.133360505104064941e-02 1.328445877879858017e-02 1.198513898998498917e-02 1.137990131974220276e-02 3.696585446596145630e-02
1.344276499003171921e-02 1.884786412119865417e-02 8.781321346759796143e-02 2.430013567209243774e-02 1.930859684944152832e-02 3.989399969577789307e-02 2.929706126451492310e-02 4.952579140663146973e-01 1.963713578879833221e-02 4.702338576316833496e-02 1.798933371901512146e-02 2.571577951312065125e-02 7.065822836011648178e-03 6.399958510883152485e-04 1.224674358963966370e-01 4.073408991098403931e-02 8.513192646205425262e-03 2.860798733308911324e-03 2.821978367865085602e-02 1.701189391314983368e-02 4.809306934475898743e-02 3.148399759083986282e-03 2.032565139234066010e-02 8.610296994447708130e-03 3.161679953336715698e-02 2.734963782131671906e-03 1.423710864037275314e-02 1.935908570885658264e-02 3.117856383323669434e-02 1.346961688250303268e-02 2.189659047871828079e-03 1.589361391961574554e-02 2.406392432749271393e-02 1.037952676415443420e-02 2.141415141522884369e-02 5.178288742899894714e-02 4.992107674479484558e-02 3.497890755534172058e-02 1.801340654492378235e-02 5.138289183378219604e-02 4.334490746259689331e-02 4.944041371345520020e-02 3.820917755365371704e-02 4.257456958293914795e-02 2.755330689251422882e-02 3.434290364384651184e-02 2.547758445143699646e-02 1.104671321809291840e-02 2.640606090426445007e-02 1.755576767027378082e-02 1.615500450134277344e-02 2.228283137083053589e-02 1.120011205784976482e-03 1.371770352125167847e-02 3.008880466222763062e-02 5.066177621483802795e-02 1.335400901734828949e-02 1.095652766525745392e-02 7.100981660187244415e-03 1.010568346828222275e-02 2.331290952861309052e-02 4.450635612010955811e-02 3.584711253643035889e-02 9.709015721455216408e-04 5.223540589213371277e-03 2.364902384579181671e-02 3.718639723956584930e-03 2.234800159931182861e-02 8.948548696935176849e-03 2.388416044414043427e-02 6.918770261108875275e-03 3.823259845376014709e-02 2.964677475392818451e-02 2.387712523341178894e-02 7.954470813274383545e-03 4.600643739104270935e-02 1.634710468351840973e-02 2.875419333577156067e-02 4.399420693516731262e-03 1.096315030008554459e-02 1.018978878855705261e-01 8.967818319797515869e-02 2.285283431410789490e-02 1.930526643991470337e-02 1.656223461031913757e-02 3.120473027229309082e-02 8.585000783205032349e-02 6.785140931606292725e-02 3.524280712008476257e-02 1.916480367071926594e-03 2.134975604712963104e-02 1.148053351789712906e-02 7.946021854877471924e-03 6.927296053618192673e-03 3.585157450288534164e-03 2.287041954696178436e-02 3.729211166501045227e-02 9.791000746190547943e-03 5.467267334461212158e-02 1.782193034887313843e-02 1.944511756300926208e-02 2.964715100824832916e-02 3.067512623965740204e-02 3.064375743269920349e-02 3.982465714216232300e-03 2.284107916057109833e-02 2.880737185478210449e-03 1.411437708884477615e-02 2.786501124501228333e-02 2.389470115303993225e-03 9.803004562854766846e-03 1.193425431847572327e-02 2.198750898241996765e-02 2.727744542062282562e-02 1.005096943117678165e-03 4.471882060170173645e-02
3.770416975021362305e-02 3.800738230347633362e-02 4.665001481771469116e-02 4.189532622694969177e-02 9.266768582165241241e-03 4.319814592599868774e-02 2.704113908112049103e-02 1.963713578879833221e-02 5.057287812232971191e-01 3.395737707614898682e-02 6.039451807737350464e-02 2.730412967503070831e-02 2.414291724562644958e-02 4.062991589307785034e-02 1.635230518877506256e-02 9.584691375494003296e-02 2.415097877383232117e-02 2.518026391044259071e-03 2.160618454217910767e-02 1.147581823170185089e-02 2.596550062298774719e-02 2.373103424906730652e-02 5.785178765654563904e-02 2.666673995554447174e-02 4.753670468926429749e-02 4.608310386538505554e-02 4.220651462674140930e-02 5.191913992166519165e-02 3.023638203740119934e-02 4.101705551147460938e-02 3.646134212613105774e-02 5.700531974434852600e-02 3.286217898130416870e-02 2.705172169953584671e-03 3.617782518267631531e-02 3.761077672243118286e-02 3.507189825177192688e-02 3.734397003427147865e-03 3.036528825759887695e-02 6.793304812163114548e-03 2.745767356827855110e-03 3.406011266633868217e-03 5.333059281110763550e-02 1.178146246820688248e-02 1.480521541088819504e-02 2.062828838825225830e-02 4.595840722322463989e-02 1.144060678780078888e-02 6.862324196845293045e-03 2.027821354568004608e-02 5.335058271884918213e-02 3.799519687891006470e-02 2.097280882298946381e-02 1.530814263969659805e-02 3.255952894687652588e-02 5.509614013135433197e-03 2.442295476794242859e-02 1.501100324094295502e-02 2.832797914743423462e-02 2.650352753698825836e-02 4.699469730257987976e-02 4.203730262815952301e-03 3.734203800559043884e-02 2.006280235946178436e-03 4.603565111756324768e-02 1.074521988630294800e-02 4.746185615658760071e-02 4.153437167406082153e-02 6.487356871366500854e-02 7.746953517198562622e-03 3.399959579110145569e-02 5.547406524419784546e-02 4.963137209415435791e-02 1.445447094738483429e-02 3.508467599749565125e-02 1.314161997288465500e-02 1.239744648337364197e-01 8.909125626087188721e-02 4.110860079526901245e-02 5.940936878323554993e-02 1.263624150305986404e-02 2.561724372208118439e-02 1.586422137916088104e-02 1.432177703827619553e-02 4.391662403941154480e-02 4.136058315634727478e-02 1.426535937935113907e-02 3.917786106467247009e-02 1.123308110982179642e-02 1.228321460075676441e-03 2.272209152579307556e-02 3.979202359914779663e-02 1.365517172962427139e-02 7.982349023222923279e-03 6.796913221478462219e-03 1.355613395571708679e-02 4.245393723249435425e-02 1.225660648196935654e-02 6.638053059577941895e-02 1.609039120376110077e-02 1.466059498488903046e-02 2.429664507508277893e-02 3.711657226085662842e-02 5.531008914113044739e-02 4.880779236555099487e-02 2.481587603688240051e-02 3.341510193422436714e-03 8.341443724930286407e-03 3.905643150210380554e-02 4.887267947196960449e-03 3.514952212572097778e-02 2.639749459922313690e-02 4.977134987711906433e-02 3.738961531780660152e-04 2.020977810025215149e-02 4.212178289890289307e-02
2.521813288331031799e-02 3.904464840888977051e-02 2.312204334884881973e-03 6.912154611200094223e-03 3.282718732953071594e-02 5.021943897008895874e-02 1.654053293168544769e-02 4.702338576316833496e-02 3.395737707614898682e-02 4.974856674671173096e-01 4.761512577533721924e-02 2.737922826781868935e-03 1.059622596949338913e-02 2.798111550509929657e-02 2.073448337614536285e-02 8.122714236378669739e-03 3.313922137022018433e-02 2.244240231812000275e-02 2.415521442890167236e-02 1.601609773933887482e-02 1.234286092221736908e-02 4.289688169956207275e-02 2.531490847468376160e-02 7.181887328624725342e-02 8.650419302284717560e-03 3.627112507820129395e-02 3.362327069044113159e-02 4.572081193327903748e-02 3.965547680854797363e-02 3.548076376318931580e-02 1.882306300103664398e-02 2.630048617720603943e-02 1.628116704523563385e-02 6.101568415760993958e-02 4.017939046025276184e-02 1.309568248689174652e-02 5.928904563188552856e-02 5.422253534197807312e-02 3.382201492786407471e-02 2.555196359753608704e-02 3.156473487615585327e-02 3.185207769274711609e-02 3.699493827298283577e-03 3.101116418838500977e-02 2.552521764300763607e-04 5.892291665077209473e-02 4.932879284024238586e-02 2.709118463099002838e-02 4.793774709105491638e-02 8.842943608760833740e-02 4.936129599809646606e-02 3.269669041037559509e-02 1.505455747246742249e-02 2.386124432086944580e-02 3.216893970966339111e-02 9.405298531055450439e-02 3.952177241444587708e-02 5.151512846350669861e-02 3.096370585262775421e-02 3.692202270030975342e-02 5.517653748393058777e-02 4.352548625320196152e-03 4.967416753061115742e-04 1.750645972788333893e-02 3.459909348748624325e-04 4.102250188589096069e-02 1.838673464953899384e-02 3.039510222151875496e-03 2.845036983489990234e-02 2.766692824661731720e-02 9.000955149531364441e-03 4.174042493104934692e-02 3.771709278225898743e-02 4.349280521273612976e-02 2.953078132122755051e-03 1.531733106821775436e-02 8.155711926519870758e-03 1.239947229623794556e-01 1.253840140998363495e-02 6.800371408462524414e-02 4.529307037591934204e-02 3.100392222404479980e-02 1.563762314617633820e-02 3.659410402178764343e-03 1.246209256350994110e-02 3.976528346538543701e-02 4.049079120159149170e-02 4.309735074639320374e-02 2.690645121037960052e-02 4.434646293520927429e-02 3.538422286510467529e-02 2.052487619221210480e-02 3.778224065899848938e-02 6.390424823621287942e-05 5.586173757910728455e-02 1.012424100190401077e-02 3.648219630122184753e-02 2.480607852339744568e-02 1.076588127762079239e-02 1.361995376646518707e-02 3.646854683756828308e-02 4.618880338966846466e-03 1.608216948807239532e-02 5.811892915517091751e-03 5.198933184146881104e-02 2.778371050953865051e-02 4.299096763134002686e-03 3.839932754635810852e-02 3.474867343902587891e-02 2.377582900226116180e-02 2.282732352614402771e-02 1.702905260026454926e-02 3.156688436865806580e-02 2.625621296465396881e-02 2.161838114261627197e-02 6.292220205068588257e-02
1.441371738910675049e-01 1.071734726428985596e-01 1.140409894287586212e-02 5.096242297440767288e-03 3.413268551230430603e-02 1.606265604496002197e-01 1.537426561117172241e-01 1.798933371901512146e-02 6.039451807737350464e-02 4.761512577533721924e-02 5.112094879150390625e-01 4.313261248171329498e-03 1.073181852698326111e-01 3.793897852301597595e-02 1.586635224521160126e-02 2.360720932483673096e-02 4.199634864926338196e-02 1.632677949965000153e-02 1.960240676999092102e-02 1.222473848611116409e-02 2.823592349886894226e-02 3.555643558502197266e-02 4.802785441279411316e-02 4.148237407207489014e-02 4.320103302597999573e-02 1.336946059018373489e-02 4.550694674253463745e-02 3.443092852830886841e-02 4.906204063445329666e-03 5.366282165050506592e-02 4.176587611436843872e-02 2.686073444783687592e-02 4.020155593752861023e-02 2.639053016901016235e-02 2.657951042056083679e-02 1.792153529822826385e-02 8.834747597575187683e-03 1.771930605173110962e-02 3.100252151489257812e-02 3.772628679871559143e-02 3.382092341780662537e-02 4.297532141208648682e-02 3.043730370700359344e-02 1.067578513175249100e-02 1.978680491447448730e-02 3.886036947369575500e-02 1.041161417961120605e-01 6.092292442917823792e-02 1.072146929800510406e-02 2.543406561017036438e-02 1.120567414909601212e-02 2.089155092835426331e-02 4.643599968403577805e-03 2.256043441593647003e-02 3.490753099322319031e-02 3.716087713837623596e-02 3.132072463631629944e-02 2.386729232966899872e-02 2.148811332881450653e-02 1.081713591702282429e-03 8.715120144188404083e-03 2.960354089736938477e-02 4.188557714223861694e-02 1.176207512617111206e-02 2.200748212635517120e-02 3.060775436460971832e-02 4.279198497533798218e-02 3.306584432721138000e-02 5.071076750755310059e-02 1.981236413121223450e-02 1.239194534718990326e-02 3.866403922438621521e-02 2.942408435046672821e-02 5.805923603475093842e-03 2.272462472319602966e-02 3.563442081212997437e-02 1.995406299829483032e-02 4.284309595823287964e-02 2.142421528697013855e-02 5.211779475212097168e-02 7.029953412711620331e-03 4.675668478012084961e-02 2.567714639008045197e-02 3.944030031561851501e-02 4.063431173563003540e-02 7.843948551453649998e-04 1.834005676209926605e-02 4.304907098412513733e-02 6.956630386412143707e-03 3.405754920095205307e-03 1.737022586166858673e-02 3.195579349994659424e-02 2.362483367323875427e-02 1.335122622549533844e-02 3.032386861741542816e-02 1.379300467669963837e-02 1.237640623003244400e-02 9.523242712020874023e-03 4.029642045497894287e-02 3.254925832152366638e-02 2.444354817271232605e-02 4.915670724585652351e-04 1.598146930336952209e-02 4.047506675124168396e-02 3.567272052168846130e-02 2.674911916255950928e-02 2.491375058889389038e-02 3.757150471210479736e-02 1.487623620778322220e-02 7.371224462985992432e-03 5.740098189562559128e-03 2.514844574034214020e-02 4.230331629514694214e-02 1.344631332904100418e-02 2.093750284984707832e-03 1.532822474837303162e-02
5.853638052940368652e-03 1.174751669168472290e-02 5.090542137622833252e-02 3.615889698266983032e-02 1.248142495751380920e-02 5.684030055999755859e-02 2.743724966421723366e-03 2.571577951312065125e-02 2.730412967503070831e-02 2.737922826781868935e-03 4.313261248171329498e-03 5.029043555259704590e-01 5.237089004367589951e-03 1.561205834150314331e-01 3.201258555054664612e-02 1.698722690343856812e-02 1.077753398567438126e-02 1.164443697780370712e-02 8.914349600672721863e-03 2.623607218265533447e-02 1.689670374616980553e-03 7.109430432319641113e-02 6.138187367469072342e-03 4.635665100067853928e-03 3.182571963407099247e-04 7.036893628537654877e-03 1.854725368320941925e-02 5.046017467975616455e-02 1.767956279218196869e-02 1.072800830006599426e-01 8.740247040987014771e-02 4.720772430300712585e-02 3.604340925812721252e-02 3.581583127379417419e-02 4.576326161623001099e-02 4.586695879697799683e-02 1.629238575696945190e-02 2.809112146496772766e-02 1.639940217137336731e-02 3.797734528779983521e-02 7.462560664862394333e-03 5.064727738499641418e-02 2.403355576097965240e-02 1.362477522343397141e-02 2.234672568738460541e-02 4.358667414635419846e-03 1.253428682684898376e-02 4.712134134024381638e-03 3.802403062582015991e-02 1.168837621808052063e-01 5.378929525613784790e-02 3.250899910926818848e-02 5.246188119053840637e-02 2.849060669541358948e-02 5.092206224799156189e-02 1.435602083802223206e-02 8.984213694930076599e-03 1.516916230320930481e-02 2.088988013565540314e-02 3.935751691460609436e-02 2.653662860393524170e-02 2.161081880331039429e-03 2.541690506041049957e-02 2.498965524137020111e-02 4.432240501046180725e-02 9.923909790813922882e-03 2.816737396642565727e-03 5.323763564229011536e-02 3.660603985190391541e-02 3.018571436405181885e-02 1.177507732063531876e-02 7.446382660418748856e-03 1.769609935581684113e-02 7.524543441832065582e-03 1.201987359672784805e-02 4.669310897588729858e-02 8.303485810756683350e-03 2.062739618122577667e-02 3.490349277853965759e-02 1.066582091152667999e-02 1.973927766084671021e-02 1.277204602956771851e-02 7.661525160074234009e-03 3.342406451702117920e-02 4.451717063784599304e-02 4.679320380091667175e-02 1.226472086273133755e-03 3.298065625131130219e-03 3.574274107813835144e-02 6.060503423213958740e-02 4.525349661707878113e-02 2.583373151719570160e-02 2.072343602776527405e-02 3.554590791463851929e-02 3.844579309225082397e-02 7.286593783646821976e-03 9.119409136474132538e-03 2.564346045255661011e-02 4.570992663502693176e-02 4.452832043170928955e-02 1.448605675250291824e-02 2.429044805467128754e-02 3.002872131764888763e-02 4.313192889094352722e-02 2.002153731882572174e-02 2.336953952908515930e-02 1.089904224500060081e-03 2.341172099113464355e-02 7.212556153535842896e-02 3.371069952845573425e-02 3.759688138961791992e-02 2.645658142864704132e-02 4.077795892953872681e-02 9.999020956456661224e-03 2.049456723034381866e-02 3.898495808243751526e-02
1.375716030597686768e-01 1.276611536741256714e-01 4.811676219105720520e-03 2.145970985293388367e-02 4.479863855522125959e-04 8.868497610092163086e-02 1.185342669486999512e-01 7.065822836011648178e-03 2.414291724562644958e-02 1.059622596949338913e-02 1.073181852698326111e-01 5.237089004367589951e-03 5.140925049781799316e-01 1.932382956147193909e-02 1.245221705175936222e-03 8.413928560912609100e-03 2.062980830669403076e-02 2.291678451001644135e-02 3.024248592555522919e-02 1.574424840509891510e-02 2.672997303307056427e-02 3.093300573527812958e-02 8.068723604083061218e-03 4.444344714283943176e-02 1.786866225302219391e-02 2.063900791108608246e-02 1.074382849037647247e-02 3.806065022945404053e-02 1.005235593765974045e-02 2.885232120752334595e-02 3.991054370999336243e-02 1.632606494240462780e-03 4.711395502090454102e-02 3.407733514904975891e-02 4.850210249423980713e-02 9.700822643935680389e-03 2.278920635581016541e-02 4.193888977169990540e-02 1.024458743631839752e-02 3.546250239014625549e-02 3.360212594270706177e-02 1.708453148603439331e-02 2.985494770109653473e-02 2.734724804759025574e-02 4.749907553195953369e-02 4.006825853139162064e-03 6.392192095518112183e-02 8.814237266778945923e-02 1.452960260212421417e-02 3.901540488004684448e-02 4.018286243081092834e-02 1.777097955346107483e-02 1.092585953301750124e-04 5.359075032174587250e-03 3.508632257580757141e-02 7.076262962073087692e-03 2.562118694186210632e-02 1.590036042034626007e-02 4.689541179686784744e-03 5.193969234824180603e-02 2.808499895036220551e-02 2.216552942991256714e-02 4.801208898425102234e-02 2.789454301819205284e-03 2.124811336398124695e-02 8.739081025123596191e-02 1.798239350318908691e-02 1.878036558628082275e-02 4.654489457607269287e-02 4.651406314224004745e-03 2.918474934995174408e-02 2.297570183873176575e-02 1.815076731145381927e-02 4.308822378516197205e-02 3.819452598690986633e-02 4.523719102144241333e-02 3.166717290878295898e-02 4.924232885241508484e-02 4.057400673627853394e-02 2.330562844872474670e-02 4.511334747076034546e-02 3.090850077569484711e-02 4.028059542179107666e-02 2.018826548010110855e-03 1.331585273146629333e-02 4.789871722459793091e-02 5.789593979716300964e-02 7.697248458862304688e-02 2.783777751028537750e-02 3.752101212739944458e-02 4.703981429338455200e-02 3.398668766021728516e-02 6.574721634387969971e-02 2.490943996235728264e-03 5.688425153493881226e-03 4.808417055755853653e-03 3.514578565955162048e-03 3.852232173085212708e-02 4.190450906753540039e-02 4.082443192601203918e-02 3.889402002096176147e-02 4.695960506796836853e-02 3.883314132690429688e-02 3.341338783502578735e-02 8.069949224591255188e-03 4.754908382892608643e-03 9.929462336003780365e-03 2.367924340069293976e-02 4.091970995068550110e-02 3.510730341076850891e-02 3.933122754096984863e-02 4.481255635619163513e-02 6.018716841936111450e-03 2.763498201966285706e-02 1.479946915060281754e-02 1.873367233201861382e-03
