5.825804471969604492e-01 8.101347088813781738e-02 2.634444087743759155e-02 3.650286421179771423e-02 3.766067698597908020e-02 5.397095903754234314e-02 2.638667076826095581e-02 3.502342849969863892e-02 1.941093802452087402e-02 1.083235489204525948e-03 9.380482137203216553e-02 1.962146908044815063e-02 6.462858617305755615e-02 3.098952351137995720e-03 1.396801695227622986e-02 6.764311110600829124e-04 1.453260309062898159e-03 1.776558347046375275e-02 2.401336655020713806e-02 3.875858150422573090e-03 4.253027960658073425e-02 2.600069530308246613e-02 6.285818293690681458e-03 1.639127964153885841e-03 5.533194635063409805e-03 2.109706960618495941e-02 1.488256547600030899e-02 2.697760798037052155e-02 4.061463102698326111e-02 1.753727346658706665e-02 4.159621894359588623e-02 5.993920844048261642e-03 2.170760743319988251e-02 3.432697383686900139e-03 3.885482251644134521e-02 7.990054786205291748e-03 3.177415579557418823e-02 1.890961267054080963e-02 2.042131125926971436e-02 3.140048682689666748e-02 3.024997562170028687e-02 6.518726702779531479e-03 1.036069728434085846e-02 2.993340045213699341e-02 3.361827880144119263e-02 4.548865370452404022e-03 6.000667810440063477e-02 4.258868843317031860e-02 3.798210620880126953e-02 4.320498183369636536e-02 2.034541685134172440e-03 6.154618691653013229e-03 3.132539242506027222e-02 2.846053242683410645e-02 3.180759493261575699e-03 4.279447719454765320e-02 6.308835931122303009e-03 1.450135279446840286e-02 3.260352462530136108e-02 2.943923324346542358e-02 1.279657427221536636e-02 2.500983187928795815e-03 3.338518366217613220e-02 3.597755730152130127e-02 1.703435927629470825e-02 1.222442649304866791e-02 2.958212047815322876e-02 4.829218238592147827e-02 1.528530102223157883e-02 2.083392580971121788e-03 3.621709346771240234e-02 7.459096610546112061e-03 1.525176572613418102e-03 2.054826728999614716e-02 1.985096558928489685e-02 1.453719753772020340e-02 2.744828583672642708e-03 1.651967316865921021e-02 3.611056134104728699e-03 3.057392872869968414e-02 2.292658947408199310e-02 3.729129955172538757e-02 2.612324245274066925e-02 3.671529144048690796e-02 3.183523565530776978e-02 1.833645440638065338e-02 9.060855023562908173e-03 2.791073359549045563e-02 1.191738527268171310e-03 3.304104134440422058e-02 7.080621272325515747e-02 7.801230065524578094e-03 3.759687393903732300e-02 2.413156256079673767e-02 5.556502845138311386e-03 5.947106517851352692e-03 2.894972637295722961e-02 2.454574778676033020e-02 1.527310931123793125e-03 2.106832340359687805e-03 2.915973402559757233e-02 3.646404668688774109e-02 5.860466510057449341e-03 1.518704928457736969e-03 3.474885225296020508e-02 4.116305336356163025e-02 1.468807924538850784e-02 1.639607921242713928e-02 3.806568682193756104e-02 1.336399186402559280e-02 9.741394780576229095e-03 7.097348570823669434e-03 2.292613312602043152e-02 5.932510248385369778e-04 7.254194933921098709e-03 1.769970916211605072e-02
8.101347088813781738e-02 6.001909971237182617e-01 1.674582809209823608e-02 3.071152791380882263e-02 1.986241713166236877e-02 3.892487287521362305e-02 3.479589149355888367e-02 1.216453500092029572e-03 2.223652042448520660e-02 3.028544224798679352e-02 4.575802758336067200e-02 2.063110284507274628e-02 5.721297487616539001e-02 9.216453880071640015e-03 3.011436760425567627e-02 1.213234849274158478e-02 4.758447408676147461e-03 4.036980122327804565e-02 2.725056558847427368e-02 3.367205848917365074e-03 2.335588447749614716e-02 2.186550572514533997e-02 1.671019010245800018e-02 1.570892147719860077e-02 2.749338280409574509e-03 1.677175238728523254e-02 3.143347566947340965e-03 1.188482274301350117e-03 3.142379224300384521e-02 1.026709657162427902e-02 3.678338229656219482e-02 1.011418295092880726e-03 9.519804269075393677e-03 9.028820320963859558e-03 2.376444451510906219e-02 1.234621740877628326e-03 1.589443162083625793e-02 2.731347084045410156e-02 4.585443530231714249e-03 6.749065127223730087e-03 2.377228066325187683e-02 6.426268257200717926e-03 5.487287417054176331e-03 8.481366559863090515e-03 2.284194901585578918e-02 6.428993772715330124e-03 4.578045383095741272e-02 5.489040911197662354e-02 1.838828437030315399e-02 3.273871913552284241e-02 1.605125330388545990e-02 1.723678596317768097e-02 3.511271625757217407e-02 4.248095676302909851e-02 6.040219450369477272e-04 2.206307090818881989e-02 5.791807081550359726e-03 1.226304750889539719e-02 3.557815402746200562e-02 3.366395458579063416e-02 1.465634442865848541e-03 5.374048487283289433e-04 5.086906626820564270e-02 4.779500886797904968e-02 1.776518113911151886e-02 1.262660790234804153e-02 2.027466706931591034e-02 3.177168592810630798e-02 1.340818684548139572e-02 1.368624065071344376e-02 2.253263816237449646e-02 4.353894293308258057e-02 1.067630294710397720e-02 4.482206329703330994e-02 2.915021032094955444e-03 2.199430018663406372e-03 9.602484293282032013e-03 2.113082632422447205e-02 1.443762565031647682e-03 4.123891890048980713e-02 2.333655767142772675e-02 8.921323344111442566e-03 2.422231994569301605e-02 2.922062389552593231e-02 8.611049503087997437e-03 9.139104746282100677e-03 1.458971947431564331e-02 6.201487965881824493e-03 4.854590632021427155e-03 1.714442297816276550e-02 4.715112596750259399e-02 1.147500704973936081e-02 4.758344963192939758e-02 2.725046314299106598e-02 1.520490739494562149e-02 1.702965609729290009e-02 4.904254525899887085e-02 1.568905077874660492e-02 2.159722847864031792e-03 7.532457821071147919e-03 1.340576726943254471e-02 2.598414011299610138e-02 1.060748752206563950e-02 7.944705896079540253e-03 2.939365804195404053e-02 4.253563284873962402e-02 4.595764447003602982e-03 4.467021673917770386e-03 2.521911635994911194e-02 5.825163330882787704e-03 4.774709232151508331e-03 1.210424743476323783e-04 7.891129702329635620e-03 1.479808124713599682e-03 2.391557209193706512e-02 6.126047577708959579e-03
2.634444087743759155e-02 1.674582809209823608e-02 5.479847192764282227e-01 2.457736246287822723e-02 2.673969604074954987e-02 8.532499894499778748e-03 2.315469644963741302e-02 1.154092252254486084e-01 4.227738454937934875e-02 1.423966372385621071e-03 7.689876481890678406e-03 3.094168752431869507e-02 1.450524665415287018e-02 3.092662058770656586e-02 1.134638953953981400e-02 2.435030601918697357e-02 9.931880049407482147e-03 8.125554770231246948e-03 6.949842907488346100e-03 2.630406431853771210e-02 2.939361333847045898e-02 3.015761449933052063e-02 1.891516521573066711e-02 4.002127796411514282e-02 3.954691439867019653e-02 4.152945056557655334e-02 2.310324460268020630e-02 1.740610599517822266e-02 3.629982098937034607e-02 9.302904829382896423e-03 2.938450314104557037e-02 2.414501272141933441e-02 2.327817119657993317e-02 1.275911182165145874e-02 1.913667097687721252e-02 4.148280993103981018e-02 3.633878752589225769e-02 2.096599526703357697e-02 3.244073688983917236e-02 2.336917445063591003e-02 3.719271719455718994e-02 5.736647546291351318e-02 1.414720434695482254e-02 4.820408299565315247e-02 1.017774734646081924e-02 9.480512700974941254e-03 3.597396425902843475e-03 3.563580662012100220e-02 3.119692578911781311e-02 1.890165032818913460e-03 6.819333881139755249e-02 2.413387410342693329e-02 6.010261364281177521e-03 1.270258100703358650e-03 1.514765247702598572e-02 1.261581853032112122e-02 3.267975151538848877e-02 2.855484001338481903e-02 2.884973026812076569e-02 1.020493172109127045e-02 1.477129478007555008e-02 1.728290691971778870e-02 3.300919756293296814e-02 3.088442375883460045e-03 1.075799763202667236e-02 3.134746104478836060e-02 1.402825489640235901e-02 1.661551930010318756e-02 3.995186835527420044e-02 8.587247692048549652e-03 7.155704777687788010e-03 2.246726304292678833e-02 5.973685160279273987e-02 2.792351692914962769e-02 4.473409056663513184e-02 5.141296889632940292e-03 7.107063662260770798e-03 3.923769574612379074e-03 1.816986687481403351e-02 2.777229528874158859e-03 7.877390831708908081e-02 7.778427749872207642e-02 4.045424237847328186e-02 1.617803983390331268e-02 8.445359766483306885e-03 3.761291876435279846e-02 3.880664706230163574e-02 3.893390670418739319e-02 3.658691421151161194e-02 1.655499264597892761e-02 1.720307022333145142e-02 2.824405394494533539e-02 1.739124394953250885e-02 5.387321114540100098e-03 6.211102753877639771e-02 5.125140771269798279e-02 2.899916656315326691e-02 6.224351376295089722e-02 2.004613354802131653e-02 1.759687811136245728e-02 9.528230875730514526e-03 1.300905714742839336e-03 3.163910238072276115e-03 3.180987900123000145e-03 6.109585985541343689e-03 1.440089568495750427e-02 8.316550403833389282e-03 4.535572137683629990e-03 7.349215447902679443e-03 2.901983261108398438e-02 1.805414259433746338e-02 5.024453252553939819e-02 1.631512423045933247e-04 5.393619649112224579e-03 6.078633014112710953e-03 2.769601345062255859e-02
3.650286421179771423e-02 3.071152791380882263e-02 2.457736246287822723e-02 5.846760869026184082e-01 1.429579257965087891e-01 4.436292219907045364e-03 1.350535079836845398e-02 3.219718486070632935e-02 1.015045586973428726e-02 1.090172771364450455e-02 3.961016982793807983e-02 3.013744391500949860e-02 2.112508006393909454e-02 3.337230160832405090e-02 3.598904982209205627e-02 7.070838939398527145e-03 1.140817441046237946e-02 3.333006799221038818e-02 1.722525060176849365e-02 1.969067007303237915e-02 1.508932188153266907e-02 3.478019684553146362e-02 4.625434055924415588e-02 4.782521352171897888e-02 1.024118158966302872e-02 1.436485722661018372e-02 9.236885234713554382e-03 4.092370718717575073e-02 7.358063478022813797e-03 2.554765343666076660e-02 3.240454569458961487e-02 3.926665335893630981e-02 1.286960951983928680e-02 2.973668836057186127e-02 6.221033632755279541e-03 6.431645248085260391e-03 1.466402783989906311e-02 2.338604442775249481e-02 8.243318647146224976e-02 9.723020344972610474e-02 3.551467508077621460e-02 9.948131628334522247e-04 2.997706271708011627e-02 7.439498789608478546e-03 3.167312592267990112e-02 1.078356336802244186e-02 6.885705981403589249e-03 3.682834561914205551e-03 1.613943278789520264e-02 1.820912957191467285e-02 1.126005034893751144e-02 1.052870973944664001e-02 3.519978746771812439e-02 3.994610160589218140e-02 2.846215851604938507e-02 2.387626469135284424e-02 1.162856258451938629e-02 2.138782851397991180e-02 1.306989695876836777e-02 1.400173176079988480e-02 1.557742431759834290e-02 2.755482494831085205e-02 1.288971398025751114e-02 3.096019290387630463e-02 3.899602219462394714e-02 2.453169971704483032e-02 1.416626758873462677e-02 1.402071304619312286e-02 3.350840881466865540e-03 3.386363759636878967e-02 4.207752645015716553e-02 1.878087781369686127e-02 8.250282704830169678e-02 2.329360926523804665e-03 5.274186655879020691e-02 3.978517651557922363e-02 1.969161443412303925e-03 1.986881718039512634e-02 3.614377602934837341e-02 2.332275733351707458e-02 1.307013910263776779e-02 2.447675727307796478e-02 9.071207791566848755e-02 6.779502332210540771e-02 2.450930885970592499e-02 1.125941867940127850e-03 7.100036833435297012e-03 3.668610379099845886e-02 7.149292621761560440e-03 2.662852220237255096e-02 4.315849859267473221e-03 3.434683009982109070e-02 1.171558396890759468e-03 3.595679253339767456e-02 2.887503430247306824e-02 1.378028187900781631e-02 2.145556360483169556e-02 8.775245398283004761e-03 1.991613581776618958e-02 1.330327522009611130e-02 1.234428398311138153e-02 1.037483196705579758e-02 1.437763031572103500e-02 1.144257560372352600e-02 3.940793499350547791e-02 4.839919507503509521e-02 4.278705641627311707e-02 1.102550700306892395e-02 3.323794156312942505e-02 1.288687996566295624e-02 7.143428083509206772e-03 1.615518145263195038e-02 5.339873023331165314e-03 1.523548853583633900e-03 3.829899057745933533e-02 1.866454607807099819e-03
3.766067698597908020e-02 1.986241713166236877e-02 2.673969604074954987e-02 1.429579257965087891e-01 5.862696766853332520e-01 2.157738432288169861e-02 6.373321637511253357e-03 3.551630675792694092e-02 9.366783313453197479e-03 1.622218824923038483e-02 3.858783096075057983e-02 2.645858190953731537e-02 9.897924959659576416e-03 1.008413732051849365e-02 2.413733862340450287e-02 3.277154406532645226e-03 2.172699570655822754e-02 4.748751595616340637e-02 6.046676263213157654e-02 4.268873482942581177e-02 4.678054712712764740e-03 3.009908273816108704e-02 4.470131546258926392e-02 4.154840856790542603e-02 3.393949940800666809e-02 1.326541788876056671e-02 4.026253893971443176e-02 3.356552496552467346e-02 6.680587772279977798e-03 2.088586799800395966e-02 7.363477256149053574e-03 5.418326705694198608e-02 8.296767249703407288e-03 4.189441725611686707e-02 3.560993820428848267e-02 2.174236997961997986e-02 2.161816321313381195e-02 1.140575762838125229e-02 1.136905103921890259e-01 1.113826930522918701e-01 1.757434383034706116e-02 1.360361464321613312e-02 1.113920100033283234e-02 8.288946934044361115e-03 3.569738194346427917e-02 2.806417644023895264e-03 4.708276595920324326e-03 7.299755699932575226e-03 1.299468521028757095e-02 8.397108875215053558e-03 6.474805530160665512e-03 7.495977450162172318e-03 5.255016684532165527e-02 1.928112283349037170e-02 3.713748417794704437e-03 1.563422009348869324e-02 6.914419587701559067e-03 2.719407901167869568e-02 4.115015268325805664e-03 1.817114837467670441e-02 1.943684555590152740e-02 2.079385146498680115e-02 3.602281957864761353e-02 4.380662739276885986e-02 1.724146865308284760e-02 1.847750879824161530e-02 1.179606653749942780e-02 1.173130840470548719e-05 1.696272939443588257e-02 2.974765142425894737e-03 3.308358788490295410e-02 1.219814410433173180e-03 5.861985683441162109e-02 3.453893214464187622e-02 6.977358460426330566e-02 1.345795951783657074e-02 1.950748846866190434e-03 1.968996971845626831e-02 1.549347303807735443e-02 3.575339505914598703e-04 1.237718574702739716e-02 5.706177093088626862e-03 6.371333450078964233e-02 8.802799880504608154e-02 9.920468553900718689e-03 9.732716716825962067e-03 9.461209177970886230e-03 5.353384185582399368e-04 9.388734586536884308e-03 5.335632711648941040e-02 7.255642674863338470e-03 5.897422786802053452e-03 2.202641591429710388e-02 1.416816934943199158e-02 3.298404067754745483e-02 1.715000718832015991e-02 3.459277004003524780e-02 1.519575808197259903e-02 1.884833350777626038e-02 6.887326948344707489e-03 2.081582508981227875e-02 1.351979281753301620e-02 1.465163566172122955e-02 1.421004161238670349e-02 3.914202377200126648e-02 2.967731468379497528e-02 3.349107503890991211e-02 2.779565402306616306e-04 3.717940300703048706e-02 1.587713509798049927e-02 1.135914959013462067e-02 1.545885577797889709e-02 9.085875935852527618e-03 1.762611791491508484e-02 2.262492105364799500e-02 2.947080321609973907e-02
5.397095903754234314e-02 3.892487287521362305e-02 8.532499894499778748e-03 4.436292219907045364e-03 2.157738432288169861e-02 5.947731137275695801e-01 8.264727890491485596e-02 3.216249123215675354e-02 1.150702685117721558e-02 1.624861359596252441e-02 5.749200657010078430e-02 3.990494832396507263e-02 2.185546420514583588e-02 2.411591634154319763e-02 2.461702935397624969e-02 1.999872550368309021e-02 3.648000583052635193e-02 3.957516327500343323e-02 3.281659260392189026e-02 2.836288185790181160e-03 7.362219970673322678e-03 1.140095479786396027e-02 2.439454384148120880e-02 2.398421615362167358e-02 6.744003389030694962e-03 6.280587986111640930e-03 2.835613861680030823e-02 6.151157990097999573e-02 3.196999430656433105e-02 3.730753436684608459e-02 4.618342965841293335e-03 1.018813438713550568e-02 4.479945451021194458e-02 1.649521850049495697e-02 3.733636438846588135e-02 1.717321574687957764e-02 5.758617538958787918e-03 8.464417769573628902e-04 2.965778112411499023e-02 1.625422202050685883e-02 1.887546852231025696e-02 4.003802686929702759e-02 2.316834218800067902e-02 3.550135996192693710e-03 1.753531768918037415e-02 4.001389816403388977e-02 8.332362771034240723e-02 8.324667066335678101e-02 2.611253224313259125e-02 2.641556784510612488e-04 3.248222917318344116e-02 2.069077081978321075e-02 3.096124902367591858e-02 4.370313882827758789e-02 2.097686054185032845e-03 1.435011997818946838e-02 1.482938788831233978e-02 1.534632290713489056e-03 3.002253919839859009e-02 3.400224447250366211e-02 1.819914579391479492e-02 1.037761941552162170e-02 2.567762322723865509e-02 3.158421069383621216e-02 7.241239305585622787e-03 2.291699871420860291e-02 4.513160791248083115e-03 6.506452802568674088e-03 1.131395809352397919e-02 5.136430263519287109e-02 3.973890561610460281e-03 1.271199341863393784e-02 1.850501447916030884e-02 3.307116404175758362e-02 7.294122595340013504e-03 2.681552246212959290e-02 4.096910124644637108e-04 2.707632258534431458e-02 3.259284421801567078e-02 2.929911576211452484e-02 8.182534016668796539e-03 3.709914907813072205e-02 3.055650182068347931e-02 2.671375125646591187e-02 1.025552395731210709e-03 3.180515719577670097e-03 2.757276035845279694e-02 2.942849881947040558e-02 2.608172595500946045e-02 1.878577470779418945e-02 7.365441322326660156e-02 2.202586643397808075e-02 8.643671125173568726e-02 1.760472543537616730e-02 4.039720818400382996e-02 4.231366515159606934e-02 3.095590323209762573e-02 2.936171554028987885e-02 4.774865508079528809e-02 4.525047913193702698e-02 2.543842978775501251e-02 2.132938615977764130e-02 1.608329475857317448e-03 1.169892586767673492e-02 1.725078746676445007e-02 2.196368575096130371e-02 1.714906655251979828e-02 2.869644947350025177e-02 3.416825085878372192e-02 3.712998703122138977e-02 1.174579001963138580e-02 1.431240933015942574e-03 2.567245252430438995e-02 2.119157649576663971e-02 3.365551307797431946e-02 3.750589117407798767e-02
2.638667076826095581e-02 3.479589149355888367e-02 2.315469644963741302e-02 1.350535079836845398e-02 6.373321637511253357e-03 8.264727890491485596e-02 5.958198308944702148e-01 3.094152547419071198e-02 2.357863262295722961e-02 2.444137632846832275e-02 3.655219078063964844e-02 1.192300952970981598e-02 1.418925356119871140e-02 7.039893418550491333e-03 1.409935392439365387e-02 6.186117418110370636e-03 6.206918042153120041e-03 2.283268235623836517e-02 2.537939697504043579e-02 5.357975605875253677e-03 1.282269135117530823e-03 2.558604255318641663e-02 2.137992717325687408e-02 1.723859645426273346e-02 5.788460839539766312e-03 6.217595655471086502e-03 1.461329683661460876e-02 7.629091851413249969e-03 4.584742337465286255e-02 1.682880567386746407e-03 1.095128431916236877e-02 2.082279510796070099e-02 2.208535000681877136e-02 1.807944476604461670e-02 3.926742449402809143e-02 2.012877538800239563e-02 2.044743299484252930e-02 1.121590845286846161e-02 1.931512542068958282e-02 2.711500972509384155e-02 1.705211028456687927e-02 2.088351920247077942e-02 2.480433322489261627e-03 5.009453743696212769e-03 1.704462803900241852e-02 3.420511260628700256e-02 4.150353372097015381e-02 9.164164960384368896e-02 7.797375787049531937e-03 2.368722576647996902e-03 4.899402335286140442e-02 2.035786211490631104e-02 4.637941345572471619e-02 3.194112703204154968e-02 8.898518048226833344e-03 3.600184805691242218e-03 6.807371973991394043e-03 1.238877419382333755e-03 3.577483072876930237e-02 3.844479843974113464e-02 3.494679229333996773e-03 9.659154340624809265e-03 3.504376485943794250e-02 3.832858428359031677e-02 2.747341990470886230e-03 1.637514680624008179e-02 1.231930498033761978e-02 1.358217466622591019e-02 9.291172027587890625e-03 2.887858077883720398e-02 1.052776630967855453e-02 3.598993411287665367e-03 9.108905796892940998e-04 3.604512661695480347e-02 9.196766186505556107e-04 6.193886045366525650e-03 1.370366010814905167e-02 2.714159153401851654e-02 3.690114617347717285e-02 1.080195140093564987e-02 9.431303478777408600e-03 3.291590884327888489e-02 2.542591653764247894e-03 8.635018020868301392e-03 9.455112740397453308e-03 1.496930606663227081e-02 9.395714849233627319e-03 2.436655387282371521e-02 9.299282915890216827e-03 1.519260741770267487e-02 6.483092159032821655e-02 3.271893784403800964e-02 8.245956152677536011e-02 1.824841275811195374e-02 4.022270441055297852e-02 2.976132743060588837e-02 4.400222748517990112e-02 1.894423924386501312e-02 3.358189761638641357e-02 3.047598525881767273e-02 1.728261820971965790e-02 2.128134295344352722e-02 5.264181178063154221e-03 7.332135573960840702e-04 2.692391723394393921e-02 4.149039462208747864e-02 2.266195770062040538e-05 3.264058008790016174e-02 2.907030843198299408e-02 2.437262795865535736e-02 1.279730163514614105e-02 1.754793804138898849e-03 5.569544155150651932e-03 5.443526431918144226e-03 3.963470831513404846e-02 2.531274221837520599e-02
3.502342849969863892e-02 1.216453500092029572e-03 1.154092252254486084e-01 3.219718486070632935e-02 3.551630675792694092e-02 3.216249123215675354e-02 3.094152547419071198e-02 5.832679271697998047e-01 4.339265823364257812e-02 2.027306333184242249e-02 1.739636994898319244e-02 2.866350486874580383e-02 2.650102041661739349e-02 6.615415681153535843e-03 6.093908101320266724e-02 1.605376973748207092e-02 2.839747443795204163e-02 1.929201558232307434e-02 3.178795054554939270e-02 3.874313831329345703e-02 3.039404051378369331e-03 1.563168875873088837e-02 1.510501373559236526e-02 2.493179216980934143e-02 3.199616819620132446e-02 3.609586972743272781e-03 1.622487418353557587e-02 4.898103419691324234e-03 4.201138392090797424e-02 1.536652725189924240e-02 1.266551483422517776e-02 7.656019297428429127e-04 3.011576086282730103e-02 1.119395066052675247e-02 5.613552778959274292e-02 7.627083454281091690e-03 3.203134238719940186e-02 3.099390305578708649e-03 7.278856355696916580e-03 1.760907098650932312e-02 2.456034719944000244e-02 4.065817967057228088e-02 4.898509383201599121e-02 1.393163017928600311e-02 1.353728771209716797e-02 2.523347735404968262e-02 1.207454223185777664e-02 2.184004150331020355e-02 3.656875342130661011e-02 3.812496364116668701e-02 6.929469108581542969e-02 5.737167224287986755e-02 3.185122832655906677e-02 3.300290554761886597e-02 2.385009266436100006e-02 3.002195060253143311e-02 2.140013687312602997e-02 7.783384528011083603e-03 5.068471655249595642e-02 4.750514030456542969e-02 1.553476671688258648e-03 1.026670355349779129e-02 4.353223741054534912e-02 1.367097720503807068e-03 6.907531642355024815e-04 2.974525326862931252e-03 3.039708733558654785e-02 1.354729384183883667e-02 2.373145520687103271e-02 2.338771522045135498e-02 4.374302923679351807e-03 3.854263946413993835e-02 7.452854420989751816e-03 5.728940479457378387e-03 1.488614920526742935e-02 8.654542267322540283e-03 3.679479286074638367e-02 3.950546309351921082e-02 1.528115943074226379e-02 3.462190181016921997e-02 2.015840262174606323e-01 1.612735986709594727e-01 8.264049887657165527e-03 1.883745309896767139e-03 3.873868659138679504e-02 2.112616226077079773e-02 8.718375861644744873e-02 4.390602931380271912e-02 2.220288291573524475e-02 1.128821726888418198e-02 2.801294205710291862e-03 4.453500360250473022e-02 1.655312813818454742e-02 6.857895292341709137e-03 3.197215124964714050e-02 3.342622146010398865e-02 5.342922173440456390e-03 1.453700754791498184e-02 1.242786087095737457e-02 1.054377201944589615e-02 3.200660273432731628e-02 2.451555430889129639e-02 1.070351433008909225e-02 4.112182930111885071e-02 3.979815170168876648e-02 3.526183590292930603e-02 3.217555209994316101e-02 3.573631122708320618e-02 4.469460807740688324e-03 5.456251651048660278e-02 3.222785517573356628e-02 3.185561671853065491e-02 4.071709513664245605e-02 2.262258157134056091e-02 1.206106133759021759e-02 4.469178617000579834e-02
1.941093802452087402e-02 2.223652042448520660e-02 4.227738454937934875e-02 1.015045586973428726e-02 9.366783313453197479e-03 1.150702685117721558e-02 2.357863262295722961e-02 4.339265823364257812e-02 5.934501290321350098e-01 6.539086252450942993e-02 8.514604531228542328e-03 2.447364293038845062e-02 1.520451344549655914e-02 1.495811995118856430e-02 3.344165906310081482e-02 2.328592166304588318e-02 3.794038295745849609e-02 6.023084744811058044e-02 2.856581239029765129e-03 2.090582251548767090e-02 9.006245061755180359e-03 1.337451860308647156e-02 2.099708653986454010e-02 5.707067903131246567e-03 1.710241474211215973e-02 4.703317768871784210e-03 3.562492504715919495e-02 2.045924542471766472e-03 2.194489352405071259e-02 1.446852646768093109e-02 3.092391707468777895e-04 1.884198561310768127e-02 2.876711823046207428e-02 2.714643999934196472e-02 3.488514944911003113e-02 3.589121391996741295e-03 6.256393156945705414e-03 3.037119098007678986e-02 3.171505033969879150e-02 3.368764370679855347e-02 7.892533205449581146e-03 4.031708464026451111e-02 9.376151487231254578e-03 9.858096018433570862e-03 8.707066997885704041e-03 1.006232574582099915e-02 8.306362666189670563e-03 3.488117083907127380e-02 1.812135102227330208e-03 9.407445788383483887e-03 4.899700358510017395e-02 2.199065499007701874e-02 1.168965455144643784e-02 2.963570319116115570e-02 5.209954828023910522e-02 2.361603640019893646e-02 1.187033206224441528e-02 3.325096797198057175e-03 3.253105329349637032e-03 1.212769094854593277e-02 1.725231669843196869e-02 6.895552505739033222e-04 1.402398198843002319e-02 2.448289468884468079e-02 5.072250030934810638e-03 1.023873686790466309e-02 5.290941148996353149e-02 1.647035218775272369e-02 4.372466355562210083e-03 5.296938586980104446e-03 8.289217948913574219e-03 4.450759664177894592e-02 5.509430915117263794e-02 4.054065048694610596e-02 2.465953305363655090e-02 4.040615260601043701e-02 6.492723524570465088e-02 3.912500664591789246e-02 6.074084341526031494e-02 5.041726678609848022e-02 4.135021194815635681e-02 3.857728838920593262e-02 2.311768382787704468e-02 7.610736414790153503e-03 1.271739415824413300e-02 2.093924395740032196e-02 1.269314065575599670e-02 2.216026373207569122e-02 3.387609869241714478e-02 4.112897813320159912e-02 1.721045002341270447e-02 2.797786379233002663e-03 2.877723611891269684e-02 1.127901207655668259e-02 3.884759917855262756e-02 1.431108638644218445e-02 3.697862848639488220e-02 2.813871717080473900e-03 2.946160733699798584e-03 5.818123463541269302e-04 4.790665581822395325e-03 9.443274699151515961e-03 2.319517172873020172e-02 1.975359162315726280e-03 4.047774896025657654e-02 2.370977029204368591e-02 5.917479284107685089e-03 1.545409392565488815e-02 7.288340944796800613e-03 1.316756661981344223e-02 5.313761997967958450e-03 1.154819596558809280e-02 9.014759212732315063e-03 1.436926540918648243e-03 1.254412438720464706e-02 3.869229555130004883e-02
1.083235489204525948e-03 3.028544224798679352e-02 1.423966372385621071e-03 1.090172771364450455e-02 1.622218824923038483e-02 1.624861359596252441e-02 2.444137632846832275e-02 2.027306333184242249e-02 6.539086252450942993e-02 5.994587540626525879e-01 9.135408909060060978e-04 1.315180771052837372e-02 2.895031683146953583e-02 3.628171980381011963e-02 4.347299784421920776e-02 4.748767241835594177e-02 9.912563487887382507e-03 6.251496076583862305e-02 1.190918162465095520e-01 2.286277897655963898e-02 2.731231041252613068e-02 2.278405800461769104e-02 2.142955781891942024e-03 9.097582660615444183e-03 3.406088426709175110e-02 1.846092566847801208e-02 3.607914969325065613e-02 4.809715971350669861e-02 9.758712840266525745e-04 1.934238709509372711e-02 4.135670606046915054e-03 5.252976715564727783e-02 4.105338454246520996e-02 4.709281027317047119e-02 2.511832304298877716e-02 1.493929233402013779e-02 8.091764524579048157e-03 4.652068763971328735e-02 2.410493791103363037e-02 2.016487158834934235e-02 2.170667238533496857e-02 2.104910463094711304e-02 1.573211699724197388e-02 2.063621021807193756e-02 8.787289261817932129e-03 4.109233245253562927e-02 7.333489600569009781e-03 2.439159154891967773e-02 1.404688134789466858e-02 7.435908913612365723e-02 2.210008969996124506e-04 3.654311969876289368e-02 2.740260772407054901e-02 2.337810955941677094e-02 1.721777487546205521e-03 6.833132356405258179e-02 9.183799265883862972e-04 3.581502288579940796e-02 4.092145711183547974e-02 2.770656161010265350e-02 4.125922545790672302e-02 1.914202421903610229e-02 4.847754724323749542e-03 2.720473334193229675e-02 5.029722582548856735e-03 9.181271307170391083e-03 4.103180766105651855e-02 3.944387286901473999e-02 8.916179649531841278e-03 2.530722506344318390e-02 4.075005650520324707e-02 3.395327553153038025e-02 2.296031266450881958e-02 3.515613963827490807e-03 2.524252608418464661e-02 6.401619408279657364e-03 4.605730995535850525e-02 1.218420192599296570e-01 5.305106565356254578e-02 1.300498396158218384e-01 3.992380574345588684e-03 7.758373394608497620e-03 1.517344848252832890e-03 6.098657101392745972e-02 1.269590854644775391e-02 5.796745419502258301e-03 5.162704363465309143e-02 4.654485359787940979e-02 1.381548680365085602e-02 1.056855246424674988e-01 2.350721042603254318e-03 1.362505275756120682e-02 2.224112115800380707e-02 1.881678035715594888e-04 1.645404961891472340e-03 1.693464256823062897e-02 1.556312851607799530e-02 1.372438576072454453e-02 1.033730618655681610e-02 4.411484405864030123e-04 3.283694013953208923e-02 2.655497193336486816e-02 1.647465862333774567e-02 2.382632531225681305e-02 3.921250253915786743e-02 3.788220882415771484e-02 2.446861751377582550e-02 1.427284441888332367e-02 2.243811450898647308e-02 1.507278718054294586e-02 2.634134888648986816e-02 1.082212012261152267e-02 2.719898475334048271e-03 3.940325975418090820e-02 1.849860511720180511e-02 2.545896545052528381e-02
9.380482137203216553e-02 4.575802758336067200e-02 7.689876481890678406e-03 3.961016982793807983e-02 3.858783096075057983e-02 5.749200657010078430e-02 3.655219078063964844e-02 1.739636994898319244e-02 8.514604531228542328e-03 9.135408909060060978e-04 5.918762087821960449e-01 1.541965734213590622e-02 7.968828082084655762e-02 1.418715901672840118e-02 2.834022603929042816e-02 3.863217681646347046e-02 1.235781423747539520e-02 1.580706052482128143e-02 2.447610348463058472e-02 5.858977790921926498e-03 3.349366784095764160e-02 5.084370821714401245e-02 4.735985770821571350e-02 2.206136472523212433e-02 1.479449868202209473e-02 1.279403828084468842e-02 3.140380978584289551e-02 3.511963039636611938e-02 7.971116155385971069e-02 1.045882422477006912e-02 3.538855910301208496e-02 4.135467577725648880e-03 1.377205923199653625e-02 1.079196296632289886e-02 4.205721244215965271e-02 1.173953153192996979e-02 4.315105453133583069e-02 1.625522784888744354e-02 4.257309809327125549e-02 3.208602964878082275e-02 6.971231661736965179e-03 1.574972458183765411e-02 1.319843996316194534e-02 3.684647381305694580e-02 2.850540168583393097e-02 6.943752057850360870e-03 8.258707821369171143e-02 5.260125920176506042e-02 3.129377262666821480e-03 1.008337596431374550e-03 3.633950278162956238e-02 2.905827574431896210e-02 3.075698204338550568e-02 3.172736242413520813e-02 2.249183133244514465e-03 1.345201767981052399e-02 6.987750995904207230e-03 2.133974572643637657e-03 3.328683599829673767e-02 4.268159344792366028e-02 2.243017591536045074e-02 1.163024571724236012e-03 1.618164218962192535e-02 3.095128014683723450e-02 4.360258206725120544e-02 3.557017445564270020e-02 1.223932392895221710e-02 1.289635617285966873e-02 1.297396793961524963e-02 3.290999680757522583e-02 9.774561971426010132e-03 3.930764272809028625e-02 3.144619986414909363e-02 6.228865124285221100e-03 3.614575788378715515e-02 3.083576261997222900e-02 1.394605031237006187e-03 3.068024758249521255e-03 3.168055787682533264e-02 2.064080163836479187e-02 1.416211389005184174e-02 2.567235566675662994e-02 3.931590169668197632e-02 3.201120346784591675e-02 1.008247956633567810e-02 2.895762212574481964e-03 3.438445972278714180e-03 3.434863686561584473e-02 2.975308522582054138e-02 2.614245191216468811e-02 8.519462496042251587e-02 3.997596353292465210e-02 5.177314952015876770e-02 4.426055774092674255e-02 4.024397581815719604e-02 3.756311908364295959e-02 1.423243712633848190e-02 2.104704640805721283e-02 7.029060274362564087e-03 1.277679391205310822e-02 4.222038388252258301e-02 3.038632310926914215e-02 5.557861877605319023e-04 2.400410175323486328e-02 3.501675277948379517e-02 3.940288722515106201e-02 7.800213992595672607e-03 8.596884086728096008e-03 4.082475602626800537e-02 2.419811673462390900e-03 4.088868154212832451e-04 2.919102273881435394e-02 1.258852891623973846e-02 9.374288842082023621e-03 3.085101582109928131e-02 2.199543081223964691e-02
1.962146908044815063e-02 2.063110284507274628e-02 3.094168752431869507e-02 3.013744391500949860e-02 2.645858190953731537e-02 3.990494832396507263e-02 1.192300952970981598e-02 2.866350486874580383e-02 2.447364293038845062e-02 1.315180771052837372e-02 1.541965734213590622e-02 5.930613875389099121e-01 5.610121414065361023e-03 1.176409646868705750e-01 4.336096812039613724e-03 6.627019494771957397e-03 4.671079572290182114e-03 2.155569382011890411e-02 2.450119704008102417e-02 1.925854012370109558e-02 3.070084750652313232e-02 2.145673520863056183e-02 3.066706471145153046e-02 1.119381468743085861e-02 2.831653133034706116e-02 2.193625271320343018e-02 5.255743116140365601e-02 1.379118710756301880e-01 3.109960630536079407e-02 1.223002597689628601e-01 1.874421723186969757e-02 3.679118677973747253e-02 4.403364658355712891e-02 4.731158167123794556e-02 3.315750136971473694e-02 1.250000577419996262e-02 1.210258807986974716e-02 4.726186860352754593e-03 2.974828891456127167e-02 2.759366109967231750e-02 3.610377758741378784e-02 1.340195350348949432e-02 3.154607862234115601e-02 4.758253693580627441e-03 3.554281964898109436e-02 3.728462755680084229e-02 1.210659462958574295e-02 3.704035189002752304e-04 1.389543525874614716e-02 3.562914952635765076e-02 6.178730109240859747e-05 2.049695141613483429e-02 1.642602123320102692e-02 1.732917875051498413e-02 4.018993675708770752e-02 4.365663509815931320e-03 5.860663484781980515e-03 8.448974229395389557e-03 3.276031464338302612e-02 2.876037918031215668e-02 1.800797693431377411e-02 5.108859855681657791e-03 2.980696223676204681e-02 2.772640669718384743e-03 6.879151798784732819e-03 1.402578968554735184e-02 4.416113346815109253e-02 4.377921298146247864e-02 6.968789384700357914e-04 6.508558522909879684e-03 1.346855610609054565e-02 4.213690292090177536e-03 4.214760847389698029e-03 5.059333052486181259e-03 3.642821393441408873e-04 3.719162894412875175e-03 2.596480399370193481e-02 2.169727347791194916e-02 4.768375679850578308e-02 5.789981223642826080e-03 2.919017523527145386e-02 3.198260068893432617e-02 7.276085671037435532e-03 2.867075242102146149e-02 2.744863368570804596e-02 1.428481005132198334e-02 2.063506282866001129e-02 1.794810756109654903e-03 6.961520761251449585e-02 5.633344873785972595e-02 2.089565619826316833e-02 1.473805308341979980e-02 1.563258282840251923e-02 4.935909993946552277e-03 3.428152063861489296e-03 9.943544864654541016e-03 1.016712188720703125e-02 3.713676705956459045e-02 3.267711773514747620e-02 1.698896475136280060e-02 1.612580940127372742e-02 2.961544506251811981e-02 8.795048110187053680e-03 3.361446037888526917e-02 4.445132985711097717e-02 3.112016245722770691e-02 7.222613785415887833e-03 1.890826784074306488e-02 1.226524543017148972e-02 2.689651027321815491e-02 2.629367820918560028e-02 4.419061541557312012e-02 6.671116687357425690e-03 1.616988703608512878e-02 2.980012446641921997e-02 2.557224035263061523e-02
6.462858617305755615e-02 5.721297487616539001e-02 1.450524665415287018e-02 2.112508006393909454e-02 9.897924959659576416e-03 2.185546420514583588e-02 1.418925356119871140e-02 2.650102041661739349e-02 1.520451344549655914e-02 2.895031683146953583e-02 7.968828082084655762e-02 5.610121414065361023e-03 5.988210439682006836e-01 1.353611797094345093e-02 4.187085479497909546e-02 3.110168687999248505e-02 2.422901242971420288e-02 2.315140143036842346e-02 2.704800106585025787e-02 1.843179762363433838e-02 3.632967919111251831e-02 4.345102608203887939e-02 2.118884772062301636e-02 2.487090043723583221e-02 1.026124414056539536e-02 2.499112859368324280e-02 8.975209668278694153e-03 2.080835215747356415e-02 4.013381898403167725e-02 2.936791814863681793e-02 5.475364252924919128e-02 1.003670785576105118e-02 1.078061107546091080e-02 2.431854978203773499e-02 2.315653488039970398e-02 4.349110182374715805e-03 3.438458964228630066e-02 3.171271458268165588e-02 2.897400874644517899e-03 4.492950625717639923e-03 2.257641218602657318e-02 9.009748464450240135e-04 3.549201181158423424e-03 3.529670834541320801e-02 1.751430146396160126e-02 3.613542765378952026e-03 5.372434481978416443e-02 4.491352662444114685e-02 3.130587190389633179e-02 3.826263919472694397e-02 6.868346245028078556e-04 2.077544108033180237e-02 2.784283086657524109e-02 4.016984999179840088e-02 1.642472809180617332e-03 4.299122840166091919e-02 4.216113127768039703e-03 1.333492342382669449e-03 2.426274307072162628e-02 1.632633619010448456e-02 4.938836209475994110e-03 3.857152536511421204e-03 2.852778322994709015e-02 2.780802175402641296e-02 2.243773266673088074e-02 4.226220771670341492e-02 2.784642204642295837e-02 2.849321439862251282e-02 1.584389060735702515e-02 1.245191693305969238e-02 1.551725436002016068e-02 1.900660432875156403e-02 2.415101602673530579e-02 2.191292308270931244e-02 2.157891914248466492e-02 2.645603567361831665e-02 2.474546432495117188e-03 2.003090642392635345e-02 4.502225201576948166e-03 3.714020177721977234e-02 2.629561908543109894e-02 1.898757298476994038e-03 2.373706735670566559e-02 4.468473419547080994e-02 1.158588659018278122e-02 7.959516718983650208e-03 2.287711575627326965e-02 2.944979816675186157e-02 1.744518429040908813e-02 3.829181194305419922e-02 4.450312256813049316e-02 1.057296525686979294e-02 3.982813656330108643e-02 4.527949914336204529e-02 2.645543590188026428e-02 4.036039859056472778e-02 3.816994652152061462e-02 4.316141456365585327e-02 5.723869893699884415e-03 1.141846925020217896e-02 1.592119410634040833e-02 2.477404661476612091e-02 1.050414238125085831e-02 1.987500581890344620e-04 2.481820806860923767e-02 2.913838252425193787e-02 4.349971190094947815e-03 1.369418017566204071e-02 2.548566646873950958e-02 2.550922892987728119e-02 1.607779972255229950e-02 3.762501059100031853e-03 5.873928777873516083e-03 1.569034717977046967e-02 1.230492070317268372e-02 2.580073289573192596e-02
