5.558648109436035156e-01 1.452108174562454224e-01 8.110232651233673096e-03 8.786754682660102844e-03 3.429237380623817444e-02 1.087047308683395386e-01 1.258816719055175781e-01 1.970702782273292542e-02 2.108912216499447823e-03 7.051955908536911011e-04 1.174857392907142639e-01 3.267466649413108826e-02 9.530714154243469238e-02 1.101938076317310333e-02 1.459442265331745148e-02 1.376539282500743866e-02 1.649891212582588196e-02 1.006014645099639893e-02 2.056149393320083618e-02 1.413050107657909393e-02 9.980637580156326294e-03 9.482670575380325317e-03 2.100834622979164124e-02 4.091689735651016235e-02 1.340987253934144974e-02 1.340954564511775970e-02 2.971226535737514496e-02 1.210794900543987751e-03 4.955215007066726685e-02 6.307890289463102818e-04 5.303974822163581848e-02 2.594803273677825928e-02 4.716026131063699722e-03 3.996135294437408447e-02 3.414313774555921555e-03 3.234970569610595703e-02 1.893097907304763794e-02 4.773595929145812988e-02 2.318593487143516541e-02 1.244676113128662109e-02 1.559607684612274170e-02 1.863165199756622314e-02 1.076916046440601349e-02 8.283890783786773682e-03 3.676936775445938110e-02 4.497143998742103577e-02 1.222324743866920471e-01 1.028064042329788208e-01 7.206375710666179657e-03 2.309470437467098236e-02 4.163593519479036331e-03 6.609285715967416763e-03 2.130092494189739227e-02 1.040109898895025253e-02 3.734456002712249756e-02 3.544338792562484741e-02 7.934944704174995422e-03 1.111549604684114456e-02 9.289659559726715088e-03 9.303655475378036499e-03 3.465784713625907898e-02 1.704492047429084778e-02 7.858894765377044678e-03 4.931349772959947586e-03 5.944120138883590698e-02 3.573803976178169250e-02 2.904467098414897919e-02 2.735742367804050446e-02 2.179582230746746063e-02 6.562676746398210526e-03 1.464917697012424469e-02 3.881481662392616272e-02 5.970082245767116547e-03 2.135580405592918396e-02 2.824205905199050903e-03 3.856696560978889465e-02 4.868929460644721985e-02 1.424578577280044556e-02 5.580775905400514603e-03 9.592516347765922546e-03 2.874882332980632782e-02 1.638459041714668274e-02 4.491325002163648605e-03 1.925728842616081238e-02 3.619087487459182739e-02 2.759262919425964355e-02 3.117454180028289557e-04 4.918465856462717056e-03 4.459245875477790833e-02 3.473744168877601624e-02 9.182300418615341187e-02 2.814080566167831421e-02 8.795190602540969849e-02 1.786303706467151642e-02 1.202594116330146790e-02 4.117977246642112732e-02 5.617094226181507111e-03 1.691535860300064087e-02 3.903386741876602173e-02 3.383655846118927002e-02 3.391160443425178528e-02 3.736236691474914551e-02 1.259718742221593857e-02 1.530424039810895920e-02 3.331790119409561157e-02 1.902775466442108154e-02 3.507773578166961670e-02 2.190228551626205444e-02 2.988865040242671967e-02 2.344720810651779175e-02 3.433916717767715454e-03 1.394907478243112564e-02 9.257426485419273376e-03 3.391512110829353333e-02 1.537453103810548782e-02 2.162503264844417572e-02
1.452108174562454224e-01 5.552011728286743164e-01 5.594827234745025635e-03 3.382012248039245605e-02 4.042386263608932495e-02 1.141704842448234558e-01 1.706617921590805054e-01 2.451120689511299133e-02 5.854330491274595261e-03 2.704415936022996902e-03 1.214659735560417175e-01 4.320284724235534668e-02 1.147642359137535095e-01 1.599738374352455139e-02 1.228197291493415833e-02 2.049654256552457809e-03 8.698855526745319366e-03 1.128068473190069199e-02 1.446316950023174286e-02 2.112241461873054504e-02 1.503066532313823700e-02 1.730853505432605743e-02 2.355845645070075989e-02 3.901233151555061340e-02 1.893918775022029877e-02 1.571229659020900726e-03 5.188728123903274536e-02 4.692554473876953125e-03 1.896477863192558289e-02 2.714308910071849823e-03 4.765438288450241089e-02 3.947706893086433411e-02 6.527542602270841599e-03 3.739392757415771484e-02 5.005178507417440414e-03 2.350377291440963745e-02 2.925909683108329773e-02 4.996103793382644653e-02 2.977843396365642548e-02 1.570669747889041901e-02 1.638605259358882904e-02 1.210471149533987045e-02 2.879651449620723724e-02 2.083267644047737122e-02 4.870339855551719666e-02 4.952586069703102112e-02 1.263584643602371216e-01 1.419637054204940796e-01 2.741814032196998596e-02 1.045130006968975067e-02 2.942632418125867844e-03 2.183862403035163879e-02 2.066061273217201233e-02 2.394704893231391907e-02 1.489991042762994766e-02 3.183702379465103149e-02 5.552460439503192902e-03 1.619572937488555908e-02 6.976170465350151062e-03 1.925743417814373970e-03 3.925575688481330872e-02 4.080468416213989258e-02 2.283186465501785278e-02 2.678189612925052643e-02 3.392362594604492188e-02 3.217853978276252747e-02 4.443127289414405823e-02 9.704519063234329224e-03 8.947543799877166748e-03 3.142280876636505127e-02 8.660551160573959351e-03 2.180693298578262329e-02 8.636575192213058472e-03 1.694256439805030823e-02 4.294031765311956406e-03 5.649423692375421524e-03 3.250569850206375122e-02 1.305427285842597485e-03 1.577837578952312469e-02 1.313959434628486633e-02 2.451396919786930084e-02 8.563196286559104919e-03 1.261464040726423264e-02 2.121721208095550537e-02 1.738227531313896179e-02 5.297279916703701019e-03 3.832574468106031418e-03 9.158857166767120361e-03 4.634504020214080811e-02 3.742852434515953064e-02 7.858746498823165894e-02 6.217926368117332458e-02 9.051992744207382202e-02 3.001042455434799194e-02 1.736074686050415039e-02 2.117605321109294891e-02 9.911263361573219299e-03 8.152781054377555847e-03 3.271899744868278503e-02 4.427771642804145813e-02 1.772791519761085510e-02 3.632055222988128662e-02 8.700540289282798767e-03 3.182227164506912231e-02 4.781038314104080200e-02 4.518802836537361145e-02 9.314212948083877563e-03 4.728300496935844421e-02 3.458058089017868042e-02 6.128238141536712646e-02 1.153459120541810989e-02 4.034737590700387955e-03 7.883811369538307190e-03 7.510066032409667969e-03 8.041557855904102325e-03 4.598429426550865173e-02
8.110232651233673096e-03 5.594827234745025635e-03 5.068358182907104492e-01 8.220818708650767803e-04 2.781000221148133278e-03 3.578598797321319580e-02 3.091015852987766266e-02 5.041460320353507996e-02 1.989948330447077751e-03 1.639672927558422089e-02 2.941382490098476410e-02 3.488070890307426453e-02 1.649265550076961517e-02 3.036689758300781250e-02 3.810445079579949379e-03 3.139283508062362671e-03 5.998531822115182877e-03 4.524939134716987610e-02 1.196965016424655914e-02 2.962956205010414124e-02 4.858725890517234802e-02 2.064778283238410950e-02 4.388743638992309570e-02 9.266767650842666626e-03 4.014205932617187500e-02 5.059330165386199951e-02 8.049433119595050812e-03 4.165467806160449982e-03 2.030412852764129639e-02 2.540172636508941650e-02 3.834509104490280151e-02 4.718312993645668030e-02 2.880055829882621765e-02 3.837794810533523560e-02 5.971899256110191345e-03 4.073424637317657471e-02 3.919391334056854248e-02 2.340338192880153656e-02 2.021288499236106873e-02 4.225085303187370300e-02 3.800033777952194214e-02 3.888103738427162170e-02 5.474345292896032333e-03 1.058652326464653015e-01 4.475421085953712463e-02 4.251189529895782471e-02 3.123399615287780762e-02 2.079965732991695404e-02 4.308001697063446045e-02 1.810264028608798981e-02 3.300986066460609436e-02 1.887451484799385071e-02 2.984239021316170692e-03 7.200155523605644703e-04 4.510014876723289490e-02 6.674614269286394119e-04 1.245650742202997208e-02 2.790703065693378448e-02 4.498337209224700928e-02 3.592262789607048035e-02 3.685780242085456848e-02 2.172346413135528564e-02 4.684514179825782776e-02 2.680631913244724274e-02 3.577627614140510559e-02 1.314244326204061508e-02 4.983864352107048035e-02 3.238215669989585876e-02 5.794209893792867661e-03 8.345408365130424500e-03 1.247001811861991882e-03 1.141672302037477493e-02 1.613001152873039246e-02 3.902674186974763870e-03 3.405059222131967545e-03 3.379305452108383179e-02 3.385108709335327148e-02 4.604012146592140198e-02 3.515736316330730915e-04 3.030334785580635071e-02 1.187720596790313721e-01 9.528812021017074585e-02 1.003002282232046127e-02 1.997882500290870667e-02 1.870619319379329681e-02 4.632914066314697266e-02 5.612899549305438995e-03 4.165067523717880249e-02 2.843949571251869202e-02 9.569962508976459503e-03 3.621172904968261719e-02 4.038931336253881454e-03 4.031936451792716980e-02 2.186882123351097107e-02 1.930297911167144775e-02 1.583782769739627838e-02 2.107861638069152832e-02 3.249318525195121765e-02 2.330717258155345917e-02 6.538853980600833893e-03 4.546903539448976517e-03 4.253086820244789124e-02 3.143432736396789551e-02 1.641416735947132111e-02 5.552777647972106934e-02 1.758012361824512482e-02 1.632999192224815488e-05 2.052159234881401062e-02 3.355114534497261047e-02 3.967956081032752991e-02 3.616632893681526184e-03 6.865224987268447876e-02 8.109235204756259918e-03 4.143114760518074036e-02 3.576089814305305481e-02 1.607998646795749664e-02
8.786754682660102844e-03 3.382012248039245605e-02 8.220818708650767803e-04 5.252097249031066895e-01 1.577517837285995483e-01 1.911663264036178589e-02 2.566435001790523529e-02 1.839756779372692108e-02 3.761297464370727539e-02 4.318854585289955139e-02 3.336879238486289978e-02 3.223801404237747192e-02 2.102311700582504272e-02 5.204704403877258301e-02 2.966466732323169708e-02 9.714700281620025635e-03 1.498112734407186508e-02 1.437384355813264847e-02 5.368182901293039322e-03 5.217625573277473450e-02 2.572226151823997498e-02 3.373974561691284180e-02 3.144933283329010010e-02 1.756800711154937744e-02 4.726391285657882690e-02 1.276774238795042038e-02 4.170547425746917725e-02 6.435608863830566406e-02 4.074848257005214691e-03 6.395149230957031250e-02 2.352134697139263153e-02 4.490068182349205017e-03 1.649570837616920471e-02 1.229101978242397308e-02 1.184377074241638184e-02 1.402071770280599594e-02 1.603282801806926727e-02 3.070480190217494965e-02 6.333995610475540161e-02 4.535624757409095764e-02 2.296785451471805573e-02 1.044728234410285950e-02 4.086048528552055359e-02 3.151398524641990662e-02 5.341171473264694214e-02 4.829829558730125427e-02 3.025922924280166626e-02 2.499998174607753754e-02 5.601193383336067200e-02 2.356203459203243256e-02 1.130597759038209915e-02 1.857838593423366547e-02 1.492572482675313950e-02 4.936174955219030380e-03 3.761088475584983826e-02 7.320966105908155441e-03 2.626139856874942780e-02 5.684357509016990662e-02 2.114401198923587799e-02 1.021389849483966827e-02 8.151772432029247284e-03 3.783449297770857811e-03 4.309254139661788940e-02 5.441636312752962112e-03 7.985776028363034129e-05 7.377942092716693878e-03 1.070551946759223938e-02 5.352976173162460327e-02 2.888499572873115540e-02 1.916722580790519714e-02 5.360146053135395050e-03 1.391684822738170624e-02 1.043578088283538818e-01 2.226583287119865417e-02 7.094893604516983032e-02 2.714520692825317383e-02 2.454229444265365601e-02 2.094621583819389343e-02 2.157201990485191345e-02 3.320931270718574524e-02 7.767560891807079315e-03 8.243981748819351196e-03 2.109434828162193298e-02 2.832167223095893860e-02 1.823344617150723934e-03 1.350422948598861694e-02 8.852222934365272522e-03 1.615796238183975220e-02 6.208532955497503281e-03 4.224548116326332092e-02 2.973766997456550598e-02 3.436853736639022827e-02 1.142110861837863922e-02 4.323766380548477173e-02 2.305528149008750916e-02 3.711367025971412659e-02 3.628958389163017273e-02 2.176020108163356781e-02 3.460352122783660889e-02 1.682588085532188416e-02 5.193752422928810120e-02 4.666143655776977539e-02 2.162659727036952972e-02 2.538530156016349792e-02 2.005786448717117310e-02 5.156867578625679016e-02 4.201037064194679260e-02 5.946575198322534561e-03 3.348243609070777893e-02 4.443857353180646896e-03 6.662931293249130249e-03 2.102941460907459259e-02 6.143769714981317520e-03 2.021804451942443848e-02 1.634669676423072815e-02 2.602665685117244720e-03
3.429237380623817444e-02 4.042386263608932495e-02 2.781000221148133278e-03 1.577517837285995483e-01 5.127991437911987305e-01 4.530937410891056061e-03 2.788065932691097260e-02 7.639981340616941452e-03 4.377150163054466248e-02 2.496863156557083130e-02 4.084335267543792725e-02 2.808688394725322723e-02 2.278276346623897552e-02 4.763386026024818420e-02 8.938664570450782776e-03 4.191079363226890564e-02 2.629720792174339294e-02 2.367271669209003448e-02 5.491963401436805725e-02 1.731878891587257385e-02 1.687046140432357788e-02 4.679089039564132690e-02 1.178731117397546768e-02 7.972807623445987701e-03 3.838246315717697144e-02 1.501167286187410355e-02 4.055694118142127991e-02 4.268150404095649719e-02 1.187334582209587097e-02 4.551054909825325012e-02 1.255255192518234253e-02 2.289495803415775299e-02 2.574606053531169891e-02 1.987279951572418213e-02 1.493732072412967682e-02 3.937516827136278152e-03 9.490915574133396149e-03 3.526362776756286621e-02 5.261760577559471130e-02 8.580394089221954346e-02 1.403697970090433955e-04 5.618401337414979935e-03 4.455723240971565247e-02 4.017976298928260803e-02 4.359507933259010315e-02 4.036331549286842346e-02 1.258762832731008530e-02 2.320021018385887146e-02 5.058874934911727905e-02 3.079268150031566620e-02 1.240499690175056458e-02 2.770685590803623199e-02 1.714782789349555969e-02 2.170044183731079102e-02 5.132045969367027283e-02 2.638447843492031097e-02 3.170181065797805786e-03 4.602398723363876343e-02 3.413135185837745667e-02 1.365514937788248062e-02 1.660688966512680054e-02 7.459880434907972813e-04 3.436809405684471130e-02 3.298389166593551636e-02 1.386203803122043610e-02 2.196480147540569305e-02 1.187277957797050476e-02 5.160176008939743042e-02 2.331896976102143526e-04 1.169612817466259003e-02 2.992612682282924652e-02 3.580184280872344971e-02 7.993137091398239136e-02 2.394424751400947571e-03 6.595759093761444092e-02 1.362410024739801884e-03 2.878326177597045898e-02 2.900235587731003761e-03 4.302224144339561462e-03 2.579903043806552887e-02 2.174410782754421234e-02 4.088846035301685333e-03 1.038542389869689941e-02 6.749314814805984497e-02 3.675263142213225365e-03 2.092104963958263397e-02 1.736614620313048363e-03 2.206661738455295563e-02 2.398184267804026604e-03 4.273056238889694214e-02 8.904924616217613220e-03 3.182840300723910332e-04 3.316498920321464539e-02 2.915199287235736847e-02 3.973686322569847107e-02 3.994253277778625488e-02 5.234346911311149597e-02 3.148873150348663330e-02 2.945139445364475250e-02 8.059750311076641083e-03 2.537258900701999664e-02 5.172914266586303711e-02 2.889893390238285065e-02 2.765691652894020081e-02 5.486529693007469177e-02 4.629665613174438477e-02 4.382329061627388000e-02 3.272647736594080925e-03 3.001264855265617371e-02 1.029920205473899841e-02 1.917073130607604980e-02 2.954205730929970741e-03 9.135695174336433411e-03 2.066656202077865601e-02 7.693779189139604568e-03 7.774889934808015823e-03
1.087047308683395386e-01 1.141704842448234558e-01 3.578598797321319580e-02 1.911663264036178589e-02 4.530937410891056061e-03 5.414052009582519531e-01 2.136468738317489624e-01 1.901149563491344452e-02 1.065562199801206589e-02 1.619373261928558350e-02 7.599017024040222168e-02 3.266606107354164124e-02 5.005928128957748413e-02 9.491813182830810547e-02 4.104660358279943466e-03 1.846314221620559692e-02 2.779813855886459351e-02 4.869803413748741150e-02 5.545099731534719467e-03 4.753639176487922668e-02 2.099411189556121826e-02 3.177152946591377258e-02 2.385654114186763763e-02 1.721077971160411835e-02 4.121677950024604797e-03 1.991202495992183685e-02 4.190560430288314819e-02 1.706714741885662079e-02 1.129851676523685455e-02 6.119562312960624695e-03 1.659028790891170502e-02 1.784311234951019287e-02 2.868302166461944580e-02 1.290817186236381531e-02 1.890553394332528114e-03 3.356507420539855957e-02 5.838710349053144455e-04 4.965759441256523132e-02 2.331862784922122955e-02 4.719890654087066650e-03 2.666522935032844543e-02 3.321254998445510864e-02 6.895546801388263702e-03 1.314835826633498073e-04 1.108651049435138702e-02 3.944629803299903870e-02 1.479990333318710327e-01 1.298010051250457764e-01 1.400693506002426147e-02 1.901581883430480957e-02 2.881665341556072235e-02 2.268535830080509186e-02 3.428735584020614624e-02 5.784687120467424393e-03 5.148712545633316040e-03 1.268050074577331543e-02 3.840014804154634476e-03 3.269587457180023193e-02 3.207915276288986206e-02 6.135974545031785965e-03 1.824988052248954773e-03 4.502440616488456726e-02 4.022663459181785583e-02 2.723651938140392303e-03 1.607200503349304199e-02 1.054503582417964935e-02 7.550795096904039383e-03 5.110285058617591858e-02 5.885143764317035675e-03 9.885613806545734406e-03 9.824399836361408234e-03 1.353661622852087021e-02 7.478694897145032883e-05 1.214347034692764282e-02 1.587772928178310394e-02 1.763137616217136383e-02 1.973805576562881470e-02 4.468774795532226562e-02 8.063183166086673737e-03 2.937821298837661743e-02 2.770094014704227448e-02 2.347542159259319305e-02 5.462255701422691345e-02 1.951201586052775383e-03 1.611437276005744934e-02 3.847394883632659912e-02 2.992089139297604561e-03 4.473616369068622589e-03 4.389610514044761658e-02 1.959321554750204086e-03 5.262555554509162903e-02 5.239204689860343933e-02 5.529563501477241516e-02 4.384179413318634033e-02 1.213052123785018921e-02 2.869881130754947662e-02 2.419505827128887177e-02 4.174135252833366394e-02 3.508690372109413147e-02 1.770636253058910370e-02 2.774461917579174042e-02 1.703249663114547729e-02 1.446505635976791382e-02 7.375018671154975891e-03 3.960010781884193420e-02 1.676346291787922382e-03 2.680647559463977814e-02 2.667997963726520538e-02 2.923989109694957733e-02 4.208584874868392944e-02 1.794284442439675331e-03 8.533994667232036591e-03 2.108366973698139191e-02 1.742794550955295563e-02 2.217442356050014496e-02 3.556573018431663513e-02
1.258816719055175781e-01 1.706617921590805054e-01 3.091015852987766266e-02 2.566435001790523529e-02 2.788065932691097260e-02 2.136468738317489624e-01 5.570539236068725586e-01 1.960269175469875336e-02 2.245526574552059174e-02 3.427452966570854187e-02 1.034578606486320496e-01 1.014613080769777298e-02 8.585165441036224365e-02 5.379636585712432861e-02 1.083796564489603043e-02 2.078653872013092041e-02 2.813797816634178162e-02 1.327809039503335953e-02 1.339514087885618210e-02 3.912974521517753601e-02 1.156705315224826336e-03 1.171570550650358200e-02 9.184384718537330627e-03 3.202974563464522362e-03 6.241105962544679642e-03 5.025399848818778992e-03 1.393885165452957153e-02 2.096091583371162415e-02 2.624683268368244171e-02 1.740366593003273010e-02 1.290428824722766876e-02 5.304050631821155548e-03 4.394033551216125488e-02 3.195620328187942505e-02 1.927286572754383087e-02 7.200452499091625214e-03 1.910697296261787415e-02 4.423340037465095520e-02 3.499724343419075012e-02 1.960646733641624451e-02 7.315818686038255692e-03 1.902626082301139832e-02 2.911652438342571259e-03 7.833536947146058083e-04 2.535789273679256439e-02 1.126260403543710709e-02 1.841482371091842651e-01 2.039735317230224609e-01 2.231142297387123108e-02 2.725149877369403839e-02 1.029239688068628311e-02 1.164515782147645950e-02 1.935915462672710419e-02 4.472634568810462952e-02 1.708773523569107056e-02 4.569408018141984940e-03 3.656119806692004204e-03 2.138249948620796204e-02 2.769106999039649963e-02 2.921838685870170593e-02 9.781152475625276566e-04 1.525358576327562332e-02 2.574497088789939880e-02 1.371664460748434067e-02 2.192782796919345856e-02 1.025004778057336807e-03 2.665064111351966858e-02 1.565896719694137573e-02 1.516270264983177185e-02 1.865206658840179443e-02 2.785091102123260498e-02 1.473073009401559830e-02 2.499728649854660034e-02 2.199727483093738556e-02 4.193228855729103088e-02 4.439372423803433776e-05 1.820610277354717255e-02 2.905528247356414795e-02 2.555496059358119965e-02 3.598904237151145935e-02 1.957666315138339996e-02 2.888810448348522186e-02 1.468151435256004333e-02 5.654175765812397003e-03 1.427708193659782410e-02 3.641304746270179749e-02 3.135443897917866707e-03 4.425992723554372787e-03 3.321202844381332397e-02 3.161191567778587341e-02 7.289348542690277100e-02 3.652625903487205505e-02 8.430610597133636475e-02 1.157750189304351807e-02 2.077643200755119324e-02 2.654491737484931946e-02 2.290861867368221283e-02 2.427074313163757324e-02 1.875087473308667541e-04 1.033348307828418911e-04 3.317836299538612366e-02 2.298669330775737762e-02 8.359295316040515900e-03 3.014992736279964447e-02 2.294595586135983467e-03 2.300548739731311798e-02 3.423765674233436584e-02 2.643606811761856079e-02 1.888141036033630371e-02 5.699215456843376160e-02 2.825522609055042267e-02 3.659540379885584116e-04 2.531576715409755707e-02 2.137218415737152100e-02 7.510500494390726089e-03 2.411439083516597748e-02
1.970702782273292542e-02 2.451120689511299133e-02 5.041460320353507996e-02 1.839756779372692108e-02 7.639981340616941452e-03 1.901149563491344452e-02 1.960269175469875336e-02 5.294888615608215332e-01 1.849270239472389221e-02 4.001456499099731445e-02 8.289455436170101166e-03 3.415311127901077271e-02 2.164692850783467293e-03 2.318525686860084534e-02 9.026513993740081787e-02 1.392080914229154587e-02 1.864567026495933533e-02 1.565266773104667664e-02 4.362113028764724731e-02 1.181330531835556030e-02 1.428482215851545334e-02 3.566899895668029785e-02 2.174361050128936768e-02 3.888566046953201294e-03 2.189376391470432281e-02 1.704634539783000946e-02 1.642151037231087685e-03 5.054156109690666199e-02 1.409563515335321426e-02 4.451414570212364197e-02 2.428795211017131805e-02 2.115533873438835144e-02 2.293020673096179962e-02 3.030481748282909393e-03 3.423370886594057083e-03 4.357331618666648865e-02 1.085804891772568226e-03 1.476807240396738052e-02 5.971910059452056885e-02 6.564646959304809570e-02 4.218494519591331482e-03 3.179894760251045227e-03 2.639765618368983269e-03 1.081443019211292267e-02 1.397873740643262863e-02 1.047143340110778809e-02 2.168514765799045563e-02 3.335824608802795410e-02 9.811538271605968475e-03 4.021479189395904541e-02 3.506824001669883728e-02 3.905739402398467064e-03 2.203339338302612305e-02 4.799359664320945740e-02 5.194059573113918304e-03 4.257239401340484619e-02 4.056236147880554199e-02 2.737797051668167114e-02 2.515922673046588898e-02 3.716301918029785156e-02 4.026615619659423828e-02 1.010943483561277390e-02 4.377587512135505676e-02 1.272221840918064117e-02 2.826478704810142517e-02 4.270729143172502518e-03 8.173319511115550995e-03 6.123187020421028137e-03 4.064207896590232849e-02 4.438802227377891541e-02 2.857070602476596832e-02 2.618123404681682587e-02 4.383110255002975464e-02 2.609463036060333252e-02 1.859989762306213379e-02 1.679562777280807495e-02 1.066668238490819931e-02 3.142302110791206360e-02 4.398658499121665955e-02 5.113117024302482605e-02 8.469761908054351807e-02 5.632172897458076477e-02 2.183869667351245880e-02 6.941941101104021072e-03 2.085822634398937225e-02 3.390439227223396301e-02 8.135223388671875000e-02 6.969036161899566650e-02 2.099024318158626556e-02 2.356325834989547729e-02 4.064133018255233765e-02 2.395638264715671539e-02 3.876738250255584717e-02 1.641511358320713043e-02 1.553536974824965000e-03 1.506930589675903320e-02 2.206696197390556335e-02 3.059410676360130310e-02 1.224354654550552368e-02 7.341532036662101746e-03 1.815490424633026123e-02 3.405383229255676270e-02 2.274325489997863770e-02 1.628511957824230194e-02 1.889818347990512848e-02 4.826032742857933044e-02 9.902192279696464539e-03 9.903640486299991608e-03 2.919600903987884521e-02 9.967523626983165741e-03 1.479987427592277527e-02 2.443576464429497719e-03 4.354846663773059845e-03 2.412035316228866577e-02 3.872124850749969482e-02 3.100395435467362404e-03
2.108912216499447823e-03 5.854330491274595261e-03 1.989948330447077751e-03 3.761297464370727539e-02 4.377150163054466248e-02 1.065562199801206589e-02 2.245526574552059174e-02 1.849270239472389221e-02 5.276756286621093750e-01 6.590852886438369751e-02 8.756725117564201355e-03 1.138639543205499649e-02 1.651093550026416779e-02 3.651613742113113403e-02 6.747703067958354950e-03 4.554655030369758606e-02 4.904394596815109253e-02 6.344480067491531372e-02 1.038610655814409256e-02 2.565453946590423584e-02 1.832994632422924042e-02 1.906388252973556519e-02 1.403347030282020569e-02 2.640732750296592712e-02 4.497941583395004272e-02 3.687965497374534607e-02 4.165131598711013794e-02 1.258924975991249084e-02 1.703786291182041168e-02 2.038585580885410309e-02 1.530456263571977615e-02 2.580859512090682983e-02 2.401094324886798859e-02 4.732074588537216187e-02 3.425674280151724815e-03 2.593092992901802063e-02 4.601207002997398376e-02 3.685645526275038719e-03 7.742006797343492508e-03 7.906759157776832581e-03 8.162988349795341492e-03 6.860337406396865845e-02 1.619189605116844177e-02 9.308098815381526947e-03 6.210267171263694763e-02 8.442342281341552734e-03 1.442351657897233963e-02 4.082997329533100128e-03 7.813499122858047485e-02 6.135416217148303986e-03 3.128515556454658508e-02 3.229162469506263733e-02 2.212190441787242889e-02 4.345774650573730469e-03 8.311977982521057129e-02 1.831694738939404488e-03 3.055930882692337036e-02 3.870812430977821350e-02 1.114844530820846558e-02 7.070157676935195923e-03 4.292034730315208435e-02 2.199203334748744965e-02 8.601463399827480316e-03 1.146599184721708298e-02 2.225870266556739807e-02 1.245686691254377365e-02 3.784513100981712341e-02 5.504056438803672791e-02 5.631864443421363831e-02 2.753772959113121033e-02 5.486108362674713135e-02 2.421017037704586983e-03 1.405994128435850143e-02 3.909734264016151428e-02 5.801587831228971481e-03 2.334500430151820183e-03 1.143087148666381836e-01 1.064751893281936646e-01 1.075796112418174744e-01 3.526064753532409668e-02 8.190126158297061920e-03 5.201794207096099854e-03 3.414069116115570068e-02 4.781431704759597778e-02 8.576758205890655518e-03 1.085705216974020004e-02 6.509314756840467453e-03 1.466490328311920166e-02 4.327928181737661362e-03 3.591068089008331299e-02 9.730303660035133362e-03 6.226225569844245911e-02 1.558504533022642136e-03 5.500739440321922302e-02 2.136675454676151276e-02 3.978151082992553711e-02 4.218656197190284729e-02 1.128991227596998215e-02 1.475394144654273987e-02 8.048932068049907684e-03 4.600423574447631836e-02 4.881076142191886902e-02 4.830104485154151917e-02 3.037031367421150208e-02 6.186535581946372986e-03 3.285674750804901123e-02 1.123896241188049316e-02 3.545462712645530701e-02 4.061578586697578430e-02 2.218104153871536255e-02 1.283825933933258057e-02 9.716075845062732697e-03 1.863853260874748230e-02 1.385281910188496113e-03 6.668364256620407104e-02 1.740973442792892456e-02
7.051955908536911011e-04 2.704415936022996902e-03 1.639672927558422089e-02 4.318854585289955139e-02 2.496863156557083130e-02 1.619373261928558350e-02 3.427452966570854187e-02 4.001456499099731445e-02 6.590852886438369751e-02 5.450273156166076660e-01 2.503487654030323029e-02 4.272031411528587341e-02 2.878616005182266235e-02 6.263567507266998291e-02 5.236000195145606995e-02 4.933407902717590332e-02 3.933735191822052002e-02 4.860676452517509460e-02 7.885501533746719360e-02 2.651885710656642914e-02 3.935404121875762939e-02 4.612450674176216125e-02 1.681196130812168121e-02 2.964233607053756714e-02 1.389241311699151993e-02 3.160066157579421997e-02 4.981708247214555740e-03 4.441194608807563782e-02 3.567088395357131958e-02 1.834602095186710358e-02 2.605804428458213806e-02 5.187456496059894562e-03 8.924113586544990540e-03 9.275202639400959015e-03 2.987818606197834015e-02 5.050243809819221497e-02 1.842161081731319427e-02 2.969766780734062195e-02 4.743774235248565674e-02 4.168610274791717529e-02 2.763113193213939667e-02 4.896608367562294006e-02 3.021311014890670776e-02 1.333509478718042374e-02 2.030409872531890869e-02 3.555766865611076355e-02 3.533973172307014465e-02 3.375890478491783142e-02 2.445507235825061798e-02 6.787398457527160645e-02 4.479198530316352844e-02 3.105964511632919312e-02 2.263066358864307404e-02 2.885286509990692139e-02 9.190622717142105103e-03 6.460447609424591064e-02 2.379755489528179169e-02 8.922627312131226063e-04 6.915581878274679184e-03 8.160789497196674347e-03 4.694696143269538879e-02 3.313857316970825195e-02 3.246109560132026672e-02 1.212375331670045853e-02 2.946031466126441956e-02 3.601675853133201599e-02 1.886863820254802704e-02 2.589805750176310539e-03 5.524093285202980042e-03 3.321950510144233704e-02 6.171720847487449646e-02 4.530895873904228210e-02 5.320364609360694885e-02 1.515407953411340714e-02 3.421428799629211426e-02 2.592392638325691223e-02 5.562497675418853760e-02 8.732913434505462646e-02 3.699624538421630859e-02 9.393738955259323120e-02 3.606645762920379639e-02 2.310178615152835846e-02 2.975038485601544380e-03 2.639384008944034576e-02 4.549602419137954712e-02 5.613485351204872131e-02 5.078366771340370178e-02 5.463879182934761047e-02 7.478153798729181290e-03 2.052439376711845398e-03 3.790532425045967102e-02 7.532650139182806015e-03 2.748136408627033234e-02 1.327516045421361923e-02 1.829463802278041840e-02 2.996115479618310928e-03 2.290376834571361542e-02 1.900502666831016541e-02 1.799221523106098175e-02 3.085994534194469452e-02 1.601308584213256836e-02 7.943783886730670929e-03 5.082887131720781326e-03 1.540584955364465714e-02 5.523251742124557495e-02 3.964582830667495728e-02 1.030534971505403519e-02 3.125997632741928101e-02 1.573026529513299465e-03 1.413495745509862900e-02 3.772589191794395447e-02 1.198634039610624313e-02 2.968500927090644836e-02 3.054366819560527802e-02 3.464737907052040100e-02 3.906235843896865845e-02
1.174857392907142639e-01 1.214659735560417175e-01 2.941382490098476410e-02 3.336879238486289978e-02 4.084335267543792725e-02 7.599017024040222168e-02 1.034578606486320496e-01 8.289455436170101166e-03 8.756725117564201355e-03 2.503487654030323029e-02 5.574271082878112793e-01 7.449595257639884949e-03 1.103197261691093445e-01 3.570973500609397888e-02 4.202323779463768005e-02 2.019644901156425476e-02 2.512052655220031738e-02 1.930703059770166874e-03 3.330505639314651489e-02 2.120158169418573380e-03 6.553144194185733795e-03 1.401935052126646042e-02 1.549044065177440643e-02 1.929342187941074371e-02 3.701627487316727638e-03 7.050543208606541157e-04 6.959770806133747101e-03 4.731101915240287781e-02 6.406901031732559204e-02 4.099623858928680420e-02 6.870741397142410278e-02 3.060602024197578430e-02 1.574309915304183960e-02 2.592900954186916351e-02 5.065651144832372665e-03 2.050407044589519501e-02 3.788573900237679482e-03 3.099876455962657928e-02 1.964567974209785461e-02 3.746611764654517174e-03 2.019923180341720581e-02 3.024202771484851837e-02 9.076046757400035858e-03 1.320368889719247818e-02 3.521179035305976868e-02 5.063811317086219788e-02 1.048559471964836121e-01 9.525211155414581299e-02 3.488012030720710754e-02 3.306328877806663513e-02 1.933048665523529053e-02 7.128504570573568344e-03 6.468244828283786774e-03 7.093341555446386337e-03 2.662294358015060425e-02 2.855192124843597412e-02 3.223391622304916382e-02 1.868495158851146698e-02 8.444619365036487579e-03 5.405122879892587662e-03 3.330388292670249939e-02 1.506409794092178345e-02 3.755538910627365112e-02 7.454392034560441971e-03 7.226873189210891724e-02 5.452844128012657166e-02 1.453614421188831329e-02 1.084820181131362915e-02 2.614077879115939140e-03 2.701137214899063110e-02 7.944324985146522522e-03 4.429285228252410889e-02 2.924610301852226257e-02 3.053588606417179108e-02 3.598797321319580078e-02 2.627913653850555420e-02 6.932772696018218994e-03 5.640279036015272141e-03 1.773567986674606800e-03 1.460948958992958069e-02 4.268071055412292480e-02 8.551073260605335236e-03 1.521264482289552689e-02 9.456064552068710327e-03 1.869348250329494476e-02 3.318538516759872437e-02 1.740173995494842529e-02 1.552212983369827271e-02 7.414270658046007156e-03 8.860821835696697235e-03 8.357398957014083862e-02 1.165463868528604507e-02 7.595344632863998413e-02 3.607926890254020691e-03 1.167741022072732449e-03 3.203281015157699585e-02 3.310267254710197449e-02 1.574060320854187012e-02 1.722209714353084564e-02 1.812278293073177338e-02 1.185275241732597351e-02 1.783676259219646454e-02 4.709137976169586182e-02 4.460844770073890686e-02 2.705776691436767578e-02 5.342917051166296005e-03 9.229037677869200706e-04 3.400982916355133057e-02 1.335163787007331848e-02 1.013150159269571304e-02 4.822797141969203949e-03 1.187312230467796326e-02 3.635746240615844727e-02 2.720566838979721069e-02 3.289450192824006081e-03 1.330540835624560714e-04
3.267466649413108826e-02 4.320284724235534668e-02 3.488070890307426453e-02 3.223801404237747192e-02 2.808688394725322723e-02 3.266606107354164124e-02 1.014613080769777298e-02 3.415311127901077271e-02 1.138639543205499649e-02 4.272031411528587341e-02 7.449595257639884949e-03 5.243075489997863770e-01 2.741430420428514481e-03 2.168125957250595093e-01 2.649172581732273102e-02 1.241984125226736069e-02 1.616183668375015259e-02 4.425027221441268921e-02 6.529256701469421387e-02 2.797133289277553558e-03 3.520856052637100220e-02 9.564459323883056641e-03 3.724003210663795471e-02 1.392213907092809677e-02 2.232643961906433105e-02 7.942054420709609985e-03 2.776551619172096252e-02 7.518162578344345093e-02 9.770454838871955872e-03 9.410797804594039917e-02 2.415585564449429512e-03 4.135283827781677246e-02 4.740970954298973083e-02 2.567616663873195648e-02 3.516742587089538574e-02 5.449327174574136734e-03 9.026005864143371582e-03 1.247546751983463764e-03 4.157418012619018555e-02 1.140087470412254333e-02 3.297999128699302673e-02 4.040199890732765198e-02 3.504949063062667847e-02 3.853160887956619263e-02 1.639627479016780853e-02 8.055350743234157562e-03 2.443964220583438873e-02 3.266587853431701660e-02 1.648151502013206482e-02 1.793520152568817139e-02 2.228319458663463593e-02 3.071163222193717957e-02 2.086510416120290756e-03 2.639815025031566620e-02 1.083619613200426102e-02 2.463234402239322662e-02 5.246769636869430542e-02 9.472145698964595795e-03 1.895907148718833923e-02 3.426977666094899178e-03 4.644831269979476929e-02 9.079036302864551544e-03 1.323018874973058701e-02 9.487872943282127380e-03 4.036886990070343018e-02 1.581295393407344818e-02 1.387036498636007309e-02 4.234786145389080048e-03 2.744459547102451324e-02 9.980148635804653168e-03 1.700056716799736023e-02 7.811047602444887161e-03 6.798406597226858139e-03 2.514932863414287567e-02 2.676441147923469543e-02 2.048920094966888428e-02 6.648538261651992798e-02 3.201682493090629578e-02 2.088519930839538574e-02 5.649722367525100708e-02 4.312955960631370544e-02 3.910041600465774536e-02 9.100408293306827545e-03 5.218719132244586945e-03 4.074954986572265625e-02 3.814889490604400635e-02 4.135710746049880981e-02 4.231046885251998901e-02 1.012174338102340698e-01 1.039531379938125610e-01 3.461691737174987793e-02 2.787412144243717194e-02 4.122785106301307678e-02 3.967204596847295761e-03 2.057685051113367081e-03 1.162928715348243713e-02 5.906005389988422394e-03 2.907345257699489594e-02 1.598962955176830292e-02 3.838570043444633484e-02 1.223613973706960678e-02 6.324870511889457703e-03 9.440534631721675396e-04 5.823453888297080994e-03 4.182716831564903259e-02 3.554914146661758423e-02 2.697400562465190887e-02 3.658292442560195923e-02 3.621335327625274658e-02 3.580357506871223450e-02 3.418656066060066223e-03 1.613015308976173401e-02 4.192325845360755920e-02 7.314919494092464447e-03 1.040199492126703262e-02 2.230827137827873230e-02
9.530714154243469238e-02 1.147642359137535095e-01 1.649265550076961517e-02 2.102311700582504272e-02 2.278276346623897552e-02 5.005928128957748413e-02 8.585165441036224365e-02 2.164692850783467293e-03 1.651093550026416779e-02 2.878616005182266235e-02 1.103197261691093445e-01 2.741430420428514481e-03 5.571665167808532715e-01 5.141280964016914368e-02 3.758788481354713440e-02 1.394330617040395737e-02 1.905706152319908142e-02 1.535078976303339005e-02 3.809881955385208130e-02 1.150732859969139099e-03 1.822779187932610512e-03 2.311054989695549011e-02 1.506838481873273849e-02 2.803021110594272614e-02 4.388710018247365952e-03 8.411089889705181122e-03 1.824717153795063496e-03 4.409303143620491028e-02 5.787501484155654907e-02 4.702029004693031311e-02 8.544863760471343994e-02 2.534443140029907227e-02 4.746333230286836624e-03 1.920631341636180878e-02 7.729623932391405106e-03 2.587923407554626465e-02 1.248243171721696854e-02 1.477191783487796783e-02 1.303855888545513153e-02 4.479963798075914383e-03 3.186717629432678223e-03 3.994693607091903687e-02 1.673666574060916901e-02 9.788943454623222351e-03 2.030130662024021149e-02 3.191216289997100830e-02 8.192837238311767578e-02 9.682860970497131348e-02 2.492302842438220978e-02 4.062055051326751709e-02 2.052340423688292503e-03 1.170413102954626083e-02 1.782425306737422943e-02 4.063613712787628174e-03 2.820746228098869324e-02 4.106342419981956482e-02 4.924743995070457458e-02 4.594689235091209412e-02 1.728436537086963654e-02 1.013033324852585793e-03 2.465697750449180603e-02 1.817250065505504608e-02 2.582891285419464111e-02 1.175276190042495728e-02 5.552909150719642639e-02 5.695587396621704102e-02 1.018704939633607864e-02 1.859847223386168480e-03 6.318169762380421162e-04 3.568480908870697021e-02 1.013336982578039169e-02 5.214000865817070007e-02 1.951187290251255035e-02 2.500331588089466095e-02 2.253119088709354401e-02 2.154147624969482422e-02 3.207172267138957977e-03 1.876166090369224548e-02 4.358023215900175273e-05 1.706995069980621338e-02 2.388097345829010010e-02 2.949007553979754448e-03 2.351704612374305725e-02 4.144394025206565857e-02 4.313930496573448181e-02 4.616478458046913147e-02 7.236986886709928513e-03 2.058188244700431824e-02 5.784587934613227844e-03 1.015800237655639648e-02 7.540650665760040283e-02 4.178427159786224365e-03 7.851766794919967651e-02 3.956688102334737778e-03 7.455603219568729401e-03 3.221815451979637146e-02 2.930868230760097504e-02 6.439686287194490433e-03 1.059628208167850971e-03 1.474815979599952698e-02 3.258205717429518700e-03 1.724318973720073700e-02 4.230643436312675476e-02 3.877658396959304810e-02 2.625516243278980255e-02 1.970875635743141174e-02 4.532031714916229248e-03 4.186383262276649475e-02 1.887670531868934631e-02 1.033229008316993713e-02 2.163021359592676163e-03 9.633977897465229034e-03 3.419996425509452820e-02 2.581112459301948547e-02 7.375501445494592190e-04 1.390233263373374939e-02
