5.091424584388732910e-01 9.289190918207168579e-02 8.525650948286056519e-03 8.609141223132610321e-03 2.465958893299102783e-02 7.831176370382308960e-02 9.857076220214366913e-03 2.135282196104526520e-02 5.000694468617439270e-02 3.725431486964225769e-02 8.703834563493728638e-02 2.324995398521423340e-02 1.078278571367263794e-01 1.904260739684104919e-02 3.150226175785064697e-02 3.368509933352470398e-03 6.368068512529134750e-03 2.809504512697458267e-03 5.169021431356668472e-03 1.346953678876161575e-03 4.700476676225662231e-02 1.896743476390838623e-02 1.446530967950820923e-02 3.950979560613632202e-02 6.766747683286666870e-03 2.146347658708691597e-03 1.248099282383918762e-02 7.708827964961528778e-03 4.164285957813262939e-02 2.653274685144424438e-02 1.214213483035564423e-02 1.114735659211874008e-02 1.871968060731887817e-02 3.715931670740246773e-03 3.180623427033424377e-02 1.497868727892637253e-02 2.003690600395202637e-02 1.007657777518033981e-02 3.503355011343955994e-02 6.454817019402980804e-03 2.150944992899894714e-02 4.012527409940958023e-03 4.515276290476322174e-03 1.143683493137359619e-02 6.898950319737195969e-03 1.139086671173572540e-02 2.385980263352394104e-02 5.435065552592277527e-02 4.990808200091123581e-03 5.136298015713691711e-02 6.084401626139879227e-03 1.728329807519912720e-02 3.489218652248382568e-02 1.218666602653684095e-05 2.490254491567611694e-02 6.867817137390375137e-03 3.832056000828742981e-02 1.660572178661823273e-02 8.273788727819919586e-03 5.312344059348106384e-03 5.108782555907964706e-03 2.484075725078582764e-02 2.115223184227943420e-02 9.150033001787960529e-04 3.429067879915237427e-02 1.987318322062492371e-02 2.329779788851737976e-03 4.567334894090890884e-03 6.252937763929367065e-02 1.192678697407245636e-03 5.717018246650695801e-02 4.794022534042596817e-03 4.184702411293983459e-02 4.159575328230857849e-02 3.839894011616706848e-02 1.899008452892303467e-02 5.698526650667190552e-02 5.027810111641883850e-02 7.456964347511529922e-03 1.605412550270557404e-02 3.981507197022438049e-02 3.258407581597566605e-03 1.890927366912364960e-02 1.353754941374063492e-02 5.845484789460897446e-03 4.142689704895019531e-02 3.307215869426727295e-02 2.833889983594417572e-02 4.428739193826913834e-03 1.387348119169473648e-02 1.676977612078189850e-02 2.303961664438247681e-02 5.449858307838439941e-02 5.600725114345550537e-02 9.728837758302688599e-03 1.501236949115991592e-02 4.155973345041275024e-02 3.273766487836837769e-02 3.542163223028182983e-02 2.609313651919364929e-02 1.005091518163681030e-02 1.111281942576169968e-02 5.407373886555433273e-03 2.586560882627964020e-02 4.185378178954124451e-02 5.035176500678062439e-02 2.415010239928960800e-03 3.475538641214370728e-02 2.618122473359107971e-02 5.151727423071861267e-02 3.079883940517902374e-02 3.040430834516882896e-03 1.076511014252901077e-02 1.242069713771343231e-02 3.933388367295265198e-02 4.424431547522544861e-02
9.289190918207168579e-02 5.106057524681091309e-01 1.847619749605655670e-02 3.913744818419218063e-03 8.644426241517066956e-03 4.501488059759140015e-02 8.090651035308837891e-02 4.087308049201965332e-02 1.754433289170265198e-02 1.540773827582597733e-02 3.963476046919822693e-02 6.559766363352537155e-03 9.089568257331848145e-02 1.825083047151565552e-02 2.060494385659694672e-02 6.252329330891370773e-03 1.823146943934261799e-03 8.283769711852073669e-03 3.518258780241012573e-02 6.854440551251173019e-03 2.918085828423500061e-02 5.341192334890365601e-02 3.685388341546058655e-02 5.032008141279220581e-02 6.191859953105449677e-03 9.605703875422477722e-03 5.457420274615287781e-02 2.018847502768039703e-02 2.044295519590377808e-02 5.941950716078281403e-03 4.791333898901939392e-02 1.742583699524402618e-03 5.857803300023078918e-02 8.899118751287460327e-03 4.024124145507812500e-02 3.172123432159423828e-02 1.385584706440567970e-03 4.438738152384757996e-02 2.531736716628074646e-02 1.964565739035606384e-02 2.157603763043880463e-02 4.014044255018234253e-02 1.990478951483964920e-03 1.337931491434574127e-03 3.395615890622138977e-02 7.973406463861465454e-03 5.831965431571006775e-02 4.222450405359268188e-02 2.679436095058917999e-02 4.784118011593818665e-02 8.893316611647605896e-03 2.171305567026138306e-02 2.116370014846324921e-03 1.367389457300305367e-03 4.330602660775184631e-02 5.301326047629117966e-03 2.640135958790779114e-02 4.922568053007125854e-02 5.387708917260169983e-02 6.526830838993191719e-04 2.653386630117893219e-02 1.755822077393531799e-02 1.864834502339363098e-02 1.986552774906158447e-02 3.451160714030265808e-02 2.814122848212718964e-02 5.291829351335763931e-03 8.402914740145206451e-03 5.062530189752578735e-02 5.240537226200103760e-03 4.134752601385116577e-02 2.571776881814002991e-02 3.682748600840568542e-02 5.194153636693954468e-02 4.704617708921432495e-02 2.885389700531959534e-02 3.247831016778945923e-02 3.433927521109580994e-02 3.786341845989227295e-02 2.218845300376415253e-02 1.826768158935010433e-03 2.472718060016632080e-02 1.223253458738327026e-02 4.284502193331718445e-02 8.374494500458240509e-04 2.057045139372348785e-02 4.042258113622665405e-02 1.846049912273883820e-02 1.483361469581723213e-03 4.329968243837356567e-02 4.532495886087417603e-02 2.754667960107326508e-02 3.716923296451568604e-02 3.137885034084320068e-02 1.117107085883617401e-02 9.110765531659126282e-03 3.338161855936050415e-02 3.061578050255775452e-02 1.054346282035112381e-02 1.389586739242076874e-02 2.562548406422138214e-02 1.794330589473247528e-02 1.275228057056665421e-02 4.304042086005210876e-02 4.613012075424194336e-02 3.438726067543029785e-02 3.357115760445594788e-02 3.752646222710609436e-02 2.806957997381687164e-02 3.106760606169700623e-02 1.148273330181837082e-02 3.258472681045532227e-02 1.945644989609718323e-02 4.122792277485132217e-03 4.286786168813705444e-02 1.388955581933259964e-02
8.525650948286056519e-03 1.847619749605655670e-02 4.809296727180480957e-01 1.453392952680587769e-02 3.380263224244117737e-02 2.408949099481105804e-02 9.833076968789100647e-03 1.021407172083854675e-01 6.738837808370590210e-03 4.284162446856498718e-02 2.356499247252941132e-02 3.423495218157768250e-02 3.909565135836601257e-02 3.045736812055110931e-02 6.700020283460617065e-02 1.282469928264617920e-02 2.106864377856254578e-02 1.135852467268705368e-02 3.056277520954608917e-02 4.160147532820701599e-02 3.226684778928756714e-02 2.799438685178756714e-02 1.964682945981621742e-03 1.814495213329792023e-02 2.800074778497219086e-02 8.169401437044143677e-03 2.466060966253280640e-02 3.293022885918617249e-02 1.309723500162363052e-02 1.750428113155066967e-03 1.437909901142120361e-03 2.397198230028152466e-02 4.196292534470558167e-02 3.381675109267234802e-02 1.263001281768083572e-02 5.704990588128566742e-03 6.161249708384275436e-03 8.817494846880435944e-03 2.024106867611408234e-02 3.283352777361869812e-02 1.813143491744995117e-02 3.513653576374053955e-02 4.442632198333740234e-02 1.724179647862911224e-02 1.019656565040349960e-02 8.429896086454391479e-03 3.353608027100563049e-02 2.692164853215217590e-02 7.053890079259872437e-02 1.941770501434803009e-02 1.601192168891429901e-02 6.270429585129022598e-03 6.511130183935165405e-02 2.012155950069427490e-02 5.097893998026847839e-02 4.091665893793106079e-02 3.578381845727562904e-03 3.517715493217110634e-03 6.895135343074798584e-02 3.142241016030311584e-02 7.033324241638183594e-02 3.261205554008483887e-02 5.581518635153770447e-03 2.904514083638787270e-03 2.117881365120410919e-02 4.650728031992912292e-02 3.043006546795368195e-02 2.838090062141418457e-02 3.023985214531421661e-02 1.316128484904766083e-02 3.854371607303619385e-02 2.876557782292366028e-02 4.459268227219581604e-02 4.002454131841659546e-02 1.713054371066391468e-03 3.109102323651313782e-02 3.481113538146018982e-02 3.599164634943008423e-02 1.378836389631032944e-02 3.120228834450244904e-02 3.508907556533813477e-02 5.698809400200843811e-02 1.801300048828125000e-02 4.544733557850122452e-03 3.266828134655952454e-02 2.899393625557422638e-02 8.418149314820766449e-03 6.152546405792236328e-02 1.015332527458667755e-02 5.645333789288997650e-03 2.874672412872314453e-02 6.869425065815448761e-03 3.719938173890113831e-02 4.625121597200632095e-03 2.014158666133880615e-02 2.539812959730625153e-02 6.466911640018224716e-03 1.990655437111854553e-02 5.228029564023017883e-02 4.040622711181640625e-02 1.333714462816715240e-02 2.340829465538263321e-03 7.470573764294385910e-03 1.910873688757419586e-02 1.022339425981044769e-02 3.540397435426712036e-02 7.858277298510074615e-03 4.562683030962944031e-02 3.247605264186859131e-02 1.140081044286489487e-02 1.347593218088150024e-02 2.589574828743934631e-02 2.817886881530284882e-02 3.269402682781219482e-02 6.534690409898757935e-02 3.469604067504405975e-03
8.609141223132610321e-03 3.913744818419218063e-03 1.453392952680587769e-02 5.070983767509460449e-01 4.132590815424919128e-02 2.273104898631572723e-02 5.229387897998094559e-03 4.426933452486991882e-02 8.774606510996818542e-03 3.582907840609550476e-02 9.378662332892417908e-03 4.052877891808748245e-03 3.206980973482131958e-02 1.236933190375566483e-02 1.918142894282937050e-03 1.724020764231681824e-02 1.826491206884384155e-02 6.731760222464799881e-03 4.692232236266136169e-02 3.642464987933635712e-03 1.168300397694110870e-02 2.119567431509494781e-02 5.368226207792758942e-03 1.478096377104520798e-02 9.023193269968032837e-03 8.378502912819385529e-03 1.194242038764059544e-03 4.573380947113037109e-02 2.025732025504112244e-02 2.933335676789283752e-02 7.000422105193138123e-03 5.220417678356170654e-02 3.741220757365226746e-02 4.780312627553939819e-02 1.573091186583042145e-02 2.764020115137100220e-02 4.974319413304328918e-02 2.476308122277259827e-02 4.443062096834182739e-02 2.222370356321334839e-02 1.679382473230361938e-02 2.096140384674072266e-02 3.175913542509078979e-02 2.700893953442573547e-02 4.080359637737274170e-02 2.986076055094599724e-03 2.121789939701557159e-02 3.579406440258026123e-02 3.537115454673767090e-02 3.895528241991996765e-02 2.425208687782287598e-02 2.037288248538970947e-02 3.718188405036926270e-02 9.268812835216522217e-03 3.610875084996223450e-02 3.986162319779396057e-02 5.673378240317106247e-03 1.385468151420354843e-02 9.195961989462375641e-03 1.892131008207798004e-02 7.724533323198556900e-03 1.200769655406475067e-02 8.690907806158065796e-02 5.147867277264595032e-02 3.729578480124473572e-02 4.514972120523452759e-02 2.324943430721759796e-02 2.763145836070179939e-03 3.425266966223716736e-02 2.996305376291275024e-02 5.691376700997352600e-02 2.217833325266838074e-02 1.806507855653762817e-01 5.303491652011871338e-02 1.613345742225646973e-01 5.218330025672912598e-02 3.387866914272308350e-02 4.571719560772180557e-03 4.724716022610664368e-02 7.317563518881797791e-03 3.227147459983825684e-02 1.875326037406921387e-02 1.454910188913345337e-01 1.988280564546585083e-02 3.470157831907272339e-02 4.036099091172218323e-02 2.040051482617855072e-02 3.975693508982658386e-02 3.790725767612457275e-02 3.173793107271194458e-02 3.515162318944931030e-02 1.481997128576040268e-02 5.866812076419591904e-03 1.967107132077217102e-02 1.169143151491880417e-02 2.616122178733348846e-02 4.502265155315399170e-02 3.182614222168922424e-02 1.730203442275524139e-02 3.995508700609207153e-02 4.783681780099868774e-02 4.514566063880920410e-02 1.667559146881103516e-02 1.199488807469606400e-02 3.982221707701683044e-02 6.014768034219741821e-02 3.111628443002700806e-02 1.877418905496597290e-02 1.164234615862369537e-02 3.355854004621505737e-02 6.121205165982246399e-02 2.447976917028427124e-02 3.762816265225410461e-02 3.324353322386741638e-02 2.475356869399547577e-02 2.526762709021568298e-02
2.465958893299102783e-02 8.644426241517066956e-03 3.380263224244117737e-02 4.132590815424919128e-02 4.849932789802551270e-01 4.885708540678024292e-02 3.004408255219459534e-02 3.906389698386192322e-02 5.111838877201080322e-02 9.822440333664417267e-03 5.794361350126564503e-04 2.743824152275919914e-03 4.775477200746536255e-02 1.954440027475357056e-02 3.583973646163940430e-02 3.982767090201377869e-02 2.730099856853485107e-02 4.028285667300224304e-02 1.020438149571418762e-01 4.698761738836765289e-03 2.840299159288406372e-02 1.053981855511665344e-02 2.428676001727581024e-02 5.966526456177234650e-03 1.665813662111759186e-02 2.827426977455615997e-02 2.595499902963638306e-02 9.675554931163787842e-03 7.813895121216773987e-03 1.659925095736980438e-02 1.483328640460968018e-02 2.132878266274929047e-02 2.961473073810338974e-03 5.261412635445594788e-02 2.325708977878093719e-02 4.934944212436676025e-02 1.684249565005302429e-02 1.097537390887737274e-02 5.627236794680356979e-03 5.830662325024604797e-02 2.064101770520210266e-02 1.374193932861089706e-03 2.972124703228473663e-02 1.075349468737840652e-02 9.629748528823256493e-04 4.617067985236644745e-03 9.598967619240283966e-03 4.972967132925987244e-02 3.958575055003166199e-02 2.918780595064163208e-02 2.902456559240818024e-02 2.719227783381938934e-02 9.843233041465282440e-03 9.575582109391689301e-03 3.870562091469764709e-02 4.830390959978103638e-02 1.291268970817327499e-02 4.990989342331886292e-02 6.865774840116500854e-02 3.038794919848442078e-02 2.097391057759523392e-03 2.095864526927471161e-02 4.973741620779037476e-02 3.287704288959503174e-02 1.660176552832126617e-02 1.925365254282951355e-02 1.547883450984954834e-02 1.644077897071838379e-02 1.319386297836899757e-03 4.451151937246322632e-02 1.726905256509780884e-02 3.630498796701431274e-02 4.477424547076225281e-02 1.365128811448812485e-02 1.214658692479133606e-01 3.815486654639244080e-02 4.164693504571914673e-02 2.973117865622043610e-02 3.260133042931556702e-02 1.131131034344434738e-02 6.411124765872955322e-02 1.796333119273185730e-02 9.133990854024887085e-03 1.082142964005470276e-01 3.126523271203041077e-02 6.670433562248945236e-03 1.943502947688102722e-02 3.410726040601730347e-02 1.341749541461467743e-02 1.389959361404180527e-02 3.801733627915382385e-02 3.778140246868133545e-02 1.451030373573303223e-02 1.882133632898330688e-02 4.253000020980834961e-02 3.284926712512969971e-02 9.752730838954448700e-03 2.013808675110340118e-02 3.241813043132424355e-03 1.353462971746921539e-02 3.036492876708507538e-02 2.881772257387638092e-02 2.187095815315842628e-03 2.927238121628761292e-02 2.384662814438343048e-02 1.809019409120082855e-02 1.449276506900787354e-02 8.752129971981048584e-03 8.903660811483860016e-03 1.075211679562926292e-03 4.414470866322517395e-03 1.359817199409008026e-02 3.806430101394653320e-02 5.206420272588729858e-02 4.977335408329963684e-02 8.513016626238822937e-03
7.831176370382308960e-02 4.501488059759140015e-02 2.408949099481105804e-02 2.273104898631572723e-02 4.885708540678024292e-02 5.049330592155456543e-01 1.253087520599365234e-01 4.401641711592674255e-02 8.322853595018386841e-03 3.837617114186286926e-02 7.035027444362640381e-02 8.585400879383087158e-02 4.852921143174171448e-02 1.167213097214698792e-01 4.728161264210939407e-03 4.747095331549644470e-02 2.630601450800895691e-02 1.787968352437019348e-02 3.410527855157852173e-02 4.046626016497612000e-02 1.411143876612186432e-02 1.392139587551355362e-02 6.604894064366817474e-03 1.966289430856704712e-02 2.046067640185356140e-02 3.064530715346336365e-02 3.233014792203903198e-02 4.138364642858505249e-02 1.216571964323520660e-02 1.621771790087223053e-02 3.819469362497329712e-02 4.857533425092697144e-02 1.395065896213054657e-02 3.767460584640502930e-02 1.151581574231386185e-02 3.068373166024684906e-02 7.644367404282093048e-03 3.856015577912330627e-02 2.848174795508384705e-02 2.969415485858917236e-02 1.357003208249807358e-02 1.961791515350341797e-02 3.857841016724705696e-03 2.004574984312057495e-02 2.637289650738239288e-02 8.167687058448791504e-02 1.509215235710144043e-01 5.797841027379035950e-02 1.962513849139213562e-02 4.391995817422866821e-02 1.576882973313331604e-02 3.000391833484172821e-02 4.978518933057785034e-02 2.963919751346111298e-02 3.758810088038444519e-02 1.992087438702583313e-02 3.743764385581016541e-02 1.069953106343746185e-02 4.732855036854743958e-02 2.660802938044071198e-02 8.615760132670402527e-03 9.564641863107681274e-03 4.639061540365219116e-02 9.412671439349651337e-03 2.776213455945253372e-03 9.629972279071807861e-03 1.331057772040367126e-02 1.617328636348247528e-02 5.744159221649169922e-03 3.383756428956985474e-02 6.366623099893331528e-03 4.669333994388580322e-02 1.306139118969440460e-02 4.962432757019996643e-02 1.250854507088661194e-02 1.130844932049512863e-02 1.272983662784099579e-02 4.003007337450981140e-02 4.595479369163513184e-02 1.143234968185424805e-02 3.510347753763198853e-02 3.947257623076438904e-02 4.571345075964927673e-02 3.681166842579841614e-02 2.909164642915129662e-03 3.104899637401103973e-02 9.055509231984615326e-03 3.089758194983005524e-02 3.737715631723403931e-02 1.969465427100658417e-02 1.293348968029022217e-01 1.143772155046463013e-02 7.511253003031015396e-03 4.321776330471038818e-03 2.859902195632457733e-02 2.188370563089847565e-02 3.351567545905709267e-03 3.046668507158756256e-02 3.608909994363784790e-02 4.575270786881446838e-02 4.734110459685325623e-02 2.917652390897274017e-02 3.649782156571745872e-03 3.795747086405754089e-02 3.483484685420989990e-02 4.217606782913208008e-02 2.968220785260200500e-02 1.687803678214550018e-02 5.993467289954423904e-03 4.759206995368003845e-02 2.512527629733085632e-02 5.390160530805587769e-02 4.244477022439241409e-03 3.431617515161633492e-03 8.824703283607959747e-03 3.086793422698974609e-02
9.857076220214366913e-03 8.090651035308837891e-02 9.833076968789100647e-03 5.229387897998094559e-03 3.004408255219459534e-02 1.253087520599365234e-01 5.129447579383850098e-01 2.534972131252288818e-02 6.296233274042606354e-03 8.049710653722286224e-03 2.879553474485874176e-02 1.175080519169569016e-02 7.178358267992734909e-03 1.420335285365581512e-02 5.449921637773513794e-02 1.234990311786532402e-03 7.641244679689407349e-03 4.332967847585678101e-02 5.260006058961153030e-03 3.350490704178810120e-02 3.774773702025413513e-02 3.219134360551834106e-02 4.059534892439842224e-02 2.973813563585281372e-02 8.023581467568874359e-03 3.782447054982185364e-02 6.924517452716827393e-03 4.558248445391654968e-02 6.252869963645935059e-02 4.148216918110847473e-02 7.322112470865249634e-02 1.429260149598121643e-02 2.008679136633872986e-02 4.039714485406875610e-02 4.820601642131805420e-02 7.668971084058284760e-03 3.403307870030403137e-02 9.074400179088115692e-03 4.119578748941421509e-03 1.639407500624656677e-02 2.387093752622604370e-02 2.537972480058670044e-02 1.093554589897394180e-02 4.261713102459907532e-02 5.213067680597305298e-02 3.514333814382553101e-02 2.684612385928630829e-02 1.858357787132263184e-01 2.356507116928696632e-03 3.231250122189521790e-02 2.048415690660476685e-02 2.018070407211780548e-02 1.615387015044689178e-02 2.468102425336837769e-02 5.946534201939357445e-06 5.035595037043094635e-03 3.921986091881990433e-03 4.023265093564987183e-02 2.936373837292194366e-02 9.428641758859157562e-03 3.253476694226264954e-02 4.100713506340980530e-02 3.386280685663223267e-02 2.399436756968498230e-02 7.453006505966186523e-02 4.910163953900337219e-02 3.794727846980094910e-02 3.301848098635673523e-02 3.223225101828575134e-02 1.657300069928169250e-02 5.314538627862930298e-02 2.857241546735167503e-03 1.199570763856172562e-02 9.470520541071891785e-03 2.088824659585952759e-02 5.387665331363677979e-02 8.767005056142807007e-03 4.157276824116706848e-02 5.797431804239749908e-04 1.443056017160415649e-02 3.384229913353919983e-02 1.479135174304246902e-02 1.587145030498504639e-02 1.518250908702611923e-02 2.891038917005062103e-02 2.720578014850616455e-02 6.892159581184387207e-03 8.612175472080707550e-03 2.097508870065212250e-02 3.821361577138304710e-03 6.842945516109466553e-02 2.741373516619205475e-02 1.337895989418029785e-01 1.583724282681941986e-02 3.496257122606039047e-03 3.866786509752273560e-02 2.808685787022113800e-02 3.132179006934165955e-02 3.331846557557582855e-03 9.378797374665737152e-03 4.926228150725364685e-02 5.006283894181251526e-02 2.531418949365615845e-02 4.724032804369926453e-02 1.489241700619459152e-02 3.351664543151855469e-02 2.686890773475170135e-02 3.954705595970153809e-02 4.235820844769477844e-03 3.672931715846061707e-02 3.533012419939041138e-02 4.612398147583007812e-02 2.376576885581016541e-03 5.502398591488599777e-03 1.961399428546428680e-02 2.658975683152675629e-02
2.135282196104526520e-02 4.087308049201965332e-02 1.021407172083854675e-01 4.426933452486991882e-02 3.906389698386192322e-02 4.401641711592674255e-02 2.534972131252288818e-02 4.963552355766296387e-01 3.284703567624092102e-02 2.683823555707931519e-02 1.531417760998010635e-02 2.672748826444149017e-02 1.990803144872188568e-02 4.376707226037979126e-02 9.303129464387893677e-02 1.694544032216072083e-02 7.324818987399339676e-03 2.883626706898212433e-02 3.308820724487304688e-02 9.812347590923309326e-03 1.922803185880184174e-02 5.949603766202926636e-02 5.948911607265472412e-02 2.174220979213714600e-02 1.428190711885690689e-02 4.483066033571958542e-03 9.829858317971229553e-04 3.266842290759086609e-02 5.102437734603881836e-02 2.281147055327892303e-02 5.015456303954124451e-02 2.021078579127788544e-02 1.831269450485706329e-02 3.912669792771339417e-02 1.742655597627162933e-02 3.654228523373603821e-02 8.499016985297203064e-03 2.227240800857543945e-02 6.982190534472465515e-03 6.514420732855796814e-03 3.945993632078170776e-02 3.152043744921684265e-02 3.838167339563369751e-02 9.297804906964302063e-03 1.205922663211822510e-02 1.535297371447086334e-02 1.741407066583633423e-02 6.957867741584777832e-02 7.616140693426132202e-02 4.082722589373588562e-03 5.277225282043218613e-03 2.284559793770313263e-02 3.375002741813659668e-02 4.425961524248123169e-02 6.186755374073982239e-02 1.767628709785640240e-03 1.269723009318113327e-02 4.491041973233222961e-02 4.018240794539451599e-02 3.088766895234584808e-02 3.114869177807122469e-04 9.473361074924468994e-03 3.572240099310874939e-02 2.591028437018394470e-02 5.400949344038963318e-02 2.351265028119087219e-02 3.280178084969520569e-02 1.171871460974216461e-02 4.723913595080375671e-02 1.049247011542320251e-02 3.640923649072647095e-02 1.994486898183822632e-02 3.061688737943768501e-03 4.224744439125061035e-02 3.539532795548439026e-02 2.162060700356960297e-02 2.936349622905254364e-02 2.855659648776054382e-02 4.035604372620582581e-02 1.283580902963876724e-02 1.198154985904693604e-01 3.360843285918235779e-02 2.499822527170181274e-02 7.257150951772928238e-03 1.982071669772267342e-03 2.912346087396144867e-02 6.043665483593940735e-02 6.581190973520278931e-02 3.371275216341018677e-02 2.727501560002565384e-03 9.977631270885467529e-03 1.761305145919322968e-02 3.647787868976593018e-02 5.109650082886219025e-03 2.532907528802752495e-03 3.883459791541099548e-02 3.369155805557966232e-03 3.300016745924949646e-02 4.877105355262756348e-02 3.346642851829528809e-02 1.892517320811748505e-02 9.970290586352348328e-03 1.071227155625820160e-02 2.333999983966350555e-02 4.595356807112693787e-02 2.287779375910758972e-02 6.038426235318183899e-02 3.272121772170066833e-02 4.455418512225151062e-02 3.936149924993515015e-02 1.284957677125930786e-02 3.216735646128654480e-02 6.566829979419708252e-03 1.554408390074968338e-02 3.502046689391136169e-02 4.812362045049667358e-02
5.000694468617439270e-02 1.754433289170265198e-02 6.738837808370590210e-03 8.774606510996818542e-03 5.111838877201080322e-02 8.322853595018386841e-03 6.296233274042606354e-03 3.284703567624092102e-02 5.148789286613464355e-01 4.917536303400993347e-02 6.040994450449943542e-02 2.700766175985336304e-02 2.703187800943851471e-02 5.097720306366682053e-03 5.800938606262207031e-02 7.405819743871688843e-02 5.447148159146308899e-02 6.702364236116409302e-02 5.147990770637989044e-03 6.488384678959846497e-03 1.685294136404991150e-02 4.163852334022521973e-02 4.058623313903808594e-02 1.770479977130889893e-02 1.283828262239694595e-02 1.417854800820350647e-02 2.341345138847827911e-02 3.642919287085533142e-02 1.388228777796030045e-02 2.118800766766071320e-02 3.005779720842838287e-02 4.181271418929100037e-02 1.438784413039684296e-03 1.732254773378372192e-02 3.590737003833055496e-03 1.059921737760305405e-02 2.684974670410156250e-02 2.133926609531044960e-03 5.131286568939685822e-03 4.348759353160858154e-02 4.119381308555603027e-03 5.118862912058830261e-02 3.631307929754257202e-02 4.176397621631622314e-02 1.318433880805969238e-02 3.500537946820259094e-02 1.177154108881950378e-02 1.880908012390136719e-02 3.429364785552024841e-02 3.118478693068027496e-03 2.713643014430999756e-02 5.765257403254508972e-02 1.310762250795960426e-03 4.620170965790748596e-02 3.680237382650375366e-02 6.119034439325332642e-02 3.241593763232231140e-02 2.831798628903925419e-04 3.651082143187522888e-02 1.865256763994693756e-02 2.723057195544242859e-02 3.941995091736316681e-03 3.528304025530815125e-02 2.307259477674961090e-02 2.197854407131671906e-02 1.500062085688114166e-02 3.803151100873947144e-02 4.339111037552356720e-03 3.375142067670822144e-02 3.053864464163780212e-03 1.643644459545612335e-02 2.620194293558597565e-02 4.300205036997795105e-03 6.526485551148653030e-03 9.368488565087318420e-03 1.923247985541820526e-02 9.772035479545593262e-02 9.069518186151981354e-03 6.091199815273284912e-02 4.088092967867851257e-02 2.447119448333978653e-03 2.511497214436531067e-02 2.801271900534629822e-02 3.208747133612632751e-02 3.306196257472038269e-02 4.821836948394775391e-03 1.247825194150209427e-02 3.767696395516395569e-02 8.565142005681991577e-02 5.603176727890968323e-02 1.644642464816570282e-02 4.281690344214439392e-02 6.218857131898403168e-03 1.905487105250358582e-02 3.121801093220710754e-02 5.617794115096330643e-03 1.275701820850372314e-02 2.040513604879379272e-02 5.642612650990486145e-02 2.800324186682701111e-02 1.480412203818559647e-03 1.304529141634702682e-02 4.196331277489662170e-02 2.796828281134366989e-03 4.013811796903610229e-02 5.378565192222595215e-02 7.511080708354711533e-03 5.957996007055044174e-03 1.735611073672771454e-02 3.573748096823692322e-02 2.691347338259220123e-02 3.534852340817451477e-02 2.189478464424610138e-02 2.085098996758460999e-02 4.939480870962142944e-02 5.115407705307006836e-02
3.725431486964225769e-02 1.540773827582597733e-02 4.284162446856498718e-02 3.582907840609550476e-02 9.822440333664417267e-03 3.837617114186286926e-02 8.049710653722286224e-03 2.683823555707931519e-02 4.917536303400993347e-02 5.134409666061401367e-01 1.865365915000438690e-02 1.661616750061511993e-02 4.555418156087398529e-03 9.145253570750355721e-04 4.320966452360153198e-02 8.687689900398254395e-03 2.283560484647750854e-02 5.719086527824401855e-02 8.789162337779998779e-02 3.064437396824359894e-02 7.566695567220449448e-03 4.982284829020500183e-02 6.836293265223503113e-03 6.367408670485019684e-03 4.561573639512062073e-02 5.417240783572196960e-03 2.419772185385227203e-02 1.408593170344829559e-02 3.753817081451416016e-02 3.246779367327690125e-02 1.187482103705406189e-02 1.985160075128078461e-02 3.081855177879333496e-02 2.349757403135299683e-02 1.025120262056589127e-02 2.687975205481052399e-02 1.716086262604221702e-04 2.330431528389453888e-02 1.044495124369859695e-02 5.159731954336166382e-03 2.614061534404754639e-02 2.374690584838390350e-02 3.103863913565874100e-03 1.761466119205579162e-04 2.858820371329784393e-02 1.742172613739967346e-02 4.364334046840667725e-02 2.685022726655006409e-02 1.646265760064125061e-02 3.099218010902404785e-02 1.878034695982933044e-02 8.654545992612838745e-03 2.657728642225265503e-02 4.941032081842422485e-02 2.252944372594356537e-02 1.108070556074380875e-02 3.819773346185684204e-02 1.053124759346246719e-02 5.541090294718742371e-02 3.609015047550201416e-02 2.294527925550937653e-02 2.097493223845958710e-02 5.821341648697853088e-03 2.127102576196193695e-02 9.493427351117134094e-03 2.874601632356643677e-03 5.737801641225814819e-02 1.656142435967922211e-02 9.886584244668483734e-03 1.980010420083999634e-02 4.169336054474115372e-03 1.771498098969459534e-02 1.611052453517913818e-02 1.887333020567893982e-02 4.762661829590797424e-02 1.605585590004920959e-02 2.249688282608985901e-02 5.697963759303092957e-02 2.935877256095409393e-02 3.228718414902687073e-02 1.438563223928213120e-02 7.082756143063306808e-03 6.469249725341796875e-03 4.951127991080284119e-02 5.602679774165153503e-02 3.840335120912641287e-04 9.555232711136341095e-03 1.361810974776744843e-02 1.639017462730407715e-02 2.468432486057281494e-02 3.726658970117568970e-02 5.118338018655776978e-02 2.914392855018377304e-03 4.077766090631484985e-02 1.198340579867362976e-02 1.176345907151699066e-02 1.950116083025932312e-02 2.482062904164195061e-03 3.302578255534172058e-02 3.375263884663581848e-02 1.340691931545734406e-02 1.912419870495796204e-02 1.264109928160905838e-02 1.410283675795653835e-05 4.647833481431007385e-02 4.792685061693191528e-02 4.959553945809602737e-03 8.232812397181987762e-03 3.361301205586642027e-04 1.500520203262567520e-02 2.530839852988719940e-02 2.358647808432579041e-02 1.678391918540000916e-02 1.333507895469665527e-02 2.775419317185878754e-02 2.787897549569606781e-02
8.703834563493728638e-02 3.963476046919822693e-02 2.356499247252941132e-02 9.378662332892417908e-03 5.794361350126564503e-04 7.035027444362640381e-02 2.879553474485874176e-02 1.531417760998010635e-02 6.040994450449943542e-02 1.865365915000438690e-02 5.144889950752258301e-01 2.437345124781131744e-02 6.846340745687484741e-02 1.892453059554100037e-02 5.818758159875869751e-02 1.479368470609188080e-02 4.145526327192783356e-03 4.507034271955490112e-02 2.929198369383811951e-02 4.778728634119033813e-02 7.745362352579832077e-03 5.262829363346099854e-02 1.219152123667299747e-03 1.924264244735240936e-02 5.058714002370834351e-02 4.028256237506866455e-02 2.486445568501949310e-02 2.514705993235111237e-02 1.604503579437732697e-02 1.691383426077663898e-03 2.242410369217395782e-02 1.668068394064903259e-02 4.671095311641693115e-02 1.749854348599910736e-02 3.525906801223754883e-02 1.333406660705804825e-02 1.573178172111511230e-02 2.748216316103935242e-02 5.267790332436561584e-02 2.507460117340087891e-02 3.032801114022731781e-02 2.945335768163204193e-02 1.350902020931243896e-02 4.533569328486919403e-03 2.274938859045505524e-02 4.443102050572633743e-03 5.700697377324104309e-02 1.285895518958568573e-02 7.893092115409672260e-04 3.734040632843971252e-02 1.336493901908397675e-02 2.641763351857662201e-02 1.257891114801168442e-02 1.332992501556873322e-02 9.080934338271617889e-03 3.392941318452358246e-03 3.881435468792915344e-02 2.002038247883319855e-02 1.658605411648750305e-02 1.749848201870918274e-02 3.185744583606719971e-02 1.772716641426086426e-03 3.967153653502464294e-02 1.005660742521286011e-02 2.259136177599430084e-02 9.503723122179508209e-03 2.295493707060813904e-02 4.771697148680686951e-02 5.732209607958793640e-02 2.623378485441207886e-02 5.296785011887550354e-02 1.363943703472614288e-02 3.620528802275657654e-02 2.733173035085201263e-02 4.178282245993614197e-02 3.122363612055778503e-02 2.741209603846073151e-02 5.416855588555335999e-02 1.038368791341781616e-02 2.850141748785972595e-02 7.910951972007751465e-03 1.309872325509786606e-02 2.714014798402786255e-02 3.593693673610687256e-02 3.969870507717132568e-02 3.150602430105209351e-02 3.164679929614067078e-02 5.054238438606262207e-02 1.792999543249607086e-02 1.527956221252679825e-02 5.033686757087707520e-03 4.636631533503532410e-02 3.197130933403968811e-02 4.687901586294174194e-02 3.450258402153849602e-03 1.222298108041286469e-02 7.574295625090599060e-03 3.961645811796188354e-02 3.386527672410011292e-02 3.084875270724296570e-02 1.595889031887054443e-02 5.767409689724445343e-03 1.715457811951637268e-02 7.363888435065746307e-03 3.175104781985282898e-02 4.589835554361343384e-02 8.674707263708114624e-03 4.696721583604812622e-02 1.775944046676158905e-02 4.292887449264526367e-02 4.791871830821037292e-02 4.814421012997627258e-02 1.072479970753192902e-02 2.281196787953376770e-02 8.853004314005374908e-03 1.334801036864519119e-02
2.324995398521423340e-02 6.559766363352537155e-03 3.423495218157768250e-02 4.052877891808748245e-03 2.743824152275919914e-03 8.585400879383087158e-02 1.175080519169569016e-02 2.672748826444149017e-02 2.700766175985336304e-02 1.661616750061511993e-02 2.437345124781131744e-02 5.057510733604431152e-01 2.697059325873851776e-02 1.892575323581695557e-01 3.382951766252517700e-02 2.328941971063613892e-02 4.370511695742607117e-02 3.201194107532501221e-02 4.435160756111145020e-02 2.825976535677909851e-02 2.606771513819694519e-02 9.563751518726348877e-03 2.342377603054046631e-02 3.768055466935038567e-03 2.850445732474327087e-02 3.749287873506546021e-02 4.925031587481498718e-02 1.026650145649909973e-01 5.934934597462415695e-03 5.500687658786773682e-02 2.353585325181484222e-03 3.815256431698799133e-02 1.782984286546707153e-02 8.480965159833431244e-03 2.918112091720104218e-02 3.116557188332080841e-02 3.459061682224273682e-02 4.680563230067491531e-03 3.797584027051925659e-02 9.867869317531585693e-03 8.894226513803005219e-03 5.812998861074447632e-02 6.414795666933059692e-02 2.197206020355224609e-02 8.986318483948707581e-03 7.031418383121490479e-02 7.706231623888015747e-02 4.238499328494071960e-02 3.231173753738403320e-02 3.395479172468185425e-02 4.015639051795005798e-02 6.158557534217834473e-02 5.632489919662475586e-03 6.191115826368331909e-03 3.609894961118698120e-02 6.154254078865051270e-02 3.939335048198699951e-02 3.049768321216106415e-02 7.143172901123762131e-03 3.603420034050941467e-02 1.420758478343486786e-02 2.411561086773872375e-02 1.905936864204704762e-03 3.029578179121017456e-02 3.758134692907333374e-02 5.102926120162010193e-02 3.084944561123847961e-02 3.182471543550491333e-02 5.891230329871177673e-02 2.323709055781364441e-02 5.111534614115953445e-03 3.002382256090641022e-02 2.652161940932273865e-02 3.168585523962974548e-02 1.214455813169479370e-02 2.231526747345924377e-02 2.450783364474773407e-02 2.448481507599353790e-02 3.991370275616645813e-02 4.944730177521705627e-02 4.333331435918807983e-02 5.455674137920141220e-03 3.634899854660034180e-02 4.850786924362182617e-02 3.876557573676109314e-02 4.676226899027824402e-02 3.070018440485000610e-02 4.320024326443672180e-02 2.337654866278171539e-02 8.306269347667694092e-02 7.421173900365829468e-02 2.492724172770977020e-02 9.833248332142829895e-03 2.780497819185256958e-02 2.328070811927318573e-02 3.213662281632423401e-02 2.225234638899564743e-03 2.378165349364280701e-02 5.548639222979545593e-02 4.850359633564949036e-02 4.276404622942209244e-03 3.245710209012031555e-02 7.971940562129020691e-03 3.401493653655052185e-02 2.317791990935802460e-02 4.867592360824346542e-03 1.530482084490358829e-03 5.058332346379756927e-03 2.643314190208911896e-02 2.973841689527034760e-02 7.600212469696998596e-03 1.900926232337951660e-02 2.530980482697486877e-02 1.187919289804995060e-03 5.835868883877992630e-03 4.175543412566184998e-02
1.078278571367263794e-01 9.089568257331848145e-02 3.909565135836601257e-02 3.206980973482131958e-02 4.775477200746536255e-02 4.852921143174171448e-02 7.178358267992734909e-03 1.990803144872188568e-02 2.703187800943851471e-02 4.555418156087398529e-03 6.846340745687484741e-02 2.697059325873851776e-02 5.171868205070495605e-01 2.661976777017116547e-02 2.223047241568565369e-02 2.538267057389020920e-03 1.238773390650749207e-02 2.066866122186183929e-02 4.227821901440620422e-02 3.733060136437416077e-02 1.002820767462253571e-02 9.316205047070980072e-03 7.926841266453266144e-03 3.788538277149200439e-02 2.921380847692489624e-02 1.752583193592727184e-03 3.737280145287513733e-03 3.165613114833831787e-02 1.680154725909233093e-02 8.710773661732673645e-03 2.752849645912647247e-02 3.293643519282341003e-02 2.820343710482120514e-02 1.792718470096588135e-02 4.152539372444152832e-02 2.036108449101448059e-02 1.489095948636531830e-02 9.998320601880550385e-03 3.666787967085838318e-02 9.919636882841587067e-03 2.116408012807369232e-02 2.115634456276893616e-02 1.400716789066791534e-02 1.419118605554103851e-02 1.889260485768318176e-02 6.557093467563390732e-03 1.513355318456888199e-02 2.779275178909301758e-02 1.105110743083059788e-03 2.971305325627326965e-02 1.415390986949205399e-02 1.176658924669027328e-02 5.872531910426914692e-04 1.842783205211162567e-02 4.138224571943283081e-02 3.392908722162246704e-02 4.426463320851325989e-02 1.646760664880275726e-02 9.222437627613544464e-03 5.536391399800777435e-03 2.600273489952087402e-02 5.830766633152961731e-03 2.359000593423843384e-02 1.334446016699075699e-02 3.198440419510006905e-03 1.778124831616878510e-02 3.629712387919425964e-02 1.769368164241313934e-02 4.765359684824943542e-02 3.430423885583877563e-02 5.624232068657875061e-02 2.969182468950748444e-02 2.143412083387374878e-02 4.362904652953147888e-02 1.587779074907302856e-02 1.045622630044817924e-04 6.139788031578063965e-02 3.387858718633651733e-02 2.574397809803485870e-02 3.828678652644157410e-02 1.235065516084432602e-03 1.128682680428028107e-02 1.590246893465518951e-02 5.320682004094123840e-02 4.166159778833389282e-02 4.483796656131744385e-02 5.696529150009155273e-02 2.887341938912868500e-02 2.267503552138805389e-02 8.559371344745159149e-03 6.017601583153009415e-03 3.445075824856758118e-02 9.827387519180774689e-03 5.702685564756393433e-02 1.681948639452457428e-02 3.502075746655464172e-02 1.238024141639471054e-02 3.447077423334121704e-02 2.502580732107162476e-02 2.358579076826572418e-02 8.105070330202579498e-03 4.461387870833277702e-04 1.966087706387042999e-02 1.991066848859190941e-03 5.009928718209266663e-02 5.054526031017303467e-02 1.715899445116519928e-02 6.009640917181968689e-02 2.966262772679328918e-02 3.664340823888778687e-02 1.213939394801855087e-02 3.705830499529838562e-02 2.357014454901218414e-03 2.634914591908454895e-02 2.551073767244815826e-02 3.770034760236740112e-02
