4.920673966407775879e-01 1.256169676780700684e-01 2.966836467385292053e-02 3.101098164916038513e-02 2.476741373538970947e-02 3.722254931926727295e-02 2.688733674585819244e-02 2.624774165451526642e-02 2.134360745549201965e-02 4.305610805749893188e-02 8.303982764482498169e-02 4.850246757268905640e-02 7.401533424854278564e-02 5.321679636836051941e-02 2.541828155517578125e-02 2.641818486154079437e-02 1.940038613975048065e-02 3.225817531347274780e-02 1.074724737554788589e-02 1.203653123229742050e-02 1.123957149684429169e-02 4.851279081776738167e-04 3.563074022531509399e-02 5.257576704025268555e-03 6.313804537057876587e-03 1.282134745270013809e-02 4.693662375211715698e-02 2.073610899969935417e-03 3.613206744194030762e-02 2.710905857384204865e-02 1.400588359683752060e-02 3.077046759426593781e-02 3.678512945771217346e-02 2.299070591107010841e-03 5.276962369680404663e-02 7.283339742571115494e-03 1.657461561262607574e-02 2.803902886807918549e-02 1.836601458489894867e-02 4.782197624444961548e-02 3.702834714204072952e-03 3.143372759222984314e-02 4.683997482061386108e-03 4.840689245611429214e-03 3.841060772538185120e-02 5.002477765083312988e-02 1.594774797558784485e-02 5.918090697377920151e-03 4.087848961353302002e-02 3.123671188950538635e-02 4.595424048602581024e-03 8.838669396936893463e-03 8.571148850023746490e-03 3.333319351077079773e-02 7.144802715629339218e-03 7.179124746471643448e-03 6.108341272920370102e-03 4.697672557085752487e-03 1.525719836354255676e-02 2.486262843012809753e-02 1.144172810018062592e-02 2.480196207761764526e-02 1.285017654299736023e-02 1.087403483688831329e-02 2.032594010233879089e-02 1.092538330703973770e-02 9.127885103225708008e-03 7.001170888543128967e-04 2.768153324723243713e-02 3.983762115240097046e-02 1.128990389406681061e-02 5.436234176158905029e-03 2.835630066692829132e-02 5.089696496725082397e-02 9.224315872415900230e-04 4.438813030719757080e-02 6.985525134950876236e-03 2.107862755656242371e-02 4.680449143052101135e-02 3.652691468596458435e-02 3.673847764730453491e-02 2.775529958307743073e-02 1.128292456269264221e-02 4.295918345451354980e-02 4.813172295689582825e-02 5.020852759480476379e-02 2.213778160512447357e-02 1.940342597663402557e-02 5.961176380515098572e-02 6.035026162862777710e-03 3.314964007586240768e-03 1.973224990069866180e-02 6.158036645501852036e-03 3.902465105056762695e-02 1.678581163287162781e-02 1.857749931514263153e-02 5.483302474021911621e-02 4.380024969577789307e-02 1.743503846228122711e-02 1.689520291984081268e-02 1.896018721163272858e-02 2.264199545606970787e-03 2.867592265829443932e-03 4.982652142643928528e-02 8.591535501182079315e-03 2.349551022052764893e-02 3.014361485838890076e-02 1.854507368989288807e-03 3.200313821434974670e-02 3.358898684382438660e-02 3.050415590405464172e-02 3.044516034424304962e-02 1.821352727711200714e-02 8.714594878256320953e-03 3.978165984153747559e-02 4.348505660891532898e-02
1.256169676780700684e-01 4.870137274265289307e-01 6.899736355990171432e-03 2.135713025927543640e-02 1.472569629549980164e-02 3.357011079788208008e-02 3.444273769855499268e-02 5.433112382888793945e-02 2.533865906298160553e-02 3.848845511674880981e-02 9.537734836339950562e-02 2.907603792846202850e-02 8.979865163564682007e-02 1.046544406563043594e-03 2.843456529080867767e-02 2.182381786406040192e-02 2.893564663827419281e-02 3.226395696401596069e-02 5.113485734909772873e-03 1.997690461575984955e-02 2.858405560255050659e-02 1.163984090089797974e-02 6.550298072397708893e-03 4.386413469910621643e-02 5.833028256893157959e-02 2.988771907985210419e-02 3.890579938888549805e-02 3.609474003314971924e-02 4.146530851721763611e-02 6.898603588342666626e-02 8.233705535531044006e-03 4.664196446537971497e-02 5.079162865877151489e-02 2.398788742721080780e-02 4.304633289575576782e-02 3.610029350966215134e-03 1.999221183359622955e-02 9.436450782231986523e-04 4.694910719990730286e-02 2.620946057140827179e-02 4.277386888861656189e-02 2.675676718354225159e-02 3.988277167081832886e-03 3.889613598585128784e-02 3.635783493518829346e-02 3.848522156476974487e-02 4.869955778121948242e-02 2.098799310624599457e-02 2.178599825128912926e-03 2.785667404532432556e-02 6.188761442899703979e-03 2.289452403783798218e-02 3.737115487456321716e-02 3.705873340368270874e-02 3.305305913090705872e-02 1.676162146031856537e-02 4.632721841335296631e-02 4.679159726947546005e-03 4.036815464496612549e-02 2.391979284584522247e-02 3.936765715479850769e-02 2.261682786047458649e-02 3.040123730897903442e-02 1.345033477991819382e-02 1.580339483916759491e-02 7.845080108381807804e-05 8.657644502818584442e-03 3.210836648941040039e-02 1.544700469821691513e-02 3.451444953680038452e-02 1.117016281932592392e-02 1.311581302434206009e-02 1.057563163340091705e-02 2.957863733172416687e-02 4.303366690874099731e-02 3.312068805098533630e-02 4.189348220825195312e-02 2.952721342444419861e-02 2.538469620048999786e-02 1.339397300034761429e-02 1.120956800878047943e-02 7.071339059621095657e-03 1.574655063450336456e-02 1.709955558180809021e-02 1.478325761854648590e-02 2.509011141955852509e-02 7.962606847286224365e-03 2.829729020595550537e-02 7.139761000871658325e-04 3.097504004836082458e-02 4.252470971550792456e-04 2.715727128088474274e-02 4.013731703162193298e-02 4.281640425324440002e-02 1.613445766270160675e-02 3.252188488841056824e-02 4.988571256399154663e-02 8.586048148572444916e-03 8.606547489762306213e-03 1.064935978502035141e-02 2.588005177676677704e-02 1.060313824564218521e-02 3.770811483263969421e-02 2.120407670736312866e-02 1.379137160256505013e-03 4.828363191336393356e-03 4.821870476007461548e-02 4.138905182480812073e-02 2.240464277565479279e-02 2.608921006321907043e-02 3.249763324856758118e-02 3.382810950279235840e-02 1.998816616833209991e-02 6.318875122815370560e-03 3.747831284999847412e-02 5.112939397804439068e-04
2.966836467385292053e-02 6.899736355990171432e-03 4.656617045402526855e-01 8.005272829905152321e-04 1.846389845013618469e-02 1.513124327175319195e-03 3.947419300675392151e-02 1.073427796363830566e-01 1.225061900913715363e-02 1.519354339689016342e-02 4.316516220569610596e-02 9.040165459737181664e-04 2.542466670274734497e-02 3.672337159514427185e-02 5.207313597202301025e-02 3.273303434252738953e-02 3.580913320183753967e-02 3.514064475893974304e-02 2.002870850265026093e-02 5.714730825275182724e-03 3.020874038338661194e-02 9.870319627225399017e-03 3.771171346306800842e-02 4.008043184876441956e-02 2.254821156384423375e-04 3.401522291824221611e-03 3.960339725017547607e-02 1.888832263648509979e-02 2.044981578364968300e-03 3.244619444012641907e-02 2.361935935914516449e-02 3.027226030826568604e-02 1.343523059040307999e-02 3.091913182288408279e-03 6.871403753757476807e-02 3.827171400189399719e-02 1.749768108129501343e-02 3.843156248331069946e-02 2.367882803082466125e-02 8.293113112449645996e-02 1.771361008286476135e-02 1.276842202059924603e-03 6.232928019016981125e-03 1.056995708495378494e-02 1.651484891772270203e-02 4.136680811643600464e-02 8.505262434482574463e-03 1.389846205711364746e-02 1.925037428736686707e-02 1.639814861118793488e-02 8.327991701662540436e-03 2.771728485822677612e-02 7.184905000030994415e-03 9.024617262184619904e-03 4.195250570774078369e-02 3.048260509967803955e-02 2.394199557602405548e-02 7.628395687788724899e-03 1.234980765730142593e-02 2.627810277044773102e-02 3.052688390016555786e-02 1.405692473053932190e-02 3.197680413722991943e-02 4.630630835890769958e-02 5.476313177496194839e-03 1.411559339612722397e-02 5.449643940664827824e-04 2.795885317027568817e-02 1.468705292791128159e-02 4.321768879890441895e-03 1.484484784305095673e-02 1.906936173327267170e-03 7.783859968185424805e-03 6.454659160226583481e-03 6.054435856640338898e-03 2.858868986368179321e-02 2.027289010584354401e-02 2.432770328596234322e-03 3.284029662609100342e-03 1.369992084801197052e-02 1.422275751829147339e-01 5.257413908839225769e-02 4.420098382979631424e-03 4.332700744271278381e-02 1.474875677376985550e-02 2.368162199854850769e-02 4.501644894480705261e-02 2.933567017316818237e-02 1.229029428213834763e-02 2.429044805467128754e-02 2.478488907217979431e-02 3.180570900440216064e-02 1.988348318263888359e-03 3.991039469838142395e-02 6.633382290601730347e-03 3.018382936716079712e-02 5.564068630337715149e-02 1.810422353446483612e-02 2.966782823204994202e-02 2.689514495432376862e-02 8.456704206764698029e-03 8.880931418389081955e-04 4.165779054164886475e-02 4.724216833710670471e-02 4.806181043386459351e-02 2.340231835842132568e-02 1.713903062045574188e-02 1.965180039405822754e-02 1.612251438200473785e-02 3.773026168346405029e-02 2.084525674581527710e-02 1.714576594531536102e-02 4.696951434016227722e-02 3.315414860844612122e-02 1.420606113970279694e-02 2.213260531425476074e-02
3.101098164916038513e-02 2.135713025927543640e-02 8.005272829905152321e-04 4.896092712879180908e-01 1.830033212900161743e-01 4.335721489042043686e-03 3.851100429892539978e-02 4.941397532820701599e-02 1.670094020664691925e-02 9.936276823282241821e-03 2.394571155309677124e-02 8.231005049310624599e-04 4.290260002017021179e-02 1.620826870203018188e-02 1.408861204981803894e-02 3.868010640144348145e-02 2.093719504773616791e-02 3.109589032828807831e-02 3.893634676933288574e-02 2.137396251782774925e-03 2.894513495266437531e-02 2.893671952188014984e-02 1.224580407142639160e-02 4.306337609887123108e-02 6.729578133672475815e-03 4.392737988382577896e-03 2.920392667874693871e-03 9.756310842931270599e-03 4.886059463024139404e-02 5.246376991271972656e-02 5.464593693614006042e-02 2.404323033988475800e-02 1.170726679265499115e-02 3.052421845495700836e-02 1.692294143140316010e-02 3.771346295252442360e-03 1.887343637645244598e-02 4.159768670797348022e-02 5.451851338148117065e-02 7.499956339597702026e-02 4.076787456870079041e-02 1.381362788379192352e-02 1.827125810086727142e-02 4.401433467864990234e-02 2.987693995237350464e-02 2.702941372990608215e-02 3.926957398653030396e-02 4.285921528935432434e-02 6.689893780276179314e-04 2.751828543841838837e-02 1.050601992756128311e-02 1.121816318482160568e-02 3.768885880708694458e-02 5.397102981805801392e-02 1.251737866550683975e-02 4.406849667429924011e-02 3.216006979346275330e-02 5.775012075901031494e-03 2.036064863204956055e-02 4.470224492251873016e-03 3.835966065526008606e-02 1.951968483626842499e-02 4.717030748724937439e-02 2.313157543540000916e-02 4.811063408851623535e-02 4.533630609512329102e-02 7.649662438780069351e-03 2.612743899226188660e-02 3.503503510728478432e-03 5.103250034153461456e-03 3.239091485738754272e-02 2.030389942228794098e-02 1.348350048065185547e-01 4.547364544123411179e-03 9.272728115320205688e-02 4.996042698621749878e-02 1.187064498662948608e-02 2.636693045496940613e-02 4.449301864951848984e-03 4.917184196528978646e-05 6.925737019628286362e-03 2.351739257574081421e-02 2.162723429501056671e-02 5.501425266265869141e-02 2.708940953016281128e-02 2.178180217742919922e-02 9.350243024528026581e-03 4.239576682448387146e-02 4.740862548351287842e-02 1.870051026344299316e-02 5.146374180912971497e-02 3.463717550039291382e-02 3.079474531114101410e-02 3.877926990389823914e-02 6.632645148783922195e-03 1.532205846160650253e-02 3.312709275633096695e-03 3.312841057777404785e-02 2.356089651584625244e-02 1.489441003650426865e-02 1.615955866873264313e-02 1.416314020752906799e-02 2.087801881134510040e-02 3.873731195926666260e-02 3.243079409003257751e-02 7.823684252798557281e-03 1.225290354341268539e-02 3.078908100724220276e-02 4.898248240351676941e-02 3.571777790784835815e-02 1.489414181560277939e-02 2.613250166177749634e-02 2.309161052107810974e-02 1.044510491192340851e-02 1.228651031851768494e-02 4.593124240636825562e-02
2.476741373538970947e-02 1.472569629549980164e-02 1.846389845013618469e-02 1.830033212900161743e-01 4.855662584304809570e-01 5.453707650303840637e-03 3.288089111447334290e-02 3.792487829923629761e-02 6.680062972009181976e-03 2.975146472454071045e-02 4.726673010736703873e-03 2.008356153964996338e-02 2.858466841280460358e-02 3.614453971385955811e-02 2.940630167722702026e-02 1.939079537987709045e-02 4.584005102515220642e-02 3.983310237526893616e-02 3.285814821720123291e-02 3.329330682754516602e-02 4.131982102990150452e-02 5.074944347143173218e-02 1.703326939605176449e-03 4.426489770412445068e-02 2.796329092234373093e-03 1.152840349823236465e-02 6.813536863774061203e-03 6.058821454644203186e-04 2.368150511756539345e-03 4.540446028113365173e-02 1.045293509960174561e-01 5.144295841455459595e-02 1.455304678529500961e-02 4.285673052072525024e-02 7.422126829624176025e-03 3.854184877127408981e-03 5.344837438315153122e-03 3.198923915624618530e-02 4.916888102889060974e-02 8.420836925506591797e-02 3.980883583426475525e-02 1.154540758579969406e-02 2.141100727021694183e-02 2.580047585070133209e-02 4.206401854753494263e-02 2.000962756574153900e-02 1.934176869690418243e-02 1.845503970980644226e-02 1.715112361125648022e-03 5.910281091928482056e-02 9.432237595319747925e-03 1.705547608435153961e-02 2.651319839060306549e-02 4.958715662360191345e-02 4.714171867817640305e-03 3.911987319588661194e-02 3.858191892504692078e-02 1.405229233205318451e-02 5.029353499412536621e-02 1.883198879659175873e-02 2.861906541511416435e-03 4.101378470659255981e-02 2.994939684867858887e-02 1.470289845019578934e-02 3.035497618839144707e-03 8.391859009861946106e-03 1.210942957550287247e-02 3.666204214096069336e-02 1.687498763203620911e-02 1.885142177343368530e-02 1.264184340834617615e-02 3.309963271021842957e-03 1.271170377731323242e-01 3.039156086742877960e-02 1.029817685484886169e-01 3.097588662058115005e-03 1.370489317923784256e-02 7.049890700727701187e-03 9.279966354370117188e-03 4.825294017791748047e-02 1.064324099570512772e-02 2.492764033377170563e-02 4.951780289411544800e-02 2.476198971271514893e-02 4.074466601014137268e-02 8.109022863209247589e-03 9.481031447649002075e-03 4.882011935114860535e-02 1.994248107075691223e-02 1.497454359196126461e-03 2.283867448568344116e-02 1.905656792223453522e-02 4.260629788041114807e-02 3.325232490897178650e-02 2.034854702651500702e-02 4.103672876954078674e-02 1.909451000392436981e-02 1.808554306626319885e-02 3.309630975127220154e-02 2.465362893417477608e-03 5.731736309826374054e-03 2.127697458490729332e-03 3.561394289135932922e-02 9.163944050669670105e-03 1.171124819666147232e-02 3.691251575946807861e-02 3.312214743345975876e-03 4.423166811466217041e-02 4.952805116772651672e-02 2.967386040836572647e-03 3.386199474334716797e-02 6.746896076947450638e-03 2.956302650272846222e-02 9.125602431595325470e-03 4.035037755966186523e-02 2.357552573084831238e-02
3.722254931926727295e-02 3.357011079788208008e-02 1.513124327175319195e-03 4.335721489042043686e-03 5.453707650303840637e-03 4.940345883369445801e-01 1.987273544073104858e-01 2.301846630871295929e-02 6.117417477071285248e-03 4.345230385661125183e-02 1.371980737894773483e-02 9.051202237606048584e-02 3.002869524061679840e-02 5.224196240305900574e-02 4.925338923931121826e-02 4.712646454572677612e-02 4.242394119501113892e-02 1.633194461464881897e-02 2.979630790650844574e-02 8.934030309319496155e-03 3.357762843370437622e-02 5.551280081272125244e-02 6.681561004370450974e-03 2.001614077016711235e-03 2.239617519080638885e-02 4.602245613932609558e-02 2.422735467553138733e-02 3.249579668045043945e-02 6.538629997521638870e-03 4.376427829265594482e-02 5.501744896173477173e-02 1.506070420145988464e-02 2.924790792167186737e-02 3.943333402276039124e-03 4.136236384510993958e-02 1.806555315852165222e-02 4.148305393755435944e-03 3.261847048997879028e-02 4.160388559103012085e-02 1.313465647399425507e-02 1.336133107542991638e-02 5.151738598942756653e-02 1.335674244910478592e-02 4.615785554051399231e-03 9.640567004680633545e-03 3.534517437219619751e-02 1.835781931877136230e-01 9.707724303007125854e-02 3.603448858484625816e-03 4.036571830511093140e-02 6.877399235963821411e-02 8.453979343175888062e-02 1.565868407487869263e-02 4.327087849378585815e-02 2.575115486979484558e-02 3.620586544275283813e-02 7.161670830100774765e-03 2.578897867351770401e-03 1.144321635365486145e-03 3.083070041611790657e-03 3.944709151983261108e-02 1.797330938279628754e-02 3.468735143542289734e-02 4.628438130021095276e-02 6.804479286074638367e-03 2.085899934172630310e-03 1.848471537232398987e-02 2.553436672315001488e-03 3.400478884577751160e-02 1.569983921945095062e-02 1.442155148833990097e-02 1.685079559683799744e-02 4.428057745099067688e-02 2.950905077159404755e-02 5.354324355721473694e-02 1.341244019567966461e-02 3.425777703523635864e-02 5.794109776616096497e-02 1.314282044768333435e-02 2.983023039996623993e-02 3.538258746266365051e-02 2.711516106501221657e-03 1.987762749195098877e-02 1.421280112117528915e-02 1.856008544564247131e-02 9.742988273501396179e-03 1.766460016369819641e-02 5.265133804641664028e-04 4.039360955357551575e-02 3.661715239286422729e-02 6.020624190568923950e-02 4.347077757120132446e-02 7.980198413133621216e-02 2.196446433663368225e-02 4.510928317904472351e-02 2.280197292566299438e-02 3.567348048090934753e-02 9.854270610958337784e-04 3.578114137053489685e-02 3.533868864178657532e-02 4.604924842715263367e-02 1.931122131645679474e-02 3.286614269018173218e-02 2.066264487802982330e-02 2.022211439907550812e-02 4.805761203169822693e-02 3.750231489539146423e-02 4.740288481116294861e-03 3.298722580075263977e-02 1.146874669939279556e-02 1.878085918724536896e-02 4.487917572259902954e-02 3.850820241495966911e-03 3.973076120018959045e-02 2.042993344366550446e-02 1.894889771938323975e-02
2.688733674585819244e-02 3.444273769855499268e-02 3.947419300675392151e-02 3.851100429892539978e-02 3.288089111447334290e-02 1.987273544073104858e-01 4.918656647205352783e-01 1.190383732318878174e-02 2.571249194443225861e-02 1.182231120765209198e-02 2.100508473813533783e-02 6.885715574026107788e-02 3.910509496927261353e-02 6.510145962238311768e-02 2.819110453128814697e-02 2.165258303284645081e-02 4.117522388696670532e-02 1.916241645812988281e-02 1.262599974870681763e-02 1.246321015059947968e-02 2.553312666714191437e-02 2.619557268917560577e-02 5.400780588388442993e-03 2.933253534138202667e-02 1.003624964505434036e-02 3.132420405745506287e-02 1.140797697007656097e-02 3.923559933900833130e-02 1.441996078938245773e-02 1.336051989346742630e-02 5.005945265293121338e-02 2.404430136084556580e-02 3.190010040998458862e-02 1.621676143258810043e-03 4.547618329524993896e-02 3.952962532639503479e-02 2.028273791074752808e-02 3.172328229993581772e-03 1.309982221573591232e-02 4.471262544393539429e-02 2.032623067498207092e-02 6.688917521387338638e-03 1.313118613325059414e-03 1.015177369117736816e-02 1.696885377168655396e-02 1.102564390748739243e-02 2.060441970825195312e-01 1.052988320589065552e-01 8.215948939323425293e-03 2.053060941398143768e-02 4.451108351349830627e-02 7.409200072288513184e-02 1.893966225907206535e-03 1.105859596282243729e-02 2.442249469459056854e-02 3.939513862133026123e-02 3.844410926103591919e-02 4.650104325264692307e-03 4.004764556884765625e-02 2.842513471841812134e-02 4.790081083774566650e-02 1.877144211903214455e-03 4.077795520424842834e-02 3.634713962674140930e-02 2.379442006349563599e-02 6.493431515991687775e-03 2.463185042142868042e-02 1.499456446617841721e-02 2.136679599061608315e-03 1.799294538795948029e-02 3.054302930831909180e-02 1.822433806955814362e-02 1.343733165413141251e-02 9.751026518642902374e-03 4.316531866788864136e-02 8.293246850371360779e-03 4.015576839447021484e-02 3.020832128822803497e-02 3.854126110672950745e-02 1.137823332101106644e-02 3.306282684206962585e-02 3.424623608589172363e-02 1.978570129722356796e-03 2.410656027495861053e-02 3.844003379344940186e-02 2.905813790857791901e-02 1.275261305272579193e-02 3.212504088878631592e-02 1.220818236470222473e-02 1.840183511376380920e-02 5.290102586150169373e-02 4.004548490047454834e-02 5.223459005355834961e-02 7.116300053894519806e-03 3.363479301333427429e-02 6.583511363714933395e-03 1.099781040102243423e-02 1.607754640281200409e-02 3.855378925800323486e-02 4.596066474914550781e-02 4.408076405525207520e-02 2.988074161112308502e-02 4.184342175722122192e-02 7.008610409684479237e-04 3.953751921653747559e-02 3.466298803687095642e-02 3.119484707713127136e-02 2.032470144331455231e-02 1.299993135035037994e-02 1.203001709654927254e-03 3.435974195599555969e-02 1.035024970769882202e-02 2.484042756259441376e-02 3.038782626390457153e-03 1.064206194132566452e-02 2.856185659766197205e-02
2.624774165451526642e-02 5.433112382888793945e-02 1.073427796363830566e-01 4.941397532820701599e-02 3.792487829923629761e-02 2.301846630871295929e-02 1.190383732318878174e-02 4.989272952079772949e-01 2.366295643150806427e-02 3.079331247135996819e-03 2.682753372937440872e-03 1.406558230519294739e-02 1.817630045115947723e-02 3.971939440816640854e-03 7.474349439144134521e-02 4.159620404243469238e-02 1.776702329516410828e-02 2.675786055624485016e-02 3.435756545513868332e-03 7.180315908044576645e-03 6.433502770960330963e-03 2.188760042190551758e-02 5.024257116019725800e-04 1.089136395603418350e-02 2.753678336739540100e-02 3.520836681127548218e-02 1.759731769561767578e-02 4.805312305688858032e-02 2.331376262009143829e-02 1.151468884199857712e-02 3.844463825225830078e-02 4.182357341051101685e-02 6.374686025083065033e-03 8.100448176264762878e-03 4.731237888336181641e-02 4.377588257193565369e-02 3.064101561903953552e-02 1.991808414459228516e-02 6.545078940689563751e-03 2.483154647052288055e-02 8.657080121338367462e-03 2.051448635756969452e-02 2.053791424259543419e-03 1.246899086982011795e-02 1.692789606750011444e-02 3.686727583408355713e-02 3.795049339532852173e-02 2.280204743146896362e-02 5.144746974110603333e-02 2.627464383840560913e-02 3.395180404186248779e-02 2.324615605175495148e-02 3.765707090497016907e-02 4.463191609829664230e-03 4.375082254409790039e-02 4.155632108449935913e-02 5.298535525798797607e-02 1.846039108932018280e-02 1.808983646333217621e-02 3.806599602103233337e-02 2.659402601420879364e-02 4.604008048772811890e-02 2.143584191799163818e-02 2.310064248740673065e-02 3.939858172088861465e-03 4.167744424194097519e-03 5.896859336644411087e-03 6.096686702221632004e-03 4.625819995999336243e-02 1.497734710574150085e-02 4.445405676960945129e-02 4.705568030476570129e-02 8.787126280367374420e-04 3.225358203053474426e-02 1.754576526582241058e-02 6.209792103618383408e-03 1.707366481423377991e-02 5.481576081365346909e-03 3.692777827382087708e-03 4.070334136486053467e-02 1.519020795822143555e-01 7.372985780239105225e-02 4.413402825593948364e-02 5.660703405737876892e-03 1.811040332540869713e-03 2.703554369509220123e-02 9.496353566646575928e-02 7.353246212005615234e-02 3.890297189354896545e-02 1.090449281036853790e-02 3.526357188820838928e-02 3.866410581395030022e-03 3.261430934071540833e-02 7.519276347011327744e-03 9.358973242342472076e-03 5.564564373344182968e-03 5.542956292629241943e-02 4.683388397097587585e-02 1.794068957678973675e-03 2.852495817933231592e-04 2.247441373765468597e-02 3.572038933634757996e-02 1.229582820087671280e-02 4.105667397379875183e-02 1.360701979137957096e-03 1.800553314387798309e-02 5.982111906632781029e-04 2.795772440731525421e-02 7.664676755666732788e-03 1.163639687001705170e-02 1.171938888728618622e-02 3.553203493356704712e-02 3.727395460009574890e-02 2.405735291540622711e-02 3.042748570442199707e-02 2.978698723018169403e-02
2.134360745549201965e-02 2.533865906298160553e-02 1.225061900913715363e-02 1.670094020664691925e-02 6.680062972009181976e-03 6.117417477071285248e-03 2.571249194443225861e-02 2.366295643150806427e-02 4.795209169387817383e-01 2.249718457460403442e-02 5.720291286706924438e-03 1.530051697045564651e-02 1.928085647523403168e-02 1.985574141144752502e-02 1.887146010994911194e-02 5.735560785979032516e-03 5.251220613718032837e-02 7.302843034267425537e-03 4.100352525711059570e-03 1.401023287326097488e-02 4.656787961721420288e-02 3.175955265760421753e-02 4.909949004650115967e-02 2.098255790770053864e-02 1.039914041757583618e-02 2.347855642437934875e-02 3.472280874848365784e-02 9.073030203580856323e-03 4.786071181297302246e-02 3.314587520435452461e-03 8.835682645440101624e-03 5.608858168125152588e-02 2.403370663523674011e-02 3.818069770932197571e-02 4.376992955803871155e-02 1.230162102729082108e-02 3.245593979954719543e-02 1.821423531509935856e-03 1.976527087390422821e-02 3.174669668078422546e-02 3.002907335758209229e-02 4.396529495716094971e-02 3.618749976158142090e-02 3.660231456160545349e-02 3.617181628942489624e-02 4.314477741718292236e-02 4.720318689942359924e-02 3.980965912342071533e-02 4.932266473770141602e-02 3.756633400917053223e-02 3.605231642723083496e-03 1.040150038897991180e-02 1.882228627800941467e-02 5.571476183831691742e-03 9.542109817266464233e-02 4.687105119228363037e-02 3.153006359934806824e-02 4.345434531569480896e-02 1.215353980660438538e-02 3.120013512670993805e-03 1.048121019266545773e-03 3.666057437658309937e-02 4.551086947321891785e-02 3.439254127442836761e-03 7.945602410472929478e-04 3.900020942091941833e-02 1.531654596328735352e-02 1.872443035244941711e-02 4.518373310565948486e-02 5.009442567825317383e-02 5.157762207090854645e-03 2.738700434565544128e-02 5.251304432749748230e-02 4.094830900430679321e-02 3.214785829186439514e-02 4.413784481585025787e-03 1.372518688440322876e-01 1.108846254646778107e-02 1.156923472881317139e-01 6.143574416637420654e-02 3.461155295372009277e-02 4.432663694024085999e-02 4.559730738401412964e-02 2.948273532092571259e-02 1.019655540585517883e-02 4.275616258382797241e-02 3.562122583389282227e-02 2.850567735731601715e-02 6.798940151929855347e-02 1.655687764286994934e-02 3.030657768249511719e-02 6.331871449947357178e-02 1.333983265794813633e-03 1.400977745652198792e-02 2.721223793923854828e-02 2.527352608740329742e-02 2.659754455089569092e-02 1.411751098930835724e-02 2.003203891217708588e-02 4.929185286164283752e-02 5.146751925349235535e-02 1.559434644877910614e-02 4.767934232950210571e-02 2.561256289482116699e-03 6.543947383761405945e-03 5.123044922947883606e-02 5.402937065809965134e-03 4.107803106307983398e-02 2.953132800757884979e-02 1.794126257300376892e-02 3.926247009076178074e-04 3.289969637989997864e-02 1.316240523010492325e-02 2.352688089013099670e-02 3.170348703861236572e-02 4.343484714627265930e-02
4.305610805749893188e-02 3.848845511674880981e-02 1.519354339689016342e-02 9.936276823282241821e-03 2.975146472454071045e-02 4.345230385661125183e-02 1.182231120765209198e-02 3.079331247135996819e-03 2.249718457460403442e-02 4.746366441249847412e-01 1.095746178179979324e-02 2.268745377659797668e-02 1.660398021340370178e-02 1.757418550550937653e-02 4.455740377306938171e-02 3.091004863381385803e-02 5.143991112709045410e-02 2.185735478997230530e-02 1.090272367000579834e-01 9.177308529615402222e-03 4.973245412111282349e-02 1.500191446393728256e-02 3.301703557372093201e-02 8.669771254062652588e-03 3.286785632371902466e-02 3.445995226502418518e-02 1.028040982782840729e-02 4.629140719771385193e-02 7.399760186672210693e-03 4.135341197252273560e-02 2.858030050992965698e-02 7.100772578269243240e-03 1.920841448009014130e-02 1.733716391026973724e-02 9.514085948467254639e-03 4.402911290526390076e-02 5.092707276344299316e-02 9.291133843362331390e-03 2.339632716029882431e-03 2.823928929865360260e-02 2.995492517948150635e-02 2.799746580421924591e-02 4.560360312461853027e-02 6.258517038077116013e-03 1.339907571673393250e-02 8.601610362529754639e-02 2.245962247252464294e-02 2.852015383541584015e-02 1.029407791793346405e-02 5.491466075181961060e-02 7.438560947775840759e-03 3.217244229745119810e-04 2.129335328936576843e-02 1.585002057254314423e-02 4.049551859498023987e-02 7.488003373146057129e-02 8.589388802647590637e-03 2.323826961219310760e-02 4.117541015148162842e-02 4.518476873636245728e-02 2.099456451833248138e-02 2.215992659330368042e-03 4.782894253730773926e-02 6.565589457750320435e-03 4.398790374398231506e-02 3.213025256991386414e-02 4.483878239989280701e-02 2.900561504065990448e-02 2.211405336856842041e-02 3.927559405565261841e-02 2.638000808656215668e-02 6.386836990714073181e-03 1.349926833063364029e-02 1.311799883842468262e-02 5.029227584600448608e-02 1.430833898484706879e-02 1.765696145594120026e-02 1.457640528678894043e-01 3.754189610481262207e-02 1.315848082304000854e-01 3.066270425915718079e-02 1.068014558404684067e-02 5.019662156701087952e-02 5.870154500007629395e-02 3.765459358692169189e-02 8.939292747527360916e-04 3.524871170520782471e-02 3.072521276772022247e-02 4.266400635242462158e-02 6.785098463296890259e-02 3.253887593746185303e-02 1.514472905546426773e-02 2.429435402154922485e-02 7.375524844974279404e-03 8.979771286249160767e-03 3.913355991244316101e-02 5.126919224858283997e-02 2.159291505813598633e-02 1.733103394508361816e-02 1.362319942563772202e-02 1.444577798247337341e-02 1.136863604187965393e-02 4.295701161026954651e-02 2.431939123198390007e-03 1.461751572787761688e-02 2.406961098313331604e-02 5.035971477627754211e-02 2.610190771520137787e-02 2.777451276779174805e-02 1.883976161479949951e-02 1.748002506792545319e-02 1.984530873596668243e-02 1.457012630999088287e-02 3.934516757726669312e-02 2.919200435280799866e-02 2.198797464370727539e-02
8.303982764482498169e-02 9.537734836339950562e-02 4.316516220569610596e-02 2.394571155309677124e-02 4.726673010736703873e-03 1.371980737894773483e-02 2.100508473813533783e-02 2.682753372937440872e-03 5.720291286706924438e-03 1.095746178179979324e-02 5.000044107437133789e-01 3.360438719391822815e-02 1.184765473008155823e-01 5.617092549800872803e-02 7.872225344181060791e-02 2.136283740401268005e-02 1.880666427314281464e-02 6.959653925150632858e-03 1.444988884031772614e-03 2.168237604200839996e-02 2.196580544114112854e-02 7.105081528425216675e-02 1.415886357426643372e-02 5.002453550696372986e-02 2.959492616355419159e-02 2.361378446221351624e-02 7.520661689341068268e-03 6.205479055643081665e-02 1.230687950737774372e-03 5.041779577732086182e-02 2.515343390405178070e-02 3.184688836336135864e-02 3.656657785177230835e-02 2.424546703696250916e-02 4.290859401226043701e-02 9.792400524020195007e-03 1.557373162358999252e-02 2.683990460354834795e-04 3.917449712753295898e-02 2.296958118677139282e-02 3.998620901256799698e-03 3.763663396239280701e-02 7.523754611611366272e-03 2.542787976562976837e-02 1.777511276304721832e-02 3.139637410640716553e-02 5.688516795635223389e-02 5.839067045599222183e-03 1.232503633946180344e-02 3.675465285778045654e-02 1.028694678097963333e-02 1.347284764051437378e-02 4.466152284294366837e-03 8.168768137693405151e-03 3.100235946476459503e-02 1.936627179384231567e-02 5.024264007806777954e-02 8.190291002392768860e-03 1.978502981364727020e-02 9.795181453227996826e-03 4.125707969069480896e-02 3.224217891693115234e-02 1.784245297312736511e-02 2.369697438552975655e-03 2.812355943024158478e-02 1.643509045243263245e-02 6.214860361069440842e-03 6.220273673534393311e-03 2.735351212322711945e-03 4.108611121773719788e-02 3.205721150152385235e-04 4.529207199811935425e-02 3.535230085253715515e-02 2.067604288458824158e-02 2.900651656091213226e-02 2.270411327481269836e-02 4.207674041390419006e-02 2.215698547661304474e-02 2.582377940416336060e-02 1.195011474192142487e-02 3.329337760806083679e-02 4.272171296179294586e-03 4.554521292448043823e-03 4.481266438961029053e-02 2.087175659835338593e-02 4.749586805701255798e-02 5.551969632506370544e-02 2.640287391841411591e-02 3.938471525907516479e-02 9.099076502025127411e-03 2.755359513685107231e-03 1.628181710839271545e-02 3.140183538198471069e-02 1.797447539865970612e-02 3.148898482322692871e-02 4.765909910202026367e-02 5.132797732949256897e-02 3.599825873970985413e-02 5.617796909064054489e-03 2.850201679393649101e-03 1.321194227784872055e-03 4.205213394016027451e-03 4.710027575492858887e-02 4.820789396762847900e-02 1.528189610689878464e-02 8.759023621678352356e-03 5.585173517465591431e-02 4.209459945559501648e-02 6.493094377219676971e-03 8.622116292826831341e-04 3.580235643312335014e-03 5.218240246176719666e-02 2.010746859014034271e-02 1.121274288743734360e-02 2.696338575333356857e-03 4.688650742173194885e-02
4.850246757268905640e-02 2.907603792846202850e-02 9.040165459737181664e-04 8.231005049310624599e-04 2.008356153964996338e-02 9.051202237606048584e-02 6.885715574026107788e-02 1.406558230519294739e-02 1.530051697045564651e-02 2.268745377659797668e-02 3.360438719391822815e-02 4.832716286182403564e-01 4.818306118249893188e-02 2.402036041021347046e-01 5.141023575561121106e-05 3.104514814913272858e-02 4.446955397725105286e-02 1.934618339873850346e-03 6.640671938657760620e-02 3.597058122977614403e-03 1.769918389618396759e-02 3.853712230920791626e-02 1.963073574006557465e-02 1.662938669323921204e-02 3.143022209405899048e-02 3.729378804564476013e-02 2.337607555091381073e-02 1.200090069323778152e-02 3.807292878627777100e-02 4.163842275738716125e-02 4.158713668584823608e-02 2.878222614526748657e-02 3.196086362004280090e-02 1.461054198443889618e-02 3.583258017897605896e-02 2.616715803742408752e-02 4.375498369336128235e-02 3.246837854385375977e-02 4.569689929485321045e-02 2.291554957628250122e-02 6.277334759943187237e-04 3.838631883263587952e-02 6.771073210984468460e-03 7.032827124930918217e-05 7.388902455568313599e-02 5.844926461577415466e-02 3.168508782982826233e-02 5.587274208664894104e-02 5.938524380326271057e-03 2.728956937789916992e-02 3.202781826257705688e-02 1.991345733404159546e-02 2.282607555389404297e-02 1.039269194006919861e-02 6.301598623394966125e-03 3.091577673330903053e-03 6.232984364032745361e-03 2.138852287316694856e-04 1.399726606905460358e-02 1.775687187910079956e-02 2.944138646125793457e-02 3.286502510309219360e-02 4.338790103793144226e-02 2.423410303890705109e-02 4.379861522465944290e-03 6.389078684151172638e-03 3.713795915246009827e-02 3.595768660306930542e-02 3.807742847129702568e-03 1.990153826773166656e-02 3.178192302584648132e-02 1.179987378418445587e-02 1.194092328660190105e-03 3.170964866876602173e-02 4.817811399698257446e-02 2.418349310755729675e-02 4.129833355545997620e-02 1.421763212420046329e-03 1.989910565316677094e-02 1.371939852833747864e-02 1.885360851883888245e-02 1.058133877813816071e-02 1.667688973248004913e-02 3.904490917921066284e-02 5.027084797620773315e-02 3.089285455644130707e-02 2.656847611069679260e-02 2.457444323226809502e-03 4.366557300090789795e-02 7.750386744737625122e-02 1.574441790580749512e-02 1.064116787165403366e-02 6.614203006029129028e-02 3.567502647638320923e-02 4.189059603959321976e-03 1.580339111387729645e-02 3.831142559647560120e-02 8.293760009109973907e-03 1.266780658625066280e-03 2.077783271670341492e-02 2.265933342278003693e-02 4.181716591119766235e-02 3.414439409971237183e-02 2.457907050848007202e-02 3.617663308978080750e-02 4.781341925263404846e-02 1.943736337125301361e-02 1.257353462278842926e-02 3.393185138702392578e-02 2.903136983513832092e-02 1.999035291373729706e-02 4.276714101433753967e-02 2.931540273129940033e-02 1.522071566432714462e-02 9.836840443313121796e-03 2.578772418200969696e-02
7.401533424854278564e-02 8.979865163564682007e-02 2.542466670274734497e-02 4.290260002017021179e-02 2.858466841280460358e-02 3.002869524061679840e-02 3.910509496927261353e-02 1.817630045115947723e-02 1.928085647523403168e-02 1.660398021340370178e-02 1.184765473008155823e-01 4.818306118249893188e-02 5.056433677673339844e-01 2.425460889935493469e-02 6.985969841480255127e-02 3.615949302911758423e-02 1.260066404938697815e-02 9.470680728554725647e-03 4.554096981883049011e-02 4.086364433169364929e-02 3.242656961083412170e-02 6.927146017551422119e-02 1.341675128787755966e-02 2.214896492660045624e-02 3.378680720925331116e-02 2.253730036318302155e-02 1.398152671754360199e-02 5.747720971703529358e-02 6.537906592711806297e-04 5.636656284332275391e-02 2.658667787909507751e-02 5.403088033199310303e-02 5.473470687866210938e-02 3.158139437437057495e-02 3.616498410701751709e-02 3.277700627222657204e-03 2.455235645174980164e-02 2.725981362164020538e-02 3.699008375406265259e-02 7.165789138525724411e-04 3.000305406749248505e-02 5.137239396572113037e-02 1.638649776577949524e-02 1.601697993464767933e-03 3.470725193619728088e-02 3.886935114860534668e-02 7.273188978433609009e-02 3.001940064132213593e-02 9.103653952479362488e-03 2.600070647895336151e-02 1.606365852057933807e-02 7.618062663823366165e-04 2.949064597487449646e-03 1.130175869911909103e-02 1.748519763350486755e-02 4.179559648036956787e-02 2.129182033240795135e-02 2.617001906037330627e-02 2.348643261939287186e-03 3.255584463477134705e-02 2.541129849851131439e-02 4.474269598722457886e-02 7.818819023668766022e-03 1.700724096735939384e-04 3.462592139840126038e-02 3.808720782399177551e-02 9.865250438451766968e-03 7.750952150672674179e-03 4.703625291585922241e-02 3.595556691288948059e-02 3.423781320452690125e-02 5.090763047337532043e-02 1.010079123079776764e-02 1.009371224790811539e-02 3.001189231872558594e-02 1.884272322058677673e-02 2.572975680232048035e-02 2.234877087175846100e-03 2.254769392311573029e-02 3.805106878280639648e-02 1.378861907869577408e-02 1.441869605332612991e-02 2.956157363951206207e-02 3.322333097457885742e-02 1.496620289981365204e-02 4.429000988602638245e-02 4.981777817010879517e-02 4.772160947322845459e-02 2.833737060427665710e-02 1.225805934518575668e-02 1.264055352658033371e-02 1.271926332265138626e-02 3.333515487611293793e-03 2.802187344059348106e-03 4.287526011466979980e-02 5.702774226665496826e-02 4.200011864304542542e-02 4.977840930223464966e-02 3.732042759656906128e-02 3.231887146830558777e-02 6.796313449740409851e-03 9.533228585496544838e-04 2.872792817652225494e-02 3.055534511804580688e-02 9.605647064745426178e-03 1.171644404530525208e-02 5.099712312221527100e-02 3.118115849792957306e-02 1.903885044157505035e-02 9.766274131834506989e-03 5.431953445076942444e-02 1.903105876408517361e-03 1.103624422103166580e-02 1.028679311275482178e-02 6.388621404767036438e-03 1.304502692073583603e-02
