5.042124986648559570e-01 1.160356178879737854e-01 1.159006450325250626e-02 3.396793501451611519e-03 6.378812249749898911e-03 1.437700390815734863e-01 9.132496267557144165e-02 2.195769734680652618e-02 2.486684173345565796e-02 3.180822357535362244e-02 1.406170129776000977e-01 3.871486335992813110e-02 9.354724735021591187e-02 2.505899965763092041e-02 4.036856442689895630e-02 2.752426266670227051e-02 4.468268901109695435e-02 1.086425222456455231e-02 1.610660180449485779e-02 2.616677619516849518e-02 2.004859736189246178e-03 6.275795400142669678e-02 2.839164435863494873e-02 2.365542016923427582e-02 1.469445694237947464e-02 1.775052957236766815e-02 2.925809100270271301e-02 1.589868031442165375e-02 3.244269639253616333e-02 4.342271387577056885e-02 2.679125219583511353e-02 2.392112649977207184e-02 1.851828955113887787e-02 2.924398891627788544e-02 1.766575686633586884e-02 2.832574397325515747e-02 4.137760028243064880e-03 4.841750487685203552e-02 4.511401429772377014e-02 7.413823623210191727e-03 1.483903382904827595e-03 2.737650647759437561e-02 3.214155137538909912e-02 3.571898490190505981e-02 5.724484845995903015e-02 3.019885346293449402e-02 7.979767024517059326e-02 1.306765154004096985e-02 1.020178897306323051e-03 1.903269626200199127e-02 9.910513646900653839e-03 2.310047857463359833e-02 3.185313567519187927e-02 2.763351052999496460e-02 3.519367054104804993e-02 3.490943461656570435e-02 6.646642833948135376e-02 7.643570750951766968e-02 3.220829367637634277e-02 2.925883978605270386e-03 1.287355832755565643e-02 1.658987626433372498e-02 5.461774766445159912e-02 1.210046699270606041e-03 1.119059044867753983e-02 4.400762543082237244e-02 5.630458239465951920e-03 3.940664604306221008e-02 1.675048843026161194e-02 4.671769589185714722e-02 2.717207930982112885e-02 1.917753927409648895e-02 1.545594073832035065e-02 3.634646069258451462e-03 8.974796161055564880e-03 2.798777446150779724e-02 2.842343598604202271e-02 4.475159943103790283e-02 3.146008402109146118e-02 2.230066061019897461e-02 2.361498586833477020e-02 2.986048907041549683e-02 1.872143149375915527e-02 3.847089037299156189e-02 3.794118762016296387e-02 2.690123394131660461e-02 1.532303984276950359e-03 4.208745434880256653e-02 2.741011604666709900e-02 5.451747216284275055e-03 4.297925531864166260e-02 2.695492841303348541e-02 3.611361980438232422e-02 2.786329761147499084e-02 1.647702977061271667e-02 5.003675073385238647e-02 6.022625137120485306e-03 2.961616218090057373e-02 2.088627405464649200e-02 4.782498627901077271e-02 2.647756412625312805e-02 4.389141127467155457e-02 2.717386372387409210e-02 2.247952111065387726e-02 1.056090742349624634e-02 3.247923776507377625e-02 4.681852459907531738e-02 1.504265237599611282e-02 3.410325199365615845e-02 1.975170336663722992e-02 8.033763617277145386e-03 4.477490729186683893e-04 3.107766062021255493e-02 3.169601783156394958e-02 1.343923434615135193e-02 2.550756558775901794e-02
1.160356178879737854e-01 5.110232234001159668e-01 9.985368698835372925e-03 1.985496655106544495e-02 5.801599472761154175e-03 9.072800725698471069e-02 7.535755634307861328e-02 3.988259471952915192e-03 5.816057790070772171e-03 4.589359089732170105e-02 1.021627113223075867e-01 3.001102060079574585e-02 1.157141923904418945e-01 2.185743674635887146e-02 2.136275358498096466e-02 1.595959998667240143e-02 1.218878384679555893e-02 2.473747916519641876e-02 1.670480705797672272e-02 3.790310770273208618e-02 9.575905278325080872e-03 3.611383959650993347e-02 2.185125090181827545e-02 3.119886107742786407e-02 6.545641925185918808e-03 2.994260378181934357e-02 8.102646097540855408e-03 4.894778504967689514e-02 1.615845784544944763e-02 4.692403972148895264e-02 2.208890393376350403e-02 2.830403111875057220e-02 1.648352667689323425e-02 2.481717243790626526e-02 1.393748633563518524e-02 1.166691165417432785e-02 1.542203035205602646e-02 6.491676717996597290e-02 4.251578450202941895e-02 2.466824278235435486e-02 4.369398951530456543e-02 3.571467474102973938e-02 4.395567625761032104e-02 3.430180950090289116e-03 5.014858394861221313e-02 4.237792640924453735e-02 5.663519725203514099e-02 5.319166183471679688e-02 4.948890767991542816e-03 3.973848372697830200e-02 4.943372681736946106e-02 2.969511225819587708e-02 3.534629195928573608e-02 4.657016694545745850e-02 2.346271276473999023e-02 3.175109624862670898e-02 3.349969163537025452e-02 5.797732993960380554e-02 3.535327315330505371e-02 4.122176766395568848e-02 4.129712656140327454e-02 4.011706262826919556e-02 3.736153990030288696e-02 1.519466470927000046e-02 3.299970924854278564e-02 1.955766417086124420e-02 5.181987304240465164e-03 3.782866895198822021e-02 5.802942067384719849e-02 1.306825410574674606e-02 1.791475713253021240e-02 3.169267997145652771e-02 2.155680023133754730e-02 4.175246879458427429e-02 1.985740847885608673e-02 1.222442742437124252e-02 3.660483343992382288e-04 3.940879553556442261e-02 4.961365088820457458e-02 3.155212476849555969e-02 4.286115244030952454e-02 9.540739469230175018e-03 7.128414232283830643e-03 4.507548734545707703e-02 4.600162152200937271e-03 3.210935369133949280e-02 1.676102913916110992e-02 4.440342634916305542e-02 1.667890697717666626e-02 3.503553569316864014e-02 1.045765355229377747e-02 2.531874924898147583e-02 1.856824383139610291e-03 3.883816301822662354e-02 1.170730311423540115e-02 3.032108535990118980e-03 4.357330128550529480e-02 3.452945500612258911e-02 3.425100818276405334e-03 4.039580747485160828e-02 3.606215864419937134e-02 1.539541501551866531e-02 2.057753875851631165e-02 2.168239094316959381e-02 2.476183138787746429e-02 4.445962235331535339e-02 2.096818387508392334e-02 1.070348173379898071e-02 1.562097109854221344e-02 2.703867480158805847e-02 1.714236102998256683e-03 3.439553780481219292e-03 7.468437775969505310e-03 1.417139545083045959e-02 3.230484575033187866e-02 3.041650913655757904e-02
1.159006450325250626e-02 9.985368698835372925e-03 5.034977793693542480e-01 3.220965713262557983e-02 1.357655040919780731e-02 4.928766563534736633e-02 5.345425754785537720e-02 1.448343992233276367e-01 3.599086031317710876e-02 4.551191627979278564e-02 3.050166124012321234e-04 2.954497560858726501e-02 4.189265891909599304e-02 2.105922624468803406e-02 2.933695912361145020e-03 5.613867938518524170e-02 4.945936053991317749e-02 1.589898206293582916e-02 3.761391341686248779e-02 4.826894402503967285e-02 4.032335430383682251e-02 7.748752087354660034e-02 4.681614786386489868e-02 5.773574858903884888e-02 2.768309414386749268e-02 1.979258842766284943e-02 2.751634828746318817e-02 8.917025290429592133e-03 2.608705125749111176e-02 2.677035704255104065e-02 2.447180077433586121e-02 6.190124899148941040e-03 4.634992778301239014e-02 2.429051697254180908e-02 4.095634818077087402e-02 4.207903519272804260e-03 4.440165311098098755e-02 4.948296025395393372e-02 9.843115694820880890e-03 4.670641943812370300e-02 3.044261969625949860e-02 2.290755324065685272e-02 4.784989356994628906e-02 3.633571788668632507e-02 1.391656324267387390e-02 3.377269580960273743e-02 3.056573122739791870e-02 5.639578681439161301e-03 1.389613188803195953e-02 5.692303180694580078e-03 1.109677483327686787e-03 7.663683034479618073e-03 2.979814447462558746e-02 3.638683818280696869e-03 4.276442155241966248e-02 6.996288150548934937e-02 9.972777217626571655e-03 3.789399191737174988e-02 1.256869453936815262e-02 2.788123488426208496e-02 5.002932995557785034e-02 4.055144265294075012e-02 2.194200083613395691e-02 2.599800191819667816e-02 5.758341029286384583e-02 1.342819910496473312e-02 3.365657851099967957e-02 9.220309555530548096e-03 5.155665427446365356e-02 2.384740114212036133e-02 1.955687068402767181e-02 3.852685913443565369e-02 5.436608102172613144e-03 1.754225464537739754e-03 4.887566436082124710e-03 1.219428051263093948e-02 3.423444926738739014e-02 5.102300643920898438e-02 2.643610537052154541e-02 2.848341129720211029e-02 1.321890652179718018e-01 2.257426455616950989e-02 1.715155504643917084e-02 1.828356273472309113e-02 8.573375642299652100e-03 4.482166469097137451e-02 5.841521546244621277e-02 3.630773723125457764e-02 1.172207947820425034e-02 2.949125505983829498e-02 1.148395892232656479e-02 1.384757738560438156e-02 4.094852134585380554e-02 2.966343797743320465e-02 1.115639135241508484e-02 7.410234771668910980e-03 3.677919879555702209e-02 2.589583396911621094e-02 1.959569519385695457e-03 1.318160258233547211e-02 5.427219346165657043e-02 6.841637194156646729e-03 2.036767452955245972e-02 3.878355026245117188e-02 3.049344569444656372e-02 1.530880108475685120e-02 1.333133596926927567e-02 6.245617754757404327e-03 6.994376424700021744e-03 3.011429123580455780e-02 4.791992902755737305e-02 6.118112243711948395e-03 4.178881272673606873e-02 3.700804337859153748e-02 1.964322663843631744e-02 4.424300044775009155e-02
3.396793501451611519e-03 1.985496655106544495e-02 3.220965713262557983e-02 5.075058937072753906e-01 7.561115175485610962e-02 2.593963965773582458e-02 3.002277389168739319e-02 5.271771224215626717e-04 4.945257678627967834e-02 3.963837400078773499e-02 4.043736495077610016e-03 4.509826656430959702e-03 1.831967569887638092e-02 3.240551427006721497e-02 1.329762209206819534e-02 6.013638339936733246e-03 9.756756946444511414e-03 2.820183150470256805e-02 3.042409755289554596e-02 5.368480458855628967e-02 1.523361424915492535e-03 1.781339384615421295e-02 1.158710196614265442e-02 3.624263405799865723e-02 3.274750709533691406e-02 3.585168346762657166e-02 9.504605084657669067e-03 1.359932962805032730e-02 4.706311598420143127e-02 1.125317625701427460e-02 2.805933728814125061e-02 3.269141912460327148e-02 1.463601947762072086e-04 3.658674890175461769e-03 1.855785213410854340e-02 1.660758815705776215e-02 2.924407273530960083e-02 3.521388024091720581e-02 1.208297349512577057e-02 3.975867293775081635e-03 3.912106901407241821e-02 6.653031334280967712e-03 3.218818455934524536e-02 1.974179968237876892e-02 2.905274182558059692e-02 1.071773841977119446e-02 1.080643199384212494e-02 3.710242733359336853e-02 1.929026213474571705e-03 1.113789621740579605e-02 4.211954772472381592e-02 3.086424805223941803e-02 3.652144968509674072e-02 5.004766583442687988e-02 6.579789333045482635e-03 4.092120379209518433e-02 2.465555071830749512e-02 1.291962619870901108e-02 1.748955622315406799e-02 4.213732481002807617e-02 5.293100606650114059e-03 4.752778634428977966e-02 5.721069872379302979e-02 5.378641560673713684e-02 1.455261744558811188e-02 1.404440309852361679e-02 2.915910072624683380e-02 2.640142105519771576e-02 1.659340038895606995e-02 2.997751161456108093e-02 2.209176681935787201e-02 5.447166506201028824e-03 6.793648749589920044e-02 4.131713882088661194e-02 5.632606521248817444e-02 8.143790066242218018e-03 1.186665147542953491e-02 5.785424634814262390e-02 1.081845257431268692e-02 9.915068745613098145e-03 1.617726497352123260e-02 2.895932458341121674e-02 1.222179736942052841e-03 2.477427758276462555e-02 2.830042690038681030e-02 1.866972446441650391e-02 1.187707390636205673e-02 3.543528169393539429e-02 2.804101444780826569e-02 7.404382806271314621e-03 4.049415513873100281e-02 2.659424953162670135e-02 8.293314836919307709e-03 7.288467604666948318e-03 8.389884606003761292e-03 5.760373547673225403e-02 2.598071657121181488e-02 4.386251792311668396e-02 1.975989528000354767e-02 1.539304759353399277e-02 1.356210652738809586e-02 4.340703785419464111e-02 1.395988091826438904e-02 3.836777433753013611e-02 8.414412848651409149e-03 2.419426850974559784e-02 1.285698823630809784e-02 3.843715041875839233e-02 4.173895716667175293e-02 2.291366457939147949e-02 2.459183335304260254e-02 1.591900549829006195e-02 3.501994907855987549e-02 2.717534662224352360e-04 2.102510817348957062e-02 1.776429452002048492e-02
6.378812249749898911e-03 5.801599472761154175e-03 1.357655040919780731e-02 7.561115175485610962e-02 5.045211315155029297e-01 3.298527328297495842e-03 6.439794320613145828e-03 2.911444194614887238e-02 5.573384463787078857e-02 3.977308422327041626e-02 5.043791607022285461e-04 4.724571408587507904e-05 2.071232162415981293e-02 7.670567836612462997e-03 1.399344392120838165e-02 1.982489228248596191e-02 4.468892887234687805e-02 3.385018184781074524e-02 2.490289323031902313e-02 3.999852016568183899e-02 3.452624380588531494e-02 3.581447899341583252e-02 1.533313840627670288e-02 3.006394021213054657e-02 3.200911357998847961e-02 5.615611374378204346e-02 3.010981716215610504e-03 9.402225725352764130e-03 4.097532480955123901e-02 1.123421639204025269e-02 9.992955252528190613e-03 3.312908485531806946e-02 3.293402865529060364e-02 1.796953380107879639e-02 4.205345176160335541e-03 3.096657432615756989e-02 8.415803313255310059e-03 2.822883613407611847e-02 3.810175135731697083e-02 7.817216217517852783e-03 3.853909904137253761e-03 6.004919414408504963e-04 5.418403539806604385e-03 2.769159153103828430e-02 3.113043121993541718e-02 2.246755408123135567e-03 1.060815807431936264e-02 2.635054104030132294e-02 6.696364376693964005e-03 2.609419636428356171e-02 4.241213575005531311e-02 3.832705318927764893e-02 2.495437487959861755e-02 6.125453859567642212e-02 8.948520757257938385e-03 4.580322653055191040e-02 1.895791478455066681e-02 1.900077424943447113e-02 1.015640096738934517e-03 3.696855157613754272e-02 1.858144439756870270e-02 1.688950695097446442e-02 2.951682917773723602e-02 5.221133306622505188e-02 4.279948025941848755e-02 1.491424813866615295e-02 2.946312073618173599e-03 3.029888961464166641e-03 1.891544088721275330e-02 1.311316434293985367e-02 2.452941052615642548e-02 2.568044001236557961e-03 4.948456585407257080e-02 5.749782081693410873e-03 6.881073862314224243e-02 1.882352679967880249e-02 1.614973321557044983e-02 1.860205642879009247e-02 3.120642714202404022e-02 5.419231951236724854e-02 4.065805301070213318e-02 2.203318756073713303e-03 1.318831741809844971e-02 5.294954031705856323e-02 1.773061603307723999e-02 2.920232713222503662e-02 4.201083630323410034e-02 5.033212248235940933e-03 3.414854034781455994e-02 2.881067804992198944e-02 5.229622870683670044e-02 1.185382436960935593e-02 1.565647311508655548e-02 5.173013731837272644e-02 6.939809769392013550e-03 1.458189636468887329e-02 2.041112817823886871e-02 4.422482103109359741e-02 9.417642839252948761e-03 4.276606813073158264e-02 2.378546819090843201e-02 4.553935676813125610e-02 3.644905611872673035e-02 5.474405828863382339e-03 9.227640926837921143e-03 1.244102884083986282e-02 1.429554075002670288e-02 1.867165789008140564e-02 2.603718452155590057e-02 5.176420090720057487e-04 3.790737595409154892e-03 1.114654727280139923e-02 3.103807941079139709e-02 5.719156563282012939e-02 3.079853206872940063e-02 4.214900732040405273e-02
1.437700390815734863e-01 9.072800725698471069e-02 4.928766563534736633e-02 2.593963965773582458e-02 3.298527328297495842e-03 5.087773799896240234e-01 1.529449522495269775e-01 4.063955321907997131e-02 2.192038111388683319e-02 2.685904875397682190e-02 9.850345551967620850e-02 8.170727523975074291e-04 8.566933125257492065e-02 4.233965650200843811e-03 8.726160973310470581e-03 2.395404875278472900e-02 2.398887462913990021e-02 2.125311084091663361e-02 8.742642588913440704e-03 1.495084352791309357e-02 8.650626987218856812e-03 8.127032779157161713e-04 1.214689202606678009e-02 2.516090869903564453e-02 4.409029707312583923e-02 4.893765971064567566e-02 3.237183764576911926e-02 5.585714709013700485e-03 1.652590371668338776e-02 2.073227800428867340e-02 5.741004366427659988e-03 2.666996419429779053e-02 3.665618970990180969e-02 2.525921352207660675e-02 2.864868845790624619e-03 5.072117224335670471e-02 4.839243739843368530e-02 5.839287117123603821e-02 3.844288736581802368e-02 2.153699472546577454e-02 2.702256292104721069e-02 2.446704730391502380e-02 1.078961323946714401e-02 1.824566721916198730e-02 3.635601373389363289e-03 1.711348630487918854e-02 1.580699533224105835e-01 7.819768786430358887e-02 2.987327426671981812e-02 3.711932897567749023e-02 4.249770194292068481e-03 1.838522404432296753e-02 2.135773189365863800e-02 3.608537837862968445e-02 4.152743518352508545e-02 4.502948373556137085e-02 7.459019776433706284e-03 3.537000343203544617e-02 4.442362487316131592e-02 3.605455160140991211e-02 3.797109937295317650e-03 3.473124280571937561e-02 4.685925785452127457e-03 2.186807617545127869e-02 3.743761405348777771e-02 5.033402238041162491e-03 5.852128844708204269e-03 3.891146928071975708e-02 3.000252693891525269e-02 3.612454608082771301e-02 2.827310003340244293e-03 1.790863275527954102e-02 2.732741460204124451e-02 3.148684278130531311e-02 1.148425694555044174e-02 2.574465237557888031e-02 2.003832533955574036e-02 1.334825996309518814e-02 1.961341872811317444e-02 1.261123362928628922e-02 8.843975141644477844e-03 1.653753779828548431e-02 1.463071536272764206e-02 3.400579094886779785e-02 9.776173392310738564e-04 1.404606830328702927e-02 2.272156067192554474e-02 4.796788468956947327e-02 3.239170834422111511e-02 2.318672835826873779e-02 1.328198239207267761e-02 2.526526898145675659e-02 1.816869154572486877e-02 3.637917712330818176e-02 4.598185420036315918e-02 1.808034628629684448e-02 2.384200505912303925e-02 2.417267858982086182e-02 1.076941005885601044e-02 3.412946313619613647e-02 3.660234436392784119e-02 4.851320758461952209e-02 3.779564425349235535e-02 1.651593111455440521e-02 3.109118901193141937e-02 4.833289980888366699e-02 2.490224316716194153e-03 9.449596516788005829e-03 4.283542931079864502e-02 2.396839857101440430e-02 2.578099491074681282e-03 4.522863775491714478e-02 3.527074307203292847e-02 2.982473187148571014e-02 2.886204794049263000e-02 2.779843844473361969e-02
9.132496267557144165e-02 7.535755634307861328e-02 5.345425754785537720e-02 3.002277389168739319e-02 6.439794320613145828e-03 1.529449522495269775e-01 5.032550692558288574e-01 1.924954168498516083e-02 5.303910002112388611e-02 2.195165865123271942e-02 5.635267868638038635e-02 3.254577890038490295e-02 6.032811850309371948e-02 2.896953746676445007e-02 1.281586103141307831e-02 1.375714503228664398e-02 2.372620999813079834e-02 3.829605132341384888e-02 2.782995114102959633e-03 1.241308823227882385e-02 1.574593596160411835e-02 1.972241885960102081e-02 7.557727396488189697e-03 4.362465813755989075e-03 1.724048517644405365e-02 4.645342379808425903e-02 1.019360311329364777e-02 4.791323840618133545e-02 3.602289780974388123e-02 4.912606254220008850e-02 2.128509059548377991e-02 5.805591586977243423e-03 1.172723062336444855e-02 5.341411754488945007e-02 5.724282469600439072e-03 1.880833134055137634e-02 1.114293560385704041e-02 3.258188441395759583e-02 3.798344731330871582e-02 1.467840094119310379e-02 4.608988389372825623e-02 8.090376853942871094e-03 7.448319811373949051e-03 9.527104906737804413e-03 4.536076262593269348e-02 4.192532971501350403e-02 1.620414406061172485e-01 1.522383987903594971e-01 2.479088678956031799e-02 1.907058432698249817e-02 1.793248578906059265e-02 4.651635885238647461e-02 4.433833435177803040e-02 2.135624550282955170e-02 2.228380739688873291e-02 3.443355858325958252e-02 3.846200928092002869e-02 1.655586250126361847e-02 4.569282010197639465e-02 1.635592617094516754e-02 3.496056050062179565e-02 1.456836145371198654e-02 5.181003361940383911e-02 3.405330330133438110e-02 8.037640713155269623e-03 1.368083525449037552e-03 4.228857811540365219e-03 5.109801515936851501e-02 1.270591164939105511e-03 8.608677424490451813e-03 1.279260125011205673e-02 4.676908254623413086e-03 3.230715915560722351e-02 3.305637091398239136e-02 2.873833663761615753e-02 3.088280558586120605e-02 2.867920137941837311e-02 4.992672428488731384e-02 1.090781949460506439e-02 4.589599370956420898e-02 2.001037262380123138e-02 2.531637146603316069e-04 5.140686873346567154e-03 1.436156034469604492e-02 1.585608907043933868e-02 8.554290980100631714e-03 3.267282992601394653e-02 6.932864896953105927e-03 7.369880098849534988e-03 1.517065241932868958e-02 3.081845492124557495e-02 2.826274000108242035e-02 4.888855665922164917e-02 3.815527632832527161e-02 1.085711061023175716e-03 2.991041913628578186e-02 2.142512239515781403e-02 7.003175560384988785e-03 1.204579044133424759e-02 1.147975679486989975e-02 1.417381968349218369e-02 2.697142027318477631e-02 1.936008408665657043e-02 2.449387125670909882e-02 2.261047950014472008e-03 3.155126422643661499e-02 9.625231847167015076e-03 1.614204794168472290e-02 2.777301892638206482e-02 6.001849193125963211e-03 1.096650399267673492e-02 3.152033314108848572e-02 2.144691348075866699e-02 3.658321127295494080e-02 9.060286916792392731e-03 1.841151714324951172e-02
2.195769734680652618e-02 3.988259471952915192e-03 1.448343992233276367e-01 5.271771224215626717e-04 2.911444194614887238e-02 4.063955321907997131e-02 1.924954168498516083e-02 4.909054338932037354e-01 4.348208755254745483e-02 1.621534302830696106e-02 8.696959353983402252e-03 3.604734782129526138e-03 3.561587631702423096e-02 1.968671195209026337e-02 3.090421669185161591e-02 4.845446441322565079e-03 1.673549786210060120e-02 4.467141628265380859e-02 1.455746777355670929e-02 1.851719245314598083e-02 3.337043151259422302e-02 9.347702562808990479e-02 3.551488742232322693e-02 2.512338012456893921e-02 2.788936533033847809e-02 1.213183254003524780e-02 6.138945464044809341e-03 1.371586695313453674e-03 5.870397761464118958e-02 3.446344286203384399e-02 2.754775341600179672e-03 2.001806534826755524e-02 4.433011636137962341e-02 8.038840023800730705e-04 8.740055374801158905e-03 1.665088161826133728e-02 1.269657723605632782e-02 2.437165565788745880e-02 1.326211146079003811e-03 9.034904651343822479e-03 2.479587681591510773e-02 2.114349603652954102e-02 8.138270117342472076e-03 7.094093598425388336e-03 3.950687870383262634e-02 8.635737933218479156e-03 1.286233030259609222e-02 4.423083364963531494e-02 2.788070403039455414e-02 1.730458438396453857e-02 1.651519164443016052e-02 1.814772374927997589e-02 3.743929415941238403e-02 2.160343155264854431e-02 3.722381591796875000e-02 6.110881920903921127e-03 4.165373370051383972e-02 4.864749312400817871e-02 1.298170536756515503e-03 2.185773290693759918e-02 3.263732045888900757e-02 1.069781836122274399e-02 3.412554040551185608e-02 4.164233058691024780e-02 4.677591100335121155e-02 8.233092725276947021e-03 3.829484805464744568e-02 2.687941305339336395e-02 4.426527023315429688e-02 1.595063949935138226e-03 4.030095040798187256e-02 1.343423873186111450e-02 1.376509759575128555e-02 1.354847010225057602e-02 7.429248187690973282e-03 3.275365382432937622e-02 2.609561569988727570e-02 8.363997563719749451e-03 2.832478284835815430e-02 6.514000240713357925e-03 1.096032932400703430e-01 2.695142989978194237e-03 1.636276766657829285e-02 9.066438302397727966e-03 6.840168498456478119e-03 3.687869175337255001e-04 6.686440855264663696e-02 8.340471237897872925e-02 1.617735065519809723e-02 2.863044105470180511e-02 9.883220307528972626e-03 1.145816501230001450e-02 4.260682314634323120e-02 1.659107953310012817e-02 3.473930060863494873e-02 5.124197900295257568e-02 2.523104660212993622e-02 1.471173949539661407e-02 4.837083164602518082e-03 3.399272263050079346e-02 4.542922601103782654e-02 4.508234933018684387e-02 1.552859228104352951e-02 1.462614722549915314e-02 5.822040513157844543e-02 2.447134815156459808e-02 1.321221352554857731e-03 9.450845420360565186e-03 3.891878947615623474e-02 3.020330565050244331e-03 2.377833798527717590e-02 1.918994262814521790e-02 3.761255741119384766e-02 7.002316880971193314e-03 3.416208922863006592e-02 8.086568675935268402e-03
2.486684173345565796e-02 5.816057790070772171e-03 3.599086031317710876e-02 4.945257678627967834e-02 5.573384463787078857e-02 2.192038111388683319e-02 5.303910002112388611e-02 4.348208755254745483e-02 5.084736347198486328e-01 4.321157559752464294e-02 5.115591362118721008e-02 3.540777415037155151e-02 1.671015284955501556e-02 3.836023062467575073e-02 1.692207343876361847e-02 1.479711290448904037e-02 2.533013746142387390e-02 9.025754034519195557e-02 4.003476351499557495e-03 5.174136906862258911e-02 5.944985896348953247e-03 6.112931761890649796e-03 3.214633837342262268e-02 6.939668674021959305e-04 2.457069791853427887e-02 2.437704801559448242e-02 1.621882990002632141e-02 3.809894621372222900e-02 5.821934435516595840e-03 5.101543664932250977e-02 1.467307563871145248e-02 4.143548756837844849e-02 2.235917933285236359e-02 4.175863415002822876e-02 4.411308094859123230e-02 8.361279033124446869e-03 4.464728012681007385e-02 3.956236317753791809e-02 4.861462488770484924e-02 2.327731437981128693e-02 3.006463870406150818e-02 3.782450780272483826e-02 1.886409707367420197e-02 4.474769905209541321e-02 2.006783895194530487e-02 1.973828114569187164e-02 2.402462251484394073e-02 3.368724137544631958e-02 3.787485137581825256e-02 1.356740016490221024e-03 3.062427043914794922e-02 1.582752168178558350e-02 5.308997631072998047e-02 1.930327713489532471e-02 9.806456416845321655e-02 4.628857970237731934e-02 7.181552704423666000e-03 1.278107799589633942e-02 4.455035179853439331e-02 1.125926896929740906e-02 2.157559990882873535e-02 2.701503969728946686e-02 3.109421953558921814e-02 3.597399219870567322e-02 2.335054986178874969e-02 2.242920733988285065e-02 4.062555730342864990e-02 5.492599681019783020e-02 6.138135213404893875e-03 2.554257214069366455e-02 8.942036889493465424e-03 9.452427178621292114e-02 5.014765262603759766e-02 2.577993459999561310e-02 3.827368095517158508e-02 9.005271643400192261e-02 1.262090802192687988e-01 6.793799996376037598e-02 7.555293291807174683e-02 1.393342670053243637e-02 1.739803887903690338e-02 4.311306867748498917e-03 2.614016877487301826e-03 4.094671830534934998e-02 5.979407206177711487e-02 1.932423003017902374e-02 1.006012223660945892e-02 4.805513471364974976e-02 3.773438185453414917e-02 1.383179426193237305e-02 2.789195394143462181e-03 2.803774736821651459e-02 2.572254650294780731e-02 3.283841535449028015e-02 3.201366215944290161e-02 1.145472377538681030e-02 9.109199978411197662e-03 9.896469861268997192e-02 5.079209059476852417e-02 1.189915370196104050e-02 2.987004816532135010e-02 4.502641782164573669e-02 1.832314953207969666e-02 1.109027955681085587e-02 2.929096342995762825e-03 2.869877591729164124e-02 4.722661897540092468e-02 1.743231667205691338e-03 4.406052082777023315e-02 5.461629480123519897e-02 7.290692068636417389e-03 1.182216033339500427e-02 2.665613591670989990e-02 3.820242732763290405e-02 3.610755549743771553e-03 2.174254134297370911e-02
3.180822357535362244e-02 4.589359089732170105e-02 4.551191627979278564e-02 3.963837400078773499e-02 3.977308422327041626e-02 2.685904875397682190e-02 2.195165865123271942e-02 1.621534302830696106e-02 4.321157559752464294e-02 5.083802938461303711e-01 1.029670890420675278e-02 1.024215947836637497e-03 4.736018925905227661e-02 4.642388224601745605e-02 4.736050218343734741e-02 5.608256533741950989e-02 9.135239524766802788e-04 3.839084133505821228e-02 1.082293614745140076e-01 1.007383689284324646e-02 2.738224342465400696e-02 2.715258672833442688e-02 5.766267329454421997e-02 1.900710538029670715e-02 5.950058344751596451e-03 1.873004622757434845e-02 3.870410844683647156e-02 1.673739403486251831e-02 2.810283191502094269e-02 1.149336248636245728e-02 7.303336635231971741e-03 6.121316924691200256e-03 4.909002408385276794e-02 3.100264584645628929e-03 1.939804852008819580e-02 5.445414409041404724e-02 1.893160678446292877e-02 1.379605103284120560e-02 4.702582582831382751e-02 5.109870061278343201e-02 3.618957847356796265e-02 4.694646969437599182e-02 1.952592283487319946e-02 4.748959094285964966e-02 2.806606143712997437e-02 3.156381845474243164e-02 3.353900089859962463e-02 6.696215830743312836e-03 1.313662622123956680e-02 5.058818683028221130e-02 4.157999157905578613e-02 4.119553416967391968e-02 1.699833013117313385e-02 4.225614480674266815e-03 4.236933961510658264e-02 1.196191087365150452e-01 3.105453588068485260e-02 5.308090150356292725e-02 2.266375347971916199e-02 2.254473976790904999e-03 4.877739027142524719e-02 1.101847365498542786e-02 3.596387431025505066e-02 8.119920268654823303e-03 1.873221620917320251e-02 5.144575238227844238e-02 4.729827120900154114e-02 4.336261376738548279e-02 5.012787878513336182e-02 7.015144079923629761e-02 2.917416952550411224e-02 3.286937251687049866e-02 3.096366487443447113e-02 1.024730876088142395e-01 1.519208028912544250e-02 1.431570481508970261e-02 2.309052832424640656e-02 9.631503373384475708e-02 4.306305199861526489e-02 1.200021952390670776e-01 8.025300689041614532e-03 3.566684946417808533e-02 3.867958905175328255e-03 7.172933220863342285e-02 1.800001412630081177e-02 2.946507930755615234e-02 5.138450488448143005e-02 5.284791812300682068e-03 4.150598123669624329e-02 1.763596199452877045e-02 2.209502831101417542e-02 2.619338594377040863e-02 6.361254025250673294e-03 3.773908689618110657e-02 2.513536438345909119e-02 5.742748454213142395e-02 1.820041425526142120e-02 7.968607358634471893e-03 4.784050956368446350e-02 3.316742926836013794e-02 3.497811406850814819e-02 1.823314093053340912e-02 2.981905452907085419e-02 2.036970853805541992e-02 6.294662598520517349e-03 4.292930662631988525e-02 1.984526775777339935e-02 5.200852639973163605e-03 3.683217987418174744e-02 6.836432032287120819e-03 4.406679794192314148e-02 3.647769615054130554e-02 4.343900829553604126e-02 3.742162510752677917e-02 3.817157819867134094e-02 1.670579053461551666e-02
1.406170129776000977e-01 1.021627113223075867e-01 3.050166124012321234e-04 4.043736495077610016e-03 5.043791607022285461e-04 9.850345551967620850e-02 5.635267868638038635e-02 8.696959353983402252e-03 5.115591362118721008e-02 1.029670890420675278e-02 5.131501555442810059e-01 5.349850654602050781e-02 1.202466040849685669e-01 2.843548730015754700e-02 4.558587074279785156e-02 3.498182166367769241e-03 2.880141697824001312e-02 2.315916307270526886e-02 5.461469292640686035e-02 5.102320015430450439e-02 7.455383893102407455e-03 8.935664594173431396e-02 1.400010753422975540e-02 1.724389940500259399e-02 3.221863508224487305e-02 3.289527259767055511e-03 9.726119786500930786e-02 5.978601053357124329e-02 3.552027046680450439e-02 3.680306673049926758e-02 3.678978607058525085e-02 8.325642906129360199e-03 7.388315163552761078e-03 3.049655631184577942e-02 2.144280634820461273e-02 8.300192654132843018e-03 1.442517898976802826e-02 5.323438718914985657e-02 4.704418405890464783e-02 1.343740895390510559e-02 1.315353438258171082e-02 3.004316426813602448e-02 3.412731736898422241e-02 2.136968635022640228e-02 3.529474139213562012e-02 2.381577901542186737e-02 7.111653685569763184e-02 3.571017412468791008e-03 1.718771457672119141e-02 2.407661452889442444e-02 4.314981028437614441e-02 1.409499347209930420e-02 5.366532132029533386e-02 6.402288097888231277e-03 8.039121516048908234e-03 2.576474472880363464e-02 2.492600679397583008e-02 6.261557340621948242e-02 1.658892375417053699e-03 4.168598912656307220e-03 1.166452281177043915e-02 2.085253223776817322e-02 4.181184992194175720e-02 2.023173728957772255e-03 2.866924181580543518e-02 3.906388208270072937e-02 4.509161226451396942e-03 2.716667018830776215e-02 1.791192591190338135e-02 8.483127690851688385e-03 4.073628410696983337e-02 3.458625823259353638e-02 2.776573598384857178e-02 2.030859701335430145e-02 2.574653923511505127e-02 1.301203155890107155e-03 2.685859799385070801e-02 3.300697728991508484e-02 3.777919709682464600e-02 1.707429066300392151e-02 2.087896130979061127e-02 3.047746792435646057e-02 4.394387453794479370e-02 2.315215952694416046e-02 7.867652922868728638e-03 2.139485813677310944e-02 2.897249534726142883e-03 4.146577417850494385e-02 2.502463385462760925e-02 3.046396560966968536e-02 2.783487923443317413e-02 6.896734982728958130e-02 3.876849636435508728e-02 3.044492751359939575e-02 4.963117465376853943e-02 4.429220035672187805e-02 2.895922772586345673e-02 2.541236393153667450e-02 2.837168797850608826e-02 3.494369611144065857e-02 2.201970666646957397e-02 3.359248116612434387e-02 3.305896371603012085e-02 3.349140286445617676e-02 3.804157674312591553e-02 2.657345123589038849e-02 1.988621428608894348e-02 7.822792977094650269e-03 9.147034026682376862e-03 2.060870267450809479e-02 4.037978500127792358e-02 2.633054368197917938e-02 2.152468822896480560e-02 3.618492186069488525e-02 2.530000358819961548e-02 4.704282432794570923e-02
3.871486335992813110e-02 3.001102060079574585e-02 2.954497560858726501e-02 4.509826656430959702e-03 4.724571408587507904e-05 8.170727523975074291e-04 3.254577890038490295e-02 3.604734782129526138e-03 3.540777415037155151e-02 1.024215947836637497e-03 5.349850654602050781e-02 5.127800703048706055e-01 2.970223128795623779e-02 1.004768833518028259e-01 1.900972984731197357e-02 3.779804334044456482e-02 1.953794807195663452e-02 5.912514030933380127e-02 3.796058148145675659e-02 1.039562933146953583e-02 1.657492294907569885e-02 4.338198527693748474e-02 1.145678665488958359e-02 1.285662874579429626e-03 9.991850238293409348e-04 3.629445657134056091e-02 1.742277294397354126e-02 7.648931443691253662e-02 3.831436857581138611e-02 6.450276076793670654e-02 2.865722216665744781e-02 7.522415369749069214e-03 1.516741607338190079e-02 8.479098789393901825e-03 5.002363119274377823e-03 2.555960230529308319e-02 2.638023346662521362e-02 1.416224637068808079e-03 4.260155372321605682e-03 1.029195263981819153e-02 2.889422886073589325e-02 1.758221536874771118e-02 4.823023453354835510e-02 5.677385255694389343e-02 2.542632073163986206e-02 4.349175468087196350e-02 1.929198205471038818e-02 1.425285823643207550e-02 5.876634642481803894e-02 5.078588426113128662e-02 4.719047248363494873e-02 6.021611019968986511e-02 3.305299952626228333e-02 2.178149484097957611e-02 1.226888131350278854e-02 3.551522269845008850e-02 2.113620750606060028e-02 1.495490688830614090e-02 2.367519587278366089e-02 2.329157106578350067e-02 4.679322987794876099e-02 3.534498810768127441e-02 1.065477915108203888e-02 2.230721525847911835e-02 1.928251795470714569e-02 3.298000618815422058e-02 4.635568708181381226e-02 2.167600952088832855e-02 1.297968905419111252e-02 5.323433317244052887e-03 1.532769761979579926e-02 7.548370864242315292e-03 9.359625168144702911e-03 3.368084132671356201e-02 1.297272462397813797e-02 2.279761619865894318e-02 1.364581100642681122e-02 4.780670627951622009e-03 6.303522735834121704e-02 5.681195110082626343e-02 3.798474743962287903e-02 7.688021659851074219e-02 2.702145837247371674e-02 2.928959764540195465e-02 2.484749443829059601e-02 1.506644114851951599e-02 2.670817263424396515e-02 3.141891956329345703e-02 6.567996740341186523e-02 5.962104722857475281e-02 2.770040184259414673e-02 4.359878227114677429e-02 4.715656861662864685e-02 2.395695634186267853e-02 1.732594706118106842e-02 3.729063272476196289e-02 3.647544607520103455e-02 1.852589845657348633e-02 2.143067121505737305e-02 2.709747292101383209e-02 3.052966482937335968e-02 2.493021823465824127e-02 3.519956022500991821e-03 4.437058046460151672e-02 2.198493108153343201e-02 1.481195795349776745e-03 3.097574599087238312e-02 9.266396984457969666e-03 3.742018342018127441e-02 4.246488213539123535e-02 1.023995969444513321e-02 4.767091944813728333e-02 2.144757658243179321e-02 5.121907591819763184e-02 5.247840285301208496e-02 1.730684936046600342e-02
9.354724735021591187e-02 1.157141923904418945e-01 4.189265891909599304e-02 1.831967569887638092e-02 2.071232162415981293e-02 8.566933125257492065e-02 6.032811850309371948e-02 3.561587631702423096e-02 1.671015284955501556e-02 4.736018925905227661e-02 1.202466040849685669e-01 2.970223128795623779e-02 5.120598673820495605e-01 2.105615334585309029e-03 2.625126764178276062e-02 1.404705550521612167e-02 8.619701489806175232e-03 6.484045647084712982e-03 1.366083510220050812e-02 1.299137994647026062e-02 3.354589268565177917e-02 8.734230697154998779e-02 5.806605331599712372e-03 5.044335033744573593e-03 1.570917433127760887e-03 2.288893423974514008e-02 7.171132415533065796e-02 5.200403183698654175e-02 2.245305106043815613e-03 5.652473866939544678e-02 3.798978403210639954e-02 3.762054815888404846e-02 1.204527821391820908e-02 1.051401346921920776e-02 1.681294292211532593e-02 1.436981186270713806e-02 4.076873138546943665e-02 2.615412510931491852e-02 5.498417094349861145e-02 6.513156928122043610e-03 4.603151232004165649e-02 7.114154868759214878e-05 2.196320146322250366e-02 5.924389697611331940e-03 4.721169546246528625e-02 4.956363141536712646e-02 6.861955672502517700e-02 3.825014457106590271e-02 9.507638402283191681e-03 4.441398754715919495e-02 1.884622871875762939e-02 1.156451832503080368e-02 1.766387745738029480e-02 5.845344066619873047e-02 3.094794787466526031e-02 3.868557512760162354e-02 2.098559634760022163e-03 3.973418474197387695e-02 1.713852025568485260e-02 3.865992650389671326e-02 2.924766577780246735e-02 4.063879325985908508e-02 2.966110035777091980e-02 1.138909626752138138e-02 1.373106241226196289e-02 2.108888514339923859e-02 5.263966321945190430e-02 1.877177879214286804e-02 3.918651863932609558e-02 3.899671882390975952e-02 6.405200343579053879e-03 8.993518538773059845e-03 7.862398400902748108e-03 3.721264004707336426e-02 1.793998060747981071e-03 4.222666844725608826e-02 1.280571147799491882e-02 3.958351537585258484e-02 3.218685835599899292e-02 4.957534372806549072e-02 6.593098398298025131e-03 4.100884124636650085e-02 7.087406702339649200e-03 4.413396120071411133e-02 4.597526974976062775e-03 3.779396181926131248e-03 1.188594009727239609e-02 3.286293894052505493e-02 4.292936623096466064e-02 4.301173612475395203e-02 3.382248431444168091e-02 4.739674925804138184e-02 1.510574202984571457e-02 3.928920719772577286e-03 3.773185610771179199e-02 1.727769849821925163e-03 3.623013570904731750e-02 1.821963302791118622e-02 1.242861896753311157e-02 3.108672611415386200e-02 3.691808879375457764e-02 8.957763202488422394e-03 4.287201911211013794e-02 9.687876328825950623e-03 5.853435769677162170e-02 5.244331061840057373e-02 3.044617921113967896e-02 4.859830439090728760e-02 1.361124590039253235e-02 4.259210452437400818e-02 4.506679251790046692e-02 9.262747131288051605e-03 4.310660064220428467e-02 8.682284504175186157e-03 2.965560741722583771e-02 1.712109893560409546e-02
