4.944567978382110596e-01 1.244256347417831421e-01 3.871130943298339844e-02 1.894955709576606750e-02 4.629311617463827133e-03 6.936481595039367676e-02 4.185986146330833435e-02 1.915980316698551178e-02 5.896038189530372620e-02 3.637935267761349678e-03 9.154925495386123657e-02 1.146721746772527695e-02 7.471151649951934814e-02 3.630221635103225708e-02 2.704727277159690857e-02 9.993222542107105255e-03 8.405727334320545197e-03 4.223577678203582764e-03 1.839051954448223114e-02 1.172953657805919647e-02 3.006053343415260315e-02 3.265883075073361397e-03 1.810244843363761902e-02 3.063448332250118256e-02 2.785387448966503143e-02 2.545631490647792816e-02 4.405938833951950073e-02 2.670015394687652588e-02 4.851850215345621109e-03 4.658252000808715820e-03 9.073115885257720947e-03 3.026095032691955566e-02 3.907192870974540710e-02 3.643978759646415710e-02 1.849871501326560974e-02 4.953930038027465343e-04 3.218562901020050049e-02 1.820464059710502625e-02 6.115321069955825806e-03 1.655922824284061790e-05 1.319479104131460190e-02 8.391537703573703766e-03 3.855853527784347534e-02 3.202144755050539970e-03 2.387851662933826447e-02 3.451421484351158142e-02 1.519460789859294891e-02 3.056284412741661072e-02 4.645289108157157898e-02 5.714738508686423302e-04 7.496256846934556961e-03 1.683988980948925018e-02 2.242725901305675507e-02 3.159036114811897278e-02 5.588817596435546875e-02 6.011697463691234589e-03 4.527479037642478943e-02 1.351166330277919769e-02 3.807994350790977478e-02 1.081881392747163773e-02 1.628265343606472015e-02 3.073172271251678467e-02 1.483855769038200378e-02 9.471411816775798798e-03 7.912008091807365417e-03 2.060411125421524048e-02 8.769055828452110291e-03 3.683846816420555115e-02 3.460485721006989479e-03 7.100009173154830933e-02 2.783957310020923615e-02 4.928513243794441223e-02 6.006555631756782532e-04 5.841755121946334839e-02 1.624955609440803528e-02 3.956436645239591599e-03 2.414543554186820984e-02 1.825319416821002960e-02 2.242190204560756683e-02 7.415321189910173416e-03 2.033158764243125916e-02 2.793526276946067810e-02 4.963512066751718521e-03 1.017420366406440735e-02 6.826985627412796021e-03 4.066649451851844788e-02 4.365221597254276276e-03 2.932331524789333344e-02 4.867612943053245544e-02 3.868767619132995605e-02 5.307966098189353943e-02 5.395477265119552612e-02 5.160613730549812317e-02 2.485351078212261200e-02 1.754769682884216309e-02 3.151285275816917419e-02 2.072103507816791534e-02 3.652698546648025513e-02 2.086601033806800842e-02 2.928463183343410492e-02 1.945572160184383392e-02 1.132703665643930435e-02 2.471112832427024841e-02 4.454501345753669739e-02 3.451367141678929329e-03 1.881838589906692505e-02 1.204323023557662964e-02 4.667478147894144058e-03 5.686889402568340302e-03 5.392846837639808655e-02 4.553453251719474792e-02 3.481913357973098755e-02 1.282367482781410217e-02 3.760261461138725281e-02 7.777768652886152267e-03 1.297190506011247635e-02
1.244256347417831421e-01 4.956826865673065186e-01 2.092249691486358643e-02 1.060036569833755493e-02 1.893297396600246429e-02 5.441089347004890442e-02 5.170964449644088745e-02 1.757570728659629822e-02 1.387546304613351822e-02 1.239838730543851852e-02 8.115088939666748047e-02 2.523105032742023468e-02 1.091279387474060059e-01 1.543037220835685730e-02 5.020935554057359695e-03 7.428920827805995941e-03 1.874688453972339630e-02 1.668479293584823608e-02 2.668301388621330261e-02 4.556883592158555984e-03 1.080345828086137772e-02 2.764082280918955803e-03 1.833067461848258972e-02 4.139387607574462891e-02 2.200119942426681519e-02 4.335790406912565231e-03 5.828811228275299072e-02 4.335157200694084167e-02 1.216277386993169785e-02 4.759273678064346313e-02 1.555300876498222351e-02 2.867283485829830170e-02 1.700328290462493896e-02 3.020549006760120392e-02 2.972557954490184784e-02 3.011260926723480225e-02 3.734003752470016479e-03 1.958342827856540680e-02 2.388748712837696075e-02 1.623706333339214325e-02 1.048087794333696365e-02 3.485320881009101868e-02 3.547696396708488464e-02 4.722516052424907684e-03 4.443808272480964661e-02 2.778289280831813812e-02 2.445493452250957489e-02 1.980463229119777679e-02 5.139597132802009583e-02 5.084685981273651123e-02 9.013168513774871826e-03 1.542107481509447098e-02 8.245396427810192108e-03 2.896336652338504791e-02 1.091446820646524429e-02 4.568086564540863037e-02 3.200409235432744026e-03 8.295428007841110229e-03 3.617072477936744690e-02 3.262516576796770096e-03 1.867895014584064484e-02 9.338897652924060822e-04 2.285426482558250427e-03 1.379466895014047623e-02 2.801127731800079346e-03 3.212130442261695862e-02 1.074563339352607727e-02 4.610867239534854889e-03 3.439786657691001892e-02 6.571848690509796143e-02 1.208354253321886063e-02 7.852258533239364624e-02 3.543147817254066467e-02 5.515077337622642517e-02 2.963865548372268677e-02 4.438325762748718262e-02 5.401912331581115723e-02 3.826911374926567078e-02 3.972402587532997131e-02 2.449696697294712067e-02 3.725271672010421753e-02 4.869336634874343872e-02 2.419354580342769623e-02 1.652698405086994171e-02 8.588631637394428253e-03 6.622965447604656219e-03 3.568869433365762234e-04 1.561563741415739059e-02 3.248665854334831238e-02 2.849641069769859314e-02 1.333659701049327850e-02 3.198347240686416626e-02 5.037601664662361145e-02 4.261973872780799866e-02 7.559402845799922943e-03 2.623960189521312714e-02 2.381846308708190918e-02 2.133170701563358307e-02 7.882118552515748888e-06 1.025737076997756958e-02 1.538335066288709641e-02 3.432040335610508919e-03 1.893991418182849884e-02 3.830101341009140015e-02 1.467406284064054489e-02 2.005480788648128510e-02 2.695617265999317169e-02 1.230532652698457241e-03 1.812349632382392883e-02 2.727412059903144836e-02 4.516275227069854736e-02 3.331549465656280518e-03 2.542861737310886383e-02 4.385282471776008606e-02 1.859220489859580994e-02 8.713120594620704651e-03
3.871130943298339844e-02 2.092249691486358643e-02 4.609254896640777588e-01 3.014157153666019440e-02 3.361297398805618286e-02 1.031685341149568558e-02 9.637686307542026043e-04 1.238167956471443176e-01 1.391558256000280380e-02 2.613142691552639008e-02 1.552570518106222153e-02 1.330943685024976730e-02 2.062328858301043510e-03 2.218967303633689880e-02 1.717592775821685791e-02 3.416507318615913391e-02 8.783414959907531738e-04 5.822877865284681320e-03 2.179765701293945312e-02 1.014653872698545456e-02 1.625403948128223419e-02 3.286948800086975098e-02 4.062634706497192383e-02 1.093055866658687592e-02 8.559915237128734589e-03 2.105027064681053162e-02 3.219663351774215698e-02 7.381132245063781738e-02 4.037981480360031128e-02 4.075631499290466309e-02 2.271938696503639221e-02 8.199196308851242065e-03 3.304870566353201866e-03 4.402887821197509766e-02 3.669316694140434265e-02 3.094098344445228577e-02 1.069686468690633774e-02 5.477305036038160324e-03 1.650743186473846436e-02 1.314363442361354828e-02 3.474367782473564148e-02 1.965387538075447083e-02 3.088862262666225433e-02 4.428576305508613586e-02 1.650451496243476868e-02 1.601801812648773193e-02 2.733796834945678711e-02 1.505636982619762421e-02 3.727752016857266426e-03 3.715107962489128113e-02 2.722051739692687988e-02 8.811889216303825378e-03 3.233918175101280212e-02 1.088813645765185356e-03 4.357818514108657837e-02 1.699360273778438568e-02 2.805346436798572540e-02 1.918962970376014709e-02 3.061417117714881897e-02 1.988758705556392670e-02 6.239530630409717560e-03 4.708891361951828003e-02 1.343334838747978210e-02 3.548019006848335266e-02 7.132091093808412552e-03 1.082975883036851883e-02 3.645370015874505043e-03 6.070729810744524002e-03 3.804234415292739868e-02 1.212288346141576767e-02 2.465366385877132416e-03 4.149535298347473145e-02 5.373682826757431030e-03 3.530366939230589196e-06 4.444022104144096375e-02 7.106237113475799561e-03 5.000380426645278931e-02 1.754659973084926605e-02 3.238790109753608704e-02 2.812166139483451843e-02 1.556984782218933105e-01 7.283018529415130615e-02 1.941696554422378540e-02 1.098075602203607559e-02 5.198142956942319870e-03 1.040605735033750534e-02 1.133420132100582123e-02 4.126256704330444336e-02 2.769347513094544411e-03 2.391590178012847900e-02 2.528810640797019005e-03 7.227695547044277191e-03 4.651700612157583237e-03 4.723804444074630737e-02 2.814456075429916382e-02 1.258571073412895203e-02 3.122626245021820068e-02 5.079540237784385681e-02 4.257927183061838150e-03 3.862099349498748779e-02 5.514818802475929260e-02 4.931966774165630341e-03 5.043246317654848099e-03 2.395196817815303802e-02 1.033879234455525875e-03 3.527934104204177856e-02 7.435366511344909668e-03 1.178138330578804016e-02 1.463317777961492538e-02 2.723229303956031799e-02 6.404724903404712677e-03 2.222448773682117462e-02 2.678285352885723114e-02 3.989479318261146545e-02 9.510081261396408081e-02 1.395394094288349152e-02
1.894955709576606750e-02 1.060036569833755493e-02 3.014157153666019440e-02 5.015345215797424316e-01 1.298093050718307495e-01 2.993406262248754501e-03 4.320306237787008286e-03 8.529336191713809967e-03 3.366436576470732689e-03 4.571378231048583984e-02 1.852484978735446930e-02 1.413754536770284176e-03 7.115466054528951645e-03 2.531164558604359627e-03 2.926452644169330597e-02 1.865232177078723907e-02 1.816210523247718811e-02 1.151258405297994614e-02 3.148075938224792480e-02 6.340515334159135818e-03 3.669501468539237976e-02 4.147650673985481262e-02 1.846134290099143982e-02 4.111964628100395203e-02 3.174831718206405640e-02 1.612712629139423370e-02 3.963240236043930054e-02 5.542195960879325867e-02 1.456044986844062805e-02 5.485234409570693970e-02 1.372162345796823502e-02 2.479171939194202423e-02 1.308459695428609848e-02 3.421788290143013000e-02 1.648588851094245911e-02 7.327213883399963379e-03 1.648399233818054199e-02 3.067528828978538513e-02 8.653867989778518677e-02 7.435745745897293091e-02 2.843923633918166161e-03 1.418829523026943207e-02 3.498488664627075195e-02 1.547611132264137268e-02 4.587787017226219177e-02 2.196460263803601265e-03 1.705162040889263153e-02 3.104917146265506744e-02 6.663467735052108765e-03 3.937548398971557617e-02 6.927971728146076202e-03 2.508388645946979523e-02 2.257190272212028503e-02 1.062978152185678482e-02 3.555678995326161385e-03 9.755396284162998199e-03 1.680687442421913147e-02 3.682968206703662872e-03 3.859982639551162720e-02 4.719842970371246338e-02 1.292077079415321350e-02 2.010740712285041809e-02 4.654394462704658508e-02 1.324171386659145355e-02 2.851887978613376617e-02 3.368683531880378723e-02 2.175218425691127777e-02 2.342776395380496979e-02 1.806407235562801361e-03 3.019675798714160919e-02 3.771702572703361511e-02 4.835395608097314835e-03 7.398933917284011841e-02 1.762800966389477253e-03 6.131292507052421570e-02 5.850482732057571411e-03 3.733019530773162842e-02 1.043955888599157333e-02 2.671203389763832092e-02 2.111442387104034424e-02 3.860500827431678772e-02 4.007497057318687439e-02 5.922724306583404541e-02 7.194264978170394897e-02 4.892258718609809875e-02 1.644099503755569458e-02 3.382200747728347778e-02 2.347594872117042542e-02 1.016575749963521957e-02 3.439403325319290161e-02 2.960385195910930634e-02 4.634763672947883606e-02 4.097596183419227600e-02 3.413367271423339844e-02 1.225675456225872040e-02 4.400502517819404602e-02 4.961721971631050110e-02 5.307870730757713318e-02 2.917586639523506165e-02 1.460666209459304810e-02 3.829421475529670715e-03 1.803866215050220490e-02 3.119640238583087921e-02 4.074611514806747437e-02 2.311773831024765968e-03 2.191385626792907715e-02 1.062443107366561890e-02 4.239763133227825165e-03 4.310841672122478485e-03 2.905274508520960808e-03 3.585750609636306763e-02 1.009559072554111481e-02 4.706069454550743103e-02 5.406549945473670959e-02 7.956879213452339172e-03 1.057517342269420624e-02
4.629311617463827133e-03 1.893297396600246429e-02 3.361297398805618286e-02 1.298093050718307495e-01 5.037494897842407227e-01 1.860602945089340210e-02 3.540732432156801224e-03 1.425101794302463531e-02 1.275872625410556793e-02 2.010004408657550812e-02 2.073250524699687958e-02 1.462134998291730881e-02 1.025568880140781403e-02 3.075935132801532745e-02 2.601515129208564758e-02 2.294973656535148621e-02 4.310591146349906921e-02 4.026738926768302917e-03 8.355952054262161255e-02 4.766582511365413666e-03 1.867178827524185181e-02 4.151643067598342896e-02 4.079177044332027435e-03 8.326533250510692596e-03 3.603288158774375916e-02 1.473358180373907089e-02 4.451172426342964172e-02 4.931003972887992859e-02 4.436333198100328445e-03 5.350865051150321960e-02 8.488778956234455109e-03 1.228877808898687363e-02 4.281950183212757111e-03 1.032720040529966354e-02 8.201240561902523041e-03 1.944914832711219788e-02 7.700570276938378811e-04 7.462224923074245453e-03 6.563535332679748535e-02 1.134836301207542419e-01 2.550654485821723938e-02 3.465291578322649002e-03 2.720410376787185669e-02 2.945227175951004028e-02 2.032697200775146484e-02 5.950466264039278030e-03 3.612951142713427544e-03 3.289332613348960876e-02 1.477583125233650208e-02 3.040026128292083740e-02 3.151328768581151962e-03 3.869769349694252014e-02 3.082009963691234589e-03 1.640000939369201660e-02 3.822460025548934937e-02 1.020440179854631424e-02 1.084342692047357559e-02 4.702503234148025513e-02 3.835906833410263062e-02 6.129105016589164734e-02 1.765634492039680481e-02 7.646612823009490967e-02 2.809243276715278625e-02 2.132728323340415955e-02 4.088139906525611877e-02 2.583870664238929749e-02 1.525798067450523376e-02 1.225077826529741287e-02 9.947199374437332153e-03 6.389590911567211151e-03 2.115091495215892792e-02 1.224647276103496552e-02 3.210734948515892029e-02 1.105619408190250397e-02 7.182467728853225708e-02 2.064722217619419098e-02 2.782562188804149628e-02 4.035905003547668457e-02 2.606861479580402374e-02 1.549811102449893951e-02 3.683563321828842163e-02 4.045960679650306702e-02 7.334133237600326538e-02 1.070977747440338135e-01 5.222532153129577637e-02 2.806337177753448486e-02 4.091122001409530640e-02 1.351846940815448761e-02 2.836328186094760895e-02 3.656817972660064697e-02 1.835004985332489014e-02 4.500671848654747009e-02 3.573121130466461182e-02 4.300931841135025024e-02 3.494722023606300354e-02 4.248521849513053894e-02 4.564299434423446655e-02 4.162874445319175720e-02 4.874220490455627441e-02 1.632096804678440094e-02 4.926754627376794815e-03 3.375826776027679443e-02 3.477443754673004150e-02 3.594254329800605774e-02 2.382095903158187866e-02 1.879008859395980835e-02 5.482457578182220459e-03 2.225702162832021713e-03 1.345820724964141846e-02 3.272117674350738525e-02 3.924722969532012939e-02 3.261507675051689148e-02 4.828139394521713257e-02 4.942512512207031250e-02 2.884710673242807388e-03 2.493152208626270294e-02
6.936481595039367676e-02 5.441089347004890442e-02 1.031685341149568558e-02 2.993406262248754501e-03 1.860602945089340210e-02 5.000898838043212891e-01 9.476865828037261963e-02 1.195864565670490265e-02 1.178937684744596481e-02 3.449095040559768677e-02 3.504684567451477051e-02 3.759314119815826416e-02 7.687632925808429718e-03 3.988230228424072266e-02 5.100874975323677063e-02 3.803485631942749023e-02 1.365725696086883545e-02 2.035824581980705261e-02 6.314652413129806519e-02 3.254187107086181641e-02 2.053477615118026733e-02 3.034664876759052277e-02 9.166136384010314941e-03 4.266776668373495340e-04 2.905104495584964752e-02 1.034328900277614594e-02 1.723227649927139282e-02 2.121757902204990387e-02 2.035437710583209991e-02 1.151324366219341755e-03 2.215503714978694916e-02 1.000131014734506607e-02 2.728202566504478455e-02 3.138949722051620483e-02 1.353868097066879272e-02 1.987836696207523346e-02 3.249125927686691284e-02 4.022930562496185303e-02 1.744378730654716492e-02 1.856660097837448120e-02 3.826052322983741760e-02 9.464658796787261963e-03 1.045060926117002964e-03 2.902784571051597595e-02 3.104933537542819977e-02 1.361319795250892639e-02 6.077700108289718628e-02 1.107551623135805130e-03 1.410231553018093109e-02 3.650405630469322205e-02 2.513112314045429230e-02 1.295353285968303680e-02 5.467889830470085144e-03 6.559099070727825165e-03 3.304155543446540833e-04 1.880452595651149750e-02 2.410367503762245178e-02 2.221213839948177338e-02 3.357844054698944092e-02 1.342995185405015945e-02 1.633904874324798584e-02 4.776915162801742554e-02 8.450046880170702934e-04 7.785272784531116486e-03 4.970148950815200806e-02 4.433655738830566406e-02 2.454973757266998291e-02 2.909089811146259308e-02 2.220596373081207275e-02 2.531255781650543213e-02 2.119613811373710632e-02 2.318059466779232025e-02 5.030878633260726929e-02 1.018563006073236465e-02 5.588911101222038269e-02 4.310126975178718567e-02 4.751755669713020325e-02 3.445087745785713196e-02 4.862105473875999451e-03 4.336507618427276611e-02 6.032526493072509766e-03 4.289964959025382996e-02 1.086263358592987061e-02 4.889148846268653870e-02 2.838171087205410004e-02 2.247854322195053101e-02 3.422722220420837402e-02 4.323212802410125732e-02 4.404661431908607483e-02 1.623487100005149841e-02 1.889609848149120808e-03 8.285654621431604028e-05 3.592105582356452942e-03 2.788846194744110107e-02 2.329099364578723907e-02 4.895349591970443726e-02 3.105768002569675446e-02 1.413210481405258179e-02 3.128129243850708008e-02 1.795551361283287406e-04 1.243452914059162140e-02 4.687736742198467255e-03 4.658439755439758301e-02 3.668797388672828674e-02 1.370189990848302841e-02 2.508795447647571564e-02 1.158387027680873871e-02 4.518097266554832458e-02 1.011215429753065109e-02 2.751811966300010681e-02 3.988690301775932312e-02 4.077351093292236328e-02 2.433082647621631622e-02 1.497942861169576645e-02 5.116077605634927750e-03 3.238716349005699158e-02
4.185986146330833435e-02 5.170964449644088745e-02 9.637686307542026043e-04 4.320306237787008286e-03 3.540732432156801224e-03 9.476865828037261963e-02 4.919947683811187744e-01 2.036132849752902985e-02 9.571775794029235840e-03 5.197370424866676331e-02 2.514968067407608032e-02 3.175079450011253357e-02 2.576475776731967926e-02 3.843192756175994873e-02 2.793957665562629700e-02 5.090308934450149536e-02 5.465716123580932617e-03 2.645337767899036407e-02 3.445111587643623352e-02 4.103034734725952148e-02 3.346340730786323547e-02 3.621302917599678040e-02 9.927148930728435516e-04 2.440360607579350471e-03 1.922585628926753998e-02 1.497208233922719955e-02 3.936679102480411530e-03 1.036968920379877090e-02 1.432981342077255249e-02 1.912825624458491802e-03 1.611557975411415100e-02 9.422144852578639984e-03 2.902691252529621124e-02 3.976629115641117096e-03 2.635236270725727081e-02 1.996936649084091187e-02 3.289555385708808899e-02 5.379181355237960815e-03 2.578436397016048431e-02 1.614109240472316742e-02 2.125201374292373657e-02 1.333707291632890701e-02 2.209849655628204346e-03 4.292502626776695251e-02 2.167994529008865356e-02 3.388726152479648590e-03 6.235814094543457031e-02 5.363986268639564514e-02 1.883397437632083893e-02 7.266823202371597290e-03 4.342290572822093964e-03 3.111745975911617279e-02 8.985134772956371307e-04 1.805411837995052338e-02 2.354724518954753876e-02 8.711956907063722610e-04 3.224540501832962036e-02 2.238577418029308319e-02 3.246488422155380249e-02 1.117011904716491699e-02 1.678246335359290242e-04 1.171220373362302780e-02 2.284557558596134186e-02 7.995806634426116943e-03 5.255881696939468384e-02 8.782394230365753174e-03 3.378679975867271423e-02 3.161247074604034424e-02 1.740220002830028534e-02 1.895201951265335083e-02 4.204993322491645813e-02 5.373491346836090088e-02 4.277572408318519592e-02 2.093795686960220337e-02 3.279180079698562622e-02 1.825510337948799133e-02 3.996412456035614014e-02 3.377237915992736816e-02 1.004556659609079361e-02 5.745356902480125427e-03 3.612651675939559937e-02 3.184864670038223267e-02 2.364520542323589325e-02 3.589388355612754822e-02 3.157101571559906006e-02 5.666696000844240189e-03 3.925741836428642273e-02 4.976277425885200500e-02 9.353586472570896149e-03 2.219927310943603516e-02 8.329491131007671356e-03 4.348849877715110779e-02 3.971180692315101624e-02 4.096892848610877991e-02 4.256336949765682220e-03 5.285963881760835648e-03 1.197080244310200214e-03 1.446739770472049713e-02 5.217266082763671875e-02 1.536209788173437119e-02 5.105354264378547668e-02 1.867170259356498718e-02 2.775969216600060463e-03 2.948467619717121124e-03 1.296152453869581223e-02 2.864048816263675690e-02 1.887007616460323334e-02 4.151534661650657654e-02 3.207728639245033264e-02 1.765277236700057983e-02 2.280557900667190552e-02 2.883690781891345978e-02 3.043483570218086243e-02 2.344493381679058075e-02 2.992444485425949097e-02 5.084289982914924622e-02
1.915980316698551178e-02 1.757570728659629822e-02 1.238167956471443176e-01 8.529336191713809967e-03 1.425101794302463531e-02 1.195864565670490265e-02 2.036132849752902985e-02 4.661662876605987549e-01 2.625853940844535828e-02 1.196441706269979477e-03 1.636589877307415009e-02 1.313547324389219284e-02 3.749630600214004517e-02 2.350696735084056854e-02 4.927775263786315918e-02 1.801147498190402985e-02 1.692598871886730194e-02 1.817165687680244446e-02 1.432137098163366318e-02 4.057040438055992126e-02 2.937402017414569855e-02 2.104166522622108459e-02 3.652137145400047302e-02 3.819583356380462646e-02 3.924962505698204041e-02 2.583742327988147736e-02 2.382414974272251129e-02 1.029213797301054001e-02 3.696285188198089600e-02 2.692904695868492126e-02 7.572274655103683472e-02 1.711851544678211212e-02 2.911007963120937347e-03 4.979372490197420120e-03 2.796655986458063126e-03 1.842166110873222351e-02 1.573291420936584473e-02 2.941256016492843628e-02 4.639608785510063171e-02 2.404381334781646729e-02 3.853565454483032227e-02 5.803952366113662720e-02 8.408964611589908600e-03 9.026630967855453491e-02 2.491927333176136017e-02 1.611868664622306824e-02 4.674143344163894653e-02 2.252489514648914337e-02 1.482417527586221695e-02 2.498160302639007568e-02 3.054321184754371643e-02 4.212544485926628113e-02 1.105280406773090363e-02 2.405544510111212730e-04 6.519769522128626704e-05 3.131733462214469910e-02 3.129597008228302002e-02 4.104993492364883423e-02 6.159437820315361023e-02 3.138754516839981079e-02 1.469824928790330887e-02 2.528567984700202942e-02 6.892811972647905350e-03 2.835794165730476379e-02 9.115331806242465973e-03 7.681985385715961456e-03 4.164201393723487854e-02 3.980376943945884705e-02 3.995295614004135132e-02 7.291717920452356339e-03 4.443338140845298767e-03 2.498160116374492645e-02 3.942152857780456543e-02 3.030750202015042305e-03 9.272036142647266388e-03 3.542472049593925476e-02 5.212301760911941528e-02 8.926245383918285370e-03 4.388466477394104004e-03 3.555180877447128296e-02 1.303408890962600708e-01 4.926823079586029053e-02 2.270645461976528168e-02 3.447573259472846985e-02 2.243536897003650665e-02 3.524637222290039062e-02 8.020764589309692383e-02 3.044153749942779541e-02 6.863961368799209595e-02 2.544328756630420685e-02 3.931161016225814819e-02 1.149025000631809235e-02 1.518864650279283524e-03 7.011691108345985413e-03 5.517347250133752823e-03 1.557900570333003998e-02 3.698345646262168884e-02 1.548276748508214951e-02 2.415475249290466309e-02 3.459928557276725769e-02 2.359720878303050995e-03 3.753096610307693481e-02 1.173669006675481796e-02 2.390416897833347321e-02 1.450308714993298054e-03 4.563686379697173834e-04 2.930209506303071976e-03 3.879356384277343750e-02 3.047445788979530334e-03 2.667965926229953766e-02 2.825157530605792999e-02 3.985638543963432312e-02 1.180884614586830139e-02 2.194867283105850220e-02 2.783766016364097595e-02 1.706159487366676331e-02
5.896038189530372620e-02 1.387546304613351822e-02 1.391558256000280380e-02 3.366436576470732689e-03 1.275872625410556793e-02 1.178937684744596481e-02 9.571775794029235840e-03 2.625853940844535828e-02 4.943333268165588379e-01 1.006841436028480530e-01 3.685953468084335327e-02 3.136193007230758667e-02 9.529264643788337708e-03 6.308820098638534546e-03 3.320661559700965881e-02 1.980358920991420746e-02 1.615780033171176910e-02 1.086376700550317764e-02 4.612564668059349060e-02 1.490969909355044365e-03 5.441373214125633240e-02 1.830144599080085754e-02 2.424692735075950623e-03 3.967625275254249573e-02 2.488905377686023712e-02 5.756230093538761139e-03 5.184792354702949524e-02 2.041335031390190125e-02 4.505371674895286560e-02 4.959051683545112610e-02 2.244916977360844612e-03 2.899997495114803314e-02 2.388316672295331955e-03 4.171042889356613159e-02 1.324271690100431442e-02 3.983064368367195129e-02 4.077953781234100461e-05 2.131408778950572014e-03 3.432503668591380119e-03 7.262504659593105316e-04 3.091322630643844604e-02 6.989495456218719482e-02 2.243769541382789612e-02 3.033584915101528168e-02 1.976882666349411011e-02 6.509803701192140579e-03 2.335500344634056091e-02 2.386714797466993332e-03 8.899390697479248047e-03 2.280658669769763947e-02 5.167932063341140747e-02 1.012285612523555756e-02 7.669161073863506317e-03 5.168415233492851257e-02 9.353749454021453857e-02 1.824775710701942444e-02 4.320544749498367310e-02 3.847615048289299011e-02 2.060013636946678162e-02 8.829414844512939453e-03 5.253593251109123230e-02 6.851012585684657097e-04 7.507164962589740753e-03 3.489246591925621033e-02 4.778556898236274719e-02 4.917937144637107849e-02 2.279682084918022156e-02 5.804676190018653870e-02 3.453517705202102661e-02 2.490449883043766022e-02 2.899819053709506989e-02 2.767255716025829315e-02 2.051755972206592560e-02 2.930114977061748505e-02 1.946983975358307362e-03 5.215740948915481567e-02 1.207895502448081970e-01 3.782024234533309937e-02 1.364994794130325317e-02 3.109202161431312561e-02 1.257622148841619492e-02 4.295826703310012817e-02 2.459185896441340446e-03 2.775235287845134735e-02 2.645223960280418396e-02 6.258050352334976196e-02 4.432021826505661011e-02 1.030364632606506348e-02 4.251874983310699463e-02 2.696748450398445129e-02 3.325116354972124100e-03 1.763238385319709778e-02 3.803689405322074890e-02 7.701657246798276901e-03 6.922912783920764923e-03 2.208497375249862671e-03 2.450688183307647705e-02 3.675443306565284729e-02 6.582740694284439087e-02 1.580687426030635834e-02 7.678115274757146835e-03 4.668484628200531006e-02 6.194131448864936829e-03 3.620004048570990562e-03 3.081228397786617279e-02 4.370626434683799744e-02 8.466251194477081299e-03 1.150306407362222672e-02 4.799181222915649414e-02 4.427307844161987305e-02 4.173003137111663818e-02 1.774679869413375854e-03 1.607594080269336700e-02 2.587200142443180084e-02 4.979496449232101440e-02 9.058708325028419495e-03
3.637935267761349678e-03 1.239838730543851852e-02 2.613142691552639008e-02 4.571378231048583984e-02 2.010004408657550812e-02 3.449095040559768677e-02 5.197370424866676331e-02 1.196441706269979477e-03 1.006841436028480530e-01 4.855406880378723145e-01 5.025686323642730713e-02 4.390498995780944824e-02 1.378036569803953171e-02 2.134048007428646088e-02 8.973360992968082428e-03 3.123010881245136261e-02 1.557771489024162292e-02 7.855337858200073242e-02 6.211948394775390625e-02 2.285128645598888397e-02 3.047481738030910492e-02 1.662086695432662964e-02 1.493150182068347931e-02 5.322300270199775696e-02 2.042108401656150818e-02 4.119477234780788422e-03 3.867567330598831177e-02 5.088442005217075348e-03 1.660686917603015900e-02 9.129748679697513580e-03 1.776728034019470215e-02 1.606907881796360016e-02 2.749901963397860527e-03 1.071177772246301174e-03 1.038579829037189484e-02 4.418342560529708862e-02 1.980951242148876190e-02 4.340005293488502502e-02 3.408230468630790710e-02 3.750475123524665833e-02 1.016129273921251297e-02 3.267433121800422668e-02 2.167204022407531738e-02 1.404677890241146088e-02 4.987528175115585327e-02 4.296986013650894165e-02 4.733176156878471375e-02 4.097829014062881470e-02 4.575964529067277908e-03 7.463832199573516846e-02 2.197602391242980957e-02 2.694816514849662781e-02 2.477807179093360901e-02 3.126212581992149353e-02 3.410446271300315857e-02 3.964956849813461304e-02 1.435859873890876770e-02 2.853031456470489502e-02 1.810099184513092041e-02 1.539276540279388428e-02 2.305774390697479248e-02 1.478868350386619568e-02 1.978293620049953461e-02 4.934545233845710754e-02 3.260658308863639832e-02 1.599246263504028320e-02 4.936251416802406311e-02 4.758494719862937927e-02 2.167016826570034027e-02 2.043205313384532928e-02 1.368983276188373566e-02 4.059055820107460022e-02 7.792025059461593628e-02 2.195602981373667717e-03 1.575066521763801575e-02 4.938225448131561279e-02 4.296501167118549347e-03 1.578936129808425903e-01 2.266053855419158936e-02 1.145265176892280579e-01 4.026519507169723511e-02 2.407940477132797241e-02 2.337247133255004883e-03 2.169399708509445190e-02 3.020682185888290405e-02 5.553665757179260254e-02 9.967194870114326477e-03 9.362555108964443207e-03 1.219526212662458420e-02 9.691984206438064575e-02 2.603174000978469849e-02 4.625457804650068283e-03 9.727730415761470795e-03 1.180956387543119490e-04 2.322760038077831268e-02 4.726304672658443451e-03 2.291380614042282104e-02 2.395542524755001068e-02 1.470344979315996170e-02 6.268614903092384338e-03 7.770270109176635742e-03 3.134532645344734192e-02 4.164714366197586060e-02 4.384946823120117188e-02 3.467132896184921265e-02 6.564230471849441528e-02 1.204465236514806747e-02 3.832358866930007935e-03 3.531961143016815186e-02 1.868449524044990540e-02 1.021636184304952621e-02 1.429161708801984787e-02 3.451200667768716812e-03 3.876197338104248047e-02 2.371823973953723907e-02 2.403031475841999054e-02
9.154925495386123657e-02 8.115088939666748047e-02 1.552570518106222153e-02 1.852484978735446930e-02 2.073250524699687958e-02 3.504684567451477051e-02 2.514968067407608032e-02 1.636589877307415009e-02 3.685953468084335327e-02 5.025686323642730713e-02 4.829229712486267090e-01 5.318154394626617432e-02 8.392594754695892334e-02 3.401220217347145081e-02 3.595532849431037903e-02 3.355350112542510033e-03 1.551487389951944351e-02 3.060000576078891754e-02 9.693488478660583496e-03 9.372229687869548798e-03 5.018122028559446335e-03 3.258310630917549133e-02 1.530774030834436417e-02 4.023747518658638000e-02 7.766143418848514557e-03 2.382646501064300537e-02 5.653554107993841171e-03 4.670239984989166260e-02 2.647245861589908600e-02 2.814157307147979736e-02 3.773733600974082947e-02 8.735569193959236145e-03 3.174691647291183472e-02 2.650677040219306946e-02 1.657926291227340698e-02 1.852698740549385548e-03 9.557007811963558197e-03 4.833822697401046753e-02 1.120349392294883728e-02 3.120604902505874634e-02 1.252278126776218414e-02 1.235469803214073181e-02 1.586337201297283173e-02 5.413889512419700623e-02 2.149769663810729980e-02 3.682637214660644531e-02 6.424305588006973267e-02 1.037649624049663544e-02 3.107267199084162712e-03 2.964275516569614410e-02 7.171398028731346130e-04 1.114597171545028687e-02 5.246134009212255478e-03 1.381163578480482101e-02 2.120818383991718292e-02 2.146225422620773315e-02 3.644625470042228699e-02 4.206040874123573303e-02 3.512654826045036316e-02 4.858107492327690125e-02 1.507397741079330444e-02 1.956449821591377258e-02 4.323068261146545410e-02 2.575797401368618011e-02 2.195715717971324921e-02 4.537790641188621521e-02 3.349985461682081223e-03 1.543717342428863049e-03 3.078332170844078064e-02 1.009920984506607056e-02 1.843467238359153271e-03 9.951918385922908783e-03 3.409764915704727173e-02 3.400482609868049622e-02 3.259354853071272373e-04 2.688140980899333954e-02 1.997628435492515564e-02 1.702045439742505550e-03 2.336605684831738472e-03 3.254181891679763794e-02 3.064184635877609253e-02 6.082581821829080582e-03 2.446688897907733917e-02 2.844973653554916382e-02 5.416696891188621521e-03 1.669003441929817200e-02 4.569062031805515289e-03 3.312586992979049683e-02 2.776467613875865936e-02 1.218935661017894745e-02 2.801607176661491394e-02 4.923421144485473633e-02 4.398517310619354248e-02 5.327579379081726074e-02 1.104583591222763062e-02 8.323979564011096954e-03 3.716785460710525513e-02 4.717772081494331360e-02 1.022951677441596985e-02 2.847862802445888519e-02 1.188600808382034302e-02 1.006693113595247269e-02 4.792984575033187866e-02 5.194919556379318237e-02 4.175353422760963440e-02 7.159630768001079559e-03 1.914031337946653366e-03 5.301328375935554504e-02 4.017999023199081421e-02 3.183259069919586182e-02 3.307564929127693176e-02 3.000754676759243011e-02 2.026264928281307220e-02 2.528787031769752502e-02 2.003197185695171356e-02 6.401259452104568481e-03
1.146721746772527695e-02 2.523105032742023468e-02 1.330943685024976730e-02 1.413754536770284176e-03 1.462134998291730881e-02 3.759314119815826416e-02 3.175079450011253357e-02 1.313547324389219284e-02 3.136193007230758667e-02 4.390498995780944824e-02 5.318154394626617432e-02 5.015814304351806641e-01 4.217280820012092590e-02 1.461041718721389771e-01 3.367520123720169067e-02 5.027237907052040100e-02 5.378194153308868408e-02 2.674200199544429779e-02 3.945758566260337830e-02 2.351924963295459747e-02 4.041896387934684753e-02 2.491834014654159546e-02 5.323119089007377625e-02 6.670882552862167358e-02 3.622913733124732971e-02 4.907861724495887756e-02 1.659680530428886414e-02 1.153730973601341248e-01 4.201814904808998108e-02 1.165254861116409302e-01 3.467439487576484680e-02 1.714857108891010284e-02 2.323061414062976837e-02 3.775241225957870483e-02 1.434392109513282776e-02 4.716566205024719238e-02 1.241412293165922165e-02 4.505573213100433350e-02 2.798617817461490631e-02 3.243554756045341492e-02 3.300991654396057129e-02 8.189497515559196472e-03 2.517063915729522705e-02 1.012210082262754440e-02 7.753376662731170654e-02 5.555059015750885010e-02 8.760116063058376312e-03 1.931771636009216309e-02 4.625612124800682068e-02 5.836080014705657959e-02 1.780217885971069336e-02 1.561225391924381256e-02 3.730858862400054932e-02 3.207052871584892273e-02 2.925507724285125732e-02 5.334573239088058472e-02 2.321170642971992493e-02 1.402672193944454193e-02 3.405675664544105530e-02 4.459409788250923157e-02 2.646563760936260223e-02 1.056149043142795563e-02 2.771619707345962524e-03 2.735342271625995636e-02 1.647760858759284019e-03 3.867807611823081970e-02 3.161168843507766724e-02 4.076328501105308533e-02 1.027007028460502625e-02 1.423921063542366028e-02 1.436626724898815155e-02 2.867489121854305267e-02 7.913016015663743019e-04 8.371284231543540955e-03 2.917068451642990112e-02 4.946302250027656555e-02 2.576738782227039337e-02 2.035029605031013489e-02 2.556870318949222565e-02 6.561709102243185043e-03 1.429204712621867657e-03 3.763620927929878235e-02 4.110566899180412292e-02 2.480614371597766876e-02 2.661396749317646027e-02 1.758482540026307106e-03 3.793096169829368591e-02 4.322959110140800476e-02 7.324276864528656006e-02 3.490682318806648254e-02 5.978730320930480957e-02 2.337722253287211061e-04 2.936571650207042694e-02 3.360963612794876099e-02 1.542027015239000320e-02 6.728196982294321060e-03 3.417555615305900574e-02 2.609426341950893402e-02 9.712369181215763092e-03 1.253078132867813110e-02 2.847353741526603699e-02 1.163854822516441345e-02 2.121898159384727478e-02 8.032034966163337231e-04 2.423101663589477539e-02 4.569054394960403442e-02 2.312269434332847595e-02 1.425571367144584656e-02 4.161002859473228455e-02 1.316338870674371719e-02 5.251104012131690979e-03 1.702558062970638275e-02 3.711577132344245911e-02 8.530369028449058533e-03 2.611366473138332367e-02 3.247174620628356934e-02
7.471151649951934814e-02 1.091279387474060059e-01 2.062328858301043510e-03 7.115466054528951645e-03 1.025568880140781403e-02 7.687632925808429718e-03 2.576475776731967926e-02 3.749630600214004517e-02 9.529264643788337708e-03 1.378036569803953171e-02 8.392594754695892334e-02 4.217280820012092590e-02 4.854277372360229492e-01 3.404446691274642944e-02 2.712434716522693634e-02 1.542087458074092865e-02 5.608508735895156860e-02 3.330869600176811218e-03 3.657791391015052795e-02 3.632294014096260071e-02 3.285659477114677429e-02 3.334316983819007874e-02 2.244884893298149109e-02 3.444644808769226074e-02 6.369996070861816406e-02 1.564186252653598785e-02 2.257001027464866638e-02 3.807256370782852173e-02 3.493459522724151611e-02 2.194067649543285370e-02 6.494696252048015594e-03 7.314096204936504364e-03 3.460586816072463989e-02 1.744971796870231628e-02 3.914809599518775940e-02 2.682143636047840118e-02 4.619153961539268494e-02 4.433658346533775330e-02 3.404042497277259827e-02 2.021669596433639526e-02 2.084539458155632019e-02 3.308088332414627075e-02 1.151163410395383835e-02 2.040704712271690369e-02 1.140834763646125793e-03 1.803303323686122894e-02 4.019899293780326843e-02 1.121116429567337036e-02 1.491269376128911972e-02 2.719606645405292511e-02 2.288737334311008453e-02 2.005439065396785736e-02 3.285608813166618347e-02 2.554780989885330200e-02 4.075937345623970032e-02 3.756527788937091827e-03 1.901315152645111084e-02 1.306091062724590302e-02 4.248102381825447083e-02 4.959979280829429626e-02 1.445587165653705597e-02 2.133394591510295868e-02 1.428139396011829376e-02 1.408710144460201263e-02 4.400173574686050415e-02 1.922897994518280029e-02 2.915361709892749786e-02 2.645089104771614075e-02 3.927265852689743042e-02 2.679538726806640625e-02 1.218494214117527008e-02 2.504444122314453125e-02 2.831331267952919006e-02 4.785345122218132019e-02 9.368969127535820007e-03 3.968862071633338928e-02 2.951801754534244537e-03 8.326067589223384857e-03 4.129659011960029602e-02 2.686393260955810547e-02 2.156197279691696167e-02 2.025339379906654358e-02 3.624570742249488831e-02 2.659806050360202789e-03 3.339114831760525703e-03 1.296556834131479263e-02 3.266314044594764709e-02 2.510391548275947571e-02 3.729563206434249878e-02 4.092373698949813843e-02 6.337529979646205902e-03 3.364428132772445679e-02 2.930601872503757477e-02 4.233274981379508972e-02 2.677626721560955048e-02 7.080721203237771988e-03 5.027942359447479248e-02 4.665107652544975281e-02 2.822599187493324280e-02 9.607643820345401764e-03 5.972058977931737900e-03 1.453986670821905136e-02 4.471616446971893311e-02 3.134180605411529541e-02 1.648621261119842529e-02 9.883881546556949615e-03 4.341093357652425766e-03 5.826308857649564743e-03 7.280477136373519897e-02 3.997077234089374542e-03 3.211196884512901306e-02 2.882605418562889099e-02 8.279673755168914795e-03 2.466273121535778046e-02 9.586273517925292253e-05 2.002120204269886017e-02
