5.611901283264160156e-01 1.246816217899322510e-01 3.259277343750000000e-02 1.470148004591464996e-02 3.319540992379188538e-02 9.290943294763565063e-02 7.805712521076202393e-02 1.177228707820177078e-02 3.460574895143508911e-02 2.258284203708171844e-02 9.207984805107116699e-02 1.531452406197786331e-02 9.291559457778930664e-02 1.080574281513690948e-02 3.958652913570404053e-02 1.968725770711898804e-02 1.941597089171409607e-02 3.369544073939323425e-02 2.438480406999588013e-02 4.952987655997276306e-03 2.357500791549682617e-02 4.225988686084747314e-02 1.221374981105327606e-02 2.912557218223810196e-03 1.988041587173938751e-02 2.452250942587852478e-02 3.061322495341300964e-03 2.670494280755519867e-02 1.009530201554298401e-02 2.628123015165328979e-02 1.164820231497287750e-02 6.009062635712325573e-04 1.929013803601264954e-02 2.928131632506847382e-02 1.027967873960733414e-02 2.236493304371833801e-02 2.921352349221706390e-02 2.136833220720291138e-02 7.992995902895927429e-03 1.812127232551574707e-02 1.451181620359420776e-02 1.106519531458616257e-02 3.101409971714019775e-02 2.069897949695587158e-02 3.017997182905673981e-02 5.566630512475967407e-03 7.196442037820816040e-02 6.628953665494918823e-02 5.773970391601324081e-03 3.370276838541030884e-02 1.958190405275672674e-04 8.615504950284957886e-03 6.770703010261058807e-03 3.725206851959228516e-02 3.568481281399726868e-02 3.591751307249069214e-02 1.123375725001096725e-02 4.278372228145599365e-02 2.119604311883449554e-02 3.840294480323791504e-02 4.062843043357133865e-03 4.711174871772527695e-03 1.467788778245449066e-02 3.053259290754795074e-02 2.859104797244071960e-02 2.000512368977069855e-02 1.201704517006874084e-02 2.852947078645229340e-02 3.910526167601346970e-03 5.055584013462066650e-03 2.035189419984817505e-02 2.525576390326023102e-02 6.323922891169786453e-03 1.884516887366771698e-02 1.790310442447662354e-02 1.297942921519279480e-02 2.114734239876270294e-02 2.248967811465263367e-02 1.661502569913864136e-02 1.134129706770181656e-02 1.871248707175254822e-02 2.128793112933635712e-02 3.022248856723308563e-02 2.849822305142879486e-02 1.830263249576091766e-02 4.251841828227043152e-02 8.297017775475978851e-03 3.131300583481788635e-02 6.752304267138242722e-03 4.651533812284469604e-02 5.481161549687385559e-02 2.510936744511127472e-02 6.186416745185852051e-02 2.225796878337860107e-02 7.780861575156450272e-03 3.593002632260322571e-02 1.920618675649166107e-02 4.726656153798103333e-02 1.075292006134986877e-02 1.572670764289796352e-03 7.391659077256917953e-03 1.892057247459888458e-02 1.976502127945423126e-02 1.679588668048381805e-02 1.881515048444271088e-02 4.240560531616210938e-02 3.953682631254196167e-02 2.724033594131469727e-02 2.745510637760162354e-02 3.888730332255363464e-02 1.236806251108646393e-02 2.873773127794265747e-02 5.696512293070554733e-03 4.010232165455818176e-02 3.532490879297256470e-02 1.172070205211639404e-02
1.246816217899322510e-01 5.622215270996093750e-01 4.148675128817558289e-02 2.055880986154079437e-02 2.698207274079322815e-02 9.777069091796875000e-02 9.631147235631942749e-02 1.620579883456230164e-02 3.261116147041320801e-02 1.075979415327310562e-02 8.667836338281631470e-02 1.161180553026497364e-03 1.096498221158981323e-01 7.541660685092210770e-03 4.136006534099578857e-02 4.087723419070243835e-02 3.593099489808082581e-02 3.110315278172492981e-02 2.340695448219776154e-02 1.272038463503122330e-02 3.649634541943669319e-03 3.908580541610717773e-02 2.096206694841384888e-02 2.131915185600519180e-03 2.395902201533317566e-02 3.473628684878349304e-02 1.953093521296977997e-02 3.244230290874838829e-03 1.113425102084875107e-02 1.812842488288879395e-02 2.715576253831386566e-02 1.671549305319786072e-02 4.178198520094156265e-03 4.870115779340267181e-03 4.324783012270927429e-02 2.570611611008644104e-02 4.359153285622596741e-02 3.181503340601921082e-02 6.830380763858556747e-03 1.351105514913797379e-02 3.232111781835556030e-02 1.426570396870374680e-02 3.220200911164283752e-02 3.638441860675811768e-02 2.150134555995464325e-02 4.865251481533050537e-03 7.425346970558166504e-02 5.921185389161109924e-02 6.444886792451143265e-03 4.225354641675949097e-02 7.551378104835748672e-03 1.157977990806102753e-02 8.271599188446998596e-03 2.525585144758224487e-02 3.068852983415126801e-02 3.060300648212432861e-02 5.095260217785835266e-02 3.585730120539665222e-02 1.774731092154979706e-02 2.395500987768173218e-02 1.484694145619869232e-02 1.300636306405067444e-02 6.395670119673013687e-03 3.553550690412521362e-02 2.316171862185001373e-02 3.636287525296211243e-02 1.985359936952590942e-02 8.698252961039543152e-03 2.551365643739700317e-03 2.324032224714756012e-02 1.583748869597911835e-02 1.452720462111756206e-04 2.013936638832092285e-02 4.466084018349647522e-02 1.688713580369949341e-02 9.490110911428928375e-03 2.844424359500408173e-02 1.353976596146821976e-02 6.826852768426761031e-05 1.986538432538509369e-02 2.720803208649158478e-02 2.822724916040897369e-02 5.414035171270370483e-03 1.294675748795270920e-02 7.050389889627695084e-03 4.249253496527671814e-02 2.850085729733109474e-03 3.627168759703636169e-02 4.774246737360954285e-02 1.681658439338207245e-02 4.286493733525276184e-02 1.043088641017675400e-02 4.683133587241172791e-02 2.724902145564556122e-02 8.248037658631801605e-03 3.743236139416694641e-02 5.026454851031303406e-02 2.178499847650527954e-02 1.225962582975625992e-02 1.773983798921108246e-02 1.534564886242151260e-02 5.446526221930980682e-03 4.021726548671722412e-02 3.925393521785736084e-02 7.068688049912452698e-03 1.697853021323680878e-02 3.621711861342191696e-03 5.139900371432304382e-02 1.603965274989604950e-02 3.474182263016700745e-02 2.327583543956279755e-02 4.957788810133934021e-02 1.074956264346837997e-02 4.142775386571884155e-02 1.547035295516252518e-02 3.937668353319168091e-02
3.259277343750000000e-02 4.148675128817558289e-02 5.516430139541625977e-01 1.746170036494731903e-02 1.095575280487537384e-02 4.620308056473731995e-02 2.867337688803672791e-02 1.235853433609008789e-01 2.976574376225471497e-02 2.549319341778755188e-02 3.699876368045806885e-02 3.648099675774574280e-02 1.927790790796279907e-02 3.738902509212493896e-02 1.291683968156576157e-02 2.944138646125793457e-02 2.774453163146972656e-02 2.766578830778598785e-02 3.163078799843788147e-02 2.829839289188385010e-02 3.094193339347839355e-02 3.777888789772987366e-02 1.794432871975004673e-03 2.149617066606879234e-03 4.638344794511795044e-02 4.116871953010559082e-02 6.879124045372009277e-02 3.376033157110214233e-02 1.657763309776782990e-02 4.428864642977714539e-02 2.297897078096866608e-02 2.397588640451431274e-02 2.431500237435102463e-03 3.658930363599210978e-04 1.365982275456190109e-02 2.681616879999637604e-02 7.235476747155189514e-03 8.544837683439254761e-02 4.326068982481956482e-02 7.154576480388641357e-02 5.465519055724143982e-02 2.347155287861824036e-02 3.907163068652153015e-02 7.750384509563446045e-02 2.045438624918460846e-02 2.700296696275472641e-03 1.271654479205608368e-02 2.817112766206264496e-02 4.009187966585159302e-02 3.689948841929435730e-02 2.145349420607089996e-02 1.948277465999126434e-02 2.123445272445678711e-02 1.869429647922515869e-02 3.926143050193786621e-02 2.658676914870738983e-02 4.117295518517494202e-02 4.333458840847015381e-02 2.219585515558719635e-02 2.151831239461898804e-02 8.249660953879356384e-03 3.035195730626583099e-02 1.361058559268712997e-02 1.540518738329410553e-02 3.170584142208099365e-02 2.936452068388462067e-02 4.807000607252120972e-02 9.156317450106143951e-03 2.364179491996765137e-02 2.834545262157917023e-02 1.775655150413513184e-02 1.325019169598817825e-02 3.703266754746437073e-02 4.537856206297874451e-02 3.848343854770064354e-03 1.822616532444953918e-02 9.572733193635940552e-03 3.641828894615173340e-02 2.469978295266628265e-02 8.775088936090469360e-03 1.112268716096878052e-01 6.915113329887390137e-02 1.937833614647388458e-02 3.686451911926269531e-02 4.436202289070934057e-04 2.727864682674407959e-02 1.589092053472995758e-02 1.060366537421941757e-02 1.462949346750974655e-02 1.823465898633003235e-02 1.002805214375257492e-02 2.555736899375915527e-02 3.643243759870529175e-02 1.416955236345529556e-02 1.677732728421688080e-02 2.464995905756950378e-02 6.119814887642860413e-02 5.026340857148170471e-02 1.689983531832695007e-02 4.047187045216560364e-03 3.300284966826438904e-02 3.959449753165245056e-02 5.237543582916259766e-02 4.235109314322471619e-02 4.939225036650896072e-03 6.807305850088596344e-03 3.853278607130050659e-02 1.819888688623905182e-02 4.325374588370323181e-02 3.857666999101638794e-02 7.011827081441879272e-02 5.796176567673683167e-02 2.872596494853496552e-02 3.787472844123840332e-02 9.264065325260162354e-02 6.515226513147354126e-02
1.470148004591464996e-02 2.055880986154079437e-02 1.746170036494731903e-02 5.573095083236694336e-01 1.033695638179779053e-01 2.281085960566997528e-02 1.542665343731641769e-02 4.103870317339897156e-02 2.485979534685611725e-02 2.565458649769425392e-03 1.473058667033910751e-02 3.570662112906575203e-03 2.160039544105529785e-02 4.340132325887680054e-02 4.266808182001113892e-02 3.021944873034954071e-02 1.659876853227615356e-02 4.412399604916572571e-02 5.803002417087554932e-02 6.629435229115188122e-04 6.798708345741033554e-03 2.621395699679851532e-02 1.848405785858631134e-02 4.576604813337326050e-02 1.698635704815387726e-02 2.575804665684700012e-02 1.181064080446958542e-02 7.912968285381793976e-03 3.876970708370208740e-02 1.462156232446432114e-02 1.296899560838937759e-02 3.181657567620277405e-02 2.591608837246894836e-02 2.157571166753768921e-02 6.513591110706329346e-02 7.743514608591794968e-03 4.018540680408477783e-02 6.545532960444688797e-03 9.371989965438842773e-02 7.284802198410034180e-02 3.798571601510047913e-02 2.159720286726951599e-02 3.878799080848693848e-02 6.915253587067127228e-03 3.105475939810276031e-02 7.285229396075010300e-03 1.492017786949872971e-02 2.859599655494093895e-03 2.957987971603870392e-02 2.221949584782123566e-02 2.158952876925468445e-02 2.289883850608021021e-04 4.977788776159286499e-02 1.694879494607448578e-02 2.990067750215530396e-02 3.877523168921470642e-02 3.412830457091331482e-02 5.234551616013050079e-03 2.350188046693801880e-02 2.660930156707763672e-02 7.461632043123245239e-02 6.006465107202529907e-02 4.478803277015686035e-02 5.282184481620788574e-02 3.888450190424919128e-02 5.541741847991943359e-03 4.046231135725975037e-02 7.804005872458219528e-03 1.949494890868663788e-02 6.019509397447109222e-03 3.781557455658912659e-02 2.440769225358963013e-02 8.695350587368011475e-02 1.108385249972343445e-02 7.603099197149276733e-02 5.410708487033843994e-03 7.821742445230484009e-03 2.371372655034065247e-02 4.303741455078125000e-02 3.032239153981208801e-02 2.034085802733898163e-02 1.879257708787918091e-02 6.273415684700012207e-02 4.900973290205001831e-02 1.316210906952619553e-02 2.231376059353351593e-02 2.839357033371925354e-02 4.016289860010147095e-02 4.708103090524673462e-02 2.791615435853600502e-03 2.919496409595012665e-02 3.613583743572235107e-02 2.008165419101715088e-02 4.608535021543502808e-02 2.419542986899614334e-03 1.153975725173950195e-02 9.591589681804180145e-03 2.351654879748821259e-02 3.129439800977706909e-02 1.141435094177722931e-02 3.751815482974052429e-02 8.331678807735443115e-03 3.187780827283859253e-02 1.371937990188598633e-02 3.464338835328817368e-03 1.896362006664276123e-02 4.004225134849548340e-02 9.977479465305805206e-03 4.769119992852210999e-02 2.852821350097656250e-02 3.642204776406288147e-02 2.555186115205287933e-02 1.693493314087390900e-02 3.936961665749549866e-02 4.926594719290733337e-02 2.260651811957359314e-02
3.319540992379188538e-02 2.698207274079322815e-02 1.095575280487537384e-02 1.033695638179779053e-01 5.593590140342712402e-01 7.519905455410480499e-03 9.173308499157428741e-03 1.958275958895683289e-02 2.638816274702548981e-02 1.828091032803058624e-02 3.452869877219200134e-02 4.353159666061401367e-02 4.126555845141410828e-02 9.307178668677806854e-03 2.583076246082782745e-02 2.086849883198738098e-02 1.287282258272171021e-02 6.328427791595458984e-02 1.340164896100759506e-02 1.876122318208217621e-02 8.637161925435066223e-03 4.939080029726028442e-02 3.619588166475296021e-02 3.683623671531677246e-02 2.147939987480640411e-02 3.125230967998504639e-02 1.381729356944561005e-02 1.014070585370063782e-03 3.046383894979953766e-02 1.583526469767093658e-02 4.233321174979209900e-02 1.124919485300779343e-02 3.237183764576911926e-02 4.246995598077774048e-02 4.735140502452850342e-02 7.324697915464639664e-03 4.250068217515945435e-02 1.106867752969264984e-02 1.126196533441543579e-01 7.598193734884262085e-02 8.186130784451961517e-03 3.381593525409698486e-02 2.022363012656569481e-03 3.899374860338866711e-04 1.836200617253780365e-02 6.383923813700675964e-03 3.091175807639956474e-03 2.057559043169021606e-02 4.582838341593742371e-02 1.530528068542480469e-02 9.389330516569316387e-04 1.028972445055842400e-03 4.728930443525314331e-02 2.089133113622665405e-02 5.192250944674015045e-03 4.931021481752395630e-02 2.202314324676990509e-02 4.524359479546546936e-02 8.586992509663105011e-03 5.017479881644248962e-03 6.307297386229038239e-03 4.024048894643783569e-02 4.233700409531593323e-02 6.042650714516639709e-02 2.994081750512123108e-02 3.334030136466026306e-02 2.690012380480766296e-02 1.433502975851297379e-02 2.231096103787422180e-02 2.424714528024196625e-02 5.577734112739562988e-02 3.584424778819084167e-02 8.299983292818069458e-02 3.015209734439849854e-02 1.041722223162651062e-01 4.731364548206329346e-02 1.476180460304021835e-02 3.048007749021053314e-02 2.269289642572402954e-02 5.040040705353021622e-03 4.447852075099945068e-02 5.695403553545475006e-03 1.013913303613662720e-01 7.923187315464019775e-02 2.527255751192569733e-02 4.972352180629968643e-03 3.588731214404106140e-02 3.581812977790832520e-02 2.199001424014568329e-02 2.930738218128681183e-02 2.249201387166976929e-02 3.217244148254394531e-02 2.852397225797176361e-02 4.334286600351333618e-02 2.108181267976760864e-02 2.400952763855457306e-02 2.105470560491085052e-02 3.151622042059898376e-02 2.848233468830585480e-02 3.632119914982467890e-04 3.935557976365089417e-02 4.593196511268615723e-02 8.515839464962482452e-03 1.643206179141998291e-02 3.470468893647193909e-02 3.795453533530235291e-02 2.466195449233055115e-02 4.001779481768608093e-03 1.341268420219421387e-03 1.019535213708877563e-02 7.571687456220388412e-03 1.458856184035539627e-02 2.572683990001678467e-02 6.961056962609291077e-03 5.067800730466842651e-02 1.155958510935306549e-02
9.290943294763565063e-02 9.777069091796875000e-02 4.620308056473731995e-02 2.281085960566997528e-02 7.519905455410480499e-03 5.636911392211914062e-01 9.765679389238357544e-02 3.259144350886344910e-02 4.233611375093460083e-02 3.236743435263633728e-02 6.774723529815673828e-02 2.917264960706233978e-02 6.213673204183578491e-02 2.221181057393550873e-02 8.568455465137958527e-03 2.025703340768814087e-02 3.996063768863677979e-02 2.944196201860904694e-02 4.095192626118659973e-02 8.753148838877677917e-03 3.816886246204376221e-02 2.567021362483501434e-02 1.379058975726366043e-02 4.032665863633155823e-03 7.375070825219154358e-03 2.719307132065296173e-02 3.853867575526237488e-02 3.815242275595664978e-02 9.820464067161083221e-03 4.264973104000091553e-02 2.252662926912307739e-02 2.120570465922355652e-02 2.907254500314593315e-03 8.666712790727615356e-03 1.381864771246910095e-02 1.721157319843769073e-02 5.027620587497949600e-03 2.983876317739486694e-02 4.461863264441490173e-02 3.091464564204216003e-02 2.740150690078735352e-02 3.083374164998531342e-02 4.136441275477409363e-02 3.676289319992065430e-02 4.036433622241020203e-02 3.326022299006581306e-03 1.043993085622787476e-01 5.696399882435798645e-02 2.659188350662589073e-03 1.253778673708438873e-02 2.144298516213893890e-03 4.914163611829280853e-03 5.691055674105882645e-03 2.336820587515830994e-02 3.686480969190597534e-02 3.696142882108688354e-02 1.692906394600868225e-02 1.895381696522235870e-02 1.320615177974104881e-03 1.516441628336906433e-02 9.203878231346607208e-03 1.602428779006004333e-02 5.503118969500064850e-03 1.175732817500829697e-02 3.688797727227210999e-02 1.908670552074909210e-02 2.438829466700553894e-02 4.156277701258659363e-02 9.121181443333625793e-03 1.734409108757972717e-02 1.743932440876960754e-02 1.622326672077178955e-02 2.987612737342715263e-03 4.739819839596748352e-02 2.556467801332473755e-02 2.612217888236045837e-02 1.417281478643417358e-02 2.456541918218135834e-02 1.840069144964218140e-02 3.966271132230758667e-02 2.803703770041465759e-02 2.519692853093147278e-02 3.357423841953277588e-02 3.010395355522632599e-02 3.010585904121398926e-03 1.988571882247924805e-02 6.121686659753322601e-03 9.404011070728302002e-03 1.592246815562248230e-02 2.888364344835281372e-02 5.963948369026184082e-02 1.927121356129646301e-02 3.039719164371490479e-02 9.364373981952667236e-03 7.424464914947748184e-03 1.185178663581609726e-02 8.757311850786209106e-03 2.693277411162853241e-02 8.802664466202259064e-03 8.209096267819404602e-03 9.000291116535663605e-03 2.488729311153292656e-03 5.540556274354457855e-03 4.516404122114181519e-02 6.779428105801343918e-03 2.341941697522997856e-03 8.070581679930910468e-05 7.765251211822032928e-03 1.737813837826251984e-02 3.267562016844749451e-02 3.096893802285194397e-02 3.474405780434608459e-02 1.229917281307280064e-03 3.124905563890933990e-02 2.129523456096649170e-02 3.115193173289299011e-02
7.805712521076202393e-02 9.631147235631942749e-02 2.867337688803672791e-02 1.542665343731641769e-02 9.173308499157428741e-03 9.765679389238357544e-02 5.678754448890686035e-01 3.294264152646064758e-02 3.475447744131088257e-02 4.304903745651245117e-02 6.692466139793395996e-02 3.504965454339981079e-02 6.740546226501464844e-02 4.396110773086547852e-02 1.221815403550863266e-02 2.071707136929035187e-02 3.136953338980674744e-02 3.863864764571189880e-02 2.991188876330852509e-02 8.731133304536342621e-03 5.467719212174415588e-02 1.680096983909606934e-02 1.191650796681642532e-02 8.748746477067470551e-03 6.380976643413305283e-03 2.171777747571468353e-02 2.760764211416244507e-02 4.249916598200798035e-02 1.400089077651500702e-02 2.512819133698940277e-02 4.454341158270835876e-02 1.695313304662704468e-02 1.092256885021924973e-02 1.403859537094831467e-02 9.753718972206115723e-03 2.093519270420074463e-02 2.063381299376487732e-02 2.659210376441478729e-02 2.181764878332614899e-02 2.446315251290798187e-02 4.357400536537170410e-02 1.471858937293291092e-03 2.326818555593490601e-02 4.413329064846038818e-02 6.331557780504226685e-02 5.094040557742118835e-02 9.038918465375900269e-02 1.120973303914070129e-01 1.537731476128101349e-02 3.321680054068565369e-02 2.345615066587924957e-02 2.443129755556583405e-02 1.151155866682529449e-02 2.119543403387069702e-02 2.776882983744144440e-02 2.599250338971614838e-02 2.526227384805679321e-02 3.823314607143402100e-02 1.313694193959236145e-02 1.312277652323246002e-02 1.814075373113155365e-02 4.517260193824768066e-02 4.320479929447174072e-03 6.058554165065288544e-03 2.243812195956707001e-02 3.606179356575012207e-02 2.449347637593746185e-02 3.098055161535739899e-02 2.364923246204853058e-03 1.914726570248603821e-02 2.160723134875297546e-02 8.621574379503726959e-03 4.574522841721773148e-03 4.115685075521469116e-02 2.001209743320941925e-02 6.428871420212090015e-04 2.600936964154243469e-02 3.872879967093467712e-02 2.189304120838642120e-02 6.187889724969863892e-03 3.936246410012245178e-02 3.197741508483886719e-02 3.217322751879692078e-02 4.454499110579490662e-02 1.764457114040851593e-02 3.527775406837463379e-02 1.255144178867340088e-02 1.535602845251560211e-02 1.908828876912593842e-02 4.326573386788368225e-02 5.230830609798431396e-02 1.193663943558931351e-02 9.069243818521499634e-02 7.830018177628517151e-03 3.098481567576527596e-03 3.490262106060981750e-02 3.722121194005012512e-02 4.060554131865501404e-02 3.353023668751120567e-03 1.351222116500139236e-02 1.873544300906360149e-03 7.214738987386226654e-03 2.408878691494464874e-02 4.020313546061515808e-02 3.878306015394628048e-04 3.600199706852436066e-04 1.838163286447525024e-02 3.244707733392715454e-02 3.538110107183456421e-02 3.207078576087951660e-02 2.786267921328544617e-02 3.365278616547584534e-02 3.336293855682015419e-03 3.462685644626617432e-02 8.776760660111904144e-03 2.907585352659225464e-02
1.177228707820177078e-02 1.620579883456230164e-02 1.235853433609008789e-01 4.103870317339897156e-02 1.958275958895683289e-02 3.259144350886344910e-02 3.294264152646064758e-02 5.624600052833557129e-01 5.317688919603824615e-03 1.994984783232212067e-02 1.001303270459175110e-02 1.013443246483802795e-02 1.408551260828971863e-02 1.367788575589656830e-02 5.389505624771118164e-02 2.918101660907268524e-02 3.169213607907295227e-02 2.723496966063976288e-02 2.707155793905258179e-02 7.723809219896793365e-03 2.637424319982528687e-02 4.440398141741752625e-02 2.153446432203054428e-03 2.733698813244700432e-03 7.382136303931474686e-03 6.135036237537860870e-03 4.175745323300361633e-02 3.346539661288261414e-02 2.151880413293838501e-02 2.735779620707035065e-02 2.798320725560188293e-02 4.159421473741531372e-02 5.032802745699882507e-02 2.821349911391735077e-02 4.033794626593589783e-02 1.040380913764238358e-02 9.006037376821041107e-03 6.192477792501449585e-02 1.660253666341304779e-02 1.386491768062114716e-02 5.866188555955886841e-02 3.276190906763076782e-02 2.383218519389629364e-02 5.446206033229827881e-02 2.215428836643695831e-02 4.201493412256240845e-02 1.236734539270401001e-02 2.268330007791519165e-02 1.955715008080005646e-02 4.482303932309150696e-02 9.730176068842411041e-03 3.164769709110260010e-02 2.138978429138660431e-02 2.071352489292621613e-02 3.002092242240905762e-02 1.995596289634704590e-02 2.888671867549419403e-02 1.690705865621566772e-02 5.235444754362106323e-02 2.465404570102691650e-02 6.656202021986246109e-03 2.704565040767192841e-02 5.785391852259635925e-02 2.959891455247998238e-03 5.497020320035517216e-04 9.980319067835807800e-03 7.445182651281356812e-03 3.405907750129699707e-02 1.777982898056507111e-02 4.258050117641687393e-03 8.490232750773429871e-03 1.066344603896141052e-02 4.128002375364303589e-02 1.338097546249628067e-02 3.381566330790519714e-02 1.288884785026311874e-02 2.615750022232532501e-02 3.349572047591209412e-02 1.392682921141386032e-02 1.444776076823472977e-02 1.056308075785636902e-01 7.697508484125137329e-02 4.303442686796188354e-02 4.305695369839668274e-02 6.580077577382326126e-03 3.907641395926475525e-02 5.911499261856079102e-02 4.603912308812141418e-02 1.662502996623516083e-02 1.047088205814361572e-02 1.048337016254663467e-02 4.009842872619628906e-03 1.348662283271551132e-02 1.970485784113407135e-02 2.707667648792266846e-03 2.024537883698940277e-02 2.652435004711151123e-02 1.964922994375228882e-02 6.546635180711746216e-03 6.926261354237794876e-03 3.364629298448562622e-02 3.571292757987976074e-02 3.151990473270416260e-02 2.583143115043640137e-02 4.770639166235923767e-02 3.894959390163421631e-02 1.995028182864189148e-02 8.516866713762283325e-03 4.225634038448333740e-03 2.317225735168904066e-04 4.538462683558464050e-02 3.953495994210243225e-02 2.266664430499076843e-02 3.139333054423332214e-02 2.394870109856128693e-02 5.908830091357231140e-03
3.460574895143508911e-02 3.261116147041320801e-02 2.976574376225471497e-02 2.485979534685611725e-02 2.638816274702548981e-02 4.233611375093460083e-02 3.475447744131088257e-02 5.317688919603824615e-03 5.600463151931762695e-01 8.476015180349349976e-02 2.298919484019279480e-02 1.078886762261390686e-01 3.154428675770759583e-02 8.079458773136138916e-02 4.038119316101074219e-02 1.252039223909378052e-01 9.859608113765716553e-02 8.620653301477432251e-02 5.524790659546852112e-02 4.119142517447471619e-02 3.472531214356422424e-02 1.322332397103309631e-02 5.189816281199455261e-02 7.199921458959579468e-02 3.234764188528060913e-02 3.953778743743896484e-02 3.094544261693954468e-02 3.222781047224998474e-02 2.585681714117527008e-02 1.285515446215867996e-02 3.783215954899787903e-02 9.304633364081382751e-03 2.896744012832641602e-02 3.901340067386627197e-02 3.313390165567398071e-02 4.113386850804090500e-03 2.352011390030384064e-02 3.423270210623741150e-02 3.663682565093040466e-02 2.200736664235591888e-02 3.748865274246782064e-04 3.899122402071952820e-02 5.201392993330955505e-02 3.253820911049842834e-02 1.578723452985286713e-02 7.555807475000619888e-03 4.479784518480300903e-02 3.064070083200931549e-02 8.047957718372344971e-02 5.895861610770225525e-02 2.917775698006153107e-02 3.212478011846542358e-02 2.118525840342044830e-02 2.144041471183300018e-03 1.213949546217918396e-01 9.473862126469612122e-03 2.149611152708530426e-02 2.702097967267036438e-02 4.172649700194597244e-03 5.079181399196386337e-03 4.834027960896492004e-02 4.200422018766403198e-02 3.248180449008941650e-02 4.024100303649902344e-02 2.317630872130393982e-02 3.144865110516548157e-02 4.474059119820594788e-02 1.423171069473028183e-02 8.929494768381118774e-02 4.050297290086746216e-02 5.499638244509696960e-02 3.139527142047882080e-02 5.592690780758857727e-02 1.858868822455406189e-02 2.799948118627071381e-02 7.813864387571811676e-03 1.525257080793380737e-01 7.308959960937500000e-02 3.370168805122375488e-02 1.321068499237298965e-02 1.472054515033960342e-02 6.456153001636266708e-03 2.310679666697978973e-02 2.630622126162052155e-02 1.880354620516300201e-02 1.334960758686065674e-02 3.321273624897003174e-02 2.572647109627723694e-02 8.314178138971328735e-02 4.499161988496780396e-02 2.913614921271800995e-02 1.150217279791831970e-02 3.974156081676483154e-02 1.744120568037033081e-02 1.161585096269845963e-03 2.602329663932323456e-02 2.900429628789424896e-02 2.939802361652255058e-04 1.594314165413379669e-02 1.370767317712306976e-02 4.495131596922874451e-02 2.228558249771595001e-02 2.024089172482490540e-02 7.250451482832431793e-03 1.350605487823486328e-02 3.810567408800125122e-02 2.572496235370635986e-02 3.115161322057247162e-02 4.305117763578891754e-03 3.074140660464763641e-02 3.779605776071548462e-02 2.062225900590419769e-02 1.437145750969648361e-02 3.968014195561408997e-02 4.090993851423263550e-02 2.025537937879562378e-02
2.258284203708171844e-02 1.075979415327310562e-02 2.549319341778755188e-02 2.565458649769425392e-03 1.828091032803058624e-02 3.236743435263633728e-02 4.304903745651245117e-02 1.994984783232212067e-02 8.476015180349349976e-02 5.632185935974121094e-01 9.529707022011280060e-03 6.676084827631711960e-03 1.321841310709714890e-02 3.673055022954940796e-02 2.012253738939762115e-02 5.673218891024589539e-02 4.930324107408523560e-02 2.282617613673210144e-02 8.761763572692871094e-02 1.831630710512399673e-03 8.022967725992202759e-03 6.465072743594646454e-03 3.690742328763008118e-02 9.045468643307685852e-03 1.524072140455245972e-04 1.981184072792530060e-02 2.130178548395633698e-02 9.238856844604015350e-03 2.809196012094616890e-03 1.299179345369338989e-02 5.888015497475862503e-03 2.923773787915706635e-02 2.198117290390655398e-04 3.374361991882324219e-02 3.427048679441213608e-03 1.301403995603322983e-02 2.903754450380802155e-02 4.702062532305717468e-02 2.240858413279056549e-02 3.318211436271667480e-02 8.122894912958145142e-03 8.359239436686038971e-04 1.522240042686462402e-02 4.157458245754241943e-02 1.116358675062656403e-02 1.588911376893520355e-02 4.849362373352050781e-02 1.676768809556961060e-02 4.167849570512771606e-02 6.025740131735801697e-02 3.847375046461820602e-03 6.980848032981157303e-03 6.286669056862592697e-03 1.674677431583404541e-02 4.271092265844345093e-02 1.072912141680717468e-01 2.838617935776710510e-02 3.091784752905368805e-02 3.967895731329917908e-02 1.506948750466108322e-02 2.182762511074542999e-02 2.087776549160480499e-02 1.607651077210903168e-02 3.301507560536265373e-03 2.137460373342037201e-02 4.737579077482223511e-02 1.753561897203326225e-03 3.744387999176979065e-02 5.701560527086257935e-02 2.003888599574565887e-02 7.374525070190429688e-02 3.835815563797950745e-02 3.813971532508730888e-03 1.132540591061115265e-02 3.524162620306015015e-02 8.414906449615955353e-03 1.663629151880741119e-02 1.037967130541801453e-01 4.539847373962402344e-03 3.290813416242599487e-02 1.179223321378231049e-02 2.342656441032886505e-02 1.414447557181119919e-02 7.156672328710556030e-02 3.435897827148437500e-02 2.191180596128106117e-03 1.721441745758056641e-02 3.613187745213508606e-02 2.308818511664867401e-02 6.115465238690376282e-02 2.187817357480525970e-02 7.134794257581233978e-03 6.180892232805490494e-04 2.056232653558254242e-03 1.081248046830296516e-03 8.390779839828610420e-04 1.788481138646602631e-02 2.278989739716053009e-02 4.762207344174385071e-02 2.578961849212646484e-02 1.493582315742969513e-02 4.337601736187934875e-02 3.968912363052368164e-02 2.798180654644966125e-02 3.907357528805732727e-02 4.906093701720237732e-02 3.000906202942132950e-03 4.778520017862319946e-02 4.587553441524505615e-03 1.850602589547634125e-02 4.902927204966545105e-02 3.106846660375595093e-02 3.919047862291336060e-02 3.743642009794712067e-04 6.688128225505352020e-03 3.008474968373775482e-02
9.207984805107116699e-02 8.667836338281631470e-02 3.699876368045806885e-02 1.473058667033910751e-02 3.452869877219200134e-02 6.774723529815673828e-02 6.692466139793395996e-02 1.001303270459175110e-02 2.298919484019279480e-02 9.529707022011280060e-03 5.642492771148681641e-01 7.423578295856714249e-03 8.076214045286178589e-02 4.837050102651119232e-03 2.908608131110668182e-02 2.139037847518920898e-02 7.605929393321275711e-03 1.609704829752445221e-02 2.838676236569881439e-02 6.766396691091358662e-04 2.984583005309104919e-02 3.546141833066940308e-02 9.854805655777454376e-03 1.129723852500319481e-03 4.381017759442329407e-03 1.990454271435737610e-02 4.114883020520210266e-02 4.805400967597961426e-02 1.446094643324613571e-02 4.419700801372528076e-02 3.738196566700935364e-02 9.833715856075286865e-03 2.500527305528521538e-03 1.851014420390129089e-02 4.464919865131378174e-02 2.390439063310623169e-02 9.106800891458988190e-03 3.580415621399879456e-02 3.570826724171638489e-03 1.088796183466911316e-02 1.725076464936137199e-03 2.122909016907215118e-02 4.150168225169181824e-02 1.481434702873229980e-02 7.276855874806642532e-03 2.195028401911258698e-02 4.984285309910774231e-02 3.338001295924186707e-02 3.112144581973552704e-02 1.115558855235576630e-02 3.179576247930526733e-03 1.068844925612211227e-02 1.384334173053503036e-02 2.109503932297229767e-02 2.326551824808120728e-02 2.150159887969493866e-02 2.143991552293300629e-02 3.082969412207603455e-02 5.063182325102388859e-04 2.245759405195713043e-02 1.474616117775440216e-02 5.805993452668190002e-03 8.776886388659477234e-03 3.633813560009002686e-02 5.533288419246673584e-02 2.867801673710346222e-02 1.359677407890558243e-02 5.238798633217811584e-02 9.503662586212158203e-03 8.778596296906471252e-03 1.182476151734590530e-02 1.757384836673736572e-02 1.697995513677597046e-02 5.324956774711608887e-02 1.181914471089839935e-02 2.233092673122882843e-02 2.495164051651954651e-03 7.811400108039379120e-03 5.638499744236469269e-03 3.318165987730026245e-02 9.345910511910915375e-04 2.289105020463466644e-02 2.855390124022960663e-02 8.416433120146393776e-04 2.234528074041008949e-03 2.118656225502490997e-02 1.409055199474096298e-02 2.209916152060031891e-02 3.395712375640869141e-02 3.564942255616188049e-02 2.320502698421478271e-02 3.513637557625770569e-02 1.543225720524787903e-02 3.044284414499998093e-03 2.053767070174217224e-02 1.171038579195737839e-02 2.138940058648586273e-02 1.451570168137550354e-02 2.382726874202489853e-03 7.638779003173112869e-03 3.864154918119311333e-03 1.319206319749355316e-02 2.090894058346748352e-02 5.725612118840217590e-02 1.768613979220390320e-02 2.131227776408195496e-02 3.146478161215782166e-02 8.502881973981857300e-03 1.194718200713396072e-02 5.583539605140686035e-02 5.013459827750921249e-03 3.360001370310783386e-02 1.928776036947965622e-03 3.236451372504234314e-02 2.455100975930690765e-02 2.537694014608860016e-02
1.531452406197786331e-02 1.161180553026497364e-03 3.648099675774574280e-02 3.570662112906575203e-03 4.353159666061401367e-02 2.917264960706233978e-02 3.504965454339981079e-02 1.013443246483802795e-02 1.078886762261390686e-01 6.676084827631711960e-03 7.423578295856714249e-03 5.492468476295471191e-01 9.804123081266880035e-03 1.438982039690017700e-01 1.463242899626493454e-02 2.747371979057788849e-02 5.685366224497556686e-03 3.841585246846079826e-03 2.768071182072162628e-02 3.266382263973355293e-03 3.002012521028518677e-02 1.780081726610660553e-02 4.804717749357223511e-02 6.155669689178466797e-02 6.257756054401397705e-02 1.609326526522636414e-02 3.898198530077934265e-02 8.281370997428894043e-02 1.956859789788722992e-02 5.053479596972465515e-02 2.310666441917419434e-02 9.253750555217266083e-03 3.469288349151611328e-02 4.009098559617996216e-02 1.878531649708747864e-02 2.495557814836502075e-02 2.506284229457378387e-02 4.327135533094406128e-02 1.898016221821308136e-02 3.160549700260162354e-02 4.541540145874023438e-02 3.697852417826652527e-02 8.218664675951004028e-03 2.025295607745647430e-02 6.698312610387802124e-02 3.326017782092094421e-02 9.383111260831356049e-03 7.339441683143377304e-03 1.825182698667049408e-02 2.770747616887092590e-02 5.035900324583053589e-02 3.871818259358406067e-02 1.830431260168552399e-02 5.161591619253158569e-02 2.585274726152420044e-02 4.147590138018131256e-03 4.858748242259025574e-02 3.816871717572212219e-02 2.186408266425132751e-02 4.724029079079627991e-02 1.665999554097652435e-02 3.321123868227005005e-02 3.659753128886222839e-02 3.921770956367254257e-03 1.702465116977691650e-02 6.161771714687347412e-02 6.899915169924497604e-03 1.377941202372312546e-02 4.836213588714599609e-02 2.154195308685302734e-02 5.739503726363182068e-02 1.829804666340351105e-02 9.797273203730583191e-03 2.804597839713096619e-02 3.139677643775939941e-02 2.225598320364952087e-02 9.753350168466567993e-03 2.280473150312900543e-02 7.419302314519882202e-02 3.105107136070728302e-02 2.435399917885661125e-03 2.966811321675777435e-02 8.421096950769424438e-03 4.349542781710624695e-02 4.673813283443450928e-02 5.252371355891227722e-02 1.045765168964862823e-02 2.289290167391300201e-02 1.400749236345291138e-01 1.468526665121316910e-02 1.898697577416896820e-02 3.262710198760032654e-02 1.491776853799819946e-02 4.438585415482521057e-02 2.741665579378604889e-02 1.455967966467142105e-02 1.269940007477998734e-02 3.963935375213623047e-02 2.586841583251953125e-02 3.432568535208702087e-02 5.896548554301261902e-02 1.721663214266300201e-02 7.965240627527236938e-03 4.615568742156028748e-02 2.880867570638656616e-02 1.811907440423965454e-02 1.892928034067153931e-02 5.933708045631647110e-03 6.886915769428014755e-03 2.229921147227287292e-02 2.025684108957648277e-03 1.446819677948951721e-02 3.226460143923759460e-02 2.220298629254102707e-04 3.614773973822593689e-02 1.839244156144559383e-03
9.291559457778930664e-02 1.096498221158981323e-01 1.927790790796279907e-02 2.160039544105529785e-02 4.126555845141410828e-02 6.213673204183578491e-02 6.740546226501464844e-02 1.408551260828971863e-02 3.154428675770759583e-02 1.321841310709714890e-02 8.076214045286178589e-02 9.804123081266880035e-03 5.649100542068481445e-01 1.444939337670803070e-02 4.823538661003112793e-02 2.255082316696643829e-02 8.821181952953338623e-03 3.024026565253734589e-02 2.596321702003479004e-02 7.162156514823436737e-03 4.242561291903257370e-03 4.479970410466194153e-02 2.211098000407218933e-02 2.497929090168327093e-04 2.178400196135044098e-02 4.109921306371688843e-02 7.204031106084585190e-03 2.167490310966968536e-02 4.960330203175544739e-03 3.472303599119186401e-02 1.074704341590404510e-02 2.256776206195354462e-03 8.093277923762798309e-03 1.224093977361917496e-02 4.092585667967796326e-02 1.567123457789421082e-02 2.258727326989173889e-02 1.256432477384805679e-02 2.720786724239587784e-03 1.965603418648242950e-02 2.357786986976861954e-03 9.912764653563499451e-03 2.905463613569736481e-02 7.318519987165927887e-03 3.776938654482364655e-03 2.074234560132026672e-02 3.897460177540779114e-02 3.932151198387145996e-02 1.431243494153022766e-02 3.569895401597023010e-02 1.987409219145774841e-02 5.761580541729927063e-04 7.350316271185874939e-03 3.641336690634489059e-03 3.319783136248588562e-02 3.560782223939895630e-02 4.194727167487144470e-02 4.677105322480201721e-02 2.162557793781161308e-03 2.183909062296152115e-03 4.015107825398445129e-02 1.717254635877907276e-03 8.296130225062370300e-03 4.874107241630554199e-02 3.819315135478973389e-02 5.597094446420669556e-02 1.046451367437839508e-02 1.440554670989513397e-02 9.005615487694740295e-03 1.258890703320503235e-02 3.042425960302352905e-02 2.205293066799640656e-02 1.847309805452823639e-02 4.554935917258262634e-02 1.962162926793098450e-02 1.787428371608257294e-02 2.248735353350639343e-02 1.723822206258773804e-02 1.120263524353504181e-02 1.746726781129837036e-02 4.169665742665529251e-03 1.357911969535052776e-03 3.513442585244774818e-03 8.311850018799304962e-03 5.293725058436393738e-03 4.064977541565895081e-02 6.421618629246950150e-03 4.839399456977844238e-02 4.857653006911277771e-02 2.807528525590896606e-02 1.278728153556585312e-02 1.558813545852899551e-02 2.407829836010932922e-02 3.272919729351997375e-02 2.421020716428756714e-02 2.128497324883937836e-02 4.967985674738883972e-02 4.926777258515357971e-02 9.201822802424430847e-03 2.466521970927715302e-02 9.753361227922141552e-04 1.008663792163133621e-02 4.548243060708045959e-02 3.092060424387454987e-02 9.868453256785869598e-03 2.117855288088321686e-02 2.810879610478878021e-02 4.659703373908996582e-02 1.211943756788969040e-02 4.146226122975349426e-02 2.903266344219446182e-03 2.745304815471172333e-02 1.500204857438802719e-02 3.839717432856559753e-02 4.894422367215156555e-02 3.750067204236984253e-02
