5.869568586349487305e-01 8.715794980525970459e-02 2.860691770911216736e-02 2.893898449838161469e-02 2.114944532513618469e-02 7.938758283853530884e-02 5.706061795353889465e-02 3.040462918579578400e-02 3.334899246692657471e-02 8.232962340116500854e-03 5.144919827580451965e-02 2.626487240195274353e-02 3.560332581400871277e-02 3.521936386823654175e-02 2.317239530384540558e-02 2.976121753454208374e-02 2.627721056342124939e-02 1.506444998085498810e-02 5.295646842569112778e-04 8.043127134442329407e-03 7.190030533820390701e-03 8.294658735394477844e-03 2.221982926130294800e-02 1.828198321163654327e-02 2.416679402813315392e-03 2.276984974741935730e-02 8.921427652239799500e-03 4.431017488241195679e-02 2.279905416071414948e-02 4.691834747791290283e-02 1.451658364385366440e-02 2.353905700147151947e-02 5.322892684489488602e-04 1.355558913201093674e-02 9.747752919793128967e-03 9.801070205867290497e-03 2.408513333648443222e-03 2.425771765410900116e-02 8.153535309247672558e-04 2.780736889690160751e-03 2.228039689362049103e-02 2.657963708043098450e-02 3.943909332156181335e-02 1.050317753106355667e-02 2.500826120376586914e-02 4.172814264893531799e-02 6.436664611101150513e-02 2.184777893126010895e-02 1.656211167573928833e-02 3.844256279990077019e-03 3.283658623695373535e-02 3.451312333345413208e-02 5.560211371630430222e-03 1.177873089909553528e-02 1.758329197764396667e-02 5.515395198017358780e-03 2.657468989491462708e-02 2.113263122737407684e-03 2.028769254684448242e-02 1.575530692934989929e-02 1.156167685985565186e-02 2.287410013377666473e-02 3.935532178729772568e-03 2.915252372622489929e-02 1.428242772817611694e-02 1.036377437412738800e-02 2.018588967621326447e-02 1.772930286824703217e-02 3.111613541841506958e-02 7.993269711732864380e-03 2.030772902071475983e-02 1.868159137666225433e-02 1.863597892224788666e-02 3.697766456753015518e-03 2.192275412380695343e-02 2.040772885084152222e-02 4.290296137332916260e-02 4.688013345003128052e-03 4.099189490079879761e-02 4.306663200259208679e-02 4.388822242617607117e-02 3.809212148189544678e-02 2.148495614528656006e-02 1.658019423484802246e-02 1.703956723213195801e-02 5.054223351180553436e-03 1.977626606822013855e-02 3.223154693841934204e-02 9.516644291579723358e-03 1.415760634699836373e-04 6.659904867410659790e-02 2.475053444504737854e-02 2.510566636919975281e-02 3.909042477607727051e-02 9.517416357994079590e-03 1.126281358301639557e-02 6.093112751841545105e-03 4.720253404229879379e-03 1.180677860975265503e-02 2.601560577750205994e-02 4.280079901218414307e-02 4.702910408377647400e-02 4.319170117378234863e-02 2.916538529098033905e-02 2.714622765779495239e-02 2.621832117438316345e-02 3.408269584178924561e-02 2.021475927904248238e-03 5.168014019727706909e-02 4.916174709796905518e-02 3.842628747224807739e-02 2.370116673409938812e-02 4.370224103331565857e-02 4.305409267544746399e-02 2.928136847913265228e-02 4.310524091124534607e-02
8.715794980525970459e-02 5.880644321441650391e-01 2.541082724928855896e-02 9.073604829609394073e-03 3.021591575816273689e-03 7.550007849931716919e-02 6.347650289535522461e-02 2.686807140707969666e-02 3.976118564605712891e-02 9.809976443648338318e-03 2.824148349463939667e-02 2.063882723450660706e-02 4.668951407074928284e-02 2.495160885155200958e-02 2.322141639888286591e-02 2.567350305616855621e-02 1.725618168711662292e-02 1.174581050872802734e-02 7.296089548617601395e-03 2.465221844613552094e-02 4.280677530914545059e-03 1.302135526202619076e-03 1.802101917564868927e-02 1.454656291753053665e-02 5.790183786302804947e-03 1.900207251310348511e-02 9.217340499162673950e-03 4.274770244956016541e-02 7.270603440701961517e-03 4.426242038607597351e-02 1.617323048412799835e-02 3.231684863567352295e-02 1.884465338662266731e-03 2.607875131070613861e-02 6.291144527494907379e-03 9.600876830518245697e-03 1.028556958772242069e-03 3.422766923904418945e-02 1.987002324312925339e-03 9.842254221439361572e-03 2.526554465293884277e-02 3.208224102854728699e-02 2.717312052845954895e-02 3.992223367094993591e-02 5.153401196002960205e-02 1.653422601521015167e-02 7.368075102567672729e-02 4.643754661083221436e-02 1.238091010600328445e-02 1.003555953502655029e-02 3.954766318202018738e-02 6.099923513829708099e-03 3.295588307082653046e-03 3.059963462874293327e-03 1.844782382249832153e-02 2.329874550923705101e-03 2.896742708981037140e-02 1.571069285273551941e-02 1.389598660171031952e-02 4.633675795048475266e-03 1.787056773900985718e-02 4.278568923473358154e-02 9.688332793302834034e-04 3.074178285896778107e-02 1.317933201789855957e-02 2.208797493949532509e-03 2.934535220265388489e-02 1.990057714283466339e-02 3.338029608130455017e-02 3.020088479388505220e-04 2.500119432806968689e-02 4.191341251134872437e-02 2.882245555520057678e-02 2.646936103701591492e-02 2.711180970072746277e-02 2.359594218432903290e-02 3.702707216143608093e-02 1.289890334010124207e-02 4.373759031295776367e-02 4.858884215354919434e-02 3.376886993646621704e-02 1.647947728633880615e-02 3.030606172978878021e-02 1.787818036973476410e-02 2.667060494422912598e-02 2.895815297961235046e-03 1.392687577754259109e-02 1.424577366560697556e-02 2.387840999290347099e-03 1.435170322656631470e-02 8.807267993688583374e-02 1.848650164902210236e-02 7.124426215887069702e-02 2.611163817346096039e-02 1.566610485315322876e-02 1.081774104386568069e-02 2.557300031185150146e-03 1.184151135385036469e-02 1.369375619105994701e-03 1.038303412497043610e-02 4.366633668541908264e-02 5.586540326476097107e-02 4.096180573105812073e-02 3.569440543651580811e-02 2.355783991515636444e-02 2.197666652500629425e-02 3.652045130729675293e-02 3.680042224004864693e-03 4.494037479162216187e-02 5.173276737332344055e-02 3.845532238483428955e-02 2.188110537827014923e-02 3.158464282751083374e-02 3.961236029863357544e-02 1.909802109003067017e-02 4.355357214808464050e-02
2.860691770911216736e-02 2.541082724928855896e-02 5.612906217575073242e-01 2.297287434339523315e-02 2.411561086773872375e-02 3.075523115694522858e-02 4.140338674187660217e-02 1.855159550905227661e-01 2.044370211660861969e-02 3.166667744517326355e-02 2.066734433174133301e-02 1.390740461647510529e-02 2.448128908872604370e-02 5.424506496638059616e-03 2.540172822773456573e-02 1.199160329997539520e-02 4.403281025588512421e-03 1.903343945741653442e-02 2.840443700551986694e-02 1.732491143047809601e-02 1.185415126383304596e-02 4.039227217435836792e-02 2.683282829821109772e-03 2.018384449183940887e-02 5.669392179697751999e-03 2.031648904085159302e-02 3.128958866000175476e-02 2.839356474578380585e-02 5.251072347164154053e-03 3.803324326872825623e-02 1.101756561547517776e-02 1.082136761397123337e-02 3.281691670417785645e-02 2.229243330657482147e-02 2.494740113615989685e-02 1.469461712986230850e-02 3.610605001449584961e-02 1.039366144686937332e-02 1.893464662134647369e-02 3.679954633116722107e-02 3.804214997217059135e-03 1.458528824150562286e-02 1.626465655863285065e-02 1.773199439048767090e-01 3.261447325348854065e-02 5.534739699214696884e-03 2.405379153788089752e-02 1.132999081164598465e-02 4.736053291708230972e-03 9.562568739056587219e-03 4.392540082335472107e-02 4.580815881490707397e-02 2.735860878601670265e-03 1.544994302093982697e-02 4.205328878015279770e-03 2.441136864945292473e-03 7.471390417777001858e-04 2.371923625469207764e-02 2.058114297688007355e-02 8.537106215953826904e-03 1.249876804649829865e-02 2.244841866195201874e-02 1.136153005063533783e-02 1.141750067472457886e-02 3.861115500330924988e-02 3.961059078574180603e-02 1.272903475910425186e-02 1.728546060621738434e-02 1.333369128406047821e-02 3.220413252711296082e-02 1.697387732565402985e-02 3.170325607061386108e-02 1.724310778081417084e-02 8.740438520908355713e-02 1.277641276828944683e-03 1.177826547063887119e-03 1.767715439200401306e-02 4.008828103542327881e-02 1.483086682856082916e-02 2.656444907188415527e-02 2.029146105051040649e-01 1.365881413221359253e-01 2.667003311216831207e-02 1.771247014403343201e-02 8.530058898031711578e-03 8.483631536364555359e-03 4.897993430495262146e-02 4.144605621695518494e-02 8.799060015007853508e-04 1.184583269059658051e-02 1.598867215216159821e-02 4.079710319638252258e-02 2.219150774180889130e-04 2.773910760879516602e-02 5.737814120948314667e-03 2.718350104987621307e-02 3.190420567989349365e-02 6.250657141208648682e-03 3.241216065362095833e-03 2.239870140329003334e-03 2.527762763202190399e-02 3.073444403707981110e-02 3.273763926699757576e-03 7.929774001240730286e-03 4.094297438859939575e-02 4.278666153550148010e-02 1.722200773656368256e-03 4.201901331543922424e-02 3.389511257410049438e-02 1.843271963298320770e-02 1.993428356945514679e-02 3.461137786507606506e-02 4.169908538460731506e-02 2.450248226523399353e-02 3.078080713748931885e-02 1.051242556422948837e-02
2.893898449838161469e-02 9.073604829609394073e-03 2.297287434339523315e-02 5.858262777328491211e-01 1.582075953483581543e-01 3.603792190551757812e-02 2.754955179989337921e-02 2.935866080224514008e-02 3.246260434389114380e-02 3.545027971267700195e-02 4.651551693677902222e-02 3.837983310222625732e-02 3.757377341389656067e-02 1.528886146843433380e-02 3.450654819607734680e-02 1.614385470747947693e-02 2.232445217669010162e-02 8.738560229539871216e-02 1.024623662233352661e-01 1.083443500101566315e-02 1.793190091848373413e-02 2.887264452874660492e-02 1.999031752347946167e-02 2.943043410778045654e-02 1.831033267080783844e-03 1.151596289128065109e-02 1.619791239500045776e-02 4.035795480012893677e-02 2.834756858646869659e-02 3.092081844806671143e-02 3.740492090582847595e-02 2.338178455829620361e-02 1.699912175536155701e-02 2.667897380888462067e-03 2.887231670320034027e-02 1.965034008026123047e-02 2.750047715380787849e-03 2.768876403570175171e-02 7.762227952480316162e-02 2.751075848937034607e-02 1.515437569469213486e-02 1.673242636024951935e-02 1.199868135154247284e-02 1.879852451384067535e-02 2.615980431437492371e-02 3.527018800377845764e-02 2.921121008694171906e-02 3.099252656102180481e-02 3.063664399087429047e-02 4.480252414941787720e-02 1.175009459257125854e-02 1.479234639555215836e-02 1.614093035459518433e-02 2.755201049149036407e-02 2.489378862082958221e-02 4.026136547327041626e-02 2.626850968226790428e-03 2.175926044583320618e-02 1.546912547200918198e-02 3.701915219426155090e-02 7.241665571928024292e-02 4.598208144307136536e-02 7.092943787574768066e-02 8.880264312028884888e-02 1.965258084237575531e-02 4.240407422184944153e-02 1.031490974128246307e-03 5.171085707843303680e-03 1.527562155388295650e-03 1.707320101559162140e-02 4.343969281762838364e-03 3.102006949484348297e-02 1.043381094932556152e-01 3.403461771085858345e-03 7.445661723613739014e-02 1.233379263430833817e-02 2.813666360452771187e-03 1.883971318602561951e-02 1.157537568360567093e-02 3.191318362951278687e-02 3.394575044512748718e-02 2.050845138728618622e-02 1.105390712618827820e-01 1.109170243144035339e-01 6.854396779090166092e-03 2.685040468350052834e-03 3.729292377829551697e-02 3.826202079653739929e-02 7.755907252430915833e-03 2.487624622881412506e-02 5.165322218090295792e-04 2.946388209238648415e-03 7.758175022900104523e-03 4.655598197132349014e-03 1.135410857386887074e-04 2.539082989096641541e-02 4.535430576652288437e-03 2.760564442723989487e-03 1.041346509009599686e-02 5.869485903531312943e-03 4.197224974632263184e-02 3.084326907992362976e-02 5.428745970129966736e-02 6.478841602802276611e-02 1.952110417187213898e-02 2.068954519927501678e-02 2.227005362510681152e-02 9.229284478351473808e-04 3.263538330793380737e-02 3.012484870851039886e-02 2.360775880515575409e-02 3.002270311117172241e-02 7.524373009800910950e-03 1.449379231780767441e-02 1.672478765249252319e-02 6.803877651691436768e-03
2.114944532513618469e-02 3.021591575816273689e-03 2.411561086773872375e-02 1.582075953483581543e-01 5.845550894737243652e-01 3.498985990881919861e-02 3.902930766344070435e-02 2.971257269382476807e-02 1.270198822021484375e-02 9.991467930376529694e-03 1.836208999156951904e-02 4.262829944491386414e-02 1.828516833484172821e-02 3.716991469264030457e-02 4.045185446739196777e-02 8.614005520939826965e-03 5.815297365188598633e-03 1.056593134999275208e-01 9.286402910947799683e-02 1.997941546142101288e-02 3.086390718817710876e-02 3.501331433653831482e-02 4.994334280490875244e-02 3.955892845988273621e-02 1.120358332991600037e-02 3.527700901031494141e-03 9.246957488358020782e-03 4.057965800166130066e-02 1.108042802661657333e-02 4.130526632070541382e-02 3.773295029532164335e-04 1.239850465208292007e-02 2.938562072813510895e-02 1.307208876824006438e-04 3.379907831549644470e-02 2.983691357076168060e-02 1.539929676800966263e-02 1.255750469863414764e-02 6.589206308126449585e-02 6.072827428579330444e-02 1.118236966431140900e-02 3.596413135528564453e-02 1.538803521543741226e-02 4.271366633474826813e-03 3.339954465627670288e-02 4.184006154537200928e-02 2.710575796663761139e-02 2.624613232910633087e-02 1.963358186185359955e-02 8.657480939291417599e-04 1.780456304550170898e-02 9.283226914703845978e-03 3.234064206480979919e-02 3.658921644091606140e-02 4.141751676797866821e-03 1.580633968114852905e-02 8.429231820628046989e-04 2.152957394719123840e-02 1.981819979846477509e-02 3.093889541923999786e-02 6.520508974790573120e-02 5.923984572291374207e-02 6.879424303770065308e-02 9.290679544210433960e-02 2.150009572505950928e-02 1.878343522548675537e-02 1.549869310110807419e-02 2.109510079026222229e-02 2.882830100134015083e-03 1.083511393517255783e-03 1.980806142091751099e-02 1.215225830674171448e-02 7.256408035755157471e-02 1.144658494740724564e-02 7.674737274646759033e-02 1.033256854861974716e-02 2.549427188932895660e-02 3.959191590547561646e-02 1.258460432291030884e-02 1.700053736567497253e-02 2.529914863407611847e-02 3.634385392069816589e-02 1.032615602016448975e-01 1.236612573266029358e-01 1.568193733692169189e-02 9.584540501236915588e-03 4.305790737271308899e-02 4.202830791473388672e-02 1.354766730219125748e-02 3.791944822296500206e-03 6.286237388849258423e-03 1.403474155813455582e-02 1.395541056990623474e-02 5.340512841939926147e-03 2.429125364869832993e-03 1.193067897111177444e-02 2.259376086294651031e-02 3.527395799756050110e-02 1.895963028073310852e-02 6.344583816826343536e-03 3.670255467295646667e-02 3.493211418390274048e-02 5.438669119030237198e-03 4.365356580819934607e-04 1.246295869350433350e-02 9.424168616533279419e-03 3.862072154879570007e-02 4.193275701254606247e-03 2.881601452827453613e-02 1.408816128969192505e-02 1.528606936335563660e-02 1.873913221061229706e-02 2.396783232688903809e-02 2.935314364731311798e-02 1.695431582629680634e-02 2.071890421211719513e-02
7.938758283853530884e-02 7.550007849931716919e-02 3.075523115694522858e-02 3.603792190551757812e-02 3.498985990881919861e-02 5.821009278297424316e-01 1.049173027276992798e-01 4.046916216611862183e-02 4.079941660165786743e-03 4.952127113938331604e-02 3.614355996251106262e-02 4.076034203171730042e-02 4.143718630075454712e-02 3.771753981709480286e-02 2.554636076092720032e-02 4.168014973402023315e-02 3.191988915205001831e-02 4.443539679050445557e-02 2.602008916437625885e-02 1.280136313289403915e-02 1.243195869028568268e-02 2.797078806906938553e-03 4.474124684929847717e-02 3.090911917388439178e-02 5.260079167783260345e-03 9.433984756469726562e-03 2.173632942140102386e-02 3.848608583211898804e-02 1.880985102616250515e-03 2.761098183691501617e-02 1.999460719525814056e-02 7.050194777548313141e-03 5.594314541667699814e-03 7.043470162898302078e-03 2.672767033800482750e-03 2.313963882625102997e-02 7.456575520336627960e-03 1.643157005310058594e-02 1.532510761171579361e-02 1.312812138348817825e-02 2.508550882339477539e-02 6.879406049847602844e-03 1.928957761265337467e-03 2.454668050631880760e-03 3.037313558161258698e-02 1.298203947953879833e-03 1.129417568445205688e-01 7.714750617742538452e-02 1.800488308072090149e-02 3.250491246581077576e-02 2.264910377562046051e-03 3.873417526483535767e-02 1.805513538420200348e-02 1.939365640282630920e-02 1.768971211276948452e-03 3.573975339531898499e-02 1.010460220277309418e-02 2.995556220412254333e-02 4.140367358922958374e-02 2.945075184106826782e-02 1.036832761019468307e-02 3.450799360871315002e-02 1.366176735609769821e-02 2.913107909262180328e-02 7.871746085584163666e-03 9.936387650668621063e-03 1.024570129811763763e-02 3.509990638121962547e-04 2.825008332729339600e-02 9.998876601457595825e-03 8.191401138901710510e-03 1.653617434203624725e-02 2.500982396304607391e-02 8.699825964868068695e-03 4.096756502985954285e-02 1.229332666844129562e-02 1.227567158639431000e-02 4.126063734292984009e-02 3.514681756496429443e-02 4.455607384443283081e-02 4.065071418881416321e-02 2.071318961679935455e-02 3.033046983182430267e-02 9.762978181242942810e-03 9.876403957605361938e-03 1.205829624086618423e-02 1.168376486748456955e-02 9.647327475249767303e-03 1.722527854144573212e-02 2.228341810405254364e-02 6.133922934532165527e-02 2.145969867706298828e-02 3.162949904799461365e-02 2.644725330173969269e-02 7.186174392700195312e-03 1.010650303214788437e-02 3.016520477831363678e-02 1.366626005619764328e-02 5.494220531545579433e-04 2.278723940253257751e-02 1.890447922050952911e-02 1.514834258705377579e-02 7.430577185004949570e-03 2.384780719876289368e-02 3.378160670399665833e-02 3.826999291777610779e-02 2.370951138436794281e-02 3.317457437515258789e-02 3.791856393218040466e-02 1.081348955631256104e-02 1.806403324007987976e-02 2.559524029493331909e-02 9.311989881098270416e-03 1.668895222246646881e-02 2.895711921155452728e-02 1.734127849340438843e-02
5.706061795353889465e-02 6.347650289535522461e-02 4.140338674187660217e-02 2.754955179989337921e-02 3.902930766344070435e-02 1.049173027276992798e-01 5.829399824142456055e-01 2.049893699586391449e-02 1.352486107498407364e-02 2.582314796745777130e-02 4.050229117274284363e-02 4.687830433249473572e-02 3.836160525679588318e-02 6.245698034763336182e-02 1.664248108863830566e-02 2.857817150652408600e-02 2.595952711999416351e-02 3.874180838465690613e-02 2.864833921194076538e-02 1.453890278935432434e-02 2.054095966741442680e-03 9.882756508886814117e-03 2.044798620045185089e-02 1.909393072128295898e-02 1.593463681638240814e-02 8.505466394126415253e-04 1.899690739810466766e-02 1.817971654236316681e-02 1.872847042977809906e-02 2.275229059159755707e-02 1.229384727776050568e-02 9.920230135321617126e-03 1.806362159550189972e-02 1.262392941862344742e-02 1.259262859821319580e-02 1.235827710479497910e-02 9.294542483985424042e-03 2.377959899604320526e-02 3.005708009004592896e-02 2.199859730899333954e-02 3.524480387568473816e-02 1.212500967085361481e-02 3.638035384938120842e-03 2.057823352515697479e-02 2.093307860195636749e-02 5.998557060956954956e-02 1.149817928671836853e-01 1.191977709531784058e-01 1.411734847351908684e-03 2.102322690188884735e-02 1.738707348704338074e-02 1.530474703758955002e-02 2.328957989811897278e-02 1.771130785346031189e-02 7.374299690127372742e-03 2.092858962714672089e-02 2.937528304755687714e-03 1.750351744703948498e-03 3.960972279310226440e-02 1.818659342825412750e-02 3.320752084255218506e-02 4.129898548126220703e-02 2.249521203339099884e-02 2.755256742238998413e-02 4.545131232589483261e-03 1.731221564114093781e-03 1.784391142427921295e-02 1.200645510107278824e-02 1.044029369950294495e-02 2.172220498323440552e-02 7.487450260668992996e-03 1.776164583861827850e-02 3.903351351618766785e-02 3.387494944036006927e-03 3.090984001755714417e-02 3.847046464215964079e-04 7.544897962361574173e-04 1.626173406839370728e-02 1.911229104734957218e-03 9.276546537876129150e-03 3.498434647917747498e-02 5.409024655818939209e-03 1.333629712462425232e-02 9.068773128092288971e-03 9.675378911197185516e-03 1.152237970381975174e-02 2.589353127405047417e-03 1.488948240876197815e-03 1.214962825179100037e-02 8.751071989536285400e-03 6.879696249961853027e-02 1.342588663101196289e-02 6.623053550720214844e-02 2.191844768822193146e-02 8.791865548118948936e-04 7.617142051458358765e-03 2.365198172628879547e-02 1.881570438854396343e-03 2.141643501818180084e-02 3.467614948749542236e-02 1.601652801036834717e-02 1.124235522001981735e-02 2.988003380596637726e-02 4.506720602512359619e-02 3.234564512968063354e-02 2.938001044094562531e-02 1.204118318855762482e-02 3.329086676239967346e-02 2.025375142693519592e-02 4.958729818463325500e-02 2.767108567059040070e-02 3.757706284523010254e-02 1.502465736120939255e-02 1.196890231221914291e-02 1.212605368345975876e-02 2.889039227738976479e-03
3.040462918579578400e-02 2.686807140707969666e-02 1.855159550905227661e-01 2.935866080224514008e-02 2.971257269382476807e-02 4.046916216611862183e-02 2.049893699586391449e-02 5.743201375007629395e-01 4.148802161216735840e-02 4.255418851971626282e-02 2.781540527939796448e-02 1.452012802474200726e-03 7.761374115943908691e-03 2.312776260077953339e-02 2.750984765589237213e-02 1.522427541203796864e-03 1.651867758482694626e-03 2.798255160450935364e-02 1.359193772077560425e-02 2.799169160425662994e-02 9.508514776825904846e-03 4.643096122890710831e-03 5.717957392334938049e-03 9.023859165608882904e-03 9.479820728302001953e-03 4.480273055378347635e-04 1.207244675606489182e-02 9.408620186150074005e-03 4.802276939153671265e-02 2.826438285410404205e-02 4.155625775456428528e-02 1.539552398025989532e-02 1.690711267292499542e-02 1.198867452330887318e-03 2.312803268432617188e-02 5.365136545151472092e-03 3.110833698883652687e-03 2.566700987517833710e-02 5.376411136239767075e-03 1.354855019599199295e-02 8.105960674583911896e-03 3.662018850445747375e-02 2.523976564407348633e-02 4.346088320016860962e-02 6.266118958592414856e-03 1.456884201616048813e-02 4.448962584137916565e-02 3.816841170191764832e-02 2.102873101830482483e-02 5.756760947406291962e-04 3.214903920888900757e-02 3.131347894668579102e-02 8.736918680369853973e-03 5.300503689795732498e-03 2.264905907213687897e-02 5.059591494500637054e-03 9.280833415687084198e-03 2.422538585960865021e-03 2.391032874584197998e-02 7.932605221867561340e-03 3.120913170278072357e-02 3.301872685551643372e-02 1.831344328820705414e-02 3.901332244277000427e-02 2.086794003844261169e-02 4.900675732642412186e-03 1.783816143870353699e-02 8.944451808929443359e-03 1.012669689953327179e-02 3.190106526017189026e-02 3.442676505073904991e-03 2.700713090598583221e-02 7.484113331884145737e-03 1.265839487314224243e-02 6.237299647182226181e-03 2.837159484624862671e-02 3.639191761612892151e-02 2.589690312743186951e-02 2.585216239094734192e-02 3.389507997781038284e-03 1.412201076745986938e-01 1.117148101329803467e-01 2.847856096923351288e-02 2.633112110197544098e-02 1.900359801948070526e-02 5.903396289795637131e-03 6.400398910045623779e-02 7.228212803602218628e-02 4.475728783290833235e-04 9.865729138255119324e-03 1.657883077859878540e-02 2.874950296245515347e-04 1.331216562539339066e-02 5.884035956114530563e-03 2.496895845979452133e-03 7.501588203012943268e-03 2.490768954157829285e-02 1.914149499498307705e-03 1.361138187348842621e-02 2.060851827263832092e-02 2.819587104022502899e-02 1.558008952997624874e-03 3.897905349731445312e-02 3.005330450832843781e-02 1.224457751959562302e-02 1.506413239985704422e-02 1.235527265816926956e-02 1.679131202399730682e-02 4.124716797377914190e-04 3.066758252680301666e-02 2.959883958101272583e-02 3.321328014135360718e-02 5.671500228345394135e-03 3.811155632138252258e-02 2.025253511965274811e-02 7.275881245732307434e-03
3.334899246692657471e-02 3.976118564605712891e-02 2.044370211660861969e-02 3.246260434389114380e-02 1.270198822021484375e-02 4.079941660165786743e-03 1.352486107498407364e-02 4.148802161216735840e-02 5.680538415908813477e-01 1.057963147759437561e-01 1.327438466250896454e-02 2.785332314670085907e-02 1.661165058612823486e-02 1.347992755472660065e-02 3.630519285798072815e-02 1.128785219043493271e-02 1.456506666727364063e-03 2.468652278184890747e-02 3.653898462653160095e-02 6.079491227865219116e-03 3.671406581997871399e-02 5.196345970034599304e-02 1.438889885321259499e-03 2.811801992356777191e-02 4.180855676531791687e-02 1.975652948021888733e-02 1.389853470027446747e-02 2.803389914333820343e-02 9.365371428430080414e-03 1.629042625427246094e-02 6.394677795469760895e-03 3.592906519770622253e-02 6.662369705736637115e-03 5.769980326294898987e-02 4.577339161187410355e-03 5.127741768956184387e-02 1.532245427370071411e-02 2.636056952178478241e-02 1.696018874645233154e-02 1.118000689893960953e-02 2.557070553302764893e-02 2.832954376935958862e-02 1.720169745385646820e-02 3.704379871487617493e-02 2.046698890626430511e-02 2.683449164032936096e-02 1.093909237533807755e-02 2.073167636990547180e-02 1.586473733186721802e-02 1.005120761692523956e-02 3.028082288801670074e-02 1.344284741207957268e-03 1.450993772596120834e-02 2.924657985568046570e-02 5.853210017085075378e-02 7.135092280805110931e-03 4.653035849332809448e-02 1.091155502945184708e-02 2.761473413556814194e-03 7.532102521508932114e-03 1.949884369969367981e-02 4.647475853562355042e-02 1.298916339874267578e-02 4.257341846823692322e-02 4.132198542356491089e-02 2.536488138139247894e-02 1.122518442571163177e-02 2.357893623411655426e-02 5.748008191585540771e-02 3.254187479615211487e-02 3.186604753136634827e-02 6.092864787206053734e-04 1.523631066083908081e-02 3.622146323323249817e-02 1.219889381900429726e-03 2.264837361872196198e-02 1.424298882484436035e-01 8.423598110675811768e-02 2.294198423624038696e-02 1.775789074599742889e-02 9.040505625307559967e-03 2.597015723586082458e-02 1.284971367567777634e-02 7.134051411412656307e-04 1.607855595648288727e-02 5.047221109271049500e-02 4.796373844146728516e-02 2.430897019803524017e-02 3.416967391967773438e-02 3.745730966329574585e-02 3.653039410710334778e-02 2.941677160561084747e-02 2.986153215169906616e-02 3.126142546534538269e-02 3.353855758905410767e-02 2.177047543227672577e-02 3.622328117489814758e-02 1.849774457514286041e-02 3.562694182619452477e-04 5.088060162961483002e-03 9.518996812403202057e-03 1.144328620284795761e-02 1.799783110618591309e-02 3.735179826617240906e-02 1.635732315480709076e-02 1.526304800063371658e-02 3.520512580871582031e-02 6.865585455670952797e-04 1.569868251681327820e-02 3.485823422670364380e-02 3.350369259715080261e-02 2.522871457040309906e-02 5.020332522690296173e-03 1.593100652098655701e-02 1.638262160122394562e-02 2.853711880743503571e-02
8.232962340116500854e-03 9.809976443648338318e-03 3.166667744517326355e-02 3.545027971267700195e-02 9.991467930376529694e-03 4.952127113938331604e-02 2.582314796745777130e-02 4.255418851971626282e-02 1.057963147759437561e-01 5.727617740631103516e-01 8.085343055427074432e-03 3.938732668757438660e-02 1.666521281003952026e-02 2.719907090067863464e-02 4.895824566483497620e-02 2.651727572083473206e-02 6.735784932971000671e-03 3.741815220564603806e-03 1.357765123248100281e-02 4.678507894277572632e-02 3.774621710181236267e-02 3.195327892899513245e-02 3.630805388092994690e-02 2.142639644443988800e-02 1.229955255985260010e-02 2.986641600728034973e-02 4.583543539047241211e-02 4.512929171323776245e-02 3.235971182584762573e-02 3.670112043619155884e-02 5.241093784570693970e-02 3.896264359354972839e-02 1.032914221286773682e-02 3.391667827963829041e-02 7.019473705440759659e-04 4.008746147155761719e-02 3.792181611061096191e-02 4.491511359810829163e-02 1.799667254090309143e-02 1.620131917297840118e-02 2.655629534274339676e-03 6.515612825751304626e-03 3.602647036314010620e-02 4.244630038738250732e-02 3.108017332851886749e-02 1.463716663420200348e-02 2.846231497824192047e-02 1.345379557460546494e-02 2.765760198235511780e-02 5.712723359465599060e-02 5.183497443795204163e-02 1.760463230311870575e-02 4.056189674884080887e-03 1.197217777371406555e-02 3.495588526129722595e-02 6.300587952136993408e-02 9.954795241355895996e-03 4.466202855110168457e-02 2.162553369998931885e-02 5.140853300690650940e-02 1.419612672179937363e-02 1.126183848828077316e-02 2.558952569961547852e-02 3.288875892758369446e-02 1.142779458314180374e-02 3.350227698683738708e-02 3.805156797170639038e-02 4.630358889698982239e-02 8.733721449971199036e-03 4.119144752621650696e-02 3.680210188031196594e-02 2.883139764890074730e-03 4.570949450135231018e-02 1.142830308526754379e-02 5.546313244849443436e-03 2.010254003107547760e-02 5.861750245094299316e-02 1.515489071607589722e-01 3.763615339994430542e-02 7.873447239398956299e-02 9.043774567544460297e-03 1.956425793468952179e-02 3.669769316911697388e-02 2.829099819064140320e-02 4.319018870592117310e-02 2.286869287490844727e-02 2.450067177414894104e-02 4.890515655279159546e-02 1.746521703898906708e-02 3.162153065204620361e-02 2.862510457634925842e-02 3.455298021435737610e-02 5.850865319371223450e-02 2.688752673566341400e-02 4.980267211794853210e-02 3.971547633409500122e-02 3.121768310666084290e-02 3.296028822660446167e-02 1.580605097115039825e-02 3.591427812352776527e-03 1.238334365189075470e-02 2.813968993723392487e-02 2.601212076842784882e-02 3.166111186146736145e-02 1.110448688268661499e-02 4.117334261536598206e-02 4.299726709723472595e-02 3.476769104599952698e-02 2.793021500110626221e-02 8.252390474081039429e-02 2.838080935180187225e-02 4.006588086485862732e-02 4.564099386334419250e-02 2.673671953380107880e-02 7.888192310929298401e-03 5.657183751463890076e-02
5.144919827580451965e-02 2.824148349463939667e-02 2.066734433174133301e-02 4.651551693677902222e-02 1.836208999156951904e-02 3.614355996251106262e-02 4.050229117274284363e-02 2.781540527939796448e-02 1.327438466250896454e-02 8.085343055427074432e-03 5.795450210571289062e-01 1.759441569447517395e-02 3.781056776642799377e-02 3.385418280959129333e-02 1.218897849321365356e-02 9.408559999428689480e-04 8.191659115254878998e-03 1.259853690862655640e-02 4.630248248577117920e-02 1.626585423946380615e-02 8.385077235288918018e-04 2.490934729576110840e-02 6.443379912525415421e-03 2.002241555601358414e-03 1.839278265833854675e-02 2.417746698483824730e-03 2.063589170575141907e-02 7.357391994446516037e-03 5.701941996812820435e-02 8.575988002121448517e-03 4.666654765605926514e-02 2.132051065564155579e-02 1.024265028536319733e-02 1.126597519032657146e-03 5.156675819307565689e-03 1.622473634779453278e-02 1.774939522147178650e-02 3.673542989417910576e-03 1.813772320747375488e-02 2.432583365589380264e-03 9.278712794184684753e-03 2.586529217660427094e-02 1.751502603292465210e-02 2.260540053248405457e-02 2.607092447578907013e-02 2.927217446267604828e-02 4.877628013491630554e-02 4.267027974128723145e-02 2.519440278410911560e-02 3.202671650797128677e-03 1.751578971743583679e-02 3.351516649127006531e-02 7.160482928156852722e-03 3.149270080029964447e-03 1.284975092858076096e-02 1.479814876802265644e-03 9.954439476132392883e-03 1.199704315513372421e-02 1.282983925193548203e-02 4.643117543309926987e-03 2.579929493367671967e-02 5.711148958653211594e-03 3.793026786297559738e-03 3.199764341115951538e-02 3.735507279634475708e-02 3.123869746923446655e-02 2.806802466511726379e-02 1.814258098602294922e-02 8.047869428992271423e-03 9.049152955412864685e-03 2.816703170537948608e-03 3.934372216463088989e-02 1.376741938292980194e-02 2.690721116960048676e-02 4.950971342623233795e-03 3.246262669563293457e-02 1.544162631034851074e-03 1.971442811191082001e-02 4.746426828205585480e-03 1.084587350487709045e-02 5.134297162294387817e-02 3.472255170345306396e-02 3.190160170197486877e-02 2.063255757093429565e-02 2.365962043404579163e-02 2.529768459498882294e-02 1.611188636161386967e-03 1.087719574570655823e-02 6.130451336503028870e-03 1.638242043554782867e-02 2.623937278985977173e-02 1.621084287762641907e-02 5.444885231554508209e-03 7.948635029606521130e-04 3.672584192827343941e-03 1.031912979669868946e-03 3.254983574151992798e-02 1.768279261887073517e-02 3.427242115139961243e-02 4.047530516982078552e-02 1.992458663880825043e-02 5.108007695525884628e-03 1.466972008347511292e-02 3.032978251576423645e-02 3.518029814586043358e-03 3.695196006447076797e-03 8.491698652505874634e-03 6.943438202142715454e-03 3.517826087772846222e-03 1.144187059253454208e-02 1.527414773590862751e-03 1.720895431935787201e-02 4.041197896003723145e-02 2.265681140124797821e-02 3.837831085547804832e-03 9.944698773324489594e-03
2.626487240195274353e-02 2.063882723450660706e-02 1.390740461647510529e-02 3.837983310222625732e-02 4.262829944491386414e-02 4.076034203171730042e-02 4.687830433249473572e-02 1.452012802474200726e-03 2.785332314670085907e-02 3.938732668757438660e-02 1.759441569447517395e-02 5.738902091979980469e-01 6.522070150822401047e-03 1.329040676355361938e-01 1.592003554105758667e-02 4.395120590925216675e-02 3.133120387792587280e-02 1.380969677120447159e-02 8.680707775056362152e-03 1.020230818539857864e-02 1.404300448484718800e-03 2.566432766616344452e-02 6.218477338552474976e-02 2.502404712140560150e-02 6.641107145696878433e-03 8.181622251868247986e-03 1.489349175244569778e-02 9.083811193704605103e-02 1.169705670326948166e-02 6.608428806066513062e-02 3.628097474575042725e-02 2.142235450446605682e-02 2.635557204484939575e-02 1.919607259333133698e-02 5.276451352983713150e-03 1.036201417446136475e-02 2.983278781175613403e-02 7.971671409904956818e-03 5.245643202215433121e-03 3.268273314461112022e-03 1.205496300826780498e-04 6.056917365640401840e-03 3.824696317315101624e-02 3.031039610505104065e-02 1.577124744653701782e-02 3.339396044611930847e-02 2.694550901651382446e-02 9.774926118552684784e-03 4.806216061115264893e-02 4.157743975520133972e-02 2.515307068824768066e-02 6.551127135753631592e-02 5.760770756751298904e-03 2.961567230522632599e-02 2.518968842923641205e-02 1.656648889183998108e-02 1.665501110255718231e-02 5.068616569042205811e-02 2.084951847791671753e-02 2.737781032919883728e-02 3.893161192536354065e-02 4.320108145475387573e-02 3.448269888758659363e-02 2.131834253668785095e-02 2.543290145695209503e-02 4.573753848671913147e-02 3.483180329203605652e-02 1.368697825819253922e-02 3.036514297127723694e-02 3.757772594690322876e-02 2.824588213115930557e-03 1.578152738511562347e-02 2.704636752605438232e-02 2.961126156151294708e-02 3.158726170659065247e-02 2.855226583778858185e-02 5.083185434341430664e-02 2.288479357957839966e-03 3.832053765654563904e-02 8.531595580279827118e-03 8.426814340054988861e-03 1.011366490274667740e-02 2.016359195113182068e-02 4.168928042054176331e-02 7.185760885477066040e-03 9.454268030822277069e-03 1.819813437759876251e-02 5.183811765164136887e-03 9.198070317506790161e-02 2.963295904919505119e-03 2.301145531237125397e-02 1.207841793075203896e-03 3.195718675851821899e-02 4.860986955463886261e-03 1.744797104038298130e-03 2.188700437545776367e-02 4.207303002476692200e-02 2.366038225591182709e-02 4.473033919930458069e-02 2.834734879434108734e-02 2.376567199826240540e-02 2.568180114030838013e-02 1.383320149034261703e-02 4.036048427224159241e-02 3.798000141978263855e-02 3.572000563144683838e-02 7.068688515573740005e-03 4.102044552564620972e-02 3.911102563142776489e-02 3.231734037399291992e-02 6.742906756699085236e-03 6.084870547056198120e-03 2.973367460072040558e-02 2.387252077460289001e-02 2.747627906501293182e-02 1.242934726178646088e-02
3.560332581400871277e-02 4.668951407074928284e-02 2.448128908872604370e-02 3.757377341389656067e-02 1.828516833484172821e-02 4.143718630075454712e-02 3.836160525679588318e-02 7.761374115943908691e-03 1.661165058612823486e-02 1.666521281003952026e-02 3.781056776642799377e-02 6.522070150822401047e-03 5.879545211791992188e-01 8.973776130005717278e-05 2.855481021106243134e-02 1.577209681272506714e-02 9.156687185168266296e-03 2.436634711921215057e-02 1.885286346077919006e-02 2.216111123561859131e-02 4.549521487206220627e-03 1.842382922768592834e-02 6.285090465098619461e-03 6.237818393856287003e-03 2.107150480151176453e-02 7.634080015122890472e-03 1.534894481301307678e-02 5.830050446093082428e-03 2.448919042944908142e-02 9.588098153471946716e-03 5.033288896083831787e-02 1.407417748123407364e-02 1.013760920614004135e-03 4.232179839164018631e-03 1.667248085141181946e-03 2.759797126054763794e-02 1.445812825113534927e-02 8.291453123092651367e-03 1.606238260865211487e-02 4.291398450732231140e-03 1.447327155619859695e-02 3.962980583310127258e-02 1.376803684979677200e-02 2.366345003247261047e-02 5.159829929471015930e-02 7.775709964334964752e-03 4.664203897118568420e-02 3.968431800603866577e-02 1.015003584325313568e-02 4.343660082668066025e-03 1.003391388803720474e-02 4.149951040744781494e-02 8.270326070487499237e-03 6.860381923615932465e-03 7.520447019487619400e-03 6.511085666716098785e-03 3.551632398739457130e-03 1.063825748860836029e-02 9.883064776659011841e-03 8.508464321494102478e-03 1.823125965893268585e-02 2.159439213573932648e-02 5.377202760428190231e-03 3.950019925832748413e-02 8.961916901171207428e-03 3.834062069654464722e-02 1.886332780122756958e-02 2.902013948187232018e-03 9.026803076267242432e-03 4.792081192135810852e-02 6.892129778861999512e-03 1.663993671536445618e-02 2.049991115927696228e-02 2.681415900588035583e-02 1.226891297847032547e-02 4.085943102836608887e-02 1.055771671235561371e-02 1.516230776906013489e-02 3.256230801343917847e-02 3.662689775228500366e-02 1.922054961323738098e-02 1.396035775542259216e-02 3.924213722348213196e-02 3.414263576269149780e-02 1.884465105831623077e-02 1.193002611398696899e-02 1.013821177184581757e-02 2.092825062572956085e-02 1.698419265449047089e-02 2.022047154605388641e-02 2.931607700884342194e-02 1.506747503299266100e-04 3.285465389490127563e-02 3.219920210540294647e-03 1.442717853933572769e-02 1.319601107388734818e-02 3.950774297118186951e-02 2.683293446898460388e-02 3.408730262890458107e-03 1.779318787157535553e-02 2.737635804805904627e-05 6.015863735228776932e-03 1.995212212204933167e-02 2.917008474469184875e-02 6.267047021538019180e-03 4.572574514895677567e-03 5.474212579429149628e-03 5.509988870471715927e-03 1.724224351346492767e-02 3.193952888250350952e-02 1.835192181169986725e-02 2.559648640453815460e-02 2.198659814894199371e-02 2.092368714511394501e-02 2.858759462833404541e-02 2.268420532345771790e-02
