5.476531982421875000e-01 9.159719198942184448e-02 3.197738900780677795e-02 3.015442751348018646e-02 1.103147491812705994e-02 1.018765270709991455e-01 7.406422495841979980e-02 2.292812615633010864e-02 2.304716035723686218e-02 2.616072259843349457e-02 6.094972416758537292e-02 8.983830921351909637e-03 4.610972851514816284e-02 2.878016326576471329e-03 1.020764373242855072e-02 2.211469411849975586e-02 9.964156895875930786e-03 1.272220537066459656e-02 8.545315358787775040e-04 2.096850425004959106e-03 6.546321325004100800e-03 7.565855048596858978e-03 4.242361523211002350e-03 6.065861321985721588e-03 2.937870100140571594e-02 4.986273590475320816e-03 2.774454187601804733e-03 7.178777363151311874e-03 2.073005074635148048e-03 4.980436060577630997e-03 6.561345420777797699e-03 1.864366605877876282e-02 2.472330443561077118e-02 3.347575291991233826e-02 1.001136843115091324e-02 1.539631839841604233e-02 1.116775628179311752e-02 1.477540284395217896e-02 1.301956642419099808e-02 9.373022243380546570e-03 1.432735938578844070e-02 1.535532064735889435e-02 1.975688850507140160e-03 3.988596610724925995e-03 8.055020123720169067e-03 6.103657186031341553e-03 7.105540484189987183e-02 2.686713635921478271e-02 3.068594634532928467e-02 4.634811729192733765e-02 3.685079142451286316e-02 2.345105260610580444e-02 1.805602945387363434e-02 1.946220756508409977e-03 5.729984026402235031e-03 3.070562705397605896e-02 1.345620490610599518e-02 3.598459297791123390e-03 2.695621736347675323e-02 8.306739851832389832e-03 1.487090811133384705e-02 2.496773377060890198e-02 2.526455000042915344e-02 6.826188415288925171e-03 3.233618289232254028e-02 6.371932104229927063e-03 7.546150125563144684e-03 1.127398386597633362e-02 1.908359862864017487e-02 3.181064873933792114e-02 3.797531500458717346e-02 2.969680167734622955e-02 2.543444372713565826e-02 5.386015618569217622e-05 8.393629454076290131e-03 3.440493717789649963e-02 3.947469219565391541e-02 4.105355590581893921e-02 3.417351096868515015e-02 2.668398618698120117e-02 9.338143281638622284e-03 1.041798107326030731e-02 3.608613088726997375e-02 3.516106680035591125e-02 4.130141437053680420e-02 3.158426657319068909e-02 2.610589563846588135e-02 5.840042140334844589e-04 3.565327078104019165e-02 2.276729978621006012e-02 6.970188580453395844e-03 5.093749612569808960e-03 6.958456244319677353e-03 1.213136874139308929e-02 6.995752337388694286e-04 1.124235917814075947e-03 5.307224113494157791e-03 4.109171777963638306e-02 7.909191772341728210e-03 2.709141559898853302e-02 2.016466576606035233e-03 1.587112806737422943e-02 1.896014437079429626e-02 2.459003776311874390e-02 1.391246542334556580e-02 2.014800207689404488e-03 1.523684151470661163e-02 1.549722906202077866e-02 1.176560949534177780e-02 2.232494764029979706e-02 3.726335242390632629e-03 1.552562136203050613e-02 7.160246372222900391e-03 2.165379375219345093e-02 1.901076547801494598e-02 2.547812880948185921e-03
9.159719198942184448e-02 5.441629290580749512e-01 3.980062156915664673e-02 3.911949694156646729e-02 1.287936326116323471e-02 8.654399961233139038e-02 7.982579618692398071e-02 3.658528998494148254e-02 8.149017579853534698e-03 2.938868291676044464e-02 6.014231964945793152e-02 9.072215296328067780e-03 5.367812514305114746e-02 8.179675787687301636e-03 7.431623991578817368e-03 1.575222983956336975e-02 1.318860333412885666e-02 8.819428272545337677e-03 2.284263633191585541e-02 1.808500476181507111e-02 3.898302558809518814e-03 7.476788014173507690e-03 4.816166125237941742e-03 8.645179681479930878e-03 2.211617119610309601e-02 1.263955421745777130e-02 4.081570077687501907e-03 1.725237071514129639e-02 3.648870810866355896e-02 1.987419091165065765e-02 2.078962698578834534e-02 1.493118051439523697e-02 3.281096741557121277e-02 2.260061912238597870e-02 2.547618933022022247e-02 1.172245293855667114e-02 7.549750618636608124e-03 4.148064646869897842e-03 1.637946255505084991e-02 3.354122396558523178e-03 2.124466374516487122e-02 2.072464115917682648e-02 7.269851863384246826e-03 1.159108430147171021e-02 2.461355179548263550e-03 8.841327391564846039e-03 6.260064244270324707e-02 4.758631438016891479e-02 4.276315867900848389e-02 4.681423678994178772e-02 4.380486533045768738e-02 3.149248287081718445e-02 2.952041802927851677e-03 2.267585601657629013e-03 3.576165065169334412e-02 2.998636290431022644e-02 2.817355794832110405e-03 7.659904658794403076e-03 2.318601123988628387e-02 7.159890606999397278e-03 3.987230826169252396e-03 9.739262983202934265e-03 2.559056319296360016e-02 1.358961686491966248e-02 3.282433375716209412e-02 1.565027609467506409e-02 1.405489910393953323e-02 2.492886595427989960e-02 1.414265390485525131e-02 1.490846462547779083e-02 2.229964174330234528e-02 2.264041081070899963e-02 2.080035023391246796e-02 1.800352707505226135e-03 3.676110180094838142e-03 3.267211467027664185e-02 1.555293705314397812e-02 3.843845427036285400e-02 3.241084516048431396e-02 1.283937878906726837e-02 3.552448004484176636e-02 3.315779194235801697e-02 2.754289656877517700e-02 2.008089795708656311e-02 3.466179221868515015e-02 2.262837626039981842e-02 1.161710079759359360e-02 9.461153298616409302e-03 1.976837962865829468e-02 3.363209590315818787e-02 2.892204187810420990e-02 3.150592325255274773e-03 2.662653103470802307e-02 1.701718568801879883e-02 1.769281737506389618e-02 1.052267849445343018e-02 3.135687438771128654e-03 4.050774872303009033e-02 2.148579573258757591e-03 1.634117774665355682e-02 6.132452283054590225e-03 3.957080189138650894e-03 6.584100890904664993e-03 1.974190399050712585e-02 6.176571361720561981e-03 1.414231397211551666e-02 3.187641501426696777e-02 2.088970690965652466e-02 4.867915704380720854e-04 1.896474324166774750e-02 9.010186418890953064e-03 8.268609642982482910e-03 7.108112797141075134e-03 1.965348236262798309e-02 1.395914424210786819e-02 8.639476262032985687e-03
3.197738900780677795e-02 3.980062156915664673e-02 5.164142847061157227e-01 4.228055942803621292e-03 6.155740935355424881e-03 2.943705022335052490e-02 3.490347042679786682e-02 6.889307498931884766e-02 2.104811929166316986e-02 3.864361718297004700e-02 5.080258473753929138e-02 2.362021617591381073e-02 2.272040210664272308e-02 8.626336231827735901e-03 1.353716012090444565e-02 2.336254902184009552e-02 3.355753049254417419e-02 4.179921373724937439e-02 9.164425428025424480e-04 1.134028472006320953e-02 3.758764266967773438e-02 4.438130185008049011e-02 4.916170611977577209e-03 1.190652977675199509e-02 1.391572412103414536e-02 1.178431417793035507e-02 3.632175549864768982e-02 3.347775340080261230e-02 3.640716662630438805e-03 4.013527184724807739e-02 2.551279962062835693e-02 1.286164624616503716e-03 8.196915499866008759e-03 3.146479139104485512e-03 5.056570842862129211e-02 5.035303160548210144e-02 2.249493822455406189e-02 1.509056612849235535e-02 1.360183302313089371e-02 4.987287893891334534e-02 7.364163640886545181e-03 1.745510846376419067e-02 2.298447489738464355e-02 5.512979254126548767e-02 2.934286184608936310e-02 1.945632696151733398e-02 3.006541915237903595e-02 4.319240152835845947e-02 5.249618738889694214e-02 5.217422917485237122e-02 1.617822796106338501e-02 1.172224897891283035e-02 3.940450027585029602e-02 8.957019075751304626e-03 4.489277023822069168e-03 4.509904980659484863e-02 2.002984099090099335e-02 1.978555694222450256e-02 3.365409001708030701e-02 1.481236517429351807e-02 2.531959488987922668e-02 3.844700381159782410e-02 2.506563253700733185e-02 1.308296341449022293e-02 4.108785837888717651e-02 2.815864980220794678e-02 1.731975935399532318e-02 1.103254500776529312e-03 3.226505964994430542e-02 2.211382612586021423e-02 8.980325423181056976e-03 4.289040807634592056e-03 1.787992194294929504e-02 1.001832913607358932e-02 9.763550944626331329e-03 3.127598389983177185e-02 1.738006394589319825e-04 5.670294631272554398e-03 1.901500672101974487e-02 6.954173091799020767e-03 8.614229410886764526e-02 4.168278723955154419e-02 1.655470766127109528e-02 2.708705142140388489e-02 4.374963790178298950e-02 6.955626606941223145e-02 7.094033062458038330e-03 8.141278289258480072e-03 1.493853516876697540e-02 3.782876953482627869e-02 1.978108659386634827e-02 1.266935607418417931e-03 2.899431250989437103e-02 8.267261437140405178e-04 2.399346418678760529e-02 8.714102208614349365e-03 1.567583344876766205e-02 1.015751156955957413e-03 3.122045658528804779e-02 3.753177879843860865e-04 2.521712146699428558e-02 1.121792825870215893e-03 2.879287488758563995e-02 2.693136222660541534e-02 1.108338404446840286e-02 6.126999109983444214e-02 6.438083015382289886e-03 3.836086392402648926e-02 1.524283736944198608e-02 1.345306728035211563e-02 1.832788996398448944e-02 1.160044781863689423e-02 2.549083344638347626e-02 9.907005354762077332e-03 1.322886254638433456e-02 3.068338893353939056e-02
3.015442751348018646e-02 3.911949694156646729e-02 4.228055942803621292e-03 5.259876251220703125e-01 1.157198026776313782e-01 4.151678457856178284e-02 4.882557317614555359e-02 6.600093096494674683e-03 6.572469137609004974e-03 3.024581633508205414e-02 3.545951331034302711e-03 1.684249937534332275e-02 1.930269412696361542e-02 1.850111782550811768e-02 4.983271006494760513e-03 7.745056413114070892e-03 3.804194927215576172e-02 8.229250088334083557e-03 3.108075633645057678e-02 1.876062527298927307e-02 4.583778604865074158e-02 1.405488885939121246e-02 3.895257785916328430e-02 3.170093894004821777e-02 8.210674859583377838e-03 3.158643841743469238e-02 3.286613151431083679e-03 1.582228392362594604e-02 2.210210822522640228e-02 8.625319227576255798e-03 2.671121619641780853e-03 5.913537740707397461e-02 1.457825582474470139e-02 2.008065395057201385e-02 4.956442862749099731e-02 2.489024400711059570e-02 5.435003712773323059e-02 2.776272362098097801e-03 4.613544791936874390e-02 2.897702157497406006e-02 2.837527543306350708e-02 2.336261607706546783e-02 9.457420557737350464e-03 2.972504589706659317e-03 6.227560341358184814e-03 3.137898445129394531e-02 3.687643259763717651e-02 1.346175651997327805e-02 4.211821407079696655e-02 3.623354807496070862e-02 3.126387670636177063e-02 3.105829004198312759e-03 1.443660235963761806e-03 2.777064801193773746e-04 1.618687249720096588e-02 8.523377589881420135e-03 2.271644584834575653e-02 6.245824974030256271e-03 6.654716562479734421e-03 2.305082790553569794e-02 4.172372817993164062e-02 1.864554733037948608e-02 5.134348291903734207e-03 3.023864887654781342e-02 7.296635769307613373e-03 2.049051970243453979e-02 1.591254584491252899e-02 5.243919417262077332e-02 1.167998649179935455e-02 2.065659034997224808e-03 2.696772105991840363e-02 1.910705678164958954e-02 8.955744653940200806e-02 2.448615245521068573e-02 3.116877935826778412e-02 2.244042605161666870e-02 2.770206704735755920e-02 2.808118052780628204e-02 1.297714840620756149e-02 9.055085480213165283e-03 1.751484163105487823e-02 2.915889024734497070e-02 1.281976699829101562e-01 4.547645151615142822e-02 8.132339455187320709e-03 1.209349371492862701e-02 8.171351626515388489e-03 6.464069709181785583e-03 1.706275902688503265e-02 9.136772714555263519e-03 1.218121760757640004e-04 1.320784073323011398e-02 6.254422012716531754e-03 2.903682179749011993e-03 3.129361663013696671e-03 2.302905358374118805e-02 1.300193835049867630e-02 1.481717824935913086e-02 2.615897916257381439e-02 3.338509425520896912e-02 4.978886572644114494e-04 1.878116838634014130e-02 1.067625591531395912e-03 3.844712302088737488e-02 3.735692426562309265e-02 2.749304100871086121e-02 3.207974880933761597e-02 5.069294571876525879e-02 3.757008817046880722e-03 3.783661872148513794e-02 1.996104372665286064e-03 8.713135495781898499e-03 2.163706719875335693e-02 4.434255883097648621e-03 8.706951513886451721e-03 3.940069302916526794e-02
1.103147491812705994e-02 1.287936326116323471e-02 6.155740935355424881e-03 1.157198026776313782e-01 5.334494709968566895e-01 4.050189256668090820e-02 4.303927347064018250e-02 5.838327575474977493e-03 1.067183166742324829e-02 4.102890379726886749e-03 1.569357141852378845e-02 6.918412633240222931e-03 2.544139325618743896e-02 4.788882099092006683e-03 5.798818543553352356e-03 6.070904899388551712e-03 5.056732334196567535e-03 3.234759718179702759e-02 4.852750897407531738e-02 2.694968320429325104e-02 9.139478206634521484e-03 1.733786799013614655e-02 3.787980973720550537e-02 4.558703303337097168e-02 1.745751500129699707e-02 2.048147469758987427e-02 1.052921824157238007e-02 2.069414220750331879e-02 1.545791793614625931e-02 2.404850907623767853e-02 2.280080132186412811e-02 2.721468918025493622e-02 4.995087534189224243e-02 1.871019136160612106e-03 4.660112038254737854e-02 2.011565491557121277e-02 3.587859869003295898e-02 1.886579208076000214e-02 4.257534444332122803e-02 4.628095775842666626e-02 4.850619006901979446e-03 2.518518082797527313e-02 7.696628570556640625e-03 2.042458578944206238e-02 2.436534501612186432e-02 3.658607974648475647e-02 2.615578100085258484e-02 1.770642586052417755e-02 2.238719724118709564e-02 6.297865882515907288e-03 6.392293726094067097e-04 2.409062907099723816e-02 3.218761645257472992e-03 1.335261389613151550e-03 3.640910238027572632e-02 2.441893890500068665e-02 5.242513865232467651e-02 6.179224327206611633e-02 6.924710702151060104e-03 2.279591746628284454e-02 2.754354476928710938e-02 1.707489043474197388e-02 2.912470139563083649e-02 9.891037829220294952e-03 9.121558628976345062e-03 3.683228418231010437e-02 1.610600948333740234e-02 4.593962803483009338e-02 4.066378250718116760e-02 3.231057431548833847e-03 7.678456138819456100e-03 6.207995116710662842e-03 6.982754170894622803e-02 1.840130053460597992e-02 1.037629544734954834e-01 1.588185317814350128e-02 1.532635185867547989e-03 2.469312399625778198e-02 3.933509811758995056e-02 4.823394119739532471e-03 2.056474611163139343e-02 4.541998729109764099e-03 5.947379022836685181e-02 1.430028527975082397e-01 2.190984087064862251e-03 2.584814094007015228e-02 2.542823087424039841e-03 3.100882843136787415e-02 5.306336656212806702e-02 5.910522863268852234e-02 3.064030595123767853e-02 1.415200345218181610e-02 1.033410057425498962e-02 2.589179389178752899e-02 1.966561190783977509e-02 3.062168881297111511e-02 1.087619457393884659e-02 2.649524714797735214e-03 1.947528310120105743e-02 3.666559979319572449e-02 4.115945845842361450e-02 3.703637048602104187e-02 1.460763998329639435e-02 5.938957445323467255e-03 1.627449691295623779e-02 3.177938610315322876e-02 6.226607132703065872e-03 3.126763552427291870e-02 2.615233138203620911e-02 2.691461518406867981e-02 1.472568418830633163e-02 1.184412627480924129e-03 1.046195160597562790e-02 2.205433323979377747e-02 2.761335857212543488e-02 1.427210029214620590e-02
1.018765270709991455e-01 8.654399961233139038e-02 2.943705022335052490e-02 4.151678457856178284e-02 4.050189256668090820e-02 5.371842384338378906e-01 1.574096977710723877e-01 4.607413709163665771e-02 1.337450742721557617e-02 3.158217668533325195e-02 6.687238812446594238e-02 6.756144016981124878e-02 5.333892628550529480e-02 4.932687431573867798e-02 2.513562887907028198e-02 2.358845807611942291e-02 9.441620670258998871e-03 3.392428392544388771e-03 2.072410099208354950e-02 1.289031282067298889e-02 2.038313262164592743e-02 5.400047171860933304e-03 4.247450083494186401e-02 4.830197617411613464e-02 2.869991026818752289e-02 7.230426650494337082e-03 1.186565868556499481e-02 5.310554429888725281e-02 4.524953663349151611e-02 3.423215448856353760e-02 2.050609886646270752e-02 1.165690831840038300e-02 3.329161554574966431e-02 4.493243619799613953e-02 2.718421444296836853e-02 3.585191816091537476e-02 1.861985586583614349e-02 2.114687487483024597e-02 2.686221711337566376e-02 3.643235191702842712e-02 4.867377690970897675e-03 2.393528819084167480e-02 1.018645241856575012e-02 7.054507732391357422e-03 3.894502297043800354e-03 3.672088310122489929e-02 1.502295136451721191e-01 4.529618471860885620e-02 3.943482786417007446e-02 3.168207406997680664e-02 3.805442526936531067e-02 2.072890987619757652e-03 4.890889395028352737e-03 3.306094789877533913e-03 1.389446388930082321e-02 2.366614341735839844e-02 1.310733519494533539e-02 3.498668549582362175e-03 2.723943069577217102e-02 8.725695312023162842e-03 2.432689629495143890e-02 1.196318026632070541e-02 4.251926392316818237e-02 1.277264440432190895e-03 2.899512089788913727e-02 1.326454523950815201e-02 2.133205533027648926e-02 1.345857791602611542e-02 2.772662788629531860e-03 2.533227950334548950e-02 1.728010550141334534e-02 5.060700327157974243e-02 3.168713301420211792e-02 1.038283226080238819e-03 3.097769431769847870e-02 5.019448325037956238e-02 3.712712973356246948e-02 2.712985314428806305e-02 2.939021401107311249e-02 3.059323318302631378e-02 1.122524309903383255e-02 3.591052070260047913e-02 1.125022489577531815e-02 2.094720257446169853e-03 2.683221176266670227e-02 2.822692692279815674e-02 2.020484395325183868e-02 2.661523222923278809e-02 2.611768618226051331e-02 3.132386878132820129e-02 2.983149606734514236e-03 1.407255697995424271e-02 1.298595964908599854e-02 1.119788357755169272e-04 2.603736706078052521e-02 4.008451849222183228e-02 4.416176583617925644e-03 5.071713030338287354e-02 7.450953591614961624e-03 1.865350268781185150e-02 1.067631039768457413e-02 2.468762174248695374e-02 9.828106500208377838e-03 1.784852892160415649e-02 1.135834399610757828e-02 1.221227739006280899e-02 1.098575070500373840e-02 1.752193318679928780e-03 5.956082604825496674e-03 1.979671232402324677e-02 8.724100887775421143e-03 1.751112006604671478e-02 1.246220059692859650e-02 2.757231332361698151e-02 4.152077436447143555e-02 3.452401608228683472e-02
7.406422495841979980e-02 7.982579618692398071e-02 3.490347042679786682e-02 4.882557317614555359e-02 4.303927347064018250e-02 1.574096977710723877e-01 5.468680858612060547e-01 3.572934493422508240e-02 1.688010245561599731e-02 2.583094500005245209e-02 5.540619045495986938e-02 4.085551202297210693e-02 5.293823778629302979e-02 5.354284495115280151e-02 2.696318179368972778e-02 1.345654483884572983e-02 1.899565570056438446e-02 9.496413171291351318e-03 2.444140799343585968e-02 5.414845421910285950e-03 2.167356200516223907e-02 4.810193553566932678e-03 7.078659255057573318e-03 2.062866277992725372e-02 1.656778715550899506e-02 6.547307595610618591e-03 1.287019159644842148e-02 2.123172394931316376e-02 4.873780068010091782e-03 8.769098669290542603e-03 1.307550165802240372e-02 2.125073224306106567e-02 3.489268943667411804e-02 4.250468686223030090e-02 9.763045236468315125e-03 4.470521118491888046e-03 3.418670734390616417e-03 1.112251821905374527e-02 2.462777122855186462e-02 2.912903204560279846e-02 3.933820698875933886e-05 3.397156298160552979e-02 1.171277929097414017e-02 2.102130837738513947e-02 1.626312732696533203e-02 5.676075071096420288e-02 1.361955404281616211e-01 7.974768429994583130e-02 1.768052391707897186e-02 3.617066517472267151e-02 1.882380247116088867e-02 4.302557557821273804e-03 2.459758892655372620e-03 1.780012995004653931e-02 3.333321213722229004e-02 1.383786275982856750e-02 5.921021103858947754e-03 1.069542299956083298e-02 2.171696908771991730e-02 2.635553106665611267e-02 3.848285228013992310e-02 2.967844530940055847e-02 2.017915062606334686e-02 3.226288408041000366e-02 3.764478117227554321e-02 3.840159252285957336e-02 4.341670870780944824e-02 4.246811941266059875e-02 6.011990364640951157e-03 3.980273380875587463e-02 3.331261500716209412e-02 5.274031311273574829e-02 2.594302035868167877e-02 7.910991087555885315e-03 4.246342927217483521e-02 4.585044831037521362e-02 1.325183454900979996e-02 8.787970989942550659e-03 1.562725007534027100e-02 8.172473870217800140e-03 1.653270423412322998e-02 4.160913452506065369e-02 7.044963538646697998e-03 1.960720680654048920e-02 2.374868839979171753e-02 8.924315683543682098e-03 4.593422170728445053e-03 7.720819674432277679e-03 3.387131541967391968e-02 3.525855392217636108e-02 4.029464349150657654e-02 1.203626580536365509e-02 4.143081605434417725e-02 7.376311812549829483e-03 4.178615659475326538e-02 4.224076494574546814e-02 1.761259883642196655e-02 3.732097521424293518e-02 1.842092536389827728e-02 2.651462331414222717e-02 1.326246745884418488e-02 2.546193078160285950e-02 7.784200133755803108e-04 2.020175941288471222e-02 1.840558461844921112e-02 4.064968321472406387e-03 8.468307554721832275e-03 3.366118762642145157e-03 1.664324849843978882e-02 1.318294461816549301e-02 1.504486706107854843e-02 1.920119859278202057e-02 2.152256853878498077e-02 3.833807259798049927e-02 4.375008121132850647e-02 4.071534052491188049e-02
2.292812615633010864e-02 3.658528998494148254e-02 6.889307498931884766e-02 6.600093096494674683e-03 5.838327575474977493e-03 4.607413709163665771e-02 3.572934493422508240e-02 5.338974595069885254e-01 3.842713311314582825e-02 2.010809071362018585e-02 5.855935160070657730e-03 5.440982524305582047e-03 1.567308418452739716e-02 2.298272028565406799e-02 4.636825248599052429e-02 2.979627065360546112e-02 2.810464426875114441e-02 4.015116393566131592e-02 3.932883962988853455e-02 1.327715441584587097e-02 4.374981508590281010e-04 2.736198157072067261e-02 2.392828464508056641e-02 4.779863357543945312e-02 1.018073130398988724e-02 3.352012019604444504e-03 9.153382852673530579e-03 1.568187586963176727e-02 5.357228964567184448e-02 3.335922956466674805e-02 1.911467127501964569e-02 1.461527030915021896e-02 6.361402571201324463e-03 2.460536779835820198e-03 7.773183751851320267e-03 4.205923061817884445e-03 1.004161965101957321e-02 1.688533276319503784e-02 2.785220928490161896e-02 2.148022875189781189e-02 1.371956802904605865e-02 3.058422915637493134e-02 1.250531151890754700e-02 4.245394468307495117e-02 3.630258841440081596e-03 7.856547832489013672e-03 4.379915073513984680e-02 2.999112382531166077e-02 8.030330762267112732e-03 2.973933331668376923e-02 1.861989311873912811e-02 1.780051924288272858e-02 5.499161314219236374e-03 3.085923381149768829e-03 3.027002885937690735e-02 4.478918388485908508e-03 1.833267137408256531e-02 5.811359733343124390e-03 3.412411781027913094e-03 5.276874173432588577e-03 1.652802457101643085e-03 4.013244993984699249e-03 3.330636024475097656e-02 4.864307586103677750e-03 3.612903645262122154e-03 7.564056664705276489e-03 2.220751158893108368e-02 5.695807747542858124e-03 3.666270151734352112e-02 3.604961792007088661e-03 8.473418653011322021e-03 5.738248582929372787e-03 4.845476523041725159e-02 6.893072742968797684e-03 9.775464423000812531e-03 1.899591460824012756e-02 2.750910818576812744e-02 2.021860145032405853e-02 3.437994793057441711e-02 1.072996482253074646e-02 5.379903316497802734e-02 6.071266904473304749e-02 2.437081933021545410e-02 1.332454755902290344e-02 3.294426575303077698e-02 1.354872994124889374e-02 3.606059402227401733e-02 2.488569915294647217e-02 3.988359495997428894e-02 2.086636796593666077e-02 3.837348148226737976e-02 1.321573555469512939e-02 3.933864086866378784e-02 9.078470058739185333e-03 1.065926160663366318e-02 3.884857986122369766e-03 1.157890819013118744e-02 5.097339162603020668e-04 2.574805729091167450e-02 1.357448101043701172e-02 1.499199587851762772e-02 6.302144902292639017e-05 2.324874699115753174e-02 1.941987685859203339e-02 2.592984028160572052e-02 2.513341046869754791e-02 1.577624818310141563e-03 1.377805136144161224e-02 1.000261120498180389e-02 1.066899858415126801e-03 2.053873467957600951e-04 2.014099992811679840e-02 3.621775284409523010e-02 1.739734597504138947e-02 1.391013059765100479e-02 1.922059804201126099e-02
2.304716035723686218e-02 8.149017579853534698e-03 2.104811929166316986e-02 6.572469137609004974e-03 1.067183166742324829e-02 1.337450742721557617e-02 1.688010245561599731e-02 3.842713311314582825e-02 5.134042501449584961e-01 8.380458503961563110e-02 7.674592081457376480e-03 4.356671497225761414e-02 3.451773896813392639e-02 1.178757194429636002e-02 2.988593466579914093e-02 3.728172276169061661e-03 1.531191729009151459e-02 1.939112879335880280e-02 5.990318953990936279e-02 3.270436078310012817e-02 2.174098044633865356e-03 2.888258360326290131e-02 9.745022654533386230e-02 7.163343578577041626e-02 4.375386238098144531e-02 2.423641271889209747e-02 2.837093546986579895e-02 4.353226348757743835e-02 1.909016817808151245e-02 3.467819839715957642e-02 7.964645512402057648e-03 1.362030114978551865e-02 6.212614011019468307e-03 2.008369751274585724e-02 2.252116100862622261e-03 3.198292478919029236e-02 2.535089291632175446e-02 1.745617628330364823e-04 4.083821177482604980e-02 1.202043611556291580e-03 1.037757471203804016e-02 5.843342095613479614e-02 1.141642127186059952e-02 1.187971699982881546e-02 4.543071612715721130e-02 1.607838645577430725e-02 1.328640896826982498e-02 1.092478912323713303e-02 9.018030017614364624e-02 7.281473372131586075e-03 2.621583640575408936e-02 1.314278226345777512e-02 2.198543772101402283e-02 2.906530350446701050e-02 9.490159898996353149e-02 1.631721667945384979e-02 3.374346345663070679e-02 1.293336041271686554e-03 1.013434957712888718e-02 9.539744816720485687e-03 7.918547489680349827e-04 5.309147760272026062e-03 2.365562506020069122e-02 2.986154519021511078e-02 2.952760085463523865e-02 3.037862107157707214e-02 3.445467725396156311e-02 2.928577363491058350e-02 4.276735708117485046e-02 3.979219496250152588e-02 3.550807759165763855e-02 2.692707069218158722e-02 3.349639475345611572e-02 2.322630025446414948e-02 1.227789930999279022e-02 2.272495441138744354e-02 1.953978538513183594e-01 1.111168041825294495e-01 7.068446278572082520e-02 7.160572335124015808e-03 1.091208402067422867e-02 3.027176111936569214e-02 1.010375842452049255e-02 2.636853232979774475e-02 4.545435309410095215e-03 1.524520572274923325e-02 3.706813231110572815e-02 3.790994361042976379e-02 6.716682109981775284e-03 1.432130392640829086e-02 5.904310382902622223e-03 2.646030299365520477e-02 1.437000092118978500e-02 3.072720579802989960e-02 2.010579407215118408e-02 3.528808429837226868e-02 2.232289640232920647e-03 1.713767647743225098e-02 7.213060557842254639e-02 2.997703477740287781e-02 2.186298929154872894e-02 3.551726788282394409e-02 5.934053100645542145e-03 6.154716480523347855e-03 6.409674882888793945e-03 3.278921544551849365e-02 5.235388875007629395e-03 3.936891630291938782e-02 7.290375884622335434e-03 1.501216180622577667e-02 2.168947458267211914e-02 1.004601456224918365e-02 2.354044653475284576e-02 9.703539311885833740e-03 1.814813353121280670e-02 2.634295076131820679e-02
2.616072259843349457e-02 2.938868291676044464e-02 3.864361718297004700e-02 3.024581633508205414e-02 4.102890379726886749e-03 3.158217668533325195e-02 2.583094500005245209e-02 2.010809071362018585e-02 8.380458503961563110e-02 5.316963195800781250e-01 3.402677178382873535e-02 4.420626908540725708e-03 3.823794797062873840e-02 5.101072788238525391e-02 3.119621798396110535e-02 4.882809147238731384e-02 5.941098183393478394e-02 1.220872532576322556e-02 5.623906478285789490e-02 3.858793154358863831e-02 9.437500499188899994e-03 1.447638776153326035e-02 6.526646204292774200e-03 8.042131364345550537e-02 3.191209211945533752e-02 3.864948824048042297e-02 3.436256572604179382e-02 3.927142545580863953e-02 3.276814008131623268e-03 4.053160548210144043e-03 2.888344042003154755e-02 3.737401962280273438e-02 2.721540071070194244e-02 1.921620965003967285e-02 3.220722079277038574e-02 2.844946458935737610e-02 5.960583221167325974e-03 2.742184139788150787e-02 1.408689748495817184e-02 2.103612758219242096e-02 1.904242672026157379e-02 8.404716849327087402e-03 3.076108545064926147e-02 1.404222566634416580e-02 1.339879631996154785e-02 6.703460589051246643e-03 3.906348347663879395e-02 3.965782746672630310e-02 7.277725264430046082e-03 3.743791952729225159e-02 2.256631106138229370e-02 8.403757587075233459e-03 4.337142780423164368e-02 3.581627458333969116e-02 4.142346605658531189e-02 1.155724450945854187e-01 3.748628869652748108e-02 4.169876500964164734e-02 1.751240342855453491e-02 3.075681813061237335e-02 4.622285813093185425e-02 3.317032242193818092e-03 1.407358236610889435e-02 1.656932756304740906e-02 1.331200543791055679e-02 1.457505486905574799e-02 2.853518538177013397e-02 4.186251200735569000e-03 2.020109072327613831e-02 2.165594836696982384e-03 4.249461740255355835e-02 4.165489971637725830e-02 1.406606100499629974e-02 3.779527544975280762e-02 2.965787798166275024e-02 1.011202204972505569e-02 2.592499367892742157e-02 1.799237430095672607e-01 4.963890463113784790e-02 1.510747522115707397e-01 3.206522390246391296e-02 1.501505635678768158e-02 1.309241726994514465e-02 4.933440312743186951e-02 7.111580576747655869e-03 2.655828185379505157e-02 9.771162644028663635e-03 3.806344419717788696e-02 2.728413417935371399e-02 9.876022487878799438e-02 4.251965880393981934e-02 1.287773810327053070e-02 2.578454278409481049e-02 2.879068255424499512e-02 4.567902907729148865e-02 8.899465203285217285e-03 4.092005547136068344e-03 1.733409427106380463e-02 4.275933280587196350e-02 4.999649897217750549e-02 1.923224516212940216e-02 3.941045328974723816e-02 3.912574052810668945e-02 3.594138100743293762e-02 1.267332676798105240e-02 6.739940028637647629e-03 1.856369338929653168e-02 1.276106759905815125e-02 9.564110077917575836e-03 2.224068716168403625e-02 1.741861738264560699e-02 3.389664739370346069e-02 2.135973237454891205e-02 2.397570945322513580e-02 2.922562137246131897e-02 3.145477920770645142e-02
6.094972416758537292e-02 6.014231964945793152e-02 5.080258473753929138e-02 3.545951331034302711e-03 1.569357141852378845e-02 6.687238812446594238e-02 5.540619045495986938e-02 5.855935160070657730e-03 7.674592081457376480e-03 3.402677178382873535e-02 5.464371442794799805e-01 1.533801667392253876e-02 6.496915966272354126e-02 2.723955363035202026e-02 1.202818658202886581e-02 1.153338514268398285e-02 1.785960793495178223e-02 3.603200614452362061e-02 1.228663045912981033e-02 6.731752771884202957e-03 3.665072377771139145e-03 1.554522290825843811e-02 2.201852016150951385e-02 1.594240404665470123e-02 1.664531044661998749e-02 2.698711119592189789e-03 1.367284101434051991e-03 3.718794509768486023e-02 5.250255763530731201e-02 2.055658027529716492e-03 2.120772562921047211e-02 4.708165302872657776e-03 1.690980605781078339e-02 1.986116170883178711e-02 3.517798334360122681e-02 1.432364434003829956e-02 3.440187312662601471e-03 1.502919662743806839e-02 1.638798229396343231e-02 4.012084752321243286e-02 1.911643194034695625e-03 1.446146983653306961e-02 1.794742979109287262e-02 9.423196315765380859e-03 2.073671203106641769e-03 3.354863822460174561e-02 5.576696246862411499e-02 3.159491717815399170e-02 3.283032402396202087e-02 2.359109744429588318e-02 4.213790223002433777e-02 9.151531383395195007e-03 1.196265104226768017e-03 2.933772513642907143e-03 1.439288444817066193e-02 2.832946181297302246e-02 7.271724287420511246e-03 4.551643971353769302e-03 6.311446428298950195e-03 1.680750399827957153e-03 3.631446743384003639e-03 2.676995471119880676e-02 3.297186642885208130e-02 5.833727773278951645e-03 6.633561104536056519e-02 2.125154621899127960e-02 1.036430336534976959e-02 7.870933972299098969e-03 2.250557392835617065e-02 1.938451081514358521e-02 1.448217686265707016e-02 2.771872328594326973e-03 3.039694949984550476e-02 2.544787712395191193e-02 3.878565132617950439e-02 2.778512053191661835e-02 4.202118515968322754e-02 3.759880363941192627e-02 1.307724695652723312e-02 2.570214122533798218e-02 2.602283842861652374e-03 2.412161976099014282e-02 1.787408627569675446e-02 4.528165236115455627e-02 3.567606955766677856e-02 1.767655648291110992e-02 3.092868812382221222e-02 1.833781041204929352e-02 2.445150166749954224e-02 2.750236168503761292e-02 2.413553372025489807e-02 3.202189132571220398e-02 1.084541436284780502e-02 3.028810024261474609e-02 2.838404849171638489e-02 2.456887066364288330e-02 2.898179553449153900e-02 4.018552601337432861e-02 2.287032455205917358e-02 3.064540959894657135e-02 2.068844623863697052e-03 6.113319657742977142e-03 3.422120213508605957e-02 3.341029584407806396e-02 2.960084564983844757e-02 3.716639056801795959e-02 3.977895155549049377e-02 2.284174086526036263e-03 8.506369777023792267e-03 4.565068986266851425e-03 5.664761643856763840e-03 1.870328560471534729e-02 1.338829752057790756e-02 1.557845808565616608e-02 4.971768241375684738e-03 2.675942378118634224e-03
8.983830921351909637e-03 9.072215296328067780e-03 2.362021617591381073e-02 1.684249937534332275e-02 6.918412633240222931e-03 6.756144016981124878e-02 4.085551202297210693e-02 5.440982524305582047e-03 4.356671497225761414e-02 4.420626908540725708e-03 1.533801667392253876e-02 5.465331077575683594e-01 1.184272393584251404e-02 1.720050573348999023e-01 3.170642303302884102e-03 2.824203344061970711e-03 7.722806185483932495e-03 2.580296993255615234e-02 3.067399561405181885e-02 2.079866826534271240e-02 2.378473617136478424e-02 3.023808263242244720e-02 1.291604042053222656e-01 1.172642111778259277e-01 3.317826613783836365e-02 2.063739672303199768e-02 2.125471830368041992e-02 1.442939788103103638e-01 2.734323590993881226e-02 1.277592331171035767e-01 3.260542824864387512e-02 2.920987084507942200e-02 4.314214363694190979e-02 4.862506315112113953e-02 1.303507108241319656e-02 1.142513845115900040e-02 6.916910409927368164e-03 3.354273736476898193e-02 1.511999964714050293e-02 2.529398351907730103e-02 3.610344976186752319e-02 3.908838611096143723e-03 3.149516880512237549e-02 4.619244020432233810e-03 5.653620883822441101e-02 2.280019037425518036e-02 3.675757721066474915e-02 1.240883488208055496e-02 4.372577369213104248e-02 1.336384937167167664e-02 3.120772540569305420e-02 6.643403321504592896e-02 4.698640480637550354e-02 2.053778991103172302e-02 2.730028145015239716e-02 2.996126562356948853e-02 3.939772769808769226e-02 2.513701468706130981e-02 3.840614808723330498e-03 1.924202311784029007e-03 3.816034644842147827e-02 2.526689134538173676e-02 3.834715485572814941e-02 1.909903436899185181e-02 4.724380373954772949e-02 3.951685968786478043e-03 4.206354543566703796e-02 4.658881202340126038e-02 1.481648907065391541e-02 3.415608033537864685e-02 2.070827223360538483e-02 3.055314719676971436e-02 6.735634524375200272e-03 9.832715615630149841e-03 5.596940405666828156e-03 2.492604218423366547e-02 3.451774641871452332e-02 4.308903589844703674e-02 9.007867425680160522e-02 4.413094744086265564e-02 3.027202794328331947e-03 1.762423850595951080e-02 2.037917962297797203e-03 1.562122255563735962e-02 5.720664281398057938e-03 3.618680685758590698e-02 6.270692683756351471e-03 2.252944745123386383e-02 7.578966766595840454e-02 2.210249379277229309e-02 2.032205834984779358e-02 4.462002962827682495e-02 1.659347489476203918e-02 4.979814589023590088e-02 2.110872603952884674e-02 2.948555722832679749e-02 2.116206474602222443e-02 9.469077922403812408e-03 1.014937646687030792e-02 2.434113557683303952e-04 1.802646555006504059e-02 1.582769863307476044e-02 2.717171795666217804e-02 1.529586408287286758e-02 4.431765526533126831e-02 2.182925492525100708e-02 4.198835417628288269e-02 4.711050167679786682e-02 2.548614330589771271e-02 8.840489201247692108e-03 1.705693826079368591e-02 6.797309499233961105e-03 3.836372494697570801e-02 8.869153447449207306e-03 2.360333129763603210e-02 2.211933210492134094e-02
4.610972851514816284e-02 5.367812514305114746e-02 2.272040210664272308e-02 1.930269412696361542e-02 2.544139325618743896e-02 5.333892628550529480e-02 5.293823778629302979e-02 1.567308418452739716e-02 3.451773896813392639e-02 3.823794797062873840e-02 6.496915966272354126e-02 1.184272393584251404e-02 5.545709729194641113e-01 1.493686228059232235e-03 8.368889801204204559e-03 1.267673727124929428e-02 2.857888117432594299e-02 1.377252861857414246e-02 3.860787721350789070e-03 4.331754520535469055e-03 1.143109332770109177e-02 1.759532094001770020e-02 3.353190794587135315e-02 1.639618910849094391e-02 2.732783788815140724e-03 1.861552521586418152e-02 5.012286361306905746e-03 3.741625696420669556e-02 1.574358344078063965e-02 2.690643770620226860e-03 3.039348497986793518e-02 3.939849790185689926e-03 1.474583707749843597e-02 1.947324164211750031e-02 8.754604496061801910e-03 1.960385590791702271e-02 2.247159369289875031e-03 8.915315382182598114e-03 3.021457791328430176e-02 2.671477384865283966e-02 4.401346668601036072e-03 3.272875025868415833e-02 1.847711578011512756e-02 1.511837262660264969e-02 4.946542321704328060e-04 1.886086165904998779e-02 4.642947018146514893e-02 3.887119889259338379e-02 1.855900138616561890e-02 9.194931015372276306e-03 4.064070060849189758e-02 3.179114311933517456e-02 5.168800707906484604e-03 7.132843136787414551e-03 1.352907810360193253e-02 8.161638863384723663e-03 2.680340083315968513e-03 2.494356522220186889e-05 1.493544876575469971e-02 1.426683273166418076e-02 1.127556245774030685e-02 3.397182747721672058e-02 2.625044807791709900e-02 1.093806233257055283e-02 4.550013318657875061e-02 3.596830740571022034e-02 5.701097659766674042e-03 7.402044720947742462e-03 1.286985352635383606e-02 2.536784484982490540e-02 2.467001229524612427e-02 3.294341731816530228e-03 2.633863873779773712e-02 2.469597011804580688e-02 4.063151776790618896e-02 1.757245697081089020e-02 4.388226941227912903e-02 3.828636184334754944e-02 2.678073570132255554e-02 4.165679216384887695e-02 1.883187331259250641e-03 2.406793832778930664e-02 2.939274534583091736e-02 4.596533253788948059e-02 4.079320468008518219e-03 4.408346023410558701e-03 1.441028341650962830e-02 1.327808666974306107e-02 1.988437213003635406e-02 3.985407203435897827e-02 1.449299789965152740e-02 1.314574759453535080e-02 2.643787488341331482e-02 2.062710933387279510e-02 3.881751000881195068e-02 3.674127534031867981e-02 1.665786467492580414e-02 1.730912737548351288e-02 1.692148670554161072e-02 2.696061693131923676e-02 1.738728396594524384e-02 1.108264271169900894e-02 1.551629137247800827e-02 1.641654223203659058e-02 6.823770701885223389e-03 1.795686967670917511e-02 3.827264998108148575e-03 1.318685431033372879e-02 6.859889719635248184e-03 3.510119859129190445e-05 8.439994417130947113e-03 2.381514012813568115e-02 1.807510480284690857e-02 1.005957927554845810e-02 1.590428873896598816e-02 2.945142053067684174e-02
