4.932375252246856689e-01 1.338279992341995239e-01 4.406810924410820007e-02 4.544712230563163757e-02 1.794718578457832336e-02 1.664028316736221313e-01 1.060302853584289551e-01 2.959102019667625427e-02 2.043066546320915222e-02 6.664334796369075775e-03 1.706310659646987915e-01 1.427517831325531006e-02 1.160807386040687561e-01 2.311644493602216244e-04 1.121995504945516586e-02 6.439981516450643539e-03 1.256436761468648911e-02 2.002833411097526550e-02 2.635250799357891083e-02 1.211381051689386368e-02 4.221664369106292725e-02 1.665131002664566040e-02 3.509111702442169189e-03 4.488855134695768356e-03 3.761974629014730453e-03 3.252293542027473450e-02 3.972844406962394714e-02 7.246180321089923382e-04 2.313000708818435669e-02 3.919931501150131226e-02 2.302490174770355225e-02 1.394683145917952061e-03 3.364531788975000381e-03 8.414365351200103760e-03 2.496027154847979546e-03 1.399620342999696732e-02 4.204555414617061615e-03 1.460743881762027740e-02 3.405589982867240906e-02 2.000414999201893806e-03 1.848934032022953033e-02 2.274126280099153519e-03 1.837060227990150452e-02 2.654818585142493248e-03 3.575462475419044495e-02 4.474573209881782532e-02 2.786252833902835846e-02 4.733862727880477905e-02 1.100264675915241241e-02 4.936956614255905151e-02 4.978862777352333069e-02 3.383639082312583923e-02 3.051857464015483856e-02 6.086828652769327164e-03 8.848696015775203705e-03 1.441560778766870499e-02 1.023590378463268280e-02 1.252827327698469162e-02 4.512742161750793457e-03 2.562803961336612701e-02 4.716586694121360779e-02 4.025628790259361267e-02 3.466941043734550476e-02 2.437874116003513336e-02 1.884439587593078613e-02 7.058840245008468628e-02 1.068441756069660187e-02 1.935336366295814514e-02 1.365520339459180832e-02 2.551943296566605568e-03 9.124516509473323822e-03 3.495995700359344482e-02 2.811547555029392242e-02 3.670528531074523926e-02 2.991225570440292358e-02 4.608278349041938782e-02 2.981109544634819031e-02 5.043569020926952362e-03 4.456460475921630859e-02 3.174941055476665497e-03 4.079959914088249207e-02 2.081855759024620056e-02 3.814340755343437195e-02 2.489439211785793304e-02 1.992138288915157318e-02 5.360157042741775513e-02 3.271532803773880005e-02 1.009607035666704178e-02 2.540965005755424500e-02 3.097888641059398651e-02 2.660630643367767334e-02 1.576105132699012756e-02 3.299280628561973572e-02 3.174833208322525024e-02 1.549844397231936455e-03 2.968254871666431427e-02 3.561406955122947693e-02 1.415079087018966675e-02 5.890051252208650112e-04 5.746742826886475086e-04 3.117903321981430054e-02 2.320414595305919647e-02 4.337839782238006592e-02 2.516278810799121857e-02 9.231463191099464893e-04 4.497629776597023010e-02 1.474436745047569275e-02 3.577234968543052673e-02 1.494091656059026718e-02 3.617475926876068115e-02 3.976028785109519958e-02 3.697222843766212463e-02 7.162333931773900986e-03 3.715093061327934265e-02 3.903168439865112305e-02 1.937224343419075012e-02
1.338279992341995239e-01 4.924648106098175049e-01 3.747739642858505249e-02 1.136404648423194885e-02 8.457206189632415771e-03 1.176301985979080200e-01 1.242402717471122742e-01 9.729290613904595375e-04 2.202839218080043793e-02 3.260103985667228699e-02 6.616242974996566772e-02 9.172025136649608612e-03 1.361355781555175781e-01 3.977175429463386536e-02 1.114166714251041412e-02 5.115718021988868713e-02 3.787693381309509277e-02 3.812482208013534546e-02 1.387507747858762741e-02 3.913331031799316406e-02 1.848050951957702637e-02 2.764992043375968933e-02 4.869851842522621155e-02 5.695301294326782227e-02 4.072014614939689636e-02 2.651533298194408417e-02 1.417983672581613064e-03 2.394048310816287994e-02 6.339507177472114563e-03 2.734733745455741882e-02 1.662736944854259491e-02 3.178757429122924805e-02 2.046628482639789581e-02 1.091088820248842239e-02 3.026840835809707642e-02 2.445920743048191071e-02 2.215199545025825500e-02 1.295852009207010269e-02 1.609075348824262619e-03 7.627909071743488312e-03 1.952278427779674530e-02 3.086107596755027771e-02 3.927477449178695679e-02 4.322751611471176147e-02 6.026451289653778076e-02 5.170669034123420715e-02 4.662422090768814087e-02 5.451969802379608154e-02 2.166539803147315979e-02 1.241824869066476822e-02 2.136646956205368042e-02 9.926825761795043945e-03 4.202952980995178223e-02 2.704888815060257912e-03 4.176543653011322021e-02 2.202861569821834564e-02 4.318878985941410065e-03 3.882498666644096375e-02 1.711143739521503448e-02 1.913279108703136444e-02 3.682206198573112488e-02 3.296509385108947754e-02 4.661194980144500732e-02 3.768417611718177795e-02 1.437621284276247025e-02 3.746011853218078613e-02 4.424998164176940918e-02 4.238184541463851929e-02 1.096756197512149811e-02 5.195884406566619873e-02 2.663715556263923645e-02 3.442468494176864624e-02 4.609264805912971497e-02 4.359284415841102600e-02 1.536299288272857666e-02 1.699356734752655029e-02 2.364726364612579346e-02 4.652824136428534985e-04 3.558470867574214935e-03 1.829918846487998962e-02 2.252128347754478455e-02 1.215860061347484589e-02 1.506491377949714661e-02 5.788734555244445801e-02 6.706053856760263443e-03 4.516394063830375671e-02 3.007752262055873871e-02 1.313694100826978683e-02 2.065395750105381012e-02 1.719565712846815586e-03 1.072065532207489014e-02 3.392992913722991943e-02 9.210353717207908630e-03 4.628667142242193222e-03 2.095294743776321411e-02 6.083725951611995697e-03 2.765923179686069489e-02 3.694078698754310608e-02 4.168437793850898743e-02 3.970327600836753845e-02 2.305184490978717804e-02 8.887304924428462982e-03 3.289874643087387085e-02 9.911487810313701630e-03 1.317657064646482468e-02 5.661345086991786957e-03 1.971724443137645721e-02 8.590593934059143066e-03 1.506580878049135208e-02 1.279254723340272903e-02 3.339421376585960388e-02 3.571542352437973022e-02 4.888748750090599060e-02 2.463970147073268890e-02 3.039675205945968628e-02 3.188514709472656250e-02
4.406810924410820007e-02 3.747739642858505249e-02 4.756096303462982178e-01 3.319691494107246399e-02 2.879937924444675446e-02 2.203663997352123260e-02 6.778202950954437256e-03 1.695833951234817505e-01 1.469627255573868752e-03 2.082451432943344116e-02 1.307486556470394135e-02 8.687393856234848499e-04 1.983933150768280029e-02 1.856496185064315796e-02 5.961339548230171204e-02 8.219311013817787170e-03 1.779056387022137642e-03 8.952311240136623383e-03 1.626553013920783997e-02 2.830715663731098175e-02 2.506955899298191071e-02 2.300525084137916565e-02 2.499744109809398651e-02 1.296690944582223892e-02 2.678436413407325745e-02 2.901712432503700256e-02 2.357705682516098022e-02 2.231167815625667572e-02 1.915046013891696930e-02 4.261460155248641968e-02 3.992389515042304993e-02 1.002501323819160461e-02 3.644633665680885315e-02 2.573479153215885162e-02 2.078656852245330811e-02 5.937648471444845200e-03 3.940406069159507751e-02 3.814278915524482727e-02 7.603880949318408966e-04 3.371145948767662048e-02 6.811352074146270752e-02 2.811570093035697937e-02 1.078218780457973480e-02 6.296488642692565918e-02 9.911175817251205444e-03 3.502764552831649780e-02 1.953866146504878998e-02 2.649213746190071106e-02 4.702233150601387024e-02 1.844447106122970581e-02 2.195519953966140747e-02 3.247591480612754822e-02 8.479266427457332611e-03 2.487505553290247917e-03 9.645115584135055542e-03 3.272572532296180725e-02 1.261619850993156433e-03 1.938737556338310242e-02 2.903552725911140442e-02 3.822627710178494453e-03 1.134752947837114334e-02 3.700927272439002991e-02 1.789073832333087921e-02 4.190945625305175781e-02 2.280199155211448669e-02 3.773206472396850586e-02 4.205881804227828979e-02 3.561574965715408325e-02 3.468802664428949356e-03 1.710007153451442719e-02 4.352758079767227173e-02 1.514363754540681839e-02 1.494118478149175644e-03 8.228478953242301941e-03 5.919062718749046326e-02 3.539664670825004578e-02 3.907681629061698914e-02 1.485899742692708969e-02 5.694414023309946060e-03 4.773748666048049927e-02 1.283502429723739624e-01 4.911888018250465393e-02 5.882563069462776184e-02 2.216484211385250092e-02 3.300552070140838623e-02 1.907252706587314606e-02 1.004542782902717590e-01 6.695587933063507080e-02 4.193658474832773209e-03 3.669901937246322632e-02 3.761519864201545715e-02 3.528658300638198853e-02 1.906694285571575165e-02 5.653950851410627365e-03 4.466642066836357117e-02 1.136964373290538788e-02 2.558049187064170837e-02 1.236099167726933956e-03 5.903488025069236755e-03 5.119453184306621552e-03 2.109336107969284058e-02 2.081096172332763672e-02 5.432443693280220032e-03 2.366643585264682770e-02 5.305446218699216843e-03 1.194419804960489273e-02 1.089151133783161640e-03 9.408892132341861725e-03 3.888281807303428650e-02 1.585996523499488831e-02 6.235740613192319870e-03 4.000044614076614380e-02 3.286323696374893188e-02 3.300183266401290894e-02 3.681942075490951538e-02 1.103717740625143051e-02
4.544712230563163757e-02 1.136404648423194885e-02 3.319691494107246399e-02 4.933958053588867188e-01 1.680576801300048828e-01 3.682836145162582397e-02 2.752494625747203827e-02 1.267836149781942368e-02 1.735977642238140106e-02 1.086522359400987625e-02 3.788165375590324402e-02 5.054632574319839478e-02 1.413965784013271332e-02 1.042634341865777969e-02 2.605449222028255463e-02 6.033405661582946777e-03 6.725275423377752304e-03 2.944646216928958893e-02 1.348440349102020264e-02 1.042802166193723679e-02 4.822263494133949280e-02 3.170197829604148865e-02 3.329640254378318787e-03 2.002414129674434662e-02 3.970140963792800903e-02 5.301000922918319702e-02 4.551752284169197083e-02 1.885302923619747162e-02 1.429627928882837296e-02 2.926973253488540649e-02 2.963555976748466492e-02 7.896526716649532318e-03 2.111823996528983116e-03 2.030025608837604523e-02 4.111608490347862244e-02 3.026010654866695404e-02 2.330273389816284180e-03 2.252682484686374664e-02 9.534907341003417969e-02 1.031576767563819885e-01 1.036771107465028763e-02 4.016414657235145569e-02 4.251876100897789001e-02 1.234270632266998291e-02 9.638676419854164124e-03 2.508997544646263123e-02 4.252580925822257996e-02 4.771077260375022888e-02 8.943671360611915588e-03 1.921411231160163879e-02 3.094806335866451263e-02 4.347698297351598740e-03 2.852065674960613251e-02 2.127390122041106224e-03 3.497670218348503113e-02 5.503997951745986938e-02 1.669008098542690277e-02 1.840544305741786957e-02 1.824176125228404999e-02 1.468985807150602341e-02 5.716079846024513245e-02 7.240605354309082031e-02 7.334389723837375641e-03 7.459386833943426609e-04 2.950229868292808533e-02 3.248923271894454956e-02 4.951768741011619568e-02 3.733952715992927551e-02 3.679277747869491577e-02 2.640175260603427887e-02 2.510891668498516083e-02 1.864587515592575073e-02 1.348299682140350342e-01 4.630143195390701294e-02 4.025724157691001892e-02 3.114285692572593689e-02 4.056314378976821899e-02 4.909007251262664795e-02 1.068736054003238678e-02 2.158444002270698547e-02 4.407307133078575134e-02 1.965703442692756653e-02 5.331978201866149902e-03 1.724862307310104370e-02 3.846295550465583801e-02 5.645452812314033508e-02 4.142253845930099487e-02 4.840980842709541321e-02 5.062706023454666138e-02 1.194459851831197739e-02 1.945371367037296295e-02 4.253982380032539368e-02 3.657881543040275574e-02 4.797887429594993591e-02 4.415591433644294739e-02 1.365852262824773788e-02 4.110825806856155396e-02 8.544872514903545380e-03 2.567602205090224743e-04 5.982372444123029709e-03 1.445392798632383347e-02 4.856939241290092468e-02 2.758077159523963928e-02 1.728816144168376923e-02 3.714868798851966858e-02 5.052427574992179871e-02 1.784445345401763916e-02 1.123450789600610733e-02 3.017362579703330994e-02 5.088252946734428406e-02 8.867712458595633507e-04 3.560265153646469116e-02 4.168918356299400330e-02 5.383140873163938522e-03 1.900849677622318268e-02 3.042718023061752319e-02
1.794718578457832336e-02 8.457206189632415771e-03 2.879937924444675446e-02 1.680576801300048828e-01 4.885023236274719238e-01 2.503664419054985046e-02 4.069041833281517029e-02 1.971699297428131104e-02 3.535221144556999207e-02 1.159582193940877914e-02 4.424174875020980835e-02 3.598751500248908997e-02 4.219219088554382324e-03 1.974491961300373077e-02 4.044393077492713928e-02 1.459463685750961304e-02 1.933376118540763855e-02 2.545616775751113892e-02 2.653256431221961975e-02 1.637976500205695629e-03 1.503676641732454300e-02 3.735860064625740051e-02 2.674619609024375677e-04 1.391207054257392883e-02 2.730650827288627625e-02 2.075234428048133850e-03 3.520396351814270020e-02 2.333487011492252350e-02 5.127280950546264648e-03 2.069620415568351746e-02 3.374259918928146362e-02 4.565597628243267536e-04 4.488002508878707886e-02 2.594061195850372314e-02 2.121061459183692932e-02 5.295984819531440735e-02 4.027567803859710693e-02 3.478803485631942749e-02 1.127719208598136902e-01 1.534970253705978394e-01 3.900982439517974854e-02 4.920286312699317932e-02 7.206454873085021973e-03 2.683504112064838409e-02 1.685708016157150269e-02 1.638784259557723999e-02 1.085357088595628738e-02 4.772001877427101135e-03 1.375604700297117233e-02 3.145261108875274658e-02 1.946372725069522858e-02 1.895924564450979233e-03 4.340663179755210876e-02 1.823734864592552185e-02 1.838823035359382629e-02 3.050537966191768646e-02 2.098996005952358246e-02 1.400823146104812622e-02 2.530848979949951172e-02 4.120776802301406860e-02 2.387570962309837341e-02 5.527344718575477600e-02 4.262091219425201416e-02 4.778565838932991028e-02 3.650662302970886230e-02 1.337157748639583588e-02 2.722778171300888062e-02 4.464172199368476868e-02 4.099171981215476990e-02 1.181392651051282883e-02 1.657522097229957581e-02 3.526261425577104092e-04 1.070238798856735229e-01 3.875426203012466431e-02 1.059688180685043335e-01 3.912114351987838745e-02 4.465336352586746216e-02 4.411276057362556458e-02 8.405067026615142822e-03 1.777307689189910889e-02 3.880154713988304138e-02 3.409276530146598816e-02 3.313709050416946411e-02 9.160771220922470093e-02 9.102554060518741608e-03 2.899195067584514618e-02 1.412328146398067474e-02 3.164105862379074097e-02 8.697372861206531525e-03 2.457867003977298737e-02 4.984622821211814880e-03 4.313135892152786255e-02 2.278275787830352783e-03 4.086625203490257263e-02 4.766989871859550476e-02 6.050273030996322632e-02 1.973916776478290558e-02 8.456161245703697205e-03 2.021280676126480103e-02 1.005098596215248108e-02 1.316904462873935699e-02 4.115708172321319580e-02 1.962958835065364838e-02 3.266776353120803833e-02 3.461003676056861877e-02 8.230101084336638451e-04 6.409414857625961304e-02 1.356784626841545105e-02 5.369790270924568176e-02 1.929200999438762665e-02 1.090612914413213730e-02 2.988177724182605743e-02 4.875510185956954956e-02 1.291142776608467102e-02 1.031518913805484772e-02 1.198701094835996628e-02
1.664028316736221313e-01 1.176301985979080200e-01 2.203663997352123260e-02 3.682836145162582397e-02 2.503664419054985046e-02 4.994263052940368652e-01 1.359799802303314209e-01 2.210310846567153931e-02 3.388959541916847229e-02 2.003668807446956635e-02 1.249282881617546082e-01 5.649803578853607178e-02 1.219695806503295898e-01 3.174659609794616699e-02 1.208679750561714172e-02 3.536662459373474121e-02 3.651859238743782043e-02 1.643360219895839691e-02 3.038875060155987740e-03 1.114569231867790222e-02 7.604383397847414017e-03 1.840925402939319611e-02 7.469378877431154251e-03 8.463332429528236389e-03 1.216771267354488373e-02 4.602346196770668030e-02 8.945054374635219574e-03 3.287467360496520996e-02 4.483896866440773010e-02 1.377372629940509796e-02 1.965641789138317108e-02 1.069039478898048401e-02 3.726729750633239746e-02 2.976207993924617767e-02 3.318088501691818237e-02 4.159672185778617859e-02 1.498517859727144241e-02 2.826574444770812988e-02 3.282347694039344788e-02 3.151390468701720238e-03 1.957860589027404785e-02 2.705830335617065430e-02 2.921187877655029297e-02 1.659141294658184052e-02 5.744518339633941650e-02 1.166623830795288086e-02 9.210539609193801880e-02 1.220860891044139862e-02 4.621872305870056152e-02 2.780507504940032959e-02 4.483194276690483093e-02 2.029601112008094788e-02 2.096289955079555511e-02 2.162887342274188995e-02 1.060416176915168762e-02 1.003663428127765656e-02 3.949372842907905579e-02 2.730359323322772980e-03 6.355990655720233917e-03 2.120700664818286896e-02 3.473429009318351746e-02 9.861560538411140442e-03 4.157386347651481628e-02 3.076215833425521851e-02 1.991689391434192657e-02 5.765083804726600647e-02 9.987636003643274307e-04 4.431293532252311707e-02 3.499977523460984230e-03 3.031121753156185150e-02 1.156195532530546188e-02 1.802401803433895111e-02 4.639780148863792419e-02 3.710901737213134766e-02 2.135534398257732391e-02 2.586562931537628174e-02 3.422633558511734009e-02 1.443962100893259048e-02 3.872104734182357788e-02 2.575988182798027992e-03 3.815742954611778259e-02 1.331083569675683975e-02 1.264814753085374832e-02 2.469145692884922028e-02 2.662291005253791809e-02 4.562034085392951965e-02 1.617710851132869720e-02 5.658706650137901306e-03 4.196407273411750793e-02 2.203302085399627686e-02 5.898323282599449158e-02 1.698772050440311432e-02 1.903177425265312195e-02 2.707410790026187897e-02 3.145350143313407898e-02 7.329693995416164398e-03 4.023339971899986267e-02 1.657913811504840851e-02 2.137088030576705933e-02 2.768726646900177002e-02 2.366116270422935486e-02 2.445519343018531799e-02 1.891316846013069153e-02 1.295779366046190262e-02 2.871090918779373169e-02 3.145807236433029175e-02 2.941591292619705200e-02 4.580725450068712234e-03 3.764293342828750610e-02 3.952716663479804993e-02 4.584320634603500366e-02 3.992279991507530212e-02 3.237544326111674309e-03 3.800476342439651489e-02 8.168946020305156708e-03 2.913687191903591156e-02
1.060302853584289551e-01 1.242402717471122742e-01 6.778202950954437256e-03 2.752494625747203827e-02 4.069041833281517029e-02 1.359799802303314209e-01 4.922370612621307373e-01 1.303003542125225067e-02 2.460851334035396576e-02 4.583066329360008240e-02 5.994713678956031799e-02 1.630836911499500275e-02 6.223299354314804077e-02 3.382802754640579224e-02 1.594321615993976593e-02 5.564766470342874527e-03 3.721462097018957138e-03 9.043322876095771790e-03 3.409905359148979187e-02 2.463420480489730835e-02 4.213165864348411560e-02 1.259117014706134796e-02 3.806094080209732056e-02 2.034926600754261017e-02 4.757466912269592285e-02 6.562495254911482334e-04 2.423557266592979431e-02 1.182633917778730392e-02 1.259735878556966782e-02 3.704556450247764587e-02 6.633368320763111115e-03 4.005922004580497742e-02 4.273854568600654602e-02 2.717987820506095886e-02 4.719654098153114319e-02 3.061360120773315430e-02 1.658894121646881104e-02 2.194953337311744690e-02 6.276239175349473953e-03 3.836473077535629272e-02 2.641170471906661987e-02 8.216557092964649200e-03 1.937579177320003510e-02 4.743028059601783752e-02 6.565124541521072388e-02 4.380904510617256165e-02 4.485098645091056824e-02 8.408883959054946899e-02 4.210760444402694702e-02 1.879214495420455933e-02 1.093536335974931717e-02 2.737315744161605835e-02 1.856437325477600098e-02 4.275653511285781860e-03 2.596708387136459351e-02 3.135681524872779846e-02 2.111400477588176727e-02 2.334709651768207550e-02 1.159740984439849854e-02 2.750577963888645172e-02 1.420916430652141571e-02 3.772268816828727722e-02 1.893423870205879211e-02 3.715957701206207275e-02 3.060882212594151497e-03 1.373649574816226959e-02 4.761550202965736389e-02 1.672933436930179596e-02 4.015437327325344086e-03 8.784566074609756470e-03 3.733358159661293030e-02 3.483009338378906250e-02 4.132232815027236938e-02 2.057393081486225128e-02 1.283804327249526978e-02 3.209549561142921448e-02 5.106780305504798889e-02 3.567020595073699951e-02 4.038978740572929382e-02 5.779563635587692261e-02 2.553312107920646667e-02 2.461261814460158348e-03 3.879874711856245995e-03 2.126214792951941490e-03 2.698789909482002258e-02 4.517064616084098816e-02 4.993468150496482849e-02 1.732045598328113556e-02 3.028070926666259766e-02 1.681311801075935364e-02 1.108115818351507187e-02 2.243678318336606026e-03 1.407694909721612930e-02 7.627125363796949387e-03 2.981305867433547974e-02 1.673283800482749939e-02 1.781437546014785767e-02 1.004517450928688049e-02 3.529058769345283508e-02 4.559703171253204346e-02 4.374292865395545959e-02 2.488025929778814316e-03 4.108793660998344421e-02 1.717134192585945129e-02 3.431134670972824097e-02 3.670561686158180237e-02 5.836009513586759567e-03 1.248766109347343445e-02 1.830180734395980835e-02 1.850321143865585327e-02 2.682279795408248901e-02 3.792821243405342102e-02 1.974781788885593414e-02 3.305143117904663086e-02 4.807496070861816406e-02 4.890017956495285034e-02
2.959102019667625427e-02 9.729290613904595375e-04 1.695833951234817505e-01 1.267836149781942368e-02 1.971699297428131104e-02 2.210310846567153931e-02 1.303003542125225067e-02 4.988572895526885986e-01 3.326744586229324341e-02 2.196982735767960548e-03 2.279978059232234955e-02 3.519364818930625916e-02 3.051543608307838440e-02 9.840132668614387512e-03 1.093377098441123962e-01 4.807247221469879150e-02 5.016939714550971985e-02 2.933878637850284576e-02 1.178165897727012634e-02 8.246962912380695343e-03 7.300418801605701447e-03 6.273791939020156860e-02 2.399929054081439972e-02 1.892333477735519409e-02 1.713859103620052338e-02 1.768143661320209503e-02 2.125713974237442017e-02 3.828508546575903893e-03 3.966254368424415588e-02 9.824213571846485138e-03 4.114822298288345337e-02 1.088543981313705444e-02 2.779388241469860077e-02 1.367642730474472046e-02 3.319008648395538330e-02 3.264672681689262390e-02 9.422698616981506348e-02 8.313231170177459717e-03 3.772221505641937256e-02 3.876316547393798828e-02 3.123448044061660767e-02 2.485347725450992584e-02 3.737628087401390076e-02 2.542619220912456512e-02 9.334074333310127258e-03 2.725906297564506531e-02 1.438852516002953053e-03 1.406280975788831711e-02 1.095101051032543182e-02 4.078073054552078247e-02 4.174758866429328918e-02 2.512798272073268890e-02 1.428109221160411835e-02 2.736482769250869751e-02 3.964579105377197266e-02 2.302799001336097717e-02 2.053287252783775330e-02 9.481769986450672150e-03 1.740089850500226021e-03 2.164108864963054657e-02 3.241491690278053284e-02 4.183095693588256836e-02 3.167373687028884888e-02 5.774089135229587555e-03 3.397592157125473022e-02 4.820572957396507263e-02 1.956187561154365540e-02 2.942973934113979340e-02 3.669715300202369690e-02 1.716978102922439575e-02 4.501803312450647354e-03 6.525275297462940216e-03 1.458069309592247009e-02 8.575568906962871552e-03 1.485300599597394466e-03 9.950988925993442535e-03 4.437275696545839310e-03 2.135105896741151810e-03 7.395751308649778366e-03 2.628541551530361176e-02 1.498896926641464233e-01 5.790182948112487793e-02 6.054625846445560455e-04 4.453949164599180222e-03 4.557369276881217957e-02 3.343628719449043274e-02 1.239048391580581665e-01 8.854666352272033691e-02 4.481160268187522888e-02 2.559423632919788361e-02 2.803233638405799866e-02 3.197855129837989807e-02 2.529068104922771454e-02 2.694846689701080322e-02 2.432377636432647705e-02 6.003692280501127243e-03 1.616439409554004669e-02 1.473776716738939285e-02 4.946106672286987305e-02 4.460840672254562378e-02 4.058331996202468872e-02 4.573902487754821777e-02 3.566619753837585449e-02 2.633265592157840729e-02 1.977049931883811951e-02 4.278051108121871948e-02 3.570852428674697876e-02 2.636276930570602417e-02 7.529369555413722992e-03 1.497436501085758209e-02 1.851193606853485107e-02 3.871226683259010315e-02 2.416171133518218994e-02 2.113669738173484802e-02 3.585281223058700562e-02 3.547636792063713074e-02
2.043066546320915222e-02 2.202839218080043793e-02 1.469627255573868752e-03 1.735977642238140106e-02 3.535221144556999207e-02 3.388959541916847229e-02 2.460851334035396576e-02 3.326744586229324341e-02 4.898081123828887939e-01 1.025168523192405701e-01 1.734885014593601227e-02 3.331198543310165405e-02 6.545933429151773453e-04 8.026756346225738525e-03 1.744850538671016693e-02 2.420594170689582825e-02 4.687982145696878433e-03 3.670854866504669189e-02 4.538646340370178223e-02 2.630178630352020264e-02 3.278101608157157898e-02 1.548565737903118134e-02 2.042493969202041626e-02 1.591770537197589874e-02 4.476305469870567322e-02 1.137796044349670410e-02 4.086675494909286499e-02 4.912985954433679581e-03 9.465679526329040527e-03 4.496785253286361694e-02 4.043593257665634155e-02 5.238390294834971428e-04 8.485631085932254791e-03 1.613639667630195618e-02 3.805219754576683044e-02 2.952399291098117828e-02 2.194906398653984070e-02 7.835910655558109283e-03 7.501395884901285172e-03 2.217339724302291870e-02 1.855592615902423859e-02 6.532194465398788452e-02 5.230703577399253845e-02 2.242158353328704834e-02 6.702823191881179810e-02 1.616297662258148193e-02 2.559550851583480835e-02 3.812284022569656372e-02 5.446740984916687012e-02 7.747293449938297272e-03 2.938109450042247772e-02 1.201963983476161957e-02 3.579786978662014008e-03 3.482084348797798157e-02 9.677748382091522217e-02 1.219862233847379684e-02 2.355354605242609978e-03 2.170992828905582428e-02 9.680788964033126831e-03 5.653445795178413391e-02 4.823941737413406372e-02 1.428977679461240768e-02 1.317405700683593750e-02 2.154700690880417824e-03 1.691203378140926361e-02 1.780398935079574585e-02 5.243235453963279724e-02 1.453517470508813858e-02 7.060829550027847290e-02 4.309517890214920044e-02 3.497520461678504944e-02 2.373925969004631042e-02 2.381174638867378235e-02 6.062727421522140503e-03 3.894685208797454834e-02 5.335412546992301941e-02 1.566874831914901733e-01 4.455777257680892944e-02 7.182992249727249146e-02 3.125147894024848938e-02 1.095203403383493423e-02 2.352587878704071045e-02 1.673492416739463806e-02 4.365282505750656128e-02 1.917569083161652088e-03 7.519381586462259293e-03 3.118072636425495148e-03 1.419151946902275085e-02 4.084735736250877380e-02 5.321021750569343567e-02 4.039532318711280823e-02 5.908181145787239075e-02 3.920407965779304504e-02 5.007278919219970703e-02 2.442799508571624756e-02 4.297126457095146179e-02 4.253743961453437805e-02 1.427577156573534012e-02 8.996993303298950195e-02 4.340072721242904663e-02 5.014675855636596680e-02 5.013599246740341187e-02 9.318585507571697235e-03 3.118281997740268707e-02 6.085765548050403595e-03 2.717134915292263031e-02 4.857745766639709473e-02 1.257229596376419067e-02 1.618873700499534607e-02 2.697578072547912598e-02 1.528118178248405457e-02 2.889237552881240845e-02 2.735011838376522064e-02 3.460361063480377197e-02 4.317832365632057190e-02 2.725274860858917236e-02
6.664334796369075775e-03 3.260103985667228699e-02 2.082451432943344116e-02 1.086522359400987625e-02 1.159582193940877914e-02 2.003668807446956635e-02 4.583066329360008240e-02 2.196982735767960548e-03 1.025168523192405701e-01 4.865033924579620361e-01 2.438327670097351074e-02 5.775554571300745010e-03 2.742960304021835327e-02 7.666308898478746414e-03 1.455427333712577820e-02 4.085545893758535385e-03 2.364358492195606232e-02 4.423021525144577026e-02 2.579448185861110687e-02 1.697750017046928406e-02 3.710650280117988586e-02 3.005946055054664612e-03 4.424506425857543945e-02 4.930725321173667908e-02 2.573768049478530884e-02 4.077858477830886841e-02 3.429539129137992859e-02 1.294993422925472260e-02 2.945443615317344666e-02 3.478791622910648584e-04 8.080884814262390137e-03 2.659559063613414764e-02 1.487741153687238693e-02 9.101886302232742310e-03 4.159573465585708618e-02 4.475247114896774292e-02 5.029861349612474442e-03 3.096221573650836945e-02 4.210955277085304260e-02 1.006204914301633835e-02 4.243753850460052490e-02 2.713119424879550934e-02 2.651252038776874542e-02 4.775882512331008911e-02 1.176568120718002319e-02 2.147234417498111725e-02 5.800919234752655029e-02 4.177423566579818726e-02 4.327036812901496887e-02 1.438062544912099838e-02 1.568284234963357449e-03 1.170218642801046371e-02 3.254723548889160156e-02 1.385055296123027802e-02 1.844729483127593994e-02 5.893345177173614502e-02 6.549133919179439545e-03 2.119242027401924133e-02 5.162509530782699585e-02 4.772877320647239685e-02 1.802897825837135315e-02 1.400533318519592285e-02 1.082206331193447113e-02 2.240728586912155151e-02 3.796416521072387695e-02 3.669711574912071228e-02 9.061465389095246792e-04 3.394837025552988052e-03 2.249119430780410767e-02 1.366714667528867722e-02 7.173168659210205078e-02 4.103653505444526672e-02 2.652481757104396820e-02 1.851371116936206818e-02 2.305815555155277252e-02 1.837206073105335236e-02 7.650039345026016235e-02 1.207364052534103394e-01 3.553321212530136108e-02 9.701585769653320312e-02 4.653939232230186462e-02 1.637337915599346161e-02 4.334507137537002563e-02 3.076277673244476318e-02 1.296452526003122330e-02 1.145712379366159439e-02 3.218818455934524536e-02 2.799753844738006592e-02 2.099248953163623810e-02 4.321126639842987061e-02 2.868737466633319855e-02 3.216902492567896843e-03 3.328758478164672852e-02 2.987503819167613983e-02 3.626888990402221680e-02 2.965244650840759277e-02 1.280680205672979355e-02 3.426650073379278183e-03 2.432047389447689056e-03 1.757463440299034119e-02 4.356988146901130676e-02 3.522691130638122559e-02 4.721402004361152649e-02 3.246004343964159489e-04 4.229036718606948853e-02 1.082976721227169037e-02 3.031800314784049988e-02 4.378417506814002991e-02 1.013824157416820526e-02 3.082290291786193848e-03 8.262353017926216125e-03 1.674180477857589722e-02 1.825891621410846710e-02 9.426589123904705048e-03 2.172959595918655396e-02 5.529672373086214066e-03
1.706310659646987915e-01 6.616242974996566772e-02 1.307486556470394135e-02 3.788165375590324402e-02 4.424174875020980835e-02 1.249282881617546082e-01 5.994713678956031799e-02 2.279978059232234955e-02 1.734885014593601227e-02 2.438327670097351074e-02 4.900045692920684814e-01 1.155471242964267731e-02 1.259730607271194458e-01 3.113470785319805145e-02 1.206802949309349060e-02 4.168555885553359985e-02 4.302912950515747070e-02 8.612645789980888367e-03 2.174282632768154144e-02 5.794026423245668411e-03 4.520673304796218872e-03 4.708416759967803955e-02 1.912697590887546539e-02 2.979501895606517792e-02 5.776085425168275833e-03 2.931444160640239716e-02 5.514561198651790619e-04 1.017736853100359440e-03 5.758984759449958801e-02 3.595918416976928711e-02 1.856132596731185913e-02 9.496072307229042053e-03 4.432386253029108047e-03 4.068214818835258484e-02 2.449336461722850800e-02 3.478214889764785767e-02 2.127494849264621735e-02 1.488802768290042877e-02 3.091951087117195129e-02 1.873455010354518890e-02 4.863992333412170410e-02 3.598633036017417908e-02 1.404649764299392700e-02 2.097286470234394073e-02 3.170344047248363495e-03 1.055956352502107620e-03 6.232321262359619141e-02 5.381877347826957703e-02 3.366747498512268066e-02 2.600581757724285126e-02 1.652275584638118744e-02 3.262910991907119751e-02 5.633063614368438721e-02 4.967241361737251282e-02 1.497112959623336792e-02 3.446716815233230591e-03 2.713039331138134003e-02 3.871320188045501709e-02 9.697091765701770782e-03 1.544513832777738571e-02 1.294973492622375488e-02 8.287478238344192505e-03 3.406434878706932068e-02 3.115484863519668579e-02 7.381553947925567627e-02 4.916783049702644348e-02 1.873088302090764046e-03 2.619860880076885223e-02 2.930392883718013763e-02 3.783804923295974731e-02 2.767102047801017761e-02 3.379332646727561951e-02 5.742498324252665043e-04 2.961916849017143250e-02 8.122506551444530487e-03 1.598989591002464294e-02 3.216953575611114502e-02 2.421661093831062317e-02 6.124362116679549217e-04 5.401675403118133545e-02 4.315536096692085266e-02 3.246334195137023926e-02 1.740992302075028419e-03 3.169154003262519836e-02 2.920635603368282318e-02 3.927877545356750488e-02 5.889713298529386520e-03 1.616838760673999786e-02 3.518473356962203979e-02 1.259854994714260101e-02 6.462501734495162964e-02 7.851125672459602356e-03 5.443071573972702026e-02 1.233612932264804840e-02 1.424031332135200500e-02 2.627177722752094269e-02 2.271969337016344070e-03 4.297840222716331482e-02 1.436719577759504318e-02 1.997915655374526978e-02 3.568248450756072998e-02 3.492015227675437927e-02 1.806833222508430481e-02 9.282425045967102051e-03 1.946113072335720062e-02 1.764421164989471436e-02 1.098134834319353104e-02 2.156227594241499901e-03 1.476130128139629960e-04 2.524827793240547180e-02 2.283164113759994507e-02 3.100973926484584808e-02 9.053234942257404327e-03 2.348630502820014954e-02 3.505257889628410339e-02 1.899350434541702271e-02
1.427517831325531006e-02 9.172025136649608612e-03 8.687393856234848499e-04 5.054632574319839478e-02 3.598751500248908997e-02 5.649803578853607178e-02 1.630836911499500275e-02 3.519364818930625916e-02 3.331198543310165405e-02 5.775554571300745010e-03 1.155471242964267731e-02 4.931085109710693359e-01 3.712725592777132988e-04 1.770664453506469727e-01 2.323337458074092865e-02 4.955075308680534363e-02 3.865509480237960815e-02 3.126731142401695251e-03 9.866786422207951546e-04 6.052162032574415207e-03 4.444305598735809326e-02 1.095907203853130341e-02 3.189343586564064026e-02 1.845625601708889008e-02 4.680572077631950378e-03 5.547489970922470093e-03 2.444444037973880768e-02 9.906666725873947144e-02 1.597469439730048180e-03 1.174695417284965515e-01 9.271255694329738617e-04 5.046877637505531311e-02 2.999654738232493401e-03 5.147116258740425110e-02 2.843348495662212372e-02 4.306516796350479126e-02 1.012218929827213287e-02 2.051089145243167877e-02 3.710388019680976868e-02 8.025993593037128448e-03 3.875344991683959961e-02 2.562898769974708557e-02 3.771464154124259949e-02 1.090307161211967468e-02 7.953578233718872070e-02 1.048273127526044846e-02 5.632976535707712173e-03 2.279469929635524750e-02 5.577746313065290451e-03 4.907165095210075378e-02 3.908269479870796204e-02 3.689617291092872620e-02 2.353611774742603302e-02 1.972583681344985962e-02 8.031452074646949768e-03 9.643020108342170715e-03 2.977586351335048676e-02 3.662943141534924507e-03 4.324292019009590149e-02 3.061046823859214783e-03 1.924177259206771851e-02 1.495707686990499496e-02 2.741809561848640442e-02 4.861458018422126770e-02 9.809036739170551300e-03 4.998563230037689209e-02 1.821891963481903076e-02 2.030158042907714844e-02 3.687595203518867493e-02 4.830459132790565491e-02 1.937854290008544922e-02 2.585629187524318695e-02 5.327066406607627869e-02 3.894897922873497009e-02 3.674141690135002136e-02 3.240723535418510437e-02 5.748431384563446045e-02 4.124805703759193420e-02 5.420326068997383118e-02 1.860533957369625568e-03 3.945448622107505798e-02 2.823118306696414948e-02 1.599506661295890808e-02 4.908810183405876160e-02 3.358243964612483978e-03 2.311019971966743469e-02 3.154454752802848816e-02 2.977578900754451752e-02 3.076366148889064789e-02 6.111814454197883606e-02 4.131334275007247925e-02 2.714934200048446655e-02 1.982373930513858795e-02 1.547540258616209030e-02 2.955104410648345947e-02 1.192785147577524185e-02 1.636399701237678528e-02 3.437517210841178894e-03 4.856555163860321045e-02 1.529120281338691711e-02 4.239669442176818848e-02 4.138796776533126831e-02 5.267260130494832993e-03 3.869472816586494446e-02 3.245571628212928772e-02 4.050613939762115479e-02 3.172401338815689087e-02 2.261420339345932007e-02 4.216025769710540771e-02 6.409646477550268173e-03 4.204393830150365829e-03 2.297878963872790337e-03 5.519134178757667542e-02 1.873464509844779968e-02 1.034182030707597733e-02 4.354869946837425232e-02
1.160807386040687561e-01 1.361355781555175781e-01 1.983933150768280029e-02 1.413965784013271332e-02 4.219219088554382324e-03 1.219695806503295898e-01 6.223299354314804077e-02 3.051543608307838440e-02 6.545933429151773453e-04 2.742960304021835327e-02 1.259730607271194458e-01 3.712725592777132988e-04 4.967488944530487061e-01 7.496029604226350784e-03 3.889353945851325989e-02 3.750832751393318176e-02 3.108182176947593689e-02 5.188760813325643539e-03 4.567606840282678604e-03 1.930839382112026215e-02 3.747347369790077209e-02 5.982722342014312744e-02 5.571794137358665466e-02 2.883770130574703217e-02 3.033322095870971680e-02 1.468601077795028687e-02 3.385979309678077698e-02 3.899511322379112244e-02 4.181030020117759705e-02 1.099274773150682449e-02 2.288351580500602722e-02 4.217160120606422424e-02 1.078549958765506744e-02 3.257154300808906555e-02 1.747342012822628021e-02 3.103993460536003113e-02 1.992579549551010132e-02 1.595979183912277222e-02 3.002801164984703064e-02 1.079586427658796310e-02 4.767780005931854248e-02 4.383261129260063171e-02 7.934007793664932251e-03 8.757484145462512970e-03 2.519325911998748779e-02 3.149177879095077515e-02 6.645638495683670044e-02 5.568951368331909180e-03 4.377489537000656128e-02 3.243635641410946846e-03 1.146525051444768906e-02 2.211522683501243591e-02 3.112908080220222473e-02 1.432444085367023945e-03 3.070916794240474701e-02 2.663416415452957153e-02 1.132355723530054092e-02 1.298013981431722641e-02 2.088684774935245514e-02 7.172495126724243164e-03 4.528142884373664856e-02 3.135117888450622559e-02 3.072522208094596863e-02 3.069746121764183044e-02 5.599651858210563660e-02 5.718490853905677795e-02 4.234215989708900452e-02 4.314592853188514709e-02 2.497891662642359734e-03 5.833467841148376465e-02 1.712817512452602386e-02 1.682179048657417297e-03 4.244029521942138672e-02 4.135716706514358521e-02 3.288555517792701721e-02 1.272433996200561523e-02 3.487966582179069519e-02 3.848116379231214523e-03 9.443827904760837555e-03 2.835360169410705566e-02 2.206788584589958191e-02 2.402869425714015961e-02 1.212771609425544739e-02 2.639119885861873627e-02 3.962747287005186081e-03 3.791094757616519928e-03 5.239408463239669800e-03 8.395884186029434204e-03 1.810639910399913788e-02 7.237220183014869690e-03 5.838112905621528625e-02 1.836128160357475281e-02 2.220456674695014954e-02 2.237172797322273254e-02 1.241369731724262238e-02 3.538009151816368103e-02 2.689006552100181580e-02 3.973825648427009583e-02 3.351819887757301331e-02 3.823852539062500000e-02 2.101540192961692810e-02 3.320440277457237244e-02 5.068338662385940552e-02 3.665422275662422180e-02 3.811718150973320007e-02 5.046838521957397461e-02 4.522212594747543335e-02 3.393014776520431042e-04 2.393841929733753204e-02 3.778763115406036377e-02 2.206118963658809662e-02 4.195519909262657166e-02 4.075928032398223877e-02 1.060403231531381607e-02 3.592700138688087463e-02 2.569636143743991852e-02
