4.786869287490844727e-01 1.028273925185203552e-01 4.297363013029098511e-02 4.885110631585121155e-02 2.204522490501403809e-03 7.093282043933868408e-02 4.633177816867828369e-02 1.639907131902873516e-03 3.180067241191864014e-02 3.053225576877593994e-02 1.010153740644454956e-01 4.224971681833267212e-02 6.534199416637420654e-02 1.796257914975285530e-03 3.800337389111518860e-02 3.162018209695816040e-02 1.233093626797199249e-02 1.965724118053913116e-02 4.226411134004592896e-02 3.380656987428665161e-02 4.521635919809341431e-02 2.671164227649569511e-03 2.945949882268905640e-02 2.744102152064442635e-03 1.371090114116668701e-02 5.212885141372680664e-02 5.629495158791542053e-02 2.447188645601272583e-02 2.973364293575286865e-02 3.582645580172538757e-02 1.343766413629055023e-02 1.214829087257385254e-02 4.029508307576179504e-02 2.346896217204630375e-04 9.495025500655174255e-03 6.089723110198974609e-02 5.888874083757400513e-02 4.052774608135223389e-02 4.373065754771232605e-02 4.076553881168365479e-02 1.026510726660490036e-02 4.783472046256065369e-02 2.313431538641452789e-02 3.546154126524925232e-02 1.226441934704780579e-02 4.424561187624931335e-02 2.822568826377391815e-02 7.131411228328943253e-03 3.489618375897407532e-02 2.361176535487174988e-02 4.085205867886543274e-02 1.219249144196510315e-02 5.297244060784578323e-03 1.767252571880817413e-02 1.972613297402858734e-02 1.834956184029579163e-02 4.429076984524726868e-02 4.638845100998878479e-02 4.986470565199851990e-02 3.236871585249900818e-02 5.284309154376387596e-04 2.562171965837478638e-02 4.102686420083045959e-02 2.236395329236984253e-02 2.423888631165027618e-02 4.795568063855171204e-03 3.519230335950851440e-02 1.840687170624732971e-02 1.531094033271074295e-02 1.399192609824240208e-03 4.109003394842147827e-02 3.566515073180198669e-02 1.370682497508823872e-03 5.588658899068832397e-02 3.976196423172950745e-02 3.760751709342002869e-02 2.484107390046119690e-02 1.878308318555355072e-02 9.305860730819404125e-04 5.444591864943504333e-03 1.565014943480491638e-02 3.585924394428730011e-03 3.195478767156600952e-02 1.844659261405467987e-02 5.177510902285575867e-02 3.397967666387557983e-02 2.601421438157558441e-02 3.083699382841587067e-02 4.228677228093147278e-02 1.560467761009931564e-02 1.458965614438056946e-02 3.304612636566162109e-02 2.059692516922950745e-02 3.983159363269805908e-02 4.533307626843452454e-03 2.116182819008827209e-03 3.214203938841819763e-02 3.219748847186565399e-03 4.172668978571891785e-02 1.372992526739835739e-02 5.526788532733917236e-02 5.554448440670967102e-02 4.063385352492332458e-02 1.218628045171499252e-02 6.585189606994390488e-03 4.200512915849685669e-02 3.001548975589685142e-05 4.575524479150772095e-02 5.642486736178398132e-02 4.306414350867271423e-02 1.233652792870998383e-02 3.471089527010917664e-03 2.271124720573425293e-02 3.243193402886390686e-02 1.992163993418216705e-02 7.242793682962656021e-03
1.028273925185203552e-01 4.656756222248077393e-01 2.050143852829933167e-02 1.061842311173677444e-02 1.625796034932136536e-02 6.180156394839286804e-02 1.280437111854553223e-01 3.886309638619422913e-02 2.462602220475673676e-02 2.034894935786724091e-02 5.017552152276039124e-02 2.048257365822792053e-02 1.247770637273788452e-01 2.546102181077003479e-02 2.874228917062282562e-02 2.364925295114517212e-02 3.248289227485656738e-02 1.734907552599906921e-02 4.389537870883941650e-02 2.154840528964996338e-02 2.866898663341999054e-02 6.060533691197633743e-03 2.614112570881843567e-02 9.204515255987644196e-03 3.872139006853103638e-02 1.639914466068148613e-03 4.165933653712272644e-02 2.295838296413421631e-02 3.537026047706604004e-02 1.242249645292758942e-02 5.440182611346244812e-02 1.511797122657299042e-02 3.275805711746215820e-02 5.460327025502920151e-03 2.546205883845686913e-03 4.755927622318267822e-02 1.360140275210142136e-02 9.227891569025814533e-04 1.673038117587566376e-02 1.453915797173976898e-02 1.572633918840438128e-04 3.935329243540763855e-02 4.041127860546112061e-02 5.792682524770498276e-03 8.134699426591396332e-03 5.238427594304084778e-02 1.398542989045381546e-02 6.259256601333618164e-02 2.334849350154399872e-02 3.330478817224502563e-02 8.368495851755142212e-03 3.239998966455459595e-02 4.984254017472267151e-02 3.439601510763168335e-02 3.962233196943998337e-03 1.818952895700931549e-02 3.661832213401794434e-02 2.074309438467025757e-02 3.041920624673366547e-02 3.611120209097862244e-02 4.343776404857635498e-02 6.061460357159376144e-03 4.267774149775505066e-02 1.470828615128993988e-02 2.656592242419719696e-02 5.264410749077796936e-02 5.770506709814071655e-02 5.638407170772552490e-02 1.474013645201921463e-02 1.389327365905046463e-02 1.921374001540243626e-03 4.584496095776557922e-02 1.202295767143368721e-03 3.290667757391929626e-02 1.365896873176097870e-02 5.380222573876380920e-02 6.530926097184419632e-03 1.529292855411767960e-02 2.734896540641784668e-02 2.626093663275241852e-02 1.343730371445417404e-02 3.295760229229927063e-02 8.402168750762939453e-03 7.894682697951793671e-03 3.303517401218414307e-02 3.392789885401725769e-02 1.594029553234577179e-02 1.231392379850149155e-02 3.524203225970268250e-02 1.635257853195071220e-03 4.604066722095012665e-03 4.332341626286506653e-02 3.985144197940826416e-03 7.618153840303421021e-02 2.384830079972743988e-02 3.686658665537834167e-02 3.741403669118881226e-02 1.572115346789360046e-02 1.481250394135713577e-02 2.404846623539924622e-02 3.839282691478729248e-02 2.046112716197967529e-02 9.114458225667476654e-03 3.877578303217887878e-02 2.321333438158035278e-02 4.135862737894058228e-02 2.783934772014617920e-02 4.792108386754989624e-02 1.091684680432081223e-02 5.293104797601699829e-02 1.198659883812069893e-04 4.419795423746109009e-02 3.691246360540390015e-02 3.950470313429832458e-02 1.611631177365779877e-02 6.716328207403421402e-03
4.297363013029098511e-02 2.050143852829933167e-02 4.490574598312377930e-01 4.372727498412132263e-02 5.583677906543016434e-03 1.795294880867004395e-02 1.170643698424100876e-02 1.556500643491744995e-01 2.283062785863876343e-02 1.091577950865030289e-02 1.314471755176782608e-02 2.769722230732440948e-02 5.340679083019495010e-03 4.286336153745651245e-02 5.559993442147970200e-03 3.556479513645172119e-02 5.807741545140743256e-03 5.952150747179985046e-02 5.322907119989395142e-03 4.869994521141052246e-02 3.247075527906417847e-02 2.826029062271118164e-02 3.697602450847625732e-02 1.680099591612815857e-02 2.013876289129257202e-02 2.312187291681766510e-02 1.867714151740074158e-02 9.451397345401346684e-04 4.223763477057218552e-03 4.092485457658767700e-02 1.414019986987113953e-02 2.973606623709201813e-02 4.132313653826713562e-02 4.447742924094200134e-02 2.203093282878398895e-02 2.611124701797962189e-02 3.996451571583747864e-02 2.020947448909282684e-02 1.135326176881790161e-02 2.004528418183326721e-02 3.869345411658287048e-02 1.466519385576248169e-02 2.949696779251098633e-02 8.513472042977809906e-03 1.943120546638965607e-02 2.957771345973014832e-02 4.252460598945617676e-02 3.504229336977005005e-02 7.951931096613407135e-03 2.290336042642593384e-02 5.632195994257926941e-02 1.069085299968719482e-01 9.279149235226213932e-04 1.937366090714931488e-02 5.614258348941802979e-02 2.124357037246227264e-02 1.375199574977159500e-02 1.243237755261361599e-03 3.554467856884002686e-02 3.699596039950847626e-03 2.863182872533798218e-02 2.123145759105682373e-02 2.382426522672176361e-02 1.170482579618692398e-02 1.321890670806169510e-02 4.779976233839988708e-02 1.474127918481826782e-02 3.684134036302566528e-02 4.563479684293270111e-03 1.795094273984432220e-02 4.454877972602844238e-02 2.698162384331226349e-02 2.852362021803855896e-02 2.256799116730690002e-02 2.465357631444931030e-02 2.695866860449314117e-02 4.091702774167060852e-02 1.283726654946804047e-02 4.407155886292457581e-02 6.072055548429489136e-02 1.091893389821052551e-01 7.834577118046581745e-04 4.966201260685920715e-03 2.611751295626163483e-02 2.845006063580513000e-02 3.031652048230171204e-02 3.084584604948759079e-04 2.280519838677719235e-04 2.150660753250122070e-02 8.382169529795646667e-03 1.956916227936744690e-02 2.121987007558345795e-02 5.123061314225196838e-02 9.179882705211639404e-03 2.055446989834308624e-02 1.237072981894016266e-02 3.027013316750526428e-02 2.501642517745494843e-02 4.265872389078140259e-02 1.144326478242874146e-02 1.274532079696655273e-02 3.062506206333637238e-02 1.850688457489013672e-02 3.406217321753501892e-02 5.846058484166860580e-03 2.169806696474552155e-02 3.530431911349296570e-02 3.775624185800552368e-02 1.565162092447280884e-02 4.929605871438980103e-02 4.342363774776458740e-02 2.275128662586212158e-02 6.484132260084152222e-02 5.742150917649269104e-02 1.234839297831058502e-02 3.268931806087493896e-02
4.885110631585121155e-02 1.061842311173677444e-02 4.372727498412132263e-02 4.733971655368804932e-01 7.382255792617797852e-02 1.769890263676643372e-02 1.810853183269500732e-02 8.702041581273078918e-03 4.602830391377210617e-03 8.175264112651348114e-03 2.656534686684608459e-02 4.071026667952537537e-02 2.912607043981552124e-02 3.279343247413635254e-02 3.026078455150127411e-02 2.084897644817829132e-02 1.479700114578008652e-02 6.201610900461673737e-03 5.523942783474922180e-02 4.849933832883834839e-02 4.187729675322771072e-03 1.896969601511955261e-02 3.926110267639160156e-02 8.908283198252320290e-04 2.266768738627433777e-02 1.326258410699665546e-03 2.048353292047977448e-02 3.654698282480239868e-02 1.557931024581193924e-02 5.500635877251625061e-02 2.196115627884864807e-02 9.774160571396350861e-03 1.119174435734748840e-02 4.713813960552215576e-02 8.738685399293899536e-03 1.491602789610624313e-02 8.381349034607410431e-03 2.250789478421211243e-02 7.945951819419860840e-02 1.509893219918012619e-02 3.044178895652294159e-02 7.045114040374755859e-02 3.210702911019325256e-02 5.080159008502960205e-02 4.518587887287139893e-02 1.388463936746120453e-02 2.948838099837303162e-02 4.371322691440582275e-02 1.182054914534091949e-02 1.915613189339637756e-02 4.397785291075706482e-02 1.195559836924076080e-02 3.684681281447410583e-02 3.256410127505660057e-03 4.105486348271369934e-02 1.889793388545513153e-02 2.054661884903907776e-02 2.585420198738574982e-02 4.496375098824501038e-02 1.126599870622158051e-02 5.174517631530761719e-02 3.401470184326171875e-02 2.886993065476417542e-02 1.665178500115871429e-02 2.490282244980335236e-02 2.695718035101890564e-02 4.956449195742607117e-02 6.735085509717464447e-03 4.982091858983039856e-02 1.266799215227365494e-02 5.543911829590797424e-02 2.259198389947414398e-02 1.300159245729446411e-01 3.386911749839782715e-02 9.000930190086364746e-02 5.771599244326353073e-03 4.745661094784736633e-02 9.350886568427085876e-03 1.706539653241634369e-02 2.866722410544753075e-03 3.679693117737770081e-02 2.307230420410633087e-02 9.227225929498672485e-02 5.476368125528097153e-03 1.981440931558609009e-02 8.800503797829151154e-03 3.014333732426166534e-02 1.179603766649961472e-02 4.555309563875198364e-02 1.104197837412357330e-02 4.056293517351150513e-02 7.404366042464971542e-03 4.012715816497802734e-02 1.116809155791997910e-02 2.717386186122894287e-02 1.897203177213668823e-02 3.116129338741302490e-02 7.535374723374843597e-03 4.166376218199729919e-02 2.369298599660396576e-02 1.395943574607372284e-02 1.363605540245771408e-02 1.532718632370233536e-02 3.369152918457984924e-02 2.976264432072639465e-02 3.667034953832626343e-02 4.434008151292800903e-02 1.068251114338636398e-02 2.418362721800804138e-02 3.346350416541099548e-02 2.342035621404647827e-02 4.977761302143335342e-03 1.714875735342502594e-02 3.128335624933242798e-02 8.726307190954685211e-03 3.513206541538238525e-02
2.204522490501403809e-03 1.625796034932136536e-02 5.583677906543016434e-03 7.382255792617797852e-02 4.618269205093383789e-01 2.070079743862152100e-02 7.029085885733366013e-03 3.546683490276336670e-02 2.384215034544467926e-02 6.669900566339492798e-02 2.607916109263896942e-02 3.657964989542961121e-02 2.622231468558311462e-02 2.485039830207824707e-02 3.123694285750389099e-02 3.688354417681694031e-02 3.683785349130630493e-02 1.343631185591220856e-02 7.878173142671585083e-02 1.270039123483002186e-03 1.140553131699562073e-02 4.072159156203269958e-02 3.474628087133169174e-03 6.912029348313808441e-03 4.809901118278503418e-02 2.242371626198291779e-02 8.531513623893260956e-03 2.604063600301742554e-02 2.938880585134029388e-02 2.824747376143932343e-02 1.339766569435596466e-02 2.123992331326007843e-02 4.282125085592269897e-02 7.764993235468864441e-03 7.326505146920681000e-03 1.833993569016456604e-02 3.671189770102500916e-02 2.334089949727058411e-02 1.604864932596683502e-02 9.944108128547668457e-02 2.920943684875965118e-02 4.481384158134460449e-02 2.439945563673973083e-02 1.837093569338321686e-02 1.214492227882146835e-02 1.100686006247997284e-02 2.912870608270168304e-02 6.519400980323553085e-03 1.180368661880493164e-02 1.485117990523576736e-02 2.914004027843475342e-02 1.355576794594526291e-02 3.929325193166732788e-02 2.172721736133098602e-02 2.908169850707054138e-02 3.963015601038932800e-02 3.486561402678489685e-02 9.350197389721870422e-03 1.563546992838382721e-02 9.240282699465751648e-03 1.933266781270503998e-02 7.848689705133438110e-02 1.583032123744487762e-02 1.775065436959266663e-02 3.206110373139381409e-02 2.225073799490928650e-02 3.559586033225059509e-02 2.693926356732845306e-02 3.656321763992309570e-02 4.860304668545722961e-02 8.423283696174621582e-02 1.653486303985118866e-02 1.911673694849014282e-02 4.777258634567260742e-02 8.506897836923599243e-02 3.017237223684787750e-02 1.262449007481336594e-02 2.895138412714004517e-02 5.268788710236549377e-02 4.693428426980972290e-02 1.338948588818311691e-02 7.531194016337394714e-03 1.406166143715381622e-02 9.899511933326721191e-02 5.282473564147949219e-02 2.629293501377105713e-02 1.426059938967227936e-02 1.560188923031091690e-02 2.782296855002641678e-03 4.628248512744903564e-02 3.289443254470825195e-02 3.223900496959686279e-02 3.908670693635940552e-02 1.554550882428884506e-02 3.899945318698883057e-02 7.070083636790513992e-03 3.305090591311454773e-02 2.867317060008645058e-03 3.150499239563941956e-02 3.266250342130661011e-02 1.207263325341045856e-03 3.229561075568199158e-02 4.773785825818777084e-03 3.893587738275527954e-02 2.473999559879302979e-02 3.695607930421829224e-02 2.350438944995403290e-02 1.129866694100201130e-03 4.115718975663185120e-02 3.219839185476303101e-02 4.319566860795021057e-02 1.736224512569606304e-03 8.776357397437095642e-03 4.552434664219617844e-03 5.797873600386083126e-04 5.594754591584205627e-03
7.093282043933868408e-02 6.180156394839286804e-02 1.795294880867004395e-02 1.769890263676643372e-02 2.070079743862152100e-02 4.395515024662017822e-01 1.230113878846168518e-01 2.090666629374027252e-02 2.119568176567554474e-02 2.117798849940299988e-02 7.882180623710155487e-03 4.537664353847503662e-02 2.195287682116031647e-02 1.104218070395290852e-03 4.462335491552948952e-04 1.370954606682062149e-02 2.761670760810375214e-02 7.114063948392868042e-02 2.087027393281459808e-02 9.707099758088588715e-03 1.915898360311985016e-02 2.397741004824638367e-02 3.714518249034881592e-02 1.018642820417881012e-02 6.024208269082009792e-04 2.681500650942325592e-02 2.652691490948200226e-02 1.721096411347389221e-02 3.105800226330757141e-02 2.406193688511848450e-02 4.481172934174537659e-02 1.461825147271156311e-02 1.574561698362231255e-03 3.710208227857947350e-03 3.776784613728523254e-02 9.876959957182407379e-03 1.455263700336217880e-02 3.558634966611862183e-02 2.052812278270721436e-02 3.872391209006309509e-02 3.325119614601135254e-02 2.114065177738666534e-02 2.884357795119285583e-02 3.431210527196526527e-03 6.767978891730308533e-03 4.334549233317375183e-02 4.463489726185798645e-02 2.229146473109722137e-02 4.762475192546844482e-02 3.732911869883537292e-02 1.390868797898292542e-02 6.724377162754535675e-03 1.509625092148780823e-02 1.893712021410465240e-02 3.297465154901146889e-03 5.810168106108903885e-03 2.750436030328273773e-02 6.170681491494178772e-02 3.566506505012512207e-02 3.407198563218116760e-02 1.566126756370067596e-02 9.083425626158714294e-03 2.259000949561595917e-02 1.165925338864326477e-02 3.455805033445358276e-02 2.654481679201126099e-02 3.926046937704086304e-02 4.152174666523933411e-02 2.275379188358783722e-02 2.421990269795060158e-03 3.047918714582920074e-02 1.258722692728042603e-02 3.163072839379310608e-02 4.185002669692039490e-02 1.103216595947742462e-02 1.020377408713102341e-02 3.294295398518443108e-03 2.591690979897975922e-02 1.584528759121894836e-02 4.093229025602340698e-02 2.970951981842517853e-02 1.976779103279113770e-02 2.564917691051959991e-02 1.086069084703922272e-02 1.251251250505447388e-02 2.525762096047401428e-02 1.909399032592773438e-02 7.268281280994415283e-02 2.694436721503734589e-02 2.432588860392570496e-02 4.633481055498123169e-02 4.589851945638656616e-02 4.508580639958381653e-02 2.943868935108184814e-02 2.272630855441093445e-02 1.201967243105173111e-02 1.470344234257936478e-02 2.419620379805564880e-02 6.188141647726297379e-03 2.219256758689880371e-02 2.286856435239315033e-02 3.159437701106071472e-02 4.536492004990577698e-02 2.420857921242713928e-02 1.663103885948657990e-02 9.729104116559028625e-03 4.138631001114845276e-02 3.568477928638458252e-02 1.879971101880073547e-02 3.925517667084932327e-03 1.015223748981952667e-02 7.035072892904281616e-03 3.190242126584053040e-02 3.709539026021957397e-02 2.127712219953536987e-02 1.381498109549283981e-02
4.633177816867828369e-02 1.280437111854553223e-01 1.170643698424100876e-02 1.810853183269500732e-02 7.029085885733366013e-03 1.230113878846168518e-01 4.609706401824951172e-01 2.710269950330257416e-02 4.554799199104309082e-02 1.831573247909545898e-02 1.224515028297901154e-02 3.782811015844345093e-02 7.506127655506134033e-02 3.038230119273066521e-03 6.127611268311738968e-03 2.281608991324901581e-03 2.954839915037155151e-02 3.300837241113185883e-03 2.731929160654544830e-02 2.957308478653430939e-02 3.639191389083862305e-02 4.532259702682495117e-02 1.128283422440290451e-02 3.345776721835136414e-02 4.248985275626182556e-02 4.121520742774009705e-02 3.599951788783073425e-02 1.287249848246574402e-02 2.854485064744949341e-02 2.524306252598762512e-02 1.367012783885002136e-02 4.004138708114624023e-02 6.680524908006191254e-03 5.612517998088151217e-05 3.479173639789223671e-03 1.830939762294292450e-02 2.181807532906532288e-02 2.024602703750133514e-02 2.909276634454727173e-02 1.751442812383174896e-02 3.284908458590507507e-02 1.743957400321960449e-02 1.969797350466251373e-02 4.536267835646867752e-03 1.280904375016689301e-02 3.246705455239862204e-04 5.633334442973136902e-02 1.530441343784332275e-01 3.291444852948188782e-02 3.289105743169784546e-02 6.872882694005966187e-02 5.356624722480773926e-02 4.718820750713348389e-02 1.179662067443132401e-02 2.571442164480686188e-02 9.107468649744987488e-03 1.421716297045350075e-03 2.812132611870765686e-02 1.297725364565849304e-02 2.516222931444644928e-02 2.521321736276149750e-02 3.088988922536373138e-02 4.320402070879936218e-02 5.079007148742675781e-02 2.213819388998672366e-04 2.845757082104682922e-02 4.584424570202827454e-02 3.784811124205589294e-02 1.573758944869041443e-02 8.022614754736423492e-03 3.148308023810386658e-03 2.301937900483608246e-03 1.216489262878894806e-02 1.986420713365077972e-02 5.156754329800605774e-02 2.559981681406497955e-02 4.484367370605468750e-02 2.926438115537166595e-02 3.422464476898312569e-03 2.099578996421769261e-04 2.960537374019622803e-02 9.933553636074066162e-03 3.730567544698715210e-02 9.614054113626480103e-03 3.724562749266624451e-02 3.864921629428863525e-02 4.247054085135459900e-02 4.991992376744747162e-03 2.149863541126251221e-02 3.432254865765571594e-02 7.037966977804899216e-03 3.269780427217483521e-02 1.915815100073814392e-02 3.306080028414726257e-02 4.321190062910318375e-03 1.548667810857295990e-02 4.792873188853263855e-02 3.044730611145496368e-02 3.384055569767951965e-02 1.446427218616008759e-02 3.203426674008369446e-02 2.722471021115779877e-02 2.778617432340979576e-03 8.271928876638412476e-03 1.522895321249961853e-02 3.664711490273475647e-02 4.278283938765525818e-02 4.665896296501159668e-02 3.023759089410305023e-02 2.178733237087726593e-02 6.608554394915699959e-04 1.950494945049285889e-02 1.976177329197525978e-03 2.952346019446849823e-02 1.939874887466430664e-02 1.647604815661907196e-02
1.639907131902873516e-03 3.886309638619422913e-02 1.556500643491744995e-01 8.702041581273078918e-03 3.546683490276336670e-02 2.090666629374027252e-02 2.710269950330257416e-02 4.611391127109527588e-01 4.330201074481010437e-02 1.482465770095586777e-02 2.171377465128898621e-02 1.217097509652376175e-02 2.316405437886714935e-02 2.442535571753978729e-02 6.141679361462593079e-02 1.744635403156280518e-02 4.393016919493675232e-03 1.595559902489185333e-02 3.338156268000602722e-02 1.381437410600483418e-03 3.548487648367881775e-02 5.160570517182350159e-02 4.136523604393005371e-02 1.369181089103221893e-02 4.215418547391891479e-02 2.646983973681926727e-02 2.162731625139713287e-02 1.914689666591584682e-03 1.619829982519149780e-02 3.394691646099090576e-02 2.399693988263607025e-02 2.432426996529102325e-02 4.692745953798294067e-02 3.094881772994995117e-02 2.191524952650070190e-03 2.483130432665348053e-02 4.827794060111045837e-02 3.020151890814304352e-02 1.942630484700202942e-02 2.707450836896896362e-02 1.159027218818664551e-02 4.629967734217643738e-02 8.062110841274261475e-02 2.412066794931888580e-02 2.317515388131141663e-02 1.567943766713142395e-02 2.237118966877460480e-02 4.722343012690544128e-02 4.703487083315849304e-02 1.836122386157512665e-02 1.617649756371974945e-02 3.535801172256469727e-02 1.448545791208744049e-02 1.197579689323902130e-02 4.648887366056442261e-02 1.929435692727565765e-02 2.921242080628871918e-02 2.453810162842273712e-02 5.418218672275543213e-03 2.077377401292324066e-02 1.707363687455654144e-02 3.962343558669090271e-03 7.468789350241422653e-03 9.151049889624118805e-03 4.209784045815467834e-02 2.326499484479427338e-02 1.038859691470861435e-02 3.495405241847038269e-02 3.760016337037086487e-02 3.570922836661338806e-02 4.206061363220214844e-02 3.551180288195610046e-02 1.330876839347183704e-03 3.952539339661598206e-02 3.074905090034008026e-02 4.045183584094047546e-02 3.911409061402082443e-03 3.156546875834465027e-02 3.845098987221717834e-02 2.497522160410881042e-02 1.430865675210952759e-01 1.092116087675094604e-01 3.818737715482711792e-02 1.366976369172334671e-02 2.551674097776412964e-02 2.108618244528770447e-02 4.291794449090957642e-02 4.915194213390350342e-02 4.001534543931484222e-03 4.690245259553194046e-03 3.501469269394874573e-02 6.143569946289062500e-03 3.780058398842811584e-02 2.569512650370597839e-02 1.491524558514356613e-02 8.385131135582923889e-03 3.756738826632499695e-02 1.472884416580200195e-02 3.121392428874969482e-02 4.395653307437896729e-02 2.808191440999507904e-02 7.131918333470821381e-03 5.025127157568931580e-02 1.009556092321872711e-02 5.187067389488220215e-02 1.661399751901626587e-02 2.471346594393253326e-02 2.189625054597854614e-02 1.723371632397174835e-02 2.194273844361305237e-02 1.664474839344620705e-03 4.707429930567741394e-02 6.923765689134597778e-02 3.849874064326286316e-02 2.967510186135768890e-02 1.905033015646040440e-03
3.180067241191864014e-02 2.462602220475673676e-02 2.283062785863876343e-02 4.602830391377210617e-03 2.384215034544467926e-02 2.119568176567554474e-02 4.554799199104309082e-02 4.330201074481010437e-02 4.774351716041564941e-01 5.169318243861198425e-02 1.982799265533685684e-03 5.522793903946876526e-02 4.607132822275161743e-02 5.430244654417037964e-02 3.855028748512268066e-02 1.395817287266254425e-02 1.826957613229751587e-02 8.354745805263519287e-02 2.199850045144557953e-02 2.101616933941841125e-02 1.386387459933757782e-02 2.042745985090732574e-02 6.566705554723739624e-02 4.080684483051300049e-02 3.864293918013572693e-02 1.185895060189068317e-03 5.276481434702873230e-02 2.688024006783962250e-02 4.802909493446350098e-02 4.609176889061927795e-02 3.932539746165275574e-02 5.421984195709228516e-02 1.135110482573509216e-02 9.490325115621089935e-03 8.824624121189117432e-03 4.273338988423347473e-02 2.089556679129600525e-02 1.648791693150997162e-02 1.988854631781578064e-02 1.628608256578445435e-02 1.767555624246597290e-02 3.501412644982337952e-02 2.431344427168369293e-02 3.584193810820579529e-02 2.086304361000657082e-03 4.998691380023956299e-02 3.699365071952342987e-03 1.821673242375254631e-03 1.208764221519231796e-02 4.614538047462701797e-03 4.117421060800552368e-02 3.331688418984413147e-02 9.080022573471069336e-04 1.491376850754022598e-02 6.798498332500457764e-02 6.212965585291385651e-03 3.580327704548835754e-02 5.000554025173187256e-02 5.508756265044212341e-02 1.911207451485097408e-03 6.885999441146850586e-02 1.572171458974480629e-03 8.119248086586594582e-04 1.330140512436628342e-02 1.113769132643938065e-02 2.499637380242347717e-02 1.783467596396803856e-03 1.935774111188948154e-03 9.612847864627838135e-02 4.262575879693031311e-03 1.120763178914785385e-02 1.885297335684299469e-02 2.702973037958145142e-02 1.569011993706226349e-02 2.766503952443599701e-02 1.486571226269006729e-02 1.323129981756210327e-01 1.539694517850875854e-02 8.903446607291698456e-03 3.079270757734775543e-02 1.925893826410174370e-03 6.903249304741621017e-03 9.838877618312835693e-02 4.503677785396575928e-02 6.351872580125927925e-04 2.417389117181301117e-02 4.673828184604644775e-02 1.116353273391723633e-02 9.506849944591522217e-02 1.952392235398292542e-02 7.737214677035808563e-03 4.384060949087142944e-02 2.986175939440727234e-03 3.514697402715682983e-02 1.413482800126075745e-02 3.714496642351150513e-02 2.747762389481067657e-02 4.718591272830963135e-02 4.117015376687049866e-02 5.813300237059593201e-02 4.416865855455398560e-02 2.295647375285625458e-02 3.233372047543525696e-02 4.673753399401903152e-03 2.149495296180248260e-02 1.318754162639379501e-03 3.458994999527931213e-02 6.179030984640121460e-03 2.345112711191177368e-02 4.145980253815650940e-02 3.374627232551574707e-02 2.525724470615386963e-02 8.102259598672389984e-03 9.113013744354248047e-03 1.398494467139244080e-02 3.688626224175095558e-03
3.053225576877593994e-02 2.034894935786724091e-02 1.091577950865030289e-02 8.175264112651348114e-03 6.669900566339492798e-02 2.117798849940299988e-02 1.831573247909545898e-02 1.482465770095586777e-02 5.169318243861198425e-02 4.820737540721893311e-01 1.861226046457886696e-03 1.720646582543849945e-02 2.145726419985294342e-02 9.496525675058364868e-02 1.629792153835296631e-02 7.472674362361431122e-03 5.290121957659721375e-02 1.700659655034542084e-02 1.662559062242507935e-01 4.433862492442131042e-02 2.926136553287506104e-02 3.158987686038017273e-02 5.282264947891235352e-02 6.154698878526687622e-02 3.569640219211578369e-02 5.972949322313070297e-03 3.673582151532173157e-02 6.472604721784591675e-02 2.566967904567718506e-02 4.003224894404411316e-02 1.959881372749805450e-02 4.747134074568748474e-02 3.887200355529785156e-02 1.056496519595384598e-02 4.953144863247871399e-02 3.457059152424335480e-03 2.188837528228759766e-02 2.724188193678855896e-02 7.700421701883897185e-05 2.876290492713451385e-02 3.962994366884231567e-02 3.575074300169944763e-02 1.998085901141166687e-02 2.176384441554546356e-02 3.641718626022338867e-02 3.946099430322647095e-02 1.670010201632976532e-02 4.160640016198158264e-02 1.771350391209125519e-02 6.827165186405181885e-02 4.997492581605911255e-02 1.233956590294837952e-02 2.959338761866092682e-02 3.298778086900711060e-02 5.441686883568763733e-02 1.192822605371475220e-01 2.298696897923946381e-02 4.486167058348655701e-02 1.088972110301256180e-02 4.608659073710441589e-03 5.338484793901443481e-02 1.770267076790332794e-02 4.502990469336509705e-02 3.830501437187194824e-02 3.584380820393562317e-02 4.277864471077919006e-02 4.959794878959655762e-02 3.797381371259689331e-02 1.136838644742965698e-02 1.223452971316874027e-03 1.029319502413272858e-02 2.628421783447265625e-02 3.276299918070435524e-03 1.336607057601213455e-02 2.818530425429344177e-02 2.024930901825428009e-02 1.301749143749475479e-02 1.270718425512313843e-01 7.127878814935684204e-02 1.150459498167037964e-01 1.555508188903331757e-02 1.906067947857081890e-03 6.181675568222999573e-02 1.086253225803375244e-01 3.334547579288482666e-02 2.860027365386486053e-02 1.255213632248342037e-03 2.058643102645874023e-02 3.969736769795417786e-02 1.749283373355865479e-01 5.114841461181640625e-02 3.690928593277931213e-02 4.469280689954757690e-02 3.158689662814140320e-02 2.094760350883007050e-02 4.636296257376670837e-02 4.678865894675254822e-02 4.886880517005920410e-02 2.577519603073596954e-02 4.421140253543853760e-02 4.709947854280471802e-02 4.979659244418144226e-02 3.669159859418869019e-02 4.536682367324829102e-02 4.407186433672904968e-02 3.709904849529266357e-02 2.247637510299682617e-02 2.156833373010158539e-02 2.190221846103668213e-02 2.559737302362918854e-03 6.155640352517366409e-03 2.580602653324604034e-02 2.209503017365932465e-02 4.645922780036926270e-02 2.063020132482051849e-02 2.185875084251165390e-03
1.010153740644454956e-01 5.017552152276039124e-02 1.314471755176782608e-02 2.656534686684608459e-02 2.607916109263896942e-02 7.882180623710155487e-03 1.224515028297901154e-02 2.171377465128898621e-02 1.982799265533685684e-03 1.861226046457886696e-03 4.807127118110656738e-01 3.661889210343360901e-02 1.037569791078567505e-01 2.397001488134264946e-03 2.195864450186491013e-03 4.073493555188179016e-02 4.597779735922813416e-02 1.074321940541267395e-02 3.469374775886535645e-02 1.755980961024761200e-02 1.444391161203384399e-02 2.500015124678611755e-02 1.544096227735280991e-02 1.807449199259281158e-02 2.935357391834259033e-02 4.696229845285415649e-02 2.378867007791996002e-03 5.136931315064430237e-02 6.455440819263458252e-02 1.366495992988348007e-02 5.506498273462057114e-03 9.879308054223656654e-04 1.719012670218944550e-02 6.157431751489639282e-03 2.286155708134174347e-02 5.747209303081035614e-03 3.228927403688430786e-02 2.055599354207515717e-02 3.271107375621795654e-02 2.893176861107349396e-02 4.773447662591934204e-02 4.340912401676177979e-02 1.466654241085052490e-02 2.119204215705394745e-02 4.209688678383827209e-02 3.795755328610539436e-03 8.252868801355361938e-02 5.662593990564346313e-02 2.397761866450309753e-02 2.133163437247276306e-02 3.229656815528869629e-02 2.218032814562320709e-02 2.029612660408020020e-02 4.421124234795570374e-02 4.571440443396568298e-02 1.736794225871562958e-02 1.597139611840248108e-02 9.780156426131725311e-03 2.610969170928001404e-02 3.017079830169677734e-02 6.824195384979248047e-03 1.885404065251350403e-02 4.404316842555999756e-02 1.214477326720952988e-02 1.004023179411888123e-01 5.338245630264282227e-02 1.305393525399267673e-03 2.275338210165500641e-02 3.320354968309402466e-02 4.222486913204193115e-02 2.851813100278377533e-02 7.342108525335788727e-03 4.701979830861091614e-02 3.395280241966247559e-02 7.965270197018980980e-04 3.088685683906078339e-02 3.285524249076843262e-02 1.494813989847898483e-02 2.875064313411712646e-02 2.372194267809391022e-02 2.085072919726371765e-02 5.830414127558469772e-03 2.014618925750255585e-02 2.581832744181156158e-02 1.458316016942262650e-02 1.343529578298330307e-02 4.444540664553642273e-02 2.011411450803279877e-02 1.323312707245349884e-02 4.921467229723930359e-02 4.096293076872825623e-02 5.763921514153480530e-02 2.613474801182746887e-02 4.284050315618515015e-03 3.251745924353599548e-02 2.105849981307983398e-02 1.622657437110319734e-04 2.573309652507305145e-02 3.937709331512451172e-02 2.947025932371616364e-03 1.093924138695001602e-02 2.829880220815539360e-03 5.224510654807090759e-02 3.853639960289001465e-02 2.805872820317745209e-02 1.992655452340841293e-03 3.226710855960845947e-02 2.629546448588371277e-02 1.215832540765404701e-03 3.753461688756942749e-02 4.178246110677719116e-02 6.502827629446983337e-03 4.211779311299324036e-02 3.620054945349693298e-02 3.659671172499656677e-02 2.623403677716851234e-03
4.224971681833267212e-02 2.048257365822792053e-02 2.769722230732440948e-02 4.071026667952537537e-02 3.657964989542961121e-02 4.537664353847503662e-02 3.782811015844345093e-02 1.217097509652376175e-02 5.522793903946876526e-02 1.720646582543849945e-02 3.661889210343360901e-02 4.841581881046295166e-01 4.312412440776824951e-02 1.471401453018188477e-01 4.969493485987186432e-03 1.533365715295076370e-02 1.766880787909030914e-02 3.955740109086036682e-02 2.119412831962108612e-02 2.815236151218414307e-02 3.175733610987663269e-02 3.387387609109282494e-03 9.676617383956909180e-02 7.186349481344223022e-02 1.202970463782548904e-02 3.568998072296380997e-03 2.426831237971782684e-02 1.373583376407623291e-01 1.716663874685764313e-02 1.105116605758666992e-01 1.395586039870977402e-02 1.771845109760761261e-02 5.042637512087821960e-02 5.473371595144271851e-02 7.885674946010112762e-03 4.856259375810623169e-02 3.701178357005119324e-02 6.525504402816295624e-03 4.569614306092262268e-02 3.137337416410446167e-02 3.465404734015464783e-02 1.273086573928594589e-02 3.096824511885643005e-02 3.776339814066886902e-02 5.310460925102233887e-02 3.095865016803145409e-03 1.584766083396971226e-03 5.627719685435295105e-02 1.365797687321901321e-02 1.515886280685663223e-02 1.853597536683082581e-02 4.570844024419784546e-02 5.151787400245666504e-02 3.873062878847122192e-02 5.913546774536371231e-03 3.583967313170433044e-02 3.344798227772116661e-03 6.778159178793430328e-03 5.356872919946908951e-03 9.527187794446945190e-03 1.929502468556165695e-03 7.560167461633682251e-03 3.804766759276390076e-02 2.932100556790828705e-02 5.349297448992729187e-02 1.977223157882690430e-02 2.406070195138454437e-02 3.579224646091461182e-02 1.259023696184158325e-02 2.487723901867866516e-02 1.467254199087619781e-02 5.474014673382043839e-03 5.716884136199951172e-02 4.742280393838882446e-02 1.605654880404472351e-02 2.611979097127914429e-02 2.498066425323486328e-02 6.053275987505912781e-02 7.854671217501163483e-03 8.233976550400257111e-03 2.396711520850658417e-02 2.595807984471321106e-02 1.929516531527042389e-02 1.072498783469200134e-02 5.966733396053314209e-02 2.962496690452098846e-02 2.410780079662799835e-02 4.439256340265274048e-02 1.160356327891349792e-01 6.777296215295791626e-02 4.602199792861938477e-02 4.113197326660156250e-02 2.727060811594128609e-03 2.678289450705051422e-02 2.623670734465122223e-04 1.219405326992273331e-02 4.840270429849624634e-02 8.669596165418624878e-03 6.336105614900588989e-02 2.239823155105113983e-02 5.002427380532026291e-03 1.738853566348552704e-02 9.227836504578590393e-03 4.522012174129486084e-02 2.873663045465946198e-02 1.712994463741779327e-02 7.390037644654512405e-03 5.822673439979553223e-02 1.062639802694320679e-02 3.744071349501609802e-02 7.836212404072284698e-03 3.551413491368293762e-02 1.385770458728075027e-02 4.886535182595252991e-02 3.872240707278251648e-02 2.878214977681636810e-02
6.534199416637420654e-02 1.247770637273788452e-01 5.340679083019495010e-03 2.912607043981552124e-02 2.622231468558311462e-02 2.195287682116031647e-02 7.506127655506134033e-02 2.316405437886714935e-02 4.607132822275161743e-02 2.145726419985294342e-02 1.037569791078567505e-01 4.312412440776824951e-02 4.873713850975036621e-01 3.272434324026107788e-02 3.629648927017115057e-05 3.584389016032218933e-02 3.071935474872589111e-02 4.734989628195762634e-02 4.330131225287914276e-03 2.408956922590732574e-02 3.210192918777465820e-02 3.859531367197632790e-03 1.071285083889961243e-02 1.487786602228879929e-02 6.625557318329811096e-03 1.958367601037025452e-02 2.333418466150760651e-02 2.592429891228675842e-02 1.214236579835414886e-02 3.657762194052338600e-03 3.739460930228233337e-02 3.227854846045374870e-03 4.357279464602470398e-02 1.444513909518718719e-02 2.984143327921628952e-03 4.084873199462890625e-02 5.381200835108757019e-02 6.381813902407884598e-03 4.414677992463111877e-02 3.581378981471061707e-02 6.868435069918632507e-03 3.533790260553359985e-02 4.375566914677619934e-02 1.390102505683898926e-02 3.741575405001640320e-02 8.411035872995853424e-03 8.965177088975906372e-02 7.694082707166671753e-02 7.492836099117994308e-03 4.071728512644767761e-02 1.387512125074863434e-02 1.386591978371143341e-02 1.492691505700349808e-02 2.901265397667884827e-02 1.856295578181743622e-02 2.207520417869091034e-02 1.967691350728273392e-03 2.677645161747932434e-02 6.776707712560892105e-03 1.030174549669027328e-02 3.659795597195625305e-02 2.007052302360534668e-02 4.140830412507057190e-02 1.783473230898380280e-02 5.469544231891632080e-02 8.776537328958511353e-02 2.801292203366756439e-02 3.118096105754375458e-02 3.374898433685302734e-02 3.963438794016838074e-02 8.014657068997621536e-04 1.797870174050331116e-02 3.986042737960815430e-02 1.764333248138427734e-02 3.000307478941977024e-04 3.628765419125556946e-02 4.777860641479492188e-02 1.105180010199546814e-02 1.761821098625659943e-02 4.172590002417564392e-02 1.983848959207534790e-02 1.108859851956367493e-02 3.916632756590843201e-02 2.613688819110393524e-02 1.569231413304805756e-02 8.122806437313556671e-03 2.652557566761970520e-02 7.612308859825134277e-02 4.573902487754821777e-02 2.221741899847984314e-02 6.209472194314002991e-03 2.616836316883563995e-02 1.583279855549335480e-02 5.297023057937622070e-02 3.079798072576522827e-02 5.235574394464492798e-02 5.377548933029174805e-02 2.222344838082790375e-02 5.209499970078468323e-02 4.071082919836044312e-02 1.902586594223976135e-02 6.341838743537664413e-03 4.008617717772722244e-03 3.321212157607078552e-02 1.671951822936534882e-02 1.198802329599857330e-02 5.375124514102935791e-02 3.919373452663421631e-02 5.278538912534713745e-02 1.957814022898674011e-02 5.730159580707550049e-02 3.594762459397315979e-02 3.368562832474708557e-02 2.347512915730476379e-02 4.208074510097503662e-02 1.692334562540054321e-02
