4.648127555847167969e-01 1.367361098527908325e-01 3.653034940361976624e-02 8.538096211850643158e-03 3.843436762690544128e-02 1.124722212553024292e-01 5.369776487350463867e-02 4.075059667229652405e-02 2.995830960571765900e-02 1.536849420517683029e-02 8.468288183212280273e-02 2.167343720793724060e-02 4.291196912527084351e-02 3.304879367351531982e-02 1.583168469369411469e-02 2.628876641392707825e-02 7.144996896386146545e-03 1.096082478761672974e-02 2.180634252727031708e-02 3.066050447523593903e-02 2.559087984263896942e-02 1.379380002617835999e-02 3.647486865520477295e-02 8.019704371690750122e-03 3.454382065683603287e-03 2.003607898950576782e-02 3.476148098707199097e-02 8.696269243955612183e-03 6.929790973663330078e-02 3.180449828505516052e-02 2.737623406574130058e-03 8.905419148504734039e-03 2.063760720193386078e-02 2.277526259422302246e-02 3.048167005181312561e-02 1.795721985399723053e-02 1.156899333000183105e-02 2.480594441294670105e-02 2.505445480346679688e-02 2.110048756003379822e-02 2.373345009982585907e-02 4.232914373278617859e-02 1.972500421106815338e-02 2.759155444800853729e-02 1.714263670146465302e-02 2.216432616114616394e-02 7.897102832794189453e-02 4.928063228726387024e-02 1.293373387306928635e-02 1.107070874422788620e-02 3.729485720396041870e-02 1.296616997569799423e-02 6.577531248331069946e-02 3.785433620214462280e-02 4.573969915509223938e-02 3.756881132721900940e-02 4.805511608719825745e-02 2.411285787820816040e-02 3.694230318069458008e-02 2.301200665533542633e-02 4.138774797320365906e-02 4.812429472804069519e-02 1.700071617960929871e-02 2.858563326299190521e-02 2.416793815791606903e-02 2.728818170726299286e-02 5.157793406397104263e-03 3.479507192969322205e-02 3.542640060186386108e-02 2.973175421357154846e-02 4.384076595306396484e-02 7.317059207707643509e-03 1.270278822630643845e-02 2.100506238639354706e-02 1.711028255522251129e-02 2.329789567738771439e-03 2.039001695811748505e-02 2.806809172034263611e-02 2.657072618603706360e-02 3.122637234628200531e-02 2.323813969269394875e-03 3.038239106535911560e-02 3.851671470329165459e-03 1.326046697795391083e-02 6.775442510843276978e-03 3.937649354338645935e-02 4.100687801837921143e-02 1.399826491251587868e-03 5.991259589791297913e-02 2.872641757130622864e-02 6.484220176935195923e-02 1.233362779021263123e-02 3.609488531947135925e-02 3.620246425271034241e-02 4.849154036492109299e-03 8.988169021904468536e-03 3.033898398280143738e-02 4.733392596244812012e-02 4.652984067797660828e-02 5.133557319641113281e-02 9.148549288511276245e-03 3.993593156337738037e-02 1.592119783163070679e-02 2.943589352071285248e-02 4.731556773185729980e-02 4.698970541357994080e-02 5.204603075981140137e-02 2.404551208019256592e-02 1.915396936237812042e-02 2.657804451882839203e-02 1.052778959274291992e-02 2.303528040647506714e-02 4.867515061050653458e-03 3.729007765650749207e-02 2.777679637074470520e-02 3.293386846780776978e-02
1.367361098527908325e-01 4.682500064373016357e-01 2.677682042121887207e-02 3.329795971512794495e-02 2.161493338644504547e-02 1.187243014574050903e-01 9.660322964191436768e-02 9.359708987176418304e-03 6.772728636860847473e-03 7.920022122561931610e-03 8.998505026102066040e-02 3.212468326091766357e-02 9.188646823167800903e-02 4.526921734213829041e-02 1.905214227735996246e-02 3.745474852621555328e-03 2.844874747097492218e-03 9.038292802870273590e-03 1.003498118370771408e-02 2.106325887143611908e-02 2.470614016056060791e-02 6.946875713765621185e-03 4.671001806855201721e-02 7.662432268261909485e-03 7.335624191910028458e-03 4.089114069938659668e-02 2.760006114840507507e-02 4.086011648178100586e-02 2.883304283022880554e-02 9.069932624697685242e-03 2.240152843296527863e-02 4.995548631995916367e-03 2.681829221546649933e-02 2.013743110001087189e-02 4.529601335525512695e-02 1.198509708046913147e-02 4.119699448347091675e-02 3.517559263855218887e-03 4.250375553965568542e-02 3.606273559853434563e-03 1.921372720971703529e-03 2.927569439634680748e-03 9.783790446817874908e-03 3.906368277966976166e-03 5.933704786002635956e-03 2.586876414716243744e-02 9.344221651554107666e-02 7.969382405281066895e-02 1.034776680171489716e-02 2.150621963664889336e-03 3.468279913067817688e-02 2.240111865103244781e-02 3.207368135917931795e-04 2.030766382813453674e-02 4.961334541440010071e-02 5.434220284223556519e-02 1.076539792120456696e-02 2.789553999900817871e-02 2.704251930117607117e-02 1.161157051683403552e-04 4.408961534500122070e-02 4.663706943392753601e-02 2.037197351455688477e-02 4.138259962201118469e-02 1.029198430478572845e-02 3.935213387012481689e-02 6.664701737463474274e-03 3.203712403774261475e-02 6.727003492414951324e-03 3.133654594421386719e-02 8.630132302641868591e-03 1.399237196892499924e-02 4.849865660071372986e-02 2.915196493268013000e-02 1.850964315235614777e-02 3.034734539687633514e-02 8.237292990088462830e-03 1.128053641878068447e-03 1.955240592360496521e-02 3.417972475290298462e-02 1.160775776952505112e-02 3.077418357133865356e-02 1.222043647430837154e-03 9.539186954498291016e-03 2.464983612298965454e-02 3.585565462708473206e-02 7.103286217898130417e-03 1.582014001905918121e-02 2.296402677893638611e-02 1.454243250191211700e-02 7.077684253454208374e-02 1.557124219834804535e-02 4.775263741612434387e-02 2.562118321657180786e-02 3.982325084507465363e-03 2.501999773085117340e-02 3.433971852064132690e-02 1.582929119467735291e-02 3.776181116700172424e-02 3.827970102429389954e-02 4.579758644104003906e-02 4.900674521923065186e-02 2.459486387670040131e-02 1.379575580358505249e-02 5.068909376859664917e-02 1.003233622759580612e-02 1.537374872714281082e-02 4.874187707901000977e-02 1.242484897375106812e-02 3.890789300203323364e-02 2.179067023098468781e-02 1.801544055342674255e-02 1.036617625504732132e-02 1.597976870834827423e-02 2.500163763761520386e-02 3.847393766045570374e-02
3.653034940361976624e-02 2.677682042121887207e-02 4.303364753723144531e-01 9.990313090384006500e-03 1.009490936994552612e-01 1.051611732691526413e-02 4.220043495297431946e-02 1.065790355205535889e-01 4.198620468378067017e-02 2.615178190171718597e-02 3.835299983620643616e-02 1.726081408560276031e-02 3.448985889554023743e-02 2.015548944473266602e-02 9.433425031602382660e-03 4.412752017378807068e-02 3.589614480733871460e-02 2.123234048485755920e-02 8.047181181609630585e-03 5.168757215142250061e-02 1.211973559111356735e-02 4.333877004683017731e-03 2.658367156982421875e-02 3.922966495156288147e-02 3.451687842607498169e-02 1.837984099984169006e-02 2.455273270606994629e-02 7.255705073475837708e-03 9.358985349535942078e-03 2.666904218494892120e-02 4.061565175652503967e-02 7.344157434999942780e-03 2.483642427250742912e-03 1.712988130748271942e-02 1.351545378565788269e-02 4.609694704413414001e-02 3.373840451240539551e-02 3.278778120875358582e-02 1.439026743173599243e-02 1.010334957391023636e-02 1.007339451462030411e-02 5.685563012957572937e-02 1.388768665492534637e-02 1.171900657936930656e-03 4.120531678199768066e-02 1.924016885459423065e-02 1.362373027950525284e-02 4.201182723045349121e-02 1.719192788004875183e-02 3.620000183582305908e-02 4.363304376602172852e-02 4.002266749739646912e-02 4.672637581825256348e-02 2.024171315133571625e-02 2.024781703948974609e-02 1.313436590135097504e-02 2.667863480746746063e-02 1.436874270439147949e-02 2.168784849345684052e-02 3.554297983646392822e-02 4.526851326227188110e-02 1.536434283480048180e-03 3.716630116105079651e-02 1.487570907920598984e-02 1.920042932033538818e-02 3.602452203631401062e-02 2.088596299290657043e-02 6.300512235611677170e-03 3.379192203283309937e-02 4.428149387240409851e-02 4.243873059749603271e-02 3.380753844976425171e-02 6.955773103982210159e-03 3.450724855065345764e-02 6.363662891089916229e-03 4.480046778917312622e-02 1.612662896513938904e-02 2.188267186284065247e-02 5.200488958507776260e-03 3.200246766209602356e-02 8.236031234264373779e-02 1.674698106944561005e-02 2.620492316782474518e-02 4.534375295042991638e-02 2.611729688942432404e-02 1.094493083655834198e-02 2.155358158051967621e-02 4.455516487360000610e-02 6.030652206391096115e-03 4.337453749030828476e-03 1.618991419672966003e-02 3.081205859780311584e-02 3.399870917201042175e-02 1.704404130578041077e-02 2.676379866898059845e-02 2.492116764187812805e-02 1.032351143658161163e-02 2.485297806560993195e-02 1.963458582758903503e-02 1.774114742875099182e-02 2.526560798287391663e-02 1.604864373803138733e-03 2.648319490253925323e-02 2.750287204980850220e-02 2.904416993260383606e-02 3.270306438207626343e-02 2.034003101289272308e-02 2.752270735800266266e-02 2.373808622360229492e-02 1.623690826818346977e-03 4.733620584011077881e-02 2.006117627024650574e-02 4.469364881515502930e-02 5.532911047339439392e-03 3.824616223573684692e-02 1.174482330679893494e-02
8.538096211850643158e-03 3.329795971512794495e-02 9.990313090384006500e-03 4.490374922752380371e-01 2.019999623298645020e-01 4.650900140404701233e-02 9.849458932876586914e-03 2.830604650080204010e-02 3.233043535146862268e-04 2.980890311300754547e-02 1.129585970193147659e-02 2.068705484271049500e-02 2.709713531658053398e-03 1.397184096276760101e-03 3.034682385623455048e-02 4.654657095670700073e-02 3.902032598853111267e-02 4.889521747827529907e-02 2.719206549227237701e-02 3.630147874355316162e-02 4.712202027440071106e-02 3.128848597407341003e-02 6.126715987920761108e-02 3.519605100154876709e-02 1.602188125252723694e-02 1.420172303915023804e-02 2.475325390696525574e-02 2.169224247336387634e-02 2.551292255520820618e-02 2.903078682720661163e-02 8.446234278380870819e-03 1.559547148644924164e-02 4.042539745569229126e-03 2.282752282917499542e-02 1.786335185170173645e-02 2.107697166502475739e-02 8.306506788358092308e-04 3.154785186052322388e-02 1.372990477830171585e-02 9.546857327222824097e-03 2.990057319402694702e-02 2.476575085893273354e-03 1.695756055414676666e-02 3.842011094093322754e-02 4.075815528631210327e-02 3.701974824070930481e-02 3.798603778705000877e-03 1.457106694579124451e-02 5.885582417249679565e-03 5.784418899565935135e-03 2.281281352043151855e-02 1.924978755414485931e-02 3.404191881418228149e-02 1.147291902452707291e-02 2.574914693832397461e-02 1.616634242236614227e-02 1.485084090381860733e-02 3.975540027022361755e-02 3.522450849413871765e-02 5.056907609105110168e-02 3.272622823715209961e-02 3.365517780184745789e-02 4.098857566714286804e-02 4.543061554431915283e-02 4.287165030837059021e-02 1.274929009377956390e-02 4.066906869411468506e-02 2.595561556518077850e-02 2.048839628696441650e-02 4.822806455194950104e-03 2.205776982009410858e-02 9.108355734497308731e-04 1.418944895267486572e-01 3.198553621768951416e-02 1.104189604520797729e-01 3.459350019693374634e-02 4.494190216064453125e-02 4.729139804840087891e-02 3.655973076820373535e-02 3.532539308071136475e-02 4.975278303027153015e-02 1.756173931062221527e-02 1.192913111299276352e-02 7.638049125671386719e-02 4.660212621092796326e-02 3.975597023963928223e-02 1.937935501337051392e-02 3.430133312940597534e-02 2.052181586623191833e-02 1.759517751634120941e-02 3.603315912187099457e-03 2.919230051338672638e-02 1.517581939697265625e-02 4.694316536188125610e-02 9.479287109570577741e-05 1.407300122082233429e-02 2.990214154124259949e-02 2.791032381355762482e-02 4.375478997826576233e-02 4.690077900886535645e-02 2.611595205962657928e-02 4.015055671334266663e-02 6.631613522768020630e-02 1.222904771566390991e-02 1.846540952101349831e-03 9.669221006333827972e-03 1.309681590646505356e-02 1.694159582257270813e-03 6.670027226209640503e-02 1.366637740284204483e-02 3.357502818107604980e-02 1.798869669437408447e-02 4.121142998337745667e-02 5.016754847019910812e-03 8.531231433153152466e-03 9.868334745988249779e-04
3.843436762690544128e-02 2.161493338644504547e-02 1.009490936994552612e-01 2.019999623298645020e-01 4.513957202434539795e-01 3.424981236457824707e-02 2.981032989919185638e-02 4.092278331518173218e-02 4.330374300479888916e-02 3.809916600584983826e-02 7.867942564189434052e-03 3.543361648917198181e-02 9.539086371660232544e-03 9.013826958835124969e-03 1.301898621022701263e-02 4.499733448028564453e-02 2.885296754539012909e-02 4.448444396257400513e-02 1.839674077928066254e-02 5.222014710307121277e-02 3.919527307152748108e-02 4.892210289835929871e-02 2.387206256389617920e-02 3.065809048712253571e-02 3.532490879297256470e-02 3.514568135142326355e-02 5.220232158899307251e-02 1.778465323150157928e-02 1.852355711162090302e-02 2.455350011587142944e-02 2.319083735346794128e-02 4.801773652434349060e-02 3.121653199195861816e-02 4.675373807549476624e-02 2.420037984848022461e-03 2.355888485908508301e-03 1.165974233299493790e-02 1.885938458144664764e-02 6.174068432301282883e-03 3.726096823811531067e-02 3.802563995122909546e-02 8.803140372037887573e-03 1.937711238861083984e-02 1.157881319522857666e-02 3.668757900595664978e-02 3.746556863188743591e-02 2.678799210116267204e-03 5.100368522107601166e-03 3.193768672645092010e-03 6.748935673385858536e-03 1.878555491566658020e-02 4.349331557750701904e-02 5.150685831904411316e-02 6.580964196473360062e-03 4.271341115236282349e-02 4.539784789085388184e-02 3.058739192783832550e-02 5.993627477437257767e-03 3.034402802586555481e-02 2.780730603262782097e-03 3.708969429135322571e-02 2.501502819359302521e-02 5.598809570074081421e-03 2.610724978148937225e-02 2.495273016393184662e-02 2.563074976205825806e-02 4.578097164630889893e-02 3.733622282743453979e-02 5.116767250001430511e-03 3.526634722948074341e-02 2.040786668658256531e-02 4.224592354148626328e-03 1.029132455587387085e-01 4.838713258504867554e-02 1.365291178226470947e-01 4.529451206326484680e-02 1.480142399668693542e-02 1.114773005247116089e-02 2.519049681723117828e-02 3.009196929633617401e-02 1.001736242324113846e-02 6.471467670053243637e-03 3.976478800177574158e-02 9.663180261850357056e-02 2.055154368281364441e-02 3.887769207358360291e-02 6.176684517413377762e-03 2.270883880555629730e-02 3.328964859247207642e-02 2.187089622020721436e-02 4.540048073977231979e-03 4.577194154262542725e-02 2.766540460288524628e-02 1.451833639293909073e-02 2.633795514702796936e-02 3.205756098031997681e-02 5.427043884992599487e-03 5.597991868853569031e-02 3.176274895668029785e-02 4.179291799664497375e-02 1.795855537056922913e-02 2.522558905184268951e-03 3.557156771421432495e-02 9.745235554873943329e-03 6.306580454111099243e-02 2.786852791905403137e-02 1.696512475609779358e-02 3.588643297553062439e-02 6.240345165133476257e-02 8.751806803047657013e-03 3.320112591609358788e-03 1.835047081112861633e-02 1.451389864087104797e-02 4.789825528860092163e-03 4.210266284644603729e-03 8.455460891127586365e-03
1.124722212553024292e-01 1.187243014574050903e-01 1.051611732691526413e-02 4.650900140404701233e-02 3.424981236457824707e-02 4.766539633274078369e-01 1.158575564622879028e-01 2.321976795792579651e-02 2.370546571910381317e-03 2.572692744433879852e-02 8.749027550220489502e-02 4.846904799342155457e-02 8.203931152820587158e-02 4.195626080036163330e-02 1.392799615859985352e-02 1.579217799007892609e-02 9.982404299080371857e-03 7.494873367249965668e-03 3.117783460766077042e-03 5.158646963536739349e-04 2.276076748967170715e-02 1.812662743031978607e-02 4.688029736280441284e-02 1.240268931724131107e-03 1.211232319474220276e-02 1.661846041679382324e-02 2.938381396234035492e-02 3.009171597659587860e-02 7.629951927810907364e-03 1.664767786860466003e-02 2.131568081676959991e-02 1.828381977975368500e-02 5.348556442186236382e-04 3.812803700566291809e-02 3.642126545310020447e-02 2.299245633184909821e-02 2.323827892541885376e-02 5.625192541629076004e-03 3.648347035050392151e-02 1.628346275538206100e-03 2.180611342191696167e-02 1.896134391427040100e-02 1.541500631719827652e-02 3.060563467442989349e-02 3.724938142113387585e-04 2.100782841444015503e-02 1.306993961334228516e-01 1.006743684411048889e-01 3.416323289275169373e-02 1.633593440055847168e-02 1.292171049863100052e-02 3.777593374252319336e-02 4.449060186743736267e-02 3.822503611445426941e-02 1.263787876814603806e-02 1.450551301240921021e-02 1.944854296743869781e-02 2.395903691649436951e-03 6.065861321985721588e-03 1.483509968966245651e-02 2.936808625236153603e-03 1.962446048855781555e-02 4.062275402247905731e-03 2.425137907266616821e-02 3.356413170695304871e-02 6.426998227834701538e-02 6.462288554757833481e-03 2.082517370581626892e-02 8.937367238104343414e-03 4.159782454371452332e-02 2.856709994375705719e-02 4.297212231904268265e-03 4.977679252624511719e-02 3.648545220494270325e-02 4.173852503299713135e-02 6.302221212536096573e-03 1.557138748466968536e-02 5.853285081684589386e-03 1.846375316381454468e-02 3.744333609938621521e-02 7.106048869900405407e-04 1.913005486130714417e-02 1.011271495372056961e-02 4.656869173049926758e-02 1.768721826374530792e-02 2.626858279109001160e-02 1.477113459259271622e-02 1.367835048586130142e-02 2.740099094808101654e-02 4.348757863044738770e-02 8.080269396305084229e-02 1.692045852541923523e-02 5.902705341577529907e-02 3.732284903526306152e-02 2.990143932402133942e-02 3.058373369276523590e-02 2.180613018572330475e-02 4.497330263257026672e-02 4.462489858269691467e-02 1.839169301092624664e-02 3.402475640177726746e-02 2.871416695415973663e-02 3.949038311839103699e-02 1.345527637749910355e-02 3.551834076642990112e-02 4.721051454544067383e-02 2.144808508455753326e-02 5.193565413355827332e-02 1.173178944736719131e-02 1.506720390170812607e-02 3.242795588448643684e-03 3.776019066572189331e-02 7.023142185062170029e-03 2.230241894721984863e-02 4.413921758532524109e-02 3.937849774956703186e-02
5.369776487350463867e-02 9.660322964191436768e-02 4.220043495297431946e-02 9.849458932876586914e-03 2.981032989919185638e-02 1.158575564622879028e-01 4.821218848228454590e-01 1.132213883101940155e-02 6.332244258373975754e-03 2.503054775297641754e-02 9.320694208145141602e-02 3.501400724053382874e-02 9.009803086519241333e-02 5.263501033186912537e-02 3.752573952078819275e-02 2.451593242585659027e-02 3.950297366827726364e-03 1.319489069283008575e-02 1.879834569990634918e-02 1.630331203341484070e-02 3.841526433825492859e-02 7.474249228835105896e-03 4.708876833319664001e-02 1.465870719403028488e-02 1.805789023637771606e-02 3.860105946660041809e-02 4.307654127478599548e-02 2.893725410103797913e-02 3.262786660343408585e-03 1.734001189470291138e-02 3.368930146098136902e-02 3.239242359995841980e-02 2.943782135844230652e-02 4.551808908581733704e-02 3.561159595847129822e-03 1.572385057806968689e-02 1.456814724951982498e-02 3.043317794799804688e-02 1.631884090602397919e-02 4.799674451351165771e-02 1.038397103548049927e-02 4.716378822922706604e-02 2.004987327381968498e-03 3.884579241275787354e-02 1.264608558267354965e-02 2.112766355276107788e-02 1.248051896691322327e-01 1.213814020156860352e-01 3.322408720850944519e-02 4.414093121886253357e-02 2.075336501002311707e-02 1.573387719690799713e-02 5.320723354816436768e-02 3.625479340553283691e-02 1.567182131111621857e-02 7.964876480400562286e-03 1.316689699888229370e-02 4.969220608472824097e-02 1.900098286569118500e-02 3.034799546003341675e-02 3.895958140492439270e-02 1.155410520732402802e-02 4.022328928112983704e-02 1.576500385999679565e-02 1.432114746421575546e-02 4.926227778196334839e-02 7.860291749238967896e-03 4.440893977880477905e-02 2.083813771605491638e-02 2.753750979900360107e-02 4.146908875554800034e-03 3.268786147236824036e-02 1.392877660691738129e-02 4.405213519930839539e-02 4.670383874326944351e-03 2.250125072896480560e-02 1.179874222725629807e-02 3.977512568235397339e-02 7.991806603968143463e-03 6.082233507186174393e-03 1.990233175456523895e-02 1.621319330297410488e-03 2.296771854162216187e-02 4.619619622826576233e-02 1.060405280441045761e-02 2.977591753005981445e-02 1.054310612380504608e-02 3.699669241905212402e-02 3.382756141945719719e-03 4.483233392238616943e-02 8.210173994302749634e-02 1.524401456117630005e-02 7.693454623222351074e-02 1.625148952007293701e-02 4.281286522746086121e-02 2.893809415400028229e-02 4.334946721792221069e-02 7.699700538069009781e-03 3.740753978490829468e-02 3.370424732565879822e-02 3.280819952487945557e-02 2.505523152649402618e-02 3.370082005858421326e-02 2.294147387146949768e-02 1.765113323926925659e-02 1.522978674620389938e-02 1.702460087835788727e-02 1.298172213137149811e-02 2.645060420036315918e-02 4.039422422647476196e-02 5.980952177196741104e-03 3.253976255655288696e-02 2.203583717346191406e-02 1.196871791034936905e-02 4.156298935413360596e-02 4.549524560570716858e-02
4.075059667229652405e-02 9.359708987176418304e-03 1.065790355205535889e-01 2.830604650080204010e-02 4.092278331518173218e-02 2.321976795792579651e-02 1.132213883101940155e-02 4.511449337005615234e-01 1.505030598491430283e-02 3.831760585308074951e-02 4.609195142984390259e-02 3.094177134335041046e-02 5.424188077449798584e-02 5.270931404083967209e-03 8.297348022460937500e-02 1.869713305495679379e-03 7.611776702105998993e-03 2.828724309802055359e-02 4.875735193490982056e-02 2.856728620827198029e-02 1.126398425549268723e-02 2.860079891979694366e-02 2.352422848343849182e-02 3.260090202093124390e-02 3.017494082450866699e-02 4.979337006807327271e-02 4.077729210257530212e-02 2.341600880026817322e-02 2.586268633604049683e-02 4.489167034626007080e-02 1.947021228261291981e-03 5.963926203548908234e-03 2.679850906133651733e-02 2.018591202795505524e-02 2.080640010535717010e-02 2.199817076325416565e-02 4.814957827329635620e-02 3.041707165539264679e-02 8.617811836302280426e-03 1.811513118445873260e-02 4.806847125291824341e-02 4.303943738341331482e-02 9.926612488925457001e-03 3.146591410040855408e-02 1.040276326239109039e-02 4.577617160975933075e-03 1.057047862559556961e-03 4.096939414739608765e-02 3.673318400979042053e-02 6.390964612364768982e-03 7.993530482053756714e-02 2.096933079883456230e-03 8.349796757102012634e-03 1.378717925399541855e-02 1.679968088865280151e-02 4.069444909691810608e-02 3.991169854998588562e-02 2.353655174374580383e-03 2.155121788382530212e-02 1.934150815941393375e-03 1.915184222161769867e-02 4.745369777083396912e-02 7.061043288558721542e-03 4.038629308342933655e-02 2.915413118898868561e-02 4.959999769926071167e-02 1.466887351125478745e-02 3.967407159507274628e-03 3.716419264674186707e-02 3.549078106880187988e-02 4.309801757335662842e-02 3.153397887945175171e-02 4.377141222357749939e-02 1.748450845479965210e-02 3.994711115956306458e-02 3.837329521775245667e-02 4.132749140262603760e-02 8.454756811261177063e-03 3.751126304268836975e-02 4.135994613170623779e-02 1.269869953393936157e-01 1.450644582509994507e-01 2.449822053313255310e-02 1.841349527239799500e-02 1.935285888612270355e-02 1.140275597572326660e-02 9.778290241956710815e-02 7.947466522455215454e-02 2.261405065655708313e-02 2.917992882430553436e-02 2.176068723201751709e-02 8.134697563946247101e-03 1.732133328914642334e-02 4.303968325257301331e-02 1.629148051142692566e-02 4.021618980914354324e-03 3.600121662020683289e-02 1.080960035324096680e-02 8.918976038694381714e-02 3.476187214255332947e-02 3.507713600993156433e-02 3.130806982517242432e-02 3.994617238640785217e-02 6.002308800816535950e-03 3.301744163036346436e-02 3.064365498721599579e-02 1.527342759072780609e-02 3.155362606048583984e-02 4.559893533587455750e-02 3.822615253739058971e-04 1.615517213940620422e-02 3.987669944763183594e-02 5.350960046052932739e-02 1.541206706315279007e-02 3.263164311647415161e-02 2.091902308166027069e-02
2.995830960571765900e-02 6.772728636860847473e-03 4.198620468378067017e-02 3.233043535146862268e-04 4.330374300479888916e-02 2.370546571910381317e-03 6.332244258373975754e-03 1.505030598491430283e-02 4.455550312995910645e-01 1.434349268674850464e-01 2.147836051881313324e-02 2.457178011536598206e-02 2.121814526617527008e-02 8.917865343391895294e-03 5.421920679509639740e-03 4.205757752060890198e-02 1.668228954076766968e-02 1.118849292397499084e-01 2.176804468035697937e-03 3.731679543852806091e-02 2.303489483892917633e-02 1.905238954350352287e-03 7.250200957059860229e-02 4.169028252363204956e-02 2.952053956687450409e-02 4.381109774112701416e-02 1.760901138186454773e-02 3.265795484185218811e-02 4.097186028957366943e-02 2.240392379462718964e-02 7.861618883907794952e-03 1.176939252763986588e-02 3.515937179327011108e-02 3.770161885768175125e-03 1.815485768020153046e-02 2.444623038172721863e-03 1.460401341319084167e-02 4.666563495993614197e-02 2.973830886185169220e-02 2.658735774457454681e-02 4.334647953510284424e-02 1.362978573888540268e-02 2.617468708194792271e-04 1.287771482020616531e-02 9.262995794415473938e-03 1.639470085501670837e-02 6.717799697071313858e-03 4.247161094099283218e-03 2.963086962699890137e-02 1.671975292265415192e-02 5.552981048822402954e-02 3.233405947685241699e-02 1.996474526822566986e-02 4.173006489872932434e-02 2.041470073163509369e-02 3.505127504467964172e-02 4.086516052484512329e-02 5.047912243753671646e-03 3.471213206648826599e-02 2.988147363066673279e-02 4.588989540934562683e-02 1.848477311432361603e-02 4.464339464902877808e-02 3.573864698410034180e-02 4.117432981729507446e-03 1.661783829331398010e-02 4.444571211934089661e-02 4.271100088953971863e-02 2.201659418642520905e-02 5.868872627615928650e-02 2.379189431667327881e-02 2.535335905849933624e-02 2.688634023070335388e-02 3.372998675331473351e-03 1.238173898309469223e-02 3.179360181093215942e-02 1.788352578878402710e-01 9.937599301338195801e-02 3.087105974555015564e-02 3.721845895051956177e-02 5.525434017181396484e-02 2.563984505832195282e-02 4.296509549021720886e-02 3.151104971766471863e-02 1.628034748136997223e-02 2.937554568052291870e-02 5.116051062941551208e-03 2.849063277244567871e-02 3.874049335718154907e-02 1.280192658305168152e-02 3.398100659251213074e-02 1.510373037308454514e-02 5.926847923547029495e-03 3.424027934670448303e-02 4.270996898412704468e-02 1.026791781187057495e-01 2.547781169414520264e-02 1.311494316905736923e-02 6.797788292169570923e-02 3.665793314576148987e-02 2.547446824610233307e-02 4.001471400260925293e-02 2.669623866677284241e-02 9.786929003894329071e-03 4.968152567744255066e-02 5.698015447705984116e-03 2.374203689396381378e-02 4.666219651699066162e-02 1.993904449045658112e-02 2.421565167605876923e-02 1.124817319214344025e-02 4.829277843236923218e-02 3.405734151601791382e-02 5.245564132928848267e-02 2.490190230309963226e-02 6.263081915676593781e-03
1.536849420517683029e-02 7.920022122561931610e-03 2.615178190171718597e-02 2.980890311300754547e-02 3.809916600584983826e-02 2.572692744433879852e-02 2.503054775297641754e-02 3.831760585308074951e-02 1.434349268674850464e-01 4.533897340297698975e-01 3.195182606577873230e-02 1.152706332504749298e-02 3.859120979905128479e-02 4.969731718301773071e-02 1.960448361933231354e-02 3.339603915810585022e-02 4.768485203385353088e-03 1.715693250298500061e-02 9.635341167449951172e-02 1.608129963278770447e-02 6.754192290827631950e-04 1.197285391390323639e-02 4.985041543841362000e-02 1.705729030072689056e-02 7.878569886088371277e-03 2.682250551879405975e-02 4.929723590612411499e-02 1.404957380145788193e-02 2.234333008527755737e-02 3.281147032976150513e-02 4.176442325115203857e-02 4.063375666737556458e-02 6.959604099392890930e-03 3.139476478099822998e-02 1.877793669700622559e-02 3.322016447782516479e-02 9.565688669681549072e-03 1.602658815681934357e-02 2.804648131132125854e-02 1.331930700689554214e-02 3.033742494881153107e-02 7.232703734189271927e-03 4.104957729578018188e-02 3.853712975978851318e-02 1.871752738952636719e-02 8.349712006747722626e-04 4.339980334043502808e-02 1.972344238311052322e-03 5.206064134836196899e-02 2.561584115028381348e-03 1.223965454846620560e-02 1.205387152731418610e-02 4.488267749547958374e-02 3.424644470214843750e-02 3.094971925020217896e-02 3.893982991576194763e-02 1.701818406581878662e-02 4.412262514233589172e-02 4.314684495329856873e-02 1.023400388658046722e-02 2.092548273503780365e-02 9.638423100113868713e-03 1.403628848493099213e-02 2.537140622735023499e-03 3.939259052276611328e-02 1.051286794245243073e-02 1.951548457145690918e-02 1.566289179027080536e-02 4.714106768369674683e-02 3.849935904145240784e-02 5.184761062264442444e-02 2.940306626260280609e-02 9.011308662593364716e-03 4.755711182951927185e-02 1.383895613253116608e-02 2.722594328224658966e-02 1.879272423684597015e-02 1.793881505727767944e-01 1.069448590278625488e-01 1.767093539237976074e-01 5.365518480539321899e-02 5.104555189609527588e-02 1.221354305744171143e-02 7.308401912450790405e-02 4.274806007742881775e-02 1.774045266211032867e-02 2.624838962219655514e-04 1.819367898860946298e-04 3.984935116022825241e-03 9.913258254528045654e-02 2.207655459642410278e-02 2.179289609193801880e-02 3.690143115818500519e-03 5.632328800857067108e-03 8.278929628431797028e-03 4.084270447492599487e-02 2.070605382323265076e-02 4.238170012831687927e-02 5.756239406764507294e-03 3.895153105258941650e-02 1.581327989697456360e-02 1.016798522323369980e-02 9.993183426558971405e-03 4.191036149859428406e-02 1.052729412913322449e-02 3.757205558940768242e-03 1.192460861057043076e-02 3.143219649791717529e-02 4.760086908936500549e-02 1.013921294361352921e-02 3.050658851861953735e-02 3.009937517344951630e-02 3.714324906468391418e-02 5.012578889727592468e-02 5.530381109565496445e-03 8.941382169723510742e-03
8.468288183212280273e-02 8.998505026102066040e-02 3.835299983620643616e-02 1.129585970193147659e-02 7.867942564189434052e-03 8.749027550220489502e-02 9.320694208145141602e-02 4.609195142984390259e-02 2.147836051881313324e-02 3.195182606577873230e-02 4.765628278255462646e-01 3.870660066604614258e-02 9.928373247385025024e-02 7.613719440996646881e-03 3.005087189376354218e-02 3.373967856168746948e-02 1.181411091238260269e-02 8.637898601591587067e-03 2.279967069625854492e-02 1.192487217485904694e-02 2.070179395377635956e-02 3.234625328332185745e-04 2.916064485907554626e-02 2.712834859266877174e-03 5.754837766289710999e-04 1.819964684545993805e-02 1.757330633699893951e-02 8.722882717847824097e-03 6.795608997344970703e-02 5.374841764569282532e-02 3.030757606029510498e-02 4.709564149379730225e-03 2.779318206012248993e-02 1.146223209798336029e-02 4.542169719934463501e-02 1.764426939189434052e-02 1.358105987310409546e-02 1.850406453013420105e-02 1.271868497133255005e-02 2.434507384896278381e-02 1.484065409749746323e-02 2.784272283315658569e-02 1.050212234258651733e-02 2.326302602887153625e-02 1.146651338785886765e-03 1.032288651913404465e-02 9.526764601469039917e-02 8.714000135660171509e-02 1.240406557917594910e-02 3.229361400008201599e-02 4.441117495298385620e-02 4.232641309499740601e-02 5.564366467297077179e-03 3.436878323554992676e-02 2.877910993993282318e-02 7.136825472116470337e-03 7.568595465272665024e-03 4.863779246807098389e-02 3.073786851018667221e-03 8.114028722047805786e-03 1.118989847600460052e-02 2.372351288795471191e-02 5.026128143072128296e-02 4.793498665094375610e-02 7.444006949663162231e-02 7.762370258569717407e-02 8.791576139628887177e-03 1.902449876070022583e-02 1.637450070120394230e-03 2.319826744496822357e-02 1.032258756458759308e-02 4.044653475284576416e-02 2.255076542496681213e-02 3.432962670922279358e-02 2.935636416077613831e-02 1.194071676582098007e-02 6.187893915921449661e-03 4.162161052227020264e-02 3.295088186860084534e-02 4.762560501694679260e-02 1.369413919746875763e-02 1.988165080547332764e-02 3.873188048601150513e-02 2.724161371588706970e-02 3.940226975828409195e-03 2.663107961416244507e-02 1.014636270701885223e-02 2.523726085200905800e-03 6.417228374630212784e-03 1.019928418099880219e-02 6.666515022516250610e-02 2.087393589317798615e-02 4.288097843527793884e-02 6.625090725719928741e-03 3.124003112316131592e-02 3.028316050767898560e-02 4.927793890237808228e-02 3.622722625732421875e-02 2.241887710988521576e-02 2.909736521542072296e-02 2.150472253561019897e-02 8.775595575571060181e-03 4.633237142115831375e-03 1.521209813654422760e-02 3.305013105273246765e-02 1.591307669878005981e-02 5.383418407291173935e-03 3.542898967862129211e-02 8.919225074350833893e-03 1.500222645699977875e-02 7.832678966224193573e-03 2.428414300084114075e-02 2.015576232224702835e-03 2.070476114749908447e-02 1.699045859277248383e-02 1.948869414627552032e-02
2.167343720793724060e-02 3.212468326091766357e-02 1.726081408560276031e-02 2.068705484271049500e-02 3.543361648917198181e-02 4.846904799342155457e-02 3.501400724053382874e-02 3.094177134335041046e-02 2.457178011536598206e-02 1.152706332504749298e-02 3.870660066604614258e-02 4.430259764194488525e-01 4.271065071225166321e-02 1.987566351890563965e-01 1.294331438839435577e-02 9.118856862187385559e-03 2.098454907536506653e-02 4.289914295077323914e-02 1.423536683432757854e-03 2.746314974501729012e-03 2.321347035467624664e-02 4.494079202413558960e-02 1.374756172299385071e-02 3.983373939990997314e-02 2.237206324934959412e-02 3.660394996404647827e-02 1.811416447162628174e-02 8.168560266494750977e-02 1.550191733986139297e-02 1.074393615126609802e-01 4.045335575938224792e-03 5.202975124120712280e-02 8.691056631505489349e-03 1.544979750178754330e-03 3.864946542307734489e-03 1.985890790820121765e-02 2.227782458066940308e-02 4.220325127243995667e-02 2.021420747041702271e-02 1.451155822724103928e-02 2.774652466177940369e-02 1.271830499172210693e-02 9.675454348325729370e-03 2.601363696157932281e-03 6.389968097209930420e-02 2.293517440557479858e-02 2.952273003756999969e-02 1.078627817332744598e-02 3.298059478402137756e-02 1.161442603915929794e-03 3.557819500565528870e-02 2.576410304754972458e-03 3.885933756828308105e-02 1.166093070060014725e-02 3.791911900043487549e-02 5.009541753679513931e-03 4.021135624498128891e-03 5.106341559439897537e-03 2.155243791639804840e-02 4.191719368100166321e-02 2.876783953979611397e-03 3.891211003065109253e-02 4.675484262406826019e-03 3.666155785322189331e-02 4.439334571361541748e-02 4.919303581118583679e-02 2.935558930039405823e-02 3.706128895282745361e-02 2.177165821194648743e-02 1.571249775588512421e-02 4.972458630800247192e-02 5.502820387482643127e-02 3.351268172264099121e-02 3.085253760218620300e-02 1.371390279382467270e-02 2.104696258902549744e-02 2.078820578753948212e-02 4.113621637225151062e-02 5.093821883201599121e-02 4.177995771169662476e-02 9.900188306346535683e-04 3.388458117842674255e-02 2.491674758493900299e-02 1.483397837728261948e-02 3.442304953932762146e-02 3.644298762083053589e-02 3.184857312589883804e-03 1.195163931697607040e-02 7.927082479000091553e-03 3.872848581522703171e-03 6.589782983064651489e-02 4.971076920628547668e-02 7.647579908370971680e-02 4.720919206738471985e-02 3.853725502267479897e-03 3.355848370119929314e-03 4.390358552336692810e-02 2.245694585144519806e-02 5.452729761600494385e-02 1.496901083737611771e-02 4.991042427718639374e-03 1.567567815072834492e-03 2.905399352312088013e-02 7.946495898067951202e-03 1.756165921688079834e-02 2.812774106860160828e-02 8.870118763297796249e-04 9.347781538963317871e-03 2.113288454711437225e-02 3.124634036794304848e-03 4.681178182363510132e-02 5.135611817240715027e-02 3.517150180414319038e-03 2.978670969605445862e-02 3.880711644887924194e-02 1.428950671106576920e-02
4.291196912527084351e-02 9.188646823167800903e-02 3.448985889554023743e-02 2.709713531658053398e-03 9.539086371660232544e-03 8.203931152820587158e-02 9.009803086519241333e-02 5.424188077449798584e-02 2.121814526617527008e-02 3.859120979905128479e-02 9.928373247385025024e-02 4.271065071225166321e-02 4.781485199928283691e-01 8.704717271029949188e-03 2.691739238798618317e-02 3.973769769072532654e-02 4.078538343310356140e-02 1.953633502125740051e-03 4.052803851664066315e-03 9.049931541085243225e-03 1.194478943943977356e-02 3.674335603136569262e-04 2.705384604632854462e-02 6.329159718006849289e-03 6.575782783329486847e-03 1.654570177197456360e-02 3.754932433366775513e-02 3.592270612716674805e-02 2.246438525617122650e-02 4.271518811583518982e-02 5.269700661301612854e-02 3.328439081087708473e-03 1.756014861166477203e-02 1.524018403142690659e-02 4.788675531744956970e-02 6.121890153735876083e-03 2.420600317418575287e-02 1.799900084733963013e-02 1.908032596111297607e-02 4.468072671443223953e-03 1.940262317657470703e-02 3.657177090644836426e-02 2.642892487347126007e-02 1.173895318061113358e-02 6.310563534498214722e-03 1.562761701643466949e-02 8.176255226135253906e-02 7.793649286031723022e-02 3.594787791371345520e-02 4.950617253780364990e-02 3.714303672313690186e-02 2.457515709102153778e-02 3.549813106656074524e-02 4.951846972107887268e-02 1.355268992483615875e-02 2.098376629874110222e-03 1.030478999018669128e-02 4.945156350731849670e-02 5.345670878887176514e-02 1.563391089439392090e-02 4.837674088776111603e-03 5.851312540471553802e-03 5.181610584259033203e-02 3.966319933533668518e-02 4.323424398899078369e-02 7.471300661563873291e-02 1.085926499217748642e-02 5.790088325738906860e-04 7.113243453204631805e-03 5.340480431914329529e-02 1.530632260255515575e-03 4.547896236181259155e-02 7.360314484685659409e-03 2.673800289630889893e-02 8.734618313610553741e-03 2.212339453399181366e-02 5.908924620598554611e-03 4.147079586982727051e-02 4.820281267166137695e-02 5.031190440058708191e-02 2.274890895932912827e-03 3.203664720058441162e-02 4.189212992787361145e-02 2.248954959213733673e-02 8.397551253437995911e-03 1.571116037666797638e-02 3.132236376404762268e-02 2.755293855443596840e-03 3.079113736748695374e-02 1.079848036170005798e-02 4.885362833738327026e-02 7.330584921874105930e-04 4.186469316482543945e-02 2.405688399448990822e-03 2.549843490123748779e-02 4.188051819801330566e-02 4.155808314681053162e-02 2.214491553604602814e-02 3.994286060333251953e-03 1.264462247490882874e-02 3.244265913963317871e-02 2.290714345872402191e-02 6.975850090384483337e-03 2.647646516561508179e-02 1.866070739924907684e-02 1.016545575112104416e-02 6.742966827005147934e-03 2.578202635049819946e-02 1.216381881386041641e-02 1.501019950956106186e-02 5.675709806382656097e-03 1.325780060142278671e-02 2.508703153580427170e-03 3.304657712578773499e-02 6.225855089724063873e-03 1.791852526366710663e-02
