5.086832642555236816e-01 2.391510754823684692e-01 3.780077770352363586e-02 3.162462264299392700e-02 3.791996836662292480e-02 1.531325429677963257e-01 1.567933857440948486e-01 3.299874067306518555e-02 3.878997638821601868e-02 4.473728314042091370e-02 1.792662590742111206e-01 2.237392589449882507e-02 1.174599826335906982e-01 4.235657304525375366e-02 2.961976081132888794e-02 2.237363252788782120e-03 2.278923802077770233e-02 3.271799534559249878e-02 3.830490633845329285e-02 1.514980290085077286e-02 5.566868465393781662e-03 3.045308636501431465e-03 2.931444719433784485e-02 1.138457097113132477e-02 4.525793716311454773e-03 5.061370879411697388e-02 4.110000655055046082e-02 6.210119929164648056e-03 1.540560927242040634e-02 4.046431183815002441e-02 5.416031554341316223e-02 2.354556880891323090e-02 1.863830909132957458e-02 1.594667881727218628e-02 2.727157901972532272e-03 4.257938638329505920e-02 3.980484604835510254e-02 3.655761945992708206e-03 2.588892355561256409e-02 5.950257647782564163e-03 8.610213175415992737e-03 1.698347739875316620e-02 3.203206881880760193e-02 4.004969820380210876e-02 1.871447451412677765e-02 5.453231930732727051e-02 7.268246263265609741e-02 1.023150160908699036e-01 3.113599959760904312e-03 1.181298214942216873e-02 4.591512959450483322e-03 1.159057393670082092e-02 1.365008996799588203e-03 4.177765920758247375e-02 2.959469519555568695e-02 2.735170908272266388e-02 1.227200031280517578e-02 2.628004550933837891e-02 8.273672312498092651e-03 2.359328418970108032e-02 2.828904986381530762e-02 4.281782358884811401e-02 1.268091262318193913e-03 4.702049866318702698e-02 5.220240727066993713e-02 1.878241449594497681e-02 4.527570307254791260e-02 1.001597382128238678e-02 3.923560678958892822e-02 2.815517038106918335e-02 8.721922524273395538e-03 6.461821496486663818e-03 1.049600169062614441e-02 2.987596020102500916e-02 3.476519882678985596e-02 4.876180551946163177e-03 4.794337600469589233e-02 4.479818418622016907e-02 2.910619042813777924e-02 3.361698240041732788e-02 3.335020318627357483e-02 5.322806537151336670e-03 2.977421693503856659e-02 2.233626134693622589e-02 4.929026588797569275e-02 2.387261763215065002e-02 4.910692572593688965e-02 3.359485790133476257e-02 1.119887456297874451e-02 2.801582776010036469e-02 1.104151643812656403e-02 5.258256569504737854e-02 2.140121068805456161e-03 1.276561990380287170e-02 2.303886972367763519e-02 8.018549531698226929e-03 2.650173846632242203e-03 2.134381234645843506e-02 3.889331221580505371e-02 2.504222840070724487e-02 4.243641346693038940e-02 2.000038325786590576e-02 1.252010930329561234e-02 3.496809303760528564e-02 2.633379213511943817e-02 4.683206323534250259e-03 4.583451896905899048e-02 1.522779278457164764e-02 1.674578711390495300e-02 2.510038577020168304e-02 6.120771169662475586e-03 4.599440842866897583e-02 4.163534194231033325e-02 1.859853602945804596e-02 1.521630119532346725e-02 1.675791479647159576e-02
2.391510754823684692e-01 5.077851414680480957e-01 4.931993898935616016e-04 2.761563844978809357e-02 3.250261768698692322e-02 1.450895369052886963e-01 1.698781847953796387e-01 1.881789043545722961e-02 4.770105704665184021e-02 4.840350896120071411e-02 1.144968271255493164e-01 2.857272140681743622e-02 1.411232203245162964e-01 7.223455607891082764e-02 1.609851606190204620e-02 2.461938560009002686e-02 4.643542692065238953e-02 2.336307056248188019e-02 2.885571122169494629e-02 9.657648392021656036e-03 3.784192726016044617e-02 6.453646812587976456e-03 8.227671496570110321e-03 2.166410163044929504e-02 2.300143428146839142e-02 3.722034767270088196e-02 8.292131125926971436e-03 4.579777643084526062e-02 4.100616276264190674e-02 4.289803653955459595e-02 7.924844510853290558e-03 3.897623717784881592e-02 2.786094089969992638e-03 3.372825309634208679e-02 3.901532664895057678e-02 3.271606564521789551e-02 5.542484298348426819e-02 3.527791798114776611e-02 2.563358470797538757e-02 1.120714657008647919e-02 2.011743932962417603e-02 5.081748962402343750e-02 3.148404508829116821e-02 9.563281200826168060e-03 2.913035452365875244e-03 2.095419541001319885e-02 3.426413238048553467e-02 9.387625753879547119e-02 2.288146317005157471e-02 9.676494635641574860e-03 8.859255351126194000e-03 9.551405091769993305e-04 3.209385648369789124e-02 3.966874256730079651e-02 4.855545610189437866e-02 3.806638717651367188e-02 1.276099123060703278e-02 4.187641665339469910e-02 5.044621229171752930e-02 2.473961189389228821e-02 3.778653219342231750e-02 3.896999731659889221e-02 4.055063799023628235e-02 1.589892432093620300e-02 2.714982256293296814e-03 4.833772033452987671e-02 1.866337284445762634e-02 3.932889550924301147e-02 1.246394030749797821e-02 1.485584652982652187e-03 5.167546987649984658e-06 4.762326367199420929e-03 4.844973981380462646e-02 1.460141316056251526e-02 1.261399872601032257e-02 9.407808072865009308e-03 3.936394676566123962e-02 4.692763835191726685e-02 2.727484516799449921e-02 3.336266428232192993e-02 1.088477321900427341e-03 2.483125030994415283e-02 3.055498376488685608e-02 1.746759936213493347e-02 1.089484896510839462e-02 7.865655235946178436e-03 3.383096307516098022e-02 1.931331492960453033e-02 2.646262757480144501e-02 9.699313901364803314e-03 4.241786897182464600e-02 2.096721343696117401e-02 2.983974479138851166e-02 2.546677738428115845e-02 2.274701744318008423e-02 1.268585771322250366e-02 6.325699388980865479e-03 1.772240852005779743e-03 2.640158869326114655e-02 3.078556992113590240e-02 5.856926739215850830e-02 1.585221290588378906e-02 2.687191218137741089e-02 1.652029156684875488e-02 8.126250468194484711e-03 2.106861397624015808e-02 2.582006901502609253e-02 1.117193326354026794e-02 3.538690134882926941e-02 8.388351998291909695e-04 5.458293948322534561e-03 2.642289362847805023e-02 4.652687162160873413e-02 3.844474267680197954e-04 3.163583949208259583e-02 3.632480278611183167e-02
3.780077770352363586e-02 4.931993898935616016e-04 4.899668097496032715e-01 3.503952547907829285e-02 4.029187560081481934e-02 3.541170060634613037e-02 2.836326137185096741e-02 7.677827030420303345e-02 1.533025037497282028e-02 3.656018897891044617e-02 8.044973760843276978e-02 2.553812414407730103e-02 5.546548217535018921e-02 2.930792514234781265e-03 2.190117351710796356e-02 5.071163550019264221e-02 4.698931425809860229e-02 3.695806022733449936e-03 2.117595821619033813e-02 4.578980803489685059e-02 1.479730382561683655e-02 2.308006212115287781e-02 2.681324817240238190e-02 2.728391624987125397e-02 4.925399646162986755e-02 1.418366190046072006e-02 1.642382331192493439e-02 1.108529232442378998e-02 3.380517475306987762e-03 1.273028552532196045e-02 1.122416090220212936e-02 9.651324711740016937e-03 2.710767090320587158e-03 3.309632092714309692e-02 3.637757152318954468e-02 1.184571254998445511e-02 1.451203227043151855e-02 5.370046198368072510e-02 5.777628719806671143e-02 4.537390545010566711e-02 2.303174696862697601e-02 1.749543659389019012e-02 3.634156286716461182e-02 7.595869153738021851e-02 5.420694127678871155e-03 1.710162311792373657e-02 3.467294573783874512e-02 1.875955983996391296e-02 3.554908186197280884e-02 5.206523835659027100e-02 1.549989823251962662e-02 3.281876072287559509e-02 7.981452159583568573e-03 3.848673030734062195e-02 9.121916256844997406e-03 1.729386672377586365e-02 6.269401870667934418e-03 2.666778303682804108e-02 5.385696887969970703e-03 1.551528461277484894e-02 1.264524273574352264e-02 1.497556455433368683e-02 3.176295012235641479e-02 1.906046271324157715e-02 1.515933871269226074e-02 5.131933372467756271e-03 2.769084181636571884e-03 4.483644291758537292e-02 2.703064493834972382e-02 4.072904959321022034e-02 1.806353032588958740e-02 3.954811021685600281e-02 2.220124751329421997e-02 2.424431405961513519e-02 2.992340363562107086e-03 4.368705675005912781e-02 1.134520396590232849e-02 2.590570040047168732e-02 2.949101105332374573e-02 4.972702264785766602e-02 1.492573916912078857e-01 9.430911391973495483e-02 2.771295420825481415e-02 3.025004826486110687e-02 4.152228590101003647e-03 3.655667230486869812e-02 2.182844281196594238e-02 2.793456427752971649e-02 2.232246473431587219e-02 2.938964404165744781e-02 2.747967082541435957e-04 2.524917945265769958e-02 8.483292534947395325e-03 3.125149291008710861e-03 7.376926951110363007e-03 1.006771065294742584e-02 3.763502929359674454e-03 4.455800354480743408e-02 1.230300869792699814e-02 3.693100297823548317e-03 2.876804396510124207e-02 2.364285476505756378e-02 1.501458510756492615e-02 3.036532737314701080e-02 1.602145470678806305e-02 1.774865202605724335e-02 1.405321061611175537e-02 3.936746716499328613e-02 4.173485189676284790e-02 1.614652015268802643e-02 3.163377195596694946e-02 4.236391931772232056e-02 2.591117518022656441e-03 4.445280134677886963e-02 4.596298560500144958e-02 2.586427330970764160e-02
3.162462264299392700e-02 2.761563844978809357e-02 3.503952547907829285e-02 4.911978542804718018e-01 1.801064461469650269e-01 2.209676243364810944e-02 4.302680119872093201e-02 2.437363378703594208e-02 4.097727313637733459e-02 4.988616704940795898e-02 1.681354083120822906e-02 5.366197321563959122e-03 1.110134739428758621e-02 5.437198653817176819e-02 6.132321432232856750e-03 3.345735743641853333e-02 3.980943188071250916e-02 7.839754223823547363e-02 4.642817378044128418e-02 3.342723101377487183e-02 9.453613311052322388e-03 1.139443274587392807e-02 3.121109493076801300e-02 2.780396118760108948e-02 9.168308228254318237e-03 3.617245703935623169e-02 7.798214443027973175e-03 2.043258771300315857e-02 2.253749035298824310e-02 1.571168377995491028e-02 1.308011170476675034e-02 5.084449052810668945e-02 1.005926518701016903e-03 5.033025890588760376e-02 4.231227934360504150e-02 2.983630262315273285e-02 2.956258319318294525e-02 1.292456779628992081e-02 3.111316263675689697e-02 3.960674628615379333e-02 3.698223829269409180e-02 9.184882976114749908e-03 4.151706025004386902e-02 3.690050914883613586e-02 1.403779257088899612e-02 1.126470696181058884e-02 1.674519851803779602e-02 1.352946832776069641e-02 1.616921462118625641e-02 1.535811461508274078e-02 1.029615942388772964e-02 1.876345090568065643e-02 3.731142729520797729e-02 2.129953540861606598e-02 2.283375151455402374e-02 4.086342826485633850e-02 6.524202227592468262e-02 2.738333493471145630e-02 4.972184076905250549e-02 2.081627026200294495e-02 7.515762001276016235e-02 3.438523039221763611e-02 1.904263719916343689e-02 9.894466958940029144e-03 9.059619158506393433e-03 8.249413222074508667e-03 2.879437617957592010e-02 3.374861087650060654e-03 4.462874308228492737e-02 4.440690949559211731e-02 4.328749328851699829e-02 1.534189842641353607e-02 1.275212466716766357e-01 3.998418897390365601e-02 9.185361117124557495e-02 1.025353558361530304e-02 4.131477326154708862e-02 1.729919016361236572e-02 5.960516631603240967e-03 2.413789182901382446e-02 2.043699845671653748e-02 3.821222856640815735e-02 7.675064355134963989e-02 1.907915249466896057e-02 2.576955407857894897e-02 4.070787224918603897e-03 2.756083384156227112e-02 2.429581247270107269e-02 5.899027734994888306e-02 4.084844514727592468e-02 1.036576367914676666e-02 2.431959845125675201e-02 2.109163999557495117e-02 3.860216215252876282e-02 1.806458272039890289e-02 4.259352758526802063e-02 2.848537452518939972e-02 2.133501693606376648e-02 8.997926488518714905e-03 4.105006158351898193e-02 2.647328190505504608e-03 4.313729330897331238e-02 1.297481358051300049e-02 2.647746540606021881e-02 3.460527956485748291e-02 1.081528328359127045e-02 3.916620463132858276e-02 9.364181756973266602e-02 1.905649900436401367e-02 6.806518882513046265e-02 3.259248286485671997e-02 9.426090866327285767e-03 2.472870051860809326e-02 3.104694373905658722e-02 4.018051549792289734e-02 6.619764026254415512e-03
3.791996836662292480e-02 3.250261768698692322e-02 4.029187560081481934e-02 1.801064461469650269e-01 4.915893077850341797e-01 3.217303752899169922e-02 3.435668349266052246e-02 1.368883624672889709e-02 1.057442370802164078e-02 1.021918281912803650e-02 2.951511181890964508e-02 1.091969199478626251e-02 4.610442090779542923e-03 1.477750018239021301e-02 2.708417596295475960e-03 3.411642462015151978e-02 5.474345386028289795e-02 8.991525322198867798e-02 8.984261006116867065e-02 3.773132711648941040e-02 5.396317224949598312e-03 2.905999124050140381e-02 2.331336028873920441e-02 5.110314488410949707e-02 2.943908050656318665e-02 4.553432390093803406e-02 2.910626493394374847e-02 8.711662143468856812e-03 6.231406237930059433e-03 4.558254033327102661e-02 4.985155537724494934e-03 4.167751595377922058e-02 2.129768393933773041e-02 2.505961805582046509e-02 1.624293066561222076e-02 3.636277467012405396e-02 4.786915704607963562e-02 9.665303863584995270e-03 8.352818340063095093e-02 9.738250821828842163e-02 4.438749700784683228e-02 1.616370119154453278e-02 3.789898380637168884e-02 2.548362314701080322e-02 1.197394542396068573e-02 5.694804247468709946e-03 3.397361561655998230e-02 1.940607465803623199e-02 1.570933870971202850e-02 6.847927346825599670e-03 4.348611459136009216e-03 1.161216013133525848e-02 8.596056140959262848e-03 2.001300081610679626e-02 2.744484879076480865e-02 3.055724501609802246e-02 1.361887669190764427e-03 1.125643728300929070e-03 4.360036179423332214e-02 2.332522161304950714e-02 5.004893988370895386e-02 2.492966130375862122e-02 4.366853088140487671e-02 2.655033208429813385e-02 6.441505625844001770e-03 3.809261834248900414e-03 1.832715235650539398e-02 2.300834283232688904e-02 1.074878778308629990e-02 3.267036005854606628e-02 3.378777205944061279e-02 9.325547143816947937e-04 3.583782911300659180e-02 1.187298446893692017e-02 9.801998734474182129e-02 1.437628827989101410e-02 2.600792795419692993e-02 1.924777962267398834e-02 7.914565503597259521e-03 4.185689147561788559e-03 4.690728709101676941e-02 1.899149641394615173e-02 9.987834095954895020e-02 8.175533264875411987e-02 3.597591444849967957e-02 2.527347952127456665e-02 1.767853088676929474e-02 1.281921193003654480e-02 5.686135031282901764e-03 4.213471896946430206e-03 2.220317721366882324e-02 3.129170462489128113e-02 2.171171642839908600e-02 2.954010665416717529e-02 1.820084452629089355e-02 1.660310290753841400e-02 1.666277647018432617e-02 3.239908814430236816e-02 3.737428039312362671e-02 2.167511917650699615e-02 1.058215182274580002e-02 4.703732207417488098e-02 3.672275319695472717e-02 1.800803281366825104e-02 4.659267142415046692e-02 1.840990968048572540e-02 1.296801678836345673e-02 8.729708194732666016e-02 2.855178527534008026e-02 2.978962473571300507e-02 1.698547508567571640e-03 1.844325335696339607e-03 4.746704176068305969e-02 3.803583607077598572e-02 4.348443448543548584e-02 1.385892834514379501e-02
1.531325429677963257e-01 1.450895369052886963e-01 3.541170060634613037e-02 2.209676243364810944e-02 3.217303752899169922e-02 5.119848847389221191e-01 1.945192962884902954e-01 4.526427388191223145e-02 6.404356565326452255e-03 5.226290598511695862e-02 9.239921718835830688e-02 7.778641581535339355e-02 9.723252058029174805e-02 1.171942055225372314e-01 3.740856796503067017e-02 9.824022650718688965e-03 2.038981951773166656e-02 4.063990712165832520e-02 3.483557701110839844e-02 7.413222454488277435e-03 4.154279455542564392e-02 4.737724363803863525e-02 2.469684556126594543e-02 2.046694047749042511e-02 3.786895424127578735e-02 2.755867550149559975e-03 3.053115308284759521e-02 2.027174644172191620e-02 2.629422582685947418e-02 3.251391649246215820e-02 6.076793652027845383e-04 2.992796525359153748e-02 2.077020145952701569e-02 4.640862718224525452e-02 4.142889752984046936e-02 6.700522266328334808e-03 1.578410342335700989e-02 4.931255709379911423e-03 1.402546651661396027e-02 3.751443699002265930e-02 1.983087882399559021e-02 1.565108262002468109e-02 2.335048653185367584e-02 5.145229864865541458e-03 5.294119939208030701e-02 2.250831946730613708e-02 7.415022701025009155e-02 8.927239477634429932e-02 3.754460439085960388e-02 5.193282850086688995e-03 1.487220730632543564e-02 3.838071599602699280e-02 2.238619141280651093e-02 3.913172334432601929e-02 2.659909240901470184e-02 3.789123892784118652e-02 1.275474578142166138e-02 4.337722063064575195e-02 1.437067752704024315e-03 2.933632209897041321e-02 8.742718957364559174e-03 4.817865788936614990e-02 3.773526102304458618e-02 3.954343497753143311e-02 1.396851893514394760e-02 5.082433298230171204e-02 4.534530919045209885e-03 1.829561404883861542e-02 8.366282097995281219e-03 3.012046683579683304e-03 8.117996156215667725e-03 1.731325313448905945e-02 3.207371011376380920e-02 4.945788066834211349e-03 2.089872211217880249e-02 2.505391649901866913e-02 7.561034988611936569e-03 4.667803645133972168e-02 3.394482657313346863e-02 2.055186033248901367e-02 4.137685894966125488e-02 3.996631130576133728e-03 3.766933083534240723e-02 1.345643308013677597e-02 1.305610523559153080e-03 2.383509837090969086e-02 2.347280969843268394e-03 3.807508200407028198e-02 5.812698043882846832e-03 7.187439594417810440e-03 5.562538281083106995e-02 1.774850301444530487e-03 4.355313256382942200e-02 1.423422060906887054e-02 4.040599614381790161e-02 4.333157464861869812e-02 2.766920067369937897e-02 2.325166389346122742e-02 2.784173935651779175e-02 1.102781668305397034e-02 3.670391440391540527e-02 5.038028955459594727e-02 2.704839222133159637e-02 4.539700224995613098e-02 2.623891457915306091e-02 3.061871416866779327e-02 1.791584119200706482e-02 1.038843486458063126e-02 4.257298074662685394e-03 2.658257959410548210e-03 1.733959652483463287e-02 1.273224945180118084e-03 1.113124936819076538e-02 2.648952044546604156e-02 1.627492718398571014e-02 5.532283708453178406e-02
1.567933857440948486e-01 1.698781847953796387e-01 2.836326137185096741e-02 4.302680119872093201e-02 3.435668349266052246e-02 1.945192962884902954e-01 5.144340395927429199e-01 1.371768675744533539e-02 9.939157404005527496e-03 2.858053520321846008e-02 9.342585504055023193e-02 4.897787049412727356e-02 1.188390627503395081e-01 1.187499314546585083e-01 4.673828929662704468e-02 4.672198338084854186e-05 2.139491215348243713e-02 3.097921982407569885e-02 4.412830993533134460e-02 7.837803103029727936e-03 4.823675006628036499e-02 2.830013073980808258e-02 2.873367071151733398e-02 3.743494302034378052e-02 3.108530305325984955e-02 2.368850837228819728e-04 2.081812918186187744e-02 4.320467635989189148e-02 2.862415276467800140e-02 3.700042515993118286e-02 7.289373315870761871e-03 3.372293338179588318e-02 1.561569049954414368e-02 5.499012768268585205e-02 2.419578842818737030e-02 3.148677991703152657e-03 1.156902872025966644e-02 4.888356663286685944e-03 3.547662869095802307e-02 3.991496190428733826e-02 2.665205858647823334e-02 1.192603958770632744e-03 6.173762958496809006e-04 1.469854637980461121e-02 5.244858190417289734e-02 3.922665491700172424e-02 7.279323041439056396e-02 1.224402785301208496e-01 3.047439828515052795e-02 2.602172456681728363e-02 7.505306508392095566e-03 3.284467756748199463e-02 2.339593507349491119e-02 2.771740406751632690e-02 3.381508588790893555e-02 4.211743548512458801e-02 6.681438535451889038e-03 3.167242929339408875e-02 1.222293172031641006e-02 2.744095399975776672e-02 2.218127250671386719e-02 4.133944958448410034e-02 3.270998597145080566e-02 5.463904142379760742e-02 2.426791377365589142e-02 4.031741246581077576e-02 1.361038628965616226e-02 2.022420242428779602e-02 1.799956709146499634e-02 1.021514460444450378e-02 1.601455546915531158e-02 1.829622127115726471e-02 5.478190630674362183e-02 5.689468700438737869e-03 1.489919959567487240e-03 1.328843645751476288e-02 1.066767028532922268e-03 1.267210301011800766e-02 3.243966773152351379e-02 3.158942796289920807e-03 2.013647370040416718e-02 2.708902815356850624e-03 4.121335968375205994e-02 7.629846688359975815e-03 2.410436607897281647e-02 4.195713251829147339e-02 1.829052530229091644e-02 4.333850368857383728e-02 1.160322129726409912e-02 1.341385487467050552e-02 4.312280565500259399e-02 1.662258058786392212e-02 3.966630995273590088e-02 3.890999406576156616e-02 4.600796476006507874e-02 4.707938805222511292e-02 2.126384712755680084e-02 1.628789678215980530e-02 6.689294707030057907e-03 8.544591255486011505e-03 1.370646152645349503e-02 2.319154329597949982e-02 1.374623272567987442e-02 1.655108667910099030e-02 2.105206251144409180e-02 3.387802094221115112e-02 7.963827811181545258e-03 2.097969874739646912e-02 1.166723202913999557e-02 1.235128007829189301e-02 3.235167125239968300e-03 8.800444193184375763e-03 9.827348403632640839e-03 4.838076606392860413e-02 2.052800543606281281e-02 4.042135179042816162e-02
3.299874067306518555e-02 1.881789043545722961e-02 7.677827030420303345e-02 2.437363378703594208e-02 1.368883624672889709e-02 4.526427388191223145e-02 1.371768675744533539e-02 4.818735718727111816e-01 3.106145747005939484e-02 9.421995840966701508e-03 9.910305030643939972e-03 3.661258518695831299e-02 2.649727277457714081e-02 6.767515442334115505e-04 1.025694310665130615e-01 4.413727205246686935e-03 4.614153876900672913e-02 1.333719678223133087e-02 3.947670385241508484e-02 3.028185106813907623e-02 3.236542642116546631e-02 3.358718380331993103e-02 1.772931590676307678e-02 3.150713071227073669e-02 3.296751156449317932e-02 4.375904425978660583e-02 4.369407147169113159e-02 3.876410424709320068e-02 3.803704679012298584e-02 1.299400534480810165e-02 1.411920692771673203e-02 2.758876048028469086e-02 4.416168201714754105e-03 5.008480045944452286e-03 3.347111865878105164e-02 3.094829991459846497e-02 8.980054990388453007e-04 3.334118053317070007e-02 6.698222458362579346e-02 5.839267373085021973e-02 1.474604941904544830e-03 1.280944049358367920e-02 1.657878048717975616e-02 5.399500951170921326e-02 2.206303738057613373e-02 1.436889078468084335e-02 1.200384832918643951e-02 3.607397153973579407e-02 4.489101935178041458e-03 2.014944702386856079e-02 2.052990160882472992e-02 3.666857257485389709e-02 3.482889756560325623e-02 1.228186395019292831e-02 3.474797680974006653e-02 3.704287856817245483e-02 5.899902433156967163e-03 1.480149384588003159e-02 2.623064257204532623e-02 1.225755922496318817e-02 2.449895814061164856e-02 3.290611878037452698e-02 2.487465925514698029e-02 3.117766603827476501e-02 2.882126905024051666e-02 3.383152186870574951e-02 3.608145192265510559e-02 1.551162730902433395e-02 7.467638701200485229e-03 3.023098595440387726e-02 4.313922952860593796e-03 3.469882905483245850e-02 1.554221007972955704e-02 3.532842174172401428e-02 1.287245284765958786e-02 2.649606205523014069e-02 1.355042401701211929e-02 9.522998007014393806e-04 4.725179076194763184e-02 3.379838168621063232e-02 1.014253646135330200e-01 9.669741988182067871e-02 9.781112894415855408e-03 6.837745662778615952e-03 3.806127235293388367e-02 2.545649558305740356e-02 9.253295511007308960e-02 1.375486999750137329e-01 2.006763219833374023e-02 2.632274851202964783e-02 9.335684590041637421e-03 1.049160212278366089e-02 2.540237270295619965e-02 2.274362184107303619e-02 6.553259491920471191e-02 4.855575785040855408e-02 2.796500362455844879e-02 4.999024095013737679e-04 5.456862505525350571e-03 9.380712290294468403e-04 4.720883443951606750e-02 3.030273318290710449e-02 9.348738007247447968e-03 2.124052308499813080e-02 5.532270297408103943e-02 3.405975876376032829e-03 1.410660147666931152e-02 3.891937434673309326e-02 2.846520766615867615e-02 2.471220679581165314e-03 2.598575130105018616e-02 1.958825625479221344e-02 1.800906960852444172e-03 1.077282591722905636e-03 1.804370805621147156e-02 2.930517308413982391e-02
3.878997638821601868e-02 4.770105704665184021e-02 1.533025037497282028e-02 4.097727313637733459e-02 1.057442370802164078e-02 6.404356565326452255e-03 9.939157404005527496e-03 3.106145747005939484e-02 5.105011463165283203e-01 7.544382661581039429e-02 4.587155953049659729e-02 5.723652616143226624e-02 1.725739799439907074e-02 1.153831463307142258e-02 8.958891965448856354e-03 5.745155736804008484e-03 3.937964886426925659e-02 3.280879184603691101e-02 3.775319457054138184e-02 4.684337973594665527e-02 1.225446071475744247e-02 4.658181592822074890e-02 2.048556320369243622e-02 1.012182328850030899e-03 1.578505709767341614e-02 6.392547488212585449e-02 2.835851535201072693e-02 2.568406611680984497e-02 2.026822604238986969e-02 4.680288955569267273e-02 1.499452814459800720e-02 1.129072997719049454e-02 5.882758274674415588e-02 1.549124252051115036e-02 5.628754571080207825e-02 1.812201924622058868e-02 3.298583626747131348e-02 5.550071597099304199e-03 5.159768834710121155e-02 5.270414520055055618e-03 6.716575473546981812e-03 1.467076875269412994e-02 4.427807778120040894e-02 1.399910449981689453e-02 3.390343114733695984e-02 5.139812082052230835e-02 4.094703495502471924e-02 3.473548218607902527e-02 7.243973016738891602e-02 1.107177417725324631e-02 5.231090355664491653e-03 1.680388860404491425e-02 6.362918019294738770e-02 6.292732805013656616e-02 7.889724522829055786e-02 2.078996039927005768e-02 4.125704243779182434e-02 5.959487706422805786e-02 2.040263824164867401e-02 2.636959217488765717e-02 2.937678247690200806e-02 1.201291847974061966e-02 9.953364729881286621e-03 8.208388462662696838e-03 6.151727586984634399e-02 4.641483351588249207e-02 6.637744372710585594e-04 5.013094842433929443e-02 4.559738934040069580e-02 1.228963304311037064e-02 1.865212991833686829e-02 1.613211445510387421e-02 3.527235612273216248e-02 3.331762924790382385e-02 2.280798926949501038e-02 1.779770106077194214e-02 1.402531713247299194e-01 7.861197739839553833e-02 6.660878658294677734e-02 2.224248647689819336e-02 2.662765607237815857e-02 3.261347860097885132e-02 6.198619306087493896e-02 4.474982991814613342e-02 2.912349626421928406e-02 1.503813732415437698e-02 2.633285243064165115e-03 1.801250129938125610e-02 4.027108848094940186e-02 3.887870907783508301e-02 1.672108657658100128e-02 5.776805803179740906e-02 2.794497413560748100e-03 2.524839341640472412e-02 1.950462348759174347e-02 2.288075163960456848e-02 6.119624152779579163e-02 7.646965328603982925e-03 3.553797677159309387e-02 1.061380747705698013e-02 4.588175565004348755e-02 3.496442362666130066e-02 7.296111900359392166e-03 1.308201346546411514e-03 3.619252145290374756e-02 5.218900740146636963e-03 2.079144353047013283e-03 4.798420146107673645e-02 1.839243806898593903e-02 6.852406263351440430e-02 5.374758690595626831e-02 5.513831228017807007e-02 4.257296398282051086e-02 9.272596798837184906e-04 4.648649320006370544e-02 1.248600613325834274e-02
4.473728314042091370e-02 4.840350896120071411e-02 3.656018897891044617e-02 4.988616704940795898e-02 1.021918281912803650e-02 5.226290598511695862e-02 2.858053520321846008e-02 9.421995840966701508e-03 7.544382661581039429e-02 5.117087960243225098e-01 4.087761417031288147e-02 3.027780726552009583e-02 2.902557142078876495e-02 1.052439585328102112e-02 1.696991734206676483e-02 9.228831040672957897e-04 4.519411176443099976e-02 6.129068788141012192e-04 6.467910856008529663e-02 2.712126076221466064e-02 2.529092319309711456e-02 2.143860235810279846e-02 2.995509840548038483e-02 5.868109874427318573e-03 2.729182131588459015e-02 1.474034041166305542e-02 1.164237223565578461e-02 4.470856115221977234e-02 4.255148768424987793e-02 2.731014741584658623e-03 2.458661980926990509e-02 2.702287584543228149e-02 4.399497120175510645e-04 1.063604932278394699e-02 5.075533688068389893e-02 4.811421781778335571e-02 4.154130071401596069e-02 5.240375176072120667e-02 2.717193588614463806e-02 5.157561227679252625e-02 5.236409604549407959e-02 2.085294574499130249e-02 4.767036437988281250e-02 1.507955975830554962e-02 4.618955776095390320e-03 4.292788449674844742e-03 2.558145113289356232e-02 1.052000001072883606e-02 2.459754794836044312e-02 6.446763128042221069e-02 1.068398472853004932e-03 1.410586852580308914e-02 2.516920911148190498e-03 1.893848553299903870e-02 1.172805856913328171e-02 4.960024356842041016e-02 4.293034598231315613e-02 7.360773626714944839e-03 4.981851670891046524e-03 4.511665180325508118e-02 2.349267527461051941e-02 2.971524745225906372e-02 1.136110513471066952e-03 5.423412472009658813e-02 1.360853016376495361e-02 2.541358582675457001e-02 2.585242316126823425e-02 2.131235226988792419e-02 3.346655517816543579e-02 6.215737015008926392e-02 3.945321589708328247e-02 3.772260155528783798e-03 3.939676657319068909e-02 5.623260512948036194e-02 2.939128316938877106e-02 1.093008182942867279e-02 1.896782405674457550e-02 1.561523675918579102e-01 4.630693048238754272e-02 8.247725665569305420e-02 4.156257212162017822e-02 3.719199076294898987e-02 3.441991657018661499e-02 9.737186878919601440e-02 1.736138947308063507e-02 1.537840627133846283e-02 1.927241496741771698e-02 2.568758465349674225e-02 3.555151447653770447e-02 1.235213130712509155e-01 5.088410526514053345e-02 3.416320774704217911e-03 4.058602079749107361e-02 1.945059560239315033e-02 1.523420028388500214e-02 4.674093797802925110e-03 2.126671373844146729e-02 1.692779734730720520e-02 1.276298705488443375e-02 1.258684135973453522e-02 2.041149511933326721e-02 1.243866141885519028e-02 2.219003438949584961e-02 4.172261804342269897e-02 4.536146670579910278e-02 2.035472728312015533e-02 8.965442888438701630e-03 3.439940512180328369e-02 4.050570726394653320e-02 1.851256936788558960e-02 3.589849919080734253e-02 2.193998359143733978e-02 3.644793108105659485e-02 2.758478187024593353e-02 1.415100134909152985e-02 3.634417802095413208e-02
1.792662590742111206e-01 1.144968271255493164e-01 8.044973760843276978e-02 1.681354083120822906e-02 2.951511181890964508e-02 9.239921718835830688e-02 9.342585504055023193e-02 9.910305030643939972e-03 4.587155953049659729e-02 4.087761417031288147e-02 5.110878944396972656e-01 3.144793212413787842e-02 1.278477907180786133e-01 1.464296039193868637e-02 2.050112187862396240e-02 3.253681957721710205e-02 2.433509752154350281e-02 1.243695849552750587e-03 3.826501313596963882e-03 1.779509708285331726e-02 1.107480563223361969e-02 4.632625356316566467e-02 5.367774516344070435e-02 3.884393349289894104e-02 5.108138080686330795e-03 3.280610218644142151e-02 1.707014068961143494e-02 3.814978152513504028e-02 3.604306653141975403e-02 4.163791611790657043e-02 3.445063717663288116e-03 2.772811613976955414e-02 3.040532581508159637e-02 8.321366272866725922e-03 3.819217160344123840e-02 4.358424805104732513e-03 1.127692870795726776e-02 3.872179985046386719e-02 2.720979228615760803e-02 3.597252815961837769e-02 4.725973121821880341e-03 4.724416881799697876e-03 4.425026103854179382e-02 3.638681396842002869e-02 4.098261147737503052e-02 1.574175059795379639e-02 1.006211787462234497e-01 9.008633345365524292e-02 9.717370383441448212e-03 1.634549535810947418e-02 8.118839934468269348e-03 7.363858632743358612e-03 1.370603684335947037e-02 3.651568666100502014e-02 3.768547996878623962e-02 5.109592899680137634e-02 1.367019722238183022e-03 1.189487706869840622e-02 4.202539846301078796e-02 5.112459138035774231e-02 4.181499406695365906e-02 3.716176375746726990e-02 4.335864260792732239e-02 2.296472713351249695e-02 3.674776107072830200e-02 7.496842741966247559e-02 5.333348736166954041e-02 5.690193269401788712e-03 3.843801468610763550e-02 3.779031708836555481e-02 2.889401651918888092e-02 1.435055956244468689e-02 1.304767560213804245e-02 2.525977790355682373e-02 2.546551078557968140e-02 1.510109007358551025e-02 1.750021427869796753e-02 2.313935384154319763e-02 5.123717128299176693e-04 9.849270805716514587e-03 4.540146514773368835e-02 1.849818602204322815e-02 1.101518049836158752e-02 8.166650310158729553e-03 4.166160151362419128e-02 4.196990281343460083e-02 3.550066426396369934e-02 1.842818409204483032e-02 2.864872105419635773e-02 2.461614087224006653e-02 4.291391372680664062e-02 4.812841862440109253e-02 2.807979285717010498e-02 4.187131300568580627e-03 4.951306805014610291e-02 3.009384870529174805e-02 1.504295691847801208e-02 8.305786177515983582e-03 3.931569308042526245e-02 3.662578761577606201e-02 3.675077483057975769e-02 5.152668058872222900e-02 3.025374934077262878e-02 3.938644751906394958e-02 3.724040463566780090e-02 1.337993331253528595e-02 8.826036937534809113e-03 5.335166677832603455e-02 2.257596142590045929e-02 6.476017087697982788e-02 1.046027336269617081e-02 3.611978888511657715e-02 2.137340977787971497e-02 1.866625435650348663e-02 1.276767998933792114e-02 1.785692293196916580e-03
2.237392589449882507e-02 2.857272140681743622e-02 2.553812414407730103e-02 5.366197321563959122e-03 1.091969199478626251e-02 7.778641581535339355e-02 4.897787049412727356e-02 3.661258518695831299e-02 5.723652616143226624e-02 3.027780726552009583e-02 3.144793212413787842e-02 4.731638729572296143e-01 5.343510583043098450e-02 2.004410624504089355e-01 4.694304987788200378e-02 2.097733318805694580e-02 7.380047347396612167e-03 4.771701619029045105e-02 2.881437540054321289e-02 4.170408844947814941e-02 1.968894898891448975e-02 2.969294413924217224e-02 8.963795751333236694e-02 5.161524564027786255e-02 1.197773311287164688e-02 7.558723445981740952e-03 1.655889116227626801e-02 3.675402840599417686e-03 2.563531138002872467e-02 8.920990861952304840e-03 6.666924804449081421e-02 2.603469789028167725e-02 2.045849710702896118e-02 3.313155472278594971e-02 5.105613917112350464e-02 4.760870337486267090e-02 2.911438001319766045e-03 3.270624438300728798e-03 1.117784529924392700e-02 1.381959882564842701e-03 2.617530524730682373e-03 2.922492474317550659e-02 2.825281023979187012e-02 2.151936106383800507e-02 1.749070733785629272e-02 3.706982592120766640e-03 4.476374015212059021e-02 3.568155691027641296e-02 2.143538556993007660e-02 7.537086494266986847e-03 5.848907865583896637e-03 4.142146185040473938e-02 1.939377933740615845e-02 1.222599297761917114e-02 2.498377859592437744e-02 3.034949861466884613e-02 1.268404535949230194e-02 1.829234510660171509e-02 3.502515330910682678e-02 3.744445741176605225e-03 9.175318991765379906e-04 4.924625158309936523e-02 1.199853233993053436e-02 3.398068994283676147e-02 6.201234180480241776e-03 2.617570757865905762e-02 2.030370756983757019e-02 4.476169869303703308e-02 7.584313607367221266e-06 5.352174397557973862e-03 4.245626181364059448e-02 1.625089533627033234e-02 5.793970450758934021e-02 2.135286666452884674e-02 2.298907563090324402e-02 1.302896183915436268e-03 9.989245980978012085e-02 4.890996217727661133e-02 2.769048698246479034e-02 1.144383288919925690e-02 4.194161668419837952e-02 4.255372285842895508e-02 2.316784672439098358e-02 3.807496652007102966e-02 1.667802222073078156e-02 5.022635450586676598e-04 2.566808834671974182e-02 6.935716141015291214e-03 2.098333463072776794e-02 2.513021230697631836e-02 1.940784044563770294e-03 4.517506808042526245e-03 4.913407377898693085e-03 1.860458031296730042e-02 1.076714415103197098e-02 1.090422645211219788e-02 9.854665957391262054e-03 5.473887920379638672e-02 4.865739867091178894e-02 4.204671829938888550e-02 2.776251174509525299e-02 1.584307523444294930e-03 1.585062406957149506e-02 3.310693427920341492e-02 1.983199454843997955e-02 1.983162946999073029e-02 1.647323183715343475e-02 1.080842688679695129e-02 3.321434836834669113e-03 3.404669463634490967e-02 2.369065396487712860e-02 3.872491419315338135e-03 2.781060524284839630e-02 3.407431021332740784e-02 2.852783910930156708e-02 5.134086683392524719e-02
1.174599826335906982e-01 1.411232203245162964e-01 5.546548217535018921e-02 1.110134739428758621e-02 4.610442090779542923e-03 9.723252058029174805e-02 1.188390627503395081e-01 2.649727277457714081e-02 1.725739799439907074e-02 2.902557142078876495e-02 1.278477907180786133e-01 5.343510583043098450e-02 4.966989457607269287e-01 3.893420100212097168e-02 2.077534236013889313e-02 1.617406494915485382e-02 2.250201068818569183e-02 3.436046093702316284e-02 3.392386063933372498e-02 6.216245144605636597e-02 7.732306839898228645e-04 4.468183498829603195e-03 5.216410011053085327e-02 4.897916316986083984e-02 9.025882929563522339e-02 1.081274263560771942e-02 3.883624076843261719e-02 1.965118572115898132e-02 3.890974074602127075e-02 1.680422201752662659e-02 3.165125474333763123e-02 1.638484932482242584e-02 1.044074632227420807e-02 3.757556155323982239e-02 3.647239878773689270e-02 1.190880872309207916e-02 1.924719102680683136e-02 1.802359893918037415e-02 1.679846830666065216e-02 1.136567723006010056e-02 2.381639555096626282e-02 8.648143149912357330e-03 1.800212450325489044e-02 1.793097518384456635e-02 1.401729974895715714e-02 4.849649965763092041e-02 9.187703579664230347e-02 1.063743531703948975e-01 1.026857551187276840e-02 2.050960203632712364e-03 1.607057265937328339e-02 8.986091241240501404e-03 4.261941090226173401e-02 1.356819737702608109e-02 4.128010943531990051e-02 4.405267909169197083e-02 1.259328424930572510e-02 2.330393902957439423e-02 2.979587204754352570e-02 6.386350840330123901e-02 1.552053913474082947e-02 4.614045470952987671e-02 2.528320439159870148e-02 1.753802783787250519e-02 3.869613260030746460e-02 5.848053842782974243e-02 4.487586265895515680e-04 4.192600399255752563e-02 1.900912262499332428e-02 2.235372737050056458e-02 4.179637879133224487e-02 2.878669835627079010e-02 8.630296215415000916e-03 3.826212836429476738e-03 1.045326516032218933e-02 1.794088073074817657e-02 4.423020035028457642e-02 4.233016446232795715e-02 3.142841160297393799e-02 3.315443545579910278e-02 4.061426036059856415e-03 3.097687475383281708e-02 1.777244266122579575e-03 4.861164838075637817e-02 2.996678277850151062e-02 3.601600974798202515e-02 2.507551200687885284e-02 1.996269822120666504e-02 6.573467049747705460e-03 4.884573281742632389e-04 7.359151728451251984e-03 3.151018917560577393e-02 2.036523260176181793e-02 5.155809596180915833e-02 3.962679579854011536e-02 3.169311210513114929e-02 1.835744082927703857e-02 1.213027164340019226e-02 2.985008060932159424e-02 3.532559052109718323e-02 2.578943222761154175e-02 3.576875105500221252e-02 1.841075532138347626e-02 6.184170022606849670e-03 7.447739131748676300e-03 3.778761625289916992e-02 1.535782031714916229e-02 2.680125832557678223e-02 9.699100628495216370e-03 3.651544824242591858e-02 2.833325706887990236e-04 4.038531705737113953e-02 6.468489766120910645e-03 3.344422578811645508e-02 1.951027102768421173e-02 3.575283917598426342e-04
