5.100501775741577148e-01 1.432081162929534912e-01 9.164958260953426361e-03 1.603171043097972870e-02 2.297520823776721954e-02 9.607057273387908936e-02 8.836570382118225098e-02 6.253784522414207458e-03 4.907859116792678833e-02 4.510366171598434448e-02 8.508877456188201904e-02 6.790941208600997925e-02 1.009159088134765625e-01 3.987587615847587585e-02 4.853770881891250610e-02 8.390166796743869781e-03 1.502816285938024521e-02 4.940991103649139404e-02 3.529466688632965088e-02 2.226888760924339294e-02 2.006949484348297119e-02 1.933200837811455131e-04 1.606280356645584106e-02 3.687807917594909668e-02 7.746321149170398712e-03 3.835349902510643005e-02 3.202179679647088051e-03 4.356370773166418076e-03 4.756788164377212524e-02 6.062858179211616516e-02 1.906859688460826874e-02 5.114886537194252014e-02 3.094159625470638275e-02 3.385625034570693970e-02 2.873661741614341736e-02 1.085337903350591660e-02 2.992217615246772766e-02 1.840345910750329494e-03 1.101042609661817551e-03 1.140700653195381165e-02 2.586828731000423431e-02 4.897345602512359619e-02 1.478908583521842957e-02 3.016666695475578308e-02 5.451877042651176453e-02 5.469906702637672424e-02 9.099350124597549438e-02 5.203659087419509888e-02 2.947350405156612396e-02 2.685631439089775085e-02 2.971329167485237122e-02 2.374823577702045441e-02 4.521330073475837708e-02 6.863985327072441578e-04 3.701889887452125549e-02 2.340540848672389984e-02 3.465479612350463867e-02 1.593802310526371002e-02 3.876040503382682800e-02 3.514898568391799927e-02 2.181200496852397919e-02 2.637410722672939301e-02 5.404821597039699554e-03 4.811220988631248474e-02 4.814397916197776794e-02 3.139714151620864868e-02 1.097671966999769211e-02 2.294310554862022400e-02 2.413330227136611938e-02 5.345563404262065887e-03 4.663572460412979126e-02 2.726158313453197479e-02 1.613778248429298401e-02 4.182560741901397705e-02 2.945139631628990173e-02 4.796541109681129456e-02 2.971175499260425568e-02 3.898596391081809998e-02 4.561109840869903564e-02 1.940937899053096771e-02 5.581234768033027649e-02 2.657007891684770584e-03 5.397698376327753067e-03 4.712529852986335754e-02 4.107010737061500549e-02 1.943745091557502747e-02 4.437039420008659363e-02 6.163187325000762939e-03 2.295663952827453613e-02 2.178528666263446212e-04 2.071175351738929749e-02 2.203103899955749512e-02 3.788460418581962585e-02 2.554974518716335297e-02 4.477459006011486053e-03 8.173572272062301636e-02 3.062174189835786819e-03 1.100833993405103683e-02 1.843516901135444641e-02 9.369773790240287781e-03 5.101431161165237427e-03 4.838014021515846252e-03 3.259158134460449219e-02 4.833832010626792908e-02 3.810800611972808838e-02 3.623928409069776535e-03 2.592715248465538025e-02 3.200048953294754028e-02 4.578821361064910889e-02 1.513299997895956039e-02 2.931281924247741699e-02 2.043622732162475586e-02 2.807982265949249268e-02 5.249766260385513306e-02 2.977051027119159698e-02 2.317536994814872742e-02
1.432081162929534912e-01 5.073862075805664062e-01 3.271277993917465210e-02 2.827071584761142731e-02 3.524172306060791016e-02 8.874993771314620972e-02 1.347892284393310547e-01 3.249913686886429787e-03 1.593125797808170319e-02 4.410656541585922241e-02 3.730016527697443962e-03 3.558681160211563110e-02 9.105833619832992554e-02 1.032780669629573822e-02 7.968142628669738770e-03 3.129530325531959534e-02 1.427609473466873169e-02 3.728626295924186707e-02 7.297252770513296127e-03 5.434220656752586365e-03 2.609637752175331116e-02 2.729553915560245514e-02 2.748842723667621613e-02 3.543506935238838196e-02 4.594438150525093079e-02 3.205949207767844200e-03 1.315374579280614853e-02 7.237869780510663986e-03 3.848891332745552063e-02 6.224441528320312500e-02 1.347366254776716232e-02 1.007491257041692734e-02 1.936825551092624664e-02 2.927114255726337433e-02 4.660486057400703430e-02 2.691851370036602020e-02 4.565015807747840881e-02 3.831540420651435852e-02 4.090644791722297668e-02 1.270823460072278976e-02 2.776880003511905670e-02 1.770009845495223999e-02 3.342396765947341919e-02 8.913161233067512512e-03 2.556228823959827423e-02 4.404744878411293030e-02 6.370073556900024414e-02 5.416088923811912537e-02 7.302564382553100586e-02 2.766580134630203247e-02 1.469293516129255295e-02 4.345037043094635010e-03 5.394976120442152023e-03 1.655063405632972717e-02 2.329960465431213379e-02 1.590650156140327454e-02 6.389667978510260582e-04 3.049423545598983765e-02 2.596620842814445496e-02 8.218116126954555511e-03 4.234710708260536194e-02 3.936736658215522766e-02 5.699692759662866592e-03 2.977634035050868988e-02 3.294763341546058655e-02 4.836780577898025513e-02 1.163128856569528580e-02 6.948175840079784393e-03 3.504954278469085693e-02 4.610587656497955322e-02 4.950759932398796082e-02 4.881742969155311584e-02 5.868845153599977493e-03 1.253790501505136490e-02 2.787122130393981934e-02 4.722999036312103271e-02 4.717170447111129761e-02 3.944858163595199585e-02 3.946882858872413635e-02 3.778654336929321289e-02 7.648506760597229004e-02 1.070804893970489502e-02 1.390949450433254242e-02 1.854549162089824677e-02 4.486928507685661316e-02 1.153762917965650558e-02 1.414500735700130463e-02 4.530760645866394043e-02 1.718359999358654022e-02 2.017209678888320923e-02 2.506988821551203728e-03 4.400774091482162476e-02 3.339862450957298279e-02 8.020726032555103302e-03 6.742862612009048462e-02 5.345651879906654358e-02 1.263470202684402466e-02 6.701967213302850723e-03 5.575828626751899719e-02 2.730793878436088562e-02 1.796841993927955627e-02 6.545412354171276093e-03 1.406131777912378311e-02 1.345238927751779556e-02 1.500792242586612701e-02 2.045513875782489777e-02 1.411929959431290627e-03 3.768316283822059631e-02 2.157542295753955841e-02 1.088275108486413956e-02 3.531577810645103455e-02 8.996757678687572479e-03 2.431587129831314087e-02 2.982328273355960846e-02 4.793767817318439484e-03 2.043876564130187035e-03
9.164958260953426361e-03 3.271277993917465210e-02 5.026039481163024902e-01 1.258599199354648590e-02 2.171633951365947723e-02 4.247749224305152893e-03 1.168251503258943558e-02 5.993800982832908630e-02 4.128028452396392822e-02 5.364119261503219604e-02 3.542086482048034668e-02 3.877547802403569221e-03 2.060907520353794098e-02 2.730533480644226074e-02 5.331437662243843079e-02 3.415264561772346497e-02 3.597871586680412292e-02 1.444695238023996353e-02 4.256900027394294739e-02 7.889625616371631622e-03 4.156544338911771774e-03 2.104651648551225662e-03 2.679148875176906586e-02 3.184556961059570312e-02 6.388608366250991821e-03 3.042527288198471069e-02 2.574952132999897003e-02 3.108521550893783569e-02 2.973713912069797516e-02 4.445407912135124207e-02 2.538380399346351624e-02 1.353100314736366272e-02 1.759824901819229126e-02 1.370138302445411682e-02 4.969768598675727844e-02 1.343189273029565811e-02 4.270834475755691528e-02 7.749420404434204102e-02 3.725131973624229431e-02 3.925137966871261597e-02 2.426576428115367889e-02 2.728078328073024750e-02 2.909201569855213165e-02 3.204999864101409912e-02 1.098918635398149490e-02 6.463011261075735092e-03 6.528264377266168594e-03 4.591725300997495651e-03 3.494599461555480957e-02 2.414041943848133087e-02 3.301549330353736877e-02 1.233064848929643631e-02 2.366703189909458160e-02 4.521145299077033997e-02 6.334258941933512688e-04 4.145498201251029968e-02 9.201492648571729660e-04 3.413246199488639832e-02 1.365361362695693970e-02 6.687398254871368408e-02 1.877323351800441742e-02 2.715179882943630219e-02 1.390399318188428879e-02 1.149405632168054581e-02 5.837354063987731934e-02 7.903523743152618408e-03 5.616548005491495132e-03 2.446053316816687584e-03 5.695494823157787323e-03 3.292151167988777161e-02 2.503325045108795166e-02 3.505442664027214050e-02 1.648039743304252625e-02 9.629734791815280914e-03 3.410106524825096130e-02 3.929249197244644165e-02 3.958687558770179749e-02 7.097698748111724854e-02 4.295755177736282349e-03 7.317236158996820450e-04 7.068549841642379761e-02 1.773553900420665741e-02 3.157759830355644226e-02 3.524062409996986389e-02 2.667481079697608948e-02 2.931820042431354523e-02 1.780745573341846466e-02 2.598731778562068939e-02 2.044418593868613243e-03 1.205085217952728271e-02 1.680994965136051178e-02 1.175165642052888870e-02 3.838633885607123375e-03 2.528947032988071442e-02 2.418624935671687126e-03 3.820355236530303955e-02 5.189522635191679001e-03 4.923440143465995789e-02 2.829927392303943634e-02 2.644586376845836639e-02 1.403861958533525467e-02 1.136498153209686279e-02 2.256528101861476898e-02 4.155556857585906982e-02 5.410677939653396606e-02 7.054794579744338989e-03 1.297182496637105942e-02 3.390497341752052307e-02 1.280257385224103928e-02 4.104132577776908875e-02 4.190500825643539429e-02 5.642050877213478088e-03 1.386672537773847580e-02 3.765178611502051353e-03 4.032189771533012390e-02 1.237505301833152771e-02
1.603171043097972870e-02 2.827071584761142731e-02 1.258599199354648590e-02 5.150749683380126953e-01 1.160505712032318115e-01 1.748391892760992050e-03 8.068804629147052765e-03 3.615287132561206818e-03 4.229302331805229187e-02 5.360145121812820435e-02 9.069879539310932159e-03 1.586695387959480286e-02 5.491378530859947205e-02 1.409415528178215027e-02 1.141089946031570435e-02 5.396538972854614258e-02 3.933570906519889832e-02 9.039003401994705200e-03 2.291771583259105682e-02 2.036762982606887817e-02 1.369314547628164291e-02 2.410617657005786896e-02 8.441422833129763603e-04 5.823483690619468689e-03 4.378573223948478699e-02 1.181752886623144150e-02 1.408484764397144318e-03 5.413857847452163696e-02 2.883354388177394867e-02 3.868781775236129761e-02 2.979290112853050232e-02 2.790752425789833069e-02 3.955835849046707153e-02 9.439405985176563263e-03 4.871368408203125000e-02 4.959065001457929611e-03 5.530229536816477776e-04 4.839238151907920837e-02 1.474991068243980408e-02 1.894361712038516998e-02 1.213824935257434845e-02 8.063358254730701447e-03 1.250030240043997765e-03 4.107406362891197205e-02 1.631951332092285156e-02 2.679312787950038910e-02 3.775364486500620842e-03 3.797466307878494263e-02 1.765039004385471344e-02 2.408733777701854706e-02 9.818163700401782990e-03 4.144391044974327087e-03 5.077309533953666687e-02 2.037643641233444214e-02 2.048567123711109161e-02 3.712479397654533386e-02 1.753878779709339142e-02 1.485026068985462189e-02 3.357309475541114807e-02 5.498738959431648254e-03 1.146851293742656708e-02 1.097012497484683990e-02 9.256475605070590973e-03 2.440701611340045929e-02 1.913299225270748138e-02 1.520393323153257370e-02 3.674658387899398804e-02 2.579988352954387665e-02 1.703320629894733429e-02 1.136753428727388382e-02 8.032250334508717060e-04 1.096752937883138657e-02 8.550856262445449829e-02 3.674838691949844360e-02 5.104419961571693420e-02 7.842137478291988373e-03 3.211389482021331787e-02 1.376979239284992218e-02 1.595965586602687836e-02 1.909713260829448700e-03 5.007315054535865784e-02 1.563375443220138550e-02 1.976579055190086365e-02 1.634769886732101440e-02 2.215018309652805328e-02 9.959902381524443626e-04 3.906575217843055725e-02 8.856900967657566071e-03 2.031817287206649780e-02 4.803925752639770508e-02 5.330283939838409424e-02 7.879823446273803711e-03 1.349509321153163910e-02 2.444230392575263977e-02 4.532305896282196045e-02 1.400146074593067169e-02 2.511661313474178314e-02 2.092327736318111420e-02 1.597140170633792877e-02 4.386921413242816925e-03 1.870022271759808064e-03 4.978824779391288757e-02 1.854133605957031250e-02 3.312650695443153381e-02 5.571861285716295242e-03 1.439421030227094889e-04 4.737612977623939514e-02 3.631461877375841141e-03 5.437500774860382080e-02 5.994426086544990540e-03 1.167668146081268787e-03 5.680134985595941544e-03 2.440018393099308014e-02 1.219714060425758362e-02 4.589492082595825195e-02 2.111562341451644897e-02
2.297520823776721954e-02 3.524172306060791016e-02 2.171633951365947723e-02 1.160505712032318115e-01 5.010799169540405273e-01 2.704912237823009491e-02 1.415959186851978302e-02 1.748474687337875366e-02 4.960732161998748779e-02 1.802810840308666229e-02 2.695254422724246979e-02 3.619267046451568604e-02 1.891149021685123444e-02 4.826509207487106323e-02 4.272792860865592957e-02 3.483331575989723206e-02 5.029997974634170532e-02 9.423454292118549347e-03 4.177316650748252869e-02 2.021784707903862000e-02 1.729870401322841644e-02 3.493767604231834412e-02 2.794877439737319946e-02 4.493967071175575256e-02 2.991167642176151276e-02 2.136633545160293579e-02 3.861431032419204712e-02 5.403282120823860168e-03 4.916036128997802734e-02 3.512974083423614502e-02 3.009830228984355927e-02 1.608861610293388367e-02 2.037227898836135864e-02 1.483745174482464790e-03 5.626358836889266968e-02 8.094358257949352264e-03 4.252207465469837189e-03 2.026554755866527557e-02 1.554370764642953873e-02 9.064766764640808105e-02 6.695021688938140869e-02 3.194659249857068062e-03 2.292348537594079971e-03 1.128974719904363155e-03 2.442992851138114929e-02 1.745446771383285522e-02 4.944529011845588684e-02 1.491465233266353607e-02 1.195231825113296509e-02 1.392258889973163605e-02 4.290333762764930725e-02 1.783424243330955505e-02 3.945577889680862427e-02 4.021393880248069763e-02 4.269583150744438171e-02 5.040729045867919922e-02 2.505242824554443359e-02 4.143260791897773743e-02 2.490040496923029423e-04 4.485387355089187622e-02 9.292702190577983856e-03 5.085904151201248169e-03 1.281365752220153809e-02 7.105775922536849976e-02 2.198560535907745361e-02 8.109432645142078400e-03 3.605017066001892090e-02 4.030941426753997803e-02 1.213897718116641045e-03 1.495474856346845627e-02 1.312527339905500412e-02 2.922403812408447266e-02 8.005390316247940063e-02 3.987794741988182068e-03 1.017458513379096985e-01 3.561243787407875061e-02 1.049547572620213032e-03 1.051080785691738129e-02 3.549151122570037842e-03 4.251332022249698639e-03 3.036371245980262756e-02 1.221840828657150269e-02 2.820540592074394226e-02 7.247447967529296875e-03 1.217369362711906433e-02 2.493019029498100281e-02 3.105778805911540985e-02 3.425184264779090881e-02 2.437135390937328339e-02 3.419186919927597046e-02 2.759265899658203125e-02 9.043612517416477203e-03 1.772327348589897156e-02 1.373856235295534134e-02 3.156162425875663757e-02 8.078621700406074524e-03 5.030582845211029053e-02 1.640443690121173859e-02 8.687670342624187469e-03 3.569809347391128540e-02 1.579322107136249542e-02 3.087503835558891296e-02 1.047534309327602386e-02 4.491171613335609436e-02 2.044257335364818573e-02 1.828688383102416992e-02 2.738344948738813400e-03 3.835637494921684265e-02 2.592757903039455414e-02 5.431014578789472580e-03 5.822084471583366394e-02 1.547069847583770752e-02 4.354709759354591370e-02 1.023516710847616196e-02 3.906710073351860046e-02 3.206204250454902649e-02
9.607057273387908936e-02 8.874993771314620972e-02 4.247749224305152893e-03 1.748391892760992050e-03 2.704912237823009491e-02 5.138418674468994141e-01 1.035618036985397339e-01 4.151858016848564148e-02 1.305437553673982620e-02 2.806534990668296814e-02 3.179759532213211060e-02 2.210875786840915680e-02 8.021253161132335663e-03 2.849271334707736969e-02 4.784138873219490051e-02 3.269758308306336403e-03 1.034730765968561172e-02 7.191038457676768303e-04 4.080618917942047119e-02 3.122172690927982330e-02 5.059589818120002747e-02 4.057379439473152161e-02 1.661687903106212616e-02 2.798223122954368591e-02 4.959354177117347717e-03 4.081639647483825684e-02 5.056921392679214478e-02 3.704486414790153503e-02 2.269713580608367920e-02 1.092605590820312500e-01 5.036103725433349609e-02 4.614585265517234802e-02 2.042805776000022888e-02 4.677389748394489288e-03 8.071933872997760773e-03 3.795759379863739014e-02 3.524490073323249817e-02 6.664049811661243439e-03 4.640715569257736206e-02 5.948167294263839722e-03 4.464840143918991089e-02 4.213388264179229736e-02 1.938399486243724823e-02 5.508268252015113831e-03 1.469764579087495804e-02 7.117670774459838867e-02 5.782900378108024597e-02 2.308572083711624146e-02 2.083058841526508331e-02 3.306721523404121399e-02 5.819321423768997192e-02 5.107322335243225098e-02 1.908539421856403351e-02 1.155779883265495300e-02 1.648911274969577789e-02 2.519014014978893101e-05 3.983015939593315125e-02 2.409906312823295593e-02 3.137864544987678528e-02 3.794571012258529663e-02 1.018801517784595490e-02 3.225142508745193481e-02 1.579374074935913086e-02 2.524562366306781769e-02 2.320391125977039337e-02 1.462936680763959885e-02 1.913735270500183105e-02 4.826739057898521423e-02 4.092349857091903687e-02 2.479868382215499878e-02 5.098222568631172180e-02 2.944745868444442749e-02 3.817826509475708008e-02 1.974299922585487366e-02 3.740295022726058960e-02 2.346445620059967041e-02 3.856677561998367310e-02 1.953460834920406342e-02 1.771587692201137543e-02 5.626010522246360779e-02 8.900301530957221985e-03 1.717101223766803741e-02 2.462314069271087646e-02 4.102201759815216064e-02 3.634940832853317261e-03 2.680912986397743225e-02 1.502221915870904922e-02 3.284248709678649902e-02 8.457680046558380127e-02 5.083281174302101135e-02 4.691195115447044373e-02 3.437491878867149353e-02 4.696797206997871399e-02 5.049331113696098328e-02 2.617367729544639587e-02 1.800695061683654785e-02 3.490616008639335632e-02 2.664480544626712799e-02 2.295691706240177155e-02 8.023255504667758942e-03 4.520556330680847168e-02 2.952376380562782288e-02 1.380434166640043259e-02 4.965810850262641907e-02 1.923786476254463196e-02 2.846737951040267944e-02 2.057875692844390869e-02 1.607992127537727356e-02 8.138944394886493683e-03 3.634303435683250427e-02 4.087883979082107544e-02 2.643763786181807518e-03 3.011563792824745178e-02 1.115612685680389404e-02 2.730497345328330994e-02 1.259672082960605621e-02
8.836570382118225098e-02 1.347892284393310547e-01 1.168251503258943558e-02 8.068804629147052765e-03 1.415959186851978302e-02 1.035618036985397339e-01 5.100552439689636230e-01 4.952102527022361755e-02 5.106377974152565002e-02 2.579271234571933746e-02 4.500262066721916199e-02 1.865945756435394287e-02 7.148040831089019775e-02 1.538195461034774780e-02 2.492321468889713287e-02 3.382402937859296799e-03 8.390421979129314423e-03 3.890248015522956848e-02 4.592298530042171478e-03 6.847208365797996521e-03 1.640477776527404785e-02 1.317800581455230713e-02 4.085816815495491028e-02 3.991563990712165833e-02 2.851834334433078766e-02 3.460986167192459106e-02 9.064535610377788544e-03 1.024429034441709518e-02 2.646716870367527008e-02 1.837532408535480499e-02 3.555806726217269897e-02 3.299044817686080933e-02 4.264840111136436462e-02 2.311628684401512146e-02 4.877096507698297501e-03 2.023312821984291077e-02 1.028913352638483047e-02 2.663223445415496826e-02 4.307663813233375549e-02 1.642915792763233185e-02 1.272488757967948914e-02 9.425418451428413391e-03 2.892924100160598755e-02 1.097487844526767731e-02 3.557839430868625641e-03 4.933141916990280151e-02 8.419147133827209473e-02 7.614437490701675415e-02 3.367007523775100708e-02 5.289883539080619812e-02 2.519246935844421387e-02 1.969471946358680725e-02 1.113247824832797050e-03 3.640096634626388550e-02 3.205209597945213318e-02 4.600477591156959534e-02 1.060517039149999619e-02 6.106132641434669495e-03 3.398326784372329712e-02 2.461099997162818909e-02 3.204008564352989197e-02 1.174026355147361755e-02 1.653477316722273827e-03 2.886229753494262695e-02 3.211518749594688416e-02 1.769667863845825195e-02 4.858483560383319855e-03 2.853679284453392029e-02 9.514800272881984711e-03 4.350688681006431580e-02 4.101982712745666504e-02 1.493327412754297256e-02 1.219227793626487255e-03 2.739141881465911865e-02 1.291202008724212646e-02 3.793958202004432678e-02 2.294187434017658234e-02 2.081539668142795563e-02 8.292096666991710663e-03 1.600243337452411652e-02 2.010234631597995758e-02 5.808432586491107941e-03 3.496246039867401123e-02 6.670511327683925629e-03 3.692963160574436188e-03 4.004554823040962219e-02 3.662608936429023743e-02 3.087332099676132202e-02 8.052993565797805786e-02 2.038780972361564636e-02 4.861215129494667053e-03 2.380866184830665588e-02 1.277891919016838074e-02 1.254399120807647705e-02 4.092327505350112915e-02 5.217365454882383347e-03 6.330037722364068031e-04 1.840075477957725525e-02 4.601055383682250977e-02 1.547614950686693192e-02 3.950239345431327820e-02 4.119856655597686768e-02 3.120125271379947662e-03 7.289238274097442627e-03 3.073292784392833710e-02 3.014336898922920227e-02 5.818874761462211609e-02 5.750023573637008667e-02 1.708740554749965668e-02 1.316746231168508530e-02 3.231922537088394165e-02 1.652166061103343964e-02 1.637479849159717560e-02 2.882726863026618958e-02 2.725352533161640167e-02 2.908918634057044983e-02
6.253784522414207458e-03 3.249913686886429787e-03 5.993800982832908630e-02 3.615287132561206818e-03 1.748474687337875366e-02 4.151858016848564148e-02 4.952102527022361755e-02 5.010561943054199219e-01 1.474587805569171906e-02 1.436771918088197708e-02 1.841872371733188629e-02 4.135786741971969604e-02 3.461173176765441895e-02 1.542086154222488403e-02 9.392480552196502686e-02 9.047273546457290649e-03 3.066687844693660736e-02 2.555326372385025024e-02 3.303897008299827576e-02 6.482113152742385864e-02 4.787153098732233047e-03 3.495888411998748779e-02 2.098603406921029091e-03 3.147233510389924049e-03 2.488279156386852264e-02 1.871455088257789612e-02 2.526612207293510437e-02 4.147896543145179749e-03 6.382467225193977356e-03 3.912892565131187439e-02 4.476062953472137451e-02 3.665138268843293190e-03 1.491997670382261276e-02 2.365793474018573761e-02 3.836748749017715454e-02 3.018360212445259094e-02 4.277464002370834351e-02 1.763032935559749603e-02 2.421703934669494629e-02 3.085769712924957275e-02 3.959334269165992737e-02 3.763732686638832092e-02 3.524654731154441833e-02 1.200339943170547485e-02 1.793070510029792786e-02 4.675349220633506775e-02 2.314809709787368774e-02 1.581415906548500061e-02 2.457008697092533112e-02 3.530330210924148560e-02 3.613296430557966232e-03 5.186532065272331238e-02 1.549944002181291580e-02 4.137688875198364258e-02 2.893238328397274017e-03 1.281823683530092239e-02 1.340758241713047028e-02 6.087319925427436829e-03 5.455244332551956177e-02 4.484710469841957092e-02 8.512990549206733704e-03 4.884372279047966003e-02 2.712550573050975800e-02 1.435237471014261246e-02 4.265038669109344482e-02 4.717790335416793823e-02 4.981892555952072144e-02 5.874215625226497650e-03 4.418184980750083923e-02 3.915391489863395691e-02 3.302164748311042786e-02 1.581145264208316803e-02 4.546805750578641891e-03 7.244031294248998165e-04 7.538036443293094635e-03 1.158172450959682465e-02 9.474799968302249908e-03 5.635778885334730148e-03 9.461529552936553955e-03 2.079389523714780807e-03 4.619200527667999268e-02 4.554032534360885620e-02 1.959061063826084137e-02 7.845722138881683350e-03 3.217192366719245911e-02 4.238558933138847351e-02 6.358270067721605301e-03 5.307382345199584961e-02 4.188809171319007874e-02 2.134540863335132599e-02 3.822719678282737732e-02 2.807649038732051849e-02 6.009488366544246674e-03 1.404873188585042953e-02 4.748864844441413879e-02 1.281293481588363647e-02 1.034843828529119492e-02 3.761387243866920471e-02 1.948271133005619049e-02 7.142283953726291656e-03 2.363410219550132751e-02 5.187730421312153339e-04 7.426338270306587219e-03 1.224032137542963028e-02 4.752284288406372070e-02 4.646034538745880127e-02 4.262663424015045166e-03 1.871448568999767303e-02 1.106126420199871063e-02 3.992669284343719482e-02 6.044189445674419403e-03 1.960509456694126129e-02 3.529363870620727539e-02 5.214693397283554077e-02 2.412794157862663269e-02 3.355865553021430969e-02
4.907859116792678833e-02 1.593125797808170319e-02 4.128028452396392822e-02 4.229302331805229187e-02 4.960732161998748779e-02 1.305437553673982620e-02 5.106377974152565002e-02 1.474587805569171906e-02 5.060955882072448730e-01 7.464338093996047974e-02 9.472771198488771915e-04 1.911423727869987488e-02 1.268605049699544907e-02 6.952407211065292358e-02 1.494301203638315201e-02 2.024438418447971344e-02 3.556047566235065460e-03 5.789104849100112915e-02 7.617485825903713703e-04 1.810814440250396729e-02 3.609573096036911011e-02 4.610083997249603271e-02 1.783594302833080292e-02 8.257912471890449524e-03 2.108263224363327026e-02 1.647490821778774261e-02 6.315165758132934570e-02 2.045160904526710510e-02 1.255133468657732010e-02 7.870445959270000458e-03 5.202533304691314697e-02 3.114031627774238586e-02 3.306803107261657715e-02 1.972522027790546417e-02 4.767454788088798523e-02 2.268702909350395203e-02 1.854648813605308533e-02 1.985657960176467896e-02 9.725216776132583618e-03 1.965349912643432617e-02 4.129133373498916626e-02 2.174210734665393829e-02 7.028394844383001328e-03 1.977000944316387177e-02 1.359547302126884460e-02 2.982168225571513176e-03 4.927748069167137146e-02 3.444014117121696472e-02 4.712140187621116638e-02 1.483615487813949585e-02 2.175717242062091827e-02 8.890570141375064850e-03 1.599026285111904144e-02 2.144395606592297554e-03 7.776233553886413574e-02 2.200655825436115265e-02 1.390894968062639236e-02 2.349434979259967804e-02 1.200680248439311981e-02 4.134755581617355347e-02 7.641216367483139038e-02 1.429675426334142685e-02 2.957616932690143585e-03 3.711041808128356934e-02 2.243802137672901154e-02 5.773358047008514404e-02 4.098174348473548889e-02 1.993649639189243317e-02 1.119956374168395996e-02 1.518814731389284134e-02 4.204434528946876526e-02 5.843387916684150696e-03 3.052187338471412659e-02 3.651868551969528198e-02 4.714426770806312561e-02 1.759654283523559570e-02 5.893902853131294250e-02 4.503524675965309143e-02 1.086296327412128448e-02 5.107862129807472229e-02 1.281201001256704330e-02 1.021275483071804047e-02 9.155102074146270752e-02 6.355690304189920425e-03 2.267138287425041199e-02 2.787352353334426880e-02 1.669829897582530975e-02 1.028027851134538651e-02 8.841971866786479950e-03 3.593021770939230919e-03 1.584520004689693451e-02 1.575743965804576874e-02 6.362065207213163376e-03 6.027199327945709229e-03 7.132710888981819153e-03 3.975026309490203857e-02 4.375251010060310364e-03 1.586646772921085358e-02 5.025479476898908615e-03 9.545872919261455536e-03 3.189368546009063721e-02 6.598627660423517227e-03 2.578390762209892273e-02 2.449155412614345551e-02 2.733122929930686951e-02 3.415885567665100098e-02 2.577061019837856293e-02 8.568860939703881741e-04 4.788630083203315735e-02 4.935007914900779724e-02 1.526944618672132492e-02 3.415884077548980713e-02 2.372417226433753967e-02 1.090126484632492065e-02 4.130677878856658936e-02 5.751449149101972580e-03
4.510366171598434448e-02 4.410656541585922241e-02 5.364119261503219604e-02 5.360145121812820435e-02 1.802810840308666229e-02 2.806534990668296814e-02 2.579271234571933746e-02 1.436771918088197708e-02 7.464338093996047974e-02 5.073864459991455078e-01 9.276957251131534576e-03 4.477665200829505920e-02 3.210652247071266174e-02 1.396513544023036957e-02 1.343085896223783493e-02 7.711159996688365936e-03 1.832929905503988266e-03 2.215435728430747986e-02 2.827130630612373352e-02 2.456286735832691193e-02 4.384811967611312866e-02 1.989915966987609863e-02 3.452751040458679199e-02 1.625664159655570984e-02 5.140542611479759216e-02 6.541033275425434113e-03 1.927790604531764984e-02 4.585494101047515869e-02 2.192807849496603012e-03 1.319112721830606461e-02 2.725920081138610840e-02 1.319509372115135193e-02 2.310799062252044678e-02 1.318123284727334976e-02 4.900118336081504822e-02 2.123816683888435364e-02 3.378543478902429342e-04 1.528719626367092133e-02 7.675731927156448364e-02 6.107268109917640686e-02 1.436005346477031708e-03 3.739067539572715759e-02 1.708692312240600586e-02 6.030402146279811859e-03 8.402211591601371765e-03 5.359349399805068970e-02 2.487759804353117943e-03 3.115531243383884430e-02 3.046579100191593170e-02 4.656302556395530701e-02 1.116451527923345566e-02 1.105081569403409958e-02 1.358154881745576859e-02 1.379023585468530655e-02 9.937465190887451172e-03 4.649413004517555237e-02 6.712021306157112122e-03 3.156781196594238281e-02 2.021313644945621490e-02 3.593119233846664429e-02 9.248933754861354828e-03 3.778574615716934204e-02 1.689291000366210938e-02 3.741317242383956909e-02 2.689083479344844818e-02 3.608842194080352783e-02 5.592219531536102295e-02 9.289884939789772034e-03 8.194936439394950867e-03 9.557094424962997437e-03 2.209327556192874908e-02 3.293766453862190247e-02 1.729040523059666157e-03 6.697842851281166077e-03 2.055001072585582733e-02 2.223856560885906219e-02 2.725491998717188835e-03 7.187595963478088379e-02 3.470695391297340393e-02 5.537997931241989136e-02 4.758048057556152344e-02 2.619360201060771942e-02 3.384569287300109863e-02 8.347241580486297607e-02 2.728076092898845673e-02 1.705012284219264984e-02 3.434809297323226929e-02 3.255326673388481140e-02 3.210675343871116638e-02 5.946664139628410339e-02 2.826023846864700317e-02 7.692377083003520966e-03 2.459225244820117950e-02 5.144843086600303650e-02 1.611980237066745758e-02 2.861381135880947113e-02 2.655415050685405731e-02 2.926607057452201843e-02 1.288564875721931458e-02 4.253826569765806198e-03 1.697446568869054317e-03 4.516824334859848022e-02 4.147622734308242798e-02 4.811974614858627319e-02 4.849660396575927734e-02 3.243302926421165466e-02 3.664825484156608582e-02 2.060261787846684456e-03 7.891814224421977997e-03 2.398705482482910156e-02 3.789008408784866333e-02 1.973232574528083205e-04 4.645989090204238892e-02 1.803839951753616333e-02 2.321807108819484711e-02 8.248453959822654724e-03
8.508877456188201904e-02 3.730016527697443962e-03 3.542086482048034668e-02 9.069879539310932159e-03 2.695254422724246979e-02 3.179759532213211060e-02 4.500262066721916199e-02 1.841872371733188629e-02 9.472771198488771915e-04 9.276957251131534576e-03 5.058416128158569336e-01 2.331016398966312408e-02 6.280838698148727417e-02 3.224848536774516106e-03 3.139097616076469421e-02 2.198015898466110229e-02 5.219308659434318542e-03 3.656413871794939041e-03 2.872877009212970734e-02 4.958553984761238098e-02 3.779359394684433937e-03 8.433332294225692749e-02 3.833072260022163391e-02 3.931348025798797607e-02 3.348971158266067505e-02 1.954456605017185211e-02 3.864280879497528076e-02 4.461400210857391357e-02 7.532896008342504501e-03 2.999313175678253174e-02 5.034627392888069153e-02 2.465595863759517670e-02 2.751373499631881714e-02 3.010044433176517487e-02 1.548189949244260788e-02 3.640087088569998741e-03 4.643392190337181091e-02 1.679443567991256714e-02 2.568036504089832306e-02 4.130513221025466919e-02 3.316311165690422058e-03 4.990495741367340088e-02 2.144959382712841034e-02 3.783238679170608521e-02 1.757122203707695007e-02 2.606999501585960388e-02 3.850835934281349182e-02 8.852843940258026123e-02 2.131059952080249786e-02 2.858630381524562836e-02 1.574662700295448303e-02 3.983402997255325317e-02 7.269125897437334061e-03 2.029874175786972046e-02 7.492020085919648409e-05 2.339804917573928833e-02 3.598739951848983765e-02 5.375136807560920715e-02 3.834715485572814941e-02 2.469875849783420563e-02 4.634031653404235840e-02 4.527697339653968811e-02 4.002170264720916748e-02 3.134622424840927124e-02 3.294031694531440735e-02 5.139447748661041260e-02 1.233408041298389435e-02 2.255770564079284668e-02 2.110206335783004761e-02 2.236485248431563377e-03 6.485844496637582779e-03 8.591270446777343750e-02 6.887674797326326370e-03 1.448827516287565231e-02 2.958218939602375031e-02 3.904708474874496460e-02 3.204187005758285522e-02 4.903159663081169128e-02 1.889716833829879761e-03 5.746126174926757812e-03 2.126431092619895935e-02 2.203680202364921570e-02 2.037912979722023010e-02 4.635585099458694458e-02 3.281815722584724426e-02 2.470163628458976746e-02 6.889988481998443604e-02 1.121932361274957657e-02 2.979073300957679749e-02 4.014440998435020447e-02 8.226464502513408661e-03 6.832007318735122681e-02 2.031721360981464386e-02 5.930373817682266235e-02 3.518286719918251038e-02 8.751333691179752350e-03 3.911225497722625732e-02 3.657933697104454041e-02 4.066351428627967834e-02 2.725169993937015533e-02 1.230957917869091034e-02 4.698087461292743683e-03 5.826507881283760071e-02 7.317454554140567780e-03 1.639987900853157043e-02 2.634380199015140533e-02 9.747482836246490479e-03 2.018471062183380127e-02 3.680577874183654785e-02 5.530700832605361938e-02 2.656222693622112274e-02 4.734324663877487183e-02 4.175136983394622803e-02 4.513438791036605835e-02 4.240395128726959229e-02 4.927867650985717773e-02
6.790941208600997925e-02 3.558681160211563110e-02 3.877547802403569221e-03 1.586695387959480286e-02 3.619267046451568604e-02 2.210875786840915680e-02 1.865945756435394287e-02 4.135786741971969604e-02 1.911423727869987488e-02 4.477665200829505920e-02 2.331016398966312408e-02 4.962322711944580078e-01 6.741418968886137009e-03 1.331697255373001099e-01 2.647649310529232025e-02 2.657365053892135620e-02 7.454273290932178497e-03 4.517696052789688110e-02 2.633971720933914185e-02 5.283190682530403137e-02 1.812971755862236023e-02 4.185787215828895569e-02 1.921225339174270630e-02 1.161181926727294922e-02 5.448525771498680115e-02 1.370712416246533394e-03 2.373189106583595276e-02 1.043437328189611435e-02 2.006697654724121094e-02 3.681238507851958275e-03 1.788188237696886063e-03 2.965483255684375763e-02 4.442441835999488831e-02 5.007407814264297485e-02 5.039386078715324402e-02 3.101602382957935333e-02 3.334789071232080460e-03 6.330516189336776733e-03 1.670901104807853699e-02 3.525190800428390503e-02 1.227114908397197723e-02 3.411514684557914734e-03 3.387296944856643677e-02 4.847671836614608765e-02 3.272344544529914856e-02 3.670312836766242981e-02 1.908837258815765381e-02 1.296606101095676422e-02 1.221943367272615433e-02 2.522957511246204376e-03 1.316274330019950867e-02 3.295876085758209229e-02 5.462746694684028625e-02 4.698058590292930603e-02 2.705950103700160980e-02 1.614957349374890327e-03 1.615705899894237518e-02 4.140441492199897766e-02 4.040610045194625854e-02 1.852632313966751099e-02 2.801970578730106354e-02 4.301676154136657715e-02 2.457264252007007599e-02 2.370091155171394348e-02 4.190250486135482788e-02 2.277739532291889191e-02 3.156201168894767761e-02 9.470150806009769440e-03 5.213115364313125610e-03 2.866804972290992737e-02 2.233295328915119171e-02 4.189338907599449158e-02 7.793788332492113113e-03 1.760821975767612457e-02 3.194886073470115662e-02 1.263987924903631210e-02 1.983790099620819092e-02 9.639999829232692719e-03 2.674083225429058075e-02 3.680725023150444031e-02 3.910303115844726562e-02 5.944528058171272278e-02 4.369747638702392578e-02 9.510261937975883484e-03 2.389818616211414337e-02 2.737376280128955841e-02 1.729460060596466064e-02 1.359069999307394028e-02 2.428538724780082703e-02 6.787047535181045532e-02 3.713722527027130127e-02 5.224150046706199646e-02 1.643651537597179413e-02 2.832997217774391174e-02 1.417742110788822174e-02 2.150054834783077240e-02 4.626343399286270142e-02 2.480363473296165466e-02 7.444874383509159088e-03 3.614131733775138855e-02 3.867067396640777588e-02 4.335844516754150391e-02 2.681330777704715729e-02 3.774127736687660217e-02 3.544095158576965332e-02 4.941346123814582825e-02 1.241352688521146774e-02 4.928383231163024902e-02 6.230232492089271545e-02 5.118246749043464661e-02 2.329296432435512543e-02 9.619351476430892944e-03 2.672926522791385651e-02 4.780285060405731201e-03 3.254900127649307251e-02 6.082579866051673889e-02
1.009159088134765625e-01 9.105833619832992554e-02 2.060907520353794098e-02 5.491378530859947205e-02 1.891149021685123444e-02 8.021253161132335663e-03 7.148040831089019775e-02 3.461173176765441895e-02 1.268605049699544907e-02 3.210652247071266174e-02 6.280838698148727417e-02 6.741418968886137009e-03 5.184261202812194824e-01 1.760772988200187683e-02 4.315987601876258850e-02 3.000551089644432068e-02 2.694473788142204285e-02 2.314304746687412262e-02 2.617504261434078217e-02 2.536436170339584351e-02 7.207147777080535889e-03 4.100457578897476196e-02 5.745071172714233398e-02 3.000757656991481781e-02 4.744494706392288208e-02 2.129734866321086884e-02 3.042000718414783478e-02 2.347604557871818542e-02 1.099097449332475662e-02 4.687130078673362732e-02 9.070989489555358887e-02 8.961161598563194275e-03 3.100901655852794647e-02 1.126756612211465836e-02 3.642599284648895264e-02 4.045249428600072861e-03 2.391607500612735748e-02 5.800240859389305115e-02 2.630000561475753784e-02 4.746687784790992737e-02 3.637596219778060913e-02 5.055401846766471863e-02 5.150024592876434326e-02 1.127817016094923019e-02 2.615557983517646790e-02 4.853533953428268433e-02 8.857294172048568726e-02 5.746272206306457520e-02 4.020364582538604736e-02 3.196654096245765686e-02 2.918054163455963135e-02 1.327941473573446274e-02 2.813549246639013290e-03 2.117174491286277771e-02 2.622399851679801941e-02 1.195133198052644730e-02 6.320042163133621216e-02 5.608804151415824890e-02 3.711979836225509644e-02 6.080199498683214188e-03 7.328953593969345093e-03 7.589522283524274826e-03 7.210562005639076233e-03 2.315545920282602310e-03 1.689924113452434540e-02 6.289178878068923950e-02 2.872037701308727264e-02 8.817263878881931305e-03 2.972755394876003265e-02 9.926961734890937805e-03 3.349790722131729126e-02 5.017363280057907104e-02 3.517783060669898987e-02 1.059634331613779068e-02 4.142257384955883026e-03 1.191168092191219330e-02 2.774197980761528015e-02 2.741461619734764099e-02 3.996311500668525696e-02 9.012364782392978668e-03 2.315832674503326416e-02 5.176549404859542847e-02 1.292070467025041580e-02 3.019462898373603821e-02 1.648983545601367950e-02 1.462340448051691055e-02 2.102227881550788879e-02 3.796604229137301445e-03 4.408268630504608154e-02 4.736625403165817261e-02 1.028268560767173767e-01 1.163631863892078400e-02 8.643431216478347778e-02 6.885787844657897949e-02 1.248066895641386509e-03 3.212072700262069702e-02 5.844024941325187683e-02 4.334171116352081299e-02 3.917862474918365479e-02 6.937154568731784821e-03 5.596220958977937698e-03 7.591671310365200043e-03 5.240354314446449280e-02 2.113678865134716034e-02 2.381021715700626373e-02 1.035193726420402527e-02 6.374941673129796982e-03 2.587913535535335541e-02 3.601571172475814819e-02 4.195740073919296265e-02 2.417898271232843399e-03 4.458848759531974792e-02 5.041600763797760010e-02 4.883050173521041870e-02 5.385195091366767883e-02 4.877898097038269043e-02
