4.557064771652221680e-01 1.716643869876861572e-01 6.140732672065496445e-03 3.615213185548782349e-02 8.139276877045631409e-03 1.853490024805068970e-01 8.302014321088790894e-02 1.916238293051719666e-02 4.003990814089775085e-02 4.674823582172393799e-02 1.654334217309951782e-01 1.985689438879489899e-02 1.841441988945007324e-01 1.671182177960872650e-02 2.965878136456012726e-02 8.600546047091484070e-03 2.537054941058158875e-02 3.049997054040431976e-02 5.645437631756067276e-03 1.453846320509910583e-02 1.160575635731220245e-02 8.712912350893020630e-02 4.689224809408187866e-02 1.580983959138393402e-02 2.000271528959274292e-02 2.489248663187026978e-02 5.444126576185226440e-02 2.136971987783908844e-02 1.196428202092647552e-02 3.273378685116767883e-02 4.306201636791229248e-02 4.944271594285964966e-02 8.711877278983592987e-03 2.335061877965927124e-02 4.298639670014381409e-02 1.904957555234432220e-02 7.300139404833316803e-03 3.282930329442024231e-02 1.267380174249410629e-02 3.498668968677520752e-02 4.294175654649734497e-02 3.684528544545173645e-02 2.213405817747116089e-02 5.702568218111991882e-03 8.151368238031864166e-03 4.646663088351488113e-03 1.708151996135711670e-01 7.716018706560134888e-02 3.331963345408439636e-02 4.632546380162239075e-02 1.280731055885553360e-02 9.386859601363539696e-04 4.158329963684082031e-02 3.565085306763648987e-02 3.574231639504432678e-02 3.974297549575567245e-03 3.776904428377747536e-03 1.606682315468788147e-02 1.562340091913938522e-02 1.725901104509830475e-02 1.934811356477439404e-03 3.207870945334434509e-02 5.939415132161229849e-05 4.153287410736083984e-02 7.230292074382305145e-03 2.070340514183044434e-02 2.911832183599472046e-02 3.383138775825500488e-02 4.601788707077503204e-03 4.251876473426818848e-02 1.554724574089050293e-02 7.585961720906198025e-04 3.657545894384384155e-02 4.414609447121620178e-02 1.614801026880741119e-02 2.725487761199474335e-02 1.957486756145954132e-02 6.768996361643075943e-03 1.269385777413845062e-02 4.565501585602760315e-02 1.237719506025314331e-02 3.779504448175430298e-02 4.924583062529563904e-02 3.283409029245376587e-02 2.270467579364776611e-02 3.107623383402824402e-02 3.610791265964508057e-02 2.029565349221229553e-02 1.289577875286340714e-02 3.294429928064346313e-02 3.761010244488716125e-02 2.735814265906810760e-02 7.607230916619300842e-03 1.946471817791461945e-02 2.814451232552528381e-02 2.176507189869880676e-02 3.691655397415161133e-02 1.957866735756397247e-02 4.507261142134666443e-02 5.473747383803129196e-03 4.012206569314002991e-02 3.160259127616882324e-02 1.135182101279497147e-03 6.450834218412637711e-03 2.561387047171592712e-02 4.026952758431434631e-02 1.172273885458707809e-02 9.799348190426826477e-03 8.166577666997909546e-03 2.965058898553252220e-03 8.649151772260665894e-03 1.337863318622112274e-02 1.771411113440990448e-02 4.000066313892602921e-03 7.757501211017370224e-03 1.304394286125898361e-02
1.716643869876861572e-01 4.388944506645202637e-01 4.220634233206510544e-03 4.770839586853981018e-02 3.585085272789001465e-02 1.403270512819290161e-01 1.376576572656631470e-01 2.088894322514533997e-02 7.066071033477783203e-03 1.911810413002967834e-02 1.862034797668457031e-01 2.800469659268856049e-02 1.831525117158889771e-01 2.945473976433277130e-02 3.887381032109260559e-02 2.179031871492043138e-04 1.435837522149085999e-02 4.210023954510688782e-02 2.493956498801708221e-02 4.388032108545303345e-02 1.706389896571636200e-02 1.890005171298980713e-02 3.652551025152206421e-02 2.458491176366806030e-02 7.648647297173738480e-03 8.660005405545234680e-03 2.797084115445613861e-02 3.636264940723776817e-03 3.909263014793395996e-02 4.253566265106201172e-02 3.213003743439912796e-03 4.105256870388984680e-02 3.902279958128929138e-02 1.956437341868877411e-02 2.292211353778839111e-02 4.103474691510200500e-02 4.663122817873954773e-02 4.206364229321479797e-02 3.615016816183924675e-03 2.795604057610034943e-02 3.314027935266494751e-02 2.511664293706417084e-02 1.640225015580654144e-02 1.157021243125200272e-02 1.720884069800376892e-02 5.652448534965515137e-02 2.015203610062599182e-02 5.883754044771194458e-02 2.928664535284042358e-02 4.313731938600540161e-02 3.091201372444629669e-02 1.279114373028278351e-02 1.107648760080337524e-02 4.201251268386840820e-02 3.811662644147872925e-02 3.132427483797073364e-02 2.632816694676876068e-02 4.298533499240875244e-02 2.606471441686153412e-02 1.416348479688167572e-02 1.510708685964345932e-02 2.836737316101789474e-03 2.837682515382766724e-02 1.782502047717571259e-02 3.366661956533789635e-03 3.873556852340698242e-02 2.879935130476951599e-02 4.089698567986488342e-02 1.628973335027694702e-02 2.584711834788322449e-02 2.125866338610649109e-02 6.788261234760284424e-03 4.017627239227294922e-02 7.610470056533813477e-03 1.492011733353137970e-02 1.271161437034606934e-02 4.607434198260307312e-02 6.935815513134002686e-02 6.341518601402640343e-04 1.828527078032493591e-02 1.561293378472328186e-02 3.817934915423393250e-02 2.994450926780700684e-02 9.974808432161808014e-03 2.767319045960903168e-02 3.317189216613769531e-02 1.213184092193841934e-02 2.558643743395805359e-02 1.487230230122804642e-02 3.631887584924697876e-02 2.633734792470932007e-02 1.305042486637830734e-02 4.338566586375236511e-02 4.569280520081520081e-02 3.401584224775433540e-03 4.036458954215049744e-02 9.818308055400848389e-03 1.506796106696128845e-02 1.026853546500205994e-02 1.745537482202053070e-02 3.817418962717056274e-02 1.208051759749650955e-02 3.269998729228973389e-02 1.491098478436470032e-02 2.994533441960811615e-02 2.794651687145233154e-02 3.861514106392860413e-02 1.282378658652305603e-02 5.921680480241775513e-02 5.738544277846813202e-03 1.705011539161205292e-02 9.573631919920444489e-03 1.890919543802738190e-02 4.224681109189987183e-02 5.640935618430376053e-03 1.317405886948108673e-02
6.140732672065496445e-03 4.220634233206510544e-03 4.162524938583374023e-01 2.966394089162349701e-02 3.543433919548988342e-02 1.544596534222364426e-02 4.768848419189453125e-03 1.492020487785339355e-01 3.262377285864204168e-04 5.573428235948085785e-03 8.819017559289932251e-03 1.353891193866729736e-02 2.477511949837207794e-02 5.930322688072919846e-03 3.871234878897666931e-02 2.831227146089076996e-02 9.089375816984102130e-05 4.641650989651679993e-02 3.848561272025108337e-02 1.922466605901718140e-02 2.832635305821895599e-03 8.214446902275085449e-02 3.316767513751983643e-02 2.557186037302017212e-02 4.671557806432247162e-03 1.146936672739684582e-03 5.789531394839286804e-03 2.007141895592212677e-02 2.767186146229505539e-03 6.560178939253091812e-03 3.744986280798912048e-02 5.858239717781543732e-03 3.615554049611091614e-02 1.955447532236576080e-02 2.231382206082344055e-02 3.069529868662357330e-02 3.163494914770126343e-02 3.258698619902133942e-03 1.487803924828767776e-02 6.371957715600728989e-03 4.604043811559677124e-02 7.666329853236675262e-03 6.099989637732505798e-03 2.026700973510742188e-02 4.209309443831443787e-02 4.097056761384010315e-02 2.010607859119772911e-03 7.217420730739831924e-03 1.289552357047796249e-02 4.280252754688262939e-02 5.850022193044424057e-03 4.392767325043678284e-02 6.788233295083045959e-03 1.486856676638126373e-02 1.306900382041931152e-02 1.254356931895017624e-03 4.474204778671264648e-02 2.823640778660774231e-02 3.550659120082855225e-02 2.768915146589279175e-02 1.838824339210987091e-02 4.113907925784587860e-03 1.706114225089550018e-02 1.438073627650737762e-02 2.327598631381988525e-02 1.112186014652252197e-01 1.208233833312988281e-02 1.244193688035011292e-02 4.132569208741188049e-02 2.631471864879131317e-02 6.531374063342809677e-03 1.771276071667671204e-02 2.351376228034496307e-02 4.317902028560638428e-02 4.700939729809761047e-02 1.228325651027262211e-03 4.072907846421003342e-03 3.471599658951163292e-03 1.085493154823780060e-02 3.619326278567314148e-02 1.527054142206907272e-02 8.125490695238113403e-02 3.641277551651000977e-02 2.591027505695819855e-02 3.145132958889007568e-02 3.098600171506404877e-02 2.045179717242717743e-02 1.146408822387456894e-02 6.858067214488983154e-02 2.796813845634460449e-03 4.031553864479064941e-02 3.939597681164741516e-02 1.540395058691501617e-02 2.780797146260738373e-02 1.200198102742433548e-02 1.373506616801023483e-02 2.916239015758037567e-02 1.485215499997138977e-02 5.657149106264114380e-02 5.201496928930282593e-02 8.250395767390727997e-03 1.528117619454860687e-02 4.770054016262292862e-03 4.729380086064338684e-02 2.637536451220512390e-02 4.096290096640586853e-02 1.873902603983879089e-02 3.581237047910690308e-02 1.159949041903018951e-02 3.124615363776683807e-02 7.091549783945083618e-02 4.733795300126075745e-02 2.519046515226364136e-02 2.562386356294155121e-02 8.357015438377857208e-03 2.020257338881492615e-02
3.615213185548782349e-02 4.770839586853981018e-02 2.966394089162349701e-02 4.091118276119232178e-01 2.401611767709255219e-02 4.015071690082550049e-02 4.377530142664909363e-02 4.474726039916276932e-03 1.815093681216239929e-02 2.939622104167938232e-02 4.023371636867523193e-02 1.131797116249799728e-02 1.271635759621858597e-02 1.079206354916095734e-02 3.685650974512100220e-02 2.746779844164848328e-02 2.307375892996788025e-02 1.917067356407642365e-02 3.767796978354454041e-02 2.150792442262172699e-02 1.866780966520309448e-02 1.076986826956272125e-02 2.786335721611976624e-02 3.827954083681106567e-02 1.816238462924957275e-02 3.942683339118957520e-03 3.915902599692344666e-02 3.250176832079887390e-02 1.021701749414205551e-02 2.472252212464809418e-02 3.260728716850280762e-02 4.137450084090232849e-02 2.873030491173267365e-02 3.737270087003707886e-02 3.083704784512519836e-02 7.693742401897907257e-03 3.728388110175728798e-03 4.176901280879974365e-02 1.992072910070419312e-01 2.469188906252384186e-02 3.982803970575332642e-02 2.920148521661758423e-02 2.416671998798847198e-02 8.636010438203811646e-02 2.671853452920913696e-02 2.793476544320583344e-02 1.299021393060684204e-02 1.655920781195163727e-02 7.861450314521789551e-03 9.579799138009548187e-03 1.590592972934246063e-02 6.270871963351964951e-03 4.345371946692466736e-02 3.829231113195419312e-02 3.473382070660591125e-02 8.292528800666332245e-04 1.844290830194950104e-02 3.714475035667419434e-02 4.493954777717590332e-02 1.331771165132522583e-02 3.651462867856025696e-02 2.086694911122322083e-02 3.057286329567432404e-02 3.954229503870010376e-02 1.790465973317623138e-02 3.747142036445438862e-04 1.549037452787160873e-02 4.350203275680541992e-02 2.650507353246212006e-02 4.578632861375808716e-02 1.288923900574445724e-02 1.428723335266113281e-02 1.706376522779464722e-01 8.151617832481861115e-03 3.587733209133148193e-02 1.938330754637718201e-02 2.870035171508789062e-02 4.247739911079406738e-02 3.211880475282669067e-02 2.172460407018661499e-02 2.812176384031772614e-02 1.432546973228454590e-02 3.893537214025855064e-03 3.200747445225715637e-02 3.494931384921073914e-02 7.176158018410205841e-03 1.444357074797153473e-02 1.740796677768230438e-02 4.424616321921348572e-02 2.394292969256639481e-03 3.038057126104831696e-02 1.993682049214839935e-02 3.382514044642448425e-02 1.072241552174091339e-02 7.998263090848922729e-02 2.543246559798717499e-02 2.227767370641231537e-02 6.342397071421146393e-03 1.844613999128341675e-02 3.369490057229995728e-02 2.584413811564445496e-02 2.921359613537788391e-02 3.943379968404769897e-02 2.865803055465221405e-02 4.316540062427520752e-02 2.275837957859039307e-02 1.468813698738813400e-02 1.546914037317037582e-02 3.704374283552169800e-02 3.720219060778617859e-02 3.489636257290840149e-02 2.186981588602066040e-02 1.940999366343021393e-02 8.030804805457592010e-03 5.494822748005390167e-03 3.286217153072357178e-02
8.139276877045631409e-03 3.585085272789001465e-02 3.543433919548988342e-02 2.401611767709255219e-02 4.273620545864105225e-01 1.398055721074342728e-02 4.231659695506095886e-02 3.657689690589904785e-02 1.261940505355596542e-02 3.623911738395690918e-02 2.353911288082599640e-03 1.307009439915418625e-02 4.212784767150878906e-02 1.201057620346546173e-02 1.713546365499496460e-02 1.616506651043891907e-02 6.006472930312156677e-02 3.767285123467445374e-02 1.249982863664627075e-01 2.078057080507278442e-02 9.749263525009155273e-03 1.917217858135700226e-02 2.642764523625373840e-02 2.624936774373054504e-02 1.305335108190774918e-02 5.129764974117279053e-02 1.527602877467870712e-02 6.342225708067417145e-03 2.997351437807083130e-02 1.302362978458404541e-02 3.801358863711357117e-02 4.502798989415168762e-02 1.914685592055320740e-02 3.225929290056228638e-02 7.895799935795366764e-04 2.297212183475494385e-02 2.399793453514575958e-02 9.926307015120983124e-03 3.472445532679557800e-02 9.790217876434326172e-02 3.230325132608413696e-02 3.848661482334136963e-02 4.475813359022140503e-02 1.361682265996932983e-02 1.484717056155204773e-02 5.371806770563125610e-02 1.223879214376211166e-02 3.363915905356407166e-02 1.826271414756774902e-02 3.812699019908905029e-02 4.964275751262903214e-03 1.378178317099809647e-02 2.920870296657085419e-02 1.442742533981800079e-02 1.692298974376171827e-04 1.410717144608497620e-02 4.748832434415817261e-02 1.622642762959003448e-02 1.771294744685292244e-03 2.483589760959148407e-02 3.938524052500724792e-02 1.035079210996627808e-01 5.067602731287479401e-03 9.510463476181030273e-02 1.755560562014579773e-02 3.510185703635215759e-02 2.845535427331924438e-02 3.325994312763214111e-02 4.702590405941009521e-02 1.399108208715915680e-02 2.199273556470870972e-02 3.172881901264190674e-02 9.175268560647964478e-02 2.533553168177604675e-03 1.420418825000524521e-02 2.712400816380977631e-02 3.539153188467025757e-02 2.292247489094734192e-02 1.845660805702209473e-02 2.892288938164710999e-02 3.997121378779411316e-02 5.119934678077697754e-03 2.037699893116950989e-02 1.760595887899398804e-01 7.083112723194062710e-04 4.858786240220069885e-02 4.402421414852142334e-02 2.587298117578029633e-02 1.393868122249841690e-02 1.241180766373872757e-02 5.302310734987258911e-02 1.270460896193981171e-02 9.205485694110393524e-03 4.186955466866493225e-02 3.480982407927513123e-02 4.639329761266708374e-02 1.969371549785137177e-02 1.290733553469181061e-02 1.194400992244482040e-02 4.000933095812797546e-02 3.387258388102054596e-03 3.276123432442545891e-03 3.991952911019325256e-02 4.642504081130027771e-02 3.517045825719833374e-02 1.894678734242916107e-02 4.727729037404060364e-02 1.046728435903787613e-02 1.137884985655546188e-02 3.212558478116989136e-02 3.566981479525566101e-02 1.395532581955194473e-02 4.380824789404869080e-02 3.425460681319236755e-02 3.433058410882949829e-02 3.384536877274513245e-02
1.853490024805068970e-01 1.403270512819290161e-01 1.544596534222364426e-02 4.015071690082550049e-02 1.398055721074342728e-02 4.357409179210662842e-01 7.280442118644714355e-02 1.637723669409751892e-02 1.112289447337388992e-02 3.776790574193000793e-02 7.949352264404296875e-02 3.458190010860562325e-03 1.270094513893127441e-01 4.922934621572494507e-02 2.338359691202640533e-02 5.567259155213832855e-03 4.574704915285110474e-02 4.031481221318244934e-03 2.831273525953292847e-02 2.154874429106712341e-02 1.788708614185452461e-03 1.002296991646289825e-02 4.872328136116266251e-04 3.261007741093635559e-02 3.017065115272998810e-02 1.716708997264504433e-03 3.029498457908630371e-02 4.419653862714767456e-02 3.038066439330577850e-02 2.259897813200950623e-02 4.339014738798141479e-02 3.115724958479404449e-02 1.857088692486286163e-02 2.596547268331050873e-02 4.654189571738243103e-02 9.841655381023883820e-03 4.390398785471916199e-02 3.605017438530921936e-02 3.900733590126037598e-02 2.423774637281894684e-02 4.091069102287292480e-02 4.651472344994544983e-02 2.150100283324718475e-02 3.582589328289031982e-02 1.926899328827857971e-02 3.205466317012906075e-03 1.835100054740905762e-01 4.718006774783134460e-02 3.733051707968115807e-03 1.010096352547407150e-02 3.643731400370597839e-02 1.328271697275340557e-03 2.792625688016414642e-02 5.609528161585330963e-03 2.152271941304206848e-02 6.548371165990829468e-02 2.870271727442741394e-02 1.112150959670543671e-02 8.767890743911266327e-03 3.122888691723346710e-02 3.826366364955902100e-02 2.204340137541294098e-02 4.649710282683372498e-02 3.550229594111442566e-02 4.557868465781211853e-02 7.289720699191093445e-03 1.809024135582149029e-03 3.242447972297668457e-02 3.967768978327512741e-03 4.132963344454765320e-02 3.713504970073699951e-02 2.142587862908840179e-02 1.540014985948801041e-02 3.018090128898620605e-02 4.096320644021034241e-02 4.732289537787437439e-02 2.236909978091716766e-02 2.656668797135353088e-02 2.378656156361103058e-02 3.213157411664724350e-03 2.547786384820938110e-02 2.172721782699227333e-03 5.085684824734926224e-03 9.195999242365360260e-03 3.876478876918554306e-03 1.370350271463394165e-02 2.045629173517227173e-02 1.507215318270027637e-03 1.875753886997699738e-02 1.212981529533863068e-02 2.112260460853576660e-02 2.453237771987915039e-02 9.705381467938423157e-03 3.791294246912002563e-02 1.392944902181625366e-02 4.766410961747169495e-02 1.455579698085784912e-02 4.112337529659271240e-02 3.426048904657363892e-02 2.456722967326641083e-02 6.627080962061882019e-03 3.078970871865749359e-02 4.037966951727867126e-03 1.051662117242813110e-02 2.697362750768661499e-02 2.084557525813579559e-02 2.526794187724590302e-02 3.296078369021415710e-02 7.107324432581663132e-03 4.403473809361457825e-02 2.058391459286212921e-02 3.545666486024856567e-02 6.277350243180990219e-03 7.430888712406158447e-02 9.256157092750072479e-03 3.749556094408035278e-02
8.302014321088790894e-02 1.376576572656631470e-01 4.768848419189453125e-03 4.377530142664909363e-02 4.231659695506095886e-02 7.280442118644714355e-02 4.428237378597259521e-01 4.557217657566070557e-02 7.540821563452482224e-03 2.786489017307758331e-02 1.424789577722549438e-01 4.679310321807861328e-02 3.795291855931282043e-02 3.798303753137588501e-02 1.945406012237071991e-02 1.288386434316635132e-02 6.341767311096191406e-02 4.056231118738651276e-03 3.576986491680145264e-02 1.892369054257869720e-02 2.641171962022781372e-02 6.977915763854980469e-04 7.333872490562498569e-04 3.213483467698097229e-02 3.710286691784858704e-02 7.558628451079130173e-03 2.337912470102310181e-02 4.405856132507324219e-02 1.061784848570823669e-02 1.632269844412803650e-02 4.542668908834457397e-02 2.794154733419418335e-02 4.187213256955146790e-02 2.609325200319290161e-02 2.548708952963352203e-02 7.466990035027265549e-03 3.724069893360137939e-02 1.103966590017080307e-02 3.602182120084762573e-02 3.722038818523287773e-03 6.182156875729560852e-02 2.327484264969825745e-02 6.321690045297145844e-03 2.253413200378417969e-02 5.986685398966073990e-03 6.590476632118225098e-02 4.320862889289855957e-02 2.301922440528869629e-01 2.170675247907638550e-02 9.984305128455162048e-03 1.895138248801231384e-02 1.118599250912666321e-02 7.148380856961011887e-03 3.699500113725662231e-02 1.462881453335285187e-03 4.654553532600402832e-02 4.759876430034637451e-02 7.724278140813112259e-03 8.548856712877750397e-03 5.303760617971420288e-02 8.638370782136917114e-03 1.322908699512481689e-02 3.337387740612030029e-02 2.919059060513973236e-02 1.508336979895830154e-02 2.691243216395378113e-02 4.481181129813194275e-02 2.044294215738773346e-02 3.039047867059707642e-02 3.027130663394927979e-02 3.243461996316909790e-02 2.809978276491165161e-02 3.629705309867858887e-02 8.222743868827819824e-03 3.851180151104927063e-02 3.731906786561012268e-02 7.533135358244180679e-03 4.813177138566970825e-02 2.017479203641414642e-02 1.109834108501672745e-02 7.511520758271217346e-03 3.895829617977142334e-02 3.942331764847040176e-03 4.477937892079353333e-02 4.195305705070495605e-02 1.122312620282173157e-02 1.074052415788173676e-02 3.489053994417190552e-02 3.954809904098510742e-02 7.959507405757904053e-03 2.587705850601196289e-02 2.966617047786712646e-02 7.284077256917953491e-02 3.723213821649551392e-02 1.672743121162056923e-03 2.410621754825115204e-02 5.383616313338279724e-02 4.540860652923583984e-02 7.939890958368778229e-03 1.485527865588665009e-02 4.082506150007247925e-02 3.554815426468849182e-03 3.718832973390817642e-03 5.300061404705047607e-02 5.039393901824951172e-03 1.777494885027408600e-02 2.993886172771453857e-02 5.176829919219017029e-02 5.387887358665466309e-02 5.100568383932113647e-02 9.505221532890573144e-05 3.995024040341377258e-02 7.876785472035408020e-03 4.242689162492752075e-02 5.020524840801954269e-03 4.939053324051201344e-04
1.916238293051719666e-02 2.088894322514533997e-02 1.492020487785339355e-01 4.474726039916276932e-03 3.657689690589904785e-02 1.637723669409751892e-02 4.557217657566070557e-02 4.197879135608673096e-01 2.734124427661299706e-03 3.102880530059337616e-02 3.318699309602379799e-03 9.202483110129833221e-03 1.551925390958786011e-02 2.984292246401309967e-02 1.484522670507431030e-01 3.067504800856113434e-02 2.543229609727859497e-02 3.007215261459350586e-02 4.140838980674743652e-03 3.801556676626205444e-02 4.370323941111564636e-02 1.400245819240808487e-02 6.146903033368289471e-04 3.548590466380119324e-02 1.608009077608585358e-02 3.284426033496856689e-02 2.687396854162216187e-02 3.671847656369209290e-02 5.848225206136703491e-03 3.657891228795051575e-02 3.552385419607162476e-02 2.998943626880645752e-02 4.735666327178478241e-03 2.457770984619855881e-03 3.533596172928810120e-02 3.593772882595658302e-03 7.874925620853900909e-03 7.482782471925020218e-03 2.615326456725597382e-02 3.004448115825653076e-02 7.868661545217037201e-03 5.241089314222335815e-02 3.641491755843162537e-02 7.401169091463088989e-02 3.127104043960571289e-02 2.493388578295707703e-02 1.096027437597513199e-02 2.771900407969951630e-02 3.830529283732175827e-03 3.825245425105094910e-02 4.306205362081527710e-02 2.013005129992961884e-02 1.909444853663444519e-02 4.846438020467758179e-02 1.513919048011302948e-02 4.492952674627304077e-02 4.115911200642585754e-03 4.094865173101425171e-03 4.060006141662597656e-02 1.269606314599514008e-02 3.719330579042434692e-02 5.616798065602779388e-03 2.997966296970844269e-02 1.811633259057998657e-02 2.620183862745761871e-02 5.250035226345062256e-02 3.235210850834846497e-02 3.046415280550718307e-03 2.846130402758717537e-03 4.334612190723419189e-02 3.033281676471233368e-02 4.653318226337432861e-02 1.933382265269756317e-02 2.885582298040390015e-02 4.809680581092834473e-02 1.522368844598531723e-02 3.083142824470996857e-02 4.164652526378631592e-02 2.229576744139194489e-02 1.686768233776092529e-02 1.380814909934997559e-01 1.096272841095924377e-01 2.156695723533630371e-02 3.162238001823425293e-02 5.828213179484009743e-04 4.044588655233383179e-02 9.924395382404327393e-02 7.757556438446044922e-02 3.337877988815307617e-02 3.719842992722988129e-03 3.621259704232215881e-02 1.223358092829585075e-03 4.658532887697219849e-02 2.104039862751960754e-02 2.554793469607830048e-02 2.563648298382759094e-02 7.089147716760635376e-02 1.512845978140830994e-02 1.877788081765174866e-02 3.011153824627399445e-02 3.352039959281682968e-03 3.895664215087890625e-02 7.517709862440824509e-03 1.870368421077728271e-02 5.312667693942785263e-03 2.339476533234119415e-02 2.115736156702041626e-02 2.783356467261910439e-03 6.945895031094551086e-03 2.880270406603813171e-02 2.301375754177570343e-02 2.091560699045658112e-02 9.537420235574245453e-03 1.441595423966646194e-02 3.235745429992675781e-02 2.992091141641139984e-02
4.003990814089775085e-02 7.066071033477783203e-03 3.262377285864204168e-04 1.815093681216239929e-02 1.261940505355596542e-02 1.112289447337388992e-02 7.540821563452482224e-03 2.734124427661299706e-03 4.469795227050781250e-01 4.181021824479103088e-02 2.942141890525817871e-02 1.490754308179020882e-03 2.522369846701622009e-02 5.472611635923385620e-02 4.343743994832038879e-02 5.126636102795600891e-02 5.738446488976478577e-02 5.033132806420326233e-02 2.872660756111145020e-03 3.124855458736419678e-02 1.235953345894813538e-02 5.429560691118240356e-02 3.471308574080467224e-02 1.108945999294519424e-02 1.183555833995342255e-02 5.953633226454257965e-03 9.555927477777004242e-03 3.048541210591793060e-02 4.537706077098846436e-02 2.845204994082450867e-02 3.115653805434703827e-02 1.076538488268852234e-02 3.754631034098565578e-04 1.285926532000303268e-02 2.177400887012481689e-02 3.373945876955986023e-02 4.701452329754829407e-02 1.299618277698755264e-02 5.667732656002044678e-02 5.044969171285629272e-02 1.547310734167695045e-03 4.265004023909568787e-02 2.142244949936866760e-02 3.403865173459053040e-02 5.738346278667449951e-02 4.639084264636039734e-02 2.836690843105316162e-02 1.419618818908929825e-02 4.172942414879798889e-02 2.020128816366195679e-02 1.028491370379924774e-02 2.539602667093276978e-02 1.520281191915273666e-02 6.201586499810218811e-02 5.461449176073074341e-02 3.805571421980857849e-02 3.183172550052404404e-03 8.056078106164932251e-03 8.024338632822036743e-02 2.373821474611759186e-02 4.242277238517999649e-03 6.049391999840736389e-02 2.589320577681064606e-02 1.944083347916603088e-02 5.626949667930603027e-02 3.161372989416122437e-02 2.583855763077735901e-02 3.273255378007888794e-02 1.664229668676853180e-02 1.079197227954864502e-02 2.945505455136299133e-02 1.663092523813247681e-02 2.768854983150959015e-02 4.295375198125839233e-02 3.125296160578727722e-02 3.563223406672477722e-02 8.001518994569778442e-02 1.331425178796052933e-02 7.812719792127609253e-02 3.666417300701141357e-02 1.218788977712392807e-02 1.692497543990612030e-02 7.178255170583724976e-02 1.577554829418659210e-02 1.821604743599891663e-02 3.365778550505638123e-02 1.974228397011756897e-02 1.903425529599189758e-02 7.212105672806501389e-03 7.397785317152738571e-03 1.158353127539157867e-02 1.037267065839841962e-04 2.208833955228328705e-02 9.019418619573116302e-03 5.003518983721733093e-02 1.412040647119283676e-02 1.974241435527801514e-02 4.004848375916481018e-02 3.166070207953453064e-02 3.297506272792816162e-02 2.613729797303676605e-02 1.873815059661865234e-02 5.993211525492370129e-04 9.483468602411448956e-04 2.131418511271476746e-02 3.790628165006637573e-02 3.626694530248641968e-02 3.592722117900848389e-02 3.347393125295639038e-02 4.174264520406723022e-02 2.778719551861286163e-02 4.931533709168434143e-02 3.407059411983937025e-04 2.597096376121044159e-02 7.809680420905351639e-03 6.109204143285751343e-03
4.674823582172393799e-02 1.911810413002967834e-02 5.573428235948085785e-03 2.939622104167938232e-02 3.623911738395690918e-02 3.776790574193000793e-02 2.786489017307758331e-02 3.102880530059337616e-02 4.181021824479103088e-02 4.408367872238159180e-01 6.366669666022062302e-03 4.195508081465959549e-03 3.329226002097129822e-02 8.967277593910694122e-03 1.450045779347419739e-02 5.607706308364868164e-02 4.264006391167640686e-02 2.980038337409496307e-02 9.113007038831710815e-02 1.979990489780902863e-02 4.546394571661949158e-03 3.107915073633193970e-02 9.228221140801906586e-03 4.577032104134559631e-02 2.663151826709508896e-03 1.828001439571380615e-02 2.564683929085731506e-02 1.662443019449710846e-02 1.071324292570352554e-02 2.574065141379833221e-02 1.210441999137401581e-02 6.044770590960979462e-03 5.161675438284873962e-02 2.815572544932365417e-02 1.741968467831611633e-02 3.228703513741493225e-02 2.419317513704299927e-02 2.168074622750282288e-02 3.366887569427490234e-02 4.570223391056060791e-03 9.489150717854499817e-03 3.283749520778656006e-02 6.410943344235420227e-03 2.476512081921100616e-02 3.790003433823585510e-02 2.492256648838520050e-02 1.984904892742633820e-02 2.639408595860004425e-02 1.505376957356929779e-02 4.426150023937225342e-02 2.075817203149199486e-03 3.105370560660958290e-03 3.947061952203512192e-03 2.040563523769378662e-02 1.231154520064592361e-02 6.931319367140531540e-03 2.514297608286142349e-03 1.189803890883922577e-02 1.877764426171779633e-02 3.094546869397163391e-02 4.423546791076660156e-02 1.068312395364046097e-02 3.351065143942832947e-02 7.662017643451690674e-02 5.038753524422645569e-02 1.456500147469341755e-03 1.827321574091911316e-02 1.890275813639163971e-02 4.971633851528167725e-02 5.904085934162139893e-03 3.221632912755012512e-02 3.498303145170211792e-02 9.847926907241344452e-03 8.319627493619918823e-03 5.523315072059631348e-02 6.165654212236404419e-02 1.743524335324764252e-02 1.070888862013816833e-01 4.091792926192283630e-02 2.649169228971004486e-02 4.637863487005233765e-02 4.633114859461784363e-02 8.816363289952278137e-03 6.231144070625305176e-02 5.328381061553955078e-02 1.254703570157289505e-02 1.804928109049797058e-02 4.565773904323577881e-02 4.310459643602371216e-02 2.355320565402507782e-02 5.618884414434432983e-02 4.355489835143089294e-02 4.552561044692993164e-02 3.511252999305725098e-02 2.119153924286365509e-02 2.224099077284336090e-02 4.569004476070404053e-02 6.917089223861694336e-03 1.952271908521652222e-02 2.989089302718639374e-02 1.948151364922523499e-02 1.662819646298885345e-02 6.070277187973260880e-03 3.414922161027789116e-03 4.693213850259780884e-04 2.648298256099224091e-02 5.387246981263160706e-02 2.909938991069793701e-02 3.842544928193092346e-02 5.675805360078811646e-02 8.538957685232162476e-03 3.180322796106338501e-02 4.177617374807596207e-03 3.025866858661174774e-02 4.787170514464378357e-02 4.885589703917503357e-02
1.654334217309951782e-01 1.862034797668457031e-01 8.819017559289932251e-03 4.023371636867523193e-02 2.353911288082599640e-03 7.949352264404296875e-02 1.424789577722549438e-01 3.318699309602379799e-03 2.942141890525817871e-02 6.366669666022062302e-03 4.494715631008148193e-01 1.774780265986919403e-02 1.561496108770370483e-01 3.283597761765122414e-03 1.447338960133492947e-03 3.183985501527786255e-02 4.075637459754943848e-02 7.486267946660518646e-03 3.897892776876688004e-03 1.529143657535314560e-02 2.925787307322025299e-02 5.373676866292953491e-02 4.515920206904411316e-02 2.301244810223579407e-02 9.836250683292746544e-04 4.610807076096534729e-02 3.098755702376365662e-02 1.759665459394454956e-02 3.290642052888870239e-02 3.661404177546501160e-02 1.816353760659694672e-02 4.043952375650405884e-02 1.584314741194248199e-02 2.174119651317596436e-02 2.430427446961402893e-02 4.284538328647613525e-02 3.680545464158058167e-02 3.401852771639823914e-02 3.933537006378173828e-02 2.911717444658279419e-02 1.652991771697998047e-02 2.505619078874588013e-02 3.972686082124710083e-02 4.173061810433864594e-03 1.576377451419830322e-02 3.173264861106872559e-02 5.875644460320472717e-02 1.453512012958526611e-01 3.537944331765174866e-02 4.829646646976470947e-02 4.690316854976117611e-04 4.826003685593605042e-02 1.884454861283302307e-02 1.615155721083283424e-03 4.196020215749740601e-02 8.152150548994541168e-03 1.153747364878654480e-02 3.267940878868103027e-02 1.026811730116605759e-02 3.515450656414031982e-02 5.218370258808135986e-02 4.653889313340187073e-02 7.496377080678939819e-02 6.320859305560588837e-03 6.687734276056289673e-02 3.071003966033458710e-02 3.987214341759681702e-02 2.952494472265243530e-02 3.538061305880546570e-02 1.227608975023031235e-02 1.892332360148429871e-02 4.172920808196067810e-02 2.231497317552566528e-02 3.066704235970973969e-02 3.818222880363464355e-02 3.930211439728736877e-02 3.685878217220306396e-02 7.709932047873735428e-03 3.287889063358306885e-02 4.571556672453880310e-02 7.370799314230680466e-03 1.451687514781951904e-02 4.974875133484601974e-03 3.196481987833976746e-02 6.680482532829046249e-03 3.769744187593460083e-02 1.112147420644760132e-02 1.163569279015064240e-02 1.997651718556880951e-02 1.088276319205760956e-02 2.349759265780448914e-02 4.185722768306732178e-02 1.333232969045639038e-02 5.376369506120681763e-02 7.976192981004714966e-03 3.253181464970111847e-03 3.086037375032901764e-02 2.710384503006935120e-02 3.216075012460350990e-03 1.138359121978282928e-02 2.220255509018898010e-02 2.638423070311546326e-02 9.837878867983818054e-03 2.295227348804473877e-02 4.241357743740081787e-02 4.481225460767745972e-02 9.368913248181343079e-03 9.655592730268836021e-04 4.585401341319084167e-02 4.424818232655525208e-02 1.693698577582836151e-03 4.251489788293838501e-02 2.387046255171298981e-02 3.516726568341255188e-02 1.003736443817615509e-02 3.683119639754295349e-02
1.985689438879489899e-02 2.800469659268856049e-02 1.353891193866729736e-02 1.131797116249799728e-02 1.307009439915418625e-02 3.458190010860562325e-03 4.679310321807861328e-02 9.202483110129833221e-03 1.490754308179020882e-03 4.195508081465959549e-03 1.774780265986919403e-02 4.297350347042083740e-01 2.354089729487895966e-02 2.021822184324264526e-01 4.616556223481893539e-03 5.793462321162223816e-02 1.480789203196763992e-02 2.390217594802379608e-02 3.007964417338371277e-02 2.757098712027072906e-02 4.338767752051353455e-02 6.597521901130676270e-02 5.244916677474975586e-02 2.270338498055934906e-02 4.720438271760940552e-02 2.380868420004844666e-02 4.026274383068084717e-02 6.175894662737846375e-02 2.660304121673107147e-02 7.789294421672821045e-02 9.914992551784962416e-05 5.532452836632728577e-02 2.838721685111522675e-02 3.064541704952716827e-02 5.051853507757186890e-02 4.931806400418281555e-02 2.518883720040321350e-02 2.803740091621875763e-02 4.425644502043724060e-02 3.620060533285140991e-02 4.080870375037193298e-02 2.055428549647331238e-02 6.602022331207990646e-03 1.720328256487846375e-02 8.036917448043823242e-02 1.166494749486446381e-02 1.150435185991227627e-03 1.712806150317192078e-02 4.954506456851959229e-02 2.556309476494789124e-02 1.493632979691028595e-02 3.199666738510131836e-02 3.258092328906059265e-02 2.288480289280414581e-02 1.899416185915470123e-02 5.148766934871673584e-02 3.402278944849967957e-02 5.340396612882614136e-02 5.835199845023453236e-04 6.658527068793773651e-03 3.503525629639625549e-03 8.039845526218414307e-02 2.053571492433547974e-02 4.925908520817756653e-02 4.353687167167663574e-02 6.238111853599548340e-02 3.460412099957466125e-02 2.484457939863204956e-02 2.121508494019508362e-02 3.335701301693916321e-02 7.813373208045959473e-02 1.516343560069799423e-02 3.148619085550308228e-02 3.579569607973098755e-02 6.402920931577682495e-03 1.485190354287624359e-03 1.226826850324869156e-02 1.629213616251945496e-02 8.379554003477096558e-02 2.883817628026008606e-02 2.529449947178363800e-02 3.021095320582389832e-02 3.228278458118438721e-02 4.830110410694032907e-04 4.571048542857170105e-02 2.697388082742691040e-02 1.902327500283718109e-02 2.716245688498020172e-02 1.662813872098922729e-02 2.939786016941070557e-02 6.608591228723526001e-02 5.525152757763862610e-02 4.779625684022903442e-02 8.716180920600891113e-03 3.647959604859352112e-02 3.142543835565447807e-03 2.324873767793178558e-02 2.876951824873685837e-03 2.830664254724979401e-02 6.015145778656005859e-02 3.881242126226425171e-02 1.436068676412105560e-02 4.985647276043891907e-02 1.733238250017166138e-02 2.399872988462448120e-02 2.090511098504066467e-02 4.324388876557350159e-02 4.292369633913040161e-02 2.840817160904407501e-02 1.189155597239732742e-02 3.302127495408058167e-02 1.567501761019229889e-02 7.161195972003042698e-04 5.746354348957538605e-03 4.987737163901329041e-02 8.959777653217315674e-03
1.841441988945007324e-01 1.831525117158889771e-01 2.477511949837207794e-02 1.271635759621858597e-02 4.212784767150878906e-02 1.270094513893127441e-01 3.795291855931282043e-02 1.551925390958786011e-02 2.522369846701622009e-02 3.329226002097129822e-02 1.561496108770370483e-01 2.354089729487895966e-02 4.501203596591949463e-01 2.201558463275432587e-02 7.643331587314605713e-02 3.105966188013553619e-02 2.132133767008781433e-02 1.410813815891742706e-02 5.056908354163169861e-03 5.127184092998504639e-03 2.950727753341197968e-02 1.233525127172470093e-01 2.376172877848148346e-02 8.494500070810317993e-03 4.800810292363166809e-02 4.894517827779054642e-03 3.816803544759750366e-02 1.310089230537414551e-02 3.951390832662582397e-02 2.551353909075260162e-02 1.292858738452196121e-02 4.021547362208366394e-02 4.155170172452926636e-02 4.432215541601181030e-02 3.292226046323776245e-02 4.108483716845512390e-02 3.801659122109413147e-02 4.516692087054252625e-02 2.988617308437824249e-02 2.172816358506679535e-02 1.345799025148153305e-02 4.799721017479896545e-02 2.590085566043853760e-02 6.197832990437746048e-03 3.208590671420097351e-02 2.325700370420236140e-05 1.089312806725502014e-01 4.894133191555738449e-03 3.051582910120487213e-02 3.262885287404060364e-02 1.082899048924446106e-02 4.055195674300193787e-02 2.681175805628299713e-02 2.236781455576419830e-02 3.901332244277000427e-02 5.442973598837852478e-02 3.500666934996843338e-03 4.595885053277015686e-03 4.928505420684814453e-02 1.537076197564601898e-02 4.016050323843955994e-02 4.660272970795631409e-02 5.593007430434226990e-02 7.558006327599287033e-03 9.151685982942581177e-03 4.609107226133346558e-02 3.032246837392449379e-03 3.682065010070800781e-02 3.933456260710954666e-03 5.592581629753112793e-02 3.625956550240516663e-02 6.749968975782394409e-03 2.539476379752159119e-02 3.953247505705803633e-04 4.150521010160446167e-02 5.407031998038291931e-02 8.662918582558631897e-03 6.646892987191677094e-03 4.275395348668098450e-02 1.462262310087680817e-02 5.666219163686037064e-03 4.500363394618034363e-02 2.194548584520816803e-02 2.545169368386268616e-02 3.076192736625671387e-02 1.156013924628496170e-02 1.516264211386442184e-02 5.061982944607734680e-02 4.619189351797103882e-02 4.177824780344963074e-02 5.327608808875083923e-02 1.634927466511726379e-02 4.089712351560592651e-02 1.090192887932062149e-02 2.676651626825332642e-02 1.212330535054206848e-02 3.490771341603249311e-04 4.183823987841606140e-02 2.299497276544570923e-02 1.733395643532276154e-02 4.748157691210508347e-03 2.957707457244396210e-02 1.013155560940504074e-02 9.677717462182044983e-03 3.701193956658244133e-03 3.709521144628524780e-02 6.985513959079980850e-03 2.607648074626922607e-02 9.149107150733470917e-03 4.589872062206268311e-02 1.863650232553482056e-02 2.820342546328902245e-03 2.895644493401050568e-02 3.371288627386093140e-02 4.133625701069831848e-02 3.552375361323356628e-02
