5.009469389915466309e-01 5.739104375243186951e-02 1.843984983861446381e-02 5.189040675759315491e-02 1.244247052818536758e-02 1.223036423325538635e-01 3.452502936124801636e-02 2.841147966682910919e-02 2.562630223110318184e-03 3.067105636000633240e-02 1.046182215213775635e-01 2.211960963904857635e-02 1.100206822156906128e-01 1.314667752012610435e-03 1.782464422285556793e-02 7.217075675725936890e-03 1.209519989788532257e-02 3.287674114108085632e-02 3.860415145754814148e-02 3.315259888768196106e-02 2.572129666805267334e-02 6.352621130645275116e-03 4.473780747503042221e-03 3.566316142678260803e-02 1.329943444579839706e-02 6.777012720704078674e-03 1.862402260303497314e-02 4.543377459049224854e-02 3.024290129542350769e-02 2.988352440297603607e-03 7.244762033224105835e-02 7.603042176924645901e-04 1.310180407017469406e-02 1.689163967967033386e-02 2.151908166706562042e-02 2.738814614713191986e-02 1.585452817380428314e-02 1.966319791972637177e-02 3.823300823569297791e-02 2.176996879279613495e-02 8.849555742926895618e-04 7.816223055124282837e-02 1.561112888157367706e-02 1.961754821240901947e-02 5.087660625576972961e-02 2.133619971573352814e-02 1.391516923904418945e-01 5.760975927114486694e-02 9.087283164262771606e-03 1.269674045033752918e-03 2.357180789113044739e-02 3.643698617815971375e-02 1.319935452193021774e-02 5.501506105065345764e-02 9.481886401772499084e-03 2.147273626178503036e-03 2.749323099851608276e-02 2.247799886390566826e-03 2.881266735494136810e-02 4.214454814791679382e-02 5.193954333662986755e-02 3.220038488507270813e-02 3.035216964781284332e-02 2.518141828477382660e-02 1.826984435319900513e-02 4.838836938142776489e-02 2.564534172415733337e-02 8.377463556826114655e-03 2.353941835463047028e-02 3.579629212617874146e-02 2.528926171362400055e-02 1.051043393090367317e-03 1.797004230320453644e-02 1.800186559557914734e-02 4.120704159140586853e-02 2.096037939190864563e-02 6.551684346050024033e-03 2.563217282295227051e-02 4.538608714938163757e-02 2.222187072038650513e-02 1.271846517920494080e-02 1.468932372517883778e-03 3.425083309412002563e-02 3.867606818675994873e-02 6.029410287737846375e-03 1.986341364681720734e-02 4.841173440217971802e-02 9.925845079123973846e-03 1.129968184977769852e-02 1.940912753343582153e-02 8.378592133522033691e-02 1.403269916772842407e-02 2.033348008990287781e-02 6.893628835678100586e-02 3.709505498409271240e-02 2.079056575894355774e-02 1.362818107008934021e-02 5.068090930581092834e-02 8.292743004858493805e-03 4.260173439979553223e-02 4.966530948877334595e-03 1.818484254181385040e-02 4.860777780413627625e-02 2.985194697976112366e-02 1.000236906111240387e-02 4.415092617273330688e-02 1.487250626087188721e-02 1.338723767548799515e-02 4.931791126728057861e-02 1.194434333592653275e-02 5.111650098115205765e-04 4.602836444973945618e-02 5.715803429484367371e-02 2.752619050443172455e-02 1.210473198443651199e-02 4.577928781509399414e-02
5.739104375243186951e-02 4.734868705272674561e-01 1.921892352402210236e-02 9.289297275245189667e-03 1.566657051444053650e-02 3.268682211637496948e-02 4.764328151941299438e-02 1.229332177899777889e-03 4.900290817022323608e-02 1.952715590596199036e-02 1.533070579171180725e-02 3.373629227280616760e-02 9.296825528144836426e-02 3.059755824506282806e-02 4.971135407686233521e-02 2.937066555023193359e-02 1.356373541057109833e-02 2.418614923954010010e-02 3.928399831056594849e-02 6.452429294586181641e-02 8.895982801914215088e-02 5.336493253707885742e-03 9.618611074984073639e-03 4.087838751729577780e-04 2.532310970127582550e-02 7.279974222183227539e-02 4.855369403958320618e-02 4.467409104108810425e-02 1.135933771729469299e-02 2.580660767853260040e-02 3.297437354922294617e-02 1.716938277240842581e-04 2.186151966452598572e-02 3.283897414803504944e-02 3.360314294695854187e-02 2.840363048017024994e-02 2.320055849850177765e-02 2.704597264528274536e-02 1.468028221279382706e-02 4.157542064785957336e-02 2.765915729105472565e-02 8.879553526639938354e-03 1.692245341837406158e-02 1.064604055136442184e-02 2.716299518942832947e-02 4.949870705604553223e-02 9.680927731096744537e-03 5.401541665196418762e-02 2.985497005283832550e-02 7.541710045188665390e-03 4.467884823679924011e-02 9.158194996416568756e-03 2.482536435127258301e-02 3.374965453986078501e-04 4.196789860725402832e-02 3.769722534343600273e-04 4.860601946711540222e-02 8.702999912202358246e-03 4.595305770635604858e-02 1.524938549846410751e-02 4.305596649646759033e-02 2.085644006729125977e-02 4.285243526101112366e-02 1.821948587894439697e-02 8.481994271278381348e-03 2.876138687133789062e-02 3.247737511992454529e-02 2.678107284009456635e-02 9.642113000154495239e-03 3.574231266975402832e-02 2.665703184902667999e-02 3.486981615424156189e-02 3.944794461131095886e-02 3.560023009777069092e-02 2.521423995494842529e-02 1.404533628374338150e-02 8.296992629766464233e-03 1.532765105366706848e-02 2.320545166730880737e-02 1.496011484414339066e-02 1.442942768335342407e-03 3.576718736439943314e-03 2.521809749305248260e-02 1.191467698663473129e-02 2.979889884591102600e-02 3.345283493399620056e-02 1.377592422068119049e-02 5.359643325209617615e-02 4.009772837162017822e-02 1.979512348771095276e-02 4.519554227590560913e-02 2.265505306422710419e-02 4.962459951639175415e-02 3.594058752059936523e-02 3.096804255619645119e-03 6.748208310455083847e-03 2.713144058361649513e-03 3.078430332243442535e-02 1.354419998824596405e-02 1.449996605515480042e-02 4.140119999647140503e-03 3.281565755605697632e-02 3.584783291444182396e-03 6.711111927870661020e-05 1.155189238488674164e-02 5.195537582039833069e-03 9.340470656752586365e-03 4.553454741835594177e-02 3.116366686299443245e-03 1.332522928714752197e-02 2.105932123959064484e-02 4.539589956402778625e-02 2.558211237192153931e-02 2.403038553893566132e-03 2.403193153440952301e-02 8.422122895717620850e-02
1.843984983861446381e-02 1.921892352402210236e-02 4.708450734615325928e-01 2.204734459519386292e-02 7.139801513403654099e-03 4.244052991271018982e-02 3.488924726843833923e-02 1.968038678169250488e-01 6.332865450531244278e-04 5.219716578722000122e-03 1.423722878098487854e-02 7.864537648856639862e-03 1.902367360889911652e-02 2.940055914223194122e-03 3.430588915944099426e-02 1.513926498591899872e-02 1.727859675884246826e-02 3.689121454954147339e-02 4.181160032749176025e-02 7.175295613706111908e-03 8.796249330043792725e-02 5.600347183644771576e-03 3.913550078868865967e-02 3.557876870036125183e-02 1.731373742222785950e-02 1.125199813395738602e-02 1.884667947888374329e-02 1.757687330245971680e-02 3.641604632139205933e-02 2.773277694359421730e-03 3.984716534614562988e-02 1.219193823635578156e-02 3.482181951403617859e-02 1.541937142610549927e-02 3.269863128662109375e-02 1.787500828504562378e-02 9.267547167837619781e-03 3.498082049190998077e-03 3.699443861842155457e-02 3.532064845785498619e-03 2.782522141933441162e-02 1.046849694103002548e-02 3.100292570888996124e-02 3.562708199024200439e-02 1.868783682584762573e-02 2.182889357209205627e-02 1.534685306251049042e-02 2.559451758861541748e-02 7.003002800047397614e-03 1.327336952090263367e-02 8.078206330537796021e-02 1.290687024593353271e-01 1.077163033187389374e-03 2.302353736013174057e-03 2.440373040735721588e-02 2.794174849987030029e-02 1.558589283376932144e-02 4.494227096438407898e-02 2.447031810879707336e-02 3.152557834982872009e-02 1.453610323369503021e-02 2.490161359310150146e-02 3.354529663920402527e-02 1.688503846526145935e-02 3.259068727493286133e-02 1.418033055961132050e-02 3.974561579525470734e-03 2.635813318192958832e-02 1.859693787992000580e-02 1.330255530774593353e-02 2.999608404934406281e-02 9.819510392844676971e-03 4.557904228568077087e-02 4.783020913600921631e-02 5.332890432327985764e-03 3.773109614849090576e-02 2.567047439515590668e-02 1.532968785613775253e-02 2.260335162281990051e-02 2.387354336678981781e-02 9.094234555959701538e-02 3.132622689008712769e-02 2.387740090489387512e-02 3.832844272255897522e-02 1.768936961889266968e-02 7.136875391006469727e-02 4.126379638910293579e-02 3.099507838487625122e-02 4.266176000237464905e-02 1.362403016537427902e-02 1.659299992024898529e-02 1.316050998866558075e-02 3.512194007635116577e-02 2.910771779716014862e-02 4.003710299730300903e-02 3.522933274507522583e-02 3.561563417315483093e-02 1.749045960605144501e-02 2.747434936463832855e-02 2.074892446398735046e-02 3.884699195623397827e-02 2.151614800095558167e-02 2.065205201506614685e-02 5.541660264134407043e-02 3.634533612057566643e-03 4.207741469144821167e-02 4.498964548110961914e-02 3.959969617426395416e-03 1.835684664547443390e-02 2.221164107322692871e-02 1.128215156495571136e-02 9.427546523511409760e-03 2.623644843697547913e-02 6.069066002964973450e-04 5.207388848066329956e-02 8.061623200774192810e-03
5.189040675759315491e-02 9.289297275245189667e-03 2.204734459519386292e-02 5.041832327842712402e-01 5.062194913625717163e-02 4.923589527606964111e-02 2.004405856132507324e-02 1.604270748794078827e-02 1.220516767352819443e-02 1.339412759989500046e-02 2.679430134594440460e-02 1.228286232799291611e-02 4.087224230170249939e-02 1.382837444543838501e-02 2.551559917628765106e-02 3.166560456156730652e-02 4.893163591623306274e-02 1.101141050457954407e-02 1.464781258255243301e-02 4.354444891214370728e-02 4.014352802187204361e-03 2.558749541640281677e-02 4.407585598528385162e-03 2.662274986505508423e-02 9.815911762416362762e-03 1.135685108602046967e-02 9.028757922351360321e-03 2.156246267259120941e-02 6.962737999856472015e-03 7.037570234388113022e-03 3.846044652163982391e-03 9.433979168534278870e-03 2.483895979821681976e-02 4.409691318869590759e-02 3.139340877532958984e-02 1.297842897474765778e-02 5.879595875740051270e-02 4.545884672552347183e-03 6.696747988462448120e-02 2.516477927565574646e-02 3.434253856539726257e-02 2.013722620904445648e-02 1.746463961899280548e-02 3.574505075812339783e-02 1.189424376934766769e-02 1.270687207579612732e-02 1.011602696962654591e-03 1.603336445987224579e-02 1.687534339725971222e-02 2.873372985050082207e-03 5.145829543471336365e-02 2.880178205668926239e-02 1.813758350908756256e-02 3.526106884237378836e-04 1.693455316126346588e-02 4.899158142507076263e-03 5.642505735158920288e-02 2.966980822384357452e-02 3.108365647494792938e-02 1.358421053737401962e-02 4.426861181855201721e-02 5.960824200883507729e-04 3.236693888902664185e-02 5.338171496987342834e-02 2.778791263699531555e-02 8.857998065650463104e-03 2.052272856235504150e-02 1.011214498430490494e-02 1.854192465543746948e-02 4.664709419012069702e-02 1.693442463874816895e-02 3.032703883945941925e-03 9.152447432279586792e-02 1.548739429563283920e-02 8.418382704257965088e-02 2.472992427647113800e-02 5.716000869870185852e-02 2.401853725314140320e-02 7.227778900414705276e-03 1.068492326885461807e-02 1.583272241987287998e-03 3.642163798213005066e-02 1.785740070044994354e-02 3.063867054879665375e-02 6.174508109688758850e-02 3.529124706983566284e-02 3.420513123273849487e-02 2.614761888980865479e-02 1.864460296928882599e-02 1.758998818695545197e-02 3.276352072134613991e-04 4.176110029220581055e-02 6.893865764141082764e-03 2.940125204622745514e-02 3.922617062926292419e-02 4.018380865454673767e-02 5.202069878578186035e-02 4.666917771100997925e-02 3.732306184247136116e-03 1.243237056769430637e-03 4.170542210340499878e-02 5.724016949534416199e-02 1.403330173343420029e-02 3.172198683023452759e-02 1.699906773865222931e-02 1.546306302770972252e-03 9.046806022524833679e-03 2.179245091974735260e-02 3.656449541449546814e-02 3.952111303806304932e-02 4.147227108478546143e-02 5.138169601559638977e-02 3.540015593171119690e-02 4.446992650628089905e-02 4.932235926389694214e-02 1.973870582878589630e-02
1.244247052818536758e-02 1.566657051444053650e-02 7.139801513403654099e-03 5.062194913625717163e-02 4.762509763240814209e-01 1.463277358561754227e-02 3.864937275648117065e-02 2.345685660839080811e-02 2.751683350652456284e-03 1.683594309724867344e-03 2.211716957390308380e-02 3.729674592614173889e-02 3.479304537177085876e-02 9.802838787436485291e-03 7.817800156772136688e-03 4.120863229036331177e-02 2.540282346308231354e-02 5.352184176445007324e-02 2.399361506104469299e-02 2.675545774400234222e-02 2.380836009979248047e-02 1.005503907799720764e-02 1.446269918233156204e-02 1.021123956888914108e-02 1.603324338793754578e-02 2.914144285023212433e-02 2.424631733447313309e-03 1.645543845370411873e-03 1.866659335792064667e-02 2.346695773303508759e-02 3.634132072329521179e-02 3.760609775781631470e-02 1.351248100399971008e-02 1.844821311533451080e-02 7.665259763598442078e-03 1.852109283208847046e-02 2.221120335161685944e-02 3.502018749713897705e-02 4.901584610342979431e-02 1.017521694302558899e-01 2.312144823372364044e-02 3.181606158614158630e-02 7.654582709074020386e-02 1.418399903923273087e-02 3.922762349247932434e-02 1.970913261175155640e-02 1.408689655363559723e-02 4.171064496040344238e-02 4.306434094905853271e-02 7.246943656355142593e-03 1.866946741938591003e-02 2.165495418012142181e-02 1.177577022463083267e-02 6.230350211262702942e-02 2.067254856228828430e-02 1.045825332403182983e-02 1.107314601540565491e-02 1.580549590289592743e-02 6.639120168983936310e-03 1.799751073122024536e-02 3.084128350019454956e-02 1.036565168760716915e-03 1.566572859883308411e-02 3.028140775859355927e-02 2.200430817902088165e-02 2.512881904840469360e-02 4.440493881702423096e-02 4.088060185313224792e-02 5.110549391247332096e-04 3.416459262371063232e-02 2.586806379258632660e-02 2.175482548773288727e-02 4.599103704094886780e-02 5.929588899016380310e-02 6.109992042183876038e-02 4.047021269798278809e-02 7.531111128628253937e-03 2.116959914565086365e-02 3.935026377439498901e-02 1.092363893985748291e-02 2.049744687974452972e-02 5.644441023468971252e-02 1.859299093484878540e-02 6.654099375009536743e-02 4.403387196362018585e-03 4.534640535712242126e-02 4.604179784655570984e-02 3.784384578466415405e-02 2.953241765499114990e-02 8.115746080875396729e-03 2.748976834118366241e-02 2.827994339168071747e-02 2.884633140638470650e-03 3.140186890959739685e-02 1.239876449108123779e-02 4.157110303640365601e-02 3.995103295892477036e-03 5.987697746604681015e-03 2.798615582287311554e-02 3.754672035574913025e-02 1.870498806238174438e-02 5.336300283670425415e-02 1.084786280989646912e-02 4.645933583378791809e-02 1.950193569064140320e-02 6.756963580846786499e-02 1.677477173507213593e-02 2.431839890778064728e-02 2.743673045188188553e-03 3.257282543927431107e-03 2.072476781904697418e-03 1.148460432887077332e-02 2.900397405028343201e-02 2.028357051312923431e-02 1.857131905853748322e-02 1.792813092470169067e-02
1.223036423325538635e-01 3.268682211637496948e-02 4.244052991271018982e-02 4.923589527606964111e-02 1.463277358561754227e-02 4.894490540027618408e-01 1.639841347932815552e-01 3.400752088055014610e-03 5.687488615512847900e-02 4.425084684044122696e-03 6.449992209672927856e-02 5.882921814918518066e-02 7.971542328596115112e-02 2.718213573098182678e-02 2.672910317778587341e-02 5.270137265324592590e-02 2.549012377858161926e-02 1.652671024203300476e-02 4.218132793903350830e-02 3.616429120302200317e-02 1.706339605152606964e-02 1.620140112936496735e-02 8.184007368981838226e-03 2.272449666634202003e-03 9.166897274553775787e-03 1.190862338989973068e-02 3.730462118983268738e-02 1.637564040720462799e-02 1.648504473268985748e-02 7.834077696315944195e-04 1.361538749188184738e-02 6.358684971928596497e-03 2.000083029270172119e-02 1.169408112764358521e-02 2.778468467295169830e-02 3.247296065092086792e-02 8.402635343372821808e-03 3.776853531599044800e-02 2.282255887985229492e-02 1.056132558733224869e-02 4.872806370258331299e-02 2.452988550066947937e-02 1.196910161525011063e-02 2.847272157669067383e-02 7.871941663324832916e-03 4.202815145254135132e-02 1.594198197126388550e-01 3.963596001267433167e-02 3.867301344871520996e-02 1.692097261548042297e-02 4.015254229307174683e-02 7.452216465026140213e-03 4.826438054442405701e-02 1.534122414886951447e-02 7.411560509353876114e-03 7.607445586472749710e-03 3.166959807276725769e-02 1.707714609801769257e-02 3.020711988210678101e-02 4.369350522756576538e-02 1.039745379239320755e-02 4.629697650671005249e-02 1.420021522790193558e-02 1.182957924902439117e-02 4.889003187417984009e-02 1.053897314704954624e-03 1.779195480048656464e-02 1.003043726086616516e-02 3.237584978342056274e-02 2.595041878521442413e-02 3.209473937749862671e-02 2.372522465884685516e-02 3.974896296858787537e-02 1.959969662129878998e-02 9.284619241952896118e-03 3.508966788649559021e-02 2.021962963044643402e-02 2.414192771539092064e-03 7.130558788776397705e-02 3.903449699282646179e-02 6.108098477125167847e-02 7.147052139043807983e-02 9.311023354530334473e-02 3.504562377929687500e-02 4.074118658900260925e-02 1.371199171990156174e-02 2.765460871160030365e-02 3.908421471714973450e-02 1.634470303542912006e-03 1.290101651102304459e-02 1.732148416340351105e-02 5.072727054357528687e-02 1.275090873241424561e-02 4.699490964412689209e-02 4.517115652561187744e-02 2.379707247018814087e-02 2.592970244586467743e-02 3.264468908309936523e-02 2.497356571257114410e-02 3.645152971148490906e-02 1.589565351605415344e-02 1.257982663810253143e-02 1.721257902681827545e-02 1.582590863108634949e-02 3.041863441467285156e-02 4.127392545342445374e-03 4.407948628067970276e-02 5.001780018210411072e-02 1.189057063311338425e-02 3.405738994479179382e-02 2.541463635861873627e-02 1.631367951631546021e-02 4.165437817573547363e-02 2.303737588226795197e-02 2.939894981682300568e-02 1.107551064342260361e-02
3.452502936124801636e-02 4.764328151941299438e-02 3.488924726843833923e-02 2.004405856132507324e-02 3.864937275648117065e-02 1.639841347932815552e-01 4.841475188732147217e-01 1.300616376101970673e-02 1.818935200572013855e-02 1.935728080570697784e-02 3.924187645316123962e-02 1.035815775394439697e-01 4.205940291285514832e-02 1.035255864262580872e-01 1.530702784657478333e-02 1.229237671941518784e-02 4.692440852522850037e-03 6.600257940590381622e-03 2.204348705708980560e-02 1.438227947801351547e-02 3.216662630438804626e-02 1.094000693410634995e-02 1.603106036782264709e-02 1.203669933602213860e-03 4.167231172323226929e-02 1.729780249297618866e-02 2.824246883392333984e-02 1.631831377744674683e-02 1.257542334496974945e-02 5.523599311709403992e-02 4.246533382683992386e-03 1.355583965778350830e-02 4.061323404312133789e-02 9.186500683426856995e-03 5.999150220304727554e-03 3.013460896909236908e-02 9.778512641787528992e-03 2.372696623206138611e-02 9.606056846678256989e-03 4.712961986660957336e-02 1.976576866582036018e-03 4.905296862125396729e-02 1.319900061935186386e-02 1.121314242482185364e-02 2.231523580849170685e-02 3.135270625352859497e-02 5.029100924730300903e-02 1.652502268552780151e-01 2.207502536475658417e-02 7.009875494986772537e-03 6.455000024288892746e-03 9.181395173072814941e-03 2.518866024911403656e-02 3.520874679088592529e-02 3.974913433194160461e-02 2.690457366406917572e-02 3.244153037667274475e-02 5.062913522124290466e-02 2.409626729786396027e-02 1.312422379851341248e-02 7.922098040580749512e-03 3.356582019478082657e-03 3.942197654396295547e-03 3.444214584305882454e-03 9.588520042598247528e-03 6.285914219915866852e-03 2.257461659610271454e-02 2.090864814817905426e-02 2.499523386359214783e-02 2.808135747909545898e-02 3.573700785636901855e-02 1.293739955872297287e-02 2.004187926650047302e-02 2.364803291857242584e-02 3.111811354756355286e-02 3.153865784406661987e-02 1.481679175049066544e-02 1.704083569347858429e-02 4.404145479202270508e-02 1.387920603156089783e-02 2.657360024750232697e-02 2.340123802423477173e-02 4.075476899743080139e-02 1.903839595615863800e-02 2.065980574116110802e-03 7.054253667593002319e-02 2.047432214021682739e-02 3.617367148399353027e-02 5.460641160607337952e-02 3.345560282468795776e-02 5.725623294711112976e-02 7.579554803669452667e-03 6.765341013669967651e-02 4.598163813352584839e-02 2.141188457608222961e-02 3.461002185940742493e-02 3.555861860513687134e-02 1.682667806744575500e-02 1.447496004402637482e-02 1.933933235704898834e-02 4.122062399983406067e-02 3.926424309611320496e-02 2.245024777948856354e-02 2.855410426855087280e-02 3.278651088476181030e-02 3.548356937244534492e-03 3.914782032370567322e-02 4.369526728987693787e-02 6.854148581624031067e-03 4.273572191596031189e-02 5.139311542734503746e-04 4.606100171804428101e-02 2.772383578121662140e-02 9.634353220462799072e-03 1.639239303767681122e-02 2.971233613789081573e-02
2.841147966682910919e-02 1.229332177899777889e-03 1.968038678169250488e-01 1.604270748794078827e-02 2.345685660839080811e-02 3.400752088055014610e-03 1.300616376101970673e-02 4.810164570808410645e-01 1.007797662168741226e-02 1.373235695064067841e-02 2.267208183184266090e-03 3.797828033566474915e-02 2.120399288833141327e-02 2.520912699401378632e-02 8.756951242685317993e-02 2.472748979926109314e-02 6.094764918088912964e-02 3.076628036797046661e-02 1.802702806890010834e-02 3.325722366571426392e-02 3.645873069763183594e-02 3.888965770602226257e-02 1.795809715986251831e-02 3.489116951823234558e-02 2.877819910645484924e-02 3.198577789589762688e-03 6.753458641469478607e-03 9.451338555663824081e-04 3.332519531250000000e-02 4.275980405509471893e-03 2.048410708084702492e-03 3.101735375821590424e-02 5.090904887765645981e-03 6.580347195267677307e-03 3.740027174353599548e-02 3.622819483280181885e-02 9.002462029457092285e-03 5.101216025650501251e-03 1.949380151927471161e-02 2.461984055116772652e-03 8.097263425588607788e-02 3.518269211053848267e-02 1.543166954070329666e-02 5.830229446291923523e-02 1.199157815426588058e-02 4.026272520422935486e-02 4.332307726144790649e-02 6.364443339407444000e-03 3.639853000640869141e-02 4.250356461852788925e-03 3.702824236825108528e-03 1.372296828776597977e-02 4.149423167109489441e-02 1.493935938924551010e-02 8.925655856728553772e-03 1.140255481004714966e-02 4.022896289825439453e-02 2.476877160370349884e-02 1.799806207418441772e-02 1.848702318966388702e-02 3.867679508402943611e-03 4.593665525317192078e-02 3.696142509579658508e-02 3.402066975831985474e-02 4.015928879380226135e-02 1.422521565109491348e-02 1.301268488168716431e-02 1.784011349081993103e-02 2.897098101675510406e-02 3.406743705272674561e-02 4.314482584595680237e-02 1.613257825374603271e-02 2.991387620568275452e-02 2.460670843720436096e-02 3.431842476129531860e-02 2.524006925523281097e-02 1.438476517796516418e-02 1.184664666652679443e-02 1.930305734276771545e-03 7.869316264986991882e-03 2.249977290630340576e-01 1.516374945640563965e-01 2.777890115976333618e-02 3.599166125059127808e-02 1.856838725507259369e-02 2.941326051950454712e-02 8.150952309370040894e-02 4.765755310654640198e-02 2.374174073338508606e-02 3.314541652798652649e-02 8.754566661082208157e-04 2.022915519773960114e-02 1.760383695363998413e-02 1.631739921867847443e-02 3.856633789837360382e-03 2.160762995481491089e-02 3.692783182486891747e-03 3.604923933744430542e-02 2.298739366233348846e-02 1.841178722679615021e-02 4.481643065810203552e-02 2.815366024151444435e-03 2.575267665088176727e-02 3.236692398786544800e-02 1.453066151589155197e-02 2.458613738417625427e-02 3.765870630741119385e-02 2.154937013983726501e-02 2.411201829090714455e-03 1.934002898633480072e-02 1.424956484697759151e-03 1.268248539417982101e-02 2.354258298873901367e-02 1.373092178255319595e-02 4.222013801336288452e-02 3.325991332530975342e-02
2.562630223110318184e-03 4.900290817022323608e-02 6.332865450531244278e-04 1.220516767352819443e-02 2.751683350652456284e-03 5.687488615512847900e-02 1.818935200572013855e-02 1.007797662168741226e-02 4.942168593406677246e-01 8.355901390314102173e-02 3.806764259934425354e-02 3.552372008562088013e-02 7.943620905280113220e-03 2.244092989712953568e-03 1.180616673082113266e-02 3.459041565656661987e-02 6.570181250572204590e-02 5.855477973818778992e-02 8.265723474323749542e-03 4.327073693275451660e-02 2.459768904373049736e-03 3.495352342724800110e-02 1.044865045696496964e-02 4.556559026241302490e-02 1.725796796381473541e-02 5.675230920314788818e-02 2.808050811290740967e-02 4.786174744367599487e-02 1.497329305857419968e-02 4.659362137317657471e-02 2.034465037286281586e-02 1.000474952161312103e-02 2.519323304295539856e-02 2.646139077842235565e-02 2.604686096310615540e-02 4.952013120055198669e-02 2.213593758642673492e-02 3.102702461183071136e-02 9.666269033914431930e-05 1.011533569544553757e-02 4.406417161226272583e-02 1.259840000420808792e-02 4.517897590994834900e-02 3.547165542840957642e-02 3.353216126561164856e-02 1.392132719047367573e-03 3.388273343443870544e-02 4.325473681092262268e-03 3.252827003598213196e-02 2.893615700304508209e-02 3.279126062989234924e-02 4.034331440925598145e-02 2.751044929027557373e-02 1.012495625764131546e-02 1.547347661107778549e-02 1.843383163213729858e-02 3.656295314431190491e-02 4.351070523262023926e-02 1.808624714612960815e-02 2.321115881204605103e-02 4.204794764518737793e-02 3.275930136442184448e-02 4.585027322173118591e-02 5.669850111007690430e-02 1.485643326304852962e-03 5.598563328385353088e-02 6.593861151486635208e-03 6.804156117141246796e-03 3.683077171444892883e-02 2.281918935477733612e-02 3.766154497861862183e-02 9.187239338643848896e-04 1.838303543627262115e-02 5.671190563589334488e-03 2.199470996856689453e-02 3.939693048596382141e-02 1.654769629240036011e-01 9.659084677696228027e-02 1.015467047691345215e-01 5.011183395981788635e-02 1.520597562193870544e-02 4.371945559978485107e-02 3.362856060266494751e-02 4.225422069430351257e-02 2.227496914565563202e-02 2.112841419875621796e-02 2.106482535600662231e-02 1.172505412250757217e-02 2.159340307116508484e-02 3.941833507269620895e-03 1.404313603416085243e-03 1.302901096642017365e-02 1.321761123836040497e-02 2.618701569736003876e-02 4.330728203058242798e-02 4.246512427926063538e-02 2.186175063252449036e-02 1.381245627999305725e-02 4.320685286074876785e-03 1.339464355260133743e-02 2.563489787280559540e-02 6.223547738045454025e-03 4.094937816262245178e-02 3.247372061014175415e-02 2.682102844119071960e-02 5.621728673577308655e-02 2.559752203524112701e-02 4.584420938044786453e-03 3.083743900060653687e-02 4.435666836798191071e-03 3.903037682175636292e-02 1.757730543613433838e-02 5.268297716975212097e-02 4.403368011116981506e-02 1.239165291190147400e-02 1.402991171926259995e-02
3.067105636000633240e-02 1.952715590596199036e-02 5.219716578722000122e-03 1.339412759989500046e-02 1.683594309724867344e-03 4.425084684044122696e-03 1.935728080570697784e-02 1.373235695064067841e-02 8.355901390314102173e-02 5.070867538452148438e-01 6.977899465709924698e-03 3.147380426526069641e-02 1.098757423460483551e-02 9.404633194208145142e-03 2.322678267955780029e-02 4.720226861536502838e-03 3.160719573497772217e-02 3.145319642499089241e-03 3.504865616559982300e-02 3.866527602076530457e-02 4.462824668735265732e-03 1.306273601949214935e-02 3.074930980801582336e-02 2.091513946652412415e-02 3.207854181528091431e-02 9.626425802707672119e-03 1.464637462049722672e-02 1.293152756989002228e-02 1.411737501621246338e-02 3.532676771283149719e-02 4.281852766871452332e-02 3.712887316942214966e-02 6.970617454499006271e-03 8.755681104958057404e-03 1.265319623053073883e-02 1.999774202704429626e-02 1.595286652445793152e-02 4.851575940847396851e-02 1.036005374044179916e-02 2.649139799177646637e-02 4.122125729918479919e-02 4.360268265008926392e-02 4.350768402218818665e-02 4.298768937587738037e-03 3.790706768631935120e-02 3.514728322625160217e-02 2.723379246890544891e-02 3.395403176546096802e-02 2.248302474617958069e-02 8.342986553907394409e-02 2.713930327445268631e-03 1.260210387408733368e-02 2.562997117638587952e-02 1.745742931962013245e-02 1.610419526696205139e-02 6.052197888493537903e-02 2.896558493375778198e-02 7.337906863540410995e-03 8.170335553586483002e-03 1.211718539707362652e-03 1.860847696661949158e-02 1.064145192503929138e-02 2.230828627943992615e-02 1.509459689259529114e-02 6.401030346751213074e-03 5.314879864454269409e-02 5.488423258066177368e-02 9.682058356702327728e-03 2.559008449316024780e-02 4.753124713897705078e-02 6.133218482136726379e-02 2.781500667333602905e-02 3.057133220136165619e-02 2.457951568067073822e-02 3.208277001976966858e-02 2.861965820193290710e-02 4.637800157070159912e-02 1.206463947892189026e-01 2.136313123628497124e-03 8.364376425743103027e-02 2.695212897378951311e-04 2.675955928862094879e-02 3.998490795493125916e-02 6.417535990476608276e-02 6.018336117267608643e-02 2.940176613628864288e-02 1.973695121705532074e-02 2.519664540886878967e-02 1.590897142887115479e-02 3.089771978557109833e-02 3.966286405920982361e-02 1.452341955155134201e-02 3.113170713186264038e-02 2.105180546641349792e-02 3.475266275927424431e-04 2.893827296793460846e-02 3.217735094949603081e-03 3.616082668304443359e-02 5.450966581702232361e-02 6.035090424120426178e-03 2.056018449366092682e-02 3.003441356122493744e-02 5.376613140106201172e-02 1.402677129954099655e-02 3.210094198584556580e-02 4.191351309418678284e-02 4.006432741880416870e-02 1.240901998244225979e-03 2.094925194978713989e-02 4.595938604325056076e-03 1.420947071164846420e-02 2.274804003536701202e-02 2.077793516218662262e-02 3.915651235729455948e-03 2.926408080384135246e-03 8.266039192676544189e-03
1.046182215213775635e-01 1.533070579171180725e-02 1.423722878098487854e-02 2.679430134594440460e-02 2.211716957390308380e-02 6.449992209672927856e-02 3.924187645316123962e-02 2.267208183184266090e-03 3.806764259934425354e-02 6.977899465709924698e-03 5.047479867935180664e-01 4.310951009392738342e-02 1.182097271084785461e-01 3.393368422985076904e-02 5.070116836577653885e-03 1.289101317524909973e-02 3.964115679264068604e-02 9.780372492969036102e-03 1.217079069465398788e-02 3.631605068221688271e-03 2.977339550852775574e-03 2.084054611623287201e-02 4.050796478986740112e-02 1.829334720969200134e-02 6.918955128639936447e-03 2.964782156050205231e-02 9.169557131826877594e-03 4.718958213925361633e-02 1.622200012207031250e-02 1.592931151390075684e-02 5.479178205132484436e-02 1.243293844163417816e-02 3.468643501400947571e-02 7.329863030463457108e-03 2.822156297042965889e-03 1.316479872912168503e-02 4.358259961009025574e-02 3.796261548995971680e-02 2.507994510233402252e-02 5.221566185355186462e-02 8.106559514999389648e-03 3.317503631114959717e-02 4.297617077827453613e-02 2.709046471863985062e-03 3.424215689301490784e-02 6.337392609566450119e-03 1.108582541346549988e-01 5.375628545880317688e-02 1.117678638547658920e-02 1.592682115733623505e-02 4.089869931340217590e-02 5.567066371440887451e-03 9.135785512626171112e-03 2.960846945643424988e-02 1.591665484011173248e-02 1.872876845300197601e-02 4.370841383934020996e-02 2.085755392909049988e-02 2.311629988253116608e-02 1.916657201945781708e-02 5.080189183354377747e-02 1.480129733681678772e-02 3.622908145189285278e-02 2.354408614337444305e-02 1.118610985577106476e-02 3.042317181825637817e-02 1.770662516355514526e-02 2.195079997181892395e-02 7.408914156258106232e-03 5.130409449338912964e-02 2.755876071751117706e-02 1.471621170639991760e-02 8.709354326128959656e-03 3.389227762818336487e-02 1.919119805097579956e-02 4.609431698918342590e-02 5.079961195588111877e-02 3.355804830789566040e-02 4.047369118779897690e-03 8.596310392022132874e-03 2.649350836873054504e-02 3.167463466525077820e-02 5.320392549037933350e-03 1.203589420765638351e-02 1.607737690210342407e-02 3.597988188266754150e-02 4.779902100563049316e-02 2.458859793841838837e-02 6.113446783274412155e-03 1.846077479422092438e-02 8.390612155199050903e-02 1.309855096042156219e-02 2.442433871328830719e-02 1.983660832047462463e-02 1.034408714622259140e-02 9.674962610006332397e-03 2.906814217567443848e-02 1.351715438067913055e-02 4.407695680856704712e-02 4.858428612351417542e-02 9.586798027157783508e-03 3.830868378281593323e-02 4.990716651082038879e-02 5.624293163418769836e-02 2.241158857941627502e-02 2.748319134116172791e-02 8.753343485295772552e-03 4.133996739983558655e-02 3.289783000946044922e-02 2.582849562168121338e-02 7.703758310526609421e-03 2.047084644436836243e-02 5.868770647794008255e-03 4.523761942982673645e-02 1.360141672194004059e-02 8.920604363083839417e-03
2.211960963904857635e-02 3.373629227280616760e-02 7.864537648856639862e-03 1.228286232799291611e-02 3.729674592614173889e-02 5.882921814918518066e-02 1.035815775394439697e-01 3.797828033566474915e-02 3.552372008562088013e-02 3.147380426526069641e-02 4.310951009392738342e-02 4.981856644153594971e-01 3.945562243461608887e-02 2.143640518188476562e-01 2.410328947007656097e-02 2.789561823010444641e-02 3.789502009749412537e-02 3.124564886093139648e-02 2.887946739792823792e-02 3.448439063504338264e-03 5.175853148102760315e-02 2.487588115036487579e-02 1.052125692367553711e-01 6.503693014383316040e-02 2.228000573813915253e-02 2.911743707954883575e-02 3.122295625507831573e-02 1.556120514869689941e-01 7.732535898685455322e-02 9.533354640007019043e-02 1.446402911096811295e-02 2.313830703496932983e-02 3.218203783035278320e-02 9.407210163772106171e-03 4.215789586305618286e-02 2.545634284615516663e-03 2.123768441379070282e-02 2.925706282258033752e-02 1.061779633164405823e-02 1.863687857985496521e-02 1.885340176522731781e-02 1.909594051539897919e-02 2.886454202234745026e-02 3.075370937585830688e-02 1.354836076498031616e-01 2.345993416383862495e-03 4.074843972921371460e-02 4.870007187128067017e-02 1.025854609906673431e-03 2.432304248213768005e-02 6.572777032852172852e-02 8.579161018133163452e-02 2.322443295270204544e-03 4.335251636803150177e-03 1.789199560880661011e-02 7.436533924192190170e-03 4.435529559850692749e-02 4.888366535305976868e-02 1.132511883042752743e-03 1.731395488604903221e-03 3.098472207784652710e-02 1.160855218768119812e-02 1.261421479284763336e-02 2.527940459549427032e-02 2.195253781974315643e-02 4.271436855196952820e-02 1.587375649251043797e-03 2.364702959312126040e-04 3.330988809466362000e-02 4.224305972456932068e-02 2.483460679650306702e-02 3.352199122309684753e-02 2.089684270322322845e-02 1.939621008932590485e-02 3.097375296056270599e-02 1.828301697969436646e-02 1.370783802121877670e-02 2.578531950712203979e-02 1.043466404080390930e-01 3.762797266244888306e-02 4.452681168913841248e-02 3.472921380307525396e-04 4.083121661096811295e-03 4.198369756340980530e-02 3.508020192384719849e-02 4.383481293916702271e-02 4.654641449451446533e-02 1.339629851281642914e-02 2.381215430796146393e-02 4.744646325707435608e-02 3.793254494667053223e-02 4.562150686979293823e-02 5.098155140876770020e-02 1.405208278447389603e-02 9.255552664399147034e-03 7.130596321076154709e-03 9.694580920040607452e-03 1.035031676292419434e-02 3.102095611393451691e-02 8.934375829994678497e-03 2.078028395771980286e-02 2.565187867730855942e-03 5.124799208715558052e-04 2.844352507963776588e-03 2.212385274469852448e-02 4.279192164540290833e-02 3.812760859727859497e-02 2.940641157329082489e-02 3.689658269286155701e-02 4.343713074922561646e-02 3.031401522457599640e-02 3.404048271477222443e-03 3.465195000171661377e-02 3.615231812000274658e-02 1.005212217569351196e-02 2.415293082594871521e-02
1.100206822156906128e-01 9.296825528144836426e-02 1.902367360889911652e-02 4.087224230170249939e-02 3.479304537177085876e-02 7.971542328596115112e-02 4.205940291285514832e-02 2.120399288833141327e-02 7.943620905280113220e-03 1.098757423460483551e-02 1.182097271084785461e-01 3.945562243461608887e-02 5.002572536468505859e-01 3.972221165895462036e-02 3.154856339097023010e-02 1.159989740699529648e-02 3.981049731373786926e-02 1.279163267463445663e-02 1.071307715028524399e-02 3.093641251325607300e-02 4.661849234253168106e-04 4.251709207892417908e-03 4.340158775448799133e-02 4.008257761597633362e-02 5.585290957242250443e-03 2.581433858722448349e-03 2.507716417312622070e-02 3.017248399555683136e-02 5.799764767289161682e-02 3.009005077183246613e-02 6.897383928298950195e-02 1.597005524672567844e-03 5.611414089798927307e-02 1.037887670099735260e-02 7.364886347204446793e-03 4.166245087981224060e-02 1.797895878553390503e-02 4.875444248318672180e-02 2.349693700671195984e-02 3.780492395162582397e-02 3.243689192458987236e-03 8.595223538577556610e-03 2.461091615259647369e-03 3.161848708987236023e-02 5.055534839630126953e-02 5.470495671033859253e-02 8.684318512678146362e-02 1.763621345162391663e-02 2.134522609412670135e-02 1.453018188476562500e-02 3.676310181617736816e-02 2.418806962668895721e-02 6.314056459814310074e-03 8.738169446587562561e-03 1.337430439889431000e-02 8.086306042969226837e-03 4.901871085166931152e-02 7.744665257632732391e-03 2.400576509535312653e-02 9.074517525732517242e-03 2.654522098600864410e-02 3.303566249087452888e-03 5.167269706726074219e-02 2.408221364021301270e-02 3.211976960301399231e-03 6.393750756978988647e-02 1.037588156759738922e-02 5.444295704364776611e-02 3.345006331801414490e-02 2.418825589120388031e-02 7.265585940331220627e-03 7.854849100112915039e-03 7.271013222634792328e-03 4.828351736068725586e-02 1.122766546905040741e-02 1.618458190932869911e-03 1.573164388537406921e-02 1.255859527736902237e-02 7.633425295352935791e-03 3.724877536296844482e-02 2.754205651581287384e-02 2.873467281460762024e-02 2.124004997313022614e-02 8.432885631918907166e-03 1.822566241025924683e-02 2.020826004445552826e-02 3.018613718450069427e-02 2.773602679371833801e-02 1.250731479376554489e-02 2.735681086778640747e-02 3.840897232294082642e-02 9.814166463911533356e-03 1.554348971694707870e-03 4.784287139773368835e-02 2.169676683843135834e-02 4.933585296384990215e-04 4.312379285693168640e-02 1.242172904312610626e-02 9.699737420305609703e-04 4.205875564366579056e-03 1.711877295747399330e-03 3.297699615359306335e-02 4.589156806468963623e-02 3.872237354516983032e-02 8.239475078880786896e-03 3.180754557251930237e-02 2.636449644342064857e-04 5.363983288407325745e-02 3.218491002917289734e-02 6.319525651633739471e-03 4.408074077218770981e-03 1.365924440324306488e-02 3.323178738355636597e-02 7.575965020805597305e-03 2.016835846006870270e-02 2.350891195237636566e-02
