4.817795455455780029e-01 1.752101182937622070e-01 3.176849707961082458e-02 4.280827194452285767e-02 1.731601543724536896e-02 7.916573435068130493e-02 2.092209272086620331e-02 6.849986966699361801e-03 3.709110617637634277e-02 1.436775922775268555e-02 9.865549951791763306e-02 3.526236861944198608e-02 8.683528006076812744e-02 3.753545135259628296e-02 2.096170000731945038e-02 1.328788790851831436e-02 5.415010824799537659e-02 1.623456180095672607e-02 2.307001128792762756e-02 3.879993781447410583e-02 1.314498856663703918e-02 8.411324582993984222e-03 5.644346121698617935e-03 7.696775253862142563e-03 7.301710546016693115e-02 4.076372087001800537e-02 3.375278320163488388e-03 3.270812565460801125e-03 1.713860966265201569e-02 8.419211022555828094e-03 3.819793462753295898e-02 4.412698000669479370e-02 4.201922565698623657e-03 1.973544433712959290e-02 5.611022468656301498e-03 4.903437569737434387e-02 2.952351234853267670e-02 2.308984100818634033e-02 4.097863566130399704e-03 2.042950876057147980e-02 3.323156014084815979e-02 1.982690999284386635e-03 2.345495112240314484e-02 1.566290110349655151e-02 2.196045219898223877e-02 1.224174629896879196e-02 6.706277281045913696e-02 2.188240550458431244e-02 3.779914975166320801e-02 2.788637205958366394e-02 1.536827255040407181e-02 8.281485177576541901e-03 3.050635755062103271e-02 2.553183585405349731e-02 3.574583306908607483e-02 2.466548606753349304e-02 4.162199795246124268e-03 2.476554922759532928e-02 2.267550118267536163e-02 2.211172133684158325e-03 3.588074445724487305e-02 8.552506566047668457e-03 2.040380425751209259e-02 3.686250373721122742e-02 3.047289699316024780e-02 4.796966537833213806e-02 2.706942846998572350e-03 1.100490987300872803e-02 1.961206831037998199e-02 2.962327376008033752e-02 2.688347361981868744e-02 2.436367794871330261e-02 2.118263766169548035e-02 3.636500984430313110e-02 3.142504766583442688e-02 1.972450315952301025e-02 2.356022223830223083e-02 1.862508989870548248e-02 1.625433750450611115e-02 1.770838350057601929e-02 5.049838498234748840e-02 3.276283666491508484e-02 2.145584672689437866e-02 6.122416816651821136e-03 1.517911814153194427e-02 2.481994591653347015e-02 5.196547880768775940e-02 2.426367439329624176e-02 4.100454226136207581e-02 1.261055655777454376e-02 1.060937438160181046e-02 4.780595004558563232e-02 7.766999304294586182e-03 3.767156973481178284e-02 4.374281316995620728e-02 4.282267764210700989e-02 3.027730435132980347e-02 7.828028756193816662e-04 3.753686323761940002e-02 2.079213783144950867e-02 3.347753733396530151e-02 3.318245336413383484e-02 4.321102797985076904e-02 4.073809832334518433e-02 2.937205880880355835e-02 3.388951718807220459e-02 1.386088319122791290e-02 4.156180843710899353e-02 2.624657005071640015e-02 5.190012231469154358e-02 2.348662540316581726e-02 4.477496445178985596e-02 8.190327789634466171e-04 6.219942122697830200e-03 5.918281152844429016e-02 1.402021292597055435e-02
1.752101182937622070e-01 4.787814617156982422e-01 4.372749477624893188e-02 1.468200702220201492e-02 1.071073929779231548e-03 8.676823228597640991e-02 8.088067919015884399e-02 4.198724776506423950e-02 5.463124811649322510e-02 8.419809862971305847e-03 2.626247331500053406e-02 1.991872861981391907e-02 8.661183714866638184e-02 2.395112253725528717e-02 1.315984060056507587e-03 4.189070686697959900e-02 1.092006172984838486e-02 2.416434511542320251e-02 4.600962623953819275e-02 3.115430101752281189e-02 1.726955361664295197e-02 4.016721993684768677e-02 4.590686876326799393e-03 3.878609277307987213e-03 4.807120934128761292e-02 3.743380308151245117e-02 3.961250768043100834e-04 3.978073596954345703e-02 3.501030802726745605e-02 1.452365238219499588e-02 3.929140791296958923e-02 1.273075304925441742e-02 3.274686262011528015e-02 6.807388737797737122e-03 3.819574788212776184e-02 3.405023738741874695e-02 2.815344929695129395e-02 1.409631129354238510e-02 3.124242275953292847e-02 3.635768964886665344e-02 3.370533883571624756e-02 4.471232648938894272e-03 5.118802934885025024e-02 1.525651384145021439e-02 4.474243521690368652e-02 4.124282859265804291e-03 5.002994090318679810e-02 4.479238390922546387e-02 2.276727557182312012e-02 4.662684723734855652e-02 2.758917398750782013e-02 2.241008542478084564e-02 2.394718304276466370e-02 4.445137456059455872e-02 2.303778566420078278e-02 3.794226329773664474e-03 1.709072105586528778e-02 2.185040153563022614e-02 6.850981712341308594e-02 1.922944560647010803e-02 4.111221805214881897e-02 4.515486583113670349e-02 3.677989915013313293e-02 5.290630273520946503e-03 5.590415000915527344e-02 2.289792895317077637e-02 2.349659055471420288e-02 1.744760014116764069e-02 5.258740484714508057e-02 2.163983695209026337e-02 1.024340000003576279e-02 2.718442119657993317e-02 4.621856287121772766e-02 2.359298290684819221e-03 5.056639667600393295e-03 2.329968474805355072e-02 1.226967200636863708e-02 1.135299727320671082e-02 9.523469954729080200e-03 2.247019857168197632e-02 9.342407807707786560e-03 3.138932958245277405e-02 1.200638432055711746e-02 1.525292359292507172e-02 1.272257603704929352e-02 1.343921571969985962e-02 3.506708145141601562e-02 4.871364310383796692e-02 1.791295595467090607e-02 2.072195149958133698e-02 9.432917460799217224e-03 4.704292491078376770e-02 1.596478745341300964e-02 3.950002789497375488e-02 7.120879366993904114e-03 3.539042919874191284e-02 2.214123308658599854e-02 1.207094360142946243e-02 3.679029643535614014e-03 9.351062588393688202e-03 4.787318408489227295e-02 5.198306217789649963e-02 3.703733161091804504e-02 7.041723001748323441e-03 8.788133971393108368e-03 1.490285806357860565e-02 4.194514825940132141e-02 3.715582564473152161e-02 1.147186663001775742e-02 2.168481610715389252e-02 2.111522853374481201e-02 4.102934524416923523e-02 3.825541213154792786e-02 2.953579835593700409e-02 5.419273674488067627e-02 2.027664892375469208e-02
3.176849707961082458e-02 4.372749477624893188e-02 4.981483519077301025e-01 2.249183692038059235e-02 1.993421092629432678e-02 2.969201467931270599e-02 2.039493247866630554e-02 2.798323892056941986e-02 1.480690203607082367e-02 4.771328996866941452e-03 3.458904568105936050e-03 1.213813573122024536e-02 8.167217485606670380e-03 1.561389863491058350e-02 1.300549786537885666e-02 9.419653564691543579e-03 1.710877940058708191e-02 3.508949652314186096e-02 1.734663173556327820e-02 3.984994068741798401e-02 3.050474217161536217e-03 1.518894452601671219e-02 4.134990647435188293e-02 1.743351295590400696e-02 2.218958362936973572e-02 6.961999926716089249e-03 7.593085616827011108e-02 5.127159506082534790e-02 9.026402607560157776e-03 3.290232643485069275e-02 1.795559190213680267e-02 9.463873691856861115e-03 8.174833841621875763e-03 1.729966886341571808e-02 8.853782899677753448e-03 1.382782775908708572e-02 3.910758718848228455e-02 2.905895747244358063e-02 3.097618743777275085e-02 1.832749135792255402e-02 3.022378310561180115e-02 1.887013204395771027e-02 7.316152332350611687e-04 3.748070821166038513e-02 5.221893638372421265e-02 2.714913152158260345e-02 8.047290146350860596e-03 4.888388887047767639e-02 4.371415823698043823e-02 3.292485699057579041e-02 3.143592551350593567e-02 2.069609798491001129e-02 8.501801639795303345e-03 3.439371287822723389e-02 5.010949447751045227e-02 4.078727588057518005e-02 8.157548494637012482e-03 5.385560449212789536e-03 5.067579075694084167e-02 2.456715703010559082e-02 3.193447366356849670e-02 4.205341637134552002e-02 6.568032782524824142e-03 2.932177158072590828e-03 4.931689240038394928e-03 1.651787757873535156e-02 2.027947828173637390e-02 2.471037767827510834e-02 2.097255177795886993e-02 1.041077822446823120e-01 1.381448935717344284e-02 1.025215014815330505e-01 3.133038431406021118e-02 1.263974606990814209e-01 3.013828210532665253e-02 4.292644187808036804e-02 3.470049798488616943e-02 2.539486065506935120e-02 3.700463101267814636e-02 1.510903052985668182e-02 3.365310654044151306e-02 1.215341966599225998e-03 5.146658513695001602e-03 9.556645527482032776e-03 3.286630613729357719e-03 4.162668809294700623e-02 4.372239345684647560e-04 5.056674778461456299e-02 4.176973551511764526e-02 5.065023433417081833e-03 2.661676332354545593e-02 7.085329294204711914e-02 2.881891280412673950e-02 4.005449637770652771e-02 4.483031108975410461e-02 4.931379854679107666e-02 8.072205632925033569e-02 4.389746487140655518e-02 5.027352273464202881e-02 5.084362626075744629e-02 9.731862694025039673e-03 3.644055919721722603e-03 6.369593739509582520e-02 6.236047297716140747e-02 1.300751231610774994e-02 2.288857474923133850e-02 1.590398699045181274e-02 5.036118254065513611e-02 2.115410519763827324e-03 2.498827176168560982e-03 1.095433440059423447e-02 5.622950941324234009e-02 9.370382875204086304e-03 2.620940655469894409e-02 1.746299862861633301e-02 4.149316996335983276e-02
4.280827194452285767e-02 1.468200702220201492e-02 2.249183692038059235e-02 4.909591674804687500e-01 8.803681284189224243e-02 1.816593669354915619e-02 3.755582123994827271e-02 4.447072744369506836e-02 2.240172773599624634e-02 2.941824204754084349e-04 4.447441175580024719e-02 2.455588243901729584e-02 6.195375230163335800e-03 8.746447041630744934e-03 2.982804924249649048e-02 2.777875401079654694e-02 4.246317595243453979e-02 4.390593245625495911e-02 3.619985654950141907e-02 4.624608904123306274e-02 8.079309016466140747e-03 1.267369487322866917e-03 5.726429820060729980e-02 3.080926276743412018e-02 3.003196232020854950e-02 2.628044970333576202e-02 2.580391988158226013e-02 1.181076932698488235e-02 1.640155911445617676e-02 3.800545260310173035e-02 2.582181431353092194e-02 7.594075985252857208e-03 4.463090375065803528e-02 1.984689198434352875e-02 6.017260253429412842e-02 3.091947548091411591e-02 2.797001786530017853e-02 4.020915925502777100e-02 5.768506973981857300e-02 1.887651719152927399e-02 1.368741597980260849e-02 1.779630780220031738e-02 4.597235005348920822e-03 1.256106141954660416e-02 3.249673917889595032e-02 8.235325105488300323e-03 1.048871316015720367e-02 2.982065640389919281e-02 3.676646202802658081e-02 4.585733637213706970e-02 2.745451778173446655e-02 2.168992720544338226e-02 3.424056572839617729e-03 2.492533810436725616e-02 3.455162793397903442e-02 3.844670951366424561e-02 4.403185844421386719e-02 4.023580625653266907e-02 1.565186679363250732e-02 1.289613638073205948e-02 7.035066932439804077e-02 2.031996846199035645e-02 8.333322405815124512e-02 9.660378098487854004e-02 4.618910700082778931e-02 6.326606962829828262e-03 4.125351831316947937e-02 1.619426719844341278e-02 5.873638438060879707e-04 2.227946557104587555e-02 2.515014074742794037e-02 5.235311016440391541e-02 8.880718052387237549e-02 8.752265945076942444e-03 7.605087012052536011e-02 2.000047266483306885e-02 1.756348460912704468e-02 5.409775301814079285e-02 2.919068560004234314e-02 1.307134795933961868e-02 4.004167858511209488e-03 3.064402379095554352e-03 3.463257849216461182e-02 2.793842926621437073e-02 2.590353251434862614e-04 3.014873340725898743e-02 2.246910147368907928e-02 2.338585630059242249e-02 8.610145002603530884e-02 1.125070359557867050e-02 2.162871882319450378e-02 1.982861943542957306e-02 3.237909078598022461e-02 1.921249739825725555e-02 4.536518827080726624e-02 2.297922223806381226e-02 1.179051306098699570e-02 1.480933278799057007e-02 3.578203544020652771e-02 4.157009348273277283e-02 4.510497301816940308e-02 5.496972799301147461e-02 3.704214468598365784e-02 2.449470758438110352e-02 3.044179268181324005e-02 7.775282859802246094e-02 9.321104735136032104e-03 4.364759102463722229e-02 2.044762298464775085e-02 3.654631972312927246e-02 2.400952205061912537e-02 1.311327703297138214e-02 2.561115659773349762e-02 2.485834062099456787e-02 5.055606365203857422e-02 1.826453208923339844e-02
1.731601543724536896e-02 1.071073929779231548e-03 1.993421092629432678e-02 8.803681284189224243e-02 4.627192616462707520e-01 4.948470368981361389e-02 2.410418540239334106e-02 2.413705736398696899e-02 2.811180800199508667e-02 5.606757476925849915e-02 3.612664062529802322e-03 5.448529124259948730e-02 8.124798187054693699e-04 6.415490806102752686e-02 2.076880447566509247e-02 3.882317990064620972e-02 3.172319754958152771e-02 3.600077703595161438e-02 7.749243825674057007e-02 1.057265978306531906e-02 1.473020203411579132e-02 1.047970261424779892e-02 5.319964885711669922e-02 2.523958683013916016e-02 3.723186999559402466e-02 2.795748598873615265e-02 7.183670066297054291e-03 3.255802765488624573e-02 7.734040729701519012e-03 6.711121648550033569e-02 1.073299534618854523e-02 4.539193585515022278e-02 3.872333094477653503e-02 7.640158757567405701e-03 3.168391296640038490e-03 5.942048970609903336e-03 3.214400634169578552e-02 2.531216305214911699e-04 5.826242733746767044e-03 5.818803235888481140e-02 4.389056004583835602e-03 2.378854528069496155e-02 4.276570305228233337e-02 2.717730775475502014e-02 3.370364382863044739e-02 2.076967619359493256e-02 2.654457651078701019e-02 1.512015983462333679e-02 2.700870111584663391e-02 7.110643200576305389e-04 2.857408486306667328e-02 4.803207889199256897e-02 2.963858470320701599e-02 8.141092956066131592e-03 1.687475480139255524e-02 2.167729660868644714e-02 2.336389850825071335e-03 2.836846373975276947e-02 6.771912332624197006e-03 2.115253731608390808e-02 3.835436701774597168e-02 8.427600376307964325e-03 4.166658967733383179e-02 3.061591461300849915e-02 1.839531958103179932e-02 3.014615178108215332e-02 4.409820213913917542e-02 4.384700953960418701e-02 3.740123659372329712e-02 2.704175747931003571e-02 3.825767710804939270e-02 4.378953203558921814e-02 2.222103811800479889e-02 3.763240203261375427e-02 5.040379613637924194e-02 4.525109543465077877e-04 1.372253894805908203e-02 4.969836212694644928e-03 2.545904135331511497e-03 4.238882288336753845e-02 1.097571384161710739e-02 3.340012580156326294e-02 4.740967229008674622e-02 7.505425065755844116e-02 8.773239329457283020e-03 1.135313883423805237e-02 1.350643299520015717e-02 4.043860360980033875e-02 9.593043476343154907e-03 3.943324461579322815e-02 4.041684325784444809e-03 2.326665259897708893e-02 1.856633089482784271e-02 2.736810222268104553e-02 1.078642159700393677e-02 2.218495868146419525e-02 6.887185852974653244e-03 3.648467361927032471e-02 1.546251960098743439e-02 3.028647787868976593e-02 2.497825026512145996e-02 2.289873920381069183e-02 2.914163516834378242e-03 2.103685028851032257e-02 1.262831594794988632e-02 2.836584486067295074e-02 1.886426098644733429e-02 3.575746715068817139e-02 4.776051791850477457e-04 3.660365566611289978e-02 2.925464510917663574e-02 2.013084478676319122e-02 3.667372837662696838e-02 2.148834802210330963e-02 2.794354967772960663e-02 1.069559250026941299e-02
7.916573435068130493e-02 8.676823228597640991e-02 2.969201467931270599e-02 1.816593669354915619e-02 4.948470368981361389e-02 4.970429241657257080e-01 3.926785290241241455e-02 3.752435743808746338e-02 2.653717435896396637e-02 3.349148109555244446e-02 4.327213764190673828e-02 3.370594978332519531e-02 2.951981499791145325e-02 2.202916145324707031e-02 5.001274868845939636e-02 1.991667784750461578e-02 3.477632999420166016e-02 2.565183676779270172e-02 2.704186923801898956e-02 6.235323846340179443e-03 7.498251739889383316e-03 2.385200560092926025e-02 4.238944128155708313e-02 3.692366927862167358e-02 6.115677300840616226e-03 2.141687786206603050e-03 4.475640505552291870e-02 2.668482437729835510e-02 1.998524367809295654e-02 1.305331848561763763e-02 4.004404693841934204e-02 2.052938938140869141e-02 5.015731230378150940e-02 6.914721801877021790e-03 2.033895626664161682e-02 3.904994810000061989e-03 4.234435968101024628e-03 2.381155267357826233e-02 9.033860405907034874e-04 5.063332989811897278e-02 2.394527755677700043e-02 3.966192528605461121e-02 3.359844535589218140e-02 3.358730301260948181e-02 1.688725315034389496e-02 1.473908964544534683e-02 4.686377942562103271e-02 3.388343751430511475e-02 1.157918944954872131e-02 3.765340521931648254e-02 5.686426162719726562e-02 3.930164501070976257e-02 3.239684179425239563e-02 1.577607169747352600e-02 1.428397744894027710e-02 5.254108924418687820e-03 5.155965685844421387e-03 2.322799526154994965e-02 3.422005847096443176e-02 1.539743505418300629e-03 2.729105763137340546e-02 2.542268671095371246e-02 4.120879620313644409e-02 4.751743003726005554e-02 4.237668216228485107e-02 4.788791388273239136e-02 2.691511809825897217e-02 3.178890328854322433e-04 4.251521825790405273e-02 1.469439733773469925e-02 3.169607371091842651e-02 3.032510168850421906e-02 2.399201691150665283e-02 1.039796043187379837e-02 3.448911756277084351e-02 2.782709710299968719e-02 2.939897961914539337e-02 4.462945833802223206e-02 5.145028233528137207e-03 3.757134452462196350e-02 7.311893161386251450e-03 5.713572259992361069e-03 3.113750927150249481e-02 2.145547047257423401e-02 1.660640910267829895e-02 4.842167347669601440e-02 5.116635560989379883e-02 2.082652412354946136e-02 4.151033237576484680e-02 4.112489987164735794e-03 4.128773510456085205e-02 3.265306353569030762e-02 5.150382965803146362e-02 6.462607998400926590e-04 2.575777657330036163e-02 6.991683971136808395e-03 3.110889159142971039e-02 4.215821623802185059e-02 2.281245961785316467e-02 3.836862370371818542e-02 9.221364744007587433e-03 7.970863953232765198e-03 1.650215312838554382e-02 1.125342864543199539e-02 1.762530580163002014e-02 6.384685169905424118e-03 4.431499540805816650e-02 1.666850782930850983e-02 1.276920957025140524e-04 1.175968069583177567e-02 2.367522194981575012e-02 2.583481743931770325e-02 3.434840962290763855e-02 3.457864746451377869e-02 4.891645163297653198e-02 7.560448255389928818e-03
2.092209272086620331e-02 8.088067919015884399e-02 2.039493247866630554e-02 3.755582123994827271e-02 2.410418540239334106e-02 3.926785290241241455e-02 4.819246232509613037e-01 3.090485744178295135e-02 3.235980123281478882e-02 2.804026752710342407e-02 1.087330952286720276e-01 4.116836562752723694e-02 3.316986188292503357e-02 1.891559688374400139e-03 2.375057525932788849e-02 8.951063267886638641e-03 4.109610244631767273e-02 1.544549036771059036e-02 7.662236690521240234e-03 6.597193330526351929e-02 3.862517699599266052e-02 3.334141895174980164e-02 3.298355266451835632e-02 1.907708682119846344e-02 2.869176305830478668e-02 1.207652222365140915e-02 3.201800957322120667e-02 4.360173642635345459e-02 2.111386321485042572e-02 3.486432507634162903e-02 3.962816298007965088e-02 5.101452115923166275e-03 6.624940782785415649e-03 5.966111086308956146e-03 2.219294570386409760e-02 1.815281994640827179e-02 2.748411893844604492e-02 3.750384971499443054e-02 1.750040054321289062e-02 2.265400812029838562e-02 1.119724009186029434e-02 4.330977424979209900e-02 3.137815743684768677e-02 3.553980961441993713e-02 9.689819999039173126e-03 3.404749184846878052e-02 7.840435206890106201e-02 1.425981819629669189e-01 4.392916336655616760e-02 1.580325141549110413e-02 4.037316516041755676e-02 4.240540042519569397e-02 3.747164458036422729e-02 1.167921442538499832e-02 1.498657930642366409e-02 9.710018523037433624e-03 1.468371413648128510e-02 2.256714040413498878e-03 2.804105542600154877e-02 3.207634016871452332e-02 3.353134915232658386e-02 1.621317118406295776e-02 3.338047768920660019e-03 3.649595379829406738e-02 7.475553452968597412e-02 1.908044144511222839e-02 6.080188322812318802e-03 6.549656973220407963e-04 1.671938225626945496e-02 3.440371528267860413e-02 1.274530030786991119e-02 3.340230882167816162e-02 3.309339284896850586e-02 4.586623050272464752e-03 3.075436316430568695e-02 2.165513485670089722e-02 2.759131044149398804e-02 1.267818268388509750e-02 2.024897374212741852e-02 2.934279292821884155e-02 3.024586848914623260e-02 2.209637896157801151e-04 4.837325308471918106e-03 2.117532305419445038e-02 4.432488232851028442e-02 4.253330826759338379e-02 6.052349694073200226e-03 3.447269322350621223e-03 7.654819637537002563e-03 1.721693389117717743e-02 2.599288336932659149e-02 1.883309148252010345e-02 3.875774145126342773e-02 4.821997880935668945e-02 2.030403353273868561e-02 7.877864874899387360e-03 2.022910304367542267e-02 8.033304475247859955e-03 9.519948507659137249e-04 1.778410561382770538e-02 4.498975723981857300e-02 1.422617770731449127e-02 7.565715815871953964e-03 6.081403698772192001e-04 1.867419295012950897e-02 2.896293997764587402e-02 1.421125233173370361e-02 2.803985960781574249e-02 2.467972785234451294e-02 3.140741214156150818e-02 1.116211898624897003e-02 2.979503199458122253e-02 1.236173696815967560e-02 3.061853162944316864e-02 3.354995325207710266e-02 8.271754719316959381e-03
6.849986966699361801e-03 4.198724776506423950e-02 2.798323892056941986e-02 4.447072744369506836e-02 2.413705736398696899e-02 3.752435743808746338e-02 3.090485744178295135e-02 5.000887513160705566e-01 1.517399586737155914e-02 9.839634411036968231e-03 5.193674936890602112e-02 5.481960251927375793e-02 2.987835556268692017e-02 2.740083262324333191e-02 9.442178159952163696e-02 5.321374163031578064e-02 1.748545654118061066e-02 1.883769594132900238e-02 1.662017032504081726e-02 4.307575151324272156e-02 4.900331050157546997e-02 6.815775483846664429e-02 5.968156270682811737e-03 3.299400210380554199e-02 4.646884277462959290e-02 3.686700388789176941e-02 1.205987390130758286e-02 5.369940400123596191e-02 1.928444579243659973e-02 3.953834623098373413e-02 1.164070051163434982e-02 1.824061200022697449e-02 4.393712058663368225e-02 7.790775038301944733e-03 3.895478323101997375e-02 5.057096481323242188e-02 8.400367200374603271e-02 4.698590934276580811e-02 4.267213866114616394e-02 1.332690007984638214e-02 1.752972602844238281e-03 1.172803621739149094e-02 3.067894093692302704e-02 8.578222244977951050e-03 3.331584855914115906e-02 5.375846102833747864e-02 1.749929226934909821e-02 1.846607215702533722e-02 1.529170479625463486e-02 6.442726589739322662e-03 3.597339987754821777e-02 2.801518654450774193e-03 4.150323197245597839e-02 9.767132578417658806e-04 3.665092587471008301e-02 3.655705600976943970e-02 2.427614852786064148e-02 3.912681341171264648e-02 4.613758623600006104e-02 4.653345793485641479e-02 2.534816972911357880e-02 1.572920195758342743e-02 7.909216801635921001e-04 4.068550840020179749e-02 2.615096420049667358e-02 3.797850385308265686e-02 9.708314901217818260e-04 8.113360963761806488e-03 2.751444652676582336e-02 1.116346917115151882e-03 3.438399871811270714e-03 9.450245648622512817e-03 2.110118046402931213e-02 1.997037045657634735e-02 1.425570528954267502e-02 2.352456934750080109e-02 1.106243580579757690e-02 5.779186729341745377e-03 4.157361015677452087e-02 3.871733695268630981e-02 5.185679346323013306e-02 9.645052999258041382e-02 5.478348117321729660e-03 3.342811390757560730e-02 2.539769001305103302e-02 4.748410359025001526e-02 6.778857856988906860e-02 7.244011759757995605e-02 4.719509184360504150e-02 1.943289116024971008e-02 1.297488342970609665e-02 4.634894058108329773e-02 1.877422258257865906e-02 2.992998436093330383e-02 5.479765310883522034e-02 4.071942716836929321e-02 8.775400929152965546e-03 1.827625185251235962e-02 3.213445842266082764e-02 2.126567997038364410e-03 4.586850851774215698e-02 3.169371187686920166e-02 3.376659005880355835e-02 5.314489826560020447e-02 3.034411696717143059e-03 3.081798180937767029e-02 6.383605301380157471e-02 1.597470417618751526e-02 2.354034408926963806e-02 3.684362024068832397e-02 1.358261052519083023e-02 1.775823766365647316e-03 4.037242010235786438e-02 3.344837203621864319e-02 1.799065619707107544e-02 7.778774946928024292e-03
3.709110617637634277e-02 5.463124811649322510e-02 1.480690203607082367e-02 2.240172773599624634e-02 2.811180800199508667e-02 2.653717435896396637e-02 3.235980123281478882e-02 1.517399586737155914e-02 5.100800991058349609e-01 1.194586418569087982e-02 2.925330214202404022e-02 3.192330896854400635e-02 2.631276659667491913e-02 4.514033719897270203e-02 4.992639273405075073e-02 1.224851515144109726e-02 1.374948117882013321e-02 1.168441548943519592e-01 1.571421697735786438e-02 1.507293991744518280e-02 4.895476251840591431e-02 5.312349647283554077e-02 4.396862164139747620e-02 3.971311450004577637e-02 2.875455841422080994e-02 8.502371609210968018e-03 7.082841359078884125e-03 6.193614006042480469e-02 3.826638311147689819e-02 1.325018331408500671e-02 2.587246242910623550e-03 4.204461351037025452e-02 7.645844947546720505e-03 4.071012139320373535e-03 5.124758929014205933e-02 1.198066864162683487e-02 3.108689794316887856e-03 3.853808715939521790e-02 1.637179404497146606e-02 4.354068636894226074e-02 1.891226880252361298e-02 3.984922170639038086e-02 3.174581006169319153e-02 2.499140100553631783e-03 4.032268375158309937e-02 3.097296506166458130e-02 1.953477505594491959e-03 4.491532966494560242e-02 3.568657115101814270e-02 4.602532833814620972e-02 5.612533167004585266e-02 4.961783438920974731e-02 1.652400381863117218e-02 3.186833055224269629e-04 6.573965400457382202e-02 5.461306124925613403e-02 1.924308203160762787e-02 5.260295420885086060e-02 4.529927670955657959e-02 3.553651273250579834e-03 4.391555860638618469e-02 5.690079182386398315e-03 1.757682114839553833e-02 4.429797828197479248e-02 1.663310080766677856e-02 2.567642740905284882e-02 2.460180222988128662e-02 4.380720108747482300e-02 3.485492616891860962e-02 2.728422172367572784e-02 2.237634360790252686e-02 3.964381292462348938e-02 3.021474182605743408e-02 4.298864677548408508e-02 4.051467776298522949e-02 2.019823994487524033e-03 9.166289120912551880e-02 2.560646086931228638e-02 4.703525081276893616e-02 1.420119218528270721e-02 2.000156790018081665e-03 4.093342646956443787e-02 1.048797741532325745e-01 3.693181276321411133e-02 2.476955018937587738e-02 3.704201430082321167e-02 4.445286840200424194e-02 4.619550704956054688e-02 2.169589512050151825e-02 4.409024119377136230e-02 3.638493642210960388e-02 5.923306569457054138e-02 3.685572743415832520e-02 4.006419703364372253e-02 5.877261050045490265e-03 6.457306444644927979e-03 2.944591455161571503e-02 1.343621872365474701e-02 4.446525126695632935e-02 1.705740462057292461e-03 3.621184825897216797e-02 1.498793158680200577e-02 6.458140909671783447e-03 5.631321109831333160e-03 3.253694623708724976e-02 1.105370186269283295e-02 2.262876369059085846e-02 1.144819706678390503e-02 1.073718350380659103e-02 1.210974529385566711e-02 2.217714488506317139e-02 5.465667229145765305e-03 4.920082911849021912e-02 2.063343487679958344e-02 3.810823336243629456e-02 4.809402301907539368e-02
1.436775922775268555e-02 8.419809862971305847e-03 4.771328996866941452e-03 2.941824204754084349e-04 5.606757476925849915e-02 3.349148109555244446e-02 2.804026752710342407e-02 9.839634411036968231e-03 1.194586418569087982e-02 5.015862584114074707e-01 1.668749004602432251e-02 2.976433373987674713e-02 7.273515802808105946e-04 3.714809566736221313e-02 4.124107584357261658e-02 5.733561143279075623e-02 8.191760629415512085e-03 2.192757092416286469e-02 8.836136758327484131e-02 1.610895805060863495e-02 3.326438367366790771e-02 1.215710677206516266e-02 3.094901144504547119e-02 6.557669956237077713e-03 3.277670219540596008e-02 5.884621664881706238e-02 2.802374772727489471e-02 7.362971454858779907e-02 3.400849178433418274e-03 4.942477494478225708e-02 9.635636582970619202e-03 1.898807287216186523e-02 5.615981295704841614e-03 1.546017173677682877e-02 1.056030020117759705e-02 4.385498166084289551e-02 2.943345718085765839e-02 1.294183195568621159e-03 5.552695365622639656e-04 2.244921959936618805e-02 3.276304109022021294e-03 3.979778289794921875e-02 4.300491139292716980e-02 2.696778066456317902e-02 5.744068697094917297e-02 5.531545355916023254e-02 1.520809344947338104e-02 1.149678789079189301e-02 1.585554564371705055e-03 2.836068719625473022e-02 2.296748384833335876e-02 4.966633021831512451e-02 1.140675973147153854e-02 1.212709583342075348e-02 2.398299239575862885e-02 2.546423114836215973e-02 1.343982014805078506e-02 5.489117652177810669e-02 3.845499828457832336e-02 1.639870926737785339e-02 1.510473084636032581e-03 8.040269836783409119e-03 3.910485655069351196e-02 8.740061894059181213e-03 4.444748163223266602e-02 2.135398099198937416e-03 1.290835998952388763e-02 6.171235069632530212e-02 4.036438837647438049e-02 3.876756504178047180e-02 1.460446510463953018e-02 4.559037834405899048e-02 1.807065797038376331e-03 2.690225373953580856e-03 5.500673782080411911e-03 9.015351533889770508e-03 4.637566581368446350e-02 1.022164374589920044e-01 1.298742834478616714e-02 8.016733080148696899e-02 4.463918134570121765e-02 3.064864873886108398e-02 3.781106788665056229e-03 1.028098911046981812e-01 5.605465918779373169e-02 2.230454608798027039e-02 4.552483558654785156e-02 3.099792264401912689e-02 1.577821001410484314e-02 3.254330158233642578e-02 3.697779029607772827e-03 1.245384570211172104e-02 1.599136181175708771e-02 1.411071233451366425e-02 5.786423385143280029e-02 4.471885412931442261e-02 3.626691177487373352e-02 1.452838722616434097e-02 1.196778658777475357e-02 1.020217197947204113e-03 4.586638510227203369e-02 1.647243462502956390e-02 1.251870300620794296e-02 3.246349748224020004e-03 4.247381875757128000e-04 1.004956103861331940e-02 1.753103546798229218e-02 8.571651764214038849e-03 2.677447535097599030e-02 3.221006318926811218e-02 2.566866204142570496e-02 5.217960570007562637e-03 4.444265738129615784e-02 2.493251860141754150e-02 5.823298357427120209e-03 3.599180281162261963e-02
9.865549951791763306e-02 2.626247331500053406e-02 3.458904568105936050e-03 4.447441175580024719e-02 3.612664062529802322e-03 4.327213764190673828e-02 1.087330952286720276e-01 5.193674936890602112e-02 2.925330214202404022e-02 1.668749004602432251e-02 5.043002367019653320e-01 3.895926848053932190e-02 1.165081784129142761e-01 4.175963997840881348e-02 3.907993063330650330e-02 6.118420511484146118e-03 1.387768425047397614e-02 2.338851243257522583e-02 3.529009874910116196e-03 2.481351420283317566e-02 3.724439302459359169e-03 7.535529881715774536e-02 2.909698337316513062e-02 4.293319769203662872e-03 1.243666559457778931e-02 4.280124977231025696e-02 7.566499058157205582e-03 2.919031120836734772e-02 1.109279226511716843e-02 2.967298775911331177e-02 5.595660582184791565e-02 2.144310250878334045e-02 3.774839267134666443e-02 9.762070141732692719e-03 4.355455189943313599e-02 3.963794186711311340e-02 3.364800289273262024e-02 4.066798090934753418e-02 1.522607635706663132e-02 2.590038441121578217e-02 3.545490652322769165e-02 2.250523865222930908e-02 2.635840699076652527e-02 2.096242271363735199e-02 7.534280419349670410e-03 1.913274265825748444e-02 1.436344236135482788e-01 1.192683652043342590e-01 2.434664638713002205e-03 4.266393184661865234e-02 2.579154446721076965e-03 7.340624462813138962e-03 2.180781029164791107e-02 8.031629957258701324e-03 4.069983214139938354e-02 4.026401787996292114e-02 2.013122662901878357e-02 7.324047037400305271e-04 1.130548957735300064e-02 5.013986676931381226e-02 4.187813028693199158e-02 2.045145444571971893e-02 3.055709972977638245e-02 2.862492948770523071e-02 1.043656021356582642e-01 9.063366055488586426e-02 3.854644298553466797e-02 4.387272894382476807e-02 1.307206228375434875e-02 2.512364182621240616e-03 1.968186581507325172e-03 1.692341268062591553e-02 3.861109167337417603e-02 4.253436252474784851e-02 1.936004031449556351e-03 3.804672451224178076e-04 1.001983182504773140e-03 6.404611282050609589e-03 4.665179178118705750e-02 9.544046595692634583e-03 3.505981341004371643e-02 2.233570441603660583e-02 2.625717222690582275e-02 1.889081858098506927e-02 3.253361955285072327e-02 3.457650169730186462e-02 2.678935043513774872e-02 1.329466607421636581e-02 4.575692862272262573e-02 2.468554489314556122e-02 9.035990387201309204e-02 4.134359303861856461e-03 6.091969832777976990e-02 8.699883706867694855e-03 7.747469469904899597e-03 4.501954652369022369e-03 2.471875026822090149e-02 2.731704618781805038e-03 1.951817423105239868e-02 3.275634348392486572e-02 3.331336006522178650e-02 2.510237507522106171e-02 4.587661847472190857e-02 4.543819651007652283e-02 2.673798426985740662e-02 4.342974629253149033e-03 1.010978315025568008e-02 2.210182510316371918e-02 9.413667023181915283e-03 8.792168460786342621e-03 3.227564319968223572e-02 6.202061194926500320e-03 5.365710239857435226e-03 2.150669926777482033e-03 6.464126985520124435e-03 3.006667643785476685e-02
3.526236861944198608e-02 1.991872861981391907e-02 1.213813573122024536e-02 2.455588243901729584e-02 5.448529124259948730e-02 3.370594978332519531e-02 4.116836562752723694e-02 5.481960251927375793e-02 3.192330896854400635e-02 2.976433373987674713e-02 3.895926848053932190e-02 4.930889904499053955e-01 2.726001292467117310e-02 1.879746764898300171e-01 3.048299066722393036e-02 2.294699288904666901e-02 1.564179174602031708e-02 2.471981756389141083e-02 2.296429499983787537e-02 1.967914961278438568e-02 5.178786441683769226e-02 8.222644217312335968e-03 5.988372117280960083e-02 2.116572111845016479e-02 3.312428947538137436e-03 2.762398310005664825e-02 4.785097762942314148e-02 5.321047455072402954e-02 3.574824705719947815e-02 3.468350693583488464e-02 6.606773287057876587e-02 2.348422538489103317e-03 1.696117036044597626e-02 1.059030927717685699e-02 3.904991224408149719e-02 1.337519194930791855e-02 3.134678676724433899e-02 4.309672396630048752e-03 4.053311794996261597e-02 1.653076522052288055e-02 2.523019164800643921e-02 3.393451496958732605e-02 1.420532539486885071e-02 1.600525714457035065e-02 1.429993193596601486e-02 5.330489203333854675e-02 2.666788734495639801e-02 2.553285472095012665e-02 1.772057078778743744e-02 3.608662262558937073e-02 4.366009309887886047e-02 1.551754213869571686e-02 4.602965340018272400e-02 2.500726282596588135e-02 3.986685723066329956e-02 3.738328814506530762e-02 3.590032085776329041e-02 3.529767319560050964e-02 2.164810895919799805e-02 2.651562914252281189e-03 3.250674903392791748e-02 4.065153375267982483e-02 1.544487569481134415e-02 3.163503855466842651e-02 2.798211760818958282e-03 1.128870155662298203e-02 3.974460810422897339e-02 4.762611910700798035e-02 5.239139869809150696e-02 3.132964298129081726e-02 2.419133670628070831e-04 2.991449460387229919e-02 3.235034644603729248e-02 7.393221836537122726e-03 2.095899358391761780e-02 2.792345173656940460e-02 7.896399497985839844e-02 8.913383819162845612e-03 3.236645460128784180e-02 2.835816517472267151e-02 2.610517665743827820e-03 2.459182590246200562e-02 1.072543580085039139e-02 5.197802931070327759e-02 3.156695514917373657e-02 9.533724747598171234e-03 1.647270284593105316e-02 2.885795570909976959e-02 5.146923661231994629e-02 3.561465814709663391e-02 2.570229955017566681e-02 3.645323216915130615e-02 6.546529382467269897e-02 3.666301816701889038e-02 2.056381665170192719e-03 3.318512439727783203e-02 6.405519787222146988e-03 1.878009364008903503e-02 4.138078168034553528e-02 4.211641848087310791e-03 3.328945022076368332e-03 1.939930953085422516e-02 1.998444460332393646e-02 1.345057133585214615e-02 2.791743911802768707e-02 2.390712685883045197e-02 4.758539143949747086e-03 5.584312602877616882e-02 2.434646338224411011e-02 2.194125019013881683e-02 3.494298830628395081e-02 4.225307330489158630e-02 4.014747962355613708e-02 5.205689743161201477e-02 1.864542998373508453e-02 3.684537857770919800e-02
8.683528006076812744e-02 8.661183714866638184e-02 8.167217485606670380e-03 6.195375230163335800e-03 8.124798187054693699e-04 2.951981499791145325e-02 3.316986188292503357e-02 2.987835556268692017e-02 2.631276659667491913e-02 7.273515802808105946e-04 1.165081784129142761e-01 2.726001292467117310e-02 4.862606227397918701e-01 1.597844623029232025e-02 4.339849576354026794e-02 1.955323852598667145e-02 5.844999104738235474e-02 5.809523165225982666e-02 3.694439679384231567e-02 4.522214457392692566e-02 6.980061531066894531e-03 3.396342694759368896e-02 1.844617724418640137e-02 1.084464509040117264e-02 3.222620487213134766e-02 3.391746431589126587e-02 1.909781806170940399e-02 1.244053943082690239e-03 5.308705195784568787e-02 1.319157984107732773e-02 1.500199362635612488e-02 5.598900839686393738e-02 1.121123228222131729e-02 8.198642171919345856e-03 8.677221834659576416e-03 2.539975941181182861e-02 6.347625516355037689e-03 1.842359080910682678e-02 1.237567514181137085e-03 3.596516326069831848e-02 2.380704507231712341e-02 2.674774266779422760e-02 2.303136512637138367e-02 2.825712971389293671e-02 4.426274448633193970e-02 1.711135730147361755e-02 1.366218924522399902e-01 3.976698592305183411e-02 1.703659445047378540e-02 2.556353621184825897e-02 5.098738893866539001e-02 4.521621391177177429e-02 3.419072926044464111e-02 2.793160453438758850e-02 2.918010391294956207e-02 3.685478866100311279e-02 6.863282527774572372e-03 3.788073360919952393e-02 3.904115408658981323e-02 2.536100894212722778e-02 1.421254966408014297e-02 4.378799349069595337e-02 2.048347145318984985e-02 2.928182296454906464e-02 1.570309326052665710e-02 9.938818961381912231e-02 3.434046637266874313e-03 1.336250221356749535e-03 2.236300706863403320e-02 4.098995402455329895e-02 1.672808080911636353e-02 1.183208636939525604e-02 4.801722709089517593e-03 4.466494917869567871e-02 1.727630384266376495e-02 3.208666667342185974e-02 6.422058213502168655e-03 6.286304909735918045e-03 2.712743729352951050e-02 1.078498177230358124e-02 3.275083005428314209e-02 1.295267138630151749e-02 2.707931213080883026e-02 8.551518432796001434e-03 6.207151804119348526e-03 4.310351610183715820e-02 1.980226486921310425e-02 5.811553448438644409e-02 1.461299508810043335e-02 9.701209142804145813e-03 4.119699075818061829e-02 1.902724988758563995e-02 2.221324108541011810e-02 3.255818784236907959e-02 3.564846143126487732e-02 3.125427290797233582e-02 1.552595011889934540e-02 3.860426321625709534e-02 4.390180110931396484e-02 2.441671909764409065e-03 3.062857873737812042e-02 1.567083410918712616e-02 4.237841442227363586e-02 6.466591730713844299e-03 3.481696546077728271e-02 2.695404179394245148e-02 4.352068156003952026e-02 2.517682313919067383e-02 3.765281662344932556e-02 9.630446322262287140e-03 8.849035948514938354e-03 1.886869780719280243e-02 2.322631329298019409e-02 9.612570516765117645e-03 3.709862648975104094e-04 3.793204948306083679e-02
