5.873737931251525879e-01 1.309324204921722412e-01 2.125491201877593994e-02 1.399639155715703964e-02 2.860835008323192596e-02 1.105574965476989746e-01 8.977741003036499023e-02 1.606617681682109833e-02 2.409442327916622162e-02 3.149624913930892944e-02 1.025105416774749756e-01 1.482636481523513794e-02 8.230345696210861206e-02 8.758186362683773041e-03 1.768990792334079742e-02 7.138255517929792404e-03 5.860458593815565109e-03 2.356546744704246521e-02 3.861076012253761292e-02 3.761608852073550224e-03 7.677383837290108204e-04 2.604835107922554016e-02 2.705165883526206017e-03 6.930031348019838333e-03 1.669475995004177094e-02 1.913098804652690887e-02 4.332653433084487915e-02 3.906071884557604790e-03 1.715389825403690338e-02 1.331767253577709198e-02 4.459721967577934265e-03 4.107475746423006058e-03 2.523721754550933838e-02 8.668776601552963257e-03 5.169525742530822754e-02 1.119058229960501194e-03 8.750014938414096832e-03 1.887404546141624451e-02 1.477499376051127911e-03 1.890353672206401825e-02 2.633644640445709229e-02 2.253540558740496635e-03 2.315937913954257965e-02 2.580079250037670135e-02 2.334108203649520874e-02 3.800078853964805603e-02 7.169925421476364136e-02 2.718408592045307159e-02 9.670002385973930359e-03 1.922520063817501068e-02 5.060606170445680618e-03 3.289699181914329529e-02 3.124766238033771515e-02 1.231224276125431061e-02 3.533651819452643394e-03 2.479456365108489990e-02 5.197522230446338654e-03 1.046759355813264847e-02 2.426278963685035706e-02 4.236920177936553955e-02 8.072265423834323883e-03 6.054295809008181095e-04 2.427574992179870605e-02 5.491565167903900146e-02 2.837039995938539505e-03 4.482310265302658081e-03 1.418611966073513031e-02 8.125145919620990753e-03 1.189360744319856167e-03 2.022410929203033447e-02 8.811358362436294556e-03 4.094588011503219604e-02 7.281883736141026020e-04 3.963168710470199585e-02 3.432765603065490723e-03 2.152309007942676544e-02 6.984867621213197708e-03 2.799425646662712097e-02 2.490518987178802490e-02 2.539056539535522461e-02 1.224573422223329544e-02 6.717678625136613846e-03 4.244999587535858154e-02 3.219101205468177795e-02 8.960090577602386475e-03 1.937256194651126862e-02 3.043952584266662598e-02 3.052415139973163605e-02 7.926071062684059143e-03 2.318250015377998352e-02 3.812707215547561646e-02 1.109249517321586609e-02 2.393828146159648895e-02 3.381246468052268028e-03 5.961644928902387619e-03 6.090258713811635971e-03 1.438698172569274902e-02 2.460027299821376801e-02 9.684870019555091858e-03 2.461534924805164337e-02 3.896243404597043991e-03 1.037945039570331573e-03 5.494402721524238586e-03 8.993661031126976013e-03 3.428355604410171509e-02 3.399824351072311401e-02 3.150406992062926292e-03 1.804345054551959038e-03 2.306098816916346550e-03 3.936704248189926147e-02 2.760893106460571289e-02 1.164356828667223454e-03 2.170669659972190857e-02 3.454929962754249573e-02 5.038269609212875366e-02 1.576035981997847557e-03
1.309324204921722412e-01 5.903770327568054199e-01 1.664561033248901367e-02 3.275644779205322266e-02 1.609804853796958923e-02 9.289456158876419067e-02 8.991573005914688110e-02 5.642789416015148163e-03 2.487852424383163452e-02 2.963951416313648224e-02 6.286586076021194458e-02 5.565398372709751129e-03 8.427567034959793091e-02 1.060633570887148380e-03 3.464489057660102844e-02 1.105061266571283340e-02 1.322656217962503433e-02 1.154807116836309433e-02 2.158788591623306274e-02 1.039344538003206253e-02 1.018872484564781189e-02 2.236011065542697906e-02 6.773171015083789825e-03 9.849535301327705383e-03 6.393574178218841553e-03 8.570249192416667938e-03 3.289718925952911377e-02 2.239147759974002838e-02 3.531391173601150513e-02 3.126202896237373352e-02 2.223390899598598480e-02 3.246287582442164421e-03 2.196465618908405304e-02 1.591060496866703033e-02 4.119887202978134155e-02 4.743497353047132492e-03 1.891534961760044098e-02 1.137074921280145645e-02 3.915691748261451721e-03 1.427437737584114075e-02 1.699246652424335480e-02 5.138884298503398895e-03 1.094836369156837463e-02 2.389401011168956757e-02 1.760946027934551239e-02 2.057221718132495880e-02 5.107715725898742676e-02 2.455040998756885529e-02 9.694093023426830769e-05 8.684032596647739410e-03 1.127639599144458771e-02 3.131898865103721619e-02 2.672079764306545258e-02 1.329078245908021927e-02 6.431188667193055153e-04 2.117458358407020569e-02 7.364556659013032913e-04 1.883600489236414433e-03 2.883714810013771057e-02 4.711014404892921448e-02 7.164341397583484650e-03 2.815003274008631706e-03 2.669351920485496521e-02 5.647111684083938599e-02 1.568280160427093506e-02 1.517490763217210770e-02 1.851240755058825016e-03 6.740472279489040375e-03 1.813539303839206696e-02 3.350039571523666382e-02 2.745430357754230499e-02 3.413169458508491516e-02 2.421422832412645221e-04 2.035643346607685089e-02 1.473022857680916786e-03 4.278801009058952332e-02 2.080411091446876526e-02 3.080913983285427094e-02 3.461086377501487732e-02 2.818337082862854004e-02 1.446941401809453964e-02 6.612360943108797073e-03 3.800165653228759766e-02 3.825397416949272156e-02 8.663559332489967346e-03 1.363373454660177231e-02 4.701317846775054932e-02 9.752978570759296417e-03 4.211103543639183044e-02 3.548928350210189819e-02 1.504462305456399918e-02 4.009512194897979498e-04 2.722653560340404510e-02 2.283332578372210264e-04 1.778777805157005787e-03 1.372095663100481033e-03 1.311359833925962448e-02 1.224955357611179352e-02 6.237746682018041611e-03 3.976399544626474380e-03 5.764149129390716553e-03 1.357426773756742477e-02 5.622571334242820740e-03 8.260720409452915192e-03 2.497896924614906311e-02 2.914008125662803650e-02 1.816892810165882111e-02 1.178507972508668900e-02 2.426535077393054962e-02 2.611208334565162659e-02 1.452171523123979568e-02 2.466726861894130707e-02 6.456310860812664032e-03 2.541964501142501831e-02 5.123784020543098450e-02 5.940711125731468201e-03
2.125491201877593994e-02 1.664561033248901367e-02 5.606805086135864258e-01 2.134662680327892303e-02 8.145252242684364319e-03 3.176369890570640564e-02 1.484639756381511688e-02 8.077065646648406982e-02 3.852161765098571777e-02 3.466937690973281860e-03 8.879912085831165314e-03 3.611401887610554695e-03 1.652375329285860062e-03 1.313656009733676910e-02 1.829148083925247192e-02 2.086597308516502380e-02 1.209593471139669418e-02 3.465155884623527527e-02 1.585671678185462952e-02 1.011087466031312943e-02 2.036095783114433289e-02 1.677972264587879181e-03 2.466507628560066223e-02 2.598403766751289368e-02 2.129565179347991943e-02 1.984795555472373962e-02 5.371105857193470001e-03 1.822826307034119964e-04 1.866885833442211151e-02 3.448845073580741882e-02 2.316722832620143890e-02 1.826848834753036499e-02 2.472067251801490784e-02 8.110824041068553925e-03 3.704417496919631958e-02 5.372146889567375183e-02 1.731939427554607391e-02 1.011582836508750916e-02 4.494681954383850098e-02 1.217283960431814194e-02 2.771340124309062958e-02 1.931308582425117493e-02 4.400133155286312103e-03 5.269988253712654114e-02 1.098642032593488693e-02 1.110235042870044708e-02 1.814959943294525146e-02 1.431289128959178925e-02 1.179205439984798431e-02 1.916134357452392578e-02 6.087090075016021729e-02 5.364479497075080872e-02 5.713962484151124954e-03 1.879311352968215942e-02 1.666393876075744629e-02 2.084682695567607880e-02 4.106196388602256775e-02 1.946057379245758057e-02 3.607650101184844971e-02 1.301953010261058807e-02 1.427918951958417892e-02 6.728931330144405365e-04 1.410283800214529037e-02 4.805274307727813721e-02 3.130216896533966064e-02 3.530178964138031006e-02 1.505546830594539642e-02 1.469498034566640854e-02 3.798220679163932800e-02 1.362241618335247040e-02 2.089321240782737732e-02 3.324235975742340088e-02 3.893595561385154724e-02 3.344114497303962708e-02 2.043804340064525604e-02 4.853585734963417053e-02 3.902989998459815979e-02 8.276676759123802185e-03 1.749652996659278870e-02 1.723279058933258057e-02 1.411714404821395874e-01 8.735103905200958252e-02 6.014675833284854889e-03 1.738825067877769470e-02 1.572840264998376369e-03 5.452636163681745529e-03 2.055359818041324615e-02 2.593177370727062225e-02 1.151527464389801025e-02 8.369647897779941559e-03 3.569572791457176208e-02 2.776852063834667206e-02 9.207201190292835236e-03 2.065611258149147034e-02 2.087914757430553436e-02 3.945955540984869003e-03 1.978118717670440674e-02 5.399219226092100143e-03 1.769065298140048981e-02 7.755456026643514633e-03 2.380561642348766327e-02 8.219792507588863373e-03 2.729977853596210480e-02 3.497048094868659973e-02 1.783735118806362152e-02 1.054351963102817535e-02 1.794656179845333099e-02 3.837052360177040100e-02 2.595000341534614563e-02 3.637944580987095833e-03 2.144194021821022034e-02 4.131744056940078735e-02 3.327580913901329041e-02 9.897816926240921021e-03 1.955415494740009308e-02 2.073021419346332550e-02
1.399639155715703964e-02 3.275644779205322266e-02 2.134662680327892303e-02 5.857834219932556152e-01 1.112069413065910339e-01 9.436246007680892944e-03 2.286275383085012436e-03 1.703745685517787933e-02 3.226987272500991821e-02 4.564767237752676010e-03 2.036260440945625305e-03 6.532658153446391225e-05 6.773181376047432423e-04 3.607223927974700928e-02 4.398475214838981628e-02 4.245324805378913879e-02 5.100395157933235168e-02 1.634098216891288757e-02 4.909757059067487717e-03 3.084295988082885742e-02 4.782744869589805603e-02 8.627584204077720642e-03 3.570859879255294800e-02 3.777940198779106140e-02 4.588413983583450317e-02 3.809696063399314880e-02 2.324646338820457458e-03 2.069915644824504852e-02 7.461623102426528931e-02 4.206929355859756470e-03 8.344465494155883789e-02 3.855775669217109680e-02 7.295189891010522842e-03 3.924878686666488647e-02 5.615901667624711990e-03 2.217064425349235535e-02 2.845976874232292175e-02 4.311309661716222763e-03 7.498971372842788696e-02 6.880424171686172485e-02 4.524838551878929138e-02 1.569362170994281769e-02 4.342779889702796936e-02 5.583622958511114120e-03 2.707773260772228241e-02 3.227296099066734314e-02 8.438477525487542152e-04 2.281103469431400299e-02 4.688537493348121643e-02 4.529504850506782532e-02 7.909644773462787271e-05 2.123344317078590393e-02 2.147588692605495453e-02 2.637764625251293182e-02 7.705689873546361923e-03 4.515644907951354980e-02 1.004275307059288025e-02 1.508838683366775513e-02 4.608684778213500977e-02 5.812231078743934631e-02 3.763661906123161316e-02 2.784708142280578613e-02 3.122300095856189728e-02 4.146861657500267029e-02 4.540335386991500854e-02 4.572793468832969666e-02 1.805038750171661377e-02 2.981895208358764648e-02 3.695482388138771057e-02 2.105895988643169403e-02 1.598288118839263916e-02 3.611418232321739197e-02 2.810816094279289246e-02 3.621180728077888489e-02 3.558142855763435364e-02 7.097771018743515015e-02 1.518367696553468704e-02 1.625593006610870361e-02 3.722018375992774963e-02 1.812629774212837219e-02 1.897259801626205444e-02 1.988123543560504913e-02 6.577488034963607788e-02 2.664100192487239838e-02 2.187701500952243805e-02 1.838228479027748108e-02 1.151771098375320435e-02 1.327697560191154480e-02 1.123065035790205002e-02 1.481986511498689651e-02 2.288296073675155640e-02 2.060261322185397148e-03 1.850827946327626705e-03 1.391386031173169613e-03 4.920616280287504196e-03 1.847550086677074432e-02 4.007180407643318176e-02 4.212514311075210571e-02 4.008963704109191895e-02 3.176327422261238098e-02 1.943467743694782257e-02 2.351099997758865356e-02 1.542455051094293594e-02 1.178319286555051804e-02 4.265081137418746948e-02 2.646301500499248505e-02 3.590588271617889404e-02 5.142629891633987427e-02 2.396840415894985199e-02 7.262860238552093506e-02 6.775955669581890106e-03 2.127101831138134003e-02 3.230036422610282898e-02 3.220465034246444702e-02 2.750057540833950043e-02 8.630738593637943268e-03
2.860835008323192596e-02 1.609804853796958923e-02 8.145252242684364319e-03 1.112069413065910339e-01 5.798355937004089355e-01 1.857760176062583923e-02 1.376296393573284149e-03 4.853835329413414001e-02 1.769880019128322601e-02 4.282695800065994263e-02 1.016506110318005085e-03 1.966191828250885010e-02 1.484580151736736298e-02 9.831642732024192810e-03 2.117272093892097473e-02 3.704219311475753784e-02 2.992451190948486328e-02 3.340021893382072449e-02 6.576996296644210815e-02 2.117647230625152588e-02 8.938297629356384277e-03 2.001816220581531525e-02 4.641556739807128906e-02 4.174517840147018433e-02 3.330394625663757324e-02 1.340327132493257523e-02 4.359275102615356445e-02 3.192252945154905319e-03 3.124181879684329033e-03 3.682147338986396790e-02 1.831960305571556091e-02 3.682555630803108215e-02 3.153178468346595764e-02 9.414064697921276093e-03 1.385172829031944275e-02 1.746881008148193359e-02 1.025746855884790421e-02 3.765187785029411316e-02 6.193051859736442566e-02 7.066796720027923584e-02 5.500077735632658005e-03 1.425393112003803253e-02 4.898551851511001587e-02 3.414142876863479614e-02 1.396280340850353241e-02 1.166431233286857605e-02 7.682578638195991516e-03 1.966325100511312485e-03 2.149730175733566284e-02 2.951524965465068817e-02 1.593550667166709900e-02 2.905789017677307129e-02 1.598856411874294281e-02 1.319930702447891235e-02 4.024793743155896664e-04 2.163723483681678772e-02 4.052450880408287048e-02 3.194480389356613159e-02 2.027405984699726105e-02 7.543651387095451355e-03 4.613807424902915955e-03 2.530937269330024719e-02 4.773706197738647461e-02 5.251144990324974060e-02 1.185642927885055542e-02 1.307321246713399887e-02 4.628835991024971008e-02 4.140878468751907349e-02 2.272935025393962860e-02 9.647500701248645782e-03 1.303874328732490540e-02 8.275317959487438202e-03 2.478876709938049316e-02 2.637882484123110771e-03 1.313275098800659180e-02 1.934692636132240295e-02 1.041119825094938278e-02 2.014726214110851288e-02 2.742990851402282715e-02 3.921800106763839722e-02 2.775177918374538422e-02 1.147275697439908981e-02 4.060116782784461975e-02 3.646319732069969177e-02 2.114509418606758118e-02 3.814836964011192322e-02 3.508590161800384521e-02 2.418792247772216797e-02 4.523210227489471436e-03 7.975371554493904114e-03 3.746418282389640808e-03 7.571003865450620651e-03 7.264678832143545151e-03 7.104190066456794739e-03 1.178306899964809418e-02 7.335225585848093033e-03 4.002650082111358643e-02 1.182270888239145279e-02 2.310003899037837982e-02 3.205347433686256409e-02 2.374545671045780182e-02 3.792695235460996628e-03 2.700378559529781342e-02 9.706113487482070923e-03 5.934938788414001465e-03 2.333141304552555084e-02 7.988166064023971558e-03 1.869660615921020508e-02 3.668553428724408150e-03 1.508477516472339630e-02 4.135159309953451157e-03 3.012109920382499695e-02 2.025196142494678497e-02 3.293437510728836060e-02 1.075041107833385468e-02 2.267075516283512115e-02
1.105574965476989746e-01 9.289456158876419067e-02 3.176369890570640564e-02 9.436246007680892944e-03 1.857760176062583923e-02 5.845789313316345215e-01 1.509023755788803101e-01 2.247108146548271179e-02 9.171790443360805511e-03 7.032703608274459839e-03 5.630512908101081848e-02 3.026813082396984100e-02 6.639403104782104492e-02 3.016300499439239502e-02 1.901298761367797852e-02 1.003893278539180756e-02 5.864549893885850906e-04 2.508445642888545990e-02 2.633164636790752411e-02 1.757368072867393494e-02 1.525908894836902618e-02 3.727053757756948471e-03 2.335294848307967186e-03 7.802509237080812454e-03 1.077804993838071823e-02 2.795758470892906189e-02 3.010777197778224945e-02 4.452638968359678984e-04 2.897166460752487183e-02 1.032716315239667892e-02 1.290756557136774063e-02 7.853362709283828735e-03 1.878814958035945892e-02 1.121896784752607346e-03 2.065454609692096710e-02 2.705704420804977417e-02 3.622044343501329422e-03 3.449003025889396667e-02 6.429447326809167862e-03 1.556418929249048233e-02 2.555079013109207153e-02 5.490533076226711273e-03 1.774015720002353191e-03 2.732047112658619881e-03 4.554083943367004395e-02 3.634618595242500305e-02 1.268666982650756836e-01 6.252914667129516602e-02 1.273781992495059967e-03 2.845214214175939560e-03 1.884775049984455109e-02 1.252894406206905842e-03 4.350294917821884155e-02 1.516798045486211777e-02 2.217215253040194511e-03 1.382368337363004684e-02 2.093307860195636749e-02 1.917506940662860870e-02 2.471100538969039917e-02 2.348415181040763855e-02 3.878361545503139496e-03 7.729058619588613510e-03 2.850463800132274628e-02 3.195871412754058838e-02 1.293255575001239777e-02 1.223785616457462311e-02 8.984802290797233582e-03 2.449377207085490227e-03 1.850385218858718872e-03 3.791296109557151794e-02 7.812513038516044617e-03 5.309217143803834915e-03 1.606721431016921997e-02 3.079161420464515686e-02 1.921799033880233765e-02 3.480736538767814636e-02 1.120703853666782379e-02 1.002193987369537354e-02 2.262370288372039795e-02 1.051472499966621399e-03 2.508158981800079346e-02 2.346228621900081635e-02 2.618726156651973724e-02 2.455439046025276184e-02 2.232266124337911606e-03 8.016176521778106689e-03 3.327863663434982300e-02 3.069844841957092285e-02 1.053932216018438339e-02 1.088473293930292130e-02 2.713171951472759247e-02 9.017111733555793762e-04 2.718046307563781738e-02 9.282855899073183537e-04 7.951039006002247334e-04 8.534588851034641266e-04 4.753263201564550400e-03 9.115961380302906036e-03 4.700375255197286606e-03 1.085693947970867157e-03 1.202314812690019608e-02 1.494437642395496368e-02 7.235534954816102982e-03 3.822440281510353088e-02 5.455658771097660065e-03 2.407361753284931183e-02 1.128838211297988892e-02 2.430811338126659393e-02 5.201489664614200592e-03 2.407103776931762695e-02 3.397016227245330811e-02 2.615666482597589493e-03 2.546255290508270264e-02 2.673983760178089142e-02 1.946975290775299072e-02 1.455379370599985123e-02
8.977741003036499023e-02 8.991573005914688110e-02 1.484639756381511688e-02 2.286275383085012436e-03 1.376296393573284149e-03 1.509023755788803101e-01 5.872917771339416504e-01 1.863632537424564362e-02 1.846575178205966949e-02 8.718874305486679077e-03 6.132047995924949646e-02 1.616520062088966370e-02 7.593265920877456665e-02 2.944462932646274567e-02 2.619902230799198151e-02 1.736993715167045593e-02 1.073880121111869812e-02 2.570727467536926270e-02 1.919635944068431854e-02 1.799992285668849945e-02 1.806818507611751556e-02 1.050981320440769196e-02 1.661524875089526176e-04 6.251493003219366074e-03 1.491970662027597427e-02 2.571732923388481140e-02 3.351770713925361633e-02 2.123614214360713959e-02 7.016637362539768219e-03 1.071462314575910568e-02 1.602605916559696198e-02 8.293684571981430054e-03 2.213021554052829742e-02 6.201582495123147964e-03 1.491770148277282715e-02 1.448888890445232391e-02 1.108216587454080582e-03 2.788958698511123657e-02 1.190001959912478924e-03 6.372468080371618271e-03 3.350521624088287354e-02 1.395973376929759979e-02 9.679625742137432098e-03 1.138048991560935974e-02 4.547516256570816040e-02 2.245528250932693481e-02 1.260949671268463135e-01 9.218106418848037720e-02 4.771654028445482254e-03 2.716224174946546555e-03 6.646126508712768555e-03 8.399531245231628418e-03 2.628086693584918976e-02 8.465861901640892029e-03 6.829261314123868942e-03 8.095779456198215485e-03 2.720487304031848907e-02 1.683077588677406311e-02 1.294931583106517792e-02 8.443210273981094360e-03 4.164963494986295700e-03 2.932739676907658577e-03 4.018403962254524231e-02 1.620877347886562347e-02 8.806196041405200958e-03 3.779234364628791809e-02 1.031930185854434967e-02 3.693963633850216866e-03 1.821536011993885040e-02 2.659636549651622772e-02 2.848624438047409058e-02 2.844006568193435669e-02 1.070748828351497650e-02 3.567984327673912048e-02 2.271312288939952850e-02 2.356890030205249786e-02 2.601995505392551422e-02 2.180959656834602356e-02 2.708823233842849731e-02 4.001356195658445358e-03 2.330902032554149628e-02 3.948098048567771912e-02 2.025756426155567169e-02 1.541894301772117615e-02 1.023973058909177780e-02 4.328610375523567200e-03 3.499763831496238708e-02 2.242031134665012360e-02 9.927638806402683258e-03 1.291332393884658813e-02 4.286881908774375916e-02 1.021315064281225204e-02 5.692219361662864685e-02 3.082025423645973206e-02 9.499158710241317749e-03 7.473951671272516251e-03 1.455784123390913010e-02 9.812348522245883942e-03 4.345917608588933945e-03 2.322061191080138087e-04 9.682875126600265503e-03 1.555963139981031418e-02 2.722171694040298462e-02 3.389020636677742004e-02 6.094033364206552505e-03 1.638358645141124725e-02 1.056424714624881744e-02 1.658128947019577026e-02 7.955083623528480530e-03 1.640758104622364044e-02 3.824456036090850830e-02 1.370192505419254303e-02 3.780084475874900818e-02 2.551640197634696960e-02 2.550197998061776161e-03 1.675648987293243408e-02
1.606617681682109833e-02 5.642789416015148163e-03 8.077065646648406982e-02 1.703745685517787933e-02 4.853835329413414001e-02 2.247108146548271179e-02 1.863632537424564362e-02 5.918907523155212402e-01 2.210049889981746674e-02 1.962739974260330200e-02 1.160341035574674606e-02 2.038697153329849243e-02 3.134763799607753754e-03 1.689252257347106934e-02 7.237281650304794312e-02 1.319969259202480316e-02 8.791732601821422577e-03 4.745218437165021896e-03 6.857674103230237961e-03 6.633656448684632778e-04 1.096608699299395084e-03 4.394336137920618057e-03 2.301777899265289307e-02 1.925196498632431030e-02 1.316996756941080093e-02 7.346676196902990341e-03 2.003213204443454742e-02 3.480457887053489685e-02 2.557765133678913116e-02 2.172215655446052551e-02 3.920561820268630981e-02 5.328798200935125351e-03 1.790768583305180073e-03 1.206145156174898148e-02 9.719422087073326111e-03 2.822478301823139191e-02 2.360663563013076782e-02 9.015676565468311310e-03 3.304405882954597473e-02 4.970566555857658386e-02 5.690856371074914932e-03 1.882955431938171387e-02 2.608808502554893494e-02 1.714298129081726074e-02 7.664161734282970428e-03 1.125514390878379345e-03 2.164644747972488403e-02 1.481422316282987595e-02 2.845936268568038940e-02 1.336430106312036514e-02 2.396612241864204407e-02 1.075740810483694077e-02 8.779574185609817505e-03 2.278964966535568237e-02 1.761200092732906342e-02 1.045662816613912582e-02 9.670675732195377350e-03 7.143308408558368683e-03 3.137743100523948669e-02 1.579447649419307709e-02 1.854622503742575645e-03 8.735626935958862305e-03 4.675462841987609863e-02 2.266269875690340996e-03 1.361167710274457932e-02 1.902195997536182404e-02 1.477445662021636963e-02 5.307861138135194778e-03 3.064033389091491699e-02 3.832808509469032288e-02 2.358533628284931183e-02 1.638919487595558167e-02 1.946437545120716095e-02 3.556455299258232117e-02 1.872169226408004761e-02 2.379674836993217468e-02 2.119885943830013275e-02 2.143116295337677002e-02 3.211943060159683228e-02 1.768801361322402954e-02 1.042091026902198792e-01 3.829101100564002991e-02 6.762047763913869858e-03 1.640780828893184662e-02 2.471626736223697662e-02 2.641514502465724945e-02 3.570985049009323120e-02 7.080906629562377930e-02 3.795525059103965759e-02 3.266217932105064392e-02 2.648883499205112457e-02 1.322424411773681641e-02 1.508384756743907928e-02 1.249705534428358078e-02 4.683328792452812195e-03 4.855199716985225677e-03 7.798009552061557770e-03 5.941757466644048691e-03 1.098173391073942184e-02 7.176955696195363998e-03 8.012486621737480164e-03 1.011954061686992645e-02 3.607736667618155479e-03 3.496878966689109802e-02 2.237319014966487885e-02 2.895162440836429596e-02 1.856914721429347992e-02 1.230449508875608444e-02 1.584668643772602081e-02 3.884270042181015015e-02 1.401568297296762466e-02 4.621887579560279846e-02 1.409526914358139038e-02 1.411338243633508682e-02 3.068170323967933655e-02 2.415099553763866425e-02
2.409442327916622162e-02 2.487852424383163452e-02 3.852161765098571777e-02 3.226987272500991821e-02 1.769880019128322601e-02 9.171790443360805511e-03 1.846575178205966949e-02 2.210049889981746674e-02 6.018347144126892090e-01 6.098216027021408081e-02 3.606934472918510437e-02 5.234471336007118225e-02 3.050568141043186188e-02 2.674951404333114624e-02 1.567775756120681763e-02 2.005519811064004898e-03 4.399287980049848557e-03 1.769465953111648560e-02 2.254658844321966171e-03 1.158016268163919449e-02 1.389193348586559296e-03 1.182768028229475021e-02 2.926792576909065247e-02 2.276277169585227966e-02 1.077284570783376694e-02 1.099248509854078293e-02 2.006377093493938446e-02 4.438170790672302246e-02 3.654067590832710266e-02 3.714870288968086243e-02 2.512098290026187897e-02 2.312665618956089020e-02 3.261452540755271912e-02 2.098274044692516327e-02 2.173352986574172974e-02 3.273888677358627319e-02 3.299727663397789001e-02 3.615944832563400269e-02 1.823822222650051117e-02 1.900266669690608978e-02 1.632669940590858459e-02 2.600391395390033722e-02 3.434087615460157394e-03 3.290948458015918732e-03 2.471390180289745331e-02 1.170559879392385483e-02 6.886747665703296661e-03 1.288505038246512413e-03 6.009782664477825165e-04 1.664977753534913063e-03 3.957565873861312866e-02 1.188623625785112381e-02 2.616019360721111298e-02 2.933285012841224670e-02 1.729148253798484802e-02 5.808765534311532974e-03 1.049149595201015472e-02 2.174440212547779083e-02 8.987539447844028473e-03 4.195439442992210388e-02 2.828842587769031525e-02 3.970836475491523743e-02 4.600260406732559204e-03 8.576007559895515442e-03 3.003218956291675568e-02 3.665633127093315125e-02 2.288399636745452881e-02 1.242110785096883774e-02 5.153179168701171875e-02 1.023080293089151382e-02 5.066623538732528687e-02 3.943410888314247131e-02 2.167791314423084259e-02 1.986546441912651062e-02 1.783563010394573212e-02 1.987719163298606873e-02 8.008717745542526245e-02 6.316296756267547607e-02 4.817321151494979858e-02 4.584420844912528992e-02 3.738078102469444275e-02 3.099329955875873566e-02 2.022471092641353607e-02 1.928284019231796265e-02 1.924075419083237648e-03 4.148473031818866730e-03 3.808792680501937866e-02 1.962038874626159668e-02 6.011929363012313843e-02 4.089218750596046448e-02 1.357293687760829926e-03 3.444942459464073181e-02 1.008183881640434265e-02 3.198166936635971069e-02 3.151179524138569832e-03 3.478915430605411530e-03 6.431501358747482300e-03 1.052787806838750839e-02 2.334122359752655029e-02 1.849460043013095856e-02 2.896231412887573242e-02 3.260156884789466858e-02 4.700266756117343903e-03 1.019559614360332489e-02 2.260553091764450073e-02 2.888608165085315704e-02 1.728979684412479401e-02 2.100124023854732513e-02 3.116925060749053955e-02 1.477082353085279465e-02 3.256909782066941261e-03 9.051835164427757263e-03 5.260436329990625381e-03 1.225924771279096603e-02 1.683896407485008240e-03 1.530421245843172073e-02
3.149624913930892944e-02 2.963951416313648224e-02 3.466937690973281860e-03 4.564767237752676010e-03 4.282695800065994263e-02 7.032703608274459839e-03 8.718874305486679077e-03 1.962739974260330200e-02 6.098216027021408081e-02 6.027567982673645020e-01 1.838266849517822266e-02 2.081813476979732513e-02 3.070338442921638489e-02 2.936388179659843445e-02 2.574930526316165924e-02 1.685371826170012355e-04 2.114428952336311340e-02 9.979310445487499237e-03 1.763582788407802582e-02 1.296127680689096451e-03 8.635788224637508392e-03 2.170657925307750702e-02 7.869340479373931885e-03 1.665988005697727203e-02 1.516366726718842983e-03 5.808073561638593674e-03 2.743581775575876236e-03 2.061099279671907425e-03 2.436900511384010315e-02 1.504919026046991348e-02 3.329321742057800293e-02 1.801392063498497009e-02 3.449156880378723145e-02 1.971902884542942047e-02 3.117459267377853394e-02 1.558638177812099457e-02 1.895473338663578033e-02 3.602626919746398926e-02 4.126184433698654175e-02 1.997242495417594910e-02 2.014626935124397278e-02 3.097632154822349548e-02 2.548904158174991608e-02 5.277912132441997528e-03 2.897526510059833527e-02 4.614949598908424377e-02 5.791467148810625076e-03 8.470100350677967072e-03 1.687495969235897064e-02 2.715221792459487915e-02 3.388103842735290527e-02 2.753435075283050537e-02 2.310678362846374512e-02 3.517052158713340759e-02 1.486773369833827019e-03 4.124781116843223572e-02 1.503751426935195923e-02 2.581304684281349182e-02 1.515921950340270996e-02 3.392202779650688171e-02 5.710367485880851746e-02 4.782399535179138184e-02 1.709560677409172058e-02 2.120305597782135010e-02 1.772102154791355133e-02 2.966428920626640320e-02 6.885509472340345383e-03 1.036059856414794922e-02 3.755991533398628235e-02 2.093419805169105530e-02 7.062501460313796997e-02 2.656458504498004913e-02 4.311002790927886963e-02 6.996155134402215481e-04 1.419867854565382004e-02 7.602780591696500778e-03 3.757475316524505615e-02 9.134598076343536377e-02 3.452721983194351196e-02 6.133735924959182739e-02 1.539066061377525330e-02 1.568812690675258636e-02 1.667575910687446594e-02 5.436987429857254028e-02 2.085191011428833008e-02 3.213301673531532288e-02 1.317321415990591049e-02 1.806118339300155640e-02 6.292182952165603638e-03 4.080570861697196960e-02 4.672734066843986511e-03 1.358142960816621780e-02 2.641252707690000534e-03 1.808973960578441620e-02 1.854329742491245270e-02 5.302927922457456589e-03 3.717555105686187744e-02 3.630236536264419556e-02 1.261886022984981537e-02 2.431178651750087738e-02 4.030830040574073792e-02 3.811596706509590149e-02 3.214540332555770874e-02 2.703463658690452576e-02 2.961021289229393005e-02 3.051857091486454010e-02 2.416942827403545380e-02 2.526432275772094727e-02 3.367945551872253418e-02 1.522966381162405014e-02 2.674983348697423935e-03 8.971382863819599152e-03 1.954386383295059204e-02 3.331616893410682678e-02 2.352826483547687531e-02 1.833640038967132568e-02
1.025105416774749756e-01 6.286586076021194458e-02 8.879912085831165314e-03 2.036260440945625305e-03 1.016506110318005085e-03 5.630512908101081848e-02 6.132047995924949646e-02 1.160341035574674606e-02 3.606934472918510437e-02 1.838266849517822266e-02 5.817402005195617676e-01 3.985134535469114780e-04 9.324349462985992432e-02 2.873918414115905762e-02 9.953529573976993561e-03 5.128944758325815201e-03 1.346237375400960445e-03 1.851345971226692200e-02 2.088241837918758392e-02 9.498898871243000031e-03 2.720583416521549225e-02 1.424044463783502579e-02 6.064803339540958405e-03 1.349650323390960693e-03 2.558243833482265472e-02 4.012813419103622437e-02 7.718814536929130554e-03 3.580382093787193298e-02 6.130407005548477173e-02 1.974016241729259491e-02 5.105336010456085205e-02 2.424345584586262703e-03 2.195157483220100403e-02 1.586115173995494843e-02 4.362927749752998352e-02 3.224211744964122772e-03 1.704752258956432343e-02 3.223072364926338196e-02 2.014544419944286346e-02 2.304656244814395905e-02 5.789774470031261444e-03 9.489642456173896790e-03 8.459555916488170624e-03 2.477825805544853210e-02 5.708511453121900558e-03 1.348000764846801758e-02 4.981055855751037598e-02 3.228160366415977478e-02 4.808696918189525604e-03 5.139325279742479324e-03 2.171522006392478943e-03 8.479395881295204163e-03 1.355091226287186146e-03 7.126943673938512802e-03 1.173749472945928574e-02 4.689371678978204727e-03 2.888983860611915588e-02 3.604255989193916321e-02 2.617944963276386261e-03 2.838903805240988731e-03 1.528102811425924301e-02 5.395226180553436279e-03 3.891494125127792358e-02 1.695726439356803894e-02 7.650905102491378784e-02 6.815495342016220093e-02 1.568927778862416744e-03 3.177616372704505920e-02 8.328530937433242798e-03 2.060428075492382050e-02 1.251340750604867935e-02 3.597083687782287598e-02 2.794947847723960876e-02 4.073601588606834412e-02 2.977258339524269104e-02 2.522662281990051270e-02 2.558000758290290833e-02 3.493928536772727966e-02 1.768692582845687866e-02 6.186222657561302185e-03 2.672152826562523842e-03 1.533029787242412567e-02 3.212940692901611328e-02 3.143708407878875732e-02 5.844721570611000061e-03 1.534453779458999634e-02 2.048730663955211639e-02 1.454001851379871368e-02 1.588830351829528809e-02 1.084015611559152603e-02 3.951859474182128906e-02 7.036247849464416504e-02 1.986249163746833801e-02 6.088428944349288940e-02 3.857921063899993896e-02 2.911307103931903839e-02 3.323049098253250122e-02 2.982643060386180878e-02 3.037260659039020538e-02 3.943683579564094543e-02 2.288558520376682281e-03 1.284762285649776459e-02 3.789438679814338684e-02 3.678313456475734711e-03 2.528158389031887054e-02 9.792280383408069611e-03 1.962844654917716980e-02 8.134601637721061707e-03 1.453852001577615738e-02 1.153660006821155548e-02 3.230037912726402283e-02 4.179933294653892517e-02 8.349001407623291016e-03 2.497939020395278931e-02 2.159634605050086975e-03 6.650228053331375122e-03
1.482636481523513794e-02 5.565398372709751129e-03 3.611401887610554695e-03 6.532658153446391225e-05 1.966191828250885010e-02 3.026813082396984100e-02 1.616520062088966370e-02 2.038697153329849243e-02 5.234471336007118225e-02 2.081813476979732513e-02 3.985134535469114780e-04 5.966382026672363281e-01 8.994949050247669220e-03 1.066458895802497864e-01 5.231820046901702881e-03 4.106449894607067108e-03 3.815186675637960434e-03 8.140966296195983887e-03 2.656600251793861389e-02 3.300594910979270935e-02 1.665735431015491486e-02 3.508277982473373413e-02 3.980465978384017944e-02 1.492865011096000671e-02 2.948207966983318329e-02 7.208896800875663757e-03 3.619807213544845581e-02 9.376955032348632812e-02 2.883506566286087036e-02 9.278736263513565063e-02 2.622676827013492584e-02 3.514349460601806641e-02 5.277314782142639160e-02 2.611056528985500336e-02 2.475470863282680511e-02 2.562967687845230103e-02 4.774327948689460754e-02 2.414667978882789612e-02 3.848664928227663040e-03 5.510710179805755615e-03 1.146718766540288925e-02 1.373791974037885666e-02 9.917937219142913818e-03 3.238795697689056396e-02 5.772612243890762329e-02 3.516130894422531128e-02 1.355265080928802490e-02 7.488619070500135422e-03 1.618577539920806885e-02 1.418258715420961380e-02 2.644790150225162506e-02 1.569349132478237152e-02 2.609284967184066772e-02 3.286951035261154175e-02 1.574166677892208099e-02 5.389673169702291489e-03 1.821165904402732849e-02 1.534722652286291122e-02 1.190410833805799484e-02 1.311907079070806503e-02 1.639348454773426056e-02 8.356411941349506378e-03 2.986078895628452301e-02 7.068579085171222687e-03 1.960933394730091095e-02 3.112644143402576447e-02 3.852855414152145386e-02 2.654251642525196075e-02 2.899396046996116638e-02 3.178413957357406616e-02 3.034315444529056549e-02 2.286635572090744972e-03 5.844397004693746567e-03 3.551416471600532532e-02 5.670994287356734276e-04 2.811031416058540344e-02 3.907269984483718872e-02 3.051451779901981354e-02 6.629285216331481934e-02 3.798604756593704224e-02 1.402078289538621902e-02 2.401828579604625702e-02 1.009553950279951096e-02 2.185278572142124176e-02 1.243976131081581116e-02 1.548750512301921844e-02 3.013874404132366180e-02 2.640788443386554718e-02 1.054208502173423767e-01 9.304360300302505493e-02 3.358318703249096870e-03 2.682591788470745087e-02 7.963129319250583649e-03 3.049269877374172211e-02 1.277098897844552994e-02 2.710920199751853943e-02 2.586222626268863678e-02 2.538929320871829987e-02 2.007995918393135071e-02 2.671675384044647217e-02 2.512649819254875183e-02 2.864325419068336487e-02 3.372318670153617859e-02 1.373363472521305084e-02 3.202527388930320740e-02 2.076737768948078156e-02 2.335111051797866821e-02 2.161972410976886749e-02 3.602572157979011536e-02 7.760955952107906342e-03 3.600612515583634377e-03 1.539424993097782135e-02 1.176146883517503738e-02 7.314728107303380966e-03 3.114394843578338623e-02 3.543901070952415466e-02
8.230345696210861206e-02 8.427567034959793091e-02 1.652375329285860062e-03 6.773181376047432423e-04 1.484580151736736298e-02 6.639403104782104492e-02 7.593265920877456665e-02 3.134763799607753754e-03 3.050568141043186188e-02 3.070338442921638489e-02 9.324349462985992432e-02 8.994949050247669220e-03 5.983932614326477051e-01 4.792515188455581665e-03 2.696792967617511749e-02 1.378044858574867249e-02 1.398603152483701706e-02 1.352911815047264099e-02 1.477074995636940002e-02 4.647892434149980545e-03 6.632665637880563736e-03 3.255293145775794983e-02 6.344093475490808487e-03 8.248343132436275482e-03 2.008763141930103302e-02 2.596909925341606140e-02 2.498404867947101593e-02 3.426405787467956543e-02 1.563522778451442719e-02 2.409406565129756927e-02 2.196457237005233765e-02 5.504562985152006149e-03 1.407728996127843857e-02 1.302563352510333061e-03 2.935915254056453705e-02 9.750510565936565399e-03 1.306423800997436047e-03 1.506327185779809952e-02 2.026958856731653214e-03 8.547764271497726440e-03 1.503609702922403812e-03 4.566045827232301235e-04 1.573048532009124756e-02 2.681602537631988525e-02 1.761291548609733582e-02 1.478206366300582886e-02 4.574704542756080627e-02 2.929679304361343384e-02 9.082808392122387886e-04 4.885282367467880249e-03 2.468205615878105164e-02 2.550519444048404694e-02 6.613772362470626831e-03 2.431410131976008415e-03 7.515599485486745834e-03 1.199354417622089386e-02 1.647135615348815918e-02 1.735565997660160065e-02 3.796299453824758530e-03 4.323377739638090134e-03 1.898929663002490997e-02 1.231077779084444046e-02 4.293697327375411987e-02 2.252153865993022919e-02 3.238849341869354248e-02 5.655531957745552063e-02 9.705359116196632385e-03 1.298356056213378906e-02 2.207176201045513153e-02 1.610415242612361908e-02 3.438938781619071960e-02 2.069614455103874207e-02 1.611415110528469086e-02 3.235313296318054199e-02 2.846233360469341278e-02 1.755187287926673889e-02 2.705669961869716644e-02 4.038172960281372070e-02 1.470975670963525772e-02 1.078131608664989471e-02 1.333474740386009216e-02 2.593925409018993378e-02 2.521765977144241333e-02 4.063346236944198608e-02 1.898046769201755524e-02 2.035360783338546753e-02 2.475657500326633453e-03 1.778497919440269470e-02 3.199183195829391479e-02 2.613787166774272919e-02 1.896676793694496155e-02 3.266368806362152100e-02 2.650478854775428772e-02 5.488436669111251831e-02 1.907080598175525665e-02 2.129051275551319122e-02 5.054009146988391876e-03 6.960279773920774460e-03 5.026660859584808350e-03 1.482192426919937134e-02 2.735493006184697151e-03 3.641149029135704041e-03 8.489891886711120605e-03 3.534080088138580322e-02 9.178491309285163879e-03 4.558118525892496109e-03 2.942790742963552475e-03 1.080681802704930305e-03 6.333156023174524307e-03 2.114078961312770844e-02 4.715685918927192688e-02 4.141116514801979065e-02 2.465824224054813385e-02 3.801464661955833435e-02 2.093467116355895996e-02 3.082863055169582367e-02
