5.337591767311096191e-01 2.134981751441955566e-01 1.667681150138378143e-02 3.049067221581935883e-03 5.551919341087341309e-03 1.601136028766632080e-01 1.038198769092559814e-01 1.818600296974182129e-02 1.009404379874467850e-02 2.648817189037799835e-02 1.511789262294769287e-01 2.362669259309768677e-02 1.478094905614852905e-01 2.864117734134197235e-02 2.295000106096267700e-02 3.233549743890762329e-02 1.185801718384027481e-02 1.793531514704227448e-02 1.104285381734371185e-02 3.460990265011787415e-02 4.640450060833245516e-04 1.903018727898597717e-02 2.204217016696929932e-02 4.363974556326866150e-03 4.224447906017303467e-02 3.982213884592056274e-02 2.941837720572948456e-02 2.503581531345844269e-02 3.186186077073216438e-03 9.981858311221003532e-04 1.794795505702495575e-03 4.738793894648551941e-02 1.392155978828668594e-02 3.248590230941772461e-02 3.774653747677803040e-02 3.324270248413085938e-02 4.784799367189407349e-02 2.198868989944458008e-02 2.200024016201496124e-02 2.487530745565891266e-02 5.975094623863697052e-03 2.560022287070751190e-02 2.457255125045776367e-02 3.345136996358633041e-03 2.787942625582218170e-02 2.803502045571804047e-02 8.069858700037002563e-02 4.282562434673309326e-02 8.790446445345878601e-03 8.389379363507032394e-04 4.997942131012678146e-03 2.410647831857204437e-02 1.386107411235570908e-02 1.251714397221803665e-02 1.672860118560492992e-03 1.393626723438501358e-02 3.277720534242689610e-04 8.175381459295749664e-03 2.988528460264205933e-02 2.415964147076010704e-03 2.227389067411422729e-02 9.223763830959796906e-03 2.327901776880025864e-03 2.844453323632478714e-03 7.697318214923143387e-03 7.646168768405914307e-02 1.992945000529289246e-02 1.031909487210214138e-03 5.577946547418832779e-03 3.927281126379966736e-02 3.462803782895207405e-03 1.555697247385978699e-02 3.868113458156585693e-02 2.422160468995571136e-02 1.656086929142475128e-02 3.487487882375717163e-02 1.128078252077102661e-02 1.086363755166530609e-02 3.728184849023818970e-02 4.020526260137557983e-02 1.665241271257400513e-02 1.278740167617797852e-02 2.736731804907321930e-02 2.946182712912559509e-02 1.035527139902114868e-02 1.169823692180216312e-03 3.440601751208305359e-02 4.255635663866996765e-02 4.011382814496755600e-03 4.854746162891387939e-02 6.255286745727062225e-03 9.184196591377258301e-03 7.299252785742282867e-03 9.282366372644901276e-03 2.047310397028923035e-02 2.611583657562732697e-02 4.051268845796585083e-02 7.847595959901809692e-03 6.333211436867713928e-03 3.700398840010166168e-03 2.936410345137119293e-02 4.402179643511772156e-02 2.716525644063949585e-02 3.680716454982757568e-02 3.879247233271598816e-02 1.708766445517539978e-02 1.673992164433002472e-02 2.084958739578723907e-02 1.310441829264163971e-02 3.721602726727724075e-03 3.564402833580970764e-02 3.915769606828689575e-02 3.576971217989921570e-02 2.040043007582426071e-03 1.351660396903753281e-02 4.415550827980041504e-02
2.134981751441955566e-01 5.412560701370239258e-01 2.771519683301448822e-02 2.862865850329399109e-02 3.787570074200630188e-02 1.373983621597290039e-01 1.000256091356277466e-01 1.476082671433687210e-02 1.586540229618549347e-02 6.894266698509454727e-03 1.337742209434509277e-01 1.061687991023063660e-02 1.402928978204727173e-01 1.985206827521324158e-02 4.074066132307052612e-02 9.770968928933143616e-03 1.154579780995845795e-02 2.730021625757217407e-02 4.196251742541790009e-03 3.933934494853019714e-02 1.529248803853988647e-02 2.220290014520287514e-03 6.824484444223344326e-04 5.530288442969322205e-03 3.918008133769035339e-02 3.391981124877929688e-02 2.937465347349643707e-02 1.187562756240367889e-02 4.061806481331586838e-03 1.263742800801992416e-02 1.560222357511520386e-02 4.420537874102592468e-02 3.720863163471221924e-02 3.231779485940933228e-02 4.483939334750175476e-02 4.146265983581542969e-02 4.286148771643638611e-02 8.084937930107116699e-03 2.904778346419334412e-02 2.298435568809509277e-02 2.405017148703336716e-03 3.312961757183074951e-02 4.298163205385208130e-02 2.187221683561801910e-02 1.150543428957462311e-02 2.071483060717582703e-02 7.968975603580474854e-02 4.180822893977165222e-02 2.052066661417484283e-02 2.463729120790958405e-02 1.712369546294212341e-02 2.693833410739898682e-02 8.592103840783238411e-04 1.749908924102783203e-02 1.086483802646398544e-02 3.603024408221244812e-02 6.631826516240835190e-03 3.138347296044230461e-03 1.977573893964290619e-02 3.191950172185897827e-02 2.609729021787643433e-02 3.650621278211474419e-03 2.465092763304710388e-02 1.509854942560195923e-02 1.176894549280405045e-02 7.045599818229675293e-02 4.026952385902404785e-02 1.821535453200340271e-02 6.484190002083778381e-03 9.505430236458778381e-03 1.335409097373485565e-02 1.828821375966072083e-02 4.059037193655967712e-02 2.096420899033546448e-02 6.803743541240692139e-03 1.180705148726701736e-03 2.484998665750026703e-02 2.860261499881744385e-02 3.442058339715003967e-02 3.943828865885734558e-02 7.272291462868452072e-03 9.176021441817283630e-03 5.465262103825807571e-03 3.083375096321105957e-02 8.719046600162982941e-03 6.603980436921119690e-03 3.397749364376068115e-02 2.196606248617172241e-02 1.540861558169126511e-02 6.177675351500511169e-02 1.263358443975448608e-02 2.360394224524497986e-02 6.047952454537153244e-03 1.059776823967695236e-02 9.219592437148094177e-03 1.791422255337238312e-02 2.099261060357093811e-02 3.183240443468093872e-02 6.513170897960662842e-03 1.138549391180276871e-02 3.885249048471450806e-02 3.492351248860359192e-02 4.251756519079208374e-02 1.150844525545835495e-02 2.864419668912887573e-02 2.312016114592552185e-02 4.415463283658027649e-02 1.494483277201652527e-02 2.929074317216873169e-02 1.292923465371131897e-02 1.304719038307666779e-02 1.899483427405357361e-02 3.940008953213691711e-02 3.101056441664695740e-03 2.587219513952732086e-02 4.701497964560985565e-04
1.667681150138378143e-02 2.771519683301448822e-02 5.067481398582458496e-01 5.850264802575111389e-03 9.664633311331272125e-03 8.373888209462165833e-03 1.011055079288780689e-03 1.253861188888549805e-01 1.061832415871322155e-03 2.224681153893470764e-02 2.352030787733383477e-05 4.124139901250600815e-03 3.826926648616790771e-02 1.309557724744081497e-02 1.760692149400711060e-02 8.333334699273109436e-03 8.834418840706348419e-03 2.235592342913150787e-02 1.410833466798067093e-02 1.379579864442348480e-02 2.411325275897979736e-02 3.769661486148834229e-02 3.639967879280447960e-03 1.167630683630704880e-02 1.938290894031524658e-02 3.336719796061515808e-02 3.854512050747871399e-02 3.092059865593910217e-02 3.189868479967117310e-02 3.738579526543617249e-02 2.917905710637569427e-02 6.413595401681959629e-04 1.663307100534439087e-02 2.253608545288443565e-03 1.622332632541656494e-02 1.471726782619953156e-02 1.174722518771886826e-02 1.735583320260047913e-02 4.363321140408515930e-02 3.046708367764949799e-02 1.790652610361576080e-02 3.244114294648170471e-02 2.455156669020652771e-02 3.613029047846794128e-02 3.176519181579351425e-03 1.930858939886093140e-02 7.211803458631038666e-03 8.830902166664600372e-03 1.022289693355560303e-02 3.967246040701866150e-03 2.050860598683357239e-02 9.264566004276275635e-03 6.380928680300712585e-03 1.712237298488616943e-02 9.613222442567348480e-03 2.499272488057613373e-02 2.717860229313373566e-02 9.639321826398372650e-03 2.683804556727409363e-02 6.286292336881160736e-03 2.073489874601364136e-02 2.075960673391819000e-02 4.743395373225212097e-03 2.374780923128128052e-02 3.987774252891540527e-02 8.601754903793334961e-03 2.882412821054458618e-02 2.569861151278018951e-02 2.415839349851012230e-03 4.239489510655403137e-02 1.164215337485074997e-02 2.716546319425106049e-02 2.478063106536865234e-03 2.819819562137126923e-02 1.921167969703674316e-02 9.045869112014770508e-03 1.683655381202697754e-02 4.575422778725624084e-02 1.836533076129853725e-03 3.383584320545196533e-03 9.355553984642028809e-02 5.647118017077445984e-02 2.137186471372842789e-03 5.023855250328779221e-03 1.923653855919837952e-02 8.850770071148872375e-03 5.521602462977170944e-03 3.712500631809234619e-02 4.044030234217643738e-02 2.009554952383041382e-02 2.547228895127773285e-02 1.084123831242322922e-02 1.578849554061889648e-02 3.418804332613945007e-02 1.763824373483657837e-02 8.046631701290607452e-03 1.804387010633945465e-02 1.031761988997459412e-02 1.517861429601907730e-02 1.404630392789840698e-02 9.154399856925010681e-03 3.780798614025115967e-02 3.502154722809791565e-02 1.297461241483688354e-02 1.324086450040340424e-02 1.849742978811264038e-02 1.628546603024005890e-02 9.413245134055614471e-03 1.310530491173267365e-02 2.593772858381271362e-02 2.163385227322578430e-02 3.414316847920417786e-02 2.116965129971504211e-02 4.574206250254064798e-04 3.888819832354784012e-03 1.647274382412433624e-02
3.049067221581935883e-03 2.862865850329399109e-02 5.850264802575111389e-03 5.386976003646850586e-01 2.064576297998428345e-01 2.353888005018234253e-02 3.937785327434539795e-02 6.121304817497730255e-03 5.665685981512069702e-03 1.360014546662569046e-02 9.678543545305728912e-03 1.265941001474857330e-02 3.554195538163185120e-02 5.582031235098838806e-02 3.770431131124496460e-02 3.779298439621925354e-02 2.062338590621948242e-02 1.186958625912666321e-01 1.325455904006958008e-01 3.431374579668045044e-02 1.138169877231121063e-02 3.429171070456504822e-02 2.936378121376037598e-02 1.594653166830539703e-02 2.824905887246131897e-02 3.900816664099693298e-02 2.533266320824623108e-02 3.866628929972648621e-02 2.288261614739894867e-02 4.340771585702896118e-02 4.937741905450820923e-03 4.409358277916908264e-02 3.845695033669471741e-02 3.828337788581848145e-02 3.389170393347740173e-02 3.805444389581680298e-02 2.371553517878055573e-02 7.940058596432209015e-03 6.440466642379760742e-02 1.500814128667116165e-02 4.002306144684553146e-03 1.230313256382942200e-02 5.239116400480270386e-02 2.592812292277812958e-02 4.252076521515846252e-02 3.122424520552158356e-02 1.873576268553733826e-02 3.386348113417625427e-02 1.140925753861665726e-02 1.314887311309576035e-02 5.096378736197948456e-03 1.025378610938787460e-02 2.827697061002254486e-02 1.929453574120998383e-02 5.789672024548053741e-03 1.300925947725772858e-02 3.666943684220314026e-02 3.790998831391334534e-02 1.319657359272241592e-02 4.290192853659391403e-03 5.556542426347732544e-02 2.044508233666419983e-02 4.587389528751373291e-02 3.966147825121879578e-02 1.711728610098361969e-02 1.824668608605861664e-02 3.598875552415847778e-02 1.071906462311744690e-02 6.242617964744567871e-03 1.743904431350529194e-03 1.748714409768581390e-02 1.024237927049398422e-02 1.687852591276168823e-01 3.571419278159737587e-03 1.635683327913284302e-01 3.342221304774284363e-02 2.926430478692054749e-02 2.314334549009799957e-02 2.649326249957084656e-02 2.497301995754241943e-02 7.784076966345310211e-03 1.707711606286466122e-03 1.164633557200431824e-01 9.694024175405502319e-02 7.219324819743633270e-03 1.195987104438245296e-03 1.616642065346240997e-02 3.339787945151329041e-02 7.444180548191070557e-03 2.486754441633820534e-03 9.991806931793689728e-03 1.772744581103324890e-02 4.491387680172920227e-02 1.667051017284393311e-02 2.551754377782344818e-02 2.626787312328815460e-02 1.763961091637611389e-02 3.999838605523109436e-02 3.182193636894226074e-02 1.537084765732288361e-02 7.985838688910007477e-03 3.132517263293266296e-02 1.526779960840940475e-02 1.747708022594451904e-02 8.457201533019542694e-03 2.583883330225944519e-02 4.604241251945495605e-02 3.736207436304539442e-04 1.373053621500730515e-02 1.425456441938877106e-02 4.017023742198944092e-02 2.957685291767120361e-02 2.079609222710132599e-02 1.167939510196447372e-02 4.623288288712501526e-02 1.624002307653427124e-02
5.551919341087341309e-03 3.787570074200630188e-02 9.664633311331272125e-03 2.064576297998428345e-01 5.387936830520629883e-01 1.959803886711597443e-02 3.499414771795272827e-02 1.924469694495201111e-02 3.218950703740119934e-02 2.279216190800070763e-03 1.918218657374382019e-02 1.710355840623378754e-02 3.560687229037284851e-02 4.969938099384307861e-02 2.129486948251724243e-02 1.906053721904754639e-02 2.835531719028949738e-02 9.408575296401977539e-02 1.159934401512145996e-01 4.010959714651107788e-02 3.648509085178375244e-02 1.781095005571842194e-02 3.672107821330428123e-03 5.049302708357572556e-03 6.992976646870374680e-03 2.489583194255828857e-02 1.272507105022668839e-02 1.182805374264717102e-02 5.566210672259330750e-02 3.417847678065299988e-02 2.375054545700550079e-02 2.268221788108348846e-02 6.586786475963890553e-04 3.496607765555381775e-02 5.067756026983261108e-02 3.582078963518142700e-03 5.095832422375679016e-02 2.678062580525875092e-02 4.483791813254356384e-02 1.477862056344747543e-02 1.414583902806043625e-02 4.073808714747428894e-02 1.528459694236516953e-02 8.917067199945449829e-03 2.786350063979625702e-02 5.323194339871406555e-02 1.462183985859155655e-02 1.021126005798578262e-02 4.219163581728935242e-02 1.067120768129825592e-02 6.389065645635128021e-03 8.307588286697864532e-03 9.806262329220771790e-03 4.816495813429355621e-03 1.812378317117691040e-02 2.248739264905452728e-02 3.461093083024024963e-02 2.642863243818283081e-02 3.237651661038398743e-02 1.717012259177863598e-03 4.614118020981550217e-03 8.960762061178684235e-03 3.837339952588081360e-02 3.740974515676498413e-02 2.169205248355865479e-02 1.753251813352108002e-02 7.585824932903051376e-03 2.854204364120960236e-02 2.342081815004348755e-02 4.009021911770105362e-03 2.582952566444873810e-02 4.489748179912567139e-02 1.062666997313499451e-01 9.817267768085002899e-03 1.469217985868453979e-01 3.932540118694305420e-02 2.775759622454643250e-02 2.339879237115383148e-02 3.826502338051795959e-02 2.316456101834774017e-02 9.266615845263004303e-03 1.397154573351144791e-02 1.022984459996223450e-01 1.450298279523849487e-01 4.205933958292007446e-02 2.023277431726455688e-02 1.236115931533277035e-03 2.723882719874382019e-02 5.159119144082069397e-02 2.183120511472225189e-02 1.755027100443840027e-02 2.174601703882217407e-02 1.281831134110689163e-02 1.376951392740011215e-02 5.322043225169181824e-02 4.190216958522796631e-02 3.744247183203697205e-02 3.223817422986030579e-02 1.596747711300849915e-02 4.027746617794036865e-02 7.197440136224031448e-03 3.499322012066841125e-02 2.467706054449081421e-02 1.403838302940130234e-02 8.632585406303405762e-03 3.229979053139686584e-02 2.097212336957454681e-02 1.060604676604270935e-02 3.721085190773010254e-02 1.337549649178981781e-02 2.113547548651695251e-02 5.047027952969074249e-03 1.516233198344707489e-02 3.864162787795066833e-02 2.651668526232242584e-02 2.725891396403312683e-02
1.601136028766632080e-01 1.373983621597290039e-01 8.373888209462165833e-03 2.353888005018234253e-02 1.959803886711597443e-02 5.310994386672973633e-01 1.436655223369598389e-01 1.855011098086833954e-02 5.691817495971918106e-03 1.105284411460161209e-02 6.973952800035476685e-02 5.599732697010040283e-02 6.083715334534645081e-02 1.335985213518142700e-02 3.156519262120127678e-03 2.457769215106964111e-02 1.725048176012933254e-03 3.428456140682101250e-03 1.580419205129146576e-02 8.481888100504875183e-03 3.155439719557762146e-02 3.855974227190017700e-02 2.896038256585597992e-02 1.375937182456254959e-02 3.253403678536415100e-02 3.946756199002265930e-02 3.572245314717292786e-02 7.912710309028625488e-03 3.076444752514362335e-02 2.901986613869667053e-02 1.258385833352804184e-02 2.070659957826137543e-02 3.522803261876106262e-02 1.210889662615954876e-03 4.290106892585754395e-02 1.222101226449012756e-02 8.816489949822425842e-03 3.274194523692131042e-02 3.147533535957336426e-02 3.718274086713790894e-02 5.319015588611364365e-03 5.122798494994640350e-03 1.411328744143247604e-02 3.184911608695983887e-02 8.949614129960536957e-03 1.758332550525665283e-02 7.949098199605941772e-02 4.136177524924278259e-02 1.485379412770271301e-02 3.035885980352759361e-03 1.729998365044593811e-02 1.994343288242816925e-02 2.824205718934535980e-02 3.524172306060791016e-02 2.268237434327602386e-02 2.409026399254798889e-02 1.510585192590951920e-02 1.515057124197483063e-02 1.827362179756164551e-02 2.819116227328777313e-02 2.123606391251087189e-02 1.976107159862294793e-04 3.201552480459213257e-02 1.917524449527263641e-02 1.469591725617647171e-02 1.622311957180500031e-02 1.907524093985557556e-02 2.872076816856861115e-02 1.910277269780635834e-02 2.561273239552974701e-02 1.804469525814056396e-02 2.296327054500579834e-02 3.449480235576629639e-02 2.267468348145484924e-02 3.933792468160390854e-03 1.938074827194213867e-02 5.384398624300956726e-03 1.527141313999891281e-02 4.399714618921279907e-02 5.870182812213897705e-02 1.544139999896287918e-02 3.239628672599792480e-02 3.717557340860366821e-02 1.090190745890140533e-02 1.805865950882434845e-02 2.136266045272350311e-02 1.996130123734474182e-02 2.969269454479217529e-02 3.665986657142639160e-02 1.687158644199371338e-02 3.065468370914459229e-02 1.242534723132848740e-02 1.412436645478010178e-02 6.127995438873767853e-03 6.902599707245826721e-03 8.325463160872459412e-03 1.526359748095273972e-02 9.961664545699022710e-06 1.295454148203134537e-02 1.803962513804435730e-02 3.053054586052894592e-02 1.993568614125251770e-02 2.588686719536781311e-02 2.239309018477797508e-03 4.378608986735343933e-02 4.110946506261825562e-02 2.569087035953998566e-02 4.997536074370145798e-03 3.213358297944068909e-02 3.887909278273582458e-02 2.189505845308303833e-02 1.975135691463947296e-02 2.887854352593421936e-03 4.737101495265960693e-02 6.922785192728042603e-02 3.679971396923065186e-02
1.038198769092559814e-01 1.000256091356277466e-01 1.011055079288780689e-03 3.937785327434539795e-02 3.499414771795272827e-02 1.436655223369598389e-01 5.350013375282287598e-01 2.170746400952339172e-02 7.806476671248674393e-03 2.506122924387454987e-02 3.329852223396301270e-02 6.250023725442588329e-04 3.294764831662178040e-02 3.304738551378250122e-02 1.190323848277330399e-02 2.020274521782994270e-03 5.609330255538225174e-03 1.447018701583147049e-02 2.623174805194139481e-03 1.576929725706577301e-02 3.319619968533515930e-02 3.024468896910548210e-03 1.199884340167045593e-02 4.911440424621105194e-03 2.297712303698062897e-02 1.711299456655979156e-02 3.854987397789955139e-02 1.590800657868385315e-02 3.296652436256408691e-02 3.990707919001579285e-03 3.164242953062057495e-02 9.893995709717273712e-03 3.061433322727680206e-02 3.793317591771483421e-03 3.005177900195121765e-02 1.681780815124511719e-02 1.855622977018356323e-02 3.361315652728080750e-02 2.419154532253742218e-02 2.341112866997718811e-02 1.415587868541479111e-02 2.864234149456024170e-03 1.152629218995571136e-02 2.555695734918117523e-02 1.101695350371301174e-03 2.627714909613132477e-02 7.346195727586746216e-02 7.727705687284469604e-02 4.146113526076078415e-03 3.534033149480819702e-02 2.188158594071865082e-02 1.895330846309661865e-02 4.037862271070480347e-02 3.495645895600318909e-02 4.672120325267314911e-03 4.060325399041175842e-02 1.399725582450628281e-02 3.160610562190413475e-03 2.332914248108863831e-02 2.599079906940460205e-02 2.255122177302837372e-03 3.400808433070778847e-03 3.773153945803642273e-02 2.523681381717324257e-03 4.654433578252792358e-02 1.675859210081398487e-03 1.947453059256076813e-02 3.007218800485134125e-02 3.782425541430711746e-03 1.406458090059459209e-03 2.185489609837532043e-02 1.633764803409576416e-02 1.269705407321453094e-02 2.084297314286231995e-02 3.459424478933215141e-03 5.665316246449947357e-03 1.270316913723945618e-02 4.683314356952905655e-03 3.681629896163940430e-02 1.200627908110618591e-02 6.775150541216135025e-03 1.156593300402164459e-02 2.775432728230953217e-02 3.772274032235145569e-02 7.159152068197727203e-03 1.524539198726415634e-02 2.103394456207752228e-02 3.776241838932037354e-02 3.088352270424365997e-03 3.881460288539528847e-03 1.235334109514951706e-02 3.476123511791229248e-02 3.132912889122962952e-02 1.080713607370853424e-02 3.546474617905914783e-04 2.089078351855278015e-02 1.626150310039520264e-02 2.499245107173919678e-02 1.253700628876686096e-02 7.047831546515226364e-03 1.208248641341924667e-02 2.173783630132675171e-02 1.673978939652442932e-02 2.313557639718055725e-02 1.039153430610895157e-02 3.074770979583263397e-02 3.327796608209609985e-02 1.579359360039234161e-02 4.265210777521133423e-02 1.960665546357631683e-02 6.256651133298873901e-03 4.974083043634891510e-03 8.012352511286735535e-03 2.522271871566772461e-02 3.192509338259696960e-02 4.458164423704147339e-02
1.818600296974182129e-02 1.476082671433687210e-02 1.253861188888549805e-01 6.121304817497730255e-03 1.924469694495201111e-02 1.855011098086833954e-02 2.170746400952339172e-02 5.195900201797485352e-01 4.513003304600715637e-02 3.988725319504737854e-02 6.084267050027847290e-03 3.452038392424583435e-02 3.026557527482509613e-02 2.144708484411239624e-02 4.040765389800071716e-02 2.763194777071475983e-02 1.750747486948966980e-02 3.715837001800537109e-02 2.055058255791664124e-02 1.414507161825895309e-02 5.416091531515121460e-03 8.448549546301364899e-03 1.769355311989784241e-02 2.748153172433376312e-02 1.882518827915191650e-02 1.364869996905326843e-02 2.258670516312122345e-02 1.939553208649158478e-02 9.006135165691375732e-03 1.846092194318771362e-02 8.687656372785568237e-03 1.456046756356954575e-02 8.192451787181198597e-04 1.560626178979873657e-02 6.021683569997549057e-03 3.838138282299041748e-02 2.069474011659622192e-02 4.113585222512483597e-03 9.474464692175388336e-03 2.396767400205135345e-02 1.025814795866608620e-03 6.999626290053129196e-03 1.647358015179634094e-02 2.523855306208133698e-03 3.717523068189620972e-02 8.107623085379600525e-03 6.651237607002258301e-03 5.397630855441093445e-03 2.534883655607700348e-02 4.538326058536767960e-03 3.686785325407981873e-02 3.316269069910049438e-02 1.578560285270214081e-02 6.540205795317888260e-03 3.924463689327239990e-02 1.994990929961204529e-02 1.830444484949111938e-02 1.316106971353292465e-02 2.430089004337787628e-02 2.189678512513637543e-02 6.088365335017442703e-03 1.651378720998764038e-02 1.051035802811384201e-02 1.953011378645896912e-02 2.589817345142364502e-02 1.666263677179813385e-02 2.590867504477500916e-02 3.341483324766159058e-02 1.016218774020671844e-02 3.008498437702655792e-02 1.844797079684212804e-04 3.984080627560615540e-02 8.160429075360298157e-03 2.100946754217147827e-02 2.396946307271718979e-03 8.172690286301076412e-04 2.367809414863586426e-02 2.555848285555839539e-02 3.428930044174194336e-02 1.851999945938587189e-02 9.270109236240386963e-02 8.027312904596328735e-02 3.995413705706596375e-02 2.178524434566497803e-02 5.068416893482208252e-02 5.017784982919692993e-02 3.247191011905670166e-02 7.706169039011001587e-02 4.498052597045898438e-02 2.505160495638847351e-02 2.619153819978237152e-02 1.524415612220764160e-02 1.704123802483081818e-02 9.273416362702846527e-03 1.841926597990095615e-03 9.568301960825920105e-03 1.320512406527996063e-02 1.986483857035636902e-02 1.307002734392881393e-02 2.604834036901593208e-03 2.490427577868103981e-03 2.462317049503326416e-02 1.311155967414379120e-02 2.514103986322879791e-02 3.265944495797157288e-02 4.245341755449771881e-03 2.447492815554141998e-02 1.777406549081206322e-03 5.565916653722524643e-03 8.677829988300800323e-03 2.048401162028312683e-03 3.084508702158927917e-02 1.576970331370830536e-02 8.274882100522518158e-03 1.524439547210931778e-02 3.714502090588212013e-04
1.009404379874467850e-02 1.586540229618549347e-02 1.061832415871322155e-03 5.665685981512069702e-03 3.218950703740119934e-02 5.691817495971918106e-03 7.806476671248674393e-03 4.513003304600715637e-02 5.425798892974853516e-01 3.389649838209152222e-02 1.099662296473979950e-02 3.587802499532699585e-02 1.490937080234289169e-02 1.296438742429018021e-02 3.837887570261955261e-02 7.367146201431751251e-03 1.036442164331674576e-02 8.051423728466033936e-02 1.552965026348829269e-02 1.740459911525249481e-02 1.220964174717664719e-02 6.819824688136577606e-03 1.097839884459972382e-02 7.847107946872711182e-03 1.561702787876129150e-02 1.325632911175489426e-02 2.102525718510150909e-02 3.519338369369506836e-02 1.834459975361824036e-02 4.061288386583328247e-02 5.302827805280685425e-02 4.077030345797538757e-03 1.278253272175788879e-02 6.957831326872110367e-03 3.101639449596405029e-02 2.210809104144573212e-02 1.642679609358310699e-02 1.960263773798942566e-02 1.762609370052814484e-02 4.793645069003105164e-02 8.588320575654506683e-03 3.798553021624684334e-03 1.481976173818111420e-02 3.365943580865859985e-02 3.336342051625251770e-02 5.362355709075927734e-02 1.122953556478023529e-02 7.407044526189565659e-03 2.214382775127887726e-02 2.862646244466304779e-03 6.697255186736583710e-03 4.512052517384290695e-03 4.346254467964172363e-02 3.386882320046424866e-02 2.102770097553730011e-02 1.610550470650196075e-02 1.883866498246788979e-03 1.081092841923236847e-02 3.619374334812164307e-02 1.314016245305538177e-02 2.204716391861438751e-02 7.336513139307498932e-03 4.179035872220993042e-02 3.302119672298431396e-02 4.847748577594757080e-02 2.091132849454879761e-02 4.135241266340017319e-03 9.712665341794490814e-04 9.173873811960220337e-03 4.925712011754512787e-03 6.626932881772518158e-03 3.666064888238906860e-02 3.935663495212793350e-03 1.708521880209445953e-02 4.358036909252405167e-03 2.619657479226589203e-02 5.882145464420318604e-02 4.002566635608673096e-02 5.785829573869705200e-02 2.402278035879135132e-02 2.085989899933338165e-02 1.679713279008865356e-02 2.155964635312557220e-02 7.219927385449409485e-03 9.562624618411064148e-03 1.400284282863140106e-02 5.492005497217178345e-03 3.496455028653144836e-02 1.964569091796875000e-02 6.430696696043014526e-03 5.554156005382537842e-02 4.767759516835212708e-02 6.809884216636419296e-03 3.005133196711540222e-02 2.923786523751914501e-04 1.650067791342735291e-02 1.055425126105546951e-02 2.924970816820859909e-03 1.038101408630609512e-02 7.621885277330875397e-03 1.705379039049148560e-02 1.643624738790094852e-03 1.027933880686759949e-02 1.035377196967601776e-02 2.239252440631389618e-02 6.788258906453847885e-03 2.721993252635002136e-02 2.170588821172714233e-02 8.349095471203327179e-03 3.139088628813624382e-03 1.262555178254842758e-02 7.920668460428714752e-03 2.062750235199928284e-02 1.928731362568214536e-04 3.111682832241058350e-03 2.006552927196025848e-02
2.648817189037799835e-02 6.894266698509454727e-03 2.224681153893470764e-02 1.360014546662569046e-02 2.279216190800070763e-03 1.105284411460161209e-02 2.506122924387454987e-02 3.988725319504737854e-02 3.389649838209152222e-02 5.401952862739562988e-01 2.892507007345557213e-03 2.569734677672386169e-02 8.922079578042030334e-03 1.277008652687072754e-02 2.174416184425354004e-02 1.933740824460983276e-02 1.432657055556774139e-02 2.891392633318901062e-02 4.643747955560684204e-02 6.968405097723007202e-03 1.804734766483306885e-02 2.323470450937747955e-02 9.708631783723831177e-03 8.923011831939220428e-03 5.185557994991540909e-03 2.483031153678894043e-02 2.469400502741336823e-02 4.874929413199424744e-02 9.777743369340896606e-03 3.791572898626327515e-02 4.190785065293312073e-02 1.128735952079296112e-02 6.794823333621025085e-03 2.858954295516014099e-02 1.128610968589782715e-02 4.329505562782287598e-02 1.059691514819860458e-02 1.897148974239826202e-02 1.181286945939064026e-02 2.772446488961577415e-03 8.220266900025308132e-04 3.518423810601234436e-02 1.850991859100759029e-03 3.796433284878730774e-02 4.343882575631141663e-02 1.779533550143241882e-02 2.795400284230709076e-02 4.970951750874519348e-02 1.608333177864551544e-02 7.202569395303726196e-02 2.819271199405193329e-02 2.282916754484176636e-02 3.624922782182693481e-02 2.108159475028514862e-02 7.886294275522232056e-03 9.248990565538406372e-02 1.929728314280509949e-02 5.467992648482322693e-02 3.525134408846497536e-03 1.335914433002471924e-02 1.557891722768545151e-02 3.461009636521339417e-02 2.412492409348487854e-02 3.473567590117454529e-02 3.444973379373550415e-02 3.688496351242065430e-02 9.687221609055995941e-03 1.695803739130496979e-02 6.938849575817584991e-03 3.303685784339904785e-02 5.731470137834548950e-02 4.052782896906137466e-03 2.486380003392696381e-02 3.594199568033218384e-02 3.299943869933485985e-03 7.300233002752065659e-03 5.084165371954441071e-03 7.841458171606063843e-02 3.473503282293677330e-03 8.124753832817077637e-02 4.647697880864143372e-02 2.293923310935497284e-02 3.340128436684608459e-02 5.091916769742965698e-02 3.569036349654197693e-02 1.328672398813068867e-03 8.428075350821018219e-03 1.326777506619691849e-02 3.608002513647079468e-02 4.152067005634307861e-02 4.412870109081268311e-02 4.529387503862380981e-02 5.281994864344596863e-02 1.072504557669162750e-02 1.342965196818113327e-02 8.324650116264820099e-03 4.286026954650878906e-02 2.995598129928112030e-02 1.922025159001350403e-02 1.022922899574041367e-02 2.114506438374519348e-02 6.614639889448881149e-03 2.251786412671208382e-03 4.181651771068572998e-02 3.906676545739173889e-02 8.958024904131889343e-03 1.077696494758129120e-02 1.829455979168415070e-02 1.554368063807487488e-02 2.602794393897056580e-02 2.252268232405185699e-02 5.145445466041564941e-03 4.377000406384468079e-02 2.347527630627155304e-02 2.395266667008399963e-02 1.798819936811923981e-02
1.511789262294769287e-01 1.337742209434509277e-01 2.352030787733383477e-05 9.678543545305728912e-03 1.918218657374382019e-02 6.973952800035476685e-02 3.329852223396301270e-02 6.084267050027847290e-03 1.099662296473979950e-02 2.892507007345557213e-03 5.323805809020996094e-01 3.978385776281356812e-02 1.730996072292327881e-01 6.799411773681640625e-02 1.055353670381009579e-03 5.394288804382085800e-03 1.697112433612346649e-02 3.870685771107673645e-02 2.906333655118942261e-02 3.526446595788002014e-02 1.717879250645637512e-02 6.646041572093963623e-02 6.907288916409015656e-03 2.827308885753154755e-02 3.791296109557151794e-02 4.554646834731101990e-02 1.716549973934888840e-03 1.714900694787502289e-02 3.401203826069831848e-02 2.695466019213199615e-02 4.353265091776847839e-02 4.136827588081359863e-02 8.944727480411529541e-03 3.793116658926010132e-02 2.908709645271301270e-02 3.370229899883270264e-02 1.122406311333179474e-02 1.087655313313007355e-02 1.008554454892873764e-02 3.451349213719367981e-02 2.085117157548666000e-03 5.040644481778144836e-02 1.933300308883190155e-02 3.185813874006271362e-02 2.407946996390819550e-02 1.650563627481460571e-02 5.139844864606857300e-02 1.287458371371030807e-02 1.215895987115800381e-03 3.484591841697692871e-02 2.154218219220638275e-02 2.046921849250793457e-02 1.389279216527938843e-02 2.518150024116039276e-02 7.060552015900611877e-03 3.270246833562850952e-02 1.217258535325527191e-02 9.850171394646167755e-03 1.423919480293989182e-02 3.190729767084121704e-02 2.482060715556144714e-02 1.000524964183568954e-03 3.246996179223060608e-02 2.006261423230171204e-02 1.866809651255607605e-02 1.163257583975791931e-01 4.512926936149597168e-02 4.279731214046478271e-02 1.274393592029809952e-02 1.635578833520412445e-02 8.499952964484691620e-03 3.363674506545066833e-02 3.698590025305747986e-02 3.658486530184745789e-02 3.118840511888265610e-03 3.488310053944587708e-02 7.389158941805362701e-03 2.176670357584953308e-02 3.730765730142593384e-02 7.603494916111230850e-03 1.437033340334892273e-02 2.318056114017963409e-02 2.434031292796134949e-02 2.315543778240680695e-02 1.271796133369207382e-02 2.620286121964454651e-02 3.860291466116905212e-02 3.455379977822303772e-02 2.737956587225198746e-03 2.769372425973415375e-02 4.019501060247421265e-02 3.289769217371940613e-02 6.869953591376543045e-03 3.594795987010002136e-02 3.895179182291030884e-02 2.543431520462036133e-02 3.590697795152664185e-02 1.733846962451934814e-02 1.211940590292215347e-02 1.658217748627066612e-03 1.222883909940719604e-02 4.221691191196441650e-02 2.982878126204013824e-02 3.761977702379226685e-02 3.823721036314964294e-02 2.206947654485702515e-02 3.780514933168888092e-03 3.477879613637924194e-02 2.180772274732589722e-02 3.185210004448890686e-02 2.209107019007205963e-02 1.734621822834014893e-02 6.266148993745446205e-04 5.462162569165229797e-02 3.140360862016677856e-02 2.482438273727893829e-02
2.362669259309768677e-02 1.061687991023063660e-02 4.124139901250600815e-03 1.265941001474857330e-02 1.710355840623378754e-02 5.599732697010040283e-02 6.250023725442588329e-04 3.452038392424583435e-02 3.587802499532699585e-02 2.569734677672386169e-02 3.978385776281356812e-02 5.430964231491088867e-01 3.012177348136901855e-02 1.894398629665374756e-01 3.859831765294075012e-02 3.222552686929702759e-02 7.774658501148223877e-03 4.650651291012763977e-02 1.943020336329936981e-02 3.459176421165466309e-02 3.165445104241371155e-02 4.283631569705903530e-04 3.916725516319274902e-02 3.062002919614315033e-02 5.804714746773242950e-03 7.041545584797859192e-03 1.463383086957037449e-03 9.609010070562362671e-02 1.146168075501918793e-02 1.111421957612037659e-01 1.145942322909832001e-02 1.231958437711000443e-02 3.684308379888534546e-02 3.069425001740455627e-02 5.027748644351959229e-02 3.689744323492050171e-02 3.599712625145912170e-02 2.634168602526187897e-03 4.625143483281135559e-03 3.782520443201065063e-02 8.013021200895309448e-03 1.441565155982971191e-02 4.352485388517379761e-02 3.149809315800666809e-02 1.020505204796791077e-01 1.073330081999301910e-02 2.738633425906300545e-03 3.416499495506286621e-02 6.423524115234613419e-03 3.956978023052215576e-02 1.029409561306238174e-02 7.573962793685495853e-04 4.832960292696952820e-02 3.512959554791450500e-02 3.700296627357602119e-03 4.340755194425582886e-02 9.699300862848758698e-03 2.448572963476181030e-02 1.213327632285654545e-03 1.852509565651416779e-02 1.698161102831363678e-02 4.744510352611541748e-02 3.116741403937339783e-02 2.757394872605800629e-02 6.022005900740623474e-02 6.317741423845291138e-02 9.973573032766580582e-04 9.827460162341594696e-03 5.309751722961664200e-03 4.441697895526885986e-02 3.347944840788841248e-02 1.340697053819894791e-02 8.115257136523723602e-03 1.359417103230953217e-02 3.881154209375381470e-02 3.096180781722068787e-02 3.574226796627044678e-02 4.237762550474144518e-05 6.247211247682571411e-02 3.183927759528160095e-02 3.487697616219520569e-02 4.766566306352615356e-02 1.387757342308759689e-02 6.091167218983173370e-03 5.228001996874809265e-02 5.409753322601318359e-02 4.299623146653175354e-02 3.604599833488464355e-02 5.871668085455894470e-02 6.222540512681007385e-03 2.223418839275836945e-02 2.950014546513557434e-02 3.192736953496932983e-02 4.395046830177307129e-02 2.975295856595039368e-02 3.974915295839309692e-02 2.715162187814712524e-02 5.897777900099754333e-02 2.275332622230052948e-02 2.635003998875617981e-02 3.382980450987815857e-02 4.504432901740074158e-02 1.145205460488796234e-03 6.287382543087005615e-02 3.249283879995346069e-02 3.695854172110557556e-02 4.205654561519622803e-02 1.025199983268976212e-02 3.226736560463905334e-02 7.671910338103771210e-03 4.263299331068992615e-02 2.449223212897777557e-02 3.620835393667221069e-02 1.700796373188495636e-02 4.038861021399497986e-02 2.726184017956256866e-02
1.478094905614852905e-01 1.402928978204727173e-01 3.826926648616790771e-02 3.554195538163185120e-02 3.560687229037284851e-02 6.083715334534645081e-02 3.294764831662178040e-02 3.026557527482509613e-02 1.490937080234289169e-02 8.922079578042030334e-03 1.730996072292327881e-01 3.012177348136901855e-02 5.385123491287231445e-01 4.677606374025344849e-02 6.303033325821161270e-03 1.235297881066799164e-02 2.649722434580326080e-02 3.462647646665573120e-02 3.443114086985588074e-02 1.958378218114376068e-02 2.504751086235046387e-02 5.252338573336601257e-02 5.681029055267572403e-03 1.950405724346637726e-02 4.076829552650451660e-02 2.056832425296306610e-02 9.535155259072780609e-03 1.170203182846307755e-02 3.045629709959030151e-02 6.110471673309803009e-03 5.919947847723960876e-02 4.875733703374862671e-02 9.248016402125358582e-03 4.987083002924919128e-02 9.112812578678131104e-03 4.445509985089302063e-02 2.509646676480770111e-02 1.320049259811639786e-02 3.671612590551376343e-02 4.365241900086402893e-02 7.029831409454345703e-03 4.339048173278570175e-03 2.424996346235275269e-02 4.180255346000194550e-03 5.244457162916660309e-03 3.581672534346580505e-02 5.955925211310386658e-02 1.404061913490295410e-02 6.239460315555334091e-03 4.399237036705017090e-02 3.964455425739288330e-02 1.408784650266170502e-03 2.174250036478042603e-02 2.072290889918804169e-02 1.624280586838722229e-02 6.947202142328023911e-03 1.537889475002884865e-03 7.602146826684474945e-03 1.089536119252443314e-02 3.483284637331962585e-02 1.321401074528694153e-02 5.778490565717220306e-03 1.806348375976085663e-02 2.249815873801708221e-02 3.477034624665975571e-04 1.203176751732826233e-01 3.601996600627899170e-02 3.201350569725036621e-02 2.112071029841899872e-02 2.151392027735710144e-02 2.381511405110359192e-02 2.625197358429431915e-02 3.564092889428138733e-02 4.051380977034568787e-02 6.601372733712196350e-03 2.266567572951316833e-02 1.448319200426340103e-02 2.370109967887401581e-02 3.019349649548530579e-02 2.426553331315517426e-02 4.260571673512458801e-02 1.441773213446140289e-02 2.598381601274013519e-02 2.156000770628452301e-02 2.645415440201759338e-02 4.529682453721761703e-03 4.610064998269081116e-02 8.202126622200012207e-02 1.538950577378273010e-02 6.338990479707717896e-02 2.771349810063838959e-02 2.334169298410415649e-02 6.655374076217412949e-03 6.711490452289581299e-02 4.020726680755615234e-02 2.317476086318492889e-02 3.204737603664398193e-02 1.475113676860928535e-03 2.233565598726272583e-02 9.492139331996440887e-03 3.800049424171447754e-02 2.521861530840396881e-02 2.229040674865245819e-02 3.837306797504425049e-02 3.010167740285396576e-02 2.053395844995975494e-02 2.684735506772994995e-02 1.112229097634553909e-02 2.588558010756969452e-02 1.200083759613335133e-03 1.358394604176282883e-02 3.911736607551574707e-02 4.008208215236663818e-02 1.107676143874414265e-05 1.004365365952253342e-02 8.499590680003166199e-03
