5.361878871917724609e-01 1.246522441506385803e-01 1.065053697675466537e-02 1.460353005677461624e-02 2.699016034603118896e-02 1.051168441772460938e-01 9.582492709159851074e-02 2.784385113045573235e-03 1.023441087454557419e-02 2.804962219670414925e-03 1.000428199768066406e-01 1.092359796166419983e-02 1.034437566995620728e-01 5.029763560742139816e-03 1.379430759698152542e-02 3.579927608370780945e-03 1.010837219655513763e-02 4.582635127007961273e-03 2.502025850117206573e-02 4.147686809301376343e-02 3.634958341717720032e-02 5.079741775989532471e-02 1.405828725546598434e-02 2.134351758286356926e-03 2.071293629705905914e-02 2.861252985894680023e-03 1.666907966136932373e-02 3.560625389218330383e-02 2.521996386349201202e-02 2.334018051624298096e-02 2.692418359220027924e-02 8.107953704893589020e-03 3.254698216915130615e-02 4.600574076175689697e-02 1.568283699452877045e-02 3.124780021607875824e-02 4.793763160705566406e-02 3.017281927168369293e-02 8.183581754565238953e-03 1.404005661606788635e-02 2.535192109644412994e-02 1.889187842607498169e-03 3.726389259099960327e-02 2.858506282791495323e-03 1.856770366430282593e-03 2.261715009808540344e-02 1.044168546795845032e-01 1.213240809738636017e-02 1.849036291241645813e-02 3.950199112296104431e-02 4.752416536211967468e-02 4.384673386812210083e-02 1.116743125021457672e-02 3.845159709453582764e-02 4.265275783836841583e-03 3.291200101375579834e-02 1.806911826133728027e-02 5.520455306395888329e-05 3.121990710496902466e-02 3.366674855351448059e-02 4.651052411645650864e-03 3.066169098019599915e-03 2.031787112355232239e-02 5.036024842411279678e-03 1.408548001199960709e-02 6.337950937449932098e-03 2.223392948508262634e-02 3.839084133505821228e-02 3.343833982944488525e-02 2.345027867704629898e-03 2.440839889459311962e-04 1.700363308191299438e-02 9.358494542539119720e-03 1.333278790116310120e-02 4.005901049822568893e-03 1.709095574915409088e-02 1.188336033374071121e-02 6.215307861566543579e-03 2.369508612900972366e-03 1.401013042777776718e-02 3.840800002217292786e-02 3.835215419530868530e-02 9.206637740135192871e-03 3.051033243536949158e-02 2.179563231766223907e-02 2.932327240705490112e-02 1.699304580688476562e-02 7.500811945647001266e-03 3.326117992401123047e-02 5.400089081376791000e-03 1.211991440504789352e-02 3.978202864527702332e-02 2.089104056358337402e-02 4.301357269287109375e-02 3.441805765032768250e-02 2.150054555386304855e-03 2.694121189415454865e-02 2.681261161342263222e-03 3.923333436250686646e-02 3.737505525350570679e-02 2.874588035047054291e-02 4.976470489054918289e-03 5.663186684250831604e-02 4.764245823025703430e-02 4.993974231183528900e-03 2.991066686809062958e-02 4.171080887317657471e-02 1.914440281689167023e-02 2.762200310826301575e-02 3.973945975303649902e-03 7.861240766942501068e-03 7.671593688428401947e-03 2.213065885007381439e-02 3.463612124323844910e-02 1.593376882374286652e-02 4.166386649012565613e-02
1.246522441506385803e-01 5.401461720466613770e-01 4.256124608218669891e-03 7.013423368334770203e-03 1.767438650131225586e-02 9.945692121982574463e-02 9.993438422679901123e-02 1.849725469946861267e-02 1.328270230442285538e-02 1.843610964715480804e-02 9.711565077304840088e-02 2.246884070336818695e-02 1.056873649358749390e-01 7.644636556506156921e-03 4.109553061425685883e-03 1.310005690902471542e-02 1.258158870041370392e-02 9.400969371199607849e-03 1.789259724318981171e-02 4.681697860360145569e-02 3.649245202541351318e-02 5.738992989063262939e-02 3.757316386327147484e-03 2.339191036298871040e-03 2.172345295548439026e-02 3.689545439556241035e-03 1.867935247719287872e-02 2.703049406409263611e-02 2.345618233084678650e-02 1.227410975843667984e-02 2.708491310477256775e-02 3.524065390229225159e-02 2.223866805434226990e-02 3.680566698312759399e-02 3.458001883700489998e-03 2.629921212792396545e-02 5.019310489296913147e-02 2.900766022503376007e-02 1.047291327267885208e-02 1.439476013183593750e-02 1.878570392727851868e-02 6.980222184211015701e-03 2.729933708906173706e-02 5.013469126424752176e-05 9.499593637883663177e-03 1.898865588009357452e-02 1.048341467976570129e-01 1.893811300396919250e-02 2.510843425989151001e-02 3.225486725568771362e-02 2.383423969149589539e-02 2.338146418333053589e-02 2.077117003500461578e-02 5.283503606915473938e-02 9.048913605511188507e-03 3.942128270864486694e-02 2.757645584642887115e-02 6.935042329132556915e-03 3.284022584557533264e-02 3.883456066250801086e-02 3.004870144650340080e-03 9.062935132533311844e-04 1.472334843128919601e-02 9.258603677153587341e-03 6.229591555893421173e-03 1.549378596246242523e-02 2.807492390275001526e-02 3.720952942967414856e-02 2.547714486718177795e-02 2.153404802083969116e-02 3.169409174006432295e-04 1.689103431999683380e-03 1.543438248336315155e-02 2.958256192505359650e-02 6.055035162717103958e-03 8.863076567649841309e-03 2.103819325566291809e-02 1.439235638827085495e-02 8.025621064007282257e-03 3.024962032213807106e-03 2.685375139117240906e-02 3.799454122781753540e-02 1.087648514658212662e-02 1.394100859761238098e-02 2.951056323945522308e-02 3.079554066061973572e-02 2.515335194766521454e-02 1.292476616799831390e-02 4.298410192131996155e-02 1.613313890993595123e-02 1.063028350472450256e-02 2.007408626377582550e-02 2.300852164626121521e-02 2.249011211097240448e-02 3.199705854058265686e-02 1.766809448599815369e-02 4.713352024555206299e-02 1.771521288901567459e-03 3.629725798964500427e-02 2.774626389145851135e-02 2.214199304580688477e-02 3.467225236818194389e-03 5.489961430430412292e-02 2.604379132390022278e-02 1.238589361310005188e-02 4.810415580868721008e-02 2.300549484789371490e-02 7.883315905928611755e-03 2.398499660193920135e-02 1.276403758674860001e-02 8.538261987268924713e-03 1.090834289789199829e-02 1.820439659059047699e-02 5.220212787389755249e-02 1.049911417067050934e-02 4.340863600373268127e-02
1.065053697675466537e-02 4.256124608218669891e-03 4.990780949592590332e-01 1.718604122288525105e-03 9.905029088258743286e-03 8.887290023267269135e-03 2.478857524693012238e-02 1.235148683190345764e-01 3.149660769850015640e-03 1.956406608223915100e-02 4.525392130017280579e-02 2.092921361327171326e-02 1.793769001960754395e-02 3.045962378382682800e-02 1.572963781654834747e-02 1.321213599294424057e-02 8.201510063372552395e-04 2.814951352775096893e-02 2.719520591199398041e-03 8.689139038324356079e-03 3.268821910023689270e-02 3.524915128946304321e-02 4.851804301142692566e-02 1.562894880771636963e-02 1.920749619603157043e-02 3.418911993503570557e-02 8.194660767912864685e-03 2.727875299751758575e-02 2.019970305263996124e-02 2.668155170977115631e-02 8.003134280443191528e-03 2.655054070055484772e-02 2.042241953313350677e-02 3.217318281531333923e-02 2.925818227231502533e-02 1.768888346850872040e-02 3.594588115811347961e-02 2.766411192715167999e-02 1.083660591393709183e-02 1.580318063497543335e-02 4.655211046338081360e-02 3.600072488188743591e-02 3.493129834532737732e-02 2.582281455397605896e-02 3.881589323282241821e-02 1.768571138381958008e-02 1.672549545764923096e-02 1.092652324587106705e-02 1.863147132098674774e-02 2.749560214579105377e-02 6.147246807813644409e-03 2.443319000303745270e-02 6.629018485546112061e-02 2.632872387766838074e-02 2.116081491112709045e-02 2.258239872753620148e-02 3.338799579069018364e-03 2.021417394280433655e-02 7.409454137086868286e-02 3.025676310062408447e-02 8.151267655193805695e-03 3.139995038509368896e-02 1.241255551576614380e-02 4.666504636406898499e-02 7.932307198643684387e-03 2.780266292393207550e-02 4.634385928511619568e-03 2.824517525732517242e-02 2.350454963743686676e-02 1.220638025552034378e-02 2.011298015713691711e-02 3.373258560895919800e-02 4.594054073095321655e-03 1.207813341170549393e-02 4.528715834021568298e-02 8.574548363685607910e-02 7.084211334586143494e-03 3.845914825797080994e-02 6.765636615455150604e-03 3.115645796060562134e-02 1.500341594219207764e-01 2.198764123022556305e-02 1.200939901173114777e-02 1.373402588069438934e-02 3.140936791896820068e-02 8.338437415659427643e-03 2.283840673044323921e-03 7.063403259962797165e-03 7.130875252187252045e-03 6.351684685796499252e-03 2.649758383631706238e-02 1.858071656897664070e-03 6.777324713766574860e-03 1.783687621355056763e-02 5.427860096096992493e-02 2.065135724842548370e-02 1.601099222898483276e-02 4.466669633984565735e-02 4.039172083139419556e-02 1.165901497006416321e-02 3.303195536136627197e-02 2.282205410301685333e-02 3.917559981346130371e-02 4.748140461742877960e-03 4.076228011399507523e-03 1.306375116109848022e-02 3.820228204131126404e-02 3.721100091934204102e-02 2.081897296011447906e-02 1.945514581166207790e-03 1.187369041144847870e-02 8.489660918712615967e-03 4.063938558101654053e-02 6.239264737814664841e-03 3.598656132817268372e-02 2.286916598677635193e-02
1.460353005677461624e-02 7.013423368334770203e-03 1.718604122288525105e-03 5.296592116355895996e-01 8.377788960933685303e-02 3.482760803308337927e-04 6.416332907974720001e-03 7.819625549018383026e-03 4.753355309367179871e-02 4.031940922141075134e-02 3.296483680605888367e-02 1.009952835738658905e-02 2.177217788994312286e-02 1.744381152093410492e-02 5.740003194659948349e-03 6.526864133775234222e-03 1.638606376945972443e-02 1.200670003890991211e-02 1.418284326791763306e-02 4.698658362030982971e-03 7.617183960974216461e-03 4.390340298414230347e-02 2.582964301109313965e-02 4.321623221039772034e-02 2.559902332723140717e-02 1.538384519517421722e-02 2.230742946267127991e-02 2.514651417732238770e-02 2.232145518064498901e-03 1.150832790881395340e-02 2.526257373392581940e-02 3.245789557695388794e-02 2.402081340551376343e-02 4.384885728359222412e-02 3.650931641459465027e-02 3.397920727729797363e-02 3.358045220375061035e-02 2.628574706614017487e-02 9.038703888654708862e-02 4.456410184502601624e-02 1.352558471262454987e-02 1.116608362644910812e-02 4.982685297727584839e-02 1.543353428132832050e-03 4.026062041521072388e-02 1.645028591156005859e-02 5.308438558131456375e-04 5.335805192589759827e-02 2.826142683625221252e-02 9.935471229255199432e-03 4.777335096150636673e-03 1.571303047239780426e-02 1.629568432690575719e-04 9.990729391574859619e-03 4.859715700149536133e-02 9.764510206878185272e-03 1.809072098694741726e-03 1.525505632162094116e-02 3.656700486317276955e-03 2.769050002098083496e-02 9.518153965473175049e-03 1.277599576860666275e-02 6.289231032133102417e-02 6.322477012872695923e-02 1.879434101283550262e-02 6.928808055818080902e-03 7.323215832002460957e-04 2.764522470533847809e-02 2.929421700537204742e-02 5.445393919944763184e-02 4.684135690331459045e-02 9.665212593972682953e-03 6.812716275453567505e-02 2.514108829200267792e-02 3.367041423916816711e-02 2.703168988227844238e-02 3.441430255770683289e-02 4.778681322932243347e-02 4.562291782349348068e-03 4.230934008955955505e-02 3.572189435362815857e-02 2.295961894560605288e-04 4.002681747078895569e-02 2.043902873992919922e-02 8.882877416908740997e-03 4.606704227626323700e-03 1.078509632498025894e-02 5.570206325501203537e-03 1.700664637610316277e-03 3.350111097097396851e-02 9.443234303034842014e-04 2.484166249632835388e-02 3.509137034416198730e-02 5.563378706574440002e-02 1.669912040233612061e-02 4.142289608716964722e-02 3.110886178910732269e-02 2.089599706232547760e-02 2.240025810897350311e-02 8.629462681710720062e-03 9.596099145710468292e-03 3.295127302408218384e-02 4.798095906153321266e-04 4.991591349244117737e-02 1.135531440377235413e-02 1.904669217765331268e-02 2.029720135033130646e-02 2.266274765133857727e-02 2.716939710080623627e-02 3.086253441870212555e-02 2.090113051235675812e-02 3.512128815054893494e-02 4.056593868881464005e-03 2.659193240106105804e-02 2.893787436187267303e-02 2.773657254874706268e-02
2.699016034603118896e-02 1.767438650131225586e-02 9.905029088258743286e-03 8.377788960933685303e-02 5.399481654167175293e-01 1.530945580452680588e-02 1.579931937158107758e-02 1.935178413987159729e-02 3.952442482113838196e-02 1.795656792819499969e-02 5.300682038068771362e-02 2.248617634177207947e-02 4.437667131423950195e-02 2.067422121763229370e-02 1.065074000507593155e-02 3.225902793928980827e-03 4.307391494512557983e-02 3.393042460083961487e-02 9.610211476683616638e-03 8.075711317360401154e-03 1.506265625357627869e-02 2.470149099826812744e-02 4.262524098157882690e-02 3.209625184535980225e-02 1.377522107213735580e-02 6.146687548607587814e-03 1.519121974706649780e-02 2.471488527953624725e-02 1.470955181866884232e-02 4.297196492552757263e-02 3.697368130087852478e-02 4.881869256496429443e-02 1.288880407810211182e-02 2.911292202770709991e-02 1.842339709401130676e-02 4.706768691539764404e-02 2.023616805672645569e-03 9.971131570637226105e-03 7.127986103296279907e-02 5.159264430403709412e-02 2.438042312860488892e-02 2.602592110633850098e-03 3.359104692935943604e-02 1.206773682497441769e-03 5.186296254396438599e-02 1.439862139523029327e-02 2.470910921692848206e-02 3.650359809398651123e-02 2.395488321781158447e-02 1.338877715170383453e-02 1.637210324406623840e-02 9.661574847996234894e-03 3.156436607241630554e-03 2.013565227389335632e-02 4.641841724514961243e-02 2.031153999269008636e-02 1.836650818586349487e-02 1.583161205053329468e-02 1.044732052832841873e-02 3.413575515151023865e-02 3.428222553338855505e-04 3.926912322640419006e-02 2.591302432119846344e-02 4.937481507658958435e-02 9.894415736198425293e-03 1.207999791949987411e-02 5.933233536779880524e-03 6.834701634943485260e-03 2.333906292915344238e-02 2.096773311495780945e-02 3.640057519078254700e-02 4.584458190947771072e-03 4.742213338613510132e-02 7.148615550249814987e-03 5.356386303901672363e-02 1.564121432602405548e-02 5.172794312238693237e-02 4.582622274756431580e-02 1.624427852220833302e-03 3.058285638689994812e-02 4.039020091295242310e-02 1.845826022326946259e-02 3.508713468909263611e-02 3.438297659158706665e-02 9.322918020188808441e-03 2.111168205738067627e-02 1.331046968698501587e-02 7.390087004750967026e-03 2.400112524628639221e-02 9.093186818063259125e-03 2.147209271788597107e-02 2.254164405167102814e-02 2.624722011387348175e-02 4.511526226997375488e-02 2.893212949857115746e-03 2.010793425142765045e-03 9.368473663926124573e-03 2.748410217463970184e-02 1.801099441945552826e-02 1.077362708747386932e-02 5.164613947272300720e-03 4.959498066455125809e-03 1.418651267886161804e-02 3.376671671867370605e-02 1.266750507056713104e-02 1.883172546513378620e-03 3.517646342515945435e-02 3.286201134324073792e-02 2.983244508504867554e-02 2.839477173984050751e-02 2.672428078949451447e-02 4.531430453062057495e-02 6.750848609954118729e-03 2.203952334821224213e-02 2.287065982818603516e-02 3.397198393940925598e-02
1.051168441772460938e-01 9.945692121982574463e-02 8.887290023267269135e-03 3.482760803308337927e-04 1.530945580452680588e-02 5.419768095016479492e-01 1.151742413640022278e-01 6.841970607638359070e-03 5.028039216995239258e-03 2.401692420244216919e-02 9.561678022146224976e-02 1.221595425158739090e-02 9.459615498781204224e-02 3.227101638913154602e-02 8.661631727591156960e-04 2.614739350974559784e-02 8.006927673704922199e-04 1.593193970620632172e-03 1.168582029640674591e-02 1.399533706717193127e-03 1.633287779986858368e-02 4.847809672355651855e-02 1.475670747458934784e-02 2.556266821920871735e-02 3.038429422304034233e-03 1.582795567810535431e-02 2.391363866627216339e-02 3.447033464908599854e-02 5.455413833260536194e-02 4.206013306975364685e-02 2.081723697483539581e-02 3.769266605377197266e-02 1.442386209964752197e-02 4.002720862627029419e-02 4.277570638805627823e-03 2.914245426654815674e-02 4.515561833977699280e-02 3.316701576113700867e-02 1.578937843441963196e-02 2.068787440657615662e-02 2.274584211409091949e-02 2.189293131232261658e-02 1.291786693036556244e-02 7.393056061118841171e-03 5.874569062143564224e-03 1.673525013029575348e-02 1.172459721565246582e-01 4.042495787143707275e-02 3.600959107279777527e-02 3.222588822245597839e-02 3.905537538230419159e-03 8.629206568002700806e-03 2.262096852064132690e-02 4.784469306468963623e-02 2.330280095338821411e-02 4.193217307329177856e-02 1.869671605527400970e-02 1.051639858633279800e-02 2.800343744456768036e-02 2.954817190766334534e-02 1.732195727527141571e-03 1.028779024636605754e-05 1.023207977414131165e-02 1.304797548800706863e-02 1.669320190558210015e-04 1.397757697850465775e-02 4.259718209505081177e-02 3.652757033705711365e-02 3.770930692553520203e-02 2.599534951150417328e-02 8.677393198013305664e-03 2.228702884167432785e-03 1.791133731603622437e-02 2.943407930433750153e-02 5.104177165776491165e-03 6.748765707015991211e-03 7.084247656166553497e-03 1.364503707736730576e-02 2.094730734825134277e-02 3.696295025292783976e-04 4.197539761662483215e-02 3.389191627502441406e-02 1.408646581694483757e-03 3.336066380143165588e-03 2.591949142515659332e-02 3.659676387906074524e-02 1.693249866366386414e-02 4.178024828433990479e-03 3.383032232522964478e-02 9.096547961235046387e-03 3.543443977832794189e-02 5.641145631670951843e-03 7.104363758116960526e-03 1.506423228420317173e-03 3.317867964506149292e-02 2.708831103518605232e-03 4.804813489317893982e-02 1.002844423055648804e-02 3.169734776020050049e-02 2.156391553580760956e-02 3.194798529148101807e-02 1.928716525435447693e-02 2.542708814144134521e-02 9.192864410579204559e-03 2.060202509164810181e-02 4.669396951794624329e-02 9.547754190862178802e-03 1.389404665678739548e-02 2.929425984621047974e-02 1.028274465352296829e-02 2.582361921668052673e-02 3.105792403221130371e-02 6.445049308240413666e-03 2.916648238897323608e-02 1.502034999430179596e-02 2.920032478868961334e-02
9.582492709159851074e-02 9.993438422679901123e-02 2.478857524693012238e-02 6.416332907974720001e-03 1.579931937158107758e-02 1.151742413640022278e-01 5.413470864295959473e-01 2.864749112632125616e-04 2.178680384531617165e-03 3.318236023187637329e-02 9.111975878477096558e-02 1.252626441419124603e-02 9.302271902561187744e-02 3.229674696922302246e-02 3.578945994377136230e-03 3.283138573169708252e-02 2.198888221755623817e-03 2.915412420406937599e-03 1.039110217243432999e-02 2.019568346440792084e-02 1.166898384690284729e-02 4.958251118659973145e-02 4.439787566661834717e-02 4.204746335744857788e-02 1.714946143329143524e-02 2.181535400450229645e-02 3.656136617064476013e-02 4.601081833243370056e-02 5.548353120684623718e-02 1.318492554128170013e-02 7.900294847786426544e-03 2.892284654080867767e-02 2.589561976492404938e-03 3.026442043483257294e-02 1.962002553045749664e-02 3.191097080707550049e-02 4.773390665650367737e-02 1.046292204409837723e-02 1.852794922888278961e-02 3.554604202508926392e-02 4.202235490083694458e-02 1.628185622394084930e-02 1.519644819200038910e-02 5.578260403126478195e-03 1.049721520394086838e-02 2.938988804817199707e-02 1.272621154785156250e-01 7.381401211023330688e-02 3.751668706536293030e-02 3.392720967531204224e-02 1.005802536383271217e-03 1.166083756834268570e-02 3.433737158775329590e-02 3.094507753849029541e-02 3.920044749975204468e-02 3.358701616525650024e-02 2.236421778798103333e-02 3.069981466978788376e-03 3.072474338114261627e-02 4.377696290612220764e-02 6.455223541706800461e-03 1.657939702272415161e-02 2.517797518521547318e-03 2.126295864582061768e-02 1.231414172798395157e-02 3.099435381591320038e-02 2.977948822081089020e-02 3.123245947062969208e-02 3.583966568112373352e-02 4.557676613330841064e-02 1.891337800770998001e-03 1.738641038537025452e-02 1.492606848478317261e-02 4.547318443655967712e-02 4.026834852993488312e-03 1.826854236423969269e-02 1.004185061901807785e-02 1.567820459604263306e-02 3.497110307216644287e-02 4.342508036643266678e-03 3.481356799602508545e-02 1.068476494401693344e-02 8.654205128550529480e-03 1.969738490879535675e-02 3.492732346057891846e-02 3.981382027268409729e-02 6.418245378881692886e-03 1.523695606738328934e-02 3.546911478042602539e-02 8.690014481544494629e-03 4.598731547594070435e-02 6.309968419373035431e-03 1.494485791772603989e-02 1.312435977160930634e-02 2.410727739334106445e-02 2.258618548512458801e-02 2.956159785389900208e-02 6.814728025346994400e-03 4.578303545713424683e-02 3.137822076678276062e-02 3.200587630271911621e-02 3.862951183691620827e-03 1.476202905178070068e-02 7.720622699707746506e-03 4.008845612406730652e-02 2.724420279264450073e-02 5.802472587674856186e-03 2.906201034784317017e-02 1.220287382602691650e-02 2.965955622494220734e-02 4.011917486786842346e-02 3.428680822253227234e-02 8.608694188296794891e-03 3.225902467966079712e-02 1.772770629031583667e-04 1.316594611853361130e-02
2.784385113045573235e-03 1.849725469946861267e-02 1.235148683190345764e-01 7.819625549018383026e-03 1.935178413987159729e-02 6.841970607638359070e-03 2.864749112632125616e-04 5.115718841552734375e-01 2.071044594049453735e-02 1.008357852697372437e-02 3.529605269432067871e-02 3.833263739943504333e-02 1.784123131074011326e-03 2.331405505537986755e-02 6.898266077041625977e-02 1.492402888834476471e-02 2.397494763135910034e-02 2.192480303347110748e-02 3.163562715053558350e-02 2.080919034779071808e-02 1.373301912099123001e-02 5.582128651440143585e-03 6.649810820817947388e-03 2.935485541820526123e-02 1.971565559506416321e-02 5.111266858875751495e-03 3.274680301547050476e-02 3.786358237266540527e-02 6.846966687589883804e-03 2.662069164216518402e-02 3.437932953238487244e-02 7.717985194176435471e-03 1.655509136617183685e-02 3.433440998196601868e-02 3.082083724439144135e-02 5.459967651404440403e-04 2.281365916132926941e-02 4.001112282276153564e-02 3.777515515685081482e-02 3.460200503468513489e-02 1.827310770750045776e-03 3.954375907778739929e-02 3.672500699758529663e-02 4.013163968920707703e-02 1.425747573375701904e-02 2.925949171185493469e-02 1.377874054014682770e-02 1.771584525704383850e-02 1.925064437091350555e-02 1.474084239453077316e-02 9.913709014654159546e-03 3.330852370709180832e-03 1.435022242367267609e-02 4.371870681643486023e-02 7.128419354557991028e-03 4.470516927540302277e-03 4.267557710409164429e-02 2.598022483289241791e-02 3.053680993616580963e-02 2.731908112764358521e-02 3.004046529531478882e-02 2.145927585661411285e-02 4.907404072582721710e-03 3.214185358956456184e-03 3.787514567375183105e-02 7.519280537962913513e-03 3.001754544675350189e-02 2.696668729186058044e-02 3.821276873350143433e-02 4.441541805863380432e-02 9.542632848024368286e-03 1.415133569389581680e-02 2.648876514285802841e-03 8.722105994820594788e-03 5.513619631528854370e-02 1.836704835295677185e-02 7.318981923162937164e-03 4.104480519890785217e-02 2.019479312002658844e-02 3.581041842699050903e-02 1.858877390623092651e-01 5.090727284550666809e-02 2.020508795976638794e-02 1.612867973744869232e-02 1.679407060146331787e-02 1.056664809584617615e-02 1.124313995242118835e-01 2.148341387510299683e-02 4.374472051858901978e-02 1.316206250339746475e-02 4.242139309644699097e-02 1.742952316999435425e-02 4.602388665080070496e-02 2.185762301087379456e-02 5.292951595038175583e-03 3.301735222339630127e-02 3.505345806479454041e-02 1.386752445250749588e-02 1.004447508603334427e-02 1.984466426074504852e-02 2.143907546997070312e-02 3.235535696148872375e-02 6.677325814962387085e-03 2.917276695370674133e-02 2.898013219237327576e-02 2.378327213227748871e-02 2.126587554812431335e-02 1.954636769369244576e-03 8.945534937083721161e-04 1.150900218635797501e-02 3.664291277527809143e-02 4.208420962095260620e-02 4.688492417335510254e-02 7.615650072693824768e-03 1.380891166627407074e-02 3.858179599046707153e-02
1.023441087454557419e-02 1.328270230442285538e-02 3.149660769850015640e-03 4.753355309367179871e-02 3.952442482113838196e-02 5.028039216995239258e-03 2.178680384531617165e-03 2.071044594049453735e-02 5.468665957450866699e-01 2.039058320224285126e-02 8.141264552250504494e-04 3.507238999009132385e-02 1.439837645739316940e-02 9.751139208674430847e-03 1.275559049099683762e-02 4.611690342426300049e-02 1.015652809292078018e-02 6.798323988914489746e-02 3.062310814857482910e-02 1.777395419776439667e-02 1.178044918924570084e-02 3.922735806554555893e-03 5.647487565875053406e-02 3.225322440266609192e-02 3.629462793469429016e-02 5.152499675750732422e-02 1.522582257166504860e-03 2.299113012850284576e-02 2.210063114762306213e-02 3.564762324094772339e-02 2.995633147656917572e-02 3.113183937966823578e-02 7.137133739888668060e-03 1.563451252877712250e-02 2.628396730870008469e-03 4.684062302112579346e-02 1.647324301302433014e-02 3.719760850071907043e-02 1.944134570658206940e-02 3.736345097422599792e-02 3.109687939286231995e-02 2.570211142301559448e-02 2.933231182396411896e-02 4.780761525034904480e-02 4.318518564105033875e-02 3.035824559628963470e-02 1.327353436499834061e-02 5.145638808608055115e-02 8.815705031156539917e-02 2.653570380061864853e-03 4.037343710660934448e-02 2.070287987589836121e-02 2.062542922794818878e-02 5.491402465850114822e-03 9.220647811889648438e-02 1.423696987330913544e-02 1.891392283141613007e-02 2.844766527414321899e-02 1.713687367737293243e-02 2.697344683110713959e-02 3.651513531804084778e-02 5.694992840290069580e-02 3.388426080346107483e-02 3.540819138288497925e-02 2.509793452918529510e-02 1.208010595291852951e-02 1.981705054640769958e-02 1.512867026031017303e-02 3.251090645790100098e-02 1.541580725461244583e-02 2.695225365459918976e-02 3.376955538988113403e-02 3.217983990907669067e-02 3.011160157620906830e-02 2.007118798792362213e-02 1.908149942755699158e-02 7.177144289016723633e-02 3.088416717946529388e-02 7.329051941633224487e-02 1.172174979001283646e-02 1.484831701964139938e-02 4.617264494299888611e-03 1.752561517059803009e-02 3.115269169211387634e-02 6.604427099227905273e-02 6.155371665954589844e-02 5.747195798903703690e-03 2.104229293763637543e-02 2.365285716950893402e-02 2.129872702062129974e-02 4.926597326993942261e-02 3.672955185174942017e-02 4.861363768577575684e-02 3.235563263297080994e-02 1.837083883583545685e-02 5.613094195723533630e-03 2.233002521097660065e-02 3.478317335247993469e-02 4.047457128763198853e-02 3.174723824486136436e-03 4.886729177087545395e-03 1.314998883754014969e-02 4.451481997966766357e-02 2.896094880998134613e-02 3.090408071875572205e-02 2.897602319717407227e-02 3.621461568400263786e-03 4.056518897414207458e-02 3.002743236720561981e-02 5.072755366563796997e-02 3.957888856530189514e-02 6.388571928255259991e-04 1.941041648387908936e-02 3.838153928518295288e-02 4.599437862634658813e-02 3.722042217850685120e-02
2.804962219670414925e-03 1.843610964715480804e-02 1.956406608223915100e-02 4.031940922141075134e-02 1.795656792819499969e-02 2.401692420244216919e-02 3.318236023187637329e-02 1.008357852697372437e-02 2.039058320224285126e-02 5.253624320030212402e-01 2.526317909359931946e-02 6.951646413654088974e-03 2.250119578093290329e-03 1.424177922308444977e-02 4.343156889081001282e-02 2.429930865764617920e-02 1.827116683125495911e-02 1.671563833951950073e-02 4.085244983434677124e-02 8.758435025811195374e-03 1.041319686919450760e-02 1.519958674907684326e-02 9.994325228035449982e-03 8.642002940177917480e-03 9.033998474478721619e-03 1.375763863325119019e-02 2.801488339900970459e-02 4.708832129836082458e-02 1.876411586999893188e-02 3.162671253085136414e-02 5.001228768378496170e-03 4.539975151419639587e-02 3.002773597836494446e-02 4.858578555285930634e-03 1.193726342171430588e-02 1.082774996757507324e-02 1.559763774275779724e-02 3.525445982813835144e-02 3.712430596351623535e-02 9.572692215442657471e-03 1.350499968975782394e-02 2.677549980580806732e-02 3.684753924608230591e-02 2.064457349479198456e-02 3.839836269617080688e-02 2.808338031172752380e-02 1.552192214876413345e-02 5.509554222226142883e-02 2.334221638739109039e-02 8.263756334781646729e-02 2.696053124964237213e-02 3.333471342921257019e-02 6.539994385093450546e-03 3.998181223869323730e-02 2.667736075818538666e-02 6.119886413216590881e-02 1.150897517800331116e-02 1.269183773547410965e-02 3.263800963759422302e-02 3.796353936195373535e-02 3.481023013591766357e-02 3.247233107686042786e-03 3.367564454674720764e-02 1.761888898909091949e-02 2.774728834629058838e-02 2.491480298340320587e-02 2.524445392191410065e-02 2.379390178248286247e-03 3.725371882319450378e-02 3.620988503098487854e-02 1.113915070891380310e-02 4.064168781042098999e-02 2.252763509750366211e-02 4.002379998564720154e-02 1.653881743550300598e-03 2.393167279660701752e-02 7.443682290613651276e-03 9.379540383815765381e-02 8.058617822825908661e-03 9.335113316774368286e-02 4.221943393349647522e-02 4.510032758116722107e-02 1.148929446935653687e-02 3.334278613328933716e-02 2.220030874013900757e-02 5.262967199087142944e-02 3.365398943424224854e-02 2.711620554327964783e-02 1.030650548636913300e-02 4.609285295009613037e-02 5.582603067159652710e-02 3.595305234193801880e-02 1.255942415446043015e-02 1.523152831941843033e-02 2.177500911056995392e-02 1.548063661903142929e-02 4.152868315577507019e-02 2.669992670416831970e-02 2.627842500805854797e-02 6.302379816770553589e-02 2.805866487324237823e-02 1.457795407623052597e-02 3.913011401891708374e-02 3.827708214521408081e-02 2.505313046276569366e-02 1.587135903537273407e-02 2.656548470258712769e-02 3.890564292669296265e-02 1.634539850056171417e-02 1.887005171738564968e-03 1.907424442470073700e-02 8.540024980902671814e-03 2.935171872377395630e-02 1.721227727830410004e-02 1.968334196135401726e-03 7.305521052330732346e-03
1.000428199768066406e-01 9.711565077304840088e-02 4.525392130017280579e-02 3.296483680605888367e-02 5.300682038068771362e-02 9.561678022146224976e-02 9.111975878477096558e-02 3.529605269432067871e-02 8.141264552250504494e-04 2.526317909359931946e-02 5.468089580535888672e-01 2.673443593084812164e-02 1.118104457855224609e-01 9.500687010586261749e-04 3.082614019513130188e-02 1.056208647787570953e-02 5.335412453860044479e-03 1.231150352396070957e-03 1.703421957790851593e-02 4.288994520902633667e-02 3.608735278248786926e-02 7.856260985136032104e-02 3.820476587861776352e-03 2.271120436489582062e-02 1.153390202671289444e-02 1.201430894434452057e-02 3.968765586614608765e-02 6.893744692206382751e-03 6.493684649467468262e-02 7.514822296798229218e-03 2.511317655444145203e-02 4.996138811111450195e-02 7.019491167739033699e-04 4.102822765707969666e-02 4.982423968613147736e-03 2.658821875229477882e-03 3.014339506626129150e-02 2.614079415798187256e-02 3.571056202054023743e-02 5.173071101307868958e-02 2.262429334223270416e-02 5.935575347393751144e-03 1.390108838677406311e-02 2.639560960233211517e-02 1.120624504983425140e-02 2.755441702902317047e-02 1.098553538322448730e-01 3.432737290859222412e-02 4.081727564334869385e-02 4.130716994404792786e-02 1.420382992364466190e-03 2.799526322633028030e-03 4.819904267787933350e-02 2.552172914147377014e-02 3.474632650613784790e-02 4.263818264007568359e-02 2.133155800402164459e-02 7.009560707956552505e-03 3.680856898427009583e-02 3.124328516423702240e-02 1.534008886665105820e-03 1.133189909160137177e-02 1.335227955132722855e-02 3.482737019658088684e-02 5.714805051684379578e-02 5.136483162641525269e-02 1.624510250985622406e-02 3.526171669363975525e-02 1.104682963341474533e-02 4.807548224925994873e-02 9.149395860731601715e-03 2.974500693380832672e-02 5.685493815690279007e-03 4.771221056580543518e-02 2.236727811396121979e-02 1.002950593829154968e-02 1.677487231791019440e-02 1.031936518847942352e-02 2.641839534044265747e-02 6.701373495161533356e-03 3.907573875039815903e-03 1.430034637451171875e-02 1.625193655490875244e-02 7.898508571088314056e-03 1.497459225356578827e-02 2.103669196367263794e-02 1.713719777762889862e-02 3.601974248886108398e-02 2.771222218871116638e-02 1.749654416926205158e-03 2.868787571787834167e-02 2.532052062451839447e-02 1.618514396250247955e-02 2.460106648504734039e-02 2.928245067596435547e-02 6.952638272196054459e-03 2.814204245805740356e-02 2.234583348035812378e-02 3.143635019659996033e-02 2.861282415688037872e-02 2.126841992139816284e-02 1.445939298719167709e-03 2.120771212503314018e-03 5.340691655874252319e-03 4.868531599640846252e-02 2.185867168009281158e-02 6.273020058870315552e-03 4.013184458017349243e-02 1.165517512708902359e-02 4.180078953504562378e-02 4.114397242665290833e-02 4.261460155248641968e-02 6.402379367500543594e-04 4.262080416083335876e-02 1.078346394933760166e-03 2.502287272363901138e-03
1.092359796166419983e-02 2.246884070336818695e-02 2.092921361327171326e-02 1.009952835738658905e-02 2.248617634177207947e-02 1.221595425158739090e-02 1.252626441419124603e-02 3.833263739943504333e-02 3.507238999009132385e-02 6.951646413654088974e-03 2.673443593084812164e-02 5.259721279144287109e-01 2.545497007668018341e-02 1.464401930570602417e-01 3.449603170156478882e-02 4.472771659493446350e-02 3.496986255049705505e-02 6.283728405833244324e-03 4.370261356234550476e-02 2.774808183312416077e-02 2.624792233109474182e-02 2.509681694209575653e-02 4.147447645664215088e-02 2.138867974281311035e-02 1.707493886351585388e-02 8.758836425840854645e-03 3.341570845805108547e-04 9.338384121656417847e-02 9.313971735537052155e-03 1.041038185358047485e-01 3.706907853484153748e-02 7.297641132026910782e-03 1.045817881822586060e-02 3.397399932146072388e-02 4.701270535588264465e-02 4.873673990368843079e-02 1.488674245774745941e-02 1.686887815594673157e-02 2.463649772107601166e-02 4.856161400675773621e-02 4.107262939214706421e-02 2.064193412661552429e-02 4.966470226645469666e-02 2.666629850864410400e-02 3.783538937568664551e-02 1.643062941730022430e-02 1.925954362377524376e-03 3.792355209589004517e-02 2.280747750774025917e-03 2.766232565045356750e-02 1.273279637098312378e-02 2.611177042126655579e-02 9.619436226785182953e-03 1.575278304517269135e-02 3.661173395812511444e-04 1.258337311446666718e-02 3.996527940034866333e-02 1.854436658322811127e-02 7.506188012484926730e-06 7.042071316391229630e-03 1.254283473826944828e-03 3.407306969165802002e-02 4.158423468470573425e-02 4.329085722565650940e-02 6.750284228473901749e-03 4.282381013035774231e-02 3.513151779770851135e-02 3.408070653676986694e-02 6.622564792633056641e-02 5.186518654227256775e-03 3.847572579979896545e-02 1.139620691537857056e-02 2.992916107177734375e-02 1.022841222584247589e-02 1.119787897914648056e-02 3.454065416008234024e-03 4.721587151288986206e-02 3.096309863030910492e-02 5.408938974142074585e-03 4.123566206544637680e-03 4.227347206324338913e-03 2.170404046773910522e-02 1.022472232580184937e-02 1.899144425988197327e-02 2.276675077155232430e-03 3.955203574150800705e-03 3.325621783733367920e-02 2.230776101350784302e-02 5.291739106178283691e-02 4.788994044065475464e-02 4.312770068645477295e-02 4.876509308815002441e-03 5.659369751811027527e-02 3.599242074415087700e-03 4.723655991256237030e-03 4.182428121566772461e-02 5.741784349083900452e-03 1.752495951950550079e-02 2.802435867488384247e-02 2.540601417422294617e-02 6.299597211182117462e-03 3.008291870355606079e-02 1.113767083734273911e-02 1.660962402820587158e-02 5.014867521822452545e-03 1.736063323915004730e-02 4.478063806891441345e-02 3.999137878417968750e-02 3.276661783456802368e-02 1.924714632332324982e-02 3.813402354717254639e-02 2.358367107808589935e-02 1.477103400975465775e-02 4.754782468080520630e-02 2.174654975533485413e-02 1.586527936160564423e-02
1.034437566995620728e-01 1.056873649358749390e-01 1.793769001960754395e-02 2.177217788994312286e-02 4.437667131423950195e-02 9.459615498781204224e-02 9.302271902561187744e-02 1.784123131074011326e-03 1.439837645739316940e-02 2.250119578093290329e-03 1.118104457855224609e-01 2.545497007668018341e-02 5.467432737350463867e-01 1.084614545106887817e-02 2.068724855780601501e-02 3.070176765322685242e-02 1.720197498798370361e-02 1.611139811575412750e-02 3.596048802137374878e-02 1.356841158121824265e-02 3.031427413225173950e-02 7.638711482286453247e-02 2.312057465314865112e-02 3.612845018506050110e-02 3.836804628372192383e-02 1.490409485995769501e-02 2.883868291974067688e-02 2.266386291012167931e-04 5.663292482495307922e-02 2.618568716570734978e-03 5.668176803737878799e-03 1.062986440956592560e-02 7.745657581835985184e-03 7.588305976241827011e-03 8.828610181808471680e-03 1.163946185261011124e-02 2.995040733367204666e-03 2.330422960221767426e-02 2.069899998605251312e-02 5.178568512201309204e-02 4.318189620971679688e-02 1.085296180099248886e-02 3.028256632387638092e-02 3.590225428342819214e-02 3.463745489716529846e-02 4.798599332571029663e-02 1.072914376854896545e-01 5.070031434297561646e-02 3.334064036607742310e-02 2.677900344133377075e-02 4.044159431941807270e-04 9.589655091986060143e-04 3.355310112237930298e-02 1.636364497244358063e-02 4.925141111016273499e-02 2.578478306531906128e-02 2.884010039269924164e-02 2.464610710740089417e-02 2.919152006506919861e-02 2.540599927306175232e-02 1.385851018130779266e-02 1.421120017766952515e-02 1.753130555152893066e-02 3.375263139605522156e-02 4.386802390217781067e-02 5.549122765660285950e-02 1.952097564935684204e-02 4.786486679222434759e-04 6.411846727132797241e-03 4.888260737061500549e-02 1.654901728034019470e-02 3.856683894991874695e-02 2.400756254792213440e-02 4.914088919758796692e-02 3.870852990075945854e-03 5.994689650833606720e-03 6.735857576131820679e-03 5.118855740875005722e-03 4.756526648998260498e-02 2.690704166889190674e-02 3.376730531454086304e-02 1.313983369618654251e-02 1.682412251830101013e-02 2.154696919023990631e-02 4.591745510697364807e-02 2.917715162038803101e-02 3.827396547421813011e-03 3.545175120234489441e-02 4.268287494778633118e-02 1.403316576033830643e-02 3.442460298538208008e-02 2.935346588492393494e-02 7.567957974970340729e-03 3.507203608751296997e-02 3.902101144194602966e-02 2.205203473567962646e-02 2.583671361207962036e-02 3.128365054726600647e-02 2.631976641714572906e-02 4.460437595844268799e-02 2.891025692224502563e-02 1.997431367635726929e-02 5.469853524118661880e-03 2.370039001107215881e-02 4.499085620045661926e-02 6.317154038697481155e-03 2.010756731033325195e-02 5.181534960865974426e-02 1.142400782555341721e-02 5.268028378486633301e-02 5.049782618880271912e-02 3.728086501359939575e-02 3.022391162812709808e-02 2.929569780826568604e-02 1.774337701499462128e-02 5.659529473632574081e-03
