5.019147992134094238e-01 1.873352527618408203e-01 2.097360603511333466e-02 1.095589436590671539e-02 1.528984028846025467e-02 1.407080739736557007e-01 1.482287496328353882e-01 3.924481943249702454e-02 3.202935680747032166e-02 6.025779526680707932e-03 1.492842584848403931e-01 1.155972573906183243e-02 1.218439415097236633e-01 3.192597627639770508e-02 2.430690824985504150e-02 3.114204294979572296e-02 2.257823199033737183e-02 1.260141097009181976e-02 4.028073977679014206e-03 2.985831722617149353e-02 1.848664321005344391e-02 8.023864589631557465e-03 4.206980764865875244e-02 4.176200926303863525e-02 8.066329173743724823e-03 8.982595987617969513e-03 2.903741970658302307e-02 1.029005832970142365e-02 4.302240163087844849e-02 3.520688042044639587e-02 2.162500470876693726e-02 5.161303654313087463e-02 4.206640645861625671e-02 4.015727341175079346e-02 3.073598071932792664e-02 4.056351259350776672e-02 4.326627776026725769e-02 2.118889708071947098e-03 2.068831399083137512e-02 3.699574247002601624e-02 3.669887315481901169e-03 2.209973335266113281e-02 8.592645637691020966e-03 1.254664617590606213e-03 1.166852377355098724e-02 1.383743807673454285e-02 9.358583390712738037e-02 1.044477596879005432e-01 2.565188892185688019e-02 3.223483264446258545e-02 4.255583882331848145e-02 6.772618507966399193e-05 1.083463896065950394e-02 4.542900621891021729e-02 2.000855654478073120e-02 2.688789926469326019e-02 2.269205078482627869e-02 4.312549903988838196e-02 7.119512651115655899e-03 1.074453163892030716e-02 7.289829198271036148e-03 7.679683156311511993e-03 3.924645483493804932e-02 3.103452920913696289e-02 4.607305303215980530e-02 1.671226136386394501e-02 4.313193261623382568e-03 5.116120446473360062e-03 8.303109556436538696e-03 1.621933281421661377e-02 2.037597261369228363e-02 2.638163743540644646e-03 1.159009337425231934e-02 3.270240500569343567e-02 3.159268945455551147e-02 1.537034846842288971e-02 8.107217028737068176e-03 3.941452875733375549e-02 4.565796628594398499e-02 4.344292357563972473e-02 3.389950096607208252e-02 4.061172157526016235e-02 3.698744624853134155e-02 1.718632993288338184e-03 3.401088761165738106e-03 2.859940566122531891e-02 3.537803888320922852e-02 3.823239356279373169e-02 1.451450400054454803e-02 1.300309691578149796e-02 7.257053256034851074e-02 3.746138513088226318e-02 8.249231427907943726e-02 5.575541034340858459e-02 2.920794114470481873e-02 5.684142466634511948e-03 3.451846539974212646e-02 1.994075253605842590e-02 2.057253383100032806e-02 4.018924199044704437e-03 1.373305823653936386e-02 1.219115592539310455e-02 6.371734198182821274e-04 2.176901511847972870e-02 2.941048145294189453e-02 4.458666220307350159e-02 9.264790569432079792e-04 1.436384767293930054e-02 3.584868460893630981e-02 8.899949491024017334e-03 1.610477338545024395e-03 4.671097733080387115e-03 9.350796230137348175e-03 2.630019001662731171e-02 3.818625584244728088e-02 4.349081218242645264e-02
1.873352527618408203e-01 4.948723912239074707e-01 3.815453499555587769e-03 8.494251407682895660e-03 6.177464965730905533e-03 1.335160881280899048e-01 1.518462449312210083e-01 2.817333303391933441e-02 2.023928239941596985e-02 6.108010653406381607e-03 1.347675919532775879e-01 1.207740698009729385e-02 1.263967454433441162e-01 2.181318029761314392e-02 2.545069530606269836e-02 2.560270205140113831e-02 1.802569627761840820e-02 1.864203810691833496e-02 7.317381910979747772e-03 3.656632453203201294e-02 3.212145343422889709e-02 5.345541983842849731e-03 2.013283222913742065e-02 3.568071126937866211e-02 6.152733229100704193e-03 3.710446180775761604e-03 1.643417961895465851e-02 7.993765175342559814e-03 4.928235337138175964e-02 3.122025728225708008e-02 4.129763692617416382e-02 4.490313306450843811e-02 3.864287212491035461e-02 5.347758904099464417e-02 2.904746681451797485e-02 2.570065110921859741e-02 2.057208307087421417e-02 1.766412705183029175e-02 1.391253620386123657e-02 3.539855778217315674e-02 1.795733533799648285e-02 4.480778798460960388e-02 3.129649534821510315e-02 8.990038186311721802e-03 8.635803125798702240e-03 2.571418508887290955e-02 8.878449350595474243e-02 1.047932952642440796e-01 3.619207069277763367e-02 9.756152518093585968e-03 1.721069775521755219e-02 2.830740623176097870e-02 5.557814147323369980e-03 4.630469530820846558e-02 2.518660761415958405e-02 7.956896908581256866e-03 3.427679650485515594e-03 2.440094202756881714e-02 4.791446495801210403e-03 1.264159567654132843e-03 1.495187915861606598e-02 1.110516209155321121e-02 1.167704723775386810e-02 3.473930060863494873e-02 4.237456619739532471e-02 1.151605695486068726e-02 1.077664550393819809e-02 1.839840784668922424e-02 1.012072060257196426e-02 1.250682864338159561e-02 1.659158617258071899e-02 9.299701079726219177e-03 3.095104545354843140e-02 3.236779570579528809e-02 3.286173567175865173e-02 1.946829818189144135e-02 9.809294715523719788e-03 3.328398987650871277e-02 4.329385235905647278e-02 4.271348565816879272e-02 2.498085796833038330e-02 2.559681423008441925e-02 3.805651143193244934e-02 9.705925360321998596e-03 7.715818006545305252e-03 2.819429896771907806e-02 3.308527171611785889e-02 4.793472215533256531e-02 3.818665072321891785e-02 3.817359451204538345e-03 7.804079353809356689e-02 3.929799050092697144e-02 8.435345441102981567e-02 4.913634434342384338e-02 1.095242239534854889e-02 6.624262314289808273e-03 3.757656365633010864e-02 4.657156299799680710e-03 1.565808430314064026e-02 1.199241634458303452e-02 2.885448373854160309e-02 3.166133165359497070e-02 7.184644229710102081e-03 1.538139209151268005e-02 2.228530868887901306e-02 4.153159633278846741e-02 4.846345982514321804e-04 1.927653141319751740e-02 2.680938877165317535e-02 1.976024173200130463e-02 1.431686617434024811e-02 7.862080819904804230e-03 2.157484050258062780e-05 3.665722534060478210e-02 2.278200723230838776e-02 3.286505863070487976e-02
2.097360603511333466e-02 3.815453499555587769e-03 4.777733385562896729e-01 4.088255111128091812e-03 8.108391426503658295e-03 2.493062801659107208e-02 2.088170498609542847e-02 7.701183855533599854e-02 1.815600437112152576e-03 4.940155893564224243e-03 4.195240139961242676e-02 3.352691605687141418e-02 6.654522847384214401e-03 2.295284718275070190e-02 4.880072176456451416e-02 9.223320521414279938e-03 6.770785897970199585e-03 9.416164830327033997e-03 2.082544937729835510e-02 1.893189921975135803e-02 4.007596522569656372e-02 3.507383225951343775e-04 1.331803109496831894e-02 3.561662882566452026e-02 8.982107043266296387e-03 2.117196843028068542e-02 2.346451953053474426e-02 2.423281036317348480e-02 8.981880731880664825e-03 8.084358647465705872e-03 5.186171457171440125e-02 1.953783072531223297e-02 1.616051793098449707e-02 1.384182553738355637e-02 2.680856548249721527e-02 2.627784013748168945e-02 2.460936643183231354e-02 3.357226774096488953e-02 3.363718464970588684e-02 1.833861134946346283e-02 1.152829732745885849e-02 3.890515863895416260e-02 1.628982368856668472e-03 3.029171191155910492e-02 9.458285756409168243e-03 3.384839743375778198e-02 9.744069539010524750e-03 1.379988156259059906e-02 1.728335767984390259e-02 3.958764672279357910e-02 3.011650405824184418e-02 3.460260108113288879e-02 1.796245388686656952e-02 4.967914894223213196e-02 4.805561527609825134e-02 3.381111845374107361e-02 4.955539945513010025e-03 2.215001732110977173e-02 7.204919308423995972e-02 6.193065270781517029e-02 1.756113953888416290e-02 1.302577834576368332e-02 4.775198549032211304e-02 2.513159252703189850e-02 1.508638728410005569e-02 4.276368021965026855e-02 1.787291467189788818e-02 2.710010297596454620e-02 4.368722811341285706e-02 1.217777281999588013e-02 1.851700246334075928e-02 4.717664420604705811e-02 3.498202934861183167e-02 1.121076382696628571e-02 2.362977527081966400e-02 7.452635094523429871e-03 1.374111045151948929e-02 5.116912070661783218e-03 2.583812177181243896e-02 8.698263205587863922e-03 1.285061389207839966e-01 1.450985670089721680e-01 3.020724654197692871e-02 2.898017875850200653e-02 1.331481989473104477e-02 3.979499638080596924e-02 9.020715206861495972e-02 1.154437065124511719e-01 9.557840414345264435e-03 1.661400869488716125e-02 1.316957361996173859e-02 5.754939094185829163e-02 1.169578637927770615e-02 7.462887465953826904e-02 2.225621603429317474e-02 4.069644212722778320e-02 1.759150438010692596e-02 2.864189632236957550e-02 3.061365336179733276e-02 3.573830425739288330e-02 2.265015430748462677e-02 1.266245916485786438e-02 1.553759328089654446e-03 4.592351242899894714e-02 6.855517625808715820e-02 5.679934844374656677e-02 2.604402787983417511e-02 1.697866944596171379e-03 5.369383841753005981e-03 1.880243048071861267e-02 1.594631560146808624e-02 8.985374122858047485e-03 3.399638086557388306e-02 3.309193253517150879e-02 3.299701213836669922e-02 1.986225880682468414e-02
1.095589436590671539e-02 8.494251407682895660e-03 4.088255111128091812e-03 4.574257731437683105e-01 1.589790284633636475e-01 1.590054482221603394e-02 1.284784916788339615e-02 7.686729542911052704e-03 3.363358974456787109e-02 3.109641000628471375e-02 9.753919439390301704e-04 4.089116677641868591e-02 2.957248128950595856e-02 5.623884126543998718e-02 4.249417688697576523e-04 3.115457110106945038e-02 2.056651189923286438e-02 4.522025212645530701e-02 1.398804690688848495e-02 1.802543736994266510e-02 4.460887610912322998e-02 3.735624626278877258e-02 1.986248791217803955e-02 7.192055694758892059e-03 3.019326832145452499e-03 6.330501753836870193e-03 1.539077796041965485e-02 3.048304282128810883e-02 3.277332335710525513e-02 5.103975534439086914e-02 4.792242869734764099e-02 4.755864292383193970e-02 1.457812730222940445e-02 4.216770082712173462e-02 1.511916052550077438e-02 4.931532777845859528e-03 1.235598319908604026e-04 7.227835804224014282e-02 4.849413782358169556e-02 1.170470844954252243e-02 5.525216087698936462e-02 1.795059256255626678e-02 3.082222864031791687e-02 2.617289312183856964e-02 2.246431633830070496e-02 4.395613819360733032e-02 2.088213106617331505e-03 1.207540699397213757e-04 5.083633586764335632e-02 4.488486796617507935e-02 7.063196506351232529e-03 1.405337266623973846e-02 2.536171905376249924e-06 1.588139310479164124e-02 4.420622810721397400e-02 8.781583048403263092e-03 1.131473258137702942e-01 3.703561425209045410e-02 4.546127095818519592e-02 7.653479930013418198e-03 1.680389232933521271e-02 1.585007645189762115e-02 2.343658171594142914e-02 2.403440698981285095e-02 3.547865897417068481e-02 3.223807737231254578e-02 1.390103343874216080e-02 3.164980560541152954e-02 1.151559222489595413e-02 2.211063541471958160e-02 5.850511370226740837e-04 1.546194870024919510e-02 9.721834212541580200e-02 2.390411682426929474e-02 5.579934641718864441e-02 2.476342022418975830e-02 2.766453661024570465e-02 2.129544271156191826e-03 4.141598194837570190e-02 2.360570244491100311e-02 2.153202891349792480e-02 1.495327916927635670e-03 7.767351716756820679e-02 3.071918524801731110e-02 2.503387071192264557e-02 3.177952393889427185e-02 2.320694364607334137e-02 1.419922150671482086e-02 1.071974262595176697e-02 1.524262875318527222e-02 4.182094708085060120e-02 3.731410205364227295e-02 2.878173813223838806e-02 3.668593987822532654e-02 2.293812483549118042e-02 3.421321976929903030e-03 2.813388407230377197e-02 1.612810231745243073e-02 2.891902625560760498e-02 1.814221777021884918e-02 1.440136134624481201e-02 9.677452035248279572e-03 1.942118443548679352e-02 2.218445576727390289e-02 2.516083186492323875e-04 2.763633430004119873e-02 3.205548599362373352e-02 1.480889227241277695e-02 2.067667199298739433e-03 1.390105765312910080e-02 5.094782635569572449e-02 4.053118079900741577e-02 1.103197224438190460e-02 1.663592271506786346e-02 1.242118421941995621e-02 3.021348267793655396e-02
1.528984028846025467e-02 6.177464965730905533e-03 8.108391426503658295e-03 1.589790284633636475e-01 4.557406306266784668e-01 1.358620356768369675e-02 1.063363719731569290e-02 3.306867182254791260e-02 4.433796927332878113e-02 2.002118714153766632e-02 7.769876392558217049e-04 1.871290430426597595e-02 3.828474134206771851e-02 1.466038078069686890e-02 3.308542817831039429e-02 4.267833009362220764e-02 4.598106071352958679e-02 7.022710144519805908e-02 6.693276762962341309e-02 1.461165491491556168e-02 2.694102376699447632e-02 1.147800870239734650e-02 2.052988391369581223e-03 1.581931672990322113e-02 1.746141724288463593e-02 2.064695209264755249e-02 2.006901986896991730e-02 4.735869914293289185e-02 3.382379189133644104e-02 1.053640712052583694e-02 3.688915073871612549e-02 3.014660440385341644e-02 1.412078365683555603e-02 8.592227473855018616e-03 1.676574349403381348e-02 6.453983485698699951e-03 1.144986716099083424e-03 5.627274513244628906e-02 5.663597956299781799e-02 5.369479954242706299e-02 3.345660865306854248e-02 2.886327356100082397e-02 2.478931844234466553e-02 3.124753572046756744e-02 1.899419724941253662e-02 4.188799485564231873e-02 3.043066943064332008e-03 5.808596964925527573e-03 4.723753035068511963e-02 1.658723503351211548e-02 3.464195877313613892e-02 4.175629466772079468e-02 5.951134487986564636e-03 2.851258777081966400e-02 1.493961550295352936e-02 2.687589265406131744e-02 7.102155685424804688e-02 2.167045511305332184e-02 5.861746147274971008e-03 6.186543498188257217e-03 1.966441608965396881e-02 2.172370813786983490e-02 1.702036336064338684e-02 4.542364180088043213e-02 5.223073810338973999e-02 3.419575979933142662e-03 1.354541070759296417e-02 2.544979192316532135e-02 6.731215864419937134e-03 2.761282585561275482e-02 1.439878530800342560e-02 3.372990339994430542e-02 6.336847692728042603e-02 4.116271436214447021e-02 7.189662009477615356e-02 4.844929277896881104e-02 1.684991270303726196e-02 3.262418089434504509e-03 4.670219123363494873e-02 4.290354251861572266e-02 2.159782499074935913e-02 3.841650672256946564e-03 9.867500513792037964e-02 1.053887680172920227e-01 2.732997387647628784e-02 3.966049104928970337e-02 3.108743019402027130e-02 2.074342407286167145e-02 4.491773992776870728e-02 3.613943606615066528e-02 1.711600832641124725e-02 1.705551706254482269e-02 3.264609724283218384e-02 1.349827367812395096e-02 4.984354134649038315e-03 1.079559512436389923e-02 4.321891441941261292e-02 3.651281073689460754e-02 1.335922721773386002e-02 1.896567642688751221e-02 2.717092866078019142e-03 1.881118491291999817e-02 6.186904851347208023e-03 7.004411891102790833e-03 3.352149575948715210e-02 3.562891157343983650e-03 2.004993846639990807e-03 2.206781506538391113e-02 2.048332989215850830e-02 7.722366135567426682e-03 2.868510968983173370e-02 1.304364670068025589e-02 5.076426640152931213e-02 2.324434928596019745e-02 4.974206164479255676e-02 1.628808490931987762e-02
1.407080739736557007e-01 1.335160881280899048e-01 2.493062801659107208e-02 1.590054482221603394e-02 1.358620356768369675e-02 4.943166375160217285e-01 1.890203803777694702e-01 5.839364137500524521e-03 2.553307078778743744e-02 1.111569814383983612e-03 1.194523870944976807e-01 1.687794923782348633e-02 9.806020557880401611e-02 3.580883145332336426e-02 4.556453227996826172e-02 3.928259760141372681e-02 3.680856898427009583e-02 3.985914867371320724e-03 1.019886881113052368e-02 1.175263780169188976e-03 3.719482105225324631e-03 1.415108237415552139e-02 1.188063342124223709e-02 1.723800599575042725e-02 9.497188962996006012e-03 2.885240316390991211e-02 5.105362832546234131e-02 4.021480306982994080e-02 1.820155791938304901e-02 1.675752364099025726e-02 5.015519261360168457e-02 4.060046374797821045e-02 2.195793949067592621e-02 3.326420485973358154e-02 8.649824187159538269e-03 2.701005153357982635e-02 2.081012353301048279e-02 2.022530138492584229e-02 1.875236257910728455e-02 2.647977508604526520e-02 1.710081845521926880e-02 2.111944137141108513e-03 2.582695521414279938e-02 7.098404224961996078e-03 4.898680001497268677e-02 1.713441498577594757e-02 9.676261991262435913e-02 1.302449554204940796e-01 2.102089820255059749e-05 4.627766832709312439e-02 3.716460242867469788e-02 1.767120324075222015e-02 3.062674775719642639e-02 3.319882974028587341e-02 4.211141914129257202e-02 4.289433732628822327e-02 2.112138085067272186e-03 3.182712569832801819e-02 1.885496824979782104e-02 2.699914015829563141e-02 1.068961899727582932e-02 8.924135938286781311e-03 2.528513781726360321e-02 4.110695794224739075e-02 3.129910305142402649e-02 5.562559701502323151e-03 9.292615577578544617e-03 7.956827990710735321e-03 1.340895611792802811e-02 1.086695026606321335e-02 2.266332879662513733e-02 1.980454847216606140e-02 2.348333655390888453e-04 1.671926677227020264e-02 2.569253928959369659e-02 3.315355395898222923e-03 1.013773493468761444e-02 4.154746234416961670e-02 1.502265594899654388e-02 1.501493249088525772e-02 2.424344979226589203e-02 1.456447597593069077e-02 1.166035141795873642e-02 2.923374064266681671e-02 1.623147539794445038e-02 2.899197302758693695e-02 3.998403251171112061e-02 4.160404577851295471e-02 3.171771392226219177e-02 7.163912989199161530e-03 3.319233283400535583e-02 4.502727463841438293e-02 7.824860513210296631e-02 4.941372573375701904e-02 1.316666789352893829e-02 1.091466378420591354e-02 4.299366846680641174e-02 2.831703424453735352e-02 2.241760259494185448e-03 3.046099096536636353e-02 2.629687078297138214e-02 3.234900534152984619e-02 5.388263380154967308e-04 1.285901176743209362e-03 1.420190837234258652e-02 3.072709776461124420e-02 2.612170996144413948e-03 2.638631872832775116e-02 2.758327871561050415e-02 4.701600596308708191e-02 1.406144909560680389e-02 2.494825422763824463e-02 2.882334217429161072e-02 1.782340928912162781e-03 4.545783251523971558e-02 3.534779697656631470e-02
1.482287496328353882e-01 1.518462449312210083e-01 2.088170498609542847e-02 1.284784916788339615e-02 1.063363719731569290e-02 1.890203803777694702e-01 4.971961081027984619e-01 9.298874996602535248e-03 2.978561259806156158e-02 1.756747486069798470e-03 1.304364502429962158e-01 2.309584058821201324e-02 1.254043430089950562e-01 3.464939072728157043e-03 4.817401617765426636e-02 2.201707102358341217e-02 2.331790514290332794e-02 2.721226308494806290e-03 3.498820960521697998e-02 7.678997702896595001e-03 4.851371515542268753e-03 3.681287914514541626e-02 2.769794873893260956e-02 3.104823455214500427e-02 2.526528551243245602e-04 2.126905135810375214e-02 3.701929003000259399e-02 1.663724333047866821e-02 1.278377976268529892e-02 3.953518345952033997e-02 3.017038106918334961e-02 4.845379665493965149e-02 4.014354199171066284e-02 4.585178568959236145e-02 2.224058099091053009e-02 1.196192950010299683e-02 4.294780548661947250e-03 6.506457459181547165e-03 2.655221149325370789e-02 3.847235441207885742e-02 8.290942758321762085e-03 1.157702412456274033e-02 3.603888675570487976e-02 1.050997897982597351e-02 4.457505419850349426e-02 3.561035916209220886e-02 9.720438718795776367e-02 1.569536179304122925e-01 1.609800569713115692e-02 1.761668734252452850e-02 2.665465511381626129e-02 3.390320390462875366e-02 4.010556638240814209e-02 3.515165671706199646e-02 2.687465958297252655e-02 2.492144890129566193e-02 5.190158728510141373e-03 2.077740058302879333e-02 3.220789507031440735e-02 2.163115702569484711e-02 3.206609282642602921e-03 1.538807875476777554e-03 3.378206863999366760e-02 3.213860467076301575e-02 4.529105126857757568e-02 2.110225148499011993e-02 8.659699000418186188e-03 1.976112835109233856e-02 1.162775233387947083e-02 1.444962341338396072e-02 1.464657764881849289e-02 1.524149440228939056e-02 2.750553889200091362e-03 1.286674849689006805e-02 2.482132613658905029e-02 4.823100287467241287e-03 2.791494317352771759e-02 2.466498129069805145e-02 1.844584569334983826e-02 2.792694140225648880e-03 1.264605391770601273e-02 1.010317169129848480e-02 4.655125085264444351e-03 3.594057634472846985e-02 8.971524657681584358e-04 3.838270530104637146e-02 4.203439131379127502e-02 3.639397770166397095e-02 6.456793285906314850e-03 2.811644226312637329e-02 3.462783992290496826e-02 3.387953341007232666e-02 8.652696013450622559e-02 4.588764905929565430e-02 6.951376795768737793e-03 5.722561385482549667e-03 2.806318737566471100e-02 1.863953471183776855e-02 1.893373578786849976e-02 4.458255320787429810e-02 3.678476810455322266e-02 3.778414428234100342e-02 5.755760706961154938e-03 2.799543784931302071e-03 3.022216074168682098e-02 4.336798936128616333e-02 7.023570593446493149e-03 4.224100336432456970e-02 3.466191887855529785e-02 4.975384101271629333e-02 1.021232828497886658e-02 2.703122980892658234e-02 3.121979534626007080e-02 8.492975495755672455e-03 4.861059784889221191e-02 2.375512570142745972e-02
3.924481943249702454e-02 2.817333303391933441e-02 7.701183855533599854e-02 7.686729542911052704e-03 3.306867182254791260e-02 5.839364137500524521e-03 9.298874996602535248e-03 4.777054786682128906e-01 3.321880474686622620e-02 2.833334542810916901e-02 4.243110865354537964e-02 3.034999780356884003e-02 2.072511613368988037e-02 4.801136255264282227e-02 9.085572510957717896e-02 1.010331697762012482e-02 6.085332948714494705e-03 2.701005525887012482e-02 2.599198836833238602e-03 1.243831031024456024e-02 2.208701521158218384e-02 9.449454024434089661e-03 4.518008977174758911e-02 1.686764508485794067e-02 6.427096202969551086e-03 3.073450364172458649e-02 1.907618530094623566e-02 2.152722328901290894e-02 2.231404883787035942e-03 8.487049490213394165e-03 1.660565659403800964e-02 5.979673936963081360e-03 4.566659685224294662e-03 3.949601203203201294e-03 4.854445345699787140e-03 2.649726718664169312e-02 2.053947746753692627e-02 2.331752516329288483e-02 3.744061663746833801e-02 3.242068365216255188e-02 7.613853667862713337e-04 2.691124565899372101e-03 2.076541259884834290e-02 1.005256199277937412e-03 1.251231785863637924e-02 4.963104054331779480e-02 2.577747451141476631e-03 1.382845919579267502e-02 1.182748237624764442e-03 1.840578392148017883e-02 1.258051837794482708e-03 6.290870369412004948e-04 3.056418523192405701e-02 3.075825609266757965e-02 2.688327617943286896e-02 1.297130063176155090e-02 6.519435904920101166e-03 1.817316748201847076e-02 4.861921444535255432e-02 3.625024855136871338e-02 1.436698064208030701e-02 7.498573977500200272e-04 1.286364742554724216e-03 7.848591543734073639e-03 2.114699222147464752e-02 8.991052396595478058e-03 2.050118753686547279e-03 5.160732194781303406e-03 1.558167580515146255e-02 4.046455398201942444e-02 1.390255987644195557e-02 3.279966115951538086e-02 4.246454313397407532e-02 1.484048669226467609e-03 4.159400612115859985e-02 1.046651508659124374e-02 1.888147369027137756e-02 2.950697392225265503e-02 1.450058817863464355e-02 2.586203627288341522e-02 9.814000874757766724e-02 7.701336592435836792e-02 4.226777702569961548e-02 1.710954494774341583e-02 1.144377980381250381e-02 8.218369446694850922e-03 8.885078132152557373e-02 6.053733453154563904e-02 3.737632185220718384e-02 3.370705619454383850e-02 3.515558317303657532e-02 2.313653565943241119e-02 3.371470840647816658e-03 4.058110993355512619e-03 3.314100578427314758e-02 4.071989655494689941e-02 1.285925600677728653e-02 4.838380217552185059e-02 1.487054303288459778e-02 8.987659588456153870e-03 2.877098508179187775e-02 9.583510458469390869e-03 3.008824028074741364e-02 3.819816559553146362e-02 4.540767893195152283e-02 4.413547366857528687e-02 1.291838241741061211e-03 7.835465483367443085e-03 4.499820992350578308e-03 5.662918556481599808e-03 2.841535210609436035e-02 7.285104598850011826e-03 1.448212191462516785e-02 1.084312796592712402e-02 5.795658752322196960e-02 2.194667793810367584e-02
3.202935680747032166e-02 2.023928239941596985e-02 1.815600437112152576e-03 3.363358974456787109e-02 4.433796927332878113e-02 2.553307078778743744e-02 2.978561259806156158e-02 3.321880474686622620e-02 4.753541648387908936e-01 1.347205936908721924e-01 3.771160915493965149e-02 3.766779601573944092e-02 1.697830855846405029e-03 6.134397163987159729e-02 9.011288173496723175e-03 1.037306152284145355e-02 6.188789848238229752e-03 8.799055963754653931e-02 1.060162670910358429e-02 3.268487006425857544e-02 3.134122490882873535e-02 2.550897002220153809e-02 6.102559342980384827e-02 3.652965277433395386e-02 3.394412249326705933e-02 7.017794065177440643e-03 2.145364694297313690e-02 4.215391352772712708e-03 1.519695972092449665e-03 2.250424213707447052e-02 3.655467927455902100e-02 4.137040674686431885e-02 5.124559253454208374e-02 3.791312873363494873e-02 5.032708495855331421e-02 3.130993247032165527e-02 3.283893316984176636e-02 3.381831198930740356e-02 3.715211153030395508e-02 1.611569151282310486e-02 4.026598855853080750e-02 1.947608590126037598e-02 3.827548027038574219e-02 2.175080403685569763e-02 9.239505231380462646e-02 1.531425118446350098e-02 1.697799749672412872e-02 2.059119194746017456e-02 1.620297878980636597e-02 3.672975301742553711e-02 4.876256862189620733e-04 1.097931899130344391e-02 4.000461846590042114e-02 2.194986678659915924e-02 9.594389796257019043e-02 4.594617709517478943e-02 9.110924787819385529e-03 1.451807748526334763e-02 4.009332880377769470e-02 5.534614901989698410e-03 2.938334597274661064e-03 4.353219270706176758e-02 2.893379889428615570e-03 1.084254356101155281e-03 1.043369341641664505e-02 2.535996586084365845e-02 2.669079601764678955e-02 1.263270713388919830e-02 7.230060547590255737e-02 3.067369945347309113e-02 8.226310601457953453e-04 2.591884694993495941e-02 5.772126093506813049e-02 4.641992971301078796e-02 4.237864539027214050e-02 1.813001371920108795e-02 1.679721623659133911e-01 7.999927550554275513e-02 1.405343264341354370e-01 1.042445376515388489e-01 4.177233949303627014e-02 5.495654419064521790e-03 5.088766556582413614e-05 2.687899395823478699e-02 2.485081367194652557e-02 6.345275323837995529e-03 1.441348996013402939e-02 6.067530252039432526e-03 4.382055997848510742e-02 2.506350912153720856e-02 1.245547737926244736e-02 5.999086890369653702e-03 1.235076319426298141e-02 3.987902030348777771e-02 3.488839045166969299e-02 3.810308128595352173e-02 1.458199042826890945e-02 3.861773014068603516e-02 2.385725267231464386e-02 2.884175395593047142e-03 4.346004873514175415e-02 4.225463140755891800e-03 2.233998849987983704e-02 3.295393660664558411e-02 4.309340193867683411e-02 2.827772125601768494e-02 2.297786064445972443e-02 3.964281082153320312e-02 1.032414752990007401e-02 1.520942151546478271e-02 1.526814699172973633e-02 3.711609169840812683e-02 4.283169656991958618e-02 1.547018531709909439e-02 1.408629957586526871e-02 1.004999876022338867e-02
6.025779526680707932e-03 6.108010653406381607e-03 4.940155893564224243e-03 3.109641000628471375e-02 2.002118714153766632e-02 1.111569814383983612e-03 1.756747486069798470e-03 2.833334542810916901e-02 1.347205936908721924e-01 4.816789031028747559e-01 9.198402985930442810e-03 8.880553650669753551e-04 3.430559858679771423e-02 4.705454409122467041e-02 1.168751996010541916e-02 3.682095557451248169e-02 3.445617109537124634e-02 5.873724445700645447e-02 4.580140858888626099e-02 4.872844368219375610e-02 3.642371669411659241e-02 4.038560017943382263e-02 1.139000132679939270e-01 1.263341903686523438e-01 3.486113622784614563e-03 4.798402264714241028e-02 7.924448698759078979e-03 5.794708803296089172e-02 1.806070655584335327e-02 6.135612353682518005e-02 3.970962017774581909e-02 4.328727722167968750e-02 1.188023481518030167e-02 5.561889614909887314e-03 3.704228252172470093e-02 3.652178496122360229e-02 3.292563557624816895e-02 2.615647949278354645e-02 3.775448724627494812e-02 2.711768820881843567e-02 3.793101385235786438e-02 1.760694757103919983e-02 6.226156372576951981e-03 1.698330789804458618e-02 2.456692606210708618e-02 1.641623862087726593e-02 4.232056811451911926e-02 1.925214193761348724e-02 5.864973366260528564e-02 8.358979970216751099e-02 2.630111202597618103e-02 5.085428059101104736e-02 3.830281645059585571e-02 3.300085663795471191e-02 6.564958021044731140e-03 9.036595374345779419e-02 7.262589060701429844e-04 1.299314480274915695e-02 2.321215718984603882e-02 3.997316583991050720e-02 5.761677771806716919e-02 4.985561221837997437e-02 4.092743247747421265e-02 4.341737180948257446e-02 7.697609253227710724e-03 1.560061890631914139e-02 1.579745858907699585e-02 1.399094518274068832e-02 5.783454701304435730e-02 6.247225683182477951e-03 4.698233678936958313e-02 9.333877824246883392e-03 4.316333308815956116e-02 3.402208909392356873e-03 3.872011089697480202e-03 1.937702111899852753e-02 6.339979171752929688e-02 1.587785929441452026e-01 4.269556701183319092e-02 1.530725359916687012e-01 7.913971319794654846e-03 2.196632139384746552e-02 1.420218404382467270e-02 1.401873212307691574e-02 2.620867826044559479e-02 3.707843646407127380e-02 5.836933385580778122e-03 3.169427439570426941e-02 3.337433561682701111e-02 6.185409612953662872e-03 2.748070098459720612e-02 1.159492321312427521e-02 4.841912537813186646e-02 2.994870953261852264e-02 1.619100756943225861e-02 3.491302579641342163e-02 2.651074156165122986e-02 4.093528538942337036e-02 1.484471838921308517e-02 3.790294378995895386e-02 4.021231830120086670e-02 3.200288116931915283e-02 1.983283087611198425e-02 2.319371700286865234e-02 4.217207431793212891e-02 2.862027287483215332e-02 3.638041391968727112e-02 2.678022487089037895e-03 2.003352157771587372e-02 2.988514117896556854e-02 2.791325189173221588e-02 3.580749034881591797e-02 1.409052219241857529e-02 1.206770632416009903e-02 2.550465613603591919e-02 1.725650019943714142e-02
1.492842584848403931e-01 1.347675919532775879e-01 4.195240139961242676e-02 9.753919439390301704e-04 7.769876392558217049e-04 1.194523870944976807e-01 1.304364502429962158e-01 4.243110865354537964e-02 3.771160915493965149e-02 9.198402985930442810e-03 4.985317289829254150e-01 4.823583364486694336e-02 1.375166475772857666e-01 1.889313943684101105e-02 2.104416675865650177e-02 4.778553266078233719e-03 4.121693316847085953e-03 4.074746370315551758e-02 1.787035027518868446e-03 4.733036831021308899e-02 3.119757585227489471e-02 4.583505913615226746e-02 3.319395333528518677e-02 4.102904722094535828e-02 2.835627086460590363e-02 1.103695854544639587e-02 3.112226538360118866e-02 3.559925407171249390e-02 4.865003377199172974e-02 1.014235429465770721e-02 3.078995086252689362e-02 2.061770111322402954e-02 2.051517181098461151e-02 2.708764001727104187e-02 4.060082882642745972e-02 2.695753611624240875e-02 3.923068195581436157e-02 6.715463940054178238e-03 4.293455556035041809e-02 1.019265688955783844e-02 3.244983730837702751e-03 3.938852250576019287e-02 9.869441390037536621e-03 2.838385105133056641e-02 1.967366412281990051e-02 5.647724028676748276e-03 8.746939152479171753e-02 8.236842602491378784e-02 5.330935120582580566e-02 1.260060537606477737e-02 4.374979808926582336e-02 2.843583561480045319e-02 1.068306155502796173e-03 1.747253700159490108e-03 7.281727157533168793e-03 8.953336626291275024e-03 3.017178922891616821e-02 3.446170687675476074e-02 2.679071575403213501e-02 2.809127792716026306e-02 3.898473456501960754e-02 2.329788543283939362e-02 2.701205573976039886e-02 1.873254589736461639e-02 8.585166186094284058e-02 6.225443258881568909e-02 3.226661682128906250e-02 2.848136425018310547e-02 3.267517685890197754e-02 1.815009489655494690e-02 3.086152113974094391e-02 1.708708144724369049e-02 1.268415432423353195e-02 9.859413839876651764e-03 1.757070608437061310e-02 2.951823407784104347e-03 7.472009863704442978e-03 3.863478824496269226e-02 2.153351344168186188e-02 2.258844487369060516e-02 3.629737719893455505e-02 3.871193900704383850e-02 4.478236660361289978e-02 2.806645259261131287e-02 3.769585862755775452e-02 4.442568868398666382e-02 1.051257204380817711e-04 1.254549343138933182e-02 7.905035279691219330e-03 3.199843317270278931e-02 3.375322744250297546e-02 1.248823665082454681e-02 6.408519297838211060e-02 2.009312249720096588e-02 2.707773633301258087e-02 3.456284850835800171e-02 3.718137368559837341e-02 1.943657547235488892e-02 3.032638505101203918e-02 2.513027936220169067e-02 3.515669330954551697e-02 3.833356127142906189e-02 8.798394352197647095e-03 3.089141659438610077e-02 3.747886046767234802e-02 4.356181714683771133e-03 2.364943362772464752e-02 5.733073689043521881e-03 1.356572378426790237e-02 1.095720287412405014e-02 2.241974696516990662e-02 2.239332906901836395e-02 1.893020235002040863e-02 4.974112659692764282e-02 3.578590229153633118e-02 4.560795798897743225e-02
1.155972573906183243e-02 1.207740698009729385e-02 3.352691605687141418e-02 4.089116677641868591e-02 1.871290430426597595e-02 1.687794923782348633e-02 2.309584058821201324e-02 3.034999780356884003e-02 3.766779601573944092e-02 8.880553650669753551e-04 4.823583364486694336e-02 4.773087799549102783e-01 3.842598572373390198e-02 1.966055482625961304e-01 4.434221982955932617e-02 3.184353187680244446e-02 2.994063124060630798e-02 1.873961836099624634e-02 2.455735206604003906e-02 9.294684976339340210e-03 2.700628712773323059e-02 2.169444598257541656e-02 3.701935708522796631e-02 2.034686133265495300e-02 3.816043213009834290e-02 4.549676179885864258e-02 2.001528069376945496e-02 1.370800882577896118e-01 4.817897081375122070e-02 1.304730325937271118e-01 1.277868170291185379e-02 3.292245417833328247e-02 3.509574383497238159e-02 1.828072406351566315e-02 6.596880964934825897e-03 3.457973897457122803e-02 5.560302361845970154e-02 3.107999265193939209e-02 7.458450272679328918e-03 1.255149487406015396e-02 2.614252502098679543e-03 1.602100953459739685e-02 2.539793029427528381e-02 3.739790292456746101e-03 1.077848300337791443e-02 8.628089725971221924e-02 1.594412140548229218e-02 3.065461851656436920e-02 1.935636065900325775e-02 1.338705886155366898e-03 1.492818910628557205e-02 1.045812014490365982e-02 4.313909262418746948e-02 3.344789147377014160e-02 4.913291707634925842e-02 2.089133113622665405e-02 4.961736872792243958e-02 3.619275987148284912e-02 3.392047248780727386e-03 2.931050723418593407e-03 2.254981175065040588e-02 1.772474311292171478e-02 3.487700968980789185e-02 8.196844719350337982e-03 2.841766737401485443e-02 1.884934864938259125e-02 3.753921389579772949e-02 2.046758309006690979e-02 6.672584265470504761e-02 3.975461795926094055e-02 3.330204263329505920e-02 2.709143050014972687e-02 1.728102564811706543e-02 2.628731355071067810e-02 3.669851273298263550e-02 4.401538893580436707e-02 2.708198688924312592e-02 7.562424242496490479e-02 3.806151077151298523e-02 3.679757937788963318e-02 2.324852719902992249e-02 3.295452520251274109e-02 1.515382155776023865e-02 3.640073165297508240e-02 4.001679271459579468e-02 3.474671021103858948e-02 3.063212148845195770e-03 2.852007187902927399e-02 7.632464915513992310e-02 1.243877783417701721e-01 1.551274117082357407e-02 8.983755484223365784e-03 8.141838014125823975e-03 7.784118410199880600e-03 1.777067407965660095e-02 3.392365761101245880e-04 1.968831568956375122e-02 4.306673631072044373e-02 5.727950483560562134e-02 2.240285277366638184e-02 1.123031042516231537e-02 1.028250530362129211e-02 3.990845382213592529e-02 3.328451141715049744e-02 9.314223192632198334e-03 3.296267986297607422e-02 6.287456490099430084e-03 4.041805118322372437e-02 2.856642380356788635e-02 5.208619404584169388e-03 4.175126180052757263e-02 2.438740059733390808e-02 4.647299274802207947e-02 4.706934839487075806e-02 2.124076150357723236e-02 6.733326241374015808e-03
1.218439415097236633e-01 1.263967454433441162e-01 6.654522847384214401e-03 2.957248128950595856e-02 3.828474134206771851e-02 9.806020557880401611e-02 1.254043430089950562e-01 2.072511613368988037e-02 1.697830855846405029e-03 3.430559858679771423e-02 1.375166475772857666e-01 3.842598572373390198e-02 4.940855503082275391e-01 1.843569427728652954e-02 4.792102426290512085e-02 1.488523185253143311e-02 1.187521219253540039e-02 1.362985465675592422e-02 2.193690650165081024e-02 2.317164838314056396e-02 4.596887156367301941e-02 6.868546456098556519e-02 2.377074956893920898e-02 3.934959694743156433e-02 5.402410775423049927e-02 1.466391887515783310e-02 3.114192001521587372e-02 1.014343652059324086e-04 4.901664331555366516e-02 3.087874129414558411e-02 3.681861236691474915e-02 1.746803289279341698e-03 8.431445166934281588e-06 8.139837300404906273e-04 2.706915698945522308e-02 3.082476742565631866e-02 2.960367873311042786e-02 4.435264319181442261e-02 2.340892702341079712e-02 3.046903293579816818e-03 4.885563254356384277e-02 3.404041752219200134e-02 1.974106580018997192e-02 4.664012789726257324e-02 2.115461230278015137e-02 3.178466111421585083e-02 5.371769517660140991e-02 7.064890861511230469e-02 4.196541756391525269e-02 5.444447975605726242e-03 6.442089099436998367e-03 1.417415030300617218e-02 3.082528477534651756e-03 6.190599408000707626e-03 1.968220062553882599e-02 2.059324877336621284e-03 3.960647061467170715e-02 4.795812815427780151e-02 2.342816442251205444e-02 4.934550076723098755e-02 5.239007994532585144e-02 3.122619912028312683e-02 3.772826120257377625e-02 1.779842190444469452e-02 9.217962622642517090e-02 8.109251409769058228e-02 4.506691172719001770e-02 4.028505086898803711e-02 2.570136822760105133e-02 3.434231504797935486e-02 3.487160429358482361e-02 3.853362053632736206e-03 8.650663308799266815e-03 3.592356806620955467e-03 2.762308157980442047e-02 8.503068238496780396e-03 3.047942370176315308e-02 1.951795630156993866e-02 4.353849217295646667e-02 1.337145082652568817e-02 2.531566098332405090e-02 9.009066037833690643e-03 1.212279312312602997e-02 3.620476648211479187e-02 5.816991254687309265e-02 3.251981362700462341e-02 1.306908391416072845e-02 4.541362449526786804e-02 3.525676578283309937e-02 3.391041234135627747e-02 2.274384349584579468e-02 2.391070500016212463e-02 4.821967333555221558e-02 2.052521333098411560e-02 3.123217076063156128e-02 2.571051008999347687e-02 2.312751859426498413e-02 6.073186639696359634e-03 3.446752205491065979e-02 4.174375534057617188e-02 2.719847112894058228e-02 2.501480281352996826e-02 2.507175318896770477e-02 2.495175972580909729e-02 2.073058485984802246e-02 1.613207132322713733e-05 2.506904304027557373e-02 6.315745413303375244e-03 1.209442596882581711e-02 4.372464492917060852e-03 1.541970111429691315e-02 2.357881516218185425e-03 3.759835287928581238e-02 3.683079034090042114e-02 3.794135898351669312e-02 4.581668227910995483e-02
