5.017489790916442871e-01 9.907247126102447510e-02 6.046400405466556549e-03 4.904023837298154831e-03 6.597012281417846680e-03 1.240976080298423767e-01 8.686686307191848755e-02 4.876993596553802490e-03 2.113552577793598175e-02 6.920091342180967331e-03 1.197488158941268921e-01 8.943800814449787140e-03 7.883764058351516724e-02 3.146385028958320618e-02 1.970358751714229584e-02 3.947803378105163574e-02 3.857142850756645203e-02 3.230696311220526695e-03 2.625129371881484985e-02 6.603391841053962708e-03 1.161645445972681046e-02 3.043664433062076569e-02 1.185788540169596672e-03 3.929607570171356201e-02 4.382675886154174805e-02 2.005249075591564178e-02 5.063522141426801682e-03 8.565044961869716644e-03 2.655421942472457886e-02 9.868710301816463470e-03 2.802808955311775208e-02 3.056144155561923981e-02 1.011710707098245621e-02 2.976913563907146454e-02 1.487623993307352066e-02 5.992152262479066849e-03 6.644506473094224930e-03 3.357655555009841919e-02 1.861680485308170319e-02 4.752865526825189590e-03 1.726544462144374847e-02 7.380886003375053406e-03 2.456166222691535950e-02 2.879661321640014648e-02 4.482946917414665222e-02 3.018982522189617157e-02 4.107382521033287048e-02 3.626165911555290222e-02 3.476676717400550842e-02 4.917950555682182312e-02 1.506237313151359558e-02 1.934956200420856476e-02 2.015118673443794250e-02 1.289452775381505489e-03 8.566541597247123718e-03 2.295199595391750336e-02 3.103480115532875061e-02 1.077168993651866913e-02 2.496529370546340942e-02 6.499289884231984615e-04 1.342108566313982010e-02 9.215564467012882233e-03 2.524851076304912567e-02 7.486905902624130249e-03 8.449576795101165771e-03 1.091389349312521517e-04 3.286734595894813538e-02 3.131154924631118774e-02 4.368290677666664124e-02 1.062005199491977692e-02 4.013741761445999146e-02 1.529407780617475510e-02 1.163146924227476120e-02 1.504623331129550934e-02 2.193860895931720734e-02 1.620029099285602570e-02 3.157039731740951538e-02 2.060743980109691620e-02 4.114573448896408081e-02 3.448750078678131104e-02 1.515493821352720261e-02 1.832452230155467987e-02 4.487619176506996155e-02 1.911362633109092712e-02 2.473245002329349518e-02 3.519538417458534241e-02 4.956142231822013855e-02 3.053971379995346069e-02 3.163768723607063293e-02 1.579200103878974915e-02 9.774436242878437042e-03 1.905636861920356750e-02 3.248859895393252373e-03 1.170588843524456024e-02 2.703619003295898438e-02 1.075924187898635864e-02 1.852779090404510498e-02 2.409414853900671005e-03 9.364840574562549591e-03 2.076134085655212402e-03 4.506629705429077148e-02 2.650652825832366943e-02 2.813960053026676178e-02 3.080338425934314728e-02 4.411306604743003845e-02 3.032581415027379990e-03 3.781408816576004028e-02 2.455071732401847839e-02 2.196676284074783325e-02 1.169927045702934265e-02 6.737441755831241608e-03 2.162125892937183380e-02 3.061972744762897491e-02 7.660222705453634262e-03 4.302151966840028763e-03 1.703162118792533875e-02
9.907247126102447510e-02 5.109984278678894043e-01 2.132316492497920990e-02 1.784882188076153398e-04 6.355666089802980423e-03 7.088077068328857422e-02 7.389497756958007812e-02 5.380970891565084457e-03 4.264019429683685303e-02 3.663125261664390564e-02 6.528013944625854492e-02 1.759899780154228210e-02 8.616584539413452148e-02 2.923640608787536621e-02 4.474391788244247437e-02 4.887545108795166016e-02 2.274268865585327148e-02 3.708498785272240639e-03 2.020518109202384949e-02 5.934969522058963776e-03 8.153641596436500549e-03 5.315010622143745422e-02 3.602262958884239197e-02 2.264723740518093109e-02 3.865952417254447937e-02 2.281674928963184357e-02 1.824576593935489655e-02 3.524759039282798767e-02 5.125578492879867554e-03 2.710520848631858826e-02 6.079715210944414139e-03 5.096702370792627335e-03 8.812627755105495453e-03 6.665278226137161255e-03 1.585610909387469292e-03 1.621585688553750515e-03 2.475109882652759552e-02 2.980611985549330711e-03 3.450883552432060242e-02 8.911933749914169312e-03 4.636634886264801025e-02 4.496864601969718933e-02 1.825368963181972504e-02 2.118552662432193756e-02 9.856435470283031464e-03 4.648116603493690491e-02 1.922903023660182953e-02 3.321598470211029053e-02 1.353928819298744202e-02 2.221913449466228485e-02 1.074708439409732819e-02 4.891728982329368591e-03 3.413861617445945740e-02 2.190523408353328705e-02 7.717757951468229294e-03 5.997403524816036224e-03 3.959081321954727173e-02 2.075411938130855560e-02 3.348604217171669006e-02 2.261726185679435730e-03 2.835839428007602692e-02 2.530711470171809196e-03 1.685193367302417755e-02 1.914230920374393463e-02 1.538096461445093155e-02 7.196979131549596786e-03 5.715149454772472382e-03 8.978152618510648608e-05 4.397460818290710449e-02 6.505274213850498199e-03 4.308622702956199646e-02 3.023905912414193153e-03 2.233634144067764282e-02 1.596664660610258579e-03 4.344351589679718018e-03 3.379218280315399170e-03 4.318147152662277222e-02 3.322229906916618347e-02 4.764549899846315384e-03 3.294095396995544434e-02 3.854538127779960632e-02 3.691929206252098083e-02 1.748157478868961334e-02 2.054000645875930786e-02 2.261148579418659210e-02 4.852266609668731689e-02 1.830322481691837311e-02 3.822300955653190613e-02 2.924854122102260590e-02 3.738481178879737854e-02 2.200696058571338654e-02 1.941197365522384644e-02 1.625465974211692810e-02 1.190353278070688248e-02 4.015836119651794434e-02 8.984077721834182739e-03 1.583383977413177490e-02 9.074908681213855743e-03 4.290330037474632263e-02 3.332016989588737488e-02 1.622551493346691132e-02 2.396189607679843903e-03 7.676028180867433548e-03 2.534793503582477570e-02 5.925273522734642029e-02 3.700652858242392540e-03 2.023264020681381226e-02 4.388800263404846191e-02 8.487546001560986042e-04 2.327664755284786224e-02 3.402834758162498474e-02 3.918270766735076904e-02 4.123558849096298218e-02 2.361905388534069061e-02 2.960389945656061172e-03 3.763393615372478962e-04
6.046400405466556549e-03 2.132316492497920990e-02 4.913565516471862793e-01 2.448890917003154755e-02 2.942588739097118378e-02 1.539667882025241852e-02 5.420030793175101280e-04 1.504302322864532471e-01 1.684628799557685852e-02 3.112780302762985229e-02 3.029091469943523407e-02 5.016404762864112854e-02 2.460700273513793945e-02 7.771056890487670898e-02 3.448673337697982788e-02 2.625690773129463196e-02 2.693269215524196625e-02 2.761105448007583618e-02 2.119274996221065521e-02 2.947771735489368439e-02 2.577485516667366028e-02 2.815913781523704529e-02 9.912349283695220947e-03 1.693688705563545227e-02 2.474792860448360443e-02 1.286389864981174469e-02 2.554902248084545135e-02 8.308055996894836426e-02 1.495699491351842880e-02 3.250384330749511719e-02 2.700607851147651672e-02 3.072724677622318268e-02 1.428092084825038910e-02 3.336946293711662292e-02 3.258279711008071899e-02 7.779393810778856277e-03 3.845026344060897827e-02 3.086438216269016266e-02 2.767263539135456085e-02 1.510287635028362274e-02 9.246069006621837616e-03 1.576981507241725922e-02 1.056585088372230530e-02 1.263641007244586945e-02 2.695658989250659943e-02 6.361065059900283813e-02 3.925748635083436966e-03 1.100200694054365158e-02 7.624564692378044128e-03 1.965556293725967407e-02 2.670845016837120056e-03 3.291252255439758301e-02 2.756884880363941193e-02 8.216669782996177673e-03 4.930805880576372147e-03 3.753344342112541199e-02 3.401181474328041077e-02 3.160148859024047852e-03 1.441991981118917465e-02 2.372058108448982239e-02 3.142536431550979614e-02 2.778153307735919952e-02 9.208197705447673798e-03 3.545765206217765808e-02 3.465947881340980530e-02 3.446683660149574280e-02 2.109502628445625305e-02 3.521111980080604553e-02 1.111274491995573044e-02 2.812218666076660156e-02 1.022183522582054138e-02 8.608653210103511810e-03 5.225877091288566589e-02 7.446996867656707764e-03 2.212001942098140717e-02 3.685625642538070679e-02 4.167285282164812088e-03 2.633536234498023987e-02 3.140025585889816284e-02 6.321357190608978271e-02 2.098927199840545654e-01 1.743353307247161865e-01 1.003340445458889008e-02 7.104238960891962051e-03 2.239032182842493057e-03 2.556385844945907593e-02 3.987581282854080200e-02 6.611189991235733032e-02 3.041122481226921082e-02 6.502110511064529419e-02 1.807998679578304291e-02 1.396079733967781067e-02 8.883455768227577209e-03 4.770100861787796021e-02 2.059338614344596863e-02 1.257781125605106354e-02 3.368123620748519897e-02 2.895062230527400970e-02 1.983986049890518188e-02 1.140803750604391098e-02 1.757555268704891205e-02 2.318412065505981445e-02 3.143186867237091064e-02 2.243912592530250549e-02 2.814805321395397186e-02 1.225764397531747818e-02 3.177198022603988647e-02 3.318417444825172424e-02 8.523529395461082458e-03 1.675202138721942902e-02 3.351178765296936035e-02 5.734183639287948608e-02 3.607410704717040062e-03 3.042379394173622131e-02 2.585389651358127594e-02 6.514092534780502319e-02
4.904023837298154831e-03 1.784882188076153398e-04 2.448890917003154755e-02 5.089845657348632812e-01 8.572906255722045898e-02 1.753652654588222504e-02 1.718764752149581909e-02 1.395346689969301224e-02 4.570779204368591309e-02 5.072551593184471130e-02 2.284844964742660522e-02 1.621021144092082977e-02 3.058219142258167267e-02 3.941787779331207275e-02 3.541564568877220154e-02 2.266123332083225250e-02 1.904780231416225433e-02 3.420130815356969833e-03 1.652211695909500122e-02 9.788272902369499207e-03 7.206753361970186234e-03 1.996473968029022217e-02 3.319011628627777100e-02 4.149445891380310059e-02 1.194830331951379776e-02 3.267264738678932190e-02 7.599596865475177765e-03 1.253426261246204376e-02 8.471243083477020264e-03 1.925069466233253479e-02 7.601864170283079147e-03 6.870133802294731140e-03 1.751783490180969238e-02 9.759747772477567196e-04 1.500353869050741196e-02 3.411971777677536011e-02 3.712267801165580750e-02 1.698209159076213837e-02 5.322271957993507385e-02 3.061936609447002411e-02 6.173952948302030563e-03 3.859435021877288818e-02 1.209110487252473831e-02 7.365291472524404526e-03 1.735190115869045258e-02 1.516870316118001938e-02 3.433323651552200317e-02 2.120448090136051178e-02 2.168875746428966522e-02 6.814937572926282883e-03 2.139743231236934662e-02 3.441724553704261780e-02 1.731625944375991821e-02 1.085509452968835831e-02 7.985152304172515869e-03 1.331823226064443588e-02 2.628447022289037704e-03 1.634958386421203613e-02 2.200900018215179443e-02 3.365723416209220886e-02 6.031951867043972015e-03 1.089573139324784279e-03 2.051221206784248352e-02 2.674989402294158936e-02 1.478577312082052231e-02 1.438929792493581772e-02 5.291482433676719666e-03 1.302172895520925522e-02 6.654166616499423981e-03 1.817540079355239868e-02 9.537926875054836273e-03 9.729894809424877167e-03 5.924190208315849304e-02 6.346406880766153336e-03 2.999084442853927612e-02 1.364182401448488235e-02 2.892677299678325653e-02 1.936442404985427856e-02 1.043329760432243347e-02 2.684519439935684204e-02 1.881122402846813202e-02 2.153804153203964233e-02 1.519455388188362122e-02 3.010687232017517090e-02 1.050806045532226562e-02 2.326715737581253052e-02 4.005814343690872192e-02 1.093824044801294804e-03 4.233034700155258179e-02 4.313566908240318298e-02 1.706522703170776367e-02 3.741874173283576965e-02 1.935544796288013458e-02 3.741079941391944885e-03 1.288426015526056290e-02 1.391641702502965927e-02 2.742526587098836899e-03 2.642937563359737396e-02 4.731146618723869324e-02 8.260653354227542877e-03 7.514513097703456879e-03 1.441774796694517136e-02 1.483247266151010990e-03 4.195486009120941162e-02 1.717244274914264679e-02 4.391710087656974792e-02 2.844852861016988754e-03 2.533962205052375793e-02 1.097940932959318161e-02 1.948086544871330261e-02 2.216098830103874207e-02 3.262812271714210510e-02 4.765705391764640808e-02 1.998494612053036690e-03 2.967032371088862419e-03 6.506302743218839169e-04
6.597012281417846680e-03 6.355666089802980423e-03 2.942588739097118378e-02 8.572906255722045898e-02 5.152627825736999512e-01 1.689413934946060181e-02 3.563636448234319687e-03 1.544711738824844360e-02 4.819534718990325928e-02 4.580562189221382141e-02 2.146489918231964111e-02 2.994083985686302185e-02 3.175935149192810059e-02 4.381053894758224487e-02 3.924926370382308960e-02 3.687587752938270569e-02 1.955861970782279968e-02 2.190939616411924362e-03 1.296012662351131439e-02 1.952780177816748619e-03 5.139762070029973984e-03 1.708444207906723022e-02 3.654880821704864502e-02 4.635676741600036621e-02 6.659832783043384552e-03 1.973556168377399445e-02 1.595255918800830841e-02 4.245807882398366928e-03 3.506261622533202171e-03 2.102227881550788879e-02 5.044935736805200577e-03 8.511820808053016663e-03 1.349671557545661926e-02 2.362313680350780487e-03 1.272264122962951660e-02 3.894490748643875122e-02 2.706919610500335693e-02 2.755346149206161499e-02 3.737841546535491943e-02 2.946061268448829651e-02 3.830839414149522781e-04 3.832278773188591003e-02 1.189156807959079742e-02 2.574862679466605186e-03 4.420808050781488419e-03 4.064841195940971375e-02 2.218041010200977325e-02 5.919926334172487259e-03 1.665531471371650696e-02 8.711389265954494476e-03 7.138592656701803207e-03 7.300090976059436798e-03 4.200711380690336227e-03 3.088057273998856544e-03 9.567968547344207764e-03 6.211281288415193558e-03 2.232313156127929688e-03 6.196533795446157455e-03 1.130597013980150223e-02 1.796958222985267639e-02 5.864581093192100525e-03 8.476052898913621902e-04 1.468123216181993484e-02 3.587172552943229675e-02 1.562355738133192062e-02 1.201134920120239258e-02 1.287319604307413101e-02 1.479745376855134964e-03 1.820513419806957245e-02 7.016949821263551712e-03 3.441408276557922363e-02 2.251539751887321472e-02 2.961321920156478882e-02 1.701782271265983582e-02 2.903158031404018402e-02 2.069969661533832550e-02 4.190962389111518860e-02 2.997773140668869019e-02 1.668958179652690887e-02 1.838057301938533783e-02 1.246764790266752243e-03 3.915413841605186462e-02 1.017063576728105545e-02 3.717827051877975464e-02 3.893648087978363037e-02 2.296641469001770020e-02 2.381546981632709503e-02 8.984074927866458893e-03 3.445487841963768005e-02 3.062992170453071594e-02 5.924583878368139267e-03 1.907862164080142975e-02 6.660703220404684544e-04 1.646992377936840057e-02 8.899617008864879608e-03 6.096058059483766556e-03 6.492545362561941147e-03 1.621535979211330414e-02 4.293208196759223938e-02 1.205611415207386017e-02 1.894975895993411541e-03 1.193671673536300659e-02 5.599311087280511856e-03 2.604406699538230896e-02 1.075898203998804092e-02 4.430131986737251282e-02 6.129564717411994934e-03 2.324557304382324219e-02 1.044917944818735123e-02 1.815262623131275177e-02 5.651209503412246704e-03 3.983946144580841064e-02 4.136049374938011169e-02 8.186152204871177673e-03 3.361343219876289368e-02 2.177256718277931213e-02
1.240976080298423767e-01 7.088077068328857422e-02 1.539667882025241852e-02 1.753652654588222504e-02 1.689413934946060181e-02 5.094569325447082520e-01 1.515596657991409302e-01 4.876437131315469742e-03 3.942395001649856567e-02 4.315204173326492310e-02 1.126414835453033447e-01 5.494120344519615173e-02 9.371025860309600830e-02 3.727449849247932434e-02 6.220029667019844055e-03 3.211262449622154236e-02 3.625341504812240601e-02 3.254251554608345032e-02 2.518121898174285889e-02 3.780770301818847656e-02 2.037704549729824066e-02 2.150084264576435089e-02 3.322653844952583313e-02 2.983358316123485565e-02 2.042664587497711182e-02 1.293309591710567474e-02 3.108618780970573425e-02 1.086330041289329529e-02 6.170650478452444077e-03 1.572983153164386749e-02 2.314135665073990822e-03 3.088071011006832123e-02 1.939542964100837708e-02 2.761765569448471069e-02 8.495882153511047363e-03 5.292234942317008972e-02 3.819082304835319519e-02 2.483066916465759277e-02 8.981577120721340179e-03 7.264188025146722794e-03 2.561160922050476074e-02 1.570191793143749237e-02 2.771885879337787628e-02 4.392846953123807907e-03 3.180848807096481323e-02 1.359388418495655060e-02 1.081358715891838074e-01 7.561139017343521118e-02 4.089029505848884583e-02 4.038962721824645996e-02 1.393735967576503754e-02 5.380560178309679031e-03 4.178177565336227417e-03 1.539892400614917278e-03 2.888718061149120331e-02 3.493715450167655945e-02 3.803811967372894287e-02 3.416164079681038857e-03 1.441160868853330612e-02 4.241050686687231064e-03 2.736418135464191437e-02 9.189000353217124939e-03 4.438734054565429688e-02 8.780480362474918365e-03 9.319831151515245438e-04 2.696254290640354156e-02 3.260526061058044434e-02 3.113777749240398407e-02 3.077124431729316711e-02 3.132846206426620483e-02 2.849330566823482513e-02 4.948424920439720154e-02 2.865839935839176178e-02 4.050046950578689575e-02 1.114038471132516861e-02 3.651661425828933716e-02 2.770491316914558411e-02 6.359442602843046188e-03 3.393421322107315063e-02 2.396761812269687653e-02 7.923289202153682709e-03 5.601588636636734009e-03 4.608237370848655701e-02 2.695263735949993134e-02 2.003028988838195801e-02 4.296488314867019653e-02 2.079384028911590576e-02 3.327097371220588684e-02 8.896297775208950043e-03 2.672430686652660370e-02 4.421438276767730713e-02 7.293205242604017258e-03 4.015641659498214722e-02 1.950751990079879761e-02 4.888769611716270447e-02 1.179226674139499664e-02 3.419935330748558044e-02 2.657866664230823517e-02 1.163002941757440567e-02 1.701523433439433575e-03 5.633179843425750732e-02 2.327786758542060852e-02 4.036117345094680786e-02 3.983520343899726868e-02 4.892377927899360657e-02 4.050561040639877319e-02 3.468200564384460449e-02 4.261337965726852417e-02 1.198953948915004730e-02 2.967602387070655823e-02 3.069270460400730371e-04 1.061522960662841797e-02 1.988834701478481293e-02 1.281749829649925232e-02 3.442076221108436584e-02 1.518532866612076759e-03
8.686686307191848755e-02 7.389497756958007812e-02 5.420030793175101280e-04 1.718764752149581909e-02 3.563636448234319687e-03 1.515596657991409302e-01 5.164544582366943359e-01 1.948629133403301239e-02 3.356104344129562378e-02 2.405135519802570343e-02 9.085579961538314819e-02 3.047368302941322327e-02 8.852440863847732544e-02 3.390070050954818726e-02 3.518132492899894714e-02 4.566286876797676086e-02 2.235356159508228302e-02 7.845103740692138672e-03 3.865997120738029480e-02 3.025628067553043365e-02 3.573054447770118713e-03 8.546913042664527893e-03 3.669060021638870239e-02 5.276210140436887741e-03 6.512677646242082119e-04 1.365796290338039398e-02 2.263301983475685120e-02 3.776833787560462952e-02 4.389735404402017593e-03 7.923821918666362762e-03 7.766819559037685394e-03 2.290407381951808929e-02 2.028066292405128479e-02 1.248915772885084152e-02 4.143788944929838181e-03 4.952713474631309509e-02 2.408779226243495941e-02 4.058095067739486694e-02 2.690761722624301910e-02 1.697523519396781921e-03 1.869297772645950317e-02 8.220858871936798096e-03 3.633298352360725403e-02 2.662811614573001862e-02 1.869208551943302155e-02 3.873700648546218872e-02 1.014828681945800781e-01 1.005467921495437622e-01 3.887197002768516541e-02 5.191786587238311768e-02 4.181839525699615479e-02 3.953286260366439819e-02 3.396533429622650146e-02 1.643193885684013367e-02 3.179659694433212280e-02 4.446526989340782166e-02 3.348843008279800415e-02 3.151465207338333130e-02 2.367942035198211670e-02 2.993419067934155464e-03 1.529700867831707001e-02 1.808008924126625061e-02 5.004381388425827026e-02 2.397200465202331543e-02 4.276689141988754272e-03 4.961453005671501160e-02 2.468265406787395477e-02 1.622195355594158173e-02 1.775871030986309052e-02 1.202642265707254410e-02 4.403550643473863602e-03 4.172453656792640686e-02 2.325715683400630951e-02 9.547824971377849579e-03 8.272665552794933319e-03 2.443554624915122986e-02 2.952311560511589050e-02 4.197049513459205627e-02 2.959796972572803497e-02 1.701290346682071686e-02 1.317143999040126801e-02 8.139544515870511532e-04 2.907625585794448853e-02 4.160482808947563171e-02 2.826689928770065308e-02 3.261557593941688538e-02 1.524779107421636581e-02 6.424723193049430847e-03 2.385464496910572052e-02 4.235812649130821228e-02 5.628925189375877380e-02 7.171670440584421158e-03 5.451458320021629333e-02 3.167989104986190796e-02 5.463382229208946228e-02 2.569839358329772949e-02 4.848704859614372253e-02 2.589484676718711853e-02 3.166740760207176208e-02 3.717380017042160034e-02 3.878256306052207947e-02 1.394779607653617859e-02 4.449922963976860046e-02 4.129860922694206238e-02 4.743951186537742615e-02 1.596424728631973267e-02 4.995630681514739990e-02 5.198478698730468750e-02 1.037067547440528870e-02 1.106430217623710632e-02 3.577940165996551514e-02 3.835288435220718384e-02 2.775075379759073257e-03 2.306232787668704987e-02 3.479906916618347168e-02 2.569829486310482025e-02
4.876993596553802490e-03 5.380970891565084457e-03 1.504302322864532471e-01 1.395346689969301224e-02 1.544711738824844360e-02 4.876437131315469742e-03 1.948629133403301239e-02 4.959683418273925781e-01 4.133066162467002869e-02 1.472818385809659958e-02 7.439236156642436981e-03 1.155444886535406113e-02 9.050682187080383301e-03 1.817091368138790131e-02 1.141165494918823242e-01 1.832309924066066742e-02 1.039816066622734070e-02 3.502057492733001709e-02 1.126700453460216522e-02 4.367985948920249939e-02 3.984015434980392456e-03 4.078632220625877380e-02 2.714605256915092468e-02 3.124935179948806763e-02 7.841354236006736755e-03 2.386994473636150360e-02 8.058832027018070221e-03 1.395742222666740417e-02 4.029723629355430603e-02 7.278822362422943115e-02 2.449218183755874634e-02 4.519218113273382187e-03 1.259584538638591766e-02 5.494558135978877544e-04 2.006261376664042473e-03 4.301572684198617935e-03 3.206268697977066040e-02 3.234555944800376892e-02 1.215465553104877472e-02 1.416321028955280781e-03 9.921184740960597992e-03 9.489486925303936005e-03 2.416125498712062836e-02 3.333917632699012756e-02 1.114834286272525787e-02 8.081719279289245605e-03 3.111209720373153687e-02 4.785751923918724060e-02 4.091799259185791016e-02 7.974385283887386322e-03 8.221649564802646637e-03 1.508883200585842133e-03 2.882302552461624146e-02 2.885256893932819366e-02 4.549853131175041199e-02 9.409307502210140228e-03 4.144427180290222168e-02 1.577741280198097229e-02 4.769403953105211258e-03 2.791783073917031288e-03 2.568333968520164490e-02 2.028058655560016632e-02 2.960723126307129860e-03 1.830583624541759491e-02 3.766435384750366211e-02 2.033001929521560669e-02 1.542156003415584564e-02 5.284124985337257385e-03 4.463709145784378052e-02 4.699347540736198425e-03 1.362253073602914810e-02 4.447608441114425659e-02 3.837486356496810913e-02 1.057729125022888184e-02 2.538522146642208099e-02 9.069652296602725983e-03 2.265747636556625366e-02 2.279259823262691498e-02 2.209349535405635834e-02 3.439327701926231384e-02 1.584425419569015503e-01 1.435766071081161499e-01 2.326220273971557617e-02 1.119009312242269516e-02 2.873567305505275726e-02 1.605973020195960999e-02 7.912842929363250732e-02 5.726173892617225647e-02 2.399606816470623016e-02 2.731293439865112305e-02 2.350097149610519409e-02 4.400366917252540588e-02 5.021476000547409058e-02 2.166069671511650085e-02 3.408445790410041809e-02 3.692658618092536926e-02 3.396300226449966431e-02 4.100487753748893738e-02 1.403437089174985886e-02 4.605978727340698242e-02 1.842791400849819183e-02 1.488779322244226933e-03 2.094403374940156937e-03 3.437145054340362549e-02 1.469404343515634537e-02 2.468883246183395386e-02 4.250077530741691589e-02 4.033564776182174683e-02 2.701976336538791656e-02 3.343415446579456329e-03 4.158483818173408508e-02 1.863000448793172836e-03 4.587605595588684082e-02 4.013193026185035706e-02 3.650849685072898865e-02 1.129962736740708351e-03
2.113552577793598175e-02 4.264019429683685303e-02 1.684628799557685852e-02 4.570779204368591309e-02 4.819534718990325928e-02 3.942395001649856567e-02 3.356104344129562378e-02 4.133066162467002869e-02 5.177659988403320312e-01 8.479619026184082031e-02 4.238164424896240234e-02 1.127957832068204880e-02 2.904826961457729340e-02 4.465301334857940674e-02 2.205448457971215248e-03 5.342112109065055847e-02 3.923325240612030029e-02 4.889947175979614258e-02 1.580763980746269226e-02 1.003668177872896194e-02 1.022141892462968826e-02 4.143508523702621460e-02 3.421947732567787170e-02 3.485574573278427124e-02 1.679637469351291656e-02 1.467258855700492859e-02 2.350244112312793732e-02 2.912898361682891846e-02 2.772971428930759430e-02 8.568697422742843628e-02 1.314876321703195572e-02 2.604272961616516113e-02 3.932718932628631592e-02 8.669452741742134094e-03 4.135995358228683472e-02 1.249702833592891693e-02 3.760263789445161819e-03 1.593025168403983116e-03 4.067514836788177490e-02 5.136331543326377869e-02 2.828889898955821991e-02 3.332977369427680969e-02 6.621554959565401077e-03 2.338355593383312225e-02 2.626370638608932495e-03 4.233971238136291504e-02 6.448637694120407104e-03 2.422911673784255981e-02 6.683015078306198120e-02 1.102828420698642731e-02 4.216604307293891907e-02 3.114796802401542664e-02 1.178397517651319504e-02 1.799317263066768646e-02 5.160498246550559998e-02 1.309129293076694012e-03 1.945086568593978882e-02 3.607696294784545898e-02 3.387340158224105835e-02 7.310446351766586304e-03 5.592765752226114273e-03 1.237812452018260956e-02 4.722043871879577637e-02 4.569235071539878845e-02 3.460181131958961487e-02 3.493259847164154053e-02 8.376435376703739166e-03 3.625918412581086159e-03 7.398666441440582275e-02 4.562400281429290771e-02 3.319296240806579590e-02 6.144658196717500687e-03 5.328266695141792297e-02 2.531522884964942932e-03 1.348333340138196945e-02 2.633082307875156403e-02 1.393227726221084595e-01 3.465833887457847595e-02 6.283260881900787354e-02 3.166159242391586304e-02 6.194351240992546082e-03 2.642700448632240295e-02 2.007626928389072418e-02 5.855640396475791931e-03 4.549090564250946045e-02 9.013122878968715668e-03 3.506383800413459539e-04 2.281735278666019440e-02 4.765595495700836182e-02 1.110183913260698318e-02 8.292143233120441437e-03 5.175309255719184875e-02 2.826763875782489777e-02 4.602966085076332092e-02 1.837446540594100952e-02 1.201060041785240173e-02 1.311425119638442993e-03 3.057144582271575928e-03 1.014631241559982300e-01 5.996901914477348328e-02 1.106501743197441101e-02 3.954947751481086016e-04 3.244891390204429626e-02 2.732757013291120529e-03 5.219973251223564148e-02 1.062784693203866482e-03 2.328484691679477692e-02 4.600414633750915527e-02 3.710765764117240906e-02 1.928266510367393494e-02 1.795973069965839386e-02 1.674979925155639648e-02 2.234777621924877167e-02 5.316685140132904053e-02 4.194980114698410034e-02 3.399018198251724243e-02
6.920091342180967331e-03 3.663125261664390564e-02 3.112780302762985229e-02 5.072551593184471130e-02 4.580562189221382141e-02 4.315204173326492310e-02 2.405135519802570343e-02 1.472818385809659958e-02 8.479619026184082031e-02 5.148436427116394043e-01 3.711785748600959778e-02 1.170971244573593140e-02 2.084418386220932007e-02 8.157568518072366714e-04 1.718648523092269897e-02 3.486507013440132141e-02 5.443605408072471619e-02 1.734806038439273834e-02 8.921174332499504089e-03 2.478162525221705437e-03 7.175136357545852661e-03 2.420867606997489929e-02 4.275891557335853577e-02 5.527876690030097961e-02 3.169249743223190308e-02 4.224005970172584057e-04 4.609429091215133667e-02 3.948597982525825500e-02 1.185876969248056412e-02 1.132881455123424530e-02 2.599005587399005890e-02 1.788450218737125397e-02 3.836786746978759766e-02 2.501973882317543030e-02 3.242448717355728149e-02 3.222354501485824585e-02 2.198718488216400146e-02 9.698368608951568604e-03 4.438826069235801697e-02 4.418042674660682678e-02 2.857071347534656525e-02 5.843468382954597473e-02 5.869179219007492065e-02 3.947756811976432800e-02 2.250525355339050293e-02 1.252554170787334442e-02 6.450526881963014603e-03 8.459043689072132111e-03 3.451268747448921204e-02 4.534938186407089233e-02 3.302735090255737305e-02 1.980411261320114136e-02 1.498684845864772797e-02 1.219281693920493126e-03 9.091867133975028992e-03 3.200870752334594727e-02 4.825173690915107727e-02 3.960382193326950073e-02 2.126553840935230255e-02 2.784318523481488228e-03 3.508273512125015259e-02 5.222235806286334991e-03 3.668932616710662842e-02 3.994669020175933838e-02 1.515489909797906876e-02 4.523092880845069885e-02 3.333211317658424377e-02 1.811461709439754486e-02 4.933281987905502319e-02 2.057609893381595612e-02 9.742625057697296143e-02 4.822255671024322510e-02 3.717964142560958862e-02 4.628325626254081726e-02 2.498149313032627106e-02 3.842527419328689575e-02 5.517123267054557800e-02 1.323443651199340820e-01 1.874938234686851501e-02 3.519758209586143494e-02 3.637527674436569214e-02 2.961272932589054108e-02 4.100455343723297119e-02 1.654245279496535659e-04 1.407739892601966858e-02 2.577586797997355461e-03 1.606656797230243683e-02 2.545920573174953461e-02 1.522682700306177139e-02 7.692701369524002075e-02 1.603265479207038879e-02 1.513278763741254807e-02 1.142742391675710678e-02 1.594473607838153839e-02 3.798073530197143555e-02 1.579115726053714752e-02 2.426023595035076141e-02 4.360684379935264587e-02 4.858611524105072021e-02 5.800769105553627014e-02 1.791248656809329987e-02 9.705464355647563934e-03 3.813541308045387268e-02 1.830630190670490265e-02 5.313197523355484009e-02 1.197978109121322632e-02 8.310983888804912567e-03 1.368593052029609680e-02 4.836977925151586533e-03 1.468591764569282532e-02 1.220152154564857483e-02 7.182141765952110291e-03 1.396606303751468658e-02 1.124966610223054886e-02 4.341050609946250916e-02 2.866024151444435120e-02
1.197488158941268921e-01 6.528013944625854492e-02 3.029091469943523407e-02 2.284844964742660522e-02 2.146489918231964111e-02 1.126414835453033447e-01 9.085579961538314819e-02 7.439236156642436981e-03 4.238164424896240234e-02 3.711785748600959778e-02 5.024293661117553711e-01 4.216669499874114990e-02 1.154571175575256348e-01 3.666782751679420471e-02 2.841984480619430542e-02 4.049930348992347717e-02 1.966928131878376007e-02 6.526473909616470337e-03 3.531829640269279480e-02 6.797840818762779236e-03 1.098101306706666946e-02 1.561331935226917267e-02 4.017789848148822784e-03 2.849160507321357727e-02 3.455279767513275146e-02 4.545618314296007156e-03 1.880561560392379761e-02 2.276159077882766724e-02 1.180141698569059372e-02 2.121625654399394989e-02 7.018614094704389572e-03 1.433696504682302475e-02 1.199442427605390549e-02 1.656345091760158539e-02 8.232641033828258514e-03 2.853211760520935059e-02 1.104051130823791027e-03 2.503701671957969666e-02 1.329835504293441772e-02 5.642867181450128555e-03 2.400177344679832458e-02 7.014800212346017361e-04 1.171421073377132416e-02 1.212210208177566528e-02 3.784406557679176331e-02 2.284784801304340363e-02 7.006581127643585205e-02 6.047059595584869385e-02 1.901526190340518951e-02 2.535463124513626099e-02 1.739020086824893951e-02 3.602266684174537659e-02 1.782289124093949795e-03 3.912816196680068970e-02 3.980836831033229828e-03 9.418997913599014282e-03 4.760298877954483032e-02 1.766268536448478699e-02 7.102235220372676849e-03 7.045764010399580002e-03 1.641715690493583679e-02 1.870992407202720642e-02 2.220392040908336639e-02 2.017877530306577682e-03 7.179427891969680786e-02 2.713764086365699768e-02 9.554634802043437958e-03 3.289361298084259033e-02 3.761154413223266602e-02 3.897247603163123131e-03 1.443063002079725266e-02 4.049669578671455383e-02 3.087421879172325134e-02 1.456305664032697678e-02 5.641191732138395309e-03 4.691851511597633362e-02 2.751421742141246796e-02 3.101863525807857513e-02 1.398911047726869583e-02 1.566111459396779537e-03 6.316807121038436890e-03 2.516821771860122681e-02 1.739891432225704193e-02 1.392511837184429169e-02 2.995255962014198303e-02 3.596971556544303894e-02 1.655249111354351044e-02 3.369192034006118774e-02 2.529279328882694244e-02 2.869478985667228699e-02 2.851351909339427948e-02 3.341321647167205811e-02 2.278043702244758606e-02 2.435263991355895996e-02 2.549203485250473022e-02 4.621217027306556702e-03 3.739268705248832703e-02 1.543210446834564209e-02 9.336076676845550537e-03 8.736321702599525452e-03 3.275829553604125977e-02 3.503543883562088013e-02 3.952502459287643433e-02 3.357447311282157898e-02 2.793805487453937531e-02 2.373503521084785461e-02 2.397479116916656494e-02 2.480678632855415344e-02 3.674570843577384949e-02 2.902850322425365448e-02 1.189527288079261780e-02 1.137789431959390640e-02 3.122292645275592804e-02 2.609553746879100800e-02 4.983167629688978195e-03 3.516447171568870544e-02
8.943800814449787140e-03 1.759899780154228210e-02 5.016404762864112854e-02 1.621021144092082977e-02 2.994083985686302185e-02 5.494120344519615173e-02 3.047368302941322327e-02 1.155444886535406113e-02 1.127957832068204880e-02 1.170971244573593140e-02 4.216669499874114990e-02 4.909352660179138184e-01 2.380528673529624939e-02 3.024544119834899902e-01 2.004337962716817856e-03 3.114456683397293091e-02 1.746963150799274445e-02 3.577135130763053894e-02 6.808539037592709064e-04 2.038928866386413574e-02 3.322936221957206726e-02 3.822522982954978943e-02 4.709615185856819153e-02 6.874797865748405457e-03 1.638398133218288422e-02 3.476739302277565002e-02 3.757011890411376953e-02 8.021049201488494873e-02 1.843312568962574005e-02 5.547273531556129456e-02 1.236535981297492981e-02 4.503247886896133423e-02 3.685822337865829468e-02 3.365339711308479309e-02 3.757103905081748962e-02 2.025220170617103577e-02 4.006190225481987000e-02 8.916783146560192108e-03 3.016777895390987396e-02 2.860704995691776276e-02 2.892157528549432755e-03 3.882079198956489563e-02 8.288443088531494141e-03 3.011459298431873322e-02 7.184053957462310791e-02 4.463947843760251999e-03 3.100602887570858002e-02 1.206827815622091293e-02 3.285911306738853455e-02 1.534782932139933109e-04 1.347859855741262436e-02 3.685908392071723938e-02 3.740895306691527367e-03 5.634916014969348907e-03 3.992835059762001038e-02 5.388888996094465256e-03 3.004437126219272614e-02 7.323553785681724548e-03 5.812501162290573120e-02 3.954294696450233459e-02 1.589109562337398529e-02 1.399646326899528503e-02 1.304817292839288712e-02 2.935023047029972076e-02 3.059433400630950928e-02 2.231351286172866821e-02 2.513075061142444611e-02 4.068306460976600647e-02 4.822936374694108963e-03 2.246862649917602539e-02 2.253097668290138245e-02 9.394485387019813061e-04 4.313893988728523254e-02 1.898469403386116028e-02 9.422914125025272369e-03 3.590673953294754028e-02 9.917498566210269928e-03 2.713187597692012787e-02 3.955128602683544159e-03 5.341500788927078247e-02 2.933598682284355164e-02 7.977288961410522461e-02 7.201754953712224960e-03 4.312606900930404663e-02 3.570568934082984924e-02 2.639865875244140625e-02 1.913175173103809357e-02 1.114943902939558029e-02 1.348130684345960617e-02 4.376032575964927673e-02 5.882100388407707214e-02 2.306672930717468262e-02 7.789149880409240723e-02 4.948769230395555496e-03 5.573567934334278107e-03 3.563921526074409485e-02 2.404297329485416412e-02 4.058299586176872253e-02 2.486705407500267029e-02 1.105785463005304337e-02 3.584553673863410950e-02 2.059504389762878418e-02 1.521255035186186433e-04 1.751873496687039733e-04 1.481316704303026199e-02 4.685073625296354294e-03 2.840153174474835396e-03 4.776411224156618118e-03 2.142375335097312927e-02 2.551885694265365601e-02 2.940008044242858887e-02 3.828717395663261414e-02 1.178104057908058167e-02 3.838076442480087280e-02 2.547307312488555908e-02 1.019723713397979736e-02
7.883764058351516724e-02 8.616584539413452148e-02 2.460700273513793945e-02 3.058219142258167267e-02 3.175935149192810059e-02 9.371025860309600830e-02 8.852440863847732544e-02 9.050682187080383301e-03 2.904826961457729340e-02 2.084418386220932007e-02 1.154571175575256348e-01 2.380528673529624939e-02 5.037621855735778809e-01 2.495704777538776398e-02 2.476458251476287842e-02 2.861122973263263702e-02 9.323522448539733887e-03 6.560009904205799103e-03 1.674835756421089172e-02 5.791261210106313229e-04 8.286326192319393158e-03 3.878964483737945557e-02 2.369522117078304291e-02 3.573881834745407104e-02 4.556838423013687134e-03 1.887767924927175045e-03 7.289825472980737686e-03 2.000858075916767120e-02 1.771208271384239197e-02 2.317733876407146454e-02 2.078454382717609406e-02 3.343306481838226318e-03 2.705511823296546936e-02 1.049409527331590652e-02 4.239415284246206284e-03 1.617152243852615356e-02 3.535045776516199112e-03 5.349945276975631714e-02 2.330392785370349884e-02 1.865049940533936024e-03 5.219923797994852066e-03 1.056527718901634216e-02 2.580216899514198303e-02 2.710316888988018036e-02 8.640977554023265839e-03 1.204355526715517044e-02 4.932162910699844360e-02 3.370889648795127869e-02 1.662393659353256226e-02 5.025201663374900818e-02 1.061126682907342911e-02 2.459069713950157166e-02 4.668481647968292236e-03 2.311435900628566742e-02 2.553769014775753021e-02 3.493633493781089783e-02 2.499115280807018280e-02 5.531949456781148911e-03 6.487698294222354889e-03 1.049437653273344040e-02 3.967929258942604065e-02 3.932767082005739212e-03 3.522936627268791199e-02 7.480586646124720573e-04 2.210165187716484070e-02 4.401621595025062561e-02 8.526923134922981262e-03 1.737407967448234558e-02 3.488137200474739075e-02 1.000118441879749298e-02 2.456216514110565186e-02 2.875102683901786804e-02 2.483031898736953735e-02 2.379156835377216339e-02 3.740557469427585602e-03 3.874934464693069458e-02 2.780422382056713104e-02 2.900579571723937988e-02 6.269576493650674820e-03 9.879931807518005371e-03 2.085870318114757538e-02 4.316323250532150269e-02 1.312065776437520981e-02 4.861354536842554808e-04 1.679963804781436920e-02 3.757236897945404053e-02 1.717555103823542595e-03 6.653660535812377930e-02 3.041235730051994324e-02 3.931437060236930847e-02 2.929323539137840271e-02 3.489696234464645386e-02 1.209757849574089050e-02 9.239700622856616974e-03 2.187367342412471771e-02 9.619350545108318329e-03 2.172107622027397156e-02 6.197344511747360229e-03 3.644824773073196411e-02 2.593269757926464081e-02 6.092897150665521622e-03 6.656984798610210419e-03 3.959838673472404480e-02 2.266386523842811584e-03 2.114100754261016846e-02 1.242109853774309158e-02 5.974609404802322388e-03 5.446751788258552551e-02 2.162471227347850800e-02 2.978421002626419067e-02 6.726593710482120514e-03 2.841542661190032959e-02 3.986572846770286560e-03 1.526216976344585419e-02 8.739625103771686554e-03 3.669657930731773376e-02
