4.893665313720703125e-01 1.657488942146301270e-01 3.313883021473884583e-02 4.481787327677011490e-03 8.665337227284908295e-03 7.794663310050964355e-02 3.380548954010009766e-02 3.050218708813190460e-02 4.521348327398300171e-02 4.756063222885131836e-02 6.796047091484069824e-02 1.702646538615226746e-02 5.646216869354248047e-02 4.531569033861160278e-02 1.959057338535785675e-02 5.305073782801628113e-02 4.177771136164665222e-02 2.347339503467082977e-02 4.147587716579437256e-02 7.699077483266592026e-03 1.971633918583393097e-02 2.651795372366905212e-02 7.336223125457763672e-02 2.040335163474082947e-02 2.584557048976421356e-02 1.127401739358901978e-02 1.915825903415679932e-02 4.435992240905761719e-02 4.868590459227561951e-02 2.434464916586875916e-02 8.004971779882907867e-03 1.413869950920343399e-02 3.125533089041709900e-02 2.269192412495613098e-02 4.189423751085996628e-03 1.472410559654235840e-02 1.867400296032428741e-02 3.921239450573921204e-02 1.687553338706493378e-02 1.716295816004276276e-02 2.359543927013874054e-02 3.814456611871719360e-02 3.060933761298656464e-02 2.301609888672828674e-02 4.516303539276123047e-02 3.089283220469951630e-02 2.089885249733924866e-02 2.131928876042366028e-02 6.182099692523479462e-03 1.738080172799527645e-03 2.076352573931217194e-02 2.289886027574539185e-02 1.883168146014213562e-02 2.420299872756004333e-02 3.590805083513259888e-02 4.096940159797668457e-02 3.400849923491477966e-02 1.673320494592189789e-02 3.559163212776184082e-02 4.453294724225997925e-02 3.631662204861640930e-02 2.854900248348712921e-02 6.425912026315927505e-03 3.656781511381268501e-03 4.622278362512588501e-02 5.903870239853858948e-02 2.695680409669876099e-02 1.838030293583869934e-02 2.823709696531295776e-02 8.991981856524944305e-03 1.682955399155616760e-02 3.862747922539710999e-02 6.872542947530746460e-02 3.437592834234237671e-02 2.190303802490234375e-02 4.449072480201721191e-02 1.170138735324144363e-02 2.464964240789413452e-02 2.956026792526245117e-02 5.093234404921531677e-02 4.971361160278320312e-02 2.201288938522338867e-02 1.570164971053600311e-02 3.726118057966232300e-02 1.828061603009700775e-02 1.519638020545244217e-02 1.502388715744018555e-02 1.839594729244709015e-02 1.433241739869117737e-02 3.717837110161781311e-02 1.426356378942728043e-02 1.208352111279964447e-02 6.428158376365900040e-03 4.776358231902122498e-02 3.098005894571542740e-03 1.046212948858737946e-02 3.452864289283752441e-02 2.488499693572521210e-02 4.119359422475099564e-03 3.274406492710113525e-02 5.226231366395950317e-02 6.671841256320476532e-03 4.691148549318313599e-02 4.420386254787445068e-02 7.676234468817710876e-03 1.534375827759504318e-02 4.343188554048538208e-02 1.003580726683139801e-02 3.892679512500762939e-02 3.056592680513858795e-02 3.999049589037895203e-02 1.868390291929244995e-02 4.129541292786598206e-02 3.720034286379814148e-02 8.921337313950061798e-03 3.812066838145256042e-02
1.657488942146301270e-01 4.804331362247467041e-01 6.378138065338134766e-02 2.176157757639884949e-02 1.853211596608161926e-02 2.950570546090602875e-02 9.416797012090682983e-02 9.305339306592941284e-03 4.178081452846527100e-02 2.483395487070083618e-02 6.738121807575225830e-02 3.480850532650947571e-02 1.140396371483802795e-01 8.895801380276679993e-03 4.442807659506797791e-02 1.051597762852907181e-02 2.508072741329669952e-02 1.032070536166429520e-02 3.162228316068649292e-02 1.735726371407508850e-02 4.964294657111167908e-02 4.226614162325859070e-02 5.159103497862815857e-02 1.906837336719036102e-02 2.731208922341465950e-03 2.195717766880989075e-02 1.487548090517520905e-02 2.901542745530605316e-02 3.066173940896987915e-02 4.498158767819404602e-02 3.399835154414176941e-02 3.013608232140541077e-02 3.681117296218872070e-02 2.468669228255748749e-02 7.471764925867319107e-03 3.224365413188934326e-02 3.169364854693412781e-02 3.858811408281326294e-02 2.621621266007423401e-02 1.803311333060264587e-02 4.239135608077049255e-02 3.522146493196487427e-02 3.994827158749103546e-03 1.763677224516868591e-03 2.878318540751934052e-02 3.486906364560127258e-02 4.366522282361984253e-02 1.980397664010524750e-02 1.138374861329793930e-02 1.792036183178424835e-02 1.421571709215641022e-02 3.466518223285675049e-02 1.380370091646909714e-02 3.370469436049461365e-02 2.261664718389511108e-02 4.852757975459098816e-02 2.120734192430973053e-02 4.737345501780509949e-02 1.383876986801624298e-02 3.857148811221122742e-02 8.584368042647838593e-03 1.641520299017429352e-02 2.757702767848968506e-02 9.861516766250133514e-03 2.960325218737125397e-02 1.699735224246978760e-02 3.641062416136264801e-03 2.464490244165062904e-03 4.660392552614212036e-02 3.431615978479385376e-02 1.262546811631182209e-05 4.916262626647949219e-02 5.664551630616188049e-03 2.285691350698471069e-02 6.134579307399690151e-04 1.913900673389434814e-02 3.238787874579429626e-03 4.432540386915206909e-02 1.584012992680072784e-02 3.089822083711624146e-02 4.108743742108345032e-02 2.533572958782315254e-03 2.917534857988357544e-02 4.755620285868644714e-02 1.154721155762672424e-02 3.930579125881195068e-02 2.495957911014556885e-02 1.245842128992080688e-02 1.946375891566276550e-02 3.329696878790855408e-02 4.100140184164047241e-02 1.098123341798782349e-01 5.482398718595504761e-02 4.092428460717201233e-02 3.196638822555541992e-02 3.311340510845184326e-02 3.625825420022010803e-02 8.538697846233844757e-03 4.451300017535686493e-03 8.776417002081871033e-03 1.639841357246041298e-03 3.939296305179595947e-02 4.241291061043739319e-02 3.151860088109970093e-02 6.503174081444740295e-03 1.054791733622550964e-02 1.301606278866529465e-02 1.039246656000614166e-02 7.454583421349525452e-03 1.525447610765695572e-02 9.308431297540664673e-03 3.826336562633514404e-02 8.707772940397262573e-03 4.831641912460327148e-03 6.463142577558755875e-03 2.756845019757747650e-02
3.313883021473884583e-02 6.378138065338134766e-02 4.567915499210357666e-01 1.065471693873405457e-01 1.985157839953899384e-02 3.561733290553092957e-02 1.817196048796176910e-02 1.529306769371032715e-01 4.123708978295326233e-02 2.161163650453090668e-02 2.615247294306755066e-02 2.889092080295085907e-02 5.377858132123947144e-02 7.598300464451313019e-03 4.467085748910903931e-02 1.691810600459575653e-02 2.195864357054233551e-02 9.943762794137001038e-03 3.728222846984863281e-02 1.187188457697629929e-02 2.755175717175006866e-02 1.983632706105709076e-02 1.516142114996910095e-02 2.076375111937522888e-02 2.167204953730106354e-02 1.074799988418817520e-02 2.139758691191673279e-02 3.595500811934471130e-02 1.396585162729024887e-02 8.573999628424644470e-03 2.116205729544162750e-02 1.333167403936386108e-02 2.100301906466484070e-02 2.824085764586925507e-02 4.514705762267112732e-02 4.281058534979820251e-02 2.935506217181682587e-02 2.174782939255237579e-02 2.625120803713798523e-02 3.632800653576850891e-02 3.023112192749977112e-03 1.918853819370269775e-02 4.057500511407852173e-02 2.504039183259010315e-02 1.394597720354795456e-02 9.504213929176330566e-03 3.719405829906463623e-02 1.679298467934131622e-02 4.475338384509086609e-02 2.157702855765819550e-02 3.991710022091865540e-02 1.075028534978628159e-02 1.060271635651588440e-02 1.542780082672834396e-02 3.268706426024436951e-02 4.317646846175193787e-02 3.004729375243186951e-02 1.486920844763517380e-02 4.587907809764146805e-03 1.501300465315580368e-02 4.088077694177627563e-02 1.640080474317073822e-02 3.582543507218360901e-02 1.578522846102714539e-02 1.563546434044837952e-02 9.161143563687801361e-03 3.060694411396980286e-02 1.593826711177825928e-02 1.112477388232946396e-02 3.488767519593238831e-02 9.692961350083351135e-03 7.308752276003360748e-03 7.492206990718841553e-02 2.356567792594432831e-02 3.907859697937965393e-02 3.233344852924346924e-02 1.282428484410047531e-02 2.610506955534219742e-03 1.740648783743381500e-02 1.558630820363759995e-02 6.899482011795043945e-02 2.450592443346977234e-02 1.879291608929634094e-02 1.576740294694900513e-02 2.752504311501979828e-02 2.607844024896621704e-02 3.770642727613449097e-02 2.730492316186428070e-02 7.575989700853824615e-03 9.026793763041496277e-03 3.993386402726173401e-02 2.787093399092555046e-04 8.362531661987304688e-02 1.495326124131679535e-02 3.799832239747047424e-02 1.889587938785552979e-02 4.277326166629791260e-02 4.849306773394346237e-03 6.901969667524099350e-03 4.639915656298398972e-03 2.834366261959075928e-02 8.850171230733394623e-03 3.114734590053558350e-02 1.622822880744934082e-02 7.828199304640293121e-03 1.364297047257423401e-02 1.030601002275943756e-02 1.156149618327617645e-02 9.441829170100390911e-04 1.064309966750442982e-03 1.124039478600025177e-02 2.434043586254119873e-02 3.710858896374702454e-02 4.527099430561065674e-02 6.717281881719827652e-03 5.927344784140586853e-02
4.481787327677011490e-03 2.176157757639884949e-02 1.065471693873405457e-01 4.691528975963592529e-01 1.592726111412048340e-01 5.935512948781251907e-03 4.024250060319900513e-02 6.139969080686569214e-02 4.636652022600173950e-02 2.696574851870536804e-02 2.787276543676853180e-02 1.438855659216642380e-03 2.344749867916107178e-02 3.014338016510009766e-02 4.711697343736886978e-03 1.086777914315462112e-02 2.411118149757385254e-02 2.828614227473735809e-02 2.585978806018829346e-02 2.319110184907913208e-02 3.622677922248840332e-02 2.514938265085220337e-02 7.111457642167806625e-03 1.040833722800016403e-02 1.975955255329608917e-02 9.156348183751106262e-03 2.095034159719944000e-02 1.166954636573791504e-02 3.168730810284614563e-02 3.646320477128028870e-02 2.565365657210350037e-02 1.937719807028770447e-02 3.293756023049354553e-02 1.547081489115953445e-02 3.829806344583630562e-03 1.657112315297126770e-02 2.125282585620880127e-02 1.788039878010749817e-02 2.183518186211585999e-02 1.449769083410501480e-02 1.198979653418064117e-02 4.209249839186668396e-02 2.534371428191661835e-02 1.129674073308706284e-02 2.482092380523681641e-02 2.164119109511375427e-02 3.123657964169979095e-02 2.327971905469894409e-02 5.372328683733940125e-03 2.714917249977588654e-02 3.742668405175209045e-02 1.586256548762321472e-02 3.310247510671615601e-02 1.183036807924509048e-02 9.345896542072296143e-03 3.137192921712994576e-03 3.430962562561035156e-02 3.638900816440582275e-02 5.941184237599372864e-03 3.312977030873298645e-02 4.190385714173316956e-02 4.538320004940032959e-02 6.154361367225646973e-02 6.512283533811569214e-02 6.065654102712869644e-03 3.775198012590408325e-02 4.836949054151773453e-03 4.916279390454292297e-02 1.881175790913403034e-03 3.549998626112937927e-02 3.782960772514343262e-02 2.325273526366800070e-04 1.263105720281600952e-01 1.438647322356700897e-02 9.673860669136047363e-02 1.595538482069969177e-02 4.049529507756233215e-02 3.387106582522392273e-02 3.952371329069137573e-02 6.229372229427099228e-03 5.474890116602182388e-03 5.287688970565795898e-02 9.777297265827655792e-03 1.407656725496053696e-02 1.042356193065643311e-01 9.114511194638907909e-04 2.330450713634490967e-02 1.270288322120904922e-02 3.749599214643239975e-03 6.089422106742858887e-02 3.406073898077011108e-02 3.846222907304763794e-02 3.683276847004890442e-02 3.306154534220695496e-02 3.811085224151611328e-02 2.771968394517898560e-02 8.738774806261062622e-03 2.363862656056880951e-02 8.015512488782405853e-03 1.364336628466844559e-02 2.057715505361557007e-02 1.260930020362138748e-02 5.030231550335884094e-03 2.881076373159885406e-02 3.712357580661773682e-02 4.038528725504875183e-02 8.218221366405487061e-03 4.719520919024944305e-03 2.326121926307678223e-02 1.240338291972875595e-02 1.216294616460800171e-02 1.727112568914890289e-02 2.171690762042999268e-02 4.329905286431312561e-02 2.681750990450382233e-02 1.693104021251201630e-02
8.665337227284908295e-03 1.853211596608161926e-02 1.985157839953899384e-02 1.592726111412048340e-01 4.930243492126464844e-01 1.786459423601627350e-02 2.238945476710796356e-02 4.739758092910051346e-03 2.179784514009952545e-02 2.125047519803047180e-02 4.896670114248991013e-03 4.765165597200393677e-02 1.596810109913349152e-02 2.354163303971290588e-02 7.081285584717988968e-03 3.713285177946090698e-02 1.315434556454420090e-02 2.864966727793216705e-02 7.296320516616106033e-03 1.318972790613770485e-03 2.809038199484348297e-02 2.726553566753864288e-02 4.285847768187522888e-02 3.136703372001647949e-02 1.861347816884517670e-02 9.304319508373737335e-03 1.154152117669582367e-02 3.447674680501222610e-03 2.842313796281814575e-02 1.785642281174659729e-02 4.637432470917701721e-02 4.807965457439422607e-02 4.720967262983322144e-02 1.829380542039871216e-02 2.128595113754272461e-02 3.077104501426219940e-02 2.431237697601318359e-02 3.612790489569306374e-03 1.593324728310108185e-02 3.381028072908520699e-03 4.364677518606185913e-02 1.893923431634902954e-02 9.003427810966968536e-03 3.378418460488319397e-02 8.222955279052257538e-03 5.110559985041618347e-02 2.021213248372077942e-02 8.903656154870986938e-03 1.971913129091262817e-02 8.001212961971759796e-03 1.529739983379840851e-02 1.763608743203803897e-04 6.687197834253311157e-03 3.946772217750549316e-02 2.265210822224617004e-02 2.513086423277854919e-02 2.220851927995681763e-02 6.174034439027309418e-03 5.729503557085990906e-02 3.365404671058058739e-03 4.057094827294349670e-02 1.137253269553184509e-02 2.733711898326873779e-02 5.075568705797195435e-02 1.510741468518972397e-02 2.581376023590564728e-02 4.694644827395677567e-03 4.537866916507482529e-03 8.826898410916328430e-04 1.882701367139816284e-02 2.604337641969323158e-03 6.133742630481719971e-03 2.266901172697544098e-02 3.946832939982414246e-02 7.749640196561813354e-02 5.152289289981126785e-03 4.066845402121543884e-02 1.101628225296735764e-02 2.205696888267993927e-02 5.023141205310821533e-02 2.615482732653617859e-02 3.230389952659606934e-02 1.609593443572521210e-02 6.044714152812957764e-02 5.044690892100334167e-02 4.044687002897262573e-02 2.482115104794502258e-02 1.857188646681606770e-03 3.514081239700317383e-03 2.801262401044368744e-02 3.748284652829170227e-02 3.971189633011817932e-02 6.519929040223360062e-03 1.867234520614147186e-02 1.636402215808629990e-03 1.365247741341590881e-02 5.506156012415885925e-03 3.261293843388557434e-02 2.643126994371414185e-02 2.515468560159206390e-02 1.686351560056209564e-02 4.485452547669410706e-02 1.781962811946868896e-02 1.202245801687240601e-02 2.679266408085823059e-02 1.975329592823982239e-02 4.859843291342258453e-03 5.271766334772109985e-02 3.669046983122825623e-02 3.650941327214241028e-02 4.141609743237495422e-02 3.078723326325416565e-02 1.742642000317573547e-02 1.472218986600637436e-02 2.165468037128448486e-02 3.806219622492790222e-02
7.794663310050964355e-02 2.950570546090602875e-02 3.561733290553092957e-02 5.935512948781251907e-03 1.786459423601627350e-02 4.830372631549835205e-01 1.031476855278015137e-01 3.776353225111961365e-02 2.933088690042495728e-02 2.092578820884227753e-02 8.206287771463394165e-02 4.183640331029891968e-02 1.738800480961799622e-02 2.987436717376112938e-03 3.991085290908813477e-02 3.923196345567703247e-02 4.779699817299842834e-02 3.133881464600563049e-02 1.834077388048171997e-02 4.739283770322799683e-02 2.250992320477962494e-02 6.337230443023145199e-04 2.529300563037395477e-02 4.633211065083742142e-03 3.981287777423858643e-02 5.078468099236488342e-02 4.683260992169380188e-02 3.141411021351814270e-02 1.597721874713897705e-02 4.592158272862434387e-02 1.704770140349864960e-02 4.111759364604949951e-02 2.821392565965652466e-02 3.005383163690567017e-02 3.553730249404907227e-02 8.537540212273597717e-03 2.211478911340236664e-02 1.005972083657979965e-02 4.385024774819612503e-03 4.454966634511947632e-02 4.638301208615303040e-03 1.270153839141130447e-02 4.194381833076477051e-02 7.432648446410894394e-03 3.318415582180023193e-02 2.048244327306747437e-02 1.154589131474494934e-01 2.985058911144733429e-02 1.233608927577733994e-02 4.782916605472564697e-02 1.513499114662408829e-02 5.138482153415679932e-02 3.182990476489067078e-02 1.625015959143638611e-02 4.518057219684123993e-03 4.487950354814529419e-02 3.379534184932708740e-02 3.890477865934371948e-02 4.582915455102920532e-02 1.418089121580123901e-02 1.553240604698657990e-02 3.267979994416236877e-02 2.865856327116489410e-02 4.199116304516792297e-02 1.499549392610788345e-02 2.193495817482471466e-02 2.381136082112789154e-02 4.065502807497978210e-02 1.654170826077461243e-02 4.066038504242897034e-02 2.377087017521262169e-03 1.609160006046295166e-02 2.760852873325347900e-02 2.995002828538417816e-02 5.843409337103366852e-03 2.087508514523506165e-02 5.303130485117435455e-03 3.964330628514289856e-02 6.358624249696731567e-02 1.477763988077640533e-02 1.456754188984632492e-02 4.484445974230766296e-02 4.897557571530342102e-02 1.082355715334415436e-02 3.791284561157226562e-02 8.068377152085304260e-03 7.828361354768276215e-03 4.925304278731346130e-02 5.085288360714912415e-02 2.133920788764953613e-02 9.664217010140419006e-03 2.429137378931045532e-02 2.031364664435386658e-02 1.339891552925109863e-02 9.335202048532664776e-04 3.933668509125709534e-02 3.201495856046676636e-02 2.434203401207923889e-03 2.571184001863002777e-02 8.645882830023765564e-03 2.784621529281139374e-02 1.018595322966575623e-02 4.901530686765909195e-03 1.747059449553489685e-02 1.276155561208724976e-02 1.634440757334232330e-02 3.557461127638816833e-02 2.577308006584644318e-02 8.375426754355430603e-03 1.760363578796386719e-02 1.940893195569515228e-02 3.531605377793312073e-02 1.463841181248426437e-02 4.058554396033287048e-02 3.261276055127382278e-03 2.337834984064102173e-02
3.380548954010009766e-02 9.416797012090682983e-02 1.817196048796176910e-02 4.024250060319900513e-02 2.238945476710796356e-02 1.031476855278015137e-01 4.930559694766998291e-01 4.762277379631996155e-02 2.357951924204826355e-02 5.265788733959197998e-02 7.877861708402633667e-02 5.132423713803291321e-02 3.372027352452278137e-02 2.463318174704909325e-03 2.534363605082035065e-02 1.112172845751047134e-02 3.435992822051048279e-02 3.625850379467010498e-02 4.692626185715198517e-03 8.566858246922492981e-03 1.721159741282463074e-02 1.629888638854026794e-02 4.049972631037235260e-03 4.983367398381233215e-03 4.819873347878456116e-02 2.623759396374225616e-02 1.394061464816331863e-02 3.601387515664100647e-02 2.735494403168559074e-03 1.353583019226789474e-02 3.643338754773139954e-02 2.614008076488971710e-02 5.968987243250012398e-04 4.684567078948020935e-02 5.495752766728401184e-02 2.806081436574459076e-03 3.735393693204969168e-04 2.219218946993350983e-02 8.939984254539012909e-03 5.087241530418395996e-03 3.928158432245254517e-02 1.556345820426940918e-02 3.869189321994781494e-02 2.972318418323993683e-02 5.551910959184169769e-03 7.106514647603034973e-03 6.855838000774383545e-02 1.007986292243003845e-01 3.209533169865608215e-02 1.295999251306056976e-02 3.851437941193580627e-02 2.087680250406265259e-02 1.307430118322372437e-02 4.154953639954328537e-04 2.812347561120986938e-02 5.272408947348594666e-02 4.260456189513206482e-02 1.318629924207925797e-02 3.932654112577438354e-02 3.577150404453277588e-02 4.535116627812385559e-02 1.688657142221927643e-02 9.792777709662914276e-03 3.761691972613334656e-02 2.839478850364685059e-02 1.165416557341814041e-02 5.087506771087646484e-02 4.236332699656486511e-02 3.445993736386299133e-02 3.400750085711479187e-02 2.609711140394210815e-02 3.223852813243865967e-02 1.861170306801795959e-02 2.794251963496208191e-02 6.973206065595149994e-03 1.853771507740020752e-03 5.306466016918420792e-03 1.712534017860889435e-02 1.190047152340412140e-02 3.170657902956008911e-02 7.664162665605545044e-03 1.784341037273406982e-02 3.966427966952323914e-02 6.476790178567171097e-03 2.759010344743728638e-02 2.563879825174808502e-02 2.725212089717388153e-02 2.820542640984058380e-02 7.895223796367645264e-02 4.725731909275054932e-03 1.287021767348051071e-02 5.622346326708793640e-02 5.051751434803009033e-02 6.234765797853469849e-02 4.416285082697868347e-03 2.578927390277385712e-02 9.059526026248931885e-03 1.287041325122117996e-02 1.089677680283784866e-02 2.287992648780345917e-02 4.165644198656082153e-02 3.330426663160324097e-02 2.144352300092577934e-03 3.900373354554176331e-02 1.257161796092987061e-02 3.890343708917498589e-03 4.348288848996162415e-02 2.927549183368682861e-02 3.271643072366714478e-03 2.088123746216297150e-02 3.249510750174522400e-02 1.231573149561882019e-02 4.695370420813560486e-02 3.297540917992591858e-02 2.559131756424903870e-02 2.800772339105606079e-02
3.050218708813190460e-02 9.305339306592941284e-03 1.529306769371032715e-01 6.139969080686569214e-02 4.739758092910051346e-03 3.776353225111961365e-02 4.762277379631996155e-02 4.792040288448333740e-01 3.853186592459678650e-02 2.472812682390213013e-02 1.888959668576717377e-02 3.243131190538406372e-02 1.496685296297073364e-02 1.511782407760620117e-02 1.846237033605575562e-01 1.923431642353534698e-02 5.545556545257568359e-03 3.938104957342147827e-02 3.354059159755706787e-02 6.168574560433626175e-03 4.329511523246765137e-02 2.436126582324504852e-02 2.088399417698383331e-02 4.855331499129533768e-03 8.454962633550167084e-03 9.710740996524691582e-04 3.181751444935798645e-02 9.328624233603477478e-03 3.232721611857414246e-02 2.148897573351860046e-02 1.419430691748857498e-02 4.120596125721931458e-02 1.438676659017801285e-02 2.095036394894123077e-02 4.468234628438949585e-02 3.865977004170417786e-02 4.884388297796249390e-03 3.290280699729919434e-02 3.608768805861473083e-02 3.507725894451141357e-02 2.487787790596485138e-02 1.768691651523113251e-02 4.941598698496818542e-02 4.343781992793083191e-02 8.814066648483276367e-03 6.714252382516860962e-02 2.023393847048282623e-02 4.389021173119544983e-02 1.013904251158237457e-02 3.436908870935440063e-02 3.167612105607986450e-02 2.221964299678802490e-02 7.899352163076400757e-02 3.113172948360443115e-02 9.414986707270145416e-04 3.202869370579719543e-02 5.674833431839942932e-03 2.070664055645465851e-02 2.391991205513477325e-02 1.459028664976358414e-02 6.787050981074571609e-03 3.760750219225883484e-02 1.234118919819593430e-02 2.667845971882343292e-02 1.274053379893302917e-02 4.179387167096138000e-02 8.860368281602859497e-03 4.810921847820281982e-02 5.024790018796920776e-02 3.513036668300628662e-02 3.714522114023566246e-03 3.596670553088188171e-02 8.579771220684051514e-02 1.710618101060390472e-02 7.670453935861587524e-02 2.475516684353351593e-02 4.347424209117889404e-02 5.611953884363174438e-02 1.837665401399135590e-02 1.018262282013893127e-02 6.125298514962196350e-02 1.488486584275960922e-02 1.151306671090424061e-03 2.578481473028659821e-02 2.874613180756568909e-02 2.409931272268295288e-02 7.282911241054534912e-02 2.110729925334453583e-02 3.755373135209083557e-02 2.121663279831409454e-02 2.758262678980827332e-02 9.693629108369350433e-03 1.030520722270011902e-02 4.228765890002250671e-02 1.344159990549087524e-02 2.815875783562660217e-02 2.764625241979956627e-03 1.924352836795151234e-03 2.539493516087532043e-02 3.465399611741304398e-03 2.484905533492565155e-02 7.175088394433259964e-03 1.736560650169849396e-02 1.671352051198482513e-02 3.560875728726387024e-02 1.458373619243502617e-03 9.816157631576061249e-03 3.134641796350479126e-02 2.402211166918277740e-02 2.921265549957752228e-02 3.260019049048423767e-02 2.685909159481525421e-02 3.683562204241752625e-02 4.479699209332466125e-02 3.691560775041580200e-02 2.016494236886501312e-02
4.521348327398300171e-02 4.178081452846527100e-02 4.123708978295326233e-02 4.636652022600173950e-02 2.179784514009952545e-02 2.933088690042495728e-02 2.357951924204826355e-02 3.853186592459678650e-02 5.024635791778564453e-01 3.335208818316459656e-02 3.903561085462570190e-02 6.454201042652130127e-02 2.356479689478874207e-02 1.278676651418209076e-02 6.989213288761675358e-04 4.502037540078163147e-02 3.361470624804496765e-02 3.050517477095127106e-02 2.659608982503414154e-02 1.074376702308654785e-02 5.107404664158821106e-02 3.236857429146766663e-02 3.417444182559847832e-03 1.700983732007443905e-03 1.072144042700529099e-02 1.276411395519971848e-02 1.728662103414535522e-02 2.284257486462593079e-02 1.593781448900699615e-02 3.807159373536705971e-03 4.151573404669761658e-03 4.903482645750045776e-02 1.053992193192243576e-02 1.672965288162231445e-02 8.229148224927484989e-04 1.519326772540807724e-02 1.624181494116783142e-02 3.909163922071456909e-02 3.282282501459121704e-02 3.475939854979515076e-02 2.477572858333587646e-02 1.363184675574302673e-02 1.915903203189373016e-02 2.220393717288970947e-02 5.511811003088951111e-02 5.483347922563552856e-02 5.169361829757690430e-03 1.009923522360622883e-03 8.184833079576492310e-02 1.646434329450130463e-02 2.479717694222927094e-02 1.202739402651786804e-02 3.154208883643150330e-02 3.212788328528404236e-02 9.147801995277404785e-02 1.990261115133762360e-02 3.030434064567089081e-02 1.887340476969256997e-04 1.070799585431814194e-02 3.266672603785991669e-03 1.787430793046951294e-02 3.186198323965072632e-02 4.541849344968795776e-02 4.025996476411819458e-02 2.964437752962112427e-02 1.380792167037725449e-02 3.008294291794300079e-02 3.123962134122848511e-02 5.906665325164794922e-02 4.938802123069763184e-02 2.681980095803737640e-02 5.054446309804916382e-02 3.280903771519660950e-02 7.025035563856363297e-03 4.704893380403518677e-02 5.807428434491157532e-02 9.963673353195190430e-02 3.872024267911911011e-02 8.292208611965179443e-02 2.523873932659626007e-02 2.450095117092132568e-02 1.390852686017751694e-02 2.075840532779693604e-02 7.976171560585498810e-03 4.030166193842887878e-02 2.815634571015834808e-02 4.481610283255577087e-02 3.626834228634834290e-02 7.763753831386566162e-02 4.550829902291297913e-02 2.577903447672724724e-03 1.059544083545915782e-04 1.719115674495697021e-02 4.029836878180503845e-02 2.561719343066215515e-02 6.181557103991508484e-02 5.931559950113296509e-03 1.223531272262334824e-02 3.522921726107597351e-02 3.062532097101211548e-02 3.112364560365676880e-02 7.822261191904544830e-03 3.213676624000072479e-03 3.477210551500320435e-02 1.033864682540297508e-03 3.572130575776100159e-02 2.264285273849964142e-02 1.803650334477424622e-02 3.278796002268791199e-02 3.521569818258285522e-02 2.288313210010528564e-02 2.098420821130275726e-02 3.886308148503303528e-02 1.989364810287952423e-02 2.897962741553783417e-02 1.959367096424102783e-02
4.756063222885131836e-02 2.483395487070083618e-02 2.161163650453090668e-02 2.696574851870536804e-02 2.125047519803047180e-02 2.092578820884227753e-02 5.265788733959197998e-02 2.472812682390213013e-02 3.335208818316459656e-02 5.011579394340515137e-01 7.330332882702350616e-03 5.156390368938446045e-02 2.345919609069824219e-03 6.077435612678527832e-02 2.128263004124164581e-02 2.345982752740383148e-02 7.367262616753578186e-03 3.433549078181385994e-03 2.636925317347049713e-02 3.717317059636116028e-02 1.719831861555576324e-02 1.571733132004737854e-02 1.827409607358276844e-03 7.433085143566131592e-02 7.638951297849416733e-03 2.316612750291824341e-02 3.397201001644134521e-02 8.749804459512233734e-03 5.387242883443832397e-03 3.370396420359611511e-02 3.709553927183151245e-02 2.681424841284751892e-03 4.452949017286300659e-02 6.898667663335800171e-02 1.021367032080888748e-02 1.383286807686090469e-02 2.126190438866615295e-02 1.103524863719940186e-02 2.134578116238117218e-02 1.665066182613372803e-02 8.269229903817176819e-03 5.846213176846504211e-02 8.577114902436733246e-03 1.581971347332000732e-02 4.640477895736694336e-02 2.726444602012634277e-02 2.207577973604202271e-02 2.233622223138809204e-02 3.723594173789024353e-02 2.894396521151065826e-02 9.918256662786006927e-03 1.857206784188747406e-02 1.052830368280410767e-02 1.017375290393829346e-02 4.890513140708208084e-03 9.210475534200668335e-02 1.686714030802249908e-02 2.910597808659076691e-02 6.609899457544088364e-03 3.642158117145299911e-03 4.300547391176223755e-02 3.969679027795791626e-02 1.682128757238388062e-02 1.743371225893497467e-02 1.631747558712959290e-02 9.467069059610366821e-03 4.888947680592536926e-02 1.404321286827325821e-02 7.305726408958435059e-03 9.465587325394153595e-03 5.994670465588569641e-02 2.570412680506706238e-02 3.604759275913238525e-02 5.115008354187011719e-02 5.250725522637367249e-02 2.017609030008316040e-02 2.737543918192386627e-02 1.302568018436431885e-01 3.916846588253974915e-02 1.027459874749183655e-01 1.597225107252597809e-02 4.002402722835540771e-02 3.369068726897239685e-02 4.961413145065307617e-02 3.511443361639976501e-02 8.689417690038681030e-02 6.045847199857234955e-03 2.928606420755386353e-02 2.019900456070899963e-02 2.371822670102119446e-02 2.533262409269809723e-02 3.972741588950157166e-02 2.713019773364067078e-02 4.111625999212265015e-02 9.985104203224182129e-03 1.741948537528514862e-02 2.702419459819793701e-02 5.617324728518724442e-03 1.446047984063625336e-02 1.737110316753387451e-02 2.614057995378971100e-02 2.803764306008815765e-02 4.673507530242204666e-03 4.413000121712684631e-02 9.551669470965862274e-03 2.761280164122581482e-02 1.399109698832035065e-02 4.281245172023773193e-02 3.429849073290824890e-02 5.570288002490997314e-02 3.068691678345203400e-02 9.361089207231998444e-03 1.535245869308710098e-02 2.828611806035041809e-02 2.306733652949333191e-02 1.725072599947452545e-02
6.796047091484069824e-02 6.738121807575225830e-02 2.615247294306755066e-02 2.787276543676853180e-02 4.896670114248991013e-03 8.206287771463394165e-02 7.877861708402633667e-02 1.888959668576717377e-02 3.903561085462570190e-02 7.330332882702350616e-03 4.977382719516754150e-01 3.533052653074264526e-02 1.232068166136741638e-01 1.624603010714054108e-02 2.464324608445167542e-02 4.449083283543586731e-02 4.977943375706672668e-02 2.408246509730815887e-02 2.573644369840621948e-02 2.350191026926040649e-02 5.165088223293423653e-04 4.651363566517829895e-02 1.231675385497510433e-03 2.456026850268244743e-03 1.301576476544141769e-02 4.519362933933734894e-03 1.113018020987510681e-02 5.126329138875007629e-02 3.706279769539833069e-02 1.693406142294406891e-02 1.182209607213735580e-02 5.144611001014709473e-02 3.768453001976013184e-02 2.817323431372642517e-02 2.094218693673610687e-02 2.337556332349777222e-03 8.591072983108460903e-04 4.265859350562095642e-02 2.079043723642826080e-02 5.627455539070069790e-04 2.311879023909568787e-02 4.082123562693595886e-02 2.495498768985271454e-02 1.138028409332036972e-02 3.829814866185188293e-02 4.635337367653846741e-02 4.716372489929199219e-02 6.269934028387069702e-02 1.447423174977302551e-02 1.047896314412355423e-02 3.572962805628776550e-02 2.460339292883872986e-02 2.939788810908794403e-02 1.284147147089242935e-02 1.523211249150335789e-03 3.161033615469932556e-02 4.602334275841712952e-02 2.184416726231575012e-02 1.164768543094396591e-02 1.680367998778820038e-02 2.717001363635063171e-02 1.980932615697383881e-02 4.472953453660011292e-02 3.444735193625092506e-04 5.452524498105049133e-02 4.359920695424079895e-02 2.590467967092990875e-02 2.850917354226112366e-02 1.861467771232128143e-02 3.082287032157182693e-03 1.501234527677297592e-02 3.813790902495384216e-02 1.981983520090579987e-02 2.506437338888645172e-02 2.503458224236965179e-02 4.182565957307815552e-02 4.790326207876205444e-02 3.298311308026313782e-02 6.248908117413520813e-02 3.686532145366072655e-03 2.818359062075614929e-02 1.940083317458629608e-02 5.112832039594650269e-02 1.985898800194263458e-02 4.937056452035903931e-02 1.557413302361965179e-02 4.901019483804702759e-02 8.159935474395751953e-03 6.737378239631652832e-02 2.637020312249660492e-02 1.244521816261112690e-03 1.074851676821708679e-02 5.602645501494407654e-02 4.574765264987945557e-02 2.738287858664989471e-02 3.955750167369842529e-02 1.613363623619079590e-02 1.725239865481853485e-02 2.992049790918827057e-02 5.027625709772109985e-02 3.103975392878055573e-02 1.541872508823871613e-02 2.833690308034420013e-02 6.961265578866004944e-03 1.816613599658012390e-02 2.386717870831489563e-02 3.920879587531089783e-02 9.291721507906913757e-03 3.936488181352615356e-02 5.234840139746665955e-02 3.385591134428977966e-02 2.015077136456966400e-02 4.296334087848663330e-02 3.412437438964843750e-02 2.028874866664409637e-02 3.866974264383316040e-02
1.702646538615226746e-02 3.480850532650947571e-02 2.889092080295085907e-02 1.438855659216642380e-03 4.765165597200393677e-02 4.183640331029891968e-02 5.132423713803291321e-02 3.243131190538406372e-02 6.454201042652130127e-02 5.156390368938446045e-02 3.533052653074264526e-02 4.834909737110137939e-01 3.007460013031959534e-02 1.031196564435958862e-01 2.189347147941589355e-02 3.783757984638214111e-02 2.707576937973499298e-02 2.323058247566223145e-02 1.737492531538009644e-02 2.951186150312423706e-03 2.858217060565948486e-02 1.102585904300212860e-02 4.963826015591621399e-02 7.857046090066432953e-03 3.796989470720291138e-02 4.876118898391723633e-02 3.174100816249847412e-02 8.076464384794235229e-02 4.713710397481918335e-02 4.122877959161996841e-03 3.885170817375183105e-02 1.682706549763679504e-02 4.535165615379810333e-03 8.603678084909915924e-03 4.154133051633834839e-02 4.899638146162033081e-02 3.488061018288135529e-03 4.368767142295837402e-02 2.301661483943462372e-02 3.381504490971565247e-02 6.845671217888593674e-03 7.735317107290029526e-03 4.267137125134468079e-02 1.407414115965366364e-02 7.243096828460693359e-02 2.888083085417747498e-02 2.448488213121891022e-02 4.026431962847709656e-02 2.111984184011816978e-03 3.040450252592563629e-02 2.573977038264274597e-02 1.985392160713672638e-02 3.538697957992553711e-02 1.701975357718765736e-03 4.364294186234474182e-02 5.141236353665590286e-03 3.545951470732688904e-02 4.193396121263504028e-02 3.397933021187782288e-02 3.981300443410873413e-02 4.804073274135589600e-02 1.683891192078590393e-02 4.540446773171424866e-02 1.289880182594060898e-02 4.860747978091239929e-02 3.207210823893547058e-02 2.341429889202117920e-02 3.675000369548797607e-02 8.131567388772964478e-03 3.815164044499397278e-02 3.219013288617134094e-02 3.363618999719619751e-02 1.056266669183969498e-02 4.734485968947410583e-02 4.214231669902801514e-02 6.124180927872657776e-02 2.876088954508304596e-02 3.371575474739074707e-02 1.002028137445449829e-01 4.999048635363578796e-02 3.102671355009078979e-02 3.335094451904296875e-02 3.585184365510940552e-02 2.695371955633163452e-02 2.156265079975128174e-02 2.215750329196453094e-02 3.228165209293365479e-02 1.456569414585828781e-02 9.917728602886199951e-02 5.196518823504447937e-02 2.919163927435874939e-02 4.037949442863464355e-02 3.465394303202629089e-02 8.822738192975521088e-03 4.708053078502416611e-03 4.381921142339706421e-02 4.979210346937179565e-02 2.072720602154731750e-02 4.565915465354919434e-02 1.397603563964366913e-02 2.867746166884899139e-02 6.295032799243927002e-02 1.341156777925789356e-03 4.271401092410087585e-02 1.487313304096460342e-02 1.232171151787042618e-02 2.742858044803142548e-02 7.214852422475814819e-02 1.445175334811210632e-02 1.894303970038890839e-02 2.769089117646217346e-02 8.680889010429382324e-02 3.762122243642807007e-02 4.568020999431610107e-02 6.831504404544830322e-02 9.928058087825775146e-02
5.646216869354248047e-02 1.140396371483802795e-01 5.377858132123947144e-02 2.344749867916107178e-02 1.596810109913349152e-02 1.738800480961799622e-02 3.372027352452278137e-02 1.496685296297073364e-02 2.356479689478874207e-02 2.345919609069824219e-03 1.232068166136741638e-01 3.007460013031959534e-02 4.884025454521179199e-01 2.152364142239093781e-02 9.109818376600742340e-03 6.657573394477367401e-04 2.683044597506523132e-02 1.808699220418930054e-02 4.639528319239616394e-02 4.904089495539665222e-02 7.320146076381206512e-03 7.609854917973279953e-03 1.395042892545461655e-02 1.130139082670211792e-02 2.062873169779777527e-02 1.597636006772518158e-02 2.119344845414161682e-02 2.140430733561515808e-02 3.784700483083724976e-02 7.019645068794488907e-03 4.707694053649902344e-02 5.687328055500984192e-03 5.443156138062477112e-02 5.688280239701271057e-02 3.804606571793556213e-02 2.145060524344444275e-02 2.759536355733871460e-02 2.800551708787679672e-03 3.082382492721080780e-02 2.917679259553551674e-03 2.237465791404247284e-02 5.154832825064659119e-02 9.558363817632198334e-04 4.202115163207054138e-02 1.501104421913623810e-02 1.370080281049013138e-02 2.514758147299289703e-02 4.515295475721359253e-02 4.092088434845209122e-03 4.625312611460685730e-02 2.999565005302429199e-02 1.000700518488883972e-02 4.103511944413185120e-02 3.682579100131988525e-02 5.808882415294647217e-03 3.589918836951255798e-03 4.812553152441978455e-02 5.923146847635507584e-03 9.586167521774768829e-03 4.120252281427383423e-02 9.182581678032875061e-03 1.186739467084407806e-02 1.359242014586925507e-02 1.994853094220161438e-02 3.295541182160377502e-02 1.201515868306159973e-01 1.756652072072029114e-02 1.067075505852699280e-02 3.604608029127120972e-02 3.919810801744461060e-02 4.593211412429809570e-02 1.353226508945226669e-02 3.728337818756699562e-03 1.431360654532909393e-02 5.412105843424797058e-02 3.682862594723701477e-02 3.922603279352188110e-02 3.626250475645065308e-02 2.788331173360347748e-02 1.926422305405139923e-02 2.643087692558765411e-02 5.600594729185104370e-02 2.865093201398849487e-02 1.485559437423944473e-02 3.581772372126579285e-02 2.892666682600975037e-02 2.634690143167972565e-02 1.577135361731052399e-02 7.459061220288276672e-03 7.844170555472373962e-03 3.458588197827339172e-02 3.307263366878032684e-03 9.492117911577224731e-02 4.025575891137123108e-02 3.636217117309570312e-02 2.589514479041099548e-02 1.653587445616722107e-02 2.526303753256797791e-02 5.628743674606084824e-03 3.440505266189575195e-02 1.808618195354938507e-02 2.657506056129932404e-02 4.199151694774627686e-02 2.442847937345504761e-02 2.445089630782604218e-02 3.890876844525337219e-02 4.139135777950286865e-02 2.360996231436729431e-02 1.872959919273853302e-02 4.946556291542947292e-04 1.723921112716197968e-02 2.242544107139110565e-02 1.876885257661342621e-02 9.573592804372310638e-03 1.075192913413047791e-02 6.130750849843025208e-02
