4.596439898014068604e-01 1.629630774259567261e-01 3.397410362958908081e-02 5.464489804580807686e-04 9.188161231577396393e-03 9.391003847122192383e-02 7.297444343566894531e-02 4.288528859615325928e-02 2.660758607089519501e-02 2.023965306580066681e-02 1.273474544286727905e-01 5.191353149712085724e-03 1.208521425724029541e-01 1.566500589251518250e-02 3.843110799789428711e-02 3.197244182229042053e-02 2.979789860546588898e-02 8.460551500320434570e-03 3.195410966873168945e-02 2.936402149498462677e-02 1.183615624904632568e-02 3.257190436124801636e-02 1.349347550421953201e-02 3.442272916436195374e-02 2.176005626097321510e-03 1.067261770367622375e-02 1.891658641397953033e-02 7.201268803328275681e-03 6.541106384247541428e-03 1.249744649976491928e-02 1.985341543331742287e-03 3.528694808483123779e-02 5.575264221988618374e-04 4.579882696270942688e-02 3.216023370623588562e-02 2.669785358011722565e-02 3.227661550045013428e-02 3.435114864259958267e-03 2.548844926059246063e-02 2.181451395153999329e-02 1.860284246504306793e-02 1.342061348259449005e-02 1.176412962377071381e-02 1.553906779736280441e-02 2.481878176331520081e-02 6.104450672864913940e-02 5.459762737154960632e-02 6.426084786653518677e-02 1.771529018878936768e-02 1.832097582519054413e-02 3.613021969795227051e-02 4.774124920368194580e-02 1.404462847858667374e-02 2.736386470496654510e-02 2.503181435167789459e-02 2.711577899754047394e-02 2.688060328364372253e-02 2.355528809130191803e-02 9.815179742872714996e-03 3.424905985593795776e-02 3.679723665118217468e-02 3.174117207527160645e-02 2.349364012479782104e-02 4.767085611820220947e-02 1.239934284240007401e-02 4.284732509404420853e-03 2.564388327300548553e-02 1.404090132564306259e-02 3.436267748475074768e-02 1.529285404831171036e-02 7.796573452651500702e-03 1.180332899093627930e-02 1.173440739512443542e-02 1.150984503328800201e-02 9.023002930916845798e-04 2.093786001205444336e-02 4.278168827295303345e-02 2.920791879296302795e-02 4.136050119996070862e-02 8.317071013152599335e-03 9.898477233946323395e-03 2.336731553077697754e-02 3.684599697589874268e-02 3.178703039884567261e-02 4.500603675842285156e-02 2.101677469909191132e-02 2.510914765298366547e-02 3.148169443011283875e-02 4.146042466163635254e-02 4.192379117012023926e-02 2.328982949256896973e-02 1.686011813580989838e-02 2.005657926201820374e-02 2.074050903320312500e-02 4.302734509110450745e-02 7.506406400352716446e-03 6.384056061506271362e-03 4.318556282669305801e-03 1.839181035757064819e-02 1.661687530577182770e-02 1.794163510203361511e-02 4.808309674263000488e-02 2.614454738795757294e-02 1.728036440908908844e-02 2.012029103934764862e-02 1.802895776927471161e-02 4.639327153563499451e-02 4.776740074157714844e-02 1.390023250132799149e-02 3.606981784105300903e-02 5.097524821758270264e-02 4.747060313820838928e-02 3.828182816505432129e-04 1.668825186789035797e-02 4.816385358572006226e-02 1.450339332222938538e-02
1.629630774259567261e-01 4.532223939895629883e-01 6.859377957880496979e-03 1.068055164068937302e-02 9.208300150930881500e-03 8.356336504220962524e-02 7.141799479722976685e-02 2.458926290273666382e-02 2.934270352125167847e-02 2.624494209885597229e-02 9.984467178583145142e-02 2.005527913570404053e-02 1.095835864543914795e-01 1.203650981187820435e-02 2.615864202380180359e-02 3.092045523226261139e-02 2.597202546894550323e-02 2.747769467532634735e-03 2.590468898415565491e-02 2.437812462449073792e-02 5.977997090667486191e-03 2.410069853067398071e-02 2.383595332503318787e-02 3.341798484325408936e-02 1.229488383978605270e-02 3.227659035474061966e-04 1.360005978494882584e-02 1.715506426990032196e-02 9.225147776305675507e-03 1.887044496834278107e-02 1.395439263433218002e-02 5.635023117065429688e-02 1.264634914696216583e-02 4.894740879535675049e-02 2.472041919827461243e-02 4.210279788821935654e-03 2.461516857147216797e-02 8.907307870686054230e-03 2.740248478949069977e-02 3.687445819377899170e-02 2.261794917285442352e-02 1.778932847082614899e-02 9.407208301126956940e-03 2.050216495990753174e-02 4.625422507524490356e-02 4.656445607542991638e-02 2.681797742843627930e-02 3.957750275731086731e-02 1.444845274090766907e-02 2.319379709661006927e-02 3.283570334315299988e-02 3.474515676498413086e-02 3.666442586109042168e-03 1.999686006456613541e-03 1.754902862012386322e-02 2.480041421949863434e-02 3.322073817253112793e-02 9.788689203560352325e-03 1.904499903321266174e-02 4.268686100840568542e-02 3.805931657552719116e-02 3.569286316633224487e-02 2.368055284023284912e-02 5.163389816880226135e-02 2.244163304567337036e-03 3.239001380279660225e-03 1.783185452222824097e-02 2.730008680373430252e-03 3.540602698922157288e-02 3.459499683231115341e-03 1.485248911194503307e-03 1.383125782012939453e-02 1.585413515567779541e-02 1.093207276426255703e-03 9.637041017413139343e-03 3.447941970080137253e-03 4.781547188758850098e-02 2.509070932865142822e-02 1.701997965574264526e-02 1.266029081307351589e-03 2.292750868946313858e-03 1.862359605729579926e-02 4.732060804963111877e-02 3.666387125849723816e-02 2.954408712685108185e-02 1.530551444739103317e-02 2.740370295941829681e-02 4.150280356407165527e-02 4.325131699442863464e-02 4.596875980496406555e-02 1.230574271176010370e-04 1.930645294487476349e-02 8.493020199239253998e-03 1.836445741355419159e-02 6.031009554862976074e-02 2.387276478111743927e-02 7.916231639683246613e-03 1.398304849863052368e-02 1.937866397202014923e-02 1.395328994840383530e-02 3.550627734512090683e-03 3.850900754332542419e-02 1.806208863854408264e-02 5.469113588333129883e-03 1.163189206272363663e-02 1.393524557352066040e-02 3.931459039449691772e-02 4.507692903280258179e-02 4.556226078420877457e-03 2.089966274797916412e-02 3.492428362369537354e-02 2.750208787620067596e-02 9.741947054862976074e-03 1.806882582604885101e-02 5.004268884658813477e-02 6.802947027608752251e-04
3.397410362958908081e-02 6.859377957880496979e-03 4.320826828479766846e-01 2.270113304257392883e-02 4.274931736290454865e-03 4.317479953169822693e-02 4.148345440626144409e-02 1.153527125716209412e-01 3.040026873350143433e-03 8.509553968906402588e-03 3.711703047156333923e-02 7.205015048384666443e-03 5.186458677053451538e-02 1.952927932143211365e-02 6.506537646055221558e-02 2.760754153132438660e-02 5.019563436508178711e-02 3.722907230257987976e-02 7.617640309035778046e-03 3.668265789747238159e-02 1.691060699522495270e-02 3.287452831864356995e-02 1.411168370395898819e-02 6.881408859044313431e-03 4.293536394834518433e-02 3.804297372698783875e-02 4.641414433717727661e-02 4.576703533530235291e-02 8.676404133439064026e-03 3.890075534582138062e-02 1.605174690485000610e-02 1.807287521660327911e-02 1.876080222427845001e-02 3.552191704511642456e-02 2.979562245309352875e-02 5.221611354500055313e-03 5.147845949977636337e-03 6.165286060422658920e-03 1.134061953052878380e-03 1.653503999114036560e-02 1.635274291038513184e-02 2.747777849435806274e-02 1.630739495158195496e-02 6.213817000389099121e-02 2.875689230859279633e-02 9.260236285626888275e-03 3.300115233287215233e-03 2.478451095521450043e-02 2.333200909197330475e-02 3.484417125582695007e-02 1.335848961025476456e-02 4.402441531419754028e-02 6.096992269158363342e-02 7.875071838498115540e-03 7.848436944186687469e-04 2.829328551888465881e-02 1.350395381450653076e-02 3.577535226941108704e-02 5.184200592339038849e-03 1.145381201058626175e-02 5.909550469368696213e-03 4.330897331237792969e-02 1.781869120895862579e-02 3.232582530472427607e-04 1.517711393535137177e-02 5.368619691580533981e-03 4.081206396222114563e-02 2.622629702091217041e-02 3.068927116692066193e-02 1.405396033078432083e-02 3.357670083642005920e-02 6.839987356215715408e-03 1.354138273745775223e-02 2.041927166283130646e-02 6.384308449923992157e-03 1.008775271475315094e-02 2.848368138074874878e-02 1.039432082325220108e-02 4.681131243705749512e-02 1.270680408924818039e-02 1.334278434514999390e-01 3.229658678174018860e-02 4.427292570471763611e-02 4.593045916408300400e-03 4.058860987424850464e-02 1.970129087567329407e-02 1.875957287847995758e-02 6.193921435624361038e-03 4.253088310360908508e-02 1.098094880580902100e-02 1.616653427481651306e-02 2.111602388322353363e-02 8.873916231095790863e-04 3.001694940030574799e-02 3.694964572787284851e-02 6.082553416490554810e-03 5.077075678855180740e-03 3.753850236535072327e-02 5.212283879518508911e-02 1.994875632226467133e-02 3.923413529992103577e-02 6.042071152478456497e-03 1.798307895660400391e-02 2.645946107804775238e-02 3.994243219494819641e-03 1.273723412305116653e-02 6.219071219675242901e-04 1.356378942728042603e-02 4.593379795551300049e-02 1.498869247734546661e-02 2.340349182486534119e-02 1.337421685457229614e-02 3.458737581968307495e-02 1.796475611627101898e-02 2.114494331181049347e-02 7.716890424489974976e-02
5.464489804580807686e-04 1.068055164068937302e-02 2.270113304257392883e-02 4.365103542804718018e-01 1.673446297645568848e-01 3.563825413584709167e-02 3.105547465384006500e-02 2.477927319705486298e-02 3.707504831254482269e-03 2.065741643309593201e-02 2.878128178417682648e-02 1.997028663754463196e-02 8.424633182585239410e-03 5.124770477414131165e-02 2.803588286042213440e-02 1.644668373046442866e-05 1.088645216077566147e-02 7.378547638654708862e-02 4.363568872213363647e-02 1.331025455147027969e-02 2.443767897784709930e-02 4.896432906389236450e-02 2.164884936064481735e-04 1.863496750593185425e-02 3.705298900604248047e-02 1.716197468340396881e-02 2.893914282321929932e-02 3.547248616814613342e-02 2.071409113705158234e-02 2.094788104295730591e-02 4.749273508787155151e-02 8.300750516355037689e-03 4.584269225597381592e-02 3.332196548581123352e-02 3.952372819185256958e-02 7.755619939416646957e-03 1.073244772851467133e-02 6.482940912246704102e-02 2.543383650481700897e-02 1.449441071599721909e-02 4.736265167593955994e-02 2.534725703299045563e-03 2.903185551986098289e-03 3.237435221672058105e-02 4.172479361295700073e-02 3.413536399602890015e-02 2.174079604446887970e-02 1.117700012400746346e-03 2.120316959917545319e-02 2.118476107716560364e-02 4.381326027214527130e-03 4.161434993147850037e-02 4.064567387104034424e-02 4.010090976953506470e-02 1.070876233279705048e-02 3.774540871381759644e-02 1.690568635240197182e-03 3.666906803846359253e-02 1.123452745378017426e-02 2.940495125949382782e-02 3.125867620110511780e-02 1.779245585203170776e-02 9.321101009845733643e-02 5.665354430675506592e-02 3.317632526159286499e-02 4.621794447302818298e-02 3.528969595208764076e-03 2.767923474311828613e-02 1.551085337996482849e-02 3.724073991179466248e-02 5.280268937349319458e-02 3.710126131772994995e-02 1.646385043859481812e-01 1.679436769336462021e-03 4.792984947562217712e-02 4.539931565523147583e-02 6.796796806156635284e-03 3.107464127242565155e-02 1.944229565560817719e-02 3.322290256619453430e-02 2.965466305613517761e-02 2.598201669752597809e-02 5.795849859714508057e-02 8.372767828404903412e-03 2.149464190006256104e-02 3.766319155693054199e-02 4.689264297485351562e-02 6.863348651677370071e-03 7.712867227382957935e-04 5.947311222553253174e-02 2.356493845582008362e-02 2.471404522657394409e-02 3.225868195295333862e-02 4.163987934589385986e-02 3.919406980276107788e-02 2.700150758028030396e-02 1.664712093770503998e-02 6.185772945173084736e-04 4.025089368224143982e-02 4.721552878618240356e-02 3.315386921167373657e-02 4.570672661066055298e-02 2.729922160506248474e-02 2.580002881586551666e-02 2.399560064077377319e-02 3.218740969896316528e-02 2.001285925507545471e-02 3.610338643193244934e-02 1.398624014109373093e-02 3.826312953606247902e-03 8.151561953127384186e-03 1.617696695029735565e-02 4.528553411364555359e-02 3.182549029588699341e-02 1.327676884829998016e-02 2.991884388029575348e-02
9.188161231577396393e-03 9.208300150930881500e-03 4.274931736290454865e-03 1.673446297645568848e-01 4.396294653415679932e-01 3.951862826943397522e-02 9.920508600771427155e-03 3.050255589187145233e-03 1.216478087007999420e-02 3.737331926822662354e-02 2.186349593102931976e-02 1.022495981305837631e-02 1.450703199952840805e-02 5.365166347473859787e-03 4.424897208809852600e-02 3.935224562883377075e-02 4.533877223730087280e-02 1.624592696316540241e-03 2.869375795125961304e-02 2.861121296882629395e-02 3.370980173349380493e-02 2.246487699449062347e-02 2.173188328742980957e-02 3.118829242885112762e-02 3.408401459455490112e-02 4.313020408153533936e-02 2.583537809550762177e-02 2.761895582079887390e-02 3.407281637191772461e-02 1.391650922596454620e-02 3.810534253716468811e-02 2.094964869320392609e-02 1.164841814897954464e-03 1.400424912571907043e-02 6.634467095136642456e-02 1.054729800671339035e-02 4.946495592594146729e-02 2.935921959578990936e-02 7.982092350721359253e-02 7.586141675710678101e-02 1.612410694360733032e-02 1.565715670585632324e-02 3.296531364321708679e-02 3.302656859159469604e-02 6.835417822003364563e-03 4.195896163582801819e-02 2.677880600094795227e-02 3.140076249837875366e-02 2.540124580264091492e-02 2.768704295158386230e-02 4.504191689193248749e-03 1.077056489884853363e-02 2.319802157580852509e-02 2.209509722888469696e-02 3.812262788414955139e-02 2.707390114665031433e-02 3.402943164110183716e-02 4.549128934741020203e-02 5.331327207386493683e-03 2.747539989650249481e-02 5.563038960099220276e-02 6.549604237079620361e-02 2.804040210321545601e-03 5.989614874124526978e-02 3.615950420498847961e-02 3.109972551465034485e-02 3.015300817787647247e-02 1.655901665799319744e-03 3.028538776561617851e-04 2.832667343318462372e-02 4.125956073403358459e-02 3.637303784489631653e-02 1.287827342748641968e-01 3.317775204777717590e-02 9.317784756422042847e-02 2.735177800059318542e-02 2.227400057017803192e-02 2.031222730875015259e-02 2.491422556340694427e-02 2.274008840322494507e-02 1.758428104221820831e-02 1.388943940401077271e-02 1.872573047876358032e-02 4.711319878697395325e-02 1.674529747106134892e-03 1.726320944726467133e-02 6.824015174061059952e-03 5.306935682892799377e-02 1.637298613786697388e-02 4.351540282368659973e-02 3.400968387722969055e-02 3.263211250305175781e-02 4.184796661138534546e-02 4.883924499154090881e-02 1.377847976982593536e-02 5.705352872610092163e-03 3.958011418581008911e-02 3.324355930089950562e-02 3.043169714510440826e-02 1.532371807843446732e-02 3.411269187927246094e-02 3.467006317805498838e-04 1.600002683699131012e-02 2.137106284499168396e-02 2.426960878074169159e-02 2.535023353993892670e-02 1.567444577813148499e-02 3.633547201752662659e-02 4.481123760342597961e-02 1.557395420968532562e-02 4.582510795444250107e-03 2.738824486732482910e-02 2.394805429503321648e-03 1.636177487671375275e-02 1.468324474990367889e-02 3.507604077458381653e-02
9.391003847122192383e-02 8.356336504220962524e-02 4.317479953169822693e-02 3.563825413584709167e-02 3.951862826943397522e-02 4.559527933597564697e-01 1.708131730556488037e-01 3.377253934741020203e-02 2.599358558654785156e-02 4.135137423872947693e-02 1.094853132963180542e-01 8.561301231384277344e-02 8.598349243402481079e-02 6.915204972028732300e-02 4.136110469698905945e-02 2.788443583995103836e-03 2.996310964226722717e-02 1.070942636579275131e-02 4.573423042893409729e-02 4.896094277501106262e-02 3.300287574529647827e-02 4.276397172361612320e-03 4.702178295701742172e-03 3.308279067277908325e-02 7.582990452647209167e-03 2.650661952793598175e-02 2.773339860141277313e-03 3.696333616971969604e-02 4.277491942048072815e-02 4.620885476469993591e-02 5.513924360275268555e-02 5.894375964999198914e-03 4.616856202483177185e-02 1.408602017909288406e-02 1.057506259530782700e-02 3.500862978398799896e-03 8.232911117374897003e-03 5.466604977846145630e-02 3.319976851344108582e-02 6.504094344563782215e-04 6.543581839650869370e-03 1.063459645956754684e-02 4.959300532937049866e-02 1.741569489240646362e-02 1.539042778313159943e-02 4.786566365510225296e-03 1.093732044100761414e-01 3.843688592314720154e-02 2.481886930763721466e-02 4.290160909295082092e-02 4.330499470233917236e-02 4.223126173019409180e-02 1.224056165665388107e-02 2.564944140613079071e-02 9.945496916770935059e-03 4.364455491304397583e-02 3.387990221381187439e-02 2.195666311308741570e-03 1.703048311173915863e-02 8.704381994903087616e-03 4.695557057857513428e-02 3.142866492271423340e-02 1.769294776022434235e-02 4.338679835200309753e-02 1.363833155483007431e-02 1.328261662274599075e-02 4.661959409713745117e-02 1.067743729799985886e-02 6.535135209560394287e-03 1.497515197843313217e-02 1.009665708988904953e-02 3.087002038955688477e-02 2.336732484400272369e-02 6.357573904097080231e-03 4.104152787476778030e-03 2.258291840553283691e-02 1.959222555160522461e-02 7.422077003866434097e-03 2.320804074406623840e-02 4.880779981613159180e-02 3.269813489168882370e-03 1.515583600848913193e-02 5.480628926306962967e-03 4.122895002365112305e-02 2.584716305136680603e-02 3.926639258861541748e-02 2.523864060640335083e-02 4.826583899557590485e-04 1.356545742601156235e-02 2.269043214619159698e-02 4.812864214181900024e-02 4.413404501974582672e-03 2.078348770737648010e-02 3.091751411557197571e-02 3.772557899355888367e-02 2.626810967922210693e-02 2.972868829965591431e-02 4.748179763555526733e-02 1.802334003150463104e-02 2.705800347030162811e-03 4.683779180049896240e-02 1.953369705006480217e-03 2.241138927638530731e-02 4.572733491659164429e-02 3.383443132042884827e-02 4.515574127435684204e-02 1.712272875010967255e-02 3.596360608935356140e-02 4.163582623004913330e-02 3.429426997900009155e-02 2.809480065479874611e-03 4.611337091773748398e-03 1.135253696702420712e-03 3.977925516664981842e-03 4.164374992251396179e-02 5.672852974385023117e-03
7.297444343566894531e-02 7.141799479722976685e-02 4.148345440626144409e-02 3.105547465384006500e-02 9.920508600771427155e-03 1.708131730556488037e-01 4.614988565444946289e-01 4.152540490031242371e-02 3.507828339934349060e-02 3.859186917543411255e-02 1.129587367177009583e-01 3.070789156481623650e-03 9.009850770235061646e-02 4.842329770326614380e-02 3.586771711707115173e-02 4.686540924012660980e-03 2.999648638069629669e-02 2.418005280196666718e-02 2.779388241469860077e-02 4.532311484217643738e-02 3.537994623184204102e-02 5.644294898957014084e-03 1.200784277170896530e-02 1.349358260631561279e-02 1.119926106184720993e-02 1.680742576718330383e-02 2.051512524485588074e-02 7.818590849637985229e-03 2.459894493222236633e-02 7.348881103098392487e-03 1.925473287701606750e-02 2.532234042882919312e-02 4.934607446193695068e-02 3.220934793353080750e-02 1.219685841351747513e-02 1.785860769450664520e-02 2.117841690778732300e-02 4.720145091414451599e-02 3.524700924754142761e-02 8.627523668110370636e-03 1.743081025779247284e-03 9.138572495430707932e-04 7.193993777036666870e-02 1.783834211528301239e-02 2.373483777046203613e-02 1.943084411323070526e-02 1.351086050271987915e-01 1.015890389680862427e-01 4.048695415258407593e-02 1.565418351674452424e-04 4.858330637216567993e-02 4.732734337449073792e-02 1.246863231062889099e-02 1.022936869412660599e-02 3.390648588538169861e-02 2.904639765620231628e-02 7.852913811802864075e-03 3.957724198698997498e-03 8.337865583598613739e-03 4.178123082965612411e-03 3.971337527036666870e-02 1.179963350296020508e-02 2.398404665291309357e-02 1.276946626603603363e-02 4.664268717169761658e-02 9.021163918077945709e-03 3.711060062050819397e-02 2.522673923522233963e-03 2.238058671355247498e-02 7.411093916743993759e-03 4.584580194205045700e-03 3.486763685941696167e-02 1.235975977033376694e-02 3.529911162331700325e-03 1.053630653768777847e-02 2.381923422217369080e-02 1.389948069117963314e-03 1.575277559459209442e-02 1.094067096710205078e-02 4.581494629383087158e-02 4.578742664307355881e-03 4.470024630427360535e-02 1.048862375319004059e-02 3.313344717025756836e-02 3.098090179264545441e-03 2.141680009663105011e-02 4.587997216731309891e-03 1.616953499615192413e-02 3.444536402821540833e-02 4.731355980038642883e-02 2.001422643661499023e-02 1.175439171493053436e-02 3.361334651708602905e-02 4.548885673284530640e-02 9.901087731122970581e-03 4.848121106624603271e-02 1.868800632655620575e-02 2.164231613278388977e-02 3.542757406830787659e-02 3.940098453313112259e-03 1.963173225522041321e-02 2.622084878385066986e-02 6.868696771562099457e-03 3.266445547342300415e-02 1.568320766091346741e-02 1.288206968456506729e-02 1.204204186797142029e-02 2.117837779223918915e-02 3.999607637524604797e-02 4.300421848893165588e-02 1.577859930694103241e-02 1.274531520903110504e-02 2.262330148369073868e-03 1.672571233939379454e-04 2.198780328035354614e-02 2.667372673749923706e-02
4.288528859615325928e-02 2.458926290273666382e-02 1.153527125716209412e-01 2.477927319705486298e-02 3.050255589187145233e-03 3.377253934741020203e-02 4.152540490031242371e-02 4.547236561775207520e-01 3.189801052212715149e-02 2.564717270433902740e-02 5.171057581901550293e-02 3.259785100817680359e-02 2.470110170543193817e-02 4.976532887667417526e-03 1.035779714584350586e-01 1.101176813244819641e-02 4.414554685354232788e-02 1.899529434740543365e-02 2.937980927526950836e-02 8.872075122781097889e-04 1.769768632948398590e-02 3.826939314603805542e-02 5.789492744952440262e-03 1.276734564453363419e-02 6.063241045922040939e-03 4.940475150942802429e-02 3.407678753137588501e-02 1.906500197947025299e-02 2.750902622938156128e-02 1.039291266351938248e-02 2.803692128509283066e-03 2.537302114069461823e-02 4.594639316201210022e-02 3.178667277097702026e-02 1.188179664313793182e-02 1.111212279647588730e-02 7.015224546194076538e-04 1.930313557386398315e-02 2.382473647594451904e-02 2.938283234834671021e-02 2.310330234467983246e-02 3.642922267317771912e-02 3.152534365653991699e-02 6.231319531798362732e-02 1.389346737414598465e-02 2.801682334393262863e-03 5.025333538651466370e-02 3.930272534489631653e-02 3.540753573179244995e-02 2.050961740314960480e-02 8.189076557755470276e-03 2.037066151387989521e-04 5.941648408770561218e-02 1.838766597211360931e-02 3.483071550726890564e-02 4.452045634388923645e-02 1.457513030618429184e-02 3.591413795948028564e-02 4.012804012745618820e-03 2.887973003089427948e-02 3.299439325928688049e-02 3.062706906348466873e-03 4.910927265882492065e-02 8.832694962620735168e-03 1.193752977997064590e-02 4.284594580531120300e-02 2.602799050509929657e-02 1.273935753852128983e-02 1.481367554515600204e-02 2.165244519710540771e-02 3.480399027466773987e-02 4.610494151711463928e-02 3.658867999911308289e-02 2.819117531180381775e-02 3.524458035826683044e-02 1.311086956411600113e-02 2.059234306216239929e-02 2.872537821531295776e-02 8.936437778174877167e-03 3.883389383554458618e-02 1.203366667032241821e-01 7.904708385467529297e-02 4.113002866506576538e-02 1.445948425680398941e-02 3.813669085502624512e-02 8.305763825774192810e-03 8.433289825916290283e-02 5.951065942645072937e-02 7.295810617506504059e-03 2.771757543087005615e-02 3.483237698674201965e-02 2.459945157170295715e-02 3.583635017275810242e-02 3.370023891329765320e-02 2.842338383197784424e-02 4.404673352837562561e-02 2.578483149409294128e-02 4.861688707023859024e-03 8.697601035237312317e-03 1.715115830302238464e-02 4.273999109864234924e-02 4.333397001028060913e-02 2.963673509657382965e-02 1.845614425837993622e-02 2.921840921044349670e-02 3.019762597978115082e-02 1.453681942075490952e-02 4.298966377973556519e-02 1.483672764152288437e-02 2.097146771848201752e-02 2.257259003818035126e-02 2.168564870953559875e-02 6.560942158102989197e-03 1.638005487620830536e-02 1.248899754136800766e-02 5.720320343971252441e-02
2.660758607089519501e-02 2.934270352125167847e-02 3.040026873350143433e-03 3.707504831254482269e-03 1.216478087007999420e-02 2.599358558654785156e-02 3.507828339934349060e-02 3.189801052212715149e-02 4.409058094024658203e-01 6.701504439115524292e-02 3.981995582580566406e-02 3.909406065940856934e-02 4.458246007561683655e-02 3.552487492561340332e-02 8.132885210216045380e-03 2.814392000436782837e-02 4.220162332057952881e-02 1.005573421716690063e-01 1.555587723851203918e-02 4.135000519454479218e-03 1.000959239900112152e-02 8.074406534433364868e-03 5.423305928707122803e-02 3.696088120341300964e-02 2.027081698179244995e-02 3.514721617102622986e-02 4.501987993717193604e-02 1.363045256584882736e-02 1.039000414311885834e-02 2.796453423798084259e-02 2.965185604989528656e-02 4.960960149765014648e-02 1.513780280947685242e-02 2.099226787686347961e-02 4.463636502623558044e-02 5.425469949841499329e-02 1.087870169430971146e-02 2.128201164305210114e-02 3.346727415919303894e-02 4.515275731682777405e-02 4.009974747896194458e-02 4.914936050772666931e-02 3.419385850429534912e-02 2.947806753218173981e-02 2.896010689437389374e-02 2.228600345551967621e-02 2.463599480688571930e-02 1.746535673737525940e-02 8.465137332677841187e-02 1.011289842426776886e-02 4.288636893033981323e-02 2.874933183193206787e-02 3.574040904641151428e-02 4.435467720031738281e-02 1.027612611651420593e-01 3.591031208634376526e-02 3.153457771986722946e-03 1.341831404715776443e-02 3.152927616611123085e-03 7.994547486305236816e-03 4.263529926538467407e-02 3.028565458953380585e-02 2.660381421446800232e-02 4.586762934923171997e-02 1.941269636154174805e-02 2.232095040380954742e-02 7.795784156769514084e-03 4.409044981002807617e-03 1.187622826546430588e-02 3.726836759597063065e-03 1.237891521304845810e-02 2.841413579881191254e-02 2.516981586813926697e-02 2.810253389179706573e-02 4.846404120326042175e-02 7.011539419181644917e-04 1.714350134134292603e-01 7.799003273248672485e-03 9.278402477502822876e-02 2.029187418520450592e-02 7.788097951561212540e-03 2.424865588545799255e-02 1.066716164350509644e-01 3.109467402100563049e-02 4.819676652550697327e-02 7.758988067507743835e-03 3.028291743248701096e-03 4.987695440649986267e-02 2.070160768926143646e-02 4.480854049324989319e-02 2.214250527322292328e-02 4.384690150618553162e-02 1.913346163928508759e-02 5.271366098895668983e-04 1.431852951645851135e-02 1.638551615178585052e-02 3.527687489986419678e-02 8.068718947470188141e-03 1.570140128023922443e-03 1.554464362561702728e-02 1.010005734860897064e-02 9.180635213851928711e-03 4.235828295350074768e-02 6.503426004201173782e-03 3.812437132000923157e-02 2.074548602104187012e-02 2.523681148886680603e-02 7.122954353690147400e-03 1.742278039455413818e-02 1.403592806309461594e-02 2.617589663714170456e-03 1.660417020320892334e-02 2.322029322385787964e-02 1.236109621822834015e-02 3.950498532503843307e-03 3.972046251874417067e-04
2.023965306580066681e-02 2.624494209885597229e-02 8.509553968906402588e-03 2.065741643309593201e-02 3.737331926822662354e-02 4.135137423872947693e-02 3.859186917543411255e-02 2.564717270433902740e-02 6.701504439115524292e-02 4.710124731063842773e-01 4.214430600404739380e-02 3.462649509310722351e-02 1.920761726796627045e-02 9.206139482557773590e-03 2.226118929684162140e-02 1.912851259112358093e-02 2.525374293327331543e-02 2.898701466619968414e-02 8.945778012275695801e-02 2.204387821257114410e-02 5.023860931396484375e-02 3.154065832495689392e-02 2.041710540652275085e-02 7.918963581323623657e-02 3.588867932558059692e-02 3.480065613985061646e-02 3.270262107253074646e-02 3.857573866844177246e-02 1.962701417505741119e-02 3.854888677597045898e-02 5.053199362009763718e-03 6.231670081615447998e-02 2.499850653111934662e-02 1.950217783451080322e-02 4.685529693961143494e-02 4.278086498379707336e-02 5.836207047104835510e-02 2.335843443870544434e-02 2.704351581633090973e-02 1.339519023895263672e-02 3.561525791883468628e-02 5.257033929228782654e-02 2.950398065149784088e-02 2.600249089300632477e-02 4.486661404371261597e-02 1.047657616436481476e-02 4.356369003653526306e-02 1.185136102139949799e-02 7.898800820112228394e-02 7.655081897974014282e-02 2.842627279460430145e-02 1.337966066785156727e-03 4.224487394094467163e-02 3.742282837629318237e-02 2.082238160073757172e-02 1.111296489834785461e-01 8.094102144241333008e-03 1.456073857843875885e-02 1.605811901390552521e-02 4.944249615073204041e-02 5.771917849779129028e-02 1.490810234099626541e-02 2.452686056494712830e-02 5.115470662713050842e-02 3.328508883714675903e-02 1.266179326921701431e-02 1.422004122287034988e-02 4.046373814344406128e-02 2.579092793166637421e-02 2.980664558708667755e-02 6.220914050936698914e-02 1.986726187169551849e-02 2.629621326923370361e-02 3.808100521564483643e-02 1.043226686306297779e-03 4.852151032537221909e-03 1.446540094912052155e-02 1.266985982656478882e-01 4.051755648106336594e-03 1.305620521306991577e-01 1.496171578764915466e-02 3.575706155970692635e-03 4.889193177223205566e-02 1.151679828763008118e-01 3.836013749241828918e-02 8.700559288263320923e-02 3.574328124523162842e-02 3.068485856056213379e-02 1.515287440270185471e-02 4.943070188164710999e-02 1.791201345622539520e-02 1.534206233918666840e-02 4.256884753704071045e-02 2.297465130686759949e-02 1.441811211407184601e-02 3.460953384637832642e-02 6.671752780675888062e-03 3.597356751561164856e-02 3.422002866864204407e-02 4.157590121030807495e-02 2.960770577192306519e-02 2.729077637195587158e-02 4.102248325943946838e-02 1.858527958393096924e-02 1.241954136639833450e-02 3.272030875086784363e-02 1.988564059138298035e-02 3.458477184176445007e-02 1.334081310778856277e-02 2.265518531203269958e-02 4.584791138768196106e-02 3.476461023092269897e-02 2.008209936320781708e-02 4.342333227396011353e-02 3.941495344042778015e-02 1.427576225250959396e-02
1.273474544286727905e-01 9.984467178583145142e-02 3.711703047156333923e-02 2.878128178417682648e-02 2.186349593102931976e-02 1.094853132963180542e-01 1.129587367177009583e-01 5.171057581901550293e-02 3.981995582580566406e-02 4.214430600404739380e-02 4.655609726905822754e-01 3.753390908241271973e-02 1.292856186628341675e-01 3.832723014056682587e-03 2.764385193586349487e-03 2.717716805636882782e-02 4.471151530742645264e-02 1.246776804327964783e-02 3.142296895384788513e-02 2.457841485738754272e-02 2.813198231160640717e-02 1.902540400624275208e-02 2.864471822977066040e-02 3.496133908629417419e-02 3.039093129336833954e-02 1.410220004618167877e-02 1.267641503363847733e-02 3.489759936928749084e-02 3.278783336281776428e-02 1.996189914643764496e-02 1.792038790881633759e-02 9.739617817103862762e-04 3.279062360525131226e-02 1.016090437769889832e-02 4.153980314731597900e-02 1.764257997274398804e-02 2.255447581410408020e-02 5.842263251543045044e-02 1.175865437835454941e-02 8.954725228250026703e-03 3.999311476945877075e-02 1.825921796262264252e-02 4.598522558808326721e-02 4.705502092838287354e-02 2.126545459032058716e-02 1.349654700607061386e-02 1.105306297540664673e-01 8.155891299247741699e-02 3.002810664474964142e-02 1.862913742661476135e-02 4.232083261013031006e-02 2.173062413930892944e-02 2.904190868139266968e-02 4.426707699894905090e-02 2.705560252070426941e-02 2.996400184929370880e-02 1.538879889994859695e-02 9.397041983902454376e-03 1.412570849061012268e-02 1.371009368449449539e-02 3.845304995775222778e-02 2.849585562944412231e-02 2.590763941407203674e-02 2.117056772112846375e-02 7.693603634834289551e-02 1.434987038373947144e-02 3.846853226423263550e-02 2.690430730581283569e-02 3.531213384121656418e-03 9.871523827314376831e-03 1.546636037528514862e-02 2.970580942928791046e-02 9.356212802231311798e-03 8.328948169946670532e-03 1.570919342339038849e-02 4.911178722977638245e-02 4.100774414837360382e-03 1.300133066251873970e-03 2.484004385769367218e-02 2.664158679544925690e-02 1.842785067856311798e-02 2.761420048773288727e-02 3.035458177328109741e-02 4.011872410774230957e-02 1.079016178846359253e-02 1.015440840274095535e-02 4.125962406396865845e-02 3.201318904757499695e-03 1.457519549876451492e-02 3.457260876893997192e-02 3.928971663117408752e-02 2.808983437716960907e-02 5.000808835029602051e-02 9.551166556775569916e-03 1.826074905693531036e-02 3.487447276711463928e-02 2.439836598932743073e-02 3.363583236932754517e-02 2.356509119272232056e-02 1.997070852667093277e-03 3.554693609476089478e-02 4.328626208007335663e-03 3.158098831772804260e-02 4.374814033508300781e-02 3.506109118461608887e-02 2.207048796117305756e-02 3.254061099141836166e-03 1.964145340025424957e-02 4.635358229279518127e-02 3.567578643560409546e-02 1.633722800761461258e-03 2.829834073781967163e-02 1.224324107170104980e-02 6.844412069767713547e-03 4.273717850446701050e-02 2.358757890760898590e-02
5.191353149712085724e-03 2.005527913570404053e-02 7.205015048384666443e-03 1.997028663754463196e-02 1.022495981305837631e-02 8.561301231384277344e-02 3.070789156481623650e-03 3.259785100817680359e-02 3.909406065940856934e-02 3.462649509310722351e-02 3.753390908241271973e-02 4.345143735408782959e-01 2.311925590038299561e-02 1.891354769468307495e-01 3.402530448511242867e-03 3.645817190408706665e-02 1.184686552733182907e-02 5.206631496548652649e-02 4.834190383553504944e-02 1.595188677310943604e-02 1.894688047468662262e-02 1.855049468576908112e-02 4.802065715193748474e-02 2.006307244300842285e-03 1.443141978234052658e-02 1.328231487423181534e-02 1.188103854656219482e-02 1.277496814727783203e-01 2.152257971465587616e-02 1.328736096620559692e-01 1.430744887329638004e-03 3.543756529688835144e-02 3.224182873964309692e-02 3.832804039120674133e-02 3.764746338129043579e-02 3.213234245777130127e-02 5.203486233949661255e-02 3.552601858973503113e-02 1.178958686068654060e-03 8.773025125265121460e-03 2.229178324341773987e-02 3.980738297104835510e-02 3.428456559777259827e-02 3.053237497806549072e-02 1.049350053071975708e-01 5.129636824131011963e-02 2.728945389389991760e-02 2.940552867949008942e-02 2.129193395376205444e-02 1.626636646687984467e-02 1.584751531481742859e-02 2.162978611886501312e-02 1.501244865357875824e-02 7.805685745552182198e-04 5.923231219640001655e-05 2.275242283940315247e-02 4.166325554251670837e-03 3.995306044816970825e-02 3.429768141359090805e-03 4.112078249454498291e-02 1.010314468294382095e-02 3.122750855982303619e-02 1.980209909379482269e-02 2.952984534204006195e-02 2.667048387229442596e-02 8.708784589543938637e-04 6.869134958833456039e-03 5.284271761775016785e-02 2.662405930459499359e-02 1.581046357750892639e-02 1.641881465911865234e-02 2.249210141599178314e-02 2.266763895750045776e-02 2.545635774731636047e-02 1.145143248140811920e-02 3.444999083876609802e-02 3.057135734707117081e-03 1.921877451241016388e-02 4.121894389390945435e-02 4.716615192592144012e-03 2.041367255151271820e-02 2.679662592709064484e-02 2.471130806952714920e-03 1.807175390422344208e-02 2.318937145173549652e-02 2.756196074187755585e-02 4.983873665332794189e-02 4.744394868612289429e-02 5.158049613237380981e-02 6.687987595796585083e-02 3.160557523369789124e-02 1.807669177651405334e-03 2.860567159950733185e-02 3.469143062829971313e-02 1.412275596521794796e-03 3.788266703486442566e-02 6.616353522986173630e-03 7.668864418519660830e-05 2.584270946681499481e-02 5.166308488696813583e-03 4.127697646617889404e-02 1.116575486958026886e-02 1.213484164327383041e-02 1.307994872331619263e-02 2.673983341082930565e-03 2.675469778478145599e-02 5.154182668775320053e-03 3.485332010313868523e-03 3.700053691864013672e-02 3.640471771359443665e-02 3.173903003334999084e-02 1.321198791265487671e-02 1.182861439883708954e-02 4.341455176472663879e-03 3.670238656923174858e-03 7.594227325171232224e-03
1.208521425724029541e-01 1.095835864543914795e-01 5.186458677053451538e-02 8.424633182585239410e-03 1.450703199952840805e-02 8.598349243402481079e-02 9.009850770235061646e-02 2.470110170543193817e-02 4.458246007561683655e-02 1.920761726796627045e-02 1.292856186628341675e-01 2.311925590038299561e-02 4.647196233272552490e-01 7.643850520253181458e-03 4.172992706298828125e-02 4.486137628555297852e-02 4.006260633468627930e-02 1.956046372652053833e-02 2.037060074508190155e-02 4.143780097365379333e-02 1.348469313234090805e-02 1.341423857957124710e-02 1.577983237802982330e-02 2.325245179235935211e-02 1.320029050111770630e-02 1.262079365551471710e-02 7.371664047241210938e-03 9.905299171805381775e-03 1.435255166143178940e-02 1.387142669409513474e-02 2.630780078470706940e-02 1.121625769883394241e-03 1.953684166073799133e-02 5.106111615896224976e-02 2.250659652054309845e-02 4.859171807765960693e-02 4.520587995648384094e-02 4.371599853038787842e-02 1.619467325508594513e-02 3.486495465040206909e-02 6.370250880718231201e-02 1.351453922688961029e-02 3.169999644160270691e-02 3.440300747752189636e-02 1.536069065332412720e-02 2.087171562016010284e-02 6.227189302444458008e-02 6.060127168893814087e-02 1.659149187617003918e-03 3.714934736490249634e-02 4.031905159354209900e-02 4.179722815752029419e-02 1.040750369429588318e-02 6.918189581483602524e-03 1.311880815774202347e-02 5.905678030103445053e-03 1.040456630289554596e-02 2.024823101237416267e-03 2.237955853343009949e-02 2.279868908226490021e-02 4.736671596765518188e-02 3.698534518480300903e-02 3.614877909421920776e-02 2.743680775165557861e-02 4.402650147676467896e-02 6.452107429504394531e-02 3.167981281876564026e-02 1.007964741438627243e-02 3.682654350996017456e-02 1.603795564733445644e-03 2.239183988422155380e-03 1.181822735816240311e-02 2.809552475810050964e-03 1.508298795670270920e-02 4.033713135868310928e-03 1.741883158683776855e-02 3.182490915060043335e-02 1.372762769460678101e-02 2.970776520669460297e-02 2.504564262926578522e-02 7.598406635224819183e-03 1.304422505199909210e-03 3.244825452566146851e-02 3.369170054793357849e-02 4.083773121237754822e-03 1.665385626256465912e-02 3.030742518603801727e-02 4.944344982504844666e-02 3.225799649953842163e-02 4.093687608838081360e-02 2.025915682315826416e-02 1.291276188567280769e-03 2.520018629729747772e-02 1.222693175077438354e-02 2.093681367114186287e-03 3.632569313049316406e-02 3.096764348447322845e-02 3.332551568746566772e-04 2.942542731761932373e-02 2.504207007586956024e-02 3.690598532557487488e-02 2.682066708803176880e-02 2.915526926517486572e-02 2.915555797517299652e-02 3.124903514981269836e-02 5.108753964304924011e-02 1.404197979718446732e-02 2.252104505896568298e-02 9.949203580617904663e-03 1.423382572829723358e-02 4.396027699112892151e-02 4.488312080502510071e-02 5.284773214953020215e-05 5.362260621041059494e-03 5.308301001787185669e-02 2.218680456280708313e-02
