4.902219474315643311e-01 1.504879295825958252e-01 3.520622476935386658e-02 2.454331889748573303e-02 3.924175724387168884e-02 1.333073675632476807e-01 1.423189938068389893e-01 3.369272872805595398e-02 2.014386467635631561e-02 1.803602091968059540e-02 1.449536085128784180e-01 8.540665730834007263e-03 1.246055588126182556e-01 1.446933951228857040e-02 1.354188285768032074e-02 1.097134687006473541e-02 2.167213475331664085e-03 1.916447281837463379e-02 3.895706729963421822e-03 9.280793368816375732e-03 2.975042909383773804e-02 1.908399164676666260e-02 2.988024242222309113e-02 2.202086709439754486e-02 3.331270441412925720e-02 1.503528933972120285e-02 4.555171355605125427e-03 2.251945436000823975e-03 3.426798060536384583e-02 5.796928703784942627e-02 1.911848783493041992e-02 4.257724620401859283e-03 4.058752581477165222e-02 1.967089436948299408e-02 2.117749489843845367e-02 2.757815644145011902e-02 1.004223804920911789e-02 1.986108347773551941e-02 2.664477005600929260e-02 3.668992221355438232e-02 2.129015978425741196e-03 3.048379160463809967e-02 2.904924191534519196e-02 2.316589094698429108e-02 2.887722104787826538e-02 4.833141714334487915e-02 3.039958886802196503e-02 3.309579193592071533e-02 7.429339457303285599e-03 5.516968667507171631e-02 2.539328113198280334e-02 2.518183551728725433e-02 1.046350412070751190e-02 4.493742808699607849e-02 1.515365019440650940e-02 1.694564521312713623e-02 6.949791219085454941e-03 1.571883633732795715e-02 3.070592880249023438e-02 2.548284456133842468e-02 3.497980907559394836e-02 1.637184806168079376e-02 8.223622106015682220e-03 3.232371062040328979e-02 4.865230619907379150e-02 4.385336488485336304e-02 5.354481749236583710e-03 4.263262450695037842e-02 1.062716729938983917e-02 2.497655805200338364e-03 1.827589981257915497e-02 4.934532567858695984e-02 2.042903192341327667e-02 4.766003694385290146e-03 3.352073952555656433e-02 4.862853884696960449e-02 2.521029114723205566e-02 3.528380766510963440e-02 1.399051584303379059e-02 6.137940799817442894e-04 5.192113667726516724e-02 5.025565996766090393e-02 4.260946065187454224e-02 2.964126318693161011e-02 7.940936484374105930e-04 1.689277030527591705e-02 1.696934923529624939e-02 1.836211606860160828e-02 8.231434971094131470e-03 1.547770947217941284e-02 2.767921425402164459e-02 2.599397674202919006e-02 2.379756420850753784e-02 1.740162074565887451e-02 4.356740042567253113e-02 7.300197612494230270e-03 1.110579352825880051e-02 4.512917995452880859e-02 1.107027102261781693e-02 1.240618620067834854e-02 1.747328415513038635e-02 4.631341248750686646e-02 2.150563895702362061e-02 2.566669322550296783e-02 2.860066108405590057e-02 4.087601229548454285e-02 2.549774758517742157e-02 4.282743483781814575e-02 4.004749283194541931e-02 2.732939273118972778e-02 1.844983547925949097e-02 1.841844804584980011e-02 2.134934812784194946e-02 2.918392233550548553e-02 1.000007893890142441e-02 4.785437509417533875e-02
1.504879295825958252e-01 4.860818088054656982e-01 2.859801240265369415e-02 2.837948873639106750e-02 2.736132405698299408e-02 1.082177162170410156e-01 1.297829151153564453e-01 3.629458695650100708e-02 3.612289438024163246e-03 9.418172761797904968e-03 1.319003403186798096e-01 4.972925782203674316e-02 1.246967613697052002e-01 3.358044102787971497e-02 1.738150045275688171e-02 1.495942845940589905e-02 1.012325170449912548e-03 4.452329128980636597e-02 3.298722580075263977e-02 3.316607698798179626e-02 3.579470096156001091e-03 2.507754229009151459e-02 6.830723490566015244e-03 1.496512722223997116e-02 2.701100893318653107e-02 2.265350706875324249e-02 1.287785917520523071e-02 2.141919918358325958e-02 1.126569323241710663e-02 4.178268089890480042e-02 2.666931971907615662e-02 3.490067552775144577e-03 3.330491855740547180e-02 1.328770350664854050e-02 1.046254183165729046e-03 6.720285397022962570e-03 1.866908557713031769e-02 3.044560737907886505e-02 4.486228153109550476e-02 4.827231541275978088e-02 1.237178966403007507e-02 1.167270075529813766e-02 1.239750534296035767e-03 4.278250038623809814e-02 2.006152831017971039e-02 4.133232310414314270e-02 2.560361754149198532e-03 6.822466850280761719e-03 1.611039275303483009e-03 4.992309957742691040e-02 1.387112122029066086e-02 2.582750096917152405e-02 5.475398618727922440e-03 2.886279858648777008e-02 1.355933304876089096e-02 1.694657839834690094e-02 2.843270637094974518e-02 2.599232643842697144e-02 2.838228270411491394e-02 2.021891809999942780e-02 3.967985510826110840e-02 2.705100737512111664e-02 1.969693228602409363e-02 4.674951732158660889e-02 3.507448360323905945e-02 2.942036092281341553e-02 2.925689332187175751e-02 2.223805990070104599e-03 1.137374062091112137e-02 4.743751883506774902e-02 4.885610178462229669e-05 1.086646784096956253e-02 1.568864285945892334e-02 2.655800431966781616e-02 2.288627438247203827e-02 2.341915294528007507e-02 1.890993793494999409e-03 1.064989529550075531e-02 9.575339034199714661e-03 3.384172916412353516e-02 5.417677760124206543e-02 4.870388284325599670e-02 3.966328501701354980e-02 2.190260961651802063e-02 1.200996246188879013e-02 2.800543420016765594e-02 1.630420796573162079e-02 4.959739279001951218e-03 4.156294465065002441e-02 3.716929629445075989e-02 1.115141808986663818e-02 3.303994238376617432e-02 4.444980248808860779e-02 1.614050357602536678e-03 2.291553094983100891e-02 8.438763208687305450e-03 8.676021359860897064e-03 3.124062158167362213e-02 1.968843862414360046e-03 5.934844724833965302e-03 3.684555485961027443e-05 6.452239467762410641e-04 1.155972853302955627e-02 3.395414724946022034e-02 1.717910170555114746e-02 2.058992162346839905e-02 8.590639568865299225e-03 3.274232521653175354e-02 1.576067507266998291e-02 2.160240709781646729e-02 2.120739221572875977e-02 2.220255695283412933e-02 5.270661786198616028e-03 1.057143229991197586e-02 7.141808513551950455e-03 5.349170416593551636e-02
3.520622476935386658e-02 2.859801240265369415e-02 4.622642099857330322e-01 1.320953387767076492e-02 1.827677711844444275e-02 3.022176772356033325e-02 3.345645964145660400e-02 7.309866696596145630e-02 3.816252946853637695e-02 9.117241948843002319e-03 4.786682128906250000e-02 1.915762946009635925e-02 5.031359195709228516e-02 5.019744485616683960e-02 7.424734067171812057e-03 2.102964324876666069e-03 7.120496593415737152e-03 4.405672103166580200e-02 3.026005066931247711e-02 1.111209392547607422e-02 4.553663078695535660e-03 2.391304261982440948e-02 2.486719936132431030e-02 2.200938574969768524e-02 1.148044038563966751e-02 1.389860734343528748e-02 1.012546196579933167e-02 2.090675197541713715e-02 2.373475726926699281e-04 6.037307903170585632e-03 1.574616692960262299e-02 3.213228285312652588e-02 3.787202760577201843e-02 1.044449023902416229e-02 8.636490383651107550e-05 2.644924633204936981e-02 1.332427281886339188e-02 6.224113982170820236e-03 3.989525884389877319e-02 2.017690241336822510e-02 3.685832768678665161e-02 2.852775715291500092e-02 7.995760440826416016e-02 7.575315888971090317e-03 1.258359843632206321e-04 1.070647966116666794e-02 1.827615313231945038e-03 3.132848069071769714e-02 1.199892163276672363e-02 2.784652868285775185e-03 3.991423919796943665e-02 8.111085742712020874e-02 4.606530815362930298e-02 1.703684777021408081e-02 4.828848689794540405e-02 3.498432040214538574e-02 3.916175290942192078e-02 3.436993062496185303e-02 1.232339628040790558e-02 3.285962715744972229e-02 6.632240954786539078e-03 2.943477593362331390e-02 2.356412447988986969e-02 3.789378702640533447e-02 4.362637177109718323e-02 5.434852465987205505e-02 3.037769533693790436e-02 4.896229505538940430e-02 2.547291293740272522e-02 3.863506019115447998e-02 3.264888375997543335e-02 5.467069894075393677e-02 3.423257172107696533e-02 3.150694444775581360e-02 5.847740918397903442e-03 2.678829617798328400e-02 1.134442724287509918e-02 2.111333049833774567e-02 1.500116288661956787e-02 2.824655501171946526e-03 2.845249883830547333e-02 3.275695722550153732e-03 1.413697656244039536e-02 1.768217235803604126e-02 3.621393069624900818e-02 1.493097934871912003e-02 5.026652477681636810e-03 2.974352426826953888e-02 4.009975492954254150e-02 4.839447885751724243e-02 1.228567212820053101e-02 2.049073576927185059e-02 5.649542808532714844e-02 1.587690599262714386e-02 3.437569737434387207e-02 2.779459580779075623e-02 3.303759172558784485e-02 1.587228663265705109e-02 4.098471999168395996e-02 5.047072097659111023e-02 1.369396038353443146e-02 7.307501044124364853e-03 4.001162014901638031e-03 4.363997280597686768e-02 2.828206494450569153e-02 3.903842344880104065e-02 4.291354678571224213e-03 1.495977025479078293e-02 6.403630599379539490e-03 4.040220379829406738e-02 1.409254875034093857e-02 3.802412003278732300e-02 5.388130247592926025e-02 4.924167320132255554e-02 3.153096884489059448e-02 1.645385287702083588e-02
2.454331889748573303e-02 2.837948873639106750e-02 1.320953387767076492e-02 4.671497642993927002e-01 1.188297048211097717e-01 7.781207095831632614e-04 3.698787838220596313e-02 4.518621787428855896e-02 1.512399595230817795e-02 9.457102976739406586e-03 2.929602004587650299e-02 2.241930365562438965e-02 1.809157431125640869e-02 2.187089994549751282e-02 4.575145989656448364e-02 5.771236121654510498e-02 5.791622772812843323e-02 5.037568975239992142e-03 2.248257631435990334e-03 1.858017221093177795e-02 3.582553192973136902e-02 5.203170701861381531e-02 2.738415030762553215e-03 2.077090926468372345e-02 2.273147401865571737e-04 3.819029778242111206e-02 5.316482484340667725e-02 1.116332784295082092e-02 3.442498296499252319e-02 3.003267105668783188e-03 4.364731907844543457e-02 9.988645091652870178e-03 3.771885856986045837e-02 3.331073746085166931e-02 4.002403840422630310e-02 1.487367507070302963e-02 4.986331611871719360e-02 2.540265209972858429e-02 8.667795360088348389e-02 5.486005451530218124e-03 1.339442096650600433e-02 2.662264183163642883e-02 3.524074796587228775e-03 3.548084199428558350e-02 3.738245740532875061e-02 4.212515428662300110e-02 3.628864139318466187e-02 2.533054351806640625e-02 1.228211796842515469e-03 1.832249388098716736e-02 1.412698347121477127e-02 4.754259809851646423e-02 1.842576079070568085e-02 1.327043678611516953e-02 7.832563482224941254e-03 1.717557944357395172e-02 2.180424146354198456e-02 2.733903378248214722e-02 4.661877080798149109e-02 4.426104947924613953e-02 6.143682077527046204e-02 6.422250531613826752e-03 1.405864208936691284e-02 2.881916239857673645e-02 7.043305318802595139e-03 5.283404141664505005e-03 2.462841756641864777e-02 3.686158359050750732e-02 5.014398694038391113e-02 4.858130216598510742e-02 2.263163588941097260e-02 5.299946293234825134e-02 3.947820886969566345e-02 4.023633897304534912e-02 4.268217086791992188e-02 3.118438832461833954e-02 4.497307166457176208e-02 3.043867275118827820e-02 2.907883562147617340e-02 9.089292958378791809e-03 2.009986527264118195e-02 9.224243462085723877e-03 6.114944443106651306e-02 2.433689869940280914e-02 7.613831548951566219e-04 3.238017112016677856e-02 4.202262964099645615e-03 1.720645278692245483e-02 7.900538854300975800e-03 1.651902310550212860e-02 3.827953711152076721e-02 1.602937094867229462e-02 6.058279890567064285e-03 7.207104470580816269e-03 2.298789471387863159e-02 3.522412152960896492e-04 9.887601248919963837e-03 4.118165001273155212e-02 2.360744256293401122e-04 4.043800756335258484e-02 3.701613517478108406e-03 1.603396981954574585e-02 4.405002575367689133e-03 2.836234308779239655e-02 7.205552887171506882e-03 2.156133949756622314e-02 2.876085042953491211e-02 1.762540824711322784e-02 9.668894112110137939e-03 3.655795007944107056e-02 3.808525204658508301e-02 2.488409355282783508e-02 1.371149998158216476e-02 2.517333999276161194e-02 2.991282008588314056e-02 4.749796539545059204e-02
3.924175724387168884e-02 2.736132405698299408e-02 1.827677711844444275e-02 1.188297048211097717e-01 4.640981256961822510e-01 2.410082332789897919e-02 2.363879792392253876e-02 4.567055776715278625e-02 7.442275062203407288e-03 2.214290434494614601e-03 2.639329247176647186e-02 4.770715255290269852e-03 1.986926980316638947e-02 3.235771507024765015e-02 4.212129861116409302e-02 1.278041768819093704e-02 8.119371719658374786e-03 3.706876561045646667e-02 1.048756018280982971e-02 2.983659319579601288e-02 2.432102151215076447e-02 1.922177337110042572e-02 3.910609707236289978e-02 1.519825030118227005e-02 1.615921407938003540e-02 4.332671314477920532e-02 2.357538789510726929e-02 3.621268784627318382e-03 1.128306961618363857e-03 5.020664259791374207e-02 2.367180213332176208e-02 2.605026587843894958e-02 4.206191375851631165e-02 1.606553234159946442e-02 2.636867761611938477e-02 3.602339327335357666e-02 2.970490977168083191e-02 1.453393790870904922e-02 3.273408114910125732e-02 3.623951971530914307e-02 5.112535133957862854e-02 7.381813600659370422e-03 1.476003526477143168e-04 4.983245395123958588e-03 4.573465138673782349e-02 4.105079919099807739e-02 4.896689672023057938e-03 1.324008684605360031e-02 4.032323136925697327e-02 2.682038955390453339e-02 2.895616181194782257e-02 1.347726117819547653e-02 3.053498826920986176e-02 1.817281357944011688e-02 4.898095503449440002e-02 1.667294092476367950e-02 2.264517545700073242e-02 3.890232881531119347e-03 1.864499226212501526e-02 2.442277036607265472e-02 1.036571618169546127e-02 3.127665072679519653e-02 3.873096406459808350e-02 1.092010177671909332e-02 4.953782074153423309e-03 1.179544837214052677e-03 1.071166247129440308e-02 5.855602025985717773e-02 1.076062023639678955e-02 3.315697982907295227e-02 1.409977767616510391e-02 4.574484378099441528e-02 1.818023808300495148e-02 2.553535997867584229e-02 9.745836257934570312e-02 1.025175489485263824e-02 2.759933657944202423e-02 9.942319244146347046e-03 6.162965670228004456e-03 7.242108695209026337e-03 2.878555096685886383e-02 1.506636478006839752e-02 2.651346661150455475e-02 5.629520118236541748e-02 5.566488951444625854e-03 1.598552241921424866e-02 4.292770754545927048e-03 1.191369909793138504e-02 4.833873733878135681e-02 4.718245193362236023e-02 2.228991128504276276e-02 2.283310703933238983e-02 2.760276012122631073e-02 8.624131791293621063e-03 7.314893882721662521e-03 4.149985685944557190e-02 3.836746141314506531e-02 4.037098586559295654e-02 1.170328631997108459e-02 2.155366819351911545e-03 1.349579263478517532e-02 2.464667428284883499e-03 3.586595132946968079e-02 5.886322818696498871e-03 9.925424819812178612e-04 2.399463020265102386e-02 3.831866011023521423e-02 1.110195182263851166e-02 2.800390822812914848e-03 3.821827098727226257e-02 2.307157497853040695e-03 5.391043610870838165e-03 1.903517358005046844e-02 1.562371943145990372e-02 1.222953666001558304e-02 2.327107079327106476e-02
1.333073675632476807e-01 1.082177162170410156e-01 3.022176772356033325e-02 7.781207095831632614e-04 2.410082332789897919e-02 4.770165085792541504e-01 1.620957404375076294e-01 2.769082970917224884e-02 1.305588148534297943e-02 7.901262724772095680e-04 1.102009564638137817e-01 6.665038317441940308e-02 9.076631814241409302e-02 4.758873954415321350e-02 3.557917103171348572e-02 1.614487729966640472e-02 1.742120645940303802e-02 2.994721010327339172e-02 4.071940109133720398e-02 1.931700622662901878e-03 1.942784152925014496e-02 2.758654206991195679e-02 1.832003518939018250e-02 1.368417963385581970e-02 3.186297416687011719e-02 1.111244130879640579e-02 2.075198478996753693e-02 2.710911445319652557e-02 5.758937075734138489e-02 6.735213100910186768e-03 4.478826001286506653e-02 2.276888862252235413e-02 2.517426759004592896e-02 2.133118361234664917e-02 4.024027660489082336e-02 2.806411683559417725e-02 3.645403310656547546e-02 6.480626761913299561e-03 4.431347921490669250e-02 9.856574237346649170e-03 2.434654720127582550e-02 4.825937747955322266e-02 3.161231428384780884e-02 3.660562634468078613e-02 7.544623687863349915e-03 1.690368354320526123e-02 6.806329637765884399e-02 5.404474958777427673e-02 2.919804118573665619e-02 4.856792278587818146e-03 2.549943700432777405e-02 3.204355388879776001e-02 2.832573093473911285e-02 2.750878455117344856e-03 3.511571511626243591e-02 3.115356527268886566e-02 2.865284914150834084e-03 1.050418056547641754e-02 3.177045285701751709e-02 4.113494977355003357e-02 9.556598961353302002e-03 2.172372676432132721e-02 1.815733686089515686e-02 1.984878676012158394e-03 5.932081863284111023e-02 3.522113338112831116e-02 3.792735747992992401e-03 9.849699214100837708e-03 4.347585514187812805e-02 1.079764217138290405e-02 5.487964488565921783e-03 3.119033202528953552e-02 7.725731469690799713e-03 1.371731981635093689e-02 3.141815541312098503e-03 1.829405198805034161e-03 7.220734842121601105e-03 6.058562081307172775e-03 2.191259153187274933e-02 4.357844963669776917e-02 1.704655587673187256e-02 3.764393925666809082e-02 9.883922524750232697e-03 1.983873080462217331e-03 1.271405536681413651e-02 1.944782771170139313e-02 1.463026832789182663e-02 1.612602919340133667e-02 6.249189842492341995e-03 3.626538068056106567e-02 5.199629068374633789e-02 2.916521858423948288e-03 2.083100378513336182e-02 7.654430344700813293e-03 2.109531313180923462e-02 3.385537117719650269e-02 4.731176886707544327e-03 2.252049744129180908e-02 3.434420004487037659e-02 3.418614715337753296e-02 3.721015155315399170e-02 5.355384200811386108e-02 1.793285459280014038e-02 2.908075600862503052e-02 3.402900695800781250e-02 4.004117846488952637e-02 9.074359200894832611e-03 2.723240107297897339e-02 5.088226497173309326e-02 1.986449584364891052e-02 1.018718723207712173e-02 5.181198939681053162e-02 2.418635040521621704e-02 3.873760625720024109e-02 1.416406873613595963e-02 1.284557743929326534e-03
1.423189938068389893e-01 1.297829151153564453e-01 3.345645964145660400e-02 3.698787838220596313e-02 2.363879792392253876e-02 1.620957404375076294e-01 4.900647401809692383e-01 4.818489030003547668e-02 2.608432620763778687e-02 2.752159908413887024e-02 1.475075036287307739e-01 4.658899828791618347e-02 1.150579303503036499e-01 2.526959590613842010e-02 3.825466614216566086e-03 1.108735892921686172e-02 1.368292234838008881e-02 1.898994296789169312e-02 2.262339368462562561e-02 2.122010476887226105e-02 2.322516031563282013e-02 1.049812883138656616e-02 2.505638077855110168e-02 3.001970984041690826e-02 4.469303041696548462e-02 6.859122309833765030e-03 6.162567529827356339e-03 1.063687726855278015e-02 5.826912447810173035e-02 1.951913535594940186e-02 2.447161450982093811e-02 1.307193469256162643e-02 4.290647804737091064e-02 1.059110928326845169e-02 8.237762376666069031e-03 4.120927304029464722e-02 2.249154448509216309e-02 8.656839840114116669e-03 8.371008560061454773e-03 2.983454801142215729e-02 2.999326912686228752e-03 2.295423485338687897e-02 2.076944895088672638e-02 3.061339631676673889e-02 1.591745205223560333e-02 3.299129009246826172e-02 6.164686754345893860e-02 1.045768633484840393e-01 3.277947008609771729e-02 2.412174269556999207e-02 1.700330339372158051e-02 3.049512021243572235e-02 1.167375780642032623e-02 2.192661724984645844e-02 2.420634776353836060e-02 2.773269452154636383e-02 4.041125252842903137e-02 1.770064048469066620e-02 4.374346509575843811e-02 2.197433821856975555e-02 4.311537370085716248e-02 1.254643965512514114e-02 5.296071060001850128e-03 4.374311119318008423e-02 5.707619711756706238e-02 7.365577667951583862e-02 1.104679889976978302e-02 1.269343402236700058e-02 2.701725997030735016e-02 3.018000908195972443e-02 6.164142396301031113e-03 2.186565473675727844e-02 1.060827076435089111e-02 4.523584246635437012e-02 4.390846937894821167e-02 2.972199395298957825e-02 2.396752825006842613e-03 2.351587451994419098e-02 5.348177254199981689e-02 1.170216128230094910e-02 2.913256548345088959e-02 3.223225101828575134e-02 6.040484644472599030e-03 1.324992068111896515e-02 3.202399611473083496e-02 1.662233844399452209e-02 9.137190878391265869e-03 1.336984615772962570e-02 2.090311981737613678e-02 3.487919643521308899e-02 1.415278017520904541e-02 1.481417100876569748e-02 1.908840984106063843e-02 1.392056513577699661e-02 3.604986146092414856e-02 8.410081267356872559e-03 1.992459781467914581e-02 3.512310236692428589e-02 2.802478382363915443e-03 2.565529011189937592e-02 1.172002963721752167e-02 2.111678011715412140e-02 8.863391354680061340e-03 4.968698602169752121e-03 1.904457621276378632e-02 2.223257673904299736e-03 7.809746544808149338e-03 5.198246333748102188e-03 1.689813658595085144e-02 3.671639785170555115e-02 5.231829732656478882e-02 5.405855551362037659e-02 8.422032697126269341e-04 5.820610094815492630e-03 3.061992581933736801e-03 3.197634592652320862e-02
3.369272872805595398e-02 3.629458695650100708e-02 7.309866696596145630e-02 4.518621787428855896e-02 4.567055776715278625e-02 2.769082970917224884e-02 4.818489030003547668e-02 4.643935859203338623e-01 9.044222533702850342e-03 3.555683419108390808e-02 4.534270614385604858e-02 2.226170897483825684e-02 4.080576077103614807e-02 3.364947438240051270e-02 1.103958934545516968e-01 1.741985604166984558e-02 5.656511336565017700e-02 1.442186255007982254e-02 1.082973089069128036e-02 2.099488116800785065e-02 3.115836530923843384e-02 6.262002885341644287e-02 4.854296520352363586e-02 2.227439917623996735e-02 2.098846994340419769e-02 3.095049411058425903e-02 4.594209790229797363e-02 3.237743675708770752e-02 5.852220579981803894e-03 1.302514411509037018e-02 3.655227599665522575e-03 5.128896236419677734e-02 7.952705956995487213e-03 3.889971598982810974e-02 3.898160997778177261e-03 4.814581200480461121e-02 7.554821670055389404e-02 5.636681243777275085e-02 4.373010993003845215e-02 3.414142504334449768e-02 1.442521996796131134e-02 3.039710223674774170e-02 1.854462665505707264e-03 5.808899644762277603e-03 1.157256867736577988e-02 3.564820066094398499e-02 3.244776651263237000e-02 8.818118833005428314e-03 2.925519086420536041e-02 2.051201835274696350e-02 2.332929335534572601e-02 5.518207326531410217e-02 1.351216156035661697e-02 6.189206149429082870e-03 2.906174026429653168e-02 4.931105673313140869e-02 1.877873390913009644e-02 2.392680617049336433e-03 6.264676339924335480e-03 3.243006765842437744e-02 2.709767408668994904e-02 2.804239466786384583e-02 1.402903627604246140e-02 4.629928246140480042e-02 2.221553027629852295e-02 4.514824599027633667e-02 2.781967259943485260e-02 1.444122404791414738e-03 2.097153104841709137e-02 1.139542460441589355e-02 3.618111088871955872e-02 2.356693521142005920e-02 1.443064305931329727e-02 3.408057615160942078e-02 3.075013309717178345e-02 7.148222997784614563e-03 2.859649062156677246e-02 4.882508143782615662e-02 2.246248535811901093e-02 2.959930337965488434e-02 7.688424736261367798e-02 6.296014785766601562e-02 2.573921717703342438e-02 2.759522991254925728e-03 1.133553870022296906e-02 4.228267353028059006e-03 3.649943321943283081e-02 3.375915065407752991e-02 2.713653258979320526e-02 2.022737450897693634e-02 2.098613232374191284e-02 1.829450763761997223e-02 3.315881639719009399e-02 3.790357708930969238e-02 9.683620184659957886e-03 8.197168819606304169e-03 3.359515592455863953e-02 3.669565310701727867e-03 3.459851071238517761e-02 1.262004487216472626e-02 2.657317928969860077e-02 1.878179609775543213e-02 1.073923055082559586e-02 2.773677371442317963e-02 9.707713499665260315e-03 1.200712099671363831e-02 2.893656725063920021e-03 1.535606104880571365e-03 3.156375372782349586e-03 2.150020375847816467e-02 1.158396806567907333e-02 7.579521276056766510e-03 3.344750730320811272e-03 4.001319035887718201e-02 6.833440158516168594e-03 2.938740071840584278e-04
2.014386467635631561e-02 3.612289438024163246e-03 3.816252946853637695e-02 1.512399595230817795e-02 7.442275062203407288e-03 1.305588148534297943e-02 2.608432620763778687e-02 9.044222533702850342e-03 4.793197512626647949e-01 9.894018620252609253e-02 1.453088130801916122e-02 1.092135161161422729e-02 9.490071795880794525e-03 9.418723173439502716e-03 9.228226728737354279e-03 2.508143708109855652e-02 8.057900704443454742e-03 8.698893338441848755e-02 6.076240539550781250e-02 9.858857840299606323e-03 2.869392186403274536e-02 1.971804536879062653e-02 2.888569235801696777e-02 2.202604524791240692e-02 4.181957617402076721e-02 3.574501350522041321e-02 1.313344761729240417e-02 4.640845209360122681e-02 2.786213718354701996e-02 8.904802380129694939e-04 4.499988630414009094e-02 1.433914527297019958e-02 1.953243650496006012e-02 3.360590338706970215e-02 1.564830541610717773e-02 2.656307071447372437e-02 6.823828443884849548e-03 4.657351598143577576e-02 1.903142593801021576e-02 5.138099193572998047e-03 5.626343190670013428e-03 5.890949070453643799e-02 3.696745261549949646e-02 6.224345415830612183e-03 6.804950069636106491e-03 1.635919325053691864e-02 4.534441977739334106e-02 3.236046805977821350e-02 6.314093619585037231e-02 3.948592767119407654e-02 4.392707347869873047e-02 4.430967196822166443e-02 3.415217623114585876e-02 5.043872818350791931e-02 1.096704527735710144e-01 2.028318308293819427e-02 3.317457437515258789e-02 4.807620868086814880e-02 1.013258658349514008e-02 1.611641608178615570e-02 4.098649695515632629e-02 2.242141962051391602e-02 2.331520058214664459e-02 1.781525276601314545e-02 1.098009990528225899e-03 1.300722546875476837e-02 4.375569522380828857e-02 4.220880940556526184e-02 9.098088741302490234e-02 4.234278574585914612e-02 9.524392895400524139e-03 3.123281709849834442e-02 3.946614637970924377e-02 4.429922625422477722e-02 2.480199746787548065e-02 1.619163784198462963e-03 1.536189019680023193e-01 9.400483965873718262e-02 6.046982854604721069e-02 6.510778516530990601e-02 3.992230072617530823e-02 4.106858745217323303e-02 3.096106648445129395e-02 2.879180759191513062e-02 2.464103884994983673e-02 3.957498073577880859e-02 3.288069739937782288e-03 1.806896924972534180e-02 3.758986294269561768e-02 1.411498337984085083e-02 2.088977769017219543e-02 3.714976459741592407e-02 3.882328793406486511e-02 3.055893257260322571e-02 1.918447553180158138e-03 1.516530010849237442e-02 4.040800407528877258e-02 4.328810423612594604e-02 8.882735855877399445e-03 1.190531766042113304e-03 5.017255619168281555e-02 1.781054027378559113e-02 6.112835370004177094e-03 2.445932477712631226e-02 2.987483283504843712e-03 3.283059224486351013e-02 3.023103997111320496e-02 1.916710473597049713e-02 3.595277667045593262e-02 1.613682322204113007e-02 3.743860498070716858e-02 3.820602968335151672e-02 3.282582387328147888e-02 1.175835495814681053e-03 2.441336028277873993e-02 4.381160810589790344e-02
1.803602091968059540e-02 9.418172761797904968e-03 9.117241948843002319e-03 9.457102976739406586e-03 2.214290434494614601e-03 7.901262724772095680e-04 2.752159908413887024e-02 3.555683419108390808e-02 9.894018620252609253e-02 4.832771420478820801e-01 8.713918738067150116e-03 3.606458008289337158e-02 6.916679441928863525e-03 1.763215102255344391e-02 3.598835552111268044e-03 5.408253055065870285e-03 2.991713583469390869e-02 3.534219041466712952e-02 1.097146347165107727e-01 4.191999137401580811e-02 2.958943881094455719e-02 2.712636254727840424e-02 1.052932720631361008e-02 4.132680967450141907e-02 4.206722974777221680e-02 3.103523142635822296e-02 5.042613297700881958e-02 9.296398609876632690e-03 3.279499337077140808e-02 8.591449819505214691e-03 2.653492055833339691e-02 1.423630584031343460e-02 2.838452160358428955e-02 1.820944622159004211e-02 4.288905858993530273e-02 3.543038293719291687e-02 2.647382766008377075e-02 1.979584060609340668e-02 3.646185249090194702e-02 2.031692303717136383e-02 7.182778324931859970e-03 1.518781855702400208e-02 3.105150535702705383e-02 4.522352665662765503e-02 2.822028659284114838e-02 7.257681339979171753e-02 2.356192655861377716e-02 2.668393030762672424e-02 3.648245707154273987e-02 9.284540265798568726e-02 4.681912437081336975e-02 1.922442577779293060e-02 3.891292214393615723e-02 2.119318395853042603e-02 3.439512476325035095e-02 4.001529887318611145e-02 5.874679610133171082e-02 1.557469181716442108e-02 9.729664772748947144e-03 1.539245713502168655e-02 1.445644162595272064e-02 6.088687223382294178e-04 1.593817397952079773e-02 4.368759691715240479e-02 4.268701002001762390e-02 3.349632397294044495e-02 4.102737829089164734e-02 2.474473416805267334e-02 6.032419204711914062e-02 1.665204414166510105e-03 1.685940951574593782e-04 5.725909024477005005e-03 1.483032200485467911e-02 4.129267483949661255e-02 3.796171024441719055e-02 2.437865920364856720e-02 4.919486865401268005e-02 1.231335774064064026e-01 4.729092121124267578e-02 1.373246163129806519e-01 3.210664913058280945e-02 5.715282168239355087e-03 1.992316171526908875e-02 9.223936498165130615e-02 1.219334732741117477e-02 4.176788404583930969e-02 5.434141959995031357e-03 7.332637323997914791e-04 3.267735010012984276e-03 3.239490464329719543e-02 2.892342582345008850e-02 3.703661262989044189e-02 2.561669237911701202e-02 4.656190425157546997e-02 6.712189875543117523e-03 2.662083506584167480e-02 3.245273232460021973e-02 4.856648668646812439e-02 2.978294529020786285e-02 1.315463986247777939e-02 4.180500283837318420e-03 5.471685528755187988e-02 1.341056730598211288e-02 1.948150061070919037e-02 1.888937689363956451e-02 3.591331839561462402e-02 2.007482107728719711e-03 3.722224012017250061e-02 3.195170313119888306e-02 4.576281085610389709e-02 3.709395229816436768e-02 3.954180702567100525e-02 3.168478235602378845e-02 2.980942651629447937e-02 2.368257194757461548e-02 2.564532123506069183e-02
1.449536085128784180e-01 1.319003403186798096e-01 4.786682128906250000e-02 2.929602004587650299e-02 2.639329247176647186e-02 1.102009564638137817e-01 1.475075036287307739e-01 4.534270614385604858e-02 1.453088130801916122e-02 8.713918738067150116e-03 4.906079769134521484e-01 4.487341642379760742e-02 1.269365698099136353e-01 1.938171684741973877e-02 3.542678430676460266e-02 1.168193574994802475e-02 2.447488345205783844e-02 1.105357613414525986e-02 1.328572724014520645e-02 1.270780619233846664e-02 4.839495755732059479e-03 9.620076045393943787e-03 1.029285788536071777e-02 1.399194169789552689e-02 1.281908992677927017e-02 3.262404724955558777e-02 1.050995197147130966e-03 6.828091107308864594e-03 3.934036195278167725e-02 2.247933484613895416e-02 3.214624896645545959e-02 8.188972249627113342e-03 3.030135668814182281e-02 5.626948550343513489e-03 3.076608665287494659e-02 1.381671335548162460e-02 2.762509975582361221e-03 1.417915523052215576e-02 4.286429658532142639e-02 2.725683711469173431e-02 1.863315887749195099e-02 1.972258836030960083e-02 1.689475774765014648e-02 1.339250151067972183e-02 7.865713909268379211e-03 3.514131903648376465e-02 2.490187808871269226e-02 3.598954901099205017e-02 1.111456751823425293e-02 3.965356945991516113e-02 3.573445603251457214e-02 4.201373830437660217e-02 8.227206766605377197e-03 4.528471827507019043e-02 1.135170273482799530e-02 1.764018274843692780e-02 4.611207917332649231e-02 4.709798842668533325e-02 2.419589087367057800e-02 9.424771997146308422e-04 4.077800735831260681e-02 2.237770520150661469e-02 3.553061513230204582e-03 8.790565654635429382e-03 6.581764668226242065e-02 7.573066651821136475e-02 5.188600625842809677e-03 1.657718792557716370e-02 2.513447543606162071e-03 2.537217549979686737e-02 4.266833420842885971e-03 4.321898892521858215e-02 4.514624364674091339e-03 4.288119077682495117e-02 4.278606176376342773e-02 4.388695582747459412e-02 1.467951014637947083e-02 1.649445155635476112e-03 1.194411981850862503e-02 2.491123415529727936e-02 4.358451068401336670e-02 4.961561784148216248e-02 2.319767884910106659e-02 1.668170280754566193e-02 2.323540300130844116e-02 1.326224207878112793e-02 2.365276962518692017e-02 3.923190291970968246e-03 3.405220434069633484e-02 3.317309543490409851e-02 2.313268557190895081e-02 2.809608913958072662e-02 2.381103299558162689e-02 1.764755137264728546e-02 2.283672802150249481e-02 6.854512728750705719e-03 3.341083973646163940e-02 4.387846216559410095e-02 1.380618568509817123e-02 3.005675971508026123e-02 2.290563285350799561e-02 3.395140171051025391e-02 4.457199573516845703e-02 3.342442214488983154e-02 2.775716222822666168e-02 2.707293443381786346e-02 2.547579817473888397e-03 3.060905262827873230e-02 2.748645655810832977e-02 4.904613643884658813e-02 4.625580087304115295e-02 3.306908532977104187e-02 1.056124269962310791e-02 1.270733680576086044e-02 9.887238964438438416e-03 4.671955108642578125e-02
8.540665730834007263e-03 4.972925782203674316e-02 1.915762946009635925e-02 2.241930365562438965e-02 4.770715255290269852e-03 6.665038317441940308e-02 4.658899828791618347e-02 2.226170897483825684e-02 1.092135161161422729e-02 3.606458008289337158e-02 4.487341642379760742e-02 4.695555269718170166e-01 4.246285930275917053e-02 2.164859175682067871e-01 5.205000191926956177e-02 5.812751594930887222e-03 4.129638895392417908e-03 3.407309204339981079e-02 5.074753426015377045e-03 4.188342951238155365e-03 5.299836397171020508e-02 3.309068828821182251e-02 2.677104994654655457e-02 1.553676743060350418e-02 7.057250477373600006e-03 1.744433678686618805e-02 4.312215000391006470e-02 1.098542958498001099e-01 3.503101691603660583e-02 7.027223706245422363e-02 2.178177470341324806e-03 1.530116703361272812e-02 1.632751524448394775e-02 9.069534018635749817e-03 4.589558765292167664e-02 4.312799870967864990e-02 3.602893278002738953e-02 4.296641796827316284e-02 3.375919163227081299e-02 4.673620685935020447e-02 1.543753687292337418e-02 3.806636109948158264e-02 6.990901194512844086e-03 2.526858821511268616e-02 1.394061092287302017e-02 2.951435977593064308e-03 9.442117996513843536e-03 3.940142691135406494e-02 1.553480327129364014e-02 2.671592682600021362e-02 3.886969387531280518e-02 4.021813627332448959e-03 3.303435817360877991e-02 1.232160720974206924e-02 2.812957577407360077e-02 3.431313484907150269e-02 5.538482591509819031e-02 6.206364370882511139e-03 9.635219350457191467e-03 4.472283273935317993e-02 3.794351220130920410e-02 1.150880288332700729e-02 2.115189656615257263e-02 7.054015062749385834e-03 4.234660416841506958e-02 4.374142736196517944e-02 1.693321764469146729e-02 3.362533450126647949e-02 2.784535288810729980e-02 1.424669288098812103e-03 1.211733929812908173e-02 4.306799918413162231e-02 8.942781016230583191e-03 5.105865187942981720e-03 5.122166499495506287e-02 8.488735556602478027e-02 3.018690645694732666e-02 4.022310301661491394e-02 8.882083930075168610e-03 5.262017250061035156e-02 5.049861967563629150e-03 8.117703720927238464e-03 1.333696953952312469e-02 1.451205648481845856e-02 5.212790518999099731e-02 1.962870359420776367e-03 1.012750901281833649e-02 3.710114583373069763e-02 8.764483779668807983e-02 5.554595962166786194e-02 3.072437644004821777e-02 3.180730715394020081e-02 4.775502532720565796e-02 3.245284408330917358e-02 6.791374832391738892e-02 3.368081897497177124e-02 1.086542941629886627e-02 6.284648925065994263e-02 3.333533555269241333e-02 1.670420914888381958e-02 4.300782456994056702e-02 9.474673308432102203e-03 2.109070308506488800e-02 3.110235184431076050e-02 5.486188456416130066e-04 4.524597432464361191e-03 3.134441375732421875e-02 9.395769797265529633e-03 1.809296198189258575e-03 2.307315915822982788e-02 4.913674667477607727e-02 3.575150296092033386e-02 3.467142581939697266e-02 2.604755759239196777e-02 2.712284214794635773e-02 4.034450277686119080e-02
1.246055588126182556e-01 1.246967613697052002e-01 5.031359195709228516e-02 1.809157431125640869e-02 1.986926980316638947e-02 9.076631814241409302e-02 1.150579303503036499e-01 4.080576077103614807e-02 9.490071795880794525e-03 6.916679441928863525e-03 1.269365698099136353e-01 4.246285930275917053e-02 4.872306883335113525e-01 4.191291332244873047e-02 1.804379373788833618e-02 8.184785023331642151e-03 2.340310439467430115e-02 3.594212979078292847e-02 1.747063547372817993e-02 4.865025728940963745e-02 2.867862349376082420e-03 3.234758228063583374e-02 2.936713397502899170e-02 3.143136575818061829e-02 3.852340206503868103e-02 4.591198638081550598e-03 3.127211704850196838e-02 1.510031707584857941e-02 2.633836865425109863e-02 2.338986843824386597e-02 3.329145535826683044e-02 1.055240537971258163e-02 4.800732806324958801e-02 5.274731665849685669e-03 1.608330756425857544e-02 2.981972694396972656e-02 9.453613311052322388e-03 1.070305332541465759e-02 4.288774728775024414e-02 3.094272129237651825e-02 2.503077499568462372e-02 3.731728531420230865e-03 1.861178688704967499e-02 3.876088187098503113e-02 2.785542421042919159e-02 3.156520426273345947e-02 5.944768432527780533e-03 2.472976455464959145e-03 4.676793236285448074e-03 3.174100816249847412e-02 7.834011688828468323e-03 1.226589269936084747e-02 2.159418538212776184e-02 6.310333497822284698e-03 1.323027908802032471e-02 5.372729618102312088e-03 2.102822810411453247e-02 2.927261218428611755e-02 1.865153387188911438e-02 7.549969013780355453e-03 3.848112002015113831e-02 1.323160994797945023e-02 3.306251764297485352e-02 2.355983480811119080e-02 5.196356773376464844e-02 8.402350544929504395e-02 1.707167178392410278e-02 1.213761698454618454e-02 2.158050425350666046e-02 5.204113200306892395e-02 2.510821679607033730e-03 5.515010282397270203e-02 1.253134757280349731e-02 3.388834372162818909e-02 4.333055391907691956e-02 4.548991471529006958e-02 9.244545944966375828e-04 1.440757326781749725e-02 4.995751660317182541e-03 2.460411004722118378e-02 5.227158218622207642e-02 4.368354007601737976e-02 3.078402765095233917e-02 4.861686844378709793e-03 3.124267095699906349e-03 7.345072459429502487e-03 1.609166525304317474e-02 1.058155670762062073e-02 3.984164074063301086e-02 4.218491911888122559e-02 6.519441027194261551e-03 2.454453893005847931e-02 4.943490028381347656e-02 2.510607428848743439e-02 8.785850368440151215e-03 1.204924751073122025e-02 7.832670584321022034e-03 4.300737380981445312e-02 9.382121264934539795e-03 6.903765257447957993e-03 2.677015028893947601e-02 1.637972518801689148e-02 2.117828093469142914e-02 2.814512141048908234e-02 1.199492905288934708e-02 2.633737865835428238e-03 2.929535694420337677e-02 2.302434295415878296e-02 2.514616772532463074e-02 2.386469952762126923e-02 2.236494980752468109e-02 1.876841671764850616e-02 1.261537428945302963e-02 8.512123022228479385e-04 1.076282467693090439e-03 3.766343742609024048e-02
