4.660921990871429443e-01 2.146454006433486938e-01 3.986825793981552124e-02 1.535530574619770050e-02 2.770877070724964142e-02 1.693220734596252441e-01 1.328812986612319946e-01 2.410104870796203613e-02 1.879940275102853775e-03 3.726519644260406494e-02 1.682017594575881958e-01 2.474852651357650757e-02 1.533909738063812256e-01 1.547634880989789963e-02 4.683203995227813721e-02 3.236074745655059814e-02 3.492410480976104736e-02 5.897757597267627716e-03 3.361956775188446045e-02 1.530923694372177124e-02 1.767054572701454163e-02 4.106685146689414978e-02 4.453277215361595154e-02 2.949233353137969971e-02 2.789344452321529388e-02 2.034953981637954712e-02 1.561709307134151459e-02 2.793806418776512146e-02 5.436052381992340088e-02 3.207834810018539429e-02 3.639479354023933411e-02 3.973644226789474487e-02 2.239049971103668213e-02 9.737179614603519440e-03 2.978894626721739769e-03 3.131574019789695740e-02 4.052756354212760925e-02 1.235899981111288071e-02 6.871228106319904327e-03 8.493367582559585571e-03 3.617809340357780457e-02 1.535416860133409500e-02 2.361161075532436371e-02 4.690811503678560257e-03 3.423429653048515320e-02 5.666013341397047043e-03 9.498587995767593384e-02 5.829275771975517273e-02 8.741652593016624451e-03 2.786511555314064026e-02 1.009077858179807663e-02 3.983962908387184143e-02 4.837904870510101318e-02 4.476264491677284241e-02 2.741401083767414093e-02 3.047713637351989746e-02 2.808133140206336975e-02 2.699671313166618347e-02 1.992466277442872524e-04 3.756505623459815979e-02 5.780925508588552475e-03 3.354697674512863159e-02 3.175767138600349426e-02 4.227535426616668701e-02 1.398161146789789200e-02 1.227313373237848282e-02 7.522284053266048431e-03 1.950748264789581299e-02 1.099071465432643890e-02 3.763765469193458557e-02 1.651412993669509888e-02 1.669335365295410156e-02 3.986307606101036072e-02 3.335786238312721252e-02 1.808850653469562531e-02 8.399788290262222290e-03 1.192759443074464798e-02 3.584188222885131836e-02 3.687287447974085808e-03 1.457778643816709518e-02 3.581636771559715271e-02 3.000087477266788483e-02 2.911765826866030693e-03 4.302299581468105316e-03 6.834302563220262527e-03 7.720912341028451920e-03 9.657057933509349823e-03 7.960725575685501099e-03 1.458973437547683716e-02 4.393779113888740540e-02 9.920855984091758728e-03 2.028756588697433472e-02 5.236667115241289139e-03 1.810435764491558075e-02 1.296806149184703827e-02 1.718177646398544312e-02 1.568338088691234589e-02 1.782358251512050629e-02 1.154743507504463196e-02 1.147910114377737045e-02 2.422479353845119476e-02 1.620722003281116486e-02 2.688320912420749664e-02 2.430230379104614258e-02 4.376942291855812073e-03 4.370355606079101562e-02 5.048320442438125610e-02 1.045683491975069046e-02 3.239152207970619202e-02 1.961687020957469940e-02 9.195662103593349457e-03 7.196576800197362900e-03 1.886465400457382202e-02 4.682198166847229004e-02 2.323430380783975124e-04 3.939444571733474731e-02
2.146454006433486938e-01 4.718738198280334473e-01 1.218023616820573807e-02 9.860691614449024200e-03 1.894814707338809967e-02 1.659287214279174805e-01 1.432415843009948730e-01 1.666126586496829987e-02 3.184896195307374001e-03 3.987118974328041077e-02 1.457063704729080200e-01 1.216416060924530029e-02 1.737063080072402954e-01 4.508701339364051819e-02 4.217833280563354492e-02 2.723467350006103516e-02 3.205433487892150879e-02 4.974407609552145004e-03 1.897154934704303741e-02 4.036676883697509766e-02 8.835092303343117237e-04 3.075577318668365479e-02 5.070396140217781067e-02 3.225874528288841248e-02 3.402422368526458740e-02 1.214884594082832336e-02 3.098159283399581909e-02 3.334400430321693420e-02 4.241203889250755310e-02 2.956341952085494995e-02 5.151052027940750122e-02 2.155526354908943176e-02 1.602359814569354057e-03 6.826060358434915543e-03 1.957881264388561249e-02 2.655117586255073547e-02 3.806587308645248413e-02 3.589543700218200684e-02 3.688735514879226685e-02 7.638791576027870178e-03 1.165604032576084137e-02 6.827320903539657593e-03 3.153024241328239441e-02 1.497290190309286118e-02 3.542875126004219055e-02 7.613957393914461136e-03 1.020661965012550354e-01 8.799798786640167236e-02 6.950812414288520813e-03 2.063938975334167480e-02 1.400489918887615204e-02 3.042503632605075836e-02 3.625187650322914124e-02 4.479012265801429749e-02 3.114596381783485413e-02 4.037203267216682434e-02 1.591467671096324921e-02 1.885871216654777527e-02 2.565252035856246948e-02 3.351611644029617310e-02 2.051832713186740875e-02 1.913000084459781647e-02 3.686830401420593262e-02 3.854483366012573242e-02 1.701287738978862762e-02 4.488401114940643311e-02 3.466211957857012749e-03 2.275642752647399902e-02 2.333532460033893585e-02 5.230011790990829468e-02 1.526377722620964050e-02 1.915491744875907898e-02 3.272987529635429382e-02 2.074030786752700806e-02 2.420483529567718506e-02 2.511753700673580170e-03 1.965991407632827759e-02 3.798358887434005737e-02 6.421892438083887100e-03 1.789585500955581665e-02 3.129080310463905334e-02 2.611691504716873169e-02 2.884766831994056702e-02 3.016208671033382416e-02 1.087909098714590073e-02 1.258794404566287994e-02 9.153098799288272858e-03 3.267155587673187256e-02 3.860117576550692320e-04 2.418357878923416138e-02 4.657834768295288086e-02 1.827162317931652069e-02 4.949286580085754395e-02 1.619636267423629761e-02 4.184280056506395340e-03 4.973986651748418808e-03 3.361551207490265369e-04 1.502921921201050282e-03 5.283817276358604431e-02 2.129028923809528351e-02 4.752006009221076965e-02 9.265134111046791077e-03 3.505982086062431335e-02 9.497190825641155243e-03 2.794508449733257294e-02 4.578991234302520752e-02 2.358100749552249908e-02 8.786901831626892090e-03 4.004494845867156982e-02 1.979814097285270691e-02 1.079352106899023056e-02 2.188960835337638855e-02 1.033781468868255615e-02 3.222135081887245178e-02 1.878556981682777405e-02 3.575519844889640808e-02
3.986825793981552124e-02 1.218023616820573807e-02 4.001726210117340088e-01 1.411954127252101898e-02 2.729545533657073975e-02 3.926708549261093140e-02 2.631637826561927795e-02 1.339431386440992355e-03 4.903044924139976501e-02 1.089540962129831314e-02 2.225749893113970757e-03 2.286463417112827301e-02 9.458400309085845947e-03 1.724580116569995880e-02 2.840507775545120239e-02 3.148421272635459900e-02 3.569100052118301392e-02 2.446145378053188324e-02 1.887731254100799561e-02 3.833379596471786499e-02 1.346253696829080582e-02 3.095095977187156677e-02 4.747029021382331848e-02 9.874133393168449402e-03 8.374821394681930542e-03 2.603506296873092651e-02 3.988479822874069214e-02 3.910788148641586304e-02 2.910856530070304871e-02 1.630974560976028442e-02 2.998965606093406677e-02 2.975531294941902161e-02 3.562009707093238831e-02 9.399185888469219208e-03 3.473533689975738525e-02 1.274757459759712219e-02 6.788990925997495651e-03 3.162260353565216064e-02 3.029857203364372253e-02 1.508129201829433441e-02 3.241504728794097900e-02 8.677215315401554108e-03 5.284206941723823547e-02 2.934988122433423996e-03 3.206682205200195312e-02 5.107579380273818970e-02 8.112159557640552521e-03 8.947906084358692169e-03 5.875274073332548141e-03 1.902468269690871239e-03 1.014322601258754730e-02 3.685508668422698975e-02 9.059863165020942688e-03 1.697051525115966797e-02 2.444960922002792358e-02 1.330070290714502335e-02 2.122316136956214905e-02 3.467323258519172668e-02 4.093995317816734314e-03 5.295869335532188416e-02 7.428693585097789764e-03 4.183993488550186157e-02 4.232121631503105164e-02 1.253329310566186905e-02 4.840194061398506165e-02 1.410489715635776520e-02 3.823798522353172302e-02 4.081381019204854965e-03 2.452945709228515625e-02 3.076066449284553528e-02 1.715049520134925842e-02 1.735399477183818817e-02 5.030170548707246780e-03 3.796270489692687988e-02 3.566756844520568848e-03 2.489893138408660889e-02 4.354389011859893799e-02 9.335170499980449677e-03 2.363601233810186386e-03 9.211247414350509644e-02 1.801946312189102173e-01 1.094638407230377197e-01 1.779231010004878044e-03 1.616567751625552773e-04 1.862270524725317955e-03 6.574784405529499054e-03 2.703835815191268921e-02 4.824205487966537476e-02 2.087471820414066315e-02 2.970988675951957703e-02 1.619048789143562317e-02 1.435713563114404678e-02 8.797976188361644745e-03 3.771039098501205444e-02 7.297716801986098289e-04 2.017289400100708008e-02 1.933207036927342415e-03 3.110103495419025421e-02 3.459944203495979309e-02 4.495288059115409851e-02 3.184456750750541687e-02 1.245016232132911682e-02 3.365054726600646973e-02 2.834827871993184090e-03 4.054333642125129700e-02 5.793781951069831848e-03 3.514076769351959229e-02 1.789260655641555786e-02 5.004609376192092896e-02 1.509385462850332260e-02 1.448020804673433304e-02 4.656503349542617798e-02 1.478765439242124557e-02 6.811110675334930420e-02 2.676807902753353119e-02 6.908379960805177689e-03
1.535530574619770050e-02 9.860691614449024200e-03 1.411954127252101898e-02 4.246675372123718262e-01 3.109537363052368164e-01 2.481262199580669403e-03 7.820056751370429993e-03 1.084890309721231461e-02 1.809230260550975800e-02 1.502079144120216370e-02 1.964151486754417419e-02 5.163344740867614746e-02 3.055746294558048248e-02 1.420717500150203705e-02 3.817017748951911926e-02 1.550171710550785065e-02 2.325572632253170013e-02 2.920226426795125008e-03 2.702714316546916962e-02 1.207003649324178696e-02 8.903115056455135345e-03 1.791599392890930176e-02 2.939697727560997009e-02 3.420296311378479004e-02 3.212489560246467590e-02 1.168378721922636032e-02 3.417849540710449219e-02 4.086600989103317261e-02 1.898626424372196198e-02 1.159423962235450745e-02 6.218018243089318275e-04 4.825092852115631104e-02 4.705528542399406433e-02 1.410460937768220901e-02 1.167639531195163727e-02 1.882141828536987305e-02 4.280685447156429291e-03 4.347644001245498657e-02 8.318933844566345215e-02 1.040422730147838593e-02 4.815646260976791382e-02 1.444688532501459122e-02 3.609641268849372864e-02 1.063347049057483673e-02 1.507219672203063965e-02 1.819523796439170837e-02 3.672949224710464478e-02 2.723384648561477661e-02 4.174490645527839661e-02 3.360209986567497253e-02 2.552809193730354309e-02 2.806862443685531616e-02 2.140179043635725975e-03 8.238984271883964539e-03 4.869602248072624207e-02 1.680849492549896240e-02 2.340590022504329681e-02 4.627203941345214844e-02 4.215280711650848389e-02 3.225562721490859985e-02 6.416557729244232178e-02 4.004715755581855774e-02 1.350949611514806747e-02 1.680604740977287292e-02 8.189992979168891907e-03 2.699025720357894897e-02 2.874151244759559631e-02 8.474137634038925171e-03 5.685196816921234131e-02 4.662170540541410446e-03 2.505575492978096008e-02 8.557629771530628204e-03 1.564276367425918579e-01 7.655094377696514130e-03 1.037877872586250305e-01 6.454549729824066162e-04 2.980460179969668388e-03 1.994538493454456329e-02 2.834317274391651154e-02 3.436139598488807678e-02 2.014638483524322510e-02 3.560597077012062073e-02 3.825946897268295288e-02 3.296963125467300415e-02 3.044679574668407440e-02 5.087482556700706482e-02 1.749340817332267761e-02 1.937833055853843689e-02 1.144342590123414993e-02 3.969886153936386108e-02 5.317385308444499969e-03 1.415599696338176727e-02 2.825701236724853516e-02 3.599590435624122620e-02 2.850587666034698486e-02 3.623488917946815491e-02 2.856474742293357849e-02 1.632905006408691406e-02 1.055404543876647949e-02 3.617973253130912781e-02 1.449072640389204025e-02 3.461054712533950806e-02 2.082189917564392090e-02 2.624421566724777222e-02 3.233078867197036743e-02 3.883127123117446899e-02 3.872092068195343018e-02 2.236324828118085861e-03 1.498485635966062546e-02 1.309017091989517212e-02 3.289420902729034424e-02 7.443252950906753540e-03 2.709146589040756226e-02 1.774190180003643036e-02 3.931200131773948669e-02 1.704065501689910889e-02
2.770877070724964142e-02 1.894814707338809967e-02 2.729545533657073975e-02 3.109537363052368164e-01 4.116173088550567627e-01 2.779190056025981903e-02 3.062435984611511230e-02 1.799222640693187714e-02 6.931904354132711887e-04 4.188707470893859863e-02 1.308802329003810883e-02 3.584160655736923218e-02 1.569436304271221161e-02 2.637767419219017029e-02 5.623733159154653549e-04 4.844860639423131943e-03 1.065580546855926514e-02 1.323795598000288010e-02 1.064110361039638519e-02 2.557565085589885712e-02 7.320892531424760818e-03 4.271513968706130981e-02 3.011431917548179626e-02 1.615573652088642120e-02 1.038836129009723663e-02 1.761114224791526794e-02 5.834953486919403076e-02 4.543465748429298401e-02 7.241261191666126251e-03 4.384401068091392517e-02 2.083352580666542053e-02 5.316649563610553741e-03 3.173308447003364563e-02 3.719480335712432861e-02 2.539721503853797913e-02 2.902485243976116180e-02 6.088043563067913055e-03 2.910579927265644073e-02 6.039649993181228638e-02 5.396523699164390564e-02 2.397571690380573273e-02 3.518327698111534119e-02 5.155613645911216736e-03 2.297713793814182281e-02 2.114916034042835236e-02 8.339799940586090088e-03 2.210954762995243073e-02 3.251234069466590881e-02 3.760603070259094238e-02 1.011344138532876968e-03 2.983434498310089111e-02 5.245507135987281799e-02 1.801076903939247131e-02 4.256846383213996887e-03 3.952853754162788391e-02 1.574656153024989180e-06 2.031078189611434937e-02 3.377090021967887878e-02 6.725178658962249756e-02 2.079114317893981934e-03 3.798941150307655334e-02 6.707215309143066406e-02 3.603129833936691284e-02 3.116672858595848083e-02 3.982482850551605225e-02 8.486979641020298004e-03 3.581744059920310974e-02 1.778949238359928131e-02 1.825319603085517883e-03 3.052548877894878387e-02 1.721920073032379150e-02 2.885524742305278778e-02 5.238255113363265991e-02 3.466731868684291840e-03 8.285394310951232910e-02 8.754013688303530216e-04 2.941058203577995300e-02 1.938101276755332947e-02 1.453540287911891937e-02 2.370987087488174438e-02 1.929807662963867188e-02 9.504412300884723663e-03 1.781149953603744507e-02 1.179457157850265503e-01 2.617210336029529572e-02 1.172115560621023178e-02 1.461818814277648926e-02 3.958731889724731445e-02 3.229570388793945312e-02 2.426755987107753754e-02 3.631370607763528824e-03 1.618269644677639008e-02 3.337302431464195251e-02 1.944918185472488403e-02 1.339002605527639389e-02 2.143571339547634125e-02 3.107098676264286041e-02 4.487259313464164734e-03 3.325836732983589172e-02 2.715115435421466827e-02 1.094778440892696381e-02 2.488898299634456635e-02 1.405012141913175583e-02 1.729454845190048218e-02 3.943832963705062866e-02 1.745785004459321499e-03 1.342958677560091019e-02 4.981202259659767151e-02 4.654564429074525833e-03 1.052902545779943466e-03 4.235088452696800232e-02 2.985760383307933807e-02 4.162374418228864670e-03 7.183653768151998520e-03 4.328944534063339233e-02 9.682123782113194466e-04
1.693220734596252441e-01 1.659287214279174805e-01 3.926708549261093140e-02 2.481262199580669403e-03 2.779190056025981903e-02 4.708692729473114014e-01 1.473545432090759277e-01 2.027054876089096069e-02 3.704827278852462769e-02 7.723697461187839508e-03 1.493721306324005127e-01 4.316175356507301331e-03 1.282668411731719971e-01 4.968506842851638794e-02 1.538172177970409393e-02 3.748974204063415527e-02 3.562858700752258301e-02 3.255123645067214966e-02 2.441358193755149841e-02 3.114837221801280975e-02 4.230035096406936646e-02 1.179237663745880127e-02 3.856138512492179871e-02 2.106228098273277283e-02 3.712810203433036804e-02 2.102106995880603790e-02 6.105169188231229782e-03 4.496739059686660767e-02 2.257609926164150238e-02 2.831906639039516449e-02 1.478015072643756866e-02 2.277110144495964050e-02 3.486345231067389250e-04 2.505746297538280487e-02 3.403467312455177307e-02 1.705248723737895489e-03 6.813746877014636993e-03 2.583912573754787445e-02 3.220798820257186890e-02 2.191919833421707153e-02 1.965181156992912292e-02 1.056055817753076553e-02 5.023288354277610779e-02 9.626450017094612122e-03 2.435290953144431114e-03 4.868886992335319519e-02 1.349061876535415649e-01 5.884378030896186829e-02 1.394531782716512680e-02 1.619584299623966217e-02 3.614042326807975769e-02 2.783467993140220642e-02 3.595671802759170532e-02 8.515386842191219330e-03 1.457437407225370407e-02 1.379796210676431656e-02 9.440870024263858795e-03 2.164480043575167656e-03 2.590556256473064423e-02 4.261098057031631470e-02 6.907168310135602951e-03 4.310480505228042603e-02 3.428122401237487793e-02 3.566900268197059631e-02 1.974845118820667267e-02 5.017083138227462769e-02 2.628764882683753967e-02 1.155493222177028656e-02 1.491001062095165253e-02 4.765151441097259521e-02 3.489547222852706909e-02 1.349994447082281113e-03 2.773671410977840424e-02 2.247390337288379669e-02 2.038712240755558014e-02 1.919291354715824127e-02 1.020313613116741180e-02 1.382161211222410202e-02 3.181098029017448425e-02 3.045955486595630646e-02 3.647950664162635803e-02 1.603320427238941193e-02 2.188443951308727264e-02 2.067710459232330322e-02 3.127248212695121765e-02 4.302497580647468567e-02 1.067173085175454617e-03 6.124642677605152130e-03 3.495838120579719543e-02 5.464710760861635208e-03 7.972833700478076935e-03 1.954706571996212006e-02 1.109016779810190201e-02 3.539855405688285828e-02 3.411541692912578583e-03 7.909633219242095947e-03 9.360695257782936096e-03 7.102665025740861893e-03 1.513742376118898392e-02 1.512971520423889160e-02 5.088800191879272461e-02 4.217589274048805237e-02 3.278811275959014893e-02 3.423889726400375366e-02 4.095422104001045227e-02 3.750219196081161499e-02 1.508238725364208221e-03 6.271030288189649582e-03 2.580620907247066498e-02 6.216298043727874756e-02 4.045901447534561157e-02 1.428081281483173370e-02 2.874132059514522552e-02 1.561690401285886765e-02 3.076647175475955009e-03 3.668869659304618835e-02
1.328812986612319946e-01 1.432415843009948730e-01 2.631637826561927795e-02 7.820056751370429993e-03 3.062435984611511230e-02 1.473545432090759277e-01 4.682877063751220703e-01 4.064216464757919312e-02 2.946053445339202881e-02 2.788268215954303741e-02 1.251922249794006348e-01 6.571484357118606567e-02 1.008899211883544922e-01 1.107268035411834717e-01 6.343402783386409283e-04 1.334363967180252075e-02 7.623883429914712906e-04 3.042108006775379181e-02 2.345102466642856598e-02 9.863461367785930634e-03 4.027570039033889771e-02 2.900427579879760742e-02 6.504485383629798889e-03 3.920274227857589722e-02 3.271945193409919739e-02 3.259354457259178162e-02 1.239289343357086182e-02 7.727882824838161469e-03 5.259938910603523254e-02 9.668146260082721710e-03 1.454437244683504105e-02 3.849944472312927246e-02 7.776638027280569077e-03 1.678880304098129272e-02 5.012483149766921997e-02 4.536568000912666321e-02 1.344583556056022644e-02 2.910318225622177124e-02 2.430178783833980560e-02 1.281251478940248489e-02 1.542413514107465744e-02 2.415924705564975739e-02 5.129512399435043335e-02 1.188863068819046021e-02 6.015142891556024551e-03 5.082200095057487488e-02 9.665881097316741943e-02 1.000228971242904663e-01 2.305607683956623077e-02 1.611304702237248421e-03 1.450206711888313293e-02 4.785670712590217590e-02 5.497979000210762024e-02 1.480922754853963852e-02 1.278398372232913971e-02 2.798717655241489410e-02 4.549143090844154358e-02 2.370224520564079285e-02 1.243851426988840103e-02 3.172645345330238342e-02 1.043821801431477070e-03 1.644601486623287201e-02 3.340946137905120850e-02 7.582013960927724838e-03 1.724756136536598206e-02 1.488328725099563599e-02 7.397398818284273148e-03 2.088497858494520187e-03 4.373022541403770447e-02 3.429079800844192505e-02 5.008568242192268372e-02 2.879377827048301697e-02 2.185989171266555786e-02 4.945410043001174927e-02 2.891527302563190460e-02 1.012186612933874130e-02 5.518218874931335449e-02 1.882911473512649536e-02 3.611772879958152771e-02 1.832536607980728149e-02 2.660151198506355286e-02 1.864923723042011261e-02 1.010398194193840027e-02 3.911043051630258560e-03 3.692586347460746765e-02 4.845038056373596191e-02 1.295438688248395920e-02 5.833470728248357773e-03 5.468790233135223389e-02 2.849452011287212372e-02 2.953337319195270538e-02 2.459770441055297852e-02 3.721818700432777405e-02 2.894048579037189484e-02 2.801699005067348480e-02 9.217356331646442413e-03 1.316356007009744644e-02 1.479928568005561829e-02 1.739779859781265259e-02 1.659966446459293365e-02 1.896107220090925694e-03 4.437800869345664978e-02 3.389736637473106384e-02 4.067782312631607056e-02 3.256953507661819458e-02 2.468950301408767700e-02 4.549428820610046387e-02 2.384757995605468750e-02 2.684373781085014343e-02 7.133765518665313721e-02 2.001278847455978394e-02 1.588639616966247559e-02 4.762649536132812500e-03 1.077848859131336212e-02 1.080803223885595798e-03 4.233605042099952698e-02
2.410104870796203613e-02 1.666126586496829987e-02 1.339431386440992355e-03 1.084890309721231461e-02 1.799222640693187714e-02 2.027054876089096069e-02 4.064216464757919312e-02 4.116327166557312012e-01 2.669778279960155487e-02 3.175948932766914368e-02 2.068506181240081787e-02 2.953516878187656403e-02 4.669857770204544067e-02 4.168102145195007324e-02 8.222751319408416748e-02 9.973188862204551697e-03 2.537443488836288452e-02 1.061697583645582199e-02 4.082064609974622726e-03 3.163697198033332825e-02 4.521171376109123230e-02 9.279464371502399445e-03 1.977484300732612610e-02 2.092598704621195793e-03 8.072501048445701599e-03 7.753034587949514389e-03 2.631678804755210876e-02 2.283955551683902740e-02 7.368695922195911407e-03 3.759055584669113159e-02 9.479059837758541107e-03 1.388141140341758728e-02 2.377245202660560608e-02 4.766644537448883057e-02 1.290373783558607101e-02 1.473633665591478348e-02 4.678117576986551285e-03 3.841653466224670410e-03 3.177492320537567139e-02 1.445056986995041370e-03 1.758675277233123779e-02 2.869803085923194885e-02 9.859635494649410248e-03 2.992142178118228912e-02 4.303243383765220642e-02 3.658434003591537476e-02 4.066230356693267822e-02 1.000126916915178299e-02 3.573189675807952881e-02 4.505594819784164429e-02 2.480384148657321930e-02 1.498307287693023682e-02 1.353906281292438507e-02 2.188239246606826782e-02 3.889500349760055542e-02 4.272991046309471130e-02 3.229533880949020386e-02 8.163886144757270813e-03 2.248942665755748749e-02 1.367452368140220642e-02 4.064349457621574402e-02 1.029349304735660553e-02 5.717356107197701931e-04 2.134000696241855621e-02 3.844814002513885498e-02 3.986489400267601013e-02 4.752350505441427231e-03 4.682811349630355835e-02 5.506196990609169006e-03 2.375140786170959473e-02 1.534097455441951752e-02 3.299326077103614807e-02 4.831941798329353333e-02 3.825528547167778015e-02 5.604315549135208130e-02 3.688257932662963867e-02 2.405665814876556396e-02 4.613629356026649475e-02 4.587463662028312683e-02 3.533384203910827637e-02 1.817904296331107616e-03 7.462850958108901978e-02 4.643726721405982971e-02 2.884271787479519844e-03 2.361859753727912903e-02 1.128865592181682587e-02 1.200018823146820068e-02 7.825935631990432739e-02 5.153596866875886917e-03 1.472351513803005219e-02 1.193126477301120758e-02 3.126790374517440796e-02 2.126343362033367157e-02 2.776381000876426697e-02 9.775381535291671753e-03 2.307870239019393921e-02 1.807832159101963043e-03 1.985210180282592773e-02 3.718779422342777252e-03 3.045052755624055862e-03 6.029983982443809509e-02 3.720091283321380615e-02 1.639317255467176437e-03 3.868776373565196991e-03 2.852121368050575256e-02 9.965403005480766296e-03 5.578935146331787109e-02 3.857184574007987976e-02 5.387580394744873047e-02 2.607037685811519623e-02 5.265332292765378952e-03 1.659215427935123444e-02 3.387755423318594694e-04 8.394741453230381012e-03 1.667871326208114624e-02 2.210533246397972107e-02
1.879940275102853775e-03 3.184896195307374001e-03 4.903044924139976501e-02 1.809230260550975800e-02 6.931904354132711887e-04 3.704827278852462769e-02 2.946053445339202881e-02 2.669778279960155487e-02 4.506790041923522949e-01 1.167638376355171204e-01 4.100521653890609741e-02 6.611752510070800781e-02 3.781773522496223450e-02 3.446714486926794052e-03 5.418798327445983887e-02 3.036638721823692322e-02 6.394372321665287018e-03 9.065853804349899292e-02 5.536948889493942261e-02 5.286401719786226749e-04 4.266093298792839050e-02 3.077715635299682617e-02 3.647999837994575500e-02 4.887378215789794922e-02 2.494613453745841980e-02 4.821722209453582764e-02 3.632590919733047485e-02 3.399020060896873474e-02 2.500393241643905640e-02 3.766891360282897949e-02 1.390251331031322479e-02 3.925348445773124695e-02 4.990468174219131470e-02 3.864664584398269653e-02 4.944616928696632385e-02 3.509400412440299988e-02 8.899956941604614258e-03 2.448598109185695648e-02 4.711229726672172546e-02 1.275854650884866714e-02 3.213475644588470459e-02 1.404663175344467163e-02 1.367337349802255630e-02 4.135952889919281006e-02 3.631583973765373230e-02 5.898700281977653503e-02 1.110218651592731476e-02 2.412719652056694031e-02 3.745367377996444702e-02 3.929038345813751221e-02 1.718598231673240662e-02 4.968334361910820007e-02 2.696235291659832001e-02 3.882245346903800964e-02 6.191613897681236267e-02 4.169490933418273926e-02 1.397216785699129105e-02 5.760576203465461731e-02 4.304925352334976196e-02 3.725352883338928223e-02 1.173765119165182114e-02 3.230238333344459534e-02 2.813448384404182434e-02 3.745364025235176086e-02 3.096430934965610504e-02 2.004755102097988129e-02 2.240090072154998779e-02 2.183079347014427185e-02 8.129908889532089233e-02 8.845053613185882568e-03 1.719208550639450550e-03 4.056011885404586792e-02 4.772420600056648254e-02 1.154592074453830719e-02 6.463778018951416016e-02 9.901652112603187561e-03 1.305238604545593262e-01 1.356344763189554214e-02 1.218589618802070618e-01 3.114307671785354614e-02 1.754803024232387543e-02 4.899117629975080490e-03 1.915621757507324219e-02 9.681707248091697693e-03 2.421550452709197998e-02 1.663829199969768524e-02 5.061102099716663361e-03 3.149050055071711540e-03 1.003520116209983826e-01 2.143981121480464935e-02 1.171780284494161606e-02 5.570324137806892395e-02 1.593465730547904968e-02 1.032690424472093582e-02 3.847275860607624054e-03 1.461565028876066208e-02 3.783905506134033203e-02 1.202031411230564117e-02 1.976710371673107147e-02 4.857793077826499939e-02 4.357386205811053514e-04 3.410652652382850647e-02 7.096858229488134384e-03 3.284083912149071693e-03 3.605714812874794006e-02 1.902390457689762115e-02 7.041431963443756104e-03 4.920978471636772156e-02 3.873402625322341919e-02 8.876857347786426544e-03 3.311275318264961243e-02 1.251100469380617142e-02 4.226916283369064331e-02 9.186015464365482330e-03 2.032927796244621277e-02 4.000354558229446411e-02
3.726519644260406494e-02 3.987118974328041077e-02 1.089540962129831314e-02 1.502079144120216370e-02 4.188707470893859863e-02 7.723697461187839508e-03 2.788268215954303741e-02 3.175948932766914368e-02 1.167638376355171204e-01 4.471392631530761719e-01 2.634772285819053650e-02 2.575167827308177948e-02 4.278194159269332886e-02 5.798026453703641891e-03 2.909687161445617676e-02 1.169100683182477951e-02 1.956629566848278046e-02 5.902091786265373230e-02 1.825447827577590942e-01 2.965007536113262177e-02 2.694871276617050171e-02 3.463504463434219360e-02 6.363656371831893921e-03 5.647395551204681396e-02 3.968225419521331787e-02 3.735242784023284912e-02 1.759117282927036285e-02 2.907533780671656132e-04 3.050197288393974304e-02 4.799759760499000549e-02 1.875748857855796814e-02 3.165707690641283989e-03 9.953833185136318207e-03 8.696779608726501465e-03 3.437582775950431824e-02 1.880511082708835602e-02 1.297168154269456863e-02 3.408795222640037537e-02 4.778413102030754089e-02 1.659499108791351318e-02 1.852008863352239132e-03 2.960459142923355103e-02 3.407444804906845093e-02 2.670430578291416168e-02 2.284507639706134796e-02 1.110468897968530655e-02 7.581468671560287476e-04 1.596231712028384209e-03 1.570278219878673553e-02 6.036682799458503723e-02 1.518471539020538330e-02 2.552659809589385986e-02 2.657632529735565186e-02 4.453866928815841675e-02 7.290418259799480438e-03 1.314686387777328491e-01 4.367137700319290161e-02 1.310606952756643295e-02 3.077533096075057983e-02 1.357508730143308640e-02 5.077239125967025757e-02 4.022206738591194153e-02 3.359467163681983948e-02 3.254770115017890930e-02 4.129735752940177917e-03 3.171889111399650574e-02 3.465040400624275208e-02 4.877618327736854553e-02 3.238382562994956970e-02 5.438435450196266174e-02 5.032436922192573547e-02 4.078318923711776733e-02 2.658993192017078400e-02 4.503441974520683289e-02 5.304815620183944702e-02 3.024431318044662476e-02 1.965748891234397888e-02 1.540320664644241333e-01 8.258665353059768677e-02 1.486405134201049805e-01 3.370117023587226868e-02 3.172717988491058350e-02 5.274216178804636002e-03 1.092271134257316589e-01 1.364375744014978409e-02 7.509140670299530029e-02 4.077507182955741882e-02 1.577944681048393250e-02 3.812341601587831974e-04 5.830086395144462585e-02 4.904603213071823120e-02 2.097099320963025093e-03 3.924276679754257202e-02 2.887815353460609913e-04 3.301052749156951904e-02 4.068568814545869827e-03 8.760628290474414825e-03 1.426769234240055084e-02 1.174916885793209076e-02 1.551108807325363159e-02 2.873468957841396332e-02 2.015868388116359711e-02 9.651460684835910797e-03 2.099170535802841187e-02 2.393531613051891327e-02 4.187377914786338806e-02 1.673964783549308777e-02 4.956731945276260376e-02 2.435053884983062744e-02 1.915193535387516022e-02 2.656755037605762482e-02 3.852564468979835510e-02 2.296726964414119720e-02 1.534511335194110870e-03 3.092054091393947601e-02 2.114392444491386414e-02
1.682017594575881958e-01 1.457063704729080200e-01 2.225749893113970757e-03 1.964151486754417419e-02 1.308802329003810883e-02 1.493721306324005127e-01 1.251922249794006348e-01 2.068506181240081787e-02 4.100521653890609741e-02 2.634772285819053650e-02 4.768557846546173096e-01 4.795422311872243881e-03 1.621287465095520020e-01 3.876678273081779480e-02 2.281449735164642334e-02 3.584782779216766357e-02 3.472588583827018738e-02 2.964013256132602692e-02 3.042040020227432251e-02 2.885588817298412323e-02 3.397547081112861633e-02 6.011282280087471008e-02 2.425952255725860596e-02 8.218524046242237091e-03 3.495595231652259827e-02 4.401798546314239502e-02 2.843448333442211151e-02 3.887305408716201782e-02 4.305185005068778992e-02 3.321293368935585022e-02 3.072790428996086121e-02 2.747052535414695740e-02 4.644995555281639099e-02 1.225841417908668518e-02 9.670111350715160370e-03 3.455756232142448425e-02 6.213271524757146835e-03 1.121949637308716774e-03 4.049738124012947083e-02 4.039578139781951904e-02 4.752736166119575500e-02 1.380996592342853546e-02 4.747837036848068237e-02 8.752911351621150970e-03 4.537085443735122681e-02 3.254124149680137634e-02 1.179831624031066895e-01 5.024978518486022949e-02 2.504381537437438965e-02 4.492070060223340988e-03 3.676422685384750366e-02 1.981441304087638855e-02 1.275563985109329224e-02 3.580464050173759460e-02 1.528139412403106689e-02 4.221771657466888428e-02 2.599398791790008545e-02 4.361170902848243713e-02 3.131560981273651123e-02 3.187690675258636475e-02 3.836121782660484314e-02 5.304425954818725586e-02 3.418205678462982178e-02 1.719225198030471802e-02 7.795275747776031494e-02 6.563597917556762695e-02 1.259881909936666489e-02 1.973272301256656647e-02 8.561288006603717804e-03 7.368288934230804443e-04 2.504538930952548981e-02 5.089763924479484558e-02 2.093131281435489655e-02 4.964809492230415344e-02 6.349065224640071392e-04 1.306639984250068665e-02 1.725073531270027161e-02 3.499336913228034973e-02 3.084760531783103943e-02 1.480544917285442352e-02 1.622643321752548218e-02 2.270622178912162781e-02 1.736865378916263580e-02 2.381483092904090881e-02 2.653281204402446747e-02 5.058349110186100006e-03 3.815288096666336060e-02 2.967654261738061905e-03 6.273774430155754089e-03 4.318365454673767090e-02 4.773790016770362854e-02 6.641469895839691162e-02 1.067971065640449524e-02 6.068123131990432739e-02 3.805122571066021919e-03 1.645272225141525269e-02 8.886095136404037476e-03 3.283548867329955101e-04 3.336832625791430473e-03 3.445041365921497345e-03 1.303202193230390549e-02 4.408289864659309387e-02 3.197779506444931030e-02 3.375629335641860962e-02 1.596221700310707092e-02 3.726996481418609619e-02 3.948443382978439331e-02 3.993312641978263855e-02 1.751160807907581329e-02 3.738914057612419128e-02 2.173566445708274841e-02 3.469312330707907677e-03 1.259753480553627014e-02 1.239479705691337585e-02 3.439024463295936584e-02 2.033879421651363373e-02
2.474852651357650757e-02 1.216416060924530029e-02 2.286463417112827301e-02 5.163344740867614746e-02 3.584160655736923218e-02 4.316175356507301331e-03 6.571484357118606567e-02 2.953516878187656403e-02 6.611752510070800781e-02 2.575167827308177948e-02 4.795422311872243881e-03 4.427535235881805420e-01 1.524649839848279953e-02 1.870762407779693604e-01 4.272536374628543854e-03 4.363110661506652832e-02 2.712061256170272827e-02 1.286905352026224136e-02 2.456565573811531067e-02 3.236575867049396038e-04 2.420740015804767609e-02 4.225666634738445282e-03 8.238575607538223267e-02 5.668639764189720154e-02 3.269680216908454895e-02 3.037222288548946381e-02 3.894115239381790161e-02 9.294283390045166016e-02 1.534458342939615250e-02 5.883880704641342163e-02 4.377462435513734818e-03 2.534897252917289734e-02 1.198252663016319275e-02 3.422167152166366577e-02 3.035491704940795898e-02 1.183267775923013687e-02 7.011651527136564255e-03 1.430871058255434036e-02 1.794582232832908630e-02 3.090514801442623138e-02 2.617846429347991943e-02 3.944452852010726929e-02 2.823783084750175476e-02 4.209861159324645996e-03 2.491506561636924744e-02 5.955203622579574585e-02 4.333006218075752258e-02 2.715824171900749207e-02 1.817652396857738495e-02 7.585265487432479858e-02 2.618808485567569733e-02 1.672528684139251709e-02 1.889921166002750397e-02 4.612492024898529053e-02 4.844827577471733093e-02 1.396283600479364395e-02 8.911630138754844666e-03 4.817454889416694641e-02 5.483947694301605225e-03 4.240126535296440125e-02 5.404380336403846741e-02 1.133354194462299347e-02 2.951312251389026642e-02 2.297477051615715027e-02 4.241111502051353455e-02 3.198821470141410828e-02 3.546857833862304688e-02 1.392816752195358276e-02 5.928157828748226166e-03 3.902738168835639954e-02 2.307417243719100952e-02 1.178045291453599930e-02 1.624082680791616440e-03 4.402805864810943604e-02 2.029508119449019432e-03 2.186574973165988922e-02 6.442588567733764648e-02 1.077264547348022461e-02 5.008653923869132996e-02 5.057602748274803162e-02 3.076468594372272491e-02 2.584600076079368591e-02 1.494142785668373108e-02 1.370796840637922287e-02 3.239205805584788322e-03 1.698675192892551422e-02 1.332624256610870361e-02 4.667623341083526611e-02 8.573924005031585693e-02 8.527840673923492432e-02 1.550371386110782623e-02 4.816169664263725281e-02 2.366598462685942650e-03 1.079152897000312805e-02 2.876117266714572906e-02 4.506235942244529724e-02 2.965559624135494232e-02 3.065659478306770325e-02 2.221633680164813995e-02 4.168089106678962708e-02 1.626009866595268250e-02 2.794754877686500549e-02 3.486517444252967834e-02 3.579545998945832253e-03 3.894374892115592957e-02 1.914874091744422913e-02 2.549915947020053864e-02 2.552012912929058075e-02 1.166044548153877258e-02 6.588932126760482788e-02 2.016579965129494667e-03 2.954274648800492287e-03 4.918002709746360779e-02 2.718938980251550674e-03 5.085889250040054321e-03 1.296346262097358704e-02
1.533909738063812256e-01 1.737063080072402954e-01 9.458400309085845947e-03 3.055746294558048248e-02 1.569436304271221161e-02 1.282668411731719971e-01 1.008899211883544922e-01 4.669857770204544067e-02 3.781773522496223450e-02 4.278194159269332886e-02 1.621287465095520020e-01 1.524649839848279953e-02 4.750791192054748535e-01 5.307971686124801636e-02 8.096951991319656372e-02 2.693901769816875458e-02 2.330290712416172028e-02 3.874928131699562073e-02 1.569157838821411133e-02 3.219197690486907959e-02 2.233949862420558929e-02 6.112192571163177490e-02 2.545755915343761444e-02 1.157724019140005112e-02 3.015195578336715698e-02 3.319090232253074646e-02 3.511377843096852303e-03 3.484110906720161438e-02 2.343873120844364166e-02 4.323649406433105469e-02 4.316737875342369080e-02 3.709018602967262268e-02 4.359881952404975891e-02 7.562816143035888672e-03 1.925433799624443054e-02 3.842271491885185242e-02 2.669234015047550201e-02 7.135740946978330612e-03 3.943289816379547119e-02 2.435092069208621979e-02 4.141927510499954224e-02 1.637888490222394466e-03 4.714029654860496521e-02 2.957995794713497162e-02 3.323400765657424927e-02 7.040862925350666046e-03 8.322288095951080322e-02 5.101514980196952820e-02 2.034849114716053009e-02 1.744515635073184967e-02 2.594117447733879089e-02 2.746888063848018646e-02 2.807330153882503510e-02 4.414489492774009705e-03 4.612728022038936615e-03 3.018909320235252380e-02 2.169407345354557037e-02 4.094353318214416504e-02 1.991213671863079071e-02 1.852698624134063721e-02 1.479543559253215790e-02 3.217293694615364075e-02 2.727910876274108887e-02 2.589560858905315399e-02 6.696750223636627197e-02 9.694884717464447021e-02 8.114851079881191254e-03 6.361675448715686798e-03 1.330475043505430222e-02 1.448716223239898682e-02 2.922911942005157471e-02 2.853735722601413727e-02 3.725403919816017151e-02 3.851146996021270752e-02 3.524098917841911316e-02 2.751982025802135468e-02 1.187380589544773102e-02 3.312207013368606567e-02 2.350997738540172577e-02 3.761641215533018112e-03 1.554182264953851700e-02 1.125701703131198883e-02 7.063422817736864090e-03 2.295408211648464203e-02 8.261659182608127594e-03 5.097675602883100510e-03 5.625276267528533936e-02 7.176968455314636230e-02 1.825189031660556793e-02 3.625655919313430786e-02 6.274039298295974731e-02 4.838737472891807556e-02 5.245357751846313477e-02 6.236917525529861450e-02 3.136102808639407158e-03 5.848887376487255096e-03 1.377548323944211006e-03 1.445408165454864502e-02 4.104842990636825562e-02 2.716129086911678314e-02 3.024639561772346497e-02 1.052282005548477173e-02 1.983986422419548035e-02 2.021111920475959778e-02 2.444911561906337738e-02 3.403008729219436646e-02 2.361849509179592133e-02 3.423148393630981445e-02 3.807728737592697144e-02 1.506289374083280563e-02 2.933311834931373596e-02 2.030583843588829041e-02 3.081430681049823761e-03 1.758242212235927582e-02 5.272246897220611572e-02 3.228690102696418762e-02
