5.539469718933105469e-01 1.874994486570358276e-01 5.406893789768218994e-03 1.220898237079381943e-02 3.569284453988075256e-02 1.599741131067276001e-01 1.459552198648452759e-01 3.336479142308235168e-02 1.716306619346141815e-02 9.372338652610778809e-03 1.522853970527648926e-01 1.268047606572508812e-03 1.257641911506652832e-01 1.434516347944736481e-02 2.099546790122985840e-02 6.396592594683170319e-03 2.491550731065217406e-05 8.471409790217876434e-03 3.952497988939285278e-02 1.563592627644538879e-02 1.827461179345846176e-03 3.456628322601318359e-02 1.435397076420485973e-03 9.063920937478542328e-03 2.523392997682094574e-02 2.042457275092601776e-02 1.099022338166832924e-03 2.536779455840587616e-02 4.649802297353744507e-02 3.441581502556800842e-02 1.335719693452119827e-02 6.415880471467971802e-02 8.108098991215229034e-03 2.312305383384227753e-02 9.864069521427154541e-03 4.256425891071557999e-03 7.229409646242856979e-03 4.612820595502853394e-02 1.317414641380310059e-02 2.581425383687019348e-02 3.504598513245582581e-02 1.118737086653709412e-02 1.018416322767734528e-02 3.612142801284790039e-02 1.766273868270218372e-03 4.115007817745208740e-03 1.100484877824783325e-01 5.341630429029464722e-03 1.252508256584405899e-02 1.951377093791961670e-02 1.443831482902169228e-03 8.120581507682800293e-03 4.320813342928886414e-02 4.571273177862167358e-02 3.444786369800567627e-02 4.203794896602630615e-02 4.470503702759742737e-02 3.434469923377037048e-02 2.653587050735950470e-02 3.717782348394393921e-02 4.769356176257133484e-02 4.052909556776285172e-03 1.885719411075115204e-02 3.576444834470748901e-02 3.898833645507693291e-03 1.428551133722066879e-02 1.057310961186885834e-02 3.529209643602371216e-02 3.040094487369060516e-02 1.936678215861320496e-02 2.568644657731056213e-02 4.305720701813697815e-02 2.264895476400852203e-02 3.826815262436866760e-02 2.522887103259563446e-02 1.312632951885461807e-02 2.160860411822795868e-02 1.190832350403070450e-02 2.730148285627365112e-02 9.258650243282318115e-03 4.794687777757644653e-02 2.005606656894087791e-03 3.067349456250667572e-02 2.941149286925792694e-02 2.859870903193950653e-02 3.693060949444770813e-02 2.903623506426811218e-02 1.852681860327720642e-02 1.922472193837165833e-02 2.193715423345565796e-02 1.301773078739643097e-02 2.380660176277160645e-02 2.639477886259555817e-02 2.942547015845775604e-02 4.910607822239398956e-03 4.603979736566543579e-02 1.184289250522851944e-02 4.798128455877304077e-02 4.588628187775611877e-02 3.620622307062149048e-02 4.327728226780891418e-02 2.720747888088226318e-02 4.281546175479888916e-02 3.557945415377616882e-02 1.472058147192001343e-02 5.344552919268608093e-02 1.434513740241527557e-02 3.535384312272071838e-02 3.674923256039619446e-02 1.536177657544612885e-02 3.985583037137985229e-02 2.178516611456871033e-02 2.350645372644066811e-03 2.619530260562896729e-02 1.748429425060749054e-02 2.496566809713840485e-02
1.874994486570358276e-01 5.584843754768371582e-01 1.861534081399440765e-03 2.261883113533258438e-03 3.499165549874305725e-02 1.624283641576766968e-01 1.782135367393493652e-01 3.474944084882736206e-02 2.208309434354305267e-02 8.245182223618030548e-03 1.559394299983978271e-01 6.306218914687633514e-03 1.402961909770965576e-01 3.916061297059059143e-02 3.357181698083877563e-02 2.831768803298473358e-02 3.475659713149070740e-02 7.724801544100046158e-03 2.277264371514320374e-02 1.316610071808099747e-02 1.488294173032045364e-02 3.180996328592300415e-02 3.728899732232093811e-02 4.117064923048019409e-02 1.052821637131273746e-03 1.589784957468509674e-02 1.453522779047489166e-02 4.309254139661788940e-02 3.235153853893280029e-02 1.928431796841323376e-03 2.722943946719169617e-02 5.725878104567527771e-02 9.811277501285076141e-03 4.538735374808311462e-02 2.503222785890102386e-03 1.439326442778110504e-02 2.700508804991841316e-03 3.489500284194946289e-02 2.006750088185071945e-03 2.658074721693992615e-02 4.329265095293521881e-03 1.163534354418516159e-02 3.087301366031169891e-02 3.713193535804748535e-02 2.180032970500178635e-05 1.749693299643695354e-03 1.281892061233520508e-01 3.376159071922302246e-02 2.897278964519500732e-02 3.825878724455833435e-02 2.265570126473903656e-02 1.918619498610496521e-02 4.255602508783340454e-02 2.750663645565509796e-02 4.247868061065673828e-02 4.311948642134666443e-02 9.526086971163749695e-03 2.850586548447608948e-02 3.259680792689323425e-02 3.637412562966346741e-02 6.063545122742652893e-02 2.006047405302524567e-02 3.551710397005081177e-02 3.268908336758613586e-02 1.861142739653587341e-02 1.428918726742267609e-02 2.239112369716167450e-02 4.387623444199562073e-02 2.354391850531101227e-02 4.041927680373191833e-02 1.687025465071201324e-02 3.213954344391822815e-02 3.490942716598510742e-02 2.308893762528896332e-02 3.566906228661537170e-02 1.357012894004583359e-02 1.356607489287853241e-02 6.432741065509617329e-04 1.679948903620243073e-02 2.258433774113655090e-02 4.298006370663642883e-02 6.165947765111923218e-03 2.383156493306159973e-02 8.239043876528739929e-03 1.550326403230428696e-02 4.270033910870552063e-02 2.853185124695301056e-02 3.939670976251363754e-03 1.469577103853225708e-02 2.901633642613887787e-02 1.129976380616426468e-02 9.141463786363601685e-03 1.405663695186376572e-02 2.905527502298355103e-02 9.490664815530180931e-04 4.143229126930236816e-02 5.751153919845819473e-03 3.202626109123229980e-02 3.513125702738761902e-02 2.650473965331912041e-03 3.661231696605682373e-02 8.277152082882821560e-04 2.146420441567897797e-02 2.976397983729839325e-02 1.334823574870824814e-02 3.541306778788566589e-02 2.155171521008014679e-02 6.983989384025335312e-03 2.751233987510204315e-02 1.145118614658713341e-03 2.605686523020267487e-02 3.084229491651058197e-02 1.990814693272113800e-02 6.142382044345140457e-03 1.437581330537796021e-02 2.390254288911819458e-02
5.406893789768218994e-03 1.861534081399440765e-03 5.019717216491699219e-01 3.667281009256839752e-03 4.326489567756652832e-02 4.294215515255928040e-02 7.097625732421875000e-02 6.681147217750549316e-02 3.792758285999298096e-02 1.827152445912361145e-02 3.286939114332199097e-02 3.293275088071823120e-02 3.286342695355415344e-02 3.491323441267013550e-02 4.496804624795913696e-02 3.354157321155071259e-03 3.221570979803800583e-03 1.040448341518640518e-02 2.191469073295593262e-02 1.143089588731527328e-02 2.213887311518192291e-02 3.116805292665958405e-02 2.643656916916370392e-02 1.867721974849700928e-02 1.055878028273582458e-02 2.617199905216693878e-02 1.410042122006416321e-02 3.539812564849853516e-02 8.750073611736297607e-04 2.994017302989959717e-02 4.300499707460403442e-02 1.543640159070491791e-02 3.723924607038497925e-02 2.655859105288982391e-02 2.665679156780242920e-02 3.067359328269958496e-02 3.364297747611999512e-02 1.627589762210845947e-02 1.358709670603275299e-02 2.296098507940769196e-02 1.815417222678661346e-02 1.786941103637218475e-02 4.492497816681861877e-02 4.909469559788703918e-02 2.714860811829566956e-02 1.029703649692237377e-03 1.110829971730709076e-02 1.597762852907180786e-02 2.962761558592319489e-02 4.379631020128726959e-03 9.771348908543586731e-03 1.764242909848690033e-02 3.945016860961914062e-02 2.456015162169933319e-02 2.426113002002239227e-03 3.550536930561065674e-02 4.020611569285392761e-02 2.363331988453865051e-02 2.101676166057586670e-02 3.823084011673927307e-02 1.034035626798868179e-02 1.866973564028739929e-02 6.863443646579980850e-03 4.389569163322448730e-02 1.351392455399036407e-02 3.398103639483451843e-02 2.790993312373757362e-03 1.701132580637931824e-02 4.258622601628303528e-02 6.068336777389049530e-03 8.386080735363066196e-04 2.224302291870117188e-02 1.687081530690193176e-02 2.005213173106312752e-03 4.466760903596878052e-02 5.674425885081291199e-02 9.772355854511260986e-02 1.710365153849124908e-02 1.926494762301445007e-02 1.699882559478282928e-02 3.241088986396789551e-02 8.091537281870841980e-03 2.987938188016414642e-02 3.486753627657890320e-02 2.034456096589565277e-02 8.494994603097438812e-03 1.329632755368947983e-02 3.225176036357879639e-02 6.057046353816986084e-02 2.468635328114032745e-02 3.164724260568618774e-02 9.931642562150955200e-03 1.258125994354486465e-02 4.763708636164665222e-02 7.470352575182914734e-03 7.229269016534090042e-03 2.756826579570770264e-03 8.862718939781188965e-03 2.927575260400772095e-02 1.558704767376184464e-02 1.075598690658807755e-02 1.683692098595201969e-03 2.760991454124450684e-02 8.902134373784065247e-03 3.254684060811996460e-02 1.264122314751148224e-02 1.647984050214290619e-02 3.773163631558418274e-02 7.291757967323064804e-03 1.203726883977651596e-02 1.248306874185800552e-02 2.422030828893184662e-02 2.574734203517436981e-02 1.325289160013198853e-02 2.096683718264102936e-02 8.630809374153614044e-03
1.220898237079381943e-02 2.261883113533258438e-03 3.667281009256839752e-03 5.218502879142761230e-01 1.444128602743148804e-01 3.625381365418434143e-02 1.683997735381126404e-02 1.207480207085609436e-03 2.655610209330916405e-03 3.909975662827491760e-02 6.220540031790733337e-03 5.212438479065895081e-02 2.635778300464153290e-02 4.205620847642421722e-03 2.128077857196331024e-02 5.123622715473175049e-02 3.473404794931411743e-02 3.773631528019905090e-02 2.476275153458118439e-02 2.835359238088130951e-02 7.882798672653734684e-04 6.128172855824232101e-03 2.238115295767784119e-02 2.421200089156627655e-02 1.790576241910457611e-02 6.163294892758131027e-03 9.404083713889122009e-03 1.107791718095541000e-02 9.989137761294841766e-03 5.170992109924554825e-03 1.723235589452087879e-03 5.045038461685180664e-02 1.944112963974475861e-02 4.724577069282531738e-02 1.489453110843896866e-02 3.863961622118949890e-02 4.671264812350273132e-02 7.749978452920913696e-03 1.183402564493007958e-04 2.349738217890262604e-02 1.584869925864040852e-03 1.974553428590297699e-02 1.752184890210628510e-02 3.942757099866867065e-02 1.549012307077646255e-02 1.536494353786110878e-03 3.067781031131744385e-02 2.013148274272680283e-03 1.879582554101943970e-02 2.871399931609630585e-02 1.271016802638769150e-02 2.536554075777530670e-02 4.436199367046356201e-02 3.897506743669509888e-02 2.719819732010364532e-02 1.547112781554460526e-02 4.695877805352210999e-02 3.031644783914089203e-02 1.183027122169733047e-02 5.985611584037542343e-03 3.523292019963264465e-02 1.620317064225673676e-02 4.487344250082969666e-02 2.649956569075584412e-02 2.649128064513206482e-02 4.811776336282491684e-03 5.734700825996696949e-04 2.888138778507709503e-02 2.184398844838142395e-02 2.695295400917530060e-02 1.785549568012356758e-03 1.671248674392700195e-02 4.119604453444480896e-02 2.027972601354122162e-02 1.608497463166713715e-02 4.494569450616836548e-02 3.124647028744220734e-02 2.171030640602111816e-02 1.068750629201531410e-03 2.832627855241298676e-02 5.977951455861330032e-03 1.490706484764814377e-02 1.067435070872306824e-01 3.599658980965614319e-02 4.053644835948944092e-02 3.324037184938788414e-03 4.567209165543317795e-03 7.911200635135173798e-03 7.413804531097412109e-02 3.917985036969184875e-02 2.398295095190405846e-03 4.360228404402732849e-02 2.176318317651748657e-02 2.577383071184158325e-02 1.528900489211082458e-02 3.514129668474197388e-02 1.079091243445873260e-02 4.537585750222206116e-02 4.691445454955101013e-02 5.087954923510551453e-02 9.677505120635032654e-03 8.089981973171234131e-03 1.166873518377542496e-02 1.817859336733818054e-02 2.747186459600925446e-03 6.494106492027640343e-04 3.792377933859825134e-02 2.304437384009361267e-02 5.935159046202898026e-03 1.589991338551044464e-02 1.571880839765071869e-02 9.114565327763557434e-03 2.628756500780582428e-02 1.651201397180557251e-02 3.435780853033065796e-02 5.626098718494176865e-03
3.569284453988075256e-02 3.499165549874305725e-02 4.326489567756652832e-02 1.444128602743148804e-01 5.320575237274169922e-01 4.242375493049621582e-02 3.583258017897605896e-02 1.932650618255138397e-02 2.746415697038173676e-02 4.235562682151794434e-02 3.253101930022239685e-02 3.669307380914688110e-02 2.276791818439960480e-02 2.839613333344459534e-02 1.086845644749701023e-03 1.032914314419031143e-02 1.478559337556362152e-02 6.096304859966039658e-04 1.975235901772975922e-02 5.535922944545745850e-02 3.880130127072334290e-02 4.694445524364709854e-03 8.416580036282539368e-03 9.001946309581398964e-04 1.142303738743066788e-02 1.572896912693977356e-02 2.336607081815600395e-03 2.045884728431701660e-02 4.023383557796478271e-02 2.181722968816757202e-02 9.427819168195128441e-04 3.245913609862327576e-02 1.638756133615970612e-02 3.305149823427200317e-02 4.063991364091634750e-03 4.161379486322402954e-02 1.530871633440256119e-02 5.090761929750442505e-03 1.247701141983270645e-02 1.213451568037271500e-02 1.499415840953588486e-02 1.578171737492084503e-02 2.017762884497642517e-02 3.754808381199836731e-02 2.617600746452808380e-02 4.479327797889709473e-02 1.607048697769641876e-02 1.178725715726613998e-02 2.153764478862285614e-02 1.636205706745386124e-03 1.848957128822803497e-02 2.412434853613376617e-02 6.364541593939065933e-03 1.495460886508226395e-02 3.785094246268272400e-02 9.528763592243194580e-03 2.315001375973224640e-02 8.509251289069652557e-03 1.409633178263902664e-02 3.002443118020892143e-03 4.154427442699670792e-03 1.158861257135868073e-02 2.721462585031986237e-02 1.970872096717357635e-02 3.088380955159664154e-02 1.413863804191350937e-02 5.434533581137657166e-02 2.067176625132560730e-02 2.224835194647312164e-02 2.783807367086410522e-02 1.856687106192111969e-02 4.644416272640228271e-02 6.433966010808944702e-02 2.034176141023635864e-02 5.742312222719192505e-02 1.646541524678468704e-03 5.046347901225090027e-02 2.708995714783668518e-02 2.647925913333892822e-02 3.674496337771415710e-02 2.199893817305564880e-02 2.113319747149944305e-02 5.099894106388092041e-02 7.430710643529891968e-02 4.399277642369270325e-02 1.050970796495676041e-02 9.674524888396263123e-03 4.416690208017826080e-03 6.413905415683984756e-03 3.763775154948234558e-02 1.193948439322412014e-03 2.271636575460433960e-02 1.634596101939678192e-02 2.740994840860366821e-02 2.380114793777465820e-02 2.258976176381111145e-02 1.585962437093257904e-02 2.016231045126914978e-02 4.235765337944030762e-02 2.850983478128910065e-02 9.634865447878837585e-03 1.970371790230274200e-02 1.248536165803670883e-02 2.885269559919834137e-02 7.181325345300137997e-04 7.523012347519397736e-03 4.464515671133995056e-02 4.921219497919082642e-02 8.786563761532306671e-03 3.379533812403678894e-02 1.485618948936462402e-02 4.491372033953666687e-03 1.945564895868301392e-02 1.411954686045646667e-02 3.765380010008811951e-02 2.318914607167243958e-02
1.599741131067276001e-01 1.624283641576766968e-01 4.294215515255928040e-02 3.625381365418434143e-02 4.242375493049621582e-02 5.589986443519592285e-01 1.596830785274505615e-01 1.952808722853660583e-02 1.806870661675930023e-02 5.076588690280914307e-02 1.354831755161285400e-01 4.759809374809265137e-02 1.121687367558479309e-01 3.890707716345787048e-02 5.669906968250870705e-04 2.059639804065227509e-02 2.742345072329044342e-02 4.472078289836645126e-03 8.385829627513885498e-03 1.113454811275005341e-02 1.144580543041229248e-03 1.677270978689193726e-03 8.768401108682155609e-03 1.106194779276847839e-02 9.250937961041927338e-03 1.007428113371133804e-02 3.708271309733390808e-02 3.181814029812812805e-02 4.078977555036544800e-02 3.575921058654785156e-03 1.340326014906167984e-02 6.863330304622650146e-02 1.904682815074920654e-02 9.749789605848491192e-04 1.296114083379507065e-02 1.754584535956382751e-02 2.873297780752182007e-02 1.901703886687755585e-02 7.413940038532018661e-03 4.894979670643806458e-02 2.454720996320247650e-02 2.565527567639946938e-03 2.580549567937850952e-03 3.801726549863815308e-02 2.944887802004814148e-02 1.891748420894145966e-02 1.279362738132476807e-01 4.175369814038276672e-02 1.715095713734626770e-02 1.692151837050914764e-02 9.933404624462127686e-03 1.696105115115642548e-03 4.579111561179161072e-02 4.009924456477165222e-02 5.013265460729598999e-02 4.104850813746452332e-03 1.822420977987349033e-03 3.494919510558247566e-03 1.805530115962028503e-02 2.142800763249397278e-02 4.553391784429550171e-02 2.695918455719947815e-02 3.490941226482391357e-02 3.542822599411010742e-02 2.887172996997833252e-02 3.707681223750114441e-02 5.373796913772821426e-03 1.735234446823596954e-02 1.677225530147552490e-02 3.054027631878852844e-02 4.594729468226432800e-02 1.004160102456808090e-02 3.103659674525260925e-02 4.796764813363552094e-03 4.462801292538642883e-02 1.983423903584480286e-02 1.196486502885818481e-02 1.624721102416515350e-02 2.956306794658303261e-03 7.596579380333423615e-03 2.642642147839069366e-02 4.247545450925827026e-02 3.415530920028686523e-02 4.028697311878204346e-02 2.509389631450176239e-02 8.337173610925674438e-03 5.398740991950035095e-02 2.954260446131229401e-02 2.230969257652759552e-02 1.326694153249263763e-02 6.980545818805694580e-03 1.288042496889829636e-02 2.544914931058883667e-02 5.532419309020042419e-02 1.494772452861070633e-02 5.638740840367972851e-04 1.489651296287775040e-02 4.552639275789260864e-02 4.056445322930812836e-03 3.469311073422431946e-02 2.876306883990764618e-02 5.429223179817199707e-02 4.533025436103343964e-03 3.347317129373550415e-02 1.047571655362844467e-02 5.437457188963890076e-02 4.848626255989074707e-02 2.406462840735912323e-02 4.523219913244247437e-02 9.444865398108959198e-03 9.892897680401802063e-03 4.448165372014045715e-02 4.987231455743312836e-03 2.117597870528697968e-02 1.018805708736181259e-02 2.921362966299057007e-02
1.459552198648452759e-01 1.782135367393493652e-01 7.097625732421875000e-02 1.683997735381126404e-02 3.583258017897605896e-02 1.596830785274505615e-01 5.578612089157104492e-01 3.852548450231552124e-02 4.639152437448501587e-03 3.522709757089614868e-02 1.470714062452316284e-01 4.962559789419174194e-03 1.381084173917770386e-01 3.832401707768440247e-02 3.050514124333858490e-02 3.577693551778793335e-02 3.297472372651100159e-02 2.881265245378017426e-02 3.302652016282081604e-02 1.806559413671493530e-02 3.484320768620818853e-04 2.973642759025096893e-02 2.412921003997325897e-02 4.044761881232261658e-02 2.778732590377330780e-02 1.644517108798027039e-02 1.759438030421733856e-02 3.886642679572105408e-02 4.038508608937263489e-02 1.255767606198787689e-02 2.060898952186107635e-02 4.489411413669586182e-02 3.949384018778800964e-02 2.016187645494937897e-02 6.524422671645879745e-03 4.321213811635971069e-03 6.517409346997737885e-03 4.418330639600753784e-02 6.494253873825073242e-03 1.965732499957084656e-02 3.646305575966835022e-02 2.594322338700294495e-02 4.120457917451858521e-02 9.194438345730304718e-03 2.667472884058952332e-02 3.629576787352561951e-02 1.632487177848815918e-01 1.089927777647972107e-01 6.277332548052072525e-03 8.137536235153675079e-03 3.626002743840217590e-02 3.591234609484672546e-02 3.958195075392723083e-02 8.271900005638599396e-03 3.470429405570030212e-02 1.285741012543439865e-02 1.776362955570220947e-02 6.308413110673427582e-03 1.051056012511253357e-02 2.102816663682460785e-02 3.667894750833511353e-02 1.068241707980632782e-02 1.647673361003398895e-02 1.264122594147920609e-02 4.986461997032165527e-02 8.685607463121414185e-03 1.495955139398574829e-02 3.411140665411949158e-02 4.530363250523805618e-03 3.336749225854873657e-02 2.584970556199550629e-02 4.610949754714965820e-02 1.445360574871301651e-02 6.217769812792539597e-03 3.659565374255180359e-02 1.044787652790546417e-02 2.991355257108807564e-03 4.990775883197784424e-02 4.689665511250495911e-02 1.669615274295210838e-03 3.503482416272163391e-02 4.627472534775733948e-02 1.755315437912940979e-02 2.779206633567810059e-02 3.978792205452919006e-02 2.752318978309631348e-02 3.711197897791862488e-02 3.304209792986512184e-03 3.737873584032058716e-02 1.091167237609624863e-02 2.280385419726371765e-02 9.654708206653594971e-03 3.474774956703186035e-02 6.852495484054088593e-03 2.450784854590892792e-02 1.533875055611133575e-02 2.875455841422080994e-02 1.296312641352415085e-02 4.093294218182563782e-02 1.408735942095518112e-02 4.664523527026176453e-02 1.965748146176338196e-02 2.064403146505355835e-02 4.651511088013648987e-03 1.740867085754871368e-02 1.369440276175737381e-02 4.347440972924232483e-02 1.172981318086385727e-02 2.436174452304840088e-02 2.709874697029590607e-02 3.771548718214035034e-02 2.433050610125064850e-02 3.775104135274887085e-02 2.887068875133991241e-02 3.654137253761291504e-02 1.518363039940595627e-02
3.336479142308235168e-02 3.474944084882736206e-02 6.681147217750549316e-02 1.207480207085609436e-03 1.932650618255138397e-02 1.952808722853660583e-02 3.852548450231552124e-02 5.356115698814392090e-01 1.635736599564552307e-02 1.036546751856803894e-02 8.712659589946269989e-03 4.411740973591804504e-02 3.552341600880026817e-03 2.441124245524406433e-02 3.535164892673492432e-02 4.523864760994911194e-02 4.915888980031013489e-02 3.796511143445968628e-02 5.905363708734512329e-02 3.389943763613700867e-02 1.827287487685680389e-02 5.569441244006156921e-03 5.353504791855812073e-03 3.723019734025001526e-03 4.104108363389968872e-02 3.946702927350997925e-02 1.748180389404296875e-02 1.540307980030775070e-02 2.743897587060928345e-02 3.971435362473130226e-04 6.456153467297554016e-03 4.761381447315216064e-02 2.155633829534053802e-02 5.019137635827064514e-02 4.288497194647789001e-02 4.706286638975143433e-02 1.525502651929855347e-02 2.097674272954463959e-02 2.944299951195716858e-03 1.275977212935686111e-02 1.334786135703325272e-02 2.504199370741844177e-02 1.396566256880760193e-02 2.311345376074314117e-02 2.395868301391601562e-02 3.283951058983802795e-02 4.193577170372009277e-02 2.259420603513717651e-02 2.813618071377277374e-02 1.091117504984140396e-03 4.065466672182083130e-02 1.888272538781166077e-02 1.855593058280646801e-03 1.494206208735704422e-02 5.091082677245140076e-02 1.359933894127607346e-02 1.630935072898864746e-02 1.547113712877035141e-02 6.560359150171279907e-03 1.358331181108951569e-03 1.014131586998701096e-02 9.013823582790791988e-04 1.655207201838493347e-02 3.885599598288536072e-02 1.162385568022727966e-02 1.434156764298677444e-02 2.560814283788204193e-02 1.691500656306743622e-02 1.859622448682785034e-02 4.236341640353202820e-02 1.220535952597856522e-02 1.824536360800266266e-02 1.164631452411413193e-02 5.056855827569961548e-02 6.137571763247251511e-04 9.015248157083988190e-03 7.616560906171798706e-03 5.851648747920989990e-03 1.188350375741720200e-02 2.377759106457233429e-02 4.420143365859985352e-02 5.915751680731773376e-02 1.521668280474841595e-03 2.434810437262058258e-02 2.952163293957710266e-02 1.251312252134084702e-02 3.964849933981895447e-02 9.287989698350429535e-03 1.889220811426639557e-02 2.970382384955883026e-02 2.166393585503101349e-02 2.643374167382717133e-02 1.401328830979764462e-03 1.443347427994012833e-02 1.555377524346113205e-02 3.843355178833007812e-02 4.405201599001884460e-02 8.911449462175369263e-03 2.320089749991893768e-02 2.667797170579433441e-02 4.776733927428722382e-03 2.462386386469006538e-03 3.898005932569503784e-02 8.646985515952110291e-03 2.516816137358546257e-03 7.939535193145275116e-03 3.461891412734985352e-02 9.982703253626823425e-03 5.182361346669495106e-04 2.115352544933557510e-03 7.564480416476726532e-03 1.011644583195447922e-02 1.537706144154071808e-02 6.219144910573959351e-03 1.312929671257734299e-02 2.117986232042312622e-02
1.716306619346141815e-02 2.208309434354305267e-02 3.792758285999298096e-02 2.655610209330916405e-03 2.746415697038173676e-02 1.806870661675930023e-02 4.639152437448501587e-03 1.635736599564552307e-02 5.377283692359924316e-01 4.133146628737449646e-02 1.891376450657844543e-02 4.054229706525802612e-02 1.189814764074981213e-03 3.627423569560050964e-02 4.789275676012039185e-02 3.305750712752342224e-02 3.900116682052612305e-02 5.312658846378326416e-02 2.488268166780471802e-02 1.349616982042789459e-02 1.252792216837406158e-02 6.408487446606159210e-03 1.417536009103059769e-02 8.688570000231266022e-03 1.385386940091848373e-02 2.823045849800109863e-02 4.252113029360771179e-02 3.852022439241409302e-02 5.876402836292982101e-03 4.429715871810913086e-02 1.253356877714395523e-02 3.066907078027725220e-02 4.744188115000724792e-02 2.256435528397560120e-02 2.045748382806777954e-02 3.367894794791936874e-03 1.498258579522371292e-02 1.707935146987438202e-02 6.790092214941978455e-03 1.704847253859043121e-02 2.976279146969318390e-02 5.383046809583902359e-03 4.375775530934333801e-02 2.911714464426040649e-02 1.405008137226104736e-02 5.110338795930147171e-03 4.308196529746055603e-02 3.627022728323936462e-02 5.509912595152854919e-02 3.844625502824783325e-02 1.864436455070972443e-02 4.476829990744590759e-02 3.050483018159866333e-02 1.642717793583869934e-02 1.079859808087348938e-01 4.479066655039787292e-02 2.529014274477958679e-02 4.950612410902976990e-02 3.342635557055473328e-02 4.143819212913513184e-02 5.942281708121299744e-02 1.475171931087970734e-02 8.023206144571304321e-03 1.905559003353118896e-02 2.901539206504821777e-02 4.412993416190147400e-02 3.906419128179550171e-02 4.433070123195648193e-02 1.623420976102352142e-02 2.361759310588240623e-03 2.374756708741188049e-02 6.804212182760238647e-02 1.287464424967765808e-02 3.928900696337223053e-03 1.366636343300342560e-02 8.188441395759582520e-02 1.025959700345993042e-01 3.378973528742790222e-02 1.195896938443183899e-01 1.056833416223526001e-01 6.881620502099394798e-04 3.633149340748786926e-02 2.887087874114513397e-02 2.091908827424049377e-02 2.364010782912373543e-03 3.153188154101371765e-02 4.406008403748273849e-03 4.690213873982429504e-02 4.351478442549705505e-02 4.879217222332954407e-02 1.984898000955581665e-02 5.424424260854721069e-02 4.576616734266281128e-02 5.956910084933042526e-03 3.520475327968597412e-02 4.113382473587989807e-02 7.611890789121389389e-03 5.903519690036773682e-02 1.473484281450510025e-02 3.598810732364654541e-02 1.901311613619327545e-02 3.672412782907485962e-02 3.910673549398779869e-04 1.956699416041374207e-02 1.235387008637189865e-02 1.391899585723876953e-02 1.882615312933921814e-02 5.001409351825714111e-02 1.737283915281295776e-02 2.491669170558452606e-02 4.201285913586616516e-02 2.850582078099250793e-02 3.874231129884719849e-02 4.525287821888923645e-02 3.235822916030883789e-02 2.742098085582256317e-02
9.372338652610778809e-03 8.245182223618030548e-03 1.827152445912361145e-02 3.909975662827491760e-02 4.235562682151794434e-02 5.076588690280914307e-02 3.522709757089614868e-02 1.036546751856803894e-02 4.133146628737449646e-02 5.326848626136779785e-01 3.139882162213325500e-02 3.002916648983955383e-02 3.707994148135185242e-02 1.567454077303409576e-02 1.286326255649328232e-02 3.822144493460655212e-02 3.772150352597236633e-02 9.530043229460716248e-03 4.092106968164443970e-02 4.051033407449722290e-02 3.734326735138893127e-02 6.460879929363727570e-03 2.378178201615810394e-02 6.736367009580135345e-03 2.804880961775779724e-02 1.260340865701436996e-02 1.985310763120651245e-02 4.458676557987928391e-03 1.338940206915140152e-02 1.449915021657943726e-02 7.620700635015964508e-03 1.431754976511001587e-02 1.887688599526882172e-02 2.275307662785053253e-02 6.190606392920017242e-03 4.139756038784980774e-02 1.232739444822072983e-02 2.127224951982498169e-02 3.383573889732360840e-02 1.113119348883628845e-02 2.800342999398708344e-02 1.849313639104366302e-02 4.926563799381256104e-02 3.967559710144996643e-02 4.027474299073219299e-02 2.515384927392005920e-02 5.248817149549722672e-03 6.307870615273714066e-03 8.942753076553344727e-03 5.239663273096084595e-02 3.450827673077583313e-02 3.956017643213272095e-02 1.963961124420166016e-02 3.169862180948257446e-02 1.066418271511793137e-02 5.504500493407249451e-02 6.131022050976753235e-02 8.759185671806335449e-03 2.552182041108608246e-02 1.488316152244806290e-02 3.819393366575241089e-02 1.743874140083789825e-02 1.865289732813835144e-02 9.545761859044432640e-04 1.043038908392190933e-02 1.849594898521900177e-02 3.788632526993751526e-02 2.243888564407825470e-02 1.612577028572559357e-02 4.989352077245712280e-02 1.927063241600990295e-02 2.616986446082592010e-02 1.736580207943916321e-02 1.219089701771736145e-02 4.046020284295082092e-02 3.324660658836364746e-02 1.445504371076822281e-03 5.110287293791770935e-02 2.452525123953819275e-02 6.656880676746368408e-02 2.220238372683525085e-02 6.526639335788786411e-04 3.334833309054374695e-02 1.302091777324676514e-02 4.944210872054100037e-02 6.784104555845260620e-02 2.429507672786712646e-02 2.893482521176338196e-02 2.703017741441726685e-02 2.837760373950004578e-03 4.636729508638381958e-02 3.916706424206495285e-03 3.147750720381736755e-02 9.079594165086746216e-03 1.235819421708583832e-02 2.765400335192680359e-02 5.115591920912265778e-03 1.058684568852186203e-02 4.424681887030601501e-02 2.063447609543800354e-04 9.482982568442821503e-03 8.384244516491889954e-03 3.005363279953598976e-03 2.780118584632873535e-02 4.073696210980415344e-02 4.911248758435249329e-02 4.733859747648239136e-02 4.927279078401625156e-04 2.533349674195051193e-03 3.057490102946758270e-02 2.236215630546212196e-03 1.381631754338741302e-02 5.153663828969001770e-02 1.923399046063423157e-02 1.757363788783550262e-02 4.892656207084655762e-02
1.522853970527648926e-01 1.559394299983978271e-01 3.286939114332199097e-02 6.220540031790733337e-03 3.253101930022239685e-02 1.354831755161285400e-01 1.470714062452316284e-01 8.712659589946269989e-03 1.891376450657844543e-02 3.139882162213325500e-02 5.595153570175170898e-01 9.985425509512424469e-03 1.360043287277221680e-01 2.009874396026134491e-02 4.835194721817970276e-02 2.865380980074405670e-02 2.120052836835384369e-02 2.848180569708347321e-02 3.710631281137466431e-02 2.957172226160764694e-03 3.305380418896675110e-02 3.110965713858604431e-02 2.699593082070350647e-02 3.585130348801612854e-02 1.048361510038375854e-02 2.017630450427532196e-02 5.122774280607700348e-03 1.435942389070987701e-02 4.447888955473899841e-02 1.497637573629617691e-02 5.275755375623703003e-02 5.584907531738281250e-02 1.312115043401718140e-02 2.177032455801963806e-02 9.170887060463428497e-03 2.178264781832695007e-02 2.113755047321319580e-02 4.358901083469390869e-02 1.561048533767461777e-02 1.208223029971122742e-02 3.578712418675422668e-02 4.185063764452934265e-02 2.155810594558715820e-02 2.280684933066368103e-02 1.630968786776065826e-02 1.341749168932437897e-02 1.200240030884742737e-01 3.853644058108329773e-02 1.242843642830848694e-02 2.498074993491172791e-02 3.896869719028472900e-02 2.239972166717052460e-02 2.683762693777680397e-03 2.164345001801848412e-03 6.504425406455993652e-02 6.297593470662832260e-03 7.116554304957389832e-03 2.702165208756923676e-02 4.043129459023475647e-02 4.392041638493537903e-02 4.879903793334960938e-02 6.431022193282842636e-03 3.861498832702636719e-02 3.059149719774723053e-02 2.110777050256729126e-02 1.057674176990985870e-03 4.434931650757789612e-02 2.806865610182285309e-02 4.798569530248641968e-02 1.471934653818607330e-02 1.013187970966100693e-02 4.703204333782196045e-02 3.358196094632148743e-02 4.768181592226028442e-02 1.248244289308786392e-02 2.368214167654514313e-02 5.063973739743232727e-02 1.701174490153789520e-02 1.326699182391166687e-02 1.488496456295251846e-02 1.805407740175724030e-02 1.276567764580249786e-02 6.529008038341999054e-03 2.576075494289398193e-02 2.661416074261069298e-03 2.918898500502109528e-02 2.064131433144211769e-03 2.176910825073719025e-02 4.153283778578042984e-03 1.399500668048858643e-02 1.961861550807952881e-02 4.655210673809051514e-02 4.105869214981794357e-03 7.225068402476608753e-04 2.124651148915290833e-02 4.036671295762062073e-02 2.462026663124561310e-02 6.747505627572536469e-03 3.620947152376174927e-02 2.072429750114679337e-03 3.329053521156311035e-02 7.559847086668014526e-03 5.527073144912719727e-02 9.407677687704563141e-03 5.322373658418655396e-02 1.757832244038581848e-02 2.189394459128379822e-02 8.364963345229625702e-03 4.795142449438571930e-03 1.949524134397506714e-02 1.932738721370697021e-02 4.140931367874145508e-02 4.504512995481491089e-02 3.661330044269561768e-02 1.953260786831378937e-02 4.537715390324592590e-02
1.268047606572508812e-03 6.306218914687633514e-03 3.293275088071823120e-02 5.212438479065895081e-02 3.669307380914688110e-02 4.759809374809265137e-02 4.962559789419174194e-03 4.411740973591804504e-02 4.054229706525802612e-02 3.002916648983955383e-02 9.985425509512424469e-03 5.209028124809265137e-01 2.991126477718353271e-02 2.118462324142456055e-01 1.191677059978246689e-02 2.256227470934391022e-02 2.344160340726375580e-02 2.925512008368968964e-02 6.545081734657287598e-03 1.636037416756153107e-02 3.116175532341003418e-02 2.403156831860542297e-02 3.946391120553016663e-02 2.081571891903877258e-02 1.900063641369342804e-02 1.707815751433372498e-02 3.783498192206025124e-03 1.217885985970497131e-01 2.903583832085132599e-02 1.101088821887969971e-01 1.794556342065334320e-02 6.524518132209777832e-02 1.700009405612945557e-02 3.961465135216712952e-02 1.838555373251438141e-02 9.425606695003807545e-04 1.913906447589397430e-02 3.705421695485711098e-03 3.957494348287582397e-02 1.790344156324863434e-02 1.332375407218933105e-02 3.737563639879226685e-02 1.976486109197139740e-02 1.341850124299526215e-02 5.485275387763977051e-02 2.222910756245255470e-03 3.538912162184715271e-02 3.519267588853836060e-02 1.278177928179502487e-02 1.055418699979782104e-02 6.510357838124036789e-03 1.395615050569176674e-03 3.555213287472724915e-02 1.821051724255084991e-02 4.392911121249198914e-02 3.630844131112098694e-02 2.465697936713695526e-02 3.720131143927574158e-02 5.831678863614797592e-03 1.058711903169751167e-03 3.645982593297958374e-02 2.056583575904369354e-02 2.573491074144840240e-02 1.113456673920154572e-02 4.672599025070667267e-03 3.395286947488784790e-02 6.614204030483961105e-03 2.058361843228340149e-02 3.105708211660385132e-02 3.303535655140876770e-02 2.646250464022159576e-02 3.910215198993682861e-02 3.022134117782115936e-02 2.567637525498867035e-02 3.035266697406768799e-02 3.467848524451255798e-02 7.207436021417379379e-03 2.470667660236358643e-02 2.642650716006755829e-02 2.669561095535755157e-02 6.741326302289962769e-03 2.643413841724395752e-02 3.646521270275115967e-02 2.302234061062335968e-02 2.385302912443876266e-03 3.471378982067108154e-02 2.593887411057949066e-02 2.504037320613861084e-02 1.469439864158630371e-01 7.472041249275207520e-02 2.853136323392391205e-02 4.502142593264579773e-02 3.864824771881103516e-02 3.708408400416374207e-02 7.589832693338394165e-02 3.757562488317489624e-02 1.792150549590587616e-02 3.190189832821488380e-03 2.334945276379585266e-02 1.319896522909402847e-02 9.693298488855361938e-03 3.192001581192016602e-02 4.147021472454071045e-02 6.729095242917537689e-03 2.033619955182075500e-02 1.189418137073516846e-02 3.468431765213608742e-03 5.091429501771926880e-02 4.154289141297340393e-02 3.894142061471939087e-02 4.396986588835716248e-02 2.588673308491706848e-02 6.355516146868467331e-03 1.706553809344768524e-02 2.991258539259433746e-02 4.440377000719308853e-03
1.257641911506652832e-01 1.402961909770965576e-01 3.286342695355415344e-02 2.635778300464153290e-02 2.276791818439960480e-02 1.121687367558479309e-01 1.381084173917770386e-01 3.552341600880026817e-03 1.189814764074981213e-03 3.707994148135185242e-02 1.360043287277221680e-01 2.991126477718353271e-02 5.554844141006469727e-01 1.235082745552062988e-02 5.325510725378990173e-02 5.917307920753955841e-03 1.780665828846395016e-03 2.471162006258964539e-03 2.500189840793609619e-02 2.770490758121013641e-02 4.738660901784896851e-02 4.315134510397911072e-02 1.981956511735916138e-02 1.508131250739097595e-02 8.572281338274478912e-03 2.143745124340057373e-02 1.675863191485404968e-02 7.313332520425319672e-03 3.526384755969047546e-02 1.182481274008750916e-02 2.238005958497524261e-02 2.313042990863323212e-02 3.311535343527793884e-02 3.833504766225814819e-02 1.357144396752119064e-02 3.114750608801841736e-02 1.697357930243015289e-02 3.027161210775375366e-02 9.036543779075145721e-03 1.836761832237243652e-03 3.268538787961006165e-02 4.949961975216865540e-02 7.682704366743564606e-03 1.674660481512546539e-02 3.480870649218559265e-02 3.812331333756446838e-02 1.256780177354812622e-01 6.926506012678146362e-02 7.426567841321229935e-03 3.109201230108737946e-02 4.699167981743812561e-02 5.350708216428756714e-02 6.460724398493766785e-03 6.918918807059526443e-03 4.073443636298179626e-02 1.248108781874179840e-02 1.420159125700592995e-03 4.249631986021995544e-02 2.580563724040985107e-02 2.799017541110515594e-02 2.910166978836059570e-02 2.658318914473056793e-02 2.244906127452850342e-02 2.077359892427921295e-02 1.861757040023803711e-02 2.227739617228507996e-02 2.497661858797073364e-02 1.690326072275638580e-02 5.082818120718002319e-02 2.537187188863754272e-02 1.348999142646789551e-02 3.551562502980232239e-02 7.988256402313709259e-03 5.062105879187583923e-02 1.237164996564388275e-02 2.450949326157569885e-02 4.666543006896972656e-02 8.673815988004207611e-03 2.900461293756961823e-02 3.472434356808662415e-02 5.984857212752103806e-03 4.959524609148502350e-03 2.507794089615345001e-02 6.623811786994338036e-04 3.672875463962554932e-03 2.834191173315048218e-02 8.545031771063804626e-03 3.156741335988044739e-02 1.191497128456830978e-02 5.265901330858469009e-03 4.201087355613708496e-02 4.485524818301200867e-02 2.418542653322219849e-02 1.527867373079061508e-02 7.584425620734691620e-03 2.450009994208812714e-02 3.010259196162223816e-02 1.745565235614776611e-02 3.006148897111415863e-02 4.420994315296411514e-03 2.347833849489688873e-02 3.198306774720549583e-03 5.599134415388107300e-02 2.484191209077835083e-02 2.850345149636268616e-02 1.528549473732709885e-02 1.980287767946720123e-02 3.508618567138910294e-03 4.086756147444248199e-03 4.759571328759193420e-02 1.528296153992414474e-02 6.768286228179931641e-03 1.970101520419120789e-02 4.033596441149711609e-02 1.972694648429751396e-03 1.936498098075389862e-02
