4.976219534873962402e-01 9.360680729150772095e-02 1.497726142406463623e-02 1.256964355707168579e-02 1.450509065762162209e-03 3.048475272953510284e-02 4.442990943789482117e-02 8.390670642256736755e-03 2.288036979734897614e-03 1.526505569927394390e-03 4.819687083363533020e-02 8.458939380943775177e-03 3.934537991881370544e-02 6.934824399650096893e-03 1.011468842625617981e-02 2.216580882668495178e-02 2.089491486549377441e-02 2.862580679357051849e-02 3.017763607203960419e-02 1.187018491327762604e-02 7.607826963067054749e-03 1.475070603191852570e-02 4.723254591226577759e-02 7.483035326004028320e-03 3.158349078148603439e-03 1.371898595243692398e-02 2.014243230223655701e-02 2.768935402855277061e-03 3.395225480198860168e-02 1.791783608496189117e-02 3.101683408021926880e-02 1.359124202281236649e-02 1.873668283224105835e-02 2.177812717854976654e-02 3.495558351278305054e-02 3.497485304251313210e-03 1.289973594248294830e-02 2.797865075990557671e-03 2.594611234962940216e-02 6.826324854046106339e-03 1.332605071365833282e-02 4.453874751925468445e-02 1.280850917100906372e-02 9.733807295560836792e-03 3.780053555965423584e-02 1.227991469204425812e-02 3.050388768315315247e-02 3.145264834165573120e-02 3.596970438957214355e-02 3.438735008239746094e-02 1.505527365952730179e-02 1.194464880973100662e-02 4.929271526634693146e-03 4.283294826745986938e-02 2.699566073715686798e-02 4.528210312128067017e-02 4.571309778839349747e-03 1.343492977321147919e-02 2.285136096179485321e-02 5.477196723222732544e-02 2.758692950010299683e-02 4.264232888817787170e-02 6.275910884141921997e-03 3.806624561548233032e-03 3.427215665578842163e-02 1.112661790102720261e-02 9.041669778525829315e-03 1.694521307945251465e-02 1.111617498099803925e-02 2.044766023755073547e-02 1.478410908021032810e-03 3.199641034007072449e-02 1.671774685382843018e-02 3.999698162078857422e-02 4.952317476272583008e-02 2.525590918958187103e-02 1.017145812511444092e-02 1.296199765056371689e-02 3.378970548510551453e-02 5.687979515641927719e-03 1.071730162948369980e-03 2.722921967506408691e-02 2.306872745975852013e-03 1.861179061233997345e-02 2.663601562380790710e-02 6.457633338868618011e-03 8.481116965413093567e-03 2.292266860604286194e-02 1.862503960728645325e-02 1.066531240940093994e-02 2.680446580052375793e-02 1.630900427699089050e-02 3.228156268596649170e-02 1.540111564099788666e-02 3.568472713232040405e-02 3.464809432625770569e-02 3.678011894226074219e-02 2.673027105629444122e-02 2.565150335431098938e-02 5.057348310947418213e-02 7.498887833207845688e-03 5.632746033370494843e-03 8.202308788895606995e-03 1.596816629171371460e-02 2.057999605312943459e-03 3.285663202404975891e-02 2.078502811491489410e-02 1.414634939283132553e-02 3.210092661902308464e-03 1.146734110079705715e-03 2.810316160321235657e-02 4.462807253003120422e-02 1.873274892568588257e-02 8.349359966814517975e-03 5.006946623325347900e-03 1.693876832723617554e-02
9.360680729150772095e-02 4.864735901355743408e-01 1.972968131303787231e-02 2.685485035181045532e-02 1.110384054481983185e-02 2.183845080435276031e-02 4.699666425585746765e-02 2.541352994740009308e-02 1.265519950538873672e-02 7.393850246444344521e-04 3.724745661020278931e-02 2.397975325584411621e-02 3.158416599035263062e-02 3.192436322569847107e-02 1.390270981937646866e-02 2.665800601243972778e-02 2.130016498267650604e-02 3.666542842984199524e-02 2.984904311597347260e-02 8.197944611310958862e-03 4.138514865189790726e-03 1.609734073281288147e-02 3.730721771717071533e-02 4.084750544279813766e-03 4.335592035204172134e-03 2.281388454139232635e-02 1.098184473812580109e-02 5.751724820584058762e-03 1.057249493896961212e-03 7.312349975109100342e-03 2.045938186347484589e-02 2.045069634914398193e-02 3.563434118404984474e-03 2.677496895194053650e-02 3.164065629243850708e-02 2.786375768482685089e-02 2.309308201074600220e-02 1.086391042917966843e-02 2.040126919746398926e-02 1.534445770084857941e-02 4.757958464324474335e-03 3.695893287658691406e-02 1.336509548127651215e-02 1.101378258317708969e-02 4.359651356935501099e-02 7.481086999177932739e-03 2.628861553966999054e-02 3.064493834972381592e-02 2.495868317782878876e-02 4.956564307212829590e-02 1.097255945205688477e-02 2.026141621172428131e-02 4.907674156129360199e-03 3.445550426840782166e-02 2.421304583549499512e-02 7.929924875497817993e-03 2.249073795974254608e-02 2.666142024099826813e-02 5.328925326466560364e-02 3.583213314414024353e-02 2.569636702537536621e-02 4.912342876195907593e-02 4.473219439387321472e-02 6.519047543406486511e-03 2.428486011922359467e-02 2.127667702734470367e-02 1.690210402011871338e-02 3.774077445268630981e-02 1.267923321574926376e-02 2.397247962653636932e-02 2.134563168510794640e-03 2.639323472976684570e-02 9.335434995591640472e-03 1.635213382542133331e-02 2.492481283843517303e-02 1.118005067110061646e-02 2.175199426710605621e-02 2.421507053077220917e-02 2.151128463447093964e-02 3.111987607553601265e-03 2.374000288546085358e-02 5.307600274682044983e-02 7.085206918418407440e-03 2.539360523223876953e-02 2.395362779498100281e-02 1.201968360692262650e-02 7.047907449305057526e-03 2.146663330495357513e-02 2.225808985531330109e-02 1.351012103259563446e-02 7.900030352175235748e-03 2.336175367236137390e-02 1.782817579805850983e-02 3.064860031008720398e-02 2.047461085021495819e-02 3.446032106876373291e-02 2.702362090349197388e-02 2.316992357373237610e-02 7.904395461082458496e-03 3.580465540289878845e-02 1.046846620738506317e-02 1.006881427019834518e-02 4.533087834715843201e-02 4.208787530660629272e-02 5.373578052967786789e-03 4.376720264554023743e-02 4.018099047243595123e-03 7.858505123294889927e-04 3.665557876229286194e-02 5.392724415287375450e-04 2.394334599375724792e-02 3.126084059476852417e-02 1.958461105823516846e-02 3.704239428043365479e-02 1.691452227532863617e-02 1.516795158386230469e-02
1.497726142406463623e-02 1.972968131303787231e-02 4.764170646667480469e-01 2.879310026764869690e-02 1.632319949567317963e-02 7.165231276303529739e-03 4.880311898887157440e-03 7.108390331268310547e-02 3.284825757145881653e-02 3.953681141138076782e-02 1.281236950308084488e-02 1.049578469246625900e-02 2.495770901441574097e-02 1.503390911966562271e-02 2.714069373905658722e-02 3.542024642229080200e-03 6.160567048937082291e-03 3.121064743027091026e-03 2.117937244474887848e-02 3.426019847393035889e-02 3.690268471837043762e-02 6.267411261796951294e-02 3.425375372171401978e-02 2.636152505874633789e-02 4.498922079801559448e-02 4.404238890856504440e-03 3.498797118663787842e-02 3.207606077194213867e-02 1.782304607331752777e-02 1.213842770084738731e-03 2.766006253659725189e-02 3.679499030113220215e-02 2.146870829164981842e-02 4.448154196143150330e-02 2.376276999711990356e-02 1.906908676028251648e-02 4.844556748867034912e-02 1.022839080542325974e-02 4.663194995373487473e-03 1.317186653614044189e-02 5.061139911413192749e-02 5.450441502034664154e-03 3.592437133193016052e-02 1.849749684333801270e-02 5.903091654181480408e-02 4.886663332581520081e-02 4.865262191742658615e-03 1.176218967884778976e-02 4.342956002801656723e-03 4.678442329168319702e-02 1.259173918515443802e-02 3.170292824506759644e-02 2.302266657352447510e-02 4.790108650922775269e-03 4.543708637356758118e-02 3.740899637341499329e-02 4.475139454007148743e-02 1.209158450365066528e-02 4.612994380295276642e-03 1.829364337027072906e-02 1.740610226988792419e-02 1.436669845134019852e-02 3.054895997047424316e-02 3.130343183875083923e-02 7.379176095128059387e-04 1.732659153640270233e-02 3.551249951124191284e-02 2.618646994233131409e-02 6.318584550172090530e-03 1.950438320636749268e-02 2.027549035847187042e-02 4.045501351356506348e-02 1.226961612701416016e-02 1.571084186434745789e-02 5.309727974236011505e-03 2.197918109595775604e-02 1.512470375746488571e-02 2.110080979764461517e-02 3.824296593666076660e-02 1.049435976892709732e-02 1.920132339000701904e-01 1.521625816822052002e-01 3.419052064418792725e-02 1.717933453619480133e-02 4.704144783318042755e-03 2.324146404862403870e-02 6.254407763481140137e-02 7.552815228700637817e-02 3.446172550320625305e-02 3.145600855350494385e-02 5.091131199151277542e-03 4.853184800595045090e-03 5.734995473176240921e-03 1.837278902530670166e-02 2.516199275851249695e-02 3.289903700351715088e-02 8.850484155118465424e-03 8.377460762858390808e-03 3.228438645601272583e-02 1.577407121658325195e-02 2.475383877754211426e-02 3.207757696509361267e-02 1.894240826368331909e-02 2.682808041572570801e-02 1.570647582411766052e-02 1.245049946010112762e-02 4.324239271227270365e-04 1.363884843885898590e-02 7.209946401417255402e-03 6.555830128490924835e-03 2.773023443296551704e-03 4.288948699831962585e-02 1.844706945121288300e-02 4.424977302551269531e-02 2.512864070013165474e-03 3.112677298486232758e-02
1.256964355707168579e-02 2.685485035181045532e-02 2.879310026764869690e-02 4.749771952629089355e-01 2.536211311817169189e-01 6.287541240453720093e-03 5.979737266898155212e-03 1.738628000020980835e-02 4.373935237526893616e-02 9.060486219823360443e-03 3.990403562784194946e-02 2.299035713076591492e-02 4.573827981948852539e-02 1.090072933584451675e-02 2.439913153648376465e-02 1.831835508346557617e-02 3.567965701222419739e-02 1.319980435073375702e-02 4.189098998904228210e-02 1.125615090131759644e-02 4.424981400370597839e-02 3.098519891500473022e-02 4.439020901918411255e-02 2.426780015230178833e-02 4.727491363883018494e-02 3.680323809385299683e-02 6.925634574145078659e-03 2.012991532683372498e-02 3.784618526697158813e-02 6.409117486327886581e-03 3.533120453357696533e-02 1.514920406043529510e-02 2.905926108360290527e-02 2.710998989641666412e-02 2.174266800284385681e-02 2.444059774279594421e-02 2.326359786093235016e-02 1.131880376487970352e-02 7.236085832118988037e-02 6.301712989807128906e-02 1.347159268334507942e-03 1.796324364840984344e-02 2.129585295915603638e-02 2.612223848700523376e-02 3.439332917332649231e-02 2.083444222807884216e-02 9.937275899574160576e-04 3.852334804832935333e-03 3.044134192168712616e-02 1.821864861994981766e-03 7.122367620468139648e-03 4.621753003448247910e-03 2.728452160954475403e-02 3.337224200367927551e-02 3.531187400221824646e-02 1.582156121730804443e-02 6.843085400760173798e-03 4.450342059135437012e-02 3.748752549290657043e-02 1.356153935194015503e-02 4.815543070435523987e-02 2.952147461473941803e-02 2.716448903083801270e-02 3.040070272982120514e-02 3.340885788202285767e-02 1.794766262173652649e-02 1.770141720771789551e-02 3.514611721038818359e-02 3.851529583334922791e-02 4.464798420667648315e-02 4.730242118239402771e-02 6.321444641798734665e-03 1.681635528802871704e-01 1.997334323823451996e-02 1.569425910711288452e-01 4.153631627559661865e-03 4.306416586041450500e-02 2.567758783698081970e-02 4.415085166692733765e-02 6.234382279217243195e-03 1.500440947711467743e-02 4.758265335112810135e-03 1.058646067976951599e-01 5.951127409934997559e-02 1.199532765895128250e-02 3.946842998266220093e-02 3.480967134237289429e-02 1.378201507031917572e-02 4.088830575346946716e-02 1.883388264104723930e-03 7.061732001602649689e-03 3.775157779455184937e-02 2.147460589185357094e-03 8.962566964328289032e-03 6.705273874104022980e-03 1.973966695368289948e-02 1.929817721247673035e-02 3.626506775617599487e-02 2.624344825744628906e-02 9.056250564754009247e-03 4.652360826730728149e-02 1.420142315328121185e-02 1.230627298355102539e-02 1.402042340487241745e-02 3.962856903672218323e-02 6.042109057307243347e-02 2.589587680995464325e-02 2.251012623310089111e-02 4.221294075250625610e-02 2.835568599402904510e-02 1.630813069641590118e-02 9.568909881636500359e-04 3.886547172442078590e-03 8.276166394352912903e-03 3.633575886487960815e-02 3.113300167024135590e-02
1.450509065762162209e-03 1.110384054481983185e-02 1.632319949567317963e-02 2.536211311817169189e-01 4.816784858703613281e-01 5.372210216592065990e-05 1.807055622339248657e-02 4.791405797004699707e-02 4.249363392591476440e-02 2.383269602432847023e-03 3.622184321284294128e-02 3.665506467223167419e-02 3.681070730090141296e-02 1.707448065280914307e-02 3.564361110329627991e-02 4.515692591667175293e-02 3.637041151523590088e-02 4.686113819479942322e-02 3.478460013866424561e-02 1.542668882757425308e-02 2.095274627208709717e-02 4.270095378160476685e-03 1.022239797748625278e-03 4.080747812986373901e-02 3.353041782975196838e-02 5.850056186318397522e-03 2.434054762125015259e-02 1.260188315063714981e-02 4.054016619920730591e-02 1.092312112450599670e-02 1.434662844985723495e-03 1.411159755662083626e-03 2.163663972169160843e-03 4.815240390598773956e-03 1.408968213945627213e-02 4.420447722077369690e-02 2.985154278576374054e-02 6.738083902746438980e-03 9.981641918420791626e-02 2.006609886884689331e-01 1.799030229449272156e-02 3.502026945352554321e-02 4.040315374732017517e-02 7.890508510172367096e-03 1.485897693783044815e-02 2.924172393977642059e-02 1.095327455550432205e-02 1.094590770662762225e-04 3.110771626234054565e-02 9.141552262008190155e-03 2.114431746304035187e-02 2.159857563674449921e-02 2.874733693897724152e-02 7.628187537193298340e-02 2.941574528813362122e-02 2.334720455110073090e-02 1.154361758381128311e-02 5.292296409606933594e-02 3.660130500793457031e-02 5.104850605130195618e-02 2.402065694332122803e-02 3.756688162684440613e-02 4.276896268129348755e-02 7.484816480427980423e-03 4.861689358949661255e-02 4.285933449864387512e-02 2.513753250241279602e-02 1.520331390202045441e-02 5.115376785397529602e-02 1.573709771037101746e-02 1.860879734158515930e-02 5.127558857202529907e-02 5.372124165296554565e-02 3.413233533501625061e-02 9.902579337358474731e-02 4.930683597922325134e-02 1.207163836807012558e-02 1.489643473178148270e-04 2.170061133801937103e-02 1.785840094089508057e-02 8.190012536942958832e-03 3.980121389031410217e-02 2.525313571095466614e-02 2.412046678364276886e-02 1.197262853384017944e-02 6.390204280614852905e-02 3.074869513511657715e-02 4.427209869027137756e-02 1.502479333430528641e-02 7.806914392858743668e-03 3.036008216440677643e-02 8.731373585760593414e-03 3.613156033679842949e-03 2.892217412590980530e-02 6.898069288581609726e-03 8.676577359437942505e-03 1.187044847756624222e-02 3.145412728190422058e-02 9.825334884226322174e-03 2.211839193478226662e-03 2.075382508337497711e-02 9.305602870881557465e-03 2.532728761434555054e-02 7.784084882587194443e-03 2.932143397629261017e-03 1.744901761412620544e-02 5.153578519821166992e-02 3.899509320035576820e-03 1.106960978358983994e-02 4.613658878952264786e-03 4.025330767035484314e-02 1.094465237110853195e-02 3.293566033244132996e-02 2.401628531515598297e-02 9.015635401010513306e-02 1.172767765820026398e-02
3.048475272953510284e-02 2.183845080435276031e-02 7.165231276303529739e-03 6.287541240453720093e-03 5.372210216592065990e-05 5.012411475181579590e-01 7.885082066059112549e-02 1.336358860135078430e-02 3.175542503595352173e-02 4.809486214071512222e-03 3.052802756428718567e-02 2.501176786608994007e-04 3.435253351926803589e-02 7.478080689907073975e-03 2.629704074934124947e-03 1.459239423274993896e-02 2.819775789976119995e-02 9.901670739054679871e-03 1.054071076214313507e-02 3.488120064139366150e-02 2.838274277746677399e-02 1.082691550254821777e-02 3.197924047708511353e-02 3.987113945186138153e-03 3.655521571636199951e-02 2.911866456270217896e-02 2.140063233673572540e-02 3.182224929332733154e-02 2.970993705093860626e-02 3.445057570934295654e-02 2.545479871332645416e-02 2.826767740771174431e-04 1.041456940583884716e-03 5.796335171908140182e-03 1.155787892639636993e-02 5.752163007855415344e-03 4.485044628381729126e-03 3.804899007081985474e-02 9.504053741693496704e-03 3.361659869551658630e-02 4.641273617744445801e-02 1.674153096973896027e-02 1.872333139181137085e-02 4.133377689868211746e-03 3.928232565522193909e-02 5.334404483437538147e-02 7.601653039455413818e-02 6.097782030701637268e-02 2.204524353146553040e-02 1.342763844877481461e-02 3.152297809720039368e-02 1.151539105921983719e-02 2.973120287060737610e-02 4.877152293920516968e-02 3.468974307179450989e-02 4.429707676172256470e-02 1.533185597509145737e-02 1.448571961373090744e-02 3.208323940634727478e-02 4.675101488828659058e-02 2.032397687435150146e-02 2.200438827276229858e-02 4.825173690915107727e-02 1.960025168955326080e-03 1.494040898978710175e-02 4.241072572767734528e-03 3.564718738198280334e-02 1.980349421501159668e-02 2.420554496347904205e-02 2.599799819290637970e-02 2.535447478294372559e-02 4.274537786841392517e-02 2.818084135651588440e-02 2.493005804717540741e-02 2.880973182618618011e-02 3.980031237006187439e-03 7.139837369322776794e-03 1.695737242698669434e-02 2.425589784979820251e-02 2.958001941442489624e-02 2.330983988940715790e-04 1.934783905744552612e-02 4.862757399678230286e-03 1.590150594711303711e-02 2.157775871455669403e-02 2.570731937885284424e-02 7.483152206987142563e-03 1.594117842614650726e-02 9.589825756847858429e-03 4.552932456135749817e-02 4.727046564221382141e-02 1.857296330854296684e-03 3.816077858209609985e-02 1.034395303577184677e-02 1.733583770692348480e-02 6.155995652079582214e-03 3.668318316340446472e-02 2.905568853020668030e-02 1.446453854441642761e-02 2.341556362807750702e-02 1.446841470897197723e-02 4.207492806017398834e-03 2.168809995055198669e-02 2.153330482542514801e-02 6.445065606385469437e-03 3.009590553119778633e-03 7.086459081619977951e-03 4.124011844396591187e-02 1.508562080562114716e-02 2.048254013061523438e-02 3.471137955784797668e-02 4.968826472759246826e-02 2.753755834419280291e-04 4.328814335167407990e-03 4.745813831686973572e-02 3.193761035799980164e-02
4.442990943789482117e-02 4.699666425585746765e-02 4.880311898887157440e-03 5.979737266898155212e-03 1.807055622339248657e-02 7.885082066059112549e-02 5.042929649353027344e-01 1.228435523808002472e-02 2.507887594401836395e-02 3.229783847928047180e-03 3.702682256698608398e-02 2.491414779797196388e-03 3.399600088596343994e-02 2.090447396039962769e-02 8.888069540262222290e-03 3.329296037554740906e-02 3.363732621073722839e-02 5.291897337883710861e-03 7.776773418299853802e-05 1.357206143438816071e-02 8.373112417757511139e-03 1.828514598309993744e-02 3.752655163407325745e-02 2.003499865531921387e-02 1.177935022860765457e-02 2.042981609702110291e-02 1.492197904735803604e-02 1.867406442761421204e-02 2.579477056860923767e-02 2.632472105324268341e-02 3.319045528769493103e-02 3.175594611093401909e-03 2.123178914189338684e-02 1.301762647926807404e-02 9.178568609058856964e-03 4.144462756812572479e-03 2.176057547330856323e-03 2.671479620039463043e-02 1.893808320164680481e-02 9.078601375222206116e-03 4.416290298104286194e-02 3.009616956114768982e-02 4.417426884174346924e-03 1.378251146525144577e-02 4.681631177663803101e-02 3.352386504411697388e-02 7.064623385667800903e-02 7.242337614297866821e-02 4.584251344203948975e-02 2.640642412006855011e-02 2.647739648818969727e-02 1.051745959557592869e-03 3.736992925405502319e-02 4.934500157833099365e-02 4.900764301419258118e-02 3.416994959115982056e-02 1.769563369452953339e-02 1.808360777795314789e-02 4.419026523828506470e-02 4.674959927797317505e-02 2.973227947950363159e-02 3.740210458636283875e-02 3.766050934791564941e-02 4.133837297558784485e-03 1.313181780278682709e-02 9.459593333303928375e-03 1.384256687015295029e-02 3.259657882153987885e-03 2.623591013252735138e-02 1.380522269755601883e-02 2.725798636674880981e-02 2.214296534657478333e-02 3.738220036029815674e-02 4.235668480396270752e-02 2.744994685053825378e-02 6.671396549791097641e-03 6.101655773818492889e-03 2.117426134645938873e-02 3.710375458467751741e-04 2.771495468914508820e-02 2.065937500447034836e-03 1.726234145462512970e-02 1.281179022043943405e-03 5.269515793770551682e-03 3.468393534421920776e-02 3.519206494092941284e-02 3.277701558545231819e-03 1.309710741043090820e-02 2.865347638726234436e-02 4.822840914130210876e-03 4.371863231062889099e-02 6.564142648130655289e-03 4.309879615902900696e-02 8.701212937012314796e-04 1.150831487029790878e-02 8.392536081373691559e-03 3.573784977197647095e-02 2.512853592634201050e-02 1.248056069016456604e-02 2.865947224199771881e-02 9.746153838932514191e-03 4.464371129870414734e-03 2.230974100530147552e-02 2.534972876310348511e-02 5.099324975162744522e-03 6.859254091978073120e-03 1.770663633942604065e-02 3.675606101751327515e-02 6.013788282871246338e-03 1.210814248770475388e-02 2.610049396753311157e-02 4.373359307646751404e-02 1.224226690828800201e-02 6.969882640987634659e-03 3.355994820594787598e-02 4.935780540108680725e-02
8.390670642256736755e-03 2.541352994740009308e-02 7.108390331268310547e-02 1.738628000020980835e-02 4.791405797004699707e-02 1.336358860135078430e-02 1.228435523808002472e-02 4.909438788890838623e-01 5.217191763222217560e-03 9.558619931340217590e-04 1.926819048821926117e-02 9.902905439957976341e-04 2.896198444068431854e-02 2.196365036070346832e-03 1.290418803691864014e-01 6.048008333891630173e-03 5.398017819970846176e-03 2.618975378572940826e-02 1.751764677464962006e-03 7.208419032394886017e-03 3.198601771146059036e-03 1.173976529389619827e-02 1.472133863717317581e-02 2.702504023909568787e-02 1.784875057637691498e-02 1.202218048274517059e-02 3.967364132404327393e-02 3.149140626192092896e-02 3.236832842230796814e-02 3.797863051295280457e-02 2.137546055018901825e-02 4.499585181474685669e-02 2.639941871166229248e-02 5.351869761943817139e-02 5.321086570620536804e-02 2.394608780741691589e-02 2.225623838603496552e-02 2.937165275216102600e-02 3.619519248604774475e-02 3.471412882208824158e-02 1.580315642058849335e-02 2.424418739974498749e-02 1.705995574593544006e-02 4.292124882340431213e-03 3.854582086205482483e-03 3.775549307465553284e-02 1.030656415969133377e-02 1.705228118225932121e-03 4.223753139376640320e-02 1.932152919471263885e-02 9.679671376943588257e-03 2.465867809951305389e-02 3.653307259082794189e-02 3.625220805406570435e-02 1.621501706540584564e-02 1.524455938488245010e-02 5.305343866348266602e-02 4.082605591975152493e-04 9.076558053493499756e-02 7.581166923046112061e-02 3.499366715550422668e-02 4.180718585848808289e-02 6.857930566184222698e-04 2.264919318258762360e-02 2.955674193799495697e-03 3.597754612565040588e-02 8.382407017052173615e-03 1.902302168309688568e-02 4.383703321218490601e-02 1.182370167225599289e-02 1.973207108676433563e-02 4.108809679746627808e-02 2.298244461417198181e-02 3.436156734824180603e-02 3.098763525485992432e-02 3.420108556747436523e-02 3.191402554512023926e-02 3.323821723461151123e-02 2.063054824247956276e-03 4.278532788157463074e-02 1.141313090920448303e-01 1.065237298607826233e-01 3.507982566952705383e-02 1.263748761266469955e-02 3.722803201526403427e-03 3.997000679373741150e-02 9.152763336896896362e-02 1.024254336953163147e-01 1.324441563338041306e-02 4.715136811137199402e-02 2.113142982125282288e-02 1.625074818730354309e-02 9.947820566594600677e-03 4.552280530333518982e-02 3.403227031230926514e-02 2.670634770765900612e-03 1.638320833444595337e-02 1.541509479284286499e-02 2.756066806614398956e-02 3.736038133502006531e-02 3.005695529282093048e-02 3.721926361322402954e-02 3.349955752491950989e-02 3.909146040678024292e-02 3.560068458318710327e-02 3.263617679476737976e-02 2.554458752274513245e-02 7.054235320538282394e-03 5.514831747859716415e-03 1.653986866585910320e-03 4.434848204255104065e-02 3.645901754498481750e-02 4.042402654886245728e-02 3.358406946063041687e-02 4.568072909023612738e-04 3.568987175822257996e-02
2.288036979734897614e-03 1.265519950538873672e-02 3.284825757145881653e-02 4.373935237526893616e-02 4.249363392591476440e-02 3.175542503595352173e-02 2.507887594401836395e-02 5.217191763222217560e-03 4.858538508415222168e-01 1.046264097094535828e-01 2.583765797317028046e-02 4.518051445484161377e-02 2.118445932865142822e-02 4.314330406486988068e-03 2.680207975208759308e-02 2.115009538829326630e-02 2.289632521569728851e-02 2.146653644740581512e-02 6.753453519195318222e-03 4.673264548182487488e-02 3.040995821356773376e-02 3.364194184541702271e-02 4.176248982548713684e-02 3.661053255200386047e-02 3.325036540627479553e-02 3.800568357110023499e-02 9.247394278645515442e-03 3.565329313278198242e-02 1.052874233573675156e-02 3.932066634297370911e-02 1.973639242351055145e-03 2.119549550116062164e-02 3.864550590515136719e-02 3.306992352008819580e-02 5.139087140560150146e-02 3.338782861828804016e-02 4.213544726371765137e-02 8.748824708163738251e-03 3.271740674972534180e-02 3.125523030757904053e-02 5.961759947240352631e-03 6.604237109422683716e-02 1.644934155046939850e-02 1.877043396234512329e-02 5.302894487977027893e-02 1.707119867205619812e-02 4.127503931522369385e-02 1.313809491693973541e-02 5.161846801638603210e-02 4.257629811763763428e-02 3.074286878108978271e-02 8.111788192763924599e-04 2.389012090861797333e-02 2.195334807038307190e-02 6.105758249759674072e-02 5.071476474404335022e-02 8.288593031466007233e-03 2.042245119810104370e-03 2.825999166816473007e-03 3.281718865036964417e-02 2.192904241383075714e-02 5.954538006335496902e-03 1.019483897835016251e-02 4.614907503128051758e-02 2.596393693238496780e-03 4.274077247828245163e-03 5.348200350999832153e-02 3.385914489626884460e-02 1.850147545337677002e-02 1.010764949023723602e-02 1.564723625779151917e-02 2.016692236065864563e-02 8.156037889420986176e-03 2.065309323370456696e-02 8.685825159773230553e-04 3.957457840442657471e-02 1.034670397639274597e-01 6.266617774963378906e-02 8.280219137668609619e-02 1.862865756265819073e-03 4.075602069497108459e-02 2.090362831950187683e-02 2.920140326023101807e-02 3.676890581846237183e-02 1.499221543781459332e-03 1.055930554866790771e-02 1.956203952431678772e-02 4.739047586917877197e-02 3.483073413372039795e-02 4.965871106833219528e-03 1.957481540739536285e-02 1.323956251144409180e-02 1.987528987228870392e-02 7.750045042484998703e-03 1.217977330088615417e-02 1.024847943335771561e-02 1.362068206071853638e-02 3.915451839566230774e-02 8.001086115837097168e-02 7.304468750953674316e-02 2.744768001139163971e-02 2.462762966752052307e-02 3.023618459701538086e-02 7.701641879975795746e-04 2.398477494716644287e-02 6.539286114275455475e-03 9.837886318564414978e-03 4.111322760581970215e-02 3.157267346978187561e-02 1.973278820514678955e-02 1.020471472293138504e-02 1.569970697164535522e-02 1.608121953904628754e-02 7.089652586728334427e-03 5.094075947999954224e-02 1.269171759486198425e-02
1.526505569927394390e-03 7.393850246444344521e-04 3.953681141138076782e-02 9.060486219823360443e-03 2.383269602432847023e-03 4.809486214071512222e-03 3.229783847928047180e-03 9.558619931340217590e-04 1.046264097094535828e-01 4.865246713161468506e-01 3.783129388466477394e-03 1.139438897371292114e-02 1.705611706711351871e-03 4.948659334331750870e-03 1.727649755775928497e-02 3.999825939536094666e-02 2.078549377620220184e-02 1.188555359840393066e-02 4.684938117861747742e-02 3.698058053851127625e-02 3.087234310805797577e-02 2.078013680875301361e-02 1.346552558243274689e-02 4.332827031612396240e-02 3.433167934417724609e-02 5.060118809342384338e-02 3.444633446633815765e-03 1.873410865664482117e-02 1.591814495623111725e-02 1.655846461653709412e-02 9.675694163888692856e-04 2.099754102528095245e-02 2.706929482519626617e-02 2.315865829586982727e-02 5.582814291119575500e-02 3.871161118149757385e-02 4.564249143004417419e-02 3.072411753237247467e-02 5.038156732916831970e-02 6.743611302226781845e-03 1.230609230697154999e-02 2.266389131546020508e-02 1.495051756501197815e-02 1.344026438891887665e-02 3.704027831554412842e-02 2.582018822431564331e-02 5.411339923739433289e-03 1.607455499470233917e-02 4.043296503368765116e-04 4.815687611699104309e-02 2.964847907423973083e-02 4.176652804017066956e-02 1.715248078107833862e-02 1.368569326587021351e-03 1.923505775630474091e-02 7.566915452480316162e-02 2.005906216800212860e-02 1.723598456010222435e-03 2.727078506723046303e-03 3.857035934925079346e-02 1.379989087581634521e-02 3.704157844185829163e-02 8.939760737121105194e-03 6.775360554456710815e-03 1.392454560846090317e-02 1.694703847169876099e-02 4.884096235036849976e-02 5.269289389252662659e-02 1.980202458798885345e-02 2.044428884983062744e-02 2.199715003371238708e-02 8.929533883929252625e-03 5.548539012670516968e-02 6.525328848510980606e-03 1.550765126012265682e-03 1.704541966319084167e-02 5.811359360814094543e-02 1.057234629988670349e-01 5.260632559657096863e-02 3.720128908753395081e-02 2.040986903011798859e-02 3.865262120962142944e-02 6.192760774865746498e-04 7.570022344589233398e-02 9.081891737878322601e-03 2.385676093399524689e-02 1.816911622881889343e-02 3.641798719763755798e-02 5.644275620579719543e-02 3.440358862280845642e-02 1.282604131847620010e-02 2.318999543786048889e-02 9.733239188790321350e-03 4.133627563714981079e-02 2.440406940877437592e-02 1.330669783055782318e-02 4.327993467450141907e-02 2.568159624934196472e-02 2.094596810638904572e-02 2.248621359467506409e-02 1.973808184266090393e-02 3.841656818985939026e-02 4.061139002442359924e-02 2.428450621664524078e-02 1.771607995033264160e-02 8.896391838788986206e-03 5.655471468344330788e-04 1.833836734294891357e-02 3.349357470870018005e-02 3.856940940022468567e-02 1.855629310011863708e-02 2.462569810450077057e-02 3.055008128285408020e-03 3.104632347822189331e-02 8.948782458901405334e-03 3.185706958174705505e-02
4.819687083363533020e-02 3.724745661020278931e-02 1.281236950308084488e-02 3.990403562784194946e-02 3.622184321284294128e-02 3.052802756428718567e-02 3.702682256698608398e-02 1.926819048821926117e-02 2.583765797317028046e-02 3.783129388466477394e-03 5.039667487144470215e-01 1.455312012694776058e-03 7.270960509777069092e-02 6.914791185408830643e-03 4.773064702749252319e-02 1.189753646031022072e-03 1.428710389882326126e-02 2.149980701506137848e-02 8.688074536621570587e-03 1.975978811969980597e-04 1.362385042011737823e-02 1.284163678064942360e-03 2.698384039103984833e-02 1.165321655571460724e-02 1.028709299862384796e-02 3.585735103115439415e-03 3.302997350692749023e-02 3.834635764360427856e-02 3.421540185809135437e-02 3.678733482956886292e-02 4.229979589581489563e-02 9.053310379385948181e-03 9.140808135271072388e-03 1.151534356176853180e-02 1.654909364879131317e-02 1.354522071778774261e-02 2.659094147384166718e-02 1.292911038035526872e-04 5.819472484290599823e-03 4.715503007173538208e-02 8.320957422256469727e-03 2.307517081499099731e-02 1.378580089658498764e-02 4.302345681935548782e-03 3.329875320196151733e-02 4.945357516407966614e-02 2.628287859261035919e-02 3.164067864418029785e-02 4.451502487063407898e-02 3.715865686535835266e-02 5.351200327277183533e-02 2.269055135548114777e-02 3.697318211197853088e-02 2.883556857705116272e-02 4.132029786705970764e-02 2.982459403574466705e-02 5.283127073198556900e-03 1.829883828759193420e-02 3.046815283596515656e-02 1.221616379916667938e-02 1.628025807440280914e-02 1.400009635835886002e-02 2.374983392655849457e-03 9.259339421987533569e-03 2.630980685353279114e-02 2.191192843019962311e-02 4.104658961296081543e-03 1.684942096471786499e-02 1.058062724769115448e-02 2.140343561768531799e-02 1.172331441193819046e-02 4.174340888857841492e-02 7.626434089615941048e-04 2.875986136496067047e-02 2.998117357492446899e-02 1.106905937194824219e-02 2.828683238476514816e-03 6.294731982052326202e-03 2.099830843508243561e-02 5.027011781930923462e-02 4.391573369503021240e-03 6.115143653005361557e-03 6.718006916344165802e-04 2.154361456632614136e-03 4.540144465863704681e-03 3.860033350065350533e-03 1.171328220516443253e-02 5.253526847809553146e-03 6.672809249721467495e-04 3.445734083652496338e-02 2.463692612946033478e-02 3.192081348970532417e-03 1.544205471873283386e-02 3.937780484557151794e-02 2.611840516328811646e-02 1.484279707074165344e-02 3.679191321134567261e-02 7.204605732113122940e-03 8.517874404788017273e-03 2.114669792354106903e-02 1.055881194770336151e-02 4.211877007037401199e-03 1.316201966255903244e-02 3.103280626237392426e-02 2.851621829904615879e-04 3.537831082940101624e-02 1.900502480566501617e-02 6.073765922337770462e-03 3.403755277395248413e-02 1.083515956997871399e-02 3.666402399539947510e-02 5.463230609893798828e-02 5.157054867595434189e-03 7.660669740289449692e-03 1.251730788499116898e-02 4.799377918243408203e-02
8.458939380943775177e-03 2.397975325584411621e-02 1.049578469246625900e-02 2.299035713076591492e-02 3.665506467223167419e-02 2.501176786608994007e-04 2.491414779797196388e-03 9.902905439957976341e-04 4.518051445484161377e-02 1.139438897371292114e-02 1.455312012694776058e-03 4.826830923557281494e-01 3.782519605010747910e-03 1.692819446325302124e-01 1.010087784379720688e-02 4.157157987356185913e-02 3.001509048044681549e-02 3.602143377065658569e-02 3.567127138376235962e-02 4.882993176579475403e-03 3.276399895548820496e-02 1.160098891705274582e-02 9.721344686113297939e-04 2.797223068773746490e-02 7.173681631684303284e-03 1.152735762298107147e-02 1.237742602825164795e-02 5.801477655768394470e-02 8.962187916040420532e-03 2.847855677828192711e-03 2.831595251336693764e-03 9.203465655446052551e-03 4.625057056546211243e-02 5.407639779150485992e-03 2.357343211770057678e-02 3.236357867717742920e-02 2.460127882659435272e-02 1.460963673889636993e-02 9.145711362361907959e-02 2.313535474240779877e-02 3.212306648492813110e-02 1.926031522452831268e-02 4.203743860125541687e-02 3.675490990281105042e-02 1.083787381649017334e-01 6.648648530244827271e-02 7.815812714397907257e-03 2.256733924150466919e-02 6.387778092175722122e-03 5.391987413167953491e-02 3.235706686973571777e-02 5.604419857263565063e-02 3.581921756267547607e-02 1.183372363448143005e-02 2.428816817700862885e-02 2.696611359715461731e-02 5.349631235003471375e-02 3.539735451340675354e-02 3.332839906215667725e-02 4.652846604585647583e-02 3.367759659886360168e-02 4.682821407914161682e-02 1.106968335807323456e-02 1.271776016801595688e-02 5.654624197632074356e-03 1.297960523515939713e-02 1.115256361663341522e-02 1.603850722312927246e-02 2.762682363390922546e-02 4.445348680019378662e-02 3.650294244289398193e-02 2.984589338302612305e-02 3.446875885128974915e-02 2.940892009064555168e-03 2.332266792654991150e-02 2.516898885369300842e-02 2.480750204995274544e-03 2.336691319942474365e-02 8.595348149538040161e-02 5.181722342967987061e-02 6.907637696713209152e-03 9.914601221680641174e-03 4.469449073076248169e-02 3.231873363256454468e-02 2.346476912498474121e-02 1.314222160726785660e-02 8.625062182545661926e-04 1.181573234498500824e-02 5.557350069284439087e-02 4.857004433870315552e-02 9.316686540842056274e-03 4.104595631361007690e-03 8.059265092015266418e-03 2.261859364807605743e-02 5.712627246975898743e-02 4.031338915228843689e-02 9.347756393253803253e-03 3.230293095111846924e-02 4.169330745935440063e-02 4.806114360690116882e-03 1.607334986329078674e-02 4.524844698607921600e-03 1.780521497130393982e-02 5.850233603268861771e-03 4.286271333694458008e-02 7.506521046161651611e-02 1.732953637838363647e-02 4.375675693154335022e-02 2.820200473070144653e-02 4.970629885792732239e-02 5.056581646203994751e-02 1.435670163482427597e-02 2.731129713356494904e-02 5.531959608197212219e-02 1.820155419409275055e-02 3.952372446656227112e-02
3.934537991881370544e-02 3.158416599035263062e-02 2.495770901441574097e-02 4.573827981948852539e-02 3.681070730090141296e-02 3.435253351926803589e-02 3.399600088596343994e-02 2.896198444068431854e-02 2.118445932865142822e-02 1.705611706711351871e-03 7.270960509777069092e-02 3.782519605010747910e-03 5.041457414627075195e-01 1.555716991424560547e-02 7.010812312364578247e-02 1.672032848000526428e-02 2.881988696753978729e-02 2.043149247765541077e-02 6.432920228689908981e-03 7.302307058125734329e-03 2.705676294863224030e-02 5.803553387522697449e-03 4.198657348752021790e-02 6.690610200166702271e-03 1.610376499593257904e-02 4.069349728524684906e-03 3.437319397926330566e-02 1.938353665173053741e-02 2.622297406196594238e-02 1.380538009107112885e-02 2.721530012786388397e-02 9.289142675697803497e-03 1.115523651242256165e-02 1.024572085589170456e-02 1.210277527570724487e-02 3.174903988838195801e-02 4.125007614493370056e-02 3.651332110166549683e-03 5.852948874235153198e-03 4.965650290250778198e-02 3.074709326028823853e-03 2.706830762326717377e-02 5.648619029670953751e-03 1.549101341515779495e-02 2.980828844010829926e-02 4.663050174713134766e-02 2.177896723151206970e-02 2.850684337317943573e-02 5.121468380093574524e-02 2.061680145561695099e-02 4.732710868120193481e-02 2.186718583106994629e-02 5.038239434361457825e-02 1.023648958653211594e-02 5.134968459606170654e-02 3.607700765132904053e-02 7.740620523691177368e-03 7.228078320622444153e-03 5.070267990231513977e-02 4.757380858063697815e-02 1.841127313673496246e-02 9.941949509084224701e-03 2.553564263507723808e-03 1.828848756849765778e-02 2.241574972867965698e-02 1.967832446098327637e-02 1.721186377108097076e-02 3.563194070011377335e-03 4.097773227840662003e-03 2.183614671230316162e-02 5.506860557943582535e-03 3.751957044005393982e-02 7.229481823742389679e-03 3.267802670598030090e-02 4.546912014484405518e-02 1.210188120603561401e-02 3.121316432952880859e-03 6.986488122493028641e-03 2.329637669026851654e-02 5.441809818148612976e-02 5.616228561848402023e-03 1.141404616646468639e-03 6.666077533736824989e-04 1.453804317861795425e-03 1.070098020136356354e-02 4.127720370888710022e-03 1.863619685173034668e-02 2.240983769297599792e-03 1.778852194547653198e-03 3.571594879031181335e-02 1.577897369861602783e-02 3.217546618543565273e-04 1.385399419814348221e-02 2.994581498205661774e-02 3.137817606329917908e-02 1.306094974279403687e-02 3.269784152507781982e-02 5.717384628951549530e-03 5.080876871943473816e-03 1.199368387460708618e-02 8.824505843222141266e-03 1.974283717572689056e-02 1.547250896692276001e-02 3.634636476635932922e-02 7.841771002858877182e-04 1.282932888716459274e-02 1.732746139168739319e-02 1.168726943433284760e-02 5.984356254339218140e-02 7.702050264924764633e-03 3.624374046921730042e-02 4.629966616630554199e-02 8.571289479732513428e-03 3.603294724598526955e-03 6.117444485425949097e-03 5.081648752093315125e-02
