4.874234795570373535e-01 1.401812434196472168e-01 3.715662285685539246e-02 2.145941555500030518e-02 3.295031189918518066e-02 1.486472934484481812e-01 3.070388361811637878e-02 4.407963715493679047e-03 2.189584309235215187e-03 1.059002615511417389e-02 8.506890386343002319e-02 1.681952364742755890e-02 1.289331763982772827e-01 3.948917239904403687e-02 5.633761361241340637e-02 1.527090463787317276e-02 1.397157832980155945e-02 1.720616035163402557e-02 1.178296399302780628e-03 4.436573479324579239e-03 1.081625651568174362e-02 1.329191327095031738e-01 4.697952792048454285e-02 2.661116607487201691e-02 1.371268834918737411e-02 7.469686679542064667e-04 3.627150505781173706e-02 4.062535008415579796e-04 5.669799819588661194e-02 1.116809528321027756e-02 3.586800023913383484e-02 3.393960744142532349e-02 2.916906028985977173e-02 2.063267678022384644e-02 2.876580506563186646e-02 3.448105230927467346e-02 1.047202385962009430e-04 5.311825498938560486e-02 3.380665089935064316e-03 2.180523006245493889e-03 1.769817806780338287e-02 3.356496989727020264e-02 3.285864368081092834e-02 2.383325248956680298e-02 4.676878452301025391e-02 1.192932110279798508e-02 5.043977499008178711e-02 4.417635127902030945e-02 4.398226737976074219e-02 1.346821151673793793e-02 3.935042023658752441e-02 4.600275307893753052e-02 3.705835714936256409e-02 4.603669792413711548e-02 2.762056887149810791e-02 3.353063017129898071e-02 2.937419712543487549e-02 1.349902804940938950e-02 5.002361256629228592e-03 5.732277873903512955e-03 2.785095712170004845e-03 1.465599052608013153e-02 3.938144072890281677e-02 9.616170078516006470e-03 4.044217988848686218e-02 3.974365070462226868e-02 3.838070109486579895e-02 3.807412087917327881e-02 1.106707472354173660e-02 4.590604826807975769e-02 4.778632428497076035e-03 9.581433609127998352e-03 6.928982678800821304e-03 1.019520335830748081e-03 4.544135555624961853e-02 2.479793690145015717e-02 3.563894703984260559e-02 1.031787320971488953e-02 9.548218804411590099e-04 4.538652021437883377e-03 7.108923047780990601e-03 5.708905402570962906e-03 2.649484574794769287e-02 3.929609432816505432e-02 4.967388138175010681e-02 1.148411445319652557e-02 1.739775203168392181e-02 2.065670117735862732e-02 1.616811193525791168e-02 2.590052783489227295e-02 7.426476571708917618e-03 3.650485351681709290e-02 1.340541616082191467e-02 9.603093564510345459e-02 2.463624626398086548e-02 1.828895509243011475e-02 9.008637629449367523e-03 2.770703518763184547e-03 3.464883565902709961e-02 2.568541653454303741e-02 4.865350946784019470e-02 6.058567203581333160e-03 2.377632260322570801e-02 4.327476397156715393e-02 3.255520761013031006e-02 2.652410231530666351e-02 3.445013612508773804e-02 1.967941038310527802e-02 1.815187372267246246e-02 3.581018373370170593e-02 3.068499639630317688e-02 6.094292271882295609e-03 9.027483873069286346e-03 4.010215774178504944e-02 2.391931600868701935e-03 1.213949080556631088e-02
1.401812434196472168e-01 4.757497310638427734e-01 2.679744735360145569e-02 9.391525760293006897e-03 2.719976752996444702e-02 1.363739371299743652e-01 1.357238292694091797e-01 8.743568905629217625e-04 4.247633367776870728e-02 1.710058562457561493e-02 5.476196855306625366e-02 4.623110871762037277e-04 1.643121540546417236e-01 3.672075644135475159e-02 4.165556281805038452e-02 2.339976839721202850e-02 2.851841226220130920e-02 3.074594587087631226e-02 3.517873585224151611e-02 4.436816647648811340e-02 3.033943008631467819e-03 4.481706395745277405e-02 2.027427311986684799e-03 4.875086713582277298e-03 1.029611844569444656e-02 7.370489649474620819e-03 1.909936405718326569e-02 4.251579567790031433e-02 8.847946301102638245e-03 2.065099962055683136e-02 1.845102757215499878e-02 2.332128398120403290e-02 8.191147819161415100e-03 2.607150748372077942e-02 7.644214201718568802e-03 4.968491569161415100e-02 6.401353329420089722e-02 5.786816775798797607e-02 1.136441994458436966e-02 7.337362039834260941e-03 3.269672393798828125e-02 4.786290973424911499e-02 3.907536342740058899e-02 3.525708615779876709e-02 2.464606054127216339e-02 4.855886846780776978e-02 2.304377034306526184e-02 2.720956690609455109e-02 3.402069956064224243e-02 6.768648512661457062e-03 9.353704750537872314e-03 9.281330858357250690e-04 3.987028822302818298e-02 4.541942849755287170e-02 1.041203155182301998e-03 1.095926668494939804e-02 2.481011115014553070e-02 1.755806244909763336e-02 1.693518646061420441e-02 1.259405724704265594e-02 1.125570014119148254e-02 2.486090920865535736e-02 1.661549438722431660e-03 9.100082330405712128e-03 2.750364318490028381e-02 8.555056154727935791e-02 4.030755255371332169e-03 2.518579130992293358e-03 1.365679223090410233e-02 7.938096299767494202e-03 3.515244228765368462e-03 1.840977347455918789e-03 2.337749861180782318e-02 1.894928142428398132e-02 4.056014120578765869e-02 5.929032340645790100e-03 4.659762978553771973e-02 4.165694117546081543e-02 4.668461158871650696e-02 2.275443635880947113e-02 4.457456991076469421e-03 4.930853098630905151e-02 2.328939177095890045e-02 2.504582330584526062e-02 9.527728892862796783e-03 4.924996197223663330e-02 5.881057679653167725e-02 5.545291677117347717e-02 4.498763382434844971e-02 1.731532067060470581e-02 6.097963824868202209e-02 5.168327316641807556e-02 2.903259545564651489e-02 7.035309076309204102e-02 3.549045324325561523e-02 1.582801528275012970e-02 3.911225497722625732e-02 1.041153329424560070e-03 2.887274697422981262e-02 1.288791466504335403e-02 4.076628945767879486e-03 2.476314315572381020e-03 1.920907525345683098e-03 5.039527895860373974e-04 2.109229564666748047e-02 1.285144966095685959e-02 1.503410842269659042e-02 1.772420294582843781e-02 9.687125682830810547e-03 1.207440253347158432e-02 2.155826799571514130e-02 3.936472639907151461e-04 1.579496543854475021e-03 3.810019791126251221e-02 6.522622704505920410e-02 3.168749436736106873e-02
3.715662285685539246e-02 2.679744735360145569e-02 4.654244184494018555e-01 1.284689549356698990e-02 2.436388842761516571e-02 4.606225062161684036e-03 1.894337125122547150e-02 5.773122608661651611e-02 3.578494116663932800e-02 1.132309262175112963e-04 1.150479074567556381e-02 1.980512402951717377e-02 5.235953629016876221e-02 3.553204610943794250e-02 1.564510725438594818e-02 1.704525086097419262e-03 2.180317975580692291e-02 5.659846123307943344e-03 6.692227721214294434e-02 2.642553998157382011e-03 3.891060128808021545e-02 6.990439258515834808e-03 2.447937801480293274e-02 2.661580406129360199e-02 3.016068972647190094e-02 4.511713981628417969e-02 3.307253122329711914e-02 6.965919397771358490e-03 5.767593625932931900e-03 1.742413826286792755e-02 1.793326996266841888e-02 5.018579773604869843e-03 4.131412133574485779e-02 8.162594400346279144e-03 4.856014158576726913e-03 2.804829925298690796e-02 2.297279052436351776e-02 2.708174660801887512e-02 4.595226049423217773e-02 4.564648959785699844e-03 1.625668257474899292e-02 1.860131882131099701e-02 9.469149634242057800e-03 1.238903552293777466e-01 6.217813119292259216e-03 1.238950155675411224e-02 8.314065635204315186e-03 4.439299553632736206e-02 6.375898141413927078e-03 2.371355332434177399e-02 2.966005587950348854e-03 1.448864582926034927e-02 2.861296012997627258e-02 4.070460051298141479e-02 3.454347327351570129e-02 2.778052876237779856e-04 7.340996526181697845e-03 1.889048703014850616e-02 3.130947705358266830e-03 1.206211559474468231e-02 9.723808616399765015e-03 2.120431885123252869e-02 4.896724596619606018e-02 5.755651276558637619e-03 1.405731681734323502e-02 5.515615642070770264e-02 1.154181198216974735e-03 1.854182407259941101e-02 1.463800761848688126e-02 1.348723378032445908e-02 2.307522110641002655e-02 6.823683157563209534e-03 5.153035372495651245e-02 2.502354979515075684e-02 4.267823696136474609e-02 3.342522308230400085e-02 8.043806068599224091e-03 5.017485097050666809e-02 4.236053302884101868e-02 4.952152445912361145e-02 5.720768123865127563e-02 8.512279018759727478e-03 1.299091428518295288e-02 2.248325012624263763e-02 1.878350740298628807e-03 3.227667510509490967e-02 1.377554330974817276e-02 7.580928970128297806e-03 1.326390169560909271e-02 4.600992798805236816e-02 3.451746015343815088e-04 4.926306381821632385e-02 3.517094999551773071e-02 1.847192645072937012e-02 3.137775510549545288e-02 1.513769850134849548e-02 2.290049381554126740e-02 4.624603316187858582e-02 5.401279404759407043e-02 5.440018698573112488e-02 1.149125862866640091e-02 2.624340821057558060e-03 1.771408249624073505e-03 2.168548991903662682e-03 2.717862464487552643e-02 3.041535057127475739e-02 2.045588195323944092e-02 3.516959771513938904e-02 4.333846271038055420e-02 6.190300453454256058e-03 8.660285174846649170e-02 8.779940195381641388e-03 4.329781234264373779e-02 3.870013728737831116e-02 6.768790632486343384e-02 3.615723922848701477e-02
2.145941555500030518e-02 9.391525760293006897e-03 1.284689549356698990e-02 4.732578098773956299e-01 3.953958675265312195e-02 3.955407068133354187e-02 4.432069137692451477e-02 1.054749824106693268e-02 3.621988743543624878e-02 2.766307257115840912e-02 1.676964573562145233e-02 1.690749824047088623e-02 2.082023210823535919e-02 5.371219664812088013e-02 4.922840278595685959e-03 1.262744981795549393e-02 2.315177582204341888e-02 2.928996086120605469e-02 2.895693667232990265e-02 1.556561212055385113e-03 2.048261463642120361e-02 2.556197158992290497e-02 2.478702226653695107e-03 1.346658635884523392e-02 9.560805745422840118e-03 1.857776753604412079e-02 2.433456480503082275e-02 3.723007068037986755e-02 1.073961053043603897e-02 6.014406308531761169e-02 4.859907180070877075e-02 3.472035378217697144e-02 1.529069617390632629e-02 3.449080884456634521e-02 1.814231835305690765e-02 3.577295690774917603e-02 9.747591800987720490e-03 2.893469110131263733e-02 8.198230713605880737e-02 5.761317163705825806e-02 1.171953510493040085e-02 5.291323736310005188e-02 5.284120514988899231e-02 9.661765769124031067e-03 2.929198183119297028e-02 2.688227407634258270e-02 1.825559884309768677e-02 7.482798304408788681e-03 1.421452616341412067e-03 9.099986404180526733e-03 2.721343748271465302e-02 3.626012802124023438e-02 4.783156514167785645e-02 4.325240850448608398e-02 1.673619262874126434e-02 3.269771113991737366e-02 4.284574463963508606e-02 2.085188776254653931e-02 5.487838294357061386e-03 7.526985835283994675e-03 6.193806976079940796e-02 1.267715822905302048e-02 4.254763573408126831e-02 1.488262694329023361e-02 2.796118892729282379e-02 8.630971424281597137e-03 1.517663989216089249e-02 4.920709878206253052e-03 6.598147749900817871e-02 1.677135564386844635e-02 4.561297968029975891e-02 3.566026315093040466e-02 1.089766100049018860e-01 3.282267227768898010e-02 1.929707638919353485e-02 1.363545563071966171e-02 1.129354699514806271e-03 1.007633842527866364e-02 4.828921332955360413e-02 5.454029887914657593e-02 1.230560149997472763e-02 2.345339395105838776e-02 4.188457131385803223e-02 4.431433975696563721e-02 2.163892425596714020e-02 3.188140690326690674e-02 1.500940043479204178e-02 1.104773022234439850e-02 5.995799787342548370e-03 5.105252191424369812e-02 9.703143499791622162e-03 2.573998086154460907e-02 5.275485571473836899e-03 1.790659129619598389e-02 5.916280299425125122e-02 1.609331578947603703e-03 2.670332603156566620e-02 4.027727246284484863e-02 3.720173984766006470e-02 4.433546960353851318e-02 2.749319002032279968e-02 4.216948989778757095e-03 2.095253393054008484e-02 4.581627249717712402e-02 4.327942058444023132e-02 3.623573482036590576e-02 1.318319002166390419e-03 2.654496580362319946e-02 3.101439215242862701e-03 5.135952681303024292e-02 1.889100670814514160e-02 5.365844070911407471e-02 3.677809610962867737e-02 1.062367577105760574e-02 6.858403328806161880e-03 1.999873295426368713e-02
3.295031189918518066e-02 2.719976752996444702e-02 2.436388842761516571e-02 3.953958675265312195e-02 4.430901110172271729e-01 2.877703495323657990e-02 1.550813298672437668e-02 3.335064649581909180e-02 3.987478837370872498e-02 1.144863199442625046e-02 1.059105247259140015e-02 9.246828965842723846e-03 1.711872406303882599e-02 4.261311143636703491e-02 4.996625706553459167e-03 1.513565052300691605e-02 5.738476291298866272e-03 1.072851009666919708e-02 3.963312879204750061e-02 1.755305565893650055e-02 2.564801461994647980e-02 2.894803881645202637e-02 1.805486739613115788e-03 2.441187016665935516e-02 2.854772657155990601e-02 5.239992961287498474e-02 4.694379121065139771e-02 4.184173885732889175e-03 2.087354660034179688e-02 3.701730072498321533e-02 4.130832850933074951e-02 5.778864491730928421e-03 4.703554138541221619e-02 1.035976875573396683e-02 3.681602329015731812e-02 2.395878732204437256e-02 1.646683551371097565e-02 4.993620514869689941e-02 3.760798135772347450e-04 6.846194714307785034e-02 1.342520676553249359e-02 9.005740284919738770e-03 4.679742455482482910e-02 6.901663541793823242e-02 1.192321814596652985e-02 2.400991320610046387e-02 6.123645231127738953e-03 5.976615473628044128e-03 1.514159701764583588e-02 1.337566692382097244e-02 2.426019683480262756e-02 2.292824909090995789e-02 4.342461749911308289e-02 6.745767593383789062e-02 3.079938888549804688e-02 1.710819453001022339e-02 7.120511494576931000e-03 1.454772055149078369e-02 1.957180537283420563e-02 6.950053852051496506e-03 4.161656647920608521e-02 3.687391430139541626e-02 1.209327206015586853e-01 2.726031467318534851e-03 3.375234454870223999e-02 1.448576338589191437e-02 4.139668308198451996e-03 4.672407812904566526e-04 4.547522962093353271e-02 1.989868003875017166e-03 2.255250886082649231e-02 1.374299079179763794e-02 4.153749719262123108e-02 2.094774134457111359e-02 2.302282303571701050e-02 3.773852437734603882e-02 9.425819735042750835e-04 2.440544217824935913e-02 1.270148064941167831e-02 3.635521745309233665e-03 4.390759766101837158e-02 2.487888000905513763e-02 1.481656730175018311e-02 2.842036448419094086e-02 2.637553028762340546e-02 1.344790402799844742e-02 2.913199178874492645e-02 7.541094720363616943e-02 2.092401310801506042e-02 2.910093218088150024e-02 9.474707767367362976e-04 3.782791644334793091e-02 1.593626849353313446e-02 8.523633703589439392e-03 7.735222112387418747e-03 2.634370513260364532e-02 2.697025984525680542e-02 2.802063710987567902e-02 3.088617324829101562e-02 1.643917150795459747e-02 5.788468988612294197e-04 9.071324020624160767e-03 1.399192400276660919e-02 8.011101745069026947e-03 3.529328107833862305e-02 2.143895253539085388e-02 3.648179396986961365e-02 4.210597369819879532e-03 1.914461841806769371e-03 1.700201630592346191e-02 2.616986632347106934e-02 2.141148969531059265e-02 4.553748294711112976e-02 2.659977786242961884e-02 4.354638513177633286e-03 4.188043624162673950e-02
1.486472934484481812e-01 1.363739371299743652e-01 4.606225062161684036e-03 3.955407068133354187e-02 2.877703495323657990e-02 4.804108142852783203e-01 2.038640081882476807e-01 1.551733817905187607e-02 3.135692095384001732e-03 1.147074345499277115e-02 3.455384820699691772e-02 1.398816704750061035e-01 1.228783056139945984e-01 9.357272833585739136e-02 4.584834724664688110e-02 1.057373825460672379e-02 1.963667571544647217e-02 1.816909387707710266e-02 2.639004215598106384e-02 2.365907840430736542e-02 3.538433462381362915e-02 2.308127470314502716e-02 7.618019729852676392e-02 3.652038425207138062e-02 3.996434807777404785e-02 2.578984014689922333e-02 4.498117789626121521e-02 6.742338091135025024e-02 4.770913720130920410e-02 3.380620852112770081e-02 4.632749129086732864e-03 2.609902620315551758e-02 2.895822562277317047e-02 4.377583041787147522e-02 4.607345536351203918e-02 1.229054853320121765e-02 1.529388967901468277e-02 1.567301899194717407e-02 3.140004700981080532e-04 2.788377553224563599e-02 1.017046812921762466e-02 2.160623110830783844e-02 2.251497842371463776e-02 3.933498263359069824e-02 1.825931714847683907e-03 5.404502619057893753e-03 7.657321542501449585e-02 7.420449052006006241e-03 2.864655572921037674e-03 4.424985870718955994e-02 1.301258243620395660e-02 2.200995758175849915e-02 2.593950927257537842e-02 8.624386973679065704e-03 2.457414753735065460e-02 1.467717345803976059e-02 2.324826270341873169e-02 2.445062994956970215e-02 8.890003664419054985e-04 4.133446514606475830e-02 2.309668995440006256e-02 2.861841395497322083e-02 7.321438752114772797e-03 1.691306754946708679e-02 5.268931761384010315e-02 1.581673510372638702e-02 2.334642782807350159e-02 4.023616388440132141e-02 2.403463236987590790e-02 4.534923285245895386e-02 6.188693456351757050e-03 2.657075040042400360e-02 1.558432355523109436e-02 1.795508153736591339e-02 1.531383604742586613e-04 4.268698021769523621e-02 3.145528584718704224e-02 1.234849914908409119e-02 4.145744442939758301e-02 2.919205836951732635e-02 2.689244784414768219e-02 4.564730077981948853e-02 3.336901217699050903e-02 3.692000731825828552e-02 4.228790104389190674e-02 1.515107508748769760e-02 1.801007427275180817e-02 3.416645154356956482e-02 3.407789766788482666e-02 3.215875849127769470e-02 5.394120514392852783e-02 3.055391833186149597e-02 4.557276610285043716e-03 4.598468169569969177e-02 1.067830435931682587e-02 2.655707858502864838e-02 3.624210134148597717e-02 4.437930136919021606e-02 3.648465499281883240e-02 4.139268398284912109e-02 3.201302140951156616e-02 2.158152312040328979e-02 3.190970420837402344e-02 4.347506444901227951e-03 6.467732600867748260e-03 1.103120762854814529e-02 2.091350033879280090e-02 2.367427200078964233e-02 2.376521006226539612e-03 3.316770121455192566e-02 2.973564527928829193e-02 5.903244018554687500e-02 1.684468984603881836e-02 1.685334183275699615e-02 1.133037731051445007e-02 3.872695192694664001e-02
3.070388361811637878e-02 1.357238292694091797e-01 1.894337125122547150e-02 4.432069137692451477e-02 1.550813298672437668e-02 2.038640081882476807e-01 4.717025756835937500e-01 4.011043906211853027e-02 1.904807612299919128e-02 9.106341167353093624e-04 1.501050963997840881e-02 5.161856487393379211e-02 8.356519043445587158e-02 2.946733310818672180e-02 2.799018286168575287e-02 1.579558849334716797e-02 6.437762174755334854e-03 9.852743241935968399e-04 4.649357870221138000e-02 2.968163788318634033e-02 2.776384539902210236e-02 5.984580516815185547e-02 1.250838395208120346e-02 4.062103107571601868e-02 3.358584642410278320e-02 9.864092804491519928e-03 2.986838109791278839e-02 1.135295256972312927e-03 1.155918114818632603e-03 4.430316016077995300e-02 3.754655644297599792e-02 3.259337274357676506e-03 2.253254875540733337e-02 1.555508002638816833e-02 2.715283073484897614e-02 1.419587875716388226e-03 3.569130972027778625e-02 4.025837406516075134e-02 4.285995382815599442e-03 2.545623667538166046e-02 2.809329144656658173e-02 4.521431028842926025e-02 4.198925942182540894e-02 1.134639489464461803e-03 3.624411672353744507e-02 1.925510913133621216e-02 3.607485815882682800e-02 8.421266824007034302e-02 6.127429381012916565e-02 5.803196108900010586e-04 4.804767668247222900e-03 3.422451391816139221e-02 1.946439221501350403e-02 2.379873022437095642e-02 3.490855684503912926e-03 3.203904256224632263e-02 1.724464446306228638e-02 4.697529599070549011e-02 4.237332940101623535e-02 5.313608050346374512e-02 8.394022472202777863e-03 3.838847577571868896e-02 2.295153588056564331e-02 1.603785343468189240e-02 3.425080329179763794e-03 5.275907739996910095e-02 2.646165713667869568e-02 1.262236945331096649e-02 3.176230937242507935e-03 1.742789708077907562e-02 3.795161098241806030e-02 8.742124773561954498e-03 3.490077331662178040e-02 2.223239466547966003e-02 4.919141530990600586e-02 2.714174427092075348e-02 1.988439820706844330e-03 2.101732976734638214e-02 2.587708458304405212e-02 3.562507778406143188e-02 1.665801182389259338e-02 3.108528442680835724e-02 4.164654016494750977e-02 7.402618881314992905e-03 7.555086631327867508e-04 6.537344306707382202e-03 1.045480184257030487e-02 1.525320549262687564e-04 1.985760871320962906e-03 3.096617199480533600e-02 4.981130361557006836e-02 4.159227758646011353e-02 3.759833285585045815e-03 1.404459681361913681e-02 3.308924287557601929e-02 2.574387565255165100e-02 3.178004547953605652e-02 3.895894810557365417e-02 2.147826598957180977e-03 9.572887793183326721e-03 2.566121704876422882e-02 1.741855964064598083e-02 1.660355925559997559e-02 2.193949371576309204e-02 1.039577554911375046e-02 2.352588996291160583e-02 2.551904320716857910e-02 2.756110392510890961e-02 5.219112616032361984e-03 4.147341847419738770e-02 4.243601486086845398e-02 2.405812032520771027e-02 2.840336970984935760e-02 4.218343272805213928e-02 4.359970241785049438e-02 2.987701445817947388e-03
4.407963715493679047e-03 8.743568905629217625e-04 5.773122608661651611e-02 1.054749824106693268e-02 3.335064649581909180e-02 1.551733817905187607e-02 4.011043906211853027e-02 4.682084619998931885e-01 1.236837543547153473e-02 1.105588208884000778e-02 8.478056639432907104e-03 2.627956122159957886e-02 3.080180101096630096e-02 4.449259117245674133e-02 5.026144534349441528e-02 4.516195505857467651e-02 3.752213716506958008e-02 9.960775263607501984e-03 2.718730084598064423e-02 3.537283092737197876e-02 3.420367464423179626e-02 5.975710228085517883e-03 2.729913778603076935e-02 1.071812771260738373e-02 2.350440807640552521e-02 6.328084040433168411e-03 4.071217961609363556e-03 4.672555997967720032e-02 3.112485166639089584e-03 1.135224569588899612e-02 5.119631532579660416e-04 3.744152560830116272e-02 7.395163993351161480e-04 2.421467006206512451e-02 7.194804493337869644e-03 2.492522075772285461e-02 1.695931702852249146e-02 3.886889293789863586e-02 1.813640817999839783e-02 1.878261752426624298e-02 5.694077908992767334e-02 4.263077303767204285e-02 1.998711004853248596e-02 2.985602803528308868e-02 1.464355923235416412e-02 1.733219996094703674e-02 3.774174721911549568e-03 6.626922637224197388e-03 5.338892713189125061e-02 3.767783939838409424e-02 2.710536681115627289e-02 3.333003818988800049e-02 2.464599348604679108e-02 3.155270218849182129e-02 1.216953527182340622e-02 3.891679272055625916e-02 5.538887158036231995e-02 1.562277507036924362e-02 8.425082080066204071e-03 9.040433913469314575e-03 5.430921912193298340e-03 9.711204911582171917e-04 1.901330612599849701e-02 4.765636473894119263e-02 3.434846177697181702e-02 2.200205624103546143e-02 2.788362838327884674e-02 8.771426975727081299e-03 6.561351474374532700e-03 1.608903403393924236e-03 1.750176958739757538e-02 4.795475304126739502e-02 4.135093465447425842e-02 1.613533310592174530e-02 1.292322482913732529e-02 1.322674658149480820e-02 1.194287207908928394e-03 1.668529026210308075e-02 1.036668196320533752e-02 1.280253287404775620e-02 1.140945851802825928e-01 5.751404538750648499e-02 1.842197147198021412e-03 1.658551953732967377e-02 3.223065286874771118e-02 4.863929003477096558e-03 8.607266098260879517e-02 6.054542958736419678e-02 3.158525377511978149e-02 6.147956475615501404e-03 1.160476915538311005e-02 2.376632764935493469e-02 5.097458139061927795e-03 3.337534144520759583e-02 1.084747165441513062e-02 1.041420642286539078e-02 4.275121539831161499e-02 1.276912540197372437e-02 1.269284822046756744e-02 5.016617849469184875e-02 1.067981123924255371e-02 3.472716361284255981e-02 6.831269129179418087e-04 1.903304643929004669e-02 4.657867923378944397e-02 4.759331047534942627e-02 2.760289050638675690e-02 2.846389776095747948e-03 2.154792193323373795e-03 2.124189399182796478e-02 3.408795595169067383e-02 9.130977094173431396e-03 2.044819109141826630e-02 3.170915320515632629e-02 4.915693402290344238e-02 1.598500274121761322e-02
2.189584309235215187e-03 4.247633367776870728e-02 3.578494116663932800e-02 3.621988743543624878e-02 3.987478837370872498e-02 3.135692095384001732e-03 1.904807612299919128e-02 1.236837543547153473e-02 4.896045923233032227e-01 6.374846398830413818e-02 4.660588223487138748e-03 1.351573597639799118e-02 3.750664473045617342e-04 2.674602717161178589e-02 1.622095145285129547e-02 4.757489636540412903e-02 5.699025094509124756e-02 1.197871342301368713e-01 3.374171257019042969e-02 4.663252085447311401e-02 3.427390009164810181e-02 1.992104080272838473e-04 2.177291549742221832e-03 2.192426845431327820e-02 4.305677860975265503e-02 1.059058960527181625e-02 2.324601868167519569e-03 5.407281965017318726e-02 2.315091714262962341e-02 3.678764402866363525e-02 3.648006916046142578e-02 1.698910072445869446e-02 2.639328304212540388e-04 7.644264958798885345e-03 2.900886535644531250e-02 2.512797340750694275e-02 3.428635001182556152e-02 1.679200865328311920e-02 4.793846607208251953e-02 2.746253646910190582e-02 3.892988339066505432e-02 6.364906439557671547e-04 2.395241335034370422e-02 1.424207072705030441e-02 1.275511551648378372e-02 1.178766615339554846e-05 2.161242254078388214e-02 2.416220679879188538e-02 7.744900137186050415e-02 1.147804036736488342e-02 3.655382990837097168e-02 1.829378865659236908e-02 3.190093487501144409e-02 9.259424172341823578e-03 8.888255059719085693e-02 1.180781703442335129e-02 1.008087396621704102e-02 5.464148148894309998e-02 2.645340934395790100e-02 4.823437333106994629e-02 3.881406411528587341e-02 1.016744039952754974e-02 1.904488168656826019e-02 3.763151913881301880e-02 2.000074833631515503e-02 2.471183985471725464e-02 3.563411161303520203e-02 4.846895858645439148e-02 1.559790503233671188e-02 1.473323325626552105e-03 1.970919966697692871e-02 5.618536844849586487e-02 4.589542374014854431e-02 3.233505412936210632e-02 2.445106953382492065e-02 6.662482768297195435e-02 7.584372907876968384e-02 2.626957371830940247e-02 5.453395470976829529e-02 3.105824068188667297e-02 1.867001317441463470e-02 6.122093182057142258e-03 3.539243340492248535e-02 5.036585777997970581e-02 2.618370391428470612e-02 6.292682141065597534e-02 3.147063311189413071e-03 3.509943559765815735e-02 7.794003188610076904e-02 5.490059405565261841e-02 7.202701177448034286e-03 5.090591032058000565e-03 4.909084364771842957e-02 2.566120959818363190e-02 1.616352424025535583e-02 1.796173304319381714e-02 3.052166663110256195e-02 9.532646089792251587e-02 2.345271781086921692e-02 4.942140355706214905e-02 9.312111884355545044e-03 1.553633436560630798e-02 3.230845928192138672e-02 1.795786805450916290e-02 3.279328346252441406e-02 4.885816946625709534e-02 2.939704991877079010e-02 1.109221298247575760e-02 4.012744408100843430e-03 9.336283430457115173e-03 4.200411960482597351e-02 2.076446451246738434e-02 5.061598494648933411e-02 4.979659989476203918e-02 2.172649279236793518e-02 1.106508076190948486e-02
1.059002615511417389e-02 1.710058562457561493e-02 1.132309262175112963e-04 2.766307257115840912e-02 1.144863199442625046e-02 1.147074345499277115e-02 9.106341167353093624e-04 1.105588208884000778e-02 6.374846398830413818e-02 4.822041094303131104e-01 3.903364017605781555e-02 9.180178865790367126e-03 9.328924119472503662e-03 1.311649102717638016e-02 3.930455818772315979e-02 1.077239052392542362e-03 3.531576320528984070e-02 1.085082441568374634e-02 9.444651752710342407e-02 2.041265368461608887e-02 4.630056675523519516e-03 2.847408642992377281e-03 1.303194463253021240e-02 7.008472830057144165e-02 1.276515237987041473e-02 4.738085344433784485e-02 4.098265245556831360e-02 4.502121359109878540e-02 4.595442488789558411e-02 4.723191261291503906e-02 5.133751034736633301e-02 1.018495764583349228e-03 2.406866103410720825e-02 1.465185172855854034e-02 3.884702175855636597e-02 1.772939413785934448e-02 4.268199205398559570e-02 5.121000483632087708e-02 2.979962900280952454e-02 2.189745567739009857e-02 4.283851385116577148e-02 1.932174339890480042e-02 1.160541642457246780e-02 4.146317485719919205e-03 3.320861607789993286e-02 2.900654077529907227e-02 3.371391072869300842e-02 4.105845093727111816e-02 1.354687940329313278e-02 6.515621393918991089e-02 4.869174677878618240e-03 4.352129623293876648e-02 1.124692498706281185e-03 4.338375478982925415e-02 1.977974548935890198e-02 1.910771243274211884e-02 5.495639145374298096e-02 4.848285391926765442e-02 3.008402138948440552e-02 1.132217515259981155e-02 3.710569441318511963e-02 2.225713105872273445e-03 4.250485450029373169e-02 1.943762041628360748e-02 5.859238281846046448e-02 4.340627416968345642e-02 5.774175748229026794e-03 2.961806021630764008e-02 2.350218035280704498e-02 1.574373617768287659e-02 4.458707943558692932e-02 1.269836910068988800e-02 3.226308152079582214e-02 8.606719225645065308e-02 4.412949457764625549e-02 9.597814641892910004e-03 5.277966335415840149e-02 7.830827683210372925e-02 1.743220351636409760e-02 7.984887808561325073e-02 3.240089863538742065e-02 1.321919634938240051e-02 4.898854345083236694e-02 9.953372925519943237e-02 2.260972559452056885e-02 2.816053107380867004e-02 1.395166385918855667e-02 4.520962014794349670e-03 4.737053811550140381e-02 4.472531750798225403e-02 5.996586754918098450e-02 4.425530508160591125e-02 5.664028227329254150e-03 1.792310737073421478e-02 5.599759891629219055e-02 9.335889481008052826e-03 1.938751712441444397e-02 2.644739858806133270e-02 1.357740536332130432e-02 1.132692908868193626e-03 5.671906284987926483e-03 4.476906731724739075e-03 3.708264604210853577e-02 3.504100954160094261e-03 2.025480754673480988e-02 1.862209639512002468e-03 3.028069250285625458e-02 2.874391339719295502e-02 2.863359451293945312e-02 1.396919135004281998e-02 9.550855495035648346e-03 8.213311433792114258e-03 2.919752150774002075e-02 1.315152924507856369e-02 3.676974028348922729e-02 2.518264576792716980e-02
8.506890386343002319e-02 5.476196855306625366e-02 1.150479074567556381e-02 1.676964573562145233e-02 1.059105247259140015e-02 3.455384820699691772e-02 1.501050963997840881e-02 8.478056639432907104e-03 4.660588223487138748e-03 3.903364017605781555e-02 4.921035170555114746e-01 2.742013894021511078e-02 1.296967566013336182e-01 3.295174613595008850e-02 1.948683522641658783e-02 1.732273958623409271e-02 1.087406650185585022e-02 9.166597737930715084e-04 3.278885036706924438e-02 3.980091307312250137e-03 3.065318055450916290e-02 1.176870539784431458e-01 4.202156886458396912e-02 2.733041532337665558e-02 2.097989618778228760e-02 3.288699686527252197e-02 3.673452511429786682e-02 4.408580437302589417e-02 2.984080091118812561e-02 4.213935136795043945e-02 2.218023501336574554e-02 2.772286720573902130e-02 3.394436463713645935e-02 1.026693452149629593e-02 9.145142510533332825e-03 6.743941921740770340e-03 2.505340846255421638e-03 2.432405576109886169e-02 1.838357932865619659e-02 2.325723646208643913e-03 2.060638181865215302e-02 9.790736250579357147e-03 4.851653426885604858e-02 1.202884502708911896e-02 1.051397155970335007e-02 2.657283330336213112e-03 7.473929226398468018e-02 6.507415324449539185e-02 3.846995905041694641e-02 3.444766625761985779e-02 3.748506307601928711e-02 4.425166174769401550e-02 4.731183871626853943e-03 4.882487934082746506e-03 2.797968313097953796e-02 1.040818169713020325e-02 2.039430104196071625e-02 6.334951519966125488e-02 2.354649826884269714e-02 1.539372839033603668e-02 1.664746738970279694e-02 3.722476959228515625e-02 9.959846735000610352e-03 2.738142153248190880e-03 2.710445225238800049e-02 5.832876265048980713e-02 4.112270846962928772e-02 4.714388027787208557e-02 1.081235799938440323e-02 3.160028159618377686e-02 2.671880088746547699e-02 1.035896688699722290e-02 7.096734829246997833e-03 1.656708307564258575e-02 2.471616258844733238e-03 3.327066078782081604e-02 2.791018784046173096e-02 5.745489615947008133e-03 2.087837085127830505e-02 3.732995688915252686e-02 1.773618161678314209e-02 2.095685712993144989e-02 9.207210503518581390e-03 3.671937808394432068e-02 2.472879923880100250e-02 1.161544118076562881e-02 2.056998386979103088e-02 1.617684215307235718e-02 5.474044755101203918e-02 2.544523403048515320e-02 7.326563447713851929e-02 8.709360659122467041e-02 1.919833011925220490e-02 6.052038446068763733e-02 4.512747749686241150e-02 3.972118347883224487e-02 4.216438904404640198e-02 4.508011415600776672e-02 3.666951088234782219e-03 3.138832375407218933e-02 3.934426605701446533e-02 1.049505546689033508e-02 2.689015306532382965e-02 2.704977290704846382e-03 4.973655939102172852e-02 1.776021718978881836e-02 4.485742375254631042e-02 5.532893538475036621e-02 1.749812625348567963e-02 3.748830035328865051e-02 4.226192459464073181e-02 5.861365422606468201e-02 4.717230051755905151e-02 3.896113112568855286e-02 2.819720469415187836e-02 1.785893552005290985e-02
1.681952364742755890e-02 4.623110871762037277e-04 1.980512402951717377e-02 1.690749824047088623e-02 9.246828965842723846e-03 1.398816704750061035e-01 5.161856487393379211e-02 2.627956122159957886e-02 1.351573597639799118e-02 9.180178865790367126e-03 2.742013894021511078e-02 4.739224314689636230e-01 4.658442735671997070e-02 1.766500622034072876e-01 2.944708988070487976e-02 3.881012555211782455e-03 1.116933673620223999e-02 3.392070531845092773e-03 2.485658973455429077e-02 4.177242517471313477e-03 4.019273445010185242e-02 3.444453701376914978e-02 1.223630458116531372e-01 4.047322273254394531e-02 2.694127522408962250e-02 4.258207604289054871e-02 5.503045395016670227e-02 1.466491520404815674e-01 2.608618140220642090e-02 8.070683479309082031e-02 4.236841946840286255e-02 8.676933124661445618e-03 9.460911969654262066e-04 1.819705404341220856e-02 3.930061589926481247e-03 2.777615562081336975e-02 2.321310155093669891e-02 7.214492559432983398e-02 2.382814697921276093e-02 4.197385907173156738e-02 7.630238682031631470e-02 2.092820359393954277e-03 2.598055452108383179e-02 8.877572603523731232e-03 3.336067125201225281e-02 3.043024428188800812e-02 2.570133656263351440e-02 2.276763319969177246e-02 4.976986721158027649e-02 2.222570125013589859e-03 1.750763319432735443e-02 3.694188967347145081e-02 2.340170787647366524e-03 3.451131656765937805e-02 1.113578770309686661e-02 3.582571446895599365e-02 3.801247337833046913e-03 1.788693480193614960e-02 4.394236952066421509e-02 2.922328934073448181e-02 5.476427078247070312e-02 2.900740318000316620e-02 1.697578653693199158e-02 1.159661542624235153e-02 3.160642832517623901e-02 4.658180847764015198e-02 3.125433623790740967e-02 1.859609782695770264e-02 2.692548930644989014e-02 1.798233017325401306e-02 6.448613130487501621e-04 2.253516949713230133e-02 3.824438154697418213e-02 4.903824534267187119e-03 4.283937066793441772e-02 3.265382722020149231e-02 3.207677230238914490e-02 4.926410969346761703e-03 4.756021779030561447e-03 7.382946088910102844e-03 4.772987961769104004e-02 3.761352598667144775e-02 2.217318862676620483e-02 4.600301012396812439e-02 1.890488155186176300e-02 2.262062206864356995e-02 2.622094936668872833e-02 1.396069489419460297e-02 4.288133606314659119e-02 6.820571422576904297e-02 4.718674346804618835e-02 6.568053364753723145e-02 3.668361529707908630e-02 4.573705792427062988e-02 2.606188133358955383e-02 3.029697202146053314e-02 2.591283619403839111e-02 9.675657376646995544e-03 3.453572094440460205e-02 3.692704811692237854e-02 4.138549324125051498e-03 4.410652816295623779e-02 3.372615575790405273e-02 3.065174072980880737e-02 7.597106508910655975e-03 4.456379883777117357e-06 3.265018016099929810e-02 4.650383070111274719e-02 5.857805907726287842e-02 4.655953869223594666e-02 3.601545467972755432e-02 1.388401445001363754e-02 3.493298217654228210e-02 3.852093964815139771e-02 1.200092304497957230e-02 2.807652577757835388e-02
1.289331763982772827e-01 1.643121540546417236e-01 5.235953629016876221e-02 2.082023210823535919e-02 1.711872406303882599e-02 1.228783056139945984e-01 8.356519043445587158e-02 3.080180101096630096e-02 3.750664473045617342e-04 9.328924119472503662e-03 1.296967566013336182e-01 4.658442735671997070e-02 5.045744180679321289e-01 5.602867528796195984e-02 6.422604434192180634e-03 4.632274061441421509e-02 4.554440081119537354e-02 2.233167737722396851e-02 1.114109065383672714e-03 4.038506001234054565e-02 4.049113020300865173e-02 1.031753122806549072e-01 2.842720225453376770e-02 6.003706250339746475e-03 3.622118756175041199e-02 3.077532723546028137e-02 8.713405579328536987e-03 3.408050537109375000e-02 3.387808799743652344e-02 4.166507720947265625e-02 5.975265428423881531e-02 3.788471966981887817e-02 1.094312500208616257e-02 2.153557166457176208e-02 6.457985844463109970e-03 1.607900857925415039e-02 2.605505287647247314e-02 4.460766911506652832e-02 1.899611391127109528e-02 2.858845517039299011e-02 2.771900268271565437e-03 2.572647482156753540e-02 4.509712755680084229e-02 3.091605193912982941e-02 3.787743160501122475e-03 2.363320626318454742e-02 5.899903923273086548e-02 7.201489061117172241e-02 1.286480459384620190e-03 1.219814922660589218e-02 1.903728581964969635e-02 1.710222102701663971e-02 4.280967637896537781e-02 4.585977271199226379e-02 7.154747843742370605e-03 4.295621067285537720e-02 4.695884883403778076e-02 3.002696111798286438e-02 3.487966209650039673e-02 9.924573823809623718e-04 1.661215326748788357e-03 1.673361845314502716e-02 3.810817003250122070e-02 2.921553328633308411e-03 3.309927508234977722e-02 9.368391335010528564e-02 3.702766075730323792e-02 3.899876400828361511e-02 8.038032101467251778e-04 1.649736054241657257e-02 1.031187176704406738e-02 2.589211612939834595e-02 3.529664129018783569e-02 6.884150672703981400e-03 3.142729774117469788e-02 5.198431760072708130e-02 3.617344424128532410e-02 1.956549659371376038e-02 5.071188136935234070e-02 3.208507969975471497e-02 2.077915333211421967e-02 5.377795896492898464e-04 3.322710050269961357e-03 1.728869043290615082e-02 3.827198967337608337e-02 2.240164205431938171e-02 1.801367476582527161e-02 3.809347283095121384e-03 3.028294816613197327e-02 1.772125996649265289e-02 2.310688979923725128e-02 2.906858175992965698e-02 1.423519942909479141e-02 1.031963154673576355e-01 5.042550340294837952e-02 1.703226193785667419e-02 3.026558831334114075e-02 5.021451413631439209e-02 2.926558814942836761e-02 3.201524913311004639e-02 2.088494598865509033e-02 3.857414051890373230e-02 3.867106139659881592e-02 4.436810687184333801e-02 3.616428375244140625e-02 1.407261472195386887e-02 2.028267830610275269e-02 2.193844132125377655e-02 1.955783739686012268e-02 1.454660389572381973e-02 4.785193130373954773e-03 3.349749371409416199e-02 1.618888415396213531e-02 2.253634110093116760e-02 1.846840232610702515e-02 2.258300781250000000e-02
