5.619075894355773926e-01 1.092172935605049133e-01 1.019820477813482285e-02 3.436291217803955078e-02 4.729646444320678711e-02 9.782296419143676758e-02 9.402941167354583740e-02 2.875490300357341766e-02 2.230671606957912445e-02 2.063046768307685852e-02 1.131917089223861694e-01 1.600627414882183075e-02 7.895842939615249634e-02 2.332709170877933502e-02 2.793142385780811310e-02 1.692474074661731720e-02 7.074557710438966751e-03 1.963502727448940277e-02 1.728992350399494171e-02 1.201086584478616714e-02 1.812218688428401947e-02 3.536838665604591370e-02 1.330581773072481155e-02 1.187547668814659119e-02 1.778111234307289124e-02 3.517815843224525452e-02 2.521253377199172974e-02 6.803113501518964767e-03 3.912745416164398193e-02 1.517109852284193039e-02 1.657092384994029999e-02 3.453896613791584969e-03 3.036232106387615204e-02 2.114817965775728226e-03 9.569711051881313324e-03 6.240651127882301807e-04 1.139698922634124756e-02 1.063589006662368774e-02 4.130195826292037964e-02 2.557252906262874603e-02 6.597368977963924408e-03 2.898591943085193634e-02 1.494843978434801102e-03 1.543541811406612396e-02 5.223261658102273941e-03 6.049152463674545288e-03 8.640465140342712402e-02 9.138227254152297974e-02 4.161686077713966370e-02 4.818791057914495468e-03 1.981050008907914162e-03 1.671795849688351154e-03 8.681552484631538391e-03 2.353433333337306976e-02 9.211254306137561798e-03 3.207080811262130737e-02 1.865285076200962067e-02 3.283401951193809509e-02 6.537153851240873337e-03 1.649187877774238586e-02 1.931408420205116272e-02 1.332252845168113708e-02 4.305279627442359924e-02 3.674479573965072632e-02 2.106067910790443420e-02 3.883811458945274353e-02 2.572202682495117188e-02 1.524686376797035336e-04 1.851304061710834503e-02 1.214108243584632874e-02 2.140107564628124237e-02 6.302118767052888870e-03 2.249255217611789703e-02 3.258906304836273193e-02 1.004485413432121277e-02 1.578471995890140533e-02 2.404455095529556274e-02 2.485827915370464325e-02 2.576428651809692383e-02 2.515361458063125610e-02 1.018448825925588608e-02 3.821270167827606201e-02 3.042460046708583832e-02 1.410538330674171448e-02 3.017860092222690582e-02 2.344866096973419189e-02 4.902140237390995026e-03 1.683406718075275421e-02 4.708868265151977539e-02 4.250547662377357483e-02 2.642136067152023315e-02 2.633723989129066467e-02 5.556917935609817505e-02 1.523666456341743469e-02 1.590321213006973267e-02 3.600294003263115883e-03 2.345935627818107605e-02 5.111550446599721909e-03 2.562667429447174072e-02 1.326274871826171875e-02 2.533644996583461761e-02 1.471641846001148224e-02 7.617628201842308044e-03 1.092634163796901703e-02 2.354459278285503387e-02 3.591826558113098145e-02 8.910464122891426086e-03 3.381811082363128662e-02 1.433140225708484650e-02 2.661695517599582672e-02 4.375559091567993164e-02 1.216370146721601486e-02 4.166672378778457642e-02 1.037004124373197556e-02 2.554529160261154175e-02 3.435946628451347351e-02
1.092172935605049133e-01 5.543096065521240234e-01 3.179138584528118372e-04 1.825628243386745453e-02 3.901585564017295837e-02 8.992075920104980469e-02 1.054810881614685059e-01 2.761038951575756073e-02 2.549008466303348541e-02 1.099108252674341202e-02 1.183056905865669250e-01 7.015813607722520828e-03 1.093337610363960266e-01 2.267988212406635284e-02 2.907870523631572723e-02 2.294515818357467651e-02 7.540211547166109085e-03 1.334450021386146545e-02 2.007239311933517456e-02 8.799013681709766388e-03 1.850321702659130096e-02 4.005312174558639526e-02 2.014267072081565857e-02 1.404445897787809372e-02 1.118211727589368820e-02 4.274920374155044556e-02 1.284307241439819336e-02 1.231088489294052124e-02 2.855243906378746033e-02 1.078943256288766861e-03 4.141918849200010300e-03 7.458189502358436584e-04 2.506304159760475159e-02 1.055010873824357986e-02 4.493402782827615738e-03 3.006798680871725082e-03 6.955649238079786301e-03 5.385887809097766876e-03 3.579920530319213867e-02 2.161904610693454742e-02 5.227875895798206329e-03 3.245562687516212463e-02 8.533533662557601929e-03 1.615287363529205322e-02 1.366257574409246445e-02 8.745741099119186401e-03 1.019577160477638245e-01 1.132150292396545410e-01 4.123574867844581604e-02 3.382866270840167999e-03 1.804925687611103058e-02 1.596478372812271118e-02 2.340893261134624481e-02 1.965819671750068665e-02 7.292149122804403305e-03 3.635799884796142578e-02 1.126112882047891617e-02 1.574319228529930115e-02 1.198580022901296616e-02 2.593569271266460419e-02 2.515676431357860565e-02 2.191730029881000519e-02 2.924794331192970276e-02 2.305365353822708130e-02 6.671695969998836517e-03 7.223867345601320267e-03 1.224786974489688873e-03 4.893625155091285706e-03 1.700861752033233643e-02 1.708085276186466217e-02 1.045040506869554520e-02 8.047156967222690582e-03 1.893237605690956116e-02 3.982400894165039062e-02 7.729751523584127426e-03 8.831162936985492706e-03 3.154708817601203918e-02 1.269640959799289703e-02 2.143274247646331787e-02 6.905872374773025513e-03 8.243689313530921936e-03 3.912958502769470215e-02 1.774349994957447052e-02 6.467538420110940933e-03 2.521486766636371613e-02 1.229157391935586929e-02 1.119095366448163986e-02 3.294554725289344788e-02 4.336749762296676636e-02 3.424103930592536926e-02 4.644189774990081787e-02 1.353729143738746643e-02 5.297040939331054688e-02 8.119234815239906311e-03 1.607597991824150085e-02 5.985764320939779282e-03 3.295158222317695618e-02 1.130472496151924133e-02 2.847410365939140320e-02 1.444203685969114304e-02 2.255698293447494507e-02 2.593415975570678711e-02 1.891824975609779358e-02 8.308311924338340759e-03 1.557317376136779785e-02 2.859790995717048645e-02 1.206887187436223030e-03 2.184647321701049805e-02 9.678320959210395813e-03 2.851850353181362152e-02 4.338202252984046936e-02 1.011434290558099747e-02 3.754823282361030579e-02 1.246835663914680481e-02 2.202691882848739624e-02 1.929058320820331573e-02
1.019820477813482285e-02 3.179138584528118372e-04 5.144937634468078613e-01 3.166057541966438293e-02 4.115070216357707977e-03 4.237408284097909927e-04 2.378751896321773529e-02 2.348720133304595947e-01 1.589412242174148560e-02 3.556383401155471802e-02 2.382794953882694244e-02 3.215662389993667603e-02 1.304464694112539291e-02 5.118472967296838760e-03 4.887414630502462387e-03 2.022412233054637909e-02 3.511938825249671936e-02 3.270181268453598022e-02 2.900713868439197540e-02 3.537664562463760376e-02 7.838184013962745667e-03 1.929585007019340992e-03 4.208377003669738770e-02 3.196904435753822327e-02 6.268263678066432476e-04 2.942093834280967712e-02 2.057704143226146698e-02 3.123365901410579681e-02 2.511072345077991486e-02 3.964566625654697418e-03 8.069192059338092804e-03 5.236249417066574097e-03 1.199738588184118271e-02 1.599312759935855865e-02 1.288529671728610992e-02 2.395192347466945648e-02 1.172135863453149796e-02 3.782512992620468140e-02 2.863176353275775909e-02 1.937031000852584839e-02 4.930074140429496765e-02 4.225742816925048828e-02 1.776470430195331573e-02 1.238819584250450134e-01 2.561422064900398254e-02 9.230550378561019897e-03 1.453892234712839127e-02 2.365850843489170074e-02 4.105923324823379517e-02 9.954170323908329010e-03 3.683106973767280579e-02 1.551517285406589508e-02 4.523709882050752640e-03 6.982742249965667725e-02 3.609598055481910706e-02 2.603855542838573456e-02 6.196453468874096870e-04 3.940207883715629578e-02 3.946547210216522217e-02 1.645319536328315735e-02 1.775618642568588257e-02 1.098169479519128799e-03 2.285888046026229858e-02 4.621615260839462280e-02 1.400759350508451462e-02 3.078615479171276093e-02 2.010591095313429832e-03 3.408205881714820862e-02 2.809442766010761261e-02 1.934051141142845154e-02 2.503982186317443848e-02 2.054198645055294037e-02 1.801567710936069489e-02 2.752136066555976868e-02 1.104402076452970505e-02 3.083431906998157501e-02 1.203204132616519928e-02 3.348276019096374512e-02 3.057268261909484863e-02 2.771462686359882355e-02 2.339503169059753418e-01 7.173055410385131836e-02 9.551827795803546906e-03 2.949570491909980774e-02 5.765035748481750488e-03 2.607787586748600006e-02 3.175216913223266602e-02 3.723846003413200378e-02 3.741367533802986145e-02 1.126966066658496857e-02 3.824678424280136824e-04 3.676310181617736816e-02 1.776975765824317932e-02 2.023987658321857452e-02 1.365593285299837589e-03 1.663865707814693451e-02 9.644736535847187042e-03 8.474131114780902863e-03 3.788968548178672791e-02 2.642147243022918701e-02 1.206877548247575760e-02 1.505056489259004593e-02 8.739738725125789642e-03 3.716043010354042053e-02 1.026210468262434006e-02 4.090824350714683533e-02 1.282704155892133713e-02 1.509572099894285202e-02 2.816027589142322540e-02 1.294970978051424026e-02 3.521080687642097473e-02 7.415664941072463989e-02 3.596289828419685364e-02 3.046893652935978025e-05 2.543141134083271027e-02 1.623742654919624329e-02
3.436291217803955078e-02 1.825628243386745453e-02 3.166057541966438293e-02 5.391951799392700195e-01 1.245907321572303772e-01 1.542060635983943939e-02 2.446727827191352844e-02 8.734776638448238373e-03 3.773116692900657654e-02 1.071717869490385056e-02 2.246215939521789551e-02 2.028546482324600220e-02 4.129349440336227417e-02 2.295438759028911591e-02 2.307498129084706306e-03 6.648170296102762222e-03 4.160631448030471802e-02 4.675025492906570435e-02 3.978266939520835876e-02 1.192095130681991577e-02 6.734692025929689407e-03 4.442816600203514099e-02 3.542271628975868225e-02 2.351921284571290016e-03 2.267942065373063087e-03 2.225804515182971954e-02 2.675788663327693939e-02 5.807805433869361877e-02 2.506083995103836060e-02 1.584492623805999756e-02 1.805945672094821930e-02 2.478215843439102173e-02 6.008056458085775375e-03 2.909877337515354156e-02 1.451614499092102051e-02 2.495941473171114922e-03 4.240252450108528137e-02 1.610686816275119781e-02 1.138291805982589722e-01 3.170644491910934448e-02 3.866376355290412903e-02 1.027022488415241241e-02 2.714736945927143097e-02 3.474713303148746490e-04 1.260994654148817062e-02 2.882624603807926178e-02 4.609560128301382065e-03 4.680385813117027283e-03 3.803855925798416138e-02 5.544368177652359009e-03 3.350716829299926758e-02 4.508617147803306580e-02 4.402484279125928879e-03 1.960045285522937775e-02 2.209777943789958954e-02 3.412943566218018532e-03 4.652243107557296753e-02 2.105746977031230927e-02 8.579043298959732056e-02 4.627681523561477661e-02 1.941657275892794132e-03 2.230501919984817505e-02 1.444584224373102188e-02 2.463847957551479340e-02 1.386132650077342987e-02 2.441212534904479980e-02 7.977195084095001221e-03 2.121592126786708832e-02 2.564400807023048401e-02 7.689550518989562988e-03 4.714879393577575684e-02 2.990603819489479065e-02 6.759397685527801514e-02 4.886401351541280746e-03 2.939189784228801727e-02 1.660838723182678223e-02 4.580050881486386061e-04 4.291551932692527771e-02 3.793618455529212952e-02 3.502346202731132507e-02 2.092221193015575409e-02 7.495603710412979126e-02 2.445347420871257782e-02 5.487052351236343384e-02 9.805632755160331726e-03 1.997305825352668762e-02 3.387844190001487732e-02 6.998287048190832138e-03 1.617450267076492310e-02 2.407979592680931091e-02 1.547658443450927734e-02 3.772457689046859741e-02 3.290749341249465942e-02 1.979628577828407288e-02 2.690068446099758148e-02 3.318829461932182312e-02 1.878143288195133209e-02 2.013692818582057953e-02 1.440059021115303040e-02 1.245483569800853729e-02 4.929157346487045288e-02 5.684727802872657776e-02 5.606571212410926819e-03 3.858833387494087219e-02 6.239558756351470947e-02 1.067228429019451141e-02 4.335876554250717163e-02 2.464362792670726776e-02 3.804077953100204468e-02 2.875646576285362244e-02 2.600917126983404160e-03 2.557832002639770508e-02 6.728141754865646362e-02 3.501458466053009033e-02 5.100606754422187805e-02 2.352266199886798859e-02
4.729646444320678711e-02 3.901585564017295837e-02 4.115070216357707977e-03 1.245907321572303772e-01 5.401521325111389160e-01 4.528696089982986450e-02 4.262439161539077759e-02 3.178211301565170288e-02 4.432557895779609680e-02 5.397503823041915894e-02 9.518384002149105072e-03 9.894588962197303772e-03 3.607485070824623108e-02 2.262354129925370216e-03 3.419438749551773071e-02 5.984869785606861115e-03 1.601445116102695465e-02 1.410934142768383026e-02 2.296753413975238800e-02 1.678244955837726593e-02 6.762531120330095291e-03 3.450589627027511597e-02 1.699918298982083797e-03 1.576523645780980587e-03 6.337947212159633636e-03 1.592117734253406525e-02 3.895347937941551208e-02 3.618631884455680847e-02 3.953503444790840149e-02 2.169926464557647705e-02 3.378010122105479240e-03 2.574625983834266663e-02 1.424022484570741653e-02 2.917717024683952332e-02 1.465091109275817871e-02 7.846645894460380077e-05 1.427534874528646469e-02 1.239150576293468475e-02 6.021825969219207764e-02 4.372559487819671631e-02 2.826631255447864532e-02 5.009712651371955872e-03 2.834578743204474449e-03 1.727414689958095551e-02 1.429463736712932587e-02 3.914851322770118713e-02 3.729937598109245300e-02 2.134313248097896576e-02 1.572438143193721771e-02 4.191280901432037354e-02 7.826372049748897552e-03 1.481394190341234207e-02 2.331046015024185181e-02 4.289952293038368225e-02 1.223846338689327240e-02 4.197354242205619812e-02 4.283892363309860229e-02 5.008824542164802551e-02 2.575543336570262909e-02 5.354016274213790894e-02 1.245550718158483505e-02 8.972549403551965952e-05 1.427246816456317902e-02 5.013938620686531067e-02 2.480679377913475037e-02 2.064219675958156586e-02 1.217930950224399567e-02 2.239791862666606903e-02 2.590766735374927521e-02 4.682995006442070007e-02 1.065896265208721161e-02 3.582644090056419373e-02 6.730659306049346924e-02 1.646968908607959747e-02 6.911480426788330078e-02 3.225391847081482410e-04 1.092342543415725231e-03 4.048614297062158585e-03 1.358287315815687180e-02 5.053064320236444473e-03 4.396171867847442627e-02 4.355878382921218872e-02 5.109401792287826538e-02 1.708941347897052765e-02 1.099543832242488861e-02 2.387483045458793640e-02 4.032948240637779236e-02 1.871711574494838715e-02 5.039232200942933559e-04 1.820272393524646759e-02 1.662894710898399353e-02 3.925621137022972107e-02 5.397159839048981667e-04 1.999034918844699860e-02 2.920785173773765564e-02 1.744076795876026154e-02 3.832256421446800232e-02 2.331929281353950500e-02 1.550851762294769287e-02 8.146595209836959839e-03 3.925643395632505417e-03 2.561600646004080772e-03 4.237695410847663879e-02 1.759114488959312439e-02 5.475628376007080078e-02 3.055359609425067902e-02 3.520817682147026062e-02 1.080663315951824188e-02 1.948038302361965179e-02 4.860252141952514648e-02 3.079869411885738373e-02 3.376349806785583496e-02 3.624927252531051636e-02 2.328923158347606659e-02 2.940372377634048462e-02 4.253899678587913513e-02
9.782296419143676758e-02 8.992075920104980469e-02 4.237408284097909927e-04 1.542060635983943939e-02 4.528696089982986450e-02 5.559352040290832520e-01 1.050226688385009766e-01 1.963757723569869995e-02 1.247293315827846527e-02 1.619298011064529419e-02 7.118106633424758911e-02 2.998337522149085999e-02 4.149780794978141785e-02 2.720917761325836182e-02 2.016032487154006958e-02 1.562798954546451569e-02 2.312903525307774544e-03 1.126974239014089108e-03 2.555380575358867645e-03 2.864782512187957764e-02 2.330182120203971863e-02 3.204324468970298767e-02 1.302789337933063507e-02 7.612295914441347122e-03 7.332611363381147385e-03 2.625767886638641357e-02 2.864238806068897247e-02 1.608603075146675110e-02 5.922655761241912842e-02 3.832568647339940071e-03 1.271388307213783264e-02 5.256185773760080338e-03 2.660784311592578888e-02 4.276768770068883896e-03 3.921527881175279617e-03 3.574435133486986160e-03 8.218875154852867126e-04 2.162537164986133575e-02 4.292047396302223206e-02 2.995827607810497284e-02 9.983374737203121185e-03 2.531919814646244049e-02 2.184750512242317200e-03 7.000193931162357330e-03 1.552320551127195358e-03 4.612969234585762024e-03 9.806694835424423218e-02 8.188327401876449585e-02 4.593945294618606567e-02 1.616615429520606995e-02 1.941900234669446945e-03 1.691237324848771095e-03 9.257188066840171814e-03 9.507133625447750092e-03 3.714387712534517050e-04 3.605341911315917969e-02 4.584006499499082565e-03 1.536350790411233902e-02 2.094972319900989532e-02 1.977522484958171844e-02 5.661521572619676590e-03 1.308363210409879684e-02 3.493031114339828491e-02 4.698130488395690918e-02 7.609531283378601074e-03 4.520388785749673843e-03 2.307883463799953461e-02 5.200620274990797043e-03 1.121914107352495193e-02 1.106198132038116455e-02 1.807304285466670990e-02 3.128435928374528885e-03 2.179545164108276367e-02 2.969816513359546661e-02 1.279565040022134781e-02 8.037989959120750427e-03 2.130148746073246002e-02 3.225421532988548279e-02 1.945848762989044189e-02 1.684832759201526642e-02 6.262583192437887192e-03 2.293325029313564301e-02 2.715887315571308136e-02 3.049032995477318764e-03 2.781245484948158264e-02 1.611476391553878784e-02 6.523517426103353500e-03 4.914796445518732071e-03 4.054401442408561707e-02 3.001576289534568787e-02 2.670337632298469543e-02 1.699608936905860901e-02 3.811810910701751709e-02 3.787197871133685112e-03 2.268743328750133514e-02 1.469476986676454544e-02 2.242128737270832062e-02 1.374565297737717628e-03 2.304845117032527924e-02 9.589466266334056854e-03 4.277493804693222046e-03 7.700644433498382568e-03 8.291858248412609100e-03 5.749299656599760056e-03 1.703106798231601715e-02 2.832416258752346039e-02 1.071814727038145065e-02 2.698649279773235321e-02 1.719685457646846771e-02 3.232887759804725647e-02 3.644490242004394531e-02 1.558273332193493843e-03 4.272220656275749207e-02 7.438634987920522690e-03 1.073533948510885239e-02 1.596630550920963287e-02
9.402941167354583740e-02 1.054810881614685059e-01 2.378751896321773529e-02 2.446727827191352844e-02 4.262439161539077759e-02 1.050226688385009766e-01 5.580409169197082520e-01 3.359009325504302979e-02 1.459574885666370392e-02 2.844785712659358978e-02 8.766101300716400146e-02 2.665972523391246796e-02 6.722938269376754761e-02 3.360222652554512024e-02 1.799780642613768578e-03 2.418158017098903656e-02 9.436448104679584503e-03 1.947110402397811413e-03 6.122948136180639267e-03 1.418405771255493164e-02 1.285038050264120102e-02 3.011855855584144592e-02 1.882400736212730408e-02 1.627646200358867645e-02 3.138701664283871651e-03 2.335919439792633057e-02 1.654450967907905579e-02 1.023375429213047028e-02 2.857699617743492126e-02 1.265044417232275009e-02 7.773511577397584915e-03 5.631142761558294296e-03 5.316963046789169312e-02 1.387795154005289078e-02 1.103759091347455978e-02 7.931241765618324280e-03 4.613210912793874741e-03 6.561754271388053894e-04 3.082530573010444641e-02 4.067973792552947998e-02 3.910922096110880375e-04 9.891156107187271118e-03 4.330370109528303146e-03 1.029912731610238552e-03 1.274358481168746948e-02 9.286137064918875694e-04 9.973211586475372314e-02 1.076776608824729919e-01 2.737470157444477081e-02 3.378495201468467712e-02 4.359560844022780657e-04 3.376443404704332352e-03 2.673723362386226654e-02 1.868731901049613953e-02 4.500825889408588409e-03 4.955448210239410400e-02 1.085864193737506866e-02 4.432009067386388779e-03 2.667543292045593262e-02 2.144478633999824524e-02 9.012726135551929474e-03 2.324149198830127716e-02 2.526347711682319641e-02 4.221236333250999451e-02 8.230970241129398346e-03 4.838895052671432495e-03 9.843531996011734009e-03 6.505682133138179779e-03 1.868744008243083954e-02 2.832681499421596527e-02 2.144684456288814545e-02 9.300261735916137695e-03 2.415142022073268890e-02 4.614300653338432312e-02 1.055224239826202393e-02 7.846210151910781860e-03 1.318936049938201904e-02 2.901867590844631195e-02 2.618044801056385040e-02 2.455740235745906830e-02 1.180361676961183548e-02 3.950175270438194275e-02 2.517517097294330597e-02 4.019953776150941849e-04 2.964349463582038879e-02 2.024539746344089508e-02 2.303270157426595688e-03 2.332463115453720093e-02 4.670437797904014587e-02 2.759747393429279327e-02 4.318556189537048340e-02 1.540301740169525146e-02 4.283532500267028809e-02 1.233828533440828323e-02 2.900669910013675690e-02 2.103020437061786652e-02 3.272219374775886536e-02 1.265983469784259796e-02 2.070374973118305206e-02 1.223023701459169388e-02 2.713217632845044136e-03 1.052174810320138931e-02 3.787072142586112022e-03 2.911804011091589928e-03 1.430511591024696827e-03 3.503063321113586426e-02 3.283880883827805519e-03 3.417305275797843933e-02 1.480979751795530319e-02 1.315448526293039322e-02 4.790408909320831299e-02 3.744994755834341049e-03 2.294196933507919312e-02 3.041192656382918358e-03 1.143894251435995102e-02 1.953472942113876343e-02
2.875490300357341766e-02 2.761038951575756073e-02 2.348720133304595947e-01 8.734776638448238373e-03 3.178211301565170288e-02 1.963757723569869995e-02 3.359009325504302979e-02 5.272313952445983887e-01 9.723491035401821136e-03 7.450902368873357773e-03 6.369139067828655243e-03 2.939690090715885162e-02 1.345780119299888611e-02 1.835019886493682861e-02 6.323993951082229614e-02 1.889832690358161926e-02 3.381142392754554749e-03 6.547888740897178650e-03 3.768543899059295654e-02 2.633448876440525055e-02 2.565009146928787231e-02 2.670082449913024902e-02 2.324279770255088806e-02 1.361635234206914902e-02 2.127262204885482788e-02 5.027595907449722290e-03 1.256610546261072159e-02 3.348436579108238220e-02 1.273406483232975006e-02 1.317604072391986847e-02 2.014872152358293533e-03 1.761223189532756805e-02 2.392439171671867371e-02 6.588138639926910400e-04 5.063594132661819458e-02 2.214496396481990814e-02 1.221013534814119339e-02 1.344020664691925049e-02 8.148933760821819305e-03 3.715392947196960449e-02 5.846474319696426392e-02 3.464698791503906250e-02 6.270880810916423798e-03 4.680963698774576187e-03 2.596935443580150604e-02 3.073596581816673279e-02 1.857262291014194489e-02 2.390966005623340607e-02 2.366319112479686737e-02 3.489593788981437683e-02 1.183988805860280991e-02 3.544310107827186584e-02 1.382170245051383972e-02 5.333837866783142090e-02 2.135526016354560852e-02 4.410683736205101013e-02 3.237199783325195312e-02 7.304076105356216431e-02 2.350051514804363251e-02 5.728617776185274124e-03 1.565029285848140717e-02 5.698914639651775360e-03 3.140390617772936821e-03 1.677144318819046021e-02 9.748636744916439056e-03 5.518966820091009140e-03 1.263338979333639145e-02 1.996392942965030670e-02 1.081127673387527466e-03 7.922510616481304169e-03 1.605350151658058167e-02 1.961058005690574646e-02 5.849802866578102112e-03 3.317718394100666046e-03 1.710439100861549377e-02 5.474243778735399246e-03 3.406175598502159119e-02 1.576299034059047699e-02 4.093804582953453064e-02 1.443081418983638287e-03 9.562487900257110596e-02 2.534009888768196106e-02 4.781918600201606750e-03 2.432064712047576904e-02 6.539294961839914322e-03 3.933386132121086121e-02 4.893293976783752441e-02 2.765168808400630951e-02 2.848629141226410866e-03 3.338430821895599365e-02 2.488189935684204102e-02 1.500140689313411713e-02 1.879822276532649994e-02 1.926267147064208984e-02 2.295174077153205872e-02 2.384964935481548309e-02 3.814409254118800163e-03 2.897365577518939972e-02 2.285974100232124329e-02 2.253719605505466461e-03 1.878062635660171509e-02 7.760780863463878632e-03 4.735994338989257812e-02 7.263677660375833511e-03 1.224577892571687698e-02 1.154351606965065002e-02 3.882285952568054199e-02 2.792402170598506927e-02 4.865217208862304688e-02 2.410911954939365387e-02 1.386751234531402588e-02 2.045189775526523590e-02 3.421502187848091125e-02 4.398204013705253601e-02 1.689952239394187927e-02 3.143518418073654175e-02
2.230671606957912445e-02 2.549008466303348541e-02 1.589412242174148560e-02 3.773116692900657654e-02 4.432557895779609680e-02 1.247293315827846527e-02 1.459574885666370392e-02 9.723491035401821136e-03 5.474515557289123535e-01 3.773395717144012451e-02 2.316072769463062286e-02 9.989964775741100311e-03 4.983710125088691711e-02 1.500149536877870560e-02 1.730926148593425751e-02 5.254739895462989807e-03 4.070823546499013901e-03 5.528076738119125366e-02 2.998566441237926483e-02 4.412297904491424561e-02 3.532685711979866028e-02 4.446776583790779114e-03 7.632350549101829529e-03 5.536707249120809138e-05 3.397992113605141640e-03 2.054040785878896713e-03 2.533699944615364075e-02 2.540107443928718567e-02 3.114992566406726837e-02 3.659905493259429932e-02 1.173037290573120117e-02 2.120694844052195549e-03 4.695846233516931534e-03 1.753240637481212616e-02 2.255037426948547363e-02 1.387397758662700653e-03 2.670248039066791534e-02 1.339463982731103897e-03 1.428832765668630600e-02 4.478942230343818665e-02 5.044920835644006729e-03 4.147897660732269287e-02 2.049072831869125366e-02 4.028423503041267395e-02 2.651196718215942383e-02 2.526369877159595490e-02 8.208200335502624512e-03 1.326528377830982208e-02 2.453476935625076294e-02 3.671487420797348022e-02 3.752418607473373413e-02 3.943942487239837646e-02 3.788728266954421997e-02 3.671539202332496643e-02 9.818619489669799805e-02 1.971281506121158600e-02 6.892426311969757080e-02 2.363663911819458008e-02 3.721984475851058960e-02 2.303647436201572418e-02 4.238314181566238403e-02 8.628000505268573761e-03 2.751620113849639893e-02 2.065229602158069611e-02 1.639337395317852497e-03 3.653514385223388672e-02 4.309845715761184692e-02 2.804129011929035187e-02 3.966861963272094727e-02 9.836532175540924072e-03 7.170805707573890686e-03 4.113700240850448608e-02 8.650712668895721436e-03 6.487788632512092590e-03 2.700449712574481964e-02 4.472021386027336121e-02 8.469270169734954834e-02 1.087730657309293747e-02 2.815842442214488983e-02 3.349787369370460510e-02 2.883057855069637299e-02 5.753978155553340912e-03 3.123625181615352631e-02 1.439064741134643555e-02 4.557939991354942322e-02 2.015549130737781525e-02 3.367155091837048531e-03 2.755906060338020325e-02 5.233030766248703003e-02 2.404914982616901398e-02 1.534593291580677032e-03 8.768917061388492584e-03 2.832880429923534393e-02 1.793321035802364349e-02 8.007617667317390442e-03 8.051734417676925659e-03 1.938836276531219482e-02 2.984761446714401245e-02 3.189972415566444397e-02 3.696947358548641205e-03 5.427100230008363724e-03 2.277121320366859436e-02 3.333673253655433655e-02 1.638160832226276398e-02 1.061744522303342819e-02 1.588042639195919037e-02 9.160882793366909027e-03 4.292857274413108826e-02 2.900368534028530121e-02 7.908385014161467552e-04 2.476329728960990906e-02 2.105847187340259552e-02 3.921103104948997498e-02 4.424479603767395020e-02 3.554688021540641785e-02 3.698010742664337158e-02
2.063046768307685852e-02 1.099108252674341202e-02 3.556383401155471802e-02 1.071717869490385056e-02 5.397503823041915894e-02 1.619298011064529419e-02 2.844785712659358978e-02 7.450902368873357773e-03 3.773395717144012451e-02 5.569540262222290039e-01 7.513025775551795959e-03 3.502705320715904236e-02 7.670468185096979141e-03 9.777612984180450439e-03 2.470323257148265839e-02 8.881285903044044971e-04 2.713249437510967255e-02 7.556966040283441544e-03 3.869615495204925537e-02 4.142275825142860413e-02 5.197146907448768616e-02 1.634685439057648182e-03 2.230050787329673767e-02 1.170979160815477371e-02 3.747905045747756958e-02 3.166612982749938965e-02 7.253941614180803299e-03 3.916101902723312378e-02 4.243731498718261719e-03 4.064371436834335327e-02 1.091091078706085682e-03 3.045256622135639191e-02 7.688323501497507095e-03 6.556947249919176102e-03 1.957195065915584564e-02 1.726075820624828339e-02 3.365558572113513947e-03 4.522135015577077866e-03 2.739006280899047852e-02 1.708493568003177643e-02 7.820082828402519226e-03 3.483786433935165405e-02 3.083416074514389038e-02 4.453194886445999146e-02 4.037642478942871094e-02 2.684748917818069458e-02 1.240909099578857422e-02 1.340246945619583130e-02 4.675610363483428955e-02 3.962533548474311829e-02 1.551165990531444550e-02 7.082155440002679825e-03 2.488561719655990601e-02 4.660146683454513550e-02 1.269243005663156509e-02 5.869219824671745300e-02 4.143142607063055038e-03 1.523637771606445312e-02 1.419855747371912003e-03 1.923661865293979645e-02 2.846751175820827484e-02 1.527782529592514038e-02 1.589891850017011166e-03 3.406925499439239502e-02 2.234157640486955643e-03 4.331561550498008728e-02 3.295371308922767639e-02 3.077553026378154755e-02 3.176355361938476562e-02 3.662044927477836609e-02 5.086193978786468506e-02 1.433984725736081600e-03 2.674482949078083038e-02 2.399208024144172668e-02 1.091450732201337814e-02 5.170259159058332443e-03 9.182159788906574249e-03 8.092268556356430054e-02 4.222317039966583252e-02 8.923621475696563721e-02 1.299334596842527390e-02 4.056084156036376953e-02 1.661587692797183990e-02 3.974767401814460754e-02 2.670658379793167114e-02 9.527632035315036774e-03 9.843133389949798584e-03 5.072650313377380371e-02 7.349449209868907928e-03 5.919675156474113464e-02 6.287990137934684753e-03 4.366081673651933670e-03 2.478021197021007538e-02 8.505613543093204498e-03 3.095027059316635132e-02 3.598617017269134521e-02 3.074384666979312897e-02 3.178692981600761414e-02 1.685873232781887054e-02 2.032433636486530304e-03 1.418307074345648289e-03 1.214458839967846870e-03 1.261506229639053345e-03 2.150911651551723480e-02 4.844418168067932129e-02 2.953837253153324127e-02 1.106829289346933365e-02 9.543356485664844513e-03 4.793341737240552902e-03 3.334354609251022339e-02 3.209600597620010376e-02 1.329659391194581985e-02 3.729112818837165833e-02 4.531915485858917236e-02 3.153390437364578247e-02 5.346568766981363297e-03
1.131917089223861694e-01 1.183056905865669250e-01 2.382794953882694244e-02 2.246215939521789551e-02 9.518384002149105072e-03 7.118106633424758911e-02 8.766101300716400146e-02 6.369139067828655243e-03 2.316072769463062286e-02 7.513025775551795959e-03 5.510196685791015625e-01 4.196664318442344666e-02 1.325650513172149658e-01 1.312563288956880569e-02 3.970351815223693848e-02 3.489213064312934875e-02 1.503592543303966522e-02 1.766519807279109955e-02 1.905791833996772766e-02 1.388295553624629974e-02 1.801887899637222290e-02 4.070089757442474365e-02 3.397525474429130554e-02 3.523445129394531250e-02 3.875189274549484253e-02 3.070724010467529297e-02 1.480054389685392380e-02 2.474397048354148865e-02 4.712904989719390869e-02 2.607719413936138153e-02 3.163703903555870056e-02 7.069984567351639271e-04 2.166537381708621979e-02 5.851566791534423828e-03 5.059128999710083008e-02 6.351683754473924637e-03 4.071902018040418625e-03 2.340627647936344147e-02 7.538442965596914291e-03 4.145135730504989624e-02 6.273037288337945938e-04 1.897251978516578674e-02 3.648887202143669128e-02 9.890117682516574860e-03 3.473530709743499756e-02 4.860964603722095490e-03 7.759699970483779907e-02 1.150702983140945435e-01 2.891211770474910736e-02 7.198947947472333908e-03 3.280542418360710144e-02 1.756311208009719849e-02 1.724768802523612976e-02 4.129298776388168335e-02 4.890418611466884613e-03 1.763929799199104309e-02 4.407130926847457886e-02 5.996019020676612854e-02 3.577166423201560974e-02 2.825995907187461853e-02 3.923962637782096863e-02 1.398403942584991455e-02 1.270797383040189743e-02 1.284925080835819244e-02 4.571174085140228271e-02 5.728363245725631714e-02 6.717958487570285797e-03 1.065459474921226501e-02 3.601137921214103699e-02 5.991305224597454071e-03 3.038983047008514404e-02 1.313077937811613083e-02 4.536801949143409729e-02 3.856143355369567871e-02 2.675372362136840820e-02 3.633620217442512512e-02 4.158302769064903259e-02 8.605120703577995300e-03 2.802291698753833771e-02 6.684467196464538574e-03 1.392254955135285854e-03 1.054764818400144577e-02 2.846266888082027435e-02 4.036714322865009308e-03 2.760305255651473999e-02 4.084626585245132446e-02 1.188559178262948990e-02 3.892427682876586914e-02 9.767674840986728668e-03 2.769946493208408356e-02 4.457865655422210693e-02 4.672615975141525269e-02 4.274859279394149780e-02 3.135624527931213379e-02 1.171106006950139999e-02 2.245345525443553925e-02 1.837353408336639404e-02 1.673899963498115540e-02 2.567223273217678070e-02 3.780233487486839294e-02 3.515662625432014465e-02 2.394955791532993317e-02 2.498763380572199821e-03 3.201159834861755371e-02 2.222008444368839264e-02 5.023917183279991150e-02 2.227741060778498650e-03 3.268401324748992920e-02 3.090394474565982819e-02 4.542074352502822876e-02 4.239081963896751404e-02 1.278651319444179535e-02 1.082554832100868225e-02 3.881139308214187622e-02 5.740327760577201843e-03 3.006347268819808960e-02
1.600627414882183075e-02 7.015813607722520828e-03 3.215662389993667603e-02 2.028546482324600220e-02 9.894588962197303772e-03 2.998337522149085999e-02 2.665972523391246796e-02 2.939690090715885162e-02 9.989964775741100311e-03 3.502705320715904236e-02 4.196664318442344666e-02 5.413004159927368164e-01 3.412893414497375488e-02 1.268909573554992676e-01 9.422299452126026154e-03 3.435011487454175949e-03 2.723019802942872047e-03 1.502051483839750290e-03 2.263401448726654053e-02 2.355059422552585602e-02 1.103980815969407558e-03 1.698056049644947052e-02 2.333645336329936981e-02 9.215392172336578369e-03 9.848596528172492981e-03 3.555920673534274101e-03 4.153041634708642960e-03 2.362513914704322815e-02 1.936616189777851105e-02 5.626883730292320251e-02 3.783124685287475586e-02 1.486026123166084290e-02 9.127906523644924164e-03 9.642314165830612183e-03 5.616589449346065521e-03 3.085275366902351379e-02 2.231558039784431458e-02 2.098457328975200653e-02 2.253036759793758392e-02 2.699940279126167297e-02 1.501956675201654434e-02 3.116188012063503265e-02 1.083176583051681519e-02 4.347167164087295532e-02 8.876352012157440186e-02 3.102089092135429382e-02 1.062515005469322205e-02 2.263574860990047455e-03 6.174197793006896973e-02 7.927567698061466217e-03 5.701443925499916077e-02 6.929169595241546631e-02 1.850929483771324158e-02 2.257132157683372498e-02 2.273928001523017883e-02 8.740755729377269745e-03 1.981776021420955658e-02 5.182582885026931763e-03 4.025112837553024292e-02 4.921163897961378098e-03 1.945288293063640594e-02 2.537194639444351196e-02 4.611909389495849609e-02 4.753758385777473450e-02 1.799179939553141594e-03 1.152928266674280167e-02 3.215349465608596802e-02 7.663872558623552322e-03 2.067928016185760498e-02 5.742614716291427612e-02 3.351034969091415405e-02 3.202370554208755493e-02 1.536176819354295731e-02 3.890128433704376221e-02 7.999360561370849609e-03 9.032208472490310669e-03 1.189081091433763504e-02 4.059447720646858215e-02 2.804684080183506012e-02 4.797716811299324036e-02 1.282310299575328827e-02 1.460305880755186081e-02 8.298337459564208984e-03 1.416600123047828674e-02 1.970330951735377312e-03 1.095474977046251297e-02 9.582337923347949982e-03 1.492912881076335907e-02 2.345750480890274048e-02 2.770678326487541199e-02 4.389896616339683533e-02 2.274137549102306366e-02 3.124054893851280212e-02 7.464464288204908371e-03 1.319148926995694637e-03 2.088818885385990143e-02 3.840225934982299805e-02 6.120693869888782501e-03 2.350620925426483154e-02 9.767832234501838684e-03 8.698892779648303986e-03 6.761727388948202133e-03 2.758183330297470093e-02 6.979360710829496384e-03 2.269614674150943756e-02 1.974294707179069519e-02 3.743042424321174622e-02 1.383779221214354038e-03 5.647087004035711288e-03 1.515643554739654064e-03 3.413446992635726929e-02 5.150929093360900879e-03 9.190938435494899750e-03 1.434884127229452133e-02 3.501832857728004456e-02 6.954559125006198883e-03
7.895842939615249634e-02 1.093337610363960266e-01 1.304464694112539291e-02 4.129349440336227417e-02 3.607485070824623108e-02 4.149780794978141785e-02 6.722938269376754761e-02 1.345780119299888611e-02 4.983710125088691711e-02 7.670468185096979141e-03 1.325650513172149658e-01 3.412893414497375488e-02 5.564124584197998047e-01 1.729411655105650425e-03 4.645243287086486816e-02 1.933216303586959839e-02 1.160156913101673126e-02 2.696139551699161530e-02 1.535695139318704605e-02 2.356401644647121429e-02 6.040218751877546310e-03 3.293203189969062805e-02 2.373246289789676666e-02 2.683922462165355682e-02 2.477021887898445129e-02 4.077829420566558838e-02 1.367811113595962524e-02 8.329158648848533630e-03 1.724588871002197266e-02 1.375029794871807098e-02 3.544517979025840759e-02 6.037114653736352921e-03 3.460009023547172546e-02 7.148757111281156540e-03 1.522121205925941467e-02 2.103072218596935272e-02 2.304587280377745628e-03 6.503147887997329235e-04 3.932686895132064819e-02 1.134146191179752350e-02 8.160195313394069672e-03 3.704238310456275940e-02 2.961765415966510773e-02 6.882192101329565048e-03 2.397619374096393585e-02 1.047499291598796844e-02 5.799941718578338623e-02 9.980549663305282593e-02 1.841011270880699158e-02 7.825555279850959778e-03 2.854621410369873047e-02 4.752876609563827515e-02 1.379484497010707855e-02 1.053804997354745865e-02 8.124258369207382202e-03 1.775979436933994293e-02 5.187693610787391663e-02 4.957630857825279236e-02 2.081446116790175438e-03 6.544079631567001343e-03 2.678859978914260864e-02 5.132940597832202911e-03 2.623648382723331451e-02 3.505843505263328552e-02 3.331694006919860840e-02 6.883382052183151245e-02 1.224899478256702423e-02 1.054357085376977921e-02 3.257622197270393372e-02 3.467150498181581497e-03 3.127829357981681824e-02 1.845198683440685272e-02 2.756576798856258392e-02 3.498583659529685974e-02 7.869023829698562622e-03 2.048046328127384186e-02 4.763314127922058105e-02 1.505272556096315384e-02 2.478207647800445557e-02 5.214895587414503098e-03 8.732368238270282745e-03 3.024397231638431549e-02 2.038799226284027100e-02 8.992127142846584320e-03 1.262506470084190369e-02 2.753661759197711945e-02 3.478433704003691673e-03 7.018999755382537842e-02 3.368370980024337769e-02 2.371284365653991699e-02 5.218245089054107666e-02 3.465595096349716187e-02 6.263779848814010620e-02 3.410368785262107849e-02 5.684495437890291214e-03 1.301991473883390427e-02 1.391845103353261948e-02 6.019430235028266907e-03 3.544048964977264404e-02 2.853789739310741425e-02 3.357527777552604675e-02 1.196998264640569687e-02 1.051726471632719040e-02 1.558462809771299362e-02 2.301085181534290314e-02 1.786334253847599030e-02 7.597216404974460602e-03 3.122303821146488190e-02 7.554155774414539337e-03 1.608794555068016052e-02 4.275451600551605225e-02 2.881528052967041731e-04 4.609875753521919250e-02 3.113785013556480408e-02 2.684335224330425262e-03 4.389123246073722839e-02
