5.232858061790466309e-01 1.181829050183296204e-01 2.208667621016502380e-02 2.600229345262050629e-02 4.280391335487365723e-02 5.383647233247756958e-02 4.249224066734313965e-02 1.885578036308288574e-02 3.329271823167800903e-02 1.755336485803127289e-02 9.323244541883468628e-02 4.006270784884691238e-03 7.145828008651733398e-02 9.450265206396579742e-03 8.014146238565444946e-03 2.729192934930324554e-02 2.019549533724784851e-02 2.246314659714698792e-02 3.558845445513725281e-02 7.203102111816406250e-03 7.286243606358766556e-03 3.364822268486022949e-02 3.278880193829536438e-02 1.599377766251564026e-02 1.351726613938808441e-02 5.426587071269750595e-03 2.121597714722156525e-02 2.316221781075000763e-02 3.923366218805313110e-02 4.400209058076143265e-03 1.960773393511772156e-02 4.671787843108177185e-02 4.635097458958625793e-02 9.718719869852066040e-03 4.835610464215278625e-02 3.341487376019358635e-03 8.850797079503536224e-03 3.024744056165218353e-02 1.290742657147347927e-03 1.125650247558951378e-03 1.974345557391643524e-02 2.147463336586952209e-02 4.510572925209999084e-02 1.819572225213050842e-02 4.198295623064041138e-02 1.529617700725793839e-02 4.184602573513984680e-02 3.292930126190185547e-02 4.106830805540084839e-03 3.267573192715644836e-02 6.093347910791635513e-04 1.428651716560125351e-02 1.277036964893341064e-02 1.327261701226234436e-02 1.369322836399078369e-02 1.532442215830087662e-02 2.957048639655113220e-02 4.520371928811073303e-02 1.335319969803094864e-02 2.983349747955799103e-02 4.629050940275192261e-02 6.621030159294605255e-03 4.029893130064010620e-02 3.456457331776618958e-02 3.055483475327491760e-02 4.662952199578285217e-02 2.798216417431831360e-03 9.247859939932823181e-03 5.861019715666770935e-03 1.650422066450119019e-02 2.431190572679042816e-02 3.341721743345260620e-02 8.214993402361869812e-03 2.562164328992366791e-02 8.176077157258987427e-03 3.183316811919212341e-02 2.707805298268795013e-02 1.981018669903278351e-02 1.386032998561859131e-02 1.512505859136581421e-02 4.839015658944845200e-03 1.520248781889677048e-02 5.283001065254211426e-02 1.811379194259643555e-02 1.930739544332027435e-02 3.118364699184894562e-02 2.084487862884998322e-02 1.880839467048645020e-02 4.162437468767166138e-02 3.765562176704406738e-02 3.421135991811752319e-02 9.760604240000247955e-03 8.050101809203624725e-03 1.795971393585205078e-02 4.014267027378082275e-02 2.343719126656651497e-03 1.869954355061054230e-02 5.919390241615474224e-04 1.861729659140110016e-02 3.368947282433509827e-02 4.375075176358222961e-02 1.793057098984718323e-02 5.281711369752883911e-02 5.060422234237194061e-03 3.210369870066642761e-02 2.274822909384965897e-03 3.492798283696174622e-02 1.978958211839199066e-02 1.284229476004838943e-02 7.492323871701955795e-03 1.729468442499637604e-02 1.522485911846160889e-02 4.605334252119064331e-02 3.206167742609977722e-02 2.922482090070843697e-03 3.424701467156410217e-02
1.181829050183296204e-01 5.201370120048522949e-01 4.634647816419601440e-02 2.845042943954467773e-02 4.465319216251373291e-02 7.175033539533615112e-02 5.590312927961349487e-02 4.907675087451934814e-02 5.792675074189901352e-04 5.076392088085412979e-03 8.539960533380508423e-02 4.338696133345365524e-03 8.513078093528747559e-02 3.891128581017255783e-03 7.166681811213493347e-03 1.647972688078880310e-02 3.310067579150199890e-03 1.397783774882555008e-02 4.315144941210746765e-02 9.696136228740215302e-03 8.257620967924594879e-03 3.869681432843208313e-02 2.226418443024158478e-02 5.826955661177635193e-03 3.201163187623023987e-02 1.057230494916439056e-02 1.455417461693286896e-02 1.425620634108781815e-02 2.828433737158775330e-02 2.045049564912915230e-03 1.391225680708885193e-02 4.549048095941543579e-02 2.876595407724380493e-02 1.002069469541311264e-02 2.925720065832138062e-02 7.941077463328838348e-03 8.873850107192993164e-03 4.344661533832550049e-02 8.183030877262353897e-04 2.468258608132600784e-03 3.907937183976173401e-02 3.412450477480888367e-02 3.570079803466796875e-02 3.569401800632476807e-02 1.941875740885734558e-02 2.364486455917358398e-02 4.358886182308197021e-02 2.670885249972343445e-02 6.938153877854347229e-03 2.192188799381256104e-02 1.988900639116764069e-02 3.774043545126914978e-02 6.297387182712554932e-03 1.404064148664474487e-02 3.139801695942878723e-02 3.456122474744915962e-03 9.890905581414699554e-03 5.157000944018363953e-02 1.171269733458757401e-02 2.355153858661651611e-02 2.700346149504184723e-02 3.424940397962927818e-03 3.232171013951301575e-02 2.608502842485904694e-02 2.133666723966598511e-02 6.186473742127418518e-02 1.036048308014869690e-02 3.250526497140526772e-03 2.079689688980579376e-02 4.660861566662788391e-03 4.501533508300781250e-02 1.431761495769023895e-02 1.558073214255273342e-03 3.658841922879219055e-02 3.431859891861677170e-03 1.712714508175849915e-02 4.941603541374206543e-02 1.381189329549670219e-03 1.855738647282123566e-02 3.355258144438266754e-03 2.827871032059192657e-02 4.861854249611496925e-04 2.850536815822124481e-02 1.519873365759849548e-02 1.848925836384296417e-02 1.954425312578678131e-02 4.148169886320829391e-03 9.007505141198635101e-03 4.163380339741706848e-02 5.355291441082954407e-02 3.239076584577560425e-02 8.880767039954662323e-03 6.072863470762968063e-03 1.137803867459297180e-02 4.553699120879173279e-02 1.839303225278854370e-02 9.354776702821254730e-03 3.002301324158906937e-03 2.497551217675209045e-02 2.498017437756061554e-02 3.357273712754249573e-02 2.823867648839950562e-02 4.549505561590194702e-02 2.394470013678073883e-02 5.155545473098754883e-02 5.527764093130826950e-03 4.659957811236381531e-02 4.202781245112419128e-03 2.557324478402733803e-03 8.956179954111576080e-03 2.266880497336387634e-02 2.366689220070838928e-02 3.496266528964042664e-02 3.765385597944259644e-02 2.022381871938705444e-02 2.448701485991477966e-02
2.208667621016502380e-02 4.634647816419601440e-02 4.949283301830291748e-01 1.097704377025365829e-02 3.720146790146827698e-02 4.047805070877075195e-02 2.076123654842376709e-02 6.971773505210876465e-02 3.845107927918434143e-02 6.252190098166465759e-03 1.679604314267635345e-02 1.436096616089344025e-02 2.840970270335674286e-02 4.523579776287078857e-02 9.167814627289772034e-03 3.901852527633309364e-03 5.669318605214357376e-03 4.604300111532211304e-02 2.113091014325618744e-02 6.816639797762036324e-04 1.234320551156997681e-02 1.542581152170896530e-02 6.849299650639295578e-03 1.990933157503604889e-02 4.340881109237670898e-02 1.489775907248258591e-02 1.119516883045434952e-02 8.000821806490421295e-03 3.121651895344257355e-02 3.405526652932167053e-02 2.362577430903911591e-02 1.477967854589223862e-02 2.983301877975463867e-02 1.058618724346160889e-02 4.358679987490177155e-03 4.134011920541524887e-03 3.241902589797973633e-02 4.058753699064254761e-02 2.400545030832290649e-02 4.859813302755355835e-02 6.863632053136825562e-02 4.037346690893173218e-02 4.509889706969261169e-02 4.811880737543106079e-02 2.197212772443890572e-03 4.882512241601943970e-02 2.552358619868755341e-02 3.916550055146217346e-02 1.919350400567054749e-02 3.017488308250904083e-02 3.669088333845138550e-02 2.529705129563808441e-02 1.073112804442644119e-02 1.135163474828004837e-02 1.969584636390209198e-02 1.174336858093738556e-02 3.011814842466264963e-04 2.201517112553119659e-02 4.887828137725591660e-03 3.135658334940671921e-03 2.763531729578971863e-02 1.094332244247198105e-02 1.354276854544878006e-02 2.122682891786098480e-02 1.698016561567783356e-02 2.615543082356452942e-02 4.110388085246086121e-02 3.476640582084655762e-02 2.278786152601242065e-02 2.538153901696205139e-02 1.906047342345118523e-03 5.131112039089202881e-02 2.379036508500576019e-02 8.284654468297958374e-03 2.880831994116306305e-02 3.337253630161285400e-02 3.352105244994163513e-02 3.681547008454799652e-03 1.816410012543201447e-02 1.991756260395050049e-02 1.248716637492179871e-01 8.590795844793319702e-02 3.374173492193222046e-02 8.071450516581535339e-03 1.352102030068635941e-02 9.936400689184665680e-03 5.033783987164497375e-02 5.453960224986076355e-02 2.448569051921367645e-02 8.294126018881797791e-05 2.362964861094951630e-02 8.830589242279529572e-03 3.550030663609504700e-02 2.015164121985435486e-02 1.733442768454551697e-02 5.117643624544143677e-03 4.200886562466621399e-02 1.239912305027246475e-02 1.487385481595993042e-02 1.546184625476598740e-02 4.323235247284173965e-03 3.374095261096954346e-02 2.474982663989067078e-02 3.253512084484100342e-02 1.188042107969522476e-02 8.602271787822246552e-03 1.000418327748775482e-02 1.111139822751283646e-02 3.809741884469985962e-02 9.135939180850982666e-03 4.343151301145553589e-02 3.821999765932559967e-03 2.391965128481388092e-02 4.634717851877212524e-02 3.239925205707550049e-02 1.632829755544662476e-02
2.600229345262050629e-02 2.845042943954467773e-02 1.097704377025365829e-02 5.102310776710510254e-01 1.340011954307556152e-01 2.836231328547000885e-02 2.743918076157569885e-02 2.368916757404804230e-02 4.911008849740028381e-02 7.111511658877134323e-03 3.921745344996452332e-02 1.084314566105604172e-02 2.870507165789604187e-02 3.748045116662979126e-02 6.137733347713947296e-03 2.076240815222263336e-02 2.666085725650191307e-03 2.438226900994777679e-02 2.820414677262306213e-02 8.867306634783744812e-03 3.528983891010284424e-02 4.227010905742645264e-02 3.381858766078948975e-02 9.609296917915344238e-03 6.109305657446384430e-03 1.269252598285675049e-02 3.498553857207298279e-02 1.047926023602485657e-02 1.826005615293979645e-02 3.366640955209732056e-02 2.484111487865447998e-02 1.069363858550786972e-02 2.489390410482883453e-02 3.245695680379867554e-02 1.633807271718978882e-02 2.981026843190193176e-02 2.120373398065567017e-02 8.896374143660068512e-03 4.254500567913055420e-02 2.680285135284066200e-03 8.820317685604095459e-03 2.075968682765960693e-02 1.467062067240476608e-02 3.066771291196346283e-02 3.442431241273880005e-02 2.172717638313770294e-02 3.793837130069732666e-02 3.624140843749046326e-02 4.084663093090057373e-02 1.111807674169540405e-02 1.541759073734283447e-02 9.679752110969275236e-05 1.134503819048404694e-02 1.061709690839052200e-02 4.016737639904022217e-02 1.737426593899726868e-02 1.752031221985816956e-02 2.693887986242771149e-02 1.602608012035489082e-03 6.998718716204166412e-03 4.585453122854232788e-02 1.056395471096038818e-02 6.696818768978118896e-02 3.592446446418762207e-02 4.709702730178833008e-02 3.663012012839317322e-02 1.291024312376976013e-02 9.778325911611318588e-04 1.897703297436237335e-02 2.226127684116363525e-02 6.817245157435536385e-04 2.082373015582561493e-03 1.020304039120674133e-01 4.117348045110702515e-02 9.065661579370498657e-02 2.025900594890117645e-02 2.851675823330879211e-02 2.305047959089279175e-02 3.304764255881309509e-02 3.776201233267784119e-02 3.773562610149383545e-03 4.437959566712379456e-02 3.206504136323928833e-02 7.944741845130920410e-02 4.661551862955093384e-02 8.466919884085655212e-03 2.186059951782226562e-02 1.806117035448551178e-02 6.015340983867645264e-02 2.657812437973916531e-04 1.968651451170444489e-02 3.304288722574710846e-03 1.886515878140926361e-03 3.236469253897666931e-02 3.553749248385429382e-02 4.054342582821846008e-02 2.705834992229938507e-02 1.258489768952131271e-02 2.751039341092109680e-02 4.431613534688949585e-02 3.603462502360343933e-02 1.566733606159687042e-02 3.853555768728256226e-02 2.672094292938709259e-02 1.071057748049497604e-02 3.159106150269508362e-02 5.630279891192913055e-03 1.577855646610260010e-02 3.366281464695930481e-02 1.764720864593982697e-02 4.588481783866882324e-02 1.030975766479969025e-02 8.588065393269062042e-03 4.586931690573692322e-02 1.657026447355747223e-02 1.522552687674760818e-02
4.280391335487365723e-02 4.465319216251373291e-02 3.720146790146827698e-02 1.340011954307556152e-01 5.161178708076477051e-01 4.375470802187919617e-02 4.002764821052551270e-02 1.136316452175378799e-02 3.646110370755195618e-02 1.463830191642045975e-02 4.974699765443801880e-02 4.426047950983047485e-02 4.258106648921966553e-02 2.022683992981910706e-02 3.629388660192489624e-02 1.853642426431179047e-02 1.147927064448595047e-02 1.929317228496074677e-02 5.378428613767027855e-04 1.740866713225841522e-02 5.362450703978538513e-02 1.384538505226373672e-02 4.973906651139259338e-02 1.229086238890886307e-02 3.648208454251289368e-02 1.015831343829631805e-02 2.774102799594402313e-02 4.271891713142395020e-02 4.389273747801780701e-02 1.875324361026287079e-02 1.288880128413438797e-03 2.723952988162636757e-03 3.656708449125289917e-02 2.574570849537849426e-02 3.966718912124633789e-02 4.742228612303733826e-02 2.274570986628532410e-02 3.143352270126342773e-02 8.151505142450332642e-02 6.124936044216156006e-02 3.459249436855316162e-02 4.788451828062534332e-03 4.116617888212203979e-02 2.743982151150703430e-02 1.826777681708335876e-02 2.097927406430244446e-02 3.435899317264556885e-02 1.564288698136806488e-02 4.277239739894866943e-02 3.099968098104000092e-02 2.741174772381782532e-02 3.307676687836647034e-02 1.311707403510808945e-02 1.501390128396451473e-03 5.521429330110549927e-02 4.681998118758201599e-02 1.507785823196172714e-02 1.748924702405929565e-02 2.677826583385467529e-02 7.882134057581424713e-03 3.366166353225708008e-02 4.187325015664100647e-02 4.876859113574028015e-02 5.579313263297080994e-02 2.768139354884624481e-03 9.296283125877380371e-03 1.408937107771635056e-02 2.241782657802104950e-02 2.951974282041192055e-03 3.080311790108680725e-02 1.168152689933776855e-02 3.560003265738487244e-02 7.455899566411972046e-02 2.327339723706245422e-02 8.660227060317993164e-02 1.392464339733123779e-02 4.254298284649848938e-03 3.627746552228927612e-02 4.043919034302234650e-05 2.076696231961250305e-02 1.942091505043208599e-03 3.069481067359447479e-02 4.144800826907157898e-02 9.804220497608184814e-02 3.519298508763313293e-02 4.863989353179931641e-02 1.776713691651821136e-02 1.885556615889072418e-02 3.946113283745944500e-04 2.981359325349330902e-02 3.096694126725196838e-02 4.328915104269981384e-02 1.009603310376405716e-02 4.816864058375358582e-02 1.848706789314746857e-02 3.270320594310760498e-02 2.138362266123294830e-02 5.534678231924772263e-03 2.016177773475646973e-02 9.606434032320976257e-03 5.424404982477426529e-03 2.899808436632156372e-02 2.223584987223148346e-02 1.960880581464152783e-06 2.386009693145751953e-02 3.709075599908828735e-02 2.414513938128948212e-02 2.345807291567325592e-02 1.556908432394266129e-02 3.834934160113334656e-02 1.200950890779495239e-02 5.378642585128545761e-03 6.870933342725038528e-03 7.988569326698780060e-03 4.141721129417419434e-02 3.126470744609832764e-02
5.383647233247756958e-02 7.175033539533615112e-02 4.047805070877075195e-02 2.836231328547000885e-02 4.375470802187919617e-02 5.324026942253112793e-01 1.161990612745285034e-01 2.287455461919307709e-02 3.263960406184196472e-02 1.895362883806228638e-02 5.499759316444396973e-02 1.748216897249221802e-02 6.127068400382995605e-02 1.062237750738859177e-02 3.593036159873008728e-02 2.966734580695629120e-03 1.060538273304700851e-02 1.808051392436027527e-02 2.596161328256130219e-02 1.226794812828302383e-02 1.970006525516510010e-02 6.452338770031929016e-03 2.381776645779609680e-02 1.450574491173028946e-02 5.150899663567543030e-02 6.435080431401729584e-03 2.452842332422733307e-02 7.605684455484151840e-03 3.445846587419509888e-02 3.675196785479784012e-03 6.203498691320419312e-02 1.363026537001132965e-02 7.794385310262441635e-03 3.364771604537963867e-02 2.601123787462711334e-02 4.883667826652526855e-02 3.861047700047492981e-02 3.784858062863349915e-02 5.354757420718669891e-03 9.011937305331230164e-03 3.525815904140472412e-02 1.383733702823519707e-03 2.927312068641185760e-02 1.213966775685548782e-02 2.170461416244506836e-02 7.765363436192274094e-03 1.055592298507690430e-01 7.881254702806472778e-02 2.866980060935020447e-02 1.833157800137996674e-02 4.968744516372680664e-02 3.052854165434837341e-02 3.176340460777282715e-02 2.019448205828666687e-02 4.165729135274887085e-02 2.552432008087635040e-02 8.088710717856884003e-03 5.155295878648757935e-02 2.308295294642448425e-02 7.758053950965404510e-03 2.929739421233534813e-03 9.980756789445877075e-03 2.977190352976322174e-02 3.986133635044097900e-02 2.989422157406806946e-02 4.044045880436897278e-02 1.274219714105129242e-02 3.107181051746010780e-03 3.136322274804115295e-02 6.531688268296420574e-04 4.097573086619377136e-02 1.347055938094854355e-02 2.027300884947180748e-03 2.648670785129070282e-02 1.160298660397529602e-02 1.375565305352210999e-02 4.077146202325820923e-02 3.286637365818023682e-02 5.059817433357238770e-02 3.356625884771347046e-02 4.196956753730773926e-02 2.256887033581733704e-02 1.068431977182626724e-02 2.760020433925092220e-04 9.311433881521224976e-03 2.457428164780139923e-02 4.360029101371765137e-02 1.888501830399036407e-02 5.273780599236488342e-02 2.211551740765571594e-02 5.368502065539360046e-02 1.606551371514797211e-02 6.609682738780975342e-02 2.727978676557540894e-02 3.733954951167106628e-02 4.310386255383491516e-02 7.673358079046010971e-03 1.178984995931386948e-02 3.660489106550812721e-03 3.943748399615287781e-02 4.359751567244529724e-02 5.831588990986347198e-03 5.539458245038986206e-03 3.449398092925548553e-03 4.957674443721771240e-02 2.598167397081851959e-02 3.802118077874183655e-02 8.538436144590377808e-03 9.029802866280078888e-03 2.277415618300437927e-02 5.351212806999683380e-03 3.240339830517768860e-02 4.417704045772552490e-02 1.543374452739953995e-02 2.597537636756896973e-02 2.119325846433639526e-02
4.249224066734313965e-02 5.590312927961349487e-02 2.076123654842376709e-02 2.743918076157569885e-02 4.002764821052551270e-02 1.161990612745285034e-01 5.295250415802001953e-01 2.525852620601654053e-02 1.047502830624580383e-02 1.556192804127931595e-02 4.012480750679969788e-02 2.235901728272438049e-02 5.254814773797988892e-02 7.912832312285900116e-03 3.937993198633193970e-02 2.100129798054695129e-02 3.332972154021263123e-02 8.061248809099197388e-03 1.530109322629868984e-03 1.781776547431945801e-02 2.760477922856807709e-02 7.307925727218389511e-03 1.453451626002788544e-02 1.406897045671939850e-02 4.806641861796379089e-02 1.885250397026538849e-02 4.890096932649612427e-02 3.040483407676219940e-02 5.319434031844139099e-02 4.149850830435752869e-02 8.664184808731079102e-02 2.168779028579592705e-03 2.992235310375690460e-02 3.052712231874465942e-02 9.280453436076641083e-03 2.980386093258857727e-02 3.659104928374290466e-02 1.432425342500209808e-02 1.242416258901357651e-02 1.834204071201384068e-03 3.658220171928405762e-02 3.455616824794560671e-04 3.529822826385498047e-02 2.106994763016700745e-02 6.254285690374672413e-04 4.398652911186218262e-02 1.179852634668350220e-01 1.279863566160202026e-01 1.508829928934574127e-02 7.054983638226985931e-03 3.894335776567459106e-02 2.959927171468734741e-02 5.091045051813125610e-02 3.676474094390869141e-02 5.102826282382011414e-02 1.604241132736206055e-02 2.531545236706733704e-02 7.833401672542095184e-03 5.601521208882331848e-02 4.535431973636150360e-03 3.026805585250258446e-03 1.082993485033512115e-02 5.135220475494861603e-03 1.320144254714250565e-02 2.720314264297485352e-02 3.161982819437980652e-02 1.224298961460590363e-02 1.977447420358657837e-03 3.994608670473098755e-02 2.272697864100337029e-03 2.232632413506507874e-02 1.443441491574048996e-02 2.372493036091327667e-02 2.921864017844200134e-02 3.476600348949432373e-02 1.144424825906753540e-02 3.012904152274131775e-02 9.669092483818531036e-03 4.578737542033195496e-02 1.854943111538887024e-02 1.594663225114345551e-02 2.324388362467288971e-02 1.548237632960081100e-02 4.585896059870719910e-02 1.890179555630311370e-04 1.492268312722444534e-02 5.761505663394927979e-02 4.513383656740188599e-02 1.987776346504688263e-02 6.543691270053386688e-03 5.441481620073318481e-02 1.403298508375883102e-02 9.131554514169692993e-02 3.850267082452774048e-02 3.194690495729446411e-02 4.459930583834648132e-02 3.164805239066481590e-03 1.471169199794530869e-02 2.490431070327758789e-02 1.884909346699714661e-02 2.721424773335456848e-02 2.528062276542186737e-02 7.416103500872850418e-03 3.886484773829579353e-03 3.080159053206443787e-02 3.145831450819969177e-02 3.254008293151855469e-02 2.705731429159641266e-02 1.513756532222032547e-02 1.712925382889807224e-03 1.291270740330219269e-02 2.613891661167144775e-02 4.530148580670356750e-02 2.673793211579322815e-02 3.078096918761730194e-02 1.265966240316629410e-02
1.885578036308288574e-02 4.907675087451934814e-02 6.971773505210876465e-02 2.368916757404804230e-02 1.136316452175378799e-02 2.287455461919307709e-02 2.525852620601654053e-02 5.110037922859191895e-01 9.309434331953525543e-03 2.881491929292678833e-02 5.162833724170923233e-03 5.066736042499542236e-02 2.096044132485985756e-03 3.870728984475135803e-02 7.482446730136871338e-02 3.287676349282264709e-02 1.952808536589145660e-02 2.355126850306987762e-02 4.324708133935928345e-02 2.795434184372425079e-02 3.069940395653247833e-02 1.980393379926681519e-02 5.359396338462829590e-02 5.053029954433441162e-02 1.790476776659488678e-02 1.460288558155298233e-02 3.610936179757118225e-02 4.825628921389579773e-02 1.479230169206857681e-02 3.993991389870643616e-02 4.402033984661102295e-02 1.009623892605304718e-02 3.058871999382972717e-02 2.931807376444339752e-02 1.436192262917757034e-02 4.051995649933815002e-02 4.136984050273895264e-02 2.160010859370231628e-02 8.285509422421455383e-03 1.345874462276697159e-02 3.957352787256240845e-02 4.169581085443496704e-02 1.488012820482254028e-02 3.568807616829872131e-02 2.890237234532833099e-02 3.573838248848915100e-02 4.014873132109642029e-02 2.196161635220050812e-02 1.980885118246078491e-02 6.575587391853332520e-02 3.034481778740882874e-03 2.466773986816406250e-02 3.611833974719047546e-02 1.800383254885673523e-02 2.563591301441192627e-02 8.534054458141326904e-02 4.871810972690582275e-02 2.241226471960544586e-02 1.718850247561931610e-02 2.796498872339725494e-02 1.569453626871109009e-02 7.260156329721212387e-03 1.812991686165332794e-02 3.722820803523063660e-02 2.256211824715137482e-02 2.672249218448996544e-03 4.108759760856628418e-02 2.137932926416397095e-03 4.764698818325996399e-02 4.332389682531356812e-02 1.685911975800991058e-02 5.778685677796602249e-03 4.006814584136009216e-02 1.901512779295444489e-02 3.128408268094062805e-02 2.032083459198474884e-02 1.823691651225090027e-02 4.595723468810319901e-03 3.250485658645629883e-02 4.809944424778223038e-03 5.134290084242820740e-02 3.161040693521499634e-02 3.321359679102897644e-02 2.340315282344818115e-02 3.164411336183547974e-02 2.179066650569438934e-02 7.623295485973358154e-02 4.996691644191741943e-02 5.081101134419441223e-02 3.202718496322631836e-02 5.179879441857337952e-02 3.062472492456436157e-02 2.129752002656459808e-02 5.116421729326248169e-03 2.507958561182022095e-02 2.310416288673877716e-02 4.201273992657661438e-02 2.490196563303470612e-02 2.442804351449012756e-02 2.764494158327579498e-02 1.165094692260026932e-02 1.026293355971574783e-02 4.589874297380447388e-02 1.423615310341119766e-02 4.407493025064468384e-02 2.827268838882446289e-02 9.787291288375854492e-03 3.940739668905735016e-03 3.118119575083255768e-02 5.790978670120239258e-02 5.270513519644737244e-02 1.082701049745082855e-02 8.565952070057392120e-03 1.129925809800624847e-02 3.969856724143028259e-02 5.866523459553718567e-02
3.329271823167800903e-02 5.792675074189901352e-04 3.845107927918434143e-02 4.911008849740028381e-02 3.646110370755195618e-02 3.263960406184196472e-02 1.047502830624580383e-02 9.309434331953525543e-03 5.064873099327087402e-01 8.087740838527679443e-02 4.682911932468414307e-02 3.461705148220062256e-02 4.691226780414581299e-02 3.870441764593124390e-02 1.169952750205993652e-02 2.041280083358287811e-02 2.419377490878105164e-02 4.978105798363685608e-02 1.289275754243135452e-02 3.144720569252967834e-02 4.503530263900756836e-02 9.735389030538499355e-04 9.450406767427921295e-03 1.442157290875911713e-02 3.944383934140205383e-02 1.770505495369434357e-02 1.516067143529653549e-02 2.192485146224498749e-02 3.617815300822257996e-02 2.289469167590141296e-02 3.100416623055934906e-02 1.881009154021739960e-02 3.606472909450531006e-02 2.695986069738864899e-02 3.863482177257537842e-02 1.424241159111261368e-02 3.835076838731765747e-02 1.557387318462133408e-02 3.440876305103302002e-02 2.049418352544307709e-02 1.804028078913688660e-02 2.110049687325954437e-02 1.450544316321611404e-02 2.407457493245601654e-02 3.355788439512252808e-02 4.443456605076789856e-02 3.674094751477241516e-02 1.830464811064302921e-03 3.988374397158622742e-02 4.126482177525758743e-03 7.876714691519737244e-03 2.024416578933596611e-03 1.262858416885137558e-02 9.457542560994625092e-03 1.834334060549736023e-02 4.798938333988189697e-02 9.193151257932186127e-03 3.611259453464299440e-04 3.272453323006629944e-02 2.532983757555484772e-02 4.768427088856697083e-02 4.154531285166740417e-02 3.508541733026504517e-02 2.961451373994350433e-02 3.525348380208015442e-02 1.493820361793041229e-02 3.546542255207896233e-03 3.297574073076248169e-02 1.893309317529201508e-02 6.168861687183380127e-02 1.404713466763496399e-02 1.027717664837837219e-01 7.857430726289749146e-03 2.976357936859130859e-02 1.183569617569446564e-02 8.628298342227935791e-02 1.206506192684173584e-01 1.223518699407577515e-01 1.936724875122308731e-03 4.921654239296913147e-02 1.872310601174831390e-02 1.785102300345897675e-02 4.050238057971000671e-02 5.702916532754898071e-02 1.151882391422986984e-02 6.964348722249269485e-03 1.984340138733386993e-03 9.822783060371875763e-03 5.425822362303733826e-02 4.277777671813964844e-02 4.660062491893768311e-02 3.065053373575210571e-02 1.030447985976934433e-02 4.417958483099937439e-02 2.014274336397647858e-02 2.530085295438766479e-02 4.594654776155948639e-03 3.714302927255630493e-02 4.101135209202766418e-02 6.951666902750730515e-03 1.145619153976440430e-02 2.340003661811351776e-02 4.631245508790016174e-02 3.723187744617462158e-02 4.156862944364547729e-02 2.329345420002937317e-02 1.496590860188007355e-02 2.491093613207340240e-02 2.422479353845119476e-02 4.454137384891510010e-02 3.855052962899208069e-02 1.907499134540557861e-02 4.388647153973579407e-02 2.102503739297389984e-02 1.471703499555587769e-02 2.245981991291046143e-02
1.755336485803127289e-02 5.076392088085412979e-03 6.252190098166465759e-03 7.111511658877134323e-03 1.463830191642045975e-02 1.895362883806228638e-02 1.556192804127931595e-02 2.881491929292678833e-02 8.087740838527679443e-02 5.144743919372558594e-01 4.499806091189384460e-03 2.066390588879585266e-02 2.247931435704231262e-02 7.226773351430892944e-02 1.026729936711490154e-03 4.398657754063606262e-02 2.518861740827560425e-02 4.064672812819480896e-02 7.195117883384227753e-03 8.112685754895210266e-03 3.646497428417205811e-02 3.875416889786720276e-02 4.824753850698471069e-02 1.312739681452512741e-02 4.041697829961776733e-02 4.244302585721015930e-02 1.228416059166193008e-02 2.641537599265575409e-02 1.739021949470043182e-02 5.163070932030677795e-02 3.172104060649871826e-02 2.389006782323122025e-03 1.663074269890785217e-02 3.978709504008293152e-02 3.112778253853321075e-02 3.520415350794792175e-02 5.673316121101379395e-02 4.215475544333457947e-02 1.688936166465282440e-02 3.450188040733337402e-02 2.533289417624473572e-02 1.879085600376129150e-02 2.106690779328346252e-02 1.725120097398757935e-02 3.052333742380142212e-02 1.596292853355407715e-02 3.128483146429061890e-02 5.199119821190834045e-02 8.755723014473915100e-03 4.685740172863006592e-02 2.064887247979640961e-02 2.292580157518386841e-02 7.922708988189697266e-03 2.363834716379642487e-02 3.262024745345115662e-02 8.206982165575027466e-02 6.713905837386846542e-03 5.845441296696662903e-02 3.668791055679321289e-02 2.263228967785835266e-02 2.384446188807487488e-02 2.075294218957424164e-02 4.186432808637619019e-02 3.910599276423454285e-02 2.996991947293281555e-02 2.545767836272716522e-02 2.089062891900539398e-02 2.094014734029769897e-02 4.340354725718498230e-02 1.359525024890899658e-01 6.475180387496948242e-02 4.627931490540504456e-02 2.547278255224227905e-02 1.017724201083183289e-01 3.941512107849121094e-02 3.296611458063125610e-02 2.331247180700302124e-02 1.989092379808425903e-01 4.434510599821805954e-03 1.041761040687561035e-01 2.965657971799373627e-03 1.799147948622703552e-02 3.436369821429252625e-02 2.595018967986106873e-02 2.111351490020751953e-02 3.236951306462287903e-02 5.237501487135887146e-02 4.751427844166755676e-02 3.252125158905982971e-02 8.928858488798141479e-02 4.410476982593536377e-02 2.251051133498549461e-03 1.567621901631355286e-02 1.639750041067600250e-02 3.760500624775886536e-02 1.467979140579700470e-02 6.955204904079437256e-02 4.473141953349113464e-02 5.751405376940965652e-03 3.119921684265136719e-02 2.401205245405435562e-03 3.422789275646209717e-02 1.297125499695539474e-02 2.515325695276260376e-02 4.511353000998497009e-02 1.559359859675168991e-02 3.743461892008781433e-02 5.525605008006095886e-02 4.149903729557991028e-02 1.900828815996646881e-02 1.870407722890377045e-02 1.502115651965141296e-02 5.438518244773149490e-03 3.649216145277023315e-02 8.052791468799114227e-03 4.152270406484603882e-02
9.323244541883468628e-02 8.539960533380508423e-02 1.679604314267635345e-02 3.921745344996452332e-02 4.974699765443801880e-02 5.499759316444396973e-02 4.012480750679969788e-02 5.162833724170923233e-03 4.682911932468414307e-02 4.499806091189384460e-03 5.302744507789611816e-01 2.534514106810092926e-02 8.699674904346466064e-02 4.944150522351264954e-02 6.998535245656967163e-03 5.095703527331352234e-04 1.440763473510742188e-03 3.008289635181427002e-02 3.765491768717765808e-02 3.429158776998519897e-02 2.225032774731516838e-03 5.451052635908126831e-02 2.997202239930629730e-02 1.263544335961341858e-02 2.027083747088909149e-02 1.265399972908198833e-03 9.035227820277214050e-03 2.659799717366695404e-02 7.159773260354995728e-02 1.143447123467922211e-03 4.017221182584762573e-02 2.366026118397712708e-02 3.593132644891738892e-02 4.726006835699081421e-02 1.813255250453948975e-02 1.966352574527263641e-02 4.553510248661041260e-02 3.403709456324577332e-02 2.504359930753707886e-02 3.622419759631156921e-02 2.916801534593105316e-02 1.364991348236799240e-02 4.572558403015136719e-02 2.244858816266059875e-02 2.619653008878231049e-02 2.582426182925701141e-03 6.012716144323348999e-02 2.501583099365234375e-02 1.333441468887031078e-03 1.701325364410877228e-02 9.160723537206649780e-03 2.451876411214470863e-03 1.963377371430397034e-02 1.985039189457893372e-02 6.220109760761260986e-03 2.281107939779758453e-02 2.297174371778964996e-02 3.778288140892982483e-02 9.339363314211368561e-03 2.390773035585880280e-02 4.616505652666091919e-02 1.991768740117549896e-02 3.403069451451301575e-02 1.620127260684967041e-02 6.537999212741851807e-02 6.372549384832382202e-02 1.072851382195949554e-02 2.268689917400479317e-03 2.563587017357349396e-02 6.102672778069972992e-03 4.053513705730438232e-02 5.169498175382614136e-02 5.840023513883352280e-04 3.363977372646331787e-02 8.069454692304134369e-03 4.294649139046669006e-02 2.324372529983520508e-02 3.361182287335395813e-02 3.048996999859809875e-02 2.430643886327743530e-02 1.357238832861185074e-02 3.837052499875426292e-03 2.176534011960029602e-02 2.584003284573554993e-02 2.912583574652671814e-02 3.271457180380821228e-02 2.801447547972202301e-02 3.125913813710212708e-02 4.493103921413421631e-02 4.307429865002632141e-02 4.414908960461616516e-02 2.711855992674827576e-02 1.938828825950622559e-02 1.383559871464967728e-02 4.075381532311439514e-02 2.666816301643848419e-02 1.459224056452512741e-02 1.025852840393781662e-02 8.063884451985359192e-03 2.204224653542041779e-02 4.039262235164642334e-02 3.548161685466766357e-02 5.253161117434501648e-02 3.989968448877334595e-03 2.392199262976646423e-02 1.530550234019756317e-02 3.691401705145835876e-02 4.281651601195335388e-02 5.227337591350078583e-03 4.312823340296745300e-02 7.265141233801841736e-03 1.094790641218423843e-02 3.475586324930191040e-02 3.339117392897605896e-02 7.983705960214138031e-03 4.096531122922897339e-02
4.006270784884691238e-03 4.338696133345365524e-03 1.436096616089344025e-02 1.084314566105604172e-02 4.426047950983047485e-02 1.748216897249221802e-02 2.235901728272438049e-02 5.066736042499542236e-02 3.461705148220062256e-02 2.066390588879585266e-02 2.534514106810092926e-02 5.272560119628906250e-01 9.778985753655433655e-03 1.230289414525032043e-01 2.165807411074638367e-02 3.278408199548721313e-02 5.140547081828117371e-02 1.111466670408844948e-03 2.236951701343059540e-02 4.085638374090194702e-02 3.623678535223007202e-02 9.971924591809511185e-04 5.772273242473602295e-02 7.328864187002182007e-02 5.046098306775093079e-02 7.416617125272750854e-03 3.011450357735157013e-02 7.902449369430541992e-02 1.500889658927917480e-02 8.985552936792373657e-02 5.120093747973442078e-02 2.030407078564167023e-02 5.185376107692718506e-02 1.416488736867904663e-02 2.090673334896564484e-02 1.093266718089580536e-02 2.325418591499328613e-02 1.328110322356224060e-02 3.531372547149658203e-02 3.980891034007072449e-02 7.663325872272253036e-03 6.982739432714879513e-04 3.522443771362304688e-02 8.136448450386524200e-03 2.274379506707191467e-02 1.787718757987022400e-02 2.274394035339355469e-02 2.160848677158355713e-02 6.000716611742973328e-02 3.185164183378219604e-02 2.036118321120738983e-02 2.525777742266654968e-02 1.902617141604423523e-02 2.367557259276509285e-03 1.520432997494935989e-02 1.935545727610588074e-02 3.993448615074157715e-02 7.047329843044281006e-02 4.671512171626091003e-03 2.109901281073689461e-03 1.753983460366725922e-02 4.317737370729446411e-02 4.221472144126892090e-02 2.128047123551368713e-02 4.316219314932823181e-02 3.740276023745536804e-02 4.562621191143989563e-02 4.618072882294654846e-02 4.718571528792381287e-02 1.614746451377868652e-02 6.931309401988983154e-02 2.842810004949569702e-02 3.221726045012474060e-02 2.771785482764244080e-02 3.213913738727569580e-02 3.968780487775802612e-02 1.855567842721939087e-02 4.013809934258460999e-02 2.509033307433128357e-02 5.649603903293609619e-02 3.529267013072967529e-02 1.204975880682468414e-02 3.516522468999028206e-03 1.781134982593357563e-03 9.934024885296821594e-03 1.664590463042259216e-02 1.511754095554351807e-02 2.966563683003187180e-03 7.454045861959457397e-02 1.021493300795555115e-01 8.729092776775360107e-03 4.719093441963195801e-02 1.499937474727630615e-02 1.636518724262714386e-02 2.792592905461788177e-02 4.414797946810722351e-02 2.757302485406398773e-02 1.966675743460655212e-02 3.907610848546028137e-02 3.407341614365577698e-02 3.863935172557830811e-02 4.532377794384956360e-02 4.243173822760581970e-02 2.261790819466114044e-02 3.992137685418128967e-02 3.464855253696441650e-03 5.123217776417732239e-02 1.190070249140262604e-02 3.024582378566265106e-02 4.007141664624214172e-02 2.168452600017189980e-03 1.302575692534446716e-02 1.864834921434521675e-03 1.420679036527872086e-02 1.158883143216371536e-02 4.486569389700889587e-02
7.145828008651733398e-02 8.513078093528747559e-02 2.840970270335674286e-02 2.870507165789604187e-02 4.258106648921966553e-02 6.127068400382995605e-02 5.254814773797988892e-02 2.096044132485985756e-03 4.691226780414581299e-02 2.247931435704231262e-02 8.699674904346466064e-02 9.778985753655433655e-03 5.372830033302307129e-01 2.178432606160640717e-02 1.959112100303173065e-02 1.949746045283973217e-03 2.612740034237504005e-03 1.957094296813011169e-02 4.050001502037048340e-02 2.352839149534702301e-02 3.576874034479260445e-03 5.258829891681671143e-02 1.289993710815906525e-02 6.509077269583940506e-03 2.425314113497734070e-02 4.101641476154327393e-03 1.650920137763023376e-02 1.048876345157623291e-02 5.461185798048973083e-02 3.968639299273490906e-03 3.963927179574966431e-02 3.109577484428882599e-02 3.143800422549247742e-02 2.580166235566139221e-02 3.345034271478652954e-02 2.148876711726188660e-02 1.701357029378414154e-02 4.679995775222778320e-02 1.041849888861179352e-02 9.594935923814773560e-03 3.870894387364387512e-02 1.455691177397966385e-03 4.170011729001998901e-02 2.245671674609184265e-02 2.532956004142761230e-02 1.655752956867218018e-02 5.811026319861412048e-02 3.691295161843299866e-02 1.638036966323852539e-02 2.756139263510704041e-02 2.678051404654979706e-02 1.089763548225164413e-02 1.919703744351863861e-02 1.682928204536437988e-02 1.476328168064355850e-02 3.778423741459846497e-02 1.551720965653657913e-02 4.302893206477165222e-02 1.362280268222093582e-02 3.158530965447425842e-02 4.183175414800643921e-02 6.103124469518661499e-04 1.987049728631973267e-02 2.219025045633316040e-02 6.000167131423950195e-02 8.338645845651626587e-02 2.157977037131786346e-02 3.326286096125841141e-03 3.634550794959068298e-02 3.156310692429542542e-02 3.841709345579147339e-02 5.392720922827720642e-02 1.409738208167254925e-03 3.956550732254981995e-03 9.050470776855945587e-03 4.782856255769729614e-02 2.778597921133041382e-02 3.750574588775634766e-02 4.068947210907936096e-02 2.200080268085002899e-02 2.483776770532131195e-02 1.106904912739992142e-02 5.763899534940719604e-03 2.539325505495071411e-02 3.612817823886871338e-02 2.752755768597126007e-02 1.588319055736064911e-02 3.100023046135902405e-02 4.936114698648452759e-02 5.154508352279663086e-02 4.561455547809600830e-02 2.923456393182277679e-02 3.285584971308708191e-02 2.579071931540966034e-02 4.171777889132499695e-02 3.204697743058204651e-02 3.949107229709625244e-02 1.344881299883127213e-02 3.196712816134095192e-03 2.930358797311782837e-02 3.093284182250499725e-02 2.810296975076198578e-02 4.410208389163017273e-02 2.126231603324413300e-02 1.393815409392118454e-02 2.521786373108625412e-04 4.966613277792930603e-02 2.309186384081840515e-02 9.159351699054241180e-03 4.814243316650390625e-02 1.272384077310562134e-02 2.925931243225932121e-03 4.262793436646461487e-02 3.923790529370307922e-02 3.118151566013693810e-03 3.507652506232261658e-02
