5.105590224266052246e-01 1.088479906320571899e-01 6.564913317561149597e-03 2.817874215543270111e-02 4.985097050666809082e-02 9.382056444883346558e-02 5.759700760245323181e-02 3.651703149080276489e-02 3.700572624802589417e-02 9.543176740407943726e-03 1.379949301481246948e-01 2.956836298108100891e-02 1.032306626439094543e-01 1.585705205798149109e-02 1.130229420959949493e-02 1.616734080016613007e-02 6.434775423258543015e-03 5.146000906825065613e-02 2.023822814226150513e-02 5.416788533329963684e-02 2.470155432820320129e-02 4.472597315907478333e-02 2.214903384447097778e-02 4.767907410860061646e-02 1.731187291443347931e-02 3.051549382507801056e-02 4.336118698120117188e-02 4.599175229668617249e-02 5.563533678650856018e-02 7.241863640956580639e-04 4.479842260479927063e-02 1.754902862012386322e-02 3.047194099053740501e-03 2.117237262427806854e-02 1.919722557067871094e-02 3.159387409687042236e-02 1.458849571645259857e-02 1.505614351481199265e-02 4.050689935684204102e-02 6.845765281468629837e-03 3.157239407300949097e-03 1.495050825178623199e-02 3.011046350002288818e-02 2.843861654400825500e-02 1.533655356615781784e-02 2.959983982145786285e-02 1.213875263929367065e-01 4.180641844868659973e-02 3.608413040637969971e-02 2.171502681449055672e-03 9.272385388612747192e-03 2.786147780716419220e-02 5.416222661733627319e-02 4.290055856108665466e-02 1.251471601426601410e-02 4.222324118018150330e-02 2.290409430861473083e-02 5.199800059199333191e-02 2.654394507408142090e-02 1.499564386904239655e-02 1.728235557675361633e-02 3.286055475473403931e-02 7.774925790727138519e-03 6.367686670273542404e-03 9.656564146280288696e-02 5.239564180374145508e-02 1.527633797377347946e-02 1.054418180137872696e-02 1.899177953600883484e-02 2.337628416717052460e-02 1.847063936293125153e-02 1.929524913430213928e-02 6.182493641972541809e-03 5.100904032588005066e-02 5.187524855136871338e-02 2.118467912077903748e-02 2.528866566717624664e-02 1.274476759135723114e-02 2.582959085702896118e-02 5.172295495867729187e-03 1.568696578033268452e-03 4.491068422794342041e-02 4.179402440786361694e-02 3.144601732492446899e-02 3.665278851985931396e-02 6.063180789351463318e-02 1.662368886172771454e-02 1.074243150651454926e-02 4.542836919426918030e-02 1.472278125584125519e-02 9.825393557548522949e-02 2.476859092712402344e-02 5.804644897580146790e-02 1.561534125357866287e-02 2.649744972586631775e-02 4.186902567744255066e-02 3.111886419355869293e-02 9.569960646331310272e-03 3.432466089725494385e-02 8.300464600324630737e-03 5.147053673863410950e-02 5.349449813365936279e-02 4.415207356214523315e-02 4.840925335884094238e-02 5.036474205553531647e-03 2.877130359411239624e-02 4.107469320297241211e-02 2.157258056104183197e-02 4.941937327384948730e-02 5.552856624126434326e-02 3.859519260004162788e-03 1.171294040977954865e-02 3.247590735554695129e-02 1.658856309950351715e-02 2.944111637771129608e-02 1.269164867699146271e-02
1.088479906320571899e-01 5.014150738716125488e-01 1.449220813810825348e-02 1.936494256369769573e-03 3.811382129788398743e-02 1.180932074785232544e-01 1.246058866381645203e-01 3.743657842278480530e-02 7.441333495080471039e-03 3.590652719140052795e-02 8.438566327095031738e-02 4.120302200317382812e-02 1.611236482858657837e-01 3.579573333263397217e-02 2.509677782654762268e-02 2.547440305352210999e-02 1.846978254616260529e-02 3.794190287590026855e-02 5.157478898763656616e-02 1.625246368348598480e-02 2.705136314034461975e-02 1.602164283394813538e-02 1.321663614362478256e-03 3.093958273530006409e-02 4.620485007762908936e-02 4.167307633906602859e-03 2.287590317428112030e-02 2.574398741126060486e-02 3.520052880048751831e-02 3.228145837783813477e-02 9.732940793037414551e-02 1.780507899820804596e-02 3.734774142503738403e-02 1.470517553389072418e-02 1.702823303639888763e-02 5.696658045053482056e-04 1.962540298700332642e-02 2.628866210579872131e-02 2.122128382325172424e-02 3.877199813723564148e-02 3.031743690371513367e-02 6.303562317043542862e-03 3.689862415194511414e-02 3.432670608162879944e-02 1.840278506278991699e-02 2.833919413387775421e-02 8.742143958806991577e-02 7.881218194961547852e-02 4.649442434310913086e-02 1.191584859043359756e-02 3.687088377773761749e-03 3.075701743364334106e-02 3.649427741765975952e-02 1.551633467897772789e-03 2.071906812489032745e-02 2.395370975136756897e-02 6.577047053724527359e-03 8.305969648063182831e-03 3.631873428821563721e-02 2.023240365087985992e-02 4.519911482930183411e-02 2.569759264588356018e-02 2.509517222642898560e-02 8.942648768424987793e-03 6.404117494821548462e-02 4.017456620931625366e-02 4.290829971432685852e-02 3.516114875674247742e-02 3.023933805525302887e-02 1.884775795042514801e-02 2.581864036619663239e-02 1.173632219433784485e-02 5.015293136239051819e-04 6.763136945664882660e-03 3.420228883624076843e-02 2.493779361248016357e-02 5.389057565480470657e-03 1.115185022354125977e-02 5.890849046409130096e-03 1.903036423027515411e-02 1.312955841422080994e-02 1.534278225153684616e-02 4.952224716544151306e-02 8.235804736614227295e-03 2.651810646057128906e-03 1.180704333819448948e-03 4.723209887742996216e-02 4.581438377499580383e-02 3.880760073661804199e-02 2.788829430937767029e-02 6.947426497936248779e-02 3.480361774563789368e-03 6.686260551214218140e-02 2.316898666322231293e-02 5.026525631546974182e-02 2.978846617043018341e-02 3.603433445096015930e-02 4.502617195248603821e-02 2.717923559248447418e-02 2.765426225960254669e-02 3.519369661808013916e-02 4.525600373744964600e-02 1.494169887155294418e-02 4.028317332267761230e-02 2.517180703580379486e-02 3.377173840999603271e-02 1.338764932006597519e-02 5.938199907541275024e-02 3.348252177238464355e-02 4.437280446290969849e-02 1.548602804541587830e-02 4.489751905202865601e-02 1.813298277556896210e-02 3.375775739550590515e-02 3.376099839806556702e-02 4.505628254264593124e-03
6.564913317561149597e-03 1.449220813810825348e-02 4.791510701179504395e-01 1.545216236263513565e-02 1.016599871218204498e-02 1.561609189957380295e-02 1.956315897405147552e-02 1.454822719097137451e-01 9.143725968897342682e-03 3.303729370236396790e-02 2.734770439565181732e-02 1.135677378624677658e-02 1.732628978788852692e-02 1.016735844314098358e-02 9.875425696372985840e-02 2.317973040044307709e-02 4.426125064492225647e-02 1.669974438846111298e-02 8.858865126967430115e-03 1.591183431446552277e-02 3.044509515166282654e-02 4.575851373374462128e-03 2.176026068627834320e-02 4.434074833989143372e-02 1.229821424931287766e-02 2.936088852584362030e-02 5.456912517547607422e-02 5.663396324962377548e-03 1.113266590982675552e-02 6.299249362200498581e-03 1.349358167499303818e-02 3.612183779478073120e-02 2.833311446011066437e-02 1.652612164616584778e-02 1.077281963080167770e-02 4.254761710762977600e-02 3.596101701259613037e-02 7.389282342046499252e-03 3.983787447214126587e-02 2.730048261582851410e-02 2.588244527578353882e-02 2.553520724177360535e-02 8.624782785773277283e-03 1.241555735468864441e-01 4.295883700251579285e-02 3.314161673188209534e-02 2.992761693894863129e-02 4.768909141421318054e-02 2.744060195982456207e-02 3.461148589849472046e-02 4.656264558434486389e-02 4.486847668886184692e-02 1.211163029074668884e-02 5.689409375190734863e-02 4.742556065320968628e-02 4.506802558898925781e-02 1.897319033741950989e-02 1.485603023320436478e-02 2.352739684283733368e-02 5.602245032787322998e-02 2.207405120134353638e-02 2.701879478991031647e-02 5.260434374213218689e-02 2.680515870451927185e-02 8.937083184719085693e-03 1.417723763734102249e-02 3.165159747004508972e-02 4.240753129124641418e-02 1.576779410243034363e-02 1.653007045388221741e-02 4.537319019436836243e-02 1.993898488581180573e-02 2.325921691954135895e-02 5.448376759886741638e-02 2.004954032599925995e-02 1.826437376439571381e-02 3.597838804125785828e-02 4.117883369326591492e-02 2.944684773683547974e-02 4.840243235230445862e-02 1.420580446720123291e-01 9.421435743570327759e-02 3.621139377355575562e-02 9.918547235429286957e-03 1.296399720013141632e-02 4.125589132308959961e-02 6.896325945854187012e-02 1.094579417258501053e-02 2.504422515630722046e-02 3.918015211820602417e-02 5.445190519094467163e-02 8.147733751684427261e-04 3.441294655203819275e-02 2.871813438832759857e-02 9.344003046862781048e-04 2.250959165394306183e-02 1.453512627631425858e-02 1.684044674038887024e-02 1.595914131030440331e-03 4.340447485446929932e-02 1.840637996792793274e-02 4.812936484813690186e-02 2.286518737673759460e-02 1.551177166402339935e-02 4.484992474317550659e-02 2.534989267587661743e-02 1.215718686580657959e-02 2.801038138568401337e-02 1.441177818924188614e-02 9.808622300624847412e-03 5.777768790721893311e-03 1.647910848259925842e-02 2.678943052887916565e-02 2.350378409028053284e-02 8.215275593101978302e-03 3.149745240807533264e-02
2.817874215543270111e-02 1.936494256369769573e-03 1.545216236263513565e-02 4.555436074733734131e-01 3.088737651705741882e-02 3.602590039372444153e-02 1.577504537999629974e-02 3.104196861386299133e-02 2.706564404070377350e-02 3.485183045268058777e-02 3.787856921553611755e-02 6.082420237362384796e-03 2.090569585561752319e-02 2.622774802148342133e-03 1.680334657430648804e-02 1.022864878177642822e-02 1.477426011115312576e-02 3.340108692646026611e-02 3.892856091260910034e-02 3.626993624493479729e-03 2.827561832964420319e-02 8.221020922064781189e-03 2.373823896050453186e-02 1.725045219063758850e-02 4.483910650014877319e-02 3.194292262196540833e-02 3.732149675488471985e-02 4.385471343994140625e-03 3.008140018209815025e-03 2.591187134385108948e-02 3.726703301072120667e-02 1.973714493215084076e-02 3.730275109410285950e-02 4.677702859044075012e-02 1.910062693059444427e-02 4.575540497899055481e-02 3.100576065480709076e-02 3.457228094339370728e-02 8.950828015804290771e-02 1.182042062282562256e-03 2.316684648394584656e-02 2.728276140987873077e-02 4.071236774325370789e-02 4.474930465221405029e-02 3.968972712755203247e-02 2.942939288914203644e-03 2.222879417240619659e-02 1.623742282390594482e-02 7.941095391288399696e-04 2.778788469731807709e-02 6.322359200567007065e-03 1.349358633160591125e-02 1.189261768013238907e-02 6.965155247598886490e-03 3.003206802532076836e-03 3.386675380170345306e-03 4.718200489878654480e-02 3.689755126833915710e-02 1.989399269223213196e-02 3.049273602664470673e-02 5.767898634076118469e-03 7.943177223205566406e-02 7.544252090156078339e-03 3.295606374740600586e-02 1.680130697786808014e-02 1.594056142494082451e-03 3.069570474326610565e-02 3.932335600256919861e-02 5.144307762384414673e-02 2.151827141642570496e-02 3.926444333046674728e-03 2.267082780599594116e-02 1.040604040026664734e-01 9.624142199754714966e-03 9.520760178565979004e-02 5.081964284181594849e-02 1.228914037346839905e-02 4.753546789288520813e-02 2.291893959045410156e-02 1.808047480881214142e-02 5.173492804169654846e-02 3.435982624068856239e-03 1.515408977866172791e-02 1.958473771810531616e-02 3.708434104919433594e-02 1.886760815978050232e-02 8.338310872204601765e-04 2.079584263265132904e-02 1.067090593278408051e-02 4.737903922796249390e-02 4.140414297580718994e-02 3.285025805234909058e-02 3.514362499117851257e-02 6.160308141261339188e-03 5.536434054374694824e-02 3.683804720640182495e-02 3.653980046510696411e-02 3.008660394698381424e-03 2.092803828418254852e-02 1.032519340515136719e-02 4.839488118886947632e-02 3.890908509492874146e-02 3.275910392403602600e-02 2.257887972518801689e-03 3.385885432362556458e-02 8.238732814788818359e-03 2.788634411990642548e-02 3.744302317500114441e-02 3.759486228227615356e-02 1.245868764817714691e-02 5.148540064692497253e-02 7.671662606298923492e-03 7.295201532542705536e-03 4.694440960884094238e-02 7.581956684589385986e-02 3.755794093012809753e-02
4.985097050666809082e-02 3.811382129788398743e-02 1.016599871218204498e-02 3.088737651705741882e-02 4.775441288948059082e-01 4.005059599876403809e-03 4.851748235523700714e-03 2.937799319624900818e-02 2.968329377472400665e-02 1.450396236032247543e-02 1.748354174196720123e-02 2.731683291494846344e-02 1.457485929131507874e-02 4.817548394203186035e-02 3.604408353567123413e-02 2.245278842747211456e-02 2.974732220172882080e-02 1.549021713435649872e-02 2.342686429619789124e-02 2.348863519728183746e-03 2.862806431949138641e-02 3.490766510367393494e-02 1.375526888296008110e-03 1.280683930963277817e-02 3.976813703775405884e-02 8.866346441209316254e-03 4.181417450308799744e-02 2.799597941339015961e-02 2.879719436168670654e-02 1.445633079856634140e-02 1.176816783845424652e-02 1.029315963387489319e-02 4.016345739364624023e-02 2.964807488024234772e-02 4.361450299620628357e-02 3.574086725711822510e-02 4.816037788987159729e-02 2.656168118119239807e-02 2.916204370558261871e-02 1.552629023790359497e-01 1.597730629146099091e-02 3.893674537539482117e-02 2.425855025649070740e-02 4.276775568723678589e-02 1.604412123560905457e-02 3.846448287367820740e-02 6.070738658308982849e-02 3.895084932446479797e-02 1.317961513996124268e-02 6.138207018375396729e-02 1.444986183196306229e-02 1.369159389287233353e-02 6.223683594726026058e-04 1.211804337799549103e-02 4.759864136576652527e-02 5.512590706348419189e-02 4.981948062777519226e-02 2.588009275496006012e-02 4.177259281277656555e-03 1.034667901694774628e-02 1.455106865614652634e-02 1.431129965931177139e-02 4.003378376364707947e-02 3.072114661335945129e-02 1.936367154121398926e-02 3.332065790891647339e-02 6.091921404004096985e-02 4.389927256852388382e-03 9.198346175253391266e-03 2.133135683834552765e-03 5.232645943760871887e-02 1.563389040529727936e-02 1.024583075195550919e-02 1.749268383719027042e-03 7.804074883460998535e-02 9.620320983231067657e-03 8.439556695520877838e-03 5.141384154558181763e-02 1.145111396908760071e-02 1.537108793854713440e-03 1.215473096817731857e-02 3.268094360828399658e-02 4.663803055882453918e-02 1.101409196853637695e-01 4.483234509825706482e-02 7.984139374457299709e-04 3.491048514842987061e-02 1.650437898933887482e-02 2.655706182122230530e-02 1.326106861233711243e-02 3.191176103428006172e-03 3.743965411558747292e-03 5.100977420806884766e-02 3.154121339321136475e-02 5.710464436560869217e-03 2.900209836661815643e-02 1.607560552656650543e-02 3.849266469478607178e-02 3.928760439157485962e-02 2.284659817814826965e-02 4.485301673412322998e-02 4.407871142029762268e-02 2.994184009730815887e-02 1.116135623306035995e-02 3.028166666626930237e-02 4.250921681523323059e-02 3.074426017701625824e-02 6.508111255243420601e-04 4.172780551016330719e-03 1.809245906770229340e-03 4.089560732245445251e-02 3.741024434566497803e-02 3.129968419671058655e-02 3.936271369457244873e-02 1.368548604659736156e-03 4.405258968472480774e-02
9.382056444883346558e-02 1.180932074785232544e-01 1.561609189957380295e-02 3.602590039372444153e-02 4.005059599876403809e-03 4.829550385475158691e-01 1.612161695957183838e-01 3.501562774181365967e-02 2.050836198031902313e-02 3.418325632810592651e-02 6.168480962514877319e-03 4.840075597167015076e-02 6.190437078475952148e-02 3.054683841764926910e-02 2.067536115646362305e-02 6.483276933431625366e-02 8.683595806360244751e-02 3.594300150871276855e-02 5.168623477220535278e-02 4.393815249204635620e-02 4.505851864814758301e-02 4.980278201401233673e-03 4.867104440927505493e-02 2.122813649475574493e-02 1.253059878945350647e-02 2.823047712445259094e-02 1.508494373410940170e-02 2.557493932545185089e-02 4.717468470335006714e-02 2.305781096220016479e-02 2.298011071979999542e-02 2.071892470121383667e-02 4.664826765656471252e-02 1.168065331876277924e-02 1.238501537591218948e-02 8.774957619607448578e-03 3.862632438540458679e-02 1.441214513033628464e-02 6.246247794479131699e-03 1.967067644000053406e-02 2.218866022303700447e-03 3.969945013523101807e-03 1.853821915574371815e-03 3.973423317074775696e-02 4.751197248697280884e-02 7.714932435192167759e-04 1.239400207996368408e-01 3.369356691837310791e-02 4.867039993405342102e-02 4.189156461507081985e-03 4.080405458807945251e-02 8.214420638978481293e-03 1.251262705773115158e-02 3.573920205235481262e-02 1.463567931205034256e-02 2.424820140004158020e-02 6.407965440303087234e-03 1.189072616398334503e-03 3.444819524884223938e-02 1.267587579786777496e-02 7.555288076400756836e-02 2.098016440868377686e-02 1.489824056625366211e-02 3.506374359130859375e-02 3.080589463934302330e-03 3.102939762175083160e-02 3.483789414167404175e-02 4.329990223050117493e-02 2.197903022170066833e-02 3.183968737721443176e-02 4.932285100221633911e-02 2.581265382468700409e-02 3.142815781757235527e-03 4.905077442526817322e-02 7.525158580392599106e-03 3.628953173756599426e-02 8.331606164574623108e-03 5.782825406640768051e-03 3.051120415329933167e-02 1.521311048418283463e-02 2.104592276737093925e-03 3.953263163566589355e-03 3.335319925099611282e-04 2.968542650341987610e-02 3.367818892002105713e-03 1.456872653216123581e-02 1.056168461218476295e-03 7.933199405670166016e-02 5.400713533163070679e-03 2.951712906360626221e-02 4.857367649674415588e-02 4.061933606863021851e-03 1.118833292275667191e-02 4.148164764046669006e-02 6.410286761820316315e-03 1.000767387449741364e-02 4.596905410289764404e-02 3.878604248166084290e-02 2.770363725721836090e-02 8.114427328109741211e-04 6.207512225955724716e-03 1.501852239016443491e-04 1.279031205922365189e-02 1.325804926455020905e-02 3.654910996556282043e-02 2.081010863184928894e-02 1.290675718337297440e-03 7.594501599669456482e-03 3.765895497053861618e-03 3.485813736915588379e-02 1.911385729908943176e-02 1.564266160130500793e-02 1.037805899977684021e-02 4.306935891509056091e-02 4.726543650031089783e-02 2.857866510748863220e-02
5.759700760245323181e-02 1.246058866381645203e-01 1.956315897405147552e-02 1.577504537999629974e-02 4.851748235523700714e-03 1.612161695957183838e-01 4.950699210166931152e-01 3.979865089058876038e-02 2.980167418718338013e-02 2.836130745708942413e-02 1.878037303686141968e-02 2.680087462067604065e-02 5.247866362333297729e-02 2.013479731976985931e-02 2.450932934880256653e-02 8.549790084362030029e-02 7.458649575710296631e-02 4.201059788465499878e-02 5.101558193564414978e-02 1.373925060033798218e-02 5.615799129009246826e-02 4.126016516238451004e-03 3.256915882229804993e-02 1.992110535502433777e-02 1.906186714768409729e-02 7.731633260846138000e-03 1.873257197439670563e-02 1.872903294861316681e-02 1.624771207571029663e-02 2.125260420143604279e-02 3.663563402369618416e-03 3.691561147570610046e-02 1.616705022752285004e-02 3.005845099687576294e-02 2.474264055490493774e-02 1.118891686201095581e-02 5.629223585128784180e-02 8.896642364561557770e-03 1.738384552299976349e-02 2.472026273608207703e-02 3.487106785178184509e-02 6.779597140848636627e-03 4.064188152551651001e-02 1.605439558625221252e-02 1.652618497610092163e-02 2.461685799062252045e-02 6.521246582269668579e-02 1.361428499221801758e-01 2.970637753605842590e-02 1.899843104183673859e-02 2.847285754978656769e-02 2.336941892281174660e-03 2.388083841651678085e-03 4.128852114081382751e-02 3.270205482840538025e-02 2.770602703094482422e-02 1.048648450523614883e-02 8.514729328453540802e-03 2.549050934612751007e-02 2.125488407909870148e-02 4.748943075537681580e-02 4.672278836369514465e-02 3.700068593025207520e-02 3.558214008808135986e-02 2.461078949272632599e-02 1.365985348820686340e-02 1.374152489006519318e-02 4.653709009289741516e-02 2.180197462439537048e-02 5.146961659193038940e-02 2.053072117269039154e-02 4.870263114571571350e-02 5.250485986471176147e-02 3.767340257763862610e-02 1.787325250916182995e-03 3.892586380243301392e-02 4.855538904666900635e-02 1.436265092343091965e-02 8.278110995888710022e-03 2.664773911237716675e-02 3.616420552134513855e-02 5.010852217674255371e-02 1.040672324597835541e-02 7.289933972060680389e-03 2.711728587746620178e-02 3.645349666476249695e-02 2.171399258077144623e-02 2.553719654679298401e-02 2.582321502268314362e-02 1.874363422393798828e-02 2.588219568133354187e-02 6.542611867189407349e-02 1.089348420500755310e-01 1.118686422705650330e-02 8.838266134262084961e-03 3.886328544467687607e-03 2.798715792596340179e-02 2.226049453020095825e-02 3.773970156908035278e-02 5.994806997478008270e-04 1.628044433891773224e-02 1.663408242166042328e-02 4.066441953182220459e-02 2.553258277475833893e-02 3.059898130595684052e-02 8.967290632426738739e-03 1.967787556350231171e-02 2.076267078518867493e-02 8.100654929876327515e-03 4.808736965060234070e-02 3.301488608121871948e-02 2.944886498153209686e-02 1.829630509018898010e-02 2.872024895623326302e-03 1.174457371234893799e-03 1.415464561432600021e-02
3.651703149080276489e-02 3.743657842278480530e-02 1.454822719097137451e-01 3.104196861386299133e-02 2.937799319624900818e-02 3.501562774181365967e-02 3.979865089058876038e-02 4.796336889266967773e-01 3.421835135668516159e-03 4.295795038342475891e-02 5.359742208383977413e-04 4.385793954133987427e-02 4.262693971395492554e-02 3.276346623897552490e-02 9.985303878784179688e-02 6.001568865031003952e-03 2.366901189088821411e-02 4.537958186119794846e-03 3.201058134436607361e-02 4.312062263488769531e-02 2.718094363808631897e-02 3.478887304663658142e-02 1.074829138815402985e-02 1.866315864026546478e-02 3.120326064527034760e-02 4.201377183198928833e-02 3.106174431741237640e-02 1.593594998121261597e-02 2.899950835853815079e-03 2.296067215502262115e-02 6.286072544753551483e-03 2.107402496039867401e-02 4.632650688290596008e-02 5.431998288258910179e-04 4.298660438507795334e-03 2.985064126551151276e-02 9.049339219927787781e-03 5.393116176128387451e-02 5.224710330367088318e-02 2.618369087576866150e-02 1.572250947356224060e-02 8.576351217925548553e-03 4.741849005222320557e-02 1.118342876434326172e-01 8.793155662715435028e-03 3.050400642678141594e-03 4.050207883119583130e-02 3.584448248147964478e-03 1.937915943562984467e-02 7.472021039575338364e-03 8.942292071878910065e-03 4.259091336280107498e-03 3.251529484987258911e-02 1.592775620520114899e-02 1.387641765177249908e-02 2.454860880970954895e-02 2.074118144810199738e-02 8.041284047067165375e-03 3.806146606802940369e-02 1.261282246559858322e-03 1.780494675040245056e-02 8.623070083558559418e-03 4.291060566902160645e-02 7.809673901647329330e-03 3.831584379076957703e-02 4.501708596944808960e-02 3.500500693917274475e-02 4.792622849345207214e-02 3.160670399665832520e-02 1.120607554912567139e-02 2.154291234910488129e-02 2.934861555695533752e-02 7.924769073724746704e-03 1.573391258716583252e-02 3.567023575305938721e-02 1.001185644418001175e-02 1.940783672034740448e-02 2.753724344074726105e-02 1.179420202970504761e-02 9.195304475724697113e-03 1.206793338060379028e-01 1.075051426887512207e-01 3.629450872540473938e-02 2.354304865002632141e-02 2.788446471095085144e-02 3.428146243095397949e-02 7.877412438392639160e-02 2.955677919089794159e-02 3.196801245212554932e-02 4.151459410786628723e-02 4.034542664885520935e-02 5.316263064742088318e-03 2.736706053838133812e-03 2.107669832184910774e-03 2.252498082816600800e-02 1.084968564100563526e-03 4.112179856747388840e-03 1.420323736965656281e-02 5.922089796513319016e-03 4.308714345097541809e-02 1.502066664397716522e-02 1.623815856873989105e-02 1.875619590282440186e-02 3.511868044734001160e-02 6.862027198076248169e-02 2.458653412759304047e-02 2.292902395129203796e-02 3.409130871295928955e-02 1.256499253213405609e-02 2.299665100872516632e-02 2.981199650093913078e-03 5.789443850517272949e-02 2.272031828761100769e-02 1.511773373931646347e-02 5.134023725986480713e-02 9.765698574483394623e-03
3.700572624802589417e-02 7.441333495080471039e-03 9.143725968897342682e-03 2.706564404070377350e-02 2.968329377472400665e-02 2.050836198031902313e-02 2.980167418718338013e-02 3.421835135668516159e-03 5.019931793212890625e-01 1.887544058263301849e-02 2.225217223167419434e-02 1.991153135895729065e-02 3.186337649822235107e-02 4.184488207101821899e-02 2.258729655295610428e-03 5.586993321776390076e-02 1.660589873790740967e-02 7.309567928314208984e-02 1.885203644633293152e-02 5.002043396234512329e-02 4.663893952965736389e-02 5.390997976064682007e-02 3.780914004892110825e-03 1.351276598870754242e-02 1.546359714120626450e-02 2.976068994030356407e-03 6.028784904628992081e-03 4.400299116969108582e-02 2.437398396432399750e-02 3.351111337542533875e-02 6.588893011212348938e-04 5.756470933556556702e-02 2.052471600472927094e-02 2.286939509212970734e-02 8.491895161569118500e-03 3.076853230595588684e-02 3.768224036321043968e-03 3.538418188691139221e-02 3.908225893974304199e-02 3.146047145128250122e-02 9.182959794998168945e-03 4.901741817593574524e-02 4.795848205685615540e-02 6.095391698181629181e-03 1.633856631815433502e-02 1.775764487683773041e-02 1.551102660596370697e-02 2.089108899235725403e-02 1.728217862546443939e-02 5.573419854044914246e-02 3.755925968289375305e-02 4.755088686943054199e-02 1.432022359222173691e-02 4.836361855268478394e-02 7.410637289285659790e-02 4.445101693272590637e-02 5.016442015767097473e-02 5.608118325471878052e-02 4.813294485211372375e-02 2.306450717151165009e-02 3.408842161297798157e-02 5.605455115437507629e-02 3.152581676840782166e-02 2.985703572630882263e-02 3.183526918292045593e-02 2.468276023864746094e-02 4.082166403532028198e-02 1.160041987895965576e-02 2.656529843807220459e-02 3.810958564281463623e-02 6.024881079792976379e-02 4.064076766371726990e-02 1.414254587143659592e-02 3.666202351450920105e-02 5.219533294439315796e-02 3.120750747621059418e-02 9.962536394596099854e-02 1.957138068974018097e-02 7.063693553209304810e-02 6.550851278007030487e-03 5.555559881031513214e-03 1.997354626655578613e-02 5.269344523549079895e-02 3.540122509002685547e-02 3.247092291712760925e-02 2.358750998973846436e-02 1.142392773181200027e-02 1.895157154649496078e-03 2.881882525980472565e-02 4.235840868204832077e-03 4.322526603937149048e-02 3.300132602453231812e-02 4.388789832592010498e-02 1.139062922447919846e-02 2.982777170836925507e-02 1.282301824539899826e-02 2.446871809661388397e-02 5.546814575791358948e-02 5.846496298909187317e-02 1.776009425520896912e-02 1.802074722945690155e-02 4.877248313277959824e-03 1.905421912670135498e-02 2.321637980639934540e-02 2.768749836832284927e-03 3.259897604584693909e-02 1.908039674162864685e-02 2.740153484046459198e-02 7.094893138855695724e-03 1.115366443991661072e-02 4.945293813943862915e-02 4.516686778515577316e-03 3.451626002788543701e-02 2.460714802145957947e-02 2.995469421148300171e-02 3.589692711830139160e-02
9.543176740407943726e-03 3.590652719140052795e-02 3.303729370236396790e-02 3.485183045268058777e-02 1.450396236032247543e-02 3.418325632810592651e-02 2.836130745708942413e-02 4.295795038342475891e-02 1.887544058263301849e-02 4.839186966419219971e-01 4.339389503002166748e-02 2.239426132291555405e-03 4.384915530681610107e-02 2.369711920619010925e-02 4.339160025119781494e-02 4.911345243453979492e-02 2.504866383969783783e-02 2.939939964562654495e-03 1.200763359665870667e-01 1.740101911127567291e-02 8.006746880710124969e-03 9.764170274138450623e-03 1.440316904336214066e-02 2.710994146764278412e-02 6.151454057544469833e-03 4.343122988939285278e-02 5.540378391742706299e-02 2.030002884566783905e-02 7.338232826441526413e-03 5.763300135731697083e-02 2.035435521975159645e-03 2.675107307732105255e-02 6.042236462235450745e-02 4.621959477663040161e-02 2.026382088661193848e-02 5.152469500899314880e-02 3.492953721433877945e-03 2.931710705161094666e-02 2.765103057026863098e-02 4.677187185734510422e-03 4.834519699215888977e-02 1.797266677021980286e-02 3.663565963506698608e-02 3.498224541544914246e-02 2.819455415010452271e-02 3.008567541837692261e-02 3.127690404653549194e-02 2.053207531571388245e-02 9.043849073350429535e-03 1.591079309582710266e-02 1.733883470296859741e-02 2.158466726541519165e-03 1.412741933017969131e-02 1.221572421491146088e-02 1.083316467702388763e-02 3.737338632345199585e-02 2.291540848091244698e-03 1.145681738853454590e-02 1.202133111655712128e-02 1.203241664916276932e-02 3.173447772860527039e-02 1.519845891743898392e-02 1.108219288289546967e-02 3.223816305398941040e-02 3.461327403783798218e-02 1.521624159067869186e-02 3.957603126764297485e-02 1.742360182106494904e-02 2.380779758095741272e-02 3.070210479199886322e-02 1.694192923605442047e-02 7.908858358860015869e-03 3.262599557638168335e-02 5.411208048462867737e-02 3.189025819301605225e-02 2.548215351998806000e-02 5.484571307897567749e-02 1.240368038415908813e-01 6.126713007688522339e-02 1.045073941349983215e-01 3.849187865853309631e-02 5.037779733538627625e-02 1.999385096132755280e-02 9.496520459651947021e-02 1.976267807185649872e-02 1.061827968806028366e-02 1.950958371162414551e-02 5.046899244189262390e-02 4.922400414943695068e-02 5.810694769024848938e-02 2.751373499631881714e-02 5.644530989229679108e-03 3.248211741447448730e-02 2.284747175872325897e-02 3.800569102168083191e-03 2.836400084197521210e-02 4.679033160209655762e-02 1.688793487846851349e-02 1.420048996806144714e-03 2.850905805826187134e-02 6.139521952718496323e-03 7.583081722259521484e-03 4.475581273436546326e-02 3.070393763482570648e-02 4.504977539181709290e-02 2.985069714486598969e-02 5.430302023887634277e-02 1.962522976100444794e-02 1.090209838002920151e-02 8.394620567560195923e-02 1.637966744601726532e-02 4.388469085097312927e-02 2.983905002474784851e-02 2.967849560081958771e-02 3.063943423330783844e-02 2.273061126470565796e-02
1.379949301481246948e-01 8.438566327095031738e-02 2.734770439565181732e-02 3.787856921553611755e-02 1.748354174196720123e-02 6.168480962514877319e-03 1.878037303686141968e-02 5.359742208383977413e-04 2.225217223167419434e-02 4.339389503002166748e-02 5.040249824523925781e-01 1.561955828219652176e-02 1.156928017735481262e-01 5.998270586133003235e-03 1.119002117775380611e-03 1.927731372416019440e-02 1.926491968333721161e-02 4.521398246288299561e-02 4.526555072516202927e-03 1.219319831579923630e-02 4.536047205328941345e-02 2.601874060928821564e-02 3.014578949660062790e-03 3.016515262424945831e-02 4.186520352959632874e-03 1.037783082574605942e-02 1.677925139665603638e-02 2.943771891295909882e-02 1.287147253751754761e-01 4.734762478619813919e-03 5.108990520238876343e-02 3.278773976489901543e-03 2.274295315146446228e-03 7.866200990974903107e-03 1.253365445882081985e-02 1.881973631680011749e-02 2.014959976077079773e-02 2.931178174912929535e-02 2.461273968219757080e-02 2.174183540046215057e-02 3.038376383483409882e-02 2.902381680905818939e-02 3.927649930119514465e-02 3.710284084081649780e-02 6.480627693235874176e-03 2.829372650012373924e-03 8.989012241363525391e-02 7.942291349172592163e-02 2.398342266678810120e-02 4.930452443659305573e-03 3.666876628994941711e-02 1.984361000359058380e-02 2.165135368704795837e-02 4.472911357879638672e-02 3.640654729679226875e-03 5.312168505042791367e-03 2.389226667582988739e-02 2.663267776370048523e-02 3.483866155147552490e-02 2.585032023489475250e-02 8.104420267045497894e-03 4.605412017554044724e-03 1.310249511152505875e-02 3.776238858699798584e-02 1.394235640764236450e-01 6.396891921758651733e-02 8.795821107923984528e-03 1.419766619801521301e-02 3.586974740028381348e-02 2.060677483677864075e-02 2.759424736723303795e-03 1.794150285422801971e-02 3.355135396122932434e-02 1.953297667205333710e-02 2.989801764488220215e-02 2.519579604268074036e-03 3.353040292859077454e-02 3.870244137942790985e-03 3.310799598693847656e-02 3.961771354079246521e-02 4.985899105668067932e-02 4.025590047240257263e-02 4.787999391555786133e-02 4.238511249423027039e-02 1.446199882775545120e-02 2.861231938004493713e-02 8.913976140320301056e-03 1.815767143853008747e-03 3.488603606820106506e-02 4.674855619668960571e-02 1.204041093587875366e-01 7.956910133361816406e-02 9.752148389816284180e-02 2.100859768688678741e-02 7.273062132298946381e-03 4.771165084093809128e-03 4.427899420261383057e-02 1.441630627959966660e-02 3.415911272168159485e-02 2.895496785640716553e-02 9.812875650823116302e-03 1.795640587806701660e-02 2.500892058014869690e-02 1.052907388657331467e-02 3.085865080356597900e-02 4.482686519622802734e-02 4.016983509063720703e-02 2.610761672258377075e-02 3.717876598238945007e-02 1.723908632993698120e-02 1.197847258299589157e-02 2.447098679840564728e-02 3.873544186353683472e-02 3.697536140680313110e-02 2.723985724151134491e-02 2.222981862723827362e-02
2.956836298108100891e-02 4.120302200317382812e-02 1.135677378624677658e-02 6.082420237362384796e-03 2.731683291494846344e-02 4.840075597167015076e-02 2.680087462067604065e-02 4.385793954133987427e-02 1.991153135895729065e-02 2.239426132291555405e-03 1.561955828219652176e-02 4.810062646865844727e-01 2.372674271464347839e-02 1.809029430150985718e-01 4.339159466326236725e-03 4.396617412567138672e-03 2.341317199170589447e-02 3.307144343852996826e-02 1.961556635797023773e-02 1.144283916801214218e-02 2.013495936989784241e-02 3.516654670238494873e-02 7.424681447446346283e-03 8.856866508722305298e-03 9.870273061096668243e-03 5.054858326911926270e-02 8.658409118652343750e-03 8.375030010938644409e-02 3.277875483036041260e-02 1.017502993345260620e-01 3.899752721190452576e-02 3.201106330379843712e-03 9.835939854383468628e-03 1.640079729259014130e-02 1.618136465549468994e-02 2.541408315300941467e-02 2.367921546101570129e-02 4.965400323271751404e-02 3.991634119302034378e-03 3.766904398798942566e-02 1.365993265062570572e-02 4.517316073179244995e-02 5.450432747602462769e-02 1.714247278869152069e-02 1.926892250776290894e-02 4.530313611030578613e-02 4.933868721127510071e-02 3.421366214752197266e-02 5.337221547961235046e-02 4.092534258961677551e-02 2.610366418957710266e-02 1.812581904232501984e-02 3.417536988854408264e-02 2.418626658618450165e-02 2.266797423362731934e-02 3.017204441130161285e-02 1.345352362841367722e-02 2.855086140334606171e-02 1.539479126222431660e-03 3.113538213074207306e-02 3.013273142278194427e-02 3.919888287782669067e-02 3.210889920592308044e-02 4.591988399624824524e-02 4.493333771824836731e-02 2.816400304436683655e-02 6.241794675588607788e-03 5.596524570137262344e-03 2.119764313101768494e-02 4.161459580063819885e-02 3.904167935252189636e-02 7.370347157120704651e-03 1.384428702294826508e-02 1.154626905918121338e-02 1.031113322824239731e-02 1.011674571782350540e-02 4.326349869370460510e-02 5.849101394414901733e-02 5.358355119824409485e-02 4.355979338288307190e-02 5.151173099875450134e-02 2.117220312356948853e-02 4.854738712310791016e-02 4.337395541369915009e-03 2.205334976315498352e-02 1.697126589715480804e-02 2.778001502156257629e-02 3.543314756825566292e-03 2.764062955975532532e-02 6.651484221220016479e-02 3.681428357958793640e-02 6.861519068479537964e-02 2.062790282070636749e-02 4.535582661628723145e-02 3.400448337197303772e-02 3.301901370286941528e-02 3.380529955029487610e-02 2.153052948415279388e-02 5.042266473174095154e-02 3.483686223626136780e-02 9.185411967337131500e-03 1.278131641447544098e-02 1.058247964829206467e-02 4.643445834517478943e-02 2.768053906038403511e-03 5.659778416156768799e-02 4.006780311465263367e-02 1.049893815070390701e-02 3.073086775839328766e-02 7.503359578549861908e-03 3.703962778672575951e-03 1.155360881239175797e-02 6.538794375956058502e-03 5.861234292387962341e-02 4.342950507998466492e-02 1.518445461988449097e-02
1.032306626439094543e-01 1.611236482858657837e-01 1.732628978788852692e-02 2.090569585561752319e-02 1.457485929131507874e-02 6.190437078475952148e-02 5.247866362333297729e-02 4.262693971395492554e-02 3.186337649822235107e-02 4.384915530681610107e-02 1.156928017735481262e-01 2.372674271464347839e-02 5.088101029396057129e-01 8.481856435537338257e-03 8.385898545384407043e-03 1.180318184196949005e-02 1.785328239202499390e-02 4.347369074821472168e-02 2.084407024085521698e-02 1.151250116527080536e-02 1.643428020179271698e-02 5.796819552779197693e-02 1.307705417275428772e-02 3.027617372572422028e-02 3.511873260140419006e-02 1.708328351378440857e-02 2.595626562833786011e-02 1.692416332662105560e-02 7.693774253129959106e-02 4.751767590641975403e-02 1.088609397411346436e-01 1.376293879002332687e-02 4.633663222193717957e-02 5.610648076981306076e-03 4.375996813178062439e-02 1.329513266682624817e-03 7.546911481767892838e-03 1.306492462754249573e-02 2.077953144907951355e-02 2.371331490576267242e-02 7.453531492501497269e-03 2.005431242287158966e-02 4.285670071840286255e-02 4.311458673328161240e-03 3.260592371225357056e-02 6.617596838623285294e-03 1.082692816853523254e-01 4.582201689481735229e-02 4.815189167857170105e-02 4.130300506949424744e-02 2.554930932819843292e-02 1.913778716698288918e-03 8.929964154958724976e-03 3.885203227400779724e-02 1.183228567242622375e-02 1.321560982614755630e-02 3.638039901852607727e-02 1.182871777564287186e-02 1.929203979671001434e-02 2.557581290602684021e-03 2.526590228080749512e-02 3.504303842782974243e-02 2.851763926446437836e-02 2.031966485083103180e-02 9.240420162677764893e-02 9.527331590652465820e-02 2.432743553072214127e-03 1.339520234614610672e-02 3.005398437380790710e-02 8.589664474129676819e-03 4.470131918787956238e-02 2.886312548071146011e-03 1.252202037721872330e-02 1.694144681096076965e-02 4.154828190803527832e-02 4.882701672613620758e-03 3.110910952091217041e-02 5.125415325164794922e-02 1.590755954384803772e-02 4.378465935587882996e-02 1.666598580777645111e-02 3.781851753592491150e-02 3.326810523867607117e-02 3.120550513267517090e-02 1.544894929975271225e-02 6.510270759463310242e-03 4.158180207014083862e-02 7.102675735950469971e-02 2.031910605728626251e-02 3.398372977972030640e-02 1.064331978559494019e-01 2.977376058697700500e-02 4.712245240807533264e-02 4.110950976610183716e-02 1.836290024220943451e-02 3.656279295682907104e-02 1.528160087764263153e-02 2.359564788639545441e-02 4.857480153441429138e-02 4.696011543273925781e-03 4.595981538295745850e-02 1.966688595712184906e-02 3.774728998541831970e-02 5.872056353837251663e-03 4.232537746429443359e-02 1.975372433662414551e-02 4.546054825186729431e-02 3.318547829985618591e-02 4.450516775250434875e-02 5.151300225406885147e-03 4.521811008453369141e-02 2.603383176028728485e-02 4.266056790947914124e-02 2.403561398386955261e-02 4.584502801299095154e-02 2.215334912762045860e-03
