5.143943428993225098e-01 1.205154508352279663e-01 7.932890206575393677e-03 4.893774539232254028e-02 1.806717179715633392e-02 7.131972908973693848e-02 6.464537978172302246e-02 7.149482145905494690e-03 3.076016716659069061e-02 2.463484369218349457e-02 7.117725163698196411e-02 2.819453552365303040e-02 6.052889302372932434e-02 4.274778440594673157e-02 2.324854768812656403e-02 2.468265034258365631e-02 2.127866819500923157e-02 5.167378485202789307e-02 3.560129925608634949e-02 1.616572588682174683e-02 1.133162714540958405e-02 9.486883878707885742e-03 2.376832067966461182e-02 3.573626652359962463e-02 5.321672651916742325e-03 2.440892718732357025e-02 4.988852888345718384e-03 1.967706158757209778e-02 3.049374185502529144e-02 2.649912610650062561e-02 1.924603059887886047e-02 2.064062282443046570e-02 2.506897971034049988e-02 2.042086794972419739e-02 4.611406102776527405e-02 6.263644318096339703e-04 6.245078053325414658e-03 2.337441220879554749e-02 4.269744455814361572e-02 4.387334734201431274e-02 1.003180630505084991e-02 4.104401543736457825e-02 4.905858635902404785e-02 3.482630476355552673e-03 5.530476570129394531e-03 1.671302132308483124e-02 7.999912649393081665e-02 4.736315459012985229e-02 3.029227815568447113e-02 2.719116769731044769e-02 1.710367389023303986e-02 1.695774681866168976e-02 2.948481775820255280e-02 9.573712013661861420e-03 2.061911113560199738e-02 1.645338535308837891e-02 3.279766440391540527e-02 2.864310331642627716e-02 3.451871871948242188e-02 1.577505655586719513e-02 1.309893280267715454e-02 1.066461764276027679e-02 6.326102185994386673e-03 9.896040894091129303e-03 3.784438222646713257e-02 5.251688882708549500e-02 4.632015712559223175e-03 1.563479192554950714e-02 1.621485128998756409e-02 2.779166607069782913e-05 1.383135328069329262e-03 1.756014861166477203e-02 2.202390693128108978e-02 1.700535789132118225e-02 4.143107682466506958e-02 1.646219007670879364e-02 2.591008692979812622e-02 4.783167038112878799e-03 4.418668150901794434e-02 2.776273153722286224e-02 1.513324398547410965e-02 1.777929067611694336e-02 3.530413284897804260e-02 5.152918864041566849e-03 1.206053141504526138e-02 3.034477680921554565e-02 1.606645807623863220e-02 4.056869074702262878e-02 1.396028511226177216e-02 2.857961319386959076e-02 5.677496269345283508e-02 2.640352398157119751e-02 3.774613142013549805e-02 1.896422356367111206e-02 4.019540920853614807e-02 7.016290444880723953e-03 2.782984077930450439e-02 8.767732419073581696e-03 2.816839329898357391e-02 2.051854506134986877e-02 9.634831920266151428e-03 4.673507064580917358e-03 2.033334039151668549e-02 3.521977365016937256e-02 2.465727739036083221e-02 2.321081422269344330e-02 1.618171483278274536e-02 5.038416385650634766e-02 4.533440992236137390e-02 4.207169637084007263e-03 1.948789320886135101e-02 2.693213522434234619e-02 1.907555572688579559e-02 5.110495258122682571e-03 7.401640177704393864e-04 2.796518243849277496e-02
1.205154508352279663e-01 4.932242035865783691e-01 8.794323541224002838e-03 3.397272527217864990e-02 4.053073376417160034e-02 7.022995501756668091e-02 8.748678863048553467e-02 1.179135870188474655e-02 6.595191080123186111e-04 1.544139441102743149e-02 5.265922099351882935e-02 8.539977483451366425e-03 7.936950773000717163e-02 6.308254785835742950e-03 2.195663005113601685e-02 2.780352346599102020e-02 3.492106124758720398e-02 2.880660817027091980e-03 2.799101173877716064e-03 4.514320567250251770e-02 1.717971824109554291e-02 1.400181930512189865e-02 3.847752138972282410e-02 3.867589682340621948e-02 3.798076882958412170e-02 3.682171925902366638e-02 1.937612518668174744e-02 3.713021054863929749e-03 5.171033553779125214e-03 1.556048542261123657e-02 1.835177466273307800e-02 3.560112789273262024e-02 6.933534750714898109e-04 3.828204423189163208e-02 3.261921182274818420e-02 6.963504478335380554e-03 1.935675367712974548e-02 3.493194282054901123e-02 3.907687962055206299e-02 1.033179834485054016e-02 1.090048160403966904e-02 3.039639443159103394e-03 4.546651244163513184e-02 3.234599903225898743e-02 2.388068474829196930e-02 1.512934174388647079e-02 7.449086755514144897e-02 5.328612029552459717e-02 6.738979136571288109e-04 8.215461857616901398e-03 1.066538598388433456e-02 1.892938651144504547e-02 3.002979792654514313e-02 4.680475220084190369e-03 6.295057479292154312e-03 4.481861740350723267e-02 1.089125126600265503e-02 1.092535536736249924e-02 3.662149980664253235e-02 2.294529415667057037e-02 1.510049402713775635e-02 1.721161603927612305e-02 1.529360376298427582e-02 2.658614516258239746e-02 2.309555932879447937e-02 5.187557637691497803e-02 2.632714435458183289e-02 4.615717567503452301e-03 1.765501126646995544e-02 3.369598835706710815e-02 4.091238588443957269e-05 5.631820112466812134e-02 2.560779266059398651e-02 4.620361328125000000e-02 4.654712602496147156e-02 4.338097572326660156e-02 1.045468612574040890e-03 3.228391706943511963e-02 1.071613933891057968e-02 5.362096242606639862e-03 1.501426845788955688e-02 3.347128629684448242e-02 3.158697485923767090e-02 2.667796425521373749e-02 5.141350626945495605e-02 4.330504685640335083e-02 7.251779083162546158e-03 3.535184264183044434e-02 7.694805972278118134e-03 1.803131401538848877e-02 2.507176809012889862e-02 1.826629391871392727e-03 2.923637814819812775e-02 7.629118859767913818e-03 3.599969297647476196e-02 1.237759925425052643e-02 5.924849538132548332e-04 2.837785752490162849e-03 2.136426419019699097e-02 2.265288867056369781e-02 2.658330276608467102e-02 3.907979279756546021e-02 2.453766763210296631e-02 2.013264782726764679e-02 1.188983581960201263e-02 2.042973227798938751e-02 2.906328439712524414e-02 1.984286680817604065e-02 1.723412610590457916e-02 7.209955714643001556e-03 1.930659823119640350e-02 2.826526202261447906e-02 1.016012975014746189e-03 2.977693686261773109e-03 3.208856657147407532e-02 3.568214923143386841e-02
7.932890206575393677e-03 8.794323541224002838e-03 4.778952300548553467e-01 2.144662849605083466e-02 2.091176807880401611e-02 9.740106761455535889e-03 4.865914955735206604e-02 1.637367010116577148e-01 1.126656867563724518e-02 2.017625421285629272e-02 1.286232750862836838e-02 3.943648934364318848e-02 1.163581293076276779e-02 1.936411857604980469e-02 5.447769071906805038e-03 1.505902502685785294e-02 6.599827669560909271e-03 2.753600291907787323e-02 3.277653828263282776e-03 2.100206213071942329e-03 4.356624092906713486e-03 4.315695539116859436e-02 2.682435512542724609e-02 2.879393473267555237e-02 2.118449285626411438e-02 1.017920207232236862e-02 3.071566671133041382e-02 6.738992407917976379e-03 2.480249665677547455e-02 2.318333834409713745e-03 2.878159657120704651e-02 4.144484549760818481e-02 2.981926687061786652e-02 5.118839442729949951e-03 3.150758892297744751e-02 8.162401616573333740e-03 2.180317789316177368e-02 1.798116043210029602e-02 2.995021082460880280e-02 9.700407274067401886e-03 3.775348886847496033e-02 1.000598259270191193e-02 3.956922516226768494e-02 4.109891876578330994e-02 6.232731044292449951e-03 1.960205286741256714e-02 9.061872027814388275e-03 4.783006384968757629e-02 1.566194184124469757e-02 1.049688830971717834e-02 4.047994315624237061e-02 9.137552231550216675e-03 1.627145893871784210e-02 7.969059050083160400e-02 6.528738304041326046e-04 1.531865913420915604e-02 4.595049656927585602e-03 4.408238083124160767e-02 6.796582043170928955e-02 7.538766413927078247e-02 2.045738510787487030e-02 4.301791638135910034e-02 3.642064332962036133e-02 1.242864038795232773e-02 3.544687107205390930e-02 5.902123171836137772e-03 1.521435473114252090e-02 5.660869646817445755e-03 3.715407103300094604e-02 3.814380243420600891e-02 2.961508184671401978e-02 2.471880801022052765e-02 4.235346242785453796e-02 1.270469650626182556e-02 1.913309097290039062e-02 5.973249208182096481e-03 8.086494170129299164e-03 2.568360604345798492e-02 3.120943717658519745e-02 2.234155684709548950e-02 1.982252597808837891e-01 1.429409682750701904e-01 3.269453300163149834e-03 3.353021340444684029e-03 2.980296500027179718e-03 4.331498406827449799e-03 5.984561517834663391e-02 4.430299252271652222e-02 7.237391080707311630e-03 1.156421937048435211e-02 4.678496159613132477e-03 2.246001362800598145e-02 2.891338989138603210e-02 3.253874182701110840e-02 2.796931564807891846e-02 9.012754075229167938e-03 5.634578689932823181e-02 1.924024894833564758e-03 1.704218797385692596e-02 1.671723462641239166e-02 3.755711019039154053e-02 3.954131901264190674e-02 3.490444272756576538e-02 3.221827745437622070e-02 6.892132107168436050e-03 7.894281297922134399e-03 1.639537885785102844e-02 1.638939045369625092e-02 1.461760606616735458e-02 2.268219739198684692e-02 1.687443815171718597e-02 1.456898753531277180e-04 2.968360111117362976e-02 3.029008395969867706e-02 2.003316534683108330e-03 2.776896953582763672e-02
4.893774539232254028e-02 3.397272527217864990e-02 2.144662849605083466e-02 5.056188702583312988e-01 5.640383064746856689e-02 5.241955514065921307e-04 7.948814891278743744e-03 2.838683687150478363e-02 6.270235031843185425e-02 3.393978625535964966e-02 4.528354853391647339e-02 4.414696991443634033e-02 4.530024528503417969e-02 5.896529182791709900e-02 5.616467678919434547e-04 4.883669689297676086e-02 2.581258863210678101e-02 3.269779309630393982e-02 4.897124692797660828e-02 2.214062586426734924e-02 1.708675175905227661e-02 7.066501770168542862e-03 4.116877913475036621e-02 7.108751684427261353e-03 4.288031160831451416e-02 3.356073796749114990e-02 3.437013830989599228e-03 1.110281608998775482e-02 6.668305955827236176e-03 2.169954357668757439e-03 3.795223310589790344e-02 4.809154942631721497e-02 1.861959882080554962e-02 5.619588494300842285e-02 1.782077923417091370e-02 2.785683795809745789e-02 2.965454384684562683e-02 6.010694429278373718e-03 9.843730926513671875e-02 3.774860128760337830e-02 6.623777560889720917e-03 5.541021935641765594e-03 4.893486946821212769e-02 3.560297936201095581e-02 1.724747568368911743e-02 3.885532543063163757e-02 4.677265882492065430e-02 2.140905894339084625e-02 3.444457799196243286e-02 1.633935980498790741e-02 2.471069805324077606e-03 2.627328597009181976e-02 5.666610971093177795e-02 3.305952996015548706e-02 3.521524602547287941e-03 4.871860891580581665e-02 7.154636550694704056e-03 2.759844437241554260e-02 4.150205850601196289e-02 3.682180866599082947e-02 3.402792662382125854e-02 1.492142677307128906e-03 2.842213585972785950e-02 1.606268621981143951e-02 1.038092654198408127e-02 5.343260243535041809e-02 2.575883455574512482e-02 2.427450753748416901e-02 4.837913066148757935e-02 2.777534304186701775e-03 1.312860567122697830e-02 2.298013307154178619e-02 7.662142813205718994e-02 9.588520042598247528e-03 4.620507359504699707e-02 1.720778644084930420e-02 3.020708821713924408e-02 2.465768717229366302e-02 1.463647373020648956e-02 1.593844592571258545e-02 2.863076329231262207e-02 2.608090639114379883e-02 3.876154497265815735e-02 4.751423746347427368e-02 3.953779488801956177e-02 9.929813444614410400e-03 2.380943112075328827e-02 1.952509768307209015e-02 1.776186190545558929e-02 9.614189155399799347e-03 4.969523474574089050e-02 1.361850462853908539e-02 1.514060329645872116e-02 6.407302804291248322e-03 4.824309796094894409e-02 1.962121343240141869e-03 2.913366816937923431e-02 1.898688264191150665e-02 5.226254463195800781e-02 3.436764329671859741e-02 3.339603543281555176e-02 4.752216860651969910e-02 4.447362571954727173e-02 8.006351068615913391e-03 2.912132069468498230e-02 7.159495260566473007e-03 5.173175036907196045e-02 1.944634132087230682e-02 4.195385053753852844e-02 3.548093512654304504e-02 2.838721312582492828e-02 3.625559061765670776e-02 6.709896493703126907e-03 1.095416839234530926e-03 5.541599914431571960e-02 2.223035320639610291e-02
1.806717179715633392e-02 4.053073376417160034e-02 2.091176807880401611e-02 5.640383064746856689e-02 4.854877591133117676e-01 3.857278078794479370e-02 5.140173062682151794e-02 3.941745497286319733e-03 1.716612023301422596e-03 4.879287257790565491e-02 2.738156588748097420e-03 7.396906614303588867e-02 2.284410595893859863e-02 4.003346711397171021e-02 1.786148175597190857e-02 2.311408333480358124e-02 4.881789907813072205e-02 5.069049447774887085e-02 8.650883287191390991e-02 6.223752722144126892e-02 1.389178354293107986e-02 1.751821301877498627e-02 4.012799635529518127e-02 1.339690200984477997e-02 5.055223777890205383e-02 4.000744968652725220e-02 1.886787079274654388e-02 1.392223406583070755e-02 4.044183995574712753e-03 3.475942462682723999e-02 3.471391648054122925e-02 3.053393401205539703e-02 3.120497800409793854e-02 3.902560332790017128e-03 1.295373681932687759e-02 1.857808791100978851e-02 1.065071113407611847e-02 2.875958383083343506e-02 6.599979102611541748e-02 1.197343692183494568e-01 2.629738114774227142e-02 4.606035351753234863e-02 4.325170069932937622e-02 3.784551844000816345e-02 2.786219865083694458e-02 3.746511787176132202e-02 7.247336674481630325e-03 5.343842133879661560e-02 1.537998206913471222e-02 1.745830848813056946e-02 3.509040549397468567e-02 3.433743491768836975e-03 3.989922348409891129e-03 1.318855583667755127e-02 2.518127672374248505e-02 1.950463093817234039e-02 2.524877339601516724e-02 4.507664963603019714e-02 2.550979144871234894e-02 1.247608661651611328e-02 1.479495782405138016e-03 6.386274844408035278e-02 1.524256262928247452e-02 1.156688481569290161e-02 2.698745392262935638e-02 4.136382043361663818e-02 1.689853519201278687e-02 1.817559823393821716e-03 4.905083030462265015e-02 1.475926861166954041e-02 7.753321528434753418e-02 2.715154550969600677e-03 4.512162134051322937e-02 3.973826020956039429e-02 5.763740837574005127e-02 5.153085570782423019e-03 8.456621319055557251e-03 2.821190096437931061e-02 1.364831067621707916e-02 3.997159376740455627e-02 2.047235704958438873e-02 5.527811590582132339e-03 8.683330379426479340e-03 7.051355391740798950e-02 4.498906433582305908e-02 5.255310609936714172e-02 5.052683409303426743e-03 2.409993670880794525e-02 1.552422530949115753e-02 5.054813623428344727e-02 2.860788814723491669e-02 7.998478598892688751e-03 3.136308863759040833e-02 1.877488940954208374e-02 2.018826454877853394e-02 3.981249406933784485e-02 1.229634042829275131e-02 1.636252924799919128e-02 1.312842685729265213e-02 3.917944058775901794e-02 2.622966095805168152e-02 2.598087303340435028e-02 2.430241741240024567e-02 4.014874249696731567e-02 2.184983342885971069e-03 3.461655601859092712e-02 3.072045370936393738e-02 4.758195206522941589e-02 4.245931282639503479e-03 4.407480359077453613e-02 6.481837015599012375e-03 1.911290548741817474e-02 1.400261744856834412e-02 2.783633396029472351e-02 5.391563847661018372e-02 2.535238116979598999e-02
7.131972908973693848e-02 7.022995501756668091e-02 9.740106761455535889e-03 5.241955514065921307e-04 3.857278078794479370e-02 5.108890533447265625e-01 1.001240983605384827e-01 7.928374223411083221e-03 6.608907133340835571e-03 4.522478580474853516e-02 5.343991145491600037e-02 3.402023389935493469e-02 5.904686823487281799e-02 1.954662054777145386e-02 2.205588482320308685e-02 3.273660549893975258e-03 1.945992000401020050e-02 1.294433698058128357e-02 8.840764872729778290e-03 2.735435776412487030e-02 2.940587513148784637e-02 3.182106092572212219e-02 2.356498688459396362e-02 3.791483491659164429e-02 7.752235513180494308e-03 2.710181847214698792e-02 4.955334588885307312e-02 3.976497799158096313e-02 1.643114723265171051e-02 1.103986613452434540e-02 2.605109475553035736e-02 3.743109852075576782e-02 3.278509154915809631e-02 2.410234138369560242e-02 4.555031284689903259e-02 4.471187666058540344e-02 3.987982124090194702e-02 1.913076266646385193e-02 1.787705719470977783e-02 2.968651615083217621e-02 2.504633367061614990e-02 1.119597814977169037e-02 5.600197240710258484e-02 1.260530482977628708e-02 1.429354585707187653e-02 1.412924658507108688e-02 9.325034171342849731e-02 6.255754083395004272e-02 9.520560270175337791e-04 3.932798653841018677e-02 3.724448010325431824e-02 1.474518887698650360e-02 1.647965796291828156e-02 4.002302885055541992e-02 2.106516063213348389e-02 3.540899232029914856e-02 8.628229610621929169e-03 4.409426823258399963e-02 1.381890568882226944e-02 3.799432143568992615e-02 3.370503336191177368e-02 3.600111603736877441e-02 5.875045899301767349e-03 2.412490919232368469e-02 1.343482267111539841e-02 4.824162647128105164e-02 1.216148678213357925e-02 3.306192811578512192e-04 1.678686216473579407e-02 3.881657123565673828e-02 1.736156083643436432e-02 5.002598837018013000e-02 1.713001169264316559e-03 5.738503113389015198e-02 2.848205529153347015e-02 2.602032758295536041e-02 1.707828231155872345e-02 3.304375708103179932e-02 1.739627681672573090e-02 3.593327105045318604e-02 6.305027287453413010e-03 1.248194929212331772e-02 2.509041456505656242e-03 3.545856103301048279e-02 1.962308026850223541e-02 5.186201073229312897e-03 2.234293147921562195e-02 1.339604612439870834e-02 2.642074041068553925e-02 1.375109143555164337e-02 3.668138012290000916e-02 6.266287993639707565e-03 5.442668497562408447e-02 1.478594448417425156e-02 3.976691979914903641e-03 4.923305660486221313e-02 1.919007673859596252e-02 2.021768130362033844e-02 5.270873662084341049e-03 6.943952292203903198e-03 4.871056228876113892e-02 4.068442434072494507e-02 1.160537730902433395e-02 1.186481863260269165e-02 5.222665145993232727e-03 2.521703951060771942e-02 2.910320274531841278e-02 1.183961750939488411e-03 3.086589276790618896e-03 5.765386857092380524e-03 1.511347666382789612e-02 2.745645353570580482e-03 1.173513662070035934e-02 2.101369574666023254e-02 1.342457253485918045e-02 3.239131346344947815e-02
6.464537978172302246e-02 8.748678863048553467e-02 4.865914955735206604e-02 7.948814891278743744e-03 5.140173062682151794e-02 1.001240983605384827e-01 5.107140541076660156e-01 2.159538445994257927e-03 1.350336242467164993e-02 4.676254093647003174e-02 5.178085714578628540e-02 2.378278784453868866e-02 7.248672842979431152e-02 8.350761607289314270e-03 1.113301422446966171e-02 1.189037039875984192e-02 8.764952421188354492e-03 7.049523293972015381e-03 7.882589474320411682e-03 3.824983164668083191e-02 3.822559863328933716e-02 2.211147733032703400e-02 3.756860643625259399e-02 3.276907280087471008e-02 2.349514514207839966e-02 3.893451020121574402e-02 2.736826427280902863e-02 4.507343098521232605e-02 1.394076924771070480e-02 1.354648079723119736e-02 1.861945539712905884e-02 3.322759643197059631e-02 2.766238525509834290e-02 1.007350813597440720e-02 4.081898182630538940e-02 3.522600233554840088e-02 3.276494517922401428e-02 2.662715874612331390e-02 3.654656698927283287e-03 1.497297827154397964e-02 1.803313754498958588e-02 2.476073987782001495e-02 5.014289915561676025e-02 2.293266542255878448e-02 3.646132349967956543e-02 2.904394641518592834e-02 9.040327370166778564e-02 8.180436491966247559e-02 7.984950207173824310e-03 3.800449892878532410e-02 8.730370551347732544e-03 2.034142613410949707e-02 1.284412946552038193e-02 5.178926885128021240e-02 1.284738909453153610e-02 3.995092585682868958e-02 7.345860940404236317e-04 5.389776825904846191e-02 9.870764799416065216e-03 3.926525264978408813e-02 2.001236379146575928e-02 2.505128830671310425e-02 7.114306557923555374e-03 1.591236144304275513e-02 1.564077334478497505e-03 5.236288160085678101e-02 1.079316902905702591e-02 5.541084799915552139e-03 2.011125721037387848e-02 2.670453861355781555e-02 1.476807519793510437e-02 6.609284877777099609e-02 6.275293417274951935e-03 3.840706869959831238e-02 1.521826069802045822e-02 4.925990477204322815e-02 1.140602119266986847e-02 2.894538082182407379e-02 2.828009240329265594e-02 4.690342769026756287e-02 1.363003533333539963e-02 2.057564817368984222e-02 9.092330932617187500e-03 3.432738780975341797e-02 2.719410136342048645e-02 7.271816488355398178e-03 1.399999763816595078e-02 1.083689741790294647e-02 1.396245881915092468e-02 1.358737237751483917e-02 1.775755919516086578e-02 1.369538716971874237e-02 5.290651693940162659e-02 8.808563463389873505e-03 3.411617130041122437e-03 5.253273993730545044e-02 9.106769226491451263e-03 2.013273537158966064e-02 1.965198665857315063e-02 3.972713276743888855e-02 4.992637410759925842e-02 4.610280692577362061e-02 1.594411954283714294e-02 1.218021754175424576e-02 4.166805651038885117e-03 2.273420803248882294e-02 1.524957548826932907e-02 1.458232104778289795e-02 1.441259030252695084e-02 1.271590217947959900e-02 1.591351814568042755e-02 9.504007175564765930e-03 9.876452386379241943e-03 1.260944828391075134e-02 2.186067402362823486e-02 3.550137579441070557e-02
7.149482145905494690e-03 1.179135870188474655e-02 1.637367010116577148e-01 2.838683687150478363e-02 3.941745497286319733e-03 7.928374223411083221e-03 2.159538445994257927e-03 4.881877899169921875e-01 2.530444040894508362e-02 1.874670758843421936e-02 1.806200481951236725e-02 4.113472253084182739e-02 1.312446594238281250e-02 4.574426636099815369e-02 4.106982424855232239e-02 4.411333356983959675e-04 7.153761107474565506e-03 1.600453630089759827e-02 6.201253272593021393e-03 4.549369215965270996e-02 2.666304633021354675e-02 3.351049497723579407e-02 2.112900465726852417e-02 1.341991592198610306e-02 1.262556202709674835e-02 3.217956423759460449e-02 2.710900455713272095e-02 1.665579900145530701e-02 6.998848635703325272e-03 1.472152955830097198e-02 3.358755633234977722e-02 2.325745485723018646e-02 1.205180026590824127e-02 1.040365919470787048e-02 2.778279781341552734e-02 9.501018561422824860e-03 4.119588807225227356e-02 3.047969564795494080e-02 4.072284325957298279e-02 4.371834546327590942e-02 9.315274655818939209e-04 2.462989091873168945e-02 1.826941734179854393e-03 2.133416384458541870e-02 1.675303466618061066e-02 3.724166005849838257e-02 7.743239984847605228e-04 4.747177008539438248e-03 2.967274980619549751e-03 4.065959900617599487e-02 2.847492508590221405e-02 3.069355152547359467e-02 2.808645600453019142e-03 5.341282486915588379e-02 4.121909663081169128e-02 3.039958700537681580e-02 2.854928374290466309e-02 2.743340469896793365e-02 2.753406297415494919e-03 1.135449670255184174e-02 3.673582151532173157e-02 1.571053266525268555e-02 4.025099053978919983e-02 4.226158559322357178e-02 2.024109847843647003e-02 2.419258654117584229e-02 2.837220206856727600e-02 1.509229559451341629e-02 8.830659091472625732e-03 1.171876862645149231e-02 1.252945512533187866e-02 1.943080872297286987e-02 2.354907989501953125e-02 3.292366489768028259e-02 1.482037734240293503e-02 4.185540601611137390e-02 3.154548257589340210e-02 9.793055942282080650e-04 1.292700227349996567e-02 1.075758971273899078e-02 1.449237763881683350e-01 1.363498866558074951e-01 4.210836067795753479e-02 1.247321162372827530e-02 1.113785244524478912e-02 9.582088328897953033e-03 9.342674911022186279e-02 8.772505819797515869e-02 4.071859177201986313e-03 4.556088149547576904e-02 5.850015673786401749e-03 1.130183576606214046e-03 2.340566832572221756e-03 9.291930124163627625e-03 1.793633215129375458e-02 1.653901301324367523e-02 1.323745585978031158e-02 1.930912770330905914e-02 2.466174960136413574e-02 2.435122989118099213e-02 2.940513379871845245e-02 2.520938590168952942e-02 3.517780220136046410e-03 2.492618048563599586e-03 2.400684388703666627e-05 5.385205149650573730e-03 9.920417796820402145e-04 4.516096960287541151e-04 1.343758869916200638e-02 7.199584506452083588e-03 9.291865862905979156e-03 1.393341273069381714e-02 1.956463977694511414e-02 3.637853637337684631e-02 8.391551673412322998e-03 2.575350226834416389e-03
3.076016716659069061e-02 6.595191080123186111e-04 1.126656867563724518e-02 6.270235031843185425e-02 1.716612023301422596e-03 6.608907133340835571e-03 1.350336242467164993e-02 2.530444040894508362e-02 4.997125267982482910e-01 5.469916388392448425e-02 1.088745985180139542e-02 1.295303087681531906e-02 1.094619929790496826e-02 5.622308701276779175e-02 2.020150423049926758e-02 1.753198541700839996e-02 5.570582672953605652e-02 2.439388446509838104e-02 4.310855641961097717e-02 8.926770649850368500e-03 3.731245175004005432e-02 1.810528151690959930e-02 9.639069437980651855e-02 2.117472141981124878e-02 3.043888323009014130e-02 2.980281226336956024e-02 7.351076230406761169e-03 1.356467232108116150e-02 2.289475500583648682e-02 1.483221445232629776e-02 1.674336940050125122e-02 2.643882296979427338e-02 6.310875713825225830e-02 3.737216815352439880e-02 2.585838362574577332e-02 1.559087820351123810e-02 4.194075614213943481e-02 9.183540008962154388e-03 9.325830265879631042e-03 2.249843440949916840e-02 2.623387612402439117e-02 6.501486152410507202e-02 2.010492607951164246e-02 1.843937300145626068e-02 4.340358823537826538e-02 2.889400906860828400e-02 3.131025005131959915e-03 4.480816423892974854e-02 6.214011833071708679e-02 1.573383063077926636e-02 2.482002042233943939e-02 5.151691380888223648e-03 4.355577006936073303e-02 5.278683733195066452e-03 7.011643797159194946e-02 1.610611379146575928e-02 8.426304906606674194e-02 2.822665870189666748e-02 3.521123528480529785e-02 3.323149308562278748e-02 6.893212907016277313e-03 1.891347393393516541e-02 4.407921805977821350e-02 4.229926317930221558e-02 2.602259069681167603e-02 2.168489992618560791e-02 3.235055878758430481e-02 4.468832165002822876e-02 2.243906632065773010e-02 4.264996573328971863e-02 1.073523610830307007e-02 2.713762968778610229e-02 1.721624517813324928e-03 2.335687167942523956e-02 4.667223617434501648e-02 2.671969821676611900e-03 8.827653527259826660e-02 4.590364918112754822e-02 8.333495259284973145e-02 3.023143298923969269e-02 3.916576132178306580e-02 3.067800030112266541e-02 7.194760441780090332e-02 1.655362360179424286e-02 3.931698948144912720e-02 4.313858598470687866e-02 4.412558302283287048e-02 4.622580111026763916e-02 4.424086585640907288e-02 4.731556028127670288e-02 4.126723855733871460e-02 3.962848708033561707e-02 3.628158196806907654e-02 2.049775980412960052e-02 2.092242799699306488e-02 6.444132886826992035e-03 1.373764476738870144e-03 3.486388921737670898e-02 9.569381177425384521e-02 4.442298412322998047e-02 3.283302113413810730e-02 4.093145206570625305e-02 9.976542554795742035e-03 3.365236893296241760e-02 2.608746662735939026e-02 4.935534670948982239e-02 7.086180616170167923e-03 2.912206202745437622e-02 7.195679098367691040e-02 2.199675887823104858e-02 1.451363135129213333e-02 3.814611583948135376e-02 4.270996525883674622e-02 3.810682147741317749e-02 2.000137604773044586e-02 4.157316684722900391e-02
2.463484369218349457e-02 1.544139441102743149e-02 2.017625421285629272e-02 3.393978625535964966e-02 4.879287257790565491e-02 4.522478580474853516e-02 4.676254093647003174e-02 1.874670758843421936e-02 5.469916388392448425e-02 5.099480748176574707e-01 1.965023111552000046e-03 7.710095960646867752e-03 5.073648411780595779e-03 1.670209690928459167e-02 3.822446987032890320e-02 4.956420138478279114e-02 3.677350003272294998e-03 3.211481869220733643e-02 9.809280186891555786e-02 9.982197545468807220e-03 1.668059639632701874e-02 3.872403874993324280e-02 4.836219921708106995e-02 9.004895389080047607e-02 2.498014084994792938e-02 1.872492581605911255e-02 4.707478359341621399e-02 3.563339635729789734e-02 1.443176344037055969e-02 7.198330480605363846e-03 4.843438044190406799e-02 1.464778557419776917e-02 4.708638787269592285e-02 2.512977691367268562e-03 5.175904929637908936e-02 4.872822389006614685e-02 1.998218148946762085e-02 2.130248211324214935e-02 5.379904806613922119e-02 3.520809859037399292e-02 1.187546830624341965e-02 5.733044445514678955e-02 2.208798192441463470e-02 1.332222949713468552e-02 1.493576448410749435e-02 7.288882136344909668e-02 7.554489187896251678e-03 3.361064195632934570e-02 4.912266135215759277e-02 1.026350706815719604e-01 1.058951485902070999e-03 2.642278745770454407e-02 3.280197829008102417e-02 5.619646050035953522e-03 4.710956290364265442e-02 7.665142416954040527e-02 2.242252044379711151e-02 8.244666457176208496e-02 1.078479085117578506e-02 3.074056282639503479e-02 1.809779932955279946e-04 6.334078311920166016e-02 4.230780899524688721e-02 4.253862134646624327e-04 6.876724772155284882e-03 9.953689761459827423e-03 3.248582780361175537e-02 5.252533406019210815e-02 4.562799260020256042e-02 2.642762474715709686e-02 6.487897783517837524e-02 3.436944633722305298e-02 3.988429531455039978e-02 6.507183890789747238e-03 5.990852136164903641e-03 3.584821149706840515e-02 5.187488347291946411e-02 7.857022434473037720e-02 4.036849364638328552e-03 1.410257071256637573e-01 2.635817602276802063e-02 2.066890709102153778e-02 7.230650953715667129e-05 1.001733392477035522e-01 3.395409788936376572e-03 5.063587799668312073e-02 4.418120533227920532e-02 4.809181764721870422e-02 3.851183131337165833e-02 6.884612143039703369e-02 4.372311756014823914e-02 3.850604966282844543e-02 2.755074203014373779e-02 4.465728998184204102e-02 4.199468344449996948e-02 1.114546507596969604e-02 1.487637497484683990e-02 3.541136858984827995e-03 1.541001815348863602e-02 2.396495454013347626e-02 9.344488382339477539e-03 1.023983582854270935e-03 2.979761548340320587e-02 3.341893479228019714e-02 1.083429437130689621e-02 1.255070324987173080e-02 2.126378752291202545e-02 9.944744408130645752e-03 6.417416501790285110e-03 1.077301241457462311e-02 1.488105766475200653e-02 4.340745974332094193e-03 4.109936952590942383e-02 3.151539713144302368e-02 1.836943998932838440e-02 6.993030663579702377e-03
7.117725163698196411e-02 5.265922099351882935e-02 1.286232750862836838e-02 4.528354853391647339e-02 2.738156588748097420e-03 5.343991145491600037e-02 5.178085714578628540e-02 1.806200481951236725e-02 1.088745985180139542e-02 1.965023111552000046e-03 5.182434916496276855e-01 3.069219179451465607e-02 8.258254081010818481e-02 4.997010901570320129e-02 9.288636036217212677e-03 2.445762604475021362e-02 3.735110163688659668e-02 3.857518360018730164e-02 2.285800315439701080e-02 1.039279159158468246e-02 1.025010552257299423e-02 5.804659798741340637e-03 2.710697427392005920e-02 4.405214264988899231e-02 1.657890155911445618e-02 2.160818874835968018e-02 1.380657590925693512e-02 5.500799044966697693e-03 6.407918035984039307e-02 3.167200088500976562e-02 2.209617383778095245e-02 1.316648256033658981e-02 6.036188453435897827e-03 7.120153866708278656e-03 2.774797752499580383e-02 4.183060675859451294e-02 1.255238428711891174e-02 3.754837810993194580e-02 2.748452499508857727e-02 1.368410326540470123e-02 4.139340296387672424e-02 2.836262248456478119e-02 5.998978018760681152e-02 6.633314769715070724e-03 1.036790851503610611e-02 4.799521714448928833e-02 8.288677036762237549e-02 4.393875598907470703e-02 1.909928768873214722e-02 1.033556368201971054e-02 3.392313420772552490e-02 4.418065398931503296e-02 2.324822358787059784e-02 1.502457633614540100e-02 1.294300891458988190e-02 4.333755373954772949e-02 1.528511941432952881e-02 1.910092309117317200e-02 3.159015625715255737e-02 4.084977880120277405e-02 4.323768429458141327e-03 8.808338083326816559e-03 9.741703048348426819e-03 8.301993831992149353e-03 6.679775565862655640e-02 6.504976749420166016e-02 2.553172782063484192e-02 1.673475652933120728e-02 1.746889902278780937e-03 5.550718400627374649e-03 7.105979602783918381e-04 3.038090467453002930e-02 3.301908820867538452e-02 1.720797829329967499e-02 5.007170885801315308e-02 3.367985039949417114e-02 2.258257940411567688e-02 1.838654652237892151e-02 2.472298778593540192e-02 6.150074303150177002e-03 2.511560730636119843e-02 3.052937425673007965e-02 3.499117866158485413e-02 3.152069449424743652e-02 1.474148128181695938e-02 4.490388557314872742e-02 2.115042507648468018e-02 3.887813538312911987e-02 2.832867437973618507e-03 3.304732218384742737e-02 6.172002106904983521e-02 1.562615670263767242e-02 3.794656321406364441e-02 9.043172933161258698e-03 1.692633144557476044e-02 4.930404573678970337e-02 3.942646831274032593e-02 9.755369275808334351e-03 6.865749135613441467e-03 1.002213452011346817e-03 1.083172019571065903e-02 4.330785479396581650e-03 1.701189391314983368e-02 5.358876660466194153e-03 2.968642115592956543e-02 1.277428027242422104e-02 1.622211420908570290e-04 4.979637637734413147e-02 3.813695907592773438e-02 1.823072694242000580e-02 3.652811795473098755e-02 1.723057031631469727e-02 4.991096910089254379e-03 1.307747699320316315e-02 3.744334354996681213e-02 2.250263205496594310e-04
2.819453552365303040e-02 8.539977483451366425e-03 3.943648934364318848e-02 4.414696991443634033e-02 7.396906614303588867e-02 3.402023389935493469e-02 2.378278784453868866e-02 4.113472253084182739e-02 1.295303087681531906e-02 7.710095960646867752e-03 3.069219179451465607e-02 4.947288930416107178e-01 5.429344624280929565e-02 1.289709806442260742e-01 3.312211856245994568e-02 2.998928166925907135e-02 2.216749079525470734e-02 5.630014091730117798e-02 6.498869508504867554e-02 3.108126670122146606e-02 3.442357853055000305e-02 2.163879759609699249e-02 2.939229086041450500e-02 1.903774030506610870e-02 1.028826832771301270e-02 2.593266591429710388e-02 1.672791130840778351e-02 8.076352067291736603e-03 1.899919845163822174e-02 5.855650454759597778e-02 3.108248114585876465e-02 2.470281720161437988e-02 2.746038511395454407e-02 8.304009214043617249e-03 3.068784018978476524e-03 4.629263654351234436e-02 2.638708241283893585e-02 1.130214612931013107e-02 3.067537583410739899e-02 4.895635694265365601e-02 2.430916205048561096e-02 2.021959982812404633e-02 2.690912224352359772e-02 4.160468652844429016e-02 3.281180933117866516e-02 4.891114681959152222e-02 5.144938826560974121e-02 3.961313888430595398e-02 3.363187611103057861e-02 5.233143642544746399e-02 5.833341274410486221e-03 1.029478013515472412e-02 1.709928363561630249e-02 2.587201632559299469e-02 1.902015320956707001e-02 1.549939997494220734e-02 1.666603609919548035e-02 3.954564686864614487e-03 6.080250069499015808e-02 3.760160505771636963e-02 4.045530408620834351e-02 6.960962712764739990e-02 3.564713522791862488e-03 4.509905725717544556e-02 2.793369069695472717e-02 5.498355999588966370e-02 3.962642699480056763e-02 7.489133160561323166e-03 1.302937511354684830e-02 4.348059371113777161e-02 3.855787217617034912e-02 3.543102741241455078e-02 2.810662984848022461e-02 4.186015203595161438e-02 9.773820638656616211e-03 4.643885791301727295e-02 1.302258297801017761e-02 1.954660005867481232e-02 2.160787396132946014e-02 2.375461719930171967e-02 1.881632953882217407e-03 9.624391794204711914e-03 4.685505107045173645e-02 4.761948809027671814e-02 4.982694983482360840e-02 1.284586079418659210e-02 5.453255493193864822e-03 2.053263038396835327e-02 2.545865485444664955e-03 5.113752931356430054e-02 5.088333785533905029e-02 6.988598965108394623e-03 2.783793397247791290e-02 6.196618545800447464e-03 1.595266722142696381e-02 5.193508113734424114e-04 3.655806649476289749e-03 8.041021414101123810e-03 5.331848934292793274e-02 3.912395983934402466e-02 1.465765293687582016e-02 2.564626000821590424e-02 5.413758117356337607e-05 4.536118358373641968e-02 2.808943390846252441e-02 4.990578629076480865e-03 7.746781688183546066e-03 1.330723706632852554e-02 2.555231004953384399e-02 4.717003926634788513e-02 3.107916377484798431e-02 3.316406160593032837e-02 8.043221314437687397e-04 7.223105058073997498e-03 6.229486688971519470e-02 3.497527167201042175e-02
6.052889302372932434e-02 7.936950773000717163e-02 1.163581293076276779e-02 4.530024528503417969e-02 2.284410595893859863e-02 5.904686823487281799e-02 7.248672842979431152e-02 1.312446594238281250e-02 1.094619929790496826e-02 5.073648411780595779e-03 8.258254081010818481e-02 5.429344624280929565e-02 5.170431733131408691e-01 5.065814033150672913e-02 2.251272555440664291e-03 2.267204225063323975e-03 1.340937707573175430e-02 1.750480011105537415e-02 7.828710600733757019e-03 1.258935779333114624e-03 3.371678059920668602e-03 1.387763209640979767e-02 3.616514801979064941e-02 4.173684120178222656e-02 3.046609228476881981e-03 1.796141080558300018e-02 7.036061026155948639e-03 1.841115020215511322e-02 4.475887492299079895e-02 3.904794901609420776e-02 3.715084865689277649e-02 3.109378926455974579e-02 7.674925029277801514e-03 9.421021677553653717e-03 5.289646983146667480e-02 4.528919234871864319e-02 2.909653820097446442e-02 2.114321850240230560e-02 4.903074726462364197e-02 4.815733432769775391e-02 3.649092465639114380e-02 1.854064688086509705e-02 5.498578399419784546e-02 2.583236992359161377e-02 1.504403259605169296e-02 3.036771342158317566e-02 7.925046980381011963e-02 5.319957062602043152e-02 1.136004645377397537e-02 1.851566322147846222e-02 6.305437069386243820e-03 7.750147487968206406e-03 1.818422786891460419e-02 2.209458127617835999e-02 1.874977536499500275e-02 3.889951482415199280e-02 4.870834760367870331e-03 1.781073585152626038e-02 1.544196158647537231e-02 4.040970280766487122e-02 3.144336398690938950e-03 9.191442281007766724e-03 5.557396449148654938e-03 1.178770139813423157e-02 5.458685383200645447e-02 8.353038877248764038e-02 1.746533997356891632e-02 2.330552041530609131e-02 5.607801489531993866e-03 7.476583705283701420e-04 4.221840645186603069e-04 3.881617262959480286e-02 2.163832820951938629e-02 2.581399865448474884e-02 3.664629906415939331e-02 4.554646462202072144e-02 5.250326357781887054e-03 1.702983677387237549e-02 5.098322406411170959e-03 3.430567914620041847e-03 1.852319575846195221e-02 8.452839218080043793e-03 1.770942471921443939e-02 5.017445236444473267e-02 2.791471406817436218e-02 2.009545825421810150e-02 1.430844794958829880e-02 2.835574373602867126e-02 9.091265499591827393e-03 2.983330376446247101e-02 3.874075040221214294e-02 4.272723570466041565e-03 3.758523240685462952e-02 1.334650814533233643e-02 1.704479753971099854e-02 5.199124291539192200e-02 1.729151234030723572e-02 2.708608657121658325e-02 1.654499582946300507e-02 3.306327015161514282e-02 2.302034385502338409e-02 3.040069527924060822e-02 3.739093989133834839e-02 6.614789599552750587e-04 2.598746679723262787e-02 1.897571049630641937e-02 3.289646469056606293e-03 3.903408721089363098e-02 1.774873584508895874e-02 1.459988299757242203e-02 3.842713311314582825e-02 1.856976933777332306e-02 3.036458045244216919e-03 3.420048626139760017e-03 3.124164044857025146e-02 3.066130680963397026e-03
