4.439218044281005859e-01 1.321343779563903809e-01 2.904814295470714569e-02 3.975809738039970398e-02 2.318919636309146881e-03 3.937889821827411652e-03 7.716710213571786880e-03 3.297859057784080505e-02 2.690940164029598236e-02 1.887118211016058922e-03 1.660899221897125244e-01 3.722513839602470398e-02 5.288562737405300140e-03 4.772709682583808899e-02 1.022192686796188354e-01 2.498384099453687668e-03 3.320936113595962524e-02 4.198717325925827026e-02 1.223878841847181320e-02 2.911063283681869507e-02 4.134464263916015625e-02 5.870941653847694397e-02 1.468427199870347977e-02 3.161980956792831421e-02 1.607528328895568848e-02 3.855020552873611450e-02 3.462361171841621399e-02 3.525986149907112122e-02 5.156778171658515930e-02 7.193989306688308716e-02 6.659215688705444336e-02 3.535691276192665100e-02 5.984421819448471069e-03 3.650591522455215454e-02 3.570748493075370789e-02 1.347338967025279999e-02 3.303960710763931274e-02 2.366239763796329498e-02 6.955246441066265106e-03 2.479134686291217804e-02 4.701338708400726318e-02 2.100092731416225433e-02 2.962536551058292389e-02 4.134512320160865784e-02 5.621975660324096680e-02 3.497985377907752991e-02 5.125357210636138916e-02 5.209385883063077927e-03 4.035663232207298279e-02 2.654504030942916870e-02 1.679332368075847626e-02 2.973042614758014679e-02 3.143391013145446777e-02 1.579038240015506744e-02 3.964477404952049255e-02 4.460661858320236206e-02 3.398723155260086060e-02 1.937261596322059631e-02 3.671924024820327759e-02 3.994050249457359314e-02 2.249937504529953003e-03 2.716038562357425690e-02 3.338592126965522766e-02 1.332097221165895462e-02 5.365015193819999695e-02 2.313728071749210358e-02 2.924794889986515045e-02 3.912381082773208618e-02 4.647694528102874756e-03 3.799374401569366455e-02 2.026253147050738335e-03 7.346724625676870346e-03 4.350619390606880188e-02 9.154779836535453796e-03 1.061369478702545166e-02 3.764621168375015259e-02 3.857360780239105225e-02 1.204737741500139236e-02 6.843825336545705795e-03 1.530225947499275208e-02 1.411545323207974434e-03 4.336943477392196655e-02 1.222753059118986130e-02 3.725819289684295654e-02 4.196575284004211426e-02 9.731608442962169647e-03 6.422056257724761963e-02 3.031835891306400299e-02 4.820875078439712524e-02 3.264437243342399597e-02 4.683643952012062073e-02 8.989800699055194855e-03 3.587765246629714966e-02 4.254276305437088013e-02 2.171415649354457855e-02 8.491327054798603058e-03 4.724398627877235413e-02 1.221378799527883530e-02 2.711838483810424805e-02 4.219624400138854980e-02 4.454241320490837097e-02 3.038278967142105103e-02 3.643162176012992859e-02 2.842626161873340607e-02 4.692688584327697754e-03 3.665818646550178528e-02 6.025660317391157150e-03 8.173991926014423370e-03 3.437120094895362854e-02 2.878505550324916840e-02 1.828135736286640167e-02 4.124783724546432495e-02 3.355870023369789124e-02 1.544482191093266010e-03 2.746671088971197605e-04 8.196361362934112549e-02
1.321343779563903809e-01 4.464658200740814209e-01 2.953208796679973602e-02 1.321940403431653976e-02 2.506134100258350372e-03 6.548596918582916260e-02 9.840400516986846924e-02 3.672090917825698853e-02 4.612324482877738774e-05 1.877447217702865601e-02 9.624392539262771606e-02 4.548630863428115845e-02 1.462345719337463379e-01 4.670700803399085999e-02 2.706842496991157532e-02 1.072722137905657291e-03 4.211631044745445251e-02 2.851985208690166473e-02 3.442533314228057861e-02 3.317426145076751709e-02 2.866438589990139008e-03 2.215358056128025055e-02 9.368186583742499352e-04 5.146291851997375488e-02 3.681351430714130402e-03 4.529102146625518799e-02 1.317821815609931946e-02 5.017136782407760620e-02 9.621100500226020813e-03 4.343938082456588745e-02 2.117935009300708771e-02 3.193147107958793640e-02 3.258606418967247009e-02 2.697267942130565643e-02 2.563606388866901398e-02 6.356794387102127075e-03 7.591040804982185364e-03 4.924970492720603943e-02 1.185770984739065170e-02 3.301621600985527039e-02 6.296114623546600342e-02 4.678440093994140625e-02 7.760707754641771317e-03 3.261710330843925476e-02 4.502104595303535461e-02 1.372381299734115601e-02 7.858993858098983765e-02 4.116905853152275085e-02 3.523963689804077148e-02 1.105062477290630341e-02 1.367423590272665024e-02 1.934615662321448326e-03 4.045576602220535278e-02 2.409230917692184448e-02 1.632419647648930550e-03 4.364207386970520020e-02 2.952673658728599548e-02 5.036302842199802399e-03 1.139176730066537857e-02 2.762939594686031342e-02 3.086787648499011993e-02 7.373581174761056900e-03 2.402336709201335907e-02 2.292048744857311249e-02 4.973233491182327271e-02 3.575384244322776794e-02 2.973112277686595917e-04 1.669115945696830750e-02 4.260634258389472961e-02 4.261379316449165344e-02 1.317975111305713654e-02 3.488950431346893311e-02 2.823132462799549103e-02 4.733025562018156052e-03 1.260471623390913010e-02 1.918385922908782959e-02 1.733418903313577175e-03 2.575578913092613220e-02 4.812306165695190430e-02 1.837020739912986755e-02 1.443345285952091217e-02 4.977631568908691406e-02 5.397326312959194183e-03 2.336708083748817444e-02 3.060011006891727448e-02 4.124220460653305054e-02 1.618077792227268219e-02 1.980495266616344452e-02 3.433714807033538818e-02 1.048824097961187363e-02 3.541606292128562927e-02 3.191669285297393799e-02 3.620869666337966919e-02 4.772760346531867981e-02 4.434310272336006165e-02 2.711036242544651031e-02 4.300213232636451721e-02 2.697332017123699188e-02 2.935153990983963013e-02 2.711068652570247650e-02 1.382108498364686966e-02 1.746606454253196716e-02 5.472474545240402222e-02 2.287131734192371368e-02 3.541098535060882568e-02 1.239865925163030624e-02 3.543165326118469238e-02 8.370728045701980591e-02 2.874951437115669250e-02 6.176925823092460632e-02 5.016484484076499939e-02 1.188367884606122971e-02 3.395399078726768494e-02 3.206598758697509766e-02 3.344307839870452881e-02 6.137508526444435120e-02
2.904814295470714569e-02 2.953208796679973602e-02 4.438543021678924561e-01 1.110745870391838253e-04 2.202777937054634094e-02 3.169221803545951843e-02 2.999634714797139168e-03 6.385273486375808716e-02 2.834871783852577209e-02 2.247407566756010056e-03 4.370530322194099426e-02 2.676864713430404663e-02 1.754997856914997101e-02 2.384231798350811005e-02 6.105138454586267471e-04 2.430822141468524933e-02 3.671988961286842823e-04 4.203430190682411194e-02 3.316615894436836243e-02 1.861352473497390747e-02 2.106293849647045135e-02 4.979604482650756836e-02 7.346736267209053040e-03 8.195921778678894043e-03 1.789822615683078766e-02 2.702309191226959229e-02 3.394494205713272095e-02 1.157435681670904160e-02 8.784016594290733337e-03 2.654914511367678642e-03 9.679631330072879791e-03 5.528247356414794922e-02 2.075278572738170624e-02 4.526897147297859192e-02 1.608153246343135834e-02 5.031718406826257706e-03 4.050473868846893311e-02 3.280109167098999023e-02 4.983555898070335388e-02 1.329271937720477581e-03 6.718239746987819672e-03 5.455474182963371277e-02 3.449846059083938599e-02 6.342664361000061035e-02 5.762448906898498535e-02 9.604780934751033783e-03 4.186240956187248230e-03 2.877122908830642700e-02 2.667906461283564568e-03 3.500753780826926231e-03 2.817601896822452545e-02 1.075751334428787231e-02 1.365403458476066589e-02 4.357397928833961487e-02 3.265453502535820007e-02 8.983561769127845764e-03 1.093762740492820740e-01 4.285545274615287781e-02 8.224933408200740814e-03 1.063909567892551422e-02 4.209071397781372070e-02 2.182099781930446625e-02 2.127517759799957275e-02 2.209031395614147186e-02 4.313127696514129639e-02 3.433487191796302795e-02 4.156714305281639099e-02 9.551981464028358459e-03 3.793807700276374817e-02 1.735621504485607147e-02 3.944105654954910278e-02 3.136077150702476501e-02 1.218019053339958191e-03 5.111479759216308594e-02 3.087105788290500641e-02 1.319027785211801529e-02 2.492022886872291565e-02 1.198180112987756729e-02 1.690720207989215851e-02 1.645072549581527710e-02 1.157399564981460571e-01 8.464752137660980225e-02 3.689813986420631409e-02 2.194997854530811310e-02 1.287096459418535233e-02 3.802992403507232666e-02 1.633181981742382050e-02 1.336266007274389267e-02 2.925167605280876160e-02 4.776372574269771576e-03 1.312467455863952637e-02 8.342044427990913391e-03 4.959638416767120361e-02 4.218304157257080078e-02 5.177481845021247864e-02 3.305282443761825562e-03 3.206458315253257751e-02 1.868828013539314270e-02 2.792802266776561737e-02 2.285915054380893707e-02 2.042691409587860107e-02 4.397423192858695984e-02 2.891188487410545349e-02 1.436141133308410645e-02 3.840405493974685669e-02 4.168732464313507080e-02 3.440632298588752747e-02 3.027362376451492310e-02 2.872726321220397949e-02 1.888280734419822693e-02 2.724540047347545624e-02 3.595963492989540100e-02 4.692297801375389099e-02 8.501653559505939484e-03 5.973496008664369583e-03 2.160022594034671783e-02
3.975809738039970398e-02 1.321940403431653976e-02 1.110745870391838253e-04 4.605491757392883301e-01 1.593968272209167480e-01 1.669253781437873840e-02 1.276777125895023346e-02 8.217717520892620087e-03 2.732782438397407532e-02 1.411661226302385330e-02 3.923012688755989075e-02 2.360115014016628265e-02 1.824882254004478455e-02 8.889363147318363190e-03 1.395581290125846863e-02 1.720648445188999176e-02 3.239225596189498901e-02 4.104569181799888611e-02 4.823293909430503845e-02 1.071486528962850571e-02 2.173609286546707153e-02 2.554433979094028473e-02 2.149286679923534393e-03 5.805673543363809586e-03 3.580718999728560448e-03 3.594440966844558716e-02 3.817028179764747620e-02 3.334217146039009094e-02 4.451600834727287292e-02 1.143468916416168213e-02 5.237352475523948669e-02 1.243141759186983109e-02 4.232623800635337830e-02 1.305479090660810471e-02 1.784770563244819641e-02 4.520534537732601166e-03 3.108441457152366638e-02 3.377088904380798340e-02 1.691775768995285034e-01 1.180490851402282715e-01 3.135777637362480164e-02 2.142234705388545990e-02 2.817866392433643341e-02 2.352442964911460876e-02 1.707733795046806335e-02 1.926037855446338654e-02 4.674730822443962097e-02 9.694997221231460571e-03 9.257816127501428127e-04 1.879556849598884583e-02 3.453419357538223267e-02 5.136666819453239441e-03 1.459753792732954025e-02 2.619816176593303680e-02 2.582672610878944397e-02 1.467424258589744568e-02 3.229242563247680664e-02 2.140533551573753357e-02 8.279050141572952271e-02 4.083830863237380981e-02 8.137401938438415527e-02 4.417560249567031860e-02 1.339787710458040237e-02 5.733105167746543884e-02 2.890673093497753143e-02 3.811460733413696289e-02 8.804892189800739288e-03 2.106204256415367126e-02 4.480846971273422241e-02 1.860914751887321472e-02 1.139673311263322830e-02 1.574760861694812775e-02 1.354588121175765991e-01 3.424268960952758789e-02 1.539663374423980713e-01 2.404823713004589081e-02 4.762866348028182983e-02 1.292006298899650574e-02 1.221611909568309784e-02 2.758429199457168579e-02 2.706055156886577606e-02 2.433740720152854919e-02 2.815738692879676819e-02 5.249739065766334534e-02 1.384921744465827942e-02 2.176986075937747955e-02 3.775959834456443787e-02 2.819998376071453094e-02 1.335101202130317688e-02 4.500847309827804565e-02 1.677078381180763245e-02 2.151682227849960327e-02 1.345318835228681564e-02 1.642355136573314667e-02 2.864068932831287384e-02 3.703099116683006287e-02 1.790464855730533600e-02 2.608188427984714508e-02 5.084307119250297546e-02 2.446801960468292236e-02 4.824900254607200623e-02 4.889838024973869324e-02 2.652487950399518013e-03 9.096905589103698730e-03 8.725495077669620514e-03 3.042110428214073181e-02 5.205383524298667908e-02 1.018510852009057999e-02 2.588548511266708374e-02 2.081060223281383514e-02 8.885496295988559723e-03 4.162518307566642761e-02 1.274579763412475586e-02 1.396595616824924946e-03 5.429344600997865200e-04 3.581921383738517761e-02
2.318919636309146881e-03 2.506134100258350372e-03 2.202777937054634094e-02 1.593968272209167480e-01 4.557529687881469727e-01 3.990056738257408142e-02 4.291042685508728027e-02 2.450774237513542175e-02 3.610337153077125549e-02 3.058343566954135895e-02 1.386732235550880432e-02 2.273815684020519257e-02 3.006026148796081543e-02 1.389895658940076828e-02 2.534857206046581268e-02 3.958439826965332031e-02 3.552189469337463379e-02 3.245379775762557983e-02 4.161934182047843933e-02 2.161623723804950714e-02 4.645802080631256104e-02 3.978078439831733704e-02 4.907563701272010803e-02 1.845172047615051270e-02 3.780490905046463013e-02 4.266950860619544983e-02 3.676676750183105469e-02 3.958036005496978760e-02 7.837403565645217896e-03 2.550651319324970245e-02 3.794418880715966225e-03 4.762307181954383850e-02 4.145266488194465637e-02 2.067066729068756104e-02 3.628008440136909485e-02 4.539660736918449402e-02 2.432986395433545113e-03 2.896813862025737762e-02 1.112362220883369446e-01 2.157887220382690430e-01 3.220649063587188721e-02 3.780764713883399963e-02 1.938455738127231598e-02 1.713326014578342438e-02 2.836578525602817535e-02 2.830965258181095123e-02 1.391713786870241165e-02 4.082944244146347046e-02 5.840430036187171936e-03 4.132894799113273621e-02 1.132150646299123764e-02 3.665667772293090820e-02 4.247398674488067627e-02 8.022000640630722046e-02 2.695760875940322876e-02 4.421440139412879944e-02 1.654008217155933380e-02 1.429773308336734772e-02 1.040686368942260742e-01 2.735414914786815643e-02 4.659400507807731628e-02 6.160442531108856201e-02 4.149062559008598328e-02 3.116630716249346733e-03 9.028588421642780304e-03 4.541146382689476013e-02 4.927257448434829712e-02 4.149394482374191284e-02 2.078671706840395927e-03 2.371968515217304230e-02 4.191519320011138916e-02 2.371187321841716766e-02 3.746030479669570923e-02 2.291923947632312775e-02 9.308720380067825317e-02 1.061348989605903625e-02 1.249767187982797623e-02 3.617582470178604126e-02 5.595370195806026459e-03 7.480020169168710709e-03 2.325217006728053093e-03 1.164760533720254898e-02 6.832165643572807312e-03 8.808934688568115234e-02 3.267004340887069702e-02 2.039876393973827362e-02 3.214486315846443176e-02 5.470178090035915375e-03 2.633303636685013771e-03 3.425849974155426025e-02 3.053609840571880341e-02 2.022739313542842865e-02 4.412346333265304565e-02 1.475769840180873871e-02 1.313256099820137024e-02 3.332725912332534790e-02 2.701284363865852356e-02 2.449604868888854980e-02 2.670509368181228638e-02 4.702100157737731934e-02 2.418825216591358185e-02 3.602061420679092407e-02 3.025200963020324707e-02 2.312945388257503510e-02 7.684515323489904404e-03 3.245431435061618686e-05 6.616152822971343994e-03 2.060361020267009735e-02 1.100136898458003998e-03 6.044910755008459091e-03 2.175715193152427673e-02 2.688065916299819946e-02 4.245741665363311768e-02 2.226202562451362610e-02 1.171418186277151108e-02 4.648770671337842941e-03
3.937889821827411652e-03 6.548596918582916260e-02 3.169221803545951843e-02 1.669253781437873840e-02 3.990056738257408142e-02 4.510740935802459717e-01 1.887039393186569214e-01 2.301373146474361420e-02 2.297287434339523315e-02 5.943602696061134338e-02 1.765180006623268127e-02 2.551057003438472748e-02 4.471620544791221619e-02 7.452930323779582977e-03 1.733431220054626465e-02 2.402929775416851044e-02 3.322838246822357178e-02 2.270747721195220947e-02 3.240706399083137512e-02 8.432409726083278656e-03 1.139189489185810089e-02 5.024475976824760437e-02 2.080601640045642853e-02 8.192496374249458313e-03 3.068668069317936897e-03 1.783515326678752899e-02 1.889579556882381439e-02 4.726357012987136841e-02 1.372012589126825333e-02 4.439197853207588196e-02 3.288666903972625732e-02 1.055897865444421768e-02 3.391878213733434677e-03 1.063466258347034454e-02 1.415733806788921356e-02 2.067866548895835876e-02 3.594628721475601196e-02 5.055883526802062988e-02 3.753958299057558179e-05 1.661398820579051971e-02 3.962751477956771851e-02 4.291809350252151489e-02 3.953681886196136475e-02 1.053396030329167843e-03 1.327893417328596115e-02 3.510699421167373657e-02 1.624422967433929443e-01 8.970386534929275513e-02 2.027314715087413788e-02 4.887172952294349670e-02 4.070409107953310013e-03 1.186502818018198013e-02 1.873332634568214417e-02 4.430650547146797180e-02 3.304059058427810669e-02 3.779833018779754639e-02 2.690983191132545471e-02 9.458619169890880585e-03 4.723846912384033203e-03 2.138886228203773499e-02 3.046416677534580231e-02 1.019450952298939228e-03 3.012662380933761597e-02 1.768326573073863983e-02 1.594431931152939796e-03 1.019468344748020172e-02 8.381800726056098938e-03 4.740136209875345230e-03 3.703426197171211243e-02 4.506048560142517090e-02 7.886181585490703583e-03 3.653247607871890068e-03 1.526527758687734604e-02 1.048320066183805466e-02 4.827761650085449219e-02 9.050325490534305573e-03 2.765777986496686935e-03 4.876178503036499023e-02 1.296758744865655899e-02 2.033799141645431519e-02 3.157937526702880859e-02 1.103321928530931473e-02 6.678192876279354095e-04 2.383540757000446320e-02 4.105652868747711182e-02 2.689025131985545158e-03 2.533033490180969238e-02 5.486132577061653137e-03 3.493066877126693726e-02 1.678697206079959869e-02 1.237042713910341263e-02 2.063589543104171753e-02 8.809410966932773590e-03 4.268391057848930359e-02 3.755384683609008789e-02 1.582815498113632202e-02 2.536015212535858154e-02 2.833071909844875336e-02 6.326654460281133652e-03 5.419366061687469482e-03 8.479673415422439575e-03 3.079864755272865295e-02 4.775727540254592896e-02 6.048465613275766373e-03 8.675378747284412384e-03 5.279792100191116333e-02 2.546187862753868103e-02 6.334457546472549438e-02 3.123763762414455414e-02 3.528654202818870544e-02 2.451091632246971130e-02 2.971279807388782501e-02 1.844443008303642273e-02 5.043571442365646362e-02 3.698477894067764282e-02 4.000461474061012268e-02
7.716710213571786880e-03 9.840400516986846924e-02 2.999634714797139168e-03 1.276777125895023346e-02 4.291042685508728027e-02 1.887039393186569214e-01 4.544813334941864014e-01 4.001816362142562866e-02 1.171638537198305130e-02 4.867002367973327637e-02 5.903921276330947876e-02 9.374573826789855957e-03 8.058338612318038940e-02 3.912626579403877258e-02 3.565276414155960083e-02 1.946190558373928070e-02 2.927068807184696198e-02 6.400213576853275299e-03 1.683436706662178040e-02 1.478217728435993195e-02 1.937525533139705658e-02 5.031361430883407593e-02 6.674519972875714302e-04 3.459803992882370949e-03 4.354434087872505188e-03 8.432135917246341705e-03 2.333998680114746094e-02 2.637460641562938690e-02 3.232787549495697021e-02 2.918451651930809021e-02 5.420679599046707153e-02 5.108129698783159256e-03 4.211017489433288574e-02 3.181421011686325073e-02 2.747327275574207306e-02 1.884551160037517548e-02 1.014899369329214096e-02 1.583631709218025208e-02 2.193857729434967041e-02 2.081942930817604065e-02 4.625991731882095337e-02 1.592414639890193939e-02 2.809380553662776947e-02 4.902784246951341629e-03 3.265501558780670166e-02 1.176983490586280823e-02 1.785853058099746704e-01 1.218638345599174500e-01 3.364172950387001038e-02 4.104457795619964600e-02 2.389204129576683044e-02 1.030885986983776093e-02 1.779496297240257263e-02 2.558635361492633820e-02 5.551722273230552673e-02 2.345090545713901520e-02 3.570936247706413269e-02 1.774468272924423218e-02 3.410775959491729736e-02 1.280028838664293289e-02 1.078266929835081100e-02 1.575470343232154846e-02 4.540394060313701630e-03 2.435714192688465118e-02 4.155855625867843628e-02 1.708036847412586212e-02 1.367775164544582367e-02 1.452566683292388916e-02 1.743219606578350067e-02 3.168267011642456055e-02 1.241812482476234436e-02 6.026949267834424973e-03 5.307140294462442398e-03 1.620417647063732147e-02 4.973315820097923279e-02 3.124250099062919617e-02 1.612332835793495178e-02 2.471208386123180389e-02 1.902149524539709091e-03 5.074010416865348816e-02 3.949628770351409912e-02 3.830586094409227371e-03 1.502061542123556137e-02 2.324988134205341339e-03 2.051333524286746979e-02 9.848175570368766785e-03 3.824539110064506531e-02 5.700137000530958176e-03 4.364793002605438232e-02 4.581842571496963501e-02 2.639009989798069000e-02 2.789139002561569214e-02 1.807263121008872986e-02 5.091208964586257935e-02 1.229734811931848526e-02 3.923453018069267273e-02 4.203643649816513062e-02 1.246657036244869232e-02 9.001755155622959137e-03 1.427239086478948593e-02 1.719935238361358643e-02 4.712678492069244385e-02 4.522935673594474792e-02 3.382141469046473503e-03 9.559980593621730804e-03 2.894071862101554871e-02 2.717463299632072449e-02 7.122609019279479980e-02 1.669751480221748352e-02 1.128686824813485146e-03 4.023264348506927490e-02 2.105388231575489044e-02 3.383658453822135925e-02 1.160662621259689331e-02 1.475581899285316467e-02 3.323923423886299133e-02
3.297859057784080505e-02 3.672090917825698853e-02 6.385273486375808716e-02 8.217717520892620087e-03 2.450774237513542175e-02 2.301373146474361420e-02 4.001816362142562866e-02 4.787940382957458496e-01 2.883348613977432251e-02 8.453356102108955383e-03 5.143138021230697632e-02 2.735270746052265167e-02 7.936695218086242676e-02 2.397377230226993561e-02 1.773828268051147461e-01 2.924344874918460846e-02 4.419891908764839172e-02 2.735703997313976288e-02 3.283911198377609253e-02 4.186610132455825806e-02 4.305435717105865479e-02 9.336154162883758545e-02 4.618250206112861633e-02 9.526005946099758148e-03 2.247084677219390869e-02 1.531570870429277420e-02 2.387028001248836517e-02 5.411892198026180267e-04 4.047972708940505981e-02 3.257038071751594543e-03 4.503016546368598938e-02 3.219828754663467407e-02 3.965650126338005066e-02 4.522360488772392273e-02 3.212076798081398010e-02 4.252195823937654495e-03 2.416581287980079651e-02 1.254227757453918457e-02 2.731338329613208771e-02 4.033378139138221741e-02 2.151470072567462921e-02 3.886830061674118042e-02 3.328790143132209778e-02 2.865270711481571198e-02 2.862574905157089233e-02 2.579525113105773926e-02 2.179628051817417145e-02 4.269171133637428284e-02 4.370254650712013245e-02 4.022770002484321594e-02 2.321512624621391296e-02 2.993333153426647186e-02 4.140679910778999329e-02 2.915143501013517380e-03 3.565587103366851807e-02 1.335586328059434891e-02 6.084495037794113159e-02 1.435487810522317886e-02 1.999102905392646790e-02 3.982418682426214218e-03 1.418772991746664047e-02 2.682223357260227203e-02 3.767227008938789368e-02 2.120604366064071655e-02 9.332191199064254761e-03 1.753325387835502625e-02 2.791026420891284943e-02 4.575455188751220703e-02 7.965437136590480804e-03 3.988504782319068909e-02 3.576501458883285522e-02 1.405846327543258667e-02 4.350653663277626038e-02 1.448791194707155228e-02 4.448638483881950378e-02 8.740735240280628204e-03 1.887453161180019379e-02 1.223470177501440048e-02 2.353783510625362396e-02 7.166326977312564850e-03 1.519596725702285767e-01 4.210311174392700195e-02 3.026064950972795486e-03 6.753275636583566666e-03 3.852917253971099854e-02 6.043877452611923218e-03 1.759924590587615967e-01 1.199062764644622803e-01 1.184736378490924835e-02 2.620732877403497696e-03 4.834774509072303772e-02 2.967281453311443329e-02 3.656638786196708679e-02 3.567582368850708008e-02 2.981516346335411072e-02 1.456571370363235474e-02 3.261449187994003296e-02 7.963851094245910645e-03 8.803785312920808792e-04 2.088905125856399536e-02 4.576921463012695312e-02 2.622420154511928558e-02 4.734027013182640076e-02 7.310929242521524429e-03 3.314980491995811462e-02 4.518080875277519226e-02 2.566748065873980522e-03 8.699484169483184814e-03 4.863896407186985016e-03 1.383075397461652756e-02 6.067981477826833725e-03 3.346600383520126343e-02 3.641638904809951782e-02 4.142398014664649963e-02 2.766207605600357056e-02 1.252199895679950714e-02
2.690940164029598236e-02 4.612324482877738774e-05 2.834871783852577209e-02 2.732782438397407532e-02 3.610337153077125549e-02 2.297287434339523315e-02 1.171638537198305130e-02 2.883348613977432251e-02 4.554266333580017090e-01 6.842622160911560059e-02 6.130612920969724655e-03 4.577448964118957520e-02 2.372221089899539948e-02 2.170723117887973785e-02 4.697959125041961670e-02 4.589495062828063965e-02 4.720298945903778076e-02 5.253700073808431625e-03 4.934735596179962158e-02 3.505370393395423889e-02 3.786860778927803040e-02 2.276999875903129578e-03 9.564041160047054291e-03 1.376178581267595291e-02 2.302271313965320587e-03 1.393115241080522537e-02 1.820976287126541138e-02 4.461653158068656921e-02 1.177585404366254807e-02 4.029429703950881958e-02 2.908280584961175919e-03 1.543006300926208496e-02 2.700224332511425018e-02 1.460850145667791367e-02 8.415179327130317688e-03 2.710191532969474792e-02 5.319386254996061325e-03 2.854014560580253601e-02 2.220125310122966766e-02 4.866922646760940552e-02 1.814802736043930054e-02 2.954863384366035461e-02 3.978438302874565125e-02 1.299793459475040436e-02 1.151094399392604828e-02 2.119854791089892387e-03 8.967799134552478790e-03 9.472277946770191193e-03 4.248580709099769592e-02 1.267971098423004150e-02 6.162425503134727478e-03 2.768114209175109863e-02 2.816292271018028259e-02 1.127449213527143002e-03 8.533225208520889282e-02 1.438827347010374069e-02 2.391867572441697121e-03 2.349025569856166840e-02 2.040779776871204376e-02 1.065849233418703079e-02 2.601676154881715775e-03 2.304241061210632324e-02 2.269482985138893127e-02 2.215695008635520935e-02 3.032288700342178345e-02 4.376346245408058167e-02 3.757561370730400085e-02 4.602145403623580933e-02 4.374323040246963501e-02 4.486805945634841919e-02 4.687902051955461502e-03 1.138455606997013092e-02 2.712674438953399658e-02 5.450602993369102478e-02 3.643979504704475403e-02 4.007887467741966248e-02 9.531749784946441650e-02 6.825502216815948486e-02 5.355028435587882996e-02 3.534795716404914856e-02 9.049111045897006989e-03 2.060877345502376556e-02 1.001795753836631775e-03 3.532866016030311584e-02 1.492523308843374252e-02 9.746649302542209625e-03 3.527380153536796570e-02 3.876772150397300720e-02 1.031176652759313583e-02 1.515314914286136627e-03 4.336006566882133484e-02 4.852090775966644287e-02 2.261906303465366364e-02 9.215637110173702240e-03 3.287937864661216736e-02 1.268763444386422634e-03 7.222274783998727798e-03 3.959532082080841064e-02 5.916026420891284943e-03 9.665078250691294670e-04 3.120586276054382324e-03 3.109506517648696899e-02 3.058912698179483414e-03 4.091937467455863953e-02 1.617929898202419281e-02 4.832385107874870300e-02 1.503579597920179367e-02 1.123659685254096985e-02 1.660349778831005096e-02 2.163949422538280487e-02 2.922002412378787994e-02 3.883428499102592468e-02 2.088672295212745667e-02 4.922728613018989563e-02 2.585453167557716370e-02 2.399925142526626587e-03
1.887118211016058922e-03 1.877447217702865601e-02 2.247407566756010056e-03 1.411661226302385330e-02 3.058343566954135895e-02 5.943602696061134338e-02 4.867002367973327637e-02 8.453356102108955383e-03 6.842622160911560059e-02 4.631799161434173584e-01 2.378026582300662994e-02 1.073779631406068802e-02 3.025079844519495964e-03 4.169670492410659790e-02 2.991108782589435577e-02 3.723724558949470520e-02 3.881609300151467323e-03 1.659873127937316895e-02 3.156764432787895203e-02 6.313908845186233521e-02 3.914872556924819946e-02 2.145619504153728485e-02 2.663439325988292694e-02 1.597091555595397949e-02 2.544440142810344696e-02 2.203697152435779572e-02 4.414494335651397705e-02 4.649684950709342957e-02 3.168357536196708679e-02 2.207127166911959648e-03 1.078575197607278824e-02 3.301861882209777832e-02 1.689570769667625427e-02 7.053039968013763428e-03 3.183067962527275085e-02 2.912531048059463501e-02 1.690941490232944489e-02 3.298801556229591370e-02 2.803836483508348465e-03 4.586471617221832275e-02 3.187143430113792419e-02 3.230179473757743835e-02 1.824565976858139038e-02 3.222453221678733826e-02 2.716471254825592041e-02 2.130111912265419960e-03 8.292830549180507660e-03 5.223806574940681458e-02 7.156183943152427673e-03 6.816174089908599854e-02 1.667715958319604397e-03 8.601980283856391907e-03 2.722321636974811554e-02 2.969671599566936493e-02 1.035457570105791092e-02 8.812291920185089111e-02 4.102724790573120117e-02 1.600420475006103516e-02 7.619066163897514343e-03 2.113789506256580353e-02 3.011986613273620605e-03 1.966588944196701050e-02 2.095514349639415741e-02 4.476062208414077759e-02 3.197156637907028198e-02 4.178094118833541870e-02 3.889523074030876160e-02 4.061132669448852539e-02 2.414728701114654541e-02 4.016335681080818176e-02 5.123602226376533508e-02 7.499459199607372284e-03 7.714041275903582573e-04 3.383861854672431946e-02 6.149008125066757202e-02 3.690561745315790176e-03 5.654233694076538086e-02 1.242719069123268127e-01 4.063436016440391541e-02 1.276056319475173950e-01 3.372129576746374369e-04 2.494397806003689766e-03 3.064456582069396973e-02 8.335090242326259613e-03 5.074308440089225769e-02 2.868139371275901794e-02 5.576321855187416077e-03 3.476406261324882507e-02 2.525009401142597198e-02 5.323089659214019775e-02 4.801815003156661987e-02 1.113609317690134048e-02 4.855024442076683044e-02 1.254643499851226807e-02 2.288232930004596710e-02 4.330104961991310120e-02 2.658939734101295471e-02 2.984058344736695290e-03 2.494103508070111275e-03 2.890586154535412788e-03 2.116665057837963104e-02 2.133549377322196960e-02 3.908849880099296570e-02 1.143206842243671417e-02 2.035766467452049255e-02 1.189347077161073685e-02 5.665203928947448730e-02 1.654213480651378632e-02 2.681152150034904480e-02 3.072354942560195923e-02 2.328413352370262146e-02 3.562052175402641296e-02 1.754029095172882080e-02 3.096065670251846313e-02 7.249293848872184753e-04 3.078217804431915283e-02
1.660899221897125244e-01 9.624392539262771606e-02 4.370530322194099426e-02 3.923012688755989075e-02 1.386732235550880432e-02 1.765180006623268127e-02 5.903921276330947876e-02 5.143138021230697632e-02 6.130612920969724655e-03 2.378026582300662994e-02 4.556612372398376465e-01 3.266814397647976875e-03 1.322884559631347656e-01 2.411436056718230247e-03 6.917236000299453735e-02 1.575337722897529602e-02 3.499678149819374084e-02 1.338335964828729630e-02 1.195881236344575882e-02 3.198056668043136597e-02 8.130540954880416393e-04 6.067738309502601624e-02 4.005648568272590637e-02 1.077553443610668182e-02 4.419989138841629028e-02 1.238031312823295593e-02 6.188999861478805542e-03 3.821594268083572388e-02 2.041262201964855194e-02 5.181480944156646729e-02 4.911528900265693665e-02 4.625974595546722412e-02 4.390945285558700562e-02 3.376272693276405334e-02 7.010238710790872574e-03 3.883258998394012451e-02 2.139590121805667877e-02 1.049951091408729553e-02 4.280443862080574036e-02 4.112558439373970032e-02 2.802143990993499756e-02 3.317467868328094482e-02 1.020652707666158676e-02 1.111482176929712296e-02 1.464436762034893036e-02 1.527963019907474518e-02 4.028318449854850769e-03 2.150328829884529114e-02 3.051755391061306000e-02 4.445419833064079285e-02 4.407240822911262512e-02 4.415388777852058411e-02 4.602904245257377625e-02 6.990786641836166382e-02 2.034492790699005127e-02 1.852265931665897369e-02 1.467639021575450897e-02 3.350538387894630432e-02 4.137914162129163742e-03 1.177101489156484604e-02 3.833283553831279278e-04 1.354718301445245743e-02 2.088764868676662445e-02 3.349916636943817139e-02 8.138463646173477173e-02 8.248700201511383057e-02 4.749260470271110535e-02 1.559060625731945038e-02 4.401116073131561279e-02 1.381245348602533340e-02 4.897859692573547363e-02 5.982065945863723755e-02 1.163605693727731705e-02 4.279468208551406860e-02 2.683245204389095306e-02 1.386501546949148178e-02 1.498759631067514420e-02 8.549841120839118958e-03 1.554503105580806732e-02 3.691941872239112854e-02 7.571126334369182587e-03 2.153807505965232849e-02 1.010700035840272903e-02 4.230648651719093323e-02 1.403317693620920181e-02 1.668355241417884827e-02 6.071798130869865417e-02 1.208170969039201736e-02 5.048973113298416138e-02 1.457224600017070770e-02 6.883424241095781326e-03 1.193194300867617130e-03 4.233900085091590881e-02 3.488832712173461914e-02 3.426246717572212219e-02 2.757797203958034515e-02 1.321009825915098190e-02 8.658059872686862946e-03 2.145219966769218445e-02 4.913920536637306213e-02 6.797585636377334595e-03 2.028297074139118195e-02 1.989744231104850769e-02 3.710028529167175293e-02 2.480551600456237793e-02 3.725770860910415649e-02 7.729173637926578522e-03 1.693617366254329681e-02 1.176735758781433105e-02 6.521211005747318268e-03 1.508485339581966400e-02 5.106407403945922852e-02 1.937722600996494293e-02 2.737260051071643829e-02 3.640196472406387329e-02 1.163383759558200836e-02
3.722513839602470398e-02 4.548630863428115845e-02 2.676864713430404663e-02 2.360115014016628265e-02 2.273815684020519257e-02 2.551057003438472748e-02 9.374573826789855957e-03 2.735270746052265167e-02 4.577448964118957520e-02 1.073779631406068802e-02 3.266814397647976875e-03 4.615344703197479248e-01 4.712297115474939346e-03 1.715772151947021484e-01 2.121198363602161407e-02 5.419918894767761230e-02 5.550316721200942993e-02 1.419825013726949692e-02 7.506918627768754959e-03 2.612885087728500366e-02 5.369084328413009644e-02 1.781585998833179474e-02 5.694646015763282776e-02 4.072882980108261108e-02 6.387674063444137573e-02 1.148687116801738739e-02 1.944592781364917755e-02 1.291480958461761475e-01 4.722042474895715714e-03 1.194855868816375732e-01 3.110360726714134216e-02 3.863526508212089539e-02 9.273190051317214966e-03 4.360351711511611938e-02 4.618690162897109985e-02 1.350137870758771896e-02 2.943198382854461670e-02 2.525076642632484436e-02 2.991009876132011414e-02 2.378622256219387054e-02 3.153915703296661377e-02 2.692864090204238892e-02 4.639689996838569641e-02 4.372321441769599915e-02 6.683225929737091064e-02 1.445412356406450272e-02 2.590660937130451202e-02 2.318770065903663635e-02 4.137859866023063660e-02 5.674412846565246582e-02 1.700426824390888214e-02 6.559561192989349365e-02 3.053327323868870735e-03 1.532413717359304428e-02 4.150598496198654175e-02 3.539341688156127930e-02 3.401946276426315308e-02 1.649039238691329956e-02 1.051987055689096451e-02 3.478724136948585510e-02 4.686916247010231018e-02 8.526570163667201996e-03 4.916975647211074829e-02 1.700195856392383575e-02 2.695030532777309418e-02 3.271789988502860069e-03 3.716367855668067932e-02 4.106404632329940796e-02 4.311052616685628891e-03 1.386390812695026398e-02 9.970694780349731445e-03 1.768907415680587292e-03 1.707018911838531494e-02 3.960845991969108582e-03 4.215395823121070862e-02 1.716547086834907532e-02 5.289231240749359131e-02 3.760898485779762268e-02 6.043283641338348389e-02 3.153194487094879150e-02 4.549027234315872192e-02 1.736422255635261536e-02 3.643330186605453491e-02 5.373552814126014709e-02 2.232869528234004974e-02 8.373318240046501160e-03 4.275461286306381226e-02 2.554438076913356781e-02 9.169671684503555298e-02 8.035912364721298218e-02 4.658608231693506241e-03 1.267730724066495895e-02 2.015038020908832550e-02 5.060589686036109924e-02 2.860372327268123627e-02 7.718579377979040146e-03 2.636346034705638885e-02 3.663710504770278931e-02 2.256963588297367096e-02 2.741653285920619965e-02 1.694709435105323792e-02 3.557669231668114662e-03 3.759417310357093811e-02 1.453210599720478058e-02 2.937743999063968658e-02 5.217427969910204411e-04 9.965877979993820190e-03 3.315058350563049316e-02 1.029802486300468445e-02 4.768085479736328125e-02 4.138471186161041260e-02 5.211276933550834656e-02 5.806985870003700256e-02 5.293082445859909058e-02 1.708937808871269226e-02 8.486025966703891754e-03
5.288562737405300140e-03 1.462345719337463379e-01 1.754997856914997101e-02 1.824882254004478455e-02 3.006026148796081543e-02 4.471620544791221619e-02 8.058338612318038940e-02 7.936695218086242676e-02 2.372221089899539948e-02 3.025079844519495964e-03 1.322884559631347656e-01 4.712297115474939346e-03 4.546887576580047607e-01 2.058384940028190613e-03 7.247366011142730713e-02 3.486131550744175911e-03 3.889416158199310303e-02 1.697811670601367950e-02 3.929556161165237427e-02 1.496677938848733902e-02 1.800691522657871246e-02 7.937683910131454468e-02 5.440938845276832581e-02 2.319363132119178772e-02 3.485766053199768066e-02 2.669594809412956238e-02 4.674770869314670563e-03 5.888739135116338730e-03 2.488395432010293007e-03 3.714861348271369934e-02 3.730870783329010010e-02 1.702292822301387787e-02 2.060296572744846344e-02 2.159588970243930817e-02 2.562294714152812958e-02 3.036382840946316719e-03 3.654297906905412674e-03 4.299776628613471985e-03 1.999526657164096832e-02 3.294035792350769043e-03 2.565088123083114624e-02 4.060386866331100464e-02 4.277314990758895874e-03 1.041599363088607788e-02 3.880496695637702942e-02 9.722752496600151062e-03 7.251777499914169312e-02 2.504465728998184204e-02 4.488235712051391602e-02 2.799354493618011475e-02 2.618855237960815430e-02 3.277271240949630737e-02 1.518504973500967026e-02 5.039253085851669312e-02 3.512408817186951637e-03 3.641490638256072998e-02 2.705585677176713943e-03 2.452361769974231720e-02 5.675754696130752563e-02 3.739874344319105148e-03 2.759309299290180206e-02 2.444357424974441528e-02 5.598892923444509506e-03 1.156082376837730408e-02 5.360139161348342896e-02 9.579791128635406494e-02 5.325711518526077271e-02 2.700221538543701172e-02 3.963673487305641174e-02 2.146922796964645386e-02 2.090257219970226288e-02 2.807525359094142914e-02 4.293100908398628235e-02 1.521699875593185425e-02 2.154850959777832031e-02 9.229947812855243683e-03 1.365036889910697937e-02 1.658816076815128326e-02 2.616648189723491669e-02 2.793925814330577850e-02 4.214361310005187988e-02 4.343971610069274902e-03 3.763467073440551758e-02 3.964372444897890091e-03 5.298221856355667114e-02 2.190712653100490570e-02 5.822334066033363342e-02 5.751841142773628235e-02 1.794785633683204651e-02 5.005328357219696045e-02 5.480875819921493530e-02 7.113758474588394165e-03 2.212536521255970001e-02 3.816598094999790192e-03 4.701048880815505981e-02 5.413364991545677185e-02 1.848052442073822021e-02 3.696313127875328064e-02 2.184171229600906372e-02 4.485407844185829163e-02 1.580122485756874084e-02 1.936922036111354828e-02 1.975139603018760681e-02 2.128749154508113861e-02 4.535643756389617920e-02 3.240390494465827942e-02 1.305437460541725159e-02 4.126073420047760010e-02 2.221745997667312622e-02 3.367044776678085327e-02 4.536829516291618347e-02 3.286463767290115356e-02 3.774619102478027344e-02 3.054549917578697205e-02 2.251769602298736572e-02 3.250994160771369934e-02
