5.078067779541015625e-01 2.044189870357513428e-01 1.509981881827116013e-02 1.833997666835784912e-02 2.344272844493389130e-02 2.049756497144699097e-01 6.589088588953018188e-02 2.978560887277126312e-02 5.114122107625007629e-02 1.863345690071582794e-02 2.165901660919189453e-01 3.278736397624015808e-02 1.194501742720603943e-01 2.832975611090660095e-02 1.123907137662172318e-02 4.470416530966758728e-02 2.597096562385559082e-02 1.725188270211219788e-02 2.754379436373710632e-02 6.843720097094774246e-03 2.132610604166984558e-02 1.023921649903059006e-02 4.259971156716346741e-02 3.142192214727401733e-02 2.272330969572067261e-02 6.802925490774214268e-04 1.177554577589035034e-02 1.508079282939434052e-02 4.198368266224861145e-02 4.045373201370239258e-02 3.860304132103919983e-02 1.312766131013631821e-02 6.152020068839192390e-04 1.882878132164478302e-02 3.788777440786361694e-02 2.645124122500419617e-02 3.177773952484130859e-02 2.520610578358173370e-02 8.117776364088058472e-02 3.297212347388267517e-02 2.355146966874599457e-02 2.581316418945789337e-02 2.967388927936553955e-02 1.087598502635955811e-03 1.099891867488622665e-02 1.016448158770799637e-02 1.085376739501953125e-01 4.864863306283950806e-02 3.228687122464179993e-02 1.696226187050342560e-02 4.073217883706092834e-02 1.823816262185573578e-02 2.230050228536128998e-02 2.406275743851438165e-04 3.573264926671981812e-02 1.409104652702808380e-02 3.431773185729980469e-02 3.557997115422040224e-04 8.218044415116310120e-03 1.844219304621219635e-02 2.019616402685642242e-02 4.203071445226669312e-02 5.255880299955606461e-03 4.301698412746191025e-03 1.446729060262441635e-03 1.065474189817905426e-02 6.967413239181041718e-03 3.434547036886215210e-02 4.590965062379837036e-02 1.193081494420766830e-02 4.134812206029891968e-02 4.272466897964477539e-02 3.638080880045890808e-02 2.230514585971832275e-02 2.572688832879066467e-02 1.398145407438278198e-02 4.782236739993095398e-02 2.704236097633838654e-02 2.664248831570148468e-02 3.980238735675811768e-02 4.859345965087413788e-03 1.388631388545036316e-02 1.671697013080120087e-02 1.550596579909324646e-02 1.264027506113052368e-02 2.417262271046638489e-02 4.812937974929809570e-02 3.830870240926742554e-02 2.842297405004501343e-02 1.288889162242412567e-02 2.998558431863784790e-02 1.297963596880435944e-02 1.662851311266422272e-02 3.700402751564979553e-02 5.052471160888671875e-02 1.436000107787549496e-03 1.558518968522548676e-02 4.384253174066543579e-02 4.363690316677093506e-02 4.488480091094970703e-02 1.875284314155578613e-02 2.782623656094074249e-02 1.466739550232887268e-02 1.247295644134283066e-02 2.175470255315303802e-02 8.038592204684391618e-05 3.109069354832172394e-02 3.748115897178649902e-02 4.558009654283523560e-02 1.507894694805145264e-02 3.562413528561592102e-02 2.574036363512277603e-03 3.574378043413162231e-02 2.709863334894180298e-02 1.470911968499422073e-02 1.861068978905677795e-02
2.044189870357513428e-01 5.052778720855712891e-01 2.787126787006855011e-02 3.772337734699249268e-02 1.133257802575826645e-02 1.445077359676361084e-01 1.307174265384674072e-01 1.173484139144420624e-02 4.596358630806207657e-03 1.840727031230926514e-02 1.213648766279220581e-01 3.175537660717964172e-02 1.580957025289535522e-01 2.313861623406410217e-02 2.423795498907566071e-02 2.308737672865390778e-02 3.791390731930732727e-02 2.651371993124485016e-02 6.848366465419530869e-03 2.924524061381816864e-02 4.297708719968795776e-02 1.112464815378189087e-01 5.138766393065452576e-02 3.604031354188919067e-02 1.762366108596324921e-02 2.783847041428089142e-02 2.641887776553630829e-02 3.447007760405540466e-02 6.113133952021598816e-02 8.762978948652744293e-03 3.089068830013275146e-02 2.405242621898651123e-02 3.878896310925483704e-02 1.207231543958187103e-02 3.741600736975669861e-02 2.715212106704711914e-02 4.825920239090919495e-02 4.054924473166465759e-02 8.768304251134395599e-03 3.529240144416689873e-03 6.758374720811843872e-02 4.711502417922019958e-02 3.123832307755947113e-02 2.976300753653049469e-02 2.971515804529190063e-02 2.787695266306400299e-02 1.609363406896591187e-02 3.444522619247436523e-03 1.360258180648088455e-02 1.242958591319620609e-03 1.700886897742748260e-02 4.770602565258741379e-03 3.622934594750404358e-02 4.412996396422386169e-02 3.298737481236457825e-02 4.329209402203559875e-02 2.876048441976308823e-03 2.186212316155433655e-02 1.088060624897480011e-02 1.854073139838874340e-03 3.443704172968864441e-02 4.178525879979133606e-02 6.863031536340713501e-03 2.765873074531555176e-02 4.148039221763610840e-02 7.932459004223346710e-03 2.689354494214057922e-02 3.616596758365631104e-02 3.083059564232826233e-03 3.560601174831390381e-02 2.670715749263763428e-02 1.625582575798034668e-02 5.725651513785123825e-03 3.802755475044250488e-02 7.699594832956790924e-03 6.310679484158754349e-03 6.393420509994029999e-03 3.397386288270354271e-03 2.813228219747543335e-02 2.867976727429777384e-04 8.386995643377304077e-03 4.025801271200180054e-02 3.977185115218162537e-02 2.122892253100872040e-02 2.637151442468166351e-02 3.554595261812210083e-02 7.431473117321729660e-03 1.470187865197658539e-02 2.508847974240779877e-02 4.567954223603010178e-03 2.458077110350131989e-02 2.796725369989871979e-02 4.032333567738533020e-02 5.610092729330062866e-02 3.134061396121978760e-02 2.609321102499961853e-02 5.753823742270469666e-02 9.032147005200386047e-03 3.224322944879531860e-02 1.611678046174347401e-03 8.813640102744102478e-03 2.488243207335472107e-02 3.178692981600761414e-02 5.174964293837547302e-02 3.257364407181739807e-02 2.598400600254535675e-02 8.147144690155982971e-03 3.461780492216348648e-03 1.963888527825474739e-03 2.421059878543019295e-03 1.272853114642202854e-03 7.389616221189498901e-02 2.128612622618675232e-02 8.981578866951167583e-05 2.511397004127502441e-02 4.076295718550682068e-02
1.509981881827116013e-02 2.787126787006855011e-02 4.852930009365081787e-01 2.978926710784435272e-02 2.119783684611320496e-02 8.005722425878047943e-03 7.778741419315338135e-03 9.331651031970977783e-02 4.593504592776298523e-03 5.073722451925277710e-02 1.602721051312983036e-03 2.045226469635963440e-02 3.174708038568496704e-02 9.332643449306488037e-02 4.702185466885566711e-02 1.898824796080589294e-02 9.295961819589138031e-03 1.756278052926063538e-02 2.977856993675231934e-02 5.366221070289611816e-03 8.846917189657688141e-03 2.888785861432552338e-02 1.094142068177461624e-02 2.444550767540931702e-02 3.573598340153694153e-02 1.089893840253353119e-02 3.449409268796443939e-03 2.773437835276126862e-02 5.062923952937126160e-02 4.036702960729598999e-02 1.086041796952486038e-03 4.125940427184104919e-02 4.030900448560714722e-02 1.546344254165887833e-02 3.219794481992721558e-02 3.204708173871040344e-02 2.358656935393810272e-02 2.140096761286258698e-02 3.371556103229522705e-02 6.643298547714948654e-03 1.181995496153831482e-03 2.698343805968761444e-02 8.708381094038486481e-03 3.763315454125404358e-02 8.509650826454162598e-02 5.223234742879867554e-02 5.505055561661720276e-02 2.634834730997681618e-03 4.409626498818397522e-02 4.436931759119033813e-02 4.052475839853286743e-02 1.021339092403650284e-02 1.285356190055608749e-02 2.857809886336326599e-04 1.576270163059234619e-02 4.263871163129806519e-02 6.356146931648254395e-02 1.335636060684919357e-02 4.946659877896308899e-02 3.053177893161773682e-02 4.235058277845382690e-02 9.325705468654632568e-04 1.063512358814477921e-02 1.518259197473526001e-02 3.475404903292655945e-02 5.578830093145370483e-02 1.034859940409660339e-02 1.753064058721065521e-02 2.829771675169467926e-02 4.081805422902107239e-02 2.115106396377086639e-02 2.659785188734531403e-02 1.873658969998359680e-02 4.241353366523981094e-03 8.014655672013759613e-03 8.472594432532787323e-03 2.449235133826732635e-02 2.809857577085494995e-02 5.999818095006048679e-04 6.395464297384023666e-03 7.433168590068817139e-02 3.770594298839569092e-02 3.624564036726951599e-02 1.394049264490604401e-02 1.880492828786373138e-02 3.066802211105823517e-02 2.787602506577968597e-02 4.847984760999679565e-02 3.782490268349647522e-02 6.361865997314453125e-02 3.108738362789154053e-02 2.699300833046436310e-02 5.943208560347557068e-02 2.883062511682510376e-02 1.921540126204490662e-02 2.778028324246406555e-02 2.074209600687026978e-02 2.037848159670829773e-02 8.870842866599559784e-03 4.411954898387193680e-03 4.454429075121879578e-02 4.462309926748275757e-02 2.843875624239444733e-02 2.125892974436283112e-02 2.276583760976791382e-02 1.809708587825298309e-02 7.978926412761211395e-03 2.640799805521965027e-02 1.376161724328994751e-02 2.572227455675601959e-02 4.507994279265403748e-03 5.088806618005037308e-03 1.800628006458282471e-02 4.297837242484092712e-02 1.918184012174606323e-02 3.614986315369606018e-02
1.833997666835784912e-02 3.772337734699249268e-02 2.978926710784435272e-02 5.007372498512268066e-01 8.795682340860366821e-02 4.632562771439552307e-02 3.040331043303012848e-02 8.490706793963909149e-03 7.205338217318058014e-03 1.495662797242403030e-02 4.617349477484822273e-04 2.838045917451381683e-02 2.870835736393928528e-02 2.579926222097128630e-04 3.286191076040267944e-02 3.113361261785030365e-02 2.540163882076740265e-02 4.245370253920555115e-02 4.132781550288200378e-02 2.953225374221801758e-02 4.356643185019493103e-02 4.434613138437271118e-02 2.836664393544197083e-02 2.498128823935985565e-02 4.840414226055145264e-02 1.355959218926727772e-03 2.308870106935501099e-02 8.075503632426261902e-03 5.066926032304763794e-02 2.243073284626007080e-02 5.066559184342622757e-03 2.487596310675144196e-02 1.697504147887229919e-02 8.734815753996372223e-03 5.344185978174209595e-03 5.139436572790145874e-02 3.346565738320350647e-02 1.171730272471904755e-02 1.376318782567977905e-01 1.973377726972103119e-02 7.389214634895324707e-02 2.203988470137119293e-02 2.206533827120438218e-04 2.302070334553718567e-02 3.813943639397621155e-02 3.785941749811172485e-02 7.889215834438800812e-03 1.412028353661298752e-02 2.113045006990432739e-02 2.819382399320602417e-02 6.596535444259643555e-03 1.916187815368175507e-02 3.658921271562576294e-02 3.128946945071220398e-02 3.416213020682334900e-02 1.013459824025630951e-02 6.982125341892242432e-04 1.466398965567350388e-02 6.551321595907211304e-02 1.659374684095382690e-02 1.015999820083379745e-02 4.443554207682609558e-02 2.252778224647045135e-02 2.115624956786632538e-02 7.343576848506927490e-02 2.805550582706928253e-02 4.164301231503486633e-02 2.748741395771503448e-02 1.965520717203617096e-02 4.239919409155845642e-02 2.922412194311618805e-02 4.564959555864334106e-02 1.317840814590454102e-01 9.625835344195365906e-03 1.169672012329101562e-01 4.487231373786926270e-02 4.778111819177865982e-03 4.024304822087287903e-02 2.267341688275337219e-02 1.492916140705347061e-02 2.209884580224752426e-03 8.166489191353321075e-03 3.959564492106437683e-03 4.170934483408927917e-02 4.149362072348594666e-02 5.703965947031974792e-02 6.807501427829265594e-03 1.272707246243953705e-02 1.290403772145509720e-02 2.847251296043395996e-02 4.457401484251022339e-02 2.574664168059825897e-02 1.545431092381477356e-02 2.722125500440597534e-02 1.720823696814477444e-03 4.002120345830917358e-02 3.767116460949182510e-03 1.083923224359750748e-02 3.458899632096290588e-02 4.882106557488441467e-02 3.822329640388488770e-02 2.317055314779281616e-02 4.021981731057167053e-02 3.215563669800758362e-02 2.845804393291473389e-02 1.089070737361907959e-02 4.788519442081451416e-02 2.908953279256820679e-02 8.386430330574512482e-03 2.681185957044363022e-03 3.087121993303298950e-02 1.509122084826231003e-02 2.553215622901916504e-02 1.276896335184574127e-02 2.215784415602684021e-02 3.599314764142036438e-02
2.344272844493389130e-02 1.133257802575826645e-02 2.119783684611320496e-02 8.795682340860366821e-02 4.985871613025665283e-01 1.562338136136531830e-02 3.639142960309982300e-02 1.900416053831577301e-02 2.195959724485874176e-02 3.754109144210815430e-02 2.349567227065563202e-02 4.346638172864913940e-02 1.371578313410282135e-02 2.906428277492523193e-02 2.409113012254238129e-02 1.767269894480705261e-02 1.807472109794616699e-02 1.830029301345348358e-02 4.605429247021675110e-02 3.860826790332794189e-02 2.755729667842388153e-02 3.471190854907035828e-02 1.680099591612815857e-02 1.613561250269412994e-02 4.326053895056247711e-03 2.560722408816218376e-03 3.250521421432495117e-02 4.229144379496574402e-02 2.322688139975070953e-02 1.400821376591920853e-02 2.697995118796825409e-02 3.870851173996925354e-02 7.878439500927925110e-04 4.619805887341499329e-02 1.278989296406507492e-02 6.845794618129730225e-03 5.108594894409179688e-03 1.673749834299087524e-02 8.428992331027984619e-02 7.290141284465789795e-02 2.195927314460277557e-02 1.790318638086318970e-02 9.926318190991878510e-03 1.715839467942714691e-02 3.351862542331218719e-04 2.383793890476226807e-02 4.794217273592948914e-02 4.094450920820236206e-02 2.458199858665466309e-02 9.414221160113811493e-03 2.025237493216991425e-02 1.193859241902828217e-02 5.514300614595413208e-02 3.131437301635742188e-02 3.328175842761993408e-02 1.187589485198259354e-02 1.960449293255805969e-02 2.416684851050376892e-02 5.829380825161933899e-02 1.824351958930492401e-02 2.049957588315010071e-02 3.970710188150405884e-02 3.541069477796554565e-02 9.659258648753166199e-04 8.047524839639663696e-03 3.984346613287925720e-02 1.162405242212116718e-03 4.108731821179389954e-02 1.091539487242698669e-02 2.146690711379051208e-02 1.745526120066642761e-02 4.768303595483303070e-03 8.803360909223556519e-02 3.791566193103790283e-02 1.249650940299034119e-01 3.211194882169365883e-03 2.033414691686630249e-02 1.561093330383300781e-02 3.668878227472305298e-02 2.351928688585758209e-02 2.549458295106887817e-02 3.334157541394233704e-02 4.508091602474451065e-03 5.082239862531423569e-03 2.254136651754379272e-02 2.503043040633201599e-02 1.010400615632534027e-02 2.427595667541027069e-02 2.822536788880825043e-02 3.478760644793510437e-02 4.167511686682701111e-02 6.125394720584154129e-04 4.098774120211601257e-02 3.678981680423021317e-03 4.089521709829568863e-03 2.098355628550052643e-02 1.901389285922050476e-02 2.576721133664250374e-03 2.525644004344940186e-02 3.887330740690231323e-02 1.410324966855114326e-05 2.839626558125019073e-02 4.399508982896804810e-02 2.487570792436599731e-02 3.076177381444722414e-04 4.259570315480232239e-02 1.099969539791345596e-02 3.552983701229095459e-02 1.185715897008776665e-03 3.345831111073493958e-02 4.953203722834587097e-02 4.605209082365036011e-02 2.297408506274223328e-02 3.998904302716255188e-02 1.320189516991376877e-02 4.390841349959373474e-02
2.049756497144699097e-01 1.445077359676361084e-01 8.005722425878047943e-03 4.632562771439552307e-02 1.562338136136531830e-02 5.099300742149353027e-01 1.526449620723724365e-01 1.438353955745697021e-02 5.682660266757011414e-03 1.092954538762569427e-03 1.425802111625671387e-01 3.029648447409272194e-03 1.195451170206069946e-01 1.215237751603126526e-02 9.575939737260341644e-03 1.199063612148165703e-03 3.729787096381187439e-02 1.700235158205032349e-02 2.617518045008182526e-02 7.030009292066097260e-03 2.130799368023872375e-02 1.251853257417678833e-02 1.034218072891235352e-02 3.938056156039237976e-02 4.013750702142715454e-02 3.270573541522026062e-02 2.032351121306419373e-02 1.327377744019031525e-02 2.553068101406097412e-03 5.657733976840972900e-02 1.170137990266084671e-02 2.336922846734523773e-02 3.568343445658683777e-02 3.011863678693771362e-02 1.509601250290870667e-02 2.078937366604804993e-02 3.800360113382339478e-02 2.554620057344436646e-02 1.490696426481008530e-02 2.871799282729625702e-02 1.659734174609184265e-02 1.922372169792652130e-02 1.991019956767559052e-02 4.050269350409507751e-02 6.269516423344612122e-03 4.706308245658874512e-03 1.233468651771545410e-01 1.157535798847675323e-02 8.434887044131755829e-03 1.989586045965552330e-03 4.492741078138351440e-03 4.419856145977973938e-02 1.302426308393478394e-02 2.554030157625675201e-02 9.641352109611034393e-03 3.118930757045745850e-02 8.754691807553172112e-04 1.508710160851478577e-02 2.634235844016075134e-02 4.766441136598587036e-02 2.801825292408466339e-02 1.461823703721165657e-04 9.500373154878616333e-03 1.193624176084995270e-02 5.098529160022735596e-02 3.012159653007984161e-02 2.560453303158283234e-02 7.531998213380575180e-03 2.249414101243019104e-02 1.691224239766597748e-02 3.538770973682403564e-02 3.096225857734680176e-02 5.780882667750120163e-03 6.706377025693655014e-03 1.241000182926654816e-02 4.465474921744316816e-04 1.006831694394350052e-02 3.157219034619629383e-04 2.403574762865900993e-03 4.081609472632408142e-02 1.315798051655292511e-02 3.823757916688919067e-02 2.705756947398185730e-02 4.628738388419151306e-03 3.258523344993591309e-02 3.307894570752978325e-03 4.707066342234611511e-03 3.378979489207267761e-02 1.635887101292610168e-02 2.457908727228641510e-02 3.347412124276161194e-02 3.910161554813385010e-02 2.265123650431632996e-02 1.381957810372114182e-02 3.405142948031425476e-02 1.212411373853683472e-02 2.890995517373085022e-02 2.362991869449615479e-02 2.100616320967674255e-02 2.571461535990238190e-02 2.897927165031433105e-02 3.488655015826225281e-02 2.081213705241680145e-02 2.167561091482639313e-02 2.318211831152439117e-02 2.026878297328948975e-02 3.996273130178451538e-02 3.529714886099100113e-03 1.584014855325222015e-02 3.179578483104705811e-02 4.578648135066032410e-02 4.014291800558567047e-03 3.272619470953941345e-02 1.930724084377288818e-02 2.964575774967670441e-02 1.071816589683294296e-02
6.589088588953018188e-02 1.307174265384674072e-01 7.778741419315338135e-03 3.040331043303012848e-02 3.639142960309982300e-02 1.526449620723724365e-01 5.078946352005004883e-01 1.282067317515611649e-02 6.273654848337173462e-02 5.507073830813169479e-03 1.111942604184150696e-01 1.580684562213718891e-03 1.056957095861434937e-01 4.347480833530426025e-02 3.818539902567863464e-02 4.041805118322372437e-02 3.205342963337898254e-02 9.402365423738956451e-03 2.805862948298454285e-02 6.441108882427215576e-02 6.701270118355751038e-03 2.649808488786220551e-02 2.282224223017692566e-02 4.288166761398315430e-02 2.749186195433139801e-02 4.909577965736389160e-02 1.870266161859035492e-02 1.331327576190233231e-02 7.480341941118240356e-03 3.040284104645252228e-02 5.167856812477111816e-02 5.236865952610969543e-03 5.002423748373985291e-02 3.391422703862190247e-02 5.356132239103317261e-02 3.815215453505516052e-02 4.071989655494689941e-02 1.694909669458866119e-02 2.897842973470687866e-02 1.300123403780162334e-03 2.584162354469299316e-02 3.436636552214622498e-02 2.247231639921665192e-02 9.127448312938213348e-03 3.596909344196319580e-02 4.109909757971763611e-02 7.414983212947845459e-02 1.029506698250770569e-01 4.382766038179397583e-02 1.948335021734237671e-02 8.959827013313770294e-03 3.154333215206861496e-03 3.149520140141248703e-03 5.909071769565343857e-03 2.187106385827064514e-02 6.668036221526563168e-04 1.556384004652500153e-02 8.502937853336334229e-03 3.762739896774291992e-02 4.292462393641471863e-02 2.876481041312217712e-02 1.712516322731971741e-02 3.686819225549697876e-02 3.744820505380630493e-02 5.069871433079242706e-03 3.044498898088932037e-02 2.025649324059486389e-02 1.370602659881114960e-02 9.416203014552593231e-03 2.079236134886741638e-02 4.375749081373214722e-02 1.636467128992080688e-02 1.647721230983734131e-02 2.097322791814804077e-02 2.327322959899902344e-02 2.103503234684467316e-02 4.310705512762069702e-02 6.260818336158990860e-03 1.796868443489074707e-02 1.069280784577131271e-02 3.709789738059043884e-02 8.288694545626640320e-03 5.868687760084867477e-03 8.004908449947834015e-03 1.521117240190505981e-02 5.514617636799812317e-02 1.654068566858768463e-02 3.130680322647094727e-02 4.051212593913078308e-02 4.331905394792556763e-02 2.658764831721782684e-02 2.561965025961399078e-02 5.865220911800861359e-03 3.279991820454597473e-02 1.906718872487545013e-02 1.012032292783260345e-02 1.385582797229290009e-02 9.250679053366184235e-03 1.164665725082159042e-02 7.745074108242988586e-03 5.283905938267707825e-02 4.061298817396163940e-02 8.023341186344623566e-03 1.444616168737411499e-02 3.473088145256042480e-02 3.750878199934959412e-02 1.883714832365512848e-02 3.037260146811604500e-03 3.758914396166801453e-02 8.752075023949146271e-03 2.057064510881900787e-02 5.141191929578781128e-02 2.406697906553745270e-02 2.349608205258846283e-02 4.200199618935585022e-02 7.509722840040922165e-03
2.978560887277126312e-02 1.173484139144420624e-02 9.331651031970977783e-02 8.490706793963909149e-03 1.900416053831577301e-02 1.438353955745697021e-02 1.282067317515611649e-02 4.828869104385375977e-01 6.744346581399440765e-03 5.490644369274377823e-03 3.143743053078651428e-02 2.298607490956783295e-02 4.397385194897651672e-02 3.664185851812362671e-02 1.348655018955469131e-02 1.444215700030326843e-02 1.645636186003684998e-02 1.264783088117837906e-02 1.387033425271511078e-02 1.190394069999456406e-02 1.526134205050766468e-03 1.679176278412342072e-02 7.577253854833543301e-04 8.230423554778099060e-03 4.222919791936874390e-02 3.462599962949752808e-02 3.143321489915251732e-03 2.465143240988254547e-02 6.991773843765258789e-04 2.613399177789688110e-02 5.013862159103155136e-03 3.178761154413223267e-02 2.370779030025005341e-02 3.209674730896949768e-02 8.199615404009819031e-03 4.407138749957084656e-02 1.081244833767414093e-02 4.429316520690917969e-02 7.684381213039159775e-03 7.809429895132780075e-03 2.279811352491378784e-02 2.812568284571170807e-02 8.600917644798755646e-03 2.461015619337558746e-02 3.390530124306678772e-02 2.152673713862895966e-02 2.706961333751678467e-02 2.627609064802527428e-03 1.546867098659276962e-02 2.730536088347434998e-02 5.012338981032371521e-02 3.975570946931838989e-02 6.054216995835304260e-03 5.423000548034906387e-03 1.194743160158395767e-02 1.414950378239154816e-02 7.071895059198141098e-03 1.518498174846172333e-02 2.456745505332946777e-02 1.340211369097232819e-02 2.159159071743488312e-02 2.765892632305622101e-02 2.239458821713924408e-02 5.938617512583732605e-02 4.334417358040809631e-02 4.312049970030784607e-02 1.383166876621544361e-03 2.891843765974044800e-02 1.463666651397943497e-02 3.285037726163864136e-02 2.545242663472890854e-03 5.162767320871353149e-02 1.861730404198169708e-02 1.668832264840602875e-02 2.531761862337589264e-02 2.191089652478694916e-02 7.857620716094970703e-03 3.881721198558807373e-02 2.942764386534690857e-02 4.007012397050857544e-02 1.291459053754806519e-01 5.684142932295799255e-02 1.544845011085271835e-02 2.851491235196590424e-02 3.993046469986438751e-03 3.340896684676408768e-03 8.096651732921600342e-02 4.344244673848152161e-02 4.495973140001296997e-02 6.875523179769515991e-02 4.004888236522674561e-02 5.085785686969757080e-02 2.250956604257225990e-03 5.652684345841407776e-02 1.986733637750148773e-02 4.267597105354070663e-03 3.124410053715109825e-03 3.671573102474212646e-02 5.000222101807594299e-02 2.715465240180492401e-02 4.099635034799575806e-02 3.918974474072456360e-02 4.280175641179084778e-02 4.799978062510490417e-02 4.032920673489570618e-02 8.259772323071956635e-03 4.387480393052101135e-02 1.510661374777555466e-02 6.442731246352195740e-03 3.749644756317138672e-02 3.770744660869240761e-03 2.952336706221103668e-02 5.844025406986474991e-03 3.395967558026313782e-02 3.672477602958679199e-02 4.066602885723114014e-02
5.114122107625007629e-02 4.596358630806207657e-03 4.593504592776298523e-03 7.205338217318058014e-03 2.195959724485874176e-02 5.682660266757011414e-03 6.273654848337173462e-02 6.744346581399440765e-03 5.217686295509338379e-01 3.134357556700706482e-02 9.035707451403141022e-03 4.325372353196144104e-02 3.853934258222579956e-02 2.509256638586521149e-02 3.324463590979576111e-02 2.593824826180934906e-02 1.782076316885650158e-03 3.156207501888275146e-02 5.471369251608848572e-03 1.501804869621992111e-02 9.471721015870571136e-03 4.362049326300621033e-02 1.200355775654315948e-02 1.293381582945585251e-02 3.558415174484252930e-02 2.388635277748107910e-02 1.418183528585359454e-04 4.527796432375907898e-02 2.468146011233329773e-02 1.883176714181900024e-02 4.549458995461463928e-02 1.443229429423809052e-02 9.731415659189224243e-03 7.891948334872722626e-03 4.421166377142071724e-04 2.926898933947086334e-02 4.748674854636192322e-02 4.247579723596572876e-02 1.554074604064226151e-02 5.059179291129112244e-02 3.481275588274002075e-02 1.898754015564918518e-02 2.398567041382193565e-03 3.087799809873104095e-02 4.843241185881197453e-04 5.249794945120811462e-02 6.220280192792415619e-04 4.006024450063705444e-02 2.555864118039608002e-02 9.312771260738372803e-03 1.749910973012447357e-02 8.359263651072978973e-03 4.570766538381576538e-02 2.771900407969951630e-02 4.783643409609794617e-02 7.343747187405824661e-03 2.277749963104724884e-02 2.092764340341091156e-02 3.131844103336334229e-02 3.333924338221549988e-02 1.829749788157641888e-03 2.037549577653408051e-02 1.725527271628379822e-02 3.325168043375015259e-02 5.265420675277709961e-02 9.815267287194728851e-03 1.733776740729808807e-02 1.773076714016497135e-03 3.768611699342727661e-02 8.655190467834472656e-03 6.692618597298860550e-03 3.818189725279808044e-02 4.754768311977386475e-02 1.568728871643543243e-02 4.698913916945457458e-02 3.073987551033496857e-02 8.552756160497665405e-02 3.726373240351676941e-02 3.349403664469718933e-02 4.741596058011054993e-03 3.207671688869595528e-03 1.844222098588943481e-02 5.966218933463096619e-02 1.709461584687232971e-02 3.974625468254089355e-02 3.986084461212158203e-02 2.738246880471706390e-02 4.322303831577301025e-02 5.477793142199516296e-02 3.880491480231285095e-02 4.002363979816436768e-02 1.901965588331222534e-02 8.966834284365177155e-03 7.478362880647182465e-03 2.910394221544265747e-02 8.004822768270969391e-03 1.915777102112770081e-02 3.815362602472305298e-02 2.312351390719413757e-02 1.688204519450664520e-02 1.415952295064926147e-02 5.048261210322380066e-02 3.826655913144350052e-03 1.974460855126380920e-02 1.971210353076457977e-02 2.960197068750858307e-02 2.029182389378547668e-02 7.385909557342529297e-03 4.593070968985557556e-02 2.236042357981204987e-02 4.722399637103080750e-02 4.058704525232315063e-02 1.040994748473167419e-02 9.744098410010337830e-03 5.029656365513801575e-02 3.290962800383567810e-02
1.863345690071582794e-02 1.840727031230926514e-02 5.073722451925277710e-02 1.495662797242403030e-02 3.754109144210815430e-02 1.092954538762569427e-03 5.507073830813169479e-03 5.490644369274377823e-03 3.134357556700706482e-02 5.197521448135375977e-01 2.638248167932033539e-02 1.358090247958898544e-02 1.093075727112591267e-03 3.841174300760030746e-03 9.295308031141757965e-03 9.403388947248458862e-03 1.098390575498342514e-02 2.023925445973873138e-02 6.013946607708930969e-02 4.984727874398231506e-02 1.603226922452449799e-02 2.230512350797653198e-02 1.651950366795063019e-02 9.467467665672302246e-03 8.444241248071193695e-03 4.443638958036899567e-03 7.559275720268487930e-03 5.496760830283164978e-02 5.301827564835548401e-02 3.944227471947669983e-02 4.982718825340270996e-02 6.907156202942132950e-03 1.777641102671623230e-02 1.359038520604372025e-03 1.401144172996282578e-02 1.801476813852787018e-02 1.937204599380493164e-02 8.975810371339321136e-03 2.097553946077823639e-02 4.731764271855354309e-02 6.019147112965583801e-03 1.953415339812636375e-03 2.173411194235086441e-03 4.207723587751388550e-02 2.995710633695125580e-02 2.288381941616535187e-02 1.198752410709857941e-02 2.829944482073187828e-03 1.223862916231155396e-02 5.596535280346870422e-02 2.449861913919448853e-02 9.330498985946178436e-03 2.661714144051074982e-02 5.593037977814674377e-02 3.171776607632637024e-02 5.126944184303283691e-02 2.802529372274875641e-03 3.592884168028831482e-02 4.359219968318939209e-02 5.247066542506217957e-02 1.516897697001695633e-02 1.833641529083251953e-02 5.216075852513313293e-02 4.467735439538955688e-02 5.076773092150688171e-02 1.625420711934566498e-02 3.116638399660587311e-02 8.552043698728084564e-03 1.064332295209169388e-02 2.982591651380062103e-02 1.401904691010713577e-02 1.300745643675327301e-02 2.712728455662727356e-02 2.419729158282279968e-02 2.194404136389493942e-03 1.480466220527887344e-02 1.514314394444227219e-02 6.706631928682327271e-02 2.215779013931751251e-02 6.635196506977081299e-02 8.466633036732673645e-03 4.743540193885564804e-03 2.828363515436649323e-02 5.440529063344001770e-02 6.617715116590261459e-03 3.102175891399383545e-02 3.501054644584655762e-02 3.223823383450508118e-02 1.032477896660566330e-02 7.418335415422916412e-03 3.377489373087882996e-02 1.165142934769392014e-02 2.385673485696315765e-02 4.772414453327655792e-03 2.173385769128799438e-02 2.069653011858463287e-03 1.661956077441573143e-03 3.230688162147998810e-03 1.295818760991096497e-02 4.351260140538215637e-03 2.472037682309746742e-03 9.967702440917491913e-03 8.174057118594646454e-03 3.353543113917112350e-03 1.915547437965869904e-02 3.884369507431983948e-02 4.634846933186054230e-03 1.552942115813493729e-02 4.096142482012510300e-03 1.898794318549335003e-03 5.131572019308805466e-03 2.387060783803462982e-03 2.093927189707756042e-02 2.675045107025653124e-04 1.706944778561592102e-02 2.179192565381526947e-02
2.165901660919189453e-01 1.213648766279220581e-01 1.602721051312983036e-03 4.617349477484822273e-04 2.349567227065563202e-02 1.425802111625671387e-01 1.111942604184150696e-01 3.143743053078651428e-02 9.035707451403141022e-03 2.638248167932033539e-02 5.152702927589416504e-01 4.106629267334938049e-02 1.730409264564514160e-01 4.935564938932657242e-03 2.938290499150753021e-02 2.076440863311290741e-02 4.191474243998527527e-02 4.061293229460716248e-02 3.178952634334564209e-02 1.257697027176618576e-02 1.948907272890210152e-03 5.132131744176149368e-03 3.325308114290237427e-02 4.197177290916442871e-02 2.618057094514369965e-02 3.066759184002876282e-02 1.252093818038702011e-02 2.889673970639705658e-02 2.363241836428642273e-02 6.250299513339996338e-03 2.585254237055778503e-02 1.997885853052139282e-02 3.558094054460525513e-02 2.182806655764579773e-02 2.375933341681957245e-02 4.347113519906997681e-02 3.681934205815196037e-03 1.274236198514699936e-02 3.285642340779304504e-02 4.045680910348892212e-02 2.969213947653770447e-02 4.624272510409355164e-02 3.729122132062911987e-02 9.989077225327491760e-03 4.426209628582000732e-02 5.188924726098775864e-03 1.341653019189834595e-01 4.094274714589118958e-02 7.740856148302555084e-03 3.687426075339317322e-02 3.860869631171226501e-02 4.386068508028984070e-02 1.930427970364689827e-03 1.222153659909963608e-02 3.301326185464859009e-02 2.335970290005207062e-02 1.748555712401866913e-02 3.561251983046531677e-02 4.525441676378250122e-02 3.681109845638275146e-02 4.712749272584915161e-02 4.052896052598953247e-02 4.367524757981300354e-02 1.039153430610895157e-02 1.073910817503929138e-01 8.414893597364425659e-02 1.247939746826887131e-02 6.391465198248624802e-03 2.316151931881904602e-02 3.550894185900688171e-02 9.939568117260932922e-03 3.900804743170738220e-02 9.653162211179733276e-03 1.545973960310220718e-02 1.302417740225791931e-02 4.946542531251907349e-02 6.159827462397515774e-04 2.425795793533325195e-02 3.396618738770484924e-02 2.814803086221218109e-02 1.743562333285808563e-02 2.253361977636814117e-02 1.127182412892580032e-02 3.651285171508789062e-02 6.773850182071328163e-04 1.150347571820020676e-02 7.820690050721168518e-03 3.513120487332344055e-02 1.307047717273235321e-02 2.914621308445930481e-02 4.445029422640800476e-02 1.933291554450988770e-03 1.226042304188013077e-02 3.953257575631141663e-02 3.079512529075145721e-02 3.922990709543228149e-02 2.155568078160285950e-02 2.211409434676170349e-02 3.368826117366552353e-03 2.734429948031902313e-02 2.562677860260009766e-02 2.772740088403224945e-02 2.023646794259548187e-02 8.825842291116714478e-03 4.309051111340522766e-02 8.794145658612251282e-03 5.954880267381668091e-02 5.454328656196594238e-02 7.695823442190885544e-03 4.285320639610290527e-02 2.743131946772336960e-03 1.882549934089183807e-02 2.917423285543918610e-02 7.902602665126323700e-03 1.567508466541767120e-02 2.531640604138374329e-02
3.278736397624015808e-02 3.175537660717964172e-02 2.045226469635963440e-02 2.838045917451381683e-02 4.346638172864913940e-02 3.029648447409272194e-03 1.580684562213718891e-03 2.298607490956783295e-02 4.325372353196144104e-02 1.358090247958898544e-02 4.106629267334938049e-02 5.002219676971435547e-01 2.635115571320056915e-02 1.951557248830795288e-01 2.766629122197628021e-02 6.848808377981185913e-02 3.686050325632095337e-02 4.099697992205619812e-02 4.401230253279209137e-03 1.624363660812377930e-02 2.202121354639530182e-02 7.672295905649662018e-03 1.386894006282091141e-02 3.724147379398345947e-02 3.069489449262619019e-02 4.750360548496246338e-02 3.028567694127559662e-02 1.843926608562469482e-01 3.491305932402610779e-02 1.532743424177169800e-01 5.354193970561027527e-02 2.852554898709058762e-03 1.539627183228731155e-02 1.713991165161132812e-02 1.275865593925118446e-03 1.825784891843795776e-02 1.689706742763519287e-02 7.929620333015918732e-03 4.052146151661872864e-02 2.368604298681020737e-03 1.275778561830520630e-02 1.534558460116386414e-02 4.821524396538734436e-02 2.795503288507461548e-02 3.149966651108115911e-04 9.107642807066440582e-03 4.533592984080314636e-02 4.838564246892929077e-02 6.728626042604446411e-02 4.560219869017601013e-02 1.317566074430942535e-02 3.811726346611976624e-03 1.767578348517417908e-02 6.091746501624584198e-03 3.431171923875808716e-02 3.537803515791893005e-02 7.738098967820405960e-03 9.301749989390373230e-03 4.124895855784416199e-02 1.665120362304151058e-03 1.553035061806440353e-02 2.035195706412196159e-03 2.455513738095760345e-02 4.465055093169212341e-02 3.774351254105567932e-02 1.635496318340301514e-02 2.434540353715419769e-02 3.827793523669242859e-02 8.553860709071159363e-03 2.552607282996177673e-02 1.837423071265220642e-02 4.065327718853950500e-02 1.554952096194028854e-02 8.010423742234706879e-03 2.631423994898796082e-02 4.386752843856811523e-02 2.004076354205608368e-02 4.048647359013557434e-03 1.973119564354419708e-02 2.084810473024845123e-02 1.218318194150924683e-02 2.542826114222407341e-03 6.962702609598636627e-03 3.134165704250335693e-02 3.012844920158386230e-02 4.526003077626228333e-02 9.451217018067836761e-03 3.107638843357563019e-02 5.967647209763526917e-02 4.508970305323600769e-02 4.308363422751426697e-02 2.165478281676769257e-02 6.589746102690696716e-03 2.370127663016319275e-02 2.578298747539520264e-02 7.445379626005887985e-03 2.132619172334671021e-02 3.608065098524093628e-02 4.895179346203804016e-02 3.412935510277748108e-02 4.410706087946891785e-02 2.742303162813186646e-02 1.720830769045278430e-04 3.502501547336578369e-02 3.528673574328422546e-02 1.888712495565414429e-02 3.076273202896118164e-02 1.710740290582180023e-02 9.558675810694694519e-03 2.013607323169708252e-02 8.976996876299381256e-03 5.314015224575996399e-02 4.616421833634376526e-02 2.285430952906608582e-02 1.639849133789539337e-02 4.150564968585968018e-02
1.194501742720603943e-01 1.580957025289535522e-01 3.174708038568496704e-02 2.870835736393928528e-02 1.371578313410282135e-02 1.195451170206069946e-01 1.056957095861434937e-01 4.397385194897651672e-02 3.853934258222579956e-02 1.093075727112591267e-03 1.730409264564514160e-01 2.635115571320056915e-02 5.134784579277038574e-01 2.362078428268432617e-02 3.286521881818771362e-02 3.533953800797462463e-02 4.716800525784492493e-03 3.901487216353416443e-02 2.998301014304161072e-02 2.951053157448768616e-02 8.315551094710826874e-03 9.401185810565948486e-02 4.500499367713928223e-02 2.972457930445671082e-02 1.853881776332855225e-02 4.081365093588829041e-02 2.711060829460620880e-02 3.832973772659897804e-03 8.978329598903656006e-03 1.969359815120697021e-02 6.862276047468185425e-02 4.050879925489425659e-02 9.732857346534729004e-03 4.771990701556205750e-02 3.300689626485109329e-03 2.137751691043376923e-02 5.121977883391082287e-04 5.744511727243661880e-03 2.572321705520153046e-02 3.280451521277427673e-03 2.863311022520065308e-02 2.431887947022914886e-02 3.596134483814239502e-02 3.737996891140937805e-02 4.870475456118583679e-02 6.596925202757120132e-03 9.406562894582748413e-02 3.675272688269615173e-02 5.667126178741455078e-02 2.516209147870540619e-02 2.073650434613227844e-02 1.324931811541318893e-02 2.472710981965065002e-02 4.348246008157730103e-02 4.569501057267189026e-02 2.300371974706649780e-02 5.033516883850097656e-02 2.014017663896083832e-02 2.104328386485576630e-02 3.292463952675461769e-03 4.802710842341184616e-03 4.786413535475730896e-02 2.929793298244476318e-02 1.573563180863857269e-02 1.158150844275951385e-02 8.289789408445358276e-02 3.452279791235923767e-02 8.099894970655441284e-03 1.728566735982894897e-02 1.960654556751251221e-02 3.648405894637107849e-02 3.394923731684684753e-02 1.024377881549298763e-03 2.095869742333889008e-02 1.195868384093046188e-02 2.186997793614864349e-02 3.524295985698699951e-02 5.663118325173854828e-03 4.989594221115112305e-02 2.828967571258544922e-02 1.533343922346830368e-02 3.733707591891288757e-02 3.403624147176742554e-02 1.296521350741386414e-02 1.123176608234643936e-02 4.165960475802421570e-02 4.555811360478401184e-02 2.575738821178674698e-03 1.789673604071140289e-02 1.706488057971000671e-02 5.939734727144241333e-02 4.529806226491928101e-02 1.621449552476406097e-02 1.211954280734062195e-02 2.309647947549819946e-02 4.274858906865119934e-02 1.299803727306425571e-03 1.390690822154283524e-02 1.664569787681102753e-02 3.975573927164077759e-02 9.131800383329391479e-03 8.876669220626354218e-03 9.072959423065185547e-03 4.219698533415794373e-02 3.990673646330833435e-02 4.849370568990707397e-02 6.756030488759279251e-03 2.714497968554496765e-02 1.157034095376729965e-02 1.090155262500047684e-02 3.735635057091712952e-02 3.638183698058128357e-02 7.511127274483442307e-03 1.012588664889335632e-02 3.313831239938735962e-02 2.039267681539058685e-02
