5.798979401588439941e-01 2.164050042629241943e-01 1.185169443488121033e-02 3.711092472076416016e-02 1.742040389217436314e-03 1.002631857991218567e-01 7.001899927854537964e-02 1.343838218599557877e-02 1.544787641614675522e-02 6.192008033394813538e-03 1.506516337394714355e-01 2.837808430194854736e-02 1.805913448333740234e-01 1.391800958663225174e-02 3.528641164302825928e-02 2.666565962135791779e-02 4.170658811926841736e-02 5.835612770169973373e-03 3.415449336171150208e-02 3.043728135526180267e-02 3.470944240689277649e-02 7.356248795986175537e-02 3.034796565771102905e-03 2.525784820318222046e-02 1.359467115253210068e-02 3.532092273235321045e-02 3.146854043006896973e-02 2.724074199795722961e-02 3.072102740406990051e-02 2.227880060672760010e-02 6.211734935641288757e-02 2.676290646195411682e-02 1.617678999900817871e-02 4.174641892313957214e-02 1.700714975595474243e-02 4.749237094074487686e-03 2.785383723676204681e-02 5.569525435566902161e-02 3.014854714274406433e-02 3.012594068422913551e-03 4.438649863004684448e-02 8.559105917811393738e-03 6.971450988203287125e-03 3.567316010594367981e-02 1.475646812468767166e-02 2.556570991873741150e-02 1.293537616729736328e-01 3.077922575175762177e-02 1.184666901826858521e-02 4.335570335388183594e-02 3.189804404973983765e-02 2.894178405404090881e-02 1.297480240464210510e-02 1.040066685527563095e-02 2.814941294491291046e-02 4.883966874331235886e-03 2.475315704941749573e-02 2.390020899474620819e-02 6.172298453748226166e-03 6.848925841040909290e-04 1.501195598393678665e-02 3.110289201140403748e-02 4.013653844594955444e-02 2.801334857940673828e-02 3.630146011710166931e-02 7.845085859298706055e-02 3.626717627048492432e-02 4.150579683482646942e-03 3.722221776843070984e-02 3.617914021015167236e-02 3.448607400059700012e-02 3.675585985183715820e-02 2.207800000905990601e-02 3.465782478451728821e-02 1.169825089164078236e-03 3.224749863147735596e-02 1.861022226512432098e-02 1.068797428160905838e-02 1.884018816053867340e-02 9.264100342988967896e-03 1.674629189074039459e-02 3.133899532258510590e-03 1.254982687532901764e-02 1.264265272766351700e-02 1.800896786153316498e-02 1.443795301020145416e-02 2.018261514604091644e-02 3.755635768175125122e-02 2.996993251144886017e-02 1.903399266302585602e-02 2.156650461256504059e-02 3.748667240142822266e-02 9.368248283863067627e-03 3.109700977802276611e-02 1.833124086260795593e-02 2.285144105553627014e-02 6.121729034930467606e-03 2.288134954869747162e-02 3.818834200501441956e-02 2.982485108077526093e-02 1.740912161767482758e-02 6.132479291409254074e-03 1.662907190620899200e-03 9.192132391035556793e-03 3.571414202451705933e-02 3.766490519046783447e-02 3.104885853826999664e-02 2.898499835282564163e-03 3.173833712935447693e-03 1.125793531537055969e-02 3.823320567607879639e-02 1.598143950104713440e-02 2.921813726425170898e-02 4.074663296341896057e-02 3.922022506594657898e-02 6.656863261014223099e-03
2.164050042629241943e-01 5.746762156486511230e-01 2.290301723405718803e-03 3.322459012269973755e-02 2.295866049826145172e-02 1.233139336109161377e-01 1.244930028915405273e-01 6.965443491935729980e-03 6.497725844383239746e-03 1.821001176722347736e-03 1.169461011886596680e-01 3.335383534431457520e-02 1.770398914813995361e-01 7.816581055521965027e-03 3.447287157177925110e-02 3.202261775732040405e-02 7.868513464927673340e-03 3.470335155725479126e-02 3.493796288967132568e-02 5.307288840413093567e-03 1.463580410927534103e-02 6.781747937202453613e-02 2.562953345477581024e-02 9.859330020844936371e-03 3.944545239210128784e-02 4.048196598887443542e-02 2.779152244329452515e-02 3.579184785485267639e-02 2.382770553231239319e-02 2.131890505552291870e-02 9.018237888813018799e-02 3.162227943539619446e-02 4.227611422538757324e-02 3.542352467775344849e-02 9.566618129611015320e-03 1.148575451225042343e-02 1.494618970900774002e-02 2.010689489543437958e-02 3.360980190336704254e-03 2.532179839909076691e-02 4.245276749134063721e-02 2.312934957444667816e-02 1.331519708037376404e-02 3.279755823314189911e-03 7.799343205988407135e-03 2.280758507549762726e-02 9.448922425508499146e-02 5.152052640914916992e-02 9.514378383755683899e-03 1.804286986589431763e-02 2.701009809970855713e-02 2.295622229576110840e-02 1.379061024636030197e-02 2.984218858182430267e-02 3.372198902070522308e-03 3.438314050436019897e-02 5.976988933980464935e-03 1.689225621521472931e-02 6.334738805890083313e-03 1.505073811858892441e-02 2.973658405244350433e-02 2.621974796056747437e-02 4.349211230874061584e-02 3.614803031086921692e-02 4.789661988615989685e-02 5.428576841950416565e-02 2.570574171841144562e-02 1.359232515096664429e-02 3.989397361874580383e-02 4.070342052727937698e-03 9.566936641931533813e-03 4.318745434284210205e-02 3.273008018732070923e-02 3.164209425449371338e-02 3.103909082710742950e-02 2.956617437303066254e-02 1.772804185748100281e-02 3.051075711846351624e-02 4.055231064558029175e-02 4.138557612895965576e-02 1.255603274330496788e-03 1.593475928530097008e-03 1.439485466107726097e-03 1.722912676632404327e-02 2.792720496654510498e-02 1.347378641366958618e-02 3.605253994464874268e-02 2.418569102883338928e-02 1.031604316085577011e-02 2.593925595283508301e-02 3.928242251276969910e-02 8.021625876426696777e-02 1.002098154276609421e-02 1.162342168390750885e-02 1.209895219653844833e-02 3.739896789193153381e-02 3.438134910538792610e-03 9.773799218237400055e-03 2.743412181735038757e-02 2.828012779355049133e-02 3.611774742603302002e-02 4.269506037235260010e-02 4.709091736003756523e-04 1.866721734404563904e-02 2.261351980268955231e-02 1.133855618536472321e-02 2.881452254951000214e-02 2.422540215775370598e-03 3.637553192675113678e-03 5.551574751734733582e-03 4.298567399382591248e-02 3.578141331672668457e-02 4.055929556488990784e-02 3.827572241425514221e-02 3.196312487125396729e-02 2.241708338260650635e-03
1.185169443488121033e-02 2.290301723405718803e-03 5.615090727806091309e-01 4.006123170256614685e-03 2.158766426146030426e-02 2.962456084787845612e-02 1.467115245759487152e-02 3.950283303856849670e-02 3.556717559695243835e-02 1.739518158137798309e-02 2.031273208558559418e-03 4.046776145696640015e-02 3.933250904083251953e-03 2.368860505521297455e-02 2.047994174063205719e-02 3.029723651707172394e-02 3.440200164914131165e-02 4.644117876887321472e-02 1.551354676485061646e-02 3.766326466575264931e-03 2.976717986166477203e-02 1.132927089929580688e-02 2.136345254257321358e-03 2.827571518719196320e-02 2.020812034606933594e-02 2.863775938749313354e-02 1.525150146335363388e-02 4.711873829364776611e-02 3.909219056367874146e-02 4.429761320352554321e-02 2.887477725744247437e-02 2.007663995027542114e-02 5.827827379107475281e-03 5.348103120923042297e-03 1.385980192571878433e-02 1.822892460040748119e-03 9.652486070990562439e-03 1.809249445796012878e-02 3.840683028101921082e-02 6.594286859035491943e-02 2.425607293844223022e-03 4.218574147671461105e-03 1.471870113164186478e-02 1.709721796214580536e-02 4.294302687048912048e-02 1.649179123342037201e-02 1.804338395595550537e-02 2.695816569030284882e-02 3.612265863921493292e-04 1.118128537200391293e-03 1.584240049123764038e-02 1.776874624192714691e-02 1.181992422789335251e-02 1.255506090819835663e-02 2.761536510661244392e-03 2.403986267745494843e-02 2.003746107220649719e-03 6.077839061617851257e-04 4.637407511472702026e-02 2.952040545642375946e-02 6.259093992412090302e-03 8.755219168961048126e-03 1.255736686289310455e-02 1.044177077710628510e-02 1.484678685665130615e-02 1.184632629156112671e-02 2.666788920760154724e-02 1.989178173243999481e-02 3.484355984255671501e-03 2.107052318751811981e-02 6.945915520191192627e-03 3.931697830557823181e-02 5.260817240923643112e-03 1.644686050713062286e-02 2.094040438532829285e-02 3.334585204720497131e-02 3.490186482667922974e-02 4.471468273550271988e-03 1.919650845229625702e-02 7.519342470914125443e-03 2.426370233297348022e-02 1.514116860926151276e-02 1.422783080488443375e-02 1.425032131373882294e-02 9.015957475639879704e-04 1.487841363996267319e-02 6.511203944683074951e-03 1.929918798850849271e-04 1.420107297599315643e-02 2.727482933551073074e-03 3.799548372626304626e-02 3.055302193388342857e-03 3.493447601795196533e-02 2.277064882218837738e-02 1.776629651430994272e-04 4.198377486318349838e-03 1.471302937716245651e-02 9.631171822547912598e-03 8.151733316481113434e-03 8.600060828030109406e-03 2.159311436116695404e-02 2.962276106700301170e-03 1.045368053019046783e-02 3.769531846046447754e-02 4.469620063900947571e-03 2.056961879134178162e-03 2.797429822385311127e-02 4.242854937911033630e-02 7.878567092120647430e-03 2.798885107040405273e-02 4.422363359481096268e-03 3.094261884689331055e-02 1.304103899747133255e-02 1.927394233644008636e-02 2.508592978119850159e-02 3.130984678864479065e-02
3.711092472076416016e-02 3.322459012269973755e-02 4.006123170256614685e-03 5.594466924667358398e-01 1.009725406765937805e-01 4.849134478718042374e-03 9.193392470479011536e-03 2.907297573983669281e-02 2.061311341822147369e-02 3.603009507060050964e-02 3.974862024188041687e-02 1.741027273237705231e-02 3.522302582859992981e-02 1.386110484600067139e-02 4.484507068991661072e-02 1.004952751100063324e-02 4.350563883781433105e-02 1.837939023971557617e-02 4.751690663397312164e-03 9.647129103541374207e-03 5.484818480908870697e-03 1.474958285689353943e-02 5.957398097962141037e-03 4.943544790148735046e-02 1.259663980454206467e-02 5.834954325109720230e-03 1.680837199091911316e-02 4.091134667396545410e-02 3.577201440930366516e-02 5.464972555637359619e-02 3.898916766047477722e-02 4.265638813376426697e-02 7.248555310070514679e-03 3.157353773713111877e-02 2.121174149215221405e-02 4.426549654453992844e-03 4.830287024378776550e-02 6.158136297017335892e-03 3.476995974779129028e-02 9.749928489327430725e-03 5.872407462447881699e-03 5.004922859370708466e-03 1.361949369311332703e-02 6.451423279941082001e-03 2.180674672126770020e-02 9.874562732875347137e-03 2.017686842009425163e-03 2.094074385240674019e-03 9.437870234251022339e-03 4.312567040324211121e-02 3.208807855844497681e-02 8.430644869804382324e-03 8.559401147067546844e-03 6.757273804396390915e-03 9.604064747691154480e-03 4.033818840980529785e-02 4.159865900874137878e-02 1.030891202390193939e-02 2.731098420917987823e-02 5.167871713638305664e-03 3.940746560692787170e-02 3.406125819310545921e-03 5.897759273648262024e-02 2.972892718389630318e-03 1.489867363125085831e-02 2.759318100288510323e-03 4.453352093696594238e-02 2.226255135610699654e-03 3.897196799516677856e-02 2.250349894165992737e-02 2.440830878913402557e-02 1.106771919876337051e-02 1.286805868148803711e-01 1.601918227970600128e-02 8.485519886016845703e-02 1.772085949778556824e-02 3.408838436007499695e-02 1.268034987151622772e-02 8.161704987287521362e-03 1.330725755542516708e-02 9.958060458302497864e-03 2.423680573701858521e-02 3.762178868055343628e-02 1.381580717861652374e-02 3.732559084892272949e-02 1.778149977326393127e-02 1.311372034251689911e-02 4.781043529510498047e-02 2.532437443733215332e-02 2.122943848371505737e-02 9.328563697636127472e-03 2.974940091371536255e-02 1.160386111587285995e-02 1.831411942839622498e-02 1.458563096821308136e-02 1.588611677289009094e-02 4.997964203357696533e-02 1.160142943263053894e-02 2.279044315218925476e-02 2.726640552282333374e-02 2.020590007305145264e-02 3.246891498565673828e-02 2.885419502854347229e-02 2.860844833776354790e-03 1.490340661257505417e-02 1.620312780141830444e-02 3.191434778273105621e-03 1.821467280387878418e-02 2.809129469096660614e-02 6.210704799741506577e-03 1.903803646564483643e-02 3.195516020059585571e-02 1.545783481560647488e-03 1.058862893842160702e-03 2.889913879334926605e-02 1.530140638351440430e-02
1.742040389217436314e-03 2.295866049826145172e-02 2.158766426146030426e-02 1.009725406765937805e-01 5.476066470146179199e-01 3.728984296321868896e-02 3.193331882357597351e-02 6.213507149368524551e-03 1.993424259126186371e-02 5.108888819813728333e-02 2.274205908179283142e-02 1.214790623635053635e-03 8.822835050523281097e-03 2.233409695327281952e-02 3.618534281849861145e-02 4.013195575680583715e-05 1.846596039831638336e-02 2.603935450315475464e-02 1.826214417815208435e-02 1.036130264401435852e-02 3.167174011468887329e-02 8.309050463140010834e-03 1.783644966781139374e-02 3.550839051604270935e-02 4.885404556989669800e-02 2.539005689322948456e-02 5.264753475785255432e-03 2.791216969490051270e-02 2.630404755473136902e-02 1.213986519724130630e-02 4.420061782002449036e-02 1.729368045926094055e-02 4.654124751687049866e-02 2.797273918986320496e-02 2.461533807218074799e-02 2.080680988729000092e-02 4.956750944256782532e-02 2.116752555593848228e-03 1.355513464659452438e-02 6.071960926055908203e-02 5.703983828425407410e-03 3.116540145128965378e-03 2.805920317769050598e-02 3.319974616169929504e-02 5.320748314261436462e-03 2.661265619099140167e-02 2.391912415623664856e-02 4.580113291740417480e-02 5.830386187881231308e-03 2.124217525124549866e-02 8.351382799446582794e-03 7.649776991456747055e-03 1.202128594741225243e-03 1.119606290012598038e-02 1.634234376251697540e-02 1.401399914175271988e-02 1.953653246164321899e-02 1.624528504908084869e-02 2.137620933353900909e-02 2.498580701649188995e-02 2.405739016830921173e-02 1.484205201268196106e-02 3.525277599692344666e-02 3.983518108725547791e-02 8.074318058788776398e-03 1.540195010602474213e-02 1.107575464993715286e-02 4.222036153078079224e-02 1.269495487213134766e-02 2.768188342452049255e-02 1.340926531702280045e-02 8.733080700039863586e-03 4.766155034303665161e-02 5.146590527147054672e-03 3.625705465674400330e-02 4.709140863269567490e-03 8.812149055302143097e-03 1.450081542134284973e-02 2.751074358820915222e-02 1.272190455347299576e-02 7.891404442489147186e-03 5.855717230588197708e-03 1.345550641417503357e-02 1.586045883595943451e-02 1.448519900441169739e-02 1.680185832083225250e-02 1.767822355031967163e-02 2.388240955770015717e-02 7.614315021783113480e-03 3.953219577670097351e-02 2.992581017315387726e-02 1.448895968496799469e-02 2.531456388533115387e-02 7.528240326792001724e-03 2.565087936818599701e-02 1.612108573317527771e-02 2.029506675899028778e-02 3.147590905427932739e-02 5.968347657471895218e-03 6.472945213317871094e-03 9.516265243291854858e-03 2.066340856254100800e-02 2.631049603223800659e-02 5.211840383708477020e-03 3.703126683831214905e-03 5.021116510033607483e-02 4.477244801819324493e-03 2.000526152551174164e-02 2.628569491207599640e-02 8.819460868835449219e-03 1.111898198723793030e-02 2.162802405655384064e-02 4.081815481185913086e-02 2.815447002649307251e-02 1.999142207205295563e-02 4.166794940829277039e-02
1.002631857991218567e-01 1.233139336109161377e-01 2.962456084787845612e-02 4.849134478718042374e-03 3.728984296321868896e-02 5.728926658630371094e-01 1.495294570922851562e-01 2.809659950435161591e-02 4.484768491238355637e-03 9.227927774190902710e-03 2.487956732511520386e-02 5.974552780389785767e-02 1.119624916464090347e-02 5.569274351000785828e-02 6.428823340684175491e-03 1.639660820364952087e-02 4.566798731684684753e-02 5.918711423873901367e-03 1.144506037235260010e-02 3.183281421661376953e-02 5.274568684399127960e-03 1.473208237439393997e-02 5.406174343079328537e-03 3.272100118920207024e-03 3.866877034306526184e-02 4.825400188565254211e-03 4.461543262004852295e-02 6.813001632690429688e-02 5.031038448214530945e-02 6.631241738796234131e-02 6.490538269281387329e-02 2.352191321551799774e-02 3.803010284900665283e-02 1.043456140905618668e-02 2.637188695371150970e-02 4.442110657691955566e-02 4.296492040157318115e-02 4.752411693334579468e-02 3.399808704853057861e-02 1.120539102703332901e-02 2.919815480709075928e-02 5.062524229288101196e-02 3.975931555032730103e-02 2.775884419679641724e-02 1.966449618339538574e-02 1.322180964052677155e-02 1.317381858825683594e-01 5.514673888683319092e-02 1.645333692431449890e-02 2.799322456121444702e-02 2.638038247823715210e-02 2.582512050867080688e-02 1.902599073946475983e-02 1.152818929404020309e-02 5.009211972355842590e-02 1.838911883533000946e-02 4.038376733660697937e-02 2.235093779745511711e-05 1.927492022514343262e-02 8.705144748091697693e-03 1.209584716707468033e-02 4.677615314722061157e-02 1.547058764845132828e-02 4.082719981670379639e-02 2.762043103575706482e-02 1.327280607074499130e-02 8.088797330856323242e-03 2.595443837344646454e-02 1.138828787952661514e-02 3.870601952075958252e-02 4.215829446911811829e-02 4.707062616944313049e-03 1.468209549784660339e-02 4.193417355418205261e-02 3.716531023383140564e-02 6.542438641190528870e-03 1.259942189790308475e-03 1.113776117563247681e-02 3.709289943799376488e-03 3.714710474014282227e-02 2.075227675959467888e-03 2.894709119573235512e-03 7.662714924663305283e-03 4.280201718211174011e-02 4.514520242810249329e-02 2.346698567271232605e-02 9.265479631721973419e-03 1.737208664417266846e-02 1.732843741774559021e-02 4.286079481244087219e-02 4.268385469913482666e-02 6.944602355360984802e-03 2.113373950123786926e-02 4.015039652585983276e-03 6.851747166365385056e-03 6.138684600591659546e-02 3.984971717000007629e-02 1.798721030354499817e-02 3.826123103499412537e-02 1.839744299650192261e-02 7.036047521978616714e-03 9.838090278208255768e-03 4.976721107959747314e-02 1.783641241490840912e-02 2.389998733997344971e-02 4.258117824792861938e-02 2.486331760883331299e-02 4.283670336008071899e-02 8.644667454063892365e-03 3.297606483101844788e-02 6.961890961974859238e-03 1.648681424558162689e-02 2.653795108199119568e-02 1.302040647715330124e-02 1.590128429234027863e-02 3.203897178173065186e-02
7.001899927854537964e-02 1.244930028915405273e-01 1.467115245759487152e-02 9.193392470479011536e-03 3.193331882357597351e-02 1.495294570922851562e-01 5.806642174720764160e-01 5.754547659307718277e-03 3.263142704963684082e-02 4.678897559642791748e-03 7.086496055126190186e-02 1.047164946794509888e-02 5.482110008597373962e-02 4.668829962611198425e-02 5.616357922554016113e-02 3.854499664157629013e-03 2.256157435476779938e-02 3.882078081369400024e-02 2.746458910405635834e-02 3.726487606763839722e-02 2.785453014075756073e-02 2.167244628071784973e-02 4.355577379465103149e-02 3.758840262889862061e-02 3.089928627014160156e-02 3.604383394122123718e-02 2.392421849071979523e-02 4.175837710499763489e-02 9.251511096954345703e-02 2.297983877360820770e-02 7.809896767139434814e-02 3.997693210840225220e-02 4.695786628872156143e-03 1.877498067915439606e-02 2.559704892337322235e-02 2.949917688965797424e-02 4.188568517565727234e-02 1.621945016086101532e-02 7.627008017152547836e-03 3.737182170152664185e-02 1.338202506303787231e-02 3.093361854553222656e-02 5.321399122476577759e-02 6.387932226061820984e-03 1.734397187829017639e-02 1.102993919630534947e-04 1.240889802575111389e-01 1.085191294550895691e-01 1.480386964976787567e-02 2.896726317703723907e-02 3.886312246322631836e-02 3.306231647729873657e-02 3.307249769568443298e-02 2.320461347699165344e-02 3.743649646639823914e-02 1.106945425271987915e-02 2.348758839070796967e-02 4.730979353189468384e-02 1.870485395193099976e-02 2.984368242323398590e-02 2.933622105047106743e-03 4.310530796647071838e-02 1.169309858232736588e-02 1.134482561610639095e-03 8.501065522432327271e-02 5.780718475580215454e-02 1.266309618949890137e-02 3.147025033831596375e-02 2.853039093315601349e-02 2.841109782457351685e-02 4.168756306171417236e-02 2.629639208316802979e-02 2.456530556082725525e-02 4.005330055952072144e-02 2.070098184049129486e-02 3.276328369975090027e-02 3.495626151561737061e-02 6.302257999777793884e-03 2.297018468379974365e-02 3.997558355331420898e-02 1.887107640504837036e-02 7.686711847782135010e-03 2.616067230701446533e-02 5.079657770693302155e-03 2.248801663517951965e-02 7.795589976012706757e-03 3.435442969202995300e-02 2.644274383783340454e-02 2.185805328190326691e-02 4.528975486755371094e-02 8.694321662187576294e-02 2.229742147028446198e-02 6.767959892749786377e-02 3.618699684739112854e-02 4.091352457180619240e-04 2.486987411975860596e-02 3.778172656893730164e-02 1.318823546171188354e-03 8.873712271451950073e-03 1.734685897827148438e-02 3.132612258195877075e-02 3.794934228062629700e-02 3.114080801606178284e-02 1.063497643917798996e-02 2.795164007693529129e-03 1.867849729023873806e-03 1.718307286500930786e-02 3.770178928971290588e-02 2.980883046984672546e-02 4.113923013210296631e-02 3.515084460377693176e-02 3.802104294300079346e-02 2.972576208412647247e-02 7.213844452053308487e-03 1.484878174960613251e-02 3.557413443922996521e-02
1.343838218599557877e-02 6.965443491935729980e-03 3.950283303856849670e-02 2.907297573983669281e-02 6.213507149368524551e-03 2.809659950435161591e-02 5.754547659307718277e-03 5.643286705017089844e-01 2.912508696317672729e-02 1.714254170656204224e-02 1.633350923657417297e-02 2.818634547293186188e-02 4.714308306574821472e-03 4.508680664002895355e-03 6.821530312299728394e-02 1.013622269965708256e-03 1.099774520844221115e-02 4.673186317086219788e-02 3.061060421168804169e-02 8.332404308021068573e-03 3.989791870117187500e-02 2.681595738977193832e-03 5.658609792590141296e-03 1.787958852946758270e-02 2.327387221157550812e-02 2.332800766453146935e-03 1.316357869654893875e-02 1.902572438120841980e-02 7.618754636496305466e-03 2.582746371626853943e-02 1.334388926625251770e-02 1.906099915504455566e-02 3.034326061606407166e-02 1.373252272605895996e-02 5.070975422859191895e-02 3.111028671264648438e-02 2.641100436449050903e-02 3.930443525314331055e-02 2.440321817994117737e-02 3.334476426243782043e-02 3.533201292157173157e-02 8.319250307977199554e-03 1.055046729743480682e-02 9.509045630693435669e-03 2.987454831600189209e-02 4.523627832531929016e-02 1.495886128395795822e-02 2.091070637106895447e-02 4.230734705924987793e-02 2.904739230871200562e-02 1.185224950313568115e-02 2.420133538544178009e-02 2.800258807837963104e-02 2.014962770044803619e-02 1.046406757086515427e-02 1.942486874759197235e-02 9.307130239903926849e-03 1.668378151953220367e-02 1.474502123892307281e-02 8.627361617982387543e-03 7.974642358021810651e-05 8.308028802275657654e-03 5.281511228531599045e-03 3.789162635803222656e-02 3.008664958178997040e-02 3.199100727215409279e-03 7.675557862967252731e-03 4.994499962776899338e-03 7.550455629825592041e-03 2.145588956773281097e-02 1.006804313510656357e-02 4.518520459532737732e-02 1.497553940862417221e-02 6.106903310865163803e-03 9.446143172681331635e-03 2.494774386286735535e-02 3.280173987150192261e-02 1.134210545569658279e-02 3.119800612330436707e-02 3.667706623673439026e-02 5.608601123094558716e-02 8.172450959682464600e-02 3.608283773064613342e-02 4.045937210321426392e-02 4.949149861931800842e-02 4.984550923109054565e-02 7.476536184549331665e-02 7.387048006057739258e-02 7.064570672810077667e-03 2.355865202844142914e-02 4.070693626999855042e-03 1.704539638012647629e-03 7.490123622119426727e-03 1.180495135486125946e-02 7.812147028744220734e-03 3.803548589348793030e-02 5.282755009829998016e-04 2.661309577524662018e-02 2.080826647579669952e-02 2.177278511226177216e-02 5.573389120399951935e-03 1.712154829874634743e-03 3.764356672763824463e-02 9.011348709464073181e-03 2.299363911151885986e-02 2.103606984019279480e-02 2.693662047386169434e-02 1.125578023493289948e-02 2.034829743206501007e-02 3.035197407007217407e-02 2.975842542946338654e-02 1.493843551725149155e-02 9.659348987042903900e-03 1.897771609947085381e-03 5.116887390613555908e-03 1.951321959495544434e-02
1.544787641614675522e-02 6.497725844383239746e-03 3.556717559695243835e-02 2.061311341822147369e-02 1.993424259126186371e-02 4.484768491238355637e-03 3.263142704963684082e-02 2.912508696317672729e-02 5.824862718582153320e-01 1.315263193100690842e-02 1.146021950989961624e-02 4.559110105037689209e-02 3.290791530162096024e-03 2.382461540400981903e-02 3.732480108737945557e-02 5.408242717385292053e-02 8.109382353723049164e-03 6.542506814002990723e-02 1.286325044929981232e-02 2.625448862090706825e-03 2.668078057467937469e-02 4.879354033619165421e-03 2.750483900308609009e-02 2.727881073951721191e-03 1.737870834767818451e-02 2.611054480075836182e-02 2.623513713479042053e-02 3.232958028092980385e-03 2.073687687516212463e-02 1.434558420442044735e-03 4.968658555299043655e-03 4.701353982090950012e-02 2.928801253437995911e-02 5.624406784772872925e-02 4.992967844009399414e-02 4.012436792254447937e-02 4.388167336583137512e-02 3.942358866333961487e-02 1.346019376069307327e-02 2.412434667348861694e-03 2.873319014906883240e-02 5.067176185548305511e-03 2.441463433206081390e-02 2.404221519827842712e-02 6.220808252692222595e-03 2.183728478848934174e-02 1.563947275280952454e-02 5.405743047595024109e-02 1.308128982782363892e-02 2.497692778706550598e-02 3.205310925841331482e-02 4.807728528976440430e-02 1.359362853690981865e-03 1.964753679931163788e-02 2.523862570524215698e-02 2.213216014206409454e-02 2.581069245934486389e-02 1.510284747928380966e-02 2.851066738367080688e-02 1.955342106521129608e-02 4.438061267137527466e-02 4.994437564164400101e-03 5.861441139131784439e-03 1.405274495482444763e-03 5.007019266486167908e-02 4.789459705352783203e-02 3.662996739149093628e-02 9.655869565904140472e-03 4.059502482414245605e-02 9.863136336207389832e-03 2.018561400473117828e-02 4.637781158089637756e-02 1.941308565437793732e-02 1.253329031169414520e-02 1.453032530844211578e-02 4.735393077135086060e-02 9.053649008274078369e-02 2.343221753835678101e-02 2.675921656191349030e-02 2.018001116812229156e-02 1.350395567715167999e-02 1.913705281913280487e-02 6.039538234472274780e-02 3.398446738719940186e-02 2.034410275518894196e-02 4.230249673128128052e-02 1.610951125621795654e-02 4.581056162714958191e-02 5.214781686663627625e-02 7.811260875314474106e-03 1.348822563886642456e-02 2.681305259466171265e-02 1.079295203089714050e-02 3.579558571800589561e-03 3.650197386741638184e-02 8.170701563358306885e-03 1.760810054838657379e-02 3.311033174395561218e-02 2.938133664429187775e-02 5.753053817898035049e-03 3.132246062159538269e-02 2.120129391551017761e-02 1.484696753323078156e-02 2.728671021759510040e-02 4.752833768725395203e-02 5.070511251688003540e-03 4.623597115278244019e-02 4.739243164658546448e-02 3.543723002076148987e-02 1.021812763065099716e-02 3.316608816385269165e-02 2.252812311053276062e-02 9.258785285055637360e-03 3.668808564543724060e-02 3.743943572044372559e-02 1.226464379578828812e-02
6.192008033394813538e-03 1.821001176722347736e-03 1.739518158137798309e-02 3.603009507060050964e-02 5.108888819813728333e-02 9.227927774190902710e-03 4.678897559642791748e-03 1.714254170656204224e-02 1.315263193100690842e-02 5.642341375350952148e-01 4.069634154438972473e-02 3.854918107390403748e-02 1.990121789276599884e-02 1.762004382908344269e-02 3.618619218468666077e-02 2.054946310818195343e-02 7.881050929427146912e-03 1.461164187639951706e-02 4.131948947906494141e-02 4.186024889349937439e-03 1.361294277012348175e-02 1.124068442732095718e-02 2.032901532948017120e-02 9.408994764089584351e-02 2.117660827934741974e-02 4.191284533590078354e-03 5.925967823714017868e-03 6.591404788196086884e-03 8.085408248007297516e-03 8.525818702764809132e-04 3.879252076148986816e-02 3.154010337311774492e-04 6.506747566163539886e-03 1.129188967752270401e-04 2.035831473767757416e-02 3.148987144231796265e-02 7.662411779165267944e-03 3.956588357686996460e-02 3.415424749255180359e-02 1.668859273195266724e-02 3.804798936471343040e-03 1.819966919720172882e-02 4.198426008224487305e-02 3.400596603751182556e-02 1.466525811702013016e-02 9.699310176074504852e-04 3.696856647729873657e-02 3.896328061819076538e-02 2.003101073205471039e-02 5.986776575446128845e-02 5.849510896950960159e-03 1.833930984139442444e-02 3.356061130762100220e-02 2.266008965671062469e-02 1.036021765321493149e-02 9.023514389991760254e-02 2.703877352178096771e-02 4.311415553092956543e-02 7.895390503108501434e-03 5.732275079935789108e-03 3.788649663329124451e-02 2.140630595386028290e-02 5.375838652253150940e-02 1.828545518219470978e-02 4.366213083267211914e-02 8.764052763581275940e-03 4.369071125984191895e-02 2.148891612887382507e-02 7.179575972259044647e-03 4.774981364607810974e-02 9.305717051029205322e-02 1.503795944154262543e-02 1.027398160658776760e-03 5.962492153048515320e-02 7.636329974047839642e-04 4.377844557166099548e-02 6.671323440968990326e-03 1.314031332731246948e-01 4.116459935903549194e-02 5.640229955315589905e-02 3.594000637531280518e-02 1.596528850495815277e-02 3.486882522702217102e-02 2.939713187515735626e-02 2.843001112341880798e-02 1.939400471746921539e-02 3.700550645589828491e-02 9.939815849065780640e-03 5.746458657085895538e-03 5.679736658930778503e-02 3.052650205790996552e-02 2.296327054500579834e-02 1.016902923583984375e-02 1.627851463854312897e-02 3.730429708957672119e-02 3.869294002652168274e-02 4.876754805445671082e-02 6.659056991338729858e-03 2.669537253677845001e-02 4.266457259654998779e-02 2.538067661225795746e-02 1.797570660710334778e-02 4.799468442797660828e-03 6.604363210499286652e-03 2.270141616463661194e-02 4.118561744689941406e-03 2.890873514115810394e-02 3.401319961994886398e-03 3.437454253435134888e-02 5.548714101314544678e-02 1.348742633126676083e-03 2.748942002654075623e-02 2.483472786843776703e-02 7.864926010370254517e-03 1.095986180007457733e-02 4.798636585474014282e-02
1.506516337394714355e-01 1.169461011886596680e-01 2.031273208558559418e-03 3.974862024188041687e-02 2.274205908179283142e-02 2.487956732511520386e-02 7.086496055126190186e-02 1.633350923657417297e-02 1.146021950989961624e-02 4.069634154438972473e-02 5.777212977409362793e-01 1.504150684922933578e-02 1.311036646366119385e-01 4.451750218868255615e-02 4.148532822728157043e-02 3.724727546796202660e-03 8.857958950102329254e-03 5.700501427054405212e-02 1.149271242320537567e-02 1.367129478603601456e-02 2.553800307214260101e-02 6.195125356316566467e-02 4.060751944780349731e-02 2.507900446653366089e-02 8.802578784525394440e-03 2.947148168459534645e-03 1.695011928677558899e-02 2.480111271142959595e-02 1.293927617371082306e-02 2.016441710293292999e-02 1.716768741607666016e-02 2.386333886533975601e-03 2.068085450446233153e-04 1.275454834103584290e-02 6.087030749768018723e-03 3.302843496203422546e-02 1.443641912192106247e-02 3.514139354228973389e-02 3.681186959147453308e-02 5.630236119031906128e-03 2.002969570457935333e-02 7.924415171146392822e-03 1.720030978322029114e-02 4.407116398215293884e-02 4.359119385480880737e-02 2.952171675860881805e-02 6.650687009096145630e-02 2.247508615255355835e-02 4.569550976157188416e-02 5.150773748755455017e-02 4.345581680536270142e-02 4.456187132745981216e-03 1.006451528519392014e-02 1.756980898790061474e-03 5.283358693122863770e-02 3.496573120355606079e-02 5.738266557455062866e-02 4.946257546544075012e-02 1.265868078917264938e-02 1.433097757399082184e-02 2.703086286783218384e-02 4.029731079936027527e-02 1.015974301844835281e-02 4.333860427141189575e-02 9.135959297418594360e-02 6.992827355861663818e-02 1.108412630856037140e-02 1.553630549460649490e-02 3.974696248769760132e-02 4.995093494653701782e-02 4.652769118547439575e-02 9.236281737685203552e-03 3.127395361661911011e-02 2.924318984150886536e-02 2.344043180346488953e-02 4.300597123801708221e-03 4.219768452458083630e-04 2.914131805300712585e-02 2.916981093585491180e-02 1.592865772545337677e-02 1.270215376280248165e-03 1.632387749850749969e-02 2.201182395219802856e-02 5.233788862824440002e-02 3.798428922891616821e-02 3.504375740885734558e-02 1.371733471751213074e-02 3.131699562072753906e-02 1.207976881414651871e-02 3.256450966000556946e-02 1.464799512177705765e-02 5.089012905955314636e-02 1.704397983849048615e-02 3.196334838867187500e-02 5.495984572917222977e-03 4.362129792571067810e-02 8.133829571306705475e-03 3.923910856246948242e-02 3.793478757143020630e-02 4.131018370389938354e-02 1.533239241689443588e-02 1.833834871649742126e-02 1.674540154635906219e-02 5.093224719166755676e-02 8.722840808331966400e-03 8.790912106633186340e-03 2.684749662876129150e-02 7.099423557519912720e-03 3.509056405164301395e-04 4.064924083650112152e-03 6.596446037292480469e-03 3.520813956856727600e-02 2.477901056408882141e-02 2.369459718465805054e-02 6.701527535915374756e-02 2.982556447386741638e-02
2.837808430194854736e-02 3.335383534431457520e-02 4.046776145696640015e-02 1.741027273237705231e-02 1.214790623635053635e-03 5.974552780389785767e-02 1.047164946794509888e-02 2.818634547293186188e-02 4.559110105037689209e-02 3.854918107390403748e-02 1.504150684922933578e-02 5.854860544204711914e-01 3.953503444790840149e-03 8.890774846076965332e-02 1.746095903217792511e-02 3.065632097423076630e-02 4.832468926906585693e-03 3.981833532452583313e-02 1.341029442846775055e-02 1.653916388750076294e-02 2.703360468149185181e-02 4.125473648309707642e-02 2.636398561298847198e-02 1.794525422155857086e-02 4.210178926587104797e-02 5.093268305063247681e-02 1.828598603606224060e-02 9.645903855562210083e-02 1.197581179440021515e-02 8.000695705413818359e-02 2.766192704439163208e-02 1.723467186093330383e-02 3.856499120593070984e-02 6.209955550730228424e-03 8.770684711635112762e-03 5.003465339541435242e-02 4.176620021462440491e-02 3.257708996534347534e-02 4.469096660614013672e-02 1.483022002503275871e-03 1.990680024027824402e-02 5.805457755923271179e-02 5.623398348689079285e-02 2.059336379170417786e-02 6.275361031293869019e-02 3.114166855812072754e-02 3.367551043629646301e-02 1.782976649701595306e-02 5.028545111417770386e-02 4.683458805084228516e-02 3.321023285388946533e-02 4.227516800165176392e-02 3.029023483395576477e-02 3.090537525713443756e-02 2.344126347452402115e-03 5.674852058291435242e-02 2.611425146460533142e-02 4.392588138580322266e-02 4.283079504966735840e-02 1.765201799571514130e-02 3.137215971946716309e-02 3.642894327640533447e-02 1.856364309787750244e-02 4.264444857835769653e-02 5.215921998023986816e-02 3.195555135607719421e-02 3.989908099174499512e-02 3.698052465915679932e-02 3.018082305788993835e-02 2.262900583446025848e-03 1.322980504482984543e-02 6.590094417333602905e-02 5.378478765487670898e-02 5.196012556552886963e-03 2.286204695701599121e-02 6.021552160382270813e-02 5.689391121268272400e-02 3.054735064506530762e-02 2.900296077132225037e-02 2.644078619778156281e-02 2.317774854600429535e-02 9.987246245145797729e-03 4.494930803775787354e-02 1.119551714509725571e-02 3.776973113417625427e-02 3.971103206276893616e-02 1.486476138234138489e-02 3.439652547240257263e-02 4.683954641222953796e-02 1.765516027808189392e-02 5.139217525720596313e-02 5.090763792395591736e-02 3.601859137415885925e-02 1.559797208756208420e-02 1.363702933304011822e-03 4.471862688660621643e-02 3.857387602329254150e-02 4.496560618281364441e-02 5.643073818646371365e-04 3.044916130602359772e-02 2.713946625590324402e-03 9.801297448575496674e-03 3.460223227739334106e-02 1.812105439603328705e-02 8.981390856206417084e-03 6.206492707133293152e-02 3.192144259810447693e-02 7.754541467875242233e-03 4.992506466805934906e-03 2.963127568364143372e-02 1.378616038709878922e-02 8.501580916345119476e-03 2.772092819213867188e-02 5.524781346321105957e-02 4.040956869721412659e-02 3.546473104506731033e-03
1.805913448333740234e-01 1.770398914813995361e-01 3.933250904083251953e-03 3.522302582859992981e-02 8.822835050523281097e-03 1.119624916464090347e-02 5.482110008597373962e-02 4.714308306574821472e-03 3.290791530162096024e-03 1.990121789276599884e-02 1.311036646366119385e-01 3.953503444790840149e-03 5.773547291755676270e-01 3.212596103549003601e-02 6.767129153013229370e-02 2.726512216031551361e-02 6.469035521149635315e-03 2.602539211511611938e-02 3.117751097306609154e-03 4.373063147068023682e-02 2.873220294713973999e-02 9.154880791902542114e-02 4.003741219639778137e-02 2.924157492816448212e-02 1.333543658256530762e-02 2.877308242022991180e-02 6.062143296003341675e-02 2.013010159134864807e-02 4.312004521489143372e-02 1.860903948545455933e-02 6.890940666198730469e-02 5.647552199661731720e-03 1.714102365076541901e-02 1.753048785030841827e-02 8.072691969573497772e-03 3.318810835480690002e-02 4.575290158390998840e-02 2.649307809770107269e-02 3.803852200508117676e-02 4.785650223493576050e-02 8.583778515458106995e-03 2.354025095701217651e-02 1.108408719301223755e-02 1.880558393895626068e-02 5.364489927887916565e-02 1.180501189082860947e-02 4.058149829506874084e-02 1.968376524746417999e-02 4.279274493455886841e-02 2.612427063286304474e-02 2.227270789444446564e-02 6.809480022639036179e-03 2.627816610038280487e-02 2.754576317965984344e-02 4.627835378050804138e-02 1.897207833826541901e-02 3.441792353987693787e-02 4.853218048810958862e-02 1.524813100695610046e-02 2.601862698793411255e-02 6.281811743974685669e-03 2.807882614433765411e-02 4.026857763528823853e-02 4.540104418992996216e-02 3.540109470486640930e-02 1.009590476751327515e-01 4.323616623878479004e-02 2.260860614478588104e-02 2.157438918948173523e-02 3.315817937254905701e-02 2.972334437072277069e-02 1.946458709426224232e-03 3.443603962659835815e-02 2.529734745621681213e-02 2.363498322665691376e-03 1.838050968945026398e-02 7.249661721289157867e-03 3.014387749135494232e-02 1.362201012670993805e-02 6.662825471721589565e-04 1.803675852715969086e-02 3.858635202050209045e-02 1.089336350560188293e-02 4.303828999400138855e-02 3.075686655938625336e-02 2.349738404154777527e-02 1.739826548146083951e-04 1.286291424185037613e-02 3.101773001253604889e-02 2.053665928542613983e-02 2.198979072272777557e-02 3.425848484039306641e-02 3.086282522417604923e-04 2.785237692296504974e-02 8.931326679885387421e-03 1.123343780636787415e-02 2.858203090727329254e-02 3.550154715776443481e-02 1.995831541717052460e-02 4.157396778464317322e-02 2.239326946437358856e-02 2.109362743794918060e-02 1.610675267875194550e-02 2.423140406608581543e-02 3.218943485990166664e-03 1.109600416384637356e-03 3.881688928231596947e-03 1.781320571899414062e-02 4.277170076966285706e-02 3.869513981044292450e-03 3.268945217132568359e-02 3.901155665516853333e-02 3.916495293378829956e-02 2.011588774621486664e-02 1.587839797139167786e-02 4.471723362803459167e-02
