5.135048627853393555e-01 2.186968326568603516e-01 4.251821711659431458e-02 3.348199650645256042e-03 4.682620055973529816e-03 1.491589993238449097e-01 1.245487555861473083e-01 1.505264081060886383e-02 3.864314779639244080e-02 3.477502241730690002e-02 1.843032985925674438e-01 6.785308360122144222e-04 1.503416299819946289e-01 5.468243733048439026e-03 1.477473694831132889e-02 1.653354614973068237e-02 1.197056472301483154e-02 2.310392633080482483e-02 3.060822375118732452e-02 2.942358702421188354e-02 2.785530872642993927e-02 3.962235152721405029e-02 4.712576791644096375e-02 2.935762144625186920e-02 3.374574333429336548e-02 2.649153396487236023e-02 2.395871095359325409e-02 2.356858178973197937e-02 2.243221737444400787e-02 4.584781080484390259e-02 1.142530515789985657e-02 1.670128293335437775e-02 1.650838297791779041e-03 2.070493809878826141e-02 3.205031156539916992e-02 2.328964136540889740e-02 7.265341468155384064e-03 3.012850182130932808e-03 4.751677066087722778e-02 3.613830730319023132e-02 1.418649684637784958e-02 1.873306371271610260e-02 2.035531774163246155e-02 2.176724188029766083e-02 7.100009825080633163e-03 1.979778893291950226e-02 1.781338900327682495e-01 1.478162556886672974e-01 5.707005402655340731e-05 1.864086836576461792e-02 5.956562608480453491e-02 2.210474945604801178e-02 3.851296380162239075e-02 4.477837309241294861e-02 2.698099613189697266e-02 3.729246556758880615e-02 1.677068322896957397e-02 2.302576415240764618e-02 4.273282364010810852e-02 4.800501093268394470e-02 3.034537285566329956e-02 7.827747613191604614e-03 3.596078604459762573e-02 2.175647998228669167e-03 4.044802486896514893e-02 1.292434148490428925e-02 4.843906965106725693e-03 2.257639728486537933e-02 2.450084313750267029e-02 1.017799600958824158e-02 2.297654747962951660e-02 2.618413185700774193e-03 7.074293214827775955e-03 4.240510519593954086e-03 5.662973504513502121e-03 4.340802319347858429e-03 2.508736401796340942e-02 3.205066174268722534e-02 1.468291971832513809e-02 3.675854206085205078e-02 2.265254221856594086e-02 2.756401710212230682e-02 3.700986504554748535e-02 1.314794085919857025e-02 1.376150874421000481e-03 1.257344032637774944e-03 3.539631515741348267e-02 3.104991465806961060e-02 3.649581968784332275e-02 3.203178569674491882e-02 5.361400172114372253e-02 2.860308066010475159e-02 9.661228954792022705e-02 2.404602430760860443e-02 3.672473540063947439e-04 1.090549957007169724e-02 1.752692833542823792e-02 2.250713109970092773e-02 5.019521340727806091e-03 2.138893865048885345e-02 1.571545004844665527e-02 3.771540150046348572e-02 3.709368780255317688e-02 1.908016763627529144e-02 4.906627908349037170e-02 4.849990084767341614e-02 1.029533799737691879e-02 3.019833005964756012e-03 1.609485037624835968e-02 2.572381310164928436e-02 1.287748292088508606e-02 3.065352514386177063e-02 3.628243878483772278e-02 1.414177287369966507e-02 8.165554143488407135e-03 3.727675229310989380e-02
2.186968326568603516e-01 5.110058784484863281e-01 3.731899335980415344e-02 9.723224677145481110e-03 6.112102419137954712e-03 1.300325542688369751e-01 1.455823332071304321e-01 1.928619109094142914e-02 4.160517826676368713e-02 3.066935576498508453e-02 1.800251603126525879e-01 6.794813554733991623e-03 1.749377995729446411e-01 2.847057394683361053e-02 2.856435021385550499e-03 2.243932709097862244e-02 1.712474972009658813e-02 2.027163840830326080e-02 3.929206356406211853e-02 2.728603221476078033e-02 3.844361752271652222e-02 3.583979606628417969e-02 3.769788518548011780e-02 5.053640529513359070e-02 2.359809912741184235e-02 3.457660228013992310e-02 4.106178879737854004e-03 2.729701437056064606e-02 5.293802171945571899e-02 4.205624014139175415e-02 1.530449226265773177e-04 2.921172976493835449e-02 1.380437286570668221e-03 1.500548515468835831e-02 3.514490276575088501e-02 1.019349787384271622e-02 1.110978983342647552e-02 5.512471776455640793e-03 3.261313587427139282e-02 3.056454658508300781e-02 1.548667903989553452e-02 2.456667460501194000e-02 2.267202176153659821e-02 2.097499184310436249e-02 4.922373685985803604e-03 3.932218253612518311e-02 1.449067443609237671e-01 1.400127261877059937e-01 1.204031798988580704e-02 2.154109440743923187e-02 8.382181823253631592e-02 5.128472112119197845e-03 3.820545226335525513e-02 4.494686052203178406e-02 3.588488698005676270e-02 2.326873131096363068e-02 2.374511957168579102e-02 1.705143786966800690e-02 3.617492690682411194e-02 4.359304532408714294e-02 3.309434279799461365e-02 1.024237927049398422e-02 2.476519718766212463e-02 5.774532910436391830e-03 4.099656641483306885e-02 1.323499623686075211e-02 1.622700318694114685e-02 3.234619274735450745e-02 2.023515291512012482e-02 5.155616439878940582e-03 3.421815484762191772e-02 1.323869731277227402e-02 9.091665968298912048e-03 1.862309291027486324e-04 1.625433360459282994e-04 1.737178675830364227e-02 2.628402039408683777e-02 3.758576139807701111e-02 1.223591063171625137e-02 3.439412638545036316e-02 2.789823338389396667e-02 3.192668035626411438e-02 3.896068781614303589e-02 1.080389786511659622e-02 1.595263928174972534e-02 1.077350229024887085e-02 3.324788808822631836e-02 3.850627318024635315e-02 3.641295060515403748e-02 2.939089387655258179e-02 2.779763564467430115e-02 3.157312795519828796e-02 7.994706928730010986e-02 2.963189221918582916e-02 8.241767645813524723e-04 8.191755972802639008e-03 1.460519898682832718e-02 6.670281291007995605e-03 1.376252807676792145e-02 3.853413462638854980e-02 2.794687636196613312e-02 3.877651691436767578e-02 3.192166984081268311e-02 5.950044142082333565e-04 3.964661806821823120e-02 4.469968006014823914e-02 6.001733243465423584e-03 3.953558392822742462e-03 6.962573621422052383e-03 1.904614269733428955e-02 1.029140409082174301e-02 2.218228392302989960e-02 3.225671127438545227e-02 5.850993562489748001e-03 9.740176610648632050e-03 4.149497300386428833e-02
4.251821711659431458e-02 3.731899335980415344e-02 4.376490712165832520e-01 8.531764149665832520e-03 3.784880787134170532e-02 1.617668545804917812e-03 4.199065268039703369e-03 1.144454330205917358e-01 1.557583454996347427e-02 1.803183741867542267e-02 1.547819469124078751e-02 2.217215485870838165e-02 8.077380247414112091e-03 3.451481834053993225e-02 1.343386620283126831e-02 2.866079099476337433e-02 7.992723025381565094e-03 3.409344330430030823e-02 5.936287343502044678e-02 2.507200650870800018e-02 5.041943397372961044e-03 1.616265997290611267e-02 1.715227216482162476e-02 1.771056838333606720e-02 1.903649605810642242e-02 3.363568335771560669e-02 3.541556745767593384e-02 1.646973006427288055e-02 1.290348637849092484e-02 3.271696344017982483e-02 1.318870391696691513e-02 1.700985990464687347e-02 4.151328653097152710e-02 1.009743008762598038e-02 1.023508701473474503e-02 2.574077621102333069e-02 1.290238741785287857e-02 3.456129133701324463e-02 2.028844552114605904e-03 4.411476850509643555e-02 9.850256145000457764e-03 3.668711520731449127e-03 1.669709570705890656e-02 4.990804195404052734e-02 2.343607693910598755e-02 3.178148344159126282e-02 2.754782699048519135e-02 1.610969379544258118e-02 4.352018237113952637e-03 1.488126162439584732e-02 8.909626863896846771e-03 2.501888386905193329e-02 5.175003781914710999e-02 1.998335123062133789e-02 1.758632250130176544e-02 2.294642478227615356e-02 3.170848265290260315e-02 3.003548085689544678e-02 1.858492940664291382e-02 1.329006254673004150e-02 8.107352186925709248e-04 3.083271533250808716e-02 9.243388660252094269e-03 4.136318713426589966e-02 1.221492420881986618e-02 3.140648826956748962e-02 3.309939056634902954e-02 3.892857208847999573e-02 4.369148239493370056e-02 3.296227753162384033e-02 2.546544373035430908e-02 9.439845569431781769e-03 3.661782667040824890e-02 2.672600187361240387e-02 2.572614932432770729e-03 4.570722579956054688e-02 3.623317927122116089e-02 2.062560804188251495e-02 3.633660823106765747e-02 3.915765136480331421e-02 1.387167572975158691e-01 1.233373209834098816e-01 3.638555109500885010e-02 4.043159633874893188e-02 5.185374990105628967e-03 1.540722511708736420e-02 1.066112797707319260e-02 1.771369203925132751e-02 1.667563617229461670e-02 2.812043018639087677e-02 1.644935645163059235e-02 6.655802018940448761e-03 1.647099293768405914e-02 3.209057077765464783e-02 3.336976096034049988e-02 3.620859235525131226e-02 4.282036423683166504e-02 5.345749203115701675e-03 1.483018696308135986e-02 1.136254239827394485e-02 3.842803090810775757e-02 4.293581098318099976e-02 1.883276156149804592e-03 2.613175660371780396e-02 2.724975533783435822e-02 3.257431462407112122e-02 4.106746241450309753e-02 1.623078621923923492e-02 3.919169679284095764e-02 1.453103497624397278e-02 3.222127258777618408e-02 1.658555492758750916e-02 1.340655423700809479e-02 2.490448020398616791e-02 2.966433577239513397e-02 3.177623078227043152e-02
3.348199650645256042e-03 9.723224677145481110e-03 8.531764149665832520e-03 4.693928360939025879e-01 1.301335394382476807e-01 1.750057563185691833e-02 2.202537609264254570e-03 1.793277636170387268e-02 1.605579629540443420e-02 2.895506657660007477e-02 1.621475256979465485e-02 4.098272696137428284e-02 1.575509458780288696e-02 1.261458639055490494e-02 2.150124497711658478e-02 3.028140403330326080e-02 2.646844275295734406e-02 1.267382409423589706e-03 4.268174245953559875e-02 3.911881893873214722e-02 3.247333317995071411e-02 4.239882528781890869e-02 4.644745588302612305e-02 3.399210423231124878e-02 2.876072749495506287e-02 3.204978257417678833e-02 3.326720744371414185e-02 8.026299998164176941e-03 3.620992228388786316e-02 1.757134683430194855e-02 2.621457912027835846e-02 1.795409992337226868e-02 1.773944683372974396e-02 3.323071077466011047e-02 1.114853378385305405e-02 2.174584381282329559e-02 4.581597074866294861e-02 3.870474919676780701e-02 3.099400922656059265e-02 4.265589639544487000e-02 5.083387345075607300e-02 4.124286770820617676e-02 1.763854734599590302e-02 4.911703988909721375e-02 3.901357995346188545e-03 9.465388022363185883e-03 6.423632614314556122e-03 2.917174994945526123e-02 5.434277653694152832e-02 2.846886962652206421e-02 3.432986512780189514e-02 7.611831184476613998e-03 1.346343848854303360e-02 3.617795556783676147e-02 2.463639713823795319e-02 9.078303351998329163e-03 1.696248888038098812e-03 9.431829676032066345e-03 3.512718528509140015e-02 6.062772590667009354e-03 3.771521151065826416e-02 5.679647997021675110e-02 2.206186763942241669e-02 2.180343307554721832e-02 2.536796592175960541e-02 1.759626157581806183e-02 8.099222555756568909e-03 2.231152541935443878e-02 2.537254802882671356e-02 7.207645103335380554e-03 8.985908702015876770e-03 1.342874253168702126e-03 6.522255390882492065e-02 2.863936498761177063e-02 3.452729806303977966e-02 1.104229316115379333e-02 1.187982736155390739e-03 2.378117665648460388e-02 2.720425836741924286e-02 4.842703789472579956e-02 2.062107808887958527e-02 1.916430704295635223e-02 7.517854124307632446e-02 7.990408688783645630e-02 2.160287462174892426e-02 4.402783513069152832e-02 3.499730676412582397e-02 4.650928545743227005e-03 3.682061284780502319e-02 8.006749674677848816e-03 4.797498509287834167e-02 3.264071652665734291e-03 1.796119846403598785e-02 2.632773667573928833e-02 5.571043118834495544e-02 2.650754712522029877e-02 3.238591365516185760e-03 7.315268740057945251e-03 3.072996251285076141e-02 5.082139000296592712e-02 4.066804423928260803e-03 9.812863543629646301e-03 9.922326542437076569e-03 2.929691039025783539e-02 9.378418908454477787e-04 7.559799123555421829e-03 1.962048374116420746e-02 7.004874199628829956e-02 4.584896191954612732e-02 1.118186302483081818e-02 3.480750694870948792e-02 2.095432765781879425e-02 2.730236016213893890e-02 1.053036656230688095e-02 4.143333993852138519e-03 8.790655061602592468e-03
4.682620055973529816e-03 6.112102419137954712e-03 3.784880787134170532e-02 1.301335394382476807e-01 4.769671261310577393e-01 2.469740062952041626e-02 2.850495651364326477e-02 8.141844533383846283e-03 5.605731625109910965e-03 4.388508573174476624e-02 2.380953915417194366e-02 2.932266332209110260e-02 3.542179241776466370e-02 5.036821216344833374e-02 2.544128336012363434e-02 4.256428801454603672e-04 7.365529891103506088e-03 2.078581601381301880e-02 7.857027649879455566e-02 5.157568678259849548e-02 2.227713540196418762e-02 3.906225040555000305e-02 3.966145683079957962e-03 1.205366663634777069e-02 2.591737732291221619e-02 3.964460641145706177e-02 4.340218380093574524e-02 6.417371332645416260e-04 5.222308263182640076e-02 2.311906311661005020e-03 1.229477208107709885e-02 1.768967695534229279e-02 1.076678000390529633e-02 3.741391003131866455e-03 1.928288675844669342e-02 4.281630739569664001e-02 4.248248785734176636e-02 2.773238904774188995e-02 3.733928781002759933e-03 5.492202192544937134e-02 4.101978242397308350e-02 2.829459868371486664e-02 4.249705467373132706e-03 4.285254701972007751e-02 1.833593100309371948e-02 4.343058913946151733e-02 6.456247647292912006e-04 1.091537624597549438e-02 4.240179061889648438e-02 5.672430619597434998e-02 2.661611326038837433e-02 1.188200432807207108e-02 2.716095745563507080e-02 2.172243967652320862e-02 9.004269726574420929e-03 8.476154878735542297e-03 3.400878235697746277e-02 5.564424674957990646e-03 4.126075282692909241e-02 3.398911794647574425e-03 1.574126817286014557e-02 7.665167748928070068e-02 5.326669197529554367e-03 2.635733969509601593e-02 4.947634786367416382e-02 9.312620386481285095e-03 1.036217436194419861e-02 1.951647177338600159e-02 2.000105753540992737e-02 2.068844437599182129e-02 2.805895172059535980e-02 2.418142743408679962e-02 3.773098438978195190e-02 4.401627555489540100e-02 3.839287161827087402e-02 2.575414441525936127e-02 1.891136518679559231e-03 1.268997672013938427e-03 5.333622451871633530e-03 1.545499730855226517e-02 7.217742502689361572e-03 1.147910603322088718e-03 4.928461834788322449e-02 1.214990615844726562e-01 1.055918168276548386e-03 1.159213948994874954e-02 1.224833354353904724e-02 9.714713320136070251e-03 4.072650335729122162e-03 2.535881847143173218e-02 3.620107844471931458e-02 1.502210460603237152e-02 2.612899616360664368e-02 2.451965585350990295e-02 4.655571281909942627e-02 1.189951784908771515e-02 7.080854848027229309e-03 1.828241534531116486e-02 2.131853252649307251e-02 3.853466361761093140e-02 1.570993103086948395e-02 2.306486479938030243e-02 1.686898246407508850e-02 2.371437288820743561e-02 2.555767260491847992e-02 2.139204181730747223e-02 2.573317289352416992e-02 6.422749906778335571e-02 3.963641449809074402e-02 2.546935155987739563e-02 3.273798525333404541e-02 5.104560405015945435e-02 8.122003637254238129e-03 4.981875792145729065e-02 6.615800783038139343e-03 8.412967436015605927e-03
1.491589993238449097e-01 1.300325542688369751e-01 1.617668545804917812e-03 1.750057563185691833e-02 2.469740062952041626e-02 4.944874346256256104e-01 1.619985252618789673e-01 5.030587315559387207e-02 1.135564409196376801e-02 7.832284085452556610e-03 8.957137912511825562e-02 5.437150225043296814e-02 7.299146056175231934e-02 4.555517435073852539e-02 3.127573803067207336e-02 7.139651570469141006e-04 1.376662869006395340e-02 3.661213815212249756e-02 1.820742525160312653e-02 2.894610352814197540e-02 1.673863083124160767e-02 3.964684531092643738e-02 2.541917748749256134e-02 2.596020139753818512e-02 3.588946908712387085e-02 3.052810020744800568e-02 1.128699048422276974e-03 4.253878444433212280e-02 3.025548532605171204e-02 1.623708754777908325e-02 5.503698438405990601e-02 3.224700689315795898e-02 1.770959235727787018e-02 3.694324567914009094e-02 7.714962121099233627e-03 2.700057439506053925e-02 1.769672334194183350e-02 3.256593830883502960e-03 3.971674945205450058e-03 8.835568092763423920e-03 1.057218387722969055e-02 3.060240857303142548e-02 1.742784678936004639e-02 1.125291641801595688e-02 5.251481011509895325e-02 2.780731767416000366e-02 1.660327911376953125e-01 1.173238903284072876e-01 2.543644048273563385e-02 4.430752247571945190e-02 3.557096421718597412e-02 4.113528504967689514e-02 3.277019411325454712e-02 1.554816775023937225e-02 2.414386533200740814e-02 4.249557852745056152e-02 4.275901988148689270e-02 3.974341601133346558e-02 1.637980155646800995e-02 1.723043620586395264e-02 2.944693155586719513e-02 7.646898273378610611e-03 2.915009669959545135e-02 3.141377121210098267e-02 2.099999599158763885e-02 2.936021424829959869e-02 2.063289657235145569e-02 3.740786388516426086e-02 8.885014802217483521e-03 2.381063997745513916e-02 1.646539196372032166e-02 3.939605504274368286e-02 3.903118893504142761e-02 1.692156679928302765e-02 3.249499201774597168e-02 8.723935112357139587e-03 3.485212102532386780e-02 2.160703949630260468e-02 3.670613095164299011e-02 1.867255568504333496e-02 4.321347922086715698e-02 1.056999826687388122e-04 2.671384252607822418e-02 2.198870852589607239e-02 6.115886382758617401e-03 2.315477468073368073e-03 1.538444403558969498e-02 3.752110153436660767e-02 9.016061201691627502e-03 1.437396928668022156e-02 9.864911437034606934e-03 2.698030136525630951e-02 3.745568916201591492e-02 1.967596448957920074e-02 3.578237816691398621e-02 4.248243942856788635e-02 3.081173263490200043e-02 1.135289575904607773e-02 1.402414496988058090e-02 4.619897808879613876e-03 4.064073413610458374e-02 4.133095592260360718e-02 3.707562014460563660e-02 3.127968311309814453e-02 1.553550083190202713e-02 1.478930702432990074e-03 3.073524311184883118e-02 2.531281299889087677e-02 4.130993410944938660e-02 2.584548108279705048e-02 1.405161526054143906e-02 2.627834491431713104e-02 3.990683704614639282e-02 1.464410778135061264e-02 3.845457220450043678e-03 4.247344285249710083e-02
1.245487555861473083e-01 1.455823332071304321e-01 4.199065268039703369e-03 2.202537609264254570e-03 2.850495651364326477e-02 1.619985252618789673e-01 4.934542775154113770e-01 3.224556893110275269e-02 2.786446828395128250e-03 1.971643418073654175e-02 7.923473417758941650e-02 3.709951043128967285e-02 8.992999792098999023e-02 6.552656739950180054e-02 4.993570223450660706e-02 9.455627761781215668e-03 2.482500113546848297e-02 2.855234965682029724e-02 8.444488048553466797e-03 3.512549027800559998e-02 2.158850803971290588e-02 6.213178113102912903e-02 4.764124378561973572e-02 5.619189888238906860e-02 3.605304658412933350e-02 1.079405099153518677e-02 8.380464278161525726e-03 1.993362605571746826e-02 1.282931026071310043e-02 2.333830110728740692e-02 4.304549470543861389e-02 6.049211602658033371e-03 1.648432947695255280e-02 4.312765598297119141e-02 1.638631522655487061e-02 3.426474332809448242e-02 6.083566695451736450e-03 1.707297400571405888e-03 1.267729699611663818e-02 2.311996417120099068e-03 9.040038101375102997e-03 3.159293159842491150e-02 4.405398294329643250e-02 1.078369747847318649e-02 4.790729656815528870e-02 4.524611285887658596e-04 1.191821843385696411e-01 1.283037960529327393e-01 4.546685516834259033e-02 1.343759801238775253e-02 3.306755423545837402e-02 4.339415952563285828e-02 3.908456116914749146e-02 2.853163890540599823e-02 2.097481489181518555e-02 2.141742035746574402e-02 2.852154709398746490e-02 5.197068676352500916e-02 3.386060148477554321e-02 2.901762537658214569e-02 3.518021479249000549e-02 1.330003957264125347e-03 4.871142096817493439e-03 2.606039121747016907e-02 3.995592147111892700e-02 4.489621147513389587e-02 1.053614309057593346e-03 4.561050236225128174e-02 7.523747161030769348e-03 3.834227100014686584e-02 6.627995520830154419e-03 4.594003781676292419e-02 4.862170666456222534e-02 3.051059786230325699e-03 2.399532124400138855e-02 1.517629157751798630e-02 3.628170490264892578e-02 1.109654456377029419e-02 1.817121170461177826e-02 3.481211513280868530e-02 3.562118858098983765e-02 1.683227159082889557e-02 2.820410765707492828e-02 3.863291442394256592e-02 2.849072590470314026e-02 3.757735714316368103e-02 2.637846209108829498e-02 4.352045431733131409e-02 2.814315259456634521e-02 1.116101816296577454e-02 4.422502752277068794e-05 3.477968275547027588e-02 2.619735524058341980e-02 7.540749385952949524e-03 3.060259297490119934e-02 4.049840196967124939e-02 3.527368605136871338e-02 3.243044018745422363e-03 3.549666702747344971e-02 3.000111691653728485e-02 4.961771517992019653e-02 4.439404234290122986e-02 1.408306322991847992e-02 3.307980671525001526e-02 1.455225399695336819e-03 8.922287262976169586e-03 3.128366544842720032e-02 2.434744685888290405e-02 4.508068412542343140e-02 1.050252350978553295e-03 6.878916756249964237e-04 3.054176084697246552e-02 8.681420236825942993e-03 5.068273097276687622e-02 1.435676496475934982e-02 2.999721840023994446e-02
1.505264081060886383e-02 1.928619109094142914e-02 1.144454330205917358e-01 1.793277636170387268e-02 8.141844533383846283e-03 5.030587315559387207e-02 3.224556893110275269e-02 4.564876258373260498e-01 4.526730999350547791e-02 3.874832391738891602e-02 3.504474461078643799e-02 2.646652050316333771e-02 6.277335435152053833e-02 1.630485616624355316e-02 9.566374123096466064e-02 4.581277817487716675e-02 4.819767922163009644e-02 7.447588257491588593e-03 1.641082391142845154e-02 2.208801917731761932e-03 3.990434855222702026e-02 3.885907307267189026e-02 2.438242733478546143e-02 1.803608797490596771e-02 1.972379535436630249e-02 5.115424282848834991e-03 3.304372355341911316e-02 1.076478604227304459e-02 3.796497359871864319e-02 1.772562973201274872e-02 1.383598987013101578e-02 6.205049809068441391e-03 6.560910493135452271e-03 2.991577610373497009e-03 1.251609413884580135e-03 2.470954507589340210e-02 3.215228393673896790e-02 3.467208519577980042e-02 4.854788072407245636e-03 2.055925503373146057e-02 3.305999189615249634e-02 1.691236160695552826e-02 2.769678272306919098e-02 5.581216886639595032e-02 2.082120440900325775e-02 3.947763890027999878e-02 4.441263154149055481e-02 1.170568168163299561e-02 4.297552630305290222e-02 3.072489984333515167e-02 6.759819108992815018e-03 2.687615528702735901e-02 1.321162004023790359e-02 4.723609983921051025e-02 2.462426200509071350e-02 1.831554993987083435e-02 3.223145380616188049e-02 2.085909992456436157e-02 2.941660769283771515e-02 5.255172494798898697e-03 5.636287387460470200e-03 3.539056982845067978e-03 3.610958531498908997e-02 5.210644751787185669e-02 2.488546632230281830e-02 8.137317374348640442e-03 3.955992311239242554e-02 2.324156463146209717e-02 4.248653352260589600e-02 2.906134165823459625e-02 1.051573175936937332e-02 2.738354355096817017e-02 3.318087756633758545e-02 9.311150759458541870e-03 1.382966898381710052e-02 1.751515828073024750e-02 4.125115647912025452e-02 2.582117728888988495e-02 8.899329230189323425e-03 4.109004139900207520e-02 1.066069900989532471e-01 5.409012362360954285e-02 3.944027994293719530e-04 1.214130129665136337e-02 2.798434160649776459e-02 3.017342463135719299e-02 7.444304972887039185e-02 4.167084395885467529e-02 2.053196914494037628e-02 1.583616435527801514e-02 3.991553559899330139e-02 1.856819959357380867e-03 1.428309362381696701e-02 3.885459899902343750e-02 4.735935013741254807e-03 1.174511737190186977e-03 6.299390643835067749e-02 3.994642943143844604e-02 8.146719192154705524e-04 2.004062756896018982e-02 2.094454504549503326e-02 1.116368826478719711e-02 8.030077442526817322e-03 3.896320471540093422e-03 7.062682881951332092e-03 5.527950823307037354e-03 3.781479597091674805e-02 1.197519991546869278e-02 2.843817323446273804e-02 9.231781587004661560e-03 3.399221226572990417e-02 6.668189167976379395e-02 1.299319043755531311e-02 2.626774646341800690e-02 5.211544781923294067e-02 2.844210714101791382e-02
3.864314779639244080e-02 4.160517826676368713e-02 1.557583454996347427e-02 1.605579629540443420e-02 5.605731625109910965e-03 1.135564409196376801e-02 2.786446828395128250e-03 4.526730999350547791e-02 4.757221639156341553e-01 1.079807952046394348e-01 4.341354966163635254e-02 6.861311942338943481e-02 3.202874585986137390e-02 4.751244932413101196e-02 2.198687754571437836e-02 1.394398882985115051e-02 1.229294762015342712e-02 7.523755729198455811e-02 6.038018502295017242e-03 1.735735125839710236e-02 2.538712881505489349e-02 4.345977678894996643e-03 7.236245274543762207e-02 6.216575577855110168e-02 2.688159979879856110e-02 2.522563748061656952e-02 2.441809698939323425e-02 1.440373621881008148e-02 8.928796276450157166e-03 2.013183571398258209e-02 4.718189314007759094e-02 4.579393193125724792e-02 1.791735552251338959e-02 2.917022071778774261e-02 1.317572314292192459e-02 4.807072982657700777e-04 1.793337799608707428e-02 4.094471037387847900e-02 5.490297824144363403e-02 4.757941141724586487e-02 3.150867298245429993e-02 1.435625646263360977e-02 3.301676735281944275e-02 1.355595141649246216e-02 7.116352766752243042e-02 4.173255711793899536e-02 1.678370684385299683e-02 9.648615377955138683e-04 1.280523836612701416e-02 1.528988219797611237e-02 3.757360205054283142e-02 4.345230385661125183e-02 2.676207758486270905e-02 2.856367453932762146e-02 6.435956805944442749e-02 3.809211030602455139e-02 5.149702355265617371e-02 1.638045720756053925e-02 2.640081942081451416e-02 1.485736109316349030e-02 3.848547115921974182e-02 5.003171414136886597e-02 1.441620662808418274e-02 1.458395179361104965e-02 5.578638240694999695e-02 1.485422346740961075e-02 9.082996984943747520e-04 6.627687718719244003e-03 2.156937122344970703e-02 2.934273332357406616e-02 3.470743075013160706e-03 4.157740250229835510e-02 2.894431166350841522e-02 3.198818862438201904e-02 1.610435545444488525e-02 1.760670170187950134e-02 1.272743046283721924e-01 5.827785283327102661e-02 8.474078774452209473e-02 4.637726023793220520e-02 1.575431786477565765e-02 1.764402538537979126e-02 3.241247683763504028e-02 5.800476297736167908e-03 1.187447365373373032e-02 5.079717957414686680e-04 8.623688481748104095e-03 1.376745384186506271e-02 5.877156741917133331e-03 4.290802404284477234e-03 2.601807005703449249e-02 2.221575565636157990e-02 3.365332260727882385e-02 2.811044268310070038e-02 2.962253242731094360e-02 3.929849714040756226e-02 1.414041500538587570e-02 4.461434483528137207e-02 1.855101436376571655e-03 3.342891857028007507e-02 3.874245658516883850e-02 3.916587680578231812e-02 1.184619124978780746e-02 3.169866278767585754e-03 9.279066696763038635e-03 1.059932634234428406e-02 2.975405007600784302e-02 2.580178342759609222e-02 1.196068897843360901e-02 2.772548934444785118e-03 8.755823597311973572e-03 1.021934207528829575e-02 4.202207550406455994e-02 3.418035060167312622e-02 8.617382496595382690e-03 4.528519511222839355e-02
3.477502241730690002e-02 3.066935576498508453e-02 1.803183741867542267e-02 2.895506657660007477e-02 4.388508573174476624e-02 7.832284085452556610e-03 1.971643418073654175e-02 3.874832391738891602e-02 1.079807952046394348e-01 4.779317677021026611e-01 4.549497738480567932e-02 2.307232655584812164e-02 4.228809848427772522e-02 3.643517568707466125e-02 4.565041512250900269e-03 1.821334660053253174e-02 3.574269940145313740e-04 3.811718896031379700e-02 3.859222307801246643e-02 3.421611338853836060e-02 2.644989080727100372e-02 3.985220100730657578e-03 4.382041841745376587e-02 7.948890328407287598e-02 3.980130702257156372e-02 2.347980625927448273e-03 1.367015577852725983e-02 2.859624475240707397e-02 4.665507376194000244e-02 1.562469732016324997e-02 4.301715642213821411e-02 4.650948569178581238e-02 2.587172202765941620e-03 1.092039328068494797e-02 2.180860564112663269e-02 2.856294438242912292e-02 3.676752373576164246e-02 1.593532226979732513e-02 5.318321287631988525e-03 4.044489189982414246e-02 1.841973140835762024e-02 3.521732753142714500e-03 1.392157841473817825e-02 1.876523531973361969e-02 6.145104393362998962e-02 8.371306210756301880e-02 9.013012051582336426e-03 2.409699559211730957e-02 1.299281138926744461e-02 1.007475703954696655e-01 4.728891421109437943e-03 3.457054868340492249e-02 4.980691894888877869e-02 1.191424299031496048e-02 2.056607417762279510e-02 5.947275459766387939e-02 1.585925370454788208e-02 2.604872733354568481e-02 4.848238080739974976e-02 6.729546003043651581e-03 2.828847989439964294e-02 5.342090129852294922e-02 4.217980895191431046e-03 1.680722087621688843e-02 3.924845904111862183e-02 5.818782374262809753e-03 3.874023631215095520e-02 2.183624543249607086e-02 3.463166952133178711e-02 3.296768292784690857e-02 1.716533862054347992e-02 8.782969787716865540e-03 4.754518158733844757e-04 4.257649183273315430e-02 4.287875816226005554e-02 3.144042566418647766e-02 4.914392158389091492e-02 1.082399711012840271e-01 7.351277023553848267e-02 1.205850765109062195e-01 7.898891344666481018e-03 7.566852960735559464e-03 2.710820734500885010e-02 6.478603929281234741e-03 9.586855769157409668e-03 7.509791105985641479e-02 7.228123024106025696e-03 2.838049829006195068e-02 6.074161827564239502e-02 2.526799682527780533e-03 1.830338686704635620e-02 2.267071790993213654e-02 3.074299730360507965e-02 7.331188535317778587e-04 3.051701001822948456e-02 1.869706809520721436e-02 3.595893085002899170e-02 2.135318890213966370e-02 3.595735877752304077e-02 2.455538883805274963e-02 3.423829004168510437e-02 1.459437143057584763e-02 1.004403363913297653e-02 2.456670626997947693e-03 2.000486105680465698e-02 5.451547447592020035e-03 1.022443175315856934e-02 5.717050656676292419e-02 2.595800161361694336e-02 4.429685941431671381e-04 7.293293718248605728e-03 1.016038190573453903e-02 3.755327686667442322e-02 1.003128569573163986e-02 2.377080917358398438e-02 2.051672339439392090e-02
1.843032985925674438e-01 1.800251603126525879e-01 1.547819469124078751e-02 1.621475256979465485e-02 2.380953915417194366e-02 8.957137912511825562e-02 7.923473417758941650e-02 3.504474461078643799e-02 4.341354966163635254e-02 4.549497738480567932e-02 4.972259700298309326e-01 7.680084556341171265e-03 1.669756472110748291e-01 2.701549418270587921e-02 4.491554945707321167e-02 1.666859537363052368e-02 2.019498124718666077e-02 9.489426389336585999e-03 1.059768162667751312e-02 2.970603480935096741e-02 1.766773127019405365e-02 8.664433658123016357e-02 3.513663634657859802e-02 4.718451574444770813e-02 2.823866158723831177e-02 1.447850745171308517e-02 1.376748736947774887e-02 2.026423998177051544e-02 4.484483040869235992e-03 2.550458908081054688e-02 3.568597137928009033e-02 2.157704159617424011e-02 4.052589088678359985e-02 4.588807374238967896e-02 2.981661073863506317e-02 3.527172282338142395e-02 2.591989189386367798e-02 1.064265053719282150e-02 3.057408891618251801e-02 3.810069710016250610e-02 5.941726732999086380e-03 4.233893007040023804e-02 1.920436695218086243e-02 2.709052152931690216e-02 2.007662877440452576e-02 2.353061921894550323e-02 1.186582818627357483e-01 1.098630279302597046e-01 1.680539734661579132e-02 8.464530110359191895e-03 6.813169270753860474e-02 1.871491037309169769e-02 3.060868941247463226e-03 1.594581408426165581e-03 1.870041340589523315e-02 1.462854910641908646e-02 1.218903623521327972e-02 1.114443293772637844e-03 4.506282042711973190e-03 3.657202003523707390e-03 1.729039847850799561e-02 5.012843012809753418e-02 3.186985850334167480e-02 2.716961875557899475e-02 1.219262462109327316e-02 3.666997328400611877e-02 2.899000793695449829e-02 2.875254675745964050e-02 3.904580697417259216e-02 5.373957380652427673e-02 2.272983640432357788e-02 4.658545181155204773e-02 1.915778592228889465e-02 3.492271900177001953e-02 6.735367700457572937e-03 2.618173696100711823e-02 1.220623031258583069e-02 7.188938092440366745e-03 2.245158143341541290e-02 2.794590964913368225e-02 3.167602792382240295e-02 2.359231235459446907e-03 4.044811055064201355e-02 1.157653983682394028e-02 3.116586059331893921e-02 2.161674387753009796e-02 1.267886627465486526e-02 1.314346911385655403e-03 3.604977950453758240e-02 3.207464143633842468e-02 1.728505268692970276e-02 3.602651879191398621e-02 7.123871147632598877e-02 2.899811603128910065e-02 1.660007797181606293e-02 2.068707905709743500e-02 3.803805634379386902e-02 1.893157884478569031e-02 6.835507694631814957e-03 2.834663353860378265e-02 4.078107667737640440e-05 8.501652628183364868e-03 3.239926695823669434e-02 3.155744448304176331e-02 1.189398579299449921e-02 2.902686130255460739e-03 2.005409635603427887e-02 5.789596959948539734e-02 1.987727172672748566e-02 3.472744673490524292e-02 2.224943041801452637e-02 3.357968479394912720e-02 1.993003860116004944e-02 9.191748686134815216e-03 9.943986078724265099e-04 1.870235614478588104e-02
6.785308360122144222e-04 6.794813554733991623e-03 2.217215485870838165e-02 4.098272696137428284e-02 2.932266332209110260e-02 5.437150225043296814e-02 3.709951043128967285e-02 2.646652050316333771e-02 6.861311942338943481e-02 2.307232655584812164e-02 7.680084556341171265e-03 4.807553589344024658e-01 1.523743011057376862e-02 1.854929029941558838e-01 1.958034560084342957e-02 2.947445900645107031e-04 9.805174544453620911e-03 1.746017672121524811e-02 2.863144502043724060e-02 4.872720688581466675e-03 5.353961605578660965e-03 9.283238090574741364e-03 7.843381166458129883e-02 7.818701863288879395e-02 2.967363409698009491e-02 4.458988830447196960e-02 2.713538706302642822e-03 1.077713519334793091e-01 1.620409078896045685e-02 1.271574646234512329e-01 8.267185185104608536e-04 3.338827937841415405e-02 8.217308670282363892e-03 3.876001760363578796e-02 9.176300838589668274e-03 1.705557666718959808e-02 2.241042070090770721e-02 5.073261447250843048e-03 4.141509532928466797e-02 4.889403656125068665e-02 1.488689891993999481e-02 2.519833855330944061e-02 1.047104690223932266e-02 2.486702613532543182e-02 7.080780714750289917e-02 5.256257206201553345e-02 3.465710580348968506e-02 4.646536707878112793e-02 4.215711727738380432e-02 3.999896720051765442e-02 3.448671847581863403e-02 1.136811729520559311e-02 1.429739501327276230e-02 3.864641115069389343e-02 9.065128862857818604e-03 6.823557894676923752e-03 4.678837489336729050e-03 9.807534515857696533e-03 5.044006742537021637e-03 4.508560895919799805e-02 1.630759425461292267e-02 4.482823610305786133e-02 2.515122666954994202e-02 4.956578835844993591e-02 2.279060147702693939e-02 4.683573171496391296e-02 2.345761470496654510e-02 1.715118810534477234e-02 1.283945329487323761e-02 2.753835171461105347e-02 1.145741902291774750e-02 4.808163642883300781e-02 9.726964868605136871e-03 2.639451809227466583e-02 7.677358575165271759e-03 4.730556905269622803e-02 2.996491268277168274e-02 1.906933495774865150e-03 4.155061021447181702e-02 3.395247086882591248e-02 1.019634772092103958e-02 2.959364093840122223e-02 3.257986158132553101e-02 2.433733828365802765e-02 3.233255073428153992e-02 1.805211231112480164e-02 3.479843726381659508e-03 2.475323900580406189e-02 5.613083764910697937e-02 6.615527719259262085e-02 3.836294170469045639e-03 4.252071678638458252e-02 5.208432674407958984e-02 2.953637018799781799e-02 3.407398611307144165e-02 2.505528554320335388e-02 1.110697444528341293e-02 3.112548962235450745e-02 1.070691086351871490e-02 2.073024585843086243e-02 3.196530416607856750e-02 3.974357247352600098e-02 1.239478494971990585e-02 2.072889171540737152e-02 9.833844378590583801e-03 4.198284447193145752e-02 3.075600415468215942e-02 1.996026188135147095e-02 2.721880003809928894e-02 2.512448467314243317e-02 4.738664254546165466e-02 4.141323640942573547e-02 3.977834247052669525e-03 3.370195999741554260e-02 8.145376108586788177e-03 3.239414840936660767e-02
1.503416299819946289e-01 1.749377995729446411e-01 8.077380247414112091e-03 1.575509458780288696e-02 3.542179241776466370e-02 7.299146056175231934e-02 8.992999792098999023e-02 6.277335435152053833e-02 3.202874585986137390e-02 4.228809848427772522e-02 1.669756472110748291e-01 1.523743011057376862e-02 4.927047193050384521e-01 4.253491386771202087e-02 5.762335658073425293e-02 8.797430433332920074e-03 1.886158436536788940e-02 3.538965806365013123e-02 3.196343779563903809e-02 2.104964666068553925e-02 1.094099134206771851e-02 7.834740728139877319e-02 1.619401015341281891e-02 3.053287044167518616e-02 2.628491632640361786e-02 9.294542483985424042e-03 1.847942546010017395e-02 9.108001249842345715e-04 9.721994400024414062e-03 7.645934820175170898e-03 4.435645788908004761e-02 2.398135513067245483e-02 3.429504111409187317e-02 4.599374532699584961e-02 3.045508451759815216e-02 2.642766758799552917e-02 4.028159007430076599e-02 3.017994388937950134e-02 2.622822672128677368e-02 4.327587410807609558e-02 4.316772893071174622e-02 2.054734341800212860e-02 2.561251632869243622e-02 4.044475406408309937e-02 1.871286891400814056e-02 3.474301844835281372e-02 7.828181236982345581e-02 9.687343984842300415e-02 3.731740266084671021e-02 3.828777745366096497e-02 5.224876105785369873e-02 3.870876040309667587e-03 8.165387436747550964e-03 1.589723490178585052e-02 4.562747851014137268e-02 2.810379303991794586e-02 1.642094738781452179e-02 6.042327731847763062e-03 1.956719206646084785e-03 7.686379831284284592e-03 4.068727418780326843e-02 3.920070454478263855e-02 3.919129818677902222e-02 3.907906264066696167e-02 1.172179635614156723e-02 5.090710893273353577e-02 2.347433939576148987e-02 3.044988960027694702e-02 3.326972201466560364e-02 4.703045263886451721e-02 3.832555189728736877e-02 5.289607122540473938e-02 7.458965294063091278e-03 3.068544343113899231e-02 1.356348395347595215e-02 2.960328757762908936e-02 5.308186169713735580e-03 1.232275459915399551e-02 1.709740422666072845e-02 2.864827960729598999e-02 3.906501829624176025e-02 1.838550902903079987e-02 3.144737333059310913e-02 1.946689933538436890e-02 3.902667760848999023e-02 2.291809208691120148e-02 1.928985118865966797e-02 3.005053475499153137e-02 3.774224594235420227e-02 3.915034607052803040e-02 2.430431544780731201e-02 3.603051975369453430e-02 6.807919591665267944e-02 2.164987847208976746e-02 1.264586951583623886e-02 1.912127435207366943e-02 2.464599534869194031e-02 1.951121352612972260e-02 6.551659316755831242e-04 2.007136866450309753e-02 5.712068174034357071e-03 1.097362861037254333e-02 9.535650722682476044e-03 3.392720595002174377e-02 5.065383389592170715e-03 3.626083722338080406e-03 2.475246787071228027e-02 4.783977940678596497e-02 3.059388138353824615e-02 3.750520572066307068e-02 6.145302671939134598e-03 2.421928942203521729e-02 3.706274926662445068e-02 1.938385516405105591e-02 2.136771939694881439e-02 2.410361729562282562e-02
