4.807865321636199951e-01 1.526937335729598999e-01 1.059380639344453812e-02 3.717696294188499451e-02 1.490688882768154144e-02 2.091183559969067574e-03 1.414727652445435524e-03 4.815863817930221558e-02 3.359338268637657166e-02 3.744148090481758118e-02 1.311578154563903809e-01 4.394893348217010498e-02 7.737968862056732178e-02 5.685420334339141846e-02 3.801393136382102966e-02 1.430931687355041504e-02 3.571588546037673950e-02 2.602866291999816895e-02 3.936131251975893974e-04 5.873313057236373425e-04 1.768339611589908600e-02 2.927652001380920410e-02 9.110965766012668610e-03 4.578775912523269653e-02 1.309002935886383057e-02 7.543274667114019394e-03 2.201469615101814270e-02 1.935704797506332397e-02 1.877370662987232208e-02 2.771284244954586029e-02 4.502950981259346008e-02 1.777751743793487549e-02 4.690723028033971786e-03 5.998927634209394455e-03 2.288988605141639709e-02 2.288171276450157166e-02 2.868787758052349091e-02 2.889261022210121155e-02 1.389098353683948517e-02 6.424135062843561172e-03 4.574571549892425537e-02 1.472641900181770325e-02 4.103134572505950928e-02 3.973214700818061829e-02 3.275755792856216431e-02 2.584080910310149193e-03 4.154944792389869690e-02 1.344072632491588593e-02 2.257750555872917175e-02 2.756538614630699158e-02 1.386369578540325165e-02 5.567960068583488464e-02 3.441603109240531921e-02 3.444247320294380188e-02 4.046191647648811340e-02 3.208164824172854424e-03 4.748136550188064575e-02 2.151805721223354340e-02 5.853483080863952637e-02 3.142023342661559582e-04 3.738445788621902466e-02 1.788871549069881439e-02 7.471940014511346817e-03 1.614584936760365963e-03 3.204751387238502502e-02 1.902724243700504303e-02 1.037496607750654221e-02 8.244591765105724335e-03 3.882644698023796082e-02 1.384726725518703461e-02 9.060103446245193481e-03 2.845021709799766541e-02 4.114225506782531738e-03 2.459009177982807159e-02 2.248822525143623352e-02 2.750320173799991608e-02 3.560364246368408203e-02 1.160536147654056549e-02 4.118853434920310974e-02 1.073408499360084534e-02 1.381857693195343018e-02 1.396822649985551834e-02 3.950670734047889709e-02 2.920916862785816193e-02 3.270604088902473450e-02 1.122536696493625641e-02 2.657205238938331604e-02 1.850003376603126526e-02 1.939044706523418427e-02 1.960540562868118286e-02 2.185770124197006226e-02 5.095615237951278687e-02 5.985800642520189285e-03 2.004493959248065948e-02 4.499346390366554260e-02 5.025655776262283325e-02 1.692051813006401062e-02 5.588927865028381348e-02 3.851109370589256287e-02 2.793899364769458771e-02 2.223158441483974457e-02 6.639079656451940536e-03 4.100418183952569962e-03 1.032213121652603149e-02 2.150086220353841782e-03 4.772012308239936829e-02 3.452304005622863770e-02 4.135572910308837891e-02 1.318341214209794998e-02 1.876122131943702698e-02 8.071305230259895325e-03 1.347929704934358597e-02 5.041312053799629211e-02 4.349314793944358826e-02 1.837453572079539299e-03 3.604791313409805298e-02
1.526937335729598999e-01 4.672844409942626953e-01 2.257491648197174072e-02 4.354259744286537170e-02 4.005857929587364197e-02 2.956643141806125641e-02 4.547284916043281555e-02 4.700409621000289917e-02 5.033850297331809998e-02 5.903668701648712158e-02 8.540639281272888184e-02 5.551851540803909302e-02 9.992690384387969971e-02 6.036356091499328613e-03 6.240619346499443054e-03 2.754177665337920189e-03 3.149509429931640625e-02 7.199192419648170471e-03 9.872155264019966125e-03 3.505200892686843872e-02 1.845636032521724701e-02 3.419703803956508636e-03 2.860556123778223991e-03 3.351626452058553696e-03 2.530435100197792053e-02 3.615560010075569153e-03 3.391670808196067810e-02 4.556344822049140930e-02 3.456547483801841736e-02 3.991716075688600540e-04 1.592157594859600067e-02 3.953730687499046326e-02 2.272936142981052399e-02 6.212675478309392929e-03 9.372104890644550323e-03 2.181152999401092529e-02 1.301384717226028442e-02 1.045746076852083206e-02 2.362607233226299286e-02 3.242456540465354919e-02 2.379810996353626251e-02 1.407791487872600555e-02 2.989115752279758453e-02 4.193273186683654785e-02 1.816120557487010956e-02 4.063731431961059570e-02 2.759496495127677917e-02 1.833495497703552246e-02 3.888624906539916992e-02 2.367216348648071289e-02 2.263322286307811737e-02 3.882223740220069885e-02 5.136526306159794331e-04 1.146070100367069244e-02 2.329322509467601776e-02 2.085192681988701224e-04 5.966915283352136612e-03 2.174442820250988007e-02 2.494335360825061798e-02 6.905329064466059208e-04 3.579703345894813538e-02 2.041772007942199707e-02 6.878623738884925842e-03 1.121985353529453278e-02 1.397223118692636490e-02 1.866890303790569305e-02 4.506886377930641174e-02 3.127635642886161804e-02 3.483523428440093994e-02 1.867706328630447388e-02 3.678182512521743774e-02 1.394733507186174393e-02 2.973734773695468903e-02 1.440456509590148926e-02 2.694132365286350250e-02 3.293388336896896362e-02 3.952215611934661865e-02 3.697360306978225708e-02 1.497908495366573334e-02 2.716230042278766632e-02 2.795071154832839966e-02 8.546236902475357056e-03 2.776748314499855042e-02 3.495815768837928772e-02 4.639933258295059204e-02 2.234449796378612518e-02 1.204283814877271652e-02 3.074614331126213074e-02 4.571383073925971985e-02 3.472573310136795044e-02 1.108268133975798264e-05 5.200706049799919128e-02 3.398476913571357727e-02 3.015802055597305298e-02 2.973803691565990448e-02 2.719174139201641083e-02 4.980000481009483337e-02 7.412971463054418564e-03 2.486567199230194092e-02 2.168083377182483673e-02 4.025955498218536377e-02 2.223832346498966217e-02 9.610231965780258179e-03 8.934648707509040833e-03 8.514551445841789246e-03 2.448798529803752899e-02 3.450860828161239624e-02 3.475013375282287598e-02 5.340121313929557800e-02 4.431715235114097595e-02 9.336364455521106720e-03 4.517491441220045090e-03 3.035345673561096191e-02 4.497425630688667297e-02 2.584673650562763214e-02 5.099602043628692627e-02
1.059380639344453812e-02 2.257491648197174072e-02 4.596338570117950439e-01 2.419636398553848267e-02 1.708788424730300903e-02 4.692688211798667908e-02 2.397040836513042450e-02 2.632069867104291916e-03 1.594357378780841827e-02 2.787918969988822937e-02 3.156184032559394836e-02 1.405466161668300629e-02 1.466076355427503586e-02 7.827211171388626099e-03 1.367182936519384384e-02 4.176302626729011536e-02 1.331349741667509079e-02 8.590650744736194611e-03 4.748207330703735352e-02 2.121483534574508667e-02 2.674694918096065521e-02 4.416446760296821594e-02 1.763797551393508911e-02 1.360425259917974472e-02 2.096050046384334564e-02 2.644669264554977417e-02 3.203620389103889465e-02 1.852225884795188904e-02 7.102760020643472672e-03 4.033200815320014954e-02 3.494831500574946404e-03 4.660369828343391418e-02 4.132461175322532654e-02 5.583682283759117126e-02 6.874523125588893890e-03 8.157577365636825562e-03 5.413271114230155945e-02 4.600302875041961670e-02 6.894761323928833008e-02 7.684874534606933594e-02 2.748925052583217621e-02 1.410642825067043304e-02 4.311391338706016541e-02 9.583049453794956207e-03 1.076793670654296875e-02 4.051043838262557983e-02 2.882267348468303680e-02 4.541210085153579712e-02 2.989596873521804810e-02 1.955225132405757904e-02 1.286256406456232071e-02 1.379499398171901703e-02 3.025111369788646698e-02 1.596518442966043949e-03 1.106110867112874985e-02 3.808059170842170715e-02 2.291182754561305046e-03 6.122240301920101047e-05 4.825988039374351501e-02 7.160170469433069229e-03 1.120243966579437256e-02 3.674297407269477844e-02 3.619180992245674133e-02 3.304649144411087036e-02 1.309425290673971176e-02 2.216127328574657440e-02 1.189371850341558456e-02 3.365925326943397522e-02 3.835115581750869751e-02 1.331755053251981735e-02 3.713649883866310120e-02 1.282413955777883530e-02 2.692346833646297455e-02 2.476368658244609833e-02 1.674577221274375916e-02 1.562654855661094189e-03 1.426679175347089767e-02 3.589925589039921761e-03 2.910004742443561554e-02 2.064468339085578918e-02 1.289789080619812012e-01 2.146046236157417297e-02 2.144793421030044556e-02 8.328191936016082764e-03 4.696590825915336609e-02 2.129555121064186096e-02 4.011042788624763489e-02 1.086268946528434753e-02 4.487747699022293091e-02 4.221155866980552673e-02 2.187809534370899200e-02 5.760166049003601074e-02 1.694530062377452850e-02 6.872039288282394409e-02 3.350607305765151978e-02 2.537003904581069946e-02 1.899472251534461975e-02 9.653715416789054871e-03 3.831216692924499512e-02 4.019237682223320007e-02 5.614012479782104492e-03 4.585055634379386902e-02 1.006657909601926804e-02 2.429539524018764496e-02 5.922960117459297180e-03 4.769288748502731323e-02 4.603922739624977112e-02 4.574232269078493118e-03 1.301986910402774811e-02 2.636419795453548431e-02 7.319097872823476791e-03 4.678295552730560303e-02 4.565766081213951111e-02 2.967326669022440910e-03 1.260323263704776764e-02 7.814173586666584015e-03
3.717696294188499451e-02 4.354259744286537170e-02 2.419636398553848267e-02 4.684641361236572266e-01 8.156258612871170044e-02 4.407494142651557922e-02 4.390431568026542664e-02 1.547926198691129684e-02 2.092826925218105316e-02 1.791313290596008301e-02 1.107849180698394775e-02 1.797315664589405060e-02 2.355554141104221344e-02 1.933326572179794312e-02 2.580549940466880798e-02 4.729454964399337769e-02 3.263732790946960449e-02 4.725253582000732422e-02 4.193897172808647156e-02 2.299590408802032471e-02 2.077828720211982727e-02 2.601204439997673035e-02 4.238691180944442749e-03 4.038542881608009338e-02 2.552522718906402588e-02 5.210345610976219177e-02 8.974049240350723267e-03 4.086236283183097839e-02 4.569738358259201050e-02 1.740936562418937683e-02 3.105336800217628479e-02 2.294881083071231842e-02 2.245228737592697144e-02 3.845170140266418457e-02 2.595297805964946747e-02 8.636355400085449219e-03 2.176997810602188110e-02 2.149457111954689026e-02 2.756645902991294861e-03 1.775388605892658234e-02 2.778893522918224335e-02 3.321355208754539490e-02 6.430733483284711838e-03 3.996518254280090332e-02 3.601650521159172058e-02 2.516734041273593903e-02 4.761868342757225037e-02 2.519245073199272156e-02 1.856754161417484283e-02 4.063554480671882629e-02 2.225771918892860413e-02 3.370240156073123217e-04 6.814636755734682083e-03 5.300216004252433777e-02 2.645111829042434692e-02 2.324113808572292328e-02 1.632369682192802429e-02 3.086482640355825424e-03 5.584770347923040390e-03 3.971091285347938538e-02 2.129013650119304657e-02 1.429621013812720776e-03 4.488060716539621353e-03 2.141238376498222351e-02 7.618147879838943481e-03 3.556956723332405090e-02 1.844637794420123100e-03 1.674178428947925568e-02 1.807861728593707085e-03 9.001922793686389923e-03 1.033173128962516785e-02 3.119916282594203949e-02 1.347189843654632568e-01 2.679728902876377106e-02 6.287775188684463501e-02 5.304176360368728638e-02 8.660210296511650085e-03 2.499129995703697205e-02 2.598699182271957397e-02 1.398356538265943527e-02 2.233747020363807678e-02 2.256786823272705078e-02 3.688190877437591553e-02 2.756488684099167585e-04 4.597673192620277405e-02 5.442472547292709351e-02 2.953320555388927460e-02 1.033700630068778992e-02 2.145355753600597382e-02 4.933996871113777161e-02 2.925535477697849274e-02 5.320217926055192947e-03 2.459730720147490501e-03 2.493590116500854492e-02 1.478674542158842087e-02 3.029265999794006348e-02 3.881707042455673218e-02 3.733268380165100098e-02 5.983531940728425980e-03 3.078600950539112091e-02 2.959801629185676575e-02 5.265226215124130249e-02 2.819742076098918915e-02 3.292235359549522400e-02 1.973573863506317139e-02 6.041098758578300476e-02 3.839319804683327675e-03 1.591066643595695496e-02 4.892510548233985901e-02 1.158478297293186188e-02 2.521158568561077118e-02 3.066808730363845825e-02 4.553710576146841049e-03 7.194182835519313812e-03 1.471845619380474091e-02 9.797967039048671722e-03
1.490688882768154144e-02 4.005857929587364197e-02 1.708788424730300903e-02 8.156258612871170044e-02 4.849447011947631836e-01 2.530356636270880699e-03 7.443001493811607361e-03 2.438106946647167206e-02 3.062919899821281433e-02 3.659423440694808960e-02 4.430559650063514709e-02 4.590056091547012329e-02 3.992122784256935120e-02 6.112075410783290863e-03 2.450225874781608582e-03 6.913632620126008987e-03 3.009412251412868500e-02 1.298930123448371887e-02 2.006308175623416901e-03 2.150458097457885742e-02 4.150452837347984314e-02 3.794040903449058533e-02 1.283431798219680786e-02 1.750538684427738190e-02 3.774628415703773499e-02 1.560862548649311066e-02 1.893229410052299500e-02 4.219384118914604187e-02 3.489767014980316162e-02 2.951460890471935272e-02 2.154975011944770813e-02 4.808211699128150940e-02 1.774094626307487488e-02 4.326053708791732788e-02 2.949780784547328949e-02 4.067594558000564575e-02 2.807848900556564331e-02 3.269777819514274597e-02 1.294294744729995728e-01 1.213680729269981384e-01 4.940935596823692322e-02 2.609737589955329895e-02 7.899035699665546417e-03 2.452050894498825073e-02 1.010618358850479126e-02 8.877662941813468933e-03 3.034259192645549774e-02 1.648719608783721924e-02 2.234838530421257019e-02 1.236208993941545486e-02 7.138728350400924683e-02 5.545599851757287979e-03 1.919553615152835846e-02 3.898163791745901108e-03 4.508803039789199829e-02 2.682222425937652588e-02 1.503409724682569504e-02 5.205889046192169189e-02 6.788557767868041992e-02 1.765550486743450165e-02 4.749438911676406860e-02 4.185515642166137695e-02 1.193910650908946991e-02 7.159001193940639496e-03 1.452533248811960220e-02 2.303268015384674072e-02 3.005644306540489197e-02 2.021680586040019989e-02 2.928377129137516022e-02 5.739009473472833633e-03 4.561956226825714111e-02 2.205127291381359100e-02 7.631692290306091309e-02 2.583181252703070641e-03 1.256145387887954712e-01 5.203881300985813141e-03 5.161733552813529968e-02 5.480139330029487610e-02 2.578597515821456909e-02 2.986480481922626495e-02 3.836099058389663696e-02 5.472570657730102539e-02 2.579706348478794098e-02 2.227867022156715393e-02 4.371400550007820129e-02 6.742922961711883545e-02 2.756763249635696411e-02 5.025347694754600525e-02 1.474481169134378433e-02 3.545603901147842407e-02 2.974750287830829620e-02 1.700270920991897583e-02 9.313974296674132347e-04 5.541326850652694702e-02 3.397366404533386230e-02 4.897589981555938721e-02 1.798085495829582214e-02 8.559454232454299927e-03 1.628322526812553406e-02 9.316354407928884029e-05 1.497272029519081116e-02 3.840009495615959167e-02 3.111174516379833221e-02 1.940750144422054291e-02 5.235217139124870300e-02 3.297678381204605103e-02 2.584085613489151001e-02 2.976997522637248039e-03 4.912322387099266052e-02 2.603225782513618469e-02 3.459735587239265442e-02 3.637931076809763908e-04 4.223756864666938782e-02 1.238772552460432053e-02 5.541269853711128235e-02 4.811961576342582703e-02
2.091183559969067574e-03 2.956643141806125641e-02 4.692688211798667908e-02 4.407494142651557922e-02 2.530356636270880699e-03 4.865106940269470215e-01 1.728152334690093994e-01 1.228330377489328384e-02 5.992963910102844238e-03 3.425787389278411865e-02 2.438537403941154480e-02 4.637434333562850952e-02 6.015309691429138184e-02 6.943283230066299438e-02 4.635543376207351685e-02 2.013436891138553619e-02 4.715473949909210205e-02 3.248051181435585022e-02 3.590331971645355225e-02 4.748160019516944885e-02 2.364447899162769318e-02 2.949052117764949799e-02 4.660626873373985291e-02 3.671466186642646790e-02 2.800931222736835480e-02 5.231352150440216064e-02 5.456969887018203735e-02 1.700553460977971554e-03 2.158197201788425446e-02 5.980020761489868164e-02 2.758585475385189056e-02 1.362395286560058594e-02 4.683062899857759476e-03 1.882104575634002686e-02 3.867625817656517029e-02 1.749817980453372002e-03 2.407466992735862732e-02 2.950081974267959595e-02 1.782125048339366913e-02 6.494225934147834778e-03 3.607693314552307129e-02 2.734275721013545990e-02 3.049109689891338348e-02 3.781345859169960022e-02 3.096980974078178406e-02 2.781409211456775665e-02 1.352964341640472412e-01 8.498659729957580566e-02 6.505759060382843018e-02 2.423687465488910675e-02 4.071632400155067444e-02 2.087009884417057037e-02 3.775762766599655151e-02 3.010151721537113190e-02 2.044026181101799011e-02 2.253494411706924438e-02 6.026508659124374390e-02 1.359879132360219955e-02 2.512234263122081757e-02 8.337963372468948364e-03 4.570526257157325745e-02 2.397101931273937225e-02 4.223942011594772339e-02 3.979282826185226440e-02 4.419507831335067749e-02 1.656292565166950226e-02 2.396174706518650055e-02 2.897384203970432281e-02 4.945738241076469421e-02 1.475111208856105804e-02 2.985456399619579315e-02 1.014516223222017288e-02 2.702945657074451447e-02 3.521480783820152283e-02 2.165334858000278473e-02 2.061784826219081879e-02 3.158628568053245544e-02 9.596108458936214447e-03 3.035413287580013275e-02 1.705578528344631195e-02 1.489154994487762451e-03 1.863123476505279541e-02 5.768193863332271576e-03 1.378043740987777710e-02 9.794954676181077957e-04 4.230627045035362244e-02 5.651618912816047668e-02 4.808198288083076477e-02 1.107674930244684219e-02 2.558338642120361328e-02 6.833033263683319092e-02 4.656230099499225616e-03 2.859765291213989258e-02 1.673574559390544891e-02 4.886166006326675415e-02 3.696604073047637939e-02 3.578904271125793457e-02 1.509077660739421844e-02 4.924646113067865372e-03 1.118184253573417664e-02 1.448447536677122116e-02 4.312377423048019409e-03 1.206174679100513458e-02 3.250025957822799683e-02 4.602720588445663452e-02 1.958617568016052246e-02 1.315849460661411285e-02 4.910558927804231644e-03 2.973496168851852417e-02 5.523989349603652954e-02 2.765870653092861176e-02 3.117748536169528961e-02 1.788314059376716614e-02 2.367267012596130371e-02 4.810410365462303162e-02 2.889407239854335785e-02
1.414727652445435524e-03 4.547284916043281555e-02 2.397040836513042450e-02 4.390431568026542664e-02 7.443001493811607361e-03 1.728152334690093994e-01 4.813175499439239502e-01 1.856079325079917908e-02 3.392970934510231018e-02 2.308737300336360931e-02 2.488095127046108246e-02 1.224344689399003983e-02 8.375240117311477661e-02 5.961926653981208801e-02 3.058329597115516663e-02 4.570725560188293457e-02 3.407735377550125122e-02 3.374480083584785461e-02 4.128002375364303589e-02 3.096205927431583405e-02 8.509505540132522583e-03 1.982243917882442474e-02 2.496493980288505554e-02 4.810320213437080383e-02 4.642073065042495728e-02 5.215764790773391724e-02 3.733683377504348755e-02 4.085144773125648499e-02 3.632274270057678223e-02 2.088771015405654907e-02 9.188962867483496666e-04 3.154555335640907288e-02 2.886281581595540047e-03 4.148398712277412415e-02 4.677399247884750366e-02 1.964776962995529175e-02 2.623344538733363152e-03 1.339911948889493942e-02 1.605496159754693508e-03 5.027520470321178436e-03 3.154286369681358337e-02 7.571580819785594940e-03 5.859969928860664368e-02 3.371009975671768188e-02 6.102099083364009857e-03 4.288269579410552979e-02 1.481752544641494751e-01 1.277146935462951660e-01 5.898120999336242676e-02 2.094225957989692688e-02 2.474288642406463623e-02 3.772933408617973328e-02 4.551745578646659851e-02 4.542869329452514648e-02 4.994579404592514038e-02 2.544306777417659760e-02 4.882752522826194763e-02 4.096528049558401108e-03 2.236261032521724701e-02 1.635494874790310860e-03 5.478925257921218872e-02 3.107780590653419495e-02 3.031753003597259521e-02 1.742856763303279877e-02 4.386023059487342834e-02 2.369720488786697388e-02 1.702987030148506165e-02 1.816036552190780640e-02 2.348520793020725250e-02 1.249010395258665085e-02 3.086757287383079529e-02 7.057690992951393127e-03 3.047157637774944305e-02 2.858061715960502625e-02 5.079318769276142120e-03 1.199930533766746521e-02 4.629467800259590149e-02 1.017389260232448578e-02 3.154163714498281479e-03 9.853999130427837372e-03 3.225260972976684570e-02 2.378114871680736542e-02 2.745705889537930489e-03 5.166700575500726700e-03 2.304317196831107140e-03 3.177450597286224365e-02 5.028846114873886108e-02 4.787568375468254089e-02 9.041279554367065430e-03 8.792904205620288849e-03 7.911533117294311523e-02 1.004200428724288940e-02 4.236027970910072327e-02 3.146946430206298828e-02 7.741124369204044342e-03 1.498703286051750183e-02 3.464958444237709045e-02 1.255963742733001709e-02 2.933659963309764862e-02 4.145607352256774902e-02 1.278129965066909790e-02 2.738018706440925598e-02 2.681172266602516174e-02 1.832120679318904877e-02 3.864004462957382202e-02 7.129446137696504593e-03 1.490397192537784576e-02 2.056051231920719147e-02 1.856244914233684540e-02 5.370954796671867371e-02 1.630147174000740051e-02 2.419147267937660217e-02 1.596578583121299744e-02 5.507208406925201416e-03 3.894851729273796082e-02 1.889879629015922546e-02
4.815863817930221558e-02 4.700409621000289917e-02 2.632069867104291916e-03 1.547926198691129684e-02 2.438106946647167206e-02 1.228330377489328384e-02 1.856079325079917908e-02 4.672831594944000244e-01 6.760737858712673187e-03 1.482009771279990673e-03 2.275386825203895569e-02 1.606797613203525543e-02 3.047407977283000946e-02 2.774998731911182404e-02 6.786783784627914429e-02 3.829191252589225769e-02 1.759820617735385895e-02 9.609099477529525757e-03 4.165868833661079407e-02 4.389665275812149048e-02 4.000626504421234131e-02 9.402884542942047119e-02 2.092980407178401947e-02 3.102989867329597473e-02 2.720154635608196259e-02 5.128087475895881653e-02 2.010268531739711761e-02 1.284930855035781860e-02 4.263688623905181885e-02 3.541039302945137024e-02 6.382465362548828125e-04 1.394608803093433380e-02 2.870472334325313568e-02 2.891578897833824158e-02 3.536779433488845825e-02 1.095731160603463650e-03 1.337662991136312485e-02 7.881736382842063904e-03 5.631292238831520081e-02 1.468487177044153214e-02 8.485591970384120941e-04 1.177469082176685333e-02 3.503199433907866478e-03 2.260417491197586060e-02 4.445675387978553772e-02 4.782789945602416992e-02 2.658838033676147461e-02 2.382044307887554169e-02 1.358287967741489410e-02 7.530652452260255814e-03 1.139472238719463348e-02 3.254753351211547852e-02 2.972943522036075592e-02 1.198878977447748184e-02 3.271403536200523376e-02 2.426212839782238007e-02 4.414492100477218628e-02 4.761759191751480103e-03 4.321008175611495972e-02 9.812721051275730133e-03 9.301525540649890900e-03 3.597173467278480530e-02 5.862688180059194565e-03 1.734608411788940430e-02 3.483461961150169373e-02 4.065565392374992371e-02 1.990006864070892334e-02 2.778958156704902649e-02 9.343127720057964325e-03 2.867269515991210938e-02 2.216078527271747589e-02 4.711101949214935303e-02 4.574340768158435822e-03 4.161277785897254944e-02 2.057658741250634193e-03 1.990139856934547424e-02 3.763531893491744995e-02 4.664317891001701355e-02 1.890052855014801025e-02 3.438731282949447632e-02 7.486613094806671143e-02 6.655322760343551636e-02 4.940659925341606140e-02 3.897926211357116699e-02 5.361025687307119370e-03 1.788964867591857910e-02 1.105733737349510193e-01 7.876519113779067993e-02 1.026575174182653427e-02 2.011926285922527313e-02 4.830500856041908264e-02 2.355414815247058868e-02 2.061226591467857361e-02 1.295791007578372955e-02 3.504973277449607849e-02 2.728394232690334320e-02 1.557012367993593216e-02 2.309849485754966736e-02 5.380508676171302795e-02 2.864444442093372345e-02 3.810443682596087456e-03 4.213586449623107910e-02 2.939129248261451721e-02 1.277943048626184464e-02 4.521335288882255554e-02 3.653502836823463440e-02 2.862841263413429260e-02 3.811804950237274170e-02 5.631751194596290588e-02 2.926196716725826263e-02 3.771011251956224442e-03 2.589358761906623840e-02 3.440542519092559814e-02 3.375594678800553083e-04 4.044641926884651184e-02 2.301789447665214539e-02
3.359338268637657166e-02 5.033850297331809998e-02 1.594357378780841827e-02 2.092826925218105316e-02 3.062919899821281433e-02 5.992963910102844238e-03 3.392970934510231018e-02 6.760737858712673187e-03 4.844216704368591309e-01 2.436529099941253662e-02 3.791289776563644409e-02 3.836350888013839722e-02 3.681454807519912720e-02 2.887934818863868713e-02 2.856698632240295410e-02 2.780139259994029999e-02 4.294754564762115479e-02 7.570006698369979858e-02 4.233665391802787781e-02 5.451470613479614258e-03 2.919438295066356659e-02 1.922821253538131714e-02 5.148320458829402924e-03 2.961827814579010010e-02 4.259655997157096863e-02 1.738941483199596405e-02 2.008765004575252533e-02 4.547441005706787109e-02 1.147901266813278198e-02 1.848389627411961555e-03 3.119111619889736176e-02 2.804351039230823517e-02 1.882765442132949829e-02 4.239902645349502563e-02 3.381754457950592041e-02 4.144529998302459717e-02 1.603617891669273376e-02 2.972766570746898651e-02 2.958521246910095215e-02 3.370764479041099548e-02 4.429464042186737061e-02 2.577573806047439575e-02 1.891127973794937134e-02 3.322577476501464844e-02 5.935923382639884949e-02 1.596333086490631104e-02 1.367051620036363602e-02 3.568700328469276428e-02 2.336999401450157166e-02 5.802479386329650879e-02 1.117597892880439758e-02 3.527040034532546997e-02 1.558286044746637344e-02 9.709218284115195274e-04 8.741298317909240723e-02 1.593814790248870850e-02 5.376197025179862976e-02 1.426928304135799408e-02 5.809403210878372192e-02 1.083156093955039978e-02 5.775205790996551514e-02 1.452284678816795349e-02 4.643982648849487305e-02 1.737703196704387665e-02 8.906022645533084869e-03 3.498810809105634689e-03 2.735747210681438446e-02 2.804639376699924469e-02 5.124367773532867432e-02 2.646893449127674103e-02 1.242871046997606754e-03 4.978941008448600769e-02 5.968599766492843628e-02 8.945290930569171906e-03 2.308427169919013977e-02 7.841070741415023804e-02 1.028313264250755310e-01 2.275034226477146149e-02 5.616670474410057068e-02 5.761217380495509133e-06 5.762029439210891724e-03 7.187864277511835098e-03 6.613177806138992310e-02 5.489322915673255920e-02 2.804357931017875671e-02 3.278200700879096985e-02 2.457733824849128723e-02 2.359960414469242096e-02 2.783289924263954163e-02 1.312716584652662277e-02 1.148905791342258453e-02 4.631225764751434326e-02 4.473462700843811035e-02 1.959989219903945923e-02 2.379024401307106018e-02 6.065185740590095520e-02 4.846646636724472046e-02 7.954160124063491821e-02 1.276006642729043961e-02 1.624885573983192444e-02 4.830462113022804260e-02 2.896594814956188202e-02 1.586333289742469788e-02 2.579024061560630798e-02 1.988915354013442993e-02 4.338195919990539551e-02 1.069716736674308777e-02 1.993187703192234039e-02 5.175601691007614136e-02 1.313151046633720398e-02 5.030678212642669678e-02 3.774653747677803040e-02 5.296719819307327271e-02 1.853269524872303009e-02 4.904682561755180359e-02 3.078909032046794891e-02
3.744148090481758118e-02 5.903668701648712158e-02 2.787918969988822937e-02 1.791313290596008301e-02 3.659423440694808960e-02 3.425787389278411865e-02 2.308737300336360931e-02 1.482009771279990673e-03 2.436529099941253662e-02 4.875311553478240967e-01 5.406015552580356598e-03 3.963462635874748230e-02 2.073317021131515503e-02 4.234691709280014038e-02 5.384174734354019165e-02 1.700350432656705379e-03 3.904149681329727173e-02 2.124713174998760223e-02 6.189482286572456360e-02 5.350989475846290588e-02 2.273378521203994751e-02 6.670823786407709122e-03 3.290017694234848022e-02 6.423264741897583008e-02 2.091028355062007904e-02 7.819247432053089142e-03 2.579484693706035614e-02 5.033049732446670532e-02 6.198097020387649536e-03 1.227896101772785187e-02 3.188911080360412598e-02 1.291335094720125198e-02 4.725916683673858643e-02 3.837906196713447571e-02 3.462808206677436829e-02 5.217798054218292236e-02 4.797304794192314148e-02 1.391404028981924057e-02 2.654413692653179169e-02 2.519199065864086151e-02 3.513840213418006897e-02 4.045381769537925720e-02 2.591592818498611450e-02 2.526894398033618927e-02 2.546304091811180115e-02 3.343062847852706909e-02 3.710711002349853516e-02 3.500825539231300354e-02 5.383256077766418457e-02 9.213683009147644043e-02 3.223175182938575745e-02 1.367371529340744019e-02 4.039109498262405396e-02 1.524033676832914352e-02 6.670647766441106796e-03 5.862243846058845520e-02 4.491245374083518982e-02 5.027652252465486526e-03 6.154279410839080811e-02 2.208308316767215729e-02 6.200509518384933472e-02 3.693774342536926270e-02 1.118193101137876511e-02 5.053885281085968018e-02 3.191677853465080261e-02 3.178817778825759888e-02 4.559195786714553833e-02 1.863056980073451996e-02 4.296347871422767639e-02 4.757290333509445190e-02 9.295663796365261078e-03 3.530412539839744568e-02 4.005806893110275269e-02 4.359958693385124207e-02 4.907049238681793213e-02 5.940172821283340454e-02 5.414240807294845581e-02 9.430535882711410522e-02 2.119985409080982208e-02 6.404107064008712769e-02 3.578104078769683838e-02 2.079582586884498596e-02 2.321856468915939331e-02 1.630197092890739441e-02 6.810656748712062836e-03 7.842034846544265747e-02 5.777202546596527100e-02 1.166723668575286865e-02 6.321847438812255859e-02 8.761743083596229553e-03 3.395517170429229736e-02 4.443401098251342773e-02 4.768003150820732117e-02 5.186495184898376465e-02 7.375193526968359947e-04 2.389262244105339050e-02 9.840949624776840210e-02 1.719672977924346924e-02 1.928302459418773651e-02 1.471672486513853073e-02 3.271258994936943054e-02 8.154006674885749817e-03 7.836857438087463379e-02 1.621420681476593018e-02 5.484550446271896362e-02 2.816946804523468018e-02 2.206875709816813469e-03 5.120486021041870117e-02 5.203716084361076355e-02 7.250696420669555664e-03 5.518365185707807541e-03 3.549594059586524963e-02 4.139694944024085999e-02 2.262280136346817017e-02 1.177651155740022659e-02 8.144658058881759644e-03
1.311578154563903809e-01 8.540639281272888184e-02 3.156184032559394836e-02 1.107849180698394775e-02 4.430559650063514709e-02 2.438537403941154480e-02 2.488095127046108246e-02 2.275386825203895569e-02 3.791289776563644409e-02 5.406015552580356598e-03 4.906582236289978027e-01 4.863321408629417419e-02 1.506449580192565918e-01 4.079620912671089172e-02 9.102416783571243286e-02 1.387364813126623631e-03 4.259639605879783630e-02 2.092208527028560638e-02 2.294333092868328094e-02 2.507428266108036041e-02 2.159378677606582642e-02 6.099826470017433167e-02 5.337262898683547974e-02 4.695047438144683838e-02 5.450658965855836868e-03 1.620970107614994049e-02 4.280726239085197449e-02 2.659444883465766907e-02 7.714765518903732300e-02 8.883625268936157227e-02 3.098876029253005981e-02 3.457468748092651367e-02 2.702029421925544739e-03 1.610033027827739716e-02 2.129480428993701935e-02 3.813840821385383606e-02 3.397732228040695190e-02 2.620283886790275574e-02 2.301338873803615570e-02 3.383029252290725708e-02 2.785468846559524536e-02 1.845944486558437347e-02 4.234698414802551270e-02 2.491726912558078766e-02 1.634219661355018616e-02 1.029327325522899628e-02 7.650952041149139404e-02 4.696523770689964294e-02 3.735670819878578186e-02 2.011011727154254913e-02 4.101498425006866455e-02 1.917503029108047485e-02 2.474936842918395996e-02 3.733362630009651184e-02 4.578121751546859741e-02 3.800275921821594238e-02 2.495988272130489349e-02 3.477281425148248672e-03 1.595417596399784088e-02 8.685137145221233368e-03 4.479076713323593140e-02 2.825363725423812866e-02 1.558633241802453995e-02 2.901628054678440094e-02 1.073811203241348267e-01 6.303612887859344482e-02 1.574549823999404907e-02 6.281135603785514832e-03 4.371447861194610596e-02 1.678952388465404510e-02 1.853738352656364441e-02 3.331634402275085449e-02 3.999862074851989746e-02 1.064070034772157669e-02 2.209069207310676575e-02 3.371241688728332520e-02 3.356363996863365173e-02 2.006968297064304352e-02 4.610352218151092529e-02 4.687175154685974121e-02 3.247096389532089233e-02 1.277192775160074234e-02 3.958315774798393250e-02 2.784922532737255096e-02 1.468013972043991089e-02 1.796130090951919556e-02 5.689398199319839478e-02 6.730394437909126282e-03 3.885935875587165356e-04 2.733205817639827728e-02 5.790954455733299255e-02 4.768874496221542358e-02 2.608185261487960815e-02 3.860077355057001114e-03 3.794313222169876099e-02 3.437877818942070007e-02 5.067557841539382935e-02 2.575695328414440155e-02 3.810270875692367554e-02 3.502677381038665771e-02 1.317916787229478359e-03 2.443672530353069305e-02 5.517410486936569214e-02 1.003396417945623398e-02 2.409804984927177429e-02 2.503667399287223816e-02 3.238694369792938232e-02 6.790012586861848831e-03 1.398377493023872375e-02 3.374205157160758972e-02 3.066787868738174438e-02 3.489934280514717102e-02 2.006183192133903503e-02 2.675666101276874542e-02 2.895970270037651062e-02 5.424605309963226318e-02
4.394893348217010498e-02 5.551851540803909302e-02 1.405466161668300629e-02 1.797315664589405060e-02 4.590056091547012329e-02 4.637434333562850952e-02 1.224344689399003983e-02 1.606797613203525543e-02 3.836350888013839722e-02 3.963462635874748230e-02 4.863321408629417419e-02 4.725981056690216064e-01 7.303399499505758286e-03 1.586945354938507080e-01 1.471052691340446472e-02 3.058507293462753296e-02 1.460704300552606583e-02 2.467115968465805054e-02 2.122627384960651398e-02 4.673931747674942017e-02 1.358258724212646484e-02 1.873736269772052765e-02 3.285433724522590637e-02 2.350887656211853027e-02 4.909401386976242065e-02 3.316120803356170654e-02 3.744265437126159668e-02 1.228905394673347473e-01 5.397913604974746704e-02 7.637497037649154663e-02 2.486089803278446198e-02 2.233820036053657532e-02 4.018306359648704529e-02 8.185453712940216064e-02 4.286665003746747971e-03 4.799744114279747009e-02 1.237593684345483780e-02 2.081563696265220642e-02 3.675430640578269958e-02 1.249146182090044022e-02 1.386658987030386925e-03 3.121821582317352295e-02 7.017916534096002579e-03 4.805566743016242981e-02 1.065008565783500671e-01 2.547410875558853149e-02 2.122113667428493500e-02 1.401918102055788040e-02 2.618171274662017822e-03 6.863170862197875977e-02 2.899025008082389832e-02 2.245745807886123657e-02 4.209247976541519165e-02 1.246519107371568680e-02 2.435758337378501892e-02 5.929778888821601868e-02 4.581928718835115433e-03 1.200660318136215210e-02 1.248905714601278305e-02 3.820815682411193848e-02 7.708939723670482635e-03 4.278812184929847717e-02 1.063444372266530991e-02 3.369095548987388611e-02 4.675238579511642456e-02 2.157728746533393860e-02 3.421486169099807739e-02 1.405985187739133835e-02 1.859200559556484222e-02 5.436336155980825424e-03 2.274652477353811264e-03 4.538476839661598206e-02 5.376135464757680893e-03 2.308445516973733902e-03 5.181594938039779663e-02 4.792730510234832764e-02 2.018356509506702423e-02 3.591526672244071960e-02 3.346940875053405762e-02 7.005600631237030029e-02 4.775344580411911011e-02 5.736735693062655628e-05 1.812638714909553528e-02 7.186131086200475693e-03 2.715342305600643158e-02 1.005373708903789520e-02 2.667938359081745148e-02 3.838308155536651611e-02 5.606267601251602173e-03 8.231915533542633057e-03 5.180926620960235596e-02 4.768821224570274353e-02 1.678422652184963226e-02 3.011930733919143677e-02 8.665406145155429840e-03 3.812855482101440430e-02 3.504293411970138550e-02 8.498088456690311432e-03 5.817282199859619141e-02 6.482386589050292969e-02 1.350281760096549988e-02 1.090219896286725998e-02 1.991666853427886963e-03 2.208725735545158386e-02 3.286508843302726746e-02 1.209838967770338058e-02 4.451605677604675293e-02 7.351308129727840424e-03 1.542413607239723206e-02 7.530195172876119614e-03 1.561022922396659851e-02 7.301771547645330429e-03 4.092435538768768311e-02 2.558751218020915985e-02 2.935086749494075775e-02 4.619443416595458984e-02
7.737968862056732178e-02 9.992690384387969971e-02 1.466076355427503586e-02 2.355554141104221344e-02 3.992122784256935120e-02 6.015309691429138184e-02 8.375240117311477661e-02 3.047407977283000946e-02 3.681454807519912720e-02 2.073317021131515503e-02 1.506449580192565918e-01 7.303399499505758286e-03 4.848535656929016113e-01 2.540286444127559662e-02 9.194599837064743042e-02 1.243242155760526657e-02 9.617864154279232025e-03 3.578179748728871346e-03 3.013672679662704468e-02 1.072192378342151642e-02 1.428715977817773819e-02 6.156644970178604126e-02 2.808844484388828278e-02 2.727451734244823456e-02 3.649768978357315063e-02 5.287904292345046997e-03 1.144305244088172913e-02 1.867481507360935211e-02 3.843072429299354553e-02 1.945483870804309845e-02 3.285578265786170959e-02 2.368917316198348999e-02 4.595324397087097168e-02 4.144955426454544067e-02 6.833128165453672409e-03 1.215781364589929581e-02 1.664814655669033527e-03 4.776407778263092041e-02 1.965777575969696045e-02 3.222022578120231628e-02 1.704493537545204163e-02 2.908389456570148468e-02 3.777150064706802368e-02 2.608936466276645660e-02 1.852103695273399353e-02 1.410706527531147003e-02 8.074627071619033813e-02 9.352240711450576782e-02 2.157324925065040588e-02 3.432165831327438354e-02 3.621265292167663574e-02 6.436266936361789703e-03 2.878061123192310333e-02 1.705782487988471985e-02 4.483650624752044678e-02 3.189971297979354858e-02 1.102591492235660553e-02 8.405591943301260471e-04 4.526017978787422180e-02 1.277011469937860966e-03 2.027397789061069489e-02 3.722555935382843018e-02 4.191836342215538025e-02 1.353008765727281570e-02 8.907071501016616821e-02 9.106429666280746460e-02 2.784184925258159637e-02 4.888913780450820923e-02 1.816507312469184399e-03 8.224175311625003815e-03 3.440329432487487793e-02 3.971925377845764160e-02 3.100886382162570953e-02 4.074209183454513550e-02 4.706976935267448425e-02 1.079836394637823105e-02 2.522345818579196930e-02 1.602842099964618683e-02 3.189415484666824341e-02 4.961173981428146362e-02 4.990214947611093521e-03 3.220205381512641907e-02 3.369430452585220337e-02 3.038804233074188232e-02 2.686152234673500061e-02 3.359450399875640869e-02 3.153655678033828735e-02 5.640322342514991760e-02 2.289146184921264648e-02 3.042743541300296783e-02 7.688275724649429321e-02 5.411341413855552673e-02 6.576039642095565796e-02 5.518562160432338715e-03 4.433598369359970093e-02 4.625674337148666382e-02 3.815012052655220032e-02 4.341126233339309692e-02 2.364233322441577911e-02 1.659927703440189362e-02 1.347853522747755051e-02 7.605426479130983353e-03 4.714271798729896545e-02 7.415829692035913467e-03 8.874259889125823975e-03 1.817505434155464172e-02 2.991585433483123779e-02 4.936102777719497681e-02 4.949734359979629517e-02 1.546555105596780777e-02 1.064340583980083466e-02 5.629160907119512558e-03 5.560968816280364990e-02 2.527862228453159332e-02 4.088869690895080566e-02 1.860202290117740631e-02
