4.722160995006561279e-01 2.100563198328018188e-01 3.079974278807640076e-02 1.535904593765735626e-02 4.190636798739433289e-02 9.082937613129615784e-03 4.862022772431373596e-02 1.238443795591592789e-02 3.616521833464503288e-03 1.929088309407234192e-02 1.425424963235855103e-01 5.037938244640827179e-03 4.244938120245933533e-02 9.711749851703643799e-03 4.278781637549400330e-02 3.425862640142440796e-02 3.609182313084602356e-02 1.417347509413957596e-02 2.047128789126873016e-02 1.322985626757144928e-02 1.825144048780202866e-03 5.432725884020328522e-03 7.569803390651941299e-03 3.442911803722381592e-02 2.597010694444179535e-02 2.065675705671310425e-02 4.520677775144577026e-02 3.247580677270889282e-02 4.300910048186779022e-03 3.379316255450248718e-02 3.782898932695388794e-02 1.156727410852909088e-02 1.276817452162504196e-02 2.133640833199024200e-02 1.030775438994169235e-02 8.834214881062507629e-03 1.453495956957340240e-02 9.578784927725791931e-03 1.668668910861015320e-02 1.343640685081481934e-02 1.679790392518043518e-02 1.185561181046068668e-03 2.005920745432376862e-02 1.498162187635898590e-02 2.309817634522914886e-02 4.323366284370422363e-02 8.104627579450607300e-02 1.681634783744812012e-02 3.763864934444427490e-02 9.229668416082859039e-03 2.253136225044727325e-02 6.653344724327325821e-03 1.446523796766996384e-02 1.738316379487514496e-02 1.675838232040405273e-02 1.791881956160068512e-02 2.722285874187946320e-02 1.175107434391975403e-02 1.162457279860973358e-03 2.559023350477218628e-02 4.680821672081947327e-03 2.170692570507526398e-02 2.636564336717128754e-02 7.829197496175765991e-02 3.456947579979896545e-02 3.362092003226280212e-02 1.006740797311067581e-02 1.875080727040767670e-02 5.470125470310449600e-03 3.323436900973320007e-02 2.228494547307491302e-02 4.784741997718811035e-02 1.857298053801059723e-02 2.384416386485099792e-02 2.783164009451866150e-02 1.336564123630523682e-02 3.225905820727348328e-02 1.700684055685997009e-02 4.404900968074798584e-02 4.360822960734367371e-02 3.436761721968650818e-02 1.221496146172285080e-02 4.468807950615882874e-02 3.312715888023376465e-02 2.807077020406723022e-02 4.326140135526657104e-02 6.398471072316169739e-03 8.567573502659797668e-03 4.171931743621826172e-02 1.965534128248691559e-02 1.513924542814493179e-02 1.782307960093021393e-02 2.719230391085147858e-02 1.763197220861911774e-02 3.903532028198242188e-02 3.413456305861473083e-02 1.735764741897583008e-02 1.854499243199825287e-02 1.692400546744465828e-03 2.893248386681079865e-02 2.231233753263950348e-02 9.231308475136756897e-03 1.001511886715888977e-02 2.471540821716189384e-03 4.934064578264951706e-03 1.989178732037544250e-02 8.534209802746772766e-03 2.224912680685520172e-02 1.397156435996294022e-02 3.399550169706344604e-02 1.809883862733840942e-02 1.397594995796680450e-02 2.213696949183940887e-02 1.216769102029502392e-03 3.259757906198501587e-02 5.349789746105670929e-03
2.100563198328018188e-01 4.788485765457153320e-01 3.918932750821113586e-02 1.799338124692440033e-02 6.338537670671939850e-03 4.692814499139785767e-02 1.419108640402555466e-02 1.273638848215341568e-02 1.911325752735137939e-02 3.484067320823669434e-02 1.169008463621139526e-01 4.057196900248527527e-03 1.365692913532257080e-01 3.680173680186271667e-02 1.948228571563959122e-03 4.505235701799392700e-03 6.181724369525909424e-03 2.850392367690801620e-03 1.012032851576805115e-02 4.375047609210014343e-02 3.261753916740417480e-02 2.353180013597011566e-02 3.904170915484428406e-02 2.813278138637542725e-02 3.147998452186584473e-02 3.780404478311538696e-02 3.632397577166557312e-02 9.623111225664615631e-03 1.168558094650506973e-02 7.637599948793649673e-03 1.231977529823780060e-02 2.018930949270725250e-02 4.453556984663009644e-02 3.685590624809265137e-02 7.425768766552209854e-03 7.625551894307136536e-03 1.791282929480075836e-02 2.400404959917068481e-02 4.035116359591484070e-02 1.048543676733970642e-02 3.251194953918457031e-02 3.047091886401176453e-02 8.723038248717784882e-03 3.935984149575233459e-02 5.323235318064689636e-02 6.931283324956893921e-02 9.498394210822880268e-04 4.173320159316062927e-02 1.202228292822837830e-02 7.354513276368379593e-03 3.419540077447891235e-02 4.247198253870010376e-02 3.298806259408593178e-03 2.790876850485801697e-02 8.679577149450778961e-03 2.549696248024702072e-03 2.976833470165729523e-02 4.071648418903350830e-02 9.905020706355571747e-03 9.082109667360782623e-03 3.059084061533212662e-03 2.259638346731662750e-02 1.455513946712017059e-02 7.972757518291473389e-02 2.409795112907886505e-02 1.387270912528038025e-02 8.364718407392501831e-03 6.706970278173685074e-03 3.399617969989776611e-03 3.573857247829437256e-02 1.712622866034507751e-02 1.853587478399276733e-02 3.526121377944946289e-02 1.615245454013347626e-02 2.050399221479892731e-02 1.144482195377349854e-02 3.022768534719944000e-02 3.577472642064094543e-02 3.194223716855049133e-02 1.676060445606708527e-02 2.816057577729225159e-02 1.094754412770271301e-02 6.325969006866216660e-03 4.424301907420158386e-02 6.968447938561439514e-03 2.387908473610877991e-02 5.535610485821962357e-03 1.391254737973213196e-02 3.672417020425200462e-03 3.140066564083099365e-02 1.184256188571453094e-02 1.651939563453197479e-02 1.745853945612907410e-02 4.750753939151763916e-02 2.834320440888404846e-02 9.127807803452014923e-03 4.083247040398418903e-05 3.601752966642379761e-02 3.763262415304780006e-03 1.296174246817827225e-02 1.129151973873376846e-02 5.484030116349458694e-03 3.448999021202325821e-03 2.899893186986446381e-02 3.616136265918612480e-03 1.378978881984949112e-02 8.516274392604827881e-03 7.513612043112516403e-03 3.119405545294284821e-02 5.296713858842849731e-02 1.449067052453756332e-02 3.023937903344631195e-02 2.458986267447471619e-02 2.064253576099872589e-02 3.673319518566131592e-02 2.787211351096630096e-02
3.079974278807640076e-02 3.918932750821113586e-02 4.670627415180206299e-01 3.389233350753784180e-02 6.541006732732057571e-03 3.567731380462646484e-02 3.760128840804100037e-02 1.007786616683006287e-01 1.615938358008861542e-02 1.859971135854721069e-02 2.777550928294658661e-02 3.172097355127334595e-02 1.838954980485141277e-03 3.955873847007751465e-02 2.764152130112051964e-03 1.425700075924396515e-02 3.578907996416091919e-02 4.142324626445770264e-02 2.392856637015938759e-03 3.238472715020179749e-02 3.345008939504623413e-02 3.575425595045089722e-02 1.990001648664474487e-02 1.126956474035978317e-02 2.681826613843441010e-02 2.827302925288677216e-02 2.945577912032604218e-02 1.735571771860122681e-02 2.789425849914550781e-02 8.694100193679332733e-03 2.823106385767459869e-02 2.065461128950119019e-03 7.213620934635400772e-03 1.374685764312744141e-02 2.379159070551395416e-02 1.222531590610742569e-02 2.089838963001966476e-03 6.301255524158477783e-02 5.013420060276985168e-02 4.891977831721305847e-02 1.758232712745666504e-02 6.290922407060861588e-03 2.530723996460437775e-02 1.623151078820228577e-02 2.176584303379058838e-02 3.227008879184722900e-02 5.883439257740974426e-02 4.198843240737915039e-02 1.277435105293989182e-03 3.094958327710628510e-02 2.211644686758518219e-02 3.185827657580375671e-02 4.625738412141799927e-02 5.607601627707481384e-02 3.377858176827430725e-02 2.867159247398376465e-02 2.717553637921810150e-03 8.636216633021831512e-03 7.045173086225986481e-03 1.865237578749656677e-02 2.577941492199897766e-02 1.113773975521326065e-02 4.268267005681991577e-02 1.502448879182338715e-02 4.127876833081245422e-02 4.269783571362495422e-02 1.255668886005878448e-02 2.645804174244403839e-02 1.588307134807109833e-02 1.663522049784660339e-02 1.704872585833072662e-02 1.501885429024696350e-02 2.601509913802146912e-03 9.736203588545322418e-03 1.301080919802188873e-02 4.655105876736342907e-04 2.516742423176765442e-02 1.156359794549643993e-03 3.435718640685081482e-02 1.966635324060916901e-02 1.391259282827377319e-01 1.143456771969795227e-01 1.824746467173099518e-02 2.360378578305244446e-02 1.942739263176918030e-02 1.545853819698095322e-02 2.451096475124359131e-02 2.658141776919364929e-03 1.631248369812965393e-02 2.921589463949203491e-02 3.336559608578681946e-02 3.336216136813163757e-02 8.979342877864837646e-03 2.382504753768444061e-02 1.230351068079471588e-02 6.411327049136161804e-03 2.485490404069423676e-02 4.024217277765274048e-02 1.756490208208560944e-02 5.222728475928306580e-02 2.619736827909946442e-03 4.347451403737068176e-02 2.519635483622550964e-02 3.154867142438888550e-02 4.543010890483856201e-02 4.080914333462715149e-02 5.318333860486745834e-03 4.112173616886138916e-02 3.728719428181648254e-02 8.337431587278842926e-03 3.050144203007221222e-02 3.791905194520950317e-02 1.709233969449996948e-02 1.406586915254592896e-02 2.111319638788700104e-02 4.143653810024261475e-02
1.535904593765735626e-02 1.799338124692440033e-02 3.389233350753784180e-02 5.051677227020263672e-01 1.418562314938753843e-04 2.889049239456653595e-02 4.031850025057792664e-03 7.604357320815324783e-03 3.117248974740505219e-02 2.642993442714214325e-02 3.205718472599983215e-02 6.766842212527990341e-03 2.098063193261623383e-02 1.939723826944828033e-02 2.309173345565795898e-02 1.275478210300207138e-02 3.635576460510492325e-03 1.426006294786930084e-02 5.310650542378425598e-02 2.261332422494888306e-02 4.096524417400360107e-02 1.769790798425674438e-02 2.569972537457942963e-02 3.853082656860351562e-02 2.699505724012851715e-02 2.893083170056343079e-02 1.552192028611898422e-02 2.444804273545742035e-02 1.515061128884553909e-02 1.130043063312768936e-02 2.260523848235607147e-02 5.658515729010105133e-03 5.122139304876327515e-02 1.733398064970970154e-02 1.155112031847238541e-02 7.847601547837257385e-03 3.075849823653697968e-02 4.970281850546598434e-03 6.855783611536026001e-02 1.379539724439382553e-02 2.476459182798862457e-02 1.942299492657184601e-02 1.153037790209054947e-02 2.052034810185432434e-02 2.400719933211803436e-02 1.614402607083320618e-02 4.381017386913299561e-02 3.926511388272047043e-03 5.980972666293382645e-03 4.969608038663864136e-02 5.601047351956367493e-02 1.543150283396244049e-02 3.643203899264335632e-02 3.162140771746635437e-02 2.857093000784516335e-03 5.883341282606124878e-02 5.144618824124336243e-02 5.523353815078735352e-02 3.811499103903770447e-02 3.368589282035827637e-02 1.832765340805053711e-02 4.070000350475311279e-02 1.531320530921220779e-02 3.859742730855941772e-02 2.284466661512851715e-02 1.296244934201240540e-02 1.468479447066783905e-02 2.682311087846755981e-02 5.992287769913673401e-03 5.715577676892280579e-02 1.688084565103054047e-02 3.279377147555351257e-02 5.587036907672882080e-02 8.451743051409721375e-03 4.289384931325912476e-02 4.422769695520401001e-02 4.452009685337543488e-03 4.787338525056838989e-02 2.954943105578422546e-02 3.127701207995414734e-02 4.297965019941329956e-02 3.543625818565487862e-03 5.692334845662117004e-02 4.830140992999076843e-02 1.779744401574134827e-02 5.331097170710563660e-02 2.589210867881774902e-02 1.465367432683706284e-02 3.235641866922378540e-02 2.765994146466255188e-02 2.040904574096202850e-02 5.737176164984703064e-02 9.801122359931468964e-04 2.919654548168182373e-02 1.302515808492898941e-02 4.202846065163612366e-02 1.417679525911808014e-02 5.038272216916084290e-02 2.598576946184039116e-03 5.121822003275156021e-03 4.187156632542610168e-02 3.940156102180480957e-02 1.680859737098217010e-02 4.272194113582372665e-03 4.402907192707061768e-02 2.478141337633132935e-02 2.210811153054237366e-02 2.904216945171356201e-02 1.264989282935857773e-02 4.975100234150886536e-02 2.423290722072124481e-02 2.229335159063339233e-02 1.337255910038948059e-02 3.432717174291610718e-03 2.544825710356235504e-02 3.648688271641731262e-02
4.190636798739433289e-02 6.338537670671939850e-03 6.541006732732057571e-03 1.418562314938753843e-04 4.875149428844451904e-01 2.702551335096359253e-02 3.026426397264003754e-02 2.349533513188362122e-02 1.527457870543003082e-02 5.549206212162971497e-02 9.959295392036437988e-03 2.310722135007381439e-02 2.771777659654617310e-02 1.453549228608608246e-02 3.511350834742188454e-03 3.305757045745849609e-02 4.053470492362976074e-02 2.677475661039352417e-02 8.519198745489120483e-02 2.584530971944332123e-02 2.896643616259098053e-02 1.236274652183055878e-02 3.267787024378776550e-02 1.205728109925985336e-02 3.153297305107116699e-02 4.298675805330276489e-03 3.387863282114267349e-03 3.932417929172515869e-02 4.180745780467987061e-02 4.218396916985511780e-02 4.735272750258445740e-02 1.506887190043926239e-02 4.928814992308616638e-02 1.627359911799430847e-02 4.873262345790863037e-02 2.481112070381641388e-02 3.432860225439071655e-02 4.378275573253631592e-02 3.363734856247901917e-02 1.221460700035095215e-01 4.871332645416259766e-02 3.106457553803920746e-02 3.022419847548007965e-02 3.605626150965690613e-02 2.390409354120492935e-03 2.714316174387931824e-02 1.642972044646739960e-02 1.446809386834502220e-03 5.674535408616065979e-02 1.682933419942855835e-02 1.426998246461153030e-02 2.731074392795562744e-02 1.378395128995180130e-02 4.367652162909507751e-02 4.688064008951187134e-02 1.952983625233173370e-02 7.131594466045498848e-04 5.577608477324247360e-03 4.788460955023765564e-02 4.586407914757728577e-02 3.275464847683906555e-02 7.263638079166412354e-02 1.382005028426647186e-02 2.609856054186820984e-02 4.040148481726646423e-02 5.193524807691574097e-02 5.381066724658012390e-02 2.939473092555999756e-02 3.621665760874748230e-02 2.081786841154098511e-02 6.845746934413909912e-02 1.857623830437660217e-02 4.737940803170204163e-02 1.014901045709848404e-02 4.153704643249511719e-02 1.104860845953226089e-02 4.131152480840682983e-02 1.605215854942798615e-02 1.195579394698143005e-02 6.163995247334241867e-03 4.275780171155929565e-02 3.703821823000907898e-02 3.768666088581085205e-02 2.268969826400279999e-02 7.951696403324604034e-03 2.453483408316969872e-03 1.497895177453756332e-02 2.500877017155289650e-03 1.737062446773052216e-02 7.803189801052212715e-04 2.481745928525924683e-02 2.109420113265514374e-02 1.103508379310369492e-02 9.403835982084274292e-03 1.145715825259685516e-02 3.134033642709255219e-03 1.387186441570520401e-02 4.872303456068038940e-02 2.065953984856605530e-02 9.859931655228137970e-03 2.080601453781127930e-02 4.221486300230026245e-02 1.530764438211917877e-02 1.461003068834543228e-02 4.881250485777854919e-02 2.178308740258216858e-02 4.461611807346343994e-02 1.244332268834114075e-02 4.335813969373703003e-02 3.914126008749008179e-02 7.547623477876186371e-03 3.360921517014503479e-02 3.241924196481704712e-02 3.781669959425926208e-02 2.862078137695789337e-03 4.042576532810926437e-03
9.082937613129615784e-03 4.692814499139785767e-02 3.567731380462646484e-02 2.889049239456653595e-02 2.702551335096359253e-02 4.876664280891418457e-01 1.616270840167999268e-01 4.234606027603149414e-02 2.259827405214309692e-02 3.055990114808082581e-02 1.301443018019199371e-02 2.219616994261741638e-02 7.765801995992660522e-02 1.276683807373046875e-02 1.965358667075634003e-02 3.923323005437850952e-02 2.489687688648700714e-02 4.266248643398284912e-02 2.217482589185237885e-02 3.313691914081573486e-02 4.320424795150756836e-02 3.827678039669990540e-02 1.536755077540874481e-02 9.316825307905673981e-03 1.374998502433300018e-02 8.634947240352630615e-03 2.325078658759593964e-02 2.175032161176204681e-02 5.213753506541252136e-02 1.196466619148850441e-03 4.940354079008102417e-02 4.565596580505371094e-02 1.360949967056512833e-02 6.742136320099234581e-04 3.811413794755935669e-02 3.444045037031173706e-02 1.282293442636728287e-02 2.673984505236148834e-02 2.731866762042045593e-02 1.970455609261989594e-02 3.917824849486351013e-02 1.756411418318748474e-02 5.400995910167694092e-02 1.223998051136732101e-02 9.621635545045137405e-04 2.429713495075702667e-02 2.053132280707359314e-02 5.090482905507087708e-02 1.541802776046097279e-03 8.576238527894020081e-03 4.345403611660003662e-02 1.309258118271827698e-02 1.570671610534191132e-02 8.501349948346614838e-03 5.246681347489356995e-02 7.472834549844264984e-03 1.516956742852926254e-02 5.177645757794380188e-02 6.709801498800516129e-03 3.053707629442214966e-02 1.867146231234073639e-02 2.439946308732032776e-02 1.396298059262335300e-03 4.430055618286132812e-02 1.086750533431768417e-02 3.315737843513488770e-02 8.646177011542022228e-04 5.132553726434707642e-02 2.057770639657974243e-02 4.385667666792869568e-02 3.523243591189384460e-02 4.270410910248756409e-02 1.201291661709547043e-02 4.279639571905136108e-02 4.200706258416175842e-03 2.452830784022808075e-02 2.434390969574451447e-02 2.669334597885608673e-02 4.554554470814764500e-05 2.007305063307285309e-02 4.753881599754095078e-03 2.336182259023189545e-02 1.716364361345767975e-02 8.675239048898220062e-03 5.296263471245765686e-02 5.412614555098116398e-04 2.953434921801090240e-02 5.196250230073928833e-02 6.376702804118394852e-03 4.413505271077156067e-02 3.771629184484481812e-02 4.781836271286010742e-02 5.799838155508041382e-02 4.071356356143951416e-02 1.410948112607002258e-02 3.706517070531845093e-02 2.806738577783107758e-02 3.171003237366676331e-02 7.625817786902189255e-03 2.285734517499804497e-03 6.473832763731479645e-03 1.252063736319541931e-02 3.116957098245620728e-02 2.505210228264331818e-02 2.255603857338428497e-02 1.978749409317970276e-02 1.055352948606014252e-02 3.839699551463127136e-02 4.206705838441848755e-02 1.779972203075885773e-02 9.586912579834461212e-03 1.377983205020427704e-02 3.950323909521102905e-02 6.611943244934082031e-02 3.657284006476402283e-02 1.938237436115741730e-02
4.862022772431373596e-02 1.419108640402555466e-02 3.760128840804100037e-02 4.031850025057792664e-03 3.026426397264003754e-02 1.616270840167999268e-01 4.690233469009399414e-01 4.212732613086700439e-02 4.201019555330276489e-02 3.793631494045257568e-02 1.872858777642250061e-02 2.799015864729881287e-02 1.810584031045436859e-02 4.351899027824401855e-02 1.497156452387571335e-02 2.946745231747627258e-02 3.182226046919822693e-02 3.790786489844322205e-02 1.572074554860591888e-02 3.296697139739990234e-02 3.363573923707008362e-03 2.180985920131206512e-02 3.472755476832389832e-02 3.797547658905386925e-03 3.728615492582321167e-02 2.717537246644496918e-02 4.448642209172248840e-02 2.229569479823112488e-02 6.445670500397682190e-03 3.057763911783695221e-02 2.126034721732139587e-02 1.003986503928899765e-02 2.876117825508117676e-02 2.588168904185295105e-02 3.033484704792499542e-02 3.157830610871315002e-02 3.773128241300582886e-02 9.788570925593376160e-03 6.550651043653488159e-03 2.545656170696020126e-03 4.485899955034255981e-02 4.910361603833734989e-04 4.317785799503326416e-02 2.364792861044406891e-02 4.062584042549133301e-02 5.070921033620834351e-03 1.465467065572738647e-01 3.371199127286672592e-03 3.038696572184562683e-02 3.413140028715133667e-02 1.354896649718284607e-02 1.622866140678524971e-03 4.306602850556373596e-02 2.349522709846496582e-02 2.843917347490787506e-02 2.406236343085765839e-02 4.312061145901679993e-02 9.713688865303993225e-03 1.959029026329517365e-02 4.200504161417484283e-03 3.037159889936447144e-02 6.689157802611589432e-03 1.326958555728197098e-02 8.680460974574089050e-03 1.396477874368429184e-02 4.018807038664817810e-02 1.444713491946458817e-02 2.561629051342606544e-03 3.867533802986145020e-02 5.523979663848876953e-03 1.661507412791252136e-02 2.659292705357074738e-02 1.191039662808179855e-02 1.458415179513394833e-03 1.455521583557128906e-02 9.575044736266136169e-03 1.045571640133857727e-02 4.145158082246780396e-02 3.455859050154685974e-02 1.875226013362407684e-02 2.269420772790908813e-02 1.218191999942064285e-02 2.436320669949054718e-02 2.056477963924407959e-02 4.219146445393562317e-02 1.106588356196880341e-02 1.554776635020971298e-02 4.436944425106048584e-02 3.097908943891525269e-02 7.142516318708658218e-03 1.359514612704515457e-02 3.915000706911087036e-02 1.006528176367282867e-02 1.255297195166349411e-02 4.010270535945892334e-02 3.880615578964352608e-03 4.907187074422836304e-02 1.106736995279788971e-02 5.003380030393600464e-02 1.530724484473466873e-02 1.139494217932224274e-02 6.446580402553081512e-03 3.453210368752479553e-02 3.250603750348091125e-02 3.195656836032867432e-02 2.116116508841514587e-02 3.056221827864646912e-02 2.622700668871402740e-02 2.961453609168529510e-02 9.473809041082859039e-03 4.608841985464096069e-02 6.175751984119415283e-02 4.021628946065902710e-02 1.742867939174175262e-02 2.539583668112754822e-02 1.164319925010204315e-03
1.238443795591592789e-02 1.273638848215341568e-02 1.007786616683006287e-01 7.604357320815324783e-03 2.349533513188362122e-02 4.234606027603149414e-02 4.212732613086700439e-02 4.865416884422302246e-01 2.212288323789834976e-03 5.070643126964569092e-02 4.153064452111721039e-03 8.245856501162052155e-03 1.851519336923956871e-03 2.729176310822367668e-03 1.074868589639663696e-01 2.885251305997371674e-02 4.611382260918617249e-03 2.818878740072250366e-02 1.992361061275005341e-02 4.335897043347358704e-02 4.916306957602500916e-02 2.777472883462905884e-02 6.134775932878255844e-03 1.192747964523732662e-03 1.617746986448764801e-02 2.758207358419895172e-02 2.737255394458770752e-02 3.154646977782249451e-02 1.173220016062259674e-02 1.374859083443880081e-02 9.266914799809455872e-03 7.448205258697271347e-03 3.923561051487922668e-02 5.291159823536872864e-02 1.533934939652681351e-02 2.413623593747615814e-02 6.605634838342666626e-02 4.601075313985347748e-03 3.710441663861274719e-02 2.472692541778087616e-02 2.028393186628818512e-02 3.183924593031406403e-03 2.658170275390148163e-02 1.222231797873973846e-02 1.060447562485933304e-02 9.396657347679138184e-03 3.347145859152078629e-03 4.265430849045515060e-03 3.560468030627816916e-04 1.039962633512914181e-03 5.011148750782012939e-03 1.775881461799144745e-02 2.656817995011806488e-02 3.753846138715744019e-02 9.630502201616764069e-03 2.757054567337036133e-02 3.450559824705123901e-02 2.738274401053786278e-03 8.650783449411392212e-03 3.960024565458297729e-02 6.331243552267551422e-03 4.492075741291046143e-02 2.630483359098434448e-02 1.572604291141033173e-02 2.915163338184356689e-02 5.247415974736213684e-02 2.132153371348977089e-03 2.290105260908603668e-02 3.428379073739051819e-02 3.585589816793799400e-03 3.116075135767459869e-02 8.881202898919582367e-03 2.451930195093154907e-02 5.200216174125671387e-02 1.592102274298667908e-02 1.004903577268123627e-02 4.137535579502582550e-03 3.412434086203575134e-02 2.859797561541199684e-03 7.551737129688262939e-03 1.720479726791381836e-01 1.520910263061523438e-01 4.675227403640747070e-02 1.992264017462730408e-02 4.903145879507064819e-02 4.642825201153755188e-02 5.422160029411315918e-02 8.534392341971397400e-03 8.367299102246761322e-03 7.391751557588577271e-02 4.076820984482765198e-02 3.781235963106155396e-02 7.432783022522926331e-03 2.657924965023994446e-02 3.981520980596542358e-02 2.019836939871311188e-02 3.591325599700212479e-03 3.224878013134002686e-02 2.608418464660644531e-03 7.187747862190008163e-03 1.173609402030706406e-02 3.074256144464015961e-02 7.459804881364107132e-03 2.295381389558315277e-02 2.382405474781990051e-02 1.415728591382503510e-03 2.223435416817665100e-02 3.807665780186653137e-02 4.538741707801818848e-02 1.781115867197513580e-02 3.906604275107383728e-02 7.522151805460453033e-03 5.320961028337478638e-02 2.341222576797008514e-02 2.377726323902606964e-02 5.386750027537345886e-02
3.616521833464503288e-03 1.911325752735137939e-02 1.615938358008861542e-02 3.117248974740505219e-02 1.527457870543003082e-02 2.259827405214309692e-02 4.201019555330276489e-02 2.212288323789834976e-03 5.060383081436157227e-01 5.573398619890213013e-02 1.973793655633926392e-02 5.833634641021490097e-03 3.058432787656784058e-02 3.722932655364274979e-03 4.239004850387573242e-02 6.057709082961082458e-02 1.216405909508466721e-02 2.766340598464012146e-02 5.583043769001960754e-02 5.920293740928173065e-03 3.592335619032382965e-03 2.534826286137104034e-02 8.242682367563247681e-02 4.332808405160903931e-02 1.258739642798900604e-02 1.759328693151473999e-02 7.386962417513132095e-03 4.898127913475036621e-02 3.890490159392356873e-02 6.432896479964256287e-03 3.241278231143951416e-02 3.039660677313804626e-02 1.970208948478102684e-03 4.059227928519248962e-02 1.810777117498219013e-03 2.283828146755695343e-02 4.043571185320615768e-03 1.662346161901950836e-02 2.509295241907238960e-03 1.085280347615480423e-02 1.293056923896074295e-02 6.924378871917724609e-02 3.456117212772369385e-02 1.611896604299545288e-02 3.741769352927803993e-03 1.348918420262634754e-03 2.132213674485683441e-02 4.104112461209297180e-02 4.161704331636428833e-02 4.609224572777748108e-02 3.198324516415596008e-02 2.315753698348999023e-02 1.365834008902311325e-02 1.290410105139017105e-02 4.826222732663154602e-02 4.866737872362136841e-02 5.943152680993080139e-02 1.026007533073425293e-02 1.327254809439182281e-02 1.810130476951599121e-02 6.327825039625167847e-02 2.536269836127758026e-03 8.621201850473880768e-03 2.471839077770709991e-02 1.800635084509849548e-02 5.137841403484344482e-02 4.712541028857231140e-02 2.966790460050106049e-02 8.144407533109188080e-03 1.801418513059616089e-02 5.505098029971122742e-02 3.020816482603549957e-02 2.237911149859428406e-02 3.814942762255668640e-02 1.171961240470409393e-02 3.862052783370018005e-02 1.211239174008369446e-01 6.243372336030006409e-02 6.310536712408065796e-02 1.913319714367389679e-02 1.537557505071163177e-02 1.458999048918485641e-02 3.032977692782878876e-03 4.643892124295234680e-02 4.660581797361373901e-02 1.371999271214008331e-02 4.077073931694030762e-02 5.574169009923934937e-02 1.210340205579996109e-02 3.661227179691195488e-03 1.196479238569736481e-02 7.851701229810714722e-03 1.055432111024856567e-02 6.062061991542577744e-03 4.359374940395355225e-02 9.378427639603614807e-03 4.995961114764213562e-02 2.673897147178649902e-02 7.389332354068756104e-02 6.185883283615112305e-02 1.940837502479553223e-02 3.961543738842010498e-02 3.411817830055952072e-03 4.429784044623374939e-02 5.753207206726074219e-02 2.787605626508593559e-03 4.759434610605239868e-02 2.427377551794052124e-02 3.414703533053398132e-02 4.634625744074583054e-03 2.268800698220729828e-02 1.266642380505800247e-02 3.211500123143196106e-02 2.031744644045829773e-02 2.755428105592727661e-02 1.467838976532220840e-02
1.929088309407234192e-02 3.484067320823669434e-02 1.859971135854721069e-02 2.642993442714214325e-02 5.549206212162971497e-02 3.055990114808082581e-02 3.793631494045257568e-02 5.070643126964569092e-02 5.573398619890213013e-02 5.065407752990722656e-01 4.227900132536888123e-02 4.897725209593772888e-02 3.302102535963058472e-02 2.384831383824348450e-02 3.641366958618164062e-02 5.397114530205726624e-02 2.416161820292472839e-02 1.611918909475207329e-03 3.434081375598907471e-02 2.213583327829837799e-02 1.406886707991361618e-02 4.063728451728820801e-02 3.424030914902687073e-02 7.548938691616058350e-02 4.060739278793334961e-02 4.872084781527519226e-02 8.665354922413825989e-03 4.212894663214683533e-02 3.687314316630363464e-02 5.026371031999588013e-02 1.997671835124492645e-02 2.080984413623809814e-02 2.435225993394851685e-02 2.104000188410282135e-02 2.242018841207027435e-02 4.862478375434875488e-02 2.207589801400899887e-03 3.352857753634452820e-02 3.246853873133659363e-02 1.608303748071193695e-02 2.146788686513900757e-02 2.151077799499034882e-02 3.090404719114303589e-02 3.184777498245239258e-02 3.478273376822471619e-02 2.276632236316800117e-03 1.707577845081686974e-03 2.597971446812152863e-02 3.014120087027549744e-02 7.497192919254302979e-02 1.788903027772903442e-02 4.218162223696708679e-02 4.361132159829139709e-02 3.754372149705886841e-02 3.774662502110004425e-03 2.305240742862224579e-02 2.511126734316349030e-02 2.429398335516452789e-02 2.591372653841972351e-02 8.214365690946578979e-03 5.104059353470802307e-02 3.080558404326438904e-02 3.349139168858528137e-02 4.805826395750045776e-02 3.896338865160942078e-02 3.060574457049369812e-02 1.072345580905675888e-02 6.421718280762434006e-03 6.214460823684930801e-03 3.265521675348281860e-02 4.345177859067916870e-02 1.042771991342306137e-02 2.865059534087777138e-03 6.577464751899242401e-03 2.946170791983604431e-02 6.434824317693710327e-04 1.490210369229316711e-02 1.079621985554695129e-01 9.945119731128215790e-03 6.561153382062911987e-02 4.725215584039688110e-02 5.310821905732154846e-02 1.482653990387916565e-02 7.036875188350677490e-02 1.748050004243850708e-02 1.148251723498106003e-02 1.975793763995170593e-02 5.019717290997505188e-02 2.754156477749347687e-02 1.459202766418457031e-01 4.795856401324272156e-02 7.876121439039707184e-03 5.588623881340026855e-02 2.247334271669387817e-02 4.394385591149330139e-02 1.554661523550748825e-02 4.705294594168663025e-02 1.663221046328544617e-02 2.565788850188255310e-02 2.829745598137378693e-02 4.551455006003379822e-02 1.850409805774688721e-02 3.237054217606782913e-03 3.765053302049636841e-02 3.616282716393470764e-02 8.603786118328571320e-03 2.180601656436920166e-02 1.451025716960430145e-02 3.895799815654754639e-02 9.223876520991325378e-03 1.585272490046918392e-03 5.036441981792449951e-02 1.410944107919931412e-02 1.722871512174606323e-02 4.528848454356193542e-02 4.714110866189002991e-02
1.425424963235855103e-01 1.169008463621139526e-01 2.777550928294658661e-02 3.205718472599983215e-02 9.959295392036437988e-03 1.301443018019199371e-02 1.872858777642250061e-02 4.153064452111721039e-03 1.973793655633926392e-02 4.227900132536888123e-02 4.889048635959625244e-01 6.368042901158332825e-03 1.625582724809646606e-01 1.014588284306228161e-03 4.731300845742225647e-02 1.553682424128055573e-02 4.011487215757369995e-02 1.109959185123443604e-02 4.022917151451110840e-02 2.219743467867374420e-02 4.018843919038772583e-02 6.024362985044717789e-03 1.054894924163818359e-02 3.536076098680496216e-02 1.376484637148678303e-03 1.363163813948631287e-02 4.972296208143234253e-02 4.058583080768585205e-02 6.899896264076232910e-02 4.374347627162933350e-02 6.485131382942199707e-02 4.259963333606719971e-02 2.063249237835407257e-02 1.588739105500280857e-03 4.739760607481002808e-02 4.562253877520561218e-02 4.416652768850326538e-02 8.147327229380607605e-03 1.998607441782951355e-02 2.776031848043203354e-03 4.733037576079368591e-02 2.053218521177768707e-02 1.963034830987453461e-02 2.005894295871257782e-02 1.741357892751693726e-02 4.021827504038810730e-02 6.707138568162918091e-02 5.131129920482635498e-02 7.691589184105396271e-03 8.155836723744869232e-03 2.925785817205905914e-02 4.764029756188392639e-02 2.060351520776748657e-02 1.803344488143920898e-02 8.382716216146945953e-03 1.073654927313327789e-02 1.925219595432281494e-02 2.032364718616008759e-02 2.836263505741953850e-03 5.090271122753620148e-03 6.874038837850093842e-03 3.072345070540904999e-02 3.325847908854484558e-02 4.479923285543918610e-03 1.680742017924785614e-02 6.252145767211914062e-02 4.787016659975051880e-02 6.865474395453929901e-03 4.190552234649658203e-02 3.287791833281517029e-02 2.708124555647373199e-02 4.040850698947906494e-02 7.875193841755390167e-03 4.508227482438087463e-02 3.355977241881191730e-04 3.738295286893844604e-02 2.840167284011840820e-02 3.475578967481851578e-03 3.482186794281005859e-02 4.206625372171401978e-02 4.254557657986879349e-03 6.339094601571559906e-03 1.163730397820472717e-02 1.898925937712192535e-02 2.023844420909881592e-02 1.589650474488735199e-02 1.690580509603023529e-02 2.391717769205570221e-02 6.296621169894933701e-03 1.159312669187784195e-02 2.435732074081897736e-02 2.897979225963354111e-03 1.404440961778163910e-02 2.624865807592868805e-02 3.963056579232215881e-02 1.922134123742580414e-02 4.941416531801223755e-02 1.811793260276317596e-02 2.818899601697921753e-02 4.930226877331733704e-02 2.342581190168857574e-02 2.611125819385051727e-02 4.428513720631599426e-02 1.992660388350486755e-02 3.681543841958045959e-02 3.123926557600498199e-02 5.309279263019561768e-02 2.784975990653038025e-02 8.474636822938919067e-03 4.449532367289066315e-03 3.065722063183784485e-02 4.812520369887351990e-02 2.509616501629352570e-02 1.747801527380943298e-02 4.436503723263740540e-02 1.327904593199491501e-02
5.037938244640827179e-03 4.057196900248527527e-03 3.172097355127334595e-02 6.766842212527990341e-03 2.310722135007381439e-02 2.219616994261741638e-02 2.799015864729881287e-02 8.245856501162052155e-03 5.833634641021490097e-03 4.897725209593772888e-02 6.368042901158332825e-03 5.115479230880737305e-01 6.336324382573366165e-03 1.197184771299362183e-01 2.081380039453506470e-02 1.134695950895547867e-02 4.561819136142730713e-03 2.831890806555747986e-02 6.050543859601020813e-02 1.095487619750201702e-03 5.815849825739860535e-02 1.705677993595600128e-02 9.471441619098186493e-03 4.169737175107002258e-02 5.186621844768524170e-02 1.702405512332916260e-02 4.026649985462427139e-03 4.062085598707199097e-02 8.686306886374950409e-03 3.413724154233932495e-02 4.422122146934270859e-03 4.730326123535633087e-03 3.015014529228210449e-02 4.981172829866409302e-02 3.593935072422027588e-02 3.034586831927299500e-02 1.673967577517032623e-02 1.439986657351255417e-02 2.494057826697826385e-02 4.853947460651397705e-02 2.437910996377468109e-02 1.251470483839511871e-02 1.237395592033863068e-02 2.486396022140979767e-02 6.548268347978591919e-02 2.916318923234939575e-02 4.405146837234497070e-02 4.424440115690231323e-02 4.838928580284118652e-02 2.579520456492900848e-02 1.293511502444744110e-02 4.086278751492500305e-02 4.322842136025428772e-02 4.721284378319978714e-03 3.264765441417694092e-02 1.654493063688278198e-02 2.944221533834934235e-02 1.357783097773790359e-02 1.043073553591966629e-02 6.187903694808483124e-03 1.891253143548965454e-02 2.994235139340162277e-03 4.163308441638946533e-02 1.454274263232946396e-02 3.122417628765106201e-02 2.105426415801048279e-02 3.843160718679428101e-02 2.683227509260177612e-02 1.368351280689239502e-02 8.028019219636917114e-03 1.567194587551057339e-03 1.528884097933769226e-02 4.360442236065864563e-02 1.874214387498795986e-03 5.652550607919692993e-02 7.867276668548583984e-03 3.300309181213378906e-02 2.898671478033065796e-02 2.927484922111034393e-02 5.816517770290374756e-02 1.411665976047515869e-02 2.790433540940284729e-02 5.104684457182884216e-02 2.191220177337527275e-03 2.222796529531478882e-02 4.338216409087181091e-02 1.000114344060420990e-02 4.632632480934262276e-04 5.360230337828397751e-03 8.870583958923816681e-03 6.271788477897644043e-02 1.021545287221670151e-02 8.163760602474212646e-02 1.857472117990255356e-03 4.672350361943244934e-02 2.880892343819141388e-02 1.707122847437858582e-02 1.528476551175117493e-02 3.135917335748672485e-02 4.351005330681800842e-02 3.492084518074989319e-02 5.031203851103782654e-02 4.505031183362007141e-02 2.642878703773021698e-02 4.623083770275115967e-02 2.402744069695472717e-02 3.604178130626678467e-02 7.135238498449325562e-03 1.861529308371245861e-03 4.023427143692970276e-02 3.424889221787452698e-02 1.785931736230850220e-02 2.715246193110942841e-02 1.157794520258903503e-02 3.680281806737184525e-03 3.469111770391464233e-02
4.244938120245933533e-02 1.365692913532257080e-01 1.838954980485141277e-03 2.098063193261623383e-02 2.771777659654617310e-02 7.765801995992660522e-02 1.810584031045436859e-02 1.851519336923956871e-03 3.058432787656784058e-02 3.302102535963058472e-02 1.625582724809646606e-01 6.336324382573366165e-03 4.976626336574554443e-01 4.901124164462089539e-02 6.760607659816741943e-02 2.528846263885498047e-02 4.616473242640495300e-02 1.705112680792808533e-02 3.454019129276275635e-02 5.490878224372863770e-02 1.925205998122692108e-02 3.394254297018051147e-02 2.865700237452983856e-02 3.984755650162696838e-02 3.037230484187602997e-02 1.794649660587310791e-02 1.260321028530597687e-02 2.115012519061565399e-02 5.212739855051040649e-02 2.333441516384482384e-03 6.937760859727859497e-02 9.154482744634151459e-03 3.939980268478393555e-02 1.807035505771636963e-02 4.019956290721893311e-02 4.148919135332107544e-02 8.539683185517787933e-03 4.046181216835975647e-02 1.920622587203979492e-02 2.001392282545566559e-02 2.586917206645011902e-02 8.707137778401374817e-03 3.821598831564188004e-03 3.412679210305213928e-02 2.966939704492688179e-03 2.550234831869602203e-02 7.415056694298982620e-03 6.755314022302627563e-02 5.338665563613176346e-03 4.973943345248699188e-03 1.789209991693496704e-02 6.306204013526439667e-04 2.573227323591709137e-02 1.728686317801475525e-02 1.338587701320648193e-02 5.583235993981361389e-03 1.048998907208442688e-02 6.576742744073271751e-04 1.496825739741325378e-02 3.581832349300384521e-02 2.516025677323341370e-03 9.228727780282497406e-03 1.376100908964872360e-02 2.357278391718864441e-02 1.587121514603495598e-03 7.493218034505844116e-02 1.207537110894918442e-02 1.406026165932416916e-02 3.995336592197418213e-02 5.438232049345970154e-02 2.257102355360984802e-02 4.596196115016937256e-02 1.587230339646339417e-02 4.129830747842788696e-02 2.597627975046634674e-02 8.660682477056980133e-03 2.553836442530155182e-02 1.309401914477348328e-02 3.122871369123458862e-02 1.461802609264850616e-02 8.864023722708225250e-03 2.055835910141468048e-02 3.557005152106285095e-02 2.289535291492938995e-02 4.096014797687530518e-02 3.199895098805427551e-02 6.599369924515485764e-03 9.975116699934005737e-03 2.125508897006511688e-02 6.418596487492322922e-03 4.081552475690841675e-02 3.892949968576431274e-02 2.425883896648883820e-02 4.355323314666748047e-02 1.877842121757566929e-03 2.759797126054763794e-02 4.764651879668235779e-02 3.436301276087760925e-02 5.974307190626859665e-03 1.812996156513690948e-02 3.557728603482246399e-02 1.838418468832969666e-02 4.000892862677574158e-02 3.086706995964050293e-02 1.344867795705795288e-02 5.289427936077117920e-03 1.281771156936883926e-02 5.743143707513809204e-02 5.310120992362499237e-03 3.981884103268384933e-03 5.121195688843727112e-02 5.200818553566932678e-02 1.700632646679878235e-02 1.359540689736604691e-02 3.990496322512626648e-02 2.258202433586120605e-02
