5.543832182884216309e-01 2.583396732807159424e-01 2.161989919841289520e-02 7.525918539613485336e-03 2.374866744503378868e-03 1.264768838882446289e-01 2.688230946660041809e-02 2.405404578894376755e-03 2.831764891743659973e-02 8.748082444071769714e-03 1.456183791160583496e-01 2.157602459192276001e-02 8.715534210205078125e-02 3.762688115239143372e-02 4.020208120346069336e-02 2.911497280001640320e-02 3.870194405317306519e-02 5.132785066962242126e-03 3.356004506349563599e-02 3.368527628481388092e-03 2.981655485928058624e-02 4.024296253919601440e-02 2.964108809828758240e-02 4.500233381986618042e-02 3.844274207949638367e-02 4.648455604910850525e-02 1.910416036844253540e-02 3.364406153559684753e-02 3.183992579579353333e-02 8.804273791611194611e-03 4.175775870680809021e-02 1.521018799394369125e-02 4.797782283276319504e-03 4.511005058884620667e-02 1.135597750544548035e-02 5.414513126015663147e-02 4.507931694388389587e-02 1.049209386110305786e-02 2.122563868761062622e-02 6.289027631282806396e-03 4.955251701176166534e-03 8.673705160617828369e-03 2.760744467377662659e-02 2.023844514042139053e-03 1.128639094531536102e-02 2.883574366569519043e-02 1.414300687611103058e-02 4.280897788703441620e-03 8.591746911406517029e-03 9.227246628142893314e-04 2.671760879456996918e-02 4.187893494963645935e-02 4.406086355447769165e-02 9.037149138748645782e-03 3.637303411960601807e-02 2.158283442258834839e-02 1.865157298743724823e-02 1.530563831329345703e-02 4.074475541710853577e-02 3.337025642395019531e-02 2.952522598206996918e-03 2.764786593616008759e-02 1.753553375601768494e-02 4.380135610699653625e-02 3.865928202867507935e-02 4.401291906833648682e-02 2.176236128434538841e-03 2.382049709558486938e-02 3.968900814652442932e-02 2.526102401316165924e-02 3.175980225205421448e-02 1.562268007546663284e-02 2.962903119623661041e-02 2.985949814319610596e-02 2.176807075738906860e-02 1.171065773814916611e-02 3.482083976268768311e-02 3.344809263944625854e-02 3.788971528410911560e-02 4.085854813456535339e-02 2.675466798245906830e-02 1.380498334765434265e-02 1.672654040157794952e-02 1.541706826537847519e-02 3.790691494941711426e-02 2.561843488365411758e-03 5.674579646438360214e-03 1.373625453561544418e-02 3.566876798868179321e-02 1.033376436680555344e-02 4.050203785300254822e-02 4.295463487505912781e-02 3.912752494215965271e-03 1.006967574357986450e-02 1.776690594851970673e-02 9.946173988282680511e-03 3.388351574540138245e-02 1.095474977046251297e-02 2.807609923183917999e-02 3.659714385867118835e-02 2.014819160103797913e-02 2.784078381955623627e-02 2.287031896412372589e-02 1.292589958757162094e-02 1.413400168530642986e-03 6.442698184400796890e-03 1.186616159975528717e-02 8.571581915020942688e-03 3.342133387923240662e-02 5.876660719513893127e-02 1.678788848221302032e-02 3.880198672413825989e-02 3.872925788164138794e-02 1.680862344801425934e-02 2.759688068181276321e-03 6.506037898361682892e-03
2.583396732807159424e-01 5.461067557334899902e-01 2.175369672477245331e-02 1.882405206561088562e-02 4.736434202641248703e-03 1.235904768109321594e-01 2.574384771287441254e-02 5.059232469648122787e-03 3.722160682082176208e-02 1.602840609848499298e-02 1.340312361717224121e-01 9.527533315122127533e-03 8.149085938930511475e-02 2.763177268207073212e-02 2.379139699041843414e-02 2.729145810008049011e-03 1.237263344228267670e-02 3.716523293405771255e-03 3.679185360670089722e-02 6.880479631945490837e-04 2.651394158601760864e-02 2.011688612401485443e-02 2.605785243213176727e-02 3.671357035636901855e-02 4.274138063192367554e-02 2.064174413681030273e-02 3.438624367117881775e-02 1.146386656910181046e-02 3.769291192293167114e-02 2.281907200813293457e-02 4.268246144056320190e-02 8.067368529736995697e-03 6.172476336359977722e-03 4.408207908272743225e-02 1.199275793624110520e-04 4.852873459458351135e-02 5.208190158009529114e-02 6.303961388766765594e-03 4.010696709156036377e-02 2.375228144228458405e-02 3.749479539692401886e-03 6.389549816958606243e-04 1.488032471388578415e-02 1.093211863189935684e-02 4.269313532859086990e-03 3.532896935939788818e-02 1.617064699530601501e-02 4.035861231386661530e-03 7.121222093701362610e-03 5.537860561162233353e-03 1.483216416090726852e-02 3.410949930548667908e-02 3.422032669186592102e-02 6.994940806180238724e-03 5.371899530291557312e-02 2.568146586418151855e-02 1.160002872347831726e-02 4.206120967864990234e-02 3.775825351476669312e-02 3.595632314682006836e-02 1.263559097424149513e-04 8.835420012474060059e-03 3.126518800854682922e-02 3.831284493207931519e-02 4.485892504453659058e-02 4.704700782895088196e-02 8.950778283178806305e-03 2.178156189620494843e-02 3.675543516874313354e-02 2.095610834658145905e-02 4.425729438662528992e-02 1.244165841490030289e-02 4.460497573018074036e-02 2.422547340393066406e-02 2.883383631706237793e-02 1.939251273870468140e-02 3.912965208292007446e-02 3.353309258818626404e-02 7.415891438722610474e-02 5.502940714359283447e-02 3.054983541369438171e-02 2.276502177119255066e-02 3.438211232423782349e-02 1.173377619124948978e-03 3.621656820178031921e-02 3.040509764105081558e-03 5.989274941384792328e-04 2.420572005212306976e-02 3.564326837658882141e-02 1.105788908898830414e-02 4.468372464179992676e-02 2.239909023046493530e-02 1.002905145287513733e-02 2.187814563512802124e-02 4.117356613278388977e-02 3.093847632408142090e-02 2.275343611836433411e-02 9.901507757604122162e-03 2.348210476338863373e-02 3.457945585250854492e-02 1.123173255473375320e-02 1.355302426964044571e-02 2.612418681383132935e-02 7.669732905924320221e-03 8.483966812491416931e-03 3.625164972618222237e-03 2.927827835083007812e-02 1.383706368505954742e-02 2.143585309386253357e-02 4.945015162229537964e-02 2.101920731365680695e-02 3.781043738126754761e-02 3.106218017637729645e-02 7.391802966594696045e-03 1.176148907688912004e-05 6.792287807911634445e-03
2.161989919841289520e-02 2.175369672477245331e-02 5.395781993865966797e-01 5.140847060829401016e-03 1.411163713783025742e-02 1.463462226092815399e-02 2.535197883844375610e-02 5.622296594083309174e-03 4.329239949584007263e-02 4.718291014432907104e-02 3.320162883028388023e-03 2.734907343983650208e-02 5.283770151436328888e-03 2.926824614405632019e-02 1.250390429049730301e-02 7.127627730369567871e-03 6.721070036292076111e-03 2.848712354898452759e-02 4.025578498840332031e-02 1.500059943646192551e-02 1.015259977430105209e-02 5.360414460301399231e-02 8.737127296626567841e-03 1.498078182339668274e-02 1.624912582337856293e-02 1.454553566873073578e-03 9.810880571603775024e-02 4.235462471842765808e-02 1.321222167462110519e-02 4.340883344411849976e-02 1.415803446434438229e-03 3.920031711459159851e-02 2.348099835216999054e-02 8.685655891895294189e-03 1.472781691700220108e-02 7.788873743265867233e-03 1.968920603394508362e-02 2.332620508968830109e-02 2.875680476427078247e-02 2.666853740811347961e-02 1.023614406585693359e-02 2.097949385643005371e-02 3.397028520703315735e-02 2.456757239997386932e-02 4.385583847761154175e-02 3.503824025392532349e-02 2.041725441813468933e-02 5.372850224375724792e-03 1.596149615943431854e-02 2.819054014980792999e-02 1.470012031495571136e-02 2.042320324108004570e-03 2.250637486577033997e-02 2.772084809839725494e-02 2.904114313423633575e-02 3.830983489751815796e-02 1.654051616787910461e-02 4.070877097547054291e-03 1.269478444010019302e-02 1.264599245041608810e-02 5.836525931954383850e-03 1.367727387696504593e-02 3.816393902525305748e-03 2.027324633672833443e-03 3.653988242149353027e-02 1.551332697272300720e-02 1.787704764865338802e-03 3.155693411827087402e-05 6.548531353473663330e-03 1.285051926970481873e-02 1.665308140218257904e-02 9.217253886163234711e-03 2.595279365777969360e-02 1.158456970006227493e-02 1.857797987759113312e-02 3.474212065339088440e-02 3.248855844140052795e-02 3.322813287377357483e-02 2.309850417077541351e-02 1.002682093530893326e-02 1.312109231948852539e-01 1.271817982196807861e-01 3.031507879495620728e-02 3.556056320667266846e-02 1.776195014826953411e-03 2.193473465740680695e-02 4.432614892721176147e-02 3.775615990161895752e-02 4.372362419962882996e-02 4.282481223344802856e-02 8.245523087680339813e-03 4.058765247464179993e-02 1.453878707252442837e-03 4.743253812193870544e-02 2.523452229797840118e-02 2.547091280575841665e-04 2.819898724555969238e-02 1.767432689666748047e-02 1.709442026913166046e-02 1.979089155793190002e-02 2.942985482513904572e-02 7.812529802322387695e-03 2.904219366610050201e-02 1.016594748944044113e-02 6.733752787113189697e-02 5.746650323271751404e-02 7.835292257368564606e-03 7.041592150926589966e-03 2.943666419014334679e-03 2.475927956402301788e-02 1.341653522104024887e-02 6.035353522747755051e-03 2.606008201837539673e-02 4.298896342515945435e-02 9.029426611959934235e-03 2.791562303900718689e-02
7.525918539613485336e-03 1.882405206561088562e-02 5.140847060829401016e-03 5.647203922271728516e-01 7.714537531137466431e-02 7.732281461358070374e-03 3.336227685213088989e-02 1.649785228073596954e-02 4.097852390259504318e-03 1.081719901412725449e-02 9.139243513345718384e-03 2.447834238409996033e-02 1.000042259693145752e-02 1.053875125944614410e-02 2.071180753409862518e-02 2.642455883324146271e-02 2.239183522760868073e-02 5.492283776402473450e-02 2.432030998170375824e-02 4.070434346795082092e-02 3.221490234136581421e-02 3.328526392579078674e-02 1.916243578307330608e-03 1.543266233056783676e-02 2.195074595510959625e-02 2.417240291833877563e-03 9.925258345901966095e-03 3.169559873640537262e-03 1.429129485040903091e-02 1.141555886715650558e-02 4.395147040486335754e-02 4.762177169322967529e-02 7.346128579229116440e-03 4.754078760743141174e-02 5.524634849280118942e-03 2.203959412872791290e-02 2.299850061535835266e-02 2.334231697022914886e-02 5.463250726461410522e-02 5.028704926371574402e-02 2.922995015978813171e-02 2.376822754740715027e-02 1.057946216315031052e-02 1.499173603951931000e-02 5.101729556918144226e-02 2.894686721265316010e-02 2.569345943629741669e-02 4.087170958518981934e-02 9.515662677586078644e-04 1.064563542604446411e-02 1.941041089594364166e-02 8.922628127038478851e-03 2.562062256038188934e-02 4.933724924921989441e-02 3.765419125556945801e-02 3.966185078024864197e-02 2.370028384029865265e-02 1.220195181667804718e-02 5.373322870582342148e-03 2.557566203176975250e-02 2.914185635745525360e-02 1.659468933939933777e-02 2.359271422028541565e-02 1.077395584434270859e-02 3.245011344552040100e-02 1.257656142115592957e-02 1.748853176832199097e-02 1.877845637500286102e-02 3.739685937762260437e-02 5.874258931726217270e-03 3.703413903713226318e-02 2.595104509964585304e-03 7.827636599540710449e-02 9.436121210455894470e-03 7.697854191064834595e-02 7.752467878162860870e-03 4.412812367081642151e-02 1.932520605623722076e-02 3.724548965692520142e-02 2.352632582187652588e-03 2.186442259699106216e-03 8.625226095318794250e-03 7.516735047101974487e-02 5.533532425761222839e-02 4.079229012131690979e-02 3.755444660782814026e-02 5.000528320670127869e-02 3.874335438013076782e-02 2.517031878232955933e-02 1.470903027802705765e-02 2.868191525340080261e-02 3.656112402677536011e-02 4.759211465716362000e-02 4.858486820012331009e-03 2.987602911889553070e-02 5.193580873310565948e-03 2.451942302286624908e-02 1.881174161098897457e-03 1.129522267729043961e-02 4.510040860623121262e-03 3.069003671407699585e-02 3.870700299739837646e-02 4.117161035537719727e-02 3.604727983474731445e-02 1.990431174635887146e-02 4.086295887827873230e-02 1.043826923705637455e-03 2.069449052214622498e-03 1.489259116351604462e-02 1.211573090404272079e-02 1.667593047022819519e-02 3.560257703065872192e-02 1.576836034655570984e-02 2.689044550061225891e-02 4.090544953942298889e-02 7.707037031650543213e-03
2.374866744503378868e-03 4.736434202641248703e-03 1.411163713783025742e-02 7.714537531137466431e-02 5.486729741096496582e-01 7.247300352901220322e-03 9.661601856350898743e-03 6.347422953695058823e-03 7.915844209492206573e-03 1.086572092026472092e-02 1.052965596318244934e-02 1.334381476044654846e-02 2.831641398370265961e-02 3.009644569829106331e-03 4.208383150398731232e-03 1.535989623516798019e-02 1.759043708443641663e-02 2.703791670501232147e-02 3.689365694299340248e-03 3.901396691799163818e-02 4.268988966941833496e-02 4.067173972725868225e-02 6.306606810539960861e-03 5.934902001172304153e-03 9.730685502290725708e-03 5.869387532584369183e-04 1.376204192638397217e-02 5.417468026280403137e-03 1.728201285004615784e-02 3.692994639277458191e-02 1.633555069565773010e-02 4.727853834629058838e-02 4.383979830890893936e-03 3.026270680129528046e-02 1.544750109314918518e-02 2.468387782573699951e-02 2.078163670375943184e-03 7.615347392857074738e-03 4.173993319272994995e-02 7.017362117767333984e-02 2.152192033827304840e-02 1.733165234327316284e-02 2.162310481071472168e-02 2.092350833117961884e-02 4.061360284686088562e-02 4.404763504862785339e-02 2.017392078414559364e-03 1.506106182932853699e-02 2.843214757740497589e-02 9.673574939370155334e-03 8.704278618097305298e-03 1.272779237478971481e-02 3.517132252454757690e-02 3.478591889142990112e-02 1.276122219860553741e-02 3.343866765499114990e-02 4.947847221046686172e-03 1.560420449823141098e-02 7.753264624625444412e-03 7.118876092135906219e-03 2.170008793473243713e-02 1.153612602502107620e-02 1.266473345458507538e-02 5.190628580749034882e-03 2.387759834527969360e-02 1.241496577858924866e-02 3.025870956480503082e-02 1.499686948955059052e-02 2.147255092859268188e-02 2.459934446960687637e-03 2.316942438483238220e-02 1.081611309200525284e-02 6.430446356534957886e-02 3.770975396037101746e-03 6.329398602247238159e-02 6.083786021918058395e-03 3.154863044619560242e-02 1.218504924327135086e-02 1.266794651746749878e-02 9.132679551839828491e-03 2.225328236818313599e-02 2.130042761564254761e-03 6.927303224802017212e-02 6.136020645499229431e-02 1.408648863434791565e-02 4.163525253534317017e-02 1.994980685412883759e-02 7.513361517339944839e-03 2.523325011134147644e-02 5.739523097872734070e-03 2.116128988564014435e-02 4.422226175665855408e-02 2.942385524511337280e-02 4.371699760667979717e-04 3.811623528599739075e-02 3.213584423065185547e-02 3.231609985232353210e-02 1.925906166434288025e-02 7.047967519611120224e-03 1.243447512388229370e-02 2.719978056848049164e-02 2.521450072526931763e-02 2.811691351234912872e-02 3.696108981966972351e-02 2.325941622257232666e-02 3.429673984646797180e-02 2.450346946716308594e-02 1.725057838484644890e-03 2.387726865708827972e-02 2.930912561714649200e-02 2.264396985992789268e-03 3.840812668204307556e-02 9.325075894594192505e-03 3.861165046691894531e-02 4.230104386806488037e-02 9.743260219693183899e-03
1.264768838882446289e-01 1.235904768109321594e-01 1.463462226092815399e-02 7.732281461358070374e-03 7.247300352901220322e-03 5.453023910522460938e-01 1.194083243608474731e-01 3.075995855033397675e-02 2.822200953960418701e-02 6.233166903257369995e-03 9.180494397878646851e-02 3.034201078116893768e-02 6.194569915533065796e-02 3.610223531723022461e-02 4.184971377253532410e-02 3.463393822312355042e-02 2.618030272424221039e-02 2.201870642602443695e-02 2.114419825375080109e-02 1.394217275083065033e-02 3.399964049458503723e-02 3.108957316726446152e-04 2.925642766058444977e-02 2.521590702235698700e-02 6.788914091885089874e-03 1.010314226732589304e-04 9.231667034327983856e-03 1.405542949214577675e-03 3.280622884631156921e-02 4.665525164455175400e-03 3.002690710127353668e-02 3.988403826951980591e-02 1.412106095813214779e-03 1.634000241756439209e-02 2.692170627415180206e-02 5.152393132448196411e-02 3.981565684080123901e-02 2.440941054373979568e-03 1.140083838254213333e-02 1.514877006411552429e-02 1.587319187819957733e-02 3.884197399020195007e-02 2.554960362613201141e-02 1.908765360713005066e-02 5.053415521979331970e-02 1.126867346465587616e-02 7.084350287914276123e-02 1.570202596485614777e-02 2.170311287045478821e-02 5.881655495613813400e-03 3.068483807146549225e-02 2.719881199300289154e-02 1.155401952564716339e-02 3.332572430372238159e-02 1.670069620013237000e-02 3.229264542460441589e-02 1.646192371845245361e-02 1.120613235980272293e-02 1.796838827431201935e-02 5.914587527513504028e-04 5.364360753446817398e-03 1.691519282758235931e-02 2.164079109206795692e-03 2.693763747811317444e-02 1.104078837670385838e-04 4.803853109478950500e-02 3.785102814435958862e-02 3.316352888941764832e-02 2.072775363922119141e-02 1.153820287436246872e-02 7.951308041810989380e-03 1.327613368630409241e-02 9.579606354236602783e-03 1.838599704205989838e-02 1.338436175137758255e-02 3.932310268282890320e-03 2.236043661832809448e-02 9.159897454082965851e-03 3.096239082515239716e-02 1.638744212687015533e-02 2.662527561187744141e-02 4.569913446903228760e-02 1.069008465856313705e-02 1.560421893373131752e-03 9.352158755064010620e-03 1.955305784940719604e-02 2.262106165289878845e-03 1.620639115571975708e-02 6.179341115057468414e-03 8.816772140562534332e-03 2.362168952822685242e-02 3.770258650183677673e-02 4.968603327870368958e-02 9.836556389927864075e-03 2.059867046773433685e-02 2.577121369540691376e-02 1.949490793049335480e-02 3.783683758229017258e-03 3.257347643375396729e-02 4.624516889452934265e-02 2.464043535292148590e-02 2.142274007201194763e-02 1.821837015450000763e-02 4.551928490400314331e-02 1.407605782151222229e-02 2.103624865412712097e-02 1.310784928500652313e-02 1.830022037029266357e-02 4.132021963596343994e-02 3.937331587076187134e-02 4.460263624787330627e-02 2.096433565020561218e-02 1.657354272902011871e-02 1.300923991948366165e-02 9.607640095055103302e-03 5.494836252182722092e-03
2.688230946660041809e-02 2.574384771287441254e-02 2.535197883844375610e-02 3.336227685213088989e-02 9.661601856350898743e-03 1.194083243608474731e-01 5.432594418525695801e-01 2.132518962025642395e-02 2.556074969470500946e-02 2.263922058045864105e-02 2.879036776721477509e-02 4.288889467716217041e-02 2.509099990129470825e-02 2.973321452736854553e-02 2.963114157319068909e-02 1.176448422484099865e-03 3.319447161629796028e-03 1.720547117292881012e-02 3.853721916675567627e-02 1.140761841088533401e-02 1.734678819775581360e-02 3.144577931379899383e-05 5.314347892999649048e-02 5.829511955380439758e-02 8.337930776178836823e-03 2.943050488829612732e-02 8.075233548879623413e-03 7.038177456706762314e-03 5.631978623569011688e-03 1.548680244013667107e-03 1.812219992280006409e-02 4.681668803095817566e-02 1.705792150460183620e-03 2.423357777297496796e-02 2.242179773747920990e-02 2.277443185448646545e-02 3.544626757502555847e-02 4.324642941355705261e-02 4.172752425074577332e-02 1.178293395787477493e-02 3.842230886220932007e-02 3.571720421314239502e-02 3.715401887893676758e-02 1.133027370087802410e-03 3.570841997861862183e-02 1.441756915301084518e-02 9.734074026346206665e-02 1.043838858604431152e-01 2.998263575136661530e-02 4.786818474531173706e-02 3.042166680097579956e-02 3.319904208183288574e-02 1.483533997088670731e-02 1.223374065011739731e-02 3.142891079187393188e-02 1.039539463818073273e-02 1.875236630439758301e-02 1.917986385524272919e-02 1.047793077304959297e-03 1.821791380643844604e-02 1.331454608589410782e-02 6.749265827238559723e-03 2.608706057071685791e-02 1.103554479777812958e-02 1.921328529715538025e-02 2.689126692712306976e-02 3.294262662529945374e-02 3.215880692005157471e-02 8.618725463747978210e-03 1.004563644528388977e-02 1.061182748526334763e-02 1.568167097866535187e-02 3.557798918336629868e-04 5.289675900712609291e-04 1.011494360864162445e-02 1.907746866345405579e-02 1.556798932142555714e-03 3.759547695517539978e-02 4.477994889020919800e-02 2.623620256781578064e-02 9.610881097614765167e-03 3.130500763654708862e-02 6.652740761637687683e-03 2.335551753640174866e-02 1.428181491792201996e-02 4.428544640541076660e-02 1.669814065098762512e-02 4.242207482457160950e-02 1.355906017124652863e-02 2.877961285412311554e-02 4.258146882057189941e-02 3.496672213077545166e-02 3.807222098112106323e-02 5.152306333184242249e-02 1.437701843678951263e-02 5.414379760622978210e-03 3.120550140738487244e-02 2.811825461685657501e-02 2.755442820489406586e-02 6.651044636964797974e-02 3.188470378518104553e-02 4.918040707707405090e-02 2.967732213437557220e-02 7.246403256431221962e-04 1.820791326463222504e-02 2.692328020930290222e-02 2.401931956410408020e-02 4.605744779109954834e-02 2.692793868482112885e-02 6.295756995677947998e-02 6.465697661042213440e-03 1.595758087933063507e-02 1.215329580008983612e-02 1.776804402470588684e-02 1.534045295557007194e-04 2.663932926952838898e-02
2.405404578894376755e-03 5.059232469648122787e-03 5.622296594083309174e-03 1.649785228073596954e-02 6.347422953695058823e-03 3.075995855033397675e-02 2.132518962025642395e-02 5.329706668853759766e-01 6.879961583763360977e-03 1.632553152740001678e-02 3.201904520392417908e-02 3.616124391555786133e-02 4.865679424256086349e-03 2.668904699385166168e-02 1.667394191026687622e-01 2.792193368077278137e-02 4.464668780565261841e-02 3.343959525227546692e-02 2.729745768010616302e-02 8.020478300750255585e-03 6.745885126292705536e-03 1.153733730316162109e-01 2.879273612052202225e-03 1.400693133473396301e-02 1.683292910456657410e-02 2.910572104156017303e-03 3.514004871249198914e-02 1.899081282317638397e-02 3.541610762476921082e-02 3.251001471653580666e-04 2.323602698743343353e-02 3.972607199102640152e-03 3.472806885838508606e-02 5.405542626976966858e-02 3.499405086040496826e-02 2.710601128637790680e-02 1.942070573568344116e-02 4.418442398309707642e-02 2.499856054782867432e-02 3.710879012942314148e-03 9.187079034745693207e-03 1.828859373927116394e-02 4.272449016571044922e-02 6.850153207778930664e-02 1.271848939359188080e-02 3.156514465808868408e-02 4.153568763285875320e-03 1.363337226212024689e-02 1.408444903790950775e-02 7.747300714254379272e-02 1.409190893173217773e-02 2.641251683235168457e-02 1.632332615554332733e-02 4.261931031942367554e-02 2.984877489507198334e-02 5.846232548356056213e-02 4.061717912554740906e-02 5.359707865864038467e-03 3.350554034113883972e-02 3.709632437676191330e-04 4.521660879254341125e-02 1.061273273080587387e-02 4.456359148025512695e-02 1.811940222978591919e-02 7.206763839349150658e-04 3.965156525373458862e-02 6.906546652317047119e-03 1.990807428956031799e-02 1.701826788485050201e-02 3.735649585723876953e-02 2.998648397624492645e-02 2.181109972298145294e-02 9.784759022295475006e-03 4.608682915568351746e-02 1.026940299198031425e-03 2.079285122454166412e-02 1.640555635094642639e-02 8.031930774450302124e-03 1.514722965657711029e-02 2.342823520302772522e-02 4.292087256908416748e-02 5.091779399663209915e-03 3.577782586216926575e-02 3.822098672389984131e-02 1.261571049690246582e-02 2.608360350131988525e-02 9.954269975423812866e-02 1.104663535952568054e-01 5.213166121393442154e-03 5.836357362568378448e-03 2.190453745424747467e-02 1.618671976029872894e-02 2.561678737401962280e-02 2.644341811537742615e-02 2.520071715116500854e-02 3.604526072740554810e-02 4.562174156308174133e-02 1.061229966580867767e-02 9.740600362420082092e-03 1.771120540797710419e-02 4.089024290442466736e-02 3.332005068659782410e-02 2.654532715678215027e-02 1.339078322052955627e-02 2.609239192679524422e-03 4.891657736152410507e-03 1.885552145540714264e-02 4.298963770270347595e-02 9.564297273755073547e-03 3.260447457432746887e-02 4.654881730675697327e-02 4.837330058217048645e-02 4.067697376012802124e-02 4.463924095034599304e-02 4.744799435138702393e-02 4.821328073740005493e-02
2.831764891743659973e-02 3.722160682082176208e-02 4.329239949584007263e-02 4.097852390259504318e-03 7.915844209492206573e-03 2.822200953960418701e-02 2.556074969470500946e-02 6.879961583763360977e-03 5.513087511062622070e-01 5.578885972499847412e-02 6.702842656522989273e-03 1.819586381316184998e-02 9.106585755944252014e-03 1.522803213447332382e-02 2.898173779249191284e-02 4.689270630478858948e-02 3.828348591923713684e-02 7.850510627031326294e-02 1.427320949733257294e-02 6.800414994359016418e-03 2.574058994650840759e-02 2.991486527025699615e-02 3.416470810770988464e-02 1.496362220495939255e-02 9.441753849387168884e-03 1.244954578578472137e-02 1.112695317715406418e-02 1.753655448555946350e-02 1.549683138728141785e-02 2.597783878445625305e-02 4.162510391324758530e-03 6.258503999561071396e-03 3.753126133233308792e-03 2.049582079052925110e-02 5.489285103976726532e-03 3.651859238743782043e-02 9.442452341318130493e-03 1.113600749522447586e-02 9.541077539324760437e-03 4.606800153851509094e-03 1.728707365691661835e-02 2.647259645164012909e-02 5.160984396934509277e-02 2.001662179827690125e-02 3.445474058389663696e-02 4.454367607831954956e-02 1.664052158594131470e-02 2.098916098475456238e-02 5.103168543428182602e-03 4.746040329337120056e-02 4.844423383474349976e-02 4.911847785115242004e-02 3.137773310299962759e-04 5.722909048199653625e-02 5.627264082431793213e-02 2.075851894915103912e-02 2.420145832002162933e-02 2.528508380055427551e-02 5.085113272070884705e-02 6.042918656021356583e-03 2.099547907710075378e-02 1.796833239495754242e-02 3.079877421259880066e-02 5.928736552596092224e-02 1.549937948584556580e-02 3.572804108262062073e-02 1.435777451843023300e-02 3.689890727400779724e-02 3.774674236774444580e-02 1.397473365068435669e-02 1.219259016215801239e-02 9.788980707526206970e-03 3.388853510841727257e-03 9.790967218577861786e-03 4.842657130211591721e-03 3.080434352159500122e-02 6.651492416858673096e-02 1.572471670806407928e-02 4.766444489359855652e-02 2.639288082718849182e-02 2.722076326608657837e-02 1.687902957201004028e-02 5.462107062339782715e-02 9.082682430744171143e-03 6.399464607238769531e-02 5.095683154650032520e-04 2.901331335306167603e-02 1.300663873553276062e-02 2.540929988026618958e-02 1.008379273116588593e-02 1.997336745262145996e-03 6.491655949503183365e-03 2.032669726759195328e-03 4.754960164427757263e-02 1.008587609976530075e-02 1.239727158099412918e-02 3.037001006305217743e-02 3.380997572094202042e-03 5.039513111114501953e-02 3.158228471875190735e-02 1.240975316613912582e-02 1.537243486382067204e-03 4.338229075074195862e-02 3.004140220582485199e-02 4.345066845417022705e-03 1.471591275185346603e-02 1.721422374248504639e-02 1.615430600941181183e-02 1.915972866117954254e-02 5.458469688892364502e-02 3.108786791563034058e-02 1.984885521233081818e-02 2.737383823841810226e-03 4.472875967621803284e-02 6.188746541738510132e-03 4.040043801069259644e-02
8.748082444071769714e-03 1.602840609848499298e-02 4.718291014432907104e-02 1.081719901412725449e-02 1.086572092026472092e-02 6.233166903257369995e-03 2.263922058045864105e-02 1.632553152740001678e-02 5.578885972499847412e-02 5.584285259246826172e-01 9.272621944546699524e-03 7.069974672049283981e-03 1.092673465609550476e-02 1.486433949321508408e-02 3.938470780849456787e-02 1.847849227488040924e-02 1.025421428494155407e-03 2.600126713514328003e-02 4.686301574110984802e-02 2.428646385669708252e-02 3.996244445443153381e-02 3.828668966889381409e-02 1.388335973024368286e-02 1.849605329334735870e-02 4.691150505095720291e-03 4.912752192467451096e-03 2.711540646851062775e-02 2.264372073113918304e-02 3.326794132590293884e-02 2.082304097712039948e-02 3.803350776433944702e-02 2.939529658760875463e-04 1.001068763434886932e-02 2.307724021375179291e-02 2.932940609753131866e-03 2.802108787000179291e-02 1.414194982498884201e-02 3.081466304138302803e-03 1.704916916787624359e-02 4.263965878635644913e-03 2.444014512002468109e-02 1.288531627506017685e-02 3.354036062955856323e-02 1.267090067267417908e-02 3.884172439575195312e-02 5.673494189977645874e-03 1.866048574447631836e-02 4.123384505510330200e-02 2.362083829939365387e-02 5.158480629324913025e-02 2.189194038510322571e-02 2.086371369659900665e-02 1.366982329636812210e-02 3.984020277857780457e-02 2.565073035657405853e-02 8.426374197006225586e-02 9.477003477513790131e-03 1.834469102323055267e-02 2.564765047281980515e-03 9.489268995821475983e-03 2.071126829832792282e-03 3.227589279413223267e-02 2.911980077624320984e-02 5.522710084915161133e-02 4.405935108661651611e-02 4.021813347935676575e-02 2.151710726320743561e-02 2.363207563757896423e-02 6.033268291503190994e-03 1.121865119785070419e-02 1.758034713566303253e-02 1.013648137450218201e-02 1.988187246024608612e-02 2.730656787753105164e-02 1.143155898898839951e-02 9.429518133401870728e-03 1.020116265863180161e-02 6.264990568161010742e-02 8.516936562955379486e-03 5.571341142058372498e-02 3.214344382286071777e-02 1.359592285007238388e-02 2.700090780854225159e-02 4.790413007140159607e-02 1.850057207047939301e-02 6.399197131395339966e-02 7.744347210973501205e-03 3.275280818343162537e-02 7.575675845146179199e-04 2.746288105845451355e-02 3.246983140707015991e-02 4.384514689445495605e-02 4.077187180519104004e-02 3.111476637423038483e-02 2.534315921366214752e-02 3.688109864015132189e-04 2.362507209181785583e-02 2.603542804718017578e-02 1.536286901682615280e-02 3.106148168444633484e-02 2.129304036498069763e-02 4.069358576089143753e-03 2.095088362693786621e-02 4.631614312529563904e-02 3.095477819442749023e-02 7.523342035710811615e-03 9.455436840653419495e-03 2.380954660475254059e-02 4.472314845770597458e-03 4.934556316584348679e-03 4.228077083826065063e-02 1.123126130551099777e-02 2.432924136519432068e-02 2.361963503062725067e-02 2.534466981887817383e-02 1.628114655613899231e-02
1.456183791160583496e-01 1.340312361717224121e-01 3.320162883028388023e-03 9.139243513345718384e-03 1.052965596318244934e-02 9.180494397878646851e-02 2.879036776721477509e-02 3.201904520392417908e-02 6.702842656522989273e-03 9.272621944546699524e-03 5.597235560417175293e-01 4.995242506265640259e-02 1.396186947822570801e-01 4.000403359532356262e-02 3.499978408217430115e-02 4.704754054546356201e-02 4.804380610585212708e-02 2.648657187819480896e-02 6.369798909872770309e-03 1.853552833199501038e-02 4.057333618402481079e-02 3.742158785462379456e-02 3.289132937788963318e-02 2.642124891281127930e-02 4.735811799764633179e-02 4.742768034338951111e-02 1.301968842744827271e-02 4.049886018037796021e-02 2.479702979326248169e-02 4.185308143496513367e-02 2.707105875015258789e-02 3.829955309629440308e-02 1.363151706755161285e-02 3.581374138593673706e-02 1.970373839139938354e-02 7.796599715948104858e-02 9.109406173229217529e-02 3.389541432261466980e-02 7.592577021569013596e-03 2.082051476463675499e-03 2.453240565955638885e-02 1.556040160357952118e-02 4.409406706690788269e-02 3.933151438832283020e-02 3.683889284729957581e-02 1.622765511274337769e-02 2.846535481512546539e-02 4.898104444146156311e-02 2.645207569003105164e-02 4.703897610306739807e-02 3.636400401592254639e-02 3.871974349021911621e-02 5.558560416102409363e-02 9.686165722087025642e-04 1.101556327193975449e-02 5.011392757296562195e-02 1.403784006834030151e-02 4.630184918642044067e-02 3.427158668637275696e-02 2.269901521503925323e-02 1.121624931693077087e-02 1.509071234613656998e-02 2.059957943856716156e-02 2.102496288716793060e-02 1.131672039628028870e-01 1.554497145116329193e-02 2.517784386873245239e-02 9.573481976985931396e-03 1.014690101146697998e-02 6.040704436600208282e-03 1.700236275792121887e-02 2.163119055330753326e-02 2.560550905764102936e-02 1.264027133584022522e-02 2.326504513621330261e-02 1.650431193411350250e-02 1.743391476338729262e-04 2.826867811381816864e-02 2.048581652343273163e-02 1.099686603993177414e-02 1.331800315529108047e-02 1.607853453606367111e-03 8.800000883638858795e-03 6.353292148560285568e-03 3.812392475083470345e-03 1.098872534930706024e-02 5.270361155271530151e-02 4.956969246268272400e-02 3.063198365271091461e-02 1.668458990752696991e-02 2.163112629204988480e-03 5.094373598694801331e-03 2.383739873766899109e-02 1.073112152516841888e-02 2.043918240815401077e-03 2.514216583222150803e-03 1.958007737994194031e-02 1.108070835471153259e-02 1.348978467285633087e-02 3.265749290585517883e-02 5.585026461631059647e-03 2.207712456583976746e-02 2.191806025803089142e-02 2.114134281873703003e-02 1.402272749692201614e-02 1.574332639575004578e-02 1.897452771663665771e-02 1.152750264736823738e-04 2.578854747116565704e-02 9.571710252203047276e-04 5.167083814740180969e-03 2.956995368003845215e-02 2.019888907670974731e-02 2.929933369159698486e-02 2.133260853588581085e-02 4.591751378029584885e-03
2.157602459192276001e-02 9.527533315122127533e-03 2.734907343983650208e-02 2.447834238409996033e-02 1.334381476044654846e-02 3.034201078116893768e-02 4.288889467716217041e-02 3.616124391555786133e-02 1.819586381316184998e-02 7.069974672049283981e-03 4.995242506265640259e-02 5.648962259292602539e-01 1.406058948487043381e-02 1.127023324370384216e-01 7.708253804594278336e-03 2.463285811245441437e-02 1.666592620313167572e-02 5.696588754653930664e-02 4.696551710367202759e-02 5.896778311580419540e-03 1.328438520431518555e-02 3.733264282345771790e-02 6.710001081228256226e-02 5.736947432160377502e-02 4.321779590100049973e-03 2.440359443426132202e-02 6.619202322326600552e-04 7.864726334810256958e-02 1.771529391407966614e-02 6.879342347383499146e-02 1.765596680343151093e-02 5.259051546454429626e-02 2.345182560384273529e-02 5.115116760134696960e-02 2.855973504483699799e-02 1.017267629504203796e-02 3.049397468566894531e-02 3.427022695541381836e-02 1.960200816392898560e-02 1.685607619583606720e-02 4.212480410933494568e-02 4.758406430482864380e-02 3.133462043479084969e-03 2.197378547862172127e-03 2.748483978211879730e-02 2.382965013384819031e-02 8.051531389355659485e-03 1.270294655114412308e-02 2.494082413613796234e-02 2.919282577931880951e-02 1.905714627355337143e-03 2.756026200950145721e-02 2.918994985520839691e-03 1.336923055350780487e-02 9.864690713584423065e-03 4.503645002841949463e-02 3.789614513516426086e-02 8.984531275928020477e-03 2.294058538973331451e-02 2.333209104835987091e-02 1.284296158701181412e-02 4.789836704730987549e-02 1.343367714434862137e-02 2.306213229894638062e-02 3.593602776527404785e-02 1.668391190469264984e-02 4.353239759802818298e-02 4.760570079088211060e-02 1.195240020751953125e-02 3.753642737865447998e-02 1.491285208612680435e-02 1.564810238778591156e-02 4.726592823863029480e-02 1.389863248914480209e-02 3.772256895899772644e-02 1.980177825316786766e-03 4.543223232030868530e-02 4.124756157398223877e-02 4.114574939012527466e-02 8.281777612864971161e-03 1.544779748655855656e-03 2.504990901798009872e-03 1.424961606971919537e-03 4.626353271305561066e-03 1.367306429892778397e-02 3.697516024112701416e-02 4.768367856740951538e-03 3.841704502701759338e-02 7.917609065771102905e-02 5.562931299209594727e-02 1.258455496281385422e-02 2.094134502112865448e-02 3.682368621230125427e-02 3.623101860284805298e-02 3.317073220387101173e-03 1.212364900857210159e-02 3.850443288683891296e-02 1.547321304678916931e-02 8.432255126535892487e-03 1.144121866673231125e-02 2.714454568922519684e-02 4.195855185389518738e-02 3.903589397668838501e-02 3.771158307790756226e-02 3.303811652585864067e-03 1.205475255846977234e-02 3.855128586292266846e-02 1.403704192489385605e-02 2.401608228683471680e-02 5.106385052204132080e-02 4.153967835009098053e-03 3.367549180984497070e-02 7.475515827536582947e-03 2.312228316441178322e-03 2.610604651272296906e-02 4.022403433918952942e-02
8.715534210205078125e-02 8.149085938930511475e-02 5.283770151436328888e-03 1.000042259693145752e-02 2.831641398370265961e-02 6.194569915533065796e-02 2.509099990129470825e-02 4.865679424256086349e-03 9.106585755944252014e-03 1.092673465609550476e-02 1.396186947822570801e-01 1.406058948487043381e-02 5.589961409568786621e-01 2.469607256352901459e-02 4.092692583799362183e-02 4.948891326785087585e-02 6.155489385128021240e-02 5.421492271125316620e-03 1.467589475214481354e-02 2.378146722912788391e-02 3.719533607363700867e-02 3.243988007307052612e-02 2.437273785471916199e-02 1.511752419173717499e-02 4.690600931644439697e-02 4.730965197086334229e-02 3.277175500988960266e-02 2.486423775553703308e-02 2.428511902689933777e-02 3.127191960811614990e-02 9.645618498325347900e-02 2.850729040801525116e-02 7.143400609493255615e-03 2.406140416860580444e-02 7.924895733594894409e-03 1.310767382383346558e-01 1.497179567813873291e-01 3.276088088750839233e-02 4.886632086709141731e-04 1.187305152416229248e-02 1.551263965666294098e-02 3.129585832357406616e-02 4.333591088652610779e-02 1.933629438281059265e-02 2.252988331019878387e-02 1.191622484475374222e-02 2.056740224361419678e-02 2.313047833740711212e-02 3.692572936415672302e-02 9.216545149683952332e-03 2.395261265337467194e-02 3.291605412960052490e-02 4.117932915687561035e-02 5.373065918684005737e-02 1.740568131208419800e-02 2.603609114885330200e-02 3.141773492097854614e-02 5.653639882802963257e-02 2.195946313440799713e-02 3.665170818567276001e-02 4.837275017052888870e-03 2.140635624527931213e-03 1.500250771641731262e-02 1.591127179563045502e-02 6.674030423164367676e-02 5.913203209638595581e-02 3.225506097078323364e-02 5.735880113206803799e-04 1.698263362050056458e-02 9.465123526751995087e-03 1.407897192984819412e-02 1.441268995404243469e-02 2.071506157517433167e-02 1.050462760031223297e-02 1.354522723704576492e-02 8.313924074172973633e-03 2.598254010081291199e-03 2.283184789121150970e-02 1.376402191817760468e-02 3.012124821543693542e-02 4.468401521444320679e-02 1.542558148503303528e-02 1.011538226157426834e-02 4.390311427414417267e-03 6.431568413972854614e-03 2.455747872591018677e-02 4.154618456959724426e-02 2.534053660929203033e-02 1.970879174768924713e-02 1.019878778606653214e-02 1.051131635904312134e-02 4.202668741345405579e-02 1.988554187119007111e-02 2.334089018404483795e-02 7.899742573499679565e-03 2.352677518501877785e-03 1.554132997989654541e-02 1.222844701260328293e-03 2.944602258503437042e-02 4.131884127855300903e-02 5.710959434509277344e-03 3.685998544096946716e-02 3.023515269160270691e-02 1.844743452966213226e-02 1.901869848370552063e-02 2.296814881265163422e-02 1.575426943600177765e-02 3.301731497049331665e-02 3.132595121860504150e-02 4.515619948506355286e-02 1.749299839138984680e-02 1.300055067986249924e-02 9.923801757395267487e-03 2.902878262102603912e-02 1.558412518352270126e-02 2.251499891281127930e-02
