4.783285260200500488e-01 1.781611740589141846e-01 2.612774260342121124e-02 4.171422123908996582e-02 2.594192512333393097e-02 4.286789521574974060e-02 3.341290354728698730e-02 2.359119616448879242e-02 3.829318284988403320e-02 1.690875925123691559e-02 8.475411683320999146e-02 3.545106574892997742e-02 4.242128506302833557e-02 8.644709363579750061e-03 3.043566830456256866e-02 1.797632314264774323e-03 9.942148812115192413e-03 5.101599916815757751e-02 1.238606497645378113e-02 1.219847705215215683e-02 2.257621102035045624e-02 3.811691887676715851e-03 1.158980652689933777e-02 2.672246657311916351e-03 4.401620011776685715e-03 1.626230217516422272e-02 3.314641863107681274e-02 1.339688058942556381e-02 1.597089692950248718e-02 2.212227508425712585e-02 3.523741289973258972e-02 9.803055785596370697e-03 3.821158781647682190e-02 5.576546769589185715e-03 3.091686218976974487e-02 1.551109924912452698e-02 4.077442362904548645e-02 2.648324333131313324e-02 1.022140868008136749e-02 3.317517414689064026e-02 4.733383283019065857e-02 3.806808590888977051e-02 3.244692087173461914e-02 2.695519104599952698e-02 3.805575892329216003e-02 4.976407624781131744e-03 2.782875113189220428e-02 9.124791249632835388e-03 1.085740141570568085e-02 2.165499143302440643e-02 5.275704897940158844e-03 4.313370212912559509e-02 3.162438049912452698e-02 1.915749534964561462e-02 4.562997445464134216e-02 6.799946073442697525e-03 1.809924654662609100e-02 3.730732947587966919e-02 4.899489507079124451e-02 1.333302818238735199e-02 2.119257673621177673e-02 3.818188235163688660e-02 2.443682588636875153e-02 2.010779827833175659e-02 1.486132107675075531e-02 2.193308435380458832e-02 3.105748444795608521e-02 1.683769933879375458e-02 7.556757889688014984e-03 3.555401787161827087e-02 2.054954966297373176e-04 2.892564749345183372e-03 4.986559040844440460e-03 2.456876263022422791e-02 3.592565655708312988e-02 3.429728373885154724e-02 3.317156434059143066e-02 6.127125117927789688e-03 1.679653674364089966e-02 1.106321904808282852e-02 2.818053960800170898e-02 3.219468891620635986e-02 3.145057335495948792e-02 4.064093902707099915e-02 2.320672065252438188e-04 2.873051911592483521e-02 3.391547128558158875e-02 5.482736229896545410e-02 1.878898590803146362e-02 3.523931652307510376e-02 1.273010391741991043e-02 8.416770957410335541e-03 2.492527663707733154e-02 2.772661671042442322e-02 1.837143488228321075e-02 2.343674376606941223e-02 5.010092258453369141e-02 5.006496794521808624e-03 5.398545879870653152e-03 4.328703507781028748e-02 3.553103283047676086e-02 6.805542856454849243e-03 3.441944718360900879e-02 4.660101141780614853e-03 3.787323832511901855e-02 3.341308236122131348e-02 3.306865319609642029e-02 2.665723301470279694e-02 2.474226057529449463e-03 1.616368303075432777e-03 1.814036164432764053e-03 1.555689703673124313e-02 3.750647185370326042e-03 1.002856623381376266e-02 1.626987941563129425e-02 4.488102346658706665e-02
1.781611740589141846e-01 4.871267974376678467e-01 2.975457906723022461e-02 2.024840191006660461e-02 2.826982922852039337e-02 1.055631320923566818e-02 3.859590366482734680e-02 3.007186949253082275e-02 1.967291906476020813e-02 4.417776595801115036e-03 5.533644929528236389e-02 5.113347619771957397e-02 4.956548660993576050e-02 5.356385186314582825e-02 3.131433576345443726e-02 1.471100561320781708e-02 3.430965589359402657e-03 3.094471059739589691e-03 1.432715565897524357e-03 1.485506258904933929e-02 1.125897280871868134e-02 4.447758197784423828e-02 4.788681864738464355e-02 4.994539543986320496e-02 3.173294663429260254e-02 4.234898090362548828e-02 4.606809094548225403e-02 3.406090289354324341e-02 4.149995371699333191e-02 3.056453540921211243e-02 4.805918037891387939e-02 3.458919702097773552e-03 2.143007889389991760e-02 2.380873449146747589e-02 8.689521928317844868e-04 6.817679968662559986e-04 5.914200469851493835e-02 2.561882697045803070e-02 3.945158794522285461e-02 1.000569015741348267e-02 1.401705946773290634e-02 3.151491656899452209e-02 3.073716163635253906e-02 2.014143578708171844e-02 1.258496008813381195e-02 4.374876990914344788e-02 9.456563740968704224e-03 6.335190031677484512e-03 2.867720788344740868e-03 2.247610315680503845e-02 1.297738123685121536e-02 4.686843976378440857e-02 2.881305851042270660e-02 2.467782422900199890e-02 2.185084857046604156e-02 8.673568256199359894e-03 2.223616652190685272e-02 5.055808648467063904e-02 1.806198805570602417e-02 1.510911993682384491e-02 3.272654861211776733e-02 1.291055977344512939e-02 4.421057179570198059e-03 4.264954850077629089e-02 1.063685957342386246e-02 2.905806154012680054e-02 5.305755883455276489e-02 3.518305718898773193e-02 2.390869706869125366e-02 4.307223483920097351e-02 1.305787265300750732e-02 4.012649878859519958e-02 1.104471506550908089e-03 5.134570226073265076e-02 1.083968952298164368e-02 2.962054125964641571e-02 2.481202222406864166e-02 8.349157869815826416e-03 2.895601280033588409e-02 4.641702398657798767e-02 4.141503572463989258e-02 1.475639920681715012e-02 3.129496425390243530e-02 3.990881890058517456e-02 1.467128098011016846e-02 3.268413245677947998e-03 1.752595975995063782e-02 1.827189512550830841e-02 2.475270256400108337e-02 3.054170124232769012e-02 3.124278225004673004e-02 2.963886782526969910e-02 4.653405398130416870e-02 5.688475444912910461e-02 4.393517225980758667e-02 5.059508234262466431e-02 2.907168492674827576e-02 3.369093313813209534e-02 3.388541564345359802e-02 8.048394694924354553e-03 2.161548845469951630e-02 2.868737652897834778e-02 4.752273485064506531e-02 1.983750425279140472e-02 6.287940777838230133e-03 4.501182213425636292e-02 3.810814023017883301e-02 3.006712533533573151e-03 4.268210008740425110e-02 8.377232588827610016e-03 4.005510825663805008e-03 2.680207975208759308e-02 2.521998947486281395e-03 1.811564434319734573e-03 3.373576700687408447e-02 1.310433354228734970e-02
2.612774260342121124e-02 2.975457906723022461e-02 4.651631414890289307e-01 2.002441883087158203e-02 2.495020255446434021e-02 2.357130311429500580e-02 3.357779234647750854e-02 1.461277604103088379e-01 2.262532711029052734e-02 4.742420464754104614e-02 4.710069298744201660e-02 1.688561029732227325e-02 3.477432578802108765e-02 3.117063827812671661e-02 1.919707469642162323e-02 1.720940321683883667e-02 1.670882850885391235e-02 2.037096396088600159e-02 1.545639097457751632e-04 1.828699372708797455e-02 1.219892222434282303e-02 5.764311645179986954e-03 4.427593201398849487e-02 3.385582193732261658e-02 4.298089072108268738e-02 1.054728962481021881e-02 7.551058661192655563e-03 1.966041512787342072e-02 2.564185298979282379e-02 1.076550595462322235e-02 6.621815264225006104e-03 3.874659538269042969e-02 2.433891873806715012e-03 1.582000777125358582e-02 2.376045100390911102e-03 3.905965015292167664e-02 6.559319794178009033e-03 3.829231113195419312e-02 2.819405682384967804e-02 8.694608695805072784e-03 2.570708282291889191e-02 3.082150942645967007e-04 1.247548870742321014e-02 3.062544204294681549e-02 3.208941780030727386e-03 2.385830320417881012e-02 3.147446364164352417e-02 2.355846390128135681e-02 3.387670964002609253e-02 1.694822311401367188e-02 3.707990050315856934e-02 1.567123457789421082e-02 1.770177297294139862e-02 2.422511763870716095e-02 1.078253332525491714e-02 3.755272179841995239e-02 1.657237112522125244e-02 3.469164017587900162e-03 1.364842057228088379e-02 6.552398670464754105e-03 1.136113610118627548e-02 3.024505823850631714e-02 2.317846007645130157e-02 2.720754034817218781e-02 1.010710000991821289e-02 3.340190649032592773e-02 6.089810747653245926e-03 4.435839597135782242e-03 3.734318539500236511e-02 5.192556604743003845e-02 1.255629304796457291e-02 2.501050755381584167e-02 2.021617814898490906e-02 4.325019195675849915e-02 5.709566920995712280e-02 4.788953438401222229e-02 3.142675384879112244e-02 2.052630670368671417e-02 5.697175860404968262e-03 1.694449968636035919e-02 1.795769333839416504e-01 9.889090806245803833e-02 3.058376722037792206e-02 1.321502029895782471e-02 5.468647554516792297e-02 2.718776464462280273e-02 2.903176844120025635e-02 6.446103798225522041e-04 1.239838893525302410e-04 3.854262083768844604e-02 1.842107623815536499e-02 2.464942075312137604e-02 4.519395157694816589e-02 1.561116147786378860e-02 3.416377678513526917e-02 9.626159444451332092e-03 3.201940655708312988e-02 1.343070343136787415e-02 1.919441856443881989e-03 4.335655830800533295e-03 1.302242092788219452e-02 4.420961067080497742e-02 3.215549886226654053e-02 8.863996714353561401e-03 2.731567015871405602e-03 6.246153730899095535e-03 5.448314920067787170e-02 1.628612726926803589e-02 5.633422732353210449e-02 3.653832152485847473e-02 1.677408814430236816e-03 3.169062361121177673e-02 2.532642707228660583e-02 4.114448651671409607e-02 3.570372611284255981e-02 1.313036866486072540e-02
4.171422123908996582e-02 2.024840191006660461e-02 2.002441883087158203e-02 4.949491918087005615e-01 1.761496216058731079e-01 4.841260239481925964e-02 3.394340351223945618e-02 4.584302660077810287e-03 2.567588724195957184e-02 4.491982981562614441e-02 2.586198598146438599e-02 4.373792186379432678e-02 4.500433802604675293e-02 2.448814176023006439e-02 1.052570156753063202e-02 1.769274385878816247e-04 3.153462707996368408e-02 7.159485947340726852e-03 1.009183470159769058e-02 2.917859330773353577e-02 4.775362554937601089e-03 4.506998136639595032e-02 4.540310706943273544e-03 5.073831602931022644e-02 1.010545901954174042e-02 3.597271442413330078e-02 4.129924625158309937e-02 1.955865323543548584e-02 1.891868561506271362e-02 3.122105821967124939e-02 4.057655110955238342e-02 7.849761459510773420e-05 1.537697855383157730e-02 3.038985887542366982e-03 4.526387527585029602e-02 2.709177508950233459e-02 3.003339655697345734e-02 2.402086928486824036e-02 1.469384580850601196e-01 1.142886802554130554e-01 8.707751519978046417e-03 2.462915331125259399e-02 7.441159337759017944e-03 7.893522270023822784e-03 3.966897260397672653e-03 1.990778371691703796e-03 2.282475493848323822e-02 4.047292750328779221e-04 3.715101256966590881e-02 2.569215372204780579e-02 2.484485134482383728e-02 3.960189595818519592e-02 2.760987542569637299e-02 3.956139832735061646e-02 3.643535450100898743e-02 3.261410072445869446e-02 4.589457064867019653e-03 6.295239180326461792e-02 2.701557986438274384e-02 5.093815177679061890e-02 9.536803513765335083e-02 4.186439141631126404e-02 7.799375057220458984e-02 4.619454219937324524e-02 2.110245171934366226e-03 7.010295987129211426e-02 4.373212531208992004e-02 4.166060534771531820e-05 4.643041640520095825e-02 3.377235680818557739e-02 8.163806051015853882e-03 3.837447986006736755e-02 1.408897936344146729e-01 3.367651998996734619e-02 1.270195692777633667e-01 4.703079536557197571e-02 1.208374369889497757e-02 3.426192328333854675e-02 8.641155436635017395e-03 3.738665580749511719e-02 3.382301703095436096e-02 2.331293001770973206e-02 2.343857847154140472e-02 4.759303480386734009e-02 3.385561332106590271e-02 2.956531196832656860e-02 3.327808156609535217e-02 1.605690084397792816e-02 1.482739765197038651e-02 6.152910180389881134e-03 3.990260884165763855e-03 3.847397118806838989e-02 2.234101993963122368e-03 3.617346286773681641e-02 2.507682424038648605e-03 2.940140105783939362e-02 3.044190444052219391e-02 5.728872027248144150e-03 4.195504635572433472e-02 2.214642241597175598e-02 2.907648496329784393e-02 3.626585751771926880e-02 3.166190348565578461e-03 8.719188161194324493e-03 3.578092530369758606e-02 5.247669294476509094e-02 4.501003399491310120e-02 9.102426469326019287e-03 9.328499436378479004e-03 1.570592634379863739e-02 3.868546709418296814e-02 6.978163029998540878e-03 3.158992156386375427e-02 2.893361076712608337e-02 2.230964787304401398e-02 3.940672799944877625e-02
2.594192512333393097e-02 2.826982922852039337e-02 2.495020255446434021e-02 1.761496216058731079e-01 5.096927881240844727e-01 2.023356035351753235e-03 4.922231659293174744e-03 2.223903872072696686e-02 3.719434142112731934e-02 3.256841376423835754e-02 1.440301816910505295e-02 2.602726779878139496e-02 1.912031508982181549e-02 3.778325393795967102e-02 7.311066146939992905e-03 4.713060334324836731e-02 3.129414469003677368e-02 4.055688623338937759e-03 8.921789936721324921e-03 3.972454741597175598e-02 1.239128317683935165e-02 3.804504126310348511e-02 1.347354729659855366e-03 1.525954436510801315e-02 2.188839018344879150e-02 1.997091341763734818e-03 3.714525327086448669e-02 4.101401194930076599e-02 3.224714100360870361e-02 1.490754075348377228e-03 1.205543242394924164e-02 1.451568491756916046e-02 2.145249210298061371e-02 9.436788037419319153e-03 3.039085306227207184e-02 2.209137752652168274e-02 1.197375473566353321e-03 1.518028508871793747e-02 2.221595048904418945e-01 2.272980511188507080e-01 3.749019280076026917e-02 2.813561633229255676e-02 2.150403335690498352e-02 7.407800760120153427e-03 3.997762873768806458e-02 3.583713993430137634e-02 3.376338630914688110e-02 3.677173331379890442e-02 3.516118600964546204e-02 1.256340462714433670e-02 4.253010451793670654e-02 1.593895256519317627e-02 3.398515284061431885e-02 4.797751083970069885e-02 1.172874309122562408e-02 1.131298206746578217e-02 4.067858681082725525e-02 9.202402085065841675e-03 1.711413450539112091e-02 3.667761385440826416e-02 4.769755154848098755e-02 1.229384355247020721e-02 1.033062040805816650e-01 5.520252883434295654e-02 2.643385343253612518e-02 3.777076676487922668e-02 1.989349722862243652e-02 2.431527944281697273e-03 1.709123328328132629e-02 2.761480398476123810e-02 1.040851883590221405e-02 1.188908889889717102e-02 1.182278338819742203e-02 3.266055881977081299e-02 1.842559278011322021e-01 2.448627352714538574e-02 2.791294641792774200e-02 1.414683833718299866e-02 3.777522221207618713e-02 4.375834017992019653e-02 1.741192885674536228e-03 3.591598197817802429e-02 1.556787639856338501e-02 1.028223782777786255e-01 3.160933032631874084e-02 3.941708430647850037e-02 2.748734131455421448e-02 1.272393204271793365e-02 3.739637881517410278e-02 2.606589533388614655e-02 2.762791141867637634e-02 2.372647635638713837e-03 4.333866015076637268e-02 2.911021187901496887e-02 2.787582576274871826e-02 3.938094899058341980e-02 2.328701317310333252e-02 5.154614802449941635e-03 3.991809114813804626e-02 3.890161588788032532e-02 2.999257668852806091e-02 1.517807226628065109e-02 1.712106727063655853e-02 1.670304499566555023e-02 8.668456226587295532e-03 1.659031212329864502e-02 3.205331042408943176e-02 4.881209880113601685e-02 4.365654289722442627e-02 1.111197378486394882e-02 3.471712395548820496e-02 2.937762439250946045e-02 3.513808175921440125e-02 3.453088924288749695e-02 4.197318479418754578e-02 1.578158512711524963e-02
4.286789521574974060e-02 1.055631320923566818e-02 2.357130311429500580e-02 4.841260239481925964e-02 2.023356035351753235e-03 5.030481219291687012e-01 5.759320780634880066e-02 1.210771501064300537e-02 1.214648596942424774e-02 1.223424449563026428e-02 6.528585404157638550e-02 5.751523654907941818e-03 5.381049588322639465e-02 3.222841396927833557e-02 8.242837153375148773e-03 1.581393531523644924e-03 1.076052617281675339e-02 1.729743368923664093e-02 8.695789612829685211e-03 1.868036779342219234e-04 1.442228630185127258e-02 7.558307144790887833e-03 1.616183482110500336e-02 1.802950538694858551e-02 1.489280536770820618e-02 1.079035457223653793e-02 1.698425598442554474e-02 1.030755601823329926e-02 1.886197365820407867e-02 1.880615949630737305e-02 3.777712583541870117e-02 3.755800658836960793e-03 4.086783621460199356e-03 5.191990733146667480e-02 1.285640988498926163e-02 1.605824008584022522e-02 4.780533164739608765e-02 1.005523186177015305e-02 4.418220778461545706e-04 3.830682951956987381e-03 2.435347996652126312e-02 1.899764686822891235e-02 1.109531894326210022e-02 2.536776289343833923e-02 1.034520659595727921e-02 4.225476458668708801e-02 7.057283818721771240e-02 4.889453202486038208e-02 3.565314412117004395e-02 3.801459912210702896e-03 1.633149012923240662e-02 9.761440567672252655e-03 8.404710330069065094e-03 5.028188601136207581e-02 2.100865240208804607e-04 1.918357214890420437e-03 3.841226175427436829e-02 9.760391898453235626e-03 4.283947497606277466e-02 3.167579695582389832e-02 4.977956041693687439e-02 4.988364875316619873e-02 4.517357051372528076e-02 3.167065978050231934e-02 1.721979863941669464e-02 1.013688649982213974e-02 2.069592708721756935e-03 2.347794547677040100e-02 2.280589006841182709e-02 2.328499965369701385e-02 8.356780745089054108e-03 8.915509097278118134e-03 1.771978661417961121e-02 6.260822992771863937e-03 2.808241359889507294e-02 1.941050216555595398e-02 2.682393975555896759e-02 2.096177265048027039e-02 1.491967588663101196e-03 1.123276911675930023e-02 9.011563844978809357e-03 8.856795728206634521e-03 3.756594285368919373e-02 5.340861156582832336e-02 3.733345866203308105e-02 1.408001780509948730e-02 7.548558525741100311e-03 2.312577515840530396e-02 2.828078344464302063e-02 1.943252282217144966e-03 4.867856204509735107e-02 3.639706410467624664e-03 5.593349784612655640e-02 3.433713316917419434e-02 2.863804250955581665e-02 3.295306861400604248e-02 6.021061446517705917e-03 9.434509091079235077e-03 4.580651223659515381e-02 2.986158989369869232e-02 2.667276374995708466e-02 5.377623066306114197e-02 3.138118609786033630e-02 2.829034626483917236e-02 2.319290302693843842e-02 2.245142869651317596e-02 3.370992839336395264e-02 1.227811072021722794e-02 4.410199820995330811e-02 4.428866319358348846e-03 4.416242986917495728e-02 4.303462337702512741e-04 1.478283852338790894e-02 3.297265246510505676e-02 4.097669199109077454e-02 7.457026746124029160e-03
3.341290354728698730e-02 3.859590366482734680e-02 3.357779234647750854e-02 3.394340351223945618e-02 4.922231659293174744e-03 5.759320780634880066e-02 5.062059760093688965e-01 1.347300689667463303e-02 3.259541839361190796e-02 5.345332901924848557e-03 4.950170218944549561e-02 1.189912203699350357e-02 9.194635599851608276e-02 2.995153516530990601e-02 1.271840278059244156e-02 2.850280608981847763e-03 3.469743533059954643e-04 1.216717157512903214e-02 4.002338740974664688e-03 6.130311172455549240e-03 3.885152935981750488e-02 5.108607932925224304e-03 2.631956478580832481e-03 2.606653375551104546e-03 2.463717479258775711e-03 1.819249615073204041e-02 7.997841574251651764e-03 4.526768624782562256e-02 4.089586436748504639e-02 3.382705524563789368e-02 4.938618466258049011e-02 8.372721262276172638e-03 4.813716560602188110e-02 3.488562628626823425e-02 4.564719647169113159e-02 1.920872135087847710e-03 3.072129748761653900e-02 9.940141811966896057e-03 9.774349629878997803e-03 7.631458807736635208e-03 9.661010117270052433e-04 1.395368203520774841e-02 8.139524608850479126e-03 2.931241877377033234e-02 3.980793058872222900e-02 5.250363145023584366e-03 5.857359617948532104e-02 8.402325958013534546e-02 4.340529814362525940e-02 2.009296417236328125e-02 5.975018721073865891e-03 1.780682057142257690e-02 2.892414806410670280e-03 4.362355452030897141e-03 3.583257319405674934e-03 3.651981474831700325e-03 2.760369144380092621e-02 8.309264667332172394e-03 1.891660504043102264e-02 4.606115981005132198e-04 1.529824075987562537e-04 2.473950199782848358e-02 4.691214859485626221e-02 1.082832459360361099e-02 4.972340166568756104e-02 4.214530810713768005e-02 2.423254586756229401e-02 3.789208829402923584e-02 1.056591421365737915e-02 6.867491174489259720e-03 1.390512683428823948e-03 5.729354545474052429e-02 2.011156640946865082e-02 5.318154580891132355e-03 5.075791478157043457e-02 2.194443531334400177e-02 5.112474411725997925e-02 1.382902543991804123e-02 5.520547553896903992e-02 1.177270151674747467e-02 2.774490788578987122e-02 3.330365568399429321e-02 2.041799761354923248e-02 3.753711655735969543e-02 1.152719650417566299e-02 1.379275973886251450e-02 1.552020758390426636e-02 4.400700796395540237e-03 5.377014353871345520e-02 1.428774744272232056e-02 5.084539577364921570e-02 9.196228347718715668e-03 4.567377269268035889e-02 8.372419513761997223e-03 4.629363119602203369e-02 3.741652518510818481e-02 1.035480201244354248e-02 4.704755917191505432e-02 1.015722565352916718e-02 1.394759456161409616e-04 5.260156467556953430e-02 1.152045931667089462e-02 8.785697631537914276e-03 1.024415995925664902e-02 9.729944169521331787e-03 8.776339702308177948e-03 1.877816021442413330e-02 2.035499922931194305e-02 1.608186028897762299e-02 9.412569925189018250e-03 2.132647670805454254e-02 1.362122222781181335e-02 6.952887866646051407e-03 1.812930102460086346e-03 3.779135644435882568e-02 1.342130638659000397e-02
2.359119616448879242e-02 3.007186949253082275e-02 1.461277604103088379e-01 4.584302660077810287e-03 2.223903872072696686e-02 1.210771501064300537e-02 1.347300689667463303e-02 4.877293705940246582e-01 5.884703248739242554e-03 4.224114492535591125e-02 4.500379320234060287e-03 2.154147438704967499e-02 2.592443861067295074e-02 1.963920332491397858e-02 5.101967230439186096e-02 3.300965577363967896e-02 1.274200435727834702e-02 4.305142443627119064e-03 6.722627440467476845e-04 3.583085164427757263e-02 2.556882612407207489e-02 1.952276751399040222e-02 2.596902847290039062e-02 4.998904094099998474e-02 4.373443312942981720e-03 3.454609215259552002e-02 1.087055355310440063e-02 4.529000143520534039e-04 5.488179624080657959e-02 3.072242252528667450e-02 5.990035366266965866e-03 2.896005660295486450e-02 1.570206880569458008e-02 2.782531455159187317e-02 1.456875726580619812e-02 8.692642673850059509e-03 5.252537503838539124e-02 2.385957725346088409e-02 2.262261509895324707e-02 4.592180624604225159e-02 1.999146118760108948e-02 3.129922971129417419e-02 7.298411801457405090e-03 3.233791887760162354e-02 2.871791459619998932e-02 2.173553453758358955e-03 2.007371000945568085e-02 1.698977500200271606e-02 3.351326659321784973e-02 4.236525297164916992e-02 2.454543113708496094e-02 5.020477995276451111e-02 1.567763276398181915e-02 2.604175172746181488e-02 4.300444573163986206e-02 3.945165127515792847e-02 3.163567557930946350e-02 2.187250368297100067e-02 5.046000704169273376e-03 5.566473584622144699e-03 2.576233074069023132e-02 7.740416564047336578e-03 7.446965202689170837e-03 3.526677563786506653e-02 3.344075381755828857e-02 1.479474361985921860e-02 4.932169616222381592e-02 1.404995750635862350e-02 3.959678485989570618e-02 5.728873424232006073e-03 1.759482733905315399e-02 1.058565452694892883e-02 7.782353553920984268e-03 7.668070495128631592e-03 2.526424592360854149e-03 3.296867758035659790e-02 8.959181606769561768e-03 1.843020506203174591e-02 1.922760158777236938e-02 3.642053902149200439e-02 1.545007526874542236e-01 1.701443642377853394e-01 4.911441821604967117e-03 2.247255668044090271e-02 2.453042566776275635e-02 2.390197478234767914e-02 8.647623658180236816e-02 8.073045313358306885e-02 9.059734642505645752e-03 1.169433444738388062e-02 5.072219669818878174e-02 2.837235853075981140e-02 1.808497123420238495e-02 1.962631195783615112e-02 6.090664770454168320e-03 2.104544267058372498e-02 2.703839726746082306e-02 3.975539281964302063e-02 6.022423878312110901e-02 4.568532109260559082e-02 5.971685051918029785e-02 2.142364718019962311e-02 2.803100273013114929e-02 6.874758284538984299e-03 3.946600947529077530e-03 4.347799345850944519e-02 1.000702846795320511e-02 3.225805610418319702e-02 1.412996556609869003e-02 1.460265833884477615e-02 2.962441742420196533e-02 3.129167109727859497e-02 1.537534687668085098e-02 7.363496348261833191e-03 3.627264872193336487e-02 2.206442132592201233e-02
3.829318284988403320e-02 1.967291906476020813e-02 2.262532711029052734e-02 2.567588724195957184e-02 3.719434142112731934e-02 1.214648596942424774e-02 3.259541839361190796e-02 5.884703248739242554e-03 5.019307732582092285e-01 7.605844642966985703e-03 7.881650701165199280e-03 4.353751242160797119e-02 1.965750381350517273e-02 3.506254171952605247e-03 1.080679334700107574e-02 5.541777238249778748e-02 4.021702334284782410e-02 3.645097091794013977e-02 3.898943960666656494e-02 5.229750648140907288e-02 7.233885116875171661e-03 2.055683359503746033e-02 5.351806432008743286e-02 3.665547445416450500e-02 3.703430294990539551e-02 3.487147763371467590e-02 3.345569595694541931e-02 2.315203472971916199e-02 1.742401043884456158e-03 2.449276857078075409e-02 1.432080380618572235e-02 2.071084920316934586e-03 3.762345016002655029e-02 4.415225982666015625e-02 4.247216880321502686e-02 1.611906103789806366e-02 4.928715527057647705e-02 5.611557886004447937e-02 3.965553827583789825e-03 8.041938766837120056e-03 4.096207395195960999e-02 4.742959514260292053e-02 3.589591011404991150e-02 6.985732167959213257e-02 8.226333558559417725e-02 1.854996010661125183e-02 2.681274665519595146e-03 2.032568305730819702e-02 7.260075956583023071e-02 2.461180090904235840e-02 2.921597100794315338e-02 4.685984924435615540e-02 3.247715905308723450e-02 2.781987376511096954e-02 1.041816174983978271e-01 3.240711987018585205e-02 8.514282293617725372e-03 3.824744373559951782e-02 1.736054755747318268e-02 4.058570042252540588e-02 4.355387017130851746e-02 4.800063092261552811e-03 5.534946103580296040e-04 4.263058304786682129e-02 5.783013999462127686e-02 3.099347092211246490e-02 1.706019043922424316e-02 1.449801400303840637e-02 6.668061763048171997e-02 4.613699764013290405e-02 3.175839409232139587e-02 5.101827159523963928e-02 3.892859816551208496e-02 3.814158961176872253e-02 1.916771568357944489e-02 7.229091972112655640e-02 1.258703172206878662e-01 1.692667417228221893e-02 1.579183638095855713e-01 2.615152334328740835e-04 3.233798593282699585e-02 2.145256474614143372e-02 2.517324127256870270e-02 3.643977269530296326e-02 3.573291748762130737e-02 2.100053429603576660e-02 4.578939825296401978e-02 7.108923513442277908e-03 8.018871396780014038e-02 5.698151513934135437e-02 2.368173329159617424e-03 6.168592721223831177e-03 3.036114387214183807e-03 2.443438023328781128e-02 5.096038430929183960e-02 3.481490910053253174e-02 3.265096992254257202e-02 6.036576256155967712e-02 3.752383217215538025e-02 3.449126705527305603e-02 3.668290330097079277e-03 4.236390814185142517e-02 4.146874323487281799e-02 5.217717215418815613e-02 2.302596904337406158e-02 1.214699912816286087e-02 4.980944469571113586e-02 3.364299237728118896e-02 3.478147462010383606e-02 3.495250269770622253e-02 3.737157583236694336e-02 1.354615949094295502e-02 1.948225498199462891e-02 1.445885840803384781e-02 1.740987040102481842e-02 6.002756766974925995e-03
1.690875925123691559e-02 4.417776595801115036e-03 4.742420464754104614e-02 4.491982981562614441e-02 3.256841376423835754e-02 1.223424449563026428e-02 5.345332901924848557e-03 4.224114492535591125e-02 7.605844642966985703e-03 5.170008540153503418e-01 9.469604119658470154e-03 6.199003383517265320e-02 2.288906648755073547e-02 7.514545577578246593e-04 2.437060698866844177e-02 4.343277961015701294e-02 4.377620760351419449e-03 3.702500462532043457e-02 7.808371633291244507e-02 6.452441215515136719e-03 2.014919742941856384e-02 2.103424817323684692e-02 3.170874435454607010e-03 2.690316550433635712e-02 2.504782169125974178e-04 1.136172935366630554e-02 1.097286958247423172e-02 4.838199540972709656e-02 4.090675247425679117e-06 4.992423579096794128e-03 1.076884940266609192e-02 3.630219027400016785e-02 2.785870432853698730e-02 4.006123542785644531e-02 3.481004014611244202e-02 1.553313806653022766e-02 2.106907777488231659e-02 4.571770783513784409e-03 1.431651320308446884e-02 3.141520544886589050e-02 1.385705918073654175e-02 1.802206039428710938e-02 1.755347289144992828e-02 9.060878306627273560e-03 4.214440286159515381e-02 2.751291356980800629e-02 4.188613034784793854e-03 8.966029621660709381e-03 4.765084758400917053e-02 4.903072491288185120e-02 4.886689409613609314e-02 4.227035865187644958e-02 5.387051496654748917e-03 4.843273758888244629e-02 4.623774066567420959e-02 3.694602102041244507e-02 1.115760859102010727e-02 1.987168192863464355e-02 4.302091896533966064e-02 4.338083416223526001e-02 1.038790494203567505e-02 3.693120554089546204e-02 2.843898162245750427e-02 3.193822875618934631e-02 1.577488519251346588e-02 4.977653175592422485e-02 2.809013053774833679e-02 1.039815787225961685e-02 1.222998648881912231e-02 5.715142190456390381e-02 6.506989151239395142e-02 4.762054234743118286e-02 5.606201291084289551e-02 6.808739155530929565e-02 1.720580644905567169e-02 2.288357820361852646e-03 4.783362150192260742e-02 7.993899285793304443e-02 1.269490551203489304e-02 8.176614344120025635e-02 2.698579430580139160e-02 2.618104033172130585e-02 1.689328346401453018e-03 5.823352560400962830e-02 1.479409262537956238e-02 5.049889534711837769e-02 3.116505034267902374e-02 4.695256426930427551e-02 3.534398972988128662e-02 3.121760487556457520e-02 6.567356642335653305e-03 2.055982872843742371e-02 1.293086633086204529e-02 3.078083321452140808e-02 3.261928632855415344e-02 1.015651132911443710e-02 6.374856084585189819e-02 1.726687885820865631e-02 4.133130237460136414e-02 1.456992141902446747e-02 4.323634132742881775e-02 1.682135835289955139e-02 2.105321921408176422e-02 2.794346399605274200e-02 4.263261333107948303e-02 4.593779891729354858e-02 1.825723797082901001e-02 3.318396210670471191e-02 2.245375362690538168e-04 5.094980821013450623e-02 1.153695303946733475e-02 7.918360643088817596e-04 5.062454380095005035e-03 1.617187261581420898e-02 9.048162959516048431e-03 1.657220162451267242e-02
8.475411683320999146e-02 5.533644929528236389e-02 4.710069298744201660e-02 2.586198598146438599e-02 1.440301816910505295e-02 6.528585404157638550e-02 4.950170218944549561e-02 4.500379320234060287e-03 7.881650701165199280e-03 9.469604119658470154e-03 5.050444602966308594e-01 5.538184195756912231e-02 9.483284503221511841e-02 7.440275978296995163e-03 1.452240068465471268e-02 8.418325334787368774e-03 1.667478680610656738e-02 2.431720681488513947e-02 1.968124881386756897e-03 1.042841840535402298e-02 6.698906072415411472e-04 5.282917059957981110e-03 6.886252667754888535e-03 1.231614686548709869e-02 1.354592293500900269e-02 1.901343092322349548e-02 2.095923013985157013e-02 2.698579430580139160e-02 3.759447857737541199e-02 1.947221904993057251e-02 2.891026623547077179e-02 3.374697268009185791e-02 4.764173924922943115e-02 2.020557224750518799e-02 5.658943206071853638e-02 2.746375277638435364e-02 5.662678275257349014e-03 6.434863898903131485e-04 9.822403080761432648e-03 1.017783395946025848e-02 1.774788275361061096e-02 7.599900127388536930e-04 1.176846865564584732e-02 1.335080619901418686e-02 3.002590313553810120e-02 9.296061471104621887e-04 5.391748249530792236e-02 5.217057839035987854e-02 4.255914315581321716e-02 6.156389601528644562e-03 1.482044160366058350e-02 1.353307277895510197e-03 5.642886459827423096e-02 7.763606263324618340e-04 5.263591650873422623e-03 3.532581031322479248e-02 6.644368637353181839e-03 1.229801774024963379e-02 4.758825898170471191e-02 2.581247501075267792e-02 8.619022555649280548e-03 4.652702808380126953e-02 2.753062546253204346e-02 3.661745041608810425e-02 5.192193016409873962e-02 3.785527776926755905e-03 1.627846434712409973e-02 1.054905820637941360e-02 1.097589451819658279e-02 4.708730801939964294e-02 2.395115047693252563e-02 5.194310098886489868e-02 9.402663446962833405e-03 3.828167170286178589e-02 4.855732992291450500e-02 1.933617517352104187e-03 4.671037197113037109e-03 2.287463843822479248e-02 3.062370792031288147e-02 1.515042036771774292e-02 7.181650493294000626e-03 1.728932745754718781e-02 2.794128656387329102e-02 4.749955981969833374e-02 1.137893181294202805e-03 1.787609420716762543e-02 5.184348672628402710e-02 3.880600561387836933e-04 6.016978248953819275e-02 1.656794920563697815e-02 4.588183760643005371e-02 4.544949624687433243e-03 5.379537492990493774e-02 2.177676558494567871e-02 4.101392626762390137e-02 4.456972703337669373e-02 5.002425983548164368e-02 4.002827033400535583e-02 2.238879166543483734e-02 7.522643543779850006e-03 5.528689548373222351e-02 1.368816569447517395e-02 3.623360767960548401e-02 9.711785241961479187e-03 1.138264872133731842e-02 3.279518336057662964e-02 2.781565487384796143e-02 9.702147915959358215e-03 8.306395262479782104e-03 4.921032860875129700e-02 3.426751494407653809e-02 4.511788953095674515e-03 1.143427006900310516e-02 4.944544052705168724e-04 4.022384807467460632e-02 1.065704319626092911e-02
3.545106574892997742e-02 5.113347619771957397e-02 1.688561029732227325e-02 4.373792186379432678e-02 2.602726779878139496e-02 5.751523654907941818e-03 1.189912203699350357e-02 2.154147438704967499e-02 4.353751242160797119e-02 6.199003383517265320e-02 5.538184195756912231e-02 4.968876838684082031e-01 1.583041436970233917e-02 1.712692528963088989e-01 3.062051348388195038e-02 2.254956588149070740e-02 4.103165492415428162e-02 2.808587253093719482e-02 3.160560503602027893e-02 1.127955131232738495e-02 1.146684493869543076e-02 4.483057186007499695e-02 3.928304091095924377e-02 4.553119465708732605e-02 1.645996980369091034e-02 3.163534402847290039e-02 2.412557601928710938e-02 1.579740643501281738e-01 4.360950738191604614e-02 9.255383163690567017e-02 3.844556957483291626e-02 5.122978240251541138e-03 2.743894793093204498e-02 2.761241793632507324e-02 1.533238566480576992e-03 4.193514958024024963e-02 1.548237912356853485e-02 3.655006363987922668e-02 2.918710699304938316e-03 3.752293065190315247e-02 1.658730208873748779e-02 6.128428503870964050e-03 1.592322811484336853e-02 1.978779397904872894e-02 9.894871711730957031e-02 5.969714745879173279e-02 5.642383173108100891e-02 4.239159449934959412e-02 2.523949556052684784e-02 1.800727844238281250e-02 4.891634732484817505e-02 1.927219517529010773e-02 3.680489258840680122e-03 3.604773897677659988e-03 4.942739009857177734e-02 1.856986247003078461e-02 3.773749107494950294e-03 5.801380798220634460e-02 3.342669084668159485e-02 3.905333951115608215e-02 1.280215010046958923e-02 3.464067727327346802e-02 3.512625396251678467e-02 2.107565104961395264e-02 1.354467961937189102e-02 5.421732552349567413e-03 5.083389952778816223e-02 1.748828217387199402e-02 1.069822721183300018e-02 5.954131856560707092e-02 3.372197598218917847e-02 3.944647312164306641e-02 6.864529103040695190e-03 4.567385092377662659e-02 2.713175117969512939e-02 1.824540458619594574e-02 2.894703112542629242e-02 3.384770825505256653e-02 5.912763252854347229e-02 2.542085386812686920e-02 4.179834946990013123e-02 2.453541569411754608e-02 1.888471283018589020e-02 4.157004132866859436e-02 1.956583186984062195e-02 4.288248717784881592e-02 3.209779411554336548e-02 6.080100778490304947e-03 8.748869597911834717e-02 3.910318017005920410e-02 2.352008223533630371e-02 4.827020317316055298e-02 3.180548921227455139e-02 4.304128512740135193e-02 1.539627090096473694e-02 3.102441877126693726e-02 4.264785721898078918e-02 2.480329200625419617e-02 9.194144979119300842e-03 1.441763062030076981e-02 4.564492963254451752e-03 3.020320273935794830e-02 2.304114587604999542e-02 4.220265895128250122e-02 1.887770183384418488e-02 4.692582786083221436e-02 1.777474395930767059e-02 2.090096659958362579e-02 1.559221651405096054e-02 3.835887834429740906e-02 1.475684903562068939e-02 1.840388216078281403e-02 5.889183375984430313e-03 5.216456577181816101e-02 1.613006740808486938e-02 3.465581903583370149e-05
4.242128506302833557e-02 4.956548660993576050e-02 3.477432578802108765e-02 4.500433802604675293e-02 1.912031508982181549e-02 5.381049588322639465e-02 9.194635599851608276e-02 2.592443861067295074e-02 1.965750381350517273e-02 2.288906648755073547e-02 9.483284503221511841e-02 1.583041436970233917e-02 4.923911094665527344e-01 1.297730766236782074e-02 1.267913822084665298e-02 7.886903360486030579e-03 3.832638962194323540e-03 4.266879707574844360e-02 3.796255588531494141e-02 4.118531942367553711e-03 1.315119117498397827e-02 1.391660794615745544e-02 7.248644251376390457e-03 1.929460279643535614e-02 2.385162562131881714e-02 3.058800660073757172e-02 2.796247415244579315e-02 3.874860331416130066e-02 5.277274921536445618e-02 2.901474013924598694e-02 4.446258023381233215e-02 4.087657853960990906e-02 3.400543332099914551e-02 4.264813661575317383e-02 3.543467447161674500e-02 3.597918432205915451e-03 3.668811172246932983e-02 3.779684659093618393e-03 2.925381250679492950e-02 2.584687061607837677e-02 2.952588722109794617e-02 3.353900834918022156e-02 2.663527429103851318e-02 2.979037351906299591e-02 2.079023420810699463e-02 2.420599758625030518e-02 3.972449898719787598e-02 7.514705508947372437e-02 3.280783072113990784e-02 9.824520908296108246e-03 4.115941002964973450e-02 9.146654629148542881e-04 2.813878469169139862e-03 5.303375888615846634e-03 3.663578769192099571e-03 1.960225403308868408e-03 1.079698931425809860e-02 2.915449999272823334e-02 7.478031795471906662e-03 4.585598036646842957e-02 2.998135983943939209e-02 2.490236423909664154e-02 2.473481371998786926e-02 4.298376291990280151e-02 5.194131284952163696e-02 6.440769881010055542e-02 2.354838140308856964e-02 4.143940284848213196e-02 1.430964376777410507e-02 5.001603066921234131e-02 1.424277201294898987e-02 4.301462322473526001e-02 1.162222400307655334e-02 3.587065637111663818e-02 4.930456355214118958e-02 9.086065925657749176e-03 4.795151948928833008e-02 4.977392405271530151e-02 1.421006955206394196e-02 4.282337054610252380e-02 8.091318421065807343e-03 2.507114596664905548e-02 2.816444076597690582e-02 8.296796120703220367e-03 8.146576583385467529e-03 7.036371622234582901e-03 1.962008513510227203e-02 3.929683193564414978e-02 2.158533036708831787e-02 2.127925306558609009e-02 5.356951802968978882e-02 1.955575868487358093e-02 5.690903589129447937e-02 2.047047950327396393e-02 4.498633556067943573e-03 4.516464844346046448e-02 3.429093584418296814e-02 1.639743894338607788e-02 2.126223593950271606e-02 1.298766583204269409e-02 3.766256198287010193e-02 3.654787689447402954e-02 4.539853334426879883e-02 3.488311544060707092e-02 3.057031705975532532e-02 2.934299223124980927e-02 3.994884714484214783e-02 1.889123953878879547e-02 3.427490964531898499e-02 4.747609049081802368e-02 3.380395472049713135e-02 5.473908036947250366e-03 4.766336642205715179e-03 7.639544084668159485e-03 1.861588470637798309e-02 9.196679107844829559e-03
