5.400536060333251953e-01 2.011322677135467529e-01 3.967216238379478455e-02 2.338073216378688812e-02 4.467132687568664551e-02 1.811173409223556519e-01 1.632672846317291260e-01 2.177509851753711700e-02 1.842524670064449310e-02 1.710482314229011536e-02 1.451093405485153198e-01 8.790366351604461670e-03 1.213577538728713989e-01 9.907383471727371216e-03 1.853507012128829956e-02 2.236588671803474426e-02 2.455685753375291824e-03 4.637038800865411758e-03 3.380891308188438416e-02 1.963313110172748566e-02 9.067988023161888123e-03 1.583605632185935974e-02 7.559187361039221287e-04 3.086679056286811829e-02 8.666144683957099915e-03 4.836672917008399963e-03 8.825168013572692871e-03 8.437654934823513031e-03 1.949582062661647797e-02 3.425671020522713661e-03 1.634959131479263306e-02 9.974371641874313354e-03 7.351132575422525406e-03 1.091191894374787807e-03 6.873833946883678436e-03 1.808473840355873108e-02 2.808789536356925964e-02 3.516785427927970886e-02 1.504568196833133698e-02 3.017242066562175751e-02 6.806337274610996246e-03 1.082905009388923645e-02 1.320208609104156494e-02 8.440092206001281738e-03 2.470457367599010468e-02 3.144099935889244080e-02 9.729312360286712646e-02 9.051554650068283081e-02 2.079492993652820587e-02 3.521660575643181801e-03 9.388404898345470428e-03 4.102448001503944397e-02 9.940506890416145325e-03 3.503879066556692123e-03 9.471165016293525696e-03 1.096980832517147064e-02 6.257102359086275101e-03 2.828824799507856369e-03 8.945024572312831879e-03 3.015751484781503677e-03 1.717929914593696594e-02 1.685689762234687805e-02 3.062584623694419861e-02 2.205892093479633331e-02 3.981509245932102203e-03 9.559958241879940033e-03 1.588454283773899078e-02 1.254423148930072784e-02 3.463797271251678467e-02 2.005144767463207245e-02 3.651980683207511902e-02 2.193382568657398224e-02 4.145241528749465942e-02 1.790553145110607147e-02 4.087508469820022583e-02 2.708521857857704163e-02 1.077607367187738419e-02 2.424645796418190002e-02 3.497366979718208313e-02 3.062018752098083496e-02 3.234542533755302429e-02 1.440450642257928848e-02 1.206808816641569138e-02 3.785287588834762573e-02 2.601414732635021210e-02 9.372789412736892700e-03 2.166908420622348785e-02 5.806653294712305069e-03 4.301981627941131592e-02 2.539447275921702385e-03 1.082429476082324982e-02 9.298055432736873627e-03 5.399790243245661259e-04 4.456145223230123520e-03 1.275420747697353363e-02 5.491008050739765167e-03 3.339394927024841309e-02 1.476854085922241211e-02 6.927982438355684280e-03 3.364061564207077026e-02 1.436908077448606491e-02 1.256769336760044098e-02 3.986193984746932983e-02 3.866554796695709229e-02 6.579195614904165268e-03 6.865443196147680283e-03 1.437112409621477127e-02 3.744763880968093872e-02 2.498331107199192047e-02 4.883956909179687500e-02 4.104525316506624222e-03 3.759514540433883667e-02 1.337826345115900040e-02 3.396063297986984253e-02 5.616956856101751328e-03 5.019170232117176056e-03
2.011322677135467529e-01 5.387228727340698242e-01 3.341550007462501526e-02 2.773177623748779297e-02 2.653096243739128113e-02 1.681714355945587158e-01 1.761955767869949341e-01 2.145263366401195526e-03 9.609451517462730408e-03 2.354061231017112732e-02 1.232092380523681641e-01 3.738929750397801399e-03 1.423672884702682495e-01 3.126453980803489685e-02 2.612233348190784454e-02 8.706007152795791626e-03 1.043347641825675964e-02 1.936158165335655212e-02 3.496967628598213196e-02 1.794220134615898132e-02 1.255540270358324051e-02 1.213505980558693409e-03 1.139589305967092514e-02 2.934857085347175598e-02 3.638963680714368820e-03 1.402174308896064758e-02 2.001494914293289185e-02 1.454792637377977371e-02 1.420676521956920624e-02 8.199271978810429573e-04 1.841206476092338562e-02 3.546819556504487991e-03 2.244581701233983040e-03 4.156577866524457932e-03 2.538195438683032990e-02 9.191066026687622070e-03 5.950531922280788422e-03 3.798767924308776855e-02 3.041842766106128693e-02 3.835390508174896240e-02 1.783225685358047485e-03 9.906138293445110321e-03 1.361185126006603241e-02 9.774966165423393250e-03 1.427523046731948853e-02 1.712875813245773315e-02 9.784831851720809937e-02 9.404434263706207275e-02 1.426738873124122620e-02 7.843295112252235413e-03 2.556380070745944977e-02 4.152423143386840820e-02 6.718112621456384659e-03 8.242555893957614899e-03 7.520556915551424026e-03 2.527445554733276367e-02 3.192319720983505249e-02 9.898613207042217255e-03 2.510557533241808414e-04 1.880299299955368042e-02 4.158269613981246948e-02 3.190147131681442261e-02 2.559705264866352081e-02 3.835063800215721130e-02 1.092357747256755829e-02 2.171516604721546173e-02 1.732037402689456940e-02 8.161522448062896729e-03 9.569583460688591003e-03 9.840803220868110657e-03 1.201494783163070679e-02 9.196860715746879578e-03 1.990100927650928497e-02 5.838506389409303665e-03 2.797647006809711456e-02 9.694145061075687408e-03 2.574583701789379120e-02 2.688962221145629883e-02 1.487955916672945023e-02 2.807136997580528259e-02 3.407597541809082031e-02 3.313915804028511047e-02 2.514729276299476624e-02 4.278805851936340332e-02 2.197483554482460022e-02 7.599070202559232712e-03 4.569217935204505920e-02 4.779312293976545334e-03 5.985805299133062363e-03 1.333868131041526794e-03 2.307692170143127441e-02 1.639335229992866516e-02 2.311328612267971039e-02 1.534162205643951893e-03 2.152751386165618896e-02 1.576807908713817596e-02 3.001871332526206970e-02 1.335002668201923370e-02 1.613581739366054535e-02 2.698953635990619659e-02 1.075195800513029099e-02 8.043545298278331757e-03 4.587410390377044678e-02 2.539580874145030975e-02 2.151958830654621124e-02 4.320018924772739410e-03 1.482916250824928284e-02 3.395069763064384460e-02 2.991521172225475311e-02 4.736887291073799133e-02 3.487088542897254229e-04 2.567235380411148071e-02 2.133588492870330811e-02 3.165305033326148987e-02 6.895362399518489838e-03 4.231540020555257797e-03
3.967216238379478455e-02 3.341550007462501526e-02 5.069064497947692871e-01 3.230121359229087830e-02 3.444339707493782043e-02 1.176215987652540207e-02 1.281517650932073593e-02 2.172158062458038330e-01 9.910416789352893829e-03 3.931314498186111450e-02 3.809677809476852417e-02 7.188588846474885941e-03 3.863883018493652344e-02 1.727878116071224213e-04 4.119256511330604553e-02 2.137430943548679352e-02 6.655494682490825653e-03 4.014962911605834961e-02 1.197848934680223465e-02 6.468220148235559464e-03 3.985139541327953339e-03 4.188093170523643494e-02 2.279213443398475647e-02 2.836078405380249023e-02 4.527283832430839539e-03 1.793325692415237427e-02 2.434697002172470093e-02 1.290403120219707489e-02 2.296310849487781525e-02 4.326213523745536804e-02 2.983784116804599762e-02 1.142856758087873459e-02 7.166887167841196060e-03 6.244405172765254974e-03 7.828067988157272339e-03 2.734594047069549561e-03 2.904169820249080658e-02 1.541620772331953049e-02 6.758034229278564453e-03 2.916767634451389313e-02 2.749642170965671539e-02 2.389782480895519257e-02 1.663590408861637115e-02 7.357218861579895020e-02 2.542351372539997101e-02 2.885279245674610138e-02 3.775381483137607574e-04 5.236099939793348312e-03 3.433536505326628685e-03 4.058430436998605728e-03 3.700454160571098328e-02 5.121537484228610992e-03 1.467678695917129517e-02 1.021640934050083160e-02 2.530978620052337646e-02 3.050391376018524170e-02 2.335774712264537811e-02 3.867978230118751526e-02 5.485051870346069336e-02 1.146592572331428528e-02 4.513925313949584961e-02 2.477942407131195068e-02 3.805422782897949219e-02 7.569803390651941299e-03 2.169631421566009521e-02 2.314680069684982300e-02 9.243488311767578125e-03 2.836890518665313721e-03 1.536405552178621292e-02 1.141337677836418152e-02 1.633833907544612885e-02 7.471279706805944443e-03 4.668525233864784241e-02 4.254236072301864624e-02 2.842993102967739105e-02 2.964320592582225800e-02 2.879215031862258911e-02 2.894921042025089264e-02 1.401576120406389236e-02 3.561474755406379700e-02 1.495120525360107422e-01 1.893704682588577271e-01 2.308446727693080902e-02 2.383854240179061890e-02 2.595574827864766121e-03 2.753297099843621254e-03 5.901294201612472534e-02 5.008186399936676025e-02 2.240502648055553436e-02 3.452116996049880981e-02 7.042652927339076996e-03 2.354976907372474670e-02 2.372557483613491058e-02 3.149970434606075287e-03 2.563376538455486298e-02 1.132042147219181061e-02 1.389702502638101578e-02 1.702560111880302429e-02 2.643454261124134064e-02 4.792610555887222290e-02 4.325910005718469620e-03 2.160925045609474182e-02 2.536015957593917847e-02 3.724689013324677944e-04 3.236852213740348816e-02 3.071788139641284943e-02 1.774857938289642334e-02 1.966284401714801788e-02 1.530220638960599899e-02 1.174342352896928787e-02 1.006578840315341949e-02 1.072477363049983978e-02 1.081650611013174057e-03 8.630052208900451660e-03 2.347854152321815491e-02 1.229026541113853455e-02
2.338073216378688812e-02 2.773177623748779297e-02 3.230121359229087830e-02 5.303385257720947266e-01 1.328783780336380005e-01 3.442942351102828979e-02 4.137044027447700500e-02 2.888836152851581573e-02 2.541347034275531769e-02 4.286593571305274963e-02 6.834584753960371017e-03 3.424868732690811157e-02 3.790201246738433838e-02 3.577096387743949890e-02 2.804400771856307983e-02 3.151282295584678650e-02 4.049353674054145813e-02 4.733759164810180664e-02 4.437106102705001831e-02 2.236562222242355347e-02 2.980049885809421539e-02 3.214989602565765381e-02 9.756508283317089081e-03 4.370101541280746460e-02 2.227452024817466736e-02 4.578245058655738831e-02 3.783866018056869507e-02 1.206997595727443695e-02 2.791252359747886658e-02 1.549256499856710434e-02 2.742402628064155579e-02 3.799615800380706787e-02 2.071067132055759430e-02 4.681259393692016602e-02 2.720601670444011688e-02 3.244123607873916626e-02 5.540962330996990204e-03 2.071429602801799774e-02 8.219037950038909912e-02 8.520885370671749115e-03 1.850284449756145477e-02 2.188845165073871613e-02 1.360304467380046844e-02 8.962175808846950531e-03 2.513769641518592834e-02 6.650075782090425491e-03 1.175179239362478256e-02 1.279577892273664474e-02 4.799092933535575867e-02 4.952246323227882385e-02 1.032753568142652512e-02 1.889047771692276001e-02 1.438634749501943588e-02 4.601363837718963623e-02 2.224580384790897369e-02 3.651478886604309082e-02 3.131477162241935730e-02 2.111546695232391357e-02 4.057688266038894653e-02 2.938669733703136444e-02 3.421813249588012695e-02 1.720389537513256073e-02 2.271976508200168610e-02 1.635363884270191193e-02 2.085530944168567657e-02 3.286385675892233849e-03 1.666918396949768066e-02 1.734529249370098114e-02 3.617048636078834534e-02 3.386588767170906067e-02 1.960518769919872284e-02 3.983002901077270508e-02 7.919094711542129517e-02 4.688445478677749634e-02 7.139182090759277344e-02 6.559618562459945679e-02 6.729195266962051392e-02 5.393362604081630707e-03 3.003307804465293884e-02 5.173099040985107422e-02 2.310112351551651955e-03 2.224150113761425018e-02 3.725504130125045776e-02 1.453367620706558228e-02 1.778492442099377513e-04 4.288790747523307800e-03 2.670344896614551544e-02 3.120199590921401978e-02 2.874740958213806152e-02 1.705908589065074921e-02 1.112191844731569290e-02 4.975432902574539185e-02 5.103474948555231094e-03 2.699130959808826447e-02 1.252618804574012756e-02 4.048309102654457092e-02 4.483604058623313904e-02 2.995561249554157257e-02 1.882785372436046600e-02 3.711640834808349609e-02 3.906631097197532654e-02 5.185791477560997009e-02 4.906319826841354370e-02 5.071592703461647034e-02 3.451417759060859680e-02 8.006578311324119568e-03 3.853086009621620178e-02 6.885260343551635742e-02 3.917246684432029724e-02 4.113458842039108276e-02 6.660474836826324463e-02 9.308167546987533569e-02 3.524040058255195618e-02 2.693007700145244598e-02 4.246316477656364441e-02 1.527064479887485504e-02
4.467132687568664551e-02 2.653096243739128113e-02 3.444339707493782043e-02 1.328783780336380005e-01 5.279109477996826172e-01 3.794170171022415161e-02 9.196129627525806427e-03 6.918466649949550629e-03 2.996568009257316589e-02 5.347196385264396667e-02 2.529501914978027344e-02 5.501883849501609802e-02 3.490280359983444214e-02 4.036794602870941162e-02 2.094242163002490997e-02 2.183244191110134125e-02 2.307820133864879608e-02 1.244193501770496368e-02 7.634308934211730957e-02 3.393306210637092590e-02 3.455297648906707764e-02 4.614850506186485291e-02 3.737753257155418396e-03 8.561391383409500122e-03 3.184429556131362915e-02 1.157054025679826736e-02 1.564061618410050869e-03 1.561601366847753525e-02 3.220559284090995789e-02 4.383127018809318542e-02 4.731892794370651245e-02 2.334102243185043335e-02 1.463109999895095825e-02 1.992808468639850616e-02 2.764599863439798355e-03 3.191096708178520203e-02 3.918983414769172668e-02 3.746537864208221436e-02 8.533683419227600098e-02 5.983184650540351868e-02 6.529790814965963364e-03 4.330778494477272034e-02 4.472481086850166321e-02 1.512196031399071217e-03 1.981749944388866425e-02 5.126840621232986450e-02 1.326515898108482361e-02 1.505949161946773529e-02 2.840836159884929657e-02 1.629554480314254761e-02 3.558573871850967407e-02 5.244043655693531036e-03 3.253085538744926453e-03 4.608825966715812683e-02 1.034161262214183807e-02 1.737516745924949646e-02 2.662536501884460449e-02 3.168383240699768066e-02 1.302552036941051483e-02 1.575251482427120209e-02 2.369058690965175629e-02 4.230015724897384644e-02 1.668783091008663177e-02 5.851059220731258392e-03 4.183936398476362228e-03 4.422215570230036974e-04 4.638525843620300293e-02 4.514538496732711792e-02 7.679316680878400803e-03 1.358316838741302490e-02 1.188834756612777710e-02 4.756988584995269775e-02 3.577859699726104736e-02 3.313388675451278687e-02 5.962502956390380859e-02 2.999065676704049110e-03 1.010080985724925995e-02 8.827449753880500793e-03 2.791878208518028259e-02 6.560410838574171066e-04 2.373990602791309357e-02 1.519556436687707901e-02 3.897884115576744080e-02 8.296342194080352783e-02 3.553813090547919273e-03 3.852452337741851807e-02 1.573137566447257996e-02 3.817962110042572021e-02 1.711918972432613373e-02 2.355461195111274719e-02 7.791908923536539078e-03 4.965726658701896667e-02 1.573792286217212677e-02 1.814109832048416138e-02 6.423920858651399612e-03 1.160101778805255890e-02 4.369893670082092285e-02 2.500581927597522736e-02 2.868445962667465210e-02 3.313081339001655579e-02 1.079843100160360336e-02 5.993619561195373535e-03 3.703103959560394287e-02 3.146019205451011658e-02 4.305303469300270081e-02 2.552683465182781219e-02 3.380812238901853561e-03 3.804111853241920471e-02 1.007340103387832642e-02 5.062509328126907349e-02 4.342127963900566101e-02 5.964893102645874023e-02 3.760156780481338501e-02 1.130393519997596741e-02 3.420644253492355347e-02 4.500387609004974365e-02
1.811173409223556519e-01 1.681714355945587158e-01 1.176215987652540207e-02 3.442942351102828979e-02 3.794170171022415161e-02 5.541326999664306641e-01 2.464608848094940186e-01 2.275121770799160004e-02 1.500430330634117126e-02 2.849057503044605255e-02 1.488171964883804321e-01 4.498070478439331055e-02 1.147668510675430298e-01 3.339301422238349915e-02 2.931149117648601532e-02 2.392965555191040039e-02 1.443165447562932968e-02 1.821763068437576294e-02 3.824936971068382263e-02 2.802472747862339020e-02 1.210520323365926743e-02 3.872322291135787964e-02 2.390968054533004761e-02 7.582759018987417221e-03 8.451927453279495239e-03 6.457336712628602982e-03 9.582340717315673828e-03 2.187992259860038757e-02 2.343050576746463776e-02 2.297096326947212219e-02 5.637073423713445663e-03 1.977729797363281250e-02 4.633898381143808365e-03 2.554996684193611145e-02 1.690579578280448914e-02 2.294502779841423035e-02 3.097007982432842255e-02 1.684626378118991852e-02 1.858949847519397736e-02 1.975898072123527527e-02 1.556942355819046497e-03 1.541340630501508713e-02 3.221304155886173248e-03 3.414762020111083984e-02 6.745267659425735474e-03 1.481326483190059662e-02 1.683233231306076050e-01 1.779733747243881226e-01 2.417626418173313141e-02 5.631676176562905312e-04 3.952568396925926208e-03 2.695886977016925812e-02 5.015854258090257645e-03 4.255623556673526764e-03 6.451152730733156204e-03 1.038329117000102997e-02 2.619384089484810829e-03 1.169705390930175781e-02 2.406123653054237366e-02 1.450593117624521255e-02 3.771726787090301514e-02 1.740223914384841919e-02 1.227514538913965225e-02 2.769287116825580597e-02 1.919771358370780945e-02 3.023573756217956543e-02 2.138753049075603485e-02 1.506739854812622070e-02 2.270472608506679535e-02 4.475851543247699738e-03 3.408639505505561829e-02 9.879891760647296906e-03 3.519237414002418518e-02 2.027778420597314835e-03 2.287869341671466827e-02 1.892985031008720398e-02 1.407907716929912567e-02 2.261820947751402855e-03 3.152389451861381531e-02 2.079880610108375549e-02 1.868384703993797302e-02 3.349391371011734009e-02 2.542409300804138184e-02 3.631149604916572571e-02 3.556138277053833008e-02 3.397935256361961365e-02 3.390510007739067078e-02 2.582350187003612518e-02 2.476740814745426178e-02 3.489128872752189636e-02 3.956150263547897339e-02 3.655668348073959351e-02 4.370590299367904663e-02 1.214302424341440201e-02 1.824383437633514404e-02 2.691385149955749512e-02 3.174746409058570862e-02 1.703768037259578705e-02 1.334801875054836273e-02 4.297454655170440674e-02 3.575373440980911255e-02 3.396657854318618774e-02 1.508928183466196060e-02 1.003145892173051834e-02 2.355863153934478760e-02 9.116211731452494860e-05 2.578485012054443359e-02 4.479021951556205750e-02 3.260609880089759827e-02 5.395114049315452576e-02 1.035597454756498337e-02 2.220786549150943756e-02 1.692036911845207214e-02 1.296393573284149170e-02 2.987592294812202454e-02 1.683586835861206055e-02
1.632672846317291260e-01 1.761955767869949341e-01 1.281517650932073593e-02 4.137044027447700500e-02 9.196129627525806427e-03 2.464608848094940186e-01 5.455364584922790527e-01 2.842897549271583557e-03 2.333810366690158844e-02 3.078989684581756592e-02 1.140740290284156799e-01 4.554407671093940735e-02 9.946132451295852661e-02 6.643969099968671799e-04 2.600594051182270050e-02 2.122584357857704163e-02 9.158704429864883423e-03 4.538517072796821594e-02 3.894171118736267090e-02 3.775854408740997314e-02 9.534208220429718494e-04 2.443610876798629761e-02 3.187555074691772461e-02 2.245370857417583466e-02 2.096668351441621780e-03 1.023519039154052734e-02 3.987637907266616821e-02 3.952394425868988037e-02 3.319269046187400818e-02 3.182949870824813843e-02 1.021996978670358658e-02 6.553172599524259567e-03 9.140193462371826172e-03 1.595439855009317398e-03 2.722168341279029846e-02 4.360318928956985474e-02 3.592212498188018799e-02 1.994645409286022186e-02 1.386389881372451782e-02 3.438395634293556213e-02 1.494698971509933472e-02 4.276927560567855835e-02 8.882759138941764832e-03 2.857673540711402893e-02 6.872904952615499496e-03 4.426944069564342499e-03 1.587445586919784546e-01 1.920138448476791382e-01 2.376740239560604095e-02 2.829169388860464096e-04 2.923894673585891724e-02 3.101350180804729462e-02 2.610715664923191071e-02 1.332280132919549942e-02 1.136055914685130119e-03 2.349887974560260773e-02 3.760015219449996948e-02 5.837450735270977020e-03 3.408503532409667969e-02 3.631714964285492897e-03 3.839199244976043701e-02 1.729457080364227295e-02 2.979020029306411743e-02 2.247294224798679352e-02 1.899500004947185516e-02 1.039220951497554779e-02 3.988377284258604050e-03 1.055893953889608383e-02 4.707208834588527679e-03 1.426632981747388840e-02 8.063510060310363770e-03 3.175394982099533081e-02 4.169935826212167740e-03 1.021313946694135666e-02 2.799914777278900146e-02 2.219821559265255928e-03 3.538916353136301041e-04 1.913511008024215698e-02 1.048427447676658630e-02 2.332013100385665894e-02 2.403737977147102356e-02 1.539960317313671112e-02 3.465694561600685120e-02 2.102505788207054138e-02 3.646765276789665222e-02 4.384441766887903214e-03 3.895149752497673035e-02 2.624151296913623810e-02 7.847846136428415775e-04 3.726817667484283447e-02 1.343632489442825317e-02 4.903715476393699646e-02 3.757352754473686218e-02 4.336219653487205505e-02 1.021314319223165512e-02 4.448824003338813782e-02 2.384931407868862152e-02 1.359759643673896790e-02 4.514088854193687439e-02 3.509554266929626465e-02 3.334341198205947876e-02 2.040128409862518311e-02 4.217335954308509827e-03 1.016497705131769180e-02 2.086080797016620636e-02 1.087673753499984741e-02 1.534202601760625839e-04 2.545851655304431915e-02 3.913310170173645020e-02 3.853854164481163025e-02 9.237418882548809052e-03 2.692046575248241425e-02 1.807654649019241333e-02 1.479461137205362320e-02 7.730720099061727524e-03 6.427130103111267090e-02
2.177509851753711700e-02 2.145263366401195526e-03 2.172158062458038330e-01 2.888836152851581573e-02 6.918466649949550629e-03 2.275121770799160004e-02 2.842897549271583557e-03 5.240561366081237793e-01 7.518009841442108154e-02 9.214619174599647522e-03 3.097257018089294434e-02 3.567261993885040283e-02 4.665325954556465149e-02 4.503197595477104187e-02 1.019170954823493958e-01 1.628371886909008026e-02 2.841240726411342621e-02 3.807249292731285095e-02 2.859210968017578125e-02 2.749918587505817413e-02 2.038644999265670776e-02 6.636420637369155884e-02 2.346885576844215393e-02 3.947395086288452148e-02 2.204660139977931976e-02 2.039942704141139984e-02 1.085935160517692566e-03 2.500429982319474220e-03 3.948153927922248840e-02 1.730191893875598907e-02 4.204330965876579285e-02 4.564663767814636230e-02 3.369447542354464531e-03 2.769140899181365967e-02 1.700867526233196259e-02 5.675139836966991425e-03 2.458314411342144012e-02 3.189783776178956032e-03 2.203938178718090057e-02 4.175877943634986877e-02 1.804889924824237823e-02 2.707073837518692017e-02 1.282877754420042038e-03 7.162351906299591064e-02 7.555926684290170670e-03 1.910321786999702454e-02 2.933495305478572845e-02 7.795375771820545197e-03 4.651767760515213013e-02 4.903868585824966431e-02 2.152932574972510338e-03 5.297563504427671432e-03 5.400452390313148499e-02 2.467126352712512016e-03 2.852829406037926674e-03 3.230147063732147217e-02 7.608045707456767559e-04 2.149164304137229919e-02 1.768076233565807343e-02 2.547354809939861298e-02 3.096157312393188477e-02 5.151185020804405212e-02 2.617188729345798492e-02 3.373553603887557983e-02 2.379660680890083313e-02 4.237178340554237366e-02 3.344380110502243042e-02 2.185872942209243774e-02 2.451232168823480606e-03 2.042039483785629272e-02 4.123777616769075394e-03 4.450696986168622971e-03 3.888580575585365295e-02 3.300639614462852478e-02 2.378817275166511536e-02 2.277451008558273315e-02 4.606162756681442261e-02 3.348115459084510803e-02 5.174739658832550049e-02 2.234181622043251991e-03 1.640458256006240845e-01 1.969455778598785400e-01 5.287059117108583450e-03 3.892076201736927032e-03 3.574743494391441345e-02 2.561436407268047333e-02 8.462242782115936279e-02 6.931125372648239136e-02 3.416923806071281433e-02 2.595649845898151398e-02 4.299743473529815674e-02 1.782756298780441284e-02 4.077374190092086792e-02 4.681299999356269836e-02 4.871312994509935379e-03 2.421671152114868164e-02 1.945555023849010468e-02 3.731945902109146118e-02 4.002137109637260437e-02 1.065125036984682083e-02 4.459521546959877014e-02 3.269977122545242310e-02 2.064818702638149261e-02 4.970541596412658691e-02 2.872435376048088074e-02 4.600397869944572449e-02 2.814514748752117157e-02 2.911262214183807373e-02 4.464710596948862076e-03 2.658146806061267853e-02 2.707382105290889740e-02 4.409959167242050171e-02 9.938636794686317444e-03 1.781517826020717621e-02 1.679238677024841309e-02 7.726031821221113205e-03
1.842524670064449310e-02 9.609451517462730408e-03 9.910416789352893829e-03 2.541347034275531769e-02 2.996568009257316589e-02 1.500430330634117126e-02 2.333810366690158844e-02 7.518009841442108154e-02 5.161135792732238770e-01 3.514892235398292542e-02 1.227527204900979996e-02 5.084815993905067444e-02 1.778689399361610413e-02 9.794987738132476807e-03 4.144767671823501587e-02 3.687974065542221069e-02 3.347575291991233826e-02 8.301252871751785278e-02 4.932909458875656128e-02 5.196438636630773544e-03 4.958524554967880249e-02 4.171684384346008301e-02 4.616901278495788574e-02 5.243225023150444031e-03 2.803698740899562836e-02 1.124767493456602097e-02 3.684685751795768738e-02 1.255927258171141148e-03 4.446932300925254822e-02 2.843830734491348267e-02 2.318855933845043182e-02 1.247504539787769318e-02 3.100491128861904144e-02 2.370866015553474426e-02 5.644681304693222046e-02 1.350309979170560837e-02 4.763304255902767181e-03 3.001872263848781586e-02 1.642538793385028839e-02 3.016976406797766685e-03 2.429897338151931763e-02 7.501246780157089233e-02 1.251310482621192932e-02 5.683135823346674442e-04 4.836396500468254089e-02 9.973118081688880920e-03 3.052407875657081604e-02 3.248725831508636475e-02 2.737698145210742950e-02 1.017438154667615891e-02 2.066631615161895752e-02 1.884452812373638153e-02 1.126878615468740463e-02 4.380673542618751526e-02 9.960924088954925537e-02 1.874055340886116028e-02 1.620728150010108948e-02 4.476220905780792236e-02 4.650533199310302734e-02 1.431355439126491547e-02 1.096251141279935837e-02 4.829183965921401978e-02 5.584957450628280640e-02 3.287040069699287415e-02 4.744666442275047302e-02 5.022189021110534668e-02 2.163709886372089386e-02 2.288089133799076080e-02 5.380458384752273560e-02 4.609895497560501099e-02 1.101346872746944427e-02 2.712225355207920074e-02 6.274984031915664673e-02 2.487747929990291595e-02 2.428046613931655884e-02 1.561099942773580551e-02 1.464360505342483521e-01 2.851472236216068268e-02 9.876065701246261597e-02 4.563809558749198914e-02 8.686675690114498138e-03 1.270316448062658310e-02 5.676618218421936035e-02 3.867330774664878845e-02 2.805307134985923767e-02 1.112661138176918030e-02 5.939526483416557312e-03 1.833026483654975891e-02 3.177174925804138184e-02 3.031407017260789871e-03 3.257377445697784424e-02 4.444530978798866272e-02 5.375031381845474243e-03 3.330206125974655151e-02 2.696490613743662834e-03 3.567351261153817177e-03 1.508718449622392654e-02 9.716388583183288574e-02 9.398691356182098389e-02 2.540236525237560272e-02 2.333896793425083160e-02 4.897280037403106689e-02 1.465297583490610123e-02 2.052069827914237976e-02 4.700756445527076721e-02 9.770579636096954346e-03 3.148685023188591003e-02 9.500670246779918671e-03 4.374923929572105408e-02 2.580206468701362610e-02 1.123687718063592911e-02 4.740677308291196823e-03 4.057243000715970993e-03 1.247182395309209824e-02 2.103686705231666565e-02 3.438280895352363586e-02
1.710482314229011536e-02 2.354061231017112732e-02 3.931314498186111450e-02 4.286593571305274963e-02 5.347196385264396667e-02 2.849057503044605255e-02 3.078989684581756592e-02 9.214619174599647522e-03 3.514892235398292542e-02 5.235157608985900879e-01 2.133151702582836151e-02 4.257476329803466797e-02 3.567186370491981506e-02 1.871291175484657288e-02 2.141635306179523468e-02 5.024738609790802002e-02 1.398689858615398407e-02 1.087544765323400497e-02 7.010512053966522217e-02 4.766721278429031372e-03 1.233014836907386780e-02 3.998490050435066223e-02 7.565026171505451202e-03 5.146072804927825928e-02 2.067193761467933655e-02 8.135871961712837219e-03 1.228578574955463409e-02 5.241309478878974915e-02 2.721750177443027496e-02 4.188556224107742310e-02 2.859650179743766785e-02 1.809714548289775848e-02 2.725248225033283234e-02 2.877137251198291779e-02 6.901248823851346970e-03 5.307789519429206848e-02 2.169683016836643219e-02 1.539561245590448380e-02 2.864252962172031403e-02 4.366743564605712891e-02 4.143423214554786682e-02 6.823772564530372620e-03 1.348514202982187271e-02 2.231829799711704254e-02 3.135025128722190857e-02 3.023347258567810059e-02 4.576806724071502686e-02 1.956657320261001587e-02 3.047205694019794464e-02 1.072037126868963242e-02 3.842536732554435730e-02 4.241869226098060608e-02 1.108072791248559952e-02 6.432538852095603943e-03 4.284114018082618713e-02 1.541703566908836365e-02 6.082245614379644394e-03 3.203823417425155640e-02 7.822184823453426361e-03 1.368816010653972626e-04 5.935209617018699646e-02 1.349970325827598572e-02 5.975787993520498276e-03 1.424619741737842560e-02 2.263403730466961861e-03 4.634052515029907227e-02 6.176715251058340073e-03 1.645317487418651581e-02 5.619157850742340088e-02 9.729161113500595093e-02 1.145712449215352535e-03 3.261686861515045166e-02 5.450272932648658752e-02 5.991117283701896667e-02 4.242251440882682800e-02 3.562339022755622864e-02 4.561268538236618042e-02 1.603831797838211060e-01 2.077969536185264587e-02 1.582717597484588623e-01 3.870637342333793640e-02 6.872364785522222519e-03 4.061571508646011353e-02 5.723770335316658020e-02 2.201717346906661987e-02 2.640860341489315033e-02 4.037722013890743256e-03 4.570407047867774963e-02 2.113679237663745880e-02 6.873962469398975372e-03 5.814967211335897446e-03 4.329905286431312561e-02 1.564339920878410339e-02 4.700130596756935120e-02 2.289462834596633911e-02 3.803325816988945007e-03 2.883550338447093964e-02 7.215608377009630203e-03 2.663677558302879333e-02 3.894623741507530212e-02 1.649355143308639526e-02 9.455606341361999512e-03 1.699201017618179321e-02 1.090159546583890915e-02 4.580265283584594727e-02 4.552477970719337463e-02 7.723715621978044510e-03 3.415472805500030518e-02 4.321680404245853424e-03 2.830710262060165405e-02 2.409809082746505737e-02 6.273107137531042099e-03 1.868307217955589294e-02 5.290698632597923279e-02 3.648039326071739197e-02 4.381424281746149063e-03
1.451093405485153198e-01 1.232092380523681641e-01 3.809677809476852417e-02 6.834584753960371017e-03 2.529501914978027344e-02 1.488171964883804321e-01 1.140740290284156799e-01 3.097257018089294434e-02 1.227527204900979996e-02 2.133151702582836151e-02 5.383872985839843750e-01 6.062136497348546982e-03 1.417535394430160522e-01 7.193534984253346920e-04 2.398478984832763672e-02 4.040235653519630432e-02 3.345957398414611816e-02 2.341321855783462524e-02 6.908040028065443039e-03 4.454464837908744812e-02 1.050787512212991714e-02 1.860134303569793701e-02 2.126916870474815369e-02 3.824343904852867126e-02 2.524210605770349503e-03 1.104928832501173019e-02 2.299208566546440125e-02 2.622846979647874832e-03 9.190674871206283569e-03 3.389583900570869446e-03 4.446871113032102585e-03 2.093277871608734131e-02 7.522246334701776505e-03 4.987653344869613647e-03 1.001569256186485291e-02 9.716369211673736572e-03 1.920817978680133820e-02 3.721659630537033081e-02 3.943640273064374924e-03 4.128797352313995361e-02 4.666235297918319702e-02 4.486943036317825317e-02 3.167310729622840881e-02 9.891661815345287323e-03 5.449234321713447571e-02 3.760338202118873596e-02 8.845894783735275269e-02 1.001427099108695984e-01 2.081546001136302948e-02 1.943220756947994232e-02 4.729362204670906067e-02 1.628426276147365570e-02 2.507283352315425873e-03 1.657669804990291595e-02 6.886363029479980469e-03 1.425585895776748657e-02 1.099395006895065308e-02 2.358083613216876984e-02 2.144175209105014801e-02 4.653504583984613419e-03 1.706681028008460999e-02 2.825434785336256027e-03 2.978294156491756439e-02 2.428069151937961578e-02 5.297644436359405518e-02 4.634478688240051270e-02 2.455633692443370819e-02 3.681197122205048800e-04 3.660161420702934265e-02 1.074357423931360245e-02 3.494631126523017883e-02 1.816843822598457336e-02 2.866025827825069427e-02 7.676415145397186279e-03 2.956867031753063202e-02 1.491412613540887833e-02 3.541754931211471558e-02 1.611367985606193542e-02 1.127735245972871780e-03 2.704313211143016815e-02 2.984562329947948456e-02 1.389885786920785904e-02 3.355980291962623596e-02 2.966316789388656616e-02 4.030792787671089172e-02 1.487219054251909256e-02 1.940929144620895386e-02 1.735841110348701477e-02 4.019467905163764954e-02 2.051646634936332703e-02 2.435640618205070496e-02 3.256989642977714539e-02 3.275969251990318298e-02 2.711637504398822784e-02 1.287763123400509357e-03 2.438870025798678398e-03 5.492509342730045319e-03 9.700505994260311127e-03 1.668680645525455475e-02 3.399904444813728333e-02 3.885333240032196045e-02 1.633347757160663605e-02 2.617868408560752869e-02 2.248733490705490112e-02 2.186357975006103516e-02 8.608538657426834106e-03 1.488014403730630875e-02 2.250137366354465485e-02 3.023021668195724487e-02 3.385969251394271851e-02 4.097434878349304199e-02 5.533619783818721771e-03 3.761755302548408508e-02 3.087573219090700150e-03 4.000187665224075317e-02 1.371014863252639771e-02
8.790366351604461670e-03 3.738929750397801399e-03 7.188588846474885941e-03 3.424868732690811157e-02 5.501883849501609802e-02 4.498070478439331055e-02 4.554407671093940735e-02 3.567261993885040283e-02 5.084815993905067444e-02 4.257476329803466797e-02 6.062136497348546982e-03 5.249351263046264648e-01 1.460672076791524887e-02 1.164873763918876648e-01 2.082605846226215363e-02 2.281304635107517242e-02 5.682273209095001221e-02 1.162429712712764740e-02 2.506793849170207977e-02 1.844321563839912415e-02 6.996044423431158066e-03 2.859858050942420959e-02 4.078034684062004089e-02 3.441971167922019958e-02 7.865996100008487701e-03 1.048939954489469528e-02 4.032294079661369324e-02 9.999314695596694946e-02 1.105705276131629944e-02 6.879913806915283203e-02 9.505814872682094574e-03 6.682801991701126099e-03 1.454126741737127304e-02 2.123520523309707642e-02 9.810350835323333740e-03 3.659467026591300964e-02 2.319239638745784760e-02 8.962353691458702087e-03 5.247115343809127808e-02 2.458565682172775269e-02 4.678739979863166809e-02 8.028005249798297882e-03 1.688151620328426361e-02 1.163030322641134262e-02 4.523774143308401108e-03 4.640079662203788757e-02 1.544773951172828674e-02 1.372732594609260559e-02 4.642904677893966436e-04 1.848077401518821716e-02 1.551598031073808670e-02 6.842664442956447601e-03 2.266927249729633331e-02 3.867037594318389893e-02 4.013949632644653320e-02 7.335551083087921143e-03 1.180030498653650284e-02 1.669920235872268677e-02 1.479916926473379135e-02 3.838954493403434753e-02 5.210876092314720154e-02 1.463450305163860321e-02 3.216883912682533264e-02 5.371205136179924011e-02 3.426656126976013184e-02 7.296846713870763779e-03 1.704340428113937378e-02 1.670179702341556549e-02 2.800560789182782173e-03 7.938078604638576508e-03 4.008615389466285706e-02 3.227956593036651611e-02 1.820189878344535828e-02 1.703483238816261292e-02 1.172273978590965271e-02 1.370023470371961594e-02 2.937925979495048523e-02 1.351035200059413910e-02 4.862525034695863724e-03 2.245426923036575317e-02 1.954253390431404114e-02 1.839501596987247467e-02 8.451571688055992126e-03 5.653226282447576523e-03 1.590334624052047729e-02 3.527447581291198730e-03 4.987623915076255798e-02 1.908485963940620422e-02 9.192132949829101562e-02 3.141572326421737671e-02 2.731205336749553680e-02 1.929890736937522888e-02 1.506426464766263962e-02 9.949640370905399323e-04 1.998488232493400574e-02 2.572664804756641388e-02 2.666469477117061615e-02 4.675270244479179382e-02 1.219132333062589169e-03 1.893382705748081207e-02 2.381289936602115631e-02 2.587881125509738922e-02 2.220680192112922668e-02 1.308599207550287247e-02 2.973365783691406250e-02 2.351561002433300018e-02 2.264813892543315887e-02 4.064063355326652527e-02 3.731759637594223022e-02 1.994048990309238434e-02 3.682479634881019592e-02 2.952437475323677063e-02 4.280308785382658243e-04 2.844894304871559143e-02 1.006351597607135773e-02 2.052823267877101898e-02
1.213577538728713989e-01 1.423672884702682495e-01 3.863883018493652344e-02 3.790201246738433838e-02 3.490280359983444214e-02 1.147668510675430298e-01 9.946132451295852661e-02 4.665325954556465149e-02 1.778689399361610413e-02 3.567186370491981506e-02 1.417535394430160522e-01 1.460672076791524887e-02 5.375662446022033691e-01 1.037462335079908371e-02 3.401513025164604187e-02 3.713447973132133484e-02 3.252422437071800232e-02 1.845037005841732025e-02 3.906507045030593872e-02 4.496059566736221313e-02 5.479488521814346313e-03 4.543217271566390991e-02 2.098456583917140961e-02 3.667750954627990723e-02 2.002645051106810570e-03 7.170677650719881058e-03 3.657750040292739868e-02 6.449844688177108765e-03 1.688066986389458179e-03 2.289874292910099030e-02 1.146617461927235126e-03 1.991722919046878815e-02 1.104625873267650604e-02 3.322427161037921906e-03 8.407764136791229248e-03 1.175275165587663651e-02 1.445510983467102051e-02 2.726141735911369324e-02 2.607828378677368164e-02 3.707182034850120544e-02 4.572397470474243164e-02 2.479580417275428772e-02 1.537199690937995911e-02 1.503194030374288559e-02 1.445526070892810822e-02 1.322110183537006378e-02 5.959136411547660828e-02 9.152644872665405273e-02 1.536411046981811523e-02 2.510376647114753723e-02 1.910020411014556885e-02 3.815332055091857910e-02 8.944381028413772583e-03 9.116638451814651489e-03 6.748234853148460388e-03 2.036634832620620728e-02 1.875831186771392822e-02 8.900880813598632812e-03 7.090975064784288406e-03 4.679045826196670532e-02 2.666798047721385956e-02 1.619474031031131744e-02 2.642164751887321472e-02 1.416120398789644241e-02 4.683629795908927917e-02 7.130921632051467896e-02 2.563326433300971985e-02 1.006615720689296722e-02 3.213137388229370117e-02 3.719950839877128601e-02 2.752990834414958954e-02 3.027230314910411835e-02 4.140650108456611633e-02 4.493423923850059509e-02 4.919177293777465820e-02 2.168736793100833893e-02 2.269300073385238647e-02 1.284849178045988083e-02 9.997715242207050323e-03 3.475315868854522705e-02 3.122467361390590668e-02 7.232342381030321121e-03 3.624321147799491882e-02 2.402314729988574982e-02 4.211534932255744934e-02 2.450328134000301361e-02 3.279325366020202637e-02 4.934407398104667664e-02 1.385597791522741318e-02 1.641972805373370647e-03 3.397573903203010559e-02 2.749010547995567322e-02 5.498816445469856262e-02 4.820250347256660461e-02 1.038040779531002045e-02 1.223552692681550980e-02 2.716870745643973351e-03 2.106029354035854340e-02 2.296367287635803223e-02 2.162645384669303894e-02 2.316307090222835541e-02 2.576200524345040321e-03 1.678057387471199036e-02 3.870509937405586243e-02 4.297618940472602844e-02 1.343922037631273270e-02 7.820929749868810177e-04 2.653619460761547089e-02 8.763987571001052856e-03 1.675329357385635376e-02 3.490935638546943665e-02 4.108357429504394531e-02 3.780614957213401794e-02 2.597750350832939148e-02 6.897731684148311615e-03 1.475581247359514236e-02
