5.530392527580261230e-01 1.147694215178489685e-01 3.794216364622116089e-02 4.524829611182212830e-02 6.153310835361480713e-02 4.761833697557449341e-02 9.398689493536949158e-03 1.337492279708385468e-02 1.159495953470468521e-02 3.586347028613090515e-02 7.294440269470214844e-02 1.213924866169691086e-02 3.502716496586799622e-02 6.762032210826873779e-02 7.127504795789718628e-04 6.831008009612560272e-03 9.072912856936454773e-03 6.742742843925952911e-03 4.948634654283523560e-03 8.675361983478069305e-03 1.934446045197546482e-04 1.782372593879699707e-02 4.299893230199813843e-02 2.442814223468303680e-02 1.376479119062423706e-02 3.166809305548667908e-02 3.388511016964912415e-03 3.287278860807418823e-02 8.394639007747173309e-03 1.033358555287122726e-02 3.677336033433675766e-03 2.751282649114727974e-03 3.964414447546005249e-02 4.150252044200897217e-02 1.626613922417163849e-02 3.337445482611656189e-02 9.829775663092732430e-04 1.393154170364141464e-02 4.795146360993385315e-02 3.205488622188568115e-02 5.424680933356285095e-02 3.943071886897087097e-02 2.305036969482898712e-02 1.415002997964620590e-02 1.904230006039142609e-02 2.867477200925350189e-02 2.238710038363933563e-02 1.476170029491186142e-02 4.846391826868057251e-02 2.088928129523992538e-03 1.940678246319293976e-02 3.255726397037506104e-02 1.407393161207437515e-02 9.748423472046852112e-03 5.900254845619201660e-02 4.373534116894006729e-03 2.041806280612945557e-02 5.288920179009437561e-02 1.877388567663729191e-03 1.023773942142724991e-02 1.899556815624237061e-02 7.501964457333087921e-03 3.166897222399711609e-02 2.694610320031642914e-02 1.694007404148578644e-02 9.173509664833545685e-03 2.403481397777795792e-03 1.152441650629043579e-02 2.770071476697921753e-02 1.407725922763347626e-02 3.675127401947975159e-02 3.311737999320030212e-02 2.505960874259471893e-02 2.444341219961643219e-02 1.364068826660513878e-03 3.243964537978172302e-02 2.044512890279293060e-03 4.261422529816627502e-02 3.492302959784865379e-03 4.410897847265005112e-03 1.914837211370468140e-02 2.012987807393074036e-02 2.421324141323566437e-02 2.662841603159904480e-02 3.511854913085699081e-03 5.177832767367362976e-02 2.440316416323184967e-02 1.203773543238639832e-02 4.017834365367889404e-02 3.093556128442287445e-02 6.695625837892293930e-03 1.467446982860565186e-02 2.057694084942340851e-02 1.303530577570199966e-02 3.820874541997909546e-02 2.421755343675613403e-02 2.192598581314086914e-02 3.819151083007454872e-03 1.876281946897506714e-02 2.740714885294437408e-02 2.386696636676788330e-02 5.153381824493408203e-02 1.544422563165426254e-02 2.013882435858249664e-02 6.283382885158061981e-03 1.130303740501403809e-02 4.555633664131164551e-02 1.527581643313169479e-02 3.970717638731002808e-02 1.157322432845830917e-02 1.509784068912267685e-02 3.191995620727539062e-02 1.516722701489925385e-02 2.849679067730903625e-02 1.763827912509441376e-02 3.402029688004404306e-04
1.147694215178489685e-01 5.510734915733337402e-01 4.055170714855194092e-02 4.695095866918563843e-02 5.706074088811874390e-02 5.793429166078567505e-02 2.618024311959743500e-02 4.354481352493166924e-04 2.279005758464336395e-02 1.851020753383636475e-02 6.139490380883216858e-02 3.281163424253463745e-02 5.525111034512519836e-02 2.636949159204959869e-02 4.267421085387468338e-03 1.727141067385673523e-02 1.058147288858890533e-02 1.014716178178787231e-02 5.931335967034101486e-03 2.458504214882850647e-02 3.685193951241672039e-04 3.370159538462758064e-03 2.858221158385276794e-02 3.597335889935493469e-02 1.666710898280143738e-02 5.634281411767005920e-02 1.283262949436903000e-02 2.572443149983882904e-02 3.832530928775668144e-03 1.136370189487934113e-02 2.663841005414724350e-03 1.922353520058095455e-03 2.593568339943885803e-02 4.713286459445953369e-02 3.271849593147635460e-03 1.678500883281230927e-02 6.621401757001876831e-03 5.016003269702196121e-03 4.212443530559539795e-02 4.905788227915763855e-02 4.371086135506629944e-02 3.888890147209167480e-02 8.978821337223052979e-03 1.693466864526271820e-02 1.388566382229328156e-02 1.529899053275585175e-02 1.724039763212203979e-02 5.071320338174700737e-04 4.269588366150856018e-02 4.695031791925430298e-03 1.550703216344118118e-02 2.103366144001483917e-02 2.523580566048622131e-02 1.684478111565113068e-02 5.414623394608497620e-02 1.678447425365447998e-02 3.137600142508745193e-03 2.579467929899692535e-02 6.128442008048295975e-03 2.825066074728965759e-02 1.925733126699924469e-02 1.317037385888397694e-03 3.517862409353256226e-02 4.013217054307460785e-03 8.674610406160354614e-03 6.800477392971515656e-03 1.226238533854484558e-02 2.402214333415031433e-02 1.098723057657480240e-02 2.886061929166316986e-02 4.219911620020866394e-02 3.767246380448341370e-02 3.239258751273155212e-02 3.550344333052635193e-02 2.075340785086154938e-02 4.506291076540946960e-02 9.914655238389968872e-03 1.957101002335548401e-02 3.020758507773280144e-03 2.108303597196936607e-03 8.763013407588005066e-03 2.486797794699668884e-02 1.335139665752649307e-02 1.872607134282588959e-02 1.153974886983633041e-02 4.449692368507385254e-02 1.805109530687332153e-02 1.165151316672563553e-02 3.716427087783813477e-02 4.424614086747169495e-02 6.215369794517755508e-03 6.391843780875205994e-03 5.483244080096483231e-03 1.934317499399185181e-02 4.305155202746391296e-02 2.581874467432498932e-02 1.684211380779743195e-02 3.223766759037971497e-02 3.067745827138423920e-02 1.201268751174211502e-02 3.092590533196926117e-02 3.646695241332054138e-02 1.012966968119144440e-02 4.239377006888389587e-02 1.496101450175046921e-02 1.506008859723806381e-02 3.016670979559421539e-02 1.673648320138454437e-02 1.174779701977968216e-02 1.299251802265644073e-02 3.837389405816793442e-03 4.281663894653320312e-02 4.623721819370985031e-03 1.941058039665222168e-02 8.572702296078205109e-03 2.179989314754493535e-05
3.794216364622116089e-02 4.055170714855194092e-02 5.172196626663208008e-01 2.493280544877052307e-02 3.573188930749893188e-02 3.080912400037050247e-03 6.502417474985122681e-02 1.030812710523605347e-01 3.927496727555990219e-03 5.438266322016716003e-03 5.927240010350942612e-03 2.433678321540355682e-02 3.029058501124382019e-02 2.627867273986339569e-02 1.353863906115293503e-02 3.016888909041881561e-02 9.129708632826805115e-03 1.898526097647845745e-03 1.738281548023223877e-02 1.463607070036232471e-03 2.539368811994791031e-03 1.059130486100912094e-02 1.436860417015850544e-03 1.949431374669075012e-02 7.780947722494602203e-03 3.540597110986709595e-02 3.670483827590942383e-02 3.691791323944926262e-03 3.375493735074996948e-02 2.611077763140201569e-02 1.694664731621742249e-02 6.785305449739098549e-04 3.990617394447326660e-02 1.096741110086441040e-02 3.931228443980216980e-02 4.317838326096534729e-02 2.575620077550411224e-02 1.259919954463839531e-03 1.571271196007728577e-02 2.578470739535987377e-04 2.562122605741024017e-02 3.742704540491104126e-02 4.823470115661621094e-02 5.924817547202110291e-02 2.229742333292961121e-02 1.734801754355430603e-02 6.278033554553985596e-02 4.133609309792518616e-02 4.037776961922645569e-02 2.116608992218971252e-02 2.706999517977237701e-02 3.988280147314071655e-02 3.776112943887710571e-02 5.507780984044075012e-02 1.714912988245487213e-02 2.315010316669940948e-02 3.479065373539924622e-02 1.111968047916889191e-02 7.111814338713884354e-03 1.261984556913375854e-02 2.773428522050380707e-02 4.059242829680442810e-02 7.255292031913995743e-03 2.196128480136394501e-02 2.717368490993976593e-02 7.145604118704795837e-03 1.157821994274854660e-02 2.699915319681167603e-02 4.311508033424615860e-03 3.589889779686927795e-02 1.599880307912826538e-02 2.805622480809688568e-02 3.117737546563148499e-02 4.168462380766868591e-02 1.645579002797603607e-03 2.983751008287072182e-03 2.997020632028579712e-02 1.796448789536952972e-02 3.997570648789405823e-02 2.713824436068534851e-02 8.307115733623504639e-02 1.838515326380729675e-02 4.214501008391380310e-02 1.464323047548532486e-02 4.664698615670204163e-02 4.229847714304924011e-02 3.019146062433719635e-02 4.910077154636383057e-02 3.483257815241813660e-02 1.610545557923614979e-03 6.525737699121236801e-03 1.626116782426834106e-02 2.902980707585811615e-02 2.136570401489734650e-02 1.638799160718917847e-02 3.326563164591789246e-02 3.604836761951446533e-02 1.421296130865812302e-02 4.205376654863357544e-02 4.712104052305221558e-02 1.523273158818483353e-02 1.077986508607864380e-02 2.212919294834136963e-02 1.189919747412204742e-02 3.785419091582298279e-02 8.354955352842807770e-04 6.276024878025054932e-02 1.783766970038414001e-02 5.506945773959159851e-02 3.393469005823135376e-02 1.101216487586498260e-02 2.376854978501796722e-02 2.056892029941082001e-03 2.624900266528129578e-02 2.004857920110225677e-02 2.955260919407010078e-03
4.524829611182212830e-02 4.695095866918563843e-02 2.493280544877052307e-02 5.452021360397338867e-01 1.667007952928543091e-01 2.083904296159744263e-02 6.622758693993091583e-03 3.554439917206764221e-02 1.930405572056770325e-02 3.402951732277870178e-02 3.462006524205207825e-02 3.955943882465362549e-02 1.965169422328472137e-02 2.685063518583774567e-04 3.110677003860473633e-02 5.754552036523818970e-02 6.320556998252868652e-02 6.687416881322860718e-02 4.414278641343116760e-02 2.368109708186239004e-04 3.694856911897659302e-02 4.401259124279022217e-02 3.664997592568397522e-02 9.545935317873954773e-03 3.161343187093734741e-02 1.023224182426929474e-02 4.272701218724250793e-02 1.044399011880159378e-02 1.896461821161210537e-03 3.373846411705017090e-02 1.012556441128253937e-02 9.115051478147506714e-03 1.878970302641391754e-02 2.923695743083953857e-02 3.714425116777420044e-02 1.839846000075340271e-02 2.219275385141372681e-02 3.521745651960372925e-02 9.095333516597747803e-02 3.779050707817077637e-02 1.906088180840015411e-02 3.069370752200484276e-03 2.487759850919246674e-02 6.199432164430618286e-02 2.578796446323394775e-02 2.403355576097965240e-02 2.070057019591331482e-02 2.577557973563671112e-02 1.712953299283981323e-02 1.371154375374317169e-02 4.409128800034523010e-03 4.662933934014290571e-04 2.413917519152164459e-02 4.068150371313095093e-02 1.532513741403818130e-02 3.061032854020595551e-02 2.612288296222686768e-02 2.679367177188396454e-02 2.199304662644863129e-02 4.392846312839537859e-04 6.266036629676818848e-02 1.128152664750814438e-02 8.070906996726989746e-02 4.252788051962852478e-02 3.716322244144976139e-04 1.995207369327545166e-02 2.775245113298296928e-03 4.043826833367347717e-02 6.034211069345474243e-02 2.971957996487617493e-02 3.701722249388694763e-02 2.446214854717254639e-02 1.421630829572677612e-01 1.237715221941471100e-02 1.217963322997093201e-01 3.859138861298561096e-02 2.514266595244407654e-02 3.932694718241691589e-02 1.650033518671989441e-02 1.366431009955704212e-03 1.935120671987533569e-02 1.592329703271389008e-02 1.126566231250762939e-01 5.015516653656959534e-02 3.569908067584037781e-02 2.282854542136192322e-02 3.119419887661933899e-02 2.735413052141666412e-02 2.097495086491107941e-02 2.243415266275405884e-02 4.045000672340393066e-02 3.494386374950408936e-02 2.653572708368301392e-02 1.359475497156381607e-02 1.061150711029767990e-02 3.421879932284355164e-02 7.398537360131740570e-03 3.634890308603644371e-03 2.904581651091575623e-02 3.578080609440803528e-02 3.992636874318122864e-02 4.362161271274089813e-03 3.744729235768318176e-02 3.540005907416343689e-02 1.905546151101589203e-02 1.994061283767223358e-03 3.625023737549781799e-02 3.483941778540611267e-02 2.241930365562438965e-02 3.088256902992725372e-02 1.759257726371288300e-02 1.152177806943655014e-02 6.198012735694646835e-03 7.140072062611579895e-03 4.077262431383132935e-02 4.346188530325889587e-02
6.153310835361480713e-02 5.706074088811874390e-02 3.573188930749893188e-02 1.667007952928543091e-01 5.273097157478332520e-01 1.132210530340671539e-02 3.065407089889049530e-02 1.223374810069799423e-02 4.226268734782934189e-03 2.249127626419067383e-02 3.264080500230193138e-03 6.296983920037746429e-03 3.360314667224884033e-02 3.744572028517723083e-02 1.383563783019781113e-02 1.298950314521789551e-01 8.299477398395538330e-02 1.341816503554582596e-02 2.501353621482849121e-03 3.742295131087303162e-02 4.276563972234725952e-02 2.527930587530136108e-02 1.409806031733751297e-02 2.636236697435379028e-02 2.020736597478389740e-02 1.853191480040550232e-02 1.967335306107997894e-02 2.942538447678089142e-02 2.836670540273189545e-02 2.131040394306182861e-02 2.944977208971977234e-02 3.050681389868259430e-02 7.137917447835206985e-03 3.977125138044357300e-02 1.092596910893917084e-02 1.425958517938852310e-02 2.817280404269695282e-02 1.109739020466804504e-02 7.395043969154357910e-02 2.254381477832794189e-01 4.290366917848587036e-02 2.347274869680404663e-02 3.733693063259124756e-02 1.987664145417511463e-04 2.933180425316095352e-03 4.687168449163436890e-02 2.443491108715534210e-02 1.689253561198711395e-02 1.184955239295959473e-02 3.199881874024868011e-03 3.752787038683891296e-02 6.941911298781633377e-03 3.300798311829566956e-02 3.960366826504468918e-03 3.746582195162773132e-02 2.628409303724765778e-02 1.291553396731615067e-02 3.258736431598663330e-02 2.429581806063652039e-02 2.832064405083656311e-02 4.441737011075019836e-02 4.406668990850448608e-02 4.582016170024871826e-02 4.642304033041000366e-03 2.843755856156349182e-02 2.855717390775680542e-02 2.083839662373065948e-02 7.281197234988212585e-03 4.249039664864540100e-02 3.130651265382766724e-02 3.575609251856803894e-02 1.344388816505670547e-02 1.041910126805305481e-01 2.837209217250347137e-02 7.995773851871490479e-02 3.001914545893669128e-02 1.533279381692409515e-02 5.968715995550155640e-03 3.224349394440650940e-02 1.961103267967700958e-02 3.228375921025872231e-03 2.186566777527332306e-02 1.943329721689224243e-02 2.205991186201572418e-02 2.711175009608268738e-02 2.147137001156806946e-02 1.892838813364505768e-02 3.619052842259407043e-02 1.256978232413530350e-02 1.620408520102500916e-02 2.875675074756145477e-02 2.627168223261833191e-02 5.167603958398103714e-03 2.494487911462783813e-02 1.807110384106636047e-02 1.368118077516555786e-02 2.899161912500858307e-02 2.782254107296466827e-02 1.781730726361274719e-02 1.117450371384620667e-02 1.800941489636898041e-02 4.340640455484390259e-02 1.584542728960514069e-02 1.653362810611724854e-02 1.595178060233592987e-02 3.520737588405609131e-02 4.873975366353988647e-02 1.269982382655143738e-02 1.460837852209806442e-02 1.853638514876365662e-02 1.978067867457866669e-02 1.668920367956161499e-02 3.022592142224311829e-02 3.186065703630447388e-03 2.916176617145538330e-02 6.634767167270183563e-03
4.761833697557449341e-02 5.793429166078567505e-02 3.080912400037050247e-03 2.083904296159744263e-02 1.132210530340671539e-02 5.442212820053100586e-01 1.483760327100753784e-01 1.260841544717550278e-02 3.703958122059702873e-03 3.218193352222442627e-02 6.321845203638076782e-02 4.624166339635848999e-02 3.410955145955085754e-02 3.893844410777091980e-02 1.740622916258871555e-03 4.110318422317504883e-02 2.714040689170360565e-02 3.044123016297817230e-02 3.012999705970287323e-02 1.518065761774778366e-02 1.973119378089904785e-02 1.180037297308444977e-02 1.597796753048896790e-02 3.445558995008468628e-02 1.281796768307685852e-02 2.845968306064605713e-02 3.644617681857198477e-04 3.900938667356967926e-03 2.139158546924591064e-02 2.491382509469985962e-02 3.258351981639862061e-02 7.906040176749229431e-03 8.502993732690811157e-03 2.779321977868676186e-03 8.070166222751140594e-03 5.382831394672393799e-02 4.783793166279792786e-02 8.630321361124515533e-03 3.017366863787174225e-02 2.979931607842445374e-02 3.530572727322578430e-02 1.812420226633548737e-02 5.385819356888532639e-03 4.016968607902526855e-02 3.468650579452514648e-02 5.656516179442405701e-02 1.170623600482940674e-01 5.145454034209251404e-02 1.290838886052370071e-02 2.530354075133800507e-02 8.653731085360050201e-03 1.042290590703487396e-03 1.274278503842651844e-03 1.171293016523122787e-02 2.189384028315544128e-02 3.249353170394897461e-02 1.160314306616783142e-02 1.711248420178890228e-02 2.187700383365154266e-02 4.492752254009246826e-02 4.717941582202911377e-02 3.858057409524917603e-02 3.092918172478675842e-02 1.704832725226879120e-02 7.352232001721858978e-03 3.415218368172645569e-02 1.910283230245113373e-02 1.166774984449148178e-02 3.911441657692193985e-03 3.563111647963523865e-02 1.637226529419422150e-02 2.239697054028511047e-02 1.002590265125036240e-02 1.900834217667579651e-02 3.388831764459609985e-02 2.120420895516872406e-02 1.548932120203971863e-02 2.974443510174751282e-02 2.668242529034614563e-02 2.396398037672042847e-02 1.507982052862644196e-02 1.460643298923969269e-02 4.421433806419372559e-02 3.707427531480789185e-02 6.217473652213811874e-03 3.334584087133407593e-02 1.293928176164627075e-02 1.128232688643038273e-03 3.644471988081932068e-02 7.063740491867065430e-02 6.987344939261674881e-03 9.607556276023387909e-03 1.025295816361904144e-02 9.965645149350166321e-03 1.766015402972698212e-02 2.545152604579925537e-02 1.084432657808065414e-02 1.681070402264595032e-02 1.188215333968400955e-02 6.628872826695442200e-03 1.528468565084040165e-03 8.475085720419883728e-03 7.994461804628372192e-03 3.656855970621109009e-02 3.862975537776947021e-02 2.414011582732200623e-02 4.813505802303552628e-03 2.686841413378715515e-02 4.196632280945777893e-02 4.200276359915733337e-02 2.181513980031013489e-02 1.439669635146856308e-02 5.712211132049560547e-03 2.991933003067970276e-02 4.433030262589454651e-02 3.274473920464515686e-02
9.398689493536949158e-03 2.618024311959743500e-02 6.502417474985122681e-02 6.622758693993091583e-03 3.065407089889049530e-02 1.483760327100753784e-01 5.411128401756286621e-01 4.435124341398477554e-03 6.143360864371061325e-03 3.359452635049819946e-02 3.908962383866310120e-02 3.561978787183761597e-02 1.542160194367170334e-02 4.974624607712030411e-03 2.080516889691352844e-03 3.128351643681526184e-02 3.558670729398727417e-02 2.797174267470836639e-02 2.508183941245079041e-02 1.459367386996746063e-02 1.503858249634504318e-02 2.236504852771759033e-02 1.041563134640455246e-02 7.769454270601272583e-03 1.394738629460334778e-02 4.254307597875595093e-02 8.834647014737129211e-03 3.573648259043693542e-02 2.223799377679824829e-02 2.143630757927894592e-02 3.034557029604911804e-02 3.465479984879493713e-02 2.883106470108032227e-02 2.602706197649240494e-03 1.753841934259980917e-05 2.261779271066188812e-02 3.797214105725288391e-02 4.606217611581087112e-03 3.900755662471055984e-03 3.199084475636482239e-02 4.505366086959838867e-02 1.469548325985670090e-02 1.130827702581882477e-02 2.348229475319385529e-02 9.576692245900630951e-03 3.124661557376384735e-02 1.167191788554191589e-01 9.110724925994873047e-02 1.395497284829616547e-02 2.745200693607330322e-02 8.399555459618568420e-03 6.184601690620183945e-03 5.579924676567316055e-03 1.982117071747779846e-02 1.463054772466421127e-02 1.583659090101718903e-02 4.768765065819025040e-03 7.025243248790502548e-03 1.162747945636510849e-02 2.600257098674774170e-02 4.184886813163757324e-02 2.980629168450832367e-02 2.286404743790626526e-02 9.135799482464790344e-03 1.838815771043300629e-02 2.427740395069122314e-02 2.984389849007129669e-02 3.499218029901385307e-03 1.854874752461910248e-02 2.345557510852813721e-02 2.288036420941352844e-02 1.268843933939933777e-02 2.279118821024894714e-02 2.196915261447429657e-02 3.820833563804626465e-02 2.538990974426269531e-02 3.166525810956954956e-02 2.759240753948688507e-02 7.927687838673591614e-03 3.949343413114547729e-02 4.762050521094352007e-04 3.667707368731498718e-02 4.833862558007240295e-02 1.530995219945907593e-02 8.794458582997322083e-03 1.297487039119005203e-02 1.121667958796024323e-02 1.078025158494710922e-02 4.812852665781974792e-02 5.523337423801422119e-02 1.617907732725143433e-02 6.277259904891252518e-03 8.203743025660514832e-03 1.369816716760396957e-03 3.942340984940528870e-02 3.756295517086982727e-02 2.344748005270957947e-02 1.412614248692989349e-02 3.701569978147745132e-03 1.530264317989349365e-02 7.200697902590036392e-03 1.594339683651924133e-02 1.324755791574716568e-02 2.147946320474147797e-02 1.308398786932229996e-02 3.489618375897407532e-02 4.936030600219964981e-03 1.879210583865642548e-02 2.401792630553245544e-02 3.191967308521270752e-02 4.109398275613784790e-02 1.681406609714031219e-02 4.670534748584032059e-03 1.609676331281661987e-02 4.679508879780769348e-02 2.411030046641826630e-02
1.337492279708385468e-02 4.354481352493166924e-04 1.030812710523605347e-01 3.554439917206764221e-02 1.223374810069799423e-02 1.260841544717550278e-02 4.435124341398477554e-03 5.421165227890014648e-01 2.347898902371525764e-03 1.842855126596987247e-03 1.720779947936534882e-02 4.478499293327331543e-02 1.911906059831380844e-03 3.900181874632835388e-02 5.146067216992378235e-02 3.127356246113777161e-02 4.159549251198768616e-02 1.504509244114160538e-02 1.611934741958975792e-03 7.739639841020107269e-03 6.274245097301900387e-04 3.546660009305924177e-04 8.654703386127948761e-03 8.626569993793964386e-03 6.038238294422626495e-03 4.867560043931007385e-02 1.653629005886614323e-03 4.518717527389526367e-02 1.252927910536527634e-02 8.410274051129817963e-03 4.696215037256479263e-03 1.101818215101957321e-02 8.135230280458927155e-03 1.779494108632206917e-03 5.237153265625238419e-03 1.349535584449768066e-02 6.325738504528999329e-03 1.484365668147802353e-02 1.502774562686681747e-02 1.705971732735633850e-02 1.889045722782611847e-02 1.485728099942207336e-02 9.550455026328563690e-03 6.983635015785694122e-03 1.710336096584796906e-02 5.189265124499797821e-03 2.205337397754192352e-02 9.511196985840797424e-03 7.491222117096185684e-03 4.432353749871253967e-02 3.239174932241439819e-02 3.053754195570945740e-02 5.348890647292137146e-02 6.781560182571411133e-02 9.812656790018081665e-03 3.424567729234695435e-02 2.009709365665912628e-02 4.506268724799156189e-02 5.871890857815742493e-02 2.386605553328990936e-02 1.231272239238023758e-02 5.421156529337167740e-03 1.148151233792304993e-02 4.365975409746170044e-02 3.573349863290786743e-02 4.647778812795877457e-03 6.212259642779827118e-03 4.915427416563034058e-03 1.202364452183246613e-02 1.050369068980216980e-02 7.136706728488206863e-03 3.653322532773017883e-02 1.057574059814214706e-02 9.260446764528751373e-03 1.792845502495765686e-02 1.651796139776706696e-02 2.365171536803245544e-02 1.648203842341899872e-02 5.305291153490543365e-03 2.690486982464790344e-02 1.015156656503677368e-01 4.457406699657440186e-02 4.227330535650253296e-02 9.032140485942363739e-03 1.794384047389030457e-02 3.054138459265232086e-02 5.753780528903007507e-02 4.000094905495643616e-02 3.119311295449733734e-02 4.392981156706809998e-02 1.282875891774892807e-02 1.139440853148698807e-02 2.109796041622757912e-03 1.803566352464258671e-03 1.446012128144502640e-02 3.630174323916435242e-02 5.744037116528488696e-05 4.181710537523031235e-03 2.553730085492134094e-02 3.365806862711906433e-02 4.100573435425758362e-02 4.514047876000404358e-02 1.203857455402612686e-02 9.038568474352359772e-03 2.299906685948371887e-02 1.991982944309711456e-02 1.611916959518566728e-04 6.144240964204072952e-03 3.835582733154296875e-02 1.050840504467487335e-02 2.398464828729629517e-02 1.464456971734762192e-02 1.641866751015186310e-02 7.558169774711132050e-03 8.336256141774356365e-04 1.001327857375144958e-02
1.159495953470468521e-02 2.279005758464336395e-02 3.927496727555990219e-03 1.930405572056770325e-02 4.226268734782934189e-03 3.703958122059702873e-03 6.143360864371061325e-03 2.347898902371525764e-03 5.562028288841247559e-01 7.847668230533599854e-02 1.716320589184761047e-02 2.920586057007312775e-02 1.195444632321596146e-02 2.106649801135063171e-02 4.252836108207702637e-02 3.961798921227455139e-02 4.458688944578170776e-02 7.977251708507537842e-02 2.883616648614406586e-02 4.567677155137062073e-02 1.758543588221073151e-02 9.509515948593616486e-03 1.423686277121305466e-02 8.381760679185390472e-03 4.255933687090873718e-02 1.473868545144796371e-02 8.428717963397502899e-03 2.867721207439899445e-02 3.918245434761047363e-02 1.233763713389635086e-02 2.623883634805679321e-02 2.522138692438602448e-02 2.763839252293109894e-02 4.894420877099037170e-02 2.569138072431087494e-02 1.694003120064735413e-02 3.039165213704109192e-02 4.077994078397750854e-02 2.364982664585113525e-02 1.755793020129203796e-02 1.008092891424894333e-03 7.448281347751617432e-02 8.428823202848434448e-03 1.924839615821838379e-02 1.099553983658552170e-02 4.121409729123115540e-02 1.499998848885297775e-02 1.772577315568923950e-02 6.402671337127685547e-02 1.966131851077079773e-02 8.997562341392040253e-03 7.330871187150478363e-03 3.954789787530899048e-02 4.284443799406290054e-03 8.147726953029632568e-02 1.458347868174314499e-02 5.433378741145133972e-02 1.906307414174079895e-02 3.834848850965499878e-02 1.501716952770948410e-02 1.085700746625661850e-02 8.273769635707139969e-04 5.102591216564178467e-02 2.353203482925891876e-02 2.490109577775001526e-02 3.750925883650779724e-02 3.832421824336051941e-02 4.097720608115196228e-02 3.219833597540855408e-02 5.523507948964834213e-03 6.913296412676572800e-03 2.934269234538078308e-02 1.739641837775707245e-02 8.427026681602001190e-03 2.242213860154151917e-02 4.372921958565711975e-02 1.270802170038223267e-01 7.483836263418197632e-02 6.604648381471633911e-02 7.992039434611797333e-03 1.745901256799697876e-02 1.185080222785472870e-02 3.813364356756210327e-02 4.769681021571159363e-02 2.936604619026184082e-02 3.877754509449005127e-02 2.922189049422740936e-02 3.145833313465118408e-02 7.054330408573150635e-02 1.007838640362024307e-02 1.191388536244630814e-02 2.358893305063247681e-02 3.305099532008171082e-02 6.033762358129024506e-03 5.653154803439974785e-04 6.181662902235984802e-03 4.669633880257606506e-02 1.146792128565721214e-04 2.088818512856960297e-02 5.030876956880092621e-03 5.315396934747695923e-02 2.171207964420318604e-02 2.128772623836994171e-02 1.931039430201053619e-02 3.923707827925682068e-02 2.618345804512500763e-02 4.638493061065673828e-02 3.932159021496772766e-02 4.171094857156276703e-03 8.063647896051406860e-03 1.618416607379913330e-02 3.986369073390960693e-02 5.021941848099231720e-03 3.153548017144203186e-02 1.517641358077526093e-03 1.073235645890235901e-02
3.586347028613090515e-02 1.851020753383636475e-02 5.438266322016716003e-03 3.402951732277870178e-02 2.249127626419067383e-02 3.218193352222442627e-02 3.359452635049819946e-02 1.842855126596987247e-03 7.847668230533599854e-02 5.429367423057556152e-01 2.780548855662345886e-02 5.961068090982735157e-04 1.900055259466171265e-02 1.625218801200389862e-02 2.004074677824974060e-02 3.137502074241638184e-02 4.254239797592163086e-02 2.316624857485294342e-02 7.573813945055007935e-02 3.209073469042778015e-02 1.715854741632938385e-02 7.325201295316219330e-04 1.663589291274547577e-02 3.825403004884719849e-02 6.878250744193792343e-03 1.430641300976276398e-02 2.423366159200668335e-02 1.802397333085536957e-02 1.006257720291614532e-02 6.204703822731971741e-03 3.190233558416366577e-02 9.916952811181545258e-03 3.886840492486953735e-02 1.727037131786346436e-02 5.346136540174484253e-02 1.459658425301313400e-02 1.246201898902654648e-02 5.238252505660057068e-02 3.610031679272651672e-02 5.131172481924295425e-03 3.758987784385681152e-02 2.708569169044494629e-03 1.216930057853460312e-02 3.896906599402427673e-02 1.595527864992618561e-02 1.670048199594020844e-02 1.698749512434005737e-02 6.739597767591476440e-03 7.913305424153804779e-03 8.053740113973617554e-02 9.438875131309032440e-03 1.733283139765262604e-02 3.137370944023132324e-02 2.923049032688140869e-02 3.988265618681907654e-02 4.491075500845909119e-02 2.001396380364894867e-02 4.773486405611038208e-02 1.156854629516601562e-02 3.809456154704093933e-02 3.874485567212104797e-02 5.088881589472293854e-03 1.321051642298698425e-02 2.809651568531990051e-02 1.051844842731952667e-02 3.391521796584129333e-02 2.595653943717479706e-02 3.560668975114822388e-02 5.863003432750701904e-03 5.688519682735204697e-03 3.967136144638061523e-02 8.068880066275596619e-03 4.216010868549346924e-02 1.912016607820987701e-02 3.665583580732345581e-02 3.109275549650192261e-02 2.808367460966110229e-02 1.522238254547119141e-01 1.652489416301250458e-02 8.737865090370178223e-02 2.937718108296394348e-02 1.010163221508264542e-02 1.443592458963394165e-02 6.450974941253662109e-02 3.160722181200981140e-02 2.419983409345149994e-02 8.531802333891391754e-03 1.595197804272174835e-02 5.520993843674659729e-02 5.007905513048171997e-02 1.261840481311082840e-02 2.329285722225904465e-03 4.406887106597423553e-03 1.652942970395088196e-02 1.472747535444796085e-03 2.366085909307003021e-02 4.307255521416664124e-02 2.441593259572982788e-02 4.915597673971205950e-05 2.898297458887100220e-02 6.316152866929769516e-03 2.360470034182071686e-02 2.120208553969860077e-02 1.641083508729934692e-02 3.595184907317161560e-02 3.693502768874168396e-02 5.323622841387987137e-03 8.445412851870059967e-03 1.712706685066223145e-02 1.429115980863571167e-02 4.685328155755996704e-02 9.374894201755523682e-03 1.551457215100526810e-02 5.549032241106033325e-03 3.014270588755607605e-02 4.554414656013250351e-03
7.294440269470214844e-02 6.139490380883216858e-02 5.927240010350942612e-03 3.462006524205207825e-02 3.264080500230193138e-03 6.321845203638076782e-02 3.908962383866310120e-02 1.720779947936534882e-02 1.716320589184761047e-02 2.780548855662345886e-02 5.599710941314697266e-01 5.566076561808586121e-02 4.599767923355102539e-02 4.540406633168458939e-03 1.266736444085836411e-02 4.762942343950271606e-02 4.459971562027931213e-02 5.927157588303089142e-03 1.113097369670867920e-02 1.577135175466537476e-02 9.547604247927665710e-03 6.534541957080364227e-03 2.290820330381393433e-02 3.296663239598274231e-02 8.889487013220787048e-03 2.791736461222171783e-02 6.171456538140773773e-03 4.251517727971076965e-02 3.243853151798248291e-02 1.409371942281723022e-02 1.699441112577915192e-02 1.828847452998161316e-02 6.365547422319650650e-03 2.390608860878273845e-04 1.120771188288927078e-02 1.298196031711995602e-03 2.584073459729552269e-03 1.131010358221828938e-03 3.950329497456550598e-02 2.254643291234970093e-02 1.974888704717159271e-02 1.244206447154283524e-02 1.583217084407806396e-02 8.981810882687568665e-03 1.762052066624164581e-02 1.775069534778594971e-02 4.352036118507385254e-02 1.267862599343061447e-02 1.552350725978612900e-02 6.933474447578191757e-03 4.177743103355169296e-03 1.209392212331295013e-02 9.106408804655075073e-03 1.826313324272632599e-02 8.885159157216548920e-03 6.085114553570747375e-03 3.008814156055450439e-02 2.645106241106987000e-02 2.586833201348781586e-02 4.633130040019750595e-03 5.509229842573404312e-03 4.312041681259870529e-03 3.858641907572746277e-02 1.163935102522373199e-02 2.532400377094745636e-02 1.723913662135601044e-02 1.073088031262159348e-02 7.511909585446119308e-03 2.176649123430252075e-02 9.549721144139766693e-03 2.761689573526382446e-02 1.521415542811155319e-02 3.933430835604667664e-02 9.622490033507347107e-03 3.687699511647224426e-02 2.357154712080955505e-02 2.910139039158821106e-02 4.104783758521080017e-02 1.423826254904270172e-02 3.069156780838966370e-02 2.056514285504817963e-02 7.549234665930271149e-03 1.204856950789690018e-02 4.024261981248855591e-02 1.321795117110013962e-02 4.700534418225288391e-02 2.528426609933376312e-02 1.319701038300991058e-02 3.092037327587604523e-02 1.045405748300254345e-03 7.733720820397138596e-03 7.656524889171123505e-03 8.977902121841907501e-03 9.592141956090927124e-03 6.035972852259874344e-03 1.455835998058319092e-02 8.389206603169441223e-03 2.149235270917415619e-02 2.050650678575038910e-02 9.266632259823381901e-04 6.182322744280099869e-03 2.270372584462165833e-02 1.111193373799324036e-02 2.585456520318984985e-02 1.190728973597288132e-02 1.158744841814041138e-02 1.492804009467363358e-02 2.044622227549552917e-02 1.221499964594841003e-02 1.945034042000770569e-02 1.922065508551895618e-03 3.894314542412757874e-02 7.586533203721046448e-03 1.940812915563583374e-02 6.991333793848752975e-03 2.079677395522594452e-02
1.213924866169691086e-02 3.281163424253463745e-02 2.433678321540355682e-02 3.955943882465362549e-02 6.296983920037746429e-03 4.624166339635848999e-02 3.561978787183761597e-02 4.478499293327331543e-02 2.920586057007312775e-02 5.961068090982735157e-04 5.566076561808586121e-02 5.410628318786621094e-01 4.613294824957847595e-02 1.400690525770187378e-01 4.917001351714134216e-02 1.029693987220525742e-02 3.463577851653099060e-02 4.262289404869079590e-02 6.144217029213905334e-02 1.820242218673229218e-02 1.974321156740188599e-02 3.463136032223701477e-02 3.688414394855499268e-02 4.924330487847328186e-02 2.462442964315414429e-02 1.010581925511360168e-01 3.033707849681377411e-02 5.152157694101333618e-02 3.983340412378311157e-02 3.546854481101036072e-02 3.752379119396209717e-02 4.191550426185131073e-03 3.508759662508964539e-02 2.649061148986220360e-03 7.002602331340312958e-03 4.165503010153770447e-02 4.446369409561157227e-02 4.670612514019012451e-02 9.984627366065979004e-03 3.894047066569328308e-02 4.110817331820726395e-03 3.119795583188533783e-02 3.292763605713844299e-03 1.081966049969196320e-02 4.763378761708736420e-03 3.651927411556243896e-02 6.411593407392501831e-03 6.397342775017023087e-03 3.125128569081425667e-03 1.998264715075492859e-02 7.850750349462032318e-03 5.513536557555198669e-02 5.326669290661811829e-02 8.348632603883743286e-02 4.064749181270599365e-02 6.261044740676879883e-02 1.067041978240013123e-01 5.503159016370773315e-02 2.287722751498222351e-02 4.585259035229682922e-02 1.581744477152824402e-02 3.319256380200386047e-02 7.668408565223217010e-03 3.307818248867988586e-02 4.162976145744323730e-02 3.218393027782440186e-02 2.728580497205257416e-02 4.751379415392875671e-02 1.120224478654563427e-03 2.508218027651309967e-02 1.446801424026489258e-02 3.727696090936660767e-02 1.762596704065799713e-02 2.942143194377422333e-02 9.019985795021057129e-03 6.212555989623069763e-02 3.598198667168617249e-02 5.451030097901821136e-03 2.297487668693065643e-02 1.239583827555179596e-02 3.482515737414360046e-02 5.940283648669719696e-03 5.686035752296447754e-02 1.043773442506790161e-02 3.084162063896656036e-02 3.888016566634178162e-02 3.464753180742263794e-02 4.959117248654365540e-02 1.917386613786220551e-02 3.521574288606643677e-02 6.480872631072998047e-03 4.956726357340812683e-02 2.135081402957439423e-02 6.026298273354768753e-03 5.231626797467470169e-03 2.964638173580169678e-02 1.130149327218532562e-02 2.997238188982009888e-02 4.371158313006162643e-03 2.697153016924858093e-02 1.748873107135295868e-02 5.845823325216770172e-03 4.213055223226547241e-02 2.145604975521564484e-02 3.831317648291587830e-02 2.439612895250320435e-02 1.113717164844274521e-02 3.524954617023468018e-02 4.588813055306673050e-03 3.254792839288711548e-02 3.732697293162345886e-02 4.446554556488990784e-02 2.302620094269514084e-03 6.844326388090848923e-03 3.952705487608909607e-02 5.682387389242649078e-03
3.502716496586799622e-02 5.525111034512519836e-02 3.029058501124382019e-02 1.965169422328472137e-02 3.360314667224884033e-02 3.410955145955085754e-02 1.542160194367170334e-02 1.911906059831380844e-03 1.195444632321596146e-02 1.900055259466171265e-02 4.599767923355102539e-02 4.613294824957847595e-02 5.584375262260437012e-01 4.000088572502136230e-02 2.414441481232643127e-02 1.878249458968639374e-02 2.457032166421413422e-02 1.627328991889953613e-02 8.173997513949871063e-03 2.605926245450973511e-03 5.491410847753286362e-03 3.561166115105152130e-03 1.977879740297794342e-02 1.532462798058986664e-02 1.559446100145578384e-02 1.210882887244224548e-02 7.528002839535474777e-03 5.122160911560058594e-02 1.369138946756720543e-03 2.517052367329597473e-02 2.255998179316520691e-02 9.795240126550197601e-03 1.136499829590320587e-02 7.818922400474548340e-03 2.947941981256008148e-02 2.035437710583209991e-02 8.444530889391899109e-03 7.774148136377334595e-03 1.290247123688459396e-02 3.544351202435791492e-04 4.307959228754043579e-03 3.730709198862314224e-03 1.244710059836506844e-03 1.200007274746894836e-02 1.119455974549055099e-02 3.066984470933675766e-03 2.707329206168651581e-02 1.810696721076965332e-02 2.692754380404949188e-03 3.774865530431270599e-03 6.990512832999229431e-03 2.448674757033586502e-03 4.617716185748577118e-03 1.837532408535480499e-02 5.364458775147795677e-04 7.600126322358846664e-03 6.307513453066349030e-03 1.214483194053173065e-02 1.039892528206110001e-02 2.042140625417232513e-02 4.194793291389942169e-03 1.116278348490595818e-03 1.695559546351432800e-02 1.008056849241256714e-02 1.143941842019557953e-02 4.852857813239097595e-02 7.054375950247049332e-03 7.498364429920911789e-03 1.813096739351749420e-02 3.493421897292137146e-02 1.265448983758687973e-02 1.882708631455898285e-02 1.586960069835186005e-02 2.409892715513706207e-02 2.077932655811309814e-02 2.508658729493618011e-02 2.324921637773513794e-02 2.142805606126785278e-02 7.440702524036169052e-03 1.319611258804798126e-02 1.400055363774299622e-02 1.792023703455924988e-02 1.290737465023994446e-02 3.179273754358291626e-02 2.961844205856323242e-03 3.523168340325355530e-02 2.615073695778846741e-02 2.626570872962474823e-02 5.041413381695747375e-02 2.410243265330791473e-02 5.766747985035181046e-03 4.453706555068492889e-03 2.331099705770611763e-03 2.321983920410275459e-03 4.452081862837076187e-03 1.878770999610424042e-03 6.987460423260927200e-03 2.793363481760025024e-02 2.077037934213876724e-04 4.659387748688459396e-03 1.228150259703397751e-02 2.462222054600715637e-02 3.778091864660382271e-03 2.648478560149669647e-02 6.606708746403455734e-03 1.684156060218811035e-02 1.753322780132293701e-02 1.275401283055543900e-02 3.239876776933670044e-02 9.727688156999647617e-04 5.109392106533050537e-03 5.176716670393943787e-02 5.907200742512941360e-03 4.172574845142662525e-04 2.288168296217918396e-02 2.344611287117004395e-02
