5.222162008285522461e-01 1.133671402931213379e-01 3.540418669581413269e-02 1.842065528035163879e-02 1.942231506109237671e-02 6.711655855178833008e-02 2.004328183829784393e-02 1.996037364006042480e-02 2.553822845220565796e-02 4.932719282805919647e-03 1.000242754817008972e-01 8.972002193331718445e-03 9.562504291534423828e-02 4.062792286276817322e-02 3.434006869792938232e-02 4.832499846816062927e-02 4.332938790321350098e-02 3.335183113813400269e-02 2.056149207055568695e-02 1.771471649408340454e-02 4.468658193945884705e-02 6.753016263246536255e-03 5.540505796670913696e-02 2.680172212421894073e-02 5.002534389495849609e-02 1.054393220692873001e-02 1.173933595418930054e-02 2.003196254372596741e-02 9.957523643970489502e-02 1.446811854839324951e-02 9.974412620067596436e-02 3.580630198121070862e-02 1.967792026698589325e-02 2.936956472694873810e-02 2.878590673208236694e-02 1.920377463102340698e-02 2.125548757612705231e-02 1.766845770180225372e-02 5.384314060211181641e-02 5.961605347692966461e-03 3.057267516851425171e-02 4.247516021132469177e-02 3.397233411669731140e-02 1.670453138649463654e-02 2.453225478529930115e-02 3.266742825508117676e-02 6.007611379027366638e-02 1.470502349548041821e-03 2.260852418839931488e-02 3.896637633442878723e-02 2.974259853363037109e-02 4.261447116732597351e-02 5.486794933676719666e-02 2.408466301858425140e-02 3.725911676883697510e-02 4.804790765047073364e-02 6.386000663042068481e-02 3.396249189972877502e-02 2.839034888893365860e-03 2.199165523052215576e-02 1.546496991068124771e-02 9.823236614465713501e-03 3.605393925681710243e-03 3.244355320930480957e-02 4.997396096587181091e-02 8.652891032397747040e-03 8.233188651502132416e-03 3.418807312846183777e-02 2.877755835652351379e-02 4.827918112277984619e-02 2.255088090896606445e-02 3.761989623308181763e-02 5.383208766579627991e-02 1.054767146706581116e-02 3.812283650040626526e-02 1.885188370943069458e-02 3.117028437554836273e-02 6.651613861322402954e-03 4.876667261123657227e-02 4.221383016556501389e-03 1.023436710238456726e-02 3.589750453829765320e-02 8.648521266877651215e-03 4.834353551268577576e-02 1.426053950126515701e-05 1.595926471054553986e-02 3.363567963242530823e-02 3.960526082664728165e-03 2.740718796849250793e-02 1.046170666813850403e-02 1.053636670112609863e-01 1.360120158642530441e-02 9.804096072912216187e-03 5.929713006480596960e-05 5.920707248151302338e-03 2.205954492092132568e-02 9.901490062475204468e-03 1.686336658895015717e-02 1.676604710519313812e-02 2.728261984884738922e-02 3.523057699203491211e-02 5.000642314553260803e-02 2.685840800404548645e-02 1.555286534130573273e-02 3.472201526165008545e-02 3.526911139488220215e-02 1.342622470110654831e-02 4.574323445558547974e-02 2.290629781782627106e-02 5.311577115207910538e-04 4.647264629602432251e-02 4.356818273663520813e-02 2.392006292939186096e-02 3.882741183042526245e-02 1.025513187050819397e-02 1.333380211144685745e-02
1.133671402931213379e-01 5.203920006752014160e-01 2.069497667253017426e-02 1.984025351703166962e-03 2.173035219311714172e-02 4.384284466505050659e-02 2.640197612345218658e-02 4.143094643950462341e-02 1.436259876936674118e-02 5.338530521839857101e-03 9.410677850246429443e-02 2.055544033646583557e-02 1.017641872167587280e-01 4.476014152169227600e-02 3.480308502912521362e-02 5.373276025056838989e-02 4.943785443902015686e-02 2.511759847402572632e-02 2.272112853825092316e-02 2.623829245567321777e-02 1.445495989173650742e-02 1.957168616354465485e-02 4.771303758025169373e-02 3.909011557698249817e-02 4.264122247695922852e-02 1.726330141536891460e-03 1.289307512342929840e-02 3.563297167420387268e-02 8.751039952039718628e-02 3.736610710620880127e-02 7.493047416210174561e-02 2.675848267972469330e-02 2.214801497757434845e-03 1.366368867456912994e-02 2.449242398142814636e-03 2.073476836085319519e-02 2.694593742489814758e-02 1.256287470459938049e-02 5.202032998204231262e-02 1.440790668129920959e-02 1.468123309314250946e-02 3.420085832476615906e-02 4.706737399101257324e-02 2.929768897593021393e-02 8.761228062212467194e-03 3.299263864755630493e-02 4.965307563543319702e-02 1.181145384907722473e-02 7.668000180274248123e-03 2.465056814253330231e-02 3.633795306086540222e-02 4.046493396162986755e-02 3.693310171365737915e-02 2.299476601183414459e-02 4.946866631507873535e-02 4.784402996301651001e-02 5.655767023563385010e-02 2.508496306836605072e-02 1.352152973413467407e-02 2.878896519541740417e-02 2.043601823970675468e-03 1.582770422101020813e-02 1.742361858487129211e-02 4.878397658467292786e-02 4.371921345591545105e-02 1.153061259537935257e-02 5.202446132898330688e-03 1.235016994178295135e-02 3.599004074931144714e-02 5.036709085106849670e-02 3.182939440011978149e-02 5.063490942120552063e-02 2.572285197675228119e-02 1.333396323025226593e-02 3.674810379743576050e-02 3.111261129379272461e-02 1.782012358307838440e-02 9.712408296763896942e-03 2.127143926918506622e-02 1.997254556044936180e-03 2.172004058957099915e-02 1.529269665479660034e-02 4.892151337116956711e-03 3.700345754623413086e-02 5.692945793271064758e-03 4.509896039962768555e-02 2.951252460479736328e-02 1.644055731594562531e-02 3.268636763095855713e-02 6.276712287217378616e-03 6.943507492542266846e-02 2.241725288331508636e-02 8.487810380756855011e-03 3.304976504296064377e-03 2.772818552330136299e-04 2.579811587929725647e-02 2.107097301632165909e-03 7.347478531301021576e-03 1.680571027100086212e-02 2.631854452192783356e-02 3.594861924648284912e-02 4.182690009474754333e-02 5.390340462327003479e-02 4.772489145398139954e-02 4.165669158101081848e-02 3.275102004408836365e-02 1.531088538467884064e-02 3.333167359232902527e-02 2.247819676995277405e-02 7.037749979645013809e-03 2.697069756686687469e-02 2.917180210351943970e-02 1.846738718450069427e-02 5.282596498727798462e-02 3.677807375788688660e-02 3.888470353558659554e-03
3.540418669581413269e-02 2.069497667253017426e-02 4.665704071521759033e-01 3.088781982660293579e-02 2.055390924215316772e-02 3.562039509415626526e-02 2.357346750795841217e-02 5.297141894698143005e-02 2.362032048404216766e-02 5.787220969796180725e-02 3.200481086969375610e-02 1.508845947682857513e-03 1.959471777081489563e-02 2.845532260835170746e-02 1.469430234283208847e-02 5.272245034575462341e-03 4.980389028787612915e-03 4.218452423810958862e-02 5.423542112112045288e-03 8.174816146492958069e-03 9.372287429869174957e-03 1.439912617206573486e-02 3.118337597697973251e-03 2.603712677955627441e-02 4.096824303269386292e-02 1.479983679018914700e-03 2.978387288749217987e-03 7.023812271654605865e-03 1.364491321146488190e-02 1.841634139418601990e-02 2.687139809131622314e-02 4.138763993978500366e-02 4.130137711763381958e-02 4.208733141422271729e-02 3.511488810181617737e-02 4.841827601194381714e-02 2.852130495011806488e-02 4.799630865454673767e-02 1.393227372318506241e-02 1.184597797691822052e-02 2.622478455305099487e-02 1.862303912639617920e-02 2.019805461168289185e-02 1.437295414507389069e-02 3.179136663675308228e-02 4.183048382401466370e-02 4.486554861068725586e-02 3.074933961033821106e-02 2.943492680788040161e-02 1.677815429866313934e-02 1.262188656255602837e-03 6.626088637858629227e-03 2.980275265872478485e-02 1.640127599239349365e-02 9.023305959999561310e-03 1.303688972257077694e-03 3.661512210965156555e-02 2.973823994398117065e-02 3.674159571528434753e-02 8.346077054738998413e-03 3.052619099617004395e-02 2.276659756898880005e-02 6.166656687855720520e-02 1.013099029660224915e-02 2.058810554444789886e-02 1.714949263259768486e-03 2.035563997924327850e-02 1.590600796043872833e-02 7.614748179912567139e-02 1.750877685844898224e-02 7.425753772258758545e-02 4.890654236078262329e-03 4.030479490756988525e-02 8.309446275234222412e-03 3.072021156549453735e-02 1.645731739699840546e-02 3.671817481517791748e-02 2.441091835498809814e-02 5.590759217739105225e-03 6.664610002189874649e-03 5.757401138544082642e-02 8.566581644117832184e-03 2.227569930255413055e-02 4.394824430346488953e-02 9.604957886040210724e-03 3.402336314320564270e-02 6.447339802980422974e-02 3.518442437052726746e-02 1.535821706056594849e-02 3.145776316523551941e-02 2.412172034382820129e-02 2.397662587463855743e-02 1.578587107360363007e-02 2.686141990125179291e-02 3.397149220108985901e-02 5.600020755082368851e-03 6.585386116057634354e-03 5.026390776038169861e-03 1.520731393247842789e-02 9.139979258179664612e-03 2.228632010519504547e-02 4.464689642190933228e-02 2.560062147676944733e-02 7.419832982122898102e-03 2.363684773445129395e-02 1.972170919179916382e-02 4.219429939985275269e-02 1.162221073172986507e-03 8.012841455638408661e-03 1.371583249419927597e-02 2.646602503955364227e-02 1.727528288029134274e-03 2.602257579565048218e-02 1.862947456538677216e-02 1.968513242900371552e-03 3.220317512750625610e-02
1.842065528035163879e-02 1.984025351703166962e-03 3.088781982660293579e-02 4.895026087760925293e-01 8.411542326211929321e-02 2.069699764251708984e-02 8.444807492196559906e-03 6.845193449407815933e-03 3.909806162118911743e-02 2.769944071769714355e-02 4.276882484555244446e-02 1.130106672644615173e-02 2.968212217092514038e-02 3.218598663806915283e-02 4.521165415644645691e-02 2.515995129942893982e-02 2.679758518934249878e-02 2.965831384062767029e-02 3.098701313138008118e-02 6.159475073218345642e-03 1.563085243105888367e-02 1.976895332336425781e-02 1.895568147301673889e-02 5.613743886351585388e-02 2.674727514386177063e-02 2.150331437587738037e-02 3.063728846609592438e-02 1.293466519564390182e-02 5.454601719975471497e-03 2.367428876459598541e-02 4.121067374944686890e-02 1.575201749801635742e-02 2.582424134016036987e-02 3.917229361832141876e-03 1.385393273085355759e-02 8.095793426036834717e-03 1.016913354396820068e-02 1.541866548359394073e-02 1.787218265235424042e-02 3.815916180610656738e-02 2.952874638140201569e-02 2.408730611205101013e-02 4.281556699424982071e-03 1.818894175812602043e-03 1.710892654955387115e-02 4.195187985897064209e-02 3.418791666626930237e-02 4.620542749762535095e-02 2.820406295359134674e-02 5.250824987888336182e-02 4.327267035841941833e-02 4.987211152911186218e-02 1.910284161567687988e-02 5.456872750073671341e-03 2.526299841701984406e-02 4.196119681000709534e-02 2.681350894272327423e-02 1.168980263173580170e-02 1.057368237525224686e-02 3.641870990395545959e-02 1.928539015352725983e-02 5.925086792558431625e-03 2.282674051821231842e-02 5.106770247220993042e-02 7.784239947795867920e-03 3.965153172612190247e-02 1.950692152604460716e-03 7.006516214460134506e-03 2.110632881522178650e-02 3.937469422817230225e-02 1.035171467810869217e-02 2.227993309497833252e-02 1.194583028554916382e-01 2.493694610893726349e-02 1.130878254771232605e-01 1.584204100072383881e-02 1.484956312924623489e-02 2.889959886670112610e-02 2.907201182097196579e-03 3.907876461744308472e-02 7.627249695360660553e-03 1.923429034650325775e-02 5.386344343423843384e-02 4.071976989507675171e-02 5.653447005897760391e-03 4.622713103890419006e-02 4.461766779422760010e-02 3.417363390326499939e-02 2.716048806905746460e-02 1.879326300695538521e-03 1.437085308134555817e-02 4.923169687390327454e-02 5.307681858539581299e-02 1.852126442827284336e-03 2.019117958843708038e-02 2.438775263726711273e-03 4.654162749648094177e-02 3.886136412620544434e-02 3.309397026896476746e-02 1.733088865876197815e-02 6.489288993179798126e-03 1.498414855450391769e-02 2.860574750229716301e-03 3.444019332528114319e-02 4.585893452167510986e-02 3.864129260182380676e-02 1.217876560986042023e-03 3.747018426656723022e-02 1.126898452639579773e-02 1.806497573852539062e-02 6.105192005634307861e-02 7.978281937539577484e-03 1.285894587635993958e-02 2.060842141509056091e-02 6.213166564702987671e-02 4.923641309142112732e-02
1.942231506109237671e-02 2.173035219311714172e-02 2.055390924215316772e-02 8.411542326211929321e-02 5.008999109268188477e-01 4.384836554527282715e-02 4.563613981008529663e-02 3.638829663395881653e-02 4.414024204015731812e-02 3.356076078489422798e-03 2.786917611956596375e-02 1.387190259993076324e-02 4.264908842742443085e-03 3.681583330035209656e-02 5.934274941682815552e-02 5.843708291649818420e-02 7.192858308553695679e-02 1.917764893732964993e-03 1.755554229021072388e-02 2.721106447279453278e-02 3.297144547104835510e-02 3.379863454028964043e-03 3.155177086591720581e-02 5.890833586454391479e-02 2.246741019189357758e-02 5.916850641369819641e-02 1.880780048668384552e-02 1.367678586393594742e-02 1.375670894049108028e-03 3.936028108000755310e-03 7.708122953772544861e-03 9.328834712505340576e-03 1.206558477133512497e-02 2.165201306343078613e-02 2.562713623046875000e-02 6.036489829421043396e-02 5.473673716187477112e-02 5.192933976650238037e-02 9.776255115866661072e-03 5.659504607319831848e-02 5.591430515050888062e-02 8.630807511508464813e-03 1.572521589696407318e-02 1.215311465784907341e-03 2.211782895028591156e-02 2.272647432982921600e-02 3.096696920692920685e-02 4.470014199614524841e-02 1.638295315206050873e-02 5.332271382212638855e-02 4.314188659191131592e-02 3.826394677162170410e-02 4.508426412940025330e-02 3.923243284225463867e-02 5.957733839750289917e-03 3.987721726298332214e-02 7.190712727606296539e-03 2.590995840728282928e-02 7.568325847387313843e-03 3.941388428211212158e-02 2.884177491068840027e-02 1.411079545505344868e-03 4.202853515744209290e-02 4.615040868520736694e-02 3.415869921445846558e-02 2.409573085606098175e-02 2.306976541876792908e-02 2.364876214414834976e-03 2.846815623342990875e-02 4.062480852007865906e-02 6.487630307674407959e-02 1.045705471187829971e-02 7.799774408340454102e-02 4.047993943095207214e-02 1.177452132105827332e-01 5.043087527155876160e-02 2.856825478374958038e-03 4.989131167531013489e-02 3.286402672529220581e-02 1.913891918957233429e-02 1.130379922688007355e-02 1.776885124854743481e-03 5.655458569526672363e-02 6.783065199851989746e-02 4.950813576579093933e-02 1.040052156895399094e-02 4.745770245790481567e-02 4.413242265582084656e-02 1.704949303530156612e-03 3.548362478613853455e-02 2.289944514632225037e-02 3.760870918631553650e-02 3.311095386743545532e-02 1.728153787553310394e-02 3.398805484175682068e-02 3.923082351684570312e-02 1.970546506345272064e-02 1.120151579380035400e-02 9.705726988613605499e-03 1.734881103038787842e-02 4.459313303232192993e-02 8.160133846104145050e-03 4.104965180158615112e-02 2.351715043187141418e-02 4.922743141651153564e-02 1.812190935015678406e-02 4.265101999044418335e-02 2.887986414134502411e-02 4.056212678551673889e-02 2.282229252159595490e-02 4.868726804852485657e-02 2.394011802971363068e-02 9.204753441736102104e-04 6.907220464199781418e-03 3.951305896043777466e-02 2.719148807227611542e-02
6.711655855178833008e-02 4.384284466505050659e-02 3.562039509415626526e-02 2.069699764251708984e-02 4.384836554527282715e-02 4.905732572078704834e-01 1.324955970048904419e-01 7.654421031475067139e-03 4.468618426471948624e-03 3.784608468413352966e-02 1.914684288203716278e-02 8.046334236860275269e-02 1.008553151041269302e-02 6.187609210610389709e-02 1.745781302452087402e-02 1.190426386892795563e-02 3.396215662360191345e-02 2.731592208147048950e-02 2.270699711516499519e-03 4.386223107576370239e-02 3.516826406121253967e-02 2.590305171906948090e-02 2.972118929028511047e-02 1.224681967869400978e-03 1.106243766844272614e-02 1.476561743766069412e-02 9.906092658638954163e-03 1.446783691644668579e-01 7.438651751726865768e-03 1.211410835385322571e-01 3.688074275851249695e-02 4.621064290404319763e-02 2.542774565517902374e-02 2.814285829663276672e-02 1.135392673313617706e-02 4.911631718277931213e-02 2.661015093326568604e-02 2.918371371924877167e-02 2.512296475470066071e-02 3.026143461465835571e-02 8.695797063410282135e-03 4.355195537209510803e-02 2.277177758514881134e-02 7.116989046335220337e-02 1.819925848394632339e-03 1.381003204733133316e-02 1.511420309543609619e-01 5.164354294538497925e-02 2.928191609680652618e-02 1.845652423799037933e-02 3.245259821414947510e-02 3.525861352682113647e-02 3.000643476843833923e-02 1.099034491926431656e-02 2.059087529778480530e-02 1.159220840781927109e-02 8.912171237170696259e-03 1.950884796679019928e-02 3.932172060012817383e-02 3.622344136238098145e-02 1.136669516563415527e-02 3.039308451116085052e-02 4.293439164757728577e-02 1.015142537653446198e-03 5.257688835263252258e-02 8.078764658421278000e-04 4.316804558038711548e-02 2.576066553592681885e-02 4.735414683818817139e-02 2.115684933960437775e-02 1.555275544524192810e-02 3.995314985513687134e-02 3.186182677745819092e-02 1.396342180669307709e-02 1.010889466851949692e-02 2.046719193458557129e-02 2.234728634357452393e-02 3.362838178873062134e-03 3.495322540402412415e-02 3.602012246847152710e-02 6.701858714222908020e-03 3.721824660897254944e-02 1.730678253807127476e-03 2.742027677595615387e-02 3.260742500424385071e-02 4.082242026925086975e-02 2.632608823478221893e-02 2.316855266690254211e-02 2.009644173085689545e-03 2.332986891269683838e-02 8.312481641769409180e-02 5.232804641127586365e-02 2.766107954084873199e-02 4.235849715769290924e-03 1.844660728238523006e-03 1.339239627122879028e-02 2.021068066824227571e-04 2.469872497022151947e-02 1.592210680246353149e-02 1.130847726017236710e-02 3.023534547537565231e-03 6.129870656877756119e-03 2.957882545888423920e-02 4.420586675405502319e-02 2.025047503411769867e-02 1.881835609674453735e-02 6.867472548037767410e-03 3.263880684971809387e-02 3.515734337270259857e-03 1.394105888903141022e-02 1.557253673672676086e-02 2.471478283405303955e-02 4.297882691025733948e-02 1.385538838803768158e-02 4.080118238925933838e-02 7.450317032635211945e-03
2.004328183829784393e-02 2.640197612345218658e-02 2.357346750795841217e-02 8.444807492196559906e-03 4.563613981008529663e-02 1.324955970048904419e-01 5.080742239952087402e-01 1.998315565288066864e-02 1.694092340767383575e-02 4.268961958587169647e-03 1.340414490550756454e-02 5.391595140099525452e-02 6.391491275280714035e-03 8.722046762704849243e-02 2.110185101628303528e-02 1.826667971909046173e-02 4.425092134624719620e-03 4.570642486214637756e-02 1.314258296042680740e-02 4.495282843708992004e-02 3.267812728881835938e-02 1.422250643372535706e-02 5.182253196835517883e-02 4.252436105161905289e-03 1.666566915810108185e-02 3.577315807342529297e-02 3.277426958084106445e-02 3.383699106052517891e-03 5.608674138784408569e-03 7.141947746276855469e-03 2.184148877859115601e-02 5.206408351659774780e-02 2.061332017183303833e-02 8.172103203833103180e-03 2.751105464994907379e-02 4.425447061657905579e-02 1.930262544192373753e-03 6.903009489178657532e-03 2.779094688594341278e-02 4.122921079397201538e-02 1.528584305197000504e-02 2.391497977077960968e-02 2.132422663271427155e-02 3.923954069614410400e-02 8.672235906124114990e-02 2.138226479291915894e-02 1.283108890056610107e-01 1.744402498006820679e-01 3.293468616902828217e-03 1.017629401758313179e-03 1.357315806671977043e-03 3.873562440276145935e-02 3.090302087366580963e-02 2.268853597342967987e-02 4.731028527021408081e-02 3.548080846667289734e-02 4.344490915536880493e-02 4.963899776339530945e-02 3.514979407191276550e-02 3.743670508265495300e-02 1.491711707785725594e-03 1.719738915562629700e-02 2.875012904405593872e-02 3.555131703615188599e-02 2.832129225134849548e-02 2.513461746275424957e-02 4.410459473729133606e-02 2.530854381620883942e-02 6.121598416939377785e-04 2.760266326367855072e-02 8.031174540519714355e-03 4.266135022044181824e-02 2.275994047522544861e-02 7.016900461167097092e-03 2.683124318718910217e-02 2.350257942453026772e-03 3.744369000196456909e-02 3.766175359487533569e-02 3.187127038836479187e-02 5.955351889133453369e-02 2.677561342716217041e-02 1.095869578421115875e-02 1.825195550918579102e-02 4.117485135793685913e-02 2.917738165706396103e-03 6.091253366321325302e-03 1.290395203977823257e-02 3.530397079885005951e-03 2.262935973703861237e-02 7.623280864208936691e-03 8.754973858594894409e-02 1.805824041366577148e-02 1.061510145664215088e-01 1.065202406607568264e-03 2.788130380213260651e-02 2.187070250511169434e-02 5.997029133141040802e-03 3.096738830208778381e-02 1.692325808107852936e-02 1.344920881092548370e-02 2.370160818099975586e-02 3.155108168721199036e-02 3.524878993630409241e-02 1.885684579610824585e-02 3.618869557976722717e-02 3.620932996273040771e-02 3.391372412443161011e-02 5.773575603961944580e-02 2.011251635849475861e-04 1.082119345664978027e-02 1.269096881151199341e-02 4.051221534609794617e-02 3.913270309567451477e-03 3.872039541602134705e-02 1.345572341233491898e-02 1.774805225431919098e-02
1.996037364006042480e-02 4.143094643950462341e-02 5.297141894698143005e-02 6.845193449407815933e-03 3.638829663395881653e-02 7.654421031475067139e-03 1.998315565288066864e-02 4.915371239185333252e-01 9.460207074880599976e-03 4.355153068900108337e-02 4.994153603911399841e-02 8.404827676713466644e-03 5.191186442971229553e-02 1.988406758755445480e-03 1.175408884882926941e-01 4.507666453719139099e-02 2.722792513668537140e-02 4.096194356679916382e-02 1.558640226721763611e-02 1.449506613425910473e-03 3.635186702013015747e-02 2.538736909627914429e-02 2.083883620798587799e-02 9.455570834688842297e-04 3.125105286017060280e-03 2.312836423516273499e-02 1.286999601870775223e-02 3.158306330442428589e-02 5.917196627706289291e-03 4.065333679318428040e-02 2.173574082553386688e-02 3.330385079607367516e-03 5.176703445613384247e-03 1.113726198673248291e-02 4.221933335065841675e-02 1.380137912929058075e-02 7.106498815119266510e-03 4.801171831786632538e-03 1.234388258308172226e-02 5.185333266854286194e-02 2.282262034714221954e-02 4.495938494801521301e-02 1.786997728049755096e-02 3.146341443061828613e-02 3.283143416047096252e-02 3.960674628615379333e-02 2.697076648473739624e-02 1.011139433830976486e-02 1.264657452702522278e-02 1.675319485366344452e-02 3.941113594919443130e-03 2.416774630546569824e-02 5.178275518119335175e-03 2.136070281267166138e-02 6.390272174030542374e-03 3.885046392679214478e-02 3.611309453845024109e-02 1.469149067997932434e-02 1.751140691339969635e-03 2.002223581075668335e-02 2.708350773900747299e-03 5.473225843161344528e-03 1.247359532862901688e-02 2.241767197847366333e-02 3.567046299576759338e-02 3.865115344524383545e-02 1.766887120902538300e-02 1.331347599625587463e-02 3.335227258503437042e-03 1.662951149046421051e-02 1.385179255157709122e-02 5.422158166766166687e-03 2.589647844433784485e-02 4.856458678841590881e-02 3.583028912544250488e-02 1.890906319022178650e-02 3.318047523498535156e-02 4.536752123385667801e-03 3.541675955057144165e-02 1.583351381123065948e-02 1.249286308884620667e-01 9.506452828645706177e-02 5.125511437654495239e-03 4.516306146979331970e-02 8.809075690805912018e-03 2.825426170602440834e-03 9.879122674465179443e-02 1.089843139052391052e-01 1.685015624389052391e-03 1.882682740688323975e-02 2.393273171037435532e-03 1.515104621648788452e-02 5.701126530766487122e-03 5.038492381572723389e-02 2.217992953956127167e-02 2.670080401003360748e-02 7.490759715437889099e-03 1.041437219828367233e-02 3.380072116851806641e-02 5.666204728186130524e-03 5.282064154744148254e-02 4.589184373617172241e-02 3.740622103214263916e-02 4.536335822194814682e-03 4.887646529823541641e-03 3.681339090690016747e-03 2.328899316489696503e-02 1.004032231867313385e-02 2.130556292831897736e-02 2.099120803177356720e-02 3.372156620025634766e-02 2.588761784136295319e-02 4.095225781202316284e-02 1.536983065307140350e-02 4.346977174282073975e-02 8.821719326078891754e-03
2.553822845220565796e-02 1.436259876936674118e-02 2.362032048404216766e-02 3.909806162118911743e-02 4.414024204015731812e-02 4.468618426471948624e-03 1.694092340767383575e-02 9.460207074880599976e-03 4.924652576446533203e-01 1.096820905804634094e-01 2.523430157452821732e-03 2.249699644744396210e-02 1.007528882473707199e-02 1.315288990736007690e-02 2.062861435115337372e-02 2.888235077261924744e-02 8.487555198371410370e-03 1.234072521328926086e-01 5.285051837563514709e-02 3.386707603931427002e-02 4.541641101241111755e-02 1.968332938849925995e-02 1.866527087986469269e-02 2.299006655812263489e-02 2.894087880849838257e-02 1.575363799929618835e-02 2.949463389813899994e-02 2.793872170150279999e-02 1.835980266332626343e-02 1.935164071619510651e-02 4.044385254383087158e-02 3.374005481600761414e-02 3.352099657058715820e-02 5.303683876991271973e-02 1.019799336791038513e-02 7.340760435909032822e-03 3.452237695455551147e-02 1.423856988549232483e-02 2.243524789810180664e-02 3.792981058359146118e-02 9.223191998898983002e-03 1.570494286715984344e-02 1.656101271510124207e-02 3.171458095312118530e-02 1.924249343574047089e-02 1.335772336460649967e-03 9.208614355884492397e-04 2.447208855301141739e-03 9.812009520828723907e-03 3.123713843524456024e-02 2.187173254787921906e-02 1.235479395836591721e-02 3.665862604975700378e-02 3.211861476302146912e-02 6.509441137313842773e-02 4.465917870402336121e-02 4.673772305250167847e-02 5.598705727607011795e-03 2.237635664641857147e-02 1.976795308291912079e-02 6.206050049513578415e-03 2.840316854417324066e-02 9.062506258487701416e-03 4.559732973575592041e-02 9.121022187173366547e-03 4.208781570196151733e-02 3.023400530219078064e-02 4.386717826128005981e-02 3.217211738228797913e-02 2.905669063329696655e-02 1.008058898150920868e-02 2.875124337151646614e-03 3.526094183325767517e-02 7.823840714991092682e-03 3.114858083426952362e-02 1.547963917255401611e-02 1.651984602212905884e-01 1.004738211631774902e-01 8.314058929681777954e-02 1.754466560669243336e-03 4.128700122237205505e-02 7.360221818089485168e-03 3.569601476192474365e-02 5.525855813175439835e-04 3.732100501656532288e-02 2.382910624146461487e-02 1.340065989643335342e-02 2.127974480390548706e-02 3.739485889673233032e-02 1.181082054972648621e-02 1.594213582575321198e-02 2.854786813259124756e-02 1.750998757779598236e-02 4.727136716246604919e-02 1.247360743582248688e-02 4.649062082171440125e-02 3.303175047039985657e-02 7.224066182971000671e-03 7.906089723110198975e-02 3.255413100123405457e-02 3.232742846012115479e-02 5.628363788127899170e-02 3.065989585593342781e-03 3.599786758422851562e-02 1.394046470522880554e-02 8.817799389362335205e-03 3.078759275376796722e-02 2.824668027460575104e-02 4.369376972317695618e-02 2.343645878136157990e-02 1.295352261513471603e-02 6.853130180388689041e-03 4.964953660964965820e-02 4.804427176713943481e-02 4.131578374654054642e-03 1.342390314675867558e-03
4.932719282805919647e-03 5.338530521839857101e-03 5.787220969796180725e-02 2.769944071769714355e-02 3.356076078489422798e-03 3.784608468413352966e-02 4.268961958587169647e-03 4.355153068900108337e-02 1.096820905804634094e-01 4.997166097164154053e-01 6.648119073361158371e-03 9.629400447010993958e-04 7.437515305355191231e-04 4.942097887396812439e-02 3.894924744963645935e-02 4.574286565184593201e-02 1.044030394405126572e-02 1.391235832124948502e-02 5.548947304487228394e-02 4.863066598773002625e-02 2.480818144977092743e-02 1.919201575219631195e-02 4.417959228157997131e-02 4.980483651161193848e-02 4.047637805342674255e-02 2.431204169988632202e-02 1.901605166494846344e-02 8.316310122609138489e-03 8.625343441963195801e-03 2.327644824981689453e-02 2.192904613912105560e-02 2.901422232389450073e-02 2.433175034821033478e-02 5.931639578193426132e-03 2.586994692683219910e-02 2.713642269372940063e-02 4.988119378685951233e-02 1.213893294334411621e-02 2.599784918129444122e-02 4.219475202262401581e-03 3.900733590126037598e-02 2.132266946136951447e-02 5.020399577915668488e-03 1.416122261434793472e-02 2.029385045170783997e-02 2.115344069898128510e-02 2.142852544784545898e-02 4.877196997404098511e-02 1.719711534678936005e-02 9.568052738904953003e-02 3.944181650876998901e-02 3.673675656318664551e-02 1.699189841747283936e-02 5.377308279275894165e-02 1.400023046880960464e-02 1.148367077112197876e-01 4.258989542722702026e-02 5.239351186901330948e-03 2.980821765959262848e-02 4.289608821272850037e-02 2.495866641402244568e-02 3.017749078571796417e-02 4.120476171374320984e-02 5.205015186220407486e-03 2.200870215892791748e-02 3.668902814388275146e-02 4.783931374549865723e-02 2.128568710759282112e-03 4.283850267529487610e-02 3.330169618129730225e-02 8.611568808555603027e-02 2.193087898194789886e-02 1.768727554008364677e-03 2.037830092012882233e-02 3.487689420580863953e-02 2.107273787260055542e-02 8.346217125654220581e-02 1.751260161399841309e-01 1.774360053241252899e-02 6.958923488855361938e-02 3.436712548136711121e-02 1.897641830146312714e-02 3.641336038708686829e-02 7.594036310911178589e-02 4.946782439947128296e-02 4.540830478072166443e-02 1.658500172197818756e-03 2.967648208141326904e-02 2.025274187326431274e-02 2.528198435902595520e-02 2.899255231022834778e-02 2.214409224689006805e-02 9.721918962895870209e-03 2.115814574062824249e-02 5.787157919257879257e-03 4.408139735460281372e-02 2.311262488365173340e-02 1.748352684080600739e-02 5.032111704349517822e-02 5.650861188769340515e-02 4.914564266800880432e-02 3.995081409811973572e-02 2.380039915442466736e-02 2.758542820811271667e-02 4.059112444519996643e-02 4.831257835030555725e-02 4.698891192674636841e-02 4.032517969608306885e-02 3.550983499735593796e-03 3.293218091130256653e-02 2.117783762514591217e-02 1.661884039640426636e-02 5.295905098319053650e-02 5.315052345395088196e-02 5.428519099950790405e-03 2.569727972149848938e-02
1.000242754817008972e-01 9.410677850246429443e-02 3.200481086969375610e-02 4.276882484555244446e-02 2.786917611956596375e-02 1.914684288203716278e-02 1.340414490550756454e-02 4.994153603911399841e-02 2.523430157452821732e-03 6.648119073361158371e-03 5.209549665451049805e-01 4.182023555040359497e-02 9.737151861190795898e-02 3.304599225521087646e-02 6.445679068565368652e-02 5.227882787585258484e-02 4.936083033680915833e-02 1.587794534862041473e-02 1.727326028048992157e-02 1.469598244875669479e-02 5.117099732160568237e-02 2.222295105457305908e-02 4.939630627632141113e-02 2.607381343841552734e-02 3.696386888623237610e-02 1.942430064082145691e-02 1.191207673400640488e-02 4.007571935653686523e-02 1.205712333321571350e-01 3.934213519096374512e-02 9.431583434343338013e-02 2.554383315145969391e-02 2.012729644775390625e-02 1.562531292438507080e-02 8.192571811378002167e-03 1.281599793583154678e-02 2.447441220283508301e-02 1.252595218829810619e-03 5.185613781213760376e-02 1.028806623071432114e-02 3.312863036990165710e-02 3.674758970737457275e-02 2.473163045942783356e-02 4.616823047399520874e-03 4.602538794279098511e-02 1.306806952925398946e-04 7.993183098733425140e-03 6.414470728486776352e-03 3.111556172370910645e-02 3.918324410915374756e-02 3.022399172186851501e-02 3.571792319416999817e-02 4.960044845938682556e-02 2.460320107638835907e-02 3.764019906520843506e-02 3.118512220680713654e-02 5.811830982565879822e-02 1.221831073053181171e-03 1.310874894261360168e-02 2.861258760094642639e-02 8.485188707709312439e-03 1.107408478856086731e-02 1.067541539669036865e-02 4.376767948269844055e-02 6.434751302003860474e-02 8.211278356611728668e-03 6.319887936115264893e-03 2.702017500996589661e-02 2.152602933347225189e-02 3.897014260292053223e-02 2.071571536362171173e-02 4.197387397289276123e-02 5.033005401492118835e-02 3.986100852489471436e-02 3.872672095894813538e-02 2.435532584786415100e-02 2.693190239369869232e-03 3.304045274853706360e-02 3.822126612067222595e-02 1.187892258167266846e-02 1.527794450521469116e-02 4.966771975159645081e-02 4.368885885924100876e-03 4.374081641435623169e-02 1.754957810044288635e-02 3.637053444981575012e-02 5.995943769812583923e-02 3.650349972303956747e-04 4.963036999106407166e-02 1.969236508011817932e-02 7.229647785425186157e-02 4.912783578038215637e-02 6.627841852605342865e-03 9.334567002952098846e-03 8.066167123615741730e-03 1.187627390027046204e-02 2.634125063195824623e-03 2.897220663726329803e-02 7.898567244410514832e-03 1.857912167906761169e-02 1.225496269762516022e-02 2.777510508894920349e-02 6.499452516436576843e-03 9.117972105741500854e-03 2.611353807151317596e-02 2.892175130546092987e-02 3.846192965283989906e-03 3.377052769064903259e-02 2.578771207481622696e-03 1.151060219854116440e-02 3.238820657134056091e-02 4.119126871228218079e-02 3.234864398837089539e-02 4.417544603347778320e-02 1.894092746078968048e-02 4.488243907690048218e-02
8.972002193331718445e-03 2.055544033646583557e-02 1.508845947682857513e-03 1.130106672644615173e-02 1.387190259993076324e-02 8.046334236860275269e-02 5.391595140099525452e-02 8.404827676713466644e-03 2.249699644744396210e-02 9.629400447010993958e-04 4.182023555040359497e-02 5.070591568946838379e-01 4.657005518674850464e-02 1.616666018962860107e-01 5.922659765928983688e-03 3.838429227471351624e-02 3.796409443020820618e-02 4.345199465751647949e-02 2.590056881308555603e-02 4.335478693246841431e-02 3.093109698966145515e-03 1.125716418027877808e-02 5.668917205184698105e-03 4.554069787263870239e-02 2.549748122692108154e-02 5.549594759941101074e-02 2.494111470878124237e-02 1.064440757036209106e-01 3.747669607400894165e-02 8.997068554162979126e-02 4.225771874189376831e-02 1.096971519291400909e-02 2.341358736157417297e-02 2.269744174554944038e-03 2.862571924924850464e-02 1.447499729692935944e-02 1.601371169090270996e-02 2.411662600934505463e-03 2.098306454718112946e-02 5.211101379245519638e-03 5.175627768039703369e-03 5.366298183798789978e-02 5.638723261654376984e-03 3.654963895678520203e-02 7.131487876176834106e-02 8.700626902282238007e-03 6.420749425888061523e-02 5.309930816292762756e-02 5.609973147511482239e-02 3.780684620141983032e-02 2.382018603384494781e-02 3.499623760581016541e-02 3.440955281257629395e-02 2.938328124582767487e-02 1.147899404168128967e-02 1.831402443349361420e-02 1.821481622755527496e-02 4.324086010456085205e-02 2.755466662347316742e-02 3.186456486582756042e-02 2.947287634015083313e-02 3.055948391556739807e-02 3.090157173573970795e-02 3.979586809873580933e-02 4.043877497315406799e-02 2.109656296670436859e-02 3.109569428488612175e-03 5.820394027978181839e-03 1.208561379462480545e-02 3.648913651704788208e-02 9.589075110852718353e-03 2.439743839204311371e-02 2.870843932032585144e-02 4.396330937743186951e-02 3.387727588415145874e-02 1.215638592839241028e-02 9.968525730073451996e-03 1.568107679486274719e-02 1.426135096698999405e-02 3.279714286327362061e-02 1.650279946625232697e-02 1.942300237715244293e-02 3.904040902853012085e-02 4.547624662518501282e-02 4.695829004049301147e-02 4.814272373914718628e-02 3.349861130118370056e-02 2.215790376067161560e-02 4.275186359882354736e-02 4.582220315933227539e-02 4.645651951432228088e-02 1.953210681676864624e-02 6.735218316316604614e-02 1.376969553530216217e-02 1.132888253778219223e-02 2.063949406147003174e-02 3.440769389271736145e-02 1.941814087331295013e-02 5.531928688287734985e-02 5.687709152698516846e-02 3.772540763020515442e-02 4.218017682433128357e-02 3.466592729091644287e-02 1.117124594748020172e-02 1.970218680799007416e-02 1.523608900606632233e-02 2.447187714278697968e-02 8.341868408024311066e-03 5.136400461196899414e-02 6.243797391653060913e-02 1.568910665810108185e-02 2.953656576573848724e-02 2.615739405155181885e-02 4.892508964985609055e-03 8.520583622157573700e-03 5.985824391245841980e-02
9.562504291534423828e-02 1.017641872167587280e-01 1.959471777081489563e-02 2.968212217092514038e-02 4.264908842742443085e-03 1.008553151041269302e-02 6.391491275280714035e-03 5.191186442971229553e-02 1.007528882473707199e-02 7.437515305355191231e-04 9.737151861190795898e-02 4.657005518674850464e-02 5.185666084289550781e-01 3.558602929115295410e-02 5.904589593410491943e-02 4.712903872132301331e-02 3.359264507889747620e-02 2.941272407770156860e-02 3.338826121762394905e-03 1.505091041326522827e-02 2.188030071556568146e-02 3.270784020423889160e-02 3.547519817948341370e-02 3.112834133207798004e-02 3.778172656893730164e-02 2.965016523376107216e-03 1.766526140272617340e-02 4.537628963589668274e-02 7.079894840717315674e-02 3.835255652666091919e-02 6.700904667377471924e-02 2.256515622138977051e-02 1.901613175868988037e-02 1.129910815507173538e-02 1.233694329857826233e-02 1.917045377194881439e-02 4.687414504587650299e-03 2.472921833395957947e-02 5.618671700358390808e-02 1.372629776597023010e-02 4.596550390124320984e-02 2.240472845733165741e-02 4.107627272605895996e-02 1.085305493324995041e-02 4.748858511447906494e-02 1.180118601769208908e-02 2.136075170710682869e-03 2.540034800767898560e-02 3.728027269244194031e-02 2.655315585434436798e-02 4.412949457764625549e-02 3.113960288465023041e-02 4.870043694972991943e-02 3.012106381356716156e-02 2.946390584111213684e-02 2.984624169766902924e-02 4.682962968945503235e-02 2.485598623752593994e-02 1.767599396407604218e-02 5.096340924501419067e-02 7.743037771433591843e-03 7.302399259060621262e-03 2.511895634233951569e-02 3.195648640394210815e-02 5.849491059780120850e-02 2.825855836272239685e-02 7.157378364354372025e-03 5.190502386540174484e-03 3.253006190061569214e-02 3.529370948672294617e-02 3.449930623173713684e-02 2.914291247725486755e-02 3.761844709515571594e-02 2.007504180073738098e-02 4.886950179934501648e-02 2.847208827733993530e-02 1.444738544523715973e-02 1.256089564412832260e-02 3.756014630198478699e-02 1.074536051601171494e-02 1.651623286306858063e-02 1.233530789613723755e-02 1.973226293921470642e-02 4.088725149631500244e-02 1.930064707994461060e-02 4.923482984304428101e-02 4.912246391177177429e-02 2.626932412385940552e-02 5.549718812108039856e-02 1.433890499174594879e-02 2.104399912059307098e-02 2.811203151941299438e-02 2.269794419407844543e-02 3.631014749407768250e-02 4.409276414662599564e-03 3.448418527841567993e-02 3.496183827519416809e-02 2.115326002240180969e-03 3.744758665561676025e-03 2.653808332979679108e-02 2.309438958764076233e-02 3.052997030317783356e-02 2.798253297805786133e-02 5.143229290843009949e-02 4.205438494682312012e-02 4.596849530935287476e-02 1.251182891428470612e-02 3.092809766530990601e-02 1.113513577729463577e-02 1.493262872099876404e-02 1.449495274573564529e-02 2.152026817202568054e-02 4.655856266617774963e-02 4.639362171292304993e-02 1.581435836851596832e-02 4.844371601939201355e-02
