5.165191292762756348e-01 1.524382531642913818e-01 2.670942246913909912e-02 9.669500403106212616e-03 2.623704634606838226e-02 6.754719465970993042e-02 7.488995045423507690e-02 3.432749211788177490e-02 6.478788796812295914e-03 1.075126230716705322e-02 1.665358245372772217e-01 2.189151942729949951e-02 1.516519784927368164e-01 2.822064235806465149e-02 5.289234686642885208e-03 5.882706958800554276e-03 2.278013154864311218e-02 8.275354048237204552e-05 8.983560837805271149e-03 1.934384182095527649e-02 1.980432309210300446e-02 2.278341446071863174e-03 5.081523675471544266e-03 5.630924366414546967e-03 2.405306883156299591e-02 1.708490587770938873e-02 3.204401582479476929e-02 8.938612788915634155e-02 5.094682797789573669e-02 5.272774770855903625e-02 3.971606120467185974e-02 4.160500317811965942e-02 4.415642097592353821e-02 5.733062699437141418e-02 2.438561432063579559e-02 1.951009733602404594e-03 1.036075502634048462e-02 2.147705666720867157e-02 1.362193934619426727e-02 8.151185698807239532e-03 5.983814597129821777e-02 4.267171025276184082e-02 2.444159425795078278e-02 6.256953626871109009e-02 1.871101371943950653e-02 4.230279102921485901e-02 1.261811107397079468e-01 9.822110086679458618e-02 2.059420570731163025e-02 3.603573143482208252e-02 4.794788360595703125e-02 6.058191880583763123e-03 7.866550236940383911e-03 1.423753611743450165e-02 1.413893885910511017e-02 1.574705168604850769e-02 4.832164943218231201e-02 4.893132951110601425e-03 5.368042271584272385e-03 1.318142563104629517e-02 1.816219650208950043e-02 4.214013367891311646e-02 6.061871536076068878e-03 1.838963013142347336e-03 4.056517034769058228e-02 5.792167410254478455e-02 7.049411069601774216e-03 3.670727368444204330e-03 3.389207273721694946e-02 2.916652709245681763e-02 4.456263035535812378e-02 2.579366788268089294e-02 1.571095362305641174e-02 1.260618958622217178e-02 4.806176945567131042e-02 9.396974928677082062e-03 3.198313340544700623e-02 2.531253919005393982e-02 1.103802118450403214e-03 3.780315862968564034e-03 5.713411420583724976e-02 6.658423691987991333e-02 2.654101327061653137e-02 6.842951755970716476e-03 9.976974688470363617e-03 4.001825302839279175e-02 3.640717640519142151e-02 1.257302798330783844e-02 5.125377699732780457e-02 2.400979213416576385e-02 3.446890041232109070e-02 3.659826470538973808e-03 2.273227274417877197e-02 3.908580541610717773e-02 3.547433763742446899e-02 4.363695904612541199e-02 2.544109337031841278e-02 4.627880081534385681e-02 2.789078280329704285e-02 3.539148345589637756e-02 1.415105070918798447e-02 4.658603668212890625e-02 2.940890379250049591e-02 4.736617580056190491e-02 4.621053859591484070e-02 1.292950939387083054e-02 3.228406130801886320e-04 4.423483088612556458e-02 2.225759811699390411e-02 1.210083533078432083e-02 4.029830917716026306e-02 5.283149890601634979e-03 3.521714732050895691e-02 5.229556933045387268e-02 3.023948892951011658e-02 1.488046068698167801e-02
1.524382531642913818e-01 5.133256912231445312e-01 2.453988231718540192e-02 7.702749688178300858e-03 6.897894199937582016e-03 1.027680337429046631e-01 1.174961626529693604e-01 2.493601478636264801e-02 1.637726649641990662e-02 9.000265970826148987e-03 9.708165377378463745e-02 5.073171854019165039e-02 9.436724334955215454e-02 9.449861943721771240e-03 3.781132027506828308e-02 2.360540069639682770e-02 1.688939519226551056e-02 3.211238235235214233e-02 1.007484924048185349e-02 3.359816595911979675e-02 2.616371493786573410e-03 3.728890419006347656e-02 5.032614991068840027e-02 2.221392281353473663e-02 1.430823374539613724e-02 2.595027163624763489e-02 1.568924635648727417e-02 5.993094295263290405e-02 5.716944113373756409e-02 1.781970821321010590e-02 5.378050357103347778e-02 1.968980021774768829e-02 1.782493665814399719e-02 2.022963762283325195e-02 1.651311479508876801e-02 2.103774249553680420e-02 2.621717005968093872e-02 5.421073362231254578e-02 3.731926158070564270e-02 3.492673113942146301e-02 2.026061341166496277e-02 1.286779437214136124e-02 2.315479097887873650e-03 3.913283813744783401e-03 8.518458344042301178e-03 1.416924595832824707e-02 8.657269179821014404e-02 6.984213739633560181e-02 4.735606722533702850e-03 1.594277843832969666e-02 3.134065493941307068e-02 2.317440137267112732e-02 2.302314527332782745e-02 1.629583723843097687e-02 1.578577421605587006e-02 2.648036554455757141e-02 2.265574596822261810e-02 1.625716686248779297e-02 4.377720877528190613e-02 5.107174068689346313e-02 2.169395424425601959e-02 1.784114399924874306e-03 1.720753312110900879e-02 3.933317959308624268e-02 1.043039094656705856e-02 1.607590354979038239e-02 1.237185206264257431e-02 1.751983538269996643e-02 1.266347151249647141e-02 3.525204584002494812e-02 1.314921490848064423e-02 1.030179392546415329e-02 1.324757188558578491e-02 1.307722064666450024e-03 3.921903204172849655e-03 3.019190765917301178e-02 2.963370457291603088e-02 5.085900053381919861e-02 1.082436088472604752e-02 1.389112602919340134e-02 1.391871552914381027e-02 1.477463264018297195e-02 5.233207717537879944e-03 2.431095112115144730e-03 5.204304307699203491e-02 1.617380417883396149e-02 1.807060651481151581e-02 5.005951039493083954e-03 8.995732292532920837e-03 1.450040959753096104e-03 3.443471714854240417e-02 3.515514358878135681e-02 8.269174955785274506e-03 6.165830045938491821e-02 2.024105377495288849e-02 3.115305304527282715e-02 1.538433320820331573e-02 7.126224227249622345e-03 3.314534202218055725e-02 4.139233846217393875e-03 1.174915581941604614e-03 1.590465544722974300e-03 3.901802469044923782e-03 4.024500772356987000e-02 3.038627468049526215e-02 1.036413107067346573e-02 2.480755560100078583e-02 1.792306266725063324e-02 3.592468425631523132e-02 2.357898280024528503e-02 5.162906367331743240e-03 4.313403740525245667e-02 1.780231110751628876e-02 4.091206006705760956e-03 2.593189291656017303e-02 1.456683874130249023e-02
2.670942246913909912e-02 2.453988231718540192e-02 4.803579449653625488e-01 3.132699802517890930e-02 1.557813398540019989e-02 3.224670514464378357e-02 1.379879005253314972e-02 6.385979056358337402e-02 5.071275308728218079e-02 8.103928528726100922e-03 2.518479339778423309e-02 2.489797770977020264e-03 1.089950464665889740e-02 3.387006232514977455e-03 1.998686045408248901e-02 3.372880397364497185e-03 8.453190326690673828e-03 1.287486311048269272e-02 6.256691366434097290e-02 5.921683087944984436e-02 4.621116071939468384e-02 7.514757663011550903e-02 2.852321229875087738e-02 4.124442860484123230e-02 1.104737818241119385e-02 3.651151061058044434e-02 3.387603163719177246e-02 1.224798709154129028e-02 3.216202557086944580e-02 3.681593015789985657e-02 3.730638325214385986e-02 1.777361705899238586e-02 4.467562958598136902e-02 4.043710976839065552e-02 4.215188324451446533e-02 3.576323017477989197e-02 8.767968975007534027e-03 4.707773029804229736e-02 3.605816885828971863e-02 1.899403333663940430e-02 2.244465053081512451e-03 4.348940774798393250e-02 2.763640321791172028e-02 4.018659237772226334e-03 2.144319564104080200e-02 2.263866923749446869e-02 2.654224447906017303e-02 1.118944864720106125e-02 1.817427389323711395e-02 2.212869934737682343e-02 6.647458299994468689e-03 1.876742392778396606e-02 6.816125009208917618e-03 1.287318649701774120e-03 3.199224546551704407e-02 3.338348760735243559e-04 1.074837334454059601e-02 1.688942499458789825e-02 2.547049894928932190e-02 7.195479236543178558e-03 1.086291298270225525e-02 4.834249615669250488e-03 2.768004499375820160e-02 4.822995141148567200e-02 8.940201252698898315e-03 5.828593298792839050e-02 3.950376063585281372e-02 1.191682368516921997e-02 2.794999815523624420e-02 2.840072289109230042e-02 2.108968980610370636e-02 3.106086328625679016e-02 3.705754131078720093e-02 6.955789774656295776e-02 1.249605789780616760e-02 2.948691602796316147e-03 1.033776719123125076e-02 4.527967050671577454e-02 1.941147819161415100e-02 1.236255560070276260e-02 1.487845778465270996e-01 8.659753203392028809e-02 1.974051073193550110e-02 2.632529847323894501e-02 3.348328173160552979e-02 2.666391432285308838e-03 3.049761615693569183e-02 1.011754013597965240e-02 2.516767196357250214e-02 4.194460343569517136e-03 4.512147977948188782e-02 2.143042907118797302e-02 2.023962326347827911e-02 2.520129550248384476e-03 2.716916054487228394e-02 7.710573729127645493e-03 3.902972862124443054e-02 1.324352249503135681e-02 4.559615626931190491e-02 3.146606683731079102e-02 3.503229841589927673e-02 3.226756304502487183e-02 1.790392212569713593e-02 5.028903484344482422e-03 9.519141167402267456e-03 3.043748624622821808e-02 5.861196666955947876e-02 7.669193204492330551e-03 2.260764315724372864e-02 4.605678096413612366e-02 3.979882597923278809e-02 6.448786705732345581e-02 1.359683275222778320e-02 1.202725805342197418e-02 1.148847304284572601e-02 7.253034040331840515e-03
9.669500403106212616e-03 7.702749688178300858e-03 3.132699802517890930e-02 5.011872649192810059e-01 8.629261702299118042e-02 2.215948514640331268e-02 6.002379115670919418e-03 1.658990420401096344e-02 4.690141603350639343e-02 3.278835490345954895e-02 3.632434085011482239e-02 9.466376155614852905e-03 3.438917919993400574e-03 1.345908385701477528e-03 9.337085299193859100e-03 2.645546942949295044e-02 3.844179958105087280e-02 2.097712131217122078e-03 2.389068156480789185e-02 2.438182197511196136e-02 3.324810788035392761e-02 9.596762247383594513e-03 2.623205073177814484e-02 3.497622162103652954e-02 1.570206321775913239e-02 4.400870949029922485e-02 2.266368456184864044e-02 3.029048908501863480e-03 5.389045551419258118e-02 3.525170683860778809e-02 2.270084992051124573e-02 1.714462600648403168e-02 3.201303631067276001e-02 4.049863666296005249e-03 1.281908247619867325e-02 3.946375101804733276e-03 4.745367169380187988e-02 3.942470625042915344e-02 2.047431655228137970e-02 2.117944322526454926e-02 9.622499346733093262e-03 3.797366842627525330e-02 7.407965604215860367e-03 4.420941323041915894e-02 1.337814237922430038e-02 1.603667065501213074e-02 6.643845234066247940e-03 2.572178374975919724e-03 1.528085442259907722e-03 8.691693656146526337e-03 1.366024464368820190e-02 2.304523624479770660e-02 3.618770278990268707e-03 6.978653836995363235e-03 5.181273911148309708e-03 4.248805344104766846e-03 4.042151570320129395e-02 5.022261393605731428e-05 1.502476446330547333e-02 1.037840824574232101e-02 4.041779786348342896e-03 1.915499195456504822e-02 7.189650833606719971e-02 1.623320579528808594e-02 3.892904520034790039e-02 2.263712696731090546e-02 1.138339471071958542e-02 1.271137036383152008e-02 5.765612702816724777e-03 3.530448302626609802e-02 5.900263786315917969e-03 2.237659133970737457e-02 6.450018286705017090e-02 3.970888629555702209e-02 3.682577982544898987e-02 2.599135227501392365e-02 2.922010235488414764e-02 6.498598027974367142e-03 3.329776972532272339e-02 3.407160937786102295e-02 2.525807125493884087e-03 4.008834064006805420e-02 3.829824924468994141e-02 7.055478054098784924e-04 2.866587787866592407e-02 2.259802259504795074e-02 1.995599642395973206e-02 1.473638694733381271e-02 2.676994167268276215e-02 2.185831777751445770e-02 2.423964813351631165e-02 2.823471277952194214e-02 2.133847773075103760e-02 3.950646147131919861e-02 2.856861427426338196e-02 1.257347175851464272e-03 3.256835415959358215e-02 1.832271576859056950e-03 3.916960582137107849e-02 2.476560510694980621e-02 5.058263242244720459e-02 4.139170423150062561e-02 7.988725788891315460e-03 5.192225426435470581e-02 4.740931559354066849e-03 3.293405845761299133e-02 2.797736600041389465e-02 7.465066760778427124e-02 1.185815501958131790e-02 3.143746405839920044e-02 1.878404989838600159e-03 2.072254382073879242e-02 3.437653928995132446e-02 2.511917613446712494e-02 2.729026135057210922e-03 2.045500464737415314e-02
2.623704634606838226e-02 6.897894199937582016e-03 1.557813398540019989e-02 8.629261702299118042e-02 5.136476159095764160e-01 5.548817105591297150e-03 6.006496027112007141e-03 3.476253151893615723e-02 3.949619084596633911e-02 5.860928911715745926e-03 3.137778118252754211e-02 1.471631508320569992e-02 5.264917854219675064e-03 8.877555839717388153e-03 5.837543401867151260e-03 4.334700480103492737e-02 3.777931258082389832e-02 1.572551205754280090e-02 5.941816419363021851e-02 3.754849731922149658e-02 4.211572185158729553e-02 1.644803769886493683e-02 9.592865593731403351e-03 3.296804428100585938e-02 1.947047561407089233e-02 4.257983341813087463e-02 1.975317252799868584e-03 3.111824020743370056e-02 1.795444113668054342e-04 4.297415539622306824e-02 2.337912563234567642e-03 2.163537032902240753e-02 1.530343387275934219e-02 4.664546251296997070e-02 7.630360778421163559e-03 7.045484613627195358e-03 3.310601785778999329e-02 1.071072183549404144e-02 5.026483163237571716e-02 5.340519919991493225e-02 6.877110339701175690e-03 9.676919318735599518e-03 2.590275183320045471e-02 4.159326106309890747e-02 1.802126504480838776e-02 1.124415919184684753e-02 3.791239857673645020e-02 1.444060937501490116e-03 1.530885137617588043e-02 3.273958340287208557e-02 3.996712714433670044e-02 3.209270536899566650e-02 1.184795796871185303e-02 5.232503637671470642e-03 4.121241718530654907e-02 5.566622596234083176e-03 7.832525297999382019e-03 7.714569568634033203e-03 5.903094541281461716e-03 8.773903362452983856e-03 1.518495939671993256e-02 3.895868733525276184e-02 2.473982237279415131e-02 2.948169969022274017e-02 5.463279783725738525e-02 3.667936474084854126e-02 2.954573370516300201e-03 3.005651757121086121e-02 5.135935917496681213e-02 4.949407279491424561e-02 4.604975134134292603e-02 1.115131378173828125e-02 6.379173696041107178e-02 5.256326124072074890e-02 6.816893815994262695e-02 1.151117589324712753e-02 3.305800724774599075e-03 6.399580743163824081e-03 2.411849424242973328e-02 3.688447177410125732e-02 2.154625207185745239e-02 3.849258646368980408e-04 4.147316329181194305e-03 1.938504539430141449e-02 4.409116879105567932e-02 2.530271653085947037e-03 1.301608700305223465e-02 5.047159641981124878e-02 1.571778208017349243e-02 2.161075919866561890e-02 9.084146469831466675e-03 2.208179049193859100e-02 2.568729687482118607e-03 4.560713097453117371e-02 3.951840475201606750e-02 4.757298529148101807e-02 1.109173428267240524e-02 1.130189746618270874e-03 3.133024647831916809e-02 1.756747253239154816e-03 3.710012882947921753e-02 2.660916000604629517e-02 9.624164551496505737e-03 5.210040137171745300e-02 5.239202082157135010e-02 1.445139572024345398e-02 5.987431854009628296e-02 4.462594538927078247e-02 4.690580070018768311e-02 3.343928605318069458e-02 3.406568244099617004e-02 1.515941228717565536e-02 1.714485883712768555e-02 1.133435778319835663e-02 1.196859683841466904e-02 6.428216118365526199e-03
6.754719465970993042e-02 1.027680337429046631e-01 3.224670514464378357e-02 2.215948514640331268e-02 5.548817105591297150e-03 5.142983794212341309e-01 1.515367925167083740e-01 4.192592576146125793e-02 1.210487447679042816e-02 1.814887160435318947e-03 2.922345139086246490e-02 9.137561544775962830e-03 1.944188028573989868e-02 4.652145504951477051e-02 4.548009019345045090e-03 2.087881974875926971e-02 2.391072362661361694e-02 1.189989503473043442e-02 1.920257054734975100e-04 3.384473547339439392e-02 3.309531882405281067e-02 3.316610306501388550e-02 1.506441086530685425e-02 3.509315103292465210e-02 4.913494363427162170e-02 4.229955747723579407e-02 2.317348122596740723e-02 4.560517612844705582e-03 3.465951234102249146e-02 4.033251479268074036e-02 6.210063025355339050e-02 2.972757071256637573e-02 1.877463422715663910e-02 1.809094287455081940e-02 3.239648940507322550e-04 5.428005009889602661e-03 2.546641044318675995e-02 4.663634300231933594e-02 3.361753001809120178e-02 1.808680407702922821e-02 1.420177170075476170e-03 4.061623290181159973e-02 3.736096993088722229e-02 1.433718018233776093e-02 5.117505788803100586e-02 4.564105346798896790e-02 1.074490547180175781e-01 3.308186307549476624e-02 5.001524463295936584e-02 5.376133485697209835e-04 2.074052579700946808e-02 4.094535112380981445e-02 2.105029858648777008e-02 1.927690580487251282e-02 3.763364627957344055e-02 1.435117144137620926e-02 9.226724505424499512e-03 1.992066390812397003e-02 2.447547577321529388e-02 1.304522156715393066e-02 1.760329492390155792e-02 1.845508813858032227e-02 1.048180554062128067e-02 3.691606223583221436e-02 6.014340370893478394e-02 5.949010327458381653e-02 1.762512722052633762e-03 1.255805604159832001e-03 8.435885421931743622e-03 4.442105442285537720e-02 4.585046321153640747e-03 5.859867855906486511e-02 1.416354905813932419e-02 4.048619791865348816e-02 1.201963145285844803e-02 5.188236385583877563e-02 9.392709471285343170e-03 2.701858431100845337e-02 1.674724556505680084e-02 3.412464633584022522e-02 4.798159375786781311e-02 2.975029125809669495e-02 1.480033434927463531e-02 6.306820083409547806e-03 3.033564426004886627e-02 4.207243397831916809e-02 9.177185129374265671e-04 7.041696459054946899e-03 3.972216323018074036e-02 3.727602958679199219e-02 1.895735599100589752e-02 2.141308411955833435e-02 5.110904108732938766e-03 3.833955852314829826e-03 1.083548553287982941e-02 2.246733009815216064e-02 2.759617567062377930e-02 1.831689290702342987e-02 3.836634010076522827e-02 4.247663542628288269e-02 4.134143143892288208e-02 2.879893220961093903e-02 3.009827993810176849e-02 5.695201456546783447e-03 3.219458088278770447e-02 5.060474388301372528e-03 3.243338316679000854e-03 3.269767016172409058e-02 5.385604687035083771e-03 3.157695382833480835e-02 1.935801282525062561e-02 5.097976326942443848e-02 4.742122069001197815e-02 2.171227335929870605e-02 4.484914615750312805e-02 3.987007215619087219e-02
7.488995045423507690e-02 1.174961626529693604e-01 1.379879005253314972e-02 6.002379115670919418e-03 6.006496027112007141e-03 1.515367925167083740e-01 5.064926147460937500e-01 8.884549140930175781e-02 1.090747583657503128e-02 6.619611289352178574e-03 4.303720220923423767e-02 2.333270013332366943e-02 4.935335367918014526e-03 5.252356827259063721e-02 2.894619293510913849e-02 1.990050449967384338e-02 2.204543165862560272e-02 4.486415069550275803e-03 4.293807316571474075e-03 3.624394536018371582e-02 1.015337742865085602e-02 3.972198441624641418e-02 1.892792992293834686e-02 3.137456625699996948e-02 3.990634530782699585e-02 1.677855290472507477e-02 3.077506087720394135e-02 1.835980825126171112e-02 2.547539770603179932e-02 2.777693234384059906e-02 6.292692571878433228e-02 2.748646214604377747e-02 3.928221389651298523e-02 8.433548733592033386e-03 2.891837619245052338e-02 1.865220628678798676e-02 3.482747077941894531e-02 4.628165811300277710e-02 4.025647416710853577e-02 1.845474168658256531e-02 4.955484997481107712e-03 3.001393191516399384e-02 2.661066129803657532e-02 1.656949898460879922e-04 1.903219707310199738e-02 2.957005985081195831e-02 1.084481626749038696e-01 2.074692584574222565e-02 4.990554600954055786e-02 7.852024282328784466e-04 2.539734728634357452e-02 3.059873729944229126e-02 9.720157831907272339e-04 1.086764037609100342e-02 4.768550768494606018e-02 1.943360897712409496e-03 1.819129846990108490e-02 2.120631001889705658e-02 4.929294437170028687e-02 3.922736644744873047e-02 2.468241006135940552e-02 7.599967066198587418e-03 8.041974157094955444e-03 2.255790680646896362e-02 2.761637978255748749e-02 1.272713765501976013e-02 1.676855026744306087e-03 1.743908412754535675e-02 3.073442494496703148e-03 3.188453987240791321e-02 1.355442870408296585e-02 3.928022086620330811e-02 1.343925576657056808e-02 1.232782145962119102e-03 9.942923672497272491e-03 4.087553545832633972e-02 9.579226025380194187e-04 3.311372920870780945e-02 1.937925443053245544e-02 2.570183202624320984e-02 3.601944074034690857e-02 4.340134561061859131e-02 1.839778758585453033e-02 7.554576266556978226e-03 4.023755714297294617e-02 5.231995508074760437e-02 1.016331184655427933e-02 2.080145850777626038e-02 4.148153960704803467e-02 4.981620609760284424e-02 9.274031035602092743e-03 3.793014958500862122e-02 1.896894164383411407e-02 1.767624728381633759e-02 1.179213728755712509e-02 2.416594512760639191e-02 1.644315756857395172e-02 2.040693536400794983e-02 3.990744799375534058e-02 4.506145045161247253e-02 1.412024442106485367e-02 4.655812401324510574e-03 1.995767466723918915e-03 3.250740002840757370e-03 4.630724713206291199e-02 1.540129352360963821e-02 3.391551598906517029e-02 8.168496191501617432e-03 2.116162888705730438e-02 9.841764345765113831e-03 4.321732744574546814e-02 1.425909530371427536e-02 3.594716265797615051e-02 1.911250874400138855e-02 2.181586995720863342e-02 2.438816800713539124e-02
3.432749211788177490e-02 2.493601478636264801e-02 6.385979056358337402e-02 1.658990420401096344e-02 3.476253151893615723e-02 4.192592576146125793e-02 8.884549140930175781e-02 4.896388053894042969e-01 3.951914235949516296e-02 3.536649793386459351e-02 3.012898378074169159e-02 2.113210409879684448e-02 1.750276051461696625e-02 4.226156696677207947e-02 4.004157707095146179e-02 6.959522608667612076e-03 4.915133118629455566e-03 4.091842472553253174e-02 1.595630683004856110e-02 7.820112630724906921e-03 7.359021343290805817e-03 5.031247064471244812e-02 1.416080910712480545e-02 4.323285073041915894e-03 3.553374111652374268e-02 1.315819006413221359e-02 8.439712971448898315e-02 5.412024632096290588e-02 9.533930569887161255e-03 4.865223541855812073e-02 3.077105793636292219e-04 3.877550130710005760e-03 3.481957688927650452e-02 2.328439243137836456e-02 2.941317297518253326e-02 1.389542967081069946e-02 3.987854142906144261e-05 6.334055215120315552e-02 3.944870084524154663e-02 2.602242305874824524e-02 1.697466336190700531e-02 1.019139774143695831e-02 4.140322655439376831e-02 2.887997031211853027e-02 1.044687721878290176e-02 2.795672975480556488e-02 6.992600113153457642e-02 2.492926456034183502e-02 1.681502163410186768e-02 3.335938975214958191e-02 3.680413216352462769e-02 2.303782105445861816e-02 2.136894268915057182e-03 1.786852627992630005e-02 2.790419384837150574e-02 2.633931674063205719e-02 4.582361131906509399e-02 3.297525271773338318e-02 4.078071564435958862e-02 4.015394672751426697e-02 1.473122928291559219e-02 4.800032079219818115e-02 2.435860410332679749e-02 4.250219836831092834e-02 5.926634371280670166e-02 3.072130121290683746e-02 9.309896267950534821e-03 4.913600627332925797e-03 1.304215285927057266e-02 1.499633118510246277e-02 1.065462268888950348e-02 4.160577431321144104e-02 1.959591917693614960e-02 2.049468085169792175e-02 5.022255331277847290e-02 4.445421695709228516e-02 1.841549761593341827e-03 1.441033929586410522e-02 2.483765594661235809e-03 3.716976195573806763e-02 1.044786274433135986e-01 1.008204370737075806e-01 1.437374576926231384e-02 2.062105049844831228e-04 2.163960784673690796e-02 1.145396288484334946e-02 3.019479289650917053e-02 1.603784412145614624e-02 2.223322354257106781e-02 1.639407710172235966e-03 2.675464190542697906e-02 2.843333408236503601e-02 5.097717512398958206e-03 3.297188133001327515e-02 4.075343254953622818e-03 5.068828817456960678e-03 3.643651679158210754e-02 1.367812789976596832e-02 3.503004834055900574e-02 4.985604062676429749e-02 1.259327400475740433e-02 3.771176096051931381e-03 5.308509990572929382e-02 2.502892911434173584e-02 2.616852987557649612e-03 9.047806262969970703e-03 4.389093443751335144e-02 2.979315258562564850e-02 2.592027746140956879e-02 4.665639623999595642e-02 1.130514685064554214e-02 5.874162539839744568e-03 1.839215983636677265e-03 2.999776229262351990e-02 7.104692980647087097e-03 1.126871723681688309e-02
6.478788796812295914e-03 1.637726649641990662e-02 5.071275308728218079e-02 4.690141603350639343e-02 3.949619084596633911e-02 1.210487447679042816e-02 1.090747583657503128e-02 3.951914235949516296e-02 5.102658867835998535e-01 5.189938098192214966e-02 2.828835695981979370e-02 3.841604106128215790e-03 9.702999144792556763e-03 3.503778204321861267e-02 1.439583115279674530e-02 2.114535123109817505e-02 3.236925974488258362e-02 7.515823096036911011e-02 2.085560560226440430e-02 4.108123853802680969e-02 2.023323625326156616e-02 1.979026198387145996e-02 6.332079321146011353e-02 1.124272402375936508e-02 4.801197722554206848e-02 1.171132782474160194e-03 4.513761773705482483e-02 6.226802244782447815e-02 2.470159716904163361e-02 8.849553763866424561e-02 3.965723887085914612e-02 2.676536887884140015e-02 4.544850811362266541e-02 1.300590578466653824e-02 1.954837888479232788e-02 4.756183549761772156e-02 5.001315847039222717e-03 1.162833347916603088e-02 3.139048069715499878e-02 4.504984244704246521e-02 1.078566722571849823e-02 1.381795667111873627e-02 5.104674398899078369e-02 5.291104316711425781e-04 1.983757317066192627e-02 3.004218218848109245e-03 4.085725918412208557e-02 2.585991099476814270e-02 5.730920471251010895e-03 1.510133594274520874e-02 5.248491466045379639e-02 3.562008589506149292e-02 4.880405589938163757e-02 1.876170374453067780e-02 1.217457726597785950e-01 5.032846704125404358e-02 4.167974367737770081e-02 4.335267841815948486e-02 2.647662162780761719e-02 3.466134145855903625e-02 2.233342640101909637e-02 1.492354460060596466e-02 5.056104436516761780e-02 1.165742985904216766e-02 5.478816851973533630e-02 4.729864373803138733e-02 3.316108882427215576e-02 3.852586075663566589e-02 3.871537372469902039e-02 1.092372648417949677e-02 6.297361571341753006e-03 5.957721173763275146e-02 5.418820679187774658e-02 5.994780734181404114e-02 4.050004482269287109e-02 8.232719451189041138e-02 1.087315976619720459e-01 6.362040061503648758e-03 4.046123847365379333e-02 3.940417617559432983e-02 2.410987578332424164e-02 2.814126200973987579e-02 1.103438902646303177e-03 4.034882411360740662e-02 8.221197128295898438e-02 5.351182445883750916e-02 4.161751270294189453e-02 3.852906450629234314e-02 5.184894427657127380e-02 3.702160716056823730e-02 2.194680459797382355e-02 1.634715497493743896e-02 4.673665389418601990e-03 3.014633245766162872e-02 3.021321259438991547e-03 1.164531800895929337e-02 3.604102507233619690e-02 9.314484894275665283e-02 3.255223482847213745e-02 1.689064875245094299e-02 3.306416794657707214e-02 1.636490598320960999e-02 3.925987053662538528e-03 2.081662416458129883e-03 3.097536601126194000e-02 4.292945563793182373e-02 3.310157358646392822e-02 8.998282719403505325e-04 2.984228730201721191e-02 2.595129236578941345e-02 4.227242432534694672e-03 1.968904398381710052e-02 3.759201616048812866e-02 1.112020481377840042e-02 1.456537004560232162e-02 3.532291203737258911e-02
1.075126230716705322e-02 9.000265970826148987e-03 8.103928528726100922e-03 3.278835490345954895e-02 5.860928911715745926e-03 1.814887160435318947e-03 6.619611289352178574e-03 3.536649793386459351e-02 5.189938098192214966e-02 5.060417652130126953e-01 4.270062223076820374e-02 7.113435864448547363e-02 4.457755386829376221e-02 7.436013221740722656e-02 2.289778180420398712e-02 4.581803828477859497e-02 2.632009983062744141e-02 3.538949415087699890e-02 2.670212881639599800e-03 2.954324893653392792e-02 3.365064412355422974e-02 3.277743235230445862e-02 2.209165878593921661e-02 1.026372984051704407e-01 4.815270006656646729e-02 6.012524478137493134e-03 2.540171891450881958e-02 4.557565599679946899e-02 3.735493123531341553e-02 3.413605690002441406e-02 4.876035451889038086e-02 5.784660577774047852e-03 3.369051590561866760e-02 1.595006883144378662e-02 4.104770347476005554e-02 4.279630258679389954e-02 3.326503932476043701e-02 4.394117742776870728e-02 1.841116882860660553e-02 2.979127876460552216e-02 2.973927929997444153e-02 3.422990813851356506e-02 2.778778225183486938e-02 3.235270455479621887e-02 9.351098909974098206e-03 6.608964502811431885e-02 4.206134181004017591e-04 1.632415503263473511e-02 3.082157578319311142e-03 3.292715921998023987e-02 2.729338593780994415e-02 4.212090000510215759e-02 4.669963847845792770e-03 1.336159650236368179e-02 4.061466082930564880e-02 5.595926567912101746e-02 4.735352471470832825e-02 1.429515797644853592e-02 5.088662728667259216e-02 4.361044988036155701e-02 1.792183518409729004e-02 4.509796202182769775e-02 3.816123306751251221e-02 8.350453339517116547e-03 4.503261670470237732e-02 5.222553387284278870e-02 4.986975714564323425e-02 2.421936392784118652e-02 5.626342073082923889e-02 6.048771739006042480e-02 3.905158489942550659e-03 3.257916122674942017e-02 5.742370709776878357e-02 9.309829026460647583e-02 1.722341403365135193e-02 3.805666416883468628e-02 4.206280410289764404e-02 9.246912598609924316e-02 1.612761057913303375e-02 1.116533875465393066e-01 1.478421688079833984e-02 7.916028611361980438e-03 7.136482599889859557e-05 1.102923322468996048e-02 1.037250086665153503e-02 6.989153474569320679e-02 1.616142690181732178e-02 2.907626330852508545e-02 1.434355787932872772e-02 2.555029466748237610e-02 2.545334026217460632e-02 2.125618048012256622e-02 3.177673369646072388e-02 3.477688506245613098e-02 2.576533332467079163e-02 4.739219322800636292e-02 6.116848066449165344e-02 4.749193042516708374e-02 1.458875369280576706e-02 2.413227222859859467e-02 1.519513875246047974e-02 3.209761157631874084e-02 2.922432497143745422e-02 3.008480556309223175e-02 3.137630224227905273e-02 1.196650206111371517e-03 6.252713967114686966e-03 3.015662170946598053e-02 5.017162114381790161e-02 5.131659656763076782e-02 5.155478417873382568e-02 1.623828150331974030e-02 4.502882808446884155e-02 5.964146926999092102e-03 2.373188268393278122e-03 6.977886892855167389e-03
1.665358245372772217e-01 9.708165377378463745e-02 2.518479339778423309e-02 3.632434085011482239e-02 3.137778118252754211e-02 2.922345139086246490e-02 4.303720220923423767e-02 3.012898378074169159e-02 2.828835695981979370e-02 4.270062223076820374e-02 5.175632238388061523e-01 4.226109385490417480e-02 1.415459513664245605e-01 1.407192554324865341e-02 1.275617163628339767e-02 7.262781728059053421e-03 6.395995616912841797e-03 5.447910353541374207e-02 1.516631711274385452e-02 6.646196357905864716e-03 3.817859664559364319e-02 1.375176105648279190e-02 1.993178017437458038e-02 2.078229933977127075e-02 1.173962652683258057e-02 8.361058309674263000e-03 1.295050978660583496e-02 7.283185422420501709e-02 7.307079620659351349e-03 6.703923642635345459e-02 5.368798226118087769e-02 8.543904870748519897e-03 3.742479160428047180e-02 2.520759822800755501e-03 2.939959056675434113e-02 2.748158760368824005e-02 2.684514410793781281e-02 9.325094521045684814e-03 2.059562364593148232e-03 2.745454572141170502e-02 2.186444588005542755e-02 2.918480336666107178e-02 2.343482896685600281e-02 1.507274620234966278e-02 3.587389364838600159e-02 4.571748152375221252e-02 1.606431305408477783e-01 6.152600049972534180e-02 1.039328519254922867e-02 4.849589616060256958e-02 5.123613402247428894e-02 9.967751801013946533e-03 3.489818423986434937e-02 3.926812857389450073e-02 2.045468427240848541e-02 1.093707978725433350e-03 1.579896733164787292e-02 8.207580540329217911e-04 1.322306413203477859e-02 4.487894847989082336e-02 1.141559053212404251e-02 2.869181893765926361e-02 5.416294187307357788e-02 5.221362784504890442e-02 9.678295254707336426e-02 6.207093223929405212e-02 2.499374374747276306e-02 4.882670193910598755e-02 1.170529238879680634e-02 9.366173297166824341e-03 1.286443136632442474e-02 4.310773313045501709e-02 5.125999078154563904e-02 4.925974830985069275e-02 1.520059444010257721e-02 3.773494437336921692e-02 1.729573681950569153e-02 7.598464842885732651e-03 4.686230421066284180e-02 1.613693311810493469e-02 6.053339317440986633e-02 9.909474290907382965e-03 4.051634669303894043e-02 2.076440863311290741e-02 2.259789593517780304e-02 2.711718901991844177e-02 4.305218532681465149e-02 2.084037754684686661e-03 7.150983903557062149e-03 4.218524321913719177e-03 3.310306742787361145e-02 3.515905141830444336e-02 2.384652942419052124e-02 1.247588451951742172e-02 8.474994450807571411e-03 9.845002554357051849e-03 3.629795461893081665e-02 4.428019374608993530e-02 1.101478096097707748e-02 4.028451442718505859e-02 2.183471992611885071e-02 2.435917034745216370e-02 2.434759214520454407e-02 3.604874387383460999e-02 5.191971082240343094e-03 3.925761952996253967e-02 7.045976817607879639e-03 1.369903516024351120e-02 3.168747201561927795e-02 2.502749301493167877e-02 7.569548324681818485e-04 1.941873505711555481e-02 3.005033917725086212e-02 4.585347697138786316e-02 5.969555303454399109e-02 3.753643482923507690e-02
2.189151942729949951e-02 5.073171854019165039e-02 2.489797770977020264e-03 9.466376155614852905e-03 1.471631508320569992e-02 9.137561544775962830e-03 2.333270013332366943e-02 2.113210409879684448e-02 3.841604106128215790e-03 7.113435864448547363e-02 4.226109385490417480e-02 4.992540776729583740e-01 1.284162607043981552e-02 1.802841871976852417e-01 4.224453121423721313e-02 3.542249649763107300e-02 2.697670273482799530e-02 3.501434344798326492e-03 1.148183550685644150e-02 3.345231339335441589e-02 1.304890494793653488e-02 3.491729497909545898e-02 9.451977908611297607e-03 3.053158149123191833e-02 3.308428823947906494e-02 2.133080922067165375e-02 2.114676125347614288e-02 2.758198603987693787e-02 3.753605484962463379e-02 2.463578805327415466e-02 2.339283749461174011e-02 1.852142252027988434e-02 3.091941401362419128e-02 2.111883088946342468e-02 3.384627401828765869e-02 3.808772191405296326e-02 2.053300477564334869e-02 9.039738215506076813e-03 4.794359952211380005e-02 1.464453618973493576e-02 4.142571240663528442e-02 1.589540392160415649e-02 1.167503558099269867e-02 1.137904822826385498e-02 6.231933366507291794e-03 2.492464147508144379e-02 6.054483819752931595e-03 1.243768166750669479e-02 2.507515437901020050e-02 2.703598886728286743e-02 3.965460509061813354e-02 3.581509459763765335e-03 1.743104867637157440e-02 2.345574088394641876e-02 3.735176846385002136e-02 3.068589605391025543e-03 4.332507029175758362e-02 8.386988192796707153e-03 3.728644549846649170e-02 3.998317942023277283e-02 2.307655476033687592e-02 2.792025171220302582e-02 1.817630720324814320e-03 1.138249412178993225e-02 5.557981133460998535e-02 3.763699531555175781e-02 3.221017122268676758e-02 1.048074662685394287e-02 6.670569069683551788e-03 4.731603898108005524e-03 4.546387121081352234e-02 4.818256944417953491e-03 4.214721545577049255e-02 5.171802267432212830e-02 4.073213413357734680e-02 2.575798891484737396e-03 4.474148526787757874e-02 1.974686048924922943e-02 1.414639502763748169e-01 5.587517470121383667e-02 1.400058809667825699e-02 3.428135067224502563e-02 2.923323959112167358e-02 2.159693650901317596e-02 1.490982249379158020e-02 5.444568023085594177e-02 3.968869894742965698e-02 7.215921068564057350e-04 5.208624154329299927e-02 4.970680922269821167e-02 1.497983559966087341e-02 6.865582894533872604e-03 4.776349756866693497e-03 1.498320326209068298e-02 3.105740688624791801e-05 3.589139506220817566e-02 1.280244067311286926e-02 4.335210099816322327e-02 1.306601427495479584e-02 4.860728606581687927e-02 8.211820386350154877e-03 2.620412595570087433e-02 2.262910455465316772e-02 3.874560818076133728e-02 2.830996923148632050e-02 2.324097789824008942e-02 9.336739778518676758e-02 4.802760854363441467e-02 9.386459365487098694e-03 9.506827220320701599e-03 4.208566993474960327e-02 3.313092887401580811e-02 5.183912441134452820e-02 1.259949151426553726e-02 4.649737477302551270e-02 3.816334530711174011e-02
1.516519784927368164e-01 9.436724334955215454e-02 1.089950464665889740e-02 3.438917919993400574e-03 5.264917854219675064e-03 1.944188028573989868e-02 4.935335367918014526e-03 1.750276051461696625e-02 9.702999144792556763e-03 4.457755386829376221e-02 1.415459513664245605e-01 1.284162607043981552e-02 5.202975273132324219e-01 2.230614982545375824e-02 1.099847257137298584e-01 4.079622402787208557e-02 3.587666153907775879e-02 3.718094434589147568e-03 4.324327409267425537e-02 1.590878143906593323e-02 3.839071467518806458e-02 5.813470855355262756e-02 1.768562197685241699e-02 4.684448987245559692e-02 4.683205857872962952e-02 8.159279823303222656e-03 5.028324946761131287e-02 8.563675731420516968e-02 2.665290050208568573e-02 6.827021390199661255e-02 3.486199676990509033e-02 3.995236009359359741e-02 3.518101200461387634e-02 1.357340998947620392e-02 2.843959070742130280e-02 3.944978863000869751e-02 6.079111248254776001e-03 5.896297469735145569e-02 1.405056100338697433e-02 6.127241998910903931e-03 9.573235176503658295e-03 6.763786077499389648e-03 8.008967153728008270e-03 3.278778167441487312e-03 6.991872563958168030e-03 2.021715603768825531e-02 7.391964644193649292e-02 9.868393838405609131e-02 4.670770466327667236e-02 3.773872554302215576e-02 2.633461356163024902e-02 1.961496286094188690e-02 4.664089530706405640e-02 2.825451456010341644e-02 5.901218974031507969e-04 7.445424795150756836e-03 1.541817467659711838e-02 4.125470295548439026e-03 3.223748505115509033e-02 1.229157298803329468e-02 4.125110805034637451e-02 3.540337085723876953e-02 1.999861188232898712e-02 2.581191994249820709e-02 5.711765959858894348e-02 6.371469795703887939e-02 2.159117907285690308e-02 2.675168775022029877e-02 4.337685927748680115e-02 1.741416938602924347e-02 2.564216218888759613e-02 2.620072476565837860e-02 1.852503605186939240e-02 3.299929946660995483e-02 4.592669755220413208e-02 4.415249451994895935e-02 4.183624684810638428e-02 2.855664305388927460e-02 9.096193127334117889e-03 4.940867051482200623e-02 8.865293860435485840e-02 4.625807330012321472e-02 4.373878240585327148e-02 2.856586128473281860e-02 4.226152598857879639e-02 2.841977961361408234e-02 3.823421895503997803e-02 2.884455211460590363e-02 1.870196498930454254e-02 1.573235169053077698e-02 3.435482457280158997e-02 1.530926674604415894e-02 4.055501148104667664e-02 3.291621804237365723e-02 9.307043626904487610e-03 6.775056943297386169e-03 1.796173490583896637e-02 3.614460304379463196e-02 4.145178943872451782e-03 2.344879880547523499e-02 8.021810092031955719e-03 4.846356809139251709e-02 1.017961069010198116e-03 7.709331344813108444e-03 2.173584653064608574e-03 6.077910657040774822e-04 4.428218677639961243e-02 1.682328432798385620e-02 3.891832195222377777e-03 5.237346887588500977e-02 3.588993847370147705e-02 2.979235537350177765e-02 5.325730424374341965e-03 5.240340530872344971e-02 3.580344095826148987e-02 3.516125679016113281e-02
