5.495434403419494629e-01 1.095943152904510498e-01 2.398845180869102478e-02 1.235152501612901688e-02 3.216770477592945099e-03 1.258162111043930054e-01 1.037483811378479004e-01 2.343487925827503204e-02 2.795627154409885406e-02 1.526685245335102081e-02 7.225585728883743286e-02 1.967149600386619568e-02 7.290505617856979370e-02 3.270978853106498718e-02 1.665361411869525909e-02 2.679294534027576447e-02 1.666617579758167267e-03 6.332092918455600739e-03 3.565571084618568420e-02 2.824162505567073822e-02 5.807572044432163239e-03 3.689673170447349548e-02 8.313590660691261292e-03 7.295311428606510162e-03 1.804185449145734310e-03 1.553338859230279922e-02 1.580164022743701935e-02 1.665401831269264221e-02 7.128102704882621765e-03 2.944899164140224457e-02 3.013876825571060181e-02 9.300623089075088501e-03 6.337107159197330475e-03 8.725511841475963593e-03 2.162157557904720306e-02 1.921076141297817230e-02 1.817992143332958221e-02 1.269348617643117905e-02 4.861860722303390503e-02 4.492888599634170532e-02 2.757979743182659149e-02 7.380203809589147568e-03 2.037988888332620263e-04 1.299064327031373978e-02 4.321112856268882751e-02 2.076440863311290741e-02 8.425204455852508545e-02 5.310988798737525940e-02 2.132546342909336090e-02 6.700210738927125931e-03 3.553009033203125000e-02 2.613335382193326950e-03 3.811130765825510025e-03 1.308022253215312958e-02 1.371271070092916489e-02 1.488392427563667297e-02 4.562835395336151123e-02 3.913626819849014282e-02 3.776439232751727104e-03 7.532641291618347168e-03 1.373162399977445602e-02 1.544523518532514572e-02 8.626827038824558258e-03 2.080646343529224396e-02 1.971304975450038910e-02 6.500288727693259716e-04 1.379096880555152893e-02 2.129386411979794502e-03 9.302619844675064087e-03 3.031061030924320221e-02 5.374604952521622181e-04 2.285138703882694244e-02 1.870286092162132263e-02 1.583756320178508759e-02 3.346112370491027832e-02 9.448272176086902618e-03 4.402028024196624756e-02 5.004950985312461853e-02 4.758087173104286194e-02 4.393425211310386658e-02 2.992591634392738342e-02 3.368056938052177429e-02 1.766390912234783173e-02 2.447115816175937653e-02 4.288778081536293030e-02 1.529874093830585480e-02 2.573423087596893311e-02 1.333318371325731277e-02 3.222465515136718750e-03 4.164654761552810669e-02 9.606000967323780060e-03 1.063712872564792633e-02 2.023652568459510803e-02 2.979513490572571754e-03 3.308257088065147400e-02 3.368872776627540588e-02 8.944163098931312561e-03 3.950595483183860779e-02 1.673872210085391998e-02 1.038157287985086441e-02 1.252085343003273010e-02 1.112265978008508682e-02 5.893698893487453461e-03 1.503478083759546280e-02 2.263189107179641724e-02 9.217931888997554779e-03 6.109603215008974075e-03 4.083049297332763672e-02 2.984001673758029938e-02 4.463561251759529114e-02 3.990000858902931213e-02 3.786474466323852539e-02 4.395657218992710114e-03 1.403397601097822189e-02 1.861554570496082306e-02 1.718320883810520172e-02
1.095943152904510498e-01 5.519782304763793945e-01 3.842491656541824341e-02 3.526483476161956787e-02 2.275434508919715881e-02 1.104786396026611328e-01 1.103643029928207397e-01 2.566908858716487885e-02 1.290938910096883774e-02 4.409820830915123224e-04 3.664344921708106995e-02 1.807965524494647980e-02 7.538806647062301636e-02 5.715254694223403931e-02 3.452378150541335344e-04 4.248744621872901917e-02 1.763812638819217682e-02 4.098968952894210815e-02 3.034236468374729156e-02 4.248654469847679138e-02 6.902658380568027496e-03 1.894159242510795593e-02 1.773366518318653107e-02 1.258419454097747803e-02 6.320455577224493027e-04 9.362029843032360077e-03 1.084901951253414154e-02 2.437406778335571289e-02 1.593558304011821747e-02 1.753655448555946350e-02 4.644701629877090454e-02 1.004459243267774582e-02 2.108512073755264282e-02 6.403892766684293747e-03 2.829983271658420563e-02 2.352352999150753021e-02 2.717676013708114624e-02 1.540818717330694199e-02 2.964256331324577332e-02 4.568497836589813232e-02 1.890176348388195038e-02 1.582991704344749451e-02 1.288167666643857956e-02 2.763803675770759583e-02 4.692636802792549133e-02 2.279359102249145508e-02 4.650281369686126709e-02 4.552210494875907898e-02 2.054622583091259003e-02 1.799217890948057175e-03 2.959304302930831909e-02 5.209790077060461044e-03 7.563198916614055634e-03 1.544163562357425690e-02 4.269420634955167770e-03 1.394094061106443405e-02 5.370768159627914429e-02 2.756023779511451721e-02 6.067294627428054810e-03 5.327662918716669083e-03 1.635971479117870331e-02 5.481560714542865753e-03 6.958662532269954681e-03 2.842251770198345184e-02 1.212337519973516464e-02 3.896557493135333061e-03 1.945755630731582642e-02 1.093878061510622501e-03 3.419591113924980164e-02 1.894629560410976410e-02 2.990726009011268616e-02 3.228953573852777481e-03 2.772546559572219849e-02 2.029979787766933441e-02 2.860545553267002106e-02 2.173471637070178986e-02 3.458905220031738281e-02 2.655002847313880920e-02 3.195925801992416382e-02 2.404366247355937958e-02 4.289400577545166016e-02 6.242389325052499771e-03 3.099404647946357727e-02 3.340891003608703613e-02 3.545320779085159302e-02 3.321535768918693066e-04 4.942463710904121399e-02 3.191789612174034119e-03 5.630735307931900024e-03 1.423819269984960556e-02 6.144367158412933350e-03 3.414656221866607666e-02 2.792290784418582916e-02 2.688337676227092743e-02 3.324617817997932434e-02 1.483654789626598358e-02 1.742604933679103851e-02 1.591633260250091553e-02 1.505840755999088287e-02 1.114133559167385101e-02 2.242948301136493683e-02 2.104365453124046326e-02 1.365635450929403305e-02 4.535967856645584106e-02 2.482014521956443787e-02 1.265430543571710587e-02 4.978928714990615845e-03 3.065841458737850189e-02 5.695733707398176193e-03 5.610676109790802002e-02 4.044309258460998535e-02 4.003147780895233154e-02 6.336931139230728149e-03 1.929635368287563324e-02 1.523493789136409760e-02 2.509295195341110229e-02
2.398845180869102478e-02 3.842491656541824341e-02 5.132657289505004883e-01 4.069384653121232986e-03 3.935724496841430664e-03 3.743041306734085083e-02 2.999823540449142456e-02 8.543474972248077393e-02 1.222238037735223770e-02 3.906523808836936951e-02 2.618015930056571960e-02 2.142551355063915253e-02 8.950253948569297791e-03 3.160621970891952515e-02 6.882711895741522312e-04 3.888362273573875427e-02 8.157727308571338654e-03 2.594921679701656103e-04 1.623935438692569733e-02 1.621865481138229370e-02 1.125566122937016189e-04 2.836848236620426178e-02 1.293845660984516144e-02 8.741166442632675171e-03 3.560039401054382324e-02 1.212397497147321701e-02 1.866003498435020447e-02 5.610158666968345642e-02 2.248887345194816589e-02 4.615373536944389343e-02 2.886141883209347725e-03 2.971428446471691132e-02 4.115185514092445374e-02 2.709402889013290405e-02 7.926881313323974609e-03 7.466793525964021683e-03 1.420480385422706604e-02 9.252068400382995605e-02 1.164512941613793373e-03 4.186173155903816223e-02 1.165025457739830017e-01 1.788953202776610851e-03 7.223649881780147552e-03 1.055748574435710907e-02 2.294010110199451447e-02 4.165307059884071350e-02 3.893630579113960266e-02 3.044570237398147583e-02 1.692451164126396179e-02 3.962915018200874329e-02 1.568763144314289093e-02 1.585358381271362305e-02 1.063637807965278625e-02 3.750017285346984863e-02 1.327373459935188293e-02 5.677833221852779388e-03 1.038669515401124954e-02 2.200259640812873840e-02 4.549984633922576904e-02 4.591665416955947876e-02 3.137077018618583679e-02 3.021458536386489868e-02 3.142745792865753174e-02 3.436401253566145897e-03 1.990026608109474182e-02 3.426146507263183594e-02 1.711550354957580566e-02 6.872450467199087143e-03 7.367568556219339371e-03 4.875485319644212723e-03 3.453007433563470840e-03 4.726757481694221497e-02 2.620517043396830559e-04 1.461652573198080063e-02 1.189757976680994034e-02 5.229555070400238037e-02 9.564417414367198944e-03 3.132616728544235229e-02 4.641821607947349548e-03 2.189844474196434021e-02 5.152193084359169006e-02 4.142396152019500732e-02 1.703506149351596832e-02 2.935754600912332535e-03 1.146313920617103577e-02 2.781473286449909210e-02 9.027228690683841705e-03 5.953156575560569763e-02 7.967699319124221802e-03 4.422266781330108643e-02 1.394517021253705025e-03 4.411949589848518372e-02 9.241627529263496399e-03 3.384808823466300964e-02 2.067849226295948029e-02 3.662306815385818481e-02 4.924314096570014954e-03 1.055924315005540848e-02 8.756258757784962654e-04 7.302015554159879684e-03 6.611646967940032482e-04 1.673073321580886841e-02 5.170440301299095154e-03 2.480585128068923950e-02 4.260095208883285522e-02 1.420602388679981232e-02 3.046584501862525940e-02 2.549380436539649963e-02 3.115504980087280273e-02 1.624082215130329132e-02 1.398473884910345078e-02 1.055810973048210144e-02 3.727386146783828735e-02 2.038162434473633766e-03 2.360359206795692444e-02 7.513035088777542114e-03
1.235152501612901688e-02 3.526483476161956787e-02 4.069384653121232986e-03 5.448966622352600098e-01 1.402649283409118652e-01 3.299243748188018799e-02 3.359908238053321838e-02 2.938405238091945648e-02 1.820396515540778637e-03 4.562989622354507446e-02 6.903040688484907150e-03 1.461180578917264938e-02 1.740977913141250610e-02 1.232603006064891815e-02 9.048044681549072266e-03 6.216871738433837891e-02 3.363464772701263428e-02 6.396480649709701538e-02 7.779745757579803467e-02 2.203151211142539978e-02 1.755150780081748962e-02 5.756907165050506592e-03 9.740381501615047455e-03 4.100714996457099915e-02 2.071410417556762695e-02 1.135141216218471527e-02 1.232720632106065750e-02 2.180960727855563164e-03 2.423919923603534698e-02 1.181022915989160538e-02 5.827602930366992950e-03 3.104129619896411896e-02 4.673568904399871826e-02 1.200991589576005936e-02 4.188111051917076111e-03 9.924939833581447601e-03 1.569199748337268829e-02 1.489266566932201385e-02 4.218249768018722534e-02 4.980088025331497192e-02 7.940301671624183655e-03 1.222666632384061813e-02 4.103445261716842651e-02 2.198351174592971802e-02 2.116815373301506042e-02 3.171892091631889343e-02 2.214313298463821411e-02 6.400690879672765732e-03 1.132532302290201187e-02 1.842298358678817749e-02 3.067204356193542480e-02 3.456163778901100159e-02 4.541721194982528687e-02 3.044665791094303131e-02 8.895494043827056885e-03 5.219127982854843140e-02 2.312091365456581116e-02 2.182367444038391113e-02 2.344759181141853333e-02 1.114109158515930176e-02 1.637185551226139069e-02 1.008460763841867447e-03 9.861949831247329712e-02 6.431228667497634888e-02 1.068186480551958084e-02 3.626523772254586220e-03 8.747569285333156586e-03 1.369851268827915192e-02 3.163949027657508850e-02 4.473084583878517151e-02 6.599606573581695557e-02 2.608744427561759949e-02 8.354738354682922363e-02 1.009538117796182632e-02 6.557787954807281494e-02 3.365550190210342407e-02 5.149423703551292419e-02 5.098624527454376221e-02 3.259416669607162476e-02 4.604564979672431946e-02 1.549959089607000351e-02 3.156088665127754211e-02 7.554425299167633057e-02 3.657438978552818298e-02 3.314661607146263123e-02 1.587491855025291443e-02 5.257127806544303894e-02 4.309256374835968018e-02 4.689316451549530029e-02 5.747638642787933350e-02 4.009334743022918701e-02 1.195562444627285004e-02 4.263987299054861069e-03 2.435913681983947754e-02 1.015965826809406281e-02 1.279681455343961716e-02 5.884713493287563324e-03 7.859232835471630096e-03 1.853523030877113342e-02 1.252284552901983261e-02 4.793515428900718689e-02 4.549888148903846741e-02 4.506600089371204376e-03 2.884586341679096222e-02 2.749742008745670319e-02 8.134848438203334808e-03 2.751105464994907379e-02 7.898720912635326385e-03 4.724708572030067444e-02 1.653425395488739014e-02 1.029932964593172073e-02 3.564625512808561325e-03 5.540743935853242874e-03 3.089288249611854553e-02 3.530173748731613159e-02 2.112546190619468689e-02
3.216770477592945099e-03 2.275434508919715881e-02 3.935724496841430664e-03 1.402649283409118652e-01 5.509543418884277344e-01 2.381157875061035156e-02 4.125480726361274719e-02 3.945522382855415344e-02 2.013648487627506256e-02 5.359551683068275452e-02 1.475061848759651184e-02 6.018146406859159470e-03 2.841784060001373291e-02 7.970376871526241302e-03 2.470715343952178955e-02 4.435576964169740677e-03 2.209514565765857697e-02 5.797047540545463562e-02 6.358594447374343872e-02 6.199060180733795278e-07 1.374785695225000381e-02 8.761767297983169556e-03 1.151896780356764793e-03 4.136697575449943542e-02 4.044322762638330460e-03 4.999809712171554565e-02 8.040031418204307556e-03 1.973404549062252045e-02 3.827494010329246521e-02 1.522042974829673767e-02 1.043653301894664764e-02 9.911950910463929176e-04 3.687068074941635132e-02 2.131046354770660400e-02 4.493750259280204773e-02 1.166625414043664932e-02 4.618129227310419083e-03 2.719348995015025139e-03 6.084254011511802673e-02 8.917624503374099731e-02 3.186742216348648071e-02 2.334211580455303192e-02 2.463189698755741119e-02 3.878189995884895325e-02 4.758341237902641296e-02 4.985377565026283264e-02 3.440349921584129333e-02 3.584555815905332565e-03 7.091691251844167709e-03 9.920592419803142548e-03 1.989492774009704590e-02 3.306737169623374939e-02 2.404344081878662109e-02 2.437300421297550201e-02 1.518769375979900360e-02 4.665276780724525452e-02 3.758777678012847900e-02 9.941799566149711609e-03 4.169126972556114197e-02 1.873425394296646118e-02 2.034734189510345459e-02 8.443186990916728973e-03 1.093579530715942383e-01 1.155559569597244263e-01 8.015980944037437439e-03 1.563098654150962830e-02 4.841963236685842276e-04 1.382580958306789398e-02 3.641926124691963196e-02 3.166156122460961342e-03 7.919543236494064331e-02 4.092643409967422485e-02 7.448362559080123901e-02 2.401234395802021027e-02 9.573471546173095703e-02 2.869802527129650116e-02 1.592504419386386871e-02 5.177898332476615906e-03 1.073233969509601593e-02 4.523206129670143127e-02 6.913190736668184400e-05 2.559542097151279449e-02 7.211070507764816284e-02 4.747382178902626038e-02 2.969713183119893074e-03 2.182199247181415558e-02 3.128525242209434509e-02 3.438491374254226685e-02 3.658659011125564575e-02 4.581002891063690186e-02 1.012641843408346176e-02 4.353250563144683838e-02 1.407952234148979187e-02 1.443401351571083069e-02 1.974138244986534119e-02 9.557814337313175201e-03 2.535036578774452209e-02 4.354026541113853455e-02 1.799201406538486481e-02 2.562252990901470184e-02 2.091568708419799805e-02 2.483476325869560242e-02 7.981198839843273163e-03 1.818100456148386002e-03 3.692176192998886108e-02 4.383086040616035461e-02 2.253817394375801086e-02 4.782683029770851135e-02 4.788718745112419128e-02 1.224188320338726044e-02 3.566886298358440399e-03 4.839142784476280212e-03 1.591765880584716797e-02 4.697562381625175476e-02 4.044037312269210815e-02 3.924896568059921265e-02
1.258162111043930054e-01 1.104786396026611328e-01 3.743041306734085083e-02 3.299243748188018799e-02 2.381157875061035156e-02 5.446709394454956055e-01 1.412206739187240601e-01 2.386172674596309662e-02 2.151237986981868744e-02 1.256600767374038696e-02 4.993029311299324036e-02 7.021558703854680061e-04 6.694164872169494629e-02 6.631179153919219971e-02 4.171458538621664047e-03 3.196494653820991516e-02 1.725920662283897400e-02 3.324192389845848083e-02 2.016586810350418091e-02 4.986332356929779053e-02 2.937022596597671509e-02 5.537137854844331741e-03 1.444185338914394379e-02 7.585562299937009811e-03 3.442430170252919197e-03 9.610706911189481616e-05 1.278018113225698471e-02 5.361030925996601582e-04 8.556768880225718021e-04 4.036979749798774719e-02 3.428223356604576111e-02 5.871431436389684677e-03 1.544983871281147003e-02 1.649415493011474609e-02 6.631723139435052872e-03 1.276639290153980255e-02 1.727909222245216370e-02 1.676324638538062572e-03 1.842694729566574097e-02 1.585002429783344269e-02 1.925480552017688751e-02 1.071257609874010086e-02 9.782508015632629395e-03 6.827899720519781113e-03 3.429238498210906982e-02 4.075093567371368408e-02 7.400493323802947998e-02 4.027272015810012817e-02 1.889857836067676544e-02 1.390158478170633316e-02 4.094736278057098389e-02 2.830270212143659592e-03 1.772589795291423798e-02 8.911773562431335449e-03 3.881349228322505951e-03 1.034384034574031830e-02 3.859379142522811890e-02 4.005658999085426331e-02 2.573374891653656960e-03 2.230522222816944122e-03 1.334969978779554367e-02 7.991638034582138062e-03 9.337525814771652222e-03 3.444984182715415955e-02 9.416322223842144012e-03 7.893158122897148132e-03 2.145439200103282928e-02 1.732314564287662506e-02 1.266458816826343536e-02 3.105830773711204529e-02 3.120576217770576477e-02 1.479429472237825394e-02 2.536274865269660950e-02 2.210194244980812073e-02 1.057470776140689850e-02 4.833020269870758057e-03 5.507480725646018982e-02 3.770077973604202271e-02 3.247133642435073853e-02 3.306743875145912170e-02 4.224058613181114197e-02 3.437781706452369690e-02 2.920421957969665527e-02 3.420323505997657776e-02 3.671694174408912659e-02 2.582938410341739655e-02 4.150347411632537842e-02 6.555524654686450958e-03 2.693532500416040421e-03 2.702612616121768951e-02 1.088312733918428421e-02 3.157104924321174622e-02 4.732543230056762695e-02 2.632493525743484497e-02 2.050802484154701233e-02 7.936400361359119415e-03 1.192512363195419312e-02 2.889715693891048431e-02 7.388907950371503830e-03 3.872258588671684265e-03 3.435142338275909424e-02 3.187983855605125427e-02 1.557887438684701920e-02 3.851002082228660583e-02 4.425412416458129883e-02 7.757263723760843277e-03 1.422528002876788378e-04 1.500611193478107452e-02 1.787635846994817257e-03 3.760982677340507507e-02 2.403480187058448792e-02 3.238669037818908691e-02 1.034580916166305542e-02 2.613976225256919861e-02 3.523572115227580070e-03 3.340657800436019897e-02
1.037483811378479004e-01 1.103643029928207397e-01 2.999823540449142456e-02 3.359908238053321838e-02 4.125480726361274719e-02 1.412206739187240601e-01 5.494754910469055176e-01 1.691676862537860870e-02 1.496747788041830063e-02 3.469829447567462921e-03 3.808750212192535400e-02 3.208342194557189941e-02 7.389442622661590576e-02 4.808812588453292847e-02 1.182019710540771484e-02 4.066311195492744446e-02 2.875266969203948975e-02 4.078292101621627808e-02 1.674389094114303589e-02 2.372661605477333069e-02 1.255819108337163925e-02 3.084649704396724701e-02 1.790597662329673767e-02 1.503804977983236313e-02 1.409536227583885193e-03 6.013971287757158279e-03 3.456721082329750061e-02 6.430646404623985291e-03 1.498730573803186417e-02 3.416069969534873962e-02 2.039645612239837646e-02 6.313975434750318527e-03 2.954983711242675781e-02 1.313934382051229477e-02 8.637892082333564758e-03 2.014711685478687286e-02 2.623204886913299561e-02 3.335266141220927238e-03 3.359169885516166687e-02 1.933946274220943451e-02 3.134773299098014832e-02 8.086367510259151459e-03 2.245825156569480896e-02 1.121245697140693665e-02 4.199164733290672302e-02 3.366561233997344971e-02 6.961067020893096924e-02 5.851939320564270020e-02 1.000184565782546997e-02 5.386507138609886169e-03 4.674609750509262085e-02 7.893808186054229736e-03 7.992085069417953491e-03 2.864631591364741325e-03 3.932594845537096262e-04 2.205208409577608109e-03 4.264496639370918274e-02 3.306429088115692139e-02 9.082586504518985748e-03 2.063556201756000519e-02 1.262195687741041183e-02 5.437287967652082443e-03 1.202298607677221298e-02 3.060044348239898682e-02 7.120281923562288284e-03 4.824833944439888000e-03 1.477782987058162689e-02 8.141812868416309357e-03 2.947666496038436890e-02 4.224554449319839478e-02 3.890571743249893188e-02 3.196152299642562866e-02 2.393642812967300415e-02 3.043446876108646393e-02 5.147430580109357834e-03 1.947642490267753601e-02 4.485057666897773743e-02 2.584979683160781860e-02 1.973010227084159851e-02 3.062426298856735229e-02 3.979404270648956299e-02 1.579580269753932953e-02 2.279425039887428284e-02 2.417902648448944092e-02 2.973327785730361938e-02 2.053837105631828308e-02 4.103278368711471558e-02 2.887207781895995140e-03 3.599682589992880821e-03 2.701368182897567749e-02 8.913298137485980988e-03 1.578645035624504089e-02 2.510655112564563751e-02 1.068326085805892944e-02 2.188798040151596069e-02 2.461941679939627647e-03 1.409621629863977432e-02 3.092381171882152557e-02 1.607537502422928810e-03 5.260473117232322693e-03 3.496909141540527344e-02 2.732671424746513367e-02 1.756218820810317993e-02 4.462033882737159729e-02 4.369441792368888855e-02 1.761739701032638550e-02 9.365970268845558167e-03 1.112828217446804047e-02 8.756669238209724426e-03 5.268828943371772766e-02 1.408002059906721115e-02 2.557504549622535706e-02 1.246158717549405992e-05 2.453158237040042877e-02 4.239820409566164017e-03 2.716102078557014465e-02
2.343487925827503204e-02 2.566908858716487885e-02 8.543474972248077393e-02 2.938405238091945648e-02 3.945522382855415344e-02 2.386172674596309662e-02 1.691676862537860870e-02 5.384209156036376953e-01 1.568001322448253632e-02 3.176626563072204590e-02 1.025853026658296585e-02 6.045170594006776810e-03 2.289447234943509102e-03 4.045331105589866638e-02 6.598138809204101562e-02 3.089181520044803619e-02 1.085629779845476151e-02 4.819387197494506836e-02 4.550163075327873230e-02 4.281514883041381836e-02 2.787707932293415070e-02 1.053478196263313293e-02 5.064607411623001099e-02 4.188422486186027527e-02 3.770819678902626038e-02 1.873654499650001526e-02 1.192438695579767227e-02 5.765795707702636719e-02 3.989270702004432678e-02 6.801837682723999023e-02 3.177573159337043762e-02 1.390026975423097610e-02 4.136608541011810303e-02 1.691800914704799652e-02 1.059561222791671753e-02 1.929771527647972107e-02 1.655739173293113708e-02 5.563946440815925598e-02 4.934444557875394821e-03 1.920021325349807739e-02 2.938957698643207550e-02 1.768097281455993652e-02 3.105324320495128632e-02 2.198056876659393311e-02 1.388136297464370728e-02 1.676416397094726562e-02 3.847987204790115356e-02 2.078759483993053436e-02 5.074932705610990524e-03 1.464314293116331100e-02 1.652673631906509399e-02 2.922463975846767426e-02 1.894996687769889832e-02 4.768120124936103821e-03 8.341345004737377167e-03 9.596528485417366028e-03 4.289577901363372803e-02 3.445211052894592285e-02 4.229176416993141174e-02 2.192246727645397186e-02 1.570891216397285461e-02 3.611052036285400391e-02 3.596554696559906006e-02 1.255250815302133560e-02 1.128378696739673615e-02 9.927372448146343231e-03 2.097159856930375099e-03 2.046031132340431213e-02 2.026937156915664673e-02 1.266979333013296127e-02 1.975355111062526703e-02 4.637724533677101135e-02 4.638113826513290405e-02 1.879091956652700901e-03 2.488641999661922455e-02 4.037811234593391418e-02 3.175529092550277710e-02 1.737817004323005676e-02 2.436762675642967224e-02 2.429113723337650299e-02 1.470111161470413208e-01 1.240638643503189087e-01 9.435725398361682892e-03 5.396295338869094849e-03 1.379430387169122696e-02 2.044132910668849945e-02 6.339751183986663818e-02 4.895177483558654785e-02 4.341849312186241150e-02 3.507927432656288147e-02 3.660791739821434021e-02 5.525580490939319134e-04 2.117291092872619629e-02 3.250440955162048340e-02 1.552732847630977631e-02 3.160422900691628456e-03 1.772169396281242371e-02 1.975952414795756340e-03 1.564165949821472168e-02 6.053014192730188370e-03 4.276610165834426880e-02 4.126571491360664368e-02 8.455962873995304108e-03 1.020092703402042389e-02 7.554453797638416290e-03 1.597590930759906769e-02 4.112564772367477417e-02 6.206604186445474625e-03 4.145732149481773376e-02 3.684166446328163147e-02 5.307456478476524353e-02 2.799593843519687653e-02 4.600470885634422302e-03 3.049163892865180969e-02 6.563043594360351562e-02 2.753795357421040535e-03
2.795627154409885406e-02 1.290938910096883774e-02 1.222238037735223770e-02 1.820396515540778637e-03 2.013648487627506256e-02 2.151237986981868744e-02 1.496747788041830063e-02 1.568001322448253632e-02 5.376616120338439941e-01 4.496930912137031555e-02 1.589152030646800995e-02 3.167511895298957825e-02 5.463574547320604324e-03 2.125479839742183685e-02 2.604010887444019318e-02 1.863847859203815460e-02 6.844167364761233330e-04 5.648515745997428894e-02 2.028341032564640045e-02 9.624251164495944977e-03 1.618243195116519928e-02 5.640822462737560272e-03 1.791775412857532501e-02 2.603887766599655151e-02 2.165671996772289276e-02 1.321676094084978104e-02 2.286809496581554413e-02 4.018053784966468811e-02 3.931691125035285950e-02 2.783557772636413574e-02 1.554347481578588486e-02 1.857120543718338013e-02 2.942098118364810944e-02 1.226475462317466736e-02 2.463357523083686829e-02 5.239651363808661699e-05 1.446761749684810638e-02 1.822073385119438171e-02 1.016092859208583832e-02 3.889420628547668457e-02 3.580197319388389587e-02 1.107949670404195786e-02 1.465726643800735474e-02 1.295796129852533340e-02 5.831563845276832581e-02 9.428998455405235291e-03 3.049436956644058228e-02 1.739344932138919830e-02 5.376288294792175293e-02 3.298282623291015625e-02 2.530247904360294342e-02 1.696830149739980698e-04 4.530297592282295227e-02 4.283295944333076477e-02 6.451956182718276978e-02 2.205985412001609802e-02 3.159319981932640076e-02 2.873112214729189873e-03 3.284133970737457275e-02 4.106919839978218079e-02 1.105743087828159332e-02 5.760917556472122669e-04 3.180971369147300720e-02 4.348834604024887085e-02 3.920407965779304504e-02 2.538030408322811127e-02 2.428632415831089020e-02 5.899664480239152908e-03 2.701977267861366272e-02 2.827621763572096825e-03 5.182930454611778259e-02 4.209501296281814575e-02 1.630139304324984550e-03 4.206687957048416138e-02 4.985452396795153618e-04 1.798430271446704865e-02 7.748444378376007080e-02 1.592232845723628998e-02 7.052690535783767700e-02 7.560850586742162704e-03 3.879538550972938538e-02 3.088212758302688599e-02 1.823537796735763550e-02 4.087368026375770569e-03 1.029230747371912003e-02 2.354525960981845856e-02 1.515187509357929230e-02 1.651597395539283752e-02 8.038470521569252014e-03 1.023342087864875793e-02 3.133407235145568848e-02 8.971532224677503109e-04 1.596135459840297699e-02 1.009852346032857895e-02 5.135864950716495514e-03 3.455998376011848450e-02 7.147483061999082565e-03 2.770876977592706680e-03 8.966910652816295624e-03 8.538392372429370880e-03 8.168261498212814331e-03 9.480729699134826660e-03 3.948245197534561157e-03 3.611727152019739151e-03 1.067535486072301865e-02 1.209615822881460190e-02 2.469653962180018425e-03 8.055432699620723724e-03 2.225862070918083191e-02 1.598211936652660370e-02 4.514071345329284668e-02 3.178346902132034302e-02 3.383704461157321930e-03 1.550596486777067184e-02 2.169694565236568451e-02 2.710733376443386078e-02
1.526685245335102081e-02 4.409820830915123224e-04 3.906523808836936951e-02 4.562989622354507446e-02 5.359551683068275452e-02 1.256600767374038696e-02 3.469829447567462921e-03 3.176626563072204590e-02 4.496930912137031555e-02 5.591692328453063965e-01 1.824095100164413452e-02 1.176262367516756058e-02 1.992416800931096077e-03 2.916189469397068024e-02 3.845698013901710510e-02 4.924401640892028809e-02 2.456867508590221405e-02 4.358576983213424683e-02 4.464553669095039368e-02 2.071258379146456718e-03 5.699565261602401733e-02 5.488948896527290344e-02 1.487254723906517029e-02 1.649342849850654602e-02 3.040261939167976379e-02 1.713976263999938965e-02 1.397065073251724243e-02 1.717571541666984558e-02 2.554608881473541260e-02 4.468704015016555786e-02 2.026393450796604156e-02 5.562694743275642395e-03 3.958677873015403748e-02 1.075597759336233139e-02 4.975316300988197327e-02 1.323747821152210236e-02 1.734199933707714081e-02 3.389173746109008789e-02 1.174710970371961594e-02 4.458311200141906738e-02 5.077339708805084229e-03 1.378409564495086670e-02 1.392478775233030319e-02 3.004758059978485107e-02 2.128954231739044189e-02 4.095251113176345825e-02 1.451201830059289932e-02 6.638017948716878891e-03 7.820946164429187775e-03 6.745000183582305908e-02 2.802475355565547943e-02 2.430600114166736603e-02 2.173775807023048401e-02 1.000198535621166229e-02 2.560438960790634155e-02 5.845673754811286926e-02 2.006854489445686340e-02 1.361385919153690338e-02 8.437533862888813019e-03 4.134896676987409592e-03 4.984986037015914917e-03 1.430127304047346115e-02 2.225457690656185150e-02 4.501019790768623352e-02 6.874317768961191177e-03 6.869277451187372208e-03 5.593064427375793457e-02 5.558883771300315857e-02 5.587612465023994446e-02 1.436512637883424759e-02 3.528450801968574524e-02 4.690926522016525269e-02 6.420359946787357330e-03 2.098590694367885590e-02 1.368530001491308212e-02 3.449772298336029053e-02 3.467567497864365578e-03 6.295164674520492554e-02 4.420549422502517700e-02 7.833714038133621216e-02 1.958936266601085663e-02 4.296667128801345825e-02 1.390203740447759628e-02 4.717542976140975952e-02 4.221551492810249329e-02 1.328493654727935791e-02 2.473807893693447113e-02 4.675301909446716309e-02 3.077264875173568726e-02 9.103160351514816284e-03 4.859694745391607285e-03 5.131009966135025024e-03 6.801234092563390732e-03 2.691958844661712646e-02 2.550760097801685333e-02 2.535953931510448456e-02 4.140895605087280273e-02 8.835708722472190857e-03 1.882563717663288116e-02 3.136839717626571655e-02 6.108606234192848206e-03 1.626712083816528320e-02 5.326024722307920456e-03 1.155981793999671936e-02 1.294696517288684845e-02 7.644455879926681519e-03 4.369784612208604813e-03 3.692355938255786896e-03 3.161789104342460632e-02 1.192242465913295746e-02 4.820385482162237167e-03 4.328146576881408691e-03 2.998566627502441406e-02 1.319332700222730637e-02 4.200662672519683838e-02 2.532095462083816528e-02
7.225585728883743286e-02 3.664344921708106995e-02 2.618015930056571960e-02 6.903040688484907150e-03 1.475061848759651184e-02 4.993029311299324036e-02 3.808750212192535400e-02 1.025853026658296585e-02 1.589152030646800995e-02 1.824095100164413452e-02 5.568729043006896973e-01 3.842896968126296997e-02 5.471217632293701172e-02 3.250140324234962463e-02 4.450172558426856995e-02 3.999951109290122986e-02 4.330491274595260620e-02 2.882620505988597870e-02 4.656665027141571045e-02 4.189292434602975845e-03 2.181315794587135315e-02 5.313628539443016052e-02 3.458878025412559509e-02 1.503323949873447418e-02 2.097016386687755585e-02 5.968489567749202251e-04 3.741766512393951416e-02 2.995868586003780365e-02 5.646843463182449341e-02 1.339878141880035400e-02 2.935703098773956299e-02 1.779786497354507446e-02 3.253605216741561890e-02 1.929156668484210968e-02 1.518246624618768692e-02 9.801413863897323608e-03 1.258662203326821327e-03 2.216747961938381195e-02 4.004145786166191101e-02 4.355464130640029907e-02 3.882376849651336670e-02 1.340315863490104675e-02 1.214542146772146225e-02 1.458139251917600632e-02 2.126255258917808533e-02 7.522268220782279968e-03 8.077548444271087646e-02 3.617725148797035217e-02 1.004627440124750137e-03 1.814286410808563232e-02 1.561117637902498245e-02 8.129484020173549652e-03 1.571030542254447937e-02 4.551210254430770874e-02 8.045992814004421234e-03 3.429060056805610657e-02 2.195475436747074127e-02 1.328915357589721680e-02 3.521822765469551086e-02 2.143792621791362762e-02 1.741047762334346771e-02 1.487166900187730789e-02 3.884290531277656555e-02 2.235794439911842346e-02 2.525856718420982361e-02 1.319113466888666153e-02 1.156397908926010132e-02 1.988969370722770691e-02 2.527976036071777344e-02 3.958289045840501785e-03 3.155409358441829681e-03 2.942546969279646873e-03 2.343426458537578583e-02 4.259290173649787903e-02 1.943564973771572113e-02 4.867918789386749268e-02 8.010765537619590759e-03 3.732435032725334167e-02 3.976736962795257568e-02 4.762675613164901733e-02 1.886920444667339325e-02 2.051021158695220947e-02 2.385634742677211761e-02 3.879825398325920105e-02 5.303333513438701630e-03 1.067896652966737747e-02 2.248123474419116974e-02 1.822313666343688965e-02 3.782159462571144104e-02 4.104490857571363449e-03 3.940832242369651794e-02 2.401018142700195312e-02 1.712395437061786652e-02 3.739042580127716064e-02 4.445140808820724487e-02 3.596571087837219238e-02 3.404101822525262833e-03 3.310014028102159500e-03 1.259289868175983429e-02 2.753956709057092667e-03 1.915498077869415283e-02 2.162130922079086304e-02 6.636019330471754074e-03 1.297577470541000366e-02 1.015879120677709579e-02 1.415104698389768600e-02 1.212254283018410206e-03 1.492829062044620514e-02 3.613770380616188049e-02 6.461202632635831833e-03 3.757085278630256653e-02 2.208463661372661591e-02 7.296476513147354126e-03 7.492027711123228073e-03 5.085860937833786011e-02 6.228867918252944946e-03
1.967149600386619568e-02 1.807965524494647980e-02 2.142551355063915253e-02 1.461180578917264938e-02 6.018146406859159470e-03 7.021558703854680061e-04 3.208342194557189941e-02 6.045170594006776810e-03 3.167511895298957825e-02 1.176262367516756058e-02 3.842896968126296997e-02 5.374380946159362793e-01 1.053439360111951828e-02 1.470697224140167236e-01 4.133642092347145081e-02 1.129144243896007538e-02 2.477498725056648254e-02 3.706635907292366028e-02 7.203828077763319016e-03 9.688816033303737640e-03 2.077629044651985168e-02 1.634312607347965240e-02 7.550875097513198853e-02 6.842663045972585678e-03 1.473214756697416306e-02 1.136956363916397095e-02 3.840553387999534607e-02 1.493140161037445068e-01 3.898585960268974304e-02 1.166045963764190674e-01 2.119544520974159241e-02 3.873341530561447144e-02 4.315479099750518799e-02 4.348103702068328857e-02 2.158321440219879150e-02 2.221789956092834473e-02 3.372856974601745605e-02 1.240671332925558090e-02 6.332208961248397827e-02 2.086814306676387787e-02 8.612839737907052040e-04 5.344797298312187195e-02 1.925417594611644745e-02 2.115331823006272316e-03 4.198431596159934998e-02 4.766919650137424469e-03 2.112782374024391174e-02 3.913111612200737000e-02 1.467875088565051556e-03 1.587308757007122040e-02 1.077806577086448669e-02 8.022189140319824219e-03 3.204977838322520256e-03 2.276040986180305481e-02 2.392056398093700409e-03 1.825350709259510040e-02 7.835424505174160004e-03 4.647017642855644226e-02 4.032681882381439209e-02 2.736469358205795288e-02 2.416837401688098907e-02 3.309323638677597046e-02 8.772129192948341370e-03 2.233286760747432709e-02 6.367386318743228912e-03 1.070426870137453079e-02 2.946858480572700500e-02 7.468377705663442612e-03 6.389340758323669434e-02 5.698617175221443176e-02 2.307694777846336365e-02 1.887825317680835724e-02 8.312670141458511353e-02 6.052890419960021973e-02 5.782177671790122986e-03 4.298017174005508423e-02 4.870417062193155289e-03 3.492346405982971191e-02 2.193583408370614052e-03 1.128924079239368439e-03 4.754298366606235504e-03 7.925833575427532196e-03 2.548544667661190033e-02 1.945393718779087067e-02 3.812776505947113037e-02 2.679928578436374664e-02 2.506565488874912262e-02 7.346293888986110687e-03 1.119914203882217407e-01 6.745740771293640137e-02 2.832173369824886322e-02 2.457984024658799171e-03 2.112215198576450348e-02 2.313138172030448914e-02 4.347105324268341064e-02 2.632343955338001251e-02 2.560397423803806305e-02 1.938202418386936188e-02 4.725231602787971497e-02 4.067489132285118103e-02 2.811523526906967163e-02 2.319945022463798523e-02 3.631013631820678711e-02 4.424131661653518677e-02 4.560877010226249695e-02 2.324982173740863800e-02 1.795789413154125214e-02 3.965912386775016785e-02 2.627679891884326935e-02 6.336346268653869629e-03 5.058970302343368530e-02 2.576049230992794037e-02 1.914122328162193298e-02 4.822754859924316406e-02 9.091841056942939758e-03 3.284715488553047180e-02
7.290505617856979370e-02 7.538806647062301636e-02 8.950253948569297791e-03 1.740977913141250610e-02 2.841784060001373291e-02 6.694164872169494629e-02 7.389442622661590576e-02 2.289447234943509102e-03 5.463574547320604324e-03 1.992416800931096077e-03 5.471217632293701172e-02 1.053439360111951828e-02 5.565733313560485840e-01 4.630686342716217041e-02 3.848019987344741821e-02 4.044556245207786560e-02 4.398245364427566528e-02 3.430361673235893250e-02 2.609364874660968781e-02 1.382026355713605881e-02 5.551640409976243973e-03 4.853022471070289612e-02 2.346113696694374084e-02 3.802589140832424164e-03 8.550476282835006714e-03 5.367547855712473392e-04 5.685103684663772583e-02 4.860999435186386108e-02 1.502375770360231400e-02 1.428420469164848328e-02 4.510564263910055161e-03 1.682843081653118134e-02 1.222581695765256882e-02 1.902940683066844940e-02 6.114261224865913391e-03 9.001351892948150635e-03 1.935651525855064392e-02 6.130807567387819290e-03 2.246868796646595001e-02 4.732334241271018982e-02 4.096838086843490601e-02 1.476336852647364140e-03 9.949640370905399323e-03 1.628460548818111420e-02 1.835476048290729523e-02 5.941718816757202148e-03 5.417333170771598816e-02 4.307925701141357422e-02 8.050682954490184784e-03 5.856554023921489716e-03 5.305593088269233704e-02 2.626588940620422363e-02 7.016767747700214386e-03 4.843550268560647964e-03 1.454388815909624100e-02 4.025196656584739685e-03 3.539755940437316895e-02 5.357383750379085541e-03 3.585225716233253479e-02 2.121251076459884644e-02 1.918178633786737919e-03 6.368693895637989044e-03 4.870963282883167267e-03 3.544529527425765991e-02 1.185533683747053146e-02 1.214187033474445343e-02 1.477658562362194061e-02 1.266458071768283844e-02 2.396781556308269501e-02 1.770959421992301941e-02 1.078364625573158264e-02 2.630778960883617401e-02 6.636529724346473813e-05 3.871140256524085999e-02 2.171322517096996307e-02 3.891376405954360962e-02 2.005235850811004639e-02 2.587032690644264221e-02 1.499138027429580688e-02 2.770144864916801453e-02 2.868725918233394623e-02 4.135882481932640076e-02 4.055995866656303406e-02 2.536367252469062805e-02 1.767148450016975403e-02 3.373080864548683167e-03 2.220737189054489136e-02 8.510738611221313477e-03 1.080261729657649994e-02 2.322419174015522003e-02 6.289081182330846786e-03 4.271142184734344482e-03 8.836439810693264008e-03 2.685524336993694305e-02 3.278516232967376709e-02 1.715951785445213318e-02 2.189382212236523628e-03 1.710868254303932190e-02 4.761049058288335800e-03 1.908403239212930202e-03 3.484821645542979240e-03 9.870663052424788475e-04 1.515727303922176361e-02 2.992908656597137451e-02 1.453018747270107269e-02 3.460926935076713562e-02 3.914653498213738203e-04 1.121280714869499207e-02 3.203245997428894043e-02 6.082516163587570190e-03 3.873252123594284058e-02 1.945356279611587524e-02 1.993618346750736237e-02 1.125293411314487457e-02 3.977439552545547485e-02 3.072866052389144897e-02
