4.675203561782836914e-01 9.844188392162322998e-02 4.122228547930717468e-02 3.388866782188415527e-02 3.980795666575431824e-02 7.867513597011566162e-02 6.331892311573028564e-02 1.104702986776828766e-02 2.802993543446063995e-02 2.548050135374069214e-02 8.947697281837463379e-02 2.607716247439384460e-02 8.211231976747512817e-02 1.680155098438262939e-02 2.133753523230552673e-02 5.196792632341384888e-02 4.219109937548637390e-02 3.465085104107856750e-02 1.361406408250331879e-02 3.364930627867579460e-03 1.042597182095050812e-02 3.565096110105514526e-02 1.224707439541816711e-02 1.680195331573486328e-02 2.510039322078227997e-02 6.095163058489561081e-03 2.618588879704475403e-02 4.072189703583717346e-02 4.961757920682430267e-03 3.363773971796035767e-02 4.664860293269157410e-02 2.718372456729412079e-02 3.904216736555099487e-02 2.888295799493789673e-02 1.502630021423101425e-02 2.312284894287586212e-03 1.017035357654094696e-02 3.095833957195281982e-02 1.211186219006776810e-02 1.381161855533719063e-03 6.774968467652797699e-03 3.167029097676277161e-02 5.377025809139013290e-03 6.145186722278594971e-03 7.824806962162256241e-04 2.705970592796802521e-02 3.100837953388690948e-02 2.944655530154705048e-02 4.050454124808311462e-02 1.951400749385356903e-02 2.381159923970699310e-02 2.041238173842430115e-02 7.346264552325010300e-03 8.581518195569515228e-03 3.169135004281997681e-02 3.749139839783310890e-03 3.267839923501014709e-02 2.653350308537483215e-02 8.280201815068721771e-03 1.417078543454408646e-02 2.636878192424774170e-02 2.574410662055015564e-02 2.259791456162929535e-02 3.082127543166279793e-03 1.723389700055122375e-02 3.456983342766761780e-02 1.784634776413440704e-02 1.544350385665893555e-02 1.465454231947660446e-02 4.022192955017089844e-02 3.874828666448593140e-02 5.360647663474082947e-02 1.196462195366621017e-02 2.571560675278306007e-03 2.061297558248043060e-02 1.166092464700341225e-03 4.285055398941040039e-02 2.720294892787933350e-02 2.562304772436618805e-02 1.435674726963043213e-02 4.761103168129920959e-02 4.823781549930572510e-03 1.274412591010332108e-02 5.043236538767814636e-03 2.436463907361030579e-02 5.369527731090784073e-03 1.319821085780858994e-02 8.099066093564033508e-03 4.313938785344362259e-03 1.702946797013282776e-02 9.563048370182514191e-03 4.683951381593942642e-03 7.319493684917688370e-03 3.968700766563415527e-03 2.733376249670982361e-02 3.589249402284622192e-02 1.938589103519916534e-02 1.477287709712982178e-02 8.225838653743267059e-03 2.270030230283737183e-02 2.950734645128250122e-02 2.292670309543609619e-02 6.121615879237651825e-04 1.044500898569822311e-02 2.001613564789295197e-02 3.340847790241241455e-02 2.573115192353725433e-02 2.966789063066244125e-03 6.453248672187328339e-03 1.401381287723779678e-02 8.016987703740596771e-03 3.471172880381345749e-03 2.227145247161388397e-02 1.135235745459794998e-02 2.892936393618583679e-02 8.715145289897918701e-03
9.844188392162322998e-02 4.632430970668792725e-01 4.328495636582374573e-02 4.205621778964996338e-02 1.103721465915441513e-02 5.290108174085617065e-02 1.057747751474380493e-01 1.381685119122266769e-02 3.042674064636230469e-02 2.652158960700035095e-02 8.538191020488739014e-02 3.048685379326343536e-02 1.142162308096885681e-01 6.238452158868312836e-03 2.921956963837146759e-02 3.905218094587326050e-02 3.381979465484619141e-02 2.702525071799755096e-02 2.867050468921661377e-02 7.394538260996341705e-04 2.776314271613955498e-03 3.160256892442703247e-02 1.139337290078401566e-02 6.953323259949684143e-03 2.734576910734176636e-02 1.007624901831150055e-02 2.149597369134426117e-02 3.155784681439399719e-02 1.503244694322347641e-02 3.781026229262351990e-02 1.928201131522655487e-02 3.685064241290092468e-02 3.832590952515602112e-02 3.100633434951305389e-02 3.493383526802062988e-03 1.497172936797142029e-02 9.361341595649719238e-03 1.053401175886392593e-02 1.968643069267272949e-02 6.906422320753335953e-03 5.047935061156749725e-03 3.820010274648666382e-02 2.160925045609474182e-02 7.131673861294984818e-03 2.983847167342901230e-03 9.692707099020481110e-03 3.989195078611373901e-02 7.786940038204193115e-02 3.169031068682670593e-02 3.622877970337867737e-02 8.459899574518203735e-03 3.510632319375872612e-03 2.002179063856601715e-02 8.540416136384010315e-03 3.328994289040565491e-02 2.049120701849460602e-02 3.836491331458091736e-02 2.421487867832183838e-02 1.679506711661815643e-02 3.394958795979619026e-03 3.177032619714736938e-02 4.008990898728370667e-02 3.488133102655410767e-02 1.164935249835252762e-02 4.584529902786016464e-03 2.775723300874233246e-02 2.149405330419540405e-02 1.553869061172008514e-02 1.709566079080104828e-02 5.158875137567520142e-02 2.454689936712384224e-03 3.701131418347358704e-02 1.126785762608051300e-02 3.072239831089973450e-02 1.372561696916818619e-02 2.104689553380012512e-02 3.711037710309028625e-02 5.977237969636917114e-02 8.979470003396272659e-04 3.746743127703666687e-02 3.728150203824043274e-02 1.082116179168224335e-02 1.064933743327856064e-02 2.568258717656135559e-02 1.894980669021606445e-02 1.085489057004451752e-03 5.584543570876121521e-03 1.717358455061912537e-02 2.374398894608020782e-02 6.776346825063228607e-03 2.089724130928516388e-02 3.156076185405254364e-03 1.843673293478786945e-03 6.531061138957738876e-03 8.026410825550556183e-03 3.582530841231346130e-02 4.095646739006042480e-02 1.624154858291149139e-02 1.053969934582710266e-02 4.453707113862037659e-02 2.815990895032882690e-02 2.543279901146888733e-02 1.420061755925416946e-02 1.148038823157548904e-02 1.358418352901935577e-02 4.649746417999267578e-02 1.038225949741899967e-03 2.637729048728942871e-02 1.508981687948107719e-03 5.888628307729959488e-03 1.211340539157390594e-02 6.097894161939620972e-03 7.815540768206119537e-03 1.036035246215760708e-03 2.671412006020545959e-02 1.640046387910842896e-02
4.122228547930717468e-02 4.328495636582374573e-02 4.293397665023803711e-01 3.976447880268096924e-02 7.335621863603591919e-03 3.176911175251007080e-02 3.935743495821952820e-02 1.101992875337600708e-01 2.630984410643577576e-02 2.200475893914699554e-03 1.500959508121013641e-02 1.035461202263832092e-03 1.089148409664630890e-02 7.850904017686843872e-03 6.360390689224004745e-03 3.514774376526474953e-03 2.376983873546123505e-02 3.558443859219551086e-03 4.008108377456665039e-02 7.497632876038551331e-03 2.033540047705173492e-03 1.111491397023200989e-02 1.102681271731853485e-02 1.009273063391447067e-02 1.485000923275947571e-02 3.552884235978126526e-02 4.352213069796562195e-02 1.643799990415573120e-02 4.288557393010705709e-04 2.511493861675262451e-02 2.304375357925891876e-02 1.739219762384891510e-02 2.788797020912170410e-02 2.751365676522254944e-02 7.978500798344612122e-03 1.985752582550048828e-02 1.053253002464771271e-02 5.204217974096536636e-03 2.854572236537933350e-02 3.854089602828025818e-02 3.599853254854679108e-03 3.054830431938171387e-02 3.821076126769185066e-03 5.060050636529922485e-03 8.646575734019279480e-04 1.299372757785022259e-03 1.541076693683862686e-02 3.564817085862159729e-02 1.131039112806320190e-02 2.824411168694496155e-02 1.325955893844366074e-02 9.150744415819644928e-03 3.762270510196685791e-02 4.680936411023139954e-02 1.999083440750837326e-03 1.126815844327211380e-02 5.971934297122061253e-04 3.474889323115348816e-02 4.385569598525762558e-03 9.029848501086235046e-03 3.721974417567253113e-02 1.354141719639301300e-02 4.298518970608711243e-02 4.578877612948417664e-02 1.741992309689521790e-02 2.118114940822124481e-02 3.226281376555562019e-03 2.674465300515294075e-03 1.800391264259815216e-02 3.560308367013931274e-02 1.565862447023391724e-02 2.920709550380706787e-02 5.416806321591138840e-03 7.610580883920192719e-03 3.146639093756675720e-02 2.800280635710805655e-04 2.410042472183704376e-02 1.427513733506202698e-02 1.495906803756952286e-02 1.013808883726596832e-02 1.034195274114608765e-01 7.477512210607528687e-02 1.503576803952455521e-02 2.803633175790309906e-02 8.858313784003257751e-03 1.505273394286632538e-02 1.934151537716388702e-02 7.842754945158958435e-03 5.255575850605964661e-02 1.564295589923858643e-02 4.918009508401155472e-03 9.534029290080070496e-03 3.162641078233718872e-02 1.134273782372474670e-02 1.072927843779325485e-02 3.014088422060012817e-02 1.001128647476434708e-02 1.984830945730209351e-02 1.163253095000982285e-02 3.182800486683845520e-02 1.289675664156675339e-02 7.899964228272438049e-03 2.514661103487014771e-02 4.157064855098724365e-02 1.559790223836898804e-03 4.052912816405296326e-02 2.503972314298152924e-02 1.103356759995222092e-02 2.251528203487396240e-03 1.444119215011596680e-02 4.012469947338104248e-02 5.956094712018966675e-03 1.383480709046125412e-02 2.646088413894176483e-02 1.139040384441614151e-02 8.473758585751056671e-03
3.388866782188415527e-02 4.205621778964996338e-02 3.976447880268096924e-02 4.584496319293975830e-01 1.729519367218017578e-01 3.427334874868392944e-02 2.877165563404560089e-02 3.679433465003967285e-02 4.692358430474996567e-03 2.583864703774452209e-02 2.789445593953132629e-02 8.176190778613090515e-03 1.210717763751745224e-02 2.568967081606388092e-02 2.715752460062503815e-02 5.131145194172859192e-02 1.105351746082305908e-02 3.998212143778800964e-02 1.468316614627838135e-01 2.892411872744560242e-02 5.186825618147850037e-02 1.428553741425275803e-02 2.758829295635223389e-02 2.199115976691246033e-02 4.961719736456871033e-03 8.764777332544326782e-03 3.070067428052425385e-02 1.805426739156246185e-02 2.685929648578166962e-03 4.253669455647468567e-02 1.873477175831794739e-02 4.548391327261924744e-02 5.984370410442352295e-02 3.337065130472183228e-02 3.438008204102516174e-02 1.502470765262842178e-02 4.234658926725387573e-02 4.720671474933624268e-02 2.239033021032810211e-02 2.273792214691638947e-02 3.137489082291722298e-03 2.569789811968803406e-02 3.536803647875785828e-02 3.762415051460266113e-02 2.848171442747116089e-02 6.612268835306167603e-02 2.841525897383689880e-02 1.489817630499601364e-02 7.116166525520384312e-04 4.523612931370735168e-02 3.006533160805702209e-02 8.877554908394813538e-03 3.747966140508651733e-02 3.617338836193084717e-02 1.488908566534519196e-02 1.411860901862382889e-02 2.001018077135086060e-02 4.453758895397186279e-02 4.476635903120040894e-02 3.620376065373420715e-02 5.895330756902694702e-02 1.020487546920776367e-01 1.288150437176227570e-02 1.902835443615913391e-02 3.150328621268272400e-02 4.814494028687477112e-02 1.847331225872039795e-02 3.151735290884971619e-04 1.176332309842109680e-02 1.176720764487981796e-02 4.929575696587562561e-02 1.362409628927707672e-02 1.213914379477500916e-01 2.159547433257102966e-02 9.816847741603851318e-02 3.886579722166061401e-02 2.882777713239192963e-02 5.437234882265329361e-03 2.935215644538402557e-02 5.026888474822044373e-02 2.821085508912801743e-03 2.575472183525562286e-02 3.415734693408012390e-02 1.076169312000274658e-01 1.156789902597665787e-02 3.504343330860137939e-02 1.689544320106506348e-02 4.296441003680229187e-02 7.783098146319389343e-03 4.710122942924499512e-03 2.254203148186206818e-02 2.403930388391017914e-02 2.240937575697898865e-02 4.086248576641082764e-02 1.593743450939655304e-02 3.537663025781512260e-03 7.193869445472955704e-03 1.470046490430831909e-02 2.022717706859111786e-02 6.747612729668617249e-03 2.283039875328540802e-02 5.550811532884836197e-03 2.032214403152465820e-02 2.583274804055690765e-02 1.674219593405723572e-02 1.629748009145259857e-02 3.529794886708259583e-02 3.732521086931228638e-02 9.526729583740234375e-03 2.066854760050773621e-02 2.605383470654487610e-02 1.952645689016208053e-04 2.678307332098484039e-02 2.838434278964996338e-02 2.087267860770225525e-02 1.192656438797712326e-02
3.980795666575431824e-02 1.103721465915441513e-02 7.335621863603591919e-03 1.729519367218017578e-01 4.713830053806304932e-01 6.534968968480825424e-03 8.751272223889827728e-03 1.295283623039722443e-02 1.061828900128602982e-02 3.810411691665649414e-02 1.502706203609704971e-02 8.629545569419860840e-03 8.296145126223564148e-03 3.440783824771642685e-03 2.097756601870059967e-02 3.452203795313835144e-02 1.884131506085395813e-02 8.108767122030258179e-02 1.426694989204406738e-01 3.615508228540420532e-02 3.265283629298210144e-02 8.198671042919158936e-03 4.136348515748977661e-02 3.507778421044349670e-02 4.455363750457763672e-02 2.215724624693393707e-02 3.963548224419355392e-03 1.115300320088863373e-02 3.345091268420219421e-02 1.004504691809415817e-02 4.403037205338478088e-02 3.380802646279335022e-02 1.759750302881002426e-04 1.834904402494430542e-02 1.322820968925952911e-02 3.213778883218765259e-02 3.432209417223930359e-02 1.969716884195804596e-02 7.918699085712432861e-02 7.807220518589019775e-02 3.509875759482383728e-02 7.245024666190147400e-03 1.968225836753845215e-02 3.299070149660110474e-02 2.673025242984294891e-02 5.492994096130132675e-03 1.553168613463640213e-02 2.317379228770732880e-03 2.891881018877029419e-02 2.228045836091041565e-02 3.797699755523353815e-04 2.165905758738517761e-02 3.699586540460586548e-02 6.526441313326358795e-03 1.820662803947925568e-02 1.674338127486407757e-03 9.956857189536094666e-03 3.694745153188705444e-02 1.339045166969299316e-02 5.552714690566062927e-03 2.459875121712684631e-02 2.089294977486133575e-02 4.735095053911209106e-02 6.295759230852127075e-03 9.529939852654933929e-03 2.195521444082260132e-02 2.736404351890087128e-02 2.774784900248050690e-02 4.230139032006263733e-02 4.647140577435493469e-02 6.363110989332199097e-02 3.681641817092895508e-02 9.423746913671493530e-02 1.375744398683309555e-02 1.574369370937347412e-01 1.507584378123283386e-02 3.895659465342760086e-03 1.747947186231613159e-02 1.496745552867650986e-02 1.542025804519653320e-02 9.634605608880519867e-03 5.003026500344276428e-02 5.949288979172706604e-02 1.690162867307662964e-01 3.381643444299697876e-02 3.310339525341987610e-02 4.802223667502403259e-02 2.370485849678516388e-02 5.975992605090141296e-02 2.464739046990871429e-02 3.718855232000350952e-02 2.897483296692371368e-02 1.402555033564567566e-02 2.047152817249298096e-02 4.897045902907848358e-03 3.784781554713845253e-03 3.139097988605499268e-02 3.331157611683011055e-03 3.416160494089126587e-02 3.540016338229179382e-02 4.158553667366504669e-03 1.302036456763744354e-02 6.844368763267993927e-03 1.112547237426042557e-02 6.134310271590948105e-03 3.761402890086174011e-02 3.652263432741165161e-02 3.071235027164220810e-03 2.904510870575904846e-02 4.441873752512037754e-04 2.599123492836952209e-02 5.072427913546562195e-02 1.337357517331838608e-02 2.057729288935661316e-02 1.212510839104652405e-02 7.869328558444976807e-02
7.867513597011566162e-02 5.290108174085617065e-02 3.176911175251007080e-02 3.427334874868392944e-02 6.534968968480825424e-03 4.523425698280334473e-01 9.220389276742935181e-02 4.331793752498924732e-04 2.282874658703804016e-03 1.169675588607788086e-02 6.122846528887748718e-02 5.002141743898391724e-02 3.209324926137924194e-02 4.135449603199958801e-02 7.251725997775793076e-03 8.068379946053028107e-03 2.932100556790828705e-02 1.286021061241626740e-02 3.459533303976058960e-02 2.238165028393268585e-02 8.015370927751064301e-03 3.641849383711814880e-03 2.778196521103382111e-02 2.422910928726196289e-02 3.486844524741172791e-02 2.386888023465871811e-03 2.894047833979129791e-02 2.945209667086601257e-02 5.060267820954322815e-02 2.098910696804523468e-02 1.261211186647415161e-02 1.368334703147411346e-02 2.918126247823238373e-02 1.857009343802928925e-02 4.113455116748809814e-02 1.286119315773248672e-02 2.248120307922363281e-02 9.571383707225322723e-03 1.757051050662994385e-02 7.017931435257196426e-03 1.583470404148101807e-02 4.469498060643672943e-03 6.043467205017805099e-03 2.570143714547157288e-02 1.971453800797462463e-02 4.865019768476486206e-02 3.077881969511508942e-02 3.545859456062316895e-02 5.957589484751224518e-03 2.717865630984306335e-02 1.516433985671028495e-04 1.842579571530222893e-03 1.534656900912523270e-02 2.625687746331095695e-03 1.137970574200153351e-02 2.233017608523368835e-02 4.530943930149078369e-02 5.549137131310999393e-04 2.283021993935108185e-02 8.293613209389150143e-04 3.170384094119071960e-02 6.556252017617225647e-03 3.322030603885650635e-02 2.443216741085052490e-02 2.054222486913204193e-02 1.169527135789394379e-02 1.632843865081667900e-03 4.846777301281690598e-03 4.538139700889587402e-02 3.143345564603805542e-02 4.710648953914642334e-02 8.557837456464767456e-03 4.357998445630073547e-02 1.528708171099424362e-02 1.222307793796062469e-02 4.957741126418113708e-02 2.514497376978397369e-02 1.876332052052021027e-02 2.487820200622081757e-02 1.268694642931222916e-02 2.050797641277313232e-02 6.255093030631542206e-03 1.550743728876113892e-02 6.375995930284261703e-03 1.482755225151777267e-02 3.230308368802070618e-02 1.065544039011001587e-02 9.605166502296924591e-03 3.793894499540328979e-02 3.630872350186109543e-03 4.424825683236122131e-02 1.042203139513731003e-02 1.470235455781221390e-02 1.136742904782295227e-02 2.242791652679443359e-02 1.677037961781024933e-02 1.542864181101322174e-02 1.793435774743556976e-02 6.462698336690664291e-03 2.391648292541503906e-02 1.462927367538213730e-02 1.143524888902902603e-03 1.151627954095602036e-02 4.219263046979904175e-02 5.260303616523742676e-02 4.436395689845085144e-02 2.619833871722221375e-02 1.373943086946383119e-04 1.102082617580890656e-02 4.535388574004173279e-02 1.351177878677845001e-02 4.107148386538028717e-03 1.025703502818942070e-03 3.211060911417007446e-02 4.012684524059295654e-02 3.766522184014320374e-02
6.331892311573028564e-02 1.057747751474380493e-01 3.935743495821952820e-02 2.877165563404560089e-02 8.751272223889827728e-03 9.220389276742935181e-02 4.604690074920654297e-01 1.714753173291683197e-02 2.126698195934295654e-02 2.943504042923450470e-02 7.210651785135269165e-02 3.561304882168769836e-02 7.629791647195816040e-02 5.867109447717666626e-02 1.627616025507450104e-02 2.738074958324432373e-02 2.501957118511199951e-02 3.019375354051589966e-02 2.563429065048694611e-02 1.740026869811117649e-03 1.156564801931381226e-02 7.127606309950351715e-03 7.679108064621686935e-03 2.628764323890209198e-02 2.826948277652263641e-02 1.343108434230089188e-02 3.473804146051406860e-02 3.205413371324539185e-02 5.301592126488685608e-02 5.831728776684030890e-05 7.156449556350708008e-02 1.009928248822689056e-02 4.201350733637809753e-02 2.126966789364814758e-02 3.407568484544754028e-02 1.542131882160902023e-02 4.215687979012727737e-03 3.396720066666603088e-02 4.011542722582817078e-02 3.110156580805778503e-02 3.071598149836063385e-02 4.302936419844627380e-02 9.846645407378673553e-03 3.200377151370048523e-02 4.386655986309051514e-02 4.826774075627326965e-02 5.437441542744636536e-02 9.448291361331939697e-02 5.979739129543304443e-03 2.957807481288909912e-02 2.054295502603054047e-02 1.424475759267807007e-02 2.010363899171352386e-02 1.529615279287099838e-02 1.251710113137960434e-02 3.359011933207511902e-02 5.109671130776405334e-02 1.983230933547019958e-02 9.576991200447082520e-03 2.227675169706344604e-03 2.712252177298069000e-02 6.638608872890472412e-03 2.923208288848400116e-02 4.084382206201553345e-02 1.638174243271350861e-02 1.099804043769836426e-02 6.505024153739213943e-03 1.780110597610473633e-02 1.356777641922235489e-02 3.630752488970756531e-02 1.563287456519901752e-03 3.966524824500083923e-02 9.657553397119045258e-03 2.305493131279945374e-02 9.676492190919816494e-04 2.425052970647811890e-02 3.301031887531280518e-02 7.275789231061935425e-02 3.183977305889129639e-02 3.065938502550125122e-02 3.107907436788082123e-02 2.009622752666473389e-02 2.338423021137714386e-02 4.721638746559619904e-03 8.143658749759197235e-03 2.016987837851047516e-02 1.036382094025611877e-02 3.868261352181434631e-03 3.193971142172813416e-02 3.552269190549850464e-03 4.458315670490264893e-02 2.129556378349661827e-03 5.443375930190086365e-02 3.547740727663040161e-02 1.583074778318405151e-02 1.385559793561697006e-02 3.471174836158752441e-02 4.838771000504493713e-02 4.483986645936965942e-03 3.695739805698394775e-02 4.171014763414859772e-03 2.857916697394102812e-04 2.016312815248966217e-02 3.554689697921276093e-03 1.488575898110866547e-02 3.150585666298866272e-02 9.217750281095504761e-03 4.705126211047172546e-02 8.972585201263427734e-03 4.944473505020141602e-02 3.180476604029536247e-03 8.689753711223602295e-03 3.767819609493017197e-03 2.057222090661525726e-02 2.861051633954048157e-02 1.713946275413036346e-02
1.104702986776828766e-02 1.381685119122266769e-02 1.101992875337600708e-01 3.679433465003967285e-02 1.295283623039722443e-02 4.331793752498924732e-04 1.714753173291683197e-02 4.589694142341613770e-01 9.987692348659038544e-03 2.238931134343147278e-02 4.230743739753961563e-03 7.008496671915054321e-03 5.230754148215055466e-03 3.870088374242186546e-03 4.741792380809783936e-02 5.260485690087080002e-03 2.139459922909736633e-02 3.557296469807624817e-02 9.376294910907745361e-03 7.382352370768785477e-03 2.554052043706178665e-03 2.186824381351470947e-02 5.550371482968330383e-03 4.663452506065368652e-03 9.412316721864044666e-04 1.082818303257226944e-02 2.435893937945365906e-02 2.688228711485862732e-02 1.293408963829278946e-02 2.408093959093093872e-02 3.829096630215644836e-02 1.312983129173517227e-02 4.881267622113227844e-02 2.149755693972110748e-02 1.724040135741233826e-02 3.364085406064987183e-02 3.504538442939519882e-03 1.602946198545396328e-03 4.421345889568328857e-02 3.657291829586029053e-02 2.051008492708206177e-02 3.650368750095367432e-02 8.167972788214683533e-03 3.469407558441162109e-02 4.718272015452384949e-02 2.987574599683284760e-02 9.193565696477890015e-03 2.858302555978298187e-02 2.071794308722019196e-02 4.605632647871971130e-02 2.195481024682521820e-02 2.435336261987686157e-02 1.263025589287281036e-02 6.042570341378450394e-03 3.477951511740684509e-02 1.363371219485998154e-02 7.193777244538068771e-03 2.978881634771823883e-02 1.187067758291959763e-02 5.494828335940837860e-03 2.889689058065414429e-02 1.594271743670105934e-03 6.884424481540918350e-03 1.592075638473033905e-02 1.448648422956466675e-02 1.139089930802583694e-02 7.918580435216426849e-03 2.008548565208911896e-02 4.483679309487342834e-02 2.812667936086654663e-02 3.909165784716606140e-02 1.446576323360204697e-03 1.759590953588485718e-02 1.334924530237913132e-02 4.403709620237350464e-02 1.208146382123231888e-02 1.008904888294637203e-03 1.426711957901716232e-02 8.592881262302398682e-03 8.198644034564495087e-03 6.626958400011062622e-02 3.561011329293251038e-02 4.212474077939987183e-02 4.099976271390914917e-02 2.044755965471267700e-02 3.137037903070449829e-02 1.951861940324306488e-02 1.072260737419128418e-02 3.693935275077819824e-02 2.972545288503170013e-02 7.316875737160444260e-03 2.702671801671385765e-03 4.327498003840446472e-02 8.090086281299591064e-03 3.720164299011230469e-02 9.481774643063545227e-03 6.524649448692798615e-03 6.556712090969085693e-03 2.559195971116423607e-03 1.011538971215486526e-02 1.171542983502149582e-02 2.121420577168464661e-03 3.753261640667915344e-02 3.940266557037830353e-03 3.129196166992187500e-02 1.939030736684799194e-02 1.016661431640386581e-02 9.579100646078586578e-03 8.839351125061511993e-03 2.921999059617519379e-02 2.295685745775699615e-02 1.419072877615690231e-02 2.226869016885757446e-02 2.878903038799762726e-02 3.940890729427337646e-02 1.740554533898830414e-02
2.802993543446063995e-02 3.042674064636230469e-02 2.630984410643577576e-02 4.692358430474996567e-03 1.061828900128602982e-02 2.282874658703804016e-03 2.126698195934295654e-02 9.987692348659038544e-03 4.364781081676483154e-01 1.032571196556091309e-01 2.957410365343093872e-02 7.501354906708002090e-03 2.038201875984668732e-02 2.861755341291427612e-02 4.430180415511131287e-02 7.186977565288543701e-02 6.249951943755149841e-02 1.524976734071969986e-02 4.282512143254280090e-02 1.207106187939643860e-02 3.179813921451568604e-02 1.860879547894001007e-02 1.642489619553089142e-02 1.483390759676694870e-02 6.362467538565397263e-03 3.760380437597632408e-03 1.778212189674377441e-02 6.498207151889801025e-02 3.073964081704616547e-02 4.341249819844961166e-03 3.418179228901863098e-02 3.784055635333061218e-02 4.552090167999267578e-02 3.555442765355110168e-02 1.349616982042789459e-02 1.457232795655727386e-02 1.111399568617343903e-02 2.135337563231587410e-03 3.455013409256935120e-02 3.733893111348152161e-02 2.854550443589687347e-02 7.986392825841903687e-02 4.018147289752960205e-02 4.094775021076202393e-02 5.030198488384485245e-03 3.175558522343635559e-02 4.063461720943450928e-02 1.294844970107078552e-02 1.159208826720714569e-02 1.270439196377992630e-02 8.493487723171710968e-03 8.251307532191276550e-03 8.665606379508972168e-03 9.203925728797912598e-03 2.168415859341621399e-02 3.235476836562156677e-02 1.674494519829750061e-02 2.771513350307941437e-02 2.310525625944137573e-02 4.768382385373115540e-02 7.562624756246805191e-03 4.378222301602363586e-02 8.038141764700412750e-03 2.537158876657485962e-02 4.125091806054115295e-02 4.087642952799797058e-02 5.204354412853717804e-03 3.851894289255142212e-02 5.691459774971008301e-02 1.793320407159626484e-03 4.801924526691436768e-02 2.190619893372058868e-02 5.140493437647819519e-02 9.631953202188014984e-03 8.621757850050926208e-03 5.677460227161645889e-03 1.820971965789794922e-01 5.554589256644248962e-02 6.676781922578811646e-02 1.962062716484069824e-02 2.262138016521930695e-02 4.132324457168579102e-02 3.223795443773269653e-02 3.341853618621826172e-02 2.360491640865802765e-02 2.334308438003063202e-02 1.996856927871704102e-02 3.046804107725620270e-02 3.088661469519138336e-02 2.666946314275264740e-02 2.361563965678215027e-02 1.486815884709358215e-02 1.257694512605667114e-02 2.548299916088581085e-02 1.114816684275865555e-02 9.261557832360267639e-03 2.451425977051258087e-02 3.856623172760009766e-02 2.966969087719917297e-02 2.375201880931854248e-02 2.835680730640888214e-02 1.200322760269045830e-03 4.491160158067941666e-03 2.460809051990509033e-02 1.799337193369865417e-02 3.134140046313405037e-03 3.456413745880126953e-02 3.362436965107917786e-02 2.490051276981830597e-02 1.153406873345375061e-02 8.067092858254909515e-03 3.047268837690353394e-02 1.501065958291292191e-02 2.215522900223731995e-02 4.437620285898447037e-03 2.931464696303009987e-03
2.548050135374069214e-02 2.652158960700035095e-02 2.200475893914699554e-03 2.583864703774452209e-02 3.810411691665649414e-02 1.169675588607788086e-02 2.943504042923450470e-02 2.238931134343147278e-02 1.032571196556091309e-01 4.501474797725677490e-01 2.997547388076782227e-02 1.155080366879701614e-02 4.098924994468688965e-02 6.875253468751907349e-02 4.392373841255903244e-03 2.326733618974685669e-02 2.160261385142803192e-02 3.643730282783508301e-02 6.569490581750869751e-02 1.493043918162584305e-02 2.487208694219589233e-02 3.362184762954711914e-02 1.982081681489944458e-02 2.014932967722415924e-02 6.384963169693946838e-03 1.826425455510616302e-02 6.470988504588603973e-03 4.590170457959175110e-02 3.702652454376220703e-02 7.379224896430969238e-02 4.809871315956115723e-03 1.488080341368913651e-02 3.907652571797370911e-02 1.082349661737680435e-02 3.846884518861770630e-02 3.050764091312885284e-02 4.808824881911277771e-02 1.670765317976474762e-02 7.579384837299585342e-03 2.736626565456390381e-02 2.601377107203006744e-02 3.140712901949882507e-02 5.876081995666027069e-03 6.685145490337163210e-05 1.800334639847278595e-02 4.665970336645841599e-04 2.500524744391441345e-02 4.372330382466316223e-03 1.671051792800426483e-02 9.430008381605148315e-02 3.037341125309467316e-02 2.531975507736206055e-02 1.837887801229953766e-02 4.124263674020767212e-02 3.741887584328651428e-02 4.479492455720901489e-02 1.274619600735604763e-03 1.369012519717216492e-02 3.317559882998466492e-02 4.354054853320121765e-02 2.865863591432571411e-02 2.639022469520568848e-02 2.689168229699134827e-02 1.700888387858867645e-03 1.844885945320129395e-02 2.741415239870548248e-02 7.436294108629226685e-03 4.503654316067695618e-02 3.243556618690490723e-02 2.532885782420635223e-02 2.000229805707931519e-02 3.489122167229652405e-02 3.586902469396591187e-02 2.432199567556381226e-02 1.896031200885772705e-02 8.830073289573192596e-03 2.087939716875553131e-02 1.676208823919296265e-01 1.526054739952087402e-02 1.768957078456878662e-01 4.547023028135299683e-02 1.770044490694999695e-02 3.917595371603965759e-02 2.661397680640220642e-02 2.341016381978988647e-02 3.469609469175338745e-02 4.501838982105255127e-02 4.255088791251182556e-02 3.293668478727340698e-02 5.641447380185127258e-02 6.465675774961709976e-03 3.472160175442695618e-02 2.095394209027290344e-02 2.276550279930233955e-03 2.268295176327228546e-02 2.674203924834728241e-02 1.675106026232242584e-02 1.412195898592472076e-02 4.959848150610923767e-02 3.729983698576688766e-03 4.011901910416781902e-04 1.230643969029188156e-02 2.286621183156967163e-02 3.169603645801544189e-02 3.940164577215909958e-03 3.271991387009620667e-03 5.410760641098022461e-03 1.716388389468193054e-02 5.366868805140256882e-03 3.830209374427795410e-02 5.980343092232942581e-03 3.813191875815391541e-02 2.635537832975387573e-02 3.453465178608894348e-03 3.465194627642631531e-02 2.333090826869010925e-02
8.947697281837463379e-02 8.538191020488739014e-02 1.500959508121013641e-02 2.789445593953132629e-02 1.502706203609704971e-02 6.122846528887748718e-02 7.210651785135269165e-02 4.230743739753961563e-03 2.957410365343093872e-02 2.997547388076782227e-02 4.670948982238769531e-01 2.500086277723312378e-02 9.229790419340133667e-02 1.469183154404163361e-02 1.327393576502799988e-02 3.426931798458099365e-02 8.230410516262054443e-03 1.867237314581871033e-02 4.176700487732887268e-02 9.025620296597480774e-03 4.604748450219631195e-03 2.304261364042758942e-02 4.036652389913797379e-03 2.870626980438828468e-03 4.562582075595855713e-02 8.556776680052280426e-03 9.767245501279830933e-04 3.445402160286903381e-02 9.699044749140739441e-03 4.451702162623405457e-02 3.840298205614089966e-02 3.185532242059707642e-02 4.470516741275787354e-02 3.346083313226699829e-02 1.782859303057193756e-02 1.210732618346810341e-03 9.680404327809810638e-03 3.292722627520561218e-03 1.535474136471748352e-02 1.391935069113969803e-02 1.977465488016605377e-02 1.908413134515285492e-02 1.184480264782905579e-03 1.357672456651926041e-02 3.900695964694023132e-02 1.095721777528524399e-02 3.200807422399520874e-02 2.963084913790225983e-02 3.330155834555625916e-02 3.384036198258399963e-02 4.875990375876426697e-02 5.083158612251281738e-02 1.637378148734569550e-02 2.136921696364879608e-02 3.733036294579505920e-02 6.959131453186273575e-03 4.602483287453651428e-02 1.909961574710905552e-03 2.458494715392589569e-02 2.913469448685646057e-02 3.593796864151954651e-02 4.240683838725090027e-02 1.417886652052402496e-02 4.152918700128793716e-03 4.934623092412948608e-02 4.938838258385658264e-02 1.893516071140766144e-02 9.390454739332199097e-03 1.845935359597206116e-02 1.514704804867506027e-02 2.926245098933577538e-03 4.788840189576148987e-02 1.277954224497079849e-02 1.197849866002798080e-02 1.678919186815619469e-03 2.890036627650260925e-02 1.317258737981319427e-02 1.880796253681182861e-02 6.194157525897026062e-03 2.593046613037586212e-02 3.820231929421424866e-02 1.303633395582437515e-02 7.769179530441761017e-03 2.202749811112880707e-02 8.332858793437480927e-03 5.179220344871282578e-03 3.738316008821129799e-03 1.004776638001203537e-02 5.197052285075187683e-02 9.453925304114818573e-03 2.183568850159645081e-02 2.655718289315700531e-02 4.713395144790410995e-03 1.907924748957157135e-02 1.444587577134370804e-02 3.420812264084815979e-02 1.329087559133768082e-02 6.428099237382411957e-03 9.785390459001064301e-03 1.019059121608734131e-02 1.970549114048480988e-02 1.550226379185914993e-02 7.311531226150691509e-04 7.597081828862428665e-03 1.523102447390556335e-02 2.250565961003303528e-02 9.030451066792011261e-03 5.824652034789323807e-03 2.096720505505800247e-03 1.305612735450267792e-02 1.498212805017828941e-03 1.217315904796123505e-03 1.783749833703041077e-02 2.410247735679149628e-02 2.134039625525474548e-02 2.752175368368625641e-02
2.607716247439384460e-02 3.048685379326343536e-02 1.035461202263832092e-03 8.176190778613090515e-03 8.629545569419860840e-03 5.002141743898391724e-02 3.561304882168769836e-02 7.008496671915054321e-03 7.501354906708002090e-03 1.155080366879701614e-02 2.500086277723312378e-02 4.512589275836944580e-01 4.201543703675270081e-02 1.498748213052749634e-01 1.570805162191390991e-02 3.155067190527915955e-02 2.757497364655137062e-03 5.893789231777191162e-02 1.987065561115741730e-02 2.104517631232738495e-02 1.920280605554580688e-02 3.851639851927757263e-02 5.752000585198402405e-02 4.334229975938796997e-02 4.128746688365936279e-03 8.817419409751892090e-03 2.292689308524131775e-02 5.185872316360473633e-02 2.641972526907920837e-02 2.401598356664180756e-02 2.276920713484287262e-02 1.241389196366071701e-02 1.794720068573951721e-03 2.331036608666181564e-03 2.047110162675380707e-02 1.822148077189922333e-02 1.182625629007816315e-02 3.662886098027229309e-02 4.234432801604270935e-02 3.869197890162467957e-02 4.724618047475814819e-02 4.162169992923736572e-03 2.255761437118053436e-02 3.452286124229431152e-02 6.336458772420883179e-02 4.235889390110969543e-02 8.542905561625957489e-03 3.435689583420753479e-02 2.238433808088302612e-02 1.297655282542109489e-03 1.152327749878168106e-02 4.575968906283378601e-02 2.059859409928321838e-02 8.935747668147087097e-03 5.587013904005289078e-03 8.126079104840755463e-03 2.493365667760372162e-02 2.634848468005657196e-02 2.283546887338161469e-02 5.135947139933705330e-04 1.418025000020861626e-03 5.335317458957433701e-03 3.604260273277759552e-03 2.512872964143753052e-02 3.709986433386802673e-02 4.435580223798751831e-02 2.925904840230941772e-02 4.450158216059207916e-03 9.105470031499862671e-03 4.237212240695953369e-02 3.764109918847680092e-03 4.143661633133888245e-02 2.264741994440555573e-02 2.684753946959972382e-02 4.811428859829902649e-02 3.061335161328315735e-02 3.640805557370185852e-02 1.730572618544101715e-02 2.673897519707679749e-02 2.117460779845714569e-02 1.883241161704063416e-02 7.924458011984825134e-03 4.126023128628730774e-02 2.573060244321823120e-02 1.459142100065946579e-02 1.213285885751247406e-02 9.978422895073890686e-03 2.879105694591999054e-02 1.062995754182338715e-03 4.869397263973951340e-03 1.189402118325233459e-02 3.274531662464141846e-02 2.000204659998416901e-02 4.576436802744865417e-02 9.859311394393444061e-03 2.490094676613807678e-02 2.435966581106185913e-02 1.355415675789117813e-02 3.145065857097506523e-03 1.184595562517642975e-02 1.895972155034542084e-02 4.431435838341712952e-03 1.213427819311618805e-02 5.254993680864572525e-03 4.471968393772840500e-03 8.381164632737636566e-03 3.243441134691238403e-02 1.114959456026554108e-02 1.550198066979646683e-02 3.542774915695190430e-02 5.207654554396867752e-03 1.685790345072746277e-02 1.076014526188373566e-02 3.408950567245483398e-02 3.074469789862632751e-02 3.275472298264503479e-02
8.211231976747512817e-02 1.142162308096885681e-01 1.089148409664630890e-02 1.210717763751745224e-02 8.296145126223564148e-03 3.209324926137924194e-02 7.629791647195816040e-02 5.230754148215055466e-03 2.038201875984668732e-02 4.098924994468688965e-02 9.229790419340133667e-02 4.201543703675270081e-02 4.683286547660827637e-01 2.770183421671390533e-02 2.560471184551715851e-02 4.619902372360229492e-02 3.645874559879302979e-02 6.383426487445831299e-03 2.918019890785217285e-02 1.614686450920999050e-03 3.740920452401041985e-03 3.746656700968742371e-02 1.577726379036903381e-02 1.220543403178453445e-02 2.501418069005012512e-02 1.278021559119224548e-02 1.983644999563694000e-02 1.996249891817569733e-02 7.833787240087985992e-03 4.624357447028160095e-02 5.467774346470832825e-02 3.671232610940933228e-02 3.418820723891258240e-02 3.775357082486152649e-02 1.202807575464248657e-02 1.249338500201702118e-02 3.037289250642061234e-03 1.381869055330753326e-02 7.607693318277597427e-03 1.108194515109062195e-02 3.018894698470830917e-03 4.412764683365821838e-02 8.797659538686275482e-03 9.854112751781940460e-03 2.304513473063707352e-03 9.279938414692878723e-03 3.095957264304161072e-02 5.713112652301788330e-02 2.799021080136299133e-02 4.141088947653770447e-02 1.972244121134281158e-02 2.092721872031688690e-02 3.132101381197571754e-03 1.021034736186265945e-02 3.541281074285507202e-02 5.085180513560771942e-03 5.069585517048835754e-02 1.180863380432128906e-02 3.015096997842192650e-03 1.648243702948093414e-02 4.187845066189765930e-02 2.468120679259300232e-02 3.580849245190620422e-02 1.963934674859046936e-02 2.372281067073345184e-02 4.633281379938125610e-02 9.584344923496246338e-03 2.200854010879993439e-03 2.614435553550720215e-02 1.519906148314476013e-02 7.543842075392603874e-04 2.562355995178222656e-02 1.182629074901342392e-02 7.636183407157659531e-03 2.128269057720899582e-03 8.871420286595821381e-03 3.585667535662651062e-02 1.892529614269733429e-02 5.237902514636516571e-03 3.765927255153656006e-02 2.953991666436195374e-02 4.726764746010303497e-03 1.758177764713764191e-02 2.799713611602783203e-02 1.706576719880104065e-02 1.708587282337248325e-03 4.729020409286022186e-03 1.476960536092519760e-02 5.021985247731208801e-02 1.164779532700777054e-02 3.221487626433372498e-02 1.454883720725774765e-02 3.583189798519015312e-03 2.919359365478157997e-03 4.646002780646085739e-03 3.009605966508388519e-02 3.953237086534500122e-02 4.610780160874128342e-03 8.409640751779079437e-03 2.530684135854244232e-02 2.498358115553855896e-02 2.249701507389545441e-02 5.098230671137571335e-03 4.330530762672424316e-03 4.734230693429708481e-03 2.568794414401054382e-02 9.531283751130104065e-03 9.124032221734523773e-03 2.996773691847920418e-03 1.063891779631376266e-02 4.704556893557310104e-03 7.087752223014831543e-03 4.522379022091627121e-03 1.193450391292572021e-02 2.269786037504673004e-02 6.105167791247367859e-03
