6.022304296493530273e-01 8.209364861249923706e-02 3.010831214487552643e-02 1.302281580865383148e-02 5.633665248751640320e-03 6.921266764402389526e-02 6.000857055187225342e-02 4.335548263043165207e-03 2.008352242410182953e-02 1.531820744276046753e-02 5.216000601649284363e-02 1.971636433154344559e-03 6.088514626026153564e-02 2.993020694702863693e-03 2.376264706254005432e-02 8.040375076234340668e-03 1.463671121746301651e-02 1.206242758780717850e-02 1.336154621094465256e-02 7.440931629389524460e-03 1.964092999696731567e-02 3.116681240499019623e-02 3.640928491950035095e-02 3.121105581521987915e-02 6.898795720189809799e-03 6.482934695668518543e-04 3.198826685547828674e-02 1.102120056748390198e-02 1.506227999925613403e-02 4.102871287614107132e-03 5.584551393985748291e-02 3.150399774312973022e-02 6.913785822689533234e-03 5.226954817771911621e-03 6.628619041293859482e-03 1.231807842850685120e-02 7.518029771745204926e-03 1.765349507331848145e-02 1.081090793013572693e-02 3.614113200455904007e-03 1.957210339605808258e-02 2.082352340221405029e-02 1.579976989887654781e-03 2.294890582561492920e-02 3.607179597020149231e-02 3.741801902651786804e-02 5.310405045747756958e-02 4.178012162446975708e-02 2.212886884808540344e-02 1.344877481460571289e-02 4.126178100705146790e-03 4.522705916315317154e-03 1.439746189862489700e-02 4.932954907417297363e-02 2.494539879262447357e-02 3.392632817849516869e-03 4.740620963275432587e-03 2.163759432733058929e-03 4.116094857454299927e-02 4.662827774882316589e-02 7.858091965317726135e-03 5.323641817085444927e-04 2.854011021554470062e-03 8.435068652033805847e-03 2.151391096413135529e-02 3.076530992984771729e-03 3.978185355663299561e-02 3.441753564402461052e-03 1.350146159529685974e-02 1.990550896152853966e-03 1.418328564614057541e-02 1.417629420757293701e-02 1.253390312194824219e-02 2.237945050001144409e-02 1.388711109757423401e-02 2.083621174097061157e-02 1.342767290771007538e-02 5.360078997910022736e-03 2.844459190964698792e-02 4.496637731790542603e-02 1.624292321503162384e-02 2.174077183008193970e-02 2.162925433367490768e-03 1.757707074284553528e-02 6.985667627304792404e-03 3.906267136335372925e-02 1.127911917865276337e-02 6.375229917466640472e-03 2.086280472576618195e-02 2.091675624251365662e-02 5.389937758445739746e-02 1.609654165804386139e-02 3.932441025972366333e-02 1.699378341436386108e-02 1.600858196616172791e-02 1.368949934840202332e-02 4.327883571386337280e-02 3.042089566588401794e-02 1.612359285354614258e-02 3.895000845659524202e-04 1.971439458429813385e-02 1.479369821026921272e-04 3.261685371398925781e-02 6.237247493118047714e-03 2.616784907877445221e-02 2.910595759749412537e-02 3.232859820127487183e-02 4.749265313148498535e-02 1.422906666994094849e-02 1.375644747167825699e-02 3.394642844796180725e-03 8.698891848325729370e-03 2.748332545161247253e-02 1.420159079134464264e-02 4.944626241922378540e-02 2.053837478160858154e-02
8.209364861249923706e-02 5.982074737548828125e-01 3.094994276762008667e-02 2.180794719606637955e-03 1.085445098578929901e-02 7.335660606622695923e-02 7.195754349231719971e-02 1.453175209462642670e-02 2.707735262811183929e-02 2.431245893239974976e-02 3.774806112051010132e-02 9.194454178214073181e-03 6.080837175250053406e-02 6.243347655981779099e-03 1.581402122974395752e-02 1.125734299421310425e-02 2.719015441834926605e-02 9.375691413879394531e-03 1.450847927480936050e-02 6.638272665441036224e-03 2.149933576583862305e-02 1.306010503321886063e-02 4.206779226660728455e-02 4.039531946182250977e-02 2.382099628448486328e-03 2.340779174119234085e-03 1.041927374899387360e-02 1.226250198669731617e-03 1.025854516774415970e-02 5.845603998750448227e-03 6.358294934034347534e-02 2.696339227259159088e-02 1.130335498601198196e-02 8.611933328211307526e-03 2.016277052462100983e-03 1.683039776980876923e-02 1.831543631851673126e-03 4.987938795238733292e-03 1.805456727743148804e-02 1.201661024242639542e-02 8.993889205157756805e-03 1.977471448481082916e-02 1.541585195809602737e-02 1.974854804575443268e-02 4.143562912940979004e-02 3.637939319014549255e-02 5.483546480536460876e-02 5.135722830891609192e-02 2.717258781194686890e-02 3.502956032752990723e-02 1.534287701360881329e-03 1.003563776612281799e-02 1.602188311517238617e-02 4.172354191541671753e-02 2.732353098690509796e-02 2.554649487137794495e-02 5.395999178290367126e-04 1.341212075203657150e-02 3.777663782238960266e-02 4.941325634717941284e-02 4.354173783212900162e-03 1.258424948900938034e-02 1.194391213357448578e-02 2.201390080153942108e-02 1.976251229643821716e-02 6.912505719810724258e-03 3.267533704638481140e-02 1.096412772312760353e-03 3.102662786841392517e-02 2.167137339711189270e-02 2.977463416755199432e-02 7.174344267696142197e-03 3.757250495254993439e-03 4.948794096708297729e-02 1.977075822651386261e-03 1.597663620486855507e-03 3.508453071117401123e-02 9.846776723861694336e-03 3.474263474345207214e-02 2.926676720380783081e-02 2.263891510665416718e-02 2.371538057923316956e-02 8.477798663079738617e-03 7.192349527031183243e-03 5.575194023549556732e-03 4.402209073305130005e-02 2.808409277349710464e-03 3.897221526131033897e-03 1.128118205815553665e-02 2.339765615761280060e-02 5.322666466236114502e-02 7.279230747371912003e-03 4.846518859267234802e-02 1.100208424031734467e-02 1.423053070902824402e-02 2.478579245507717133e-02 2.545825578272342682e-02 2.352518402040004730e-02 2.216069027781486511e-02 2.010663505643606186e-03 1.928442716598510742e-02 1.779404701665043831e-03 1.890339143574237823e-02 2.312936261296272278e-02 1.850136183202266693e-02 1.467753574252128601e-02 2.630208991467952728e-02 4.025691747665405273e-02 1.404946018010377884e-02 4.275031853467226028e-03 1.444647321477532387e-03 6.406662985682487488e-03 2.254254184663295746e-02 3.718258440494537354e-02 1.728229969739913940e-02 1.795426127500832081e-03
3.010831214487552643e-02 3.094994276762008667e-02 5.778374075889587402e-01 5.911672487854957581e-02 3.834997862577438354e-02 8.176409639418125153e-03 3.598285093903541565e-02 1.560656577348709106e-01 2.286414848640561104e-03 1.003251411020755768e-03 3.798830136656761169e-02 1.035498641431331635e-02 2.465144358575344086e-02 3.985621500760316849e-03 5.087490379810333252e-02 1.058949856087565422e-03 2.609596773982048035e-02 2.384021505713462830e-02 5.505644250661134720e-03 1.281538326293230057e-02 4.626247100532054901e-03 2.564065344631671906e-02 2.161348611116409302e-02 1.140874926932156086e-03 9.400289505720138550e-03 3.726269304752349854e-02 7.608081400394439697e-02 2.991602756083011627e-02 7.439710898324847221e-04 4.992523789405822754e-02 1.945579424500465393e-02 3.180719912052154541e-02 2.549499087035655975e-02 3.596874326467514038e-02 9.043718688189983368e-03 2.039762958884239197e-02 3.108285553753376007e-02 1.346903853118419647e-02 6.867237854748964310e-03 2.384996972978115082e-02 1.126488577574491501e-02 4.667686671018600464e-02 2.202954608947038651e-03 5.492002144455909729e-02 3.428234905004501343e-02 3.524519875645637512e-02 2.088120579719543457e-02 3.208810463547706604e-02 1.682550460100173950e-02 1.228703930974006653e-02 4.456501454114913940e-02 1.325047761201858521e-02 1.820469647645950317e-02 4.224615916609764099e-02 4.085836932063102722e-02 1.668134517967700958e-02 4.696392267942428589e-02 4.074226692318916321e-02 4.616053029894828796e-02 5.984073970466852188e-03 3.152195131406188011e-03 2.853272669017314911e-02 2.457654662430286407e-02 1.941662654280662537e-02 5.184166133403778076e-02 4.135050997138023376e-02 3.637651447206735611e-03 1.994833908975124359e-02 9.065322577953338623e-03 1.460268627852201462e-02 1.233365479856729507e-02 4.769475758075714111e-02 4.167862236499786377e-02 5.460392683744430542e-02 3.431536629796028137e-02 4.342131316661834717e-02 2.657184936106204987e-02 2.685954049229621887e-02 1.648403890430927277e-02 2.856746129691600800e-02 1.458981037139892578e-01 1.590982973575592041e-01 4.625098314136266708e-03 5.850142799317836761e-03 4.520579800009727478e-02 6.458431016653776169e-03 2.582657150924205780e-02 2.361916936933994293e-02 1.804720796644687653e-02 3.750725090503692627e-02 1.334565784782171249e-02 4.475753754377365112e-03 1.660283282399177551e-02 2.662163460627198219e-03 1.225650543347001076e-03 1.503945607692003250e-02 3.889500722289085388e-02 2.527378126978874207e-02 1.801570132374763489e-02 8.124106563627719879e-03 4.627613723278045654e-02 1.830028928816318512e-02 2.607162669301033020e-02 1.724337041378021240e-02 3.856201469898223877e-02 4.140663519501686096e-02 1.113923452794551849e-02 3.970098216086626053e-03 4.419580101966857910e-02 1.887266337871551514e-02 4.635500535368919373e-02 1.429582916898652911e-04 4.283738508820533752e-02 2.479059435427188873e-02 3.070996329188346863e-02 5.527851171791553497e-03
1.302281580865383148e-02 2.180794719606637955e-03 5.911672487854957581e-02 5.834351181983947754e-01 8.590988069772720337e-02 1.407467760145664215e-03 1.219097990542650223e-02 2.766808867454528809e-02 3.813799703493714333e-03 5.376196000725030899e-03 4.886657372117042542e-02 2.451647818088531494e-02 2.630698122084140778e-02 2.998711727559566498e-02 2.302480163052678108e-03 2.071938663721084595e-02 1.865652017295360565e-02 6.686683744192123413e-02 3.426009789109230042e-02 3.304152982309460640e-03 1.364121492952108383e-02 1.035497151315212250e-02 2.782959118485450745e-02 4.206414893269538879e-02 7.258587720571085811e-05 1.196693535894155502e-02 2.296651154756546021e-02 2.672330662608146667e-02 2.693616785109043121e-02 3.454586490988731384e-02 4.640141129493713379e-02 3.006970323622226715e-02 3.522206842899322510e-02 2.018170198425650597e-03 4.176092520356178284e-02 3.240323066711425781e-02 2.557123638689517975e-02 3.612609207630157471e-02 9.765258431434631348e-02 9.250418841838836670e-02 8.463080041110515594e-03 3.097805194556713104e-02 4.096494242548942566e-02 3.568709641695022583e-02 4.614954441785812378e-02 3.261520713567733765e-02 2.315651997923851013e-02 3.218145668506622314e-02 1.752282865345478058e-02 2.690041810274124146e-02 1.617441885173320770e-02 2.137444913387298584e-02 9.226589463651180267e-04 1.288225315511226654e-02 1.296132430434226990e-02 2.155127190053462982e-02 4.538341239094734192e-02 4.184772446751594543e-02 1.352484221570193768e-03 8.889404125511646271e-04 9.449154883623123169e-02 2.872751466929912567e-02 2.357011102139949799e-02 4.418345168232917786e-02 6.134712602943181992e-03 1.631718501448631287e-02 1.355944294482469559e-02 1.201673317700624466e-02 2.757590264081954956e-02 1.030998304486274719e-02 1.128701400011777878e-02 1.423194166272878647e-02 1.142763718962669373e-01 3.978567942976951599e-02 5.890277028083801270e-02 1.452921703457832336e-02 2.025263011455535889e-02 1.563653722405433655e-02 8.105004206299781799e-03 9.184253402054309845e-03 3.957527503371238708e-02 2.915586531162261963e-02 8.753577619791030884e-02 7.396225631237030029e-02 1.918877661228179932e-02 2.310823835432529449e-02 3.861146047711372375e-02 4.441317915916442871e-02 2.217248827219009399e-02 1.001411303877830505e-02 3.130399435758590698e-02 9.640570497140288353e-04 4.708325490355491638e-02 3.475409746170043945e-02 6.650135386735200882e-03 1.166882552206516266e-02 3.296056389808654785e-02 9.566398337483406067e-03 1.596908643841743469e-02 2.514269948005676270e-02 6.513069383800029755e-03 3.940998390316963196e-02 4.827814549207687378e-02 3.089051879942417145e-02 2.113248594105243683e-02 3.914698213338851929e-02 1.490554865449666977e-02 3.980309516191482544e-02 2.973342873156070709e-02 1.636974327266216278e-02 4.028413910418748856e-03 1.679571717977523804e-02 3.173490241169929504e-02 2.356857620179653168e-02 2.985537517815828323e-03 1.465091574937105179e-02
5.633665248751640320e-03 1.085445098578929901e-02 3.834997862577438354e-02 8.590988069772720337e-02 6.006444692611694336e-01 2.232187427580356598e-03 4.758548457175493240e-03 2.719053812325000763e-02 2.543932758271694183e-02 4.471815750002861023e-02 3.558571636676788330e-02 3.124040365219116211e-02 2.407115139067173004e-02 3.289782255887985229e-02 1.434859447181224823e-02 2.450624248012900352e-03 3.541010990738868713e-02 4.735504463315010071e-02 7.781614363193511963e-02 4.738027229905128479e-03 1.266810670495033264e-02 1.584830693900585175e-02 9.642285294830799103e-03 4.053196683526039124e-02 5.384334828704595566e-03 1.200856734067201614e-02 4.618183895945549011e-02 2.415214478969573975e-02 4.588630795478820801e-02 3.899562358856201172e-02 1.393257360905408859e-02 4.643106088042259216e-02 1.437762693967670202e-04 3.477324964478611946e-03 3.445851150900125504e-03 1.749978773295879364e-02 1.748795504681766033e-03 2.638716250658035278e-02 1.023554056882858276e-01 5.934675037860870361e-02 5.353436805307865143e-03 9.113335050642490387e-03 4.427808895707130432e-02 2.358870021998882294e-02 3.354226052761077881e-02 3.126518800854682922e-02 8.732953108847141266e-03 1.144034042954444885e-02 3.565795777831226587e-04 4.492795094847679138e-02 5.920776166021823883e-03 1.877452619373798370e-02 2.082768082618713379e-02 2.067300491034984589e-02 8.013642393052577972e-03 3.387374803423881531e-02 4.819742590188980103e-02 1.907565630972385406e-02 5.656383186578750610e-02 1.636039465665817261e-02 6.037279963493347168e-02 4.651092737913131714e-02 9.214227087795734406e-03 8.451445959508419037e-03 6.998584140092134476e-03 5.153611674904823303e-02 6.237432360649108887e-03 3.055609948933124542e-02 2.237314591184258461e-03 1.111534889787435532e-02 2.948042005300521851e-02 5.011633411049842834e-02 5.365778133273124695e-02 8.248803205788135529e-03 7.129503786563873291e-02 1.839912030845880508e-03 4.333027172833681107e-03 1.850724592804908752e-02 2.978793531656265259e-02 3.576904162764549255e-02 7.661526557058095932e-03 1.486021745949983597e-02 9.194564819335937500e-02 4.098428040742874146e-02 3.128649899736046791e-03 3.184225782752037048e-02 5.305059626698493958e-02 4.642187803983688354e-02 1.980562927201390266e-03 3.673921152949333191e-02 4.120240919291973114e-03 5.623986478894948959e-03 5.079674068838357925e-03 5.611461773514747620e-02 3.354702889919281006e-02 8.804844692349433899e-03 1.117979828268289566e-02 9.255515411496162415e-03 2.497363276779651642e-02 2.300708554685115814e-02 2.351302281022071838e-02 1.432804111391305923e-02 1.238003838807344437e-02 1.395156979560852051e-02 6.009718030691146851e-02 1.301649212837219238e-02 1.041338406503200531e-02 3.888762369751930237e-02 3.109892643988132477e-02 1.037736888974905014e-02 2.026488631963729858e-02 3.995105996727943420e-02 1.423730328679084778e-02 4.038469865918159485e-02 1.627752371132373810e-02 3.349289763718843460e-03
6.921266764402389526e-02 7.335660606622695923e-02 8.176409639418125153e-03 1.407467760145664215e-03 2.232187427580356598e-03 5.922522544860839844e-01 1.057799607515335083e-01 7.034321897663176060e-04 8.128445595502853394e-03 2.530674450099468231e-02 2.649641782045364380e-02 2.845124714076519012e-02 4.268338903784751892e-02 3.489914536476135254e-02 2.526165544986724854e-02 2.174964919686317444e-02 1.868406496942043304e-02 6.646315567195415497e-03 3.655596077442169189e-02 3.355910256505012512e-02 8.703231811523437500e-03 2.113896794617176056e-02 1.813741633668541908e-03 2.461283840239048004e-02 2.913522720336914062e-02 2.207433804869651794e-02 1.314736716449260712e-02 4.100266844034194946e-02 2.001400291919708252e-02 4.024027660489082336e-02 2.878674864768981934e-02 2.554735913872718811e-02 4.167952574789524078e-03 2.092912234365940094e-02 4.846713505685329437e-03 1.267764810472726822e-02 1.014114706777036190e-03 1.222072541713714600e-02 9.741353802382946014e-03 3.031349508091807365e-03 2.360698580741882324e-02 1.469639013521373272e-03 3.077070694416761398e-03 3.620525076985359192e-02 3.635843098163604736e-02 1.953301019966602325e-02 8.474101871252059937e-02 6.730479747056961060e-02 3.498635441064834595e-02 3.983044996857643127e-02 5.719658453017473221e-03 2.143618278205394745e-02 2.555911429226398468e-02 1.885365694761276245e-02 4.167825728654861450e-02 2.532868273556232452e-02 2.225581929087638855e-02 6.214274093508720398e-03 2.050323039293289185e-02 2.648167312145233154e-02 1.250164583325386047e-02 9.445600211620330811e-03 8.281650370918214321e-04 2.040427736937999725e-02 5.933209881186485291e-02 2.992887608706951141e-02 5.121866241097450256e-02 4.685713211074471474e-04 1.827166602015495300e-02 2.377868443727493286e-02 2.767552807927131653e-02 9.272172464989125729e-04 1.292610540986061096e-02 4.513880982995033264e-02 1.093051675707101822e-02 1.639747619628906250e-02 8.078075014054775238e-03 1.262076757848262787e-02 1.995235681533813477e-02 1.032237336039543152e-02 1.862304657697677612e-02 2.206611074507236481e-02 9.134631603956222534e-03 7.440424058586359024e-03 1.137603726238012314e-02 3.968710452318191528e-02 2.106603235006332397e-03 5.780506413429975510e-03 5.061739683151245117e-02 2.193851163610816002e-03 5.124705657362937927e-02 7.705679163336753845e-03 4.668357223272323608e-02 6.451678927987813950e-04 1.909391768276691437e-02 8.001391543075442314e-04 3.133003413677215576e-02 4.154172912240028381e-02 1.637345552444458008e-02 4.355248063802719116e-03 1.826568692922592163e-02 2.426990680396556854e-02 4.510478675365447998e-02 1.099001802504062653e-02 1.405450887978076935e-02 3.549362719058990479e-02 3.002808243036270142e-02 3.236867196392267942e-04 2.894159033894538879e-02 3.354473784565925598e-02 2.046526595950126648e-02 2.491759322583675385e-02 1.901538297533988953e-02 1.173264905810356140e-02 4.925505444407463074e-02 2.240715781226754189e-03
6.000857055187225342e-02 7.195754349231719971e-02 3.598285093903541565e-02 1.219097990542650223e-02 4.758548457175493240e-03 1.057799607515335083e-01 5.958642363548278809e-01 3.409780561923980713e-02 1.218377053737640381e-02 2.524920180439949036e-02 3.540173918008804321e-02 1.353932265192270279e-02 5.192428454756736755e-02 3.472345694899559021e-02 8.322268724441528320e-03 1.011931803077459335e-02 9.584245271980762482e-03 1.338884793221950531e-02 2.919574826955795288e-02 4.672158882021903992e-02 3.418397158384323120e-02 2.983291074633598328e-02 1.964527741074562073e-02 3.235928341746330261e-02 2.728604152798652649e-02 1.588649861514568329e-02 7.041701581329107285e-03 2.051726356148719788e-02 1.704500429332256317e-02 3.335648775100708008e-02 4.300896450877189636e-02 2.129312604665756226e-02 1.492837071418762207e-02 3.307642787694931030e-02 4.395050462335348129e-03 4.320015013217926025e-02 2.026905119419097900e-02 2.216594666242599487e-02 1.369546353816986084e-02 7.585312705487012863e-03 3.382394462823867798e-02 1.865749061107635498e-02 9.682467207312583923e-03 3.331133350729942322e-02 1.502007246017456055e-02 6.535684224218130112e-03 9.459485113620758057e-02 1.090627089142799377e-01 2.633783966302871704e-02 3.193949535489082336e-02 3.128492087125778198e-02 1.673753373324871063e-02 2.701578661799430847e-02 2.242992445826530457e-02 1.547810062766075134e-02 2.312058582901954651e-02 6.084640044718980789e-03 2.098996192216873169e-02 3.871093690395355225e-02 3.189050778746604919e-02 1.550553599372506142e-03 4.256176762282848358e-03 2.800447866320610046e-02 2.059596404433250427e-02 1.768576912581920624e-02 9.580958634614944458e-03 3.995615616440773010e-02 1.862210407853126526e-02 1.759873703122138977e-02 3.427369892597198486e-02 1.312316861003637314e-02 4.868585150688886642e-03 2.969703404232859612e-03 1.160889770835638046e-02 4.404650535434484482e-03 3.223466221243143082e-03 1.457011513411998749e-02 5.839089863002300262e-03 9.582976810634136200e-03 1.260574627667665482e-02 3.155057132244110107e-02 3.452309966087341309e-02 1.252813357859849930e-02 1.549671404063701630e-02 1.820966415107250214e-02 4.108411818742752075e-02 5.513024982064962387e-03 9.117036126554012299e-03 2.993505634367465973e-02 3.794740140438079834e-02 6.595680117607116699e-02 5.755775142461061478e-03 8.385425806045532227e-02 1.527154073119163513e-02 2.093854360282421112e-02 9.813427925109863281e-03 3.166191652417182922e-02 4.833192098885774612e-03 2.739160507917404175e-02 2.689208649098873138e-02 1.559891737997531891e-02 1.331664342433214188e-02 4.264698922634124756e-02 3.474226221442222595e-02 9.636065922677516937e-03 3.213793411850929260e-02 1.527436822652816772e-02 5.103450268507003784e-02 1.377141103148460388e-02 9.597878903150558472e-03 2.507916465401649475e-02 2.980927005410194397e-02 3.513878956437110901e-02 3.648569062352180481e-02 1.634937012568116188e-03 1.861575618386268616e-02
4.335548263043165207e-03 1.453175209462642670e-02 1.560656577348709106e-01 2.766808867454528809e-02 2.719053812325000763e-02 7.034321897663176060e-04 3.409780561923980713e-02 5.958192944526672363e-01 1.604486815631389618e-02 3.280800580978393555e-02 6.833023857325315475e-03 1.658259332180023193e-02 9.699997608549892902e-04 1.849784702062606812e-02 8.746952563524246216e-02 2.967267856001853943e-02 6.916190497577190399e-03 4.587503150105476379e-02 1.373226754367351532e-02 2.157094143331050873e-02 6.505972892045974731e-02 8.344046771526336670e-03 1.969732344150543213e-02 1.124576013535261154e-02 4.796739667654037476e-03 9.122692979872226715e-03 3.814517334103584290e-02 2.520090155303478241e-02 3.181236237287521362e-02 6.149453669786453247e-02 3.405917063355445862e-02 2.692070044577121735e-02 8.470086380839347839e-03 1.188182458281517029e-02 2.078288793563842773e-02 3.512329235672950745e-02 2.851196378469467163e-02 3.154709562659263611e-02 2.665521390736103058e-02 2.274821139872074127e-02 1.769767329096794128e-02 2.437569200992584229e-02 1.520835794508457184e-03 5.241399630904197693e-03 2.331947349011898041e-02 1.999899931252002716e-02 4.641035944223403931e-02 4.773534461855888367e-02 2.683604322373867035e-02 4.361271113157272339e-02 5.666079744696617126e-02 3.555018827319145203e-02 2.333380281925201416e-02 5.569925531744956970e-02 3.909218683838844299e-02 2.696800604462623596e-02 3.596413135528564453e-02 4.039243608713150024e-02 1.062181778252124786e-02 3.916725888848304749e-02 3.487211838364601135e-02 3.988368064165115356e-02 2.884843852370977402e-03 3.480279445648193359e-02 3.377352282404899597e-02 3.343061357736587524e-02 1.236969418823719025e-02 4.630260542035102844e-02 2.575047314167022705e-02 4.283646494150161743e-02 1.218215096741914749e-02 1.907829195261001587e-02 1.776406168937683105e-02 6.327877938747406006e-02 3.771626576781272888e-02 4.966098815202713013e-02 1.897810213267803192e-02 2.923412062227725983e-02 4.590005427598953247e-02 7.263930048793554306e-03 1.420870870351791382e-01 1.424096524715423584e-01 1.485596224665641785e-02 8.600096218287944794e-03 2.563337422907352448e-02 1.342388056218624115e-02 7.456247508525848389e-02 4.372731968760490417e-02 2.915137819945812225e-02 2.040123753249645233e-02 5.386096611618995667e-02 2.377125807106494904e-02 4.310318827629089355e-02 3.699295921251177788e-03 2.383650653064250946e-02 3.628098964691162109e-02 1.153244543820619583e-02 4.924944136291742325e-03 1.384408120065927505e-02 3.013521432876586914e-03 3.737957403063774109e-02 3.513117879629135132e-02 2.574699372053146362e-02 1.081121247261762619e-02 2.562852809205651283e-03 1.594397984445095062e-02 1.271222811192274094e-02 4.274978861212730408e-02 3.426848351955413818e-02 3.360201418399810791e-02 2.673668786883354187e-04 3.313183411955833435e-02 1.414458965882658958e-03 8.115110918879508972e-03 3.637616708874702454e-02 2.427142113447189331e-02
2.008352242410182953e-02 2.707735262811183929e-02 2.286414848640561104e-03 3.813799703493714333e-03 2.543932758271694183e-02 8.128445595502853394e-03 1.218377053737640381e-02 1.604486815631389618e-02 6.029147505760192871e-01 5.554845184087753296e-02 2.707895636558532715e-02 1.648375764489173889e-02 3.184371069073677063e-02 3.161387145519256592e-02 1.574968919157981873e-02 6.570877879858016968e-02 6.553532183170318604e-02 7.291113957762718201e-03 1.690892130136489868e-02 5.491443909704685211e-03 4.556922987103462219e-02 1.999422349035739899e-02 5.971665680408477783e-02 3.424224257469177246e-02 1.098330039530992508e-02 3.080497309565544128e-02 3.545394912362098694e-02 2.978111058473587036e-02 3.477919846773147583e-02 4.144174233078956604e-02 9.615745395421981812e-03 2.629326656460762024e-02 4.626652598381042480e-02 7.743305759504437447e-04 2.595408074557781219e-02 6.886420305818319321e-03 2.907693013548851013e-02 3.787911310791969299e-02 1.671682810410857201e-03 2.004676032811403275e-03 3.355082124471664429e-02 6.521572917699813843e-02 1.717119291424751282e-02 2.840844681486487389e-03 1.169826928526163101e-02 1.879066787660121918e-02 9.680633433163166046e-03 1.562505587935447693e-02 5.756144598126411438e-02 1.901148073375225067e-02 4.152762144804000854e-02 3.026891872286796570e-02 1.568271778523921967e-02 4.769628867506980896e-02 6.045944243669509888e-02 3.069743327796459198e-02 2.655117586255073547e-02 3.856475278735160828e-02 1.106353569775819778e-02 1.958809792995452881e-02 1.202150713652372360e-03 1.952477544546127319e-02 6.510851439088582993e-03 2.240599319338798523e-02 6.485853809863328934e-03 3.199277445673942566e-02 1.160769257694482803e-02 2.495170384645462036e-02 1.097453832626342773e-01 2.251422032713890076e-03 8.700181543827056885e-02 3.651313111186027527e-02 1.751685631461441517e-03 2.309763059020042419e-02 1.944691687822341919e-02 2.944408170878887177e-02 1.037899926304817200e-01 5.757216364145278931e-02 4.561099410057067871e-02 3.089849464595317841e-02 9.569770656526088715e-03 1.121542765758931637e-03 1.890657469630241394e-03 9.737228392623364925e-04 1.805419661104679108e-02 2.907845005393028259e-02 3.462167456746101379e-02 4.043171554803848267e-02 2.646382711827754974e-02 5.206261761486530304e-03 7.081409450620412827e-03 3.507703170180320740e-02 9.867085143923759460e-03 3.272832930088043213e-02 3.985202312469482422e-02 3.667230531573295593e-02 2.370366826653480530e-02 4.210275411605834961e-02 2.479740045964717865e-02 8.296800777316093445e-03 2.425598166882991791e-02 3.862841986119747162e-03 4.710555821657180786e-02 3.152867406606674194e-02 1.592027395963668823e-02 3.293985128402709961e-02 3.834103001281619072e-03 2.321550156921148300e-03 8.028586395084857941e-03 4.238429665565490723e-02 2.231510728597640991e-02 1.262104138731956482e-02 3.308643028140068054e-02 2.001731656491756439e-02 3.638549894094467163e-02 1.463511958718299866e-02
1.531820744276046753e-02 2.431245893239974976e-02 1.003251411020755768e-03 5.376196000725030899e-03 4.471815750002861023e-02 2.530674450099468231e-02 2.524920180439949036e-02 3.280800580978393555e-02 5.554845184087753296e-02 5.960994958877563477e-01 2.497327700257301331e-02 5.035694222897291183e-03 3.566430509090423584e-02 1.103327609598636627e-03 4.058530181646347046e-02 6.373549252748489380e-02 9.864488244056701660e-02 1.518779317848384380e-03 1.925320364534854889e-02 1.948335207998752594e-02 4.175818338990211487e-02 3.109035268425941467e-02 1.198872644454240799e-02 7.326531410217285156e-02 7.756381295621395111e-03 4.423775896430015564e-02 1.592392101883888245e-02 3.668319433927536011e-02 3.122188150882720947e-02 4.883455857634544373e-02 1.104531716555356979e-02 1.716890186071395874e-02 1.211006101220846176e-02 3.234381973743438721e-02 2.677793987095355988e-02 8.707275264896452427e-04 3.689001128077507019e-02 3.059352003037929535e-02 6.549329962581396103e-03 2.807614021003246307e-02 2.957805804908275604e-02 4.193743225187063217e-03 2.588109672069549561e-02 1.619651354849338531e-02 3.955418244004249573e-02 6.195713300257921219e-03 1.151606161147356033e-02 3.343564271926879883e-02 2.882224880158901215e-02 8.110419660806655884e-02 4.175186157226562500e-02 1.519027573522180319e-04 4.581794142723083496e-02 1.930937543511390686e-02 3.105387836694717407e-02 1.110256835818290710e-01 4.072455689311027527e-02 1.002607680857181549e-02 1.615762710571289062e-02 1.852447353303432465e-02 3.766011446714401245e-02 2.168629504740238190e-02 2.535907318815588951e-03 3.843093663454055786e-02 1.341842953115701675e-02 4.119168967008590698e-03 8.183548226952552795e-03 3.226955235004425049e-02 7.861457765102386475e-02 2.943820506334304810e-02 1.283785402774810791e-01 4.139892756938934326e-03 4.804135096492245793e-05 2.249023318290710449e-02 3.721879050135612488e-02 7.873508729971945286e-04 5.784123390913009644e-02 8.824677020311355591e-02 3.610109910368919373e-02 5.409945547580718994e-02 1.323694176971912384e-02 1.541840657591819763e-02 4.267749935388565063e-02 2.447573654353618622e-02 2.784371748566627502e-02 7.545019034296274185e-03 3.914160653948783875e-02 4.639390483498573303e-02 1.926640793681144714e-02 4.123179242014884949e-02 3.296710783615708351e-03 4.277072101831436157e-02 3.098204731941223145e-02 3.460677713155746460e-02 1.647291937842965126e-03 2.055730856955051422e-02 4.362209874670952559e-04 2.320520207285881042e-02 1.711422763764858246e-02 4.766672104597091675e-02 2.192229032516479492e-03 1.719884201884269714e-02 1.259043253958225250e-02 4.094549920409917831e-03 1.530985068529844284e-02 5.188249424099922180e-02 8.417773060500621796e-03 3.381646936759352684e-03 2.526553720235824585e-02 2.588698081672191620e-02 9.348205290734767914e-03 3.401103243231773376e-02 3.416249994188547134e-03 1.486290339380502701e-02 3.353881463408470154e-02 4.198393970727920532e-02
5.216000601649284363e-02 3.774806112051010132e-02 3.798830136656761169e-02 4.886657372117042542e-02 3.558571636676788330e-02 2.649641782045364380e-02 3.540173918008804321e-02 6.833023857325315475e-03 2.707895636558532715e-02 2.497327700257301331e-02 6.108801960945129395e-01 1.201002579182386398e-02 5.161608010530471802e-02 3.849100554361939430e-03 2.274495176970958710e-02 9.331806562840938568e-03 2.815554104745388031e-02 3.082373552024364471e-02 4.675291106104850769e-02 5.787708330899477005e-03 1.550816558301448822e-02 5.254086479544639587e-02 3.884689882397651672e-02 2.768163569271564484e-02 6.648920243605971336e-04 4.372600815258920193e-04 3.812153264880180359e-02 1.460727956146001816e-02 6.898083537817001343e-02 4.282812122255563736e-03 4.522664844989776611e-02 3.244343400001525879e-02 1.701000705361366272e-02 1.173683628439903259e-02 5.376749671995639801e-03 1.607993990182876587e-02 2.550371363759040833e-02 3.512096032500267029e-02 3.711933270096778870e-02 2.181931957602500916e-02 4.446885734796524048e-02 2.934945933520793915e-02 1.977465581148862839e-03 8.865179494023323059e-03 3.743978682905435562e-03 1.543178595602512360e-02 4.326312988996505737e-02 3.357676416635513306e-02 2.097311615943908691e-02 1.127559877932071686e-02 2.840665355324745178e-02 1.227615214884281158e-02 4.070591647177934647e-03 4.955185577273368835e-02 1.721972227096557617e-02 1.849416270852088928e-02 3.636281564831733704e-02 3.934003878384828568e-03 1.560124568641185760e-02 3.703985735774040222e-02 1.055137999355792999e-02 2.736647380515933037e-03 1.426992658525705338e-02 8.926630020141601562e-03 2.291813865303993225e-02 1.583676785230636597e-02 3.599906712770462036e-02 2.901173382997512817e-02 4.100456135347485542e-04 3.350280970335006714e-02 6.192403379827737808e-03 2.619408257305622101e-02 2.642357535660266876e-02 1.562541117891669273e-03 7.495642174035310745e-03 2.452666684985160828e-02 1.940306276082992554e-02 1.850560866296291351e-02 4.785906057804822922e-03 3.834938630461692810e-02 6.019005086272954941e-03 2.446100488305091858e-02 1.082128845155239105e-02 5.169484391808509827e-02 6.770568899810314178e-03 3.186184167861938477e-02 2.953832410275936127e-02 1.799159497022628784e-02 1.238634344190359116e-02 3.058115718886256218e-03 4.992730170488357544e-02 4.502376168966293335e-02 2.617059648036956787e-02 3.636540845036506653e-02 3.018712624907493591e-02 3.179228305816650391e-02 1.966318860650062561e-02 9.185757488012313843e-03 3.875525295734405518e-02 1.490924879908561707e-02 2.142404578626155853e-02 1.241614692844450474e-03 1.024129427969455719e-02 4.350742697715759277e-02 3.403722867369651794e-02 2.443570271134376526e-02 3.499997779726982117e-02 1.875363104045391083e-02 9.111235849559307098e-03 8.848863653838634491e-03 2.416022680699825287e-02 2.094503864645957947e-02 3.344853594899177551e-02 4.151214286684989929e-02 2.807223238050937653e-02 1.678141579031944275e-02
1.971636433154344559e-03 9.194454178214073181e-03 1.035498641431331635e-02 2.451647818088531494e-02 3.124040365219116211e-02 2.845124714076519012e-02 1.353932265192270279e-02 1.658259332180023193e-02 1.648375764489173889e-02 5.035694222897291183e-03 1.201002579182386398e-02 5.988246202468872070e-01 5.228554829955101013e-03 1.081151291728019714e-01 1.388590130954980850e-02 6.618859712034463882e-03 4.257452860474586487e-02 2.199665084481239319e-02 4.002417251467704773e-02 7.883637212216854095e-03 3.877795860171318054e-02 1.217579655349254608e-02 3.720664605498313904e-02 2.385837770998477936e-02 1.091131288558244705e-02 7.176854182034730911e-03 1.226301956921815872e-02 9.176419675350189209e-02 2.882525138556957245e-02 6.531590968370437622e-02 1.690039597451686859e-02 2.777499705553054810e-02 3.403563424944877625e-02 1.705655083060264587e-02 1.828341744840145111e-02 2.401721104979515076e-02 2.950829686596989632e-03 2.436377480626106262e-02 4.209653288125991821e-02 4.220522940158843994e-02 7.357960101217031479e-03 4.319007508456707001e-03 3.800839558243751526e-02 2.658363804221153259e-02 9.131798148155212402e-02 7.062812894582748413e-02 1.737146265804767609e-02 1.591903273947536945e-03 1.982999406754970551e-02 2.652102150022983551e-02 3.515601530671119690e-02 4.540535807609558105e-02 8.638395927846431732e-03 4.321239516139030457e-02 2.901821583509445190e-02 3.936415165662765503e-02 7.667751982808113098e-03 4.393357317894697189e-03 4.537349566817283630e-02 3.747747465968132019e-02 2.828871458768844604e-02 2.970421127974987030e-02 5.000603944063186646e-02 1.826877892017364502e-02 4.526933655142784119e-02 2.690464071929454803e-02 3.955018147826194763e-02 4.295233637094497681e-02 1.750096864998340607e-02 5.599929485470056534e-03 1.576034538447856903e-02 7.391066290438175201e-03 2.758735604584217072e-02 2.430954389274120331e-02 2.286604046821594238e-02 6.049113348126411438e-03 1.242123264819383621e-02 2.525940770283341408e-03 4.237790033221244812e-02 4.926029220223426819e-02 3.040207549929618835e-03 1.145846472354605794e-04 1.555019337683916092e-02 4.561099782586097717e-02 2.267460105940699577e-03 2.383389882743358612e-02 1.016927044838666916e-02 6.560228299349546432e-03 6.055341660976409912e-02 7.041633874177932739e-02 1.678529428318142891e-03 3.616173518821597099e-03 4.197373986244201660e-03 8.519664406776428223e-03 1.122774463146924973e-02 1.689945720136165619e-02 2.480970695614814758e-02 4.659134149551391602e-02 1.778377033770084381e-02 1.368921343237161636e-02 1.802041195333003998e-02 1.499473676085472107e-02 3.250116109848022461e-02 2.091924659907817841e-02 2.491447841748595238e-03 2.790244296193122864e-02 4.270161967724561691e-03 2.669601887464523315e-02 8.233867585659027100e-03 1.691137626767158508e-02 3.116325475275516510e-03 7.133614737540483475e-03 1.637785695493221283e-02 5.467922613024711609e-02 4.084761440753936768e-02 1.262320205569267273e-02
6.088514626026153564e-02 6.080837175250053406e-02 2.465144358575344086e-02 2.630698122084140778e-02 2.407115139067173004e-02 4.268338903784751892e-02 5.192428454756736755e-02 9.699997608549892902e-04 3.184371069073677063e-02 3.566430509090423584e-02 5.161608010530471802e-02 5.228554829955101013e-03 6.044050455093383789e-01 1.513331517344340682e-04 3.447897732257843018e-02 3.014030121266841888e-02 3.560164943337440491e-02 2.309492975473403931e-02 3.554179146885871887e-02 2.031694538891315460e-02 2.273768885061144829e-03 3.929567337036132812e-02 2.458894811570644379e-02 1.981209963560104370e-02 9.209066629409790039e-03 1.455060392618179321e-02 2.069687843322753906e-02 8.410725742578506470e-03 2.909292466938495636e-02 1.139207649976015091e-02 5.407668277621269226e-02 2.374617010354995728e-02 8.881248533725738525e-03 2.051601558923721313e-02 2.001449000090360641e-03 3.089039959013462067e-02 8.652747608721256256e-03 1.832859776914119720e-02 2.935137227177619934e-02 1.275200396776199341e-02 2.620803192257881165e-02 2.452605590224266052e-02 1.483306754380464554e-02 1.930755190551280975e-02 4.513236135244369507e-02 2.825429104268550873e-02 3.473264351487159729e-02 4.099296778440475464e-02 3.158500418066978455e-02 2.685719728469848633e-02 2.601925749331712723e-03 1.393471844494342804e-02 3.246292471885681152e-03 1.081182528287172318e-02 4.288768768310546875e-02 3.976163640618324280e-02 2.851171651855111122e-03 2.039682865142822266e-02 1.770882052369415760e-03 1.558519713580608368e-02 1.272348221391439438e-02 8.407120592892169952e-03 5.214390344917774200e-03 1.101108826696872711e-02 1.470856741070747375e-02 4.208071902394294739e-02 1.828929781913757324e-02 4.529547877609729767e-03 2.970617637038230896e-02 1.682715490460395813e-02 2.351172268390655518e-02 1.097740046679973602e-02 9.573812596499919891e-03 1.793736964464187622e-02 7.665936369448900223e-03 8.329934440553188324e-03 4.060973972082138062e-02 3.378009051084518433e-02 3.096221387386322021e-02 3.823412582278251648e-02 1.263985689729452133e-02 2.588975243270397186e-02 4.700092133134603500e-03 2.256445586681365967e-02 4.616886842995882034e-03 1.366107445210218430e-02 1.995453983545303345e-02 2.441088855266571045e-02 6.388945970684289932e-03 2.315476723015308380e-02 2.904871106147766113e-02 3.425488620996475220e-02 3.776387870311737061e-02 2.942739799618721008e-02 4.342562332749366760e-02 2.753012999892234802e-02 6.533306557685136795e-03 1.254494581371545792e-02 4.467722028493881226e-02 3.761447221040725708e-02 2.150468155741691589e-02 1.060279924422502518e-02 6.219766568392515182e-03 2.973635867238044739e-02 1.129523012787103653e-02 1.167693268507719040e-02 2.597107179462909698e-02 3.004175052046775818e-02 9.441362693905830383e-03 6.370631745085120201e-04 1.851858571171760559e-02 6.322105415165424347e-03 2.039010636508464813e-02 3.949525952339172363e-02 8.393474272452294827e-04 9.272226132452487946e-03
