4.842821359634399414e-01 2.308272570371627808e-01 4.287346825003623962e-02 1.170544419437646866e-02 2.933313883841037750e-02 1.522987335920333862e-01 5.672083050012588501e-02 2.897931449115276337e-02 7.729137782007455826e-03 1.849634572863578796e-02 1.813365519046783447e-01 1.367934048175811768e-02 8.072800189256668091e-02 1.754022017121315002e-02 1.966890692710876465e-02 4.639474675059318542e-02 3.605742380023002625e-02 1.197327766567468643e-02 4.989261738955974579e-03 3.019998222589492798e-02 4.070750623941421509e-02 2.868568338453769684e-02 1.237102504819631577e-02 1.873335218988358974e-03 1.730595529079437256e-02 1.597115397453308105e-02 4.981484264135360718e-03 4.065385460853576660e-02 5.197534337639808655e-02 4.392176121473312378e-02 3.566845785826444626e-03 1.301061268895864487e-02 1.072689704596996307e-02 2.761503681540489197e-02 1.905888086184859276e-03 5.817435681819915771e-03 1.852954179048538208e-02 7.259638514369726181e-03 8.140174672007560730e-03 1.158414408564567566e-02 3.938136622309684753e-02 3.230959922075271606e-02 1.319541595876216888e-02 2.333396300673484802e-02 2.143325656652450562e-02 2.158604748547077179e-02 8.951833099126815796e-02 5.509189888834953308e-02 3.498788550496101379e-02 3.763637691736221313e-02 7.254743948578834534e-03 9.505315683782100677e-03 4.657337069511413574e-02 2.864118106663227081e-02 1.421250216662883759e-02 1.067749503999948502e-02 9.836282581090927124e-03 2.690177038311958313e-02 2.141409553587436676e-02 3.355107828974723816e-02 3.078823164105415344e-02 3.595850989222526550e-02 1.689269021153450012e-02 3.228936111554503441e-03 5.663044750690460205e-03 3.420058265328407288e-02 2.222319319844245911e-02 4.799244180321693420e-02 5.078624933958053589e-02 5.421914905309677124e-02 2.747358568012714386e-02 2.856690622866153717e-02 2.303096279501914978e-02 1.053093746304512024e-02 3.312238678336143494e-02 6.962377578020095825e-03 3.153670206665992737e-02 4.698116332292556763e-02 2.097382955253124237e-02 1.306868530809879303e-02 4.569923132658004761e-02 2.159502916038036346e-02 1.716030761599540710e-02 2.187324874103069305e-02 5.650204839184880257e-04 3.550455439835786819e-03 1.060973387211561203e-02 4.669398441910743713e-02 1.030816324055194855e-02 3.155679255723953247e-02 6.004305183887481689e-02 3.325598314404487610e-02 3.012346662580966949e-02 2.016186341643333435e-02 2.402683161199092865e-02 4.177231714129447937e-02 1.374678313732147217e-02 1.451102457940578461e-02 4.665059968829154968e-02 3.495566919445991516e-02 4.348603636026382446e-02 3.048840165138244629e-02 5.272982642054557800e-02 1.530071254819631577e-02 4.069213941693305969e-02 1.028675399720668793e-02 4.511483013629913330e-02 2.634886652231216431e-02 7.412836421281099319e-03 1.726969145238399506e-02 5.019966885447502136e-02 3.252349421381950378e-02 7.280542515218257904e-03 2.115742675960063934e-02 1.797492988407611847e-02 2.421977929770946503e-02
2.308272570371627808e-01 4.799106419086456299e-01 6.927439244464039803e-04 8.518059737980365753e-03 2.967029437422752380e-02 1.142109632492065430e-01 6.576096266508102417e-02 2.003866620361804962e-02 1.404828671365976334e-02 2.227363362908363342e-02 1.577313691377639771e-01 4.951802268624305725e-02 1.257538646459579468e-01 2.872735261917114258e-02 3.009489923715591431e-02 3.732137009501457214e-02 3.665519505739212036e-02 3.209825605154037476e-02 6.146497093141078949e-03 3.950761631131172180e-02 3.475550562143325806e-02 5.275757610797882080e-02 1.627216860651969910e-02 7.516031619161367416e-03 3.444158472120761871e-03 2.810608595609664917e-03 9.242667816579341888e-03 1.407611928880214691e-02 4.964426159858703613e-02 4.305368661880493164e-02 1.415119972079992294e-02 3.518442064523696899e-02 2.215652167797088623e-02 2.292829379439353943e-02 2.145036682486534119e-02 3.472291165962815285e-03 1.418576389551162720e-02 1.638851314783096313e-02 9.375911206007003784e-03 1.527223736047744751e-02 3.480177745223045349e-02 8.502349257469177246e-03 1.227544248104095459e-02 5.870058666914701462e-03 1.296245120465755463e-02 7.231409195810556412e-03 5.601990595459938049e-02 5.790390074253082275e-02 3.242381289601325989e-02 3.292994201183319092e-02 2.581045590341091156e-02 3.366757184267044067e-03 9.937879629433155060e-03 4.796978831291198730e-02 4.060408845543861389e-02 1.003845687955617905e-02 1.786855049431324005e-02 9.937186725437641144e-03 1.237473357468843460e-02 1.674507372081279755e-02 4.156409204006195068e-02 2.338927611708641052e-02 1.018820609897375107e-02 3.519077086821198463e-03 3.309152647852897644e-02 2.566630393266677856e-02 1.581537537276744843e-02 4.521181061863899231e-02 3.700392693281173706e-02 4.303046688437461853e-02 4.225518554449081421e-02 4.669588059186935425e-02 3.881756588816642761e-02 3.513039264362305403e-04 3.877434134483337402e-02 1.380769652314484119e-03 8.105168119072914124e-03 2.900776453316211700e-02 1.637207716703414917e-02 5.817720200866460800e-03 3.675522282719612122e-02 1.489290781319141388e-02 1.969308033585548401e-02 2.642177976667881012e-02 1.620190404355525970e-02 8.237442001700401306e-03 1.844046637415885925e-02 5.517670139670372009e-02 2.273468486964702606e-02 1.781449094414710999e-02 1.982306316494941711e-02 4.337270930409431458e-02 1.499779243022203445e-02 1.588032580912113190e-02 4.338239878416061401e-02 5.562446545809507370e-03 1.822397299110889435e-02 2.208629064261913300e-02 3.992745652794837952e-02 3.619286045432090759e-02 1.348431501537561417e-02 6.032270845025777817e-03 2.587896771728992462e-02 3.865680191665887833e-03 6.734202150255441666e-03 2.742609754204750061e-02 2.042295970022678375e-02 2.726565301418304443e-02 1.272479537874460220e-02 2.963839285075664520e-02 1.460657361894845963e-02 4.315927997231483459e-02 7.242677733302116394e-03 4.136906936764717102e-02 2.111912518739700317e-02 2.332410775125026703e-02
4.287346825003623962e-02 6.927439244464039803e-04 4.567936956882476807e-01 2.854748256504535675e-02 3.356050699949264526e-02 7.655433379113674164e-03 1.555727049708366394e-02 1.162599772214889526e-01 2.496293745934963226e-02 3.516567498445510864e-02 3.097860841080546379e-03 2.771627157926559448e-02 1.343208597972989082e-03 1.624531671404838562e-02 5.550916865468025208e-02 4.054148867726325989e-02 2.716449461877346039e-02 3.827406093478202820e-02 2.487238682806491852e-02 4.501675441861152649e-02 4.597164317965507507e-02 1.332877669483423233e-02 2.157539594918489456e-03 8.241239935159683228e-03 2.159826084971427917e-02 5.024630576372146606e-02 2.085913158953189850e-02 1.092475745826959610e-02 4.793773218989372253e-02 1.206487603485584259e-02 4.607207328081130981e-02 1.954972743988037109e-02 4.943567910231649876e-04 1.288110390305519104e-02 2.729718200862407684e-02 4.965104162693023682e-02 2.390673197805881500e-02 3.948887810111045837e-02 3.915039077401161194e-02 1.405819784849882126e-03 5.881970748305320740e-02 9.577626362442970276e-03 5.477320775389671326e-02 3.437838703393936157e-02 4.641905799508094788e-02 1.112806703895330429e-02 2.038009464740753174e-02 7.622835109941661358e-04 1.957472227513790131e-02 4.185326397418975830e-02 7.841149345040321350e-03 1.396450493484735489e-02 6.163720041513442993e-02 7.855033874511718750e-02 3.355013206601142883e-02 2.669510990381240845e-02 2.254101634025573730e-02 1.113530620932579041e-02 3.348640352487564087e-02 1.587535068392753601e-02 4.153250902891159058e-02 1.872204616665840149e-02 2.987514622509479523e-02 8.280542679131031036e-03 2.936176955699920654e-02 1.287448685616254807e-02 7.476150058209896088e-03 6.742656230926513672e-02 4.872271418571472168e-02 5.955767701379954815e-04 1.555198058485984802e-02 4.246255382895469666e-03 3.958979994058609009e-02 4.713922366499900818e-02 4.395122826099395752e-02 6.522018928080797195e-03 2.855474129319190979e-02 1.298062503337860107e-02 2.473783679306507111e-02 3.327619656920433044e-02 1.501630246639251709e-01 8.545966446399688721e-02 2.326481789350509644e-02 4.157121852040290833e-02 7.391512393951416016e-02 4.024285450577735901e-02 3.434094786643981934e-02 1.260440144687891006e-02 4.035499878227710724e-03 6.787055172026157379e-03 1.027367077767848969e-02 4.550402611494064331e-02 4.383129999041557312e-02 3.595287725329399109e-02 2.848649956285953522e-02 2.116741240024566650e-02 1.434336975216865540e-02 4.856385663151741028e-02 3.335923328995704651e-02 4.391653835773468018e-02 8.629744406789541245e-04 1.129621639847755432e-02 3.546079993247985840e-02 2.001051232218742371e-02 2.671577408909797668e-02 3.046601079404354095e-02 4.582466557621955872e-02 1.007624641060829163e-01 1.911416277289390564e-02 7.122191786766052246e-02 1.720455847680568695e-02 2.824327722191810608e-02 4.564594477415084839e-02 1.889533887151628733e-04 3.319864347577095032e-02 4.232861846685409546e-02
1.170544419437646866e-02 8.518059737980365753e-03 2.854748256504535675e-02 4.724223017692565918e-01 1.342711001634597778e-01 3.102929145097732544e-02 1.810485310852527618e-02 2.770943334326148033e-03 5.791761912405490875e-03 4.424569755792617798e-02 4.566121473908424377e-02 6.174720823764801025e-03 5.863786861300468445e-02 1.445946376770734787e-02 4.035384953022003174e-02 1.577652059495449066e-02 3.063034079968929291e-02 5.766275152564048767e-02 9.107644669711589813e-03 3.865132853388786316e-02 2.950965426862239838e-02 2.085759863257408142e-02 3.553627431392669678e-02 1.260796189308166504e-02 1.691172644495964050e-02 5.300751700997352600e-02 2.163017354905605316e-02 3.647394850850105286e-02 2.243438549339771271e-02 2.224843576550483704e-02 2.351323887705802917e-02 3.532575443387031555e-02 3.863335400819778442e-02 4.374383017420768738e-02 2.114984020590782166e-02 7.956417277455329895e-03 2.333739772439002991e-02 3.683393448591232300e-02 2.625807933509349823e-02 4.372022580355405807e-03 3.741381317377090454e-02 2.681734599173069000e-02 4.355472698807716370e-02 2.270506322383880615e-02 5.133089423179626465e-02 5.816203728318214417e-02 3.658632189035415649e-02 2.738880366086959839e-02 2.082231920212507248e-03 1.104956958442926407e-02 4.910599812865257263e-02 3.251030296087265015e-02 9.160097688436508179e-03 1.671418733894824982e-02 1.008305046707391739e-02 1.160445809364318848e-02 1.333560142666101456e-02 4.200131166726350784e-03 2.731679379940032959e-02 1.482468936592340469e-02 3.082141838967800140e-02 3.215378895401954651e-02 6.604127585887908936e-02 1.719072088599205017e-02 3.876689821481704712e-02 2.502566203474998474e-04 1.967067364603281021e-03 8.524697041139006615e-04 1.128657627850770950e-02 4.830899462103843689e-02 1.714462041854858398e-02 4.934470728039741516e-02 1.585893929004669189e-01 2.775562461465597153e-03 9.298581629991531372e-02 1.579253934323787689e-02 7.203670591115951538e-02 6.474579125642776489e-02 3.040754422545433044e-02 2.449784241616725922e-02 1.361047104001045227e-02 4.533359780907630920e-02 1.394563005305826664e-03 9.611712768673896790e-03 1.180767267942428589e-02 5.145067349076271057e-02 3.277613967657089233e-02 4.319746792316436768e-02 5.039838142693042755e-03 2.965486049652099609e-02 4.288625717163085938e-02 1.033702306449413300e-02 4.167478159070014954e-02 4.261838272213935852e-02 3.681570664048194885e-02 2.087447419762611389e-02 1.089089829474687576e-02 4.282337799668312073e-02 2.541001327335834503e-02 1.207920443266630173e-02 3.841748461127281189e-02 3.533204272389411926e-02 1.266244146972894669e-02 5.965004209429025650e-03 2.262766659259796143e-02 7.318063289858400822e-04 2.107006497681140900e-02 1.895629800856113434e-02 4.919451102614402771e-02 3.584502032026648521e-03 2.090378850698471069e-02 2.702310122549533844e-02 4.628221038728952408e-03 3.331417962908744812e-02 2.202370390295982361e-02 1.930858939886093140e-02
2.933313883841037750e-02 2.967029437422752380e-02 3.356050699949264526e-02 1.342711001634597778e-01 4.874949753284454346e-01 2.611821889877319336e-02 5.526054650545120239e-03 9.352473542094230652e-03 3.098361007869243622e-02 5.515092518180608749e-03 4.474815446883440018e-03 4.393924772739410400e-02 7.558178622275590897e-03 4.460264369845390320e-02 2.081598388031125069e-03 3.026064671576023102e-02 4.865743592381477356e-02 4.474063962697982788e-02 4.091723263263702393e-02 1.652768068015575409e-02 3.031862527132034302e-02 1.582277752459049225e-02 6.844497285783290863e-03 1.313946116715669632e-02 3.896758705377578735e-02 2.165309153497219086e-02 5.334491655230522156e-02 1.912810467183589935e-02 1.920233294367790222e-02 3.110297396779060364e-02 4.203205928206443787e-02 3.143362328410148621e-02 5.538024380803108215e-02 5.104597657918930054e-03 7.678495720028877258e-03 5.732698366045951843e-03 1.863714866340160370e-02 1.684624142944812775e-02 6.147921830415725708e-02 6.364518404006958008e-02 2.362085692584514618e-02 5.168221518397331238e-02 1.881122030317783356e-02 3.637579083442687988e-02 6.215141620486974716e-03 1.226075273007154465e-02 8.519267663359642029e-03 4.878477659076452255e-03 4.913747683167457581e-02 1.626995392143726349e-02 3.678850457072257996e-02 2.360090427100658417e-02 1.311279367655515671e-02 4.102905280888080597e-03 4.576473310589790344e-02 7.631713524460792542e-03 3.051162697374820709e-02 3.295332565903663635e-02 8.900381624698638916e-03 1.597707718610763550e-02 2.234120480716228485e-02 8.765979111194610596e-02 5.493837594985961914e-02 2.751187235116958618e-02 1.445279456675052643e-02 4.346209391951560974e-02 4.417524859309196472e-02 3.354516625404357910e-02 3.503552079200744629e-02 3.361843526363372803e-02 6.040288135409355164e-02 3.024821728467941284e-02 1.104673892259597778e-01 1.538833323866128922e-02 1.139597222208976746e-01 2.695511467754840851e-02 4.080564156174659729e-02 3.176674246788024902e-02 1.884355023503303528e-02 4.263186082243919373e-02 3.379912301898002625e-02 8.723794482648372650e-03 2.648263610899448395e-02 2.563200891017913818e-02 5.587019957602024078e-03 1.022268738597631454e-02 3.083034418523311615e-02 5.049628391861915588e-02 2.698493190109729767e-02 2.127552032470703125e-02 7.625879719853401184e-03 7.567038293927907944e-03 4.295518994331359863e-02 4.702265188097953796e-02 2.740247361361980438e-02 1.609335839748382568e-02 3.101855330169200897e-02 4.173265770077705383e-02 1.118429750204086304e-02 3.293083515018224716e-03 2.066192403435707092e-02 4.142446815967559814e-02 4.556137602776288986e-03 3.169469907879829407e-02 1.474581426009535789e-03 3.620398044586181641e-02 2.893696166574954987e-02 4.186504334211349487e-02 2.230566181242465973e-02 3.775132820010185242e-02 1.349608972668647766e-02 2.165794000029563904e-02 5.656113848090171814e-03 1.786117069423198700e-02 1.680230908095836639e-02 3.279408067464828491e-02
1.522987335920333862e-01 1.142109632492065430e-01 7.655433379113674164e-03 3.102929145097732544e-02 2.611821889877319336e-02 4.783983528614044189e-01 1.739311069250106812e-01 1.107697561383247375e-02 1.195257157087326050e-02 6.820790469646453857e-03 6.978183239698410034e-02 3.259834647178649902e-02 4.024754464626312256e-02 1.433369144797325134e-02 1.369027979671955109e-02 2.138361334800720215e-02 2.483638562262058258e-02 7.573026814498007298e-04 8.925394155085086823e-03 4.081735759973526001e-02 4.155536368489265442e-02 2.739030122756958008e-02 5.011226609349250793e-02 4.556876793503761292e-02 1.269857957959175110e-02 1.818743534386157990e-02 1.554695045342668891e-04 3.175462409853935242e-02 2.014598809182643890e-02 1.715250499546527863e-02 2.293155528604984283e-02 2.684577740728855133e-02 8.710930123925209045e-03 2.663282863795757294e-02 1.277070492506027222e-02 3.394561633467674255e-02 1.604093983769416809e-02 1.871141046285629272e-02 2.316114492714405060e-02 2.898045070469379425e-02 3.701364621520042419e-02 3.862664103507995605e-02 5.204143002629280090e-02 8.754165470600128174e-02 2.197105064988136292e-02 3.048182930797338486e-03 1.356194168329238892e-01 4.915287718176841736e-02 3.697208315134048462e-02 4.047887399792671204e-02 3.451292961835861206e-02 3.279444202780723572e-02 4.057728499174118042e-02 3.753459453582763672e-02 5.762708606198430061e-04 1.482705213129520416e-02 5.881906673312187195e-02 2.752373740077018738e-02 1.088971365243196487e-02 1.535216718912124634e-02 3.626468824222683907e-04 4.000539425760507584e-03 3.269494744017720222e-03 3.825548663735389709e-02 2.934610471129417419e-02 4.908112809062004089e-02 1.742481812834739685e-02 3.484514355659484863e-02 3.716322034597396851e-02 1.378918066620826721e-02 2.892607450485229492e-02 2.257670089602470398e-02 9.336860850453376770e-03 8.382068015635013580e-03 1.694094389677047729e-02 4.472280293703079224e-02 2.683443017303943634e-02 3.590002283453941345e-02 4.437054693698883057e-02 2.845122478902339935e-02 8.308512158691883087e-03 3.604626283049583435e-02 5.341451149433851242e-03 3.720549866557121277e-04 4.406348615884780884e-02 3.636182472109794617e-02 9.305137209594249725e-03 4.922188818454742432e-02 1.634619198739528656e-02 1.936582475900650024e-02 5.481062456965446472e-02 2.595539018511772156e-02 9.830232709646224976e-03 2.675870200619101524e-03 6.675132550299167633e-03 2.344573289155960083e-02 3.327599912881851196e-02 3.370684757828712463e-02 2.132642269134521484e-02 1.242239587008953094e-02 2.137434668838977814e-02 3.880671923980116844e-03 4.202811419963836670e-02 3.156602755188941956e-02 1.258112210780382156e-02 2.931280061602592468e-02 3.835783153772354126e-02 1.320814434438943863e-02 3.407288342714309692e-03 1.397349033504724503e-02 3.792191296815872192e-02 4.397334530949592590e-02 2.334292366867884994e-04 1.161191333085298538e-02 2.224084362387657166e-02 1.416345033794641495e-02
5.672083050012588501e-02 6.576096266508102417e-02 1.555727049708366394e-02 1.810485310852527618e-02 5.526054650545120239e-03 1.739311069250106812e-01 4.842199683189392090e-01 2.346990071237087250e-02 3.380712121725082397e-02 4.762255400419235229e-02 3.091427497565746307e-02 1.167498179711401463e-03 7.671736925840377808e-02 2.431936934590339661e-02 4.824332892894744873e-02 3.844586759805679321e-02 8.882766589522361755e-03 2.450900711119174957e-02 2.143147960305213928e-02 4.675504937767982483e-02 1.335088536143302917e-02 4.691950231790542603e-02 3.411288186907768250e-02 4.368164762854576111e-02 1.101989205926656723e-02 2.685080841183662415e-02 4.742069169878959656e-03 5.047128349542617798e-02 1.354911457747220993e-02 5.738912895321846008e-02 2.073298022150993347e-02 4.320537298917770386e-02 3.037529438734054565e-02 3.959212824702262878e-02 4.139915481209754944e-02 3.331863135099411011e-02 9.913684800267219543e-03 2.781625278294086456e-02 1.144873443990945816e-02 4.273552820086479187e-02 6.198786664754152298e-03 2.535518445074558258e-02 2.861840836703777313e-02 8.758703619241714478e-02 4.429211467504501343e-02 4.795854911208152771e-02 1.349805593490600586e-01 1.743546724319458008e-01 5.098848138004541397e-03 1.394654065370559692e-02 4.237749427556991577e-02 2.874365821480751038e-02 6.556094624102115631e-03 2.063741162419319153e-02 4.664393886923789978e-02 3.553513064980506897e-02 2.238396089524030685e-03 4.488212987780570984e-02 2.907649381086230278e-03 1.540631800889968872e-02 3.268094360828399658e-02 3.545025736093521118e-02 4.537868127226829529e-02 1.779070310294628143e-02 1.402096170932054520e-02 1.497358363121747971e-02 1.576293958351016045e-03 1.190511509776115417e-02 5.741021130234003067e-03 4.600581247359514236e-03 1.995556056499481201e-02 1.911536790430545807e-02 3.139990940690040588e-02 1.980695873498916626e-02 3.227202221751213074e-02 3.124905377626419067e-02 1.364548876881599426e-02 5.079229548573493958e-02 4.062621667981147766e-02 1.601519063115119934e-02 4.800697322934865952e-03 1.905734091997146606e-02 3.347703441977500916e-02 3.835238516330718994e-02 8.552866987884044647e-03 3.661793842911720276e-02 4.446643963456153870e-02 4.858360812067985535e-02 1.971798948943614960e-03 4.140530712902545929e-03 3.594303876161575317e-02 1.179466396570205688e-02 6.644621491432189941e-02 1.000115554779767990e-02 1.430850941687822342e-02 7.494170218706130981e-03 2.590844780206680298e-02 3.034940548241138458e-02 2.432928606867790222e-02 2.453304827213287354e-02 1.424956135451793671e-02 5.131203681230545044e-02 2.373027242720127106e-02 6.378842890262603760e-02 1.687155477702617645e-02 4.844214767217636108e-02 2.210989408195018768e-02 1.229370012879371643e-02 2.714053541421890259e-02 1.953436993062496185e-02 2.505437843501567841e-02 4.090828076004981995e-02 4.102603346109390259e-02 1.806681975722312927e-02 1.819690316915512085e-02 3.233788534998893738e-02
2.897931449115276337e-02 2.003866620361804962e-02 1.162599772214889526e-01 2.770943334326148033e-03 9.352473542094230652e-03 1.107697561383247375e-02 2.346990071237087250e-02 4.805820882320404053e-01 1.325011812150478363e-02 2.038509212434291840e-02 3.192398697137832642e-02 1.820229180157184601e-02 3.499546274542808533e-02 2.501210756599903107e-02 9.755215048789978027e-02 5.677238572388887405e-03 9.078059345483779907e-03 4.277205094695091248e-02 2.734542451798915863e-02 3.972705453634262085e-02 2.213630266487598419e-02 2.278548851609230042e-02 3.739724308252334595e-02 3.687380254268646240e-02 3.646227717399597168e-02 4.164301604032516479e-02 2.394575066864490509e-02 3.165089711546897888e-02 4.891192540526390076e-03 4.662582650780677795e-02 3.430530428886413574e-02 2.601975202560424805e-02 1.734609156847000122e-02 3.475077822804450989e-02 2.780820988118648529e-02 8.141059428453445435e-03 1.621523289941251278e-03 4.858643189072608948e-02 3.760367259383201599e-02 3.059207648038864136e-02 3.445609286427497864e-02 1.934625394642353058e-02 2.196368575096130371e-02 9.300749003887176514e-02 1.265254430472850800e-02 1.589402183890342712e-02 5.845140913152135909e-05 3.495522961020469666e-02 6.273574661463499069e-03 4.131853580474853516e-02 2.367933839559555054e-02 2.788837812840938568e-02 2.839788235723972321e-02 7.920091040432453156e-03 2.269314602017402649e-02 2.802724577486515045e-02 4.536009952425956726e-02 4.183020442724227905e-02 1.556659769266843796e-02 1.672073081135749817e-02 1.577380928210914135e-03 2.768912725150585175e-02 1.134034898132085800e-02 4.033679608255624771e-03 5.241649691015481949e-03 5.363703891634941101e-02 4.197077080607414246e-02 3.256763331592082977e-03 2.880793064832687378e-02 4.675249010324478149e-02 3.696561092510819435e-03 3.904340416193008423e-02 1.385846640914678574e-02 3.682292765006422997e-03 2.735679736360907555e-03 2.758379094302654266e-02 6.919090170413255692e-03 3.771997243165969849e-02 6.616482511162757874e-03 3.858678415417671204e-02 1.843483299016952515e-01 9.562225639820098877e-02 7.340464740991592407e-03 1.592411287128925323e-02 7.677976507693529129e-03 1.686747372150421143e-02 1.490049511194229126e-01 1.177767440676689148e-01 1.353605184704065323e-03 4.088846966624259949e-02 7.379031740128993988e-03 2.206643484532833099e-02 2.709372900426387787e-02 3.128705918788909912e-02 1.393131259828805923e-02 2.016039565205574036e-02 4.054621979594230652e-02 1.445377524942159653e-02 3.732128534466028214e-04 2.327258139848709106e-02 3.891303762793540955e-02 3.136255219578742981e-02 6.222399696707725525e-02 3.349232673645019531e-02 4.112277925014495850e-02 7.418136578053236008e-03 4.266405943781137466e-03 1.717690564692020416e-02 2.608962543308734894e-02 4.330619797110557556e-02 4.669441655278205872e-02 3.295104950666427612e-02 3.420601133257150650e-03 1.755729876458644867e-02 3.986169025301933289e-02 3.039475902915000916e-02
7.729137782007455826e-03 1.404828671365976334e-02 2.496293745934963226e-02 5.791761912405490875e-03 3.098361007869243622e-02 1.195257157087326050e-02 3.380712121725082397e-02 1.325011812150478363e-02 4.833494126796722412e-01 9.335225820541381836e-02 4.238117113709449768e-02 3.131100907921791077e-02 1.766542159020900726e-02 1.235215272754430771e-02 3.989215567708015442e-02 3.089368529617786407e-02 4.383349046111106873e-02 1.243977248668670654e-01 3.910877928137779236e-02 6.095190066844224930e-03 3.031004779040813446e-02 2.827169373631477356e-02 2.060433477163314819e-02 1.968349702656269073e-02 3.860163316130638123e-02 4.086904227733612061e-02 2.169238030910491943e-02 2.054067701101303101e-02 1.417836267501115799e-02 2.575065009295940399e-02 1.674473658204078674e-02 4.447051882743835449e-02 3.785743936896324158e-02 4.124969244003295898e-02 2.195535041391849518e-02 5.005906149744987488e-02 4.314813017845153809e-02 7.258492056280374527e-03 1.217048428952693939e-02 4.527693614363670349e-02 3.019454143941402435e-02 4.067204892635345459e-02 1.529375463724136353e-02 3.147608041763305664e-02 1.586882583796977997e-02 6.684413552284240723e-02 1.809235103428363800e-02 3.053060919046401978e-02 2.172355167567729950e-02 2.141744270920753479e-02 2.250669896602630615e-02 3.302472457289695740e-02 2.459351904690265656e-03 8.532264269888401031e-03 1.040552705526351929e-01 2.633290737867355347e-02 1.388113386929035187e-02 2.488458529114723206e-02 3.282594680786132812e-02 6.545992102473974228e-03 7.460048794746398926e-02 5.042518675327301025e-02 1.952779665589332581e-02 2.932215854525566101e-02 1.496597006916999817e-02 9.553713724017143250e-03 3.944947198033332825e-02 3.411915525794029236e-02 3.912711050361394882e-03 3.616875037550926208e-02 1.808194257318973541e-02 7.037774473428726196e-02 3.394896909594535828e-02 6.538970395922660828e-03 6.066832318902015686e-02 4.291727393865585327e-02 1.549089103937149048e-01 8.612770587205886841e-02 4.040608182549476624e-02 3.849725797772407532e-02 7.577467244118452072e-03 5.139943677932024002e-04 6.100520864129066467e-02 4.156889766454696655e-02 3.726763650774955750e-02 2.070017531514167786e-02 4.538805410265922546e-02 2.838030271232128143e-02 3.949074074625968933e-02 1.252767257392406464e-02 1.682380400598049164e-02 3.333440516144037247e-03 1.078016776591539383e-02 1.402207557111978531e-02 1.051624771207571030e-02 9.083352982997894287e-03 1.382607221603393555e-02 2.079604752361774445e-02 4.692186787724494934e-02 7.842335850000381470e-02 4.254220798611640930e-02 2.918441593647003174e-02 7.310217246413230896e-03 2.809246070683002472e-02 2.373877726495265961e-02 2.941313013434410095e-02 3.409954905509948730e-02 3.106133826076984406e-02 1.005896180868148804e-02 2.208184683695435524e-03 4.953084513545036316e-02 1.885724999010562897e-02 4.766737297177314758e-02 5.965014919638633728e-03 3.044162876904010773e-02 1.800793968141078949e-02
1.849634572863578796e-02 2.227363362908363342e-02 3.516567498445510864e-02 4.424569755792617798e-02 5.515092518180608749e-03 6.820790469646453857e-03 4.762255400419235229e-02 2.038509212434291840e-02 9.335225820541381836e-02 4.944344162940979004e-01 2.789743803441524506e-02 3.905578516423702240e-03 5.771100521087646484e-03 5.469576269388198853e-02 2.933051809668540955e-02 6.011220440268516541e-02 1.198978535830974579e-02 5.127095803618431091e-02 1.059591099619865417e-01 3.436499089002609253e-02 4.012550413608551025e-02 7.334078662097454071e-03 2.155867591500282288e-02 2.181444317102432251e-02 1.447700802236795425e-02 3.368226811289787292e-02 1.085940189659595490e-02 7.968958816491067410e-04 3.703733533620834351e-02 1.815765351057052612e-02 5.087733268737792969e-02 5.697488412261009216e-02 7.866179803386330605e-04 8.261073380708694458e-03 1.011351868510246277e-02 3.907565400004386902e-02 1.103882584720849991e-02 3.726651519536972046e-02 3.825429081916809082e-02 2.887865994125604630e-03 2.823080494999885559e-02 1.564631983637809753e-02 1.033335085958242416e-02 2.547246217727661133e-02 6.181381642818450928e-02 2.582407742738723755e-02 5.143675953149795532e-02 1.411971170455217361e-02 8.497448638081550598e-03 9.910160303115844727e-02 3.075210563838481903e-02 4.943525046110153198e-02 4.432748630642890930e-02 3.257652372121810913e-02 4.738861753139644861e-05 8.628669381141662598e-02 2.157305553555488586e-02 2.543082088232040405e-02 5.457256454974412918e-03 2.064014412462711334e-02 3.712659329175949097e-02 6.114938762038946152e-03 3.746659308671951294e-02 3.724404796957969666e-02 4.234590567648410797e-03 4.569152742624282837e-02 2.310129627585411072e-02 3.751583769917488098e-02 3.975420817732810974e-02 1.560447085648775101e-02 1.053920015692710876e-02 1.909895986318588257e-02 9.214350022375583649e-03 5.114921554923057556e-02 2.099469490349292755e-02 3.084708750247955322e-02 4.740282148122787476e-02 1.454898566007614136e-01 9.240097366273403168e-03 1.347087770700454712e-01 6.674260832369327545e-03 9.961546398699283600e-03 2.344735898077487946e-02 9.548275917768478394e-02 4.061575606465339661e-02 3.892574086785316467e-02 3.211863338947296143e-02 1.971916528418660164e-03 5.080274492502212524e-02 1.237099990248680115e-01 1.730296760797500610e-02 1.941182464361190796e-02 6.917802616953849792e-03 2.660771459341049194e-02 3.697199001908302307e-02 1.744024455547332764e-02 3.444550931453704834e-02 2.152637019753456116e-02 9.792255004867911339e-04 5.699048936367034912e-02 5.305569618940353394e-02 3.504572203382849693e-03 4.623439628630876541e-03 1.302202697843313217e-02 4.013286158442497253e-02 8.272155188024044037e-03 3.051199577748775482e-02 4.160301014780998230e-02 3.169020870700478554e-03 4.981947317719459534e-02 6.498864851891994476e-03 2.267301455140113831e-02 3.225940838456153870e-02 3.473805263638496399e-02 3.240297734737396240e-02 1.760469004511833191e-02
1.813365519046783447e-01 1.577313691377639771e-01 3.097860841080546379e-03 4.566121473908424377e-02 4.474815446883440018e-03 6.978183239698410034e-02 3.091427497565746307e-02 3.192398697137832642e-02 4.238117113709449768e-02 2.789743803441524506e-02 4.806248545646667480e-01 9.240182116627693176e-03 1.737182140350341797e-01 3.929724544286727905e-02 5.734846368432044983e-02 4.113080725073814392e-02 1.122432108968496323e-02 4.042780026793479919e-02 3.063473850488662720e-02 5.544159095734357834e-03 2.825945802032947540e-02 1.036408171057701111e-02 2.071342803537845612e-02 1.083771977573633194e-02 8.939271792769432068e-03 3.561359643936157227e-02 2.684201113879680634e-02 1.174270175397396088e-02 6.489491462707519531e-02 8.342753164470195770e-03 1.009464636445045471e-02 3.616119548678398132e-02 1.641665212810039520e-02 4.246283695101737976e-02 1.416113227605819702e-02 9.338519535958766937e-03 4.319881647825241089e-02 7.624817546457052231e-03 1.819127239286899567e-02 2.083037048578262329e-02 3.800172358751296997e-02 2.496107248589396477e-03 1.228899415582418442e-02 4.136827308684587479e-03 3.233277425169944763e-02 4.168833419680595398e-02 3.964414075016975403e-02 3.910347074270248413e-02 1.768560893833637238e-02 3.088978119194507599e-02 4.066152498126029968e-02 2.744161337614059448e-02 3.207498043775558472e-02 3.504520282149314880e-02 1.523331180214881897e-02 7.195796933956444263e-04 1.214865129441022873e-02 3.684598952531814575e-02 9.310539811849594116e-03 4.585742577910423279e-02 3.422017768025398254e-02 5.600937642157077789e-03 4.079323261976242065e-02 5.742186214774847031e-03 6.582026183605194092e-02 6.112920865416526794e-02 2.359339408576488495e-02 2.361453603953123093e-03 2.686442248523235321e-02 4.498458281159400940e-02 5.090716853737831116e-02 3.846117481589317322e-02 1.679720706306397915e-03 1.766975037753582001e-02 2.143774740397930145e-02 1.924783340655267239e-03 7.629624102264642715e-03 3.445762023329734802e-02 3.450571000576019287e-02 1.679281890392303467e-02 1.998424157500267029e-02 7.200205698609352112e-03 1.210274081677198410e-02 7.502026390284299850e-03 3.004172816872596741e-02 2.682291436940431595e-03 3.853551670908927917e-02 1.128326635807752609e-03 4.716017469763755798e-02 4.502545669674873352e-02 3.585452213883399963e-02 2.736681513488292694e-02 3.381993621587753296e-02 3.692348301410675049e-02 1.976144127547740936e-02 2.031016396358609200e-03 2.992146089673042297e-02 1.878437586128711700e-02 2.699561975896358490e-02 2.863018773496150970e-02 7.422693539410829544e-03 1.336556952446699142e-02 4.333378002047538757e-02 3.281634673476219177e-02 1.672007516026496887e-02 3.638978302478790283e-02 3.780824830755591393e-03 3.842286393046379089e-02 2.828469127416610718e-02 3.575415909290313721e-02 3.818615525960922241e-02 4.894261434674263000e-02 7.936269976198673248e-03 1.334577333182096481e-03 3.890164941549301147e-02 3.891362622380256653e-02
1.367934048175811768e-02 4.951802268624305725e-02 2.771627157926559448e-02 6.174720823764801025e-03 4.393924772739410400e-02 3.259834647178649902e-02 1.167498179711401463e-03 1.820229180157184601e-02 3.131100907921791077e-02 3.905578516423702240e-03 9.240182116627693176e-03 4.711339175701141357e-01 9.975431859493255615e-02 1.542641669511795044e-01 7.866011001169681549e-03 2.673292346298694611e-02 4.682285338640213013e-02 5.008786544203758240e-02 3.968401579186320305e-04 8.692378178238868713e-03 2.720939368009567261e-02 4.245128110051155090e-02 7.271669059991836548e-02 9.644542820751667023e-03 2.127154730260372162e-02 5.156100261956453323e-03 1.569205895066261292e-02 1.534903794527053833e-01 5.518533661961555481e-02 8.834612369537353516e-02 2.806233614683151245e-02 5.282057449221611023e-03 4.479930922389030457e-02 1.065922807902097702e-02 1.144337002187967300e-03 4.449180513620376587e-02 1.163378544151782990e-02 1.049484708346426487e-03 7.613592315465211868e-04 3.623349592089653015e-02 2.978415228426456451e-02 4.909084364771842957e-02 5.969078280031681061e-03 2.370392344892024994e-02 4.406126588582992554e-02 1.363971270620822906e-02 3.655374050140380859e-02 5.158122256398200989e-02 8.352934382855892181e-03 7.182505726814270020e-02 3.019254654645919800e-02 1.240857969969511032e-02 4.538257420063018799e-02 8.387663401663303375e-03 3.140918537974357605e-02 2.086345106363296509e-02 5.130724236369132996e-02 6.888809800148010254e-02 3.839375823736190796e-02 4.942416027188301086e-02 3.693815320730209351e-02 3.666814416646957397e-02 1.575235463678836823e-02 2.677656523883342743e-02 3.907529637217521667e-02 3.396730497479438782e-02 1.584612578153610229e-02 1.435352955013513565e-02 9.753436781466007233e-03 2.637689188122749329e-02 2.135121077299118042e-02 2.184043824672698975e-02 4.310580343008041382e-02 4.880677536129951477e-02 1.510953996330499649e-02 3.105296567082405090e-02 2.942213788628578186e-02 5.001982674002647400e-02 1.680106297135353088e-02 3.359858179464936256e-03 8.997004479169845581e-03 2.678172104060649872e-02 3.128832578659057617e-02 9.707253426313400269e-03 4.474303126335144043e-02 1.723888888955116272e-02 2.941886521875858307e-02 2.953006885945796967e-02 1.583211421966552734e-01 1.013275608420372009e-02 5.727833136916160583e-02 1.554364152252674103e-02 1.761949062347412109e-02 6.680899765342473984e-03 5.087574012577533722e-03 6.996802520006895065e-03 1.160532236099243164e-02 1.125466357916593552e-02 3.309309482574462891e-02 4.662105813622474670e-02 1.109652221202850342e-02 2.602001093327999115e-02 1.963950879871845245e-02 5.156588926911354065e-02 9.089947678148746490e-03 5.043919384479522705e-02 6.200329866260290146e-03 3.035736270248889923e-02 5.364207550883293152e-03 1.973280496895313263e-02 9.408786892890930176e-03 3.140025958418846130e-02 1.363848149776458740e-02 4.747566767036914825e-03 1.810286194086074829e-02 5.098364874720573425e-02
8.072800189256668091e-02 1.257538646459579468e-01 1.343208597972989082e-03 5.863786861300468445e-02 7.558178622275590897e-03 4.024754464626312256e-02 7.671736925840377808e-02 3.499546274542808533e-02 1.766542159020900726e-02 5.771100521087646484e-03 1.737182140350341797e-01 9.975431859493255615e-02 4.798331856727600098e-01 9.402181208133697510e-02 3.323868289589881897e-02 5.116067454218864441e-02 3.609465062618255615e-02 2.142227813601493835e-02 9.018754586577415466e-03 4.006741940975189209e-02 8.642831235192716122e-04 2.576626464724540710e-02 6.160893291234970093e-02 2.069772593677043915e-02 3.406773507595062256e-02 3.203271329402923584e-02 1.033333688974380493e-02 4.094943776726722717e-02 4.413928464055061340e-02 2.576801925897598267e-02 4.140973091125488281e-02 4.604169353842735291e-02 1.861188211478292942e-03 4.122370108962059021e-02 3.848296403884887695e-02 2.701835520565509796e-02 5.563227459788322449e-02 4.739259183406829834e-02 1.926057599484920502e-02 5.166895687580108643e-02 2.901069633662700653e-02 9.432082064449787140e-03 2.279890142381191254e-02 2.393177524209022522e-02 1.319660432636737823e-02 4.567304626107215881e-02 1.186536066234111786e-02 2.704514190554618835e-02 3.434132412075996399e-02 4.021548107266426086e-02 5.692326813004910946e-04 8.565626107156276703e-03 6.616632454097270966e-03 3.816318139433860779e-02 9.840891696512699127e-03 9.688447229564189911e-03 3.607143089175224304e-02 3.348274156451225281e-02 2.236564457416534424e-02 4.582385718822479248e-02 2.409500814974308014e-02 6.585597060620784760e-03 2.638153359293937683e-02 3.802161663770675659e-02 4.193023964762687683e-02 1.307749599218368530e-01 2.258509770035743713e-02 3.490429138764739037e-03 1.507856696844100952e-02 5.001066625118255615e-02 2.432073652744293213e-02 5.415490642189979553e-02 1.119268406182527542e-02 1.530036423355340958e-02 1.191896758973598480e-02 2.429107017815113068e-02 2.376400679349899292e-02 8.178367279469966888e-03 4.657483100891113281e-02 1.604675687849521637e-02 3.312375862151384354e-03 4.138636961579322815e-02 1.073432154953479767e-02 4.186532925814390182e-03 4.976848512887954712e-02 7.385754957795143127e-03 1.611479558050632477e-02 2.890053018927574158e-02 1.830745488405227661e-02 4.856252297759056091e-02 1.052384730428457260e-03 2.446963638067245483e-02 3.617972880601882935e-02 1.246422436088323593e-02 1.000181213021278381e-02 3.682297095656394958e-02 1.794574782252311707e-02 3.366141393780708313e-02 2.625049278140068054e-02 3.670603409409523010e-02 5.218098312616348267e-02 4.493223130702972412e-02 2.684673108160495758e-02 1.686277240514755249e-02 2.820278704166412354e-02 4.456286877393722534e-02 5.071609839797019958e-02 3.943600505590438843e-02 3.508206829428672791e-02 3.729980438947677612e-02 5.988488439470529556e-03 3.430747985839843750e-02 4.026845097541809082e-02 2.093731239438056946e-02 3.933107107877731323e-02 4.211118072271347046e-02
