4.979143738746643066e-01 2.425218969583511353e-01 2.174280956387519836e-02 1.320871151983737946e-02 2.167279459536075592e-02 1.447736024856567383e-01 4.429828375577926636e-02 1.096209697425365448e-02 3.566038981080055237e-02 3.827869147062301636e-02 1.348316222429275513e-01 2.938386984169483185e-02 1.344546023756265640e-02 1.527979318052530289e-02 2.093598060309886932e-02 1.585771143436431885e-02 2.186471596360206604e-02 4.006040096282958984e-02 2.128238417208194733e-02 2.770247682929039001e-02 3.045846335589885712e-02 4.031328484416007996e-02 2.974183671176433563e-02 4.091490060091018677e-02 1.865446753799915314e-02 3.750807419419288635e-02 2.845684997737407684e-02 1.803432404994964600e-02 2.908168546855449677e-02 6.293550599366426468e-03 7.415503263473510742e-02 3.002014569938182831e-02 1.464180648326873779e-02 1.671075634658336639e-02 4.200656339526176453e-02 2.301612496376037598e-02 2.391613088548183441e-02 1.130285020917654037e-02 3.461496904492378235e-02 3.222058713436126709e-02 3.549122437834739685e-02 9.311920031905174255e-03 1.582733914256095886e-02 4.099774733185768127e-02 1.989113539457321167e-02 5.842706561088562012e-02 2.144299261271953583e-02 1.230737101286649704e-02 6.861659232527017593e-03 2.847497537732124329e-02 1.950892619788646698e-02 4.439570941030979156e-03 1.886804215610027313e-02 8.759560063481330872e-03 3.161900490522384644e-02 3.544633463025093079e-02 3.613229468464851379e-02 6.297677010297775269e-02 1.281946338713169098e-02 3.585740551352500916e-02 2.207694388926029205e-02 2.220063656568527222e-02 4.584088549017906189e-02 5.966710392385721207e-03 1.883889175951480865e-02 3.225614875555038452e-02 3.625399898737668991e-03 1.408005040138959885e-02 1.420455984771251678e-02 3.968792501837015152e-03 4.024089500308036804e-02 1.699633896350860596e-03 1.792991906404495239e-02 3.811527416110038757e-02 3.475036844611167908e-02 3.423406556248664856e-02 3.059140779078006744e-02 4.285709187388420105e-02 7.709780242294073105e-03 5.748247727751731873e-03 2.352944808080792427e-03 4.233745485544204712e-02 3.416119515895843506e-02 3.866934031248092651e-02 2.548154816031455994e-02 1.336248475126922131e-03 8.932214230298995972e-03 3.043587319552898407e-02 4.848419502377510071e-02 3.276354074478149414e-02 1.680743880569934845e-02 2.148187905550003052e-02 4.464761540293693542e-02 2.315076999366283417e-02 4.231813177466392517e-02 4.065929725766181946e-02 1.948126009665429592e-03 3.230061009526252747e-02 1.981827896088361740e-03 1.139914733357727528e-03 3.373429179191589355e-02 3.330173343420028687e-02 2.036304585635662079e-02 3.925902768969535828e-02 2.216080017387866974e-02 3.736563026905059814e-02 2.146667614579200745e-02 4.797794297337532043e-02 3.869487345218658447e-02 2.817633375525474548e-02 4.908119514584541321e-02 3.657995257526636124e-03 1.733759231865406036e-02 8.374821394681930542e-03 1.244186237454414368e-02 2.205833047628402710e-02
2.425218969583511353e-01 4.930776655673980713e-01 2.132517471909523010e-02 1.426052395254373550e-02 1.148478360846638680e-03 1.009347587823867798e-01 1.242575794458389282e-01 2.124476619064807892e-02 4.128534346818923950e-02 4.356771707534790039e-02 1.614829301834106445e-01 1.791387610137462616e-02 1.133609116077423096e-01 2.646102197468280792e-02 3.119916096329689026e-02 4.406800493597984314e-02 4.504239559173583984e-02 2.774310670793056488e-02 1.420248998329043388e-03 1.411500666290521622e-02 4.542560875415802002e-02 2.130927331745624542e-02 3.781446442008018494e-02 4.352671653032302856e-02 2.711239084601402283e-02 8.276648819446563721e-03 1.507034059613943100e-02 2.288271114230155945e-02 2.323143370449542999e-02 9.995322674512863159e-03 4.379157721996307373e-02 3.614699840545654297e-02 2.517630159854888916e-02 2.263328991830348969e-02 3.449513763189315796e-02 2.937417477369308472e-02 7.249680347740650177e-03 1.531635690480470657e-02 3.720745816826820374e-02 1.435974612832069397e-02 2.525825984776020050e-02 1.032814756035804749e-02 3.087431751191616058e-02 5.646065808832645416e-03 2.719318121671676636e-02 8.453851193189620972e-02 1.182520017027854919e-02 4.815031215548515320e-02 8.447900414466857910e-03 3.901604562997817993e-02 1.011019852012395859e-02 3.298601508140563965e-02 1.034632977098226547e-02 3.937330562621355057e-03 2.818270958960056305e-02 2.286049723625183105e-02 3.452012687921524048e-02 1.297030784189701080e-02 1.687814481556415558e-02 2.278912812471389771e-02 2.302813529968261719e-02 2.154433913528919220e-02 2.203832753002643585e-02 2.014865539968013763e-02 7.665057200938463211e-03 5.290977656841278076e-02 9.079907322302460670e-04 2.029300201684236526e-03 4.180331155657768250e-02 1.640175655484199524e-02 2.653453312814235687e-02 7.187300827354192734e-03 3.151963651180267334e-02 8.840161375701427460e-03 1.650127395987510681e-02 3.628947213292121887e-02 4.230746626853942871e-02 7.309522014111280441e-03 1.299261115491390228e-02 8.896902203559875488e-03 9.973559528589248657e-03 1.126147154718637466e-02 2.771548740565776825e-02 2.327267453074455261e-02 4.631311073899269104e-02 1.469663437455892563e-02 3.805614309385418892e-03 2.945792116224765778e-02 2.570948004722595215e-02 1.842055656015872955e-02 8.468767628073692322e-03 1.678306609392166138e-02 3.435457125306129456e-02 3.885140642523765564e-02 2.852178923785686493e-02 2.749288082122802734e-02 4.864530637860298157e-02 5.941459164023399353e-02 1.988574489951133728e-02 2.965795621275901794e-02 1.175971515476703644e-02 8.646744303405284882e-03 5.544262472540140152e-03 1.049287430942058563e-02 3.762300126254558563e-03 1.334712002426385880e-02 1.439647749066352844e-02 5.114349350333213806e-02 1.600901223719120026e-02 3.987080603837966919e-02 3.341352567076683044e-02 2.330051269382238388e-03 1.438015419989824295e-02 3.360792994499206543e-02 1.272021979093551636e-02 2.734286896884441376e-02
2.174280956387519836e-02 2.132517471909523010e-02 4.931042194366455078e-01 2.003600075840950012e-02 2.093228278681635857e-03 1.150877214968204498e-02 3.789095580577850342e-02 1.692152470350265503e-01 3.648407012224197388e-02 3.425502404570579529e-02 1.679116487503051758e-02 1.194889936596155167e-02 3.543994948267936707e-02 2.887128666043281555e-02 2.846194244921207428e-02 4.538480564951896667e-02 4.419423267245292664e-02 2.010596543550491333e-02 7.053826749324798584e-02 3.824662044644355774e-02 2.735444344580173492e-02 2.254503592848777771e-02 2.243606746196746826e-02 3.556981682777404785e-02 1.301614567637443542e-02 5.826640874147415161e-03 3.018733486533164978e-02 1.103589497506618500e-02 3.238262608647346497e-02 1.202385593205690384e-02 6.578168272972106934e-02 1.598598062992095947e-02 5.408300831913948059e-02 1.616969937458634377e-03 8.663553744554519653e-03 9.792309254407882690e-03 1.643209531903266907e-02 2.720584534108638763e-02 3.407342731952667236e-02 2.469894662499427795e-02 3.023515641689300537e-02 2.808767370879650116e-02 5.970103666186332703e-03 1.507721692323684692e-01 9.271297603845596313e-04 2.726376987993717194e-03 7.090301252901554108e-03 1.268896367400884628e-02 1.433626469224691391e-02 1.315281819552183151e-02 6.245220545679330826e-03 1.848147250711917877e-02 2.190680475905537605e-03 8.784811012446880341e-03 2.433911152184009552e-02 2.450429089367389679e-02 1.657952927052974701e-02 2.869916521012783051e-02 5.758528038859367371e-02 3.356688097119331360e-02 4.689237568527460098e-03 6.397509016096591949e-03 3.113287128508090973e-02 4.174134880304336548e-02 3.058236651122570038e-02 3.585651516914367676e-02 2.548650279641151428e-02 2.761611714959144592e-02 4.200939089059829712e-02 5.399035662412643433e-02 1.525110378861427307e-02 2.249247394502162933e-02 1.242171600461006165e-02 1.134724076837301254e-02 4.484632983803749084e-03 2.535930089652538300e-02 2.160787396132946014e-02 3.644664585590362549e-02 3.574428334832191467e-02 5.248989909887313843e-02 1.519350707530975342e-01 1.734911948442459106e-01 3.903269767761230469e-02 3.462819382548332214e-02 2.707662619650363922e-02 1.240495406091213226e-02 1.103229224681854248e-01 7.820387929677963257e-02 1.813556253910064697e-02 3.107208199799060822e-02 7.334315683692693710e-03 4.374245926737785339e-02 1.452279184013605118e-02 5.060880631208419800e-02 4.305414110422134399e-02 3.707569837570190430e-02 1.112039387226104736e-02 2.114180009812116623e-03 3.841041028499603271e-02 3.124921768903732300e-02 2.682280912995338440e-02 1.381584163755178452e-02 2.276093931868672371e-03 2.941255457699298859e-02 1.909021846950054169e-02 1.064699795097112656e-02 3.090011887252330780e-02 3.741786256432533264e-02 3.790507093071937561e-02 2.604852616786956787e-02 6.765246391296386719e-03 3.230575704947113991e-03 3.081381553784012794e-03 2.687529660761356354e-02 1.360925473272800446e-02 1.177935022860765457e-02
1.320871151983737946e-02 1.426052395254373550e-02 2.003600075840950012e-02 4.967137873172760010e-01 1.720879226922988892e-01 2.827164530754089355e-02 3.114114748314023018e-03 2.959106862545013428e-02 3.137567639350891113e-02 8.905823342502117157e-03 5.031191394664347172e-04 6.997725926339626312e-03 4.225223511457443237e-02 1.085626706480979919e-02 2.232006564736366272e-02 2.250556368380784988e-03 1.601772382855415344e-02 5.703730974346399307e-03 5.251035839319229126e-02 1.807395135983824730e-03 4.154500737786293030e-02 7.385690230876207352e-03 1.750173605978488922e-02 3.691908344626426697e-02 2.766827121376991272e-02 3.085654042661190033e-02 9.670604951679706573e-03 1.265637762844562531e-02 8.789337589405477047e-04 6.095925811678171158e-03 3.456689789891242981e-02 2.345298975706100464e-02 1.286477968096733093e-02 3.528794273734092712e-02 4.230119287967681885e-02 1.757938042283058167e-02 1.769396290183067322e-02 1.538780890405178070e-02 1.011997684836387634e-01 7.305622100830078125e-02 2.445053867995738983e-02 3.816694393754005432e-02 2.748733200132846832e-02 8.207374811172485352e-02 4.144654050469398499e-02 2.613127045333385468e-02 2.946915104985237122e-02 1.561011373996734619e-02 4.110555723309516907e-02 2.636479400098323822e-02 3.491063788533210754e-02 1.866906136274337769e-02 5.043854191899299622e-02 3.226812556385993958e-02 4.669445753097534180e-02 1.123840454965829849e-02 1.185326837003231049e-02 2.474185079336166382e-02 5.952506139874458313e-02 4.852641746401786804e-02 1.384465396404266357e-02 2.533549908548593521e-03 1.074654795229434967e-02 2.390656061470508575e-02 1.734326407313346863e-02 2.583890408277511597e-02 4.628299793694168329e-04 1.575875096023082733e-02 3.997088875621557236e-03 4.989898949861526489e-02 1.458832342177629471e-02 3.568277508020401001e-02 1.201923266053199768e-01 2.179926447570323944e-02 9.748236089944839478e-02 3.415664657950401306e-02 8.104973472654819489e-03 4.368786886334419250e-02 2.237631380558013916e-02 4.793891310691833496e-02 8.626076392829418182e-03 4.047241993248462677e-03 5.530611798167228699e-02 2.732717804610729218e-02 3.736313059926033020e-02 5.592476110905408859e-03 2.948248013854026794e-02 1.029011420905590057e-02 2.261156588792800903e-02 2.943821251392364502e-02 1.807462982833385468e-02 1.126162987202405930e-02 3.337804600596427917e-02 9.564183652400970459e-03 3.412214666604995728e-02 3.406640887260437012e-02 4.442357644438743591e-02 3.854273632168769836e-02 1.522386167198419571e-02 1.916274055838584900e-02 3.165430575609207153e-02 2.453649975359439850e-02 1.785561256110668182e-02 3.548475727438926697e-02 2.061895094811916351e-02 4.236841201782226562e-02 4.653380718082189560e-03 3.223288804292678833e-02 1.877492852509021759e-02 8.212666725739836693e-04 2.208327688276767731e-02 2.002471499145030975e-02 1.986892521381378174e-02 2.341344393789768219e-02 4.318103194236755371e-02 2.315335534512996674e-02
2.167279459536075592e-02 1.148478360846638680e-03 2.093228278681635857e-03 1.720879226922988892e-01 4.912700355052947998e-01 1.624122634530067444e-02 3.777797147631645203e-02 3.953170031309127808e-02 4.975542426109313965e-03 1.207483746111392975e-02 2.002848498523235321e-02 4.460935294628143311e-02 8.980602025985717773e-03 5.521124228835105896e-03 4.741796478629112244e-02 8.697737008333206177e-03 5.596534814685583115e-03 1.202799379825592041e-02 6.072755530476570129e-02 1.600177027285099030e-02 2.704815194010734558e-02 5.917045753449201584e-03 3.143886104226112366e-02 4.210489243268966675e-02 4.393210634589195251e-02 2.721528895199298859e-02 2.750279568135738373e-02 1.867336779832839966e-02 2.014747820794582367e-02 1.626547612249851227e-02 3.255113214254379272e-02 3.179323673248291016e-02 1.308616623282432556e-02 8.819704875349998474e-03 4.198884591460227966e-02 2.125537581741809845e-02 8.626091293990612030e-03 3.946426138281822205e-02 6.211834773421287537e-02 8.393675833940505981e-02 1.850152201950550079e-02 6.184212397783994675e-04 2.177881449460983276e-02 2.197575941681861877e-02 3.266292065382003784e-02 2.494832687079906464e-02 2.548073604702949524e-02 3.096930682659149170e-03 5.184934474527835846e-03 2.865003794431686401e-02 3.011248819530010223e-02 3.948871046304702759e-02 2.563572116196155548e-02 9.372281841933727264e-03 1.412336807698011398e-02 1.318295858800411224e-02 3.229109337553381920e-03 1.931859366595745087e-02 2.278053434565663338e-03 2.087925560772418976e-02 3.358754888176918030e-02 1.263434067368507385e-02 2.386173978447914124e-02 2.656182274222373962e-03 8.144847117364406586e-03 4.389909282326698303e-02 1.203167717903852463e-02 2.701778709888458252e-02 1.109680626541376114e-02 1.063674874603748322e-02 2.346562221646308899e-02 5.508226528763771057e-02 9.624681621789932251e-02 8.139443583786487579e-03 1.131843179464340210e-01 1.758808270096778870e-02 2.629514038562774658e-02 4.668232798576354980e-02 4.218579735606908798e-03 2.434320561587810516e-02 2.780196629464626312e-02 3.840396553277969360e-02 4.058107733726501465e-03 1.265516621060669422e-03 8.450213819742202759e-03 1.803514175117015839e-02 3.627423197031021118e-03 4.913739394396543503e-03 5.573504418134689331e-02 4.414974153041839600e-02 2.491870895028114319e-02 1.099868328310549259e-03 1.240490097552537918e-02 2.387235499918460846e-02 4.592330008745193481e-02 4.124544560909271240e-02 3.141897916793823242e-02 2.645482122898101807e-02 7.059141644276678562e-04 2.103151194751262665e-02 7.706657052040100098e-03 2.661463990807533264e-02 2.944248355925083160e-02 1.262927800416946411e-02 5.133981630206108093e-02 4.630991816520690918e-02 6.381166633218526840e-03 8.501155301928520203e-03 1.933430694043636322e-02 8.152172900736331940e-03 4.520699381828308105e-02 2.649056725203990936e-02 3.771044686436653137e-02 6.197455339133739471e-03 2.923177182674407959e-02 2.318997494876384735e-02
1.447736024856567383e-01 1.009347587823867798e-01 1.150877214968204498e-02 2.827164530754089355e-02 1.624122634530067444e-02 4.868883788585662842e-01 1.854282617568969727e-01 2.119306288659572601e-02 2.184898406267166138e-02 3.300988674163818359e-02 9.258712083101272583e-02 7.586245983839035034e-02 7.052688300609588623e-02 9.051066823303699493e-03 9.616243652999401093e-03 1.595205627381801605e-02 2.848047576844692230e-02 7.264128886163234711e-03 1.882719062268733978e-02 2.125876210629940033e-02 3.661014139652252197e-02 1.724824123084545135e-02 1.308036688715219498e-02 1.658370345830917358e-02 3.660043701529502869e-02 2.628156356513500214e-02 3.255150094628334045e-02 3.328948467969894409e-02 4.372492805123329163e-02 3.437232226133346558e-02 6.488319486379623413e-02 1.515450887382030487e-02 1.964793913066387177e-02 1.235714275389909744e-02 4.842194914817810059e-02 3.628418222069740295e-02 7.902801968157291412e-03 2.615231461822986603e-02 5.198014900088310242e-03 2.314346283674240112e-02 7.036434486508369446e-03 3.907234221696853638e-02 4.175160825252532959e-02 4.385266947792842984e-05 6.129908142611384392e-04 8.287289179861545563e-03 1.693392992019653320e-01 3.981811925768852234e-02 6.965109612792730331e-03 8.377443067729473114e-03 2.960296161472797394e-02 4.106002300977706909e-02 1.913502812385559082e-02 8.532851934432983398e-03 1.368205249309539795e-02 3.023066371679306030e-02 5.752046126872301102e-03 2.267303131520748138e-02 4.045255109667778015e-02 3.478734940290451050e-02 1.134987175464630127e-02 2.911738306283950806e-02 2.759517915546894073e-02 8.044363930821418762e-03 4.851698502898216248e-02 7.321130484342575073e-02 7.609158288687467575e-03 1.580501720309257507e-02 3.564866632223129272e-02 4.085698164999485016e-03 3.301521018147468567e-02 3.351727500557899475e-02 2.827499806880950928e-02 2.885969541966915131e-02 1.480893231928348541e-02 3.511049225926399231e-02 1.002460066229104996e-02 2.138009667396545410e-02 3.383068740367889404e-02 3.310422971844673157e-02 5.586984381079673767e-02 3.335530310869216919e-02 8.114962838590145111e-03 5.072191706858575344e-04 2.264695055782794952e-02 3.539844974875450134e-02 1.205154578201472759e-03 1.431138161569833755e-02 2.747849002480506897e-02 1.682467758655548096e-02 3.924853354692459106e-02 3.544787317514419556e-02 1.536991260945796967e-02 1.520811859518289566e-02 3.553598001599311829e-02 1.643720641732215881e-02 1.977536641061306000e-02 2.101187128573656082e-03 8.048688992857933044e-03 3.843691945075988770e-02 2.763386443257331848e-02 2.098629251122474670e-03 3.269648924469947815e-02 2.983546070754528046e-02 2.729176543653011322e-02 1.073543634265661240e-02 2.934176474809646606e-02 6.179099902510643005e-02 1.378224417567253113e-02 3.147870767861604691e-03 1.536132395267486572e-02 1.340561197139322758e-03 1.816998608410358429e-02 2.518806047737598419e-02 6.266742199659347534e-02 2.050897292792797089e-02
4.429828375577926636e-02 1.242575794458389282e-01 3.789095580577850342e-02 3.114114748314023018e-03 3.777797147631645203e-02 1.854282617568969727e-01 4.867446720600128174e-01 5.752121564000844955e-03 3.257415816187858582e-02 4.603599384427070618e-02 9.106925129890441895e-02 3.470160067081451416e-02 1.043937951326370239e-01 1.473093312233686447e-02 3.014333546161651611e-03 4.183759540319442749e-02 4.040966182947158813e-02 2.556462027132511139e-02 2.886528708040714264e-02 4.366955906152725220e-02 3.045958653092384338e-02 3.090602718293666840e-02 7.612669724039733410e-04 2.135688206180930138e-03 1.322932168841362000e-02 2.418053150177001953e-02 7.018729113042354584e-03 1.100235804915428162e-02 1.749831065535545349e-02 3.573991358280181885e-03 9.475362487137317657e-03 4.994615167379379272e-02 2.250959351658821106e-02 4.316648095846176147e-02 2.140033029718324542e-05 1.243136357516050339e-02 2.829531766474246979e-02 2.175223641097545624e-02 7.141599897295236588e-03 3.891954198479652405e-03 1.538723241537809372e-02 4.979469627141952515e-02 2.891776338219642639e-02 3.915506973862648010e-02 1.473961211740970612e-02 4.077120870351791382e-02 8.781341463327407837e-02 1.572756767272949219e-01 2.023878879845142365e-02 8.039485663175582886e-03 2.775498293340206146e-02 2.884734794497489929e-02 1.132836192846298218e-02 1.175998710095882416e-02 4.375799745321273804e-02 1.356436219066381454e-02 1.835666224360466003e-02 1.248666923493146896e-02 1.747515797615051270e-02 1.139739621430635452e-02 4.335193894803524017e-03 4.411555826663970947e-03 4.596446454524993896e-02 3.079151175916194916e-02 1.893117837607860565e-02 4.780062008649110794e-03 2.717613987624645233e-02 2.384179085493087769e-02 5.506415665149688721e-02 1.487788185477256775e-02 2.030883543193340302e-02 2.859611995518207550e-02 6.453426067309919745e-06 1.298984745517373085e-03 5.997055675834417343e-03 1.762496307492256165e-02 7.561936043202877045e-03 2.212133817374706268e-02 9.162476635538041592e-04 2.949065528810024261e-02 5.452584940940141678e-03 2.857886068522930145e-02 2.963158488273620605e-02 1.791029609739780426e-02 5.132212862372398376e-02 1.290319301187992096e-02 1.281395182013511658e-02 2.573715150356292725e-02 4.587731137871742249e-02 4.164107143878936768e-02 1.011249050498008728e-02 3.320535272359848022e-02 4.128449410200119019e-02 7.462863810360431671e-03 1.383236609399318695e-02 4.221973475068807602e-03 4.064983502030372620e-02 2.046206593513488770e-02 2.529870346188545227e-02 7.185542955994606018e-03 2.497620694339275360e-02 3.793368861079216003e-02 1.282096188515424728e-02 1.838018931448459625e-02 6.531673017889261246e-03 4.478742182254791260e-02 3.874127194285392761e-02 4.593525081872940063e-02 3.330573439598083496e-02 5.295149167068302631e-04 2.032131887972354889e-02 2.261659316718578339e-02 1.914300210773944855e-02 6.302270572632551193e-03 2.919489890336990356e-02 2.648374438285827637e-02
1.096209697425365448e-02 2.124476619064807892e-02 1.692152470350265503e-01 2.959106862545013428e-02 3.953170031309127808e-02 2.119306288659572601e-02 5.752121564000844955e-03 5.146446228027343750e-01 3.420476615428924561e-02 2.822494134306907654e-02 1.921136677265167236e-02 3.422368317842483521e-02 1.763549447059631348e-02 2.290002815425395966e-02 1.571914255619049072e-01 5.114285275340080261e-02 4.728054255247116089e-02 2.490173652768135071e-02 2.594300732016563416e-02 3.660053014755249023e-02 1.788340858183801174e-03 1.843603444285690784e-03 2.344126626849174500e-02 4.880996420979499817e-02 2.422539331018924713e-02 1.078490354120731354e-02 3.488316386938095093e-02 2.125382609665393829e-02 3.868640586733818054e-02 2.915811911225318909e-02 2.032795920968055725e-02 6.941909901797771454e-03 3.239229787141084671e-03 4.286455921828746796e-03 1.609079167246818542e-02 2.601996529847383499e-03 4.197251517325639725e-03 1.919728703796863556e-02 8.305778726935386658e-03 4.539247602224349976e-03 6.858354061841964722e-02 4.378027468919754028e-02 2.039410360157489777e-02 1.137775257229804993e-01 1.535097020678222179e-03 1.591045223176479340e-02 3.369725123047828674e-02 2.057969197630882263e-02 2.617613226175308228e-02 3.998180478811264038e-02 3.800597786903381348e-02 5.570209585130214691e-03 5.454099737107753754e-03 3.355392813682556152e-02 2.591612003743648529e-02 1.351918000727891922e-02 4.010031372308731079e-02 8.731532841920852661e-03 4.453967884182929993e-02 2.785207517445087433e-02 3.624157235026359558e-02 1.745797321200370789e-02 9.327093139290809631e-03 4.318345710635185242e-02 3.808400034904479980e-02 1.148854754865169525e-02 3.479664213955402374e-03 1.125686150044202805e-02 5.126022174954414368e-02 2.194599434733390808e-02 2.627041377127170563e-02 4.807730019092559814e-02 8.255003020167350769e-03 8.843892253935337067e-03 1.908834325149655342e-03 3.180685639381408691e-02 2.043955028057098389e-02 2.485228329896926880e-02 4.044673219323158264e-02 2.356186881661415100e-02 1.508204638957977295e-01 1.819230914115905762e-01 4.061714932322502136e-02 3.015411272644996643e-02 1.019732933491468430e-02 1.498498767614364624e-02 1.685606092214584351e-01 8.484187722206115723e-02 5.527720786631107330e-04 1.410368178039789200e-02 1.239410601556301117e-02 1.653378084301948547e-02 1.519059389829635620e-02 7.047189399600028992e-03 1.178341545164585114e-02 2.741957642138004303e-02 3.970962762832641602e-02 3.734794631600379944e-02 3.714247047901153564e-02 4.185954853892326355e-02 6.344557739794254303e-03 2.022297587245702744e-03 1.006958354264497757e-02 2.941761538386344910e-02 4.280190169811248779e-02 4.922721069306135178e-03 7.972411066293716431e-02 1.573495753109455109e-02 4.787884280085563660e-02 6.785651203244924545e-03 1.378627866506576538e-02 5.489205941557884216e-02 4.312841221690177917e-02 8.833705447614192963e-03 2.674477733671665192e-02 8.014400489628314972e-03
3.566038981080055237e-02 4.128534346818923950e-02 3.648407012224197388e-02 3.137567639350891113e-02 4.975542426109313965e-03 2.184898406267166138e-02 3.257415816187858582e-02 3.420476615428924561e-02 5.034758448600769043e-01 5.862238258123397827e-02 4.523183405399322510e-02 3.837253525853157043e-02 5.038504023104906082e-04 3.529751300811767578e-02 1.441228017210960388e-02 4.674223437905311584e-02 5.793470889329910278e-02 7.853484153747558594e-02 2.231758274137973785e-02 5.323775112628936768e-02 3.342196345329284668e-02 4.153110086917877197e-02 1.368816010653972626e-02 2.549541555345058441e-02 4.507571284193545580e-04 1.788106746971607208e-03 1.639351248741149902e-02 3.685716167092323303e-02 3.596553578972816467e-02 3.701053559780120850e-02 2.160266228020191193e-02 2.474997937679290771e-02 4.329768568277359009e-02 3.514578798785805702e-03 9.934417903423309326e-03 3.478195890784263611e-02 1.851452700793743134e-02 1.874414738267660141e-03 5.262264609336853027e-02 1.527062524110078812e-02 3.491324558854103088e-02 8.244159817695617676e-02 2.206144854426383972e-02 1.319782529026269913e-02 3.412440419197082520e-02 2.861139923334121704e-02 3.660277649760246277e-02 1.074657589197158813e-02 6.635871529579162598e-02 4.331929143518209457e-03 2.740805223584175110e-02 7.376568391919136047e-03 5.982621107250452042e-03 2.227532863616943359e-02 6.966149061918258667e-02 1.838175021111965179e-02 2.296304702758789062e-02 1.662956923246383667e-02 5.154328886419534683e-03 3.558632731437683105e-02 3.231573104858398438e-02 9.409770369529724121e-03 3.877237811684608459e-02 9.185857139527797699e-03 3.559491410851478577e-02 2.206463366746902466e-02 2.414811030030250549e-02 8.971890434622764587e-03 1.467416062951087952e-02 1.838395372033119202e-02 3.035390004515647888e-02 3.922339156270027161e-02 3.078239783644676208e-02 3.615047410130500793e-02 3.737122938036918640e-02 1.491177245043218136e-03 1.263788044452667236e-01 5.641944240778684616e-03 1.164107695221900940e-01 3.746207058429718018e-02 1.211739145219326019e-02 2.771335095167160034e-02 6.054513901472091675e-02 6.208166852593421936e-02 3.445108234882354736e-02 4.662454500794410706e-02 3.012111783027648926e-02 1.605697534978389740e-02 2.481529675424098969e-02 4.399634525179862976e-02 6.333065219223499298e-03 4.058061540126800537e-02 1.150555443018674850e-02 2.955534309148788452e-02 7.062527583912014961e-04 4.869719967246055603e-03 2.403321489691734314e-02 1.410150667652487755e-03 1.032281816005706787e-01 5.657613649964332581e-02 1.777821034193038940e-02 6.276167463511228561e-03 2.421415224671363831e-02 2.671422623097896576e-02 4.930341616272926331e-02 2.183826826512813568e-02 4.308047573431394994e-05 4.175058274995535612e-04 2.666950225830078125e-02 2.412403747439384460e-02 3.615671023726463318e-02 1.750169508159160614e-02 1.973650231957435608e-02 1.558531913906335831e-02 8.856826461851596832e-03 1.807279326021671295e-02
3.827869147062301636e-02 4.356771707534790039e-02 3.425502404570579529e-02 8.905823342502117157e-03 1.207483746111392975e-02 3.300988674163818359e-02 4.603599384427070618e-02 2.822494134306907654e-02 5.862238258123397827e-02 5.003839135169982910e-01 2.488805353641510010e-02 2.123674377799034119e-03 4.766638204455375671e-02 4.155026376247406006e-02 3.226030617952346802e-02 2.858955226838588715e-02 2.842230349779129028e-02 1.395203080028295517e-02 2.497763372957706451e-03 3.750171884894371033e-02 8.629837073385715485e-03 1.381855364888906479e-02 2.528273686766624451e-02 3.524441272020339966e-02 2.365638501942157745e-03 9.451697696931660175e-04 2.366495504975318909e-02 3.397922590374946594e-02 1.262432523071765900e-02 2.751876600086688995e-02 3.896594047546386719e-02 1.738149113953113556e-02 3.145211189985275269e-02 4.334897175431251526e-02 8.640802465379238129e-03 3.422586992383003235e-02 9.176007471978664398e-03 2.440949529409408569e-02 1.631095632910728455e-02 3.371655195951461792e-02 3.130153194069862366e-02 1.316023711115121841e-02 1.672958722338080406e-03 2.210085280239582062e-02 1.503417547792196274e-02 3.612332791090011597e-02 1.246188912773504853e-04 9.378491900861263275e-03 8.837253786623477936e-03 6.103349849581718445e-02 3.544599935412406921e-02 3.309405595064163208e-02 5.151223018765449524e-02 5.351436883211135864e-02 1.000898555503226817e-04 6.024157255887985229e-02 2.291213721036911011e-02 2.766435220837593079e-02 5.335776600986719131e-03 1.738420338369905949e-03 2.879022620618343353e-02 2.329793199896812439e-02 5.657208710908889771e-02 3.557923808693885803e-02 2.018747292459011078e-02 1.388065982609987259e-03 1.856587710790336132e-03 5.484117195010185242e-03 1.502061355859041214e-02 1.181536912918090820e-02 3.337258845567703247e-02 1.091497205197811127e-02 3.826561942696571350e-02 3.081724792718887329e-02 5.891900882124900818e-02 1.196040306240320206e-02 2.328684553503990173e-02 8.334647864103317261e-02 3.580081462860107422e-02 9.622014313936233521e-02 3.923822566866874695e-02 6.898317951709032059e-03 9.856169112026691437e-03 3.815783932805061340e-02 1.162745431065559387e-02 4.692850261926651001e-02 6.354002747684717178e-03 2.480323053896427155e-02 3.208429319784045219e-03 4.268283396959304810e-02 1.759788021445274353e-02 5.935620516538619995e-02 2.759551815688610077e-02 5.300383269786834717e-02 5.299846641719341278e-03 2.754396060481667519e-03 2.084303833544254303e-02 6.963845225982367992e-04 1.461616158485412598e-02 1.528031099587678909e-02 3.292450448498129845e-03 2.844606153666973114e-02 1.103535853326320648e-02 1.614154432900249958e-03 4.356098547577857971e-02 6.592801306396722794e-03 2.164086792618036270e-03 3.902402147650718689e-02 4.361066035926342010e-03 1.257359981536865234e-03 2.835894562304019928e-02 1.498092431575059891e-02 2.494443207979202271e-02 2.378519997000694275e-02 3.464335575699806213e-02 6.009643431752920151e-03
1.348316222429275513e-01 1.614829301834106445e-01 1.679116487503051758e-02 5.031191394664347172e-04 2.002848498523235321e-02 9.258712083101272583e-02 9.106925129890441895e-02 1.921136677265167236e-02 4.523183405399322510e-02 2.488805353641510010e-02 5.050308108329772949e-01 1.559646427631378174e-02 1.846240013837814331e-01 9.423764422535896301e-03 1.234574615955352783e-02 5.253509152680635452e-03 2.179457992315292358e-02 3.430389985442161560e-02 3.601643070578575134e-02 1.267734356224536896e-02 3.437998890876770020e-02 2.972173318266868591e-02 1.356445997953414917e-02 3.687161952257156372e-02 4.657119885087013245e-02 2.359097078442573547e-02 4.054407775402069092e-02 2.191242389380931854e-02 1.128438394516706467e-02 2.785389684140682220e-02 5.358672887086868286e-02 3.493908420205116272e-02 9.252542629837989807e-03 4.304447770118713379e-02 1.446822658181190491e-02 7.006972096860408783e-03 3.977924212813377380e-02 1.706507802009582520e-02 2.153469994664192200e-02 1.618408039212226868e-02 8.540343493223190308e-03 3.901385888457298279e-02 2.112614363431930542e-02 1.135341264307498932e-02 1.007382795214653015e-01 1.452548205852508545e-01 3.733862424269318581e-03 1.196977309882640839e-02 1.272747479379177094e-02 2.155157178640365601e-02 2.845911541953682899e-03 4.189366474747657776e-03 2.833534963428974152e-02 4.029249772429466248e-02 1.143512967973947525e-02 5.147715657949447632e-02 1.522444654256105423e-02 1.389417797327041626e-03 3.487237915396690369e-02 1.161256060004234314e-02 2.519925870001316071e-02 5.597026087343692780e-03 4.564439412206411362e-03 8.910625241696834564e-03 3.691131994128227234e-02 1.025524456053972244e-02 4.232454672455787659e-02 7.913566194474697113e-03 1.454847399145364761e-02 3.444286994636058807e-03 1.819801703095436096e-02 1.546530239284038544e-02 3.175173327326774597e-02 1.666638068854808807e-02 3.069305419921875000e-02 8.856856264173984528e-03 4.172654822468757629e-02 1.117527112364768982e-02 3.889263421297073364e-02 7.468713913112878799e-03 2.549455268308520317e-03 2.697103656828403473e-02 4.316357150673866272e-02 5.896062403917312622e-02 4.877492040395736694e-02 3.297597914934158325e-02 1.320072915405035019e-03 1.867231354117393494e-02 2.190889790654182434e-03 4.256546869874000549e-02 4.292039573192596436e-02 8.232372812926769257e-03 4.571793600916862488e-02 3.279423341155052185e-02 4.094709828495979309e-02 9.703712537884712219e-03 3.775239363312721252e-02 1.144792302511632442e-03 4.393951222300529480e-02 1.682567968964576721e-02 3.414510935544967651e-02 4.130629822611808777e-02 4.106883332133293152e-02 2.190972864627838135e-02 6.654866156168282032e-04 3.686581924557685852e-02 4.072744399309158325e-02 4.314508289098739624e-02 3.896101191639900208e-02 4.140329360961914062e-02 9.152301587164402008e-03 4.605010151863098145e-02 1.542212441563606262e-02 1.043135579675436020e-02 1.494593732059001923e-02 4.549665004014968872e-02
2.938386984169483185e-02 1.791387610137462616e-02 1.194889936596155167e-02 6.997725926339626312e-03 4.460935294628143311e-02 7.586245983839035034e-02 3.470160067081451416e-02 3.422368317842483521e-02 3.837253525853157043e-02 2.123674377799034119e-03 1.559646427631378174e-02 4.981662333011627197e-01 4.033631831407546997e-02 1.062603667378425598e-01 2.473080530762672424e-02 1.886776462197303772e-02 9.009727276861667633e-03 2.542950585484504700e-02 2.141658775508403778e-02 2.182533033192157745e-02 2.485558204352855682e-02 8.766260929405689240e-03 2.050546929240226746e-02 1.507509499788284302e-02 4.665849730372428894e-02 1.970398426055908203e-02 9.280248545110225677e-03 7.517869770526885986e-02 4.462648183107376099e-02 7.597585767507553101e-02 2.629657462239265442e-02 1.701624132692813873e-02 3.478581830859184265e-02 2.120685391128063202e-02 4.922651499509811401e-02 4.158692434430122375e-02 2.525209449231624603e-02 1.668895408511161804e-02 2.411361038684844971e-02 4.219570197165012360e-03 1.187849231064319611e-02 5.374113470315933228e-02 1.978367194533348083e-02 3.655796498060226440e-02 1.327926199883222580e-02 3.902206197381019592e-03 3.569437190890312195e-02 4.066087305545806885e-02 1.509096007794141769e-02 2.732547186315059662e-02 1.924217492341995239e-02 5.777137354016304016e-02 3.937514871358871460e-02 9.865608066320419312e-03 1.957283355295658112e-02 4.858728870749473572e-02 7.563399150967597961e-03 2.670436166226863861e-02 1.168908830732107162e-02 1.920244656503200531e-03 3.679682314395904541e-02 5.143072828650474548e-02 2.496319822967052460e-03 2.508938312530517578e-03 2.386519312858581543e-02 1.270200591534376144e-02 4.599684104323387146e-02 3.102875314652919769e-02 4.244641959667205811e-02 5.510797724127769470e-02 5.163047090172767639e-02 4.717803001403808594e-02 5.066749081015586853e-02 3.560321405529975891e-02 4.667950794100761414e-02 3.917298465967178345e-02 7.419423013925552368e-02 5.728181079030036926e-02 3.951652720570564270e-02 2.696682512760162354e-02 3.831070661544799805e-02 3.273457288742065430e-02 5.422132089734077454e-02 1.706492714583873749e-02 3.372481837868690491e-02 1.450912188738584518e-02 1.317421160638332367e-02 5.432286299765110016e-03 8.405878394842147827e-02 6.954273581504821777e-02 2.189391478896141052e-02 2.634441480040550232e-03 1.374214887619018555e-02 2.589852362871170044e-02 4.947731271386146545e-02 4.307311773300170898e-02 4.849098622798919678e-02 3.023288398981094360e-02 5.638859700411558151e-03 1.299993228167295456e-02 4.932544380426406860e-02 1.643943227827548981e-02 7.155675557442009449e-04 1.046266965568065643e-02 6.763082463294267654e-03 3.623938933014869690e-02 4.000744223594665527e-02 2.551706321537494659e-02 4.690018668770790100e-02 1.462859939783811569e-02 2.026058360934257507e-02 1.953848451375961304e-02 1.164247654378414154e-02 3.608194366097450256e-02 1.231725234538316727e-02 3.278624266386032104e-02
1.344546023756265640e-02 1.133609116077423096e-01 3.543994948267936707e-02 4.225223511457443237e-02 8.980602025985717773e-03 7.052688300609588623e-02 1.043937951326370239e-01 1.763549447059631348e-02 5.038504023104906082e-04 4.766638204455375671e-02 1.846240013837814331e-01 4.033631831407546997e-02 4.998161494731903076e-01 1.853508874773979187e-02 1.196481566876173019e-02 2.383833937346935272e-02 3.733532503247261047e-02 2.046710252761840820e-02 4.560663923621177673e-02 3.382636699825525284e-03 2.593772485852241516e-02 9.759261272847652435e-03 9.734519757330417633e-03 5.383166670799255371e-02 4.201370477676391602e-02 1.052851881831884384e-02 4.973508417606353760e-02 1.600333862006664276e-02 3.542738407850265503e-02 4.707705229520797729e-02 1.471860054880380630e-02 4.485010867938399315e-04 3.740333393216133118e-02 2.817334048449993134e-02 1.042993087321519852e-02 6.968972831964492798e-02 3.395674377679824829e-02 2.161578088998794556e-02 2.583848545327782631e-03 1.734380982816219330e-02 3.400111570954322815e-02 2.092757821083068848e-02 1.081615313887596130e-02 3.813650924712419510e-03 7.742609083652496338e-02 1.151851192116737366e-01 5.236026272177696228e-02 3.753347322344779968e-02 1.321419142186641693e-02 4.820495843887329102e-02 4.650538787245750427e-02 3.156144544482231140e-02 3.448969498276710510e-02 1.557828951627016068e-02 4.705740138888359070e-03 1.404118631035089493e-02 7.750480435788631439e-03 5.982803553342819214e-02 4.040962830185890198e-02 5.017221719026565552e-02 2.198759280145168304e-02 1.433401834219694138e-02 4.858080297708511353e-02 9.203932248055934906e-03 4.688875377178192139e-02 4.995114356279373169e-02 4.026227816939353943e-02 1.711408235132694244e-02 5.789209899376146495e-05 5.314199998974800110e-02 3.915585204958915710e-02 4.465145990252494812e-02 4.424749687314033508e-02 2.186857722699642181e-02 4.393177852034568787e-02 1.569695957005023956e-02 4.615931212902069092e-02 7.285423926077783108e-04 3.830122586805373430e-04 1.037000585347414017e-02 3.435898572206497192e-02 1.689639687538146973e-02 4.861415550112724304e-02 2.456493861973285675e-02 3.824186697602272034e-02 3.902674466371536255e-02 3.031261265277862549e-02 3.292725887149572372e-03 1.846432499587535858e-02 3.782990574836730957e-02 4.117625206708908081e-02 3.022728860378265381e-02 7.187118288129568100e-03 2.207412570714950562e-02 4.201667383313179016e-02 1.605552062392234802e-02 3.931047860532999039e-03 1.481701899319887161e-02 4.337477684020996094e-02 1.738689094781875610e-02 4.275520890951156616e-02 2.212835662066936493e-02 3.183314204216003418e-02 1.238035969436168671e-02 2.530229464173316956e-02 2.446380257606506348e-02 2.645176835358142853e-02 3.333995118737220764e-02 3.902871161699295044e-02 8.255395805463194847e-04 2.269162423908710480e-02 7.706427015364170074e-03 3.611989784985780716e-03 5.165798217058181763e-02 3.642965480685234070e-02 1.591942459344863892e-02
