5.377213954925537109e-01 1.969835162162780762e-01 3.475420642644166946e-03 3.286785911768674850e-03 3.048742190003395081e-02 1.290543526411056519e-01 1.042297258973121643e-01 2.646119892597198486e-02 1.675804145634174347e-02 3.156644850969314575e-02 1.194277256727218628e-01 2.811681106686592102e-02 7.087629288434982300e-02 5.549875646829605103e-02 7.999433204531669617e-03 6.537943147122859955e-03 4.428379237651824951e-02 2.463698945939540863e-02 1.730062998831272125e-02 3.910454921424388885e-03 3.229693695902824402e-02 3.893604129552841187e-02 1.242574024945497513e-02 1.319431327283382416e-02 4.489103704690933228e-02 1.407447271049022675e-02 3.545018285512924194e-02 5.177705734968185425e-02 5.163923650979995728e-02 3.643197566270828247e-02 2.808306738734245300e-02 6.426988169550895691e-03 2.331663109362125397e-02 1.825934089720249176e-02 1.674004457890987396e-02 7.126824557781219482e-02 4.421394690871238708e-02 3.751090168952941895e-02 1.215377356857061386e-02 4.520222172141075134e-02 2.299346961081027985e-02 7.613560650497674942e-03 3.492154926061630249e-02 2.103217132389545441e-02 4.646652936935424805e-02 9.434903971850872040e-03 6.980959326028823853e-02 1.362338755279779434e-02 1.181969977915287018e-02 1.910478621721267700e-02 1.883036270737648010e-02 4.483402147889137268e-02 4.109852481633424759e-03 4.147488251328468323e-02 2.508077956736087799e-02 3.480970859527587891e-02 5.199161916971206665e-02 2.541252784430980682e-02 5.723174661397933960e-02 3.085975348949432373e-02 3.501088172197341919e-02 5.873892828822135925e-02 7.269407156854867935e-03 4.953765776008367538e-03 3.090209700167179108e-02 3.577117621898651123e-02 2.803262136876583099e-02 4.130384698510169983e-02 4.733684286475181580e-02 2.615177445113658905e-02 6.877680867910385132e-02 1.086204592138528824e-02 1.847896724939346313e-02 2.810958400368690491e-02 3.817904740571975708e-02 5.205312743782997131e-02 2.555908577051013708e-04 4.088767617940902710e-02 8.857642300426959991e-03 3.373486921191215515e-02 2.350071631371974945e-02 1.357595995068550110e-02 1.277824863791465759e-02 5.355612188577651978e-02 1.300019939662888646e-04 2.588028274476528168e-02 2.732339873909950256e-02 4.434529319405555725e-02 9.999809786677360535e-03 3.934736177325248718e-02 1.928364485502243042e-02 5.200165137648582458e-02 3.514155372977256775e-02 4.520688578486442566e-02 2.103705890476703644e-02 2.323643304407596588e-02 2.732772193849086761e-02 5.109188705682754517e-02 2.056813798844814301e-02 1.438787020742893219e-02 3.624935820698738098e-02 1.370223984122276306e-02 3.703697770833969116e-02 4.571142047643661499e-02 3.259213641285896301e-02 4.439235851168632507e-02 2.862956188619136810e-02 1.265298668295145035e-02 4.698273539543151855e-02 3.558633849024772644e-03 1.520953513681888580e-02 1.524118520319461823e-02 3.574687242507934570e-02 2.197308465838432312e-02 1.066420227289199829e-02 5.698110908269882202e-03
1.969835162162780762e-01 5.191959142684936523e-01 2.560738474130630493e-02 3.187662363052368164e-02 2.161094918847084045e-02 6.688234955072402954e-02 1.183058619499206543e-01 2.179370634257793427e-02 1.882112585008144379e-02 4.680174461100250483e-04 1.116389930248260498e-01 1.730168610811233521e-02 1.249273270368576050e-01 4.402650520205497742e-02 4.404516890645027161e-02 1.656213961541652679e-02 5.719232186675071716e-02 3.953458741307258606e-02 4.696397855877876282e-02 2.952472493052482605e-02 1.687767915427684784e-02 3.581654280424118042e-02 7.900855503976345062e-03 4.219210147857666016e-02 1.474644872359931469e-03 1.634870842099189758e-02 2.659514918923377991e-02 2.291508391499519348e-02 2.656848169863224030e-02 4.106649383902549744e-02 1.295491773635149002e-02 3.937621414661407471e-02 1.968210749328136444e-02 4.110898077487945557e-02 3.282740712165832520e-02 4.086089879274368286e-02 1.865640655159950256e-02 1.511421054601669312e-02 1.629238948225975037e-02 3.095151670277118683e-02 1.227105408906936646e-02 1.900741644203662872e-02 2.265860792249441147e-03 3.167987987399101257e-02 2.550199441611766815e-02 4.955745115876197815e-02 6.464134156703948975e-02 6.993428617715835571e-02 4.510901868343353271e-02 2.570766210556030273e-02 1.348667661659419537e-03 8.112589828670024872e-03 2.155205048620700836e-02 7.533708121627569199e-03 8.243932388722896576e-03 9.499311447143554688e-03 4.084231331944465637e-02 2.549516037106513977e-02 1.838850416243076324e-02 5.483420565724372864e-03 6.497166585177183151e-03 2.671603858470916748e-02 4.180555790662765503e-02 3.364466875791549683e-02 1.791527867317199707e-02 4.019357264041900635e-02 3.189520677551627159e-03 1.648041792213916779e-02 3.610320761799812317e-02 1.663884893059730530e-02 7.021083682775497437e-02 4.697726573795080185e-03 4.604705050587654114e-02 4.733496159315109253e-02 9.721457958221435547e-02 5.069648846983909607e-02 1.163495611399412155e-02 2.033162303268909454e-02 1.301661599427461624e-02 1.753379404544830322e-02 4.128067195415496826e-02 2.757350914180278778e-02 1.359520480036735535e-02 2.385589666664600372e-02 2.463365718722343445e-02 3.809750452637672424e-02 1.537097705295309424e-04 2.155257761478424072e-02 1.875962689518928528e-02 2.754871733486652374e-02 3.774484246969223022e-02 4.353222995996475220e-02 7.672377396374940872e-03 2.603058330714702606e-02 3.719858080148696899e-02 2.916015870869159698e-02 2.812339738011360168e-02 3.416441008448600769e-02 4.074881970882415771e-02 4.275611788034439087e-02 3.016640432178974152e-02 2.730113267898559570e-02 2.708016335964202881e-02 4.106997326016426086e-02 1.947527192533016205e-02 3.397026658058166504e-02 5.554897245019674301e-03 3.843903169035911560e-02 6.615221966058015823e-03 4.583020135760307312e-02 3.309954330325126648e-02 5.807315185666084290e-02 4.616483580321073532e-03 1.333126425743103027e-02 9.931631386280059814e-03 1.947854459285736084e-02
3.475420642644166946e-03 2.560738474130630493e-02 5.034958720207214355e-01 2.136841416358947754e-02 7.463524118065834045e-03 4.634741693735122681e-02 3.804303333163261414e-02 1.207527220249176025e-01 1.189905777573585510e-02 3.060020320117473602e-02 2.725006779655814171e-03 3.303792327642440796e-02 2.084928192198276520e-02 1.757839694619178772e-02 1.035365182906389236e-02 3.723555803298950195e-02 6.846650969237089157e-03 1.318483613431453705e-02 1.377612235955893993e-03 2.098738029599189758e-02 1.019691582769155502e-02 5.987545475363731384e-03 1.138541498221457005e-03 7.335226051509380341e-03 1.195778045803308487e-02 9.572858922183513641e-03 1.526547130197286606e-02 1.767181092873215675e-03 6.977966520935297012e-03 1.414710935205221176e-02 6.311232689768075943e-03 2.600674144923686981e-02 6.450060009956359863e-02 3.503349423408508301e-02 1.134028099477291107e-02 6.369472481310367584e-03 1.050628442317247391e-02 4.471034184098243713e-02 2.265982702374458313e-02 2.254178188741207123e-02 2.618408016860485077e-02 3.656593337655067444e-02 3.563696146011352539e-02 1.127460449934005737e-01 1.381435617804527283e-02 2.983978204429149628e-02 1.842940784990787506e-02 9.731903672218322754e-03 2.885279245674610138e-02 2.241392619907855988e-02 7.528579328209161758e-03 3.252945095300674438e-02 4.327654372900724411e-03 1.370113343000411987e-03 3.066833596676588058e-03 1.523464731872081757e-02 1.527032162994146347e-02 2.734653884544968605e-03 3.163917735219001770e-02 5.624242592602968216e-03 5.430822074413299561e-02 3.146823495626449585e-02 3.500755876302719116e-02 2.264727093279361725e-02 2.756326459348201752e-02 4.647095222026109695e-03 3.864562138915061951e-02 7.451776880770921707e-03 2.849992923438549042e-02 3.444682806730270386e-02 4.172751307487487793e-02 2.048140391707420349e-02 3.946456592530012131e-03 3.352103009819984436e-02 4.443793743848800659e-02 3.537260368466377258e-02 2.732581272721290588e-02 4.057255759835243225e-02 1.757987774908542633e-02 6.191236432641744614e-03 2.095400989055633545e-01 1.425061374902725220e-01 3.802318125963211060e-02 6.342246197164058685e-04 6.403944920748472214e-03 4.027183726429939270e-02 7.181111723184585571e-02 2.665335126221179962e-02 3.701571002602577209e-02 1.073118951171636581e-02 9.806704707443714142e-03 4.335573874413967133e-03 1.856799237430095673e-02 1.187880337238311768e-02 5.004237173125147820e-04 3.806118667125701904e-02 2.818742953240871429e-02 2.387624047696590424e-02 3.287286311388015747e-02 2.986015006899833679e-02 4.154010117053985596e-02 1.941795088350772858e-02 3.199998661875724792e-02 1.172460336238145828e-02 3.420513868331909180e-02 3.051002696156501770e-02 4.306494444608688354e-02 7.690094935242086649e-05 3.116996958851814270e-03 1.592341251671314240e-02 3.052557259798049927e-02 1.848182454705238342e-02 2.537425607442855835e-02 3.362826630473136902e-02 1.981731690466403961e-02 6.228575017303228378e-03
3.286785911768674850e-03 3.187662363052368164e-02 2.136841416358947754e-02 5.160773992538452148e-01 1.129110306501388550e-01 1.981648616492748260e-02 1.137540955096483231e-02 2.030160540016368032e-04 3.997249994426965714e-03 4.660303145647048950e-02 1.204409170895814896e-03 2.270760200917720795e-02 5.023940932005643845e-03 2.949581854045391083e-02 1.638280600309371948e-02 6.298888474702835083e-02 2.575119491666555405e-03 8.164836093783378601e-03 1.388125820085406303e-03 4.276400804519653320e-02 1.582907140254974365e-02 2.358482033014297485e-02 2.365614287555217743e-02 4.699882864952087402e-02 1.859285868704319000e-02 1.365419104695320129e-02 9.966431185603141785e-03 3.578085079789161682e-02 4.986998438835144043e-02 1.999176852405071259e-02 1.795271970331668854e-02 3.201220557093620300e-02 1.579812914133071899e-02 4.099077731370925903e-02 1.723671145737171173e-02 1.996540464460849762e-02 5.211322382092475891e-02 4.262481629848480225e-02 2.052870541810989380e-01 1.667375117540359497e-01 2.832665480673313141e-02 2.407374233007431030e-02 1.709102466702461243e-02 3.685611533001065254e-03 2.984568662941455841e-02 4.416653513908386230e-02 9.709764271974563599e-03 3.149599535390734673e-03 3.184595704078674316e-02 3.007635474205017090e-02 3.353760764002799988e-02 3.651925548911094666e-02 3.496370837092399597e-02 2.627692883834242821e-03 3.540300205349922180e-02 4.029368236660957336e-02 3.091546893119812012e-02 3.229789435863494873e-02 1.507474482059478760e-02 2.698785252869129181e-02 2.870035544037818909e-02 1.794511266052722931e-02 1.063384674489498138e-02 1.214423403143882751e-02 1.125889364629983902e-02 1.443760842084884644e-02 4.435658454895019531e-02 2.012864500284194946e-02 1.573735661804676056e-02 2.566889300942420959e-02 3.836485370993614197e-02 7.350482512265443802e-03 4.476129636168479919e-02 2.802554285153746605e-03 3.789203241467475891e-02 1.041754521429538727e-02 7.290904875844717026e-03 4.226638749241828918e-02 1.921201124787330627e-02 7.840376347303390503e-03 1.431661378592252731e-02 2.884718589484691620e-02 6.206589937210083008e-02 2.489021047949790955e-02 3.909786231815814972e-03 3.944365307688713074e-02 4.193087294697761536e-02 4.467054456472396851e-02 1.185608189553022385e-02 2.501127310097217560e-02 3.414865210652351379e-02 8.881664834916591644e-03 5.405918229371309280e-03 1.231570728123188019e-03 9.752190113067626953e-02 8.972955495119094849e-02 3.388140350580215454e-02 1.049994025379419327e-02 3.706438001245260239e-03 3.712926118168979883e-04 1.563334837555885315e-02 3.548702597618103027e-02 2.984938025474548340e-02 3.789512440562248230e-03 2.902776759583503008e-04 4.514455795288085938e-02 5.227443296462297440e-03 3.825363516807556152e-02 6.143276765942573547e-02 5.856174509972333908e-03 1.091736461967229843e-02 4.508558660745620728e-03 2.829787693917751312e-02 1.350436359643936157e-03 3.907179459929466248e-02 1.258413586765527725e-02
3.048742190003395081e-02 2.161094918847084045e-02 7.463524118065834045e-03 1.129110306501388550e-01 5.144653916358947754e-01 4.302494600415229797e-02 2.704434655606746674e-02 9.743110276758670807e-03 9.502942673861980438e-03 3.856902569532394409e-02 1.815078966319561005e-02 1.372940279543399811e-02 3.853992745280265808e-02 1.012397278100252151e-02 1.635394990444183350e-02 3.523598983883857727e-02 3.502706531435251236e-03 3.396096453070640564e-02 1.160679478198289871e-02 4.514907673001289368e-02 5.559062585234642029e-03 1.884702593088150024e-02 2.729889005422592163e-02 6.131743080914020538e-03 1.245783083140850067e-02 3.409184888005256653e-02 3.658975660800933838e-02 4.940972197800874710e-03 1.366587076336145401e-02 4.253197461366653442e-02 2.245388925075531006e-02 3.678090497851371765e-02 3.222107887268066406e-03 5.213802307844161987e-02 3.282080590724945068e-02 2.434781379997730255e-02 3.291064500808715820e-02 1.986804790794849396e-02 1.732412576675415039e-01 1.485007554292678833e-01 9.497087448835372925e-03 1.295000314712524414e-02 2.178623527288436890e-02 1.475014071911573410e-02 3.162068128585815430e-02 3.518713638186454773e-02 3.335073590278625488e-02 4.240225255489349365e-02 2.127378806471824646e-02 3.426321968436241150e-02 2.953338436782360077e-02 1.755800843238830566e-02 3.557546809315681458e-02 1.654930226504802704e-02 3.022069297730922699e-02 4.107680544257164001e-02 2.739017084240913391e-02 1.223182585090398788e-02 1.941082184202969074e-03 2.604958787560462952e-02 5.402993876487016678e-03 2.642786502838134766e-02 2.641178667545318604e-02 6.626439280807971954e-03 3.672342374920845032e-02 1.088788500055670738e-03 7.014252990484237671e-02 1.277494244277477264e-02 1.104728691279888153e-02 1.482362020760774612e-02 1.922313496470451355e-02 1.776864193379878998e-02 1.961694471538066864e-02 4.273307695984840393e-02 5.841523408889770508e-02 2.790467627346515656e-02 2.966420538723468781e-02 2.609046548604965210e-02 2.476847916841506958e-02 4.426505416631698608e-03 1.606187410652637482e-02 2.591704018414020538e-02 5.107678100466728210e-02 5.773946177214384079e-03 1.050599105656147003e-02 3.914508596062660217e-02 2.756697125732898712e-03 3.021316789090633392e-02 8.885867893695831299e-03 3.803039342164993286e-02 3.486730530858039856e-02 4.464999586343765259e-02 3.687474504113197327e-02 6.048238649964332581e-02 6.190397962927818298e-02 1.003864258527755737e-01 4.393359646201133728e-02 1.448547933250665665e-02 4.237014800310134888e-02 4.658386111259460449e-02 6.919696927070617676e-02 1.117309438996016979e-03 5.823235493153333664e-03 2.273057028651237488e-02 5.256110802292823792e-02 1.467625424265861511e-02 6.448626518249511719e-02 3.437468409538269043e-02 1.627685735002160072e-03 2.907774597406387329e-02 5.765717942267656326e-03 8.300727233290672302e-03 1.797488704323768616e-02 3.309754654765129089e-02 1.908462680876255035e-02 2.062285132706165314e-02
1.290543526411056519e-01 6.688234955072402954e-02 4.634741693735122681e-02 1.981648616492748260e-02 4.302494600415229797e-02 5.259222388267517090e-01 2.319760024547576904e-01 2.350099571049213409e-02 4.815817251801490784e-02 4.335919767618179321e-02 8.335725963115692139e-02 3.193319588899612427e-02 6.317350268363952637e-02 1.354444678872823715e-02 2.913403883576393127e-02 3.731571882963180542e-02 1.708263345062732697e-02 3.956291452050209045e-02 2.234035357832908630e-02 4.122040793299674988e-02 3.129777684807777405e-02 6.624575238674879074e-03 3.665559366345405579e-02 1.506054587662220001e-02 1.019478961825370789e-02 3.634814545512199402e-02 7.545582950115203857e-03 1.990625169128179550e-03 2.095274813473224640e-02 1.197117660194635391e-02 1.169092115014791489e-02 9.830312803387641907e-03 1.137106586247682571e-02 4.077260941267013550e-02 3.091724775731563568e-02 3.708671033382415771e-02 4.260857775807380676e-02 1.821378432214260101e-02 2.469902485609054565e-02 2.098997496068477631e-02 3.786609321832656860e-02 2.413519471883773804e-02 3.138611838221549988e-02 7.226556539535522461e-03 7.418000139296054840e-03 3.264343738555908203e-02 1.747101694345474243e-01 8.869835734367370605e-02 2.192024886608123779e-02 2.458045957610011101e-03 9.165907249553129077e-05 3.019233793020248413e-02 1.971660554409027100e-02 2.413784340023994446e-02 2.222242997959256172e-03 1.008821651339530945e-02 6.753905676305294037e-03 2.177266962826251984e-02 9.994909167289733887e-03 3.868976235389709473e-02 1.069504208862781525e-02 3.133001178503036499e-02 2.852847427129745483e-02 1.424525585025548935e-02 4.015991929918527603e-03 2.617830969393253326e-02 4.868541657924652100e-02 1.263565849512815475e-02 1.961963251233100891e-02 1.483703963458538055e-02 2.031393721699714661e-02 2.746311761438846588e-02 2.921770140528678894e-02 3.680592775344848633e-02 4.709810391068458557e-02 3.641184186562895775e-03 3.413429111242294312e-02 2.753387764096260071e-02 2.531379461288452148e-02 9.750138036906719208e-03 5.018947646021842957e-02 1.609844714403152466e-02 4.117782786488533020e-02 1.766544207930564880e-02 1.237954571843147278e-02 9.364472934976220131e-04 1.753950258716940880e-03 2.449136972427368164e-02 4.822796583175659180e-02 2.239827765151858330e-03 4.293769225478172302e-02 1.475883065722882748e-03 1.342822215519845486e-03 9.640247561037540436e-03 4.516995511949062347e-03 1.153037068434059620e-03 4.469460994005203247e-02 2.933688927441835403e-03 3.956643864512443542e-02 4.049180448055267334e-02 1.851198077201843262e-02 4.341423138976097107e-02 3.138018772006034851e-02 1.396961882710456848e-02 1.788902212865650654e-03 1.574069447815418243e-02 2.982458472251892090e-02 1.389144267886877060e-02 3.597242012619972229e-02 1.555610820651054382e-02 3.346484526991844177e-02 1.146481558680534363e-02 3.491503745317459106e-02 4.836227372288703918e-02 7.907728664577007294e-03 4.502293467521667480e-02
1.042297258973121643e-01 1.183058619499206543e-01 3.804303333163261414e-02 1.137540955096483231e-02 2.704434655606746674e-02 2.319760024547576904e-01 5.265513658523559570e-01 2.132958732545375824e-02 4.516052082180976868e-02 2.325602620840072632e-02 3.257782757282257080e-02 2.566467225551605225e-02 7.551304250955581665e-02 7.297557592391967773e-02 2.080282382667064667e-02 3.178220987319946289e-02 4.471927881240844727e-03 3.031437471508979797e-02 3.144709393382072449e-02 4.690806567668914795e-02 2.409388870000839233e-02 5.068861646577715874e-04 2.021783217787742615e-02 4.668663721531629562e-03 1.642144285142421722e-02 4.233284387737512589e-03 4.760972410440444946e-02 4.319475963711738586e-02 7.532126619480550289e-04 2.800459787249565125e-02 8.234910666942596436e-03 3.544675931334495544e-02 1.970523595809936523e-02 3.230529278516769409e-02 1.471712067723274231e-02 3.206643508747220039e-03 2.412378415465354919e-02 1.661872304975986481e-02 2.223158627748489380e-02 1.364847458899021149e-02 2.926203794777393341e-02 4.967763647437095642e-02 1.722980849444866180e-02 2.261646278202533722e-02 3.561235219240188599e-02 3.312153369188308716e-02 1.502401530742645264e-01 1.257901042699813843e-01 2.884114533662796021e-02 2.693525888025760651e-02 2.264923602342605591e-02 6.463007535785436630e-03 3.191158547997474670e-02 1.362700480967760086e-03 2.752235857769846916e-03 2.819455787539482117e-02 4.480071365833282471e-02 9.233139455318450928e-03 1.574716530740261078e-02 3.906473889946937561e-02 6.928830407559871674e-03 1.700757816433906555e-02 1.207872200757265091e-02 4.283025860786437988e-02 3.949764184653759003e-03 3.345694020390510559e-02 1.416251622140407562e-02 1.878594607114791870e-02 1.762006618082523346e-02 4.085016902536153793e-03 2.219535410404205322e-02 2.329486422240734100e-02 3.616671636700630188e-02 2.162686083465814590e-03 1.024404913187026978e-02 3.697635838761925697e-03 4.228589311242103577e-02 5.393963307142257690e-02 4.637893289327621460e-02 3.453256562352180481e-02 1.160565880127251148e-03 6.809342652559280396e-03 7.640014588832855225e-02 5.224266089498996735e-03 6.555634085088968277e-03 2.524524554610252380e-02 1.028196234256029129e-02 8.051989600062370300e-03 2.533712424337863922e-02 2.643109299242496490e-02 5.728208273649215698e-02 1.890897005796432495e-02 3.209081292152404785e-02 9.205857291817665100e-03 1.211176533252000809e-02 3.428366733714938164e-03 1.723954081535339355e-02 2.173173055052757263e-02 3.333224728703498840e-02 3.345325216650962830e-02 2.427319809794425964e-02 2.003116346895694733e-02 1.930221728980541229e-02 3.948054462671279907e-02 2.334755286574363708e-02 4.146311432123184204e-03 3.757261857390403748e-02 4.215962812304496765e-02 1.323463860899209976e-02 3.554504737257957458e-02 8.457382209599018097e-03 1.249138265848159790e-02 3.822806105017662048e-02 4.304141923785209656e-02 1.621142402291297913e-02 3.220787644386291504e-02
2.646119892597198486e-02 2.179370634257793427e-02 1.207527220249176025e-01 2.030160540016368032e-04 9.743110276758670807e-03 2.350099571049213409e-02 2.132958732545375824e-02 5.148963332176208496e-01 6.025868933647871017e-03 2.294173464179039001e-02 1.283272169530391693e-02 4.257978871464729309e-02 3.793074935674667358e-02 3.805321082472801208e-02 9.597393870353698730e-02 2.775201573967933655e-02 1.013823691755533218e-02 2.196239493787288666e-02 2.767432108521461487e-02 1.738608628511428833e-02 8.825906552374362946e-03 2.460790425539016724e-02 1.977849565446376801e-02 3.804107382893562317e-02 2.460077218711376190e-02 1.810478791594505310e-02 2.502247318625450134e-02 3.127088397741317749e-02 4.646027460694313049e-03 4.832168109714984894e-03 2.494840137660503387e-02 4.435770958662033081e-02 1.721464656293392181e-02 2.792742289602756500e-02 1.610596850514411926e-02 1.389864180237054825e-02 2.956767193973064423e-02 2.173358388245105743e-02 8.110791444778442383e-03 3.383361920714378357e-02 1.550233282614499331e-04 5.375461187213659286e-03 6.720745936036109924e-03 1.364883501082658768e-02 4.070329666137695312e-02 2.595469169318675995e-02 2.404387295246124268e-02 3.836938412860035896e-03 5.423004738986492157e-03 2.875074569601565599e-04 2.311928756535053253e-02 8.472819812595844269e-03 1.370139513164758682e-02 2.675210684537887573e-02 4.007887840270996094e-02 3.218347672373056412e-03 1.570497639477252960e-02 1.297722663730382919e-02 1.165422350168228149e-01 4.725906252861022949e-02 3.136600926518440247e-02 8.012226782739162445e-03 9.326686151325702667e-03 1.123968698084354401e-02 7.110136747360229492e-02 7.595424074679613113e-03 8.490904234349727631e-03 1.601923257112503052e-02 3.975399956107139587e-02 4.207328334450721741e-02 2.106256224215030670e-02 3.620596602559089661e-02 5.778667982667684555e-03 3.436933457851409912e-02 2.670617401599884033e-02 4.357378184795379639e-02 3.395319730043411255e-02 3.920780494809150696e-02 5.812034942209720612e-03 4.006343707442283630e-02 1.905024945735931396e-01 1.431203335523605347e-01 2.306827157735824585e-02 2.464641444385051727e-02 2.894747816026210785e-02 2.238221280276775360e-02 1.520579606294631958e-01 1.190921738743782043e-01 3.493955731391906738e-02 1.036844868212938309e-02 1.352449320256710052e-02 3.036500886082649231e-02 2.833546372130513191e-03 4.006371647119522095e-02 1.542425900697708130e-02 1.615191809833049774e-02 7.778123021125793457e-03 8.447150699794292450e-03 3.148939087986946106e-02 3.122652135789394379e-02 4.307337477803230286e-02 2.858851477503776550e-02 3.975484147667884827e-02 3.627706691622734070e-02 5.689446697942912579e-04 6.444742437452077866e-03 2.400921471416950226e-02 2.698099054396152496e-02 6.371772848069667816e-03 2.373857796192169189e-02 1.261486113071441650e-02 8.916647173464298248e-03 3.099646046757698059e-02 3.678172081708908081e-02 1.618563896045088768e-03 2.912588045001029968e-02
1.675804145634174347e-02 1.882112585008144379e-02 1.189905777573585510e-02 3.997249994426965714e-03 9.502942673861980438e-03 4.815817251801490784e-02 4.516052082180976868e-02 6.025868933647871017e-03 5.405085086822509766e-01 2.138091437518596649e-02 3.031591139733791351e-02 5.391164496541023254e-02 6.127065978944301605e-03 5.048550665378570557e-02 1.401298120617866516e-02 1.001838501542806625e-02 3.486392274498939514e-02 3.560779988765716553e-02 2.951914677396416664e-03 5.269989836961030960e-03 1.202736888080835342e-02 2.924482896924018860e-02 3.976435400545597076e-03 2.060789614915847778e-02 5.022577196359634399e-02 9.118089452385902405e-03 5.914093460887670517e-03 1.361737120896577835e-02 5.210561305284500122e-02 7.149394135922193527e-03 4.385467618703842163e-02 6.073918938636779785e-02 1.851356402039527893e-02 5.734245106577873230e-02 5.321671720594167709e-03 3.144526481628417969e-02 5.983625352382659912e-02 5.340875312685966492e-02 2.995455404743552208e-03 1.541759120300412178e-03 2.568645030260086060e-02 2.038764208555221558e-02 2.820104174315929413e-02 4.013675265014171600e-03 1.433752477169036865e-02 1.231283880770206451e-02 5.402560904622077942e-02 4.077688977122306824e-02 6.239942274987697601e-03 9.107832796871662140e-03 1.587985455989837646e-02 2.309872210025787354e-02 4.246645048260688782e-02 4.523670300841331482e-02 5.767532438039779663e-02 1.083714980632066727e-02 1.718523539602756500e-02 1.124383602291345596e-02 1.259931921958923340e-02 1.156346965581178665e-02 7.690520957112312317e-03 7.369134575128555298e-03 9.847424924373626709e-03 9.435688145458698273e-03 6.686098407953977585e-03 5.377912148833274841e-02 3.546467795968055725e-02 1.050377544015645981e-02 4.804421216249465942e-02 1.281407941132783890e-02 3.213380277156829834e-02 4.388479515910148621e-02 3.921252209693193436e-03 4.933072254061698914e-03 7.438838016241788864e-03 3.497081995010375977e-02 1.018389761447906494e-01 2.730484120547771454e-02 5.474814400076866150e-02 3.112121485173702240e-04 2.318387664854526520e-02 3.435583412647247314e-02 2.006349526345729828e-02 6.071422249078750610e-04 3.186236694455146790e-02 3.032283112406730652e-02 4.120608791708946228e-03 5.144392699003219604e-02 6.265264749526977539e-02 4.448324814438819885e-02 5.033871531486511230e-02 3.352174162864685059e-02 1.048680301755666733e-02 4.875619430094957352e-03 1.433137804269790649e-02 5.666700657457113266e-03 2.380331791937351227e-02 3.815727680921554565e-02 1.261570863425731659e-02 2.164535410702228546e-02 7.076704408973455429e-03 3.472062060609459877e-03 1.958660036325454712e-02 1.201014406979084015e-02 3.066343441605567932e-02 3.474174439907073975e-02 3.747569862753152847e-03 5.144656170159578323e-03 4.640323109924793243e-03 1.174153201282024384e-02 3.696235269308090210e-02 3.083197027444839478e-02 2.770971879363059998e-02 3.706039115786552429e-02 4.891478456556797028e-03 1.393631380051374435e-02
3.156644850969314575e-02 4.680174461100250483e-04 3.060020320117473602e-02 4.660303145647048950e-02 3.856902569532394409e-02 4.335919767618179321e-02 2.325602620840072632e-02 2.294173464179039001e-02 2.138091437518596649e-02 5.482794642448425293e-01 1.160743180662393570e-02 1.800730079412460327e-02 5.381796509027481079e-02 1.591201126575469971e-02 5.039974115788936615e-03 2.540642395615577698e-02 2.250501140952110291e-02 1.105055958032608032e-02 3.489925712347030640e-02 3.876025229692459106e-02 5.914027243852615356e-02 6.643232773058116436e-04 3.079728968441486359e-02 2.085083350539207458e-02 2.155694179236888885e-02 6.887695752084255219e-03 1.406821422278881073e-02 2.067716559395194054e-03 5.130498902872204781e-04 1.280920580029487610e-02 1.730334758758544922e-02 2.385784685611724854e-02 9.949943982064723969e-03 3.565424308180809021e-02 5.917022004723548889e-03 2.766332775354385376e-02 4.574705660343170166e-02 5.858639720827341080e-03 2.192661352455615997e-02 3.192066773772239685e-02 3.272770717740058899e-02 1.230154093354940414e-02 1.703627593815326691e-02 2.513818070292472839e-02 1.665949239395558834e-03 4.093627259135246277e-02 4.319814220070838928e-02 1.610669866204261780e-02 6.389672402292490005e-03 6.673819571733474731e-02 4.806734621524810791e-03 7.349194958806037903e-03 2.367572300136089325e-02 9.450770914554595947e-03 3.246843069791793823e-02 6.265475600957870483e-02 5.848831310868263245e-02 1.248248014599084854e-02 1.734930090606212616e-02 3.407548367977142334e-02 1.917099021375179291e-02 2.010814100503921509e-02 4.157539457082748413e-02 3.330712392926216125e-02 1.228842977434396744e-02 6.749846972525119781e-03 4.143818095326423645e-02 3.505584225058555603e-02 2.914085611701011658e-02 2.972795628011226654e-02 2.075831964612007141e-02 2.714615128934383392e-02 4.973920434713363647e-02 2.192992158234119415e-02 6.296467036008834839e-03 4.190004989504814148e-02 2.116591297090053558e-02 4.953426867723464966e-02 2.478871494531631470e-02 6.836937367916107178e-02 3.448900207877159119e-02 2.038782648742198944e-02 1.262397039681673050e-02 6.038983818143606186e-03 6.600294727832078934e-04 5.044165253639221191e-02 3.418412432074546814e-02 9.564951993525028229e-03 4.192266613245010376e-02 6.945832166820764542e-03 4.084252566099166870e-02 2.527598408050835133e-04 2.487898105755448341e-03 1.880279742181301117e-02 1.319534052163362503e-02 1.994724618270993233e-03 4.736920446157455444e-02 1.252094935625791550e-02 3.530318289995193481e-02 3.806370869278907776e-02 2.988835796713829041e-03 2.346532791852951050e-02 1.505590137094259262e-02 1.549041178077459335e-02 7.212397176772356033e-03 1.771798729896545410e-02 3.803418204188346863e-02 1.246155612170696259e-02 1.113593019545078278e-02 1.825567334890365601e-02 2.677185647189617157e-02 5.240493640303611755e-02 9.671792387962341309e-03 6.489422637969255447e-03 8.980871178209781647e-03 2.655155211687088013e-02
1.194277256727218628e-01 1.116389930248260498e-01 2.725006779655814171e-03 1.204409170895814896e-03 1.815078966319561005e-02 8.335725963115692139e-02 3.257782757282257080e-02 1.283272169530391693e-02 3.031591139733791351e-02 1.160743180662393570e-02 5.267070531845092773e-01 1.440529711544513702e-02 1.444922089576721191e-01 1.180400513112545013e-02 1.269955746829509735e-02 3.365684673190116882e-02 7.471273187547922134e-03 1.494803186506032944e-02 2.817355841398239136e-02 3.396436572074890137e-02 3.271232917904853821e-02 1.691966317594051361e-02 1.006699446588754654e-02 2.111404761672019958e-02 1.919608376920223236e-02 9.543976746499538422e-03 2.005549520254135132e-02 5.933538079261779785e-03 5.241551995277404785e-02 7.875183597207069397e-03 4.141603782773017883e-02 1.988109573721885681e-02 5.494058132171630859e-02 2.370205521583557129e-02 2.610263787209987640e-02 5.681128054857254028e-02 2.906809188425540924e-02 4.363291896879673004e-03 8.839235641062259674e-03 1.857592351734638214e-02 4.220325499773025513e-02 1.034690067172050476e-02 2.169140800833702087e-02 9.557516314089298248e-03 4.644841700792312622e-02 1.269311178475618362e-02 3.680609911680221558e-02 7.856033742427825928e-03 2.274190261960029602e-02 1.996750570833683014e-02 2.814898081123828888e-02 1.521770935505628586e-02 1.430610474199056625e-02 1.222402881830930710e-02 8.135579526424407959e-03 1.112410705536603928e-02 2.222571149468421936e-02 1.178397145122289658e-02 2.107207896187901497e-03 8.554075844585895538e-03 1.259336248040199280e-02 4.664968699216842651e-02 1.837195083498954773e-02 8.619622327387332916e-03 7.612086087465286255e-02 9.587836451828479767e-03 3.727186843752861023e-02 2.758414018899202347e-03 3.453983739018440247e-02 5.990071222186088562e-02 6.136135756969451904e-02 1.193799078464508057e-02 3.988788276910781860e-02 3.942715749144554138e-02 1.343386247754096985e-02 1.938404515385627747e-02 2.557869441807270050e-02 1.710805372567847371e-04 4.437698051333427429e-02 1.848663762211799622e-02 1.490528881549835205e-02 1.775899901986122131e-02 2.021042443811893463e-02 1.940372399985790253e-02 2.178512513637542725e-02 1.046065799891948700e-02 1.723338663578033447e-02 1.266262866556644440e-02 4.260560497641563416e-02 3.392767906188964844e-02 7.157562766224145889e-03 8.820219896733760834e-03 4.524847120046615601e-02 4.522414505481719971e-02 7.589672226458787918e-03 1.484988722950220108e-02 5.389327928423881531e-02 3.457335382699966431e-02 4.592271521687507629e-02 5.412629246711730957e-02 2.768957428634166718e-02 5.438032373785972595e-02 5.017887428402900696e-02 4.870067536830902100e-02 3.634867817163467407e-02 6.947535090148448944e-03 2.125461585819721222e-02 6.353326141834259033e-02 3.196615725755691528e-02 5.582530796527862549e-02 3.461884101852774620e-03 6.802760995924472809e-03 2.487342432141304016e-02 2.455495670437812805e-02 6.078561302274465561e-03 1.199636701494455338e-02
2.811681106686592102e-02 1.730168610811233521e-02 3.303792327642440796e-02 2.270760200917720795e-02 1.372940279543399811e-02 3.193319588899612427e-02 2.566467225551605225e-02 4.257978871464729309e-02 5.391164496541023254e-02 1.800730079412460327e-02 1.440529711544513702e-02 5.381179451942443848e-01 3.516897186636924744e-02 1.054759472608566284e-01 4.160013049840927124e-02 4.228124022483825684e-02 2.898078970611095428e-02 4.752804059535264969e-03 2.861483767628669739e-02 4.440506547689437866e-02 5.568523705005645752e-02 5.129566416144371033e-03 8.297310210764408112e-03 5.772508680820465088e-02 1.241697836667299271e-02 5.867302045226097107e-02 3.612042218446731567e-02 1.156869009137153625e-01 1.509236078709363937e-02 1.150774061679840088e-01 1.372554153203964233e-02 5.465317517518997192e-02 4.692554846405982971e-02 6.291942298412322998e-02 2.086820639669895172e-02 3.153389692306518555e-02 4.340507835149765015e-02 2.294078469276428223e-02 3.146939724683761597e-02 2.509761042892932892e-02 4.143844917416572571e-02 5.651767924427986145e-02 2.299929410219192505e-02 2.115686982870101929e-02 1.130543556064367294e-02 5.516352131962776184e-02 3.986605629324913025e-02 3.234969452023506165e-02 5.276122316718101501e-02 3.220608830451965332e-02 8.419401943683624268e-03 2.872961945831775665e-02 2.574691316112875938e-03 3.852189332246780396e-02 5.467389151453971863e-02 2.679820638149976730e-03 5.569209903478622437e-02 1.311178784817457199e-03 4.623465612530708313e-02 5.688311066478490829e-04 3.558914363384246826e-02 5.670804157853126526e-02 4.282432422041893005e-02 3.194999694824218750e-02 5.678711831569671631e-02 1.618519239127635956e-02 5.433598533272743225e-02 5.849689990282058716e-02 5.241494998335838318e-02 3.182362392544746399e-02 3.557298704981803894e-02 3.443706408143043518e-02 8.267304860055446625e-03 6.061568111181259155e-02 3.345038741827011108e-02 5.230963230133056641e-02 1.032526567578315735e-01 6.738861650228500366e-02 1.693498715758323669e-02 3.040194511413574219e-02 3.070708480663597584e-04 1.748263090848922729e-02 1.235906593501567841e-02 2.042945474386215210e-02 8.513255044817924500e-03 1.314638368785381317e-02 4.472097754478454590e-02 1.370856771245598793e-03 8.847916871309280396e-02 2.424012869596481323e-02 4.241185262799263000e-02 3.294124035164713860e-03 3.544680029153823853e-02 5.107295140624046326e-02 3.951969742774963379e-02 3.899005800485610962e-02 1.054103602655231953e-03 2.865768224000930786e-02 1.374600455164909363e-02 6.991355214267969131e-03 4.158866778016090393e-02 3.570168837904930115e-02 3.353336825966835022e-02 2.414332330226898193e-02 3.554152324795722961e-02 2.622507512569427490e-02 1.167053822427988052e-02 6.006772443652153015e-02 1.860894262790679932e-02 5.211569741368293762e-02 2.399251051247119904e-02 4.396970197558403015e-02 2.742998860776424408e-02 1.834733411669731140e-02 3.926626220345497131e-02 1.617403328418731689e-02
7.087629288434982300e-02 1.249273270368576050e-01 2.084928192198276520e-02 5.023940932005643845e-03 3.853992745280265808e-02 6.317350268363952637e-02 7.551304250955581665e-02 3.793074935674667358e-02 6.127065978944301605e-03 5.381796509027481079e-02 1.444922089576721191e-01 3.516897186636924744e-02 5.323027968406677246e-01 1.335797598585486412e-03 2.694789320230484009e-03 1.605530828237533569e-02 1.847274601459503174e-03 5.029467120766639709e-02 2.341469982638955116e-03 5.211114138364791870e-02 4.355030506849288940e-02 3.632874786853790283e-02 2.586053125560283661e-02 3.938185051083564758e-03 3.145569935441017151e-02 3.526497259736061096e-02 1.479151844978332520e-02 1.705689728260040283e-02 7.795163244009017944e-02 1.558515056967735291e-02 9.545148164033889771e-02 4.138816148042678833e-02 3.746852651238441467e-02 1.858414034359157085e-03 3.660145401954650879e-02 2.314830757677555084e-02 1.530779246240854263e-02 3.051604609936475754e-03 2.895150147378444672e-02 3.159633278846740723e-02 2.706221304833889008e-02 2.759364806115627289e-02 4.350070282816886902e-02 2.093210816383361816e-02 4.128253087401390076e-02 4.814585670828819275e-02 5.825155228376388550e-02 5.708739161491394043e-02 2.182536758482456207e-02 5.376057699322700500e-02 2.384024858474731445e-02 6.404092907905578613e-02 1.820117048919200897e-02 9.854182600975036621e-03 1.303633768111467361e-02 3.686995059251785278e-02 9.555038996040821075e-03 3.394147381186485291e-02 4.118392616510391235e-02 2.907057851552963257e-02 2.078542020171880722e-03 6.887925323098897934e-03 3.551166132092475891e-02 1.335606630891561508e-02 7.469739764928817749e-02 7.177585363388061523e-02 2.824880555272102356e-02 1.527724415063858032e-02 3.511727601289749146e-02 2.842694707214832306e-02 6.422352045774459839e-02 1.519318576902151108e-02 1.897379383444786072e-02 4.290946945548057556e-02 8.894857019186019897e-03 3.711166605353355408e-02 1.919890195131301880e-02 4.423075169324874878e-02 2.993769710883498192e-03 3.585016727447509766e-02 3.386576473712921143e-02 1.702525094151496887e-02 5.254881107248365879e-04 2.507376298308372498e-02 1.730126142501831055e-02 3.555425256490707397e-02 1.373582426458597183e-02 2.681755926460027695e-03 3.953969478607177734e-02 1.196193136274814606e-02 4.205654561519622803e-02 1.266208570450544357e-02 3.855344839394092560e-04 1.557148341089487076e-02 2.736937440931797028e-02 4.261152073740959167e-02 4.006495233625173569e-03 6.002479419112205505e-02 2.853150106966495514e-02 2.851220034062862396e-02 1.935566030442714691e-02 1.495365705341100693e-02 2.610653638839721680e-02 1.758631505072116852e-02 2.215519174933433533e-02 9.416345506906509399e-03 4.564759728964418173e-04 1.900538243353366852e-02 3.385096043348312378e-02 1.812930218875408173e-02 1.723533496260643005e-02 3.184335306286811829e-02 4.747972264885902405e-02 2.068503201007843018e-02 2.423889003694057465e-02 1.832632161676883698e-02
