4.921349585056304932e-01 1.041750013828277588e-01 1.100583281368017197e-02 2.845883555710315704e-02 1.311048958450555801e-02 6.921237707138061523e-02 3.198209404945373535e-02 4.729233682155609131e-03 4.080231115221977234e-02 2.464545145630836487e-02 1.203618869185447693e-01 1.303152274340391159e-02 8.229357004165649414e-02 2.259246446192264557e-02 3.306394070386886597e-02 2.232789993286132812e-04 1.298994570970535278e-02 5.402188398875296116e-04 3.877684846520423889e-02 5.100521817803382874e-02 2.940900623798370361e-02 1.456629135645925999e-03 1.227498985826969147e-02 4.284627363085746765e-02 3.071747533977031708e-02 3.097906894981861115e-02 2.189251966774463654e-02 4.465069249272346497e-02 5.932432040572166443e-02 2.741586975753307343e-02 5.743268877267837524e-02 1.553097926080226898e-02 4.006176069378852844e-02 1.726091955788433552e-03 5.083777755498886108e-02 1.328045316040515900e-02 2.949135191738605499e-02 1.442411635071039200e-02 2.386013604700565338e-02 3.129202872514724731e-02 9.907021187245845795e-03 1.692625321447849274e-02 5.524295195937156677e-02 1.406202092766761780e-02 1.187046803534030914e-02 5.053608119487762451e-02 8.447171002626419067e-02 1.081764604896306992e-02 5.620558559894561768e-02 3.093507885932922363e-02 3.953511640429496765e-02 2.692435868084430695e-02 3.955273702740669250e-02 3.080225735902786255e-02 1.585189253091812134e-02 4.545245319604873657e-02 1.522715319879353046e-04 6.577466428279876709e-02 1.609702780842781067e-02 5.190177820622920990e-03 3.424762561917304993e-02 2.619153633713722229e-02 4.276533797383308411e-02 2.447597682476043701e-02 1.198807824403047562e-02 3.690304607152938843e-02 2.096540294587612152e-02 6.190162384882569313e-04 2.498678863048553467e-02 1.703433878719806671e-02 4.328953102231025696e-02 5.184200033545494080e-02 7.466845214366912842e-03 3.483929112553596497e-02 3.601240366697311401e-02 3.943657036870718002e-03 4.204282537102699280e-02 4.852621629834175110e-02 3.265647590160369873e-02 7.345221936702728271e-03 7.030503451824188232e-02 5.582881718873977661e-02 1.077296212315559387e-02 1.561766862869262695e-02 3.858858719468116760e-02 1.156683312729001045e-03 4.676845297217369080e-02 3.344069048762321472e-02 3.566422685980796814e-02 3.449638560414314270e-02 8.116061240434646606e-02 6.932652555406093597e-03 3.050416335463523865e-02 4.160917922854423523e-02 3.081532567739486694e-02 3.379428386688232422e-02 8.207270875573158264e-03 4.762911237776279449e-03 7.949991151690483093e-03 4.691179841756820679e-02 3.356409445405006409e-02 1.226329430937767029e-02 5.198508128523826599e-02 3.940973803400993347e-02 1.852382160723209381e-02 1.067434065043926239e-02 1.393282972276210785e-02 1.206304784864187241e-02 1.563148200511932373e-02 8.087524771690368652e-02 1.454849261790513992e-02 4.441857710480690002e-02 7.670310325920581818e-03 1.319815404713153839e-02 1.628982648253440857e-02 1.336139906197786331e-02
1.041750013828277588e-01 4.952583312988281250e-01 2.359792590141296387e-02 2.388709224760532379e-02 1.767936721444129944e-02 1.097085699439048767e-01 6.588815897703170776e-02 7.433399092406034470e-03 1.179240085184574127e-02 6.202608346939086914e-03 4.407545924186706543e-02 4.319113120436668396e-02 1.340389847755432129e-01 2.203487604856491089e-02 4.160843417048454285e-02 4.416887462139129639e-02 3.375789895653724670e-02 2.859488315880298615e-02 3.574583446606993675e-03 4.878618195652961731e-02 3.402504324913024902e-02 3.268220694735646248e-03 3.643465787172317505e-02 8.531065541319549084e-04 3.159355744719505310e-02 4.081936925649642944e-02 2.196476235985755920e-02 4.808617383241653442e-02 2.904890105128288269e-02 9.070808882825076580e-04 1.089784428477287292e-01 4.591722041368484497e-02 2.485473081469535828e-02 4.396921396255493164e-02 2.596834860742092133e-02 3.273457288742065430e-02 3.561073914170265198e-02 2.194073610007762909e-02 3.981155157089233398e-02 3.323615342378616333e-02 4.713478684425354004e-02 3.399493545293807983e-02 2.183105424046516418e-02 5.187852773815393448e-03 5.346729978919029236e-02 2.790677361190319061e-02 8.501736819744110107e-02 3.827333822846412659e-02 9.198460727930068970e-03 2.468462660908699036e-02 4.137034341692924500e-02 4.353279247879981995e-02 4.337362200021743774e-02 4.309423267841339111e-02 1.072039012797176838e-03 9.529440663754940033e-03 2.639189828187227249e-03 1.631127111613750458e-02 2.877826243638992310e-02 9.391251020133495331e-03 4.251634702086448669e-02 4.101890604943037033e-03 4.074985906481742859e-02 6.930568255484104156e-03 1.032374426722526550e-02 7.870086282491683960e-02 4.171116277575492859e-02 3.866589814424514771e-02 2.293668873608112335e-02 3.359724581241607666e-02 1.973861455917358398e-02 4.772650077939033508e-02 1.523712463676929474e-02 3.242786973714828491e-02 7.040397822856903076e-02 3.654064610600471497e-02 4.282983951270580292e-03 4.058155789971351624e-02 5.070243403315544128e-02 2.626629360020160675e-02 2.291086316108703613e-02 6.908527109771966934e-03 3.362057730555534363e-02 4.501745849847793579e-02 2.074434794485569000e-02 2.870310097932815552e-02 2.436349354684352875e-02 4.018749669194221497e-02 4.611202050000429153e-03 5.402399972081184387e-02 1.722297258675098419e-02 2.031562291085720062e-02 8.100514858961105347e-02 2.602626755833625793e-02 4.207930713891983032e-02 1.140048075467348099e-02 1.391779910773038864e-02 1.241090707480907440e-02 2.770577743649482727e-02 3.908712044358253479e-02 3.929353784769773483e-03 9.221803396940231323e-03 4.920696467161178589e-02 8.532217703759670258e-03 4.592562839388847351e-02 9.599341079592704773e-03 2.587568946182727814e-02 9.236443787813186646e-03 6.943133473396301270e-02 1.231237873435020447e-02 4.990667849779129028e-02 2.687324024736881256e-02 3.275768086314201355e-02 4.408893734216690063e-02 3.180161118507385254e-02 3.745464608073234558e-02
1.100583281368017197e-02 2.359792590141296387e-02 4.725007414817810059e-01 1.926853507757186890e-02 2.139396406710147858e-02 8.794642984867095947e-03 2.324156276881694794e-02 1.772424280643463135e-01 1.798819005489349365e-02 1.906227506697177887e-02 1.731149666011333466e-02 2.820969093590974808e-04 1.377955172210931778e-02 3.522290289402008057e-02 7.421686314046382904e-03 1.914937049150466919e-02 1.953019015491008759e-02 4.030463099479675293e-02 2.779497765004634857e-03 2.322868444025516510e-02 4.294921085238456726e-02 6.292563863098621368e-03 4.741739481687545776e-02 3.232285752892494202e-02 1.821117475628852844e-02 2.171294018626213074e-02 4.060286656022071838e-02 3.833775222301483154e-02 4.217966273427009583e-02 4.002341255545616150e-02 1.906912028789520264e-02 2.217869088053703308e-02 4.164541140198707581e-02 1.547960471361875534e-02 3.659975901246070862e-02 2.044664137065410614e-02 3.943999856710433960e-02 6.967381387948989868e-02 1.781227067112922668e-02 1.154932938516139984e-02 3.093989938497543335e-02 1.201087889057816938e-05 3.047418594360351562e-02 2.153339050710201263e-02 3.796865046024322510e-02 3.184106945991516113e-02 2.236787043511867523e-02 5.688713863492012024e-03 4.821646958589553833e-02 4.104876890778541565e-02 1.568121649324893951e-02 2.024130523204803467e-02 3.686872869729995728e-02 1.355256605893373489e-02 3.111577033996582031e-02 2.491340227425098419e-02 2.827408257871866226e-03 2.205988392233848572e-02 1.387005392462015152e-02 1.063071843236684799e-02 5.158232524991035461e-03 1.286391052417457104e-03 1.906053745187819004e-03 3.182346746325492859e-02 1.071398798376321793e-02 3.770841751247644424e-03 1.063238736242055893e-02 5.446533672511577606e-03 3.334621712565422058e-02 1.863814704120159149e-02 5.588112398982048035e-02 3.508134186267852783e-02 1.145433261990547180e-02 2.607511356472969055e-02 3.299612551927566528e-02 6.444385740906000137e-03 2.450716448947787285e-03 2.118533290922641754e-02 4.245163500308990479e-02 2.818788401782512665e-02 8.568295836448669434e-02 3.558215871453285217e-02 1.537474431097507477e-02 1.218618825078010559e-02 4.896124824881553650e-02 1.486373506486415863e-02 5.610595270991325378e-02 1.829863898456096649e-02 3.968894481658935547e-02 4.216405563056468964e-03 3.136800229549407959e-02 4.468273371458053589e-02 2.086760103702545166e-02 4.002854600548744202e-02 5.279270932078361511e-02 2.979940548539161682e-02 1.991890370845794678e-02 4.189592599868774414e-02 2.624263614416122437e-02 3.282568184658885002e-03 5.277993530035018921e-02 2.621816843748092651e-02 3.735217824578285217e-02 5.178925767540931702e-02 3.099461272358894348e-02 8.707825094461441040e-03 2.685793302953243256e-02 4.610710591077804565e-02 9.995231404900550842e-03 4.209788516163825989e-02 4.989646002650260925e-02 6.893226504325866699e-02 3.789525479078292847e-03 8.670288138091564178e-03 1.273514516651630402e-02 4.442403465509414673e-02
2.845883555710315704e-02 2.388709224760532379e-02 1.926853507757186890e-02 4.873164594173431396e-01 5.196049809455871582e-02 9.661782532930374146e-03 3.241946455091238022e-03 6.751894485205411911e-03 2.986104972660541534e-02 5.088182538747787476e-02 3.310276567935943604e-02 4.343742132186889648e-02 3.855874761939048767e-02 4.554382711648941040e-02 1.111895870417356491e-02 7.128515746444463730e-03 1.572037674486637115e-02 1.968496479094028473e-02 2.431491948664188385e-02 3.770086681470274925e-03 4.795821756124496460e-02 4.214229120407253504e-04 8.328295312821865082e-03 1.894620247185230255e-02 3.207078576087951660e-02 1.838493742980062962e-03 1.831948757171630859e-02 2.092923037707805634e-02 1.262818183749914169e-02 2.443883009254932404e-02 4.363105818629264832e-02 2.384183928370475769e-02 5.409568175673484802e-02 3.455444052815437317e-02 4.293994233012199402e-02 2.478054724633693695e-02 1.686425693333148956e-02 2.682349272072315216e-02 1.166560649871826172e-01 1.871271617710590363e-02 1.267155911773443222e-02 1.136374473571777344e-02 1.530157960951328278e-02 3.315833397209644318e-03 1.524003408849239349e-02 4.042004421353340149e-02 7.128523197025060654e-03 2.890050224959850311e-02 3.581356629729270935e-02 4.447432979941368103e-02 2.015317417681217194e-02 2.494349330663681030e-02 2.819431712850928307e-03 2.385540120303630829e-02 5.426813289523124695e-02 1.123402360826730728e-02 2.524489350616931915e-02 3.419044613838195801e-02 1.821796782314777374e-02 1.992977224290370941e-02 2.928095497190952301e-02 3.831525519490242004e-02 2.079547569155693054e-02 1.804207917302846909e-03 3.844420239329338074e-02 1.803749985992908478e-02 1.556578464806079865e-02 1.032784115523099899e-03 3.346514701843261719e-02 3.387097269296646118e-02 3.083507530391216278e-02 1.496806088835000992e-02 1.667933464050292969e-01 2.675852365791797638e-02 1.333215385675430298e-01 1.254505570977926254e-02 3.518432751297950745e-02 2.316461130976676941e-02 4.037939012050628662e-02 1.770782843232154846e-02 1.807495835237205029e-03 4.864929243922233582e-03 7.255037873983383179e-02 1.324555650353431702e-02 3.629821538925170898e-02 5.025415495038032532e-02 3.811606764793395996e-02 2.244917117059230804e-02 1.890316023491322994e-03 3.541123867034912109e-02 1.348847616463899612e-02 4.948602989315986633e-02 5.248825065791606903e-03 4.120275750756263733e-02 4.479810595512390137e-02 3.700933186337351799e-03 2.493420243263244629e-02 2.923334389925003052e-02 9.317779913544654846e-03 1.791409403085708618e-02 5.304164811968803406e-02 5.506134778261184692e-02 5.197692662477493286e-03 4.825048521161079407e-02 1.600189134478569031e-02 1.530296169221401215e-02 3.523703664541244507e-02 4.231700301170349121e-02 6.767150759696960449e-02 3.542389348149299622e-02 1.681217364966869354e-02 2.944007888436317444e-02 2.397659793496131897e-02 1.746826618909835815e-02 1.919366046786308289e-02 1.763237081468105316e-02
1.311048958450555801e-02 1.767936721444129944e-02 2.139396406710147858e-02 5.196049809455871582e-02 4.749520421028137207e-01 7.088900078088045120e-03 3.668043762445449829e-02 2.145355567336082458e-03 8.689098060131072998e-03 1.925531215965747833e-02 1.771172694861888885e-02 5.453580245375633240e-02 6.435770541429519653e-03 2.741511538624763489e-02 1.604100875556468964e-02 1.283977460116147995e-02 2.817468531429767609e-02 2.849355526268482208e-02 5.710602924227714539e-02 1.605397462844848633e-02 2.890628203749656677e-02 3.945175558328628540e-03 2.978345751762390137e-02 4.598604515194892883e-02 1.315586082637310028e-02 5.121194198727607727e-02 3.089229576289653778e-02 6.157382857054471970e-03 2.135050110518932343e-02 2.924646623432636261e-02 4.093986749649047852e-02 1.308850944042205811e-02 2.547846920788288116e-02 3.002051089424639940e-04 3.321191295981407166e-02 1.806678436696529388e-02 3.072453290224075317e-02 2.360078319907188416e-02 1.397270895540714264e-02 1.426217406988143921e-01 2.135895192623138428e-02 3.978677466511726379e-02 1.438174583017826080e-02 2.903812564909458160e-02 3.721514716744422913e-02 2.636053971946239471e-02 1.596156880259513855e-02 3.744366019964218140e-02 1.206566113978624344e-02 1.192585658282041550e-02 1.859586499631404877e-02 2.833660226315259933e-03 4.792416840791702271e-02 8.693763986229896545e-03 1.124047767370939255e-02 1.342954672873020172e-02 3.401328623294830322e-02 2.364283986389636993e-02 1.291454210877418518e-02 5.105635616928339005e-03 3.386935591697692871e-02 7.087182253599166870e-02 1.251502241939306259e-02 3.852816671133041382e-02 3.905405849218368530e-02 4.565652087330818176e-02 1.668303273618221283e-02 3.950721118599176407e-03 3.672031313180923462e-02 6.181947886943817139e-03 2.039435319602489471e-02 2.391895465552806854e-02 3.494610777124762535e-03 2.515788190066814423e-02 7.827816903591156006e-02 1.657048799097537994e-02 4.554941505193710327e-02 2.846707217395305634e-02 2.031222917139530182e-02 1.052786223590373993e-02 2.628935966640710831e-03 5.041256081312894821e-03 7.374070584774017334e-02 9.902115166187286377e-02 4.328251630067825317e-02 3.993284329771995544e-02 2.666911669075489044e-02 3.977680578827857971e-02 3.334156423807144165e-02 4.948231205344200134e-02 4.514186829328536987e-02 4.963479191064834595e-02 2.281318232417106628e-02 1.831931993365287781e-02 1.577782817184925079e-02 4.336928203701972961e-02 3.837024793028831482e-02 1.944630406796932220e-02 4.752887785434722900e-02 3.431441262364387512e-02 6.677127443253993988e-03 2.790326438844203949e-02 1.015546638518571854e-02 4.731571301817893982e-02 3.817388787865638733e-02 4.560685902833938599e-02 1.006733812391757965e-02 3.287938982248306274e-02 3.084792383015155792e-02 2.796623669564723969e-02 1.064221374690532684e-03 5.690227821469306946e-02 7.417704182444140315e-05 4.367924481630325317e-02 1.739853620529174805e-02 8.610392920672893524e-03
6.921237707138061523e-02 1.097085699439048767e-01 8.794642984867095947e-03 9.661782532930374146e-03 7.088900078088045120e-03 4.958290457725524902e-01 1.654325425624847412e-01 3.098194301128387451e-02 4.791809245944023132e-02 9.947846643626689911e-03 1.637262850999832153e-02 2.609923481941223145e-02 3.763686493039131165e-02 1.457334216684103012e-02 1.324489898979663849e-02 3.595356643199920654e-02 3.785686194896697998e-02 3.496887534856796265e-02 2.479690825566649437e-03 1.473991107195615768e-02 3.762485086917877197e-02 4.211907740682363510e-03 8.252962492406368256e-03 2.966079488396644592e-02 4.555615037679672241e-02 4.490564391016960144e-02 3.871680796146392822e-02 6.272732466459274292e-02 1.369119738228619099e-03 3.309746831655502319e-02 1.256611645221710205e-01 2.131265215575695038e-02 3.354395180940628052e-02 3.467789292335510254e-02 1.593043841421604156e-02 1.578755490481853485e-02 2.485275268554687500e-02 1.771927624940872192e-02 2.212882786989212036e-02 4.132391768507659435e-04 5.074996501207351685e-02 3.752770647406578064e-02 4.176556691527366638e-02 4.031066969037055969e-02 4.129988700151443481e-02 1.964585855603218079e-02 1.066005080938339233e-01 1.584990508854389191e-02 1.477655721828341484e-03 1.162562519311904907e-02 1.688392646610736847e-02 1.499568670988082886e-02 1.044328138232231140e-02 3.078352287411689758e-02 2.714948169887065887e-02 4.200175777077674866e-02 1.220584474503993988e-02 4.734225198626518250e-02 4.173796623945236206e-02 2.808493003249168396e-02 4.666280001401901245e-02 3.128923103213310242e-02 2.410760708153247833e-02 2.756600640714168549e-02 1.611457392573356628e-02 8.883669972419738770e-02 4.398857709020376205e-03 1.582864858210086823e-02 4.528572782874107361e-02 3.435314819216728210e-02 1.244206074625253677e-02 3.966002911329269409e-02 2.691488014534115791e-03 3.371073678135871887e-02 4.460348933935165405e-02 1.251253113150596619e-02 4.028298333287239075e-02 3.503664955496788025e-02 3.388260677456855774e-02 1.992949098348617554e-02 3.193541988730430603e-02 2.175482921302318573e-02 2.348737616557627916e-04 3.201035037636756897e-02 1.256102928891777992e-03 2.620658464729785919e-02 7.955542532727122307e-04 3.066456504166126251e-02 4.436093196272850037e-02 9.768511354923248291e-02 1.017773058265447617e-02 1.708042062819004059e-02 2.417724346742033958e-03 4.500309005379676819e-02 4.307108372449874878e-02 2.089189365506172180e-02 1.700190082192420959e-02 3.408635035157203674e-02 8.518594317138195038e-03 1.452002441510558128e-03 2.011051960289478302e-02 2.167124673724174500e-02 3.313181549310684204e-02 7.185688707977533340e-03 3.742304816842079163e-02 1.377628277987241745e-02 3.313056658953428268e-03 2.022436261177062988e-02 2.549015544354915619e-02 5.178825929760932922e-03 5.039649084210395813e-03 4.691309854388237000e-02 4.689798131585121155e-02 1.589096151292324066e-02 2.294206060469150543e-03 3.656024858355522156e-02
3.198209404945373535e-02 6.588815897703170776e-02 2.324156276881694794e-02 3.241946455091238022e-03 3.668043762445449829e-02 1.654325425624847412e-01 5.025248527526855469e-01 3.824395686388015747e-02 6.873815786093473434e-03 5.386858060956001282e-02 5.173508450388908386e-02 3.733347356319427490e-02 2.378679253160953522e-02 2.043760940432548523e-02 4.513644799590110779e-02 4.013187438249588013e-02 4.861458763480186462e-02 2.091007493436336517e-02 4.238975420594215393e-02 1.949037425220012665e-02 5.079040303826332092e-03 4.308786243200302124e-02 2.032822370529174805e-02 5.101113021373748779e-02 7.911693304777145386e-03 2.710343152284622192e-02 3.386256843805313110e-02 1.880774274468421936e-02 3.885721787810325623e-02 7.568319328129291534e-03 1.674106903374195099e-02 1.018170546740293503e-02 1.887522637844085693e-02 3.812456561718136072e-04 1.466952636837959290e-02 1.816254481673240662e-02 2.242122963070869446e-02 4.551227390766143799e-02 9.434198029339313507e-03 4.376853257417678833e-02 4.825455322861671448e-02 4.319119825959205627e-02 2.139808796346187592e-02 3.157373517751693726e-02 3.884628042578697205e-02 1.440208777785301208e-02 1.447477638721466064e-01 1.377063095569610596e-01 4.744452983140945435e-02 4.054947197437286377e-02 2.026693336665630341e-02 1.441036257892847061e-02 2.452729828655719757e-02 4.269988089799880981e-02 2.066331543028354645e-02 4.737097304314374924e-03 3.526102006435394287e-02 3.033930622041225433e-02 1.780165918171405792e-02 2.118920721113681793e-02 1.587258279323577881e-02 2.338958345353603363e-02 9.929748252034187317e-03 1.743589714169502258e-02 5.948671326041221619e-02 6.659314781427383423e-02 1.497203670442104340e-02 1.607143878936767578e-02 3.753883391618728638e-02 2.833612635731697083e-02 4.021381214261054993e-02 1.940088346600532532e-02 4.181470721960067749e-02 6.772682070732116699e-03 7.541812956333160400e-04 7.044046185910701752e-03 2.960734441876411438e-02 3.366675600409507751e-02 4.986233264207839966e-02 2.158187795430421829e-03 1.167275477200746536e-02 2.699199132621288300e-02 1.157729700207710266e-02 3.032112494111061096e-02 1.331785414367914200e-02 9.388712234795093536e-03 3.487423062324523926e-02 1.656587235629558563e-02 1.572509482502937317e-02 1.296594440937042236e-01 8.896194398403167725e-02 4.304057359695434570e-02 3.997662663459777832e-02 4.463528282940387726e-03 2.510900236666202545e-02 1.780783571302890778e-02 1.711644418537616730e-02 5.063939373940229416e-03 1.239189784973859787e-02 1.086506899446249008e-02 4.142785444855690002e-02 4.380514845252037048e-02 2.666954509913921356e-02 1.228973362594842911e-02 2.254202216863632202e-02 3.702335059642791748e-02 4.195903241634368896e-02 3.018542192876338959e-02 4.136336594820022583e-02 6.357090082019567490e-03 8.788308128714561462e-03 4.217933490872383118e-02 4.484232515096664429e-02 6.550075951963663101e-03 9.171985089778900146e-03 1.368267275393009186e-02
4.729233682155609131e-03 7.433399092406034470e-03 1.772424280643463135e-01 6.751894485205411911e-03 2.145355567336082458e-03 3.098194301128387451e-02 3.824395686388015747e-02 4.735737442970275879e-01 3.789028525352478027e-02 3.187998384237289429e-02 3.361425548791885376e-02 1.470179669559001923e-02 3.139822930097579956e-02 3.345273435115814209e-02 1.100382655858993530e-01 4.911870136857032776e-02 2.514834702014923096e-02 1.596141606569290161e-02 2.843234874308109283e-02 1.128138275817036629e-03 5.115725100040435791e-02 7.142991758882999420e-03 2.834207564592361450e-02 4.456835240125656128e-02 3.164474619552493095e-03 2.886663563549518585e-02 2.531486377120018005e-02 2.790347859263420105e-02 3.461004421114921570e-02 3.901614621281623840e-02 1.648110523819923401e-02 4.348563030362129211e-02 3.548827022314071655e-02 2.434960566461086273e-02 3.082635812461376190e-02 3.019074536859989166e-02 6.929893861524760723e-04 1.074213758111000061e-01 3.505817428231239319e-02 4.678878188133239746e-02 4.879593849182128906e-02 2.794991992413997650e-02 4.825449362397193909e-02 3.710744529962539673e-02 3.847317025065422058e-02 3.983235359191894531e-02 1.413055695593357086e-02 3.375948593020439148e-02 4.170363768935203552e-02 2.982818335294723511e-02 2.422987110912799835e-02 1.049232110381126404e-02 2.735251747071743011e-02 1.703179441392421722e-03 1.271692337468266487e-03 6.393090635538101196e-02 2.238027192652225494e-02 7.752403616905212402e-03 4.499614611268043518e-02 1.148354448378086090e-02 1.237935759127140045e-02 2.468087151646614075e-02 2.675163559615612030e-02 1.931900344789028168e-02 3.976456075906753540e-02 1.670523919165134430e-02 3.160636639222502708e-03 1.709833368659019470e-02 4.339848086237907410e-02 1.871735230088233948e-02 2.909286506474018097e-02 1.825119368731975555e-02 1.436248421669006348e-02 1.719960011541843414e-02 2.196914143860340118e-02 3.754578158259391785e-02 2.971434965729713440e-02 1.059720199555158615e-02 9.386522579006850719e-04 1.664168946444988251e-02 1.203170940279960632e-01 1.791469566524028778e-02 2.594182826578617096e-02 1.242185197770595551e-02 3.656606003642082214e-02 4.639270901679992676e-02 1.056647747755050659e-01 4.157651588320732117e-02 6.374680250883102417e-02 1.473263744264841080e-02 2.329879812896251678e-02 1.882180199027061462e-02 3.956501930952072144e-02 1.430914178490638733e-02 3.263873979449272156e-02 3.181827813386917114e-02 2.438393421471118927e-02 1.369189843535423279e-02 2.998431958258152008e-02 7.980917580425739288e-03 2.590957470238208771e-02 3.549080342054367065e-02 2.822384238243103027e-02 4.370712861418724060e-02 1.275905221700668335e-02 3.567767143249511719e-02 4.223968088626861572e-02 2.784504741430282593e-02 2.098649367690086365e-02 3.667801618576049805e-02 6.913451105356216431e-02 3.801458328962326050e-02 4.450544342398643494e-02 8.758599869906902313e-03 1.033961772918701172e-02 1.560058817267417908e-02
4.080231115221977234e-02 1.179240085184574127e-02 1.798819005489349365e-02 2.986104972660541534e-02 8.689098060131072998e-03 4.791809245944023132e-02 6.873815786093473434e-03 3.789028525352478027e-02 5.101321339607238770e-01 5.951279401779174805e-02 4.500772338360548019e-03 4.411237314343452454e-02 1.383075863122940063e-02 5.047030374407768250e-02 4.510836303234100342e-02 3.274388238787651062e-02 1.082989666610956192e-02 9.071961790323257446e-02 4.878108575940132141e-02 5.014744400978088379e-02 3.834389522671699524e-02 8.273808285593986511e-03 4.083507508039474487e-02 1.873320341110229492e-02 5.701286718249320984e-02 3.474927321076393127e-02 5.098670721054077148e-03 1.700523681938648224e-02 3.804850950837135315e-02 9.832400828599929810e-03 1.862244866788387299e-02 5.487737804651260376e-02 1.284659467637538910e-02 2.813324891030788422e-02 1.061302330344915390e-02 4.574153199791908264e-02 2.276106365025043488e-02 3.064372390508651733e-02 3.628911077976226807e-02 9.722555987536907196e-03 3.286516666412353516e-02 5.292311543598771095e-04 1.944413594901561737e-02 3.175370022654533386e-02 2.141932636732235551e-04 3.862792253494262695e-02 2.411973662674427032e-02 3.384327888488769531e-02 1.770735718309879303e-02 2.585674077272415161e-02 1.847804337739944458e-02 3.001066856086254120e-02 3.066173568367958069e-02 4.123125970363616943e-02 8.536939322948455811e-02 1.715636812150478363e-02 5.881653167307376862e-03 2.495699748396873474e-02 5.164084210991859436e-02 5.252023786306381226e-02 8.807658404111862183e-02 5.018007755279541016e-02 3.907491266727447510e-02 3.363294526934623718e-02 5.211297422647476196e-02 3.197820484638214111e-02 3.191131725907325745e-02 4.491481184959411621e-02 4.756059497594833374e-02 3.208942338824272156e-02 4.208958148956298828e-02 6.432008463889360428e-03 5.226470902562141418e-02 1.214735954999923706e-02 1.606401056051254272e-02 3.696553409099578857e-02 1.133923307061195374e-01 4.077860713005065918e-02 2.525029331445693970e-02 1.675249822437763214e-02 3.330366685986518860e-02 1.884755678474903107e-02 1.018191352486610413e-01 3.762645274400711060e-02 1.195094548165798187e-02 1.323714619502425194e-03 1.377388183027505875e-02 1.130571239627897739e-03 5.208578333258628845e-02 5.245555192232131958e-02 2.119895443320274353e-02 1.031634677201509476e-02 2.890642173588275909e-02 2.186560258269309998e-02 3.422772884368896484e-02 1.955407112836837769e-02 3.062066808342933655e-02 2.198566310107707977e-02 3.170436620712280273e-02 2.292042225599288940e-02 2.825936675071716309e-02 3.070423554163426161e-04 4.292016476392745972e-02 2.655463851988315582e-02 2.929904498159885406e-02 4.923566430807113647e-02 4.380357451736927032e-03 1.429396308958530426e-02 2.596770040690898895e-02 1.485418644733726978e-03 4.476992413401603699e-02 1.453667180612683296e-03 3.763034939765930176e-02 2.097513340413570404e-02 3.803920000791549683e-03 2.282010391354560852e-03
2.464545145630836487e-02 6.202608346939086914e-03 1.906227506697177887e-02 5.088182538747787476e-02 1.925531215965747833e-02 9.947846643626689911e-03 5.386858060956001282e-02 3.187998384237289429e-02 5.951279401779174805e-02 5.168986320495605469e-01 1.621500030159950256e-02 5.566204339265823364e-02 1.467757765203714371e-02 1.307971589267253876e-02 2.834671735763549805e-02 1.270353910513222218e-03 2.225868403911590576e-02 6.630869209766387939e-02 8.066787570714950562e-02 4.731775820255279541e-02 3.114463575184345245e-02 3.670112788677215576e-02 5.792303942143917084e-03 1.655948348343372345e-02 3.755885735154151917e-02 7.730178069323301315e-03 2.538827992975711823e-02 3.657338768243789673e-02 4.554638266563415527e-02 2.222385816276073456e-02 4.872515052556991577e-02 2.333267405629158020e-02 3.052113391458988190e-02 1.018588803708553314e-02 5.679146852344274521e-04 3.871280699968338013e-02 3.564607119187712669e-03 4.773303493857383728e-02 5.554778128862380981e-02 6.695555988699197769e-03 2.707077190279960632e-02 2.501044236123561859e-02 2.904009260237216949e-02 1.612560078501701355e-02 2.175375353544950485e-03 2.687183953821659088e-02 4.800695553421974182e-02 1.209459081292152405e-02 3.088048845529556274e-02 6.358940154314041138e-02 4.357684776186943054e-02 1.117346226237714291e-03 1.658112369477748871e-02 2.819298394024372101e-02 6.158591806888580322e-02 7.187999039888381958e-02 1.289285812526941299e-02 6.502714008092880249e-02 4.971727728843688965e-02 5.041107162833213806e-02 4.555516317486763000e-02 6.605459004640579224e-02 3.537349030375480652e-02 3.395054489374160767e-02 2.377846091985702515e-02 1.882508955895900726e-02 5.649547651410102844e-02 3.537406399846076965e-02 1.607223413884639740e-02 2.593421004712581635e-02 2.779207751154899597e-02 2.749827131628990173e-02 7.767621427774429321e-03 8.605508133769035339e-03 4.346380382776260376e-02 2.004318870604038239e-02 3.875522688031196594e-02 6.762252748012542725e-02 5.410550534725189209e-02 9.845818579196929932e-02 2.829693257808685303e-02 9.416175074875354767e-03 2.982955984771251678e-02 5.034759268164634705e-02 8.707357570528984070e-03 4.935407266020774841e-02 1.158112543635070324e-03 4.501841589808464050e-02 4.285529255867004395e-02 3.806792199611663818e-02 1.518657617270946503e-02 1.030085608363151550e-02 4.803525656461715698e-02 3.937559574842453003e-02 4.020784795284271240e-02 2.111384877935051918e-03 1.975663006305694580e-03 2.248445525765419006e-02 2.140616625547409058e-02 8.388021029531955719e-03 1.520186290144920349e-02 1.331877987831830978e-02 3.840190172195434570e-02 2.971851080656051636e-02 3.175282105803489685e-02 5.448722839355468750e-02 7.182411849498748779e-03 2.895327843725681305e-02 3.512037917971611023e-03 1.580252498388290405e-02 1.391709037125110626e-02 3.208589926362037659e-02 5.823913961648941040e-02 1.018680073320865631e-02 4.608770087361335754e-02 6.137685850262641907e-03
1.203618869185447693e-01 4.407545924186706543e-02 1.731149666011333466e-02 3.310276567935943604e-02 1.771172694861888885e-02 1.637262850999832153e-02 5.173508450388908386e-02 3.361425548791885376e-02 4.500772338360548019e-03 1.621500030159950256e-02 4.860409200191497803e-01 1.301939971745014191e-02 1.170441284775733948e-01 3.826305642724037170e-02 3.993596509099006653e-02 2.021677093580365181e-03 1.316838338971138000e-02 2.920884173363447189e-03 2.201092243194580078e-02 1.580570009537041187e-03 4.112245887517929077e-02 2.158499695360660553e-02 3.581285476684570312e-02 2.574896253645420074e-02 3.867641091346740723e-02 4.268330708146095276e-02 3.186815604567527771e-02 4.845708236098289490e-02 1.412610174156725407e-03 5.516377463936805725e-02 6.700276583433151245e-02 4.075232148170471191e-02 5.234969779849052429e-02 1.115547213703393936e-02 1.105723157525062561e-02 1.911748573184013367e-02 2.221206389367580414e-02 3.587157279253005981e-02 4.038460180163383484e-02 2.365704812109470367e-02 1.601957157254219055e-02 3.939388319849967957e-02 2.094596065580844879e-02 2.019675215706229210e-03 2.751883678138256073e-02 4.285443946719169617e-02 7.386600971221923828e-02 2.244307473301887512e-02 3.443992137908935547e-02 2.525363862514495850e-02 1.144420821219682693e-02 2.292320132255554199e-02 3.866069018840789795e-03 7.437324617058038712e-03 3.751594945788383484e-02 6.754163652658462524e-03 3.576069325208663940e-02 4.222764819860458374e-02 3.197569400072097778e-02 4.672496765851974487e-02 2.290837932378053665e-03 5.298973992466926575e-03 6.876701489090919495e-03 3.824293240904808044e-02 8.650285005569458008e-02 3.593020141124725342e-03 4.689890518784523010e-02 4.900882393121719360e-02 3.873923793435096741e-02 5.067250877618789673e-02 2.130307443439960480e-02 3.056931309401988983e-03 2.922043390572071075e-02 4.518316686153411865e-02 1.036276109516620636e-02 4.186129570007324219e-02 3.953478112816810608e-02 2.146973647177219391e-02 1.392766274511814117e-02 3.705987706780433655e-02 6.327518075704574585e-02 5.068081896752119064e-03 1.511021144688129425e-02 6.126684602349996567e-03 5.344548821449279785e-02 1.011175103485584259e-02 5.104941315948963165e-03 3.849775716662406921e-02 3.924167901277542114e-02 1.103048305958509445e-02 8.327662199735641479e-02 9.241946786642074585e-02 1.016788370907306671e-02 2.288337610661983490e-02 2.041903324425220490e-02 3.491280227899551392e-02 2.113467082381248474e-02 2.258513309061527252e-02 5.528567731380462646e-02 2.583490498363971710e-02 4.811889305710792542e-02 2.816852740943431854e-02 1.269530155695974827e-03 1.497761532664299011e-02 4.353391006588935852e-02 9.065220132470130920e-03 2.078887633979320526e-02 6.202923506498336792e-02 2.976484596729278564e-02 2.086990140378475189e-02 3.778948681429028511e-03 1.301617082208395004e-02 2.347595617175102234e-02 3.692812100052833557e-02 6.103434413671493530e-02 1.783847250044345856e-02
1.303152274340391159e-02 4.319113120436668396e-02 2.820969093590974808e-04 4.343742132186889648e-02 5.453580245375633240e-02 2.609923481941223145e-02 3.733347356319427490e-02 1.470179669559001923e-02 4.411237314343452454e-02 5.566204339265823364e-02 1.301939971745014191e-02 4.764232635498046875e-01 1.834482327103614807e-02 2.419772893190383911e-01 2.325162477791309357e-02 3.514464199542999268e-02 5.188837181776762009e-03 1.712099998258054256e-03 4.734939709305763245e-02 2.674754150211811066e-02 1.106037059798836708e-03 3.732809051871299744e-02 2.364295907318592072e-02 1.314391661435365677e-02 2.130053238943219185e-03 3.021241631358861923e-03 3.214056417346000671e-02 6.080380454659461975e-02 2.131908200681209564e-02 8.983839303255081177e-02 7.724351249635219574e-03 3.540984587743878365e-03 5.314968153834342957e-02 3.315295279026031494e-02 1.580481417477130890e-02 2.505246782675385475e-03 8.444082923233509064e-03 3.824466094374656677e-02 2.813441492617130280e-02 1.195183722302317619e-03 1.512132398784160614e-02 2.837517857551574707e-02 4.400381818413734436e-02 5.519919842481613159e-02 8.729383349418640137e-02 2.808659709990024567e-02 2.078387700021266937e-02 3.894339129328727722e-02 2.562365308403968811e-02 2.086363732814788818e-02 3.041465207934379578e-02 4.975287243723869324e-02 1.330214831978082657e-02 1.509770564734935760e-02 1.835958845913410187e-02 1.158211287111043930e-02 6.982334423810243607e-03 2.785572223365306854e-02 1.404509786516427994e-02 7.198916748166084290e-03 5.752888042479753494e-03 1.917949691414833069e-02 5.494727939367294312e-02 2.215298265218734741e-02 2.738139219582080841e-02 4.702643305063247681e-02 4.734357353299856186e-03 6.303182337433099747e-03 5.087492242455482483e-02 1.422084309160709381e-02 2.679760754108428955e-02 4.386277124285697937e-02 1.816638745367527008e-02 4.461524263024330139e-02 1.271420530974864960e-02 1.006082049570977688e-03 3.213318064808845520e-02 8.923652581870555878e-03 2.383833937346935272e-02 4.524902999401092529e-02 4.270207136869430542e-02 2.710500732064247131e-02 1.949884742498397827e-02 1.342252735048532486e-02 7.193699479103088379e-03 5.378403142094612122e-02 3.663558512926101685e-02 6.252356339246034622e-03 3.567949309945106506e-02 1.646448159590363503e-03 3.659456595778465271e-02 1.081306021660566330e-03 1.620026305317878723e-03 1.693300157785415649e-02 4.682533070445060730e-02 2.871649339795112610e-02 3.934879228472709656e-02 3.834042325615882874e-02 1.908071711659431458e-02 4.887197166681289673e-02 2.322833240032196045e-02 4.901324585080146790e-02 1.828039437532424927e-02 4.943054169416427612e-02 3.790224716067314148e-02 1.899986341595649719e-02 1.126488391309976578e-02 1.356209907680749893e-02 2.571091614663600922e-02 2.605533041059970856e-02 3.676759079098701477e-02 2.384576573967933655e-02 3.159134462475776672e-02 2.191668376326560974e-02 3.706848621368408203e-02 3.160369768738746643e-02
8.229357004165649414e-02 1.340389847755432129e-01 1.377955172210931778e-02 3.855874761939048767e-02 6.435770541429519653e-03 3.763686493039131165e-02 2.378679253160953522e-02 3.139822930097579956e-02 1.383075863122940063e-02 1.467757765203714371e-02 1.170441284775733948e-01 1.834482327103614807e-02 4.946893453598022461e-01 2.573982998728752136e-02 3.054304420948028564e-02 1.479638274759054184e-02 4.704336076974868774e-02 2.847956027835607529e-03 1.449914369732141495e-02 1.132694445550441742e-02 4.060414433479309082e-02 1.251326967030763626e-02 4.968239367008209229e-02 3.740274906158447266e-02 2.628807350993156433e-02 3.435438871383666992e-02 4.677543044090270996e-02 2.278901450335979462e-02 8.042265661060810089e-03 3.081675432622432709e-02 1.065795347094535828e-01 3.794068098068237305e-02 5.986808240413665771e-02 5.233948677778244019e-02 2.915420383214950562e-02 4.697848111391067505e-02 5.107887461781501770e-02 8.425991982221603394e-03 4.250209406018257141e-02 1.833351515233516693e-02 2.899267897009849548e-02 2.248881943523883820e-02 3.777162358164787292e-02 4.938216507434844971e-02 3.668891638517379761e-02 5.694112181663513184e-02 7.841061055660247803e-02 4.985595121979713440e-02 2.579635940492153168e-02 2.497592754662036896e-02 2.457554265856742859e-02 2.120141685009002686e-02 4.062490537762641907e-03 3.360758721828460693e-02 3.025345876812934875e-02 5.263520288281142712e-04 2.230738662183284760e-02 3.090269165113568306e-03 1.191712450236082077e-03 6.114251911640167236e-03 2.275225706398487091e-02 4.091825336217880249e-02 3.760232124477624893e-03 4.631552472710609436e-02 2.780072763562202454e-02 9.487862139940261841e-02 3.917458280920982361e-02 5.902140215039253235e-02 1.707007735967636108e-02 5.400678515434265137e-02 1.287969574332237244e-02 2.907867543399333954e-02 2.282023429870605469e-02 2.625838853418827057e-02 2.138816379010677338e-02 7.829521782696247101e-03 5.674655549228191376e-03 6.641805637627840042e-03 7.558003999292850494e-03 2.116954699158668518e-02 5.269227176904678345e-02 5.117342621088027954e-02 4.872860386967658997e-02 3.296665847301483154e-02 2.648780867457389832e-02 2.166817151010036469e-02 1.066278386861085892e-02 6.998276337981224060e-03 5.268266797065734863e-02 4.523615818470716476e-03 5.273452401161193848e-02 1.915071904659271240e-02 7.523666322231292725e-02 7.557318359613418579e-02 1.759175024926662445e-02 2.155485562980175018e-02 1.454310584813356400e-02 4.540016874670982361e-02 5.986599251627922058e-03 8.250305429100990295e-03 1.990660466253757477e-02 2.114053070545196533e-02 4.737755283713340759e-02 2.084366232156753540e-02 2.938984334468841553e-02 1.112155430018901825e-02 2.427453640848398209e-03 6.288130301982164383e-03 1.457537990063428879e-02 1.895778998732566833e-02 2.888608910143375397e-02 2.815991453826427460e-02 2.288600802421569824e-02 1.319660368608310819e-04 9.215072728693485260e-03 2.542679896578192711e-03
