4.752734005451202393e-01 2.163640111684799194e-01 4.456106573343276978e-02 3.070959448814392090e-02 3.022603690624237061e-02 1.549163274466991425e-02 3.800239786505699158e-02 3.085777349770069122e-02 2.106836624443531036e-02 1.274566818028688431e-02 1.307282894849777222e-01 4.982148110866546631e-02 1.765299439430236816e-01 4.335939139127731323e-02 7.532546296715736389e-04 1.715558767318725586e-02 6.768724415451288223e-03 4.055985808372497559e-02 1.983683090656995773e-03 3.180051594972610474e-02 1.901042647659778595e-02 1.179681904613971710e-02 4.182013124227523804e-02 5.880120443180203438e-04 3.000426106154918671e-02 4.996883124113082886e-02 2.723014727234840393e-02 4.705322533845901489e-02 5.659830290824174881e-03 2.711727656424045563e-02 2.068241126835346222e-02 3.665068000555038452e-02 3.605424612760543823e-02 2.220405824482440948e-02 5.311685800552368164e-02 1.640314981341362000e-02 2.150044590234756470e-02 3.138795495033264160e-02 1.186915952712297440e-02 4.141367226839065552e-02 3.358088806271553040e-02 1.618795096874237061e-02 9.583438513800501823e-04 3.113979846239089966e-02 1.085023768246173859e-02 8.145095780491828918e-03 3.206267952919006348e-02 1.916898530907928944e-03 5.162498354911804199e-02 7.782026659697294235e-03 3.100603073835372925e-02 2.015125378966331482e-02 4.462761059403419495e-02 3.945723176002502441e-02 1.182285416871309280e-02 4.218353424221277237e-03 1.783892139792442322e-02 6.416389718651771545e-03 4.515124857425689697e-02 7.234907709062099457e-03 2.201873436570167542e-02 4.245022311806678772e-02 4.298736155033111572e-02 1.814862363971769810e-03 5.016993731260299683e-02 3.788782283663749695e-03 1.468153577297925949e-02 3.901360556483268738e-02 1.231152098625898361e-02 9.721301496028900146e-03 3.037333488464355469e-02 6.790634244680404663e-03 1.009424030780792236e-02 1.243435684591531754e-02 2.872926928102970123e-02 1.565434783697128296e-02 2.423061244189739227e-02 6.840412504971027374e-03 5.488014593720436096e-02 3.820860385894775391e-02 1.029050163924694061e-02 1.775731705129146576e-02 3.309923782944679260e-02 4.961907118558883667e-02 1.577565446496009827e-02 4.468703642487525940e-02 3.186927363276481628e-02 5.069023929536342621e-03 8.010210469365119934e-03 4.465005546808242798e-02 2.502794936299324036e-02 8.760145865380764008e-03 2.366035245358943939e-03 2.144346479326486588e-03 1.100198365747928619e-02 8.897325955331325531e-03 8.645913563668727875e-03 9.558261372148990631e-03 4.271464888006448746e-03 4.839260876178741455e-02 2.369177155196666718e-02 1.276621408760547638e-02 1.065293326973915100e-03 1.180097740143537521e-02 4.072568938136100769e-02 2.228671312332153320e-02 1.055230572819709778e-02 2.113652229309082031e-02 2.664484456181526184e-02 2.757586352527141571e-02 7.031772285699844360e-03 3.843065351247787476e-02 2.077911281958222389e-03 6.616925820708274841e-03 5.645741894841194153e-02 2.155879884958267212e-02
2.163640111684799194e-01 4.733496010303497314e-01 8.011553436517715454e-03 7.048095017671585083e-02 2.975171059370040894e-02 9.934110194444656372e-02 1.065827757120132446e-01 3.487805649638175964e-02 1.741216517984867096e-02 2.183758467435836792e-02 1.335491389036178589e-01 1.752207800745964050e-02 2.882674038410186768e-01 3.221219778060913086e-02 1.010936964303255081e-02 3.135473281145095825e-02 5.141180008649826050e-03 6.717802956700325012e-03 4.207690071780234575e-04 7.646293938159942627e-02 9.132550656795501709e-02 2.452284656465053558e-02 2.258423902094364166e-02 4.185158386826515198e-02 2.075421623885631561e-02 1.362532842904329300e-02 4.900645464658737183e-03 3.807376325130462646e-02 6.499455124139785767e-02 8.540431037545204163e-03 1.244461257010698318e-02 5.288295447826385498e-03 1.936725899577140808e-02 2.814256586134433746e-02 6.474712397903203964e-03 2.064739540219306946e-02 2.400450780987739563e-02 8.907510899007320404e-03 3.773513436317443848e-02 3.159877657890319824e-02 4.227695241570472717e-02 6.803067401051521301e-03 1.489096693694591522e-02 1.788949407637119293e-02 7.727878983132541180e-04 1.442783419042825699e-02 3.715842217206954956e-02 1.128131523728370667e-02 6.654289551079273224e-03 4.410073161125183105e-02 4.381533712148666382e-02 4.462612420320510864e-02 1.745495945215225220e-02 4.299108695704489946e-04 3.559554368257522583e-02 3.996654972434043884e-02 4.511151462793350220e-02 3.245810791850090027e-02 3.953403234481811523e-02 1.664174906909465790e-02 5.096002947539091110e-03 5.918316077440977097e-03 6.014517974108457565e-03 2.292845398187637329e-03 2.555252239108085632e-02 1.149054523557424545e-02 2.808235958218574524e-02 2.448838017880916595e-02 3.198612853884696960e-02 4.558198153972625732e-02 2.405768260359764099e-02 1.903106085956096649e-02 2.077931538224220276e-02 2.144256047904491425e-02 2.563106454908847809e-02 1.075375359505414963e-02 1.597682572901248932e-02 1.767541281878948212e-02 3.398734377697110176e-03 2.877333434298634529e-03 6.229814607650041580e-03 2.782106865197420120e-03 4.226653277873992920e-02 3.381659463047981262e-02 1.884433813393115997e-02 1.250306144356727600e-02 5.228799302130937576e-03 1.527130138128995895e-02 1.174645032733678818e-02 2.692975476384162903e-02 5.196421593427658081e-02 5.005351733416318893e-03 1.500562764704227448e-02 1.833934220485389233e-04 3.744569048285484314e-02 3.504475578665733337e-02 2.916707843542098999e-02 2.738828770816326141e-02 3.251811116933822632e-02 1.606209017336368561e-02 3.038972057402133942e-02 1.459523569792509079e-02 4.639486316591501236e-03 2.286115474998950958e-02 3.590903803706169128e-02 1.416541729122400284e-02 5.943554919213056564e-03 4.101952165365219116e-02 2.769684232771396637e-02 9.383887983858585358e-03 4.351438954472541809e-02 5.339477211236953735e-03 2.491100877523422241e-02 2.551603130996227264e-02 2.803590847179293633e-03 1.091897487640380859e-03
4.456106573343276978e-02 8.011553436517715454e-03 4.661080539226531982e-01 2.936822921037673950e-02 3.731278702616691589e-02 2.530633658170700073e-02 2.344208396971225739e-02 1.280173212289810181e-01 2.710349299013614655e-02 4.374145343899726868e-02 2.115911617875099182e-02 1.511248201131820679e-02 1.933677867054939270e-02 2.881079167127609253e-02 1.052123308181762695e-02 4.046056792140007019e-02 2.469773218035697937e-02 1.300782430917024612e-02 1.027235109359025955e-02 6.039208173751831055e-02 3.182412683963775635e-02 2.107489109039306641e-02 9.260741644538938999e-04 3.930311184376478195e-03 5.396463349461555481e-02 2.699629776179790497e-02 3.422849625349044800e-02 1.010796334594488144e-02 5.206003412604331970e-02 3.045142441987991333e-02 9.617515839636325836e-03 1.713207364082336426e-02 2.809112891554832458e-02 3.194892033934593201e-02 5.171984061598777771e-02 1.111482270061969757e-02 1.222547702491283417e-02 1.521680317819118500e-02 4.326613247394561768e-02 3.303970396518707275e-02 3.413901478052139282e-02 3.318204544484615326e-03 1.333250012248754501e-02 1.770246773958206177e-02 1.915961317718029022e-02 2.377143129706382751e-02 3.636785224080085754e-02 3.573287278413772583e-03 2.964426064863801003e-03 4.531222581863403320e-02 2.151488326489925385e-02 1.174055598676204681e-02 3.836981253698468208e-03 6.951684132218360901e-03 3.389440104365348816e-02 3.807297348976135254e-02 1.725911512039601803e-03 3.174464032053947449e-02 3.166997060179710388e-02 2.323725819587707520e-02 4.591348022222518921e-02 2.942641451954841614e-02 1.338271517306566238e-02 9.658225812017917633e-03 4.499115049839019775e-03 1.631226763129234314e-02 2.721729129552841187e-02 3.964076191186904907e-02 4.402631521224975586e-02 1.953094499185681343e-03 1.539732608944177628e-02 6.733592599630355835e-03 2.606911212205886841e-02 1.150246523320674896e-02 3.156807273626327515e-02 2.350957691669464111e-02 1.934479176998138428e-02 3.775332123041152954e-02 9.757320396602153778e-03 7.635240908712148666e-03 7.287275046110153198e-02 4.902438819408416748e-02 1.795737259089946747e-02 4.897869005799293518e-02 2.710140682756900787e-02 2.475994266569614410e-02 4.420473054051399231e-02 7.364842109382152557e-03 1.985879801213741302e-02 2.472816733643412590e-03 3.482054453343153000e-03 1.410030014812946320e-02 3.103540278971195221e-02 2.702368609607219696e-02 8.989981375634670258e-03 8.607451803982257843e-03 4.546320438385009766e-02 1.118915155529975891e-02 1.630859478609636426e-04 1.671724393963813782e-02 2.267137356102466583e-02 2.152492105960845947e-02 4.262366145849227905e-02 9.816725738346576691e-03 3.144710883498191833e-02 4.741867259144783020e-02 1.141317840665578842e-02 3.036689013242721558e-02 2.274978347122669220e-02 3.988749161362648010e-02 3.355308994650840759e-02 1.361658331006765366e-03 1.915536820888519287e-02 6.343087181448936462e-03 3.537704423069953918e-02 1.953407563269138336e-02
3.070959448814392090e-02 7.048095017671585083e-02 2.936822921037673950e-02 4.614442288875579834e-01 1.090147197246551514e-01 1.781081221997737885e-02 1.397487823851406574e-03 2.562712505459785461e-02 1.037603616714477539e-02 4.404897615313529968e-02 1.787838339805603027e-02 3.843208774924278259e-02 1.577199622988700867e-02 2.061103098094463348e-02 1.787478104233741760e-02 5.379595607519149780e-02 2.090922556817531586e-02 3.548615053296089172e-02 4.873380530625581741e-03 1.956253498792648315e-02 1.412649266421794891e-02 3.544209524989128113e-02 8.089849725365638733e-03 4.888700321316719055e-02 4.402774199843406677e-02 1.708627119660377502e-02 6.170394830405712128e-03 1.793857105076313019e-02 1.270202361047267914e-02 3.225872665643692017e-02 1.877847686409950256e-02 6.069728638976812363e-03 6.109428778290748596e-02 1.184630766510963440e-02 8.983646519482135773e-03 1.582903228700160980e-02 4.134897515177726746e-02 3.856862708926200867e-02 2.186263725161552429e-02 2.767069451510906219e-02 4.643378406763076782e-02 4.758598655462265015e-02 3.354877606034278870e-02 2.832336910068988800e-02 4.256018623709678650e-02 1.757698599249124527e-03 3.187014907598495483e-02 2.687644772231578827e-02 2.629778906702995300e-02 1.088664960116147995e-02 9.032751433551311493e-03 1.713437959551811218e-02 2.869685739278793335e-02 4.424818977713584900e-02 5.323031172156333923e-02 1.958610117435455322e-02 1.058426965028047562e-02 2.076333016157150269e-02 5.158979073166847229e-02 1.043184325098991394e-01 9.956160932779312134e-02 5.785063374787569046e-03 6.394665688276290894e-02 5.026702582836151123e-02 3.393034264445304871e-02 7.293676491826772690e-03 2.551964856684207916e-02 6.344467867165803909e-03 2.975206077098846436e-02 2.027022838592529297e-02 3.162803873419761658e-02 1.347751636058092117e-02 1.358242779970169067e-01 8.601867593824863434e-03 1.222905050963163376e-02 2.654386125504970551e-02 1.813028752803802490e-02 8.118303492665290833e-03 3.462212905287742615e-02 2.413381822407245636e-02 2.730349544435739517e-03 2.184725739061832428e-02 1.001455932855606079e-01 1.684419438242912292e-02 4.317308589816093445e-02 4.860809072852134705e-03 4.127646982669830322e-02 4.757046699523925781e-02 8.320321328938007355e-03 2.891964511945843697e-03 4.485008120536804199e-02 1.214573998004198074e-02 4.220890253782272339e-02 3.372469171881675720e-02 6.477064453065395355e-04 7.847441593185067177e-04 2.918541431427001953e-02 3.877500817179679871e-02 5.124080926179885864e-03 5.627178587019443512e-03 1.579506322741508484e-02 4.721774533390998840e-02 3.042612224817276001e-02 1.846852153539657593e-02 3.855384141206741333e-02 7.772988080978393555e-02 2.716527134180068970e-02 2.575596980750560760e-02 1.405218522995710373e-02 4.533231258392333984e-02 1.884780824184417725e-02 1.712770015001296997e-02 4.898117110133171082e-02 3.780148178339004517e-02 4.366843402385711670e-02 3.333977982401847839e-02
3.022603690624237061e-02 2.975171059370040894e-02 3.731278702616691589e-02 1.090147197246551514e-01 4.473029375076293945e-01 3.940232470631599426e-02 4.003321379423141479e-02 5.512784421443939209e-02 3.172071278095245361e-02 2.015470992773771286e-03 2.036555856466293335e-02 3.222555294632911682e-02 2.006787620484828949e-02 2.419081330299377441e-02 4.451791942119598389e-02 8.358540013432502747e-03 1.119997352361679077e-02 2.862760052084922791e-02 2.570131607353687286e-02 1.468249503523111343e-02 1.519894693046808243e-02 2.846647426486015320e-02 3.026673570275306702e-02 3.660324960947036743e-02 3.978457301855087280e-02 3.778109326958656311e-03 3.654484823346138000e-02 4.276147857308387756e-02 2.664243429899215698e-02 2.947879768908023834e-02 3.358420357108116150e-02 4.562712740153074265e-03 2.834594994783401489e-02 3.774425247684121132e-03 2.322665974497795105e-02 3.392148762941360474e-02 1.550842914730310440e-02 3.287031501531600952e-02 4.834508895874023438e-02 9.527136385440826416e-02 1.681499369442462921e-02 2.515525091439485550e-03 2.165323682129383087e-02 1.960528455674648285e-02 3.388486430048942566e-02 4.546173661947250366e-02 6.732918322086334229e-02 2.866754494607448578e-02 3.793382644653320312e-02 1.302405260503292084e-02 2.947448566555976868e-02 3.375632688403129578e-02 4.504882264882326126e-03 2.343268319964408875e-02 5.022329464554786682e-02 2.412975206971168518e-02 4.961925372481346130e-02 1.649401150643825531e-02 1.335352193564176559e-03 3.654198348522186279e-02 3.142833709716796875e-02 3.737581148743629456e-02 5.861066281795501709e-02 4.759659990668296814e-02 2.223895676434040070e-02 3.803610429167747498e-02 2.481199055910110474e-02 1.352290157228708267e-02 2.406574971973896027e-02 2.340328693389892578e-02 4.842324927449226379e-02 3.136700391769409180e-02 3.624514490365982056e-02 2.943545952439308167e-02 7.654991745948791504e-02 8.881635032594203949e-03 7.644618395715951920e-03 1.140569569543004036e-03 8.339639753103256226e-03 4.902662709355354309e-03 1.791551522910594940e-02 6.292901933193206787e-02 8.792302012443542480e-02 1.125320494174957275e-01 7.483235560357570648e-03 3.471220657229423523e-02 1.837204210460186005e-02 3.040676936507225037e-02 3.661792352795600891e-02 1.264987792819738388e-02 4.430343210697174072e-02 1.053831633180379868e-02 1.194623578339815140e-02 4.323873668909072876e-02 2.730871085077524185e-03 1.151632895926013589e-04 4.912392050027847290e-02 1.418930711224675179e-03 3.179986402392387390e-02 3.924323990941047668e-02 7.507155183702707291e-03 4.045118391513824463e-02 1.633461751043796539e-02 5.199260544031858444e-03 8.720812387764453888e-03 1.049067359417676926e-02 3.285852074623107910e-02 4.516346007585525513e-02 2.328576706349849701e-02 3.544704243540763855e-02 4.063943028450012207e-02 3.550125984475016594e-03 1.573197916150093079e-02 1.704514212906360626e-02 2.208482474088668823e-02 4.288237169384956360e-02
1.549163274466991425e-02 9.934110194444656372e-02 2.530633658170700073e-02 1.781081221997737885e-02 3.940232470631599426e-02 4.651423394680023193e-01 1.792363375425338745e-01 1.396573893725872040e-02 4.008609801530838013e-02 3.870490193367004395e-02 2.625346183776855469e-02 8.332967013120651245e-02 8.689732104539871216e-02 4.280867427587509155e-02 1.325630396604537964e-02 2.671434730291366577e-02 5.257408320903778076e-02 3.203590959310531616e-02 3.805658593773841858e-02 2.478912658989429474e-02 2.027924172580242157e-02 1.324679120443761349e-03 1.788616925477981567e-02 5.952606443315744400e-03 1.107657561078667641e-03 4.189075902104377747e-03 1.696565188467502594e-02 4.872616752982139587e-02 8.537570387125015259e-02 1.422307377652032301e-05 2.089966833591461182e-02 2.322493493556976318e-02 8.415300399065017700e-03 2.594013139605522156e-02 4.142785072326660156e-02 1.561238057911396027e-02 9.766992181539535522e-03 3.576299175620079041e-02 3.334423899650573730e-02 1.490482827648520470e-03 4.216897115111351013e-02 5.719411745667457581e-02 3.385933488607406616e-02 9.971682913601398468e-03 4.784771800041198730e-02 8.031650213524699211e-04 5.333754234015941620e-03 4.708475619554519653e-02 2.725693024694919586e-02 9.748871438205242157e-03 4.236636683344841003e-02 3.742694854736328125e-02 7.349900552071630955e-04 1.392345689237117767e-02 2.621514722704887390e-02 3.190435841679573059e-02 6.722404621541500092e-03 3.519103303551673889e-02 1.409940887242555618e-04 3.079105168581008911e-02 1.856175996363162994e-02 1.873212493956089020e-02 9.594685398042201996e-03 1.013662479817867279e-02 4.382286593317985535e-02 7.919732015579938889e-04 8.954701013863086700e-03 1.630788110196590424e-02 2.322655171155929565e-02 3.619532287120819092e-02 2.942095277830958366e-03 6.599249318242073059e-04 3.415399044752120972e-02 2.166412537917494774e-03 2.454698458313941956e-02 5.474597588181495667e-02 8.715512230992317200e-03 2.379374578595161438e-02 2.930725738406181335e-02 9.830838069319725037e-03 3.844530507922172546e-02 3.797528892755508423e-02 6.244415044784545898e-02 3.030692227184772491e-02 4.723422974348068237e-02 1.446598395705223083e-02 3.950406610965728760e-02 2.080027572810649872e-02 5.789022427052259445e-03 1.475729048252105713e-02 3.394125774502754211e-02 1.044958713464438915e-03 2.023335546255111694e-02 2.429479733109474182e-02 9.200502187013626099e-03 1.015465613454580307e-02 2.802484203130006790e-03 4.558780789375305176e-02 4.545028321444988251e-03 2.136760205030441284e-02 4.321555141359567642e-03 5.305431783199310303e-03 4.246315732598304749e-02 5.159084685146808624e-03 2.393566444516181946e-02 3.109778277575969696e-03 1.943753473460674286e-02 5.646384134888648987e-02 3.371958388015627861e-03 4.500569403171539307e-02 1.005307491868734360e-02 2.728758752346038818e-02 8.377491496503353119e-03 3.342725709080696106e-02 5.833437666296958923e-02 3.050829097628593445e-02
3.800239786505699158e-02 1.065827757120132446e-01 2.344208396971225739e-02 1.397487823851406574e-03 4.003321379423141479e-02 1.792363375425338745e-01 4.562989175319671631e-01 2.251649647951126099e-02 2.110916422680020332e-03 1.487284805625677109e-02 3.223431855440139771e-02 7.257000356912612915e-02 1.058748587965965271e-01 7.397507876157760620e-02 4.630812630057334900e-02 6.389392074197530746e-04 3.667450323700904846e-02 1.891450770199298859e-02 1.697801984846591949e-02 4.343103989958763123e-02 9.717237204313278198e-03 3.855720907449722290e-02 4.713267460465431213e-02 5.657460540533065796e-02 1.482502650469541550e-02 3.034151345491409302e-02 4.196669906377792358e-02 3.870422020554542542e-02 2.887614443898200989e-02 2.707228297367691994e-03 9.029624983668327332e-03 2.696517668664455414e-02 7.225507870316505432e-03 1.447754446417093277e-02 2.930466458201408386e-02 4.271947592496871948e-02 2.222859911853447556e-04 3.040363080799579620e-02 1.149890478700399399e-02 3.726946935057640076e-02 2.670726552605628967e-02 1.266536023467779160e-02 4.228670522570610046e-02 4.356499016284942627e-02 4.246900603175163269e-02 5.012714862823486328e-02 5.892758443951606750e-02 4.966360703110694885e-02 2.544411085546016693e-02 2.345862425863742828e-02 4.440753906965255737e-02 3.859610110521316528e-02 3.028986416757106781e-02 5.185010656714439392e-02 3.232794627547264099e-02 3.822605591267347336e-03 4.726609215140342712e-02 8.574052713811397552e-03 3.240882605314254761e-02 3.033340722322463989e-02 3.044237755239009857e-02 2.125042118132114410e-02 7.055626250803470612e-03 3.392838314175605774e-02 1.246647071093320847e-02 6.246615201234817505e-03 4.255470819771289825e-03 4.164665192365646362e-02 3.281912207603454590e-02 1.253208052366971970e-02 3.151228651404380798e-02 3.322926536202430725e-02 1.417833031155169010e-03 1.781852170825004578e-02 1.560176908969879150e-02 4.568172991275787354e-02 2.996234782040119171e-02 6.720967125147581100e-03 7.413786370307207108e-03 4.316208139061927795e-02 4.710788279771804810e-02 4.395475238561630249e-02 1.117321383208036423e-02 3.150175139307975769e-02 3.077566996216773987e-02 9.682135656476020813e-03 5.494952667504549026e-03 3.404687345027923584e-02 1.656703650951385498e-02 2.224279940128326416e-02 2.824413031339645386e-02 3.588014468550682068e-02 2.241837605834007263e-02 8.361356332898139954e-03 9.297229349613189697e-03 2.175856381654739380e-02 3.747654706239700317e-02 2.892367728054523468e-02 2.615393698215484619e-02 3.664232790470123291e-02 4.460769891738891602e-02 3.790233656764030457e-02 1.991108432412147522e-02 9.969023056328296661e-03 3.797543421387672424e-02 4.979617521166801453e-02 5.034446716308593750e-02 2.007794193923473358e-02 1.529218442738056183e-02 4.673289135098457336e-02 1.844592392444610596e-02 1.715393923223018646e-02 2.442291378974914551e-02 3.098392486572265625e-02 4.477154091000556946e-02 2.049999125301837921e-02
3.085777349770069122e-02 3.487805649638175964e-02 1.280173212289810181e-01 2.562712505459785461e-02 5.512784421443939209e-02 1.396573893725872040e-02 2.251649647951126099e-02 4.645003974437713623e-01 4.266518633812665939e-03 3.486101701855659485e-02 2.476253733038902283e-02 1.200410816818475723e-02 1.586997695267200470e-02 3.434711694717407227e-02 6.451921910047531128e-02 2.839188836514949799e-02 1.591875217854976654e-02 2.281337045133113861e-02 2.368497475981712341e-02 1.042713969945907593e-02 6.553609855473041534e-03 3.520258516073226929e-02 1.560518424957990646e-02 1.320976670831441879e-02 4.055080562829971313e-02 1.073541399091482162e-02 3.513693064451217651e-02 1.636107265949249268e-02 5.017358809709548950e-02 3.066861815750598907e-02 1.789155043661594391e-02 4.255541041493415833e-02 4.404833912849426270e-02 5.429751053452491760e-02 2.927603782154619694e-04 4.711939021944999695e-03 5.070541985332965851e-03 7.863948494195938110e-02 3.704582527279853821e-02 1.996011100709438324e-02 2.756692469120025635e-02 4.256520792841911316e-02 7.033857982605695724e-04 3.105382621288299561e-02 4.987720400094985962e-02 4.238094389438629150e-02 2.376390807330608368e-02 2.250937372446060181e-02 3.568500652909278870e-02 3.460732102394104004e-02 1.805632188916206360e-02 2.747958339750766754e-02 4.758526757359504700e-02 5.007004737854003906e-02 5.743828136473894119e-03 2.433894388377666473e-02 1.849441602826118469e-02 1.087987516075372696e-02 4.321730136871337891e-02 2.757300995290279388e-02 2.611633948981761932e-02 2.859683521091938019e-02 1.461427006870508194e-02 9.960120543837547302e-03 1.811783201992511749e-02 4.561264440417289734e-02 5.284334719181060791e-02 4.882348701357841492e-03 6.235246546566486359e-04 2.556440792977809906e-02 9.930212981998920441e-03 4.665806889533996582e-02 3.803202882409095764e-02 1.138874981552362442e-02 2.703749574720859528e-02 3.413147851824760437e-02 2.214949578046798706e-02 2.102077566087245941e-02 2.340650418773293495e-03 3.600787371397018433e-02 7.982034981250762939e-02 1.029608696699142456e-01 3.055370971560478210e-02 1.738992333412170410e-02 5.671210587024688721e-03 8.212455548346042633e-03 1.064449250698089600e-01 1.937470585107803345e-02 1.878868602216243744e-02 4.556818678975105286e-02 1.684912852942943573e-02 2.570046670734882355e-02 4.041523113846778870e-02 3.179665654897689819e-02 2.184648439288139343e-02 2.003495022654533386e-02 4.761610180139541626e-02 1.433915738016366959e-02 9.025288745760917664e-03 9.821190498769283295e-03 2.408904209733009338e-02 3.452282864600419998e-03 2.152566052973270416e-02 1.494185160845518112e-02 4.980846121907234192e-02 5.226547643542289734e-02 6.009592674672603607e-03 1.630304567515850067e-02 1.610931195318698883e-02 1.812983117997646332e-02 1.907758973538875580e-02 7.903028279542922974e-03 1.308302022516727448e-02 2.906305342912673950e-02 6.939475890249013901e-03 2.630832418799400330e-02
2.106836624443531036e-02 1.741216517984867096e-02 2.710349299013614655e-02 1.037603616714477539e-02 3.172071278095245361e-02 4.008609801530838013e-02 2.110916422680020332e-03 4.266518633812665939e-03 4.772107303142547607e-01 8.857088536024093628e-02 1.407692767679691315e-02 2.762026526033878326e-02 3.675736114382743835e-02 5.606616660952568054e-02 2.035395987331867218e-02 3.485858067870140076e-02 5.110870301723480225e-02 1.376157253980636597e-01 3.275382518768310547e-02 1.542915683239698410e-02 1.945934444665908813e-02 6.173255853354930878e-03 3.752252086997032166e-02 2.815748564898967743e-02 3.674677014350891113e-02 8.905286900699138641e-03 6.537577603012323380e-03 2.583968453109264374e-02 2.926567941904067993e-02 1.759258843958377838e-02 9.712651371955871582e-03 1.269427500665187836e-02 5.803703516721725464e-02 4.025303572416305542e-02 4.816390573978424072e-02 2.287090569734573364e-02 7.641747943125665188e-04 1.803731545805931091e-02 5.636081099510192871e-03 3.484679758548736572e-02 4.635864123702049255e-02 1.353381667286157608e-02 3.577123582363128662e-02 2.039577066898345947e-02 3.728408133611083031e-03 1.672741584479808807e-02 3.959157690405845642e-02 4.692795872688293457e-02 1.021750420331954956e-01 5.887137725949287415e-03 2.681696601212024689e-02 4.746164754033088684e-02 2.177672646939754486e-02 3.823179006576538086e-02 8.032966405153274536e-02 1.503564696758985519e-02 4.946988075971603394e-02 6.377895624609664083e-05 3.336486220359802246e-02 1.783129572868347168e-02 5.093247070908546448e-02 1.138575281947851181e-02 2.494371496140956879e-02 3.162592276930809021e-02 1.257235184311866760e-02 1.041546091437339783e-02 1.508019398897886276e-02 3.545103827491402626e-04 4.968967661261558533e-02 3.214287757873535156e-02 5.138673633337020874e-02 1.070160215022042394e-04 3.586949780583381653e-02 4.151253402233123779e-02 5.930129811167716980e-02 2.720404788851737976e-02 1.445224136114120483e-01 4.072166234254837036e-02 8.917680382728576660e-02 5.520638823509216309e-02 1.542739197611808777e-02 3.380543738603591919e-02 5.613053590059280396e-02 3.845014795660972595e-02 1.207004766911268234e-02 4.067435860633850098e-02 6.673601455986499786e-03 2.226809784770011902e-02 6.562352180480957031e-03 1.399122457951307297e-02 2.851254679262638092e-02 1.787091023288667202e-03 2.674331143498420715e-02 5.099405534565448761e-03 1.970577612519264221e-02 1.910427398979663849e-02 4.897693544626235962e-02 2.712345682084560394e-02 1.161503195762634277e-01 8.240782469511032104e-02 4.429905861616134644e-02 3.486789017915725708e-02 4.373497888445854187e-02 5.213492736220359802e-02 3.130342438817024231e-02 2.902962453663349152e-02 2.807077579200267792e-02 8.453103713691234589e-03 1.092042587697505951e-02 1.292849425226449966e-02 3.733460232615470886e-02 4.047465696930885315e-02 5.023550242185592651e-02 4.812934622168540955e-02 7.671755738556385040e-03 9.913059882819652557e-03
1.274566818028688431e-02 2.183758467435836792e-02 4.374145343899726868e-02 4.404897615313529968e-02 2.015470992773771286e-03 3.870490193367004395e-02 1.487284805625677109e-02 3.486101701855659485e-02 8.857088536024093628e-02 4.892027080059051514e-01 1.202678307890892029e-03 5.732247978448867798e-02 2.204683236777782440e-02 3.785666078329086304e-02 3.200658410787582397e-02 1.930118538439273834e-03 3.554388880729675293e-02 1.636688224971294403e-02 9.591837227344512939e-02 7.468590047210454941e-03 1.528261462226510048e-03 2.104345336556434631e-02 1.454010838642716408e-03 7.931508123874664307e-02 3.005626425147056580e-02 2.305392734706401825e-02 1.426657382398843765e-02 3.516585007309913635e-02 3.921067342162132263e-02 2.725180797278881073e-02 1.796312397345900536e-03 1.873763278126716614e-02 5.356979090720415115e-03 1.388689223676919937e-02 3.604713082313537598e-02 1.414308045059442520e-02 3.936413675546646118e-02 3.376571834087371826e-02 4.720722511410713196e-02 1.791604422032833099e-02 3.380064666271209717e-02 5.289958044886589050e-02 4.316986724734306335e-02 1.670332998037338257e-02 4.394022375345230103e-02 1.008888240903615952e-02 2.204418554902076721e-02 8.536702953279018402e-03 2.059957385063171387e-02 8.954446017742156982e-02 5.072631314396858215e-02 5.313879624009132385e-02 5.241797864437103271e-02 3.319736570119857788e-02 6.779757328331470490e-03 5.811845511198043823e-02 3.905503079295158386e-02 3.626588732004165649e-02 9.160524234175682068e-03 5.339310318231582642e-02 1.853463985025882721e-02 2.145232260227203369e-02 3.120014443993568420e-02 1.570148952305316925e-02 2.191195078194141388e-02 2.716149203479290009e-02 2.487692423164844513e-02 6.742964498698711395e-03 4.148642066866159439e-03 1.804621703922748566e-02 5.153681337833404541e-02 5.210348218679428101e-02 5.116738844662904739e-03 1.265878789126873016e-02 3.944001346826553345e-02 3.662082925438880920e-02 1.628749771043658257e-03 1.472504138946533203e-01 1.861601369455456734e-03 1.221416667103767395e-01 2.697505801916122437e-02 4.347590357065200806e-02 4.278706014156341553e-02 1.202458143234252930e-01 3.327511250972747803e-02 4.428309947252273560e-02 1.120156142860651016e-02 2.508843131363391876e-02 1.510988920927047729e-03 1.239028871059417725e-01 2.178117446601390839e-02 2.665239758789539337e-02 3.201141208410263062e-02 3.475078195333480835e-02 1.428788248449563980e-02 1.376816816627979279e-02 5.541864316910505295e-03 2.334971353411674500e-02 3.423539549112319946e-02 6.382558494806289673e-02 1.871119951829314232e-03 1.385212503373622894e-02 9.877392090857028961e-03 9.663672186434268951e-03 2.449584566056728363e-02 1.177819818258285522e-02 4.117162525653839111e-02 8.396124467253684998e-03 5.115412920713424683e-02 3.604151774197816849e-03 8.333157747983932495e-03 3.315227106213569641e-02 3.054925240576267242e-02 3.095420636236667633e-02 5.015679448843002319e-02 3.340067714452743530e-02
1.307282894849777222e-01 1.335491389036178589e-01 2.115911617875099182e-02 1.787838339805603027e-02 2.036555856466293335e-02 2.625346183776855469e-02 3.223431855440139771e-02 2.476253733038902283e-02 1.407692767679691315e-02 1.202678307890892029e-03 4.583529233932495117e-01 1.111256238073110580e-02 1.997778415679931641e-01 1.982264779508113861e-02 3.488242998719215393e-02 3.586452512536197901e-04 1.772118266671895981e-03 1.777721941471099854e-02 4.446500912308692932e-03 3.164809197187423706e-02 2.351075410842895508e-02 6.833465397357940674e-02 3.137534484267234802e-02 2.236322872340679169e-02 1.848567090928554535e-02 2.700802870094776154e-04 1.285202894359827042e-02 4.060415551066398621e-02 2.454658225178718567e-02 1.023791357874870300e-02 3.825481981039047241e-02 4.039756953716278076e-02 2.516616135835647583e-02 3.512972593307495117e-02 6.959115620702505112e-03 1.261891890317201614e-02 6.763837882317602634e-04 3.571762144565582275e-02 2.825440466403961182e-02 1.484133396297693253e-02 1.527142804116010666e-02 4.497724026441574097e-02 1.829488016664981842e-02 3.234187141060829163e-02 3.707454726099967957e-02 7.616257295012474060e-03 4.068225622177124023e-02 1.549995318055152893e-02 4.451260436326265335e-03 2.368014305830001831e-02 1.259707496501505375e-03 3.417003201320767403e-03 2.470658533275127411e-02 3.111406415700912476e-02 1.542288344353437424e-02 4.896376654505729675e-02 3.751364722847938538e-02 4.114481061697006226e-02 1.273897569626569748e-02 2.228501252830028534e-02 3.474048152565956116e-02 1.962613780051469803e-03 1.156435068696737289e-02 1.518211420625448227e-02 4.047743603587150574e-02 5.586584564298391342e-03 3.393149003386497498e-02 3.579634008929133415e-03 3.749357908964157104e-02 1.510468777269124985e-02 9.217314422130584717e-03 4.074740409851074219e-02 6.937759462743997574e-03 6.192761473357677460e-03 8.843181654810905457e-03 1.470146887004375458e-02 1.906876638531684875e-02 2.670662663877010345e-02 1.948708668351173401e-02 2.993773110210895538e-02 2.775704860687255859e-02 8.470583707094192505e-03 9.640932083129882812e-03 3.487112745642662048e-02 3.145065903663635254e-02 4.444411024451255798e-02 6.067868322134017944e-02 6.232677772641181946e-02 3.644914180040359497e-02 2.159487456083297729e-02 4.254368692636489868e-02 8.597935736179351807e-02 3.562748432159423828e-03 7.277098949998617172e-03 3.898985683917999268e-02 2.357122115790843964e-02 1.186534389853477478e-02 3.624919801950454712e-02 3.148655593395233154e-02 3.145045042037963867e-02 2.768218889832496643e-02 3.586043370887637138e-03 1.128941401839256287e-02 3.942593559622764587e-02 1.697259768843650818e-02 2.949752472341060638e-02 1.685821078717708588e-02 4.908223450183868408e-02 2.294974960386753082e-02 1.585290953516960144e-02 2.275848761200904846e-02 5.397856980562210083e-02 3.455841541290283203e-02 5.809350870549678802e-03 2.673078142106533051e-02 2.555701322853565216e-02
4.982148110866546631e-02 1.752207800745964050e-02 1.511248201131820679e-02 3.843208774924278259e-02 3.222555294632911682e-02 8.332967013120651245e-02 7.257000356912612915e-02 1.200410816818475723e-02 2.762026526033878326e-02 5.732247978448867798e-02 1.111256238073110580e-02 4.713300466537475586e-01 4.686009138822555542e-02 1.501733064651489258e-01 4.993813857436180115e-02 5.322572775185108185e-03 4.468954168260097504e-03 4.187767207622528076e-02 1.713317073881626129e-02 3.340501338243484497e-02 5.137033760547637939e-03 3.414724394679069519e-02 7.228664308786392212e-02 6.413424015045166016e-02 1.825188100337982178e-02 1.012838073074817657e-02 4.751526191830635071e-02 5.723497644066810608e-02 3.773667290806770325e-02 6.206645071506500244e-02 1.264323666691780090e-02 4.337402433156967163e-02 1.443205494433641434e-02 4.660861194133758545e-02 1.643791235983371735e-02 3.807793930172920227e-02 4.962975159287452698e-02 3.642481565475463867e-02 9.299582452513277531e-04 2.204176224768161774e-02 4.094822332262992859e-02 1.347340364009141922e-02 2.590933255851268768e-02 1.725281402468681335e-02 5.585661903023719788e-02 2.320392988622188568e-02 1.928729191422462463e-02 2.636450342833995819e-02 3.707477450370788574e-02 6.416915450245141983e-03 4.321306571364402771e-02 5.156892165541648865e-02 1.181687414646148682e-02 2.533030882477760315e-02 6.402594596147537231e-02 6.310466676950454712e-02 3.622448770329356194e-03 4.283913224935531616e-02 3.400190547108650208e-02 4.847836215049028397e-03 2.269594185054302216e-02 1.576853357255458832e-02 3.058218024671077728e-02 2.915887907147407532e-02 2.046485058963298798e-02 1.469374727457761765e-02 3.881585970520973206e-02 1.831819489598274231e-02 4.703477770090103149e-02 4.465034976601600647e-02 3.044768236577510834e-02 4.225097596645355225e-02 3.420899808406829834e-02 5.018438771367073059e-02 3.733512014150619507e-02 1.812584511935710907e-02 1.862242817878723145e-02 4.290819168090820312e-02 6.322684697806835175e-03 1.243576593697071075e-02 1.267978083342313766e-02 4.189112782478332520e-02 2.639492042362689972e-02 4.528915509581565857e-03 1.507607987150549889e-03 1.838740333914756775e-02 2.861544117331504822e-02 1.630736514925956726e-02 2.024969644844532013e-02 4.939564689993858337e-02 3.852384164929389954e-02 3.356349468231201172e-02 9.869190864264965057e-03 5.374837294220924377e-02 3.051249869167804718e-02 2.160431258380413055e-02 2.115819603204727173e-02 4.822627454996109009e-02 3.438149020075798035e-02 2.284434437751770020e-02 2.661027386784553528e-02 6.095916498452425003e-03 3.250249475240707397e-02 1.666049659252166748e-02 5.575611256062984467e-03 1.359466835856437683e-02 1.732286065816879272e-02 1.342443656176328659e-02 2.071645110845565796e-02 1.841018674895167351e-03 1.021344959735870361e-02 2.666562795639038086e-02 5.322809144854545593e-02 5.019263923168182373e-02 5.273041501641273499e-02 2.791098318994045258e-02
1.765299439430236816e-01 2.882674038410186768e-01 1.933677867054939270e-02 1.577199622988700867e-02 2.006787620484828949e-02 8.689732104539871216e-02 1.058748587965965271e-01 1.586997695267200470e-02 3.675736114382743835e-02 2.204683236777782440e-02 1.997778415679931641e-01 4.686009138822555542e-02 4.703190922737121582e-01 2.441670559346675873e-02 3.145659342408180237e-02 1.665153726935386658e-02 7.848503068089485168e-03 1.819758489727973938e-02 2.504510059952735901e-02 7.056931033730506897e-03 2.429245971143245697e-02 4.694239422678947449e-02 4.039094224572181702e-02 3.068972565233707428e-02 3.988125920295715332e-02 1.276532560586929321e-02 2.545945346355438232e-02 1.703429967164993286e-02 2.732476219534873962e-02 4.226542636752128601e-02 3.819520771503448486e-02 3.564381226897239685e-02 2.387742139399051666e-02 3.265443816781044006e-02 3.857015073299407959e-02 2.646344527602195740e-02 2.994417771697044373e-02 2.685302868485450745e-02 2.270926721394062042e-02 2.247317880392074585e-02 4.877407476305961609e-02 2.022474631667137146e-02 3.204929456114768982e-02 1.108624506741762161e-02 3.649547696113586426e-02 6.049443967640399933e-03 1.645252481102943420e-02 3.614213317632675171e-02 3.656597109511494637e-03 3.071352094411849976e-02 2.871276624500751495e-02 2.347218804061412811e-02 1.139501389116048813e-02 3.555012494325637817e-02 3.928802907466888428e-02 3.748695924878120422e-02 8.365735411643981934e-03 2.696857042610645294e-02 2.775732427835464478e-03 1.759307831525802612e-02 8.401070721447467804e-03 3.898421302437782288e-02 1.571504771709442139e-02 1.615907624363899231e-02 1.839482225477695465e-02 2.423766069114208221e-02 2.332057990133762360e-02 1.263391226530075073e-02 2.853771671652793884e-02 4.624818637967109680e-02 4.101023450493812561e-02 9.665624238550662994e-03 2.660167030990123749e-02 1.455816160887479782e-02 5.823638755828142166e-03 2.388936839997768402e-02 9.334817528724670410e-03 1.702953316271305084e-02 3.901543561369180679e-03 5.791362375020980835e-02 3.328679502010345459e-02 1.602373644709587097e-02 8.507780730724334717e-03 4.841002076864242554e-02 2.129363082349300385e-02 4.818361997604370117e-02 4.116501659154891968e-02 3.286487981677055359e-02 2.250737324357032776e-02 5.857976619154214859e-03 1.506308180978521705e-04 5.085195298306643963e-04 6.546597462147474289e-03 4.150828719139099121e-02 3.198038786649703979e-02 2.672489546239376068e-02 3.715231642127037048e-02 3.413444012403488159e-02 1.992534473538398743e-02 1.382919866591691971e-02 1.444825995713472366e-02 2.608033269643783569e-02 1.898172125220298767e-02 3.528854250907897949e-02 3.191543370485305786e-02 3.532920498400926590e-03 3.515814617276191711e-02 2.673592977225780487e-02 1.603407226502895355e-02 3.960530459880828857e-02 3.535486385226249695e-02 2.539708651602268219e-02 2.215250954031944275e-02 1.829303614795207977e-02 1.017481554299592972e-02 3.132914379239082336e-02
