5.116137266159057617e-01 2.040221095085144043e-01 8.474544156342744827e-04 5.782013013958930969e-02 4.963526502251625061e-02 1.749669909477233887e-01 1.124597564339637756e-01 1.301384437829256058e-02 9.152797050774097443e-03 3.205463290214538574e-03 1.124758496880531311e-01 5.716041661798954010e-03 9.307343512773513794e-02 1.862325705587863922e-02 2.951845340430736542e-02 2.559559606015682220e-02 1.961820758879184723e-02 2.767124585807323456e-02 3.259671851992607117e-02 3.068742901086807251e-02 3.828904777765274048e-02 3.288700059056282043e-02 2.970105269923806190e-03 1.126490999013185501e-02 3.351541468873620033e-03 4.219744820147752762e-03 1.059330720454454422e-02 4.170411266386508942e-04 4.514484852552413940e-02 1.595661789178848267e-02 2.762558870017528534e-02 1.614828361198306084e-03 5.003148689866065979e-03 1.260664872825145721e-02 1.606790581718087196e-03 3.322061151266098022e-02 2.191599644720554352e-02 1.047318987548351288e-02 9.159667417407035828e-03 8.219827897846698761e-03 4.428946599364280701e-02 3.678089473396539688e-03 4.593349620699882507e-02 6.328904069960117340e-03 2.321900427341461182e-02 5.225080251693725586e-02 1.606919467449188232e-01 6.931158900260925293e-02 5.258416756987571716e-02 2.669809944927692413e-02 5.826367996633052826e-03 4.522973299026489258e-02 1.399031933397054672e-02 1.551407109946012497e-02 1.375928055495023727e-02 2.412358671426773071e-02 1.484960597008466721e-02 1.740011945366859436e-02 6.855169776827096939e-03 2.720084972679615021e-03 3.200752660632133484e-02 8.386217989027500153e-03 2.607687190175056458e-02 3.003298118710517883e-02 3.120749723166227341e-03 4.917271807789802551e-02 4.932760447263717651e-02 3.530455380678176880e-02 6.542605813592672348e-03 2.235214412212371826e-02 1.889726147055625916e-02 4.453240893781185150e-03 8.030605502426624298e-03 2.958202734589576721e-02 1.120787765830755234e-02 1.608341000974178314e-02 2.618496119976043701e-02 2.515094913542270660e-02 2.082067355513572693e-02 3.989676013588905334e-02 5.484811495989561081e-03 1.442772336304187775e-02 2.774032205343246460e-02 1.713320799171924591e-02 4.123283922672271729e-02 4.383868351578712463e-02 2.561006881296634674e-02 4.529690369963645935e-03 2.682224102318286896e-02 2.791591361165046692e-02 1.701219007372856140e-02 9.790574200451374054e-03 3.719908371567726135e-02 2.249809168279170990e-02 3.131178440526127815e-03 5.742018111050128937e-03 2.088573016226291656e-02 2.840581722557544708e-02 4.102331772446632385e-02 3.051550500094890594e-02 2.504300139844417572e-02 2.163366787135601044e-02 4.500818997621536255e-02 1.289510540664196014e-02 4.004215076565742493e-02 3.997936844825744629e-02 2.977101877331733704e-02 2.070382237434387207e-02 1.029411982744932175e-02 6.649074493907392025e-04 4.239810630679130554e-02 4.751959349960088730e-03 1.020238734781742096e-02 1.986042410135269165e-02 4.193994775414466858e-02 1.419482473284006119e-02
2.040221095085144043e-01 5.092118382453918457e-01 1.744244061410427094e-02 1.407817285507917404e-02 1.857478544116020203e-02 1.743248850107192993e-01 1.265614777803421021e-01 2.125294506549835205e-02 2.403986640274524689e-03 4.338331520557403564e-03 9.219679981470108032e-02 7.145920302718877792e-03 1.195116862654685974e-01 3.402909636497497559e-02 2.801623940467834473e-02 1.655166968703269958e-02 1.539770234376192093e-02 7.362144067883491516e-03 4.562089219689369202e-02 3.034232929348945618e-02 1.879917690530419350e-03 2.765613235533237457e-02 1.954003237187862396e-03 1.725005358457565308e-02 9.548430331051349640e-03 3.930976614356040955e-02 1.775829307734966278e-02 5.637460388243198395e-03 5.305811017751693726e-02 4.158712457865476608e-03 3.798744827508926392e-02 7.742663845419883728e-03 1.296292897313833237e-02 2.162423171103000641e-02 6.857360713183879852e-03 2.091105468571186066e-02 2.884441427886486053e-02 9.035884286276996136e-04 2.316900715231895447e-02 1.043257117271423340e-02 3.574621304869651794e-02 5.035857204347848892e-03 2.896516770124435425e-02 1.487552002072334290e-02 2.187638729810714722e-02 3.874449804425239563e-02 1.483947634696960449e-01 1.099706366658210754e-01 3.170691803097724915e-02 2.992644533514976501e-02 1.762112788856029510e-02 3.658821061253547668e-02 3.593862056732177734e-02 2.323129028081893921e-02 3.348451573401689529e-04 2.805627882480621338e-02 5.027549341320991516e-03 1.261209417134523392e-02 2.282043732702732086e-02 7.036710623651742935e-03 1.104581821709871292e-02 4.031293839216232300e-02 2.699533477425575256e-02 3.046748228371143341e-02 1.280777063220739365e-02 4.264419525861740112e-02 4.561725631356239319e-02 4.877990856766700745e-02 1.280188653618097305e-02 2.521162666380405426e-02 2.684444561600685120e-02 3.871620632708072662e-03 4.369620233774185181e-02 3.970535844564437866e-02 1.116563845425844193e-02 2.122273482382297516e-02 3.504211828112602234e-02 2.373255230486392975e-02 6.353018805384635925e-03 3.522724658250808716e-02 1.295992452651262283e-02 1.468864083290100098e-02 1.767627894878387451e-02 2.474226802587509155e-02 4.253739863634109497e-02 4.356360808014869690e-02 1.141487713903188705e-02 1.355003751814365387e-02 2.270285598933696747e-02 1.724662631750106812e-02 1.612780988216400146e-02 4.284437280148267746e-03 1.384635339491069317e-03 2.932566590607166290e-02 7.315639872103929520e-03 1.004376914352178574e-02 2.206210605800151825e-02 2.820602618157863617e-02 3.681666404008865356e-02 2.926651760935783386e-02 4.713611211627721786e-03 3.403982613235712051e-03 3.941147401928901672e-02 3.229567408561706543e-02 3.993337601423263550e-02 4.375235736370086670e-02 3.329619998112320900e-03 4.858998581767082214e-02 2.765761921182274818e-03 4.736378323286771774e-03 1.755091920495033264e-02 3.888819483108818531e-04 2.981815719977021217e-03 3.925492241978645325e-02 2.554068155586719513e-02 7.931977510452270508e-03
8.474544156342744827e-04 1.744244061410427094e-02 4.932624697685241699e-01 1.445598155260086060e-02 1.093497872352600098e-02 3.747627139091491699e-02 4.051296412944793701e-02 9.770720452070236206e-02 1.773112639784812927e-02 2.208045497536659241e-02 2.597623504698276520e-02 4.099574312567710876e-02 3.987843543291091919e-02 3.616269305348396301e-02 3.156848717480897903e-03 3.081514872610569000e-02 9.861722588539123535e-03 2.715924568474292755e-02 7.720906869508326054e-04 2.864006720483303070e-02 1.064135134220123291e-02 4.808265715837478638e-02 1.205946039408445358e-02 2.098312415182590485e-02 4.281596094369888306e-02 2.722484804689884186e-02 6.137073040008544922e-03 6.197543349117040634e-03 2.206673659384250641e-02 1.228861790150403976e-02 4.396437853574752808e-02 1.460367999970912933e-02 2.926024794578552246e-02 7.202471606433391571e-03 7.207347452640533447e-02 3.461055085062980652e-02 2.430964447557926178e-02 3.428973257541656494e-02 5.533622205257415771e-02 2.566715702414512634e-02 2.215563692152500153e-02 4.003791511058807373e-02 1.748455874621868134e-02 4.963987693190574646e-02 3.423848375678062439e-02 1.029582694172859192e-02 1.631129905581474304e-02 1.964174397289752960e-02 1.057304162532091141e-02 8.047842420637607574e-03 2.015335485339164734e-02 3.667676076292991638e-02 8.457113057374954224e-03 1.669465936720371246e-02 1.280409097671508789e-02 8.620017208158969879e-03 4.958394169807434082e-02 2.411491237580776215e-02 8.684306591749191284e-02 1.797289028763771057e-02 1.022729184478521347e-02 3.929431736469268799e-02 1.516673248261213303e-02 3.782485425472259521e-02 3.093819320201873779e-02 1.588777266442775726e-02 6.059287581592798233e-03 1.185695407912135124e-03 3.967107832431793213e-02 7.440682500600814819e-03 3.596781566739082336e-02 4.372153058648109436e-02 3.088850528001785278e-02 2.014569193124771118e-02 3.197653219103813171e-02 1.112070214003324509e-02 3.374981880187988281e-02 3.981904312968254089e-02 1.625913195312023163e-02 3.094496950507164001e-02 1.873577833175659180e-01 1.726520955562591553e-01 1.670010946691036224e-02 4.207813739776611328e-02 3.564241155982017517e-02 3.733740746974945068e-02 1.086099445819854736e-01 9.211307764053344727e-02 2.623154968023300171e-02 3.129249066114425659e-02 1.403370033949613571e-02 4.312942735850811005e-03 3.725881502032279968e-02 3.248352929949760437e-02 4.476139321923255920e-02 2.780941128730773926e-02 3.725462779402732849e-02 4.894294310361146927e-03 1.978815533220767975e-02 2.216725237667560577e-02 9.152697399258613586e-03 1.500003039836883545e-02 3.257497027516365051e-02 2.252657338976860046e-02 7.836876809597015381e-02 4.279771447181701660e-02 2.742183860391378403e-03 2.446239441633224487e-02 5.118650384247303009e-03 7.722353562712669373e-03 2.326100505888462067e-02 3.919838368892669678e-02 3.036716394126415253e-02 3.655193746089935303e-02 2.853121608495712280e-02 2.134697139263153076e-02
5.782013013958930969e-02 1.407817285507917404e-02 1.445598155260086060e-02 4.990023076534271240e-01 1.982350796461105347e-01 1.249668840318918228e-02 5.022993683815002441e-02 3.330839797854423523e-02 2.656243368983268738e-02 1.738155260682106018e-03 5.820109322667121887e-02 1.202760636806488037e-02 1.169579103589057922e-02 3.144593676552176476e-03 1.610706187784671783e-02 7.666696910746395588e-05 2.450159564614295959e-02 5.873716622591018677e-02 5.641466472297906876e-03 1.710219122469425201e-02 1.324624475091695786e-02 4.157022759318351746e-02 4.518451169133186340e-02 3.598528727889060974e-02 8.967689238488674164e-03 1.858806423842906952e-02 1.600046455860137939e-02 3.816550597548484802e-02 1.657373504713177681e-03 2.640316076576709747e-02 3.094618767499923706e-02 3.279142454266548157e-02 5.714304745197296143e-03 1.038976665586233139e-02 2.015708573162555695e-02 3.231823816895484924e-02 6.637513171881437302e-03 1.556099578738212585e-02 3.407426923513412476e-02 3.412779048085212708e-02 3.691119328141212463e-02 4.257500916719436646e-02 3.142391145229339600e-02 3.642004728317260742e-02 3.263348340988159180e-02 5.847151950001716614e-02 3.758608596399426460e-03 7.763061672449111938e-03 3.358751535415649414e-02 5.800862330943346024e-03 4.353456199169158936e-02 4.529595840722322464e-03 2.769561111927032471e-02 9.123275987803936005e-03 1.702970080077648163e-02 3.520865924656391144e-03 9.347292594611644745e-03 1.981528662145137787e-02 6.196746975183486938e-02 2.710468694567680359e-02 8.784168213605880737e-02 1.145484950393438339e-02 8.604971319437026978e-02 6.414972990751266479e-02 2.750440500676631927e-02 3.835136443376541138e-02 5.096390843391418457e-03 2.006974071264266968e-03 2.217602543532848358e-02 1.223329454660415649e-02 3.278189525008201599e-02 3.325487300753593445e-02 1.421024799346923828e-01 3.760772198438644409e-02 5.310567468404769897e-02 2.364584943279623985e-03 8.479256182909011841e-02 5.646752938628196716e-02 2.968388050794601440e-02 1.794951595366001129e-02 3.683464601635932922e-02 3.395720198750495911e-02 1.218546554446220398e-02 2.348355203866958618e-02 2.909674309194087982e-02 1.905608177185058594e-02 4.378786310553550720e-02 3.609412163496017456e-02 1.878277212381362915e-02 5.917640775442123413e-02 1.378134358674287796e-03 5.025745928287506104e-02 5.070334300398826599e-02 3.893032670021057129e-02 2.846621349453926086e-02 7.353956345468759537e-03 2.327690273523330688e-02 3.020735830068588257e-02 3.113063052296638489e-02 3.809919208288192749e-02 7.736537605524063110e-03 4.616085439920425415e-03 4.404504969716072083e-02 8.172714151442050934e-03 5.049332603812217712e-02 2.020555082708597183e-03 3.204674646258354187e-02 5.412074550986289978e-02 1.306055765599012375e-02 3.087707981467247009e-02 3.562267497181892395e-02 1.947915554046630859e-02 4.557428508996963501e-02 3.249549493193626404e-02 1.704411581158638000e-02 3.806833550333976746e-02
4.963526502251625061e-02 1.857478544116020203e-02 1.093497872352600098e-02 1.982350796461105347e-01 4.954584538936614990e-01 1.913440041244029999e-02 3.096438944339752197e-02 4.433767497539520264e-02 6.143074948340654373e-03 5.281197652220726013e-02 2.791238389909267426e-02 2.805894182529300451e-04 1.890171132981777191e-02 5.583181232213973999e-02 2.690738812088966370e-02 2.174386009573936462e-02 1.581421494483947754e-02 3.210943937301635742e-02 4.401407018303871155e-02 7.561830803751945496e-03 1.690235547721385956e-02 4.334080591797828674e-02 1.005083881318569183e-02 3.856191784143447876e-02 1.560251414775848389e-02 3.325707837939262390e-02 4.202693700790405273e-02 2.363496460020542145e-02 1.707476476440206170e-04 3.541682660579681396e-02 2.473686821758747101e-02 2.007009834051132202e-02 3.916338086128234863e-02 9.855149313807487488e-03 3.878369927406311035e-02 3.672527149319648743e-02 2.818268351256847382e-02 1.071570068597793579e-02 1.098540332168340683e-02 4.290258139371871948e-02 4.528150707483291626e-02 5.777752026915550232e-03 1.904541067779064178e-02 2.930638007819652557e-02 8.322536945343017578e-03 4.050366953015327454e-02 1.105674076825380325e-02 4.806919954717159271e-03 2.835193835198879242e-02 2.121084928512573242e-02 4.151792731136083603e-03 4.874860402196645737e-03 4.814307019114494324e-02 2.981775626540184021e-02 8.406748995184898376e-03 4.526345059275627136e-02 2.341806888580322266e-02 4.806578159332275391e-02 5.075047910213470459e-02 2.987845800817012787e-02 5.743651464581489563e-02 2.506123669445514679e-02 6.382559239864349365e-02 7.480368018150329590e-02 1.791825331747531891e-02 4.984857514500617981e-02 6.154586095362901688e-03 6.341508589684963226e-03 4.786421079188585281e-03 8.201284334063529968e-03 2.883724309504032135e-02 1.670683547854423523e-02 1.018524542450904846e-01 4.460945352911949158e-02 8.120361715555191040e-02 4.580070823431015015e-02 3.303446620702743530e-02 1.577324233949184418e-02 2.088329382240772247e-02 2.717683278024196625e-02 4.488075524568557739e-02 3.207575529813766479e-02 4.362469073385000229e-03 4.854744672775268555e-02 2.293759025633335114e-02 1.937060430645942688e-02 2.508368901908397675e-02 3.166547045111656189e-02 2.479711547493934631e-02 5.042042583227157593e-03 2.048675436526536942e-03 5.191991478204727173e-02 5.069416761398315430e-02 4.727109894156455994e-02 3.383725881576538086e-02 1.835943199694156647e-02 6.479616742581129074e-03 1.133896037936210632e-02 1.425414532423019409e-02 3.522775694727897644e-02 2.041058987379074097e-02 1.623964868485927582e-02 1.175301987677812576e-02 4.207118600606918335e-02 2.213711477816104889e-02 2.470977790653705597e-02 6.169242039322853088e-02 5.212480574846267700e-02 1.318274717777967453e-02 3.848706185817718506e-02 2.080906368792057037e-02 2.425483241677284241e-02 6.469594780355691910e-03 9.203577414155006409e-03 3.784919390454888344e-03 2.046730555593967438e-02
1.749669909477233887e-01 1.743248850107192993e-01 3.747627139091491699e-02 1.249668840318918228e-02 1.913440041244029999e-02 5.148571133613586426e-01 1.641512513160705566e-01 3.556751087307929993e-02 6.706059793941676617e-04 1.301665697246789932e-02 5.345952510833740234e-02 7.224234938621520996e-02 7.884172350168228149e-02 7.855702191591262817e-02 1.513768802396953106e-03 1.025632396340370178e-02 2.664455957710742950e-02 3.641581162810325623e-02 3.647889196872711182e-02 7.685823366045951843e-03 3.558981418609619141e-02 2.770259510725736618e-03 8.312322199344635010e-03 1.343568880110979080e-02 5.975617561489343643e-03 6.516952812671661377e-02 4.113856330513954163e-02 1.185166239738464355e-01 1.162176672369241714e-02 8.941168338060379028e-02 5.431123822927474976e-02 4.656880721449851990e-02 9.836418554186820984e-03 5.264844000339508057e-02 1.594425295479595661e-03 4.761939868330955505e-03 4.052256420254707336e-02 1.604184508323669434e-02 1.007349602878093719e-02 4.953088238835334778e-03 2.867035567760467529e-02 6.684877909719944000e-03 3.907305002212524414e-02 1.044258195906877518e-02 2.355662360787391663e-02 4.744171351194381714e-02 1.662535965442657471e-01 7.786282896995544434e-02 2.197191352024674416e-03 5.424616858363151550e-02 5.288545973598957062e-03 3.427250310778617859e-02 2.132135414285585284e-04 4.055870696902275085e-02 5.835165269672870636e-03 6.469727959483861923e-03 1.432917919009923935e-02 2.142906375229358673e-02 3.718395158648490906e-02 4.191315919160842896e-02 8.928052149713039398e-03 1.035925466567277908e-02 3.843293711543083191e-02 3.769306093454360962e-02 3.996675461530685425e-02 2.915077656507492065e-02 2.048308216035366058e-02 1.302057877182960510e-02 2.145186252892017365e-02 1.054878346621990204e-03 1.875819079577922821e-02 1.367503870278596878e-02 3.271839767694473267e-02 1.320887077599763870e-02 2.318909578025341034e-02 3.102567233145236969e-02 2.286536246538162231e-02 1.280348561704158783e-02 5.018912721425294876e-03 5.100512877106666565e-03 3.671459481120109558e-02 1.576129533350467682e-02 1.863319799304008484e-02 3.025347553193569183e-02 4.616883024573326111e-02 3.875797986984252930e-02 4.119126871228218079e-02 3.821658343076705933e-02 1.438673306256532669e-02 5.988404736854135990e-04 1.134622097015380859e-02 4.069110006093978882e-02 3.036467544734477997e-02 2.605403587222099304e-02 4.522255156189203262e-03 5.803840700536966324e-03 3.733086958527565002e-02 3.329808264970779419e-02 4.384453967213630676e-02 3.133456781506538391e-02 4.382386803627014160e-02 4.913438484072685242e-02 4.554597195237874985e-03 3.693055734038352966e-02 6.524925585836172104e-03 3.112713806331157684e-02 2.065114490687847137e-02 2.090794220566749573e-02 3.488210961222648621e-02 1.439527701586484909e-02 3.419181704521179199e-02 3.065252490341663361e-02 2.019203020608983934e-05 2.468783967196941376e-02 2.188505232334136963e-02 4.059437196701765060e-03
1.124597564339637756e-01 1.265614777803421021e-01 4.051296412944793701e-02 5.022993683815002441e-02 3.096438944339752197e-02 1.641512513160705566e-01 5.113962888717651367e-01 3.114213421940803528e-02 6.146938726305961609e-02 1.725749485194683075e-02 4.177960753440856934e-02 4.211860243231058121e-03 7.007710635662078857e-02 7.113046199083328247e-02 3.190236911177635193e-02 3.266548737883567810e-02 3.741278499364852905e-02 4.287983477115631104e-02 4.625929519534111023e-02 4.541388154029846191e-02 8.690580725669860840e-03 1.444843132048845291e-02 9.994911670219153166e-05 2.375954948365688324e-02 2.701717987656593323e-02 4.105659201741218567e-02 3.961742669343948364e-02 3.182120993733406067e-02 4.698497429490089417e-02 3.497955948114395142e-02 2.681129612028598785e-02 5.379971582442522049e-03 3.770831599831581116e-02 1.067197043448686600e-02 3.667787089943885803e-02 1.030786661431193352e-03 5.468701571226119995e-02 3.807833418250083923e-03 5.488249287009239197e-02 3.152540326118469238e-02 1.362075470387935638e-02 2.391188032925128937e-02 2.354563772678375244e-02 1.645660842768847942e-03 3.799410536885261536e-03 4.298136755824089050e-02 1.329023092985153198e-01 1.004971191287040710e-01 1.428152248263359070e-02 3.484538570046424866e-02 1.992320828139781952e-02 1.387968659400939941e-02 3.587200865149497986e-02 3.678079321980476379e-02 4.840699210762977600e-02 4.614537581801414490e-03 3.766923770308494568e-02 5.073803290724754333e-02 1.055296696722507477e-02 2.835274115204811096e-02 5.514949932694435120e-02 1.023748703300952911e-02 1.137630548328161240e-02 2.993193268775939941e-02 3.753820434212684631e-02 5.133440718054771423e-02 3.153536468744277954e-02 3.801321238279342651e-02 2.319072373211383820e-02 2.667056210339069366e-02 2.530816942453384399e-02 3.189840912818908691e-02 1.488893944770097733e-02 4.167615249752998352e-02 4.533987492322921753e-02 1.604399643838405609e-02 1.848216913640499115e-02 1.613753288984298706e-02 6.726724561303853989e-03 4.414225742220878601e-02 3.192670643329620361e-02 1.185726141557097435e-03 5.720866844058036804e-02 1.156804896891117096e-02 2.896603662520647049e-03 2.606079727411270142e-02 3.898501768708229065e-02 3.638876974582672119e-02 4.940799996256828308e-02 5.129199707880616188e-04 3.559868037700653076e-02 3.969695046544075012e-02 2.170150354504585266e-02 2.786854282021522522e-02 3.363757207989692688e-02 7.477565202862024307e-03 3.572741150856018066e-02 7.923879660665988922e-03 4.628319293260574341e-02 1.784394308924674988e-02 2.147047594189643860e-02 2.207483164966106415e-03 1.417981181293725967e-02 3.789903223514556885e-02 2.694358699955046177e-04 3.847977146506309509e-02 3.869941225275397301e-03 1.708557270467281342e-02 5.028381478041410446e-03 4.839808214455842972e-03 3.228095918893814087e-02 1.584939658641815186e-02 5.845109745860099792e-02 1.139464043080806732e-02 3.688835352659225464e-02 2.092926576733589172e-02
1.301384437829256058e-02 2.125294506549835205e-02 9.770720452070236206e-02 3.330839797854423523e-02 4.433767497539520264e-02 3.556751087307929993e-02 3.114213421940803528e-02 5.097976326942443848e-01 4.409715160727500916e-02 3.115214221179485321e-02 1.714232191443443298e-02 9.903687052428722382e-03 3.281452879309654236e-02 2.069895528256893158e-02 1.488350629806518555e-01 2.869876800104975700e-03 7.921542041003704071e-03 3.684709221124649048e-02 4.649794846773147583e-02 2.115233615040779114e-02 3.187390416860580444e-02 5.555110052227973938e-02 1.725084963254630566e-03 2.127860300242900848e-02 2.136455476284027100e-02 3.515941277146339417e-02 5.686233192682266235e-02 4.808728699572384357e-04 1.848488673567771912e-02 2.100549265742301941e-02 4.500175360590219498e-03 1.730727218091487885e-02 5.317251663655042648e-03 5.751814693212509155e-03 4.504580423235893250e-02 4.155885428190231323e-02 1.286625862121582031e-02 2.976517379283905029e-02 2.571127377450466156e-02 2.694199047982692719e-02 1.013454142957925797e-02 1.856186799705028534e-02 7.238368852995336056e-04 4.820052161812782288e-02 3.702291520312428474e-03 1.847741007804870605e-02 3.784272819757461548e-02 3.435602411627769470e-02 3.858517482876777649e-02 1.177616138011217117e-02 3.208494931459426880e-02 3.824915364384651184e-02 7.863425649702548981e-03 4.310083389282226562e-02 4.767123237252235413e-02 4.263270646333694458e-02 1.930001936852931976e-02 3.741918504238128662e-02 2.717866376042366028e-02 2.404120750725269318e-02 3.105667186900973320e-03 4.704997316002845764e-02 3.660327941179275513e-02 2.656915038824081421e-02 9.092488326132297516e-03 3.547259373590350151e-03 1.401948928833007812e-02 1.544038485735654831e-02 3.299591317772865295e-02 4.710529744625091553e-02 3.984276670962572098e-03 4.815069586038589478e-02 4.777141846716403961e-03 5.738261621445417404e-03 4.058361053466796875e-02 5.424812808632850647e-02 1.677919365465641022e-02 1.348524261265993118e-02 4.494220484048128128e-03 3.056778386235237122e-02 1.433626115322113037e-01 1.042884364724159241e-01 8.410899899899959564e-03 9.047306142747402191e-03 4.198337346315383911e-02 4.695821925997734070e-02 1.213352605700492859e-01 1.188217923045158386e-01 2.802767045795917511e-02 3.015146777033805847e-02 3.386128693819046021e-02 4.285070672631263733e-02 2.119484171271324158e-02 5.071511864662170410e-02 2.537646098062396049e-03 2.345055714249610901e-02 4.187485668808221817e-03 6.828697770833969116e-02 1.033243630081415176e-02 2.354564890265464783e-02 2.482923865318298340e-02 3.621204989030957222e-03 4.495598375797271729e-02 1.038406323641538620e-02 4.924561828374862671e-02 5.873085465282201767e-04 5.004584044218063354e-02 3.392095863819122314e-02 1.742503978312015533e-02 3.461885079741477966e-02 1.702100969851016998e-02 6.371455732733011246e-03 3.028987161815166473e-02 4.308302327990531921e-02 2.415464073419570923e-02 1.402980834245681763e-02
9.152797050774097443e-03 2.403986640274524689e-03 1.773112639784812927e-02 2.656243368983268738e-02 6.143074948340654373e-03 6.706059793941676617e-04 6.146938726305961609e-02 4.409715160727500916e-02 4.994874894618988037e-01 3.267830982804298401e-02 4.339432716369628906e-02 5.232480913400650024e-02 4.446708783507347107e-02 1.553097646683454514e-02 5.121586099267005920e-02 1.927546598017215729e-02 5.430490896105766296e-02 8.668725192546844482e-02 4.646771773695945740e-02 7.058483082801103592e-03 2.098335884511470795e-02 1.981000415980815887e-02 2.482850663363933563e-02 1.030517648905515671e-02 2.420724369585514069e-02 3.420868888497352600e-02 7.900770870037376881e-04 1.172559242695569992e-02 2.781300805509090424e-02 3.282148763537406921e-02 4.410937801003456116e-02 6.129532679915428162e-02 6.119844317436218262e-02 1.234594639390707016e-02 3.741446509957313538e-02 2.980154938995838165e-02 3.495151922106742859e-02 2.607717365026473999e-02 3.246987238526344299e-02 7.657243870198726654e-03 9.526206180453300476e-03 6.331241689622402191e-03 1.228266395628452301e-02 2.124646119773387909e-02 6.976026296615600586e-02 2.792954072356224060e-02 3.023810870945453644e-02 1.825918070971965790e-02 1.068578809499740601e-01 2.033475600183010101e-02 4.605074599385261536e-02 1.375059504061937332e-02 5.038051865994930267e-03 2.278451621532440186e-02 1.011251285672187805e-01 2.281370386481285095e-02 1.318861823529005051e-02 3.693534759804606438e-03 4.035148769617080688e-02 8.661330677568912506e-03 3.745298460125923157e-02 5.504484847187995911e-02 2.404736727476119995e-02 2.253609336912631989e-02 9.602687321603298187e-03 3.026731684803962708e-02 2.335112774744629860e-03 3.974371589720249176e-03 7.054979354143142700e-02 1.369375269860029221e-02 9.137557819485664368e-03 4.024663567543029785e-02 1.176453381776809692e-02 1.453872863203287125e-02 1.250095944851636887e-02 4.270453378558158875e-02 1.527297347784042358e-01 2.167310798540711403e-03 7.114486396312713623e-02 3.062579035758972168e-02 1.283067092299461365e-02 1.569872722029685974e-02 4.782275110483169556e-02 3.949626535177230835e-02 2.266254089772701263e-02 1.698672212660312653e-02 3.714884072542190552e-02 3.952720761299133301e-02 1.180387139320373535e-01 7.966851815581321716e-03 4.654825199395418167e-03 4.956898046657443047e-04 1.640165038406848907e-02 2.536829747259616852e-02 4.817771539092063904e-02 1.707266643643379211e-02 1.592340879142284393e-02 3.734692558646202087e-02 4.047628864645957947e-02 3.048829361796379089e-02 1.635651290416717529e-02 2.660260535776615143e-02 1.017769053578376770e-02 1.620426774024963379e-02 5.145084112882614136e-02 4.800225794315338135e-02 4.577722400426864624e-03 4.401746764779090881e-02 1.449450151994824409e-03 4.786127433180809021e-02 2.262985333800315857e-02 9.479745291173458099e-03 1.762821897864341736e-02 2.502617891877889633e-03 2.073226682841777802e-02 1.126016303896903992e-02
3.205463290214538574e-03 4.338331520557403564e-03 2.208045497536659241e-02 1.738155260682106018e-03 5.281197652220726013e-02 1.301665697246789932e-02 1.725749485194683075e-02 3.115214221179485321e-02 3.267830982804298401e-02 5.115346908569335938e-01 7.146126125007867813e-03 1.140521746128797531e-02 8.590259589254856110e-03 6.135779246687889099e-02 2.742744795978069305e-02 1.411429792642593384e-02 2.724221721291542053e-02 6.856103427708148956e-03 1.011014953255653381e-01 6.670346483588218689e-03 1.494983118027448654e-02 4.579475522041320801e-02 3.508420661091804504e-02 6.179537996649742126e-02 1.514930743724107742e-02 5.303719080984592438e-03 2.115376107394695282e-02 1.956163719296455383e-02 4.817573819309473038e-03 2.531047677621245384e-03 6.696665659546852112e-03 6.990137696266174316e-02 2.568447217345237732e-02 1.401362754404544830e-02 2.560006454586982727e-02 3.223805129528045654e-02 4.750205203890800476e-02 1.109089050441980362e-02 4.467311874032020569e-02 1.549735013395547867e-02 1.575491763651371002e-02 2.628635242581367493e-02 2.270434051752090454e-02 7.680379319936037064e-03 2.705583348870277405e-02 5.514548346400260925e-02 3.484765184111893177e-04 5.011449567973613739e-03 4.705466330051422119e-02 1.318227350711822510e-01 2.357516903430223465e-03 3.826773492619395256e-03 1.355671789497137070e-02 3.196584060788154602e-02 2.510918490588665009e-02 9.258583188056945801e-02 4.619879648089408875e-02 3.745022788643836975e-02 3.194665908813476562e-02 3.625204041600227356e-02 1.694821380078792572e-02 3.294825181365013123e-02 2.065980108454823494e-03 1.694918982684612274e-02 3.497416526079177856e-02 7.946769706904888153e-03 3.321542590856552124e-02 5.854206532239913940e-02 4.379154648631811142e-03 4.498807340860366821e-02 5.652830004692077637e-02 1.140660140663385391e-03 4.550319910049438477e-02 4.689012840390205383e-02 3.275718167424201965e-02 1.988084241747856140e-02 4.059496149420738220e-02 1.301609724760055542e-01 8.230839855968952179e-03 1.611515581607818604e-01 3.317985311150550842e-02 3.513815253973007202e-02 1.843018271028995514e-02 7.760449498891830444e-02 1.520705223083496094e-02 3.209912776947021484e-02 4.268051311373710632e-02 4.272777959704399109e-02 3.150875866413116455e-02 1.038237884640693665e-01 8.967652916908264160e-03 3.447075933218002319e-02 4.254855681210756302e-03 2.115076594054698944e-02 3.941202163696289062e-02 2.858235128223896027e-02 3.415566752664744854e-04 2.843435294926166534e-02 3.456543013453483582e-02 1.408115308731794357e-02 5.926433950662612915e-02 2.357330638915300369e-03 2.046903595328330994e-02 2.373554045334458351e-03 2.780545875430107117e-02 3.448466584086418152e-02 4.501443728804588318e-02 3.954183310270309448e-02 2.171439304947853088e-02 2.433772012591362000e-02 3.120095469057559967e-02 1.400674134492874146e-02 3.457825258374214172e-02 6.183799268910661340e-05 2.029692381620407104e-02 1.934068091213703156e-02
1.124758496880531311e-01 9.219679981470108032e-02 2.597623504698276520e-02 5.820109322667121887e-02 2.791238389909267426e-02 5.345952510833740234e-02 4.177960753440856934e-02 1.714232191443443298e-02 4.339432716369628906e-02 7.146126125007867813e-03 5.172447562217712402e-01 4.286371916532516479e-02 1.055083870887756348e-01 1.503683719784021378e-02 4.723649844527244568e-02 2.264472842216491699e-02 1.356499176472425461e-02 2.260814188048243523e-03 3.160172328352928162e-02 1.233749464154243469e-02 4.785100743174552917e-02 1.033596135675907135e-02 1.861451193690299988e-02 1.008588820695877075e-02 7.919827476143836975e-03 1.214945968240499496e-02 8.669775910675525665e-03 2.910805679857730865e-02 9.557673335075378418e-02 2.026401646435260773e-02 7.863724976778030396e-02 5.285673309117555618e-03 1.216311100870370865e-02 3.870013402774930000e-03 2.297129947692155838e-03 4.848996549844741821e-02 1.525972224771976471e-02 5.458462983369827271e-02 6.162543315440416336e-03 2.126061916351318359e-02 1.920314505696296692e-02 1.467382651753723621e-03 3.854254260659217834e-02 3.966698050498962402e-02 1.219065114855766296e-02 5.229198932647705078e-02 8.791819214820861816e-02 5.995614081621170044e-02 4.483011364936828613e-02 8.071162737905979156e-03 3.225534781813621521e-02 3.757767006754875183e-02 1.780711859464645386e-02 2.238301001489162445e-02 1.510256156325340271e-02 5.119581692270003259e-05 1.305317040532827377e-02 1.245237886905670166e-02 2.613458037376403809e-02 4.226632299832999706e-04 2.869755215942859650e-02 2.962141484022140503e-02 2.659337036311626434e-02 1.054608449339866638e-02 1.074261069297790527e-01 5.156779661774635315e-02 4.240376129746437073e-02 5.703370645642280579e-02 1.721131056547164917e-02 2.608747594058513641e-02 2.396406047046184540e-02 4.511635378003120422e-02 2.692462503910064697e-02 4.288120195269584656e-02 6.100387312471866608e-03 3.115532360970973969e-02 4.621559381484985352e-02 3.280271589756011963e-02 1.140030380338430405e-02 4.106559604406356812e-02 2.331697195768356323e-02 1.665046066045761108e-02 1.391052361577749252e-02 3.544196719303727150e-03 3.887672349810600281e-02 4.037208110094070435e-02 7.217569649219512939e-02 3.323380649089813232e-02 5.660377070307731628e-02 4.291398450732231140e-02 6.604198366403579712e-02 6.068966537714004517e-02 2.615316770970821381e-02 5.302042700350284576e-03 5.823335377499461174e-04 2.362156659364700317e-02 1.684226840734481812e-02 3.070203587412834167e-02 4.124336317181587219e-02 1.898360252380371094e-02 5.699933506548404694e-03 8.669379749335348606e-04 1.614683493971824646e-02 1.973978243768215179e-02 6.293834745883941650e-02 3.028828278183937073e-02 2.852078527212142944e-02 1.469719223678112030e-02 4.235188476741313934e-03 4.238299652934074402e-02 2.214420214295387268e-02 3.095406293869018555e-02 6.453647278249263763e-03 4.691358655691146851e-02 5.472632870078086853e-02 2.673341333866119385e-02
5.716041661798954010e-03 7.145920302718877792e-03 4.099574312567710876e-02 1.202760636806488037e-02 2.805894182529300451e-04 7.224234938621520996e-02 4.211860243231058121e-03 9.903687052428722382e-03 5.232480913400650024e-02 1.140521746128797531e-02 4.286371916532516479e-02 5.022562146186828613e-01 5.285111069679260254e-02 1.453741639852523804e-01 1.034808903932571411e-02 5.050166696310043335e-02 5.221487209200859070e-02 4.354421515017747879e-03 2.502686716616153717e-02 6.207443028688430786e-02 2.121970243752002716e-02 1.191572751849889755e-02 2.262714877724647522e-02 5.894505418837070465e-03 1.939947903156280518e-02 3.933575749397277832e-02 2.148797735571861267e-02 1.276976019144058228e-01 1.376280374825000763e-02 7.715836167335510254e-02 3.483548061922192574e-03 1.696118712425231934e-02 7.543846149928867817e-04 7.062855642288923264e-03 4.579546675086021423e-02 8.081061765551567078e-03 2.186138881370425224e-03 1.401875913143157959e-02 1.974895223975181580e-02 5.046126246452331543e-02 3.823905019089579582e-03 4.846380278468132019e-02 4.817498382180929184e-03 3.807764127850532532e-02 1.056008487939834595e-01 5.663964524865150452e-02 1.198434270918369293e-03 9.238408878445625305e-03 2.638394199311733246e-02 5.746677145361900330e-02 1.938010193407535553e-02 1.795325055718421936e-02 2.539114281535148621e-02 4.765182361006736755e-02 1.649607671424746513e-03 2.584329620003700256e-02 1.907792640849947929e-03 5.931149795651435852e-02 2.034106291830539703e-02 1.173699926584959030e-02 4.150473326444625854e-02 7.454968523234128952e-03 4.903003200888633728e-02 1.155944447964429855e-02 3.771902248263359070e-02 4.289929196238517761e-02 2.295376174151897430e-02 3.509183973073959351e-02 1.601711846888065338e-02 3.746695071458816528e-02 2.630544267594814301e-02 3.419065102934837341e-02 1.988310925662517548e-02 1.593060418963432312e-02 5.207090079784393311e-02 4.716427624225616455e-02 5.468606576323509216e-02 1.820795610547065735e-02 3.619273006916046143e-02 1.137034618295729160e-03 3.813816234469413757e-02 4.715326428413391113e-02 4.453631583601236343e-03 3.649382665753364563e-02 1.892963424324989319e-02 3.116715326905250549e-02 4.077964648604393005e-02 8.921214030124247074e-04 5.156292393803596497e-02 2.713946625590324402e-02 1.449872273951768875e-02 1.214965898543596268e-02 2.555837295949459076e-02 1.101295556873083115e-02 8.426797576248645782e-03 1.288570649921894073e-02 2.374657988548278809e-02 3.837986662983894348e-02 4.547717794775962830e-02 5.039191246032714844e-02 9.732987731695175171e-03 1.463513704948127270e-03 7.827142253518104553e-03 2.909557148814201355e-02 3.506517037749290466e-02 2.978613227605819702e-02 6.004527211189270020e-03 3.686405345797538757e-02 3.514116257429122925e-02 7.130363490432500839e-03 3.751503676176071167e-02 1.320671290159225464e-02 2.380676195025444031e-02 3.124513290822505951e-02 4.994508996605873108e-02 3.145145252346992493e-02
9.307343512773513794e-02 1.195116862654685974e-01 3.987843543291091919e-02 1.169579103589057922e-02 1.890171132981777191e-02 7.884172350168228149e-02 7.007710635662078857e-02 3.281452879309654236e-02 4.446708783507347107e-02 8.590259589254856110e-03 1.055083870887756348e-01 5.285111069679260254e-02 5.086989402770996094e-01 1.224254164844751358e-02 1.006606146693229675e-01 1.071951165795326233e-02 1.543037965893745422e-02 1.459816237911581993e-03 1.214568037539720535e-02 8.321242406964302063e-03 4.287448525428771973e-02 2.919717691838741302e-02 2.679782174527645111e-02 2.189626358449459076e-02 6.238096859306097031e-03 2.283604815602302551e-02 1.492130849510431290e-02 1.255228277295827866e-02 4.797983169555664062e-02 3.710320964455604553e-02 8.024272322654724121e-02 1.504071801900863647e-02 2.396530844271183014e-02 1.721600070595741272e-02 4.523542243987321854e-03 3.615851281210780144e-03 2.176688238978385925e-02 4.908565804362297058e-02 1.314632408320903778e-02 5.211278423666954041e-02 2.732880599796772003e-02 3.734699264168739319e-02 2.932008914649486542e-02 2.793874219059944153e-02 6.656581535935401917e-03 4.608725383877754211e-02 5.888103693723678589e-02 8.569275587797164917e-02 2.923721075057983398e-02 8.590116165578365326e-03 2.248881384730339050e-02 1.873587279987987131e-05 4.233042150735855103e-02 1.334832049906253815e-03 3.656269982457160950e-02 7.600889075547456741e-03 5.288227275013923645e-02 4.402933269739151001e-02 5.555573478341102600e-02 7.606635335832834244e-03 1.995613239705562592e-02 7.374751148745417595e-04 3.933959081768989563e-02 2.306725084781646729e-02 3.731631860136985779e-02 5.958136171102523804e-02 4.383495822548866272e-02 4.182803630828857422e-02 4.927778616547584534e-02 4.539470188319683075e-03 3.808829933404922485e-02 3.343555331230163574e-02 5.826011300086975098e-02 5.254181101918220520e-03 1.034492161124944687e-02 3.807537630200386047e-02 2.068706229329109192e-02 4.283288866281509399e-02 3.654966130852699280e-02 4.214908555150032043e-02 2.226237993454560637e-04 7.370900711975991726e-04 2.549843862652778625e-02 5.336246639490127563e-02 3.109014965593814850e-02 3.683659061789512634e-02 3.978455811738967896e-02 4.461604356765747070e-02 4.947892948985099792e-02 1.987344585359096527e-02 1.204325910657644272e-02 3.962387889623641968e-02 2.282108180224895477e-02 1.213685236871242523e-02 1.907773129642009735e-02 3.233494469895958900e-03 1.120312511920928955e-02 2.954386174678802490e-02 3.209572657942771912e-02 2.731362544000148773e-02 3.272233996540307999e-03 6.147949956357479095e-03 1.649427600204944611e-02 8.615924045443534851e-03 3.567094728350639343e-02 4.149366915225982666e-02 2.282817615196108818e-03 2.371239475905895233e-02 4.984987317584455013e-04 5.513445660471916199e-02 2.423501946032047272e-02 2.779622189700603485e-02 5.944211152382194996e-04 4.254100844264030457e-02 4.962299019098281860e-02 4.375819861888885498e-02
