5.237859487533569336e-01 1.187890544533729553e-01 4.698317125439643860e-02 5.121057853102684021e-02 2.452093362808227539e-02 1.383142918348312378e-01 1.176299229264259338e-01 8.043488487601280212e-03 2.618845738470554352e-02 1.573245413601398468e-02 9.692864120006561279e-02 1.519681233912706375e-02 9.644784778356552124e-02 3.813815489411354065e-02 3.293756768107414246e-02 2.177169546484947205e-02 3.161144675686955452e-03 6.468278355896472931e-03 5.015881732106208801e-03 5.252649262547492981e-02 3.670770302414894104e-02 5.020234361290931702e-02 3.084693104028701782e-02 1.645934581756591797e-02 4.889101162552833557e-02 5.171038582921028137e-02 1.041905209422111511e-02 2.341230399906635284e-02 3.664144873619079590e-02 1.549472939223051071e-02 1.527939364314079285e-02 2.262355387210845947e-02 2.572919055819511414e-02 3.723485628142952919e-03 2.235323004424571991e-02 9.073530323803424835e-03 1.235499698668718338e-02 1.801821216940879822e-02 7.298555574379861355e-04 8.602929301559925079e-03 1.412286423146724701e-03 4.504491388797760010e-02 5.699302628636360168e-02 7.621235214173793793e-03 2.045585215091705322e-02 3.203265368938446045e-02 1.175339892506599426e-01 5.984525382518768311e-02 4.483690857887268066e-02 4.964731633663177490e-03 5.732437595725059509e-02 3.682758659124374390e-02 3.208447992801666260e-02 1.911561004817485809e-02 3.636056184768676758e-02 8.964470587670803070e-03 8.796151727437973022e-03 3.576894849538803101e-02 1.045846566557884216e-02 5.531550385057926178e-03 4.036122933030128479e-02 3.042905218899250031e-02 1.828981563448905945e-02 9.786493319552391768e-05 5.959851667284965515e-03 1.144442800432443619e-02 4.834223166108131409e-02 1.523825526237487793e-02 3.589248657226562500e-02 1.970842014998197556e-03 3.037625364959239960e-02 4.740030691027641296e-02 9.572072885930538177e-03 9.404846467077732086e-03 1.641860604286193848e-02 5.403226241469383240e-02 2.983272075653076172e-03 9.939358569681644440e-03 1.412308588624000549e-02 2.372866496443748474e-02 3.497513756155967712e-02 4.469108209013938904e-02 1.659083738923072815e-02 1.150143519043922424e-02 4.874229803681373596e-02 4.245525598526000977e-02 2.987485565245151520e-02 1.686109974980354309e-02 1.752276346087455750e-02 3.903893381357192993e-02 3.739137202501296997e-02 1.716288388706743717e-03 1.485694944858551025e-02 2.120589278638362885e-02 1.753875426948070526e-02 4.397820308804512024e-02 2.147322706878185272e-02 4.908949509263038635e-02 3.053969703614711761e-02 3.119047917425632477e-02 2.186354435980319977e-02 3.067017998546361923e-03 3.754732385277748108e-02 2.666139975190162659e-02 1.699486933648586273e-02 3.998944908380508423e-02 2.682087197899818420e-02 3.703739121556282043e-02 9.451141580939292908e-03 5.294086784124374390e-02 5.125171970576047897e-03 2.980486489832401276e-02 8.893431164324283600e-03 4.092658311128616333e-02 2.298790775239467621e-02 2.927158027887344360e-02
1.187890544533729553e-01 5.250663161277770996e-01 1.693205849733203650e-04 1.199512835592031479e-02 4.766593873500823975e-02 1.149768903851509094e-01 1.163163334131240845e-01 1.571776345372200012e-02 4.536517709493637085e-02 6.511623971164226532e-03 8.240170031785964966e-02 2.712811157107353210e-02 9.218327701091766357e-02 5.958851054310798645e-02 2.110961079597473145e-02 3.316149860620498657e-02 1.031779777258634567e-02 9.432204999029636383e-03 3.748861700296401978e-02 4.438050836324691772e-02 4.332950711250305176e-02 4.213737323880195618e-02 3.353054076433181763e-02 2.681598626077175140e-02 5.083985626697540283e-02 2.546882629394531250e-02 2.343848533928394318e-02 5.541403964161872864e-02 3.764000907540321350e-02 3.124572522938251495e-02 3.169415518641471863e-02 1.760939322412014008e-02 2.919594384729862213e-02 1.283862534910440445e-02 2.924485318362712860e-02 8.223963901400566101e-03 2.901961654424667358e-02 1.319193001836538315e-02 5.285133142024278641e-03 2.444276399910449982e-02 3.185040503740310669e-02 1.609972678124904633e-02 4.057864844799041748e-02 1.026008650660514832e-02 4.263987392187118530e-02 1.122641656547784805e-02 9.159231185913085938e-02 7.709971815347671509e-02 3.799805417656898499e-02 4.032985307276248932e-03 4.797852784395217896e-02 3.093220852315425873e-02 3.401178121566772461e-02 2.248046733438968658e-02 2.200807817280292511e-02 6.437366362661123276e-03 3.617440909147262573e-02 2.064698934555053711e-02 2.854076772928237915e-02 2.475936524569988251e-02 5.526093766093254089e-02 1.270781271159648895e-03 9.823904372751712799e-03 1.830201968550682068e-02 7.795799523591995239e-03 6.125111598521471024e-03 4.720186069607734680e-02 3.135418146848678589e-02 2.467267028987407684e-02 1.513347402215003967e-02 2.728619612753391266e-03 3.847719356417655945e-02 3.743605688214302063e-02 1.889871992170810699e-02 3.916133940219879150e-02 4.714609310030937195e-02 4.236360639333724976e-02 7.800596300512552261e-03 3.846750408411026001e-02 2.477204194292426109e-03 3.204204887151718140e-02 4.891629144549369812e-02 1.713494583964347839e-02 3.821067884564399719e-02 4.296335205435752869e-02 2.003152109682559967e-02 2.129227854311466217e-02 1.909270137548446655e-02 3.820864856243133545e-02 3.396439552307128906e-02 3.155047446489334106e-02 1.318629074376076460e-04 1.558740716427564621e-02 1.824228279292583466e-02 4.156721290200948715e-03 2.799896895885467529e-02 3.229263052344322205e-02 4.779592156410217285e-02 1.356228440999984741e-02 2.088965103030204773e-02 4.322459176182746887e-02 6.204106844961643219e-03 2.421007119119167328e-02 1.873327977955341339e-02 2.377689629793167114e-02 3.969375789165496826e-02 4.032960906624794006e-02 4.167756810784339905e-02 3.476384654641151428e-02 4.786869138479232788e-02 9.227789007127285004e-03 8.488304913043975830e-03 3.132970072329044342e-03 2.736210450530052185e-02 2.790898457169532776e-02 2.680682577192783356e-02
4.698317125439643860e-02 1.693205849733203650e-04 4.874736964702606201e-01 1.092740893363952637e-02 5.642762407660484314e-03 3.590410947799682617e-02 6.514613050967454910e-03 9.444538503885269165e-02 3.248840570449829102e-02 2.708748541772365570e-02 4.074957221746444702e-02 4.247387126088142395e-02 4.123379290103912354e-02 2.677305415272712708e-02 5.064369738101959229e-02 6.263965740799903870e-03 2.808221057057380676e-02 6.787786260247230530e-03 6.680010259151458740e-02 3.325939923524856567e-02 1.516659930348396301e-02 1.261076983064413071e-02 1.319007016718387604e-02 7.075995206832885742e-03 5.008734390139579773e-02 1.480409409850835800e-02 3.492753952741622925e-02 2.066266536712646484e-02 4.829053953289985657e-02 3.593168780207633972e-02 1.226218044757843018e-02 4.148477688431739807e-03 1.401640474796295166e-02 4.023354500532150269e-02 2.735424973070621490e-02 2.545860596001148224e-02 3.701465204358100891e-03 8.391784504055976868e-03 3.499155864119529724e-02 7.401275914162397385e-03 1.120236292481422424e-01 6.200794596225023270e-03 5.510297790169715881e-02 5.480919405817985535e-02 2.106946893036365509e-02 3.137345425784587860e-03 3.936107829213142395e-02 1.067855861037969589e-02 2.224341034889221191e-02 4.026301205158233643e-03 4.161206632852554321e-02 2.967452257871627808e-02 1.370082027278840542e-03 1.006255485117435455e-02 1.646424410864710808e-03 3.594299778342247009e-02 5.613745655864477158e-03 1.999360322952270508e-02 4.812462627887725830e-02 4.022515192627906799e-02 1.602313295006752014e-02 1.708008907735347748e-02 1.701446436345577240e-02 3.322757408022880554e-02 2.412412501871585846e-02 4.731371998786926270e-02 4.324326664209365845e-02 1.456856541335582733e-02 2.734471485018730164e-02 2.581208944320678711e-03 1.933379285037517548e-02 4.867349937558174133e-02 2.304445207118988037e-02 1.405943837016820908e-02 4.118047282099723816e-02 2.352096140384674072e-02 4.348156601190567017e-02 6.412949413061141968e-02 5.424501840025186539e-03 3.949752449989318848e-02 8.716695010662078857e-02 5.711990594863891602e-02 1.726792752742767334e-02 1.242351252585649490e-02 7.489333860576152802e-03 4.080977663397789001e-02 3.201121091842651367e-02 4.124290123581886292e-02 8.170443470589816570e-05 3.683775663375854492e-02 7.513834163546562195e-03 9.022134356200695038e-03 1.754053123295307159e-02 1.704643666744232178e-02 1.266080886125564575e-02 3.256437927484512329e-02 1.514755003154277802e-02 1.760928891599178314e-02 1.483465544879436493e-02 3.830300271511077881e-02 4.121565073728561401e-02 2.823884226381778717e-02 2.739649824798107147e-02 2.481540851294994354e-02 1.910610683262348175e-02 7.956734858453273773e-03 4.395062476396560669e-02 2.273881342262029648e-03 9.885469079017639160e-02 1.384365372359752655e-02 5.717227235436439514e-02 4.048371687531471252e-02 4.558130749501287937e-04 1.076929271221160889e-02 4.000784456729888916e-02 2.341111190617084503e-02
5.121057853102684021e-02 1.199512835592031479e-02 1.092740893363952637e-02 5.053333044052124023e-01 8.441582322120666504e-02 1.881094463169574738e-02 3.613125905394554138e-02 2.538231387734413147e-02 1.669341465458273888e-03 8.350629359483718872e-02 3.413534164428710938e-02 8.670217357575893402e-03 1.298467395827174187e-03 9.737072978168725967e-04 3.811361640691757202e-02 4.990853369235992432e-02 3.857476636767387390e-02 3.525941818952560425e-02 2.006330154836177826e-02 3.035614639520645142e-02 2.211852371692657471e-02 4.834833741188049316e-02 2.825344214215874672e-03 8.016951382160186768e-03 4.987520352005958557e-02 2.657762169837951660e-02 2.925753407180309296e-02 3.137295693159103394e-02 2.822236157953739166e-03 3.550386801362037659e-02 4.464448429644107819e-04 4.637765511870384216e-02 2.069164998829364777e-02 3.682910650968551636e-02 2.189905941486358643e-02 2.234071679413318634e-02 4.023961722850799561e-02 4.585641622543334961e-02 3.724037483334541321e-02 5.777443293482065201e-03 1.514268945902585983e-02 1.421665120869874954e-02 4.936735611408948898e-03 1.084995828568935394e-02 5.183441098779439926e-03 1.246011117473244667e-03 1.109715551137924194e-02 2.599409595131874084e-02 5.068793892860412598e-02 2.411385253071784973e-02 4.309332743287086487e-02 1.126854401081800461e-02 3.596506267786026001e-02 3.050698339939117432e-02 1.212648209184408188e-02 2.581149712204933167e-02 6.212857738137245178e-02 5.669329687952995300e-02 1.004196144640445709e-02 2.902284963056445122e-03 5.593199655413627625e-02 2.560899406671524048e-02 8.437696844339370728e-02 1.233720872551202774e-02 1.611665263772010803e-02 1.116736233234405518e-02 2.054203860461711884e-02 5.166227463632822037e-03 7.951435446739196777e-02 2.310806885361671448e-02 5.503642559051513672e-02 5.073156207799911499e-02 7.993960380554199219e-02 2.799058519303798676e-02 2.955693937838077545e-02 3.259613737463951111e-02 3.904079785570502281e-03 2.526107989251613617e-02 2.171913534402847290e-02 5.290889646857976913e-03 1.955381408333778381e-02 2.882399410009384155e-02 2.194455452263355255e-02 2.133474312722682953e-02 2.558284625411033630e-02 1.834605634212493896e-02 5.402091518044471741e-02 1.012665126472711563e-02 3.777295351028442383e-02 1.293734647333621979e-02 2.686877734959125519e-02 1.640606857836246490e-02 9.443544782698154449e-03 4.596412181854248047e-02 1.562455855309963226e-02 3.319689771160483360e-03 1.656100898981094360e-02 2.809565886855125427e-02 4.302791506052017212e-02 5.669567734003067017e-03 2.878121659159660339e-02 3.493509814143180847e-02 3.838285431265830994e-02 4.706814885139465332e-03 3.118504956364631653e-02 2.956018783152103424e-02 2.529455116018652916e-03 3.785088658332824707e-02 3.866848722100257874e-02 6.504944059997797012e-03 5.638891831040382385e-03 4.018234834074974060e-02 2.354962006211280823e-02 1.666549779474735260e-02 1.466198917478322983e-02 1.783888787031173706e-02
2.452093362808227539e-02 4.766593873500823975e-02 5.642762407660484314e-03 8.441582322120666504e-02 4.999158680438995361e-01 2.796128019690513611e-02 4.240094125270843506e-02 2.887830697000026703e-02 1.580082438886165619e-02 3.936073556542396545e-02 1.760480180382728577e-02 5.296499002724885941e-03 4.770971089601516724e-02 2.518698200583457947e-02 4.094216972589492798e-02 2.348337881267070770e-02 2.134774811565876007e-02 9.005497122416272759e-05 3.819377720355987549e-02 3.913894668221473694e-02 3.250119090080261230e-02 9.381890296936035156e-03 2.170696295797824860e-02 5.254739895462989807e-02 1.226840075105428696e-02 3.174562379717826843e-02 4.554590210318565369e-02 7.647650688886642456e-02 9.183054789900779724e-03 4.324307292699813843e-02 1.656140759587287903e-02 1.497178920544683933e-03 1.261889375746250153e-02 4.116674512624740601e-02 1.573681272566318512e-02 2.931704185903072357e-02 2.767579630017280579e-02 2.278162539005279541e-02 1.207656692713499069e-02 3.500332310795783997e-02 3.579776361584663391e-02 3.949123620986938477e-02 1.220869179815053940e-02 4.183790460228919983e-02 1.083881314843893051e-02 8.889098651707172394e-03 2.205814607441425323e-02 3.929992020130157471e-02 1.901670545339584351e-02 2.885200455784797668e-02 9.736253879964351654e-03 1.050397474318742752e-02 1.305835228413343430e-02 9.263738058507442474e-03 5.648093298077583313e-02 1.936990581452846527e-02 9.443191811442375183e-03 5.304966866970062256e-02 2.738139778375625610e-02 1.779551152139902115e-03 4.274682700634002686e-02 4.751963540911674500e-02 2.544670552015304565e-02 4.838297516107559204e-02 3.761373087763786316e-02 1.115593500435352325e-02 4.522806033492088318e-02 3.080504201352596283e-02 1.237966469489037991e-03 4.703489691019058228e-02 1.652265898883342743e-02 3.177595883607864380e-02 4.893312603235244751e-02 2.994519844651222229e-02 1.037039905786514282e-01 2.124242484569549561e-02 4.783979058265686035e-02 1.463996898382902145e-02 2.708594687283039093e-02 1.534186769276857376e-02 1.599099114537239075e-02 4.546809475868940353e-03 3.619314730167388916e-02 4.735720902681350708e-02 1.271719764918088913e-02 4.227657243609428406e-02 2.561955712735652924e-02 2.703835628926753998e-02 3.521845489740371704e-02 3.624636679887771606e-02 1.496256608515977859e-02 4.280005767941474915e-02 1.376340165734291077e-02 2.663848549127578735e-02 1.236917916685342789e-02 3.267844393849372864e-02 4.450978711247444153e-02 2.781426906585693359e-02 4.031743481755256653e-02 5.948484875261783600e-03 1.133772730827331543e-02 1.051137456670403481e-03 4.124647751450538635e-02 4.228138364851474762e-03 5.356381088495254517e-02 3.261447325348854065e-02 4.614640772342681885e-02 3.815923631191253662e-02 2.036793529987335205e-02 4.146368801593780518e-02 3.782745078206062317e-02 3.202291578054428101e-02 3.975081816315650940e-02 2.269315905869007111e-02 2.294139191508293152e-02 4.442773014307022095e-02
1.383142918348312378e-01 1.149768903851509094e-01 3.590410947799682617e-02 1.881094463169574738e-02 2.796128019690513611e-02 5.183209776878356934e-01 1.707566529512405396e-01 2.619790099561214447e-02 3.726881742477416992e-02 3.141401708126068115e-02 9.061902016401290894e-02 8.281902968883514404e-02 1.291793882846832275e-01 5.681895092129707336e-02 1.385978795588016510e-02 1.918899081647396088e-02 8.514069952070713043e-03 2.690373361110687256e-02 3.527656570076942444e-02 1.082949573174118996e-03 3.130170702934265137e-02 1.308898255228996277e-02 1.123112742789089680e-03 2.061082236468791962e-02 2.529942803084850311e-02 3.872189670801162720e-02 3.498625755310058594e-02 9.240107610821723938e-03 6.938964943401515484e-04 1.584552042186260223e-02 2.520385198295116425e-02 4.026716947555541992e-02 2.223305776715278625e-02 4.033498093485832214e-02 2.854512259364128113e-02 4.871213436126708984e-02 4.258819296956062317e-02 2.927274629473686218e-02 1.955810934305191040e-02 1.234833523631095886e-02 3.924148157238960266e-03 7.056650239974260330e-03 1.967764459550380707e-02 3.787249792367219925e-03 3.969909250736236572e-02 2.415152266621589661e-02 1.660655289888381958e-01 7.146687060594558716e-02 2.882194705307483673e-02 4.104909300804138184e-02 6.366990506649017334e-02 4.290615208446979523e-03 3.954422101378440857e-02 4.771344736218452454e-02 1.602882333099842072e-02 2.145537361502647400e-02 1.475514750927686691e-02 3.432213515043258667e-02 1.360268145799636841e-02 4.879140481352806091e-02 2.856859378516674042e-02 2.748358249664306641e-02 2.468461170792579651e-02 4.110766947269439697e-02 4.752460122108459473e-02 1.851827464997768402e-02 3.208389878273010254e-02 5.135578662157058716e-02 3.117666952311992645e-02 4.707602411508560181e-02 8.671957068145275116e-03 1.710475608706474304e-02 2.859768085181713104e-02 2.997851371765136719e-02 4.060390871018171310e-03 8.818925358355045319e-03 5.358955357223749161e-03 5.335599184036254883e-03 2.552969381213188171e-02 1.287060603499412537e-02 3.910297900438308716e-02 3.375220112502574921e-03 6.161612691357731819e-04 3.041238151490688324e-02 1.104497816413640976e-02 3.473855182528495789e-02 5.312582850456237793e-02 5.235935375094413757e-02 1.902701891958713531e-02 1.896695978939533234e-02 6.096727680414915085e-03 2.656917087733745575e-02 2.902581822127103806e-03 4.021733999252319336e-02 4.842663928866386414e-02 1.808311231434345245e-02 7.643574383109807968e-03 1.707519963383674622e-02 1.161525305360555649e-02 2.667565084993839264e-02 1.197327766567468643e-02 3.871147520840167999e-03 2.696031145751476288e-02 5.099102109670639038e-02 1.258068811148405075e-02 3.294970840215682983e-02 7.252309587784111500e-04 1.222928520292043686e-03 1.073774881660938263e-02 3.219811944290995598e-03 2.608433179557323456e-02 3.035634569823741913e-02 4.801136627793312073e-02 1.019001938402652740e-02 2.986490353941917419e-02 2.731269784271717072e-02
1.176299229264259338e-01 1.163163334131240845e-01 6.514613050967454910e-03 3.613125905394554138e-02 4.240094125270843506e-02 1.707566529512405396e-01 5.196197032928466797e-01 3.415520116686820984e-02 1.294003706425428391e-02 3.557255119085311890e-02 7.649767398834228516e-02 6.346648931503295898e-02 1.210906878113746643e-01 9.389994293451309204e-02 1.298627443611621857e-02 4.459935799241065979e-02 4.409081861376762390e-02 5.272112414240837097e-02 2.799474168568849564e-03 1.652761176228523254e-02 1.015930809080600739e-02 2.163477800786495209e-02 1.122715324163436890e-02 3.069758974015712738e-02 1.457630190998315811e-02 1.511967566329985857e-04 2.656273543834686279e-02 2.459618262946605682e-02 5.284127965569496155e-02 2.309637889266014099e-02 1.087214797735214233e-02 3.109025396406650543e-02 5.177609249949455261e-02 4.840692505240440369e-02 3.407606109976768494e-02 1.927160471677780151e-02 1.867535896599292755e-02 4.688098852057009935e-04 5.157130304723978043e-03 3.733120113611221313e-02 4.051933437585830688e-02 2.093597501516342163e-02 7.236067205667495728e-03 1.190008129924535751e-02 1.270362455397844315e-02 1.626810175366699696e-03 1.454442888498306274e-01 1.001160293817520142e-01 3.797020390629768372e-02 4.635857418179512024e-02 2.975525334477424622e-02 2.083773165941238403e-02 4.156373068690299988e-02 4.501885920763015747e-02 7.334658876061439514e-03 4.068067297339439392e-02 7.727566640824079514e-03 1.710065826773643494e-02 3.021278046071529388e-02 5.281141772866249084e-02 8.144068531692028046e-03 1.003317721188068390e-02 4.168688505887985229e-02 4.375766590237617493e-02 3.073734603822231293e-02 9.890422224998474121e-03 1.150850486010313034e-02 9.569023735821247101e-03 2.506736665964126587e-02 3.987299650907516479e-02 3.653561696410179138e-02 4.938399419188499451e-03 3.085136879235506058e-03 4.959563538432121277e-02 2.480552159249782562e-02 1.764491572976112366e-02 2.910291310399770737e-03 3.301098709926009178e-03 2.307837270200252533e-02 3.739427402615547180e-02 1.287110382691025734e-03 3.279690816998481750e-02 1.549578085541725159e-02 4.137733951210975647e-03 2.869606204330921173e-02 4.886974766850471497e-02 9.532345458865165710e-03 1.609436422586441040e-02 6.399398203939199448e-03 5.513401702046394348e-02 1.314023137092590332e-02 9.721553884446620941e-03 2.057134732604026794e-02 2.036155760288238525e-02 2.498504705727100372e-02 5.101826973259449005e-03 4.910092055797576904e-02 1.638633757829666138e-02 1.924884691834449768e-02 3.828290849924087524e-02 3.866538777947425842e-02 5.024203285574913025e-02 1.549570634961128235e-02 6.382100749760866165e-03 7.213962962850928307e-04 2.222246117889881134e-02 2.548456378281116486e-02 7.901193574070930481e-03 3.245504945516586304e-02 1.366658695042133331e-02 4.227427765727043152e-03 1.260459981858730316e-02 4.160857293754816055e-03 5.311946570873260498e-02 5.288908630609512329e-02 6.742668338119983673e-03
8.043488487601280212e-03 1.571776345372200012e-02 9.444538503885269165e-02 2.538231387734413147e-02 2.887830697000026703e-02 2.619790099561214447e-02 3.415520116686820984e-02 4.959306418895721436e-01 3.898494318127632141e-02 2.086366899311542511e-02 5.041908845305442810e-02 2.205248363316059113e-02 4.948797076940536499e-02 1.771853677928447723e-02 1.754028722643852234e-02 9.750602766871452332e-03 8.081487379968166351e-03 3.694228827953338623e-02 3.154566511511802673e-02 4.905382171273231506e-02 4.175453260540962219e-02 5.264073610305786133e-02 5.084564443677663803e-03 1.629921025596559048e-03 4.625639691948890686e-02 5.813134834170341492e-03 4.456603154540061951e-02 2.630903758108615875e-02 2.359405392780900002e-03 4.522752016782760620e-03 9.349334985017776489e-03 1.502264942973852158e-02 4.085182154085487127e-04 2.889594249427318573e-02 2.392171137034893036e-02 1.033980306237936020e-02 2.349767088890075684e-02 2.306385524570941925e-02 5.066430941224098206e-02 4.430904239416122437e-02 2.876096591353416443e-02 2.928143925964832306e-02 4.277874901890754700e-02 3.694196790456771851e-02 1.507363095879554749e-02 2.797244116663932800e-03 3.755377605557441711e-03 4.670739546418190002e-02 1.797672919929027557e-02 2.818546816706657410e-02 4.380041360855102539e-02 8.427307941019535065e-03 2.456917800009250641e-02 2.107507549226284027e-02 1.993575692176818848e-02 3.218528255820274353e-02 1.055767852813005447e-02 4.041669145226478577e-02 2.048110216856002808e-02 3.129046037793159485e-02 1.129867322742938995e-02 6.602734327316284180e-02 3.120792843401432037e-02 8.423176594078540802e-03 3.300360217690467834e-02 5.766582675278186798e-03 4.279660433530807495e-02 3.609833866357803345e-02 4.477494582533836365e-02 3.806019946932792664e-02 3.908473253250122070e-02 3.890927508473396301e-02 4.641101509332656860e-02 5.388786643743515015e-02 4.171690717339515686e-02 8.564398624002933502e-03 2.607215195894241333e-02 4.117626696825027466e-02 3.437075391411781311e-02 5.656546913087368011e-03 1.493391543626785278e-01 7.518077641725540161e-02 9.166042320430278778e-03 2.620607987046241760e-02 3.276117146015167236e-02 4.468871746212244034e-03 6.933804601430892944e-02 3.351052105426788330e-02 7.166009396314620972e-03 4.714259877800941467e-02 3.767107613384723663e-03 8.166907355189323425e-03 8.638229221105575562e-03 2.243761671707034111e-03 4.030201211571693420e-02 2.022185549139976501e-02 2.114017121493816376e-02 4.177154600620269775e-02 7.626484613865613937e-03 2.269731834530830383e-02 1.357528474181890488e-02 1.021077856421470642e-02 1.570207439363002777e-02 3.273254632949829102e-02 2.841141074895858765e-03 1.079487241804599762e-02 9.138595312833786011e-03 4.664322361350059509e-02 5.367267504334449768e-02 5.905270576477050781e-03 3.338041529059410095e-02 2.716563269495964050e-02 6.991238892078399658e-02 4.118324443697929382e-02 1.853705383837223053e-02 4.341121390461921692e-02
2.618845738470554352e-02 4.536517709493637085e-02 3.248840570449829102e-02 1.669341465458273888e-03 1.580082438886165619e-02 3.726881742477416992e-02 1.294003706425428391e-02 3.898494318127632141e-02 5.103400945663452148e-01 5.978196114301681519e-02 4.190288111567497253e-02 1.210837438702583313e-02 1.710594980977475643e-03 3.074172325432300568e-02 2.249085903167724609e-02 1.377029251307249069e-02 1.349629834294319153e-03 5.431020259857177734e-02 2.805842831730842590e-02 1.089404616504907608e-02 2.529599703848361969e-02 3.632492944598197937e-02 1.864387467503547668e-02 1.107857190072536469e-02 9.827541187405586243e-03 4.714333638548851013e-02 1.604264229536056519e-02 4.741330444812774658e-02 1.223003957420587540e-03 2.800177782773971558e-02 3.625980019569396973e-02 2.486995607614517212e-02 4.096177592873573303e-02 2.118028141558170319e-02 9.356252849102020264e-02 4.878936335444450378e-02 1.612415164709091187e-02 6.136303022503852844e-02 5.066577345132827759e-02 3.339716419577598572e-02 4.624966904520988464e-02 5.494611337780952454e-02 1.410039048641920090e-02 2.477932022884488106e-03 8.216863498091697693e-03 2.530844882130622864e-02 3.736943751573562622e-02 2.540259994566440582e-02 1.246494241058826447e-02 3.685843944549560547e-02 2.156991511583328247e-02 1.604800857603549957e-02 1.536275842227041721e-03 1.347591914236545563e-02 1.443201582878828049e-02 2.247226424515247345e-02 6.497370451688766479e-02 1.089937984943389893e-01 1.143038389272987843e-03 2.730409242212772369e-02 3.058046288788318634e-02 7.409575581550598145e-02 5.480787158012390137e-02 8.257751166820526123e-02 2.369655482470989227e-02 2.993493713438510895e-02 4.256589710712432861e-02 7.912726141512393951e-03 4.662983119487762451e-02 4.783699661493301392e-02 1.524387765675783157e-02 4.439660534262657166e-02 4.118542373180389404e-02 2.672963310033082962e-03 1.714404113590717316e-02 3.484483808279037476e-02 1.546340882778167725e-01 1.223802119493484497e-01 6.867508590221405029e-02 2.488212287425994873e-02 3.780431672930717468e-02 3.196430951356887817e-02 2.533324994146823883e-02 4.492077976465225220e-02 4.449858888983726501e-02 4.199748486280441284e-02 8.660783059895038605e-03 2.920143865048885345e-02 2.013589814305305481e-02 3.010162618011236191e-03 4.121743142604827881e-02 5.222810432314872742e-02 2.620758488774299622e-02 3.499475121498107910e-02 3.814527532085776329e-03 1.425615046173334122e-02 2.853050269186496735e-02 1.538616977632045746e-02 4.171076789498329163e-02 2.742890827357769012e-02 4.743137583136558533e-02 4.109458997845649719e-02 9.254726581275463104e-03 3.044812381267547607e-02 5.001480877399444580e-02 3.941830620169639587e-02 4.240699484944343567e-02 4.159120842814445496e-02 7.930868305265903473e-03 1.790513633750379086e-03 1.777509693056344986e-03 3.211740404367446899e-02 4.051123186945915222e-02 3.513654321432113647e-02 2.782269008457660675e-02 2.605172805488109589e-02
1.573245413601398468e-02 6.511623971164226532e-03 2.708748541772365570e-02 8.350629359483718872e-02 3.936073556542396545e-02 3.141401708126068115e-02 3.557255119085311890e-02 2.086366899311542511e-02 5.978196114301681519e-02 5.162717700004577637e-01 2.188734710216522217e-02 5.804025381803512573e-02 5.852282629348337650e-05 3.274660184979438782e-02 3.231292590498924255e-02 2.768493443727493286e-02 3.547849701135419309e-05 4.235072061419487000e-02 5.930159240961074829e-02 3.903028368949890137e-02 7.953811436891555786e-03 5.157326161861419678e-02 7.342796307057142258e-03 1.750494912266731262e-02 5.278095230460166931e-02 5.476494785398244858e-03 2.318094298243522644e-02 3.624595701694488525e-02 4.083498939871788025e-02 1.849855855107307434e-02 2.630348131060600281e-02 3.723555803298950195e-02 2.469084970653057098e-02 4.542945697903633118e-02 3.831267729401588440e-02 6.062892824411392212e-02 2.731197699904441833e-02 2.497934922575950623e-02 3.789980337023735046e-02 3.099495545029640198e-02 1.468166243284940720e-02 2.400580607354640961e-02 2.716521359980106354e-02 7.283564656972885132e-03 1.532461214810609818e-02 6.088001187890768051e-03 4.646449536085128784e-02 4.424110800027847290e-02 2.638732828199863434e-02 7.653190940618515015e-02 3.399472311139106750e-02 2.700546570122241974e-02 2.636259980499744415e-02 2.141425199806690216e-02 3.961792215704917908e-02 3.703060746192932129e-02 5.572413653135299683e-02 5.556512624025344849e-02 2.174710296094417572e-02 3.195545449852943420e-02 4.659007117152214050e-02 4.016568884253501892e-02 6.312035769224166870e-02 3.620124608278274536e-02 2.115697227418422699e-02 1.908865990117192268e-03 1.254053227603435516e-02 7.029854226857423782e-03 4.197283834218978882e-02 7.199817802757024765e-03 2.362839318811893463e-02 5.217575654387474060e-02 4.642672464251518250e-02 4.503521323204040527e-02 1.421756669878959656e-02 4.302883520722389221e-02 1.684719324111938477e-02 9.208377450704574585e-02 4.597988724708557129e-02 3.815080970525741577e-02 5.042146518826484680e-02 2.641474362462759018e-03 4.291969910264015198e-02 4.805428534746170044e-02 3.230200707912445068e-02 1.585077308118343353e-02 4.805989935994148254e-02 3.428523615002632141e-02 1.790958084166049957e-02 1.246720738708972931e-02 4.276202246546745300e-02 1.397554297000169754e-02 3.434167057275772095e-02 3.660004585981369019e-02 8.985944092273712158e-03 5.885351076722145081e-02 5.854454822838306427e-03 4.690470546483993530e-02 9.724341332912445068e-03 2.887690439820289612e-02 5.767345800995826721e-02 8.648053044453263283e-04 3.676164895296096802e-02 1.330994162708520889e-02 1.427799090743064880e-02 2.107837796211242676e-02 5.102733150124549866e-02 4.917974770069122314e-02 1.888345554471015930e-02 3.761541470885276794e-02 2.163731306791305542e-02 1.537510752677917480e-02 1.121073961257934570e-02 1.167337642982602119e-03 5.109263584017753601e-03 4.186774045228958130e-02
9.692864120006561279e-02 8.240170031785964966e-02 4.074957221746444702e-02 3.413534164428710938e-02 1.760480180382728577e-02 9.061902016401290894e-02 7.649767398834228516e-02 5.041908845305442810e-02 4.190288111567497253e-02 2.188734710216522217e-02 5.258049368858337402e-01 5.663962662220001221e-02 1.049381196498870850e-01 1.288214232772588730e-03 3.319137170910835266e-02 2.736168168485164642e-02 2.584041468799114227e-02 3.972819820046424866e-02 2.664200216531753540e-02 2.844988740980625153e-02 3.690050914883613586e-02 3.592622280120849609e-02 1.718428917229175568e-03 9.516029618680477142e-03 4.298247396945953369e-02 8.732824586331844330e-03 1.831544749438762665e-02 1.457205601036548615e-02 1.120952423661947250e-02 3.197009908035397530e-03 5.417622625827789307e-02 4.740779474377632141e-02 7.017966825515031815e-03 1.251784153282642365e-02 4.657637700438499451e-02 2.803436852991580963e-02 1.776346936821937561e-02 4.568717628717422485e-02 3.098873421549797058e-02 2.805490803439170122e-04 3.459991142153739929e-02 4.533809795975685120e-02 3.058185242116451263e-02 3.396510705351829529e-02 5.146114528179168701e-02 3.411982953548431396e-02 9.926964342594146729e-02 7.488926500082015991e-02 2.895278669893741608e-02 1.479762792587280273e-02 6.109541654586791992e-02 2.952869608998298645e-02 5.867670290172100067e-03 2.018353715538978577e-02 4.666125401854515076e-02 1.220723893493413925e-02 1.350887119770050049e-02 1.827293634414672852e-02 1.332134008407592773e-02 3.057879395782947540e-02 4.037842527031898499e-02 1.348564284853637218e-03 3.531655296683311462e-02 3.472862392663955688e-02 2.141068875789642334e-02 2.202757634222507477e-02 2.697100117802619934e-02 1.156461145728826523e-02 2.459664270281791687e-02 1.057785470038652420e-03 3.363669663667678833e-02 2.324877865612506866e-02 2.852236293256282806e-02 1.497686188668012619e-02 2.147243916988372803e-02 4.746693000197410583e-02 4.318203032016754150e-02 1.259909756481647491e-02 1.893194019794464111e-02 4.977537901140749454e-04 6.127294618636369705e-03 1.985860243439674377e-02 3.332741558551788330e-02 2.315096743404865265e-02 2.898924797773361206e-02 1.318096276372671127e-02 1.200015842914581299e-02 1.230987440794706345e-02 4.485720023512840271e-02 6.623878143727779388e-04 4.303533583879470825e-02 2.250709384679794312e-02 2.839323505759239197e-02 1.052319817245006561e-02 1.785837672650814056e-02 4.404320940375328064e-02 6.827938370406627655e-03 3.254260122776031494e-02 2.705260552465915680e-02 3.251083940267562866e-02 4.935641586780548096e-02 2.543641440570354462e-02 1.333124190568923950e-02 2.967892959713935852e-02 3.923499956727027893e-02 5.064503476023674011e-02 3.704279661178588867e-02 2.666878700256347656e-02 1.416951301507651806e-03 2.537913620471954346e-02 9.678230620920658112e-03 2.928589098155498505e-02 5.809997208416461945e-03 2.852897718548774719e-02 1.854398660361766815e-02 1.027852483093738556e-02
1.519681233912706375e-02 2.712811157107353210e-02 4.247387126088142395e-02 8.670217357575893402e-03 5.296499002724885941e-03 8.281902968883514404e-02 6.346648931503295898e-02 2.205248363316059113e-02 1.210837438702583313e-02 5.804025381803512573e-02 5.663962662220001221e-02 5.087577104568481445e-01 2.792672999203205109e-02 1.163645535707473755e-01 1.041282434016466141e-02 2.879280969500541687e-02 4.527790471911430359e-02 4.456487670540809631e-02 3.539666905999183655e-02 3.335383953526616096e-03 2.126304619014263153e-02 3.691155835986137390e-02 7.506244815886020660e-03 1.575668901205062866e-02 1.708896271884441376e-02 4.325821623206138611e-02 6.720202509313821793e-03 4.010302573442459106e-02 1.513641607016324997e-02 5.219987779855728149e-02 4.002045840024948120e-02 5.170271173119544983e-02 9.449420496821403503e-03 4.671191424131393433e-02 1.373069453984498978e-02 1.831449940800666809e-02 1.162610668689012527e-02 2.284397371113300323e-02 3.817814216017723083e-02 5.765359103679656982e-02 2.264819666743278503e-02 3.876892849802970886e-02 8.704122155904769897e-03 4.613902047276496887e-02 6.142539158463478088e-02 2.220714837312698364e-02 2.528234012424945831e-02 4.229288548231124878e-02 3.187203034758567810e-02 3.001334145665168762e-02 3.344007954001426697e-02 4.284236580133438110e-03 9.137336164712905884e-03 1.247182488441467285e-02 3.978893905878067017e-02 2.963783405721187592e-02 4.188819229602813721e-02 3.441163152456283569e-02 1.962430961430072784e-02 2.623126469552516937e-02 5.519078671932220459e-02 1.141295023262500763e-02 2.750674076378345490e-02 2.021079696714878082e-02 2.722202800214290619e-02 1.863941177725791931e-02 1.005748286843299866e-02 9.261448867619037628e-03 1.510265376418828964e-02 1.426632516086101532e-02 4.205587506294250488e-02 2.367506176233291626e-02 4.847041890025138855e-02 2.333946060389280319e-03 4.275076091289520264e-02 9.642190299928188324e-03 3.992501646280288696e-02 4.841475188732147217e-02 2.368926443159580231e-02 9.435401298105716705e-04 2.055723965167999268e-02 1.411900576204061508e-02 6.892299745231866837e-03 4.902753233909606934e-02 5.020998790860176086e-02 5.010382272303104401e-03 7.973407395184040070e-03 3.689849376678466797e-02 4.106097389012575150e-03 3.009814210236072540e-02 4.206259921193122864e-02 8.713318966329097748e-03 1.052735280245542526e-02 3.159022890031337738e-03 3.414894267916679382e-02 3.570382669568061829e-02 1.822317205369472504e-02 3.699382394552230835e-02 3.838448226451873779e-02 1.015916187316179276e-02 2.559788525104522705e-02 3.257571160793304443e-02 9.382186457514762878e-03 1.263397978618741035e-03 5.754362791776657104e-03 8.024261333048343658e-03 3.837963938713073730e-02 4.573933407664299011e-02 3.922596201300621033e-02 4.141397401690483093e-02 3.928892314434051514e-02 2.640239894390106201e-02 1.300825271755456924e-02 4.188490658998489380e-02 1.337205898016691208e-02 4.926739633083343506e-02
9.644784778356552124e-02 9.218327701091766357e-02 4.123379290103912354e-02 1.298467395827174187e-03 4.770971089601516724e-02 1.291793882846832275e-01 1.210906878113746643e-01 4.948797076940536499e-02 1.710594980977475643e-03 5.852282629348337650e-05 1.049381196498870850e-01 2.792672999203205109e-02 5.213143825531005859e-01 1.032889820635318756e-03 3.735318034887313843e-02 1.688490249216556549e-02 7.795628160238265991e-03 1.521538291126489639e-02 3.602977469563484192e-02 3.530905023217201233e-02 3.035362623631954193e-02 1.991431601345539093e-02 2.257838472723960876e-02 6.167456973344087601e-03 8.900674991309642792e-03 4.011844471096992493e-02 9.932098910212516785e-03 2.791430614888668060e-02 3.968062996864318848e-02 3.188550937920808792e-03 3.329748287796974182e-02 3.195971995592117310e-02 1.599032990634441376e-02 4.753560759127140045e-03 6.721691228449344635e-03 2.741122618317604065e-03 2.610431052744388580e-03 4.629802703857421875e-02 5.440272390842437744e-03 2.399834571406245232e-03 1.937455497682094574e-02 3.800374222919344902e-03 2.403908222913742065e-02 2.932524867355823517e-02 4.725810512900352478e-02 4.170610010623931885e-02 1.171473264694213867e-01 8.691522479057312012e-02 4.208545386791229248e-02 2.409595064818859100e-02 5.548695474863052368e-02 1.535279117524623871e-02 8.372812531888484955e-03 2.173744887113571167e-02 3.256803750991821289e-02 3.258719295263290405e-02 3.165326640009880066e-02 3.242353722453117371e-02 2.318693511188030243e-02 1.945249922573566437e-02 4.933806508779525757e-02 1.774240657687187195e-02 2.513109706342220306e-02 1.458490453660488129e-02 3.180866315960884094e-02 5.298258736729621887e-02 4.851109907031059265e-02 2.407271414995193481e-02 4.363990575075149536e-02 2.669417113065719604e-02 3.535754233598709106e-02 4.609626904129981995e-02 2.123915217816829681e-02 2.139862254261970520e-02 2.494207955896854401e-02 4.013133421540260315e-02 2.010633237659931183e-02 4.942946601659059525e-03 8.716863580048084259e-03 1.410982850939035416e-02 1.123392768204212189e-02 1.381094194948673248e-02 2.314802259206771851e-02 3.270117565989494324e-02 4.984597116708755493e-02 2.068983204662799835e-02 4.035364836454391479e-03 3.180158883333206177e-02 4.202390834689140320e-02 1.423830911517143250e-02 2.852675877511501312e-02 1.564404554665088654e-02 5.277017131447792053e-02 1.601251028478145599e-02 8.187026833184063435e-04 3.802864626049995422e-02 4.328680410981178284e-02 3.626988083124160767e-02 1.283797249197959900e-02 5.965435877442359924e-03 1.151405647397041321e-02 2.156088827177882195e-03 2.428009174764156342e-02 5.038902163505554199e-02 2.074780501425266266e-02 2.397283911705017090e-02 4.238761961460113525e-02 4.655278846621513367e-02 1.270624622702598572e-02 3.560062870383262634e-02 3.454950824379920959e-02 4.651482775807380676e-02 3.780910372734069824e-02 4.851776175200939178e-03 1.798379234969615936e-02 3.185680881142616272e-02
