5.076479315757751465e-01 2.351126521825790405e-01 1.757391914725303650e-02 2.688937447965145111e-02 1.155559788458049297e-03 1.234278753399848938e-01 1.244899705052375793e-01 2.939922362565994263e-02 1.056919153779745102e-02 1.880102418363094330e-02 1.610980331897735596e-01 2.349386923015117645e-02 8.040296286344528198e-02 2.610756829380989075e-02 4.233108460903167725e-02 8.181469514966011047e-03 1.436766330152750015e-02 4.025409463793039322e-03 1.002416759729385376e-02 3.426008671522140503e-02 1.273427344858646393e-02 1.329233963042497635e-02 1.723426766693592072e-02 1.213762536644935608e-02 5.522810854017734528e-03 7.635606452822685242e-03 3.014018945395946503e-02 5.607782304286956787e-02 3.130238503217697144e-02 7.107362151145935059e-03 1.243078522384166718e-02 4.202805832028388977e-02 3.356640040874481201e-02 4.387488588690757751e-03 2.178766997531056404e-03 1.004317030310630798e-02 1.761919260025024414e-02 1.068924367427825928e-02 3.402506932616233826e-02 4.256745800375938416e-02 1.918220333755016327e-02 3.071868233382701874e-02 1.857861131429672241e-02 2.653674967586994171e-02 2.961104735732078552e-02 4.558428749442100525e-02 3.023824468255043030e-02 2.859370037913322449e-02 2.935545146465301514e-02 1.997059024870395660e-02 3.034706786274909973e-02 8.730627596378326416e-03 8.015776053071022034e-03 4.029488563537597656e-02 3.385343775153160095e-02 5.146196781424805522e-05 3.415368497371673584e-02 1.384262926876544952e-02 3.294590860605239868e-02 1.720895431935787201e-02 2.735144458711147308e-02 2.823527716100215912e-02 4.096777737140655518e-02 1.966864429414272308e-02 1.701289601624011993e-02 5.523127620108425617e-04 4.841130971908569336e-02 3.849329799413681030e-02 5.140651483088731766e-03 3.307501319795846939e-03 1.715610548853874207e-02 1.175110787153244019e-02 3.114136343356221914e-04 1.513970177620649338e-02 2.483214775566011667e-04 6.328008137643337250e-03 5.713944789022207260e-03 1.449350174516439438e-02 8.990108966827392578e-03 3.274047374725341797e-02 9.687145240604877472e-03 2.695795521140098572e-02 4.024035297334194183e-03 3.129591420292854309e-02 3.758409619331359863e-02 1.658754795789718628e-02 5.357785616070032120e-03 2.804503589868545532e-02 6.692925840616226196e-02 4.008640535175800323e-03 6.329987198114395142e-02 1.777418516576290131e-02 3.739236667752265930e-02 2.985130436718463898e-02 2.057957276701927185e-02 2.753174677491188049e-02 7.629850879311561584e-03 2.588980272412300110e-02 4.529758170247077942e-02 4.334877803921699524e-02 2.518732333555817604e-03 3.977539017796516418e-02 4.015163332223892212e-02 1.079443003982305527e-02 1.285041961818933487e-02 4.770298302173614502e-02 2.514950744807720184e-02 2.143921796232461929e-03 2.159164473414421082e-02 2.689762040972709656e-02 2.442191727459430695e-02 1.946326717734336853e-02 1.045357249677181244e-02 2.656693942844867706e-02 2.092724293470382690e-02 3.147439658641815186e-02
2.351126521825790405e-01 5.113821625709533691e-01 6.981182098388671875e-02 3.750488162040710449e-02 1.169867999851703644e-02 7.489542663097381592e-02 1.387795507907867432e-01 4.042972251772880554e-02 8.483340963721275330e-03 3.331663832068443298e-02 9.458478540182113647e-02 1.666172780096530914e-02 1.357584893703460693e-01 4.745617508888244629e-03 4.036398231983184814e-02 2.224099822342395782e-02 4.599015414714813232e-02 5.481284111738204956e-03 2.235881285741925240e-03 2.162635140120983124e-02 1.759686321020126343e-02 2.209765443694777787e-05 1.572168245911598206e-02 2.076201513409614563e-02 1.157626684289425611e-04 1.060512033291161060e-03 3.057630732655525208e-02 4.272679612040519714e-02 3.482777997851371765e-02 9.729714132845401764e-03 6.194784864783287048e-02 3.741295635700225830e-02 3.688268736004829407e-02 8.491661399602890015e-03 2.059537544846534729e-02 5.271121393889188766e-03 1.084860134869813919e-02 9.309630841016769409e-03 4.880996048450469971e-02 3.785102441906929016e-02 2.141327038407325745e-02 1.815839856863021851e-02 2.087313868105411530e-02 4.079321399331092834e-02 2.579691819846630096e-02 4.916891455650329590e-02 1.593295112252235413e-02 2.073248848319053650e-02 2.835530042648315430e-02 1.652964577078819275e-02 8.480612188577651978e-03 7.842510007321834564e-03 3.991167247295379639e-02 7.308007031679153442e-02 7.825374603271484375e-03 7.992012426257133484e-03 3.090859623625874519e-03 2.215540781617164612e-02 1.595617085695266724e-02 1.398038771003484726e-02 1.411669794470071793e-02 1.142516080290079117e-02 4.740391299128532410e-02 2.264414355158805847e-02 3.802888840436935425e-02 1.288934424519538879e-02 3.129070252180099487e-02 1.734613627195358276e-02 1.474978867918252945e-02 5.901700351387262344e-03 3.734321892261505127e-02 7.398330140858888626e-03 1.659278571605682373e-02 2.411434613168239594e-02 4.220617562532424927e-02 1.769650541245937347e-02 5.404357798397541046e-03 3.429784625768661499e-02 1.224677194841206074e-03 4.952149000018835068e-03 7.503307890146970749e-03 9.053793735802173615e-03 1.192948315292596817e-02 3.569387272000312805e-02 4.487321153283119202e-02 1.682384684681892395e-02 4.076118115335702896e-03 4.256009310483932495e-02 4.147944599390029907e-02 8.536048233509063721e-03 1.984763145446777344e-02 3.565582260489463806e-02 2.164881490170955658e-02 3.374742716550827026e-02 2.520681358873844147e-02 8.744338527321815491e-03 3.314053639769554138e-02 2.988208271563053131e-02 2.899057976901531219e-02 3.527363762259483337e-02 2.064891718327999115e-02 4.669434204697608948e-02 3.840310871601104736e-02 1.716603711247444153e-02 6.154317408800125122e-02 6.594856735318899155e-03 3.695479035377502441e-02 1.530018355697393417e-02 4.092102870345115662e-02 9.430781006813049316e-03 3.227136656641960144e-02 1.133979763835668564e-02 1.599520631134510040e-02 1.711123273707926273e-03 2.864894457161426544e-02 3.566734120249748230e-02
1.757391914725303650e-02 6.981182098388671875e-02 4.799492061138153076e-01 2.063689054921269417e-03 3.938966244459152222e-02 4.901343490928411484e-04 3.524716943502426147e-02 1.073913574218750000e-01 1.657504774630069733e-02 1.303812116384506226e-02 1.734726130962371826e-02 1.664383336901664734e-02 4.033464472740888596e-03 3.477756679058074951e-02 2.706758386921137571e-04 4.418031498789787292e-02 4.616363346576690674e-02 8.892871439456939697e-03 1.793053559958934784e-02 1.293740887194871902e-02 6.807839381508529186e-04 6.139635108411312103e-03 5.609857384115457535e-03 1.128214993514120579e-03 1.830919086933135986e-02 4.927361384034156799e-02 2.585180848836898804e-02 1.153589226305484772e-03 2.782952226698398590e-02 6.478528957813978195e-04 3.911562263965606689e-02 3.206932917237281799e-02 7.055583875626325607e-03 2.543252892792224884e-02 1.431226171553134918e-02 8.502970449626445770e-03 1.013252418488264084e-02 1.674959994852542877e-02 1.533461082726716995e-02 2.982442080974578857e-02 4.725523665547370911e-02 1.846666913479566574e-03 1.281932368874549866e-02 5.095469951629638672e-02 1.356614381074905396e-02 2.424658276140689850e-03 2.679720148444175720e-02 2.654214575886726379e-02 9.872370399534702301e-03 4.554090276360511780e-02 6.285784766077995300e-03 7.780063431710004807e-03 1.102769095450639725e-02 7.972425781190395355e-03 3.098589181900024414e-02 3.229333460330963135e-02 3.011007793247699738e-03 1.854655891656875610e-02 2.020037965849041939e-03 1.656285114586353302e-02 1.530368346720933914e-02 9.829377755522727966e-03 3.359209001064300537e-02 2.151570655405521393e-02 2.594830840826034546e-02 1.472642063163220882e-03 3.377298999112099409e-04 8.322447538375854492e-03 4.229772463440895081e-02 1.030491385608911514e-02 4.293882474303245544e-02 1.391691062599420547e-02 4.171870276331901550e-02 2.057974226772785187e-02 1.492671575397253036e-02 1.141382195055484772e-02 3.037848277017474174e-03 8.134574629366397858e-03 2.441258355975151062e-02 3.146223723888397217e-02 9.854162484407424927e-02 3.490879014134407043e-02 4.128843545913696289e-02 1.989387674257159233e-04 3.367254044860601425e-03 3.120395168662071228e-02 4.905418306589126587e-02 6.284514069557189941e-02 3.946522995829582214e-02 4.552091658115386963e-02 4.966942593455314636e-02 2.787347696721553802e-02 2.218807674944400787e-02 2.564290072768926620e-03 1.710035838186740875e-02 1.514010597020387650e-03 5.715466104447841644e-03 4.020966961979866028e-02 2.128436975181102753e-02 1.014848053455352783e-02 2.736732363700866699e-02 1.388845779001712799e-02 1.042019925080239773e-03 2.452098019421100616e-02 4.276642948389053345e-02 3.103738464415073395e-02 3.861736878752708435e-02 4.630725830793380737e-03 3.417357336729764938e-03 4.079601541161537170e-02 5.271292477846145630e-02 5.372300278395414352e-03 1.432774495333433151e-02 8.042944595217704773e-03 4.027340933680534363e-02 1.333765778690576553e-02
2.688937447965145111e-02 3.750488162040710449e-02 2.063689054921269417e-03 5.011748075485229492e-01 1.624173820018768311e-01 3.708077967166900635e-02 1.029186323285102844e-02 2.281815744936466217e-02 4.883141070604324341e-02 2.918049320578575134e-02 1.799511723220348358e-02 4.322126507759094238e-03 1.734677515923976898e-02 2.908937633037567139e-02 4.784373566508293152e-02 7.675231434404850006e-03 1.779688708484172821e-02 4.675287380814552307e-02 3.621023148298263550e-02 3.101950138807296753e-02 3.991237655282020569e-02 3.000877983868122101e-02 2.943549118936061859e-02 2.340226992964744568e-02 3.442182019352912903e-02 2.703781053423881531e-02 6.929462775588035583e-03 5.333719309419393539e-03 2.203370630741119385e-02 2.624955400824546814e-02 1.934961043298244476e-02 2.636974304914474487e-02 5.142180249094963074e-02 8.174952236004173756e-04 2.266358211636543274e-02 7.113091181963682175e-03 2.055769786238670349e-02 1.432306785136461258e-02 1.367125958204269409e-01 1.808315142989158630e-02 2.219274407252669334e-03 3.734257072210311890e-02 3.331224992871284485e-02 3.292965516448020935e-02 3.930564597249031067e-02 1.927600242197513580e-02 4.054327309131622314e-02 3.171202493831515312e-03 2.897175960242748260e-02 5.493218824267387390e-02 1.110195927321910858e-02 5.980068352073431015e-03 1.092571672052145004e-02 1.765543036162853241e-02 2.357511222362518311e-02 5.592036619782447815e-02 2.522742934525012970e-02 1.968422159552574158e-02 4.237784445285797119e-02 4.297372419387102127e-03 1.026713624596595764e-01 1.629836112260818481e-02 3.631471469998359680e-02 1.442759577184915543e-02 2.202355675399303436e-02 1.754107140004634857e-02 1.167458202689886093e-02 4.742896929383277893e-02 2.240056917071342468e-02 1.108448207378387451e-02 2.176330611109733582e-02 3.425199538469314575e-02 1.029881983995437622e-01 2.178678475320339203e-02 6.311278790235519409e-02 1.667203195393085480e-02 1.559978723526000977e-02 2.684875950217247009e-02 5.193023383617401123e-02 1.286191958934068680e-02 3.419123217463493347e-02 2.338498272001743317e-02 5.600520595908164978e-02 2.251230552792549133e-02 2.757436223328113556e-02 4.165755957365036011e-02 1.273664180189371109e-02 2.304398454725742340e-02 4.292963817715644836e-02 4.126481339335441589e-02 4.226174578070640564e-02 1.868156343698501587e-02 1.125560980290174484e-02 2.566253952682018280e-02 1.257132552564144135e-02 4.737621545791625977e-02 2.981078438460826874e-02 1.142141781747341156e-02 6.255769729614257812e-02 3.279115259647369385e-02 2.319787256419658661e-02 1.763088628649711609e-02 2.230165898799896240e-02 8.348232135176658630e-03 3.185974434018135071e-03 4.187161847949028015e-02 3.288310766220092773e-02 5.687060765922069550e-03 1.079548429697751999e-02 3.320707753300666809e-02 1.197146717458963394e-02 1.490846183151006699e-02 5.257566808722913265e-04 4.046067595481872559e-02 1.811290904879570007e-02 4.448231682181358337e-02
1.155559788458049297e-03 1.169867999851703644e-02 3.938966244459152222e-02 1.624173820018768311e-01 4.911298155784606934e-01 2.019970677793025970e-03 3.928070887923240662e-02 1.563546480610966682e-03 3.541466966271400452e-02 5.304254591464996338e-02 1.175231393426656723e-02 1.862640259787440300e-03 9.329123422503471375e-03 7.164047099649906158e-03 3.066948987543582916e-02 3.891866654157638550e-02 1.113050384446978569e-03 1.658430136740207672e-02 2.779210358858108521e-02 3.704743832349777222e-02 1.868198253214359283e-02 3.456181287765502930e-02 1.177642494440078735e-02 1.964104129001498222e-03 3.683895617723464966e-02 1.062158495187759399e-02 1.580991782248020172e-02 2.809427864849567413e-02 1.704926230013370514e-02 7.692331448197364807e-03 3.698424622416496277e-02 3.653003368526697159e-03 7.381474599242210388e-03 5.060628987848758698e-03 3.823371604084968567e-02 3.993749991059303284e-02 1.075193649739958346e-04 2.158610895276069641e-02 1.129944473505020142e-01 2.322321757674217224e-02 2.566830068826675415e-02 1.592191867530345917e-02 2.269542217254638672e-02 2.187147922813892365e-02 1.791433617472648621e-02 3.756112605333328247e-02 4.394546896219253540e-02 1.370854396373033524e-02 4.573149979114532471e-02 6.229816749691963196e-02 1.928933523595333099e-02 2.396565303206443787e-02 1.891839504241943359e-02 3.706998750567436218e-02 1.596714183688163757e-02 6.085324287414550781e-02 2.011184953153133392e-02 4.120241105556488037e-02 3.255608677864074707e-02 1.743202842772006989e-02 6.007619947195053101e-02 3.692570328712463379e-02 3.702066466212272644e-02 2.312808856368064880e-02 6.911023985594511032e-03 2.731434442102909088e-02 1.067311130464076996e-02 3.465123474597930908e-02 1.134043186902999878e-02 7.341701537370681763e-03 2.920844033360481262e-02 1.917380653321743011e-02 7.196251302957534790e-02 2.879376523196697235e-02 1.019474118947982788e-01 2.286956086754798889e-02 5.079174414277076721e-02 1.505321450531482697e-02 5.045551341027021408e-03 1.302261371165513992e-02 3.936550393700599670e-02 2.238538116216659546e-03 1.687758043408393860e-02 9.499912708997726440e-02 2.849988453090190887e-02 9.324004873633384705e-03 3.145301342010498047e-02 2.372416667640209198e-02 5.155810713768005371e-02 7.572841364890336990e-03 4.747465252876281738e-02 7.370145060122013092e-03 3.468454256653785706e-02 1.683288626372814178e-02 3.062159940600395203e-02 3.058998845517635345e-02 1.320227980613708496e-02 1.242541708052158356e-02 2.617121487855911255e-02 5.396347492933273315e-02 1.263625454157590866e-02 1.184504246339201927e-03 1.859595184214413166e-03 1.787133887410163879e-02 1.161601021885871887e-02 1.733759976923465729e-02 2.462388575077056885e-02 2.172080241143703461e-02 2.797067724168300629e-02 8.940990082919597626e-03 2.601505024358630180e-03 1.534067373722791672e-02 1.064403355121612549e-02 2.130153961479663849e-02 2.408531494438648224e-02 7.310423534363508224e-03
1.234278753399848938e-01 7.489542663097381592e-02 4.901343490928411484e-04 3.708077967166900635e-02 2.019970677793025970e-03 5.215492844581604004e-01 1.499296724796295166e-01 2.042616717517375946e-02 1.367376092821359634e-02 2.308722212910652161e-02 7.243838161230087280e-02 4.345642402768135071e-02 1.502771023660898209e-02 5.634813383221626282e-02 6.289186421781778336e-04 4.820279031991958618e-02 2.807196229696273804e-02 2.926297113299369812e-02 2.087461575865745544e-02 1.465792208909988403e-02 3.865857422351837158e-02 7.110236678272485733e-03 2.105576358735561371e-02 2.177606523036956787e-02 1.324137579649686813e-02 3.271446377038955688e-02 1.469314377754926682e-02 4.984545707702636719e-02 5.337955057621002197e-02 4.654817283153533936e-02 8.504994213581085205e-03 1.326987147331237793e-02 2.536160498857498169e-02 1.191819272935390472e-02 3.635707497596740723e-02 4.119114950299263000e-02 2.367440611124038696e-02 3.775336220860481262e-02 1.323941815644502640e-02 2.381688542664051056e-02 2.937501482665538788e-02 4.372625425457954407e-02 2.055404707789421082e-02 3.397357836365699768e-02 1.836403505876660347e-03 2.945856936275959015e-02 8.149155229330062866e-02 8.935680985450744629e-02 1.852233335375785828e-02 2.783919125795364380e-02 5.281972698867321014e-03 1.167803350836038589e-02 1.117098052054643631e-02 1.277934294193983078e-02 5.184074863791465759e-02 1.619356125593185425e-02 6.013704091310501099e-02 5.006615445017814636e-02 1.381356921046972275e-02 3.516875207424163818e-02 2.035737037658691406e-02 4.360492900013923645e-02 4.042146727442741394e-02 6.449294276535511017e-03 5.434195697307586670e-02 4.335064440965652466e-03 1.286650076508522034e-02 5.034327507019042969e-02 2.923352271318435669e-02 3.547923639416694641e-02 4.888406954705715179e-03 2.154828608036041260e-02 1.279049459844827652e-02 4.346529394388198853e-02 1.048428378999233246e-02 3.989702090620994568e-02 2.222973294556140900e-02 2.406015619635581970e-02 9.548124857246875763e-03 5.276671424508094788e-02 1.815052330493927002e-02 2.175884135067462921e-02 1.033253129571676254e-02 1.355562917888164520e-02 4.099070653319358826e-02 2.887874282896518707e-02 2.490666881203651428e-02 2.586751431226730347e-02 7.344960421323776245e-02 5.500006303191184998e-02 6.385572254657745361e-02 3.217213228344917297e-02 9.904762357473373413e-02 1.523176953196525574e-02 2.175511792302131653e-02 2.665755338966846466e-03 3.702583163976669312e-02 2.424223162233829498e-02 6.647760514169931412e-03 4.218762367963790894e-02 1.657121069729328156e-02 3.279098123311996460e-02 2.607514522969722748e-02 4.860820248723030090e-03 1.305939070880413055e-02 2.529289759695529938e-02 2.531521581113338470e-02 1.961903879418969154e-03 2.653282508254051208e-02 3.386901319026947021e-02 2.179999276995658875e-02 1.419822312891483307e-02 5.580936092883348465e-03 2.189926616847515106e-02 1.178772095590829849e-02 1.448371075093746185e-02
1.244899705052375793e-01 1.387795507907867432e-01 3.524716943502426147e-02 1.029186323285102844e-02 3.928070887923240662e-02 1.499296724796295166e-01 5.266275405883789062e-01 1.918375119566917419e-02 2.691804664209485054e-03 1.701234839856624603e-02 2.897538989782333374e-02 5.394673720002174377e-02 8.573104441165924072e-02 5.656769126653671265e-02 3.370954841375350952e-02 2.075720578432083130e-02 1.883246563374996185e-02 3.198710456490516663e-02 1.324817817658185959e-02 4.383958131074905396e-02 4.008056968450546265e-02 2.504831366240978241e-02 1.309402473270893097e-02 2.178568160161375999e-03 9.084424003958702087e-03 5.977251566946506500e-03 4.085239395499229431e-02 4.147619754076004028e-02 4.074672702699899673e-03 3.434523567557334900e-02 3.863312304019927979e-02 3.838540241122245789e-02 1.149823796004056931e-02 4.110363125801086426e-02 1.797785796225070953e-02 3.311398997902870178e-02 1.736707240343093872e-02 3.991308435797691345e-02 1.971882209181785583e-02 3.288039937615394592e-02 3.171425312757492065e-02 1.806468889117240906e-02 7.838268764317035675e-03 3.327735140919685364e-02 4.806195944547653198e-02 3.539269044995307922e-02 1.085567101836204529e-01 1.406946331262588501e-01 2.959348075091838837e-02 1.686792820692062378e-02 3.311721608042716980e-02 4.661013185977935791e-02 4.628275707364082336e-02 1.019993331283330917e-02 1.369940675795078278e-02 7.490221410989761353e-03 2.212656475603580475e-02 2.702287631109356880e-03 3.398780897259712219e-02 4.060564562678337097e-02 1.591987721621990204e-02 4.093951731920242310e-02 3.996009379625320435e-02 2.358841011300683022e-03 1.596136204898357391e-02 7.528359536081552505e-03 4.072475433349609375e-02 1.497656852006912231e-02 2.932476997375488281e-02 4.848783835768699646e-03 3.064982034265995026e-02 8.696399629116058350e-03 4.927608370780944824e-02 3.859251365065574646e-02 4.090341925621032715e-02 1.249797735363245010e-02 2.539483085274696350e-02 2.265528030693531036e-02 2.470102161169052124e-02 6.541728973388671875e-02 1.401938218623399734e-02 3.891833871603012085e-02 2.678617462515830994e-02 1.158186513930559158e-02 1.305344887077808380e-02 4.177689552307128906e-02 1.861397176980972290e-02 2.724491804838180542e-02 5.263761430978775024e-02 4.100219905376434326e-02 5.143362283706665039e-02 2.426450885832309723e-02 8.083237707614898682e-02 8.686362765729427338e-03 7.610900793224573135e-04 2.208351157605648041e-02 3.229381889104843140e-02 3.959092497825622559e-02 4.457910358905792236e-02 3.875856474041938782e-02 3.716806694865226746e-02 3.905928507447242737e-02 1.448638271540403366e-02 1.636383822187781334e-03 2.876181714236736298e-02 4.564683884382247925e-02 3.496098145842552185e-02 1.203464809805154800e-02 1.917931251227855682e-02 8.997227996587753296e-03 2.168197743594646454e-02 1.291186083108186722e-02 4.134604334831237793e-02 2.166533656418323517e-02 1.316890772432088852e-02 5.225039087235927582e-03
2.939922362565994263e-02 4.042972251772880554e-02 1.073913574218750000e-01 2.281815744936466217e-02 1.563546480610966682e-03 2.042616717517375946e-02 1.918375119566917419e-02 5.047364234924316406e-01 2.625840716063976288e-02 3.339115902781486511e-02 3.378009051084518433e-02 3.060986660420894623e-02 3.286367282271385193e-02 2.455077320337295532e-02 1.236225813627243042e-01 2.324231900274753571e-02 3.091695159673690796e-02 1.835183613002300262e-02 2.692780457437038422e-03 2.232056343927979469e-03 4.386254772543907166e-02 4.354610294103622437e-02 3.674550727009773254e-02 1.737832278013229370e-02 3.231509029865264893e-02 3.070781938731670380e-02 4.756303504109382629e-02 3.040624223649501801e-02 1.773052848875522614e-02 3.268206864595413208e-02 3.056654706597328186e-02 1.225600950419902802e-03 2.098278515040874481e-02 8.593887090682983398e-03 4.037039726972579956e-02 1.245719101279973984e-02 4.632308334112167358e-02 1.413674326613545418e-04 4.578916355967521667e-02 9.052215144038200378e-03 2.929985988885164261e-03 1.047815196216106415e-02 2.246579527854919434e-02 1.398738473653793335e-02 5.767099559307098389e-03 4.361332207918167114e-02 3.078263066709041595e-02 3.753229230642318726e-02 2.795134438201785088e-03 2.652729675173759460e-02 1.391588523983955383e-02 1.675141602754592896e-02 6.361073814332485199e-03 9.887103922665119171e-03 6.989985238760709763e-03 1.879476755857467651e-02 4.545918479561805725e-02 4.879767820239067078e-02 1.247688196599483490e-02 2.668657526373863220e-02 2.412954904139041901e-02 4.503979533910751343e-02 2.482590451836585999e-02 3.315838798880577087e-02 1.102422364056110382e-02 2.280895411968231201e-02 8.223505690693855286e-03 1.842384226620197296e-02 1.268211379647254944e-02 1.070132106542587280e-02 1.162333041429519653e-02 8.250542916357517242e-03 7.412673439830541611e-03 1.067870878614485264e-03 1.476433128118515015e-02 3.204684332013130188e-02 3.314700350165367126e-02 2.315737679600715637e-02 6.518361158668994904e-03 1.305882539600133896e-02 1.197406351566314697e-01 1.104205623269081116e-01 1.116444263607263565e-02 2.048629708588123322e-02 2.897815220057964325e-02 4.194168373942375183e-02 1.167411729693412781e-01 8.280959725379943848e-02 4.962831735610961914e-02 4.572465084493160248e-03 3.006628714501857758e-02 7.285030093044042587e-03 2.766926400363445282e-02 2.618509531021118164e-02 2.883154712617397308e-02 2.795575000345706940e-02 3.719696402549743652e-02 3.779474645853042603e-02 1.948494836688041687e-02 2.436045557260513306e-02 3.213466703891754150e-02 3.014333359897136688e-02 2.743387781083583832e-02 3.852293128147721291e-03 3.397075459361076355e-02 4.977818951010704041e-02 2.659978158771991730e-02 4.000418633222579956e-02 1.243055239319801331e-02 1.812570169568061829e-02 6.133656948804855347e-03 8.756396360695362091e-03 1.088649593293666840e-02 3.043385036289691925e-02 1.219563279300928116e-02 3.841054812073707581e-02
1.056919153779745102e-02 8.483340963721275330e-03 1.657504774630069733e-02 4.883141070604324341e-02 3.541466966271400452e-02 1.367376092821359634e-02 2.691804664209485054e-03 2.625840716063976288e-02 5.220316648483276367e-01 9.882169216871261597e-02 2.423955500125885010e-02 4.406837746500968933e-02 1.192358508706092834e-02 4.621315747499465942e-02 3.775138035416603088e-02 5.088345333933830261e-02 1.764546707272529602e-02 1.106343865394592285e-01 4.906862601637840271e-02 3.466088324785232544e-02 3.038799390196800232e-02 2.293873392045497894e-02 1.535394601523876190e-02 1.122283935546875000e-02 3.184030950069427490e-02 5.081907659769058228e-02 1.574639603495597839e-02 1.011889707297086716e-02 2.535934373736381531e-02 1.152985449880361557e-02 1.578917168080806732e-02 3.039790876209735870e-02 4.294553026556968689e-02 4.018303751945495605e-02 4.334815591573715210e-02 1.587870530784130096e-02 2.481549791991710663e-02 3.513869270682334900e-02 6.231579184532165527e-02 1.700284332036972046e-02 5.615287460386753082e-03 5.275851488113403320e-02 2.778442017734050751e-02 4.464428871870040894e-02 1.458481187000870705e-03 1.599998213350772858e-02 6.537062115967273712e-03 1.981514738872647285e-03 3.710264340043067932e-02 3.965479508042335510e-02 5.247463472187519073e-03 6.185983307659626007e-03 1.941123418509960175e-02 3.241876140236854553e-02 7.975922524929046631e-02 3.033112920820713043e-02 5.057644564658403397e-03 1.784809306263923645e-02 2.696721348911523819e-03 9.646173566579818726e-03 5.194284021854400635e-03 2.691582590341567993e-02 4.110213369131088257e-02 8.215212263166904449e-03 3.571379184722900391e-02 3.714051470160484314e-02 4.565849900245666504e-02 2.492013201117515564e-02 8.882571011781692505e-02 2.188297687098383904e-03 2.984957583248615265e-02 3.875812515616416931e-02 2.606929652392864227e-02 2.877355366945266724e-02 3.171023353934288025e-02 4.843588918447494507e-02 1.509931832551956177e-01 6.648667901754379272e-02 2.178677171468734741e-02 8.744307793676853180e-03 3.163661342114210129e-03 1.320398133248090744e-02 1.018124148249626160e-01 2.290631830692291260e-02 2.535050362348556519e-02 4.921647161245346069e-02 5.148121621459722519e-03 2.485548704862594604e-02 9.020911157131195068e-02 7.541732396930456161e-03 1.514566363766789436e-03 9.012158028781414032e-03 1.776808872818946838e-02 2.150230668485164642e-02 4.077545925974845886e-02 1.753615774214267731e-02 2.887063659727573395e-02 2.363880537450313568e-02 3.050895594060420990e-02 4.517721943557262421e-03 1.051862072199583054e-02 2.143597044050693512e-02 3.890303522348403931e-02 2.950107306241989136e-02 1.890655793249607086e-02 4.885711148381233215e-02 3.275610273703932762e-03 4.841656982898712158e-02 5.211661104112863541e-03 2.387005463242530823e-02 3.803630918264389038e-02 1.681011170148849487e-02 1.421445049345493317e-02 3.511369228363037109e-03 4.205435514450073242e-02 1.543429028242826462e-02
1.880102418363094330e-02 3.331663832068443298e-02 1.303812116384506226e-02 2.918049320578575134e-02 5.304254591464996338e-02 2.308722212910652161e-02 1.701234839856624603e-02 3.339115902781486511e-02 9.882169216871261597e-02 5.229136347770690918e-01 3.299153968691825867e-02 3.464920818805694580e-02 4.397780820727348328e-02 3.521129488945007324e-03 3.265967220067977905e-02 7.978281937539577484e-03 4.843563959002494812e-02 4.759014770388603210e-02 1.053179576992988586e-01 5.470091477036476135e-02 3.636582940816879272e-02 2.087317779660224915e-02 2.047094143927097321e-02 5.030324682593345642e-03 3.657569736242294312e-02 7.454380393028259277e-03 1.223854604177176952e-03 4.361547064036130905e-03 2.229163609445095062e-02 1.366430148482322693e-02 1.930528134107589722e-02 6.223619356751441956e-02 3.900448977947235107e-02 4.662325233221054077e-02 5.282659828662872314e-02 2.405662089586257935e-02 8.181370794773101807e-03 2.447103150188922882e-02 2.052444405853748322e-02 5.500080063939094543e-03 4.561182577162981033e-03 3.648046776652336121e-02 5.274422839283943176e-02 5.587831139564514160e-02 2.189874358009546995e-04 2.408401342108845711e-04 2.332567609846591949e-02 1.876066811382770538e-02 1.307269791141152382e-03 7.049512863159179688e-02 2.028214046731591225e-03 2.804131945595145226e-03 2.742093428969383240e-02 2.816586010158061981e-02 3.796954080462455750e-02 6.919105350971221924e-02 6.568335928022861481e-03 7.000249344855546951e-03 1.680556125938892365e-02 3.892969107255339622e-03 6.509757041931152344e-02 2.502784505486488342e-02 2.686849795281887054e-02 3.760358085855841637e-04 2.827734872698783875e-02 6.643601693212985992e-03 4.816076532006263733e-02 3.872382268309593201e-02 4.629872366786003113e-02 1.076533831655979156e-02 5.870376154780387878e-02 3.194980788975954056e-03 3.411728888750076294e-02 1.892034336924552917e-02 1.380755007266998291e-02 5.116457864642143250e-02 9.360646456480026245e-02 1.155889779329299927e-01 4.607685375958681107e-03 4.596208781003952026e-02 3.165206871926784515e-03 4.307026416063308716e-02 7.760672271251678467e-02 3.350546211004257202e-02 1.620261184871196747e-02 4.942167922854423523e-02 2.779556438326835632e-02 2.549645490944385529e-02 5.649416148662567139e-02 8.509095013141632080e-02 1.058249175548553467e-02 3.514547273516654968e-02 1.567222550511360168e-02 1.168890763074159622e-02 3.249027580022811890e-02 2.281058393418788910e-02 4.868824034929275513e-02 4.628955572843551636e-02 1.787881925702095032e-02 2.577315829694271088e-02 1.663221162743866444e-03 9.661657735705375671e-03 3.944547101855278015e-02 4.602702334523200989e-03 1.046671066433191299e-02 3.430426120758056641e-02 3.468183800578117371e-02 1.303988136351108551e-02 1.205986179411411285e-02 7.850703783333301544e-03 3.576132655143737793e-02 5.284661892801523209e-03 1.354039460420608521e-02 4.255692008882761002e-03 4.309908673167228699e-02 1.792770065367221832e-02
1.610980331897735596e-01 9.458478540182113647e-02 1.734726130962371826e-02 1.799511723220348358e-02 1.175231393426656723e-02 7.243838161230087280e-02 2.897538989782333374e-02 3.378009051084518433e-02 2.423955500125885010e-02 3.299153968691825867e-02 5.036613345146179199e-01 5.425977869890630245e-04 1.847919076681137085e-01 5.190328881144523621e-02 1.659307256340980530e-02 2.736056596040725708e-02 2.258061803877353668e-02 2.832185942679643631e-03 3.355448367074131966e-03 1.704690605401992798e-02 8.200425654649734497e-04 6.988544482737779617e-04 2.037866227328777313e-02 1.909676380455493927e-02 1.978321373462677002e-02 1.379578374326229095e-03 3.535789996385574341e-02 3.641887754201889038e-02 3.108013793826103210e-02 4.108774662017822266e-02 8.461174368858337402e-02 1.580615341663360596e-02 2.738830074667930603e-02 1.877647155197337270e-04 1.417169999331235886e-02 2.061912603676319122e-02 3.421157132834196091e-03 2.754425629973411560e-02 4.096584394574165344e-02 2.151308581233024597e-03 2.133317478001117706e-02 3.350934386253356934e-02 2.986337803304195404e-02 3.862601891160011292e-02 5.279788374900817871e-02 4.186560213565826416e-02 1.636205986142158508e-02 2.842068299651145935e-02 2.459868788719177246e-02 3.790567442774772644e-02 2.486185170710086823e-02 3.470320999622344971e-02 3.099849261343479156e-02 1.093226391822099686e-02 4.411693662405014038e-02 1.731015741825103760e-02 5.141573026776313782e-02 2.868076786398887634e-02 1.298134960234165192e-02 5.188376083970069885e-02 1.464749500155448914e-02 7.685526274144649506e-03 2.683234028518199921e-02 5.351441726088523865e-02 4.206069931387901306e-02 7.958536595106124878e-02 4.096772521734237671e-02 1.716728881001472473e-02 2.304068766534328461e-03 2.755253016948699951e-02 1.515557058155536652e-02 1.157882716506719589e-02 4.944407381117343903e-03 2.214493788778781891e-02 1.890855282545089722e-02 1.657805219292640686e-02 2.606280706822872162e-02 5.225399509072303772e-02 4.978967085480690002e-02 3.665948286652565002e-02 2.060821838676929474e-02 2.558856271207332611e-02 4.672908782958984375e-02 2.857690211385488510e-03 2.648345008492469788e-02 7.735902909189462662e-03 1.638123393058776855e-02 1.047378592193126678e-02 1.078348420560359955e-02 5.069261789321899414e-02 4.600935429334640503e-02 1.585145853459835052e-02 3.696158528327941895e-02 7.257776334881782532e-03 3.141607716679573059e-02 2.346674725413322449e-02 1.624434813857078552e-02 3.933746740221977234e-02 3.480362892150878906e-02 3.489649668335914612e-02 4.014696553349494934e-02 2.318977005779743195e-02 3.805653005838394165e-02 1.935372687876224518e-02 6.516613531857728958e-03 1.431591343134641647e-03 4.096617922186851501e-02 8.748440071940422058e-03 4.364046268165111542e-03 3.079077973961830139e-02 1.971501484513282776e-02 2.761441096663475037e-02 3.909942135214805603e-02 3.446533158421516418e-02 3.214911371469497681e-02 3.985444456338882446e-02
2.349386923015117645e-02 1.666172780096530914e-02 1.664383336901664734e-02 4.322126507759094238e-03 1.862640259787440300e-03 4.345642402768135071e-02 5.394673720002174377e-02 3.060986660420894623e-02 4.406837746500968933e-02 3.464920818805694580e-02 5.425977869890630245e-04 5.082768201828002930e-01 2.686475403606891632e-02 2.247906476259231567e-01 1.171971764415502548e-02 4.791859164834022522e-02 4.817074222955852747e-04 1.226991508156061172e-02 2.110432134941220284e-03 1.657531224191188812e-02 1.250477228313684464e-02 2.575737610459327698e-02 3.790400549769401550e-02 8.661910891532897949e-03 1.389084733091294765e-03 2.697157301008701324e-02 3.978964313864707947e-02 1.233773678541183472e-01 4.266764223575592041e-02 9.959037601947784424e-02 3.079809434711933136e-02 4.671754688024520874e-02 2.570790238678455353e-02 7.715533021837472916e-03 1.731671951711177826e-02 3.644081205129623413e-02 4.224018380045890808e-02 2.312324568629264832e-02 1.595296524465084076e-02 4.365755245089530945e-02 6.633836310356855392e-04 5.297482386231422424e-02 3.859093412756919861e-02 3.099743509665131569e-03 9.690586477518081665e-02 3.123285248875617981e-02 7.002276182174682617e-02 1.140482816845178604e-02 5.936542060226202011e-03 7.795459590852260590e-03 2.514593675732612610e-02 3.987726569175720215e-02 2.277054078876972198e-02 2.460363507270812988e-02 2.280958555638790131e-02 1.026094891130924225e-02 2.323255687952041626e-02 1.181899756193161011e-02 3.245374560356140137e-02 2.661845274269580841e-02 7.795558311045169830e-03 1.589608192443847656e-02 6.683772662654519081e-04 5.098851770162582397e-02 4.552121460437774658e-02 3.227498009800910950e-02 4.422992060426622629e-04 2.955387905240058899e-02 3.625342994928359985e-02 4.532391950488090515e-02 4.050402436405420303e-03 2.189875021576881409e-02 2.414826862514019012e-02 1.386683620512485504e-02 1.697695255279541016e-02 9.538353420794010162e-03 6.313374731689691544e-03 3.371002618223428726e-03 3.354877699166536331e-03 2.072740159928798676e-02 2.281831577420234680e-02 4.175657872110605240e-03 3.882079571485519409e-02 4.004582390189170837e-02 1.131931692361831665e-02 2.137469314038753510e-02 3.751894459128379822e-02 3.765657171607017517e-02 1.806823909282684326e-02 2.474771626293659210e-02 7.010231912136077881e-02 9.234643541276454926e-03 2.100029960274696350e-02 4.026438295841217041e-02 1.688745059072971344e-02 2.690064720809459686e-02 2.593721635639667511e-02 8.616898208856582642e-03 2.210524864494800568e-02 4.692165926098823547e-02 1.993979327380657196e-02 4.256459325551986694e-02 1.833444274961948395e-02 2.951401099562644958e-02 6.768525112420320511e-03 1.920255087316036224e-02 3.406149521470069885e-02 5.176702514290809631e-02 1.309913769364356995e-02 4.243776574730873108e-02 2.590900473296642303e-02 2.920600771903991699e-02 3.748117759823799133e-02 1.858264021575450897e-02 3.452634438872337341e-02 1.583389751613140106e-02
8.040296286344528198e-02 1.357584893703460693e-01 4.033464472740888596e-03 1.734677515923976898e-02 9.329123422503471375e-03 1.502771023660898209e-02 8.573104441165924072e-02 3.286367282271385193e-02 1.192358508706092834e-02 4.397780820727348328e-02 1.847919076681137085e-01 2.686475403606891632e-02 5.081755518913269043e-01 1.932124258019030094e-03 2.849685586988925934e-02 1.765964669175446033e-03 3.942973166704177856e-02 1.829732023179531097e-02 4.076129943132400513e-02 1.595520786941051483e-02 3.544558957219123840e-02 3.080905228853225708e-02 1.231324393302202225e-02 1.781099272193387151e-04 1.280220970511436462e-02 2.995394170284271240e-02 1.621087267994880676e-02 4.547005146741867065e-02 8.117727003991603851e-03 6.307912617921829224e-02 1.504554450511932373e-01 2.930226735770702362e-03 3.816452343016862869e-03 4.294432327151298523e-02 2.056060731410980225e-02 3.694950416684150696e-02 2.983647957444190979e-02 7.080966141074895859e-03 2.149586565792560577e-02 2.447371557354927063e-02 2.255751378834247589e-02 1.006015297025442123e-02 3.636926040053367615e-02 3.228449821472167969e-02 2.314504049718379974e-02 1.486707711592316628e-03 3.270407766103744507e-02 9.032931178808212280e-02 3.793934360146522522e-02 2.811634913086891174e-02 4.086713120341300964e-02 3.622468560934066772e-02 4.151212796568870544e-02 3.554372116923332214e-02 2.734843268990516663e-02 3.624330088496208191e-02 2.996812388300895691e-02 3.189897537231445312e-02 6.263284385204315186e-02 3.543418273329734802e-02 8.345359005033969879e-03 1.864710124209523201e-03 1.239614747464656830e-02 2.612616121768951416e-02 3.851373214274644852e-03 5.349679291248321533e-02 3.871751576662063599e-02 3.209542110562324524e-02 3.343256935477256775e-02 2.828374132513999939e-02 3.133949264883995056e-02 4.034814611077308655e-02 5.014979466795921326e-02 7.298337295651435852e-04 3.700989112257957458e-02 2.481672167778015137e-02 2.949307672679424286e-02 5.988283082842826843e-03 4.551539942622184753e-02 2.169626578688621521e-02 4.141444806009531021e-03 1.048581488430500031e-02 3.069751523435115814e-02 2.844970300793647766e-02 4.057275876402854919e-02 6.940826307982206345e-03 1.115717925131320953e-02 1.261523365974426270e-02 3.693832829594612122e-02 2.630655653774738312e-02 3.699270542711019516e-03 2.436812222003936768e-02 7.125852257013320923e-02 1.728489063680171967e-03 3.999278414994478226e-03 1.157011929899454117e-02 1.360620651394128799e-02 1.483663823455572128e-02 4.237971454858779907e-02 2.745957486331462860e-02 4.257436096668243408e-02 4.049724712967872620e-02 1.531545305624604225e-03 4.116987437009811401e-02 6.892807781696319580e-02 8.261047303676605225e-03 1.614139229059219360e-02 5.829758476465940475e-03 2.674527280032634735e-02 5.142371729016304016e-02 2.621711604297161102e-02 1.988718518987298012e-03 3.917570412158966064e-02 2.081051655113697052e-02 3.586685284972190857e-02 6.692976225167512894e-03
