4.389304518699645996e-01 6.606324762105941772e-02 2.410225756466388702e-02 2.505591511726379395e-02 4.755944758653640747e-02 1.487949192523956299e-01 6.684786081314086914e-02 2.538755722343921661e-02 4.682717844843864441e-02 2.578198537230491638e-02 2.240023165941238403e-01 2.282370999455451965e-02 7.918545603752136230e-02 3.296857327222824097e-02 3.866716846823692322e-02 1.260496396571397781e-02 1.751547213643789291e-03 4.347759857773780823e-02 8.634010329842567444e-03 2.523262798786163330e-02 1.816134527325630188e-02 3.943112120032310486e-02 3.868003562092781067e-02 3.055291250348091125e-02 2.294702269136905670e-02 1.589287258684635162e-02 5.488295108079910278e-03 3.945614770054817200e-02 5.042540654540061951e-02 6.683103740215301514e-02 9.926802478730678558e-03 4.853804036974906921e-02 5.514252930879592896e-02 1.822709478437900543e-02 3.546506538987159729e-02 2.274114824831485748e-02 3.763381764292716980e-02 4.764367640018463135e-02 4.441897571086883545e-02 3.302238136529922485e-02 6.789759732782840729e-03 2.749597281217575073e-02 2.602190710604190826e-02 4.663525521755218506e-02 1.286695897579193115e-02 3.420938178896903992e-02 3.878908976912498474e-02 3.204813227057456970e-02 3.910043463110923767e-02 5.292776599526405334e-02 2.055296208709478378e-03 5.195994675159454346e-02 3.749288991093635559e-02 2.210118435323238373e-02 3.011376038193702698e-02 2.208219096064567566e-02 2.115362003678455949e-04 3.496636822819709778e-02 1.798129267990589142e-02 4.146815091371536255e-02 4.194425046443939209e-02 1.723716780543327332e-02 2.477755025029182434e-02 1.526737236417829990e-03 4.319296032190322876e-02 4.184500500559806824e-02 4.082754254341125488e-02 2.463633008301258087e-02 1.639804802834987640e-02 3.920390736311674118e-03 1.643276587128639221e-02 3.330218046903610229e-02 3.690715506672859192e-02 5.809208005666732788e-02 1.054429635405540466e-02 6.815778091549873352e-03 1.404996495693922043e-03 4.295810684561729431e-02 1.050474602379836142e-04 4.643150418996810913e-02 4.242235422134399414e-02 3.449806943535804749e-02 2.181527577340602875e-02 1.032810285687446594e-02 4.927606135606765747e-02 3.043927252292633057e-02 3.863184526562690735e-02 3.272380679845809937e-02 4.823625087738037109e-02 9.808087721467018127e-03 5.033472180366516113e-02 1.411059033125638962e-02 6.468489021062850952e-02 2.397657558321952820e-02 1.173379551619291306e-02 8.794783614575862885e-03 2.965188212692737579e-02 7.778239436447620392e-03 5.034497007727622986e-03 1.687804982066154480e-02 1.401932165026664734e-02 6.958410888910293579e-02 9.877060540020465851e-03 4.716216772794723511e-02 1.505225524306297302e-02 4.648643545806407928e-03 3.247812017798423767e-02 6.856339052319526672e-03 7.457673549652099609e-03 1.756509952247142792e-02 2.474679052829742432e-02 5.121402069926261902e-02 3.541308641433715820e-02 2.241260185837745667e-02 1.340736541897058487e-02 1.784988492727279663e-02
6.606324762105941772e-02 4.314062595367431641e-01 4.055223986506462097e-02 4.464340209960937500e-02 2.555056102573871613e-02 1.571296527981758118e-02 8.937875926494598389e-02 5.255280435085296631e-02 3.739576414227485657e-02 1.950384117662906647e-02 1.401463057845830917e-03 3.011257201433181763e-02 1.621350944042205811e-01 3.105329535901546478e-02 4.883883520960807800e-02 3.972761705517768860e-02 1.253327168524265289e-02 2.301396988332271576e-02 1.006939727813005447e-02 2.719509974122047424e-02 1.083477307111024857e-02 3.971779346466064453e-02 2.082305774092674255e-02 4.076525941491127014e-02 8.336525410413742065e-03 2.084173960611224174e-03 5.942790303379297256e-03 3.476897021755576134e-03 3.365435404703021049e-03 2.694028243422508240e-02 2.553042396903038025e-02 4.437352344393730164e-02 2.923945151269435883e-02 3.305558487772941589e-02 2.787175029516220093e-02 2.561748027801513672e-03 4.235965758562088013e-02 3.119066730141639709e-02 4.354376345872879028e-02 3.843489289283752441e-02 4.565766081213951111e-02 3.550397604703903198e-02 2.199784107506275177e-02 6.008515600115060806e-03 6.908679846674203873e-03 4.884904995560646057e-02 4.403866454958915710e-02 5.998221412301063538e-02 1.563118211925029755e-02 9.015998989343643188e-02 3.325106203556060791e-02 3.204384073615074158e-02 3.661355003714561462e-02 7.324085105210542679e-03 1.161816529929637909e-02 5.154199153184890747e-02 4.527565464377403259e-02 4.023580625653266907e-02 3.381041437387466431e-02 2.820907393470406532e-03 5.387740209698677063e-03 3.212205320596694946e-02 2.630532253533601761e-03 2.752322331070899963e-02 1.898440159857273102e-02 1.101132668554782867e-02 4.192727804183959961e-02 4.147868603467941284e-02 7.251129951328039169e-03 1.042404025793075562e-02 4.191868752241134644e-02 5.719735100865364075e-02 2.938048355281352997e-02 3.497799485921859741e-02 3.255083411931991577e-02 3.392362967133522034e-02 4.435163363814353943e-02 1.055948715656995773e-02 1.138325035572052002e-01 3.127797693014144897e-02 5.262432992458343506e-02 3.723644837737083435e-02 3.269833698868751526e-02 2.213041298091411591e-02 3.375828638672828674e-02 2.038725651800632477e-02 3.375572338700294495e-02 4.775742813944816589e-02 3.339308546856045723e-03 2.801899239420890808e-02 7.297611981630325317e-02 3.356558084487915039e-02 7.104824483394622803e-02 2.685180399566888809e-03 1.887165941298007965e-02 3.377423062920570374e-02 1.849852874875068665e-02 1.150845922529697418e-02 3.342008218169212341e-02 8.089046925306320190e-03 2.987128915265202522e-03 2.028525620698928833e-02 3.216770663857460022e-02 5.159096792340278625e-02 2.171681029722094536e-03 1.344775035977363586e-02 1.080698054283857346e-02 2.372827753424644470e-02 3.517937660217285156e-02 1.008740160614252090e-02 2.863638661801815033e-02 1.682966947555541992e-02 4.598724842071533203e-02 4.586604982614517212e-02 7.635595742613077164e-03 4.143345355987548828e-02
2.410225756466388702e-02 4.055223986506462097e-02 4.245612919330596924e-01 1.395166665315628052e-02 1.406795624643564224e-02 4.916828870773315430e-02 4.031107574701309204e-02 6.378207355737686157e-02 5.480162426829338074e-02 3.500478342175483704e-02 2.002780698239803314e-02 6.840623915195465088e-03 1.232268474996089935e-02 2.621449716389179230e-02 1.046303473412990570e-02 4.725887998938560486e-02 1.078863441944122314e-02 5.558198317885398865e-03 2.240435406565666199e-02 1.543110422790050507e-02 2.739250659942626953e-02 2.004125155508518219e-02 1.530987862497568130e-02 1.207249891012907028e-02 2.580931782722473145e-02 1.805537194013595581e-02 2.611188450828194618e-03 5.423619411885738373e-03 1.163019053637981415e-02 4.935897886753082275e-02 4.122311621904373169e-02 2.998270653188228607e-02 3.091788850724697113e-02 4.342974722385406494e-02 7.507613860070705414e-03 5.079004168510437012e-02 3.060749545693397522e-02 2.329996228218078613e-02 4.567456990480422974e-02 1.766286604106426239e-02 4.480435699224472046e-02 2.302602678537368774e-02 3.022850491106510162e-02 2.555544860661029816e-02 4.592337459325790405e-02 3.216725960373878479e-02 4.433028772473335266e-02 1.408233121037483215e-02 1.355377305299043655e-02 4.613886773586273193e-02 3.687721118330955505e-02 3.483597561717033386e-02 3.483780845999717712e-02 1.157007832080125809e-02 5.905571579933166504e-02 2.210711315274238586e-02 1.716993935406208038e-02 1.426825672388076782e-02 7.232615351676940918e-02 4.418888315558433533e-02 7.426381856203079224e-02 4.177255090326070786e-03 4.348047077655792236e-02 2.127062901854515076e-02 4.260822385549545288e-02 1.055641914717853069e-03 4.674349725246429443e-02 5.015292018651962280e-02 1.758436555974185467e-03 2.243472263216972351e-02 3.448668867349624634e-02 4.441795125603675842e-02 3.769984235987067223e-03 6.916764192283153534e-03 3.234779089689254761e-02 1.552772708237171173e-02 2.995653823018074036e-02 6.542694289237260818e-03 5.522627383470535278e-03 1.987652666866779327e-02 1.187262088060379028e-01 6.225534155964851379e-02 2.399318292737007141e-02 1.482263673096895218e-02 3.646777244284749031e-03 1.471907459199428558e-02 1.083013322204351425e-02 5.660861730575561523e-03 3.672887384891510010e-02 4.751173779368400574e-02 4.147241264581680298e-02 1.132830232381820679e-02 3.990658372640609741e-02 1.198137551546096802e-02 9.558757767081260681e-03 3.260653093457221985e-02 3.490908537060022354e-03 4.054017364978790283e-02 5.442709196358919144e-03 3.968654200434684753e-02 9.857749566435813904e-03 1.325522456318140030e-02 4.646479710936546326e-02 2.757665142416954041e-02 3.919929731637239456e-04 4.143024608492851257e-02 3.356627747416496277e-02 1.913701707962900400e-04 9.484188631176948547e-03 4.685026407241821289e-02 2.290957607328891754e-02 1.460324507206678391e-02 2.214306592941284180e-02 5.103284493088722229e-02 7.740484178066253662e-02 1.587205752730369568e-02
2.505591511726379395e-02 4.464340209960937500e-02 1.395166665315628052e-02 4.161349534988403320e-01 1.101547405123710632e-01 8.313518017530441284e-03 6.870162324048578739e-04 2.820034697651863098e-02 1.738363876938819885e-02 2.493731305003166199e-02 2.817057073116302490e-02 6.431791465729475021e-03 9.506602771580219269e-03 1.352224219590425491e-02 2.112735435366630554e-02 2.777107246220111847e-02 2.140507288277149200e-02 3.607083112001419067e-02 6.112521514296531677e-03 1.864504883997142315e-03 1.233481243252754211e-02 1.825593970715999603e-02 3.706829249858856201e-02 2.974975667893886566e-02 5.781214684247970581e-02 3.776414319872856140e-02 3.526598215103149414e-03 3.193778218701481819e-03 3.868210688233375549e-02 4.932092502713203430e-02 5.631185136735439301e-03 1.977311185328289866e-04 3.355489671230316162e-02 6.039281934499740601e-02 3.605682635679841042e-03 1.600152230821549892e-03 2.006044983863830566e-02 2.382833976298570633e-03 3.777102753520011902e-02 3.838370321318507195e-03 3.002450056374073029e-02 5.194390565156936646e-02 4.854151234030723572e-02 1.045272126793861389e-01 3.183147683739662170e-02 3.385083749890327454e-02 5.161777604371309280e-03 4.268645495176315308e-02 5.216037482023239136e-02 1.495375763624906540e-02 3.480866178870201111e-02 3.968641161918640137e-02 4.378190636634826660e-02 1.682463474571704865e-02 1.555559597909450531e-02 1.199789531528949738e-02 2.407045848667621613e-02 4.888351541012525558e-03 4.182894155383110046e-02 3.138976544141769409e-02 4.410584643483161926e-02 2.105975523591041565e-02 1.319023128598928452e-02 7.647731807082891464e-03 1.344990544021129608e-02 7.252858486026525497e-04 4.063788801431655884e-02 1.443727035075426102e-02 2.228310890495777130e-02 3.624079748988151550e-02 6.517431139945983887e-02 6.718814838677644730e-03 5.331442132592201233e-02 2.107956632971763611e-02 5.684372037649154663e-02 4.127870127558708191e-02 5.698461458086967468e-02 5.273720249533653259e-02 2.189302630722522736e-02 1.859061606228351593e-02 4.058057907968759537e-03 3.806018456816673279e-02 1.916768774390220642e-02 1.031668763607740402e-02 1.555140782147645950e-02 5.210165306925773621e-02 1.971732638776302338e-02 2.747000195086002350e-02 5.280814133584499359e-03 1.029916666448116302e-02 1.749942451715469360e-02 5.145449191331863403e-02 4.350705072283744812e-02 4.533840715885162354e-02 2.716337330639362335e-02 3.398249670863151550e-02 2.781754732131958008e-02 3.645334392786026001e-02 1.054052263498306274e-02 1.238932926207780838e-02 9.436362423002719879e-03 3.307777270674705505e-02 3.691649436950683594e-02 2.791468426585197449e-02 3.383548185229301453e-02 2.551834285259246826e-02 2.896763756871223450e-02 4.747803881764411926e-02 2.575711719691753387e-02 5.064683780074119568e-02 4.658143967390060425e-02 4.578399471938610077e-03 2.952701039612293243e-02 1.970550790429115295e-02 4.102173820137977600e-02 3.797225281596183777e-02
4.755944758653640747e-02 2.555056102573871613e-02 1.406795624643564224e-02 1.101547405123710632e-01 4.335880577564239502e-01 3.635518718510866165e-03 3.995700553059577942e-02 3.356826677918434143e-02 3.822962287813425064e-03 4.039181023836135864e-02 4.324244800955057144e-03 4.346194118261337280e-02 2.365881577134132385e-02 4.409334808588027954e-02 4.537933692336082458e-02 1.428193645551800728e-03 2.877445193007588387e-03 9.157858788967132568e-03 8.217912167310714722e-02 9.192382544279098511e-02 2.236337587237358093e-02 4.358700476586818695e-03 4.533769935369491577e-02 8.629808202385902405e-03 4.689290374517440796e-02 3.487562295049428940e-03 4.936635866761207581e-02 3.430741652846336365e-02 3.189698606729507446e-02 3.857148578390479088e-03 2.192291058599948883e-02 2.695081010460853577e-02 6.566426157951354980e-02 3.244655951857566833e-02 2.127792127430438995e-02 2.586379414424300194e-03 4.005753248929977417e-02 2.720762975513935089e-02 3.095448017120361328e-02 3.799939528107643127e-02 2.380518801510334015e-02 3.110237978398799896e-02 7.404377218335866928e-03 3.777199983596801758e-02 1.805148087441921234e-02 2.369747497141361237e-02 2.070316113531589508e-02 1.511195022612810135e-02 1.109707169234752655e-02 1.866545714437961578e-02 4.156997054815292358e-02 3.779617697000503540e-02 2.856634184718132019e-02 3.845647908747196198e-03 4.109496623277664185e-02 7.523345202207565308e-02 4.600465670228004456e-02 1.103047933429479599e-02 3.326285257935523987e-02 2.088663168251514435e-02 2.434777468442916870e-02 4.350971430540084839e-02 3.442185372114181519e-02 7.162619382143020630e-02 1.879204250872135162e-02 4.097594693303108215e-02 9.977629408240318298e-03 1.671807467937469482e-02 4.458538722246885300e-03 2.276021288707852364e-03 6.202526390552520752e-02 3.424431756138801575e-02 2.468001656234264374e-02 3.036937490105628967e-02 1.194114014506340027e-01 3.467341139912605286e-02 4.313533753156661987e-02 4.919461533427238464e-02 3.577557206153869629e-02 3.472263051662594080e-05 1.310756988823413849e-02 7.803484331816434860e-03 1.903548277914524078e-02 1.399137377738952637e-01 2.764241024851799011e-02 4.464437812566757202e-02 1.126752104028128088e-04 2.865367755293846130e-02 2.080725692212581635e-02 2.516886033117771149e-02 3.649219498038291931e-02 2.601616643369197845e-02 9.272708557546138763e-03 1.364801917225122452e-02 4.831930622458457947e-02 2.018070663325488567e-04 3.374122828245162964e-02 3.253009915351867676e-02 2.908365800976753235e-02 6.580024957656860352e-03 1.841903291642665863e-02 3.287503495812416077e-02 3.099018009379506111e-03 2.927355654537677765e-02 2.908939123153686523e-02 9.801914915442466736e-03 2.029581740498542786e-02 1.255194377154111862e-02 1.812088117003440857e-02 3.698240965604782104e-02 2.035130560398101807e-02 2.691981196403503418e-02 1.753260381519794464e-02 2.153268083930015564e-02 3.494426235556602478e-02 2.634108439087867737e-02
1.487949192523956299e-01 1.571296527981758118e-02 4.916828870773315430e-02 8.313518017530441284e-03 3.635518718510866165e-03 4.496851563453674316e-01 1.505187302827835083e-01 4.654548130929470062e-03 3.559310361742973328e-02 1.845881901681423187e-02 1.466957777738571167e-01 2.118706330657005310e-02 5.001759529113769531e-02 3.230716567486524582e-03 1.773234084248542786e-02 4.125327244400978088e-02 1.994060724973678589e-02 7.958355359733104706e-03 4.379819333553314209e-02 7.641592994332313538e-03 2.045441791415214539e-02 6.525718490593135357e-04 1.948738284409046173e-02 4.985263571143150330e-02 1.837957836687564850e-02 4.941879957914352417e-02 1.595037430524826050e-02 3.207241743803024292e-02 1.786028384231030941e-03 3.294062241911888123e-02 1.312657725065946579e-02 2.832841500639915466e-02 5.375750479288399220e-04 1.065678149461746216e-02 4.705419391393661499e-02 5.223192274570465088e-02 2.021140418946743011e-02 8.450874686241149902e-02 2.744813077151775360e-02 4.100128135178238153e-04 7.888347655534744263e-02 4.892975464463233948e-02 3.685869276523590088e-02 2.341142855584621429e-02 4.640388116240501404e-02 5.337737128138542175e-02 1.132471337914466858e-01 2.229417115449905396e-02 1.118072774261236191e-02 1.819819770753383636e-02 5.071464553475379944e-02 2.495130710303783417e-02 2.315266430377960205e-02 5.167168006300926208e-02 3.494744375348091125e-02 9.732717648148536682e-03 6.571554392576217651e-02 3.756102174520492554e-02 2.357211336493492126e-02 2.582063712179660797e-02 4.547587037086486816e-02 2.238097786903381348e-02 1.001206878572702408e-02 3.500111401081085205e-02 1.409016642719507217e-02 2.035765536129474640e-02 1.511166989803314209e-02 2.623846754431724548e-02 1.089792139828205109e-02 4.838022962212562561e-02 2.743683941662311554e-02 2.404602803289890289e-02 1.549185626208782196e-02 1.264503225684165955e-02 1.358189433813095093e-02 2.110111340880393982e-02 2.256635762751102448e-02 2.927194535732269287e-02 1.997319795191287994e-02 3.960681334137916565e-02 2.468230389058589935e-02 7.930078543722629547e-03 4.246955737471580505e-02 1.594500732608139515e-03 2.901537902653217316e-02 3.032713197171688080e-02 3.806259855628013611e-02 4.502158612012863159e-02 2.866138890385627747e-02 4.503498598933219910e-02 3.551425412297248840e-02 8.412297815084457397e-03 2.258611842989921570e-02 5.762607231736183167e-02 1.385334134101867676e-02 3.718841075897216797e-02 1.716920547187328339e-02 2.028616890311241150e-02 2.557850815355777740e-02 7.116144523024559021e-03 2.990688756108283997e-02 3.006959147751331329e-02 4.543222486972808838e-02 1.054975017905235291e-02 5.026149097830057144e-03 4.496536403894424438e-02 4.393691197037696838e-02 1.231125462800264359e-02 1.162931974977254868e-02 1.000485965050756931e-03 1.077791675925254822e-02 5.198024585843086243e-02 4.896441474556922913e-02 7.961789960972964764e-04 3.846121206879615784e-02 6.264162715524435043e-03
6.684786081314086914e-02 8.937875926494598389e-02 4.031107574701309204e-02 6.870162324048578739e-04 3.995700553059577942e-02 1.505187302827835083e-01 4.443334341049194336e-01 3.799511119723320007e-02 3.951630368828773499e-02 3.294152393937110901e-02 1.205428168177604675e-01 3.532367572188377380e-02 4.570551216602325439e-02 6.251249928027391434e-03 3.577030450105667114e-02 3.331293165683746338e-02 4.985267668962478638e-02 2.456712722778320312e-02 3.512429445981979370e-02 3.456042706966400146e-02 4.673718661069869995e-02 2.006929181516170502e-02 8.461568504571914673e-03 3.125705942511558533e-02 3.674788773059844971e-02 1.062663155607879162e-03 3.709818795323371887e-02 4.046675935387611389e-02 1.051884815096855164e-01 5.125818401575088501e-02 4.299005493521690369e-03 3.964024782180786133e-02 2.018032036721706390e-02 3.412145003676414490e-02 4.802876710891723633e-02 5.293686315417289734e-02 7.068349048495292664e-03 7.309103384613990784e-03 3.939503431320190430e-02 4.115127772092819214e-02 2.913367748260498047e-02 2.091096714138984680e-02 8.834841102361679077e-02 4.111656174063682556e-02 1.876681856811046600e-02 3.441074863076210022e-02 6.055600568652153015e-02 1.678665876388549805e-01 5.377238988876342773e-02 1.317858323454856873e-02 1.944382302463054657e-02 5.152002349495887756e-02 4.038200899958610535e-02 1.048674900084733963e-02 1.522195339202880859e-02 8.928948082029819489e-03 5.253002792596817017e-02 1.739156059920787811e-02 2.289526164531707764e-02 1.171464100480079651e-02 2.679737843573093414e-02 1.347560156136751175e-02 5.363820120692253113e-03 5.533235892653465271e-02 9.310497343540191650e-02 3.776930272579193115e-02 3.931177034974098206e-02 3.859099000692367554e-02 5.083705298602581024e-03 4.816085845232009888e-02 9.971153922379016876e-03 2.757287397980690002e-02 5.418733134865760803e-02 1.581791555508971214e-03 1.180619839578866959e-02 2.428514324128627777e-02 3.164197131991386414e-02 1.898776367306709290e-02 8.005863986909389496e-03 2.672699280083179474e-02 3.214453160762786865e-02 1.801591552793979645e-02 1.853082142770290375e-02 3.838712349534034729e-02 5.321680102497339249e-03 3.665095195174217224e-02 2.740023843944072723e-02 2.981259487569332123e-02 1.753734983503818512e-02 1.751423627138137817e-02 2.699680812656879425e-02 3.558523207902908325e-02 5.331092048436403275e-03 3.515216335654258728e-02 5.930626764893531799e-03 3.012644499540328979e-02 1.920361630618572235e-02 2.363048307597637177e-02 1.321763545274734497e-02 1.685450039803981781e-02 3.845633566379547119e-02 3.469548374414443970e-02 4.148075240664184093e-04 9.160789661109447479e-03 2.973723411560058594e-02 3.265583142638206482e-02 3.602289408445358276e-02 4.354804009199142456e-02 4.910768475383520126e-03 3.993560373783111572e-02 7.485068636015057564e-04 3.410954028367996216e-02 2.640203945338726044e-02 5.571710318326950073e-02 1.357616204768419266e-02 1.612287946045398712e-02
2.538755722343921661e-02 5.255280435085296631e-02 6.378207355737686157e-02 2.820034697651863098e-02 3.356826677918434143e-02 4.654548130929470062e-03 3.799511119723320007e-02 4.399279952049255371e-01 1.399776432663202286e-02 5.166753660887479782e-03 5.275803804397583008e-02 3.382262960076332092e-02 1.817351207137107849e-02 1.062828209251165390e-02 7.540002465248107910e-02 1.830735988914966583e-02 8.444956503808498383e-03 7.671426516026258469e-03 6.276429630815982819e-03 2.500236034393310547e-02 1.298406999558210373e-02 2.865387685596942902e-02 5.945473909378051758e-02 4.845999926328659058e-02 3.004368767142295837e-02 3.812611801549792290e-03 3.735229372978210449e-02 1.126582734286785126e-02 1.499020215123891830e-02 1.029525138437747955e-02 2.043092250823974609e-02 2.360725961625576019e-02 3.465822711586952209e-02 1.414044946432113647e-02 1.087348163127899170e-02 4.624516144394874573e-02 2.186236158013343811e-02 9.302278980612754822e-03 3.267256543040275574e-02 1.253902446478605270e-03 6.391695234924554825e-03 1.128315739333629608e-02 3.822547942399978638e-02 3.950226679444313049e-02 1.226590573787689209e-02 1.846413128077983856e-02 3.539555240422487259e-03 5.329526588320732117e-02 1.599813438951969147e-02 3.236129134893417358e-02 1.162736676633358002e-02 4.199919477105140686e-02 1.913052238523960114e-02 7.514619268476963043e-03 3.711311891674995422e-02 1.391773391515016556e-02 2.207780070602893829e-02 6.150138005614280701e-02 9.597523137927055359e-03 5.302808806300163269e-02 8.451511152088642120e-03 3.557826951146125793e-02 4.423405230045318604e-02 4.521508887410163879e-02 1.643870025873184204e-02 5.001875571906566620e-03 9.408670477569103241e-03 2.735117636620998383e-02 1.426023337990045547e-02 6.282359361648559570e-02 1.102800294756889343e-02 1.647024229168891907e-02 2.147810161113739014e-02 1.288687158375978470e-02 3.797991946339607239e-02 9.305295534431934357e-03 1.507502887398004532e-02 1.531822886317968369e-02 2.338130772113800049e-02 2.354953810572624207e-02 7.423507422208786011e-02 9.138988703489303589e-02 6.315542850643396378e-03 3.131235390901565552e-02 3.003073111176490784e-02 9.773861616849899292e-03 3.702309355139732361e-02 7.597733289003372192e-02 3.352126479148864746e-02 1.510379184037446976e-02 3.037278540432453156e-02 3.497037664055824280e-02 5.486949230544269085e-04 4.365332052111625671e-02 2.974256128072738647e-02 1.142740808427333832e-02 9.417978115379810333e-03 1.699802093207836151e-02 9.511776268482208252e-03 6.770362146198749542e-03 2.111938595771789551e-02 6.117007229477167130e-03 1.652179844677448273e-02 2.641586773097515106e-02 9.311255998909473419e-03 1.337066292762756348e-02 1.158125605434179306e-02 3.457742929458618164e-02 1.545909140259027481e-02 2.752410247921943665e-02 1.658555865287780762e-02 2.568942680954933167e-02 4.316353425383567810e-02 2.328069414943456650e-03 5.134558305144309998e-02 4.860333353281021118e-02
4.682717844843864441e-02 3.739576414227485657e-02 5.480162426829338074e-02 1.738363876938819885e-02 3.822962287813425064e-03 3.559310361742973328e-02 3.951630368828773499e-02 1.399776432663202286e-02 4.337777793407440186e-01 4.536885395646095276e-02 1.057305838912725449e-02 2.448992431163787842e-02 1.247582957148551941e-02 3.415203839540481567e-02 5.842955317348241806e-03 1.920580305159091949e-02 4.100728034973144531e-02 8.858677744865417480e-02 1.914030290208756924e-03 3.397195832803845406e-03 2.156632021069526672e-02 2.498060464859008789e-02 5.399319902062416077e-02 6.205694004893302917e-02 1.013948954641819000e-02 1.948339864611625671e-02 1.915275119245052338e-02 1.097445096820592880e-02 1.333124935626983643e-02 2.898932807147502899e-02 1.393243949860334396e-02 5.983089655637741089e-02 2.678854204714298248e-02 3.850051388144493103e-02 1.240721438080072403e-02 2.852730453014373779e-02 2.017825283110141754e-02 5.592979490756988525e-03 1.981564611196517944e-02 3.611177578568458557e-02 2.311104908585548401e-02 1.680980436503887177e-02 1.681014709174633026e-02 1.142071094363927841e-02 1.087913010269403458e-02 4.634312167763710022e-02 4.582666605710983276e-02 2.982301265001296997e-02 4.936369135975837708e-02 4.863496124744415283e-02 9.567965753376483917e-03 3.215239569544792175e-02 1.555484905838966370e-02 1.213993504643440247e-02 1.738695800304412842e-02 4.465415328741073608e-02 1.979775028303265572e-03 6.143380329012870789e-02 3.441302804276347160e-03 1.521849632263183594e-02 5.871714279055595398e-02 3.447538940235972404e-03 2.474422007799148560e-02 3.548590466380119324e-02 2.895982377231121063e-02 3.822988644242286682e-02 4.871202260255813599e-02 4.078844096511602402e-03 3.387146163731813431e-03 2.010942809283733368e-02 5.304372403770685196e-03 2.673389762639999390e-02 4.011921957135200500e-02 2.415227703750133514e-02 3.318613767623901367e-02 4.928450286388397217e-02 9.188768267631530762e-02 1.259274408221244812e-02 2.421091124415397644e-02 3.680595383048057556e-02 1.359338685870170593e-02 9.984559146687388420e-04 2.308823354542255402e-02 2.674137987196445465e-02 2.506287209689617157e-02 6.926940754055976868e-03 1.764091663062572479e-02 2.578711137175559998e-02 5.985411815345287323e-03 3.816137090325355530e-02 1.969383656978607178e-02 1.227606367319822311e-02 4.744492098689079285e-02 4.000118467956781387e-03 7.343650795519351959e-03 2.519806288182735443e-02 2.795139700174331665e-02 5.079430341720581055e-02 1.746129803359508514e-02 3.222596272826194763e-02 2.917214110493659973e-02 2.573808096349239349e-02 3.578403219580650330e-02 7.405905518680810928e-03 4.353683069348335266e-02 4.386765137314796448e-02 4.391342774033546448e-02 2.598749240860342979e-03 5.129414424300193787e-02 1.497213845141232014e-03 3.860482573509216309e-02 1.075425744056701660e-02 1.188051141798496246e-02 4.025275260210037231e-02 3.223963826894760132e-02 2.199020236730575562e-02
2.578198537230491638e-02 1.950384117662906647e-02 3.500478342175483704e-02 2.493731305003166199e-02 4.039181023836135864e-02 1.845881901681423187e-02 3.294152393937110901e-02 5.166753660887479782e-03 4.536885395646095276e-02 4.288224577903747559e-01 3.517726063728332520e-02 2.064321935176849365e-02 2.045518485829234123e-03 1.519438810646533966e-02 4.406885057687759399e-02 2.717606350779533386e-02 1.133707910776138306e-02 5.387085303664207458e-02 3.193075582385063171e-02 2.479555085301399231e-03 7.210254669189453125e-03 4.873906727880239487e-04 4.336557537317276001e-02 3.670459985733032227e-02 2.318377979099750519e-02 3.832828253507614136e-02 3.907414898276329041e-02 1.150534674525260925e-02 4.226954653859138489e-02 1.653179340064525604e-02 5.940627306699752808e-02 2.530358918011188507e-02 3.030401654541492462e-02 1.240683253854513168e-02 2.010638080537319183e-02 4.414203017950057983e-02 3.794035315513610840e-02 2.706694882363080978e-03 2.300267852842807770e-02 3.420326113700866699e-02 7.324000354856252670e-03 4.412040859460830688e-02 3.625725861638784409e-03 2.637217193841934204e-02 1.181387435644865036e-02 2.397368429228663445e-03 2.235639654099941254e-02 3.226922452449798584e-02 5.404577590525150299e-03 6.866481853649020195e-04 3.287303820252418518e-02 2.025244757533073425e-02 1.335902512073516846e-02 3.961069136857986450e-02 5.307687446475028992e-03 1.221561804413795471e-02 2.847021259367465973e-02 4.974022507667541504e-02 2.371293865144252777e-02 2.890678495168685913e-02 5.127948150038719177e-02 3.684394806623458862e-02 4.832716193050146103e-03 5.070227757096290588e-02 3.449408570304512978e-03 5.458123609423637390e-02 4.748765379190444946e-03 4.978798329830169678e-02 5.809771269559860229e-02 6.368407607078552246e-02 1.594452746212482452e-02 9.860341669991612434e-04 3.868482261896133423e-02 4.888537526130676270e-02 5.392002314329147339e-02 5.040655657649040222e-02 1.092412415891885757e-02 1.331761777400970459e-01 1.465704105794429779e-02 3.204354643821716309e-02 4.954955726861953735e-02 3.383595496416091919e-02 1.276982109993696213e-02 2.933165617287158966e-02 5.404187366366386414e-02 1.296568196266889572e-02 1.904734782874584198e-02 3.615486621856689453e-02 2.037267200648784637e-02 3.934933245182037354e-02 3.474809229373931885e-02 2.004386484622955322e-02 2.687366912141442299e-03 5.007521808147430420e-02 3.213366866111755371e-02 4.893693700432777405e-02 4.021591693162918091e-02 1.588193513453006744e-02 1.229476928710937500e-02 4.115147888660430908e-02 2.132266201078891754e-02 2.793997898697853088e-02 3.947697952389717102e-02 3.679402545094490051e-02 3.375620022416114807e-02 3.614847734570503235e-02 1.498102303594350815e-02 1.147585920989513397e-02 3.205719962716102600e-02 7.758895400911569595e-03 1.835274137556552887e-02 5.298746749758720398e-02 3.629693388938903809e-02 3.321766480803489685e-02 2.014397643506526947e-02 4.288803040981292725e-02
2.240023165941238403e-01 1.401463057845830917e-03 2.002780698239803314e-02 2.817057073116302490e-02 4.324244800955057144e-03 1.466957777738571167e-01 1.205428168177604675e-01 5.275803804397583008e-02 1.057305838912725449e-02 3.517726063728332520e-02 4.369806945323944092e-01 1.975389569997787476e-02 3.548741340637207031e-02 4.647464025765657425e-03 4.293219000101089478e-02 1.164314569905400276e-03 3.758500516414642334e-02 8.944964036345481873e-03 1.836034469306468964e-03 1.824486814439296722e-02 2.264404110610485077e-02 3.712559118866920471e-02 5.171016231179237366e-02 3.170274198055267334e-02 1.388254482299089432e-02 1.802696101367473602e-02 1.388397999107837677e-02 1.263664010912179947e-02 5.149156972765922546e-02 1.981557160615921021e-02 3.146649152040481567e-02 2.485926076769828796e-02 3.324999473989009857e-03 2.327187545597553253e-02 1.514255627989768982e-02 2.431181818246841431e-02 4.330088850110769272e-04 1.542379334568977356e-02 3.117652051150798798e-02 2.018550224602222443e-02 4.598147049546241760e-02 2.050103247165679932e-02 1.353486999869346619e-02 1.485691685229539871e-02 8.958882652223110199e-03 4.266651347279548645e-02 8.732658624649047852e-02 1.031851768493652344e-02 1.992608979344367981e-02 7.476880215108394623e-03 1.983801648020744324e-02 2.317400649189949036e-02 3.281250596046447754e-02 4.147975146770477295e-02 7.353983819484710693e-04 2.174372039735317230e-02 6.973416358232498169e-02 4.959839582443237305e-02 3.785614669322967529e-02 2.242317982017993927e-02 2.248396351933479309e-02 3.270756453275680542e-02 3.303335979580879211e-02 1.330116670578718185e-02 4.230598360300064087e-02 2.574267610907554626e-02 2.491978928446769714e-02 1.339227147400379181e-02 3.218987956643104553e-02 4.773970320820808411e-02 2.302453666925430298e-02 4.629216715693473816e-02 7.512189447879791260e-03 1.511850394308567047e-02 3.745523840188980103e-02 2.137185074388980865e-02 3.402562811970710754e-02 2.942287363111972809e-02 3.079731715843081474e-03 2.177484892308712006e-02 4.929763451218605042e-02 3.317438438534736633e-02 1.029098872095346451e-02 4.102073609828948975e-02 3.357290104031562805e-02 4.259762912988662720e-02 4.073261842131614685e-02 4.667243454605340958e-03 2.423675358295440674e-02 3.756527323275804520e-03 9.074912965297698975e-02 4.894058778882026672e-02 4.972753301262855530e-02 2.996447496116161346e-02 1.413938403129577637e-02 2.975157089531421661e-02 3.658662317320704460e-04 7.423975039273500443e-03 7.425537332892417908e-03 1.588677056133747101e-03 3.610679507255554199e-02 3.945962339639663696e-02 9.603799320757389069e-03 4.165767878293991089e-02 2.155772410333156586e-02 3.265505284070968628e-02 3.571934252977371216e-02 2.840184979140758514e-02 2.844530530273914337e-02 2.847319468855857849e-02 2.041497081518173218e-02 2.921040169894695282e-02 1.689472980797290802e-02 2.369525469839572906e-02 8.388228015974164009e-04 2.658334560692310333e-02
2.282370999455451965e-02 3.011257201433181763e-02 6.840623915195465088e-03 6.431791465729475021e-03 4.346194118261337280e-02 2.118706330657005310e-02 3.532367572188377380e-02 3.382262960076332092e-02 2.448992431163787842e-02 2.064321935176849365e-02 1.975389569997787476e-02 4.485076665878295898e-01 4.070392251014709473e-02 1.776710450649261475e-01 3.016634844243526459e-02 2.945593558251857758e-02 4.164387658238410950e-02 1.601264253258705139e-02 2.735869400203227997e-02 5.174967925995588303e-03 3.990349173545837402e-02 3.399042412638664246e-02 2.860377728939056396e-02 1.798319397494196892e-03 4.294035211205482483e-02 3.133569285273551941e-02 1.394766382873058319e-02 1.174203529953956604e-01 1.039443351328372955e-02 1.188968420028686523e-01 2.595829963684082031e-02 2.845530770719051361e-02 4.993643984198570251e-02 2.669347217306494713e-03 9.506947360932826996e-03 4.568286705762147903e-03 5.191606283187866211e-02 1.788468658924102783e-02 2.079023979604244232e-02 2.978909015655517578e-02 2.333763055503368378e-02 4.980620928108692169e-03 3.220023587346076965e-02 1.894576102495193481e-02 7.967295497655868530e-02 3.349539637565612793e-02 3.700024262070655823e-02 1.137244608253240585e-02 3.120540641248226166e-02 3.954556211829185486e-02 6.348390132188796997e-03 1.455114036798477173e-02 4.438620060682296753e-02 6.452511996030807495e-02 3.710740059614181519e-02 2.085144165903329849e-03 3.331686928868293762e-02 4.667909070849418640e-02 5.729171261191368103e-02 7.095137238502502441e-02 4.343216493725776672e-02 5.505045130848884583e-02 3.022024035453796387e-02 2.063108794391155243e-02 3.551060333847999573e-02 6.642134394496679306e-03 1.120712235569953918e-02 4.271935671567916870e-02 5.559053272008895874e-03 4.284645430743694305e-03 5.381835624575614929e-02 1.201822329312562943e-02 8.643829822540283203e-02 1.212113071233034134e-02 2.848651260137557983e-02 4.284023120999336243e-02 9.482735185883939266e-04 2.851385250687599182e-02 3.398751839995384216e-02 8.575956523418426514e-02 2.625045925378799438e-02 2.897197194397449493e-02 2.673690021038055420e-02 2.475481107831001282e-02 2.691478468477725983e-02 1.098698843270540237e-02 1.271012891083955765e-02 3.379127383232116699e-02 1.572400517761707306e-02 1.366392429918050766e-02 3.607176989316940308e-02 6.161817349493503571e-03 3.583853691816329956e-02 3.911136463284492493e-02 1.082659792155027390e-02 1.332049071788787842e-02 4.902534186840057373e-02 2.468123100697994232e-02 4.717176407575607300e-02 2.532427757978439331e-02 3.016296401619911194e-02 1.336753135547041893e-03 3.165805712342262268e-02 4.607678577303886414e-02 1.043621450662612915e-02 4.818531870841979980e-02 3.487472236156463623e-02 3.406288102269172668e-02 3.724515065550804138e-02 4.460433870553970337e-02 2.241576462984085083e-02 7.285454869270324707e-02 3.993063420057296753e-02 3.347553312778472900e-02 4.533987119793891907e-02 3.262316063046455383e-02
7.918545603752136230e-02 1.621350944042205811e-01 1.232268474996089935e-02 9.506602771580219269e-03 2.365881577134132385e-02 5.001759529113769531e-02 4.570551216602325439e-02 1.817351207137107849e-02 1.247582957148551941e-02 2.045518485829234123e-03 3.548741340637207031e-02 4.070392251014709473e-02 4.289979934692382812e-01 1.275220606476068497e-02 3.290277719497680664e-02 2.681143954396247864e-02 2.648659422993659973e-02 1.961650699377059937e-02 1.344399154186248779e-02 1.411688630469143391e-03 4.228114336729049683e-02 2.844697330147027969e-03 4.178736731410026550e-02 3.893997147679328918e-02 1.800675317645072937e-02 3.125994279980659485e-02 6.180251948535442352e-03 2.206768840551376343e-02 1.257385909557342529e-01 3.397430106997489929e-02 3.204259276390075684e-02 1.010764110833406448e-02 1.732072420418262482e-02 9.548838250339031219e-03 3.983734548091888428e-02 1.731974771246314049e-03 2.090120501816272736e-02 5.514050833880901337e-03 3.854447975754737854e-03 2.229437604546546936e-02 2.945279143750667572e-02 1.124082878232002258e-02 3.409514948725700378e-02 3.214202448725700378e-02 3.278702497482299805e-02 1.156455464661121368e-02 3.747627884149551392e-02 1.795378886163234711e-02 4.339996352791786194e-02 7.375597953796386719e-02 3.226997330784797668e-02 3.516899421811103821e-02 3.163836151361465454e-02 9.795720688998699188e-03 3.476258739829063416e-02 1.898053660988807678e-02 3.938421607017517090e-02 1.841353438794612885e-02 3.130533965304493904e-03 3.317608311772346497e-02 3.967906348407268524e-03 2.627030201256275177e-02 2.064009942114353180e-02 7.867738604545593262e-03 1.077487878501415253e-02 1.942212134599685669e-01 2.484300546348094940e-02 3.002231009304523468e-02 3.912099171429872513e-03 2.690762653946876526e-02 3.124339319765567780e-02 5.139109864830970764e-02 2.695486322045326233e-02 3.048202954232692719e-02 2.555082365870475769e-02 3.030774183571338654e-02 4.873974621295928955e-02 2.411408349871635437e-02 3.867221623659133911e-02 3.015534766018390656e-02 5.926721263676881790e-03 3.864121809601783752e-02 8.297495543956756592e-03 2.368181757628917694e-02 2.098152041435241699e-02 8.957683108747005463e-03 2.527346462011337280e-02 5.788508057594299316e-02 6.320886313915252686e-02 5.700170877389609814e-04 2.303661964833736420e-02 1.348285004496574402e-02 9.565011598169803619e-03 2.206337638199329376e-02 2.697253972291946411e-02 3.417233750224113464e-02 3.961831703782081604e-02 4.047432541847229004e-02 2.670250134542584419e-03 1.064633484929800034e-02 1.882188208401203156e-02 7.332875393331050873e-03 1.581964083015918732e-02 5.424383655190467834e-02 1.122228614985942841e-02 3.123386763036251068e-02 6.391257978975772858e-03 1.308427751064300537e-02 1.708444394171237946e-02 1.537874061614274979e-02 3.175163641571998596e-02 4.292456433176994324e-03 4.792554676532745361e-02 6.483284756541252136e-03 1.385664101690053940e-02 1.533329766243696213e-02
