4.120616614818572998e-01 2.062776237726211548e-01 2.775370329618453979e-02 3.163691610097885132e-02 2.941467566415667534e-03 1.116957515478134155e-01 1.007453948259353638e-01 3.464679047465324402e-02 1.785287819802761078e-02 6.804766599088907242e-03 1.455175280570983887e-01 4.375034198164939880e-02 7.318109273910522461e-02 1.880820654332637787e-02 2.509975247085094452e-02 8.778931573033332825e-03 1.509949378669261932e-02 2.348983474075794220e-02 2.712074853479862213e-02 3.092805109918117523e-02 4.635422676801681519e-02 2.468515560030937195e-02 4.166975617408752441e-02 2.410027198493480682e-02 1.879212073981761932e-02 4.129000380635261536e-02 3.011643141508102417e-02 1.222170982509851456e-02 7.045971602201461792e-02 8.006168529391288757e-03 7.847294211387634277e-03 1.135835424065589905e-02 2.695851027965545654e-02 5.814240314066410065e-03 1.293383911252021790e-02 2.517657727003097534e-02 2.216509729623794556e-02 3.384831547737121582e-02 2.103147329762578011e-03 3.015790134668350220e-02 4.397202283143997192e-02 2.918407134711742401e-02 1.245652977377176285e-02 2.220033854246139526e-02 3.788434714078903198e-02 4.964820668101310730e-02 3.874050825834274292e-02 4.971530660986900330e-02 6.140759959816932678e-02 2.707321755588054657e-02 4.290528129786252975e-03 4.795508459210395813e-02 7.363076787441968918e-03 2.033552713692188263e-02 7.404373493045568466e-03 1.417586754541844130e-04 4.370296956039965153e-04 3.683630004525184631e-02 4.841421172022819519e-02 1.547778025269508362e-03 1.234502159059047699e-02 1.656833221204578876e-03 2.093352936208248138e-02 5.168831907212734222e-03 3.397015482187271118e-02 2.190331183373928070e-02 3.692068532109260559e-02 3.430662676692008972e-02 3.029773384332656860e-02 5.977721884846687317e-03 7.846005260944366455e-03 4.172722622752189636e-02 4.445577785372734070e-02 3.699903562664985657e-02 9.181037545204162598e-03 3.915154375135898590e-03 3.214132413268089294e-02 1.706003397703170776e-02 3.013972565531730652e-02 2.989000082015991211e-02 2.581261098384857178e-02 3.083315491676330566e-02 3.830450773239135742e-02 5.140974745154380798e-02 2.902545966207981110e-02 4.591618105769157410e-02 8.772073313593864441e-03 4.633679613471031189e-02 4.730983451008796692e-02 2.340345829725265503e-02 7.939475588500499725e-03 1.207771245390176773e-02 6.821170914918184280e-03 3.762455657124519348e-02 1.943881809711456299e-02 1.012188009917736053e-02 7.124650757759809494e-03 2.614578418433666229e-02 3.428995236754417419e-02 2.570606395602226257e-02 4.338970407843589783e-03 6.286994088441133499e-03 4.565442726016044617e-02 2.282414771616458893e-02 2.912861295044422150e-02 2.376697026193141937e-02 2.143820747733116150e-03 4.251182544976472855e-03 6.489015184342861176e-03 2.200607769191265106e-02 3.675098344683647156e-02 1.769421435892581940e-02 3.183691576123237610e-02 2.604469470679759979e-02 2.632062695920467377e-02 1.851055212318897247e-02
2.062776237726211548e-01 4.209119379520416260e-01 4.892050847411155701e-02 3.354651480913162231e-02 5.031674727797508240e-02 5.276599898934364319e-02 1.390276849269866943e-01 3.590846806764602661e-02 1.705164089798927307e-03 1.440211106091737747e-02 1.241476908326148987e-01 4.184297844767570496e-02 1.278364062309265137e-01 6.152716465294361115e-03 9.604031220078468323e-03 1.950333826243877411e-02 3.068900201469659805e-03 2.945872582495212555e-02 7.360773626714944839e-03 6.257836503209546208e-05 4.210543632507324219e-02 3.356295078992843628e-02 3.981170058250427246e-02 3.684442862868309021e-02 1.280705444514751434e-03 2.173472382128238678e-02 4.589167609810829163e-02 3.708005696535110474e-02 3.317987546324729919e-02 2.278483845293521881e-02 4.560690373182296753e-03 3.570134192705154419e-02 8.638926781713962555e-03 3.115697018802165985e-02 1.232063863426446915e-03 1.164604816585779190e-02 4.086217284202575684e-02 9.177568368613719940e-03 3.280583769083023071e-02 3.638335317373275757e-02 3.879792243242263794e-02 4.981678444892168045e-03 2.012890577316284180e-02 2.486389130353927612e-02 1.024877559393644333e-02 2.075345814228057861e-02 5.208693817257881165e-02 3.085155226290225983e-02 3.675703704357147217e-02 3.209519013762474060e-02 1.179698482155799866e-02 6.857664324343204498e-03 5.766185745596885681e-02 3.160905465483665466e-02 2.856529876589775085e-02 6.860529072582721710e-03 3.447755053639411926e-02 4.946908354759216309e-02 3.284761682152748108e-02 2.184902876615524292e-02 1.426383387297391891e-02 2.769561484456062317e-02 2.867841348052024841e-02 2.231136150658130646e-02 1.394248474389314651e-02 3.107503242790699005e-02 3.116518259048461914e-02 2.062369324266910553e-02 1.843524910509586334e-02 5.193369463086128235e-02 1.209442596882581711e-02 1.092698797583580017e-02 4.244586825370788574e-02 2.327777631580829620e-02 4.156522080302238464e-02 3.478483483195304871e-02 1.102032419294118881e-02 7.344369776546955109e-03 1.170852966606616974e-02 3.051530197262763977e-02 1.606135256588459015e-02 1.180598419159650803e-02 1.779708452522754669e-02 2.573133260011672974e-02 5.121136084198951721e-02 3.689085692167282104e-02 3.357210010290145874e-02 2.372705005109310150e-02 2.280533127486705780e-02 3.185797855257987976e-02 2.922530658543109894e-02 4.824339970946311951e-02 1.285364013165235519e-02 4.190362989902496338e-02 4.276660829782485962e-02 4.395591095089912415e-02 2.999396808445453644e-02 4.740888252854347229e-02 1.156661007553339005e-02 5.112271010875701904e-02 8.422048762440681458e-03 2.548507647588849068e-03 1.778106205165386200e-02 2.953203395009040833e-03 2.806933131068944931e-03 5.306603386998176575e-03 3.766262158751487732e-02 4.660346545279026031e-03 4.197543859481811523e-02 3.335907310247421265e-02 7.049169391393661499e-03 2.974163927137851715e-02 3.578167408704757690e-02 1.404030900448560715e-02 1.901343464851379395e-02 1.885550655424594879e-02
2.775370329618453979e-02 4.892050847411155701e-02 4.117424190044403076e-01 2.300871722400188446e-02 2.419269084930419922e-02 2.395450323820114136e-02 5.028055515140295029e-03 9.485884755849838257e-02 2.732138708233833313e-02 3.950874879956245422e-02 1.838300563395023346e-02 3.032987006008625031e-03 1.114239450544118881e-02 9.412643499672412872e-03 3.891045227646827698e-03 3.293820843100547791e-02 2.733772806823253632e-02 3.012822382152080536e-02 2.907870523631572723e-02 4.439050331711769104e-02 3.343536332249641418e-02 2.797523513436317444e-03 1.548138353973627090e-02 2.912788884714245796e-03 1.468648947775363922e-02 3.563433885574340820e-02 2.638142323121428490e-03 3.758625313639640808e-02 2.493372559547424316e-02 2.913587354123592377e-02 1.283925585448741913e-02 3.740568086504936218e-02 2.003281377255916595e-02 1.211434975266456604e-02 5.124559253454208374e-02 4.255866631865501404e-03 7.358847185969352722e-03 1.558875665068626404e-02 5.405728518962860107e-02 2.659161947667598724e-02 3.302236646413803101e-02 3.899614140391349792e-02 3.787365742027759552e-03 8.381499908864498138e-03 5.500186234712600708e-03 2.600506506860256195e-02 4.369861260056495667e-02 1.265407446771860123e-02 3.013441525399684906e-02 3.155744075775146484e-02 2.197156473994255066e-02 7.215501391328871250e-04 4.494674876332283020e-02 7.166852056980133057e-02 3.453807905316352844e-02 3.232946619391441345e-02 1.500335708260536194e-02 9.511897340416908264e-03 8.402057737112045288e-02 2.645158208906650543e-02 1.724995858967304230e-02 1.776464097201824188e-02 4.515195637941360474e-02 4.971651360392570496e-02 4.618634656071662903e-02 2.067941427230834961e-02 2.434080652892589569e-02 3.967336192727088928e-02 4.794852435588836670e-02 2.768844179809093475e-02 3.434678167104721069e-02 1.907463558018207550e-02 4.529444128274917603e-02 3.660690039396286011e-03 3.754205256700515747e-02 2.227781899273395538e-02 4.405299201607704163e-02 3.041892126202583313e-02 4.223323613405227661e-02 6.489857565611600876e-03 1.316450387239456177e-01 1.208237633109092712e-01 3.664269298315048218e-02 1.586524955928325653e-02 2.815508656203746796e-02 3.311647102236747742e-02 6.874195486307144165e-02 4.575331881642341614e-02 2.010223828256130219e-02 1.232124026864767075e-02 3.754320368170738220e-02 1.809765771031379700e-02 1.255576033145189285e-03 2.177118696272373199e-02 1.121411193162202835e-02 3.836125507950782776e-02 1.858111284673213959e-02 2.416508272290229797e-02 4.061787575483322144e-02 8.617568761110305786e-03 3.340537846088409424e-02 3.180086147040128708e-03 3.441814333200454712e-02 1.311773434281349182e-02 3.590793162584304810e-02 1.732363365590572357e-02 3.785104304552078247e-02 1.307931449264287949e-02 3.832936519756913185e-03 4.074601456522941589e-02 1.354018598794937134e-02 4.838485911022871733e-04 1.794080249965190887e-02 4.026724770665168762e-02 3.498356789350509644e-03 3.022528626024723053e-02
3.163691610097885132e-02 3.354651480913162231e-02 2.300871722400188446e-02 4.154329895973205566e-01 1.424057781696319580e-01 8.986165747046470642e-03 1.239225547760725021e-02 5.142728798091411591e-03 7.580857258290052414e-03 1.740594767034053802e-02 2.639482729136943817e-02 5.239987745881080627e-02 4.301017150282859802e-03 4.788021370768547058e-02 1.043910812586545944e-02 3.894678875803947449e-02 3.846031427383422852e-02 3.804627805948257446e-02 1.261378405615687370e-03 4.254196211695671082e-02 1.450550928711891174e-02 3.327171131968498230e-02 4.396872594952583313e-02 1.712487079203128815e-02 3.763414546847343445e-02 4.980178177356719971e-02 1.712980307638645172e-02 1.061316952109336853e-02 1.522743422538042068e-02 5.403359979391098022e-02 1.287164445966482162e-02 3.125704592093825340e-03 3.006872953847050667e-03 4.413593560457229614e-03 2.024513110518455505e-02 5.302919074892997742e-02 3.809542208909988403e-02 7.417855085805058479e-04 4.216208681464195251e-02 3.123777918517589569e-02 2.373630367219448090e-02 1.699638552963733673e-02 1.540651172399520874e-02 3.214773908257484436e-02 2.079034969210624695e-02 1.740521751344203949e-02 5.384033545851707458e-02 4.592801630496978760e-02 1.333368849009275436e-02 2.330790273845195770e-02 2.226502075791358948e-02 3.115516155958175659e-03 3.999416902661323547e-02 3.510241210460662842e-02 2.855713106691837311e-02 4.962281789630651474e-03 4.368554428219795227e-02 9.190665557980537415e-03 2.437523566186428070e-02 4.346429184079170227e-02 9.418613463640213013e-02 1.617426984012126923e-02 2.123423479497432709e-02 5.283380672335624695e-02 4.094885662198066711e-03 5.162565410137176514e-02 3.805566579103469849e-02 3.254233300685882568e-02 3.313602134585380554e-02 2.445831522345542908e-02 2.466032281517982483e-02 2.123427577316761017e-03 1.352334320545196533e-01 4.578414373099803925e-03 6.063332781195640564e-02 5.714630708098411560e-03 4.469141736626625061e-02 3.158644959330558777e-02 1.562422327697277069e-02 3.430493175983428955e-02 8.098650723695755005e-03 5.512849427759647369e-03 1.240885853767395020e-01 5.584790371358394623e-03 4.198613762855529785e-02 2.014305628836154938e-02 4.537410289049148560e-02 3.824571892619132996e-02 4.268584027886390686e-02 1.453082542866468430e-02 1.599430479109287262e-02 3.750475123524665833e-02 2.936291508376598358e-02 1.977653428912162781e-02 1.485855877399444580e-02 2.533517032861709595e-02 3.678291686810553074e-04 5.723206698894500732e-02 1.068342197686433792e-02 2.150682918727397919e-02 1.476355176419019699e-02 2.895964123308658600e-02 1.122895255684852600e-02 1.629333756864070892e-02 3.245131298899650574e-02 4.020057991147041321e-02 1.011298317462205887e-02 1.403143908828496933e-02 6.755233556032180786e-02 1.126077119261026382e-02 6.990973372012376785e-03 4.207011684775352478e-02 2.766523102764040232e-04 3.858476877212524414e-03 3.058168850839138031e-02 5.023799464106559753e-02
2.941467566415667534e-03 5.031674727797508240e-02 2.419269084930419922e-02 1.424057781696319580e-01 4.223538339138031006e-01 2.736590243875980377e-02 1.171833369880914688e-03 6.496466696262359619e-03 2.157762274146080017e-02 5.076580867171287537e-02 5.338805168867111206e-02 3.531319275498390198e-02 1.053457520902156830e-02 5.001709610223770142e-02 9.980687871575355530e-03 7.355492096394300461e-03 1.172618125565350056e-03 6.450033746659755707e-03 2.279315516352653503e-02 3.685506060719490051e-02 4.425892978906631470e-02 3.723883256316184998e-02 1.059509720653295517e-02 4.655732773244380951e-03 9.844041429460048676e-03 2.179227769374847412e-02 6.142160855233669281e-03 1.776505447924137115e-02 4.195681586861610413e-02 3.533978015184402466e-02 2.618565596640110016e-02 4.880885034799575806e-02 2.706012129783630371e-02 4.230499640107154846e-02 4.936304315924644470e-02 2.255250513553619385e-02 3.939317539334297180e-02 3.822643682360649109e-02 8.001521974802017212e-02 1.271579414606094360e-01 1.447485014796257019e-02 3.209814801812171936e-02 3.934721276164054871e-02 2.818985655903816223e-02 4.430518299341201782e-02 3.502746298909187317e-02 4.762476682662963867e-02 4.434473067522048950e-02 1.266801264137029648e-02 7.594390772283077240e-03 1.636313274502754211e-02 6.168928928673267365e-03 4.751449823379516602e-02 2.055548503994941711e-02 3.231337293982505798e-02 2.639235742390155792e-02 2.742664888501167297e-02 3.127880394458770752e-02 4.055464640259742737e-02 2.899892069399356842e-02 3.191730380058288574e-02 1.678763888776302338e-02 3.728597983717918396e-02 1.123689394444227219e-02 3.523155674338340759e-02 1.602419838309288025e-02 3.535351902246475220e-02 1.386045664548873901e-02 2.280932152643799782e-03 5.177431926131248474e-02 7.192335557192564011e-03 2.666641958057880402e-02 7.649663090705871582e-02 2.140974998474121094e-02 1.888346672058105469e-01 4.083104804158210754e-02 9.553550742566585541e-03 3.471093624830245972e-02 4.898675158619880676e-02 1.386925019323825836e-02 2.748155407607555389e-02 1.837285608053207397e-02 8.904675394296646118e-02 1.064342781901359558e-01 3.598347678780555725e-02 1.540643349289894104e-02 4.815620370209217072e-03 3.655479475855827332e-02 5.094436928629875183e-02 4.640655219554901123e-02 4.897316172719001770e-02 4.193209856748580933e-02 4.889357089996337891e-02 3.436107188463211060e-02 3.150151297450065613e-02 6.723989732563495636e-03 6.966838147491216660e-03 9.664545767009258270e-03 9.383398108184337616e-03 1.683465763926506042e-02 5.426035076379776001e-02 2.089819125831127167e-02 2.704155817627906799e-02 2.337162382900714874e-02 1.225963234901428223e-02 1.196538098156452179e-03 2.959833480417728424e-03 1.386503782123327255e-02 1.822187192738056183e-02 3.168226033449172974e-02 2.576318383216857910e-02 5.163628235459327698e-02 3.108780831098556519e-02 7.009713351726531982e-02 1.178320497274398804e-02 2.682735957205295563e-02
1.116957515478134155e-01 5.276599898934364319e-02 2.395450323820114136e-02 8.986165747046470642e-03 2.736590243875980377e-02 4.179963171482086182e-01 1.935814768075942993e-01 3.004449978470802307e-02 9.813557378947734833e-03 6.107133254408836365e-02 5.357244238257408142e-02 5.058659985661506653e-02 5.681597813963890076e-02 1.731681078672409058e-02 3.141750022768974304e-02 1.886438578367233276e-02 4.315068572759628296e-02 3.705075010657310486e-02 1.516201253980398178e-02 5.410473421216011047e-02 3.876991942524909973e-02 7.923632860183715820e-03 3.715059906244277954e-02 9.761195629835128784e-03 1.644587144255638123e-02 4.678505938500165939e-04 1.446083653718233109e-03 4.817058891057968140e-02 3.844496235251426697e-02 1.340046874247491360e-03 2.699787169694900513e-02 1.869546994566917419e-02 8.528140024282038212e-04 1.588977314531803131e-02 6.008156761527061462e-02 3.610937669873237610e-02 5.344000179320573807e-03 1.329226698726415634e-02 2.329496201127767563e-03 1.127560622990131378e-02 1.340886112302541733e-02 1.089302822947502136e-02 4.418712854385375977e-02 3.885352239012718201e-02 2.971482090651988983e-02 5.275208037346601486e-03 5.284561216831207275e-02 3.684088960289955139e-02 5.329641979187726974e-03 5.429167300462722778e-02 2.295164763927459717e-02 1.263462938368320465e-02 5.911659076809883118e-02 2.188302017748355865e-02 3.460055589675903320e-02 4.433339461684226990e-02 5.621531233191490173e-02 2.791310288012027740e-02 3.162922710180282593e-02 3.542703390121459961e-02 3.422852978110313416e-02 2.297326736152172089e-02 1.322730723768472672e-02 5.150081962347030640e-02 2.195062674582004547e-02 4.365595430135726929e-02 1.459647249430418015e-02 2.579163201153278351e-02 1.970933750271797180e-03 3.963540121912956238e-02 3.482478857040405273e-02 2.615846507251262665e-02 1.936290063895285130e-03 4.604172334074974060e-02 1.688649319112300873e-02 4.358317330479621887e-02 1.475391816347837448e-02 8.336166851222515106e-03 3.378413245081901550e-02 1.204739883542060852e-02 2.579992869868874550e-04 3.898720722645521164e-03 1.149559300392866135e-02 8.474962785840034485e-03 4.029191331937909126e-04 3.824836807325482368e-03 3.457050770521163940e-02 2.964014932513237000e-02 1.382593438029289246e-02 4.733634740114212036e-02 4.164767265319824219e-02 1.687904074788093567e-02 3.796475753188133240e-02 3.902845084667205811e-02 3.409837931394577026e-02 3.530719503760337830e-02 4.839166253805160522e-02 1.229974720627069473e-02 3.508456051349639893e-02 2.222837693989276886e-02 2.348852902650833130e-02 4.749716818332672119e-02 3.821285814046859741e-02 4.892900958657264709e-02 1.302660256624221802e-02 1.116768084466457367e-02 2.138528414070606232e-02 5.142839625477790833e-02 1.814512722194194794e-02 2.165939845144748688e-02 3.150998428463935852e-02 2.515262924134731293e-02 5.153706669807434082e-02 2.129413001239299774e-02 1.986033841967582703e-02 2.310274355113506317e-02
1.007453948259353638e-01 1.390276849269866943e-01 5.028055515140295029e-03 1.239225547760725021e-02 1.171833369880914688e-03 1.935814768075942993e-01 4.290950298309326172e-01 3.375729918479919434e-02 1.680708676576614380e-02 4.804191738367080688e-02 6.686750054359436035e-02 1.436206046491861343e-02 2.208892256021499634e-02 2.303335443139076233e-02 3.805754333734512329e-02 1.456924062222242355e-02 4.270942136645317078e-02 4.791284352540969849e-02 4.802795127034187317e-03 5.190929397940635681e-03 4.051193594932556152e-02 3.162619471549987793e-02 5.224850773811340332e-02 3.191241621971130371e-02 3.210589289665222168e-02 3.994693607091903687e-02 4.019241780042648315e-02 1.061207801103591919e-02 2.994667738676071167e-02 1.750515401363372803e-02 4.380468279123306274e-02 6.910787429660558701e-03 2.490641921758651733e-02 1.218146551400423050e-02 4.334348440170288086e-02 4.142908845096826553e-03 1.535219140350818634e-02 2.293220162391662598e-02 4.817679058760404587e-03 1.753555238246917725e-02 1.272520609200000763e-02 3.714007511734962463e-02 1.654190197587013245e-02 4.754076153039932251e-02 3.143234550952911377e-02 4.837810248136520386e-02 4.518996551632881165e-02 1.067348793148994446e-01 2.639028243720531464e-02 2.444904297590255737e-02 2.803351543843746185e-02 4.327038675546646118e-02 2.418203279376029968e-02 1.323946099728345871e-02 4.743865504860877991e-02 2.958904393017292023e-02 5.412345752120018005e-02 3.024878725409507751e-02 1.119207404553890228e-02 2.736843563616275787e-02 2.316060103476047516e-02 9.363404475152492523e-03 1.009049266576766968e-02 4.201199486851692200e-02 4.601105675101280212e-02 5.191544536501169205e-03 4.887474700808525085e-02 2.117668464779853821e-02 2.221030928194522858e-02 6.022413820028305054e-02 8.371064439415931702e-03 3.357558697462081909e-02 1.676742336712777615e-03 3.348613902926445007e-02 1.558809075504541397e-02 2.677543833851814270e-02 4.318429902195930481e-02 3.358377888798713684e-02 3.617659583687782288e-02 3.696844796650111675e-04 3.814668580889701843e-02 1.315710321068763733e-02 2.324030065210536122e-04 4.582310467958450317e-02 8.369239978492259979e-03 4.608894512057304382e-02 1.501683960668742657e-03 4.343574121594429016e-02 7.884512655436992645e-03 5.437848344445228577e-02 1.939686201512813568e-02 4.933736473321914673e-02 2.477725781500339508e-02 2.804821915924549103e-02 3.957895189523696899e-02 3.024372085928916931e-02 8.134942501783370972e-03 4.596234858036041260e-02 3.075323998928070068e-02 4.666566476225852966e-02 4.530409350991249084e-03 2.998167835175991058e-02 1.245749834924936295e-02 1.069170143455266953e-02 4.090774059295654297e-02 3.931014984846115112e-02 5.092000588774681091e-02 3.147844225168228149e-02 3.273392841219902039e-02 1.426074746996164322e-02 9.675889275968074799e-03 2.732094563543796539e-02 1.505995751358568668e-03 1.370143424719572067e-02 3.049455955624580383e-02 3.364035114645957947e-02
3.464679047465324402e-02 3.590846806764602661e-02 9.485884755849838257e-02 5.142728798091411591e-03 6.496466696262359619e-03 3.004449978470802307e-02 3.375729918479919434e-02 4.304128587245941162e-01 1.917972601950168610e-02 3.467922285199165344e-02 2.993663400411605835e-02 2.905978634953498840e-02 3.355044173076748848e-04 3.319964930415153503e-02 8.671158552169799805e-02 2.244241302832961082e-03 6.713780108839273453e-03 3.636774420738220215e-02 1.536653004586696625e-02 2.001514658331871033e-02 1.199990790337324142e-02 6.147951260209083557e-02 4.418162629008293152e-02 3.194688633084297180e-02 4.314073920249938965e-02 4.894089698791503906e-02 2.286774665117263794e-02 4.052039608359336853e-02 1.919008977711200714e-02 3.901247680187225342e-02 2.074887603521347046e-02 5.320616811513900757e-02 9.525417350232601166e-03 1.885735616087913513e-02 6.300993263721466064e-03 1.647036150097846985e-02 2.430874854326248169e-02 7.220396399497985840e-02 5.240754783153533936e-02 2.283358387649059296e-02 6.015425920486450195e-02 3.961011394858360291e-02 4.858795553445816040e-02 6.737072020769119263e-02 4.549839347600936890e-02 5.488858092576265335e-03 2.946928888559341431e-02 2.669223584234714508e-02 4.102090001106262207e-02 3.871307522058486938e-02 1.257162820547819138e-02 8.600844012107700109e-06 3.715183958411216736e-02 2.503040432929992676e-02 4.326145350933074951e-02 3.815740719437599182e-02 2.555057778954505920e-02 2.165288478136062622e-02 6.195123866200447083e-02 4.891669377684593201e-03 2.196655422449111938e-02 1.720778457820415497e-02 1.397352572530508041e-02 1.973349228501319885e-02 3.722817450761795044e-02 5.203718319535255432e-03 1.767465099692344666e-02 1.954023540019989014e-02 4.739660304039716721e-03 1.896157674491405487e-02 2.761757932603359222e-03 7.681080140173435211e-03 4.111425206065177917e-02 6.437433417886495590e-03 2.893956005573272705e-02 7.956452900543808937e-04 5.147321522235870361e-02 4.793044924736022949e-02 4.175142198801040649e-02 5.490169860422611237e-03 1.404387801885604858e-01 1.380439549684524536e-01 1.986576989293098450e-02 2.699745446443557739e-02 3.079854696989059448e-02 3.502916172146797180e-02 1.385523676872253418e-01 8.507829904556274414e-02 3.207167610526084900e-02 1.271332264877855778e-03 1.059214863926172256e-02 1.855806447565555573e-02 1.493446435779333115e-02 3.836420178413391113e-02 4.841034486889839172e-02 2.579381689429283142e-02 2.860039658844470978e-02 1.378995832055807114e-02 2.479766122996807098e-02 3.012240864336490631e-02 4.280102998018264771e-02 1.910047046840190887e-02 2.224259078502655029e-02 1.938883960247039795e-02 7.623401470482349396e-04 1.749829971231520176e-03 3.885435685515403748e-02 1.770085282623767853e-02 2.601662650704383850e-02 2.457106113433837891e-02 3.259279206395149231e-02 9.003615006804466248e-03 6.964181549847126007e-03 1.511626783758401871e-02 1.687500998377799988e-02 3.261312097311019897e-02
1.785287819802761078e-02 1.705164089798927307e-03 2.732138708233833313e-02 7.580857258290052414e-03 2.157762274146080017e-02 9.813557378947734833e-03 1.680708676576614380e-02 1.917972601950168610e-02 4.210433959960937500e-01 2.928264625370502472e-02 1.538154296576976776e-02 3.992650285363197327e-02 2.118917554616928101e-02 4.794758558273315430e-02 1.897935196757316589e-02 4.251384362578392029e-02 1.794853829778730869e-03 2.457059361040592194e-02 2.559462562203407288e-02 2.552821114659309387e-02 9.605905972421169281e-03 1.685857586562633514e-02 2.455830574035644531e-02 3.731549531221389771e-02 5.477105733007192612e-03 4.901597276329994202e-03 2.399798668920993805e-02 2.661889605224132538e-02 2.182443626224994659e-02 4.340865463018417358e-02 2.940086461603641510e-02 3.372284770011901855e-02 1.733609288930892944e-02 1.865759491920471191e-02 2.547103352844715118e-02 3.631520643830299377e-02 3.624004498124122620e-02 4.242570698261260986e-02 4.843144118785858154e-02 5.695270746946334839e-02 5.120122805237770081e-02 1.195039749145507812e-01 2.524310164153575897e-02 2.242314815521240234e-02 1.740813441574573517e-02 4.404333606362342834e-02 3.449757769703865051e-02 2.971046976745128632e-02 6.488816440105438232e-02 5.354985594749450684e-02 2.248379774391651154e-02 2.981993928551673889e-02 1.036226385622285306e-04 2.552586793899536133e-02 5.080223456025123596e-02 5.261507630348205566e-02 9.728111326694488525e-03 3.171886876225471497e-02 3.847593069076538086e-02 2.538801729679107666e-02 5.324911326169967651e-03 1.100339088588953018e-02 4.140042513608932495e-02 2.583326026797294617e-02 5.574809852987527847e-03 3.465462243184447289e-03 3.962680697441101074e-02 5.275735631585121155e-02 1.063977368175983429e-02 9.997823275625705719e-03 4.554428905248641968e-02 7.323313504457473755e-02 4.635397344827651978e-02 3.332864493131637573e-02 5.987769924104213715e-03 5.625123158097267151e-02 1.390238404273986816e-01 3.207641094923019409e-02 1.284707337617874146e-01 7.298617623746395111e-03 2.944947406649589539e-02 1.906345784664154053e-02 1.239787507802248001e-02 4.364402219653129578e-02 4.011606506537646055e-05 4.813032224774360657e-03 2.856245264410972595e-03 7.535145431756973267e-02 9.192045778036117554e-02 8.093514479696750641e-03 3.263321146368980408e-02 3.738158848136663437e-04 3.447877243161201477e-02 5.379388481378555298e-02 2.595636434853076935e-02 1.814047060906887054e-02 3.369776904582977295e-02 3.994115069508552551e-02 1.817812025547027588e-02 5.563299637287855148e-03 5.031730514019727707e-03 1.243300922214984894e-02 5.083309113979339600e-02 5.233106017112731934e-02 3.406580910086631775e-02 4.619573708623647690e-03 1.228889450430870056e-02 1.218343060463666916e-02 3.740701079368591309e-02 1.118988031521439552e-03 3.759570047259330750e-02 3.018616884946823120e-02 8.041175454854965210e-02 2.206586301326751709e-02 1.399212703108787537e-02 4.326839745044708252e-02
6.804766599088907242e-03 1.440211106091737747e-02 3.950874879956245422e-02 1.740594767034053802e-02 5.076580867171287537e-02 6.107133254408836365e-02 4.804191738367080688e-02 3.467922285199165344e-02 2.928264625370502472e-02 4.418953657150268555e-01 9.589594788849353790e-03 5.275509785860776901e-03 1.115504000335931778e-02 2.198941446840763092e-02 3.598168864846229553e-02 1.681249961256980896e-02 1.644731685519218445e-02 2.118509821593761444e-02 8.256638050079345703e-02 2.924067899584770203e-02 3.354695811867713928e-02 1.717238314449787140e-02 5.984948575496673584e-02 1.982104405760765076e-02 1.772427931427955627e-02 2.858884166926145554e-03 2.671244181692600250e-02 5.502199009060859680e-02 2.193861640989780426e-02 2.169422991573810577e-02 6.010352447628974915e-02 8.274612948298454285e-03 3.786210343241691589e-02 1.113393157720565796e-02 5.175353959202766418e-02 1.102521363645792007e-02 4.241426661610603333e-02 5.190443620085716248e-02 3.013158962130546570e-02 1.101256493711844087e-04 2.269741892814636230e-02 2.327151224017143250e-02 3.871701657772064209e-02 1.585850864648818970e-02 1.553245354443788528e-02 3.310659527778625488e-02 2.579816617071628571e-02 3.261344879865646362e-02 5.373268201947212219e-02 1.574797369539737701e-02 6.456764414906501770e-03 2.360267750918865204e-02 5.290283635258674622e-02 3.973468765616416931e-02 1.387439295649528503e-02 1.449955254793167114e-02 4.252301529049873352e-02 4.328102618455886841e-02 7.382747717201709747e-03 4.645965620875358582e-02 5.966060794889926910e-03 4.470118507742881775e-02 5.787163972854614258e-02 5.351417139172554016e-02 3.612292185425758362e-02 4.203455522656440735e-03 3.218019008636474609e-02 1.997232995927333832e-02 4.265696741640567780e-03 6.499873101711273193e-02 4.295200482010841370e-02 4.072422906756401062e-02 3.992178291082382202e-02 3.109236806631088257e-02 4.310994595289230347e-02 5.044530332088470459e-02 3.205649182200431824e-02 9.599657356739044189e-02 1.056694518774747849e-02 9.630881249904632568e-02 3.754668310284614563e-02 3.236319497227668762e-02 2.547563984990119934e-02 2.342983148992061615e-02 5.519706010818481445e-02 3.679563105106353760e-02 1.708551123738288879e-02 9.083538316190242767e-03 3.749006614089012146e-02 4.752048850059509277e-02 1.639870926737785339e-02 7.099822163581848145e-02 6.381206959486007690e-02 3.334099426865577698e-03 2.345269545912742615e-02 4.110891744494438171e-02 2.604434266686439514e-02 4.717083647847175598e-02 5.518142506480216980e-02 2.443115785717964172e-02 2.201042138040065765e-02 2.093289047479629517e-02 1.919491961598396301e-02 6.428782641887664795e-02 1.387132517993450165e-02 1.596049591898918152e-02 7.386734243482351303e-03 2.611218020319938660e-02 3.585221618413925171e-02 9.774776175618171692e-03 2.418961934745311737e-02 2.496896870434284210e-02 1.420407090336084366e-02 6.502329837530851364e-03 4.898365586996078491e-02 2.371054515242576599e-02
1.455175280570983887e-01 1.241476908326148987e-01 1.838300563395023346e-02 2.639482729136943817e-02 5.338805168867111206e-02 5.357244238257408142e-02 6.686750054359436035e-02 2.993663400411605835e-02 1.538154296576976776e-02 9.589594788849353790e-03 4.340083301067352295e-01 4.824976623058319092e-02 1.862932741641998291e-01 4.495041817426681519e-02 5.660174880176782608e-03 3.037210926413536072e-02 3.973797336220741272e-02 1.129849161952733994e-02 3.952318429946899414e-02 4.326100274920463562e-02 3.698680177330970764e-02 3.811498358845710754e-02 1.949903927743434906e-02 4.010932147502899170e-02 1.043611858040094376e-02 4.632006585597991943e-02 3.905244544148445129e-02 1.632621698081493378e-02 9.554682672023773193e-02 3.793059615418314934e-03 6.863341480493545532e-02 7.139945402741432190e-03 4.129564017057418823e-02 5.875410512089729309e-03 1.607489958405494690e-02 8.921856991946697235e-03 2.556128799915313721e-02 3.050315566360950470e-02 2.183782169595360756e-03 4.986976459622383118e-02 2.758516743779182434e-02 6.212815269827842712e-02 4.867138341069221497e-02 3.207247704267501831e-02 1.404718216508626938e-02 4.880862776190042496e-03 2.968805655837059021e-02 4.838225990533828735e-02 3.063395805656909943e-02 9.705964475870132446e-03 2.106624282896518707e-02 7.648124359548091888e-03 5.327655002474784851e-02 3.385423868894577026e-02 2.304600924253463745e-02 2.746931090950965881e-02 4.469139873981475830e-02 4.918591678142547607e-02 1.815912127494812012e-02 2.665649354457855225e-02 3.569673001766204834e-02 1.237905304878950119e-02 3.951760381460189819e-02 3.008302999660372734e-03 1.144516766071319580e-01 6.447905302047729492e-02 3.932322561740875244e-02 2.373131178319454193e-02 4.161011427640914917e-02 1.134606264531612396e-02 3.208466805517673492e-03 3.620997304096817970e-03 2.506701648235321045e-02 4.526588320732116699e-02 5.122507736086845398e-02 4.572176188230514526e-02 3.604932501912117004e-02 8.448499254882335663e-03 1.486179791390895844e-02 1.670058118179440498e-03 7.799590006470680237e-03 1.609673909842967987e-02 2.663535811007022858e-02 3.071931190788745880e-02 2.021155692636966705e-02 3.254822269082069397e-02 3.494330495595932007e-02 3.766146674752235413e-02 1.017742976546287537e-02 4.564596712589263916e-02 1.433731243014335632e-02 1.973439939320087433e-03 1.105514075607061386e-02 1.590947993099689484e-02 4.071853682398796082e-02 1.827690750360488892e-02 2.958221128210425377e-03 8.067385293543338776e-03 3.591462969779968262e-02 9.949337691068649292e-04 3.748257085680961609e-02 3.912446275353431702e-02 3.955933265388011932e-03 3.408386139199137688e-03 4.112300649285316467e-02 3.421677276492118835e-02 2.532041259109973907e-02 6.366478279232978821e-03 3.609091276302933693e-03 8.243164629675447941e-04 1.115013146772980690e-03 4.186098650097846985e-02 5.443568155169487000e-02 4.031293839216232300e-02 6.583596020936965942e-02 1.013172790408134460e-02
4.375034198164939880e-02 4.184297844767570496e-02 3.032987006008625031e-03 5.239987745881080627e-02 3.531319275498390198e-02 5.058659985661506653e-02 1.436206046491861343e-02 2.905978634953498840e-02 3.992650285363197327e-02 5.275509785860776901e-03 4.824976623058319092e-02 4.265633225440979004e-01 1.525284140370786190e-03 1.907339394092559814e-01 2.971007023006677628e-03 1.788555644452571869e-02 1.282303780317306519e-02 3.119982033967971802e-02 4.665675107389688492e-03 4.187704250216484070e-02 2.844201866537332535e-03 1.524018589407205582e-02 6.708466261625289917e-02 9.779892116785049438e-02 3.991259261965751648e-02 1.049643266014754772e-03 1.387182809412479401e-02 2.023343592882156372e-01 3.885356243699789047e-03 1.029194220900535583e-01 1.496939361095428467e-02 1.064899144694209099e-03 3.631882742047309875e-02 3.646266460418701172e-02 1.582324155606329441e-03 3.805715590715408325e-02 1.697074621915817261e-02 1.341583859175443649e-02 4.373684152960777283e-02 4.313047230243682861e-02 2.199484966695308685e-02 1.305538043379783630e-02 3.965014964342117310e-02 3.382782638072967529e-02 1.069453731179237366e-01 2.298215031623840332e-02 3.667821735143661499e-02 2.663166262209415436e-02 3.793105715885758400e-03 3.401900455355644226e-02 1.686853170394897461e-02 4.605360701680183411e-02 4.782736301422119141e-02 2.951593697071075439e-02 4.833493381738662720e-02 9.414283558726310730e-03 5.113532021641731262e-02 1.971518434584140778e-02 4.241611436009407043e-02 9.509710595011711121e-03 9.334796108305454254e-03 2.266709133982658386e-02 5.649806000292301178e-03 4.169889539480209351e-02 3.105676360428333282e-02 6.825023796409368515e-03 2.604880556464195251e-02 2.842632494866847992e-02 1.315597072243690491e-02 2.276833541691303253e-02 3.348008915781974792e-02 5.692097172141075134e-02 5.134289711713790894e-02 3.097222745418548584e-02 5.182769149541854858e-02 3.308309242129325867e-02 2.313488908112049103e-02 6.496129091829061508e-03 2.632210962474346161e-02 6.046624854207038879e-03 3.071340732276439667e-02 1.052147056907415390e-02 1.660058274865150452e-03 1.166992168873548508e-02 2.284699864685535431e-02 1.540080457925796509e-02 2.879757957998663187e-04 2.006106777116656303e-03 4.046865925192832947e-02 5.420261994004249573e-02 4.239843040704727173e-02 2.181711792945861816e-02 2.995227277278900146e-02 6.569634657353162766e-03 2.014626376330852509e-02 9.715962223708629608e-03 1.884218491613864899e-02 1.193740405142307281e-02 2.359048090875148773e-02 3.160932660102844238e-02 1.334724668413400650e-02 4.784297198057174683e-02 3.073310479521751404e-03 7.964563556015491486e-03 8.969455212354660034e-02 6.563804298639297485e-02 2.809612080454826355e-03 3.006831742823123932e-03 4.287743940949440002e-02 1.955654099583625793e-02 1.552885957062244415e-02 1.193654257804155350e-02 1.691489852964878082e-02 3.801286220550537109e-02 3.233999758958816528e-02 6.769333849661052227e-04
7.318109273910522461e-02 1.278364062309265137e-01 1.114239450544118881e-02 4.301017150282859802e-03 1.053457520902156830e-02 5.681597813963890076e-02 2.208892256021499634e-02 3.355044173076748848e-04 2.118917554616928101e-02 1.115504000335931778e-02 1.862932741641998291e-01 1.525284140370786190e-03 4.343985319137573242e-01 4.609702900052070618e-02 2.149396808817982674e-03 2.849448472261428833e-02 2.849459275603294373e-02 4.678658396005630493e-02 3.814327344298362732e-02 2.759934216737747192e-02 2.799280360341072083e-02 3.590346127748489380e-02 2.079326286911964417e-02 3.995294123888015747e-02 2.787924744188785553e-02 2.271528728306293488e-02 6.338610313832759857e-03 4.046463221311569214e-02 1.106221824884414673e-01 1.421669032424688339e-02 1.321235299110412598e-01 4.926040023565292358e-02 2.743397653102874756e-02 2.512284740805625916e-02 6.033057719469070435e-02 3.487455844879150391e-02 1.865155063569545746e-02 2.686961181461811066e-02 1.496842969208955765e-02 1.535108033567667007e-02 3.984187170863151550e-02 2.674375101923942566e-02 1.901309471577405930e-03 3.990292176604270935e-02 2.676088362932205200e-02 2.087691985070705414e-02 9.573310613632202148e-03 7.334028929471969604e-02 4.262584820389747620e-02 3.498937934637069702e-02 2.211668901145458221e-02 2.084274590015411377e-02 1.877121999859809875e-02 8.181141689419746399e-03 3.967246413230895996e-02 3.543950989842414856e-02 4.193468019366264343e-02 5.615836475044488907e-03 1.071108877658843994e-02 4.468228667974472046e-02 2.553621493279933929e-02 3.163894265890121460e-02 3.772006928920745850e-02 1.633226685225963593e-02 9.440609812736511230e-02 1.295015960931777954e-01 3.243025392293930054e-02 5.343013908714056015e-03 3.569807484745979309e-02 5.718575790524482727e-02 2.643865160644054413e-02 3.193927928805351257e-02 2.336892671883106232e-02 3.823241963982582092e-02 2.601605840027332306e-02 1.745716854929924011e-02 5.109552666544914246e-02 1.107564754784107208e-02 2.329090796411037445e-02 2.675409661605954170e-03 1.338653848506510258e-03 2.335410937666893005e-02 3.083778172731399536e-02 4.139174520969390869e-02 1.365096587687730789e-02 1.642212644219398499e-02 1.034434977918863297e-02 6.095276214182376862e-03 2.715991809964179993e-02 4.569499939680099487e-02 4.703869298100471497e-02 5.585657805204391479e-02 4.129442572593688965e-02 3.185392823070287704e-03 3.986519575119018555e-02 3.589048236608505249e-02 1.135191321372985840e-02 4.886856302618980408e-03 4.478904604911804199e-02 1.426627393811941147e-02 3.210435435175895691e-02 3.298329934477806091e-02 1.956705562770366669e-02 1.325959339737892151e-02 2.113359607756137848e-02 2.745310543105006218e-03 3.041602484881877899e-02 3.405770286917686462e-02 1.391617022454738617e-02 1.781157031655311584e-02 4.140626639127731323e-02 1.825088821351528168e-02 2.329014986753463745e-02 2.454968169331550598e-02 4.524317383766174316e-02 3.363430500030517578e-03
