5.248567461967468262e-01 9.430608898401260376e-02 1.808989793062210083e-02 5.607268307358026505e-03 1.434754021465778351e-02 9.081672877073287964e-02 8.948184549808502197e-02 3.939281217753887177e-03 1.812239922583103180e-02 1.757620275020599365e-02 6.338393688201904297e-02 1.137866871431469917e-03 5.022456124424934387e-02 1.253516506403684616e-02 7.367396727204322815e-03 4.739762097597122192e-02 5.629056319594383240e-02 4.008291754871606827e-03 2.305700816214084625e-02 1.495689526200294495e-02 1.909704133868217468e-02 3.563348203897476196e-02 1.819758303463459015e-02 4.746570065617561340e-02 1.330600026994943619e-02 1.265281066298484802e-02 2.789687365293502808e-02 2.033472433686256409e-02 2.184628043323755264e-03 2.924293279647827148e-02 2.267307834699749947e-03 1.294582523405551910e-02 1.436903048306703568e-02 3.879458177834749222e-03 2.659253217279911041e-02 6.602182984352111816e-04 5.638265982270240784e-03 2.270215563476085663e-02 4.480110853910446167e-02 1.962976902723312378e-02 9.209668263792991638e-03 1.011835876852273941e-02 8.855959400534629822e-03 1.131679490208625793e-02 1.800584606826305389e-02 4.212652519345283508e-02 5.621635541319847107e-02 3.440697491168975830e-02 1.885610073804855347e-02 3.673615679144859314e-02 7.548835594207048416e-03 4.319816827774047852e-03 7.343742996454238892e-03 2.491974085569381714e-02 7.428120356053113937e-03 4.798267036676406860e-02 1.102256029844284058e-02 1.409237459301948547e-02 1.115332078188657761e-02 2.348055597394704819e-03 2.040573954582214355e-02 2.760478667914867401e-02 1.702786423265933990e-03 4.737285897135734558e-03 1.731492206454277039e-02 7.780916988849639893e-03 9.774655103683471680e-03 2.178712934255599976e-02 4.313691332936286926e-02 4.454668238759040833e-02 3.613770008087158203e-02 1.556793693453073502e-02 2.704104874283075333e-03 5.802649632096290588e-02 2.841255441308021545e-02 7.485865615308284760e-03 3.824716061353683472e-02 3.749004378914833069e-02 5.802469328045845032e-03 1.825583539903163910e-02 2.288462826982140541e-03 2.149917185306549072e-03 1.455748453736305237e-02 4.310429468750953674e-02 2.601910615339875221e-03 2.531532198190689087e-03 9.717718057800084352e-06 7.391895167529582977e-03 7.167073898017406464e-03 3.058961033821105957e-02 1.532671321183443069e-02 2.176916040480136871e-02 9.276634082198143005e-03 4.441890493035316467e-02 1.536832423880696297e-03 1.632444909773766994e-03 3.246803954243659973e-02 2.064131572842597961e-02 3.115679882466793060e-02 4.548167064785957336e-02 1.143645308911800385e-02 4.808259662240743637e-03 2.998678246513009071e-03 3.037797287106513977e-03 1.026873663067817688e-02 1.235664635896682739e-02 2.248193882405757904e-02 2.397360652685165405e-02 1.885700598359107971e-02 1.403600722551345825e-02 6.390708032995462418e-03 8.075320161879062653e-03 3.108205832540988922e-02 2.225964143872261047e-02 3.912699967622756958e-02 1.842809654772281647e-02
9.430608898401260376e-02 5.162271261215209961e-01 1.725851930677890778e-02 5.354217253625392914e-03 9.114181622862815857e-03 1.040170937776565552e-01 1.203744783997535706e-01 4.285015456844121218e-04 6.973509152885526419e-05 2.441726997494697571e-02 6.353538483381271362e-02 4.902375512756407261e-04 6.168634071946144104e-02 1.042210729792714119e-03 5.779966013506054878e-04 3.195691108703613281e-02 3.330916166305541992e-02 1.006696093827486038e-02 2.399511821568012238e-02 3.071088530123233795e-02 4.279557615518569946e-03 2.822558768093585968e-02 3.045689687132835388e-02 4.414944723248481750e-02 2.707914100028574467e-04 2.587396092712879181e-02 2.468457631766796112e-02 2.039560489356517792e-02 3.370774909853935242e-02 2.914887480437755585e-02 2.949449606239795685e-02 3.128607291728258133e-03 1.145043317228555679e-02 3.033735556527972221e-03 3.515970334410667419e-02 1.962893642485141754e-02 2.535884641110897064e-02 2.717020362615585327e-02 1.413053553551435471e-02 2.709501236677169800e-02 1.377629116177558899e-02 8.832553285174071789e-04 5.801906343549489975e-03 2.307453891262412071e-03 8.762837387621402740e-03 1.997413858771324158e-02 4.757237061858177185e-02 3.287729248404502869e-02 2.127954363822937012e-02 4.281794652342796326e-02 3.628257289528846741e-02 2.482807263731956482e-02 8.123593404889106750e-03 2.384149935096502304e-03 1.768954470753669739e-02 4.664520919322967529e-02 1.239321287721395493e-02 4.516353365033864975e-04 8.302579633891582489e-03 8.786722086369991302e-03 5.949100013822317123e-03 2.926303260028362274e-02 1.126268506050109863e-02 1.803597994148731232e-02 4.694589599967002869e-02 2.748537808656692505e-02 1.491812872700393200e-03 1.021502725780010223e-02 3.791643306612968445e-02 4.215736687183380127e-02 4.187578707933425903e-02 6.495167501270771027e-03 4.956879653036594391e-03 5.097474902868270874e-02 2.122502774000167847e-02 2.009705174714326859e-03 3.777134418487548828e-02 3.135327622294425964e-02 3.865070408210158348e-03 2.609703503549098969e-02 6.463367491960525513e-03 4.153069574385881424e-03 9.673024527728557587e-03 3.464140743017196655e-02 5.388513673096895218e-03 5.718716885894536972e-03 2.425158018013462424e-04 1.404971443116664886e-02 4.231732338666915894e-03 4.610017687082290649e-02 3.204457229003310204e-03 3.154912963509559631e-02 1.082192175090312958e-02 4.618513211607933044e-02 2.408968098461627960e-02 1.997219398617744446e-03 2.008512243628501892e-02 1.243729423731565475e-02 3.850866109132766724e-02 2.445102296769618988e-02 9.780906839296221733e-04 1.231356151401996613e-02 3.762291511520743370e-03 2.779016504064202309e-03 1.454951427876949310e-02 7.521943189203739166e-03 3.880806267261505127e-02 4.076416417956352234e-02 3.143368661403656006e-02 2.328318357467651367e-02 4.154520574957132339e-03 7.252279203385114670e-03 4.036821424961090088e-02 1.001545414328575134e-02 2.333599142730236053e-02 6.822450552135705948e-03
1.808989793062210083e-02 1.725851930677890778e-02 4.920728206634521484e-01 2.337945858016610146e-03 2.807918703183531761e-03 7.675263565033674240e-03 2.948784828186035156e-02 1.178244724869728088e-01 2.453252859413623810e-02 1.825291104614734650e-02 8.313046768307685852e-03 4.114314541220664978e-02 2.772307768464088440e-02 1.802030950784683228e-02 3.720376640558242798e-02 3.113860823214054108e-02 1.342705800198018551e-03 1.392056327313184738e-02 2.895173151046037674e-03 2.868664823472499847e-02 3.684937581419944763e-02 1.964336261153221130e-02 1.395828928798437119e-02 3.662920091301202774e-03 1.461020018905401230e-02 3.245560452342033386e-02 2.161797322332859039e-02 2.206233330070972443e-02 1.946058496832847595e-02 2.427642419934272766e-02 1.771014556288719177e-02 6.490518804639577866e-03 3.804024308919906616e-02 3.108318150043487549e-02 4.091278091073036194e-02 2.187182428315281868e-03 7.162528112530708313e-03 1.267993543297052383e-02 2.561004832386970520e-02 5.359276197850704193e-03 5.385550484061241150e-02 3.617938980460166931e-02 4.248555749654769897e-03 1.020848453044891357e-01 1.320540346205234528e-02 2.608481980860233307e-02 3.065960248932242393e-03 1.340962946414947510e-02 2.570097148418426514e-02 2.031083218753337860e-02 2.592975273728370667e-02 3.061593323945999146e-02 9.004082530736923218e-03 5.302368663251399994e-03 2.464425377547740936e-02 1.053066551685333252e-02 3.992567583918571472e-02 2.765286155045032501e-02 9.783890098333358765e-03 2.492538839578628540e-02 3.492787107825279236e-02 1.502955891191959381e-02 4.940801858901977539e-02 4.391023516654968262e-02 3.982833586633205414e-03 1.901483349502086639e-02 3.401676565408706665e-02 3.301084414124488831e-02 1.281403563916683197e-02 6.457446608692407608e-03 2.329675853252410889e-02 9.015346877276897430e-03 1.322355214506387711e-02 2.332388237118721008e-02 3.473434224724769592e-02 3.249539434909820557e-02 1.809969916939735413e-02 1.570270583033561707e-02 3.632233291864395142e-02 4.181627184152603149e-02 1.465176045894622803e-01 7.034259289503097534e-02 7.119474932551383972e-03 2.814155630767345428e-02 2.611219650134444237e-03 5.038464441895484924e-03 4.119880124926567078e-02 5.698146298527717590e-02 2.558271400630474091e-02 3.469124436378479004e-02 1.557336933910846710e-02 1.987222582101821899e-02 1.750601688399910927e-03 1.389025337994098663e-02 5.028408020734786987e-02 4.875571466982364655e-03 3.829415515065193176e-02 3.250077739357948303e-02 3.907052055001258850e-02 3.328751027584075928e-02 3.567542880773544312e-02 2.697055041790008545e-02 2.616332098841667175e-02 2.726841345429420471e-02 4.450429975986480713e-02 2.096840180456638336e-02 1.254156418144702911e-02 3.483698144555091858e-02 4.201279487460851669e-03 3.747489303350448608e-02 4.329482838511466980e-02 2.296840399503707886e-02 9.059282019734382629e-03 1.735413447022438049e-02 1.869519241154193878e-02 2.303046174347400665e-02
5.607268307358026505e-03 5.354217253625392914e-03 2.337945858016610146e-03 5.079400539398193359e-01 2.183402478694915771e-01 3.380550071597099304e-02 3.805580362677574158e-02 2.511451952159404755e-02 4.026295617222785950e-02 6.729581858962774277e-03 1.677042618393898010e-02 4.257896915078163147e-02 3.633994609117507935e-02 3.995212540030479431e-02 4.514113441109657288e-02 3.553678840398788452e-02 3.643812239170074463e-02 1.079652830958366394e-02 5.901236087083816528e-02 1.066400902345776558e-03 7.427549920976161957e-03 5.175687745213508606e-02 2.716024778783321381e-02 4.468808695673942566e-02 1.630572602152824402e-02 3.660052642226219177e-02 2.973207831382751465e-02 1.800408959388732910e-02 8.856448344886302948e-03 1.480166986584663391e-02 2.572041004896163940e-02 2.988981828093528748e-02 4.055292904376983643e-02 3.563259169459342957e-02 3.613648703321814537e-03 1.992552727460861206e-02 2.429554425179958344e-02 6.602182053029537201e-03 4.945253208279609680e-02 4.654605686664581299e-02 8.665556670166552067e-04 1.181726809591054916e-03 2.867029793560504913e-02 7.727570366114377975e-03 3.622050583362579346e-02 1.343291997909545898e-02 1.435245573520660400e-02 4.491433873772621155e-02 2.382216975092887878e-02 1.258081756532192230e-02 2.604394219815731049e-02 3.607699414715170860e-03 9.612143971025943756e-03 2.156723663210868835e-02 4.690997302532196045e-02 3.165555000305175781e-02 5.098649114370346069e-02 1.857721619307994843e-02 1.368837151676416397e-02 4.858652595430612564e-03 1.705726422369480133e-02 2.968043554574251175e-03 5.394249036908149719e-02 1.877554506063461304e-02 3.570928797125816345e-02 1.423125341534614563e-02 3.594900295138359070e-02 1.368753029964864254e-03 4.765581339597702026e-02 2.222218178212642670e-02 3.103538043797016144e-02 3.844311460852622986e-02 5.343203619122505188e-02 2.190779923694208264e-05 6.689637154340744019e-02 1.179207488894462585e-02 2.602955698966979980e-02 1.902540773153305054e-02 1.787823624908924103e-02 9.831868112087249756e-03 2.285987138748168945e-02 3.080344200134277344e-02 4.971351101994514465e-02 8.484569191932678223e-02 1.563635596539825201e-04 1.176120340824127197e-02 2.490855939686298370e-02 4.663814231753349304e-02 8.426964282989501953e-02 1.574521884322166443e-02 2.605689130723476410e-02 1.458990853279829025e-02 3.266111761331558228e-02 4.483102820813655853e-03 9.597778320312500000e-03 1.775037869811058044e-02 1.545021310448646545e-03 3.429947420954704285e-03 1.912232488393783569e-02 2.320975065231323242e-02 7.028541993349790573e-03 4.409641493111848831e-03 2.045584842562675476e-03 2.388988435268402100e-02 4.253304749727249146e-02 2.218661643564701080e-02 4.525518417358398438e-02 4.585857316851615906e-02 2.635268121957778931e-02 4.393962770700454712e-02 1.199874444864690304e-03 7.608726155012845993e-03 5.236732959747314453e-02 2.975498698651790619e-02 4.615351930260658264e-02 2.054667472839355469e-02
1.434754021465778351e-02 9.114181622862815857e-03 2.807918703183531761e-03 2.183402478694915771e-01 5.159530043601989746e-01 1.061253808438777924e-02 3.485752269625663757e-02 4.054589569568634033e-02 3.370475023984909058e-02 2.989014051854610443e-02 3.194453567266464233e-02 3.915547579526901245e-02 4.179770499467849731e-02 3.708450868725776672e-02 4.233941435813903809e-02 2.836455777287483215e-02 2.462664246559143066e-02 3.410670533776283264e-02 7.211849838495254517e-02 3.754829615354537964e-02 1.406393852084875107e-02 3.002660349011421204e-02 3.715461865067481995e-02 3.531726449728012085e-02 2.453367970883846283e-02 3.607561439275741577e-02 4.202800989151000977e-02 1.795882731676101685e-02 1.660503074526786804e-02 1.344817969948053360e-02 4.204459860920906067e-02 4.546887055039405823e-02 3.985565528273582458e-02 4.625695571303367615e-02 5.743850022554397583e-03 3.118203394114971161e-02 1.946344412863254547e-02 6.164968479424715042e-03 8.967762440443038940e-02 1.043397635221481323e-01 4.190286155790090561e-03 2.139165997505187988e-02 2.944706939160823822e-02 2.389760687947273254e-03 4.038639739155769348e-02 3.096272051334381104e-02 7.893213769420981407e-04 3.411654010415077209e-02 2.919165790081024170e-02 9.918867610394954681e-03 3.305952996015548706e-02 2.083121798932552338e-02 7.965113036334514618e-05 7.621767465025186539e-03 4.294684901833534241e-02 2.880411036312580109e-02 6.143353134393692017e-02 2.832889370620250702e-02 3.508772235363721848e-03 1.157470885664224625e-02 3.227540105581283569e-02 4.683425277471542358e-02 7.073541730642318726e-02 2.513750456273555756e-02 3.090724907815456390e-02 1.199418399482965469e-02 3.601870965212583542e-03 3.575177490711212158e-02 5.810120701789855957e-02 2.008087933063507080e-02 6.941361725330352783e-02 2.847693301737308502e-02 5.858481302857398987e-02 8.225191384553909302e-03 9.246271103620529175e-02 7.459213375113904476e-04 1.941317506134510040e-02 5.550305917859077454e-02 2.220015041530132294e-02 1.808124221861362457e-02 3.317438811063766479e-02 2.202998381108045578e-03 6.191507726907730103e-02 1.339206993579864502e-01 8.668637834489345551e-03 4.060719907283782959e-02 4.948152601718902588e-02 3.018445521593093872e-02 7.131233066320419312e-02 3.149880841374397278e-02 4.179126769304275513e-02 3.560980409383773804e-02 2.819619514048099518e-02 1.587750576436519623e-02 5.304978229105472565e-03 5.253454670310020447e-03 2.048974856734275818e-02 2.241681329905986786e-02 4.691654816269874573e-02 4.075825214385986328e-02 8.477947674691677094e-03 1.598053495399653912e-03 2.084179408848285675e-02 4.010066017508506775e-02 3.634437546133995056e-02 1.641962304711341858e-02 2.742273919284343719e-02 4.944380000233650208e-02 4.134257882833480835e-02 3.788294270634651184e-02 2.227556519210338593e-02 1.181263290345668793e-02 4.159046337008476257e-03 1.934678526595234871e-03 1.852559298276901245e-02 3.595397248864173889e-02
9.081672877073287964e-02 1.040170937776565552e-01 7.675263565033674240e-03 3.380550071597099304e-02 1.061253808438777924e-02 5.131989717483520508e-01 1.569064706563949585e-01 1.980085624381899834e-03 2.667221240699291229e-02 1.516812387853860855e-02 7.268491387367248535e-02 5.729161575436592102e-02 5.099267512559890747e-02 5.482316762208938599e-02 3.400796325877308846e-03 1.547490525990724564e-02 1.586229726672172546e-02 1.799507997930049896e-02 2.221962064504623413e-02 3.357006236910820007e-02 1.928968727588653564e-02 2.722118794918060303e-02 1.483939308673143387e-02 2.933320775628089905e-02 4.868320189416408539e-03 1.002235524356365204e-02 8.419265039265155792e-03 1.905732974410057068e-02 5.849581956863403320e-02 1.086416281759738922e-02 6.176697090268135071e-03 2.136885887011885643e-03 1.561253331601619720e-02 7.322253659367561340e-03 4.182091727852821350e-02 5.104678124189376831e-02 4.823498055338859558e-02 1.546642836183309555e-02 2.925194613635540009e-02 7.019123295322060585e-04 4.559889063239097595e-02 1.538549084216356277e-02 4.817473236471414566e-03 9.531296789646148682e-03 2.491891942918300629e-02 2.617149613797664642e-03 1.326792687177658081e-01 5.925908312201499939e-02 3.772002831101417542e-02 3.051126189529895782e-02 3.810953721404075623e-02 2.094091381877660751e-03 8.937529288232326508e-03 2.243519760668277740e-02 1.389466039836406708e-02 2.578389458358287811e-02 4.124704003334045410e-02 3.339571878314018250e-02 4.406849853694438934e-03 2.712322771549224854e-02 2.892341651022434235e-02 4.957687109708786011e-02 3.821546584367752075e-02 3.972593322396278381e-02 4.848758131265640259e-02 4.004186391830444336e-02 2.253698557615280151e-02 3.974494338035583496e-02 4.302797839045524597e-02 1.000965014100074768e-02 2.980026789009571075e-02 4.373764991760253906e-02 1.767783239483833313e-02 1.483029453083872795e-03 9.719281457364559174e-03 4.118077829480171204e-02 9.063309989869594574e-03 1.501665264368057251e-02 3.111610561609268188e-02 4.175582900643348694e-02 1.366926636546850204e-02 3.707688883878290653e-04 1.086446642875671387e-02 1.777185127139091492e-02 1.076303049921989441e-02 1.115643791854381561e-02 1.661107991822063923e-03 1.874751038849353790e-02 1.832258142530918121e-02 1.881311647593975067e-02 2.686888910830020905e-02 1.072259526699781418e-02 5.979184806346893311e-02 2.826863713562488556e-02 2.696182951331138611e-02 2.178131137043237686e-03 4.027522355318069458e-02 1.282251812517642975e-02 1.070878002792596817e-03 8.036900311708450317e-03 2.858918346464633942e-02 8.174058049917221069e-03 1.778612099587917328e-02 4.243974015116691589e-02 4.193114582449197769e-03 2.719213254749774933e-02 1.811128668487071991e-02 1.555580832064151764e-02 4.538960009813308716e-02 2.595032937824726105e-02 3.115984424948692322e-02 2.346001937985420227e-02 3.233011811971664429e-02 3.776532830670475960e-03 3.541769832372665405e-02 5.106682330369949341e-02
8.948184549808502197e-02 1.203744783997535706e-01 2.948784828186035156e-02 3.805580362677574158e-02 3.485752269625663757e-02 1.569064706563949585e-01 5.152425169944763184e-01 8.019047789275646210e-03 2.189720794558525085e-02 1.368587277829647064e-02 6.792970001697540283e-02 1.321255788207054138e-02 5.706260725855827332e-02 2.260517887771129608e-02 1.214951276779174805e-02 4.528871737420558929e-03 4.769927822053432465e-03 1.152692921459674835e-02 1.241602469235658646e-02 2.647601254284381866e-02 2.501613646745681763e-02 1.272386498749256134e-02 1.769214123487472534e-02 2.549281716346740723e-02 1.196566876024007797e-02 3.672243095934391022e-03 2.156817354261875153e-02 1.614012010395526886e-02 4.290033131837844849e-02 4.037402197718620300e-02 6.410558242350816727e-03 7.805687841027975082e-03 1.017447211779654026e-03 1.147844549268484116e-02 3.051511943340301514e-02 2.675912156701087952e-02 1.850820891559123993e-02 1.615040935575962067e-02 1.698262058198451996e-02 5.193206598050892353e-04 5.367103964090347290e-02 3.820278914645314217e-03 1.594473235309123993e-02 1.582901552319526672e-02 1.978991739451885223e-02 1.014544442296028137e-02 1.087365970015525818e-01 9.429164975881576538e-02 2.566133253276348114e-02 1.234613079577684402e-02 4.254108294844627380e-02 1.232429407536983490e-02 1.804902218282222748e-02 2.350018173456192017e-02 2.422768622636795044e-03 2.144270204007625580e-02 4.322539083659648895e-03 2.402266836725175381e-04 2.940643765032291412e-02 1.811917126178741455e-02 5.830560810863971710e-03 1.618776842951774597e-02 3.540562093257904053e-02 4.405818507075309753e-02 4.534898325800895691e-02 4.213256761431694031e-02 1.867260783910751343e-02 3.899718821048736572e-02 3.327489271759986877e-02 8.600460365414619446e-03 2.998027577996253967e-02 4.706966504454612732e-02 1.288159564137458801e-02 2.411733940243721008e-02 1.283142250031232834e-02 3.404130041599273682e-02 2.528044208884239197e-02 2.024854533374309540e-02 1.922454684972763062e-02 3.947021067142486572e-02 1.702693663537502289e-02 2.509271726012229919e-02 1.208132039755582809e-02 3.475130721926689148e-02 2.018677629530429840e-02 1.015319675207138062e-02 4.319587256759405136e-03 8.141182363033294678e-03 1.935304026119410992e-03 1.205194834619760513e-02 2.519266121089458466e-02 1.506302598863840103e-02 6.612937897443771362e-02 2.314990200102329254e-02 1.906430162489414215e-02 4.859311506152153015e-03 7.052221335470676422e-04 1.416247244924306870e-02 3.627642244100570679e-02 2.447198331356048584e-02 1.226739771664142609e-02 3.431148361414670944e-03 4.428220540285110474e-02 5.218102410435676575e-02 9.901508688926696777e-03 2.447868231683969498e-03 3.909727558493614197e-02 3.267500922083854675e-02 4.516274854540824890e-02 4.680520296096801758e-02 4.621674492955207825e-02 4.538563266396522522e-02 2.340149693191051483e-02 5.459028296172618866e-03 9.533208794891834259e-03 4.232055693864822388e-02
3.939281217753887177e-03 4.285015456844121218e-04 1.178244724869728088e-01 2.511451952159404755e-02 4.054589569568634033e-02 1.980085624381899834e-03 8.019047789275646210e-03 5.124420523643493652e-01 2.600405737757682800e-02 1.115693245083093643e-02 8.977573364973068237e-03 8.371286094188690186e-03 7.470828015357255936e-03 1.351805590093135834e-02 6.210741400718688965e-02 2.805460244417190552e-02 4.209817573428153992e-02 1.813358999788761139e-02 2.332816459238529205e-02 2.693028887733817101e-03 1.815337501466274261e-02 6.447418592870235443e-03 4.244646802544593811e-02 3.730792552232742310e-02 3.787783160805702209e-02 4.050681367516517639e-03 6.408687680959701538e-03 9.883759543299674988e-03 2.847672067582607269e-02 6.897960323840379715e-03 1.883316901512444019e-03 1.196812093257904053e-02 5.726319272071123123e-03 1.349978614598512650e-02 1.212663762271404266e-02 3.237150982022285461e-02 1.898126676678657532e-02 4.309066571295261383e-03 6.765457335859537125e-03 2.602391503751277924e-02 1.269023772329092026e-02 2.031552977859973907e-02 3.965874761343002319e-02 6.684222072362899780e-02 2.406710200011730194e-02 3.334509208798408508e-02 1.130978763103485107e-02 1.742962561547756195e-02 8.051132317632436752e-04 1.413563080132007599e-02 2.580057643353939056e-02 4.103403910994529724e-02 2.009304054081439972e-02 4.246360063552856445e-02 1.830322481691837311e-02 1.268065720796585083e-02 1.475694961845874786e-02 2.230404131114482880e-02 1.297696400433778763e-02 3.145858412608504295e-03 1.082871295511722565e-02 2.862820401787757874e-02 1.923789270222187042e-02 2.648571692407131195e-02 1.518505532294511795e-02 1.237025111913681030e-02 4.166361875832080841e-03 2.339987829327583313e-02 2.088721469044685364e-02 4.146007820963859558e-02 1.629476062953472137e-02 2.355622593313455582e-03 1.608324982225894928e-02 2.245974354445934296e-02 1.848295144736766815e-02 1.967887021601200104e-02 4.187599290162324905e-03 8.140564896166324615e-03 1.001978199928998947e-02 8.468613959848880768e-03 9.064008295536041260e-02 6.964590400457382202e-02 1.097986474633216858e-02 1.774048991501331329e-02 3.871951997280120850e-02 3.743350505828857422e-02 5.607920512557029724e-02 5.010164156556129456e-02 1.978929713368415833e-02 2.708017081022262573e-02 3.471448272466659546e-02 8.298974484205245972e-03 2.448890917003154755e-02 1.724391477182507515e-03 1.982596702873706818e-02 6.588635500520467758e-03 2.848712960258126259e-03 2.667693607509136200e-02 2.156395092606544495e-02 2.315147034823894501e-02 1.949890749529004097e-03 3.929791040718555450e-03 3.965722862631082535e-03 3.467073664069175720e-02 8.687994442880153656e-03 2.399569377303123474e-02 3.574760921765118837e-04 4.190027713775634766e-02 1.014043297618627548e-02 9.527400135993957520e-03 1.336930878460407257e-02 1.057879440486431122e-02 3.121022135019302368e-02 4.531738907098770142e-02 3.969974641222506762e-04 4.042500164359807968e-03
1.812239922583103180e-02 6.973509152885526419e-05 2.453252859413623810e-02 4.026295617222785950e-02 3.370475023984909058e-02 2.667221240699291229e-02 2.189720794558525085e-02 2.600405737757682800e-02 5.118508338928222656e-01 5.585835874080657959e-02 3.426353260874748230e-02 2.043275721371173859e-02 1.106174662709236145e-02 4.612074047327041626e-02 2.116114087402820587e-02 3.802038729190826416e-02 1.721491850912570953e-02 8.513507992029190063e-02 6.542927026748657227e-02 3.713835030794143677e-02 5.208548903465270996e-02 3.489192575216293335e-02 6.237409636378288269e-02 2.742950059473514557e-02 1.721942611038684845e-02 7.863945211283862591e-04 3.387260064482688904e-02 3.458779305219650269e-02 3.628655895590782166e-02 1.167360506951808929e-02 3.352082893252372742e-02 2.695835940539836884e-02 1.433108560740947723e-02 5.074272304773330688e-02 2.463190443813800812e-02 3.185789287090301514e-02 4.892838653177022934e-03 1.164761465042829514e-02 3.312699496746063232e-02 3.970838338136672974e-02 7.780913263559341431e-03 7.675895839929580688e-02 5.135972797870635986e-02 3.314654529094696045e-02 3.384549054317176342e-04 2.078818902373313904e-02 1.993276551365852356e-02 4.242198914289474487e-02 7.795681804418563843e-02 4.619626700878143311e-02 1.895151473581790924e-02 4.650393873453140259e-02 2.247139066457748413e-02 2.062628418207168579e-02 1.434455811977386475e-01 8.949311450123786926e-03 3.903583809733390808e-02 5.403608083724975586e-03 1.021581888198852539e-02 5.256892740726470947e-02 3.521993057802319527e-03 2.369832061231136322e-02 2.773242443799972534e-02 4.665461927652359009e-02 1.022112742066383362e-02 3.070271573960781097e-02 3.853903710842132568e-02 3.224748745560646057e-02 1.080734059214591980e-01 1.877249777317047119e-02 1.549870241433382034e-02 8.737281896173954010e-03 5.425281822681427002e-02 3.988614678382873535e-02 3.614591807126998901e-02 4.827506840229034424e-02 1.898354291915893555e-01 2.708310075104236603e-02 1.083773653954267502e-02 2.697148360311985016e-02 1.573827862739562988e-02 6.368463393300771713e-03 5.216230079531669617e-02 8.396912366151809692e-03 1.834014430642127991e-02 5.659224465489387512e-03 2.926759608089923859e-02 3.452184796333312988e-02 2.732204645872116089e-02 2.677200548350811005e-02 3.017059154808521271e-02 3.151227533817291260e-02 3.697295486927032471e-02 2.546417526900768280e-02 1.696188002824783325e-02 1.790738105773925781e-02 4.204806312918663025e-02 5.804982781410217285e-02 5.639463290572166443e-02 4.165427386760711670e-02 3.624926507472991943e-02 3.009891882538795471e-02 2.102267183363437653e-02 2.318740263581275940e-02 2.241520769894123077e-02 4.802394658327102661e-02 2.877616509795188904e-02 3.410484641790390015e-02 2.481172559782862663e-03 9.888106025755405426e-03 3.723174158949404955e-04 3.810947388410568237e-02 1.794519089162349701e-02 3.952984884381294250e-02 2.450804039835929871e-02 2.957522496581077576e-02
1.757620275020599365e-02 2.441726997494697571e-02 1.825291104614734650e-02 6.729581858962774277e-03 2.989014051854610443e-02 1.516812387853860855e-02 1.368587277829647064e-02 1.115693245083093643e-02 5.585835874080657959e-02 4.958440661430358887e-01 2.541305497288703918e-02 3.889011219143867493e-03 5.069960374385118484e-03 3.160290792584419250e-02 1.908284798264503479e-02 2.686585532501339912e-03 1.404114626348018646e-02 2.398932725191116333e-02 1.814530813135206699e-03 2.245660405606031418e-03 8.414998650550842285e-03 3.945671021938323975e-03 1.005012318491935730e-01 1.238307878375053406e-01 1.578918285667896271e-02 2.422548085451126099e-02 7.354396075243130326e-05 2.570853754878044128e-02 3.185652196407318115e-02 2.380155771970748901e-02 2.423320896923542023e-03 4.667750373482704163e-02 2.180616743862628937e-02 2.945659868419170380e-02 4.497926216572523117e-03 2.161186188459396362e-02 3.417896851897239685e-02 1.822599023580551147e-02 1.927536167204380035e-02 1.951784081757068634e-02 2.274087630212306976e-02 3.604794666171073914e-02 5.148537456989288330e-02 2.292780205607414246e-02 1.454647281207144260e-03 1.124413311481475830e-02 4.407086595892906189e-02 1.298118289560079575e-02 1.737761870026588440e-02 1.558591704815626144e-02 1.932781003415584564e-02 4.058131482452154160e-03 2.285736426711082458e-02 3.565464168787002563e-02 1.561444625258445740e-02 2.464167028665542603e-02 2.033256366848945618e-02 3.919065371155738831e-02 3.308038040995597839e-02 3.062777593731880188e-02 1.844688691198825836e-02 3.071911446750164032e-02 4.093103483319282532e-02 4.343166202306747437e-02 4.201615974307060242e-02 3.757560998201370239e-02 2.952521108090877533e-02 1.895855925977230072e-02 7.907480932772159576e-03 1.104794163256883621e-02 1.007900983095169067e-01 3.452888131141662598e-02 8.817031048238277435e-03 4.342605918645858765e-02 2.565042860805988312e-02 3.019371628761291504e-02 2.006239071488380432e-02 2.293934226036071777e-01 4.111435636878013611e-02 6.923706829547882080e-02 1.030755229294300079e-02 2.120382897555828094e-02 2.435058727860450745e-02 4.135559126734733582e-02 2.347122505307197571e-02 4.988626390695571899e-02 3.885323554277420044e-02 3.048407472670078278e-02 2.790479362010955811e-02 2.577326819300651550e-02 4.615447833202779293e-04 7.643559016287326813e-03 8.583812974393367767e-03 4.419781733304262161e-03 7.345324382185935974e-03 3.868799656629562378e-02 1.285876147449016571e-02 1.741876825690269470e-02 8.278825879096984863e-02 6.453689932823181152e-02 4.389506950974464417e-02 3.945569321513175964e-02 3.990030661225318909e-02 2.844919450581073761e-02 3.303219005465507507e-02 1.182596758008003235e-02 3.190989047288894653e-02 3.268171101808547974e-02 9.315831586718559265e-03 1.133341924287378788e-03 2.762468159198760986e-02 2.278629690408706665e-02 5.435349047183990479e-02 3.611141815781593323e-02 8.562009781599044800e-03 1.628480292856693268e-02
6.338393688201904297e-02 6.353538483381271362e-02 8.313046768307685852e-03 1.677042618393898010e-02 3.194453567266464233e-02 7.268491387367248535e-02 6.792970001697540283e-02 8.977573364973068237e-03 3.426353260874748230e-02 2.541305497288703918e-02 5.299355983734130859e-01 3.324189456179738045e-03 4.841208457946777344e-02 1.348490477539598942e-04 1.236251182854175568e-02 2.852013707160949707e-02 3.148284181952476501e-02 7.224360946565866470e-03 5.408331006765365601e-02 3.285888582468032837e-03 8.751497603952884674e-03 3.351185843348503113e-02 1.569748669862747192e-02 2.765183895826339722e-02 8.193822577595710754e-03 4.784412682056427002e-03 1.525671500712633133e-02 2.413135394454002380e-02 1.325753517448902130e-02 3.208433091640472412e-02 2.013446763157844543e-02 6.120509468019008636e-03 2.857067622244358063e-03 1.436989405192434788e-04 2.350625209510326385e-02 1.144923269748687744e-02 1.523732393980026245e-02 2.002212218940258026e-02 3.302516415715217590e-02 3.017085790634155273e-02 1.212739944458007812e-02 6.978488527238368988e-03 1.765971258282661438e-02 4.466943908482789993e-03 5.327591206878423691e-03 2.745979279279708862e-02 5.896152183413505554e-02 3.996969014406204224e-02 2.919078432023525238e-02 2.208250947296619415e-02 2.912194281816482544e-02 2.655295096337795258e-02 9.690087288618087769e-03 2.964665880426764488e-03 1.119840238243341446e-02 2.989313192665576935e-02 4.734534770250320435e-03 8.617092971689999104e-04 8.377145044505596161e-03 5.317204631865024567e-04 1.630460610613226891e-03 1.720183342695236206e-02 1.460692728869616985e-04 1.401134580373764038e-02 6.568519864231348038e-03 5.184175912290811539e-03 7.273512426763772964e-03 8.949886076152324677e-03 4.756335541605949402e-02 4.194875806570053101e-02 4.602655395865440369e-02 2.157327532768249512e-02 1.382235088385641575e-03 5.952019616961479187e-02 1.226176973432302475e-02 2.400827035307884216e-02 3.514264151453971863e-02 2.293304353952407837e-02 2.911625802516937256e-02 2.925307489931583405e-02 2.975606592372059822e-03 1.000863406807184219e-02 2.037071622908115387e-03 2.454539202153682709e-02 4.059096332639455795e-03 7.283384329639375210e-04 6.262952461838722229e-03 1.316732075065374374e-02 1.685268245637416840e-02 4.096698388457298279e-02 2.960226126015186310e-02 3.059871681034564972e-02 2.550091408193111420e-02 2.826461009681224823e-02 1.192582212388515472e-02 1.318881195038557053e-02 2.866639755666255951e-02 3.805950656533241272e-02 2.758741006255149841e-02 4.866669327020645142e-02 6.992369890213012695e-03 1.160822436213493347e-02 3.170279087498784065e-03 7.729419972747564316e-03 4.105770203750580549e-04 9.307838627137243748e-04 3.810748457908630371e-02 2.466768212616443634e-02 1.644054800271987915e-02 1.622315123677253723e-02 1.838010968640446663e-03 1.687823096290230751e-03 2.932369010522961617e-03 1.328847743570804596e-02 1.767916418612003326e-02 1.956102624535560608e-02
1.137866871431469917e-03 4.902375512756407261e-04 4.114314541220664978e-02 4.257896915078163147e-02 3.915547579526901245e-02 5.729161575436592102e-02 1.321255788207054138e-02 8.371286094188690186e-03 2.043275721371173859e-02 3.889011219143867493e-03 3.324189456179738045e-03 5.167893171310424805e-01 1.313512027263641357e-02 1.889430880546569824e-01 1.802825927734375000e-02 2.939403802156448364e-02 2.943552844226360321e-02 2.759930863976478577e-02 1.418349985033273697e-02 8.881909772753715515e-03 4.163241013884544373e-02 8.083388209342956543e-03 1.247544735670089722e-01 8.573444932699203491e-02 4.338720068335533142e-02 3.998270258307456970e-02 1.823645830154418945e-02 1.567992419004440308e-01 2.137006074190139771e-02 8.388462662696838379e-02 3.810998424887657166e-02 2.829628065228462219e-02 7.227933965623378754e-03 7.014642935246229172e-03 3.283166512846946716e-02 2.509173471480607986e-03 3.029065765440464020e-02 3.410010039806365967e-02 1.340391114354133606e-02 3.570193424820899963e-02 3.825252130627632141e-02 4.080074653029441833e-02 3.245679661631584167e-02 2.365845954045653343e-03 2.306493557989597321e-02 4.605183750391006470e-02 3.370554372668266296e-02 2.658136188983917236e-03 1.929650083184242249e-02 2.696489542722702026e-02 4.949019476771354675e-02 7.642593979835510254e-02 1.930527202785015106e-02 2.222376689314842224e-02 1.711084973067045212e-03 2.905609726440161467e-04 3.514563664793968201e-02 2.966813929378986359e-02 1.098143868148326874e-02 3.878076560795307159e-03 2.068834006786346436e-02 1.187740452587604523e-02 2.401461824774742126e-02 3.871762752532958984e-02 4.537248983979225159e-02 2.964990027248859406e-02 2.186740189790725708e-02 1.192408427596092224e-02 1.085114851593971252e-02 4.098419845104217529e-02 2.188185043632984161e-02 9.339516982436180115e-03 1.743934303522109985e-02 3.908457234501838684e-02 1.028104312717914581e-02 6.853024475276470184e-03 2.888282202184200287e-02 2.598948217928409576e-02 1.109492182731628418e-01 1.062697265297174454e-02 3.486657980829477310e-03 4.806927870959043503e-03 3.783451393246650696e-03 2.151774242520332336e-02 6.799391657114028931e-02 1.534066163003444672e-02 6.163847632706165314e-03 1.242884434759616852e-02 1.210179552435874939e-01 4.197147116065025330e-02 3.804640471935272217e-02 4.196970164775848389e-02 4.596716538071632385e-02 3.677259013056755066e-02 2.863998059183359146e-03 6.528504658490419388e-03 3.605070337653160095e-02 1.731491088867187500e-02 6.496528629213571548e-03 3.264851123094558716e-02 1.280945539474487305e-02 1.495288452133536339e-03 2.185793034732341766e-02 8.335533784702420235e-04 3.198994323611259460e-02 1.612753048539161682e-02 2.314450219273567200e-02 3.317927196621894836e-02 1.514674723148345947e-02 2.583558298647403717e-02 1.103394292294979095e-02 1.214020419865846634e-02 3.120712190866470337e-02 3.752196580171585083e-02 1.080565899610519409e-02 2.220376394689083099e-02
5.022456124424934387e-02 6.168634071946144104e-02 2.772307768464088440e-02 3.633994609117507935e-02 4.179770499467849731e-02 5.099267512559890747e-02 5.706260725855827332e-02 7.470828015357255936e-03 1.106174662709236145e-02 5.069960374385118484e-03 4.841208457946777344e-02 1.313512027263641357e-02 5.222612023353576660e-01 5.662660580128431320e-03 1.534525025635957718e-02 2.137033268809318542e-02 3.514388576149940491e-02 1.115769892930984497e-02 1.834776811301708221e-02 4.140407778322696686e-03 2.212084829807281494e-03 2.863795869052410126e-02 3.939007222652435303e-02 4.795992374420166016e-02 1.479029422625899315e-03 4.918900784105062485e-03 1.571844145655632019e-02 2.394086308777332306e-02 5.650982260704040527e-03 9.111315011978149414e-03 2.066378481686115265e-02 1.849217526614665985e-02 5.269611719995737076e-04 5.240663886070251465e-03 1.983479782938957214e-02 8.855529129505157471e-03 4.424217157065868378e-03 1.717209070920944214e-02 4.582095518708229065e-02 1.053360640071332455e-03 1.946080103516578674e-02 1.505347900092601776e-02 3.555886074900627136e-02 6.976148113608360291e-03 1.916342787444591522e-02 3.907334804534912109e-02 5.410992354154586792e-02 5.232802033424377441e-02 5.370959173887968063e-03 1.322756055742502213e-02 2.728443779051303864e-02 4.801880568265914917e-03 1.405216008424758911e-02 1.157097797840833664e-02 9.209582582116127014e-03 2.649663202464580536e-02 7.042027078568935394e-03 1.334739266894757748e-03 1.907890848815441132e-02 3.725243499502539635e-03 8.491465821862220764e-03 2.373260911554098129e-03 2.006389014422893524e-02 2.292463183403015137e-02 6.643362343311309814e-03 1.729312539100646973e-02 9.964021854102611542e-03 1.141284825280308723e-03 1.469199825078248978e-02 1.973072066903114319e-02 3.710822016000747681e-02 4.600434098392724991e-03 1.676698797382414341e-03 6.025971472263336182e-02 1.916846260428428650e-02 3.089955635368824005e-02 1.399372052401304245e-02 3.558653965592384338e-02 1.181753724813461304e-02 2.866340242326259613e-02 1.572203449904918671e-02 5.384278483688831329e-03 9.975120425224304199e-03 4.208745434880256653e-02 1.425567548722028732e-02 2.577953599393367767e-02 7.947163656353950500e-03 2.516857907176017761e-02 4.203489795327186584e-02 4.996443912386894226e-02 1.376333180814981461e-02 1.649624295532703400e-02 3.171370550990104675e-02 2.176311239600181580e-02 3.099662065505981445e-02 4.297734424471855164e-02 4.222695156931877136e-02 4.089847579598426819e-02 2.569660544395446777e-02 1.583304256200790405e-02 8.521212730556726456e-04 2.807899005711078644e-02 1.483308523893356323e-02 4.009903408586978912e-03 1.000605057924985886e-02 1.422651205211877823e-02 2.056458406150341034e-02 3.808465600013732910e-02 2.136301435530185699e-02 1.965383999049663544e-02 3.916577436029911041e-03 5.063582677394151688e-03 1.765228807926177979e-02 3.897941857576370239e-02 1.657566521316766739e-03 5.633590742945671082e-03
