5.260169506072998047e-01 1.085953339934349060e-01 1.267655752599239349e-02 1.615708693861961365e-02 1.066699996590614319e-02 2.595618367195129395e-02 1.687478087842464447e-02 3.405729308724403381e-02 1.400033384561538696e-02 4.706382378935813904e-02 8.362874388694763184e-02 3.825059533119201660e-02 9.169301390647888184e-02 8.893297053873538971e-03 1.894467137753963470e-02 1.455597206950187683e-02 3.864056989550590515e-02 3.936624899506568909e-02 2.247224561870098114e-02 3.516405820846557617e-02 1.395483594387769699e-02 8.156462572515010834e-04 1.744298264384269714e-02 3.769949078559875488e-02 1.952552795410156250e-02 3.875936940312385559e-02 2.667916007339954376e-02 4.330042377114295959e-02 1.756548322737216949e-02 4.125393182039260864e-02 8.393023163080215454e-03 3.315100446343421936e-02 1.082892902195453644e-02 3.264608234167098999e-02 4.991699382662773132e-02 9.385797195136547089e-03 2.129063382744789124e-02 6.203880161046981812e-02 1.978060929104685783e-03 5.045350641012191772e-03 2.055721171200275421e-02 4.139146953821182251e-02 4.816431924700737000e-02 6.464517209678888321e-03 8.487324230372905731e-03 2.649859711527824402e-02 5.799600481986999512e-02 3.363870084285736084e-02 9.892332367599010468e-03 5.470290407538414001e-02 1.316074933856725693e-02 4.310321807861328125e-02 3.943846374750137329e-02 4.493303969502449036e-02 4.171246290206909180e-02 1.497985515743494034e-02 1.557383220642805099e-02 9.334005881100893021e-05 2.961830422282218933e-02 2.524440176784992218e-02 3.154854476451873779e-02 1.194152794778347015e-02 2.019173838198184967e-02 1.318583032116293907e-03 2.872771210968494415e-02 9.250737726688385010e-03 3.754983469843864441e-02 1.440423820167779922e-02 1.214161142706871033e-02 1.910771615803241730e-02 6.355124060064554214e-03 4.186079651117324829e-02 4.213562980294227600e-02 1.883072219789028168e-02 3.773966804146766663e-02 3.706282004714012146e-02 4.846547730267047882e-03 4.128770157694816589e-02 2.440837770700454712e-02 1.760998927056789398e-02 1.070701517164707184e-02 2.874018438160419464e-02 3.316179662942886353e-02 8.144799619913101196e-03 1.849755831062793732e-02 6.295093335211277008e-03 1.450231298804283142e-02 3.542372025549411774e-03 7.159436936490237713e-04 1.992271840572357178e-02 1.204709429293870926e-02 4.482151567935943604e-02 2.778281923383474350e-03 6.347648799419403076e-02 2.591314911842346191e-02 1.103271613828837872e-03 1.249184366315603256e-02 2.014513500034809113e-02 3.009062074124813080e-02 3.289064019918441772e-02 1.163422223180532455e-02 3.037091344594955444e-02 1.631093025207519531e-02 3.136529773473739624e-02 8.739569224417209625e-03 5.598796997219324112e-04 2.450444549322128296e-02 4.115774482488632202e-02 3.364031016826629639e-02 3.448325395584106445e-02 2.824900671839714050e-02 2.844058535993099213e-02 1.092172320932149887e-02 2.892705053091049194e-02 2.111810632050037384e-02 3.661772236227989197e-02
1.085953339934349060e-01 5.305765271186828613e-01 2.376900985836982727e-02 2.977884188294410706e-02 2.553321979939937592e-02 2.330125682055950165e-02 4.153651371598243713e-02 9.847094304859638214e-03 4.090885445475578308e-02 4.978670179843902588e-02 8.734894543886184692e-02 2.366804145276546478e-02 1.006160303950309753e-01 2.966288942843675613e-03 1.550505775958299637e-02 9.143363684415817261e-03 2.534689195454120636e-02 4.573405906558036804e-02 5.148376896977424622e-02 9.518865495920181274e-03 2.571244910359382629e-02 7.905781269073486328e-03 9.856344200670719147e-03 2.261259593069553375e-02 2.643271908164024353e-02 6.521990522742271423e-03 2.698949351906776428e-02 2.262565493583679199e-02 2.217274159193038940e-02 2.290378697216510773e-02 1.328555960208177567e-02 3.177574276924133301e-02 1.038709841668605804e-02 3.646114841103553772e-02 3.691526502370834351e-02 1.300132274627685547e-02 1.828901842236518860e-02 5.544487759470939636e-02 5.496905650943517685e-03 3.250969108194112778e-03 5.170862376689910889e-02 6.172662600874900818e-03 2.183072641491889954e-02 3.081586211919784546e-02 8.411399088799953461e-03 8.245731703937053680e-03 5.139717087149620056e-02 1.057520322501659393e-02 1.811314374208450317e-02 3.062658943235874176e-02 6.716053001582622528e-03 2.744817920029163361e-02 5.064535513520240784e-02 4.748398810625076294e-02 1.627211272716522217e-02 1.526585128158330917e-02 1.748329587280750275e-02 1.843961887061595917e-02 1.490270812064409256e-02 2.319210208952426910e-02 5.119252204895019531e-02 3.743818495422601700e-03 2.950505167245864868e-02 1.686123432591557503e-03 2.313639782369136810e-02 1.991271786391735077e-02 8.128438144922256470e-03 1.994741149246692657e-02 1.513282582163810730e-02 6.246073637157678604e-03 2.555448375642299652e-02 2.253122255206108093e-02 4.785164445638656616e-02 5.459798499941825867e-03 4.925761371850967407e-02 3.200864046812057495e-02 3.361533582210540771e-02 2.374584041535854340e-02 1.877289824187755585e-02 3.322056680917739868e-02 2.910865843296051025e-02 3.153006732463836670e-02 5.155214294791221619e-02 2.929480187594890594e-02 4.473269451409578323e-03 3.335562720894813538e-02 8.150349371135234833e-03 2.434514462947845459e-03 9.548426605761051178e-03 2.228779159486293793e-02 1.685565151274204254e-02 3.417735174298286438e-02 7.962708361446857452e-03 3.954191505908966064e-02 3.569416701793670654e-02 1.832593814469873905e-03 4.053776210639625788e-04 8.606546558439731598e-03 5.495129898190498352e-02 5.367233604192733765e-02 3.760098665952682495e-02 4.471847042441368103e-02 3.264856338500976562e-02 4.011730477213859558e-02 9.463853202760219574e-03 1.267557498067617416e-03 3.282407298684120178e-02 2.192409522831439972e-02 3.626897558569908142e-02 4.636782407760620117e-02 5.017620278522372246e-04 1.830949680879712105e-03 1.815788634121417999e-02 5.051631946116685867e-03 2.463306300342082977e-02 3.703716024756431580e-02
1.267655752599239349e-02 2.376900985836982727e-02 5.128144621849060059e-01 3.826661780476570129e-02 1.589714922010898590e-02 3.280732035636901855e-02 1.918971684062853456e-04 1.167238876223564148e-01 4.123822972178459167e-02 6.347919348627328873e-03 9.744756855070590973e-03 8.837073110044002533e-03 9.746390394866466522e-03 1.506750937551259995e-02 2.643545717000961304e-02 1.006451062858104706e-02 1.778255030512809753e-02 1.572879590094089508e-02 1.779892668128013611e-02 3.503383323550224304e-02 4.201185330748558044e-02 1.536557544022798538e-02 3.143038228154182434e-02 1.366861443966627121e-02 1.323958858847618103e-02 2.774729393422603607e-02 1.240717433393001556e-02 2.289837598800659180e-02 4.143323749303817749e-02 2.348051592707633972e-02 7.851095870137214661e-03 1.043546712026000023e-03 1.886739209294319153e-02 3.231446444988250732e-02 4.810693860054016113e-02 3.632066072896122932e-04 2.936367876827716827e-02 4.508244618773460388e-02 8.573465049266815186e-03 3.381893783807754517e-02 3.279722062870860100e-03 1.149237342178821564e-02 1.456341333687305450e-02 8.198110386729240417e-03 1.689134282059967518e-03 1.540168933570384979e-02 1.922754757106304169e-02 1.399576105177402496e-02 1.989502646028995514e-02 4.674730822443962097e-02 1.210384629666805267e-02 2.543405257165431976e-02 2.214946225285530090e-02 4.182104021310806274e-02 3.153837472200393677e-02 4.335368052124977112e-02 2.883714810013771057e-02 1.595415547490119934e-02 3.382107941433787346e-03 3.227643202990293503e-03 1.405735593289136887e-02 3.813777863979339600e-02 5.147821456193923950e-02 5.431918427348136902e-02 5.228922143578529358e-02 1.176859345287084579e-02 8.494147099554538727e-03 2.317660115659236908e-02 6.930018775165081024e-03 3.062058798968791962e-02 2.776263281702995300e-04 4.900211934000253677e-03 3.363856673240661621e-02 3.317336319014430046e-03 3.362658247351646423e-02 4.195376113057136536e-02 1.344111002981662750e-02 1.074741501361131668e-02 3.370160609483718872e-02 3.259875252842903137e-02 1.108003780245780945e-01 1.035830229520797729e-01 4.015543963760137558e-03 8.625441230833530426e-03 2.141917869448661804e-02 2.624416910111904144e-02 6.501700729131698608e-02 6.049556657671928406e-02 5.865219049155712128e-03 1.914035901427268982e-02 2.443104237318038940e-02 3.752685710787773132e-02 1.985358260571956635e-02 2.395245991647243500e-02 2.061017416417598724e-02 2.429222501814365387e-02 6.078270729631185532e-03 2.947697229683399200e-02 3.408284857869148254e-02 3.628941997885704041e-02 2.413574978709220886e-02 1.870064251124858856e-02 9.500549174845218658e-03 2.423227531835436821e-03 2.679113671183586121e-02 4.078399389982223511e-02 1.040015891194343567e-01 7.927644066512584686e-03 3.231963142752647400e-02 4.750457126647233963e-03 4.162928089499473572e-02 3.109893761575222015e-02 2.197425626218318939e-02 5.258240271359682083e-03 6.849603261798620224e-03 5.347645655274391174e-02
1.615708693861961365e-02 2.977884188294410706e-02 3.826661780476570129e-02 5.422184467315673828e-01 6.345734000205993652e-02 9.571651928126811981e-03 2.992151118814945221e-02 5.078980233520269394e-03 2.448308654129505157e-02 3.802108764648437500e-02 2.745928056538105011e-02 1.962368562817573547e-02 4.977925866842269897e-02 2.496795356273651123e-02 2.910092659294605255e-02 3.933800384402275085e-02 1.363541581667959690e-03 4.921503365039825439e-02 4.687050357460975647e-02 2.328204177320003510e-02 7.483724039047956467e-03 2.469651959836483002e-02 2.602757699787616730e-02 3.181382641196250916e-02 5.817786604166030884e-02 4.640395566821098328e-02 5.040160194039344788e-02 2.141031622886657715e-02 2.260004356503486633e-02 2.280605025589466095e-02 5.051533808000385761e-04 3.950253501534461975e-02 3.163928911089897156e-02 3.761933743953704834e-02 2.808744460344314575e-02 5.987978074699640274e-03 1.860406948253512383e-03 2.367427200078964233e-02 5.019789561629295349e-02 5.023509636521339417e-02 2.036050334572792053e-02 3.441980481147766113e-02 3.428169339895248413e-02 1.366658695042133331e-02 1.418538298457860947e-02 1.002572383731603622e-02 6.083426997065544128e-03 5.246980860829353333e-02 3.067077696323394775e-02 6.543711293488740921e-03 5.524705722928047180e-02 1.475215796381235123e-02 2.354984916746616364e-02 2.130236010998487473e-03 3.591603832319378853e-03 3.376866690814495087e-03 4.257068783044815063e-02 4.836047440767288208e-02 3.160369349643588066e-03 1.271565211936831474e-03 4.088293761014938354e-02 1.149211265146732330e-02 4.162846505641937256e-02 4.048204421997070312e-02 2.198112569749355316e-02 4.389600828289985657e-02 3.948795050382614136e-02 2.361634746193885803e-02 2.123079821467399597e-02 2.947610057890415192e-02 4.714066162705421448e-02 2.498771063983440399e-02 6.457525491714477539e-02 9.866609238088130951e-03 7.119233906269073486e-02 1.148038078099489212e-02 1.358817983418703079e-02 1.855706423521041870e-02 1.672655902802944183e-02 5.530981346964836121e-02 1.264990959316492081e-02 2.509959973394870758e-02 5.821873992681503296e-02 5.595378205180168152e-02 3.827394545078277588e-02 1.023018639534711838e-02 3.824348747730255127e-02 3.919629752635955811e-02 3.868854045867919922e-02 3.938450012356042862e-03 1.358698820695281029e-03 2.096287161111831665e-02 1.750547438859939575e-02 3.882962092757225037e-02 1.543340925127267838e-02 1.664127781987190247e-02 2.870680391788482666e-02 2.544149756431579590e-02 1.168786454945802689e-02 1.743364706635475159e-02 2.954912930727005005e-02 1.626491546630859375e-03 1.443574111908674240e-02 4.717972595244646072e-03 3.712938353419303894e-02 1.618683338165283203e-02 1.609688438475131989e-02 2.317267097532749176e-02 3.589258063584566116e-03 3.114881739020347595e-02 1.871738210320472717e-02 3.034250624477863312e-02 3.737420961260795593e-02 4.031623899936676025e-02 6.968615110963582993e-03 2.211069129407405853e-02
1.066699996590614319e-02 2.553321979939937592e-02 1.589714922010898590e-02 6.345734000205993652e-02 5.383921861648559570e-01 1.741285435855388641e-02 3.719561174511909485e-02 1.720884069800376892e-02 3.394669666886329651e-02 5.471054837107658386e-02 1.587786339223384857e-02 2.771731466054916382e-02 2.726528234779834747e-02 2.699119225144386292e-02 1.530448254197835922e-02 3.256154060363769531e-02 1.566130295395851135e-02 4.705928638577461243e-02 4.876231774687767029e-02 1.434576231986284256e-02 1.756005361676216125e-02 3.937290981411933899e-02 2.467286400496959686e-02 3.057652898132801056e-02 5.829033628106117249e-02 2.323521859943866730e-02 4.085356369614601135e-02 2.047083526849746704e-02 1.592415571212768555e-02 2.351527102291584015e-02 5.068412516266107559e-03 2.949422039091587067e-02 9.146677330136299133e-04 1.158941630274057388e-02 1.626866310834884644e-02 6.964902393519878387e-03 2.173587679862976074e-03 2.610982209444046021e-02 4.651681706309318542e-02 5.500649288296699524e-02 1.397137064486742020e-02 3.655876591801643372e-02 2.284581959247589111e-02 4.846962168812751770e-03 3.685576096177101135e-02 1.907737180590629578e-02 1.133054029196500778e-02 3.365083411335945129e-02 4.544594138860702515e-02 1.410705689340829849e-02 4.063730314373970032e-02 4.604434128850698471e-03 3.207083791494369507e-02 4.639829508960247040e-03 1.752473413944244385e-02 3.650633618235588074e-02 3.661324083805084229e-02 4.759905859827995300e-02 5.794189404696226120e-03 5.947738536633551121e-04 2.355111204087734222e-02 3.042179346084594727e-02 4.224374890327453613e-02 2.626861259341239929e-02 1.395033299922943115e-02 4.937997460365295410e-02 3.711963444948196411e-02 3.784977644681930542e-02 1.208441052585840225e-02 3.780450299382209778e-02 3.273914381861686707e-02 2.824044413864612579e-02 6.103248149156570435e-02 4.918739665299654007e-03 6.318340450525283813e-02 6.380166392773389816e-03 1.241430174559354782e-02 3.192554041743278503e-02 2.773109823465347290e-02 5.001764371991157532e-02 1.938921585679054260e-02 1.705226488411426544e-02 6.274136900901794434e-02 6.952707469463348389e-02 2.583461068570613861e-02 2.729186788201332092e-02 2.492391504347324371e-02 2.150910161435604095e-02 5.674591660499572754e-02 2.504411898553371429e-02 5.262455670163035393e-04 7.286722771823406219e-03 2.041245624423027039e-02 1.362324506044387817e-02 1.653228886425495148e-03 1.507407519966363907e-02 4.148983955383300781e-02 1.645226404070854187e-02 9.465639479458332062e-03 3.168452531099319458e-02 1.237511169165372849e-02 4.046174883842468262e-02 1.898833550512790680e-02 3.686997573822736740e-03 2.021637186408042908e-02 1.372495666146278381e-02 2.264925511553883553e-03 9.282740764319896698e-03 1.662321388721466064e-02 3.818667307496070862e-02 2.817844273522496223e-03 1.032322645187377930e-02 1.585026644170284271e-02 1.519560627639293671e-02 6.306733004748821259e-03 3.092372976243495941e-02
2.595618367195129395e-02 2.330125682055950165e-02 3.280732035636901855e-02 9.571651928126811981e-03 1.741285435855388641e-02 5.319363474845886230e-01 8.364087343215942383e-02 2.999165840446949005e-02 3.944852948188781738e-02 2.151222899556159973e-02 3.663799539208412170e-02 5.958620831370353699e-02 3.026946820318698883e-02 5.849216505885124207e-02 2.218244131654500961e-03 3.604149073362350464e-02 4.635058715939521790e-02 5.010375007987022400e-02 3.676145896315574646e-02 6.191819440573453903e-03 1.502637006342411041e-02 2.173285232856869698e-03 3.601193800568580627e-02 3.467920422554016113e-02 9.880432859063148499e-03 4.757896810770034790e-02 1.385774649679660797e-02 1.925378106534481049e-02 6.200914084911346436e-02 1.574537344276905060e-02 5.391761660575866699e-02 3.540836507454514503e-03 3.306785598397254944e-02 1.571518369019031525e-02 2.954792696982622147e-03 2.058842964470386505e-02 2.225615456700325012e-02 1.843098923563957214e-02 7.651044987142086029e-03 1.315154973417520523e-02 3.055975958704948425e-02 3.708238899707794189e-02 4.034459963440895081e-02 7.845016662031412125e-04 5.851963069289922714e-03 3.993044793605804443e-02 7.644689828157424927e-02 5.593406409025192261e-02 4.256269708275794983e-02 3.285305947065353394e-02 2.755867503583431244e-02 2.653667517006397247e-02 3.578795492649078369e-02 1.167917717248201370e-02 4.353617317974567413e-03 4.170092567801475525e-02 7.157997228205204010e-03 3.731396049261093140e-03 5.644097691401839256e-04 1.732312026433646679e-03 1.924698799848556519e-02 1.171591691672801971e-02 2.572112157940864563e-02 9.874092414975166321e-03 5.019909515976905823e-02 5.539574846625328064e-02 4.104330018162727356e-02 2.381601370871067047e-02 1.390399970114231110e-02 5.256644450128078461e-03 1.562184304930269718e-03 9.534587152302265167e-03 2.451143227517604828e-02 2.816078811883926392e-02 2.468455396592617035e-02 6.592133548110723495e-03 1.614337973296642303e-02 4.947986453771591187e-02 2.621257863938808441e-02 1.348208636045455933e-02 1.591045223176479340e-02 1.112567353993654251e-02 1.341144181787967682e-02 5.000707134604454041e-02 3.777142241597175598e-02 2.288668975234031677e-02 1.996570453047752380e-02 1.789546944200992584e-02 1.457436196506023407e-02 8.134026080369949341e-03 7.508380711078643799e-02 2.850308455526828766e-02 4.165058210492134094e-02 4.635746777057647705e-02 4.070658981800079346e-02 3.998866677284240723e-02 3.817037492990493774e-02 3.763718903064727783e-02 2.853827737271785736e-02 2.758509479463100433e-02 1.716209016740322113e-02 1.232008822262287140e-02 1.746159791946411133e-02 8.892877958714962006e-04 4.662252590060234070e-02 7.627245038747787476e-03 3.993318602442741394e-02 5.030941218137741089e-02 3.114261105656623840e-02 2.238442003726959229e-02 2.725416049361228943e-02 2.998934872448444366e-02 4.526580497622489929e-02 3.063615597784519196e-02 4.202715680003166199e-02 1.056136842817068100e-02
1.687478087842464447e-02 4.153651371598243713e-02 1.918971684062853456e-04 2.992151118814945221e-02 3.719561174511909485e-02 8.364087343215942383e-02 5.346106290817260742e-01 1.584764942526817322e-02 9.970801882445812225e-03 3.429871425032615662e-02 4.961195215582847595e-02 1.910236477851867676e-02 4.345349594950675964e-02 4.823588207364082336e-02 1.608103699982166290e-02 3.462191671133041382e-02 4.525081440806388855e-02 2.310562506318092346e-02 9.374571032822132111e-03 1.529585011303424835e-02 4.728463664650917053e-02 5.516422679647803307e-04 4.762234538793563843e-02 2.286070957779884338e-02 1.351315807551145554e-02 5.933864042162895203e-02 4.242523387074470520e-02 5.138715356588363647e-02 4.891982302069664001e-02 4.099574312567710876e-02 4.332118108868598938e-02 9.614038281142711639e-03 3.987198323011398315e-02 8.749271742999553680e-03 7.480017840862274170e-03 3.823376819491386414e-02 4.448614490684121847e-04 6.831921171396970749e-03 1.727920398116111755e-02 3.170592710375785828e-02 3.280821442604064941e-02 9.923183359205722809e-03 1.273858081549406052e-02 8.177334442734718323e-03 2.517785131931304932e-02 6.428669672459363937e-03 7.826632261276245117e-02 9.925905615091323853e-02 4.607459902763366699e-02 8.368468843400478363e-03 4.631433635950088501e-03 1.417441666126251221e-02 3.478508815169334412e-02 3.777922317385673523e-02 3.876414522528648376e-02 2.503582509234547615e-03 3.372125327587127686e-02 3.981589153409004211e-02 3.493320429697632790e-03 1.550164632499217987e-02 3.240657597780227661e-02 1.910589635372161865e-03 4.256615787744522095e-02 9.734722785651683807e-03 3.226236999034881592e-02 5.395390465855598450e-02 4.858553037047386169e-02 6.798830348998308182e-03 2.355346083641052246e-02 3.960962966084480286e-02 1.098938565701246262e-02 1.495392154902219772e-02 4.798115789890289307e-02 4.737808927893638611e-02 4.851685464382171631e-02 4.219064116477966309e-02 2.095352485775947571e-02 5.118156969547271729e-02 2.343946136534214020e-02 2.940730378031730652e-02 9.125418961048126221e-03 2.836351469159126282e-02 3.669166564941406250e-02 1.853621937334537506e-02 4.525712877511978149e-02 3.647416085004806519e-02 8.854269981384277344e-03 2.141455002129077911e-02 5.220238119363784790e-02 4.818770568817853928e-03 6.445972621440887451e-02 1.887854747474193573e-02 9.393797069787979126e-02 6.565912626683712006e-04 1.496953330934047699e-02 4.590757191181182861e-02 2.599202096462249756e-02 3.069562651216983795e-02 1.709690876305103302e-02 2.248753421008586884e-02 1.900864578783512115e-02 2.252685651183128357e-02 9.720526286400854588e-04 8.875870145857334137e-03 3.100820071995258331e-02 2.176272496581077576e-02 3.947244584560394287e-02 9.602363221347332001e-03 1.019468717277050018e-02 3.698708117008209229e-02 1.022420008666813374e-03 6.292311009019613266e-03 8.341762237250804901e-03 1.407142821699380875e-02 6.500714924186468124e-03 1.772602088749408722e-02
3.405729308724403381e-02 9.847094304859638214e-03 1.167238876223564148e-01 5.078980233520269394e-03 1.720884069800376892e-02 2.999165840446949005e-02 1.584764942526817322e-02 5.219141244888305664e-01 2.906301245093345642e-02 4.343906790018081665e-02 2.745475992560386658e-02 3.387016430497169495e-02 2.049054764211177826e-02 2.953782677650451660e-03 5.426897481083869934e-02 2.257188037037849426e-02 3.129871189594268799e-02 2.327347174286842346e-02 1.382685638964176178e-02 3.586683049798011780e-02 2.632295945659279823e-03 1.820673048496246338e-02 2.154862508177757263e-02 4.848439618945121765e-02 2.026253007352352142e-02 3.307319059967994690e-02 2.969687618315219879e-02 1.404233393259346485e-03 1.807903125882148743e-02 5.669418722391128540e-03 4.710374400019645691e-03 1.627801731228828430e-02 8.796554990112781525e-03 3.226767852902412415e-02 3.349117189645767212e-02 2.261021547019481659e-02 4.685741383582353592e-03 1.606863737106323242e-02 2.959469333291053772e-02 2.502455189824104309e-02 4.684809222817420959e-02 3.726277872920036316e-02 3.046829439699649811e-02 5.104562640190124512e-02 1.020947191864252090e-02 2.936766110360622406e-02 2.473550476133823395e-02 5.087808147072792053e-02 3.472494659945368767e-03 1.346470974385738373e-02 1.763364300131797791e-02 1.873008534312248230e-02 8.572440594434738159e-03 1.840729452669620514e-02 4.126737825572490692e-03 2.124744653701782227e-02 3.964578732848167419e-03 6.984213832765817642e-03 7.612373214215040207e-03 8.221794851124286652e-03 1.166885904967784882e-02 3.068196214735507965e-02 6.089894566684961319e-03 4.841198213398456573e-03 5.381520092487335205e-02 8.482744917273521423e-03 4.847821965813636780e-02 2.893742173910140991e-03 1.949047483503818512e-02 7.261202670633792877e-03 6.033312529325485229e-03 3.848006948828697205e-02 1.377910189330577850e-02 1.923703029751777649e-02 4.769949708133935928e-03 1.661282032728195190e-02 1.300865784287452698e-02 2.732167253270745277e-03 1.444995775818824768e-02 3.758883476257324219e-02 9.408657997846603394e-02 8.751555532217025757e-02 6.500375922769308090e-03 1.700739562511444092e-02 4.651001840829849243e-02 2.956035081297159195e-03 6.888376921415328979e-02 5.639348924160003662e-02 2.541602775454521179e-02 2.113920403644442558e-03 5.909511819481849670e-03 3.252140432596206665e-02 3.756425902247428894e-02 2.807069756090641022e-02 3.475891053676605225e-02 2.487332560122013092e-02 2.613726444542407990e-02 2.580693922936916351e-02 4.846046119928359985e-02 2.374035678803920746e-02 3.497830033302307129e-02 2.285160683095455170e-02 4.732525348663330078e-02 6.992607377469539642e-03 8.550352067686617374e-04 1.357225608080625534e-02 1.845897734165191650e-02 4.483212158083915710e-02 2.199530042707920074e-02 4.804150387644767761e-02 1.148977223783731461e-02 1.066787820309400558e-02 7.247123867273330688e-04 9.128819219768047333e-03 2.965462580323219299e-02 1.517601963132619858e-02
1.400033384561538696e-02 4.090885445475578308e-02 4.123822972178459167e-02 2.448308654129505157e-02 3.394669666886329651e-02 3.944852948188781738e-02 9.970801882445812225e-03 2.906301245093345642e-02 5.283879041671752930e-01 4.024757444858551025e-02 3.687482327222824097e-02 2.725274488329887390e-02 4.967498406767845154e-02 5.104346945881843567e-02 1.062124501913785934e-02 7.418793439865112305e-02 7.259912788867950439e-02 4.883848503232002258e-02 4.634549841284751892e-02 4.816607758402824402e-02 1.090068463236093521e-02 6.448842119425535202e-03 9.730629622936248779e-03 1.553476229310035706e-02 1.227715145796537399e-02 2.875668741762638092e-02 1.176325138658285141e-02 5.226340144872665405e-02 2.673658914864063263e-02 4.981956630945205688e-02 2.343850769102573395e-02 3.936877846717834473e-02 4.467667266726493835e-02 5.905508529394865036e-03 8.972112089395523071e-03 4.443639516830444336e-02 3.821836039423942566e-02 4.074865486472845078e-03 3.204884007573127747e-02 2.080273069441318512e-02 3.217403963208198547e-02 2.493434213101863861e-02 3.727369010448455811e-02 4.409201070666313171e-02 2.178991399705410004e-02 5.213264003396034241e-02 4.018635302782058716e-02 4.856647178530693054e-02 1.105759199708700180e-02 1.188165275380015373e-03 6.002296134829521179e-02 4.439255595207214355e-02 2.025172486901283264e-02 1.392562221735715866e-02 1.768669672310352325e-02 6.598818581551313400e-03 1.599868014454841614e-02 2.149566821753978729e-02 3.140121931210160255e-03 4.646901041269302368e-02 2.976961433887481689e-02 2.645030617713928223e-02 4.108373075723648071e-02 3.563045337796211243e-02 1.969193480908870697e-02 1.920338952913880348e-03 2.075103856623172760e-02 3.839028626680374146e-02 7.161433249711990356e-02 2.481083758175373077e-02 6.921217427588999271e-04 1.268926821649074554e-02 4.363994114100933075e-03 4.743678495287895203e-02 2.187982574105262756e-02 4.898170381784439087e-02 8.930305391550064087e-02 5.759072676301002502e-02 1.014416515827178955e-01 2.202390506863594055e-02 4.593458399176597595e-02 3.410842269659042358e-02 2.818269096314907074e-02 2.634283527731895447e-02 2.736978605389595032e-02 2.150480821728706360e-02 1.675290870480239391e-03 1.370092760771512985e-02 4.470629990100860596e-02 6.300739012658596039e-03 4.530400782823562622e-02 4.367747530341148376e-02 3.643430024385452271e-02 1.588099636137485504e-02 4.342749714851379395e-02 3.303368762135505676e-02 4.386577010154724121e-02 1.194491889327764511e-02 8.124060928821563721e-03 1.660756580531597137e-02 2.656890545040369034e-03 2.890311740338802338e-02 2.694326825439929962e-02 4.895583540201187134e-02 5.060221999883651733e-02 3.252902254462242126e-02 3.032262064516544342e-02 2.008016221225261688e-02 2.524696756154298782e-03 1.751960255205631256e-02 2.966250851750373840e-02 3.968535363674163818e-02 4.908188059926033020e-02 3.718192130327224731e-02 2.787691541016101837e-02 2.408442460000514984e-02
4.706382378935813904e-02 4.978670179843902588e-02 6.347919348627328873e-03 3.802108764648437500e-02 5.471054837107658386e-02 2.151222899556159973e-02 3.429871425032615662e-02 4.343906790018081665e-02 4.024757444858551025e-02 5.270547866821289062e-01 4.312544688582420349e-02 2.007015049457550049e-02 8.298836648464202881e-03 5.035802349448204041e-02 3.876426443457603455e-02 4.562295228242874146e-02 5.640023946762084961e-02 2.674679085612297058e-02 3.910076990723609924e-02 1.454436499625444412e-02 3.197117894887924194e-02 3.013566881418228149e-02 2.922860160470008850e-02 4.339142516255378723e-02 4.339432343840599060e-03 1.964213140308856964e-02 3.700090572237968445e-02 1.299651619046926498e-02 2.952229231595993042e-02 8.221002295613288879e-03 3.140871226787567139e-02 1.580557972192764282e-02 3.030988946557044983e-02 6.779894232749938965e-02 5.806167796254158020e-02 4.228957404848188162e-04 1.601521112024784088e-02 3.704751655459403992e-02 4.764637351036071777e-02 2.244890900328755379e-03 2.042669989168643951e-02 1.127634942531585693e-02 4.954361543059349060e-02 1.364383287727832794e-02 8.384708315134048462e-03 5.605150479823350906e-03 4.895579442381858826e-02 2.069411985576152802e-02 2.471054345369338989e-02 4.516297206282615662e-02 7.466960232704877853e-03 5.013240501284599304e-03 2.058260887861251831e-02 1.662731915712356567e-02 2.920619398355484009e-02 4.247914999723434448e-02 3.996912762522697449e-02 3.586351871490478516e-02 9.548952803015708923e-03 2.287759073078632355e-02 4.757539927959442139e-02 6.310384720563888550e-02 1.575018465518951416e-02 2.897092141211032867e-03 2.406619489192962646e-02 7.857242599129676819e-03 7.693841308355331421e-02 1.881549833342432976e-03 4.860124364495277405e-02 1.627705805003643036e-02 3.773614391684532166e-02 2.664439380168914795e-02 5.421907082200050354e-02 3.114253282546997070e-02 4.694409668445587158e-02 4.182849079370498657e-02 5.609187763184309006e-03 7.360167801380157471e-02 3.091786056756973267e-02 9.845895320177078247e-02 4.388044402003288269e-02 1.700850576162338257e-02 1.523165311664342880e-02 1.659195125102996826e-02 4.541390761733055115e-02 2.586167305707931519e-02 4.743093624711036682e-02 6.564022507518529892e-03 1.392633188515901566e-02 8.118654601275920868e-03 4.639810696244239807e-02 1.806896924972534180e-02 4.617966245859861374e-03 1.013415120542049408e-02 6.217224057763814926e-03 6.447149068117141724e-02 3.974000364542007446e-02 2.932549454271793365e-02 2.209215890616178513e-03 3.428167849779129028e-02 1.033689081668853760e-02 2.953215269371867180e-03 1.290990621782839298e-03 2.792415767908096313e-02 3.875669091939926147e-02 1.861029304563999176e-02 2.413569390773773193e-02 1.469899248331785202e-02 6.036803126335144043e-03 1.716485421638935804e-04 4.752980917692184448e-02 5.351547896862030029e-02 3.045922145247459412e-02 1.228047441691160202e-02 1.700605265796184540e-02 1.212532259523868561e-02
8.362874388694763184e-02 8.734894543886184692e-02 9.744756855070590973e-03 2.745928056538105011e-02 1.587786339223384857e-02 3.663799539208412170e-02 4.961195215582847595e-02 2.745475992560386658e-02 3.687482327222824097e-02 4.312544688582420349e-02 5.372350811958312988e-01 2.391644567251205444e-02 8.755111694335937500e-02 9.784528985619544983e-03 2.344925515353679657e-02 4.032571613788604736e-02 4.566150251775979996e-03 3.835860267281532288e-02 4.624479636549949646e-02 2.392229624092578888e-02 4.891736060380935669e-02 2.367901429533958435e-02 3.451961651444435120e-02 2.324198931455612183e-02 2.345245145261287689e-02 1.113456673920154572e-02 1.305654738098382950e-02 3.974375128746032715e-02 1.193929463624954224e-02 4.785422235727310181e-02 2.523803152143955231e-02 1.576147414743900299e-02 1.778042130172252655e-02 1.702074706554412842e-02 2.910702303051948547e-02 1.358716469258069992e-02 1.403134409338235855e-02 1.571035012602806091e-02 5.226849578320980072e-03 3.362862858921289444e-03 2.259128354489803314e-02 4.531131125986576080e-04 3.960068337619304657e-03 4.807448387145996094e-02 6.394012831151485443e-03 9.403069270774722099e-05 5.786277353763580322e-02 6.720366422086954117e-03 5.918285343796014786e-03 2.471396513283252716e-02 1.491781603544950485e-02 1.584417559206485748e-02 4.016286507248878479e-02 3.574205935001373291e-02 8.949544280767440796e-03 1.235476881265640259e-02 1.312388852238655090e-02 3.845831006765365601e-02 3.914655186235904694e-03 1.037505827844142914e-02 4.803429171442985535e-02 1.664802245795726776e-02 2.710828185081481934e-02 5.189848598092794418e-04 4.559619352221488953e-02 3.462821990251541138e-02 8.095805533230304718e-03 3.634839132428169250e-02 2.593961544334888458e-02 3.956993669271469116e-02 1.580727100372314453e-02 1.716943271458148956e-02 5.185059830546379089e-02 3.657429292798042297e-02 4.917280748486518860e-02 4.266045242547988892e-02 4.686745628714561462e-02 1.770692691206932068e-02 4.299383237957954407e-02 3.810825943946838379e-02 4.633478354662656784e-03 1.611445657908916473e-02 3.978943079710006714e-02 2.453826554119586945e-02 7.003628998063504696e-04 5.035964027047157288e-02 2.247380651533603668e-02 1.346839312463998795e-02 8.703940548002719879e-04 5.818706378340721130e-02 1.575160771608352661e-02 4.281270876526832581e-02 3.430672362446784973e-02 3.727073594927787781e-02 2.848593518137931824e-02 1.192976348102092743e-02 3.343022987246513367e-02 2.073067799210548401e-02 4.547009989619255066e-02 4.635401070117950439e-02 7.853298448026180267e-03 2.405704744160175323e-02 3.218631446361541748e-02 1.791790872812271118e-02 1.626284234225749969e-02 4.013797733932733536e-03 1.546405605040490627e-03 2.553217858076095581e-02 1.989232189953327179e-02 2.656833268702030182e-03 4.902005940675735474e-02 3.147560730576515198e-02 1.897331513464450836e-02 2.225403673946857452e-02 1.737380586564540863e-02 3.179387748241424561e-02
3.825059533119201660e-02 2.366804145276546478e-02 8.837073110044002533e-03 1.962368562817573547e-02 2.771731466054916382e-02 5.958620831370353699e-02 1.910236477851867676e-02 3.387016430497169495e-02 2.725274488329887390e-02 2.007015049457550049e-02 2.391644567251205444e-02 5.340682864189147949e-01 1.389738172292709351e-02 5.956872552633285522e-02 6.237071473151445389e-03 3.577435389161109924e-02 2.265959978103637695e-02 6.644073408097028732e-03 5.137382075190544128e-03 1.722594909369945526e-02 2.059101872146129608e-02 1.362831331789493561e-02 9.656394831836223602e-03 2.321695163846015930e-02 1.195489428937435150e-02 3.518652915954589844e-02 3.990104794502258301e-02 4.651226103305816650e-02 2.752263844013214111e-02 4.337890446186065674e-02 3.005696274340152740e-02 1.933429948985576630e-02 1.806172728538513184e-02 2.466529421508312225e-02 2.008493058383464813e-02 3.027404099702835083e-02 2.844219841063022614e-02 1.090664230287075043e-02 1.119726616889238358e-02 2.971094287931919098e-02 4.576300084590911865e-02 3.453677892684936523e-02 5.003141984343528748e-02 5.203106626868247986e-02 4.980134591460227966e-02 2.289136499166488647e-02 4.575901851058006287e-02 4.328164830803871155e-02 4.175437614321708679e-03 2.643863670527935028e-02 2.816198207437992096e-02 7.437955588102340698e-03 1.568598113954067230e-02 7.442358415573835373e-03 8.759321644902229309e-03 4.600175097584724426e-02 1.601046696305274963e-02 4.485797137022018433e-02 1.346437726169824600e-02 1.679215021431446075e-02 8.127569220960140228e-03 2.168854884803295135e-02 1.753541454672813416e-02 1.297217793762683868e-02 2.626499533653259277e-02 6.955220364034175873e-03 4.777571558952331543e-02 8.982264436781406403e-03 1.378318760544061661e-02 2.419303171336650848e-02 4.193805216345936060e-04 7.822511717677116394e-03 1.405791752040386200e-02 3.102318570017814636e-02 1.030165329575538635e-02 1.022225432097911835e-02 3.545675799250602722e-02 7.480896310880780220e-04 4.719501733779907227e-02 5.945424083620309830e-03 2.518951892852783203e-02 2.061288990080356598e-02 1.286422368139028549e-02 2.912626368924975395e-03 5.224913731217384338e-02 4.541544616222381592e-02 9.880213765427470207e-04 1.794761978089809418e-03 1.495354715734720230e-02 1.648937538266181946e-02 4.177227616310119629e-02 1.671534776687622070e-02 2.242416329681873322e-02 4.713285714387893677e-02 5.053214728832244873e-02 4.143516998738050461e-03 2.516086585819721222e-02 4.912480711936950684e-02 5.383314937353134155e-02 3.889877349138259888e-02 2.687607705593109131e-02 4.692366346716880798e-02 3.675434365868568420e-02 2.343960851430892944e-02 1.202550251036882401e-02 2.995192538946866989e-03 1.509196776896715164e-02 4.192382842302322388e-02 3.783477842807769775e-02 2.665692567825317383e-02 1.285845506936311722e-02 7.163650589063763618e-04 2.472854405641555786e-02 2.357605844736099243e-02 1.167471893131732941e-02 1.570127718150615692e-02
9.169301390647888184e-02 1.006160303950309753e-01 9.746390394866466522e-03 4.977925866842269897e-02 2.726528234779834747e-02 3.026946820318698883e-02 4.345349594950675964e-02 2.049054764211177826e-02 4.967498406767845154e-02 8.298836648464202881e-03 8.755111694335937500e-02 1.389738172292709351e-02 5.294696688652038574e-01 2.602279186248779297e-02 4.343624040484428406e-02 1.595346257090568542e-02 4.125831648707389832e-03 1.481440383940935135e-02 3.437089547514915466e-02 1.455069892108440399e-02 4.507485777139663696e-02 1.959289889782667160e-03 2.181047946214675903e-02 4.938294738531112671e-02 1.990542747080326080e-02 8.339828928001224995e-04 4.206093493849039078e-03 2.651336602866649628e-02 2.721249312162399292e-02 2.125228568911552429e-02 1.192043814808130264e-02 9.199426509439945221e-03 2.573259733617305756e-02 1.564369909465312958e-02 5.269729346036911011e-02 1.393768191337585449e-02 1.078819390386343002e-02 6.137482076883316040e-02 1.207671221345663071e-02 7.502636872231960297e-03 4.639231041073799133e-02 1.386838871985673904e-02 2.328224107623100281e-02 4.215919226408004761e-02 9.779867716133594513e-03 1.558977738022804260e-02 4.755670949816703796e-02 1.581066288053989410e-02 2.278569526970386505e-02 4.577280580997467041e-02 8.239259943366050720e-03 2.703552506864070892e-02 4.039018228650093079e-02 4.835359752178192139e-02 8.795041590929031372e-03 4.540325701236724854e-02 2.313140220940113068e-02 6.737306714057922363e-03 9.725275449454784393e-03 2.840421907603740692e-02 3.450092300772666931e-02 4.338846728205680847e-02 3.435804694890975952e-02 1.232181675732135773e-02 3.119913674890995026e-02 2.356979437172412872e-02 2.906437776982784271e-02 4.669440910220146179e-02 3.033768944442272186e-02 1.450564619153738022e-02 5.806573480367660522e-02 5.103600397706031799e-02 3.607165813446044922e-02 1.769504323601722717e-02 3.088632412254810333e-02 3.502419963479042053e-02 4.887007176876068115e-02 5.214074160903692245e-03 3.170328214764595032e-02 8.189452812075614929e-03 2.029658481478691101e-02 1.530774496495723724e-02 3.556595742702484131e-02 4.072529450058937073e-02 2.677563764154911041e-02 3.850851207971572876e-02 1.888821460306644440e-02 2.088231034576892853e-02 1.932963170111179352e-02 1.008852384984493256e-02 1.762565411627292633e-02 3.361612185835838318e-02 4.984270315617322922e-03 6.114000454545021057e-02 4.962041974067687988e-02 4.039248917251825333e-03 2.151812613010406494e-02 9.908853098750114441e-03 6.047841161489486694e-02 3.883026540279388428e-02 4.044314473867416382e-02 3.307956457138061523e-02 8.292535319924354553e-03 5.701718851923942566e-02 1.356768421828746796e-02 8.720395155251026154e-03 2.247836999595165253e-02 2.940574102103710175e-02 3.117895685136318207e-02 3.720713406801223755e-02 3.247459186241030693e-03 8.434331044554710388e-03 2.920980565249919891e-02 2.386420220136642456e-02 1.762014068663120270e-02 2.884395606815814972e-02
