4.485799372196197510e-01 1.669756025075912476e-01 3.478802368044853210e-02 3.296684473752975464e-02 3.212429583072662354e-02 2.344340458512306213e-02 3.249478526413440704e-03 1.716446876525878906e-02 7.696148939430713654e-03 1.397227402776479721e-02 3.123284131288528442e-02 1.536644436419010162e-02 3.248208388686180115e-02 3.052466362714767456e-02 3.872283035889267921e-03 4.431413486599922180e-02 1.486673951148986816e-02 6.417540460824966431e-02 3.882158547639846802e-03 1.444090064615011215e-02 5.810210481286048889e-03 3.779512271285057068e-02 4.096722975373268127e-02 3.928397595882415771e-02 2.152168564498424530e-02 2.052948065102100372e-02 2.419629693031311035e-02 2.033776789903640747e-02 1.549702137708663940e-02 4.280612990260124207e-02 8.119682781398296356e-03 5.128689482808113098e-02 4.380125552415847778e-02 1.763949915766716003e-02 1.785514876246452332e-02 1.207649987190961838e-02 4.255100619047880173e-03 1.337408088147640228e-02 1.232362817972898483e-02 8.311550132930278778e-03 1.720394380390644073e-02 7.229654584079980850e-03 1.783804222941398621e-02 1.136304903775453568e-02 2.144794724881649017e-02 3.037043288350105286e-02 1.828201115131378174e-02 4.744811728596687317e-02 2.100202813744544983e-02 3.118745051324367523e-02 1.385209523141384125e-02 5.465591792017221451e-03 1.765150343999266624e-03 4.924699664115905762e-02 1.488836482167243958e-02 1.836437731981277466e-02 1.401405781507492065e-02 2.735891938209533691e-02 5.513294413685798645e-02 5.364995077252388000e-02 4.004016146063804626e-02 8.328502066433429718e-03 3.906566649675369263e-02 1.658947393298149109e-02 7.294521480798721313e-02 5.523791909217834473e-02 4.675133153796195984e-02 2.278034761548042297e-02 1.342208124697208405e-02 2.272624894976615906e-02 9.332485496997833252e-04 4.855956509709358215e-02 3.807147592306137085e-02 4.950938373804092407e-02 2.577394247055053711e-02 8.535630069673061371e-03 4.308460652828216553e-02 3.196787834167480469e-02 1.552333217114210129e-02 8.404965512454509735e-03 3.484840318560600281e-02 6.643387675285339355e-02 1.455433573573827744e-02 2.903514541685581207e-02 3.074526600539684296e-02 1.898992806673049927e-02 2.195319719612598419e-02 2.869722805917263031e-02 1.906435005366802216e-02 1.703789271414279938e-02 3.413560986518859863e-02 1.690645888447761536e-02 1.444367133080959320e-02 1.248079538345336914e-02 1.981586776673793793e-02 4.905144870281219482e-02 2.437916398048400879e-02 3.740135580301284790e-02 5.124379321932792664e-02 3.199321031570434570e-02 4.032427817583084106e-02 5.608761683106422424e-02 2.276871539652347565e-02 9.879374876618385315e-03 4.687172919511795044e-02 4.556715115904808044e-02 3.774394467473030090e-02 1.331540383398532867e-02 2.861298993229866028e-02 3.278900310397148132e-02 1.896642846986651421e-03 1.482695434242486954e-02 3.757929801940917969e-02 2.432239055633544922e-02 2.930517122149467468e-02 2.664781361818313599e-02
1.669756025075912476e-01 4.436633586883544922e-01 1.456477027386426926e-02 2.493513375520706177e-02 1.666314527392387390e-02 6.452497839927673340e-02 1.618829667568206787e-01 5.483673885464668274e-03 1.279985159635543823e-02 2.514779940247535706e-02 1.919888332486152649e-02 3.262435086071491241e-03 1.692363806068897247e-02 1.014025695621967316e-02 3.710472024977207184e-03 2.940983325242996216e-02 2.186096739023923874e-03 7.486046105623245239e-02 1.063669007271528244e-02 2.035061269998550415e-02 3.372547775506973267e-02 1.288812607526779175e-02 1.070209685713052750e-02 2.698495797812938690e-02 2.677805162966251373e-02 3.560324013233184814e-02 1.535936840809881687e-03 1.364204683341085911e-03 6.488449126482009888e-02 1.443705148994922638e-02 1.004304550588130951e-02 2.308322675526142120e-02 3.633958846330642700e-02 4.821728542447090149e-02 2.089599519968032837e-02 2.798214927315711975e-02 2.437769435346126556e-02 6.726197898387908936e-04 4.154846072196960449e-02 3.051140811294317245e-03 4.810253158211708069e-04 3.438616916537284851e-02 1.277630403637886047e-02 1.277497317641973495e-02 1.670675352215766907e-02 5.333675444126129150e-02 2.079386264085769653e-03 3.836525976657867432e-02 1.015067938715219498e-02 3.197519108653068542e-02 1.694384962320327759e-03 2.721934346482157707e-03 3.323933109641075134e-02 3.484119847416877747e-02 1.532179769128561020e-02 3.714941814541816711e-02 4.191341809928417206e-03 4.672963172197341919e-02 8.079272694885730743e-03 2.878632582724094391e-02 1.691910251975059509e-02 3.785569593310356140e-02 8.486712351441383362e-03 5.324557423591613770e-02 6.723491847515106201e-02 3.017287235707044601e-03 5.938625894486904144e-03 2.471460029482841492e-02 4.837077856063842773e-02 2.527020499110221863e-02 6.666840519756078720e-03 3.405871242284774780e-02 2.131873182952404022e-02 1.119366846978664398e-02 2.782784216105937958e-02 4.406749457120895386e-02 9.203575551509857178e-02 4.925805330276489258e-02 7.780225714668631554e-04 4.084050282835960388e-02 1.270601339638233185e-02 3.617842867970466614e-02 4.692438989877700806e-02 4.046670347452163696e-02 1.762035116553306580e-02 3.297559544444084167e-02 1.569565571844577789e-02 3.855858743190765381e-02 3.655432164669036865e-02 4.348538815975189209e-02 1.662199571728706360e-02 1.574526354670524597e-02 3.806095570325851440e-02 1.474659238010644913e-02 1.877237670123577118e-02 3.576437011361122131e-02 9.942631237208843231e-03 4.812432080507278442e-02 4.062919877469539642e-03 1.888478361070156097e-02 1.957856491208076477e-02 1.305078528821468353e-02 4.637860693037509918e-03 4.777873866260051727e-03 7.869337685406208038e-03 3.330406174063682556e-02 5.036860704421997070e-03 3.040825575590133667e-02 1.349519938230514526e-02 3.032604977488517761e-02 1.248249411582946777e-02 6.672126241028308868e-03 3.355650929734110832e-03 1.361874490976333618e-02 5.088485404849052429e-02 3.446673974394798279e-03
3.478802368044853210e-02 1.456477027386426926e-02 4.688948392868041992e-01 4.183284565806388855e-02 1.077723130583763123e-02 2.709499001502990723e-02 1.258055213838815689e-02 1.316542625427246094e-01 7.972229272127151489e-03 5.804231017827987671e-02 1.105544064193964005e-02 1.660674624145030975e-02 4.746570438146591187e-02 8.066049776971340179e-03 4.178455844521522522e-02 6.345545407384634018e-03 4.735026508569717407e-02 9.046969935297966003e-03 9.887859225273132324e-03 1.920112594962120056e-02 1.282825786620378494e-02 6.168197095394134521e-02 3.664157539606094360e-02 1.954503729939460754e-02 7.118288893252611160e-03 6.397763732820749283e-03 1.827766373753547668e-02 4.681142047047615051e-02 2.020832151174545288e-02 4.659217968583106995e-02 1.436870265752077103e-02 5.142940580844879150e-02 1.769519411027431488e-02 4.049719497561454773e-02 8.950272575020790100e-03 2.732254937291145325e-02 2.143241278827190399e-02 3.612267225980758667e-02 4.453980922698974609e-02 1.043221261352300644e-02 3.995971754193305969e-03 4.425463452935218811e-02 4.196441173553466797e-02 6.348188966512680054e-02 4.796215519309043884e-02 2.453569695353507996e-02 2.298117429018020630e-02 4.767967760562896729e-02 3.949072957038879395e-02 2.722425758838653564e-02 4.823123663663864136e-02 1.649634353816509247e-02 3.640567511320114136e-02 1.603388041257858276e-02 3.155905008316040039e-02 2.697410620748996735e-02 3.855618089437484741e-02 4.404039680957794189e-02 2.362296730279922485e-02 4.895166307687759399e-02 3.818121179938316345e-02 3.619485720992088318e-02 1.393663603812456131e-02 1.255596056580543518e-02 1.905058138072490692e-02 2.027693949639797211e-02 4.368193075060844421e-02 1.597910001873970032e-02 8.152759633958339691e-03 2.197663998231291771e-03 5.085318908095359802e-02 7.460969034582376480e-03 1.947116106748580933e-02 2.602547779679298401e-02 2.044370584189891815e-02 1.091609336435794830e-02 1.789247244596481323e-02 2.995115518569946289e-02 1.453529112040996552e-02 4.996600747108459473e-02 1.508819013833999634e-01 9.881792217493057251e-02 2.619833219796419144e-03 4.025775939226150513e-02 1.590264402329921722e-02 3.828355669975280762e-02 1.048840209841728210e-01 5.306977033615112305e-02 6.458306685090065002e-03 9.031167253851890564e-03 3.053681366145610809e-02 2.633163146674633026e-02 2.522944938391447067e-03 3.105527721345424652e-02 1.044493541121482849e-02 2.868132852017879486e-02 2.343473024666309357e-02 6.505000637844204903e-04 2.897271700203418732e-02 2.075769379734992981e-02 4.052353277802467346e-02 3.935507312417030334e-02 5.251324549317359924e-02 3.378727659583091736e-02 1.098760683089494705e-02 2.610768377780914307e-02 2.192063489928841591e-03 4.759295657277107239e-02 1.426911167800426483e-02 3.746108850464224815e-03 2.592896297574043274e-02 4.881812725216150284e-03 4.728723689913749695e-02 5.154034495353698730e-02 2.391833811998367310e-02 1.797637529671192169e-02
3.296684473752975464e-02 2.493513375520706177e-02 4.183284565806388855e-02 4.563808739185333252e-01 1.572331935167312622e-01 4.312131926417350769e-02 4.031041637063026428e-02 2.642846200615167618e-03 1.248591952025890350e-02 5.335698649287223816e-02 4.332714155316352844e-02 5.620717257261276245e-02 4.420993104577064514e-02 4.652963578701019287e-02 8.349590934813022614e-03 9.204897098243236542e-03 2.321477420628070831e-02 2.997953072190284729e-02 9.411127120256423950e-02 3.222176432609558105e-02 1.648093806579709053e-03 1.280742976814508438e-02 7.952936924993991852e-03 3.101206757128238678e-02 6.459563039243221283e-03 5.916016642004251480e-03 4.559231922030448914e-02 6.760281510651111603e-03 4.331176634877920151e-03 2.465219050645828247e-02 3.217779099941253662e-02 9.262795560061931610e-03 1.822195388376712799e-02 4.764025565236806870e-03 4.546411335468292236e-02 1.138470252044498920e-03 4.218230769038200378e-02 3.998115134891122580e-04 1.131917983293533325e-01 7.355345785617828369e-02 3.282492607831954956e-02 3.605934605002403259e-02 4.415161162614822388e-02 4.333430901169776917e-02 4.213094338774681091e-02 3.615087596699595451e-03 4.754609987139701843e-02 9.892297908663749695e-03 3.146982565522193909e-02 4.075089097023010254e-02 5.674993153661489487e-03 8.188815787434577942e-03 2.641933970153331757e-02 3.080330602824687958e-02 1.740335114300251007e-02 4.738712683320045471e-02 2.360568009316921234e-02 3.340509161353111267e-02 7.974249869585037231e-02 1.052461937069892883e-02 3.247421607375144958e-02 1.501281466335058212e-02 3.429491445422172546e-02 9.035821072757244110e-03 6.140786036849021912e-02 1.496817916631698608e-02 1.690782979130744934e-02 3.043058887124061584e-02 2.424237318336963654e-03 4.525852948427200317e-02 2.458635251969099045e-03 3.245728090405464172e-03 6.799665093421936035e-02 1.173512451350688934e-02 1.471563242375850677e-02 7.347905077040195465e-03 3.242827206850051880e-02 1.854321174323558807e-02 5.047336453571915627e-04 3.047680482268333435e-02 4.090818017721176147e-02 1.755684497766196728e-03 7.751036435365676880e-03 4.443359375000000000e-02 2.069787122309207916e-02 4.130683373659849167e-03 4.286166653037071228e-02 5.478265509009361267e-02 1.388774905353784561e-02 1.562774926424026489e-02 4.412882775068283081e-02 3.146224655210971832e-03 4.159587621688842773e-02 2.330644428730010986e-02 4.639199748635292053e-02 5.066657438874244690e-03 2.970474213361740112e-02 2.852314210031181574e-04 3.625255823135375977e-02 4.255797713994979858e-02 3.739253431558609009e-02 3.053166158497333527e-02 3.328342363238334656e-02 1.257981173694133759e-03 2.924937987700104713e-03 2.215360477566719055e-02 3.852528519928455353e-03 2.765466459095478058e-02 1.467588078230619431e-02 1.063701603561639786e-02 3.746654838323593140e-02 2.919219620525836945e-02 3.600540012121200562e-02 2.561141923069953918e-02 2.806854806840419769e-02 7.741213310509920120e-03
3.212429583072662354e-02 1.666314527392387390e-02 1.077723130583763123e-02 1.572331935167312622e-01 4.475477635860443115e-01 3.919409215450286865e-02 3.203896060585975647e-02 3.305476158857345581e-02 2.489251550287008286e-03 2.411219524219632149e-03 1.665179035626351833e-03 4.479025024920701981e-03 4.168329015374183655e-02 2.696003764867782593e-03 5.072213825769722462e-04 1.691983267664909363e-02 3.978294879198074341e-02 3.562444821000099182e-02 4.159282147884368896e-02 4.732569679617881775e-02 3.369715809822082520e-02 4.603636264801025391e-02 1.087656710296869278e-02 4.222474992275238037e-02 2.266900986433029175e-02 3.636600077152252197e-02 4.289040341973304749e-02 4.575679823756217957e-02 5.951295606791973114e-03 2.154420502483844757e-02 5.170802772045135498e-02 2.424100413918495178e-02 4.172291606664657593e-02 4.947496950626373291e-02 1.892786845564842224e-02 7.215890567749738693e-03 4.880009219050407410e-02 8.514977060258388519e-03 7.285957783460617065e-02 1.293239295482635498e-01 3.460884839296340942e-02 3.063469007611274719e-02 3.227148577570915222e-02 4.293578863143920898e-02 4.252404719591140747e-02 1.875290088355541229e-02 2.874058298766613007e-02 3.715597093105316162e-03 2.761515090242028236e-03 1.855192892253398895e-02 5.588389001786708832e-03 2.592312544584274292e-02 1.261144131422042847e-02 3.339880332350730896e-02 4.067622497677803040e-02 2.722934074699878693e-02 3.695860877633094788e-02 1.032082131132483482e-03 9.258049726486206055e-02 5.214697122573852539e-02 3.544328501448035240e-03 1.468318141996860504e-02 3.591505810618400574e-03 2.469726093113422394e-02 6.320467591285705566e-02 2.324330620467662811e-02 1.948219723999500275e-02 3.136543929576873779e-02 5.543188191950321198e-03 3.290254250168800354e-02 1.944118924438953400e-02 1.887799613177776337e-02 5.555937439203262329e-02 2.283928170800209045e-02 7.175353169441223145e-02 2.038387395441532135e-02 1.962648518383502960e-02 1.131644379347562790e-02 3.219648823142051697e-02 2.711115172132849693e-03 2.067326754331588745e-02 1.264960318803787231e-02 1.986310817301273346e-02 8.126825094223022461e-02 2.132213115692138672e-02 4.444117657840251923e-03 3.687950782477855682e-03 4.506457969546318054e-02 4.200443625450134277e-02 1.106350217014551163e-02 5.529168620705604553e-02 6.318389903753995895e-03 1.615446805953979492e-02 1.380673260428011417e-03 4.251298494637012482e-03 8.640254847705364227e-03 5.918327253311872482e-03 4.934885725378990173e-02 3.500234708189964294e-02 3.619565069675445557e-02 1.529414020478725433e-02 4.050119593739509583e-02 2.094533480703830719e-02 9.330181404948234558e-03 1.483394880779087543e-03 1.363525539636611938e-02 1.605648733675479889e-02 6.430350244045257568e-02 3.844984108582139015e-03 5.233926326036453247e-02 4.122645407915115356e-02 4.033504053950309753e-02 2.597878500819206238e-02 2.814021147787570953e-02 3.501441329717636108e-02 1.484175492078065872e-02
2.344340458512306213e-02 6.452497839927673340e-02 2.709499001502990723e-02 4.312131926417350769e-02 3.919409215450286865e-02 4.397864043712615967e-01 1.381746679544448853e-01 1.783780381083488464e-02 1.152781024575233459e-02 3.751972317695617676e-02 5.431560333818197250e-03 3.891908749938011169e-02 5.285271257162094116e-02 5.178903788328170776e-02 3.388852253556251526e-02 9.787539951503276825e-03 1.526056695729494095e-02 1.912786625325679779e-02 3.104289434850215912e-02 1.081182155758142471e-02 2.382480911910533905e-02 3.575521707534790039e-02 2.821686305105686188e-02 1.967858709394931793e-02 2.709911903366446495e-03 6.087803747504949570e-03 1.973778568208217621e-02 2.052500285208225250e-02 1.956254616379737854e-02 1.603789255023002625e-02 4.424201790243387222e-03 5.243272054940462112e-03 2.688648737967014313e-02 5.621535703539848328e-02 8.986816741526126862e-03 3.267680108547210693e-02 3.301772847771644592e-02 1.096787117421627045e-02 3.729951381683349609e-02 9.474793449044227600e-03 4.346676170825958252e-02 2.271956391632556915e-02 2.721974439918994904e-02 2.049546875059604645e-02 3.974741697311401367e-02 3.928246349096298218e-02 4.546542465686798096e-02 1.280533149838447571e-02 3.087493125349283218e-03 4.206177312880754471e-03 1.521644834429025650e-02 3.422531858086585999e-02 2.576905302703380585e-02 2.150277979671955109e-02 1.920585148036479950e-02 2.102032303810119629e-02 2.691320702433586121e-02 2.800037711858749390e-02 3.231464326381683350e-02 3.884704411029815674e-02 2.406145446002483368e-02 8.515349589288234711e-03 3.505678474903106689e-02 6.868382915854454041e-03 1.795572228729724884e-02 5.209112539887428284e-02 2.977918460965156555e-02 7.643818855285644531e-03 2.725839801132678986e-02 2.090116403996944427e-02 1.186096295714378357e-02 3.714722022414207458e-02 1.323880534619092941e-02 3.410182148218154907e-02 1.439052633941173553e-02 1.541285589337348938e-02 2.477548271417617798e-02 3.171193599700927734e-02 3.609952749684453011e-03 2.062596846371889114e-03 4.073615372180938721e-02 3.445133939385414124e-02 4.847889766097068787e-03 2.528489939868450165e-02 4.211556538939476013e-02 4.710107296705245972e-02 3.036438673734664917e-02 3.456660360097885132e-02 3.343440359458327293e-03 9.215340763330459595e-02 2.170879021286964417e-02 4.052935913205146790e-02 2.893439726904034615e-03 2.486711740493774414e-02 6.265837699174880981e-03 3.557469323277473450e-02 2.425091899931430817e-02 4.607366770505905151e-02 3.911529481410980225e-02 3.839588165283203125e-02 3.541845828294754028e-02 3.139749914407730103e-02 2.522659860551357269e-02 2.654543146491050720e-02 4.590757563710212708e-02 2.622365765273571014e-02 1.854428648948669434e-02 2.683087624609470367e-02 6.817814428359270096e-04 1.361061073839664459e-02 4.730581492185592651e-02 4.136642068624496460e-02 3.537926822900772095e-02 2.812856249511241913e-02 4.085065424442291260e-02 9.967303834855556488e-03
3.249478526413440704e-03 1.618829667568206787e-01 1.258055213838815689e-02 4.031041637063026428e-02 3.203896060585975647e-02 1.381746679544448853e-01 4.385725259780883789e-01 7.750808261334896088e-03 4.628106579184532166e-02 4.631928727030754089e-02 1.877717301249504089e-02 3.209665417671203613e-02 5.881155654788017273e-02 6.419762223958969116e-02 3.070880286395549774e-02 4.329274222254753113e-02 3.408069163560867310e-02 2.327423542737960815e-02 4.314295202493667603e-02 5.262772366404533386e-02 3.033157810568809509e-02 7.393004489131271839e-04 1.362487208098173141e-02 3.048776648938655853e-02 1.113575883209705353e-02 1.936578936874866486e-02 4.940962884575128555e-03 2.158149145543575287e-02 4.730832576751708984e-02 4.838946834206581116e-02 5.402906332165002823e-03 2.099182456731796265e-03 2.760242857038974762e-02 9.658231399953365326e-03 1.195726171135902405e-02 2.057491056621074677e-02 1.382944919168949127e-02 1.910362578928470612e-02 2.929466590285301208e-02 3.605521842837333679e-02 1.801800355315208435e-02 6.617824546992778778e-03 3.135832026600837708e-02 2.011995948851108551e-02 3.281843673903495073e-04 1.995274797081947327e-02 5.972404778003692627e-02 1.316938847303390503e-01 2.638564631342887878e-02 3.686252608895301819e-02 3.806964727118611336e-03 2.127541601657867432e-02 2.724955976009368896e-02 7.180287502706050873e-03 3.432873636484146118e-02 1.733414269983768463e-02 3.611516579985618591e-02 1.671965932473540306e-03 2.546370960772037506e-03 2.944644354283809662e-02 1.236962992697954178e-02 4.535288363695144653e-02 5.875763483345508575e-03 3.937952220439910889e-02 2.459749765694141388e-02 1.573998481035232544e-02 5.877470248378813267e-04 1.018364448100328445e-02 2.498209476470947266e-02 2.132258145138621330e-03 8.832762017846107483e-03 2.376553975045681000e-02 1.065923459827899933e-02 2.941899746656417847e-02 9.060550481081008911e-03 4.223825037479400635e-02 2.731897123157978058e-02 1.075783395208418369e-03 1.979800406843423843e-03 2.909501083195209503e-02 4.962000623345375061e-02 2.261148020625114441e-02 6.345011293888092041e-03 3.014368563890457153e-02 2.846229635179042816e-02 3.590028500184416771e-04 1.196869835257530212e-02 2.945996634662151337e-02 4.854747653007507324e-02 3.617063909769058228e-02 3.372310101985931396e-02 4.891044273972511292e-02 2.808479219675064087e-02 4.338433220982551575e-02 4.362015798687934875e-02 3.662968054413795471e-02 3.656105371192097664e-03 4.660901613533496857e-03 3.424333641305565834e-03 8.912806399166584015e-03 2.375861443579196930e-02 2.909151837229728699e-02 2.163070254027843475e-02 4.084323346614837646e-02 6.094728596508502960e-03 4.139176756143569946e-02 2.528823167085647583e-02 1.467087771743535995e-02 2.087143063545227051e-02 2.434436045587062836e-02 3.283988684415817261e-02 9.011766873300075531e-03 9.522144682705402374e-03 1.852099969983100891e-02 3.745059657376259565e-04 3.628249512985348701e-03
1.716446876525878906e-02 5.483673885464668274e-03 1.316542625427246094e-01 2.642846200615167618e-03 3.305476158857345581e-02 1.783780381083488464e-02 7.750808261334896088e-03 4.727502167224884033e-01 7.051395368762314320e-04 3.623228520154953003e-02 2.633870113641023636e-03 2.884170040488243103e-02 1.985209248960018158e-02 3.844109550118446350e-02 8.471943438053131104e-02 2.394533483311533928e-03 2.306335233151912689e-02 1.801693439483642578e-02 4.765348508954048157e-02 4.500919952988624573e-02 2.049770392477512360e-02 7.448756694793701172e-02 3.764817863702774048e-02 4.880505427718162537e-02 6.373623386025428772e-03 7.001908496022224426e-03 1.936593279242515564e-02 4.170553386211395264e-02 1.519235898740589619e-03 4.804034903645515442e-02 9.257790632545948029e-03 4.162844642996788025e-02 1.532736513763666153e-02 5.223125591874122620e-02 1.252034027129411697e-02 6.729208678007125854e-02 4.098442196846008301e-02 5.326166749000549316e-03 1.573335193097591400e-02 1.122661028057336807e-02 2.053070068359375000e-02 9.975966066122055054e-03 5.134642496705055237e-02 4.805350676178932190e-02 1.699685305356979370e-02 1.518441946245729923e-03 4.498969390988349915e-02 3.928655013442039490e-02 3.541521355509757996e-02 4.321817681193351746e-02 1.054351590573787689e-02 1.618425594642758369e-04 2.714243717491626740e-03 1.641337014734745026e-02 2.044069021940231323e-02 4.619211331009864807e-02 1.467742398381233215e-02 4.487055912613868713e-02 3.250095620751380920e-02 3.372770547866821289e-02 6.052663549780845642e-03 4.693771526217460632e-02 3.293413296341896057e-02 3.564864769577980042e-02 5.580372177064418793e-03 2.372008375823497772e-02 2.821382880210876465e-02 1.632789522409439087e-02 2.390190958976745605e-02 1.456047524698078632e-03 1.326458528637886047e-02 1.829766319133341312e-03 4.817657172679901123e-02 4.911348223686218262e-03 1.998441666364669800e-02 8.215340785682201385e-03 3.369856858626008034e-03 4.734623804688453674e-02 2.242400543764233589e-03 3.730419650673866272e-02 1.564193665981292725e-01 8.464547991752624512e-02 3.943324461579322815e-02 3.370514139533042908e-02 2.763423323631286621e-02 3.576812148094177246e-02 1.119400411844253540e-01 9.062060713768005371e-02 6.405522115528583527e-03 2.072639204561710358e-02 4.314838349819183350e-02 3.538898378610610962e-02 4.187396913766860962e-02 4.186097905039787292e-02 2.277348190546035767e-02 2.336139092221856117e-03 1.314279902726411819e-02 1.424930174835026264e-03 2.209499292075634003e-02 2.082536928355693817e-02 4.504580423235893250e-02 3.680219128727912903e-02 3.244880959391593933e-02 2.835386665537953377e-03 2.511214464902877808e-02 4.080884158611297607e-02 2.981382235884666443e-02 4.038860648870468140e-02 3.777642175555229187e-02 4.759937524795532227e-02 2.185402251780033112e-02 1.364235859364271164e-02 1.454398874193429947e-02 3.054383210837841034e-02 4.934581462293863297e-03 6.174202542752027512e-03
7.696148939430713654e-03 1.279985159635543823e-02 7.972229272127151489e-03 1.248591952025890350e-02 2.489251550287008286e-03 1.152781024575233459e-02 4.628106579184532166e-02 7.051395368762314320e-04 4.458780288696289062e-01 4.000414162874221802e-02 2.136552333831787109e-02 2.350089512765407562e-02 3.743809880688786507e-03 5.787682533264160156e-02 8.948309347033500671e-03 3.733209893107414246e-02 3.565057739615440369e-02 8.270174264907836914e-02 2.767228707671165466e-02 2.079321630299091339e-02 3.326669335365295410e-02 1.338513195514678955e-02 1.665920391678810120e-02 3.519458696246147156e-03 3.073749504983425140e-02 1.037571020424365997e-02 2.226539142429828644e-02 3.179304674267768860e-02 3.831201046705245972e-02 9.108178317546844482e-03 9.218479692935943604e-02 2.263028919696807861e-02 3.795572370290756226e-02 1.190593186765909195e-02 1.342128496617078781e-03 3.047008358407765627e-04 8.221300318837165833e-03 2.155561465770006180e-03 1.726031117141246796e-02 3.305501118302345276e-02 3.909333422780036926e-02 2.322038263082504272e-02 3.102674707770347595e-02 2.799206972122192383e-02 1.087690144777297974e-01 1.300238911062479019e-02 1.545489672571420670e-02 3.556004911661148071e-02 6.065104156732559204e-02 5.154144763946533203e-02 1.767869479954242706e-02 2.801739983260631561e-02 3.168537095189094543e-02 2.692783251404762268e-02 4.736545309424400330e-02 3.143109381198883057e-02 2.607339806854724884e-02 1.387220923788845539e-03 1.266165543347597122e-02 3.720841556787490845e-02 6.357498466968536377e-02 6.634206045418977737e-03 5.088592879474163055e-03 3.023516619578003883e-03 1.804457791149616241e-02 4.602900519967079163e-02 4.542304575443267822e-02 3.426462039351463318e-02 2.285794354975223541e-02 6.922332569956779480e-03 4.144197329878807068e-02 1.559546869248151779e-02 1.440936047583818436e-02 1.809639111161231995e-02 1.583047397434711456e-02 4.414288792759180069e-03 2.523466348648071289e-01 4.083153977990150452e-02 1.417562663555145264e-01 2.415743656456470490e-02 2.248051390051841736e-02 1.543242484331130981e-02 4.166375845670700073e-02 3.619241341948509216e-02 3.253907710313796997e-02 3.786147758364677429e-02 1.229640212841331959e-03 1.871523074805736542e-02 1.269295811653137207e-02 4.197430983185768127e-02 3.381079062819480896e-02 5.053109675645828247e-02 1.312741264700889587e-02 5.355231091380119324e-02 3.186316415667533875e-02 1.811474375426769257e-02 3.574972040951251984e-03 5.568350106477737427e-02 4.155040532350540161e-02 1.820369623601436615e-02 4.042623192071914673e-02 5.188537389039993286e-02 6.772517226636409760e-03 3.243827074766159058e-02 1.928515546023845673e-02 7.799706887453794479e-03 4.529969021677970886e-02 2.342935092747211456e-02 4.130748100578784943e-03 2.885689586400985718e-02 4.584897309541702271e-02 3.168405219912528992e-02 3.451277501881122589e-03 3.245088830590248108e-02 2.761707268655300140e-02 1.009578630328178406e-02
1.397227402776479721e-02 2.514779940247535706e-02 5.804231017827987671e-02 5.335698649287223816e-02 2.411219524219632149e-03 3.751972317695617676e-02 4.631928727030754089e-02 3.623228520154953003e-02 4.000414162874221802e-02 4.639927744865417480e-01 8.962343446910381317e-03 2.528777811676263809e-03 1.043459679931402206e-02 2.716955728828907013e-02 9.688938036561012268e-03 1.189996302127838135e-02 4.214939847588539124e-02 4.121610894799232483e-02 4.436539486050605774e-02 2.699398249387741089e-02 3.704613074660301208e-02 1.735276728868484497e-02 3.269435837864875793e-02 3.375849500298500061e-02 1.393195427954196930e-02 1.428127475082874298e-02 3.651797026395797729e-02 1.299386098980903625e-02 1.511643175035715103e-02 2.707446925342082977e-02 3.000862523913383484e-02 8.625010028481483459e-03 2.367443963885307312e-02 5.604614503681659698e-03 1.565192826092243195e-02 2.460151212289929390e-03 2.586125954985618591e-02 1.530992053449153900e-02 4.924003034830093384e-02 2.611784730106592178e-03 2.744144760072231293e-03 1.423300150781869888e-02 1.474354183301329613e-03 1.052506640553474426e-02 2.294790232554078102e-03 7.744473963975906372e-02 3.315745666623115540e-02 6.525158882141113281e-03 4.072026163339614868e-02 4.400757327675819397e-02 3.342872485518455505e-02 1.281529013067483902e-02 3.798741847276687622e-02 3.034204058349132538e-02 2.997579984366893768e-02 5.349398776888847351e-02 5.630436819046735764e-03 1.109686680138111115e-02 5.019069090485572815e-02 2.256150357425212860e-02 1.361212576739490032e-03 9.648263454437255859e-03 3.635176224634051323e-03 7.676206994801759720e-03 4.680114984512329102e-02 4.490503296256065369e-02 2.890570787712931633e-03 2.764582820236682892e-02 2.862311154603958130e-02 2.969416975975036621e-02 5.214578285813331604e-02 1.204676367342472076e-02 2.585883438587188721e-02 4.114440083503723145e-02 5.243512988090515137e-02 6.366846710443496704e-02 7.782908622175455093e-03 1.096208691596984863e-01 1.916166208684444427e-02 8.061273396015167236e-02 5.110495537519454956e-02 2.796340733766555786e-02 4.867873713374137878e-02 7.566398382186889648e-02 3.712041303515434265e-03 1.669567450881004333e-02 3.002417460083961487e-02 2.169989980757236481e-02 2.839771658182144165e-02 1.074822526425123215e-02 3.189239278435707092e-02 3.693140111863613129e-03 3.570661321282386780e-02 1.074809767305850983e-02 3.963583335280418396e-02 4.113636538386344910e-02 8.546523749828338623e-03 4.400837793946266174e-02 1.269533671438694000e-02 1.884395442903041840e-02 5.931896157562732697e-04 3.721822053194046021e-02 2.085668966174125671e-02 3.590005636215209961e-02 5.122197419404983521e-02 1.458111219108104706e-02 1.289956830441951752e-02 2.549502998590469360e-02 3.608769550919532776e-02 2.923709154129028320e-02 7.676574867218732834e-03 3.928573336452245712e-03 1.107915583997964859e-02 1.173538155853748322e-02 3.423321526497602463e-03 1.384771242737770081e-02
3.123284131288528442e-02 1.919888332486152649e-02 1.105544064193964005e-02 4.332714155316352844e-02 1.665179035626351833e-03 5.431560333818197250e-03 1.877717301249504089e-02 2.633870113641023636e-03 2.136552333831787109e-02 8.962343446910381317e-03 4.287711679935455322e-01 4.435341805219650269e-03 1.312914788722991943e-01 1.875443197786808014e-02 6.678298115730285645e-03 8.965521119534969330e-03 4.266206547617912292e-02 4.774994775652885437e-02 1.494876574724912643e-02 7.020077202469110489e-03 1.687951013445854187e-02 4.164430126547813416e-02 3.466513939201831818e-03 2.049576723948121071e-03 2.220803312957286835e-02 5.257217213511466980e-03 5.165868252515792847e-02 5.430241581052541733e-03 4.626080021262168884e-02 3.226350247859954834e-02 7.499468326568603516e-02 8.216422051191329956e-03 3.720110515132546425e-03 3.939388319849967957e-02 2.236231043934822083e-02 3.439374966546893120e-03 4.237690940499305725e-02 2.664946392178535461e-02 2.176474221050739288e-02 6.511390209197998047e-03 3.110929764807224274e-02 4.234187304973602295e-02 4.552548751235008240e-02 1.879922859370708466e-02 4.666650667786598206e-02 7.474888581782579422e-03 1.121229771524667740e-02 1.073941513895988464e-01 4.300768300890922546e-02 3.002640418708324432e-02 5.224454216659069061e-03 1.895316503942012787e-02 1.895736157894134521e-02 1.668127812445163727e-02 5.281323567032814026e-02 9.382417425513267517e-03 3.950518742203712463e-02 4.012702405452728271e-02 8.008599281311035156e-03 4.858849570155143738e-02 6.851238757371902466e-02 2.912546694278717041e-02 1.447114907205104828e-02 2.435215562582015991e-02 1.795181818306446075e-02 2.065447159111499786e-02 9.328228421509265900e-03 1.135433930903673172e-02 9.197492152452468872e-03 3.508564084768295288e-02 1.642605476081371307e-02 1.458195596933364868e-02 1.791111752390861511e-02 2.616702020168304443e-02 3.061349503695964813e-02 3.590790182352066040e-02 3.062948398292064667e-02 3.485097363591194153e-02 3.726528491824865341e-03 3.015530295670032501e-02 3.751542884856462479e-03 2.434086799621582031e-02 1.690596528351306915e-02 2.828825823962688446e-02 8.953171782195568085e-04 3.207687661051750183e-02 2.681502883206121624e-05 6.042403168976306915e-03 6.807842757552862167e-03 4.264800623059272766e-02 1.954026147723197937e-02 6.730237975716590881e-03 4.502707347273826599e-02 1.130850426852703094e-02 1.048812270164489746e-02 4.089334979653358459e-03 3.019854798913002014e-02 5.044559948146343231e-03 2.615025267004966736e-02 2.771038934588432312e-02 5.077842157334089279e-03 2.991701476275920868e-02 3.811287134885787964e-02 1.234509050846099854e-02 2.970726042985916138e-02 2.169547975063323975e-02 6.863297428935766220e-03 7.397833466529846191e-02 1.514024939388036728e-02 4.184699803590774536e-02 4.277679324150085449e-02 2.354455413296818733e-03 4.110367223620414734e-02 4.387735575437545776e-02 1.696906983852386475e-02 2.067489922046661377e-02
1.536644436419010162e-02 3.262435086071491241e-03 1.660674624145030975e-02 5.620717257261276245e-02 4.479025024920701981e-03 3.891908749938011169e-02 3.209665417671203613e-02 2.884170040488243103e-02 2.350089512765407562e-02 2.528777811676263809e-03 4.435341805219650269e-03 4.485177695751190186e-01 2.555273659527301788e-02 1.465867608785629272e-01 2.845664136111736298e-02 1.990686915814876556e-02 1.487913448363542557e-02 3.893829882144927979e-02 4.128384962677955627e-02 1.032898295670747757e-02 8.310562931001186371e-03 1.580794341862201691e-02 8.786256425082683563e-03 1.508271135389804840e-02 5.608387291431427002e-03 5.356346815824508667e-02 4.848545044660568237e-02 1.299931108951568604e-01 3.347496315836906433e-02 9.988213330507278442e-02 1.050137914717197418e-02 2.456989139318466187e-02 4.082695394754409790e-02 1.543946843594312668e-02 3.081395663321018219e-02 1.374459546059370041e-02 3.098290041089057922e-02 1.855948753654956818e-02 2.281834743916988373e-02 3.887662664055824280e-03 9.342312812805175781e-03 8.841400034725666046e-03 4.630953073501586914e-02 1.251559704542160034e-02 1.629771897569298744e-03 2.925607748329639435e-02 2.479407191276550293e-02 2.894239127635955811e-02 6.092300172895193100e-03 8.621344342827796936e-03 1.821276172995567322e-02 4.532874375581741333e-02 1.300389040261507034e-02 1.808382757008075714e-02 2.696098759770393372e-02 2.793156169354915619e-02 5.129988864064216614e-02 3.686580341309309006e-03 4.164519533514976501e-02 3.741864580661058426e-03 7.253500819206237793e-02 8.521983772516250610e-02 7.775083184242248535e-02 6.160668563097715378e-03 2.408553287386894226e-02 6.484078709036111832e-03 3.294808045029640198e-02 3.357898071408271790e-02 3.441017493605613708e-02 4.168828949332237244e-02 2.268056944012641907e-02 3.230812726542353630e-03 2.257113344967365265e-02 1.067710388451814651e-02 4.623746871948242188e-02 5.085091665387153625e-02 2.310016378760337830e-02 6.524840742349624634e-02 2.768490649759769440e-02 3.932400140911340714e-03 3.483889251947402954e-02 7.744565606117248535e-03 2.181561104953289032e-02 9.500076062977313995e-03 7.171293348073959351e-02 1.038870308548212051e-02 2.213941141963005066e-02 2.246687002480030060e-02 7.478320598602294922e-02 3.339957818388938904e-02 3.906260803341865540e-02 2.570127137005329132e-02 2.527468837797641754e-02 4.154957085847854614e-02 3.289563208818435669e-02 3.981653973460197449e-02 1.197135914117097855e-02 3.987617045640945435e-02 9.336181916296482086e-03 2.455569431185722351e-02 2.701206132769584656e-03 6.032643094658851624e-02 1.188912615180015564e-02 2.369469264522194862e-03 2.044348046183586121e-02 3.157021477818489075e-02 3.900647163391113281e-02 3.416550904512405396e-02 3.325744345784187317e-02 5.646717175841331482e-02 3.752483054995536804e-02 3.261071816086769104e-02 3.795095533132553101e-02 5.574373528361320496e-02 1.299504376947879791e-02 4.720664396882057190e-02
3.248208388686180115e-02 1.692363806068897247e-02 4.746570438146591187e-02 4.420993104577064514e-02 4.168329015374183655e-02 5.285271257162094116e-02 5.881155654788017273e-02 1.985209248960018158e-02 3.743809880688786507e-03 1.043459679931402206e-02 1.312914788722991943e-01 2.555273659527301788e-02 4.490363001823425293e-01 3.293263539671897888e-02 1.380151323974132538e-02 1.648039557039737701e-03 1.579844020307064056e-02 2.312878705561161041e-02 3.196244686841964722e-02 4.057465121150016785e-02 2.723820507526397705e-02 3.253423422574996948e-02 1.612439379096031189e-02 1.089419331401586533e-02 4.168649390339851379e-02 6.837934255599975586e-03 8.833041065372526646e-04 2.757480554282665253e-02 9.234140068292617798e-02 9.590802714228630066e-03 1.134747415781021118e-01 2.133836410939693451e-02 4.993292689323425293e-02 2.959171496331691742e-02 1.902498491108417511e-02 3.112025558948516846e-02 3.188540041446685791e-02 7.898833602666854858e-03 4.939850047230720520e-02 2.057926170527935028e-02 3.294227272272109985e-02 1.171134132891893387e-02 1.405026577413082123e-02 8.747760206460952759e-03 7.586748339235782623e-03 2.524261735379695892e-02 4.911180958151817322e-02 6.443283706903457642e-02 4.287201911211013794e-02 1.067482959479093552e-02 1.894407533109188080e-02 8.050198666751384735e-03 1.630600355565547943e-02 2.790439687669277191e-02 6.219752598553895950e-03 4.360282048583030701e-02 5.828536674380302429e-02 4.980604350566864014e-02 2.294868417084217072e-02 2.051282441243529320e-03 7.607789710164070129e-03 5.089001357555389404e-02 2.935923263430595398e-02 2.129884064197540283e-02 4.893083125352859497e-03 5.414414033293724060e-02 1.078756432980298996e-02 9.880312718451023102e-03 2.342545613646507263e-02 1.548267807811498642e-02 3.424041345715522766e-02 2.081319876015186310e-02 3.805306926369667053e-02 2.888473123311996460e-02 4.588735848665237427e-02 1.509812660515308380e-02 4.703465104103088379e-02 2.269018813967704773e-02 1.598721556365489960e-02 4.104777052998542786e-02 3.611386194825172424e-02 4.351980984210968018e-02 3.132899105548858643e-02 1.317153032869100571e-02 3.418279811739921570e-02 1.406093221157789230e-02 7.460195571184158325e-03 4.444462805986404419e-02 1.962571404874324799e-02 7.586378342239186168e-05 2.342321164906024933e-02 8.157721720635890961e-03 6.038052029907703400e-03 1.149633247405290604e-02 6.490229163318872452e-03 8.578148670494556427e-03 4.762014746665954590e-02 4.268826171755790710e-02 4.087746515870094299e-02 3.967516869306564331e-02 4.831064492464065552e-02 7.037897408008575439e-02 5.046242102980613708e-02 4.141189157962799072e-02 3.058688528835773468e-02 3.985168412327766418e-02 1.219291239976882935e-03 3.522907942533493042e-02 5.169231817126274109e-02 8.133401162922382355e-03 3.035219199955463409e-02 2.431993372738361359e-02 3.352710604667663574e-02 1.649534888565540314e-02 2.788945846259593964e-02 3.700015600770711899e-03
