4.794865548610687256e-01 6.556615233421325684e-02 2.891410700976848602e-02 4.606690630316734314e-02 2.587752975523471832e-02 1.348665654659271240e-01 1.466835848987102509e-02 1.234557572752237320e-02 2.553866989910602570e-02 5.149229988455772400e-02 1.461837440729141235e-01 5.395898595452308655e-02 3.076338442042469978e-03 5.715190991759300232e-02 1.323776040226221085e-02 4.180496931076049805e-02 3.685966506600379944e-02 2.852327190339565277e-02 4.949640482664108276e-02 1.639119908213615417e-02 3.283970430493354797e-02 1.879083365201950073e-02 3.594041243195533752e-02 3.751797601580619812e-02 3.743345290422439575e-02 3.706054762005805969e-02 3.178861364722251892e-02 1.975730247795581818e-02 4.633625596761703491e-02 1.032172143459320068e-02 4.464276880025863647e-02 2.666551806032657623e-02 5.572446808218955994e-02 4.574441164731979370e-02 2.966714464128017426e-02 3.322439268231391907e-02 1.724439300596714020e-02 7.106904871761798859e-03 2.811207622289657593e-02 7.892110385000705719e-03 3.960838541388511658e-02 2.971392497420310974e-02 3.393359854817390442e-02 4.201417788863182068e-02 4.039437696337699890e-02 8.528182283043861389e-03 5.409843870438635349e-04 4.668548703193664551e-02 3.109552338719367981e-02 3.453847020864486694e-03 4.377748351544141769e-03 9.719120338559150696e-03 5.531478300690650940e-02 1.097157690674066544e-02 4.559827595949172974e-02 5.953045096248388290e-03 5.446762591600418091e-02 5.128823593258857727e-02 7.267843931913375854e-02 3.369167912751436234e-03 1.446740422397851944e-02 1.110338419675827026e-02 3.456324338912963867e-03 2.079668082296848297e-02 5.917893350124359131e-02 6.196661386638879776e-03 1.227631699293851852e-02 4.285622015595436096e-02 2.529451623558998108e-03 3.426685929298400879e-02 4.091198556125164032e-03 4.275912046432495117e-02 1.294528506696224213e-02 2.996454760432243347e-02 3.761440888047218323e-02 2.648157440125942230e-02 1.682901009917259216e-02 6.298859417438507080e-02 5.054408311843872070e-02 1.623100135475397110e-03 2.205976843833923340e-02 4.400550946593284607e-02 3.871889412403106689e-02 5.701399594545364380e-02 1.470266934484243393e-02 8.778283372521400452e-03 2.134397067129611969e-02 2.270030975341796875e-02 4.610810056328773499e-02 6.897912174463272095e-02 3.951792791485786438e-02 1.108295843005180359e-02 3.316859155893325806e-02 1.789993792772293091e-02 3.041059151291847229e-02 3.619454056024551392e-02 4.434225708246231079e-02 4.576868191361427307e-02 1.329515967518091202e-02 4.273537546396255493e-02 5.600766837596893311e-02 4.362183064222335815e-02 2.021723240613937378e-02 6.331482436507940292e-03 4.755176231265068054e-02 1.352580171078443527e-02 1.739104650914669037e-02 1.552973873913288116e-03 3.689026460051536560e-02 7.828755187802016735e-04 4.681699723005294800e-02 5.982422456145286560e-02 1.186417764984071255e-03 4.733581468462944031e-02 3.232346847653388977e-02 2.779434993863105774e-02
6.556615233421325684e-02 4.614085853099822998e-01 2.510713879019021988e-03 1.776579022407531738e-02 4.255026951432228088e-02 1.678873598575592041e-02 1.522990614175796509e-01 2.483184263110160828e-02 1.688829623162746429e-02 3.895358182489871979e-03 1.275373809039592743e-02 4.318634420633316040e-02 1.316376030445098877e-01 2.482346445322036743e-02 6.313188932836055756e-03 3.802303224802017212e-02 4.394399374723434448e-02 3.485313802957534790e-02 2.264629304409027100e-02 3.992733731865882874e-02 1.775855012238025665e-02 1.291750278323888779e-02 1.197688840329647064e-02 1.158592291176319122e-02 3.011750243604183197e-02 4.083774983882904053e-02 5.023345351219177246e-02 5.507431924343109131e-02 3.137672320008277893e-02 2.696388959884643555e-02 4.350767470896244049e-03 3.038640879094600677e-02 3.398360311985015869e-02 1.901382207870483398e-02 1.749766804277896881e-02 3.461089357733726501e-02 3.019760921597480774e-02 2.269222773611545563e-02 1.217655092477798462e-02 3.626371547579765320e-02 2.065746858716011047e-02 1.493011787533760071e-02 3.171421214938163757e-02 3.344001248478889465e-02 3.663422539830207825e-02 3.478790074586868286e-02 2.414376288652420044e-02 2.632947824895381927e-02 3.818668797612190247e-02 1.622828096151351929e-02 3.774167224764823914e-02 2.988563477993011475e-02 5.736681446433067322e-02 1.950814574956893921e-02 2.869111020117998123e-03 4.101278632879257202e-02 1.899452507495880127e-02 2.528630755841732025e-02 1.849560812115669250e-02 3.829180076718330383e-02 1.957774534821510315e-02 4.993149545043706894e-03 2.896406874060630798e-02 6.083147600293159485e-03 3.862865269184112549e-02 2.058648690581321716e-02 2.383037284016609192e-02 3.945485502481460571e-02 3.389838710427284241e-02 1.338725723326206207e-02 2.894321642816066742e-02 4.623695462942123413e-02 1.061744056642055511e-02 2.182906493544578552e-02 1.040047314018011093e-02 4.460740461945533752e-02 2.700649015605449677e-02 1.119083445519208908e-02 5.132160335779190063e-02 3.977680951356887817e-02 6.353323161602020264e-02 5.773024260997772217e-02 2.411583252251148224e-02 3.596039488911628723e-03 1.722992956638336182e-02 2.703490667045116425e-02 4.790886864066123962e-02 4.385582637041807175e-03 2.839215844869613647e-02 2.029997855424880981e-02 3.715341165661811829e-02 6.202780455350875854e-02 3.402633359655737877e-03 4.504140932112932205e-03 4.657975211739540100e-02 4.253596439957618713e-02 3.064059279859066010e-02 1.647946052253246307e-02 2.582176215946674347e-02 1.201144605875015259e-02 3.968320041894912720e-02 3.787957131862640381e-02 3.945950791239738464e-02 4.742046445608139038e-02 4.393646866083145142e-02 3.040320426225662231e-02 1.109395269304513931e-02 2.704472094774246216e-02 1.297527551651000977e-02 2.608153223991394043e-02 1.604731753468513489e-02 1.577313989400863647e-02 9.785668924450874329e-03 3.503392264246940613e-02 2.315923571586608887e-02 9.186444431543350220e-02
2.891410700976848602e-02 2.510713879019021988e-03 4.488428533077239990e-01 1.111300196498632431e-02 2.604385651648044586e-02 7.186380773782730103e-02 8.197946473956108093e-03 1.189965605735778809e-01 4.003239423036575317e-02 1.195369288325309753e-03 3.511377796530723572e-02 5.445844307541847229e-02 1.249827537685632706e-02 4.045617207884788513e-02 3.789987042546272278e-02 5.094397440552711487e-02 4.934196919202804565e-02 6.923832930624485016e-03 4.289763793349266052e-02 1.502202916890382767e-02 1.339437253773212433e-02 7.788217626512050629e-03 3.041350096464157104e-02 2.584657445549964905e-02 1.819531433284282684e-02 3.429392352700233459e-02 4.315918684005737305e-02 6.888009607791900635e-02 3.413817659020423889e-02 2.667410299181938171e-02 7.505309581756591797e-02 1.097509451210498810e-02 5.051043815910816193e-03 3.822475299239158630e-02 3.047848306596279144e-02 3.604156151413917542e-02 1.902101561427116394e-02 1.685399562120437622e-02 1.465962920337915421e-02 2.684606879483908415e-04 3.766595944762229919e-02 2.359139174222946167e-02 3.332469239830970764e-02 3.455059602856636047e-02 5.230367928743362427e-02 4.005390405654907227e-02 7.375713437795639038e-03 3.868976235389709473e-02 4.600845277309417725e-03 3.604906797409057617e-02 3.162565082311630249e-02 2.508340962231159210e-02 1.061983313411474228e-02 1.449356228113174438e-02 8.530031889677047729e-03 2.725927159190177917e-02 6.028070114552974701e-03 3.758393228054046631e-02 4.224373400211334229e-02 2.764742262661457062e-02 1.378283277153968811e-02 9.852148650679737329e-05 3.038998879492282867e-02 3.929365053772926331e-02 1.585241965949535370e-02 2.030596323311328888e-02 1.794157363474369049e-02 2.314786985516548157e-02 3.333185613155364990e-02 2.613598853349685669e-02 3.307448327541351318e-02 4.597178660333156586e-03 3.675182536244392395e-02 1.051120227202773094e-03 3.267424181103706360e-02 8.887389674782752991e-03 2.605273388326168060e-02 6.106933578848838806e-04 2.062753215432167053e-02 1.961153745651245117e-02 1.490773353725671768e-02 1.212989538908004761e-02 4.929500445723533630e-02 3.867770358920097351e-02 2.541786059737205505e-02 3.199673071503639221e-02 2.141968719661235809e-02 2.125802636146545410e-02 4.806346073746681213e-02 3.715138882398605347e-02 1.833530329167842865e-02 1.373941078782081604e-02 3.474419191479682922e-02 1.122803799808025360e-02 3.807193413376808167e-02 3.080305270850658417e-02 1.101283356547355652e-02 4.095406085252761841e-02 2.231412194669246674e-02 7.067446131259202957e-03 1.793430070392787457e-03 3.118851594626903534e-02 1.631654426455497742e-02 6.857301108539104462e-03 4.096566513180732727e-02 1.250024978071451187e-02 3.003091178834438324e-02 1.949981786310672760e-02 1.029564347118139267e-02 1.679406687617301941e-02 6.241204589605331421e-02 6.441504694521427155e-03 3.519829362630844116e-02 2.285821130499243736e-03 2.298155240714550018e-02 2.032131105661392212e-01
4.606690630316734314e-02 1.776579022407531738e-02 1.111300196498632431e-02 4.852605164051055908e-01 8.586369454860687256e-02 3.007335402071475983e-02 3.228320553898811340e-02 8.910074247978627682e-04 3.243272379040718079e-02 2.106778509914875031e-02 3.425775095820426941e-02 1.851248741149902344e-02 1.928233914077281952e-02 2.613461692817509174e-04 3.408426418900489807e-02 4.501652717590332031e-02 4.947978630661964417e-02 8.862338960170745850e-03 3.181087598204612732e-02 1.728770136833190918e-02 2.660121954977512360e-02 2.155249938368797302e-02 3.796835243701934814e-02 4.585927352309226990e-02 9.409801568835973740e-04 1.809584908187389374e-02 9.767708368599414825e-03 6.073736585676670074e-03 1.521680783480405807e-02 3.802424296736717224e-02 4.160622600466012955e-03 7.876727613620460033e-04 2.771464642137289047e-03 2.259971760213375092e-02 3.099405951797962189e-02 3.163031360600143671e-04 8.606095798313617706e-03 1.815078197978436947e-03 1.105456613004207611e-02 5.865015089511871338e-02 1.050907094031572342e-02 2.961765602231025696e-02 2.441307902336120605e-02 3.954540938138961792e-02 5.260143801569938660e-02 2.226633578538894653e-02 1.728007756173610687e-02 3.014478273689746857e-02 2.798716351389884949e-02 4.319962114095687866e-02 2.391740679740905762e-02 4.517155513167381287e-02 5.578785203397274017e-04 9.008693508803844452e-03 2.723810076713562012e-02 5.284694209694862366e-02 3.899472998455166817e-03 1.413777191191911697e-02 5.100362002849578857e-03 3.162787854671478271e-02 1.468055974692106247e-02 7.822019979357719421e-03 3.691644221544265747e-02 6.725809723138809204e-02 2.990672923624515533e-02 3.274545073509216309e-02 2.459889650344848633e-02 2.565474435687065125e-02 4.148866608738899231e-02 7.382820826023817062e-03 8.547335863113403320e-03 3.889066353440284729e-02 1.035688370466232300e-01 2.864343579858541489e-03 5.261512100696563721e-02 2.985588088631629944e-02 3.164193034172058105e-02 3.781728446483612061e-02 5.313264206051826477e-02 7.016255520284175873e-03 2.886611409485340118e-02 2.132200077176094055e-02 1.144732087850570679e-01 2.586727729067206383e-03 4.178936779499053955e-02 2.563678473234176636e-02 4.134128242731094360e-02 1.238633971661329269e-02 2.517744712531566620e-02 3.823257051408290863e-03 2.220245636999607086e-02 1.232817489653825760e-02 3.114167600870132446e-02 2.760409191250801086e-02 6.021131761372089386e-03 1.126281078904867172e-02 7.053155917674303055e-03 6.541064940392971039e-03 1.085561234503984451e-02 2.057209378108382225e-03 4.595806356519460678e-03 3.234137222170829773e-02 2.260188106447458267e-03 3.647721605375409126e-03 9.742287220433354378e-04 4.271311685442924500e-02 3.302972763776779175e-03 1.146335341036319733e-02 2.618352696299552917e-02 1.124136522412300110e-02 2.140133641660213470e-03 1.660432026255875826e-04 2.455892972648143768e-02 5.521560553461313248e-03 4.064757749438285828e-02 8.922477718442678452e-04
2.587752975523471832e-02 4.255026951432228088e-02 2.604385651648044586e-02 8.586369454860687256e-02 4.814029335975646973e-01 2.779827453196048737e-02 4.488955438137054443e-02 1.666909269988536835e-02 1.667130365967750549e-02 4.153969138860702515e-02 4.926380142569541931e-02 2.956403046846389771e-02 4.151220619678497314e-02 3.436545655131340027e-02 8.840830996632575989e-03 1.543814968317747116e-02 1.123319379985332489e-02 6.733364425599575043e-04 2.221585810184478760e-02 2.189534902572631836e-02 4.416320845484733582e-02 3.991794213652610779e-02 2.731379307806491852e-02 3.461155295372009277e-02 3.438106970861554146e-03 8.556335233151912689e-03 1.957499422132968903e-02 1.273869257420301437e-02 4.128498211503028870e-02 2.999207004904747009e-02 3.434522077441215515e-02 7.359057199209928513e-03 1.409059297293424606e-02 2.963108383119106293e-02 1.079428009688854218e-02 3.815425932407379150e-02 3.995426371693611145e-02 2.662267535924911499e-02 1.742799952626228333e-02 5.716698989272117615e-02 9.801136329770088196e-03 1.660238020122051239e-02 3.505810350179672241e-02 3.671153634786605835e-02 3.258893266320228577e-02 4.521940648555755615e-02 3.045750409364700317e-02 1.507001649588346481e-02 1.457467302680015564e-02 2.182275988161563873e-02 5.250780843198299408e-03 2.788386680185794830e-02 2.267580665647983551e-02 2.138446830213069916e-02 2.098644850775599480e-03 5.790641065686941147e-03 3.079891437664628029e-03 2.712134085595607758e-02 6.256854534149169922e-02 5.768359638750553131e-03 5.239035934209823608e-02 3.623972833156585693e-02 7.620191667228937149e-03 3.584928810596466064e-02 3.403906524181365967e-02 4.730179905891418457e-02 3.623733296990394592e-02 4.571440443396568298e-02 3.588547557592391968e-02 9.732969105243682861e-03 1.285819523036479950e-02 3.640598803758621216e-02 6.629396975040435791e-02 2.067382261157035828e-02 4.417363181710243225e-02 1.459155138581991196e-02 1.494068931788206100e-02 3.677569702267646790e-02 4.895063862204551697e-02 4.634437710046768188e-02 3.634769469499588013e-02 9.503168985247612000e-03 4.948434233665466309e-02 4.475560411810874939e-02 4.488624632358551025e-02 1.408184994943439960e-03 2.597801852971315384e-03 4.289127420634031296e-03 1.643101125955581665e-02 4.374626278877258301e-02 4.857002198696136475e-02 5.056439340114593506e-02 4.201269149780273438e-02 2.879014797508716583e-02 6.422693841159343719e-03 1.693123485893011093e-04 9.001960046589374542e-03 2.507559768855571747e-02 1.839212328195571899e-02 7.496050558984279633e-03 7.243013475090265274e-03 3.079645521938800812e-02 1.786614768207073212e-02 5.316991824656724930e-03 2.740129269659519196e-02 2.719624154269695282e-02 4.561043903231620789e-02 7.257374934852123260e-03 5.229111760854721069e-02 8.316911756992340088e-03 1.499859336763620377e-02 2.445142902433872223e-02 3.015150316059589386e-02 1.529708411544561386e-02 4.546780139207839966e-03 1.124995108693838120e-02
1.348665654659271240e-01 1.678873598575592041e-02 7.186380773782730103e-02 3.007335402071475983e-02 2.779827453196048737e-02 4.800536036491394043e-01 9.572527557611465454e-02 1.605302095413208008e-02 1.938999746926128864e-03 3.237170353531837463e-02 7.437224686145782471e-02 9.667697548866271973e-02 3.399698808789253235e-02 8.415376394987106323e-02 1.870862953364849091e-02 1.686079427599906921e-02 4.015765618532896042e-03 3.768234327435493469e-02 2.688415534794330597e-02 2.906744554638862610e-02 1.577374339103698730e-02 1.097122114151716232e-02 2.935301512479782104e-03 1.309286896139383316e-02 3.320142626762390137e-02 1.953468658030033112e-03 2.897422946989536285e-02 3.718787804245948792e-02 8.824101649224758148e-03 2.795417234301567078e-02 2.262097969651222229e-02 3.865963965654373169e-02 2.991485595703125000e-02 1.566289924085140228e-02 2.821176312863826752e-02 4.609746485948562622e-02 2.851990051567554474e-02 1.409322209656238556e-02 3.029986470937728882e-02 3.224258834961801767e-04 1.904532313346862793e-03 4.249495267868041992e-02 2.760252542793750763e-02 1.144646201282739639e-02 4.636491462588310242e-02 3.147689625620841980e-02 1.766346842050552368e-01 7.834997773170471191e-02 2.332118712365627289e-02 2.431928180158138275e-02 5.857517477124929428e-03 9.494208730757236481e-03 6.407377123832702637e-02 2.384567447006702423e-02 4.677604138851165771e-02 1.267626415938138962e-02 3.686591982841491699e-02 5.697098001837730408e-02 4.059775546193122864e-02 3.220839425921440125e-04 9.943394921720027924e-03 2.766497991979122162e-02 4.267518525011837482e-04 2.081790566444396973e-02 1.228307373821735382e-03 4.229884594678878784e-03 3.031743690371513367e-02 2.942910790443420410e-02 5.042913556098937988e-02 3.554404154419898987e-02 1.105245016515254974e-02 4.250856861472129822e-02 3.447961807250976562e-02 9.823117870837450027e-04 4.232242703437805176e-02 9.089226834475994110e-03 5.186920054256916046e-03 2.012475952506065369e-02 2.797313034534454346e-02 2.135409973561763763e-02 1.673271320760250092e-02 1.844402402639389038e-02 3.220826014876365662e-02 2.176995575428009033e-02 1.146551966667175293e-02 1.874555647373199463e-02 3.990605473518371582e-02 5.026030912995338440e-02 6.144104152917861938e-02 8.180673420429229736e-02 1.618983224034309387e-02 3.013559430837631226e-02 5.047022551298141479e-02 2.373603172600269318e-02 4.954620823264122009e-02 4.052158445119857788e-02 3.805160894989967346e-02 4.005905985832214355e-02 2.584303170442581177e-02 1.446037366986274719e-02 2.019515447318553925e-02 1.694970205426216125e-02 4.395101591944694519e-02 2.869597449898719788e-02 6.448639929294586182e-02 3.281985223293304443e-02 4.312659613788127899e-03 4.235342144966125488e-02 3.534278646111488342e-02 1.163146225735545158e-03 3.248135000467300415e-02 8.567510172724723816e-03 1.591067947447299957e-02 1.696307957172393799e-02 3.172354027628898621e-02 4.275349527597427368e-02
1.466835848987102509e-02 1.522990614175796509e-01 8.197946473956108093e-03 3.228320553898811340e-02 4.488955438137054443e-02 9.572527557611465454e-02 4.719614088535308838e-01 1.863667555153369904e-02 2.014008164405822754e-02 3.416508436203002930e-02 1.529927551746368408e-02 4.517680034041404724e-02 1.726342551410198212e-02 2.175695821642875671e-02 1.608698442578315735e-02 8.047405630350112915e-03 3.978773020207881927e-03 4.303198680281639099e-02 4.318015277385711670e-02 3.282085806131362915e-02 8.060446940362453461e-03 2.884241193532943726e-02 2.577641792595386505e-02 1.929915696382522583e-02 4.704113304615020752e-02 1.587872952222824097e-02 3.493494540452957153e-02 2.591575961560010910e-03 2.294146642088890076e-02 2.586525678634643555e-02 4.434554278850555420e-02 3.526353836059570312e-02 2.223693206906318665e-02 2.846932969987392426e-02 4.433630406856536865e-02 1.764925941824913025e-02 8.965571410953998566e-03 1.221527159214019775e-02 6.339943967759609222e-03 3.774689882993698120e-02 4.067377187311649323e-03 5.024437326937913895e-03 2.147266268730163574e-02 1.014971826225519180e-02 3.659723699092864990e-02 5.320009216666221619e-02 1.569652259349822998e-01 1.963263005018234253e-01 5.381033755838871002e-03 8.635803125798702240e-03 1.407134439796209335e-02 1.064095459878444672e-02 3.825191780924797058e-02 5.151972174644470215e-02 4.358876496553421021e-02 4.074993729591369629e-02 2.535467222332954407e-02 4.294517636299133301e-02 2.991327457129955292e-02 1.024636626243591309e-02 2.714070118963718414e-02 2.549362182617187500e-02 7.209461182355880737e-03 3.728796436917036772e-04 2.270427159965038300e-02 1.247481256723403931e-02 1.115486398339271545e-02 1.010016351938247681e-02 2.469550631940364838e-02 2.291614376008510590e-02 3.509287163615226746e-02 3.187420219182968140e-02 4.549571871757507324e-02 6.878095213323831558e-03 4.397552087903022766e-02 3.546477109193801880e-02 3.109768964350223541e-02 1.444744504988193512e-02 2.760413102805614471e-02 8.057229220867156982e-03 3.893492510542273521e-03 1.503336988389492035e-02 4.455468151718378067e-03 1.119182072579860687e-02 1.910871267318725586e-02 1.459628157317638397e-02 4.595465958118438721e-02 6.699738558381795883e-03 8.717797696590423584e-03 7.139118388295173645e-03 6.188498437404632568e-02 3.018557280302047729e-02 3.561169281601905823e-02 1.727284980006515980e-03 2.790684625506401062e-02 1.424540113657712936e-02 2.077570743858814240e-02 4.408306442201137543e-03 1.137868152000010014e-03 1.995095983147621155e-02 4.157069325447082520e-02 1.845453120768070221e-02 7.649426814168691635e-03 4.906323924660682678e-02 4.860343411564826965e-02 1.571451127529144287e-02 1.272215694189071655e-02 9.095977991819381714e-03 1.327736768871545792e-02 9.046454797498881817e-04 4.777088388800621033e-02 3.464371198788285255e-03 6.985711865127086639e-03 1.738967001438140869e-02 1.802809722721576691e-02 1.210070867091417313e-02
1.234557572752237320e-02 2.483184263110160828e-02 1.189965605735778809e-01 8.910074247978627682e-04 1.666909269988536835e-02 1.605302095413208008e-02 1.863667555153369904e-02 4.752038121223449707e-01 3.406694857403635979e-03 3.311440721154212952e-02 4.299961961805820465e-03 1.904328353703022003e-02 1.013573259115219116e-02 3.066036477684974670e-02 5.663656815886497498e-02 1.195539813488721848e-02 4.305634647607803345e-03 3.033132664859294891e-02 2.689689426915720105e-05 3.387313568964600563e-03 1.948156394064426422e-02 6.655434519052505493e-02 1.413633697666227818e-03 8.247467689216136932e-03 1.780949160456657410e-02 2.986100316047668457e-02 4.439247399568557739e-02 2.284261398017406464e-02 4.022570326924324036e-02 3.393529728055000305e-02 2.649857848882675171e-02 2.942128479480743408e-02 4.644748196005821228e-02 1.204244559630751610e-03 4.897165298461914062e-02 4.503495525568723679e-03 2.440218999981880188e-02 1.450918428599834442e-02 5.992114543914794922e-03 2.218312770128250122e-02 1.752065122127532959e-02 3.341200202703475952e-02 5.135834217071533203e-04 1.457514613866806030e-02 1.736198924481868744e-02 4.001458641141653061e-03 9.826146066188812256e-03 2.255998551845550537e-02 5.220193043351173401e-02 1.339985616505146027e-02 8.350807428359985352e-02 7.125485688447952271e-02 6.905380869284272194e-04 3.978439420461654663e-02 9.194148704409599304e-03 1.903011649847030640e-02 4.813517630100250244e-02 2.992190979421138763e-02 2.876758761703968048e-02 2.617376483976840973e-02 3.338129445910453796e-02 2.514467760920524597e-02 3.452501818537712097e-02 2.609230391681194305e-02 1.988750882446765900e-02 7.588556967675685883e-03 5.029430612921714783e-03 2.687097899615764618e-02 6.421263795346021652e-03 1.227643806487321854e-02 2.528364211320877075e-02 6.532788276672363281e-03 2.596431784331798553e-02 5.326126702129840851e-03 3.271615505218505859e-02 1.542699243873357773e-02 3.394378349184989929e-02 1.203443389385938644e-02 2.231544256210327148e-02 2.074802480638027191e-02 1.992760747671127319e-01 1.008258685469627380e-01 9.036706760525703430e-03 4.851667210459709167e-02 2.158160507678985596e-02 4.712627734988927841e-03 9.072707593441009521e-02 3.090005740523338318e-02 7.640705909579992294e-03 9.639153140597045422e-04 2.655761502683162689e-02 2.312266966328024864e-03 4.044507443904876709e-02 5.201194435358047485e-02 1.698362827301025391e-02 1.703590387478470802e-03 2.816279605031013489e-02 1.096143107861280441e-02 1.053545903414487839e-02 1.348234992474317551e-02 1.464484632015228271e-02 9.812847711145877838e-03 2.463955665007233620e-03 2.554439567029476166e-02 3.834121674299240112e-02 5.467687547206878662e-02 3.717843070626258850e-02 4.369220137596130371e-02 5.021253228187561035e-02 3.635449334979057312e-02 3.413959220051765442e-02 2.347683906555175781e-02 3.253842890262603760e-02 4.579987376928329468e-02 2.824551053345203400e-02 1.390493568032979965e-02
2.553866989910602570e-02 1.688829623162746429e-02 4.003239423036575317e-02 3.243272379040718079e-02 1.667130365967750549e-02 1.938999746926128864e-03 2.014008164405822754e-02 3.406694857403635979e-03 4.838164448738098145e-01 6.155550479888916016e-02 2.636447735130786896e-02 3.493021801114082336e-02 6.676735728979110718e-02 3.851825371384620667e-02 3.065563179552555084e-02 8.948115631937980652e-03 2.295628003776073456e-02 9.684102237224578857e-02 3.925323486328125000e-02 6.301534827798604965e-03 2.525353990495204926e-02 4.212287068367004395e-02 1.541665662080049515e-02 6.009992677718400955e-03 1.363806799054145813e-02 2.531271055340766907e-02 3.691128268837928772e-02 3.345799818634986877e-02 9.870631620287895203e-03 7.309952750802040100e-03 9.144008159637451172e-03 1.750526949763298035e-02 9.087086655199527740e-03 2.932908385992050171e-02 4.178103059530258179e-02 1.523240935057401657e-02 1.793439872562885284e-02 2.282451093196868896e-02 2.325552329421043396e-02 3.769897855818271637e-03 2.101285941898822784e-02 2.896424569189548492e-02 3.355700522661209106e-02 4.845580458641052246e-02 2.472398430109024048e-02 9.550801478326320648e-03 2.166581526398658752e-02 3.966791555285453796e-03 1.372909918427467346e-02 4.268328659236431122e-03 1.775602251291275024e-02 3.769129887223243713e-02 4.574037343263626099e-02 3.002412244677543640e-02 5.465734750032424927e-02 1.004330348223447800e-02 6.599084008485078812e-04 4.618991911411285400e-02 6.582025671377778053e-04 5.044546350836753845e-02 4.279841110110282898e-02 1.500452216714620590e-02 4.052473977208137512e-02 2.844208292663097382e-02 1.121909637004137039e-02 9.753221645951271057e-03 2.228725515305995941e-02 3.369047492742538452e-02 2.893602475523948669e-02 3.175073862075805664e-02 1.296812109649181366e-02 2.218381734564900398e-03 1.684596389532089233e-02 1.113087311387062073e-02 7.680582348257303238e-03 4.489159211516380310e-02 8.948595821857452393e-02 2.776922471821308136e-02 6.913416087627410889e-02 2.322275750339031219e-02 9.521077387034893036e-03 8.721536723896861076e-04 3.884589299559593201e-02 3.459043428301811218e-02 2.289813244715332985e-03 9.867803193628787994e-03 4.359031841158866882e-02 1.121599879115819931e-02 8.761699497699737549e-02 8.672301191836595535e-04 8.355331607162952423e-03 4.369476810097694397e-02 2.793013118207454681e-02 2.318903431296348572e-02 6.888795178383588791e-04 2.505216188728809357e-02 2.488045953214168549e-02 3.070770017802715302e-02 3.997822850942611694e-02 5.474632605910301208e-03 3.167506074532866478e-03 3.091113083064556122e-02 3.025433421134948730e-02 2.139338664710521698e-02 1.692788302898406982e-02 2.655688114464282990e-02 4.086213186383247375e-02 2.771057747304439545e-02 3.543451428413391113e-02 5.883389152586460114e-03 4.311925545334815979e-02 3.659969195723533630e-02 1.424630731344223022e-02 3.504953533411026001e-02 2.167080715298652649e-02 2.599509805440902710e-02
5.149229988455772400e-02 3.895358182489871979e-03 1.195369288325309753e-03 2.106778509914875031e-02 4.153969138860702515e-02 3.237170353531837463e-02 3.416508436203002930e-02 3.311440721154212952e-02 6.155550479888916016e-02 4.955381751060485840e-01 3.988057747483253479e-02 5.064139142632484436e-02 4.068243876099586487e-02 6.128612905740737915e-02 4.457808285951614380e-02 5.297198146581649780e-02 5.715817958116531372e-02 2.140590362250804901e-02 4.437259957194328308e-02 1.807285472750663757e-02 2.651003748178482056e-02 4.548094235360622406e-03 2.259500510990619659e-02 4.257726948708295822e-03 2.534104511141777039e-02 3.450739895924925804e-03 1.644582301378250122e-02 2.341330423951148987e-02 4.112648591399192810e-02 2.071726694703102112e-02 1.389572583138942719e-02 5.125518888235092163e-02 3.786695003509521484e-02 1.643506623804569244e-02 3.993790969252586365e-02 3.225476667284965515e-02 4.228749871253967285e-02 2.846019156277179718e-02 5.019316449761390686e-02 2.975287474691867828e-02 5.653181578963994980e-03 2.978195808827877045e-02 8.961420506238937378e-03 1.687622256577014923e-02 7.103461306542158127e-03 6.427052617073059082e-02 4.148231819272041321e-02 3.208310902118682861e-02 1.075734011828899384e-02 6.899031996726989746e-02 1.243584789335727692e-02 5.928757134824991226e-03 4.324385151267051697e-02 5.153642501682043076e-03 1.272917166352272034e-02 7.724864780902862549e-02 4.011086188256740570e-03 9.024042636156082153e-03 1.943382807075977325e-02 2.837939374148845673e-02 1.941113732755184174e-03 2.893802151083946228e-02 4.554003104567527771e-02 3.849946334958076477e-02 3.546980768442153931e-02 3.996020928025245667e-02 9.435070678591728210e-03 1.700094155967235565e-02 9.866069070994853973e-03 4.144214559346437454e-03 4.850154370069503784e-02 4.538335278630256653e-02 5.501459538936614990e-02 3.071592934429645538e-02 1.333103887736797333e-02 2.209905348718166351e-02 4.191082553006708622e-04 1.094793304800987244e-01 2.667320892214775085e-02 1.153922900557518005e-01 2.447832562029361725e-02 3.528842329978942871e-02 4.749252274632453918e-02 1.832571625709533691e-02 2.620790898799896240e-02 5.811566952615976334e-03 2.499333024024963379e-02 3.709531738422811031e-04 7.271740585565567017e-02 1.196127533912658691e-01 1.898789405822753906e-02 3.985364362597465515e-02 1.331794820725917816e-02 1.471536234021186829e-02 1.434061769396066666e-02 2.336911158636212349e-03 2.826230973005294800e-02 9.333571651950478554e-04 7.437915774062275887e-04 8.601505309343338013e-03 2.174022607505321503e-02 2.763736620545387268e-02 4.143708944320678711e-02 3.661701455712318420e-02 2.626940840855240822e-03 3.128078952431678772e-02 5.692133214324712753e-03 5.152265354990959167e-02 2.998348884284496307e-02 3.024275228381156921e-02 3.576600225642323494e-03 1.058997120708227158e-02 2.339342422783374786e-02 9.907574392855167389e-03 4.948755260556936264e-03 2.196628972887992859e-02
1.461837440729141235e-01 1.275373809039592743e-02 3.511377796530723572e-02 3.425775095820426941e-02 4.926380142569541931e-02 7.437224686145782471e-02 1.529927551746368408e-02 4.299961961805820465e-03 2.636447735130786896e-02 3.988057747483253479e-02 4.584286808967590332e-01 5.231894552707672119e-02 4.053440690040588379e-02 7.839416712522506714e-02 9.508583694696426392e-03 3.436946496367454529e-02 2.332438342273235321e-02 4.114870354533195496e-02 3.839033469557762146e-02 4.012877494096755981e-02 1.869526877999305725e-02 2.728133276104927063e-02 4.796334728598594666e-02 3.958401083946228027e-02 2.140056155622005463e-02 5.184309091418981552e-03 4.120113700628280640e-02 2.001655957428738475e-04 3.744198754429817200e-02 3.440687200054526329e-03 1.334625389426946640e-02 4.657210782170295715e-02 7.263945881277322769e-03 1.989589445292949677e-02 1.564495638012886047e-02 3.149067237973213196e-02 2.040597423911094666e-02 4.442682117223739624e-02 9.463426657021045685e-03 3.285260871052742004e-02 4.413038492202758789e-02 1.497962791472673416e-02 2.011543326079845428e-02 5.700975889340043068e-04 1.642467454075813293e-02 8.836635388433933258e-03 1.222451217472553253e-02 2.382463403046131134e-02 1.342020370066165924e-02 4.157879203557968140e-02 1.432345528155565262e-02 1.270991098135709763e-02 1.044697128236293793e-02 3.082391805946826935e-03 3.178543969988822937e-02 3.719608485698699951e-02 1.557929348200559616e-02 5.251158773899078369e-02 9.126865305006504059e-03 9.102588519454002380e-03 1.329846680164337158e-02 1.777461543679237366e-02 4.238288849592208862e-02 4.725380800664424896e-03 4.706534743309020996e-02 2.714379876852035522e-02 3.256827592849731445e-02 7.879792712628841400e-03 3.807274252176284790e-02 3.154665604233741760e-02 2.244823426008224487e-02 4.235759750008583069e-02 1.751387864351272583e-02 1.744177564978599548e-02 8.095143362879753113e-03 4.639993607997894287e-02 3.988253697752952576e-02 1.755348988808691502e-03 1.606642827391624451e-02 1.468413509428501129e-02 4.616294056177139282e-02 4.617398604750633240e-02 3.052582032978534698e-02 1.303286058828234673e-03 1.523382309824228287e-02 4.720558226108551025e-02 8.260443806648254395e-03 4.884722176939249039e-03 4.406716302037239075e-02 3.014389052987098694e-02 2.128084935247898102e-02 2.210169471800327301e-02 4.834379628300666809e-02 2.172023430466651917e-02 3.310581669211387634e-02 5.549121648073196411e-02 2.915902063250541687e-02 4.133434221148490906e-02 2.228685840964317322e-02 1.907846704125404358e-02 9.600902907550334930e-03 3.808764368295669556e-02 2.846925891935825348e-02 1.894928514957427979e-02 1.010163314640522003e-02 4.093606397509574890e-02 4.047477990388870239e-02 4.113055020570755005e-02 8.224894292652606964e-03 2.534705772995948792e-02 2.777063101530075073e-02 5.865128245204687119e-03 3.659401834011077881e-02 6.632940378040075302e-03 1.749466173350811005e-02 3.597289323806762695e-02
5.395898595452308655e-02 4.318634420633316040e-02 5.445844307541847229e-02 1.851248741149902344e-02 2.956403046846389771e-02 9.667697548866271973e-02 4.517680034041404724e-02 1.904328353703022003e-02 3.493021801114082336e-02 5.064139142632484436e-02 5.231894552707672119e-02 4.822547435760498047e-01 3.469393402338027954e-02 2.063655108213424683e-01 4.551966488361358643e-02 1.807645149528980255e-02 1.849234290421009064e-02 4.257690533995628357e-02 1.376163586974143982e-02 3.418504819273948669e-02 3.939250111579895020e-02 1.372061856091022491e-02 2.007843367755413055e-02 3.421705588698387146e-02 4.461319744586944580e-02 4.170541837811470032e-02 6.053892895579338074e-03 3.229532390832901001e-03 2.863265387713909149e-02 2.934045530855655670e-02 8.577008731663227081e-03 2.424470521509647369e-02 2.922317013144493103e-02 4.642803221940994263e-02 1.162000466138124466e-02 1.775088906288146973e-02 4.147864133119583130e-02 4.290008917450904846e-03 3.048363886773586273e-02 3.576568793505430222e-03 7.253707852214574814e-03 3.380878269672393799e-02 2.088409103453159332e-02 7.185380160808563232e-02 2.205752767622470856e-02 1.241642143577337265e-02 2.052837237715721130e-02 2.143837511539459229e-02 1.692225597798824310e-02 2.912497334182262421e-02 2.934467792510986328e-02 6.999292969703674316e-02 3.732681274414062500e-02 1.065294444561004639e-02 6.803449708968400955e-03 2.262221835553646088e-02 5.513288825750350952e-02 6.200145930051803589e-02 1.677603833377361298e-02 5.437757447361946106e-02 4.737716168165206909e-02 5.133518949151039124e-02 3.567858040332794189e-02 4.387312009930610657e-02 1.818560622632503510e-02 4.807556420564651489e-02 2.448888495564460754e-03 2.864859625697135925e-02 4.551969468593597412e-02 3.631747514009475708e-02 1.224991492927074432e-02 3.668219968676567078e-02 3.394519910216331482e-02 2.394103817641735077e-02 1.843492873013019562e-02 2.485008351504802704e-02 4.479540511965751648e-02 3.882655873894691467e-02 7.821368635632097721e-04 6.163905560970306396e-02 3.521416708827018738e-02 3.931393474340438843e-02 1.153626199811697006e-02 3.502725437283515930e-02 2.903152257204055786e-02 2.183408848941326141e-02 5.828373832628130913e-04 2.770616300404071808e-02 1.377046555280685425e-01 1.259551346302032471e-01 4.525544121861457825e-02 3.973642364144325256e-02 1.359927002340555191e-02 2.407824620604515076e-03 3.657394554466009140e-03 1.153182424604892731e-02 4.178071394562721252e-02 1.322323270142078400e-02 2.004935033619403839e-02 3.508418425917625427e-02 3.926096949726343155e-03 4.771705716848373413e-03 3.463241457939147949e-02 4.371402040123939514e-02 2.477620914578437805e-02 2.649378217756748199e-02 9.506008587777614594e-03 1.573171094059944153e-02 3.433443605899810791e-02 6.610869430005550385e-03 1.213661953806877136e-02 8.227335289120674133e-03 1.306604407727718353e-02 1.457674708217382431e-02 3.051785752177238464e-02 1.782469218596816063e-03
3.076338442042469978e-03 1.316376030445098877e-01 1.249827537685632706e-02 1.928233914077281952e-02 4.151220619678497314e-02 3.399698808789253235e-02 1.726342551410198212e-02 1.013573259115219116e-02 6.676735728979110718e-02 4.068243876099586487e-02 4.053440690040588379e-02 3.469393402338027954e-02 4.521610438823699951e-01 1.782456226646900177e-02 4.417562391608953476e-03 3.200229257345199585e-02 1.263474393635988235e-02 5.534059926867485046e-02 6.846819818019866943e-02 2.931063249707221985e-02 8.685257635079324245e-04 3.858208656311035156e-02 2.803628332912921906e-02 3.965926170349121094e-02 3.810170292854309082e-02 2.718237787485122681e-02 1.704765856266021729e-02 1.343531627207994461e-02 3.642605990171432495e-02 7.240513805299997330e-03 1.483178418129682541e-02 2.972709015011787415e-02 1.900656893849372864e-02 9.100177325308322906e-03 2.046826295554637909e-02 3.532712813466787338e-03 7.176806218922138214e-03 3.272208198904991150e-02 1.179950544610619545e-03 3.554296493530273438e-02 9.434790350496768951e-03 2.498583868145942688e-02 4.067837819457054138e-02 6.105081178247928619e-03 6.573837250471115112e-02 7.399324327707290649e-02 7.707947865128517151e-03 3.514279052615165710e-02 3.583974018692970276e-02 7.319530006498098373e-03 1.725930534303188324e-02 1.529793068766593933e-02 1.848114840686321259e-02 3.130953013896942139e-02 1.320237945765256882e-02 2.435641549527645111e-02 2.995460294187068939e-02 3.993714973330497742e-02 1.505143009126186371e-03 6.344764027744531631e-03 2.994940616190433502e-03 1.001256331801414490e-02 3.823890164494514465e-02 3.189106285572052002e-02 7.479756139218807220e-03 7.863511145114898682e-02 2.707159519195556641e-02 2.075484581291675568e-02 1.244094222784042358e-02 7.764718495309352875e-03 4.655861854553222656e-02 1.023243833333253860e-02 3.032932244241237640e-02 2.291069366037845612e-02 2.640006504952907562e-02 2.305132895708084106e-02 2.513185702264308929e-02 8.321255445480346680e-03 2.360944449901580811e-02 2.983818016946315765e-02 3.306504711508750916e-02 2.988475002348423004e-02 4.403363564051687717e-04 1.956114731729030609e-02 4.352267459034919739e-02 9.228914044797420502e-03 2.722917869687080383e-02 2.314410172402858734e-02 5.042429268360137939e-02 3.580764681100845337e-02 2.125250361859798431e-02 3.034149482846260071e-02 7.139387726783752441e-02 3.302010521292686462e-02 7.176015526056289673e-03 3.950674086809158325e-03 3.762204572558403015e-02 2.230078540742397308e-02 8.382770232856273651e-03 2.932154387235641479e-02 1.159805431962013245e-02 2.651277929544448853e-02 4.211924970149993896e-02 3.035161457955837250e-02 5.232695490121841431e-02 3.055409714579582214e-02 1.393211167305707932e-02 2.538700774312019348e-02 2.133452566340565681e-03 1.153006684035062790e-02 4.392914474010467529e-02 3.593548899516463280e-03 4.063375666737556458e-02 3.913354501128196716e-02 5.974501371383666992e-03 2.724128030240535736e-02
