4.770148992538452148e-01 2.186527699232101440e-01 1.502030622214078903e-02 7.198569364845752716e-03 2.444672863930463791e-03 1.317210346460342407e-01 1.156954690814018250e-01 2.268547937273979187e-02 2.585642784833908081e-02 1.187206991016864777e-02 1.737195253372192383e-01 8.052661432884633541e-04 1.267548203468322754e-01 4.009062424302101135e-02 1.234462251886725426e-03 1.566200889647006989e-02 3.565257415175437927e-03 7.806122768670320511e-03 6.997786462306976318e-03 4.612905159592628479e-02 3.015162236988544464e-02 1.325773075222969055e-02 9.628711268305778503e-03 3.904094547033309937e-02 4.189278185367584229e-02 3.492570295929908752e-02 1.361733023077249527e-02 2.954658307135105133e-02 4.672929644584655762e-02 2.974685467779636383e-02 1.252792309969663620e-02 5.747246555984020233e-03 1.157516986131668091e-02 2.108206413686275482e-02 3.020731732249259949e-02 2.776806801557540894e-02 7.238123565912246704e-02 4.696687310934066772e-02 3.116527199745178223e-02 2.224576659500598907e-02 2.491657808423042297e-02 4.460896179080009460e-02 3.348863497376441956e-02 4.572593141347169876e-03 5.410986393690109253e-02 3.835387527942657471e-02 5.490075424313545227e-02 1.989047974348068237e-02 1.494744885712862015e-02 5.643920507282018661e-03 2.384725213050842285e-02 2.558356616646051407e-03 2.233644016087055206e-02 2.854686230421066284e-02 1.189517509192228317e-02 3.995257988572120667e-02 1.291948277503252029e-02 3.748283162713050842e-02 3.814064711332321167e-02 1.882987469434738159e-02 2.383481152355670929e-02 3.939737379550933838e-02 4.038571938872337341e-02 1.560475304722785950e-02 5.336343124508857727e-02 6.851931102573871613e-03 9.358081035315990448e-03 2.940804325044155121e-02 4.287098720669746399e-02 3.771454468369483948e-02 2.877055481076240540e-02 2.954383566975593567e-02 3.045575879514217377e-02 8.156383046298287809e-06 2.068278007209300995e-02 4.572773724794387817e-02 1.164287514984607697e-02 3.649430349469184875e-02 2.356948889791965485e-02 1.745174266397953033e-02 8.705466752871870995e-04 3.129584249109029770e-03 3.812897577881813049e-02 8.964863605797290802e-03 5.751465447247028351e-03 1.656203530728816986e-02 1.363754831254482269e-02 3.678812645375728607e-03 1.501421257853507996e-02 2.495496906340122223e-02 3.141649439930915833e-02 6.954152137041091919e-02 4.113775119185447693e-02 4.062698688358068466e-03 2.609323523938655853e-02 1.620389521121978760e-02 6.348846480250358582e-03 1.562688127160072327e-02 1.283641322515904903e-03 1.977059245109558105e-02 1.458317413926124573e-02 8.135617710649967194e-03 3.320526704192161560e-02 2.835691347718238831e-02 3.635698556900024414e-02 3.703071922063827515e-02 8.268661797046661377e-03 4.903658851981163025e-02 3.861752571538090706e-03 7.136358413845300674e-03 1.707598712528124452e-04 1.190778799355030060e-02 4.036275669932365417e-02 1.577525399625301361e-02 3.622728399932384491e-03 2.172048203647136688e-02
2.186527699232101440e-01 4.781319200992584229e-01 2.394365705549716949e-02 7.078084629029035568e-03 4.790911450982093811e-02 1.206445246934890747e-01 1.380479931831359863e-01 4.174766689538955688e-02 2.382598631083965302e-02 1.143557392060756683e-02 1.243419423699378967e-01 2.799636125564575195e-02 1.611685454845428467e-01 4.612869024276733398e-02 2.085091546177864075e-02 2.461719326674938202e-02 4.000703245401382446e-02 3.647407889366149902e-02 4.042654484510421753e-02 6.857193075120449066e-03 1.842819713056087494e-02 2.762235142290592194e-02 4.075324162840843201e-02 3.342937305569648743e-02 2.158007957041263580e-02 1.647719927132129669e-02 7.700470276176929474e-03 7.115022744983434677e-03 1.712244749069213867e-02 3.524405183270573616e-03 3.205134347081184387e-02 2.359800972044467926e-02 3.553862869739532471e-02 3.080266900360584259e-02 9.991182945668697357e-03 7.688336819410324097e-02 9.031067043542861938e-02 1.836293749511241913e-02 2.796931937336921692e-02 5.805065389722585678e-03 1.073533669114112854e-02 1.971928030252456665e-02 3.072353079915046692e-02 7.331575267016887665e-03 3.062565997242927551e-02 3.366192569956183434e-03 7.057056576013565063e-02 6.202151253819465637e-02 2.962081693112850189e-02 2.386185154318809509e-02 1.074349973350763321e-02 2.634275145828723907e-02 4.164677485823631287e-02 1.821647956967353821e-02 2.927456423640251160e-02 1.186874508857727051e-02 1.461676042526960373e-02 4.207039251923561096e-02 1.355786900967359543e-02 4.101609066128730774e-02 2.442199923098087311e-02 3.187912330031394958e-02 8.960790582932531834e-04 1.911427266895771027e-02 2.284493111073970795e-02 9.002215228974819183e-03 1.972084306180477142e-02 2.043631672859191895e-02 1.011503767222166061e-02 3.776208311319351196e-02 3.372475132346153259e-02 3.299820423126220703e-02 3.227123245596885681e-02 1.108234096318483353e-02 9.245735593140125275e-03 4.817866161465644836e-02 2.693021483719348907e-02 1.903207856230437756e-03 4.779772460460662842e-02 8.327035233378410339e-03 4.432933405041694641e-02 7.127074059098958969e-03 2.242533862590789795e-02 3.552498668432235718e-02 2.465816773474216461e-02 2.423210255801677704e-02 2.195941284298896790e-02 9.814098477363586426e-03 3.538851439952850342e-02 2.837132476270198822e-02 2.192194573581218719e-02 6.606645137071609497e-02 1.529500540345907211e-02 7.748778909444808960e-03 2.450594864785671234e-02 1.534219132736325264e-03 1.028120331466197968e-02 3.429405391216278076e-02 2.910160273313522339e-02 7.945220568217337132e-04 2.232482284307479858e-02 2.223421586677432060e-03 4.339921288192272186e-03 1.449726801365613937e-02 3.925606235861778259e-02 1.199773512780666351e-02 6.270418409258127213e-03 3.907104209065437317e-02 4.519214108586311340e-02 6.367322057485580444e-02 3.492096206173300743e-03 2.243584953248500824e-03 4.517279192805290222e-02 2.452689222991466522e-03 3.701589256525039673e-02 2.598837949335575104e-03
1.502030622214078903e-02 2.394365705549716949e-02 4.332608580589294434e-01 6.033964920789003372e-03 7.679436821490526199e-03 1.929447171278297901e-03 3.365579620003700256e-02 2.466215789318084717e-01 8.699795603752136230e-02 2.324588596820831299e-02 9.677467867732048035e-03 4.212552309036254883e-02 4.384373873472213745e-02 2.083267271518707275e-02 4.393934085965156555e-02 1.637879014015197754e-02 3.677932173013687134e-02 1.407672092318534851e-02 2.636490575969219208e-02 5.593600682914257050e-03 2.338649891316890717e-02 2.057187817990779877e-02 1.100652012974023819e-02 1.182639878243207932e-02 1.164827868342399597e-02 2.219196967780590057e-02 7.931093685328960419e-03 1.817426062189042568e-03 4.868499562144279480e-02 2.647260017693042755e-02 3.110080957412719727e-02 9.041238576173782349e-03 1.641296036541461945e-02 2.768078818917274475e-02 2.778154425323009491e-02 1.884297281503677368e-02 3.919328562915325165e-03 3.225740417838096619e-02 4.290038719773292542e-02 6.364645436406135559e-03 3.458687290549278259e-02 1.864453963935375214e-02 1.815017871558666229e-02 4.147110506892204285e-03 2.389857172966003418e-02 2.698253374546766281e-03 5.998351145535707474e-03 2.588251419365406036e-02 1.496265362948179245e-02 3.491524979472160339e-02 5.571405868977308273e-03 2.431729994714260101e-02 3.598895296454429626e-02 3.307962045073509216e-02 6.442455109208822250e-03 1.600733585655689240e-02 3.532782942056655884e-02 1.638306304812431335e-02 1.510691177099943161e-02 3.006488643586635590e-02 2.101820521056652069e-02 2.294122986495494843e-02 7.822039537131786346e-03 2.144131623208522797e-02 4.800568800419569016e-03 8.782471413724124432e-04 2.922585047781467438e-02 3.130396828055381775e-02 1.808094419538974762e-02 3.307835198938846588e-03 4.018758889287710190e-03 1.919473754242062569e-03 1.840931735932826996e-02 3.555895388126373291e-02 2.940883487462997437e-02 1.330589223653078079e-02 3.760384162887930870e-03 6.299126893281936646e-03 2.297713607549667358e-02 2.633498609066009521e-02 1.649479269981384277e-01 1.293286383152008057e-01 2.075768262147903442e-02 1.673902943730354309e-02 3.787595406174659729e-02 8.616379462182521820e-03 9.760728105902671814e-03 2.547786571085453033e-02 7.160682231187820435e-02 1.911798678338527679e-02 8.191676810383796692e-03 7.263069972395896912e-03 3.434367850422859192e-02 2.031845599412918091e-02 2.191053330898284912e-02 3.416469693183898926e-02 3.323007607832551003e-03 5.122842639684677124e-02 3.247445076704025269e-02 1.528482791036367416e-02 4.346522688865661621e-02 2.484489604830741882e-02 5.187901202589273453e-03 3.822664543986320496e-02 1.851668767631053925e-02 9.379900060594081879e-03 3.553403168916702271e-02 1.430604699999094009e-02 2.462950535118579865e-02 4.369102790951728821e-02 1.200797315686941147e-02 2.395968325436115265e-02 2.873395383358001709e-02 1.632369495928287506e-02 2.006766572594642639e-02 2.938146516680717468e-02
7.198569364845752716e-03 7.078084629029035568e-03 6.033964920789003372e-03 4.675631523132324219e-01 1.387294381856918335e-01 1.203746360260993242e-04 3.678202256560325623e-02 5.443025752902030945e-02 3.168585151433944702e-02 1.961242640390992165e-03 1.913072727620601654e-02 5.349687859416007996e-02 1.534897927194833755e-02 4.455912858247756958e-02 5.936831701546907425e-03 3.814166039228439331e-02 3.858909755945205688e-02 3.243069350719451904e-02 1.282053999602794647e-02 1.888261921703815460e-02 5.165346339344978333e-02 1.888573914766311646e-02 2.977379783987998962e-02 4.924502596259117126e-02 2.537953853607177734e-02 3.579885885119438171e-02 1.806607656180858612e-02 1.135893166065216064e-02 4.387285560369491577e-02 2.872341871261596680e-02 4.624519124627113342e-02 4.996544867753982544e-02 3.389826789498329163e-02 4.141502827405929565e-02 2.393142506480216980e-02 1.041958946734666824e-02 3.638696670532226562e-02 3.640853986144065857e-02 7.930468767881393433e-02 1.005022600293159485e-01 2.669220604002475739e-02 2.499485015869140625e-02 3.866775706410408020e-02 2.583016455173492432e-02 1.199752278625965118e-02 6.367086898535490036e-03 2.761356346309185028e-02 1.207629102282226086e-03 2.231058664619922638e-03 2.067286334931850433e-02 2.917651459574699402e-02 2.477763965725898743e-02 2.334182523190975189e-02 1.008883491158485413e-02 6.198012270033359528e-03 4.418629687279462814e-03 2.347704954445362091e-02 2.375759184360504150e-02 1.044830121099948883e-02 1.993839442729949951e-02 2.964233607053756714e-02 3.317793831229209900e-02 8.489016443490982056e-02 1.139404624700546265e-02 8.383001200854778290e-03 7.065105717629194260e-03 4.373926296830177307e-02 3.341061621904373169e-02 1.034123823046684265e-02 4.953550547361373901e-02 1.439945027232170105e-02 6.960963364690542221e-03 7.752401288598775864e-03 1.285447832196950912e-02 2.654908597469329834e-02 3.071787767112255096e-02 4.596316069364547729e-02 3.518645465373992920e-02 2.009095065295696259e-02 8.899775333702564240e-03 7.413280662149190903e-03 2.119005098938941956e-02 1.558729559183120728e-01 1.333411335945129395e-01 4.852342884987592697e-03 6.160610355436801910e-03 9.039718657732009888e-03 6.297389045357704163e-03 4.059232026338577271e-02 7.664246484637260437e-03 1.276643481105566025e-02 4.161068424582481384e-02 1.480317208915948868e-02 3.617855533957481384e-02 4.158749431371688843e-02 3.744726255536079407e-02 2.159395813941955566e-02 2.006698399782180786e-02 2.715335786342620850e-02 4.376277700066566467e-02 3.229160606861114502e-02 5.038964375853538513e-02 4.754313733428716660e-03 3.147875890135765076e-02 7.549052126705646515e-03 4.097897559404373169e-03 3.594315052032470703e-02 4.442746937274932861e-02 4.484960436820983887e-02 7.390881422907114029e-03 2.439297921955585480e-02 5.008177459239959717e-02 1.407154463231563568e-02 1.216293871402740479e-02 1.919074798934161663e-03 1.051179040223360062e-02
2.444672863930463791e-03 4.790911450982093811e-02 7.679436821490526199e-03 1.387294381856918335e-01 4.636757075786590576e-01 3.886147588491439819e-02 5.428057163953781128e-03 2.293159626424312592e-02 1.722631230950355530e-02 4.149853438138961792e-02 3.704738570377230644e-03 2.806397341191768646e-02 2.196378447115421295e-02 1.535279676318168640e-03 9.667123667895793915e-03 3.013617917895317078e-02 1.073507871478796005e-02 9.470465034246444702e-02 1.016019564121961594e-02 2.095246315002441406e-02 3.571675717830657959e-02 3.979604318737983704e-02 2.142409421503543854e-02 2.307834662497043610e-02 3.799144923686981201e-02 6.473853252828121185e-03 4.201878607273101807e-02 2.391257882118225098e-02 1.901908777654170990e-03 9.613114409148693085e-03 1.653752103447914124e-02 2.608168683946132660e-02 3.059848211705684662e-03 3.036589920520782471e-02 3.305920585989952087e-02 6.863524205982685089e-03 2.483544638380408287e-03 3.587317466735839844e-02 8.189120888710021973e-02 1.190551519393920898e-01 3.911505639553070068e-02 5.976619571447372437e-02 5.197235569357872009e-02 1.122688408941030502e-02 4.690461978316307068e-02 3.573577105998992920e-02 1.611411198973655701e-02 8.147663902491331100e-04 3.035766538232564926e-03 5.558714736253023148e-03 4.276331514120101929e-02 1.975112967193126678e-02 1.955965533852577209e-02 1.372250635176897049e-02 3.854344412684440613e-02 1.505515165627002716e-02 1.823288388550281525e-02 4.377519711852073669e-02 8.180047385394573212e-03 3.432495892047882080e-02 4.318559914827346802e-02 4.120216146111488342e-02 6.319457292556762695e-02 2.611970901489257812e-02 6.440457073040306568e-04 1.029465068131685257e-02 3.684613853693008423e-02 3.602229431271553040e-02 2.740573137998580933e-03 1.203815825283527374e-02 5.217163823544979095e-03 1.127963047474622726e-02 4.253693390637636185e-03 3.703288361430168152e-02 9.172726422548294067e-03 3.069837018847465515e-02 2.037494909018278122e-03 2.673536073416471481e-03 1.658806763589382172e-02 2.679471299052238464e-02 1.066702604293823242e-02 1.480858866125345230e-02 1.458897739648818970e-01 1.833940744400024414e-01 1.979265175759792328e-02 3.839447349309921265e-02 2.851973660290241241e-02 1.759635750204324722e-03 8.387028239667415619e-03 3.653144463896751404e-02 6.951746065169572830e-03 2.134604379534721375e-02 5.293313786387443542e-02 3.230335190892219543e-02 3.313139081001281738e-02 6.680678110569715500e-03 2.189603110309690237e-04 3.706332668662071228e-02 1.650237105786800385e-02 1.842305646277964115e-03 3.386287391185760498e-02 3.679082170128822327e-02 3.069921024143695831e-02 2.214257605373859406e-02 1.174427662044763565e-02 2.681020647287368774e-02 3.774892911314964294e-02 2.195225656032562256e-02 6.528096273541450500e-03 2.070082165300846100e-02 2.481983974575996399e-02 5.070453509688377380e-02 8.496603928506374359e-03 7.155219791457056999e-04 3.012645803391933441e-02 1.517064962536096573e-02
1.317210346460342407e-01 1.206445246934890747e-01 1.929447171278297901e-03 1.203746360260993242e-04 3.886147588491439819e-02 4.722906947135925293e-01 1.745721399784088135e-01 4.072138667106628418e-02 2.921440824866294861e-02 2.535787783563137054e-02 1.018079817295074463e-01 1.333522424101829529e-02 7.759582251310348511e-02 5.390366911888122559e-02 4.347258247435092926e-03 3.023240901529788971e-02 1.499962247908115387e-02 8.106632158160209656e-03 1.664678915403783321e-03 3.087685257196426392e-02 1.477471552789211273e-02 2.251992374658584595e-02 1.262059342116117477e-02 1.115522067993879318e-02 4.175419732928276062e-02 3.516854718327522278e-02 9.160014800727367401e-03 3.176385164260864258e-02 7.712209597229957581e-03 3.531374037265777588e-02 9.971166960895061493e-03 1.042099576443433762e-02 2.395548671483993530e-02 1.523057278245687485e-02 1.846061646938323975e-02 7.610280066728591919e-03 4.293848294764757156e-03 2.801167778670787811e-02 8.959361002780497074e-04 5.882459506392478943e-02 4.068635404109954834e-02 4.726642742753028870e-02 2.328317053616046906e-02 3.799366950988769531e-02 1.473085675388574600e-02 1.738774962723255157e-02 1.337693184614181519e-01 8.083903044462203979e-02 1.030809432268142700e-02 3.311054408550262451e-02 4.449868202209472656e-02 2.355492301285266876e-02 3.783169388771057129e-02 1.926567032933235168e-02 2.230409719049930573e-02 2.847137115895748138e-02 2.285176143050193787e-02 1.357621233910322189e-02 1.544719841331243515e-02 2.568202093243598938e-03 4.149166867136955261e-02 3.758098185062408447e-02 6.605242844671010971e-03 3.434096276760101318e-02 3.339615091681480408e-02 7.529704831540584564e-03 2.804575115442276001e-02 1.933036930859088898e-02 1.918137259781360626e-02 4.690108820796012878e-02 7.199754007160663605e-03 2.657218277454376221e-02 2.558746188879013062e-02 3.426292166113853455e-02 4.478581249713897705e-02 2.275928668677806854e-02 1.735212653875350952e-02 4.276423901319503784e-02 1.058023888617753983e-02 5.382538959383964539e-02 3.811307251453399658e-02 6.689005531370639801e-04 2.284893579781055450e-02 1.145314611494541168e-02 3.516575321555137634e-02 3.226821497082710266e-02 2.515080384910106659e-02 5.779144819825887680e-03 3.692923858761787415e-02 2.192110521718859673e-03 6.114016473293304443e-02 8.294051513075828552e-03 1.882606372237205505e-02 1.482041366398334503e-02 1.590573787689208984e-02 3.105268627405166626e-02 5.842187441885471344e-03 3.518453612923622131e-02 2.228765934705734253e-02 2.089204080402851105e-02 1.615537144243717194e-02 3.742572292685508728e-02 4.224083200097084045e-02 3.410927578806877136e-02 2.759471349418163300e-02 1.911835372447967529e-02 3.973622992634773254e-02 3.251776471734046936e-02 4.095133766531944275e-02 1.368060591630637646e-03 3.169012814760208130e-02 2.493572607636451721e-02 3.223578259348869324e-02 3.150832280516624451e-02 2.625795453786849976e-02 4.316083714365959167e-02
1.156954690814018250e-01 1.380479931831359863e-01 3.365579620003700256e-02 3.678202256560325623e-02 5.428057163953781128e-03 1.745721399784088135e-01 4.735566079616546631e-01 3.859762474894523621e-02 2.753196842968463898e-02 3.355169296264648438e-02 9.488052874803543091e-02 5.121383816003799438e-02 7.601688802242279053e-02 2.943707816302776337e-02 3.099991753697395325e-02 4.417118802666664124e-02 7.277247030287981033e-03 5.628630518913269043e-03 1.492919749580323696e-03 2.369198389351367950e-02 3.605886362493038177e-03 1.756641268730163574e-02 2.286075800657272339e-02 2.731378562748432159e-02 7.225386332720518112e-03 1.041543483734130859e-02 1.263527385890483856e-02 1.315946783870458603e-02 1.171522866934537888e-02 2.699871174991130829e-02 8.011930622160434723e-03 3.889973741024732590e-04 4.725460708141326904e-02 6.529241800308227539e-03 3.073311178013682365e-03 5.136810243129730225e-03 1.352685038000345230e-02 2.641971223056316376e-02 2.802337147295475006e-02 4.558834247291088104e-03 4.757618159055709839e-02 1.505638565868139267e-02 4.442964866757392883e-02 2.578167803585529327e-02 2.259317599236965179e-02 3.996855579316616058e-03 1.002139672636985779e-01 1.098449677228927612e-01 3.282864019274711609e-02 2.265565283596515656e-02 3.829022496938705444e-02 5.483032390475273132e-02 5.334594473242759705e-02 2.990788198076188564e-04 1.661209203302860260e-02 1.642699167132377625e-02 4.442310333251953125e-02 1.683285646140575409e-02 5.062473192811012268e-02 5.821125116199254990e-03 2.025542967021465302e-02 1.987189054489135742e-02 4.152603913098573685e-03 1.197123900055885315e-02 2.937763184309005737e-02 3.507626801729202271e-02 2.273866161704063416e-02 2.140762098133563995e-02 1.463646069169044495e-03 4.598902910947799683e-02 4.710062593221664429e-02 3.277794271707534790e-02 1.565508916974067688e-02 3.044464997947216034e-02 4.964463878422975540e-03 1.552279666066169739e-02 2.644643420353531837e-03 4.184043407440185547e-02 2.243571914732456207e-02 4.684616997838020325e-02 1.582830958068370819e-02 2.300713397562503815e-02 8.390315808355808258e-03 3.062892146408557892e-02 1.870948635041713715e-02 1.397345587611198425e-02 2.175008691847324371e-02 1.699074171483516693e-02 2.741902694106101990e-02 2.967370860278606415e-02 4.342024028301239014e-02 8.662533946335315704e-03 4.583472386002540588e-02 6.285403855144977570e-03 1.954469643533229828e-02 3.686323016881942749e-02 4.577669501304626465e-02 2.177612669765949249e-02 6.744432263076305389e-03 2.656571334227919579e-03 4.278941079974174500e-02 2.760971710085868835e-02 3.581127896904945374e-02 3.987177088856697083e-02 1.348103117197751999e-02 2.292389050126075745e-02 3.259946033358573914e-02 1.065657567232847214e-02 3.221146762371063232e-02 1.786039769649505615e-02 3.595631569623947144e-02 5.490630399435758591e-03 4.087622463703155518e-02 1.498303376138210297e-02 8.221937343478202820e-03 1.462401263415813446e-02
2.268547937273979187e-02 4.174766689538955688e-02 2.466215789318084717e-01 5.443025752902030945e-02 2.293159626424312592e-02 4.072138667106628418e-02 3.859762474894523621e-02 4.522583782672882080e-01 3.886988759040832520e-02 3.591012954711914062e-02 2.383982948958873749e-02 2.561800181865692139e-03 6.301000248640775681e-04 3.454414382576942444e-02 9.228492528200149536e-02 3.188378363847732544e-02 2.804702334105968475e-02 2.719882875680923462e-02 1.117242779582738876e-02 2.731631882488727570e-02 3.711105883121490479e-02 1.788757042959332466e-03 1.015313435345888138e-02 1.807810179889202118e-02 4.083069786429405212e-02 3.254342824220657349e-02 9.200835600495338440e-03 4.257037863135337830e-02 2.592441253364086151e-02 5.384278018027544022e-03 1.270579639822244644e-02 2.760591683909296989e-03 2.709658117964863777e-03 9.228223934769630432e-03 1.790606975555419922e-02 2.902341075241565704e-02 6.807780009694397449e-04 1.484899502247571945e-02 3.482710570096969604e-02 3.478079661726951599e-02 6.751997716492041945e-05 2.588805276900529861e-03 3.744919598102569580e-02 1.805676706135272980e-02 4.214119911193847656e-02 9.080474264919757843e-03 3.516078460961580276e-03 2.673369273543357849e-02 2.915955893695354462e-02 3.632669895887374878e-02 3.541602566838264465e-02 3.609912842512130737e-02 5.204438697546720505e-03 4.753284901380538940e-02 3.385313600301742554e-02 2.343631163239479065e-02 8.979010395705699921e-03 2.110960148274898529e-02 4.053431097418069839e-03 2.713138423860073090e-02 3.731800615787506104e-02 3.135275840759277344e-02 4.534194245934486389e-02 1.656276755966246128e-03 6.325439084321260452e-03 5.249053612351417542e-02 1.506303320638835430e-03 1.366419438272714615e-02 3.905067592859268188e-02 8.777872659265995026e-03 2.207273431122303009e-02 7.936584763228893280e-03 7.118061184883117676e-02 1.212859246879816055e-02 2.952875010669231415e-02 1.586419157683849335e-02 1.465294323861598969e-02 1.728069782257080078e-02 4.074497148394584656e-02 1.159650553017854691e-02 1.889135539531707764e-01 1.396853476762771606e-01 1.038431562483310699e-02 5.030775442719459534e-03 2.028435282409191132e-02 1.779819466173648834e-02 9.514689445495605469e-02 3.154994547367095947e-02 1.642054691910743713e-02 1.524979528039693832e-02 8.541702292859554291e-03 1.193015556782484055e-02 1.769341062754392624e-03 1.280498225241899490e-02 5.794542841613292694e-03 1.527407672256231308e-02 3.369959816336631775e-02 1.138079725205898285e-02 1.588668487966060638e-02 1.509572565555572510e-02 1.880053989589214325e-02 2.103240787982940674e-02 8.801379241049289703e-03 3.791565075516700745e-03 4.232770577073097229e-02 3.631638735532760620e-02 8.706555701792240143e-03 4.936809837818145752e-02 4.473930224776268005e-03 1.139226462692022324e-02 3.070790879428386688e-02 4.050371702760457993e-03 6.288779433816671371e-03 8.559198118746280670e-03 6.481023970991373062e-03 3.803702443838119507e-02
2.585642784833908081e-02 2.382598631083965302e-02 8.699795603752136230e-02 3.168585151433944702e-02 1.722631230950355530e-02 2.921440824866294861e-02 2.753196842968463898e-02 3.886988759040832520e-02 4.482012689113616943e-01 7.969214767217636108e-02 1.637008227407932281e-02 2.776467986404895782e-02 1.355738006532192230e-02 3.215493261814117432e-02 1.139004994183778763e-02 2.022196911275386810e-02 1.964280009269714355e-02 6.156732887029647827e-02 3.970469534397125244e-02 2.168497303500771523e-05 1.471555046737194061e-02 2.337564481422305107e-03 3.899529576301574707e-02 2.932592853903770447e-02 8.236546069383621216e-03 3.184682875871658325e-02 4.292700067162513733e-02 1.965509541332721710e-02 1.329315174371004105e-02 1.921782083809375763e-02 2.277221158146858215e-02 4.895900934934616089e-02 5.170151963829994202e-02 4.092346131801605225e-02 5.040442571043968201e-02 8.097750134766101837e-03 3.323464840650558472e-02 1.008075010031461716e-02 4.837783053517341614e-02 1.277077943086624146e-02 8.209618739783763885e-03 3.863620571792125702e-03 1.647417247295379639e-02 2.738443389534950256e-02 1.738432049751281738e-02 1.714956946671009064e-02 4.120551422238349915e-02 2.569210343062877655e-02 3.986395895481109619e-03 1.209062524139881134e-02 4.874395672231912613e-03 3.002719022333621979e-02 3.517097234725952148e-02 3.652371093630790710e-02 4.607633128762245178e-02 4.838465526700019836e-02 1.904940232634544373e-02 1.909295469522476196e-02 1.623560860753059387e-02 3.558424860239028931e-02 4.685684293508529663e-02 2.807767316699028015e-02 4.924679920077323914e-02 1.711652427911758423e-02 2.262822538614273071e-02 4.704074189066886902e-02 1.536843832582235336e-02 6.467573344707489014e-03 4.074554145336151123e-02 3.077389486134052277e-02 2.321579121053218842e-02 1.547672506421804428e-02 1.786492764949798584e-03 3.608467429876327515e-02 3.093244507908821106e-02 1.624579727649688721e-02 1.200257539749145508e-01 7.811546325683593750e-02 6.393454968929290771e-02 1.931038801558315754e-03 3.435316309332847595e-02 2.180248312652111053e-02 6.084879115223884583e-02 3.831097157672047615e-03 8.147126436233520508e-02 4.911300912499427795e-02 4.912419989705085754e-02 4.175820574164390564e-02 1.234958617715165019e-04 3.966407105326652527e-02 3.360886871814727783e-02 4.253643378615379333e-02 2.706998400390148163e-02 7.826278917491436005e-03 1.228551287204027176e-02 1.697535812854766846e-02 1.630271226167678833e-02 9.086638689041137695e-03 2.017814293503761292e-02 1.786897541023790836e-03 9.922744706273078918e-03 2.255718968808650970e-02 2.835256513208150864e-03 1.536741014569997787e-02 4.229191981721669436e-04 2.574510127305984497e-02 4.921942017972469330e-03 1.405168417841196060e-02 1.967485621571540833e-02 4.484326764941215515e-02 1.611807756125926971e-02 2.457185462117195129e-02 5.866224411875009537e-03 9.506262838840484619e-03 7.571183145046234131e-03 2.683455869555473328e-02
1.187206991016864777e-02 1.143557392060756683e-02 2.324588596820831299e-02 1.961242640390992165e-03 4.149853438138961792e-02 2.535787783563137054e-02 3.355169296264648438e-02 3.591012954711914062e-02 7.969214767217636108e-02 4.607993662357330322e-01 4.892884753644466400e-04 6.156423687934875488e-02 4.134626314043998718e-02 3.330437466502189636e-02 3.202997893095016479e-02 2.188756689429283142e-02 2.692389860749244690e-02 3.558347746729850769e-02 4.885642975568771362e-02 2.478056214749813080e-02 3.899836540222167969e-02 1.940921135246753693e-02 3.821469470858573914e-02 1.879210583865642548e-02 4.370410367846488953e-02 7.919310592114925385e-03 3.070979565382003784e-02 2.739699929952621460e-02 1.626303046941757202e-02 2.119158580899238586e-02 1.079200953245162964e-02 3.640663344413042068e-04 4.498473182320594788e-02 1.931577548384666443e-02 2.691141702234745026e-02 3.891391307115554810e-02 8.612521924078464508e-03 1.798136532306671143e-02 4.282515496015548706e-02 2.424705744488164783e-04 9.788836352527141571e-03 3.363857790827751160e-02 2.375516109168529510e-02 1.453381683677434921e-02 3.504749387502670288e-02 1.365202199667692184e-02 5.107619240880012512e-02 2.105648256838321686e-02 3.652546182274818420e-02 1.106927469372749329e-01 4.498205706477165222e-02 1.834651827812194824e-02 1.105523109436035156e-02 1.689494028687477112e-02 4.516707360744476318e-02 1.362387090921401978e-01 4.097813740372657776e-02 8.365165442228317261e-03 1.979120075702667236e-02 2.018625102937221527e-02 8.382174372673034668e-02 3.034731000661849976e-02 6.091650947928428650e-02 9.605306200683116913e-03 4.067368060350418091e-02 1.981902681291103363e-02 2.635238133370876312e-02 2.420181408524513245e-02 3.669920563697814941e-02 4.059116542339324951e-02 1.100754365324974060e-01 1.161734340712428093e-03 2.586246468126773834e-02 8.863449911586940289e-04 4.259109869599342346e-02 1.332451705820858479e-03 1.819652877748012543e-02 1.889807134866714478e-01 3.448514326009899378e-04 1.258070617914199829e-01 2.723025530576705933e-02 1.697116345167160034e-02 3.797440603375434875e-02 4.786108806729316711e-02 8.423514664173126221e-03 1.992506161332130432e-02 1.095536909997463226e-02 1.487810723483562469e-02 6.978502124547958374e-02 3.012335486710071564e-02 4.243087954819202423e-03 3.126961365342140198e-02 3.127302601933479309e-02 3.753670677542686462e-02 2.014127001166343689e-02 4.423649609088897705e-02 2.141962386667728424e-02 3.541817888617515564e-02 2.657453902065753937e-02 1.533403713256120682e-02 4.623821750283241272e-02 4.326287284493446350e-02 1.395107060670852661e-02 1.269757468253374100e-02 1.831414178013801575e-02 3.961550071835517883e-02 2.895331196486949921e-02 3.187908232212066650e-02 2.999941818416118622e-02 2.307552658021450043e-02 2.755855955183506012e-02 3.587187081575393677e-02 5.092329159379005432e-02 3.508757054805755615e-02 1.485329587012529373e-02 1.422694139182567596e-02
1.737195253372192383e-01 1.243419423699378967e-01 9.677467867732048035e-03 1.913072727620601654e-02 3.704738570377230644e-03 1.018079817295074463e-01 9.488052874803543091e-02 2.383982948958873749e-02 1.637008227407932281e-02 4.892884753644466400e-04 4.854479432106018066e-01 1.465809252113103867e-02 1.582566350698471069e-01 4.466007277369499207e-02 3.849039599299430847e-02 1.469484437257051468e-02 2.075783722102642059e-02 5.195184610784053802e-03 6.067663431167602539e-03 4.318509250879287720e-02 2.176456898450851440e-02 3.441843017935752869e-02 1.547680050134658813e-02 1.653308235108852386e-02 3.410480171442031860e-02 1.240440178662538528e-02 2.010690420866012573e-02 4.285728558897972107e-02 2.065729349851608276e-02 4.865292087197303772e-02 5.227528139948844910e-02 3.390307351946830750e-02 1.530639734119176865e-02 3.170951828360557556e-02 2.012727409601211548e-02 1.572646759450435638e-02 1.752216555178165436e-02 1.062923856079578400e-02 4.533372819423675537e-02 3.057475015521049500e-02 2.125795185565948486e-02 3.475917875766754150e-02 3.159178793430328369e-02 1.324990671128034592e-02 1.083375979214906693e-02 1.319671701639890671e-02 4.969599470496177673e-02 3.212309628725051880e-02 1.877213455736637115e-02 3.572455421090126038e-02 4.230990260839462280e-02 1.832054369151592255e-02 2.018967829644680023e-02 3.233582153916358948e-02 2.832411788403987885e-02 2.619188092648983002e-02 1.277171075344085693e-02 4.102197661995887756e-02 1.933662779629230499e-02 1.408927724696695805e-03 3.485690802335739136e-02 3.932751715183258057e-02 3.772888705134391785e-02 2.420278079807758331e-02 8.379265666007995605e-02 7.119306921958923340e-02 3.243754059076309204e-02 3.544401377439498901e-02 7.896319963037967682e-03 5.480822175741195679e-03 1.444625668227672577e-02 2.219375036656856537e-02 8.428796194493770599e-03 3.432260453701019287e-02 3.812349587678909302e-02 4.337912797927856445e-02 3.546974435448646545e-02 1.861587911844253540e-02 1.136028580367565155e-02 2.549044415354728699e-02 1.797119155526161194e-02 5.439783260226249695e-02 2.181653678417205811e-02 2.576602995395660400e-02 3.090265765786170959e-02 1.987656764686107635e-02 3.071823902428150177e-02 4.323603957891464233e-02 1.909961923956871033e-02 3.493063151836395264e-02 2.965720603242516518e-03 8.357542753219604492e-02 1.276637893170118332e-02 4.167371243238449097e-02 4.394853487610816956e-02 2.643611282110214233e-02 5.496886372566223145e-02 2.398850396275520325e-02 1.577942259609699249e-02 3.936956170946359634e-03 2.940972149372100830e-02 7.803887128829956055e-03 3.531629685312509537e-03 3.093839809298515320e-02 2.354810759425163269e-02 3.207218647003173828e-02 1.012630178593099117e-03 5.073799937963485718e-02 8.666250854730606079e-03 2.861774526536464691e-02 4.306579474359750748e-03 1.077923923730850220e-02 4.425605759024620056e-02 5.144606903195381165e-02 4.119156673550605774e-02 4.097009822726249695e-02
8.052661432884633541e-04 2.799636125564575195e-02 4.212552309036254883e-02 5.349687859416007996e-02 2.806397341191768646e-02 1.333522424101829529e-02 5.121383816003799438e-02 2.561800181865692139e-03 2.776467986404895782e-02 6.156423687934875488e-02 1.465809252113103867e-02 4.655952751636505127e-01 1.736226864159107208e-02 1.575167477130889893e-01 4.645352065563201904e-02 1.608662120997905731e-02 3.983351960778236389e-02 3.716106340289115906e-02 1.799777895212173462e-02 1.022307574748992920e-02 5.252675618976354599e-03 2.655322290956974030e-02 4.091461747884750366e-02 5.285942554473876953e-02 1.853951252996921539e-02 4.770918190479278564e-02 3.034417284652590752e-03 1.243057027459144592e-01 1.854963600635528564e-02 9.823390841484069824e-02 1.287108287215232849e-02 1.967937499284744263e-02 3.477285429835319519e-02 6.292085349559783936e-02 5.034385621547698975e-02 3.115008585155010223e-02 5.096508190035820007e-02 4.773649200797080994e-02 2.254065824672579765e-03 6.245200987905263901e-03 4.666187241673469543e-02 2.359075285494327545e-02 3.232024237513542175e-02 4.144240915775299072e-02 4.576076939702033997e-02 1.731719821691513062e-02 2.991612628102302551e-02 4.917176067829132080e-02 7.460497319698333740e-02 2.936896309256553650e-02 2.720062620937824249e-03 8.625837042927742004e-03 1.288660219870507717e-03 7.568618282675743103e-03 5.059775710105895996e-02 4.114603623747825623e-02 3.010358288884162903e-02 4.288157075643539429e-02 2.262578904628753662e-02 9.824193082749843597e-03 1.631958037614822388e-02 7.739040255546569824e-02 5.427200347185134888e-03 3.551233932375907898e-02 1.206406485289335251e-02 3.097621956840157509e-03 2.896744571626186371e-02 2.074537798762321472e-02 3.410508856177330017e-02 3.271508216857910156e-02 1.662355288863182068e-02 9.163251146674156189e-03 1.616510003805160522e-02 4.468354582786560059e-02 2.974174916744232178e-02 1.205480936914682388e-02 2.038322575390338898e-02 5.538758635520935059e-02 2.826971374452114105e-02 2.171275764703750610e-02 6.053004413843154907e-02 7.261790800839662552e-03 4.232716932892799377e-02 7.346889935433864594e-03 1.523787155747413635e-02 1.570347463712096214e-03 5.942182615399360657e-02 4.595680534839630127e-02 3.654493018984794617e-02 7.927646860480308533e-03 1.214399584569036961e-03 3.835560381412506104e-02 4.883527755737304688e-02 2.291421964764595032e-02 4.345231130719184875e-02 1.262874901294708252e-02 5.951043218374252319e-02 7.666440978937316686e-06 5.672836676239967346e-02 4.293998703360557556e-02 4.001808539032936096e-02 2.719169110059738159e-02 7.074749097228050232e-03 4.954700544476509094e-02 1.612699031829833984e-02 1.266564987599849701e-02 4.182082414627075195e-02 2.406807616353034973e-03 2.738376148045063019e-02 3.899408876895904541e-02 4.741597920656204224e-02 4.060495179146528244e-03 8.313696831464767456e-03 1.339290942996740341e-02 2.373551763594150543e-02 1.970655657351016998e-02
1.267548203468322754e-01 1.611685454845428467e-01 4.384373873472213745e-02 1.534897927194833755e-02 2.196378447115421295e-02 7.759582251310348511e-02 7.601688802242279053e-02 6.301000248640775681e-04 1.355738006532192230e-02 4.134626314043998718e-02 1.582566350698471069e-01 1.736226864159107208e-02 4.868541955947875977e-01 2.784219942986965179e-02 5.187217146158218384e-02 1.017482765018939972e-02 2.655407972633838654e-02 1.434184703975915909e-02 5.865417886525392532e-03 1.697445847094058990e-02 4.160035774111747742e-02 5.407973751425743103e-02 1.283638761378824711e-03 2.878765203058719635e-02 1.781040988862514496e-02 3.466878458857536316e-02 1.171011384576559067e-02 1.209981273859739304e-02 2.036202698945999146e-03 1.145471539348363876e-02 7.709713280200958252e-02 3.954650089144706726e-02 3.515805304050445557e-02 2.047392539680004120e-02 6.995953619480133057e-03 3.996771946549415588e-02 4.314163699746131897e-02 2.939842455089092255e-02 3.265082091093063354e-02 2.427465282380580902e-02 1.255291141569614410e-02 1.690382137894630432e-02 1.176806539297103882e-02 1.954804547131061554e-02 2.879269979894161224e-02 4.044212400913238525e-02 5.531233921647071838e-02 5.514032021164894104e-02 4.166858736425638199e-03 4.254775121808052063e-02 3.679449856281280518e-02 9.940277086570858955e-04 1.098153460770845413e-02 2.946463972330093384e-02 1.058216765522956848e-02 5.763102322816848755e-03 2.812668913975358009e-03 3.532120212912559509e-02 3.723191842436790466e-02 1.510816253721714020e-02 2.103875204920768738e-02 1.735931634902954102e-02 9.977413341403007507e-03 3.145044669508934021e-02 4.445009306073188782e-02 8.771495521068572998e-02 3.625152632594108582e-02 2.905185520648956299e-02 2.710012532770633698e-02 1.429972238838672638e-02 3.306524455547332764e-02 3.929048776626586914e-02 2.622957900166511536e-02 3.656263649463653564e-02 2.938780002295970917e-02 4.044621810317039490e-02 1.918404363095760345e-02 2.604852057993412018e-02 2.739281579852104187e-02 1.431771274656057358e-02 4.688504710793495178e-02 5.911439284682273865e-02 4.046692699193954468e-02 3.405814617872238159e-02 3.297096118330955505e-02 3.407434746623039246e-02 4.460044205188751221e-02 8.145759254693984985e-02 2.846038341522216797e-02 3.146523609757423401e-02 1.440342888236045837e-02 6.603877991437911987e-02 2.451747283339500427e-02 3.760160505771636963e-02 3.609456121921539307e-02 3.784601017832756042e-02 4.645945131778717041e-02 4.593706876039505005e-02 1.377889793366193771e-02 4.965840373188257217e-03 5.379600077867507935e-02 2.590374276041984558e-02 8.336165919899940491e-03 2.629346586763858795e-02 1.786459609866142273e-02 2.910599485039710999e-02 4.669018462300300598e-02 5.662228912115097046e-02 4.159856960177421570e-02 2.268644282594323158e-03 2.705387771129608154e-02 5.628254264593124390e-02 2.469567582011222839e-02 4.974614083766937256e-02 2.300587110221385956e-02 4.172893241047859192e-02
