4.565283954143524170e-01 2.762219309806823730e-01 2.189085632562637329e-02 6.508138962090015411e-03 2.667458169162273407e-02 4.979993402957916260e-02 3.106680326163768768e-02 2.241671830415725708e-02 4.321548342704772949e-02 2.934058755636215210e-02 1.543217897415161133e-01 2.886158647015690804e-03 5.645031854510307312e-02 3.527743369340896606e-02 4.720276594161987305e-02 4.254584759473800659e-02 3.133337572216987610e-02 6.406598538160324097e-02 3.796502575278282166e-02 4.991973936557769775e-02 4.691730439662933350e-02 3.722871467471122742e-02 2.032916992902755737e-03 1.572550460696220398e-02 9.585788473486900330e-03 3.506276383996009827e-02 2.228590846061706543e-02 1.731171086430549622e-02 4.777959361672401428e-02 1.586312055587768555e-02 1.787369325757026672e-02 1.015575788915157318e-02 3.529082611203193665e-02 8.832159452140331268e-03 2.906696684658527374e-02 1.385929528623819351e-02 3.067040257155895233e-02 2.586671523749828339e-02 2.269218862056732178e-02 2.137774974107742310e-02 3.150080144405364990e-02 3.203001618385314941e-02 1.014234032481908798e-02 1.197050325572490692e-02 5.696709081530570984e-02 1.966421306133270264e-02 2.497445419430732727e-02 3.075655258726328611e-04 4.236025363206863403e-02 1.387760043144226074e-02 3.658377751708030701e-02 3.101480193436145782e-02 9.628389030694961548e-03 2.680585347115993500e-02 2.683691494166851044e-02 5.677339062094688416e-02 3.213199228048324585e-02 4.508576914668083191e-02 4.266964644193649292e-02 3.633220121264457703e-02 3.360265120863914490e-02 2.331496216356754303e-02 3.214986622333526611e-02 3.481847420334815979e-02 2.492347359657287598e-02 3.216919675469398499e-02 1.001348625868558884e-02 2.087031723931431770e-03 3.226698935031890869e-02 1.190569135360419750e-03 2.496460825204849243e-02 2.609579823911190033e-02 3.482359275221824646e-02 3.328402712941169739e-02 1.754450052976608276e-02 1.103081274777650833e-02 1.700782403349876404e-02 2.532768622040748596e-02 2.022269368171691895e-02 4.670974239706993103e-02 6.249991245567798615e-03 2.085092477500438690e-02 2.753908745944499969e-02 2.182098850607872009e-02 1.051222439855337143e-02 4.348425939679145813e-02 5.273909308016300201e-03 3.412171080708503723e-02 2.024158090353012085e-02 2.823206223547458649e-02 2.231643162667751312e-02 1.692179590463638306e-03 1.308477576822042465e-02 2.050994196906685829e-03 4.862307570874691010e-03 7.631545886397361755e-03 4.374029487371444702e-02 1.447645202279090881e-02 4.035688191652297974e-02 4.476178437471389771e-02 3.852147236466407776e-02 5.257223173975944519e-02 2.870594849810004234e-03 2.100797370076179504e-02 4.341636225581169128e-02 2.342459931969642639e-02 6.837539840489625931e-03 4.167209938168525696e-02 2.150377724319696426e-03 1.339892856776714325e-02 3.548894077539443970e-02 1.834393665194511414e-02 4.896554723381996155e-02 2.018162980675697327e-02 1.609816029667854309e-02 6.634176708757877350e-03
2.762219309806823730e-01 4.668046534061431885e-01 2.155586145818233490e-02 2.208520844578742981e-02 2.034776844084262848e-03 6.120035424828529358e-02 1.136086434125900269e-01 3.994636237621307373e-02 3.155963867902755737e-02 4.529833048582077026e-02 1.378143876791000366e-01 1.100741513073444366e-02 1.346409618854522705e-01 3.735309233888983727e-03 1.989839598536491394e-02 1.048873644322156906e-02 6.397335790097713470e-03 2.481251955032348633e-02 3.407032461836934090e-03 3.438951447606086731e-02 3.104239143431186676e-02 2.164233243092894554e-03 4.437064751982688904e-02 4.454596340656280518e-02 4.596676677465438843e-02 4.983699414879083633e-03 3.981858864426612854e-02 1.977499760687351227e-02 1.883976161479949951e-02 7.869985885918140411e-03 3.494364768266677856e-02 4.120441153645515442e-02 2.640985697507858276e-02 4.846929758787155151e-02 4.305085167288780212e-02 1.381474174559116364e-02 2.077910490334033966e-02 1.968963257968425751e-02 3.993142396211624146e-02 3.444537147879600525e-02 4.346588626503944397e-03 3.291813656687736511e-02 2.425485663115978241e-02 6.129975244402885437e-02 1.156118325889110565e-02 1.975267892703413963e-03 6.288981065154075623e-03 4.277256131172180176e-02 9.970071725547313690e-03 1.788022229447960854e-03 1.688143610954284668e-02 4.205285222269594669e-04 5.858927499502897263e-03 1.408059708774089813e-02 2.862301282584667206e-02 3.272648528218269348e-02 3.332439437508583069e-02 3.222897183150053024e-03 3.720567375421524048e-02 4.079676792025566101e-02 3.131658956408500671e-02 4.819430783390998840e-02 2.925343252718448639e-02 5.281437560915946960e-02 4.946129629388451576e-04 2.164763212203979492e-02 3.770054876804351807e-02 3.993845731019973755e-02 4.972838796675205231e-03 2.416347712278366089e-02 2.216067910194396973e-02 6.426859181374311447e-03 3.767189010977745056e-02 3.502167761325836182e-02 2.252020873129367828e-02 5.505661480128765106e-03 3.302531316876411438e-02 1.725115999579429626e-02 4.396786913275718689e-02 3.769411519169807434e-02 4.591578245162963867e-02 4.161187633872032166e-02 2.900642342865467072e-02 1.420872099697589874e-02 3.704907745122909546e-02 2.193241938948631287e-02 2.854091674089431763e-02 7.340909796766936779e-04 3.279133141040802002e-02 2.539579989388585091e-03 3.374690562486648560e-02 1.533811725676059723e-02 3.681123629212379456e-02 2.333179488778114319e-02 1.606147736310958862e-02 1.623736880719661713e-02 1.415732130408287048e-02 2.231761999428272247e-02 1.798595115542411804e-02 1.346924249082803726e-02 1.355544757097959518e-02 2.346677519381046295e-02 3.469363600015640259e-02 1.780873537063598633e-02 3.326606377959251404e-02 4.956578835844993591e-02 1.006308570504188538e-02 1.026630029082298279e-02 3.907241672277450562e-02 3.503815829753875732e-02 3.573010861873626709e-02 3.016215935349464417e-02 1.875901944003999233e-03 3.459171159192919731e-03 3.591446951031684875e-02 4.252697899937629700e-02
2.189085632562637329e-02 2.155586145818233490e-02 4.520147442817687988e-01 3.710104385390877724e-03 1.794407726265490055e-03 2.034510858356952667e-02 4.850595258176326752e-03 1.673819422721862793e-01 1.447363320039585233e-04 8.071856573224067688e-03 2.313457988202571869e-02 4.218304157257080078e-02 1.139154890552163124e-03 2.842357847839593887e-03 8.355699479579925537e-02 2.498968504369258881e-03 3.111308999359607697e-02 1.708155870437622070e-02 3.479901328682899475e-02 2.183153852820396423e-02 5.607377737760543823e-03 5.379690788686275482e-03 1.425922755151987076e-02 3.379429131746292114e-02 2.534752525389194489e-02 4.227619618177413940e-02 1.777765713632106781e-02 3.469320386648178101e-02 7.395753264427185059e-02 9.508330374956130981e-03 5.880681797862052917e-02 3.193819522857666016e-02 1.756870932877063751e-02 6.812403909862041473e-03 3.451099246740341187e-02 4.426149651408195496e-02 5.606571678072214127e-03 2.130766026675701141e-02 3.395516425371170044e-02 2.661253325641155243e-02 8.545937016606330872e-03 2.895553968846797943e-02 6.451729219406843185e-03 2.103482559323310852e-02 3.685385733842849731e-02 3.332866122946143150e-03 4.310613498091697693e-02 2.536243386566638947e-02 9.439134038984775543e-03 8.357360959053039551e-03 3.886971995234489441e-02 4.374532029032707214e-02 2.498007379472255707e-02 1.686725020408630371e-02 1.498876046389341354e-02 3.333215042948722839e-02 3.989702463150024414e-02 1.382610574364662170e-02 5.272666923701763153e-03 6.728366483002901077e-03 2.907292917370796204e-02 1.212780270725488663e-02 4.347517155110836029e-03 3.757888451218605042e-02 1.324842870235443115e-02 3.161147236824035645e-02 5.606984719634056091e-03 4.448611289262771606e-02 3.387618809938430786e-02 3.010609559714794159e-02 7.584910839796066284e-03 8.199523435905575752e-04 2.021495811641216278e-02 4.421292617917060852e-02 2.714898437261581421e-02 3.798120841383934021e-02 4.587499424815177917e-03 3.636219725012779236e-02 1.666680537164211273e-02 2.218325249850749969e-02 1.580823063850402832e-01 9.481225907802581787e-02 2.469474077224731445e-02 8.382296189665794373e-03 4.686644300818443298e-03 9.242076426744461060e-03 4.919127374887466431e-02 1.324480399489402771e-02 3.125878423452377319e-02 2.552094496786594391e-02 4.039116948843002319e-02 1.319502294063568115e-02 3.071596845984458923e-02 1.868050312623381615e-04 6.426551379263401031e-03 3.687858581542968750e-02 2.359917387366294861e-02 2.078799158334732056e-02 3.412751853466033936e-02 1.862522400915622711e-02 3.460545092821121216e-02 2.347755990922451019e-02 1.148110162466764450e-02 2.271195501089096069e-02 3.126635402441024780e-02 8.910723961889743805e-03 3.574277088046073914e-02 1.161067932844161987e-02 2.907809615135192871e-02 2.644332125782966614e-02 2.330142073333263397e-02 3.456149250268936157e-02 7.086986443027853966e-04 4.465932399034500122e-02 3.915163502097129822e-02 4.550774116069078445e-03
6.508138962090015411e-03 2.208520844578742981e-02 3.710104385390877724e-03 4.806568622589111328e-01 1.942733973264694214e-01 3.444069251418113708e-02 1.569982618093490601e-02 5.904762656427919865e-04 2.021111920475959778e-02 2.088449709117412567e-02 2.892997860908508301e-02 3.135064616799354553e-02 2.815646864473819733e-02 4.018424451351165771e-02 2.345397137105464935e-03 1.581339351832866669e-02 1.092736329883337021e-02 2.278451062738895416e-02 5.757008865475654602e-02 4.444510862231254578e-02 3.400342538952827454e-02 4.398859571665525436e-03 3.757636621594429016e-02 3.247108310461044312e-02 1.754594594240188599e-02 2.015294507145881653e-02 2.549387142062187195e-02 1.805687695741653442e-02 3.323420882225036621e-02 4.380524903535842896e-02 4.161104187369346619e-02 3.858417645096778870e-02 8.750501088798046112e-03 4.972283542156219482e-02 8.772367611527442932e-03 1.823930442333221436e-02 4.246184229850769043e-02 2.908624149858951569e-02 7.656490057706832886e-02 8.818625658750534058e-02 2.903309836983680725e-02 3.930586855858564377e-03 8.639438310638070107e-04 3.144507110118865967e-02 1.462162355892360210e-03 3.639472648501396179e-03 4.099702928215265274e-03 3.856682404875755310e-02 4.348948597908020020e-03 2.555886469781398773e-02 1.108441967517137527e-02 8.838659850880503654e-04 1.368347555398941040e-02 1.958983950316905975e-02 3.268596250563859940e-03 3.322559967637062073e-02 3.781664744019508362e-02 5.054729524999856949e-03 9.050871245563030243e-03 1.970153488218784332e-02 9.133943356573581696e-03 4.446401447057723999e-02 4.459805414080619812e-02 1.690594293177127838e-02 2.179128583520650864e-03 3.571933135390281677e-02 1.391473971307277679e-02 1.481601875275373459e-02 4.147877171635627747e-02 3.658559173345565796e-02 5.183573067188262939e-02 1.670206896960735321e-02 1.230851858854293823e-01 1.307968702167272568e-02 1.459189653396606445e-01 2.982956357300281525e-02 5.479840561747550964e-02 2.425461821258068085e-02 2.148360013961791992e-02 4.183981940150260925e-02 2.082300558686256409e-02 3.107115812599658966e-02 2.835928089916706085e-02 5.720284208655357361e-02 2.340846508741378784e-02 4.209753125905990601e-03 1.396194193512201309e-02 4.452515020966529846e-02 8.896857500076293945e-02 1.270478311926126480e-02 1.540614385157823563e-02 2.540391683578491211e-02 3.619194403290748596e-02 3.241572156548500061e-02 5.062957108020782471e-02 4.508745670318603516e-02 1.522289589047431946e-02 7.136205211281776428e-03 6.051635369658470154e-03 9.817075915634632111e-03 2.864634245634078979e-02 1.702832430601119995e-02 3.766493499279022217e-02 1.580434478819370270e-02 9.024356404552236199e-05 2.582902275025844574e-02 2.395007386803627014e-02 1.685245335102081299e-02 3.595584258437156677e-02 3.462367877364158630e-02 2.732998505234718323e-02 1.255502644926309586e-02 4.239161312580108643e-02 3.942675516009330750e-02 1.659149676561355591e-02 7.460537599399685860e-04
2.667458169162273407e-02 2.034776844084262848e-03 1.794407726265490055e-03 1.942733973264694214e-01 4.739113152027130127e-01 2.203375659883022308e-02 3.474216163158416748e-02 5.568484961986541748e-02 4.707944579422473907e-03 1.314561930485069752e-03 4.056694358587265015e-02 2.229023352265357971e-02 2.985940547659993172e-03 2.708677947521209717e-02 2.841962501406669617e-02 3.564815595746040344e-02 3.791464259847998619e-03 3.231262043118476868e-02 5.121329054236412048e-02 4.175117611885070801e-02 3.200554475188255310e-02 7.031467743217945099e-03 3.943178057670593262e-02 2.853319235146045685e-02 4.019330814480781555e-02 3.270423039793968201e-02 3.627435863018035889e-02 2.711180411279201508e-02 2.131197135895490646e-03 7.450259290635585785e-03 2.689158543944358826e-02 3.311448171734809875e-02 3.618619218468666077e-02 2.221602760255336761e-02 1.617157459259033203e-02 2.148139104247093201e-02 4.217062611132860184e-03 2.785730920732021332e-02 1.258332431316375732e-01 1.875481158494949341e-01 2.225371077656745911e-02 1.665715686976909637e-02 3.787196427583694458e-02 4.147334769368171692e-02 4.067293182015419006e-02 4.154986701905727386e-03 1.396514941006898880e-02 7.263479754328727722e-03 4.293266683816909790e-02 4.096276685595512390e-02 1.834266074001789093e-02 8.010237477719783783e-03 2.910661511123180389e-02 1.507562305778264999e-02 2.842891588807106018e-02 4.408929869532585144e-02 2.149556577205657959e-02 1.355344615876674652e-02 4.521559923887252808e-02 1.633178070187568665e-02 3.383390605449676514e-02 2.653171680867671967e-02 1.511034183204174042e-02 2.695132233202457428e-02 3.779701143503189087e-02 2.314443886280059814e-02 1.943368650972843170e-02 2.927865460515022278e-02 5.003438889980316162e-02 9.591317939339205623e-05 3.560139797627925873e-03 2.853408828377723694e-02 1.873124390840530396e-02 2.490002848207950592e-02 1.412637233734130859e-01 3.776793554425239563e-02 1.372215989977121353e-02 1.334453746676445007e-02 1.626054383814334869e-02 4.358507692813873291e-02 2.034204080700874329e-02 2.413587830960750580e-02 5.998355802148580551e-03 2.062179744243621826e-01 1.423096191138029099e-02 2.782734297215938568e-02 4.287680983543395996e-02 1.978708431124687195e-02 3.919007629156112671e-02 3.307404741644859314e-02 1.328193489462137222e-02 4.174570366740226746e-02 2.544654347002506256e-02 1.403144840151071548e-02 3.687776252627372742e-02 6.002893787808716297e-04 2.987488545477390289e-02 5.286159738898277283e-02 1.542123127728700638e-02 1.969351433217525482e-02 7.151228934526443481e-02 1.906744949519634247e-02 2.857003174722194672e-02 2.285289391875267029e-02 2.642472833395004272e-02 3.517778590321540833e-02 2.931246720254421234e-02 2.671543695032596588e-02 8.524497970938682556e-03 5.571152269840240479e-02 1.616596616804599762e-02 2.554546482861042023e-02 1.856633927673101425e-03 3.042148239910602570e-02 3.263306990265846252e-02 1.063087396323680878e-02
4.979993402957916260e-02 6.120035424828529358e-02 2.034510858356952667e-02 3.444069251418113708e-02 2.203375659883022308e-02 4.611650407314300537e-01 1.761737465858459473e-01 3.776617348194122314e-02 5.767534486949443817e-03 5.746141448616981506e-02 6.666237115859985352e-02 8.736214786767959595e-02 5.227432586252689362e-03 1.142579242587089539e-01 4.126673191785812378e-02 7.348393555730581284e-03 6.308853626251220703e-03 2.597749792039394379e-02 3.291786462068557739e-02 8.556893095374107361e-03 3.742324188351631165e-02 2.482754178345203400e-02 1.132647041231393814e-03 3.521017357707023621e-02 3.911231085658073425e-02 6.528445333242416382e-02 4.378104954957962036e-02 5.556828528642654419e-02 2.027855627238750458e-02 4.560166597366333008e-02 3.815989568829536438e-02 3.704591095447540283e-02 4.393292590975761414e-03 6.416407995857298374e-04 1.078618410974740982e-02 3.406145051121711731e-02 4.303489625453948975e-02 2.030935510993003845e-02 2.068685553967952728e-02 1.361217629164457321e-02 3.524047136306762695e-02 4.343741107732057571e-03 4.275445360690355301e-03 5.970417521893978119e-03 8.291160687804222107e-03 5.060743167996406555e-02 7.249995321035385132e-02 4.875439032912254333e-02 2.352025546133518219e-02 4.783333279192447662e-03 1.646281220018863678e-02 1.612489926628768444e-03 1.706132665276527405e-02 2.506303787231445312e-02 1.308101695030927658e-02 2.473680861294269562e-02 6.278309505432844162e-03 1.266255043447017670e-02 2.567919157445430756e-02 4.327363800257444382e-03 3.875629603862762451e-02 3.617246868088841438e-03 9.102933690883219242e-04 8.997305994853377342e-04 2.328992262482643127e-02 2.084265276789665222e-02 3.012155368924140930e-02 2.849595621228218079e-03 4.604674130678176880e-02 1.586180925369262695e-02 3.345433995127677917e-02 3.880576789379119873e-02 3.320625796914100647e-02 5.647193174809217453e-04 4.344805330038070679e-02 1.188579387962818146e-02 9.863338433206081390e-03 1.578411087393760681e-02 1.018051616847515106e-02 2.877542516216635704e-03 2.230254001915454865e-02 1.293650735169649124e-02 1.965035684406757355e-02 2.290052734315395355e-02 3.700119256973266602e-02 8.562777936458587646e-02 2.802841737866401672e-02 4.093522205948829651e-02 3.747306764125823975e-02 4.758505523204803467e-02 4.246951639652252197e-02 4.237401485443115234e-02 2.966434881091117859e-02 4.101038351655006409e-02 3.079958073794841766e-02 3.026851266622543335e-02 1.140195131301879883e-02 2.075740601867437363e-03 1.664641685783863068e-02 1.030167192220687866e-02 3.568644449114799500e-02 4.377213120460510254e-02 2.185570821166038513e-02 2.564712986350059509e-02 2.025016210973262787e-02 6.211454980075359344e-03 3.830460133031010628e-03 4.203798715025186539e-03 3.996246680617332458e-02 1.810882939025759697e-03 1.053789351135492325e-02 3.495882079005241394e-02 2.434277161955833435e-02 4.388183727860450745e-02 5.362066440284252167e-03 1.860905066132545471e-02
3.106680326163768768e-02 1.136086434125900269e-01 4.850595258176326752e-03 1.569982618093490601e-02 3.474216163158416748e-02 1.761737465858459473e-01 4.682891070842742920e-01 9.354725480079650879e-03 8.682139217853546143e-03 2.649528346955776215e-02 9.332335554063320160e-03 2.295733988285064697e-02 5.281762778759002686e-02 9.791417419910430908e-02 1.939012482762336731e-02 2.006524614989757538e-02 1.978465542197227478e-02 1.979640312492847443e-02 3.266108781099319458e-02 9.128866367973387241e-04 1.936481706798076630e-02 1.498046983033418655e-02 1.409078948199748993e-02 9.256423451006412506e-03 6.945789605379104614e-02 4.418260231614112854e-02 2.611880376935005188e-02 3.189078299328684807e-03 1.114100310951471329e-02 4.705206677317619324e-02 3.243247792124748230e-02 9.568776935338973999e-03 1.641292311251163483e-02 2.283993177115917206e-02 2.356741949915885925e-02 1.597405411303043365e-02 2.693631977308541536e-04 7.156477309763431549e-03 4.505162313580513000e-02 2.792322263121604919e-02 2.539274096488952637e-02 8.165968954563140869e-02 4.949192982167005539e-03 1.498712133616209030e-02 3.524575755000114441e-02 3.457607468590140343e-03 3.222715482115745544e-02 8.883017301559448242e-02 4.992293659597635269e-03 1.578803174197673798e-03 1.415111357346177101e-03 4.132444038987159729e-02 4.375987872481346130e-02 4.238013178110122681e-03 3.101893700659275055e-02 2.430444024503231049e-02 3.083090111613273621e-02 3.201542049646377563e-02 3.884420171380043030e-02 4.450802505016326904e-02 2.467059157788753510e-02 1.355340122245252132e-03 2.606769325211644173e-03 3.339446708559989929e-02 5.899833515286445618e-02 1.162461563944816589e-02 1.845780573785305023e-02 3.866486996412277222e-02 3.122216649353504181e-02 3.337095305323600769e-02 4.501108080148696899e-02 3.440947830677032471e-02 4.066225513815879822e-02 3.847458586096763611e-02 2.088310196995735168e-02 8.315196260809898376e-03 1.187327317893505096e-03 2.727212756872177124e-02 1.426619011908769608e-02 4.007380828261375427e-02 4.092540591955184937e-02 7.575269043445587158e-02 5.889597814530134201e-03 1.421376876533031464e-02 5.443163588643074036e-02 5.782744288444519043e-02 2.449678257107734680e-02 2.649362664669752121e-03 2.549307979643344879e-02 2.932624658569693565e-03 2.269350923597812653e-02 5.466359108686447144e-02 1.347240433096885681e-02 5.194234848022460938e-02 1.580548472702503204e-02 6.346967816352844238e-02 3.906841576099395752e-02 2.461024001240730286e-02 1.468531042337417603e-02 1.902934536337852478e-02 2.761542797088623047e-02 1.366496179252862930e-02 2.775732660666108131e-03 2.119715698063373566e-02 2.309806458652019501e-02 3.035732172429561615e-02 3.674754500389099121e-02 4.647896438837051392e-02 5.063221976161003113e-02 7.592169567942619324e-03 2.974695758894085884e-03 2.950030565261840820e-02 1.471403054893016815e-02 7.047854363918304443e-03 2.438146620988845825e-02 1.855354011058807373e-02
2.241671830415725708e-02 3.994636237621307373e-02 1.673819422721862793e-01 5.904762656427919865e-04 5.568484961986541748e-02 3.776617348194122314e-02 9.354725480079650879e-03 4.831429421901702881e-01 1.806412264704704285e-02 4.657770693302154541e-02 3.775219433009624481e-03 4.812274873256683350e-02 3.149308497086167336e-03 5.032964795827865601e-02 1.318057924509048462e-01 6.328925490379333496e-03 2.120907790958881378e-02 3.292888030409812927e-02 3.168428689241409302e-02 2.948582917451858521e-02 4.056511819362640381e-02 5.696901306509971619e-02 2.302598766982555389e-02 7.517546415328979492e-03 7.511074654757976532e-03 3.818764910101890564e-02 2.552937157452106476e-02 1.563845202326774597e-02 2.448365464806556702e-02 3.440591692924499512e-02 2.440997771918773651e-02 2.528853155672550201e-02 4.510349780321121216e-02 3.337495727464556694e-03 3.894244879484176636e-02 6.323334574699401855e-02 2.811462245881557465e-02 3.634454682469367981e-02 4.629450291395187378e-02 3.771219030022621155e-02 3.042800910770893097e-02 7.431405782699584961e-02 1.786165684461593628e-02 4.180081188678741455e-02 5.428209155797958374e-02 1.822952181100845337e-02 1.270588301122188568e-02 2.142003970220685005e-03 1.073352340608835220e-02 4.566871747374534607e-02 2.450774423778057098e-02 1.725482754409313202e-02 3.251856192946434021e-02 6.299866829067468643e-03 1.919717527925968170e-02 5.256056319922208786e-03 1.749229803681373596e-02 4.844987299293279648e-03 2.834150195121765137e-02 4.670782387256622314e-02 3.692490234971046448e-02 1.259086746722459793e-02 3.616927936673164368e-02 2.773511596024036407e-02 4.170754551887512207e-02 2.286138385534286499e-02 2.240573056042194366e-03 5.027624964714050293e-02 3.320977464318275452e-02 6.597324460744857788e-02 2.679980359971523285e-02 2.055039256811141968e-02 4.224118962883949280e-02 2.341080643236637115e-02 2.117534354329109192e-02 3.981488570570945740e-02 9.168364107608795166e-03 1.723331399261951447e-02 2.996873855590820312e-02 1.180292665958404541e-02 1.880651563405990601e-01 1.460057944059371948e-01 5.360862612724304199e-02 1.694276928901672363e-02 3.041761927306652069e-02 3.271694108843803406e-02 9.594106674194335938e-02 7.773044705390930176e-02 4.624161869287490845e-02 2.068024501204490662e-02 3.544093295931816101e-02 3.065197728574275970e-02 2.959888242185115814e-02 3.427181392908096313e-02 2.518783509731292725e-02 1.354205794632434845e-02 4.001558944582939148e-02 1.518763881176710129e-02 3.181297704577445984e-02 4.709244705736637115e-03 1.943687163293361664e-02 4.068736359477043152e-02 3.554691001772880554e-02 3.151047602295875549e-02 1.448822114616632462e-02 4.491486586630344391e-03 3.597217798233032227e-02 1.715143769979476929e-02 3.841478377580642700e-02 4.369044303894042969e-02 1.954010128974914551e-02 3.291532024741172791e-02 5.153819546103477478e-02 4.877109453082084656e-02 4.131475090980529785e-02 4.262809827923774719e-02
4.321548342704772949e-02 3.155963867902755737e-02 1.447363320039585233e-04 2.021111920475959778e-02 4.707944579422473907e-03 5.767534486949443817e-03 8.682139217853546143e-03 1.806412264704704285e-02 4.814612269401550293e-01 4.035954922437667847e-02 1.398481801152229309e-02 7.189720869064331055e-02 2.277722815051674843e-03 2.684345655143260956e-02 9.272451512515544891e-03 5.664197728037834167e-03 2.541028521955013275e-02 1.066179275512695312e-01 8.702710038051009178e-04 5.138316377997398376e-02 3.495801612734794617e-02 1.035814546048641205e-02 2.468113321810960770e-03 2.208507247269153595e-02 3.224117308855056763e-02 3.094024397432804108e-02 4.391118884086608887e-02 5.077516287565231323e-02 1.457802252843976021e-03 1.354233548045158386e-02 4.418037086725234985e-02 1.192955579608678818e-02 1.256429386558011174e-04 4.298622906208038330e-02 5.510092154145240784e-02 3.526557609438896179e-02 3.713802993297576904e-02 2.152811177074909210e-02 7.161160465329885483e-03 4.096716269850730896e-02 3.850504755973815918e-02 7.480142265558242798e-02 3.862351924180984497e-02 4.789164662361145020e-02 3.158811107277870178e-02 1.703589409589767456e-02 6.152504123747348785e-03 3.120848722755908966e-02 4.896172508597373962e-02 4.945024102926254272e-02 1.772749354131519794e-03 4.512378573417663574e-02 9.998196037486195564e-04 4.108550399541854858e-02 6.775594502687454224e-02 5.137363821268081665e-02 1.014256943017244339e-02 3.680805489420890808e-02 2.200911939144134521e-02 9.136161766946315765e-03 5.847981199622154236e-03 3.508232906460762024e-02 2.323457971215248108e-02 5.401054769754409790e-02 3.824199736118316650e-02 1.028171740472316742e-02 3.482604771852493286e-02 4.065021499991416931e-02 7.203049957752227783e-02 4.220926389098167419e-02 1.604597643017768860e-02 3.479103744029998779e-02 3.476898372173309326e-02 5.501716956496238708e-02 9.013117291033267975e-03 3.187633678317070007e-02 1.593891680240631104e-01 2.819497324526309967e-02 2.793885301798582077e-03 1.487031765282154083e-02 5.482851993292570114e-03 2.260964736342430115e-02 1.618913002312183380e-02 1.686548627912998199e-02 1.610000990331172943e-02 5.818907544016838074e-02 5.141898244619369507e-02 1.089311204850673676e-02 1.023798882961273193e-01 2.969165705144405365e-02 5.073065310716629028e-02 1.924157515168190002e-02 4.108792543411254883e-02 3.990457206964492798e-02 4.736632108688354492e-02 8.222772181034088135e-02 4.268732853233814240e-03 4.278735816478729248e-02 6.923738867044448853e-02 1.526017952710390091e-02 9.868371300399303436e-03 3.403268754482269287e-02 1.297303568571805954e-02 1.315045170485973358e-02 1.786052435636520386e-02 2.218205854296684265e-02 4.495814070105552673e-02 4.000891745090484619e-02 1.295229420065879822e-02 4.408607259392738342e-02 5.012098327279090881e-02 1.802643574774265289e-02 1.161806099116802216e-02 3.673637658357620239e-02 2.486631087958812714e-02 1.434171665459871292e-02
2.934058755636215210e-02 4.529833048582077026e-02 8.071856573224067688e-03 2.088449709117412567e-02 1.314561930485069752e-03 5.746141448616981506e-02 2.649528346955776215e-02 4.657770693302154541e-02 4.035954922437667847e-02 4.712986350059509277e-01 1.474440284073352814e-02 4.639134183526039124e-02 1.461749803274869919e-02 5.580138042569160461e-02 4.730152431875467300e-03 1.006193924695253372e-02 2.344900369644165039e-02 8.224513381719589233e-03 9.032319486141204834e-02 2.602299302816390991e-02 4.877977818250656128e-02 1.123168156482279301e-03 3.171020001173019409e-02 7.058194838464260101e-03 1.200783718377351761e-02 2.062197774648666382e-02 3.274503350257873535e-02 1.034203730523586273e-02 2.514484105631709099e-03 1.363739185035228729e-02 1.134770177304744720e-02 3.315714001655578613e-02 1.286164578050374985e-02 1.337657030671834946e-02 7.625577971339225769e-03 3.491778299212455750e-02 4.596942663192749023e-02 4.517422989010810852e-02 4.372231289744377136e-02 2.271338924765586853e-02 1.044814661145210266e-02 2.009330637520179152e-04 1.230747345834970474e-02 3.946153819561004639e-02 1.087358780205249786e-02 6.679960060864686966e-03 1.675846287980675697e-03 1.499276235699653625e-02 4.653695225715637207e-02 9.168078005313873291e-02 5.478842183947563171e-02 3.684633225202560425e-02 4.066665470600128174e-02 4.174181446433067322e-02 7.314623333513736725e-03 3.547979891300201416e-02 5.634410679340362549e-02 2.312172576785087585e-02 3.829437866806983948e-02 2.331433072686195374e-02 6.682491302490234375e-02 1.115868147462606430e-02 9.093596599996089935e-03 4.341356828808784485e-02 1.527729257941246033e-02 2.108605392277240753e-02 1.935490965843200684e-02 4.466256126761436462e-02 1.168122608214616776e-02 2.024379372596740723e-02 1.554701849818229675e-02 3.806306794285774231e-02 3.313381224870681763e-02 6.662512663751840591e-03 1.114278472959995270e-02 8.587626740336418152e-03 1.010393723845481873e-03 1.396938562393188477e-01 1.418343093246221542e-02 6.035508960485458374e-02 1.343186851590871811e-02 4.301079735159873962e-02 6.495777051895856857e-03 1.404899060726165771e-01 1.110551040619611740e-02 2.895142696797847748e-02 3.610622882843017578e-02 9.336084127426147461e-03 1.903086528182029724e-02 2.642952837049961090e-02 2.669066563248634338e-02 4.349118098616600037e-02 4.651604592800140381e-02 3.429798781871795654e-02 1.653463020920753479e-02 2.765305154025554657e-02 2.926732227206230164e-02 4.340622574090957642e-02 4.645986855030059814e-02 4.091981053352355957e-02 4.479506984353065491e-02 2.204941993113607168e-04 4.548434913158416748e-02 1.885361783206462860e-02 3.665987402200698853e-02 1.813772507011890411e-02 1.836865395307540894e-02 3.509914968162775040e-03 3.166480362415313721e-02 7.512832526117563248e-04 4.399946331977844238e-02 6.647435016930103302e-03 3.557242825627326965e-02 3.114263340830802917e-02 2.504148287698626518e-03 2.316190861165523529e-02
1.543217897415161133e-01 1.378143876791000366e-01 2.313457988202571869e-02 2.892997860908508301e-02 4.056694358587265015e-02 6.666237115859985352e-02 9.332335554063320160e-03 3.775219433009624481e-03 1.398481801152229309e-02 1.474440284073352814e-02 4.723174870014190674e-01 7.646926213055849075e-03 1.751817464828491211e-01 2.440777420997619629e-02 2.869970165193080902e-02 3.179818019270896912e-02 3.576736524701118469e-02 4.304453358054161072e-02 2.002960443496704102e-02 2.983507700264453888e-03 2.390295267105102539e-02 1.867564208805561066e-02 1.337494980543851852e-02 1.372486259788274765e-02 1.260938402265310287e-02 1.863835193216800690e-02 5.620184354484081268e-03 3.228306770324707031e-02 1.587142236530780792e-02 2.897513844072818756e-02 2.384148538112640381e-02 3.494076430797576904e-03 7.540009450167417526e-03 4.063157364726066589e-03 2.928028814494609833e-02 3.575709834694862366e-02 3.781620413064956665e-03 4.449207335710525513e-02 1.003552228212356567e-02 3.854714706540107727e-02 3.893557935953140259e-02 3.594224154949188232e-02 8.161292411386966705e-03 2.695246040821075439e-02 3.663342818617820740e-02 1.688331365585327148e-02 9.885481745004653931e-02 2.451914735138416290e-02 3.676758706569671631e-02 1.329108048230409622e-02 6.680662278085947037e-03 6.204422563314437866e-03 3.479145700111985207e-03 7.424380630254745483e-03 5.461108684539794922e-02 1.740914955735206604e-02 3.854488953948020935e-02 4.668644815683364868e-02 3.399401903152465820e-02 5.360092222690582275e-02 2.574080787599086761e-02 3.813485801219940186e-02 4.563962109386920929e-03 2.222092449665069580e-02 7.936418056488037109e-02 5.815842002630233765e-02 9.084846824407577515e-03 1.547373831272125244e-02 3.970525041222572327e-02 3.744316846132278442e-02 3.468852490186691284e-02 3.508696332573890686e-02 3.398039564490318298e-02 2.955549163743853569e-03 1.944396179169416428e-03 4.205857403576374054e-03 3.494206070899963379e-02 3.396472334861755371e-02 2.996852062642574310e-02 6.047953292727470398e-02 4.651057068258523941e-03 1.170789916068315506e-02 2.848894521594047546e-02 2.488348819315433502e-02 8.415952324867248535e-03 4.679415002465248108e-02 8.194843307137489319e-03 3.133173659443855286e-02 3.513709828257560730e-02 2.362081286264583468e-04 4.196152836084365845e-02 9.289313107728958130e-03 1.003251131623983383e-02 4.625380039215087891e-03 1.944185607135295868e-02 3.881634026765823364e-02 3.342687338590621948e-02 1.725413091480731964e-02 4.073971137404441833e-02 1.516931969672441483e-02 1.315112598240375519e-02 3.884482756257057190e-02 3.970492258667945862e-02 4.848598316311836243e-02 9.522638283669948578e-03 1.854001730680465698e-02 1.498730387538671494e-02 3.613411262631416321e-02 2.118677645921707153e-02 4.396640881896018982e-02 1.516756415367126465e-02 3.535192832350730896e-02 6.150989327579736710e-03 1.194596476852893829e-02 3.302782773971557617e-02 1.923588104546070099e-02
2.886158647015690804e-03 1.100741513073444366e-02 4.218304157257080078e-02 3.135064616799354553e-02 2.229023352265357971e-02 8.736214786767959595e-02 2.295733988285064697e-02 4.812274873256683350e-02 7.189720869064331055e-02 4.639134183526039124e-02 7.646926213055849075e-03 4.738825857639312744e-01 3.588756918907165527e-02 9.067804366350173950e-02 3.165982291102409363e-02 2.465724572539329529e-02 3.015425987541675568e-02 4.994931444525718689e-02 1.388045772910118103e-02 2.166563272476196289e-02 4.839274100959300995e-03 2.061817422509193420e-02 4.085673391819000244e-02 3.126379102468490601e-02 2.117452025413513184e-02 1.854715682566165924e-02 2.999102137982845306e-02 5.285482108592987061e-02 1.724288798868656158e-02 7.954603992402553558e-03 9.664854966104030609e-03 5.837812554091215134e-03 1.253025420010089874e-02 1.545044779777526855e-02 2.370834536850452423e-02 7.052443455904722214e-03 2.834053896367549896e-02 2.520090527832508087e-02 1.048211473971605301e-02 1.716387458145618439e-02 4.829803109169006348e-02 1.090623904019594193e-02 1.017448306083679199e-02 3.360269963741302490e-02 6.006291508674621582e-02 1.942513883113861084e-02 3.591274470090866089e-02 5.696748569607734680e-02 4.118675366044044495e-03 6.005154550075531006e-02 1.426855660974979401e-02 5.067840218544006348e-02 4.270615987479686737e-03 4.996122419834136963e-02 1.280290191061794758e-03 4.622311890125274658e-02 4.360380396246910095e-02 2.529840916395187378e-02 2.741612493991851807e-02 8.453430607914924622e-03 3.711002320051193237e-02 5.100097134709358215e-02 2.465762570500373840e-02 1.168347615748643875e-02 2.922135591506958008e-02 2.021689526736736298e-02 2.320903167128562927e-02 1.374845858663320541e-02 1.482355222105979919e-02 3.060857951641082764e-02 5.173723399639129639e-02 4.959462955594062805e-02 1.075085904449224472e-02 5.089673213660717010e-03 1.903726160526275635e-02 2.910073660314083099e-02 5.022197216749191284e-02 5.212734267115592957e-02 5.462500732392072678e-03 3.936237841844558716e-02 9.466388262808322906e-03 3.767425939440727234e-02 4.270722344517707825e-02 1.716217584908008575e-02 3.303114324808120728e-02 2.685723360627889633e-03 1.724797883071005344e-03 4.247057065367698669e-02 3.128491807729005814e-03 4.401641339063644409e-02 7.719146460294723511e-02 3.247899701818823814e-03 2.846183441579341888e-02 2.103341370820999146e-02 2.474419586360454559e-02 3.938921913504600525e-02 3.019297309219837189e-02 4.472454544156789780e-03 1.580833271145820618e-02 1.795856654644012451e-02 1.547589548863470554e-03 1.764031127095222473e-02 1.735197007656097412e-02 5.090704187750816345e-02 2.006790041923522949e-02 5.225626006722450256e-02 3.669495508074760437e-02 4.741368815302848816e-02 3.164127096533775330e-02 5.009765177965164185e-02 4.557964950799942017e-02 1.304520945996046066e-02 1.129670254886150360e-02 1.897550374269485474e-02 3.786502406001091003e-02 1.354271732270717621e-02
5.645031854510307312e-02 1.346409618854522705e-01 1.139154890552163124e-03 2.815646864473819733e-02 2.985940547659993172e-03 5.227432586252689362e-03 5.281762778759002686e-02 3.149308497086167336e-03 2.277722815051674843e-03 1.461749803274869919e-02 1.751817464828491211e-01 3.588756918907165527e-02 4.659296572208404541e-01 6.763294339179992676e-03 1.210448797792196274e-02 3.882405115291476250e-03 1.065015885978937149e-02 4.282611235976219177e-02 3.001863695681095123e-02 2.300169505178928375e-02 1.533265784382820129e-02 5.314458161592483521e-02 3.552872687578201294e-02 2.264115493744611740e-03 4.605425521731376648e-02 2.995510399341583252e-02 3.184808418154716492e-02 4.664483276428654790e-05 1.139985024929046631e-02 1.651699095964431763e-02 1.356805954128503799e-02 5.378419067710638046e-03 4.575798287987709045e-02 5.608622450381517410e-03 1.033494714647531509e-02 2.202764153480529785e-02 7.328538689762353897e-03 4.631106182932853699e-02 1.715190336108207703e-02 3.006687760353088379e-02 2.474482916295528412e-02 2.391502633690834045e-02 4.079425707459449768e-02 4.819197207689285278e-02 3.528021275997161865e-02 8.533104322850704193e-03 3.687332198023796082e-02 9.611325338482856750e-03 1.996019110083580017e-02 9.963341290131211281e-04 2.617760188877582550e-02 3.423676267266273499e-02 3.049457073211669922e-02 2.318968065083026886e-02 2.207388542592525482e-02 3.118965215981006622e-02 1.439163088798522949e-02 7.761812768876552582e-03 7.636166643351316452e-03 8.230718970298767090e-02 8.418858051300048828e-03 9.470134042203426361e-03 3.360985964536666870e-02 7.785127963870763779e-03 3.991201519966125488e-02 1.217928454279899597e-01 8.940484374761581421e-03 2.832938916981220245e-02 4.234853014349937439e-02 5.099176988005638123e-02 4.991705343127250671e-02 1.083096303045749664e-02 4.305239021778106689e-02 2.918413840234279633e-02 1.263697165995836258e-02 4.750415217131376266e-03 4.017070680856704712e-02 6.672226823866367340e-03 3.719152510166168213e-02 3.670900315046310425e-02 4.181659780442714691e-03 6.529477238655090332e-02 3.658605366945266724e-02 3.480429574847221375e-02 1.695009134709835052e-02 3.908472135663032532e-02 5.085683427751064301e-03 5.927385017275810242e-02 2.352881804108619690e-02 3.672665357589721680e-02 5.359197035431861877e-03 7.006126921623945236e-03 1.711352914571762085e-02 3.203268721699714661e-02 1.557585131376981735e-02 1.590981706976890564e-02 3.733224794268608093e-02 7.325800601392984390e-03 4.637254867702722549e-03 3.157144039869308472e-02 3.201364725828170776e-02 3.632542490959167480e-02 5.118104442954063416e-02 4.611969739198684692e-02 2.875632978975772858e-02 4.129794239997863770e-02 4.578511789441108704e-02 2.367970533668994904e-02 3.626455739140510559e-02 4.055972676724195480e-03 5.339365452527999878e-03 2.492696791887283325e-02 1.675090566277503967e-02 3.193787112832069397e-02 2.135993354022502899e-02 3.442227840423583984e-02
