4.808252453804016113e-01 1.361971646547317505e-01 1.555626164190471172e-03 4.049493465572595596e-03 1.556938420981168747e-02 1.067617908120155334e-01 8.643659204244613647e-02 1.572128199040889740e-02 4.382249712944030762e-02 3.844950348138809204e-02 1.160277649760246277e-01 3.073824755847454071e-02 9.518212080001831055e-02 2.465286664664745331e-02 2.420406974852085114e-02 4.182695224881172180e-02 2.870373614132404327e-02 3.319241106510162354e-02 1.009372249245643616e-02 4.330816864967346191e-02 3.554126620292663574e-02 5.667131394147872925e-02 7.491926662623882294e-03 1.475282199680805206e-02 1.188539527356624603e-02 4.228806123137474060e-02 1.126447506248950958e-02 2.151972427964210510e-02 1.520213391631841660e-02 2.036010846495628357e-02 1.554517913609743118e-02 1.416736375540494919e-02 1.513329334557056427e-02 6.091507151722908020e-03 2.832450903952121735e-03 6.554431747645139694e-03 2.709040604531764984e-02 2.280277013778686523e-02 2.945403335615992546e-03 2.842565625905990601e-02 1.433570217341184616e-02 2.802580408751964569e-02 2.329708542674779892e-03 1.767124794423580170e-02 3.969444893300533295e-03 1.202679611742496490e-02 3.717973828315734863e-02 1.146917697042226791e-02 1.487365178763866425e-02 2.111476659774780273e-02 1.897559314966201782e-02 5.052174255251884460e-02 3.590906411409378052e-02 3.487765043973922729e-02 3.315018489956855774e-02 2.956961095333099365e-02 2.441373281180858612e-02 1.142058335244655609e-02 3.020422300323843956e-03 9.163429029285907745e-03 3.565867245197296143e-02 1.194739993661642075e-02 2.737279236316680908e-02 7.160038221627473831e-03 1.862254575826227665e-03 2.866118773818016052e-02 3.114812448620796204e-02 4.650834016501903534e-03 4.086742550134658813e-02 9.278198704123497009e-03 3.719347715377807617e-02 7.396877743303775787e-03 1.412275806069374084e-02 2.145105227828025818e-02 3.659701719880104065e-02 3.282088041305541992e-02 1.895449496805667877e-02 4.719160497188568115e-02 2.361358702182769775e-02 7.007850799709558487e-04 3.802376613020896912e-02 9.597133845090866089e-03 7.990554906427860260e-03 1.301218941807746887e-02 2.166809886693954468e-02 4.481805860996246338e-02 2.829586714506149292e-02 3.459630161523818970e-02 1.119368989020586014e-02 1.059961225837469101e-02 1.456306781619787216e-02 2.467734925448894501e-02 9.489377960562705994e-03 2.252521738409996033e-02 6.268723402172327042e-03 3.125394135713577271e-02 4.282249510288238525e-02 4.692397639155387878e-02 7.341641467064619064e-03 1.960935816168785095e-02 3.996511176228523254e-02 3.798971325159072876e-02 3.760556923225522041e-03 1.778963580727577209e-02 1.023015659302473068e-02 5.474847857840359211e-04 2.883531525731086731e-02 2.319964580237865448e-02 2.571588382124900818e-02 3.198698535561561584e-02 8.698418736457824707e-03 8.374815806746482849e-03 1.830604672431945801e-02 8.274576626718044281e-03 1.907350309193134308e-02 1.164869964122772217e-02
1.361971646547317505e-01 4.848738312721252441e-01 1.333372783847153187e-03 3.084253892302513123e-02 1.754450052976608276e-02 1.035556495189666748e-01 9.514557570219039917e-02 2.163823321461677551e-02 3.828329592943191528e-02 3.666081652045249939e-02 1.083936020731925964e-01 1.638987287878990173e-02 9.638686478137969971e-02 2.313040755689144135e-02 1.687992736697196960e-02 2.890742383897304535e-02 1.210845541208982468e-02 2.865812927484512329e-02 1.305575203150510788e-02 4.662299901247024536e-02 4.337377846240997314e-02 5.623367056250572205e-02 1.371384225785732269e-02 1.589119993150234222e-02 1.980615220963954926e-02 4.739492759108543396e-02 9.337651543319225311e-03 1.256968826055526733e-02 1.052564755082130432e-02 2.045750059187412262e-02 7.231330033391714096e-03 1.240924559533596039e-02 2.773299440741539001e-02 1.318013388663530350e-02 8.620204753242433071e-04 5.097237415611743927e-03 2.552760392427444458e-02 1.509107742458581924e-02 2.292262390255928040e-02 1.332530193030834198e-02 9.332753717899322510e-03 3.074506483972072601e-02 1.553425681777298450e-03 2.392296493053436279e-02 2.113460795953869820e-03 2.352872630581259727e-03 4.067963734269142151e-02 2.752935141324996948e-02 1.803147979080677032e-02 4.203069955110549927e-02 2.865572087466716766e-02 3.637812659144401550e-02 2.890666713938117027e-03 1.276389975100755692e-02 2.647980675101280212e-02 2.112386934459209442e-02 1.188143528997898102e-02 3.016410861164331436e-03 3.957547619938850403e-02 4.707562550902366638e-02 1.579930447041988373e-02 4.634532611817121506e-03 6.045189220458269119e-03 3.057169727981090546e-03 2.607829635962843895e-03 3.135757148265838623e-02 3.271768614649772644e-02 1.175714842975139618e-02 3.416350856423377991e-02 2.574754320085048676e-02 2.401821874082088470e-02 2.632664330303668976e-02 3.590127825736999512e-02 2.235951105831190944e-04 5.430983006954193115e-02 1.466415263712406158e-02 3.703930228948593140e-02 4.452231526374816895e-02 1.964753866195678711e-02 1.233961805701255798e-02 3.933961689472198486e-02 2.626718580722808838e-02 4.803083371371030807e-03 2.970616146922111511e-02 1.896104961633682251e-02 3.100898675620555878e-02 1.567916944622993469e-02 3.008120507001876831e-02 1.033807173371315002e-02 5.848195403814315796e-03 1.014925166964530945e-02 2.777429483830928802e-02 1.642020605504512787e-02 2.053723298013210297e-02 8.609406650066375732e-03 1.299047097563743591e-02 4.203172773122787476e-02 4.341058805584907532e-02 5.449786316603422165e-03 1.790778338909149170e-02 3.237091377377510071e-02 2.130820043385028839e-02 4.727700725197792053e-03 2.175356261432170868e-02 1.196706574410200119e-02 1.175241428427398205e-03 4.830916412174701691e-03 4.258202016353607178e-02 4.628251492977142334e-02 3.308581933379173279e-02 2.225110679864883423e-02 1.934537477791309357e-02 2.720002084970474243e-02 8.373975753784179688e-03 2.997533231973648071e-02 8.554337546229362488e-03
1.555626164190471172e-03 1.333372783847153187e-03 4.699612259864807129e-01 8.559509180486202240e-03 7.444169837981462479e-03 1.118507934734225273e-03 1.325953402556478977e-03 1.813028752803802490e-01 5.680521950125694275e-02 7.407276891171932220e-03 2.095102705061435699e-02 2.025781432166695595e-03 4.660938400775194168e-03 4.702931642532348633e-02 3.708090260624885559e-02 3.959767520427703857e-02 3.918113186955451965e-02 3.350442042574286461e-03 2.257286943495273590e-02 1.974684931337833405e-02 6.971939466893672943e-03 1.666253432631492615e-02 1.224137097597122192e-02 6.356937345117330551e-03 5.209488794207572937e-03 1.574423164129257202e-02 4.128142446279525757e-02 1.335047557950019836e-02 4.585145413875579834e-02 4.073017090559005737e-02 2.688518725335597992e-02 3.805328160524368286e-02 2.066280692815780640e-02 1.745770126581192017e-02 2.662484161555767059e-02 3.953548148274421692e-02 5.243364349007606506e-02 2.847548387944698334e-02 3.033370338380336761e-02 2.892143279314041138e-02 9.361553238704800606e-04 2.131383121013641357e-02 2.268445678055286407e-02 1.058168187737464905e-01 4.019830003380775452e-02 2.755510434508323669e-02 1.926614902913570404e-02 2.651106379926204681e-02 2.980507537722587585e-02 6.529999524354934692e-02 2.745512127876281738e-02 2.260834164917469025e-02 1.097952108830213547e-02 1.107999682426452637e-02 1.637948863208293915e-02 1.132417283952236176e-02 3.632900118827819824e-02 2.312364289537072182e-03 4.736412689089775085e-02 2.444750070571899414e-02 4.265256598591804504e-02 2.155009889975190163e-03 2.182889543473720551e-02 2.701237797737121582e-02 3.412983939051628113e-02 1.663043163716793060e-02 3.269872441887855530e-02 6.532723549753427505e-03 4.489852488040924072e-02 1.741459406912326813e-02 4.401997476816177368e-02 9.496557526290416718e-03 4.915288183838129044e-03 3.471409669145941734e-03 4.387000110000371933e-03 3.251786530017852783e-02 2.429061196744441986e-02 1.223049219697713852e-02 3.618570789694786072e-02 1.021439488977193832e-02 2.495786249637603760e-01 1.523438692092895508e-01 5.625762511044740677e-03 3.955378383398056030e-02 4.478427022695541382e-02 6.205765530467033386e-02 2.721792086958885193e-02 4.040468111634254456e-02 1.950185187160968781e-02 1.094435062259435654e-02 4.757672548294067383e-02 4.397381469607353210e-02 3.181822597980499268e-02 5.160452798008918762e-02 1.666473969817161560e-02 1.303726341575384140e-02 1.420784555375576019e-02 3.500626236200332642e-02 2.696471288800239563e-02 2.263115532696247101e-02 2.977504581212997437e-02 4.217645525932312012e-02 1.143661979585886002e-02 2.761567384004592896e-02 1.051225606352090836e-02 3.475092351436614990e-02 2.344184555113315582e-02 3.197268024086952209e-02 3.096421621739864349e-02 3.720582695677876472e-03 5.272743850946426392e-02 4.220833256840705872e-02 1.971981860697269440e-02 8.571363054215908051e-03 3.102311678230762482e-02 2.219341881573200226e-02
4.049493465572595596e-03 3.084253892302513123e-02 8.559509180486202240e-03 4.706358313560485840e-01 1.343770623207092285e-01 2.333836629986763000e-02 2.774690091609954834e-02 1.528009492903947830e-02 3.546421974897384644e-02 8.953573182225227356e-03 1.993856579065322876e-02 4.669968783855438232e-02 2.388718351721763611e-02 4.106711223721504211e-02 1.939422450959682465e-02 8.597716689109802246e-03 2.552866702899336815e-03 9.275533258914947510e-03 3.919981420040130615e-02 7.456405553966760635e-03 4.970281384885311127e-03 2.627465873956680298e-02 4.569285735487937927e-02 1.198686938732862473e-02 3.529619891196489334e-03 2.646960318088531494e-02 1.521202619187533855e-03 2.936690300703048706e-02 1.218022406101226807e-02 5.224566534161567688e-02 6.915477104485034943e-03 3.580506891012191772e-02 1.154117844998836517e-02 9.375617839395999908e-03 8.169173263013362885e-03 2.830939181149005890e-02 4.016763716936111450e-02 1.441087457351386547e-03 1.208884790539741516e-01 9.322676062583923340e-02 2.495407126843929291e-02 4.481191933155059814e-02 3.183612599968910217e-02 1.778218336403369904e-02 5.233925953507423401e-02 3.457623720169067383e-02 2.640661783516407013e-02 2.708914317190647125e-02 4.248670116066932678e-02 8.979758131317794323e-04 8.905172348022460938e-03 8.277201093733310699e-03 1.533827930688858032e-02 3.188956901431083679e-02 4.226809833198785782e-03 2.349566109478473663e-02 1.709869876503944397e-02 1.359467767179012299e-02 1.783276535570621490e-02 3.740597888827323914e-02 6.021021306514739990e-02 2.771794237196445465e-02 7.096764445304870605e-02 2.800301834940910339e-02 6.911190692335367203e-03 2.267914079129695892e-02 1.691892370581626892e-02 1.887495815753936768e-02 1.494548935443162918e-02 5.966187454760074615e-03 2.765294723212718964e-02 3.784734755754470825e-02 9.261701256036758423e-02 4.585573822259902954e-02 7.971344143152236938e-02 6.080925464630126953e-02 2.903465554118156433e-02 2.645796537399291992e-02 1.686635427176952362e-02 4.182368516921997070e-02 5.399994086474180222e-03 1.270044874399900436e-02 4.402111470699310303e-02 2.572068013250827789e-02 1.714459736831486225e-03 1.013582572340965271e-02 4.645570646971464157e-03 1.257281377911567688e-02 3.618070855736732483e-02 3.624732047319412231e-02 2.355949208140373230e-02 3.268788382411003113e-02 3.597311675548553467e-02 1.777317374944686890e-02 7.616077363491058350e-02 1.384708192199468613e-02 4.546120017766952515e-02 4.871276323683559895e-04 4.783692210912704468e-02 5.535818263888359070e-02 1.098367734812200069e-03 5.970911588519811630e-03 1.102715171873569489e-02 1.875689625740051270e-02 1.919458061456680298e-02 1.468632835894823074e-02 2.284793183207511902e-02 4.709653556346893311e-02 2.552013657987117767e-02 2.188435173593461514e-04 3.271588310599327087e-02 3.323864657431840897e-03 4.040502384305000305e-02 1.221627276390790939e-02 4.045627545565366745e-03 3.590879961848258972e-02
1.556938420981168747e-02 1.754450052976608276e-02 7.444169837981462479e-03 1.343770623207092285e-01 4.543087184429168701e-01 2.258271351456642151e-02 5.697224987670779228e-04 3.348817816004157066e-03 3.379527479410171509e-02 2.554090134799480438e-02 2.232730202376842499e-02 6.516234576702117920e-02 5.461852997541427612e-03 3.878294304013252258e-02 6.605087779462337494e-03 1.013863924890756607e-02 1.100885029882192612e-02 4.590617865324020386e-02 2.803959324955940247e-02 6.502035073935985565e-03 2.695226576179265976e-03 2.465546131134033203e-03 3.474894165992736816e-02 4.423117265105247498e-02 9.933215333148837090e-04 2.579444088041782379e-02 2.770635113120079041e-02 8.250656537711620331e-03 4.897665604948997498e-02 3.147313836961984634e-03 4.336581006646156311e-02 4.248648416250944138e-03 3.223316743969917297e-02 1.118939928710460663e-02 3.857067227363586426e-02 6.309680640697479248e-03 2.528417855501174927e-03 2.234629541635513306e-02 1.268365830183029175e-01 1.747399568557739258e-01 5.009966902434825897e-03 1.834986032918095589e-03 5.417673382908105850e-03 1.580605655908584595e-02 2.768276259303092957e-02 3.289874643087387085e-02 3.565728291869163513e-02 2.304727770388126373e-02 2.329674176871776581e-02 3.477601334452629089e-02 3.451690077781677246e-02 4.916325211524963379e-03 2.577105537056922913e-02 1.319191418588161469e-02 3.015737794339656830e-02 1.446547172963619232e-02 2.221685275435447693e-02 4.553664103150367737e-02 1.228805538266897202e-02 1.639216579496860504e-02 1.477635744959115982e-02 3.529462218284606934e-02 1.795121654868125916e-02 4.614227265119552612e-02 3.507535159587860107e-02 2.746956422924995422e-02 2.426160965114831924e-03 1.085657346993684769e-02 2.289701253175735474e-02 3.382047265768051147e-02 3.729235008358955383e-02 5.926175974309444427e-03 4.367566481232643127e-02 3.463618049863725901e-04 6.587736308574676514e-02 1.425003819167613983e-02 5.394096300005912781e-02 2.464741654694080353e-02 2.159653604030609131e-02 1.605918072164058685e-02 1.945061795413494110e-02 2.423681132495403290e-02 4.041455313563346863e-02 4.642389714717864990e-03 1.494784955866634846e-03 1.947013847529888153e-02 4.179130122065544128e-02 3.619048371911048889e-02 1.221584249287843704e-02 3.882990777492523193e-02 2.407690510153770447e-02 2.692278707399964333e-03 2.813300862908363342e-02 1.817250624299049377e-02 1.322104781866073608e-01 1.254491955041885376e-01 2.966396138072013855e-02 1.508618611842393875e-02 3.941214457154273987e-02 9.961910545825958252e-03 3.041787771508097649e-03 2.816301304847002029e-03 4.444680362939834595e-02 1.410307828336954117e-02 2.531958930194377899e-02 2.954335696995258331e-02 8.409634232521057129e-03 1.234304625540971756e-02 4.592252522706985474e-02 1.408169604837894440e-02 2.267243340611457825e-02 3.895368799567222595e-02 5.151865538209676743e-03 5.680054798722267151e-02 2.414641715586185455e-02 3.886484354734420776e-02
1.067617908120155334e-01 1.035556495189666748e-01 1.118507934734225273e-03 2.333836629986763000e-02 2.258271351456642151e-02 4.794571101665496826e-01 1.153458580374717712e-01 4.497147724032402039e-02 2.740410156548023224e-03 1.289165206253528595e-02 9.691578894853591919e-02 2.567596547305583954e-02 7.460419088602066040e-02 4.002402350306510925e-02 2.673424221575260162e-02 7.310407701879739761e-03 1.354571431875228882e-02 7.923134835436940193e-04 2.804028801620006561e-02 7.512042764574289322e-03 1.264359336346387863e-02 4.140856862068176270e-02 3.829928115010261536e-02 4.121942445635795593e-02 3.175123035907745361e-02 3.833089023828506470e-02 1.122589316219091415e-02 4.476885497570037842e-02 4.889349918812513351e-03 2.305626310408115387e-02 8.134063333272933960e-03 3.506478667259216309e-02 3.741468768566846848e-03 1.585155911743640900e-02 2.172992564737796783e-02 4.017784819006919861e-02 3.253829851746559143e-02 1.874687522649765015e-02 3.302220627665519714e-02 1.352368947118520737e-02 8.512698113918304443e-03 6.086902227252721786e-03 8.870399557054042816e-03 3.148470073938369751e-03 1.425218582153320312e-02 2.383328229188919067e-02 6.105410680174827576e-02 2.755720540881156921e-02 7.332280278205871582e-03 3.991066664457321167e-02 6.154487840831279755e-03 1.415293291211128235e-02 2.708121761679649353e-02 7.551026344299316406e-02 4.180071502923965454e-02 2.368925698101520538e-02 3.439437970519065857e-02 4.717619344592094421e-02 3.903054445981979370e-02 3.246696665883064270e-02 1.359113492071628571e-02 2.781051024794578552e-02 4.410864785313606262e-02 3.202987462282180786e-02 9.097165428102016449e-03 2.846187911927700043e-02 3.680698946118354797e-02 1.341786235570907593e-02 3.351572155952453613e-02 5.421060323715209961e-02 2.540945447981357574e-02 4.286310821771621704e-02 3.982663527131080627e-02 3.118374943733215332e-02 3.555138781666755676e-02 9.030950255692005157e-03 3.606968745589256287e-02 1.306225312873721123e-03 4.161451384425163269e-02 4.654826968908309937e-02 3.320331126451492310e-02 1.406112685799598694e-02 3.715633880347013474e-03 2.739114873111248016e-02 2.367333881556987762e-02 1.708319410681724548e-02 8.464953862130641937e-03 1.909696948132477701e-05 1.265555806457996368e-02 2.511720731854438782e-02 3.908171132206916809e-02 2.733712829649448395e-02 3.335339203476905823e-02 1.323980861343443394e-03 2.948516607284545898e-02 1.366504002362489700e-02 4.311379790306091309e-02 1.563794352114200592e-02 2.306807320564985275e-03 1.812181621789932251e-02 1.928757317364215851e-02 3.505188040435314178e-03 3.477266989648342133e-03 3.579058498144149780e-02 1.663811132311820984e-02 7.952793501317501068e-03 4.106424376368522644e-02 2.732816152274608612e-02 7.979453541338443756e-03 5.598963052034378052e-02 4.195066913962364197e-02 2.509490400552749634e-02 1.530343946069478989e-02 2.075197175145149231e-02 3.541551157832145691e-02 1.807834021747112274e-02
8.643659204244613647e-02 9.514557570219039917e-02 1.325953402556478977e-03 2.774690091609954834e-02 5.697224987670779228e-04 1.153458580374717712e-01 4.936691522598266602e-01 4.563971981406211853e-02 2.377722226083278656e-02 2.480219677090644836e-02 8.029714971780776978e-02 3.038812056183815002e-02 7.410085946321487427e-02 3.882418945431709290e-02 1.023187674582004547e-02 6.471684202551841736e-03 7.208740338683128357e-03 5.048540607094764709e-02 2.481795381754636765e-03 1.997757889330387115e-02 3.172984346747398376e-02 3.739795833826065063e-02 4.222749173641204834e-02 2.957944199442863464e-02 1.898445934057235718e-02 4.781517386436462402e-02 2.272001234814524651e-03 1.247454527765512466e-02 1.189708616584539413e-02 2.822946524247527122e-03 2.496769838035106659e-02 3.816269710659980774e-02 2.563664875924587250e-02 2.072494011372327805e-03 7.020999211817979813e-03 4.777231439948081970e-02 3.572523221373558044e-02 1.684459298849105835e-02 4.199080914258956909e-02 6.787915248423814774e-03 1.205672044306993484e-02 7.981586270034313202e-03 2.800045721232891083e-02 1.572572859004139900e-03 9.945137426257133484e-03 2.416931529296562076e-04 5.140426382422447205e-02 5.489204823970794678e-02 3.479211125522851944e-03 3.147761896252632141e-02 8.458898402750492096e-03 2.594229020178318024e-02 2.615239843726158142e-02 4.580894485116004944e-02 3.437165915966033936e-02 1.959746005013585091e-03 4.020776227116584778e-02 1.383605785667896271e-02 2.487485855817794800e-02 6.952980183996260166e-04 2.808281220495700836e-03 1.690203556790947914e-03 3.277936205267906189e-02 1.042423862963914871e-02 5.146141629666090012e-03 3.781416267156600952e-02 3.541967645287513733e-02 1.993636414408683777e-02 2.182497270405292511e-02 3.755489736795425415e-02 7.646177429705858231e-03 3.145502507686614990e-02 4.630597680807113647e-02 2.191964909434318542e-02 4.207950085401535034e-02 2.473753876984119415e-02 4.976287856698036194e-02 1.611695252358913422e-02 3.473155945539474487e-02 2.014193311333656311e-02 3.964179754257202148e-02 3.682101890444755554e-02 3.911951929330825806e-02 1.263265404850244522e-02 1.862479187548160553e-02 1.361170597374439240e-02 4.624652676284313202e-03 9.829647839069366455e-03 3.542583668604493141e-03 2.543544210493564606e-02 3.217364847660064697e-02 2.972478792071342468e-02 4.689273610711097717e-02 9.631001390516757965e-03 3.499595820903778076e-02 3.973564505577087402e-02 2.300475537776947021e-02 5.364607647061347961e-02 2.208789810538291931e-03 8.683250285685062408e-03 4.262522235512733459e-02 4.234097898006439209e-02 3.642555093392729759e-03 2.913389168679714203e-02 3.218594472855329514e-03 4.175188485532999039e-03 5.523298867046833038e-03 3.590075299143791199e-02 1.116674300283193588e-02 2.395562641322612762e-02 4.544895514845848083e-02 2.161114476621150970e-02 2.130722254514694214e-02 8.808038197457790375e-03 1.162610296159982681e-02 1.147647271864116192e-03
1.572128199040889740e-02 2.163823321461677551e-02 1.813028752803802490e-01 1.528009492903947830e-02 3.348817816004157066e-03 4.497147724032402039e-02 4.563971981406211853e-02 4.725752174854278564e-01 1.106924749910831451e-02 1.544384472072124481e-02 2.947244420647621155e-02 1.577902585268020630e-02 2.650665305554866791e-02 4.184570908546447754e-02 1.402776241302490234e-01 1.510203536599874496e-02 7.805705070495605469e-03 5.717760650441050529e-04 2.401011623442173004e-02 2.275395952165126801e-02 2.374774962663650513e-02 3.896079957485198975e-02 5.633510649204254150e-03 1.902537606656551361e-02 1.803924143314361572e-02 5.640445742756128311e-03 1.961392909288406372e-02 3.951972350478172302e-03 3.702910151332616806e-03 1.530872844159603119e-02 5.102735478430986404e-03 3.613974153995513916e-02 8.448408916592597961e-03 4.420090001076459885e-03 3.372892038896679878e-03 1.060482487082481384e-02 3.951044008135795593e-02 1.059603318572044373e-02 9.806068614125251770e-03 1.368807046674191952e-03 8.471956476569175720e-03 2.503675175830721855e-03 6.795189343392848969e-03 4.557632654905319214e-02 3.175162896513938904e-02 1.980727072805166245e-03 1.779097504913806915e-02 1.627222448587417603e-02 1.152352616190910339e-02 5.386795476078987122e-02 1.877032592892646790e-02 5.909873638302087784e-03 3.678078204393386841e-02 3.515303879976272583e-02 3.177761659026145935e-02 1.726430468261241913e-02 3.179915249347686768e-02 1.144263613969087601e-02 2.210873179137706757e-02 1.981851272284984589e-02 1.261671632528305054e-02 7.596222218126058578e-03 4.594185575842857361e-02 4.391126334667205811e-02 2.336290478706359863e-02 3.003144636750221252e-02 4.668648168444633484e-02 1.550609059631824493e-02 1.348611712455749512e-02 2.530685998499393463e-02 2.317441999912261963e-02 2.588970586657524109e-02 1.307789329439401627e-02 3.914207965135574341e-02 8.673140779137611389e-03 3.714338690042495728e-02 3.829888254404067993e-02 2.738793380558490753e-02 9.614545269869267941e-04 3.157627955079078674e-02 2.554016411304473877e-01 1.709598302841186523e-01 2.909068949520587921e-02 1.410988718271255493e-02 3.125741332769393921e-02 1.939962990581989288e-02 1.194874197244644165e-01 9.582737833261489868e-02 2.986216172575950623e-02 4.160670563578605652e-02 9.534898214042186737e-03 3.199740871787071228e-02 9.148325771093368530e-03 2.934244833886623383e-02 2.032801322638988495e-02 7.900167256593704224e-03 2.263532765209674835e-02 1.057010982185602188e-02 4.223384335637092590e-02 4.872665926814079285e-02 2.745033800601959229e-02 5.913668777793645859e-03 4.724731296300888062e-02 4.283830523490905762e-02 3.001417219638824463e-02 3.641484677791595459e-02 1.337510626763105392e-02 1.469715684652328491e-02 2.196576446294784546e-02 4.370710253715515137e-02 1.030395645648241043e-02 3.694021329283714294e-02 2.455318719148635864e-02 2.208686061203479767e-02 3.760695084929466248e-02 6.142957136034965515e-03
4.382249712944030762e-02 3.828329592943191528e-02 5.680521950125694275e-02 3.546421974897384644e-02 3.379527479410171509e-02 2.740410156548023224e-03 2.377722226083278656e-02 1.106924749910831451e-02 4.650825858116149902e-01 7.305722683668136597e-02 3.718291595578193665e-02 2.005745284259319305e-02 4.409594088792800903e-02 2.965914458036422729e-02 4.996535833925008774e-03 5.277039948850870132e-03 6.050116848200559616e-03 1.442974209785461426e-01 2.707358822226524353e-02 3.142098709940910339e-02 3.894267370924353600e-03 5.953629966825246811e-03 3.833092376589775085e-02 3.935287147760391235e-02 9.642941877245903015e-03 1.243152655661106110e-03 3.344643488526344299e-02 3.641243278980255127e-02 2.111063897609710693e-02 4.268660023808479309e-02 4.077471792697906494e-02 2.794764190912246704e-02 4.320425167679786682e-02 4.036342352628707886e-02 1.101507246494293213e-02 2.880865521728992462e-02 1.307516079396009445e-02 4.009204357862472534e-02 4.146616160869598389e-02 3.482743725180625916e-02 4.458636417984962463e-02 5.768561735749244690e-02 2.148010022938251495e-02 1.716019958257675171e-02 3.624172881245613098e-03 1.429620478302240372e-02 2.184118330478668213e-02 2.470169216394424438e-02 9.223314374685287476e-02 3.998081374447792768e-04 3.441926464438438416e-02 4.277021437883377075e-02 3.089314140379428864e-02 2.683543413877487183e-02 1.418033689260482788e-01 1.266052108258008957e-02 1.667061820626258850e-03 3.863008692860603333e-02 4.195443540811538696e-02 5.792178213596343994e-03 4.120095167309045792e-03 1.117096375674009323e-02 5.436451733112335205e-02 7.993062026798725128e-03 2.913936041295528412e-02 5.533291772007942200e-02 3.909935057163238525e-02 8.595054037868976593e-03 3.929029032588005066e-02 3.255673218518495560e-03 1.464509498327970505e-02 5.660644546151161194e-02 4.739496111869812012e-02 2.436706796288490295e-02 4.152566194534301758e-02 7.038951665163040161e-02 1.421489119529724121e-01 3.744968026876449585e-02 7.783735543489456177e-02 7.818074524402618408e-02 2.752965129911899567e-02 3.331767767667770386e-02 1.066893041133880615e-01 1.253573596477508545e-02 1.481488067656755447e-02 3.133178129792213440e-02 4.308801889419555664e-02 1.986188627779483795e-02 4.155962169170379639e-02 3.236061707139015198e-02 2.835867181420326233e-02 2.076817676424980164e-02 4.338066652417182922e-02 3.533800691366195679e-02 1.177346706390380859e-02 3.121277876198291779e-02 3.220222517848014832e-02 8.617170155048370361e-02 4.328753426671028137e-02 2.080320008099079132e-02 3.069411404430866241e-02 8.337788283824920654e-03 3.207081928849220276e-02 5.906330421566963196e-03 4.549439065158367157e-03 1.670715026557445526e-02 9.427239187061786652e-03 7.277008146047592163e-02 8.152437512762844563e-04 8.084163069725036621e-03 1.772816292941570282e-03 2.454476617276668549e-02 3.021556138992309570e-02 1.541394833475351334e-02 1.955593749880790710e-02 1.402427908033132553e-02
3.844950348138809204e-02 3.666081652045249939e-02 7.407276891171932220e-03 8.953573182225227356e-03 2.554090134799480438e-02 1.289165206253528595e-02 2.480219677090644836e-02 1.544384472072124481e-02 7.305722683668136597e-02 4.836147129535675049e-01 4.713223502039909363e-02 1.890677586197853088e-02 4.576541483402252197e-02 6.725108623504638672e-02 2.095972560346126556e-02 3.963157907128334045e-02 4.985284432768821716e-02 6.428211182355880737e-02 1.386066228151321411e-01 2.217656001448631287e-02 3.126892820000648499e-02 7.169327698647975922e-03 3.498229756951332092e-02 5.849301442503929138e-02 4.929569363594055176e-02 1.825142093002796173e-02 2.930652350187301636e-02 2.595897205173969269e-02 3.461460396647453308e-02 5.016185715794563293e-02 2.457577921450138092e-02 4.331843927502632141e-02 5.148770287632942200e-02 1.577037572860717773e-02 1.848649978637695312e-02 3.567587584257125854e-02 1.162172947078943253e-02 1.300442218780517578e-02 1.194196939468383789e-02 1.396879088133573532e-02 1.176838763058185577e-02 2.492497675120830536e-02 3.426563343964517117e-04 1.833759807050228119e-02 5.412094295024871826e-02 2.715113759040832520e-02 4.019264131784439087e-02 4.969173297286033630e-02 6.017466541379690170e-03 9.494142234325408936e-02 1.636106148362159729e-02 2.923714928328990936e-02 2.300240285694599152e-02 4.753359407186508179e-02 3.605774044990539551e-02 2.245253697037696838e-02 5.421833321452140808e-02 2.271431731060147285e-03 9.502751345280557871e-05 3.414054587483406067e-02 1.577431103214621544e-03 1.474383845925331116e-02 6.168000400066375732e-02 2.435361500829458237e-03 2.677696384489536285e-02 2.588452585041522980e-02 3.512055426836013794e-02 3.945641592144966125e-02 4.021103028208017349e-03 6.238817051053047180e-02 5.780722573399543762e-02 5.505305156111717224e-02 5.299090873450040817e-03 1.117610335350036621e-01 5.559043586254119873e-02 4.316532611846923828e-02 5.050455406308174133e-02 1.683880090713500977e-01 1.258998271077871323e-02 1.663168966770172119e-01 6.902731023728847504e-03 3.604464232921600342e-02 3.854933660477399826e-03 1.206152141094207764e-01 3.374076634645462036e-02 4.587667807936668396e-02 7.063606753945350647e-04 3.448839113116264343e-02 1.740710809826850891e-02 9.208823740482330322e-02 9.311288595199584961e-03 3.052558936178684235e-02 3.101094998419284821e-02 2.990243397653102875e-02 1.900699734687805176e-02 5.416355282068252563e-02 1.800722256302833557e-02 2.103488193824887276e-03 9.039961732923984528e-03 1.660671271383762360e-02 9.867670945823192596e-03 4.052968323230743408e-02 2.780537493526935577e-02 2.138439379632472992e-02 5.834414064884185791e-02 2.225985191762447357e-02 9.670816361904144287e-03 4.989898577332496643e-02 3.234324604272842407e-02 1.745944656431674957e-02 2.129414118826389313e-02 3.775257244706153870e-02 1.670307293534278870e-02 3.175761178135871887e-02 1.453196350485086441e-02 1.808015257120132446e-02
1.160277649760246277e-01 1.083936020731925964e-01 2.095102705061435699e-02 1.993856579065322876e-02 2.232730202376842499e-02 9.691578894853591919e-02 8.029714971780776978e-02 2.947244420647621155e-02 3.718291595578193665e-02 4.713223502039909363e-02 4.924169182777404785e-01 1.070681959390640259e-02 8.954058587551116943e-02 3.280903398990631104e-02 1.586921699345111847e-02 5.279648583382368088e-03 2.204350195825099945e-03 2.565385214984416962e-02 2.456174418330192566e-02 1.390379853546619415e-02 2.718238718807697296e-02 5.126604810357093811e-02 2.409926056861877441e-02 4.476006608456373215e-03 4.050380364060401917e-02 2.005999349057674408e-02 1.010456960648298264e-02 8.827020414173603058e-03 4.860729444772005081e-03 2.734489506110548973e-03 6.717107258737087250e-03 2.690451964735984802e-02 2.014396525919437408e-02 1.850565150380134583e-02 7.215529680252075195e-03 6.180450785905122757e-03 7.158833090215921402e-03 1.367047801613807678e-02 6.402389844879508018e-04 1.572074741125106812e-02 2.410583011806011200e-02 2.695204876363277435e-02 7.058687042444944382e-03 2.224730886518955231e-02 6.941899657249450684e-03 1.265024184249341488e-03 4.232085496187210083e-02 2.410414256155490875e-02 2.840243838727474213e-02 3.776088729500770569e-02 2.812281250953674316e-02 4.345581308007240295e-02 1.971163041889667511e-02 1.740399561822414398e-02 4.120237007737159729e-02 2.194647677242755890e-02 6.160974968224763870e-03 7.714604493230581284e-03 2.693148097023367882e-03 3.209735080599784851e-02 2.879584208130836487e-02 1.051436644047498703e-02 2.579308114945888519e-02 1.652435516007244587e-03 2.229204028844833374e-02 4.053796455264091492e-02 3.683876246213912964e-02 3.254122659564018250e-02 2.548905089497566223e-02 9.454095736145973206e-03 2.055269666016101837e-02 3.139228373765945435e-02 5.028068274259567261e-02 9.857126511633396149e-03 4.466012120246887207e-02 2.587713859975337982e-02 4.829862713813781738e-02 2.037780173122882843e-02 8.916720747947692871e-03 9.194754995405673981e-03 2.620263583958148956e-02 3.817612677812576294e-02 2.347395196557044983e-02 1.643595658242702484e-02 2.872644178569316864e-02 4.895597323775291443e-02 2.631432376801967621e-02 2.665404789149761200e-02 2.219957485795021057e-02 1.858356781303882599e-02 1.484139077365398407e-02 3.640045598149299622e-02 2.275137789547443390e-02 1.358060445636510849e-02 3.176832571625709534e-03 5.751654971390962601e-04 3.460063412785530090e-02 5.739033967256546021e-02 2.377152815461158752e-02 3.759716823697090149e-02 3.481500595808029175e-02 4.179428145289421082e-02 5.854235030710697174e-03 3.645056486129760742e-02 4.106992855668067932e-02 1.920550130307674408e-02 3.740872070193290710e-02 3.403957560658454895e-02 1.402770262211561203e-02 3.151213750243186951e-02 1.471512392163276672e-02 8.592694997787475586e-03 2.699288725852966309e-02 9.759482927620410919e-03 8.542273193597793579e-03 6.590056233108043671e-03
3.073824755847454071e-02 1.638987287878990173e-02 2.025781432166695595e-03 4.669968783855438232e-02 6.516234576702117920e-02 2.567596547305583954e-02 3.038812056183815002e-02 1.577902585268020630e-02 2.005745284259319305e-02 1.890677586197853088e-02 1.070681959390640259e-02 4.602706134319305420e-01 1.213116385042667389e-02 1.002129316329956055e-01 6.459804251790046692e-03 2.989909797906875610e-02 4.891768470406532288e-02 3.669714787974953651e-03 4.720780998468399048e-02 1.764034852385520935e-02 5.120600759983062744e-02 3.299758583307266235e-02 7.019232958555221558e-02 4.168296977877616882e-02 3.223712742328643799e-02 4.529585316777229309e-02 2.713004313409328461e-02 9.220623970031738281e-02 3.358637914061546326e-02 3.725145384669303894e-02 3.644406422972679138e-02 2.149302512407302856e-02 1.242407876998186111e-02 4.561785236001014709e-02 2.089615166187286377e-02 5.760347470641136169e-03 3.526031225919723511e-02 2.350196242332458496e-02 4.722449183464050293e-02 5.451312754303216934e-03 2.965427935123443604e-02 3.255841881036758423e-02 8.583877235651016235e-03 1.122881006449460983e-02 2.063144929707050323e-02 4.362387210130691528e-02 4.381625726819038391e-02 7.676358800381422043e-03 3.254541009664535522e-02 1.831864379346370697e-02 4.945477470755577087e-02 9.091047197580337524e-02 2.145682834088802338e-02 1.777359843254089355e-02 6.078614387661218643e-03 4.340630024671554565e-02 6.581334024667739868e-02 2.791163697838783264e-02 4.575399309396743774e-02 3.578141331672668457e-02 3.460502251982688904e-02 3.982827812433242798e-02 4.479602351784706116e-02 2.095121517777442932e-02 4.211809858679771423e-02 2.071772515773773193e-02 6.642670836299657822e-03 5.254179984331130981e-02 1.375416573137044907e-02 1.042777905240654945e-03 2.359378524124622345e-02 2.397706732153892517e-02 5.244106426835060120e-02 1.446450408548116684e-02 2.944355085492134094e-02 9.952383115887641907e-03 5.193989723920822144e-02 1.422862336039543152e-02 2.313557080924510956e-02 2.266721986234188080e-02 3.380761668086051941e-02 1.588390953838825226e-02 4.449832066893577576e-02 3.989856317639350891e-02 3.073720633983612061e-02 1.181490346789360046e-02 6.965378765016794205e-03 3.730752691626548767e-02 3.721912577748298645e-02 4.713641107082366943e-02 9.187120944261550903e-03 3.625875338912010193e-02 4.165486991405487061e-02 5.156048387289047241e-02 2.844205498695373535e-02 7.048847526311874390e-02 7.185206282883882523e-03 4.555481672286987305e-02 2.445717155933380127e-02 2.469763904809951782e-02 2.064580284059047699e-02 4.610079154372215271e-02 4.433761537075042725e-02 2.233235165476799011e-03 1.094615552574396133e-02 2.362179942429065704e-02 3.081378759816288948e-03 1.314256526529788971e-02 2.915112860500812531e-02 1.393235404975712299e-03 4.541185684502124786e-03 2.881100401282310486e-02 5.835139006376266479e-02 3.458857163786888123e-02 5.018116440623998642e-03 4.027614369988441467e-02
9.518212080001831055e-02 9.638686478137969971e-02 4.660938400775194168e-03 2.388718351721763611e-02 5.461852997541427612e-03 7.460419088602066040e-02 7.410085946321487427e-02 2.650665305554866791e-02 4.409594088792800903e-02 4.576541483402252197e-02 8.954058587551116943e-02 1.213116385042667389e-02 4.975004196166992188e-01 4.100110381841659546e-02 8.270774967968463898e-03 1.449717953801155090e-02 9.725712588988244534e-04 1.795271970331668854e-02 1.666195318102836609e-02 3.139426931738853455e-02 4.472021386027336121e-02 4.890878498554229736e-02 2.835552394390106201e-02 1.342791249044239521e-03 2.272852510213851929e-02 4.485548287630081177e-02 2.051631920039653778e-02 2.098025567829608917e-02 4.768915940076112747e-03 5.974790547043085098e-03 1.676393300294876099e-02 3.090369142591953278e-02 1.859587430953979492e-02 1.191315148025751114e-02 6.953310221433639526e-03 7.273982279002666473e-03 6.102289073169231415e-03 1.724950782954692841e-02 1.661122217774391174e-02 1.084078475832939148e-02 2.662062644958496094e-02 1.333459746092557907e-02 2.090116590261459351e-02 2.347262576222419739e-02 7.998121902346611023e-03 1.249718293547630310e-02 3.806992620229721069e-02 3.588092699646949768e-02 1.555297244340181351e-02 4.001101851463317871e-02 1.446581073105335236e-02 5.131527781486511230e-02 1.531500648707151413e-02 2.567590400576591492e-02 4.263979569077491760e-02 2.757303230464458466e-02 2.161712199449539185e-02 1.368135912343859673e-03 1.835343055427074432e-02 2.821960486471652985e-02 2.947668358683586121e-02 6.277705542743206024e-03 3.209986165165901184e-02 2.323540502402465791e-05 1.196085009723901749e-02 4.335502162575721741e-02 4.602454975247383118e-02 2.526836842298507690e-02 2.889160998165607452e-02 8.421672508120536804e-03 1.672991923987865448e-02 1.847350597381591797e-02 4.448736831545829773e-02 1.624868437647819519e-02 4.360181465744972229e-02 4.439244046807289124e-02 2.924487367272377014e-02 3.829753026366233826e-02 7.727087475359439850e-03 1.811091415584087372e-02 3.582577407360076904e-02 1.879125833511352539e-02 1.605600118637084961e-02 2.122011221945285797e-02 1.662757247686386108e-02 2.975231036543846130e-02 2.140653692185878754e-02 4.049884900450706482e-02 2.242067828774452209e-03 8.694021031260490417e-03 1.156683266162872314e-02 3.300001472234725952e-02 2.534627355635166168e-02 2.302646450698375702e-02 1.911153271794319153e-02 2.606449835002422333e-02 2.726389095187187195e-02 4.766954481601715088e-02 5.509664770215749741e-03 1.805265061557292938e-02 4.024302214384078979e-02 3.791185840964317322e-02 3.257841104641556740e-03 2.707716636359691620e-02 1.982470601797103882e-02 2.305383980274200439e-02 2.647005207836627960e-02 3.011091612279415131e-02 2.207416854798793793e-02 1.595365442335605621e-02 9.648299776017665863e-03 1.307929214090108871e-02 2.619813568890094757e-02 2.205084543675184250e-03 1.732097705826163292e-03 1.003686897456645966e-02
