3.907125592231750488e-01 1.631878912448883057e-01 4.090578854084014893e-02 3.526128083467483521e-02 2.071404643356800079e-02 1.025822833180427551e-01 4.290837422013282776e-02 1.883054338395595551e-02 1.302837394177913666e-02 6.621774286031723022e-02 8.970770239830017090e-02 4.380705580115318298e-02 6.479177623987197876e-02 4.527663066983222961e-02 4.511800408363342285e-02 2.052316628396511078e-02 2.084654057398438454e-03 3.071301802992820740e-02 3.173685818910598755e-02 5.225533992052078247e-02 4.295792430639266968e-03 1.017837785184383392e-02 4.918368160724639893e-02 7.742078509181737900e-03 1.154690049588680267e-02 3.179774060845375061e-02 4.469090327620506287e-02 3.522431477904319763e-02 1.376193389296531677e-02 3.129342198371887207e-02 5.447456613183021545e-02 4.445162788033485413e-02 1.056090183556079865e-02 1.557127386331558228e-02 8.299261331558227539e-03 3.760172799229621887e-02 2.910770289599895477e-02 1.035779248923063278e-02 1.006511598825454712e-02 3.441245853900909424e-02 3.929827362298965454e-02 3.194864094257354736e-02 1.969489455223083496e-02 2.963352715596556664e-03 5.119844898581504822e-02 3.482787311077117920e-02 3.168577328324317932e-02 4.799467325210571289e-02 3.355528414249420166e-02 2.541444264352321625e-02 3.819321841001510620e-02 2.912775613367557526e-02 4.660680890083312988e-02 4.799220710992813110e-02 3.438225761055946350e-02 3.063914738595485687e-02 2.916059270501136780e-02 3.282807767391204834e-02 9.410638362169265747e-02 1.101806107908487320e-02 2.484906092286109924e-02 3.115696745226159692e-05 3.354242071509361267e-02 2.004449628293514252e-02 5.379870999604463577e-03 4.200692102313041687e-02 9.158251486951485276e-05 4.896381869912147522e-03 2.250289544463157654e-02 7.066436856985092163e-02 4.280598834156990051e-02 4.201395809650421143e-02 3.638793015852570534e-03 9.852223098278045654e-03 9.168595075607299805e-03 3.664613142609596252e-02 6.580777466297149658e-03 4.862729460000991821e-02 2.331030927598476410e-02 2.085760235786437988e-02 9.275102056562900543e-03 1.599214412271976471e-02 9.995014406740665436e-03 8.256857097148895264e-02 1.656962186098098755e-02 8.311568759381771088e-03 2.468799427151679993e-02 1.899099163711071014e-02 1.034472975879907608e-02 4.512733221054077148e-02 3.343806415796279907e-02 4.204055294394493103e-02 2.377357520163059235e-02 1.292797364294528961e-02 2.979781478643417358e-02 2.101776190102100372e-02 4.521348513662815094e-03 7.645842269994318485e-04 5.136870965361595154e-02 3.426716476678848267e-02 4.411795735359191895e-02 1.509101502597332001e-02 1.472604088485240936e-02 3.594835475087165833e-02 6.542827002704143524e-03 2.767767012119293213e-02 3.463875129818916321e-02 3.581786528229713440e-02 2.562294155359268188e-02 4.262048006057739258e-02 2.654361166059970856e-02 5.657773464918136597e-02 1.490460988134145737e-02 1.093390304595232010e-02 1.169340498745441437e-02 2.861759625375270844e-02
1.631878912448883057e-01 3.941082358360290527e-01 7.257467601448297501e-03 4.633730277419090271e-02 4.333194717764854431e-02 7.784788310527801514e-02 1.470089890062808990e-02 2.657272666692733765e-02 1.144166104495525360e-02 6.380766630172729492e-02 7.695015519857406616e-04 2.735034748911857605e-02 1.649878621101379395e-01 4.968179389834403992e-02 2.197485603392124176e-02 9.598375298082828522e-03 2.602126635611057281e-02 4.857010021805763245e-02 3.619041666388511658e-02 4.130329191684722900e-02 4.134576767683029175e-02 2.128182444721460342e-03 4.631098359823226929e-02 3.932775184512138367e-02 2.006923221051692963e-02 1.051291637122631073e-02 2.000363916158676147e-02 5.525731667876243591e-02 9.411058388650417328e-03 2.921065688133239746e-02 1.436085626482963562e-02 1.510793436318635941e-02 1.018465962260961533e-02 5.941537092439830303e-04 5.888919159770011902e-02 3.928349167108535767e-02 4.383172467350959778e-02 5.265088751912117004e-02 3.855048865079879761e-02 5.387396551668643951e-03 3.396502137184143066e-02 4.547544196248054504e-02 3.062232397496700287e-02 4.690385237336158752e-02 1.872355490922927856e-02 5.217478424310684204e-02 3.329930081963539124e-02 4.603311419486999512e-02 6.702244747430086136e-03 6.850716657936573029e-03 9.926185943186283112e-03 1.328969467431306839e-02 3.850763291120529175e-02 3.246825933456420898e-02 1.744158379733562469e-02 3.481960296630859375e-02 4.439707100391387939e-02 2.399837784469127655e-02 7.617451995611190796e-02 7.855580188333988190e-03 4.452675580978393555e-02 6.222608964890241623e-03 1.234377734363079071e-02 1.006117742508649826e-02 2.235294319689273834e-02 3.127792850136756897e-02 3.256031125783920288e-02 5.487731844186782837e-02 2.354919351637363434e-02 3.225453197956085205e-03 3.162490949034690857e-02 6.575545761734247208e-03 1.982620172202587128e-02 3.000400960445404053e-03 4.348557442426681519e-03 3.647707030177116394e-02 2.831287682056427002e-02 3.187409043312072754e-02 5.471787974238395691e-02 2.801235020160675049e-02 4.576067999005317688e-02 3.178536891937255859e-02 2.908690366894006729e-03 1.766201108694076538e-02 2.671796828508377075e-02 3.210416063666343689e-02 3.745385259389877319e-02 3.889043256640434265e-02 3.387308493256568909e-02 4.802156239748001099e-02 4.624548926949501038e-02 2.143125236034393311e-02 4.350049421191215515e-02 4.937589541077613831e-02 2.081648446619510651e-02 3.515836084261536598e-03 1.061027054674923420e-03 6.864061579108238220e-03 1.870970055460929871e-02 3.655616194009780884e-02 3.437337651848793030e-02 2.641109749674797058e-02 4.168412461876869202e-02 8.320447057485580444e-03 5.932727362960577011e-03 3.108796291053295135e-02 3.212101384997367859e-02 9.836154058575630188e-03 3.259273990988731384e-02 4.929674044251441956e-02 3.621362149715423584e-02 3.430383279919624329e-02 1.493595913052558899e-02 1.821743353502824903e-04 1.970732212066650391e-02 1.073184609413146973e-02
4.090578854084014893e-02 7.257467601448297501e-03 3.854221701622009277e-01 7.451241463422775269e-02 1.270724367350339890e-02 3.468678891658782959e-02 8.841371163725852966e-03 1.554880291223526001e-01 2.827364206314086914e-02 4.122201353311538696e-02 2.912464551627635956e-02 6.634347955696284771e-04 2.321828529238700867e-02 3.149941191077232361e-02 5.249146744608879089e-02 3.735945746302604675e-02 6.721355603076517582e-04 2.761627081781625748e-03 1.683197170495986938e-02 6.881272885948419571e-03 2.639451250433921814e-02 3.097054176032543182e-02 9.942326141754165292e-05 2.656210586428642273e-02 5.043946579098701477e-02 4.207419976592063904e-02 2.213133871555328369e-02 4.988533630967140198e-02 9.017423726618289948e-03 3.361839335411787033e-03 2.233786322176456451e-02 1.167334150522947311e-02 2.117081079632043839e-03 4.842403344810009003e-03 4.632662981748580933e-02 3.647316992282867432e-02 2.109853550791740417e-02 4.297629743814468384e-02 5.775200668722391129e-03 2.176152355968952179e-02 1.744763739407062531e-02 3.866286203265190125e-02 4.503696784377098083e-02 7.683181762695312500e-02 3.212488815188407898e-02 1.755801029503345490e-02 4.276466742157936096e-02 6.107409717515110970e-04 3.911913186311721802e-02 6.884581409394741058e-03 1.615973748266696930e-02 2.787529677152633667e-02 4.317447170615196228e-02 5.167128890752792358e-02 3.448020201176404953e-03 1.314941793680191040e-02 3.233273979276418686e-03 3.404856473207473755e-02 4.231745004653930664e-02 4.775739833712577820e-02 3.894511610269546509e-02 1.369696110486984253e-02 1.566885598003864288e-02 3.317100182175636292e-02 7.669600192457437515e-03 4.493800923228263855e-02 3.846269100904464722e-02 4.919173661619424820e-03 2.676757797598838806e-02 1.729013957083225250e-02 1.990981213748455048e-02 3.701246157288551331e-02 4.760752990841865540e-02 6.450385786592960358e-03 4.926022514700889587e-02 3.186003491282463074e-02 3.385318815708160400e-02 1.828289963304996490e-02 3.484815359115600586e-02 3.926783800125122070e-03 1.695909351110458374e-01 4.989665001630783081e-02 1.263825688511133194e-02 1.640000194311141968e-02 1.375537272542715073e-02 2.889007516205310822e-02 9.762295335531234741e-02 9.285350330173969269e-03 4.265725612640380859e-02 3.672851622104644775e-02 1.435133814811706543e-02 2.131673682015389204e-05 2.849230729043483734e-02 4.392135888338088989e-02 1.647519692778587341e-02 1.213880814611911774e-02 1.850375905632972717e-02 3.443746827542781830e-03 2.748679928481578827e-02 8.276737295091152191e-03 2.813160233199596405e-02 2.497270703315734863e-02 2.308905124664306641e-02 3.104348108172416687e-02 4.042896255850791931e-02 1.219113543629646301e-01 2.502046292647719383e-03 2.305906452238559723e-02 4.120322410017251968e-03 2.711970172822475433e-02 3.299460513517260551e-03 1.971549936570227146e-04 1.261678710579872131e-02 5.455471575260162354e-02 2.393510192632675171e-02 1.505971769802272320e-03
3.526128083467483521e-02 4.633730277419090271e-02 7.451241463422775269e-02 3.770841658115386963e-01 4.104842245578765869e-02 2.352711744606494904e-02 2.236086316406726837e-02 2.509166300296783447e-02 2.918901853263378143e-02 4.395158961415290833e-03 1.839216914959251881e-03 3.585989028215408325e-02 3.870800510048866272e-02 2.454031258821487427e-02 1.530796848237514496e-02 4.216907918453216553e-02 5.216379463672637939e-02 1.130657037720084190e-03 1.602327264845371246e-02 4.775836132466793060e-03 2.173171192407608032e-02 4.079791903495788574e-02 3.091661073267459869e-02 3.524260967969894409e-02 2.922404184937477112e-02 1.630462892353534698e-02 4.463127348572015762e-03 4.445715621113777161e-02 4.120395705103874207e-02 1.448784861713647842e-02 4.355269297957420349e-02 2.621486596763134003e-02 2.044160291552543640e-02 1.021634042263031006e-02 6.602449808269739151e-03 3.250177204608917236e-02 2.313454076647758484e-02 5.504352157004177570e-04 1.235111895948648453e-02 4.277681186795234680e-02 3.064108453691005707e-02 1.303905528038740158e-02 4.655078053474426270e-02 4.742489755153656006e-02 2.168374322354793549e-02 4.449801519513130188e-02 1.872810162603855133e-02 4.551716521382331848e-02 3.409568220376968384e-02 5.007949098944664001e-02 1.462221611291170120e-03 3.539267554879188538e-02 3.433127328753471375e-02 4.215006157755851746e-02 1.754669658839702606e-02 6.642718799412250519e-03 2.990471757948398590e-02 1.352275721728801727e-02 3.783131763339042664e-02 5.348366685211658478e-03 1.994877867400646210e-02 1.989589817821979523e-02 6.866578012704849243e-03 5.299370363354682922e-02 7.437395397573709488e-03 3.614623844623565674e-02 4.742996394634246826e-02 2.961756289005279541e-02 3.451317176222801208e-02 1.238386612385511398e-02 6.788826547563076019e-03 1.660619513131678104e-03 1.312369406223297119e-01 3.581406176090240479e-02 4.757721722126007080e-02 4.435445182025432587e-03 3.222920373082160950e-02 5.777952261269092560e-03 4.221217334270477295e-02 6.099253520369529724e-02 9.860606864094734192e-03 4.421964287757873535e-02 2.950583817437291145e-03 4.001105204224586487e-02 5.271547473967075348e-03 2.859494835138320923e-02 4.840320348739624023e-02 2.038612402975559235e-02 1.187604852020740509e-02 2.829143544659018517e-03 1.905624382197856903e-02 2.998716197907924652e-02 1.943980716168880463e-02 7.795330137014389038e-03 4.540805891156196594e-02 4.515561461448669434e-02 1.483149547129869461e-02 7.824508473277091980e-03 5.823695100843906403e-03 1.520499004982411861e-03 2.268306352198123932e-02 2.445936203002929688e-03 3.980420529842376709e-02 4.308594018220901489e-02 7.661804556846618652e-03 2.914960030466318130e-03 7.938774302601814270e-03 1.301937643438577652e-02 9.627667069435119629e-02 1.476733665913343430e-02 2.195128938183188438e-03 4.193249717354774475e-02 4.584555700421333313e-02 3.523149341344833374e-02 3.912485763430595398e-02 1.196524826809763908e-03
2.071404643356800079e-02 4.333194717764854431e-02 1.270724367350339890e-02 4.104842245578765869e-02 3.891744017601013184e-01 3.931140899658203125e-02 1.259476225823163986e-02 4.260811582207679749e-02 1.698095537722110748e-02 9.969846345484256744e-03 1.212262362241744995e-02 3.212924301624298096e-02 4.490936174988746643e-02 8.226356469094753265e-03 2.073853835463523865e-02 7.018561661243438721e-02 6.294625252485275269e-02 1.742018014192581177e-02 1.047719363123178482e-02 2.324533276259899139e-02 1.507147564552724361e-03 1.765838451683521271e-02 6.452354602515697479e-03 1.498992647975683212e-02 1.936168968677520752e-02 3.562730178236961365e-02 6.853886879980564117e-04 3.221114724874496460e-02 2.523096464574337006e-02 4.910765960812568665e-02 7.197838276624679565e-02 1.389100123196840286e-02 2.023467980325222015e-02 1.690281741321086884e-02 1.420675590634346008e-02 2.373056299984455109e-02 4.296943545341491699e-02 3.290983662009239197e-02 8.782415091991424561e-02 1.441097557544708252e-01 5.075986700830981135e-05 4.604503139853477478e-02 2.094756439328193665e-02 8.402498438954353333e-03 4.711354617029428482e-03 2.239290811121463776e-02 1.009992696344852448e-02 3.031224571168422699e-02 5.748126190155744553e-03 4.687005653977394104e-02 1.795401982963085175e-02 3.312157094478607178e-02 2.004573494195938110e-02 1.366200763732194901e-02 4.193276539444923401e-02 1.550037506967782974e-02 1.365258824080228806e-02 4.585069138556718826e-03 4.484060779213905334e-02 3.037564456462860107e-02 4.722584038972854614e-03 1.318457163870334625e-02 5.075547471642494202e-02 2.872831188142299652e-03 3.578901290893554688e-02 3.505021333694458008e-02 2.116177603602409363e-02 1.744509860873222351e-02 8.302446454763412476e-03 5.169855430722236633e-02 1.640920527279376984e-02 1.759428717195987701e-02 1.102070733904838562e-01 2.453764155507087708e-02 8.338476717472076416e-02 2.794865891337394714e-02 2.505681104958057404e-02 5.638086050748825073e-02 3.618161380290985107e-02 1.394266635179519653e-02 4.137501120567321777e-02 3.064910508692264557e-02 2.146697603166103363e-02 6.601028889417648315e-02 4.775357246398925781e-02 3.395020216703414917e-02 4.446064587682485580e-03 2.979816310107707977e-02 3.069073893129825592e-03 7.084253709763288498e-03 4.221183806657791138e-02 2.126978896558284760e-02 4.068287089467048645e-03 1.854000426828861237e-02 2.547622891142964363e-03 3.725972399115562439e-02 4.203285276889801025e-02 6.952827796339988708e-03 3.496684879064559937e-02 1.729668676853179932e-02 4.516145959496498108e-02 3.282092511653900146e-02 3.583264350891113281e-02 3.942053008358925581e-04 4.111835360527038574e-02 4.954351857304573059e-02 1.268227305263280869e-02 6.825129687786102295e-02 3.408017382025718689e-02 3.973756730556488037e-02 3.787708934396505356e-03 4.550356790423393250e-02 1.283871755003929138e-02 4.771987721323966980e-02 4.886852577328681946e-02 1.219611149281263351e-02
1.025822833180427551e-01 7.784788310527801514e-02 3.468678891658782959e-02 2.352711744606494904e-02 3.931140899658203125e-02 3.978078663349151611e-01 9.265156835317611694e-02 2.580036781728267670e-02 5.080293118953704834e-02 4.696064442396163940e-02 6.837042421102523804e-02 3.157281503081321716e-02 3.706212621182203293e-03 3.312223777174949646e-02 3.293077275156974792e-02 9.475928731262683868e-03 9.780410677194595337e-03 2.975798211991786957e-02 2.129001542925834656e-02 4.539724066853523254e-02 9.674973785877227783e-03 3.319246321916580200e-02 2.250010333955287933e-02 2.331796847283840179e-02 4.966431297361850739e-04 1.593255624175071716e-02 2.330244518816471100e-02 2.012721821665763855e-02 1.048292405903339386e-02 1.373623963445425034e-02 3.109927661716938019e-02 3.958716988563537598e-02 1.618369854986667633e-02 3.630971908569335938e-02 1.071916427463293076e-02 5.116160959005355835e-02 1.481303945183753967e-02 1.158915553241968155e-02 4.476286470890045166e-02 1.462355069816112518e-02 8.440223522484302521e-03 4.382194578647613525e-02 4.287881776690483093e-03 5.348079651594161987e-02 1.033823844045400620e-02 8.025909774005413055e-03 1.215517818927764893e-01 6.768703460693359375e-02 1.987997815012931824e-02 3.317436575889587402e-02 3.162479028105735779e-03 4.525245353579521179e-02 4.118429124355316162e-02 4.905724897980690002e-02 3.995215520262718201e-03 7.115237414836883545e-03 1.189068332314491272e-02 3.109473176300525665e-02 8.350297063589096069e-02 5.189020559191703796e-02 1.353406533598899841e-02 1.033145189285278320e-02 4.363982751965522766e-02 4.369769990444183350e-02 2.031366154551506042e-02 2.335656061768531799e-02 3.816068544983863831e-02 3.728387504816055298e-02 1.428148150444030762e-02 1.004420220851898193e-02 4.110441356897354126e-02 6.019264087080955505e-02 4.179958626627922058e-02 4.032850638031959534e-02 1.436222996562719345e-02 6.396813318133354187e-03 1.465321704745292664e-02 9.847153909504413605e-03 3.402360016480088234e-03 3.772933036088943481e-02 2.452306635677814484e-02 7.643389049917459488e-03 1.869495213031768799e-02 2.102822810411453247e-02 4.055607691407203674e-02 1.545719336718320847e-02 5.093201249837875366e-02 2.627411298453807831e-02 4.823093116283416748e-02 2.551214769482612610e-02 5.146778654307126999e-03 4.622311517596244812e-02 6.653997581452131271e-03 2.253966033458709717e-02 2.825204841792583466e-02 1.253096107393503189e-02 5.077173560857772827e-02 3.771437332034111023e-02 2.931644394993782043e-02 1.455860398709774017e-02 5.191690288484096527e-03 5.059878155589103699e-02 3.455492854118347168e-02 7.571144029498100281e-03 3.039450151845812798e-03 3.365100547671318054e-02 1.377179636619985104e-03 2.917638048529624939e-02 4.028166830539703369e-02 4.333515837788581848e-02 3.004501946270465851e-02 3.452169522643089294e-02 3.344214707612991333e-02 5.018425732851028442e-02 1.773910946212708950e-03 2.160275727510452271e-02
4.290837422013282776e-02 1.470089890062808990e-02 8.841371163725852966e-03 2.236086316406726837e-02 1.259476225823163986e-02 9.265156835317611694e-02 3.900513648986816406e-01 2.442018361762166023e-03 1.577852666378021240e-02 8.522923104465007782e-03 8.509647846221923828e-02 4.348482564091682434e-02 1.623098971322178841e-03 2.115890569984912872e-02 3.875062102451920509e-03 3.961984068155288696e-02 3.893960267305374146e-02 7.911466062068939209e-02 3.903183154761791229e-03 6.548438221216201782e-02 4.217434674501419067e-02 7.584071252495050430e-03 4.295967146754264832e-02 2.210423117503523827e-03 2.526643499732017517e-02 2.486782381311058998e-03 2.611011499539017677e-03 5.389412119984626770e-02 3.324854746460914612e-02 2.402319759130477905e-02 1.447472721338272095e-02 4.310353659093379974e-03 7.457010215148329735e-04 2.424143254756927490e-02 4.795622080564498901e-02 5.751720163971185684e-03 6.163291167467832565e-03 5.148728191852569580e-02 2.343889325857162476e-02 2.973870001733303070e-02 1.025552581995725632e-02 4.754970595240592957e-02 2.140781655907630920e-02 4.293244704604148865e-02 1.616026647388935089e-02 2.544718421995639801e-02 7.966114208102226257e-03 1.997981220483779907e-01 6.459310185164213181e-03 4.587471485137939453e-02 1.369646284729242325e-02 1.533809211105108261e-02 4.331967234611511230e-02 2.057564072310924530e-02 2.060666307806968689e-02 1.845119334757328033e-02 5.501461774110794067e-02 1.234963256865739822e-02 3.450966626405715942e-02 2.709418162703514099e-02 4.626805335283279419e-02 1.282916218042373657e-02 3.255601972341537476e-02 3.773119673132896423e-02 4.139226675033569336e-02 7.104566786438226700e-03 3.154125437140464783e-02 5.510378256440162659e-02 3.861124441027641296e-02 5.270761623978614807e-02 4.092316702008247375e-02 3.363033756613731384e-02 1.739481277763843536e-02 2.271616645157337189e-02 5.237913131713867188e-02 3.750849142670631409e-02 3.765015304088592529e-02 1.725560054183006287e-02 1.509073935449123383e-02 3.621990606188774109e-02 2.210869081318378448e-02 1.309943664819002151e-02 1.782462932169437408e-03 1.259440369904041290e-02 2.503136172890663147e-02 7.599783129990100861e-03 6.936711259186267853e-03 2.288291417062282562e-02 2.559983916580677032e-02 4.425197094678878784e-02 4.888871684670448303e-02 2.580881677567958832e-02 2.372272126376628876e-02 3.041282296180725098e-02 8.649026975035667419e-03 1.125632878392934799e-02 1.825289055705070496e-02 2.279382664710283279e-03 2.240048907697200775e-02 3.728395700454711914e-02 1.309081166982650757e-02 1.043120585381984711e-02 2.449705824255943298e-02 2.102178707718849182e-02 2.756752632558345795e-02 3.994803875684738159e-02 3.248979523777961731e-02 4.177588224411010742e-02 2.352015674114227295e-02 1.405357941985130310e-02 4.241986945271492004e-02 1.860104035586118698e-03 9.270770242437720299e-04 3.959496319293975830e-02 3.252930939197540283e-02 4.863057658076286316e-02
1.883054338395595551e-02 2.657272666692733765e-02 1.554880291223526001e-01 2.509166300296783447e-02 4.260811582207679749e-02 2.580036781728267670e-02 2.442018361762166023e-03 3.943881392478942871e-01 2.659014984965324402e-02 2.903626486659049988e-02 3.161073103547096252e-02 2.447961829602718353e-03 2.789316326379776001e-02 1.289592590183019638e-02 1.527095884084701538e-01 5.660230293869972229e-02 5.069132149219512939e-02 3.819134458899497986e-02 1.666517369449138641e-02 8.108790963888168335e-03 3.270485671237111092e-03 1.626378484070301056e-02 3.045866638422012329e-02 6.704267580062150955e-03 3.074361942708492279e-02 5.897302553057670593e-02 1.994141936302185059e-02 6.995657924562692642e-03 4.817815870046615601e-02 1.085396483540534973e-02 3.842886537313461304e-02 5.640113353729248047e-02 3.758562356233596802e-02 1.427484862506389618e-02 3.120661154389381409e-02 4.765482991933822632e-02 4.947521723806858063e-03 2.944071218371391296e-02 1.795556768774986267e-02 2.186009660363197327e-02 2.550278604030609131e-02 8.776001632213592529e-03 5.091563239693641663e-02 1.967088878154754639e-02 5.026715248823165894e-02 3.588231652975082397e-02 4.283918533474206924e-03 1.446964032948017120e-02 1.062682014890015125e-03 1.994131132960319519e-02 3.028268925845623016e-02 4.497540649026632309e-03 4.149315506219863892e-02 1.171671040356159210e-02 2.012802101671695709e-02 3.900661319494247437e-02 2.326378226280212402e-02 3.735408931970596313e-02 2.568715251982212067e-02 1.347371097654104233e-02 4.622900858521461487e-02 4.211385175585746765e-02 1.418691501021385193e-02 1.387893594801425934e-02 4.702301695942878723e-02 3.722149506211280823e-02 4.587186500430107117e-02 8.536403067409992218e-03 1.096874009817838669e-02 1.059758476912975311e-02 3.672215715050697327e-02 1.717374776490032673e-03 5.086407065391540527e-02 7.801496889442205429e-03 2.047501504421234131e-02 4.854796081781387329e-02 9.183783084154129028e-03 2.069484256207942963e-02 4.420008882880210876e-02 7.803174667060375214e-03 5.834339931607246399e-02 5.305172875523567200e-02 1.878686435520648956e-02 1.132458541542291641e-02 2.312165312469005585e-02 9.091302752494812012e-03 9.139268100261688232e-02 3.417811915278434753e-02 3.960481286048889160e-02 3.168541938066482544e-02 5.686625838279724121e-02 2.954207127913832664e-03 3.426691889762878418e-02 4.499198868870735168e-02 1.866749674081802368e-02 1.958750374615192413e-02 1.801932230591773987e-02 1.532402075827121735e-02 4.566163197159767151e-02 4.349946975708007812e-02 4.513789713382720947e-02 3.421895205974578857e-02 5.995522718876600266e-03 1.841294020414352417e-02 2.602850459516048431e-02 2.813394926488399506e-02 1.459752395749092102e-02 3.244479000568389893e-02 5.621742084622383118e-02 1.031014695763587952e-02 3.051418438553810120e-02 9.646050748415291309e-04 1.705384813249111176e-02 1.465677097439765930e-02 1.677098125219345093e-02 3.052149713039398193e-02
1.302837394177913666e-02 1.144166104495525360e-02 2.827364206314086914e-02 2.918901853263378143e-02 1.698095537722110748e-02 5.080293118953704834e-02 1.577852666378021240e-02 2.659014984965324402e-02 4.004335105419158936e-01 6.156623363494873047e-02 3.826298192143440247e-02 1.553019694983959198e-02 3.519659629091620445e-03 5.073711648583412170e-02 3.297777846455574036e-02 2.344333752989768982e-02 1.018030568957328796e-02 6.281602382659912109e-02 1.995496824383735657e-02 2.151825092732906342e-02 4.165858775377273560e-02 5.168157443404197693e-02 2.796426229178905487e-02 1.375611685216426849e-02 1.947431080043315887e-02 4.211883246898651123e-02 3.708269819617271423e-02 3.650587052106857300e-03 3.055852837860584259e-02 5.711001809686422348e-03 3.454843163490295410e-02 5.166606977581977844e-02 1.941121742129325867e-02 2.190199494361877441e-02 3.983152657747268677e-02 1.850622333586215973e-02 2.398752607405185699e-02 2.785434201359748840e-02 4.166010767221450806e-03 1.784523949027061462e-02 2.652329578995704651e-02 1.535631343722343445e-02 5.167187750339508057e-02 3.272885456681251526e-02 7.693551480770111084e-03 5.734714679419994354e-03 2.485243370756506920e-03 2.026534825563430786e-02 4.557904228568077087e-02 2.963194623589515686e-02 3.294095769524574280e-02 2.154367789626121521e-02 2.469908259809017181e-02 8.139745332300662994e-03 1.653893664479255676e-02 3.254966810345649719e-02 8.134996169246733189e-04 3.588139638304710388e-02 3.520856425166130066e-02 3.077442571520805359e-02 1.644271612167358398e-02 4.437781125307083130e-02 7.498104125261306763e-02 8.860208094120025635e-02 2.936376072466373444e-02 2.261724509298801422e-02 4.019707068800926208e-02 6.136062368750572205e-02 2.876847609877586365e-02 2.893324475735425949e-03 2.284347638487815857e-02 5.356842302717268467e-04 4.542257636785507202e-03 7.750761695206165314e-03 4.529487714171409607e-02 1.317937392741441727e-02 1.212169975042343140e-01 5.756672471761703491e-02 4.666433855891227722e-02 4.451783746480941772e-02 3.191389515995979309e-02 2.444341965019702911e-02 2.127040177583694458e-02 2.378010377287864685e-02 3.059680387377738953e-02 5.384975578635931015e-03 1.693611592054367065e-02 1.183227822184562683e-02 4.615296423435211182e-02 4.248405992984771729e-02 4.531653970479965210e-02 2.624923922121524811e-02 2.519501186907291412e-02 1.163422781974077225e-02 3.521453589200973511e-02 2.212430909276008606e-02 5.264161154627799988e-02 3.944492712616920471e-02 1.046480028890073299e-03 5.524953827261924744e-02 1.640526950359344482e-02 4.444603249430656433e-02 5.266073346138000488e-02 1.685473695397377014e-02 8.810836076736450195e-02 5.320974066853523254e-02 2.843494713306427002e-02 5.044837668538093567e-02 2.424377948045730591e-02 7.062883581966161728e-03 5.841237679123878479e-02 3.954612836241722107e-02 6.166664510965347290e-02 4.733695834875106812e-02 3.086057305335998535e-02 1.853212155401706696e-02
6.621774286031723022e-02 6.380766630172729492e-02 4.122201353311538696e-02 4.395158961415290833e-03 9.969846345484256744e-03 4.696064442396163940e-02 8.522923104465007782e-03 2.903626486659049988e-02 6.156623363494873047e-02 3.904109299182891846e-01 4.571175575256347656e-02 5.009596049785614014e-02 3.454224392771720886e-02 1.273348275572061539e-02 6.460640113800764084e-03 3.661489859223365784e-02 4.164876416325569153e-02 6.017365958541631699e-03 7.429402321577072144e-02 1.988705992698669434e-02 2.483320895407814533e-05 1.767863892018795013e-02 4.615783691406250000e-02 1.898951269686222076e-02 4.299931228160858154e-02 1.723546418361365795e-03 3.083051368594169617e-02 9.026586078107357025e-03 2.045020833611488342e-02 2.845489606261253357e-02 3.005501581355929375e-03 2.648470737040042877e-02 5.456300079822540283e-02 4.975619539618492126e-02 3.369059180840849876e-03 5.190586298704147339e-02 2.763682231307029724e-02 2.924755960702896118e-02 3.895419836044311523e-02 2.218837663531303406e-02 9.099614620208740234e-02 1.382567547261714935e-02 4.582465067505836487e-02 3.146087005734443665e-02 3.560771793127059937e-02 5.194761604070663452e-02 2.488018572330474854e-02 2.397940494120121002e-02 2.031567692756652832e-02 3.611891716718673706e-02 5.660413764417171478e-03 7.405963260680437088e-03 1.259101834148168564e-02 3.668087767437100410e-03 2.610011026263237000e-02 3.691191971302032471e-02 3.450299799442291260e-02 1.123518995882477611e-05 1.409684401005506516e-02 5.496769770979881287e-02 1.858677156269550323e-02 2.012240514159202576e-02 2.313947677612304688e-02 2.792281471192836761e-02 6.291314493864774704e-03 3.447776660323143005e-02 2.599870041012763977e-02 3.415200859308242798e-02 4.090969264507293701e-02 7.727141026407480240e-03 1.119058299809694290e-02 5.096448957920074463e-02 3.374890610575675964e-02 2.071278728544712067e-02 3.026868961751461029e-02 2.641416713595390320e-02 1.334671676158905029e-02 1.645808964967727661e-01 3.580982796847820282e-03 1.525271385908126831e-01 4.013358429074287415e-02 3.309168666601181030e-02 4.279458522796630859e-02 2.579880878329277039e-02 3.690406307578086853e-02 5.007348954677581787e-03 9.703828953206539154e-03 3.393114730715751648e-02 4.716679453849792480e-02 3.768248111009597778e-02 7.598038017749786377e-02 3.531247749924659729e-02 3.891582787036895752e-02 5.152391269803047180e-02 1.662914454936981201e-02 1.020525842905044556e-01 3.219251334667205811e-02 2.994351647794246674e-02 3.752712160348892212e-02 1.944091729819774628e-02 3.097474342212080956e-03 3.536201640963554382e-02 2.350046858191490173e-02 2.489352226257324219e-02 1.103257946670055389e-02 3.266124287620186806e-03 1.482747774571180344e-02 6.567202508449554443e-03 4.050492867827415466e-02 4.135669395327568054e-02 1.684983074665069580e-02 6.133758928626775742e-03 3.400488570332527161e-02 3.177296742796897888e-02 3.065824322402477264e-02 2.504442073404788971e-02
8.970770239830017090e-02 7.695015519857406616e-04 2.912464551627635956e-02 1.839216914959251881e-03 1.212262362241744995e-02 6.837042421102523804e-02 8.509647846221923828e-02 3.161073103547096252e-02 3.826298192143440247e-02 4.571175575256347656e-02 3.882253468036651611e-01 3.912960365414619446e-02 3.944088146090507507e-02 2.490589953958988190e-02 2.462601289153099060e-02 3.308535739779472351e-02 2.843755111098289490e-02 3.557543456554412842e-02 5.126977339386940002e-03 5.374629981815814972e-03 4.796124622225761414e-02 2.127748355269432068e-02 2.186952531337738037e-02 2.481193095445632935e-02 5.508519709110260010e-02 2.002097107470035553e-02 3.295482695102691650e-02 1.504191569983959198e-02 6.957137584686279297e-02 3.453778848052024841e-02 2.395604364573955536e-02 3.807812556624412537e-02 3.278077580034732819e-03 2.463845722377300262e-02 4.830098524689674377e-02 8.745655417442321777e-02 2.513806149363517761e-02 1.014150772243738174e-02 8.094119839370250702e-03 2.637293003499507904e-02 5.027568712830543518e-02 2.264934778213500977e-02 1.013207249343395233e-02 1.427821069955825806e-02 4.323131218552589417e-02 1.762544922530651093e-02 3.360805660486221313e-02 7.146444916725158691e-02 2.182502858340740204e-02 3.161111101508140564e-02 3.784650191664695740e-02 5.372133851051330566e-02 1.239130180329084396e-02 2.847144939005374908e-02 2.480300888419151306e-02 4.481262341141700745e-02 5.827270448207855225e-02 2.243263833224773407e-02 5.210921540856361389e-02 1.582889258861541748e-02 3.678168356418609619e-02 1.023890450596809387e-02 4.569717682898044586e-03 3.986290842294692993e-02 7.575507462024688721e-02 3.868804872035980225e-02 2.849718742072582245e-02 5.129620805382728577e-02 3.058431297540664673e-02 4.034809768199920654e-02 2.599561214447021484e-02 5.440814048051834106e-02 1.404394861310720444e-02 1.578582078218460083e-02 4.967829585075378418e-02 1.236472744494676590e-02 1.964209042489528656e-02 7.518066558986902237e-03 1.011499110609292984e-02 3.331110626459121704e-02 2.718936093151569366e-02 5.190013721585273743e-02 4.763692617416381836e-02 2.603742177598178387e-04 5.106015875935554504e-02 3.526750253513455391e-03 1.710299588739871979e-02 8.329047262668609619e-02 3.824068978428840637e-02 6.910649128258228302e-03 1.219777297228574753e-02 2.184676006436347961e-03 3.301307931542396545e-02 1.802599243819713593e-02 2.904350496828556061e-02 2.761918865144252777e-02 1.882727444171905518e-02 2.964132651686668396e-02 2.149533294141292572e-02 2.634713612496852875e-02 2.735348418354988098e-02 2.791573107242584229e-02 1.692886091768741608e-02 7.161923684179782867e-03 6.111961323767900467e-03 3.264234215021133423e-02 2.321399003267288208e-02 2.549544908106327057e-02 4.454375058412551880e-02 7.192108896560966969e-04 4.640354588627815247e-02 1.285981852561235428e-02 3.392897173762321472e-02 4.129776358604431152e-02 3.762713074684143066e-02 2.359049394726753235e-02
4.380705580115318298e-02 2.735034748911857605e-02 6.634347955696284771e-04 3.585989028215408325e-02 3.212924301624298096e-02 3.157281503081321716e-02 4.348482564091682434e-02 2.447961829602718353e-03 1.553019694983959198e-02 5.009596049785614014e-02 3.912960365414619446e-02 4.099320769309997559e-01 5.629360675811767578e-02 9.513876587152481079e-02 1.467803586274385452e-02 5.352970212697982788e-02 5.117570981383323669e-02 2.529743500053882599e-02 2.107501775026321411e-02 6.722789257764816284e-02 3.407102823257446289e-02 5.136983841657638550e-02 8.216328918933868408e-03 4.449826851487159729e-02 9.871719405055046082e-03 3.135142149403691292e-03 3.936182707548141479e-02 7.823689281940460205e-02 4.855708777904510498e-02 5.771036073565483093e-02 8.438506163656711578e-03 2.554205432534217834e-02 2.462254278361797333e-02 1.510585471987724304e-02 8.141556754708290100e-03 9.227751754224300385e-03 1.336885616183280945e-02 3.992973268032073975e-02 5.270840227603912354e-02 2.779494598507881165e-02 2.565040625631809235e-02 2.165289223194122314e-02 3.343675285577774048e-02 2.037069573998451233e-02 5.249984189867973328e-02 1.866004779003560543e-03 2.553505264222621918e-02 4.675975441932678223e-02 6.004147976636886597e-02 7.575381547212600708e-02 8.266382850706577301e-03 4.075643792748451233e-02 3.644504770636558533e-02 3.804435953497886658e-02 8.275002241134643555e-03 1.594043709337711334e-02 5.355636775493621826e-02 3.156923130154609680e-02 3.315492346882820129e-02 4.003651067614555359e-02 2.780041890218853951e-03 3.925860300660133362e-02 1.578519865870475769e-02 5.165455513633787632e-04 3.096717968583106995e-02 1.909606158733367920e-02 2.396474406123161316e-02 6.764617282897233963e-03 3.019564598798751831e-02 1.363402884453535080e-02 6.261148955672979355e-03 1.812182948924601078e-03 4.113582428544759750e-03 2.556237205862998962e-02 1.128412224352359772e-02 1.149989943951368332e-02 4.425603523850440979e-02 1.813921146094799042e-02 2.348011359572410583e-02 3.632152453064918518e-02 4.661216214299201965e-02 2.114274166524410248e-02 3.607986122369766235e-02 4.195213690400123596e-02 4.236311092972755432e-02 9.138076566159725189e-03 2.472978085279464722e-02 3.370216116309165955e-02 5.017802864313125610e-02 2.407431043684482574e-02 3.331666812300682068e-02 4.426796361804008484e-02 2.801019325852394104e-02 2.039759792387485504e-02 5.097193643450737000e-02 2.702374011278152466e-02 3.457815945148468018e-02 1.321655698120594025e-02 5.269250646233558655e-02 1.625590957701206207e-02 1.787229999899864197e-02 2.583114802837371826e-02 3.505400568246841431e-02 5.479101836681365967e-02 1.482841372489929199e-02 2.687261812388896942e-02 4.930086433887481689e-02 4.565695673227310181e-02 2.235758118331432343e-02 1.796851493418216705e-02 2.382919564843177795e-02 4.863650724291801453e-02 5.216833204030990601e-03 4.338289797306060791e-02 2.920248080044984818e-03 5.364122614264488220e-02
6.479177623987197876e-02 1.649878621101379395e-01 2.321828529238700867e-02 3.870800510048866272e-02 4.490936174988746643e-02 3.706212621182203293e-03 1.623098971322178841e-03 2.789316326379776001e-02 3.519659629091620445e-03 3.454224392771720886e-02 3.944088146090507507e-02 5.629360675811767578e-02 3.817730247974395752e-01 2.079265192151069641e-02 1.630929484963417053e-02 6.500888615846633911e-02 4.769743978977203369e-02 2.413471974432468414e-02 4.246050119400024414e-02 1.143593061715364456e-02 1.346868276596069336e-02 4.940718784928321838e-02 4.106507077813148499e-02 3.213509172201156616e-02 3.929147962480783463e-03 8.243192918598651886e-03 3.631496801972389221e-02 3.052784502506256104e-02 4.364192485809326172e-02 2.050523087382316589e-02 5.136603116989135742e-02 1.223882660269737244e-02 5.096048489212989807e-02 1.074843853712081909e-02 3.244415298104286194e-02 4.677288234233856201e-02 4.167520254850387573e-02 2.908933907747268677e-02 4.637207835912704468e-02 9.187972173094749451e-03 1.216950267553329468e-02 2.835554070770740509e-02 3.077983157709240913e-03 1.405539829283952713e-02 8.274185471236705780e-03 3.680248931050300598e-02 8.280669152736663818e-02 1.267689745873212814e-02 1.390751451253890991e-02 3.429099544882774353e-02 3.017353266477584839e-02 4.931250214576721191e-02 1.197052188217639923e-02 3.052308037877082825e-02 5.793360993266105652e-03 3.958614077419042587e-03 6.671082228422164917e-02 3.491735830903053284e-02 3.983915783464908600e-03 1.909302431158721447e-03 3.937099128961563110e-02 3.162124380469322205e-02 2.532448992133140564e-02 3.546267375349998474e-02 3.605253994464874268e-02 9.268660843372344971e-02 1.801509037613868713e-02 1.724161207675933838e-02 1.889977045357227325e-02 3.455361723899841309e-02 2.834766916930675507e-02 4.164605960249900818e-02 7.447263691574335098e-03 4.596642032265663147e-02 4.704965278506278992e-02 5.179027561098337173e-03 4.354212433099746704e-02 7.947809062898159027e-03 3.771216422319412231e-02 1.145698316395282745e-02 2.128550969064235687e-02 4.079882800579071045e-02 1.203177124261856079e-02 4.388748481869697571e-02 4.656967520713806152e-02 1.605829037725925446e-02 3.071878291666507721e-02 3.955831751227378845e-02 4.904746636748313904e-02 2.661957778036594391e-02 1.447779242880642414e-03 2.927703224122524261e-02 4.101735353469848633e-02 4.916774109005928040e-02 3.379519656300544739e-02 1.875736191868782043e-02 8.983999490737915039e-03 5.112442374229431152e-02 3.528320789337158203e-02 4.131603613495826721e-02 1.653666049242019653e-02 1.892674528062343597e-02 1.911014690995216370e-02 1.874941773712635040e-02 3.593532368540763855e-02 2.400392480194568634e-02 3.766925260424613953e-02 1.958117447793483734e-02 1.631207950413227081e-02 4.516506567597389221e-02 3.265470638871192932e-02 4.664048552513122559e-02 2.118730917572975159e-02 4.748892039060592651e-02 2.286447677761316299e-03 3.808847814798355103e-02
