4.589189887046813965e-01 6.670800037682056427e-03 1.786637492477893829e-02 5.614821985363960266e-02 3.853212343528866768e-03 1.737285777926445007e-02 7.865884155035018921e-02 3.460406512022018433e-02 2.244776347652077675e-03 1.052491366863250732e-02 1.674626022577285767e-01 4.987582564353942871e-02 3.301966562867164612e-02 3.269841149449348450e-02 1.227281335741281509e-02 3.071343898773193359e-02 3.491143137216567993e-02 5.316932220011949539e-03 1.917646266520023346e-02 3.551317378878593445e-02 2.846048772335052490e-02 1.026598922908306122e-02 3.164220973849296570e-02 1.908309943974018097e-02 2.389060705900192261e-02 5.659196060150861740e-03 4.121356457471847534e-02 3.155452758073806763e-02 1.971771195530891418e-02 6.141946464776992798e-02 4.254784062504768372e-02 1.034518983215093613e-02 2.977911941707134247e-02 1.146620325744152069e-02 3.266447782516479492e-02 2.042695414274930954e-03 3.624811023473739624e-02 2.219121903181076050e-02 9.727868251502513885e-03 1.960272900760173798e-02 1.749428175389766693e-02 1.875692978501319885e-02 3.525078669190406799e-02 1.465868484228849411e-02 3.007306717336177826e-02 3.507832810282707214e-02 1.726603507995605469e-02 1.562813855707645416e-02 5.946795572526752949e-04 3.369282558560371399e-02 2.415875717997550964e-02 2.102199941873550415e-02 3.630325198173522949e-02 2.444725297391414642e-02 3.599410131573677063e-02 1.009920053184032440e-02 2.861121855676174164e-02 2.200592681765556335e-02 1.109050959348678589e-02 3.172915661707520485e-03 5.215258896350860596e-02 2.452178485691547394e-02 1.081741694360971451e-02 1.410870905965566635e-02 8.601394365541636944e-04 3.045280091464519501e-02 2.335037477314472198e-02 4.922880232334136963e-02 4.837821424007415771e-02 1.476365514099597931e-02 1.751584000885486603e-02 4.736704286187887192e-03 4.694578796625137329e-02 4.123534262180328369e-02 2.292456803843379021e-03 3.052642382681369781e-02 4.242257028818130493e-02 3.092569299042224884e-02 4.292067140340805054e-02 1.944733038544654846e-02 1.926452852785587311e-02 3.541852813214063644e-03 1.409699115902185440e-02 3.832154721021652222e-02 1.686442457139492035e-02 4.814244434237480164e-02 2.346890047192573547e-03 9.865503758192062378e-03 3.157481178641319275e-02 4.618379846215248108e-02 4.051797557622194290e-03 8.968777023255825043e-03 4.806250333786010742e-02 2.278039790689945221e-02 1.298959460109472275e-02 2.731393324211239815e-03 4.004180431365966797e-02 1.198832038789987564e-02 5.353738367557525635e-02 8.994084782898426056e-03 1.253569731488823891e-03 4.275871440768241882e-02 2.225949801504611969e-02 1.039109099656343460e-02 2.573562413454055786e-02 1.912752538919448853e-02 1.965523883700370789e-02 3.039675951004028320e-02 5.034473910927772522e-02 4.918367788195610046e-02 2.418096177279949188e-02 2.090245718136429787e-03 3.223286569118499756e-02 1.382524799555540085e-02 1.109328400343656540e-02 2.992187812924385071e-02
6.670800037682056427e-03 4.695548415184020996e-01 1.194023899734020233e-02 3.899262100458145142e-02 1.293603330850601196e-02 1.007642783224582672e-02 3.126806393265724182e-02 2.310565486550331116e-02 1.414704509079456329e-02 6.748317740857601166e-03 4.366020439192652702e-04 2.354394458234310150e-02 1.944218426942825317e-01 3.764379769563674927e-02 7.511153072118759155e-02 2.209051139652729034e-02 3.516018390655517578e-02 2.591266669332981110e-02 1.961289346218109131e-02 1.884963177144527435e-02 3.651252761483192444e-02 3.180727362632751465e-02 3.219149261713027954e-02 2.131839469075202942e-02 3.792333230376243591e-02 2.777077257633209229e-02 8.694785065017640591e-04 1.189959980547428131e-02 3.395225619897246361e-03 1.165319792926311493e-02 3.535849601030349731e-02 9.755805134773254395e-03 3.774425759911537170e-02 1.017104834318161011e-02 2.420464903116226196e-02 2.561534568667411804e-02 1.731455698609352112e-02 5.488742142915725708e-03 3.619835153222084045e-02 1.807235926389694214e-02 1.095832698047161102e-02 1.481076935306191444e-03 1.931904256343841553e-02 1.162832044064998627e-02 3.477250039577484131e-02 3.783173114061355591e-02 3.230557963252067566e-02 1.505449693650007248e-02 1.148393563926219940e-02 2.826503105461597443e-02 3.305777907371520996e-02 1.369069423526525497e-02 4.950301349163055420e-02 3.319007158279418945e-02 3.857064060866832733e-03 5.536584183573722839e-02 3.641461953520774841e-02 2.234525047242641449e-02 3.608987480401992798e-02 1.070617325603961945e-02 1.534754969179630280e-02 4.025530442595481873e-02 3.672771900892257690e-02 2.004936151206493378e-02 1.872972585260868073e-02 2.946973592042922974e-02 1.480392925441265106e-02 2.985799126327037811e-02 9.309287182986736298e-03 2.266925945878028870e-02 1.736852712929248810e-02 4.458889737725257874e-02 3.304909542202949524e-02 2.178313769400119781e-02 1.216604467481374741e-02 2.107801660895347595e-02 2.346888883039355278e-03 1.194527721963822842e-03 2.517972514033317566e-02 3.041100502014160156e-02 2.223771996796131134e-02 2.600959688425064087e-02 1.124864630401134491e-02 1.408176310360431671e-02 2.996785752475261688e-02 4.654870368540287018e-03 2.572606317698955536e-02 7.027022540569305420e-02 1.955757662653923035e-02 3.454761207103729248e-02 3.431821614503860474e-02 4.152401164174079895e-02 2.149724774062633514e-02 1.990225911140441895e-02 3.549100831151008606e-02 8.306556381285190582e-03 2.523172833025455475e-02 7.900473475456237793e-02 2.833930775523185730e-02 3.917458280920982361e-02 2.160757593810558319e-02 4.307122528553009033e-02 4.402085766196250916e-02 4.939123522490262985e-03 9.932808578014373779e-03 1.699831709265708923e-02 2.223600819706916809e-02 3.486661985516548157e-02 2.777952514588832855e-02 6.671283859759569168e-03 2.753509953618049622e-02 2.361490949988365173e-02 1.816952042281627655e-02 3.182978555560112000e-02 4.898989945650100708e-02 1.553636416792869568e-02
1.786637492477893829e-02 1.194023899734020233e-02 4.718776941299438477e-01 2.976918220520019531e-02 2.338608540594577789e-02 6.855888292193412781e-03 1.830708235502243042e-02 4.867391660809516907e-02 4.232459887862205505e-02 5.174239724874496460e-02 2.943054214119911194e-02 2.795666828751564026e-02 4.645537119358778000e-03 8.752191439270973206e-03 1.465104892849922180e-02 4.112729802727699280e-02 4.230337589979171753e-02 1.461848895996809006e-02 4.884779825806617737e-02 3.922970220446586609e-02 1.244500372558832169e-02 2.301999740302562714e-02 1.339076273143291473e-02 2.967496588826179504e-02 3.481335565447807312e-02 5.034967511892318726e-02 1.125467475503683090e-02 5.168871581554412842e-02 4.935736209154129028e-02 2.560321986675262451e-02 9.821447543799877167e-03 4.243952408432960510e-02 1.389464549720287323e-02 4.286305606365203857e-02 3.219569474458694458e-02 1.793279871344566345e-02 9.914934635162353516e-03 5.758823081851005554e-02 4.641763865947723389e-02 1.732906512916088104e-02 1.373764593154191971e-02 2.365744300186634064e-02 1.732802763581275940e-02 9.080628864467144012e-03 2.233859151601791382e-03 3.073498979210853577e-02 1.602503843605518341e-02 4.905593395233154297e-02 1.820142008364200592e-02 1.101978705264627934e-03 1.979822665452957153e-02 4.442688822746276855e-02 4.553369805216789246e-02 9.891563095152378082e-03 3.893803432583808899e-02 5.521018989384174347e-03 4.660442471504211426e-02 4.418517276644706726e-02 4.952478036284446716e-02 1.724474877119064331e-02 1.469220779836177826e-02 1.774892583489418030e-02 2.836533077061176300e-02 1.568338274955749512e-02 4.196299239993095398e-02 7.347497623413801193e-03 4.282247647643089294e-02 3.520268201828002930e-02 3.746097441762685776e-03 4.465752467513084412e-02 3.842875361442565918e-02 5.411064252257347107e-02 2.359332330524921417e-02 4.541811347007751465e-02 2.651557885110378265e-02 2.234033122658729553e-02 3.757961839437484741e-02 8.271684870123863220e-03 3.696562349796295166e-02 2.698232233524322510e-02 4.379061609506607056e-02 2.350677549839019775e-02 1.653575152158737183e-02 3.893066570162773132e-02 1.738799177110195160e-02 3.781541064381599426e-02 8.929081261157989502e-03 1.516005862504243851e-02 2.313167415559291840e-02 2.503017708659172058e-02 2.743630856275558472e-02 2.310109883546829224e-02 8.592157624661922455e-03 4.912944044917821884e-03 2.306707203388214111e-03 1.998245529830455780e-02 1.129110250622034073e-02 1.748168468475341797e-02 4.563398659229278564e-02 1.643617637455463409e-02 4.497014731168746948e-02 4.309616237878799438e-02 1.646992936730384827e-02 4.368695989251136780e-02 1.459062192589044571e-02 2.682236768305301666e-02 3.223429620265960693e-02 1.776620000600814819e-02 3.353074938058853149e-02 1.213519461452960968e-02 2.002425491809844971e-02 3.707516565918922424e-02 2.262155525386333466e-02 3.139488026499748230e-02 3.257533162832260132e-02 8.399681746959686279e-02
5.614821985363960266e-02 3.899262100458145142e-02 2.976918220520019531e-02 5.061074495315551758e-01 1.227664500474929810e-01 3.086452558636665344e-02 3.941406309604644775e-02 1.742821000516414642e-02 3.633743152022361755e-03 3.928765188902616501e-03 4.917098954319953918e-02 4.643668234348297119e-02 4.385126288980245590e-03 2.295874617993831635e-02 8.995080366730690002e-03 3.955474868416786194e-02 2.740758657455444336e-02 3.216250985860824585e-02 4.456548765301704407e-02 3.912244737148284912e-02 7.107018958777189255e-03 1.282310206443071365e-02 6.150309462100267410e-03 3.697670251131057739e-02 1.871187123470008373e-03 8.494699373841285706e-03 3.660093760117888451e-03 3.777948021888732910e-02 4.998567327857017517e-02 1.618076488375663757e-02 2.771991863846778870e-02 4.211796447634696960e-03 3.837586566805839539e-02 2.537101320922374725e-02 1.907173544168472290e-02 4.170834273099899292e-02 4.768152534961700439e-02 3.136612474918365479e-02 5.684881657361984253e-02 2.879100665450096130e-02 4.124367982149124146e-02 3.034610114991664886e-02 3.418707847595214844e-02 4.502048343420028687e-02 5.745667219161987305e-02 1.367290038615465164e-02 4.706169292330741882e-02 1.699296943843364716e-02 3.945324942469596863e-02 3.146097064018249512e-02 3.029030002653598785e-02 3.933072555810213089e-03 9.688095189630985260e-03 1.650604978203773499e-02 2.369852736592292786e-02 1.326694339513778687e-02 5.439927801489830017e-02 8.368986658751964569e-03 1.951025053858757019e-02 2.413053251802921295e-02 5.421008542180061340e-02 2.694764360785484314e-02 5.565329641103744507e-02 5.179673433303833008e-02 5.017488822340965271e-02 3.424828872084617615e-02 5.050838738679885864e-02 2.819678001105785370e-02 6.670830398797988892e-02 1.897417753934860229e-02 7.220825552940368652e-02 1.643081195652484894e-02 1.169664636254310608e-01 1.017566770315170288e-02 8.481045067310333252e-02 2.482475154101848602e-02 1.379544101655483246e-02 4.787268862128257751e-02 2.841451205313205719e-02 4.130073636770248413e-02 1.046218257397413254e-02 2.979607507586479187e-02 1.890091411769390106e-02 1.950386539101600647e-02 1.976004615426063538e-02 1.141196303069591522e-02 4.620931297540664673e-02 4.994476214051246643e-02 4.862716048955917358e-02 3.722045570611953735e-02 1.101995166391134262e-02 1.694241189397871494e-03 1.680142991244792938e-02 1.072710100561380386e-02 2.751114079728722572e-03 5.014050006866455078e-02 1.456911489367485046e-02 3.336490318179130554e-02 3.451154334470629692e-03 3.729086369276046753e-02 3.778816014528274536e-02 4.253299906849861145e-02 1.385816000401973724e-02 4.115584492683410645e-02 2.275166334584355354e-03 2.158751524984836578e-02 3.780340030789375305e-02 1.127501204609870911e-02 4.229512810707092285e-02 4.223524406552314758e-02 5.342677608132362366e-02 8.634985424578189850e-03 2.698848955333232880e-02 1.928755082190036774e-02 3.813461214303970337e-02 3.861480951309204102e-02
3.853212343528866768e-03 1.293603330850601196e-02 2.338608540594577789e-02 1.227664500474929810e-01 5.041087865829467773e-01 1.250430475920438766e-02 5.099748447537422180e-02 3.153677284717559814e-02 6.828234530985355377e-03 1.713092438876628876e-02 1.153566408902406693e-02 1.482074428349733353e-02 1.463662181049585342e-02 5.129322037100791931e-02 5.249718204140663147e-03 4.690775275230407715e-02 4.070147499442100525e-02 4.689285531640052795e-02 6.932189688086509705e-03 2.993670525029301643e-03 3.397796303033828735e-02 4.514739848673343658e-03 1.147627364844083786e-02 1.593107916414737701e-02 1.072745956480503082e-02 5.396394990384578705e-03 2.229001931846141815e-02 2.502898871898651123e-02 3.787694871425628662e-02 3.869839757680892944e-02 2.582565508782863617e-02 1.666279882192611694e-02 3.289287537336349487e-02 5.373638495802879333e-02 1.155057549476623535e-02 2.462444454431533813e-02 3.596668690443038940e-02 2.984622260555624962e-04 4.938434809446334839e-02 8.486444503068923950e-02 3.732432797551155090e-02 6.451606284826993942e-03 2.540737576782703400e-02 3.137452062219381332e-03 3.341149166226387024e-02 2.467119134962558746e-02 2.834419906139373779e-02 2.856936305761337280e-02 3.945394232869148254e-02 3.757406398653984070e-02 4.318228736519813538e-02 9.590792469680309296e-03 1.078318711370229721e-02 5.912236869335174561e-02 9.618352167308330536e-03 1.238300371915102005e-02 3.952895477414131165e-02 1.399188674986362457e-02 2.633837237954139709e-02 3.500206768512725830e-02 3.370304778218269348e-02 3.003757260739803314e-02 6.498011201620101929e-02 5.617335066199302673e-02 1.191264297813177109e-02 4.367617517709732056e-02 1.336693298071622849e-02 4.215858876705169678e-03 5.081554502248764038e-02 2.201497927308082581e-02 5.373987182974815369e-02 2.544390596449375153e-02 8.599845319986343384e-02 1.788743957877159119e-02 1.056295186281204224e-01 2.349794842302799225e-02 7.565339561551809311e-03 4.607045650482177734e-02 1.006350200623273849e-02 3.425547108054161072e-02 4.027140140533447266e-02 2.094038203358650208e-02 3.205446153879165649e-02 3.988282382488250732e-02 2.874979190528392792e-02 9.357823058962821960e-03 3.937570750713348389e-02 3.147354722023010254e-02 4.495628923177719116e-02 4.186147451400756836e-02 2.363808453083038330e-02 1.646541617810726166e-02 1.126389019191265106e-02 1.668123994022607803e-03 9.935692884027957916e-03 1.747676730155944824e-02 2.949495799839496613e-02 3.857824206352233887e-02 3.757332637906074524e-02 2.972334995865821838e-02 1.846531964838504791e-02 2.826626785099506378e-02 3.314789012074470520e-02 3.569614142179489136e-02 1.854537799954414368e-02 6.320764124393463135e-02 1.026650611311197281e-02 3.597547486424446106e-02 3.628790378570556641e-02 5.121933668851852417e-02 4.673353582620620728e-02 2.005806751549243927e-02 6.438088603317737579e-03 1.188736688345670700e-02 4.532996565103530884e-02 3.273462876677513123e-02
1.737285777926445007e-02 1.007642783224582672e-02 6.855888292193412781e-03 3.086452558636665344e-02 1.250430475920438766e-02 4.626345336437225342e-01 8.089503645896911621e-02 2.968482207506895065e-03 4.285267554223537445e-03 4.494483023881912231e-02 8.681816980242729187e-03 4.807596653699874878e-02 1.027089580893516541e-01 3.100162558257579803e-02 4.910993576049804688e-02 3.496839432045817375e-03 1.758346520364284515e-02 4.110712185502052307e-02 1.104425359517335892e-02 3.924014419317245483e-02 1.457125414162874222e-03 3.864846006035804749e-02 2.445698529481887817e-02 7.190938573330640793e-03 5.086520314216613770e-02 3.558196499943733215e-02 2.444231137633323669e-02 1.978546567261219025e-02 3.945107385516166687e-02 3.660969436168670654e-02 2.750003151595592499e-02 6.859888322651386261e-03 2.527632936835289001e-02 4.036876838654279709e-03 5.596906319260597229e-02 1.796770282089710236e-02 3.487491235136985779e-02 4.583720490336418152e-02 2.328637428581714630e-02 3.722070530056953430e-02 3.708688169717788696e-02 1.067343819886445999e-02 4.921355284750461578e-03 1.465820241719484329e-04 4.875845834612846375e-02 4.203610122203826904e-02 2.051298320293426514e-02 4.502632189542055130e-03 4.592165350914001465e-03 7.501482032239437103e-03 1.018366869539022446e-02 1.352961454540491104e-02 2.571377903223037720e-02 3.034646809101104736e-02 2.343075536191463470e-02 3.452016785740852356e-02 4.376741126179695129e-02 1.600303314626216888e-02 4.258489981293678284e-02 3.048701956868171692e-02 4.437015391886234283e-03 8.930076844990253448e-03 6.481612473726272583e-02 1.613914966583251953e-02 2.081557363271713257e-02 8.681789785623550415e-02 4.274632781744003296e-02 1.042221020907163620e-02 1.232689712196588516e-02 2.014168910682201385e-02 1.433991268277168274e-02 2.598696202039718628e-02 7.589765824377536774e-03 9.686991572380065918e-03 1.272368337959051132e-02 2.302341349422931671e-02 2.899492345750331879e-02 2.255211211740970612e-02 1.079503633081912994e-02 4.113717004656791687e-02 2.618314325809478760e-02 3.315000236034393311e-02 1.029853522777557373e-02 2.100687706843018532e-04 1.859607733786106110e-02 3.506940603256225586e-02 1.356126461178064346e-02 4.365032538771629333e-03 1.840353384613990784e-02 1.492047403007745743e-02 2.886314317584037781e-02 3.130207210779190063e-02 3.376510366797447205e-02 9.114374406635761261e-03 2.294561266899108887e-02 2.042708173394203186e-02 1.370128057897090912e-02 5.589482374489307404e-03 3.404442965984344482e-02 4.157809540629386902e-02 2.405739575624465942e-02 1.285120658576488495e-02 3.465905785560607910e-02 4.083755239844322205e-02 3.101212903857231140e-02 2.038470655679702759e-02 2.879188023507595062e-02 2.529476955533027649e-02 3.966356813907623291e-02 6.522883195430040359e-03 3.382312878966331482e-02 9.722229093313217163e-03 1.614979282021522522e-02 4.615577310323715210e-02 2.646293432917445898e-04 3.480663150548934937e-02
7.865884155035018921e-02 3.126806393265724182e-02 1.830708235502243042e-02 3.941406309604644775e-02 5.099748447537422180e-02 8.089503645896911621e-02 4.864213764667510986e-01 2.789543941617012024e-02 4.885653406381607056e-02 1.048823632299900055e-02 4.320401325821876526e-02 1.482917554676532745e-02 2.875899709761142731e-02 8.968585170805454254e-03 4.501682892441749573e-02 7.557875011116266251e-03 7.553933188319206238e-03 3.717858344316482544e-02 1.152933109551668167e-02 4.944256693124771118e-02 3.736943006515502930e-02 3.775556758046150208e-02 5.002002790570259094e-02 3.904904052615165710e-02 6.103994324803352356e-02 2.121460996568202972e-02 4.332237318158149719e-02 7.460997253656387329e-02 5.888991989195346832e-03 5.822546035051345825e-02 3.442329540848731995e-02 1.430768053978681564e-02 3.562239184975624084e-02 6.307318340986967087e-03 5.273133050650358200e-03 4.339022096246480942e-03 2.164152078330516815e-02 1.652106828987598419e-02 5.331077426671981812e-02 1.644741743803024292e-02 1.193185523152351379e-02 4.505814611911773682e-02 2.553236484527587891e-02 2.910535782575607300e-02 1.230609323829412460e-02 5.727611482143402100e-02 4.983391612768173218e-02 7.901872694492340088e-02 3.819410875439643860e-02 5.221714451909065247e-02 6.537431181641295552e-05 1.763573661446571350e-02 8.296314626932144165e-03 1.966003142297267914e-02 2.950093150138854980e-02 3.327588737010955811e-02 2.092829719185829163e-02 2.824872918426990509e-02 1.832195185124874115e-02 3.643723204731941223e-02 6.334701087325811386e-03 4.287047684192657471e-02 2.858778461813926697e-02 3.137833625078201294e-02 8.018029481172561646e-02 8.149988204240798950e-02 2.704523131251335144e-02 2.314389450475573540e-03 3.549976099748164415e-04 2.845589770004153252e-03 1.694041676819324493e-02 1.066596829332411289e-03 1.616617105901241302e-02 4.993624240159988403e-02 5.185822769999504089e-02 3.939568623900413513e-02 3.230710327625274658e-02 2.246283926069736481e-02 5.551706254482269287e-02 1.935773761942982674e-03 5.282675381749868393e-03 3.994260355830192566e-02 3.986625373363494873e-02 2.850828319787979126e-02 2.053775265812873840e-02 1.124630961567163467e-02 4.853754118084907532e-02 4.380364343523979187e-02 4.669862985610961914e-02 4.488500300794839859e-03 2.855510450899600983e-03 5.135464482009410858e-03 6.476528942584991455e-03 8.052864111959934235e-03 3.239481523633003235e-02 2.591742761433124542e-02 3.621476516127586365e-02 1.299400068819522858e-02 2.811639802530407906e-03 3.766451776027679443e-02 2.225027885288000107e-03 1.133968308568000793e-02 1.818615011870861053e-02 4.406048730015754700e-02 1.865502633154392242e-02 5.223580449819564819e-02 1.987196132540702820e-02 5.075876414775848389e-02 1.435092277824878693e-02 2.879287488758563995e-02 2.329454571008682251e-02 3.638888150453567505e-02 3.844077512621879578e-02 9.556921571493148804e-02 7.764635607600212097e-03 3.005662374198436737e-02
3.460406512022018433e-02 2.310565486550331116e-02 4.867391660809516907e-02 1.742821000516414642e-02 3.153677284717559814e-02 2.968482207506895065e-03 2.789543941617012024e-02 4.850714504718780518e-01 4.786163568496704102e-02 1.757653430104255676e-02 3.513772785663604736e-02 7.204328663647174835e-03 4.549979791045188904e-02 2.880257740616798401e-02 7.823081314563751221e-02 2.628641575574874878e-02 2.269974537193775177e-02 3.832269459962844849e-02 9.395233355462551117e-03 9.877650998532772064e-03 6.562496069818735123e-03 2.966751530766487122e-02 1.770506054162979126e-02 3.543313359841704369e-03 1.860596053302288055e-02 3.310926631093025208e-02 1.186347007751464844e-02 4.839757829904556274e-02 3.469942882657051086e-02 5.317753553390502930e-02 4.032825306057929993e-02 1.555489189922809601e-02 3.515038639307022095e-02 1.010156329721212387e-02 4.217474907636642456e-02 3.036966919898986816e-02 3.783392533659934998e-02 3.366071032360196114e-03 1.475850003771483898e-03 2.723800949752330780e-02 1.962397433817386627e-02 3.762722760438919067e-02 1.010475866496562958e-02 4.383103922009468079e-02 1.295682787895202637e-02 4.888522252440452576e-02 6.799389608204364777e-03 1.425671158358454704e-03 7.856860756874084473e-03 1.093719154596328735e-02 6.907260417938232422e-02 2.557689510285854340e-02 2.647395804524421692e-02 3.023180551826953888e-02 2.539269253611564636e-02 7.314190268516540527e-03 1.094573736190795898e-02 2.504150383174419403e-02 5.008636973798274994e-03 4.709735512733459473e-03 3.310848772525787354e-02 3.141034767031669617e-02 3.181344643235206604e-02 1.981066167354583740e-02 4.106954485177993774e-02 3.458329942077398300e-03 3.407230600714683533e-03 2.785393968224525452e-02 3.270894987508654594e-03 2.367511764168739319e-02 3.397925570607185364e-02 1.424802467226982117e-03 1.224572071805596352e-03 2.722085826098918915e-02 4.516985639929771423e-02 2.629757486283779144e-02 5.757631734013557434e-02 3.665962070226669312e-02 4.249817878007888794e-02 1.803229562938213348e-02 1.122197434306144714e-01 1.266987621784210205e-01 3.546215221285820007e-02 7.228141184896230698e-03 3.993996232748031616e-02 4.482478834688663483e-03 8.641575276851654053e-02 9.236496686935424805e-02 6.586066912859678268e-03 4.597676452249288559e-03 1.628550142049789429e-02 1.151541899889707565e-02 1.511623244732618332e-02 3.059329697862267494e-03 4.428178071975708008e-02 2.662567794322967529e-02 1.985846832394599915e-02 2.744001103565096855e-03 5.541547201573848724e-03 3.050404973328113556e-02 4.418202210217714310e-03 4.243347421288490295e-02 1.731364056468009949e-02 7.200687658041715622e-03 2.273642830550670624e-02 2.932083234190940857e-02 5.792419612407684326e-02 3.398213908076286316e-02 3.987714648246765137e-02 4.024643450975418091e-02 6.428419053554534912e-02 1.028427202254533768e-02 6.268835626542568207e-03 1.771090365946292877e-02 1.244882959872484207e-02 2.610099315643310547e-02
2.244776347652077675e-03 1.414704509079456329e-02 4.232459887862205505e-02 3.633743152022361755e-03 6.828234530985355377e-03 4.285267554223537445e-03 4.885653406381607056e-02 4.786163568496704102e-02 4.901906549930572510e-01 6.084017083048820496e-02 4.335191473364830017e-02 4.525833297520875931e-03 4.012225568294525146e-02 3.464236855506896973e-02 5.379673675633966923e-04 1.023596152663230896e-03 4.930255236104130745e-04 9.840136021375656128e-02 9.116250090301036835e-03 2.799161151051521301e-02 1.306471601128578186e-02 3.629654645919799805e-02 6.260434631258249283e-03 8.260041475296020508e-03 4.129217192530632019e-02 3.157925233244895935e-02 8.103459142148494720e-03 1.053027249872684479e-02 1.466893218457698822e-02 1.260041724890470505e-03 8.056730031967163086e-03 5.886817350983619690e-02 3.746534138917922974e-02 2.447078935801982880e-02 3.730968013405799866e-02 1.313133910298347473e-02 1.065072510391473770e-02 3.156469017267227173e-02 4.116843268275260925e-02 2.615720406174659729e-02 2.714811265468597412e-02 1.901839300990104675e-02 4.372412338852882385e-02 4.009173065423965454e-02 2.091295830905437469e-02 1.844790019094944000e-02 4.931948706507682800e-02 3.311810269951820374e-02 8.453375101089477539e-02 2.331834100186824799e-02 3.370916843414306641e-02 1.258506625890731812e-02 8.051856420934200287e-03 2.571226470172405243e-02 1.163619607686996460e-01 1.753305271267890930e-02 3.554245457053184509e-02 3.700939938426017761e-02 1.542564108967781067e-02 1.120192091912031174e-02 2.428759355098009109e-03 4.514356702566146851e-02 1.331487018615007401e-02 3.266034647822380066e-02 5.876134149730205536e-03 3.912232350558042526e-03 3.335830196738243103e-02 1.130143459886312485e-02 2.393725886940956116e-02 1.720269210636615753e-03 2.025187015533447266e-03 2.885018847882747650e-02 3.978667780756950378e-03 9.796373546123504639e-03 1.588581129908561707e-02 1.182129047811031342e-02 1.028099879622459412e-01 4.608753323554992676e-02 8.125445991754531860e-02 3.127691894769668579e-02 7.760921027511358261e-03 4.492479190230369568e-02 9.034251421689987183e-02 7.965027354657649994e-03 6.568966805934906006e-02 2.008818648755550385e-02 3.194396151229739189e-03 4.166788980364799500e-02 2.381755039095878601e-02 1.479069981724023819e-02 3.878983110189437866e-02 7.043924182653427124e-03 2.480136230587959290e-02 9.372254833579063416e-03 8.451618254184722900e-03 1.010161451995372772e-02 2.145829237997531891e-02 3.737498447299003601e-02 1.916103251278400421e-02 7.956915535032749176e-03 4.384800326079130173e-03 1.267502922564744949e-02 1.755262538790702820e-02 1.413118187338113785e-02 5.106741189956665039e-02 1.306342333555221558e-02 2.222928777337074280e-02 3.510261699557304382e-02 1.763859950006008148e-02 4.041625186800956726e-03 3.728047385811805725e-02 2.005488425493240356e-02 1.239753235131502151e-02 4.802991077303886414e-02 1.672443747520446777e-02 8.171205408871173859e-03
1.052491366863250732e-02 6.748317740857601166e-03 5.174239724874496460e-02 3.928765188902616501e-03 1.713092438876628876e-02 4.494483023881912231e-02 1.048823632299900055e-02 1.757653430104255676e-02 6.084017083048820496e-02 5.083698630332946777e-01 4.997413977980613708e-02 7.944757118821144104e-03 3.277741000056266785e-02 2.414114028215408325e-02 1.775839366018772125e-02 5.926311947405338287e-03 1.092866621911525726e-02 5.328962206840515137e-02 5.207692831754684448e-02 3.794509172439575195e-02 3.333534300327301025e-02 1.022066175937652588e-02 1.081230584532022476e-02 5.270306766033172607e-02 3.466571867465972900e-02 4.286829382181167603e-02 3.306806832551956177e-02 1.564584858715534210e-02 2.829562313854694366e-02 5.299945175647735596e-02 5.307935923337936401e-02 1.362528000026941299e-02 4.417058080434799194e-02 2.748635411262512207e-02 5.890588834881782532e-02 8.034081198275089264e-03 1.408967748284339905e-02 2.060124836862087250e-02 3.723013401031494141e-02 2.699797600507736206e-02 3.144363686442375183e-02 4.361811652779579163e-02 5.504606291651725769e-02 2.454415522515773773e-02 1.308360043913125992e-02 2.089521847665309906e-02 1.589222252368927002e-02 6.093374453485012054e-03 3.809161484241485596e-02 4.100453853607177734e-02 4.221573937684297562e-03 4.018038511276245117e-02 1.791044697165489197e-02 2.638730965554714203e-02 5.411600694060325623e-02 2.028348296880722046e-02 4.572593420743942261e-02 1.879507116973400116e-02 4.154246300458908081e-02 4.492354393005371094e-02 3.881956636905670166e-02 2.512072399258613586e-02 1.205051969736814499e-02 2.280920743942260742e-03 4.431970790028572083e-02 5.318713560700416565e-02 3.098969720304012299e-02 1.083367876708507538e-02 3.321785107254981995e-02 1.911878399550914764e-02 4.839182272553443909e-02 1.171813067048788071e-02 1.713345199823379517e-02 1.571778394281864166e-02 1.444846671074628830e-02 9.463808499276638031e-03 1.600051671266555786e-02 8.651930093765258789e-02 2.070847712457180023e-02 6.064375489950180054e-02 1.491575036197900772e-02 3.139044716954231262e-02 3.488005697727203369e-02 3.094919584691524506e-02 5.675206892192363739e-03 4.839352890849113464e-02 1.590315438807010651e-02 4.246226046234369278e-03 4.527109861373901367e-02 2.047846838831901550e-02 3.140164073556661606e-03 1.138463709503412247e-02 2.209996059536933899e-02 1.837145723402500153e-02 3.190989047288894653e-02 4.611803684383630753e-03 1.607629470527172089e-02 7.971907034516334534e-03 1.235550269484519958e-02 1.098445430397987366e-02 8.258068934082984924e-03 5.665415432304143906e-03 9.487254545092582703e-03 8.503929711878299713e-03 1.986736804246902466e-02 5.246351007372140884e-03 5.921025946736335754e-02 1.595689356327056885e-02 3.371872380375862122e-02 2.036702353507280350e-03 3.020049072802066803e-02 5.781030282378196716e-03 3.921903669834136963e-02 4.106754809617996216e-02 1.845554821193218231e-02 2.423509722575545311e-03
1.674626022577285767e-01 4.366020439192652702e-04 2.943054214119911194e-02 4.917098954319953918e-02 1.153566408902406693e-02 8.681816980242729187e-03 4.320401325821876526e-02 3.513772785663604736e-02 4.335191473364830017e-02 4.997413977980613708e-02 4.710299670696258545e-01 3.747302666306495667e-02 5.160028859972953796e-02 4.686711356043815613e-02 6.550281308591365814e-03 3.155857697129249573e-02 2.946392260491847992e-02 4.366147145628929138e-02 8.404449559748172760e-03 2.584152854979038239e-02 4.802379384636878967e-02 1.160475518554449081e-02 3.257882595062255859e-02 3.940974920988082886e-02 3.813335299491882324e-02 4.000918194651603699e-02 2.196666039526462555e-02 4.488900303840637207e-02 2.988469973206520081e-02 4.790987446904182434e-02 2.111649140715599060e-02 2.929446287453174591e-02 4.481237381696701050e-02 1.153563242405653000e-02 2.882739529013633728e-02 7.863365858793258667e-02 6.489995121955871582e-02 6.151216221041977406e-04 4.967503249645233154e-02 3.133528307080268860e-02 3.563921526074409485e-02 1.205446012318134308e-02 1.857271417975425720e-02 3.147742897272109985e-02 2.923316881060600281e-02 6.921617686748504639e-02 5.405659601092338562e-02 2.570146322250366211e-02 9.668314829468727112e-03 1.663216622546315193e-03 1.154271699488162994e-02 2.020013891160488129e-02 2.571147680282592773e-02 3.618226200342178345e-02 3.448902070522308350e-02 3.473414853215217590e-02 4.316702857613563538e-02 2.754396758973598480e-02 4.796943813562393188e-02 9.438355453312397003e-03 3.774604946374893188e-02 2.673353254795074463e-02 2.680241689085960388e-02 3.703654557466506958e-02 4.569128155708312988e-02 3.045665100216865540e-02 1.181159541010856628e-02 2.222895808517932892e-02 1.017157826572656631e-02 3.926921263337135315e-02 1.735084317624568939e-02 4.222905263304710388e-02 5.629156716167926788e-03 2.972385659813880920e-02 2.256493456661701202e-02 2.493990212678909302e-02 3.360143303871154785e-02 2.648306451737880707e-02 3.263901686295866966e-03 1.092249411158263683e-03 6.601545028388500214e-03 8.166763000190258026e-03 8.863769471645355225e-03 8.729267865419387817e-03 1.658011227846145630e-02 4.180402308702468872e-02 4.281868040561676025e-02 1.317597925662994385e-02 2.020912244915962219e-02 5.780780315399169922e-02 4.009447619318962097e-02 4.901758208870887756e-02 2.148500829935073853e-02 4.688553977757692337e-03 3.934273123741149902e-02 3.809052286669611931e-04 2.273328974843025208e-02 1.689851749688386917e-03 3.824892267584800720e-02 1.228160597383975983e-02 3.882810473442077637e-02 8.758302778005599976e-03 4.563153907656669617e-02 1.402549538761377335e-02 1.892071682959794998e-03 4.146349057555198669e-02 2.668699808418750763e-02 4.110337048768997192e-02 1.577274687588214874e-02 2.308358252048492432e-02 5.205686017870903015e-02 9.084610268473625183e-03 8.361632376909255981e-02 6.733580492436885834e-03 4.701275005936622620e-02 8.647923357784748077e-03
4.987582564353942871e-02 2.354394458234310150e-02 2.795666828751564026e-02 4.643668234348297119e-02 1.482074428349733353e-02 4.807596653699874878e-02 1.482917554676532745e-02 7.204328663647174835e-03 4.525833297520875931e-03 7.944757118821144104e-03 3.747302666306495667e-02 4.982926249504089355e-01 4.117128252983093262e-02 1.056481823325157166e-01 4.129028413444757462e-03 2.847137860953807831e-02 4.772026464343070984e-02 1.714327558875083923e-02 4.200087860226631165e-02 1.796491071581840515e-02 8.653065189719200134e-03 2.998387627303600311e-02 2.763185650110244751e-02 1.415379904210567474e-02 1.589102298021316528e-02 1.695342175662517548e-02 4.489826783537864685e-02 7.546376436948776245e-02 5.702935531735420227e-02 6.832138448953628540e-02 2.048037014901638031e-02 4.322410374879837036e-02 1.284805964678525925e-02 5.591609328985214233e-02 2.702740579843521118e-02 5.541004613041877747e-02 3.847613185644149780e-02 4.769778996706008911e-02 3.102812357246875763e-02 3.936193510890007019e-02 1.663807593286037445e-02 6.743942201137542725e-02 6.136656156741082668e-04 4.543815553188323975e-02 9.947367012500762939e-02 3.169403970241546631e-02 1.297110691666603088e-02 1.037101633846759796e-02 7.240222766995429993e-03 2.568654529750347137e-02 3.956654295325279236e-02 6.828079372644424438e-02 1.666037924587726593e-02 9.164822287857532501e-03 5.719928815960884094e-02 7.763428613543510437e-03 2.539923787117004395e-02 3.233033418655395508e-02 1.140877231955528259e-02 4.347611591219902039e-02 1.219891570508480072e-02 6.622670218348503113e-03 1.253779325634241104e-02 5.772801861166954041e-02 8.870642632246017456e-03 3.712526289746165276e-03 2.370831742882728577e-02 2.107965014874935150e-02 2.746843360364437103e-02 6.633692234754562378e-02 5.006156861782073975e-02 9.270856156945228577e-03 5.969936400651931763e-02 1.659551076591014862e-02 5.314080417156219482e-02 1.806437969207763672e-02 3.327190503478050232e-02 1.165953092277050018e-02 5.510763078927993774e-02 2.310638781636953354e-03 1.776625216007232666e-02 3.239177167415618896e-02 2.053562924265861511e-02 4.415339604020118713e-02 5.443106591701507568e-02 3.913294151425361633e-02 1.979557052254676819e-02 8.144105784595012665e-03 1.017988310195505619e-03 4.187882877886295319e-03 5.310327559709548950e-02 5.506616830825805664e-02 2.765125595033168793e-02 1.309479004703462124e-03 2.848588861525058746e-02 4.096835106611251831e-02 4.810490179806947708e-03 4.010389000177383423e-02 2.003103867173194885e-02 1.107670832425355911e-02 4.240679740905761719e-02 1.326780207455158234e-02 8.755468763411045074e-03 9.552897536195814610e-04 4.954968392848968506e-02 5.358530953526496887e-02 1.155802514404058456e-02 1.345620024949312210e-02 1.933237537741661072e-02 1.179535640403628349e-03 3.066600859165191650e-02 4.250513762235641479e-02 1.296498253941535950e-02 2.290889061987400055e-02 3.540690988302230835e-02 4.440407454967498779e-02
3.301966562867164612e-02 1.944218426942825317e-01 4.645537119358778000e-03 4.385126288980245590e-03 1.463662181049585342e-02 1.027089580893516541e-01 2.875899709761142731e-02 4.549979791045188904e-02 4.012225568294525146e-02 3.277741000056266785e-02 5.160028859972953796e-02 4.117128252983093262e-02 4.948509931564331055e-01 1.422077883034944534e-02 6.457559764385223389e-02 1.588337123394012451e-02 1.538676675409078598e-02 3.621510043740272522e-02 3.718619048595428467e-02 3.838025033473968506e-02 2.967235259711742401e-02 3.244465589523315430e-02 3.628059104084968567e-02 2.454891055822372437e-02 3.412806242704391479e-02 3.680879250168800354e-02 4.458348080515861511e-02 3.917049989104270935e-02 4.228814318776130676e-02 1.351145445369184017e-03 1.950529403984546661e-02 2.590052783489227295e-02 4.454491287469863892e-02 1.180440932512283325e-02 1.233599893748760223e-02 2.568831201642751694e-03 4.608983546495437622e-02 5.150457099080085754e-02 1.502868067473173141e-02 3.046696633100509644e-02 2.632621861994266510e-02 1.078492403030395508e-02 6.944134365767240524e-03 4.649289418011903763e-03 1.060123322531580925e-03 5.107885226607322693e-02 3.233362734317779541e-02 1.171948108822107315e-02 9.442864917218685150e-03 4.140726476907730103e-02 1.760621927678585052e-02 4.725630395114421844e-03 7.464705407619476318e-02 3.219600021839141846e-02 2.992575056850910187e-02 5.596712976694107056e-02 4.119765013456344604e-02 4.180298373103141785e-02 4.456251114606857300e-02 3.225519880652427673e-02 1.288239099085330963e-02 3.813417628407478333e-02 3.220441564917564392e-02 1.646908349357545376e-03 7.829510420560836792e-02 1.124739795923233032e-01 3.992001339793205261e-02 1.867497898638248444e-02 4.301462695002555847e-02 2.498745918273925781e-02 3.345043584704399109e-02 7.746785134077072144e-02 4.325141012668609619e-02 7.081803865730762482e-03 2.400221861898899078e-02 1.653999462723731995e-02 6.043980829417705536e-03 2.610070072114467621e-02 1.126635726541280746e-02 2.141880989074707031e-02 9.999835863709449768e-03 1.069048494100570679e-01 2.845622599124908447e-02 4.393324628472328186e-02 2.370351366698741913e-02 4.777916241437196732e-03 1.253514736890792847e-02 9.674838185310363770e-02 4.696317389607429504e-02 3.692801296710968018e-02 3.722172230482101440e-02 1.113900076597929001e-02 9.975469671189785004e-03 5.774639919400215149e-02 3.761966899037361145e-02 2.716596797108650208e-02 2.243686653673648834e-02 7.125828415155410767e-02 4.185416921973228455e-02 3.773881867527961731e-02 5.855971947312355042e-03 2.343338355422019958e-02 4.763600602746009827e-02 4.874005168676376343e-02 1.548716332763433456e-02 1.268515083938837051e-02 4.038711264729499817e-02 1.997699402272701263e-02 7.334814406931400299e-03 1.108325785025954247e-03 3.584756329655647278e-02 3.397383959963917732e-03 6.507322192192077637e-02 1.101896390318870544e-01 1.237650867551565170e-02 3.396066278219223022e-02
