5.870333909988403320e-01 1.599320620298385620e-01 6.704772822558879852e-03 3.055662102997303009e-02 6.390160880982875824e-03 1.296821087598800659e-01 8.606347441673278809e-02 2.045925147831439972e-02 1.033538253977894783e-03 3.388838469982147217e-02 1.093765124678611755e-01 7.325004320591688156e-03 8.810009062290191650e-02 4.437490552663803101e-02 8.189421147108078003e-03 3.809121251106262207e-02 3.292596712708473206e-02 2.050083875656127930e-02 4.220971092581748962e-02 2.522617578506469727e-03 3.767221793532371521e-02 1.378918532282114029e-03 1.565405540168285370e-02 4.652114585041999817e-02 1.083328574895858765e-02 3.281344845890998840e-02 7.802804466336965561e-04 3.507712110877037048e-02 2.720426209270954132e-02 3.017404489219188690e-02 2.355462126433849335e-02 4.363054037094116211e-02 4.117505624890327454e-02 3.019138984382152557e-02 1.159889902919530869e-02 1.162855792790651321e-02 9.573579765856266022e-03 5.091627314686775208e-02 3.403343632817268372e-02 4.678188823163509369e-03 8.928501978516578674e-03 2.370349317789077759e-02 2.183349058032035828e-02 2.606453746557235718e-02 2.800581231713294983e-02 1.672875881195068359e-02 1.053261607885360718e-01 8.787371963262557983e-02 3.396547585725784302e-02 5.804113112390041351e-03 4.810999333858489990e-02 4.453781247138977051e-02 2.744895219802856445e-02 5.186753347516059875e-02 1.165398210287094116e-02 3.947081416845321655e-02 2.644532360136508942e-02 5.004505813121795654e-02 3.309900313615798950e-02 2.375740744173526764e-02 3.328030928969383240e-02 4.079649224877357483e-02 1.250314060598611832e-02 2.937058359384536743e-02 9.043570025824010372e-04 1.886420883238315582e-02 3.527200967073440552e-02 3.799671679735183716e-02 3.027711808681488037e-02 2.978501468896865845e-02 2.059663459658622742e-02 2.069102413952350616e-02 1.367028802633285522e-02 2.108011161908507347e-03 1.881809346377849579e-02 1.214073784649372101e-02 8.256737492047250271e-04 4.038687795400619507e-02 2.511500380933284760e-02 3.792031481862068176e-02 1.267025712877511978e-02 1.136826118454337120e-03 5.544521845877170563e-03 3.012236952781677246e-02 8.025283925235271454e-03 7.211439777165651321e-03 2.823058329522609711e-02 1.854356960393488407e-04 4.949759226292371750e-03 9.266940876841545105e-03 8.247287571430206299e-02 3.880576789379119873e-02 8.910057693719863892e-02 1.344275195151567459e-02 3.672569245100021362e-02 1.477472297847270966e-02 3.614207729697227478e-02 1.578511111438274384e-02 2.616277150809764862e-02 3.368878364562988281e-02 2.110766060650348663e-02 8.589070290327072144e-03 1.582816359587013721e-03 2.027777663897722960e-04 1.601235941052436829e-02 4.577218089252710342e-03 1.706162095069885254e-02 2.375131286680698395e-02 3.138986602425575256e-02 5.179172381758689880e-03 4.191521927714347839e-02 4.783337563276290894e-02 1.439656410366296768e-02 1.272213459014892578e-02 2.907367795705795288e-02 8.651641197502613068e-03
1.599320620298385620e-01 5.989595651626586914e-01 3.607416898012161255e-02 3.759485110640525818e-02 5.524105858057737350e-03 1.227425187826156616e-01 1.118089482188224792e-01 2.529489062726497650e-02 2.047621272504329681e-02 3.284077718853950500e-02 1.166988238692283630e-01 2.078921068459749222e-03 1.140729710459709167e-01 5.370797216892242432e-02 1.992289535701274872e-02 3.793749958276748657e-02 3.326486796140670776e-02 3.985061496496200562e-02 3.421102091670036316e-02 1.164924539625644684e-02 3.773264214396476746e-02 1.068907976150512695e-02 1.401645410805940628e-02 4.516807571053504944e-02 7.969738915562629700e-03 4.604041576385498047e-02 5.547425244003534317e-03 3.761302307248115540e-02 3.237101435661315918e-02 1.692796684801578522e-02 2.595846168696880341e-02 2.868226729333400726e-02 3.756694495677947998e-02 3.330161049962043762e-02 1.551765017211437225e-02 4.582368209958076477e-02 3.053335286676883698e-02 4.227844998240470886e-02 3.231257200241088867e-02 2.297809580340981483e-03 4.048779141157865524e-03 5.703412927687168121e-03 3.215719014406204224e-02 3.937664628028869629e-02 1.002536434680223465e-02 1.142287813127040863e-02 1.115968674421310425e-01 1.082466617226600647e-01 1.010183524340391159e-02 1.956500578671693802e-03 3.642788901925086975e-02 3.072442673146724701e-02 2.961897663772106171e-02 2.711020782589912415e-02 9.519908577203750610e-03 1.778714358806610107e-02 3.554121777415275574e-02 2.669586054980754852e-02 3.941136226058006287e-02 1.002762466669082642e-03 2.871495112776756287e-02 2.866058237850666046e-02 1.883235760033130646e-02 4.251237213611602783e-02 1.788656413555145264e-02 3.394061326980590820e-02 3.765805810689926147e-02 4.156174138188362122e-02 3.049894236028194427e-02 1.876385509967803955e-02 1.571706496179103851e-02 1.292591635137796402e-02 9.895077906548976898e-03 4.577010404318571091e-03 1.937445439398288727e-02 1.078257337212562561e-02 5.045196041464805603e-03 3.899908810853958130e-02 1.797304116189479828e-02 3.975090757012367249e-02 1.226395927369594574e-02 1.766222342848777771e-02 1.372778136283159256e-02 2.307755500078201294e-02 8.789159357547760010e-03 1.464772038161754608e-02 1.434129383414983749e-02 9.590672329068183899e-03 2.943546511232852936e-02 7.979546673595905304e-03 9.838037192821502686e-02 3.221289440989494324e-02 1.099222376942634583e-01 1.406671106815338135e-02 3.630009293556213379e-02 1.526681799441576004e-02 1.520266756415367126e-02 1.688906922936439514e-02 2.099851518869400024e-02 2.372462861239910126e-02 1.872337423264980316e-02 1.368104200810194016e-02 6.034409161657094955e-03 4.584235604852437973e-03 3.464042395353317261e-02 3.712518140673637390e-02 3.642629086971282959e-02 2.141302078962326050e-02 3.119744174182415009e-02 2.102764137089252472e-02 4.544992372393608093e-02 4.525240883231163025e-02 2.237344719469547272e-02 4.650250449776649475e-02 4.251688346266746521e-02 1.291329693049192429e-02
6.704772822558879852e-03 3.607416898012161255e-02 5.603761672973632812e-01 3.610322624444961548e-02 3.213997930288314819e-02 3.846284374594688416e-02 5.763846263289451599e-02 8.500239998102188110e-02 2.483290247619152069e-02 1.606041193008422852e-02 2.382935024797916412e-02 3.215587139129638672e-02 6.164656486362218857e-03 4.756471142172813416e-02 2.213444374501705170e-02 2.437356393784284592e-03 6.756813731044530869e-03 1.691049337387084961e-02 6.445488892495632172e-03 2.040133997797966003e-02 4.746858496218919754e-03 2.025098726153373718e-02 3.773342445492744446e-02 4.198892414569854736e-02 2.353773597860708833e-04 3.613067790865898132e-02 3.115618042647838593e-02 2.467162162065505981e-02 1.822779886424541473e-02 4.404528066515922546e-02 4.463659599423408508e-03 1.982001587748527527e-02 2.227135701104998589e-03 7.960012182593345642e-03 2.078004367649555206e-02 2.482740208506584167e-02 1.400331594049930573e-02 3.089309611823409796e-04 2.264334447681903839e-02 3.807948902249336243e-02 6.091438699513673782e-03 4.230748862028121948e-02 3.249076753854751587e-02 6.741816550493240356e-02 7.423195242881774902e-02 8.411286026239395142e-02 6.087889894843101501e-02 6.955029070377349854e-02 4.310008510947227478e-02 2.892223186790943146e-02 1.905147358775138855e-02 3.132960945367813110e-02 5.889597535133361816e-02 1.541966921649873257e-03 3.304186835885047913e-02 1.915490254759788513e-02 3.184461966156959534e-02 4.132856801152229309e-02 7.645475864410400391e-02 1.849980093538761139e-02 1.340066455304622650e-02 3.437962383031845093e-02 1.167663023807108402e-03 7.537189405411481857e-03 3.623443096876144409e-02 3.101137839257717133e-02 5.265102954581379890e-04 2.728907205164432526e-02 3.872211277484893799e-02 8.752384455874562263e-04 3.894503414630889893e-02 1.585326902568340302e-02 1.649801060557365417e-02 4.106021299958229065e-02 3.323622047901153564e-02 1.075398456305265427e-02 4.056737199425697327e-02 1.053519733250141144e-02 4.133589193224906921e-02 2.463009953498840332e-02 1.182453036308288574e-01 5.941679701209068298e-02 3.809317946434020996e-02 5.380264483392238617e-03 2.492684312164783478e-02 2.422356978058815002e-03 3.100016526877880096e-02 2.417712472379207611e-02 7.217032834887504578e-03 4.020097851753234863e-02 5.196285247802734375e-02 1.135966740548610687e-02 5.720490217208862305e-02 3.376466222107410431e-03 3.374436125159263611e-02 3.193717077374458313e-02 4.341436922550201416e-02 1.745322532951831818e-02 4.424385353922843933e-02 2.217132225632667542e-02 3.699947521090507507e-02 2.203592844307422638e-02 1.931443251669406891e-02 2.265333943068981171e-02 3.537216037511825562e-02 7.041681557893753052e-03 2.468098327517509460e-02 1.725907553918659687e-03 2.394363470375537872e-02 3.624996170401573181e-02 4.003270342946052551e-02 1.277464069426059723e-02 1.941267773509025574e-02 2.237107418477535248e-02 2.079146355390548706e-02 3.056689538061618805e-02
3.055662102997303009e-02 3.759485110640525818e-02 3.610322624444961548e-02 5.709893107414245605e-01 1.424519717693328857e-01 3.397762030363082886e-02 3.294702991843223572e-02 2.483139187097549438e-02 1.203141082078218460e-02 6.115699652582406998e-03 1.958779804408550262e-02 2.329675294458866119e-02 2.232315950095653534e-02 2.268449775874614716e-02 1.725832233205437660e-03 1.988364849239587784e-03 1.281434576958417892e-02 3.626736253499984741e-02 5.508906766772270203e-02 4.264298081398010254e-02 3.131071478128433228e-02 1.979708671569824219e-02 2.220147103071212769e-02 3.385220468044281006e-02 2.588116377592086792e-02 6.071489304304122925e-03 8.792588487267494202e-03 4.779584705829620361e-04 1.663788035511970520e-02 1.866378635168075562e-02 3.557324782013893127e-02 4.500208050012588501e-02 5.233615636825561523e-02 2.962512895464897156e-02 4.389123246073722839e-02 1.081714779138565063e-02 2.503757178783416748e-02 1.970881130546331406e-03 8.943959325551986694e-02 1.225999593734741211e-01 3.131302073597908020e-03 3.804171830415725708e-02 1.723759621381759644e-02 3.976916149258613586e-02 1.187898870557546616e-02 1.000817585736513138e-02 3.974277526140213013e-02 2.292239479720592499e-02 2.014158107340335846e-02 2.080849371850490570e-02 1.882506534457206726e-02 2.127195335924625397e-02 5.050137639045715332e-02 2.084678597748279572e-02 2.756252698600292206e-02 1.255492586642503738e-02 1.282270438969135284e-02 2.360554644837975502e-03 3.583383187651634216e-02 1.684543676674365997e-02 4.016910493373870850e-02 5.597905442118644714e-02 1.764621026813983917e-02 3.914302587509155273e-02 4.829692840576171875e-02 8.440368808805942535e-03 4.803373664617538452e-02 2.333291247487068176e-02 4.007752239704132080e-02 3.873972594738006592e-02 2.229462750256061554e-02 4.550895653665065765e-03 7.802763581275939941e-02 4.625210911035537720e-02 6.200785189867019653e-02 3.833587095141410828e-02 2.501645497977733612e-02 5.908143706619739532e-03 3.294446691870689392e-02 1.434637978672981262e-02 2.328031882643699646e-02 4.063366726040840149e-02 7.011432200670242310e-02 4.758671298623085022e-02 1.238419581204652786e-02 1.602556928992271423e-02 1.253903284668922424e-02 2.069728262722492218e-02 3.369968384504318237e-02 7.830469869077205658e-03 2.824181690812110901e-02 1.290430594235658646e-02 3.319904953241348267e-02 6.223071366548538208e-02 3.503796085715293884e-02 4.834525287151336670e-03 1.074301358312368393e-02 3.178559988737106323e-02 1.312245731242001057e-04 1.967990398406982422e-02 4.626277461647987366e-02 4.687729850411415100e-02 1.211996655911207199e-02 3.894859924912452698e-03 1.248943991959095001e-02 1.888200454413890839e-02 4.631202295422554016e-02 4.368236288428306580e-02 3.711296990513801575e-02 1.006652880460023880e-02 3.637625649571418762e-02 3.800615295767784119e-02 2.089019306004047394e-02 2.336663380265235901e-02 2.847030758857727051e-03 8.122176863253116608e-03
6.390160880982875824e-03 5.524105858057737350e-03 3.213997930288314819e-02 1.424519717693328857e-01 5.710309147834777832e-01 1.109311077743768692e-02 7.071211934089660645e-03 1.722946949303150177e-02 3.322438150644302368e-02 2.224097214639186859e-02 3.813238814473152161e-02 4.149979446083307266e-03 4.218032583594322205e-02 2.594816265627741814e-03 8.730242028832435608e-03 2.593954466283321381e-02 9.006640873849391937e-03 2.047056797891855240e-03 1.214861795306205750e-01 1.503021363168954849e-02 3.643868863582611084e-02 2.544607035815715790e-02 4.485201090574264526e-02 3.819484636187553406e-02 3.168434649705886841e-02 2.543752826750278473e-02 4.619286581873893738e-02 4.265863075852394104e-02 3.494123369455337524e-02 2.642533369362354279e-02 4.183693975210189819e-02 3.894167020916938782e-02 1.786574348807334900e-02 1.331584621220827103e-02 4.178061708807945251e-02 2.186654508113861084e-02 1.038277242332696915e-02 2.411159314215183258e-02 7.670089602470397949e-02 1.362870782613754272e-01 1.334200985729694366e-02 1.617747358977794647e-02 2.368384785950183868e-02 2.160581760108470917e-02 1.074540615081787109e-02 2.423499338328838348e-02 5.700824782252311707e-03 1.370699331164360046e-02 4.547551274299621582e-02 1.728437095880508423e-02 2.514808252453804016e-02 1.895764283835887909e-02 1.822299137711524963e-02 2.812690101563930511e-02 3.991403058171272278e-02 4.764772951602935791e-03 3.268743306398391724e-02 2.173541113734245300e-02 2.761530503630638123e-02 3.207944706082344055e-02 3.677646629512310028e-03 1.170933544635772705e-01 4.472062736749649048e-02 2.506313472986221313e-02 4.461178928613662720e-02 2.683058381080627441e-02 1.775784976780414581e-02 3.449153155088424683e-02 1.632351242005825043e-02 1.667248085141181946e-02 1.135218143463134766e-02 5.695527419447898865e-02 3.983147814869880676e-02 3.080308437347412109e-02 8.793999254703521729e-02 3.195605427026748657e-02 2.367553999647498131e-03 1.569483429193496704e-02 2.154962904751300812e-02 3.673687577247619629e-03 3.392327111214399338e-03 1.812872663140296936e-02 6.547862291336059570e-02 1.546319127082824707e-01 3.946434333920478821e-02 1.955303549766540527e-02 5.435626022517681122e-03 4.517024382948875427e-03 1.163107529282569885e-02 1.831965707242488861e-02 2.470262907445430756e-02 5.899571347981691360e-03 1.528576016426086426e-02 4.193739965558052063e-02 3.099022991955280304e-02 1.941994205117225647e-02 7.281194441020488739e-03 1.584385335445404053e-02 2.869072183966636658e-02 4.365205019712448120e-02 1.041112467646598816e-03 4.178606718778610229e-02 1.516186865046620369e-03 5.272668227553367615e-02 1.949668116867542267e-02 4.586303548421710730e-04 2.924966067075729370e-02 1.276692142710089684e-03 4.926358163356781006e-02 4.373176023364067078e-02 2.677349932491779327e-02 9.505428373813629150e-03 4.576500132679939270e-02 2.152652293443679810e-02 1.403377857059240341e-02 2.240757644176483154e-02
1.296821087598800659e-01 1.227425187826156616e-01 3.846284374594688416e-02 3.397762030363082886e-02 1.109311077743768692e-02 5.921294689178466797e-01 1.140234693884849548e-01 5.181538406759500504e-03 5.768470466136932373e-02 2.419219538569450378e-02 7.355886697769165039e-02 5.964322388172149658e-02 6.695885956287384033e-02 8.469056338071823120e-02 1.669341814704239368e-03 3.706150874495506287e-02 3.854272887110710144e-02 9.303552797064185143e-04 3.637068346142768860e-02 3.631220385432243347e-02 2.315676398575305939e-02 1.125122886151075363e-02 3.558247536420822144e-02 1.368738710880279541e-02 6.149885710328817368e-03 4.492332413792610168e-02 3.335097804665565491e-02 2.186417579650878906e-02 1.786080002784729004e-02 5.428728833794593811e-02 3.642350807785987854e-02 2.147724293172359467e-02 2.847586572170257568e-02 1.639292226172983646e-03 9.236289188265800476e-03 3.489851579070091248e-02 5.602078977972269058e-03 1.192546449601650238e-02 2.133339270949363708e-02 4.227078054100275040e-03 3.729606047272682190e-02 2.820680104196071625e-02 3.593415394425392151e-02 1.483091618865728378e-02 4.213735833764076233e-02 2.584330365061759949e-02 1.187146306037902832e-01 8.165754377841949463e-02 4.839378595352172852e-02 2.237095497548580170e-02 8.560880087316036224e-03 3.634854452684521675e-03 1.252706442028284073e-02 4.023038223385810852e-02 3.883039206266403198e-02 3.904949128627777100e-02 3.857835009694099426e-02 1.334932353347539902e-02 3.186371643096208572e-03 5.249191448092460632e-02 2.164495550096035004e-02 2.171928249299526215e-02 3.102998947724699974e-03 1.159332413226366043e-02 8.371756994165480137e-04 1.360400579869747162e-02 3.097165189683437347e-02 3.132523968815803528e-02 3.188600391149520874e-02 2.374748699367046356e-02 7.871618494391441345e-03 2.242595516145229340e-02 1.466219499707221985e-02 1.674260274739935994e-04 1.068590767681598663e-02 5.411375779658555984e-03 4.319806769490242004e-02 1.895722001791000366e-02 5.702266469597816467e-03 1.301923394203186035e-02 1.116868667304515839e-02 8.448002859950065613e-03 1.365615613758563995e-02 1.865368522703647614e-02 2.316867746412754059e-02 3.730721771717071533e-02 3.948499634861946106e-02 3.910560533404350281e-02 3.168164566159248352e-02 3.877794370055198669e-02 8.471644669771194458e-02 2.082956768572330475e-02 8.744334429502487183e-02 2.366870082914829254e-02 3.020702861249446869e-02 4.202206805348396301e-02 4.703531041741371155e-02 1.363372243940830231e-02 1.392454188317060471e-02 1.270060148090124130e-02 1.458562910556793213e-02 1.105581410229206085e-02 1.524228416383266449e-02 2.616497687995433807e-03 3.712706966325640678e-03 6.817472632974386215e-03 1.102027669548988342e-02 4.617069661617279053e-02 2.523618377745151520e-02 4.168312996625900269e-02 3.837927803397178650e-02 5.100967735052108765e-02 3.301632404327392578e-02 3.924686461687088013e-02 4.086984321475028992e-02 1.224028877913951874e-02
8.606347441673278809e-02 1.118089482188224792e-01 5.763846263289451599e-02 3.294702991843223572e-02 7.071211934089660645e-03 1.140234693884849548e-01 6.098452210426330566e-01 3.152871504426002502e-02 1.466164644807577133e-02 4.063631221652030945e-02 9.969102591276168823e-02 6.444192677736282349e-02 1.112111881375312805e-01 9.950424730777740479e-02 1.343098841607570648e-02 4.303647950291633606e-02 4.671450704336166382e-02 4.112485423684120178e-02 2.150762453675270081e-02 3.133563697338104248e-02 2.433780021965503693e-02 2.227389253675937653e-03 3.361466526985168457e-02 1.438242755830287933e-02 3.982962667942047119e-02 1.310226158238947392e-03 1.836477220058441162e-02 2.912660129368305206e-02 5.423376709222793579e-02 1.249927189201116562e-02 7.688017189502716064e-02 8.049012161791324615e-03 9.580967016518115997e-03 2.359259128570556641e-02 2.446157857775688171e-02 2.309919567778706551e-03 3.350498154759407043e-02 1.999230496585369110e-02 3.471375256776809692e-02 9.306363761425018311e-03 5.057917535305023193e-02 2.758108638226985931e-02 9.542660787701606750e-03 1.493572536855936050e-02 4.780016839504241943e-02 5.367214977741241455e-02 1.295874863862991333e-01 1.318732351064682007e-01 3.886563470587134361e-03 4.719217773526906967e-03 3.183506056666374207e-02 3.723735362291336060e-02 2.679786272346973419e-02 2.824500016868114471e-02 1.542677753604948521e-03 9.867949411273002625e-03 9.591124951839447021e-03 1.440714951604604721e-02 3.030520491302013397e-02 9.188155643641948700e-03 2.818179503083229065e-02 5.607972852885723114e-04 3.738763183355331421e-02 4.135162383317947388e-02 3.471008315682411194e-02 2.044860832393169403e-02 3.394582122564315796e-02 1.527578011155128479e-02 4.441878199577331543e-02 1.676008664071559906e-02 2.394094876945018768e-02 3.092859312891960144e-02 3.198772668838500977e-02 5.927561782300472260e-03 3.342719748616218567e-03 3.868798026815056801e-03 2.412352338433265686e-02 2.799029462039470673e-02 4.229224100708961487e-02 2.501628361642360687e-02 1.480562030337750912e-03 4.303057864308357239e-02 3.037224151194095612e-02 1.300102565437555313e-02 2.911189757287502289e-02 4.216241836547851562e-02 2.107657119631767273e-02 5.014929454773664474e-03 7.361576426774263382e-03 7.671290077269077301e-03 1.253625154495239258e-01 2.719951979815959930e-02 1.273224651813507080e-01 6.916050333529710770e-03 1.146665494889020920e-02 8.188665844500064850e-03 9.908673819154500961e-04 1.485273148864507675e-02 2.222906611859798431e-02 2.140914089977741241e-02 5.575714167207479477e-03 3.736069891601800919e-03 2.364067593589425087e-03 2.705297665670514107e-03 3.942106664180755615e-02 3.503294661641120911e-02 2.004656195640563965e-02 4.484906792640686035e-02 1.057500019669532776e-02 4.259395971894264221e-02 4.102695360779762268e-02 4.288915544748306274e-02 2.280538901686668396e-02 7.553209550678730011e-03 2.541320025920867920e-02 6.173274014145135880e-04
2.045925147831439972e-02 2.529489062726497650e-02 8.500239998102188110e-02 2.483139187097549438e-02 1.722946949303150177e-02 5.181538406759500504e-03 3.152871504426002502e-02 5.682204365730285645e-01 1.186982821673154831e-02 2.483629994094371796e-02 3.666451200842857361e-02 3.874462842941284180e-02 3.014756366610527039e-02 3.508986160159111023e-02 1.044597625732421875e-01 4.802788048982620239e-02 3.376081958413124084e-02 1.165121234953403473e-02 1.148521248251199722e-02 2.360367588698863983e-02 2.704364620149135590e-02 4.967364296317100525e-02 3.342116624116897583e-02 2.885708585381507874e-02 1.046695560216903687e-02 1.426929328590631485e-02 1.763379201292991638e-02 5.365173332393169403e-03 5.451393872499465942e-02 3.307061269879341125e-02 3.225840255618095398e-02 2.028805017471313477e-02 1.891816779971122742e-02 1.444910070858895779e-03 9.832879528403282166e-03 1.568468846380710602e-02 8.129859343171119690e-03 2.773826383054256439e-02 1.272643916308879852e-02 5.538396071642637253e-04 2.134137786924839020e-02 2.464037574827671051e-02 1.868961378931999207e-02 4.087348654866218567e-02 1.360714156180620193e-02 6.583334878087043762e-03 9.363419376313686371e-03 1.516914833337068558e-02 3.649044036865234375e-02 4.332978278398513794e-02 1.475596707314252853e-02 4.617494344711303711e-02 5.486878007650375366e-02 4.014518857002258301e-02 3.123337589204311371e-02 1.964241079986095428e-02 4.897397011518478394e-03 1.120335608720779419e-02 5.771262943744659424e-02 4.160595312714576721e-02 1.737542264163494110e-02 4.142069071531295776e-02 3.769754245877265930e-02 2.500880509614944458e-02 5.571538116782903671e-03 4.936751909554004669e-03 1.139703765511512756e-02 6.704641040414571762e-03 3.036781586706638336e-02 1.480939681641757488e-03 4.406996071338653564e-02 1.807914674282073975e-02 3.953852131962776184e-02 3.377525880932807922e-02 4.065233096480369568e-02 1.113573741167783737e-02 3.581221401691436768e-02 3.712688386440277100e-02 7.699919864535331726e-03 1.841929368674755096e-02 1.150887906551361084e-01 1.099466904997825623e-01 8.762620389461517334e-03 7.782571483403444290e-03 1.397761981934309006e-02 4.400573670864105225e-02 7.976929098367691040e-02 6.728465855121612549e-02 4.534212406724691391e-03 2.064869180321693420e-02 1.783922128379344940e-02 3.075688704848289490e-02 2.008466795086860657e-02 6.644707173109054565e-03 4.955970123410224915e-02 2.115416340529918671e-03 1.851232489570975304e-03 9.747253730893135071e-03 4.705312848091125488e-02 4.924855194985866547e-03 5.394731648266315460e-03 5.271673947572708130e-02 1.854399591684341431e-02 3.964858874678611755e-02 4.082380607724189758e-02 1.643128506839275360e-02 2.463063225150108337e-02 1.707396586425602436e-03 4.418276250362396240e-02 1.311524491757154465e-02 1.991135254502296448e-02 9.572898969054222107e-03 9.184809401631355286e-03 9.514180943369865417e-03 8.264559321105480194e-03 4.304757807403802872e-03
1.033538253977894783e-03 2.047621272504329681e-02 2.483290247619152069e-02 1.203141082078218460e-02 3.322438150644302368e-02 5.768470466136932373e-02 1.466164644807577133e-02 1.186982821673154831e-02 5.734441876411437988e-01 6.088950112462043762e-02 1.990833319723606110e-02 1.416755653917789459e-02 4.288760200142860413e-02 4.384868219494819641e-02 5.562418140470981598e-03 1.026441715657711029e-02 2.752999775111675262e-02 8.462082594633102417e-02 1.062761270986811724e-06 4.991709068417549133e-02 4.388623312115669250e-02 2.153370715677738190e-02 1.977135054767131805e-02 7.394713815301656723e-03 2.270218171179294586e-02 3.507310524582862854e-02 3.543715924024581909e-02 3.910973668098449707e-02 2.523071877658367157e-02 1.701508276164531708e-02 5.105407536029815674e-02 1.333342399448156357e-02 3.450366482138633728e-02 3.735133260488510132e-02 3.772241249680519104e-02 1.462232321500778198e-02 2.549464441835880280e-02 3.997224196791648865e-02 4.169628955423831940e-03 1.187584176659584045e-02 3.301084414124488831e-02 3.068850375711917877e-02 7.940001785755157471e-03 7.246437948197126389e-03 2.639957889914512634e-02 1.476078876294195652e-03 2.456766553223133087e-02 8.864583214744925499e-04 6.306444108486175537e-02 3.659287467598915100e-02 2.005320787429809570e-02 2.021315041929483414e-03 3.972847387194633484e-02 2.344032563269138336e-02 6.474099308252334595e-02 1.715056784451007843e-02 3.431434975937008858e-03 2.437117695808410645e-02 2.461575530469417572e-02 5.648727994412183762e-03 4.115039110183715820e-02 3.351492062211036682e-02 4.388425126671791077e-02 4.269867017865180969e-02 1.753170229494571686e-02 1.921986788511276245e-02 2.288481779396533966e-02 2.638407796621322632e-02 3.030432946979999542e-02 1.035442948341369629e-02 4.983134567737579346e-03 1.574064604938030243e-03 1.812043227255344391e-02 1.253358367830514908e-02 4.432395473122596741e-02 3.455897793173789978e-02 7.732678949832916260e-02 4.967495799064636230e-02 7.733392715454101562e-02 5.582561343908309937e-02 3.741919249296188354e-02 3.660114482045173645e-02 4.834228008985519409e-02 4.403441771864891052e-02 1.067512203007936478e-02 2.038934454321861267e-02 3.657179325819015503e-02 3.112811828032135963e-03 2.670835703611373901e-02 1.321598608046770096e-02 1.148899178951978683e-02 4.658322781324386597e-02 2.653074916452169418e-03 6.944623310118913651e-03 3.233339264988899231e-02 3.863843623548746109e-03 3.016474097967147827e-02 2.179349958896636963e-02 3.496715053915977478e-02 1.760396547615528107e-02 2.318623708561062813e-03 3.008889965713024139e-02 3.561958670616149902e-02 1.133074332028627396e-02 4.158583655953407288e-02 2.495037764310836792e-02 2.137732319533824921e-02 1.068216003477573395e-02 1.556860096752643585e-02 9.925437159836292267e-03 3.844043239951133728e-02 2.704254351556301117e-02 4.247630946338176727e-03 1.115520368330180645e-03 1.903789862990379333e-02 1.080462522804737091e-02
3.388838469982147217e-02 3.284077718853950500e-02 1.606041193008422852e-02 6.115699652582406998e-03 2.224097214639186859e-02 2.419219538569450378e-02 4.063631221652030945e-02 2.483629994094371796e-02 6.088950112462043762e-02 5.741666555404663086e-01 3.468263894319534302e-02 3.879027068614959717e-02 2.078138291835784912e-02 2.265850780531764030e-03 8.046902366913855076e-04 6.273876409977674484e-03 2.794770523905754089e-03 2.557809278368949890e-02 1.059077233076095581e-01 3.775824978947639465e-02 2.940301969647407532e-02 3.697547689080238342e-02 2.717530122026801109e-03 3.253587707877159119e-02 1.088692899793386459e-02 8.058995590545237064e-04 4.939341917634010315e-03 9.955602698028087616e-03 2.874797210097312927e-03 2.226471714675426483e-02 2.109657274559140205e-03 1.624899357557296753e-02 4.194464161992073059e-02 8.568217977881431580e-03 3.476077690720558167e-02 1.602421700954437256e-02 1.060242205858230591e-02 3.472458571195602417e-02 5.619866028428077698e-02 3.524201363325119019e-02 1.224729884415864944e-02 2.644828520715236664e-02 4.377551376819610596e-02 4.627842456102371216e-03 6.104549858719110489e-03 2.940442226827144623e-02 3.062245808541774750e-02 3.661361336708068848e-02 8.674003183841705322e-03 1.158921495079994202e-01 1.469078008085489273e-02 3.154166787862777710e-02 3.653321415185928345e-02 2.755884546786546707e-03 2.106839232146739960e-02 5.402449890971183777e-02 2.568682655692100525e-02 2.781839575618505478e-03 4.444767907261848450e-02 3.969766199588775635e-02 2.911277860403060913e-02 4.923894628882408142e-02 2.608729340136051178e-02 4.081014171242713928e-02 2.205653116106987000e-02 2.482258714735507965e-02 4.110331181436777115e-03 1.031428109854459763e-02 1.488712150603532791e-03 1.772552914917469025e-02 2.926825731992721558e-02 4.135024547576904297e-02 1.853746920824050903e-02 3.051185980439186096e-03 4.614413715898990631e-03 1.591065526008605957e-02 3.176582604646682739e-02 1.314392685890197754e-01 3.608942404389381409e-02 1.172744780778884888e-01 1.080344198271632195e-03 4.233539104461669922e-02 4.361810162663459778e-03 6.862361729145050049e-02 1.061880961060523987e-02 7.734945416450500488e-02 4.214250668883323669e-02 4.051360487937927246e-02 2.656803838908672333e-02 2.762978151440620422e-02 1.791225513443350792e-03 1.770640350878238678e-02 2.517104521393775940e-02 1.315109990537166595e-02 1.332495547831058502e-02 1.505845226347446442e-02 9.681846015155315399e-03 1.464382093399763107e-02 1.270840317010879517e-02 3.613563254475593567e-02 1.388247963041067123e-02 8.412577211856842041e-03 2.636871859431266785e-02 4.067557305097579956e-02 4.410160705447196960e-02 2.391141466796398163e-02 1.898635365068912506e-02 5.512198060750961304e-02 9.650048799812793732e-03 1.736535131931304932e-02 3.556741774082183838e-02 2.597100287675857544e-02 1.056540478020906448e-02 2.400853671133518219e-02 2.089853771030902863e-02 9.924618527293205261e-03
1.093765124678611755e-01 1.166988238692283630e-01 2.382935024797916412e-02 1.958779804408550262e-02 3.813238814473152161e-02 7.355886697769165039e-02 9.969102591276168823e-02 3.666451200842857361e-02 1.990833319723606110e-02 3.468263894319534302e-02 5.936546325683593750e-01 1.138026360422372818e-02 1.386408358812332153e-01 2.233798615634441376e-02 2.753179334104061127e-02 4.082404822111129761e-02 4.405995458364486694e-02 3.795385360717773438e-02 2.957770787179470062e-02 2.917530201375484467e-02 5.228322464972734451e-03 3.238124400377273560e-02 2.931480482220649719e-02 4.089707881212234497e-02 2.767065726220607758e-02 1.364149502478539944e-04 1.928443461656570435e-02 5.503093358129262924e-03 7.513583451509475708e-02 3.106278553605079651e-02 4.632449522614479065e-02 4.179841652512550354e-02 1.792510598897933960e-02 3.104415535926818848e-02 2.496633119881153107e-02 3.516803309321403503e-02 2.992584742605686188e-02 2.890435233712196350e-02 2.719337586313486099e-03 3.269613534212112427e-02 3.354141255840659142e-03 3.862175345420837402e-02 5.731407552957534790e-03 1.023370213806629181e-02 2.594686299562454224e-02 1.520160213112831116e-02 8.916963636875152588e-02 1.046691164374351501e-01 2.396227419376373291e-02 3.669886663556098938e-02 1.347614452242851257e-02 1.404444873332977295e-02 1.497501228004693985e-02 2.482259087264537811e-02 9.696244960650801659e-04 1.752427034080028534e-02 2.825153246521949768e-02 2.047148905694484711e-02 3.839440643787384033e-03 5.581728741526603699e-02 2.734556421637535095e-02 1.733331941068172455e-03 1.304287835955619812e-02 1.303797215223312378e-02 7.666438072919845581e-02 7.942714542150497437e-02 1.375481486320495605e-03 1.210920419543981552e-02 2.309638448059558868e-02 4.003487061709165573e-03 3.666668385267257690e-02 1.671688444912433624e-02 2.970880456268787384e-02 1.859851181507110596e-02 1.661279425024986267e-02 6.878081243485212326e-03 4.667582688853144646e-04 3.599251434206962585e-02 1.639671996235847473e-02 3.031077422201633453e-02 6.240794807672500610e-02 4.238503798842430115e-02 3.922874107956886292e-02 1.405031327158212662e-02 3.188879042863845825e-02 3.446625545620918274e-02 2.132720313966274261e-02 3.923698142170906067e-02 3.272295370697975159e-02 2.524413913488388062e-02 9.844490140676498413e-02 7.482150685973465443e-04 1.083809435367584229e-01 2.000484801828861237e-02 6.095395889133214951e-03 2.356873592361807823e-03 2.437133714556694031e-02 1.252989843487739563e-02 2.265724539756774902e-02 1.706861332058906555e-02 3.459619358181953430e-02 3.672536090016365051e-02 2.013949304819107056e-02 1.602345891296863556e-02 2.003636024892330170e-02 2.055771462619304657e-02 2.764892019331455231e-02 3.082149662077426910e-02 3.651888668537139893e-02 5.159977450966835022e-02 3.165888413786888123e-02 1.876466535031795502e-02 1.614844985306262970e-02 5.722811911255121231e-03 1.170887146145105362e-02 3.671848773956298828e-02
7.325004320591688156e-03 2.078921068459749222e-03 3.215587139129638672e-02 2.329675294458866119e-02 4.149979446083307266e-03 5.964322388172149658e-02 6.444192677736282349e-02 3.874462842941284180e-02 1.416755653917789459e-02 3.879027068614959717e-02 1.138026360422372818e-02 5.672779679298400879e-01 6.578708533197641373e-03 1.684139668941497803e-01 2.507704310119152069e-02 1.995184272527694702e-02 3.343319892883300781e-02 2.241401933133602142e-02 3.094821050763130188e-02 4.288188368082046509e-02 2.113234438002109528e-02 1.183039881289005280e-02 2.308347634971141815e-02 1.268298644572496414e-02 3.369545191526412964e-02 1.366813085041940212e-03 2.051422744989395142e-02 8.331865072250366211e-02 2.014998160302639008e-02 8.270867168903350830e-02 1.567986980080604553e-02 3.442879021167755127e-02 3.110331669449806213e-02 1.134059112519025803e-02 4.075983166694641113e-02 1.232904661446809769e-02 2.782195992767810822e-02 1.956422068178653717e-02 1.578541286289691925e-02 2.040505222976207733e-02 3.755847737193107605e-02 8.036136627197265625e-03 4.029267001897096634e-03 2.160411886870861053e-02 1.421014219522476196e-01 8.658950030803680420e-02 4.337136819958686829e-02 2.650565467774868011e-02 5.250469222664833069e-02 4.928521346300840378e-03 1.249634101986885071e-02 4.211955517530441284e-02 1.483164494857192039e-03 1.298953592777252197e-02 3.761960938572883606e-02 4.244496673345565796e-02 2.552755363285541534e-02 3.533285856246948242e-02 2.401036024093627930e-02 3.933525457978248596e-02 3.592253848910331726e-02 8.957037702202796936e-03 3.574705496430397034e-02 3.879094496369361877e-02 4.770551994442939758e-02 4.349460825324058533e-02 3.986593335866928101e-02 4.197023436427116394e-02 1.069719064980745316e-02 2.330659702420234680e-02 1.020909869112074375e-03 1.973048411309719086e-02 6.940398830920457840e-03 2.222188189625740051e-02 4.805568605661392212e-03 1.693568192422389984e-02 2.850469946861267090e-02 3.439437830820679665e-03 6.146175786852836609e-02 1.841785572469234467e-02 1.541185192763805389e-02 3.538121655583381653e-02 2.583409100770950317e-02 2.570215240120887756e-02 9.765724651515483856e-03 1.625745743513107300e-02 2.991832047700881958e-02 4.639345034956932068e-02 8.947279304265975952e-02 3.892586007714271545e-02 4.337482526898384094e-02 3.966810554265975952e-02 3.933851793408393860e-02 4.803067073225975037e-02 8.164138533174991608e-03 2.531515993177890778e-02 2.649001590907573700e-02 3.092115186154842377e-02 3.943632170557975769e-02 4.600472003221511841e-02 6.171279586851596832e-03 1.131651178002357483e-02 3.622613474726676941e-02 3.873014077544212341e-02 4.188613593578338623e-02 4.735040012747049332e-03 2.321232110261917114e-02 1.010445132851600647e-02 3.246655687689781189e-02 1.445704419165849686e-02 1.301057077944278717e-02 1.181080006062984467e-02 6.748093292117118835e-03 2.101656794548034668e-02 4.052324965596199036e-02 7.312134373933076859e-03
8.810009062290191650e-02 1.140729710459709167e-01 6.164656486362218857e-03 2.232315950095653534e-02 4.218032583594322205e-02 6.695885956287384033e-02 1.112111881375312805e-01 3.014756366610527039e-02 4.288760200142860413e-02 2.078138291835784912e-02 1.386408358812332153e-01 6.578708533197641373e-03 5.974286198616027832e-01 4.399098828434944153e-02 3.654417768120765686e-02 4.673279449343681335e-02 3.969478979706764221e-02 9.545546956360340118e-03 4.283088818192481995e-02 1.020936761051416397e-02 4.813790321350097656e-03 2.984198182821273804e-02 3.137522935867309570e-02 4.689827561378479004e-02 2.817049622535705566e-02 1.076778862625360489e-02 3.436437621712684631e-02 8.697660639882087708e-03 5.644029378890991211e-02 2.363322675228118896e-02 5.966610088944435120e-02 4.465118050575256348e-02 6.382756400853395462e-03 4.445033892989158630e-02 6.838579196482896805e-03 3.056766279041767120e-02 5.154451727867126465e-02 3.538823872804641724e-02 8.534653112292289734e-03 4.499631375074386597e-02 1.699050515890121460e-02 2.090703137218952179e-02 2.978397533297538757e-02 2.905631251633167267e-02 3.713722527027130127e-02 4.715588293038308620e-04 9.270081669092178345e-02 1.055413931608200073e-01 1.072852220386266708e-02 4.953380674123764038e-03 1.598796434700489044e-02 2.545968443155288696e-02 3.355744481086730957e-02 1.538860425353050232e-02 2.024359069764614105e-02 1.418838184326887131e-02 3.053205646574497223e-02 2.727496204897761345e-03 7.981860078871250153e-03 4.575236514210700989e-02 8.239598944783210754e-03 3.743462497368454933e-03 2.504390291869640350e-02 1.796415424905717373e-03 5.819807201623916626e-02 7.057069987058639526e-02 1.779331080615520477e-02 1.121350913308560848e-03 2.903018705546855927e-02 3.765945089980959892e-03 3.379745036363601685e-02 1.714654453098773956e-02 3.390036523342132568e-02 1.616155542433261871e-02 1.163838524371385574e-02 8.763383142650127411e-03 1.065343711525201797e-02 3.142421320080757141e-02 1.148369349539279938e-02 1.705308072268962860e-02 5.681624263525009155e-02 2.918351069092750549e-02 2.509308420121669769e-02 2.491595223546028137e-02 2.725449390709400177e-02 3.094247356057167053e-02 1.412711385637521744e-02 4.299553856253623962e-02 4.978113994002342224e-02 4.020045325160026550e-02 1.007835566997528076e-01 1.048928964883089066e-02 1.092050895094871521e-01 2.451847866177558899e-02 1.616073772311210632e-02 6.531350314617156982e-03 3.617021813988685608e-02 2.628487721085548401e-02 6.318890955299139023e-03 1.454721018671989441e-02 1.459857728332281113e-02 3.682780265808105469e-02 2.455988340079784393e-02 1.584679633378982544e-02 1.137936301529407501e-02 7.967432029545307159e-03 1.962854713201522827e-02 5.089987814426422119e-02 3.514013439416885376e-02 4.838819429278373718e-02 2.607051469385623932e-02 3.425492718815803528e-02 2.700453996658325195e-02 1.654580235481262207e-02 3.711757715791463852e-03 2.124071121215820312e-02
