5.406047105789184570e-01 1.289080083370208740e-01 1.429696194827556610e-02 5.605299957096576691e-03 3.024295903742313385e-03 9.674049168825149536e-02 6.252479553222656250e-02 3.200941020622849464e-03 3.233034163713455200e-02 1.992207765579223633e-02 1.121889725327491760e-01 7.226508576422929764e-03 8.589427173137664795e-02 1.838480122387409210e-02 2.540342696011066437e-02 3.800455480813980103e-02 3.240329027175903320e-02 2.603452466428279877e-02 1.973946765065193176e-02 1.258728932589292526e-02 4.167795926332473755e-02 2.404391951858997345e-02 9.995477274060249329e-03 3.402652963995933533e-02 1.305528637021780014e-02 1.197445672005414963e-03 1.294049527496099472e-02 2.473791316151618958e-02 4.446592554450035095e-02 4.080009087920188904e-02 1.209914684295654297e-02 2.853924408555030823e-02 2.707818523049354553e-02 9.390865452587604523e-03 6.794360931962728500e-03 1.576744392514228821e-02 1.991284638643264771e-02 4.168587329331785440e-04 6.302266381680965424e-03 3.951290622353553772e-02 2.282843366265296936e-02 1.700756698846817017e-02 3.211798518896102905e-02 2.682392671704292297e-02 1.783704385161399841e-02 2.059406833723187447e-03 5.278697609901428223e-02 4.199941456317901611e-02 8.639598265290260315e-03 2.271076478064060211e-02 3.670386224985122681e-02 4.021468013525009155e-02 3.694768296554684639e-03 3.307096287608146667e-02 1.715835370123386383e-02 1.378054451197385788e-02 3.201566636562347412e-02 4.742029681801795959e-02 1.837153546512126923e-02 1.292060129344463348e-02 1.335597317665815353e-02 3.403399139642715454e-03 2.790100872516632080e-02 9.679983486421406269e-04 1.712710596621036530e-02 6.991317786742001772e-05 2.638222649693489075e-03 4.115899559110403061e-03 3.332309797406196594e-02 9.344183839857578278e-03 2.606206387281417847e-02 3.336934745311737061e-02 5.160475894808769226e-02 3.003584593534469604e-02 2.302646636962890625e-02 1.620555855333805084e-02 4.364737123250961304e-02 1.969686895608901978e-02 1.194784534163773060e-03 2.449844032526016235e-02 1.019911747425794601e-02 1.164628006517887115e-02 3.947744145989418030e-02 2.570838294923305511e-02 1.504954230040311813e-02 4.947912693023681641e-02 6.257131695747375488e-03 9.119987487792968750e-03 4.751676693558692932e-03 2.543109841644763947e-02 8.007875084877014160e-02 5.741632543504238129e-03 4.642346501350402832e-02 4.956348333507776260e-03 6.504718679934740067e-03 9.529587812721729279e-03 3.910189494490623474e-03 1.371508277952671051e-02 3.663178160786628723e-02 3.233828023076057434e-02 3.977964445948600769e-02 2.905597724020481110e-02 5.668867379426956177e-03 3.092926554381847382e-02 2.161708893254399300e-03 2.809225209057331085e-02 8.974281139671802521e-03 4.938807711005210876e-02 1.209650561213493347e-02 4.025662317872047424e-02 3.630831092596054077e-02 4.106147959828376770e-02 2.627452276647090912e-02 3.438888490200042725e-02 2.355844248086214066e-03 1.247476413846015930e-02
1.289080083370208740e-01 5.528650283813476562e-01 3.349085897207260132e-02 1.185472030192613602e-02 1.821456826291978359e-03 7.859302312135696411e-02 7.454220950603485107e-02 6.073194555938243866e-03 5.845584440976381302e-03 1.776400022208690643e-02 8.840771764516830444e-02 3.286807984113693237e-02 8.954887092113494873e-02 8.857018314301967621e-03 1.743889413774013519e-02 3.303309902548789978e-02 4.020194709300994873e-02 2.095858938992023468e-02 1.577095501124858856e-02 1.854460220783948898e-03 3.161178156733512878e-02 1.118120551109313965e-02 4.327699542045593262e-02 2.963716909289360046e-02 2.211258187890052795e-02 3.791486611589789391e-03 6.421295925974845886e-03 3.295525535941123962e-02 4.556481540203094482e-02 4.272681102156639099e-02 3.230685368180274963e-02 3.650581464171409607e-02 2.125497348606586456e-02 1.791986287571489811e-03 1.497524045407772064e-02 3.387698379810899496e-04 1.926814019680023193e-02 1.103276852518320084e-02 2.214052947238087654e-03 2.828333713114261627e-02 5.670884624123573303e-03 2.281587384641170502e-02 2.594633959233760834e-02 3.877961076796054840e-03 1.757407374680042267e-02 1.682461798191070557e-02 4.883392900228500366e-02 7.108870893716812134e-02 2.194161340594291687e-02 8.622631430625915527e-03 1.927320659160614014e-02 2.833606861531734467e-02 1.701176166534423828e-02 3.602016717195510864e-02 9.890601970255374908e-03 1.668536663055419922e-02 1.387397199869155884e-02 1.142862252891063690e-02 3.068559616804122925e-02 3.206084668636322021e-02 2.729177474975585938e-02 2.832484059035778046e-02 4.184906557202339172e-02 3.534490242600440979e-02 2.337415143847465515e-02 1.433216873556375504e-02 7.780513726174831390e-03 3.843352315016090870e-04 4.227140173316001892e-02 1.599666848778724670e-02 2.791574224829673767e-02 3.239811584353446960e-02 5.328684300184249878e-02 2.131548523902893066e-02 4.423133283853530884e-02 4.378511104732751846e-03 3.076403960585594177e-02 2.349078096449375153e-02 1.824334077537059784e-02 7.170798722654581070e-03 7.074970752000808716e-03 5.222698673605918884e-03 1.864117942750453949e-02 5.734751466661691666e-03 3.644766693469136953e-04 2.588934637606143951e-02 3.605774370953440666e-03 5.399534478783607483e-03 1.027142629027366638e-02 3.638190403580665588e-02 7.781383395195007324e-02 1.550691947340965271e-02 7.577380537986755371e-02 8.300815708935260773e-03 9.874751791357994080e-03 2.187046036124229431e-02 3.597976639866828918e-02 2.317611314356327057e-02 2.658330649137496948e-02 3.909689933061599731e-02 2.556059136986732483e-02 1.782045140862464905e-02 1.826488412916660309e-02 3.269360959529876709e-02 8.459787204628810287e-05 1.526678912341594696e-02 4.419884644448757172e-03 4.228808730840682983e-02 1.004414446651935577e-02 3.090567886829376221e-02 3.795754536986351013e-02 3.403713554143905640e-02 1.763002201914787292e-02 3.194542229175567627e-02 1.282995194196701050e-02 7.357621099799871445e-03
1.429696194827556610e-02 3.349085897207260132e-02 5.201917886734008789e-01 2.924484387040138245e-02 1.505976892076432705e-03 7.554322364740073681e-04 1.100875064730644226e-02 1.149278283119201660e-01 4.133682698011398315e-03 7.502202875912189484e-03 2.180763334035873413e-02 1.379393786191940308e-02 4.583081603050231934e-02 2.983792312443256378e-02 7.837566547095775604e-03 3.004406765103340149e-02 1.024955417960882187e-02 4.100754857063293457e-02 3.353383857756853104e-03 4.883474111557006836e-02 4.327011108398437500e-02 2.212861739099025726e-02 2.185988612473011017e-02 2.259695529937744141e-02 1.013565622270107269e-02 1.983485184609889984e-02 4.842959344387054443e-02 4.230454564094543457e-02 1.157322060316801071e-02 2.702795900404453278e-02 6.504405755549669266e-03 2.392505668103694916e-02 3.104984015226364136e-02 3.698797896504402161e-02 2.314003556966781616e-02 9.342380217276513577e-04 2.778416313230991364e-02 1.629175059497356415e-02 4.565456509590148926e-02 3.501404821872711182e-02 6.113326922059059143e-02 2.053150348365306854e-02 2.807466126978397369e-02 1.196008846163749695e-01 3.043739497661590576e-02 1.188637502491474152e-02 4.360171779990196228e-02 2.390021085739135742e-02 7.114045787602663040e-03 6.913966033607721329e-03 1.884392090141773224e-02 1.471483707427978516e-02 2.554238773882389069e-02 6.500406563282012939e-02 3.228539228439331055e-02 2.635989338159561157e-02 1.891562342643737793e-02 3.457161411643028259e-02 1.054766178131103516e-01 2.306484244763851166e-02 2.933948114514350891e-02 2.959009818732738495e-02 2.203311771154403687e-02 2.523631602525711060e-02 2.581957168877124786e-02 1.917481236159801483e-02 3.404024988412857056e-02 3.533342853188514709e-02 3.014834597706794739e-02 8.622050285339355469e-03 3.340655192732810974e-02 4.728149995207786560e-02 8.071463555097579956e-03 5.292993504554033279e-03 6.602634210139513016e-03 2.254940196871757507e-02 1.846103183925151825e-02 1.533184666186571121e-03 2.568340674042701721e-02 1.582164131104946136e-02 9.577424824237823486e-02 8.499513380229473114e-03 7.972987368702888489e-03 3.407128155231475830e-02 4.783363267779350281e-02 1.045794133096933365e-02 8.312000893056392670e-03 5.743431393057107925e-03 2.955094166100025177e-02 4.653037060052156448e-03 1.470798905938863754e-02 1.547616906464099884e-02 2.137230336666107178e-02 4.635620117187500000e-02 2.748039923608303070e-02 4.037829115986824036e-02 3.102472051978111267e-02 1.581919007003307343e-02 3.519219160079956055e-02 3.427554294466972351e-02 2.336025424301624298e-02 2.079307474195957184e-02 5.010290816426277161e-02 4.636279121041297913e-02 2.006395347416400909e-02 6.301030050963163376e-03 1.026096381247043610e-02 6.450598128139972687e-03 2.585093490779399872e-02 1.117471023462712765e-03 4.177733510732650757e-02 6.959671527147293091e-02 1.622143015265464783e-02 9.212178178131580353e-03 4.620640724897384644e-02 5.382596328854560852e-02
5.605299957096576691e-03 1.185472030192613602e-02 2.924484387040138245e-02 5.581315755844116211e-01 1.980152428150177002e-01 1.230644714087247849e-02 1.388738304376602173e-02 4.345174878835678101e-02 8.085439912974834442e-03 5.021349713206291199e-02 4.320003092288970947e-02 2.276871353387832642e-03 4.582333192229270935e-02 1.630376093089580536e-02 1.374974194914102554e-02 3.408128395676612854e-02 2.372989058494567871e-02 7.614687830209732056e-02 5.509004369378089905e-02 3.302520141005516052e-02 3.444511443376541138e-02 1.074689626693725586e-02 3.938094154000282288e-02 4.507452249526977539e-02 9.984306991100311279e-03 3.505226597189903259e-02 2.810630202293395996e-02 5.002516135573387146e-02 2.262472262373194098e-04 5.736101884394884109e-03 1.354507915675640106e-02 1.209765020757913589e-02 1.381315663456916809e-02 4.234068840742111206e-02 2.804267778992652893e-02 4.558740765787661076e-04 2.153836004436016083e-02 6.133451592177152634e-03 7.718720287084579468e-02 1.102720573544502258e-01 1.562901586294174194e-02 3.976576030254364014e-02 2.451056800782680511e-02 5.672625266015529633e-03 6.914508063346147537e-03 2.825243398547172546e-02 2.525335177779197693e-02 5.108790937811136246e-03 2.677934803068637848e-02 2.847761102020740509e-02 3.883526474237442017e-02 3.036621212959289551e-02 3.749581798911094666e-02 4.670105408877134323e-03 9.071556851267814636e-03 2.840799838304519653e-02 3.728021110873669386e-04 3.055527061223983765e-02 3.682005032896995544e-02 2.733583562076091766e-02 5.965288728475570679e-02 1.559868641197681427e-02 2.058119140565395355e-02 3.005342371761798859e-02 3.323803842067718506e-02 2.003199420869350433e-03 2.201901376247406006e-02 2.759727649390697479e-02 2.123660594224929810e-02 7.185137271881103516e-02 3.716707229614257812e-02 8.126335591077804565e-02 1.055427789688110352e-01 2.078385092318058014e-02 1.051300391554832458e-01 5.051845684647560120e-02 1.584129594266414642e-02 2.025846764445304871e-02 7.768662646412849426e-03 3.544267266988754272e-02 4.736292362213134766e-02 4.658180475234985352e-02 1.089170724153518677e-01 8.216881006956100464e-02 3.351391851902008057e-02 2.920544520020484924e-02 3.570737689733505249e-02 1.875202916562557220e-02 6.991653889417648315e-02 3.396657109260559082e-02 2.948099374771118164e-02 3.999640420079231262e-02 3.820956498384475708e-02 1.101689692586660385e-02 5.183043703436851501e-02 2.418266236782073975e-02 5.484465975314378738e-03 2.965102670714259148e-03 1.121861673891544342e-02 2.198024652898311615e-03 3.956670314073562622e-02 1.795581728219985962e-02 3.058407269418239594e-02 1.537503860890865326e-02 2.972971275448799133e-02 2.354117669165134430e-02 2.398791536688804626e-02 4.502000287175178528e-02 2.263490296900272369e-02 1.630406454205513000e-02 4.812602855963632464e-05 5.395496636629104614e-02 1.384521834552288055e-02 8.838533423840999603e-03 4.114995896816253662e-02 3.743840381503105164e-02
3.024295903742313385e-03 1.821456826291978359e-03 1.505976892076432705e-03 1.980152428150177002e-01 5.520293116569519043e-01 2.214393578469753265e-02 1.187672605738043785e-03 7.315287948586046696e-04 1.210348121821880341e-02 4.289674758911132812e-02 3.476936742663383484e-02 4.939457401633262634e-03 3.576973080635070801e-02 3.251624479889869690e-02 1.908841542899608612e-02 3.471746295690536499e-02 1.298213656991720200e-02 8.866319805383682251e-02 6.536696106195449829e-02 2.194903977215290070e-02 3.285722434520721436e-02 9.780943393707275391e-03 3.033981658518314362e-02 2.658471651375293732e-02 1.268470846116542816e-02 1.465745549649000168e-02 2.325198054313659668e-02 3.441315144300460815e-02 2.943050861358642578e-02 8.084248751401901245e-03 4.004158079624176025e-02 7.958282716572284698e-03 1.393645256757736206e-02 2.918771281838417053e-02 2.538958564400672913e-02 1.679508946835994720e-02 2.770915068686008453e-02 8.959460072219371796e-03 8.164275437593460083e-02 1.296340674161911011e-01 6.669071502983570099e-03 1.537321228533983231e-02 8.921734988689422607e-03 4.080731421709060669e-02 1.350034872302785516e-04 3.758756443858146667e-02 3.194586932659149170e-02 2.277994528412818909e-02 4.390304908156394958e-02 2.154788002371788025e-02 2.956131473183631897e-02 8.349551819264888763e-03 3.481248393654823303e-02 2.641605958342552185e-02 2.956155687570571899e-02 4.201282560825347900e-02 3.704530419781804085e-03 3.909419849514961243e-02 1.932374387979507446e-02 3.971311077475547791e-02 5.815050750970840454e-02 2.237374335527420044e-02 6.206060294061899185e-03 3.308059647679328918e-02 5.919856950640678406e-02 8.229422383010387421e-03 1.280099153518676758e-02 3.492150455713272095e-02 2.874033525586128235e-02 4.595804214477539062e-02 5.828186497092247009e-02 6.170973926782608032e-02 1.003827303647994995e-01 1.522093429230153561e-03 1.259928196668624878e-01 3.463722765445709229e-02 6.366869900375604630e-03 2.721663378179073334e-02 5.973345134407281876e-03 5.821541417390108109e-03 1.211571507155895233e-02 2.908590808510780334e-02 1.197801902890205383e-01 9.519680589437484741e-02 3.122309781610965729e-02 3.322425484657287598e-02 3.899139165878295898e-02 5.433869082480669022e-03 5.015270411968231201e-02 7.165802270174026489e-02 3.942950442433357239e-02 4.565015062689781189e-02 3.828670084476470947e-02 1.415639743208885193e-02 7.698493450880050659e-02 3.016025014221668243e-02 1.525607425719499588e-02 2.412496507167816162e-02 7.770732045173645020e-03 3.020676597952842712e-02 4.689142107963562012e-02 2.747307345271110535e-02 3.080776520073413849e-02 1.427385490387678146e-02 4.818381369113922119e-02 1.403733808547258377e-02 2.744107320904731750e-02 1.481651887297630310e-02 4.149215295910835266e-02 4.090989008545875549e-02 3.626968711614608765e-02 1.138596516102552414e-02 3.178635239601135254e-02 2.350093983113765717e-02 3.937542065978050232e-02 3.283580881543457508e-04
9.674049168825149536e-02 7.859302312135696411e-02 7.554322364740073681e-04 1.230644714087247849e-02 2.214393578469753265e-02 5.548966526985168457e-01 1.336336284875869751e-01 3.290897933766245842e-03 3.251944109797477722e-02 2.433478832244873047e-02 7.838553935289382935e-02 1.677074655890464783e-02 7.399472594261169434e-02 5.810633674263954163e-02 1.816564612090587616e-02 4.129650816321372986e-02 3.888021036982536316e-02 2.596221305429935455e-02 1.468027569353580475e-02 2.878098189830780029e-02 2.910502068698406219e-02 2.440704964101314545e-02 2.111077494919300079e-02 2.307379059493541718e-02 5.861318670213222504e-03 2.226633392274379730e-02 1.096495054662227631e-02 1.635370217263698578e-02 5.320176482200622559e-02 4.305948968976736069e-03 1.574019086547195911e-03 3.005415759980678558e-02 3.488397598266601562e-02 3.501585917547345161e-03 3.544703871011734009e-02 2.494469843804836273e-02 6.170824170112609863e-03 1.502479519695043564e-02 3.749792277812957764e-02 4.936468787491321564e-03 2.686620317399501801e-02 1.936272904276847839e-02 2.452343143522739410e-02 2.184400148689746857e-02 4.190668463706970215e-02 3.739666193723678589e-02 1.322900205850601196e-01 4.731048271059989929e-02 1.086816191673278809e-02 5.450199241749942303e-04 4.135600849986076355e-02 3.181214258074760437e-02 4.455733299255371094e-02 1.223251130431890488e-02 2.454106137156486511e-02 3.933826461434364319e-02 1.984553597867488861e-02 1.754271425306797028e-02 1.909415423870086670e-02 2.302626706659793854e-02 1.881479285657405853e-02 4.579704627394676208e-02 3.326489031314849854e-02 1.575923338532447815e-02 3.867667913436889648e-02 7.009706925600767136e-03 4.248054698109626770e-03 1.574892178177833557e-02 2.097445912659168243e-02 3.259520232677459717e-02 1.881182752549648285e-02 1.948226988315582275e-02 1.008683163672685623e-02 3.698242083191871643e-02 1.527122454717755318e-03 2.745310775935649872e-02 2.314283512532711029e-02 4.241492599248886108e-02 1.173048163764178753e-03 1.415323559194803238e-02 2.626516157761216164e-03 1.194382738322019577e-02 4.595004022121429443e-02 1.776460558176040649e-02 6.550103425979614258e-03 9.076387621462345123e-03 1.376670226454734802e-02 2.752744033932685852e-02 3.232228383421897888e-02 4.871088080108165741e-03 7.981070876121520996e-02 3.910499066114425659e-02 5.051366984844207764e-02 2.670442918315529823e-03 5.165247246623039246e-03 2.590707270428538322e-03 3.853683546185493469e-02 3.978009626735001802e-04 4.665819555521011353e-02 4.225800186395645142e-02 4.947184026241302490e-02 2.419924736022949219e-02 4.060197994112968445e-02 2.853918448090553284e-02 2.730712760239839554e-03 3.971566259860992432e-02 1.963990181684494019e-02 3.910243883728981018e-02 1.433791220188140869e-02 1.554933469742536545e-02 1.704710535705089569e-02 2.013375982642173767e-02 2.470702398568391800e-03 1.756724715232849121e-02 2.083464991301298141e-03 2.838134765625000000e-02
6.252479553222656250e-02 7.454220950603485107e-02 1.100875064730644226e-02 1.388738304376602173e-02 1.187672605738043785e-03 1.336336284875869751e-01 5.559669733047485352e-01 2.566327527165412903e-02 4.726030677556991577e-02 1.645682007074356079e-02 6.523137539625167847e-02 3.988904505968093872e-02 9.545706212520599365e-02 5.329582467675209045e-02 2.660995349287986755e-02 4.567797482013702393e-02 4.388035461306571960e-02 5.271576344966888428e-02 2.837356179952621460e-02 4.585741087794303894e-02 8.912756107747554779e-03 3.154852427542209625e-03 3.413019701838493347e-02 3.807371482253074646e-02 1.513922121375799179e-02 7.643954362720251083e-03 5.008981563150882721e-03 2.215593494474887848e-02 1.166819687932729721e-02 1.652488671243190765e-02 2.619786560535430908e-02 3.030650690197944641e-02 3.386928141117095947e-02 7.161313667893409729e-03 4.441301897168159485e-02 8.690844289958477020e-03 9.047881700098514557e-03 3.227709326893091202e-03 3.160311281681060791e-02 2.209329977631568909e-03 4.911244660615921021e-02 1.860245130956172943e-02 9.096442721784114838e-03 4.162186384201049805e-02 2.852321788668632507e-02 3.790426999330520630e-02 1.190610006451606750e-01 1.131342202425003052e-01 8.828255347907543182e-03 1.392322313040494919e-02 1.878659613430500031e-02 1.158073078840970993e-02 1.803175918757915497e-02 3.958190605044364929e-02 1.774510741233825684e-02 3.921450302004814148e-02 4.283651709556579590e-02 2.057587355375289917e-02 2.254124172031879425e-02 4.011676833033561707e-02 2.392770024016499519e-03 2.776145190000534058e-02 3.664748743176460266e-02 2.924723923206329346e-02 4.250160232186317444e-02 4.951277002692222595e-02 1.229419652372598648e-02 1.822483539581298828e-02 9.999242611229419708e-03 2.710878290235996246e-02 2.489625709131360054e-03 1.508050132542848587e-02 5.040762200951576233e-02 1.476819999516010284e-02 1.004399824887514114e-02 2.517838496714830399e-03 7.129753794288262725e-05 3.168682754039764404e-02 1.776325330138206482e-02 1.017205882817506790e-02 1.344982534646987915e-02 1.969391107559204102e-02 3.454340994358062744e-02 2.367135882377624512e-02 4.478957271203398705e-04 9.564945474267005920e-03 2.719365060329437256e-02 1.793748699128627777e-02 1.056951843202114105e-02 3.816223703324794769e-03 8.832190930843353271e-02 3.084631450474262238e-02 1.003982499241828918e-01 8.958221878856420517e-04 1.498398929834365845e-02 5.447357427328824997e-03 7.685923483222723007e-03 3.329348936676979065e-02 4.514164850115776062e-02 2.966077625751495361e-02 5.423596873879432678e-02 3.405150026082992554e-02 2.462627366185188293e-02 9.608468972146511078e-03 2.159587666392326355e-02 1.754441298544406891e-02 2.120280638337135315e-02 3.370786085724830627e-02 2.294906973838806152e-02 1.253190566785633564e-03 2.042456530034542084e-02 3.955467045307159424e-02 8.057012222707271576e-03 7.742034271359443665e-03 3.495020791888237000e-03 2.650488913059234619e-02
3.200941020622849464e-03 6.073194555938243866e-03 1.149278283119201660e-01 4.345174878835678101e-02 7.315287948586046696e-04 3.290897933766245842e-03 2.566327527165412903e-02 5.459537506103515625e-01 2.930309996008872986e-02 2.580115385353565216e-02 8.389942348003387451e-03 3.641447797417640686e-02 9.621344506740570068e-03 2.409414388239383698e-02 3.783553838729858398e-02 2.886176109313964844e-02 4.614467918872833252e-02 3.663929924368858337e-02 2.104502357542514801e-02 1.181379146873950958e-02 1.322101149708032608e-02 2.670288644731044769e-02 4.735418781638145447e-02 1.939606294035911560e-02 1.139543578028678894e-02 1.469453796744346619e-03 3.068270720541477203e-02 3.893207386136054993e-02 1.973995566368103027e-02 9.734037332236766815e-03 2.286568097770214081e-02 2.879829332232475281e-02 2.870047278702259064e-02 4.786395467817783356e-03 1.995885930955410004e-02 1.698465645313262939e-02 8.853661827743053436e-03 2.398121915757656097e-02 8.101397193968296051e-03 2.257922431454062462e-03 4.021820798516273499e-02 1.385918166488409042e-02 1.607196987606585026e-03 6.356131285429000854e-02 1.291950885206460953e-02 2.054698392748832703e-02 5.036127287894487381e-03 2.073565497994422913e-02 3.186906129121780396e-02 2.017664723098278046e-02 2.689575217664241791e-02 3.077335096895694733e-02 2.306400239467620850e-02 3.959769755601882935e-02 3.852488100528717041e-02 2.160869538784027100e-02 2.202392183244228363e-02 1.142133958637714386e-02 4.598908498883247375e-02 3.412823379039764404e-02 3.828715905547142029e-02 3.495174646377563477e-02 4.734841361641883850e-02 2.433520369231700897e-02 2.314386703073978424e-02 2.980750054121017456e-02 4.329995717853307724e-03 1.265459321439266205e-02 3.785240650177001953e-02 2.923765778541564941e-02 2.669019065797328949e-02 1.063023519236594439e-04 4.936723411083221436e-02 8.353559300303459167e-03 5.112044978886842728e-03 4.818890243768692017e-02 1.449292991310358047e-02 1.410167943686246872e-02 1.559321675449609756e-02 2.159031294286251068e-02 9.800513088703155518e-02 8.505938947200775146e-02 4.090778529644012451e-02 2.446294948458671570e-02 3.341726493090391159e-03 5.709434393793344498e-03 5.303854495286941528e-02 4.867241159081459045e-02 1.703647151589393616e-02 3.165678307414054871e-02 1.910948427394032478e-03 1.439269818365573883e-02 1.342539023607969284e-02 2.290736697614192963e-02 1.247874367982149124e-02 4.043660312891006470e-02 3.483894839882850647e-02 9.114393964409828186e-03 1.202636118978261948e-02 2.266075927764177322e-03 4.390310030430555344e-03 1.407194789499044418e-02 1.611433178186416626e-02 5.101964622735977173e-02 2.191811800003051758e-02 4.072304349392652512e-03 3.637599945068359375e-02 2.534054219722747803e-02 8.539943024516105652e-03 3.564051538705825806e-02 3.605696139857172966e-03 1.200745347887277603e-03 6.964167114347219467e-03 5.958016030490398407e-03 3.189399465918540955e-02 3.000338794663548470e-03
3.233034163713455200e-02 5.845584440976381302e-03 4.133682698011398315e-03 8.085439912974834442e-03 1.210348121821880341e-02 3.251944109797477722e-02 4.726030677556991577e-02 2.930309996008872986e-02 5.469692349433898926e-01 4.141451418399810791e-02 3.060818836092948914e-02 4.653067141771316528e-02 4.395628347992897034e-02 1.062271464616060257e-02 1.614601165056228638e-02 5.773130059242248535e-02 1.915150694549083710e-02 2.402779087424278259e-02 1.484779454767704010e-02 2.957227081060409546e-02 4.938413947820663452e-02 3.937229514122009277e-02 6.032619625329971313e-02 2.191406115889549255e-02 3.854870423674583435e-02 1.156450062990188599e-02 4.515292122960090637e-02 5.048003047704696655e-02 1.286735199391841888e-02 4.959248472005128860e-03 6.207262631505727768e-03 2.961838152259588242e-03 2.253134921193122864e-02 2.900997921824455261e-02 3.479304164648056030e-02 2.993501257151365280e-03 3.822695836424827576e-02 3.001606278121471405e-02 5.437487736344337463e-02 6.720523349940776825e-03 3.485464304685592651e-02 3.636838495731353760e-02 4.494948312640190125e-02 1.895608752965927124e-02 4.427064582705497742e-02 2.798418747261166573e-03 3.240012750029563904e-02 4.162553325295448303e-02 9.713251143693923950e-02 1.980469003319740295e-02 4.066003113985061646e-02 3.289137408137321472e-02 2.143517881631851196e-02 3.408101573586463928e-02 1.131419762969017029e-01 3.280488029122352600e-02 5.115739535540342331e-03 8.252224884927272797e-03 1.454808935523033142e-02 2.439143508672714233e-02 1.676038093864917755e-02 2.552385441958904266e-02 2.723563276231288910e-02 4.145493358373641968e-02 2.173778228461742401e-02 3.605997562408447266e-02 2.348926477134227753e-02 4.563579708337783813e-02 6.942676752805709839e-02 3.695043921470642090e-02 4.242091625928878784e-02 2.286087349057197571e-02 2.781092934310436249e-02 4.512197896838188171e-02 2.328800503164529800e-03 1.590004377067089081e-02 1.128248199820518494e-01 3.283300250768661499e-02 1.013803780078887939e-01 1.581171527504920959e-02 1.729801669716835022e-02 2.160374075174331665e-02 1.296936813741922379e-02 3.573773894459009171e-03 1.134616229683160782e-02 3.570693312212824821e-03 5.308344587683677673e-02 3.128571808338165283e-02 4.196631535887718201e-02 3.385997563600540161e-02 2.684360742568969727e-02 3.116204217076301575e-02 3.613071516156196594e-02 3.630721941590309143e-02 2.409872226417064667e-02 7.636510301381349564e-03 7.752767298370599747e-03 2.203111164271831512e-02 1.323599647730588913e-02 5.053795501589775085e-02 2.614301629364490509e-02 3.547815233469009399e-02 2.424392476677894592e-02 4.183624684810638428e-02 3.095671720802783966e-02 3.597215563058853149e-02 2.100173942744731903e-02 2.175280265510082245e-02 2.266391739249229431e-02 4.545017145574092865e-03 1.831941306591033936e-02 3.226295858621597290e-02 6.177353789098560810e-04 3.740607947111129761e-02 7.806484587490558624e-03 3.062319010496139526e-02
1.992207765579223633e-02 1.776400022208690643e-02 7.502202875912189484e-03 5.021349713206291199e-02 4.289674758911132812e-02 2.433478832244873047e-02 1.645682007074356079e-02 2.580115385353565216e-02 4.141451418399810791e-02 5.489885210990905762e-01 2.198423445224761963e-02 8.401157334446907043e-03 2.228872478008270264e-02 5.768016725778579712e-02 9.432773105800151825e-03 1.147973164916038513e-02 3.318111971020698547e-02 4.846089333295822144e-02 5.264655128121376038e-02 2.180789224803447723e-02 3.479281067848205566e-02 3.190885856747627258e-02 2.579890750348567963e-02 5.299612879753112793e-02 2.533428929746150970e-02 1.827232353389263153e-02 3.367700800299644470e-02 8.791749714873731136e-04 2.116973698139190674e-02 3.050627419725060463e-03 4.193048924207687378e-03 2.637207880616188049e-02 2.002427540719509125e-02 9.239243227057158947e-04 3.476499393582344055e-02 6.775199901312589645e-03 3.045795112848281860e-02 3.648110479116439819e-02 1.240309886634349823e-02 2.489534206688404083e-02 2.088020928204059601e-02 1.029003225266933441e-02 5.999973043799400330e-03 3.695344924926757812e-02 9.457368403673171997e-03 3.697823733091354370e-02 1.042672526091337204e-02 4.044167324900627136e-02 1.531901024281978607e-02 8.424669504165649414e-02 1.392798498272895813e-02 3.598961606621742249e-02 6.120604462921619415e-03 4.129638150334358215e-02 4.302214458584785461e-02 9.028504043817520142e-02 7.220374885946512222e-03 1.686250790953636169e-02 2.510879561305046082e-02 2.623540163040161133e-02 2.274735085666179657e-02 8.707829751074314117e-03 3.093003295361995697e-03 1.105977687984704971e-02 2.458618395030498505e-02 1.819669082760810852e-02 1.130445208400487900e-02 2.186041139066219330e-02 4.883189499378204346e-02 9.421906433999538422e-03 6.470005214214324951e-02 1.927967555820941925e-02 4.577384144067764282e-02 1.429220568388700485e-02 1.576747046783566475e-03 3.699808940291404724e-02 1.262773480266332626e-02 8.866705000400543213e-02 3.671091422438621521e-02 7.273437827825546265e-02 1.733834296464920044e-02 4.158579185605049133e-02 4.578592255711555481e-02 2.998783998191356659e-02 2.329986076802015305e-03 9.194347076117992401e-03 2.282163128256797791e-02 4.582490399479866028e-02 4.829959012567996979e-03 4.574879258871078491e-02 1.224921178072690964e-02 5.164235085248947144e-02 4.407709464430809021e-02 7.482429966330528259e-03 3.408368304371833801e-02 2.318602800369262695e-02 2.461887151002883911e-02 1.381442509591579437e-02 2.594556892290711403e-03 1.395666599273681641e-02 1.990075968205928802e-02 3.338514640927314758e-02 2.393248118460178375e-02 2.652401663362979889e-02 1.473930664360523224e-02 1.637285575270652771e-02 1.140424702316522598e-02 9.808933362364768982e-03 1.321250922046601772e-03 5.215867422521114349e-03 1.095765084028244019e-02 2.176045626401901245e-02 1.051181647926568985e-02 2.877110429108142853e-02 1.207662047818303108e-03 1.283410936594009399e-02
1.121889725327491760e-01 8.840771764516830444e-02 2.180763334035873413e-02 4.320003092288970947e-02 3.476936742663383484e-02 7.838553935289382935e-02 6.523137539625167847e-02 8.389942348003387451e-03 3.060818836092948914e-02 2.198423445224761963e-02 5.586350560188293457e-01 6.840201560407876968e-03 9.256218373775482178e-02 1.807061210274696350e-02 1.384530775249004364e-02 2.912532351911067963e-02 3.735155239701271057e-02 1.313837710767984390e-02 1.902823685668408871e-03 2.573083341121673584e-02 2.481078170239925385e-02 1.079432200640439987e-02 2.929127216339111328e-02 2.981617487967014313e-02 2.696708077564835548e-03 6.435516290366649628e-03 7.628032471984624863e-03 1.863886974751949310e-02 5.073792859911918640e-02 2.449582889676094055e-02 3.942947369068861008e-03 2.875951118767261505e-02 4.487740248441696167e-02 1.260694488883018494e-02 7.183589041233062744e-03 6.992901675403118134e-03 2.306714095175266266e-02 4.622243810445070267e-03 3.788146376609802246e-02 2.324343658983707428e-02 1.480192877352237701e-02 1.713360473513603210e-02 1.733463630080223083e-02 1.417742669582366943e-02 1.238894090056419373e-02 1.576658338308334351e-02 5.565601214766502380e-02 5.316914990544319153e-02 2.362213470041751862e-02 2.469909959472715855e-04 4.053498804569244385e-02 2.969167381525039673e-02 6.801919545978307724e-03 1.786129362881183624e-02 7.256384007632732391e-03 1.931964792311191559e-02 1.604803279042243958e-02 3.405265137553215027e-02 2.192629501223564148e-02 4.452052991837263107e-03 1.977929286658763885e-02 1.661184988915920258e-02 6.435796618461608887e-03 2.857197821140289307e-02 7.757376879453659058e-02 4.427246749401092529e-02 3.749282332137227058e-04 1.529494184069335461e-03 4.609020799398422241e-02 2.861816994845867157e-02 3.828249126672744751e-02 3.591112047433853149e-02 1.833466812968254089e-02 2.153670787811279297e-02 2.129689604043960571e-02 9.394184686243534088e-03 3.884499892592430115e-02 3.589477390050888062e-02 1.684533432126045227e-03 8.246977813541889191e-03 2.586312824860215187e-03 1.331242360174655914e-02 3.100019879639148712e-02 1.226991973817348480e-02 3.214097348973155022e-03 1.656257547438144684e-02 1.288991328328847885e-02 2.193336933851242065e-02 3.698599338531494141e-02 1.483287662267684937e-02 8.582617342472076416e-02 2.808064222335815430e-02 7.278084754943847656e-02 4.446644801646471024e-03 5.237568914890289307e-02 1.020747981965541840e-02 2.252702787518501282e-02 1.277917344123125076e-02 2.105379104614257812e-02 2.658127434551715851e-02 3.520369157195091248e-02 1.980368979275226593e-02 1.270694192498922348e-02 4.251079633831977844e-02 2.859621308743953705e-02 3.761278465390205383e-02 2.124910987913608551e-02 1.277590636163949966e-02 5.767151713371276855e-03 3.085441701114177704e-02 3.356768190860748291e-02 3.168613091111183167e-02 2.620656415820121765e-02 2.996303513646125793e-02 1.143400557339191437e-02 1.589158736169338226e-02
7.226508576422929764e-03 3.286807984113693237e-02 1.379393786191940308e-02 2.276871353387832642e-03 4.939457401633262634e-03 1.677074655890464783e-02 3.988904505968093872e-02 3.641447797417640686e-02 4.653067141771316528e-02 8.401157334446907043e-03 6.840201560407876968e-03 5.334661602973937988e-01 8.359703235328197479e-03 2.239038348197937012e-01 2.399272471666336060e-02 2.111192606389522552e-02 1.320300251245498657e-02 4.463476315140724182e-02 1.789801008999347687e-02 5.405996344052255154e-04 1.734435930848121643e-02 2.852079644799232483e-02 1.318509597331285477e-02 2.592188864946365356e-02 1.133453566581010818e-02 4.003117233514785767e-02 5.708587705157697201e-04 9.532246738672256470e-02 3.927939571440219879e-03 1.150207817554473877e-01 1.094621345400810242e-01 6.129682064056396484e-03 2.734148874878883362e-02 2.623659186065196991e-02 3.860545530915260315e-02 2.503264136612415314e-02 2.626906149089336395e-02 2.474722266197204590e-02 1.248163077980279922e-02 3.234220296144485474e-02 3.085350058972835541e-02 1.699982956051826477e-02 3.150425106287002563e-02 5.633431021124124527e-03 2.679008617997169495e-02 9.926686063408851624e-03 2.996116504073143005e-02 6.573852151632308960e-03 2.095736935734748840e-02 3.547178953886032104e-02 2.271061390638351440e-02 4.764193668961524963e-02 1.997319515794515610e-03 1.742550171911716461e-02 4.537050798535346985e-02 2.818510681390762329e-02 2.066207583993673325e-03 2.343454584479331970e-02 8.652525953948497772e-03 2.143161743879318237e-02 5.488614737987518311e-02 4.447114840149879456e-02 3.983182460069656372e-02 1.571413129568099976e-02 7.341980468481779099e-03 1.800455525517463684e-02 1.853424869477748871e-02 2.549280785024166107e-02 3.831193596124649048e-02 1.778857223689556122e-02 3.817784413695335388e-02 3.057960420846939087e-02 3.967858478426933289e-02 5.702968314290046692e-02 3.300386667251586914e-02 3.346659243106842041e-02 1.752957329154014587e-02 4.855670966207981110e-03 3.178134933114051819e-02 9.166473522782325745e-03 3.833292052149772644e-02 3.867577761411666870e-02 4.251819103956222534e-02 5.321542732417583466e-03 4.543818533420562744e-02 4.348251596093177795e-02 4.021544009447097778e-02 3.326226770877838135e-02 7.005358487367630005e-02 1.009819135069847107e-01 3.830475732684135437e-02 4.404968023300170898e-02 3.150724247097969055e-02 6.702492479234933853e-03 2.213537134230136871e-02 2.273413538932800293e-02 3.832075744867324829e-02 2.093316987156867981e-03 1.344749121926724911e-03 3.380869328975677490e-02 8.074093610048294067e-03 1.635194942355155945e-02 1.135390065610408783e-02 3.018133342266082764e-02 3.503645956516265869e-02 5.849487148225307465e-03 1.280182041227817535e-02 4.563663899898529053e-02 1.229794323444366455e-02 3.442627936601638794e-02 1.891442202031612396e-02 1.660729572176933289e-02 4.100060090422630310e-02 2.233399776741862297e-03 4.244511947035789490e-02 3.715652972459793091e-02
8.589427173137664795e-02 8.954887092113494873e-02 4.583081603050231934e-02 4.582333192229270935e-02 3.576973080635070801e-02 7.399472594261169434e-02 9.545706212520599365e-02 9.621344506740570068e-03 4.395628347992897034e-02 2.228872478008270264e-02 9.256218373775482178e-02 8.359703235328197479e-03 5.617194771766662598e-01 9.203847497701644897e-03 5.198237951844930649e-03 9.740643203258514404e-03 2.118515223264694214e-02 4.659712431021034718e-04 1.344850193709135056e-02 3.906529396772384644e-02 6.969440262764692307e-03 2.132914960384368896e-02 1.078167092055082321e-02 3.156170994043350220e-02 8.944804780185222626e-03 1.485318038612604141e-02 8.996120654046535492e-03 1.097266562283039093e-02 3.139892965555191040e-02 9.945441968739032745e-03 8.352673612534999847e-03 4.538406431674957275e-02 3.170610964298248291e-02 5.869882646948099136e-03 2.310844883322715759e-02 3.411174053326249123e-03 2.597219683229923248e-02 1.508932095021009445e-02 2.348034828901290894e-02 2.623675158247351646e-03 7.401218172162771225e-03 1.846198923885822296e-02 5.760783096775412560e-05 1.134447008371353149e-02 2.396322041749954224e-02 3.753361850976943970e-02 7.172288745641708374e-02 1.051740199327468872e-01 1.619214750826358795e-02 7.092889863997697830e-04 4.611233621835708618e-02 4.713760688900947571e-02 3.726584091782569885e-02 1.906608790159225464e-02 1.419494021683931351e-02 4.333962872624397278e-02 4.858738183975219727e-02 4.700804501771926880e-02 1.704554073512554169e-02 4.484491422772407532e-02 4.063016548752784729e-02 4.615071788430213928e-02 4.573659040033817291e-03 3.946477547287940979e-02 3.919605165719985962e-02 6.876540184020996094e-02 1.866518147289752960e-02 3.032878739759325981e-04 7.580305449664592743e-03 2.340640500187873840e-02 2.010485157370567322e-02 4.625194519758224487e-02 3.276162594556808472e-02 3.041908517479896545e-02 4.264264833182096481e-03 9.477794170379638672e-03 5.706177558749914169e-03 4.312568530440330505e-02 1.347411703318357468e-02 2.152578160166740417e-02 6.775491405278444290e-03 4.655327647924423218e-03 4.304266721010208130e-02 2.456692047417163849e-02 1.346829906105995178e-02 1.413384824991226196e-02 1.075073517858982086e-02 1.627835258841514587e-02 2.756656706333160400e-02 2.617960609495639801e-02 7.946172356605529785e-02 3.569562733173370361e-02 9.364560991525650024e-02 3.537914529442787170e-02 3.033435903489589691e-02 5.398353561758995056e-03 1.112966798245906830e-02 2.856670692563056946e-02 4.573390632867813110e-02 4.605777189135551453e-02 4.885979741811752319e-02 4.808050394058227539e-02 7.002318277955055237e-03 1.732348650693893433e-02 4.377852752804756165e-02 5.747249349951744080e-03 2.546969056129455566e-02 4.023734852671623230e-02 4.240773618221282959e-02 2.176329120993614197e-02 3.156767413020133972e-02 2.337620779871940613e-02 9.978517889976501465e-03 6.860603112727403641e-03 2.681142464280128479e-02 2.704206481575965881e-02
