4.411640465259552002e-01 1.721024811267852783e-01 1.716867648065090179e-02 9.414566680788993835e-03 5.055571347475051880e-02 1.513569355010986328e-01 9.649349004030227661e-02 3.904747962951660156e-02 1.045271568000316620e-02 1.195429242216050625e-03 1.319137662649154663e-01 2.823031682055443525e-04 5.042601749300956726e-02 3.830811753869056702e-02 4.219154641032218933e-02 3.312739729881286621e-02 4.311293363571166992e-02 1.482993480749428272e-03 1.175815332680940628e-02 2.869924716651439667e-02 4.597263783216476440e-02 6.156423129141330719e-03 6.393758114427328110e-03 5.322063341736793518e-03 2.713795052841305733e-03 2.549496712163090706e-03 1.377809792757034302e-03 2.371852658689022064e-02 6.059332564473152161e-02 3.218694403767585754e-02 5.324462801218032837e-02 1.503768935799598694e-02 2.476242743432521820e-02 2.392057888209819794e-02 7.872472703456878662e-02 2.392021752893924713e-02 8.210287429392337799e-03 2.896823734045028687e-02 1.602604798972606659e-02 2.157232351601123810e-02 1.842845231294631958e-02 3.265076130628585815e-02 6.260772352106869221e-05 1.823935745051130652e-04 5.402605049312114716e-03 3.115780465304851532e-02 7.529347389936447144e-02 3.743776306509971619e-02 4.317831248044967651e-02 3.971822932362556458e-02 3.774122148752212524e-02 3.097392618656158447e-02 2.048899605870246887e-02 3.613150445744395256e-03 3.785681352019309998e-02 2.996712550520896912e-02 1.568034105002880096e-02 2.055989392101764679e-02 2.460721880197525024e-03 4.344483092427253723e-02 7.898085750639438629e-03 1.477526128292083740e-02 1.364863291382789612e-02 3.091051429510116577e-02 4.561495035886764526e-02 3.210432082414627075e-02 7.030241657048463821e-03 4.101143777370452881e-02 1.138486992567777634e-02 4.990126565098762512e-02 4.868040792644023895e-03 5.184324830770492554e-02 3.099219873547554016e-03 4.618746042251586914e-02 4.736287891864776611e-02 1.111641526222229004e-02 3.215147415176033974e-03 2.716266736388206482e-02 3.151522204279899597e-02 1.985904574394226074e-02 9.278555400669574738e-03 9.712843224406242371e-03 1.404129341244697571e-02 3.972423076629638672e-02 1.370547153055667877e-02 1.879807375371456146e-02 1.133928727358579636e-02 1.220660377293825150e-02 1.593948528170585632e-02 3.107280842959880829e-02 4.106375947594642639e-02 2.012705802917480469e-02 3.253278508782386780e-02 4.710992053151130676e-02 1.113553717732429504e-02 3.862631693482398987e-02 1.759911887347698212e-02 2.062892913818359375e-02 1.903064548969268799e-02 2.556770667433738708e-02 4.796786233782768250e-03 1.689987815916538239e-02 1.288743782788515091e-02 1.747140474617481232e-02 7.483096123905852437e-05 3.416446503251791000e-03 1.372467447072267532e-02 3.772598877549171448e-02 2.692458033561706543e-02 4.443028941750526428e-02 3.636457771062850952e-02 4.507186636328697205e-02 3.395500779151916504e-02 3.758556023240089417e-02 2.551082894206047058e-02 2.896527014672756195e-02
1.721024811267852783e-01 4.505866467952728271e-01 1.790102943778038025e-02 1.042618323117494583e-02 7.195079233497381210e-03 9.691811283119022846e-04 1.195047199726104736e-01 9.215967729687690735e-03 6.463875528424978256e-03 3.279434144496917725e-02 8.052842319011688232e-02 1.001205854117870331e-02 1.127866208553314209e-01 1.557821128517389297e-02 1.809292845427989960e-02 2.683523297309875488e-02 2.808899246156215668e-02 1.865494996309280396e-02 8.161012083292007446e-03 2.669870294630527496e-02 2.574605867266654968e-02 9.077831171452999115e-03 4.997367784380912781e-02 4.368985444307327271e-02 1.102666370570659637e-02 1.480846107006072998e-02 1.690519228577613831e-02 4.768337309360504150e-02 2.441762760281562805e-02 4.428724572062492371e-02 1.203697174787521362e-01 4.519262164831161499e-02 4.411013796925544739e-03 4.162255302071571350e-02 2.335782535374164581e-02 4.995571076869964600e-02 3.590984269976615906e-02 1.888854429125785828e-02 9.253753349184989929e-03 3.499679267406463623e-02 4.499867931008338928e-02 2.747472748160362244e-02 2.905499562621116638e-02 1.395840756595134735e-02 1.733001880347728729e-02 5.066887009888887405e-03 1.227357517927885056e-02 1.021570786833763123e-01 2.985278703272342682e-02 2.513733692467212677e-02 3.327406197786331177e-02 1.457689981907606125e-02 2.831841260194778442e-02 4.462250694632530212e-02 9.888940490782260895e-03 2.004954591393470764e-02 4.046469554305076599e-02 2.376070246100425720e-02 3.776745870709419250e-02 4.868544638156890869e-02 3.080099448561668396e-02 3.868057206273078918e-02 3.520342335104942322e-02 2.666184119880199432e-02 2.378413639962673187e-02 3.134501725435256958e-02 2.514089271426200867e-02 3.341856971383094788e-02 1.457946002483367920e-02 1.949578290805220604e-03 3.768024733290076256e-03 3.855869919061660767e-02 1.424226816743612289e-02 2.599585987627506256e-02 1.035636104643344879e-02 3.959099575877189636e-02 2.091996138915419579e-03 4.751208797097206116e-02 2.956555038690567017e-02 4.797880351543426514e-02 3.151928633451461792e-02 1.008458901196718216e-02 4.455355182290077209e-02 1.301650982350111008e-02 1.206839829683303833e-02 4.141852259635925293e-02 4.291601106524467468e-02 5.258453264832496643e-02 2.828138181939721107e-03 3.205157350748777390e-03 1.469267625361680984e-02 2.085185423493385315e-02 5.092484503984451294e-02 4.612990841269493103e-02 3.502536937594413757e-02 1.878467574715614319e-02 3.286725142970681190e-03 4.283622279763221741e-02 3.902826458215713501e-02 1.742296107113361359e-02 6.400185171514749527e-03 3.822199255228042603e-02 3.574464842677116394e-02 4.764401540160179138e-02 6.379580125212669373e-03 3.488666564226150513e-02 2.670247852802276611e-02 1.238389965146780014e-02 4.481318593025207520e-02 6.066860165446996689e-03 7.377666886895895004e-03 5.026294384151697159e-03 4.508424922823905945e-02 4.736266564577817917e-03 3.636800451204180717e-03 1.198933692649006844e-03
1.716867648065090179e-02 1.790102943778038025e-02 4.374549984931945801e-01 1.587990298867225647e-02 2.363216876983642578e-02 4.074410721659660339e-02 2.639280445873737335e-02 1.408154368400573730e-01 1.936995796859264374e-02 3.087140060961246490e-02 1.992090046405792236e-02 4.983807355165481567e-02 1.359119918197393417e-02 4.314129054546356201e-02 3.005032893270254135e-03 4.756823554635047913e-02 4.681510105729103088e-02 2.793664112687110901e-02 6.452401727437973022e-02 2.122228406369686127e-02 7.059727609157562256e-02 3.368331864476203918e-02 2.351677743718028069e-03 3.981463983654975891e-02 2.745538763701915741e-02 2.955081313848495483e-02 4.797061532735824585e-02 3.376539051532745361e-02 3.996853902935981750e-02 4.863942041993141174e-02 2.065474167466163635e-02 5.058121681213378906e-02 3.824276104569435120e-02 7.582801859825849533e-03 4.056659340858459473e-02 3.396919055376201868e-05 1.603981666266918182e-02 4.785593599081039429e-02 2.559885941445827484e-02 7.857251912355422974e-04 1.887622661888599396e-02 4.172593727707862854e-02 4.865171760320663452e-02 2.078597247600555420e-02 4.740686342120170593e-02 1.238632481545209885e-02 3.284084424376487732e-02 3.156180307269096375e-02 4.786187037825584412e-02 3.459596075117588043e-03 3.539971262216567993e-02 2.703550271689891815e-02 7.603430189192295074e-03 4.455645009875297546e-02 3.621743991971015930e-02 5.187616683542728424e-03 6.332907080650329590e-02 7.630650885403156281e-03 1.146293804049491882e-02 4.331156611442565918e-02 3.122502751648426056e-02 2.068252488970756531e-02 3.327764198184013367e-02 4.050649702548980713e-02 3.541479259729385376e-02 2.291395701467990875e-02 1.347157917916774750e-02 2.415339834988117218e-02 1.720181107521057129e-02 1.909626089036464691e-02 5.050702765583992004e-02 3.131776675581932068e-02 2.658014185726642609e-02 2.310803346335887909e-02 5.249482020735740662e-02 7.787665352225303650e-03 4.109452664852142334e-02 2.806143462657928467e-02 8.465934544801712036e-02 2.923302352428436279e-02 4.866010695695877075e-02 1.351012587547302246e-01 2.506530843675136566e-02 2.686085924506187439e-02 4.459624364972114563e-02 1.722480170428752899e-02 4.175937920808792114e-02 7.066961377859115601e-03 2.154403366148471832e-02 1.761227659881114960e-02 2.377977967262268066e-02 4.393238201737403870e-02 1.198006793856620789e-02 2.543929405510425568e-02 4.343114793300628662e-02 4.512952640652656555e-02 4.003560543060302734e-02 1.037680078297853470e-02 4.435569047927856445e-02 5.389970727264881134e-03 4.507453739643096924e-02 4.606999829411506653e-02 2.277408912777900696e-02 2.995308861136436462e-02 5.362121760845184326e-02 2.377009391784667969e-02 3.813646966591477394e-03 3.087035845965147018e-03 1.699769869446754456e-02 2.989928610622882843e-02 1.648500561714172363e-02 9.005988016724586487e-03 4.475006088614463806e-02 4.306003078818321228e-02 8.384446613490581512e-03 4.209566116333007812e-02
9.414566680788993835e-03 1.042618323117494583e-02 1.587990298867225647e-02 4.513578414916992188e-01 9.175031445920467377e-03 2.507480233907699585e-02 5.507041886448860168e-02 3.953158110380172729e-02 3.730675205588340759e-02 1.935189589858055115e-02 4.753562808036804199e-02 4.701679944992065430e-02 4.559800028800964355e-02 2.587039768695831299e-02 1.168498862534761429e-02 2.889274992048740387e-02 5.151026695966720581e-02 1.252992730587720871e-02 3.442897275090217590e-02 1.453212648630142212e-02 3.513167425990104675e-02 1.163891516625881195e-02 2.126849070191383362e-02 1.219053566455841064e-02 3.007119987159967422e-03 3.461751714348793030e-02 1.216591894626617432e-02 2.554076537489891052e-02 2.589276805520057678e-02 2.407808601856231689e-02 2.189953345805406570e-03 3.524807840585708618e-02 2.112820185720920563e-02 3.526575490832328796e-02 1.895093172788619995e-02 1.403966918587684631e-03 3.105346485972404480e-02 3.557515516877174377e-02 1.440296769142150879e-01 3.234530240297317505e-02 8.313080295920372009e-03 1.976214908063411713e-02 5.152404680848121643e-02 2.791199833154678345e-02 1.906705833971500397e-02 3.620674833655357361e-02 2.468481846153736115e-02 9.716993197798728943e-03 3.352326527237892151e-02 5.323465913534164429e-03 1.382793392986059189e-02 2.228257711976766586e-03 1.905410178005695343e-02 2.822551131248474121e-02 4.558543115854263306e-02 1.412493176758289337e-02 2.038883231580257416e-02 5.100518837571144104e-02 2.592745237052440643e-02 3.043770557269454002e-04 5.471378937363624573e-02 7.285613566637039185e-03 2.731280587613582611e-02 3.906258195638656616e-02 2.643808536231517792e-02 8.551372215151786804e-03 4.405999928712844849e-02 3.446223959326744080e-02 1.161198969930410385e-02 1.185566373169422150e-02 2.215504273772239685e-02 2.318028546869754791e-02 8.848786354064941406e-02 4.133663699030876160e-02 5.378444120287895203e-02 2.161301090382039547e-04 1.387017965316772461e-02 3.729114681482315063e-02 4.678775370121002197e-02 3.003396838903427124e-02 2.811646275222301483e-02 4.460784792900085449e-02 6.885907053947448730e-02 1.721355714835226536e-03 2.004633657634258270e-03 4.132239893078804016e-02 3.109316574409604073e-03 7.015076000243425369e-03 2.877224795520305634e-02 2.817944251000881195e-02 4.787407815456390381e-02 1.661138841882348061e-03 3.056696988642215729e-02 4.309545084834098816e-02 2.773117832839488983e-02 2.450998872518539429e-02 2.926306426525115967e-02 2.814540872350335121e-03 4.166355729103088379e-02 4.953446984291076660e-02 1.415089424699544907e-02 2.926545590162277222e-02 3.247022628784179688e-02 6.184539571404457092e-02 4.180714488029479980e-02 2.076134644448757172e-02 4.040661081671714783e-02 1.298880390822887421e-02 1.506139617413282394e-02 5.598352756351232529e-03 1.250841934233903885e-02 7.008827291429042816e-03 1.032951101660728455e-02 1.737399958074092865e-02 3.398338705301284790e-02 3.341961652040481567e-02
5.055571347475051880e-02 7.195079233497381210e-03 2.363216876983642578e-02 9.175031445920467377e-03 4.356963336467742920e-01 2.472111769020557404e-02 4.831844475120306015e-03 3.376680240035057068e-02 3.603911399841308594e-02 5.435192212462425232e-02 3.248585388064384460e-02 5.033667385578155518e-02 4.400832578539848328e-02 6.648189388215541840e-03 1.393861323595046997e-02 1.752592809498310089e-02 2.611584588885307312e-02 4.842481762170791626e-02 6.164775788784027100e-02 1.989439316093921661e-02 2.744998224079608917e-02 3.120017983019351959e-02 3.222690150141716003e-02 4.999301210045814514e-02 1.617248728871345520e-02 2.086733095347881317e-02 7.545261085033416748e-02 4.135963320732116699e-02 1.670200563967227936e-02 1.000673882663249969e-02 1.210784073919057846e-02 3.949088975787162781e-02 4.016908630728721619e-02 2.516631223261356354e-02 5.081911757588386536e-02 1.744732446968555450e-02 4.320991039276123047e-02 4.540853202342987061e-02 3.480450063943862915e-02 1.021504849195480347e-01 5.739180371165275574e-02 1.565398415550589561e-04 4.774269089102745056e-02 4.229048732668161392e-03 1.552868820726871490e-02 1.149007584899663925e-02 9.978161193430423737e-03 3.180467709898948669e-02 4.240087047219276428e-02 5.295289307832717896e-02 1.285104919224977493e-02 4.484749212861061096e-02 1.171014085412025452e-02 7.849759422242641449e-03 4.352511093020439148e-02 4.464318975806236267e-02 5.656075105071067810e-02 3.982163593173027039e-02 2.447438240051269531e-02 2.367326989769935608e-02 7.108029443770647049e-03 1.232613576576113701e-03 4.178228229284286499e-02 2.587939612567424774e-02 1.263740472495555878e-03 3.569698333740234375e-02 1.235804636962711811e-03 3.061388991773128510e-02 5.857494473457336426e-02 8.134311996400356293e-03 5.619430914521217346e-02 1.962821930646896362e-02 1.278789993375539780e-02 5.952417105436325073e-02 9.810896217823028564e-02 6.274302024394273758e-03 2.746105007827281952e-02 1.865511387586593628e-02 3.770504891872406006e-02 1.937979832291603088e-02 1.277016848325729370e-02 4.877407103776931763e-02 7.089485879987478256e-03 5.433961376547813416e-02 6.301424931734800339e-03 3.616430610418319702e-02 5.493313446640968323e-02 3.822164237499237061e-02 8.312701247632503510e-03 1.664184033870697021e-02 1.929404027760028839e-02 3.127249702811241150e-02 2.951029501855373383e-02 1.011851988732814789e-02 2.203492633998394012e-02 5.767565220594406128e-02 1.253017783164978027e-02 2.521620690822601318e-02 8.909591473639011383e-03 3.306608879938721657e-03 6.554297171533107758e-03 2.209878154098987579e-02 7.180339191108942032e-03 7.101316004991531372e-02 1.226483937352895737e-02 4.122423380613327026e-02 3.941993415355682373e-02 1.554911211133003235e-02 4.099868237972259521e-02 8.152652531862258911e-03 1.474030036479234695e-02 9.403872303664684296e-03 4.613544326275587082e-03 3.948965668678283691e-02 3.013120032846927643e-02 1.472444040700793266e-03
1.513569355010986328e-01 9.691811283119022846e-04 4.074410721659660339e-02 2.507480233907699585e-02 2.472111769020557404e-02 4.201153218746185303e-01 1.372084319591522217e-01 2.498286543413996696e-03 2.235419675707817078e-02 2.299113199114799500e-03 4.444382339715957642e-02 2.254622429609298706e-02 2.208666503429412842e-02 3.782813251018524170e-02 1.505991723388433456e-02 1.494648959487676620e-02 1.589743606746196747e-02 6.368826143443584442e-03 2.120075747370719910e-03 1.259456668049097061e-02 9.284785017371177673e-03 5.148446932435035706e-02 1.515592302894219756e-04 1.883823983371257782e-02 3.965225070714950562e-02 5.996482912451028824e-03 3.274827823042869568e-02 1.398370694369077682e-02 1.761734858155250549e-02 3.577656298875808716e-02 5.391695722937583923e-02 3.139210119843482971e-02 2.562220580875873566e-02 4.041583463549613953e-02 4.478570073843002319e-02 1.785026676952838898e-02 2.662982046604156494e-02 6.060208659619092941e-03 1.760294847190380096e-02 1.568065769970417023e-02 1.801365613937377930e-02 3.678698465228080750e-02 3.237931802868843079e-02 1.600950956344604492e-02 2.738264389336109161e-03 3.203370422124862671e-02 1.189172714948654175e-01 1.634221524000167847e-02 7.771686185151338577e-03 9.706656448543071747e-03 2.706017717719078064e-02 3.197688236832618713e-02 1.847441680729389191e-02 8.003155235201120377e-04 3.593750763684511185e-03 1.176022086292505264e-02 4.516774043440818787e-02 2.216222509741783142e-02 2.697899378836154938e-02 1.506485044956207275e-03 1.716259680688381195e-02 1.601111888885498047e-02 2.685849554836750031e-02 3.335000574588775635e-02 2.702802792191505432e-02 3.923481330275535583e-02 6.813856773078441620e-03 3.306870907545089722e-02 3.160557942464947701e-03 2.917539328336715698e-03 1.181637030094861984e-02 3.657914325594902039e-02 2.795238420367240906e-02 4.056708130519837141e-04 4.064949229359626770e-02 2.431314671412110329e-03 2.475049532949924469e-02 3.205090761184692383e-02 4.266734793782234192e-02 7.583902031183242798e-02 1.873931847512722015e-02 2.793903648853302002e-02 2.953921072185039520e-02 1.703908480703830719e-02 3.128097951412200928e-02 3.613463416695594788e-02 4.757533222436904907e-02 4.467381536960601807e-02 8.906671777367591858e-03 3.192387893795967102e-02 5.185434594750404358e-02 5.424703657627105713e-02 3.701211512088775635e-02 1.292465347796678543e-02 1.939707994461059570e-02 2.603800594806671143e-02 2.370639145374298096e-02 3.446170315146446228e-02 2.145176380872726440e-02 1.914454041980206966e-04 7.136229542084038258e-04 4.166394844651222229e-02 2.452416531741619110e-02 2.566367760300636292e-02 2.843436971306800842e-02 4.194906726479530334e-02 4.874052479863166809e-03 3.079785779118537903e-02 2.076735906302928925e-02 2.502375468611717224e-02 1.323384512215852737e-02 1.548081822693347931e-02 2.681204862892627716e-02 2.001124247908592224e-02 8.417956531047821045e-03 2.571382094174623489e-03
9.649349004030227661e-02 1.195047199726104736e-01 2.639280445873737335e-02 5.507041886448860168e-02 4.831844475120306015e-03 1.372084319591522217e-01 4.434759616851806641e-01 3.104512207210063934e-02 2.808403223752975464e-02 1.897714845836162567e-02 7.341790944337844849e-02 3.745541721582412720e-02 5.242563411593437195e-02 2.088882029056549072e-02 1.047037355601787567e-02 2.621813490986824036e-02 1.860080473124980927e-02 1.701531186699867249e-02 3.472814336419105530e-02 2.497037872672080994e-02 2.296033315360546112e-02 8.309726603329181671e-03 4.951054230332374573e-02 1.433096453547477722e-02 4.352314025163650513e-02 1.281324308365583420e-02 1.395699474960565567e-02 2.157173864543437958e-02 7.147232536226511002e-03 1.918385736644268036e-02 4.213165864348411560e-02 1.242092344909906387e-02 1.054759230464696884e-02 3.734011203050613403e-02 3.076286055147647858e-02 1.624026335775852203e-02 3.704506903886795044e-02 1.703255623579025269e-02 2.392925880849361420e-02 4.970462527126073837e-03 4.116980731487274170e-02 4.435819387435913086e-02 1.311764353886246681e-03 1.199967972934246063e-02 3.543839231133460999e-02 3.187518566846847534e-03 7.081118971109390259e-02 1.654910892248153687e-01 2.386990003287792206e-02 3.661016002297401428e-02 1.409321650862693787e-02 2.424319088459014893e-02 1.054204883985221386e-03 1.920552738010883331e-02 4.229918122291564941e-02 3.863221034407615662e-02 1.872298493981361389e-02 1.757119223475456238e-02 3.685762733221054077e-02 4.110594838857650757e-02 8.231358602643013000e-03 2.139651216566562653e-02 4.992745071649551392e-02 1.156781706959009171e-02 1.153209246695041656e-02 1.380719989538192749e-02 4.261247813701629639e-02 1.354842213913798332e-03 4.333625361323356628e-02 2.564016543328762054e-02 3.811854496598243713e-02 1.442714873701334000e-02 5.248526483774185181e-02 2.669936046004295349e-03 3.624372556805610657e-02 3.724435716867446899e-02 8.837481029331684113e-03 1.773254573345184326e-02 8.073092321865260601e-04 2.835567807778716087e-03 4.687340557575225830e-02 1.903156936168670654e-02 4.736956208944320679e-02 2.715202793478965759e-02 2.236629463732242584e-02 1.708706840872764587e-02 2.612526528537273407e-02 1.057064998894929886e-02 4.216584563255310059e-02 2.807302772998809814e-02 8.184735663235187531e-03 1.293177343904972076e-02 4.059303179383277893e-02 5.391455441713333130e-02 3.893201053142547607e-02 3.082313016057014465e-02 5.001256242394447327e-02 1.585703156888484955e-02 4.591661691665649414e-02 1.467279344797134399e-02 2.236101776361465454e-02 6.452387664467096329e-03 7.327827159315347672e-03 4.377891495823860168e-02 3.549536317586898804e-02 4.103766381740570068e-02 1.630529947578907013e-02 2.602393552660942078e-02 3.128991276025772095e-02 4.775387421250343323e-02 3.901635110378265381e-02 1.748924143612384796e-02 5.597218871116638184e-03 2.669955836609005928e-03 3.419047966599464417e-02 3.436286747455596924e-02
3.904747962951660156e-02 9.215967729687690735e-03 1.408154368400573730e-01 3.953158110380172729e-02 3.376680240035057068e-02 2.498286543413996696e-03 3.104512207210063934e-02 4.304595589637756348e-01 2.743837423622608185e-02 1.524445717222988605e-03 5.470999330282211304e-02 1.170027256011962891e-02 1.258921436965465546e-02 9.507521055638790131e-03 8.655182272195816040e-02 3.709162399172782898e-02 2.901447936892509460e-02 5.768050905317068100e-03 2.519893646240234375e-02 1.112631522119045258e-02 1.039348989725112915e-01 1.912096887826919556e-02 4.251917079091072083e-02 1.329054962843656540e-02 6.575051695108413696e-03 2.451064437627792358e-02 6.243410520255565643e-03 3.243501484394073486e-02 1.169494818896055222e-02 1.502871140837669373e-02 2.785137854516506195e-02 9.725381620228290558e-03 4.086954146623611450e-02 3.874475136399269104e-02 2.686187438666820526e-02 2.450466342270374298e-02 4.028103500604629517e-02 2.025265246629714966e-02 1.533744018524885178e-02 5.217800661921501160e-02 5.718464497476816177e-03 3.171634301543235779e-02 3.565421095117926598e-03 6.383389979600906372e-02 2.381267771124839783e-02 2.543779276311397552e-02 9.592998772859573364e-03 4.035911709070205688e-02 1.567783951759338379e-02 3.788309544324874878e-02 4.654021561145782471e-02 6.628072354942560196e-03 4.521854221820831299e-03 8.638647384941577911e-03 8.275019936263561249e-03 2.440527826547622681e-02 9.528369642794132233e-03 4.320858512073755264e-03 2.726116776466369629e-02 1.108598988503217697e-02 4.064452275633811951e-02 4.677370190620422363e-02 4.138020798563957214e-02 2.296962775290012360e-03 1.802805624902248383e-02 3.647391870617866516e-02 1.347394473850727081e-02 3.856994584202766418e-02 2.067615278065204620e-03 2.331080846488475800e-02 4.151231050491333008e-02 3.328677266836166382e-02 5.618374794721603394e-02 2.740607783198356628e-02 2.580373547971248627e-02 1.712377765215933323e-03 7.516351528465747833e-03 2.287817187607288361e-02 8.171818219125270844e-03 2.160075679421424866e-02 6.901472806930541992e-02 1.275695413351058960e-01 1.171872299164533615e-02 2.622171305119991302e-02 4.408761113882064819e-02 2.956099808216094971e-02 5.790042504668235779e-02 5.993689224123954773e-02 3.039333596825599670e-02 3.771736472845077515e-02 2.652411581948399544e-03 2.640609256923198700e-02 1.594617776572704315e-02 6.217695772647857666e-02 7.108292542397975922e-03 4.024147614836692810e-02 2.771107293665409088e-02 2.880997583270072937e-02 8.580224588513374329e-03 1.605539210140705109e-02 3.324934467673301697e-02 3.274665400385856628e-02 3.581362217664718628e-02 2.385897375643253326e-02 1.487531233578920364e-02 1.655593328177928925e-02 3.379447013139724731e-02 3.552591428160667419e-03 2.995278686285018921e-02 4.515516385436058044e-02 2.388715744018554688e-02 5.590204149484634399e-02 3.249679878354072571e-02 7.714604958891868591e-03 3.564888983964920044e-02 3.734330832958221436e-02
1.045271568000316620e-02 6.463875528424978256e-03 1.936995796859264374e-02 3.730675205588340759e-02 3.603911399841308594e-02 2.235419675707817078e-02 2.808403223752975464e-02 2.743837423622608185e-02 4.438779056072235107e-01 7.300669699907302856e-02 5.371460691094398499e-02 3.813483193516731262e-02 1.398110948503017426e-02 4.810252413153648376e-02 1.239900104701519012e-02 3.395262733101844788e-02 5.579220503568649292e-02 4.932235181331634521e-02 4.188207164406776428e-02 2.115290798246860504e-02 1.125138904899358749e-02 2.484996989369392395e-02 6.748924497514963150e-03 4.798489436507225037e-02 3.192690387368202209e-02 5.893183499574661255e-02 2.246423438191413879e-02 5.949567630887031555e-02 1.569707319140434265e-02 3.852243826258927584e-04 1.758361980319023132e-02 4.075419157743453979e-02 3.819437325000762939e-02 1.385284028947353363e-02 4.403832927346229553e-02 4.175154492259025574e-02 1.671985909342765808e-02 2.296656556427478790e-02 6.199673935770988464e-02 4.398665204644203186e-02 3.595309704542160034e-02 2.216775342822074890e-02 2.353800088167190552e-02 8.711514063179492950e-03 5.677039176225662231e-02 3.958804532885551453e-02 3.100370801985263824e-02 1.047802716493606567e-02 5.354662612080574036e-02 1.111650490202009678e-03 4.816793650388717651e-02 1.574746705591678619e-02 1.582105644047260284e-02 3.641476482152938843e-02 7.438426464796066284e-02 2.167520858347415924e-02 2.800809405744075775e-02 5.645783245563507080e-02 6.095486227422952652e-03 1.450810022652149200e-02 3.377012908458709717e-02 1.020677387714385986e-02 2.511133253574371338e-02 2.376687154173851013e-02 1.951942569576203823e-03 3.099529817700386047e-02 4.344848170876502991e-02 3.927173465490341187e-02 5.961271747946739197e-02 1.541449036449193954e-02 4.351502284407615662e-02 7.693505380302667618e-03 4.156545177102088928e-02 2.518523484468460083e-02 1.224132720381021500e-02 3.169512003660202026e-02 6.541180610656738281e-02 8.130884170532226562e-02 7.852526032365858555e-04 4.828272014856338501e-02 4.246674850583076477e-02 4.442121088504791260e-02 3.035438247025012970e-02 1.026338897645473480e-03 1.510300580412149429e-02 2.759880572557449341e-02 3.926083818078041077e-02 4.511275142431259155e-02 2.984406985342502594e-02 1.473483629524707794e-02 5.207667872309684753e-02 2.010030299425125122e-02 4.380621761083602905e-02 1.221139170229434967e-02 6.305110640823841095e-03 3.947495669126510620e-02 7.425816729664802551e-03 1.269092666916549206e-03 6.079532206058502197e-03 5.504105985164642334e-02 7.710368372499942780e-04 8.444967679679393768e-03 5.259437859058380127e-02 2.309393323957920074e-02 3.947103396058082581e-02 1.503604277968406677e-02 4.251753911375999451e-03 4.575174674391746521e-02 2.410903573036193848e-02 3.700550273060798645e-02 2.855108119547367096e-02 3.005079366266727448e-02 3.449184820055961609e-02 1.879727840423583984e-02 3.306424710899591446e-03 1.036991830915212631e-02
1.195429242216050625e-03 3.279434144496917725e-02 3.087140060961246490e-02 1.935189589858055115e-02 5.435192212462425232e-02 2.299113199114799500e-03 1.897714845836162567e-02 1.524445717222988605e-03 7.300669699907302856e-02 4.513195753097534180e-01 1.241615321487188339e-02 4.459879547357559204e-02 3.601861000061035156e-02 4.968738928437232971e-02 1.822144910693168640e-02 5.178257077932357788e-02 3.302506357431411743e-02 6.638060789555311203e-03 8.996421843767166138e-02 4.124789312481880188e-02 2.007491327822208405e-02 3.721252083778381348e-02 1.594614237546920776e-02 1.247873622924089432e-02 1.053943578153848648e-02 4.841249063611030579e-02 2.331069111824035645e-02 6.710417568683624268e-02 2.696580253541469574e-02 1.231320109218358994e-02 2.110532717779278755e-03 5.664838105440139771e-02 3.158883005380630493e-02 2.875210344791412354e-02 1.159098278731107712e-02 1.590761169791221619e-02 3.467169590294361115e-03 3.763696551322937012e-02 2.227651327848434448e-02 9.754528291523456573e-03 3.654013201594352722e-02 4.366055130958557129e-02 3.998670727014541626e-03 7.106350269168615341e-03 4.078921303153038025e-02 3.393318131566047668e-02 3.985593467950820923e-02 2.334545552730560303e-02 2.874135971069335938e-02 8.336105942726135254e-02 5.103240907192230225e-02 3.403492644429206848e-02 5.573404207825660706e-02 3.060359321534633636e-02 1.206099055707454681e-02 6.524045765399932861e-02 5.223042890429496765e-02 7.417247444391250610e-02 8.037578314542770386e-03 3.920970857143402100e-02 3.117899224162101746e-02 3.856033086776733398e-02 4.603032022714614868e-02 6.936604622751474380e-03 5.598282441496849060e-02 2.878057211637496948e-02 4.472192004323005676e-02 4.258187115192413330e-02 6.626280397176742554e-02 3.696820698678493500e-03 1.480958424508571625e-02 1.441067177802324295e-02 3.923633694648742676e-02 2.708327770233154297e-02 5.252189561724662781e-02 1.726520247757434845e-02 3.283936530351638794e-02 1.300367563962936401e-01 4.219918325543403625e-02 9.439685940742492676e-02 5.405905190855264664e-03 2.666932344436645508e-02 4.425716400146484375e-02 5.799300596117973328e-02 6.223107129335403442e-02 3.633509576320648193e-02 3.016703389585018158e-02 3.843633830547332764e-02 2.505673468112945557e-02 1.141411885619163513e-01 3.545347135514020920e-03 2.221336401998996735e-02 1.383465714752674103e-02 2.312741056084632874e-02 3.050146810710430145e-02 4.941788688302040100e-02 3.609346225857734680e-02 4.251610860228538513e-02 1.391735952347517014e-02 4.792741965502500534e-03 2.160855941474437714e-02 6.354326847940683365e-03 1.083400472998619080e-02 2.632914483547210693e-02 5.489662755280733109e-03 3.326287120580673218e-02 1.641383022069931030e-02 4.495864734053611755e-02 3.936596214771270752e-02 6.237519532442092896e-02 2.632323652505874634e-02 6.956855207681655884e-02 2.462719380855560303e-02 2.618205919861793518e-02 5.767837632447481155e-03 5.655151605606079102e-02
1.319137662649154663e-01 8.052842319011688232e-02 1.992090046405792236e-02 4.753562808036804199e-02 3.248585388064384460e-02 4.444382339715957642e-02 7.341790944337844849e-02 5.470999330282211304e-02 5.371460691094398499e-02 1.241615321487188339e-02 4.567772746086120605e-01 5.517793074250221252e-02 1.110214591026306152e-01 2.893058955669403076e-02 8.589056320488452911e-03 3.189798677340149879e-03 2.863165736198425293e-02 1.255812775343656540e-02 2.334587741643190384e-03 4.589976742863655090e-02 3.478351980447769165e-02 3.611464053392410278e-02 4.846148937940597534e-02 3.775066509842872620e-02 2.321127988398075104e-02 4.538191109895706177e-02 4.167342558503150940e-02 4.034281149506568909e-02 1.290466338396072388e-01 3.023177199065685272e-02 6.659713387489318848e-02 2.921100333333015442e-02 4.730946198105812073e-02 4.029013216495513916e-02 1.352505385875701904e-02 2.947216108441352844e-02 4.347345605492591858e-02 1.047795172780752182e-03 2.065664902329444885e-02 1.172105874866247177e-02 1.740588620305061340e-02 1.329100411385297775e-02 3.193757729604840279e-03 1.663352549076080322e-02 2.829832769930362701e-02 2.448328305035829544e-03 6.743922084569931030e-02 9.097444266080856323e-02 3.847097605466842651e-02 2.752069756388664246e-02 4.193171486258506775e-02 3.651091456413269043e-02 3.185709938406944275e-02 5.671079270541667938e-03 3.910928219556808472e-02 4.628092795610427856e-02 4.487064853310585022e-02 4.453232511878013611e-02 1.496134325861930847e-02 3.417182341217994690e-02 5.368224531412124634e-02 2.371620619669556618e-03 1.063709892332553864e-02 2.547653764486312866e-02 9.460913389921188354e-02 2.356302551925182343e-02 4.584203939884901047e-03 5.378918722271919250e-03 2.137132920324802399e-02 8.608178235590457916e-03 1.317666471004486084e-02 5.692967027425765991e-02 5.331442877650260925e-02 3.058253228664398193e-02 4.023040458559989929e-02 2.848004736006259918e-02 2.843608334660530090e-02 3.288173675537109375e-02 3.659051284193992615e-02 3.363472595810890198e-02 5.227797199040651321e-03 4.808308184146881104e-02 4.130103811621665955e-02 3.668725118041038513e-02 1.234462368302047253e-03 4.476114362478256226e-02 1.017399318516254425e-02 4.772436991333961487e-02 5.502787232398986816e-02 7.350369356572628021e-03 4.586584120988845825e-02 4.250813648104667664e-02 3.442523628473281860e-02 3.986223414540290833e-02 3.803499508649110794e-03 3.914369270205497742e-03 5.321010574698448181e-02 2.646228671073913574e-02 3.662456199526786804e-02 2.779749408364295959e-02 8.162452839314937592e-03 9.720310568809509277e-03 6.913159042596817017e-03 7.716524414718151093e-03 2.587523125112056732e-02 9.519513696432113647e-03 6.061381660401821136e-03 2.557937800884246826e-02 3.620228264480829239e-03 3.269501402974128723e-02 4.675002396106719971e-02 3.302669525146484375e-02 1.542941574007272720e-02 2.682798728346824646e-02 6.771238893270492554e-02 2.613155520521104336e-04
2.823031682055443525e-04 1.001205854117870331e-02 4.983807355165481567e-02 4.701679944992065430e-02 5.033667385578155518e-02 2.254622429609298706e-02 3.745541721582412720e-02 1.170027256011962891e-02 3.813483193516731262e-02 4.459879547357559204e-02 5.517793074250221252e-02 4.417942464351654053e-01 1.024987362325191498e-02 1.542292237281799316e-01 4.929852858185768127e-02 5.484482273459434509e-02 5.189387872815132141e-02 5.627189949154853821e-02 3.964779525995254517e-02 2.263952046632766724e-02 1.075613312423229218e-02 4.739223793148994446e-02 3.427831083536148071e-02 2.443478628993034363e-02 1.081929542124271393e-02 5.073397420346736908e-03 4.727690294384956360e-02 4.523277282714843750e-02 4.853779915720224380e-03 1.454244949854910374e-03 1.845066621899604797e-02 8.319862186908721924e-03 8.836504071950912476e-03 1.614078506827354431e-02 9.859117679297924042e-03 4.482890479266643524e-03 1.328964158892631531e-02 4.815507272724062204e-04 4.867230355739593506e-02 5.087569355964660645e-02 6.992843002080917358e-03 3.540987521409988403e-02 3.553070127964019775e-02 4.213698208332061768e-02 1.984377577900886536e-02 1.145418081432580948e-02 4.740414768457412720e-02 1.182368118315935135e-02 2.574901655316352844e-02 3.374243155121803284e-02 5.140724033117294312e-02 4.571909084916114807e-02 1.617074199020862579e-02 2.243746817111968994e-02 3.477988019585609436e-02 4.536363109946250916e-02 4.621629044413566589e-02 6.710748188197612762e-03 3.329874202609062195e-02 3.376148268580436707e-02 3.780618309974670410e-02 7.149261236190795898e-02 6.067734677344560623e-03 4.750313982367515564e-02 3.920066170394420624e-03 1.832056976854801178e-02 1.859256625175476074e-02 3.231755644083023071e-02 6.154257431626319885e-02 5.536603927612304688e-02 1.326781930401921272e-03 1.864353008568286896e-02 1.263354206457734108e-03 5.194927100092172623e-03 5.479819700121879578e-02 6.844826042652130127e-02 1.833633333444595337e-02 1.639400236308574677e-02 4.958904534578323364e-02 1.634864881634712219e-02 3.223169222474098206e-02 4.702142998576164246e-02 9.012192487716674805e-03 1.652960106730461121e-02 4.778715595602989197e-02 5.140471737831830978e-03 3.215194446966052055e-03 1.831289147958159447e-03 2.220069244503974915e-02 4.993246123194694519e-02 2.723569422960281372e-02 2.188280411064624786e-02 1.815765164792537689e-02 1.878507435321807861e-02 5.580953508615493774e-02 5.119864642620086670e-02 1.508704107254743576e-02 5.586709827184677124e-02 3.554927557706832886e-02 1.888969913125038147e-02 3.320403629913926125e-03 1.857866346836090088e-02 3.033910878002643585e-03 2.503308933228254318e-03 4.332611337304115295e-02 1.167167071253061295e-02 3.650572150945663452e-02 3.386192023754119873e-02 2.255506627261638641e-02 3.522985801100730896e-02 5.527882650494575500e-02 2.006409503519535065e-02 2.590499632060527802e-02 1.415087655186653137e-02 1.205430366098880768e-02 7.487066090106964111e-03
5.042601749300956726e-02 1.127866208553314209e-01 1.359119918197393417e-02 4.559800028800964355e-02 4.400832578539848328e-02 2.208666503429412842e-02 5.242563411593437195e-02 1.258921436965465546e-02 1.398110948503017426e-02 3.601861000061035156e-02 1.110214591026306152e-01 1.024987362325191498e-02 4.478739500045776367e-01 3.855207189917564392e-02 6.231744959950447083e-02 5.173344910144805908e-02 5.315876379609107971e-02 2.187251672148704529e-02 2.504022978246212006e-02 2.632302790880203247e-02 8.751725777983665466e-03 3.490725532174110413e-02 3.143732622265815735e-02 1.528723165392875671e-02 4.555412754416465759e-02 3.729265555739402771e-02 3.021658584475517273e-02 8.396088145673274994e-03 2.054777927696704865e-02 1.155840582214295864e-04 1.309842020273208618e-01 2.884801477193832397e-02 3.397952392697334290e-02 2.607642300426959991e-02 4.289092030376195908e-03 3.791611269116401672e-02 3.143425285816192627e-02 4.059266671538352966e-02 2.883392572402954102e-02 3.052456863224506378e-02 3.393663465976715088e-02 1.515543274581432343e-02 1.068935729563236237e-02 1.509142015129327774e-02 8.496597409248352051e-03 7.832389324903488159e-03 5.800343118607997894e-03 4.491375014185905457e-02 2.231324091553688049e-02 9.052189067006111145e-03 5.064347386360168457e-02 2.534171938896179199e-02 2.566952956840395927e-03 3.153571486473083496e-02 4.103136807680130005e-02 1.426633354276418686e-02 4.510084912180900574e-02 1.748189097270369530e-03 3.367644501850008965e-03 2.019009925425052643e-02 1.579503901302814484e-02 3.064674697816371918e-02 4.861911386251449585e-02 1.592571660876274109e-02 3.951262682676315308e-02 1.306358724832534790e-01 4.269991442561149597e-02 4.096500051673501730e-04 5.438243970274925232e-02 4.996197670698165894e-02 4.833044018596410751e-03 1.624238118529319763e-02 5.417377501726150513e-02 3.733232617378234863e-02 3.634794056415557861e-02 2.777817472815513611e-02 5.812528356909751892e-02 1.830774918198585510e-02 1.814000681042671204e-02 4.389679804444313049e-02 3.212182596325874329e-02 4.687220603227615356e-02 2.308901585638523102e-02 7.762373890727758408e-03 2.588791772723197937e-02 4.363539628684520721e-03 4.295829311013221741e-02 1.256319507956504822e-02 3.791296109557151794e-02 2.509578876197338104e-02 3.022831492125988007e-02 2.776757068932056427e-02 6.811204552650451660e-02 7.503855507820844650e-03 4.826504737138748169e-03 9.407656267285346985e-03 1.829245500266551971e-02 4.415949806571006775e-02 1.182389724999666214e-02 3.175701200962066650e-02 2.045560441911220551e-02 5.809740629047155380e-03 3.174687549471855164e-02 3.563946858048439026e-02 4.020509868860244751e-02 3.828084841370582581e-02 1.964231953024864197e-02 3.553708782419562340e-03 6.339231971651315689e-03 3.015500120818614960e-02 2.808725833892822266e-02 4.269943386316299438e-02 2.120940713211894035e-03 2.347424812614917755e-02 1.862126588821411133e-02 5.971470382064580917e-03
