5.859315991401672363e-01 1.574493944644927979e-01 2.176419645547866821e-02 1.842018030583858490e-02 1.804742775857448578e-02 1.248717084527015686e-01 9.043018519878387451e-02 3.798398375511169434e-02 6.038086488842964172e-03 7.403206080198287964e-03 1.387600153684616089e-01 5.455183563753962517e-04 1.393157392740249634e-01 2.204984240233898163e-02 1.851999014616012573e-02 3.386132791638374329e-02 1.470591034740209579e-02 3.265097737312316895e-02 7.210120093077421188e-03 3.396894084289669991e-03 2.984408661723136902e-02 1.030182559043169022e-02 3.376597771421074867e-03 1.549933757632970810e-02 4.779854416847229004e-02 4.047918692231178284e-02 1.026732102036476135e-02 2.778776921331882477e-02 4.646955430507659912e-02 3.791481256484985352e-02 8.101664483547210693e-03 4.748409241437911987e-02 2.854201197624206543e-02 3.144877403974533081e-02 1.871094107627868652e-02 1.672799512743949890e-02 9.479968808591365814e-03 1.560694072395563126e-02 2.903816662728786469e-02 2.621567435562610626e-02 3.249310655519366264e-03 4.820173978805541992e-02 1.865484192967414856e-02 2.440961310639977455e-03 3.956763073801994324e-02 2.903673425316810608e-02 9.585582464933395386e-02 7.069218903779983521e-02 6.618929561227560043e-03 2.411653660237789154e-02 9.952690452337265015e-03 4.160933662205934525e-03 4.755612462759017944e-02 3.616267442703247070e-02 1.640323363244533539e-02 4.817122593522071838e-02 4.255480319261550903e-02 2.345731481909751892e-02 3.330840170383453369e-02 4.705902189016342163e-02 2.044026926159858704e-02 2.068736217916011810e-02 2.533849515020847321e-02 2.189776627346873283e-03 2.183359302580356598e-02 3.325559943914413452e-02 4.241469141561537981e-04 4.919481463730335236e-03 2.509842254221439362e-02 4.103803657926619053e-04 4.322434961795806885e-02 4.273398965597152710e-02 3.308714181184768677e-02 3.583329543471336365e-02 4.386795312166213989e-02 2.261379547417163849e-02 3.346923738718032837e-02 9.934835135936737061e-03 4.298922419548034668e-02 1.753322966396808624e-02 3.618994727730751038e-03 9.451410733163356781e-03 2.828413061797618866e-02 7.601459510624408722e-03 1.434876583516597748e-02 2.156468667089939117e-02 4.436621069908142090e-02 7.954092323780059814e-02 4.365430399775505066e-02 7.383001502603292465e-04 1.979923062026500702e-02 2.406605891883373260e-02 2.868395531550049782e-03 4.397524520754814148e-02 6.340898107737302780e-03 2.221512608230113983e-02 3.534688847139477730e-03 2.434113249182701111e-02 2.954367734491825104e-02 3.092486783862113953e-02 4.745605867356061935e-03 9.124649688601493835e-03 2.405990473926067352e-02 2.975451201200485229e-02 2.053302340209484100e-02 1.227319444296881557e-04 2.844366803765296936e-02 1.635891199111938477e-02 1.410938333719968796e-02 1.938134618103504181e-02 1.463288441300392151e-02 2.597278915345668793e-02 2.747129276394844055e-02 3.531761839985847473e-02 7.074614614248275757e-02 6.779319792985916138e-02
1.574493944644927979e-01 5.854378938674926758e-01 1.493850722908973694e-02 5.078358575701713562e-03 4.018921032547950745e-02 1.245680004358291626e-01 1.007787659764289856e-01 1.295651309192180634e-02 9.881229139864444733e-03 2.957048360258340836e-03 1.257289350032806396e-01 1.539551187306642532e-03 1.378216147422790527e-01 2.460228092968463898e-02 8.396627381443977356e-03 2.415760792791843414e-02 4.649016773328185081e-04 4.222018644213676453e-02 3.302490804344415665e-03 1.129794213920831680e-02 3.729592263698577881e-02 5.232057534158229828e-03 8.836145512759685516e-03 5.220731254667043686e-04 4.494350776076316833e-02 4.121605306863784790e-02 5.936468020081520081e-03 4.491491988301277161e-02 2.977843768894672394e-02 4.130589962005615234e-02 3.063921467401087284e-04 2.993329241871833801e-02 1.788222976028919220e-02 3.794201090931892395e-02 2.905764244496822357e-02 1.395401638001203537e-02 1.305703166872262955e-02 1.433948520570993423e-02 4.180657863616943359e-02 3.274277225136756897e-02 1.392793841660022736e-03 4.555807262659072876e-02 2.097201347351074219e-02 3.163387253880500793e-02 2.603313326835632324e-02 4.887211602181196213e-03 1.039215773344039917e-01 7.713761925697326660e-02 1.031035184860229492e-02 3.655317053198814392e-02 3.104676865041255951e-02 1.013908069580793381e-02 4.218509793281555176e-02 2.647066675126552582e-02 3.378880396485328674e-02 4.230729490518569946e-02 3.032504394650459290e-02 6.693251430988311768e-03 1.967564597725868225e-02 3.570808470249176025e-02 3.015788272023200989e-02 3.206982463598251343e-02 3.849457483738660812e-03 2.027113363146781921e-02 8.705182000994682312e-03 3.524459898471832275e-02 1.410664059221744537e-03 1.029773894697427750e-02 3.805191442370414734e-02 3.312736377120018005e-02 3.056865558028221130e-02 2.883674018085002899e-02 1.968419738113880157e-02 1.240369025617837906e-02 2.853846177458763123e-02 1.038431562483310699e-02 3.793318942189216614e-02 2.396586723625659943e-02 3.762458264827728271e-02 1.391002442687749863e-02 1.060186326503753662e-02 1.124386116862297058e-02 1.897289790213108063e-02 1.745233125984668732e-02 1.665835082530975342e-02 5.453264806419610977e-03 4.744544625282287598e-02 8.000385761260986328e-02 3.336006402969360352e-02 2.830445952713489532e-02 1.971448771655559540e-02 1.863889768719673157e-02 9.809954091906547546e-03 3.974661976099014282e-02 4.765254561789333820e-04 1.456378027796745300e-02 4.070381633937358856e-03 1.716923527419567108e-02 3.988540917634963989e-02 2.617605961859226227e-02 9.145728312432765961e-03 1.608879491686820984e-02 3.075180016458034515e-02 3.124881163239479065e-02 1.329522114247083664e-02 6.434825991163961589e-06 4.378073289990425110e-02 4.920805338770151138e-03 2.422106824815273285e-02 1.814950141124427319e-03 2.092919498682022095e-02 2.708617597818374634e-02 1.676417514681816101e-02 3.071204200387001038e-02 9.723392874002456665e-02 7.098779082298278809e-02
2.176419645547866821e-02 1.493850722908973694e-02 5.449364185333251953e-01 1.427807845175266266e-02 1.466839481145143509e-02 2.347975969314575195e-02 4.305615276098251343e-02 1.661770194768905640e-01 3.158506751060485840e-02 1.046160794794559479e-02 2.595733664929866791e-02 3.929794952273368835e-02 1.975082233548164368e-02 4.210057854652404785e-02 2.467770315706729889e-02 2.618145756423473358e-02 3.559852764010429382e-02 6.769322324544191360e-03 1.140912249684333801e-02 7.691568136215209961e-02 2.773851901292800903e-02 2.902226336300373077e-02 9.581953636370599270e-04 1.860618777573108673e-02 7.636880502104759216e-03 2.453177294228225946e-04 8.829488418996334076e-03 4.596551880240440369e-02 4.420594777911901474e-03 4.684775322675704956e-02 1.603813259862363338e-03 3.685603663325309753e-02 3.366683376953005791e-03 3.129412978887557983e-02 2.634117193520069122e-02 8.436414413154125214e-03 1.456362102180719376e-02 2.043381333351135254e-02 4.579296335577964783e-02 1.516470313072204590e-02 3.583651781082153320e-02 8.200651966035366058e-03 5.223458865657448769e-04 1.000529527664184570e-02 6.475093774497509003e-03 1.347115542739629745e-02 2.235769480466842651e-02 1.222261227667331696e-02 3.753178939223289490e-02 1.674461527727544308e-03 2.049769461154937744e-02 2.161827124655246735e-02 7.157037407159805298e-02 3.528376296162605286e-02 3.733129426836967468e-02 8.757117204368114471e-03 2.878242870792746544e-03 3.050874359905719757e-02 5.111585557460784912e-02 3.196905553340911865e-02 4.108178615570068359e-02 4.384915158152580261e-02 3.766445210203528404e-03 4.991844762116670609e-03 1.582584460265934467e-03 2.437565661966800690e-02 1.902306266129016876e-02 2.874887734651565552e-02 3.926429152488708496e-02 3.890522941946983337e-02 3.046205081045627594e-02 3.369162976741790771e-02 2.663902379572391510e-02 9.494227706454694271e-04 2.848397195339202881e-02 6.332332268357276917e-03 2.011249214410781860e-02 3.949818015098571777e-02 1.227544713765382767e-02 1.972986385226249695e-02 9.498338401317596436e-02 3.421559184789657593e-02 1.347996946424245834e-02 3.038786910474300385e-02 1.100644841790199280e-02 1.318566966801881790e-02 3.018874861299991608e-02 8.012213744223117828e-03 3.367273882031440735e-02 4.254876449704170227e-02 2.223289199173450470e-02 3.270574659109115601e-02 1.068984530866146088e-02 4.304444417357444763e-02 7.454077713191509247e-03 3.167060390114784241e-02 2.415408194065093994e-02 2.314115874469280243e-02 2.231228537857532501e-02 9.186743758618831635e-03 1.018195133656263351e-02 3.761874511837959290e-02 4.112646449357271194e-03 1.776398159563541412e-02 1.657269336283206940e-02 1.799797080457210541e-02 2.111842855811119080e-02 2.428433485329151154e-02 3.339202329516410828e-02 3.431157022714614868e-02 1.513523049652576447e-02 3.488153964281082153e-02 9.679063223302364349e-03 4.627251252532005310e-02 1.382650248706340790e-02 2.816174551844596863e-02
1.842018030583858490e-02 5.078358575701713562e-03 1.427807845175266266e-02 5.749442577362060547e-01 7.861264050006866455e-02 2.718712203204631805e-03 2.647602744400501251e-02 1.067413017153739929e-02 4.583106189966201782e-02 2.728087827563285828e-02 3.668552730232477188e-03 1.334890141151845455e-03 4.994102753698825836e-03 4.171150177717208862e-02 2.159420773386955261e-02 3.422430157661437988e-02 1.219276711344718933e-02 3.017263300716876984e-02 4.325390234589576721e-02 4.614047333598136902e-02 3.148545697331428528e-02 3.694945201277732849e-02 1.379865314811468124e-02 2.022392861545085907e-02 4.584264010190963745e-02 1.668342202901840210e-02 4.352607950568199158e-02 1.842185296118259430e-02 9.237525984644889832e-03 2.397989109158515930e-02 1.715375855565071106e-02 3.320482373237609863e-02 1.982023753225803375e-02 2.040003240108489990e-02 8.307780139148235321e-03 3.075090236961841583e-02 5.448431894183158875e-02 3.229203447699546814e-02 5.946532264351844788e-02 3.268520906567573547e-02 4.099822044372558594e-02 7.285904721356928349e-04 1.530240755528211594e-02 7.393527310341596603e-03 8.619337342679500580e-03 3.904750198125839233e-02 2.285813912749290466e-02 1.777149923145771027e-02 4.877026006579399109e-02 3.829196840524673462e-02 2.667605690658092499e-02 1.412615273147821426e-02 5.174256861209869385e-03 4.353858996182680130e-03 4.120663553476333618e-02 4.029173403978347778e-02 4.032355546951293945e-02 3.987285308539867401e-03 2.134106867015361786e-02 3.170529007911682129e-02 3.159866482019424438e-02 1.170065719634294510e-02 5.759663879871368408e-02 5.173840746283531189e-02 4.095752164721488953e-02 4.541732370853424072e-02 2.065354399383068085e-02 2.627997426316142082e-03 3.207736089825630188e-02 5.475388374179601669e-03 5.234162881970405579e-02 8.868150413036346436e-03 6.815803050994873047e-02 4.795246198773384094e-02 5.640006437897682190e-02 9.294599294662475586e-03 3.217926993966102600e-02 1.423905487172305584e-04 4.942119121551513672e-02 1.323186513036489487e-02 6.696038879454135895e-03 4.297624900937080383e-02 1.949020661413669586e-02 2.424144884571433067e-03 1.168363820761442184e-02 2.661751210689544678e-02 1.770708709955215454e-02 4.377421736717224121e-02 6.129197031259536743e-02 6.534726172685623169e-02 3.274939581751823425e-02 5.685774981975555420e-02 1.547184959053993225e-02 3.881298750638961792e-02 3.243670240044593811e-02 4.475317522883415222e-02 5.121019855141639709e-02 2.476871944963932037e-02 5.798706319183111191e-03 3.328420920297503471e-03 1.124648842960596085e-03 3.719726949930191040e-02 1.525922119617462158e-02 1.550917699933052063e-02 8.680863305926322937e-03 6.058532278984785080e-03 3.099220432341098785e-02 3.610445186495780945e-02 2.453153766691684723e-02 4.215130582451820374e-02 4.696421325206756592e-03 3.160176053643226624e-02 3.463225066661834717e-02 3.148866444826126099e-02 2.098957821726799011e-02 2.965281531214714050e-02
1.804742775857448578e-02 4.018921032547950745e-02 1.466839481145143509e-02 7.861264050006866455e-02 5.751816630363464355e-01 4.423881322145462036e-02 1.941925659775733948e-02 3.173909708857536316e-02 4.613297432661056519e-02 1.006084773689508438e-02 4.245293512940406799e-02 6.917086429893970490e-03 4.118575900793075562e-02 1.465004216879606247e-02 8.321156725287437439e-03 1.519089378416538239e-02 3.851520887110382318e-04 1.940062083303928375e-02 7.129973731935024261e-03 4.228723049163818359e-02 1.271054986864328384e-02 2.437690645456314087e-02 2.203385345637798309e-02 6.484661716967821121e-03 3.770451620221138000e-02 1.498466916382312775e-02 3.338247165083885193e-02 2.865098044276237488e-02 1.008238084614276886e-02 3.380341827869415283e-02 3.947593644261360168e-02 4.100917279720306396e-02 7.665985729545354843e-03 2.580447867512702942e-02 1.711424253880977631e-02 2.999333478510379791e-02 4.593590274453163147e-02 9.570033289492130280e-03 5.814345553517341614e-02 3.506586886942386627e-03 3.429602086544036865e-02 1.784587162546813488e-03 1.611224561929702759e-02 1.586198247969150543e-02 1.451336499303579330e-02 4.218711331486701965e-02 1.621962152421474457e-02 1.254933327436447144e-02 5.256514996290206909e-02 2.707444131374359131e-02 4.635620489716529846e-02 1.071310951374471188e-03 7.217278704047203064e-03 2.553529851138591766e-02 4.694694653153419495e-02 1.384528167545795441e-02 4.751721769571304321e-02 1.619736850261688232e-02 2.882504463195800781e-02 2.235418185591697693e-02 3.260605409741401672e-02 1.193693466484546661e-02 4.709490761160850525e-02 3.682573512196540833e-02 3.578807413578033447e-02 5.293843522667884827e-02 2.872460149228572845e-02 4.182227887213230133e-03 1.967488415539264679e-02 9.308779612183570862e-03 2.605735696852207184e-02 3.944198600947856903e-03 5.091511085629463196e-02 3.455691039562225342e-02 3.964041918516159058e-02 2.747205086052417755e-02 1.715476810932159424e-02 3.961059730499982834e-03 3.083804156631231308e-03 3.418926149606704712e-02 3.643574193120002747e-02 1.884319819509983063e-02 4.936477169394493103e-03 3.792038932442665100e-02 8.619477972388267517e-03 2.717439457774162292e-02 1.418320927768945694e-02 6.979285739362239838e-03 5.693763121962547302e-02 7.664057612419128418e-02 2.025367505848407745e-02 3.089686110615730286e-02 1.981149241328239441e-02 2.529771625995635986e-02 4.702581837773323059e-02 4.609049111604690552e-02 1.141182146966457367e-02 4.420924466103315353e-03 9.553246200084686279e-03 7.189945783466100693e-03 3.998643904924392700e-02 4.053876176476478577e-02 3.008108772337436676e-02 3.298197686672210693e-02 1.937202736735343933e-02 2.882817946374416351e-02 1.275084260851144791e-02 3.563375398516654968e-02 5.348031222820281982e-02 2.170729637145996094e-02 1.404701545834541321e-02 1.725105382502079010e-02 2.123593166470527649e-02 2.291803993284702301e-02 1.857814937829971313e-02 1.221863459795713425e-02
1.248717084527015686e-01 1.245680004358291626e-01 2.347975969314575195e-02 2.718712203204631805e-03 4.423881322145462036e-02 5.853054523468017578e-01 1.382306814193725586e-01 6.937307305634021759e-03 3.172138333320617676e-02 4.845208674669265747e-02 1.084459945559501648e-01 4.150303825736045837e-02 1.238095909357070923e-01 7.215889543294906616e-02 1.544762309640645981e-02 4.454019945114850998e-03 2.236974239349365234e-02 8.944238536059856415e-03 4.001956060528755188e-02 3.065813891589641571e-02 2.611677721142768860e-02 1.292233355343341827e-02 3.855261253193020821e-03 2.032387256622314453e-02 1.023274008184671402e-02 1.662493124604225159e-02 1.467297412455081940e-02 6.174778100103139877e-03 4.085747525095939636e-02 2.777544315904378891e-03 2.311681956052780151e-02 3.025137074291706085e-02 3.662163764238357544e-02 4.347469657659530640e-02 1.074489438906311989e-03 2.695927582681179047e-02 1.648365892469882965e-02 1.544243376702070236e-02 3.895927220582962036e-02 2.801655977964401245e-02 2.181671559810638428e-02 2.867728099226951599e-02 2.797774039208889008e-02 1.044742763042449951e-02 2.163418382406234741e-02 2.577606216073036194e-02 1.255101412534713745e-01 8.433671295642852783e-02 1.692062988877296448e-02 1.968282461166381836e-02 1.464915182441473007e-02 6.979415658861398697e-03 3.017095476388931274e-02 9.543149732053279877e-03 2.424967242404818535e-03 3.561929240822792053e-02 4.117596149444580078e-02 2.664273604750633240e-02 4.483223892748355865e-03 7.359682349488139153e-04 3.346944972872734070e-02 4.110827669501304626e-02 2.327609807252883911e-02 9.957992471754550934e-03 2.076282538473606110e-02 4.956154525279998779e-02 4.282056540250778198e-02 4.382363706827163696e-02 2.837329916656017303e-02 4.519769176840782166e-02 5.749986506998538971e-03 2.406045235693454742e-02 8.951292373239994049e-03 9.105385281145572662e-03 9.258125908672809601e-03 2.186807058751583099e-02 2.083591185510158539e-02 1.988508924841880798e-02 4.228147119283676147e-02 1.449699979275465012e-02 3.687683027237653732e-03 3.410496935248374939e-02 3.172310441732406616e-02 2.953278459608554840e-02 1.541903242468833923e-02 5.303516518324613571e-03 4.661269485950469971e-02 8.758071064949035645e-02 4.696409404277801514e-02 3.758768364787101746e-02 2.881650626659393311e-02 6.524652708321809769e-03 5.271323956549167633e-03 2.062996849417686462e-02 2.363808453083038330e-02 5.005471780896186829e-02 1.379315555095672607e-02 2.333322353661060333e-02 7.372908294200897217e-03 3.873465582728385925e-02 3.321611136198043823e-02 7.291587535291910172e-03 1.536719594150781631e-02 1.981786452233791351e-02 2.354220114648342133e-02 2.315029315650463104e-02 4.458506125956773758e-03 7.099341601133346558e-03 1.473443955183029175e-02 3.430304303765296936e-02 3.895039483904838562e-02 3.798124194145202637e-02 2.273304760456085205e-02 1.716816425323486328e-02 6.086853146553039551e-02 4.121265187859535217e-02
9.043018519878387451e-02 1.007787659764289856e-01 4.305615276098251343e-02 2.647602744400501251e-02 1.941925659775733948e-02 1.382306814193725586e-01 5.794582366943359375e-01 1.671050442382693291e-03 1.532738190144300461e-02 1.044752355664968491e-02 8.679456263780593872e-02 1.471795700490474701e-02 1.031017377972602844e-01 6.663948297500610352e-02 8.862749673426151276e-03 2.397144027054309845e-02 5.012124776840209961e-02 2.623159252107143402e-02 3.806293010711669922e-02 2.395622804760932922e-02 1.910991221666336060e-02 2.134794183075428009e-02 3.452279791235923767e-02 9.390677325427532196e-03 8.887311443686485291e-03 9.636776521801948547e-03 2.314390800893306732e-02 3.161596506834030151e-02 4.137214645743370056e-02 1.710111089050769806e-02 2.352443896234035492e-02 8.035629056394100189e-03 2.947239018976688385e-02 4.598484374582767487e-03 2.275109663605690002e-02 3.559250757098197937e-02 1.468934863805770874e-02 1.458527892827987671e-02 1.032360736280679703e-02 1.192725542932748795e-02 3.763970732688903809e-02 3.160339966416358948e-02 4.273629561066627502e-02 1.400177832692861557e-02 2.245344221591949463e-02 1.993203163146972656e-02 1.391310095787048340e-01 1.184728518128395081e-01 2.373183518648147583e-02 1.040005963295698166e-02 4.585400968790054321e-02 3.211781382560729980e-03 5.133905634284019470e-02 1.817499636672437191e-03 2.007456496357917786e-02 2.591025456786155701e-02 1.349849347025156021e-02 4.030785337090492249e-02 1.639206893742084503e-02 2.032133191823959351e-02 1.491540949791669846e-02 4.406826943159103394e-02 2.647797809913754463e-03 5.927683319896459579e-03 1.717758364975452423e-02 5.159917101263999939e-02 4.073783755302429199e-02 4.432870447635650635e-02 2.665008185431361198e-03 5.252716690301895142e-02 1.605517230927944183e-02 1.452533714473247528e-02 2.180295623838901520e-02 3.781945258378982544e-02 1.972746104001998901e-02 3.209513612091541290e-03 1.002937555313110352e-02 1.734763756394386292e-02 1.479287724941968918e-02 1.431033830158412457e-03 3.845276543870568275e-03 4.811051860451698303e-02 4.031027108430862427e-02 8.410561829805374146e-03 1.256866753101348877e-02 2.727032825350761414e-02 2.077898383140563965e-02 6.467688083648681641e-02 6.352800410240888596e-03 1.879391632974147797e-02 4.981897771358489990e-02 1.233668648637831211e-03 3.669910132884979248e-02 5.696320440620183945e-03 1.662974804639816284e-02 4.075189307332038879e-02 4.653709009289741516e-03 1.613868400454521179e-02 1.724013872444629669e-02 3.618334978818893433e-02 1.671894267201423645e-02 1.465716026723384857e-02 2.291803434491157532e-02 2.849051915109157562e-02 4.887553397566080093e-03 2.691495604813098907e-02 1.693120226263999939e-02 1.227183616720139980e-03 1.192168332636356354e-02 3.575832396745681763e-02 3.670798614621162415e-02 3.253625333309173584e-02 6.089334376156330109e-03 2.668231958523392677e-03 6.590341031551361084e-02 3.169414773583412170e-02
3.798398375511169434e-02 1.295651309192180634e-02 1.661770194768905640e-01 1.067413017153739929e-02 3.173909708857536316e-02 6.937307305634021759e-03 1.671050442382693291e-03 5.305807590484619141e-01 1.157805509865283966e-02 4.816341213881969452e-03 9.865840896964073181e-03 6.153251742944121361e-04 3.986097406595945358e-03 2.215295657515525818e-02 3.810325264930725098e-02 6.323136389255523682e-03 3.595172986388206482e-02 2.167407982051372528e-02 6.840543821454048157e-03 5.292161926627159119e-02 6.700975820422172546e-03 2.108932659029960632e-02 2.248044312000274658e-02 1.232845243066549301e-02 1.119941845536231995e-02 3.522029891610145569e-02 3.613422438502311707e-02 9.130088612437248230e-03 2.813320606946945190e-02 1.446774788200855255e-02 3.200954198837280273e-02 7.356198038905858994e-03 1.802342757582664490e-02 2.316661179065704346e-03 3.324011713266372681e-02 5.326588451862335205e-02 5.374491959810256958e-02 9.741471731103956699e-04 1.033841632306575775e-02 1.193141750991344452e-02 9.400797076523303986e-03 4.335726052522659302e-02 2.776524983346462250e-02 2.104770764708518982e-02 3.591850167140364647e-03 2.844316884875297546e-02 1.628866419196128845e-02 3.686318546533584595e-02 1.450746413320302963e-02 1.200004667043685913e-02 2.717660553753376007e-02 3.529238328337669373e-02 2.092760428786277771e-02 3.557770699262619019e-02 1.390462275594472885e-02 9.076647460460662842e-03 1.486190967261791229e-02 9.147548116743564606e-03 4.258731380105018616e-02 3.152986243367195129e-02 1.874443888664245605e-02 8.514506043866276741e-04 1.726819947361946106e-02 1.912472583353519440e-02 8.393677882850170135e-03 1.116961985826492310e-02 1.153087709099054337e-02 1.939523592591285706e-02 1.468079071491956711e-02 2.166926860809326172e-02 1.909686485305428505e-03 3.555151820182800293e-02 2.967504039406776428e-02 1.870695967227220535e-03 2.458610385656356812e-02 1.904934272170066833e-02 1.351186446845531464e-02 1.986901275813579559e-02 3.993180766701698303e-02 1.770354434847831726e-02 2.028893530368804932e-01 2.623350359499454498e-02 3.636739857029169798e-04 3.595407679677009583e-02 1.899248547852039337e-02 3.689287602901458740e-02 4.863223060965538025e-02 3.923595696687698364e-02 1.322169881314039230e-02 4.600955639034509659e-03 3.309477120637893677e-02 1.517122704535722733e-02 1.665532775223255157e-02 4.203627258539199829e-02 3.020209632813930511e-02 2.436170168220996857e-02 1.563692092895507812e-02 2.448838204145431519e-03 2.525841258466243744e-02 3.494174405932426453e-02 1.156651042401790619e-02 8.816529065370559692e-03 2.102384157478809357e-02 1.851629349403083324e-03 9.237537160515785217e-03 2.514737658202648163e-02 5.313615780323743820e-03 2.085064910352230072e-02 2.326998114585876465e-02 9.197064675390720367e-03 2.244896953925490379e-03 1.011892128735780716e-02 9.705773554742336273e-04 4.236069321632385254e-02 5.304024554789066315e-03 1.589936576783657074e-02
6.038086488842964172e-03 9.881229139864444733e-03 3.158506751060485840e-02 4.583106189966201782e-02 4.613297432661056519e-02 3.172138333320617676e-02 1.532738190144300461e-02 1.157805509865283966e-02 5.499810576438903809e-01 6.311351060867309570e-02 1.204505190253257751e-02 4.817419219762086868e-03 2.088916115462779999e-02 1.525752432644367218e-02 1.280078105628490448e-02 5.427541211247444153e-02 3.453255817294120789e-02 6.335733085870742798e-02 8.885839022696018219e-03 2.432192489504814148e-02 8.728413842618465424e-03 2.631220035254955292e-02 1.240955479443073273e-02 7.158623775467276573e-04 4.344104602932929993e-02 3.662033006548881531e-02 3.810681775212287903e-02 4.649340361356735229e-02 4.281150549650192261e-02 3.981287032365798950e-02 1.320399064570665359e-02 2.318086475133895874e-02 4.224083945155143738e-02 1.669766567647457123e-02 1.909427903592586517e-02 5.443760007619857788e-02 4.362514987587928772e-02 9.838319383561611176e-03 1.637962087988853455e-02 8.713073097169399261e-03 3.537596762180328369e-02 4.959456156939268112e-03 4.390171170234680176e-02 2.710329927504062653e-02 3.867769241333007812e-02 4.504856839776039124e-02 2.422148361802101135e-02 9.559092111885547638e-03 4.415165632963180542e-02 2.266847714781761169e-02 2.866577915847301483e-02 8.680925704538822174e-03 3.500356525182723999e-02 2.993196435272693634e-02 6.190785020589828491e-02 1.535999309271574020e-02 2.797671593725681305e-02 3.723190724849700928e-02 2.984565799124538898e-05 8.766867220401763916e-03 2.496434003114700317e-02 5.743529647588729858e-03 3.467533364892005920e-02 2.389761991798877716e-02 2.819485589861869812e-02 2.147426828742027283e-02 4.334457218647003174e-02 4.450308158993721008e-02 4.001392796635627747e-02 8.947693742811679840e-03 1.309778355062007904e-02 3.526950627565383911e-02 1.358005311340093613e-02 4.458329454064369202e-02 5.126649513840675354e-03 2.347103320062160492e-02 9.359370172023773193e-02 1.001484245061874390e-01 7.821127027273178101e-02 5.948415771126747131e-02 3.945214673876762390e-03 6.855379324406385422e-03 1.852654106914997101e-02 2.210613712668418884e-02 6.901086308062076569e-03 7.962429895997047424e-03 4.284774884581565857e-02 3.001264669001102448e-02 1.966346614062786102e-02 2.880279533565044403e-02 2.386980922892689705e-03 3.450289135798811913e-03 2.846781536936759949e-02 1.754086464643478394e-02 5.090757273137569427e-03 5.749088153243064880e-02 4.648926481604576111e-02 2.218340151011943817e-02 1.227733865380287170e-02 9.275541640818119049e-03 2.540968358516693115e-03 5.554052186198532581e-04 4.342304542660713196e-02 1.524250861257314682e-02 3.649342432618141174e-02 3.531463444232940674e-02 3.107766807079315186e-02 1.883330941200256348e-02 1.494655292481184006e-02 3.742164000868797302e-02 1.094889361411333084e-02 2.729085087776184082e-02 2.228791266679763794e-02 1.341707352548837662e-02 6.366424262523651123e-02 3.368074074387550354e-02
7.403206080198287964e-03 2.957048360258340836e-03 1.046160794794559479e-02 2.728087827563285828e-02 1.006084773689508438e-02 4.845208674669265747e-02 1.044752355664968491e-02 4.816341213881969452e-03 6.311351060867309570e-02 5.679759383201599121e-01 2.776342071592807770e-02 2.129262080416083336e-03 1.650264114141464233e-02 4.510979354381561279e-02 2.805391512811183929e-02 3.420402295887470245e-03 3.175479546189308167e-02 6.913325190544128418e-02 7.744759321212768555e-02 4.241091758012771606e-02 3.593080863356590271e-02 1.880593784153461456e-02 2.684861794114112854e-02 3.494314104318618774e-02 4.896472766995429993e-02 3.588392958045005798e-02 6.050541251897811890e-02 2.466241270303726196e-02 3.495659306645393372e-02 2.429711632430553436e-03 1.248160842806100845e-02 1.098841801285743713e-02 5.202181264758110046e-02 1.702082343399524689e-02 5.208892375230789185e-02 1.082691363990306854e-02 1.879855245351791382e-02 2.384861372411251068e-02 3.082369640469551086e-02 2.210727520287036896e-02 4.877726733684539795e-02 2.144885947927832603e-03 2.978185005486011505e-02 3.699387609958648682e-02 1.088668592274188995e-02 6.930576264858245850e-02 1.208786666393280029e-02 3.101913258433341980e-02 4.701390862464904785e-02 8.809009939432144165e-02 4.283655807375907898e-02 2.598782302811741829e-03 1.391347311437129974e-02 6.228766869753599167e-03 2.772092632949352264e-02 9.405092895030975342e-02 5.754757206887006760e-03 1.777140051126480103e-02 4.826953262090682983e-02 3.648218140006065369e-02 2.377170324325561523e-02 3.413454815745353699e-02 1.929678110172972083e-04 3.509909147396683693e-03 2.662249607965350151e-03 2.606979338452219963e-03 2.067108079791069031e-02 7.734549231827259064e-03 3.414254635572433472e-02 2.070210129022598267e-02 4.977313429117202759e-02 4.311298578977584839e-02 6.434833630919456482e-03 3.195132687687873840e-02 4.274391010403633118e-02 9.692719206213951111e-03 4.843245446681976318e-02 7.762335240840911865e-02 2.919869730249047279e-03 1.162258461117744446e-01 2.377120964229106903e-02 3.635792806744575500e-02 5.298779159784317017e-02 7.857095450162887573e-02 4.732335731387138367e-02 3.732787678018212318e-03 1.491777133196592331e-02 2.476419322192668915e-02 5.154215171933174133e-02 2.736078388988971710e-02 6.879733875393867493e-03 3.855646774172782898e-02 5.276286974549293518e-02 6.508812773972749710e-03 1.942859403789043427e-02 2.402578666806221008e-02 1.889341510832309723e-02 3.247364610433578491e-02 2.532854303717613220e-02 1.090368069708347321e-02 1.600725948810577393e-02 4.367925866972655058e-04 4.192980006337165833e-02 2.993590012192726135e-02 3.423533961176872253e-02 2.377455681562423706e-02 1.655349042266607285e-03 5.081445723772048950e-02 8.764456957578659058e-03 2.500149421393871307e-02 4.724402911961078644e-03 1.679111644625663757e-02 3.102357685565948486e-02 4.826585575938224792e-02 1.801895536482334137e-02 5.335046909749507904e-03
1.387600153684616089e-01 1.257289350032806396e-01 2.595733664929866791e-02 3.668552730232477188e-03 4.245293512940406799e-02 1.084459945559501648e-01 8.679456263780593872e-02 9.865840896964073181e-03 1.204505190253257751e-02 2.776342071592807770e-02 5.903717279434204102e-01 2.753640525043010712e-02 1.437454223632812500e-01 1.088132336735725403e-02 2.866778336465358734e-02 2.158218063414096832e-02 2.134760608896613121e-03 2.367650344967842102e-02 1.916404813528060913e-02 3.609180077910423279e-02 2.277203835546970367e-02 1.987234689295291901e-02 1.679480075836181641e-02 8.140896447002887726e-03 2.291759103536605835e-02 3.244579210877418518e-02 1.561801601201295853e-02 4.317888990044593811e-02 1.469360850751399994e-02 4.512431845068931580e-02 4.121354967355728149e-02 1.208364963531494141e-02 4.710886254906654358e-02 1.855387911200523376e-02 2.752380073070526123e-02 4.334558732807636261e-03 1.681562885642051697e-02 9.895272552967071533e-03 3.728123381733894348e-02 2.363856136798858643e-02 2.021103166043758392e-02 2.074368856847286224e-02 4.112529754638671875e-02 2.981023862957954407e-02 2.607019059360027313e-02 3.893373534083366394e-02 9.963676333427429199e-02 8.527234196662902832e-02 3.951888158917427063e-02 2.131405845284461975e-02 1.295449491590261459e-02 2.616219688206911087e-03 3.013966791331768036e-02 3.872307762503623962e-02 4.443994909524917603e-02 6.149037741124629974e-03 3.527015820145606995e-02 3.659901395440101624e-02 6.884094327688217163e-03 2.290724962949752808e-02 1.774512231349945068e-02 2.321576699614524841e-03 3.610720485448837280e-02 1.919371262192726135e-02 5.873534083366394043e-02 6.915371119976043701e-02 2.237519808113574982e-02 1.550888759084045887e-03 3.949309512972831726e-02 2.418942190706729889e-02 3.854639083147048950e-02 2.995062060654163361e-02 1.325859688222408295e-02 2.110332250595092773e-02 3.520818427205085754e-02 7.801460567861795425e-03 3.945757821202278137e-02 1.304808072745800018e-03 1.856069453060626984e-02 3.809260576963424683e-02 5.785446148365736008e-03 2.138452604413032532e-02 1.804524660110473633e-02 1.607307232916355133e-02 1.986070536077022552e-02 3.608667524531483650e-03 4.894231632351875305e-02 8.764683455228805542e-02 1.698846742510795593e-02 1.094121020287275314e-02 3.774852305650711060e-02 5.601116269826889038e-02 4.175847023725509644e-02 4.792812466621398926e-02 2.206001989543437958e-02 6.200121715664863586e-04 2.306713350117206573e-02 2.122971042990684509e-02 3.670685738325119019e-02 2.780862711369991302e-02 4.302798584103584290e-02 4.583023488521575928e-02 1.901945099234580994e-02 3.182977810502052307e-02 4.384716227650642395e-02 1.831623539328575134e-02 2.164423279464244843e-02 3.652820363640785217e-02 4.356204718351364136e-02 3.026832081377506256e-02 9.992018342018127441e-03 3.784416988492012024e-02 3.007956594228744507e-02 2.609962224960327148e-02 5.234534665942192078e-02 2.549439296126365662e-02
5.455183563753962517e-04 1.539551187306642532e-03 3.929794952273368835e-02 1.334890141151845455e-03 6.917086429893970490e-03 4.150303825736045837e-02 1.471795700490474701e-02 6.153251742944121361e-04 4.817419219762086868e-03 2.129262080416083336e-03 2.753640525043010712e-02 5.661430358886718750e-01 4.207259044051170349e-03 1.367814093828201294e-01 1.993676088750362396e-02 2.180390805006027222e-02 1.695224083960056305e-02 1.488427806179970503e-04 3.368584439158439636e-02 1.527564134448766708e-02 6.277502980083227158e-03 4.088393226265907288e-02 4.605215415358543396e-02 4.172663390636444092e-02 3.467658534646034241e-02 2.202533744275569916e-02 4.250383004546165466e-02 6.556287407875061035e-02 2.210025861859321594e-02 7.582417130470275879e-02 2.616528607904911041e-02 5.640641972422599792e-02 1.859685406088829041e-02 5.197107419371604919e-02 5.017544329166412354e-02 1.061493065208196640e-02 1.903710886836051941e-02 4.628734663128852844e-03 2.372929453849792480e-02 8.017282234504818916e-04 1.704573445022106171e-02 2.476919069886207581e-02 5.372693017125129700e-02 8.148693596012890339e-04 2.948578260838985443e-02 1.322607416659593582e-02 4.154654685407876968e-03 5.630867928266525269e-02 1.809325441718101501e-02 4.877733811736106873e-02 9.548174217343330383e-03 4.671489819884300232e-02 2.789624035358428955e-02 6.606227159500122070e-02 2.951148152351379395e-02 3.326834877952933311e-03 1.956729032099246979e-02 3.463531285524368286e-02 3.799331560730934143e-02 2.999823540449142456e-02 3.886964917182922363e-02 5.977087095379829407e-02 7.096997927874326706e-03 6.397550459951162338e-03 5.401113070547580719e-03 4.196626599878072739e-03 2.790418639779090881e-02 2.037228643894195557e-02 5.351802334189414978e-03 2.443865314126014709e-02 7.747224881313741207e-04 1.551887486129999161e-02 8.464806713163852692e-03 3.698356449604034424e-02 8.582918904721736908e-03 8.843480609357357025e-04 5.618398077785968781e-03 1.965799927711486816e-02 2.267734520137310028e-02 4.953745286911725998e-03 4.460263531655073166e-03 2.150837704539299011e-02 1.575079932808876038e-02 7.521748077124357224e-03 2.339634671807289124e-02 6.775528891012072563e-04 4.989574663341045380e-03 1.619460177607834339e-03 3.584947809576988220e-02 8.966050110757350922e-03 2.161779813468456268e-02 5.643158033490180969e-02 2.048680372536182404e-02 9.368674829602241516e-03 2.461336925625801086e-02 1.056153886020183563e-02 2.510662190616130829e-02 3.716274350881576538e-02 5.011477321386337280e-02 3.593080863356590271e-02 3.338627517223358154e-02 2.462359890341758728e-02 1.332212239503860474e-02 1.573840272612869740e-03 1.098184287548065186e-02 5.110382568091154099e-03 3.929237276315689087e-02 4.586870595812797546e-02 3.476810827851295471e-02 2.313124947249889374e-02 4.710104316473007202e-02 4.191362857818603516e-02 4.320491477847099304e-02 4.928573966026306152e-02 1.700279489159584045e-02 1.168768666684627533e-02
1.393157392740249634e-01 1.378216147422790527e-01 1.975082233548164368e-02 4.994102753698825836e-03 4.118575900793075562e-02 1.238095909357070923e-01 1.031017377972602844e-01 3.986097406595945358e-03 2.088916115462779999e-02 1.650264114141464233e-02 1.437454223632812500e-01 4.207259044051170349e-03 5.906261801719665527e-01 3.125399723649024963e-02 3.396705910563468933e-02 2.248167246580123901e-02 1.056744586094282568e-04 3.984807059168815613e-02 8.795475587248802185e-04 2.918775938451290131e-02 4.238640516996383667e-02 8.316401392221450806e-03 1.268884073942899704e-02 5.621726159006357193e-03 2.241844078525900841e-03 1.557520404458045959e-02 1.393069606274366379e-02 4.025740176439285278e-02 2.335313521325588226e-02 4.242620617151260376e-02 2.419446967542171478e-02 4.149741027504205704e-03 4.727988690137863159e-02 1.393647212535142899e-02 1.506172027438879013e-02 6.233333842828869820e-04 4.236122593283653259e-03 7.241409039124846458e-04 4.075639694929122925e-02 3.361167758703231812e-02 3.576460853219032288e-02 2.446707524359226227e-02 4.003387317061424255e-02 3.906403854489326477e-02 2.224636636674404144e-02 2.116964757442474365e-02 1.082141175866127014e-01 8.189496397972106934e-02 4.334826767444610596e-02 2.768382430076599121e-02 1.782988011837005615e-02 5.467005539685487747e-03 1.565766148269176483e-02 3.264067461714148521e-03 4.188589379191398621e-02 3.215148113667964935e-03 3.610314056277275085e-02 3.912512585520744324e-02 1.529462053440511227e-03 1.499632000923156738e-02 2.292730286717414856e-02 7.361752213910222054e-04 3.273757547140121460e-02 1.794296875596046448e-02 5.279384553432464600e-02 8.247714489698410034e-02 3.934050351381301880e-02 2.448383904993534088e-02 3.867636620998382568e-02 2.928979694843292236e-03 3.825849667191505432e-02 4.388204216957092285e-02 1.936440542340278625e-02 4.365614429116249084e-02 4.121802747249603271e-02 1.655857660807669163e-03 2.891883812844753265e-02 1.173727400600910187e-02 1.565703935921192169e-02 2.201221324503421783e-02 6.852538790553808212e-03 4.289509262889623642e-03 1.228961255401372910e-02 2.164347097277641296e-03 2.915119007229804993e-02 2.021133340895175934e-02 6.630198657512664795e-02 9.506484866142272949e-02 1.938506960868835449e-02 1.907096803188323975e-02 2.517723664641380310e-02 3.572960197925567627e-02 2.873882651329040527e-02 5.683311447501182556e-02 1.238306146115064621e-02 1.317019015550613403e-02 2.558644302189350128e-02 1.955945603549480438e-02 3.238318115472793579e-02 2.458024211227893829e-02 2.507290989160537720e-02 3.111551702022552490e-02 5.499098449945449829e-03 1.016529276967048645e-02 4.145880043506622314e-02 2.713559940457344055e-02 2.985881082713603973e-02 1.719087176024913788e-02 2.371474727988243103e-02 3.519005328416824341e-02 1.256284303963184357e-04 3.580303117632865906e-02 4.028034582734107971e-02 3.974674642086029053e-02 4.399434477090835571e-02 1.373994722962379456e-02
