5.196884870529174805e-01 2.248369306325912476e-01 1.535469945520162582e-02 3.759965300559997559e-02 4.482761397957801819e-02 1.404324471950531006e-01 1.350061595439910889e-01 7.485085166990756989e-03 2.475040778517723083e-02 3.629035130143165588e-02 2.050613462924957275e-01 4.104994982481002808e-02 1.732205748558044434e-01 3.401513770222663879e-02 7.362851407378911972e-03 1.121481414884328842e-03 1.416274067014455795e-02 3.075666259974241257e-03 1.136999391019344330e-02 1.238499209284782410e-02 1.221865508705377579e-02 2.255566976964473724e-02 4.007665812969207764e-02 1.364322192966938019e-02 2.041333355009555817e-03 1.859100535511970520e-03 3.292394429445266724e-02 2.883911691606044769e-02 8.899665437638759613e-03 1.650940999388694763e-02 4.507115483283996582e-02 1.652361266314983368e-02 1.452740863896906376e-03 1.352374441921710968e-02 2.549074590206146240e-02 2.383480034768581390e-02 2.574871294200420380e-03 1.589095406234264374e-02 3.409326821565628052e-02 2.647547423839569092e-02 1.585857756435871124e-02 9.172842837870121002e-03 1.668612123467028141e-03 2.840333431959152222e-02 1.871543936431407928e-02 3.189663216471672058e-02 1.681510061025619507e-01 9.213187731802463531e-03 2.269546687602996826e-02 9.433262050151824951e-03 2.098170341923832893e-03 2.655127458274364471e-02 3.269984945654869080e-02 6.532387342303991318e-03 4.309745505452156067e-02 2.173878950998187065e-03 3.566110506653785706e-02 3.793575987219810486e-02 7.877781987190246582e-03 8.157184347510337830e-04 7.269619032740592957e-03 3.849636996164917946e-03 9.542017360217869282e-04 3.627061843872070312e-02 2.095564268529415131e-02 4.581052437424659729e-02 6.304134149104356766e-04 2.695498056709766388e-02 2.084383741021156311e-02 8.824547752737998962e-03 4.284329712390899658e-02 3.077849186956882477e-02 4.497740045189857483e-02 4.487326368689537048e-03 3.149953112006187439e-02 2.800096198916435242e-02 2.826371043920516968e-02 3.651498630642890930e-02 2.365679247304797173e-03 1.262069027870893478e-02 2.330178581178188324e-02 1.448731590062379837e-02 8.749902248382568359e-03 9.163303300738334656e-03 3.584419190883636475e-02 4.467118158936500549e-02 3.711527958512306213e-02 2.857921272516250610e-02 1.266883034259080887e-02 1.224998850375413895e-02 1.443995628505945206e-02 1.751984702423214912e-03 1.754613406956195831e-02 4.190190136432647705e-02 2.252941206097602844e-02 4.105165973305702209e-02 5.459371022880077362e-03 3.507563471794128418e-02 4.520243965089321136e-03 3.005407564342021942e-02 2.086308598518371582e-02 2.216661348938941956e-02 1.999222114682197571e-02 2.257815934717655182e-02 2.104938589036464691e-02 1.457433030009269714e-02 3.036658093333244324e-02 3.518199548125267029e-02 5.096356035210192204e-04 1.278568245470523834e-02 1.066742185503244400e-02 1.335438713431358337e-02 3.987629711627960205e-02 4.531219601631164551e-02 3.691152483224868774e-02 2.609506482258439064e-03
2.248369306325912476e-01 5.147213935852050781e-01 1.712571084499359131e-02 3.183800727128982544e-02 2.271676994860172272e-02 1.361400187015533447e-01 1.562824398279190063e-01 4.148236475884914398e-03 9.818665683269500732e-03 3.161132708191871643e-02 1.742775440216064453e-01 3.371360525488853455e-02 1.672902703285217285e-01 1.747515611350536346e-02 6.799993570894002914e-03 1.013858895748853683e-02 1.348234899342060089e-02 3.533779410645365715e-03 2.105207741260528564e-02 1.519719604402780533e-03 2.100760117173194885e-02 1.746291108429431915e-02 1.933769136667251587e-02 7.894057780504226685e-03 4.676549229770898819e-03 2.695511793717741966e-03 3.309365734457969666e-02 3.877615928649902344e-02 3.948632255196571350e-02 4.363219812512397766e-02 1.819954067468643188e-02 2.425613254308700562e-02 3.864515200257301331e-02 2.012296020984649658e-02 3.945571929216384888e-02 3.407014906406402588e-02 5.880825687199831009e-03 8.251356892287731171e-03 5.586294457316398621e-03 1.938230358064174652e-02 7.762992288917303085e-03 5.238906946033239365e-03 9.878630749881267548e-03 1.628989912569522858e-02 1.546662859618663788e-02 1.396183390170335770e-02 1.489561349153518677e-01 3.070356883108615875e-02 4.423855617642402649e-02 7.948392303660511971e-04 2.306289039552211761e-02 1.562903635203838348e-02 3.594938665628433228e-02 1.447301637381315231e-02 1.967514120042324066e-02 7.499278057366609573e-03 2.001153305172920227e-03 1.268499158322811127e-02 3.210623189806938171e-02 7.994658313691616058e-03 1.619047857820987701e-02 3.320515155792236328e-02 2.043217979371547699e-02 6.042709574103355408e-03 1.167162973433732986e-02 1.578096859157085419e-02 2.486616186797618866e-02 8.704683743417263031e-03 2.203281410038471222e-02 9.204125031828880310e-03 3.910494968295097351e-02 2.820561453700065613e-02 3.077778033912181854e-02 1.139172585681080818e-03 4.392223060131072998e-02 9.625161997973918915e-03 1.640182547271251678e-02 3.278035670518875122e-02 2.508527785539627075e-02 2.422305755317211151e-02 2.908867597579956055e-02 9.150068275630474091e-03 2.116815187036991119e-02 3.880967572331428528e-02 3.324766084551811218e-02 4.500341415405273438e-02 2.227063849568367004e-02 2.483054250478744507e-02 1.776542142033576965e-02 1.754369237460196018e-03 1.136270444840192795e-02 2.979923039674758911e-02 6.471128202974796295e-03 4.694641754031181335e-02 2.133462391793727875e-02 4.344087466597557068e-02 2.007810398936271667e-02 1.300654932856559753e-02 2.313958294689655304e-02 3.340025618672370911e-02 3.595750778913497925e-02 1.264044735580682755e-02 2.516615018248558044e-02 1.768383197486400604e-02 2.265471266582608223e-04 1.957233622670173645e-02 1.650249771773815155e-02 4.608137998729944229e-03 3.037841245532035828e-02 5.176310986280441284e-02 2.153880521655082703e-02 3.066264279186725616e-02 3.047500364482402802e-02 4.459456726908683777e-02 1.946553774178028107e-02 8.254070766270160675e-03
1.535469945520162582e-02 1.712571084499359131e-02 4.739800691604614258e-01 3.424178063869476318e-02 9.986835531890392303e-03 1.298588793724775314e-02 3.998352214694023132e-02 1.185466051101684570e-01 4.256371408700942993e-02 2.919041179120540619e-02 5.144911259412765503e-02 3.979219868779182434e-02 2.396459924057126045e-03 3.904771059751510620e-02 7.755021005868911743e-02 3.033897373825311661e-03 4.465141147375106812e-02 1.244077831506729126e-02 1.141220238059759140e-02 1.199510693550109863e-02 3.375195711851119995e-02 3.005254641175270081e-02 1.105677708983421326e-02 1.966719515621662140e-03 1.069627329707145691e-02 2.439690008759498596e-02 7.744321599602699280e-03 2.144502662122249603e-02 1.221843267558142543e-04 2.738358220085501671e-03 2.749583870172500610e-02 1.447790395468473434e-02 6.881400477141141891e-03 3.466738760471343994e-02 1.148901414126157761e-02 1.599094457924365997e-02 3.026134520769119263e-02 3.675242140889167786e-02 1.732865720987319946e-02 7.211030926555395126e-03 4.934844374656677246e-02 2.464912831783294678e-02 1.275822147727012634e-02 5.766193196177482605e-02 1.901297713629901409e-03 1.226983964443206787e-02 3.796436265110969543e-02 7.438842207193374634e-02 1.678327098488807678e-02 2.467403002083301544e-02 7.581570534966886044e-04 1.395949628204107285e-02 4.451323300600051880e-02 1.567249768413603306e-03 8.665396831929683685e-03 2.331993542611598969e-02 2.578678727149963379e-02 1.322242803871631622e-02 4.522240534424781799e-02 1.943564228713512421e-02 5.874937400221824646e-03 4.165957495570182800e-02 2.648228779435157776e-02 3.353859484195709229e-02 1.630788296461105347e-02 3.277236968278884888e-02 3.929819539189338684e-02 2.824177965521812439e-02 2.055608108639717102e-02 1.563342660665512085e-02 2.498326823115348816e-03 1.272328663617372513e-02 3.250712156295776367e-02 4.601907730102539062e-02 4.596025869250297546e-02 1.334815286099910736e-02 1.992930471897125244e-02 3.868807479739189148e-02 5.423761904239654541e-03 3.859923686832189560e-03 1.264680624008178711e-01 8.684496581554412842e-02 2.093475125730037689e-02 4.058683291077613831e-02 1.476151030510663986e-02 2.403428964316844940e-02 5.892187356948852539e-02 7.047481089830398560e-02 2.253576554358005524e-02 4.108747933059930801e-03 4.538882989436388016e-03 3.100273199379444122e-03 2.505050040781497955e-02 7.795577985234558582e-04 4.377501830458641052e-02 2.142126671969890594e-02 1.804049126803874969e-02 2.331862458959221840e-03 1.500701345503330231e-02 3.654929250478744507e-02 2.356064133346080780e-02 1.905935630202293396e-02 1.322982646524906158e-02 1.078673917800188065e-02 4.007236286997795105e-02 3.185020759701728821e-02 2.498103305697441101e-02 1.965084485709667206e-02 7.609107065945863724e-03 1.539175771176815033e-02 5.598906800150871277e-02 3.946704417467117310e-02 2.988634072244167328e-02 2.142955362796783447e-02 1.040531322360038757e-02 1.092713419348001480e-02
3.759965300559997559e-02 3.183800727128982544e-02 3.424178063869476318e-02 4.952433705329895020e-01 1.271937638521194458e-01 3.996760398149490356e-02 3.223890438675880432e-02 3.646911864052526653e-05 1.827349513769149780e-02 5.860205739736557007e-02 4.757468402385711670e-02 2.357949130237102509e-02 3.872640058398246765e-02 2.000587526708841324e-03 6.022401619702577591e-03 1.124481670558452606e-02 4.395938292145729065e-02 1.842110790312290192e-02 4.051082208752632141e-02 2.970840036869049072e-02 2.624997403472661972e-03 2.291810698807239532e-03 5.599501356482505798e-02 4.848393797874450684e-02 2.143594808876514435e-02 3.480622917413711548e-02 2.564875967800617218e-02 5.843806639313697815e-02 1.987235434353351593e-02 3.796505182981491089e-02 3.095524758100509644e-02 2.462423965334892273e-02 1.563565991818904877e-02 3.173244744539260864e-02 1.749306917190551758e-02 1.934856921434402466e-02 2.091806568205356598e-02 8.242875337600708008e-03 6.458934396505355835e-02 2.390839532017707825e-02 2.185046859085559845e-02 1.050040591508150101e-02 9.867399930953979492e-03 3.059373050928115845e-02 2.464456856250762939e-02 4.887941852211952209e-02 4.630409926176071167e-02 5.538846831768751144e-03 3.566173091530799866e-02 1.819277182221412659e-02 1.253833528608083725e-02 9.456505998969078064e-03 1.721959747374057770e-02 4.260171204805374146e-02 3.605628013610839844e-02 1.755268312990665436e-02 1.925749145448207855e-02 1.484754588454961777e-02 1.580876857042312622e-02 3.680262714624404907e-02 4.147671908140182495e-02 3.235697001218795776e-02 2.029261738061904907e-02 1.857772096991539001e-02 1.467203069478273392e-02 5.247191525995731354e-03 1.493992377072572708e-02 2.618787623941898346e-02 1.921798847615718842e-02 1.633386127650737762e-02 4.248614888638257980e-03 1.729209441691637039e-03 8.080394566059112549e-02 4.939536750316619873e-02 4.822248965501785278e-02 2.931449003517627716e-02 2.327809110283851624e-03 3.892658650875091553e-02 1.941275224089622498e-02 3.218059986829757690e-02 4.367159213870763779e-03 4.983215034008026123e-02 6.039416044950485229e-02 3.843164443969726562e-02 1.474421098828315735e-02 1.431730855256319046e-02 1.225754432380199432e-02 2.869827859103679657e-02 5.000809207558631897e-02 3.102163784205913544e-02 1.052386406809091568e-02 2.865519560873508453e-02 2.269005961716175079e-02 4.739404097199440002e-02 3.475240245461463928e-02 2.807351201772689819e-02 1.123979035764932632e-02 2.284319605678319931e-03 1.162512693554162979e-02 3.743599867448210716e-03 4.940881952643394470e-02 4.561253357678651810e-03 4.046731162816286087e-03 1.402062829583883286e-02 3.421040996909141541e-02 3.254675492644309998e-02 1.815974339842796326e-02 3.420928120613098145e-02 4.499878734350204468e-02 1.957820542156696320e-02 3.529078885912895203e-02 4.897980950772762299e-03 1.743272133171558380e-02 2.813417231664061546e-03 3.096563741564750671e-02 2.750977687537670135e-02
4.482761397957801819e-02 2.271676994860172272e-02 9.986835531890392303e-03 1.271937638521194458e-01 5.094060897827148438e-01 4.057034477591514587e-02 3.736556693911552429e-02 5.268294829875230789e-03 3.874648734927177429e-02 3.704700246453285217e-02 3.404191881418228149e-02 2.481972333043813705e-03 3.051758371293544769e-02 1.810120046138763428e-02 1.505157630890607834e-02 3.539362177252769470e-02 5.042927339673042297e-02 2.556621283292770386e-02 8.358158916234970093e-02 1.764790900051593781e-02 7.835661061108112335e-03 1.141639240086078644e-02 1.829886995255947113e-02 1.837613992393016815e-02 2.311819978058338165e-02 1.676670089364051819e-02 4.972936119884252548e-03 1.180738862603902817e-02 4.773348569869995117e-02 3.780588274821639061e-03 3.191330656409263611e-02 3.041456080973148346e-02 2.625579759478569031e-02 5.692079290747642517e-02 3.455134481191635132e-02 4.178114235401153564e-02 4.507532715797424316e-02 7.060870993882417679e-03 1.873018778860569000e-02 3.298119828104972839e-02 2.812537737190723419e-02 1.247025001794099808e-02 6.721728947013616562e-03 2.358027361333370209e-02 4.025041684508323669e-02 3.010248206555843353e-02 4.667967557907104492e-02 1.078162714838981628e-02 2.770113945007324219e-02 2.440951019525527954e-02 1.955773448571562767e-03 3.937952592968940735e-02 2.590632438659667969e-02 2.930083870887756348e-02 4.330112785100936890e-02 3.807546570897102356e-02 1.042897626757621765e-02 1.244841981679201126e-02 4.716357588768005371e-02 2.719471976161003113e-02 6.113173440098762512e-02 7.764568924903869629e-02 8.157707052305340767e-04 3.092344477772712708e-02 4.637457430362701416e-02 5.490994546562433243e-03 2.586566656827926636e-02 3.462311252951622009e-02 2.269084192812442780e-02 8.553252555429935455e-04 2.058070339262485504e-02 3.309349715709686279e-02 5.677870661020278931e-02 3.727874159812927246e-02 6.620572507381439209e-02 4.172089695930480957e-02 2.952235937118530273e-02 2.984371408820152283e-02 6.376805249601602554e-03 2.073008008301258087e-02 2.668891847133636475e-02 2.521992661058902740e-02 5.058835074305534363e-02 8.095071464776992798e-02 1.501327194273471832e-02 1.967344246804714203e-02 4.617021605372428894e-02 3.626740351319313049e-02 1.112224441021680832e-02 8.382956497371196747e-03 3.730525961145758629e-03 7.479940075427293777e-03 1.000957190990447998e-02 3.736617788672447205e-02 1.441312301903963089e-02 3.861550614237785339e-02 2.076758816838264465e-02 1.170887891203165054e-02 1.022313814610242844e-02 8.817337948130443692e-05 3.979867324233055115e-02 1.095316745340824127e-02 2.759135514497756958e-02 1.073494437150657177e-03 3.170738741755485535e-02 3.159596398472785950e-02 4.121044278144836426e-02 5.439285561442375183e-02 3.464415296912193298e-02 5.099164322018623352e-02 2.263147942721843719e-02 2.607185021042823792e-02 3.944130986928939819e-02 3.241261001676321030e-04 9.545880369842052460e-03 3.262032195925712585e-02
1.404324471950531006e-01 1.361400187015533447e-01 1.298588793724775314e-02 3.996760398149490356e-02 4.057034477591514587e-02 5.141803026199340820e-01 1.981114149093627930e-01 3.333202749490737915e-02 4.319927468895912170e-02 3.839956596493721008e-02 1.069730967283248901e-01 3.362666070461273193e-02 8.957421779632568359e-02 5.313071236014366150e-02 5.296274647116661072e-02 9.824415668845176697e-03 1.420360151678323746e-02 1.458844915032386780e-02 2.470179274678230286e-02 8.061517030000686646e-03 1.712151058018207550e-02 3.949008882045745850e-02 1.462303847074508667e-02 4.224537871778011322e-03 7.251769304275512695e-03 1.490945927798748016e-02 5.687473341822624207e-03 1.283060479909181595e-02 2.510138973593711853e-02 1.377411559224128723e-02 4.149904102087020874e-02 2.708932198584079742e-02 4.407591000199317932e-02 2.405229583382606506e-02 2.587315067648887634e-02 8.452385663986206055e-03 2.732631005346775055e-02 4.005423933267593384e-02 7.330187130719423294e-03 3.498343005776405334e-02 4.245839640498161316e-02 2.071095257997512817e-02 3.863134607672691345e-02 2.682003937661647797e-02 3.756158798933029175e-02 1.419172063469886780e-02 1.846018284559249878e-01 7.490539550781250000e-02 7.893493399024009705e-03 2.036651968955993652e-02 1.021278742700815201e-02 4.312075674533843994e-02 4.866684973239898682e-02 1.539415866136550903e-02 3.905315650627017021e-03 2.206236496567726135e-02 2.393322996795177460e-02 5.100515112280845642e-02 2.145057311281561852e-03 1.589177362620830536e-02 2.493999525904655457e-02 8.985423482954502106e-03 2.624500310048460960e-03 4.098527133464813232e-02 2.895849384367465973e-02 3.726906329393386841e-02 1.040018163621425629e-02 2.058980613946914673e-02 1.334206108003854752e-02 7.562921848148107529e-03 2.619735710322856903e-02 3.837083233520388603e-03 2.453746087849140167e-02 1.109382696449756622e-02 1.682466454803943634e-02 1.660315319895744324e-02 2.894859015941619873e-02 3.676810115575790405e-02 1.929306611418724060e-02 8.722379803657531738e-03 2.269798330962657928e-02 4.662824328988790512e-03 2.093956060707569122e-02 1.199633069336414337e-02 4.058802872896194458e-02 4.759823903441429138e-02 3.615833586081862450e-03 1.522946730256080627e-02 3.932284936308860779e-02 2.707528881728649139e-02 3.469217941164970398e-02 1.821449375711381435e-03 3.438692539930343628e-02 1.978061161935329437e-02 1.390687841922044754e-02 1.180172152817249298e-02 6.123667582869529724e-03 4.137734323740005493e-02 8.849778212606906891e-03 4.355923458933830261e-02 3.156262263655662537e-02 4.512991383671760559e-02 1.157910563051700592e-02 1.372317131608724594e-02 1.666282117366790771e-02 1.337658893316984177e-02 3.003569552674889565e-03 3.585173189640045166e-02 3.129817917943000793e-02 3.278069570660591125e-02 1.395428553223609924e-02 7.950324565172195435e-03 3.531281370669603348e-03 2.050506323575973511e-02 2.343856357038021088e-02 8.516418893123045564e-05
1.350061595439910889e-01 1.562824398279190063e-01 3.998352214694023132e-02 3.223890438675880432e-02 3.736556693911552429e-02 1.981114149093627930e-01 5.170333385467529297e-01 2.950653433799743652e-02 3.212489932775497437e-02 3.465414792299270630e-02 1.185583621263504028e-01 2.123600570484995842e-03 1.267536878585815430e-01 1.529355626553297043e-02 5.126626789569854736e-02 3.189025074243545532e-02 4.102817922830581665e-02 3.433802723884582520e-02 4.121926054358482361e-02 8.654757402837276459e-05 7.464980706572532654e-03 4.481200873851776123e-02 1.799322851002216339e-02 1.304876711219549179e-02 1.433632895350456238e-02 2.551148645579814911e-02 3.132513165473937988e-02 5.173208657652139664e-03 3.251963853836059570e-02 2.016448043286800385e-02 1.502916589379310608e-02 3.973174095153808594e-02 2.528326585888862610e-02 2.730773948132991791e-02 1.628993637859821320e-02 7.965674623847007751e-03 4.155988618731498718e-02 1.765155419707298279e-02 3.125201165676116943e-02 2.676362870261073112e-03 2.584085240960121155e-02 4.344282671809196472e-02 4.164467751979827881e-02 3.331621363759040833e-02 2.794077806174755096e-02 2.251599356532096863e-02 1.769084632396697998e-01 1.698311716318130493e-01 5.359936039894819260e-03 2.795841358602046967e-02 7.145686075091362000e-03 1.211083773523569107e-02 3.943019360303878784e-02 3.286012262105941772e-02 1.939329318702220917e-02 3.495590388774871826e-02 1.225473824888467789e-02 2.315554767847061157e-02 2.324105426669120789e-02 6.762211211025714874e-03 3.043983504176139832e-02 3.096670657396316528e-02 2.818648144602775574e-02 3.454469144344329834e-02 1.414061523973941803e-02 3.668447583913803101e-02 1.444156654179096222e-02 4.096762090921401978e-02 1.873279176652431488e-02 5.422842875123023987e-02 4.640185087919235229e-02 2.544649131596088409e-02 1.633054949343204498e-02 2.733449637889862061e-02 2.919742651283740997e-02 1.114160846918821335e-02 3.919678181409835815e-02 2.069293754175305367e-03 1.053328718990087509e-02 3.707416355609893799e-02 2.939114719629287720e-02 1.756537891924381256e-02 3.656555712223052979e-02 2.967354469001293182e-02 1.954584755003452301e-02 2.700617164373397827e-02 6.038119085133075714e-03 2.796894696075469255e-04 1.512041501700878143e-02 9.156042360700666904e-04 2.500741276890039444e-03 3.038864582777023315e-02 5.102879181504249573e-02 3.626273572444915771e-02 1.369967032223939896e-02 3.310295939445495605e-02 3.471272811293601990e-02 2.110086567699909210e-02 1.799364946782588959e-02 3.046270459890365601e-02 1.925875246524810791e-02 3.071137145161628723e-02 9.685601107776165009e-03 2.731896191835403442e-02 9.189411066472530365e-03 1.296215038746595383e-02 2.962942700833082199e-03 2.805486693978309631e-02 3.675730153918266296e-02 3.219716623425483704e-02 1.978803239762783051e-02 1.274114660918712616e-02 1.144768088124692440e-03 2.878065407276153564e-02 3.541705757379531860e-02 1.191910542547702789e-02
7.485085166990756989e-03 4.148236475884914398e-03 1.185466051101684570e-01 3.646911864052526653e-05 5.268294829875230789e-03 3.333202749490737915e-02 2.950653433799743652e-02 5.021823048591613770e-01 2.447083406150341034e-02 3.487987816333770752e-02 2.578132972121238708e-02 2.257037535309791565e-02 3.453407064080238342e-02 1.713160052895545959e-02 1.507970988750457764e-01 3.841757401823997498e-02 9.963952004909515381e-03 4.119690880179405212e-02 3.248085826635360718e-02 3.948298841714859009e-02 5.995632614940404892e-03 1.014990881085395813e-01 5.464267916977405548e-03 7.625679019838571548e-03 3.983878344297409058e-02 1.553419139236211777e-02 5.424544215202331543e-02 4.876298364251852036e-03 6.772444117814302444e-03 2.750080637633800507e-02 1.825163699686527252e-02 3.952080011367797852e-02 2.063457481563091278e-02 4.105669632554054260e-02 2.164405537769198418e-03 1.942745037376880646e-02 8.930412121117115021e-03 8.183865807950496674e-03 4.070324823260307312e-02 6.576200481504201889e-03 2.217783965170383453e-02 6.336429622024297714e-03 3.800971806049346924e-02 2.394140511751174927e-02 4.558876901865005493e-02 2.874148637056350708e-02 1.050504017621278763e-02 3.671081364154815674e-02 2.339563332498073578e-02 3.902779519557952881e-02 6.113206595182418823e-02 1.561217941343784332e-02 1.562025491148233414e-02 5.588935315608978271e-02 2.292136475443840027e-02 3.406725451350212097e-02 3.614783659577369690e-02 2.283712849020957947e-02 4.507391899824142456e-02 2.884364873170852661e-02 1.183035131543874741e-02 1.559932570671662688e-04 3.119874373078346252e-02 2.626205980777740479e-02 1.958872377872467041e-02 3.382379934191703796e-02 2.872550487518310547e-02 8.367764763534069061e-03 4.037591814994812012e-02 4.105446487665176392e-02 4.610443115234375000e-02 2.764894254505634308e-02 2.612099051475524902e-02 4.348151758313179016e-02 3.775256127119064331e-02 4.518783651292324066e-03 3.607859462499618530e-02 3.535487502813339233e-02 1.965660229325294495e-02 2.500914223492145538e-02 1.500111073255538940e-01 1.444831192493438721e-01 4.066891223192214966e-02 9.009760804474353790e-03 5.163491703569889069e-03 2.263967320322990417e-02 1.392282992601394653e-01 1.234342083334922791e-01 3.369329124689102173e-02 4.863959271460771561e-03 4.633761569857597351e-02 4.254730790853500366e-02 4.354711249470710754e-02 9.118475951254367828e-03 2.789641963317990303e-03 1.557991001754999161e-02 7.020047632977366447e-04 3.966623544692993164e-02 3.343515098094940186e-02 1.509722787886857986e-02 3.947718068957328796e-03 5.779113853350281715e-04 1.046384451910853386e-03 3.080936521291732788e-02 2.484328672289848328e-02 1.466556638479232788e-02 3.562051057815551758e-02 2.614243328571319580e-02 1.248982362449169159e-02 2.553838305175304413e-02 3.771227225661277771e-02 2.200455032289028168e-02 1.719430275261402130e-02 3.580182045698165894e-02 8.689417503774166107e-03 2.849703887477517128e-03
2.475040778517723083e-02 9.818665683269500732e-03 4.256371408700942993e-02 1.827349513769149780e-02 3.874648734927177429e-02 4.319927468895912170e-02 3.212489932775497437e-02 2.447083406150341034e-02 5.011978745460510254e-01 7.200299203395843506e-02 2.472895570099353790e-02 4.165019840002059937e-02 3.789944201707839966e-02 1.320935506373643875e-02 2.317757532000541687e-02 2.008614316582679749e-02 1.705116964876651764e-02 3.629947453737258911e-02 9.213488548994064331e-03 1.138183567672967911e-02 5.637717619538307190e-02 3.497225116007030010e-04 5.430610477924346924e-02 2.600650116801261902e-02 4.600814357399940491e-02 1.033588964492082596e-02 3.129642456769943237e-02 3.130862722173333168e-03 1.898397877812385559e-02 6.830071099102497101e-03 3.445799276232719421e-02 4.161716625094413757e-02 2.246750518679618835e-02 2.286743000149726868e-02 3.387885540723800659e-02 3.371703997254371643e-02 3.463490633293986320e-03 1.369896624237298965e-02 3.782205283641815186e-02 5.119925737380981445e-02 4.847508389502763748e-03 1.628781668841838837e-02 3.310090303421020508e-02 2.402724931016564369e-03 1.076262723654508591e-02 2.323039807379245758e-02 1.828862912952899933e-02 4.993721470236778259e-02 5.285789817571640015e-02 9.688739664852619171e-03 2.422437071800231934e-02 1.814558915793895721e-02 1.890565082430839539e-02 3.694753348827362061e-02 9.854298084974288940e-02 1.164164114743471146e-02 1.379387336783111095e-03 1.705659739673137665e-02 2.340511791408061981e-02 4.539092630147933960e-02 1.699468865990638733e-02 2.298671193420886993e-02 3.878608345985412598e-02 2.740156278014183044e-02 3.684395924210548401e-02 5.014164000749588013e-02 3.544327244162559509e-02 5.616501346230506897e-02 7.343543320894241333e-02 2.275235392153263092e-02 4.466157406568527222e-02 7.820372469723224640e-03 3.267157450318336487e-02 4.170274361968040466e-02 2.825578674674034119e-02 3.891683742403984070e-02 1.487601399421691895e-01 1.100554093718528748e-01 6.597185879945755005e-02 1.972081698477268219e-02 1.857911609113216400e-02 3.506198897957801819e-02 8.971009403467178345e-03 2.287710784003138542e-03 3.223725780844688416e-02 4.238831624388694763e-02 1.362108904868364334e-02 5.581730045378208160e-03 4.550836607813835144e-02 3.539062291383743286e-02 3.728054231032729149e-03 6.102740881033241749e-04 1.014466211199760437e-02 3.921763598918914795e-02 4.064496234059333801e-02 4.793755710124969482e-02 3.348296880722045898e-02 2.844442799687385559e-02 5.178449675440788269e-02 8.120547281578183174e-04 7.672728970646858215e-03 5.482823401689529419e-02 1.105629652738571167e-02 3.236726671457290649e-02 4.009053483605384827e-02 4.477436188608407974e-03 9.422805160284042358e-03 6.907823844812810421e-04 3.599153831601142883e-02 2.207710780203342438e-02 3.414905816316604614e-02 5.512022227048873901e-02 3.319710493087768555e-02 5.182098597288131714e-02 2.697982825338840485e-02 1.410451903939247131e-02
3.629035130143165588e-02 3.161132708191871643e-02 2.919041179120540619e-02 5.860205739736557007e-02 3.704700246453285217e-02 3.839956596493721008e-02 3.465414792299270630e-02 3.487987816333770752e-02 7.200299203395843506e-02 5.054454207420349121e-01 9.577529504895210266e-03 2.095177583396434784e-02 1.608526147902011871e-02 2.213438227772712708e-02 2.808321081101894379e-02 2.118114195764064789e-02 4.633392766118049622e-02 1.578074065037071705e-03 3.488181158900260925e-02 2.642812766134738922e-02 2.909075468778610229e-03 1.994545012712478638e-02 1.448126509785652161e-02 5.072079971432685852e-02 1.682136580348014832e-02 4.708382184617221355e-04 3.074424713850021362e-02 3.240372985601425171e-02 2.795149013400077820e-02 5.794025212526321411e-02 3.003111667931079865e-02 7.098744623363018036e-03 6.667787674814462662e-03 3.550139069557189941e-02 2.978263981640338898e-02 3.962802886962890625e-02 1.160968933254480362e-02 6.638426799327135086e-03 2.724254131317138672e-02 4.392429441213607788e-02 3.465645015239715576e-02 4.834418185055255890e-03 7.702633272856473923e-03 3.523371368646621704e-02 1.433394197374582291e-02 2.783324196934700012e-02 3.218320012092590332e-02 3.521367162466049194e-02 5.019398033618927002e-02 8.018197864294052124e-02 3.908353298902511597e-02 1.872955262660980225e-02 3.933140262961387634e-02 1.715939119458198547e-02 5.448239669203758240e-02 9.413995593786239624e-02 5.091084539890289307e-02 3.276356682181358337e-02 3.601906076073646545e-02 4.592973366379737854e-02 3.420746326446533203e-02 7.773045916110277176e-03 3.152875229716300964e-02 4.841655865311622620e-02 3.615737706422805786e-02 3.816172853112220764e-02 1.360587589442729950e-02 3.888278827071189880e-02 4.388516768813133240e-03 5.268345121294260025e-03 3.254546225070953369e-02 1.827198639512062073e-02 1.083609554916620255e-02 8.869968354701995850e-03 5.745521187782287598e-02 1.342023909091949463e-02 2.776510640978813171e-02 1.254191994667053223e-01 7.982674241065979004e-02 1.278159320354461670e-01 2.881688438355922699e-02 2.935017645359039307e-02 3.110197372734546661e-02 1.252114493399858475e-02 6.244966387748718262e-02 3.826336935162544250e-02 4.227376729249954224e-02 6.521949544548988342e-03 6.065434217453002930e-02 1.702686771750450134e-02 1.645924709737300873e-02 2.744738198816776276e-02 1.822206377983093262e-02 1.126094255596399307e-02 3.138762339949607849e-02 2.128284424543380737e-02 1.426932308822870255e-02 4.398076236248016357e-02 1.921170018613338470e-02 5.232864245772361755e-02 3.418063372373580933e-02 1.484033651649951935e-02 2.482909895479679108e-02 6.467763334512710571e-03 7.392398081719875336e-03 4.195125401020050049e-02 2.924463339149951935e-02 3.327952697873115540e-02 1.273071300238370895e-02 2.996148914098739624e-02 1.286242622882127762e-02 1.391796581447124481e-02 3.617258369922637939e-02 2.202897518873214722e-02 1.537852734327316284e-02 3.922497853636741638e-03
2.050613462924957275e-01 1.742775440216064453e-01 5.144911259412765503e-02 4.757468402385711670e-02 3.404191881418228149e-02 1.069730967283248901e-01 1.185583621263504028e-01 2.578132972121238708e-02 2.472895570099353790e-02 9.577529504895210266e-03 5.187537670135498047e-01 4.419880360364913940e-02 2.140098065137863159e-01 3.928216174244880676e-02 2.890728786587715149e-02 3.715255111455917358e-02 2.003310620784759521e-02 1.864948868751525879e-02 1.394141186028718948e-02 3.384110331535339355e-02 3.568224608898162842e-02 2.148855477571487427e-02 2.140852436423301697e-02 4.014753177762031555e-02 3.479394316673278809e-02 3.684056177735328674e-02 2.601933106780052185e-02 7.273571100085973740e-03 3.425928531214594841e-03 4.744039848446846008e-03 4.184670001268386841e-02 4.490741062909364700e-03 3.510526195168495178e-02 4.432199057191610336e-03 3.653123229742050171e-02 2.529124030843377113e-04 2.724433131515979767e-02 4.181487858295440674e-02 1.312279980629682541e-02 4.681688174605369568e-02 1.748811081051826477e-02 5.201792344450950623e-03 1.720498129725456238e-02 3.872052207589149475e-02 8.553863503038883209e-03 1.779381744563579559e-02 1.320121437311172485e-01 1.161864865571260452e-02 2.480452880263328552e-02 1.590824499726295471e-02 2.957725524902343750e-02 3.203402459621429443e-02 3.139562532305717468e-02 2.916804701089859009e-02 1.885082013905048370e-02 4.768878687173128128e-03 2.823879942297935486e-03 9.841520339250564575e-03 1.707111112773418427e-02 2.736417809501290321e-04 7.455990416929125786e-04 1.150112412869930267e-02 4.479884635657072067e-03 3.314255550503730774e-02 5.087553709745407104e-02 6.917078793048858643e-02 4.465882852673530579e-02 2.262594737112522125e-02 4.009024426341056824e-02 1.832438074052333832e-02 3.313257917761802673e-02 4.502312093973159790e-02 4.537130519747734070e-02 3.032606327906250954e-03 3.187143057584762573e-02 3.708767518401145935e-02 2.538290806114673615e-02 2.071069180965423584e-02 2.482904307544231415e-02 4.333864897489547729e-02 1.583967357873916626e-02 7.709150668233633041e-03 1.413498423062264919e-03 2.349660280742682517e-05 1.370111480355262756e-02 1.186162419617176056e-02 8.095502108335494995e-02 4.580730944871902466e-02 3.031009342521429062e-03 2.958948025479912758e-03 1.692305691540241241e-02 3.476987406611442566e-02 2.963040955364704132e-02 3.203701600432395935e-02 1.494798343628644943e-02 1.099118590354919434e-02 2.566856518387794495e-02 4.039300139993429184e-03 1.767833018675446510e-03 2.905137278139591217e-02 3.517508879303932190e-02 1.210707426071166992e-02 4.964355751872062683e-02 1.641528122127056122e-02 1.943637803196907043e-02 1.799650676548480988e-02 3.333388268947601318e-02 4.998853430151939392e-02 8.020565845072269440e-03 1.177290081977844238e-02 1.762842945754528046e-02 1.387738622725009918e-02 4.351329803466796875e-02 1.377452909946441650e-02 2.818831242620944977e-02 4.527589678764343262e-02
4.104994982481002808e-02 3.371360525488853455e-02 3.979219868779182434e-02 2.357949130237102509e-02 2.481972333043813705e-03 3.362666070461273193e-02 2.123600570484995842e-03 2.257037535309791565e-02 4.165019840002059937e-02 2.095177583396434784e-02 4.419880360364913940e-02 5.076718926429748535e-01 3.756066411733627319e-02 1.980854868888854980e-01 3.051695041358470917e-02 3.691399842500686646e-02 4.185487329959869385e-02 1.894634775817394257e-02 2.607292681932449341e-02 7.638773880898952484e-03 3.840944170951843262e-02 1.042143348604440689e-02 6.634002178907394409e-02 2.571255713701248169e-02 3.470065444707870483e-02 5.441874265670776367e-03 3.732912614941596985e-02 1.254571080207824707e-01 5.330378934741020203e-02 1.428045630455017090e-01 1.704075187444686890e-02 5.128703638911247253e-02 3.062341175973415375e-02 1.946843229234218597e-03 4.310558363795280457e-02 3.165139630436897278e-02 3.216277807950973511e-02 3.533659968525171280e-03 2.185491658747196198e-02 5.324981734156608582e-02 1.727434620261192322e-02 3.974170237779617310e-02 3.065522573888301849e-02 4.281414300203323364e-02 9.468942135572433472e-02 2.470263838768005371e-02 1.469219289720058441e-02 4.903465975075960159e-03 5.237238109111785889e-02 4.723968356847763062e-02 5.862034484744071960e-02 6.482336670160293579e-02 2.337818004889413714e-04 9.790332987904548645e-03 9.537540376186370850e-03 2.415549941360950470e-02 1.068609417416155338e-03 2.934977784752845764e-02 7.436350919306278229e-03 2.112883888185024261e-02 2.599881961941719055e-02 1.805371418595314026e-02 1.929353550076484680e-02 1.462615747004747391e-02 2.701177820563316345e-02 2.848118543624877930e-02 3.475252911448478699e-02 1.609417609870433807e-02 3.973596915602684021e-02 4.386534169316291809e-02 3.972639515995979309e-02 4.121861606836318970e-02 4.040388390421867371e-02 1.311735343188047409e-02 2.984070219099521637e-02 2.383087947964668274e-02 5.598489940166473389e-02 2.218633145093917847e-02 3.059238009154796600e-02 5.164213478565216064e-02 4.244292899966239929e-02 1.800915412604808807e-02 5.393587984144687653e-03 1.480800448916852474e-03 4.165177419781684875e-02 3.750786418095231056e-03 1.994979940354824066e-02 2.989886514842510223e-02 6.788345426321029663e-02 6.851525604724884033e-02 8.341984823346138000e-03 3.834514319896697998e-02 4.433434456586837769e-02 2.679433301091194153e-02 1.737167313694953918e-02 3.369377180933952332e-02 3.648805618286132812e-02 1.979973353445529938e-02 3.535604476928710938e-02 5.461289733648300171e-02 3.908108174800872803e-02 5.456697661429643631e-03 8.379574865102767944e-03 3.131675533950328827e-03 4.176456853747367859e-02 3.311430336907505989e-03 4.826959967613220215e-02 8.074898272752761841e-03 1.720304787158966064e-02 1.804997958242893219e-02 2.512734197080135345e-02 2.271719090640544891e-02 2.198188938200473785e-02 3.543613851070404053e-02 1.221664156764745712e-02 3.896082192659378052e-02
1.732205748558044434e-01 1.672902703285217285e-01 2.396459924057126045e-03 3.872640058398246765e-02 3.051758371293544769e-02 8.957421779632568359e-02 1.267536878585815430e-01 3.453407064080238342e-02 3.789944201707839966e-02 1.608526147902011871e-02 2.140098065137863159e-01 3.756066411733627319e-02 5.174754858016967773e-01 3.926374390721321106e-02 2.155003370717167854e-03 3.176115453243255615e-02 3.357923030853271484e-02 5.561565048992633820e-03 4.329066141508519650e-04 4.287024959921836853e-02 4.205549880862236023e-02 4.166595265269279480e-02 2.603521384298801422e-02 4.610472917556762695e-02 2.746824175119400024e-02 2.255623787641525269e-02 3.509354963898658752e-02 1.315948180854320526e-02 1.530448347330093384e-02 1.098026055842638016e-02 2.845564670860767365e-02 1.054140366613864899e-02 4.158265516161918640e-02 1.194018125534057617e-02 3.658058121800422668e-02 3.461745753884315491e-02 1.336252596229314804e-02 2.930784039199352264e-02 4.623521119356155396e-03 4.790240526199340820e-02 2.527170069515705109e-02 1.321486476808786392e-02 3.366206958889961243e-02 3.432434052228927612e-02 9.684008546173572540e-03 7.337069604545831680e-03 1.128311902284622192e-01 4.605880379676818848e-02 2.741283550858497620e-02 1.219811663031578064e-02 1.881511695683002472e-02 7.595532224513590336e-04 4.715200513601303101e-02 3.470835834741592407e-02 2.772243879735469818e-02 8.145741187036037445e-03 3.483745967969298363e-03 2.171101281419396400e-03 1.023411378264427185e-02 1.555251516401767731e-02 2.291637938469648361e-03 2.105719223618507385e-02 1.480777561664581299e-02 4.715159162878990173e-02 4.575897008180618286e-02 8.284530043601989746e-02 2.994658984243869781e-02 1.085102441720664501e-03 3.843893855810165405e-02 8.919497020542621613e-03 3.789670765399932861e-02 2.068324759602546692e-02 4.976427555084228516e-02 5.569608416408300400e-03 3.295791894197463989e-02 1.241093315184116364e-02 3.301100432872772217e-02 4.339501261711120605e-02 4.127917811274528503e-02 2.333281375467777252e-02 3.448592126369476318e-02 1.139482390135526657e-02 1.204224675893783569e-02 2.506452612578868866e-03 1.309973374009132385e-02 1.624801382422447205e-02 2.313468046486377716e-02 4.779218882322311401e-02 2.164538484066724777e-03 1.380313653498888016e-02 6.362083833664655685e-03 3.907160833477973938e-02 1.016656588762998581e-02 1.036777626723051071e-02 3.482430428266525269e-02 2.457357011735439301e-02 3.395540267229080200e-02 1.466988492757081985e-02 1.163786090910434723e-02 6.063170265406370163e-03 3.079166635870933533e-02 2.686280943453311920e-02 7.602624595165252686e-02 3.069726750254631042e-02 2.810669690370559692e-02 1.620381884276866913e-02 3.572020307183265686e-02 3.209232166409492493e-02 4.171766713261604309e-02 4.230694845318794250e-03 3.488477319478988647e-02 1.236429065465927124e-02 2.629865519702434540e-02 7.027866784483194351e-03 3.084537340328097343e-03 1.425982359796762466e-02
