5.042410492897033691e-01 1.536671817302703857e-01 3.510428965091705322e-02 1.342802401632070541e-02 2.694839239120483398e-02 9.542811661958694458e-02 1.554656494408845901e-02 2.956592664122581482e-02 4.033898469060659409e-03 3.606081381440162659e-02 1.185671240091323853e-01 4.168837517499923706e-02 7.439848780632019043e-02 6.806504912674427032e-03 8.637036196887493134e-03 5.752039607614278793e-03 3.571310639381408691e-02 1.031062006950378418e-02 3.963262587785720825e-02 2.172773517668247223e-02 4.587092995643615723e-02 1.852074079215526581e-02 4.154771938920021057e-02 3.521154075860977173e-02 2.204775810241699219e-02 3.032737411558628082e-03 2.777258306741714478e-02 1.065196748822927475e-02 1.483756490051746368e-02 9.202499873936176300e-03 1.768919825553894043e-02 5.742314737290143967e-03 3.346614539623260498e-02 2.105387626215815544e-03 3.094859980046749115e-02 1.364549901336431503e-02 7.487128023058176041e-04 1.199754234403371811e-02 1.806642115116119385e-02 2.938794717192649841e-02 2.828723378479480743e-02 2.255323156714439392e-02 3.755569085478782654e-02 3.253993764519691467e-02 3.801478538662195206e-03 8.862831629812717438e-03 6.021832115948200226e-03 7.754065562039613724e-03 1.550903450697660446e-02 3.142651915550231934e-02 2.286396175622940063e-02 2.255449444055557251e-02 1.215441618114709854e-02 4.122353345155715942e-02 3.872084897011518478e-03 5.541994236409664154e-03 1.055111642926931381e-02 7.754181046038866043e-03 1.812741346657276154e-02 1.357884611934423447e-02 1.474581542424857616e-03 1.002900488674640656e-02 3.142686188220977783e-02 2.136613614857196808e-02 4.373541101813316345e-02 4.208569228649139404e-02 2.671502996236085892e-03 8.190769585780799389e-04 5.201185494661331177e-02 2.663232572376728058e-02 3.199751302599906921e-02 5.583825334906578064e-02 2.656114287674427032e-03 1.496345363557338715e-02 4.359227418899536133e-02 5.224563181400299072e-02 5.194989964365959167e-02 1.691102050244808197e-02 4.362661018967628479e-02 3.603238984942436218e-02 4.133984073996543884e-02 2.686569467186927795e-02 1.066554686985909939e-03 3.946081269532442093e-03 1.177563611418008804e-02 7.221164647489786148e-03 4.372075572609901428e-02 3.923763334751129150e-02 5.260558426380157471e-02 2.633709693327546120e-03 1.332575920969247818e-02 7.171097211539745331e-03 2.983610890805721283e-02 8.305770345032215118e-03 2.626982517540454865e-02 4.140582401305437088e-03 1.432824879884719849e-02 9.752403944730758667e-03 1.249780226498842239e-02 2.615408413112163544e-02 3.453843295574188232e-02 9.200685657560825348e-03 1.746787130832672119e-02 3.889381512999534607e-02 3.314879164099693298e-02 3.671403974294662476e-02 3.985410556197166443e-03 2.370944619178771973e-02 4.746339470148086548e-02 1.945652626454830170e-02 3.826060518622398376e-02 1.702757738530635834e-02 4.119270015507936478e-03 2.404857240617275238e-02 1.531416643410921097e-02 4.805544856935739517e-03
1.536671817302703857e-01 5.058596134185791016e-01 4.547734931111335754e-02 2.562548965215682983e-02 3.266957774758338928e-02 6.117802485823631287e-02 4.273031651973724365e-02 3.600702807307243347e-02 3.333342727273702621e-03 1.688092201948165894e-02 7.600487023591995239e-02 2.974417991936206818e-02 8.959873020648956299e-02 6.508650630712509155e-02 4.958471748977899551e-03 2.630380168557167053e-02 4.147114977240562439e-02 2.105873450636863708e-02 3.521592170000076294e-02 5.119623988866806030e-02 3.183452412486076355e-02 3.982479497790336609e-02 5.051729455590248108e-02 3.304313495755195618e-02 4.476886708289384842e-03 3.456869744695723057e-04 1.980626583099365234e-02 3.356239944696426392e-02 4.438249394297599792e-02 9.379025548696517944e-03 4.720802605152130127e-02 1.325359195470809937e-02 1.807127147912979126e-02 7.693320047110319138e-03 2.227748371660709381e-02 1.518236845731735229e-02 5.787182599306106567e-03 1.108505390584468842e-02 2.185891754925251007e-02 4.228989034891128540e-02 1.125432085245847702e-02 1.178942900151014328e-02 2.039056457579135895e-02 3.599653765559196472e-02 7.537648547440767288e-03 4.629717394709587097e-02 4.095037002116441727e-03 2.523509040474891663e-02 4.431869834661483765e-02 1.699289493262767792e-02 2.338309958577156067e-02 6.319636013358831406e-03 7.140668109059333801e-03 1.858729869127273560e-02 1.211956050246953964e-02 6.575680803507566452e-03 1.193995773792266846e-02 5.495942756533622742e-02 1.449649222195148468e-03 4.211302846670150757e-02 2.553648129105567932e-02 1.763862930238246918e-02 4.160924255847930908e-02 3.159144520759582520e-02 3.440558910369873047e-02 5.595458671450614929e-02 6.205998943187296391e-04 3.872022731229662895e-03 2.315538376569747925e-02 1.201929524540901184e-02 2.448092773556709290e-02 4.060936346650123596e-02 3.397746384143829346e-02 2.706805802881717682e-02 2.209198661148548126e-02 3.491745144128799438e-02 3.073560819029808044e-02 3.544454649090766907e-02 4.770239815115928650e-02 1.065232977271080017e-02 3.960512578487396240e-02 3.356772288680076599e-02 2.401772700250148773e-02 1.544258743524551392e-02 2.141188888344913721e-04 1.071924157440662384e-02 3.032415919005870819e-02 2.722099190577864647e-03 2.495944127440452576e-02 2.318150177597999573e-02 3.472851216793060303e-02 2.126154117286205292e-02 5.892554670572280884e-02 1.351463980972766876e-02 2.761571202427148819e-03 7.821452803909778595e-03 3.563433885574340820e-02 8.769507519900798798e-03 1.688231527805328369e-02 1.869328878819942474e-02 2.529849298298358917e-02 1.568112149834632874e-02 1.000580750405788422e-02 4.605738073587417603e-02 3.256313130259513855e-02 2.219447121024131775e-02 2.037433348596096039e-02 1.708890544250607491e-03 2.529878728091716766e-02 3.205825388431549072e-02 4.687499254941940308e-02 4.203057289123535156e-02 3.144725784659385681e-02 2.314089424908161163e-02 2.883167937397956848e-02 1.863336563110351562e-02
3.510428965091705322e-02 4.547734931111335754e-02 4.820956885814666748e-01 9.139558300375938416e-03 2.346219727769494057e-03 3.446056321263313293e-02 2.465447969734668732e-02 1.237580701708793640e-01 1.690549589693546295e-02 4.438978806138038635e-02 2.311604795977473259e-03 3.831690177321434021e-03 1.282790093682706356e-03 3.251601243391633034e-03 2.589683234691619873e-02 3.648035228252410889e-03 1.693940907716751099e-02 1.359902508556842804e-02 1.419983338564634323e-02 3.432986885309219360e-02 2.142324112355709076e-02 1.092032436281442642e-02 3.261021897196769714e-02 2.005836553871631622e-02 2.543153055012226105e-02 4.921697080135345459e-03 2.566636539995670319e-02 1.841211318969726562e-02 1.524502038955688477e-02 4.629103932529687881e-03 3.909051045775413513e-02 4.802082106471061707e-02 2.607346884906291962e-02 2.179198898375034332e-02 3.525588288903236389e-02 1.380070205777883530e-02 3.380613401532173157e-02 4.603593423962593079e-02 2.559966780245304108e-02 2.524480223655700684e-02 1.116444356739521027e-03 3.219823585823178291e-03 8.929404430091381073e-03 7.430040836334228516e-02 3.157254680991172791e-02 5.764777958393096924e-02 1.849872432649135590e-02 1.036907453089952469e-02 2.330849319696426392e-02 1.509736198931932449e-02 1.562292315065860748e-02 2.113935165107250214e-02 3.264329582452774048e-02 3.075354918837547302e-02 8.523006923496723175e-03 1.748039200901985168e-02 3.952982276678085327e-02 3.994019702076911926e-02 2.378643676638603210e-02 3.851743182167410851e-03 1.932404935359954834e-02 2.924145385622978210e-02 2.354213967919349670e-02 2.068972587585449219e-02 1.494149491190910339e-02 7.842742837965488434e-03 2.042383886873722076e-02 4.585083574056625366e-02 2.684392593801021576e-02 3.524214401841163635e-02 3.416793793439865112e-02 1.936692930757999420e-02 1.587501377798616886e-03 3.057241067290306091e-02 1.134142931550741196e-02 2.782247588038444519e-02 8.802619762718677521e-03 1.680980995297431946e-02 4.023819789290428162e-02 3.106757439672946930e-02 1.812601387500762939e-01 7.071962207555770874e-02 1.896567991934716702e-03 9.228812530636787415e-03 1.902697049081325531e-02 1.003179233521223068e-02 5.704315379261970520e-02 1.660004816949367523e-02 7.505215704441070557e-03 2.696781652048230171e-03 2.797276526689529419e-02 5.248344689607620239e-02 1.596167124807834625e-02 1.606572419404983521e-02 4.809101298451423645e-02 2.744316495954990387e-02 3.365728259086608887e-02 7.497793063521385193e-03 1.605959795415401459e-02 5.393263418227434158e-03 1.526904385536909103e-02 2.497986145317554474e-02 3.226657211780548096e-02 4.433674737811088562e-02 1.121926004998385906e-03 3.171110153198242188e-02 3.179253265261650085e-02 3.070105100050568581e-03 9.241861291229724884e-03 1.072530169039964676e-02 8.559155277907848358e-03 3.896013647317886353e-02 2.907708659768104553e-02 1.727234944701194763e-02 1.891428977251052856e-02 7.435882464051246643e-03
1.342802401632070541e-02 2.562548965215682983e-02 9.139558300375938416e-03 5.024447441101074219e-01 1.137101352214813232e-01 3.692086040973663330e-02 5.554385483264923096e-03 2.745988033711910248e-02 7.804359775036573410e-03 2.100319042801856995e-02 2.548347413539886475e-02 3.734260797500610352e-02 3.918431326746940613e-02 2.671867236495018005e-02 1.000196393579244614e-02 6.854689214378595352e-03 4.427542164921760559e-02 1.877008471637964249e-03 5.801999196410179138e-02 1.600827276706695557e-02 2.902517654001712799e-02 1.078082341700792313e-02 4.272407852113246918e-03 1.244447630597278476e-04 1.034505665302276611e-02 4.648880101740360260e-03 3.116000443696975708e-02 3.143647685647010803e-02 3.310723230242729187e-02 3.876098990440368652e-02 1.493505854159593582e-02 3.593391925096511841e-02 3.924987092614173889e-02 1.768106222152709961e-02 2.074635215103626251e-02 8.532947394996881485e-04 6.012847647070884705e-03 4.040275886654853821e-02 2.666250243782997131e-02 2.004904439672827721e-03 3.510377183556556702e-02 1.047759316861629486e-02 4.285741969943046570e-02 1.771584898233413696e-02 2.114151604473590851e-02 3.339065983891487122e-02 7.639857358299195766e-04 7.013424765318632126e-03 3.183325380086898804e-02 1.453697122633457184e-02 1.025092974305152893e-02 4.537890851497650146e-02 2.141614817082881927e-02 2.424803562462329865e-02 1.528479717671871185e-02 5.048283189535140991e-02 3.117759153246879578e-02 8.843344636261463165e-03 4.842241480946540833e-02 8.736073039472103119e-03 1.897657476365566254e-02 9.314724244177341461e-03 8.574797213077545166e-02 6.634358316659927368e-02 1.644673757255077362e-02 1.308228168636560440e-02 3.897455334663391113e-02 4.028107970952987671e-02 3.875513747334480286e-02 2.316549606621265411e-02 7.836820557713508606e-03 2.464669570326805115e-02 1.090103685855865479e-01 2.412582188844680786e-02 3.914256766438484192e-02 3.010122478008270264e-02 4.102889448404312134e-02 1.764688268303871155e-02 3.514653444290161133e-02 1.180184725672006607e-02 1.450775191187858582e-02 6.967504974454641342e-03 2.126357704401016235e-02 7.352293003350496292e-03 1.796602504327893257e-03 3.920954838395118713e-02 1.638502813875675201e-02 2.667565271258354187e-02 3.073563612997531891e-02 2.493056096136569977e-02 2.414879575371742249e-02 4.876914992928504944e-02 2.927154861390590668e-02 9.424601681530475616e-03 2.376818470656871796e-02 4.496004432439804077e-02 9.154479950666427612e-03 2.142176404595375061e-02 5.546373780816793442e-03 5.628331005573272705e-02 2.053067646920681000e-02 3.606344386935234070e-02 2.834305167198181152e-02 2.987978607416152954e-02 1.562499068677425385e-02 3.847261518239974976e-02 3.702392056584358215e-02 2.312323637306690216e-02 1.099508535116910934e-02 1.891211047768592834e-02 2.187106013298034668e-02 1.710133440792560577e-02 4.031772911548614502e-02 1.903692446649074554e-02 1.609016396105289459e-02 1.105820573866367340e-02
2.694839239120483398e-02 3.266957774758338928e-02 2.346219727769494057e-03 1.137101352214813232e-01 5.059495568275451660e-01 1.965242205187678337e-03 1.978844963014125824e-02 2.291814237833023071e-02 7.034188602119684219e-03 3.480201214551925659e-02 2.920680493116378784e-02 6.880016997456550598e-03 2.772042527794837952e-02 1.789698190987110138e-02 1.011932326946407557e-04 1.845061592757701874e-02 1.736702583730220795e-02 4.758506640791893005e-02 7.568246219307184219e-03 2.750300243496894836e-02 4.430767893791198730e-02 6.212847307324409485e-03 1.934916945174336433e-03 2.569324895739555359e-02 1.959083369001746178e-03 1.015237625688314438e-02 3.996644169092178345e-02 6.292970851063728333e-03 4.812088981270790100e-02 5.860877688974142075e-03 2.155452035367488861e-02 1.924318075180053711e-02 1.216704584658145905e-02 5.100862309336662292e-02 2.152030728757381439e-02 2.169892378151416779e-02 3.566029667854309082e-02 1.242911256849765778e-02 1.280926726758480072e-02 4.800212755799293518e-02 9.817094542086124420e-03 3.337093442678451538e-02 3.759854286909103394e-02 6.192272063344717026e-03 3.421682119369506836e-02 4.251908138394355774e-02 3.575889021158218384e-02 3.088422864675521851e-02 2.126277238130569458e-02 5.566782504320144653e-02 4.682910069823265076e-02 1.695911772549152374e-02 2.028368879109621048e-03 2.428529411554336548e-02 2.647234592586755753e-03 1.592766121029853821e-02 2.841612324118614197e-03 2.481566369533538818e-02 2.889566496014595032e-02 4.035734105855226517e-03 3.280603792518377304e-03 3.491292893886566162e-02 3.828295320272445679e-02 2.104220166802406311e-02 1.453831139951944351e-02 3.913595806807279587e-03 3.431631624698638916e-02 4.487086087465286255e-02 2.812608517706394196e-02 5.345415789633989334e-03 4.290987923741340637e-02 9.972590953111648560e-03 7.773692905902862549e-02 2.701666438952088356e-03 7.473612576723098755e-02 1.576329953968524933e-02 3.190062195062637329e-02 1.846234127879142761e-02 4.904983565211296082e-02 4.579144716262817383e-02 2.210376784205436707e-02 2.320232056081295013e-02 3.042556717991828918e-02 4.347000643610954285e-02 5.864859558641910553e-03 2.524296939373016357e-02 3.709237277507781982e-02 4.406897351145744324e-03 9.814106160774827003e-04 4.193584434688091278e-03 1.447080820798873901e-02 3.036228753626346588e-02 2.010575868189334869e-02 1.784054003655910492e-02 2.953832782804965973e-02 9.976546280086040497e-03 3.842008113861083984e-02 1.535517349839210510e-02 2.319173654541373253e-03 3.370385244488716125e-02 4.059176892042160034e-02 2.261804230511188507e-02 1.528513897210359573e-02 2.624791674315929413e-02 8.778051473200321198e-03 1.787815941497683525e-03 4.322998970746994019e-02 8.933878503739833832e-03 1.692845672369003296e-02 1.257999986410140991e-02 1.689945906400680542e-02 4.541580099612474442e-03 2.834045700728893280e-02 5.041147768497467041e-02 1.567994616925716400e-02 7.934144698083400726e-03
9.542811661958694458e-02 6.117802485823631287e-02 3.446056321263313293e-02 3.692086040973663330e-02 1.965242205187678337e-03 5.183079242706298828e-01 8.054364472627639771e-02 1.645511947572231293e-02 2.101612091064453125e-02 1.990540884435176849e-02 6.883150339126586914e-02 4.597267881035804749e-02 3.376912325620651245e-02 2.558858878910541534e-02 4.201408848166465759e-02 5.594313144683837891e-02 3.207118809223175049e-02 1.487066474510356784e-04 3.941202908754348755e-02 5.005209892988204956e-02 2.187611721456050873e-02 4.429992288351058960e-02 1.990267075598239899e-02 4.996761307120323181e-02 4.323414526879787445e-03 1.715481281280517578e-02 3.979124128818511963e-02 2.296466939151287079e-02 4.924692586064338684e-02 6.801638286560773849e-03 3.490708768367767334e-02 2.227378822863101959e-02 7.543351035565137863e-03 2.883849292993545532e-02 2.211262658238410950e-02 2.069421671330928802e-02 4.977881908416748047e-03 2.648939937353134155e-02 5.480305291712284088e-03 1.846497179940342903e-03 3.616599738597869873e-02 1.030762121081352234e-02 8.056627586483955383e-03 2.233219891786575317e-02 1.287645567208528519e-02 3.069324232637882233e-02 7.654023170471191406e-02 4.315148666501045227e-02 2.801311202347278595e-02 4.604677855968475342e-02 4.935032501816749573e-02 4.119492322206497192e-02 5.030670762062072754e-02 9.394701570272445679e-03 3.049522452056407928e-02 3.691319003701210022e-02 7.806129870004951954e-04 1.388393249362707138e-02 8.567400276660919189e-03 2.663937211036682129e-02 1.483880355954170227e-02 6.664421409368515015e-02 3.163133561611175537e-02 3.575069457292556763e-02 3.771533444523811340e-02 4.314312338829040527e-02 8.103176020085811615e-03 7.227148395031690598e-03 4.202451184391975403e-02 7.860846817493438721e-03 1.306000258773565292e-02 4.251129925251007080e-02 5.563065782189369202e-02 1.020061038434505463e-02 3.783259913325309753e-02 5.210717767477035522e-02 3.983413055539131165e-02 2.101680822670459747e-02 2.256290987133979797e-02 3.420529514551162720e-02 3.610976412892341614e-02 3.591427952051162720e-02 1.981290802359580994e-02 6.893829442560672760e-03 2.295715530635789037e-04 2.296756394207477570e-02 2.996868640184402466e-02 3.333403915166854858e-02 4.668973013758659363e-02 1.484600175172090530e-02 2.412287431070581079e-04 4.640528559684753418e-02 4.570118151605129242e-03 3.378967940807342529e-02 1.241715718060731888e-02 2.915059402585029602e-02 2.567197894677519798e-03 1.037339866161346436e-02 7.582404185086488724e-03 8.896419778466224670e-03 2.371430455241352320e-04 3.265066072344779968e-02 3.830748796463012695e-02 3.990614041686058044e-02 3.656098246574401855e-02 6.096805911511182785e-03 1.617999188601970673e-02 3.238116577267646790e-02 1.266688667237758636e-02 2.798687480390071869e-02 1.003979984670877457e-02 2.561174705624580383e-02 2.372473478317260742e-02 3.962678089737892151e-02 1.116355694830417633e-02 3.432379290461540222e-02
1.554656494408845901e-02 4.273031651973724365e-02 2.465447969734668732e-02 5.554385483264923096e-03 1.978844963014125824e-02 8.054364472627639771e-02 5.169703364372253418e-01 3.369316831231117249e-02 1.400260720402002335e-02 2.818910218775272369e-02 4.274913296103477478e-02 1.554328575730323792e-02 4.441250115633010864e-02 5.527796596288681030e-02 6.674237083643674850e-03 4.374130815267562866e-02 2.368196099996566772e-02 1.797817461192607880e-02 7.552171126008033752e-03 4.714486002922058105e-02 4.797157645225524902e-02 5.903905257582664490e-04 2.071204409003257751e-02 2.768802456557750702e-03 1.154126971960067749e-02 2.055977704003453255e-03 4.795473441481590271e-02 2.728215651586651802e-03 2.740506455302238464e-02 9.113163687288761139e-03 3.300919011235237122e-02 1.240937132388353348e-02 1.577244512736797333e-02 3.451167792081832886e-02 1.227816939353942871e-02 1.683489978313446045e-02 4.056064411997795105e-02 3.413578495383262634e-02 1.264156959950923920e-02 4.193558916449546814e-02 2.613719739019870758e-02 7.203934714198112488e-03 1.821868121623992920e-02 2.390966936945915222e-02 4.562515020370483398e-02 4.242452234029769897e-02 1.114136278629302979e-01 9.226609021425247192e-02 2.187669649720191956e-02 1.683848537504673004e-02 1.461891736835241318e-02 2.207774110138416290e-02 2.619377337396144867e-02 2.395992912352085114e-02 3.560909256339073181e-02 7.471118122339248657e-03 2.529523707926273346e-02 1.285182684659957886e-02 4.012036323547363281e-02 4.349021986126899719e-02 4.168620333075523376e-02 4.689941555261611938e-02 2.123741898685693741e-03 8.069581235758960247e-04 1.569153741002082825e-02 3.552966192364692688e-02 4.609497264027595520e-02 3.135318309068679810e-02 2.105386368930339813e-02 2.092217653989791870e-02 1.754580624401569366e-02 1.659063971601426601e-03 1.046024262905120850e-03 1.124866772443056107e-02 2.052211947739124298e-02 1.418322324752807617e-03 1.383557636290788651e-02 2.036745194345712662e-03 1.699623465538024902e-02 5.367170274257659912e-02 3.615250810980796814e-02 2.412417158484458923e-02 1.250741165131330490e-02 1.806479133665561676e-02 1.327299419790506363e-02 1.653674989938735962e-02 2.630159817636013031e-02 3.470578789710998535e-02 3.540713712573051453e-02 2.260902151465415955e-02 6.065649911761283875e-02 5.074788257479667664e-02 4.851210117340087891e-02 6.088449805974960327e-02 3.533373400568962097e-02 2.469789981842041016e-02 2.280525863170623779e-02 2.559819258749485016e-03 1.224897149950265884e-02 1.319408975541591644e-02 4.173923749476671219e-03 6.969757843762636185e-03 1.050050929188728333e-02 4.520844295620918274e-02 7.975959219038486481e-03 4.368780180811882019e-02 7.151967380195856094e-03 3.010663390159606934e-02 4.260903224349021912e-02 7.168257609009742737e-03 1.831172499805688858e-03 3.817646950483322144e-02 1.633901335299015045e-02 3.310093283653259277e-02 2.041998505592346191e-02 2.773784473538398743e-02
2.956592664122581482e-02 3.600702807307243347e-02 1.237580701708793640e-01 2.745988033711910248e-02 2.291814237833023071e-02 1.645511947572231293e-02 3.369316831231117249e-02 5.185725688934326172e-01 3.293051943182945251e-02 2.084168605506420135e-02 4.119136836379766464e-03 3.700143471360206604e-02 7.545110303908586502e-03 2.889906242489814758e-02 1.117579340934753418e-01 2.375150658190250397e-02 3.491976857185363770e-02 2.526876050978899002e-04 9.217506274580955505e-03 1.017042808234691620e-02 2.819608198478817940e-03 7.862303406000137329e-02 4.277642001397907734e-04 6.421002559363842010e-03 2.669387497007846832e-02 4.220309481024742126e-02 2.533018961548805237e-02 1.406872645020484924e-02 1.722813770174980164e-02 5.672333762049674988e-03 5.017698276787996292e-03 3.636431321501731873e-02 1.634866744279861450e-02 2.999759465456008911e-02 3.244256973266601562e-02 3.840861096978187561e-02 2.819192595779895782e-02 3.259035199880599976e-02 3.553244099020957947e-02 2.741275355219841003e-02 2.463634684681892395e-02 2.445159293711185455e-02 1.653120107948780060e-02 2.200458012521266937e-02 3.813713043928146362e-02 2.748847380280494690e-02 3.282819688320159912e-02 2.977770054712891579e-03 1.226456370204687119e-03 3.056314541026949883e-03 4.363623633980751038e-02 3.524048626422882080e-02 8.978975564241409302e-02 9.400756098330020905e-03 2.952075935900211334e-02 3.493408486247062683e-02 1.671308837831020355e-02 9.977341629564762115e-03 6.170009449124336243e-02 2.643988840281963348e-02 2.267812751233577728e-02 1.354270521551370621e-02 2.756676636636257172e-02 1.844789087772369385e-02 2.367751486599445343e-02 2.167471311986446381e-02 2.114209579303860664e-03 9.668787010014057159e-03 3.023139573633670807e-02 1.237696269527077675e-03 1.562831178307533264e-02 4.275692626833915710e-02 1.947346329689025879e-02 4.582123830914497375e-03 1.163154141977429390e-03 3.926426917314529419e-02 3.420918062329292297e-02 4.047225788235664368e-02 9.942117147147655487e-03 1.118188817054033279e-02 2.563902139663696289e-01 1.537777781486511230e-01 3.917341586202383041e-03 1.959384605288505554e-02 2.321955375373363495e-02 6.906310445629060268e-04 2.088141888380050659e-01 9.347496926784515381e-02 2.763848751783370972e-02 3.144839778542518616e-02 1.098173949867486954e-02 5.470818281173706055e-02 4.926995839923620224e-03 1.322428882122039795e-02 3.553976491093635559e-02 2.412603795528411865e-02 2.141333185136318207e-02 2.284152805805206299e-02 1.995984651148319244e-02 1.550053618848323822e-02 3.817958012223243713e-02 2.969142794609069824e-02 1.895778253674507141e-02 8.230507955886423588e-04 1.117477938532829285e-02 1.914619095623493195e-02 4.475686699151992798e-03 4.117833822965621948e-02 2.231943421065807343e-02 1.727242022752761841e-02 1.480731833726167679e-02 1.770950481295585632e-02 2.517181262373924255e-02 4.279665183275938034e-03 4.327611625194549561e-02 3.802126273512840271e-02
4.033898469060659409e-03 3.333342727273702621e-03 1.690549589693546295e-02 7.804359775036573410e-03 7.034188602119684219e-03 2.101612091064453125e-02 1.400260720402002335e-02 3.293051943182945251e-02 5.142368078231811523e-01 2.897615544497966766e-02 1.357642584480345249e-03 3.019808419048786163e-02 7.712662220001220703e-03 1.674946956336498260e-02 1.674616150557994843e-02 4.509645048528909683e-03 1.218847092241048813e-02 5.790778994560241699e-02 6.212607026100158691e-03 4.297967255115509033e-02 1.965824328362941742e-02 1.440318766981363297e-02 6.884270813316106796e-03 1.379218604415655136e-02 2.976230112835764885e-03 9.352815686725080013e-04 6.484718061983585358e-03 3.197927772998809814e-02 2.831442467868328094e-02 3.975418210029602051e-02 4.969679564237594604e-02 1.757971383631229401e-02 3.110378421843051910e-02 2.541694231331348419e-02 6.612320430576801300e-04 4.822603240609169006e-02 1.964341476559638977e-02 1.338864117860794067e-02 1.620465191081166267e-03 1.662200316786766052e-02 2.106389962136745453e-02 2.967322804033756256e-02 6.200934760272502899e-03 1.559968292713165283e-02 2.247785776853561401e-02 1.980873785214498639e-04 1.699020899832248688e-02 8.206685073673725128e-03 1.382733788341283798e-02 1.089556235820055008e-02 1.354039926081895828e-02 3.556140512228012085e-02 4.283387213945388794e-02 2.031235955655574799e-02 3.400130569934844971e-02 8.877096697688102722e-03 2.953976579010486603e-02 2.373976819217205048e-02 4.493254795670509338e-02 1.865342259407043457e-02 1.792898029088973999e-02 1.468703057616949081e-02 1.740125939249992371e-02 4.256748652551323175e-04 4.986574500799179077e-02 5.210952833294868469e-02 7.938533090054988861e-03 3.101762756705284119e-02 8.271149359643459320e-03 1.898806425742805004e-03 8.689194917678833008e-03 1.950221951119601727e-03 4.326752852648496628e-03 7.946953177452087402e-03 2.392996847629547119e-02 1.134375017136335373e-02 4.765704274177551270e-02 4.621887579560279846e-02 4.745756089687347412e-02 6.496752798557281494e-02 1.221631374210119247e-02 7.768259383738040924e-03 4.466062411665916443e-02 1.253132987767457962e-02 6.078341510146856308e-03 4.402415826916694641e-03 3.132200613617897034e-02 4.591557383537292480e-02 2.251853467896580696e-03 1.657536253333091736e-02 3.331132233142852783e-02 3.061591461300849915e-02 3.196310624480247498e-02 2.215094119310379028e-02 1.486794371157884598e-02 6.946112960577011108e-03 4.171514138579368591e-02 1.305049564689397812e-02 2.585743181407451630e-02 1.448646187782287598e-02 3.446769434958696365e-03 1.384724397212266922e-02 4.346966370940208435e-02 7.051892112940549850e-03 2.350655011832714081e-02 4.322333261370658875e-02 4.420130327343940735e-02 8.579252171330153942e-04 4.228553920984268188e-02 1.737031154334545135e-02 3.348849713802337646e-02 1.431529090041294694e-04 3.591864556074142456e-02 8.538071997463703156e-03 1.548889465630054474e-02 4.125316627323627472e-03
3.606081381440162659e-02 1.688092201948165894e-02 4.438978806138038635e-02 2.100319042801856995e-02 3.480201214551925659e-02 1.990540884435176849e-02 2.818910218775272369e-02 2.084168605506420135e-02 2.897615544497966766e-02 5.188281536102294922e-01 9.462432935833930969e-03 3.649822250008583069e-02 2.115243487060070038e-02 4.406321048736572266e-02 2.316142432391643524e-02 1.902681402862071991e-02 5.982998013496398926e-02 3.675090149044990540e-02 1.044051051139831543e-01 3.104527108371257782e-02 3.977033495903015137e-02 4.348075762391090393e-02 2.477105520665645599e-02 6.074922904372215271e-02 1.212060917168855667e-02 1.928715780377388000e-02 2.602504566311836243e-02 1.139930076897144318e-02 4.758625105023384094e-02 1.219491707161068916e-03 3.172720223665237427e-02 2.562747336924076080e-02 3.982172906398773193e-02 6.313571333885192871e-02 1.036543119698762894e-02 2.991588786244392395e-02 2.856973372399806976e-02 3.894281387329101562e-02 3.466254845261573792e-02 2.101282030344009399e-02 3.169486671686172485e-02 3.766676783561706543e-02 9.270061738789081573e-03 1.511797495186328888e-02 3.041031770408153534e-02 2.749463915824890137e-02 1.617573015391826630e-02 3.659622743725776672e-03 1.345002558082342148e-03 7.582287490367889404e-02 3.715696930885314941e-02 1.543273776769638062e-02 1.020927075296640396e-02 8.406666107475757599e-03 2.395336516201496124e-02 7.687567174434661865e-02 3.381047397851943970e-02 9.790063835680484772e-03 3.623479604721069336e-02 2.040148153901100159e-02 5.307320505380630493e-02 3.734450414776802063e-02 2.887113764882087708e-02 2.720657177269458771e-02 3.625255078077316284e-02 1.915159262716770172e-02 2.813978679478168488e-02 8.913131430745124817e-03 3.862693533301353455e-02 1.565758953802287579e-03 3.256282582879066467e-02 1.371095329523086548e-02 2.954220771789550781e-02 1.014305744320154190e-02 3.362175449728965759e-02 8.224594406783580780e-03 6.427788734436035156e-02 5.107587948441505432e-02 3.951270133256912231e-02 9.079094231128692627e-02 1.021811694954521954e-04 4.587589297443628311e-03 1.309856306761503220e-03 3.289777413010597229e-02 1.161275338381528854e-02 2.306180633604526520e-02 3.249476104974746704e-02 5.671028979122638702e-03 4.724961146712303162e-02 6.499865651130676270e-02 2.896399237215518951e-02 4.866786301136016846e-02 1.988995634019374847e-02 8.521013660356402397e-04 5.295009538531303406e-02 9.280532598495483398e-03 7.799162063747644424e-03 4.937358200550079346e-02 2.648444287478923798e-02 1.258896663784980774e-02 4.725232254713773727e-03 4.734805598855018616e-02 1.793570443987846375e-02 4.169917851686477661e-02 1.137189194560050964e-02 4.370271414518356323e-02 1.520316116511821747e-02 4.333621263504028320e-02 5.765151232481002808e-02 8.141369558870792389e-03 3.330907970666885376e-02 1.461191195994615555e-02 4.067090153694152832e-02 5.200931057333946228e-02 1.117685460485517979e-03 8.256261236965656281e-03
1.185671240091323853e-01 7.600487023591995239e-02 2.311604795977473259e-03 2.548347413539886475e-02 2.920680493116378784e-02 6.883150339126586914e-02 4.274913296103477478e-02 4.119136836379766464e-03 1.357642584480345249e-03 9.462432935833930969e-03 5.156058073043823242e-01 2.001905068755149841e-02 9.497686475515365601e-02 1.507141627371311188e-02 1.575395464897155762e-02 7.373026572167873383e-03 3.343826532363891602e-02 6.462995894253253937e-03 1.042005885392427444e-02 1.331553608179092407e-02 3.595706447958946228e-02 2.636346407234668732e-02 3.287005051970481873e-02 2.414610981941223145e-02 4.719985276460647583e-02 2.526896446943283081e-02 1.497605536133050919e-02 5.028128623962402344e-02 4.489495232701301575e-02 4.291159659624099731e-02 3.342923149466514587e-02 1.353462226688861847e-02 2.326626516878604889e-02 3.401998803019523621e-02 1.734818331897258759e-02 1.190710440278053284e-02 1.946587860584259033e-02 4.008618369698524475e-02 3.492683544754981995e-02 2.498934417963027954e-02 3.471048921346664429e-02 2.475117705762386322e-02 2.176519297063350677e-02 2.676278725266456604e-02 1.736696064472198486e-02 1.563499495387077332e-02 6.938517838716506958e-02 5.867896974086761475e-02 2.842259779572486877e-02 1.683143340051174164e-02 2.561223460361361504e-03 2.493272349238395691e-02 8.940348401665687561e-03 4.090377315878868103e-02 1.546496787341311574e-04 1.632198318839073181e-02 1.104238629341125488e-02 2.305374853312969208e-02 3.907832875847816467e-02 2.467767894268035889e-02 5.027733277529478073e-03 9.023228194564580917e-04 3.891041874885559082e-02 3.706111758947372437e-02 4.768552258610725403e-02 2.193797193467617035e-02 1.946951635181903839e-02 1.246736268512904644e-03 3.308080509305000305e-02 5.990288406610488892e-02 1.489206589758396149e-02 5.099098756909370422e-02 4.791140928864479065e-02 3.096095472574234009e-02 2.358962967991828918e-02 3.575722128152847290e-02 1.426568254828453064e-02 6.553895305842161179e-03 2.716758660972118378e-02 1.855140901170670986e-03 1.965953037142753601e-02 3.705251216888427734e-02 4.127326421439647675e-03 1.069638784974813461e-02 1.288631651550531387e-02 1.731097698211669922e-02 1.891800056910142303e-04 3.027186170220375061e-02 4.931600298732519150e-03 4.176669567823410034e-02 3.941323980689048767e-02 4.248055443167686462e-02 3.923802822828292847e-02 8.359636180102825165e-03 6.799152586609125137e-03 1.421715598553419113e-02 3.761335089802742004e-02 1.019838918000459671e-02 4.630189388990402222e-03 1.368994917720556259e-02 4.317716136574745178e-02 4.495375324040651321e-03 4.054944589734077454e-02 2.628908492624759674e-02 3.424604609608650208e-02 3.486813977360725403e-02 3.912809491157531738e-02 7.033511996269226074e-03 1.951538771390914917e-02 1.920425449497997761e-03 4.520059097558259964e-03 4.332383349537849426e-02 3.334773331880569458e-02 1.196923945099115372e-02 3.587099909782409668e-02 1.549282670021057129e-02
4.168837517499923706e-02 2.974417991936206818e-02 3.831690177321434021e-03 3.734260797500610352e-02 6.880016997456550598e-03 4.597267881035804749e-02 1.554328575730323792e-02 3.700143471360206604e-02 3.019808419048786163e-02 3.649822250008583069e-02 2.001905068755149841e-02 5.183843970298767090e-01 3.147416189312934875e-02 1.515190154314041138e-01 1.536631397902965546e-02 4.797052964568138123e-02 4.123427346348762512e-02 3.561810776591300964e-02 2.661465480923652649e-02 2.232764847576618195e-02 5.744879320263862610e-02 2.942071296274662018e-02 4.753550514578819275e-02 5.974360182881355286e-02 6.049285829067230225e-02 3.761803358793258667e-02 1.206569373607635498e-02 7.898129522800445557e-02 2.954465337097644806e-03 8.661511540412902832e-02 4.502537101507186890e-02 5.645285546779632568e-02 8.855970227159559727e-04 2.134033665060997009e-02 3.204343095421791077e-02 1.729835942387580872e-02 9.961774572730064392e-03 1.368315075524151325e-03 4.812326654791831970e-02 5.110481753945350647e-02 3.246534988284111023e-02 2.645841240882873535e-02 4.587034508585929871e-02 1.997719146311283112e-02 2.871081046760082245e-02 2.410727925598621368e-02 8.483460173010826111e-03 3.025920316576957703e-02 4.232029989361763000e-02 1.309656444936990738e-02 2.716047130525112152e-02 1.449545472860336304e-02 4.594611749053001404e-02 2.925716340541839600e-02 2.463417872786521912e-02 8.941939100623130798e-03 3.321116790175437927e-02 4.471102729439735413e-02 4.831511154770851135e-02 5.094228684902191162e-02 7.915916852653026581e-03 6.440560519695281982e-02 1.357090566307306290e-02 5.017508193850517273e-02 2.307797223329544067e-02 7.432103622704744339e-03 3.125761449337005615e-02 1.703716814517974854e-02 2.930516004562377930e-02 1.962995156645774841e-02 3.842379897832870483e-03 2.645275183022022247e-02 5.180360376834869385e-02 3.809391520917415619e-03 4.674701020121574402e-03 3.690558299422264099e-02 5.041120201349258423e-02 3.236027434468269348e-02 1.841593347489833832e-02 2.079189196228981018e-02 1.121615618467330933e-02 1.621529646217823029e-02 4.274400882422924042e-03 4.117965698242187500e-03 1.363429240882396698e-02 5.808369442820549011e-02 3.016094490885734558e-02 7.533988915383815765e-03 5.264097452163696289e-02 2.310116216540336609e-02 5.433733016252517700e-02 5.096510797739028931e-02 4.949137941002845764e-02 9.419670328497886658e-03 6.480156444013118744e-03 3.159271180629730225e-02 1.881480775773525238e-02 8.492397144436836243e-03 4.183525685220956802e-03 2.046412974596023560e-02 4.625185951590538025e-02 1.313093304634094238e-02 3.540293499827384949e-02 1.039616763591766357e-02 1.698586565908044577e-04 8.212296292185783386e-03 2.234760904684662819e-03 1.581025659106671810e-03 4.150592535734176636e-02 1.318754255771636963e-02 2.947572804987430573e-02 4.936988279223442078e-02 2.445290330797433853e-03 1.186046167276799679e-03 2.871407754719257355e-02 7.221943698823451996e-03
7.439848780632019043e-02 8.959873020648956299e-02 1.282790093682706356e-03 3.918431326746940613e-02 2.772042527794837952e-02 3.376912325620651245e-02 4.441250115633010864e-02 7.545110303908586502e-03 7.712662220001220703e-03 2.115243487060070038e-02 9.497686475515365601e-02 3.147416189312934875e-02 5.247728824615478516e-01 5.612337589263916016e-02 1.067260280251502991e-02 4.415224120020866394e-02 1.773645728826522827e-02 1.318420283496379852e-02 2.491048909723758698e-02 3.967700526118278503e-02 4.451680928468704224e-02 1.093698572367429733e-02 1.116247102618217468e-02 3.563433885574340820e-02 2.538242563605308533e-02 2.119121886789798737e-02 1.746081188321113586e-02 4.789441078901290894e-02 6.560543179512023926e-02 4.165745154023170471e-02 6.818794459104537964e-02 5.302238860167562962e-04 3.557688370347023010e-02 4.836322739720344543e-03 2.093833126127719879e-02 4.420802369713783264e-02 4.937491565942764282e-02 4.160820320248603821e-02 4.792973399162292480e-02 4.086000844836235046e-02 1.649818383157253265e-02 1.548300380818545818e-03 6.684468127787113190e-03 7.828090339899063110e-03 5.950709432363510132e-02 6.031262502074241638e-02 5.443831905722618103e-02 8.683467656373977661e-02 2.324577607214450836e-02 1.746839284896850586e-02 1.081703417003154755e-02 4.140374809503555298e-02 2.042134478688240051e-02 3.224641084671020508e-03 1.285552047193050385e-03 3.137661144137382507e-02 5.831563845276832581e-03 1.570229977369308472e-02 7.323797326534986496e-03 2.076242677867412567e-02 1.601840020157396793e-03 1.321518328040838242e-02 4.711700230836868286e-02 4.997049644589424133e-02 6.579580157995223999e-02 7.358954846858978271e-02 3.538814559578895569e-02 3.651269245892763138e-03 3.578726202249526978e-03 5.888298526406288147e-02 1.910991501063108444e-03 5.855407938361167908e-02 4.536411166191101074e-02 5.992209911346435547e-02 1.259743701666593552e-02 5.316472053527832031e-02 8.791685104370117188e-03 8.421650156378746033e-03 1.500252168625593185e-02 5.934166256338357925e-03 1.241892669349908829e-02 1.882035518065094948e-03 1.294691208750009537e-02 2.138214930891990662e-02 4.131073597818613052e-03 4.006751347333192825e-03 9.240207262337207794e-03 1.531996857374906540e-02 8.111209608614444733e-03 2.262240089476108551e-02 7.760475575923919678e-02 3.592381998896598816e-02 8.115494251251220703e-02 2.721845917403697968e-02 2.674471354112029076e-03 5.046457052230834961e-03 2.693396992981433868e-02 3.117990680038928986e-02 2.410281216725707054e-03 2.098193019628524780e-02 2.935111895203590393e-02 4.746665712445974350e-03 4.093639552593231201e-02 1.769073307514190674e-02 3.378489986062049866e-02 3.958532121032476425e-03 3.597947582602500916e-02 3.827845305204391479e-02 4.731896147131919861e-02 3.415971994400024414e-02 1.184410881251096725e-02 2.767818048596382141e-02 4.871445521712303162e-02 1.881472417153418064e-03 2.681880444288253784e-02 2.079383842647075653e-02
