5.133906602859497070e-01 1.501219272613525391e-01 1.397453527897596359e-02 2.382227219641208649e-02 1.134967617690563202e-02 1.482530981302261353e-01 1.034889370203018188e-01 1.632908359169960022e-02 3.144804015755653381e-02 2.980501018464565277e-02 1.464436799287796021e-01 7.040052209049463272e-03 9.652991592884063721e-02 5.587961059063673019e-03 6.555298808962106705e-03 3.388822078704833984e-02 2.345220930874347687e-02 1.891311630606651306e-02 2.140512131154537201e-02 3.993209451436996460e-02 2.985803782939910889e-02 1.595880277454853058e-02 2.165787853300571442e-02 2.453767694532871246e-02 2.413599565625190735e-02 1.493768300861120224e-02 2.734851464629173279e-02 4.916135687381029129e-03 2.099627861753106117e-03 7.576327770948410034e-03 4.305287450551986694e-02 3.652131557464599609e-02 3.080291673541069031e-02 3.820674866437911987e-02 1.181441359221935272e-02 9.462520480155944824e-03 2.174699679017066956e-03 2.964548952877521515e-02 2.977799810469150543e-02 2.680739387869834900e-03 6.567032635211944580e-02 3.923525288701057434e-02 3.410479426383972168e-02 5.247237533330917358e-02 1.826979406177997589e-02 7.802781183272600174e-03 1.256245225667953491e-01 5.490729957818984985e-02 4.364617168903350830e-02 2.276547066867351532e-02 1.399517524987459183e-02 6.965298671275377274e-03 3.985598683357238770e-02 3.886066749691963196e-02 3.445724770426750183e-02 2.140088193118572235e-02 3.786723315715789795e-02 2.336317673325538635e-02 1.307704951614141464e-02 1.531833130866289139e-02 1.264218147844076157e-02 4.076722264289855957e-02 1.801461167633533478e-02 1.858292892575263977e-02 5.871410667896270752e-02 8.600120246410369873e-02 2.391392551362514496e-02 4.208771511912345886e-02 2.919469773769378662e-02 3.300385549664497375e-02 2.109051309525966644e-02 4.654905293136835098e-03 1.967073604464530945e-02 1.163802761584520340e-02 2.248887345194816589e-02 4.161934554576873779e-02 2.610860019922256470e-02 1.782897044904530048e-03 9.979781694710254669e-03 1.774514093995094299e-03 4.868966061621904373e-03 2.048360742628574371e-02 1.857600547373294830e-02 2.716602757573127747e-02 1.699369959533214569e-02 9.098238311707973480e-03 2.535436488687992096e-02 6.875927560031414032e-03 1.925442554056644440e-02 1.423214678652584553e-03 5.365252494812011719e-02 1.379219163209199905e-02 3.653011098504066467e-02 4.292991757392883301e-02 4.083194956183433533e-02 1.527179591357707977e-02 2.727798186242580414e-02 4.319803044199943542e-02 3.192008286714553833e-02 3.343967348337173462e-02 1.894768886268138885e-02 1.495659351348876953e-02 3.691506758332252502e-02 4.911989718675613403e-02 3.339751809835433960e-02 2.064174227416515350e-02 3.339010104537010193e-02 2.684918791055679321e-02 1.487958151847124100e-02 1.607004366815090179e-02 4.507171735167503357e-02 2.366305142641067505e-02 1.076072920113801956e-02 3.131298581138253212e-05 8.931863121688365936e-03 2.871195226907730103e-02
1.501219272613525391e-01 5.107354521751403809e-01 5.213510710746049881e-03 2.092480426654219627e-03 1.390072982758283615e-02 1.409297585487365723e-01 1.298987269401550293e-01 4.735851660370826721e-02 2.412779815495014191e-02 1.206407696008682251e-02 1.158847212791442871e-01 3.157264366745948792e-02 1.182895526289939880e-01 3.174095600843429565e-02 3.995548933744430542e-02 1.371229998767375946e-03 1.669289922574535012e-04 8.463256992399692535e-03 7.815623655915260315e-03 2.942095883190631866e-02 1.120843365788459778e-02 3.864873945713043213e-02 1.035745255649089813e-02 4.908401519060134888e-03 1.614654436707496643e-02 3.229531645774841309e-02 2.819303795695304871e-02 1.890226453542709351e-02 6.807124242186546326e-03 4.664025828242301941e-02 6.192070245742797852e-02 7.511775009334087372e-03 5.847505293786525726e-03 9.811862371861934662e-03 3.325788676738739014e-02 3.907076641917228699e-02 4.191122204065322876e-02 1.940343156456947327e-02 3.572361543774604797e-02 7.681573275476694107e-03 2.251710742712020874e-03 7.065514102578163147e-03 3.287925943732261658e-02 1.143692247569561005e-02 4.310582205653190613e-02 6.272986531257629395e-03 1.247299909591674805e-01 5.841470882296562195e-02 1.363340578973293304e-02 5.015170574188232422e-02 1.549424789845943451e-02 2.036492712795734406e-02 4.446392506361007690e-02 4.268440231680870056e-02 1.324421493336558342e-03 4.870402067899703979e-02 2.239238843321800232e-02 2.898800745606422424e-02 1.672561396844685078e-03 8.237403817474842072e-04 1.966049149632453918e-02 2.288849465548992157e-02 3.651797771453857422e-02 3.212111070752143860e-02 4.378053545951843262e-02 7.787667959928512573e-02 3.687789663672447205e-02 1.971013471484184265e-02 2.181531675159931183e-02 2.514854818582534790e-02 3.077205270528793335e-02 3.142460063099861145e-02 7.470238022506237030e-03 2.142026647925376892e-02 3.281446173787117004e-02 2.047957619652152061e-03 2.057470194995403290e-02 3.055269643664360046e-02 1.977743022143840790e-02 2.021583728492259979e-03 5.595759954303503036e-03 1.857595518231391907e-02 9.222866967320442200e-03 1.714760065078735352e-02 9.499564766883850098e-04 1.815953291952610016e-02 4.115595016628503799e-03 3.189637511968612671e-02 8.462009020149707794e-03 3.757581114768981934e-03 1.467224117368459702e-02 2.604201249778270721e-02 3.870170935988426208e-02 4.249201714992523193e-02 1.034957007504999638e-03 1.997124217450618744e-02 3.205607458949089050e-02 8.316437713801860809e-03 3.358916193246841431e-02 7.980206049978733063e-03 2.142243087291717529e-02 3.646364808082580566e-02 1.635990850627422333e-02 4.974118783138692379e-04 1.957698352634906769e-02 4.441644996404647827e-02 2.526365453377366066e-03 4.419268295168876648e-02 8.942894637584686279e-03 2.743530087172985077e-02 2.046324498951435089e-02 3.063367493450641632e-02 2.904874831438064575e-02 4.885284975171089172e-02 7.799248676747083664e-03 5.116967484354972839e-03
1.397453527897596359e-02 5.213510710746049881e-03 4.804540574550628662e-01 2.646540105342864990e-02 1.186727453023195267e-02 1.801362261176109314e-02 1.752543263137340546e-02 9.326308220624923706e-02 2.130770869553089142e-02 4.332543909549713135e-02 4.717648774385452271e-02 1.497263554483652115e-02 3.279371187090873718e-02 1.926066167652606964e-02 3.835983341559767723e-03 3.052033483982086182e-02 2.311682514846324921e-02 3.530764579772949219e-02 2.172551490366458893e-02 1.970855146646499634e-02 4.632629919797182083e-03 5.508367344737052917e-02 3.437552135437726974e-03 5.988630931824445724e-03 1.513950806111097336e-02 4.001343250274658203e-02 3.600079566240310669e-02 5.383485928177833557e-02 2.577230893075466156e-02 3.333284705877304077e-02 3.023704700171947479e-02 3.840713948011398315e-02 6.768541410565376282e-03 3.710987418889999390e-02 2.759633772075176239e-02 1.142328977584838867e-02 3.178415447473526001e-02 3.830419154837727547e-03 4.232245683670043945e-02 5.476368218660354614e-02 2.942349202930927277e-02 3.811850026249885559e-02 2.167553827166557312e-02 5.937680602073669434e-03 2.949266321957111359e-02 6.294255144894123077e-03 3.038484603166580200e-02 6.654089083895087242e-04 1.580210519023239613e-04 1.186309196054935455e-02 1.556118112057447433e-02 3.518179059028625488e-02 3.839017450809478760e-02 7.740223314613103867e-03 1.098244544118642807e-02 2.184964902698993683e-02 3.154356405138969421e-02 2.300759404897689819e-02 2.424703910946846008e-02 2.300330437719821930e-02 6.309637799859046936e-03 2.854399383068084717e-02 2.478101477026939392e-02 6.529884785413742065e-02 3.064715303480625153e-02 4.227201454341411591e-03 2.805878780782222748e-02 1.051166839897632599e-02 2.023192308843135834e-02 1.844245195388793945e-02 1.814813911914825439e-02 1.291422918438911438e-02 4.490889143198728561e-03 1.628115586936473846e-02 3.036785405129194260e-03 2.720229793339967728e-03 3.082235343754291534e-03 8.927814662456512451e-03 2.191070839762687683e-02 1.938473060727119446e-02 1.151237785816192627e-01 8.194643259048461914e-02 2.929933927953243256e-02 4.392425715923309326e-02 4.058678075671195984e-02 2.532801963388919830e-02 2.888461947441101074e-02 4.863269254565238953e-02 3.402650356292724609e-02 4.056647792458534241e-02 4.846917930990457535e-03 4.078033566474914551e-02 1.645391620695590973e-02 5.081892386078834534e-02 2.158400602638721466e-02 2.790517359972000122e-02 6.985528860241174698e-03 6.349884439259767532e-03 4.708034172654151917e-02 2.736425586044788361e-02 2.013285271823406219e-02 4.005208238959312439e-02 4.426381364464759827e-02 2.246514149010181427e-02 1.113580726087093353e-02 2.831507474184036255e-02 1.223928201943635941e-02 3.503696620464324951e-02 1.632277620956301689e-03 5.393948778510093689e-02 2.584086265414953232e-03 2.256712689995765686e-02 8.694145828485488892e-03 5.016658455133438110e-02 3.165836259722709656e-02 1.406989805400371552e-02
2.382227219641208649e-02 2.092480426654219627e-03 2.646540105342864990e-02 4.814927875995635986e-01 1.090885773301124573e-01 1.750305294990539551e-02 3.895821422338485718e-02 2.398423291742801666e-02 5.152248963713645935e-02 4.573128744959831238e-02 1.139076333492994308e-02 1.102936547249555588e-02 4.952450282871723175e-03 8.057145401835441589e-03 2.545849978923797607e-02 4.050763323903083801e-02 3.226047009229660034e-02 1.176089793443679810e-02 5.081034079194068909e-02 1.438980177044868469e-02 7.538894191384315491e-03 4.267716407775878906e-02 4.963666945695877075e-02 5.558821558952331543e-02 3.374386578798294067e-02 2.716728299856185913e-02 3.341063112020492554e-02 6.155537441372871399e-02 1.731842570006847382e-02 4.732648283243179321e-02 2.388990670442581177e-02 3.428890556097030640e-02 1.430125348269939423e-02 2.782049216330051422e-02 2.933518402278423309e-02 2.363335341215133667e-02 2.283518388867378235e-02 2.328459732234477997e-02 5.193626880645751953e-02 2.177938073873519897e-02 1.380431745201349258e-02 4.562794417142868042e-02 4.094561934471130371e-02 2.332105673849582672e-02 3.246669098734855652e-02 1.532621029764413834e-02 3.573048114776611328e-02 1.123603526502847672e-02 1.894345693290233612e-02 3.885196149349212646e-02 3.201864287257194519e-02 1.680353656411170959e-02 1.680034329183399677e-03 2.215874381363391876e-02 3.287988528609275818e-02 1.233782246708869934e-02 7.733666151762008667e-02 3.005420789122581482e-02 1.074793189764022827e-02 4.113508015871047974e-02 3.288768604397773743e-02 4.249418526887893677e-02 6.464429944753646851e-02 1.165410503745079041e-03 1.929304562509059906e-02 1.192747498862445354e-03 4.050848539918661118e-03 1.508439145982265472e-02 4.006928950548171997e-02 3.334189206361770630e-02 1.740838401019573212e-02 3.571024537086486816e-02 1.502707898616790771e-01 4.476827010512351990e-02 6.633414328098297119e-02 1.369757018983364105e-02 5.070594325661659241e-02 2.516333386301994324e-02 6.529683712869882584e-03 9.331827051937580109e-03 6.296333856880664825e-03 4.662262275815010071e-02 7.538591325283050537e-02 5.042810924351215363e-03 4.520740360021591187e-02 3.186921030282974243e-02 3.991010412573814392e-02 1.251022238284349442e-02 6.169800832867622375e-02 2.256601303815841675e-02 1.350539922714233398e-02 1.152625307440757751e-02 4.724714532494544983e-02 3.809854388236999512e-02 6.548969540745019913e-03 2.705174125730991364e-02 4.329172894358634949e-02 1.342562492936849594e-02 4.679854586720466614e-02 2.687690034508705139e-02 1.481513865292072296e-02 1.235381793230772018e-02 3.458587825298309326e-02 2.746019698679447174e-02 1.507910713553428650e-02 4.335198085755109787e-03 1.309100724756717682e-02 6.423599272966384888e-02 5.548083689063787460e-03 7.998426444828510284e-03 1.458936138078570366e-03 1.736355572938919067e-02 4.853196442127227783e-02 1.166015956550836563e-02 4.711490496993064880e-02 4.008419439196586609e-02
1.134967617690563202e-02 1.390072982758283615e-02 1.186727453023195267e-02 1.090885773301124573e-01 4.627262353897094727e-01 1.571478135883808136e-02 1.356581598520278931e-02 1.379290781915187836e-02 1.665960438549518585e-02 4.847534373402595520e-02 3.668845444917678833e-02 2.893163450062274933e-02 1.797365769743919373e-02 1.147349458187818527e-02 7.718061562627553940e-03 1.742422953248023987e-02 1.987955532968044281e-03 1.045319885015487671e-01 1.793557032942771912e-02 6.907197646796703339e-03 1.078814547508955002e-02 1.940987631678581238e-02 3.319764137268066406e-02 1.919950917363166809e-02 2.266992069780826569e-02 4.718761146068572998e-02 1.852423511445522308e-02 2.788607962429523468e-02 2.118190377950668335e-02 1.746589131653308868e-02 1.552869006991386414e-02 3.231546282768249512e-02 2.112234383821487427e-02 6.857980508357286453e-03 3.361442312598228455e-02 1.307089347392320633e-02 8.501573465764522552e-03 6.585922092199325562e-03 5.623725242912769318e-03 4.169242084026336670e-02 2.767732925713062286e-02 1.766757667064666748e-02 1.478458940982818604e-02 2.933315373957157135e-02 1.559781748801469803e-02 1.765147037804126740e-02 1.906805112957954407e-02 3.972418978810310364e-02 4.406263679265975952e-02 2.747617848217487335e-02 3.622748330235481262e-02 5.229398980736732483e-02 1.856575533747673035e-02 4.035305231809616089e-03 3.412294387817382812e-02 4.359289631247520447e-02 2.760244347155094147e-02 1.974587514996528625e-02 9.094712440855801105e-04 1.178450509905815125e-02 1.019868440926074982e-02 3.254083916544914246e-02 3.133689612150192261e-02 6.383721530437469482e-02 4.245274886488914490e-02 2.665827237069606781e-02 2.855505794286727905e-03 3.239435702562332153e-02 2.548235841095447540e-02 1.096431631594896317e-03 2.521810680627822876e-02 2.822203375399112701e-02 1.601319201290607452e-02 3.539609722793102264e-03 5.404269695281982422e-02 4.628844186663627625e-02 5.984412971884012222e-03 3.698560595512390137e-02 9.835230186581611633e-03 4.226468130946159363e-02 2.885850891470909119e-02 2.483959775418043137e-03 1.497856974601745605e-01 7.204424589872360229e-02 1.828995184041559696e-03 2.385315299034118652e-02 4.005074128508567810e-02 4.229701310396194458e-02 4.769264534115791321e-02 3.884366527199745178e-02 9.358743205666542053e-03 1.602922938764095306e-02 3.694522893056273460e-03 2.991581335663795471e-02 2.606906183063983917e-02 3.289483860135078430e-02 2.182489819824695587e-02 7.404977921396493912e-03 1.381838321685791016e-02 7.172617316246032715e-02 9.736740961670875549e-03 3.106341138482093811e-02 3.418312966823577881e-02 1.841424964368343353e-02 4.632288590073585510e-03 4.727422073483467102e-02 4.079904407262802124e-02 3.184413537383079529e-02 3.945614397525787354e-02 1.161588262766599655e-02 6.450910121202468872e-03 3.779137134552001953e-02 4.360569640994071960e-03 1.627686806023120880e-02 7.475520484149456024e-03 4.104712978005409241e-03
1.482530981302261353e-01 1.409297585487365723e-01 1.801362261176109314e-02 1.750305294990539551e-02 1.571478135883808136e-02 5.164599418640136719e-01 1.472570002079010010e-01 1.297634933143854141e-02 1.466184761375188828e-02 1.826878450810909271e-02 1.143342182040214539e-01 2.283339947462081909e-02 8.365344256162643433e-02 2.170608937740325928e-02 2.658452279865741730e-02 1.962500996887683868e-02 2.116508968174457550e-02 1.465997099876403809e-02 6.732979323714971542e-03 3.887372836470603943e-02 4.415006935596466064e-02 1.107880007475614548e-02 3.135022148489952087e-02 1.747511886060237885e-02 1.456750649958848953e-02 2.498008124530315399e-02 3.084544837474822998e-02 2.373023889958858490e-02 2.153127267956733704e-02 4.272788763046264648e-02 3.978874534368515015e-02 1.433144882321357727e-02 4.922498483210802078e-03 1.821789331734180450e-02 3.554002568125724792e-02 3.038648143410682678e-02 3.384221345186233521e-02 1.956124417483806610e-02 4.323242232203483582e-02 1.389236096292734146e-02 1.762025430798530579e-02 7.239034865051507950e-03 9.055384434759616852e-03 2.534539997577667236e-02 5.164346098899841309e-02 4.333054181188344955e-03 1.405629664659500122e-01 7.898461818695068359e-02 1.292706187814474106e-02 4.113281145691871643e-03 3.529558330774307251e-02 2.092539891600608826e-02 3.597027435898780823e-02 3.564625978469848633e-02 1.865809969604015350e-02 1.280398946255445480e-02 2.433959394693374634e-02 7.905783131718635559e-03 5.130400531925261021e-04 2.860032208263874054e-02 8.846649900078773499e-03 1.162885408848524094e-02 2.352234721183776855e-02 2.237343788146972656e-02 4.016393050551414490e-02 6.863918900489807129e-02 4.730620980262756348e-02 4.993502050638198853e-02 1.854312792420387268e-02 3.370043262839317322e-02 2.653234696481376886e-04 2.273317426443099976e-02 6.108964444138109684e-04 1.281022559851408005e-03 3.154585137963294983e-02 3.767363727092742920e-02 2.048853784799575806e-02 1.945036055985838175e-04 2.237227186560630798e-02 4.079132899641990662e-02 1.739489287137985229e-02 1.513339765369892120e-02 2.730260603129863739e-02 3.598864749073982239e-02 3.067647106945514679e-02 5.512762442231178284e-02 2.934652194380760193e-02 9.828220121562480927e-03 4.127841442823410034e-03 1.600178517401218414e-02 3.322303295135498047e-02 1.935342326760292053e-02 3.017320111393928528e-02 2.416981384158134460e-02 7.292440626770257950e-03 3.432519361376762390e-02 4.367873445153236389e-02 2.933614514768123627e-02 2.866998873651027679e-02 2.363242767751216888e-02 3.261907398700714111e-02 3.853604942560195923e-02 1.215578243136405945e-02 7.388496771454811096e-03 3.795854374766349792e-02 4.489318281412124634e-02 3.503615269437432289e-03 4.552285745739936829e-02 1.504240836948156357e-02 6.291380524635314941e-02 1.077761687338352203e-02 3.075783886015415192e-02 4.748881235718727112e-02 3.471203520894050598e-02 1.165037043392658234e-02 1.087047904729843140e-02
1.034889370203018188e-01 1.298987269401550293e-01 1.752543263137340546e-02 3.895821422338485718e-02 1.356581598520278931e-02 1.472570002079010010e-01 5.197684168815612793e-01 1.568766497075557709e-02 2.297923341393470764e-02 2.841905225068330765e-03 9.415163099765777588e-02 3.054388239979743958e-02 8.458662778139114380e-02 5.119348317384719849e-02 1.670533791184425354e-02 1.247110427357256413e-03 4.732984118163585663e-03 2.576376311480998993e-02 6.252128630876541138e-03 3.685105219483375549e-02 8.728289976716041565e-03 1.110726594924926758e-02 2.854571677744388580e-02 2.492576278746128082e-02 3.401726251468062401e-03 1.335468515753746033e-02 2.944859489798545837e-02 1.757648400962352753e-02 2.146907895803451538e-02 3.474626690149307251e-02 2.349074371159076691e-02 1.176082435995340347e-02 8.217022987082600594e-04 1.598660647869110107e-02 2.286796085536479950e-02 5.878520011901855469e-02 5.011074990034103394e-02 2.228124253451824188e-02 3.726660460233688354e-02 9.141710586845874786e-03 1.454003341495990753e-02 1.325651817023754120e-02 1.704255817458033562e-03 1.159122958779335022e-02 8.349195867776870728e-02 4.203617945313453674e-02 1.288135051727294922e-01 9.391888231039047241e-02 5.244591156952083111e-04 1.990749873220920563e-02 1.652248762547969818e-02 2.151833381503820419e-03 5.395330488681793213e-02 4.568848386406898499e-02 7.596867624670267105e-03 2.578146755695343018e-02 1.351742725819349289e-02 1.016198378056287766e-02 1.949847862124443054e-02 1.667282730340957642e-02 2.933924458920955658e-02 5.027443170547485352e-03 1.668702065944671631e-02 1.922274380922317505e-02 3.512290865182876587e-02 5.512613058090209961e-02 2.177304960787296295e-02 3.143762052059173584e-02 2.504548989236354828e-02 2.392260357737541199e-02 1.924757473170757294e-02 3.863166645169258118e-02 3.721901401877403259e-02 6.447428837418556213e-03 4.936997219920158386e-02 4.281637724488973618e-03 5.357376299798488617e-03 1.837526448071002960e-02 2.141515025869011879e-03 3.058386733755469322e-03 1.984439417719841003e-02 1.083285361528396606e-02 9.266135282814502716e-03 2.385233994573354721e-03 7.587991654872894287e-03 2.493571117520332336e-02 2.546828053891658783e-02 3.306779079139232635e-03 2.982056699693202972e-02 1.910089142620563507e-02 4.029985889792442322e-02 2.417082339525222778e-02 2.563472837209701538e-02 3.986087068915367126e-02 2.548209950327873230e-02 4.714159760624170303e-03 3.426587209105491638e-02 2.477581240236759186e-02 3.704895451664924622e-02 4.161933611612766981e-04 3.477170318365097046e-02 4.287872090935707092e-02 3.974645212292671204e-02 3.213990107178688049e-02 4.764406755566596985e-02 4.256090894341468811e-02 1.240498479455709457e-02 5.043220520019531250e-02 1.004561968147754669e-02 3.152070567011833191e-02 4.062679037451744080e-02 5.387334153056144714e-02 4.451362416148185730e-02 4.897054657340049744e-02 1.980311982333660126e-02 5.219881981611251831e-02
1.632908359169960022e-02 4.735851660370826721e-02 9.326308220624923706e-02 2.398423291742801666e-02 1.379290781915187836e-02 1.297634933143854141e-02 1.568766497075557709e-02 4.906018078327178955e-01 3.109450452029705048e-02 4.178011789917945862e-02 1.634148694574832916e-02 2.419226337224245071e-03 4.747351165860891342e-03 1.167037058621644974e-02 9.075202792882919312e-02 1.699427142739295959e-02 1.891461573541164398e-02 4.458179755602031946e-04 1.581198163330554962e-02 2.412794530391693115e-02 2.683076448738574982e-02 2.977343974635004997e-03 5.377691611647605896e-02 6.310234963893890381e-02 3.854705020785331726e-02 3.120078891515731812e-02 4.405389726161956787e-02 3.049999708309769630e-03 2.785706892609596252e-02 1.321608014404773712e-02 4.069180786609649658e-02 5.855807662010192871e-02 3.289366140961647034e-02 1.526899356395006180e-02 3.418486192822456360e-02 4.687696695327758789e-02 3.705096989870071411e-02 5.058966204524040222e-02 4.203458782285451889e-03 7.679502014070749283e-03 3.930358961224555969e-02 2.121596597135066986e-02 1.965101622045040131e-02 1.072707585990428925e-02 3.338617831468582153e-02 2.184318937361240387e-02 2.037156559526920319e-02 2.276032976806163788e-02 1.126724947243928909e-02 2.265862375497817993e-02 9.222091175615787506e-03 2.447712933644652367e-03 3.156784921884536743e-02 1.591111719608306885e-02 4.113614186644554138e-02 5.385510995984077454e-02 1.048180926591157913e-02 7.648598402738571167e-03 3.599178045988082886e-02 6.346960552036762238e-03 2.160659804940223694e-02 1.676508225500583649e-02 2.761034062132239342e-03 1.318193692713975906e-02 8.043092675507068634e-03 1.820045895874500275e-02 1.678213663399219513e-02 8.395466953516006470e-03 2.784487232565879822e-02 5.121005699038505554e-03 3.341186046600341797e-02 2.329266816377639771e-02 1.420112559571862221e-03 1.330644916743040085e-02 3.621758194640278816e-03 1.109060738235712051e-02 3.443447500467300415e-02 2.759107202291488647e-02 2.010257542133331299e-02 1.335364393889904022e-02 6.945054978132247925e-02 7.687047868967056274e-02 4.076860379427671432e-03 1.574785448610782623e-02 2.558137103915214539e-02 1.783421263098716736e-02 7.376259565353393555e-02 8.329837769269943237e-02 4.104519262909889221e-02 2.252016775310039520e-02 1.526932045817375183e-02 5.673611164093017578e-02 3.668078407645225525e-02 1.334420964121818542e-02 8.601157926023006439e-03 1.756246574223041534e-02 1.852276502177119255e-03 4.538775887340307236e-03 2.972930669784545898e-02 4.533594846725463867e-02 5.015876516699790955e-02 4.348945245146751404e-02 3.593604266643524170e-02 1.512643415480852127e-02 2.822631411254405975e-02 1.072053238749504089e-02 1.923005841672420502e-02 3.296944126486778259e-02 4.046212881803512573e-02 3.836246207356452942e-02 8.189498330466449261e-04 6.943630054593086243e-03 7.587905973196029663e-03 8.547201752662658691e-03 1.440060418099164963e-02 2.046980895102024078e-02
3.144804015755653381e-02 2.412779815495014191e-02 2.130770869553089142e-02 5.152248963713645935e-02 1.665960438549518585e-02 1.466184761375188828e-02 2.297923341393470764e-02 3.109450452029705048e-02 4.739179611206054688e-01 7.679450511932373047e-02 3.414978086948394775e-02 1.942056580446660519e-03 9.568879380822181702e-03 3.092407807707786560e-02 3.234195709228515625e-02 1.634954661130905151e-02 1.891268603503704071e-02 8.383141458034515381e-02 7.898790761828422546e-03 3.261060640215873718e-02 6.210762541741132736e-03 3.622896969318389893e-02 3.055408969521522522e-02 2.435950189828872681e-02 1.928496919572353363e-02 5.411746352910995483e-02 3.305885195732116699e-02 4.438072070479393005e-02 1.384578552097082138e-02 4.227805137634277344e-02 2.814719825983047485e-02 5.765758920460939407e-03 1.347525743767619133e-03 1.107557024806737900e-02 1.546249166131019592e-02 2.074142731726169586e-02 4.301469307392835617e-03 2.782482886686921120e-03 4.257606714963912964e-02 4.967427998781204224e-02 3.401619940996170044e-02 3.235724871046841145e-04 3.001909516751766205e-02 1.477564219385385513e-02 1.120971888303756714e-02 1.227116445079445839e-04 2.012840099632740021e-02 3.046781197190284729e-02 1.028371509164571762e-02 9.145169751718640327e-04 4.046994820237159729e-02 2.851922437548637390e-02 3.991310950368642807e-03 1.195800676941871643e-02 4.039454832673072815e-02 3.661371394991874695e-02 3.534422814846038818e-02 3.796815872192382812e-02 3.579669166356325150e-03 1.330136228352785110e-02 7.039738819003105164e-03 1.788063789717853069e-03 6.235684081912040710e-02 4.832220822572708130e-02 3.978489257860928774e-04 5.358691792935132980e-03 1.854236237704753876e-02 2.153173089027404785e-02 5.905715748667716980e-02 7.270044088363647461e-02 3.566561639308929443e-02 8.656254410743713379e-02 4.211468994617462158e-02 2.784747816622257233e-02 5.678018089383840561e-03 1.761556975543498993e-02 1.565950810909271240e-01 2.013467624783515930e-02 1.107844859361648560e-01 3.399948030710220337e-02 1.471084449440240860e-02 4.314486309885978699e-02 1.329392101615667343e-02 2.040527388453483582e-02 2.999096922576427460e-02 3.682987019419670105e-02 1.836260221898555756e-02 4.305453598499298096e-02 3.080168738961219788e-02 4.840997047722339630e-03 3.092326782643795013e-02 5.640920251607894897e-02 3.987958282232284546e-02 7.864092476665973663e-03 1.399690099060535431e-02 1.626955717802047729e-02 6.707203574478626251e-03 3.323715552687644958e-02 6.715505570173263550e-02 4.850503429770469666e-02 1.017469912767410278e-02 1.474702544510364532e-02 3.362046182155609131e-02 2.118385769426822662e-02 3.746418282389640808e-02 3.470513224601745605e-02 1.935210265219211578e-02 3.452380746603012085e-02 2.352003753185272217e-02 3.944875299930572510e-02 1.598048722371459007e-03 1.283777691423892975e-02 4.744981974363327026e-02 3.389410674571990967e-02 9.221711196005344391e-03 8.735369890928268433e-03
2.980501018464565277e-02 1.206407696008682251e-02 4.332543909549713135e-02 4.573128744959831238e-02 4.847534373402595520e-02 1.826878450810909271e-02 2.841905225068330765e-03 4.178011789917945862e-02 7.679450511932373047e-02 4.977369308471679688e-01 4.894575476646423340e-02 2.473580464720726013e-02 3.030418045818805695e-02 1.158769056200981140e-02 1.386026269756257534e-03 6.301711779087781906e-03 2.264174632728099823e-02 2.195040695369243622e-02 7.114786654710769653e-02 4.708407912403345108e-03 2.746335603296756744e-02 1.372441370040178299e-02 3.171972557902336121e-02 2.782120369374752045e-02 3.359854593873023987e-02 1.872159913182258606e-02 8.580228313803672791e-03 2.685091271996498108e-02 1.945811323821544647e-02 4.529038444161415100e-02 3.045003488659858704e-02 1.928516291081905365e-02 2.057565189898014069e-02 2.069947309792041779e-02 2.008292265236377716e-02 3.046870231628417969e-03 4.348631948232650757e-03 1.228293590247631073e-02 2.936836518347263336e-02 1.371071860194206238e-02 3.767918422818183899e-02 2.877722866833209991e-02 7.199113722890615463e-03 3.265320137143135071e-02 1.472918316721916199e-02 2.255077101290225983e-02 5.470778327435255051e-03 1.966311968863010406e-02 1.832533068954944611e-02 6.432470679283142090e-02 7.387544959783554077e-03 9.447470074519515038e-04 2.776811085641384125e-02 2.941079810261726379e-02 3.289532382041215897e-03 4.806115105748176575e-02 8.658869192004203796e-03 4.390351101756095886e-02 2.306489646434783936e-02 3.040832839906215668e-02 4.345732275396585464e-03 3.155743330717086792e-02 3.643517941236495972e-02 3.394300118088722229e-02 2.615286596119403839e-02 4.193590208888053894e-02 2.651160769164562225e-02 3.439763933420181274e-02 1.782422885298728943e-02 6.829518079757690430e-02 3.714411705732345581e-02 2.736576087772846222e-02 2.178915590047836304e-02 3.375578671693801880e-02 2.741378359496593475e-02 3.718581795692443848e-02 1.328463759273290634e-02 7.141539454460144043e-02 6.229217350482940674e-02 1.124774441123008728e-01 2.408791519701480865e-02 1.264250371605157852e-02 4.748411849141120911e-02 5.411253124475479126e-02 2.291316539049148560e-02 1.621337607502937317e-02 4.246960952877998352e-02 1.288553792983293533e-02 1.851718872785568237e-02 7.724742591381072998e-02 4.499913379549980164e-02 2.298026531934738159e-02 4.794838652014732361e-02 3.235255926847457886e-02 4.238368943333625793e-02 1.865548896603286266e-03 5.111315846443176270e-02 1.773588545620441437e-02 3.397962450981140137e-02 4.041829705238342285e-02 5.637179315090179443e-02 3.246050328016281128e-02 6.452989578247070312e-02 6.007357314229011536e-02 2.918195351958274841e-02 4.274218156933784485e-02 1.159862149506807327e-02 3.076483699260279536e-05 1.035609748214483261e-02 1.605300349183380604e-03 1.382605731487274170e-02 3.249150887131690979e-02 9.318883530795574188e-04 5.279562436044216156e-03 2.208079444244503975e-03 1.902508735656738281e-02
1.464436799287796021e-01 1.158847212791442871e-01 4.717648774385452271e-02 1.139076333492994308e-02 3.668845444917678833e-02 1.143342182040214539e-01 9.415163099765777588e-02 1.634148694574832916e-02 3.414978086948394775e-02 4.894575476646423340e-02 5.291897058486938477e-01 4.342169687151908875e-02 1.092595085501670837e-01 4.212576523423194885e-02 6.902524270117282867e-03 3.548673912882804871e-02 4.581559449434280396e-02 1.766598597168922424e-02 1.361185684800148010e-02 1.413086894899606705e-02 1.893065683543682098e-02 1.763287186622619629e-02 3.703593090176582336e-02 2.892108634114265442e-02 3.533075749874114990e-02 3.330224379897117615e-02 4.007885605096817017e-02 1.006117276847362518e-02 3.691469505429267883e-02 3.036171570420265198e-02 6.851256638765335083e-02 3.251797705888748169e-02 3.792868182063102722e-02 3.960844874382019043e-02 2.173339203000068665e-02 2.195305656641721725e-03 1.419286429882049561e-02 6.436908990144729614e-02 3.841244429349899292e-02 1.678305678069591522e-02 5.784793198108673096e-02 1.308562513440847397e-02 4.175052419304847717e-02 2.107979357242584229e-02 4.263791069388389587e-02 1.385819353163242340e-02 1.073291674256324768e-01 6.883438676595687866e-02 2.875005081295967102e-02 2.770852856338024139e-02 3.826323896646499634e-02 3.021217882633209229e-02 3.150761872529983521e-02 2.585556544363498688e-02 3.039313107728958130e-02 2.689688093960285187e-02 1.423158030956983566e-02 3.576479107141494751e-02 8.988862973637878895e-04 5.497198435477912426e-04 3.643302712589502335e-03 2.404293231666088104e-02 2.189110778272151947e-02 3.434897959232330322e-02 8.161632716655731201e-02 9.263810515403747559e-02 4.815828427672386169e-02 3.482759743928909302e-02 4.048573970794677734e-02 1.851976849138736725e-02 4.417579621076583862e-02 2.576748467981815338e-02 1.033020322211086750e-03 4.877843457506969571e-05 2.236765064299106598e-02 6.621482898481190205e-04 7.549576694145798683e-04 4.261380434036254883e-02 8.502685464918613434e-03 1.547981053590774536e-02 5.248841643333435059e-02 2.663788385689258575e-02 2.645604498684406281e-02 1.263034995645284653e-02 4.301838204264640808e-02 2.967006003018468618e-04 4.736601933836936951e-02 1.863720826804637909e-02 1.925970613956451416e-02 2.023143507540225983e-02 5.653485283255577087e-02 2.934949845075607300e-02 5.222766473889350891e-02 1.031696330755949020e-02 1.922564208507537842e-02 2.866094931960105896e-02 3.926124051213264465e-02 1.904940232634544373e-02 2.649663761258125305e-02 2.845057845115661621e-02 3.718110546469688416e-02 1.803773641586303711e-02 4.278146103024482727e-02 2.644794806838035583e-02 1.889147609472274780e-02 1.204428449273109436e-02 4.448340833187103271e-02 1.603996381163597107e-02 2.989974617958068848e-02 5.576216615736484528e-03 2.003866806626319885e-02 1.615564542589709163e-04 1.234932616353034973e-02 1.520964503288269043e-02 4.245223104953765869e-02 3.889330476522445679e-02
7.040052209049463272e-03 3.157264366745948792e-02 1.497263554483652115e-02 1.102936547249555588e-02 2.893163450062274933e-02 2.283339947462081909e-02 3.054388239979743958e-02 2.419226337224245071e-03 1.942056580446660519e-03 2.473580464720726013e-02 4.342169687151908875e-02 5.057238340377807617e-01 4.222651198506355286e-02 1.059405729174613953e-01 2.412345446646213531e-02 5.842373706400394440e-03 1.117485109716653824e-02 3.981399163603782654e-02 4.344663769006729126e-02 3.066365234553813934e-02 1.081039104610681534e-02 1.840119808912277222e-02 1.951668970286846161e-02 2.206216007471084595e-02 3.516616299748420715e-02 3.018330782651901245e-02 3.922647982835769653e-02 8.889618515968322754e-02 4.124629497528076172e-02 9.676543623208999634e-02 3.001918829977512360e-02 8.611873490735888481e-04 7.842900231480598450e-03 2.943379245698451996e-02 2.169697545468807220e-03 1.783575676381587982e-02 3.877429058775305748e-03 2.462930977344512939e-02 3.898059204220771790e-02 2.584187081083655357e-03 3.845643997192382812e-02 1.934244669973850250e-02 3.989584371447563171e-02 1.120631210505962372e-02 2.863296121358871460e-02 1.788908056914806366e-02 2.896732185035943985e-03 1.787572540342807770e-02 6.596568506211042404e-03 2.282838150858879089e-02 1.173184253275394440e-02 4.150730371475219727e-02 1.568655110895633698e-02 2.829041145741939545e-02 1.271413452923297882e-02 5.046541616320610046e-02 1.584144309163093567e-02 7.437241822481155396e-02 4.078318923711776733e-02 4.345152899622917175e-02 4.312964528799057007e-02 4.834216833114624023e-02 8.791196160018444061e-03 4.045602399855852127e-03 1.425716001540422440e-02 5.092693492770195007e-02 1.891497522592544556e-02 2.931072190403938293e-02 8.678122423589229584e-03 4.433891549706459045e-02 9.637253358960151672e-03 2.588101848959922791e-02 5.254961550235748291e-02 2.753671258687973022e-02 5.939567461609840393e-02 6.278479471802711487e-03 3.620442003011703491e-02 6.864391267299652100e-02 2.729489281773567200e-02 2.071747928857803345e-02 1.467769220471382141e-02 5.163588374853134155e-02 4.984274134039878845e-02 3.095415048301219940e-02 4.005294293165206909e-02 1.771954447031021118e-02 3.986628260463476181e-03 5.937534733675420284e-04 9.126661717891693115e-02 5.886826664209365845e-02 4.055619612336158752e-02 1.513604074716567993e-02 1.238849665969610214e-02 9.431750513613224030e-03 5.041208583861589432e-03 2.457444556057453156e-03 2.905124612152576447e-02 2.901926171034574509e-03 4.368713707663118839e-04 4.189424961805343628e-02 1.154339965432882309e-02 2.911109291017055511e-02 4.926844686269760132e-02 3.015750460326671600e-02 3.363061323761940002e-02 4.539901763200759888e-02 4.828820377588272095e-02 1.236051786690950394e-02 1.260110735893249512e-02 5.275180935859680176e-02 1.184185128659009933e-02 2.731011435389518738e-02 1.043009106069803238e-02 5.499844998121261597e-02 2.605169825255870819e-02 3.555501624941825867e-02
9.652991592884063721e-02 1.182895526289939880e-01 3.279371187090873718e-02 4.952450282871723175e-03 1.797365769743919373e-02 8.365344256162643433e-02 8.458662778139114380e-02 4.747351165860891342e-03 9.568879380822181702e-03 3.030418045818805695e-02 1.092595085501670837e-01 4.222651198506355286e-02 5.232544541358947754e-01 4.890841618180274963e-02 5.132633727043867111e-03 3.659699857234954834e-02 5.127931758761405945e-02 3.985548857599496841e-03 2.525348030030727386e-02 8.754800073802471161e-03 2.682502195239067078e-02 4.159723874181509018e-03 2.525473013520240784e-02 3.758811205625534058e-02 2.429716661572456360e-02 2.331570722162723541e-02 1.908833719789981842e-02 1.406048331409692764e-02 4.164790734648704529e-02 3.514387831091880798e-02 9.075905382633209229e-02 2.785999327898025513e-02 4.333624616265296936e-02 3.549493476748466492e-02 3.369237482547760010e-02 1.388597395271062851e-02 2.424693433567881584e-03 3.053465858101844788e-02 2.343066595494747162e-02 4.468255117535591125e-02 2.384145371615886688e-02 1.385871507227420807e-02 4.110982269048690796e-02 1.777738332748413086e-02 4.326449707150459290e-02 3.077310696244239807e-02 9.116930514574050903e-02 6.826487183570861816e-02 4.834589734673500061e-02 4.150660242885351181e-03 2.811379730701446533e-02 4.564999416470527649e-02 1.136524695903062820e-02 1.324436068534851074e-02 1.550792716443538666e-02 1.971973339095711708e-03 7.856137119233608246e-03 4.470167309045791626e-02 1.108182128518819809e-02 7.892183959484100342e-03 1.410231087356805801e-02 2.113208174705505371e-02 6.461880169808864594e-03 2.616178616881370544e-02 7.235351204872131348e-02 8.913580328226089478e-02 1.104322075843811035e-02 9.627314284443855286e-03 1.034194882959127426e-02 2.639040164649486542e-02 2.407023496925830841e-02 3.349557891488075256e-02 2.475678175687789917e-02 2.488817833364009857e-02 3.770850598812103271e-02 2.310417406260967255e-02 2.308362349867820740e-02 5.540303140878677368e-02 9.840924292802810669e-03 4.443411901593208313e-02 2.347743697464466095e-02 1.381233334541320801e-02 1.997731812298297882e-02 2.420061640441417694e-02 2.178998291492462158e-02 1.160354726016521454e-02 2.980272658169269562e-02 2.495510131120681763e-02 1.945866644382476807e-02 4.117086902260780334e-02 3.765991702675819397e-02 4.318250715732574463e-02 4.521007835865020752e-02 2.468899823725223541e-03 1.109392940998077393e-02 3.998825699090957642e-02 3.604185767471790314e-03 3.443804010748863220e-02 1.772687956690788269e-02 3.043447248637676239e-02 4.618452116847038269e-02 2.329410426318645477e-02 1.726354099810123444e-02 1.859991438686847687e-02 3.243010863661766052e-02 1.060277782380580902e-02 4.468927532434463501e-02 9.805846028029918671e-03 1.321576256304979324e-02 1.684938929975032806e-02 3.353523463010787964e-02 1.024239603430032730e-02 3.585342317819595337e-03 3.254639217630028725e-03 2.498897723853588104e-02 2.038124203681945801e-02
