4.910681247711181641e-01 2.016206532716751099e-01 2.347590401768684387e-02 1.798566058278083801e-02 1.215352560393512249e-03 1.240502893924713135e-01 9.678564220666885376e-02 4.803723841905593872e-02 3.242718428373336792e-02 1.118064951151609421e-02 1.564207375049591064e-01 1.007696730084717274e-03 1.229732260107994080e-01 1.626806519925594330e-02 8.137773722410202026e-03 1.786236837506294250e-02 3.567909821867942810e-02 3.769271820783615112e-02 2.336221747100353241e-02 2.650051377713680267e-02 3.993251174688339233e-02 2.715374156832695007e-02 7.369141560047864914e-03 2.472077868878841400e-02 2.289732731878757477e-02 4.625697061419487000e-02 2.140502817928791046e-02 1.331646461039781570e-03 3.865941613912582397e-02 2.629255875945091248e-02 2.540874108672142029e-02 3.690081834793090820e-02 5.003379657864570618e-02 3.245903924107551575e-02 1.191418711096048355e-02 1.496817450970411301e-03 1.065558660775423050e-02 3.131394833326339722e-02 7.505158893764019012e-03 1.518061477690935135e-02 2.501228637993335724e-02 1.714047603309154510e-02 1.552917622029781342e-02 1.386207807809114456e-02 2.257490158081054688e-02 4.360409453511238098e-02 9.542874246835708618e-02 3.052179329097270966e-02 2.234619297087192535e-02 2.916042320430278778e-02 9.072726592421531677e-03 8.978688158094882965e-03 1.311745028942823410e-02 1.242573093622922897e-02 3.456819057464599609e-02 1.159688830375671387e-02 1.607472193427383900e-03 4.184550046920776367e-02 4.276789352297782898e-02 2.161365933716297150e-02 3.359168395400047302e-02 3.249652311205863953e-02 2.405010722577571869e-02 2.487534470856189728e-02 2.601668611168861389e-02 7.472910452634096146e-03 8.224976249039173126e-03 1.582567580044269562e-02 1.698085479438304901e-02 3.408806398510932922e-02 2.544807828962802887e-02 4.760290309786796570e-02 2.072275429964065552e-02 1.822229661047458649e-02 4.339301213622093201e-02 3.249413147568702698e-02 2.850598283112049103e-02 2.419001981616020203e-02 1.823842525482177734e-02 4.611086100339889526e-02 2.700813114643096924e-02 2.840436063706874847e-02 1.844375394284725189e-02 1.734530739486217499e-02 2.963134832680225372e-02 4.753735382109880447e-03 4.530837293714284897e-03 1.866933703422546387e-02 5.830661393702030182e-03 1.831785030663013458e-02 6.066295504570007324e-02 5.185266584157943726e-02 8.926887065172195435e-03 6.116627529263496399e-02 6.058411300182342529e-02 7.399775087833404541e-03 8.866373449563980103e-03 4.658425599336624146e-02 7.337744813412427902e-03 2.022124268114566803e-02 5.247462913393974304e-02 3.029639273881912231e-02 2.564642392098903656e-02 5.346821155399084091e-03 1.372287981212139130e-02 2.218853123486042023e-02 2.938164956867694855e-02 3.427652642130851746e-02 3.806183859705924988e-02 5.756423994898796082e-02 3.225158900022506714e-02 4.195440188050270081e-02 3.649604320526123047e-02 3.934394195675849915e-02 4.006816819310188293e-02 9.572195820510387421e-03
2.016206532716751099e-01 4.842579364776611328e-01 3.913603723049163818e-02 1.644138991832733154e-02 4.507639259099960327e-02 9.867622703313827515e-02 1.111683398485183716e-01 3.368353843688964844e-02 3.621032834053039551e-02 1.938666962087154388e-02 1.175168156623840332e-01 3.382494300603866577e-02 1.514329761266708374e-01 4.200750216841697693e-02 2.146036922931671143e-02 9.432940743863582611e-03 3.660042211413383484e-02 3.708150982856750488e-02 5.872818082571029663e-02 6.512423045933246613e-03 1.240915618836879730e-02 5.539339780807495117e-02 1.577158272266387939e-02 4.683354869484901428e-02 9.441284462809562683e-03 3.228460624814033508e-02 3.662008419632911682e-02 3.807247057557106018e-02 4.618322942405939102e-03 2.916389144957065582e-02 5.869520455598831177e-02 2.795749902725219727e-02 1.226855441927909851e-02 8.379255421459674835e-03 2.643348462879657745e-02 5.837344098836183548e-03 7.018893025815486908e-03 2.984906546771526337e-02 8.898035623133182526e-03 2.163343876600265503e-02 2.792199142277240753e-02 4.204245284199714661e-02 5.251971888355910778e-04 8.926461450755596161e-03 4.462688416242599487e-02 4.543560370802879333e-02 7.516725361347198486e-02 5.570392683148384094e-02 3.649697080254554749e-02 1.569370366632938385e-02 2.077885530889034271e-02 8.865635842084884644e-03 1.387513522058725357e-02 6.567152217030525208e-03 2.408302621915936470e-03 2.721595391631126404e-02 5.092759057879447937e-02 2.972834557294845581e-02 3.972490504384040833e-02 2.640940016135573387e-03 4.760801047086715698e-02 1.423016283661127090e-02 2.023692987859249115e-02 2.946352213621139526e-02 1.905686408281326294e-02 5.975320469588041306e-03 6.209037732332944870e-03 3.188234567642211914e-02 9.420128539204597473e-03 3.289273753762245178e-02 8.144463412463665009e-03 3.727884497493505478e-03 3.561281040310859680e-02 1.651597581803798676e-02 1.477774605154991150e-02 3.428493440151214600e-02 2.623934857547283173e-02 1.504080835729837418e-02 4.174037277698516846e-02 5.919338669627904892e-03 5.421344190835952759e-02 2.081957645714282990e-02 3.065724112093448639e-02 1.782654039561748505e-02 1.732654497027397156e-02 2.550605125725269318e-02 1.039064489305019379e-02 1.555805280804634094e-02 1.940758340060710907e-02 1.362773776054382324e-02 3.846491500735282898e-02 5.689500644803047180e-02 9.828615002334117889e-03 7.095921039581298828e-02 3.426788374781608582e-02 2.077376469969749451e-02 1.314073428511619568e-02 3.075689449906349182e-02 1.920348778367042542e-02 7.493161130696535110e-03 3.222619742155075073e-02 5.060220509767532349e-02 4.135904088616371155e-02 2.718304458539932966e-04 4.429939389228820801e-02 1.528165396302938461e-02 1.329644769430160522e-02 2.108014747500419617e-02 4.092546924948692322e-02 3.788022790104150772e-03 3.408955782651901245e-02 4.497143253684043884e-02 2.787889912724494934e-02 8.195508271455764771e-03 4.700704477727413177e-03 4.511280916631221771e-03
2.347590401768684387e-02 3.913603723049163818e-02 4.465050697326660156e-01 2.915494516491889954e-02 1.019128249026834965e-03 4.151559248566627502e-02 5.158886313438415527e-03 8.876566588878631592e-02 6.643533241003751755e-03 1.028830744326114655e-02 6.206611637026071548e-03 8.757281117141246796e-03 2.857585437595844269e-02 1.736679114401340485e-02 2.842148207128047943e-02 2.993123047053813934e-02 1.765348017215728760e-02 8.340408653020858765e-02 6.875915918499231339e-03 4.014963284134864807e-02 3.490654006600379944e-02 1.213355921208858490e-02 4.175290837883949280e-02 3.798658028244972229e-02 3.332995995879173279e-02 4.577994346618652344e-02 6.033403426408767700e-02 9.494544938206672668e-03 3.219334408640861511e-02 8.865840733051300049e-03 3.395126387476921082e-02 4.173462465405464172e-02 1.924702152609825134e-02 5.892136134207248688e-03 2.909783273935317993e-02 3.102299291640520096e-03 2.949387393891811371e-02 1.355163985863327980e-03 9.724891860969364643e-04 1.449134480208158493e-02 3.522482141852378845e-02 3.792792186141014099e-02 3.431877121329307556e-02 3.212617710232734680e-02 1.415112894028425217e-02 1.887217909097671509e-02 1.165142562240362167e-02 2.729280106723308563e-02 3.145852684974670410e-02 2.655539102852344513e-02 2.714126370847225189e-02 2.296904847025871277e-02 2.322756499052047729e-02 2.701346063986420631e-03 4.582089185714721680e-02 4.246799275279045105e-03 4.358141496777534485e-02 2.544504590332508087e-02 8.988865651190280914e-03 3.649508953094482422e-02 2.162567526102066040e-02 3.561450913548469543e-02 2.943548373878002167e-02 2.855314686894416809e-02 3.549277037382125854e-02 1.169883552938699722e-02 3.661867976188659668e-02 2.832249738276004791e-02 1.801554113626480103e-02 4.696083441376686096e-02 7.120563182979822159e-03 1.446475461125373840e-02 6.161927711218595505e-03 1.899107708595693111e-03 1.591104641556739807e-02 4.733916372060775757e-02 1.668106950819492340e-02 3.930842876434326172e-02 4.725373873952776194e-04 1.134107075631618500e-02 1.102566868066787720e-01 8.634962886571884155e-02 1.880651153624057770e-02 3.354487195611000061e-02 1.899019069969654083e-02 1.283718459308147430e-02 2.963713556528091431e-02 1.066876854747533798e-02 2.573114261031150818e-02 1.446539722383022308e-02 3.125750645995140076e-02 2.849487587809562683e-02 6.946064531803131104e-03 2.266895957291126251e-02 2.939877286553382874e-02 4.215206205844879150e-02 4.776687175035476685e-02 3.158657625317573547e-02 1.476944703608751297e-02 3.954108338803052902e-03 2.826274745166301727e-02 1.007644739001989365e-02 3.003373555839061737e-02 3.541582450270652771e-02 3.025201335549354553e-02 2.545083686709403992e-02 1.673034206032752991e-02 4.900166764855384827e-02 3.220426663756370544e-02 2.708335407078266144e-02 1.182317920029163361e-02 3.525694459676742554e-02 3.344926610589027405e-02 1.798021607100963593e-03 1.879724301397800446e-02 7.642253302037715912e-03
1.798566058278083801e-02 1.644138991832733154e-02 2.915494516491889954e-02 4.884990155696868896e-01 2.136954367160797119e-01 2.061204425990581512e-02 3.018451109528541565e-02 3.015469573438167572e-02 3.542875871062278748e-02 2.351516671478748322e-02 5.539706908166408539e-03 3.293488919734954834e-02 3.310767561197280884e-02 4.568935930728912354e-02 1.013452839106321335e-02 1.762108877301216125e-02 3.490512073040008545e-02 2.149425633251667023e-02 3.467790782451629639e-02 5.379282310605049133e-02 1.977735944092273712e-02 3.276916593313217163e-02 3.849500045180320740e-02 1.704636588692665100e-02 6.430372595787048340e-02 1.592868193984031677e-02 9.713239851407706738e-04 5.654033645987510681e-02 2.746909298002719879e-02 2.218151837587356567e-02 2.167338877916336060e-02 1.854602620005607605e-02 6.557178497314453125e-02 5.689933151006698608e-02 1.249561272561550140e-02 1.697442121803760529e-02 5.060994066298007965e-03 3.916773945093154907e-02 1.248132213950157166e-01 1.001948118209838867e-01 3.291740082204341888e-03 1.701686903834342957e-02 2.800979651510715485e-02 2.530733309686183929e-02 1.185282482765614986e-03 2.415614761412143707e-02 1.037803478538990021e-02 4.753626510500907898e-02 4.624817147850990295e-02 1.077804900705814362e-02 1.126983575522899628e-02 1.856800913810729980e-02 1.475095050409436226e-03 4.606700316071510315e-02 2.565752156078815460e-02 2.746297232806682587e-02 2.748239040374755859e-02 2.159814722836017609e-02 5.662383139133453369e-02 2.855430357158184052e-02 2.993474528193473816e-02 5.503235012292861938e-02 7.167886942625045776e-03 3.472308395430445671e-03 2.933505363762378693e-02 4.600819572806358337e-02 5.754718091338872910e-03 2.384688891470432281e-02 3.843500465154647827e-02 3.833952546119689941e-02 8.786877617239952087e-03 4.639702290296554565e-02 1.688504070043563843e-01 3.005995415151119232e-02 1.468017697334289551e-01 1.568063721060752869e-02 3.596343472599983215e-02 9.377206675708293915e-03 4.376196116209030151e-02 1.360522583127021790e-02 2.227480337023735046e-02 3.315973794087767601e-03 4.887424781918525696e-02 8.886977285146713257e-02 3.487878246232867241e-03 7.180254906415939331e-03 2.170989848673343658e-02 1.150099467486143112e-02 2.792229875922203064e-02 3.566282987594604492e-02 9.923826903104782104e-03 4.627088084816932678e-02 1.165030524134635925e-02 3.236043453216552734e-02 1.889638788998126984e-02 3.506226465106010437e-02 3.783226013183593750e-02 2.269260771572589874e-02 3.425479680299758911e-02 3.999436646699905396e-02 1.504755858331918716e-02 7.778976112604141235e-03 2.137815952301025391e-02 1.623830758035182953e-02 3.688602894544601440e-02 4.655297845602035522e-02 1.846290007233619690e-02 2.567428862676024437e-03 2.149213469238020480e-05 1.425169035792350769e-02 3.425084799528121948e-02 3.366120159626007080e-02 2.711349353194236755e-02 2.515182457864284515e-02 1.416433881968259811e-02 1.994922384619712830e-02
1.215352560393512249e-03 4.507639259099960327e-02 1.019128249026834965e-03 2.136954367160797119e-01 4.934659898281097412e-01 1.201533153653144836e-02 4.382180050015449524e-02 9.052362293004989624e-03 1.033629104495048523e-02 1.337048131972551346e-02 2.307258360087871552e-02 7.088402286171913147e-03 3.051932901144027710e-02 3.965565934777259827e-03 1.871984638273715973e-02 1.735258102416992188e-02 7.540413644164800644e-03 1.111894845962524414e-02 1.042594313621520996e-01 5.693691596388816833e-02 5.015125498175621033e-03 4.688101634383201599e-02 3.583316504955291748e-02 4.638709127902984619e-02 5.338388681411743164e-02 1.746932044625282288e-02 1.595781743526458740e-02 2.130762673914432526e-02 2.023329958319664001e-03 2.039437741041183472e-02 4.336925223469734192e-02 1.818857528269290924e-02 4.044412821531295776e-02 3.115796670317649841e-02 4.038377106189727783e-02 1.414060476236045361e-03 1.101858727633953094e-02 2.877407334744930267e-02 1.521461009979248047e-01 1.147595643997192383e-01 1.547169964760541916e-02 4.109098389744758606e-02 3.386317938566207886e-02 1.910380204208195210e-03 7.330164313316345215e-03 2.115990780293941498e-02 1.508157700300216675e-02 1.843809336423873901e-02 4.182036966085433960e-02 1.029570400714874268e-02 7.626369129866361618e-03 3.767155576497316360e-04 3.517796285450458527e-03 3.681141883134841919e-02 3.967583552002906799e-02 1.070419698953628540e-02 2.244316041469573975e-02 4.092546552419662476e-02 3.244737535715103149e-02 4.161929339170455933e-02 9.986265562474727631e-03 7.579964399337768555e-02 3.180452436208724976e-02 2.747614867985248566e-02 3.072735480964183807e-02 3.673949837684631348e-02 2.265813946723937988e-02 2.496466971933841705e-02 2.975827455520629883e-02 5.729572381824254990e-03 4.485241079237312078e-04 2.456215955317020416e-02 1.307619661092758179e-01 1.790523715317249298e-02 1.544855237007141113e-01 2.376723848283290863e-02 1.932035200297832489e-02 5.047738086432218552e-03 3.573272749781608582e-02 1.837069867178797722e-04 4.176248610019683838e-02 1.731522940099239349e-02 8.132936060428619385e-02 1.564697474241256714e-01 2.245577052235603333e-02 3.856004029512405396e-02 1.727743446826934814e-02 9.383883327245712280e-03 1.408729422837495804e-02 7.025892380625009537e-03 2.065617125481367111e-03 2.414444275200366974e-02 3.303690254688262939e-02 2.298224158585071564e-02 1.469928957521915436e-02 3.665671870112419128e-02 1.751380227506160736e-02 4.468237049877643585e-03 4.128400981426239014e-02 8.413311094045639038e-03 9.704604744911193848e-03 5.103791598230600357e-03 1.470264885574579239e-02 2.532442472875118256e-02 2.251992188394069672e-02 4.534544795751571655e-02 1.685491576790809631e-02 9.569322573952376842e-04 5.393648520112037659e-03 2.164211682975292206e-02 3.772570565342903137e-02 4.104353487491607666e-02 3.643188998103141785e-02 2.378594502806663513e-02 3.213974088430404663e-02 3.705705329775810242e-02
1.240502893924713135e-01 9.867622703313827515e-02 4.151559248566627502e-02 2.061204425990581512e-02 1.201533153653144836e-02 4.967551529407501221e-01 1.270930171012878418e-01 4.349274188280105591e-02 9.591645561158657074e-03 3.641626983880996704e-02 1.024798527359962463e-01 5.590338632464408875e-02 8.430363982915878296e-02 2.655229717493057251e-02 3.911367803812026978e-02 3.341791033744812012e-02 1.047450117766857147e-02 4.056844860315322876e-02 3.952639549970626831e-02 1.519060600548982620e-02 6.656134035438299179e-03 1.015325449407100677e-02 2.820036187767982483e-02 2.788117341697216034e-02 1.274880487471818924e-02 1.994970627129077911e-02 1.135592907667160034e-02 4.133380949497222900e-02 5.740945786237716675e-02 1.502641756087541580e-02 4.767978191375732422e-02 4.958652891218662262e-03 5.341963097453117371e-02 9.823359549045562744e-03 1.586774922907352448e-02 5.883043631911277771e-02 3.950411826372146606e-02 2.215111069381237030e-02 4.552875086665153503e-02 4.443459212779998779e-02 5.243278294801712036e-02 4.606556892395019531e-02 4.818687215447425842e-02 4.631268978118896484e-02 1.613175496459007263e-02 5.860606906935572624e-04 1.294191479682922363e-01 3.649774566292762756e-02 4.620704054832458496e-02 1.354506332427263260e-02 5.444272235035896301e-02 4.304226115345954895e-02 1.597995311021804810e-02 9.661857970058917999e-03 2.069223113358020782e-02 7.925722748041152954e-03 1.643714681267738342e-02 2.457016147673130035e-02 3.775661438703536987e-02 2.422172948718070984e-02 3.074024245142936707e-02 2.722799219191074371e-02 1.278129033744335175e-02 1.433547772467136383e-02 3.488335013389587402e-02 5.036441609263420105e-02 4.294282570481300354e-02 1.507894415408372879e-02 1.418494712561368942e-02 6.273172330111265182e-03 1.029742881655693054e-03 5.317249894142150879e-02 7.679688744246959686e-03 4.239615052938461304e-02 3.151086345314979553e-02 9.451145306229591370e-03 2.800042927265167236e-02 3.630629181861877441e-02 1.427629124373197556e-02 3.323447331786155701e-02 3.321459889411926270e-02 5.413660034537315369e-02 4.428918659687042236e-02 3.930075839161872864e-02 7.843195460736751556e-03 3.039189614355564117e-02 4.899127036333084106e-02 4.904732108116149902e-02 3.911097720265388489e-02 5.011530593037605286e-02 7.941565662622451782e-02 7.261003833264112473e-03 2.163694240152835846e-02 6.566283851861953735e-02 4.904156178236007690e-02 9.313514456152915955e-03 6.104816216975450516e-03 1.970139704644680023e-02 9.366205893456935883e-03 2.228180877864360809e-02 2.353492937982082367e-02 3.736787289381027222e-02 2.329056151211261749e-03 3.443197533488273621e-02 2.839926443994045258e-02 2.123370580375194550e-02 1.388975791633129120e-02 1.375251542776823044e-02 1.711485721170902252e-02 2.276865392923355103e-02 1.541666220873594284e-02 2.075816318392753601e-02 4.403508082032203674e-02 3.101226687431335449e-02 3.535678237676620483e-02 5.584491416811943054e-02
9.678564220666885376e-02 1.111683398485183716e-01 5.158886313438415527e-03 3.018451109528541565e-02 4.382180050015449524e-02 1.270930171012878418e-01 4.969171881675720215e-01 4.860414192080497742e-03 3.018329478800296783e-02 9.952580556273460388e-03 5.918899551033973694e-02 3.614734392613172531e-03 9.483764320611953735e-02 3.152218880131840706e-03 1.200619619339704514e-02 3.281538560986518860e-02 1.229082001373171806e-03 1.096282247453927994e-02 1.524952240288257599e-03 1.827902160584926605e-02 4.086292162537574768e-02 3.010186553001403809e-02 4.397551715373992920e-02 2.473046816885471344e-02 2.947512455284595490e-02 1.517453417181968689e-02 1.609913073480129242e-02 2.790307160466909409e-03 2.149399742484092712e-02 2.741237170994281769e-02 4.513438791036605835e-02 4.804155230522155762e-02 3.673124127089977264e-03 3.743056580424308777e-02 3.674404323101043701e-02 4.703764244914054871e-02 2.677367441356182098e-02 1.224247622303664684e-03 3.651427850127220154e-02 2.093308046460151672e-02 3.109465166926383972e-02 1.740145869553089142e-02 8.797906921245157719e-04 3.283774480223655701e-02 3.181364014744758606e-02 1.151652541011571884e-03 1.112208068370819092e-01 1.000191643834114075e-01 4.255357384681701660e-02 4.694529343396425247e-03 4.410598054528236389e-02 5.528521537780761719e-02 6.393882911652326584e-03 9.946416830644011497e-04 3.960494697093963623e-02 1.113583706319332123e-02 1.147283986210823059e-02 9.362151846289634705e-03 3.192490339279174805e-02 7.383934687823057175e-03 3.327016951516270638e-03 3.768404573202133179e-02 1.733045559376478195e-03 1.598666049540042877e-02 1.212261058390140533e-02 4.527306184172630310e-02 3.424583747982978821e-02 4.892112221568822861e-03 2.871531061828136444e-03 1.438835449516773224e-02 2.427290938794612885e-02 3.498483449220657349e-02 2.806510962545871735e-02 2.924946136772632599e-02 3.467234224081039429e-02 1.692017912864685059e-02 4.235501587390899658e-02 9.982432238757610321e-03 2.907233498990535736e-02 4.471623338758945465e-03 3.491883398965001106e-03 2.580588683485984802e-03 3.080120682716369629e-02 1.614092662930488586e-02 4.352162405848503113e-02 1.809399691410362720e-03 8.256105706095695496e-03 1.071925181895494461e-02 3.373536281287670135e-03 1.001213560812175274e-03 6.275719404220581055e-02 1.167759951204061508e-02 6.663133203983306885e-02 8.247564733028411865e-02 3.953913599252700806e-02 1.859623007476329803e-03 1.878016255795955658e-02 8.523644879460334778e-03 3.024783730506896973e-02 4.751693457365036011e-02 8.215937763452529907e-03 1.427430287003517151e-02 4.622216895222663879e-02 3.763540089130401611e-02 4.802542552351951599e-02 9.609306231141090393e-03 6.080015003681182861e-02 3.142892569303512573e-02 3.787353634834289551e-02 4.366424679756164551e-02 3.105275332927703857e-02 4.804150760173797607e-02 2.029030397534370422e-02 2.373373694717884064e-02 3.596387803554534912e-02 1.951015740633010864e-02
4.803723841905593872e-02 3.368353843688964844e-02 8.876566588878631592e-02 3.015469573438167572e-02 9.052362293004989624e-03 4.349274188280105591e-02 4.860414192080497742e-03 4.769386947154998779e-01 4.989574663341045380e-03 2.213254757225513458e-02 3.897370398044586182e-02 3.481891006231307983e-02 1.056689582765102386e-02 3.988635912537574768e-02 7.312023639678955078e-02 1.221338659524917603e-02 3.473857184872031212e-03 3.646786510944366455e-02 1.163922250270843506e-02 1.244517508894205093e-02 2.935582958161830902e-02 4.420007020235061646e-02 2.099861390888690948e-02 1.533777359873056412e-02 5.204588174819946289e-03 1.608589291572570801e-02 2.055782824754714966e-02 2.054627053439617157e-02 1.359644252806901932e-02 5.296995863318443298e-02 2.202011086046695709e-02 3.078585304319858551e-02 3.731590136885643005e-02 1.990023441612720490e-02 4.681192338466644287e-02 1.468527317047119141e-02 1.974853221327066422e-03 2.287762425839900970e-02 8.563784882426261902e-03 4.464783892035484314e-02 1.581864804029464722e-02 3.679202869534492493e-02 3.031069179996848106e-03 5.907124280929565430e-02 9.668189100921154022e-03 3.159098327159881592e-02 1.333351898938417435e-02 1.840838417410850525e-02 4.815872013568878174e-02 4.682383686304092407e-02 1.392255816608667374e-02 2.261782996356487274e-02 3.307268396019935608e-02 4.199542477726936340e-02 3.132090717554092407e-02 3.978196159005165100e-02 9.249193593859672546e-03 1.979775354266166687e-02 3.594392165541648865e-02 4.811019822955131531e-02 2.780745923519134521e-02 5.021856632083654404e-03 4.352063313126564026e-02 1.032722089439630508e-02 2.741136588156223297e-02 1.432138588279485703e-02 1.832529343664646149e-02 2.926015295088291168e-02 3.749259933829307556e-02 2.253911271691322327e-02 4.852670803666114807e-02 4.479808732867240906e-02 9.048169478774070740e-03 1.883333548903465271e-03 6.318922620266675949e-03 1.064981706440448761e-02 1.854211278259754181e-02 1.816264726221561432e-02 2.986789308488368988e-02 1.756352558732032776e-02 7.745043933391571045e-02 1.084639951586723328e-01 3.813411667943000793e-02 2.437708899378776550e-02 8.282871567644178867e-04 2.050740830600261688e-02 8.259610831737518311e-02 5.856191739439964294e-02 1.868456229567527771e-02 3.180696070194244385e-02 1.027492247521877289e-02 2.070216462016105652e-02 3.869342850521206856e-03 3.224498825147747993e-03 1.325635146349668503e-02 1.919158385135233402e-03 1.356547581963241100e-03 2.626932784914970398e-02 3.920897468924522400e-02 2.990500070154666901e-02 1.866329461336135864e-02 2.010396495461463928e-02 3.507910668849945068e-02 2.763190679252147675e-02 1.392488740384578705e-02 2.641070261597633362e-02 1.069850753992795944e-02 3.950108774006366730e-03 1.662204042077064514e-02 9.031292982399463654e-03 6.093502044677734375e-03 1.787191815674304962e-02 1.061881799250841141e-02 1.837980560958385468e-02 1.789948903024196625e-02 1.995203457772731781e-02
3.242718428373336792e-02 3.621032834053039551e-02 6.643533241003751755e-03 3.542875871062278748e-02 1.033629104495048523e-02 9.591645561158657074e-03 3.018329478800296783e-02 4.989574663341045380e-03 4.525438249111175537e-01 1.671744510531425476e-02 3.526507318019866943e-02 7.363125681877136230e-02 2.035360038280487061e-02 1.317058969289064407e-02 7.376208435744047165e-03 3.330330923199653625e-02 3.178739920258522034e-02 3.649851307272911072e-02 5.888340622186660767e-02 4.557364806532859802e-02 3.829336166381835938e-02 2.856757119297981262e-02 2.677698247134685516e-02 3.668883442878723145e-02 4.009229317307472229e-02 3.459442406892776489e-02 1.487573375925421715e-03 6.475991010665893555e-02 2.887775003910064697e-02 3.624309971928596497e-02 2.454298362135887146e-02 1.288294140249490738e-02 3.802905604243278503e-02 1.091613527387380600e-02 6.616563536226749420e-03 8.706042543053627014e-03 3.954691812396049500e-02 7.503100205212831497e-03 4.005847126245498657e-02 1.855274289846420288e-02 1.014602649956941605e-02 1.834720373153686523e-02 8.216887712478637695e-03 1.650015078485012054e-02 1.863961294293403625e-02 2.652978524565696716e-02 1.517770905047655106e-02 1.904677227139472961e-02 4.490085318684577942e-02 7.001703605055809021e-03 2.812143974006175995e-02 3.841031715273857117e-02 7.784987799823284149e-03 1.264883112162351608e-02 3.766629099845886230e-02 6.066284328699111938e-02 2.086145058274269104e-02 1.241474598646163940e-02 2.556557580828666687e-02 2.983347699046134949e-02 1.795089617371559143e-02 1.193045452237129211e-02 3.178326785564422607e-02 4.775685258209705353e-03 2.699604723602533340e-03 1.139492075890302658e-02 2.316247299313545227e-02 2.168708294630050659e-02 6.466307211667299271e-03 2.384730987250804901e-02 1.005589030683040619e-02 2.112884633243083954e-02 3.132359683513641357e-02 3.112222766503691673e-03 4.692627489566802979e-02 3.025241382420063019e-02 1.459134519100189209e-01 9.969240985810756683e-03 4.323288053274154663e-02 2.449561469256877899e-02 2.608572505414485931e-02 4.939800594002008438e-03 8.372043818235397339e-02 7.823328487575054169e-03 1.013043895363807678e-01 7.651042938232421875e-02 4.492231085896492004e-02 4.090185835957527161e-02 8.977914601564407349e-02 3.840010613203048706e-02 1.523601450026035309e-02 4.866991937160491943e-02 7.068020757287740707e-03 3.424622584134340286e-03 2.994194440543651581e-02 3.478690236806869507e-02 4.249211028218269348e-02 3.318082168698310852e-02 2.792845666408538818e-02 4.520457610487937927e-02 2.396873757243156433e-02 2.409106306731700897e-02 1.557771116495132446e-02 1.201963797211647034e-02 2.303517796099185944e-02 2.772393636405467987e-02 1.277181599289178848e-02 5.677855573594570160e-03 2.779460512101650238e-02 4.427279904484748840e-02 3.278984129428863525e-02 3.935938701033592224e-02 3.974863514304161072e-02 2.007899433374404907e-02 2.063654595986008644e-03 2.518879249691963196e-02
1.118064951151609421e-02 1.938666962087154388e-02 1.028830744326114655e-02 2.351516671478748322e-02 1.337048131972551346e-02 3.641626983880996704e-02 9.952580556273460388e-03 2.213254757225513458e-02 1.671744510531425476e-02 4.726817011833190918e-01 4.162307456135749817e-02 3.063717298209667206e-02 3.740965574979782104e-02 6.900695711374282837e-02 4.581307247281074524e-02 5.049087852239608765e-02 7.684119511395692825e-03 1.297412719577550888e-02 3.795601800084114075e-02 3.877650201320648193e-02 1.040236651897430420e-01 7.479283493012189865e-03 1.371737010776996613e-02 5.623855441808700562e-02 1.490992214530706406e-02 2.168258279561996460e-02 1.800403557717800140e-02 3.585088625550270081e-02 4.547020420432090759e-02 7.561742793768644333e-03 1.593122258782386780e-02 1.403834670782089233e-02 3.650465980172157288e-03 9.034371003508567810e-03 2.082754299044609070e-02 4.200056940317153931e-02 3.678892180323600769e-02 1.614407263696193695e-02 4.867033660411834717e-02 2.903265878558158875e-02 1.002363581210374832e-02 2.108234213665127754e-03 4.227880388498306274e-02 1.995063014328479767e-02 3.189960122108459473e-02 4.400679469108581543e-02 1.636086218059062958e-02 1.079298462718725204e-02 2.899449504911899567e-02 5.809558555483818054e-02 1.166103966534137726e-02 2.598826773464679718e-02 3.826833143830299377e-02 3.879317268729209900e-02 3.461802005767822266e-02 9.309699386358261108e-02 3.266845643520355225e-02 3.510671854019165039e-02 1.240948215126991272e-03 2.336138300597667694e-02 2.217621356248855591e-02 3.133140038698911667e-03 4.399086348712444305e-03 1.018495485186576843e-02 1.157216820865869522e-02 3.878323733806610107e-02 5.942866671830415726e-03 1.490899361670017242e-02 3.775814175605773926e-02 1.557068061083555222e-02 8.359639346599578857e-02 3.253506124019622803e-02 3.091590665280818939e-02 2.109638787806034088e-02 4.169727675616741180e-03 4.015386849641799927e-02 3.774103894829750061e-02 1.289366930723190308e-01 8.845118433237075806e-02 1.266164481639862061e-01 3.081705980002880096e-02 1.109489519149065018e-02 4.642139002680778503e-02 3.352737426757812500e-02 1.331505738198757172e-02 5.936723202466964722e-02 5.980828776955604553e-03 3.917445614933967590e-02 2.500390820205211639e-02 8.105207234621047974e-02 4.394607245922088623e-02 3.490626439452171326e-02 1.569247059524059296e-02 3.128853067755699158e-02 1.061078812927007675e-02 4.571504518389701843e-02 3.167812153697013855e-02 3.118538111448287964e-02 2.966229245066642761e-02 1.776703074574470520e-02 5.273051932454109192e-02 2.971443347632884979e-02 4.058120027184486389e-02 1.696870662271976471e-03 5.230963230133056641e-03 2.126229554414749146e-02 2.608918212354183197e-02 2.044115401804447174e-02 4.287030920386314392e-02 2.379864454269409180e-02 5.878257099539041519e-03 2.048316597938537598e-02 1.381441950798034668e-02 1.097731478512287140e-02 5.193233862519264221e-02 1.675938069820404053e-02
1.564207375049591064e-01 1.175168156623840332e-01 6.206611637026071548e-03 5.539706908166408539e-03 2.307258360087871552e-02 1.024798527359962463e-01 5.918899551033973694e-02 3.897370398044586182e-02 3.526507318019866943e-02 4.162307456135749817e-02 4.926846623420715332e-01 3.270361572504043579e-02 1.330231130123138428e-01 3.811667114496231079e-02 1.144926715642213821e-02 4.283338412642478943e-02 1.525969523936510086e-02 4.404029622673988342e-02 1.920274575240910053e-03 3.462495282292366028e-02 2.120027318596839905e-02 5.374552216380834579e-03 5.909953266382217407e-03 1.177530456334352493e-02 3.402153402566909790e-02 2.958356775343418121e-02 4.990023747086524963e-02 1.248632371425628662e-02 9.407095611095428467e-02 3.966047987341880798e-02 1.509655080735683441e-02 2.556974254548549652e-02 4.330409690737724304e-02 2.830062061548233032e-02 4.290086776018142700e-02 8.795360103249549866e-03 1.866951584815979004e-03 4.576013237237930298e-02 1.749382540583610535e-02 3.332179412245750427e-02 2.740534394979476929e-02 1.460462249815464020e-02 1.244656043127179146e-03 3.161611035466194153e-02 3.881295770406723022e-02 4.438762739300727844e-02 8.756201714277267456e-02 1.195382606238126755e-02 1.507360721006989479e-04 3.768763691186904907e-02 9.061367250978946686e-03 1.121569797396659851e-02 1.834274828433990479e-02 1.942072995007038116e-02 4.124518111348152161e-02 6.767421029508113861e-03 3.227261826395988464e-02 4.655244573950767517e-02 2.926873229444026947e-02 3.249369934201240540e-02 1.290492713451385498e-02 5.080284550786018372e-02 3.857006877660751343e-02 1.948931440711021423e-02 8.666788041591644287e-02 3.368179872632026672e-02 2.862957678735256195e-02 2.269404195249080658e-02 9.011084213852882385e-03 2.161340601742267609e-02 3.406058996915817261e-02 1.366189960390329361e-02 6.274020997807383537e-04 4.038963466882705688e-02 2.407626621425151825e-02 4.786848649382591248e-02 2.764050662517547607e-02 2.978223189711570740e-02 1.824393495917320251e-02 2.098662545904517174e-03 5.244272202253341675e-02 3.873444721102714539e-02 2.093636244535446167e-02 1.534904725849628448e-02 8.446170948445796967e-03 4.401449114084243774e-02 1.128573250025510788e-02 1.198449172079563141e-02 3.673913190141320229e-03 1.977476105093955994e-02 6.987117230892181396e-02 7.882975786924362183e-02 2.379526570439338684e-02 5.417101085186004639e-02 2.532230690121650696e-02 4.067641496658325195e-02 4.160092677921056747e-03 1.976856775581836700e-02 1.846958696842193604e-02 1.321915769949555397e-03 3.094327077269554138e-02 5.152542889118194580e-02 2.069105394184589386e-02 2.303614839911460876e-02 4.449578467756509781e-03 3.498937934637069702e-02 1.879925839602947235e-02 1.543555222451686859e-02 5.329266190528869629e-02 6.024993583559989929e-02 3.353106603026390076e-02 2.300585620105266571e-02 2.615082776173949242e-04 2.623337786644697189e-03 1.190352626144886017e-02 1.747628115117549896e-02
1.007696730084717274e-03 3.382494300603866577e-02 8.757281117141246796e-03 3.293488919734954834e-02 7.088402286171913147e-03 5.590338632464408875e-02 3.614734392613172531e-03 3.481891006231307983e-02 7.363125681877136230e-02 3.063717298209667206e-02 3.270361572504043579e-02 4.747427999973297119e-01 1.894782483577728271e-02 2.158316969871520996e-01 2.876308374106884003e-02 1.344681531190872192e-02 4.320532456040382385e-02 2.671303227543830872e-02 4.154807701706886292e-02 9.315272793173789978e-03 4.969485476613044739e-02 2.882331795990467072e-02 1.734466850757598877e-02 1.419960800558328629e-02 4.314389452338218689e-02 6.859953515231609344e-03 1.715048961341381073e-02 4.018195345997810364e-02 3.718483820557594299e-02 6.991808116436004639e-02 2.323274500668048859e-02 2.761301770806312561e-02 1.419080048799514771e-02 2.223281003534793854e-02 2.772651426494121552e-02 3.122088126838207245e-02 3.131169825792312622e-02 3.811563178896903992e-02 2.618711628019809723e-02 3.103537112474441528e-02 1.333175599575042725e-02 1.371116470545530319e-02 1.015625311993062496e-03 4.143942613154649734e-03 8.494082093238830566e-02 2.407059259712696075e-02 4.178915545344352722e-02 9.011520072817802429e-03 4.514513164758682251e-02 2.841123845428228378e-03 2.553190290927886963e-02 3.327283263206481934e-02 3.980140388011932373e-02 3.049867600202560425e-02 3.104079142212867737e-02 2.714150957763195038e-02 2.470153011381626129e-02 5.206269770860671997e-02 5.169082432985305786e-03 4.907347634434700012e-02 1.733098737895488739e-02 4.755478724837303162e-02 2.610441297292709351e-02 1.100233476608991623e-02 3.482038155198097229e-02 1.122071035206317902e-02 4.210019111633300781e-02 3.634055703878402710e-02 1.579248532652854919e-02 9.598096832633018494e-03 3.551251441240310669e-02 1.540938112884759903e-02 1.221321802586317062e-02 2.863324806094169617e-02 2.886183187365531921e-02 3.475946374237537384e-03 1.842043548822402954e-02 2.270762808620929718e-02 4.539718851447105408e-02 2.435185201466083527e-02 2.107613719999790192e-02 2.453343756496906281e-02 1.536126993596553802e-02 7.999074645340442657e-03 3.469054400920867920e-02 6.441951543092727661e-02 3.134171664714813232e-02 5.430059134960174561e-02 9.231570363044738770e-02 1.290123164653778076e-01 3.459595143795013428e-02 6.000601686537265778e-03 4.763470590114593506e-02 2.300874330103397369e-02 2.360517345368862152e-02 1.953135058283805847e-02 5.117169022560119629e-02 1.524530258029699326e-02 4.900993779301643372e-02 1.700444146990776062e-02 8.028491400182247162e-03 5.642924457788467407e-03 1.709023676812648773e-02 1.989107951521873474e-02 1.630121469497680664e-02 3.886512294411659241e-02 3.953816834837198257e-03 9.335275739431381226e-03 1.939218374900519848e-03 3.744323179125785828e-02 4.426817595958709717e-02 2.831819280982017517e-02 5.122390761971473694e-02 3.697641193866729736e-02 1.422882452607154846e-02 1.808441430330276489e-02
1.229732260107994080e-01 1.514329761266708374e-01 2.857585437595844269e-02 3.310767561197280884e-02 3.051932901144027710e-02 8.430363982915878296e-02 9.483764320611953735e-02 1.056689582765102386e-02 2.035360038280487061e-02 3.740965574979782104e-02 1.330231130123138428e-01 1.894782483577728271e-02 4.982876181602478027e-01 4.617761075496673584e-02 2.559729479253292084e-02 2.864474244415760040e-02 6.925366353243589401e-03 3.365991264581680298e-02 8.564195595681667328e-03 1.947398483753204346e-02 3.943357616662979126e-02 2.756089717149734497e-02 8.999554440379142761e-03 4.163807630538940430e-02 1.219347026199102402e-02 3.441753983497619629e-02 4.221619293093681335e-02 2.785058878362178802e-02 3.712934628129005432e-02 3.300450369715690613e-02 2.452885918319225311e-02 2.803844958543777466e-02 4.474199377000331879e-03 3.848565742373466492e-02 1.996671082451939583e-03 1.886705635115504265e-03 3.632501000538468361e-03 2.170149609446525574e-02 2.939979732036590576e-02 3.436392173171043396e-02 3.228604421019554138e-02 4.847301170229911804e-02 8.406929671764373779e-03 1.906325295567512512e-02 2.652059681713581085e-02 4.829175397753715515e-02 6.684821844100952148e-02 6.541044265031814575e-02 2.702642977237701416e-02 3.415812924504280090e-02 2.954702265560626984e-02 1.442250330001115799e-02 1.165594626218080521e-02 1.350033096969127655e-02 2.553672529757022858e-02 9.395654313266277313e-03 8.785807527601718903e-03 5.969110876321792603e-02 9.033541195094585419e-03 1.537630241364240646e-02 2.796755358576774597e-02 2.785693481564521790e-02 2.613821998238563538e-02 2.589880255982279778e-03 6.771928817033767700e-02 6.384569406509399414e-02 1.430056989192962646e-02 3.726814314723014832e-02 8.939526160247623920e-04 5.252794362604618073e-03 4.288070276379585266e-02 1.936705224215984344e-02 2.559520304203033447e-02 4.729336127638816833e-02 2.791826613247394562e-02 2.807269245386123657e-02 2.944923192262649536e-02 4.249120131134986877e-02 1.087957993149757385e-02 3.245102614164352417e-02 4.424664378166198730e-02 1.564452238380908966e-02 9.338489733636379242e-03 1.499205245636403561e-03 4.060047864913940430e-02 1.778830424882471561e-03 8.825696422718465328e-04 3.236965462565422058e-02 1.396908890455961227e-02 8.864201605319976807e-03 4.260844737291336060e-02 5.908150598406791687e-02 2.578326687216758728e-02 8.862886577844619751e-02 1.741825230419635773e-02 4.412074387073516846e-02 1.746935653500258923e-03 4.452979564666748047e-02 1.007224619388580322e-02 2.211791463196277618e-03 3.914014250040054321e-02 4.575692862272262573e-02 2.121698856353759766e-02 2.789963781833648682e-02 2.502277307212352753e-02 1.231876015663146973e-02 2.599096391350030899e-03 4.947048425674438477e-02 2.806799300014972687e-02 5.324016138911247253e-02 2.377040497958660126e-02 2.123795635998249054e-02 3.707613795995712280e-02 1.241962797939777374e-02 3.309542685747146606e-02 7.166194263845682144e-03
