4.697645008563995361e-01 1.955275237560272217e-01 1.353630237281322479e-02 9.360598400235176086e-03 3.608960658311843872e-02 1.427778601646423340e-02 3.267523273825645447e-02 2.835840918123722076e-02 1.418059109710156918e-03 4.416033625602722168e-02 9.103487432003021240e-02 3.164695203304290771e-02 8.544468134641647339e-02 5.488864332437515259e-02 5.032888427376747131e-02 3.355651721358299255e-02 1.996027072891592979e-03 1.605912297964096069e-02 2.048720978200435638e-02 4.036445170640945435e-04 4.549886658787727356e-02 5.164822936058044434e-02 5.007877945899963379e-02 8.075473830103874207e-03 2.268414944410324097e-03 2.216265536844730377e-02 2.019423525780439377e-03 1.555755455046892166e-02 3.019661270081996918e-02 1.175180636346340179e-02 4.451435804367065430e-02 1.447579637169837952e-02 1.257150433957576752e-02 2.309802733361721039e-02 1.685118488967418671e-02 1.239738985896110535e-02 1.234878599643707275e-02 3.288080170750617981e-02 8.945766603574156761e-04 4.150652512907981873e-02 9.236985445022583008e-02 2.527854871004819870e-03 3.129100799560546875e-02 3.810981754213571548e-03 2.646033652126789093e-02 4.146127030253410339e-02 1.730045303702354431e-02 1.140992064028978348e-02 1.931308954954147339e-02 2.975348907057195902e-04 2.617063932120800018e-02 3.120246343314647675e-02 4.250080883502960205e-02 1.233506854623556137e-02 2.894331142306327820e-02 1.159082073718309402e-02 3.332754224538803101e-02 4.719945043325424194e-02 2.395285293459892273e-02 8.271806873381137848e-03 1.274093054234981537e-02 1.899993047118186951e-02 2.241714671254158020e-02 1.364769693464040756e-02 1.499810814857482910e-02 4.012180119752883911e-02 1.814310811460018158e-02 3.106195665895938873e-02 3.792241588234901428e-02 2.752166707068681717e-03 4.365019127726554871e-02 2.145349048078060150e-02 5.059023387730121613e-04 3.534665331244468689e-02 2.266911230981349945e-02 3.845019638538360596e-02 1.113936491310596466e-02 2.559382095932960510e-02 4.234686866402626038e-02 4.287961870431900024e-02 9.380859322845935822e-03 2.117750607430934906e-02 9.349891915917396545e-03 3.780006244778633118e-02 3.461939468979835510e-02 2.507240697741508484e-02 8.098737336695194244e-03 1.128024188801646233e-03 3.714264184236526489e-02 1.270093303173780441e-02 2.719422336667776108e-03 5.797228310257196426e-03 1.018707826733589172e-02 1.812562812119722366e-03 1.422443985939025879e-02 9.165842086076736450e-03 2.790479920804500580e-02 3.502994030714035034e-02 6.914801429957151413e-03 1.293702144175767899e-02 2.098518237471580505e-02 2.783752419054508209e-02 2.454327046871185303e-02 2.708446979522705078e-02 1.560369972139596939e-02 2.164374850690364838e-02 3.144420683383941650e-02 1.431712787598371506e-02 2.564488910138607025e-02 3.269186243414878845e-02 2.570742974057793617e-03 3.503907844424247742e-02 1.655086688697338104e-02 1.778819598257541656e-02 1.786109618842601776e-02 1.849868893623352051e-02
1.955275237560272217e-01 4.694021046161651611e-01 2.905553020536899567e-02 8.818681351840496063e-03 3.547850623726844788e-02 1.399264112114906311e-02 1.005891896784305573e-02 4.619388841092586517e-03 1.770612969994544983e-02 2.160607837140560150e-03 6.244194880127906799e-02 2.604720927774906158e-02 8.116178214550018311e-02 3.719119355082511902e-02 3.976771980524063110e-02 3.811072930693626404e-02 1.375255757011473179e-03 2.385943196713924408e-02 2.895505912601947784e-02 1.281222235411405563e-02 2.750356867909431458e-02 2.817798778414726257e-02 2.716067805886268616e-02 2.547752112150192261e-02 2.787123806774616241e-02 5.061306059360504150e-02 2.937036007642745972e-02 1.051884237676858902e-02 2.419577352702617645e-02 1.140665635466575623e-02 3.904322162270545959e-02 5.605126731097698212e-03 1.979088783264160156e-02 5.357367452234029770e-03 4.256072640419006348e-02 3.277596086263656616e-02 1.428478746674954891e-03 3.088664077222347260e-02 2.548101730644702911e-02 4.060972109436988831e-02 8.123596757650375366e-02 1.271935831755399704e-02 4.436849430203437805e-02 1.648473739624023438e-02 3.045950457453727722e-02 3.257196629419922829e-03 2.950392290949821472e-02 2.212507091462612152e-02 1.007969491183757782e-02 4.083937779068946838e-02 3.256283467635512352e-03 6.767071783542633057e-03 4.440918564796447754e-02 1.032693963497877121e-02 2.952607162296772003e-02 3.544958308339118958e-02 4.697501659393310547e-02 2.378106582909822464e-03 2.569382637739181519e-02 9.056090377271175385e-03 3.256230056285858154e-02 4.244745150208473206e-02 2.333165146410465240e-02 2.332231588661670685e-02 4.150234907865524292e-02 5.846512690186500549e-02 9.862473234534263611e-03 1.854275725781917572e-02 2.751580998301506042e-02 4.976483434438705444e-02 1.954815816134214401e-03 4.623185470700263977e-02 2.491419203579425812e-02 4.688850790262222290e-02 2.731223218142986298e-02 4.062809422612190247e-02 4.022496286779642105e-03 2.412118203938007355e-02 1.784933917224407196e-02 7.868139073252677917e-03 2.496049739420413971e-02 2.775713428854942322e-02 9.622674435377120972e-03 1.683267764747142792e-02 3.779049217700958252e-02 3.050247952342033386e-02 1.376020489260554314e-03 1.654254458844661713e-02 4.917668923735618591e-02 2.659336291253566742e-02 3.458225401118397713e-03 1.410541683435440063e-02 4.420465789735317230e-03 1.006293389946222305e-02 1.001581922173500061e-02 2.360110171139240265e-03 4.303786531090736389e-02 3.117916733026504517e-02 2.390821650624275208e-02 1.139872707426548004e-02 3.283610567450523376e-03 2.437018789350986481e-02 1.013829465955495834e-02 1.268618390895426273e-03 3.504978120326995850e-02 1.003167964518070221e-02 7.225984334945678711e-02 2.379232272505760193e-02 1.913160830736160278e-02 2.378175593912601471e-02 2.179385721683502197e-02 1.861394941806793213e-02 6.574186030775308609e-03 2.374676987528800964e-02 1.812787726521492004e-02 3.132776170969009399e-02
1.353630237281322479e-02 2.905553020536899567e-02 4.427585601806640625e-01 5.462479777634143829e-03 4.359801486134529114e-02 2.388682216405868530e-02 1.349959895014762878e-02 2.506268396973609924e-02 1.239650417119264603e-02 9.054390713572502136e-03 2.431433647871017456e-02 3.469042479991912842e-02 4.681109264492988586e-02 3.353854641318321228e-02 9.836674667894840240e-03 6.567943375557661057e-03 2.194307511672377586e-03 3.889579325914382935e-03 1.786137372255325317e-02 2.536811633035540581e-03 1.675780862569808960e-03 3.197086229920387268e-02 2.512055076658725739e-02 1.872632466256618500e-02 3.808717802166938782e-02 3.833411261439323425e-02 2.947256527841091156e-02 3.103143163025379181e-02 3.249877318739891052e-02 1.212721690535545349e-02 5.898232571780681610e-03 6.919082719832658768e-03 3.831311315298080444e-02 2.863019937649369240e-03 2.274005964864045382e-04 3.167759627103805542e-03 1.223885733634233475e-02 9.001003927551209927e-04 2.008130587637424469e-02 4.439531825482845306e-03 3.586013242602348328e-02 1.975720282644033432e-03 2.687359973788261414e-02 2.366236597299575806e-02 2.750997990369796753e-02 3.067705407738685608e-02 1.997682265937328339e-02 5.051322281360626221e-03 1.514032203704118729e-02 3.182694315910339355e-02 4.122006893157958984e-02 4.348457977175712585e-02 2.584392949938774109e-02 3.294913843274116516e-02 4.365312680602073669e-02 4.366987943649291992e-02 2.836345322430133820e-02 1.824004575610160828e-02 3.733862191438674927e-02 1.190274953842163086e-02 3.455729782581329346e-02 3.564183786511421204e-02 1.978441700339317322e-02 2.524812519550323486e-02 3.904888406395912170e-02 1.516874600201845169e-02 2.799103781580924988e-02 4.214792698621749878e-02 6.992739159613847733e-03 2.766181528568267822e-02 2.174396626651287079e-02 1.299350056797266006e-02 3.603769838809967041e-02 1.620815321803092957e-02 2.699763886630535126e-02 8.397524245083332062e-03 2.632174454629421234e-02 1.092000771313905716e-02 3.854315727949142456e-02 2.122959494590759277e-02 6.537427008152008057e-02 1.064118295907974243e-01 1.573341153562068939e-02 3.779382258653640747e-02 3.615732118487358093e-02 4.064265638589859009e-02 1.569279842078685760e-02 2.892750501632690430e-02 3.494258970022201538e-02 1.425119116902351379e-02 1.919407770037651062e-02 4.513012990355491638e-02 3.741160035133361816e-02 2.858568541705608368e-02 1.053922157734632492e-02 5.481987446546554565e-02 1.092567667365074158e-02 3.086736239492893219e-02 6.159119307994842529e-03 2.544488944113254547e-02 1.413381192833185196e-02 1.419586874544620514e-02 4.204961657524108887e-02 2.083233743906021118e-02 1.934134028851985931e-02 1.973623782396316528e-02 1.958557404577732086e-02 5.203575128689408302e-04 8.919275365769863129e-03 1.799670048058032990e-02 3.161294758319854736e-02 2.454177848994731903e-02 4.968891851603984833e-03 1.616809703409671783e-02 5.643806979060173035e-02 2.092015370726585388e-02
9.360598400235176086e-03 8.818681351840496063e-03 5.462479777634143829e-03 4.620278477668762207e-01 2.234933674335479736e-01 2.787948958575725555e-02 2.139394730329513550e-02 2.762219309806823730e-02 4.962345212697982788e-02 2.159759216010570526e-02 2.662794850766658783e-02 2.727681584656238556e-02 3.736341022886335850e-04 1.309107802808284760e-02 4.039826616644859314e-02 4.145449772477149963e-02 2.914101071655750275e-02 3.630417585372924805e-02 3.906902298331260681e-02 3.217115625739097595e-02 8.012887090444564819e-03 3.192384913563728333e-02 1.215523388236761093e-02 4.707588627934455872e-02 3.793970867991447449e-02 1.166766975075006485e-02 2.510782890021800995e-02 4.573656246066093445e-02 3.946949169039726257e-02 3.361585363745689392e-02 3.817869815975427628e-03 7.055493071675300598e-03 2.609049715101718903e-02 3.472384437918663025e-02 1.933621428906917572e-02 4.609919711947441101e-02 4.464598000049591064e-02 4.304778575897216797e-02 7.124846428632736206e-02 8.613689988851547241e-02 1.631846465170383453e-02 2.423074282705783844e-02 3.127873688936233521e-02 1.469245459884405136e-02 7.753996178507804871e-03 1.416713651269674301e-02 7.306159939616918564e-03 2.032780274748802185e-02 3.663885965943336487e-02 3.556169569492340088e-02 3.084140084683895111e-02 1.846113242208957672e-03 1.873636431992053986e-02 2.946685068309307098e-02 3.153334185481071472e-02 2.915190532803535461e-02 5.376588553190231323e-02 1.005379762500524521e-02 7.859231904149055481e-03 3.330507129430770874e-02 1.037998683750629425e-02 4.661917313933372498e-02 2.369921840727329254e-02 3.904354060068726540e-03 2.611165493726730347e-02 1.821469888091087341e-02 1.826585270464420319e-02 1.716368086636066437e-02 1.169403083622455597e-02 4.400032013654708862e-02 1.371107250452041626e-02 2.939832396805286407e-02 1.511260420083999634e-01 1.332370750606060028e-02 1.509424448013305664e-01 4.606475308537483215e-02 1.128833647817373276e-02 2.333639003336429596e-02 1.129418425261974335e-02 2.685064822435379028e-02 3.104718029499053955e-02 2.892496064305305481e-02 1.066933646798133850e-01 9.705455042421817780e-03 2.495776116847991943e-02 2.821194939315319061e-02 5.289391847327351570e-04 5.088698584586381912e-03 4.306307062506675720e-02 5.236428696662187576e-04 4.537627473473548889e-02 3.426762670278549194e-02 7.399905938655138016e-03 2.546754106879234314e-02 2.596821403130888939e-03 4.645946621894836426e-02 2.480370737612247467e-02 8.718763478100299835e-03 1.185257453471422195e-02 2.148705348372459412e-02 1.760109886527061462e-02 1.874979026615619659e-02 2.687460556626319885e-02 5.771458148956298828e-02 2.609581872820854187e-02 7.796695455908775330e-03 7.672580890357494354e-03 3.827479900792241096e-03 1.212571095675230026e-02 4.005120354122482240e-05 1.812428236007690430e-02 5.215799808502197266e-02 6.924455519765615463e-03 3.691670717671513557e-03 1.514467224478721619e-02 1.094548869878053665e-02
3.608960658311843872e-02 3.547850623726844788e-02 4.359801486134529114e-02 2.234933674335479736e-01 4.751896858215332031e-01 5.643917620182037354e-02 2.313269115984439850e-02 3.238638862967491150e-02 3.408030048012733459e-02 4.743527621030807495e-02 4.145261272788047791e-02 2.989829517900943756e-02 3.066116757690906525e-02 2.898636832833290100e-02 7.950292900204658508e-03 3.171373857185244560e-03 4.032648168504238129e-03 1.279039308428764343e-02 3.355466201901435852e-02 1.532282307744026184e-02 1.929324679076671600e-02 3.103823633864521980e-03 4.288959130644798279e-02 1.893326640129089355e-02 4.043905809521675110e-02 4.339334554970264435e-03 3.648795187473297119e-02 3.826997801661491394e-02 1.600908674299716949e-02 2.750956453382968903e-02 3.434605151414871216e-02 3.581351041793823242e-02 4.078343510627746582e-02 3.750634565949440002e-02 3.681846335530281067e-02 6.249232217669487000e-03 1.440051663666963577e-02 1.772532053291797638e-02 1.245089545845985413e-01 1.815128475427627563e-01 2.534645795822143555e-02 3.866969794034957886e-02 3.328158706426620483e-02 1.425957027822732925e-02 1.881125010550022125e-02 1.631423085927963257e-02 2.426557010039687157e-03 3.010305203497409821e-02 2.538631856441497803e-02 9.258273057639598846e-03 9.422631934285163879e-03 3.567013144493103027e-02 3.787989914417266846e-02 4.649850353598594666e-02 2.722757682204246521e-02 3.549374639987945557e-02 4.005527123808860779e-02 2.979910373687744141e-02 5.268190056085586548e-03 9.155670553445816040e-02 2.064581960439682007e-02 5.756057798862457275e-03 2.728461287915706635e-02 4.217662662267684937e-02 1.900603063404560089e-02 2.748870477080345154e-02 1.049375161528587341e-02 3.376533463597297668e-02 2.159047499299049377e-02 6.466120015829801559e-03 3.686949610710144043e-02 4.003281891345977783e-02 2.585176751017570496e-02 2.244467101991176605e-02 1.504049003124237061e-01 1.468491274863481522e-03 6.848664488643407822e-03 8.805440738797187805e-03 4.506568424403667450e-03 3.591363131999969482e-02 6.675072479993104935e-03 3.932038694620132446e-02 9.427690505981445312e-02 4.698371514678001404e-02 3.471198678016662598e-02 3.500279411673545837e-02 1.271255500614643097e-02 5.763598252087831497e-03 7.123169023543596268e-03 3.194701857864856720e-03 3.759032813832163811e-03 1.333833485841751099e-02 7.431853562593460083e-02 4.232784733176231384e-02 1.478380244225263596e-02 8.249038830399513245e-03 2.294998243451118469e-02 8.918465115129947662e-03 1.849849708378314972e-02 1.483157277107238770e-02 3.437206894159317017e-02 1.818098686635494232e-02 1.601591892540454865e-02 4.732487257570028305e-03 1.929903589189052582e-02 1.737021841108798981e-02 6.962457555346190929e-04 2.176720835268497467e-02 2.390255406498908997e-02 1.505247596651315689e-02 2.292970381677150726e-02 2.588103897869586945e-02 1.920988783240318298e-02 4.007231816649436951e-02 3.910066559910774231e-02 7.722835056483745575e-03
1.427778601646423340e-02 1.399264112114906311e-02 2.388682216405868530e-02 2.787948958575725555e-02 5.643917620182037354e-02 4.653410911560058594e-01 1.954724937677383423e-01 1.173201203346252441e-02 1.740639470517635345e-02 3.332002833485603333e-02 7.146283984184265137e-02 3.464751690626144409e-02 5.722697079181671143e-02 3.557832539081573486e-02 3.163496404886245728e-02 2.501902170479297638e-02 3.277651732787489891e-03 2.082463353872299194e-03 4.208404198288917542e-02 1.704318076372146606e-02 1.201364956796169281e-02 6.580801680684089661e-03 3.496608510613441467e-02 2.217008918523788452e-02 6.263339426368474960e-03 1.238123234361410141e-02 3.574651107192039490e-02 2.483116462826728821e-02 3.170235082507133484e-02 3.072736784815788269e-02 3.618179261684417725e-02 3.179202973842620850e-02 1.455349847674369812e-02 4.387425258755683899e-02 2.322230674326419830e-02 2.692187018692493439e-02 4.558662325143814087e-02 1.294474117457866669e-02 5.355814471840858459e-03 5.036003142595291138e-02 3.577330335974693298e-02 3.682166337966918945e-02 2.407678030431270599e-02 4.812089260667562485e-03 1.154213678091764450e-02 3.066738508641719818e-02 7.989712804555892944e-02 4.258539061993360519e-03 2.394842728972434998e-02 7.253221701830625534e-03 1.637360453605651855e-02 1.282684854231774807e-03 1.787833496928215027e-02 2.637706696987152100e-02 8.081829175353050232e-03 7.317760493606328964e-03 1.126898732036352158e-02 2.642662264406681061e-02 3.436090424656867981e-02 3.157865628600120544e-02 4.733082279562950134e-02 4.018993303179740906e-02 4.104472324252128601e-02 4.617338627576828003e-02 2.003534883260726929e-02 2.491301670670509338e-02 2.492843195796012878e-02 5.594738200306892395e-02 1.398630347102880478e-02 2.622576244175434113e-02 1.606688462197780609e-02 2.326756902039051056e-02 1.327110081911087036e-02 6.001002038829028606e-04 5.359143763780593872e-02 1.346408668905496597e-02 3.564396873116493225e-02 4.345229640603065491e-02 3.791449218988418579e-02 3.759031742811203003e-02 1.531116664409637451e-03 4.094921052455902100e-02 1.816449686884880066e-02 2.315663360059261322e-02 4.649876058101654053e-02 3.494665399193763733e-02 4.882093146443367004e-02 1.177609525620937347e-02 2.107562497258186340e-03 2.728566154837608337e-02 3.047209046781063080e-02 1.023206859827041626e-02 2.740226127207279205e-02 3.443966433405876160e-02 4.830724745988845825e-02 2.933814004063606262e-02 2.883847616612911224e-02 3.189038485288619995e-02 3.494137525558471680e-02 5.081450566649436951e-02 2.709552645683288574e-02 2.768490090966224670e-02 2.822995372116565704e-02 3.013231977820396423e-02 4.238803684711456299e-02 9.447935037314891815e-03 2.655047364532947540e-02 2.511305920779705048e-02 1.913470914587378502e-03 2.698180824518203735e-02 1.173604931682348251e-02 8.159420453011989594e-03 4.901871830224990845e-02 5.242906045168638229e-03 4.185935109853744507e-02 1.602442935109138489e-02
3.267523273825645447e-02 1.005891896784305573e-02 1.349959895014762878e-02 2.139394730329513550e-02 2.313269115984439850e-02 1.954724937677383423e-01 4.637216925621032715e-01 5.084970220923423767e-02 1.233054604381322861e-02 1.539838314056396484e-02 4.982211813330650330e-02 6.672453135251998901e-02 6.182220950722694397e-02 9.872466325759887695e-02 3.226026520133018494e-02 7.504911627620458603e-04 4.170658439397811890e-02 2.215668093413114548e-03 2.747017517685890198e-02 1.586725562810897827e-02 1.181214000098407269e-03 3.396822605282068253e-03 4.241429641842842102e-02 2.847901359200477600e-02 6.646044086664915085e-03 3.027758374810218811e-02 1.212582271546125412e-02 2.941924519836902618e-02 1.101155020296573639e-02 1.847619377076625824e-02 2.487245365045964718e-04 2.227183664217591286e-03 2.968434058129787445e-02 4.294896498322486877e-02 7.361199241131544113e-03 4.451990872621536255e-02 4.721417650580406189e-02 4.378082975745201111e-02 1.852848380804061890e-02 1.006186660379171371e-02 4.708090331405401230e-03 5.471294373273849487e-02 9.202408255077898502e-04 2.105533145368099213e-02 1.882480084896087646e-02 1.714065484702587128e-02 8.633588254451751709e-02 9.387160837650299072e-02 3.059933520853519440e-02 4.808960482478141785e-02 4.814006760716438293e-02 1.483505219221115112e-02 3.459256514906883240e-02 1.768119819462299347e-02 2.799837104976177216e-02 3.358031064271926880e-02 4.321195185184478760e-02 4.709826409816741943e-02 3.099462483078241348e-03 2.151961252093315125e-02 2.179519087076187134e-02 2.580820955336093903e-02 7.625881116837263107e-03 1.393480878323316574e-02 2.676062099635601044e-02 1.787236332893371582e-02 2.443929575383663177e-02 8.981688879430294037e-03 1.067299768328666687e-02 3.825921565294265747e-02 8.814965933561325073e-02 2.177739515900611877e-02 7.078688591718673706e-02 3.159175068140029907e-02 2.294418588280677795e-02 3.034699149429798126e-02 5.310921929776668549e-03 3.380425646901130676e-02 1.782464981079101562e-02 3.009486757218837738e-02 1.851498149335384369e-02 3.573985025286674500e-02 3.667482733726501465e-02 2.355662360787391663e-02 4.187244921922683716e-02 3.529996378347277641e-03 4.857590049505233765e-02 7.967825978994369507e-03 4.986896738409996033e-02 2.242659032344818115e-02 4.509196057915687561e-02 5.934222135692834854e-03 6.437046825885772705e-02 2.684062346816062927e-02 2.924083545804023743e-02 3.396017849445343018e-02 5.307009909301996231e-03 1.367579586803913116e-02 4.146181419491767883e-02 2.162753976881504059e-02 2.082511223852634430e-02 3.402526257559657097e-03 4.828633740544319153e-02 2.300824597477912903e-02 3.695245832204818726e-02 1.579659804701805115e-02 2.678208239376544952e-02 8.066650480031967163e-03 4.527053982019424438e-02 3.977918822783976793e-04 3.275825455784797668e-02 3.547390550374984741e-02 1.706313714385032654e-02 3.448401764035224915e-02 1.661941781640052795e-02 1.991996541619300842e-02
2.835840918123722076e-02 4.619388841092586517e-03 2.506268396973609924e-02 2.762219309806823730e-02 3.238638862967491150e-02 1.173201203346252441e-02 5.084970220923423767e-02 4.697418212890625000e-01 4.036313295364379883e-02 2.289075870066881180e-03 1.168201118707656860e-02 1.081913337111473083e-02 9.738488122820854187e-03 3.322972450405359268e-03 5.667598173022270203e-02 1.946061290800571442e-02 4.166268557310104370e-02 7.390827871859073639e-03 5.511738359928131104e-02 2.601301297545433044e-02 8.444290608167648315e-03 1.311748381704092026e-02 4.022243618965148926e-02 4.778041690587997437e-02 5.714497528970241547e-03 3.180995583534240723e-02 1.570465043187141418e-02 5.089819058775901794e-02 5.018469411879777908e-03 3.418308869004249573e-02 3.662789240479469299e-02 7.670967839658260345e-03 8.105520159006118774e-03 8.695254102349281311e-03 4.042703285813331604e-02 1.366110518574714661e-02 8.052772842347621918e-03 6.449424661695957184e-03 3.953801095485687256e-02 3.692030534148216248e-02 5.701227486133575439e-02 3.926616162061691284e-02 2.938554622232913971e-02 3.716360777616500854e-02 6.991919130086898804e-03 3.740093484520912170e-02 1.623035222291946411e-02 2.734181471168994904e-02 2.136743627488613129e-03 4.833358805626630783e-03 3.183772787451744080e-03 7.880049757659435272e-03 3.477856516838073730e-02 1.718757860362529755e-02 4.959005862474441528e-03 2.991712186485528946e-03 4.047279804944992065e-02 4.667214117944240570e-03 2.375927194952964783e-02 1.219451986253261566e-02 3.776629269123077393e-02 1.195006538182497025e-02 4.244274925440549850e-03 1.508213113993406296e-02 6.629028357565402985e-03 2.804453112185001373e-02 2.963178977370262146e-02 2.364618889987468719e-02 2.914205007255077362e-02 4.102481156587600708e-02 3.050084225833415985e-03 4.294047597795724869e-03 1.637821458280086517e-02 2.916573174297809601e-02 3.625365719199180603e-02 7.437276653945446014e-03 1.958877313882112503e-03 4.350259434431791306e-03 3.880421817302703857e-02 2.855746774002909660e-03 8.015203475952148438e-02 3.991593047976493835e-02 5.281561985611915588e-03 5.030213389545679092e-03 1.380490232259035110e-02 2.523929346352815628e-03 4.408383369445800781e-02 1.145256496965885162e-02 1.121797785162925720e-02 5.002251267433166504e-02 1.014365931041538715e-03 1.307120826095342636e-02 1.540658436715602875e-02 2.061681635677814484e-02 1.682796888053417206e-02 9.671706706285476685e-03 2.123820967972278595e-02 1.861747913062572479e-02 1.820419542491436005e-02 8.348371833562850952e-03 1.495022512972354889e-02 1.415350008755922318e-02 2.751944027841091156e-02 5.498737096786499023e-02 1.266009267419576645e-02 2.349696354940533638e-03 1.252529118210077286e-02 2.801279909908771515e-02 1.995770446956157684e-02 1.301846746355295181e-02 9.976149350404739380e-02 2.209583856165409088e-02 5.639502778649330139e-02 4.539446532726287842e-02 3.209722042083740234e-02 5.005340557545423508e-03
1.418059109710156918e-03 1.770612969994544983e-02 1.239650417119264603e-02 4.962345212697982788e-02 3.408030048012733459e-02 1.740639470517635345e-02 1.233054604381322861e-02 4.036313295364379883e-02 4.880618751049041748e-01 6.734192371368408203e-02 4.663272947072982788e-02 9.755720943212509155e-02 1.866130903363227844e-02 6.478866562247276306e-03 3.680282086133956909e-02 1.224567368626594543e-02 1.382918749004602432e-02 1.270200163125991821e-01 6.952648400329053402e-04 4.693942889571189880e-02 1.450071856379508972e-02 2.993524260818958282e-02 5.191054078750312328e-04 4.854930192232131958e-02 2.557450719177722931e-02 3.545528650283813477e-02 3.956789150834083557e-02 5.726448446512222290e-02 4.998856410384178162e-02 3.370152413845062256e-02 4.632907360792160034e-02 9.988610632717609406e-03 4.982364829629659653e-03 4.710705950856208801e-02 2.765746414661407471e-02 4.665336385369300842e-02 1.236114185303449631e-02 4.010012745857238770e-02 2.314622141420841217e-02 7.118736393749713898e-03 2.774211391806602478e-02 2.167560532689094543e-02 3.814110904932022095e-02 3.498463332653045654e-02 1.591128297150135040e-02 3.857932239770889282e-02 2.172990888357162476e-02 7.371375337243080139e-03 2.962715737521648407e-02 4.474874213337898254e-02 5.544185172766447067e-03 6.423294078558683395e-03 3.580546379089355469e-02 2.371147461235523224e-02 8.608189970254898071e-02 2.511753514409065247e-02 4.455205053091049194e-02 3.917392343282699585e-02 2.636480517685413361e-02 1.355929207056760788e-02 7.412303984165191650e-02 5.375511944293975830e-02 3.808067366480827332e-02 2.872662246227264404e-02 4.918164759874343872e-02 2.291270159184932709e-02 4.052889533340930939e-03 1.412068214267492294e-02 1.131492480635643005e-01 5.781461950391530991e-03 1.066503580659627914e-02 6.415411829948425293e-02 1.700872555375099182e-03 2.747793868184089661e-02 1.886785030364990234e-02 3.879024088382720947e-02 1.580621898174285889e-01 4.148144647479057312e-02 1.033231914043426514e-01 1.012619771063327789e-02 3.418163210153579712e-02 2.554046921432018280e-02 7.772055268287658691e-02 4.866333305835723877e-02 2.943541403510607779e-05 1.979279331862926483e-03 3.573931008577346802e-02 4.809524491429328918e-02 1.153214871883392334e-01 4.711799696087837219e-02 7.425485178828239441e-03 3.931450843811035156e-02 4.266719520092010498e-02 4.487782716751098633e-03 2.221283875405788422e-02 3.999356180429458618e-02 1.604268513619899750e-02 4.416269436478614807e-02 3.073598071932792664e-02 2.473108284175395966e-02 3.807068988680839539e-02 5.881948862224817276e-03 7.341711316257715225e-03 2.479671686887741089e-02 7.219851016998291016e-02 2.776945009827613831e-02 9.722226299345493317e-03 3.877387195825576782e-02 2.929984964430332184e-02 1.339166145771741867e-02 2.016170136630535126e-02 9.359197691082954407e-03 2.379780076444149017e-02 1.586741209030151367e-02 1.053905114531517029e-02 2.244660630822181702e-02
4.416033625602722168e-02 2.160607837140560150e-03 9.054390713572502136e-03 2.159759216010570526e-02 4.743527621030807495e-02 3.332002833485603333e-02 1.539838314056396484e-02 2.289075870066881180e-03 6.734192371368408203e-02 4.842675328254699707e-01 1.119592133909463882e-02 2.316794730722904205e-02 2.907618321478366852e-02 1.104915607720613480e-02 1.553776953369379044e-02 4.598766565322875977e-02 1.602621376514434814e-02 5.230579897761344910e-02 9.974996000528335571e-02 4.306696727871894836e-02 2.990837395191192627e-02 5.269711837172508240e-03 3.337983414530754089e-02 4.434813279658555984e-03 5.419557541608810425e-02 2.862197346985340118e-02 1.066334196366369724e-03 2.518497966229915619e-02 1.107023656368255615e-02 9.479698725044727325e-03 1.066803093999624252e-02 1.780382543802261353e-02 4.142659902572631836e-02 4.677497223019599915e-02 1.473769452422857285e-02 2.393221855163574219e-02 1.270190719515085220e-02 2.015627734363079071e-02 1.307759340852499008e-02 2.123796567320823669e-02 2.863989770412445068e-02 1.058321166783571243e-02 8.575703948736190796e-03 3.962191939353942871e-02 7.956202141940593719e-03 3.010690771043300629e-02 5.064744874835014343e-02 7.854009978473186493e-03 1.784602925181388855e-02 9.933751821517944336e-02 3.697649389505386353e-02 3.426875174045562744e-02 1.414218824356794357e-02 3.475531935691833496e-03 2.349347621202468872e-02 3.444006294012069702e-02 3.481609746813774109e-02 2.494490146636962891e-02 2.227597683668136597e-02 2.021594718098640442e-02 3.843223303556442261e-02 7.283060345798730850e-03 2.538332715630531311e-02 4.039201140403747559e-02 1.273960340768098831e-02 3.386290743947029114e-02 3.937187418341636658e-02 4.479869827628135681e-02 5.432521924376487732e-03 6.910233199596405029e-02 8.930506184697151184e-03 1.435866393148899078e-02 3.583891317248344421e-02 2.840641885995864868e-02 2.932996302843093872e-02 6.867492105811834335e-03 2.109692618250846863e-02 1.303697377443313599e-01 7.930722087621688843e-03 1.428233087062835693e-01 5.289262160658836365e-03 2.552321180701255798e-02 2.584104984998703003e-02 6.224203109741210938e-02 1.872327737510204315e-02 9.433804452419281006e-02 1.026915386319160461e-02 2.138863131403923035e-02 4.563698917627334595e-02 2.453334070742130280e-02 4.359475523233413696e-02 2.482529357075691223e-02 2.565823122859001160e-02 1.580416224896907806e-02 3.473718836903572083e-02 3.698477521538734436e-02 4.075775668025016785e-02 4.129484295845031738e-03 3.406561166048049927e-02 5.482117179781198502e-03 4.772081226110458374e-02 4.706737399101257324e-02 3.580925241112709045e-02 1.143111567944288254e-02 1.087223272770643234e-02 2.270429022610187531e-02 2.073358371853828430e-02 3.829447180032730103e-02 3.859812766313552856e-02 2.643882855772972107e-02 1.762002333998680115e-02 5.046673119068145752e-02 4.152360558509826660e-02 1.742047630250453949e-02 3.606794774532318115e-02 1.391056692227721214e-03
9.103487432003021240e-02 6.244194880127906799e-02 2.431433647871017456e-02 2.662794850766658783e-02 4.145261272788047791e-02 7.146283984184265137e-02 4.982211813330650330e-02 1.168201118707656860e-02 4.663272947072982788e-02 1.119592133909463882e-02 4.743855595588684082e-01 1.233946718275547028e-02 1.106412038207054138e-01 1.294148247689008713e-02 1.542744319885969162e-02 2.818226255476474762e-02 1.875525526702404022e-02 1.458813063800334930e-02 2.924155071377754211e-02 2.055180817842483521e-02 1.377821806818246841e-02 4.990507382899522781e-03 3.094381093978881836e-02 3.393377363681793213e-02 9.508133516646921635e-04 3.790488094091415405e-02 3.091605938971042633e-02 1.945306546986103058e-02 3.782161697745323181e-02 4.677381739020347595e-02 3.902075812220573425e-02 2.591949887573719025e-02 1.369497366249561310e-02 2.310297824442386627e-02 2.550510875880718231e-02 7.372392341494560242e-03 1.084184832870960236e-02 6.184642668813467026e-03 1.017578691244125366e-02 1.630364917218685150e-02 2.448486350476741791e-02 9.486923925578594208e-03 1.126828510314226151e-02 3.933294862508773804e-02 4.138409718871116638e-02 4.902034997940063477e-02 3.514225780963897705e-02 8.843846619129180908e-03 2.308901026844978333e-02 3.249716386198997498e-02 4.778439924120903015e-02 2.970681525766849518e-02 2.842474542558193207e-02 1.859095320105552673e-02 4.585525766015052795e-02 1.284632645547389984e-02 3.133432008326053619e-03 3.346960991621017456e-02 1.524628605693578720e-02 2.841751463711261749e-02 3.175771981477737427e-02 2.159471856430172920e-03 2.349627017974853516e-02 1.026226300746202469e-02 4.294196888804435730e-02 4.444571211934089661e-02 2.339663170278072357e-02 1.619442366063594818e-02 3.175206482410430908e-02 1.067713461816310883e-02 5.397252365946769714e-02 2.281985618174076080e-02 1.008786633610725403e-02 1.316400710493326187e-02 1.537897530943155289e-02 4.198824614286422729e-02 4.488544538617134094e-02 5.503129214048385620e-02 3.901749476790428162e-02 4.458445683121681213e-02 2.185722626745700836e-02 6.044337898492813110e-02 3.154810518026351929e-02 4.017154499888420105e-02 5.898833274841308594e-03 1.523372810333967209e-02 8.185422979295253754e-03 2.356012118980288506e-03 1.239923853427171707e-02 1.924113836139440536e-03 1.257603522390127182e-03 4.391196370124816895e-02 2.572479285299777985e-02 8.524042554199695587e-03 3.961611539125442505e-02 2.737356349825859070e-03 1.608161441981792450e-02 2.929120883345603943e-02 8.299821987748146057e-03 9.175728075206279755e-03 3.176833270117640495e-03 1.464889035560190678e-03 2.955528534948825836e-02 8.929882198572158813e-03 1.887243427336215973e-02 8.279601461254060268e-04 3.478303179144859314e-02 4.671648144721984863e-02 2.496528811752796173e-02 3.943934664130210876e-02 4.446528851985931396e-02 3.067307174205780029e-02 1.528070773929357529e-02 3.371556103229522705e-02 2.673356048762798309e-02 1.364718656986951828e-03
3.164695203304290771e-02 2.604720927774906158e-02 3.469042479991912842e-02 2.727681584656238556e-02 2.989829517900943756e-02 3.464751690626144409e-02 6.672453135251998901e-02 1.081913337111473083e-02 9.755720943212509155e-02 2.316794730722904205e-02 1.233946718275547028e-02 4.744339287281036377e-01 2.188515290617942810e-02 1.423771530389785767e-01 2.318131504580378532e-03 2.106816321611404419e-02 4.608744755387306213e-02 5.103358253836631775e-02 9.077420458197593689e-03 4.508139193058013916e-02 3.985543921589851379e-02 3.585011884570121765e-02 4.898380860686302185e-02 2.846417948603630066e-02 3.407133743166923523e-02 2.851879596710205078e-02 1.235297601670026779e-02 6.045926734805107117e-02 1.036069635301828384e-02 5.053400993347167969e-02 5.466951522976160049e-03 6.182743608951568604e-02 1.175093092024326324e-02 2.345738001167774200e-02 4.944225400686264038e-02 4.091805312782526016e-03 3.639347851276397705e-04 4.782190546393394470e-02 2.401826344430446625e-02 3.872993215918540955e-02 5.658745300024747849e-03 1.931270211935043335e-02 4.878335818648338318e-02 2.205610089004039764e-02 2.960678189992904663e-02 4.595036432147026062e-02 3.126538544893264771e-02 9.978682734072208405e-03 9.867500513792037964e-03 1.783829368650913239e-02 2.353107556700706482e-02 6.619582884013652802e-03 3.818576782941818237e-02 5.162608996033668518e-02 4.933489486575126648e-02 3.438950702548027039e-02 3.802673146128654480e-02 2.049490436911582947e-02 3.546021645888686180e-03 2.019226551055908203e-02 4.109070077538490295e-02 4.346594959497451782e-02 1.156481448560953140e-02 2.520792558789253235e-02 3.475200384855270386e-02 3.567171469330787659e-02 3.367654606699943542e-02 4.891265183687210083e-02 3.462874144315719604e-02 2.928033098578453064e-02 6.682530790567398071e-02 4.939927905797958374e-02 1.425296254456043243e-02 2.549399994313716888e-02 2.250931720482185483e-04 4.882673174142837524e-02 5.713217705488204956e-02 2.729675918817520142e-02 1.144599076360464096e-02 5.229465663433074951e-02 1.731533440761268139e-03 3.397691994905471802e-02 1.703013107180595398e-02 8.391060866415500641e-03 2.302061533555388451e-03 4.553023725748062134e-02 3.982644411735236645e-04 1.185621041804552078e-02 5.994952842593193054e-02 6.441003642976284027e-03 3.720097616314888000e-02 4.278194904327392578e-02 2.454935759305953979e-02 4.641771316528320312e-02 4.599712416529655457e-02 2.211158722639083862e-02 4.822109639644622803e-02 5.721753835678100586e-02 1.834216900169849396e-02 2.962109260261058807e-02 1.238076575100421906e-02 1.407363172620534897e-02 2.948904642835259438e-03 3.805339708924293518e-02 5.942223221063613892e-02 1.597168482840061188e-02 2.025759592652320862e-02 2.358726225793361664e-02 4.626176133751869202e-02 3.659664094448089600e-02 4.396380390971899033e-03 2.262648381292819977e-02 9.277247823774814606e-03 2.783302776515483856e-02 1.213246607221662998e-03 3.077061660587787628e-02
8.544468134641647339e-02 8.116178214550018311e-02 4.681109264492988586e-02 3.736341022886335850e-04 3.066116757690906525e-02 5.722697079181671143e-02 6.182220950722694397e-02 9.738488122820854187e-03 1.866130903363227844e-02 2.907618321478366852e-02 1.106412038207054138e-01 2.188515290617942810e-02 4.778670072555541992e-01 8.888194337487220764e-03 6.214881688356399536e-02 6.741559132933616638e-03 8.455358445644378662e-03 3.003258444368839264e-02 2.129485085606575012e-02 1.674980483949184418e-02 1.546074915677309036e-02 2.093685977160930634e-02 2.939644083380699158e-02 5.078525468707084656e-02 2.923327311873435974e-02 1.540599018335342407e-02 2.433142066001892090e-02 6.543923169374465942e-03 2.747514843940734863e-02 9.346489794552326202e-03 2.470863237977027893e-02 1.938826171681284904e-03 2.176959766075015068e-03 5.103594623506069183e-03 3.033528663218021393e-02 2.176842465996742249e-02 8.327906951308250427e-03 1.399283390492200851e-02 3.798991069197654724e-02 6.187185645103454590e-03 3.857450792565941811e-03 1.922207884490489960e-02 1.747189089655876160e-02 5.639145150780677795e-02 4.092580452561378479e-02 1.417561341077089310e-02 5.672049708664417267e-03 2.801777981221675873e-02 7.668569684028625488e-03 3.056630864739418030e-02 2.550314553081989288e-02 3.431880474090576172e-02 1.684560254216194153e-02 5.530699156224727631e-03 2.260428667068481445e-02 3.360862284898757935e-02 1.252263132482767105e-02 4.955311864614486694e-02 2.346415072679519653e-02 1.615772396326065063e-02 2.023349516093730927e-02 1.652999781072139740e-02 1.736641488969326019e-02 3.174046520143747330e-03 3.855325281620025635e-03 2.232877351343631744e-02 1.475074049085378647e-02 1.276905462145805359e-02 2.756655961275100708e-02 2.737438539043068886e-03 3.785753622651100159e-02 2.139711752533912659e-03 1.382887177169322968e-02 2.475566230714321136e-03 1.311419182457029819e-03 1.410815399140119553e-03 4.467136412858963013e-02 4.376980289816856384e-02 3.689984232187271118e-02 4.881027713418006897e-02 2.789925038814544678e-02 4.035338386893272400e-02 2.348568104207515717e-02 2.181855589151382446e-02 9.188296273350715637e-03 1.503906399011611938e-02 2.573738340288400650e-03 3.658708557486534119e-02 1.421104371547698975e-02 2.309890091419219971e-02 2.033946849405765533e-02 2.338795177638530731e-02 3.853457793593406677e-02 1.566083356738090515e-02 2.793239429593086243e-02 1.714487932622432709e-02 1.186716835945844650e-02 2.573503367602825165e-02 2.870166790671646595e-04 2.166831307113170624e-02 3.865905851125717163e-02 6.097427010536193848e-02 4.398469999432563782e-02 1.023185253143310547e-02 4.051393270492553711e-02 2.144441567361354828e-02 5.018793977797031403e-03 3.328954055905342102e-02 5.725762620568275452e-02 4.259488359093666077e-02 2.711862139403820038e-02 1.052627526223659515e-02 1.233403338119387627e-03 1.795355929061770439e-03 4.338322952389717102e-02 7.371676154434680939e-03
