4.571453332901000977e-01 6.691110879182815552e-02 1.124298758804798126e-02 4.149680584669113159e-02 1.453557889908552170e-02 9.833581745624542236e-02 2.038040198385715485e-02 1.443766616284847260e-02 1.005682162940502167e-02 1.334692910313606262e-02 1.268635243177413940e-01 1.052400749176740646e-02 9.559625387191772461e-02 4.230948165059089661e-02 4.662763327360153198e-02 1.696726493537425995e-02 2.385819144546985626e-02 4.521312192082405090e-02 6.837645545601844788e-03 5.129759013652801514e-02 4.140464961528778076e-02 1.760965026915073395e-02 3.155419230461120605e-02 1.451418176293373108e-02 1.118723489344120026e-02 2.887431345880031586e-02 3.581705316901206970e-02 1.524000987410545349e-02 5.947878584265708923e-02 1.115440018475055695e-02 2.274229563772678375e-02 1.019267179071903229e-02 5.394495278596878052e-02 1.050203386694192886e-02 2.234012354165315628e-03 4.068628698587417603e-02 5.467129126191139221e-02 4.161837510764598846e-03 1.488205138593912125e-02 1.777133718132972717e-02 2.383936941623687744e-02 1.779880560934543610e-02 1.747260987758636475e-02 2.576186135411262512e-02 5.712999776005744934e-02 3.009536303579807281e-02 1.145977452397346497e-01 1.124268397688865662e-02 6.165781058371067047e-03 3.573554381728172302e-02 3.563857078552246094e-02 3.667871654033660889e-02 8.610206656157970428e-03 5.093668028712272644e-02 7.016595453023910522e-02 8.591314544901251793e-04 6.525930017232894897e-03 3.150409460067749023e-02 5.045947618782520294e-03 9.745895862579345703e-03 4.385084286332130432e-02 5.447258055210113525e-02 1.201075222343206406e-02 1.041985210031270981e-02 2.389815635979175568e-02 2.318855375051498413e-02 2.811663970351219177e-02 3.711736202239990234e-02 2.898255921900272369e-02 1.096737850457429886e-02 2.671317197382450104e-02 5.973050370812416077e-03 4.911189898848533630e-02 5.413147807121276855e-02 3.223596513271331787e-02 5.868611857295036316e-03 3.482431545853614807e-02 1.273440662771463394e-02 7.765803486108779907e-02 2.498800121247768402e-02 5.228558182716369629e-02 1.082262388081289828e-04 5.464479699730873108e-02 2.632520161569118500e-03 4.942385479807853699e-02 1.808387972414493561e-02 7.909303158521652222e-02 4.525712504982948303e-02 2.593893557786941528e-02 6.575689185410737991e-03 2.953157573938369751e-02 4.290246218442916870e-02 4.058274999260902405e-02 2.649665437638759613e-02 4.824819043278694153e-02 2.168738283216953278e-03 2.104395069181919098e-02 3.413393720984458923e-02 5.141757801175117493e-02 7.611007895320653915e-03 3.788955882191658020e-02 5.436633154749870300e-02 3.484264016151428223e-02 1.027542073279619217e-02 4.082219302654266357e-02 3.618951886892318726e-02 2.377929724752902985e-02 3.876700997352600098e-02 4.067235067486763000e-02 4.829772561788558960e-02 6.039281189441680908e-02 2.414258196949958801e-02 3.318997472524642944e-02 1.296134758740663528e-02 1.378124859184026718e-02 4.771144315600395203e-02
6.691110879182815552e-02 4.427856206893920898e-01 2.820753678679466248e-02 3.938620910048484802e-02 2.249822393059730530e-02 4.409794881939888000e-02 9.546399116516113281e-02 3.397589176893234253e-02 1.237514056265354156e-02 5.921387113630771637e-03 1.354791596531867981e-02 2.448965236544609070e-02 1.538399904966354370e-01 4.209113121032714844e-02 6.483278423547744751e-02 2.123314142227172852e-02 3.621283173561096191e-02 9.279922582209110260e-03 4.055414348840713501e-02 3.513270290568470955e-03 3.866791352629661560e-02 5.143010243773460388e-02 2.493443526327610016e-02 5.008864216506481171e-03 5.981118883937597275e-03 2.747357636690139771e-02 1.960698573384433985e-04 4.027026891708374023e-02 2.605942636728286743e-02 2.042426355183124542e-02 4.843590408563613892e-02 2.278495207428932190e-02 3.892021253705024719e-03 4.979614913463592529e-02 4.827155172824859619e-02 2.160278707742691040e-02 1.739401556551456451e-02 3.053307067602872849e-03 3.985206410288810730e-02 1.374508347362279892e-02 1.037516072392463684e-02 5.176087841391563416e-02 2.532157301902770996e-02 1.980131957679986954e-03 4.357340559363365173e-02 4.319039732217788696e-02 5.942942574620246887e-02 1.190680563449859619e-01 4.158643633127212524e-02 5.226467177271842957e-02 4.387894645333290100e-02 3.261746466159820557e-02 5.856674164533615112e-02 6.053776666522026062e-02 2.661597914993762970e-02 1.629870012402534485e-02 3.031791187822818756e-03 2.258444763720035553e-02 2.935203164815902710e-02 3.099283203482627869e-02 3.182114288210868835e-02 2.803156524896621704e-02 1.344715896993875504e-02 2.054955810308456421e-02 1.445924304425716400e-02 4.385764524340629578e-02 2.953652106225490570e-02 4.503418225795030594e-03 3.379674255847930908e-02 3.645984455943107605e-02 3.008027374744415283e-02 2.835187874734401703e-02 1.927484571933746338e-02 4.617882892489433289e-02 3.185737878084182739e-02 8.242678013630211353e-04 1.210558693856000900e-02 3.725737333297729492e-02 1.737779378890991211e-02 4.059557616710662842e-02 1.844093576073646545e-02 4.202659428119659424e-02 3.750919830054044724e-03 2.589632757008075714e-02 4.039667919278144836e-02 2.904735878109931946e-02 2.617345005273818970e-02 3.455720469355583191e-02 4.541068151593208313e-02 4.359123855829238892e-02 2.578298561275005341e-02 2.843273431062698364e-02 9.409543126821517944e-02 9.640190750360488892e-02 1.338811684399843216e-02 1.329417340457439423e-03 2.339272387325763702e-02 4.774799197912216187e-02 3.138834610581398010e-02 3.886309638619422913e-02 4.914367198944091797e-02 1.623711362481117249e-02 3.126097470521926880e-02 4.452382400631904602e-02 2.167621627449989319e-02 3.791156411170959473e-02 1.844323799014091492e-02 1.892105676233768463e-02 3.265004977583885193e-02 5.193854868412017822e-02 3.753770887851715088e-02 4.030397534370422363e-02 2.264297753572463989e-02 3.173961490392684937e-02 3.884501382708549500e-02 3.372527426108717918e-03
1.124298758804798126e-02 2.820753678679466248e-02 4.143110811710357666e-01 6.649506092071533203e-02 8.978496305644512177e-03 1.220744941383600235e-02 6.531165447086095810e-03 7.316083461046218872e-02 7.620219606906175613e-03 1.493821572512388229e-02 9.552452713251113892e-03 1.672546565532684326e-02 2.225216664373874664e-02 2.782067283987998962e-02 1.611987315118312836e-02 7.299268152564764023e-03 9.297611191868782043e-03 1.443288661539554596e-02 7.308153435587882996e-03 4.669443890452384949e-02 4.600688815116882324e-03 4.029942676424980164e-02 3.511195257306098938e-02 3.822771459817886353e-02 3.004234656691551208e-02 1.555262506008148193e-02 3.877237671986222267e-03 4.990589246153831482e-02 3.077448811382055283e-03 1.313197892159223557e-02 4.894281178712844849e-02 1.451579574495553970e-02 1.419827155768871307e-02 9.948926046490669250e-03 5.531296506524085999e-02 4.074431210756301880e-02 1.089622918516397476e-02 9.679763577878475189e-03 2.323523722589015961e-02 3.984661027789115906e-02 4.567887261509895325e-02 1.323002576828002930e-02 3.210852295160293579e-02 3.469848260283470154e-02 1.418566331267356873e-03 4.208049178123474121e-02 1.050394959747791290e-02 2.092826366424560547e-02 6.569363642483949661e-03 1.538481190800666809e-02 2.694365195930004120e-02 4.699444398283958435e-02 9.444696828722953796e-03 3.276561945676803589e-02 2.240209653973579407e-02 1.639570668339729309e-02 2.487794496119022369e-02 2.954773372039198875e-04 5.835645273327827454e-02 5.196230486035346985e-02 1.523652579635381699e-02 5.085839703679084778e-02 7.231467869132757187e-03 4.791693296283483505e-03 3.915247321128845215e-02 1.087810471653938293e-02 4.403414670377969742e-03 3.649632260203361511e-02 2.989176660776138306e-03 3.181095421314239502e-02 5.246772989630699158e-02 3.690084815025329590e-02 2.568561956286430359e-02 3.128394484519958496e-02 5.980381276458501816e-03 1.783861406147480011e-02 8.021469227969646454e-03 2.244914323091506958e-02 4.496036469936370850e-02 4.601664468646049500e-02 3.598435223102569580e-02 4.421705845743417740e-03 7.051907479763031006e-03 4.624572396278381348e-02 4.920789971947669983e-03 4.080886393785476685e-02 3.457841277122497559e-02 2.291653305292129517e-02 9.893174283206462860e-04 5.199628323316574097e-02 2.606408856809139252e-02 1.470279600471258163e-02 3.659608960151672363e-02 2.332673966884613037e-02 3.274895623326301575e-02 4.721925407648086548e-02 1.273040659725666046e-02 3.492367640137672424e-02 2.231666259467601776e-02 3.928585723042488098e-02 2.308286167681217194e-02 1.356095168739557266e-02 4.147053137421607971e-02 1.382554881274700165e-02 7.735711988061666489e-03 1.136092096567153931e-01 2.799716405570507050e-02 3.555397316813468933e-02 2.715788781642913818e-02 1.811390928924083710e-02 3.297015279531478882e-02 5.228520371019840240e-03 1.257380750030279160e-02 1.235823612660169601e-02 1.554540637880563736e-02 3.667488694190979004e-02
4.149680584669113159e-02 3.938620910048484802e-02 6.649506092071533203e-02 4.100290834903717041e-01 3.053335845470428467e-02 1.945972070097923279e-02 3.150385618209838867e-02 3.718361631035804749e-02 1.120065990835428238e-02 4.557806253433227539e-02 1.543456315994262695e-02 4.569057747721672058e-02 3.746069595217704773e-02 1.884031295776367188e-02 2.028064802289009094e-02 1.419487874954938889e-02 3.243968589231371880e-03 3.956975415349006653e-02 1.235711574554443359e-02 4.043515399098396301e-02 1.458856160752475262e-03 3.230147063732147217e-02 1.526079885661602020e-02 3.356086963322013617e-04 2.345206448808312416e-03 2.206625975668430328e-02 1.826995238661766052e-02 3.269034996628761292e-02 2.308756485581398010e-02 3.514949604868888855e-02 2.127528190612792969e-02 7.648633327335119247e-03 8.064880035817623138e-03 2.764882752671837807e-03 4.798377305269241333e-02 3.655658662319183350e-02 3.084168396890163422e-02 7.601077668368816376e-03 1.735997945070266724e-02 2.979144081473350525e-02 5.692985281348228455e-02 2.144739776849746704e-02 3.442203998565673828e-02 3.876513987779617310e-02 1.860593259334564209e-02 3.418180346488952637e-02 9.046907536685466766e-03 2.830186672508716583e-02 1.054205745458602905e-02 3.804078325629234314e-02 4.204311221837997437e-02 2.665186673402786255e-02 1.495622470974922180e-02 8.690058253705501556e-03 6.166354287415742874e-03 1.753455772995948792e-02 7.392369955778121948e-02 1.072068698704242706e-02 1.325230579823255539e-02 3.015124797821044922e-02 2.279810607433319092e-02 2.099516056478023529e-02 7.562390714883804321e-02 3.703779727220535278e-02 1.633504219353199005e-02 3.981576114892959595e-02 2.384659275412559509e-02 1.721485331654548645e-02 1.268820371478796005e-02 2.641246281564235687e-02 7.613746076822280884e-02 2.685609646141529083e-02 1.058389544486999512e-01 1.074880268424749374e-02 9.505118429660797119e-02 3.322764858603477478e-02 7.938385242596268654e-04 1.331944391131401062e-02 4.906122386455535889e-02 6.250370293855667114e-02 3.016764484345912933e-02 7.508426439017057419e-03 4.224910587072372437e-02 2.676597051322460175e-02 2.952253678813576698e-03 5.795646458864212036e-02 3.163579851388931274e-02 1.996969059109687805e-02 3.171762079000473022e-02 1.575945690274238586e-02 4.678447172045707703e-02 3.766852989792823792e-02 8.580610156059265137e-03 1.010912377387285233e-02 1.767765730619430542e-03 4.223141074180603027e-02 7.745045237243175507e-03 4.154159873723983765e-02 4.199089109897613525e-02 1.982562011107802391e-03 4.089729860424995422e-02 3.588318079710006714e-02 3.372258273884654045e-03 1.539035327732563019e-02 4.078086838126182556e-02 2.241199690615758300e-04 3.710655495524406433e-02 1.987795904278755188e-02 8.973465301096439362e-03 1.240974944084882736e-02 1.545352488756179810e-02 2.150924317538738251e-02 3.862633183598518372e-02 3.046653047204017639e-02 6.487427745014429092e-03 7.340618968009948730e-02
1.453557889908552170e-02 2.249822393059730530e-02 8.978496305644512177e-03 3.053335845470428467e-02 4.135023653507232666e-01 9.529366344213485718e-02 9.887468069791793823e-03 2.293783798813819885e-02 4.554356634616851807e-02 2.297956525580957532e-04 1.940922997891902924e-02 7.307147234678268433e-02 2.655020169913768768e-02 5.761602148413658142e-02 4.016851261258125305e-02 4.358671978116035461e-02 1.685003936290740967e-02 4.417019709944725037e-02 1.122496835887432098e-02 3.667350485920906067e-02 3.720044717192649841e-02 2.033893950283527374e-02 4.017904773354530334e-02 1.724561909213662148e-03 7.665788289159536362e-03 3.753663040697574615e-04 3.554730862379074097e-02 1.095043402165174484e-02 1.976019702851772308e-02 2.294160984456539154e-02 7.831693801563233137e-05 6.301734130829572678e-03 1.191118732094764709e-02 7.876042276620864868e-03 1.904813572764396667e-02 3.175967372953891754e-03 4.339713603258132935e-02 1.750962808728218079e-02 4.802242293953895569e-02 8.512817323207855225e-02 4.399380832910537720e-02 9.747102856636047363e-03 1.237118244171142578e-02 2.491710707545280457e-02 2.973613888025283813e-02 2.854771539568901062e-02 6.371543556451797485e-02 3.370568901300430298e-02 3.456126898527145386e-02 2.072754688560962677e-02 2.008669637143611908e-02 2.143900375813245773e-03 3.889612108469009399e-02 3.711492568254470825e-02 2.494995854794979095e-02 1.052226405590772629e-02 6.655102595686912537e-03 1.198630593717098236e-02 2.272500097751617432e-02 1.168813370168209076e-02 1.092673651874065399e-02 4.900606721639633179e-02 4.167554434388875961e-03 1.441054139286279678e-02 3.647208586335182190e-02 3.136923536658287048e-03 1.749767735600471497e-02 1.107639260590076447e-02 4.072009585797786713e-03 1.807502098381519318e-02 3.299217298626899719e-02 7.085763849318027496e-03 3.135425224900245667e-02 3.627872839570045471e-02 2.927720732986927032e-02 3.315404802560806274e-02 4.528777301311492920e-02 2.265509217977523804e-02 4.242149740457534790e-02 2.865327894687652588e-02 1.131331827491521835e-02 6.285540014505386353e-02 2.064322493970394135e-02 2.510191872715950012e-03 3.788807988166809082e-02 1.704937592148780823e-02 1.240818388760089874e-02 1.041554957628250122e-01 2.566131018102169037e-02 1.601856760680675507e-02 2.763085067272186279e-02 1.660973951220512390e-02 4.622793570160865784e-02 2.373599261045455933e-02 2.995400875806808472e-02 5.869104061275720596e-03 3.361721336841583252e-02 8.416614495217800140e-03 4.875309765338897705e-02 3.915826603770256042e-02 3.018957935273647308e-02 3.110769949853420258e-02 3.783990070223808289e-02 3.547873720526695251e-02 7.884196005761623383e-03 3.283100202679634094e-02 2.461348474025726318e-02 4.034557193517684937e-02 4.303381964564323425e-02 1.209658570587635040e-02 2.151380851864814758e-02 1.721718721091747284e-02 4.295429959893226624e-02 1.497847959399223328e-02 3.949262201786041260e-02 2.302023209631443024e-02
9.833581745624542236e-02 4.409794881939888000e-02 1.220744941383600235e-02 1.945972070097923279e-02 9.529366344213485718e-02 4.412384331226348877e-01 9.472885727882385254e-02 4.942868649959564209e-02 6.619548052549362183e-02 5.719633307307958603e-03 8.519904315471649170e-02 4.667120054364204407e-03 4.637394566088914871e-03 2.262973971664905548e-02 3.908227756619453430e-02 4.613813757896423340e-02 1.706258952617645264e-02 7.210631668567657471e-02 8.644608780741691589e-03 1.352483965456485748e-02 1.921878196299076080e-02 5.076201166957616806e-03 4.173723608255386353e-02 4.345137253403663635e-02 6.885391660034656525e-03 2.146505005657672882e-02 1.182548515498638153e-02 2.458492666482925415e-02 2.256518462672829628e-03 2.427285909652709961e-02 1.196000026538968086e-03 1.542504411190748215e-02 4.926314577460289001e-03 1.223916932940483093e-02 3.983626887202262878e-02 3.028671443462371826e-02 1.901940628886222839e-02 2.833875268697738647e-02 1.215028762817382812e-02 3.644247725605964661e-02 4.171835631132125854e-02 3.383709862828254700e-02 3.623600676655769348e-02 3.709664195775985718e-02 1.431013643741607666e-02 5.414481833577156067e-02 1.992593556642532349e-01 4.220630601048469543e-02 3.284848481416702271e-02 1.989958994090557098e-02 2.347041852772235870e-02 1.123488973826169968e-02 2.033533900976181030e-02 3.924931213259696960e-02 6.142583116888999939e-02 9.722263552248477936e-03 2.914651110768318176e-02 1.677051745355129242e-02 2.387028560042381287e-02 4.410460125654935837e-03 4.816193506121635437e-02 3.743627341464161873e-03 4.220084100961685181e-02 6.135713309049606323e-03 4.475247859954833984e-02 4.414078220725059509e-02 1.341452728956937790e-02 1.330187916755676270e-02 6.842008326202630997e-03 4.825680330395698547e-02 2.728911116719245911e-03 8.620969206094741821e-02 2.572345547378063202e-02 4.875985160470008850e-02 2.738050243351608515e-04 2.120192535221576691e-02 8.361705113202333450e-04 5.314589664340019226e-02 1.681009493768215179e-02 3.188637783750891685e-03 3.641770407557487488e-02 5.523239728063344955e-03 3.549235314130783081e-02 1.131266448646783829e-02 1.370552740991115570e-02 9.253967436961829662e-04 1.289436779916286469e-02 2.806036919355392456e-02 5.148943886160850525e-02 2.215883508324623108e-02 1.776197366416454315e-02 2.131301537156105042e-02 6.017137784510850906e-03 7.084614783525466919e-02 9.155592881143093109e-03 5.164596438407897949e-02 2.775773778557777405e-02 2.639730647206306458e-02 3.240653872489929199e-02 4.512862488627433777e-02 5.787137430161237717e-03 9.364719502627849579e-03 4.548658058047294617e-02 4.340640455484390259e-02 4.530221223831176758e-02 2.463506720960140228e-02 6.933772237971425056e-04 3.770019114017486572e-02 5.402643606066703796e-02 8.545643649995326996e-04 1.908527687191963196e-02 4.247552901506423950e-02 6.676421500742435455e-03 2.203997783362865448e-02 4.022690467536449432e-03 7.365372031927108765e-02
2.038040198385715485e-02 9.546399116516113281e-02 6.531165447086095810e-03 3.150385618209838867e-02 9.887468069791793823e-03 9.472885727882385254e-02 4.277967810630798340e-01 1.696803793311119080e-02 7.238007336854934692e-02 4.460009559988975525e-02 3.518879041075706482e-02 3.381834179162979126e-02 4.435148462653160095e-02 2.563963830471038818e-02 2.962232194840908051e-02 1.864225789904594421e-02 1.918516680598258972e-02 4.182174429297447205e-02 1.194109115749597549e-02 3.918854892253875732e-02 1.796119613572955132e-03 4.098954051733016968e-02 1.846352964639663696e-02 1.113444886868819594e-04 1.219654548913240433e-02 2.662796992808580399e-03 3.442067280411720276e-02 4.670544527471065521e-03 4.672320559620857239e-02 1.179513800889253616e-02 3.987377882003784180e-02 3.665310516953468323e-02 2.772226557135581970e-02 4.564438015222549438e-02 2.860242314636707306e-02 8.330839686095714569e-03 2.904532477259635925e-03 4.135500267148017883e-02 1.412017643451690674e-02 3.760445106308907270e-04 2.559942658990621567e-03 3.672286868095397949e-02 2.284045331180095673e-02 1.269674394279718399e-02 1.791306585073471069e-02 2.108248509466648102e-02 2.514988742768764496e-02 1.291053891181945801e-01 3.857036307454109192e-02 1.073366310447454453e-02 4.198803752660751343e-02 3.748178109526634216e-02 2.014465257525444031e-02 3.107744455337524414e-02 1.801929995417594910e-02 4.862027708441019058e-03 4.286474734544754028e-02 2.869624644517898560e-02 3.137700259685516357e-02 1.727237738668918610e-02 4.380197450518608093e-02 3.955813869833946228e-02 3.596707805991172791e-02 5.130004137754440308e-02 2.777376957237720490e-02 5.236661061644554138e-02 9.416153654456138611e-03 1.029060967266559601e-02 5.282155424356460571e-02 5.039988318458199501e-04 1.684227585792541504e-02 2.376205660402774811e-02 2.861910499632358551e-03 3.808584064245223999e-02 3.310464788228273392e-03 3.819847013801336288e-03 2.685070224106311798e-02 2.467405516654253006e-03 5.180326104164123535e-02 4.889748245477676392e-02 6.136676296591758728e-02 1.884385570883750916e-02 3.074476867914199829e-02 2.626419626176357269e-02 2.120823366567492485e-03 5.519418790936470032e-02 3.427181765437126160e-02 4.967917129397392273e-02 8.286373689770698547e-03 3.359725233167409897e-03 1.259789243340492249e-02 8.138350211083889008e-03 1.195916812866926193e-02 1.928004808723926544e-02 9.467515163123607635e-03 3.155798651278018951e-03 3.372804960235953331e-03 4.713319242000579834e-02 4.612895473837852478e-02 3.955354914069175720e-02 1.772238314151763916e-02 1.806357130408287048e-02 2.969430526718497276e-03 5.057670176029205322e-02 8.139393758028745651e-04 1.478669419884681702e-02 1.821810379624366760e-02 3.076762147247791290e-02 2.142047137022018433e-02 2.458567498251795769e-03 3.793513029813766479e-02 4.753343760967254639e-02 2.074425481259822845e-02 5.231272429227828979e-02 9.016969241201877594e-03 1.845257915556430817e-02
1.443766616284847260e-02 3.397589176893234253e-02 7.316083461046218872e-02 3.718361631035804749e-02 2.293783798813819885e-02 4.942868649959564209e-02 1.696803793311119080e-02 4.318041503429412842e-01 2.598390169441699982e-02 3.226904198527336121e-02 3.018765710294246674e-02 1.518423436209559441e-03 2.340318076312541962e-02 4.714230448007583618e-02 3.120978735387325287e-02 4.052521288394927979e-02 3.547093272209167480e-02 3.196218609809875488e-02 4.406065493822097778e-02 4.253692924976348877e-02 1.872512698173522949e-02 3.228856623172760010e-02 1.103405375033617020e-02 4.743747040629386902e-02 2.406543120741844177e-02 4.373313859105110168e-02 7.274978561326861382e-04 1.635992154479026794e-02 6.383841391652822495e-04 1.457107067108154297e-02 8.829922880977392197e-04 3.755167499184608459e-02 3.060557134449481964e-02 5.563556030392646790e-02 6.082215113565325737e-04 1.390342228114604950e-02 1.939112087711691856e-03 8.376818895339965820e-02 3.862285241484642029e-02 1.854049973189830780e-02 5.797518417239189148e-02 3.515596315264701843e-02 3.288260474801063538e-02 5.217035859823226929e-02 1.942264288663864136e-02 2.138797380030155182e-02 3.509936109185218811e-02 3.901229798793792725e-02 3.728304058313369751e-02 2.335167489945888519e-02 4.330415651202201843e-02 2.274645119905471802e-02 8.341552317142486572e-02 4.071259871125221252e-02 1.561478152871131897e-02 3.117541549727320671e-03 3.658559918403625488e-02 1.725289411842823029e-02 8.399545215070247650e-03 5.661417171359062195e-02 3.377809002995491028e-02 3.035056218504905701e-02 3.753580525517463684e-02 1.286200806498527527e-02 1.428902335464954376e-02 1.554434560239315033e-02 5.918209906667470932e-03 1.202968601137399673e-02 5.005487054586410522e-02 2.836231514811515808e-02 8.178545162081718445e-03 2.129787113517522812e-03 4.862556606531143188e-02 1.140193175524473190e-02 7.195876678451895714e-04 3.899777680635452271e-02 3.463569656014442444e-02 6.694281008094549179e-03 2.783488854765892029e-02 3.297929838299751282e-02 1.006306484341621399e-01 8.617202937602996826e-02 4.119038954377174377e-02 2.759977243840694427e-03 4.039005935192108154e-02 1.456217002123594284e-02 5.584784597158432007e-02 9.417841210961341858e-03 1.773761585354804993e-02 1.044451165944337845e-02 1.090682693757116795e-03 1.456308295018970966e-03 7.396106142550706863e-03 9.325566701591014862e-03 2.786667272448539734e-02 5.085230246186256409e-02 2.247819863259792328e-02 2.619781717658042908e-02 1.726996898651123047e-02 4.892340302467346191e-02 2.801442518830299377e-02 1.262348145246505737e-03 2.592635340988636017e-03 5.419005826115608215e-02 2.151097357273101807e-02 7.877223193645477295e-03 8.206253871321678162e-03 6.396983284503221512e-03 5.516501516103744507e-02 2.022703178226947784e-02 1.514139398932456970e-02 1.416897121816873550e-02 2.088776417076587677e-02 3.960240259766578674e-02 3.787222877144813538e-02 5.086995661258697510e-03
1.005682162940502167e-02 1.237514056265354156e-02 7.620219606906175613e-03 1.120065990835428238e-02 4.554356634616851807e-02 6.619548052549362183e-02 7.238007336854934692e-02 2.598390169441699982e-02 4.413115382194519043e-01 4.576619714498519897e-02 1.341619621962308884e-02 1.467404607683420181e-02 5.538436770439147949e-02 2.068694122135639191e-02 2.057605236768722534e-02 4.809930454939603806e-03 4.377050697803497314e-02 1.017243415117263794e-01 4.470942541956901550e-02 9.852032177150249481e-03 1.326006464660167694e-02 4.545180127024650574e-02 3.953466657549142838e-03 1.557166874408721924e-02 4.477434605360031128e-02 1.335241738706827164e-02 4.428435117006301880e-02 2.262260019779205322e-02 3.951511532068252563e-02 5.709882080554962158e-02 4.675593972206115723e-02 2.624136861413717270e-03 5.132802948355674744e-02 4.844681546092033386e-02 1.330911531113088131e-03 3.330535069108009338e-02 2.349400147795677185e-02 4.339118301868438721e-02 4.953639209270477295e-02 5.252822488546371460e-02 4.606301710009574890e-02 2.327480725944042206e-02 4.517522454261779785e-02 5.195106193423271179e-02 2.446244284510612488e-02 6.757530383765697479e-03 3.288740292191505432e-02 6.341066956520080566e-02 5.947784055024385452e-03 5.495361983776092529e-02 2.935745380818843842e-02 4.898710921406745911e-02 3.802106902003288269e-02 4.236098378896713257e-03 6.963194906711578369e-02 2.693386003375053406e-02 2.022165805101394653e-02 9.638695977628231049e-03 1.652247831225395203e-02 7.503415457904338837e-03 3.188119456171989441e-02 6.398967932909727097e-03 1.554183848202228546e-02 1.344928424805402756e-02 4.221031442284584045e-02 1.343781035393476486e-02 2.755390852689743042e-02 2.044330537319183350e-02 5.958851426839828491e-02 3.563617169857025146e-02 9.388244710862636566e-03 2.242842875421047211e-02 6.131203100085258484e-02 3.906540945172309875e-02 3.109213151037693024e-02 4.915889818221330643e-03 6.854113936424255371e-02 1.527247857302427292e-02 4.467393830418586731e-02 5.845311656594276428e-02 5.786256864666938782e-03 1.628146506845951080e-02 1.051736772060394287e-01 9.354601800441741943e-02 4.779050126671791077e-02 5.127835646271705627e-02 2.505837380886077881e-02 2.590836212038993835e-02 2.289962954819202423e-02 3.320140019059181213e-02 3.938324004411697388e-02 3.825218603014945984e-02 1.417155750095844269e-02 2.567155659198760986e-02 8.478914387524127960e-03 5.059748515486717224e-02 1.006428617984056473e-02 1.485246419906616211e-02 1.090817619115114212e-02 6.972346920520067215e-03 7.598941214382648468e-03 3.108056820929050446e-02 3.148529306054115295e-02 6.338560953736305237e-03 4.181155003607273102e-03 8.834756165742874146e-02 1.021816022694110870e-02 4.388229176402091980e-02 1.544193713925778866e-03 5.178133025765419006e-02 1.773133687674999237e-02 2.155823446810245514e-02 4.241556301712989807e-02 1.931982487440109253e-02 4.093578085303306580e-02 2.521905116736888885e-02
1.334692910313606262e-02 5.921387113630771637e-03 1.493821572512388229e-02 4.557806253433227539e-02 2.297956525580957532e-04 5.719633307307958603e-03 4.460009559988975525e-02 3.226904198527336121e-02 4.576619714498519897e-02 4.492057263851165771e-01 3.748100250959396362e-02 4.469922743737697601e-03 1.673178561031818390e-02 3.602624684572219849e-02 4.850849136710166931e-02 4.553763940930366516e-02 5.572813004255294800e-02 2.103954553604125977e-02 1.026953235268592834e-01 2.546179108321666718e-02 1.187198888510465622e-02 2.181800082325935364e-02 3.048095665872097015e-02 6.145450752228498459e-03 1.429006177932024002e-02 1.396907214075326920e-02 1.254839356988668442e-03 1.745187863707542419e-02 4.719930235296487808e-03 3.329213336110115051e-02 2.694516442716121674e-04 2.844192460179328918e-02 5.577339325100183487e-03 1.594344340264797211e-02 5.022335052490234375e-02 1.607307419180870056e-02 2.099118195474147797e-02 3.757756948471069336e-02 3.306104615330696106e-02 1.411588583141565323e-02 1.130592916160821915e-02 5.797683261334896088e-03 1.875160448253154755e-02 5.810245871543884277e-03 1.895797206088900566e-03 3.896895051002502441e-02 4.176671057939529419e-02 1.587724499404430389e-02 1.609389483928680420e-02 3.819613158702850342e-02 4.095694515854120255e-03 3.624962270259857178e-02 5.103590711951255798e-02 4.665379598736763000e-02 2.314794436097145081e-02 2.673344127833843231e-02 5.287225171923637390e-02 1.073223166167736053e-02 1.996926404535770416e-02 1.805744506418704987e-02 2.518925443291664124e-02 3.187584877014160156e-02 8.608730509877204895e-03 2.914000116288661957e-02 8.668029680848121643e-03 3.545063734054565430e-02 3.627373278141021729e-02 4.004285484552383423e-02 4.147460684180259705e-02 2.900674194097518921e-02 4.520987346768379211e-02 2.162322774529457092e-02 1.935739256441593170e-02 2.978265844285488129e-02 3.063624165952205658e-02 2.797639695927500725e-03 5.221661180257797241e-02 8.348583430051803589e-02 2.028865180909633636e-02 1.113204136490821838e-01 7.671333383768796921e-03 6.506720930337905884e-02 2.250183373689651489e-02 9.356923401355743408e-02 4.334243014454841614e-03 5.896085873246192932e-02 4.779753461480140686e-02 4.412158951163291931e-02 4.153243452310562134e-02 3.331058472394943237e-02 2.376958727836608887e-02 6.882314104586839676e-03 5.295660346746444702e-02 2.844498306512832642e-02 1.119987480342388153e-02 3.643902391195297241e-02 3.032497828826308250e-03 1.896345429122447968e-02 5.049589648842811584e-02 4.732193052768707275e-02 3.042325749993324280e-02 2.390926703810691833e-02 2.727851830422878265e-02 3.692516312003135681e-02 7.813179865479469299e-03 1.760610565543174744e-02 2.142594568431377411e-02 8.340792730450630188e-03 3.458563936874270439e-03 3.218623809516429901e-03 1.601169444620609283e-02 1.014040783047676086e-03 1.787349954247474670e-02 5.677759274840354919e-02 3.915464039891958237e-03 2.711752802133560181e-02
1.268635243177413940e-01 1.354791596531867981e-02 9.552452713251113892e-03 1.543456315994262695e-02 1.940922997891902924e-02 8.519904315471649170e-02 3.518879041075706482e-02 3.018765710294246674e-02 1.341619621962308884e-02 3.748100250959396362e-02 4.508002698421478271e-01 1.615892909467220306e-02 1.002086177468299866e-01 2.614194899797439575e-02 1.046789623796939850e-02 5.158255994319915771e-02 1.480584777891635895e-02 1.302863005548715591e-02 6.004634127020835876e-02 1.625462062656879425e-02 2.589992806315422058e-02 5.063994228839874268e-02 2.253998070955276489e-02 3.652856498956680298e-02 1.891617896035313606e-03 1.438178587704896927e-02 1.703555695712566376e-02 3.072628378868103027e-02 4.956666380167007446e-03 3.204927593469619751e-02 2.397504262626171112e-02 1.774725131690502167e-02 4.027333483099937439e-02 9.237981401383876801e-03 2.023034915328025818e-02 3.974632173776626587e-02 5.424004048109054565e-02 3.775852732360363007e-03 2.226898632943630219e-02 3.322321176528930664e-02 2.252836152911186218e-02 3.550872206687927246e-02 2.588346367701888084e-03 2.990706823766231537e-02 5.813424009829759598e-03 5.468339193612337112e-03 1.164122894406318665e-01 3.933468833565711975e-02 2.259768359363079071e-02 5.844818055629730225e-02 4.448856413364410400e-02 2.547253482043743134e-02 3.298763930797576904e-02 3.348229080438613892e-02 2.982783131301403046e-02 1.128403376787900925e-02 4.084480553865432739e-02 3.492594510316848755e-02 3.252096474170684814e-02 1.244231360033154488e-03 1.171250641345977783e-02 6.203475221991539001e-02 2.624406293034553528e-02 2.866395004093647003e-02 7.130178064107894897e-02 6.973094493150711060e-02 4.753536731004714966e-02 5.047898739576339722e-02 3.382714092731475830e-02 5.586632527410984039e-03 2.678923308849334717e-02 2.343563176691532135e-02 1.345202885568141937e-02 2.327659353613853455e-02 1.506563276052474976e-03 1.134448568336665630e-03 4.776895046234130859e-02 1.663716509938240051e-02 6.608858704566955566e-02 2.551100775599479675e-02 4.740216583013534546e-02 2.876417338848114014e-02 6.858326960355043411e-04 1.457309536635875702e-02 1.693094335496425629e-02 2.145610004663467407e-02 5.400609597563743591e-02 9.947718121111392975e-03 2.636297373101115227e-03 5.160009604878723621e-04 4.815585538744926453e-02 6.609903275966644287e-02 7.246567402034997940e-03 3.131302818655967712e-02 3.092805296182632446e-02 2.697016298770904541e-02 5.216264724731445312e-02 7.109536789357662201e-03 1.451468002051115036e-02 1.572585105895996094e-02 3.611007332801818848e-02 5.336512252688407898e-02 3.714187815785408020e-02 4.679407924413681030e-02 4.253338649868965149e-02 5.119821801781654358e-02 2.138258703052997589e-02 3.747469559311866760e-02 1.862679608166217804e-02 3.422832116484642029e-02 4.618190973997116089e-02 5.138414725661277771e-02 3.930993750691413879e-02 3.666923940181732178e-02 1.985313929617404938e-02 3.264967352151870728e-02
1.052400749176740646e-02 2.448965236544609070e-02 1.672546565532684326e-02 4.569057747721672058e-02 7.307147234678268433e-02 4.667120054364204407e-03 3.381834179162979126e-02 1.518423436209559441e-03 1.467404607683420181e-02 4.469922743737697601e-03 1.615892909467220306e-02 4.323926270008087158e-01 2.109853923320770264e-02 2.116923034191131592e-01 2.220168150961399078e-02 2.528141811490058899e-02 5.313735455274581909e-02 4.833046812564134598e-03 2.782105095684528351e-02 4.849427938461303711e-02 1.478715892881155014e-02 1.333498861640691757e-02 1.613313890993595123e-02 5.709643941372632980e-03 2.313421294093132019e-02 1.174146030098199844e-02 2.340471558272838593e-02 8.380095660686492920e-02 1.176095218397676945e-03 4.069420695304870605e-02 4.003313661087304354e-04 2.808062918484210968e-02 1.134953089058399200e-02 1.662271097302436829e-02 3.362640365958213806e-02 1.749791391193866730e-02 2.267049811780452728e-02 2.252121455967426300e-02 8.020807057619094849e-03 1.802380941808223724e-02 3.777485713362693787e-02 1.500324724474921823e-04 1.838566549122333527e-02 2.990824542939662933e-02 1.453651767224073410e-02 3.216045349836349487e-02 4.329614341259002686e-02 7.293792814016342163e-02 1.865039020776748657e-02 1.615779101848602295e-02 3.227924928069114685e-02 2.413099445402622223e-02 3.966292738914489746e-02 1.253538532182574272e-03 1.248324848711490631e-02 1.618351601064205170e-02 5.669812858104705811e-02 1.480345614254474640e-02 1.501615438610315323e-02 4.199081566184759140e-03 1.767992600798606873e-02 6.470990926027297974e-02 8.834698237478733063e-03 4.108741879463195801e-02 2.023847587406635284e-02 1.800736412405967712e-02 3.740823268890380859e-02 3.340104594826698303e-02 4.332245141267776489e-02 8.962550200521945953e-03 7.559135556221008301e-03 4.669824242591857910e-02 2.281075716018676758e-02 6.351517979055643082e-03 1.650346629321575165e-02 1.474908739328384399e-02 6.839017570018768311e-02 2.969456091523170471e-02 3.696797043085098267e-02 4.032893106341362000e-02 2.293882146477699280e-02 1.662847585976123810e-02 3.804859519004821777e-02 4.428687319159507751e-02 1.008338481187820435e-02 1.826042495667934418e-02 1.056493073701858521e-02 4.433771595358848572e-02 5.717252939939498901e-02 2.996128425002098083e-02 2.084033377468585968e-02 3.183237509801983833e-03 1.968059130012989044e-02 2.963058184832334518e-03 3.017315454781055450e-02 1.199789252132177353e-02 1.551935914903879166e-02 4.463664442300796509e-02 3.187508881092071533e-02 2.974325418472290039e-02 4.719093069434165955e-02 3.754403442144393921e-02 1.916111633181571960e-02 5.353191122412681580e-02 1.508842408657073975e-02 4.966001957654953003e-02 3.326199250295758247e-03 5.119229108095169067e-02 2.545599453151226044e-02 3.381443209946155548e-03 7.436534855514764786e-03 3.618255257606506348e-02 2.503463299944996834e-03 3.243027627468109131e-02 5.366688221693038940e-02 1.485629379749298096e-02
9.559625387191772461e-02 1.538399904966354370e-01 2.225216664373874664e-02 3.746069595217704773e-02 2.655020169913768768e-02 4.637394566088914871e-03 4.435148462653160095e-02 2.340318076312541962e-02 5.538436770439147949e-02 1.673178561031818390e-02 1.002086177468299866e-01 2.109853923320770264e-02 4.574055075645446777e-01 9.165442548692226410e-03 5.053070560097694397e-02 5.102924257516860962e-02 8.516631089150905609e-03 1.965013518929481506e-02 3.150714561343193054e-02 4.995707049965858459e-02 3.583952039480209351e-02 2.866886742413043976e-02 3.187818452715873718e-02 1.398464292287826538e-02 4.270699247717857361e-02 4.298835620284080505e-02 1.395854912698268890e-02 2.675985160749405622e-04 2.327534742653369904e-02 8.216621354222297668e-03 1.923370547592639923e-02 5.181178450584411621e-02 4.939181357622146606e-02 4.197223111987113953e-02 3.558116033673286438e-02 4.623498767614364624e-02 1.106800325214862823e-02 1.170499622821807861e-02 2.775863744318485260e-02 8.844604715704917908e-03 3.763166751014068723e-05 1.187815330922603607e-02 2.313223294913768768e-02 1.973194256424903870e-02 7.799283601343631744e-03 2.664526924490928650e-02 2.039083465933799744e-02 1.311267316341400146e-01 6.049283221364021301e-02 5.348448455333709717e-02 4.268331080675125122e-02 9.946191683411598206e-03 1.479398366063833237e-02 7.253064215183258057e-02 3.802743181586265564e-02 4.557761549949645996e-02 3.013983368873596191e-03 6.612808443605899811e-03 3.073645057156682014e-04 8.334626443684101105e-03 1.378528028726577759e-02 4.647483676671981812e-02 2.044265344738960266e-02 2.205640263855457306e-02 1.528660487383604050e-02 6.843642890453338623e-02 3.638673573732376099e-02 3.058680333197116852e-02 1.117586437612771988e-02 2.443804964423179626e-02 4.190989583730697632e-02 1.901042647659778595e-02 1.304898411035537720e-02 2.140853926539421082e-02 4.647443443536758423e-02 3.450722724664956331e-04 5.374880135059356689e-02 5.342172458767890930e-02 7.165370881557464600e-02 3.032552450895309448e-02 4.554275050759315491e-02 2.414015121757984161e-02 1.980674453079700470e-02 2.028171531856060028e-02 5.527052097022533417e-03 5.503451079130172729e-02 1.757171470671892166e-03 2.663657441735267639e-02 5.710064619779586792e-02 1.647353917360305786e-02 4.665325954556465149e-02 1.056740153580904007e-02 6.944447010755538940e-02 4.965876787900924683e-02 5.408486351370811462e-02 1.098119467496871948e-02 3.288640826940536499e-02 3.338829847052693367e-03 1.027506310492753983e-02 1.657354831695556641e-02 4.195871949195861816e-02 5.386819248087704182e-04 1.622570306062698364e-02 2.926736511290073395e-02 5.270768329501152039e-02 2.786819450557231903e-02 4.843761399388313293e-02 1.818577386438846588e-02 1.607792451977729797e-02 2.697388827800750732e-02 3.001329861581325531e-02 5.451638624072074890e-02 1.133593078702688217e-02 6.217681244015693665e-02 2.612979896366596222e-02 3.426497429609298706e-02
