4.964438974857330322e-01 2.258180379867553711e-01 3.163406252861022949e-02 7.197071681730449200e-04 2.278781123459339142e-02 1.042348146438598633e-01 1.053422689437866211e-01 3.147187829017639160e-02 3.895663097500801086e-02 3.542506322264671326e-02 1.263760775327682495e-01 5.760194733738899231e-02 6.897017359733581543e-02 1.294690463691949844e-02 2.164532430469989777e-02 2.632450498640537262e-02 3.471106756478548050e-03 8.250917308032512665e-03 2.454810775816440582e-02 7.698670960962772369e-03 1.646211370825767517e-02 5.119930952787399292e-02 3.990265727043151855e-02 3.593191504478454590e-02 7.628246210515499115e-03 3.811509162187576294e-02 1.375822909176349640e-02 2.786580286920070648e-02 2.353850193321704865e-02 1.507715880870819092e-02 4.645907133817672729e-02 2.369863353669643402e-02 5.871372297406196594e-03 4.245767369866371155e-02 3.461192548274993896e-02 2.204860746860504150e-02 1.868845522403717041e-02 6.205069832503795624e-03 1.939567923545837402e-02 2.690977975726127625e-02 1.303160376846790314e-02 3.267455473542213440e-02 4.689415171742439270e-02 5.225791037082672119e-02 1.325901132076978683e-02 4.302033782005310059e-02 1.309011429548263550e-01 3.388791903853416443e-02 3.851459547877311707e-02 1.181866694241762161e-02 4.471336025744676590e-03 2.398944087326526642e-02 1.074504759162664413e-02 2.760546095669269562e-02 3.660992532968521118e-02 2.044585160911083221e-02 1.405078358948230743e-02 7.265688851475715637e-03 3.692465648055076599e-02 4.410440847277641296e-02 2.524429745972156525e-02 3.334708278998732567e-03 2.361198887228965759e-02 1.967581734061241150e-02 4.224228905513882637e-04 1.991005055606365204e-02 2.913313731551170349e-02 2.768968231976032257e-03 4.214557353407144547e-03 1.604740880429744720e-02 2.835683710873126984e-02 1.641517691314220428e-02 2.408223459497094154e-03 1.806016452610492706e-02 3.089249692857265472e-02 1.855801790952682495e-02 2.295486442744731903e-02 1.738047413527965546e-02 1.677524112164974213e-02 2.712883614003658295e-02 4.126366972923278809e-02 1.988994190469384193e-03 1.105389557778835297e-02 5.171813070774078369e-03 2.075775340199470520e-02 1.857932843267917633e-02 8.499319665133953094e-04 2.780591696500778198e-02 3.497294709086418152e-02 4.207175597548484802e-02 1.553190499544143677e-02 4.724024236202239990e-02 1.637620851397514343e-02 3.908730670809745789e-02 8.432255126535892487e-03 9.017813019454479218e-03 2.766616409644484520e-03 1.772005110979080200e-03 7.771925535053014755e-03 2.834117598831653595e-02 7.323804777115583420e-03 9.794626384973526001e-03 3.965966403484344482e-02 4.408944025635719299e-02 2.567361108958721161e-02 2.846680395305156708e-02 1.166098285466432571e-02 2.703877538442611694e-02 4.623548313975334167e-02 3.494704887270927429e-02 1.213180366903543472e-02 4.258387535810470581e-02 3.719470277428627014e-02 2.290754392743110657e-02 1.906546647660434246e-03 5.432365578599274158e-04
2.258180379867553711e-01 5.016097426414489746e-01 2.157525625079870224e-03 9.583769366145133972e-03 2.665128558874130249e-02 1.087063550949096680e-01 1.503057926893234253e-01 4.418935999274253845e-02 2.829022146761417389e-02 1.423808978870511055e-03 5.531518533825874329e-02 4.953341558575630188e-02 9.469027072191238403e-02 1.511368621140718460e-02 2.341476827859878540e-02 3.054208494722843170e-02 2.524283481761813164e-03 2.590175345540046692e-02 1.114090997725725174e-02 2.795600146055221558e-02 2.372194640338420868e-02 3.491889685392379761e-02 2.222873037680983543e-03 9.926001541316509247e-03 2.845880016684532166e-02 4.442631453275680542e-02 1.636995933949947357e-02 3.141080960631370544e-02 3.914898633956909180e-02 4.605345800518989563e-02 8.624440431594848633e-02 2.406752295792102814e-02 4.940266907215118408e-02 1.914671808481216431e-02 1.358744315803050995e-02 5.003972351551055908e-02 3.208074020221829414e-03 2.388520911335945129e-02 1.502879895269870758e-02 1.040944177657365799e-02 2.860312908887863159e-02 1.604484766721725464e-02 1.545053237350657582e-04 7.905746251344680786e-02 3.695213049650192261e-02 5.158941447734832764e-02 9.637396037578582764e-02 6.209148094058036804e-03 1.138048898428678513e-02 1.701055839657783508e-02 2.256437577307224274e-02 2.416371181607246399e-02 1.204807311296463013e-02 4.015078023076057434e-02 3.014320321381092072e-02 4.338450264185667038e-03 2.287796512246131897e-02 3.120714612305164337e-02 7.587791420519351959e-03 1.798156462609767914e-02 4.479683190584182739e-02 2.473318576812744141e-02 3.869845764711499214e-03 4.841340705752372742e-03 4.965876787900924683e-02 2.196649461984634399e-02 8.814982138574123383e-03 4.380553588271141052e-02 2.921534143388271332e-02 4.531896859407424927e-02 6.144263781607151031e-03 2.456705272197723389e-02 3.264687024056911469e-03 2.055726945400238037e-02 3.793994337320327759e-02 3.590494394302368164e-02 3.610578924417495728e-02 5.153357516974210739e-03 4.313355311751365662e-02 3.276224806904792786e-02 2.406193874776363373e-02 1.071245409548282623e-02 9.950757026672363281e-03 1.352890487760305405e-02 3.508591279387474060e-02 4.062136262655258179e-02 7.963632233440876007e-03 2.787570701912045479e-03 3.467569127678871155e-02 1.853670366108417511e-02 3.015865571796894073e-02 2.539474517107009888e-03 5.644263699650764465e-03 1.979188807308673859e-02 5.280615296214818954e-03 1.655844412744045258e-02 1.251329015940427780e-02 3.047687187790870667e-02 1.253525726497173309e-02 4.678714554756879807e-03 1.540262531489133835e-02 5.732788122259080410e-04 3.677458316087722778e-02 1.633583195507526398e-02 3.153844922780990601e-02 2.978898584842681885e-02 2.115742862224578857e-02 3.202895447611808777e-02 3.549346700310707092e-02 4.383583739399909973e-02 1.529619749635457993e-02 6.179040647111833096e-04 8.015521802008152008e-03 4.893574491143226624e-02 2.774969488382339478e-02 7.598813623189926147e-03
3.163406252861022949e-02 2.157525625079870224e-03 4.905726015567779541e-01 1.689453981816768646e-02 3.334732726216316223e-02 2.261122688651084900e-02 3.703474625945091248e-02 1.280642449855804443e-01 2.941245771944522858e-02 6.466613616794347763e-03 3.188107162714004517e-03 6.823289673775434494e-03 2.029954083263874054e-02 6.780136376619338989e-03 8.222323656082153320e-02 4.049948230385780334e-02 3.607558831572532654e-02 3.058280609548091888e-02 4.315625131130218506e-02 1.747380592860281467e-03 4.566528648138046265e-02 3.148032724857330322e-02 3.788512572646141052e-02 2.443409711122512817e-02 9.023859165608882904e-03 1.082842983305454254e-02 4.635455459356307983e-02 3.139336407184600830e-02 1.327544800005853176e-03 2.173723652958869934e-02 4.805622622370719910e-02 2.586561813950538635e-02 7.657878845930099487e-02 4.473840072751045227e-02 4.264904558658599854e-02 3.309396654367446899e-02 3.268236294388771057e-02 2.259747497737407684e-02 3.436511754989624023e-02 6.452770438045263290e-03 3.472796827554702759e-02 3.080591186881065369e-02 3.680483251810073853e-02 3.131451085209846497e-02 2.749251760542392731e-02 3.436346352100372314e-02 2.954608574509620667e-02 2.841377863660454750e-03 2.146704494953155518e-02 5.660854745656251907e-03 2.046640589833259583e-02 1.462393440306186676e-02 2.817339077591896057e-02 3.691041469573974609e-02 6.673798896372318268e-03 5.810648668557405472e-03 4.238392785191535950e-02 1.446047564968466759e-03 3.973243758082389832e-02 9.360528551042079926e-03 2.430995926260948181e-02 2.443831041455268860e-02 7.753537502139806747e-03 2.638631314039230347e-02 2.762466855347156525e-02 1.144999545067548752e-02 4.385826736688613892e-02 3.374277800321578979e-02 8.515584282577037811e-03 3.524671122431755066e-02 4.469995200634002686e-02 2.650535292923450470e-02 4.140160605311393738e-02 1.503389421850442886e-02 3.803700581192970276e-02 2.941733412444591522e-02 6.778108887374401093e-03 2.755021862685680389e-02 1.169195957481861115e-02 2.167234383523464203e-02 1.284130811691284180e-01 1.214092820882797241e-01 3.380829095840454102e-02 1.370531693100929260e-02 1.232227496802806854e-02 6.666647270321846008e-03 8.392155170440673828e-02 7.412843406200408936e-02 3.339799866080284119e-02 1.047918293625116348e-02 1.105832285247743130e-03 2.961311955004930496e-03 2.390713430941104889e-02 3.022531513124704361e-03 3.162170760333538055e-03 1.585680432617664337e-02 2.824890194460749626e-03 2.526390366256237030e-02 1.205764710903167725e-02 7.854990661144256592e-03 1.193644944578409195e-02 1.391305588185787201e-02 1.100058667361736298e-02 1.867355220019817352e-02 1.267524342983961105e-02 1.558398734778165817e-02 8.707290515303611755e-03 3.411347419023513794e-02 1.615169690921902657e-03 1.335448678582906723e-02 3.463820554316043854e-03 1.368652377277612686e-02 9.603043086826801300e-03 3.624748066067695618e-02 2.220408245921134949e-02 6.193381175398826599e-02
7.197071681730449200e-04 9.583769366145133972e-03 1.689453981816768646e-02 5.038266181945800781e-01 1.633929647505283356e-02 3.394502401351928711e-02 1.751475781202316284e-02 3.726290538907051086e-02 1.538764871656894684e-02 3.717350959777832031e-02 3.361201658844947815e-02 5.016135051846504211e-03 3.040860779583454132e-02 2.985105104744434357e-02 4.541860893368721008e-02 3.926436975598335266e-02 2.275905013084411621e-02 3.048027865588665009e-02 3.084591589868068695e-02 2.555970335379242897e-03 3.682906553149223328e-02 6.193346809595823288e-03 5.345024168491363525e-02 4.200137034058570862e-02 4.963445290923118591e-02 2.009012363851070404e-02 2.357128774747252464e-03 3.820402175188064575e-02 3.717745095491409302e-02 3.265914320945739746e-02 2.422648854553699493e-02 2.038772590458393097e-02 1.712261885404586792e-02 1.448452845215797424e-02 2.279941551387310028e-02 3.668107837438583374e-02 2.541216090321540833e-02 1.980207115411758423e-02 7.495854794979095459e-02 3.188391774892807007e-02 9.111037477850914001e-03 1.531675551086664200e-02 2.352296002209186554e-02 1.038858946412801743e-02 2.861877530813217163e-02 2.006866596639156342e-02 3.981724008917808533e-02 4.138528183102607727e-02 1.653734408318996429e-02 4.924988374114036560e-02 3.392297402024269104e-02 6.700229365378618240e-03 3.651228174567222595e-02 2.635609917342662811e-02 1.842221058905124664e-02 1.704132184386253357e-02 7.465241104364395142e-02 1.962714828550815582e-02 1.866143778897821903e-03 2.598234079778194427e-02 2.379985339939594269e-02 2.678112313151359558e-02 4.033931717276573181e-02 8.318286389112472534e-02 1.287747058086097240e-03 6.108318921178579330e-03 2.937850542366504669e-02 5.123897641897201538e-02 4.701990261673927307e-02 3.053162060678005219e-02 2.780827134847640991e-02 4.180167987942695618e-02 1.021749973297119141e-01 4.345042258501052856e-02 6.169420480728149414e-02 4.039684310555458069e-03 3.049922548234462738e-02 1.396119315177202225e-02 1.507339905947446823e-02 2.721871249377727509e-02 3.636830672621726990e-02 2.878449298441410065e-02 6.340817362070083618e-02 7.423420250415802002e-02 4.131430760025978088e-02 3.385309875011444092e-02 4.530040174722671509e-02 3.623670712113380432e-02 4.485882818698883057e-02 4.324270412325859070e-02 1.851356960833072662e-02 2.580800838768482208e-02 2.181229367852210999e-02 5.701234564185142517e-03 1.482686866074800491e-02 1.955617964267730713e-02 4.767826758325099945e-03 1.884905807673931122e-02 1.083057560026645660e-02 2.080364711582660675e-02 1.447153091430664062e-02 3.241313621401786804e-02 3.956395015120506287e-02 4.134820774197578430e-02 1.386992353945970535e-02 2.802898548543453217e-02 4.696002230048179626e-02 2.893164567649364471e-02 5.349981132894754410e-03 7.170823402702808380e-03 3.786187991499900818e-02 4.060460254549980164e-03 1.641737297177314758e-02 4.198133945465087891e-02 1.758949016220867634e-03 2.097313292324542999e-02
2.278781123459339142e-02 2.665128558874130249e-02 3.334732726216316223e-02 1.633929647505283356e-02 5.065256357192993164e-01 4.645713418722152710e-02 2.864760160446166992e-02 2.814939990639686584e-02 3.144536912441253662e-02 3.765095397830009460e-02 3.511426225304603577e-02 2.642787061631679535e-03 1.640398986637592316e-02 1.509796362370252609e-02 2.163294702768325806e-02 2.573795989155769348e-02 4.911209270358085632e-02 1.079556625336408615e-02 6.568066775798797607e-02 5.488776043057441711e-02 1.657395437359809875e-02 4.162085801362991333e-02 3.232517465949058533e-02 4.507318511605262756e-02 1.307884790003299713e-02 4.585612192749977112e-02 4.128341376781463623e-02 2.422718331217765808e-02 6.640661507844924927e-03 6.403998937457799911e-03 2.928331494331359863e-02 4.135906323790550232e-02 5.479061044752597809e-03 5.171762034296989441e-02 3.791461884975433350e-02 5.379143636673688889e-03 3.032460808753967285e-02 3.355898708105087280e-02 3.315730020403862000e-02 4.735497385263442993e-02 1.732639782130718231e-02 8.765309117734432220e-03 5.091279000043869019e-02 3.777608647942543030e-02 1.367804873734712601e-02 3.095504455268383026e-02 1.000233367085456848e-02 3.817544877529144287e-02 3.944865986704826355e-02 1.950018294155597687e-02 3.293650224804878235e-02 2.738225087523460388e-02 6.427685264497995377e-03 2.267866581678390503e-02 7.697906345129013062e-03 1.265855878591537476e-02 2.133132703602313995e-02 2.400897070765495300e-02 3.752387687563896179e-02 5.150245130062103271e-02 6.240787729620933533e-02 4.985607787966728210e-02 3.856187313795089722e-02 2.331331744790077209e-02 7.860494777560234070e-03 1.826934143900871277e-02 2.690660394728183746e-02 3.289384394884109497e-02 4.716851934790611267e-02 1.248001400381326675e-02 4.443286359310150146e-02 4.176551848649978638e-02 2.756375260651111603e-02 2.373640798032283783e-02 6.625521928071975708e-02 4.793798550963401794e-02 3.106732666492462158e-02 1.279520802199840546e-02 1.276494748890399933e-02 2.461185492575168610e-02 4.759712889790534973e-02 1.169302221387624741e-02 4.864279925823211670e-02 8.664052188396453857e-02 4.898434970527887344e-03 4.994213953614234924e-02 2.237482741475105286e-02 3.775836154818534851e-02 2.146253548562526703e-02 2.847229689359664917e-02 3.825625777244567871e-02 4.283344373106956482e-02 4.393328353762626648e-02 2.103762701153755188e-02 8.498905226588249207e-03 1.114694960415363312e-02 2.206827700138092041e-02 2.277026884257793427e-02 6.593985855579376221e-02 7.724083494395017624e-03 3.354654461145401001e-02 3.932425007224082947e-02 4.609357193112373352e-02 1.807533577084541321e-02 4.885666817426681519e-02 5.703491717576980591e-02 1.019533519865944982e-04 2.878166735172271729e-02 2.166080474853515625e-02 5.793963372707366943e-02 5.207499954849481583e-03 2.497946843504905701e-02 2.304735360667109489e-03 5.547047778964042664e-02 2.940285764634609222e-02 2.267595194280147552e-02
1.042348146438598633e-01 1.087063550949096680e-01 2.261122688651084900e-02 3.394502401351928711e-02 4.645713418722152710e-02 5.004933476448059082e-01 1.814026534557342529e-01 1.766627840697765350e-02 1.307851541787385941e-02 1.616113819181919098e-02 6.299970299005508423e-02 1.546405721455812454e-02 8.972279727458953857e-02 2.797288075089454651e-02 2.947936579585075378e-02 7.810257840901613235e-03 1.841883547604084015e-02 4.271181300282478333e-02 2.436581999063491821e-02 3.107795491814613342e-02 4.228355363011360168e-02 2.994634909555315971e-03 4.269347991794347763e-03 1.376949157565832138e-02 2.104471623897552490e-02 4.669237509369850159e-02 3.452676162123680115e-02 3.027880005538463593e-02 3.182151541113853455e-02 1.077979803085327148e-02 3.749432042241096497e-02 3.039640747010707855e-02 3.458287939429283142e-02 4.086219146847724915e-02 2.481287345290184021e-02 2.813820168375968933e-02 6.995167117565870285e-03 3.049745038151741028e-02 7.851267000660300255e-04 3.428984060883522034e-02 4.012881964445114136e-02 1.994631066918373108e-02 3.596113994717597961e-02 5.091234669089317322e-02 5.037495121359825134e-02 1.528074406087398529e-02 9.768956899642944336e-02 7.427623495459556580e-03 3.935259953141212463e-02 5.737240426242351532e-04 2.154389396309852600e-02 4.856692254543304443e-02 4.635159298777580261e-02 2.742380602285265923e-03 5.657836329191923141e-03 4.596209526062011719e-02 4.270829260349273682e-02 1.675291173160076141e-02 5.361817032098770142e-02 2.889279648661613464e-02 6.994279101490974426e-03 2.879799529910087585e-02 1.723366789519786835e-02 5.209336522966623306e-03 5.108451098203659058e-02 9.736770763993263245e-03 2.601426281034946442e-02 2.851848490536212921e-02 2.852362208068370819e-02 4.998017847537994385e-02 4.215639457106590271e-02 5.227196961641311646e-02 3.013257496058940887e-02 4.939923062920570374e-02 2.314211055636405945e-02 2.057144790887832642e-02 1.280013588257133961e-03 3.984872251749038696e-02 5.002935882657766342e-03 2.693255990743637085e-02 1.142506208270788193e-02 2.998960390686988831e-02 2.436929568648338318e-02 3.832563012838363647e-02 1.912987092509865761e-03 3.491469845175743103e-02 2.547453343868255615e-02 6.095373537391424179e-03 4.088670015335083008e-02 3.306203708052635193e-02 5.515293776988983154e-02 3.111978434026241302e-02 1.717576757073402405e-02 5.337824672460556030e-02 1.721603050827980042e-02 6.600940600037574768e-03 1.521341269835829735e-03 1.859653182327747345e-02 2.042618393898010254e-02 5.243378877639770508e-02 4.192805662751197815e-02 4.618409648537635803e-02 4.999114573001861572e-02 2.842553518712520599e-02 2.319520898163318634e-02 2.626645565032958984e-02 2.783662453293800354e-02 3.795203939080238342e-02 3.410717844963073730e-02 4.490232467651367188e-02 2.951883478090167046e-03 8.131054230034351349e-03 4.518353193998336792e-02 5.470021069049835205e-02 2.340988814830780029e-02 2.677401900291442871e-02
1.053422689437866211e-01 1.503057926893234253e-01 3.703474625945091248e-02 1.751475781202316284e-02 2.864760160446166992e-02 1.814026534557342529e-01 5.142009854316711426e-01 2.949985489249229431e-02 3.849319368600845337e-02 6.001574452966451645e-03 8.291196823120117188e-02 4.514680802822113037e-02 1.311396658420562744e-01 3.828163258731365204e-03 3.117173537611961365e-02 2.719364129006862640e-02 5.092046782374382019e-02 3.263994678854942322e-02 4.434623941779136658e-02 2.095740661025047302e-02 2.745855599641799927e-02 2.827093994710594416e-04 6.906523834913969040e-03 2.128922380506992340e-03 3.039739467203617096e-02 1.504520419985055923e-02 2.489841170608997345e-02 1.966196484863758087e-02 3.105862624943256378e-02 4.862982407212257385e-02 6.806447356939315796e-02 3.475541993975639343e-02 7.131821475923061371e-04 3.796105086803436279e-02 3.877956792712211609e-02 1.486543193459510803e-02 3.913605958223342896e-02 2.180929109454154968e-02 8.528119651600718498e-04 1.267788093537092209e-02 1.437468547374010086e-02 1.599865220487117767e-02 1.839650049805641174e-02 5.241983756422996521e-02 4.244990646839141846e-02 3.617187961935997009e-02 1.099890917539596558e-01 7.407674938440322876e-02 4.199128597974777222e-02 5.699241999536752701e-03 1.469241175800561905e-02 5.610010586678981781e-03 2.664528042078018188e-02 1.253890525549650192e-02 1.627032086253166199e-02 2.155144885182380676e-02 2.591273561120033264e-02 3.232582239434123039e-03 1.550993137061595917e-02 4.275814816355705261e-02 4.602782428264617920e-03 1.587899401783943176e-02 1.661174930632114410e-03 1.136893313378095627e-02 2.609638683497905731e-02 2.019030041992664337e-02 3.786353766918182373e-02 3.723746910691261292e-02 4.420253261923789978e-02 1.689765788614749908e-02 3.290571272373199463e-02 1.781376637518405914e-02 2.287251502275466919e-02 1.442014425992965698e-02 3.871958702802658081e-02 2.302018180489540100e-02 2.558407932519912720e-02 2.452606894075870514e-02 2.505307272076606750e-02 1.335387770086526871e-02 9.962986223399639130e-04 3.132525458931922913e-02 2.657829970121383667e-02 4.002700001001358032e-02 5.456455796957015991e-02 5.718732718378305435e-03 1.135124359279870987e-02 1.217272225767374039e-02 2.251918055117130280e-02 2.066603489220142365e-02 2.459985949099063873e-02 1.865598745644092560e-02 4.068396613001823425e-02 1.905686780810356140e-02 4.122058674693107605e-02 3.600791096687316895e-02 6.278732325881719589e-03 2.586274780333042145e-02 1.945468410849571228e-02 1.460172235965728760e-02 3.383294120430946350e-02 3.829513490200042725e-02 5.911596235819160938e-04 2.524846233427524567e-02 3.417505323886871338e-02 1.622059009969234467e-02 4.265028238296508789e-02 4.193686321377754211e-02 3.162251040339469910e-02 4.904032498598098755e-02 2.343862317502498627e-02 2.567235380411148071e-02 4.031191021203994751e-02 3.715290129184722900e-02 5.810874328017234802e-02 1.092290319502353668e-02
3.147187829017639160e-02 4.418935999274253845e-02 1.280642449855804443e-01 3.726290538907051086e-02 2.814939990639686584e-02 1.766627840697765350e-02 2.949985489249229431e-02 5.142787098884582520e-01 1.489705126732587814e-02 2.315646223723888397e-02 1.177143491804599762e-02 1.195578835904598236e-02 8.857258595526218414e-03 3.292759880423545837e-02 1.165890768170356750e-01 1.212584506720304489e-02 1.071100588887929916e-02 2.004830352962017059e-02 4.289523512125015259e-02 3.090789914131164551e-02 2.946100663393735886e-03 5.854765698313713074e-02 3.379561007022857666e-02 3.241589665412902832e-02 1.037329714745283127e-02 3.194425255060195923e-02 8.353973738849163055e-03 4.085081815719604492e-02 1.234911847859621048e-02 1.919093728065490723e-02 1.148154865950345993e-02 2.665923349559307098e-02 1.322170253843069077e-02 4.018042236566543579e-04 3.499176353216171265e-02 5.321903899312019348e-02 3.469630703330039978e-02 2.248993143439292908e-02 3.065594937652349472e-04 1.292017195373773575e-02 3.581380005925893784e-03 2.777501195669174194e-02 4.519191011786460876e-02 1.445362530648708344e-02 4.089504107832908630e-02 3.238662332296371460e-02 4.809197783470153809e-02 7.174752186983823776e-03 3.112770430743694305e-02 3.464140743017196655e-02 2.364888601005077362e-02 2.917821519076824188e-03 2.807469666004180908e-02 6.589384377002716064e-02 4.284105077385902405e-02 4.069883376359939575e-02 2.182347513735294342e-02 2.753293840214610100e-03 7.338090334087610245e-03 2.215954475104808807e-02 2.060330845415592194e-02 3.482054546475410461e-02 8.076081983745098114e-03 1.382996607571840286e-02 3.184968978166580200e-02 4.903202410787343979e-03 3.251010086387395859e-03 2.402669284492731094e-03 4.022079333662986755e-02 3.588890656828880310e-02 2.978536300361156464e-02 1.340130344033241272e-02 2.204532735049724579e-02 4.829597659409046173e-03 3.149032592773437500e-02 1.358162146061658859e-02 1.079537626355886459e-02 4.353203624486923218e-02 3.872017934918403625e-02 2.623487263917922974e-02 1.118790209293365479e-01 1.219400316476821899e-01 2.637185715138912201e-02 2.195080555975437164e-02 1.595249399542808533e-02 3.074187040328979492e-02 8.514279872179031372e-02 9.679007530212402344e-02 2.004972659051418304e-02 1.805358566343784332e-02 2.458191476762294769e-03 2.765990793704986572e-03 2.983237802982330322e-02 3.263983875513076782e-02 2.761750668287277222e-02 4.482487216591835022e-03 1.422944758087396622e-02 1.870773918926715851e-02 3.659785166382789612e-02 2.505654096603393555e-02 2.415076084434986115e-02 2.202134020626544952e-02 1.686576008796691895e-02 4.398835822939872742e-02 3.399734199047088623e-02 3.435356542468070984e-03 3.532117977738380432e-02 4.082388803362846375e-02 4.310306976549327374e-04 1.593512855470180511e-02 1.757412403821945190e-02 2.779159322381019592e-02 3.113717772066593170e-02 3.998322412371635437e-02 5.595139809884130955e-04 5.602903198450803757e-03
3.895663097500801086e-02 2.829022146761417389e-02 2.941245771944522858e-02 1.538764871656894684e-02 3.144536912441253662e-02 1.307851541787385941e-02 3.849319368600845337e-02 1.489705126732587814e-02 5.112972855567932129e-01 1.517741531133651733e-01 2.288453839719295502e-02 3.698123246431350708e-02 2.682789042592048645e-02 5.247239023447036743e-02 3.607881441712379456e-02 1.620333641767501831e-02 8.008144795894622803e-03 4.832183569669723511e-02 8.608972281217575073e-02 4.192011803388595581e-02 2.146830409765243530e-02 1.464026793837547302e-02 3.629098087549209595e-02 4.153482988476753235e-02 4.794647544622421265e-02 4.852965846657752991e-02 1.087280642241239548e-02 1.255332306027412415e-02 3.462360054254531860e-02 1.082450244575738907e-02 2.908971160650253296e-02 1.997202821075916290e-02 2.744442969560623169e-02 4.562635719776153564e-02 2.923699794337153435e-03 4.351146146655082703e-02 1.559826638549566269e-02 1.228175405412912369e-02 2.502179704606533051e-02 5.307045951485633850e-02 1.351378858089447021e-02 2.574028819799423218e-02 4.408419132232666016e-02 3.302450478076934814e-02 2.575461566448211670e-02 2.846709638833999634e-02 9.238733910024166107e-03 3.104494884610176086e-02 4.183271527290344238e-02 2.915222384035587311e-02 1.679661683738231659e-02 1.415864471346139908e-02 4.989215359091758728e-02 5.654736887663602829e-03 8.763371407985687256e-02 9.720407426357269287e-02 8.416224271059036255e-03 1.335832383483648300e-02 7.519475184381008148e-03 8.502737618982791901e-03 5.401629954576492310e-02 3.713881969451904297e-02 1.033403724431991577e-02 4.395971074700355530e-02 3.570916876196861267e-02 2.862371876835823059e-02 3.567031025886535645e-02 2.868624031543731689e-02 5.030727386474609375e-02 3.986979648470878601e-02 3.819957748055458069e-02 4.331543296575546265e-02 2.094331756234169006e-02 4.041849821805953979e-02 4.145614337176084518e-03 2.972577139735221863e-02 1.402209699153900146e-01 7.419618219137191772e-02 7.361126691102981567e-02 9.696316719055175781e-02 2.605823986232280731e-02 6.662120111286640167e-03 5.942322313785552979e-02 4.119127243757247925e-02 1.166092511266469955e-02 3.793858364224433899e-02 2.781152352690696716e-02 1.230483222752809525e-02 8.184542506933212280e-02 2.726751752197742462e-02 2.518137171864509583e-02 3.108313307166099548e-02 3.196064755320549011e-02 2.803356759250164032e-02 2.730794064700603485e-02 3.447981178760528564e-02 2.604679390788078308e-02 3.793652355670928955e-02 4.526456445455551147e-02 5.318309739232063293e-02 1.151020731776952744e-02 2.191503718495368958e-02 1.321621984243392944e-02 2.747487463057041168e-02 3.565287590026855469e-02 4.135872423648834229e-02 8.449892513453960419e-03 3.900558128952980042e-02 1.683070138096809387e-02 3.326218947768211365e-02 3.219936043024063110e-03 3.624790161848068237e-02 3.982072696089744568e-02 2.041123807430267334e-02 3.809379041194915771e-02 1.629348471760749817e-02
3.542506322264671326e-02 1.423808978870511055e-03 6.466613616794347763e-03 3.717350959777832031e-02 3.765095397830009460e-02 1.616113819181919098e-02 6.001574452966451645e-03 2.315646223723888397e-02 1.517741531133651733e-01 4.964274168014526367e-01 6.069369241595268250e-02 3.784986957907676697e-02 1.553293690085411072e-02 2.385887689888477325e-02 1.989891566336154938e-02 2.889651618897914886e-02 2.749351784586906433e-02 2.223173342645168304e-02 4.503072798252105713e-02 1.369031518697738647e-02 1.697198115289211273e-02 2.392881177365779877e-02 3.337786067277193069e-03 3.388450294733047485e-02 4.113330692052841187e-02 3.961471095681190491e-02 1.343190018087625504e-02 9.432007558643817902e-03 4.535818099975585938e-02 1.433468610048294067e-02 3.008314594626426697e-02 2.397279813885688782e-02 2.916016243398189545e-02 3.697013482451438904e-02 1.463411469012498856e-02 2.104520052671432495e-02 1.891161873936653137e-02 1.896180585026741028e-02 5.857169628143310547e-02 3.651554882526397705e-02 1.029004994779825211e-02 4.206191748380661011e-03 5.061921104788780212e-02 4.681194946169853210e-02 1.742237992584705353e-02 5.622213333845138550e-02 5.479771178215742111e-03 1.019601523876190186e-02 8.401889353990554810e-03 1.926434598863124847e-02 9.578066237736493349e-05 1.958445645868778229e-02 1.740313880145549774e-02 1.411580666899681091e-02 3.738448396325111389e-02 1.479105353355407715e-01 4.000286012887954712e-02 1.603489182889461517e-02 3.558938624337315559e-03 1.009797398000955582e-02 1.131788734346628189e-02 2.318767085671424866e-02 1.199671346694231033e-02 2.298326790332794189e-02 2.898624399676918983e-03 2.746684662997722626e-02 2.587452717125415802e-02 9.394205175340175629e-03 1.598147116601467133e-02 2.178919315338134766e-02 3.053990006446838379e-02 2.045725286006927490e-02 5.587344989180564880e-02 3.525941818952560425e-02 3.364790976047515869e-02 2.485961839556694031e-02 7.694862037897109985e-02 1.205537691712379456e-01 3.353800252079963684e-02 1.300564110279083252e-01 1.645437069237232208e-02 1.257265079766511917e-02 1.028948929160833359e-02 3.815244883298873901e-02 3.699402883648872375e-02 4.452597349882125854e-02 4.614831507205963135e-02 8.300123736262321472e-03 1.230032928287982941e-02 3.457607328891754150e-02 1.104275602847337723e-02 3.464142605662345886e-02 1.648277416825294495e-02 1.609727181494235992e-02 3.050279431045055389e-02 3.187789022922515869e-02 2.748640999197959900e-02 1.625968515872955322e-02 1.887599006295204163e-02 3.952957689762115479e-02 7.856066338717937469e-03 2.352724038064479828e-02 4.790566395968198776e-03 1.374138891696929932e-02 3.916921094059944153e-02 1.047098450362682343e-02 4.671853035688400269e-02 3.942800685763359070e-02 1.112703466787934303e-03 1.623502373695373535e-02 1.118155475705862045e-02 4.405350238084793091e-02 3.440022002905607224e-03 2.471993677318096161e-03 1.903284806758165359e-03 1.148990541696548462e-02
1.263760775327682495e-01 5.531518533825874329e-02 3.188107162714004517e-03 3.361201658844947815e-02 3.511426225304603577e-02 6.299970299005508423e-02 8.291196823120117188e-02 1.177143491804599762e-02 2.288453839719295502e-02 6.069369241595268250e-02 5.049134492874145508e-01 1.874480769038200378e-02 1.640806794166564941e-01 1.769694685935974121e-02 7.382919080555438995e-03 2.206200733780860901e-02 5.788725800812244415e-03 1.938861794769763947e-02 2.350206114351749420e-02 4.122660309076309204e-02 4.054152965545654297e-02 2.937926352024078369e-02 2.517396025359630585e-02 9.252925403416156769e-03 2.629047073423862457e-02 2.085325308144092560e-02 4.061628133058547974e-02 3.129247203469276428e-02 5.284062772989273071e-02 4.752463474869728088e-02 2.655702643096446991e-02 1.128896046429872513e-02 2.691650204360485077e-02 1.979186572134494781e-02 2.907762862741947174e-02 2.632274664938449860e-02 2.051941864192485809e-02 3.389905765652656555e-02 3.071767278015613556e-02 3.579032048583030701e-02 3.734639612957835197e-03 3.521656384691596031e-03 2.440431308059487492e-05 4.287033900618553162e-02 3.189735114574432373e-02 2.148022130131721497e-02 1.002580896019935608e-01 7.050777971744537354e-02 2.766711171716451645e-03 5.832809489220380783e-03 3.960476070642471313e-02 4.131668806076049805e-02 1.698858104646205902e-02 1.900590397417545319e-02 9.178862906992435455e-03 4.486940428614616394e-02 3.967732563614845276e-02 3.138408064842224121e-02 3.264297032728791237e-03 2.367335371673107147e-02 2.014452219009399414e-02 1.408975076628848910e-04 1.723609864711761475e-02 2.878580056130886078e-02 6.788002699613571167e-02 2.932160906493663788e-02 2.240167930722236633e-02 4.327095299959182739e-02 1.348551246337592602e-03 1.836922764778137207e-02 1.870611496269702911e-02 2.023335918784141541e-02 4.192281886935234070e-02 1.498434226959943771e-02 3.664530068635940552e-02 2.145673334598541260e-02 2.870485559105873108e-02 3.162686899304389954e-02 2.572672814130783081e-02 3.637165576219558716e-02 4.618254676461219788e-02 2.205717377364635468e-02 2.115708962082862854e-02 1.828353293240070343e-02 5.104960873723030090e-02 2.897085808217525482e-02 1.371598336845636368e-02 1.900172792375087738e-02 9.396241977810859680e-03 5.276044458150863647e-02 5.053175985813140869e-02 4.876273870468139648e-02 7.134369760751724243e-02 7.747190538793802261e-03 2.544813556596636772e-03 2.050269767642021179e-02 3.657933324575424194e-02 3.082333877682685852e-02 1.771447062492370605e-02 2.409718558192253113e-02 6.049622781574726105e-03 2.113985642790794373e-02 3.917679190635681152e-02 4.677601531147956848e-02 2.420003712177276611e-02 3.364942967891693115e-02 3.763417527079582214e-02 1.129886973649263382e-02 4.957260563969612122e-02 2.929984359070658684e-03 3.279387578368186951e-02 4.178268462419509888e-02 1.279377285391092300e-02 2.224953286349773407e-02 3.476894274353981018e-02 1.814479567110538483e-02
5.760194733738899231e-02 4.953341558575630188e-02 6.823289673775434494e-03 5.016135051846504211e-03 2.642787061631679535e-03 1.546405721455812454e-02 4.514680802822113037e-02 1.195578835904598236e-02 3.698123246431350708e-02 3.784986957907676697e-02 1.874480769038200378e-02 4.997870624065399170e-01 3.926791250705718994e-02 2.126064151525497437e-01 2.713019773364067078e-02 9.724676609039306641e-03 2.618405967950820923e-02 3.797710314393043518e-02 2.891272306442260742e-02 3.372002393007278442e-02 4.797165095806121826e-02 2.444935031235218048e-02 2.794491685926914215e-02 4.129175469279289246e-02 3.275256976485252380e-02 5.122182890772819519e-02 1.158577017486095428e-02 4.018045961856842041e-02 3.706898167729377747e-02 2.887244708836078644e-02 2.013003081083297729e-02 1.492965035140514374e-02 3.325836732983589172e-02 1.681875064969062805e-02 3.709888458251953125e-02 5.585583671927452087e-02 5.586342141032218933e-02 1.592118479311466217e-02 4.249146208167076111e-02 4.134614020586013794e-02 5.142319574952125549e-02 2.923077903687953949e-02 5.194796621799468994e-02 6.848019361495971680e-02 4.525727033615112305e-02 3.489325568079948425e-02 1.872751675546169281e-02 4.463722929358482361e-02 2.943424321711063385e-02 3.633550135418772697e-03 2.565298974514007568e-02 5.448360741138458252e-02 4.889576695859432220e-03 4.073290526866912842e-02 3.886407986283302307e-02 2.995413728058338165e-02 5.182167515158653259e-03 4.624123871326446533e-02 4.051961377263069153e-02 4.398138821125030518e-02 1.294606365263462067e-02 4.084107931703329086e-03 2.844657935202121735e-02 2.977137826383113861e-02 1.366273313760757446e-02 5.410204827785491943e-02 2.662825025618076324e-02 4.221737384796142578e-02 4.769309610128402710e-02 3.171544149518013000e-02 3.394372388720512390e-02 2.065652050077915192e-02 7.506636902689933777e-03 6.232119165360927582e-03 2.602995932102203369e-02 2.219484373927116394e-02 2.876834198832511902e-02 3.933805506676435471e-03 3.291422501206398010e-02 2.030575851676985621e-04 6.262855976819992065e-02 1.824545487761497498e-02 3.861208632588386536e-02 3.867639228701591492e-02 4.611166939139366150e-02 8.041981607675552368e-03 2.258352376520633698e-02 2.594058401882648468e-02 2.745815739035606384e-02 8.493594080209732056e-02 2.579217776656150818e-02 3.940734080970287323e-03 4.622911661863327026e-02 2.644557505846023560e-02 4.979566112160682678e-02 3.489249572157859802e-02 3.919230028986930847e-02 3.228829882573336363e-04 2.878855541348457336e-02 4.442140832543373108e-02 3.020974621176719666e-02 1.401730626821517944e-02 1.136684603989124298e-02 1.283885538578033447e-02 7.157318294048309326e-03 3.258403763175010681e-02 1.638201647438108921e-03 3.667261824011802673e-02 1.446245890110731125e-02 2.916715852916240692e-02 5.966876074671745300e-02 5.800106562674045563e-03 1.590903103351593018e-02 5.994725506752729416e-03 1.435714401304721832e-02 4.801422357559204102e-02
6.897017359733581543e-02 9.469027072191238403e-02 2.029954083263874054e-02 3.040860779583454132e-02 1.640398986637592316e-02 8.972279727458953857e-02 1.311396658420562744e-01 8.857258595526218414e-03 2.682789042592048645e-02 1.553293690085411072e-02 1.640806794166564941e-01 3.926791250705718994e-02 5.113056302070617676e-01 5.205458775162696838e-02 3.079976420849561691e-03 3.531627357006072998e-02 2.545962482690811157e-02 1.212032604962587357e-02 3.201658139005303383e-03 1.706002466380596161e-02 2.529332786798477173e-02 4.291825369000434875e-02 1.832480169832706451e-02 1.955452375113964081e-02 4.581070679705590010e-04 2.090247534215450287e-02 1.508044824004173279e-02 2.487097121775150299e-02 6.959505379199981689e-02 1.743850670754909515e-02 9.492434561252593994e-02 1.301451306790113449e-02 3.170991688966751099e-02 2.169962786138057709e-02 3.318738937377929688e-02 2.103617973625659943e-02 5.225402116775512695e-02 1.348663121461868286e-02 4.196045175194740295e-02 1.829753257334232330e-02 2.678081952035427094e-02 2.595963329076766968e-02 2.262654341757297516e-02 7.070080190896987915e-02 2.760735340416431427e-03 1.502855867147445679e-02 8.989604562520980835e-02 8.733050525188446045e-02 4.016353748738765717e-03 4.838597378693521023e-04 1.465917751193046570e-02 5.269377958029508591e-03 4.726817458868026733e-02 3.112454526126384735e-02 2.603365480899810791e-02 2.479524724185466766e-02 3.572469577193260193e-02 3.787827119231224060e-02 2.920801006257534027e-02 4.368788748979568481e-02 3.956317901611328125e-02 3.236016258597373962e-02 3.960583359003067017e-02 4.223159048706293106e-03 1.542744133621454239e-02 6.482531130313873291e-02 8.869549259543418884e-03 2.668386325240135193e-02 1.901705190539360046e-02 3.233964741230010986e-02 1.227312954142689705e-03 1.910844258964061737e-02 2.779097110033035278e-02 3.427251055836677551e-02 1.782021671533584595e-02 1.041388045996427536e-02 1.300568040460348129e-02 2.771263755857944489e-02 9.292091126553714275e-04 6.175266113132238388e-03 4.787305742502212524e-02 1.541275996714830399e-02 2.753275260329246521e-02 3.122678492218255997e-03 3.871513530611991882e-02 3.756662458181381226e-02 3.229719400405883789e-02 9.875389747321605682e-03 1.550109963864088058e-02 1.533062197268009186e-02 3.382773324847221375e-02 9.908409789204597473e-03 7.503774762153625488e-02 4.414867237210273743e-02 5.117151141166687012e-02 3.495864197611808777e-02 5.186330527067184448e-02 8.251758292317390442e-03 9.548611706122756004e-04 1.203990355134010315e-02 4.735526069998741150e-02 2.676091529428958893e-02 2.157170325517654419e-02 3.013731911778450012e-03 6.247665733098983765e-03 4.085993766784667969e-02 3.782675787806510925e-02 4.673395771533250809e-03 8.330222219228744507e-03 1.545134093612432480e-02 2.063583396375179291e-02 3.624386386945843697e-03 3.191368281841278076e-02 1.427338737994432449e-02 4.995281249284744263e-02 2.990997396409511566e-02
