5.092163085937500000e-01 1.729343980550765991e-01 3.227761760354042053e-02 3.582989796996116638e-02 4.152936115860939026e-02 7.239492982625961304e-02 7.080629467964172363e-02 4.681671410799026489e-02 4.726208001375198364e-02 3.035384044051170349e-02 1.214366927742958069e-01 6.984577048569917679e-03 8.794379234313964844e-02 4.808677360415458679e-02 3.156638517975807190e-02 4.329433292150497437e-02 4.845055751502513885e-03 1.180130895227193832e-02 1.438204199075698853e-02 3.625428304076194763e-02 1.696715131402015686e-03 4.065272212028503418e-02 3.639530763030052185e-02 4.409052804112434387e-02 1.589857786893844604e-02 1.214138697832822800e-02 5.621449556201696396e-03 4.509587213397026062e-02 3.089364245533943176e-02 5.122156348079442978e-03 4.102492332458496094e-02 1.584213413298130035e-02 8.465652354061603546e-03 9.405869059264659882e-03 1.595946215093135834e-02 1.912496797740459442e-02 5.183359608054161072e-03 4.858964681625366211e-02 1.927394792437553406e-02 1.245833653956651688e-02 3.027567267417907715e-02 9.692852385342121124e-03 9.908762760460376740e-03 3.592890501022338867e-02 1.973702758550643921e-02 1.351537369191646576e-02 6.622523814439773560e-02 3.000361658632755280e-02 5.966988392174243927e-04 3.753778338432312012e-02 1.603213313501328230e-04 5.406107753515243530e-03 5.434726830571889877e-03 1.261655520647764206e-02 6.481250748038291931e-03 1.579104107804596424e-03 3.408234193921089172e-02 4.735237453132867813e-03 2.166751585900783539e-02 2.433389425277709961e-02 6.992244627326726913e-03 2.346942014992237091e-02 5.170158296823501587e-02 7.721539004705846310e-04 3.852239251136779785e-02 9.310952736996114254e-04 1.930535770952701569e-02 3.923984616994857788e-02 3.921929746866226196e-03 5.905989091843366623e-03 5.954471416771411896e-03 3.871428221464157104e-02 1.357690058648586273e-02 7.433854974806308746e-03 1.712426659651100636e-03 2.261406742036342621e-02 1.800021156668663025e-02 1.607507281005382538e-02 2.480080723762512207e-02 5.067474208772182465e-03 3.170151636004447937e-02 2.938609942793846130e-02 4.523479565978050232e-02 5.220621451735496521e-02 2.831713110208511353e-02 2.365098707377910614e-02 1.652088947594165802e-02 1.097583025693893433e-02 3.939541988074779510e-03 1.472216285765171051e-02 2.757255360484123230e-02 5.620392039418220520e-02 1.421536412090063095e-02 5.225566402077674866e-02 1.517485082149505615e-02 1.210284698754549026e-02 1.792702707462012768e-03 1.624376699328422546e-02 1.583603397011756897e-02 1.687449030578136444e-02 1.138901989907026291e-02 3.739753738045692444e-02 2.179741114377975464e-02 1.537428889423608780e-02 2.678687497973442078e-02 1.862647011876106262e-02 4.079769179224967957e-02 3.320579230785369873e-02 1.913564046844840050e-03 4.956891760230064392e-02 1.763781765475869179e-03 1.204926520586013794e-02 2.136417292058467865e-02 1.114038378000259399e-02 2.690145513042807579e-03 2.780003473162651062e-02
1.729343980550765991e-01 5.088812708854675293e-01 3.827648237347602844e-02 1.570493727922439575e-02 1.458716765046119690e-02 3.873434662818908691e-02 4.412896558642387390e-02 4.138234071433544159e-04 2.112150564789772034e-02 1.714011654257774353e-03 1.080194935202598572e-01 4.724183678627014160e-02 1.004456952214241028e-01 1.842545531690120697e-02 4.779219627380371094e-02 5.122466385364532471e-02 2.099534496665000916e-02 2.719164639711380005e-02 3.760898113250732422e-02 1.749871112406253815e-02 4.690774858318036422e-06 4.539039358496665955e-02 6.014059484004974365e-02 2.527924627065658569e-02 1.466777175664901733e-02 1.818111538887023926e-02 2.112119225785136223e-03 4.722614586353302002e-02 1.059216447174549103e-02 2.490850165486335754e-03 4.167678207159042358e-02 7.640275172889232635e-03 1.282245572656393051e-02 1.147909928113222122e-02 3.764816373586654663e-02 6.759801879525184631e-03 1.653606444597244263e-02 5.767930671572685242e-02 4.736218135803937912e-03 3.400067239999771118e-02 3.120380919426679611e-03 2.249293727800250053e-03 7.126906886696815491e-03 3.477163985371589661e-02 5.625537782907485962e-02 1.710413838736712933e-03 3.357552364468574524e-02 1.411133073270320892e-02 2.180964685976505280e-02 2.465238235890865326e-02 3.188671544194221497e-03 1.189725473523139954e-02 2.349134720861911774e-02 3.043594956398010254e-02 7.727692369371652603e-03 1.310383528470993042e-02 2.245897054672241211e-02 1.569705083966255188e-02 1.258548232726752758e-03 4.003068432211875916e-02 5.953905638307332993e-03 4.126421734690666199e-02 1.752643100917339325e-02 6.838690023869276047e-03 2.327583730220794678e-02 2.852651057764887810e-03 2.169075887650251389e-03 2.914369478821754456e-02 2.137057296931743622e-02 1.481487229466438293e-02 3.945108037441968918e-03 4.155218973755836487e-02 1.221929211169481277e-02 8.949995040893554688e-03 2.589832618832588196e-02 3.930561617016792297e-02 1.913720555603504181e-02 1.893983571790158749e-03 2.273763343691825867e-02 3.658811748027801514e-02 1.315626874566078186e-02 9.970156243070960045e-04 2.422408014535903931e-02 4.066311940550804138e-02 4.922560229897499084e-02 1.250012684613466263e-02 5.420370027422904968e-02 5.782879516482353210e-02 4.776408150792121887e-02 4.320968315005302429e-02 5.474531278014183044e-02 5.594616010785102844e-02 6.198291853070259094e-02 3.792094439268112183e-02 7.197959348559379578e-03 8.509634993970394135e-03 2.024824172258377075e-02 3.308355063199996948e-02 9.849897585809230804e-03 8.218232542276382446e-03 4.005056247115135193e-02 9.863020386546850204e-04 3.352077305316925049e-02 6.582007277756929398e-03 2.201339788734912872e-02 5.180081352591514587e-02 3.632102906703948975e-02 1.703779399394989014e-02 1.916925050318241119e-02 4.176088050007820129e-02 5.443738307803869247e-03 1.968795806169509888e-02 3.199798241257667542e-02 1.251070108264684677e-02 1.150321122258901596e-02 9.775552898645401001e-03
3.227761760354042053e-02 3.827648237347602844e-02 4.984347224235534668e-01 7.018157280981540680e-03 1.898332685232162476e-02 2.146226726472377777e-02 9.730580262839794159e-03 6.236524134874343872e-02 1.363993249833583832e-02 1.286664698272943497e-02 1.317314989864826202e-02 6.108056404627859592e-04 2.515179291367530823e-02 6.008000578731298447e-03 9.882488287985324860e-03 3.660712018609046936e-02 4.692374914884567261e-02 3.709227219223976135e-02 8.168931119143962860e-03 2.446204796433448792e-02 4.687746614217758179e-02 6.560851354151964188e-03 7.549826055765151978e-03 2.078964374959468842e-02 1.020629797130823135e-02 3.636950626969337463e-02 3.456579148769378662e-02 8.438209071755409241e-03 4.750977084040641785e-02 5.534605588763952255e-03 2.820252068340778351e-02 1.171741168946027756e-02 3.486113250255584717e-02 2.971746027469635010e-02 3.011964075267314911e-02 1.261628977954387665e-02 2.939174184575676918e-03 2.312993258237838745e-02 2.823958173394203186e-02 3.817751258611679077e-02 3.685750812292098999e-02 4.199087992310523987e-02 4.310695827007293701e-02 9.326771646738052368e-02 4.370653256773948669e-02 2.427882887423038483e-02 5.998278968036174774e-03 1.914396852953359485e-04 8.254181593656539917e-03 3.729994967579841614e-02 3.836520761251449585e-02 2.119882404804229736e-02 2.228255383670330048e-02 8.619070984423160553e-03 4.813804849982261658e-02 7.489299029111862183e-02 9.314547292888164520e-03 4.400163888931274414e-02 1.311795786023139954e-03 4.206291586160659790e-02 9.553677402436733246e-03 3.920459747314453125e-02 1.779882982373237610e-02 4.982836917042732239e-02 1.183445844799280167e-02 2.553527988493442535e-02 3.553761169314384460e-02 1.062285713851451874e-02 3.811490535736083984e-02 6.490984465926885605e-03 3.239154815673828125e-02 7.099515758454799652e-03 3.397169336676597595e-02 2.894767932593822479e-02 2.436734735965728760e-02 8.873350918292999268e-03 3.489093482494354248e-02 1.950869522988796234e-02 5.051077157258987427e-02 3.944632189814001322e-04 1.290315240621566772e-01 7.190497219562530518e-02 6.782446522265672684e-03 5.814961157739162445e-03 2.191484719514846802e-02 4.564710706472396851e-02 5.614896770566701889e-03 4.144817590713500977e-03 3.246382996439933777e-02 4.339428246021270752e-02 4.456702992320060730e-02 3.883323073387145996e-02 1.598156639374792576e-03 3.030195273458957672e-02 3.179375082254409790e-02 3.690671874210238457e-03 2.071908442303538322e-03 2.114387229084968567e-02 4.210000857710838318e-03 2.946470165625214577e-03 7.237750571221113205e-03 1.996162347495555878e-03 2.434361027553677559e-03 1.389200892299413681e-02 1.280692592263221741e-02 8.384964428842067719e-03 1.626493781805038452e-02 7.821977138519287109e-03 6.232180749066174030e-04 4.188247025012969971e-02 3.953814972192049026e-03 1.044825534336268902e-03 4.382912442088127136e-02 2.501425519585609436e-02 1.497478503733873367e-02 3.411415498703718185e-03
3.582989796996116638e-02 1.570493727922439575e-02 7.018157280981540680e-03 5.223919749259948730e-01 1.583476513624191284e-01 2.612747065722942352e-02 2.880531176924705505e-02 1.577601768076419830e-02 4.858925193548202515e-02 3.334295749664306641e-02 3.006035648286342621e-02 3.637288510799407959e-02 5.039251595735549927e-02 3.290994465351104736e-02 4.353401064872741699e-02 3.787615522742271423e-02 1.210752129554748535e-02 1.262467652559280396e-01 1.041414309293031693e-02 5.276580341160297394e-04 7.399362046271562576e-03 4.827654361724853516e-02 1.001386251300573349e-02 9.785185102373361588e-04 1.652954332530498505e-02 5.685140378773212433e-03 3.131383657455444336e-02 2.784290537238121033e-02 3.044698014855384827e-02 4.186545684933662415e-02 3.865723498165607452e-03 1.898881979286670685e-02 2.255808934569358826e-02 3.782868012785911560e-02 1.491887960582971573e-03 1.219547237269580364e-03 5.003594234585762024e-02 7.333384361118078232e-03 4.142061620950698853e-02 7.989714294672012329e-02 4.936606436967849731e-02 2.235341817140579224e-02 3.860293328762054443e-02 3.000769019126892090e-02 1.255025435239076614e-02 3.845053166151046753e-02 2.356124296784400940e-02 1.736684236675500870e-03 2.284630946815013885e-02 2.317696623504161835e-02 1.707624457776546478e-02 2.600909210741519928e-02 5.560848861932754517e-03 1.000772137194871902e-02 7.291081361472606659e-03 3.967152535915374756e-02 4.319043457508087158e-02 3.485633432865142822e-02 2.339308336377143860e-02 1.659723185002803802e-02 7.397944480180740356e-02 3.507104888558387756e-02 1.939417235553264618e-02 6.402090191841125488e-02 2.384257270023226738e-03 1.617774181067943573e-02 1.858595386147499084e-02 1.357151847332715988e-02 4.916455224156379700e-02 2.813651785254478455e-02 4.947908967733383179e-02 2.271099761128425598e-02 1.765044778585433960e-02 1.750404387712478638e-02 2.251891652122139931e-03 1.666177250444889069e-02 4.776462540030479431e-02 3.767877444624900818e-02 2.523886412382125854e-02 2.057330310344696045e-02 2.427210472524166107e-02 1.186704915016889572e-02 1.072481796145439148e-01 5.297707021236419678e-02 1.580837368965148926e-02 2.055660821497440338e-02 2.585241757333278656e-02 1.826262916438281536e-03 3.586884960532188416e-02 2.988574840128421783e-02 2.882752753794193268e-02 2.812030958011746407e-03 3.636489063501358032e-02 1.805522665381431580e-02 3.470352292060852051e-02 4.123093560338020325e-03 2.520735561847686768e-02 2.850652299821376801e-02 2.226367220282554626e-02 7.503395900130271912e-04 5.235162377357482910e-02 3.859649598598480225e-02 2.510676905512809753e-02 1.845393516123294830e-02 1.335100503638386726e-03 2.401863597333431244e-02 2.885756827890872955e-02 1.471591927111148834e-02 2.362962113693356514e-03 2.024327404797077179e-02 4.430177435278892517e-02 4.431486874818801880e-02 4.039043188095092773e-02 1.747964508831501007e-02 2.387712150812149048e-02 3.694749437272548676e-03
4.152936115860939026e-02 1.458716765046119690e-02 1.898332685232162476e-02 1.583476513624191284e-01 5.261643528938293457e-01 4.074904695153236389e-02 2.392700314521789551e-02 2.589495293796062469e-02 3.817078843712806702e-02 3.998847305774688721e-02 4.123694077134132385e-02 3.190555050969123840e-02 5.207771807909011841e-02 4.154008999466896057e-02 3.176433965563774109e-02 5.252917855978012085e-02 6.520260591059923172e-03 1.262228488922119141e-01 1.377539616078138351e-02 5.527391564100980759e-03 1.288085896521806717e-02 4.402688145637512207e-02 6.366387009620666504e-03 3.113262122496962547e-03 1.877791620790958405e-02 4.499670583754777908e-03 2.593380026519298553e-02 1.493161078542470932e-02 2.672960236668586731e-02 2.666385844349861145e-02 9.389421902596950531e-03 1.734037883579730988e-02 8.355459198355674744e-03 2.322515286505222321e-02 1.522537041455507278e-02 4.378961026668548584e-02 3.043214976787567139e-02 1.991803990676999092e-03 5.947060883045196533e-02 1.029001921415328979e-01 3.568668290972709656e-02 3.587894514203071594e-02 4.172322899103164673e-02 3.554702922701835632e-02 4.114979133009910583e-02 5.279593635350465775e-03 1.962403021752834320e-02 9.191362187266349792e-03 1.796262152493000031e-02 3.034208528697490692e-02 2.247234992682933807e-02 2.229491993784904480e-02 3.132290020585060120e-02 3.036240488290786743e-02 2.768534468486905098e-03 3.950417041778564453e-02 1.716387830674648285e-02 1.870873756706714630e-02 3.089857287704944611e-02 2.503129281103610992e-02 6.223417818546295166e-02 4.401068016886711121e-02 1.628291048109531403e-02 5.117456242442131042e-02 1.456689275801181793e-02 4.949172493070363998e-03 8.818270638585090637e-03 1.996967184823006392e-04 2.768317610025405884e-02 2.953109517693519592e-02 4.076630622148513794e-02 4.968579486012458801e-02 4.381126258522272110e-03 6.883433554321527481e-03 2.527070045471191406e-02 2.468451485037803650e-02 4.295904561877250671e-02 3.212661296129226685e-02 3.477199003100395203e-02 9.700427763164043427e-03 5.300369230099022388e-05 7.597473450005054474e-03 1.285800933837890625e-01 6.414556503295898438e-02 2.885536663234233856e-02 2.762663364410400391e-02 2.534855529665946960e-02 1.546908868476748466e-03 4.958413541316986084e-02 2.576098404824733734e-02 3.649042546749114990e-02 2.091106260195374489e-03 8.408666588366031647e-03 2.075025811791419983e-02 7.708592712879180908e-02 3.004480712115764618e-02 1.501693949103355408e-02 2.663453295826911926e-02 1.611376740038394928e-02 1.096222735941410065e-02 2.926590852439403534e-02 5.708897858858108521e-02 2.533401921391487122e-02 1.217705570161342621e-02 2.513025514781475067e-02 1.469462271779775620e-02 2.581314649432897568e-03 1.787045598030090332e-02 2.031561732292175293e-02 7.700040470808744431e-03 1.143803820013999939e-02 1.061448547989130020e-02 4.596839845180511475e-02 3.625890240073204041e-02 1.645449548959732056e-03 8.272085338830947876e-03
7.239492982625961304e-02 3.873434662818908691e-02 2.146226726472377777e-02 2.612747065722942352e-02 4.074904695153236389e-02 5.197798013687133789e-01 1.775258183479309082e-01 2.783012762665748596e-02 2.753316424787044525e-02 2.108063362538814545e-02 3.226759284734725952e-02 1.078398004174232483e-01 3.635721281170845032e-02 3.798980265855789185e-02 2.640577964484691620e-02 3.852484514936804771e-03 1.955274119973182678e-02 1.292361691594123840e-02 1.031013205647468567e-02 1.126236841082572937e-02 1.561830868013203144e-03 2.885807305574417114e-02 5.254573002457618713e-02 3.863317146897315979e-02 3.187230229377746582e-02 9.723779745399951935e-03 1.042805425822734833e-02 9.586410969495773315e-02 3.059421293437480927e-02 4.617320373654365540e-02 2.407930977642536163e-02 3.863020613789558411e-02 2.645872905850410461e-02 4.521270096302032471e-02 1.590003445744514465e-02 3.736896440386772156e-03 2.229513041675090790e-02 3.221878036856651306e-02 3.843529894948005676e-02 2.893732488155364990e-02 1.208381447941064835e-02 2.592087909579277039e-02 1.902355067431926727e-02 1.878132298588752747e-02 4.464283585548400879e-02 1.089992187917232513e-02 1.303158998489379883e-01 5.977256968617439270e-02 3.046642057597637177e-03 4.290123470127582550e-03 3.365321457386016846e-02 4.178257286548614502e-02 4.963665083050727844e-02 3.255664929747581482e-02 3.252785885706543922e-03 2.380655519664287567e-02 8.172691613435745239e-02 7.287541870027780533e-03 3.584678098559379578e-02 1.646472886204719543e-02 2.181577263399958611e-03 3.606891259551048279e-03 1.577533222734928131e-02 4.049653559923171997e-02 6.475942581892013550e-02 4.697545990347862244e-02 4.718914628028869629e-02 3.859037533402442932e-02 4.684908315539360046e-02 3.691382333636283875e-02 3.156926110386848450e-02 1.559177506715059280e-02 7.760515064001083374e-02 5.621953401714563370e-03 1.862427964806556702e-02 2.878042683005332947e-02 3.972289338707923889e-02 4.867984727025032043e-02 2.641099970787763596e-03 1.127389073371887207e-02 4.672714322805404663e-02 1.543369609862565994e-02 2.182761579751968384e-02 1.853491738438606262e-02 3.235196322202682495e-02 1.854966394603252411e-02 8.634730242192745209e-03 3.606238961219787598e-02 1.593076623976230621e-02 2.959807962179183960e-02 2.561137638986110687e-02 1.838454045355319977e-02 1.277316082268953323e-02 4.063176363706588745e-02 2.877911925315856934e-02 2.353032305836677551e-02 1.068062428385019302e-02 3.841285360977053642e-03 4.930255562067031860e-02 4.387414455413818359e-02 3.657061979174613953e-02 4.994092136621475220e-02 5.218085274100303650e-02 2.994582056999206543e-02 2.881444524973630905e-03 3.109163418412208557e-02 1.386526622809469700e-03 2.474188571795821190e-03 4.384495317935943604e-03 3.532578051090240479e-02 2.002970874309539795e-02 5.260574631392955780e-03 3.103132732212543488e-02 5.286055803298950195e-02 4.786532954312860966e-04 3.714164718985557556e-02
7.080629467964172363e-02 4.412896558642387390e-02 9.730580262839794159e-03 2.880531176924705505e-02 2.392700314521789551e-02 1.775258183479309082e-01 5.132870674133300781e-01 4.446968063712120056e-02 4.424573481082916260e-02 2.356414124369621277e-02 4.047871381044387817e-02 5.242071300745010376e-02 5.121419578790664673e-02 2.345064468681812286e-02 4.439166560769081116e-02 3.846757579594850540e-03 1.264527440071105957e-02 3.226389177143573761e-03 3.027610480785369873e-02 3.440757514908909798e-03 4.800104349851608276e-02 1.449251081794500351e-02 6.399760395288467407e-02 4.831533506512641907e-02 4.711117129772901535e-03 9.922346100211143494e-03 2.449078671634197235e-02 5.414961278438568115e-02 2.761542855296283960e-04 4.383538616821169853e-04 2.846850454807281494e-02 2.520200423896312714e-02 3.143033012747764587e-02 3.160925209522247314e-02 4.758307337760925293e-02 1.531452126801013947e-02 2.478567417711019516e-03 3.088634693995118141e-04 2.115402370691299438e-02 1.068581081926822662e-02 9.502220898866653442e-03 9.071848355233669281e-03 1.723246299661695957e-03 1.683204993605613708e-02 3.511386225000023842e-03 3.626620024442672729e-02 1.496512442827224731e-01 1.649599820375442505e-01 6.594479200430214405e-04 1.291831582784652710e-02 4.313809052109718323e-02 4.690387472510337830e-02 2.673272415995597839e-02 1.309006568044424057e-02 1.856682449579238892e-02 1.691713929176330566e-02 3.762026503682136536e-02 5.634475499391555786e-02 1.019350346177816391e-02 7.124426774680614471e-03 3.088553436100482941e-02 3.313928609713912010e-03 7.351558189839124680e-03 1.039171032607555389e-02 5.225218832492828369e-02 4.170495644211769104e-02 2.282811328768730164e-02 5.618609488010406494e-03 1.347830984741449356e-03 3.181172907352447510e-02 5.985654424875974655e-03 2.022058516740798950e-02 4.596306011080741882e-02 1.707481034100055695e-02 1.419271063059568405e-02 2.231386117637157440e-02 1.873407140374183655e-02 4.879906401038169861e-02 3.045530244708061218e-02 4.760402720421552658e-03 3.287507221102714539e-02 2.056865394115447998e-02 2.159163588657975197e-03 1.655191369354724884e-02 2.476286701858043671e-02 1.094053871929645538e-02 1.243686862289905548e-02 3.557473793625831604e-02 1.647637225687503815e-02 4.397866874933242798e-02 2.128567919135093689e-02 6.916502956300973892e-03 5.076622217893600464e-02 3.776756301522254944e-02 3.544640541076660156e-02 4.498480260372161865e-02 9.281447157263755798e-03 5.769550800323486328e-03 5.272545665502548218e-02 4.241623356938362122e-02 2.964339032769203186e-02 4.254141449928283691e-02 5.160495266318321228e-02 2.264694124460220337e-02 3.710089623928070068e-02 3.551325062289834023e-03 1.203862018883228302e-03 3.055526316165924072e-02 4.290529713034629822e-02 3.301459550857543945e-02 1.695445738732814789e-02 1.597931608557701111e-02 1.669399067759513855e-02 2.548161707818508148e-02 4.811448603868484497e-02 2.793962508440017700e-02
4.681671410799026489e-02 4.138234071433544159e-04 6.236524134874343872e-02 1.577601768076419830e-02 2.589495293796062469e-02 2.783012762665748596e-02 4.446968063712120056e-02 4.959285557270050049e-01 5.257310811430215836e-03 1.982725411653518677e-02 2.069478796329349279e-04 3.398774936795234680e-02 3.688357025384902954e-02 1.119728013873100281e-02 2.384171448647975922e-02 2.618508785963058472e-02 3.029950335621833801e-02 2.479950152337551117e-02 1.702966727316379547e-02 2.405423112213611603e-02 1.935232430696487427e-02 2.101491205394268036e-02 3.395941853523254395e-02 1.040145009756088257e-02 1.344766467809677124e-02 3.164475411176681519e-02 5.434429645538330078e-02 1.760510168969631195e-02 4.045812413096427917e-02 2.057976461946964264e-02 3.151043877005577087e-02 2.576776407659053802e-02 2.821833081543445587e-02 5.979949142783880234e-03 6.398706883192062378e-02 1.159074809402227402e-02 1.252059126272797585e-03 3.433976322412490845e-02 6.670725345611572266e-02 4.854314401745796204e-02 1.498312316834926605e-02 7.093828753568232059e-04 2.862340956926345825e-02 4.126061871647834778e-02 1.014242041856050491e-02 1.186959259212017059e-02 1.351710688322782516e-02 3.883473109453916550e-03 1.027175225317478180e-02 2.743462659418582916e-02 2.789978682994842529e-02 3.327045589685440063e-02 3.040692582726478577e-02 2.219513989984989166e-02 3.119160979986190796e-02 4.360820725560188293e-02 2.630703896284103394e-02 3.114228509366512299e-02 4.784527793526649475e-02 3.438229858875274658e-02 1.856879889965057373e-02 2.952906861901283264e-02 1.174948550760746002e-02 5.010131374001502991e-02 1.539601106196641922e-02 5.490249767899513245e-02 1.231177477166056633e-03 6.747081410139799118e-03 4.301114752888679504e-02 4.017353523522615433e-03 2.620023675262928009e-02 4.542397800832986832e-03 2.382451482117176056e-02 3.109895810484886169e-02 4.699984565377235413e-03 1.338426955044269562e-03 2.364211343228816986e-02 3.895419090986251831e-02 4.374071024358272552e-03 2.619550330564379692e-03 6.505397707223892212e-02 6.367939710617065430e-02 1.008378993719816208e-02 6.909099174663424492e-04 3.531942516565322876e-02 1.631491817533969879e-02 6.674224883317947388e-02 5.974295735359191895e-02 2.704445272684097290e-02 1.717172376811504364e-02 5.266156978905200958e-03 1.234906725585460663e-02 2.574654482305049896e-02 4.506970196962356567e-02 1.293179579079151154e-02 6.463120225816965103e-03 3.373079374432563782e-02 2.494425140321254730e-02 1.467316970229148865e-02 4.281778633594512939e-02 1.398785132914781570e-02 2.731041051447391510e-02 4.279229324311017990e-03 1.277148630470037460e-02 7.004198618233203888e-03 4.174570553004741669e-03 8.960962295532226562e-02 1.587609574198722839e-02 4.850692674517631531e-02 4.487079754471778870e-02 2.474337816238403320e-02 1.627242378890514374e-02 3.581195324659347534e-02 9.329728782176971436e-03 5.291767418384552002e-03 2.989719994366168976e-02
4.726208001375198364e-02 2.112150564789772034e-02 1.363993249833583832e-02 4.858925193548202515e-02 3.817078843712806702e-02 2.753316424787044525e-02 4.424573481082916260e-02 5.257310811430215836e-03 4.947766959667205811e-01 3.158194199204444885e-02 2.702214382588863373e-02 1.924923807382583618e-02 2.601565793156623840e-02 3.971398249268531799e-02 1.927181729115545750e-03 2.584176696836948395e-02 5.043264478445053101e-02 1.986077055335044861e-02 4.203917831182479858e-02 3.073771856725215912e-02 2.853197231888771057e-02 3.772248327732086182e-02 3.903428092598915100e-02 2.915775962173938751e-02 3.185798972845077515e-02 2.081034146249294281e-02 3.212662413716316223e-02 4.270710423588752747e-02 1.297718193382024765e-02 4.306989163160324097e-02 1.791281998157501221e-02 7.969083264470100403e-03 4.660502541810274124e-03 4.267725721001625061e-02 2.613538503646850586e-02 5.468304455280303955e-02 3.942373022437095642e-02 2.985771745443344116e-02 6.996379047632217407e-02 2.537870407104492188e-02 1.972228661179542542e-02 5.578203126788139343e-03 1.673680357635021210e-02 2.154151722788810730e-02 2.451466582715511322e-02 4.017918929457664490e-02 1.766711659729480743e-02 6.373139913193881512e-04 1.218177452683448792e-01 4.521893337368965149e-02 1.531387399882078171e-02 9.804078377783298492e-03 9.867455810308456421e-03 1.401573326438665390e-02 9.940561652183532715e-02 3.477464988827705383e-02 2.401225082576274872e-02 5.745712667703628540e-03 1.984192058444023132e-02 3.501610830426216125e-02 4.119343310594558716e-02 2.487156726419925690e-02 8.658957667648792267e-03 2.228475548326969147e-02 4.293997585773468018e-02 9.003954008221626282e-03 2.978168800473213196e-02 3.019296005368232727e-02 8.986269682645797729e-02 3.348867222666740417e-02 3.585809469223022461e-02 2.826444432139396667e-02 1.231491379439830780e-02 3.543632477521896362e-02 9.382969699800014496e-03 2.895863726735115051e-02 8.107493817806243896e-02 3.036529198288917542e-02 7.714136037975549698e-03 4.165741265751421452e-04 5.856100469827651978e-03 3.401245921850204468e-02 4.252146556973457336e-02 1.337322499603033066e-02 1.265164278447628021e-02 8.540664799511432648e-03 4.550840705633163452e-02 4.229672998189926147e-02 6.962046027183532715e-02 7.980742491781711578e-03 2.218772470951080322e-02 4.187358915805816650e-02 3.707179054617881775e-02 3.987767919898033142e-02 3.516152128577232361e-02 4.651327803730964661e-02 1.415903773158788681e-02 4.184437915682792664e-02 6.918090581893920898e-02 4.142853990197181702e-02 4.060794040560722351e-02 4.689349606633186340e-02 3.080612979829311371e-02 2.700588898733258247e-03 4.560630768537521362e-02 2.061386778950691223e-02 5.626415368169546127e-04 1.309749949723482132e-02 8.042689412832260132e-03 3.980183228850364685e-02 5.060219764709472656e-02 1.814369112253189087e-02 4.613385722041130066e-02 3.957675024867057800e-02 2.250913530588150024e-02 4.080518707633018494e-02
3.035384044051170349e-02 1.714011654257774353e-03 1.286664698272943497e-02 3.334295749664306641e-02 3.998847305774688721e-02 2.108063362538814545e-02 2.356414124369621277e-02 1.982725411653518677e-02 3.158194199204444885e-02 5.128067135810852051e-01 2.640715055167675018e-02 1.792804151773452759e-02 1.804978400468826294e-02 7.352035492658615112e-03 4.035612568259239197e-02 6.245263386517763138e-03 4.490604251623153687e-02 5.002320185303688049e-02 8.394580334424972534e-03 4.935595020651817322e-02 4.564779624342918396e-02 5.335074383765459061e-03 1.269819680601358414e-02 5.021721124649047852e-02 7.300895173102617264e-03 5.845851823687553406e-02 4.722194746136665344e-02 5.582299083471298218e-02 1.462778914719820023e-02 4.250016808509826660e-02 2.331093885004520416e-02 1.272374484688043594e-02 4.764973372220993042e-02 1.586699043400585651e-03 1.589606888592243195e-02 4.264754056930541992e-02 8.536097593605518341e-03 2.239049971103668213e-02 1.445036754012107849e-02 4.389772191643714905e-02 2.463953383266925812e-02 2.014510147273540497e-02 3.261068137362599373e-03 1.214073318988084793e-02 4.344496876001358032e-02 1.789719425141811371e-02 3.676174581050872803e-02 2.951943315565586090e-03 2.959462441504001617e-02 1.530354768037796021e-01 1.707035303115844727e-02 4.998930171132087708e-02 1.063178386539220810e-02 3.843916952610015869e-02 4.545152187347412109e-02 1.266895383596420288e-01 3.052433766424655914e-02 6.053240038454532623e-03 2.559304051101207733e-02 3.161372616887092590e-02 3.403457626700401306e-02 2.845517359673976898e-02 1.429482828825712204e-02 3.397830203175544739e-02 4.978633299469947815e-02 3.886998444795608521e-02 4.403528291732072830e-03 4.141442477703094482e-02 6.506326026283204556e-04 3.636361286044120789e-02 5.044354125857353210e-02 1.110674254596233368e-02 6.610064953565597534e-02 1.085877697914838791e-02 5.384175479412078857e-02 3.764522261917591095e-03 3.083057701587677002e-02 1.284431517124176025e-01 5.013215169310569763e-02 1.569354832172393799e-01 4.164791852235794067e-02 3.417333215475082397e-02 4.412093758583068848e-02 2.620760351419448853e-04 7.368541788309812546e-03 6.773695349693298340e-02 4.616692289710044861e-02 4.139634221792221069e-02 1.096413936465978622e-02 8.505150675773620605e-02 2.089478075504302979e-02 1.514989882707595825e-02 1.889168657362461090e-02 2.485140226781368256e-02 4.723972454667091370e-02 2.297741919755935669e-02 3.691993281245231628e-02 4.279322177171707153e-02 7.557275239378213882e-05 1.341299992054700851e-02 4.706315696239471436e-03 2.467677742242813110e-02 2.016723155975341797e-02 4.332776740193367004e-02 6.238012574613094330e-03 2.039946615695953369e-02 3.335552662611007690e-02 3.817122057080268860e-02 3.339891508221626282e-02 6.165929511189460754e-02 8.826497010886669159e-03 3.430237062275409698e-03 9.221916086971759796e-03 3.168377792462706566e-03 1.674684695899486542e-02 2.225253731012344360e-03
1.214366927742958069e-01 1.080194935202598572e-01 1.317314989864826202e-02 3.006035648286342621e-02 4.123694077134132385e-02 3.226759284734725952e-02 4.047871381044387817e-02 2.069478796329349279e-04 2.702214382588863373e-02 2.640715055167675018e-02 5.247139334678649902e-01 5.393694341182708740e-02 1.138755977153778076e-01 1.381127256900072098e-02 6.267046183347702026e-02 4.679074138402938843e-02 3.642343729734420776e-02 3.755067882593721151e-04 4.731185734272003174e-02 9.308602660894393921e-03 3.326506121084094048e-03 3.528101369738578796e-02 5.668606981635093689e-02 1.493728347122669220e-02 1.731210201978683472e-02 8.636124432086944580e-03 3.765877708792686462e-02 2.405876480042934418e-02 2.398112975060939789e-02 1.193003635853528976e-02 4.508212581276893616e-02 2.999429032206535339e-02 3.516704216599464417e-02 3.779260208830237389e-03 1.251612324267625809e-02 4.423278942704200745e-02 2.629777789115905762e-02 2.234250120818614960e-02 8.421760052442550659e-03 1.861509680747985840e-02 3.416845202445983887e-02 4.736278206110000610e-03 1.092391205020248890e-03 5.879331380128860474e-03 5.538902431726455688e-02 1.214732881635427475e-02 7.820706069469451904e-02 6.406249850988388062e-02 3.840305143967270851e-03 3.632507100701332092e-02 2.088109962642192841e-03 2.801412018015980721e-03 3.848835127428174019e-03 1.482640299946069717e-02 8.341546170413494110e-03 2.664191415533423424e-03 4.207791015505790710e-02 1.099352911114692688e-02 4.803321138024330139e-02 1.013004686683416367e-02 3.719209134578704834e-02 3.444436297286301851e-04 2.396059967577457428e-02 5.710513889789581299e-02 7.198390364646911621e-02 7.804292440414428711e-02 7.020008284598588943e-03 2.802543714642524719e-02 2.046571485698223114e-02 4.321268200874328613e-02 5.109560210257768631e-03 5.849129706621170044e-02 1.707397634163498878e-03 3.821862116456031799e-02 2.528239972889423370e-02 3.301059082150459290e-02 1.243629585951566696e-02 8.457839488983154297e-03 1.218908932060003281e-02 1.452636811882257462e-02 3.002605400979518890e-02 4.775013308972120285e-03 4.862530529499053955e-02 2.916972711682319641e-02 3.850948438048362732e-02 2.294338308274745941e-02 4.591646045446395874e-02 5.200471356511116028e-02 3.117929957807064056e-02 4.991027992218732834e-03 6.728602107614278793e-03 4.004085808992385864e-02 1.376658026129007339e-02 1.162061933428049088e-02 2.115700207650661469e-02 2.325415983796119690e-02 5.559955537319183350e-02 3.487599268555641174e-02 1.950356061570346355e-03 1.259061414748430252e-02 1.621998730115592480e-03 3.370977938175201416e-02 1.057686191052198410e-02 2.697235718369483948e-02 6.648181937634944916e-03 2.869347482919692993e-02 2.518278546631336212e-02 1.831670850515365601e-02 3.431766480207443237e-02 5.068758968263864517e-03 4.767688363790512085e-02 4.208332300186157227e-02 2.601009979844093323e-02 1.642693951725959778e-02 1.456650625914335251e-02 4.922752454876899719e-02
6.984577048569917679e-03 4.724183678627014160e-02 6.108056404627859592e-04 3.637288510799407959e-02 3.190555050969123840e-02 1.078398004174232483e-01 5.242071300745010376e-02 3.398774936795234680e-02 1.924923807382583618e-02 1.792804151773452759e-02 5.393694341182708740e-02 5.201377868652343750e-01 5.047947540879249573e-02 1.821821779012680054e-01 1.205049920827150345e-02 2.529871463775634766e-02 3.448499366641044617e-02 1.794201880693435669e-02 6.964070722460746765e-03 2.605637907981872559e-02 5.095082893967628479e-02 2.505392581224441528e-02 5.984727293252944946e-02 6.416380405426025391e-02 3.059160895645618439e-02 9.509346447885036469e-03 1.294356334256008267e-04 1.235594302415847778e-01 2.186017856001853943e-02 1.172150745987892151e-01 4.923590645194053650e-02 5.538073554635047913e-02 2.686940133571624756e-02 2.258895151317119598e-02 3.440718632191419601e-03 3.044364601373672485e-02 3.403906524181365967e-02 2.212646231055259705e-02 3.546270728111267090e-02 5.197879672050476074e-02 3.913239017128944397e-02 2.465176582336425781e-02 2.179308421909809113e-02 4.137382283806800842e-02 8.382705971598625183e-03 1.211667340248823166e-02 1.852321252226829529e-02 3.524219989776611328e-02 1.755224913358688354e-02 2.695506624877452850e-02 1.001548860222101212e-02 5.356125533580780029e-02 1.971933990716934204e-02 1.041280291974544525e-02 7.002525031566619873e-03 2.182221785187721252e-02 7.930546253919601440e-02 3.718717023730278015e-02 1.473090425133705139e-02 1.965736970305442810e-02 1.501817069947719574e-02 6.090022996068000793e-02 1.688588596880435944e-02 2.274552918970584869e-02 1.960067637264728546e-02 1.301440969109535217e-02 1.191585324704647064e-02 2.366942726075649261e-02 4.158632457256317139e-02 8.766920305788516998e-03 7.382322102785110474e-03 2.748100273311138153e-02 6.293661892414093018e-02 3.733728826045989990e-02 3.142853453755378723e-02 3.641716390848159790e-02 3.838327899575233459e-02 2.273712120950222015e-02 4.683424159884452820e-02 1.119934581220149994e-02 1.782629266381263733e-02 4.014857113361358643e-03 3.531007096171379089e-02 4.145706538110971451e-03 1.576440222561359406e-02 6.800055038183927536e-03 4.837673529982566833e-02 3.048895299434661865e-02 4.630634561181068420e-02 7.558159530162811279e-03 3.054122999310493469e-02 1.402444858103990555e-02 2.537269704043865204e-02 7.199326995760202408e-03 1.346608530730009079e-02 1.930458657443523407e-02 4.528069123625755310e-02 4.884977266192436218e-02 4.987007007002830505e-02 3.981724753975868225e-02 3.698860481381416321e-02 4.783049598336219788e-02 1.419452950358390808e-02 2.570602484047412872e-02 1.221534609794616699e-02 2.334615401923656464e-02 1.096456032246351242e-02 2.849514223635196686e-02 2.408487908542156219e-02 4.957479238510131836e-02 3.489235416054725647e-02 1.151637756265699863e-03 1.371357683092355728e-02 3.830587863922119141e-02 1.947890222072601318e-02 3.997974470257759094e-02
8.794379234313964844e-02 1.004456952214241028e-01 2.515179291367530823e-02 5.039251595735549927e-02 5.207771807909011841e-02 3.635721281170845032e-02 5.121419578790664673e-02 3.688357025384902954e-02 2.601565793156623840e-02 1.804978400468826294e-02 1.138755977153778076e-01 5.047947540879249573e-02 5.230486989021301270e-01 2.572039701044559479e-02 8.024668693542480469e-02 3.742016106843948364e-02 1.466777455061674118e-02 1.123260008171200752e-03 5.185998231172561646e-02 1.216022670269012451e-02 2.484881132841110229e-02 5.500817298889160156e-02 2.845693193376064301e-02 3.755618259310722351e-02 2.551696635782718658e-02 1.597739639692008495e-03 3.656299039721488953e-02 4.549310728907585144e-02 4.224805161356925964e-03 1.940263621509075165e-02 6.412153597921133041e-03 4.787518456578254700e-02 3.948708251118659973e-02 5.927227903157472610e-03 1.062142662703990936e-02 4.235903546214103699e-02 5.151631310582160950e-02 4.090803116559982300e-02 1.963718235492706299e-02 4.670779220759868622e-03 2.373011596500873566e-02 7.486892864108085632e-04 1.648375205695629120e-02 8.918277919292449951e-03 1.056761201471090317e-02 4.563250020146369934e-02 4.174865782260894775e-02 5.132715031504631042e-02 5.109059438109397888e-02 2.511656098067760468e-02 7.186412345618009567e-03 1.040173135697841644e-02 3.439179807901382446e-02 1.530703436583280563e-02 1.625278219580650330e-02 3.617787361145019531e-02 4.006852209568023682e-02 2.015684917569160461e-02 5.344649031758308411e-02 3.877015411853790283e-02 3.204120788723230362e-03 2.351560071110725403e-02 1.864580437541007996e-02 3.783476725220680237e-02 2.692718058824539185e-02 5.037808418273925781e-02 4.615199286490678787e-03 2.319105900824069977e-02 6.725292652845382690e-03 4.417124390602111816e-02 2.060442045331001282e-02 2.233699522912502289e-02 2.368272282183170319e-02 3.664514049887657166e-02 1.594786532223224640e-02 4.305293783545494080e-02 2.530675008893013000e-02 2.527396380901336670e-02 6.154339062049984932e-04 1.303780451416969299e-02 4.563232511281967163e-02 2.040402218699455261e-02 5.022529512643814087e-02 4.108849167823791504e-02 5.211206153035163879e-02 1.358772907406091690e-02 4.910224303603172302e-02 3.437383845448493958e-02 3.608953952789306641e-02 4.041653499007225037e-02 1.732463762164115906e-02 2.995785512030124664e-02 7.721393834799528122e-03 1.444984693080186844e-02 2.262980118393898010e-02 1.482446584850549698e-02 5.620901286602020264e-02 3.309341147541999817e-02 7.499315310269594193e-03 8.871499449014663696e-03 1.375429239124059677e-02 2.440309897065162659e-02 6.398274097591638565e-03 2.191386185586452484e-02 1.946633495390415192e-02 5.771654192358255386e-03 4.425235092639923096e-02 2.947555109858512878e-02 4.606965929269790649e-03 5.561822559684514999e-03 3.410787135362625122e-02 3.286219015717506409e-02 3.144066780805587769e-03 5.445263348519802094e-03 2.569654211401939392e-02 4.450496658682823181e-02
