4.555345475673675537e-01 1.794364154338836670e-01 5.185347050428390503e-02 3.434678539633750916e-02 1.581721007823944092e-02 9.613411128520965576e-02 8.128588646650314331e-02 3.884483873844146729e-02 4.273965954780578613e-02 1.841688156127929688e-02 1.459895223379135132e-01 2.103426121175289154e-02 1.166948303580284119e-01 3.275209292769432068e-02 1.535914745181798935e-02 1.375245116651058197e-02 1.427952083759009838e-03 1.746482215821743011e-02 1.086363475769758224e-02 8.093670010566711426e-03 1.193310879170894623e-02 1.585494913160800934e-02 1.602097414433956146e-02 1.850671693682670593e-02 3.324794769287109375e-02 3.513881471008062363e-03 2.142666280269622803e-02 1.556974649429321289e-02 4.708458855748176575e-02 8.773102308623492718e-04 2.182617411017417908e-02 4.173370078206062317e-02 3.798727318644523621e-02 4.166071489453315735e-02 2.839716337621212006e-02 2.052322961390018463e-02 2.067042747512459755e-03 1.604595780372619629e-02 1.889314316213130951e-02 3.278311714529991150e-02 3.830061852931976318e-02 2.440823242068290710e-02 3.394688945263624191e-03 2.115932991728186607e-03 2.182982116937637329e-02 3.404280915856361389e-02 7.439398020505905151e-02 5.078370124101638794e-02 2.890416979789733887e-02 1.188062597066164017e-02 2.247359976172447205e-02 1.724045351147651672e-02 4.356896504759788513e-02 2.702810987830162048e-02 3.193713352084159851e-02 1.591709256172180176e-02 4.306365177035331726e-02 3.220980986952781677e-02 2.968114567920565605e-04 7.472681347280740738e-03 1.786127220839262009e-03 3.135325387120246887e-02 4.476143792271614075e-02 2.748347353190183640e-03 7.364376634359359741e-02 2.863728441298007965e-02 3.922559786587953568e-03 1.672973483800888062e-02 2.775125950574874878e-02 4.299258813261985779e-02 2.613600157201290131e-02 3.028745017945766449e-02 6.636389065533876419e-03 2.077827416360378265e-02 4.295400157570838928e-02 2.648777142167091370e-02 1.538162212818861008e-02 3.763462230563163757e-02 8.912661112844944000e-03 4.998837783932685852e-02 3.008316643536090851e-02 1.349083893001079559e-02 5.045180022716522217e-02 3.224854543805122375e-02 3.652887418866157532e-02 9.277469478547573090e-03 2.314335480332374573e-02 1.274267956614494324e-02 3.193215234205126762e-03 8.278029970824718475e-03 4.016076773405075073e-02 2.445678040385246277e-02 1.304903067648410797e-02 3.513519093394279480e-02 1.684690639376640320e-02 6.664295494556427002e-02 5.453006923198699951e-02 3.725581616163253784e-02 3.515806049108505249e-02 2.582314796745777130e-02 3.004874847829341888e-02 2.321370691061019897e-02 3.889876976609230042e-02 1.394829154014587402e-02 4.878096655011177063e-02 4.099610075354576111e-02 4.395068809390068054e-02 3.043125383555889130e-02 2.897827699780464172e-02 4.490510001778602600e-02 1.438899617642164230e-02 3.682478517293930054e-02 3.898410871624946594e-02 3.414784371852874756e-02 8.795896917581558228e-02 5.501908808946609497e-02
1.794364154338836670e-01 4.514477252960205078e-01 4.533537477254867554e-02 3.958817943930625916e-02 2.554722689092159271e-02 8.158398419618606567e-02 8.329312503337860107e-02 2.028288319706916809e-02 2.493558451533317566e-02 4.061418026685714722e-02 1.256349980831146240e-01 1.377055980265140533e-02 1.132276579737663269e-01 1.867014099843800068e-03 2.894698642194271088e-03 2.348791807889938354e-02 1.082639792002737522e-03 3.260301053524017334e-02 2.488110330887138844e-04 2.494547516107559204e-02 2.714800089597702026e-02 1.744220033288002014e-02 1.985126733779907227e-02 2.574470080435276031e-02 4.330592229962348938e-02 2.386264503002166748e-02 1.788215152919292450e-02 1.916171424090862274e-02 4.533362761139869690e-02 7.529025897383689880e-03 3.689372912049293518e-02 3.897301480174064636e-02 4.211317375302314758e-02 2.179425396025180817e-02 2.775648608803749084e-03 3.157986700534820557e-02 1.827110536396503448e-02 1.411183178424835205e-02 1.309253368526697159e-02 2.142755128443241119e-02 3.690788056701421738e-03 1.974010281264781952e-02 2.091862447559833527e-02 1.032217778265476227e-02 5.832413677126169205e-03 5.955284927040338516e-03 7.169359922409057617e-02 8.725652843713760376e-02 3.655021265149116516e-02 6.247492041438817978e-03 1.387706026434898376e-02 1.010561245493590832e-03 2.134566940367221832e-02 3.071905579417943954e-03 4.172001034021377563e-02 2.380097843706607819e-02 4.043841734528541565e-02 4.446232225745916367e-03 3.588150069117546082e-02 4.773753229528665543e-03 1.794100925326347351e-02 1.692865602672100067e-02 4.731383547186851501e-02 6.704588886350393295e-03 3.855888918042182922e-02 3.237299248576164246e-02 1.201078109443187714e-02 6.006769370287656784e-03 4.019760712981224060e-02 3.010461851954460144e-02 2.898362092673778534e-02 1.103707589209079742e-02 1.500492682680487633e-03 1.063484419137239456e-02 3.120432794094085693e-02 1.377866254188120365e-03 3.114992193877696991e-02 4.982226714491844177e-02 4.372277483344078064e-02 4.249231889843940735e-02 1.586937159299850464e-02 3.945114556699991226e-03 3.741984814405441284e-02 7.020694669336080551e-03 3.289467841386795044e-02 1.501610688865184784e-02 3.871615743264555931e-03 1.055584196001291275e-02 3.027301654219627380e-02 2.740553021430969238e-02 5.259859189391136169e-02 4.708157852292060852e-03 3.700680658221244812e-02 2.520120516419410706e-02 1.903905346989631653e-02 5.843627825379371643e-02 4.403407499194145203e-02 1.233314722776412964e-02 3.531705215573310852e-02 3.761719912290573120e-02 1.332165207713842392e-02 3.239758312702178955e-02 5.119122937321662903e-02 3.066813573241233826e-02 2.768687158823013306e-02 1.619956642389297485e-02 4.414585605263710022e-02 3.440127521753311157e-02 2.506528049707412720e-02 1.209157519042491913e-02 3.197404742240905762e-02 3.519188612699508667e-02 4.307987540960311890e-02 1.731442846357822418e-02 9.365043789148330688e-02 4.291921481490135193e-02
5.185347050428390503e-02 4.533537477254867554e-02 4.277182817459106445e-01 2.550775185227394104e-02 1.495214458554983139e-02 8.245496079325675964e-03 5.723047070205211639e-04 5.013748630881309509e-02 2.682100795209407806e-02 3.929762542247772217e-02 4.320171847939491272e-02 2.268316783010959625e-02 2.192670665681362152e-02 9.309707209467887878e-03 1.295273937284946442e-02 1.129255909472703934e-02 4.485965520143508911e-02 2.669724822044372559e-02 5.051329266279935837e-03 1.408152561634778976e-02 1.633918471634387970e-02 1.661222055554389954e-02 4.945652559399604797e-02 1.525037270039319992e-02 1.678431592881679535e-02 6.616662140004336834e-04 2.760284766554832458e-02 3.047196939587593079e-02 9.737181477248668671e-03 2.638148609548807144e-03 3.942482545971870422e-02 4.923101887106895447e-02 4.757506772875785828e-02 1.247690990567207336e-02 4.718365147709846497e-02 3.971222415566444397e-02 4.212091863155364990e-02 4.117379337549209595e-02 7.231872528791427612e-03 1.352529041469097137e-02 6.464472413063049316e-02 4.852220416069030762e-02 1.977447792887687683e-02 2.418217808008193970e-02 2.287018112838268280e-02 8.475793525576591492e-03 6.057315506041049957e-03 1.091589452698826790e-03 1.224836613982915878e-02 1.427434105426073074e-02 4.424667358398437500e-02 3.079001978039741516e-02 1.286186859942972660e-03 1.877738349139690399e-02 3.191256523132324219e-02 2.974702604115009308e-02 4.880258440971374512e-02 1.883031241595745087e-02 3.511607646942138672e-02 5.538573022931814194e-04 3.766426444053649902e-02 2.136870287358760834e-02 3.610094636678695679e-02 2.218997105956077576e-02 1.347059011459350586e-02 2.911015972495079041e-02 1.986742950975894928e-03 3.467952087521553040e-02 6.990924943238496780e-03 3.716659545898437500e-02 2.589514292776584625e-02 2.627330273389816284e-02 2.165585197508335114e-02 2.942885085940361023e-02 3.108050674200057983e-02 1.379076857119798660e-02 4.889756068587303162e-02 4.560207203030586243e-02 5.451375618577003479e-02 1.408521458506584167e-02 8.387358486652374268e-02 4.671232402324676514e-02 4.802727699279785156e-02 6.088890135288238525e-03 3.683391585946083069e-02 8.586646057665348053e-03 1.525767147541046143e-02 6.438840180635452271e-02 4.983565583825111389e-02 4.743776842951774597e-02 2.981278114020824432e-03 2.454170212149620056e-02 4.849482327699661255e-02 6.204674765467643738e-02 4.588379338383674622e-02 1.320399623364210129e-02 1.167081482708454132e-02 1.709243841469287872e-02 4.971126094460487366e-02 2.924529090523719788e-02 2.809018269181251526e-02 6.147634610533714294e-02 1.010053139179944992e-02 2.014074474573135376e-03 2.517152391374111176e-02 1.168848201632499695e-02 2.710586972534656525e-02 3.540594503283500671e-02 3.457469493150711060e-02 4.968535900115966797e-02 1.409948337823152542e-03 3.802285343408584595e-02 4.352841153740882874e-02 2.763318084180355072e-02 1.840712130069732666e-02 3.693046420812606812e-02
3.434678539633750916e-02 3.958817943930625916e-02 2.550775185227394104e-02 4.486515223979949951e-01 1.756060719490051270e-01 1.000622101128101349e-02 5.798046942800283432e-03 2.391166985034942627e-02 3.534257411956787109e-02 1.234827563166618347e-02 3.439979627728462219e-02 3.886602073907852173e-02 4.196478426456451416e-02 2.539226040244102478e-02 3.127885237336158752e-02 3.976559266448020935e-02 1.094316691160202026e-02 2.340638078749179840e-02 6.750023365020751953e-02 4.717394709587097168e-03 2.206794545054435730e-02 4.673841595649719238e-02 1.547701004892587662e-02 1.914093829691410065e-02 4.643573239445686340e-02 1.014126650989055634e-02 3.860580176115036011e-02 2.128118090331554413e-02 3.877014294266700745e-02 1.852869172580540180e-03 1.580418460071086884e-02 3.858002647757530212e-02 2.180535905063152313e-02 5.545380339026451111e-02 1.200485788285732269e-02 3.350403159856796265e-02 4.618664085865020752e-02 2.590948902070522308e-02 2.060891361907124519e-03 3.283672407269477844e-02 2.236166596412658691e-02 2.839231491088867188e-02 2.444136515259742737e-02 6.236948445439338684e-02 1.309067010879516602e-03 3.115661675110459328e-03 4.189052805304527283e-02 1.329261437058448792e-02 4.111867770552635193e-02 1.027397578582167625e-03 3.917701542377471924e-02 1.652071438729763031e-02 8.330238051712512970e-03 3.300560638308525085e-02 2.034562267363071442e-02 2.305007539689540863e-02 3.332639858126640320e-02 3.504266589879989624e-02 5.300392210483551025e-02 9.176638908684253693e-03 3.680397197604179382e-02 1.228059176355600357e-02 7.740121800452470779e-03 3.411830216646194458e-02 2.660319209098815918e-02 1.861660555005073547e-02 3.635408729314804077e-02 4.931010305881500244e-02 7.956530153751373291e-02 1.124919578433036804e-02 1.519109774380922318e-02 8.638034574687480927e-03 1.283699870109558105e-01 4.185345023870468140e-02 1.499440371990203857e-01 7.791008055210113525e-02 1.376937050372362137e-02 9.919553063809871674e-03 5.737953260540962219e-02 1.209274213761091232e-02 5.063975974917411804e-02 1.867136918008327484e-02 5.298645701259374619e-03 1.553635392338037491e-02 2.216579392552375793e-02 2.418247237801551819e-02 4.565645009279251099e-02 3.101757541298866272e-02 4.854949191212654114e-02 2.299511618912220001e-02 2.963322959840297699e-02 1.977541670203208923e-02 2.107029408216476440e-02 2.434012107551097870e-02 2.875787764787673950e-02 2.002858556807041168e-03 1.109600812196731567e-02 1.256057806313037872e-02 1.480501797050237656e-02 3.590679913759231567e-02 3.167986869812011719e-02 3.537129610776901245e-02 5.054256319999694824e-02 5.224964022636413574e-02 2.884158492088317871e-02 2.268466632813215256e-03 3.265045583248138428e-02 4.182952269911766052e-02 3.099898248910903931e-02 2.112972177565097809e-02 5.895570851862430573e-03 4.733004048466682434e-02 4.012569412589073181e-02 4.196684062480926514e-02 1.489764079451560974e-02 2.099586836993694305e-02
1.581721007823944092e-02 2.554722689092159271e-02 1.495214458554983139e-02 1.756060719490051270e-01 4.384036660194396973e-01 1.700696162879467010e-02 2.115509286522865295e-02 3.860523179173469543e-02 6.145791616290807724e-03 1.556961890310049057e-02 3.354075178503990173e-02 2.276890445500612259e-04 3.965919092297554016e-02 5.678996443748474121e-02 4.127491265535354614e-02 4.754299670457839966e-02 3.769225731957703829e-04 1.633648760616779327e-02 6.237718835473060608e-02 2.573991008102893829e-02 2.254153368994593620e-03 4.514517262578010559e-02 2.891703881323337555e-02 1.534310914576053619e-02 3.830312564969062805e-02 1.577604911290109158e-03 3.012203052639961243e-02 3.618253767490386963e-02 1.720559783279895782e-02 1.418467611074447632e-02 2.451996132731437683e-02 5.067783594131469727e-02 3.315569087862968445e-02 8.087518624961376190e-03 3.931568562984466553e-02 3.578564897179603577e-02 4.365351796150207520e-02 2.577962353825569153e-03 1.001876313239336014e-02 1.182351857423782349e-01 9.213961660861968994e-03 1.660609245300292969e-02 2.107931999489665031e-03 7.836326956748962402e-02 7.230666466057300568e-03 1.041242154315114021e-03 3.465810418128967285e-02 2.103446237742900848e-02 3.892637044191360474e-02 2.074443735182285309e-02 4.607819393277168274e-02 1.321397256106138229e-02 8.797547779977321625e-03 4.219619091600179672e-03 5.069867148995399475e-02 3.914685174822807312e-02 2.418988943099975586e-02 7.705213036388158798e-03 4.896093159914016724e-02 6.017253617756068707e-04 3.920091316103935242e-03 1.202663406729698181e-02 1.049129851162433624e-02 5.973243713378906250e-02 1.432935241609811783e-02 1.252766232937574387e-03 3.220733255147933960e-02 4.013054072856903076e-02 5.477817729115486145e-02 1.030645053833723068e-02 1.251670252531766891e-02 4.105262085795402527e-02 9.729319810867309570e-02 3.841331973671913147e-02 1.524339169263839722e-01 9.586600586771965027e-03 1.226615160703659058e-02 4.863986745476722717e-03 5.323818698525428772e-02 1.303483080118894577e-02 3.020756132900714874e-02 3.096742928028106689e-02 1.933190412819385529e-02 2.135293744504451752e-02 3.749492019414901733e-02 6.224954035133123398e-03 3.433176875114440918e-02 3.936482965946197510e-02 6.071065552532672882e-03 2.509318292140960693e-02 3.815273940563201904e-02 2.012357488274574280e-02 6.858741864562034607e-03 1.039546448737382889e-02 3.852309286594390869e-02 1.196669600903987885e-02 1.633067987859249115e-02 3.221132233738899231e-02 2.408667095005512238e-02 2.010594494640827179e-02 3.524544462561607361e-02 3.796461597084999084e-02 2.686914615333080292e-02 3.756206855177879333e-02 4.442748799920082092e-02 1.212725322693586349e-02 3.506669541820883751e-03 2.452129311859607697e-02 1.948399702087044716e-03 1.864929124712944031e-02 7.498717866837978363e-03 4.604591056704521179e-02 2.227017097175121307e-02 2.109756320714950562e-02 9.131344966590404510e-03 4.196717590093612671e-02
9.613411128520965576e-02 8.158398419618606567e-02 8.245496079325675964e-03 1.000622101128101349e-02 1.700696162879467010e-02 4.531823992729187012e-01 1.232029125094413757e-01 9.197493083775043488e-03 2.133107557892799377e-02 1.543575082905590534e-03 7.074244320392608643e-02 3.784568235278129578e-02 4.721951857209205627e-02 3.912742063403129578e-02 3.458346705883741379e-03 2.371609769761562347e-02 2.228461205959320068e-02 2.347336616367101669e-03 2.696184441447257996e-02 5.075492430478334427e-03 2.163074165582656860e-02 1.292598061263561249e-02 2.577637508511543274e-02 5.436438322067260742e-02 3.470101580023765564e-02 6.829096004366874695e-03 3.739085281267762184e-03 3.230222966521978378e-03 4.207179695367813110e-02 2.281920460518449545e-04 4.393943399190902710e-02 1.509032957255840302e-02 5.172596313059329987e-03 1.445785630494356155e-02 9.887577965855598450e-03 4.638315178453922272e-03 3.344621136784553528e-02 1.239300705492496490e-02 7.762309163808822632e-03 4.375235363841056824e-02 3.179712966084480286e-02 3.688553720712661743e-02 5.364212021231651306e-02 1.565100066363811493e-02 2.353879995644092560e-02 5.005170777440071106e-02 8.608651161193847656e-02 3.651860356330871582e-02 2.139178104698657990e-02 6.015053391456604004e-02 2.310811076313257217e-03 2.894569747149944305e-02 5.311493948101997375e-02 2.690612338483333588e-02 5.280396342277526855e-02 4.019497334957122803e-02 8.275589905679225922e-03 1.486228872090578079e-02 1.767217926681041718e-02 2.894752658903598785e-02 5.129443109035491943e-02 3.185325115919113159e-02 2.904782630503177643e-02 3.092216886579990387e-02 1.277185417711734772e-02 1.579899922944605350e-03 4.384604468941688538e-02 1.726321876049041748e-03 3.027915395796298981e-02 3.252659924328327179e-03 4.688850790262222290e-02 5.453136563301086426e-02 3.106869198381900787e-02 3.169226646423339844e-02 2.964357845485210419e-02 2.103078737854957581e-02 4.421386122703552246e-02 4.920898936688899994e-03 5.868901312351226807e-02 8.923800662159919739e-03 1.676423661410808563e-02 1.300774328410625458e-02 2.780650276690721512e-03 2.738249488174915314e-02 1.773445494472980499e-02 9.281042031943798065e-03 2.589154988527297974e-03 5.801880732178688049e-03 3.738673776388168335e-02 5.061879754066467285e-02 1.635832339525222778e-02 3.734259307384490967e-02 1.200776640325784683e-02 2.865222282707691193e-02 1.621296256780624390e-02 4.560924693942070007e-02 2.654373832046985626e-02 4.044454917311668396e-02 7.891987450420856476e-03 2.578718401491641998e-02 1.874716207385063171e-02 2.113472297787666321e-02 4.410589579492807388e-03 1.831388473510742188e-02 8.945126086473464966e-03 9.342709556221961975e-03 3.514894470572471619e-02 7.129850983619689941e-02 2.642024680972099304e-02 2.590309642255306244e-02 1.248163450509309769e-02 4.559729248285293579e-02 5.728093092329800129e-04 2.208920940756797791e-02 5.251117050647735596e-02 3.238257393240928650e-02
8.128588646650314331e-02 8.329312503337860107e-02 5.723047070205211639e-04 5.798046942800283432e-03 2.115509286522865295e-02 1.232029125094413757e-01 4.517308175563812256e-01 1.354841399006545544e-03 3.160554915666580200e-02 1.043725479394197464e-02 6.692936271429061890e-02 2.900476753711700439e-02 6.055803596973419189e-02 4.743010923266410828e-02 1.154568698257207870e-02 2.790373936295509338e-02 3.163410583510994911e-03 2.156651951372623444e-02 5.694113299250602722e-02 1.040636282414197922e-02 1.802261732518672943e-02 7.350056897848844528e-03 8.254577405750751495e-03 5.134976655244827271e-02 4.543153196573257446e-02 2.983702532947063446e-02 1.484353840351104736e-02 2.510080300271511078e-02 4.235199466347694397e-02 6.814404856413602829e-03 4.390494897961616516e-02 2.131640352308750153e-02 9.808850474655628204e-03 3.727991133928298950e-02 6.969829555600881577e-03 1.188720669597387314e-02 3.727105259895324707e-02 1.329456176608800888e-02 2.381386421620845795e-02 4.717478156089782715e-02 1.701262034475803375e-02 3.784852474927902222e-02 5.094964057207107544e-02 2.241598628461360931e-02 3.700660914182662964e-02 4.677937552332878113e-02 7.166697829961776733e-02 7.045803964138031006e-02 3.605833277106285095e-02 5.083736404776573181e-02 1.534278411418199539e-02 2.034196630120277405e-02 5.316315963864326477e-02 2.259127423167228699e-02 6.567950546741485596e-02 3.999327495694160461e-02 2.365940064191818237e-02 4.960248619318008423e-02 3.523330762982368469e-02 4.039540421217679977e-03 2.765793725848197937e-02 1.574348285794258118e-02 7.288742810487747192e-03 1.703712716698646545e-02 1.471285242587327957e-02 3.063749335706233978e-02 5.289711058139801025e-02 2.496095001697540283e-02 8.028444834053516388e-03 1.765826251357793808e-03 2.490509115159511566e-02 4.959407076239585876e-02 4.323620814830064774e-03 3.053131327033042908e-02 1.388855557888746262e-02 3.574761748313903809e-02 3.331769630312919617e-02 8.259367197751998901e-03 6.078946962952613831e-02 1.451417710632085800e-02 1.987286284565925598e-02 1.863531942944973707e-04 2.437931299209594727e-02 1.565220206975936890e-02 2.805294096469879150e-02 2.123429439961910248e-02 1.196216046810150146e-02 2.517855726182460785e-02 3.554974449798464775e-03 6.365267932415008545e-02 1.212844718247652054e-02 4.060819745063781738e-02 8.088985458016395569e-03 1.279215700924396515e-02 2.273227646946907043e-02 4.134367033839225769e-02 3.359710425138473511e-02 3.908900544047355652e-02 1.602799980901181698e-03 3.514692932367324829e-02 2.329988963901996613e-02 1.564477942883968353e-02 8.298147469758987427e-03 1.052484381943941116e-02 3.988915681838989258e-02 1.986371912062168121e-02 5.021610856056213379e-02 6.624703109264373779e-02 3.226881474256515503e-02 4.292346164584159851e-02 6.793503998778760433e-04 3.262539580464363098e-02 2.305293455719947815e-03 9.537961333990097046e-03 6.854591518640518188e-02 2.436636947095394135e-02
3.884483873844146729e-02 2.028288319706916809e-02 5.013748630881309509e-02 2.391166985034942627e-02 3.860523179173469543e-02 9.197493083775043488e-03 1.354841399006545544e-03 4.383309483528137207e-01 5.579695571213960648e-03 4.436802864074707031e-02 1.366008352488279343e-02 7.051225285977125168e-03 1.233368180692195892e-02 8.830902166664600372e-03 1.147965416312217712e-01 1.496531534940004349e-03 1.082105468958616257e-02 2.198739163577556610e-02 8.848134428262710571e-03 9.415345848537981510e-04 3.527185320854187012e-02 3.955722227692604065e-02 4.705799743533134460e-02 3.540762513875961304e-02 1.919223554432392120e-02 2.958544902503490448e-02 4.938506707549095154e-02 1.808732049539685249e-03 2.336858399212360382e-02 2.036650478839874268e-02 1.462503685615956783e-03 4.472605511546134949e-02 3.829937428236007690e-02 2.971290238201618195e-02 2.380667068064212799e-02 5.016434565186500549e-02 8.666163682937622070e-02 2.404034137725830078e-02 6.777068600058555603e-03 1.851068809628486633e-02 4.241792485117912292e-02 1.487073954194784164e-02 6.520153954625129700e-03 3.160112537443637848e-03 2.406653761863708496e-02 2.825561724603176117e-02 2.535491622984409332e-02 3.204637393355369568e-02 7.232566829770803452e-03 4.078465513885021210e-03 2.804305218160152435e-02 2.565905824303627014e-02 1.149610499851405621e-03 5.271843075752258301e-02 4.503081738948822021e-02 2.921110717579722404e-03 4.822489991784095764e-02 7.258925325004383922e-05 2.881288900971412659e-02 6.656600534915924072e-02 2.452567033469676971e-02 1.906708814203739166e-02 8.941430598497390747e-03 1.507016923278570175e-02 4.223585128784179688e-02 2.849401719868183136e-02 1.701565831899642944e-02 2.373376488685607910e-02 3.475416079163551331e-02 2.221885323524475098e-02 9.910573251545429230e-03 2.598080597817897797e-02 3.437230736017227173e-02 3.870242461562156677e-02 2.425146475434303284e-02 1.478222478181123734e-02 4.182405397295951843e-02 4.807466641068458557e-02 2.736443420872092247e-03 2.155095525085926056e-02 1.204555481672286987e-01 1.207305192947387695e-01 4.024425521492958069e-02 2.190104685723781586e-02 1.893094927072525024e-02 4.334608837962150574e-02 9.559661149978637695e-02 8.619870990514755249e-02 4.703688621520996094e-02 1.549579203128814697e-02 3.990325704216957092e-02 9.532462805509567261e-03 5.391910672187805176e-02 2.019730582833290100e-02 4.295910522341728210e-02 1.624907180666923523e-02 2.336348965764045715e-02 3.790647024288773537e-03 1.193872094154357910e-02 2.931901626288890839e-02 1.614677347242832184e-02 5.002881959080696106e-02 7.700156886130571365e-03 1.626826450228691101e-02 3.664547950029373169e-02 3.672471269965171814e-02 8.913906640373170376e-05 2.523947972804307938e-03 4.297276586294174194e-02 3.089633770287036896e-02 3.415076993405818939e-03 5.397861357778310776e-03 1.507555134594440460e-02 3.448555245995521545e-03 6.763631012290716171e-03 3.693840932101011276e-03
4.273965954780578613e-02 2.493558451533317566e-02 2.682100795209407806e-02 3.534257411956787109e-02 6.145791616290807724e-03 2.133107557892799377e-02 3.160554915666580200e-02 5.579695571213960648e-03 4.256955683231353760e-01 7.700395584106445312e-02 2.808061987161636353e-02 4.578598216176033020e-02 4.012668132781982422e-02 2.308124117553234100e-02 5.575564689934253693e-03 3.165965899825096130e-02 2.736362256109714508e-02 1.088099852204322815e-01 9.700474329292774200e-03 3.694750135764479637e-03 4.127429425716400146e-02 3.915850073099136353e-02 1.144689787179231644e-02 3.091675043106079102e-02 4.852239415049552917e-02 2.177903056144714355e-02 4.048176482319831848e-02 1.112168468534946442e-02 2.667909488081932068e-02 1.765217632055282593e-02 5.267113447189331055e-04 1.613882556557655334e-02 5.444153025746345520e-02 9.851465933024883270e-03 2.465869113802909851e-02 1.845057937316596508e-03 4.787432774901390076e-02 1.239445246756076813e-02 3.358302265405654907e-02 6.796489935368299484e-03 2.793264947831630707e-02 2.880176529288291931e-02 4.159599542617797852e-02 1.784970238804817200e-02 2.866407111287117004e-02 1.367662753909826279e-02 3.435901179909706116e-02 2.123592980206012726e-02 1.031813472509384155e-01 6.226927973330020905e-03 1.167769823223352432e-02 4.294845089316368103e-02 3.600670723244547844e-03 2.557029016315937042e-02 4.115705564618110657e-02 1.768421381711959839e-02 2.909256145358085632e-03 4.536853730678558350e-02 4.200818762183189392e-02 3.174847736954689026e-02 1.892908476293087006e-02 7.346950005739927292e-03 8.207942359149456024e-03 1.373511506244540215e-03 4.339203611016273499e-02 2.662464044988155365e-02 4.022184386849403381e-02 3.080711513757705688e-02 4.045309033244848251e-03 4.518339410424232483e-02 3.224540129303932190e-02 2.614897675812244415e-02 4.992678388953208923e-02 4.989524185657501221e-02 4.656181111931800842e-02 1.803001016378402710e-02 1.769726127386093140e-01 7.549929618835449219e-02 4.675583913922309875e-02 2.883721701800823212e-02 4.369192570447921753e-02 1.272720098495483398e-02 9.536651521921157837e-02 5.227020382881164551e-02 7.809762842953205109e-03 1.332304626703262329e-02 9.138998575508594513e-03 9.972572326660156250e-03 1.111846882849931717e-02 4.973141476511955261e-02 4.280396024114452302e-05 1.709816046059131622e-02 3.568471595644950867e-02 1.054252404719591141e-02 5.220273137092590332e-02 3.487632051110267639e-02 2.849537879228591919e-02 1.278369035571813583e-02 1.536192279309034348e-02 4.385367780923843384e-02 4.745606333017349243e-03 5.365193635225296021e-02 2.478778548538684845e-02 3.331596404314041138e-02 3.636316582560539246e-02 2.983752638101577759e-02 3.753415867686271667e-02 2.979089692234992981e-02 3.899368224665522575e-03 5.228603724390268326e-03 4.027718678116798401e-02 1.313829328864812851e-02 4.796570912003517151e-02 2.310469560325145721e-02 4.818654153496026993e-03 4.057146981358528137e-02
1.841688156127929688e-02 4.061418026685714722e-02 3.929762542247772217e-02 1.234827563166618347e-02 1.556961890310049057e-02 1.543575082905590534e-03 1.043725479394197464e-02 4.436802864074707031e-02 7.700395584106445312e-02 4.494431018829345703e-01 2.187880687415599823e-03 3.931713476777076721e-02 4.557301849126815796e-02 1.573157031089067459e-03 3.437320515513420105e-02 2.538311528041958809e-03 1.793248578906059265e-02 1.481770537793636322e-02 1.472659874707460403e-02 1.685290224850177765e-02 6.985255330801010132e-02 4.158780723810195923e-02 5.003350228071212769e-02 1.028595678508281708e-02 1.520238909870386124e-02 8.795010857284069061e-03 8.726890198886394501e-03 4.599990695714950562e-02 2.592374943196773529e-02 1.973102241754531860e-02 3.063072636723518372e-02 1.419862173497676849e-02 9.820886887609958649e-03 5.505403131246566772e-02 2.048799209296703339e-02 1.957350037992000580e-02 1.610521040856838226e-02 1.782735250890254974e-02 1.637940481305122375e-02 4.715887457132339478e-02 3.529410809278488159e-02 4.150319844484329224e-02 4.592588543891906738e-02 4.268740117549896240e-02 2.790893241763114929e-02 1.453348621726036072e-02 5.342740565538406372e-03 4.497259482741355896e-02 7.143498212099075317e-02 9.834022819995880127e-02 3.126253932714462280e-02 2.498717233538627625e-02 3.705275803804397583e-02 3.345280140638351440e-02 1.863584667444229126e-02 1.361455321311950684e-01 1.218807790428400040e-02 4.724632948637008667e-02 5.941042210906744003e-03 4.415683448314666748e-02 6.960766762495040894e-02 3.790128976106643677e-02 3.278267104178667068e-03 5.013737827539443970e-02 4.889387264847755432e-02 4.243255779147148132e-02 5.413142498582601547e-03 6.912600994110107422e-02 5.528255179524421692e-02 7.042702287435531616e-02 2.349047735333442688e-02 1.579070463776588440e-02 3.790726512670516968e-02 6.974072009325027466e-02 5.770381167531013489e-02 4.418543726205825806e-02 6.985428184270858765e-02 1.406430155038833618e-01 2.642820216715335846e-02 8.993908762931823730e-02 4.626869037747383118e-02 3.160524368286132812e-02 1.866667182184755802e-03 5.470402538776397705e-02 9.655956528149545193e-04 9.726289426907896996e-04 2.745601348578929901e-02 2.993374131619930267e-02 4.584343731403350830e-02 3.252544626593589783e-02 1.478935126215219498e-02 3.088388778269290924e-02 4.102386906743049622e-02 4.315000399947166443e-02 3.554326668381690979e-02 4.735102411359548569e-03 6.956570781767368317e-03 2.455740422010421753e-02 5.563428252935409546e-02 4.722414538264274597e-03 2.736219950020313263e-02 2.553088963031768799e-02 4.179390147328376770e-03 1.623947359621524811e-02 1.769708842039108276e-02 1.416500937193632126e-02 5.217775329947471619e-02 4.642506688833236694e-02 1.108672283589839935e-02 2.157328464090824127e-02 4.889927059412002563e-02 1.143352314829826355e-02 3.861648961901664734e-02 1.515278127044439316e-02 4.037816822528839111e-02 4.014767706394195557e-02
1.459895223379135132e-01 1.256349980831146240e-01 4.320171847939491272e-02 3.439979627728462219e-02 3.354075178503990173e-02 7.074244320392608643e-02 6.692936271429061890e-02 1.366008352488279343e-02 2.808061987161636353e-02 2.187880687415599823e-03 4.612887203693389893e-01 3.838754817843437195e-02 1.340045034885406494e-01 4.464317485690116882e-02 4.335007816553115845e-02 8.378290571272373199e-03 2.945373393595218658e-02 2.035855874419212341e-02 1.867152191698551178e-02 4.851953685283660889e-02 1.481869630515575409e-02 2.843293827027082443e-03 1.421904470771551132e-02 3.773526521399617195e-03 4.139151424169540405e-02 3.397737815976142883e-02 9.662213735282421112e-03 4.856875538825988770e-02 7.484909147024154663e-02 1.875649765133857727e-02 4.202499985694885254e-03 3.652407974004745483e-02 2.579130046069622040e-02 4.274149239063262939e-02 5.082434043288230896e-03 2.726963907480239868e-02 5.259081721305847168e-02 5.696289613842964172e-02 3.090153262019157410e-02 2.758750133216381073e-02 3.000546433031558990e-02 4.176758974790573120e-02 1.757686398923397064e-02 1.207540743052959442e-02 2.168319886550307274e-03 1.368728559464216232e-02 7.668646425008773804e-02 5.125996842980384827e-02 2.633415535092353821e-02 1.552440226078033447e-02 3.983200713992118835e-02 3.447037190198898315e-02 1.231795269995927811e-02 2.402816899120807648e-02 2.763797342777252197e-02 2.234983630478382111e-02 4.742776229977607727e-02 2.820315212011337280e-02 4.584716260433197021e-02 1.725022308528423309e-02 1.413237955421209335e-02 3.377308323979377747e-02 1.835271343588829041e-02 3.823972493410110474e-02 7.510581612586975098e-02 5.837928876280784607e-02 2.657113224267959595e-02 3.393642976880073547e-02 5.579187348484992981e-02 4.411760345101356506e-02 1.554841920733451843e-02 3.534078225493431091e-02 1.805976219475269318e-02 4.438455402851104736e-02 3.096590936183929443e-02 2.897665090858936310e-02 4.497936740517616272e-02 4.310196265578269958e-02 2.251554280519485474e-02 4.419353604316711426e-02 6.999848410487174988e-03 1.283242087811231613e-02 2.826698869466781616e-02 2.854767814278602600e-02 9.274180047214031219e-04 5.297051277011632919e-03 4.597059637308120728e-02 3.043348528444766998e-02 2.002298645675182343e-02 2.556337788701057434e-02 5.567751079797744751e-02 4.576235264539718628e-02 3.217339143157005310e-02 1.885776594281196594e-02 1.228939217980951071e-04 2.892792783677577972e-02 5.338136106729507446e-02 5.501489154994487762e-03 3.812848031520843506e-02 3.630366176366806030e-02 2.719574049115180969e-02 6.027423078194260597e-04 4.729432240128517151e-02 3.531246620696038008e-04 3.738925606012344360e-02 4.311570152640342712e-02 1.622000709176063538e-02 1.287216506898403168e-02 3.095179237425327301e-02 1.791080273687839508e-02 1.984652318060398102e-02 4.586211964488029480e-02 2.703088335692882538e-02 1.683177612721920013e-02 4.702122882008552551e-02 1.709298603236675262e-02
2.103426121175289154e-02 1.377055980265140533e-02 2.268316783010959625e-02 3.886602073907852173e-02 2.276890445500612259e-04 3.784568235278129578e-02 2.900476753711700439e-02 7.051225285977125168e-03 4.578598216176033020e-02 3.931713476777076721e-02 3.838754817843437195e-02 4.373197257518768311e-01 5.402111634612083435e-02 1.202154755592346191e-01 2.521517919376492500e-03 3.420804068446159363e-02 7.994755171239376068e-03 4.136658832430839539e-02 3.469466418027877808e-02 1.754981465637683868e-02 6.610598880797624588e-03 1.865074224770069122e-02 2.199554629623889923e-02 5.501128267496824265e-03 3.408500179648399353e-02 3.100755251944065094e-02 5.608647316694259644e-02 1.673709833994507790e-03 5.143971648067235947e-04 4.137486219406127930e-02 8.993738889694213867e-02 2.500734850764274597e-02 5.436506122350692749e-03 3.884821664541959763e-03 3.981759026646614075e-02 2.432445250451564789e-02 2.959187887609004974e-02 2.629620209336280823e-02 2.059365250170230865e-02 3.847955167293548584e-02 5.364681780338287354e-02 1.330865453928709030e-02 3.945954889059066772e-02 4.192214924842119217e-03 1.167517825961112976e-01 7.289275527000427246e-02 3.167152777314186096e-02 3.023963188752532005e-03 2.546632476150989532e-02 2.943281270563602448e-02 4.831368848681449890e-02 3.319497779011726379e-02 1.443990785628557205e-02 1.410419307649135590e-02 4.640491213649511337e-03 4.923998564481735229e-02 3.050330094993114471e-02 2.993536554276943207e-02 4.468236863613128662e-02 4.299697652459144592e-02 8.822474628686904907e-03 2.611930714920163155e-03 5.097337067127227783e-02 1.119294203817844391e-02 4.076950997114181519e-02 1.417594309896230698e-02 5.723825842142105103e-02 1.049515046179294586e-02 2.000577561557292938e-02 2.699779346585273743e-02 2.295041270554065704e-02 1.638829521834850311e-02 3.661760687828063965e-02 5.547408014535903931e-03 4.982672631740570068e-02 4.634855687618255615e-02 2.401814609766006470e-02 4.587695002555847168e-04 8.394864201545715332e-02 2.685092017054557800e-02 4.960124567151069641e-02 2.492260828148573637e-04 3.325863555073738098e-02 3.266809508204460144e-02 4.770980775356292725e-02 1.065233256667852402e-02 5.091639608144760132e-02 2.199025824666023254e-02 2.656301856040954590e-02 3.667789325118064880e-02 2.262070029973983765e-02 1.703498535789549351e-03 4.178142920136451721e-02 2.022518962621688843e-02 5.877482891082763672e-02 4.504564683884382248e-03 2.910056384280323982e-03 2.155534923076629639e-02 2.599466033279895782e-02 3.890658169984817505e-02 2.162930183112621307e-02 5.053606256842613220e-02 5.478625372052192688e-02 3.361535817384719849e-02 2.273435704410076141e-02 1.194092910736799240e-02 5.963963456451892853e-03 5.760415270924568176e-02 1.234327908605337143e-02 1.561854500323534012e-02 1.374036166816949844e-02 1.800758205354213715e-02 4.456153884530067444e-02 3.187941387295722961e-02 3.497091680765151978e-02 6.142371892929077148e-02
1.166948303580284119e-01 1.132276579737663269e-01 2.192670665681362152e-02 4.196478426456451416e-02 3.965919092297554016e-02 4.721951857209205627e-02 6.055803596973419189e-02 1.233368180692195892e-02 4.012668132781982422e-02 4.557301849126815796e-02 1.340045034885406494e-01 5.402111634612083435e-02 4.575790762901306152e-01 5.772232636809349060e-02 3.051898255944252014e-02 7.792758289724588394e-03 3.185302391648292542e-02 1.203275006264448166e-02 2.842952869832515717e-02 3.661279007792472839e-02 3.042031452059745789e-02 2.301827259361743927e-02 4.526055883616209030e-03 1.410597469657659531e-02 2.407611533999443054e-02 4.318035766482353210e-02 3.517415747046470642e-02 4.744976013898849487e-02 5.022888258099555969e-02 1.409384608268737793e-02 2.579331211745738983e-02 1.973720267415046692e-02 4.882697388529777527e-02 4.109841212630271912e-02 1.241606567054986954e-02 2.920496091246604919e-02 4.663035273551940918e-02 5.707939341664314270e-02 2.963617816567420959e-02 1.884784176945686340e-02 3.081759624183177948e-02 3.151560202240943909e-02 8.023079484701156616e-03 9.735631756484508514e-03 2.731240727007389069e-02 3.525954484939575195e-02 4.167766869068145752e-02 6.014998629689216614e-02 1.568152755498886108e-02 6.013938109390437603e-04 3.991323336958885193e-02 3.640384599566459656e-02 4.373726248741149902e-02 2.749416418373584747e-02 2.829498238861560822e-02 4.608183354139328003e-02 3.855548053979873657e-02 1.143243908882141113e-02 2.241769246757030487e-02 4.322411492466926575e-02 1.116540748625993729e-02 1.252744905650615692e-02 3.866129741072654724e-02 2.117625623941421509e-02 8.721684664487838745e-02 9.659221768379211426e-02 4.144081845879554749e-02 4.172343015670776367e-02 5.068359151482582092e-02 5.164277553558349609e-02 7.485785987228155136e-03 4.663039743900299072e-02 1.951988269865978509e-05 1.438862457871437073e-02 3.844001889228820801e-02 3.101015090942382812e-02 4.197324067354202271e-02 8.815751411020755768e-03 1.543842488899827003e-03 1.620102301239967346e-02 2.315869927406311035e-02 4.218487814068794250e-02 3.727287286892533302e-03 2.111312374472618103e-02 7.628164254128932953e-03 1.114937663078308105e-02 4.384483769536018372e-02 5.435562506318092346e-02 6.387670990079641342e-03 1.853764243423938751e-02 2.336502820253372192e-02 2.643238566815853119e-02 3.553965687751770020e-02 2.641942910850048065e-02 1.030511688441038132e-03 2.344353124499320984e-02 3.923430666327476501e-02 1.831556670367717743e-02 4.187334701418876648e-02 2.727624401450157166e-02 4.142461344599723816e-02 7.159132044762372971e-03 2.405457198619842529e-02 4.653384676203131676e-04 9.646465070545673370e-03 9.444816969335079193e-03 3.157327417284250259e-03 1.418665144592523575e-02 2.601234987378120422e-02 1.379231922328472137e-03 1.398196630179882050e-02 1.583535782992839813e-02 3.905347734689712524e-02 2.062224410474300385e-02 2.416539005935192108e-02 4.920268803834915161e-02
