4.936580359935760498e-01 1.488269567489624023e-01 3.918548114597797394e-03 1.051204977557063103e-03 5.337155889719724655e-03 9.270629286766052246e-02 6.971043348312377930e-02 5.926046520471572876e-03 7.518713362514972687e-03 2.347880788147449493e-02 1.368902027606964111e-01 2.544066123664379120e-02 1.149440631270408630e-01 2.149736741557717323e-03 3.822633624076843262e-02 3.511148691177368164e-02 1.860121078789234161e-02 2.142344228923320770e-02 4.278935492038726807e-02 4.302333667874336243e-02 2.595470473170280457e-02 2.560839056968688965e-02 2.877460420131683350e-02 8.420435711741447449e-03 1.634694449603557587e-02 1.602588966488838196e-02 4.571135342121124268e-02 4.712063446640968323e-02 2.613091096282005310e-02 1.040767598897218704e-02 3.404896333813667297e-02 4.227073863148689270e-02 3.281894372776150703e-03 4.836825653910636902e-02 6.588034797459840775e-03 2.173359878361225128e-02 3.871569409966468811e-02 1.000578328967094421e-02 3.958562854677438736e-03 2.613771706819534302e-02 1.155760325491428375e-02 9.810077026486396790e-03 3.102208487689495087e-02 1.173477992415428162e-02 8.478216826915740967e-03 3.427920490503311157e-02 6.763883866369724274e-04 3.633783757686614990e-02 2.103826776146888733e-02 4.841246828436851501e-02 1.691904291510581970e-02 8.435904979705810547e-03 1.909270137548446655e-02 3.831484168767929077e-02 2.782395668327808380e-02 1.973719708621501923e-02 4.801196604967117310e-02 5.099267140030860901e-02 4.107634723186492920e-02 3.153352439403533936e-02 8.886863477528095245e-03 2.186886407434940338e-02 2.006646478548645973e-03 1.661653816699981689e-02 4.797835275530815125e-02 3.048443421721458435e-02 4.087769612669944763e-02 3.406059741973876953e-02 3.032909519970417023e-02 1.773667871020734310e-03 2.529999427497386932e-02 2.921521291136741638e-02 3.120599128305912018e-02 1.098852884024381638e-02 1.730048656463623047e-02 3.994898498058319092e-02 1.511327270418405533e-02 1.451530400663614273e-02 4.849570244550704956e-02 1.877341978251934052e-02 3.462437540292739868e-02 4.901797324419021606e-02 3.442134708166122437e-02 3.940166905522346497e-02 1.629090309143066406e-02 3.065857663750648499e-02 5.088697001338005066e-02 5.069530010223388672e-02 4.687970504164695740e-02 3.170577064156532288e-02 3.140744939446449280e-02 3.877051919698715210e-02 6.240895949304103851e-03 1.973720081150531769e-02 3.797323629260063171e-02 1.579814963042736053e-02 2.724639512598514557e-02 2.055094204843044281e-02 1.719180308282375336e-02 1.393001433461904526e-02 1.630092225968837738e-02 3.695789724588394165e-02 4.332676529884338379e-02 4.150463640689849854e-02 1.090725418180227280e-02 1.364797167479991913e-02 7.917307317256927490e-03 5.187298357486724854e-02 3.683520480990409851e-02 4.391966387629508972e-02 2.615039004012942314e-03 1.836082898080348969e-02 3.148289397358894348e-02 1.215352304279804230e-02 2.255983278155326843e-02 1.868040300905704498e-02
1.488269567489624023e-01 4.957268834114074707e-01 3.982026502490043640e-02 1.310864184051752090e-02 3.152833506464958191e-02 8.853545039892196655e-02 1.406368911266326904e-01 2.485081367194652557e-02 9.608461987227201462e-04 5.414980277419090271e-02 1.766981184482574463e-01 4.210339486598968506e-02 1.840121299028396606e-01 2.314538927748799324e-03 2.483983710408210754e-02 6.159625016152858734e-03 2.450765483081340790e-02 3.432111814618110657e-03 3.346622362732887268e-02 2.598706074059009552e-02 3.876562789082527161e-02 5.369782820343971252e-02 3.468725830316543579e-02 2.425528690218925476e-02 2.633389085531234741e-02 2.528092078864574432e-02 3.948657587170600891e-02 4.104217514395713806e-02 2.040016278624534607e-02 2.706512808799743652e-02 3.721586428582668304e-03 9.223471395671367645e-03 9.931111708283424377e-03 2.023875527083873749e-02 1.539691234938800335e-03 3.408733755350112915e-02 4.227586463093757629e-02 2.232545427978038788e-02 1.347572449594736099e-02 2.403366193175315857e-02 3.266054019331932068e-02 1.658901758491992950e-02 4.642618075013160706e-02 2.099384739995002747e-02 4.627507552504539490e-02 4.575062170624732971e-02 4.496913403272628784e-02 2.899523824453353882e-02 8.999099954962730408e-03 5.684874951839447021e-03 2.158330194652080536e-02 2.721321024000644684e-02 1.785243302583694458e-02 3.127208724617958069e-02 9.766974486410617828e-03 1.994234509766101837e-02 2.847464056685566902e-03 3.691292554140090942e-02 4.766375571489334106e-02 2.682058885693550110e-02 6.799645256251096725e-03 9.876807220280170441e-03 2.783450484275817871e-02 1.990326680243015289e-02 2.909251954406499863e-03 2.467149123549461365e-02 2.434571459889411926e-02 4.548860713839530945e-02 1.697949878871440887e-02 3.386598825454711914e-02 2.305839210748672485e-02 7.238308433443307877e-03 2.430083043873310089e-02 1.801594719290733337e-02 1.405388116836547852e-02 1.097949314862489700e-02 1.634621620178222656e-02 3.299710899591445923e-02 2.761986851692199707e-02 2.512678503990173340e-02 3.313196823000907898e-02 2.696570940315723419e-02 8.856955915689468384e-03 7.245925813913345337e-02 1.954993465915322304e-03 7.464122958481311798e-03 4.566605761647224426e-02 2.749040909111499786e-02 1.147938426584005356e-02 2.421237155795097351e-02 4.074887558817863464e-02 2.935418626293540001e-03 4.824130609631538391e-02 1.174574904143810272e-02 2.118345350027084351e-03 1.489680539816617966e-02 4.527882207185029984e-03 1.555098686367273331e-02 1.165413763374090195e-02 9.235492907464504242e-03 8.073652279563248158e-04 5.258313380181789398e-03 2.685181796550750732e-02 1.672515086829662323e-02 1.635863631963729858e-02 8.245337754487991333e-03 4.091455042362213135e-02 9.262546896934509277e-03 1.138043869286775589e-02 3.130526468157768250e-02 1.188640389591455460e-02 5.478446185588836670e-02 8.647966198623180389e-03 2.838581055402755737e-02 3.247025609016418457e-02 2.549207955598831177e-02
3.918548114597797394e-03 3.982026502490043640e-02 4.492115676403045654e-01 3.145117312669754028e-02 4.097803682088851929e-02 2.443244494497776031e-02 2.077717520296573639e-02 6.491618603467941284e-02 2.411595545709133148e-02 3.082349151372909546e-02 3.440680215135216713e-03 2.901729941368103027e-02 9.324176236987113953e-03 1.052483823150396347e-02 1.581072993576526642e-02 3.082820214331150055e-02 1.153509411960840225e-02 3.500454500317573547e-02 2.551935054361820221e-02 4.519677720963954926e-03 5.366465821862220764e-02 5.043510813266038895e-03 2.005009166896343231e-02 1.938614808022975922e-02 1.997024565935134888e-02 1.880789175629615784e-02 1.583323255181312561e-02 4.867533687502145767e-03 2.609598450362682343e-02 6.823319010436534882e-03 1.406986825168132782e-02 3.877505660057067871e-02 2.901748567819595337e-02 2.102861180901527405e-02 1.147957332432270050e-02 3.496186435222625732e-02 4.855654761195182800e-02 2.879897365346550941e-03 2.001810446381568909e-02 4.392326623201370239e-02 8.518016897141933441e-03 3.244402632117271423e-02 2.514531277120113373e-02 3.388328850269317627e-02 3.921013325452804565e-02 2.120919525623321533e-02 3.284480050206184387e-02 6.680689752101898193e-03 5.223578773438930511e-03 2.991613559424877167e-02 1.586726307868957520e-02 8.496833615936338902e-04 1.596665009856224060e-02 6.868611276149749756e-02 2.543904446065425873e-02 3.929327800869941711e-02 2.526813931763172150e-02 4.918348416686058044e-02 2.432359382510185242e-02 2.508005872368812561e-02 2.548552490770816803e-02 4.169841110706329346e-02 1.167813199572265148e-03 2.318398281931877136e-02 4.472836852073669434e-03 2.679754421114921570e-02 3.773789480328559875e-02 3.523530438542366028e-02 3.743911907076835632e-02 2.459607087075710297e-02 9.737803600728511810e-03 2.386626973748207092e-02 9.607063606381416321e-03 2.432821691036224365e-02 1.025069877505302429e-02 5.423817783594131470e-02 2.836414054036140442e-02 9.109931997954845428e-03 4.482780396938323975e-02 2.594699850305914879e-03 8.822531998157501221e-02 9.455407038331031799e-03 1.537032052874565125e-02 1.215306296944618225e-02 5.174880847334861755e-02 1.390433870255947113e-02 3.597687557339668274e-02 1.221264339983463287e-02 1.766223087906837463e-02 1.613931916654109955e-02 1.665726676583290100e-02 2.726582810282707214e-02 3.031082823872566223e-02 1.812262809835374355e-03 5.398762412369251251e-03 4.170292615890502930e-02 3.661044314503669739e-02 2.594376541674137115e-02 2.902874723076820374e-02 2.491022460162639618e-02 2.836106903851032257e-02 4.056983441114425659e-02 7.105147466063499451e-03 1.356411911547183990e-02 3.640653938055038452e-02 3.063280135393142700e-03 2.737421542406082153e-02 2.451759949326515198e-02 2.585888840258121490e-03 2.849168144166469574e-02 3.824164345860481262e-02 1.105918549001216888e-02 5.436606239527463913e-03 4.211488366127014160e-02 2.254937402904033661e-02 2.467154525220394135e-02
1.051204977557063103e-03 1.310864184051752090e-02 3.145117312669754028e-02 5.021471381187438965e-01 1.433081030845642090e-01 1.044176798313856125e-02 5.220314860343933105e-02 3.132578358054161072e-02 3.999122604727745056e-02 3.171111270785331726e-02 8.101615123450756073e-03 4.617663845419883728e-02 2.029713988304138184e-02 3.984185308218002319e-02 1.694553717970848083e-02 3.918986022472381592e-02 1.932281628251075745e-02 4.347549378871917725e-02 7.739733159542083740e-02 9.458783082664012909e-03 1.862841472029685974e-02 5.952832754701375961e-03 1.003847271203994751e-02 3.261666512116789818e-03 3.126165270805358887e-02 3.895869478583335876e-02 3.813788294792175293e-02 2.949839225038886070e-03 1.957137323915958405e-02 9.323324076831340790e-03 2.597920782864093781e-02 1.382099557667970657e-02 6.429448258131742477e-03 5.242263153195381165e-02 9.044531732797622681e-03 2.422469854354858398e-02 1.278111711144447327e-02 2.786526456475257874e-02 4.417352750897407532e-02 5.204650759696960449e-02 3.493444994091987610e-02 3.950220346450805664e-02 4.272743314504623413e-02 3.687879815697669983e-02 2.116836421191692352e-02 1.709065586328506470e-02 3.618327155709266663e-02 2.723904699087142944e-02 3.773224353790283203e-02 3.503765165805816650e-02 7.137054111808538437e-03 3.193524107336997986e-02 7.613391615450382233e-03 4.441436007618904114e-02 4.040021821856498718e-02 4.549657553434371948e-02 3.294265642762184143e-02 4.063948616385459900e-02 1.760075241327285767e-02 4.592273756861686707e-02 3.986078500747680664e-02 4.489292949438095093e-02 5.269647389650344849e-02 4.797319322824478149e-02 1.389926392585039139e-02 1.284968457184731960e-03 3.675885731354355812e-03 2.091099880635738373e-02 4.459838941693305969e-02 1.574082113802433014e-02 3.840886428952217102e-02 1.915737986564636230e-02 1.277626156806945801e-01 3.186508640646934509e-02 1.116634607315063477e-01 1.747385016642510891e-03 1.821949146687984467e-02 2.677238313481211662e-03 1.612638495862483978e-02 4.449471458792686462e-02 1.926063001155853271e-02 2.758678980171680450e-03 6.416685879230499268e-02 4.913897812366485596e-02 2.755988622084259987e-03 5.974232219159603119e-03 4.399468749761581421e-02 3.361851349472999573e-02 6.663130130618810654e-03 1.941380463540554047e-02 2.443497814238071442e-02 3.793245926499366760e-02 4.599739331752061844e-03 2.140455320477485657e-02 1.047716755419969559e-02 4.006347060203552246e-02 1.071049086749553680e-02 8.609460666775703430e-03 5.666052177548408508e-02 2.531902119517326355e-02 2.338468842208385468e-02 4.421171545982360840e-02 2.640846360009163618e-04 1.859193481504917145e-02 1.419890578836202621e-02 2.289813943207263947e-02 8.315006271004676819e-03 3.439887240529060364e-02 4.753916338086128235e-02 4.463281109929084778e-02 8.772976696491241455e-03 7.472869940102100372e-03 3.593632951378822327e-02 3.116708807647228241e-02 1.308464538305997849e-02 7.730238139629364014e-04
5.337155889719724655e-03 3.152833506464958191e-02 4.097803682088851929e-02 1.433081030845642090e-01 5.002455711364746094e-01 1.144716516137123108e-02 2.814408391714096069e-02 1.951669156551361084e-02 4.447200149297714233e-02 1.076533738523721695e-02 2.229603566229343414e-02 5.295484513044357300e-02 3.755021467804908752e-02 3.542486205697059631e-02 1.901762560009956360e-03 4.416821897029876709e-02 1.908275857567787170e-02 3.023329190909862518e-02 6.732244044542312622e-02 8.431710302829742432e-03 1.469047833234071732e-02 3.874433785676956177e-02 9.832329815253615379e-04 3.341974515933543444e-04 3.870631009340286255e-02 4.773186892271041870e-02 4.927821829915046692e-02 2.450813166797161102e-02 1.217719726264476776e-02 1.029489003121852875e-02 2.650080434978008270e-02 1.201926264911890030e-02 1.125404844060540199e-03 4.746086895465850830e-02 9.640263393521308899e-03 2.513544820249080658e-02 1.269117649644613266e-02 3.661695122718811035e-02 3.763961791992187500e-02 5.180231481790542603e-02 1.792088523507118225e-02 4.754823446273803711e-02 3.332502394914627075e-02 3.800501674413681030e-02 1.174348988570272923e-03 1.333820726722478867e-02 5.059962347149848938e-02 5.982801783829927444e-03 3.911784663796424866e-02 4.581034928560256958e-02 4.775848239660263062e-03 1.760878041386604309e-02 1.330022327601909637e-02 3.089909814298152924e-02 3.886653855443000793e-02 4.077658429741859436e-02 2.469027414917945862e-02 2.283585071563720703e-02 2.074468880891799927e-02 4.228490963578224182e-02 3.685617819428443909e-02 4.343564063310623169e-02 6.765652447938919067e-02 4.591778665781021118e-02 3.678306564688682556e-02 2.952467463910579681e-02 5.055738147348165512e-03 2.448727749288082123e-02 4.659299924969673157e-02 1.809389516711235046e-02 4.333640635013580322e-02 1.195894461125135422e-02 1.060980409383773804e-01 3.139263764023780823e-02 1.135535165667533875e-01 6.500338204205036163e-03 2.137243188917636871e-02 6.747289095073938370e-03 2.099580690264701843e-02 4.656374081969261169e-02 1.354405935853719711e-02 1.657923497259616852e-02 6.135313212871551514e-02 3.471280261874198914e-02 2.033194759860634804e-03 2.082076855003833771e-03 4.004413634538650513e-02 2.210590988397598267e-02 1.279005128890275955e-02 2.280230075120925903e-02 1.070222258567810059e-02 4.961187392473220825e-02 2.637138357385993004e-03 4.126829653978347778e-02 8.626651950180530548e-03 3.910210356116294861e-02 6.901016924530267715e-03 1.305117644369602203e-02 5.634688213467597961e-02 2.934567071497440338e-02 3.442240878939628601e-02 2.995990775525569916e-02 7.540666498243808746e-03 6.735517643392086029e-03 2.224096097052097321e-02 1.721666567027568817e-02 1.088803820312023163e-02 3.029438480734825134e-02 4.912122339010238647e-02 5.426811799407005310e-02 5.287263076752424240e-03 1.052421983331441879e-03 4.170082882046699524e-02 3.985290601849555969e-02 1.271717622876167297e-02 1.699042320251464844e-02
9.270629286766052246e-02 8.853545039892196655e-02 2.443244494497776031e-02 1.044176798313856125e-02 1.144716516137123108e-02 4.892022013664245605e-01 1.277698874473571777e-01 3.491244465112686157e-02 2.611997723579406738e-02 1.044024899601936340e-02 3.707050904631614685e-02 9.067721664905548096e-02 4.429343680385500193e-04 1.256995946168899536e-01 2.456911094486713409e-02 1.204450745717622340e-04 1.091611385345458984e-02 4.134495928883552551e-02 4.284916818141937256e-02 3.258589282631874084e-02 2.902636304497718811e-02 4.619733244180679321e-02 3.222170472145080566e-02 5.878807231783866882e-02 4.265841469168663025e-02 4.216297343373298645e-02 4.711761139333248138e-03 1.347699463367462158e-01 1.384825794957578182e-03 1.435230225324630737e-01 6.150953005999326706e-03 4.795953631401062012e-02 3.366188704967498779e-02 3.590310737490653992e-02 4.271904751658439636e-02 1.076584123075008392e-02 3.396275267004966736e-02 1.347406022250652313e-02 4.744504392147064209e-02 2.571824938058853149e-02 1.614919118583202362e-02 7.181243854574859142e-04 4.281005263328552246e-02 4.152095317840576172e-02 3.247337415814399719e-02 6.502321921288967133e-03 7.336467504501342773e-02 2.126320078969001770e-02 2.230437099933624268e-02 2.233387716114521027e-02 5.285482108592987061e-02 5.440653767436742783e-03 3.968776017427444458e-02 6.580676883459091187e-02 4.760454874485731125e-03 1.885420829057693481e-02 2.050110511481761932e-02 2.290513366460800171e-02 3.763404861092567444e-02 4.662212356925010681e-02 9.462817572057247162e-03 2.297079749405384064e-02 7.315681781619787216e-03 9.350734762847423553e-03 1.482982188463211060e-02 9.589332155883312225e-03 2.829815633594989777e-02 1.869544573128223419e-02 4.474586993455886841e-02 1.390543114393949509e-02 1.033130008727312088e-02 3.540537133812904358e-02 4.580010101199150085e-02 3.623675927519798279e-02 2.836502343416213989e-02 3.738473728299140930e-02 2.502257749438285828e-02 6.029066815972328186e-02 4.628696944564580917e-03 7.522542495280504227e-03 3.654849156737327576e-02 2.159483730792999268e-02 3.053324855864048004e-02 2.130101621150970459e-02 2.614085935056209564e-02 3.237994760274887085e-02 4.076843708753585815e-02 1.270956266671419144e-02 3.081621602177619934e-02 3.272196510806679726e-03 2.888990193605422974e-02 1.667572371661663055e-02 1.945960707962512970e-02 5.164616741240024567e-04 3.317217156291007996e-02 5.803892854601144791e-03 1.516152638942003250e-02 4.576689004898071289e-02 6.789114326238632202e-03 2.476653316989541054e-03 8.874976076185703278e-03 3.906194865703582764e-02 2.381133288145065308e-02 2.154301106929779053e-02 6.490360479801893234e-03 4.886895790696144104e-02 4.141592071391642094e-04 2.220329083502292633e-02 1.046310923993587494e-02 3.590849786996841431e-02 9.681425988674163818e-02 7.612904533743858337e-03 8.145254105329513550e-03 3.717148303985595703e-02 3.978071734309196472e-02 1.722907088696956635e-02
6.971043348312377930e-02 1.406368911266326904e-01 2.077717520296573639e-02 5.220314860343933105e-02 2.814408391714096069e-02 1.277698874473571777e-01 4.966226220130920410e-01 7.627597544342279434e-03 8.867920376360416412e-03 6.197265535593032837e-02 1.080461293458938599e-01 2.618324756622314453e-02 1.376830637454986572e-01 6.334087997674942017e-02 4.917887598276138306e-02 1.376231480389833450e-02 4.650633782148361206e-03 2.061746641993522644e-02 1.830072142183780670e-02 4.163096100091934204e-02 3.306193510070443153e-03 4.907577484846115112e-02 3.539481386542320251e-02 6.605321168899536133e-02 4.431392997503280640e-02 3.553213551640510559e-02 1.167308632284402847e-02 3.041020594537258148e-03 1.337690092623233795e-02 3.938818350434303284e-02 5.138518661260604858e-02 5.370734725147485733e-04 2.563072741031646729e-02 1.449033990502357483e-02 1.347754336893558502e-02 1.840773597359657288e-02 3.376402333378791809e-02 1.047010999172925949e-02 1.666438579559326172e-02 1.564455032348632812e-02 3.650225698947906494e-02 1.072434429079294205e-02 2.724171429872512817e-02 3.840485587716102600e-02 2.277907356619834900e-02 2.935026027262210846e-02 1.090054810047149658e-01 1.011280938982963562e-01 1.594282686710357666e-02 6.604178808629512787e-03 1.448494102805852890e-02 3.846432268619537354e-02 2.253019623458385468e-02 5.554118659347295761e-03 4.070341214537620544e-02 2.530495263636112213e-02 4.219157993793487549e-02 6.172606721520423889e-03 4.283555224537849426e-02 4.734503477811813354e-02 1.292666606605052948e-02 7.826253422535955906e-04 3.198919817805290222e-02 1.953695714473724365e-02 4.865603521466255188e-02 3.158652409911155701e-02 2.148391306400299072e-02 3.971724584698677063e-02 1.978154852986335754e-02 1.120164245367050171e-02 3.065922297537326813e-03 8.181551471352577209e-03 2.115570753812789917e-02 3.087055124342441559e-02 2.996559441089630127e-02 4.579858109354972839e-02 8.969848975539207458e-03 8.427706360816955566e-02 2.748142369091510773e-02 8.628436364233493805e-03 2.777798287570476532e-02 3.096836153417825699e-03 5.056460201740264893e-02 3.659170866012573242e-02 4.714803944807499647e-04 3.102390281856060028e-02 3.262196481227874756e-02 4.459524061530828476e-03 9.900488890707492828e-03 3.861509636044502258e-02 9.671622887253761292e-03 1.548410393297672272e-03 5.404672771692276001e-02 6.247715558856725693e-03 1.043720636516809464e-02 1.452508941292762756e-02 4.332924634218215942e-02 1.800551824271678925e-02 2.256298623979091644e-02 1.065310649573802948e-02 5.399615969508886337e-03 6.613606121391057968e-03 3.644622862339019775e-02 3.116993047297000885e-02 3.696621209383010864e-02 3.253297135233879089e-02 2.815583162009716034e-02 2.639330923557281494e-02 1.885251142084598541e-02 4.481966141611337662e-03 4.113999381661415100e-02 1.196932513266801834e-02 1.219611428678035736e-02 1.494410075247287750e-02 9.473184123635292053e-03 3.872078657150268555e-02
5.926046520471572876e-03 2.485081367194652557e-02 6.491618603467941284e-02 3.132578358054161072e-02 1.951669156551361084e-02 3.491244465112686157e-02 7.627597544342279434e-03 4.758552908897399902e-01 4.861942306160926819e-02 3.589443862438201904e-02 4.318271577358245850e-02 3.912602551281452179e-03 3.334877267479896545e-02 2.106065303087234497e-02 2.613382041454315186e-02 3.793270513415336609e-02 2.158043207600712776e-03 2.963681705296039581e-02 2.649559825658798218e-02 2.009314950555562973e-03 1.657324843108654022e-02 4.106460511684417725e-02 1.461028680205345154e-02 1.197167299687862396e-02 2.620931528508663177e-02 1.724918186664581299e-02 1.643000729382038116e-02 4.082456603646278381e-02 2.446424216032028198e-02 1.309389900416135788e-02 1.704925484955310822e-02 1.650842465460300446e-02 1.076497510075569153e-02 9.614802896976470947e-03 2.516128122806549072e-03 1.888036914169788361e-02 2.234096638858318329e-02 3.221687301993370056e-02 1.314319670200347900e-03 1.343785133212804794e-02 3.774091228842735291e-02 4.018951952457427979e-02 1.765110157430171967e-02 7.787963747978210449e-02 1.186638418585062027e-02 4.165731370449066162e-02 1.723606837913393974e-03 2.762375771999359131e-02 2.953830407932400703e-03 2.903505042195320129e-02 1.943750865757465363e-02 2.195250801742076874e-02 2.618028037250041962e-02 2.423197962343692780e-02 1.939961127936840057e-02 1.914253644645214081e-02 3.569505363702774048e-02 3.748958930373191833e-02 1.156396977603435516e-02 1.083528157323598862e-02 2.506206184625625610e-02 1.351206470280885696e-02 3.987691923975944519e-02 2.100017387419939041e-03 5.528542026877403259e-02 1.772835664451122284e-02 5.271645262837409973e-03 1.144917495548725128e-02 3.142820671200752258e-02 5.024251714348793030e-02 6.843105703592300415e-02 1.590745523571968079e-02 3.847303241491317749e-02 2.175740711390972137e-02 4.768121242523193359e-02 7.143822498619556427e-03 3.465789556503295898e-02 3.642504662275314331e-02 2.812899090349674225e-02 3.559214994311332703e-02 7.138227671384811401e-02 4.691642522811889648e-02 4.075717553496360779e-02 2.215494401752948761e-03 4.342375695705413818e-02 1.499745249748229980e-02 4.544233158230781555e-02 6.937816739082336426e-02 2.382307313382625580e-02 8.303504437208175659e-03 1.398041495122015476e-03 2.118510194122791290e-02 3.728456422686576843e-02 4.931150004267692566e-02 1.948790065944194794e-02 3.351107612252235413e-02 3.928355127573013306e-02 1.387611776590347290e-02 1.572958007454872131e-02 1.133552286773920059e-02 6.714116781949996948e-03 2.073651365935802460e-02 4.476767778396606445e-02 2.625173702836036682e-02 1.411931216716766357e-02 2.253274724353104830e-04 2.586587890982627869e-02 1.152702886611223221e-02 3.402224741876125336e-03 1.829742337577044964e-03 3.814232721924781799e-02 4.901494365185499191e-03 2.076647989451885223e-02 5.105347372591495514e-03 4.593045637011528015e-02 1.496435888111591339e-02
7.518713362514972687e-03 9.608461987227201462e-04 2.411595545709133148e-02 3.999122604727745056e-02 4.447200149297714233e-02 2.611997723579406738e-02 8.867920376360416412e-03 4.861942306160926819e-02 4.880667626857757568e-01 3.996210545301437378e-02 2.928165486082434654e-03 3.967898339033126831e-02 4.934331402182579041e-03 8.265174925327301025e-03 2.571637369692325592e-02 7.898825424490496516e-05 1.804403029382228851e-02 3.230030881240963936e-03 5.946563556790351868e-02 3.827862814068794250e-02 3.911149129271507263e-02 2.570643089711666107e-02 4.051040858030319214e-02 2.770230919122695923e-02 2.061740122735500336e-02 2.387032471597194672e-02 2.940946072340011597e-02 3.998339548707008362e-02 3.055654279887676239e-02 1.020103227347135544e-02 1.838307641446590424e-02 2.317344304174184799e-03 3.456591442227363586e-02 1.658865623176097870e-02 4.745243117213249207e-02 1.214508246630430222e-02 5.594829469919204712e-02 2.768921479582786560e-02 4.777641594409942627e-02 1.564589887857437134e-02 2.903058193624019623e-02 1.802869513630867004e-02 2.274321764707565308e-02 3.862298652529716492e-02 4.842915758490562439e-02 2.101795934140682220e-02 2.936635538935661316e-02 4.426605999469757080e-02 2.480984665453433990e-03 5.654691159725189209e-02 3.708056360483169556e-02 4.679471720010042191e-03 2.534125745296478271e-02 1.733393967151641846e-02 2.069401927292346954e-02 1.625458896160125732e-02 1.243184600025415421e-02 1.576121710240840912e-02 7.693216670304536819e-03 1.166678383015096188e-03 5.351056810468435287e-03 4.809014126658439636e-02 3.812707588076591492e-02 5.120865255594253540e-02 5.531311035156250000e-02 2.298729494214057922e-02 4.807737469673156738e-02 3.201092034578323364e-02 3.349861130118370056e-02 1.416345778852701187e-02 4.148077592253684998e-02 7.477515190839767456e-02 7.581708580255508423e-02 5.214030295610427856e-02 6.436325609683990479e-02 2.375306189060211182e-02 1.653930246829986572e-01 6.666808575391769409e-02 1.122795194387435913e-01 3.484130278229713440e-02 3.014034405350685120e-02 5.022018775343894958e-02 5.323179531842470169e-03 5.316267255693674088e-03 1.820981130003929138e-02 1.098125334829092026e-02 3.203544765710830688e-02 2.956979162991046906e-02 7.761036604642868042e-02 2.721706405282020569e-02 3.422567993402481079e-02 1.060684118419885635e-02 1.311696693301200867e-02 5.743188410997390747e-02 4.396404325962066650e-02 3.151013329625129700e-02 3.602238744497299194e-02 1.716677471995353699e-02 5.469022318720817566e-02 2.286080829799175262e-02 3.268850967288017273e-02 2.611233107745647430e-02 1.034701522439718246e-02 2.125801518559455872e-02 8.305717259645462036e-03 4.434433579444885254e-02 8.096180856227874756e-03 2.109869197010993958e-02 2.803111635148525238e-02 5.580911040306091309e-02 5.115453898906707764e-02 1.337349228560924530e-02 3.274503722786903381e-02 3.241169080138206482e-02 1.738530956208705902e-02 4.858975857496261597e-02
2.347880788147449493e-02 5.414980277419090271e-02 3.082349151372909546e-02 3.171111270785331726e-02 1.076533738523721695e-02 1.044024899601936340e-02 6.197265535593032837e-02 3.589443862438201904e-02 3.996210545301437378e-02 4.745476245880126953e-01 6.437832489609718323e-04 3.370542824268341064e-02 5.593569949269294739e-03 1.496572606265544891e-02 1.115069910883903503e-02 1.505784504115581512e-02 1.771007105708122253e-02 3.235656023025512695e-02 1.670811139047145844e-02 2.030351897701621056e-04 3.796415030956268311e-02 2.049408294260501862e-02 1.036742888391017914e-02 9.309874847531318665e-03 1.685161143541336060e-02 4.316321015357971191e-02 1.900497823953628540e-02 1.000086776912212372e-02 2.624050714075565338e-02 3.066317643970251083e-03 2.214960195124149323e-02 2.499537949915975332e-04 4.992493987083435059e-02 1.984214037656784058e-02 4.254142194986343384e-02 1.488621253520250320e-02 7.399650756269693375e-03 4.073450341820716858e-03 3.393433615565299988e-02 4.631368815898895264e-02 4.214261099696159363e-02 1.650641113519668579e-02 3.325795382261276245e-02 5.108879413455724716e-03 3.247281163930892944e-02 3.348560258746147156e-02 3.854880109429359436e-02 2.613231539726257324e-03 1.065144594758749008e-02 5.140775069594383240e-02 1.735974475741386414e-02 1.700166799128055573e-02 1.213509868830442429e-02 9.168257936835289001e-03 5.465090647339820862e-02 5.077194795012474060e-02 3.071323782205581665e-02 8.405003696680068970e-03 3.764932916965335608e-04 1.741118542850017548e-02 3.356187045574188232e-02 3.720486909151077271e-02 2.918015979230403900e-02 4.834474995732307434e-02 3.362382948398590088e-02 8.701369166374206543e-03 2.123131230473518372e-02 3.454620018601417542e-02 4.447101382538676262e-04 6.695928424596786499e-02 1.319371163845062256e-02 2.336228452622890472e-02 1.943191885948181152e-02 9.503018809482455254e-04 2.760634757578372955e-02 3.407589346170425415e-02 9.089955128729343414e-03 1.005467548966407776e-01 1.818538527004420757e-03 1.124827116727828979e-01 7.860173471271991730e-03 7.444745860993862152e-03 1.390709634870290756e-02 6.398269534111022949e-02 6.156808231025934219e-03 7.260266691446304321e-02 2.367777191102504730e-02 2.755384519696235657e-02 1.291210763156414032e-02 4.158337041735649109e-02 9.808178059756755829e-03 5.913674086332321167e-02 3.056035935878753662e-02 1.763197407126426697e-02 1.086708437651395798e-02 4.247538745403289795e-03 9.842214174568653107e-03 4.898057878017425537e-02 4.486254975199699402e-02 1.377719454467296600e-02 1.176105625927448273e-02 1.145115308463573456e-02 5.912712775170803070e-03 5.673734936863183975e-03 3.757972037419676781e-03 4.959472641348838806e-02 3.296422958374023438e-02 4.327701032161712646e-02 2.530819922685623169e-02 2.031922340393066406e-02 3.800659626722335815e-02 1.488471031188964844e-02 1.815224625170230865e-02 4.231229890137910843e-03 6.010279990732669830e-03 3.924200311303138733e-02
1.368902027606964111e-01 1.766981184482574463e-01 3.440680215135216713e-03 8.101615123450756073e-03 2.229603566229343414e-02 3.707050904631614685e-02 1.080461293458938599e-01 4.318271577358245850e-02 2.928165486082434654e-03 6.437832489609718323e-04 4.837689697742462158e-01 3.622528165578842163e-02 2.467350214719772339e-01 1.821509189903736115e-02 6.500416249036788940e-02 1.143655646592378616e-02 3.382048336789011955e-03 8.429813198745250702e-03 1.922775246202945709e-02 1.017935667186975479e-02 3.567098826169967651e-02 1.089114323258399963e-02 3.136392310261726379e-02 1.673724502325057983e-03 1.470438390970230103e-02 4.633263219147920609e-03 3.074932610616087914e-03 2.506539784371852875e-02 2.412833832204341888e-02 4.015308618545532227e-02 2.408790402114391327e-03 2.225856855511665344e-02 3.792175650596618652e-02 3.767146915197372437e-02 1.291381102055311203e-02 2.048695646226406097e-02 3.468933328986167908e-02 2.056109951809048653e-03 5.429653683677315712e-04 1.910278014838695526e-02 3.582714591175317764e-03 3.320347890257835388e-02 3.725505247712135315e-02 4.907310381531715393e-02 3.281559795141220093e-02 1.703882473520934582e-03 1.261387020349502563e-02 1.035381201654672623e-02 3.508254513144493103e-02 2.562169916927814484e-02 4.545282199978828430e-02 3.538613207638263702e-03 1.914431899785995483e-02 2.775623649358749390e-02 1.424306165426969528e-02 1.361288782209157944e-02 3.063028864562511444e-02 7.208660244941711426e-02 8.099801838397979736e-03 2.137533389031887054e-03 2.192366402596235275e-03 1.260218583047389984e-02 1.754674315452575684e-02 1.369956135749816895e-02 5.106099694967269897e-02 4.231711477041244507e-02 3.804278373718261719e-02 2.473001368343830109e-02 1.162273436784744263e-02 2.360628172755241394e-02 3.417929634451866150e-02 4.399132158141583204e-04 1.066412311047315598e-02 5.096336361020803452e-03 2.048390917479991913e-03 9.741745889186859131e-03 2.031954750418663025e-02 3.778216615319252014e-02 3.827302530407905579e-02 6.031964221620000899e-05 2.998474426567554474e-02 4.474534839391708374e-02 3.642157837748527527e-02 6.770947575569152832e-02 1.482074242085218430e-02 2.546285465359687805e-02 3.112744912505149841e-02 4.673368483781814575e-02 5.587487015873193741e-03 9.426997974514961243e-03 1.186725310981273651e-02 3.395572677254676819e-02 1.841652765870094299e-02 2.177950460463762283e-03 1.250365842133760452e-02 1.874730363488197327e-02 1.288408041000366211e-02 1.856946200132369995e-02 5.219939351081848145e-02 4.046511650085449219e-02 3.617859259247779846e-02 2.028160728514194489e-02 4.059820249676704407e-02 1.250295620411634445e-02 3.285327181220054626e-02 2.149072708562016487e-03 1.800403185188770294e-02 2.070689573884010315e-02 4.298668727278709412e-02 7.132359780371189117e-03 3.500726073980331421e-02 6.316468585282564163e-03 2.735164016485214233e-02 1.885719038546085358e-02 3.827613964676856995e-02 4.728410392999649048e-03
2.544066123664379120e-02 4.210339486598968506e-02 2.901729941368103027e-02 4.617663845419883728e-02 5.295484513044357300e-02 9.067721664905548096e-02 2.618324756622314453e-02 3.912602551281452179e-03 3.967898339033126831e-02 3.370542824268341064e-02 3.622528165578842163e-02 4.836849868297576904e-01 1.996213383972644806e-02 2.654288411140441895e-01 3.479505330324172974e-02 2.989645116031169891e-02 2.371570095419883728e-02 4.874416813254356384e-02 5.300214886665344238e-02 1.611955650150775909e-02 3.808953985571861267e-02 5.362014286220073700e-03 6.753964722156524658e-02 5.645273253321647644e-02 2.753270976245403290e-02 1.496926601976156235e-02 4.576375335454940796e-02 8.996689319610595703e-02 3.356321901082992554e-02 9.570963680744171143e-02 1.831117086112499237e-02 5.933772772550582886e-03 6.816784385591745377e-03 1.313664298504590988e-02 8.140539750456809998e-03 2.217734977602958679e-02 5.149286612868309021e-02 3.970364853739738464e-02 8.212868124246597290e-03 1.145118102431297302e-02 5.067911464720964432e-03 2.400708384811878204e-03 2.418089658021926880e-02 2.136048115789890289e-02 9.640105813741683960e-02 1.475885882973670959e-02 1.911291480064392090e-02 9.111958206631243229e-04 3.077605739235877991e-02 4.709509015083312988e-02 1.531456224620342255e-02 2.497036010026931763e-02 2.468442358076572418e-02 1.316418591886758804e-02 2.583962166681885719e-03 3.579358384013175964e-02 1.369683071970939636e-02 1.620107702910900116e-02 1.638832502067089081e-02 1.722002588212490082e-02 4.316554218530654907e-02 5.895612761378288269e-02 2.910823095589876175e-03 2.763012656942009926e-03 2.698722481727600098e-02 3.056630666833370924e-04 2.925110235810279846e-02 1.603721524588763714e-03 2.765496261417865753e-02 5.302557721734046936e-03 3.469483926892280579e-02 1.838568039238452911e-02 3.855362161993980408e-02 3.808416193351149559e-03 3.693358972668647766e-02 3.933841735124588013e-02 2.208810485899448395e-02 4.624654725193977356e-02 5.035486072301864624e-02 5.599716212600469589e-03 1.105493400245904922e-02 2.880223095417022705e-02 7.757705450057983398e-02 3.688097745180130005e-02 2.541149593889713287e-02 1.834500394761562347e-02 1.231655827723443508e-03 4.993525519967079163e-02 5.937411333434283733e-04 8.457346819341182709e-03 1.300196629017591476e-02 4.095063358545303345e-02 1.410318072885274887e-02 2.015353739261627197e-02 1.766326278448104858e-02 1.333948783576488495e-02 9.036985225975513458e-03 1.845370046794414520e-02 2.688240632414817810e-02 1.071480102837085724e-03 1.291864924132823944e-02 3.152045235037803650e-02 3.148766234517097473e-02 1.657508872449398041e-02 2.178795635700225830e-02 3.089889138936996460e-02 3.241882100701332092e-02 2.794045582413673401e-02 4.061629995703697205e-02 3.821808099746704102e-02 3.216709196567535400e-02 1.626629941165447235e-02 2.043546177446842194e-02 2.643547952175140381e-02 9.392795152962207794e-03 3.907742444425821304e-03
1.149440631270408630e-01 1.840121299028396606e-01 9.324176236987113953e-03 2.029713988304138184e-02 3.755021467804908752e-02 4.429343680385500193e-04 1.376830637454986572e-01 3.334877267479896545e-02 4.934331402182579041e-03 5.593569949269294739e-03 2.467350214719772339e-01 1.996213383972644806e-02 4.818565547466278076e-01 2.157093212008476257e-02 9.866824001073837280e-02 4.218737781047821045e-02 1.873187720775604248e-02 3.664406482130289078e-03 1.539967115968465805e-02 6.773186381906270981e-03 2.607063762843608856e-02 3.585343062877655029e-02 4.033658653497695923e-02 1.467295084148645401e-02 2.880696393549442291e-02 4.427879303693771362e-02 9.128318168222904205e-03 1.008181925863027573e-02 1.482406165450811386e-02 8.444743230938911438e-03 5.338697694242000580e-03 1.477125380188226700e-02 3.480650112032890320e-02 4.624201357364654541e-02 1.117721293121576309e-02 1.019984669983386993e-02 2.240005880594253540e-02 4.824568703770637512e-02 1.496407575905323029e-02 9.742094203829765320e-03 3.431903896853327751e-03 3.393910825252532959e-02 8.101618848741054535e-03 2.037886902689933777e-02 1.535983756184577942e-02 1.391480583697557449e-02 3.772953525185585022e-02 6.079423055052757263e-02 4.324164241552352905e-02 2.292064204812049866e-02 4.517318308353424072e-02 5.746672861278057098e-03 3.498605638742446899e-02 2.407023683190345764e-02 4.200592264533042908e-02 2.461111173033714294e-02 1.924323732964694500e-03 4.319026693701744080e-02 1.699140062555670738e-03 1.010414306074380875e-02 8.341870270669460297e-03 9.257586672902107239e-03 7.395399268716573715e-03 1.448051072657108307e-02 2.761960215866565704e-02 4.341268911957740784e-02 1.322963275015354156e-02 1.287469733506441116e-02 1.183690410107374191e-02 1.602684892714023590e-02 3.989399224519729614e-02 2.076092176139354706e-02 2.412756159901618958e-02 1.183203328400850296e-02 2.504538511857390404e-03 4.304914176464080811e-02 3.036981262266635895e-02 2.318361774086952209e-02 2.897995896637439728e-02 1.626418530941009521e-02 3.441935032606124878e-02 3.560882806777954102e-02 1.494867354631423950e-02 5.538299307227134705e-02 2.731301821768283844e-02 3.560139983892440796e-02 1.947548612952232361e-02 3.192409640178084373e-03 2.614574693143367767e-02 2.940379083156585693e-02 4.446693882346153259e-02 4.639118537306785583e-02 1.303867064416408539e-02 4.564300179481506348e-02 3.620090661570429802e-03 3.956649079918861389e-02 1.913527725264430046e-03 4.577577579766511917e-03 4.215728491544723511e-02 2.961944788694381714e-02 2.752167917788028717e-02 3.743877634406089783e-02 3.566836193203926086e-02 1.060601603239774704e-02 1.761290058493614197e-02 2.072808146476745605e-02 1.861918135546147823e-03 1.229665707796812057e-02 2.123654820024967194e-02 7.554425392299890518e-03 2.083615772426128387e-02 1.928644441068172455e-02 1.754611171782016754e-02 3.462541848421096802e-02 2.517829276621341705e-02 8.866836433298885822e-04
