5.204967260360717773e-01 1.034711375832557678e-01 2.795812860131263733e-02 2.706404216587543488e-02 4.668845981359481812e-02 6.347172707319259644e-02 7.678269594907760620e-02 1.502850651741027832e-02 3.019684553146362305e-02 1.451300177723169327e-02 7.321903854608535767e-02 4.184302873909473419e-03 6.323499232530593872e-02 2.002271125093102455e-03 3.195756580680608749e-03 4.751527216285467148e-03 2.230450510978698730e-02 1.181247737258672714e-02 9.223612025380134583e-03 8.025334216654300690e-03 1.659315824508666992e-02 1.950381509959697723e-02 3.468993306159973145e-02 3.381680324673652649e-02 1.359443739056587219e-02 7.351705804467201233e-03 6.902473513036966324e-03 2.911019138991832733e-02 1.646117307245731354e-02 2.710774168372154236e-02 3.261228278279304504e-02 1.039601583033800125e-02 1.703178137540817261e-02 6.211612373590469360e-03 1.341627817600965500e-02 6.694583222270011902e-03 1.198211335577070713e-03 1.154994312673807144e-02 3.255014866590499878e-02 8.415759541094303131e-03 2.276948094367980957e-02 2.146751619875431061e-02 5.300028715282678604e-03 2.252451330423355103e-02 1.983097754418849945e-02 2.751540765166282654e-02 4.612586274743080139e-02 6.168951094150543213e-02 5.257338285446166992e-03 4.761032294481992722e-03 4.605386778712272644e-02 3.485214337706565857e-02 1.716122962534427643e-02 9.035746566951274872e-03 8.884149603545665741e-03 1.228615269064903259e-02 1.313992403447628021e-02 7.865770719945430756e-03 4.414684697985649109e-02 4.671100154519081116e-02 1.630216650664806366e-02 2.152955159544944763e-02 4.029882699251174927e-02 4.376322776079177856e-02 2.034454606473445892e-02 9.686255827546119690e-03 9.589754976332187653e-03 1.140128634870052338e-02 2.389592863619327545e-02 5.764732602983713150e-03 1.182397082448005676e-02 1.429735030978918076e-02 1.792702265083789825e-02 6.872052326798439026e-03 2.691137976944446564e-02 1.514507923275232315e-02 3.380052000284194946e-02 1.868053525686264038e-02 1.851701177656650543e-02 3.052382729947566986e-02 2.308832854032516479e-02 3.438936546444892883e-02 3.865989297628402710e-02 1.120666880160570145e-02 9.120859205722808838e-03 1.258289441466331482e-02 2.964003942906856537e-02 2.299531362950801849e-02 2.137910202145576477e-02 4.482821375131607056e-02 3.390989080071449280e-02 1.548232417553663254e-02 4.585901275277137756e-02 7.378666196018457413e-03 9.733134880661964417e-03 2.866257680580019951e-03 1.100833993405103683e-02 7.910909131169319153e-03 4.325356334447860718e-02 2.648135647177696228e-02 9.876824915409088135e-03 5.294755101203918457e-03 2.746744640171527863e-02 1.080461428500711918e-03 1.189324259757995605e-02 5.063172057271003723e-02 7.022714242339134216e-03 6.699338089674711227e-03 7.819706574082374573e-03 3.422657493501901627e-03 1.662060432136058807e-02 1.799688115715980530e-02 5.771622061729431152e-03 1.331798918545246124e-02 2.447542361915111542e-02 2.869468927383422852e-02
1.034711375832557678e-01 5.081794261932373047e-01 2.968299016356468201e-02 5.404283478856086731e-02 3.226104751229286194e-02 8.779130876064300537e-02 1.168323084712028503e-01 2.880266169086098671e-03 3.156517818570137024e-02 2.192822843790054321e-02 8.294490724802017212e-02 1.752951648086309433e-03 9.639312326908111572e-02 1.264918502420186996e-02 4.436380695551633835e-03 8.884032256901264191e-03 2.342619001865386963e-02 2.299362095072865486e-03 2.790143527090549469e-02 2.507253317162394524e-03 1.659725047647953033e-02 2.044684812426567078e-02 3.444761037826538086e-02 3.154631704092025757e-02 8.699913159944117069e-04 4.689231980592012405e-03 6.622581277042627335e-03 1.152706146240234375e-02 3.495438722893595695e-03 4.208091646432876587e-02 2.641933411359786987e-02 6.031543947756290436e-03 2.736217342317104340e-02 6.065138150006532669e-03 1.794847287237644196e-02 1.561980787664651871e-02 1.045667659491300583e-02 1.646967977285385132e-02 2.626122534275054932e-02 4.358462989330291748e-03 3.708668798208236694e-02 5.872641690075397491e-03 1.252840040251612663e-03 3.175330348312854767e-03 2.147314511239528656e-02 1.599246636033058167e-02 5.030565336346626282e-02 8.405899256467819214e-02 1.174209173768758774e-02 5.580263212323188782e-03 3.144877776503562927e-02 2.505952492356300354e-02 2.074790932238101959e-02 5.016441573388874531e-04 8.180084638297557831e-03 1.324409618973731995e-02 5.491915158927440643e-03 2.721452387049794197e-03 3.662726283073425293e-02 4.623513668775558472e-02 3.482598986010998487e-04 3.012916818261146545e-02 3.256361931562423706e-02 1.131457742303609848e-02 8.877985179424285889e-03 1.283921301364898682e-02 1.258429698646068573e-02 1.591675169765949249e-02 3.393056243658065796e-02 2.349502965807914734e-02 2.200205437839031219e-02 3.484894707798957825e-02 3.784159198403358459e-02 1.273706462234258652e-02 1.435671560466289520e-02 2.913597598671913147e-02 3.666878864169120789e-02 2.648094482719898224e-02 1.910692453384399414e-02 3.368955850601196289e-02 7.929133251309394836e-03 2.357817254960536957e-02 2.517801150679588318e-02 4.870598670095205307e-03 6.287743803113698959e-03 1.563404873013496399e-02 3.670735284686088562e-02 1.884700730443000793e-02 4.248495027422904968e-02 4.069216176867485046e-02 1.947555877268314362e-02 3.603128250688314438e-03 4.357545822858810425e-02 1.819867826998233795e-02 1.521495543420314789e-02 3.440591972321271896e-03 1.368719525635242462e-02 1.271995529532432556e-02 3.864421695470809937e-02 2.110754325985908508e-02 2.507917815819382668e-03 6.808309990447014570e-05 2.944164909422397614e-02 9.890178218483924866e-03 1.452106237411499023e-02 4.490969702601432800e-02 1.747664180584251881e-03 1.612998917698860168e-02 8.191147935576736927e-04 1.466996967792510986e-02 2.164928615093231201e-02 2.486639842391014099e-02 1.450310926884412766e-02 4.439528100192546844e-03 2.742686122655868530e-02 3.584410995244979858e-02
2.795812860131263733e-02 2.968299016356468201e-02 4.923088550567626953e-01 1.673322543501853943e-02 5.278777796775102615e-03 4.203955456614494324e-02 3.328415006399154663e-02 8.936081081628799438e-02 3.035288490355014801e-02 3.604275733232498169e-02 4.787211492657661438e-02 2.057852782309055328e-02 2.126152999699115753e-02 8.638815954327583313e-03 5.073756352066993713e-02 7.029987871646881104e-03 2.957228571176528931e-02 4.095031414180994034e-03 3.958246205002069473e-03 1.986905559897422791e-02 3.606375679373741150e-02 3.267359454184770584e-03 1.625118218362331390e-02 2.682776749134063721e-02 7.122474722564220428e-03 2.881663106381893158e-02 1.295020151883363724e-02 3.175662085413932800e-02 1.386234536767005920e-02 2.747270651161670685e-02 3.050834313035011292e-02 4.130038991570472717e-02 1.823480613529682159e-02 3.771793795749545097e-03 2.093364857137203217e-02 9.326145052909851074e-03 5.500761326402425766e-04 3.560871258378028870e-02 3.321829065680503845e-02 2.977115474641323090e-02 3.575289249420166016e-02 1.408776920288801193e-02 4.442271962761878967e-02 1.021129339933395386e-01 3.516204655170440674e-02 4.127364978194236755e-02 2.622164611238986254e-04 7.009069435298442841e-03 2.060631662607192993e-02 1.742537505924701691e-02 1.906423270702362061e-02 1.509114727377891541e-02 1.135549694299697876e-02 6.385095417499542236e-03 1.224446203559637070e-02 4.479581490159034729e-02 3.023207746446132660e-02 9.463595226407051086e-03 3.522252896800637245e-03 4.192366451025009155e-02 2.409475483000278473e-02 1.830533612519502640e-03 6.493456661701202393e-02 9.719990193843841553e-02 4.563091322779655457e-02 3.890848485752940178e-03 5.804688204079866409e-03 2.281236462295055389e-02 3.076016716659069061e-02 5.486391019076108932e-03 2.533240243792533875e-02 2.732296707108616829e-03 1.393009815365076065e-02 2.382047474384307861e-03 3.726409748196601868e-02 1.103136222809553146e-02 2.459012344479560852e-02 7.927924394607543945e-03 3.341183811426162720e-02 2.262423373758792877e-02 8.173024654388427734e-02 6.425135582685470581e-02 2.109378017485141754e-02 3.403044864535331726e-02 2.838422544300556183e-02 3.404778614640235901e-02 1.001994498074054718e-02 3.479972481727600098e-02 2.858385443687438965e-02 3.010397590696811676e-02 2.784819900989532471e-02 1.629619859158992767e-02 2.827793918550014496e-02 1.420839689671993256e-02 2.279241383075714111e-02 7.940857904031872749e-04 7.579239085316658020e-03 3.931596875190734863e-02 3.550237417221069336e-02 4.326605796813964844e-02 1.370559353381395340e-02 1.160218752920627594e-02 1.205856632441282272e-02 2.921859268099069595e-03 3.293133899569511414e-02 2.837849408388137817e-02 9.210035204887390137e-03 2.643969841301441193e-02 1.369427074678242207e-03 2.795949811115860939e-03 3.104192763566970825e-02 1.422656420618295670e-02 1.461812481284141541e-02 2.116931043565273285e-02 2.624748088419437408e-02 1.271062623709440231e-02
2.706404216587543488e-02 5.404283478856086731e-02 1.673322543501853943e-02 4.827948510646820068e-01 2.162164002656936646e-01 3.218578547239303589e-02 4.745451267808675766e-03 5.438865046016871929e-04 2.084677293896675110e-02 3.659712523221969604e-02 6.750717014074325562e-02 3.850768506526947021e-02 2.287371642887592316e-02 4.905704990960657597e-04 5.068144761025905609e-03 3.395882248878479004e-02 1.742694340646266937e-02 6.585853546857833862e-02 1.336235180497169495e-02 6.694720359519124031e-04 6.802838761359453201e-03 2.602147683501243591e-02 1.508714258670806885e-02 3.057021461427211761e-02 2.016270533204078674e-02 4.071123525500297546e-02 1.872025430202484131e-02 6.522334879264235497e-04 1.325362361967563629e-02 8.934593759477138519e-03 5.562701728194952011e-03 8.290135301649570465e-03 9.433443658053874969e-03 2.919187955558300018e-02 7.596267387270927429e-03 3.652467951178550720e-02 5.158436484634876251e-03 7.363177370280027390e-03 3.028826788067817688e-02 3.615526109933853149e-02 3.480761777609586716e-03 1.074108108878135681e-02 2.208832465112209320e-02 1.513548940420150757e-02 2.823168598115444183e-02 1.438159588724374771e-02 4.307778179645538330e-02 2.965704770758748055e-03 8.165611885488033295e-03 4.071999341249465942e-03 4.885029047727584839e-04 2.027401700615882874e-02 4.051015526056289673e-02 9.969674050807952881e-03 3.353529423475265503e-02 1.132009923458099365e-02 3.193098306655883789e-02 3.700315579771995544e-02 4.513904452323913574e-02 7.162534166127443314e-03 1.269657015800476074e-01 1.911158789880573750e-03 6.440164055675268173e-03 1.562975533306598663e-02 6.175774335861206055e-02 1.054807193577289581e-02 2.998725697398185730e-02 2.615841664373874664e-02 1.662774360738694668e-03 8.358063176274299622e-03 2.027559466660022736e-02 3.258816152811050415e-02 1.571463048458099365e-01 1.340025220997631550e-03 3.884092345833778381e-02 2.510802634060382843e-02 2.320433035492897034e-02 9.149523451924324036e-03 1.985911279916763306e-02 2.706032246351242065e-02 3.603475913405418396e-02 9.326360188424587250e-03 1.414419114589691162e-01 9.126557968556880951e-03 2.769822627305984497e-02 8.812082000076770782e-03 8.479553274810314178e-03 1.748454384505748749e-02 4.276873916387557983e-02 3.854642063379287720e-02 7.703316863626241684e-03 2.199554815888404846e-02 4.974256828427314758e-02 3.561770543456077576e-02 3.452201187610626221e-02 9.507996961474418640e-03 4.798794537782669067e-02 9.570344351232051849e-03 2.451932616531848907e-02 2.139848424121737480e-03 4.269516840577125549e-02 1.487083453685045242e-02 1.280428026802837849e-03 2.173258922994136810e-02 1.554925460368394852e-02 4.519679397344589233e-02 1.539173908531665802e-02 2.573657594621181488e-02 1.542929559946060181e-02 2.810752764344215393e-02 3.149032965302467346e-02 3.347003087401390076e-02 8.226350881159305573e-03 3.157077357172966003e-02 3.262012964114546776e-03 3.408673405647277832e-02
4.668845981359481812e-02 3.226104751229286194e-02 5.278777796775102615e-03 2.162164002656936646e-01 4.793745875358581543e-01 3.996139764785766602e-02 1.715853810310363770e-03 3.522704355418682098e-03 2.280307933688163757e-02 5.355847533792257309e-04 3.316682577133178711e-02 9.412601590156555176e-03 1.330580376088619232e-02 4.109684005379676819e-02 5.616092123091220856e-03 2.696511894464492798e-02 4.878570791333913803e-03 2.677913941442966461e-02 2.683523111045360565e-02 3.400540351867675781e-02 1.594839990139007568e-02 2.066599763929843903e-02 4.252312332391738892e-02 3.073756396770477295e-02 2.997007593512535095e-02 2.546783769503235817e-03 3.501590341329574585e-02 1.019729115068912506e-02 1.783991977572441101e-02 1.598326303064823151e-02 2.603811584413051605e-02 8.414568379521369934e-03 1.461655180901288986e-02 9.481019340455532074e-03 1.012395229190587997e-02 1.683689467608928680e-02 2.723504090681672096e-03 5.683355499058961868e-03 2.573199011385440826e-02 1.281355135142803192e-02 4.154003784060478210e-02 1.778184995055198669e-02 2.408918924629688263e-02 7.445364724844694138e-03 1.864183810539543629e-03 2.662075310945510864e-02 7.130365073680877686e-02 1.442038547247648239e-02 4.538787901401519775e-02 1.124467048794031143e-02 1.162927132099866867e-02 3.930566832423210144e-02 2.162724267691373825e-03 2.280643768608570099e-02 7.216906640678644180e-03 3.985796868801116943e-02 5.776041070930659771e-04 2.695487067103385925e-02 9.350732900202274323e-03 6.978702545166015625e-02 1.737773045897483826e-02 1.043486129492521286e-02 4.317201301455497742e-02 4.523223266005516052e-03 4.488957673311233521e-02 1.041188463568687439e-02 4.369261488318443298e-02 1.801957748830318451e-02 2.913990989327430725e-02 2.613289840519428253e-02 3.969907388091087341e-02 7.632504217326641083e-03 3.623120859265327454e-02 1.661024987697601318e-03 4.060868173837661743e-02 8.309854194521903992e-03 2.222380042076110840e-02 3.858848661184310913e-02 3.604125697165727615e-03 2.722008898854255676e-02 1.631748117506504059e-02 3.803439065814018250e-02 4.439972341060638428e-02 9.617298841476440430e-02 7.565492298454046249e-03 4.359401017427444458e-02 8.621768094599246979e-03 5.131711368449032307e-04 2.050273865461349487e-02 8.571578189730644226e-03 2.673848718404769897e-02 1.873732730746269226e-02 6.121319718658924103e-03 4.727229475975036621e-02 8.063982240855693817e-03 4.604254290461540222e-02 3.594472631812095642e-02 3.830504138022661209e-04 1.422711089253425598e-02 1.414805185049772263e-02 1.229053735733032227e-02 3.539100661873817444e-02 1.701207272708415985e-02 1.571297645568847656e-02 5.872873123735189438e-03 4.110646992921829224e-02 1.180227193981409073e-02 2.614453248679637909e-02 9.003665181808173656e-04 2.537857741117477417e-02 1.670862361788749695e-02 1.648612879216670990e-02 2.640002965927124023e-02 3.674449026584625244e-02 3.359700739383697510e-02 1.033838000148534775e-02
6.347172707319259644e-02 8.779130876064300537e-02 4.203955456614494324e-02 3.218578547239303589e-02 3.996139764785766602e-02 5.133085846900939941e-01 1.246869713068008423e-01 2.310323715209960938e-02 2.746526151895523071e-02 7.081435993313789368e-03 3.666993230581283569e-02 1.832808367908000946e-02 3.144450485706329346e-02 2.298920042812824249e-02 2.277300506830215454e-02 1.094002928584814072e-02 4.237565398216247559e-02 9.320468641817569733e-03 1.258116774260997772e-02 5.904192104935646057e-03 3.534699976444244385e-02 3.629204118624329567e-03 2.176327072083950043e-02 1.832428388297557831e-02 3.552771406248211861e-03 1.239828672260046005e-02 1.878279726952314377e-03 2.387325512245297432e-03 3.271703794598579407e-02 2.816667780280113220e-02 4.097241535782814026e-02 3.020542487502098083e-02 1.729245297610759735e-02 1.227880083024501801e-02 1.277860160917043686e-02 6.763091776520013809e-03 8.188674226403236389e-03 1.060824282467365265e-02 3.849525819532573223e-05 2.014460414648056030e-02 2.676912955939769745e-02 1.285125873982906342e-02 1.875232323072850704e-03 4.778730217367410660e-03 2.272704802453517914e-02 3.070674650371074677e-02 8.443701267242431641e-02 8.888718485832214355e-02 7.397652138024568558e-03 4.386383108794689178e-03 7.426401600241661072e-03 1.714991778135299683e-02 3.695983672514557838e-03 2.347952499985694885e-02 3.877716884016990662e-02 7.081172429025173187e-03 4.480586387217044830e-03 1.338356174528598785e-02 3.820931911468505859e-02 1.291661430150270462e-02 2.579626068472862244e-02 2.687553688883781433e-02 1.000952441245317459e-02 2.177396602928638458e-02 8.224682882428169250e-03 3.265758976340293884e-02 4.974869545549154282e-03 4.425865784287452698e-02 1.615933724679052830e-03 9.366058511659502983e-04 1.962635293602943420e-02 4.192185774445533752e-02 2.151183784008026123e-02 1.216010283678770065e-02 1.548479497432708740e-02 4.345465824007987976e-02 1.455380208790302277e-02 6.873363628983497620e-03 1.013032719492912292e-02 3.801393881440162659e-02 2.420653123408555984e-03 1.324899122118949890e-02 2.293005958199501038e-02 3.663586825132369995e-02 3.855152055621147156e-02 1.074895448982715607e-02 2.514796517789363861e-02 3.828535601496696472e-02 2.431249478831887245e-03 2.054373174905776978e-02 3.382125869393348694e-02 1.332926098257303238e-02 4.047586396336555481e-02 3.249779716134071350e-02 2.686482295393943787e-02 8.469323627650737762e-03 7.361738011240959167e-03 3.414045646786689758e-02 1.913038082420825958e-02 1.592437387444078922e-03 2.485340274870395660e-02 1.420453656464815140e-02 3.091464377939701080e-02 1.985783455893397331e-03 3.355114907026290894e-02 3.464302420616149902e-02 3.706414252519607544e-02 1.577623374760150909e-02 2.081980183720588684e-02 3.886100277304649353e-02 3.764539211988449097e-02 3.913728520274162292e-02 2.965264720842242241e-03 1.604406908154487610e-02 2.386596612632274628e-02 1.719007082283496857e-02
7.678269594907760620e-02 1.168323084712028503e-01 3.328415006399154663e-02 4.745451267808675766e-03 1.715853810310363770e-03 1.246869713068008423e-01 5.037885904312133789e-01 7.614545524120330811e-03 4.469102248549461365e-02 1.302717626094818115e-02 5.494735762476921082e-02 4.072825424373149872e-03 6.701463460922241211e-02 2.155975997447967529e-02 2.091755531728267670e-02 2.001497149467468262e-02 2.462825924158096313e-02 1.159508712589740753e-02 3.830981254577636719e-02 5.261359736323356628e-03 3.763902932405471802e-02 6.716001778841018677e-03 1.452602259814739227e-02 5.444216076284646988e-03 6.565370131283998489e-04 1.315727829933166504e-02 7.916493341326713562e-03 1.632126164622604847e-03 3.138297051191329956e-02 1.892374269664287567e-02 2.810456044971942902e-02 2.101630158722400665e-02 2.155495993793010712e-02 1.688510179519653320e-02 5.159753374755382538e-03 2.455709967762231827e-03 2.176135964691638947e-02 1.496266014873981476e-02 2.028795890510082245e-02 2.919475664384663105e-04 2.320691011846065521e-02 9.667079895734786987e-03 1.474668271839618683e-02 7.037884555757045746e-03 3.471724316477775574e-02 2.527402341365814209e-02 6.591606885194778442e-02 1.099533289670944214e-01 4.448442254215478897e-03 1.224156841635704041e-02 1.072370167821645737e-02 9.093652479350566864e-03 1.856601797044277191e-02 7.851982489228248596e-03 2.984164096415042877e-02 1.304203411564230919e-03 8.996601216495037079e-03 4.340695217251777649e-03 3.178516775369644165e-02 3.949835523962974548e-02 4.398002289235591888e-03 3.790166974067687988e-02 1.899558678269386292e-02 1.221678685396909714e-02 8.334762416779994965e-03 2.062117215245962143e-03 3.406594507396221161e-03 4.756709560751914978e-02 2.234837971627712250e-02 1.367247942835092545e-02 9.627374820411205292e-03 2.488419786095619202e-02 3.624686226248741150e-02 1.016229949891567230e-02 2.769969287328422070e-04 4.030039533972740173e-02 3.844925761222839355e-02 1.273962855339050293e-02 1.706890389323234558e-02 4.732210934162139893e-02 2.474691346287727356e-02 2.053122408688068390e-02 3.190694749355316162e-02 6.364748347550630569e-03 4.502780735492706299e-02 1.521140616387128830e-02 2.154859900474548340e-02 3.075763210654258728e-02 2.627308107912540436e-02 3.556564822793006897e-02 1.691567339003086090e-02 5.798034835606813431e-03 4.071201384067535400e-02 2.655382826924324036e-02 2.757473289966583252e-02 7.885443978011608124e-03 8.392008021473884583e-03 4.441397264599800110e-02 3.226377815008163452e-02 4.391990602016448975e-03 2.198610454797744751e-02 7.606527768075466156e-03 2.240875549614429474e-02 7.626165635883808136e-03 2.461632527410984039e-02 3.027318045496940613e-02 2.930336259305477142e-02 3.190823271870613098e-02 1.358792930841445923e-02 3.674093633890151978e-02 5.078378133475780487e-03 1.793200150132179260e-02 1.472034770995378494e-02 5.606414284557104111e-03 3.070023842155933380e-02 2.440138161182403564e-02
1.502850651741027832e-02 2.880266169086098671e-03 8.936081081628799438e-02 5.438865046016871929e-04 3.522704355418682098e-03 2.310323715209960938e-02 7.614545524120330811e-03 5.135717988014221191e-01 4.402197524905204773e-02 3.963866457343101501e-02 2.882933942601084709e-03 9.472138248383998871e-03 4.735283926129341125e-02 1.852157525718212128e-02 1.010107547044754028e-01 1.702234894037246704e-02 1.925330422818660736e-02 3.091168217360973358e-02 2.627374790608882904e-02 9.194837883114814758e-03 2.094224095344543457e-02 3.441878780722618103e-02 3.750678297365084291e-05 7.633875356987118721e-04 1.663169264793395996e-02 3.206317871809005737e-02 9.169653989374637604e-03 4.798484733328223228e-04 1.425338443368673325e-02 3.713484853506088257e-02 4.013675078749656677e-02 7.812618277966976166e-03 9.663179516792297363e-03 3.601575968787074089e-03 2.196227945387363434e-02 5.300324410200119019e-03 7.294600363820791245e-03 3.244009613990783691e-02 4.902910068631172180e-02 2.904900349676609039e-02 3.979742527008056641e-02 1.030098274350166321e-02 2.081557922065258026e-02 1.309454254806041718e-02 2.891650795936584473e-02 2.267423551529645920e-03 3.614456579089164734e-02 3.823537006974220276e-02 2.786871232092380524e-02 1.856996864080429077e-02 1.847695186734199524e-02 3.731375187635421753e-02 5.107511579990386963e-02 5.746218562126159668e-02 3.247254341840744019e-02 4.054180160164833069e-02 3.714732825756072998e-02 1.343023963272571564e-02 3.757246583700180054e-02 6.880918890237808228e-02 2.948135836049914360e-03 2.352727949619293213e-02 2.694590389728546143e-02 3.068655170500278473e-02 1.731551066040992737e-02 2.985659427940845490e-02 8.862328715622425079e-03 3.061315231025218964e-02 4.585159197449684143e-02 3.644027560949325562e-02 4.181091487407684326e-02 8.804361335933208466e-03 4.624437913298606873e-02 3.465634956955909729e-02 3.709955886006355286e-02 2.562261419370770454e-03 4.604709520936012268e-02 4.681657627224922180e-02 4.410445317625999451e-02 2.248851396143436432e-02 7.260512560606002808e-02 1.024137958884239197e-01 3.013400919735431671e-02 4.021409526467323303e-02 3.629124909639358521e-02 3.135694563388824463e-02 5.066939443349838257e-02 7.257111370563507080e-02 4.125627875328063965e-02 2.744685485959053040e-02 4.952734336256980896e-02 4.319858923554420471e-02 2.076349779963493347e-02 2.069043181836605072e-02 5.633181892335414886e-03 1.168638467788696289e-02 4.028236120939254761e-02 1.411752216517925262e-02 2.981952950358390808e-02 1.774791628122329712e-02 4.379423800855875015e-03 5.412294995039701462e-03 3.451254591345787048e-02 1.436656527221202850e-02 4.648869484663009644e-02 3.917644545435905457e-02 1.192643679678440094e-02 1.590203680098056793e-02 1.518542994745075703e-03 1.224763877689838409e-02 4.110891371965408325e-02 2.599802101030945778e-03 2.434366755187511444e-02 1.275227125734090805e-02 4.233348183333873749e-03 3.081575222313404083e-02
3.019684553146362305e-02 3.156517818570137024e-02 3.035288490355014801e-02 2.084677293896675110e-02 2.280307933688163757e-02 2.746526151895523071e-02 4.469102248549461365e-02 4.402197524905204773e-02 5.162480473518371582e-01 4.121322557330131531e-02 3.400691971182823181e-02 4.020297154784202576e-02 3.528906032443046570e-02 2.800830267369747162e-02 1.230795029550790787e-02 1.445047464221715927e-02 2.060793526470661163e-02 5.081351846456527710e-02 8.494724519550800323e-03 2.537865564227104187e-02 6.730366032570600510e-03 1.711681485176086426e-02 4.767065867781639099e-02 4.402882233262062073e-02 1.955786347389221191e-02 1.082966197282075882e-02 6.695802789181470871e-03 4.074911586940288544e-03 4.158927500247955322e-02 2.407022006809711456e-02 3.835343942046165466e-02 1.716461963951587677e-02 2.153321355581283569e-02 8.298352360725402832e-03 3.599586710333824158e-02 1.739392615854740143e-02 2.726784162223339081e-02 8.547155186533927917e-03 1.858252659440040588e-02 2.018108777701854706e-02 4.392148181796073914e-02 5.827162787318229675e-02 1.398487947881221771e-02 5.438316147774457932e-03 3.707588464021682739e-02 3.104555979371070862e-02 8.544453419744968414e-03 2.514816448092460632e-02 9.651263244450092316e-04 4.657246172428131104e-03 1.020862837322056293e-03 1.210016105324029922e-02 1.429437287151813507e-02 1.633220538496971130e-02 4.710156843066215515e-02 1.214068476110696793e-02 1.543110981583595276e-02 6.802908610552549362e-03 2.393389493227005005e-02 2.197114005684852600e-02 5.024903919547796249e-03 1.062135212123394012e-02 1.850792765617370605e-02 1.497156266123056412e-02 3.773803263902664185e-02 3.778810799121856689e-02 1.792326383292675018e-02 6.724433973431587219e-03 6.593321263790130615e-02 3.117474354803562164e-02 5.340296402573585510e-02 4.321531206369400024e-02 4.073746502399444580e-02 4.127638041973114014e-02 4.539814835879951715e-04 3.446468710899353027e-02 1.046147942543029785e-01 6.437672674655914307e-02 4.948908463120460510e-02 6.863679736852645874e-02 3.668040037155151367e-02 3.416711091995239258e-02 6.602348294109106064e-03 1.521608978509902954e-02 3.604507818818092346e-02 1.618079654872417450e-02 2.488016150891780853e-02 1.759737357497215271e-02 2.394625172019004822e-02 7.399133592844009399e-02 2.030540630221366882e-02 1.041656639426946640e-02 1.435225177556276321e-02 1.632629893720149994e-02 1.770013570785522461e-02 1.963091082870960236e-02 5.494399461895227432e-03 6.670122966170310974e-03 7.139152288436889648e-02 4.811692610383033752e-02 1.678666472434997559e-02 1.364299375563859940e-02 2.758039906620979309e-02 4.052456840872764587e-02 4.496943950653076172e-02 2.615903876721858978e-02 3.620925918221473694e-02 6.550565827637910843e-03 1.344571076333522797e-02 3.787419572472572327e-02 3.416476398706436157e-02 1.542189810425043106e-02 9.729809127748012543e-03 1.632217690348625183e-02 8.136000484228134155e-03 5.912317428737878799e-03
1.451300177723169327e-02 2.192822843790054321e-02 3.604275733232498169e-02 3.659712523221969604e-02 5.355847533792257309e-04 7.081435993313789368e-03 1.302717626094818115e-02 3.963866457343101501e-02 4.121322557330131531e-02 5.213900208473205566e-01 1.754611358046531677e-02 1.988523826003074646e-02 2.863262593746185303e-02 1.637497358024120331e-02 1.847087033092975616e-02 2.471507759764790535e-03 4.154487047344446182e-03 1.203121803700923920e-02 4.333679750561714172e-02 1.471020188182592392e-02 2.278330503031611443e-03 6.321672815829515457e-03 2.062562853097915649e-02 3.272696211934089661e-02 2.831382676959037781e-03 1.155040459707379341e-03 6.018017418682575226e-03 4.229718446731567383e-02 2.520668494980782270e-04 3.819645196199417114e-02 2.036356739699840546e-02 1.628756895661354065e-02 9.357957169413566589e-03 1.081443158909678459e-03 2.399210631847381592e-02 4.519559442996978760e-02 2.032482437789440155e-02 7.483785971999168396e-03 2.584022469818592072e-02 1.891629956662654877e-02 1.232741959393024445e-02 1.889223232865333557e-02 3.105532750487327576e-02 1.320315990597009659e-02 3.765420988202095032e-02 3.715294972062110901e-02 8.237540721893310547e-03 1.092122402042150497e-02 5.524526350200176239e-03 4.153203591704368591e-02 1.080635562539100647e-02 1.653034053742885590e-02 1.371265947818756104e-02 2.885929867625236511e-02 6.145591381937265396e-03 4.019805043935775757e-02 7.813530974090099335e-04 1.191360969096422195e-02 3.646576032042503357e-02 4.517117887735366821e-02 3.681651502847671509e-02 4.986351355910301208e-03 4.041726142168045044e-02 4.287602379918098450e-02 1.680724695324897766e-02 3.494685888290405273e-02 1.053380593657493591e-02 4.999881610274314880e-03 2.524890750646591187e-02 7.830860093235969543e-03 2.969259582459926605e-02 4.750306159257888794e-02 4.365973174571990967e-02 8.617115207016468048e-03 1.762373745441436768e-02 4.751111567020416260e-02 3.492980077862739563e-02 6.096800789237022400e-02 3.921625018119812012e-02 5.137055739760398865e-02 1.572873070836067200e-02 4.286517202854156494e-02 1.362371072173118591e-02 2.485113404691219330e-02 9.449903853237628937e-03 2.578809857368469238e-02 7.337868679314851761e-03 2.215032838284969330e-02 7.696248590946197510e-03 2.584084123373031616e-02 1.825420185923576355e-02 3.198708966374397278e-02 1.010696310549974442e-02 1.076382119208574295e-02 1.180074550211429596e-02 7.189739029854536057e-03 4.445048049092292786e-03 1.551358867436647415e-02 1.883663237094879150e-02 2.941808104515075684e-02 2.185618132352828979e-02 8.581180125474929810e-03 3.013387136161327362e-02 1.704150694422423840e-03 2.003395929932594299e-02 4.087364301085472107e-02 2.910793200135231018e-02 3.956275526434183121e-03 1.927869580686092377e-02 1.658752933144569397e-02 2.158999815583229065e-02 2.427118644118309021e-02 9.685746044851839542e-04 1.201336365193128586e-02 3.220656514167785645e-02 2.981745824217796326e-02
7.321903854608535767e-02 8.294490724802017212e-02 4.787211492657661438e-02 6.750717014074325562e-02 3.316682577133178711e-02 3.666993230581283569e-02 5.494735762476921082e-02 2.882933942601084709e-03 3.400691971182823181e-02 1.754611358046531677e-02 5.153409242630004883e-01 1.000808272510766983e-02 8.494091033935546875e-02 5.752614233642816544e-03 5.143673624843358994e-03 1.962396502494812012e-02 5.905647762119770050e-03 1.764317043125629425e-02 2.845120616257190704e-03 2.104699984192848206e-02 1.323699485510587692e-02 3.454114869236946106e-02 2.991193905472755432e-02 3.318140655755996704e-02 4.470346495509147644e-03 2.000129222869873047e-02 1.507772691547870636e-02 3.540142253041267395e-02 4.119953140616416931e-02 4.348192363977432251e-03 5.255327746272087097e-02 3.470204770565032959e-02 3.695798804983496666e-03 1.078028418123722076e-02 2.180860191583633423e-02 5.730035481974482536e-04 2.046272531151771545e-02 1.438795961439609528e-02 4.954354092478752136e-02 1.867055706679821014e-02 1.277360878884792328e-02 4.682489484548568726e-02 1.954635418951511383e-02 1.947279460728168488e-02 1.394924707710742950e-02 1.326041296124458313e-02 2.692448347806930542e-02 4.751254245638847351e-02 3.411064390093088150e-03 7.364660967141389847e-03 8.398938924074172974e-03 2.980143763124942780e-02 2.627055160701274872e-03 7.725566625595092773e-03 3.073683381080627441e-02 7.409475743770599365e-03 1.717123575508594513e-02 9.396879002451896667e-03 2.901178551837801933e-03 2.562175877392292023e-02 9.026627987623214722e-03 1.170888170599937439e-02 4.245056957006454468e-02 4.713666811585426331e-02 6.399709731340408325e-02 5.150214955210685730e-02 1.244920119643211365e-02 1.000135391950607300e-02 3.209977596998214722e-02 3.687401488423347473e-02 2.021254040300846100e-02 2.126357285305857658e-03 3.960183635354042053e-02 3.346560895442962646e-02 2.989194169640541077e-02 9.512951597571372986e-03 4.820054024457931519e-02 2.634635008871555328e-02 2.859121188521385193e-02 2.692199870944023132e-02 2.035528235137462616e-02 4.446076229214668274e-02 1.674561202526092529e-02 3.615078749135136604e-04 6.890124175697565079e-03 4.210124909877777100e-02 3.942214697599411011e-02 9.845541790127754211e-03 3.680970892310142517e-02 2.268596179783344269e-02 2.934185415506362915e-02 5.973508581519126892e-02 4.306944459676742554e-02 5.268539302051067352e-03 2.031159400939941406e-02 1.717243529856204987e-02 1.136859785765409470e-02 9.305693209171295166e-03 4.141211882233619690e-02 4.261708632111549377e-02 3.512402251362800598e-02 1.790727674961090088e-02 3.587855026125907898e-03 2.114299451932311058e-03 1.218494679778814316e-02 4.675401747226715088e-02 2.232285961508750916e-02 1.237998250871896744e-02 2.101652137935161591e-02 4.371233750134706497e-03 3.423315705731511116e-03 4.409347660839557648e-03 3.000253066420555115e-02 2.342275343835353851e-02 2.916420623660087585e-02 1.598786562681198120e-02
4.184302873909473419e-03 1.752951648086309433e-03 2.057852782309055328e-02 3.850768506526947021e-02 9.412601590156555176e-03 1.832808367908000946e-02 4.072825424373149872e-03 9.472138248383998871e-03 4.020297154784202576e-02 1.988523826003074646e-02 1.000808272510766983e-02 5.121240615844726562e-01 6.294532213360071182e-04 1.033038720488548279e-01 2.434345521032810211e-02 5.407265853136777878e-03 1.247329358011484146e-02 2.060344070196151733e-02 3.574407426640391350e-03 3.210097178816795349e-02 2.165936864912509918e-02 5.790065042674541473e-03 5.323643237352371216e-02 5.850401520729064941e-02 3.265658020973205566e-02 1.573545671999454498e-02 8.569607511162757874e-03 7.240360230207443237e-02 3.861018270254135132e-02 5.644665285944938660e-02 2.089596912264823914e-02 2.981554716825485229e-02 5.748530384153127670e-03 1.251501031219959259e-02 1.467862981371581554e-03 1.058189664036035538e-02 3.975774347782135010e-02 4.942781757563352585e-03 1.740998472087085247e-03 7.537086028605699539e-03 1.816841587424278259e-02 1.944100111722946167e-02 7.326239719986915588e-03 3.217870369553565979e-02 2.350580878555774689e-02 2.204028144478797913e-02 2.218920970335602760e-03 1.570941880345344543e-02 2.841150015592575073e-02 1.479342021048069000e-02 2.479967474937438965e-02 3.026378713548183441e-02 1.608899980783462524e-02 6.099442485719919205e-03 3.236343339085578918e-02 3.172872215509414673e-02 2.000414393842220306e-02 2.851398289203643799e-02 1.058678422123193741e-02 2.301534824073314667e-02 2.005462534725666046e-03 2.355682663619518280e-02 4.397856537252664566e-03 3.787232562899589539e-02 2.763780020177364349e-02 3.489991277456283569e-02 2.942159213125705719e-02 1.067801751196384430e-02 3.419536724686622620e-02 2.979038842022418976e-02 4.201481491327285767e-02 1.344626024365425110e-02 2.982768416404724121e-02 2.898528799414634705e-02 6.353290751576423645e-03 2.901146933436393738e-02 3.891868144273757935e-02 4.614046588540077209e-02 3.909663297235965729e-03 1.504389289766550064e-02 9.806222515180706978e-04 2.607431076467037201e-02 2.238529920578002930e-02 8.493199944496154785e-03 2.730403840541839600e-02 5.508423782885074615e-03 1.721634715795516968e-02 1.442720415070652962e-03 2.357489615678787231e-02 5.036717653274536133e-02 1.524248067289590836e-02 3.224131464958190918e-02 4.245992749929428101e-02 2.144918590784072876e-02 1.444367971271276474e-02 1.701373793184757233e-02 4.718719981610774994e-03 3.131096437573432922e-02 2.326178364455699921e-02 2.860133163630962372e-02 1.622401550412178040e-02 2.515725791454315186e-02 3.290891647338867188e-02 1.526544615626335144e-02 9.998021414503455162e-04 1.950015779584646225e-03 3.522987663745880127e-02 1.451657805591821671e-02 3.036699816584587097e-02 4.329036921262741089e-02 7.757831364870071411e-03 4.571940749883651733e-02 1.368680932500865310e-05 8.489091880619525909e-03 1.586921326816082001e-02 6.992741022258996964e-03
6.323499232530593872e-02 9.639312326908111572e-02 2.126152999699115753e-02 2.287371642887592316e-02 1.330580376088619232e-02 3.144450485706329346e-02 6.701463460922241211e-02 4.735283926129341125e-02 3.528906032443046570e-02 2.863262593746185303e-02 8.494091033935546875e-02 6.294532213360071182e-04 5.076596736907958984e-01 9.193882346153259277e-03 5.262120440602302551e-02 2.387828007340431213e-02 2.082405425608158112e-02 6.976753938943147659e-03 3.267325833439826965e-02 3.633168525993824005e-04 3.587363660335540771e-02 5.527449399232864380e-02 2.331005036830902100e-02 2.687240578234195709e-02 1.668076845817267895e-03 2.363983727991580963e-02 3.376862034201622009e-03 1.427198853343725204e-02 2.460404299199581146e-02 3.010723181068897247e-02 5.777483060956001282e-02 7.297286763787269592e-03 9.540584869682788849e-03 7.449428085237741470e-03 1.376612298190593719e-02 7.930048741400241852e-03 7.261841092258691788e-03 1.752983545884490013e-03 2.880026958882808685e-02 1.597982086241245270e-02 3.543809521943330765e-03 1.465355325490236282e-02 4.814464133232831955e-03 3.254930302500724792e-02 4.854628816246986389e-03 1.914725452661514282e-02 5.267910659313201904e-03 4.993524029850959778e-02 2.739562420174479485e-03 1.212287507951259613e-02 4.388595744967460632e-02 2.127210795879364014e-02 1.023046951740980148e-02 3.437788411974906921e-02 3.219241276383399963e-02 3.741072956472635269e-03 1.423430396243929863e-03 8.778510615229606628e-03 2.366512268781661987e-02 1.206974871456623077e-02 3.596305847167968750e-02 4.655441269278526306e-03 1.848215609788894653e-02 5.148699134588241577e-02 1.526388712227344513e-02 6.337986141443252563e-02 9.268217720091342926e-03 3.628209978342056274e-02 4.437913745641708374e-02 2.076003514230251312e-02 5.030157417058944702e-02 5.555089935660362244e-02 5.202093627303838730e-03 3.767226124182343483e-03 2.524788491427898407e-03 2.761890925467014313e-02 3.903802856802940369e-02 4.125999659299850464e-02 3.242032974958419800e-02 1.522328983992338181e-02 3.985762223601341248e-02 4.533462226390838623e-03 3.888512402772903442e-02 4.173562675714492798e-02 3.113563731312751770e-02 4.594453051686286926e-02 6.240562535822391510e-03 3.415295481681823730e-02 2.931598201394081116e-02 3.904144465923309326e-02 5.873019341379404068e-03 9.022941812872886658e-03 9.368644095957279205e-03 1.723682694137096405e-02 1.150680426508188248e-02 3.009154088795185089e-02 2.599312923848628998e-02 5.548072047531604767e-03 3.609718009829521179e-02 2.053407579660415649e-02 6.552427541464567184e-03 8.501795120537281036e-03 3.715956583619117737e-02 1.574790291488170624e-02 3.211739286780357361e-02 8.609442971646785736e-03 3.125260025262832642e-02 1.209274772554636002e-02 1.286738319322466850e-03 5.104868207126855850e-03 1.613368280231952667e-02 1.528223231434822083e-02 6.108494475483894348e-03 4.509396851062774658e-03 9.770488832145929337e-04 2.129347063601016998e-02
