5.001008510589599609e-01 9.080763161182403564e-02 3.900549933314323425e-02 2.082252502441406250e-02 2.867437712848186493e-02 6.843404471874237061e-02 4.891673475503921509e-02 3.996540978550910950e-02 6.858504377305507660e-03 6.661311490461230278e-04 8.837466686964035034e-02 1.657933741807937622e-02 7.385448366403579712e-02 1.537268981337547302e-02 1.701863110065460205e-02 4.022077098488807678e-02 3.989158570766448975e-02 4.022992402315139771e-02 4.355058819055557251e-02 8.576259016990661621e-03 2.193800359964370728e-02 3.554819151759147644e-02 3.431090712547302246e-02 2.169226109981536865e-02 2.133393101394176483e-02 4.005230590701103210e-02 6.597030442208051682e-03 1.936691813170909882e-02 3.045739419758319855e-02 2.229493111371994019e-03 3.712868690490722656e-02 1.043224241584539413e-02 2.458667941391468048e-02 1.947273872792720795e-02 4.029941186308860779e-02 1.490342151373624802e-02 7.154687307775020599e-03 2.781606512144207954e-03 2.950697951018810272e-02 9.801826439797878265e-03 3.458838211372494698e-03 1.318647060543298721e-02 9.009722853079438210e-04 3.465407714247703552e-02 2.033583447337150574e-02 1.598998554982244968e-03 2.518685162067413330e-02 2.638939209282398224e-02 3.603012999519705772e-03 5.153102427721023560e-02 1.559435576200485229e-02 7.008902262896299362e-03 1.310341246426105499e-02 2.531315898522734642e-03 4.057097248733043671e-03 4.721305519342422485e-02 4.596525104716420174e-04 3.838662058115005493e-02 1.624514814466238022e-03 1.312521006911993027e-02 5.368501413613557816e-03 3.000479191541671753e-02 1.408744230866432190e-02 5.048595741391181946e-02 1.680076122283935547e-02 4.066689312458038330e-02 1.917412132024765015e-02 1.693351939320564270e-02 3.296523541212081909e-02 3.909255191683769226e-02 3.714108094573020935e-02 2.739937510341405869e-03 4.596266895532608032e-03 4.531985893845558167e-02 8.520252304151654243e-04 1.212142594158649445e-02 1.279879827052354813e-03 2.600350789725780487e-02 1.105691678822040558e-02 1.772030256688594818e-02 3.480904921889305115e-02 1.772908493876457214e-02 4.202624782919883728e-02 1.242256630212068558e-02 2.292068116366863251e-02 1.731565035879611969e-02 1.271297968924045563e-02 3.057654574513435364e-02 3.430277854204177856e-02 8.198305964469909668e-03 2.235642634332180023e-02 8.546045050024986267e-03 5.116198211908340454e-02 3.070271341130137444e-03 4.967656917870044708e-03 1.698932796716690063e-02 3.648301586508750916e-02 4.897604510188102722e-02 6.907781120389699936e-03 5.349653773009777069e-03 1.296802191063761711e-03 1.444324851036071777e-02 3.727251663804054260e-02 5.198422446846961975e-02 3.662087395787239075e-02 4.242524504661560059e-02 1.303337793797254562e-02 1.933464966714382172e-02 2.405213937163352966e-02 3.170167654752731323e-02 5.201258510351181030e-02 1.526463963091373444e-02 7.325209211558103561e-03 8.321799337863922119e-03 6.989665329456329346e-03 2.610270678997039795e-02
9.080763161182403564e-02 4.952595233917236328e-01 2.975859679281711578e-03 2.173964679241180420e-02 3.580133616924285889e-02 6.052450090646743774e-02 8.719806373119354248e-02 8.019640110433101654e-03 1.549068558961153030e-02 1.074315328150987625e-02 4.620680958032608032e-02 1.245328690856695175e-02 8.394241333007812500e-02 6.228470709174871445e-03 2.949305996298789978e-02 5.037143826484680176e-02 5.801451392471790314e-03 3.460537875071167946e-03 1.983758248388767242e-02 1.609728438779711723e-03 2.470553107559680939e-02 3.621997684240341187e-02 3.617005050182342529e-02 3.213503211736679077e-02 1.859434321522712708e-02 2.969598770141601562e-02 2.984618302434682846e-03 9.631494060158729553e-03 2.755701541900634766e-02 1.290437765419483185e-03 2.392956987023353577e-02 4.585671704262495041e-03 3.733240533620119095e-03 4.651344940066337585e-02 2.955562993884086609e-02 2.412462607026100159e-02 1.486405381001532078e-03 3.137146309018135071e-02 3.635459113866090775e-03 2.720709517598152161e-02 1.493719406425952911e-02 4.131024330854415894e-02 1.375495269894599915e-02 4.615398123860359192e-02 3.470731154084205627e-02 3.003942780196666718e-02 6.865887437015771866e-03 1.694401167333126068e-02 2.464370429515838623e-02 5.135306715965270996e-02 3.017233498394489288e-02 3.267443925142288208e-02 2.489121258258819580e-02 2.507782541215419769e-02 1.855991594493389130e-02 2.794454060494899750e-02 4.410750418901443481e-02 1.770623400807380676e-02 1.956710591912269592e-02 3.535431623458862305e-02 3.775696083903312683e-02 3.863242641091346741e-02 1.667600683867931366e-02 1.867228187620639801e-02 1.474319864064455032e-02 3.331471607089042664e-02 1.860760897397994995e-02 1.344644837081432343e-02 3.996877744793891907e-02 2.130359970033168793e-02 4.075529426336288452e-02 3.870777785778045654e-02 1.320973690599203110e-02 3.361641243100166321e-02 5.654376000165939331e-03 2.515963837504386902e-02 3.858695551753044128e-02 1.966741122305393219e-02 1.654370129108428955e-02 2.609243430197238922e-02 2.433479949831962585e-02 2.855523675680160522e-02 9.923054836690425873e-03 2.862013503909111023e-02 2.941279485821723938e-02 7.725642528384923935e-03 1.342744450084865093e-03 1.141385827213525772e-02 4.332944750785827637e-02 1.730052381753921509e-02 6.020932644605636597e-02 4.544951952993869781e-03 4.118422791361808777e-02 8.133057504892349243e-03 2.677381224930286407e-02 3.640881553292274475e-02 5.141397938132286072e-02 5.354946106672286987e-02 2.640991657972335815e-02 7.944592507556080818e-04 2.141436561942100525e-03 1.112896297127008438e-02 3.108105994760990143e-02 1.347082015126943588e-02 4.001759365200996399e-02 4.523979127407073975e-02 2.074020542204380035e-02 5.029606074094772339e-02 8.855895139276981354e-03 4.791450127959251404e-02 4.338619858026504517e-02 4.473577719181776047e-03 2.401298843324184418e-02 3.971648216247558594e-02 1.023993641138076782e-02 4.066978022456169128e-02
3.900549933314323425e-02 2.975859679281711578e-03 4.677166640758514404e-01 1.773537322878837585e-02 2.571722492575645447e-02 3.135163336992263794e-02 1.520195230841636658e-02 1.309446245431900024e-01 2.831405028700828552e-02 5.241500330157577991e-04 1.931709470227360725e-03 2.646533213555812836e-02 2.839658781886100769e-02 7.662452757358551025e-03 5.269760638475418091e-02 7.672256324440240860e-03 1.802079379558563232e-02 2.987634763121604919e-02 2.862486289814114571e-03 8.383083622902631760e-04 3.475361689925193787e-02 8.257145993411540985e-03 4.099454358220100403e-02 1.343308947980403900e-02 1.707388088107109070e-02 3.874794393777847290e-02 2.744615264236927032e-02 2.520506829023361206e-02 1.913573965430259705e-02 1.928728632628917694e-02 9.667096287012100220e-02 2.293002419173717499e-02 3.569901362061500549e-02 8.769243024289608002e-03 5.979001056402921677e-03 2.887298539280891418e-02 1.887570507824420929e-02 2.273701317608356476e-02 3.074736520648002625e-02 3.695017471909523010e-02 2.320556715130805969e-02 3.477242216467857361e-02 2.727838233113288879e-02 6.144153885543346405e-03 2.138833329081535339e-02 1.298983697779476643e-03 4.028416052460670471e-02 4.533438943326473236e-03 5.349775310605764389e-03 4.456860572099685669e-02 2.674801275134086609e-03 1.664717122912406921e-02 6.896708626300096512e-03 1.667500287294387817e-02 5.972898565232753754e-03 2.775019779801368713e-02 2.253748476505279541e-03 3.380502574145793915e-03 3.761586733162403107e-03 1.831746846437454224e-02 6.412508431822061539e-03 3.533188253641128540e-02 4.753154143691062927e-02 3.609134815633296967e-03 5.729394964873790741e-03 2.046932838857173920e-02 8.256356231868267059e-03 1.274897903203964233e-02 1.515847165137529373e-02 1.572140306234359741e-02 4.367566667497158051e-03 3.290809318423271179e-02 3.906114399433135986e-02 3.142712637782096863e-02 2.035869844257831573e-02 3.881904762238264084e-03 2.184702828526496887e-02 1.698305457830429077e-02 3.114852122962474823e-02 1.783565990626811981e-02 1.485831290483474731e-01 1.208976805210113525e-01 3.695011883974075317e-02 1.033465564250946045e-02 3.027124516665935516e-02 3.604843094944953918e-02 4.049179330468177795e-02 3.413902595639228821e-02 3.805815801024436951e-02 1.496270671486854553e-02 2.160264551639556885e-02 2.626609615981578827e-02 1.497145928442478180e-02 2.619833685457706451e-02 2.701523900032043457e-02 3.304998204112052917e-02 5.804225336760282516e-03 4.929395765066146851e-02 6.246351171284914017e-03 4.533660411834716797e-02 1.430320180952548981e-02 4.540067748166620731e-04 2.241727337241172791e-02 2.097132243216037750e-02 4.033005982637405396e-02 3.151506534777581692e-04 4.514262254815548658e-04 5.037503689527511597e-02 7.222826126962900162e-03 2.527907723560929298e-03 2.067409269511699677e-02 3.287493949756026268e-03 3.339938074350357056e-02 2.797378227114677429e-03 6.195709574967622757e-04 4.163299873471260071e-02
2.082252502441406250e-02 2.173964679241180420e-02 1.773537322878837585e-02 4.990821480751037598e-01 1.048547700047492981e-01 2.953421510756015778e-02 5.993179511278867722e-03 3.695691004395484924e-02 2.460993081331253052e-02 5.528990924358367920e-02 2.909426577389240265e-02 3.169945627450942993e-02 1.571656391024589539e-02 4.376842081546783447e-02 1.364694442600011826e-02 2.821275405585765839e-02 5.683720484375953674e-02 2.040497586131095886e-02 3.431811928749084473e-02 4.365677013993263245e-02 4.129077866673469543e-02 1.839529722929000854e-02 2.893717959523200989e-02 4.051065072417259216e-02 1.699030213057994843e-02 3.545740991830825806e-02 2.092239074409008026e-02 4.830369725823402405e-02 4.473228752613067627e-02 2.992874383926391602e-02 1.827475428581237793e-02 1.886220835149288177e-02 2.842165715992450714e-02 3.850856423377990723e-02 5.126949772238731384e-02 2.010611817240715027e-02 4.020609334111213684e-02 2.620287705212831497e-03 2.569528110325336456e-02 4.839224368333816528e-02 3.022591210901737213e-02 1.544302701950073242e-02 2.292574942111968994e-02 2.703400887548923492e-02 4.788287729024887085e-02 3.450274700298905373e-03 3.669027704745531082e-03 6.298147141933441162e-02 4.404884576797485352e-02 1.635621674358844757e-02 2.641704492270946503e-02 2.847557887434959412e-02 2.057967893779277802e-02 4.041576012969017029e-02 5.648555606603622437e-02 5.540918093174695969e-03 6.153660267591476440e-02 3.096231445670127869e-02 5.424618348479270935e-02 5.301276966929435730e-02 3.000293113291263580e-02 2.062513865530490875e-02 1.828484237194061279e-02 1.643511280417442322e-02 1.336930505931377411e-02 4.618411511182785034e-02 3.752050455659627914e-03 2.106503769755363464e-02 5.313711985945701599e-02 1.547052175737917423e-03 6.479825824499130249e-02 3.825198858976364136e-02 6.656395643949508667e-02 1.136011350899934769e-02 4.335103183984756470e-02 4.135848209261894226e-02 5.037260428071022034e-02 1.046819146722555161e-02 1.458987011574208736e-03 3.132575005292892456e-02 3.677380830049514771e-02 2.680132165551185608e-02 3.437429666519165039e-02 2.684215083718299866e-02 2.998327650129795074e-02 1.427074335515499115e-02 4.209484159946441650e-02 1.342112012207508087e-02 3.562362864613533020e-02 3.283160924911499023e-02 5.672006867825984955e-03 3.240952640771865845e-02 7.382362149655818939e-03 2.299771085381507874e-02 1.827334612607955933e-02 3.992196917533874512e-02 1.235112082213163376e-02 5.732728634029626846e-03 3.877376392483711243e-02 3.305317461490631104e-02 3.168238699436187744e-02 1.570061221718788147e-02 5.191109701991081238e-02 2.256534248590469360e-02 8.289780467748641968e-03 8.189631626009941101e-03 7.333991234190762043e-04 9.261541068553924561e-03 8.096618577837944031e-03 4.557439684867858887e-02 1.948480121791362762e-02 3.829246386885643005e-02 7.758142892271280289e-03 1.265553757548332214e-02 2.973833680152893066e-02 5.507275462150573730e-02
2.867437712848186493e-02 3.580133616924285889e-02 2.571722492575645447e-02 1.048547700047492981e-01 4.847298264503479004e-01 2.758958749473094940e-02 2.763895876705646515e-02 4.326001182198524475e-02 1.454146346077322960e-03 4.624329879879951477e-02 6.437252741307020187e-03 4.575551673769950867e-02 4.445097595453262329e-02 2.654868178069591522e-02 1.405593822710216045e-03 3.059346415102481842e-02 3.490442410111427307e-02 4.374864324927330017e-02 2.190304733812808990e-02 3.101746737957000732e-02 3.257960453629493713e-02 5.501599516719579697e-03 3.836994990706443787e-03 4.194060340523719788e-03 1.564998365938663483e-02 5.182815715670585632e-03 3.657124936580657959e-02 2.644612640142440796e-02 9.937743656337261200e-03 2.625773660838603973e-02 4.774557054042816162e-02 5.188167840242385864e-02 1.771399378776550293e-02 2.988681942224502563e-02 2.189904265105724335e-02 3.806781396269798279e-02 4.531596601009368896e-02 2.987769991159439087e-02 4.778506606817245483e-02 4.392731562256813049e-02 3.565340116620063782e-02 4.173237085342407227e-02 6.231580395251512527e-03 4.154011607170104980e-02 9.238621219992637634e-03 3.401595726609230042e-02 3.840981051325798035e-02 2.220932953059673309e-02 1.045226212590932846e-02 1.769067533314228058e-02 3.626498207449913025e-02 1.427595224231481552e-02 1.179360225796699524e-02 3.992816433310508728e-02 8.186562918126583099e-03 4.405882954597473145e-02 6.288576126098632812e-02 4.274535924196243286e-03 4.692616313695907593e-02 4.606276378035545349e-02 4.229371622204780579e-02 3.542805463075637817e-02 8.032897114753723145e-02 5.798717588186264038e-02 1.345264818519353867e-02 1.370812300592660904e-02 4.077379126101732254e-03 1.482460927218198776e-02 7.398639619350433350e-02 2.177969738841056824e-02 6.493712961673736572e-02 5.249870941042900085e-02 6.389268487691879272e-02 2.912298310548067093e-03 7.048802077770233154e-02 4.054244607686996460e-02 2.486965619027614594e-02 4.335816577076911926e-02 2.367520704865455627e-02 1.971397176384925842e-02 1.160484086722135544e-02 1.903838850557804108e-02 2.756958454847335815e-02 3.950162231922149658e-02 4.779995605349540710e-02 1.148367207497358322e-02 2.166392840445041656e-02 2.752903103828430176e-02 3.493627905845642090e-02 3.050888516008853912e-02 1.791997626423835754e-02 1.706679165363311768e-02 2.121036406606435776e-03 1.423349976539611816e-02 2.661949768662452698e-02 3.888223692774772644e-02 1.735769957304000854e-02 1.421067677438259125e-02 1.190845202654600143e-02 4.117474891245365143e-03 2.631798200309276581e-02 2.341761440038681030e-02 5.112639442086219788e-02 4.277292266488075256e-02 4.802682995796203613e-02 1.009770110249519348e-02 1.760313473641872406e-02 2.278326451778411865e-02 3.569224791135638952e-04 4.449639096856117249e-02 2.039945870637893677e-02 4.531241487711668015e-03 4.600452631711959839e-02 6.425943225622177124e-02 1.950711756944656372e-02 1.824072748422622681e-02
6.843404471874237061e-02 6.052450090646743774e-02 3.135163336992263794e-02 2.953421510756015778e-02 2.758958749473094940e-02 4.963452517986297607e-01 9.709587693214416504e-02 4.857296124100685120e-02 5.261208396404981613e-03 4.303000494837760925e-02 7.445752620697021484e-02 2.181337587535381317e-02 6.043314561247825623e-02 2.909541875123977661e-02 1.638958044350147247e-02 5.214008688926696777e-02 4.705822095274925232e-03 3.216624259948730469e-02 9.350064210593700409e-03 2.524102292954921722e-02 4.638216644525527954e-02 4.085358232259750366e-03 1.860966905951499939e-03 3.832121845334768295e-03 6.089101545512676239e-03 2.107142843306064606e-02 2.290270663797855377e-02 5.049695447087287903e-02 3.574563562870025635e-02 2.162816189229488373e-02 3.501223772764205933e-02 1.144423335790634155e-02 2.050487883388996124e-02 4.381521791219711304e-02 6.845841556787490845e-02 1.001409161835908890e-02 1.994551159441471100e-02 1.463362481445074081e-02 1.268883422017097473e-02 4.723685979843139648e-02 6.725043058395385742e-03 2.930318005383014679e-02 1.213449146598577499e-02 5.058423429727554321e-02 2.039612084627151489e-02 2.266370458528399467e-03 1.131952926516532898e-01 9.840570390224456787e-03 2.157199755311012268e-02 4.744407162070274353e-02 5.360871553421020508e-03 3.305328637361526489e-02 1.268240273930132389e-03 6.612881552428007126e-03 2.910990640521049500e-02 5.180497094988822937e-02 3.860962390899658203e-02 4.103689640760421753e-02 3.498119115829467773e-02 3.776122629642486572e-02 3.177764639258384705e-02 2.043913863599300385e-02 3.240579040721058846e-03 3.200424090027809143e-02 5.144487135112285614e-03 1.223237253725528717e-02 3.051118925213813782e-03 7.647393271327018738e-03 4.571055993437767029e-02 1.037692371755838394e-02 4.918609932065010071e-02 3.695349395275115967e-02 1.378688868135213852e-02 1.908307708799839020e-02 4.988455399870872498e-02 8.344531059265136719e-03 4.861653316766023636e-03 5.749514698982238770e-02 1.808270928449928761e-03 2.690904401242733002e-02 3.749146312475204468e-02 2.128592319786548615e-02 3.172170370817184448e-02 3.760249167680740356e-02 5.254612304270267487e-03 1.650732010602951050e-02 3.842842206358909607e-02 2.098904363811016083e-02 1.582807302474975586e-02 2.307306230068206787e-02 1.211164798587560654e-02 1.901735551655292511e-02 1.981299556791782379e-02 2.579657360911369324e-02 2.678817883133888245e-02 1.721544936299324036e-02 1.609885506331920624e-02 3.727115690708160400e-02 1.096228417009115219e-02 6.252576131373643875e-04 2.502445131540298462e-03 3.319859504699707031e-03 4.562998935580253601e-02 4.098777100443840027e-02 1.406933460384607315e-02 9.033543057739734650e-03 2.794417319819331169e-03 1.876056008040904999e-02 2.883446216583251953e-02 3.692777827382087708e-02 1.759709976613521576e-02 9.984235279262065887e-03 1.518433634191751480e-02 3.089736029505729675e-02 9.149020537734031677e-03 1.620257087051868439e-02
4.891673475503921509e-02 8.719806373119354248e-02 1.520195230841636658e-02 5.993179511278867722e-03 2.763895876705646515e-02 9.709587693214416504e-02 4.916330873966217041e-01 2.410590089857578278e-02 2.385955862700939178e-02 1.660504261963069439e-03 2.092797495424747467e-02 8.427520282566547394e-03 5.640941113233566284e-02 2.485936740413308144e-03 2.137808315455913544e-02 1.479545421898365021e-02 2.537669427692890167e-02 1.254072878509759903e-02 1.569685898721218109e-02 3.614876046776771545e-02 2.640552818775177002e-02 1.821701414883136749e-02 2.038526721298694611e-02 1.156424451619386673e-02 2.405613660812377930e-02 1.645713858306407928e-02 2.884718589484691620e-02 2.254357375204563141e-02 7.123272400349378586e-03 1.764557557180523872e-03 1.240227720700204372e-03 6.987535394728183746e-03 4.213899374008178711e-02 5.527623742818832397e-02 4.446489363908767700e-02 8.238127455115318298e-03 1.199287269264459610e-02 2.715228311717510223e-02 4.083380848169326782e-02 2.310427138581871986e-03 1.356380619108676910e-02 5.946853011846542358e-02 2.511707879602909088e-02 4.645947739481925964e-02 7.513492368161678314e-03 3.117516450583934784e-02 8.835295587778091431e-02 4.287119582295417786e-02 3.988728299736976624e-02 8.865715004503726959e-03 6.362576037645339966e-03 1.416790531948208809e-03 4.468346387147903442e-02 4.830165952444076538e-02 1.881230995059013367e-02 4.734320566058158875e-03 8.012667298316955566e-03 4.218498989939689636e-02 5.030025541782379150e-02 4.478049650788307190e-02 5.315969139337539673e-02 2.398232743144035339e-02 2.434647455811500549e-02 3.388601914048194885e-02 1.874204538762569427e-02 2.022526226937770844e-02 1.793521828949451447e-02 2.189627289772033691e-02 1.183501258492469788e-02 5.643118917942047119e-02 7.884226739406585693e-03 5.421583727002143860e-02 2.887681312859058380e-02 3.914689645171165466e-03 4.776217415928840637e-02 4.016995429992675781e-03 6.052964180707931519e-02 3.840159252285957336e-02 3.132308274507522583e-02 1.920411735773086548e-02 1.805081591010093689e-02 9.242014493793249130e-04 1.626312173902988434e-02 2.814424969255924225e-02 5.717330425977706909e-02 1.025223173201084137e-02 1.163296494632959366e-02 5.757289938628673553e-03 1.330353785306215286e-02 4.951974749565124512e-02 1.708711124956607819e-02 3.321647271513938904e-02 2.672017319127917290e-03 9.525884874165058136e-03 4.072603955864906311e-02 1.451521925628185272e-02 8.602041751146316528e-03 1.069000549614429474e-02 2.877858094871044159e-02 1.345995999872684479e-02 1.784868352115154266e-02 4.750944208353757858e-03 1.563099771738052368e-02 1.394778396934270859e-02 2.271586284041404724e-02 1.332246116362512112e-03 4.652953706681728363e-03 2.468032389879226685e-02 2.749843522906303406e-02 2.829643152654170990e-02 5.159028619527816772e-02 2.755828388035297394e-02 4.123576730489730835e-02 3.861051797866821289e-02 3.638113290071487427e-02 2.892333548516035080e-03
3.996540978550910950e-02 8.019640110433101654e-03 1.309446245431900024e-01 3.695691004395484924e-02 4.326001182198524475e-02 4.857296124100685120e-02 2.410590089857578278e-02 4.835032820701599121e-01 3.395953401923179626e-02 2.038522437214851379e-02 1.555703696794807911e-03 4.506962746381759644e-02 3.260186687111854553e-02 5.167575553059577942e-02 4.780188575387001038e-02 4.149992763996124268e-02 4.324091970920562744e-02 1.445175707340240479e-02 9.667019359767436981e-03 2.297306060791015625e-02 6.610390543937683105e-02 5.497154779732227325e-03 2.538773044943809509e-02 3.761298209428787231e-02 1.154390443116426468e-02 6.085723172873258591e-03 3.717158362269401550e-02 4.321243241429328918e-02 3.683134168386459351e-02 6.650056224316358566e-03 1.632393896579742432e-02 1.413084380328655243e-02 5.053266882896423340e-02 7.149119861423969269e-03 4.269747436046600342e-02 4.234115779399871826e-02 1.743767410516738892e-02 7.722068578004837036e-02 2.087990939617156982e-02 5.555550102144479752e-03 1.216321834363043308e-03 3.870175406336784363e-02 2.690119668841362000e-02 1.966413110494613647e-02 1.728697307407855988e-02 3.424321860074996948e-02 1.502193789929151535e-02 5.150277167558670044e-03 2.597432024776935577e-02 9.298192337155342102e-03 6.819374859333038330e-03 3.810599911957979202e-03 1.335437782108783722e-02 8.037714287638664246e-03 4.558115452527999878e-02 4.762517660856246948e-02 2.715639956295490265e-02 2.279119193553924561e-02 3.730256855487823486e-02 5.129170790314674377e-02 2.532639773562550545e-04 1.750229299068450928e-02 2.527079172432422638e-02 7.052116096019744873e-03 3.480342030525207520e-02 1.217101607471704483e-02 6.500364746898412704e-03 1.375628449022769928e-02 1.756045967340469360e-02 4.028008878231048584e-02 2.240021526813507080e-02 3.262810036540031433e-02 3.889873623847961426e-02 3.695630654692649841e-02 9.575977310305461287e-05 5.521064996719360352e-02 2.132935682311654091e-03 3.299611806869506836e-02 5.605007987469434738e-03 1.335683558136224747e-02 1.588099449872970581e-01 1.055042371153831482e-01 1.110262610018253326e-02 2.128462307155132294e-02 4.574158415198326111e-02 3.266815096139907837e-02 7.395114004611968994e-02 1.134685426950454712e-01 5.560533609241247177e-03 2.768312953412532806e-02 2.971701510250568390e-02 3.175610676407814026e-02 5.825535859912633896e-03 4.063538089394569397e-02 2.312688855454325676e-03 4.247120022773742676e-02 3.415679559111595154e-03 3.826748579740524292e-02 1.870407909154891968e-02 3.013773262500762939e-02 3.837348427623510361e-03 2.609540149569511414e-02 3.893807157874107361e-02 4.080623388290405273e-03 2.712732926011085510e-02 4.318442568182945251e-02 2.261069370433688164e-03 4.627844691276550293e-02 4.422109108418226242e-03 5.102003738284111023e-02 3.526921570301055908e-02 3.167221695184707642e-02 1.581007614731788635e-02 1.342807896435260773e-02 2.421951107680797577e-02 4.415431991219520569e-02
6.858504377305507660e-03 1.549068558961153030e-02 2.831405028700828552e-02 2.460993081331253052e-02 1.454146346077322960e-03 5.261208396404981613e-03 2.385955862700939178e-02 3.395953401923179626e-02 4.968433678150177002e-01 5.333959683775901794e-02 4.467504099011421204e-02 3.751010447740554810e-02 2.146220766007900238e-03 4.365883022546768188e-02 6.493744906038045883e-03 2.804123982787132263e-02 3.239427879452705383e-02 8.962387591600418091e-02 7.009649276733398438e-02 4.964659363031387329e-02 2.401686087250709534e-02 1.988078840076923370e-02 4.482762888073921204e-03 4.968257993459701538e-02 2.222558297216892242e-02 8.951375260949134827e-03 2.367146685719490051e-02 2.632543817162513733e-02 4.408074542880058289e-02 1.827412098646163940e-02 5.579801276326179504e-02 3.387250751256942749e-02 4.321061819791793823e-02 4.962688311934471130e-03 2.310422807931900024e-02 1.567796617746353149e-02 1.887385547161102295e-02 3.783809021115303040e-02 5.631146207451820374e-02 1.950806006789207458e-02 1.292206929065287113e-03 4.670127853751182556e-02 5.797691270709037781e-02 3.461221978068351746e-02 3.448367118835449219e-02 2.690330706536769867e-02 2.729774918407201767e-03 5.984797701239585876e-02 2.659188956022262573e-02 2.167917415499687195e-02 4.887639358639717102e-02 3.315318375825881958e-03 8.558932458981871605e-04 2.904106304049491882e-02 1.578285731375217438e-02 3.158329799771308899e-02 2.064489200711250305e-02 1.946346461772918701e-02 5.589886102825403214e-03 9.734478779137134552e-03 1.475260779261589050e-02 5.134723708033561707e-02 3.775770962238311768e-02 4.894223436713218689e-02 4.438757523894309998e-02 2.916568145155906677e-02 2.650951407849788666e-02 2.716988557949662209e-03 2.818546630442142487e-02 2.658686041831970215e-02 2.981187961995601654e-02 1.884166337549686432e-02 6.357625126838684082e-02 9.232293814420700073e-04 5.010013654828071594e-02 1.966354995965957642e-02 1.154963225126266479e-01 8.919011801481246948e-03 2.941194362938404083e-02 4.930233955383300781e-02 2.712907968088984489e-03 4.202261194586753845e-02 6.769868731498718262e-02 4.169527441263198853e-02 7.271411013789474964e-04 2.706138417124748230e-02 3.626184165477752686e-02 1.671210676431655884e-02 9.589271619915962219e-03 3.819287940859794617e-02 5.040005594491958618e-02 4.048150777816772461e-02 2.492866106331348419e-02 3.487112931907176971e-03 1.737591446726582944e-05 2.888903208076953888e-02 1.223733182996511459e-02 2.518209628760814667e-02 2.978974021971225739e-02 3.995509352535009384e-03 2.879747562110424042e-02 4.750365763902664185e-02 5.895244702696800232e-02 4.101952537894248962e-02 1.970379427075386047e-02 4.492391273379325867e-02 2.068525925278663635e-02 1.503118034452199936e-02 1.859430037438869476e-02 6.318284664303064346e-03 1.285865553654730320e-03 2.484738128259778023e-03 1.793835312128067017e-02 4.319911357015371323e-03 5.289776017889380455e-04 3.553710877895355225e-02
6.661311490461230278e-04 1.074315328150987625e-02 5.241500330157577991e-04 5.528990924358367920e-02 4.624329879879951477e-02 4.303000494837760925e-02 1.660504261963069439e-03 2.038522437214851379e-02 5.333959683775901794e-02 4.959645867347717285e-01 3.575905459001660347e-03 1.764714159071445465e-02 4.533123597502708435e-02 3.157993778586387634e-02 1.018439140170812607e-02 2.615645155310630798e-02 8.821382187306880951e-03 3.263719379901885986e-02 8.216728270053863525e-02 2.788565121591091156e-02 3.492913022637367249e-02 1.071512326598167419e-02 3.162866458296775818e-02 4.661233723163604736e-02 1.421232707798480988e-02 2.254959009587764740e-02 3.766496106982231140e-02 3.956426680088043213e-02 4.118565842509269714e-02 4.894516244530677795e-02 3.830135799944400787e-03 5.100538954138755798e-02 2.718453668057918549e-02 1.790440827608108521e-02 2.887148037552833557e-02 3.602127730846405029e-02 5.033771693706512451e-02 8.317891624756157398e-04 9.054951369762420654e-03 4.907624796032905579e-02 5.487867817282676697e-02 1.442833896726369858e-02 4.638995230197906494e-02 5.538448691368103027e-02 2.942134998738765717e-02 1.615760661661624908e-02 3.725295141339302063e-02 1.996814645826816559e-02 4.012176394462585449e-02 3.773643821477890015e-02 2.435214072465896606e-02 2.758260630071163177e-02 3.788448870182037354e-02 6.875422317534685135e-03 5.418602842837572098e-03 4.590592905879020691e-02 5.555682629346847534e-02 3.352735564112663269e-02 1.229093037545681000e-02 2.635270915925502777e-02 5.431244522333145142e-02 3.591036424040794373e-02 2.691835723817348480e-02 1.053221989423036575e-02 4.380076006054878235e-02 4.194414615631103516e-02 1.687095686793327332e-02 6.863715592771768570e-03 1.270057912915945053e-02 6.754460185766220093e-02 3.501216322183609009e-02 1.295364275574684143e-02 1.874651387333869934e-02 7.692150771617889404e-02 4.938785359263420105e-02 2.088068239390850067e-02 2.059867233037948608e-02 1.238288730382919312e-01 8.356325328350067139e-03 5.877098068594932556e-02 4.049530997872352600e-02 3.702057758346199989e-03 3.594023408368229866e-03 6.448530405759811401e-02 2.843192778527736664e-02 1.495860982686281204e-02 2.750099450349807739e-02 2.568673342466354370e-02 3.891836106777191162e-02 4.393364116549491882e-02 3.735801205039024353e-02 5.510463938117027283e-02 2.976980293169617653e-03 2.591329067945480347e-02 2.192732691764831543e-02 1.829705946147441864e-02 5.771274492144584656e-02 1.320053823292255402e-02 3.344888985157012939e-02 4.476324841380119324e-02 3.553789481520652771e-02 5.267246067523956299e-02 5.194408446550369263e-02 1.304015796631574631e-02 5.303411930799484253e-02 1.149425189942121506e-02 3.175180777907371521e-02 3.086457215249538422e-02 4.820104688405990601e-02 3.806765750050544739e-02 1.754542067646980286e-02 4.749975923914462328e-04 4.624534025788307190e-02 3.778683254495263100e-03 6.390443537384271622e-03 1.408784068189561367e-03
8.837466686964035034e-02 4.620680958032608032e-02 1.931709470227360725e-03 2.909426577389240265e-02 6.437252741307020187e-03 7.445752620697021484e-02 2.092797495424747467e-02 1.555703696794807911e-03 4.467504099011421204e-02 3.575905459001660347e-03 4.893271923065185547e-01 4.572909325361251831e-02 8.166188001632690430e-02 6.163052469491958618e-02 4.510276019573211670e-03 4.514775797724723816e-02 3.971488773822784424e-02 1.959795318543910980e-02 3.524797409772872925e-02 4.814061149954795837e-02 3.440814092755317688e-02 1.715811342000961304e-02 1.556611247360706329e-02 6.800560280680656433e-03 1.587920635938644409e-02 1.392099633812904358e-02 1.111096516251564026e-02 4.132403060793876648e-02 1.889700070023536682e-02 2.793270323309116066e-05 3.829483687877655029e-02 1.935130171477794647e-02 9.119309484958648682e-03 1.779902167618274689e-02 1.447748858481645584e-02 1.223650854080915451e-02 3.624284581746906042e-04 3.258065879344940186e-02 2.295505069196224213e-02 1.986834593117237091e-02 9.347235783934593201e-03 5.897528957575559616e-03 3.997537307441234589e-03 4.612608626484870911e-02 4.997154325246810913e-02 1.821374520659446716e-02 5.399542674422264099e-02 5.021875351667404175e-02 1.983834430575370789e-02 3.997949510812759399e-02 1.455454155802726746e-02 3.197754546999931335e-02 1.139550469815731049e-02 7.230826187878847122e-03 3.252146765589714050e-02 4.204093664884567261e-02 2.810272201895713806e-02 3.097377531230449677e-02 6.931968498975038528e-03 2.487147971987724304e-02 6.926037836819887161e-03 8.315634913742542267e-03 3.094634227454662323e-02 3.435309603810310364e-02 3.383859992027282715e-02 6.426758598536252975e-03 4.589165560901165009e-03 1.690823584794998169e-02 1.015629246830940247e-02 2.057741209864616394e-02 9.519632905721664429e-03 4.181902855634689331e-02 1.634956151247024536e-02 3.870361670851707458e-02 2.738968236371874809e-03 3.444185107946395874e-02 5.916441977024078369e-02 3.045261465013027191e-02 2.880124934017658234e-02 1.388635020703077316e-03 6.481638643890619278e-03 3.527355194091796875e-02 1.251354999840259552e-02 3.796397522091865540e-02 1.558431773446500301e-03 9.816624224185943604e-03 2.800317853689193726e-02 4.352562129497528076e-02 7.129375822842121124e-03 4.662808403372764587e-02 1.861037686467170715e-03 1.342683658003807068e-02 1.343520451337099075e-02 2.129112370312213898e-02 1.256326679140329361e-02 3.016659291461110115e-03 2.094770967960357666e-02 5.012262240052223206e-02 2.328351838514208794e-03 5.290505010634660721e-03 1.166060101240873337e-03 1.858454197645187378e-02 5.047548189759254456e-02 3.473179787397384644e-02 2.536468394100666046e-02 2.821850776672363281e-02 7.215850520879030228e-03 1.909760944545269012e-02 1.402561459690332413e-02 5.215167254209518433e-02 4.499866813421249390e-02 4.576195497065782547e-03 4.655930679291486740e-03 6.176720838993787766e-03 1.960927248001098633e-02 1.306395791471004486e-02
1.657933741807937622e-02 1.245328690856695175e-02 2.646533213555812836e-02 3.169945627450942993e-02 4.575551673769950867e-02 2.181337587535381317e-02 8.427520282566547394e-03 4.506962746381759644e-02 3.751010447740554810e-02 1.764714159071445465e-02 4.572909325361251831e-02 4.983150362968444824e-01 1.588940853253006935e-03 1.526965647935867310e-01 1.214492483995854855e-03 2.909765811637043953e-03 9.426484815776348114e-03 3.962098807096481323e-02 4.011075571179389954e-02 5.131315067410469055e-02 3.837423399090766907e-02 3.743290528655052185e-02 6.251805275678634644e-02 2.754327841103076935e-02 1.003153342753648758e-02 3.886324539780616760e-02 3.284863755106925964e-02 6.950330734252929688e-02 1.727482490241527557e-02 1.086549758911132812e-01 2.163692191243171692e-02 4.979292675852775574e-02 9.917738847434520721e-03 8.385616354644298553e-03 1.526275742799043655e-02 1.683157868683338165e-02 2.476274035871028900e-03 1.588015235029160976e-03 4.870898649096488953e-02 4.082577675580978394e-02 5.901165306568145752e-03 4.498320072889328003e-02 2.942771837115287781e-02 2.548815123736858368e-02 1.869889907538890839e-02 3.754759952425956726e-02 5.217916518449783325e-02 2.797772921621799469e-02 1.369457878172397614e-02 3.956875205039978027e-02 2.040020190179347992e-02 9.708307683467864990e-03 7.002153247594833374e-02 8.852561563253402710e-02 3.547459840774536133e-02 1.825364120304584503e-02 4.170159623026847839e-02 5.549432244151830673e-03 6.884483247995376587e-02 9.506655484437942505e-02 1.215479522943496704e-02 3.647624049335718155e-03 1.606760919094085693e-02 2.682654559612274170e-02 1.036941725760698318e-02 1.195143070071935654e-02 9.986151009798049927e-03 5.284912884235382080e-03 1.355282589793205261e-02 3.941251337528228760e-02 4.366265609860420227e-02 3.756278008222579956e-02 1.894613355398178101e-02 1.743018254637718201e-02 3.480585664510726929e-02 4.104507714509963989e-02 3.266177326440811157e-02 7.849609106779098511e-02 2.769407257437705994e-02 3.500694036483764648e-02 2.797629125416278839e-02 1.661287993192672729e-02 3.317373618483543396e-02 8.062220178544521332e-03 2.109590172767639160e-02 3.415277600288391113e-02 1.983989961445331573e-02 5.713157821446657181e-03 9.180625528097152710e-02 5.535065010190010071e-02 2.610312309116125107e-03 4.733275622129440308e-02 3.910826519131660461e-02 2.420702949166297913e-03 8.057034574449062347e-03 1.270800363272428513e-02 7.280751597136259079e-03 3.629192709922790527e-02 1.211353950202465057e-02 2.558062225580215454e-02 3.785941051319241524e-03 1.205384545028209686e-02 2.496872842311859131e-02 4.678725078701972961e-02 4.789945110678672791e-02 2.092329971492290497e-02 1.144148688763380051e-02 3.236015513539314270e-02 1.023670844733715057e-02 8.881882764399051666e-03 2.587163448333740234e-02 7.943200034787878394e-05 1.828341744840145111e-02 6.547731813043355942e-03 4.239047691226005554e-02 5.440693721175193787e-02
7.385448366403579712e-02 8.394241333007812500e-02 2.839658781886100769e-02 1.571656391024589539e-02 4.445097595453262329e-02 6.043314561247825623e-02 5.640941113233566284e-02 3.260186687111854553e-02 2.146220766007900238e-03 4.533123597502708435e-02 8.166188001632690430e-02 1.588940853253006935e-03 4.944221377372741699e-01 8.408232592046260834e-03 3.903021663427352905e-02 3.662332147359848022e-02 4.632933437824249268e-02 2.621654607355594635e-02 3.132289275527000427e-02 1.564506813883781433e-02 3.583102300763130188e-02 2.925674989819526672e-02 2.288593538105487823e-02 1.228034123778343201e-02 4.661352187395095825e-02 2.219907380640506744e-02 1.607009209692478180e-02 4.179358109831809998e-02 8.159600198268890381e-03 2.085110172629356384e-02 1.818058453500270844e-02 2.610440738499164581e-02 4.847125615924596786e-03 4.846461489796638489e-02 2.178836427628993988e-02 4.210994113236665726e-03 1.675713062286376953e-02 1.177886617369949818e-03 1.496142428368330002e-02 4.504062607884407043e-02 2.022227831184864044e-02 5.150284990668296814e-02 5.050487443804740906e-02 4.485163465142250061e-02 3.077799454331398010e-02 2.269897609949111938e-02 1.951619051396846771e-02 3.679218888282775879e-02 1.552411355078220367e-02 4.716303944587707520e-02 2.831580862402915955e-02 2.389813587069511414e-02 7.501329760998487473e-03 2.265826426446437836e-02 2.653295546770095825e-02 5.133354663848876953e-02 4.914660006761550903e-03 5.327689275145530701e-02 1.951684802770614624e-02 1.248102542012929916e-02 3.022874705493450165e-02 3.638858720660209656e-02 4.332252964377403259e-02 3.145371749997138977e-02 2.798412181437015533e-02 6.766915321350097656e-02 7.037576287984848022e-03 3.426384925842285156e-02 3.496817499399185181e-02 3.424455970525741577e-02 2.414515428245067596e-02 2.570614032447338104e-02 8.368927054107189178e-03 7.958865724503993988e-03 3.924570605158805847e-02 3.484219312667846680e-02 2.335488423705101013e-02 5.286847427487373352e-02 4.043291881680488586e-02 7.934431545436382294e-03 8.572674356400966644e-03 2.831255318596959114e-03 1.002961583435535431e-02 1.368482504040002823e-02 2.086978638544678688e-03 1.733472198247909546e-02 2.430738322436809540e-02 2.947490848600864410e-02 4.587450623512268066e-02 2.330012060701847076e-02 1.397823635488748550e-02 9.020969271659851074e-03 4.288987070322036743e-02 3.469648212194442749e-02 2.032205089926719666e-02 1.119918096810579300e-02 3.350330889225006104e-02 3.300447016954421997e-02 2.911256812512874603e-02 4.691382497549057007e-02 1.217226497828960419e-02 1.898969523608684540e-02 4.723218455910682678e-02 5.018725618720054626e-02 5.800278112292289734e-02 1.773524656891822815e-02 1.581008546054363251e-02 4.183501750230789185e-02 1.999593514483422041e-04 4.749186709523200989e-02 2.491416223347187042e-02 4.687115922570228577e-02 2.288496866822242737e-02 2.235771715641021729e-02 3.295935317873954773e-02 3.673029690980911255e-02
