5.317519307136535645e-01 1.744334548711776733e-01 3.384929895401000977e-02 6.538082379847764969e-03 3.257588949054479599e-03 5.391324311494827271e-02 7.074262946844100952e-03 2.798597328364849091e-02 1.446021068841218948e-02 3.522467240691184998e-02 9.935164451599121094e-02 5.642639007419347763e-03 9.476689249277114868e-02 2.269890345633029938e-02 3.065817058086395264e-02 4.840527847409248352e-02 1.578262634575366974e-02 2.625972405076026917e-02 4.100903123617172241e-02 6.847802549600601196e-03 2.406568266451358795e-02 1.273835077881813049e-02 6.890702992677688599e-03 1.648019626736640930e-02 3.126727417111396790e-02 4.923767596483230591e-02 4.681191965937614441e-02 1.450817473232746124e-02 2.138032950460910797e-02 3.430710360407829285e-02 4.043187480419874191e-03 9.166439063847064972e-03 1.219943724572658539e-02 1.633089035749435425e-02 4.821092588827013969e-04 3.882354358211159706e-03 1.497478783130645752e-02 5.304058082401752472e-03 7.592570967972278595e-03 1.695852540433406830e-02 6.513075530529022217e-02 4.257780313491821289e-02 2.334039099514484406e-02 6.657185405492782593e-02 4.509204626083374023e-02 4.867479577660560608e-02 1.217833720147609711e-02 7.684355136007070541e-03 3.791275992989540100e-02 3.880652412772178650e-02 1.108231861144304276e-02 1.454539317637681961e-02 4.103368893265724182e-02 1.093544345349073410e-02 3.374427929520606995e-02 2.476589195430278778e-02 4.466616082936525345e-03 4.765471443533897400e-03 4.930897057056427002e-02 3.572483733296394348e-02 2.794742584228515625e-02 4.879200365394353867e-03 2.641463943291455507e-04 2.307559363543987274e-02 7.284418097697198391e-05 6.988476030528545380e-03 2.078898623585700989e-02 4.741115123033523560e-02 1.956350170075893402e-03 4.909660294651985168e-02 2.232199534773826599e-02 2.905806154012680054e-02 6.098839920014142990e-03 1.471678912639617920e-02 3.657232969999313354e-02 1.165059674531221390e-02 1.937083527445793152e-02 1.197172887623310089e-02 1.174287521280348301e-03 4.254810139536857605e-02 3.754108026623725891e-02 4.823884810321033001e-04 1.682576164603233337e-02 1.306524407118558884e-02 5.143735185265541077e-02 5.524084344506263733e-02 3.725195769220590591e-03 2.765645831823348999e-02 4.781234264373779297e-02 2.827336452901363373e-02 2.029246278107166290e-02 2.452094666659832001e-02 1.324562821537256241e-02 2.249326743185520172e-02 2.294785529375076294e-02 1.418543700128793716e-02 4.335471987724304199e-02 1.098185125738382339e-02 6.109631154686212540e-03 7.198705337941646576e-03 3.990748524665832520e-02 3.851199895143508911e-02 2.766614593565464020e-02 3.180257230997085571e-02 9.683613665401935577e-03 3.727250918745994568e-02 2.461384609341621399e-02 1.601203717291355133e-02 3.886204957962036133e-02 2.454507723450660706e-02 2.493238309398293495e-03 1.202571205794811249e-02 3.938375785946846008e-02 2.632795833051204681e-03 1.346432324498891830e-02 1.615519286133348942e-03
1.744334548711776733e-01 5.371944308280944824e-01 2.764042839407920837e-02 8.083729073405265808e-03 1.823677122592926025e-02 6.217765808105468750e-02 4.592546448111534119e-02 6.882263813167810440e-03 7.012596819549798965e-03 4.111100733280181885e-02 9.578790515661239624e-02 1.590554229915142059e-02 1.019572019577026367e-01 1.737575046718120575e-02 1.084632705897092819e-02 5.306595191359519958e-02 4.028427228331565857e-02 3.251526132225990295e-02 3.122206963598728180e-02 1.131176948547363281e-02 1.178636960685253143e-02 3.988379985094070435e-02 1.990576492971740663e-05 8.086514571914449334e-05 1.848173886537551880e-02 4.790760204195976257e-02 4.251911118626594543e-02 2.243000082671642303e-02 3.242422267794609070e-02 2.867889776825904846e-02 2.200178429484367371e-02 1.407136674970388412e-02 8.253443986177444458e-03 1.367390714585781097e-02 7.416652981191873550e-03 1.453255861997604370e-02 3.051915671676397324e-03 2.824306720867753029e-03 1.244908757507801056e-02 2.158572198823094368e-03 3.952688351273536682e-02 3.544552996754646301e-02 5.659589543938636780e-03 5.364653840661048889e-02 2.942453511059284210e-02 2.289108559489250183e-02 2.289151052536908537e-05 2.680278010666370392e-02 2.975823543965816498e-02 2.438446506857872009e-02 2.072108443826436996e-03 1.705522648990154266e-02 4.068768396973609924e-02 1.840605214238166809e-02 3.959486633539199829e-02 3.308859467506408691e-02 2.576428232714533806e-03 1.345168333500623703e-02 3.611497581005096436e-02 4.738338664174079895e-02 3.115628100931644440e-02 6.986591964960098267e-03 6.429919041693210602e-03 4.118404164910316467e-02 9.415782056748867035e-03 1.867220737040042877e-02 1.704968698322772980e-02 3.821359574794769287e-02 3.578937146812677383e-03 3.782119601964950562e-02 2.236347831785678864e-02 4.254913702607154846e-02 9.159710258245468140e-03 2.160401269793510437e-02 1.677487976849079132e-02 8.748113759793341160e-04 1.038139965385198593e-02 5.327683407813310623e-03 8.477317169308662415e-03 3.865978121757507324e-02 1.140284724533557892e-02 2.599451690912246704e-03 5.412868689745664597e-03 1.473249867558479309e-02 4.929742217063903809e-02 5.295313894748687744e-02 6.851066835224628448e-03 4.321569576859474182e-02 3.628261387348175049e-02 1.958778314292430878e-02 3.595750033855438232e-02 1.065321639180183411e-02 1.112927030771970749e-02 2.512491494417190552e-02 2.183377556502819061e-02 1.881607435643672943e-02 3.109352290630340576e-02 2.298523206263780594e-03 7.017616182565689087e-03 1.937166973948478699e-02 3.177067264914512634e-02 4.259442165493965149e-02 1.149721816182136536e-02 9.290886111557483673e-03 3.555062785744667053e-02 1.226542703807353973e-02 2.131406776607036591e-02 8.740239776670932770e-03 3.644039481878280640e-02 8.603857830166816711e-03 7.179914042353630066e-03 1.212187018245458603e-02 4.762469232082366943e-02 6.056012120097875595e-03 2.769329585134983063e-02 1.562679372727870941e-02
3.384929895401000977e-02 2.764042839407920837e-02 5.179814100265502930e-01 6.721816956996917725e-03 2.854901179671287537e-02 3.191208094358444214e-02 3.479565307497978210e-02 7.885158061981201172e-02 1.711216405965387821e-03 1.044281385838985443e-02 1.292214170098304749e-02 3.100469149649143219e-02 2.616551006212830544e-03 5.975726991891860962e-03 4.902997612953186035e-02 5.387238692492246628e-03 4.313837271183729172e-03 1.692091859877109528e-02 3.473756089806556702e-02 3.994617983698844910e-02 4.006463661789894104e-02 3.468440379947423935e-03 9.574230760335922241e-03 1.957267150282859802e-02 2.934057451784610748e-02 1.268316153436899185e-02 3.249145299196243286e-02 1.906652003526687622e-02 1.700820773839950562e-02 2.787247486412525177e-02 2.721274457871913910e-02 3.761658817529678345e-02 1.193882245570421219e-02 8.531282655894756317e-03 4.889783449470996857e-03 1.282389368861913681e-02 1.396866329014301300e-02 4.578069597482681274e-02 1.121171098202466965e-02 3.789741173386573792e-02 5.615469813346862793e-02 2.083176933228969574e-02 3.165434300899505615e-02 3.801507875323295593e-02 3.604750335216522217e-02 3.536487463861703873e-03 1.340144500136375427e-02 3.845428302884101868e-02 1.594569906592369080e-02 3.262528451159596443e-03 1.589493360370397568e-03 7.231337018311023712e-03 3.487372398376464844e-02 2.223856188356876373e-02 3.229851275682449341e-02 3.406289219856262207e-02 1.371376402676105499e-02 1.108340686187148094e-03 3.053606115281581879e-02 1.043761707842350006e-02 1.602115854620933533e-02 3.906702250242233276e-02 3.077522618696093559e-03 1.157638616859912872e-02 3.883009403944015503e-02 2.501724474132061005e-02 1.489471830427646637e-02 1.275979075580835342e-02 4.682534560561180115e-02 4.736333712935447693e-02 3.906404227018356323e-02 1.823844015598297119e-02 3.613397851586341858e-02 9.132141247391700745e-03 1.793769188225269318e-02 2.800183184444904327e-02 1.693650032393634319e-03 3.018663451075553894e-02 4.728137329220771790e-02 1.501848082989454269e-02 6.213598325848579407e-02 3.024320863187313080e-02 2.558641135692596436e-02 1.943082734942436218e-02 1.751022227108478546e-02 1.702143996953964233e-02 4.116185940802097321e-03 4.502599686384201050e-02 3.822359442710876465e-02 2.931622322648763657e-03 3.038065880537033081e-02 2.622264623641967773e-02 4.417116567492485046e-02 2.454013936221599579e-02 3.698666393756866455e-02 2.181782387197017670e-02 3.693005070090293884e-02 2.690114080905914307e-02 4.984159022569656372e-03 1.696014590561389923e-02 6.853154394775629044e-03 1.105416845530271530e-02 1.739096455276012421e-02 6.360685825347900391e-02 2.815091237425804138e-02 3.117962181568145752e-02 7.947707548737525940e-03 2.455359511077404022e-02 1.498757489025592804e-02 3.480007499456405640e-02 3.873697668313980103e-02 6.157306581735610962e-02 1.781917363405227661e-02 3.364874795079231262e-02 2.495686896145343781e-02 3.502137726172804832e-03
6.538082379847764969e-03 8.083729073405265808e-03 6.721816956996917725e-03 5.472807288169860840e-01 1.435824185609817505e-01 1.195681560784578323e-02 8.338679559528827667e-03 1.104729133658111095e-03 3.638526052236557007e-02 3.808364039286971092e-03 2.397420629858970642e-02 4.882960580289363861e-03 2.512105368077754974e-02 2.944054082036018372e-02 1.820853794924914837e-03 4.555101972073316574e-03 3.460373962298035622e-03 5.353719741106033325e-02 3.495131060481071472e-02 4.250672459602355957e-02 4.615333303809165955e-02 2.211977168917655945e-02 4.916068166494369507e-03 2.741221152245998383e-02 3.794170916080474854e-02 2.615118771791458130e-02 1.730409450829029083e-02 8.786602318286895752e-02 2.340808138251304626e-02 7.585108280181884766e-02 2.492044866085052490e-02 1.851332746446132660e-02 3.653797507286071777e-02 3.597686067223548889e-02 3.202408552169799805e-02 2.724592573940753937e-02 4.703772440552711487e-02 2.122770436108112335e-02 7.482427358627319336e-02 3.051378391683101654e-02 3.153185546398162842e-02 3.889521211385726929e-02 4.250297788530588150e-04 2.563791535794734955e-02 3.466006368398666382e-02 3.039514459669589996e-02 1.331215631216764450e-02 2.417906001210212708e-02 1.391085423529148102e-02 1.289995759725570679e-02 2.578233741223812103e-02 3.874390944838523865e-02 7.864767685532569885e-03 2.588825859129428864e-02 1.726068556308746338e-03 4.805739223957061768e-02 4.044306278228759766e-02 3.327271901071071625e-03 3.712793812155723572e-02 4.500544816255569458e-02 2.211897820234298706e-02 1.583771593868732452e-02 7.936257123947143555e-02 3.915902972221374512e-02 2.617307193577289581e-02 3.841886669397354126e-02 4.130360484123229980e-02 2.760152891278266907e-02 4.499788954854011536e-02 1.757870241999626160e-02 4.953368380665779114e-02 9.352253749966621399e-03 9.831406176090240479e-02 1.927271112799644470e-02 4.565640538930892944e-02 2.954926900565624237e-02 2.464964054524898529e-02 3.689965605735778809e-02 2.610603347420692444e-02 4.067673534154891968e-02 6.732283160090446472e-03 1.725705340504646301e-02 1.296552363783121109e-03 1.932295411825180054e-02 3.783401474356651306e-02 3.804325126111507416e-03 2.921677660197019577e-03 4.372836276888847351e-02 1.399494428187608719e-02 3.193500638008117676e-02 3.780616074800491333e-02 1.761798560619354248e-02 1.674325950443744659e-02 2.791409566998481750e-02 3.602739796042442322e-02 1.580033800564706326e-03 5.693188868463039398e-03 2.024225518107414246e-02 2.633619867265224457e-02 2.629505656659603119e-02 3.009484335780143738e-02 4.221565648913383484e-02 1.164170168340206146e-02 4.151637479662895203e-02 2.260172180831432343e-02 2.186672948300838470e-02 2.502277866005897522e-02 3.853832930326461792e-02 3.519741818308830261e-02 3.891367092728614807e-02 1.615556702017784119e-02 2.688005752861499786e-02 2.925786189734935760e-02 2.672287449240684509e-02 1.749839261174201965e-02 3.409346938133239746e-02
3.257588949054479599e-03 1.823677122592926025e-02 2.854901179671287537e-02 1.435824185609817505e-01 5.469664335250854492e-01 8.236321737058460712e-04 1.145063992589712143e-02 1.560249086469411850e-02 4.915545880794525146e-02 5.050746351480484009e-02 1.164435036480426788e-02 1.045017037540674210e-02 2.979686018079519272e-03 8.034624159336090088e-03 2.644932270050048828e-02 1.563294045627117157e-02 1.488404348492622375e-02 8.799081668257713318e-03 4.657688364386558533e-02 4.018176347017288208e-02 2.720441296696662903e-02 1.402868609875440598e-02 2.621170319616794586e-02 2.812330611050128937e-02 3.499269485473632812e-02 8.999704383313655853e-03 3.671809285879135132e-02 2.758188731968402863e-02 2.619579806923866272e-02 4.240381717681884766e-02 3.188790008425712585e-02 3.872406855225563049e-02 2.016010321676731110e-02 5.171996727585792542e-02 3.584846109151840210e-02 4.061006009578704834e-02 3.724638372659683228e-02 4.306798055768013000e-02 9.155233204364776611e-02 1.023664101958274841e-01 3.741905093193054199e-03 3.667933493852615356e-02 1.852603256702423096e-02 1.179288793355226517e-02 1.226352993398904800e-02 2.779727615416049957e-02 6.430429406464099884e-03 2.679246012121438980e-03 1.651497930288314819e-02 5.556161049753427505e-03 6.911456584930419922e-03 2.347874455153942108e-02 9.502340108156204224e-03 9.487261995673179626e-03 1.552467886358499527e-02 4.417989868670701981e-03 3.762974217534065247e-02 3.419556468725204468e-02 3.530301153659820557e-02 1.117365527898073196e-02 2.959979884326457977e-02 5.037767812609672546e-02 5.996890366077423096e-02 6.952901929616928101e-02 3.827951848506927490e-02 4.510619118809700012e-02 3.197632730007171631e-02 2.861596271395683289e-02 2.707255817949771881e-02 3.054639324545860291e-02 5.275439471006393433e-02 2.435924950987100601e-03 1.031914278864860535e-01 8.980771526694297791e-03 9.811355918645858765e-02 2.478525042533874512e-02 9.930695407092571259e-03 3.301893593743443489e-03 3.076648805290460587e-03 3.526249155402183533e-02 3.673163428902626038e-02 2.314434014260768890e-02 4.746263101696968079e-02 7.249348610639572144e-02 1.565615646541118622e-02 1.061173342168331146e-02 2.759841084480285645e-02 1.811733283102512360e-02 2.144959196448326111e-02 4.352904856204986572e-02 5.103029683232307434e-02 2.187497727572917938e-02 6.437890697270631790e-03 3.434236347675323486e-02 3.377991542220115662e-02 2.061030082404613495e-02 1.516878698021173477e-02 2.844885550439357758e-02 3.186025470495223999e-02 7.798801641911268234e-03 2.801312692463397980e-02 2.962550334632396698e-02 4.301714710891246796e-03 2.948245964944362640e-02 1.156534999608993530e-02 9.712003171443939209e-03 1.395777612924575806e-02 5.623370409011840820e-03 4.095729812979698181e-02 2.393682301044464111e-02 4.132414609193801880e-02 1.106584165245294571e-02 3.847221285104751587e-02 3.728774562478065491e-02 2.674966491758823395e-02 3.264756128191947937e-02
5.391324311494827271e-02 6.217765808105468750e-02 3.191208094358444214e-02 1.195681560784578323e-02 8.236321737058460712e-04 5.300797820091247559e-01 1.745744198560714722e-01 1.720581762492656708e-02 1.387521531432867050e-02 3.804842010140419006e-02 5.940990149974822998e-02 1.112102810293436050e-02 5.255692452192306519e-02 5.479535087943077087e-02 3.060839511454105377e-02 3.836278803646564484e-03 3.666272014379501343e-02 1.830881275236606598e-02 9.848561137914657593e-03 3.275513183325529099e-03 4.534856416285037994e-03 1.085977628827095032e-02 2.617137692868709564e-02 3.525499626994132996e-02 1.587621867656707764e-02 1.798118092119693756e-02 4.249655455350875854e-02 2.592215500771999359e-02 2.878702990710735321e-02 4.635440185666084290e-02 2.552325371652841568e-03 7.578818127512931824e-03 2.070162072777748108e-02 1.067222934216260910e-02 8.646481670439243317e-03 1.939888857305049896e-02 3.570260107517242432e-02 6.881359964609146118e-03 3.062330186367034912e-02 2.991150878369808197e-02 2.660141885280609131e-02 2.081803977489471436e-02 2.456117980182170868e-02 2.121015638113021851e-02 3.949659410864114761e-03 3.638820350170135498e-02 1.055503413081169128e-01 5.474147200584411621e-02 1.664274558424949646e-02 2.129238843917846680e-02 1.714235916733741760e-02 1.100679114460945129e-02 9.596599265933036804e-03 1.156781986355781555e-02 1.176697108894586563e-02 3.610170632600784302e-02 1.467489451169967651e-02 4.004285484552383423e-02 4.651955142617225647e-02 4.076144471764564514e-02 2.208029618486762047e-03 4.414285346865653992e-02 3.729363903403282166e-03 4.056623950600624084e-02 1.547542982734739780e-03 4.533702507615089417e-03 1.102733612060546875e-02 2.607544511556625366e-02 2.850544452667236328e-02 4.196415841579437256e-02 3.825031965970993042e-02 2.468918263912200928e-02 1.841347478330135345e-02 1.622443459928035736e-02 1.259951572865247726e-02 1.969890668988227844e-02 1.211725454777479172e-02 2.276880666613578796e-03 1.381587516516447067e-02 3.402585908770561218e-02 2.757653780281543732e-02 2.258604508824646473e-04 1.237474847584962845e-02 1.601361110806465149e-02 3.559179976582527161e-02 7.624889723956584930e-03 4.490434378385543823e-02 5.110953748226165771e-02 1.590845058672130108e-04 3.682199865579605103e-02 1.005812659859657288e-01 3.482881560921669006e-02 6.490638107061386108e-02 3.362808749079704285e-02 2.473852969706058502e-02 1.594943366944789886e-02 3.947493061423301697e-02 2.170048840343952179e-02 5.310617387294769287e-02 4.876465350389480591e-02 2.331279218196868896e-02 1.676441542804241180e-02 2.532536163926124573e-02 2.086159074679017067e-03 2.973335981369018555e-02 1.601435616612434387e-02 3.306091576814651489e-02 9.155493462458252907e-04 3.485153662040829659e-03 6.962026469409465790e-03 2.304478920996189117e-02 3.225015848875045776e-02 8.926576934754848480e-03 3.434374555945396423e-02 1.052343007177114487e-02 7.507326547056436539e-03
7.074262946844100952e-03 4.592546448111534119e-02 3.479565307497978210e-02 8.338679559528827667e-03 1.145063992589712143e-02 1.745744198560714722e-01 5.398014783859252930e-01 2.616778947412967682e-02 1.697621867060661316e-02 4.175221547484397888e-02 6.056355684995651245e-02 1.915885508060455322e-02 5.742779001593589783e-02 6.393397599458694458e-02 2.239520847797393799e-02 1.901388168334960938e-02 1.161263510584831238e-02 3.779685823246836662e-03 2.816839888691902161e-02 1.381734479218721390e-02 2.550951763987541199e-02 5.469019524753093719e-03 5.666084121912717819e-03 1.655077002942562103e-02 2.803416736423969269e-02 2.877006493508815765e-02 2.518965862691402435e-02 2.461852133274078369e-02 5.366898700594902039e-02 8.970479480922222137e-03 5.633148178458213806e-02 2.152321115136146545e-02 5.393407191149890423e-04 2.909980341792106628e-02 1.071760524064302444e-02 5.839597433805465698e-03 4.194964095950126648e-02 9.601107798516750336e-03 1.042696833610534668e-02 2.015553601086139679e-02 2.364816516637802124e-02 5.987955722957849503e-03 1.493333000689744949e-02 3.344065323472023010e-02 2.787127159535884857e-03 6.632323563098907471e-02 1.105390936136245728e-01 1.112271025776863098e-01 2.962036244571208954e-02 4.203548654913902283e-02 7.156146224588155746e-03 5.459334701299667358e-03 2.392348833382129669e-02 7.748831994831562042e-03 3.456528112292289734e-02 3.269276395440101624e-02 1.365961972624063492e-02 3.461004421114921570e-02 2.573051862418651581e-02 2.362965978682041168e-02 2.912372723221778870e-02 2.556269802153110504e-02 4.320654273033142090e-02 2.746718563139438629e-02 1.995702274143695831e-02 4.417240247130393982e-02 1.728174835443496704e-02 3.920694347470998764e-03 1.078543812036514282e-02 1.005783770233392715e-02 3.042832389473915100e-02 2.292012423276901245e-02 1.515328139066696167e-02 3.088655509054660797e-02 5.207528593018651009e-04 1.593401655554771423e-02 3.222706168889999390e-02 4.061186686158180237e-02 1.905295625329017639e-02 1.117302663624286652e-02 7.297887466847896576e-03 2.755114808678627014e-02 5.627755541354417801e-03 3.008679673075675964e-02 1.618849486112594604e-02 3.681515157222747803e-02 1.573753356933593750e-02 1.807497628033161163e-02 2.004353702068328857e-02 2.786979079246520996e-02 1.076035425066947937e-01 1.760142482817173004e-02 1.180537343025207520e-01 2.098648808896541595e-02 2.743498049676418304e-02 3.065684065222740173e-02 1.923716999590396881e-02 1.604940742254257202e-02 4.320699349045753479e-02 2.889179624617099762e-02 4.512889310717582703e-03 1.698592863976955414e-02 3.561216581147164106e-04 3.458056598901748657e-02 1.962542720139026642e-02 4.099726304411888123e-02 3.018730133771896362e-02 4.479189228732138872e-04 2.920901402831077576e-03 3.500963002443313599e-02 3.766368702054023743e-02 3.332611918449401855e-02 3.958122059702873230e-02 1.489131152629852295e-02 3.815592452883720398e-02 2.649483829736709595e-02
2.798597328364849091e-02 6.882263813167810440e-03 7.885158061981201172e-02 1.104729133658111095e-03 1.560249086469411850e-02 1.720581762492656708e-02 2.616778947412967682e-02 5.430784225463867188e-01 3.954850509762763977e-02 3.594072163105010986e-02 2.151522971689701080e-02 2.626303955912590027e-02 2.345396205782890320e-02 2.780035138130187988e-03 1.039312928915023804e-01 2.069174498319625854e-02 4.766044020652770996e-02 3.685465082526206970e-02 2.389175444841384888e-02 1.623368635773658752e-02 9.705137461423873901e-03 2.271132729947566986e-02 3.392619639635086060e-02 1.355805341154336929e-02 1.136771519668400288e-03 1.185311283916234970e-02 2.507924288511276245e-02 2.995057730004191399e-03 1.234435196965932846e-02 7.743682712316513062e-03 6.759917363524436951e-03 2.480302006006240845e-02 8.517972193658351898e-03 3.713358193635940552e-03 4.341743886470794678e-02 1.872394979000091553e-02 3.439676389098167419e-02 4.288925603032112122e-02 8.480740711092948914e-03 1.349542196840047836e-02 2.658054977655410767e-02 1.161659136414527893e-02 1.334140636026859283e-02 2.101449482142925262e-02 3.926218952983617783e-03 3.863652795553207397e-02 4.427072033286094666e-02 2.391405031085014343e-02 4.350120201706886292e-02 3.715600073337554932e-02 6.278356909751892090e-02 4.354045540094375610e-02 2.975893765687942505e-02 1.564857549965381622e-02 1.667667552828788757e-02 3.554219752550125122e-02 4.926808550953865051e-02 5.666194483637809753e-02 4.402996972203254700e-02 1.949379593133926392e-02 1.176493125967681408e-03 5.680467002093791962e-03 2.503276616334915161e-02 3.428575024008750916e-02 2.409948036074638367e-03 4.094253759831190109e-03 8.687732042744755745e-04 2.103839535266160965e-03 1.087859272956848145e-02 3.854796290397644043e-02 1.340459100902080536e-02 4.829295724630355835e-02 2.016083523631095886e-02 1.161657273769378662e-02 7.728614378720521927e-03 1.379288453608751297e-02 4.985504597425460815e-02 4.365896433591842651e-02 3.484587743878364563e-02 1.496229972690343857e-02 9.724903851747512817e-02 1.100739091634750366e-01 1.451792102307081223e-02 2.003360167145729065e-02 5.090033169835805893e-03 2.879565348848700523e-03 8.481413871049880981e-02 8.254416286945343018e-02 1.384987588971853256e-02 1.800232753157615662e-02 4.015729576349258423e-02 1.260096300393342972e-02 3.147046267986297607e-02 4.762508440762758255e-03 9.243349544703960419e-03 3.114343248307704926e-02 4.397577792406082153e-02 8.463311009109020233e-03 2.680321782827377319e-02 3.113503940403461456e-02 3.763482347130775452e-02 2.804500050842761993e-02 2.672127448022365570e-03 2.925631357356905937e-03 3.290964663028717041e-02 1.761158369481563568e-02 1.028861291706562042e-02 6.009670323692262173e-04 7.418345659971237183e-03 2.256873622536659241e-02 1.993674971163272858e-02 1.768939755856990814e-02 2.560710301622748375e-03 1.967326179146766663e-02 1.064356416463851929e-03 9.057652205228805542e-03
1.446021068841218948e-02 7.012596819549798965e-03 1.711216405965387821e-03 3.638526052236557007e-02 4.915545880794525146e-02 1.387521531432867050e-02 1.697621867060661316e-02 3.954850509762763977e-02 5.417171716690063477e-01 9.450229257345199585e-02 8.034307509660720825e-03 1.632176339626312256e-02 1.620063558220863342e-02 4.491441696882247925e-02 3.931966796517372131e-02 3.513315320014953613e-02 2.187180871260352433e-05 7.845085114240646362e-02 1.929314807057380676e-02 1.148740109056234360e-02 1.976572722196578979e-02 1.251748483628034592e-02 4.335249587893486023e-02 4.256058111786842346e-02 1.791899651288986206e-02 1.687197573482990265e-02 2.231147326529026031e-02 3.498808294534683228e-02 4.317728057503700256e-02 4.738209396600723267e-02 2.155915647745132446e-02 6.941913743503391743e-04 5.229005962610244751e-02 9.753896854817867279e-03 3.384622186422348022e-02 2.038987353444099426e-02 3.140665590763092041e-02 1.504408475011587143e-02 2.999621815979480743e-02 9.476659819483757019e-03 2.086929045617580414e-02 3.894693031907081604e-02 1.656204462051391602e-02 3.619135916233062744e-02 1.738110929727554321e-02 5.740297213196754456e-02 5.480821803212165833e-02 5.254868417978286743e-02 3.030705265700817108e-02 9.412277489900588989e-03 2.029477385804057121e-03 1.415653992444276810e-02 2.609887346625328064e-02 5.249426141381263733e-02 8.797385543584823608e-02 4.385449364781379700e-02 1.744655426591634750e-03 3.008759953081607819e-02 2.962932549417018890e-02 2.939040586352348328e-02 1.473226863890886307e-02 1.673173531889915466e-02 5.759099498391151428e-03 1.473055686801671982e-02 1.396135333925485611e-02 2.019499987363815308e-02 2.050706185400485992e-02 2.335735596716403961e-02 3.457434847950935364e-02 4.367546737194061279e-02 1.823121495544910431e-02 2.866899967193603516e-02 5.005143210291862488e-02 2.298003993928432465e-02 5.028491094708442688e-02 1.538798864930868149e-02 1.056229844689369202e-01 7.818156480789184570e-02 1.226366311311721802e-01 5.189593881368637085e-02 2.515153214335441589e-02 4.323379322886466980e-02 5.413088947534561157e-02 4.531705006957054138e-02 1.664714305661618710e-03 2.989726327359676361e-02 5.172947794198989868e-02 2.956856414675712585e-02 7.815475575625896454e-03 4.780845192726701498e-04 2.276164479553699493e-02 3.944795951247215271e-02 1.978964544832706451e-02 3.640159219503402710e-02 1.620527543127536774e-02 2.752941101789474487e-02 5.791854113340377808e-03 1.352693792432546616e-02 2.683364786207675934e-02 1.506844628602266312e-02 2.224487625062465668e-02 1.602686569094657898e-02 5.341130308806896210e-03 2.960984036326408386e-02 9.764766320586204529e-03 9.139074012637138367e-03 2.027838118374347687e-02 4.883034154772758484e-02 1.177908343379385769e-04 5.009674653410911560e-02 3.320348635315895081e-02 7.812045514583587646e-03 4.672849900089204311e-05 4.477313254028558731e-03 1.655568554997444153e-02 4.358955845236778259e-02
3.522467240691184998e-02 4.111100733280181885e-02 1.044281385838985443e-02 3.808364039286971092e-03 5.050746351480484009e-02 3.804842010140419006e-02 4.175221547484397888e-02 3.594072163105010986e-02 9.450229257345199585e-02 5.417419075965881348e-01 4.926123097538948059e-02 1.555726770311594009e-02 3.768986091017723083e-02 2.917798422276973724e-02 3.904716670513153076e-02 7.028582505881786346e-03 2.315193787217140198e-02 3.886707872152328491e-02 7.879222184419631958e-02 3.695122431963682175e-03 6.734233815222978592e-03 3.680354356765747070e-02 1.686683110892772675e-02 3.244648128747940063e-02 1.122784428298473358e-02 4.979326622560620308e-04 1.064197998493909836e-02 3.915781155228614807e-02 2.650962024927139282e-02 5.019676405936479568e-03 3.628040850162506104e-02 1.179875340312719345e-03 3.626487031579017639e-02 1.093280385248363018e-03 4.549307003617286682e-02 2.968837134540081024e-02 4.900180269032716751e-03 2.135116839781403542e-03 4.071117192506790161e-02 2.972294576466083527e-02 2.001069299876689911e-02 3.087815642356872559e-02 2.502003312110900879e-02 1.594228856265544891e-02 3.127393499016761780e-02 5.456082150340080261e-02 2.922808751463890076e-02 2.165368571877479553e-02 3.311316668987274170e-02 6.731237471103668213e-02 4.613076895475387573e-02 3.847544267773628235e-02 1.811601780354976654e-02 1.561250071972608566e-02 3.775918483734130859e-02 1.235287785530090332e-01 3.064275532960891724e-02 8.378290571272373199e-03 2.608933672308921814e-02 3.260787343606352806e-03 1.418007537722587585e-02 4.796166322194039822e-04 3.087861277163028717e-02 7.510360330343246460e-03 1.808450324460864067e-03 3.517999872565269470e-02 2.787053212523460388e-02 3.906433656811714172e-02 4.333479329943656921e-03 4.043002147227525711e-03 4.842476546764373779e-02 5.028501152992248535e-02 3.871645778417587280e-02 3.418549429625272751e-03 4.783743247389793396e-02 3.547941148281097412e-02 3.580295667052268982e-02 8.113505691289901733e-02 6.374410539865493774e-02 1.504614055156707764e-01 3.763920441269874573e-02 8.952794596552848816e-03 3.919922187924385071e-02 6.327340006828308105e-02 3.808160126209259033e-02 2.166874520480632782e-02 3.214386478066444397e-02 4.957765713334083557e-02 3.198008239269256592e-02 1.275062095373868942e-02 7.749451790004968643e-03 1.969920657575130463e-02 7.073474582284688950e-03 2.295041456818580627e-02 3.734872490167617798e-02 2.956162905320525169e-03 4.635693132877349854e-02 1.251735258847475052e-03 1.522466633468866348e-02 1.779605261981487274e-02 1.514033414423465729e-02 1.271521486341953278e-02 4.224489256739616394e-02 2.817239053547382355e-02 4.531604796648025513e-02 4.463843256235122681e-02 2.364579960703849792e-02 1.392866577953100204e-02 7.840312086045742035e-03 6.791011244058609009e-02 4.644172266125679016e-02 1.767586916685104370e-02 2.595172077417373657e-02 5.451593920588493347e-02 4.147526994347572327e-02 3.756451234221458435e-02
9.935164451599121094e-02 9.578790515661239624e-02 1.292214170098304749e-02 2.397420629858970642e-02 1.164435036480426788e-02 5.940990149974822998e-02 6.056355684995651245e-02 2.151522971689701080e-02 8.034307509660720825e-03 4.926123097538948059e-02 5.577864646911621094e-01 3.340619057416915894e-02 9.675402194261550903e-02 6.044787913560867310e-02 2.709794417023658752e-02 8.962191641330718994e-03 4.195660725235939026e-02 5.758598446846008301e-03 4.453551769256591797e-02 3.711851313710212708e-02 2.778065577149391174e-02 4.769021645188331604e-02 1.534035988152027130e-02 2.370366081595420837e-02 3.803458064794540405e-02 4.889386892318725586e-02 1.740576513111591339e-02 3.362875431776046753e-02 5.935618281364440918e-02 2.689978107810020447e-02 2.688127197325229645e-02 1.415944099426269531e-02 9.648975916206836700e-03 2.106300555169582367e-02 2.167406957596540451e-03 3.070244193077087402e-02 6.271998398005962372e-03 1.413217093795537949e-02 1.590223796665668488e-02 3.270372748374938965e-02 4.439422860741615295e-03 3.502245247364044189e-02 2.626918070018291473e-02 7.095039635896682739e-02 2.295252867043018341e-02 3.152409102767705917e-03 2.216667309403419495e-02 4.510647803544998169e-02 1.482612825930118561e-02 6.344545166939496994e-03 2.644912339746952057e-02 4.805527627468109131e-02 3.997994586825370789e-02 3.152395039796829224e-02 7.417734712362289429e-03 5.285113304853439331e-02 1.190283242613077164e-02 2.578916028141975403e-02 2.450280264019966125e-02 2.880043163895606995e-02 2.187977544963359833e-02 1.492564007639884949e-02 6.264557130634784698e-03 1.565294573083519936e-03 4.706911370158195496e-02 4.688317328691482544e-02 2.949766255915164948e-02 4.898183792829513550e-02 2.728783339262008667e-02 6.003466434776782990e-03 7.926720194518566132e-03 5.254056677222251892e-02 1.934679225087165833e-02 5.474223196506500244e-02 9.723747149109840393e-03 4.555496852844953537e-03 1.646649092435836792e-02 3.682567179203033447e-02 5.052710697054862976e-02 5.374277941882610321e-03 1.347991544753313065e-02 1.327675860375165939e-02 2.194721996784210205e-02 5.369246006011962891e-03 4.296174272894859314e-02 1.634008251130580902e-02 2.853764779865741730e-02 7.129911682568490505e-04 3.346821665763854980e-02 1.981084933504462242e-03 5.060450732707977295e-02 4.241231083869934082e-02 3.979502990841865540e-02 1.079650595784187317e-02 4.275813698768615723e-02 3.357295691967010498e-02 3.134647384285926819e-02 1.614486798644065857e-02 3.385281190276145935e-02 2.281065098941326141e-02 3.827676922082901001e-02 3.354081884026527405e-02 6.592655088752508163e-03 3.840766474604606628e-02 1.010273303836584091e-02 2.423711866140365601e-02 2.600069530308246613e-02 1.664885133504867554e-02 1.805981807410717010e-02 1.379855815321207047e-02 1.170845702290534973e-03 2.187244594097137451e-02 4.690551385283470154e-02 5.097344145178794861e-02 4.135405179113149643e-03 3.551704809069633484e-02
5.642639007419347763e-03 1.590554229915142059e-02 3.100469149649143219e-02 4.882960580289363861e-03 1.045017037540674210e-02 1.112102810293436050e-02 1.915885508060455322e-02 2.626303955912590027e-02 1.632176339626312256e-02 1.555726770311594009e-02 3.340619057416915894e-02 5.357894301414489746e-01 5.352985858917236328e-02 1.818815171718597412e-01 3.743429109454154968e-02 2.045487798750400543e-02 1.858153194189071655e-02 6.870146375149488449e-03 2.572859823703765869e-02 9.001648286357522011e-04 7.200545165687799454e-03 2.163651585578918457e-02 3.832005336880683899e-02 2.571897208690643311e-02 2.060954272747039795e-02 4.550753533840179443e-02 2.642717957496643066e-02 8.581551909446716309e-02 2.998575381934642792e-02 5.786686390638351440e-02 3.217278048396110535e-02 8.769694715738296509e-03 3.344251587986946106e-02 1.485518645495176315e-02 2.616775408387184143e-02 4.622907564043998718e-02 1.991347968578338623e-02 1.033110637217760086e-02 4.200741276144981384e-02 3.541655838489532471e-02 3.610198199748992920e-02 2.465238049626350403e-02 3.203900903463363647e-02 1.005272567272186279e-02 8.437285572290420532e-02 1.807790622115135193e-02 6.486269831657409668e-02 2.053900621831417084e-02 2.429162338376045227e-02 4.468189179897308350e-02 3.227595984935760498e-02 1.827256381511688232e-02 1.247169822454452515e-02 5.061502102762460709e-03 2.840469405055046082e-02 3.133287187665700912e-03 5.143231898546218872e-02 6.753875408321619034e-03 2.393123134970664978e-02 2.017407119274139404e-02 5.644938722252845764e-02 3.965126723051071167e-02 3.068161569535732269e-02 5.112102255225181580e-03 1.208909903652966022e-03 3.507057577371597290e-02 5.665203090757131577e-03 6.935725687071681023e-04 5.689498409628868103e-02 8.110358379781246185e-03 6.527299061417579651e-03 3.191024437546730042e-02 1.338116265833377838e-02 2.854163292795419693e-03 2.382494742050766945e-03 5.896434187889099121e-02 7.731549441814422607e-03 5.096991546452045441e-03 2.523549832403659821e-03 5.012783408164978027e-02 4.747488722205162048e-02 3.101758472621440887e-02 3.290191665291786194e-02 2.171194925904273987e-02 1.458790432661771774e-02 2.747474424540996552e-02 2.504941448569297791e-02 1.239104941487312317e-02 1.248419582843780518e-01 1.150408089160919189e-01 6.985371559858322144e-02 3.853995725512504578e-02 4.925042018294334412e-02 2.269072271883487701e-02 4.334390908479690552e-02 1.672656461596488953e-02 2.799775637686252594e-02 4.592115059494972229e-02 4.361919313669204712e-02 4.080035164952278137e-02 2.564010582864284515e-02 2.088137902319431305e-02 7.666293531656265259e-03 3.904078528285026550e-02 3.592601791024208069e-02 3.076637163758277893e-03 8.403744548559188843e-03 2.220125496387481689e-02 2.436752244830131531e-02 4.634698852896690369e-02 1.402032095938920975e-02 1.035069435602054000e-04 5.348509643226861954e-03 2.391576953232288361e-02 1.071384362876415253e-02 2.788582630455493927e-02
9.476689249277114868e-02 1.019572019577026367e-01 2.616551006212830544e-03 2.512105368077754974e-02 2.979686018079519272e-03 5.255692452192306519e-02 5.742779001593589783e-02 2.345396205782890320e-02 1.620063558220863342e-02 3.768986091017723083e-02 9.675402194261550903e-02 5.352985858917236328e-02 5.545085668563842773e-01 5.178823694586753845e-02 1.555790845304727554e-02 1.482480112463235855e-02 3.815160319209098816e-02 3.134638816118240356e-02 5.330607667565345764e-02 3.961777687072753906e-02 2.142506092786788940e-02 4.237186536192893982e-02 5.280510988086462021e-03 2.405297011137008667e-02 2.487518824636936188e-02 4.147276654839515686e-02 1.814505271613597870e-02 2.860826440155506134e-02 4.774257168173789978e-02 1.517136953771114349e-02 5.155507847666740417e-02 3.095395863056182861e-03 1.682267710566520691e-02 2.124659530818462372e-02 2.444511838257312775e-02 1.520748343318700790e-02 3.022758755832910538e-03 8.663867600262165070e-03 9.403364732861518860e-03 1.910991780459880829e-02 8.182292804121971130e-03 4.135385155677795410e-02 4.423117265105247498e-02 2.373222820460796356e-02 3.877573646605014801e-03 1.813402585685253143e-02 1.962610147893428802e-02 4.727558419108390808e-02 1.329498644918203354e-02 2.560419403016567230e-02 5.831857197335921228e-05 2.946623787283897400e-02 4.621061310172080994e-02 4.898589849472045898e-02 4.336365032941102982e-03 2.558382600545883179e-02 1.933538354933261871e-03 3.106609359383583069e-02 3.253660630434751511e-03 1.323010493069887161e-02 4.104621708393096924e-03 1.340205688029527664e-02 1.817713491618633270e-02 1.305307634174823761e-02 4.455909132957458496e-02 6.376633793115615845e-02 2.544998750090599060e-02 3.841274976730346680e-02 1.542640291154384613e-02 2.766435500234365463e-03 1.251524593681097031e-02 3.000898286700248718e-02 3.796571400016546249e-03 3.537418693304061890e-02 2.293835766613483429e-02 3.613463789224624634e-02 6.743252277374267578e-03 4.091626033186912537e-02 4.814993217587471008e-02 8.616691455245018005e-03 6.480319891124963760e-03 1.936367712914943695e-02 1.289233658462762833e-02 2.333078766241669655e-03 4.131654649972915649e-02 3.592117875814437866e-02 1.919594779610633850e-02 2.032565418630838394e-03 1.672060228884220123e-02 1.193813793361186981e-02 4.435578733682632446e-02 4.302611947059631348e-02 4.764522984623908997e-02 1.222153101116418839e-02 3.225226700305938721e-02 2.828928641974925995e-02 4.751368251163512468e-04 6.951401010155677795e-03 1.137037761509418488e-02 1.372325140982866287e-02 2.076445519924163818e-02 2.268034964799880981e-02 1.402610819786787033e-02 1.103988476097583771e-02 4.117519035935401917e-02 3.328967466950416565e-02 1.596572063863277435e-02 4.342835023999214172e-02 1.039758604019880295e-02 4.026636481285095215e-02 5.577164236456155777e-03 9.453854523599147797e-03 3.269550576806068420e-02 4.398494213819503784e-02 3.965485841035842896e-02 1.200878061354160309e-02
