5.240088105201721191e-01 1.949865669012069702e-01 2.989160455763339996e-02 2.847112901508808136e-02 2.887651789933443069e-03 4.367943853139877319e-02 8.170979097485542297e-03 1.408424600958824158e-02 4.179076291620731354e-03 4.303219169378280640e-02 1.006849408149719238e-01 1.747725345194339752e-02 7.749713957309722900e-02 1.692647486925125122e-02 1.480783335864543915e-02 1.749546639621257782e-02 1.603384502232074738e-02 3.960989881306886673e-03 2.687546238303184509e-02 1.869142614305019379e-02 2.884701639413833618e-02 3.085354110226035118e-03 9.869074448943138123e-03 1.899464242160320282e-02 9.939337149262428284e-03 1.596505567431449890e-02 8.610214106738567352e-03 2.537876740097999573e-02 1.836939901113510132e-02 2.581241307780146599e-03 4.711453989148139954e-02 8.513958193361759186e-03 2.864316850900650024e-02 1.749304309487342834e-02 4.506014660000801086e-02 5.293962731957435608e-02 6.272668391466140747e-02 1.659079641103744507e-02 2.964707463979721069e-02 3.951673209667205811e-02 1.027756277471780777e-02 1.962414570152759552e-02 5.103116855025291443e-02 3.202786296606063843e-02 2.219254896044731140e-02 2.160766161978244781e-02 1.096609327942132950e-02 1.993187330663204193e-02 3.751375526189804077e-02 1.352760288864374161e-02 6.801731884479522705e-03 2.526127547025680542e-02 3.992827609181404114e-03 1.041768305003643036e-02 1.928421482443809509e-02 4.184599965810775757e-02 3.075194312259554863e-03 1.375336479395627975e-02 1.676004938781261444e-02 4.929666593670845032e-02 1.389304921030998230e-02 2.267046272754669189e-02 2.567584440112113953e-02 6.517964601516723633e-02 4.008993506431579590e-02 6.144409626722335815e-02 1.381871290504932404e-02 5.457059666514396667e-02 2.271515503525733948e-02 4.383426904678344727e-02 2.860736474394798279e-02 1.030740793794393539e-02 1.766436267644166946e-03 2.939631789922714233e-02 3.981668874621391296e-02 1.493225805461406708e-02 1.499974075704813004e-02 4.809861257672309875e-02 3.353269025683403015e-02 4.405915364623069763e-02 1.427915319800376892e-02 1.704792492091655731e-02 4.125536978244781494e-02 4.233972355723381042e-02 3.814149647951126099e-02 1.173417549580335617e-02 1.175900455564260483e-02 1.993603631854057312e-02 2.239237166941165924e-02 3.899446874856948853e-02 4.442168938112445176e-05 2.513684704899787903e-02 3.372842073440551758e-02 1.847041957080364227e-02 2.197270281612873077e-03 4.838708788156509399e-02 4.338815808296203613e-02 1.851158775389194489e-02 2.291890420019626617e-02 3.600255772471427917e-02 1.990663819015026093e-02 5.593401938676834106e-02 1.611127518117427826e-02 2.864108048379421234e-02 4.023089632391929626e-02 1.840311661362648010e-02 1.098700519651174545e-02 1.367945875972509384e-02 4.387108236551284790e-02 5.430560093373060226e-03 3.142729401588439941e-02 3.138869628310203552e-02 6.055988837033510208e-03 3.386853635311126709e-02 3.940913081169128418e-02 4.836608096957206726e-02
1.949865669012069702e-01 5.252780914306640625e-01 2.894502691924571991e-02 2.362349629402160645e-02 2.409411594271659851e-02 2.761668153107166290e-02 2.504562959074974060e-02 5.426121409982442856e-03 1.131752971559762955e-02 4.946743324398994446e-02 9.170074760913848877e-02 1.911864988505840302e-02 8.463213592767715454e-02 3.496545925736427307e-02 4.301616456359624863e-03 7.549195550382137299e-03 4.245303105562925339e-03 1.408698596060276031e-02 3.946504741907119751e-02 1.237325463443994522e-02 2.464898489415645599e-02 5.748675903305411339e-04 4.101221915334463120e-03 2.124452777206897736e-02 5.650498904287815094e-03 1.377794239670038223e-02 2.426137030124664307e-02 2.638254128396511078e-02 1.069473288953304291e-02 5.446424707770347595e-03 9.554154239594936371e-03 2.002984657883644104e-02 5.477216467261314392e-02 2.272983454167842865e-02 5.106310546398162842e-02 7.003397494554519653e-02 6.134480237960815430e-02 2.801999263465404510e-02 1.493914239108562469e-02 3.138890489935874939e-02 1.635758765041828156e-02 2.653305884450674057e-03 4.831790179014205933e-02 1.053294539451599121e-02 1.333741936832666397e-02 1.321639399975538254e-02 4.853383637964725494e-03 1.090232748538255692e-02 3.894975781440734863e-02 1.393942069262266159e-02 3.986862674355506897e-02 3.496713936328887939e-02 4.187180195003747940e-03 2.437271364033222198e-02 4.384844005107879639e-02 1.966935349628329277e-03 7.441564463078975677e-03 1.179608370875939727e-04 1.370489131659269333e-02 2.422163635492324829e-02 2.620005747303366661e-03 1.654323376715183258e-02 3.750756382942199707e-02 6.101835519075393677e-02 1.429943088442087173e-02 3.105769865214824677e-02 3.167107934132218361e-03 4.538468271493911743e-02 9.380951523780822754e-03 5.084691196680068970e-02 1.454099267721176147e-02 6.325995083898305893e-03 5.538964178413152695e-03 4.869239032268524170e-02 2.774736844003200531e-02 3.315974492579698563e-03 5.091601982712745667e-03 4.029025509953498840e-02 2.657014876604080200e-02 3.406434133648872375e-02 1.973091810941696167e-02 2.373148687183856964e-02 3.653841093182563782e-02 3.073115833103656769e-02 3.364792093634605408e-02 4.681979306042194366e-03 4.664246924221515656e-03 2.068449370563030243e-02 3.006087057292461395e-02 2.687409520149230957e-02 8.991717477329075336e-04 2.543701417744159698e-02 2.811588533222675323e-02 1.509863510727882385e-02 1.665995828807353973e-02 4.604839906096458435e-02 3.888803720474243164e-02 3.118720836937427521e-02 2.510606683790683746e-02 3.979988396167755127e-02 1.944388449192047119e-02 5.263463407754898071e-02 8.071536198258399963e-03 9.844822343438863754e-04 1.501975697465240955e-03 1.919705048203468323e-02 2.806854434311389923e-02 1.677800528705120087e-02 4.716376960277557373e-02 3.866039589047431946e-02 5.341758951544761658e-02 3.169525181874632835e-03 2.851043595001101494e-03 4.154806584119796753e-02 3.129112347960472107e-02 4.868732392787933350e-02
2.989160455763339996e-02 2.894502691924571991e-02 4.947187900543212891e-01 1.738443039357662201e-02 3.117396868765354156e-02 2.068259567022323608e-02 1.997667551040649414e-02 7.088492810726165771e-02 1.837992668151855469e-02 2.787115238606929779e-02 3.172513330355286598e-03 2.684539940673857927e-04 6.866861134767532349e-03 1.136324484832584858e-03 2.883213944733142853e-02 3.768924996256828308e-02 1.822288520634174347e-02 3.220090270042419434e-02 4.856180399656295776e-02 1.749621704220771790e-02 7.481580134481191635e-03 1.184060610830783844e-02 1.483685150742530823e-02 1.060006394982337952e-02 2.459932584315538406e-04 3.492043167352676392e-02 2.070536650717258453e-02 4.177469760179519653e-03 1.629087841138243675e-03 3.757709637284278870e-02 4.199313372373580933e-02 1.814601384103298187e-02 3.235069662332534790e-02 1.889153756201267242e-02 2.899799728766083717e-03 3.273226693272590637e-02 4.269577190279960632e-02 2.253670431673526764e-02 4.301585257053375244e-03 1.006553694605827332e-02 1.507603330537676811e-03 5.064299330115318298e-03 4.207156598567962646e-03 8.394990116357803345e-03 8.678736165165901184e-03 3.771941736340522766e-02 2.076197788119316101e-02 3.627255186438560486e-02 1.093851178884506226e-01 3.036225959658622742e-02 1.251968182623386383e-02 1.236531045287847519e-02 1.555559691041707993e-02 3.202904760837554932e-02 1.528433430939912796e-02 1.584204100072383881e-02 4.047723114490509033e-02 5.102254915982484818e-03 1.978520303964614868e-02 2.311350405216217041e-02 1.859013177454471588e-02 6.204038113355636597e-02 1.474309526383876801e-02 1.435678172856569290e-02 1.314566750079393387e-02 2.228102087974548340e-02 4.313732683658599854e-02 6.586244795471429825e-03 2.886077575385570526e-02 3.394194692373275757e-02 8.885756134986877441e-03 2.945835515856742859e-02 1.110179536044597626e-02 2.912799641489982605e-02 1.183724123984575272e-02 2.559197880327701569e-02 1.256027538329362869e-02 2.957121841609477997e-02 2.692509442567825317e-02 1.570319198071956635e-02 6.638830900192260742e-02 1.043208166956901550e-01 2.210918115451931953e-03 5.014881864190101624e-02 3.871054947376251221e-02 1.174376066774129868e-02 6.640604697167873383e-03 2.778484253212809563e-03 2.809935435652732849e-02 4.128085821866989136e-02 4.126100987195968628e-02 3.259462118148803711e-02 1.695934683084487915e-02 1.719062030315399170e-02 1.922138780355453491e-02 3.646863624453544617e-02 2.732897549867630005e-02 1.028351578861474991e-02 6.706267129629850388e-03 2.242202311754226685e-02 3.054688312113285065e-02 6.758703384548425674e-03 1.108006983995437622e-01 1.308236271142959595e-02 3.808126226067543030e-02 2.652939967811107635e-02 4.429256916046142578e-02 4.682629182934761047e-02 3.305865451693534851e-02 2.690415084362030029e-02 3.184129297733306885e-02 1.167424023151397705e-02 1.452932506799697876e-02 4.683900624513626099e-02 6.897249817848205566e-02 7.779094739817082882e-04
2.847112901508808136e-02 2.362349629402160645e-02 1.738443039357662201e-02 5.498245954513549805e-01 1.056882515549659729e-01 3.224601596593856812e-02 3.079080022871494293e-02 3.556208312511444092e-02 2.229410922154784203e-03 1.807522214949131012e-02 2.868087030947208405e-02 1.624896377325057983e-02 4.192591086030006409e-02 2.720116637647151947e-02 3.098123334348201752e-02 9.292415343225002289e-03 1.197665478684939444e-04 7.362888753414154053e-02 7.188570499420166016e-02 1.954448036849498749e-02 2.209530957043170929e-02 5.010486766695976257e-02 8.315314538776874542e-03 1.467780768871307373e-02 3.666502237319946289e-02 4.612287878990173340e-02 1.463381107896566391e-02 4.201443865895271301e-02 1.506200246512889862e-02 2.906652912497520447e-02 4.419797041919082403e-04 2.035816386342048645e-02 3.411364182829856873e-02 3.605788573622703552e-02 1.326001808047294617e-02 4.877721890807151794e-02 3.885981813073158264e-02 1.072015264071524143e-03 6.966281682252883911e-02 6.303084641695022583e-02 4.901511594653129578e-02 6.544081959873437881e-03 3.807000815868377686e-02 3.443623334169387817e-02 1.732938550412654877e-02 1.089136861264705658e-02 2.535845711827278137e-02 1.394450850784778595e-02 3.810273855924606323e-02 4.005956649780273438e-02 4.988612979650497437e-02 3.593705967068672180e-02 4.323792457580566406e-02 1.694757118821144104e-02 3.884758625645190477e-04 2.255753643112257123e-04 1.270187180489301682e-02 1.402676478028297424e-02 6.044270005077123642e-03 5.035676527768373489e-03 4.904466122388839722e-02 6.651125103235244751e-02 2.777117770165205002e-03 1.287552155554294586e-02 1.692946883849799633e-03 3.906736150383949280e-02 2.358021773397922516e-02 3.980905190110206604e-02 2.562135271728038788e-02 2.127502858638763428e-02 1.251765247434377670e-02 1.264490373432636261e-02 9.914694726467132568e-02 5.518191028386354446e-03 9.140008687973022461e-02 6.430401001125574112e-03 3.163542598485946655e-02 1.235661935061216354e-02 3.336289897561073303e-02 4.517644271254539490e-02 5.990767851471900940e-03 1.367043145000934601e-02 7.673987001180648804e-02 7.697337865829467773e-02 2.919022180140018463e-02 4.720431938767433167e-02 3.324939310550689697e-02 4.050837084650993347e-02 3.080643899738788605e-02 3.734536096453666687e-02 1.292304974049329758e-02 2.289472520351409912e-02 4.403275996446609497e-02 5.275783687829971313e-02 4.019142594188451767e-03 2.182914316654205322e-02 3.278897330164909363e-02 1.223062165081501007e-03 3.232300654053688049e-02 2.644205838441848755e-02 2.906674146652221680e-02 4.109262302517890930e-02 4.740253463387489319e-02 2.141319587826728821e-02 2.242384478449821472e-02 1.147345453500747681e-02 2.276286296546459198e-02 2.983865328133106232e-02 1.961345225572586060e-02 2.513406425714492798e-02 2.444012323394417763e-03 1.019603479653596878e-02 4.197219386696815491e-03 2.785101346671581268e-02 2.727844193577766418e-02 5.234581418335437775e-03
2.887651789933443069e-03 2.409411594271659851e-02 3.117396868765354156e-02 1.056882515549659729e-01 5.216938257217407227e-01 1.696825399994850159e-02 3.178467601537704468e-02 2.627264149487018585e-02 7.176066283136606216e-03 2.506163157522678375e-02 4.234096780419349670e-02 4.814079403877258301e-02 4.982285574078559875e-02 4.152890667319297791e-02 2.118035592138767242e-02 3.200094401836395264e-02 2.172582037746906281e-02 6.421524286270141602e-02 3.199836239218711853e-02 3.541398048400878906e-02 6.635433062911033630e-03 5.510754417628049850e-03 1.329588610678911209e-02 2.266815135953947902e-04 3.051009029150009155e-02 3.276089578866958618e-02 1.447069831192493439e-02 2.133477246388792992e-03 1.672869548201560974e-03 1.170084346085786819e-02 4.725795611739158630e-02 3.522454202175140381e-02 2.231096848845481873e-02 3.845174238085746765e-02 1.946761459112167358e-02 2.419341821223497391e-03 4.503025775193236768e-05 2.503489702939987183e-02 7.263274490833282471e-02 7.654304802417755127e-02 5.405199248343706131e-03 2.702651312574744225e-03 6.247663125395774841e-02 3.576422482728958130e-02 7.232880685478448868e-03 8.795168250799179077e-03 3.940151538699865341e-03 9.502250701189041138e-03 2.610608749091625214e-02 2.307541482150554657e-02 3.249593451619148254e-02 1.215272932313382626e-03 3.445075824856758118e-02 1.559132803231477737e-02 4.852454364299774170e-02 1.519095059484243393e-02 1.550258789211511612e-02 1.131022442132234573e-02 4.199795797467231750e-02 2.728988043963909149e-02 2.314743958413600922e-02 1.279861014336347580e-02 1.313076261430978775e-02 3.540921956300735474e-02 4.261291772127151489e-02 1.427126396447420120e-02 3.307056427001953125e-02 2.882177382707595825e-02 3.732332726940512657e-03 4.624637216329574585e-02 4.511919105425477028e-04 4.126434773206710815e-02 7.449252903461456299e-02 2.578127197921276093e-02 1.008294597268104553e-01 1.786828041076660156e-02 2.161390148103237152e-02 6.095487251877784729e-02 4.228701442480087280e-02 3.342381492257118225e-02 4.064060747623443604e-02 1.688560470938682556e-02 3.583635902032256126e-03 4.340709745883941650e-02 1.871887594461441040e-02 4.134139791131019592e-02 2.472065389156341553e-02 4.776567593216896057e-02 2.781288139522075653e-02 3.305286541581153870e-02 1.551360171288251877e-02 9.032973088324069977e-03 6.599609274417161942e-03 1.854591630399227142e-02 2.896543033421039581e-02 1.843762397766113281e-02 2.013719826936721802e-02 3.189482539892196655e-02 6.692227441817522049e-03 2.240026555955410004e-02 2.306902781128883362e-02 1.706497371196746826e-02 2.014694362878799438e-02 1.749356836080551147e-02 3.934564813971519470e-02 6.371164228767156601e-03 9.372084401547908783e-03 1.436702720820903778e-02 4.035250470042228699e-02 2.244024351239204407e-02 1.988168992102146149e-02 4.545899853110313416e-02 7.594267372041940689e-03 4.705671966075897217e-02 6.632039695978164673e-02 2.463890239596366882e-02
4.367943853139877319e-02 2.761668153107166290e-02 2.068259567022323608e-02 3.224601596593856812e-02 1.696825399994850159e-02 5.264970064163208008e-01 1.864824146032333374e-01 1.198278833180665970e-02 2.889397367835044861e-02 2.676938660442829132e-02 4.532516933977603912e-03 5.072021111845970154e-02 2.051057107746601105e-02 5.382299423217773438e-02 1.591263152658939362e-02 1.843541860580444336e-02 1.378413662314414978e-02 1.277429331094026566e-02 1.297593466006219387e-03 3.729563904926180840e-03 3.607888519763946533e-02 2.010016329586505890e-02 2.776358090341091156e-02 3.875768976286053658e-03 1.278265193104743958e-02 6.937156897038221359e-03 1.650212891399860382e-02 1.138664782047271729e-03 4.860694333910942078e-02 1.006729993969202042e-02 1.658665947616100311e-02 3.567719133570790291e-03 2.035782672464847565e-02 4.132641479372978210e-02 2.505736425518989563e-02 1.103237969800829887e-03 5.911227781325578690e-04 3.598729893565177917e-02 1.207839511334896088e-02 3.397923335433006287e-02 3.052967227995395660e-02 1.708772033452987671e-02 1.302994508296251297e-02 4.143809899687767029e-02 1.304263435304164886e-02 1.836594752967357635e-02 1.342922002077102661e-01 8.619251847267150879e-02 4.573206230998039246e-02 2.152843959629535675e-02 2.866039983928203583e-02 3.347963467240333557e-02 2.711525931954383850e-02 1.869743503630161285e-02 4.636844620108604431e-02 1.711818017065525055e-02 1.400564983487129211e-02 1.238810131326317787e-03 9.744677692651748657e-03 4.779540002346038818e-02 3.881011530756950378e-02 2.129014953970909119e-02 1.280205603688955307e-02 2.691121771931648254e-02 4.627915099263191223e-02 3.628509119153022766e-02 2.021084539592266083e-02 1.073431037366390228e-02 7.889307453297078609e-04 1.679405570030212402e-02 2.447789721190929413e-02 3.153525665402412415e-02 4.223002493381500244e-02 1.824432169087231159e-03 9.670244529843330383e-03 1.809107139706611633e-02 9.535175049677491188e-04 2.075747400522232056e-02 3.444265201687812805e-02 1.213310286402702332e-02 1.446183212101459503e-02 2.269594743847846985e-02 3.184293583035469055e-02 1.490409392863512039e-02 1.181676238775253296e-02 3.919691219925880432e-02 8.341965731233358383e-04 1.377830933779478073e-02 4.430922679603099823e-03 5.517328530550003052e-02 6.100697815418243408e-02 9.434685111045837402e-03 8.553811162710189819e-02 1.048095338046550751e-02 3.688384965062141418e-02 1.242556236684322357e-02 1.529014762490987778e-02 3.220569714903831482e-02 1.932363025844097137e-02 3.694070968776941299e-03 7.215973921120166779e-03 1.822065003216266632e-02 1.591338403522968292e-02 4.067240282893180847e-02 6.243103183805942535e-03 1.231040060520172119e-02 1.994204521179199219e-02 2.949643135070800781e-02 4.782560747116804123e-03 1.907327398657798767e-02 2.776601351797580719e-02 1.926471851766109467e-02 5.296297837048768997e-03 3.493648767471313477e-02 4.308384843170642853e-03 1.750339940190315247e-02
8.170979097485542297e-03 2.504562959074974060e-02 1.997667551040649414e-02 3.079080022871494293e-02 3.178467601537704468e-02 1.864824146032333374e-01 5.262851715087890625e-01 3.928446024656295776e-02 1.671063480898737907e-03 7.057215552777051926e-03 2.163006737828254700e-02 3.137850761413574219e-02 3.620369732379913330e-02 6.055551394820213318e-02 3.021697700023651123e-02 2.215280570089817047e-02 7.791351526975631714e-03 1.153392950072884560e-03 4.402069374918937683e-02 2.524039521813392639e-02 2.967593632638454437e-02 3.180222585797309875e-02 2.205473184585571289e-02 3.528892993927001953e-03 3.774663060903549194e-02 2.045469731092453003e-02 2.342974208295345306e-02 3.167766705155372620e-02 3.698685020208358765e-02 4.352823365479707718e-03 1.701410673558712006e-02 3.293545171618461609e-02 1.067682821303606033e-02 3.202081099152565002e-02 3.695094259455800056e-03 1.121629774570465088e-02 5.347243510186672211e-03 3.172393515706062317e-02 5.076986737549304962e-03 1.651947572827339172e-02 2.038871496915817261e-02 1.983576081693172455e-02 1.349116023629903793e-02 6.273560225963592529e-03 3.540332242846488953e-02 2.738608978688716888e-02 1.304474025964736938e-01 1.099991649389266968e-01 4.299313575029373169e-02 6.832803483121097088e-04 1.888149604201316833e-02 4.032077267765998840e-02 9.986695833504199982e-03 2.649958245456218719e-02 3.986401855945587158e-02 1.076022908091545105e-02 6.133052054792642593e-03 1.856331364251673222e-03 4.407887812703847885e-03 2.824934758245944977e-02 5.171283613890409470e-03 2.971289679408073425e-02 2.896612510085105896e-02 1.816866337321698666e-03 5.040067061781883240e-02 2.921801805496215820e-02 4.920221492648124695e-02 1.537500601261854172e-02 2.838315255939960480e-02 4.861986637115478516e-02 5.196416750550270081e-03 2.094707638025283813e-02 3.339731320738792419e-02 4.714457318186759949e-02 4.334416007623076439e-04 2.530377358198165894e-02 1.352828741073608398e-02 9.657131507992744446e-03 3.354959934949874878e-02 1.662216335535049438e-02 6.674381438642740250e-03 3.275910019874572754e-02 3.832378238439559937e-02 3.084669075906276703e-02 1.347066089510917664e-02 1.205849274992942810e-02 2.027299627661705017e-02 1.009472645819187164e-02 1.867295615375041962e-02 3.469279035925865173e-02 8.158294856548309326e-02 2.219587191939353943e-02 1.124655380845069885e-01 6.473002489656209946e-03 2.439551800489425659e-02 4.076886922121047974e-02 2.922700345516204834e-02 4.004570841789245605e-02 2.685473673045635223e-02 1.439402252435684204e-02 3.711360320448875427e-02 3.989504650235176086e-02 4.308848455548286438e-02 3.143706172704696655e-02 3.954415768384933472e-02 1.425186544656753540e-02 8.259048685431480408e-03 4.770162701606750488e-02 1.943992078304290771e-02 3.396829590201377869e-02 1.199342589825391769e-02 4.274406936019659042e-03 1.776919513940811157e-02 2.604591287672519684e-02 1.915492489933967590e-02 5.016432330012321472e-02
1.408424600958824158e-02 5.426121409982442856e-03 7.088492810726165771e-02 3.556208312511444092e-02 2.627264149487018585e-02 1.198278833180665970e-02 3.928446024656295776e-02 5.402225852012634277e-01 1.478314585983753204e-02 3.259951248764991760e-02 4.237136989831924438e-02 2.505520358681678772e-02 5.155221000313758850e-02 9.045009501278400421e-03 8.321187645196914673e-02 6.681054830551147461e-03 1.810792274773120880e-02 3.373315790668129921e-03 2.256315574049949646e-02 1.472171116620302200e-02 3.520749974995851517e-03 6.925173103809356689e-02 1.292338129132986069e-02 3.086426481604576111e-02 1.829011738300323486e-02 3.800069913268089294e-02 8.528570830821990967e-02 2.498906850814819336e-02 1.875858753919601440e-02 2.976212464272975922e-02 3.903295099735260010e-02 3.711157292127609253e-02 3.388825058937072754e-02 3.497646003961563110e-02 3.826583921909332275e-02 4.319892264902591705e-03 7.704161107540130615e-03 2.827127836644649506e-02 2.744103595614433289e-02 3.147868439555168152e-03 2.496153675019741058e-02 5.052471533417701721e-02 3.965789079666137695e-02 2.966815419495105743e-02 4.073718935251235962e-02 2.624281123280525208e-02 9.307818487286567688e-03 2.113642916083335876e-02 1.491324231028556824e-02 4.182812571525573730e-02 1.433701347559690475e-02 1.969659328460693359e-02 2.023632638156414032e-02 5.067203938961029053e-02 5.538173485547304153e-03 4.037657752633094788e-02 3.244082629680633545e-02 4.647690337151288986e-03 5.497636646032333374e-02 1.032405346632003784e-02 2.505226805806159973e-02 3.238254413008689880e-02 4.379046335816383362e-02 1.940962672233581543e-02 2.890636213123798370e-02 4.846647847443819046e-03 2.764883916825056076e-03 3.415952995419502258e-02 4.490622133016586304e-02 4.103611782193183899e-02 2.618514932692050934e-02 4.497831314802169800e-02 1.374936848878860474e-02 4.148065671324729919e-02 3.380818665027618408e-02 6.807362195104360580e-03 2.570670284330844879e-02 3.409158065915107727e-02 8.048254996538162231e-03 2.760297246277332306e-02 9.580883383750915527e-02 4.828750714659690857e-02 3.081617876887321472e-02 1.568808592855930328e-02 7.133591920137405396e-03 3.584047663025557995e-04 8.040606975555419922e-02 7.353421300649642944e-02 3.350147604942321777e-02 1.144740171730518341e-02 2.073883824050426483e-02 2.766720578074455261e-02 2.539855428040027618e-02 2.579497918486595154e-02 3.095492720603942871e-03 3.339520469307899475e-02 3.677584230899810791e-02 3.502652421593666077e-02 2.791220322251319885e-02 3.183887526392936707e-02 1.940639130771160126e-02 2.635799720883369446e-02 2.919823117554187775e-02 2.410092623904347420e-03 1.774695888161659241e-02 7.495499216020107269e-03 4.677212610840797424e-02 4.886215552687644958e-02 6.223494932055473328e-02 2.484295144677162170e-02 1.068219915032386780e-02 1.515289861708879471e-02 3.359012678265571594e-02 4.791743308305740356e-02 4.087209701538085938e-03 1.940419897437095642e-02
4.179076291620731354e-03 1.131752971559762955e-02 1.837992668151855469e-02 2.229410922154784203e-03 7.176066283136606216e-03 2.889397367835044861e-02 1.671063480898737907e-03 1.478314585983753204e-02 5.271370410919189453e-01 8.548483997583389282e-02 6.100089289247989655e-03 2.930566109716892242e-02 1.076991297304630280e-02 7.666584104299545288e-03 2.222857996821403503e-02 2.490629814565181732e-02 3.308290848508477211e-03 1.973691768944263458e-02 1.795447804033756256e-02 4.524603486061096191e-03 3.427586704492568970e-02 8.459861855953931808e-04 8.959800750017166138e-02 5.234433338046073914e-02 2.040482312440872192e-02 4.445460438728332520e-02 3.881643339991569519e-02 2.916334196925163269e-02 4.777086526155471802e-02 3.844529017806053162e-02 3.280509263277053833e-02 1.908734813332557678e-02 2.817252092063426971e-02 3.419511020183563232e-02 1.219403371214866638e-02 1.332947611808776855e-02 1.483755651861429214e-02 1.406446285545825958e-02 2.377056516706943512e-02 2.782239206135272980e-02 3.253642842173576355e-02 4.985819384455680847e-02 1.083288443624041975e-04 2.852598391473293304e-02 4.307734593749046326e-02 3.378013893961906433e-02 2.826258167624473572e-02 3.108689561486244202e-03 1.730731315910816193e-02 3.293354064226150513e-03 3.916497807949781418e-03 2.717567794024944305e-02 4.026081413030624390e-03 2.704420872032642365e-02 4.611562192440032959e-02 3.494264930486679077e-02 4.909950494766235352e-02 5.321715027093887329e-02 3.775513917207717896e-02 8.143006823956966400e-03 2.694815397262573242e-02 3.842464834451675415e-02 4.778323695063591003e-02 3.663118183612823486e-02 3.491285443305969238e-02 3.515805676579475403e-02 7.580458186566829681e-03 4.435466229915618896e-02 1.172400638461112976e-01 2.132635563611984253e-02 6.615988165140151978e-02 1.684492453932762146e-02 3.972520306706428528e-02 1.899234578013420105e-02 1.816512644290924072e-02 2.809573523700237274e-02 1.512864083051681519e-01 9.958298504352569580e-02 2.606339193880558014e-02 1.893168687820434570e-02 3.548575192689895630e-02 8.948151953518390656e-03 5.230168346315622330e-03 1.798968017101287842e-02 2.701365202665328979e-02 5.340625648386776447e-04 1.662433333694934845e-02 4.273608699440956116e-02 6.694095581769943237e-02 2.352177910506725311e-02 2.120157517492771149e-02 2.809675596654415131e-02 2.681138925254344940e-02 1.599731855094432831e-02 2.631379663944244385e-02 4.888004809617996216e-02 2.884214743971824646e-02 4.737414047122001648e-02 6.854815036058425903e-02 3.949287533760070801e-02 7.799619343131780624e-03 2.848736569285392761e-02 2.059271372854709625e-02 3.876227140426635742e-02 2.193781547248363495e-02 2.523827366530895233e-02 3.098443150520324707e-02 4.825963079929351807e-02 2.506602089852094650e-03 3.095938265323638916e-02 1.949670724570751190e-02 5.202012509107589722e-02 5.537671037018299103e-03 5.464079603552818298e-02 3.813654929399490356e-02 6.231430917978286743e-03
4.303219169378280640e-02 4.946743324398994446e-02 2.787115238606929779e-02 1.807522214949131012e-02 2.506163157522678375e-02 2.676938660442829132e-02 7.057215552777051926e-03 3.259951248764991760e-02 8.548483997583389282e-02 5.372715592384338379e-01 2.974808961153030396e-02 3.419646620750427246e-02 2.741930633783340454e-02 5.035535246133804321e-02 2.963530132547020912e-03 1.077791862189769745e-02 2.551726996898651123e-02 6.095678359270095825e-02 7.005450129508972168e-02 5.178752914071083069e-02 2.689504250884056091e-02 3.462757216766476631e-03 4.705308750271797180e-02 7.890874147415161133e-02 5.369394645094871521e-02 3.160610329359769821e-03 2.849379740655422211e-02 1.021556742489337921e-02 2.901327610015869141e-02 5.292158573865890503e-03 3.925672546029090881e-02 1.177521236240863800e-02 1.731335744261741638e-02 3.560537844896316528e-02 2.713257633149623871e-02 4.691326245665550232e-02 2.211763896048069000e-02 2.946963533759117126e-02 3.029671125113964081e-02 1.796341687440872192e-02 1.559953391551971436e-02 2.911069057881832123e-02 4.167530685663223267e-02 3.779647173359990120e-03 3.430017456412315369e-02 2.131397649645805359e-02 5.473700352013111115e-03 7.383155170828104019e-03 4.569092765450477600e-02 8.687679469585418701e-02 2.893023751676082611e-02 4.048352688550949097e-02 1.623730175197124481e-02 2.422691136598587036e-02 2.892792038619518280e-02 5.597578734159469604e-02 4.783874377608299255e-02 4.791138693690299988e-02 2.761687152087688446e-02 2.713877940550446510e-03 1.651118160225450993e-03 4.893023869954049587e-04 2.292233332991600037e-02 3.457411006093025208e-02 4.555810615420341492e-02 3.888687118887901306e-02 4.719324409961700439e-02 3.971528261899948120e-02 3.141348063945770264e-02 2.248766832053661346e-02 8.692006021738052368e-02 1.418995205312967300e-02 1.583485119044780731e-02 2.892533503472805023e-02 2.122665056958794594e-03 3.663628920912742615e-02 3.168646618723869324e-02 1.296034306287765503e-01 5.387640092521905899e-03 9.728824347257614136e-02 3.880535811185836792e-02 2.364322729408740997e-02 5.182801559567451477e-02 1.611305214464664459e-02 3.539528697729110718e-02 1.146744936704635620e-02 2.886639349162578583e-02 3.745382279157638550e-02 3.538848599418997765e-03 1.032972037792205811e-01 3.178893122822046280e-03 9.113418869674205780e-03 1.135270204395055771e-02 5.276015494018793106e-03 1.814948208630084991e-02 4.027406871318817139e-02 3.504317998886108398e-02 4.479734599590301514e-02 1.324712019413709641e-02 8.420558646321296692e-03 2.424246072769165039e-02 2.801373973488807678e-02 6.909420248121023178e-03 1.837051939219236374e-03 1.716641522943973541e-02 6.722528021782636642e-03 4.563490673899650574e-02 3.762155398726463318e-02 3.715445473790168762e-02 3.176739066839218140e-02 2.326826192438602448e-02 1.591636682860553265e-03 2.428560331463813782e-02 1.160852960310876369e-03 4.154533147811889648e-02 6.351517979055643082e-03
1.006849408149719238e-01 9.170074760913848877e-02 3.172513330355286598e-03 2.868087030947208405e-02 4.234096780419349670e-02 4.532516933977603912e-03 2.163006737828254700e-02 4.237136989831924438e-02 6.100089289247989655e-03 2.974808961153030396e-02 5.412048101425170898e-01 1.972241513431072235e-02 7.832586020231246948e-02 1.925275474786758423e-02 2.928556501865386963e-02 1.050778198987245560e-02 1.986159570515155792e-02 4.739829897880554199e-02 4.121337831020355225e-02 4.045303910970687866e-02 4.024267569184303284e-02 3.755951672792434692e-02 9.060209849849343300e-04 2.104879170656204224e-02 1.430151425302028656e-02 2.283555641770362854e-02 1.943024992942810059e-02 4.263701662421226501e-02 3.442608937621116638e-02 2.744038030505180359e-02 9.973862208425998688e-03 1.949952798895537853e-03 7.818858139216899872e-03 1.284898817539215088e-02 1.927785016596317291e-02 2.875676006078720093e-02 3.452357649803161621e-02 2.289098687469959259e-03 1.588989794254302979e-02 3.052764199674129486e-02 5.143402609974145889e-03 1.011888869106769562e-02 2.312666922807693481e-02 3.633888438344001770e-02 4.745391383767127991e-02 4.421765357255935669e-02 3.913246095180511475e-02 1.673772744834423065e-02 4.315745085477828979e-02 2.991253137588500977e-02 5.065159127116203308e-02 4.733560606837272644e-02 1.787768490612506866e-02 1.023795921355485916e-02 1.669355668127536774e-02 2.433649078011512756e-02 3.424469148740172386e-03 4.645409062504768372e-03 5.136757157742977142e-03 4.566689487546682358e-03 7.978485897183418274e-03 9.449577890336513519e-03 3.582944627851247787e-04 1.374041195958852768e-02 3.832042217254638672e-02 3.130336850881576538e-02 2.616171911358833313e-02 4.315234720706939697e-02 9.966684738174080849e-04 4.157477058470249176e-03 4.857972729951143265e-03 3.985797986388206482e-02 7.863150909543037415e-03 1.210150215774774551e-02 2.174094319343566895e-02 3.329643607139587402e-02 8.438919670879840851e-03 2.871336042881011963e-02 2.850158512592315674e-02 3.936164453625679016e-02 4.274259507656097412e-02 3.964341431856155396e-02 2.398415468633174896e-02 4.239328950643539429e-02 2.857322245836257935e-02 4.927832633256912231e-02 5.538326501846313477e-02 1.040609274059534073e-02 8.240588940680027008e-03 2.741487324237823486e-02 2.156635560095310211e-02 3.694362565875053406e-02 1.698194630444049835e-02 3.040316328406333923e-02 3.070908039808273315e-02 6.862466223537921906e-03 2.577988430857658386e-02 1.545759011059999466e-02 1.111796870827674866e-02 1.149394456297159195e-02 2.954567410051822662e-02 1.257696771062910557e-03 6.417333614081144333e-03 3.994949534535408020e-02 3.609202103689312935e-04 8.358479244634509087e-04 1.102206390351057053e-02 1.522264536470174789e-02 1.470788661390542984e-02 1.647632382810115814e-02 2.655320335179567337e-03 8.408039808273315430e-03 1.747851446270942688e-02 2.648924291133880615e-02 2.766124717891216278e-02 3.716222569346427917e-02
1.747725345194339752e-02 1.911864988505840302e-02 2.684539940673857927e-04 1.624896377325057983e-02 4.814079403877258301e-02 5.072021111845970154e-02 3.137850761413574219e-02 2.505520358681678772e-02 2.930566109716892242e-02 3.419646620750427246e-02 1.972241513431072235e-02 5.302450656890869141e-01 2.277354244142770767e-03 1.861735433340072632e-01 1.195164490491151810e-02 7.927394472062587738e-03 1.913197524845600128e-02 1.527875754982233047e-02 1.096201594918966293e-02 4.145958274602890015e-02 5.446682684123516083e-03 2.681273326743394136e-04 3.911977261304855347e-02 5.043336004018783569e-02 3.284303843975067139e-02 9.201685898005962372e-03 4.724041000008583069e-02 1.200847327709197998e-01 2.971657551825046539e-02 1.215733960270881653e-01 4.773673135787248611e-03 4.195534810423851013e-02 2.584781683981418610e-02 2.934559807181358337e-02 9.716128930449485779e-03 4.659583792090415955e-03 5.628530867397785187e-03 5.959576461464166641e-03 4.708730056881904602e-02 2.981611154973506927e-02 2.007690630853176117e-02 1.677184738218784332e-02 1.844054460525512695e-02 3.601099550724029541e-02 7.371544837951660156e-02 3.395788744091987610e-02 4.211869090795516968e-02 4.103854298591613770e-02 1.812725141644477844e-02 9.328901767730712891e-03 2.132631838321685791e-02 9.645536541938781738e-03 3.254702314734458923e-02 4.852791130542755127e-02 2.804847620427608490e-02 3.336082398891448975e-02 1.194094121456146240e-02 2.115007117390632629e-02 4.135929048061370850e-02 3.379682451486587524e-02 8.870537392795085907e-03 3.562035784125328064e-02 3.332655876874923706e-02 8.414193987846374512e-03 2.013483643531799316e-02 2.932631177827715874e-03 2.189617045223712921e-02 1.815168000757694244e-02 1.770208030939102173e-02 4.464668035507202148e-02 2.018429152667522430e-02 2.312605082988739014e-02 1.115467399358749390e-02 4.300561919808387756e-02 5.217462312430143356e-03 8.280378766357898712e-03 3.169800620526075363e-03 3.302598372101783752e-02 3.454953432083129883e-02 1.779375784099102020e-02 2.866724319756031036e-02 2.449399046599864960e-02 3.530028834939002991e-02 1.573607139289379120e-02 4.003132879734039307e-02 2.219520509243011475e-02 1.878193765878677368e-02 3.525130078196525574e-02 2.624620497226715088e-02 5.201170966029167175e-02 3.066606260836124420e-02 2.694156579673290253e-02 7.814288884401321411e-02 3.151130676269531250e-02 2.998910844326019287e-02 2.958355844020843506e-02 3.678434528410434723e-03 9.368874132633209229e-03 1.870400272309780121e-02 4.437754303216934204e-02 3.866395354270935059e-02 2.645322121679782867e-02 5.447726696729660034e-03 2.468173392117023468e-02 3.734695911407470703e-02 2.751311659812927246e-02 2.079920284450054169e-02 4.634354263544082642e-02 1.322555541992187500e-02 1.602716930210590363e-02 5.884490162134170532e-02 1.242457795888185501e-02 3.786688670516014099e-02 7.754695601761341095e-03 3.381329774856567383e-02 8.595372783020138741e-04
7.749713957309722900e-02 8.463213592767715454e-02 6.866861134767532349e-03 4.192591086030006409e-02 4.982285574078559875e-02 2.051057107746601105e-02 3.620369732379913330e-02 5.155221000313758850e-02 1.076991297304630280e-02 2.741930633783340454e-02 7.832586020231246948e-02 2.277354244142770767e-03 5.475569367408752441e-01 7.964368909597396851e-03 4.736846685409545898e-02 8.735154755413532257e-03 1.921347156167030334e-02 4.685009270906448364e-02 3.459427878260612488e-02 4.036162048578262329e-02 4.945793002843856812e-02 3.673345595598220825e-02 8.669123984873294830e-03 7.228092290461063385e-03 1.294997520744800568e-02 1.435027271509170532e-02 3.519431874155998230e-02 3.356159897521138191e-03 5.926399608142673969e-04 1.546898577362298965e-02 1.685749366879463196e-02 5.886161699891090393e-03 5.250010173767805099e-03 1.811976544559001923e-02 5.187604110687971115e-03 3.096320666372776031e-02 4.816938936710357666e-02 9.589951485395431519e-03 3.475540503859519958e-02 5.691982805728912354e-02 1.383031159639358521e-02 1.457189768552780151e-02 1.907204650342464447e-02 5.553053691983222961e-02 3.212487557902932167e-03 5.708172172307968140e-02 1.365086901932954788e-02 1.289552915841341019e-02 5.190031230449676514e-02 1.942592673003673553e-02 4.870514199137687683e-02 4.388139024376869202e-02 1.985543407499790192e-02 2.353804931044578552e-02 4.597344994544982910e-02 3.508116677403450012e-02 2.598628168925642967e-03 1.080862246453762054e-02 1.255689095705747604e-02 1.285131089389324188e-02 2.217118814587593079e-02 2.936194278299808502e-02 7.439216133207082748e-03 1.070237345993518829e-02 1.591207832098007202e-02 4.810369387269020081e-02 2.146236971020698547e-02 3.140267357230186462e-02 2.026258036494255066e-03 4.802007228136062622e-03 8.636176586151123047e-03 1.762828417122364044e-02 3.445427864789962769e-02 1.533697452396154404e-02 3.725404664874076843e-02 2.453210763633251190e-02 1.622206531465053558e-02 2.693613059818744659e-02 4.772602114826440811e-03 4.016910120844841003e-02 4.747455194592475891e-02 3.277017269283533096e-03 4.152332246303558350e-02 3.799522668123245239e-02 2.598854340612888336e-02 4.493724554777145386e-02 4.989835247397422791e-02 4.686338081955909729e-02 7.174707483500242233e-03 3.113285347353667021e-04 3.062112722545862198e-03 1.758222281932830811e-02 6.645333487540483475e-04 4.132571443915367126e-02 1.184652559459209442e-02 4.319752915762364864e-04 3.757595643401145935e-02 3.469952195882797241e-02 1.557147968560457230e-02 5.044911056756973267e-03 2.723961882293224335e-02 1.170400436967611313e-02 4.831374157220125198e-03 5.846448242664337158e-02 3.128402750007808208e-04 4.332026932388544083e-03 7.571827154606580734e-03 3.044935129582881927e-02 2.037426084280014038e-02 1.130920369178056717e-02 8.136312477290630341e-03 8.847437798976898193e-03 1.698675379157066345e-02 3.117278404533863068e-02 2.592419460415840149e-02 2.431382983922958374e-02
