5.317630171775817871e-01 1.001690328121185303e-01 4.414523020386695862e-02 4.527904384303838015e-04 4.486863035708665848e-03 7.072854042053222656e-02 9.677854366600513458e-03 2.863318845629692078e-02 2.088806219398975372e-02 6.443248689174652100e-02 1.185441464185714722e-01 1.035706233233213425e-02 7.001369446516036987e-02 2.462833188474178314e-02 3.678965568542480469e-02 2.616435475647449493e-02 3.719679266214370728e-02 3.497548773884773254e-02 5.804064683616161346e-03 2.958275005221366882e-02 2.417219802737236023e-02 1.015677303075790405e-02 1.866976544260978699e-02 3.456987813115119934e-02 4.240445792675018311e-02 3.967105969786643982e-02 2.465589530766010284e-02 3.059544041752815247e-02 7.847049832344055176e-02 2.031399309635162354e-02 2.668346837162971497e-02 3.473848849534988403e-02 1.380914170295000076e-02 3.389526158571243286e-02 2.991685876622796059e-03 1.863423548638820648e-02 1.074769627302885056e-02 3.433069214224815369e-02 4.054569825530052185e-02 4.261343739926815033e-03 3.259037062525749207e-02 6.126763299107551575e-03 2.981835743412375450e-03 4.569262638688087463e-02 4.113587737083435059e-02 2.595154196023941040e-02 9.429158270359039307e-02 1.749864593148231506e-02 2.613269537687301636e-02 1.483121886849403381e-02 1.519593410193920135e-02 1.660220732446759939e-04 7.628060877323150635e-03 1.126426644623279572e-02 2.538518048822879791e-02 1.614559441804885864e-02 3.762974590063095093e-02 6.216566544026136398e-04 7.448316318914294243e-04 8.238864131271839142e-03 6.310992874205112457e-03 1.904231868684291840e-02 3.031212463974952698e-02 1.379841845482587814e-02 6.249957531690597534e-02 1.976490765810012817e-02 3.291931003332138062e-02 3.983315080404281616e-02 1.412815134972333908e-02 8.231271058320999146e-03 1.242856867611408234e-02 1.127443928271532059e-02 2.255071699619293213e-02 9.204789996147155762e-03 3.657881915569305420e-02 7.275284267961978912e-03 6.765918806195259094e-03 3.403078019618988037e-02 2.161791175603866577e-02 1.646010018885135651e-02 3.749220073223114014e-02 1.634456589818000793e-02 1.677221246063709259e-02 3.835954144597053528e-02 4.487125948071479797e-02 3.778849169611930847e-02 9.556293487548828125e-03 2.338767662877216935e-04 3.459946811199188232e-02 5.044007301330566406e-02 1.044262573122978210e-01 3.155836462974548340e-02 1.633570343255996704e-02 9.716851636767387390e-03 8.889024611562490463e-04 2.591515332460403442e-02 1.680934615433216095e-02 3.063468076288700104e-02 2.180861309170722961e-02 1.122750993818044662e-02 2.006766013801097870e-02 3.084767423570156097e-02 1.416525617241859436e-02 2.786550670862197876e-02 2.506501786410808563e-02 2.097287029027938843e-02 4.912748187780380249e-02 3.338758833706378937e-03 4.220012202858924866e-02 3.808113560080528259e-02 2.552206255495548248e-02 4.393525421619415283e-02 3.210027515888214111e-02 3.965365886688232422e-02 6.357065867632627487e-03 1.133125368505716324e-02
1.001690328121185303e-01 5.277442932128906250e-01 4.803223907947540283e-02 2.802968397736549377e-02 3.760229051113128662e-02 4.829822480678558350e-02 3.084327839314937592e-02 2.761423401534557343e-02 1.447171717882156372e-02 2.712989412248134613e-02 4.865008592605590820e-02 1.002801861613988876e-02 7.949592918157577515e-02 5.611737724393606186e-03 3.555686399340629578e-02 4.709807783365249634e-02 4.119194671511650085e-02 3.171535208821296692e-02 4.529808461666107178e-02 1.796397753059864044e-02 1.673443056643009186e-02 1.608050055801868439e-02 3.359131515026092529e-02 3.911988437175750732e-02 3.113778121769428253e-02 1.260807365179061890e-02 2.714838599786162376e-03 2.489411458373069763e-02 3.868497535586357117e-02 4.705904982984066010e-03 3.513583913445472717e-02 2.631979435682296753e-02 9.004723280668258667e-03 3.260903060436248779e-02 1.097177341580390930e-02 1.364226266741752625e-02 7.829766720533370972e-03 1.068275049328804016e-02 2.038747258484363556e-02 2.163599431514739990e-02 3.369355946779251099e-02 5.514920223504304886e-03 1.337161380797624588e-02 2.783733792603015900e-02 2.644105628132820129e-02 2.131967619061470032e-02 3.346383571624755859e-02 2.666686289012432098e-02 1.597539521753787994e-02 4.709609597921371460e-02 6.614464335143566132e-03 1.570787094533443451e-02 1.527206879109144211e-02 1.808695867657661438e-02 3.143271803855895996e-02 2.090571075677871704e-02 7.261670660227537155e-03 1.476870197802782059e-02 1.267900411039590836e-02 2.762362547218799591e-02 2.861587703227996826e-02 3.735402133315801620e-03 1.344207208603620529e-02 5.054751876741647720e-03 1.182462647557258606e-02 2.952852658927440643e-02 1.879509538412094116e-02 5.195903778076171875e-02 2.803821116685867310e-02 4.189761821180582047e-03 2.754623629152774811e-02 1.492199953645467758e-02 1.040671300143003464e-02 9.432515362277626991e-04 3.018931485712528229e-02 1.066763605922460556e-02 1.538395066745579243e-03 1.451772917062044144e-02 2.773961424827575684e-02 5.153935402631759644e-02 1.793820597231388092e-02 2.332065952941775322e-03 2.883536182343959808e-02 4.423261433839797974e-02 5.232703313231468201e-02 4.005968570709228516e-02 6.037339102476835251e-03 1.351266074925661087e-02 5.757108796387910843e-03 2.713237330317497253e-02 3.781599178910255432e-02 2.080776728689670563e-02 4.331718385219573975e-02 1.372898835688829422e-02 7.821967825293540955e-03 7.575462106615304947e-03 1.774857379496097565e-02 1.777220331132411957e-02 1.839071884751319885e-02 2.069371566176414490e-02 3.546681953594088554e-03 1.507203560322523117e-02 1.301184762269258499e-02 9.558801539242267609e-03 3.849576413631439209e-02 3.122648969292640686e-02 4.148569330573081970e-02 2.125521190464496613e-02 1.977959647774696350e-02 2.794068714138120413e-04 1.135142426937818527e-02 2.244396880269050598e-02 1.019718497991561890e-02 1.655996590852737427e-02 1.734611432766541839e-04 4.830319434404373169e-03
4.414523020386695862e-02 4.803223907947540283e-02 5.050139427185058594e-01 3.023737668991088867e-02 2.993230894207954407e-02 8.869464509189128876e-03 1.058077346533536911e-02 2.669982239603996277e-02 5.216433200985193253e-03 1.995098963379859924e-02 3.583704307675361633e-02 6.071018520742654800e-03 2.883357182145118713e-02 3.558094426989555359e-02 4.546051844954490662e-02 2.095386385917663574e-02 5.277186632156372070e-02 1.606960408389568329e-02 1.814986765384674072e-02 2.424676343798637390e-02 4.165703430771827698e-03 2.193592302501201630e-02 3.318984806537628174e-02 2.938753925263881683e-02 1.637757383286952972e-02 4.114781320095062256e-02 4.210742563009262085e-02 2.254488505423069000e-02 8.683510124683380127e-03 7.197523862123489380e-02 2.613105997443199158e-02 5.435552913695573807e-03 4.726465418934822083e-02 3.676257096230983734e-03 4.710701107978820801e-02 1.421253476291894913e-02 1.765768602490425110e-02 1.526369829662144184e-03 2.671293728053569794e-02 8.518614806234836578e-03 4.652135074138641357e-02 5.386961251497268677e-02 5.829887930303812027e-03 7.877612859010696411e-02 4.352164268493652344e-02 4.113160446286201477e-02 7.590090390294790268e-03 5.089899525046348572e-03 2.236947603523731232e-02 2.052641659975051880e-02 7.346578873693943024e-03 4.798497632145881653e-02 1.573271490633487701e-02 3.617222234606742859e-02 2.363167516887187958e-02 2.131848130375146866e-03 2.838875167071819305e-03 1.261605974286794662e-02 4.936304409056901932e-03 3.941479697823524475e-02 1.362005900591611862e-02 1.599807105958461761e-02 5.930836778134107590e-03 3.274257993325591087e-03 2.317685261368751526e-02 3.054331988096237183e-03 1.137100253254175186e-02 1.348667312413454056e-02 1.393867656588554382e-02 4.384809359908103943e-02 3.008947335183620453e-02 2.813127636909484863e-02 3.084876202046871185e-02 2.867448888719081879e-02 2.322615124285221100e-02 3.812479227781295776e-02 3.597497940063476562e-02 3.874464333057403564e-02 9.606084227561950684e-02 1.035201642662286758e-02 1.323075443506240845e-01 9.572492539882659912e-02 1.269926084205508232e-03 2.390483859926462173e-03 1.234575733542442322e-02 5.140456184744834900e-02 2.263598889112472534e-02 2.118886634707450867e-02 5.714584514498710632e-02 8.701613172888755798e-03 2.271334826946258545e-02 4.538099095225334167e-02 1.143038738518953323e-02 2.409278787672519684e-02 3.950876742601394653e-02 3.451207280158996582e-02 1.212459336966276169e-02 8.843919262290000916e-03 1.714813709259033203e-02 1.162654533982276917e-02 3.052271157503128052e-02 1.293006259948015213e-02 4.664383083581924438e-02 4.754207283258438110e-02 2.104655466973781586e-02 1.265552639961242676e-02 8.100846782326698303e-03 1.850680261850357056e-02 2.763709984719753265e-02 8.627608418464660645e-03 1.654267683625221252e-02 1.603339798748493195e-02 5.047956109046936035e-02 2.212124504148960114e-02 3.086963109672069550e-02 3.690086305141448975e-02
4.527904384303838015e-04 2.802968397736549377e-02 3.023737668991088867e-02 5.227950811386108398e-01 1.378230005502700806e-01 7.863639853894710541e-03 7.206683047115802765e-03 3.435207530856132507e-02 1.249860133975744247e-02 2.143923379480838776e-02 1.947163604199886322e-02 4.246421158313751221e-02 5.028896033763885498e-02 1.152568124234676361e-02 1.743475161492824554e-02 1.635420508682727814e-02 8.250321261584758759e-03 7.541514188051223755e-02 9.482133318670094013e-04 3.255021525546908379e-03 1.633829250931739807e-02 2.272632345557212830e-02 1.884836889803409576e-02 3.155266121029853821e-02 2.155890129506587982e-02 3.117162175476551056e-02 1.332879159599542618e-02 6.142479926347732544e-02 3.077017143368721008e-02 1.854537986218929291e-02 1.682905107736587524e-02 3.773074969649314880e-02 1.598735153675079346e-02 2.200803719460964203e-02 3.773635998368263245e-02 1.370708830654621124e-02 2.524491213262081146e-02 6.502667907625436783e-03 1.127858832478523254e-01 4.613822326064109802e-02 3.438335284590721130e-02 1.601567491888999939e-02 3.051538253203034401e-03 1.125436276197433472e-02 2.979120053350925446e-02 1.873456640169024467e-03 2.087516337633132935e-02 9.778901934623718262e-03 1.900157332420349121e-02 1.836292678490281105e-03 2.520442008972167969e-02 7.723375689238309860e-03 2.489201910793781281e-02 4.130953550338745117e-02 7.041869685053825378e-04 3.616617061197757721e-03 2.061776258051395416e-02 3.071116097271442413e-02 2.603138238191604614e-02 3.431636840105056763e-02 2.494075894355773926e-02 3.686235845088958740e-02 4.092625901103019714e-02 4.000770673155784607e-02 2.320241881534457207e-03 1.441286131739616394e-02 4.453654587268829346e-02 2.528848126530647278e-02 7.236313819885253906e-02 5.819189362227916718e-03 5.441986024379730225e-02 2.234570495784282684e-02 1.357059329748153687e-01 2.090143039822578430e-03 8.662793040275573730e-02 3.637118637561798096e-02 7.212381809949874878e-02 5.399932269938290119e-04 2.303482964634895325e-02 1.738698408007621765e-02 1.046739704906940460e-02 1.705404184758663177e-02 4.860005900263786316e-02 3.534005954861640930e-02 4.761667549610137939e-02 3.033057041466236115e-02 2.323344908654689789e-02 1.248468179255723953e-02 1.735622808337211609e-02 3.511398285627365112e-02 3.044807724654674530e-02 1.206813380122184753e-02 3.631232678890228271e-02 4.973028320819139481e-03 1.980330608785152435e-02 3.377395495772361755e-02 4.673344641923904419e-02 4.455935955047607422e-02 1.303968764841556549e-02 8.364787208847701550e-04 1.662919111549854279e-02 9.488196112215518951e-03 1.309055183082818985e-02 1.330094225704669952e-02 1.905070431530475616e-02 1.304567791521549225e-02 1.579954288899898529e-03 4.716749489307403564e-02 4.526203963905572891e-03 3.145693987607955933e-02 1.567948237061500549e-02 1.311691198498010635e-02 2.871951647102832794e-02 5.834640003740787506e-03 5.331859737634658813e-02 3.629402490332722664e-03
4.486863035708665848e-03 3.760229051113128662e-02 2.993230894207954407e-02 1.378230005502700806e-01 5.174458622932434082e-01 6.560638081282377243e-03 2.733483444899320602e-03 3.645721822977066040e-02 6.826090393587946892e-04 3.167093917727470398e-02 5.997149739414453506e-03 2.226462960243225098e-02 3.294629603624343872e-02 1.715718396008014679e-02 1.407163916155695915e-03 1.427604723721742630e-02 2.889082394540309906e-02 2.907446771860122681e-02 3.214643150568008423e-02 2.546768076717853546e-02 1.030127797275781631e-02 1.029383577406406403e-02 9.472949430346488953e-03 1.095520332455635071e-02 3.430357947945594788e-02 3.137311339378356934e-02 2.546306885778903961e-02 3.071741573512554169e-02 3.823489695787429810e-02 2.287607174366712570e-03 2.501257881522178650e-02 2.573613077402114868e-02 9.492314420640468597e-03 1.511397771537303925e-02 4.345018416643142700e-02 1.211376767605543137e-02 1.920158974826335907e-02 1.634190976619720459e-02 8.213813602924346924e-02 7.554822415113449097e-02 2.984547056257724762e-02 4.639351367950439453e-02 3.580675646662712097e-02 3.176378319039940834e-03 1.358548528514802456e-03 2.886045165359973907e-02 3.044001199305057526e-02 4.124031960964202881e-02 1.956903003156185150e-02 1.074193324893712997e-02 5.570332333445549011e-02 4.314056411385536194e-02 2.189138531684875488e-02 3.223858773708343506e-02 2.726774103939533234e-02 5.432797595858573914e-03 3.413049736991524696e-03 3.874560818076133728e-02 1.837100274860858917e-02 3.643087297677993774e-02 3.610442578792572021e-02 3.646424785256385803e-02 2.384739927947521210e-02 4.949848167598247528e-03 8.809490129351615906e-03 3.771779313683509827e-02 4.220632091164588928e-02 2.183128334581851959e-02 4.675815999507904053e-02 2.103944309055805206e-02 1.058627516031265259e-01 4.284442961215972900e-02 9.354346990585327148e-02 2.137097902595996857e-02 1.273427456617355347e-01 2.973008155822753906e-02 1.840203627943992615e-02 4.035970941185951233e-02 1.633372157812118530e-02 3.577935695648193359e-02 1.308188214898109436e-02 2.808434702455997467e-02 4.256871342658996582e-02 1.189954876899719238e-01 3.624946624040603638e-02 4.346351325511932373e-02 1.384423952549695969e-02 2.781732473522424698e-03 4.864770919084548950e-02 3.406741470098495483e-02 3.929879516363143921e-03 1.734146662056446075e-02 2.812573686242103577e-02 4.335450008511543274e-03 1.767593063414096832e-02 1.624134369194507599e-02 1.063317805528640747e-02 4.505008459091186523e-02 4.423140734434127808e-02 1.917402818799018860e-02 2.568883076310157776e-02 1.430198363959789276e-02 2.050797827541828156e-02 2.013905905187129974e-02 1.304125762544572353e-03 1.344766188412904739e-02 1.214589178562164307e-02 3.174982964992523193e-02 5.846985150128602982e-03 1.787069626152515411e-02 2.675629593431949615e-02 5.671806167811155319e-03 3.211563825607299805e-02 2.618947625160217285e-02 2.574542351067066193e-02 5.727168754674494267e-04
7.072854042053222656e-02 4.829822480678558350e-02 8.869464509189128876e-03 7.863639853894710541e-03 6.560638081282377243e-03 5.348802804946899414e-01 7.348987460136413574e-02 2.575769275426864624e-02 1.394472550600767136e-02 3.678267449140548706e-02 5.770403891801834106e-02 8.330751210451126099e-02 3.731442242860794067e-02 5.663028731942176819e-02 7.613813970237970352e-03 3.984330594539642334e-02 4.386965557932853699e-02 4.513733088970184326e-02 5.146576836705207825e-02 4.349574819207191467e-02 3.053682483732700348e-02 5.715127917937934399e-04 9.107251651585102081e-03 7.846350781619548798e-03 3.928593918681144714e-02 2.415302395820617676e-02 5.233322270214557648e-03 5.535432137548923492e-03 2.193836309015750885e-02 4.508686065673828125e-02 3.702364629134535789e-03 3.731448575854301453e-02 1.239759754389524460e-02 4.283042624592781067e-02 3.281174926087260246e-03 9.729336015880107880e-03 1.631455868482589722e-02 3.470683470368385315e-02 3.979643434286117554e-02 1.123474352061748505e-02 4.431093484163284302e-02 2.860952634364366531e-03 2.121883258223533630e-02 4.330256208777427673e-02 7.064484804868698120e-02 1.192295365035533905e-02 1.125941127538681030e-01 4.956886172294616699e-02 1.098959241062402725e-02 3.671282157301902771e-02 1.221580803394317627e-02 4.668572917580604553e-03 3.023189492523670197e-02 3.676406294107437134e-02 3.999087586998939514e-02 3.664810582995414734e-02 5.619509611278772354e-03 1.578002981841564178e-02 1.421726308763027191e-02 7.101549301296472549e-03 4.649128764867782593e-02 3.306637331843376160e-02 1.476966496556997299e-02 2.142711170017719269e-02 1.863795332610607147e-02 6.907896604388952255e-03 4.588532075285911560e-02 4.751451686024665833e-02 2.965069375932216644e-02 8.996894583106040955e-03 4.997970908880233765e-02 2.467277832329273224e-02 2.375936694443225861e-02 7.860264740884304047e-03 1.282857637852430344e-02 1.453764829784631729e-02 2.504137344658374786e-02 9.605218656361103058e-03 4.496036469936370850e-02 9.008404798805713654e-03 3.973617777228355408e-02 2.354588173329830170e-02 2.824801579117774963e-02 5.301877111196517944e-02 2.298807958140969276e-03 2.105274982750415802e-02 4.139537923038005829e-03 2.027937211096286774e-02 5.958664044737815857e-02 5.563396029174327850e-03 6.902443617582321167e-02 2.511368505656719208e-02 2.173901163041591644e-02 1.361157279461622238e-02 1.358115300536155701e-02 3.338657692074775696e-02 1.376498397439718246e-02 1.249917875975370407e-02 1.277061738073825836e-02 3.206580411642789841e-03 1.570960320532321930e-02 6.116040516644716263e-03 2.213742956519126892e-02 1.936147920787334442e-02 9.747722186148166656e-03 3.597896918654441833e-02 2.360146492719650269e-02 2.131535112857818604e-02 1.910931244492530823e-02 5.141826719045639038e-02 2.331839315593242645e-02 3.070869110524654388e-02 3.223268687725067139e-02 4.475735500454902649e-02 8.737320080399513245e-03 2.058055065572261810e-02
9.677854366600513458e-03 3.084327839314937592e-02 1.058077346533536911e-02 7.206683047115802765e-03 2.733483444899320602e-03 7.348987460136413574e-02 5.227344036102294922e-01 4.124715924263000488e-02 2.051403187215328217e-02 2.379202842712402344e-02 1.285857241600751877e-02 5.779238790273666382e-02 2.543067373335361481e-02 8.854206651449203491e-02 2.411591634154319763e-02 2.781974710524082184e-02 4.513780027627944946e-02 3.085884265601634979e-02 3.991586714982986450e-02 2.279462292790412903e-02 1.266080047935247421e-02 1.382530387490987778e-02 1.643984578549861908e-02 1.030071824789047241e-02 3.021765267476439476e-03 3.231786191463470459e-02 3.779948875308036804e-02 2.953074872493743896e-02 3.946755453944206238e-02 2.844215929508209229e-02 2.159665105864405632e-03 7.605546154081821442e-03 3.350020386278629303e-03 8.423120714724063873e-03 4.158099647611379623e-03 2.632131241261959076e-02 1.039224583655595779e-02 6.231857929378747940e-03 3.910587728023529053e-02 7.234604097902774811e-03 5.439625680446624756e-02 9.758710861206054688e-03 2.740617282688617706e-02 4.520341381430625916e-02 5.247311666607856750e-02 3.214526176452636719e-02 2.677676454186439514e-02 1.147111505270004272e-01 4.230760410428047180e-02 3.731670603156089783e-02 1.937333680689334869e-02 1.417809259146451950e-02 1.944062672555446625e-02 3.297986090183258057e-02 4.425670951604843140e-02 4.619576036930084229e-02 2.891233190894126892e-02 2.979811979457736015e-03 1.475023478269577026e-02 5.812535528093576431e-03 3.452488407492637634e-02 4.040838405489921570e-02 2.571806497871875763e-02 2.732845209538936615e-02 4.845324158668518066e-02 1.038314308971166611e-02 8.749328553676605225e-03 1.179072260856628418e-02 2.171234413981437683e-02 1.306687016040086746e-02 3.430974483489990234e-02 1.107360981404781342e-02 1.859919726848602295e-02 3.168621659278869629e-02 7.644304074347019196e-03 1.041426789015531540e-02 3.491240320727229118e-03 2.338665351271629333e-02 2.031238935887813568e-02 1.848609000444412231e-02 4.801516979932785034e-02 3.064392507076263428e-02 3.827748075127601624e-02 4.504245519638061523e-02 2.336929365992546082e-02 3.870303183794021606e-02 1.551815890707075596e-03 7.485800422728061676e-03 2.991948276758193970e-02 4.003044590353965759e-02 9.825915331020951271e-04 2.977242879569530487e-02 6.902496516704559326e-02 4.892239719629287720e-02 3.214588388800621033e-02 1.422099769115447998e-02 5.461072083562612534e-03 1.214902941137552261e-02 6.238705944269895554e-03 9.238378144800662994e-03 1.100713052437640727e-04 2.536539919674396515e-03 2.467839047312736511e-02 3.053083084523677826e-02 2.561242878437042236e-02 3.795700892806053162e-02 6.595943588763475418e-03 4.478731378912925720e-02 8.123707957565784454e-03 1.527329068630933762e-02 2.217769250273704529e-02 2.106840722262859344e-03 1.074702199548482895e-02 2.898537181317806244e-02 7.015582639724016190e-03 1.656251028180122375e-02
2.863318845629692078e-02 2.761423401534557343e-02 2.669982239603996277e-02 3.435207530856132507e-02 3.645721822977066040e-02 2.575769275426864624e-02 4.124715924263000488e-02 5.051324963569641113e-01 1.667538657784461975e-02 2.366914413869380951e-02 8.348517119884490967e-03 4.474005475640296936e-02 2.174664847552776337e-02 2.535023167729377747e-02 5.552279576659202576e-02 4.893882200121879578e-02 4.138429462909698486e-02 8.914530277252197266e-03 1.218845369294285774e-03 3.325848281383514404e-02 2.525863423943519592e-02 3.534573316574096680e-02 2.829801477491855621e-02 1.909676007926464081e-02 1.618065871298313141e-02 4.813754931092262268e-02 9.009040892124176025e-03 3.693296387791633606e-02 1.231313869357109070e-02 1.803562045097351074e-02 1.497971266508102417e-02 2.591007761657238007e-02 1.059676893055438995e-02 1.239325664937496185e-02 3.295407444238662720e-02 5.407248809933662415e-02 1.240145694464445114e-02 3.311545029282569885e-02 3.920428454875946045e-02 3.012021305039525032e-03 3.445453196763992310e-02 2.583053708076477051e-02 2.003201469779014587e-02 7.556727621704339981e-03 3.124235942959785461e-02 1.577291265130043030e-02 3.842016309499740601e-02 8.297380991280078888e-03 3.285847604274749756e-02 2.950230054557323456e-02 4.174324125051498413e-02 6.301765143871307373e-02 6.449621915817260742e-02 1.094433851540088654e-02 7.844731211662292480e-03 1.993140950798988342e-02 4.081381484866142273e-02 1.638035476207733154e-02 5.278810858726501465e-02 1.891199313104152679e-02 1.187886018306016922e-02 1.500886492431163788e-02 2.542553702369332314e-03 3.867551311850547791e-02 2.740290574729442596e-02 3.108353912830352783e-02 6.245949771255254745e-03 2.426576428115367889e-02 2.862632647156715393e-02 3.256170824170112610e-02 3.177228942513465881e-02 5.800040904432535172e-03 2.800321765244007111e-02 2.910175360739231110e-02 1.358555443584918976e-02 1.017158292233943939e-02 1.094816066324710846e-02 2.685638144612312317e-02 3.679461078718304634e-03 3.039431758224964142e-02 8.356216549873352051e-02 4.208526760339736938e-02 2.170208375900983810e-03 1.860492490231990814e-02 3.195353224873542786e-02 4.794254153966903687e-02 5.880261212587356567e-02 2.558110095560550690e-02 2.335963305085897446e-03 2.207121439278125763e-02 3.833996504545211792e-02 2.841930277645587921e-02 2.102270908653736115e-02 2.037679217755794525e-02 2.729353867471218109e-02 4.811313748359680176e-02 3.047154285013675690e-02 1.485009305179119110e-02 2.217938937246799469e-02 1.142608560621738434e-02 1.365466043353080750e-02 2.832057885825634003e-02 9.622688405215740204e-03 1.072275359183549881e-02 2.830206540238577873e-05 7.927328348159790039e-03 1.857393793761730194e-02 1.150748971849679947e-02 4.668498039245605469e-02 4.266049712896347046e-02 7.521861232817173004e-03 1.793474331498146057e-02 4.361094534397125244e-02 1.266346406191587448e-02 1.561315171420574188e-02 3.591557219624519348e-02
2.088806219398975372e-02 1.447171717882156372e-02 5.216433200985193253e-03 1.249860133975744247e-02 6.826090393587946892e-04 1.394472550600767136e-02 2.051403187215328217e-02 1.667538657784461975e-02 5.083152651786804199e-01 6.243502348661422729e-02 2.943504415452480316e-02 1.766907633282244205e-03 2.950202673673629761e-02 1.452957466244697571e-02 3.721251338720321655e-02 3.570204135030508041e-03 4.453498125076293945e-02 3.219025209546089172e-02 4.108807817101478577e-02 1.464370917528867722e-02 3.758884966373443604e-02 8.838488161563873291e-02 4.774531722068786621e-02 1.990077272057533264e-02 7.181106135249137878e-03 4.033234715461730957e-02 6.902937777340412140e-03 1.579190790653228760e-02 1.116018649190664291e-02 2.951190620660781860e-02 7.946883328258991241e-03 5.463892128318548203e-03 1.512469444423913956e-02 2.590929716825485229e-02 3.075647354125976562e-02 9.487983770668506622e-03 3.249724209308624268e-02 3.446941077709197998e-02 9.691395796835422516e-03 3.113818354904651642e-02 3.573739901185035706e-02 2.168275788426399231e-02 1.369150262326002121e-02 4.066710546612739563e-02 8.158371783792972565e-03 2.163011953234672546e-02 1.751553150825202465e-03 4.257961362600326538e-02 2.423776686191558838e-02 1.756141148507595062e-02 7.403921335935592651e-03 2.653781324625015259e-02 3.674451261758804321e-02 3.812859207391738892e-02 1.885396800935268402e-02 2.831950783729553223e-02 2.787506394088268280e-02 3.055458329617977142e-02 9.205509908497333527e-03 2.094350941479206085e-02 1.564284600317478180e-02 4.353293403983116150e-02 2.330290526151657104e-02 3.647148981690406799e-02 3.157780691981315613e-02 3.221808001399040222e-02 2.924300543963909149e-02 2.463523484766483307e-02 2.474100328981876373e-02 1.359893940389156342e-02 4.272444546222686768e-02 5.644053965806961060e-02 3.050609119236469269e-02 1.000073086470365524e-02 4.446051269769668579e-02 4.880483821034431458e-02 1.457523554563522339e-01 8.086062967777252197e-03 5.040968954563140869e-02 3.033937513828277588e-02 4.524898901581764221e-02 3.108556009829044342e-02 3.620370104908943176e-02 6.551458500325679779e-03 1.284691737964749336e-03 7.786220870912075043e-03 4.281254368834197521e-04 1.355118677020072937e-02 4.402864724397659302e-02 3.135106712579727173e-02 2.003291435539722443e-02 5.504784057848155499e-04 2.685055695474147797e-02 2.767257764935493469e-02 2.069047465920448303e-02 3.141456469893455505e-02 1.426978595554828644e-02 3.682320006191730499e-03 2.971981652081012726e-03 2.477631345391273499e-02 3.376122936606407166e-02 2.971357479691505432e-02 2.353743277490139008e-02 3.363881260156631470e-02 1.413250900804996490e-02 4.094203189015388489e-02 3.211749345064163208e-02 4.635882377624511719e-02 3.644461557269096375e-02 7.788010872900485992e-03 3.516337275505065918e-02 3.062223643064498901e-02 4.891320317983627319e-02 4.859444499015808105e-02 2.048487402498722076e-02 4.882252588868141174e-02
6.443248689174652100e-02 2.712989412248134613e-02 1.995098963379859924e-02 2.143923379480838776e-02 3.167093917727470398e-02 3.678267449140548706e-02 2.379202842712402344e-02 2.366914413869380951e-02 6.243502348661422729e-02 5.183167457580566406e-01 6.712578982114791870e-02 2.116902172565460205e-02 6.078635156154632568e-02 1.542469207197427750e-02 5.444899946451187134e-02 9.570864029228687286e-03 2.721223607659339905e-02 7.974891923367977142e-03 7.532640546560287476e-02 7.931476458907127380e-03 1.849533244967460632e-02 5.217774212360382080e-02 2.072449587285518646e-02 2.856437303125858307e-02 3.817376866936683655e-02 4.092007502913475037e-02 9.737729094922542572e-03 1.010414585471153259e-02 1.910027861595153809e-02 2.316776663064956665e-02 1.581607386469841003e-03 1.173314824700355530e-02 3.312591835856437683e-02 2.395536564290523529e-02 1.323444396257400513e-02 1.704745367169380188e-02 7.798753213137388229e-03 5.079051479697227478e-02 2.636011131107807159e-02 8.518722839653491974e-03 2.061125822365283966e-02 5.211806669831275940e-02 1.546436920762062073e-02 3.792837634682655334e-02 8.162105828523635864e-02 3.025104850530624390e-02 3.195797652006149292e-02 3.517770022153854370e-02 4.896657541394233704e-02 5.865037674084305763e-04 2.498908899724483490e-03 1.067160256206989288e-02 5.225370172411203384e-03 1.117448881268501282e-02 4.287737980484962463e-02 3.552681580185890198e-02 3.173589706420898438e-02 1.902326126582920551e-03 1.013842225074768066e-02 5.817399360239505768e-03 3.709994256496429443e-02 1.593475230038166046e-02 3.777337446808815002e-02 6.871672347187995911e-03 1.182046253234148026e-02 3.103027120232582092e-02 1.145718526095151901e-02 2.913167141377925873e-02 1.263850182294845581e-02 1.451706700026988983e-02 4.337511584162712097e-02 2.971648238599300385e-02 2.804131805896759033e-02 1.100310031324625015e-02 2.256170846521854401e-02 5.284719541668891907e-02 2.745251543819904327e-02 1.141669824719429016e-01 1.772707514464855194e-02 4.614185169339179993e-02 3.437242284417152405e-02 9.187602438032627106e-03 1.093034911900758743e-02 6.634068489074707031e-02 2.526501938700675964e-02 8.428811095654964447e-03 1.065532863140106201e-02 3.260012890677899122e-04 5.269068107008934021e-02 2.399761416018009186e-02 6.809183210134506226e-02 2.213068678975105286e-02 2.411535382270812988e-02 2.093400061130523682e-02 1.540322415530681610e-02 2.022486645728349686e-03 2.481991052627563477e-02 4.175751656293869019e-02 4.984112456440925598e-02 8.776099421083927155e-03 1.467157853767275810e-03 2.970979548990726471e-03 3.683827444911003113e-02 2.872992120683193207e-02 2.642900915816426277e-03 6.410421803593635559e-03 9.693824686110019684e-03 2.917494811117649078e-02 6.821658927947282791e-03 3.625698760151863098e-02 2.977300994098186493e-02 2.747985348105430603e-02 4.508151113986968994e-02 5.157818645238876343e-02 4.660161584615707397e-02 4.027608036994934082e-02
1.185441464185714722e-01 4.865008592605590820e-02 3.583704307675361633e-02 1.947163604199886322e-02 5.997149739414453506e-03 5.770403891801834106e-02 1.285857241600751877e-02 8.348517119884490967e-03 2.943504415452480316e-02 6.712578982114791870e-02 5.264075994491577148e-01 7.575634401291608810e-03 7.004335522651672363e-02 2.845592796802520752e-03 2.746884338557720184e-02 1.002743095159530640e-02 3.894577920436859131e-02 1.165280770510435104e-02 1.261678524315357208e-03 2.689284156076610088e-04 3.740832954645156860e-02 3.265745472162961960e-03 3.063722141087055206e-02 3.953879326581954956e-02 2.320167794823646545e-02 7.803459186106920242e-03 3.096110932528972626e-02 2.314273966476321220e-03 8.176679164171218872e-02 3.136882558465003967e-02 4.200844094157218933e-02 2.604778297245502472e-02 1.100608054548501968e-02 1.855599507689476013e-02 2.397092431783676147e-02 3.684914670884609222e-03 1.955605670809745789e-02 7.954956032335758209e-03 1.108036027289927006e-03 2.471101097762584686e-02 3.128286823630332947e-02 1.734557561576366425e-02 1.281393971294164658e-02 3.359971940517425537e-02 7.254523783922195435e-02 4.156123322900384665e-04 1.282713115215301514e-01 9.545470587909221649e-03 3.846182301640510559e-02 1.103485748171806335e-02 2.670046314597129822e-02 7.986345328390598297e-03 5.290620401501655579e-02 2.865978516638278961e-02 1.018349360674619675e-02 2.105918340384960175e-02 6.138044595718383789e-02 1.150647923350334167e-02 5.629427265375852585e-03 5.542964488267898560e-02 4.602173808962106705e-03 8.459506556391716003e-03 4.901089891791343689e-02 2.291902340948581696e-02 9.912958741188049316e-02 1.396389491856098175e-02 1.457340363413095474e-02 9.157948195934295654e-03 3.247448429465293884e-02 1.704494282603263855e-02 3.145581111311912537e-02 3.300620242953300476e-02 2.436201646924018860e-02 1.690177246928215027e-02 3.187024965882301331e-02 1.159718446433544159e-02 1.820583455264568329e-02 3.817882761359214783e-02 2.400816418230533600e-02 3.271013498306274414e-02 4.365100711584091187e-02 9.884932078421115875e-03 3.619548515416681767e-04 2.782690897583961487e-02 2.406165003776550293e-02 7.798656821250915527e-03 2.022956311702728271e-02 6.293009035289287567e-03 2.416958846151828766e-02 7.784587796777486801e-03 1.011696234345436096e-01 2.272875607013702393e-02 6.539051420986652374e-03 2.061480470001697540e-02 9.695526678115129471e-04 2.974625676870346069e-02 3.207845613360404968e-02 2.135642617940902710e-02 2.284261398017406464e-02 8.357116952538490295e-03 4.596868995577096939e-03 7.400206290185451508e-03 8.275887928903102875e-03 1.590385846793651581e-02 5.382264032959938049e-03 4.745231941342353821e-02 3.867804259061813354e-02 8.725982159376144409e-03 2.397878281772136688e-02 5.359033122658729553e-02 2.139420993626117706e-02 3.450028225779533386e-02 3.375843167304992676e-02 1.984646357595920563e-02 6.318123079836368561e-03 1.119375415146350861e-02
1.035706233233213425e-02 1.002801861613988876e-02 6.071018520742654800e-03 4.246421158313751221e-02 2.226462960243225098e-02 8.330751210451126099e-02 5.779238790273666382e-02 4.474005475640296936e-02 1.766907633282244205e-03 2.116902172565460205e-02 7.575634401291608810e-03 5.218784809112548828e-01 6.850241217762231827e-03 1.476689726114273071e-01 9.583446197211742401e-03 2.191646583378314972e-02 2.026694640517234802e-02 5.509798415005207062e-03 2.511610463261604309e-02 2.805093303322792053e-02 1.895898394286632538e-02 3.664461895823478699e-02 7.767482101917266846e-02 4.899473860859870911e-02 4.617546871304512024e-02 4.921928793191909790e-02 1.933589577674865723e-02 9.343703091144561768e-02 3.449988085776567459e-03 1.276812851428985596e-01 1.831223070621490479e-02 4.034372046589851379e-02 4.800132289528846741e-02 3.633701801300048828e-02 4.753749817609786987e-02 4.714892245829105377e-03 7.195446174591779709e-03 3.566916659474372864e-02 3.462309949100017548e-03 6.280065979808568954e-03 2.166214957833290100e-02 6.760929245501756668e-03 7.208602502942085266e-03 8.078414015471935272e-03 7.583399862051010132e-02 7.388713955879211426e-02 4.433760419487953186e-02 1.302966731600463390e-03 1.251077372580766678e-02 1.314803306013345718e-02 1.061779446899890900e-03 1.917557977139949799e-02 9.578027762472629547e-03 1.484979037195444107e-02 1.767801586538553238e-03 4.294304177165031433e-02 2.978345379233360291e-02 2.107966318726539612e-02 1.938644796609878540e-02 1.240532658994197845e-02 2.022023871541023254e-02 2.101247012615203857e-02 1.823173835873603821e-02 2.491824328899383545e-02 2.528283512219786644e-03 3.289466723799705505e-02 5.207801982760429382e-02 3.029991127550601959e-02 1.645050197839736938e-02 2.650101482868194580e-02 3.684469312429428101e-02 1.191048044711351395e-02 2.441000891849398613e-03 3.967516124248504639e-03 5.456918384879827499e-03 1.290039997547864914e-02 2.073339559137821198e-02 7.185100577771663666e-03 6.689106673002243042e-02 5.861312896013259888e-02 3.713516052812337875e-03 5.302274227142333984e-02 3.132199868559837341e-03 1.294783875346183777e-02 7.508077193051576614e-03 3.991119563579559326e-02 2.683315612375736237e-02 6.851359736174345016e-03 7.562297582626342773e-02 1.834616437554359436e-02 4.737734049558639526e-02 2.117462083697319031e-02 3.809366375207901001e-02 1.647161133587360382e-02 5.371543229557573795e-04 8.907867595553398132e-04 1.956102810800075531e-02 3.366173431277275085e-02 2.749878168106079102e-02 6.265678093768656254e-04 2.897461503744125366e-02 5.995793268084526062e-03 7.304364815354347229e-03 4.378065466880798340e-02 3.554779663681983948e-02 4.612199217081069946e-02 7.770747411996126175e-03 2.638001739978790283e-02 2.879662625491619110e-02 3.272384777665138245e-02 5.974066443741321564e-03 2.492660097777843475e-02 3.322728909552097321e-03 2.596039324998855591e-02 2.954451926052570343e-02 2.865653298795223236e-02
7.001369446516036987e-02 7.949592918157577515e-02 2.883357182145118713e-02 5.028896033763885498e-02 3.294629603624343872e-02 3.731442242860794067e-02 2.543067373335361481e-02 2.174664847552776337e-02 2.950202673673629761e-02 6.078635156154632568e-02 7.004335522651672363e-02 6.850241217762231827e-03 5.311551094055175781e-01 1.474310085177421570e-02 6.474973261356353760e-02 4.080355539917945862e-02 3.675330802798271179e-02 3.663633018732070923e-02 1.093830913305282593e-02 1.868169754743576050e-02 1.142610795795917511e-02 4.118752107024192810e-02 3.372241556644439697e-02 3.818979859352111816e-02 1.413774117827415466e-02 1.053060591220855713e-02 6.431796122342348099e-03 3.888014331459999084e-02 4.752700030803680420e-02 1.525945309549570084e-02 9.011407941579818726e-02 6.588293239474296570e-03 1.751826028339564800e-03 2.299881167709827423e-02 2.756023593246936798e-02 1.410611905157566071e-02 2.707410138100385666e-03 1.167663838714361191e-02 1.789162121713161469e-02 4.630685970187187195e-02 2.440975233912467957e-02 5.020572338253259659e-03 6.379555910825729370e-03 3.771698847413063049e-02 5.465308204293251038e-02 5.587079003453254700e-02 3.515640506520867348e-03 2.014056779444217682e-02 5.179456621408462524e-02 2.810863777995109558e-02 2.311018668115139008e-02 2.161097154021263123e-02 9.872379712760448456e-03 9.889234788715839386e-04 3.484069183468818665e-02 1.832873374223709106e-02 4.652365110814571381e-03 1.432557217776775360e-02 7.929296232759952545e-03 1.955644227564334869e-02 4.305112361907958984e-02 9.458265267312526703e-03 3.903004806488752365e-03 6.901841145008802414e-03 1.700454391539096832e-02 6.115429475903511047e-02 2.884876739699393511e-04 5.781476851552724838e-03 4.120011255145072937e-02 1.977897016331553459e-03 2.054555527865886688e-02 2.692521922290325165e-02 2.569724060595035553e-02 1.337736099958419800e-02 4.043615981936454773e-02 2.601208537817001343e-02 1.699042040854692459e-03 4.711449146270751953e-02 2.934380806982517242e-02 2.390946447849273682e-02 4.291796684265136719e-02 2.015978656709194183e-02 3.604007139801979065e-02 2.027987875044345856e-02 1.200289465487003326e-02 3.351683542132377625e-02 2.840469218790531158e-02 1.371729560196399689e-02 1.985213719308376312e-02 1.693116128444671631e-02 1.756527088582515717e-02 1.401121262460947037e-02 4.336475208401679993e-02 1.247416157275438309e-02 1.273490022867918015e-03 6.777599453926086426e-03 1.369296759366989136e-02 2.185551635921001434e-02 1.814755611121654510e-02 3.535671532154083252e-02 1.134209614247083664e-02 2.770709246397018433e-02 8.275875821709632874e-03 1.110642589628696442e-02 4.394370689988136292e-02 3.716446086764335632e-02 3.561542555689811707e-02 5.294503271579742432e-02 2.526312507688999176e-02 1.342195831239223480e-02 1.690730080008506775e-02 3.379580378532409668e-02 2.019878290593624115e-02 2.545428089797496796e-02 6.521952804177999496e-03 1.789480820298194885e-02
