4.798187017440795898e-01 8.391544222831726074e-02 1.952483132481575012e-02 3.868671506643295288e-02 3.091064468026161194e-02 4.743346199393272400e-02 4.944072663784027100e-02 3.476778417825698853e-02 5.068233981728553772e-02 2.989046089351177216e-02 6.341174989938735962e-02 3.101851325482130051e-03 4.191304743289947510e-02 1.691643148660659790e-02 1.428539981134235859e-03 5.017130635678768158e-03 1.703955978155136108e-02 1.448449864983558655e-02 1.222656946629285812e-02 2.026264555752277374e-02 5.386273376643657684e-03 9.024262428283691406e-03 6.919780746102333069e-03 4.360799491405487061e-02 1.929524540901184082e-02 3.405133262276649475e-02 6.126726791262626648e-02 4.577779397368431091e-02 4.457657691091299057e-03 4.062390327453613281e-02 1.509378198534250259e-02 3.788308426737785339e-02 2.860632725059986115e-02 1.006741728633642197e-02 1.446059625595808029e-02 3.644388541579246521e-02 5.923887249082326889e-03 4.708836227655410767e-02 3.655360639095306396e-02 2.441184828057885170e-03 4.704215750098228455e-02 4.596360400319099426e-02 5.259579792618751526e-02 1.162345986813306808e-02 8.650754578411579132e-03 9.327637031674385071e-03 3.204296156764030457e-02 4.956624470651149750e-03 6.414860486984252930e-02 3.429447859525680542e-02 3.107053972780704498e-02 5.052358843386173248e-03 2.417761832475662231e-02 1.071528531610965729e-02 4.338505119085311890e-02 9.957966394722461700e-03 3.097150661051273346e-02 1.168027147650718689e-02 3.308174759149551392e-02 5.432768724858760834e-03 6.375395227223634720e-03 2.454814128577709198e-02 1.084091607481241226e-02 5.822423379868268967e-03 1.056384760886430740e-02 2.608974091708660126e-02 4.800207167863845825e-02 2.552750892937183380e-02 8.513840846717357635e-03 2.499493956565856934e-02 2.390268491581082344e-03 5.133971571922302246e-02 2.627329528331756592e-02 1.889766566455364227e-02 1.685878820717334747e-02 4.111026600003242493e-02 6.417481228709220886e-03 4.645844921469688416e-02 3.688372671604156494e-02 7.135713938623666763e-03 2.530798129737377167e-02 3.869978338479995728e-02 3.742254152894020081e-02 1.576125808060169220e-02 2.733095362782478333e-02 2.699320390820503235e-02 2.099766768515110016e-02 3.549039363861083984e-02 2.417845278978347778e-02 1.017845887690782547e-02 3.747691959142684937e-02 2.441372023895382881e-03 8.927480317652225494e-03 7.135137449949979782e-03 4.963487014174461365e-02 1.171653624624013901e-02 5.851154681295156479e-03 1.724220998585224152e-02 1.833116449415683746e-02 4.331150092184543610e-03 2.003956772387027740e-02 2.178942970931529999e-02 3.265101835131645203e-02 3.352981433272361755e-02 2.934632124379277229e-03 6.098479963839054108e-03 2.356921136379241943e-02 1.515709981322288513e-02 7.278883829712867737e-03 1.759151928126811981e-02 3.682097792625427246e-02 1.663765753619372845e-03 4.944754391908645630e-02 2.656885422766208649e-03 7.561578415334224701e-03 1.521186344325542450e-02
8.391544222831726074e-02 4.908538162708282471e-01 1.302517764270305634e-02 1.041447627358138561e-03 3.021959215402603149e-02 4.202547483146190643e-03 3.868525102734565735e-02 5.021957308053970337e-02 4.823308438062667847e-02 2.470544353127479553e-02 5.516836419701576233e-02 1.642814464867115021e-02 4.302954673767089844e-02 2.132642269134521484e-02 7.187650538980960846e-03 1.512651890516281128e-02 5.679537542164325714e-03 1.394975348375737667e-03 2.186703868210315704e-02 1.877522096037864685e-02 1.372768892906606197e-03 2.237148769199848175e-02 7.925185374915599823e-03 1.617796532809734344e-02 1.015618443489074707e-02 2.102143503725528717e-02 8.151479996740818024e-03 4.844016954302787781e-02 1.402421295642852783e-02 2.631010487675666809e-02 4.924625530838966370e-02 1.856996677815914154e-02 2.810793230310082436e-03 7.516675163060426712e-03 4.261575173586606979e-03 4.149553552269935608e-02 2.393907122313976288e-02 1.264473330229520798e-02 5.545233935117721558e-02 2.072018012404441833e-02 3.275536745786666870e-02 3.414202108979225159e-02 3.327991068363189697e-02 1.918994262814521790e-02 1.139739807695150375e-02 1.468283007852733135e-03 4.945346340537071228e-02 2.754797600209712982e-02 1.181698217988014221e-02 4.835079982876777649e-02 1.408470515161752701e-02 2.157676964998245239e-02 1.426780596375465393e-02 2.634983696043491364e-02 1.610327139496803284e-02 1.950370147824287415e-02 2.871947549283504486e-02 5.072224885225296021e-02 2.848033607006072998e-02 3.823770582675933838e-02 5.515175871551036835e-03 1.809342950582504272e-02 2.686995454132556915e-02 1.297597773373126984e-02 7.243630243465304375e-04 3.098777867853641510e-02 4.986964911222457886e-02 4.669507220387458801e-02 2.440229430794715881e-02 2.897219965234398842e-03 2.311267517507076263e-02 3.506150841712951660e-02 2.336158230900764465e-02 5.692777410149574280e-02 1.403451245278120041e-02 2.756418846547603607e-02 5.612127110362052917e-02 9.707819670438766479e-03 1.305999048054218292e-02 4.836518317461013794e-03 8.432679460383951664e-04 2.013049833476543427e-02 3.615160658955574036e-02 4.517382755875587463e-02 4.794783424586057663e-03 1.091389544308185577e-02 2.564964070916175842e-02 4.626110941171646118e-02 2.375440299510955811e-02 1.701246248558163643e-03 4.181662574410438538e-02 2.308103954419493675e-03 3.230141848325729370e-02 6.812161300331354141e-03 1.547757349908351898e-02 7.538195932283997536e-04 1.915822923183441162e-02 5.899667274206876755e-03 6.795646040700376034e-04 3.346887975931167603e-02 1.932906918227672577e-02 8.490664884448051453e-03 1.775666326284408569e-02 1.959680207073688507e-02 6.198237650096416473e-03 8.291580714285373688e-03 2.672775834798812866e-02 2.415648847818374634e-02 1.657568849623203278e-02 3.545643761754035950e-02 8.015335537493228912e-03 2.334355935454368591e-02 5.872889980673789978e-02 3.786897985264658928e-03 1.387422718107700348e-02 2.569981105625629425e-02
1.952483132481575012e-02 1.302517764270305634e-02 4.564096927642822266e-01 4.211284592747688293e-02 4.797710105776786804e-03 1.352196186780929565e-02 2.720311097800731659e-02 1.622331738471984863e-01 1.818253775127232075e-03 1.741042174398899078e-02 3.574119508266448975e-02 1.488358993083238602e-02 3.777366876602172852e-02 7.617923896759748459e-03 7.222995162010192871e-02 2.364289015531539917e-03 1.592630334198474884e-02 4.991114139556884766e-02 1.169999223202466965e-02 2.679574675858020782e-02 8.526524528861045837e-03 4.838921129703521729e-03 4.513333737850189209e-02 2.555054984986782074e-02 9.224439971148967743e-03 3.559470549225807190e-02 3.111825510859489441e-02 4.511965438723564148e-03 4.218685254454612732e-02 3.866920247673988342e-02 1.280821114778518677e-02 4.753863811492919922e-02 3.419983386993408203e-02 1.838733814656734467e-02 2.443837560713291168e-02 2.186040766537189484e-02 1.980840787291526794e-02 1.286755204200744629e-01 1.459380798041820526e-02 4.330800846219062805e-02 1.973644644021987915e-02 3.481019288301467896e-02 1.904160901904106140e-02 2.702560462057590485e-02 9.161836467683315277e-03 5.111760925501585007e-03 2.032266184687614441e-02 1.355701097054407001e-04 3.307865187525749207e-02 2.326821908354759216e-02 9.033974260091781616e-03 3.861950710415840149e-02 4.547553882002830505e-02 8.312743157148361206e-03 8.299493230879306793e-03 1.881125941872596741e-02 2.749622426927089691e-02 5.619999393820762634e-02 8.012137375771999359e-03 3.318310156464576721e-02 1.355489157140254974e-02 3.583048284053802490e-02 2.925669588148593903e-02 4.274901468306779861e-03 1.308227051049470901e-02 2.979272231459617615e-02 1.373715233057737350e-02 2.572730742394924164e-02 2.061256021261215210e-02 4.114915430545806885e-02 8.481403812766075134e-03 3.575645014643669128e-02 4.248964041471481323e-02 4.002158716320991516e-02 1.641197316348552704e-02 9.554901160299777985e-03 3.022356517612934113e-02 1.020802091807126999e-02 1.367770507931709290e-02 6.958751380443572998e-02 5.789363756775856018e-02 4.862152505666017532e-03 2.055418677628040314e-02 6.007285788655281067e-02 2.183844521641731262e-02 4.440075904130935669e-02 1.558801345527172089e-02 3.398812189698219299e-02 2.493569068610668182e-02 2.792495489120483398e-02 4.305828735232353210e-02 2.701527846511453390e-04 2.914375253021717072e-02 7.561137899756431580e-03 2.198790386319160461e-02 2.204819396138191223e-02 3.735551238059997559e-02 4.835443571209907532e-03 1.527162361890077591e-02 4.068189859390258789e-02 2.260082587599754333e-02 1.348492968827486038e-02 3.214814141392707825e-02 1.015507616102695465e-02 2.008973807096481323e-02 7.883293437771499157e-04 4.085442051291465759e-02 1.516202744096517563e-02 4.005050659179687500e-02 3.232275694608688354e-02 1.919481158256530762e-02 1.398134790360927582e-02 3.583514690399169922e-02 4.085151478648185730e-03 2.746760845184326172e-02 2.667769044637680054e-02
3.868671506643295288e-02 1.041447627358138561e-03 4.211284592747688293e-02 4.692627191543579102e-01 1.256811767816543579e-01 2.169426903128623962e-02 4.418594762682914734e-02 1.013816334307193756e-02 2.199154347181320190e-02 1.716385129839181900e-03 3.314071893692016602e-02 3.927817940711975098e-02 2.256181836128234863e-02 5.824884399771690369e-02 3.814567625522613525e-02 2.198388800024986267e-02 2.037707343697547913e-02 6.086109206080436707e-02 1.165212597697973251e-03 4.124735947698354721e-03 3.304244205355644226e-02 3.914120048284530640e-02 1.761728711426258087e-02 3.760115429759025574e-02 2.494691498577594757e-02 2.362951077520847321e-02 3.510959818959236145e-02 4.051044210791587830e-02 5.541642196476459503e-03 1.998348347842693329e-02 6.144574843347072601e-03 5.692220758646726608e-03 1.513281464576721191e-02 3.793507814407348633e-03 2.147656632587313652e-03 1.562283840030431747e-02 4.841417446732521057e-02 3.638726100325584412e-02 8.068449795246124268e-02 9.050475060939788818e-02 1.055398061871528625e-01 3.622848540544509888e-02 4.468540661036968231e-03 2.347836829721927643e-02 4.490486346185207367e-03 4.969660192728042603e-02 1.222454383969306946e-02 3.809170052409172058e-02 4.706118628382682800e-02 7.263320032507181168e-03 4.611665010452270508e-02 4.224984720349311829e-02 2.797469496726989746e-02 6.968155037611722946e-03 7.158459164202213287e-03 1.481809280812740326e-02 4.720719903707504272e-02 3.930871933698654175e-02 2.490335889160633087e-02 1.250956859439611435e-02 4.457150585949420929e-03 4.324344918131828308e-02 2.507646568119525909e-02 1.307383552193641663e-02 2.931896597146987915e-02 4.545295145362615585e-03 7.762814871966838837e-03 6.514657754451036453e-03 2.125301212072372437e-02 9.437685832381248474e-03 5.250678583979606628e-02 2.063936926424503326e-02 2.677272632718086243e-02 1.242571976035833359e-02 2.012252435088157654e-02 5.362271517515182495e-02 5.084058642387390137e-02 2.274220436811447144e-02 5.243730917572975159e-02 1.852322183549404144e-02 3.321074694395065308e-02 5.800148006528615952e-03 1.040482372045516968e-01 9.003825485706329346e-03 3.996010497212409973e-02 4.548882693052291870e-02 4.089522361755371094e-02 7.107067503966391087e-04 4.718717932701110840e-02 2.399791032075881958e-02 1.769405417144298553e-02 1.085538510233163834e-02 2.707600779831409454e-02 4.757262021303176880e-02 2.042279206216335297e-02 4.705413058400154114e-02 3.109703585505485535e-02 3.870356455445289612e-02 4.672697558999061584e-02 2.123034186661243439e-02 1.904434151947498322e-02 1.789376512169837952e-02 1.006235927343368530e-02 4.821566492319107056e-02 4.116579890251159668e-02 3.149648383259773254e-02 7.592954207211732864e-03 2.323439903557300568e-02 3.066866844892501831e-02 6.799352914094924927e-02 4.148388281464576721e-02 3.892520442605018616e-02 1.339602097868919373e-02 2.179916761815547943e-02 2.333491668105125427e-02 2.642877958714962006e-02
3.091064468026161194e-02 3.021959215402603149e-02 4.797710105776786804e-03 1.256811767816543579e-01 4.696818590164184570e-01 2.299985289573669434e-02 5.897431075572967529e-02 2.690967544913291931e-02 7.249645143747329712e-02 1.706214854493737221e-03 2.694480866193771362e-02 4.165844991803169250e-02 8.299351669847965240e-03 5.304754152894020081e-02 4.937007278203964233e-02 2.169941551983356476e-02 8.406447246670722961e-03 5.197336897253990173e-02 6.932883709669113159e-02 1.656802557408809662e-02 3.873654454946517944e-02 1.212008763104677200e-02 2.712208963930606842e-02 1.412236597388982773e-02 2.228719741106033325e-02 4.035196453332901001e-02 1.592101529240608215e-02 2.847018465399742126e-02 3.260371088981628418e-02 3.256781026721000671e-02 2.930407784879207611e-02 3.831516578793525696e-02 8.127366192638874054e-03 4.833953455090522766e-03 3.437367454171180725e-02 3.605705685913562775e-03 1.459348388016223907e-02 1.826506340876221657e-04 5.741772800683975220e-02 4.253954067826271057e-02 4.408714920282363892e-02 3.116243751719594002e-03 3.617333946749567986e-03 9.663623757660388947e-03 4.369408637285232544e-02 2.585781365633010864e-02 3.058750741183757782e-02 6.987262982875108719e-03 1.138892769813537598e-02 4.245822504162788391e-02 5.726061295717954636e-03 1.044536195695400238e-02 2.473773062229156494e-02 6.219801492989063263e-03 4.622358828783035278e-02 9.956654161214828491e-03 5.743575841188430786e-02 2.717088721692562103e-02 4.910987615585327148e-02 2.334206551313400269e-02 1.432100217789411545e-02 4.931866005063056946e-02 8.315858431160449982e-03 4.874415695667266846e-02 3.834104631096124649e-03 2.016973122954368591e-02 3.497181832790374756e-02 3.579790145158767700e-02 5.421414598822593689e-02 4.816696792840957642e-02 3.692007437348365784e-02 3.553477674722671509e-02 5.214225873351097107e-02 2.020737156271934509e-02 2.599635720252990723e-02 4.661366343498229980e-02 2.147147804498672485e-02 3.238976374268531799e-02 5.112751200795173645e-02 4.417230933904647827e-02 7.856738753616809845e-03 1.152661396190524101e-03 2.719018049538135529e-02 9.288389235734939575e-02 3.689587488770484924e-02 5.165871605277061462e-02 3.794441372156143188e-02 2.120648138225078583e-02 2.404389344155788422e-02 2.572933025658130646e-02 4.240930546075105667e-03 3.695662692189216614e-02 2.057659067213535309e-02 4.012571647763252258e-02 9.968174621462821960e-03 3.937094658613204956e-02 3.620583564043045044e-02 2.821721881628036499e-02 4.136451706290245056e-02 3.119342215359210968e-02 3.520430997014045715e-02 4.167373105883598328e-02 4.367830231785774231e-03 2.402980253100395203e-02 4.532506689429283142e-03 1.061901729553937912e-02 1.085198670625686646e-02 1.355006732046604156e-02 5.438448488712310791e-02 7.762351632118225098e-02 1.528053916990756989e-02 1.204215455800294876e-02 4.050335660576820374e-02 5.199137702584266663e-02 2.537520416080951691e-02 2.274963445961475372e-02
4.743346199393272400e-02 4.202547483146190643e-03 1.352196186780929565e-02 2.169426903128623962e-02 2.299985289573669434e-02 4.743509292602539062e-01 7.244254648685455322e-02 4.310756921768188477e-03 2.233230136334896088e-02 1.721194945275783539e-02 1.134166307747364044e-02 2.635487355291843414e-02 2.058289758861064911e-02 4.022561758756637573e-02 2.827448025345802307e-02 4.096650332212448120e-02 3.425143659114837646e-02 3.818305442109704018e-03 2.852087281644344330e-02 2.179322391748428345e-02 4.058175161480903625e-02 4.893900081515312195e-02 1.897817105054855347e-02 3.387634083628654480e-02 5.926739424467086792e-03 2.710025943815708160e-02 5.046932026743888855e-02 4.588799178600311279e-02 1.410805899649858475e-02 2.329882699996232986e-03 3.615177050232887268e-02 4.475614801049232483e-02 3.245427459478378296e-02 2.585715986788272858e-02 3.511650487780570984e-02 2.872724458575248718e-02 5.079888738691806793e-03 5.241415277123451233e-02 1.850637607276439667e-02 2.973316935822367668e-03 2.128131501376628876e-02 4.826831445097923279e-02 2.322380430996417999e-02 8.779693394899368286e-03 8.520928211510181427e-03 1.340160053223371506e-02 4.444453120231628418e-02 8.626449271105229855e-04 5.494491010904312134e-02 4.276910796761512756e-02 2.241216786205768585e-02 4.411195591092109680e-02 1.565191335976123810e-02 3.780295699834823608e-02 1.563835144042968750e-02 3.070040419697761536e-02 2.606898918747901917e-02 1.433107256889343262e-02 3.751160576939582825e-02 3.327943384647369385e-02 7.079823873937129974e-03 2.059681713581085205e-02 2.998114330694079399e-03 1.111593935638666153e-02 4.917709156870841980e-02 2.360788546502590179e-02 4.394692927598953247e-02 4.944984987378120422e-02 6.181321665644645691e-02 5.282786209136247635e-03 4.578320309519767761e-02 3.294610977172851562e-02 1.791181229054927826e-02 9.142528288066387177e-03 2.548609673976898193e-02 3.140341863036155701e-02 1.889335736632347107e-02 2.962242113426327705e-03 4.626799002289772034e-02 3.557331860065460205e-02 2.646902017295360565e-02 4.197923839092254639e-02 3.935821354389190674e-02 2.563489787280559540e-02 2.936669997870922089e-02 3.823110461235046387e-02 3.207404166460037231e-02 2.673290856182575226e-02 3.560721501708030701e-02 3.700462728738784790e-02 5.325555335730314255e-03 1.716276258230209351e-02 2.170504536479711533e-03 3.119101747870445251e-02 5.028932169079780579e-02 4.540812224149703979e-02 1.918180100619792938e-02 1.357999816536903381e-02 5.645115859806537628e-03 4.373259376734495163e-03 1.561787165701389313e-02 1.417656801640987396e-02 2.959841303527355194e-02 5.590678006410598755e-02 2.756170369684696198e-02 3.756581991910934448e-02 3.916176781058311462e-02 3.617334179580211639e-03 1.968119665980339050e-02 2.973613329231739044e-02 2.832518704235553741e-02 2.535490784794092178e-04 1.950282230973243713e-02 3.465743362903594971e-02 2.923773042857646942e-02 1.760817505419254303e-02
4.944072663784027100e-02 3.868525102734565735e-02 2.720311097800731659e-02 4.418594762682914734e-02 5.897431075572967529e-02 7.244254648685455322e-02 4.877219200134277344e-01 4.306665435433387756e-02 3.494356572628021240e-02 4.126545414328575134e-02 3.259196877479553223e-02 2.064312808215618134e-02 3.053498081862926483e-02 4.357311129570007324e-02 3.891190048307180405e-03 1.370259188115596771e-02 1.446578931063413620e-02 1.185162737965583801e-02 3.990681469440460205e-02 1.323987636715173721e-02 1.237655710428953171e-02 1.805575750768184662e-02 2.867054566740989685e-02 5.131176486611366272e-02 1.239315140992403030e-02 3.116407617926597595e-02 2.227964252233505249e-02 1.923506706953048706e-02 1.292195171117782593e-02 3.770353272557258606e-02 9.088985621929168701e-03 3.137981984764337540e-03 1.554226223379373550e-02 1.267803553491830826e-02 1.497217640280723572e-02 1.255687605589628220e-02 2.330088615417480469e-02 2.801367267966270447e-02 1.019206643104553223e-02 2.519880235195159912e-02 1.085015293210744858e-02 1.573239080607891083e-02 1.050113700330257416e-02 4.478649049997329712e-02 1.728820241987705231e-02 4.783655703067779541e-02 3.496056050062179565e-02 4.554332047700881958e-02 1.606498658657073975e-02 8.509608916938304901e-03 1.557029876857995987e-02 2.364563843002542853e-04 9.664267301559448242e-03 2.044489979743957520e-02 4.845527932047843933e-02 5.725643131881952286e-03 1.611018739640712738e-02 1.334285549819469452e-02 5.959518719464540482e-03 2.415957301855087280e-02 5.699370987713336945e-03 9.269875474274158478e-03 2.104650437831878662e-02 1.363467331975698471e-02 2.637153677642345428e-02 3.243867680430412292e-02 3.843364072963595390e-03 3.825812134891748428e-03 9.625431150197982788e-03 3.972536418586969376e-03 1.481689978390932083e-02 4.833468422293663025e-02 3.306467831134796143e-02 4.549015313386917114e-02 1.804542727768421173e-02 3.027760609984397888e-02 3.854225575923919678e-02 3.701813146471977234e-02 3.179173171520233154e-02 6.582862697541713715e-03 4.263034835457801819e-02 4.933524876832962036e-02 2.268844284117221832e-02 5.148380063474178314e-03 6.127325445413589478e-02 6.203833222389221191e-02 1.851892098784446716e-02 1.849468797445297241e-02 3.918400034308433533e-02 2.431135810911655426e-02 1.413148944266140461e-03 1.741693541407585144e-02 1.290513016283512115e-02 5.338158924132585526e-03 4.194959998130798340e-03 6.544561590999364853e-03 4.141246434301137924e-03 2.003900706768035889e-02 1.780333369970321655e-02 3.616277128458023071e-03 2.599958330392837524e-02 1.180217787623405457e-02 2.571504749357700348e-02 1.159185636788606644e-02 2.100438624620437622e-02 1.333951367996633053e-03 2.862577512860298157e-02 2.241714112460613251e-02 5.068947374820709229e-02 1.024178043007850647e-02 3.830884769558906555e-02 4.093585908412933350e-02 3.589254245162010193e-02 5.605876445770263672e-02 2.328462712466716766e-02 5.396422743797302246e-02
3.476778417825698853e-02 5.021957308053970337e-02 1.622331738471984863e-01 1.013816334307193756e-02 2.690967544913291931e-02 4.310756921768188477e-03 4.306665435433387756e-02 4.727535545825958252e-01 2.146361023187637329e-02 8.505196869373321533e-02 3.534966334700584412e-02 3.062035329639911652e-02 5.210937932133674622e-02 2.156457118690013885e-02 6.905500590801239014e-02 2.720361202955245972e-02 3.651311248540878296e-02 2.245959639549255371e-02 2.192023023962974548e-02 1.352502219378948212e-02 1.781447604298591614e-02 8.390735834836959839e-02 3.337283059954643250e-02 4.407374188303947449e-03 2.766924723982810974e-02 5.501306615769863129e-03 2.633754163980484009e-03 3.276724368333816528e-02 2.955434145405888557e-03 2.792882546782493591e-02 2.481813728809356689e-02 2.039442025125026703e-02 9.675869718194007874e-03 1.877909339964389801e-02 4.961303994059562683e-02 5.473387986421585083e-02 2.035194262862205505e-02 4.476234689354896545e-02 4.821511451154947281e-03 1.639714464545249939e-02 2.838284708559513092e-02 6.369573622941970825e-02 4.505279660224914551e-02 1.469762530177831650e-02 4.722312558442354202e-03 2.298249397426843643e-03 2.525129355490207672e-02 3.285389393568038940e-02 6.902573257684707642e-02 3.571235015988349915e-02 4.605333134531974792e-02 4.671828448772430420e-02 3.257243707776069641e-02 2.311628498136997223e-02 3.810074180364608765e-03 3.683351352810859680e-02 1.524969749152660370e-02 7.837495650164783001e-04 4.555268958210945129e-02 9.459186345338821411e-03 4.628870636224746704e-02 2.462260611355304718e-02 2.492686733603477478e-02 8.919322863221168518e-03 3.440882265567779541e-02 2.212571725249290466e-02 2.836528047919273376e-02 1.271744538098573685e-02 1.139254961162805557e-02 2.929761260747909546e-02 9.330799803137779236e-03 9.319270029664039612e-03 1.455128099769353867e-02 4.007005190942436457e-04 4.605016857385635376e-02 3.548690676689147949e-02 1.999114640057086945e-02 1.475638151168823242e-02 1.694707199931144714e-02 1.916065439581871033e-02 1.073773428797721863e-01 9.141749888658523560e-02 5.808168556541204453e-03 2.605798281729221344e-02 7.774675264954566956e-03 6.000819057226181030e-02 2.106752060353755951e-02 8.571663498878479004e-02 2.309673093259334564e-02 4.260952398180961609e-02 2.741709537804126740e-02 4.277902189642190933e-03 2.282361034303903580e-03 1.563772931694984436e-02 1.174277812242507935e-02 6.160516757518053055e-03 2.859070338308811188e-02 1.180375367403030396e-02 3.768411651253700256e-02 5.407195538282394409e-02 3.332116454839706421e-02 8.100001141428947449e-03 2.727558836340904236e-02 1.297561544924974442e-02 3.326243907213211060e-02 2.969785826280713081e-03 2.701922878623008728e-02 4.912876989692449570e-03 4.606303200125694275e-02 2.376029454171657562e-02 8.562049828469753265e-03 1.084404438734054565e-02 3.629086911678314209e-02 4.851125180721282959e-02 1.595897041261196136e-02 8.479345589876174927e-03
5.068233981728553772e-02 4.823308438062667847e-02 1.818253775127232075e-03 2.199154347181320190e-02 7.249645143747329712e-02 2.233230136334896088e-02 3.494356572628021240e-02 2.146361023187637329e-02 4.658815860748291016e-01 2.455891110002994537e-02 4.466799274086952209e-02 4.290568456053733826e-02 2.593249827623367310e-02 7.137967739254236221e-03 2.518402040004730225e-02 5.919989198446273804e-03 2.560777403414249420e-02 3.443791717290878296e-02 9.360344149172306061e-03 1.702188141644001007e-02 2.929316088557243347e-02 9.010169655084609985e-03 4.220438003540039062e-02 2.956364303827285767e-02 1.991130784153938293e-02 2.416099235415458679e-02 4.332740232348442078e-02 2.724716253578662872e-02 2.326946705579757690e-02 1.106663700193166733e-02 5.225607007741928101e-02 4.757248237729072571e-02 1.557425968348979950e-02 2.633751928806304932e-02 1.390753593295812607e-02 9.475774131715297699e-03 6.293062586337327957e-03 1.918489485979080200e-02 6.564334034919738770e-02 2.938375808298587799e-02 8.159869350492954254e-03 9.184246510267257690e-02 2.377974241971969604e-02 1.845554634928703308e-02 4.641905426979064941e-02 1.110958587378263474e-02 3.368162363767623901e-02 4.549138247966766357e-02 4.885207861661911011e-02 1.773365586996078491e-02 3.651491180062294006e-02 2.718981169164180756e-02 4.056489095091819763e-02 3.741553053259849548e-02 6.515650451183319092e-02 1.214081794023513794e-02 7.857303321361541748e-02 1.754037849605083466e-02 5.341671872884035110e-03 2.476657181978225708e-02 1.366064790636301041e-02 1.474908553063869476e-02 8.962788619101047516e-03 1.477531343698501587e-02 6.281491951085627079e-04 4.000816494226455688e-02 1.315309014171361923e-02 4.531125351786613464e-02 6.792848557233810425e-02 1.349655445665121078e-02 8.497695438563823700e-03 2.039931342005729675e-02 5.346891283988952637e-02 4.681013990193605423e-03 2.290848083794116974e-02 9.991285391151905060e-03 1.159554719924926758e-01 9.192220168188214302e-04 5.193461105227470398e-02 3.669935092329978943e-02 1.604159176349639893e-02 1.631025411188602448e-02 3.201293945312500000e-02 4.375680536031723022e-02 3.964568022638559341e-03 4.281014669686555862e-03 7.089451886713504791e-03 3.857574984431266785e-02 8.490334451198577881e-02 2.635775133967399597e-02 9.873439557850360870e-03 3.910128772258758545e-02 4.494074732065200806e-02 1.786466501653194427e-02 5.869250744581222534e-02 2.464571222662925720e-02 3.283042460680007935e-02 1.454935874789953232e-02 1.101149339228868484e-02 2.352532185614109039e-02 1.625740155577659607e-02 4.175485670566558838e-02 6.481593847274780273e-02 4.452602937817573547e-03 1.527251792140305042e-03 2.006830088794231415e-02 3.584769740700721741e-02 2.371112070977687836e-02 2.359520271420478821e-02 2.031429857015609741e-02 2.902966924011707306e-02 2.077653631567955017e-02 1.878168247640132904e-02 1.744853705167770386e-02 1.423821970820426941e-02 3.770916908979415894e-02
2.989046089351177216e-02 2.470544353127479553e-02 1.741042174398899078e-02 1.716385129839181900e-03 1.706214854493737221e-03 1.721194945275783539e-02 4.126545414328575134e-02 8.505196869373321533e-02 2.455891110002994537e-02 4.859031438827514648e-01 3.937309235334396362e-02 2.720054052770137787e-02 3.478716686367988586e-02 1.254706829786300659e-02 1.117038261145353317e-02 5.356602370738983154e-02 5.056550726294517517e-03 1.294742804020643234e-02 1.064964383840560913e-02 1.192860677838325500e-02 2.334887161850929260e-02 4.853023961186408997e-02 3.096782229840755463e-02 4.854373261332511902e-02 4.713882878422737122e-02 3.674963489174842834e-02 1.602284982800483704e-02 1.503539737313985825e-02 5.321113392710685730e-02 2.363354898989200592e-02 5.347589775919914246e-02 1.149086467921733856e-02 4.587471857666969299e-02 4.511460661888122559e-02 3.767536208033561707e-02 3.257679939270019531e-02 2.114796824753284454e-02 5.355011671781539917e-02 1.000982010737061501e-03 5.484350491315126419e-03 6.544291228055953979e-02 5.461678840219974518e-03 1.055015530437231064e-02 2.964100614190101624e-02 4.015475884079933167e-02 5.666811019182205200e-02 3.477909415960311890e-02 4.009639099240303040e-02 1.655422709882259369e-02 1.027241349220275879e-01 2.373602986335754395e-02 1.286616828292608261e-02 5.058262124657630920e-02 1.352519262582063675e-02 6.829531397670507431e-03 7.458274811506271362e-02 1.963144913315773010e-02 2.863176912069320679e-02 1.121385768055915833e-02 9.524665772914886475e-03 5.433629453182220459e-02 3.285054117441177368e-02 4.386923834681510925e-02 8.552690595388412476e-02 3.795053064823150635e-02 3.653335943818092346e-02 5.422629415988922119e-03 2.233779802918434143e-02 3.685530647635459900e-02 1.279228553175926208e-02 4.599555209279060364e-02 1.679443381726741791e-02 1.162699516862630844e-02 5.293950811028480530e-02 4.563940223306417465e-03 3.051702678203582764e-02 4.484417662024497986e-02 1.065901294350624084e-01 2.369480393826961517e-02 8.294615894556045532e-02 4.181362688541412354e-02 8.646246045827865601e-02 6.049972400069236755e-02 8.341324515640735626e-03 3.820468485355377197e-02 3.375717625021934509e-02 1.051853038370609283e-02 6.667809933423995972e-02 1.211161632090806961e-02 8.758661895990371704e-02 1.999801956117153168e-02 4.800195246934890747e-02 3.651399910449981689e-02 2.238750085234642029e-02 1.545839197933673859e-02 2.226915396749973297e-02 4.437380284070968628e-02 4.421978443861007690e-02 9.527155198156833649e-03 3.663446381688117981e-02 2.641434594988822937e-02 2.989089488983154297e-02 3.465726505964994431e-03 4.682676866650581360e-02 9.115396998822689056e-03 3.272726899012923241e-04 3.466248139739036560e-02 1.368938107043504715e-02 2.877276763319969177e-02 2.872687764465808868e-03 2.092274464666843414e-02 1.108773797750473022e-02 5.093069747090339661e-02 1.198222488164901733e-02 2.866173535585403442e-02 2.729739993810653687e-03
6.341174989938735962e-02 5.516836419701576233e-02 3.574119508266448975e-02 3.314071893692016602e-02 2.694480866193771362e-02 1.134166307747364044e-02 3.259196877479553223e-02 3.534966334700584412e-02 4.466799274086952209e-02 3.937309235334396362e-02 4.935154318809509277e-01 2.695735543966293335e-03 5.864792689681053162e-02 6.726047489792108536e-03 3.159728646278381348e-02 2.032013051211833954e-02 1.570863835513591766e-02 7.787859532982110977e-03 3.946877270936965942e-02 3.303632512688636780e-02 3.521152585744857788e-02 2.454733941704034805e-03 1.542800944298505783e-02 2.630000235512852669e-03 1.323781907558441162e-02 2.056749537587165833e-02 4.955801181495189667e-03 1.660353317856788635e-02 2.113213017582893372e-02 3.426894545555114746e-02 4.773861169815063477e-02 4.943264275789260864e-02 1.086615119129419327e-02 8.584596216678619385e-03 2.593181096017360687e-02 7.445364724844694138e-03 8.597606793045997620e-03 5.272860452532768250e-02 4.403147846460342407e-02 4.905840381979942322e-02 3.109466657042503357e-02 4.691898822784423828e-02 5.214241519570350647e-02 1.720176078379154205e-02 1.402796618640422821e-02 3.180075809359550476e-02 5.287923663854598999e-02 5.243023112416267395e-02 5.225928034633398056e-03 2.438181266188621521e-02 5.386106669902801514e-03 2.250277064740657806e-02 3.459563478827476501e-02 2.450806833803653717e-02 2.984371967613697052e-02 3.754750266671180725e-02 9.259055368602275848e-03 3.335748985409736633e-02 1.691986806690692902e-02 1.367543824017047882e-02 1.042051520198583603e-02 4.157440736889839172e-03 1.174478675238788128e-03 6.696516275405883789e-02 4.097805917263031006e-02 6.171469390392303467e-02 5.249030888080596924e-02 4.490819573402404785e-02 2.933586575090885162e-02 2.259757742285728455e-02 2.573476731777191162e-02 9.757218882441520691e-03 1.266095973551273346e-02 4.000499844551086426e-02 3.595741000026464462e-03 1.972233131527900696e-02 4.421583563089370728e-02 1.404731906950473785e-02 2.686378918588161469e-02 1.794220693409442902e-02 1.300326362252235413e-02 2.432379685342311859e-02 1.658917963504791260e-02 2.423900552093982697e-02 5.751330405473709106e-03 3.261710749939084053e-03 2.200972102582454681e-02 4.699763655662536621e-02 2.341747842729091644e-02 4.834449850022792816e-03 2.685117907822132111e-02 1.902097091078758240e-02 5.980702117085456848e-02 2.882502600550651550e-02 5.297916010022163391e-03 6.365817971527576447e-03 4.121354967355728149e-02 2.636649459600448608e-02 6.667674519121646881e-03 1.562505960464477539e-02 1.043942291289567947e-02 3.239652141928672791e-02 4.313798248767852783e-02 1.912894286215305328e-02 4.779985919594764709e-02 4.364313185214996338e-02 4.347782209515571594e-02 4.824209213256835938e-02 1.308328565210103989e-02 5.290340632200241089e-04 1.659613475203514099e-02 1.305286120623350143e-02 2.425444684922695160e-02 1.110429782420396805e-02 1.582373678684234619e-02 2.400431223213672638e-02
3.101851325482130051e-03 1.642814464867115021e-02 1.488358993083238602e-02 3.927817940711975098e-02 4.165844991803169250e-02 2.635487355291843414e-02 2.064312808215618134e-02 3.062035329639911652e-02 4.290568456053733826e-02 2.720054052770137787e-02 2.695735543966293335e-03 4.717905223369598389e-01 5.793979391455650330e-03 1.349842846393585205e-01 4.445869103074073792e-02 1.090279221534729004e-02 3.304090723395347595e-02 1.648658700287342072e-02 4.813339933753013611e-02 4.453447833657264709e-02 7.555005606263875961e-03 4.623511061072349548e-02 5.112215876579284668e-02 4.859056696295738220e-02 3.688974678516387939e-02 2.912004664540290833e-02 7.882257923483848572e-03 3.373589739203453064e-02 2.379384823143482208e-03 1.146435439586639404e-01 1.580115407705307007e-02 3.795989975333213806e-02 3.895352408289909363e-02 1.203179173171520233e-02 4.754450172185897827e-03 6.611992139369249344e-03 5.943155381828546524e-03 4.222303628921508789e-02 8.614034205675125122e-02 3.423804044723510742e-02 2.611580677330493927e-02 5.003905296325683594e-02 4.146374762058258057e-02 9.997635148465633392e-03 7.324061542749404907e-02 4.577358439564704895e-02 1.617814227938652039e-02 9.083151817321777344e-04 1.361789461225271225e-02 4.100274294614791870e-02 1.940770819783210754e-02 5.817579850554466248e-02 2.819794975221157074e-02 4.238119814544916153e-03 1.883728429675102234e-02 3.225669637322425842e-02 4.857205227017402649e-02 1.900798454880714417e-02 8.536051609553396702e-04 5.570105463266372681e-02 6.686001271009445190e-02 2.597403898835182190e-02 9.545291773974895477e-03 1.334826741367578506e-02 5.168181378394365311e-03 8.353381417691707611e-03 3.371247649192810059e-02 4.503957927227020264e-02 2.683824114501476288e-02 2.498839795589447021e-02 3.633569926023483276e-02 3.524458035826683044e-02 1.673941127955913544e-02 3.144028596580028534e-03 5.006925761699676514e-02 5.039478838443756104e-02 4.222930967807769775e-02 8.423871546983718872e-02 4.885063320398330688e-02 2.892161719501018524e-02 2.835233695805072784e-02 4.412134736776351929e-02 2.079925872385501862e-02 3.566911071538925171e-02 9.212264791131019592e-03 6.596211344003677368e-03 6.139794830232858658e-03 8.467098698019981384e-03 3.824999928474426270e-02 7.445594668388366699e-02 3.903059661388397217e-02 1.961665600538253784e-02 1.891925558447837830e-02 2.865286730229854584e-02 1.738145202398300171e-02 4.620601236820220947e-02 3.296818956732749939e-02 2.817215584218502045e-02 5.028607323765754700e-03 4.735262336907908320e-05 4.504281096160411835e-03 2.387190423905849457e-02 7.934815250337123871e-03 1.120245316997170448e-03 1.781757920980453491e-02 8.189126849174499512e-03 4.303741268813610077e-03 2.673736400902271271e-02 3.733338043093681335e-02 9.363217279314994812e-03 1.897481083869934082e-02 4.258772730827331543e-02 5.746372044086456299e-02 1.295123342424631119e-02 3.215263038873672485e-02 2.226954884827136993e-02
4.191304743289947510e-02 4.302954673767089844e-02 3.777366876602172852e-02 2.256181836128234863e-02 8.299351669847965240e-03 2.058289758861064911e-02 3.053498081862926483e-02 5.210937932133674622e-02 2.593249827623367310e-02 3.478716686367988586e-02 5.864792689681053162e-02 5.793979391455650330e-03 4.974389672279357910e-01 7.268651854246854782e-03 3.006756491959095001e-02 3.518290817737579346e-02 1.006006076931953430e-02 3.517667949199676514e-02 2.466908097267150879e-02 5.653370916843414307e-02 1.020636502653360367e-02 2.013870328664779663e-02 1.384238805621862411e-02 2.007995359599590302e-02 3.867784282192587852e-03 1.344554591923952103e-02 3.434263542294502258e-02 2.341286279261112213e-02 3.311959654092788696e-02 3.308152407407760620e-02 4.252234101295471191e-02 2.170506864786148071e-02 4.911813512444496155e-02 8.324231952428817749e-03 1.198975741863250732e-02 3.570368140935897827e-02 1.726253516972064972e-02 8.925596252083778381e-03 2.269332855939865112e-02 4.045434296131134033e-02 1.204403350129723549e-03 3.448267281055450439e-02 2.388866618275642395e-02 3.030649386346340179e-02 2.266869507730007172e-02 1.189525518566370010e-02 4.825292527675628662e-02 3.736201301217079163e-02 1.368269789963960648e-02 5.780028179287910461e-02 1.289375941269099712e-03 3.319367021322250366e-02 1.321572344750165939e-02 1.575258187949657440e-02 5.423891358077526093e-03 2.425195416435599327e-03 2.103521255776286125e-03 4.508547950536012650e-03 4.193711094558238983e-03 7.411405444145202637e-03 1.034577842801809311e-02 3.683315217494964600e-02 1.419968530535697937e-02 7.109125610440969467e-03 3.395725786685943604e-02 4.709703847765922546e-02 3.434789925813674927e-02 2.916184253990650177e-02 4.247169941663742065e-02 1.877471059560775757e-02 5.286071076989173889e-02 2.088342327624559402e-03 1.853598840534687042e-02 1.953234523534774780e-02 6.850964855402708054e-03 3.340395167469978333e-03 2.258436940610408783e-02 1.923431828618049622e-02 1.366693153977394104e-02 9.552770294249057770e-03 1.980304159224033356e-02 4.616300761699676514e-02 3.308068960905075073e-02 4.620978608727455139e-02 3.908585291355848312e-03 4.998733289539813995e-03 1.938003115355968475e-02 3.512675408273935318e-03 6.023170892149209976e-03 1.082991808652877808e-02 2.954335510730743408e-02 2.619808726012706757e-02 3.915090486407279968e-02 3.948085382580757141e-02 1.086465828120708466e-02 1.071064732968807220e-02 3.250178694725036621e-02 4.286541603505611420e-03 1.904175058007240295e-02 9.154769591987133026e-03 2.265982329845428467e-03 5.954643245786428452e-03 3.059601783752441406e-02 8.259185589849948883e-03 5.419080331921577454e-02 3.551752865314483643e-02 3.434245288372039795e-02 3.335526585578918457e-02 3.325358778238296509e-02 6.441905628889799118e-03 1.285369601100683212e-02 2.308977022767066956e-02 6.205487623810768127e-02 2.442800253629684448e-02 1.937754638493061066e-02 2.027243375778198242e-02
