5.253756046295166016e-01 1.267194598913192749e-01 2.654524752870202065e-03 3.408315032720565796e-02 3.011254221200942993e-02 8.972998708486557007e-02 7.408329099416732788e-02 2.256331779062747955e-02 1.357462257146835327e-02 2.569792978465557098e-02 1.132762655615806580e-01 2.757234871387481689e-02 1.031837910413742065e-01 2.575097046792507172e-02 3.953400626778602600e-02 3.274004161357879639e-02 2.510875277221202850e-02 9.700950235128402710e-03 4.126841574907302856e-02 2.284757234156131744e-02 3.624505549669265747e-02 2.059678547084331512e-02 1.489160768687725067e-02 1.815459132194519043e-02 2.393204532563686371e-02 2.916940301656723022e-02 2.241427823901176453e-02 3.106916509568691254e-02 3.224550932645797729e-02 9.477579966187477112e-03 5.614041909575462341e-02 2.304330840706825256e-02 3.087741695344448090e-02 4.158791527152061462e-02 2.702762745320796967e-02 3.166233003139495850e-02 6.372598465532064438e-03 1.545482221990823746e-02 1.264684274792671204e-02 2.044560946524143219e-02 3.492814721539616585e-05 2.487987652420997620e-02 1.493359263986349106e-02 4.052362963557243347e-02 4.061586409807205200e-02 1.718901470303535461e-02 6.776565313339233398e-02 4.135854914784431458e-02 2.701164782047271729e-02 2.685916610062122345e-02 2.989678829908370972e-02 3.303745388984680176e-02 9.878966957330703735e-03 3.179389238357543945e-02 2.826772257685661316e-02 4.156132787466049194e-02 3.706832230091094971e-02 1.490180287510156631e-02 2.406279556453227997e-03 3.313333541154861450e-02 2.885060943663120270e-02 2.430873736739158630e-02 2.745450008660554886e-03 4.168016463518142700e-02 1.508819218724966049e-02 7.501786574721336365e-03 6.780988071113824844e-03 3.657588735222816467e-02 9.317843243479728699e-03 4.976727068424224854e-02 2.198978886008262634e-02 3.233281150460243225e-02 1.686018705368041992e-02 2.307038940489292145e-02 2.724247053265571594e-02 3.509578481316566467e-02 3.873020410537719727e-02 4.954066872596740723e-02 2.899316139519214630e-02 7.393649779260158539e-03 1.058478746563196182e-02 3.687814250588417053e-02 1.805200055241584778e-02 2.314526354894042015e-03 3.231235593557357788e-02 4.331479221582412720e-02 8.660296909511089325e-03 1.168875489383935928e-02 3.998753055930137634e-02 5.783279426395893097e-03 6.656527519226074219e-02 3.398533537983894348e-02 5.893659591674804688e-02 1.334128901362419128e-02 8.252030820585787296e-04 4.141542688012123108e-02 1.893678307533264160e-02 9.652180597186088562e-03 3.490082547068595886e-02 9.586146101355552673e-03 1.358377467840909958e-02 2.682915655896067619e-03 1.425091363489627838e-02 3.678432479500770569e-02 2.156142331659793854e-02 4.010467603802680969e-02 9.562440216541290283e-03 1.272240094840526581e-02 5.053828936070203781e-03 4.620627313852310181e-02 1.949909701943397522e-02 9.498799219727516174e-03 4.912967607378959656e-02 1.825419999659061432e-02 3.259691596031188965e-02 2.114206179976463318e-02
1.267194598913192749e-01 5.318225622177124023e-01 1.311120926402509212e-03 5.971759092062711716e-03 2.555203810334205627e-02 6.242389604449272156e-02 6.088465824723243713e-02 4.611184820532798767e-03 1.282080169767141342e-02 5.437348783016204834e-02 7.341299951076507568e-02 2.971542067825794220e-02 7.990535348653793335e-02 5.130225419998168945e-02 4.642463475465774536e-02 2.260495536029338837e-02 4.196089506149291992e-02 2.637973986566066742e-02 1.786577142775058746e-02 1.538627967238426208e-02 1.970729045569896698e-02 1.345438323915004730e-02 3.399150446057319641e-02 1.215224037878215313e-03 7.136221975088119507e-04 3.046805411577224731e-02 1.243668328970670700e-02 3.806689381599426270e-02 4.342522937804460526e-03 5.138193722814321518e-03 2.462186850607395172e-02 1.271969452500343323e-02 3.065625205636024475e-02 4.036860540509223938e-02 9.320629760622978210e-03 4.601012915372848511e-03 5.007022246718406677e-02 1.849852502346038818e-03 5.159415770322084427e-03 2.607510611414909363e-02 8.747098618187010288e-04 1.857642643153667450e-02 4.990132525563240051e-02 4.955561831593513489e-02 3.178454190492630005e-02 1.479616202414035797e-02 4.935952648520469666e-02 3.122163750231266022e-02 1.966116763651371002e-02 3.388346731662750244e-02 2.646197797730565071e-03 1.012604311108589172e-02 1.404149271547794342e-02 4.550819098949432373e-02 1.930260471999645233e-02 4.119352996349334717e-02 1.667896658182144165e-02 4.772150889039039612e-02 1.431561075150966644e-02 3.521146625280380249e-02 2.992044202983379364e-02 5.016297847032546997e-02 3.399903071112930775e-04 1.960754022002220154e-02 3.694885224103927612e-02 7.056676782667636871e-03 2.653753152117133141e-03 5.282704159617424011e-02 8.294865489006042480e-03 2.270327135920524597e-02 7.336058188229799271e-03 1.271200645714998245e-02 1.816464774310588837e-02 2.025577612221240997e-02 3.201283514499664307e-02 3.012104332447052002e-02 3.343578055500984192e-02 2.170686610043048859e-02 9.248564019799232483e-03 2.253379300236701965e-02 1.052115205675363541e-02 4.569942131638526917e-02 3.632477670907974243e-02 3.401295095682144165e-02 3.445487841963768005e-02 1.079813297837972641e-02 1.835275813937187195e-02 1.316748000681400299e-02 1.226801145821809769e-02 2.937555499374866486e-02 5.285277590155601501e-02 2.063080854713916779e-02 4.976364225149154663e-02 1.687894947826862335e-02 2.409338951110839844e-02 8.409841917455196381e-03 2.646835707128047943e-02 4.073882102966308594e-02 4.567532241344451904e-02 2.665313368197530508e-04 1.815880089998245239e-02 8.451978792436420918e-04 2.943975292146205902e-02 3.465878963470458984e-02 3.806184604763984680e-02 2.479950338602066040e-02 1.894269511103630066e-02 2.524305507540702820e-02 1.415834762156009674e-02 2.269619889557361603e-02 2.368884347379207611e-02 4.064895212650299072e-03 3.746657818555831909e-02 1.178833097219467163e-02 4.710770770907402039e-02 3.758227825164794922e-02
2.654524752870202065e-03 1.311120926402509212e-03 5.064564347267150879e-01 1.787086203694343567e-02 1.278536301106214523e-02 7.504197303205728531e-03 1.630691438913345337e-02 1.130568236112594604e-01 2.482928335666656494e-02 4.914230480790138245e-02 2.323278598487377167e-02 4.750285670161247253e-02 2.076702192425727844e-02 6.557048857212066650e-02 1.346112415194511414e-02 4.153841733932495117e-02 4.502875730395317078e-03 3.827342018485069275e-02 2.582005970180034637e-02 3.588578850030899048e-02 1.052863430231809616e-02 3.109526261687278748e-02 1.920577138662338257e-02 4.766153544187545776e-02 3.127835318446159363e-02 2.368124760687351227e-02 6.268711294978857040e-03 3.717666864395141602e-02 3.167101740837097168e-02 6.478318013250827789e-03 1.164452545344829559e-02 2.102823636960238218e-04 3.353944420814514160e-02 1.323715038597583771e-02 1.805494166910648346e-02 2.700245566666126251e-02 3.817620873451232910e-02 4.274591803550720215e-02 4.207525029778480530e-02 2.375316061079502106e-02 1.942857285030186176e-03 2.667174860835075378e-02 2.291121985763311386e-03 2.242757193744182587e-02 6.288229953497648239e-03 2.649920247495174408e-02 1.736622303724288940e-02 3.276338055729866028e-02 1.128833368420600891e-02 8.286187797784805298e-02 3.068192303180694580e-02 1.031153742223978043e-02 4.140169918537139893e-02 3.504092991352081299e-02 3.477369621396064758e-02 7.708018273115158081e-02 4.312987253069877625e-02 3.969654440879821777e-02 2.967258915305137634e-03 3.313999855890870094e-03 1.661984249949455261e-02 4.092915356159210205e-02 1.076501794159412384e-02 4.758923873305320740e-02 6.576718878932297230e-04 2.621257863938808441e-02 4.095101729035377502e-02 1.125913951545953751e-02 1.417924091219902039e-02 2.615829929709434509e-02 1.711378060281276703e-02 4.148186743259429932e-02 1.495717559009790421e-02 4.199476540088653564e-02 3.561590239405632019e-02 4.237317293882369995e-02 1.562920212745666504e-02 7.616675645112991333e-02 4.869811609387397766e-02 5.557458475232124329e-02 9.370511025190353394e-02 5.712695792317390442e-02 4.630189761519432068e-02 4.536958876997232437e-03 4.023830592632293701e-02 9.805569425225257874e-03 4.419684037566184998e-02 3.619719296693801880e-02 1.821095123887062073e-02 2.146297367289662361e-03 1.701683038845658302e-03 6.606604903936386108e-03 2.763369865715503693e-02 4.881178901996463537e-04 3.131175646558403969e-03 3.804264217615127563e-02 4.597346484661102295e-02 3.014041576534509659e-04 7.423629518598318100e-03 2.103343047201633453e-02 3.822905942797660828e-02 3.689561411738395691e-02 2.026031911373138428e-02 2.317705564200878143e-02 3.128341585397720337e-02 5.513997748494148254e-03 4.732433240860700607e-03 2.233826555311679840e-02 5.856803432106971741e-02 4.368507117033004761e-02 3.074195049703121185e-02 6.789091508835554123e-03 3.848356753587722778e-02 1.869655773043632507e-02 7.383565418422222137e-03 4.728186130523681641e-02
3.408315032720565796e-02 5.971759092062711716e-03 1.787086203694343567e-02 5.250040888786315918e-01 1.467359960079193115e-01 2.074592513963580132e-03 1.299537398153916001e-04 4.221525043249130249e-02 2.973602712154388428e-02 6.508343666791915894e-02 1.296614762395620346e-02 1.050727162510156631e-02 5.308227147907018661e-03 3.235957026481628418e-02 1.284413505345582962e-02 4.041227698326110840e-02 2.215582132339477539e-02 1.811751909554004669e-02 2.081517688930034637e-02 2.181517332792282104e-02 1.640827953815460205e-02 8.051370270550251007e-03 4.790506511926651001e-02 3.243836387991905212e-02 5.228011682629585266e-02 9.372592903673648834e-03 2.602404728531837463e-02 2.984941005706787109e-02 3.190410509705543518e-02 3.384863212704658508e-02 7.816257886588573456e-03 2.646106109023094177e-02 2.014157176017761230e-02 4.264971613883972168e-02 1.227420847862958908e-02 2.782043069601058960e-02 3.885061293840408325e-02 3.013291768729686737e-02 7.833553850650787354e-02 8.232412487268447876e-02 2.191166765987873077e-02 4.164212197065353394e-02 4.103879630565643311e-02 3.105966560542583466e-02 3.752710297703742981e-02 1.510440744459629059e-02 2.610300667583942413e-02 1.659851521253585815e-02 1.496015582233667374e-02 2.784485556185245514e-02 2.502754516899585724e-02 3.261962905526161194e-02 3.043965669348835945e-03 1.245433278381824493e-02 1.426967512816190720e-02 2.956213802099227905e-02 4.477936029434204102e-02 4.423812776803970337e-02 5.028938758186995983e-04 1.820274628698825836e-02 2.188894711434841156e-02 6.687001325190067291e-03 4.361356422305107117e-02 3.770542889833450317e-02 5.134958028793334961e-02 1.451757643371820450e-02 5.151795595884323120e-02 8.358107879757881165e-03 1.295040547847747803e-02 2.923621796071529388e-02 2.701027318835258484e-02 2.035205252468585968e-03 8.050384372472763062e-02 2.709013782441616058e-02 6.522876024246215820e-02 3.967377543449401855e-02 7.904561236500740051e-03 2.559072524309158325e-02 3.971044719219207764e-02 8.536448702216148376e-03 2.632363233715295792e-03 1.729436405003070831e-02 8.397184312343597412e-02 2.203093096613883972e-02 4.418032616376876831e-02 2.201259694993495941e-02 8.268753997981548309e-03 5.293662659823894501e-03 1.250339113175868988e-02 5.941254552453756332e-03 4.084411635994911194e-02 2.434461750090122223e-02 5.271994322538375854e-02 4.103396553546190262e-03 1.502237841486930847e-02 1.420208439230918884e-02 3.124151611700654030e-03 5.622156895697116852e-03 1.227927207946777344e-02 1.392039749771356583e-02 2.287605591118335724e-02 5.273376032710075378e-02 2.499338425695896149e-02 8.629088290035724640e-03 1.474496093578636646e-03 7.032564841210842133e-03 9.345219586975872517e-04 1.047718524932861328e-01 1.257380563765764236e-02 5.617447197437286377e-03 2.435248531401157379e-02 3.409901261329650879e-02 1.955049112439155579e-02 9.942476637661457062e-03 3.836576268076896667e-02 2.122245915234088898e-02
3.011254221200942993e-02 2.555203810334205627e-02 1.278536301106214523e-02 1.467359960079193115e-01 5.282047390937805176e-01 1.581907970830798149e-03 1.531375013291835785e-02 5.763430148363113403e-02 2.448414266109466553e-02 5.916583538055419922e-02 6.381593993864953518e-04 1.162157393991947174e-02 3.771528135985136032e-03 1.642377302050590515e-02 2.510163001716136932e-02 1.027255319058895111e-02 5.725641921162605286e-02 3.145591763313859701e-04 5.127704888582229614e-02 2.377755753695964813e-02 2.710938267409801483e-02 1.681724004447460175e-02 4.066127911210060120e-02 2.630388364195823669e-02 4.123762249946594238e-02 3.162582172080874443e-03 1.904699951410293579e-02 2.654036507010459900e-02 1.619734987616539001e-02 4.417135939002037048e-02 3.846396505832672119e-02 4.395998641848564148e-02 2.482393197715282440e-02 2.780573256313800812e-02 3.401242429390549660e-03 3.144178539514541626e-02 2.633452974259853363e-02 2.572734840214252472e-02 7.279332727193832397e-02 9.991396218538284302e-02 1.735891029238700867e-02 5.463286489248275757e-02 1.279836520552635193e-02 9.933651424944400787e-03 2.838783711194992065e-02 4.484781995415687561e-02 3.392090648412704468e-02 3.420009091496467590e-02 2.969351224601268768e-02 2.435506507754325867e-02 4.582882684189826250e-05 1.416985224932432175e-02 1.532358210533857346e-02 2.751350216567516327e-02 2.214609459042549133e-02 3.569084405899047852e-02 4.907274246215820312e-02 3.202338889241218567e-02 1.584972627460956573e-02 9.450928308069705963e-03 3.078040480613708496e-02 7.077599875628948212e-03 2.867951616644859314e-02 3.831855580210685730e-02 4.224957153201103210e-02 2.678185701370239258e-02 3.927934542298316956e-02 1.122553180903196335e-02 3.587143868207931519e-02 3.550627827644348145e-02 3.550262749195098877e-02 8.225508034229278564e-03 7.723857462406158447e-02 2.141554839909076691e-02 6.989786773920059204e-02 4.639763757586479187e-02 2.299124374985694885e-02 2.480369620025157928e-02 5.497907102108001709e-02 1.804057322442531586e-02 1.198405120521783829e-02 1.774876937270164490e-02 8.545829355716705322e-02 6.087386980652809143e-02 2.666874229907989502e-02 3.556490316987037659e-02 3.130598634015768766e-04 1.222468167543411255e-02 2.038734965026378632e-02 3.910091146826744080e-02 4.205225780606269836e-02 2.854144759476184845e-02 3.025196865200996399e-02 1.283146440982818604e-02 1.544989366084337234e-02 3.937130421400070190e-02 9.475030936300754547e-03 1.349841244518756866e-02 2.112937904894351959e-02 2.024066261947154999e-02 2.051542699337005615e-02 4.451211541891098022e-02 9.426956064999103546e-03 7.079501636326313019e-03 2.542793191969394684e-02 8.938176557421684265e-03 4.926567780785262585e-04 1.108645722270011902e-01 4.633438587188720703e-02 3.878660127520561218e-02 3.025406971573829651e-02 5.055545270442962646e-02 2.321060746908187866e-03 5.200291052460670471e-03 1.310725323855876923e-02 8.756136521697044373e-03
8.972998708486557007e-02 6.242389604449272156e-02 7.504197303205728531e-03 2.074592513963580132e-03 1.581907970830798149e-03 5.405554771423339844e-01 1.055644005537033081e-01 2.999890036880970001e-02 2.195713482797145844e-02 4.097190871834754944e-02 6.659692525863647461e-02 6.458849459886550903e-02 4.457461833953857422e-02 6.110987812280654907e-02 1.571679860353469849e-02 2.911055088043212891e-02 2.226895280182361603e-02 3.611062839627265930e-02 6.293909391388297081e-04 4.134106263518333435e-02 1.810531504452228546e-02 1.310645835474133492e-03 4.089931398630142212e-02 5.391662567853927612e-02 4.674065858125686646e-02 7.948310114443302155e-03 1.353364903479814529e-02 3.590069338679313660e-02 6.864258553832769394e-03 3.856244683265686035e-02 2.642248570919036865e-02 5.016324296593666077e-02 4.560570232570171356e-03 4.469056054949760437e-02 1.910254359245300293e-02 3.504038229584693909e-02 5.430801305919885635e-03 6.660569459199905396e-03 2.031897567212581635e-02 2.345664985477924347e-02 4.661589919123798609e-04 9.103119373321533203e-03 2.501609735190868378e-02 4.265892878174781799e-02 2.503909543156623840e-02 1.432132208719849586e-03 9.693217277526855469e-02 8.138562738895416260e-02 2.414745278656482697e-03 3.518997877836227417e-02 6.395524833351373672e-03 3.176389262080192566e-03 7.126344367861747742e-03 4.135484620928764343e-02 6.157331168651580811e-03 4.528570920228958130e-02 2.764845266938209534e-02 4.078901931643486023e-02 3.642935678362846375e-02 3.509309142827987671e-02 1.651455834507942200e-02 1.944575831294059753e-02 2.635220997035503387e-02 2.008780278265476227e-02 2.131899446249008179e-02 1.221224572509527206e-02 4.886469990015029907e-02 5.986378062516450882e-03 2.657527849078178406e-02 3.312626108527183533e-02 4.099252074956893921e-02 4.443830996751785278e-02 1.207534782588481903e-02 2.924861945211887360e-02 1.238320488482713699e-02 3.177516162395477295e-02 4.892420023679733276e-02 1.886582933366298676e-02 3.969886898994445801e-02 1.711685582995414734e-02 2.335469424724578857e-02 2.010903507471084595e-02 1.678137690760195255e-03 2.388279139995574951e-02 4.027761146426200867e-02 5.429819226264953613e-03 2.643626555800437927e-02 2.465658262372016907e-02 7.846226915717124939e-03 1.264097727835178375e-02 4.886372014880180359e-02 1.648344798013567924e-03 5.412654578685760498e-02 2.211673371493816376e-02 4.267635568976402283e-02 8.105127140879631042e-03 5.100513622164726257e-02 1.777614839375019073e-02 2.907054685056209564e-02 1.670685596764087677e-02 1.139058731496334076e-02 4.058614745736122131e-02 3.287131339311599731e-02 4.766406491398811340e-02 5.869291722774505615e-03 2.398650906980037689e-02 2.382135763764381409e-02 8.372994139790534973e-03 4.140479490160942078e-02 4.722140356898307800e-02 8.298442699015140533e-03 1.555444439873099327e-03 3.293878585100173950e-02 3.274036571383476257e-02 1.533857919275760651e-02 2.151270024478435516e-02
7.408329099416732788e-02 6.088465824723243713e-02 1.630691438913345337e-02 1.299537398153916001e-04 1.531375013291835785e-02 1.055644005537033081e-01 5.391625165939331055e-01 2.642541006207466125e-02 9.394043125212192535e-03 3.273787349462509155e-02 4.957507178187370300e-02 5.043037235736846924e-02 4.100350663065910339e-02 6.351999938488006592e-02 3.007724648341536522e-03 1.716783456504344940e-02 3.925242274999618530e-02 5.242269486188888550e-02 1.673993468284606934e-02 4.275644943118095398e-02 1.220673508942127228e-02 3.213716438040137291e-03 3.137181326746940613e-02 7.105892058461904526e-03 4.387401416897773743e-02 7.897750474512577057e-03 1.094267610460519791e-02 3.854381153360009193e-03 6.218698341399431229e-03 1.792150922119617462e-02 4.033126682043075562e-02 3.374766930937767029e-02 2.307687513530254364e-02 4.028542339801788330e-02 9.783151559531688690e-03 1.223654113709926605e-02 1.889132149517536163e-02 1.015380118042230606e-02 1.319293677806854248e-02 2.594297938048839569e-02 6.135966628789901733e-03 1.239588484168052673e-02 9.280661121010780334e-03 4.978574812412261963e-02 3.100097551941871643e-02 1.740868762135505676e-02 8.811528235673904419e-02 9.941125661134719849e-02 1.954424660652875900e-03 4.375982284545898438e-02 1.066666096448898315e-03 1.328562013804912567e-02 1.246391050517559052e-02 3.871465846896171570e-02 7.944266311824321747e-03 2.979946509003639221e-02 2.863887511193752289e-02 1.862259581685066223e-02 1.900004968047142029e-02 3.943578153848648071e-02 2.943373657763004303e-02 1.498235762119293213e-02 2.993711456656455994e-02 1.523432089015841484e-03 3.215843439102172852e-02 1.558671006932854652e-03 4.176430031657218933e-02 9.837082587182521820e-03 1.438462082296609879e-02 4.511655133683234453e-04 2.617991156876087189e-02 2.290461584925651550e-02 1.481829769909381866e-02 5.933122243732213974e-03 8.514748187735676765e-04 1.036608871072530746e-02 5.756796523928642273e-02 1.435747835785150528e-02 4.279189556837081909e-02 3.342730179429054260e-02 6.692462600767612457e-03 1.835510134696960449e-02 4.576784558594226837e-03 1.683771610260009766e-02 2.041206695139408112e-02 3.283006697893142700e-02 1.991759426891803741e-02 1.356222014874219894e-02 3.457743907347321510e-03 4.341792315244674683e-02 4.287559911608695984e-02 1.203759200870990753e-02 6.602714210748672485e-02 1.274288631975650787e-02 3.861825540661811829e-02 1.527681294828653336e-02 2.786845341324806213e-02 4.598969593644142151e-02 5.070022866129875183e-02 6.541838403791189194e-03 6.492507643997669220e-03 4.787248373031616211e-02 2.337543852627277374e-02 3.621254861354827881e-02 3.795777447521686554e-03 4.287552461028099060e-02 2.294809184968471527e-02 3.905140236020088196e-02 1.876351982355117798e-02 1.549753732979297638e-02 1.777917146682739258e-02 4.365547560155391693e-03 3.887297958135604858e-02 2.843349613249301910e-02 2.468096651136875153e-02 4.902292788028717041e-02
2.256331779062747955e-02 4.611184820532798767e-03 1.130568236112594604e-01 4.221525043249130249e-02 5.763430148363113403e-02 2.999890036880970001e-02 2.642541006207466125e-02 5.135149955749511719e-01 2.089642919600009918e-02 3.055917844176292419e-02 1.360268215648829937e-04 3.540621325373649597e-02 2.154021337628364563e-02 4.713311791419982910e-02 6.841308623552322388e-02 8.916054503060877323e-04 2.120236493647098541e-02 4.104143381118774414e-02 1.728055812418460846e-02 3.144023567438125610e-02 6.724881473928689957e-03 5.905119702219963074e-03 8.234918117523193359e-03 4.341928288340568542e-02 2.685434371232986450e-02 1.942272298038005829e-02 1.288277748972177505e-02 4.441605508327484131e-02 5.544534651562571526e-04 4.583152476698160172e-03 4.933619499206542969e-02 8.317466825246810913e-03 1.823527179658412933e-02 3.228950500488281250e-02 3.623667173087596893e-03 2.866265736520290375e-02 4.261302575469017029e-02 9.060403332114219666e-03 5.096543580293655396e-02 4.305940493941307068e-02 2.823141962289810181e-02 2.035998739302158356e-02 1.077662594616413116e-02 9.287114441394805908e-02 4.332022741436958313e-02 1.383411698043346405e-02 4.033350199460983276e-02 3.614270314574241638e-02 2.406925521790981293e-02 9.326370805501937866e-02 2.458023093640804291e-02 4.431704059243202209e-02 3.021871903911232948e-03 3.426734730601310730e-02 1.845438964664936066e-02 1.071170251816511154e-02 8.856181055307388306e-03 6.909053772687911987e-04 4.092282149940729141e-03 3.346781060099601746e-02 2.222416736185550690e-02 2.482960000634193420e-02 6.277720909565687180e-03 3.183695953339338303e-03 4.665733315050601959e-03 2.217912673950195312e-02 3.469070419669151306e-02 2.223614836111664772e-03 1.737432554364204407e-02 2.344743348658084869e-03 4.002909362316131592e-02 2.825795300304889679e-02 6.065486464649438858e-03 3.563882783055305481e-02 2.305191196501255035e-02 1.526090595871210098e-02 3.072563000023365021e-02 3.351509571075439453e-02 3.426493331789970398e-02 3.059515729546546936e-02 9.244284778833389282e-02 6.006518006324768066e-02 3.334813285619020462e-03 1.124710682779550552e-02 2.098282612860202789e-02 2.110828086733818054e-02 5.265807360410690308e-02 8.122094720602035522e-02 2.591438218951225281e-02 4.040713235735893250e-02 2.999301813542842865e-02 3.523193765431642532e-03 4.742886498570442200e-02 1.147842407226562500e-02 2.335180714726448059e-02 3.256795182824134827e-02 3.575293719768524170e-02 1.368474308401346207e-02 1.343962550163269043e-02 4.140365868806838989e-02 4.597837571054697037e-03 5.324559286236763000e-02 5.328111723065376282e-02 3.886012732982635498e-02 7.847305387258529663e-03 4.736565798521041870e-02 3.342728316783905029e-02 1.485975831747055054e-02 3.758052736520767212e-02 4.704859107732772827e-02 2.051514387130737305e-02 1.179255824536085129e-02 1.645844057202339172e-02 3.989055752754211426e-02 2.750169485807418823e-02 2.524148859083652496e-02
1.357462257146835327e-02 1.282080169767141342e-02 2.482928335666656494e-02 2.973602712154388428e-02 2.448414266109466553e-02 2.195713482797145844e-02 9.394043125212192535e-03 2.089642919600009918e-02 5.087618827819824219e-01 2.357563748955726624e-02 1.092723850160837173e-02 1.255228463560342789e-02 2.936831442639231682e-03 3.876777598634362221e-03 3.757841140031814575e-02 7.010966073721647263e-03 5.746457353234291077e-02 2.980029443278908730e-03 2.594115398824214935e-02 4.067790880799293518e-02 2.998603880405426025e-02 4.240610077977180481e-02 2.193096466362476349e-02 5.202305689454078674e-02 5.036382470279932022e-03 3.183056041598320007e-02 2.750602178275585175e-02 5.389027297496795654e-02 3.734514862298965454e-02 8.331839740276336670e-02 1.583943702280521393e-02 3.490419313311576843e-02 1.038384251296520233e-02 5.374012514948844910e-02 4.499772936105728149e-02 3.531889989972114563e-02 5.123701691627502441e-02 4.629636928439140320e-02 2.887196652591228485e-02 1.932526938617229462e-02 8.142857812345027924e-03 8.491922169923782349e-02 9.939665906131267548e-03 9.602030739188194275e-03 4.713262617588043213e-02 3.847933560609817505e-02 4.675273317843675613e-03 1.406898815184831619e-02 3.774294862523674965e-03 3.241863101720809937e-02 4.465764388442039490e-02 2.653468772768974304e-02 4.888977110385894775e-02 2.283811941742897034e-02 4.392821714282035828e-02 3.944060299545526505e-03 1.868969015777111053e-02 4.683620296418666840e-03 2.194533869624137878e-02 1.742073334753513336e-02 3.518003970384597778e-02 4.721985198557376862e-03 1.691152900457382202e-02 1.043401286005973816e-02 1.669928245246410370e-02 1.133713684976100922e-02 2.533672610297799110e-03 2.252303808927536011e-02 4.931334406137466431e-02 4.707601293921470642e-02 2.069637924432754517e-02 9.070881456136703491e-02 3.456902131438255310e-02 2.644511312246322632e-02 3.272949904203414917e-02 5.938288196921348572e-02 1.540834903717041016e-01 4.075023904442787170e-02 3.777374746277928352e-03 1.264434074983000755e-03 3.012367337942123413e-02 2.532066404819488525e-02 2.363036572933197021e-02 3.363924846053123474e-02 2.835008502006530762e-02 4.373081773519515991e-02 4.186607897281646729e-02 3.330349549651145935e-02 3.019329858943820000e-03 3.655447391793131828e-03 2.955163829028606415e-02 7.938789203763008118e-03 3.570701554417610168e-02 3.808835521340370178e-02 1.222977880388498306e-02 1.638261415064334869e-02 8.515971130691468716e-04 6.848334521055221558e-02 8.274383097887039185e-02 4.680046346038579941e-03 3.103094734251499176e-02 3.333533555269241333e-02 1.843906007707118988e-02 3.457598388195037842e-02 3.905655443668365479e-02 2.634520269930362701e-02 1.253112405538558960e-02 4.033358022570610046e-02 3.191987797617912292e-02 5.154241248965263367e-02 3.438092535361647606e-03 1.746584894135594368e-03 9.066909551620483398e-03 1.996844820678234100e-02 1.199251320213079453e-02 4.140398930758237839e-03
2.569792978465557098e-02 5.437348783016204834e-02 4.914230480790138245e-02 6.508343666791915894e-02 5.916583538055419922e-02 4.097190871834754944e-02 3.273787349462509155e-02 3.055917844176292419e-02 2.357563748955726624e-02 5.072127580642700195e-01 1.784155378118157387e-03 4.688490554690361023e-02 2.610710822045803070e-02 2.703768201172351837e-02 2.792347036302089691e-02 4.252594336867332458e-02 5.524809658527374268e-02 2.551098912954330444e-02 1.049375347793102264e-02 6.314723752439022064e-03 2.163914963603019714e-02 2.332201413810253143e-02 4.541318863630294800e-03 2.780051156878471375e-02 2.278563752770423889e-02 1.209181826561689377e-02 1.505402382463216782e-02 9.547659428790211678e-04 2.835484221577644348e-02 5.064088851213455200e-02 2.910910546779632568e-02 4.900945723056793213e-02 9.340688586235046387e-03 3.456256166100502014e-02 4.334361292421817780e-03 3.176137804985046387e-02 4.086901992559432983e-02 3.766606748104095459e-02 1.053154766559600830e-01 4.930838942527770996e-02 3.957126755267381668e-03 1.157552283257246017e-02 2.333381772041320801e-02 5.955954082310199738e-03 1.368602085858583450e-02 3.110808879137039185e-02 4.339516535401344299e-02 5.648136883974075317e-02 5.335051100701093674e-03 2.041318453848361969e-02 1.200185157358646393e-02 1.881093531847000122e-02 3.295544907450675964e-02 1.324549410492181778e-02 3.805571421980857849e-02 8.231916581280529499e-04 5.417419597506523132e-03 2.870597504079341888e-02 4.403030499815940857e-02 4.853904992341995239e-02 2.501388452947139740e-02 2.339005842804908752e-02 1.121471263468265533e-02 3.843712806701660156e-02 1.977471262216567993e-02 4.364329949021339417e-02 4.609608650207519531e-02 1.323919568676501513e-04 2.724305354058742523e-02 2.420982345938682556e-02 1.668362133204936981e-02 9.122903458774089813e-03 5.544590577483177185e-02 4.327218234539031982e-02 1.186095178127288818e-02 1.860842667520046234e-02 5.351296439766883850e-02 1.879765768535435200e-03 2.192474342882633209e-02 9.449974447488784790e-02 6.616643164306879044e-03 9.388057887554168701e-02 5.246901139616966248e-02 2.122279815375804901e-02 7.364275306463241577e-02 4.341309890151023865e-02 1.724588125944137573e-02 1.801213808357715607e-02 4.277512803673744202e-02 5.094579607248306274e-02 1.952386274933815002e-02 5.590064078569412231e-02 1.436650101095438004e-02 4.896422382444143295e-03 4.777853563427925110e-02 1.703826361335813999e-03 4.779064655303955078e-02 1.197936013340950012e-03 2.890972606837749481e-02 4.108018428087234497e-02 5.613856017589569092e-02 1.853893697261810303e-02 3.102825023233890533e-02 2.898602513596415520e-03 2.512757852673530579e-02 3.520647878758609295e-04 2.208648063242435455e-02 1.985142193734645844e-02 2.212162502110004425e-02 1.674195565283298492e-02 2.358528599143028259e-02 4.603747278451919556e-02 1.162872463464736938e-02 4.270737245678901672e-02 4.805349931120872498e-02 2.654817700386047363e-02
1.132762655615806580e-01 7.341299951076507568e-02 2.323278598487377167e-02 1.296614762395620346e-02 6.381593993864953518e-04 6.659692525863647461e-02 4.957507178187370300e-02 1.360268215648829937e-04 1.092723850160837173e-02 1.784155378118157387e-03 5.341153740882873535e-01 2.903980202972888947e-04 1.216140910983085632e-01 1.392565201967954636e-02 3.783155232667922974e-02 8.964099921286106110e-03 7.870868779718875885e-03 3.250620514154434204e-02 4.350635409355163574e-02 2.758740447461605072e-02 4.206612240523099899e-03 3.917931020259857178e-02 1.294983900152146816e-03 1.630494557321071625e-02 4.449530690908432007e-02 4.285406693816184998e-02 2.893161959946155548e-02 3.846217319369316101e-02 2.207080088555812836e-02 6.318858824670314789e-03 5.167517066001892090e-02 4.901668801903724670e-02 1.395147759467363358e-02 9.951164014637470245e-03 1.004930026829242706e-02 1.178629882633686066e-02 4.709935560822486877e-02 3.089573793113231659e-02 2.503991499543190002e-02 1.003677956759929657e-02 2.066046930849552155e-02 2.731901034712791443e-02 3.003816353157162666e-03 2.464746870100498199e-02 2.377323433756828308e-02 1.895333267748355865e-02 5.477937310934066772e-02 2.953205816447734833e-02 1.563080586493015289e-02 4.164694249629974365e-02 5.083248764276504517e-02 4.880811646580696106e-02 2.442209981381893158e-02 2.223820425570011139e-03 3.191018477082252502e-02 4.571389779448509216e-02 1.352673582732677460e-02 2.061918936669826508e-02 4.929135739803314209e-02 2.448925375938415527e-02 1.158164534717798233e-02 3.926276694983243942e-03 4.992636851966381073e-03 4.232197627425193787e-02 2.257744036614894867e-02 2.823519147932529449e-02 3.389494493603706360e-02 2.397636324167251587e-02 2.011142112314701080e-02 4.259126633405685425e-02 3.475512936711311340e-02 6.206040456891059875e-02 3.284174576401710510e-02 4.242998734116554260e-02 5.308566987514495850e-02 4.662960395216941833e-02 5.246076732873916626e-02 5.204027518630027771e-02 2.301329560577869415e-02 2.429582364857196808e-02 8.875817991793155670e-03 1.466325763612985611e-02 4.366583656519651413e-03 3.416742011904716492e-02 2.035381086170673370e-02 3.532833978533744812e-02 3.332583233714103699e-02 1.602325402200222015e-02 3.975484147667884827e-02 2.321247477084398270e-03 4.263582825660705566e-02 1.015931740403175354e-02 3.352188318967819214e-02 2.251253277063369751e-02 4.663704708218574524e-02 7.713558152318000793e-03 2.375040203332901001e-02 3.917952999472618103e-02 3.764040023088455200e-02 2.394335903227329254e-02 2.026860415935516357e-02 4.692110046744346619e-02 9.183912537992000580e-03 3.229789808392524719e-02 3.727489337325096130e-02 1.961483620107173920e-02 3.491933643817901611e-02 6.481084506958723068e-03 3.551636636257171631e-02 4.957931116223335266e-02 2.604771638289093971e-03 2.336772903800010681e-02 2.870482020080089569e-02 8.682381361722946167e-03 4.597399756312370300e-02 4.450679197907447815e-02
2.757234871387481689e-02 2.971542067825794220e-02 4.750285670161247253e-02 1.050727162510156631e-02 1.162157393991947174e-02 6.458849459886550903e-02 5.043037235736846924e-02 3.540621325373649597e-02 1.255228463560342789e-02 4.688490554690361023e-02 2.903980202972888947e-04 5.175966620445251465e-01 8.397631347179412842e-03 1.512368768453598022e-01 7.063758093863725662e-04 2.191989496350288391e-02 4.260538518428802490e-02 1.777276396751403809e-02 7.928072474896907806e-03 4.816055297851562500e-02 4.452134668827056885e-02 1.058941055089235306e-02 2.913597598671913147e-02 6.357662379741668701e-02 1.624014228582382202e-02 2.999012544751167297e-02 8.703054860234260559e-03 7.276991009712219238e-02 1.089118234813213348e-02 4.583909362554550171e-02 3.106266260147094727e-02 4.231764469295740128e-03 2.315195649862289429e-02 7.383662275969982147e-03 6.162760779261589050e-03 4.233950003981590271e-02 1.614663191139698029e-02 4.102407023310661316e-02 4.435882717370986938e-02 2.105274982750415802e-02 1.663948525674641132e-03 1.106261089444160461e-02 5.041483417153358459e-02 6.002665963023900986e-03 6.220538914203643799e-02 3.028707578778266907e-02 2.961108833551406860e-02 3.361546620726585388e-02 5.018302705138921738e-03 2.427195385098457336e-02 4.844148643314838409e-03 2.642651647329330444e-02 1.601589657366275787e-02 2.376310713589191437e-02 7.214567158371210098e-04 3.693946346174925566e-04 1.515410747379064560e-02 3.311112150549888611e-02 3.595270216464996338e-02 3.773126751184463501e-02 1.310368720442056656e-02 7.236569654196500778e-03 4.734529927372932434e-02 2.155582606792449951e-02 2.187937498092651367e-02 1.141998358070850372e-02 1.071477588266134262e-02 3.576393425464630127e-02 4.840278625488281250e-02 4.210544750094413757e-02 5.390398949384689331e-02 2.422305382788181305e-02 1.409073738614097238e-04 3.044949658215045929e-02 5.070351995527744293e-03 1.676353812217712402e-02 1.178908348083496094e-02 4.497671499848365784e-02 1.615363545715808868e-02 2.790632098913192749e-02 2.635704912245273590e-02 2.745954878628253937e-02 1.758727157721295953e-04 4.968366026878356934e-02 2.555252611637115479e-02 9.353469125926494598e-03 1.531188283115625381e-02 9.988314472138881683e-03 3.403982147574424744e-02 3.997724875807762146e-02 3.168836608529090881e-02 2.717503719031810760e-02 1.519628521054983139e-02 2.029220946133136749e-02 1.736148074269294739e-02 4.782397672533988953e-02 1.533453166484832764e-02 2.793213352560997009e-02 4.413680359721183777e-02 1.341265626251697540e-02 9.106093086302280426e-03 2.086028084158897400e-02 4.804753884673118591e-02 2.766973339021205902e-03 5.448203301057219505e-04 2.987557649612426758e-02 3.475481644272804260e-02 2.554178051650524139e-02 2.111335471272468567e-02 2.050866559147834778e-02 2.633467875421047211e-02 5.509453825652599335e-03 1.965271495282649994e-02 3.375233849510550499e-03 2.819476183503866196e-03 3.209169581532478333e-02
1.031837910413742065e-01 7.990535348653793335e-02 2.076702192425727844e-02 5.308227147907018661e-03 3.771528135985136032e-03 4.457461833953857422e-02 4.100350663065910339e-02 2.154021337628364563e-02 2.936831442639231682e-03 2.610710822045803070e-02 1.216140910983085632e-01 8.397631347179412842e-03 5.267181396484375000e-01 1.879166625440120697e-02 5.150523781776428223e-02 1.817126013338565826e-02 7.957196794450283051e-03 7.055957801640033722e-03 1.574796740896999836e-03 4.083896800875663757e-02 3.388206660747528076e-02 4.435162246227264404e-02 8.302766946144402027e-05 3.595893830060958862e-02 1.147967018187046051e-02 2.420583553612232208e-02 2.651403844356536865e-02 1.859357580542564392e-02 5.308784544467926025e-03 1.547009870409965515e-02 4.858032241463661194e-02 4.078828170895576477e-02 3.312540799379348755e-02 6.129386834800243378e-03 1.290655322372913361e-02 2.307987958192825317e-02 2.695174887776374817e-02 1.871007867157459259e-02 2.375151962041854858e-02 1.817415095865726471e-02 1.040251459926366806e-03 2.396672591567039490e-02 1.979990676045417786e-02 1.610146090388298035e-02 2.638035081326961517e-02 3.405351936817169189e-02 4.169754311442375183e-02 2.531661465764045715e-02 2.493851934559643269e-04 2.845513075590133667e-02 4.481806233525276184e-02 3.718962147831916809e-02 4.715407732874155045e-03 2.439353801310062408e-02 2.257256768643856049e-02 3.498931601643562317e-02 3.204346448183059692e-02 4.747601225972175598e-03 4.213555157184600830e-02 1.663341931998729706e-02 4.527142643928527832e-02 5.515992641448974609e-02 9.490903466939926147e-04 1.764432899653911591e-02 1.070049218833446503e-02 3.732566535472869873e-02 3.336342796683311462e-02 5.785964895039796829e-03 7.180890534073114395e-03 5.043591558933258057e-02 7.637679809704422951e-04 4.688864573836326599e-02 3.457647189497947693e-02 5.603248253464698792e-02 7.864341139793395996e-03 3.922436758875846863e-02 5.130480974912643433e-02 5.717769265174865723e-02 2.206243947148323059e-02 2.511539123952388763e-02 1.337342429906129837e-02 2.094412222504615784e-02 2.243370003998279572e-02 3.680162504315376282e-02 1.743917539715766907e-02 5.126763600856065750e-03 2.953028865158557892e-02 4.330115392804145813e-02 4.042717814445495605e-02 6.319893058389425278e-03 4.005186632275581360e-02 2.685091271996498108e-02 3.768061473965644836e-02 1.795349642634391785e-02 4.120945930480957031e-02 1.124313846230506897e-02 1.469599828124046326e-02 3.593183681368827820e-02 3.941691666841506958e-02 3.355624154210090637e-02 4.388600122183561325e-03 2.073598280549049377e-02 1.329069118946790695e-02 4.309891164302825928e-02 2.356433123350143433e-02 1.675030402839183807e-02 9.484597481787204742e-03 2.474369481205940247e-02 1.649967208504676819e-02 4.215758293867111206e-02 4.737424198538064957e-03 2.767818793654441833e-02 3.761357069015502930e-02 2.224073559045791626e-02 1.287599839270114899e-02 3.411171585321426392e-02
