5.413889884948730469e-01 1.158958077430725098e-01 4.175900667905807495e-02 5.664611817337572575e-04 3.715198487043380737e-02 1.383274346590042114e-01 1.137664169073104858e-01 1.263388525694608688e-02 4.286427050828933716e-03 1.360350567847490311e-02 9.588203579187393188e-02 2.962664514780044556e-02 1.060684323310852051e-01 2.535955421626567841e-02 2.210873924195766449e-02 1.488924678415060043e-02 9.580149315297603607e-03 3.279255935922265053e-03 1.284917257726192474e-02 7.050927262753248215e-03 5.864032078534364700e-03 3.372255340218544006e-02 1.552265603095293045e-03 5.842913407832384109e-03 1.385596115142107010e-02 9.013972594402730465e-04 5.317370966076850891e-02 3.584456443786621094e-02 8.952212519943714142e-03 2.252192795276641846e-02 1.906196959316730499e-02 2.445537969470024109e-02 5.161151057109236717e-04 4.310730099678039551e-02 5.595038086175918579e-02 2.470806427299976349e-02 1.716366782784461975e-02 7.152698002755641937e-03 3.028138726949691772e-02 9.514197707176208496e-03 2.067596092820167542e-02 3.411388956010341644e-03 1.156235951930284500e-02 4.262763634324073792e-02 4.627884179353713989e-02 4.733160138130187988e-02 1.165552362799644470e-01 2.894429117441177368e-02 1.196266058832406998e-02 1.787239685654640198e-03 2.509613707661628723e-02 8.218630682677030563e-04 3.236811235547065735e-02 1.059875357896089554e-03 3.672484308481216431e-02 2.475103177130222321e-02 2.313015982508659363e-03 5.097461119294166565e-02 3.063260763883590698e-02 2.441246761009097099e-03 1.632833271287381649e-03 1.632006466388702393e-02 1.499695796519517899e-02 1.478474028408527374e-02 2.174181677401065826e-02 5.839184671640396118e-02 1.761070266366004944e-02 6.434169597923755646e-03 9.651905857026576996e-03 1.066972687840461731e-02 1.267247018404304981e-03 1.367985270917415619e-02 5.016608163714408875e-02 3.294538334012031555e-02 4.490944370627403259e-02 4.557094071060419083e-03 6.913919467478990555e-03 2.243707142770290375e-02 5.118697881698608398e-02 5.136214941740036011e-02 7.907249964773654938e-03 2.652454189956188202e-02 1.483205985277891159e-02 1.877405121922492981e-02 2.587567456066608429e-02 1.093257218599319458e-03 1.130743511021137238e-02 4.166610538959503174e-03 4.290476907044649124e-03 2.286271192133426666e-02 4.806276783347129822e-02 4.900176078081130981e-02 3.077521175146102905e-02 4.248657450079917908e-02 2.435227483510971069e-02 2.641465328633785248e-02 3.147389739751815796e-02 2.510387264192104340e-02 7.077199406921863556e-04 1.209532562643289566e-02 4.218864440917968750e-02 5.045551434159278870e-02 1.699370332062244415e-02 1.948745455592870712e-03 3.002166934311389923e-02 4.674747586250305176e-02 9.718686342239379883e-03 4.653805866837501526e-02 4.140476509928703308e-02 1.104052644222974777e-03 9.913738816976547241e-03 1.735610328614711761e-02 3.534218668937683105e-02 2.243883907794952393e-02 4.363382980227470398e-02 2.215957082808017731e-02
1.158958077430725098e-01 5.404137372970581055e-01 2.414275892078876495e-02 5.625114776194095612e-03 1.575301401317119598e-02 1.241781488060951233e-01 1.251615583896636963e-01 5.924886558204889297e-03 4.894366487860679626e-03 2.513280487619340420e-04 8.983514457941055298e-02 1.945913396775722504e-02 1.244981810450553894e-01 2.896411158144474030e-02 4.221436008810997009e-02 2.218189183622598648e-03 1.200918760150671005e-02 1.040531322360038757e-02 1.810239814221858978e-02 1.052080933004617691e-02 1.173781882971525192e-02 4.401827231049537659e-02 4.705025814473628998e-03 6.045070942491292953e-03 1.274221925996243954e-03 9.260366670787334442e-03 2.717216685414314270e-02 1.401285547763109207e-02 1.715805567800998688e-02 1.385166891850531101e-03 4.383251443505287170e-02 1.383650349453091621e-03 8.617985993623733521e-03 1.018919702619314194e-02 4.489089176058769226e-02 4.060823470354080200e-03 1.417315099388360977e-02 2.048541232943534851e-02 2.352572418749332428e-02 1.041205134242773056e-02 2.372233383357524872e-02 7.252049166709184647e-03 9.673760272562503815e-03 3.935095295310020447e-02 2.853886224329471588e-02 2.729080431163311005e-02 6.430511176586151123e-02 1.987678185105323792e-02 1.128943916410207748e-02 3.685731673613190651e-03 4.230020195245742798e-02 6.816667038947343826e-03 2.691587246954441071e-02 2.010452188551425934e-02 3.327649086713790894e-02 7.756335660815238953e-03 3.060010960325598717e-03 2.628787793219089508e-02 2.448929287493228912e-02 2.763902768492698669e-02 2.300132531672716141e-03 1.372072473168373108e-02 2.766538225114345551e-02 4.946918785572052002e-02 2.262777276337146759e-02 4.730082303285598755e-02 9.108462370932102203e-03 9.414137341082096100e-03 7.995551452040672302e-03 1.837281696498394012e-02 8.552375249564647675e-03 3.166778758168220520e-02 3.607314079999923706e-02 2.946691028773784637e-02 2.236831746995449066e-02 1.113637583330273628e-03 8.588608354330062866e-03 2.532733138650655746e-03 3.475123271346092224e-02 3.304012864828109741e-02 2.541677327826619148e-03 1.759001240134239197e-02 2.939208410680294037e-02 2.604485116899013519e-02 2.631527185440063477e-02 2.009480074048042297e-02 3.416632488369941711e-02 4.153336863964796066e-03 2.933318167924880981e-02 4.094457626342773438e-02 1.927664875984191895e-02 3.585940599441528320e-02 2.567405812442302704e-02 5.001350492238998413e-02 2.590012364089488983e-02 4.197851568460464478e-02 3.482475504279136658e-02 7.212505210191011429e-03 6.341240368783473969e-04 8.966520545072853565e-04 3.939990326762199402e-02 3.766533732414245605e-02 3.880538791418075562e-02 1.806135848164558411e-02 2.822118252515792847e-02 3.941000252962112427e-02 4.988540709018707275e-02 3.489274159073829651e-02 8.435286581516265869e-03 5.471942201256752014e-02 2.335800556465983391e-03 1.987917348742485046e-02 2.481869980692863464e-02 4.781987890601158142e-02 7.656031101942062378e-02 1.656951941549777985e-02
4.175900667905807495e-02 2.414275892078876495e-02 5.241846442222595215e-01 1.137409359216690063e-02 8.915986109059303999e-05 1.922081969678401947e-02 3.001317195594310760e-02 1.113258451223373413e-01 6.525341421365737915e-03 3.103940002620220184e-02 1.697111874818801880e-02 4.022120311856269836e-02 2.571330592036247253e-02 1.121166441589593887e-02 2.227054163813591003e-02 2.059836499392986298e-02 3.847901523113250732e-02 2.657226100564002991e-02 1.268487144261598587e-02 4.170999675989151001e-02 4.381495714187622070e-02 2.581473253667354584e-02 2.572938427329063416e-02 1.754197105765342712e-02 3.474986180663108826e-02 4.180225729942321777e-02 1.338969543576240540e-02 2.872294746339321136e-03 4.068185016512870789e-02 1.525273360311985016e-02 6.484235171228647232e-03 5.397811066359281540e-03 1.790585741400718689e-02 4.536740854382514954e-02 2.512233145534992218e-02 4.718641191720962524e-02 2.945577912032604218e-02 4.077019914984703064e-02 2.525519393384456635e-02 3.273431677371263504e-03 3.017767518758773804e-02 1.595194451510906219e-02 2.657681005075573921e-03 2.800048328936100006e-02 8.498015999794006348e-02 6.162168085575103760e-02 3.571877628564834595e-02 2.352207154035568237e-02 5.692660342901945114e-03 2.955684810876846313e-02 4.569998010993003845e-03 1.967451721429824829e-02 2.076321654021739960e-02 2.471783384680747986e-02 2.695634588599205017e-02 4.336416348814964294e-02 1.758222095668315887e-02 8.492542430758476257e-03 4.770270735025405884e-02 5.347950011491775513e-02 2.882974408566951752e-02 2.279831096529960632e-02 1.088885776698589325e-02 2.068800851702690125e-02 2.429099055007100105e-03 6.478561554104089737e-03 2.273866161704063416e-02 3.984117507934570312e-02 2.376202121376991272e-02 4.885395988821983337e-02 1.598500460386276245e-02 1.017567352391779423e-03 2.764957770705223083e-02 3.245171159505844116e-02 2.379333600401878357e-02 3.772709891200065613e-02 1.433223858475685120e-02 2.115171588957309723e-02 4.024598374962806702e-02 9.142934344708919525e-03 1.581394672393798828e-01 7.953620702028274536e-02 2.532393671572208405e-02 6.482523865997791290e-03 3.848221525549888611e-02 3.763760626316070557e-02 7.555818557739257812e-02 5.415986105799674988e-02 3.036073222756385803e-02 2.229011990129947662e-02 3.760077431797981262e-02 4.501823708415031433e-02 2.006890950724482536e-03 3.478360548615455627e-02 2.820759452879428864e-02 3.084830008447170258e-03 4.654494673013687134e-02 4.712839052081108093e-02 2.253257296979427338e-02 2.597147412598133087e-02 2.729920484125614166e-02 1.634485204704105854e-03 3.499881178140640259e-02 9.002883918583393097e-03 1.021743845194578171e-02 2.061922848224639893e-02 2.730115130543708801e-02 1.638577692210674286e-02 9.418425150215625763e-03 2.406311035156250000e-02 1.875570230185985565e-02 9.481111541390419006e-03 9.535664576105773449e-04 1.768955588340759277e-02 4.198718816041946411e-02 2.927787601947784424e-02
5.664611817337572575e-04 5.625114776194095612e-03 1.137409359216690063e-02 5.490239858627319336e-01 6.571549922227859497e-02 6.614692509174346924e-03 1.199691649526357651e-02 3.807359933853149414e-02 2.817328646779060364e-02 4.206603020429611206e-02 3.591832891106605530e-02 2.138577960431575775e-02 3.336143866181373596e-02 3.677181899547576904e-02 7.940009236335754395e-03 1.628679037094116211e-02 7.348412182182073593e-03 5.477043613791465759e-02 4.888872429728507996e-02 4.161429032683372498e-02 3.198274970054626465e-02 5.181258078664541245e-03 2.358201518654823303e-02 2.341864630579948425e-02 9.925540536642074585e-03 7.548064459115266800e-03 2.742230892181396484e-02 3.524635685607790947e-03 8.065911941230297089e-03 9.720433503389358521e-03 2.722156420350074768e-02 5.709109082818031311e-02 1.329638250172138214e-02 1.447064243257045746e-02 3.626218438148498535e-02 3.265105187892913818e-02 4.230049625039100647e-02 2.444136515259742737e-02 3.310699760913848877e-02 4.462333768606185913e-02 1.025550533086061478e-02 2.625050581991672516e-02 3.475205600261688232e-02 1.025249250233173370e-02 1.239314954727888107e-02 1.571391330799087882e-04 2.770883403718471527e-02 2.937522344291210175e-02 2.686682564672082663e-04 4.243496805429458618e-02 4.052683338522911072e-02 3.514448925852775574e-02 1.541729737073183060e-02 3.098691441118717194e-02 3.818362578749656677e-02 5.073525942862033844e-03 4.798236489295959473e-02 3.573099896311759949e-02 8.942211046814918518e-03 4.824117571115493774e-02 4.510885104537010193e-02 5.880862846970558167e-02 1.703038625419139862e-02 2.897308394312858582e-02 2.176188677549362183e-02 3.506872430443763733e-02 1.680399291217327118e-02 3.340964019298553467e-02 3.270864859223365784e-02 2.785256505012512207e-02 3.429629653692245483e-02 4.081296268850564957e-03 6.699121743440628052e-02 2.088836394250392914e-02 4.655362293124198914e-02 1.112556736916303635e-02 4.231618717312812805e-02 2.368971146643161774e-02 1.722228154540061951e-02 3.853210434317588806e-02 3.230428695678710938e-02 1.497614663094282150e-02 6.318674236536026001e-02 5.001196265220642090e-02 2.917147241532802582e-02 3.603936731815338135e-02 3.957136534154415131e-03 6.819684058427810669e-03 1.750307343900203705e-02 2.289770729839801788e-02 1.025270298123359680e-02 1.673961617052555084e-02 1.911032758653163910e-02 2.930526249110698700e-02 1.848010160028934479e-02 3.695563599467277527e-02 1.469788141548633575e-02 7.340975105762481689e-03 2.076355041936039925e-03 3.698540385812520981e-03 8.889060467481613159e-03 3.258699178695678711e-02 1.198528800159692764e-02 2.355997078120708466e-02 1.665953174233436584e-02 1.695704273879528046e-02 1.605076948180794716e-03 1.600470580160617828e-02 1.600899174809455872e-02 2.921041846275329590e-02 5.203487724065780640e-02 4.390013962984085083e-02 4.846949875354766846e-02 4.298866726458072662e-03 3.968646377325057983e-02 4.256442561745643616e-02
3.715198487043380737e-02 1.575301401317119598e-02 8.915986109059303999e-05 6.571549922227859497e-02 5.479465126991271973e-01 3.968542814254760742e-02 1.394697465002536774e-03 2.808494260534644127e-03 2.628547884523868561e-02 4.019096121191978455e-02 1.185048464685678482e-02 1.146307121962308884e-02 3.199014067649841309e-02 2.352548576891422272e-02 1.073708198964595795e-02 1.916866935789585114e-02 6.931019946932792664e-03 3.624040633440017700e-02 3.107591159641742706e-02 2.310059964656829834e-02 2.049308642745018005e-02 8.464797865599393845e-04 3.181429952383041382e-02 2.822272479534149170e-02 2.059653773903846741e-02 7.772003766149282455e-03 3.017629869282245636e-02 3.163725882768630981e-02 1.862157136201858521e-02 2.269110269844532013e-02 4.914171621203422546e-02 5.492902547121047974e-02 5.787478294223546982e-03 9.313947521150112152e-03 5.832068994641304016e-02 3.468040004372596741e-02 3.782893344759941101e-02 1.730646565556526184e-02 6.040447950363159180e-02 5.868777260184288025e-02 1.942907460033893585e-02 3.508206456899642944e-02 2.353276498615741730e-02 1.098607759922742844e-02 3.279166668653488159e-02 5.612777546048164368e-03 1.446578931063413620e-02 1.815936341881752014e-02 7.055471185594797134e-03 4.234585165977478027e-02 3.685193508863449097e-02 4.325339570641517639e-02 1.911672577261924744e-02 2.644289517775177956e-03 3.696883842349052429e-02 2.455217763781547546e-02 5.261918529868125916e-02 8.436044678092002869e-03 2.571028284728527069e-02 3.300962224602699280e-02 3.664871305227279663e-02 5.359673127532005310e-02 2.342991717159748077e-02 7.452972978353500366e-02 9.261733852326869965e-03 4.206294193863868713e-02 2.416094939690083265e-04 2.132740430533885956e-02 2.053977176547050476e-02 2.740723267197608948e-02 1.963273435831069946e-02 1.347854454070329666e-02 5.185567587614059448e-02 2.278876118361949921e-02 4.100424051284790039e-02 7.378081325441598892e-03 3.139589354395866394e-02 3.231431916356086731e-02 7.300808560103178024e-03 2.697305567562580109e-02 5.682627670466899872e-03 1.992299407720565796e-02 4.781559854745864868e-02 4.821342229843139648e-02 5.859535560011863708e-02 4.031147807836532593e-02 1.586384698748588562e-02 1.341144088655710220e-02 5.857031326740980148e-03 3.144495934247970581e-02 2.528464421629905701e-02 2.081151492893695831e-02 1.778437756001949310e-02 3.753530606627464294e-02 3.372681885957717896e-02 3.413164243102073669e-02 2.716523222625255585e-02 3.814829280599951744e-03 7.551780436187982559e-03 2.268199808895587921e-02 1.077784877270460129e-02 2.722654491662979126e-02 2.479505352675914764e-02 9.227292612195014954e-03 1.516055781394243240e-02 3.924900293350219727e-02 6.427383050322532654e-05 5.010736361145973206e-02 2.598848950583487749e-04 1.624908484518527985e-02 4.347843676805496216e-02 5.220895633101463318e-02 4.704647883772850037e-02 1.741743460297584534e-02 2.631605044007301331e-02 3.444634750485420227e-02
1.383274346590042114e-01 1.241781488060951233e-01 1.922081969678401947e-02 6.614692509174346924e-03 3.968542814254760742e-02 5.335871577262878418e-01 1.398887038230895996e-01 5.825595930218696594e-03 1.154372841119766235e-02 8.243468590080738068e-03 1.035513654351234436e-01 7.676400244235992432e-02 1.125368252396583557e-01 8.198193460702896118e-02 2.952412329614162445e-02 2.711191540583968163e-03 6.395151838660240173e-03 2.273261919617652893e-02 1.788328215479850769e-02 2.019506646320223808e-03 1.077216677367687225e-02 4.298151284456253052e-02 2.437553135678172112e-03 9.931730106472969055e-03 1.303329132497310638e-03 1.604509353637695312e-02 2.164749056100845337e-02 1.065871765604242682e-04 2.559949830174446106e-02 3.710817173123359680e-02 4.174071829766035080e-03 1.414022594690322876e-02 7.038565818220376968e-03 2.778200618922710419e-02 4.076687619090080261e-02 1.498769316822290421e-02 2.132697729393839836e-03 5.171608179807662964e-03 3.644407540559768677e-02 7.364895194768905640e-03 4.570483695715665817e-03 9.510739706456661224e-03 8.110713213682174683e-03 4.089611768722534180e-02 9.495482780039310455e-03 3.327060118317604065e-02 1.306972056627273560e-01 2.108035609126091003e-02 2.332155965268611908e-02 1.126568764448165894e-02 2.105363644659519196e-03 3.332061460241675377e-04 3.581417724490165710e-02 2.183768898248672485e-03 4.268269240856170654e-02 2.738924138247966766e-02 8.802251890301704407e-03 3.989239409565925598e-02 1.345082558691501617e-02 1.351889036595821381e-02 9.563629515469074249e-03 2.406446263194084167e-02 1.092096883803606033e-02 1.609219051897525787e-02 2.641383744776248932e-02 4.538583010435104370e-02 2.948895283043384552e-02 1.851205527782440186e-02 5.015995353460311890e-03 6.905727088451385498e-03 1.205966155976057053e-02 1.337658904958516359e-04 2.738809958100318909e-02 1.393669843673706055e-02 2.349594980478286743e-02 3.193637356162071228e-02 3.730460884980857372e-04 2.178175142034888268e-03 3.328801319003105164e-02 2.362617291510105133e-02 8.231979794800281525e-03 3.724905848503112793e-02 3.429412096738815308e-02 2.817113697528839111e-02 2.247405936941504478e-03 4.050287883728742599e-03 2.711870148777961731e-02 9.826938621699810028e-03 4.980388097465038300e-03 2.215350419282913208e-02 6.382715888321399689e-03 3.918466717004776001e-02 3.726613521575927734e-02 2.628483809530735016e-02 3.552234917879104614e-02 4.624989628791809082e-02 1.881435979157686234e-03 2.071106061339378357e-02 4.151396919041872025e-03 1.396940741688013077e-02 3.408069908618927002e-02 4.679988697171211243e-02 6.807695142924785614e-03 7.601757999509572983e-03 9.604804217815399170e-03 3.313179314136505127e-02 2.611752785742282867e-02 4.214028641581535339e-02 3.009160608053207397e-02 2.946476824581623077e-02 1.009442098438739777e-02 9.585755877196788788e-03 3.850863501429557800e-02 1.317911967635154724e-02 9.253495186567306519e-02 3.637279197573661804e-02
1.137664169073104858e-01 1.251615583896636963e-01 3.001317195594310760e-02 1.199691649526357651e-02 1.394697465002536774e-03 1.398887038230895996e-01 5.420231223106384277e-01 1.812122203409671783e-02 2.771039027720689774e-03 9.042360819876194000e-03 9.209045767784118652e-02 3.389946743845939636e-02 1.311470866203308105e-01 5.026280134916305542e-02 2.586071193218231201e-02 8.939781109802424908e-04 1.402743440121412277e-02 3.040735423564910889e-02 3.036544471979141235e-02 1.727767288684844971e-02 3.231430426239967346e-02 1.313612516969442368e-02 3.436140250414609909e-03 9.599332697689533234e-03 2.093223482370376587e-02 3.218097612261772156e-02 5.962922796607017517e-02 1.268268749117851257e-02 3.724037110805511475e-02 2.221456496044993401e-03 4.712044075131416321e-02 3.209235379472374916e-03 2.017629565671086311e-03 3.437947109341621399e-02 8.524148724973201752e-03 6.127447821199893951e-03 2.278192900121212006e-03 2.564036287367343903e-03 1.159920450299978256e-02 2.001060545444488525e-02 4.724170640110969543e-02 7.156825158745050430e-03 1.847427338361740112e-02 9.380484931170940399e-03 3.017738647758960724e-02 4.369574785232543945e-02 8.078836649656295776e-02 7.231347262859344482e-02 1.530113350600004196e-02 3.172700479626655579e-02 2.681691758334636688e-02 1.559845171868801117e-02 2.144339960068464279e-03 2.779587358236312866e-02 2.850180678069591522e-02 1.928061991930007935e-02 2.717662835493683815e-03 8.373096585273742676e-03 4.759770631790161133e-02 2.235367707908153534e-02 1.344225648790597916e-02 4.690581932663917542e-03 7.158314343541860580e-03 4.527373611927032471e-02 9.972978383302688599e-03 7.480843365192413330e-02 1.255559176206588745e-02 3.358761593699455261e-02 1.827427372336387634e-02 1.785100251436233521e-02 2.254915423691272736e-02 2.496833913028240204e-02 3.851393982768058777e-02 2.975361235439777374e-02 3.230573609471321106e-02 1.988540031015872955e-02 1.433049794286489487e-02 1.646376587450504303e-02 9.895873256027698517e-03 5.075044557452201843e-02 1.539203687570989132e-03 4.485148005187511444e-03 2.568087726831436157e-02 3.084601834416389465e-02 3.984197974205017090e-02 3.356978297233581543e-02 1.667944155633449554e-02 4.348477348685264587e-02 5.614544451236724854e-02 1.488397922366857529e-02 2.744261361658573151e-02 5.861314386129379272e-02 5.150615796446800232e-02 2.406162768602371216e-02 3.119089454412460327e-02 2.032965980470180511e-02 2.489763125777244568e-02 3.978526219725608826e-03 9.771289303898811340e-03 9.530449286103248596e-03 4.290600866079330444e-02 2.858768403530120850e-02 2.071902528405189514e-02 1.793557778000831604e-02 3.433567658066749573e-02 2.324535697698593140e-02 3.933192417025566101e-02 2.158802747726440430e-02 4.227596893906593323e-02 5.770730599761009216e-02 3.227968513965606689e-02 4.944370314478874207e-02 4.699486866593360901e-02 3.914649784564971924e-02 4.406223818659782410e-02 2.496795542538166046e-02
1.263388525694608688e-02 5.924886558204889297e-03 1.113258451223373413e-01 3.807359933853149414e-02 2.808494260534644127e-03 5.825595930218696594e-03 1.812122203409671783e-02 5.243046879768371582e-01 2.812852710485458374e-02 2.440427057445049286e-02 4.285065829753875732e-02 2.214486896991729736e-02 8.650274947285652161e-03 3.355235233902931213e-02 8.677974343299865723e-02 4.703496396541595459e-02 2.829269692301750183e-02 1.652906462550163269e-02 2.624963968992233276e-02 4.940865933895111084e-02 3.225669264793395996e-02 4.459025338292121887e-02 1.101097278296947479e-02 2.773896045982837677e-02 2.845731750130653381e-02 8.010601624846458435e-03 1.223902334459125996e-03 3.313834592700004578e-02 7.037481991574168205e-04 2.027241326868534088e-02 2.928753383457660675e-02 3.842561691999435425e-02 3.908560425043106079e-02 1.128284819424152374e-02 1.333780400454998016e-02 4.332995414733886719e-02 3.630709601566195488e-03 1.594420522451400757e-02 3.543483838438987732e-02 1.869046688079833984e-02 2.343364246189594269e-02 2.274687401950359344e-02 2.982154674828052521e-02 4.111762100365012884e-04 3.331629931926727295e-02 1.672063767910003662e-02 3.981706127524375916e-02 3.296501189470291138e-02 4.072275385260581970e-02 1.743771880865097046e-02 8.476019836962223053e-03 2.316465415060520172e-02 3.979993239045143127e-02 1.868371851742267609e-02 1.772889681160449982e-02 9.980381466448307037e-03 2.804884128272533417e-02 4.209864884614944458e-02 6.521586328744888306e-02 6.623577326536178589e-02 3.091861028224229813e-03 2.773134782910346985e-02 4.186763614416122437e-02 3.906576428562402725e-03 4.057229682803153992e-02 3.711308538913726807e-02 3.059415332973003387e-02 1.081198267638683319e-02 2.540297061204910278e-02 1.279525645077228546e-02 2.348703704774379730e-02 4.542627558112144470e-02 7.006532512605190277e-03 3.153440542519092560e-03 9.064844343811273575e-04 1.940937363542616367e-04 3.244479745626449585e-02 1.759787835180759430e-02 3.373297164216637611e-03 1.054714899510145187e-02 1.303255259990692139e-01 7.007934153079986572e-02 1.314568892121315002e-02 1.590109430253505707e-02 1.514945644885301590e-02 2.489639259874820709e-02 1.170579120516777039e-01 9.256491065025329590e-02 7.002924103289842606e-03 2.940917201340198517e-02 2.414016611874103546e-02 3.399781137704849243e-02 1.466595660895109177e-02 2.508355304598808289e-02 2.409852296113967896e-02 2.714769681915640831e-03 2.971794083714485168e-02 3.879421623423695564e-03 1.044196262955665588e-02 1.118348911404609680e-02 4.190474748611450195e-02 2.355476608499884605e-03 2.953471057116985321e-02 1.845351047813892365e-02 2.294707484543323517e-02 3.677276894450187683e-02 2.987121045589447021e-02 1.582994312047958374e-02 5.886699073016643524e-03 4.102886095643043518e-02 4.043685272336006165e-02 2.575096674263477325e-02 2.788872644305229187e-02 1.522489078342914581e-02 1.884410716593265533e-02 1.241604425013065338e-02
4.286427050828933716e-03 4.894366487860679626e-03 6.525341421365737915e-03 2.817328646779060364e-02 2.628547884523868561e-02 1.154372841119766235e-02 2.771039027720689774e-03 2.812852710485458374e-02 5.523913502693176270e-01 5.254691466689109802e-02 1.110650505870580673e-02 2.988768555223941803e-02 1.833399757742881775e-02 5.023644771426916122e-03 4.034529626369476318e-02 4.262514784932136536e-02 1.477962918579578400e-02 1.038506161421537399e-02 5.495729297399520874e-02 1.486750598996877670e-02 5.146053060889244080e-02 3.009479120373725891e-02 5.702889710664749146e-02 5.026919767260551453e-02 1.927809976041316986e-02 4.465231671929359436e-02 3.369887918233871460e-02 3.393793478608131409e-02 3.036658465862274170e-02 1.101741660386323929e-02 2.336722798645496368e-02 2.793970331549644470e-02 3.743424639105796814e-02 2.403206564486026764e-02 1.684780232608318329e-02 1.230184175074100494e-02 3.313449397683143616e-02 8.877616375684738159e-03 3.561041876673698425e-02 1.952389068901538849e-02 1.040809508413076401e-02 5.542575567960739136e-02 1.879881322383880615e-02 2.327272668480873108e-02 5.047522485256195068e-02 3.960768133401870728e-02 3.024226240813732147e-02 3.835406899452209473e-02 4.751253128051757812e-02 3.423946676775813103e-03 1.772054005414247513e-03 1.731849089264869690e-02 5.034907255321741104e-03 1.174017973244190216e-02 5.595495551824569702e-02 1.269692368805408478e-02 4.691049456596374512e-03 3.851585462689399719e-02 1.796301640570163727e-02 1.436803396791219711e-02 2.799953706562519073e-02 1.319252885878086090e-02 4.536157846450805664e-02 2.790366706904023886e-04 7.776901591569185257e-03 3.182782605290412903e-02 3.293436020612716675e-02 2.507022768259048462e-02 6.721497327089309692e-02 2.899298816919326782e-02 4.847546666860580444e-02 3.871886059641838074e-02 1.133762393146753311e-02 1.239900942891836166e-03 3.603136166930198669e-02 5.065789446234703064e-02 7.566279172897338867e-02 5.434046313166618347e-02 1.211620122194290161e-02 9.562256745994091034e-03 2.302209287881851196e-02 4.479296877980232239e-02 3.434271737933158875e-02 5.541232228279113770e-02 1.112173683941364288e-02 4.544547293335199356e-03 1.842508278787136078e-02 2.993701957166194916e-02 3.633209690451622009e-02 3.886166214942932129e-02 4.322611168026924133e-02 2.182158641517162323e-02 3.260613232851028442e-02 2.433883957564830780e-02 1.526762638241052628e-02 5.527629330754280090e-02 2.824407257139682770e-02 4.042636230587959290e-02 4.318273812532424927e-02 3.808563202619552612e-02 1.211194414645433426e-02 1.992231793701648712e-02 3.789928928017616272e-02 6.681613624095916748e-03 3.917559981346130371e-02 1.137170568108558655e-02 4.617267474532127380e-02 3.412777185440063477e-02 3.738254681229591370e-02 5.814436823129653931e-03 3.239207342267036438e-02 8.053889498114585876e-03 1.781087741255760193e-02 1.330269314348697662e-02 4.622773732990026474e-03 3.432749584317207336e-02
1.360350567847490311e-02 2.513280487619340420e-04 3.103940002620220184e-02 4.206603020429611206e-02 4.019096121191978455e-02 8.243468590080738068e-03 9.042360819876194000e-03 2.440427057445049286e-02 5.254691466689109802e-02 5.487318038940429688e-01 4.809333011507987976e-02 1.805969327688217163e-02 7.385896518826484680e-03 1.938903518021106720e-02 9.005750529468059540e-03 4.968893155455589294e-02 5.197715014219284058e-02 4.827004298567771912e-02 4.576812963932752609e-03 3.382216021418571472e-02 2.836861833930015564e-02 3.998711705207824707e-02 2.302876114845275879e-02 3.962069377303123474e-02 5.019355376134626567e-05 4.728614818304777145e-03 5.156118795275688171e-02 4.635375365614891052e-02 8.025219663977622986e-03 3.684022277593612671e-02 1.926542632281780243e-02 3.645434603095054626e-02 2.683201804757118225e-02 3.812760114669799805e-02 5.083711352199316025e-03 4.966921359300613403e-02 4.925909265875816345e-02 1.640429161489009857e-02 1.897981576621532440e-02 5.478331353515386581e-03 3.450188785791397095e-02 6.750299129635095596e-03 4.705385863780975342e-02 3.624941036105155945e-02 4.656669683754444122e-03 2.786383032798767090e-02 3.277648473158478737e-03 2.705365233123302460e-02 9.893566370010375977e-03 7.465982437133789062e-02 2.814283780753612518e-02 3.161430731415748596e-02 2.976076211780309677e-04 2.330292947590351105e-02 1.711734756827354431e-02 6.845661252737045288e-02 3.209267184138298035e-02 2.733784541487693787e-02 1.176237012259662151e-03 5.510468501597642899e-03 1.324790343642234802e-02 5.466140806674957275e-02 4.248050972819328308e-02 2.758475579321384430e-02 4.185766912996768951e-03 3.510452806949615479e-02 2.246701158583164215e-02 1.162640168331563473e-03 8.622415363788604736e-02 1.002797856926918030e-03 9.802812337875366211e-02 8.108139969408512115e-03 7.617063238285481930e-04 2.122541703283786774e-02 3.713601734489202499e-03 3.953795414417982101e-03 6.245170533657073975e-02 1.063013598322868347e-01 1.397428568452596664e-02 6.855090707540512085e-02 1.924769952893257141e-02 4.128324985504150391e-02 3.832853212952613831e-02 1.130486465990543365e-02 4.404146224260330200e-02 7.534164935350418091e-02 3.580973669886589050e-02 4.123691096901893616e-02 4.422209411859512329e-02 6.511303782463073730e-02 4.192243516445159912e-02 3.508324176073074341e-02 4.106651991605758667e-02 2.153154835104942322e-02 3.450940921902656555e-02 4.222308471798896790e-02 2.570524625480175018e-02 1.030615903437137604e-02 1.798258908092975616e-02 2.085673436522483826e-02 5.771816149353981018e-02 3.732467070221900940e-02 1.677811332046985626e-02 2.740834653377532959e-02 2.911228872835636139e-02 1.326947193592786789e-02 8.426073938608169556e-03 6.911185383796691895e-02 3.898727893829345703e-02 4.276566579937934875e-02 2.846573013812303543e-03 3.526792302727699280e-02 3.344589099287986755e-02 3.252127021551132202e-02 5.186567455530166626e-02 3.309014439582824707e-02
9.588203579187393188e-02 8.983514457941055298e-02 1.697111874818801880e-02 3.591832891106605530e-02 1.185048464685678482e-02 1.035513654351234436e-01 9.209045767784118652e-02 4.285065829753875732e-02 1.110650505870580673e-02 4.809333011507987976e-02 5.345242023468017578e-01 1.072953455150127411e-02 1.282059103250503540e-01 3.020846657454967499e-02 2.428326383233070374e-02 3.068944439291954041e-02 2.637102082371711731e-02 1.870769634842872620e-02 2.427297644317150116e-02 2.435117773711681366e-02 5.174826458096504211e-02 9.574256837368011475e-03 4.391621798276901245e-02 5.169549956917762756e-02 4.451997578144073486e-02 4.915607720613479614e-02 1.449987199157476425e-02 1.745050959289073944e-02 5.456354469060897827e-02 2.112298645079135895e-02 1.634333841502666473e-02 2.049479447305202484e-02 4.584029689431190491e-02 1.561909634619951248e-02 1.317767240107059479e-02 1.824696362018585205e-02 4.507073760032653809e-02 2.473313920199871063e-02 4.465091228485107422e-02 5.265614017844200134e-02 2.763676643371582031e-02 2.541789039969444275e-02 2.309932559728622437e-02 3.061230480670928955e-02 1.569529436528682709e-02 4.158018156886100769e-02 7.792877405881881714e-02 5.269803851842880249e-02 2.263794094324111938e-02 1.842011930420994759e-03 7.362866308540105820e-03 2.773582190275192261e-02 1.254365406930446625e-02 6.417574733495712280e-02 2.101936144754290581e-03 2.107850043103098869e-03 4.078206792473793030e-02 6.925205141305923462e-02 2.394544519484043121e-02 3.727252781391143799e-02 6.114686839282512665e-04 3.138904273509979248e-02 8.446238003671169281e-03 7.279469072818756104e-02 4.679773747920989990e-02 8.813402056694030762e-02 1.266021281480789185e-02 2.773100510239601135e-02 2.557287551462650299e-02 5.313223972916603088e-02 1.932957023382186890e-02 3.194354474544525146e-02 3.004465438425540924e-02 1.267561223357915878e-02 1.973942620679736137e-03 1.867672801017761230e-02 2.113598771393299103e-02 2.600773423910140991e-02 2.839630655944347382e-02 2.693727798759937286e-02 4.377580434083938599e-02 1.847805269062519073e-02 2.713532745838165283e-02 1.920262724161148071e-02 3.350169584155082703e-02 2.958493493497371674e-02 8.007699623703956604e-03 1.611333154141902924e-02 3.224303200840950012e-02 2.829615492373704910e-03 1.560373790562152863e-02 1.768035069108009338e-02 1.407712232321500778e-02 4.773556813597679138e-02 4.750957340002059937e-02 2.611938677728176117e-02 7.220615167170763016e-03 2.258067019283771515e-02 1.076553482562303543e-02 1.872336491942405701e-02 4.263698682188987732e-02 2.896668016910552979e-02 4.726379364728927612e-02 6.223245058208703995e-03 3.940160945057868958e-02 2.092832466587424278e-03 3.913995623588562012e-02 3.932733088731765747e-02 4.215694963932037354e-02 3.873689845204353333e-02 3.072589263319969177e-02 4.230550304055213928e-02 4.744573961943387985e-03 3.145283460617065430e-02 3.709057718515396118e-02 2.641943655908107758e-02
2.962664514780044556e-02 1.945913396775722504e-02 4.022120311856269836e-02 2.138577960431575775e-02 1.146307121962308884e-02 7.676400244235992432e-02 3.389946743845939636e-02 2.214486896991729736e-02 2.988768555223941803e-02 1.805969327688217163e-02 1.072953455150127411e-02 5.289135575294494629e-01 3.339263051748275757e-02 1.555497646331787109e-01 2.275964431464672089e-02 2.692567929625511169e-02 4.096534848213195801e-02 3.938734531402587891e-02 1.825012266635894775e-02 2.443417720496654510e-02 4.156737774610519409e-02 1.953907124698162079e-02 2.077298983931541443e-02 1.102911401540040970e-02 1.682404661551117897e-03 1.478017773479223251e-02 1.016363780945539474e-02 1.360747814178466797e-01 2.946456894278526306e-02 1.456051319837570190e-01 3.255591541528701782e-02 4.222542047500610352e-03 3.374582156538963318e-02 4.096049442887306213e-02 2.962120436131954193e-02 1.763459481298923492e-02 6.434399168938398361e-03 2.827286906540393829e-02 1.685110968537628651e-03 4.504531621932983398e-02 4.117863625288009644e-02 1.142652332782745361e-02 3.732403367757797241e-02 4.058957844972610474e-02 3.039197437465190887e-02 3.030680678784847260e-02 2.110837213695049286e-02 1.455037388950586319e-02 1.124967914074659348e-02 3.763290122151374817e-02 1.279945578426122665e-02 2.325440756976604462e-02 1.532382424920797348e-02 2.195410802960395813e-02 3.512447327375411987e-02 1.352948718704283237e-03 3.826662525534629822e-02 1.394146028906106949e-02 1.947289891541004181e-02 1.446274481713771820e-02 1.113057602196931839e-02 3.369921445846557617e-02 1.487798709422349930e-02 1.243529003113508224e-02 4.048769548535346985e-02 3.791957721114158630e-02 4.832721874117851257e-02 4.001542925834655762e-02 1.377309672534465790e-02 4.782268777489662170e-02 4.600836429744958878e-03 7.102380041033029556e-03 9.521299973130226135e-03 5.343597382307052612e-02 8.209887892007827759e-03 1.428444683551788330e-02 9.893589653074741364e-03 1.657489314675331116e-02 5.445801466703414917e-02 3.203813731670379639e-02 1.072356291115283966e-02 2.430927380919456482e-02 2.300008758902549744e-02 2.906295703724026680e-03 2.412037365138530731e-02 4.297353327274322510e-02 1.544791460037231445e-02 9.962398558855056763e-03 9.103978425264358521e-02 1.002263352274894714e-01 3.298932313919067383e-02 4.250314086675643921e-02 2.482839301228523254e-02 5.478437058627605438e-03 6.517290603369474411e-03 1.305335853248834610e-02 2.654837258160114288e-02 1.988944411277770996e-02 3.503784537315368652e-02 2.493045292794704437e-02 1.855706609785556793e-02 2.492370642721652985e-02 2.825051173567771912e-02 3.295734897255897522e-02 1.477097067981958389e-02 3.967283666133880615e-02 3.126262128353118896e-02 1.473070122301578522e-02 1.878116093575954437e-02 1.371725089848041534e-02 1.826390437781810760e-02 2.262244559824466705e-02 3.851299732923507690e-02 3.529778122901916504e-02 3.173563396558165550e-03 2.070489339530467987e-02
1.060684323310852051e-01 1.244981810450553894e-01 2.571330592036247253e-02 3.336143866181373596e-02 3.199014067649841309e-02 1.125368252396583557e-01 1.311470866203308105e-01 8.650274947285652161e-03 1.833399757742881775e-02 7.385896518826484680e-03 1.282059103250503540e-01 3.339263051748275757e-02 5.433461666107177734e-01 5.440310016274452209e-02 1.837441325187683105e-02 1.173237618058919907e-02 2.381638810038566589e-02 4.681934788823127747e-02 2.869735471904277802e-02 2.373433858156204224e-02 1.756670325994491577e-02 1.311085093766450882e-02 9.065012447535991669e-03 4.600393120199441910e-03 1.381382346153259277e-02 6.738067138940095901e-03 2.830973267555236816e-02 2.824373356997966766e-02 1.647076755762100220e-02 4.225932806730270386e-02 1.133102178573608398e-01 2.637578174471855164e-02 6.351769715547561646e-02 3.316707164049148560e-02 2.065573260188102722e-02 2.536893356591463089e-03 2.299561351537704468e-02 3.828555718064308167e-02 9.610664099454879761e-03 1.523698447272181511e-03 2.105586603283882141e-02 1.875583827495574951e-02 3.197410330176353455e-02 2.464706636965274811e-02 2.689917385578155518e-02 4.869590327143669128e-02 5.224815756082534790e-02 7.808853685855865479e-02 4.837324842810630798e-02 2.658983692526817322e-02 1.832932792603969574e-02 8.926390670239925385e-03 4.026352241635322571e-02 1.143984217196702957e-02 4.733005911111831665e-02 1.183417718857526779e-02 3.363609313964843750e-02 1.582608558237552643e-02 7.084624841809272766e-03 2.076704986393451691e-02 3.183754626661539078e-03 2.002156898379325867e-02 4.420469328761100769e-02 4.289824515581130981e-02 1.688164100050926208e-02 1.191469803452491760e-01 4.115751758217811584e-02 1.372533943504095078e-02 3.744318615645170212e-03 8.709073881618678570e-04 1.277293357998132706e-02 1.451578736305236816e-02 8.138735778629779816e-03 1.920363306999206543e-02 1.771347783505916595e-02 1.204659044742584229e-02 4.338623024523258209e-03 3.479658393189311028e-03 7.918654009699821472e-03 2.222635596990585327e-02 1.349694095551967621e-02 9.065993130207061768e-03 3.208461403846740723e-02 4.082291200757026672e-02 3.660563752055168152e-02 4.933869466185569763e-02 2.567599003668874502e-04 3.452305868268013000e-02 5.140347778797149658e-02 1.591988280415534973e-02 1.982738822698593140e-02 3.445058315992355347e-02 6.297477334737777710e-02 2.405932545661926270e-02 1.956970430910587311e-02 4.966349527239799500e-02 2.794308029115200043e-02 2.273713238537311554e-03 3.256453201174736023e-02 2.699260227382183075e-02 3.762021288275718689e-02 2.995892055332660675e-02 9.496845304965972900e-03 3.933556843549013138e-03 3.616562485694885254e-02 3.941217809915542603e-02 3.063294477760791779e-02 2.022845298051834106e-02 1.707290299236774445e-03 1.342872716486454010e-02 5.508977547287940979e-02 3.429994732141494751e-02 3.376227244734764099e-02 3.532784059643745422e-02 2.173395268619060516e-02 3.648157045245170593e-02
