4.781922101974487305e-01 1.350107192993164062e-01 3.696813806891441345e-02 2.773538790643215179e-02 1.959706842899322510e-02 1.329658627510070801e-01 8.631412684917449951e-02 1.558368094265460968e-02 4.210189916193485260e-03 2.409733645617961884e-02 1.418555378913879395e-01 6.812495645135641098e-03 1.067686006426811218e-01 5.192333832383155823e-03 3.190647065639495850e-02 1.536911725997924805e-02 7.143869996070861816e-03 5.936635658144950867e-03 1.099611073732376099e-02 6.850530393421649933e-03 2.721557207405567169e-02 1.785590872168540955e-02 3.539969772100448608e-02 2.329100854694843292e-02 4.060232266783714294e-02 5.534727824851870537e-04 2.821026183664798737e-02 3.180216625332832336e-02 2.417417056858539581e-02 1.514447480440139771e-02 1.456467527896165848e-02 9.440312162041664124e-03 8.042189292609691620e-03 4.402312636375427246e-02 4.360197111964225769e-02 4.902468249201774597e-02 1.504235807806253433e-02 6.640917621552944183e-03 1.243366394191980362e-03 4.176254570484161377e-02 1.816540770232677460e-02 4.784373566508293152e-02 5.359444767236709595e-03 1.337596122175455093e-02 3.953512758016586304e-02 5.849195644259452820e-03 1.077954918146133423e-01 3.393198549747467041e-02 3.044075146317481995e-02 5.496960878372192383e-02 4.480109736323356628e-02 1.416320446878671646e-02 7.141403853893280029e-03 2.019971981644630432e-02 2.639176324009895325e-02 5.548283085227012634e-02 7.170655298978090286e-04 2.811299078166484833e-02 4.897338524460792542e-02 1.395210810005664825e-02 2.440429665148258209e-02 7.273608352988958359e-03 2.030377276241779327e-03 3.320381417870521545e-02 4.188390448689460754e-02 2.041736431419849396e-02 4.947671294212341309e-02 4.443092271685600281e-02 3.523674607276916504e-02 4.887608811259269714e-02 5.227899551391601562e-02 4.856220260262489319e-02 4.406517744064331055e-02 7.596555165946483612e-03 3.599769622087478638e-02 1.982314139604568481e-02 3.755460307002067566e-02 3.907025977969169617e-02 2.448978461325168610e-02 2.890560962259769440e-02 5.768393632024526596e-03 2.764068357646465302e-02 9.327586740255355835e-03 3.124302253127098083e-02 2.807953022420406342e-02 3.735179454088211060e-02 2.715324983000755310e-02 1.082362793385982513e-02 4.662186838686466217e-03 1.412883494049310684e-02 4.756613448262214661e-02 3.400859236717224121e-02 2.982060983777046204e-02 6.498011294752359390e-03 4.604028165340423584e-02 3.501647617667913437e-03 2.323971502482891083e-02 4.216777533292770386e-02 4.270757734775543213e-02 2.506302297115325928e-02 2.756797708570957184e-03 2.779340837150812149e-03 1.296948734670877457e-02 1.273402851074934006e-02 3.146817162632942200e-02 2.656457014381885529e-02 2.797036617994308472e-02 6.212928146123886108e-02 3.581018419936299324e-03 4.328227136284112930e-03 1.065794099122285843e-02 5.339732393622398376e-03 2.724526263773441315e-02 1.608244702219963074e-02 4.224726557731628418e-02 1.051156967878341675e-02
1.350107192993164062e-01 4.741004407405853271e-01 5.302916467189788818e-02 3.310961648821830750e-02 3.068826533854007721e-02 7.422666996717453003e-02 1.454741209745407104e-01 2.363230334594845772e-03 2.564978599548339844e-02 3.755916282534599304e-02 8.824311941862106323e-02 1.944158039987087250e-02 1.330096870660781860e-01 3.096656687557697296e-02 1.482513174414634705e-02 5.649190396070480347e-03 3.564151376485824585e-02 3.221753612160682678e-02 2.614378696307539940e-03 3.349821642041206360e-02 2.369078435003757477e-02 2.487517893314361572e-03 3.046393021941184998e-02 3.021091781556606293e-02 4.776523634791374207e-02 1.814126223325729370e-02 2.762797102332115173e-02 4.595787823200225830e-02 1.439685467630624771e-02 1.268095523118972778e-02 3.137871623039245605e-02 1.037082262337207794e-02 1.377254165709018707e-02 5.074423179030418396e-02 3.577605262398719788e-02 1.113349292427301407e-02 2.854483388364315033e-02 1.434063073247671127e-03 4.235209152102470398e-02 2.864672616124153137e-02 1.027757208794355392e-02 2.186028100550174713e-02 1.563178934156894684e-02 2.820870094001293182e-02 2.521786838769912720e-02 4.569970071315765381e-02 3.003083728253841400e-02 8.804994076490402222e-02 5.626314505934715271e-02 5.139581859111785889e-02 2.457477711141109467e-02 9.665358811616897583e-03 2.438565343618392944e-02 2.797051891684532166e-02 5.235586315393447876e-02 4.658945649862289429e-02 3.095829114317893982e-02 3.469737619161605835e-02 4.616896063089370728e-02 6.051949225366115570e-03 6.478322204202413559e-03 1.524285599589347839e-02 4.949003458023071289e-02 9.379987604916095734e-03 1.899600401520729065e-02 1.866235956549644470e-02 4.489361867308616638e-02 3.054245188832283020e-02 1.495259068906307220e-02 4.925467073917388916e-02 1.231588982045650482e-02 4.977267608046531677e-02 2.275815419852733612e-02 2.500456571578979492e-02 5.227107089012861252e-03 6.545292562805116177e-04 2.519814856350421906e-02 2.359640412032604218e-02 3.246993944048881531e-02 2.361379936337471008e-02 3.224561223760247231e-03 3.042323281988501549e-03 2.599074132740497589e-02 7.797751575708389282e-03 4.924213886260986328e-02 3.294356912374496460e-02 9.849243797361850739e-03 1.148429792374372482e-02 3.002964518964290619e-02 6.482655182480812073e-03 3.776915371417999268e-02 1.258277613669633865e-02 7.626616954803466797e-02 8.918189443647861481e-03 4.041438177227973938e-02 1.207678206264972687e-02 7.632981054484844208e-03 3.968714550137519836e-02 3.867837786674499512e-02 3.885345160961151123e-02 7.485622074455022812e-03 1.055250526405870914e-03 5.015864223241806030e-02 6.503799930214881897e-03 4.483692720532417297e-02 4.827534407377243042e-02 2.964285388588905334e-02 2.610326558351516724e-02 5.870957393199205399e-03 3.810930764302611351e-03 5.047625745646655560e-04 1.049789786338806152e-02 2.680065296590328217e-02 2.743944153189659119e-02 4.238853976130485535e-02 1.175232976675033569e-02
3.696813806891441345e-02 5.302916467189788818e-02 4.358653426170349121e-01 2.862122282385826111e-02 4.510273039340972900e-02 1.663354039192199707e-02 2.020529285073280334e-02 5.688146874308586121e-02 3.420686349272727966e-02 6.691320333629846573e-03 3.134977817535400391e-02 5.252491682767868042e-02 8.771889843046665192e-03 3.020903281867504120e-02 1.403772458434104919e-02 4.766754340380430222e-03 2.859860099852085114e-02 4.461555555462837219e-02 2.278232388198375702e-02 2.526287920773029327e-02 6.362216663546860218e-04 1.823332160711288452e-02 3.591128066182136536e-02 2.985881641507148743e-02 8.015708881430327892e-04 3.455070033669471741e-02 1.237441599369049072e-02 4.417066276073455811e-02 3.191553056240081787e-03 5.662394315004348755e-02 5.943856388330459595e-02 2.152227610349655151e-02 2.070096693933010101e-02 5.611737817525863647e-02 2.892387099564075470e-02 8.245474658906459808e-03 1.137114595621824265e-02 3.662098944187164307e-02 4.730836674571037292e-02 4.832787811756134033e-02 2.169166877865791321e-02 1.977995783090591431e-02 1.353757921606302261e-02 3.331968560814857483e-02 2.366550453007221222e-02 3.054565191268920898e-02 1.623497717082500458e-02 3.298059105873107910e-02 3.855996578931808472e-02 2.592465095221996307e-02 3.737324103713035583e-02 2.078236639499664307e-02 9.514492005109786987e-03 4.171533882617950439e-02 3.730855137109756470e-02 4.463931173086166382e-02 2.230542013421654701e-03 9.047376923263072968e-03 3.528811037540435791e-02 3.909823298454284668e-02 7.660333998501300812e-03 1.134314201772212982e-02 1.321483682841062546e-02 1.630105823278427124e-02 1.305125653743743896e-03 1.076677441596984863e-02 2.331124432384967804e-02 3.187624737620353699e-02 3.751498088240623474e-02 1.372728776186704636e-02 3.895633667707443237e-02 3.163051325827836990e-03 6.282827816903591156e-04 3.236379101872444153e-02 1.396164204925298691e-02 4.612539708614349365e-02 2.821262180805206299e-02 8.721866644918918610e-03 3.895246237516403198e-02 1.127782650291919708e-02 5.527989566326141357e-02 4.591473843902349472e-03 4.316281527280807495e-03 7.149004843086004257e-03 2.267985418438911438e-02 9.309251792728900909e-03 2.872052416205406189e-02 1.154874451458454132e-02 1.786510460078716278e-02 3.164444118738174438e-02 2.045223675668239594e-02 3.646052209660410881e-03 4.701040597865357995e-05 2.039729803800582886e-02 4.376718774437904358e-03 1.607082597911357880e-02 1.065452024340629578e-01 2.533845044672489166e-02 2.461889991536736488e-03 7.666366640478372574e-03 1.263102423399686813e-02 2.697651647031307220e-02 1.672437600791454315e-02 6.984531879425048828e-03 2.577349951025098562e-04 4.365411400794982910e-02 4.471424594521522522e-02 3.417472541332244873e-02 3.181137517094612122e-02 2.545328997075557709e-02 2.354520838707685471e-03 4.132748022675514221e-02 2.806160785257816315e-02 1.038099406287074089e-03 4.077738896012306213e-02 6.284605711698532104e-02
2.773538790643215179e-02 3.310961648821830750e-02 2.862122282385826111e-02 4.531716704368591309e-01 1.973028779029846191e-01 4.933441057801246643e-03 1.499159727245569229e-02 4.485964775085449219e-02 4.354167729616165161e-02 2.235926873981952667e-02 1.794129377231001854e-03 4.175190627574920654e-02 2.338257990777492523e-02 1.540871988981962204e-02 1.424980536103248596e-02 2.978868782520294189e-02 1.132141333073377609e-03 3.777788206934928894e-02 2.454431727528572083e-02 3.942396957427263260e-03 2.598645538091659546e-02 3.318506851792335510e-02 2.134282141923904419e-02 2.288354933261871338e-02 3.031607903540134430e-02 3.954148665070533752e-02 1.664477400481700897e-02 1.246240106411278248e-03 2.025860920548439026e-02 1.182376779615879059e-02 1.485241763293743134e-02 2.718960307538509369e-02 4.098092671483755112e-03 4.050203785300254822e-02 7.342347502708435059e-02 4.273827746510505676e-02 4.292986541986465454e-02 4.095260798931121826e-02 7.666265964508056641e-02 7.014007121324539185e-02 2.987776510417461395e-02 7.432026788592338562e-03 4.134484007954597473e-02 4.092860035598278046e-03 5.472718924283981323e-02 2.093812450766563416e-02 1.415363396517932415e-03 3.702268004417419434e-02 4.176805913448333740e-02 3.781424835324287415e-02 3.371575847268104553e-02 2.948577888309955597e-02 2.793235518038272858e-02 4.325738921761512756e-02 3.456599637866020203e-02 4.654366150498390198e-02 1.550693763419985771e-03 3.106954693794250488e-02 2.512737922370433807e-02 4.980418086051940918e-02 7.873753458261489868e-02 8.994968235492706299e-02 4.805754870176315308e-02 5.983269587159156799e-02 4.500294849276542664e-02 5.236933007836341858e-03 4.175275191664695740e-02 3.745137155055999756e-02 2.807999402284622192e-02 3.591893240809440613e-02 7.068076170980930328e-03 3.598645562306046486e-03 1.007634252309799194e-01 2.296607568860054016e-02 6.971143186092376709e-02 2.074068970978260040e-02 9.659772738814353943e-03 8.458524011075496674e-03 6.777802109718322754e-02 5.975116044282913208e-03 3.998196870088577271e-02 1.376201026141643524e-02 3.652159124612808228e-02 8.450808934867382050e-03 1.633613929152488708e-02 1.974335312843322754e-02 2.395454235374927521e-02 2.001055516302585602e-02 5.683717783540487289e-03 3.043937729671597481e-03 1.458656135946512222e-02 2.800199948251247406e-02 3.802992776036262512e-02 9.963774355128407478e-04 6.379172205924987793e-03 3.906417172402143478e-03 1.237359084188938141e-02 1.507503073662519455e-02 3.779963403940200806e-02 3.716216236352920532e-02 3.654769435524940491e-02 5.158367380499839783e-02 1.632557250559329987e-02 8.415752090513706207e-03 4.348278045654296875e-03 3.312672674655914307e-02 4.987595230340957642e-02 3.524082526564598083e-02 6.036057136952877045e-03 2.107843384146690369e-02 6.789760198444128036e-03 3.555810451507568359e-02 2.149651385843753815e-02 3.429114818572998047e-02 7.569284643977880478e-03 4.508444294333457947e-02
1.959706842899322510e-02 3.068826533854007721e-02 4.510273039340972900e-02 1.973028779029846191e-01 4.667332768440246582e-01 1.380334887653589249e-02 1.999575458467006683e-02 1.717800088226795197e-02 5.284756794571876526e-02 6.518538109958171844e-03 4.177457839250564575e-02 4.432652145624160767e-03 2.609375678002834320e-02 4.027304053306579590e-02 4.173849150538444519e-02 5.267712753266096115e-03 2.298921160399913788e-02 2.582737244665622711e-03 4.129571095108985901e-02 4.136008210480213165e-03 2.647039480507373810e-02 3.115478903055191040e-02 2.605192130431532860e-03 4.860335495322942734e-03 3.718702122569084167e-02 1.660302095115184784e-02 5.096923187375068665e-02 2.144138887524604797e-02 4.966953024268150330e-02 3.855765610933303833e-02 3.061395138502120972e-03 4.839621856808662415e-02 2.305387333035469055e-02 5.139378085732460022e-02 5.441082641482353210e-02 3.902190551161766052e-02 3.262439742684364319e-02 3.139275312423706055e-02 7.423903048038482666e-02 5.895939096808433533e-02 3.443121537566184998e-02 5.474025011062622070e-02 1.559677440673112869e-02 1.921311579644680023e-02 1.498277392238378525e-02 1.779368147253990173e-02 3.893516957759857178e-02 1.523181330412626266e-02 5.757202953100204468e-02 2.256363257765769958e-02 3.155961632728576660e-02 2.323559857904911041e-02 4.284673184156417847e-02 6.469771265983581543e-03 4.302062094211578369e-02 5.913939327001571655e-03 7.846188731491565704e-03 3.516706451773643494e-02 6.181506905704736710e-03 2.718438208103179932e-02 4.438262898474931717e-03 5.590407177805900574e-02 1.861192099750041962e-02 2.226773649454116821e-02 5.880834069103002548e-03 2.972555346786975861e-02 1.523295417428016663e-02 3.412716090679168701e-02 1.490445341914892197e-02 6.305524613708257675e-03 4.371201619505882263e-02 2.958179265260696411e-02 9.749235957860946655e-02 4.467422515153884888e-02 1.243519559502601624e-01 2.091266401112079620e-02 5.420656129717826843e-02 4.603207111358642578e-02 5.392612889409065247e-02 4.781736433506011963e-02 3.622881323099136353e-02 1.447184942662715912e-02 1.928964979015290737e-03 5.684815347194671631e-02 5.050188675522804260e-02 1.863343268632888794e-02 4.591874033212661743e-02 1.533054560422897339e-02 3.957327455282211304e-02 2.796467579901218414e-02 2.025788836181163788e-02 2.250858210027217865e-02 1.161086745560169220e-02 4.556740447878837585e-02 7.009129226207733154e-02 2.482906356453895569e-02 1.647307351231575012e-02 1.734526478685438633e-03 2.904720045626163483e-02 2.892376389354467392e-03 7.957596331834793091e-03 9.358473122119903564e-03 2.619324624538421631e-02 3.057711757719516754e-02 2.033746242523193359e-02 9.825875051319599152e-03 4.703844338655471802e-02 5.220608413219451904e-02 4.528524354100227356e-02 2.938319370150566101e-02 2.055577374994754791e-02 7.662292569875717163e-03 2.577767334878444672e-02 3.074315935373306274e-02 1.375140435993671417e-02 1.365368999540805817e-02
1.329658627510070801e-01 7.422666996717453003e-02 1.663354039192199707e-02 4.933441057801246643e-03 1.380334887653589249e-02 4.640795588493347168e-01 1.649783402681350708e-01 2.654738165438175201e-02 1.427598763257265091e-03 3.986791707575321198e-03 1.254348605871200562e-01 4.324539005756378174e-02 6.225809454917907715e-02 4.838446527719497681e-02 2.157813170924782753e-03 3.804393811151385307e-03 3.165026195347309113e-03 4.405804350972175598e-02 6.747600622475147247e-03 4.237757064402103424e-03 1.993364654481410980e-02 5.277399346232414246e-02 9.223204106092453003e-03 1.163659058511257172e-02 9.969834238290786743e-03 3.296673670411109924e-02 3.560331836342811584e-02 5.466461647301912308e-03 2.852169796824455261e-02 3.996728360652923584e-02 5.757005885243415833e-02 4.796195402741432190e-02 1.823862828314304352e-02 3.451716899871826172e-02 4.322497639805078506e-03 1.151216030120849609e-02 2.612068317830562592e-02 2.817217074334621429e-02 1.122448220849037170e-02 1.868866966105997562e-03 1.981971412897109985e-02 8.960019797086715698e-03 3.651148453354835510e-02 8.434019982814788818e-02 2.293885126709938049e-02 1.140028703957796097e-02 1.923568546772003174e-01 3.973120450973510742e-02 1.657721586525440216e-02 2.728973329067230225e-02 2.306882664561271667e-02 2.204271033406257629e-02 4.335356410592794418e-03 3.142907842993736267e-02 2.545252442359924316e-03 3.036981821060180664e-02 1.319631002843379974e-02 1.496436446905136108e-02 1.929371617734432220e-02 4.513169452548027039e-02 3.165027871727943420e-02 8.820265531539916992e-03 1.853373646736145020e-02 7.246196269989013672e-03 2.091625146567821503e-02 3.545485436916351318e-02 2.882117219269275665e-02 1.036261580884456635e-02 4.563499987125396729e-02 2.922154031693935394e-02 3.851042687892913818e-02 5.154713871888816357e-04 1.522311754524707794e-02 8.468477055430412292e-03 5.554610863327980042e-03 4.881103709340095520e-02 2.955425996333360672e-03 2.017022483050823212e-02 4.204291850328445435e-02 4.378827288746833801e-02 2.431389316916465759e-02 1.145503390580415726e-02 2.794213127344846725e-03 3.757294639945030212e-02 6.024820730090141296e-03 4.703789949417114258e-02 3.041083179414272308e-02 5.002905055880546570e-02 7.944269105792045593e-03 7.198000792413949966e-03 5.151563882827758789e-02 3.468895703554153442e-02 3.486944362521171570e-03 5.961486324667930603e-02 2.329941652715206146e-02 2.829650416970252991e-02 2.605333551764488220e-02 4.511613026261329651e-02 3.267518011853098869e-03 1.280026859603822231e-03 3.134485706686973572e-02 3.790247440338134766e-02 2.522915787994861603e-02 9.302970953285694122e-03 1.769956201314926147e-02 9.649676270782947540e-03 1.386236585676670074e-02 1.323184464126825333e-02 2.811466576531529427e-03 3.585748374462127686e-02 2.043346501886844635e-02 1.745717599987983704e-02 4.277261346578598022e-02 2.620390802621841431e-02 7.027958054095506668e-03 1.645391620695590973e-02
8.631412684917449951e-02 1.454741209745407104e-01 2.020529285073280334e-02 1.499159727245569229e-02 1.999575458467006683e-02 1.649783402681350708e-01 4.613921046257019043e-01 3.948334977030754089e-02 3.544630110263824463e-02 1.334272976964712143e-02 7.165104150772094727e-02 4.859320074319839478e-02 1.213510781526565552e-01 3.578650578856468201e-02 1.630160026252269745e-02 1.954356022179126740e-02 2.750339359045028687e-02 2.719779312610626221e-02 4.462129436433315277e-03 3.742338344454765320e-02 3.048316203057765961e-02 5.349206551909446716e-02 2.016564644873142242e-02 9.306143969297409058e-03 1.904502324759960175e-02 4.101831465959548950e-02 1.107296813279390335e-02 3.825992345809936523e-03 1.294115930795669556e-02 2.743483521044254303e-02 2.495017088949680328e-02 2.698666043579578400e-02 2.474614605307579041e-02 3.159980103373527527e-02 4.579327534884214401e-03 2.589818090200424194e-02 8.681246079504489899e-03 3.090479597449302673e-02 1.730710268020629883e-02 3.499642387032508850e-02 1.697212457656860352e-02 2.423459291458129883e-02 9.755150415003299713e-03 6.958604604005813599e-02 4.358465969562530518e-02 9.472907520830631256e-03 7.709079235792160034e-02 1.393660306930541992e-01 2.297562547028064728e-02 3.442161157727241516e-02 1.672870479524135590e-02 2.706593088805675507e-02 1.685528457164764404e-02 3.159922361373901367e-02 5.135233700275421143e-02 2.978666126728057861e-02 3.341758996248245239e-02 1.454222295433282852e-02 8.950237184762954712e-03 2.116958238184452057e-02 1.572179794311523438e-02 2.272054553031921387e-03 7.454106956720352173e-02 1.738960854709148407e-02 5.481332540512084961e-02 4.545991122722625732e-02 2.003291063010692596e-02 8.455035276710987091e-03 1.962414011359214783e-02 3.264893603045493364e-04 1.027597952634096146e-02 5.134021863341331482e-03 2.293365821242332458e-02 5.644658207893371582e-02 3.570822626352310181e-02 4.318007826805114746e-02 2.702558599412441254e-02 4.324726760387420654e-02 1.164461672306060791e-02 3.716823086142539978e-02 5.849716835655272007e-04 1.459613256156444550e-02 7.868913002312183380e-03 1.710147969424724579e-02 1.343141961842775345e-02 1.553221885114908218e-02 3.122681193053722382e-02 5.375238880515098572e-02 3.087910823523998260e-02 3.627563640475273132e-02 3.040463849902153015e-02 5.948128551244735718e-02 4.672343283891677856e-02 4.801811277866363525e-02 1.983444951474666595e-02 3.506783396005630493e-02 2.684324048459529877e-03 4.575218074023723602e-03 2.639515558257699013e-03 1.372862048447132111e-02 4.478490352630615234e-02 3.831809014081954956e-02 3.760484745725989342e-03 6.641887873411178589e-02 1.903438474982976913e-03 8.785080164670944214e-03 7.325633428990840912e-03 1.231924537569284439e-02 9.584352374076843262e-03 4.850740730762481689e-02 4.987543821334838867e-02 1.086330413818359375e-02 2.206588350236415863e-02 1.722562871873378754e-02 3.478294983506202698e-02 1.325413025915622711e-02
1.558368094265460968e-02 2.363230334594845772e-03 5.688146874308586121e-02 4.485964775085449219e-02 1.717800088226795197e-02 2.654738165438175201e-02 3.948334977030754089e-02 4.705838263034820557e-01 2.304986864328384399e-02 1.194185484200716019e-02 2.025328017771244049e-02 4.217533860355615616e-04 4.900522180832922459e-04 2.732263505458831787e-02 3.427880117669701576e-03 2.482538297772407532e-02 4.154422506690025330e-02 2.820831350982189178e-02 4.262882098555564880e-02 2.532028220593929291e-02 1.169230043888092041e-02 1.054345443844795227e-02 5.013982765376567841e-03 2.148925513029098511e-02 2.177333086729049683e-02 8.720479905605316162e-03 9.447822347283363342e-03 1.278888434171676636e-02 3.356257802806794643e-04 2.657179720699787140e-02 4.789844620972871780e-03 5.429496522992849350e-03 2.889454364776611328e-02 1.816117204725742340e-02 1.523119118064641953e-02 8.751538582146167755e-03 1.652865111827850342e-02 3.294442594051361084e-02 2.260209806263446808e-02 2.475751191377639771e-02 3.235783055424690247e-02 2.288722171215340495e-04 3.936795983463525772e-03 1.475662644952535629e-02 3.221419826149940491e-02 4.457460716366767883e-02 4.403749108314514160e-02 2.301525138318538666e-02 2.779435599222779274e-03 2.445007860660552979e-02 1.457273308187723160e-02 2.893100492656230927e-02 1.521305181086063385e-02 1.717557385563850403e-02 9.014826267957687378e-03 1.040427293628454208e-02 1.899374462664127350e-02 1.824916526675224304e-02 3.226981312036514282e-02 2.955596148967742920e-02 2.068686485290527344e-02 1.448711566627025604e-02 1.293805427849292755e-02 2.083281241357326508e-02 2.765286713838577271e-03 2.229096600785851479e-03 6.145005580037832260e-03 8.555376902222633362e-03 3.469201177358627319e-02 2.947862958535552025e-03 1.169900782406330109e-02 2.475464530289173126e-02 3.732878342270851135e-02 1.953303627669811249e-02 3.328408673405647278e-02 5.571831762790679932e-02 2.868056297302246094e-03 1.178167061880230904e-03 3.295420110225677490e-02 2.388224937021732330e-02 5.731042847037315369e-02 5.957222729921340942e-02 5.015250667929649353e-02 1.845208182930946350e-02 2.564014308154582977e-02 1.266540493816137314e-02 3.026120364665985107e-02 2.593886852264404297e-02 2.510568685829639435e-02 1.264207437634468079e-02 1.298028603196144104e-02 3.371529979631304741e-03 4.778039176017045975e-03 4.807206336408853531e-03 4.353017546236515045e-03 1.363193430006504059e-02 1.483228243887424469e-02 1.678079366683959961e-02 2.911718562245368958e-03 6.780802737921476364e-03 9.416680783033370972e-03 1.484902575612068176e-02 2.447961829602718353e-02 3.999881818890571594e-02 1.399616803973913193e-02 6.476722774095833302e-04 1.293751876801252365e-02 3.299202769994735718e-02 2.473515458405017853e-02 1.513190846890211105e-02 4.146796464920043945e-02 3.462377935647964478e-02 2.388628199696540833e-02 1.993159967241808772e-04 3.743306547403335571e-02 5.881910026073455811e-02
4.210189916193485260e-03 2.564978599548339844e-02 3.420686349272727966e-02 4.354167729616165161e-02 5.284756794571876526e-02 1.427598763257265091e-03 3.544630110263824463e-02 2.304986864328384399e-02 4.644335806369781494e-01 2.128264168277382851e-03 3.269691253080964088e-03 3.503958508372306824e-02 2.855648472905158997e-02 5.939843598753213882e-03 9.092973545193672180e-03 2.639047242701053619e-02 1.870322786271572113e-02 5.823673680424690247e-02 2.510959468781948090e-02 2.939191460609436035e-02 1.953944377601146698e-02 3.797253221273422241e-02 4.374994430691003799e-03 4.737631231546401978e-02 4.747164994478225708e-02 1.984129846096038818e-02 1.065436657518148422e-02 4.145792871713638306e-02 3.083246946334838867e-02 5.429470445960760117e-03 7.937749847769737244e-03 1.463454030454158783e-02 9.088519960641860962e-03 2.072245348244905472e-03 2.353255636990070343e-02 5.016164481639862061e-02 2.242271788418292999e-02 1.347539015114307404e-02 2.959782257676124573e-02 2.460414543747901917e-02 1.949269324541091919e-02 5.394552275538444519e-02 3.422189131379127502e-02 6.454989314079284668e-03 8.473947644233703613e-02 6.147930864244699478e-03 2.226764149963855743e-02 1.356721390038728714e-02 5.487250164151191711e-02 7.571736350655555725e-03 3.567361459136009216e-02 3.822920843958854675e-02 2.746525779366493225e-02 4.053341969847679138e-02 6.494734436273574829e-02 3.015286661684513092e-02 6.142987310886383057e-02 2.520438283681869507e-02 4.708602651953697205e-02 4.875847324728965759e-02 2.129508182406425476e-02 3.370092809200286865e-02 1.110060140490531921e-02 3.099398314952850342e-02 3.279954940080642700e-02 4.132220521569252014e-02 2.980431169271469116e-02 2.865003794431686401e-02 8.427581749856472015e-03 5.151939392089843750e-02 1.015554554760456085e-02 3.699980676174163818e-02 1.452039927244186401e-02 1.084426604211330414e-02 4.500436782836914062e-02 7.473909109830856323e-02 9.175553172826766968e-02 1.875175908207893372e-02 1.398968398571014404e-01 2.490335144102573395e-02 2.043046616017818451e-02 4.511597007513046265e-02 2.762478217482566833e-02 3.631389141082763672e-02 3.874409198760986328e-02 1.212517358362674713e-02 5.092802271246910095e-02 5.426662415266036987e-02 8.624726533889770508e-02 2.677689678966999054e-02 5.030743777751922607e-02 4.967791587114334106e-02 4.754698649048805237e-02 5.066548939794301987e-03 3.699142858386039734e-02 1.762999594211578369e-02 2.218646463006734848e-03 2.564096823334693909e-02 3.836911544203758240e-02 2.034600451588630676e-02 4.406114295125007629e-02 3.218170255422592163e-02 5.957886110991239548e-03 4.343399032950401306e-02 1.900014840066432953e-02 2.744494751095771790e-02 1.653409935534000397e-02 2.432878315448760986e-02 6.794604938477277756e-03 5.446138605475425720e-02 1.132938731461763382e-02 1.161292288452386856e-02 2.159392088651657104e-02 1.296255365014076233e-02 1.035151444375514984e-02 1.385950576514005661e-02
2.409733645617961884e-02 3.755916282534599304e-02 6.691320333629846573e-03 2.235926873981952667e-02 6.518538109958171844e-03 3.986791707575321198e-03 1.334272976964712143e-02 1.194185484200716019e-02 2.128264168277382851e-03 4.621538221836090088e-01 1.624822616577148438e-02 2.578380517661571503e-02 3.053048811852931976e-02 1.968812197446823120e-02 2.290703170001506805e-02 1.287097949534654617e-02 4.279791377484798431e-03 1.136020664125680923e-02 6.677788496017456055e-02 4.709854692919179797e-05 2.239478752017021179e-02 4.062288254499435425e-02 5.659263115376234055e-03 3.601874411106109619e-02 1.010988373309373856e-02 7.704811170697212219e-03 1.035758480429649353e-02 9.430533275008201599e-03 5.260168761014938354e-02 2.299420535564422607e-02 5.334882065653800964e-02 2.788702584803104401e-02 1.129672396928071976e-02 4.410858964547514915e-04 2.285105921328067780e-02 3.097699023783206940e-02 5.284205824136734009e-02 9.645339101552963257e-03 3.784472495317459106e-02 3.099818341434001923e-02 4.842644557356834412e-02 5.587393417954444885e-02 4.256249219179153442e-02 1.015377137809991837e-02 5.848216358572244644e-03 1.848188787698745728e-02 1.912354864180088043e-02 2.387841232120990753e-02 4.219959024339914322e-03 6.898529082536697388e-02 1.126465201377868652e-02 1.217062305659055710e-02 1.833516289480030537e-03 5.566779896616935730e-02 1.868908479809761047e-02 6.287078559398651123e-02 2.906289417296648026e-03 8.041932433843612671e-02 2.727770432829856873e-02 9.868069551885128021e-03 3.110568225383758545e-02 4.221243038773536682e-02 4.408362880349159241e-02 4.168815445154905319e-03 7.348422426730394363e-03 2.614784613251686096e-02 1.825393177568912506e-02 3.164894133806228638e-02 6.096856296062469482e-02 5.538757517933845520e-02 7.750672847032546997e-02 2.329146116971969604e-02 2.747546695172786713e-02 8.899589627981185913e-02 3.917368501424789429e-02 7.878963835537433624e-03 2.714303135871887207e-02 7.048626989126205444e-02 5.969384685158729553e-02 1.204380691051483154e-01 2.933544479310512543e-02 4.730334132909774780e-02 1.123995054513216019e-02 3.956072032451629639e-02 8.413295261561870575e-03 4.114010557532310486e-02 9.437036700546741486e-03 3.815974295139312744e-02 3.426810959354043007e-03 1.192152798175811768e-01 4.802105575799942017e-02 4.653818532824516296e-02 2.329798880964517593e-03 5.213241651654243469e-02 3.463344881311058998e-03 1.701613073237240314e-03 1.777623593807220459e-02 3.706868737936019897e-02 1.999343745410442352e-03 2.201497787609696388e-03 1.331551652401685715e-02 1.568055897951126099e-02 1.794852875173091888e-02 1.207011658698320389e-02 1.776134967803955078e-02 4.269292205572128296e-02 4.401404038071632385e-02 4.163130745291709900e-02 2.985079586505889893e-02 1.933768205344676971e-02 1.898884586989879608e-02 3.327803220599889755e-03 4.539002105593681335e-02 2.544899284839630127e-02 3.678903449326753616e-03 1.509935408830642700e-02
1.418555378913879395e-01 8.824311941862106323e-02 3.134977817535400391e-02 1.794129377231001854e-03 4.177457839250564575e-02 1.254348605871200562e-01 7.165104150772094727e-02 2.025328017771244049e-02 3.269691253080964088e-03 1.624822616577148438e-02 4.736860692501068115e-01 3.246771544218063354e-02 1.280857920646667480e-01 3.279588371515274048e-02 3.140772506594657898e-02 5.322296638041734695e-03 5.200970917940139771e-03 3.350175917148590088e-03 3.651834558695554733e-03 1.941104419529438019e-02 2.392870746552944183e-02 3.913117572665214539e-02 2.570784650743007660e-02 1.299937628209590912e-02 4.845332726836204529e-02 2.970159519463777542e-03 1.280083134770393372e-02 9.741617832332849503e-04 3.911089897155761719e-02 1.845053397119045258e-02 2.731183171272277832e-02 1.972582377493381500e-02 2.967342268675565720e-03 5.623885430395603180e-03 4.519695043563842773e-02 4.201084747910499573e-02 1.302960980683565140e-02 7.415088359266519547e-03 1.838756911456584930e-02 3.078851476311683655e-02 4.724103026092052460e-03 4.938977211713790894e-02 2.141367644071578979e-03 4.660052713006734848e-03 2.351694181561470032e-02 8.912082412280142307e-04 1.258962899446487427e-01 2.959772385656833649e-02 3.218309953808784485e-02 5.278986319899559021e-02 4.707640036940574646e-02 1.143975183367729187e-02 3.165968926623463631e-03 3.314366331323981285e-03 2.658297121524810791e-02 4.827059060335159302e-02 1.657764613628387451e-02 1.752325147390365601e-02 3.224804997444152832e-02 2.360543794929981232e-02 2.875967184081673622e-04 6.348505150526762009e-03 1.695149950683116913e-02 3.468629717826843262e-02 6.485164910554885864e-02 2.376722358167171478e-02 5.379321053624153137e-02 2.791270986199378967e-02 7.352764252573251724e-03 4.525458812713623047e-02 2.267913706600666046e-02 4.424769803881645203e-02 3.622457152232527733e-03 3.062262432649731636e-03 7.799474056810140610e-03 1.760749518871307373e-02 4.835566505789756775e-02 4.463466256856918335e-02 2.730112336575984955e-02 4.021132737398147583e-02 1.230886671692132950e-02 2.789011597633361816e-02 4.116058722138404846e-02 8.019114611670374870e-04 2.542015165090560913e-02 3.511128947138786316e-02 4.396276175975799561e-02 2.072916924953460693e-02 6.971843540668487549e-04 2.662067860364913940e-02 6.285569816827774048e-02 4.314720630645751953e-02 7.260721642524003983e-03 1.384339015930891037e-02 3.805259615182876587e-02 3.647553548216819763e-02 3.922159317880868912e-03 3.354681655764579773e-02 5.713096633553504944e-02 4.408381506800651550e-02 3.260589670389890671e-03 8.686291053891181946e-03 3.884860128164291382e-02 1.078927423804998398e-03 3.129116445779800415e-02 1.063040923327207565e-02 1.014818158000707626e-02 5.381523445248603821e-02 2.326995879411697388e-02 1.537657994776964188e-02 3.845659643411636353e-02 1.549804117530584335e-02 3.222178295254707336e-02 7.719350047409534454e-03 3.912414237856864929e-02 2.169659733772277832e-02
6.812495645135641098e-03 1.944158039987087250e-02 5.252491682767868042e-02 4.175190627574920654e-02 4.432652145624160767e-03 4.324539005756378174e-02 4.859320074319839478e-02 4.217533860355615616e-04 3.503958508372306824e-02 2.578380517661571503e-02 3.246771544218063354e-02 4.647866487503051758e-01 7.315662223845720291e-03 1.232739761471748352e-01 3.031514398753643036e-02 4.650848731398582458e-02 6.102985702455043793e-03 3.759773075580596924e-02 6.924459338188171387e-02 1.221630722284317017e-02 4.075056686997413635e-02 1.330044702626764774e-03 2.789348922669887543e-02 9.521454572677612305e-03 4.395879339426755905e-03 4.601776227355003357e-02 6.189384963363409042e-03 3.868217393755912781e-02 2.283711917698383331e-03 2.756841108202934265e-02 1.165308523923158646e-03 3.596858354285359383e-03 4.645072296261787415e-02 4.311580851208418608e-04 1.061429921537637711e-02 9.060220792889595032e-03 3.631605068221688271e-03 4.271531105041503906e-02 3.328793495893478394e-02 3.460353612899780273e-02 6.652630865573883057e-02 3.473215550184249878e-02 8.863642811775207520e-03 3.916467726230621338e-02 5.558853968977928162e-02 9.507530485279858112e-04 1.865943521261215210e-02 9.697322966530919075e-04 2.366934204474091530e-04 4.447606205940246582e-02 2.556109242141246796e-02 4.023297503590583801e-02 3.165806457400321960e-02 1.461366075091063976e-03 4.059182014316320419e-03 2.125313133001327515e-02 3.699481114745140076e-02 1.364857424050569534e-03 1.841972209513187408e-02 6.454771850258111954e-03 1.445830706506967545e-02 2.268404513597488403e-02 9.599182754755020142e-03 1.805617101490497589e-02 1.388877164572477341e-02 1.754043437540531158e-02 3.276759292930364609e-03 1.119672320783138275e-03 4.655998945236206055e-02 1.845011487603187561e-02 1.639524661004543304e-02 1.013112068176269531e-02 4.473520908504724503e-03 2.025428041815757751e-02 2.917909435927867889e-02 5.766633525490760803e-02 3.392738290131092072e-03 4.894533380866050720e-02 2.374777942895889282e-02 1.002411022782325745e-01 6.595534272491931915e-03 2.131215995177626610e-03 6.571894045919179916e-03 3.297194465994834900e-02 3.417840227484703064e-02 3.378308936953544617e-02 4.058761522173881531e-03 7.712156046181917191e-03 7.226547598838806152e-02 2.157953940331935883e-02 2.957929391413927078e-03 1.320334989577531815e-02 9.804028086364269257e-03 1.271931175142526627e-02 1.779734273441135883e-03 3.648908808827400208e-02 9.556275792419910431e-03 9.246762841939926147e-03 3.153667598962783813e-02 3.663335740566253662e-02 9.197584586217999458e-04 2.578738518059253693e-02 4.795331135392189026e-02 1.590753719210624695e-02 5.220877006649971008e-02 3.393325582146644592e-02 1.866579987108707428e-02 1.704586111009120941e-02 1.563309878110885620e-02 5.066457390785217285e-02 2.464849315583705902e-02 2.698509767651557922e-02 3.219927474856376648e-02 1.055608130991458893e-02 6.676316261291503906e-03 3.738708049058914185e-02
1.067686006426811218e-01 1.330096870660781860e-01 8.771889843046665192e-03 2.338257990777492523e-02 2.609375678002834320e-02 6.225809454917907715e-02 1.213510781526565552e-01 4.900522180832922459e-04 2.855648472905158997e-02 3.053048811852931976e-02 1.280857920646667480e-01 7.315662223845720291e-03 4.777148663997650146e-01 2.851139055564999580e-03 3.204726055264472961e-02 4.783771000802516937e-03 1.124613638967275620e-02 4.461006820201873779e-02 1.222744584083557129e-02 1.879448816180229187e-02 3.352540731430053711e-02 2.402535825967788696e-02 2.338551543653011322e-02 1.019732281565666199e-02 5.383393168449401855e-02 2.286999486386775970e-02 3.038295917212963104e-02 9.947733953595161438e-03 2.078549750149250031e-02 1.625392772257328033e-02 4.437275975942611694e-02 7.021234370768070221e-03 1.200507511384785175e-03 3.598988801240921021e-02 4.638583585619926453e-02 1.079247449524700642e-03 2.289849705994129181e-02 1.089171599596738815e-02 5.366643425077199936e-03 4.257884249091148376e-02 1.948137208819389343e-02 2.288179658353328705e-02 1.158514712005853653e-02 2.379863522946834564e-03 2.239035628736019135e-02 2.244238182902336121e-02 4.235326126217842102e-02 7.229251414537429810e-02 4.912370815873146057e-02 5.078320577740669250e-02 4.238138347864151001e-02 2.423365227878093719e-02 2.085750736296176910e-02 1.968670636415481567e-02 5.683637410402297974e-02 5.495722591876983643e-02 3.192682564258575439e-02 3.448005393147468567e-02 3.844356536865234375e-02 9.582323022186756134e-03 2.593616256490349770e-03 1.242204383015632629e-02 3.858399763703346252e-02 3.875014372169971466e-03 3.526985272765159607e-02 3.539495170116424561e-02 5.610623210668563843e-02 4.571134597063064575e-02 2.635198878124356270e-03 6.037713587284088135e-02 1.350247208029031754e-02 4.896924644708633423e-02 8.755542337894439697e-03 2.329920977354049683e-02 1.239897962659597397e-02 2.615147829055786133e-02 4.871069639921188354e-02 1.156805641949176788e-02 2.141793444752693176e-02 3.341827914118766785e-02 8.099899627268314362e-03 4.303921386599540710e-02 3.995008021593093872e-02 1.920812018215656281e-02 4.770706221461296082e-02 2.424274012446403503e-02 2.646652609109878540e-02 2.711833268404006958e-02 2.123514935374259949e-02 3.238635603338479996e-03 3.949980810284614563e-02 1.307338755577802658e-02 4.504270851612091064e-02 1.790160872042179108e-02 4.714091494679450989e-02 1.778442785143852234e-02 9.163519367575645447e-03 1.004851330071687698e-02 5.393918231129646301e-02 5.129796266555786133e-02 1.559116318821907043e-02 2.966503240168094635e-02 2.160529233515262604e-02 2.247938141226768494e-02 3.246885538101196289e-02 2.079883962869644165e-02 1.565838605165481567e-02 1.552675385028123856e-02 7.166768424212932587e-03 1.227112766355276108e-02 1.909036003053188324e-02 2.844790555536746979e-02 1.966291293501853943e-02 1.709083095192909241e-02 1.728190109133720398e-02 4.424696043133735657e-02
