5.243358016014099121e-01 9.557007998228073120e-02 1.806169748306274414e-02 2.197587862610816956e-02 3.672583773732185364e-02 8.735218644142150879e-02 5.302239581942558289e-02 3.265897929668426514e-02 4.224009439349174500e-02 4.396853223443031311e-02 1.431000381708145142e-01 1.718563726171851158e-03 1.174403205513954163e-01 1.053087785840034485e-02 4.415060207247734070e-02 3.145046159625053406e-02 3.333610668778419495e-02 8.348287083208560944e-04 4.924098402261734009e-02 4.110721871256828308e-02 1.516363467089831829e-03 2.065291814506053925e-02 2.315533161163330078e-02 1.530986931174993515e-02 2.450079098343849182e-02 2.010348252952098846e-03 1.728481613099575043e-02 2.654303051531314850e-02 2.432780340313911438e-03 2.439884468913078308e-02 5.556072667241096497e-02 1.551572605967521667e-02 2.959499508142471313e-02 1.028668135404586792e-02 1.882854849100112915e-02 2.244308032095432281e-02 3.882482647895812988e-02 3.678561747074127197e-02 4.030395671725273132e-02 2.671380713582038879e-02 2.032195031642913818e-02 1.196647807955741882e-02 2.966077439486980438e-02 3.709471225738525391e-02 2.671235240995883942e-02 4.494196921586990356e-02 9.045914560556411743e-02 7.467355579137802124e-02 3.293819725513458252e-02 7.617101538926362991e-03 2.774001844227313995e-02 1.468117814511060715e-02 4.153208434581756592e-02 4.438882693648338318e-02 3.063843352720141411e-03 4.503057524561882019e-02 2.471260726451873779e-02 4.100295901298522949e-02 3.498839214444160461e-02 4.955970495939254761e-02 4.766109585762023926e-02 6.285177543759346008e-03 1.020674221217632294e-02 2.713478729128837585e-02 4.913493245840072632e-02 4.478064551949501038e-02 1.072888611815869808e-03 2.359704487025737762e-02 5.529647227376699448e-03 1.344154123216867447e-02 3.982872236520051956e-03 3.798240795731544495e-02 4.693007469177246094e-02 9.003232233226299286e-03 4.190178588032722473e-02 3.563273325562477112e-02 3.352717682719230652e-02 3.096604906022548676e-02 4.870861396193504333e-02 3.625324368476867676e-02 3.771888837218284607e-02 2.035302668809890747e-02 4.402129724621772766e-02 2.279928419739007950e-03 3.052008897066116333e-02 3.439562767744064331e-02 4.401706904172897339e-02 1.013483572751283646e-02 3.625964373350143433e-02 1.033289544284343719e-02 6.297747045755386353e-02 3.310680761933326721e-02 6.554347276687622070e-02 5.353622511029243469e-02 1.671289652585983276e-02 2.442966774106025696e-02 2.998740598559379578e-02 5.456515401601791382e-02 2.335794828832149506e-02 1.358437817543745041e-02 1.036159135401248932e-02 1.053122244775295258e-02 1.604178920388221741e-02 1.838757842779159546e-02 1.258704159408807755e-02 2.218400128185749054e-02 1.231079921126365662e-02 4.418012499809265137e-02 3.513718023896217346e-02 3.409234434366226196e-02 4.075761139392852783e-02 1.866155676543712616e-02 4.447523504495620728e-03 1.944681070744991302e-02 4.989598691463470459e-02 4.797493293881416321e-02
9.557007998228073120e-02 5.180203318595886230e-01 1.161437295377254486e-02 1.071954611688852310e-02 2.206914499402046204e-02 1.081109046936035156e-01 1.171070635318756104e-01 2.442930638790130615e-02 4.047827795147895813e-03 2.402808051556348801e-03 1.341189593076705933e-01 1.821044646203517914e-02 1.238209903240203857e-01 2.750984020531177521e-02 1.526732230558991432e-03 3.299832716584205627e-02 2.963444963097572327e-02 1.300136372447013855e-02 4.309859126806259155e-02 4.087652638554573059e-02 1.140976976603269577e-02 3.760156407952308655e-02 1.054027769714593887e-02 3.963584080338478088e-02 2.827070187777280807e-03 2.413546107709407806e-02 1.242186967283487320e-02 1.164293661713600159e-02 3.894908353686332703e-02 2.535911090672016144e-02 2.998445648699998856e-03 1.241242606192827225e-02 1.487979479134082794e-02 3.727949038147926331e-02 3.414126485586166382e-02 1.063795667141675949e-02 4.355031251907348633e-02 4.095036536455154419e-02 9.334215894341468811e-03 5.129075422883033752e-02 8.523695170879364014e-03 2.151940762996673584e-02 2.087398059666156769e-02 2.131342142820358276e-02 3.079057438299059868e-03 3.659411147236824036e-02 7.612668722867965698e-02 1.073284521698951721e-01 8.923945948481559753e-03 2.435535378754138947e-02 3.256981819868087769e-02 4.938470199704170227e-02 1.409503072500228882e-02 4.500121995806694031e-02 4.279532283544540405e-02 2.528304047882556915e-02 3.993457555770874023e-02 3.271875204518437386e-03 3.754153102636337280e-02 3.196795657277107239e-02 2.851258404552936554e-02 3.605225123465061188e-03 2.380257472395896912e-02 2.781989425420761108e-02 1.779392175376415253e-02 1.865922287106513977e-02 1.027537230402231216e-02 5.351771414279937744e-02 2.072287164628505707e-02 4.286981374025344849e-02 2.558934129774570465e-02 3.376203775405883789e-02 5.142091540619730949e-04 2.549564838409423828e-02 1.530972309410572052e-02 4.416067898273468018e-02 1.160846836864948273e-02 2.682426199316978455e-02 3.218277916312217712e-02 1.627244427800178528e-02 3.442784398794174194e-02 4.576529935002326965e-02 8.309514261782169342e-03 1.846256852149963379e-02 4.229726269841194153e-03 3.582148253917694092e-02 3.086827509105205536e-02 1.574381627142429352e-02 2.633001655340194702e-02 4.523314163088798523e-02 1.699111796915531158e-02 1.392194535583257675e-02 6.444710493087768555e-02 2.790563181042671204e-02 8.601682260632514954e-03 6.689782720059156418e-03 5.903099197894334793e-03 2.282087504863739014e-02 5.341520532965660095e-03 3.371924161911010742e-02 1.742939837276935577e-02 8.543357253074645996e-04 3.295680508017539978e-02 9.367358870804309845e-03 1.934349350631237030e-02 2.977197431027889252e-02 1.036778930574655533e-02 6.542066577821969986e-03 2.328660804778337479e-03 3.033741377294063568e-02 3.569383174180984497e-02 7.833735086023807526e-03 3.044276870787143707e-02 1.121912617236375809e-02 2.796614728868007660e-02 1.975643821060657501e-02
1.806169748306274414e-02 1.161437295377254486e-02 4.963142573833465576e-01 5.416853353381156921e-03 5.173025419935584068e-04 3.773482516407966614e-02 3.560028225183486938e-02 1.272537708282470703e-01 2.448397688567638397e-03 2.944882027804851532e-02 3.474462404847145081e-02 2.927448786795139313e-02 3.650672733783721924e-02 2.971853315830230713e-02 5.897975992411375046e-03 6.478751450777053833e-02 8.973295241594314575e-02 6.129723042249679565e-02 3.276669234037399292e-02 4.310430586338043213e-02 2.673085778951644897e-02 4.015433788299560547e-02 2.471506036818027496e-02 1.156805921345949173e-02 3.225502744317054749e-02 3.719727694988250732e-02 3.944870829582214355e-02 2.490058355033397675e-02 1.213285233825445175e-02 2.407725527882575989e-02 8.647958748042583466e-03 4.369110241532325745e-02 6.116850301623344421e-03 1.429314375855028629e-03 2.001029811799526215e-02 3.332987893372774124e-03 3.730238648131489754e-03 3.341636806726455688e-02 1.107543706893920898e-02 1.909719407558441162e-02 8.385388553142547607e-02 1.277126651257276535e-02 3.097604028880596161e-02 2.712565101683139801e-02 1.922065019607543945e-02 3.467359021306037903e-02 1.071225758641958237e-02 3.856926783919334412e-02 5.027851834893226624e-02 4.331243410706520081e-02 6.635863799601793289e-03 4.853842407464981079e-02 4.203058779239654541e-04 4.150405153632164001e-02 2.277608588337898254e-02 3.195919468998908997e-02 2.067885920405387878e-02 2.781729213893413544e-02 3.673816844820976257e-02 4.354449361562728882e-02 3.066170215606689453e-02 1.651037298142910004e-02 2.920365706086158752e-02 8.789946325123310089e-03 1.174373435787856579e-03 9.693787433207035065e-04 1.918565668165683746e-02 1.148370746523141861e-02 1.713648252189159393e-02 2.756715193390846252e-02 2.402261830866336823e-02 1.173704513348639011e-03 3.184469416737556458e-02 1.409016363322734833e-02 1.161711849272251129e-02 2.741770073771476746e-02 3.564811497926712036e-02 2.109150029718875885e-02 6.771375238895416260e-02 1.634846813976764679e-02 1.771136671304702759e-01 5.166276916861534119e-02 4.391514882445335388e-02 3.996520489454269409e-02 4.825851693749427795e-02 1.717084273695945740e-02 6.102378293871879578e-02 4.240929707884788513e-02 8.188320323824882507e-03 2.529461868107318878e-02 2.841671742498874664e-02 4.578236117959022522e-02 3.598410636186599731e-02 4.041277617216110229e-02 3.386637941002845764e-02 3.360708430409431458e-02 2.187762595713138580e-02 1.576976664364337921e-02 3.222588077187538147e-02 2.960154600441455841e-02 1.937150582671165466e-02 2.333758026361465454e-02 3.877734020352363586e-02 3.888170793652534485e-02 1.371040660887956619e-02 3.371144644916057587e-03 1.356658153235912323e-02 7.049882784485816956e-03 2.524159289896488190e-02 1.323988474905490875e-02 2.771532349288463593e-02 8.549766242504119873e-02 1.457483973354101181e-02 1.773389987647533417e-02 7.829138636589050293e-02 3.074914403259754181e-02
2.197587862610816956e-02 1.071954611688852310e-02 5.416853353381156921e-03 5.255209207534790039e-01 1.580138802528381348e-01 1.830448955297470093e-02 2.383575215935707092e-02 1.163556892424821854e-02 3.836369886994361877e-02 4.133589100092649460e-03 3.304054960608482361e-03 4.251956008374691010e-03 1.875515095889568329e-02 2.232279861345887184e-03 1.607191003859043121e-02 4.560928046703338623e-02 3.681611642241477966e-02 7.784807123243808746e-03 3.849694877862930298e-02 3.510250523686408997e-02 2.293473109602928162e-02 2.118133194744586945e-02 4.092567414045333862e-02 3.902309387922286987e-02 4.304452985525131226e-02 4.091383889317512512e-02 2.534777112305164337e-02 1.451947633177042007e-02 3.356147184967994690e-02 4.932808876037597656e-02 3.462262824177742004e-02 1.930350065231323242e-02 2.282415330410003662e-02 2.014317363500595093e-02 3.235139697790145874e-02 3.059554845094680786e-03 4.384872689843177795e-02 1.755667291581630707e-02 6.489574164152145386e-02 5.837083980441093445e-02 1.888936944305896759e-02 3.280818089842796326e-02 1.799364574253559113e-02 1.264897733926773071e-02 3.518831729888916016e-02 1.007985230535268784e-02 2.414051257073879242e-02 4.050214309245347977e-03 9.910088032484054565e-03 9.457984007894992828e-03 1.370097976177930832e-02 4.354730620980262756e-02 4.639215022325515747e-02 1.158469263464212418e-02 5.405527725815773010e-02 3.024296090006828308e-02 1.975204423069953918e-02 4.660548642277717590e-02 5.938167497515678406e-02 4.278745874762535095e-02 2.615819685161113739e-02 1.316191256046295166e-02 6.758835166692733765e-02 2.065086178481578827e-02 2.059148438274860382e-02 3.008204512298107147e-02 2.455267682671546936e-02 3.172540292143821716e-02 2.466770075261592865e-02 4.050410166382789612e-02 5.817039404064416885e-03 4.709869995713233948e-02 1.350446343421936035e-01 3.451342508196830750e-02 1.085140556097030640e-01 2.649008110165596008e-02 1.433592196553945541e-02 4.095886647701263428e-02 2.172086387872695923e-02 3.049893304705619812e-02 1.962931640446186066e-02 2.004155702888965607e-02 5.512475594878196716e-02 4.790091142058372498e-02 4.137492179870605469e-02 1.789952814579010010e-02 1.974920928478240967e-02 1.715557277202606201e-02 3.616904467344284058e-02 4.941484425216913223e-03 3.235092759132385254e-02 4.070501402020454407e-02 5.098098516464233398e-02 2.983559668064117432e-02 2.167072333395481110e-02 1.133560482412576675e-02 1.556261163204908371e-02 1.828318648040294647e-02 4.506781324744224548e-02 2.600736357271671295e-02 6.613078061491250992e-03 3.920298069715499878e-03 3.749100118875503540e-02 1.091279741376638412e-02 3.694240003824234009e-02 1.253979653120040894e-02 1.516787987202405930e-02 5.421587079763412476e-02 9.884146042168140411e-03 1.217171177268028259e-02 1.241262629628181458e-02 6.147757545113563538e-02 4.213185235857963562e-02 2.899299748241901398e-02 8.408589055761694908e-04 1.591671258211135864e-02
3.672583773732185364e-02 2.206914499402046204e-02 5.173025419935584068e-04 1.580138802528381348e-01 5.191374421119689941e-01 1.732707582414150238e-02 5.652771331369876862e-03 9.029366075992584229e-03 6.723552476614713669e-03 4.963016603142023087e-03 4.319902136921882629e-02 6.123816594481468201e-03 2.472171187400817871e-02 2.087392657995223999e-02 3.898254036903381348e-02 1.521106250584125519e-02 2.485014125704765320e-02 1.421677414327859879e-02 5.371713638305664062e-02 2.816616930067539215e-02 5.026989150792360306e-03 3.529194369912147522e-02 2.610799856483936310e-02 3.589691594243049622e-02 3.012236766517162323e-02 3.009763732552528381e-02 2.779949083924293518e-02 6.691414397209882736e-03 3.194003552198410034e-02 4.273376613855361938e-02 2.149808220565319061e-02 2.462375722825527191e-02 5.705753341317176819e-03 2.030522190034389496e-02 4.503522440791130066e-02 1.694509387016296387e-02 1.301157753914594650e-02 2.505126595497131348e-02 5.764435976743698120e-02 5.038857087492942810e-02 2.579092979431152344e-02 4.525111615657806396e-02 6.796216592192649841e-03 1.054055988788604736e-02 2.213305048644542694e-02 8.057658560574054718e-03 3.046592138707637787e-02 2.596988528966903687e-02 1.706795953214168549e-02 2.689744159579277039e-02 8.631126955151557922e-03 3.356500715017318726e-02 7.226731628179550171e-02 3.458551689982414246e-02 2.432393096387386322e-02 3.182517737150192261e-02 1.880651526153087616e-02 2.950367517769336700e-02 5.537365749478340149e-02 4.797838255763053894e-02 4.119162913411855698e-03 2.949909120798110962e-02 6.894803047180175781e-02 3.926709294319152832e-02 1.962596736848354340e-02 1.172692049294710159e-02 3.641985822468996048e-04 1.703388174064457417e-03 1.355929486453533173e-02 3.438710421323776245e-02 2.422235533595085144e-02 4.332443699240684509e-02 1.150259599089622498e-01 5.112973600625991821e-02 1.073104366660118103e-01 2.356603927910327911e-02 4.098785668611526489e-02 3.611021861433982849e-02 5.863667931407690048e-03 4.619302973151206970e-02 2.079111337661743164e-02 1.063355896621942520e-02 3.407770395278930664e-02 5.524113774299621582e-02 3.292885422706604004e-02 2.227087243227288127e-04 4.061456769704818726e-03 2.255425602197647095e-02 2.347021177411079407e-02 4.528004676103591919e-03 3.314508870244026184e-02 4.499656707048416138e-02 3.326277434825897217e-02 2.999807707965373993e-02 1.526956818997859955e-02 3.092925064265727997e-03 2.693321742117404938e-02 3.450370207428932190e-02 4.201481118798255920e-02 4.459110274910926819e-02 1.300208643078804016e-02 1.385625079274177551e-02 4.269920289516448975e-02 2.890219166874885559e-02 3.723461553454399109e-02 2.406398765742778778e-02 1.742309145629405975e-02 4.651790112257003784e-02 2.547933533787727356e-02 8.907967247068881989e-03 2.661348693072795868e-02 4.618920758366584778e-02 4.365353658795356750e-02 2.687242813408374786e-02 4.227014258503913879e-02 1.941899396479129791e-02
8.735218644142150879e-02 1.081109046936035156e-01 3.773482516407966614e-02 1.830448955297470093e-02 1.732707582414150238e-02 5.184497833251953125e-01 1.437534689903259277e-01 4.212315753102302551e-02 5.043618381023406982e-03 1.766981184482574463e-02 1.002014651894569397e-01 2.815116010606288910e-02 9.969011694192886353e-02 2.587026357650756836e-02 4.568348079919815063e-02 7.638324517756700516e-03 1.305973506532609463e-03 1.489348988980054855e-02 1.791361160576343536e-02 4.141540080308914185e-02 2.318555675446987152e-02 3.974056988954544067e-02 3.766749054193496704e-02 3.842263668775558472e-02 7.346855010837316513e-03 2.384830079972743988e-02 3.519435180351138115e-03 7.391961757093667984e-03 4.213823750615119934e-02 7.962153293192386627e-03 4.209124296903610229e-02 1.675991900265216827e-02 2.673053555190563202e-02 3.390147164463996887e-02 2.892358787357807159e-02 3.170778974890708923e-02 8.582273498177528381e-03 2.430751733481884003e-02 3.406897932291030884e-02 3.611084073781967163e-02 8.551894687116146088e-03 2.984412200748920441e-02 2.446050010621547699e-02 2.187600918114185333e-02 7.459828630089759827e-03 3.915264457464218140e-02 1.225923374295234680e-01 1.214602291584014893e-01 3.383378311991691589e-02 2.772761043161153793e-03 2.049791440367698669e-02 2.048877812922000885e-02 1.270393747836351395e-02 3.895214060321450233e-03 1.144441589713096619e-02 3.037831373512744904e-02 1.197026856243610382e-02 1.941714249551296234e-02 8.302158676087856293e-03 6.697136908769607544e-03 4.812123626470565796e-02 2.405923418700695038e-02 2.218555659055709839e-02 2.942249551415443420e-02 3.160565719008445740e-02 5.448678508400917053e-03 5.395740270614624023e-03 1.175251044332981110e-02 1.632100902497768402e-02 4.462682828307151794e-02 1.049419585615396500e-02 1.879150047898292542e-02 2.798243798315525055e-02 1.299879886209964752e-02 4.213883727788925171e-02 4.507969692349433899e-02 1.236370415426790714e-03 1.315427199006080627e-02 4.067004099488258362e-02 7.665056735277175903e-03 2.412304654717445374e-02 5.103690549731254578e-02 4.665555432438850403e-02 1.876670867204666138e-02 4.118988290429115295e-03 2.565186005085706711e-03 4.218811541795730591e-02 3.975848481059074402e-02 2.419715980067849159e-03 4.051951691508293152e-02 2.387903258204460144e-02 1.972917467355728149e-03 4.431197047233581543e-02 1.430648285895586014e-02 2.580038644373416901e-02 4.060522839426994324e-02 1.987421512603759766e-02 4.557016864418983459e-02 1.139417849481105804e-02 3.309629485011100769e-02 3.698964370414614677e-03 1.516184303909540176e-03 1.803584210574626923e-02 6.114530842751264572e-03 2.154576219618320465e-02 3.867964074015617371e-02 9.879954159259796143e-03 5.013847257941961288e-03 2.270157821476459503e-02 6.215733941644430161e-03 3.385854512453079224e-02 2.397639676928520203e-02 3.447925299406051636e-02 2.546429168432950974e-03 4.021227732300758362e-02 1.240143459290266037e-02
5.302239581942558289e-02 1.171070635318756104e-01 3.560028225183486938e-02 2.383575215935707092e-02 5.652771331369876862e-03 1.437534689903259277e-01 5.219410061836242676e-01 3.615448623895645142e-02 4.163911100476980209e-03 2.156290039420127869e-02 8.847191184759140015e-02 2.054136805236339569e-02 1.049162596464157104e-01 3.086188342422246933e-03 1.061656977981328964e-02 3.573104739189147949e-03 7.589520537294447422e-04 5.130534991621971130e-03 4.609394818544387817e-02 9.254849515855312347e-03 7.288482971489429474e-03 4.193833470344543457e-02 5.424853786826133728e-02 7.402509916573762894e-03 1.017291098833084106e-02 3.774870187044143677e-02 8.423303952440619469e-04 1.258687302470207214e-02 4.565383773297071457e-03 5.807651206851005554e-03 5.643370375037193298e-02 2.965418808162212372e-02 1.536270137876272202e-02 5.120833963155746460e-02 3.572462871670722961e-02 3.057679720222949982e-02 2.809260226786136627e-02 2.663423679769039154e-02 9.651275351643562317e-03 3.094132617115974426e-02 9.742413647472858429e-03 1.355056930333375931e-02 4.594655334949493408e-02 2.189776487648487091e-02 2.792486548423767090e-02 3.218697011470794678e-02 9.427227079868316650e-02 1.305275857448577881e-01 2.123863436281681061e-02 1.220760866999626160e-02 3.888772428035736084e-02 3.576921066269278526e-03 1.802193350158631802e-03 1.243794616311788559e-02 2.214447036385536194e-02 2.441053278744220734e-02 3.552659228444099426e-02 4.092391580343246460e-02 3.535786271095275879e-02 3.906166553497314453e-02 3.071902319788932800e-02 2.386256121098995209e-02 5.671330913901329041e-02 3.526801243424415588e-02 4.716776683926582336e-02 2.992172911763191223e-02 3.859342634677886963e-02 5.063736438751220703e-02 2.359235659241676331e-02 3.169574961066246033e-02 3.923136740922927856e-02 1.966990716755390167e-02 1.032256800681352615e-02 1.901973783969879150e-02 5.318855401128530502e-03 4.358550906181335449e-02 1.020669937133789062e-02 1.340128574520349503e-02 3.989980742335319519e-02 1.479352940805256367e-03 2.039818838238716125e-02 4.201806709170341492e-02 1.233938522636890411e-02 2.448582462966442108e-02 1.086277980357408524e-02 1.153860520571470261e-02 2.008567750453948975e-02 1.593500934541225433e-02 1.057553756982088089e-02 4.142249003052711487e-02 1.648360677063465118e-02 4.393136594444513321e-03 2.259249985218048096e-02 2.212356030941009521e-02 2.482849732041358948e-02 4.029328748583793640e-02 4.510086029767990112e-02 3.192722052335739136e-02 6.708305794745683670e-03 5.030218511819839478e-02 6.089787464588880539e-03 2.020352520048618317e-02 1.781517080962657928e-02 3.850101027637720108e-03 2.874411456286907196e-02 3.900228440761566162e-02 8.902225643396377563e-03 2.807503193616867065e-02 2.502882480621337891e-02 4.788176622241735458e-03 2.374379150569438934e-02 3.686101641505956650e-03 9.933498688042163849e-03 1.611824147403240204e-02 2.976172044873237610e-02 4.132375121116638184e-02
3.265897929668426514e-02 2.442930638790130615e-02 1.272537708282470703e-01 1.163556892424821854e-02 9.029366075992584229e-03 4.212315753102302551e-02 3.615448623895645142e-02 5.119853615760803223e-01 2.672885730862617493e-02 2.035070024430751801e-02 4.236464202404022217e-02 3.284712880849838257e-02 4.345174878835678101e-02 2.457096241414546967e-02 5.349302664399147034e-02 2.072805352509021759e-02 5.687884613871574402e-02 1.914759725332260132e-02 6.503402441740036011e-02 1.456990186125040054e-02 2.037124894559383392e-02 1.109754084609448910e-03 3.279143199324607849e-02 5.308871716260910034e-02 8.093082346022129059e-03 6.523106247186660767e-03 1.665186602622270584e-03 3.845361992716789246e-02 4.241138696670532227e-02 1.194528583437204361e-02 2.468551136553287506e-02 6.468366086483001709e-02 4.545635730028152466e-02 4.852718859910964966e-02 3.459807485342025757e-02 3.729234915226697922e-03 1.232957933098077774e-02 2.673215046525001526e-02 5.243269354104995728e-02 3.949748352169990540e-02 5.198480561375617981e-02 1.719440333545207977e-02 2.383086830377578735e-02 4.717481881380081177e-02 2.760879322886466980e-02 3.165591135621070862e-02 5.821839906275272369e-03 2.905112877488136292e-02 9.654065594077110291e-03 3.001197241246700287e-02 1.380187459290027618e-02 3.638511896133422852e-02 2.207623422145843506e-02 3.217234043404459953e-03 9.616772644221782684e-03 3.675246238708496094e-02 2.482445444911718369e-03 1.069118827581405640e-02 1.095534674823284149e-02 1.188948936760425568e-02 5.905580706894397736e-03 2.529839798808097839e-02 6.977465935051441193e-03 5.281953141093254089e-03 2.777345106005668640e-02 4.411419481039047241e-02 3.039374249055981636e-03 1.110080257058143616e-02 2.233952656388282776e-02 3.826161101460456848e-02 3.417036309838294983e-02 4.284203052520751953e-02 2.900730585679411888e-03 3.969504684209823608e-02 3.064844198524951935e-02 2.185787772759795189e-03 4.186251387000083923e-02 4.719009250402450562e-02 5.727586336433887482e-03 2.070824615657329559e-02 1.517281234264373779e-01 1.024363487958908081e-01 9.464073926210403442e-03 4.308009010856039822e-05 3.483159095048904419e-02 2.498481981456279755e-02 1.066553816199302673e-01 6.872303038835525513e-02 1.886229030787944794e-02 2.357479184865951538e-02 4.530999343842267990e-03 2.891174517571926117e-02 2.263777889311313629e-02 5.265015643090009689e-03 3.044104948639869690e-02 3.178323060274124146e-02 1.203994825482368469e-02 2.362875081598758698e-02 1.276671979576349258e-02 2.156005054712295532e-02 9.872095659375190735e-03 1.427671639248728752e-03 3.106000646948814392e-02 2.806022204458713531e-02 1.567243039608001709e-02 8.964969776570796967e-03 1.300010737031698227e-02 4.002714063972234726e-03 2.051407657563686371e-02 7.346307393163442612e-03 3.785519395023584366e-03 4.247055947780609131e-02 9.963412303477525711e-04 9.061626158654689789e-03 7.482536137104034424e-03 4.637514427304267883e-02
4.224009439349174500e-02 4.047827795147895813e-03 2.448397688567638397e-03 3.836369886994361877e-02 6.723552476614713669e-03 5.043618381023406982e-03 4.163911100476980209e-03 2.672885730862617493e-02 5.020310282707214355e-01 7.892102003097534180e-02 4.425203800201416016e-02 7.548982393927872181e-04 5.044171586632728577e-02 5.458549782633781433e-02 2.077153697609901428e-02 4.897203296422958374e-02 1.682545803487300873e-02 1.087721064686775208e-01 1.960740983486175537e-02 3.557455167174339294e-02 5.122252553701400757e-02 1.478775287978351116e-03 8.899272419512271881e-03 1.359208137728273869e-03 7.376407273113727570e-03 1.459195092320442200e-02 1.392245478928089142e-02 4.513927269726991653e-03 3.482444956898689270e-02 5.843327939510345459e-02 5.078334733843803406e-02 2.271996065974235535e-02 2.211017161607742310e-02 2.048089727759361267e-02 3.759627416729927063e-02 1.564581133425235748e-02 3.545381594449281693e-03 1.776951923966407776e-02 1.644951850175857544e-02 4.193366691470146179e-02 4.575510509312152863e-03 1.527241431176662445e-02 4.297807067632675171e-02 2.478498592972755432e-02 5.903694313019514084e-03 2.577830106019973755e-03 4.350289236754179001e-03 2.732983045279979706e-02 1.124442461878061295e-02 4.276682739146053791e-04 4.095536842942237854e-02 7.613241672515869141e-03 5.843409337103366852e-03 1.587255112826824188e-02 6.352866441011428833e-02 9.256724268198013306e-03 9.730992838740348816e-03 2.757772104814648628e-03 3.851005062460899353e-02 3.061712160706520081e-02 3.989554569125175476e-02 1.590324938297271729e-02 3.631718084216117859e-02 2.702625934034585953e-03 3.170689567923545837e-02 1.668385416269302368e-02 2.989120967686176300e-02 3.600807487964630127e-02 9.528327733278274536e-03 3.308102861046791077e-02 1.156195718795061111e-02 2.069677412509918213e-02 5.259365588426589966e-02 3.402956575155258179e-02 6.754533387720584869e-03 4.604709800332784653e-03 1.529605984687805176e-01 1.972000859677791595e-02 5.006410181522369385e-02 3.724591434001922607e-02 1.189858932048082352e-02 4.276707302778959274e-03 6.819936633110046387e-02 1.357305515557527542e-02 8.737564086914062500e-02 7.838041055947542191e-04 2.547771297395229340e-02 1.717591285705566406e-02 6.092341244220733643e-02 3.682847134768962860e-03 1.128522958606481552e-02 7.365343626588582993e-03 1.432530581951141357e-02 2.584017254412174225e-02 2.920125611126422882e-02 2.327354811131954193e-02 1.910398155450820923e-02 5.353175103664398193e-02 3.108819201588630676e-02 5.390815436840057373e-02 3.397510573267936707e-02 2.444162592291831970e-02 1.072664279490709305e-02 6.271583959460258484e-03 2.012513950467109680e-02 4.144406691193580627e-02 3.443583101034164429e-02 5.274083837866783142e-02 4.060923587530851364e-03 2.749508433043956757e-02 3.721897676587104797e-02 1.705279387533664703e-02 2.606765180826187134e-02 2.934050001204013824e-02 1.071146689355373383e-03 5.205333232879638672e-03
4.396853223443031311e-02 2.402808051556348801e-03 2.944882027804851532e-02 4.133589100092649460e-03 4.963016603142023087e-03 1.766981184482574463e-02 2.156290039420127869e-02 2.035070024430751801e-02 7.892102003097534180e-02 5.144765973091125488e-01 2.542381547391414642e-02 5.982426553964614868e-02 3.024221584200859070e-02 8.487817645072937012e-02 1.993664912879467010e-02 2.183401770889759064e-02 1.600728929042816162e-02 2.987351082265377045e-02 8.107453584671020508e-02 4.949880763888359070e-02 9.970776736736297607e-03 4.395930096507072449e-02 6.250970996916294098e-03 4.861587285995483398e-02 6.345737725496292114e-03 5.397494882345199585e-02 2.363189682364463806e-02 3.396194428205490112e-02 1.131694391369819641e-02 4.439153894782066345e-02 5.646111443638801575e-03 2.196831814944744110e-02 4.462454468011856079e-02 3.537519276142120361e-02 7.615847047418355942e-03 4.864208400249481201e-03 2.783664502203464508e-02 4.703191295266151428e-02 4.041328281164169312e-02 1.237692032009363174e-02 4.045839980244636536e-02 5.724093690514564514e-02 1.252439804375171661e-03 3.911320120096206665e-02 2.446835162118077278e-03 1.559789874590933323e-03 3.697348525747656822e-03 2.029197104275226593e-02 4.471101856324821711e-04 7.495361566543579102e-02 4.564984701573848724e-03 5.548423156142234802e-03 2.841230109333992004e-02 2.281739376485347748e-02 3.047860786318778992e-02 8.566314727067947388e-02 1.562074571847915649e-02 2.184451930224895477e-02 1.412805449217557907e-02 1.826707459986209869e-02 3.493419662117958069e-02 4.883174598217010498e-02 3.237572312355041504e-02 2.864717878401279449e-02 3.159907879307866096e-03 1.358680240809917450e-02 2.668085508048534393e-02 2.808885881677269936e-03 2.436164021492004395e-02 9.693465195596218109e-03 2.919464185833930969e-02 3.433195129036903381e-02 1.701043359935283661e-02 2.610659692436456680e-03 2.552958391606807709e-02 3.538310155272483826e-02 2.103434689342975616e-02 1.130126565694808960e-01 5.520495027303695679e-02 1.311995238065719604e-01 3.092294558882713318e-02 1.433652825653553009e-02 1.324595510959625244e-02 4.431000724434852600e-02 2.679763548076152802e-02 1.353000998497009277e-01 7.628261111676692963e-03 3.366149589419364929e-02 1.783550344407558441e-02 1.021533384919166565e-01 5.498036369681358337e-02 1.215465925633907318e-02 2.730908617377281189e-02 4.477981105446815491e-02 4.859688505530357361e-02 2.316634543240070343e-02 3.521473705768585205e-02 4.710633680224418640e-02 2.690051123499870300e-02 2.429271861910820007e-02 3.725785762071609497e-02 8.956627920269966125e-03 1.479203719645738602e-02 3.267996013164520264e-02 3.094675764441490173e-02 2.729471959173679352e-02 2.385215647518634796e-02 7.303992751985788345e-03 1.382484752684831619e-02 2.894916012883186340e-02 8.280201815068721771e-03 3.368046507239341736e-02 3.210230916738510132e-02 2.041274867951869965e-02 2.562469802796840668e-03 3.963396418839693069e-03
1.431000381708145142e-01 1.341189593076705933e-01 3.474462404847145081e-02 3.304054960608482361e-03 4.319902136921882629e-02 1.002014651894569397e-01 8.847191184759140015e-02 4.236464202404022217e-02 4.425203800201416016e-02 2.542381547391414642e-02 5.192682743072509766e-01 1.445555314421653748e-02 1.747802793979644775e-01 3.017398156225681305e-02 2.722445316612720490e-02 2.671988680958747864e-02 2.517959475517272949e-02 2.906645648181438446e-03 4.256790131330490112e-02 3.598911571316421032e-04 3.897641226649284363e-02 2.017430029809474945e-02 1.041136961430311203e-02 3.234508261084556580e-02 2.626018226146697998e-02 4.861903563141822815e-02 1.269048545509576797e-02 4.088912159204483032e-02 2.307875547558069229e-03 1.454487815499305725e-02 4.611593484878540039e-02 3.685751929879188538e-02 2.338466048240661621e-02 3.497305884957313538e-02 1.617720909416675568e-02 3.080121986567974091e-02 3.265864029526710510e-02 3.183320537209510803e-02 1.818922162055969238e-02 2.946754358708858490e-02 3.841162472963333130e-02 1.956682652235031128e-03 1.829377003014087677e-02 1.892259716987609863e-02 3.117008134722709656e-02 6.435038521885871887e-03 1.014414578676223755e-01 1.074906960129737854e-01 4.728015512228012085e-02 3.219942096620798111e-03 2.096000686287879944e-02 2.852235734462738037e-02 4.137015715241432190e-02 4.504413530230522156e-02 7.942123338580131531e-03 2.899292483925819397e-02 1.122451666742563248e-02 8.436921983957290649e-03 4.377043247222900391e-02 3.348074108362197876e-02 4.438916593790054321e-02 9.340122778667137027e-05 2.168807946145534515e-02 1.123431324958801270e-02 4.322008043527603149e-02 4.848307371139526367e-02 3.341181948781013489e-02 3.114095423370599747e-03 3.516488149762153625e-02 1.577691361308097839e-02 3.951448947191238403e-02 3.023290308192372322e-03 1.057327166199684143e-02 2.681607566773891449e-02 8.141183294355869293e-03 1.946518942713737488e-02 3.092529810965061188e-02 1.530900970101356506e-02 1.140601653605699539e-02 2.762833610177040100e-02 2.110443264245986938e-02 5.312704481184482574e-03 6.434890441596508026e-03 2.363270334899425507e-02 3.821586817502975464e-02 2.688432298600673676e-02 1.670364988967776299e-03 9.673697873950004578e-03 2.453451743349432945e-03 9.318320080637931824e-03 3.445266932249069214e-02 5.841409415006637573e-02 5.042002722620964050e-02 4.005276784300804138e-02 6.998225580900907516e-03 2.876966819167137146e-02 5.508991889655590057e-03 2.949691005051136017e-02 1.461110915988683701e-02 4.679388180375099182e-02 4.171241447329521179e-02 5.177035182714462280e-02 4.137054830789566040e-02 1.568901166319847107e-02 2.886006422340869904e-02 2.193235047161579132e-02 3.017331473529338837e-03 1.986778900027275085e-02 3.970694914460182190e-02 2.578687109053134918e-02 1.749538443982601166e-02 6.751615554094314575e-03 1.435216329991817474e-02 2.681263163685798645e-02 6.295693665742874146e-02 1.094285491853952408e-02
1.718563726171851158e-03 1.821044646203517914e-02 2.927448786795139313e-02 4.251956008374691010e-03 6.123816594481468201e-03 2.815116010606288910e-02 2.054136805236339569e-02 3.284712880849838257e-02 7.548982393927872181e-04 5.982426553964614868e-02 1.445555314421653748e-02 4.910953044891357422e-01 7.298098062165081501e-04 2.082208693027496338e-01 3.476202115416526794e-02 1.729194074869155884e-02 3.814110159873962402e-02 3.872301429510116577e-02 1.151467324234545231e-03 3.345579281449317932e-02 4.195187240839004517e-02 1.872335001826286316e-02 2.874221093952655792e-02 4.038957506418228149e-02 8.697859011590480804e-03 1.724494807422161102e-02 2.757570706307888031e-02 3.535474464297294617e-02 2.656963281333446503e-02 4.610526934266090393e-02 5.436236038804054260e-02 2.128749340772628784e-02 1.648943684995174408e-02 3.673677518963813782e-02 4.285729676485061646e-02 3.827635198831558228e-02 1.947510242462158203e-02 1.640266180038452148e-02 2.471645362675189972e-03 4.614216089248657227e-02 3.399057686328887939e-02 1.831137016415596008e-02 5.328628700226545334e-03 5.926359910517930984e-03 1.402600388973951340e-02 7.791113108396530151e-02 2.766580728348344564e-04 1.398327946662902832e-02 5.053489282727241516e-02 4.830394685268402100e-02 6.919603329151868820e-03 3.585060685873031616e-02 3.686342388391494751e-02 3.952705487608909607e-02 2.728638797998428345e-02 3.417536988854408264e-02 2.234238758683204651e-02 3.430023789405822754e-02 5.555766168981790543e-03 3.167498856782913208e-02 1.007555425167083740e-02 2.492883801460266113e-02 2.430478297173976898e-02 4.344938788563013077e-03 1.503221923485398293e-03 6.417117547243833542e-03 4.174904897809028625e-03 1.406761165708303452e-02 4.298535361886024475e-02 4.529251530766487122e-02 3.003594651818275452e-02 1.903771236538887024e-02 1.104116439819335938e-02 4.122986644506454468e-02 1.267616264522075653e-02 1.906286180019378662e-02 2.414228580892086029e-02 8.506830036640167236e-02 4.428821429610252380e-02 2.635073289275169373e-02 2.770703285932540894e-03 2.241823449730873108e-02 1.734162308275699615e-02 3.278386965394020081e-02 5.117290187627077103e-03 6.290260702371597290e-02 1.994991116225719452e-02 2.953928522765636444e-02 3.268821537494659424e-02 8.386425673961639404e-02 1.497007324360311031e-03 6.355558871291577816e-04 3.323081880807876587e-02 8.981825783848762512e-03 2.060404419898986816e-02 2.861207118257880211e-03 4.770292714238166809e-02 3.710802644491195679e-02 4.981913417577743530e-02 1.528636366128921509e-02 4.900260642170906067e-02 4.455793648958206177e-02 3.011469356715679169e-02 4.339642473496496677e-04 1.091517973691225052e-02 3.999133780598640442e-02 1.456536259502172470e-02 2.465622383169829845e-04 9.580546990036964417e-03 2.416389621794223785e-02 4.605830460786819458e-02 4.373145475983619690e-02 3.343356028199195862e-02 3.693442791700363159e-02 5.238282959908246994e-03 1.617912203073501587e-02
1.174403205513954163e-01 1.238209903240203857e-01 3.650672733783721924e-02 1.875515095889568329e-02 2.472171187400817871e-02 9.969011694192886353e-02 1.049162596464157104e-01 4.345174878835678101e-02 5.044171586632728577e-02 3.024221584200859070e-02 1.747802793979644775e-01 7.298098062165081501e-04 5.209222435951232910e-01 4.323409125208854675e-02 5.350878834724426270e-02 1.513769291341304779e-02 2.020243741571903229e-02 2.341607399284839630e-02 1.780099608004093170e-02 2.200588211417198181e-02 4.357645288109779358e-02 3.766945004463195801e-02 4.050938040018081665e-02 2.265455946326255798e-02 2.500720694661140442e-02 3.613320738077163696e-02 2.537881396710872650e-02 1.679077371954917908e-02 7.611099281348288059e-04 2.453767135739326477e-02 7.255908101797103882e-02 1.843962818384170532e-02 6.047502160072326660e-03 1.473121810704469681e-02 1.468461006879806519e-02 5.040718987584114075e-02 1.728403568267822266e-02 3.771132603287696838e-02 3.159589320421218872e-02 3.305881842970848083e-02 2.456725947558879852e-02 2.322445251047611237e-02 7.580094039440155029e-03 3.823294769972562790e-03 1.957360655069351196e-02 5.447537638247013092e-03 9.614064544439315796e-02 1.317010074853897095e-01 3.547278046607971191e-02 1.215355284512042999e-02 2.807390131056308746e-02 8.611472730990499258e-05 4.265607893466949463e-02 3.170671686530113220e-02 1.210476458072662354e-02 3.065583854913711548e-02 5.181516171433031559e-04 2.186211198568344116e-02 1.203198917210102081e-02 1.915680244565010071e-02 2.473036758601665497e-02 2.692547813057899475e-02 7.343019824475049973e-04 1.077540963888168335e-02 2.125992253422737122e-02 5.476594716310501099e-02 1.406590081751346588e-02 1.467909477651119232e-02 5.051374062895774841e-02 3.055123379454016685e-03 4.630602523684501648e-02 2.806303277611732483e-02 6.077744532376527786e-03 4.054193571209907532e-02 2.548659034073352814e-02 1.369282696396112442e-02 3.512243181467056274e-02 3.354768827557563782e-02 7.650503888726234436e-03 3.346421569585800171e-02 2.326399274170398712e-02 8.062325417995452881e-03 1.985662244260311127e-02 2.941320277750492096e-02 2.980933152139186859e-02 1.590073108673095703e-02 1.622267626225948334e-02 2.168981730937957764e-02 7.882034033536911011e-02 2.390692569315433502e-02 1.598081178963184357e-02 2.670634537935256958e-02 5.771023780107498169e-02 3.482254222035408020e-02 3.556438162922859192e-02 3.231933340430259705e-02 8.661961182951927185e-03 3.314479812979698181e-02 2.781303785741329193e-02 3.681362420320510864e-02 3.432643041014671326e-02 3.567451238632202148e-02 4.995187744498252869e-02 1.559173542773351073e-04 9.195849299430847168e-03 2.333521842956542969e-02 3.296618536114692688e-02 1.835379377007484436e-02 1.946167834103107452e-02 4.732026159763336182e-02 2.884154580533504486e-02 7.266768720000982285e-03 3.867396712303161621e-02 5.069444328546524048e-02 2.684999443590641022e-02 1.125289127230644226e-02
