5.077616572380065918e-01 1.774039566516876221e-01 1.093248650431632996e-02 1.304567512124776840e-02 1.870841160416603088e-02 6.289362162351608276e-02 9.031514823436737061e-02 6.275665014982223511e-03 3.234796598553657532e-02 1.436735223978757858e-02 9.744536131620407104e-02 3.568234667181968689e-02 6.421910971403121948e-02 1.244082022458314896e-02 2.101998217403888702e-02 1.633908599615097046e-02 1.657973788678646088e-02 4.383631795644760132e-02 3.840368241071701050e-02 1.460182294249534607e-02 5.200126394629478455e-02 4.774142801761627197e-02 5.752949416637420654e-02 2.428867481648921967e-02 6.571814883500337601e-03 2.196411974728107452e-02 2.903473190963268280e-02 2.982349600642919540e-03 4.817055538296699524e-02 1.925429562106728554e-03 1.190511137247085571e-02 1.363302767276763916e-02 3.439392521977424622e-02 1.392664387822151184e-02 3.314397856593132019e-02 1.596198766492307186e-03 2.661185571923851967e-04 1.003494765609502792e-02 5.137778352946043015e-03 4.605866968631744385e-02 4.067334160208702087e-02 5.837563425302505493e-03 1.371324900537729263e-02 2.328694052994251251e-02 3.061836212873458862e-02 7.006717473268508911e-02 4.305948689579963684e-02 4.021580517292022705e-02 3.705307096242904663e-02 4.997111484408378601e-02 3.973474726080894470e-02 1.554582267999649048e-02 2.125569805502891541e-02 4.104968532919883728e-02 2.612800896167755127e-02 2.511645108461380005e-02 4.357304424047470093e-03 1.913976971991360188e-03 1.478650234639644623e-02 4.507137089967727661e-02 3.771463036537170410e-02 2.738083712756633759e-02 4.117533937096595764e-02 2.556169778108596802e-02 6.196889653801918030e-02 2.616098336875438690e-02 2.975243376567959785e-03 2.410707622766494751e-02 1.707790978252887726e-02 7.135068299248814583e-04 4.822778701782226562e-02 7.734782062470912933e-03 7.545798551291227341e-03 4.143289104104042053e-02 1.966146565973758698e-02 2.393607981503009796e-02 9.318178519606590271e-03 3.000683709979057312e-02 2.740070223808288574e-02 6.596271693706512451e-02 3.166098520159721375e-02 3.262912482023239136e-02 3.313383832573890686e-02 8.369284681975841522e-03 3.015557304024696350e-02 2.105902181938290596e-03 5.509162787348031998e-03 1.171142887324094772e-02 2.731283381581306458e-02 1.019270345568656921e-02 2.350801043212413788e-02 1.911840215325355530e-02 1.560607831925153732e-02 2.769487723708152771e-02 2.358526550233364105e-02 2.562024258077144623e-02 3.182850033044815063e-02 3.180982172489166260e-02 1.291486620903015137e-02 2.837914787232875824e-02 2.931824512779712677e-02 3.511039912700653076e-02 1.658750697970390320e-02 2.935730293393135071e-02 3.551875799894332886e-02 3.592244535684585571e-02 4.715649038553237915e-02 2.494945749640464783e-02 2.547442167997360229e-02 3.932075633201748133e-04 3.470889292657375336e-03 2.925903163850307465e-02 1.319104898720979691e-02 4.402419086545705795e-03 2.427620347589254379e-03 4.125428944826126099e-02
1.774039566516876221e-01 5.049679875373840332e-01 3.673403337597846985e-02 1.593464054167270660e-02 2.815521880984306335e-02 2.542210370302200317e-02 9.527689218521118164e-02 3.254016861319541931e-02 2.596075646579265594e-02 3.071078285574913025e-02 1.255711466073989868e-01 4.886385798454284668e-02 1.213944777846336365e-01 1.849730685353279114e-02 2.134292153641581535e-03 1.600368879735469818e-02 4.169804602861404419e-02 4.510778561234474182e-02 2.319504693150520325e-02 1.099548419006168842e-03 6.342479586601257324e-02 4.560156166553497314e-02 4.374379292130470276e-02 1.343534421175718307e-02 1.178790908306837082e-02 2.733679115772247314e-02 2.894970355555415154e-03 8.987082168459892273e-03 3.159755840897560120e-02 1.777038676664233208e-03 3.895064443349838257e-02 1.698327995836734772e-02 3.507970273494720459e-02 1.544771064072847366e-02 1.007794588804244995e-02 5.714189726859331131e-03 1.251080166548490524e-02 2.663902705535292625e-03 2.218401432037353516e-02 3.211037069559097290e-02 5.198175087571144104e-02 2.813160978257656097e-02 1.127510797232389450e-02 2.784699574112892151e-02 1.726525835692882538e-02 4.534951969981193542e-02 2.356275916099548340e-02 4.326137155294418335e-02 1.956295780837535858e-02 3.720547631382942200e-02 2.051313780248165131e-02 6.564793642610311508e-03 1.608927361667156219e-02 2.849451638758182526e-02 5.660394206643104553e-03 4.446442425251007080e-02 2.174901962280273438e-02 7.131030317395925522e-03 2.133736573159694672e-02 4.117522016167640686e-02 4.066925123333930969e-02 1.509300339967012405e-02 3.031469881534576416e-02 3.104486130177974701e-02 5.600114539265632629e-02 5.271038040518760681e-02 4.035896272398531437e-04 3.112315200269222260e-02 5.334129557013511658e-03 1.863427646458148956e-02 3.908406570553779602e-02 2.525367029011249542e-02 4.737164825201034546e-03 6.199828814715147018e-03 2.795949205756187439e-02 2.449395321309566498e-02 5.024889949709177017e-03 2.378644794225692749e-02 4.251114651560783386e-02 7.402275502681732178e-02 1.645565789658576250e-04 3.948548808693885803e-02 3.500248491764068604e-02 1.082666125148534775e-02 1.754472218453884125e-02 1.154131721705198288e-02 4.738136194646358490e-04 2.048386447131633759e-02 3.836539387702941895e-02 6.517968606203794479e-03 6.125744897872209549e-03 2.757580019533634186e-02 2.601717598736286163e-02 3.741406276822090149e-02 2.534102834761142731e-02 8.794919587671756744e-03 1.912216842174530029e-02 1.075027603656053543e-02 1.546186208724975586e-02 4.117875546216964722e-02 3.699725493788719177e-02 2.663590759038925171e-02 2.128932438790798187e-02 2.038176730275154114e-02 3.687407076358795166e-02 1.606338843703269958e-02 3.896245360374450684e-02 2.156600169837474823e-02 3.191899880766868591e-02 1.723840460181236267e-02 5.431742407381534576e-03 2.172317728400230408e-02 2.303426526486873627e-02 8.550625294446945190e-03 4.587170667946338654e-03 4.537183791399002075e-02
1.093248650431632996e-02 3.673403337597846985e-02 4.915122985839843750e-01 2.209494262933731079e-02 5.524470470845699310e-03 1.176354009658098221e-02 1.396471727639436722e-02 1.455042362213134766e-01 1.512243505567312241e-02 1.006707176566123962e-02 2.260747738182544708e-02 2.563366666436195374e-02 3.098569624125957489e-02 3.356919065117835999e-02 6.479462236166000366e-02 1.798414438962936401e-02 1.171116158366203308e-02 1.661866717040538788e-02 3.733698278665542603e-02 3.660696744918823242e-02 4.220084846019744873e-02 2.758299000561237335e-02 3.726711496710777283e-03 2.317634969949722290e-02 8.274815976619720459e-03 2.345292828977108002e-02 3.477843850851058960e-02 2.173846773803234100e-02 1.104571111500263214e-02 6.554633844643831253e-03 2.352257631719112396e-02 3.274719417095184326e-02 1.974118687212467194e-02 7.872164249420166016e-03 2.392993308603763580e-02 2.058239281177520752e-02 3.602461144328117371e-02 6.147306039929389954e-02 1.659525558352470398e-02 3.775532171130180359e-02 2.934271469712257385e-02 8.849957957863807678e-03 1.245376840233802795e-02 8.514938503503799438e-02 2.714726142585277557e-02 3.520463034510612488e-02 7.506845518946647644e-03 1.767394877970218658e-02 1.534614339470863342e-02 2.970190905034542084e-02 5.983932316303253174e-02 2.565991878509521484e-02 2.909586951136589050e-02 3.754561766982078552e-02 3.289359807968139648e-02 8.903183043003082275e-03 3.316918155178427696e-03 3.302264027297496796e-03 2.365264482796192169e-02 4.219430685043334961e-02 3.495550528168678284e-02 4.546453803777694702e-02 3.067597188055515289e-02 7.871585898101329803e-03 1.245686132460832596e-02 3.252784535288810730e-02 6.150014698505401611e-03 4.509133577812463045e-04 9.474182501435279846e-03 2.344294078648090363e-02 3.680415824055671692e-02 3.704059123992919922e-02 3.178015723824501038e-02 1.186321314889937639e-04 1.352893933653831482e-02 8.891828358173370361e-03 4.353314638137817383e-02 2.970006316900253296e-02 3.020915947854518890e-02 3.974597156047821045e-02 2.097120285034179688e-01 2.156599760055541992e-01 2.563331834971904755e-02 3.282101824879646301e-02 1.737992279231548309e-02 1.290929038077592850e-02 3.970632329583168030e-02 1.083930730819702148e-01 5.046681314706802368e-02 7.866633124649524689e-03 5.788188893347978592e-03 3.570648375898599625e-03 1.650850847363471985e-02 3.492937982082366943e-02 3.256097808480262756e-02 2.690516877919435501e-03 8.750868961215019226e-03 1.064178161323070526e-02 1.497194822877645493e-02 1.680589094758033752e-02 7.487550377845764160e-03 1.308503281325101852e-02 3.245051950216293335e-02 2.902456559240818024e-03 2.397520840167999268e-02 1.395936962217092514e-02 1.683630794286727905e-02 2.703428640961647034e-02 2.379194460809230804e-02 3.052649274468421936e-02 2.106434851884841919e-02 4.032627493143081665e-02 1.128330733627080917e-02 2.830279991030693054e-02 2.552778832614421844e-02 1.633402705192565918e-02
1.304567512124776840e-02 1.593464054167270660e-02 2.209494262933731079e-02 5.263438820838928223e-01 7.126837968826293945e-02 2.217613346874713898e-02 1.644542254507541656e-02 4.053061828017234802e-02 3.657023981213569641e-02 1.672554947435855865e-02 4.485583305358886719e-02 4.460687935352325439e-02 4.990420117974281311e-02 2.841618098318576813e-02 1.089018397033214569e-02 7.245682645589113235e-03 2.539364155381917953e-03 5.677498877048492432e-02 3.868001326918601990e-02 2.302264980971813202e-02 4.499412328004837036e-02 1.982324523851275444e-03 1.165139675140380859e-02 4.656004603020846844e-04 6.006530299782752991e-02 6.273749470710754395e-02 1.699692010879516602e-02 4.440509527921676636e-02 2.755858749151229858e-02 3.466682508587837219e-02 1.428166311234235764e-02 1.877755112946033478e-02 3.150099888443946838e-02 7.880460470914840698e-03 2.965901978313922882e-02 3.688601031899452209e-02 4.773487895727157593e-02 4.640595614910125732e-02 3.889366611838340759e-02 4.301587864756584167e-02 1.561558432877063751e-02 5.955502856522798538e-03 2.108558826148509979e-02 1.686679944396018982e-02 1.951999589800834656e-02 1.644911826588213444e-03 4.536664858460426331e-02 3.551958873867988586e-02 6.016640458256006241e-03 7.891420274972915649e-03 5.693358834832906723e-03 5.515111144632101059e-03 6.775019224733114243e-03 1.028456445783376694e-02 9.451125748455524445e-03 3.816590830683708191e-02 1.511591114103794098e-02 2.236572466790676117e-02 2.490796521306037903e-02 2.115140482783317566e-02 6.054522469639778137e-02 2.146507427096366882e-02 2.699406631290912628e-02 5.004329606890678406e-02 2.648899331688880920e-02 5.209282506257295609e-03 2.497365511953830719e-02 3.027258627116680145e-02 8.467059582471847534e-03 3.668852383270859718e-03 1.322384830564260483e-02 7.975772954523563385e-03 6.473495066165924072e-02 4.826188087463378906e-02 5.582149699330329895e-02 3.559339046478271484e-02 1.264401245862245560e-02 4.400003701448440552e-02 1.052863243967294693e-02 2.166017889976501465e-02 2.006334625184535980e-02 3.333303704857826233e-02 4.229805991053581238e-02 2.564921043813228607e-02 1.272524148225784302e-02 3.495043888688087463e-02 2.759454585611820221e-02 3.465583920478820801e-02 3.398419171571731567e-02 1.627604849636554718e-02 3.159182146191596985e-02 2.553991274908185005e-03 1.273273676633834839e-02 1.175539288669824600e-02 1.935205049812793732e-02 8.784424862824380398e-04 1.392764411866664886e-02 3.326138108968734741e-02 3.086414188146591187e-02 1.652899384498596191e-02 1.447785273194313049e-02 2.536573447287082672e-02 9.105688892304897308e-03 5.131367128342390060e-03 4.568369593471288681e-03 2.160994894802570343e-02 3.053795173764228821e-02 1.443844754248857498e-02 2.429120801389217377e-02 6.558417808264493942e-03 8.109548944048583508e-04 2.766330493614077568e-03 4.012666177004575729e-04 1.416790671646595001e-02 1.351856533437967300e-02 1.001509930938482285e-02
1.870841160416603088e-02 2.815521880984306335e-02 5.524470470845699310e-03 7.126837968826293945e-02 5.228952765464782715e-01 4.537565633654594421e-02 3.532187268137931824e-02 1.348006445914506912e-02 3.099843300879001617e-02 2.735543623566627502e-02 2.606863342225551605e-02 2.353920415043830872e-02 4.257294908165931702e-02 1.438879873603582382e-02 2.601394429802894592e-02 6.546503282152116299e-04 6.404012441635131836e-03 6.129220128059387207e-02 4.773499816656112671e-02 2.303487062454223633e-02 3.054728545248508453e-02 3.181137377396225929e-03 3.485534805804491043e-03 8.196618407964706421e-03 6.117292866110801697e-02 6.492498517036437988e-02 2.236414235085248947e-03 3.764311969280242920e-02 4.324069246649742126e-02 2.242593839764595032e-02 3.274991363286972046e-02 2.602165937423706055e-02 3.731932118535041809e-02 1.377466693520545959e-02 3.662073239684104919e-02 2.529405243694782257e-02 4.970507323741912842e-02 4.887812584638595581e-02 4.815479740500450134e-02 4.934182763099670410e-02 7.108246907591819763e-03 6.534518208354711533e-03 2.178412675857543945e-02 3.212236566469073296e-03 1.569906435906887054e-02 6.658792961388826370e-03 2.649234235286712646e-02 3.025804087519645691e-02 2.035416764556430280e-05 2.384248748421669006e-02 4.477882292121648788e-03 2.514589345082640648e-03 1.176375779323279858e-03 9.379963390529155731e-03 5.792730487883090973e-03 4.140346124768257141e-02 2.897279150784015656e-02 2.097765216603875160e-03 2.155984193086624146e-02 1.823596656322479248e-02 5.642023682594299316e-02 2.890907600522041321e-02 2.033870667219161987e-02 5.366186425089836121e-02 1.949358172714710236e-02 9.015338495373725891e-03 2.410272322595119476e-02 2.165400609374046326e-02 2.389050833880901337e-02 2.670792676508426666e-02 9.314252994954586029e-03 1.651681214570999146e-02 5.584474280476570129e-02 2.868108078837394714e-02 5.030812323093414307e-02 4.204627871513366699e-02 9.185520932078361511e-03 2.935373969376087189e-02 2.469124738126993179e-03 1.139380154199898243e-03 6.634788005612790585e-04 4.291084408760070801e-02 4.227574169635772705e-02 3.148548677563667297e-02 8.425070904195308685e-03 1.376035343855619431e-02 2.298599295318126678e-02 1.486716978251934052e-02 1.929590478539466858e-02 1.487630140036344528e-02 3.564872592687606812e-02 4.886919166892766953e-03 1.720408350229263306e-02 8.960918639786541462e-04 4.332914948463439941e-03 9.011205285787582397e-03 3.916686400771141052e-02 2.356269583106040955e-02 2.701374515891075134e-02 8.258577436208724976e-03 2.235819026827812195e-02 1.093201152980327606e-02 2.829642593860626221e-02 1.479249726980924606e-02 3.729452146217226982e-03 2.333379164338111877e-02 3.784288093447685242e-02 1.562244445085525513e-02 1.751709170639514923e-02 2.915699221193790436e-02 2.298283390700817108e-03 7.404955569654703140e-03 1.894820830784738064e-03 1.691270433366298676e-02 1.079712621867656708e-02 1.450448762625455856e-03
6.289362162351608276e-02 2.542210370302200317e-02 1.176354009658098221e-02 2.217613346874713898e-02 4.537565633654594421e-02 5.082780718803405762e-01 1.691468805074691772e-01 1.924646086990833282e-02 4.405789822340011597e-02 4.447326064109802246e-02 2.160453982651233673e-02 1.111896261572837830e-01 4.787741694599390030e-03 7.305765151977539062e-02 7.848669774830341339e-03 3.501385450363159180e-02 4.641070961952209473e-02 3.150516375899314880e-02 3.113396279513835907e-02 2.603096328675746918e-02 8.099987171590328217e-03 3.489451855421066284e-02 8.991352515295147896e-04 3.453773632645606995e-02 8.398068137466907501e-03 1.725489739328622818e-03 1.821313984692096710e-02 4.622722044587135315e-02 5.815209820866584778e-02 4.004361480474472046e-02 1.965340413153171539e-02 4.489343240857124329e-02 4.502281546592712402e-02 2.958256984129548073e-03 2.307428233325481415e-02 2.662115357816219330e-02 4.897897131741046906e-03 2.661994099617004395e-02 4.838888067752122879e-03 4.129684343934059143e-02 5.387697741389274597e-02 9.555095457471907139e-04 2.114693075418472290e-02 3.293618559837341309e-02 3.068256378173828125e-02 4.522083327174186707e-02 1.603378951549530029e-01 6.985665112733840942e-02 1.038820575922727585e-02 3.432907909154891968e-02 3.246300294995307922e-02 5.066943168640136719e-02 9.947337210178375244e-03 2.024652995169162750e-02 8.423947729170322418e-03 3.262115642428398132e-02 5.189899820834398270e-03 1.872879639267921448e-02 2.902175672352313995e-02 1.517882850021123886e-02 1.695301569998264313e-02 3.335874155163764954e-02 1.045340788550674915e-03 3.150140866637229919e-02 1.386430114507675171e-02 3.564080968499183655e-02 2.859705593436956406e-03 1.359132956713438034e-02 2.832710742950439453e-02 2.918235585093498230e-02 1.834769733250141144e-02 2.690955810248851776e-02 2.037238329648971558e-02 1.063484232872724533e-02 1.292010396718978882e-02 9.409463033080101013e-03 3.357578068971633911e-02 6.109105795621871948e-02 2.299308031797409058e-02 7.168316841125488281e-02 1.062970608472824097e-02 2.158370614051818848e-02 2.038211748003959656e-02 3.876458853483200073e-02 4.675079882144927979e-02 2.272893860936164856e-02 4.400958493351936340e-02 1.587970927357673645e-02 3.205730020999908447e-02 2.307540364563465118e-02 3.337319567799568176e-02 5.326318740844726562e-02 1.280151773244142532e-02 5.272082984447479248e-02 1.989329420030117035e-02 4.130950197577476501e-02 1.615755073726177216e-02 4.736092686653137207e-02 1.210880093276500702e-02 2.457096241414546967e-02 4.242988675832748413e-02 2.250270545482635498e-02 1.929663866758346558e-02 3.799210861325263977e-02 4.103592410683631897e-02 4.303815588355064392e-02 1.837842352688312531e-02 9.764862246811389923e-03 5.392215214669704437e-03 5.811863113194704056e-03 3.793659806251525879e-02 4.265835043042898178e-03 3.950404003262519836e-02 2.036844938993453979e-02 4.237850382924079895e-02 1.349312439560890198e-02
9.031514823436737061e-02 9.527689218521118164e-02 1.396471727639436722e-02 1.644542254507541656e-02 3.532187268137931824e-02 1.691468805074691772e-01 5.100764036178588867e-01 7.835859432816505432e-03 2.167743630707263947e-02 2.386540547013282776e-02 6.866686791181564331e-02 3.685574606060981750e-02 3.956198692321777344e-02 2.104274369776248932e-02 3.098096139729022980e-02 2.952373772859573364e-02 4.434067755937576294e-02 3.255273401737213135e-02 2.630780264735221863e-02 3.021064400672912598e-02 2.055638656020164490e-02 4.048322513699531555e-02 1.316492795012891293e-03 1.179774291813373566e-02 4.755587782710790634e-03 2.126210182905197144e-02 3.065710701048374176e-02 2.289190888404846191e-03 3.970509767532348633e-02 1.363177597522735596e-02 1.552568841725587845e-02 4.647103697061538696e-02 3.743872418999671936e-02 3.134928410872817039e-03 4.136082530021667480e-02 3.142735734581947327e-02 1.338123064488172531e-02 2.689444646239280701e-02 7.517785765230655670e-03 4.026811569929122925e-02 3.361213579773902893e-02 3.991744294762611389e-02 1.232742890715599060e-02 3.361206036061048508e-03 4.396620765328407288e-02 7.524231914430856705e-03 1.578246057033538818e-01 1.311561465263366699e-01 4.268740862607955933e-02 1.530218869447708130e-03 3.095305897295475006e-02 4.252748563885688782e-02 4.614237323403358459e-02 1.132085081189870834e-02 2.035110257565975189e-02 2.455017529428005219e-02 1.589759252965450287e-02 1.922321878373622894e-02 4.092165455222129822e-02 2.678251452744007111e-02 3.365445137023925781e-02 2.087892591953277588e-02 2.656416222453117371e-02 3.257318958640098572e-02 2.948923734948039055e-03 3.692449629306793213e-02 3.252791706472635269e-03 3.246080875396728516e-02 1.911779493093490601e-02 4.428821429610252380e-02 1.444680243730545044e-02 1.590881124138832092e-02 2.208277583122253418e-02 2.831931784749031067e-02 1.522774458862841129e-03 4.277899861335754395e-02 2.388063445687294006e-02 1.793131418526172638e-02 1.467580674216151237e-03 5.061859637498855591e-02 3.167535737156867981e-02 2.398036606609821320e-02 4.791914671659469604e-02 2.705076523125171661e-02 3.318428248167037964e-02 3.890801593661308289e-02 1.943513192236423492e-02 1.490348111838102341e-02 1.174651551991701126e-03 4.217482730746269226e-02 4.632935300469398499e-02 3.196728974580764771e-02 7.862534373998641968e-02 5.060563236474990845e-02 2.673163253348320723e-04 3.585157170891761780e-02 2.865187823772430420e-02 1.130453124642372131e-02 4.042615368962287903e-02 2.787839435040950775e-02 3.954718634486198425e-02 1.446752808988094330e-03 7.960659451782703400e-03 1.664379425346851349e-02 3.244794160127639771e-02 1.640734262764453888e-02 3.884405270218849182e-02 2.674175053834915161e-02 1.822440698742866516e-02 4.831789433956146240e-02 1.151973754167556763e-02 4.340467229485511780e-02 2.913204394280910492e-02 1.930593699216842651e-02 2.569765411317348480e-02 2.033255808055400848e-02
6.275665014982223511e-03 3.254016861319541931e-02 1.455042362213134766e-01 4.053061828017234802e-02 1.348006445914506912e-02 1.924646086990833282e-02 7.835859432816505432e-03 4.844631552696228027e-01 3.628452122211456299e-02 3.247907012701034546e-02 1.674144528806209564e-02 2.247510105371475220e-02 2.594400011003017426e-02 2.708274312317371368e-02 3.272701799869537354e-02 1.385173015296459198e-02 1.315905619412660599e-02 4.255615547299385071e-02 4.477532580494880676e-02 4.081224650144577026e-02 2.816464751958847046e-02 2.588403411209583282e-02 1.832860871218144894e-03 1.194739155471324921e-02 6.985067157074809074e-04 5.764924455434083939e-03 2.677546814084053040e-02 4.172660410404205322e-02 1.766135916113853455e-02 1.460039149969816208e-02 3.086223080754280090e-02 1.120884669944643974e-03 3.646535053849220276e-02 2.043489180505275726e-02 4.364078119397163391e-02 4.877506941556930542e-02 6.812989711761474609e-02 4.283760115504264832e-02 3.955980017781257629e-02 5.587665364146232605e-03 1.150518283247947693e-02 3.449091687798500061e-02 4.044210910797119141e-02 4.537127912044525146e-02 1.925287954509258270e-02 3.739133104681968689e-02 1.190109457820653915e-02 1.623367890715599060e-02 2.349596284329891205e-02 2.274481579661369324e-02 7.907101511955261230e-02 7.141765952110290527e-02 5.272489041090011597e-02 1.749747060239315033e-02 2.248391881585121155e-02 2.510667033493518829e-02 2.127667888998985291e-02 2.093176543712615967e-02 4.850962199270725250e-03 3.521165251731872559e-02 3.933847695589065552e-02 4.581832885742187500e-02 1.480050664395093918e-02 2.526631951332092285e-02 1.720571890473365784e-02 3.356481716036796570e-02 9.904004633426666260e-03 1.423813775181770325e-02 3.007755242288112640e-02 1.764964126050472260e-02 3.072077780961990356e-02 8.803941309452056885e-03 2.756216935813426971e-02 3.932103887200355530e-02 1.684689894318580627e-02 5.545445159077644348e-02 2.308883890509605408e-02 3.405948355793952942e-02 2.219144254922866821e-02 3.009339608252048492e-02 1.451159417629241943e-01 9.670345485210418701e-02 2.992201410233974457e-02 4.090756550431251526e-02 3.301054611802101135e-02 1.012870296835899353e-02 2.388416603207588196e-02 2.420860528945922852e-02 9.933424182236194611e-03 4.406749829649925232e-02 3.141668811440467834e-02 2.090070396661758423e-02 3.215534612536430359e-02 1.202289201319217682e-02 3.700868412852287292e-02 2.561742626130580902e-02 2.262381091713905334e-02 1.031186990439891815e-02 2.918611653149127960e-02 4.449021071195602417e-02 1.490609534084796906e-02 7.159695960581302643e-04 1.054312288761138916e-02 4.284359142184257507e-02 2.925731614232063293e-02 2.352849952876567841e-02 3.475866839289665222e-02 2.823584526777267456e-02 1.706777326762676239e-02 6.661455612629652023e-03 2.523036673665046692e-02 2.957154624164104462e-02 3.944418951869010925e-02 3.657244518399238586e-02 3.000382706522941589e-02 1.839384250342845917e-02
3.234796598553657532e-02 2.596075646579265594e-02 1.512243505567312241e-02 3.657023981213569641e-02 3.099843300879001617e-02 4.405789822340011597e-02 2.167743630707263947e-02 3.628452122211456299e-02 4.942822158336639404e-01 4.734211787581443787e-02 3.085528686642646790e-02 1.751546747982501984e-02 2.102727815508842468e-02 2.675166726112365723e-02 3.035940788686275482e-02 9.883540682494640350e-03 3.909884393215179443e-02 4.882004857063293457e-02 8.610081858932971954e-03 3.337001428008079529e-02 2.078923769295215607e-02 1.937804557383060455e-02 3.551672771573066711e-02 3.055678308010101318e-02 4.286802560091018677e-02 2.941264025866985321e-02 2.278649248182773590e-03 1.601264812052249908e-03 2.823121659457683563e-02 1.301130652427673340e-02 2.744398452341556549e-02 3.405476361513137817e-02 4.765495657920837402e-02 2.796041406691074371e-02 2.084396220743656158e-02 3.759234398603439331e-02 1.253945194184780121e-02 1.322985719889402390e-02 1.614693738520145416e-02 1.267472840845584869e-02 3.641137108206748962e-02 9.712280333042144775e-02 8.960471488535404205e-03 9.648420847952365875e-03 2.064581774175167084e-02 2.785306051373481750e-02 1.538451015949249268e-02 1.651391945779323578e-02 4.408533126115798950e-02 1.346390636172145605e-04 2.978569082915782928e-02 1.765790209174156189e-02 5.840369686484336853e-02 5.665456503629684448e-02 7.087377458810806274e-02 1.026334892958402634e-02 2.807945385575294495e-02 1.018438488245010376e-02 1.720916293561458588e-02 2.502334117889404297e-02 4.012209922075271606e-02 4.899388179183006287e-03 6.080248858779668808e-03 4.040411114692687988e-02 2.193487063050270081e-02 1.173419132828712463e-02 3.067506663501262665e-02 2.807439863681793213e-02 1.093367263674736023e-01 9.729464538395404816e-03 1.460474636405706406e-02 1.898043975234031677e-02 2.939262613654136658e-02 4.204038903117179871e-02 3.119316417723894119e-03 4.951069876551628113e-02 2.122324109077453613e-01 5.736493691802024841e-02 7.349774241447448730e-02 1.838825555751100183e-04 4.089533537626266479e-02 1.432096702046692371e-03 3.003983758389949799e-02 8.429434383288025856e-04 4.352672398090362549e-02 5.762959271669387817e-02 7.292076013982295990e-03 1.637581363320350647e-02 6.280936766415834427e-03 4.649762809276580811e-02 4.108026251196861267e-02 3.496479988098144531e-02 1.603154651820659637e-02 4.903675615787506104e-02 5.009139329195022583e-02 6.973442155867815018e-03 1.291528344154357910e-02 4.387284070253372192e-02 7.906357198953628540e-02 5.490203853696584702e-03 4.069176688790321350e-02 5.344239529222249985e-03 5.895599722862243652e-02 4.113275930285453796e-02 2.316294796764850616e-02 6.579238455742597580e-03 3.425523266196250916e-02 1.583908870816230774e-02 6.457049399614334106e-03 4.276878014206886292e-02 3.725272789597511292e-02 4.302488267421722412e-02 1.508586760610342026e-02 2.155907824635505676e-02 2.303593419492244720e-02 2.543263137340545654e-03
1.436735223978757858e-02 3.071078285574913025e-02 1.006707176566123962e-02 1.672554947435855865e-02 2.735543623566627502e-02 4.447326064109802246e-02 2.386540547013282776e-02 3.247907012701034546e-02 4.734211787581443787e-02 5.009531974792480469e-01 1.198957487940788269e-02 1.704277843236923218e-02 2.561381319537758827e-03 4.541656002402305603e-02 3.141378238797187805e-02 1.397213805466890335e-02 3.445572778582572937e-02 5.595175176858901978e-02 3.157651796936988831e-02 1.268379110842943192e-02 4.301349446177482605e-02 5.496671795845031738e-02 1.663328893482685089e-02 7.463865727186203003e-02 5.619015544652938843e-03 1.068183220922946930e-02 2.741700410842895508e-02 9.224826470017433167e-03 1.365048531442880630e-02 1.602305099368095398e-02 1.625782810151576996e-02 4.334960598498582840e-03 2.811632491648197174e-02 2.767577301710844040e-03 2.465246990323066711e-02 2.713181078433990479e-02 5.454703420400619507e-02 3.001054003834724426e-02 1.281447988003492355e-02 2.399593591690063477e-02 1.018628664314746857e-02 2.166838571429252625e-02 3.233176097273826599e-02 8.402375504374504089e-03 5.670076981186866760e-02 3.779901936650276184e-02 4.232252389192581177e-02 5.581821780651807785e-03 9.282603859901428223e-03 1.015287488698959351e-01 4.920301027595996857e-03 8.560618385672569275e-03 1.718375459313392639e-02 4.483732953667640686e-02 3.814197611063718796e-03 9.274619817733764648e-02 2.838032692670822144e-02 7.356245070695877075e-03 3.361310437321662903e-02 3.486775979399681091e-02 3.618910536170005798e-02 1.912463083863258362e-02 1.662557944655418396e-02 4.400393739342689514e-02 1.203415729105472565e-02 2.508451975882053375e-02 2.181987464427947998e-02 6.175661832094192505e-02 4.054026212543249130e-03 3.280938416719436646e-02 9.065061807632446289e-02 8.636358194053173065e-03 1.976767368614673615e-02 1.914182864129543304e-02 3.370911255478858948e-02 1.762254722416400909e-02 4.962938278913497925e-02 1.585398614406585693e-01 3.772071748971939087e-02 1.345556080341339111e-01 9.436230175197124481e-03 5.305848899297416210e-04 4.244831576943397522e-02 2.972469851374626160e-02 2.324311062693595886e-02 6.539723277091979980e-02 3.940160199999809265e-02 4.825774580240249634e-02 3.567133843898773193e-02 2.083582058548927307e-02 2.167943120002746582e-02 1.539763435721397400e-02 1.057497970759868622e-02 4.279092326760292053e-02 2.023994550108909607e-02 1.465634349733591080e-02 1.153352577239274979e-02 4.283847287297248840e-02 3.164328262209892273e-02 3.825450688600540161e-02 1.210683956742286682e-02 1.371904555708169937e-02 2.029714360833168030e-02 3.002962470054626465e-02 2.267439384013414383e-03 1.574682630598545074e-02 1.154873892664909363e-02 6.330963224172592163e-03 1.191656664013862610e-02 2.314864099025726318e-02 1.828817836940288544e-02 1.287134457379579544e-02 2.609787881374359131e-02 3.498822450637817383e-02 4.457662999629974365e-02 1.820048317313194275e-02
9.744536131620407104e-02 1.255711466073989868e-01 2.260747738182544708e-02 4.485583305358886719e-02 2.606863342225551605e-02 2.160453982651233673e-02 6.866686791181564331e-02 1.674144528806209564e-02 3.085528686642646790e-02 1.198957487940788269e-02 5.199400186538696289e-01 3.920860961079597473e-02 1.331139802932739258e-01 2.399709075689315796e-02 2.381158247590065002e-02 1.681533642113208771e-02 4.627386853098869324e-02 7.255152013385668397e-05 4.776060581207275391e-03 3.130710916593670845e-03 5.406409502029418945e-02 5.932813137769699097e-02 4.228749871253967285e-02 4.444389417767524719e-02 5.995091632939875126e-04 1.610588468611240387e-02 3.801747038960456848e-02 1.694574207067489624e-02 4.735117778182029724e-02 1.839214703068137169e-03 5.067753791809082031e-02 2.575865574181079865e-02 4.175673797726631165e-02 2.673719450831413269e-02 2.227643877267837524e-02 7.418082095682621002e-03 1.477351598441600800e-02 2.829894796013832092e-02 4.932811111211776733e-02 1.349889300763607025e-02 3.084274753928184509e-02 4.207914322614669800e-02 1.633728481829166412e-02 1.157753053121268749e-03 1.348731201142072678e-02 1.152375247329473495e-03 4.206509143114089966e-02 6.290782243013381958e-02 1.947521790862083435e-02 3.333523869514465332e-02 2.542953193187713623e-02 5.107137560844421387e-02 4.293171316385269165e-02 1.368893869221210480e-02 4.154540225863456726e-02 3.554179891943931580e-02 1.833949610590934753e-02 1.184604316949844360e-02 5.312906950712203979e-02 2.080076187849044800e-02 4.195636603981256485e-03 3.885477548465132713e-03 2.656760998070240021e-02 6.096604745835065842e-03 7.069178670644760132e-02 4.309254884719848633e-02 1.923417672514915466e-03 2.873618714511394501e-02 2.754055894911289215e-04 3.279612958431243896e-02 4.866175353527069092e-02 4.263872280716896057e-02 1.648510992527008057e-02 2.003224939107894897e-02 4.261228069663047791e-02 1.034457609057426453e-02 4.216798394918441772e-02 1.461905054748058319e-02 2.200799621641635895e-02 4.981177672743797302e-02 4.079397395253181458e-02 1.584529294632375240e-03 9.002459119074046612e-04 1.784254796802997589e-02 5.689298734068870544e-02 4.886121302843093872e-02 2.374957688152790070e-02 3.685329854488372803e-02 4.088829085230827332e-02 1.459758728742599487e-02 1.879507116973400116e-02 6.909536570310592651e-02 6.292788684368133545e-02 3.705435618758201599e-02 4.536987841129302979e-02 2.045778930187225342e-02 3.950821235775947571e-02 1.767621748149394989e-02 1.472883764654397964e-02 6.410160567611455917e-04 4.196423664689064026e-02 3.894661366939544678e-02 7.015470881015062332e-03 3.547712042927742004e-02 4.332928359508514404e-02 9.350320324301719666e-03 3.832781314849853516e-02 1.849400252103805542e-02 2.712907269597053528e-02 3.305528312921524048e-02 4.264301061630249023e-02 3.622659668326377869e-02 4.468929488211870193e-03 2.615864202380180359e-02 2.436514571309089661e-02 1.148126460611820221e-02
3.568234667181968689e-02 4.886385798454284668e-02 2.563366666436195374e-02 4.460687935352325439e-02 2.353920415043830872e-02 1.111896261572837830e-01 3.685574606060981750e-02 2.247510105371475220e-02 1.751546747982501984e-02 1.704277843236923218e-02 3.920860961079597473e-02 4.928664863109588623e-01 3.421442583203315735e-02 2.344590723514556885e-01 8.919178508222103119e-04 3.461354225873947144e-02 4.181149229407310486e-02 4.433457925915718079e-02 2.199495397508144379e-02 4.351577162742614746e-02 4.311258718371391296e-02 2.150024659931659698e-02 7.457580417394638062e-02 3.050456941127777100e-02 4.664510115981101990e-02 1.671934500336647034e-02 1.256726123392581940e-02 1.226735040545463562e-01 1.087965909391641617e-02 7.245314121246337891e-02 6.072585284709930420e-02 1.880246959626674652e-02 1.444719545543193817e-02 3.115144185721874237e-02 2.503838203847408295e-02 2.578583359718322754e-02 4.153101891279220581e-02 2.457002736628055573e-02 3.150726482272148132e-02 2.182189002633094788e-02 7.789354305714368820e-03 1.480839215219020844e-02 2.551378495991230011e-02 1.605817861855030060e-02 4.605643451213836670e-02 9.181742556393146515e-03 5.120272189378738403e-02 2.513748779892921448e-02 2.768188714981079102e-02 3.865382075309753418e-02 2.169752120971679688e-02 6.760633084923028946e-03 2.811960689723491669e-02 1.049715094268321991e-03 4.073809459805488586e-02 4.673982784152030945e-02 1.839032024145126343e-02 9.780198335647583008e-03 3.712130337953567505e-02 2.162755653262138367e-02 1.931031350977718830e-03 5.353198852390050888e-03 3.493186831474304199e-02 4.004056379199028015e-02 3.201220184564590454e-02 3.130575269460678101e-02 1.844790577888488770e-02 3.003093600273132324e-02 2.790034748613834381e-02 8.461426198482513428e-02 5.505753681063652039e-03 3.000884689390659332e-02 2.270218357443809509e-02 5.337892845273017883e-02 3.143400326371192932e-02 3.407334536314010620e-02 3.424335038289427757e-03 4.683661088347434998e-02 3.844755515456199646e-02 1.773888431489467621e-02 2.226693183183670044e-02 3.255759179592132568e-02 3.281123191118240356e-02 1.096708420664072037e-02 1.676603034138679504e-02 1.061020139604806900e-02 2.977985888719558716e-02 4.481124877929687500e-02 5.265028774738311768e-02 6.890425924211740494e-03 3.800672292709350586e-02 3.518386557698249817e-02 2.502403222024440765e-02 1.112605165690183640e-02 2.438673935830593109e-02 8.094927296042442322e-03 1.420167740434408188e-02 2.447804063558578491e-02 3.792397677898406982e-02 3.823396191000938416e-02 2.694767713546752930e-02 2.280040271580219269e-02 4.688539542257785797e-03 2.777175419032573700e-02 2.979011833667755127e-02 3.837713971734046936e-02 4.294768720865249634e-02 2.414680644869804382e-02 3.446597605943679810e-02 1.769096218049526215e-02 1.563289947807788849e-02 1.461344677954912186e-02 2.250768803060054779e-02 3.329638391733169556e-02 2.154663018882274628e-02 2.929846383631229401e-02
6.421910971403121948e-02 1.213944777846336365e-01 3.098569624125957489e-02 4.990420117974281311e-02 4.257294908165931702e-02 4.787741694599390030e-03 3.956198692321777344e-02 2.594400011003017426e-02 2.102727815508842468e-02 2.561381319537758827e-03 1.331139802932739258e-01 3.421442583203315735e-02 5.130041837692260742e-01 3.596512228250503540e-02 3.779862821102142334e-02 1.647227257490158081e-02 4.066814482212066650e-02 9.956942871212959290e-03 1.104406430386006832e-03 2.966238418594002724e-03 4.576960206031799316e-02 6.032430380582809448e-02 4.263839870691299438e-02 4.008054360747337341e-02 1.137863937765359879e-02 6.365903187543153763e-03 2.511680126190185547e-02 1.437055412679910660e-02 4.529946297407150269e-02 1.552196871489286423e-02 3.014285303652286530e-02 1.939591765403747559e-02 4.741885140538215637e-02 1.797414012253284454e-02 4.692219570279121399e-02 1.312275137752294540e-02 3.613616526126861572e-02 4.600435029715299606e-03 4.012301191687583923e-02 1.405288465321063995e-02 2.650836110115051270e-02 5.271765962243080139e-02 2.792842686176300049e-02 3.537670522928237915e-02 8.141568861901760101e-03 3.609328530728816986e-03 1.553829014301300049e-02 6.572788953781127930e-02 1.807611621916294098e-02 2.760252729058265686e-02 2.885325625538825989e-02 3.484666347503662109e-02 2.030346915125846863e-02 4.164849966764450073e-02 3.582521155476570129e-02 3.785181045532226562e-02 6.832937244325876236e-03 1.822346076369285583e-02 4.800082370638847351e-02 3.230874240398406982e-02 4.417759831994771957e-03 1.484843320213258266e-03 1.207467634230852127e-02 2.537161856889724731e-02 7.506079971790313721e-02 8.248186856508255005e-02 8.084904402494430542e-03 1.973542943596839905e-02 1.519107632339000702e-02 2.356482669711112976e-02 3.969139233231544495e-02 3.824988752603530884e-02 7.317001465708017349e-03 5.998336710035800934e-03 4.809680208563804626e-02 7.283649872988462448e-03 3.798358887434005737e-02 9.850961156189441681e-03 4.549282789230346680e-02 5.342607572674751282e-02 5.309621989727020264e-02 1.464773248881101608e-02 8.185809478163719177e-03 3.762831911444664001e-03 3.768943250179290771e-02 3.823885694146156311e-02 3.883922100067138672e-02 6.190429255366325378e-02 3.869884088635444641e-02 1.239544991403818130e-02 1.184043288230895996e-02 6.175439432263374329e-02 5.786540731787681580e-02 4.613631963729858398e-02 2.592431195080280304e-02 1.267649349756538868e-03 3.897555917501449585e-02 8.543444797396659851e-03 1.060491800308227539e-02 1.083831768482923508e-02 2.935131825506687164e-02 3.626337647438049316e-02 9.293098933994770050e-03 3.400108218193054199e-02 2.583884075284004211e-02 4.489710181951522827e-02 3.574993461370468140e-02 7.365650497376918793e-03 7.298946380615234375e-03 2.155937254428863525e-02 2.410235814750194550e-02 3.603261709213256836e-02 1.695379964075982571e-03 2.720076963305473328e-02 3.396856039762496948e-02 3.249672055244445801e-02
