4.759045541286468506e-01 1.734300106763839722e-01 1.922765374183654785e-02 7.351349107921123505e-03 3.456162055954337120e-03 8.388806134462356567e-02 8.683081716299057007e-02 2.016174793243408203e-02 1.643055491149425507e-02 3.165725246071815491e-02 1.202351152896881104e-01 4.896114766597747803e-02 1.157106012105941772e-01 2.437500283122062683e-02 3.204348310828208923e-02 2.896490693092346191e-02 2.508521080017089844e-02 1.989682950079441071e-02 1.007066294550895691e-02 4.485252127051353455e-02 1.337499939836561680e-03 2.171751670539379120e-02 3.267176821827888489e-02 4.563089460134506226e-02 4.152634367346763611e-02 1.910492032766342163e-02 7.636160589754581451e-03 4.005219414830207825e-02 6.663518399000167847e-02 3.180477395653724670e-02 5.488041043281555176e-02 2.484801923856139183e-03 7.683480158448219299e-03 2.267407625913619995e-02 2.422325685620307922e-02 1.572390459477901459e-02 2.668491564691066742e-02 8.348576724529266357e-03 3.977755457162857056e-02 3.375501185655593872e-02 3.408736735582351685e-02 2.520149759948253632e-02 1.205066964030265808e-02 1.955166459083557129e-02 3.324275091290473938e-02 1.548865996301174164e-02 8.682762831449508667e-02 7.454656809568405151e-02 3.728095442056655884e-02 1.870047301054000854e-02 1.368060708045959473e-02 9.967239573597908020e-03 3.650929313153028488e-03 3.356259316205978394e-02 3.357612341642379761e-02 6.714196503162384033e-02 4.703363403677940369e-02 3.679662570357322693e-02 1.596261747181415558e-02 2.960337791591882706e-03 3.622005507349967957e-02 1.874255388975143433e-02 1.512628793716430664e-02 4.119718912988901138e-03 3.851243760436773300e-03 1.178957708179950714e-02 3.895571455359458923e-02 2.041593007743358612e-02 2.673272043466567993e-02 2.100278250873088837e-02 4.599637817591428757e-03 1.451725605875253677e-02 4.516625776886940002e-04 4.563764110207557678e-02 2.981173992156982422e-02 2.123255468904972076e-02 3.976070508360862732e-02 7.068433333188295364e-03 3.497168049216270447e-02 8.990339934825897217e-03 3.023207746446132660e-02 5.035306885838508606e-02 3.738664835691452026e-02 1.827121479436755180e-03 1.294627785682678223e-02 1.315608061850070953e-02 1.194674521684646606e-02 1.668228767812252045e-02 4.071589559316635132e-03 3.502537310123443604e-02 9.078375995159149170e-02 3.183636069297790527e-02 9.148753434419631958e-02 1.401427667587995529e-02 1.360468473285436630e-02 2.781427279114723206e-02 3.472159802913665771e-02 4.971319064497947693e-02 3.751035034656524658e-02 3.453528508543968201e-02 3.897774592041969299e-02 2.310326817678287625e-04 2.632433921098709106e-02 2.070763148367404938e-02 3.033284284174442291e-02 2.250931970775127411e-02 4.833538830280303955e-02 3.177952021360397339e-02 1.280788425356149673e-02 2.971659041941165924e-02 2.144454605877399445e-02 6.091525778174400330e-03 4.092084243893623352e-02 3.385827317833900452e-02 2.584631787613034248e-03 3.726722300052642822e-02
1.734300106763839722e-01 4.767743647098541260e-01 4.473287612199783325e-02 2.050614915788173676e-02 1.548435352742671967e-02 4.059002548456192017e-02 8.907994627952575684e-02 3.544910624623298645e-02 4.829220124520361423e-04 1.814965344965457916e-02 8.499598503112792969e-02 1.174861099570989609e-02 1.114383041858673096e-01 1.900107972323894501e-02 4.284006729722023010e-02 2.964528650045394897e-02 4.236826673150062561e-02 1.195102836936712265e-02 5.027403682470321655e-02 1.612635212950408459e-03 3.961892332881689072e-03 2.843956463038921356e-02 3.638651221990585327e-02 4.333595931529998779e-02 7.995806634426116943e-03 2.336203586310148239e-03 2.652311930432915688e-03 1.723265461623668671e-02 7.273967564105987549e-02 3.187096863985061646e-02 7.087029516696929932e-02 4.413354769349098206e-02 3.326294943690299988e-02 2.109774015843868256e-02 3.615867719054222107e-02 3.735014935955405235e-03 3.619621694087982178e-02 2.186592109501361847e-02 3.375573456287384033e-02 7.695549633353948593e-03 3.191611170768737793e-02 5.052118748426437378e-02 2.037425991147756577e-03 4.438039660453796387e-02 2.415116032352671027e-04 2.261095121502876282e-02 8.074475079774856567e-02 6.669909507036209106e-02 1.260949391871690750e-02 1.515323761850595474e-02 2.167966216802597046e-02 1.274252682924270630e-02 3.212643321603536606e-03 4.375249892473220825e-02 3.242736309766769409e-02 4.583918675780296326e-02 4.128218442201614380e-02 4.163889586925506592e-02 3.638877766206860542e-03 6.171569693833589554e-03 3.716149553656578064e-02 7.056853733956813812e-03 3.831582888960838318e-02 4.223445802927017212e-02 1.661257259547710419e-02 3.899941220879554749e-02 3.917748574167490005e-03 6.220728391781449318e-04 4.435326904058456421e-02 1.011757832020521164e-02 1.638046652078628540e-02 1.888925768435001373e-02 2.726445905864238739e-02 4.197419434785842896e-02 3.703694790601730347e-02 1.515693496912717819e-02 3.063329681754112244e-02 2.147534117102622986e-02 6.028182432055473328e-02 2.815729007124900818e-02 3.145487979054450989e-02 2.348191291093826294e-02 1.047609932720661163e-02 3.710603341460227966e-02 3.486465290188789368e-02 9.420936112292110920e-04 4.721650108695030212e-02 2.340343594551086426e-02 3.598354756832122803e-02 4.142516478896141052e-02 9.667553752660751343e-02 5.084310099482536316e-02 1.169934719800949097e-01 2.562327682971954346e-02 6.758867297321557999e-03 7.796156685799360275e-03 5.052978545427322388e-02 4.893450438976287842e-02 4.523546248674392700e-02 3.170758113265037537e-02 1.268711499869823456e-02 1.716784201562404633e-02 4.003662243485450745e-02 2.161284908652305603e-02 2.610614709556102753e-02 1.247055921703577042e-02 1.879905723035335541e-02 3.960200771689414978e-02 5.287158768624067307e-03 9.208449162542819977e-03 1.050841715186834335e-02 1.465264707803726196e-02 1.029708329588174820e-02 1.494472287595272064e-02 1.139999181032180786e-02 5.109824240207672119e-02
1.922765374183654785e-02 4.473287612199783325e-02 4.345934689044952393e-01 2.180303260684013367e-02 1.991554535925388336e-02 1.857264549471437931e-03 1.145839598029851913e-02 4.362541064620018005e-02 2.616530284285545349e-02 1.503986958414316177e-02 3.383773937821388245e-02 1.971819251775741577e-02 1.423329766839742661e-02 3.534838557243347168e-02 5.453026667237281799e-02 3.551949933171272278e-02 3.626225516200065613e-02 2.017798274755477905e-02 4.479747731238603592e-03 4.887448996305465698e-02 4.432586580514907837e-02 1.084660273045301437e-02 2.071183733642101288e-02 4.556999728083610535e-02 3.489059582352638245e-02 2.179651148617267609e-02 4.138209670782089233e-02 7.095590233802795410e-02 2.822657581418752670e-03 3.732938691973686218e-02 3.073863871395587921e-02 3.242933657020330429e-03 3.504832088947296143e-02 3.090013377368450165e-02 2.512768283486366272e-02 3.407971188426017761e-02 4.160655662417411804e-02 4.726430401206016541e-03 3.493639081716537476e-02 3.057977743446826935e-02 1.238121534697711468e-03 2.357230894267559052e-02 4.347539693117141724e-02 2.847621031105518341e-02 1.314293872565031052e-02 2.326132543385028839e-02 3.560405597090721130e-02 1.354433782398700714e-02 1.130271051079034805e-02 4.384631291031837463e-02 1.825235038995742798e-02 3.399956226348876953e-02 2.608054317533969879e-03 2.713550068438053131e-02 1.526696421205997467e-02 3.174991160631179810e-02 1.437227521091699600e-02 6.143148615956306458e-02 5.254333466291427612e-02 1.604176685214042664e-02 4.068431258201599121e-02 3.469368815422058105e-02 3.632576763629913330e-02 2.780155651271343231e-02 3.670751675963401794e-02 3.430511057376861572e-02 2.287966199219226837e-02 2.295251190662384033e-02 3.453253209590911865e-02 3.994528949260711670e-02 3.695146739482879639e-02 3.707404434680938721e-02 2.652904950082302094e-02 3.664121730253100395e-03 2.215433167293667793e-03 2.703597024083137512e-02 4.294499382376670837e-02 5.448988173156976700e-03 3.454328980296850204e-03 4.569550044834613800e-03 1.277986764907836914e-01 8.217401057481765747e-02 2.904446981847286224e-02 3.290653601288795471e-02 2.894058823585510254e-02 2.425626106560230255e-02 1.301945373415946960e-02 1.066641416400671005e-02 3.437639400362968445e-02 7.889086380600929260e-03 1.840267702937126160e-02 5.256638675928115845e-02 3.728208690881729126e-02 3.773223236203193665e-02 1.122027914971113205e-02 1.017716620117425919e-02 2.039697766304016113e-02 2.058526687324047089e-02 4.785036668181419373e-03 1.907945424318313599e-02 4.634584486484527588e-02 3.078726865351200104e-02 6.030440703034400940e-02 5.803306587040424347e-03 4.322001338005065918e-02 4.967762529850006104e-02 2.409303560853004456e-02 3.621685132384300232e-02 9.070156142115592957e-03 2.879754640161991119e-02 1.471925992518663406e-02 2.377060614526271820e-02 1.949801482260227203e-02 3.089865669608116150e-02 8.494766056537628174e-02 5.000493675470352173e-02
7.351349107921123505e-03 2.050614915788173676e-02 2.180303260684013367e-02 4.544089734554290771e-01 1.504314690828323364e-01 3.466930985450744629e-02 4.071836918592453003e-02 2.268850617110729218e-02 4.679559171199798584e-02 5.350968241691589355e-02 9.270003996789455414e-03 2.577381767332553864e-02 8.605818729847669601e-04 1.373234950006008148e-02 8.375448174774646759e-03 1.840398088097572327e-02 9.880476631224155426e-03 5.531555507332086563e-03 1.839919574558734894e-02 4.457492846995592117e-03 8.974122814834117889e-03 3.608330339193344116e-02 3.541187569499015808e-02 2.555741928517818451e-02 9.466266259551048279e-03 1.829038257710635662e-03 1.324298512190580368e-02 3.357224538922309875e-02 4.398956894874572754e-02 3.113461099565029144e-02 1.625389442779123783e-03 1.656448282301425934e-02 3.290230408310890198e-02 1.755386218428611755e-02 2.608535997569561005e-02 2.160629071295261383e-02 1.339483726769685745e-02 2.060818718746304512e-03 6.028568022884428501e-04 3.109937161207199097e-02 2.678261697292327881e-02 9.516091085970401764e-04 7.721741683781147003e-03 4.712769016623497009e-02 5.256075039505958557e-02 1.213744189590215683e-02 4.446642845869064331e-02 2.683141827583312988e-02 1.573429815471172333e-02 4.106865823268890381e-02 2.943394472822546959e-03 3.356032818555831909e-02 8.942231535911560059e-03 2.873713523149490356e-02 3.501563146710395813e-02 7.986948825418949127e-03 2.355442941188812256e-02 1.952439546585083008e-02 4.200438782572746277e-02 3.770491108298301697e-02 3.321179002523422241e-02 3.134965198114514351e-03 9.454179555177688599e-03 2.323055267333984375e-02 2.582078427076339722e-02 2.957089804112911224e-02 2.304623601958155632e-03 2.482064301148056984e-03 3.494881093502044678e-02 2.984206192195415497e-02 2.091982588171958923e-02 1.344243297353386879e-03 1.380054056644439697e-01 9.884447790682315826e-03 1.344975233078002930e-01 1.078131725080311298e-03 3.416886925697326660e-02 6.183050200343132019e-02 2.554294280707836151e-02 3.515436127781867981e-02 3.912928700447082520e-02 3.624262660741806030e-02 6.773941218852996826e-02 4.120410978794097900e-02 1.712209358811378479e-02 5.425752326846122742e-02 4.556118696928024292e-02 3.308710083365440369e-02 2.144573442637920380e-02 8.265279233455657959e-02 5.816000979393720627e-03 4.102638363838195801e-02 1.859163492918014526e-02 8.565324358642101288e-03 4.016697406768798828e-03 4.439497832208871841e-03 5.109585076570510864e-02 3.022358939051628113e-02 2.914084307849407196e-02 1.520856190472841263e-02 4.091639071702957153e-02 6.443582940846681595e-03 5.832918453961610794e-03 5.295185744762420654e-02 1.913109421730041504e-02 2.195291407406330109e-02 3.473014011979103088e-02 2.252794988453388214e-02 7.572150323539972305e-03 3.392891958355903625e-02 3.408378735184669495e-02 3.688333556056022644e-02 1.142485998570919037e-02 4.232373461127281189e-02 2.183657325804233551e-02 2.045284211635589600e-02
3.456162055954337120e-03 1.548435352742671967e-02 1.991554535925388336e-02 1.504314690828323364e-01 4.684377014636993408e-01 5.364611861295998096e-04 1.631362177431583405e-02 1.258511282503604889e-02 1.356449816375970840e-02 2.594923786818981171e-02 1.529931090772151947e-02 2.295315824449062347e-02 9.117647074162960052e-03 3.276685625314712524e-02 4.230173304677009583e-02 1.427748985588550568e-02 5.764628946781158447e-02 3.716937452554702759e-02 1.625968143343925476e-02 1.553685590624809265e-02 3.177517652511596680e-02 4.893163591623306274e-02 5.596956983208656311e-02 7.054466754198074341e-03 3.315515071153640747e-02 5.416259914636611938e-02 5.457081645727157593e-02 4.253896325826644897e-02 3.465333208441734314e-02 2.789601311087608337e-02 2.852096036076545715e-02 9.665194898843765259e-03 2.412785589694976807e-02 2.734605409204959869e-02 4.275839030742645264e-02 4.615157842636108398e-02 3.058780543506145477e-02 2.438293956220149994e-02 9.344500303268432617e-02 1.125012561678886414e-01 2.432492375373840332e-02 3.078233683481812477e-03 1.804983802139759064e-02 8.454088121652603149e-02 2.832386828958988190e-02 2.090262249112129211e-02 4.744422435760498047e-02 3.160956129431724548e-02 5.467779003083705902e-03 3.220052272081375122e-02 6.285657640546560287e-03 3.827732056379318237e-02 3.644903376698493958e-02 3.147932887077331543e-02 1.098337117582559586e-02 3.063311427831649780e-02 2.032435126602649689e-02 1.410993747413158417e-02 6.130666472017765045e-03 6.314480304718017578e-02 5.326630920171737671e-02 4.326244071125984192e-02 4.788042232394218445e-02 3.512229397892951965e-02 3.268937394022941589e-02 1.001662202179431915e-02 3.033876232802867889e-02 2.691627293825149536e-02 4.714831244200468063e-03 1.279318239539861679e-02 4.589401930570602417e-02 9.527235291898250580e-03 1.113885194063186646e-01 4.599076882004737854e-02 1.733488887548446655e-01 4.393443837761878967e-02 4.112944006919860840e-02 1.536902319639921188e-02 3.050102293491363525e-02 2.293719211593270302e-03 1.348239276558160782e-02 3.154306113719940186e-02 2.432823553681373596e-02 1.229078229516744614e-02 2.412952110171318054e-02 1.453658379614353180e-02 4.629385471343994141e-02 1.829171180725097656e-02 8.791776373982429504e-03 3.714334964752197266e-02 4.892954602837562561e-02 2.238096296787261963e-02 5.866333842277526855e-03 2.788800746202468872e-03 4.692734777927398682e-02 3.382551670074462891e-02 4.554443061351776123e-03 2.278406545519828796e-02 5.096909776329994202e-02 3.948926180601119995e-02 5.027178209275007248e-03 5.241866037249565125e-02 3.295064345002174377e-02 2.693890035152435303e-02 5.038045346736907959e-02 9.726284042699262500e-05 4.950014501810073853e-02 2.551919594407081604e-02 2.924745436757802963e-03 2.086545899510383606e-02 3.078112145885825157e-03 6.637943442910909653e-03 2.852351032197475433e-02 3.004811704158782959e-02 2.691393531858921051e-02 1.767652481794357300e-02
8.388806134462356567e-02 4.059002548456192017e-02 1.857264549471437931e-03 3.466930985450744629e-02 5.364611861295998096e-04 4.619076550006866455e-01 1.338099092245101929e-01 4.753237590193748474e-02 4.828545078635215759e-02 3.113032551482319832e-03 6.707377731800079346e-03 6.166619062423706055e-02 2.097509056329727173e-02 2.313513122498989105e-02 9.251109324395656586e-03 3.374323993921279907e-02 2.067636139690876007e-02 4.867180064320564270e-02 1.083962619304656982e-02 1.838994445279240608e-03 2.450928092002868652e-03 2.625554613769054413e-02 4.826096445322036743e-02 2.848337218165397644e-02 2.994356490671634674e-02 1.345257088541984558e-02 8.328164927661418915e-03 4.746508970856666565e-02 5.871959403157234192e-02 8.710211142897605896e-03 6.699781119823455811e-02 2.999452408403158188e-03 1.700365683063864708e-03 1.717013306915760040e-02 3.315733745694160461e-02 4.522442072629928589e-02 2.122408151626586914e-02 1.719300635159015656e-02 3.255263715982437134e-02 2.515907585620880127e-02 3.180728852748870850e-02 1.298398058861494064e-02 2.125844731926918030e-02 5.217276886105537415e-02 4.808532819151878357e-02 3.228439763188362122e-02 1.461969465017318726e-01 9.619215875864028931e-02 1.558298338204622269e-02 2.647888101637363434e-02 7.155915256589651108e-03 1.222388632595539093e-02 5.301800090819597244e-03 3.275452554225921631e-02 3.365234006196260452e-03 1.455353293567895889e-02 1.936450600624084473e-02 3.881804645061492920e-02 2.910150401294231415e-02 4.817928373813629150e-02 4.064414277672767639e-02 7.768489420413970947e-03 4.868085496127605438e-03 2.189730294048786163e-02 3.609672188758850098e-02 4.248161986470222473e-02 2.857014536857604980e-03 1.805084943771362305e-02 3.133083507418632507e-02 8.399826474487781525e-03 3.583364188671112061e-02 2.522945590317249298e-02 1.410829089581966400e-02 2.408424951136112213e-02 9.121938492171466351e-04 2.927836962044239044e-03 2.655651792883872986e-02 2.205313555896282196e-02 5.712390318512916565e-02 2.981779910624027252e-02 2.570740692317485809e-02 1.866329275071620941e-02 1.022688671946525574e-02 1.007391791790723801e-02 4.635439813137054443e-02 6.604663096368312836e-03 1.927352277562022209e-03 1.851731538772583008e-02 1.440080907195806503e-02 4.229892790317535400e-02 5.969436094164848328e-02 2.390308678150177002e-02 4.651694372296333313e-02 9.822040796279907227e-03 1.008277200162410736e-02 2.137267403304576874e-02 1.208454463630914688e-02 2.402926608920097351e-02 3.316948562860488892e-02 3.523182868957519531e-02 1.998998224735260010e-02 4.032860044389963150e-03 2.011552825570106506e-02 3.373701870441436768e-02 4.839533939957618713e-02 4.355229611974209547e-04 4.257628694176673889e-02 3.654937818646430969e-02 2.729708701372146606e-02 8.757360279560089111e-03 5.161677300930023193e-02 5.327375605702400208e-02 2.471803873777389526e-02 3.217860311269760132e-02 2.295293472707271576e-02 5.131157115101814270e-03
8.683081716299057007e-02 8.907994627952575684e-02 1.145839598029851913e-02 4.071836918592453003e-02 1.631362177431583405e-02 1.338099092245101929e-01 4.754123389720916748e-01 4.466180503368377686e-02 2.205683849751949310e-03 3.413948044180870056e-02 4.638470709323883057e-03 1.299068890511989594e-02 3.428752720355987549e-02 4.977433709427714348e-04 2.973029576241970062e-02 3.168893977999687195e-02 2.206387557089328766e-02 1.978331804275512695e-02 8.185268379747867584e-03 7.563987281173467636e-03 1.424813270568847656e-02 2.182007580995559692e-02 3.331937594339251518e-03 1.417575590312480927e-02 5.783443152904510498e-02 1.927444338798522949e-02 7.833076640963554382e-03 2.353262156248092651e-02 5.031325295567512512e-02 1.191996224224567413e-02 5.820088461041450500e-02 6.084692431613802910e-04 4.128339141607284546e-02 1.053263153880834579e-02 1.934895664453506470e-02 1.633573905564844608e-03 1.843366213142871857e-02 4.500498250126838684e-02 4.504669457674026489e-02 4.152696579694747925e-02 4.317869246006011963e-02 7.729020901024341583e-03 2.470951899886131287e-02 2.005246095359325409e-02 4.378222301602363586e-02 1.535203680396080017e-02 1.090998649597167969e-01 1.075012162327766418e-01 5.276901647448539734e-02 1.819685334339737892e-03 3.664648160338401794e-02 6.202172115445137024e-02 3.389135375618934631e-02 4.124780744314193726e-02 2.865940891206264496e-02 2.016846463084220886e-02 4.474754631519317627e-02 4.526567086577415466e-02 1.934734173119068146e-02 4.767403379082679749e-02 5.867518018931150436e-03 1.624745130538940430e-02 2.013960666954517365e-02 8.020237088203430176e-03 4.937921836972236633e-02 2.462348714470863342e-02 4.018381237983703613e-03 1.688410155475139618e-02 3.169202432036399841e-02 1.861388562247157097e-03 3.914256021380424500e-02 1.477346569299697876e-02 2.368929982185363770e-02 4.597593843936920166e-02 6.921857711859047413e-04 1.830086112022399902e-02 2.604968358355108649e-05 1.606610603630542755e-02 4.305607639253139496e-03 2.312903758138418198e-03 8.061924017965793610e-03 1.577717810869216919e-02 2.312381006777286530e-02 4.076906014233827591e-03 3.684003651142120361e-02 4.585272818803787231e-02 2.127377502620220184e-02 4.291490092873573303e-02 3.031736612319946289e-02 4.861799255013465881e-02 8.208557963371276855e-02 1.697249012067914009e-03 1.001323536038398743e-01 3.112990595400333405e-02 1.696825958788394928e-02 3.690423071384429932e-02 2.732246741652488708e-02 1.124292612075805664e-02 1.077123568393290043e-03 9.000494144856929779e-03 4.016974940896034241e-02 2.410785108804702759e-02 2.717295661568641663e-02 2.259021997451782227e-02 1.522374805063009262e-02 1.992731727659702301e-02 4.818984493613243103e-02 1.931224204599857330e-02 3.828997723758220673e-03 7.949121645651757717e-04 1.311083603650331497e-02 9.690637700259685516e-03 2.990859560668468475e-02 1.344701740890741348e-02 2.655959874391555786e-02 5.563120823353528976e-03
2.016174793243408203e-02 3.544910624623298645e-02 4.362541064620018005e-02 2.268850617110729218e-02 1.258511282503604889e-02 4.753237590193748474e-02 4.466180503368377686e-02 4.586704671382904053e-01 3.461950272321701050e-02 3.862770274281501770e-02 6.315200030803680420e-02 2.594841271638870239e-02 5.913431942462921143e-02 1.280865352600812912e-02 1.913499236106872559e-01 1.021743752062320709e-02 7.310442160815000534e-03 2.689567953348159790e-02 8.057246450334787369e-04 5.689286626875400543e-04 1.107855141162872314e-02 2.311722561717033386e-02 2.665808238089084625e-02 3.998976200819015503e-02 3.329085931181907654e-02 1.624643988907337189e-02 3.947083838284015656e-03 3.404258564114570618e-02 2.215576358139514923e-02 3.657664870843291283e-03 3.613309562206268311e-02 4.294281825423240662e-02 1.535660470835864544e-03 2.084214426577091217e-02 5.362947937101125717e-03 1.014233846217393875e-02 5.912872776389122009e-02 3.566368296742439270e-02 6.230931729078292847e-03 3.232685150578618050e-03 3.581727668642997742e-02 4.114742577075958252e-02 4.127206280827522278e-02 3.424746170639991760e-02 4.135825112462043762e-02 3.158713877201080322e-02 2.852417156100273132e-02 3.333906829357147217e-02 4.258476570248603821e-02 4.737730696797370911e-02 1.355913095176219940e-02 3.478104248642921448e-02 2.022133395075798035e-02 6.717521697282791138e-02 1.973017863929271698e-02 1.036268149618990719e-04 8.833287283778190613e-03 4.219176247715950012e-02 3.481381013989448547e-02 6.063153594732284546e-02 7.665099576115608215e-03 3.345413878560066223e-02 5.681479349732398987e-02 7.090575993061065674e-02 3.156725689768791199e-02 1.707918569445610046e-02 1.533455029129981995e-02 1.826018653810024261e-02 9.810955263674259186e-03 2.191357314586639404e-02 1.821015961468219757e-02 1.765555329620838165e-02 4.879978671669960022e-02 1.836520619690418243e-02 2.371148020029067993e-02 3.458217903971672058e-02 3.899547085165977478e-02 3.468834608793258667e-02 2.948423288762569427e-02 5.560632329434156418e-03 1.022362336516380310e-01 3.337146341800689697e-02 2.073873579502105713e-02 1.907104253768920898e-02 1.073605380952358246e-02 3.297275677323341370e-02 2.009192258119583130e-01 3.313930332660675049e-02 3.744231164455413818e-02 3.474900871515274048e-02 1.762701012194156647e-02 1.776558160781860352e-02 3.508191183209419250e-02 1.769610121846199036e-02 3.652944788336753845e-02 3.886238113045692444e-02 1.807596534490585327e-02 1.376596279442310333e-02 3.867737948894500732e-02 3.525855019688606262e-02 5.147330835461616516e-02 1.927733607590198517e-02 4.245715215802192688e-02 4.517231136560440063e-02 1.704259589314460754e-02 4.841937497258186340e-02 3.283359855413436890e-02 6.083392724394798279e-02 4.075373709201812744e-02 1.616682508029043674e-03 2.297126455232501030e-03 6.486693397164344788e-03 1.295094937086105347e-02 1.230135746300220490e-02 3.396831452846527100e-02 2.245955355465412140e-02
1.643055491149425507e-02 4.829220124520361423e-04 2.616530284285545349e-02 4.679559171199798584e-02 1.356449816375970840e-02 4.828545078635215759e-02 2.205683849751949310e-03 3.461950272321701050e-02 4.556106030941009521e-01 2.287195995450019836e-02 4.209748283028602600e-02 1.436740625649690628e-02 1.012667734175920486e-02 2.277758345007896423e-02 2.997189946472644806e-02 2.628218941390514374e-02 4.011264443397521973e-02 8.544984459877014160e-02 3.949823230504989624e-02 1.445016078650951385e-02 2.977946400642395020e-02 9.710446931421756744e-03 2.755754860118031502e-03 1.112158596515655518e-02 1.588717568665742874e-03 4.477524384856224060e-02 6.468911189585924149e-03 4.203682020306587219e-02 1.551198074594140053e-03 1.098687201738357544e-02 2.871136926114559174e-02 2.652586251497268677e-02 4.068249464035034180e-02 2.449193038046360016e-02 3.525799885392189026e-02 3.121227212250232697e-02 3.811151161789894104e-02 8.794265449978411198e-04 5.959486588835716248e-02 6.674735248088836670e-02 2.551004849374294281e-02 5.200994014739990234e-02 3.680214518681168556e-03 3.434550389647483826e-02 1.364661846309900284e-02 1.848948933184146881e-02 8.575690910220146179e-03 1.132646203041076660e-02 6.266199797391891479e-02 2.561958506703376770e-02 2.068286202847957611e-02 2.397949807345867157e-02 1.871913298964500427e-02 4.927465692162513733e-02 5.768810957670211792e-02 1.746958121657371521e-02 1.671426813118159771e-03 4.650889709591865540e-02 3.289105603471398354e-03 3.113874047994613647e-02 1.366734690964221954e-02 2.127143554389476776e-03 1.381021086126565933e-02 1.504525076597929001e-02 5.893367528915405273e-02 5.908969324082136154e-04 2.416503988206386566e-02 4.804117139428853989e-03 4.215056076645851135e-02 1.186934951692819595e-02 7.769312243908643723e-03 1.204234827309846878e-02 2.074411511421203613e-02 2.852826006710529327e-02 3.014517575502395630e-02 5.325819551944732666e-02 1.206558197736740112e-01 4.640303179621696472e-02 4.926849156618118286e-02 5.881146993488073349e-03 3.175803646445274353e-02 1.006814837455749512e-02 5.315836891531944275e-02 2.628857456147670746e-02 4.650997743010520935e-02 4.863351210951805115e-02 7.351928390562534332e-03 3.323506563901901245e-02 5.733751505613327026e-02 3.695126995444297791e-02 1.273669488728046417e-02 2.441496960818767548e-02 9.138580411672592163e-03 6.044920068234205246e-03 1.117342896759510040e-02 3.210302069783210754e-02 5.711296107620000839e-03 2.337082847952842712e-02 2.616724371910095215e-02 7.755885366350412369e-03 4.629778861999511719e-02 5.944796279072761536e-02 4.767472855746746063e-03 5.188076198101043701e-02 9.286619024351239204e-05 3.319974988698959351e-02 5.472106859087944031e-02 4.696783050894737244e-02 2.006811834871768951e-02 6.631002761423587799e-04 6.101600360125303268e-03 9.345965459942817688e-03 2.506302371330093592e-05 1.574803143739700317e-02 5.225625634193420410e-02 2.376640029251575470e-02
3.165725246071815491e-02 1.814965344965457916e-02 1.503986958414316177e-02 5.350968241691589355e-02 2.594923786818981171e-02 3.113032551482319832e-03 3.413948044180870056e-02 3.862770274281501770e-02 2.287195995450019836e-02 4.769964516162872314e-01 2.573229931294918060e-02 1.439095288515090942e-02 5.003606900572776794e-02 1.488951407372951508e-02 7.549940142780542374e-03 1.282912772148847580e-02 2.005277201533317566e-03 1.728242076933383942e-02 6.471987813711166382e-02 4.145151376724243164e-02 1.015813741832971573e-02 5.038366466760635376e-02 1.759568788111209869e-02 2.982461452484130859e-02 1.361434068530797958e-02 2.556458674371242523e-02 3.097495250403881073e-02 1.985082030296325684e-02 9.854239178821444511e-04 2.738317241892218590e-03 2.860127575695514679e-02 5.434999242424964905e-02 3.926720842719078064e-02 3.640558337792754173e-03 1.388869807124137878e-02 5.202583968639373779e-02 3.073616325855255127e-02 4.646965861320495605e-02 2.773327380418777466e-02 5.575834214687347412e-02 5.358735471963882446e-02 2.483993582427501678e-02 6.388884782791137695e-02 3.377837315201759338e-02 4.629380069673061371e-03 6.868906319141387939e-02 1.605532318353652954e-02 4.915401712059974670e-02 1.558053400367498398e-02 9.080585837364196777e-02 1.468487177044153214e-02 3.525231964886188507e-03 3.680408000946044922e-02 3.328901901841163635e-02 1.316247228533029556e-02 6.113131716847419739e-02 2.824968472123146057e-02 1.758385635912418365e-02 2.105062641203403473e-02 2.935522235929965973e-02 3.330552205443382263e-02 3.429325530305504799e-03 1.772385463118553162e-02 6.280855741351842880e-03 1.342113874852657318e-02 3.424872457981109619e-02 4.970102384686470032e-02 2.604998834431171417e-02 1.591045968234539032e-02 2.999989502131938934e-02 2.347616292536258698e-02 2.108292840421199799e-02 1.350829564034938812e-02 1.651029800996184349e-03 3.641198948025703430e-02 4.104875400662422180e-02 2.062012627720832825e-02 9.845430403947830200e-02 6.659836508333683014e-03 7.493678480386734009e-02 2.634513936936855316e-02 5.814254283905029297e-03 2.189322561025619507e-02 6.890867650508880615e-02 6.152858585119247437e-02 5.393837764859199524e-02 5.278150737285614014e-02 8.372624404728412628e-03 2.701848931610584259e-02 4.876272380352020264e-02 6.674722768366336823e-03 1.092751417309045792e-02 2.554859593510627747e-02 9.694771841168403625e-03 2.747043408453464508e-02 3.108260221779346466e-02 7.306561339646577835e-03 2.322068624198436737e-02 2.654827898368239403e-03 5.451119970530271530e-03 1.783295907080173492e-02 1.640231721103191376e-02 5.524104833602905273e-02 2.423290163278579712e-02 3.883999213576316833e-02 1.560187991708517075e-02 2.267715334892272949e-02 2.609623037278652191e-02 6.641946732997894287e-03 1.252486021257936954e-03 4.930019751191139221e-02 6.020058877766132355e-03 2.147155319107696414e-04 6.456281989812850952e-03 9.263215586543083191e-03 2.963020280003547668e-02
1.202351152896881104e-01 8.499598503112792969e-02 3.383773937821388245e-02 9.270003996789455414e-03 1.529931090772151947e-02 6.707377731800079346e-03 4.638470709323883057e-03 6.315200030803680420e-02 4.209748283028602600e-02 2.573229931294918060e-02 4.540604352951049805e-01 1.196364965289831161e-02 1.976697891950607300e-01 3.357982262969017029e-02 1.061526760458946228e-01 4.896461218595504761e-02 3.514322638511657715e-02 2.005327679216861725e-02 3.975046053528785706e-02 3.747618198394775391e-02 4.678055702243000269e-04 8.164233714342117310e-02 3.116886503994464874e-02 3.498410806059837341e-02 1.163749489933252335e-02 1.502438262104988098e-02 4.394096508622169495e-02 1.654201559722423553e-02 6.797294318675994873e-02 4.374778643250465393e-02 2.674983441829681396e-02 2.237007021903991699e-02 3.535598516464233398e-02 3.795470297336578369e-02 1.811104640364646912e-02 5.203002598136663437e-03 4.643454030156135559e-02 7.570404559373855591e-03 2.196737565100193024e-02 1.459491252899169922e-02 7.069014012813568115e-03 3.483839705586433411e-02 8.439806289970874786e-03 3.260765969753265381e-02 5.721074528992176056e-03 3.466353192925453186e-02 1.097510196268558502e-02 1.736647635698318481e-02 4.791647661477327347e-03 4.188538715243339539e-02 4.205723234917968512e-04 4.308318346738815308e-02 3.123548999428749084e-02 5.162023473531007767e-03 3.516567638143897057e-03 2.929527312517166138e-02 7.947421632707118988e-03 3.277647867798805237e-02 3.585514053702354431e-02 2.894238755106925964e-02 3.233055770397186279e-02 1.549865677952766418e-02 2.361240983009338379e-02 2.316063083708286285e-02 2.771559637039899826e-03 3.696833178400993347e-02 3.583389148116111755e-02 9.376938454806804657e-03 4.435625672340393066e-02 4.250377416610717773e-02 3.601149097084999084e-02 4.454883933067321777e-02 3.958154097199440002e-02 8.455052971839904785e-03 2.145773172378540039e-02 1.798938377760350704e-03 4.687343910336494446e-02 8.449333719909191132e-03 1.418412383645772934e-02 1.011743675917387009e-02 4.166386649012565613e-02 2.471324987709522247e-02 1.060378644615411758e-02 1.935980399139225483e-03 1.693406701087951660e-02 1.811975426971912384e-02 8.068447560071945190e-02 4.963076487183570862e-02 2.214279957115650177e-02 3.776850551366806030e-02 1.083386479876935482e-03 2.353025600314140320e-02 2.162300795316696167e-02 8.562435396015644073e-03 1.474187616258859634e-02 3.629687428474426270e-02 1.396485231816768646e-02 2.647936809808015823e-03 4.377668723464012146e-02 1.350142061710357666e-02 1.114769955165684223e-03 3.268595784902572632e-02 1.963581144809722900e-02 3.142153471708297729e-02 1.394351758062839508e-02 1.055119931697845459e-02 3.669956931844353676e-03 7.347819861024618149e-03 4.495653882622718811e-02 2.221000380814075470e-02 1.856019720435142517e-02 2.567090839147567749e-02 2.871528267860412598e-02 3.345293551683425903e-02 4.852315876632928848e-03 9.894859977066516876e-03
4.896114766597747803e-02 1.174861099570989609e-02 1.971819251775741577e-02 2.577381767332553864e-02 2.295315824449062347e-02 6.166619062423706055e-02 1.299068890511989594e-02 2.594841271638870239e-02 1.436740625649690628e-02 1.439095288515090942e-02 1.196364965289831161e-02 4.417386651039123535e-01 3.071581386029720306e-02 2.079505026340484619e-01 6.480577588081359863e-02 1.704824622720479965e-03 3.365649282932281494e-02 3.960004076361656189e-02 4.627576097846031189e-02 2.532972395420074463e-02 5.819387268275022507e-03 4.649835452437400818e-02 2.967540919780731201e-02 2.683250419795513153e-02 4.118831455707550049e-02 4.077517893165349960e-03 4.431488737463951111e-02 1.140217296779155731e-02 3.365614637732505798e-02 1.783671416342258453e-02 2.873422391712665558e-02 4.500048235058784485e-02 2.557983249425888062e-02 3.195983171463012695e-02 5.157031863927841187e-02 1.326933223754167557e-02 2.029139176011085510e-02 4.356335476040840149e-02 2.271425910294055939e-02 5.606344435364007950e-03 1.222599018365144730e-02 3.171497955918312073e-02 1.257398258894681931e-02 3.822873905301094055e-02 1.080932393670082092e-01 3.353276103734970093e-02 3.849209845066070557e-02 3.801237791776657104e-02 7.015796378254890442e-03 1.054449658840894699e-02 2.900457568466663361e-02 5.388023331761360168e-03 1.954163238406181335e-02 3.499530255794525146e-02 2.112944982945919037e-02 3.542697802186012268e-02 3.414341807365417480e-02 2.394939772784709930e-02 5.229211598634719849e-02 2.874271944165229797e-03 3.184821084141731262e-02 1.336453668773174286e-02 6.957623362541198730e-02 3.178704902529716492e-02 1.515178475528955460e-02 4.634001851081848145e-02 1.229753368534147739e-03 4.728255793452262878e-02 1.346459425985813141e-02 1.797656714916229248e-02 2.747262595221400261e-03 4.344563186168670654e-02 7.532585877925157547e-03 3.544512391090393066e-02 4.277729988098144531e-02 2.365879481658339500e-03 4.946478456258773804e-02 4.266538191586732864e-03 6.148358434438705444e-02 1.273164432495832443e-02 7.106050103902816772e-02 3.723066672682762146e-02 3.495042771100997925e-02 1.567957364022731781e-02 3.791209310293197632e-02 2.841844782233238220e-02 3.969340771436691284e-02 2.711394429206848145e-02 7.936123013496398926e-02 1.851243153214454651e-02 4.290484637022018433e-02 3.268213570117950439e-02 2.192017994821071625e-02 2.853775955736637115e-02 2.971989661455154419e-02 1.103932596743106842e-02 1.423046737909317017e-02 6.877241656184196472e-03 3.013462573289871216e-02 7.496018894016742706e-03 3.471337258815765381e-02 4.207244515419006348e-02 4.486832767724990845e-02 2.156933769583702087e-02 2.227272838354110718e-02 5.738450214266777039e-03 4.422682896256446838e-02 2.227283455431461334e-02 1.382869295775890350e-02 2.580065093934535980e-02 4.316568747162818909e-02 3.016011603176593781e-02 6.059791427105665207e-03 9.686429053544998169e-03 1.860550977289676666e-02 6.654137745499610901e-03
1.157106012105941772e-01 1.114383041858673096e-01 1.423329766839742661e-02 8.605818729847669601e-04 9.117647074162960052e-03 2.097509056329727173e-02 3.428752720355987549e-02 5.913431942462921143e-02 1.012667734175920486e-02 5.003606900572776794e-02 1.976697891950607300e-01 3.071581386029720306e-02 4.672398567199707031e-01 3.340195119380950928e-02 1.271845996379852295e-01 5.551258102059364319e-03 1.606936752796173096e-02 2.425362169742584229e-02 1.890437677502632141e-02 1.815937831997871399e-02 3.273909166455268860e-02 9.037714451551437378e-02 3.909064084291458130e-02 2.969209849834442139e-02 1.342819165438413620e-02 2.899179235100746155e-02 4.664325341582298279e-02 2.775373123586177826e-02 7.343079149723052979e-02 1.648555696010589600e-02 5.196020379662513733e-02 8.255991153419017792e-03 4.634825885295867920e-02 2.159204147756099701e-02 4.197803139686584473e-02 8.300865069031715393e-03 1.966006122529506683e-03 1.028655841946601868e-02 1.707761548459529877e-02 5.535129923373460770e-03 4.426282271742820740e-02 4.731882736086845398e-02 1.886088214814662933e-02 1.150355208665132523e-02 1.277690660208463669e-02 2.850644290447235107e-02 1.431217696517705917e-02 2.130487561225891113e-02 1.179514639079570770e-02 4.564746841788291931e-02 1.566733047366142273e-02 2.067424915730953217e-02 3.868599981069564819e-02 6.337878853082656860e-02 5.526356399059295654e-03 2.373380819335579872e-03 2.367015928030014038e-02 2.811834402382373810e-02 1.255741372006013989e-04 1.887095533311367035e-02 1.589368283748626709e-02 1.213809661567211151e-02 4.395203292369842529e-02 2.506317757070064545e-02 1.555926632136106491e-02 1.268035452812910080e-02 4.896605014801025391e-02 4.091883823275566101e-02 3.570380806922912598e-02 4.694424197077751160e-02 1.592541858553886414e-02 1.099230535328388214e-02 2.305389568209648132e-02 1.455233991146087646e-02 2.926529757678508759e-02 4.868975281715393066e-02 3.793670237064361572e-02 4.851530119776725769e-02 1.229648943990468979e-02 4.499254003167152405e-02 2.265419811010360718e-02 2.790573239326477051e-02 1.781802065670490265e-02 4.569304734468460083e-02 6.783369462937116623e-04 4.913144186139106750e-02 7.515059411525726318e-02 3.244965337216854095e-03 2.159364521503448486e-02 2.757645957171916962e-02 3.563375398516654968e-02 8.944156579673290253e-03 3.936108946800231934e-02 3.021809644997119904e-02 4.257066175341606140e-02 5.085381120443344116e-02 6.416372489184141159e-03 2.028580196201801300e-02 3.921597450971603394e-02 2.871898375451564789e-02 5.213614180684089661e-02 6.324542313814163208e-02 3.409850760363042355e-04 4.912725836038589478e-02 1.191005110740661621e-02 1.480146404355764389e-02 1.508534234017133713e-02 2.179900743067264557e-02 4.305324703454971313e-02 4.370615631341934204e-02 8.404374122619628906e-03 1.145669352263212204e-02 4.537437483668327332e-02 3.392513096332550049e-02 2.022807253524661064e-03 4.082279652357101440e-02
