4.385224580764770508e-01 1.671166270971298218e-01 5.630644038319587708e-03 2.167788892984390259e-02 5.887269042432308197e-03 1.857244223356246948e-01 8.187928795814514160e-02 3.381760045886039734e-02 1.081792544573545456e-02 1.801276579499244690e-02 1.384568363428115845e-01 3.535675629973411560e-02 8.293548971414566040e-02 4.481337219476699829e-02 1.958758570253849030e-03 1.040020026266574860e-02 6.306404713541269302e-03 3.386616706848144531e-02 3.232838585972785950e-02 3.768944367766380310e-02 1.819038647226989269e-03 3.581495489925146103e-03 1.425751671195030212e-02 1.937712356448173523e-02 1.374333660351112485e-04 1.823032740503549576e-03 4.188140481710433960e-02 3.052581474184989929e-02 2.464125677943229675e-02 3.383968258276581764e-03 4.759826138615608215e-02 2.041215822100639343e-02 4.295658320188522339e-02 3.294929489493370056e-02 4.757688567042350769e-02 7.939904928207397461e-03 1.991204917430877686e-02 2.995359525084495544e-02 3.330373764038085938e-02 1.769304461777210236e-02 1.737986505031585693e-02 3.837318345904350281e-02 3.931224718689918518e-02 4.194719716906547546e-02 2.801307290792465210e-02 2.977672219276428223e-02 8.576780557632446289e-02 9.638611227273941040e-03 1.372866611927747726e-02 3.868741542100906372e-02 2.430909685790538788e-02 1.748580485582351685e-02 2.122504636645317078e-02 2.524735219776630402e-02 1.458509638905525208e-02 4.180190712213516235e-02 1.973807066679000854e-02 3.402362018823623657e-02 1.299969479441642761e-02 4.366912320256233215e-02 4.842076450586318970e-02 1.618118025362491608e-02 1.529341447167098522e-03 1.197020895779132843e-02 2.775174379348754883e-02 4.353544861078262329e-02 3.320185095071792603e-02 3.568429872393608093e-02 3.856044262647628784e-03 2.057687751948833466e-02 1.679600030183792114e-02 7.059691939502954483e-03 1.315161120146512985e-02 4.784752428531646729e-02 2.695879526436328888e-02 9.560992941260337830e-03 3.781658783555030823e-02 3.918612748384475708e-02 2.446246333420276642e-02 2.660975977778434753e-02 8.973638527095317841e-03 9.409611113369464874e-03 3.635291010141372681e-02 6.030163913965225220e-02 3.557096049189567566e-02 7.071367651224136353e-02 6.340404041111469269e-03 1.874418556690216064e-02 1.764775253832340240e-02 2.018493134528398514e-03 5.144099518656730652e-02 4.616479203104972839e-02 5.040559172630310059e-02 4.108539316803216934e-03 1.254681218415498734e-02 7.004667539149522781e-03 1.192318834364414215e-02 3.107417561113834381e-02 2.581307431682944298e-03 2.899187244474887848e-02 3.745542094111442566e-02 2.776983380317687988e-02 2.859747968614101410e-02 4.738140106201171875e-02 1.434670854359865189e-02 4.759069532155990601e-02 2.690628543496131897e-02 3.826227784156799316e-02 2.511186338961124420e-02 2.495798096060752869e-02 2.831088751554489136e-02 1.937500759959220886e-02 4.716433212161064148e-02 4.528947174549102783e-02 2.271196991205215454e-02 1.955986768007278442e-02
1.671166270971298218e-01 4.424560368061065674e-01 2.014832571148872375e-02 1.905138418078422546e-02 2.834807895123958588e-02 1.603685468435287476e-01 1.526443958282470703e-01 5.032595712691545486e-03 5.037786439061164856e-02 9.502539411187171936e-03 3.703470900654792786e-02 3.091297857463359833e-02 1.648263186216354370e-01 2.327466383576393127e-02 4.269513487815856934e-02 4.793585836887359619e-02 2.015195786952972412e-02 1.630556362215429544e-04 2.000302635133266449e-02 8.092490956187248230e-03 5.175216123461723328e-02 3.213012591004371643e-02 1.101275254040956497e-02 1.367686782032251358e-03 9.599522687494754791e-03 3.862674161791801453e-02 3.992334380745887756e-02 6.332980701699852943e-04 5.113345012068748474e-02 6.437942502088844776e-04 3.152433782815933228e-02 6.255370099097490311e-04 1.380908209830522537e-02 3.405911102890968323e-02 7.600864861160516739e-03 5.993493646383285522e-02 5.945526808500289917e-02 1.771530834957957268e-03 4.326421394944190979e-02 2.481378801167011261e-02 1.571169681847095490e-02 1.039762143045663834e-02 3.421709116082638502e-04 3.380100801587104797e-02 8.227898739278316498e-03 1.133127603679895401e-02 8.517515659332275391e-02 2.325669862329959869e-02 4.255465045571327209e-02 2.881831116974353790e-02 1.387558039277791977e-02 1.289259828627109528e-02 3.869504854083061218e-02 5.656372383236885071e-02 2.542103640735149384e-02 2.079118974506855011e-02 3.317628055810928345e-02 2.477798052132129669e-02 2.513248100876808167e-02 2.813652530312538147e-02 3.118677437305450439e-02 8.039616979658603668e-03 1.888176612555980682e-02 4.371175542473793030e-02 4.536840599030256271e-03 1.807079836726188660e-02 2.834604680538177490e-02 4.037497937679290771e-02 2.276935847476124763e-03 4.150836542248725891e-02 2.153129316866397858e-02 1.481389254331588745e-02 6.099863443523645401e-03 7.064572419039905071e-04 4.506118223071098328e-02 3.439924865961074829e-02 1.731309480965137482e-02 4.061825945973396301e-02 5.298989359289407730e-03 1.122025679796934128e-02 3.940577432513237000e-02 4.453660175204277039e-02 3.506672009825706482e-02 5.986791476607322693e-02 3.361057257279753685e-03 2.762507274746894836e-02 7.377596572041511536e-03 8.875743485987186432e-03 3.501601144671440125e-02 3.283669427037239075e-02 4.903205111622810364e-02 5.383119359612464905e-02 3.582626581192016602e-02 5.884177610278129578e-02 3.252249211072921753e-02 4.803866147994995117e-02 1.860697753727436066e-02 2.483312971889972687e-02 2.081778272986412048e-02 2.454507164657115936e-02 1.861738972365856171e-02 1.397999469190835953e-02 3.211749019101262093e-03 1.613756269216537476e-02 1.337247435003519058e-02 4.631446301937103271e-02 1.650634221732616425e-02 1.653361134231090546e-02 2.270779758691787720e-02 3.341676294803619385e-02 1.485104765743017197e-02 2.584033831954002380e-02 2.866667695343494415e-02 2.089296234771609306e-03 1.998529396951198578e-02 3.699801117181777954e-02
5.630644038319587708e-03 2.014832571148872375e-02 4.194697439670562744e-01 1.558735966682434082e-02 3.893291205167770386e-02 3.806345164775848389e-02 2.201284281909465790e-02 1.764365136623382568e-01 3.691799566149711609e-02 6.811896711587905884e-02 2.952522784471511841e-02 1.239284873008728027e-02 1.353624928742647171e-02 4.174140095710754395e-02 4.554771631956100464e-02 3.671569377183914185e-02 1.695249415934085846e-02 9.688822552561759949e-03 1.892863586544990540e-02 7.080183364450931549e-03 1.826602220535278320e-02 4.581849649548530579e-02 2.096333354711532593e-02 3.077019192278385162e-02 4.783503711223602295e-02 4.628082737326622009e-02 1.570380292832851410e-02 3.169321222230792046e-03 3.416764736175537109e-02 2.377755008637905121e-02 1.511278189718723297e-02 1.955446600914001465e-02 6.364428903907537460e-03 3.605327382683753967e-02 2.066411823034286499e-02 7.058006711304187775e-03 1.157280988991260529e-03 6.442746147513389587e-03 7.544091437011957169e-03 3.867599368095397949e-02 1.478742342442274094e-02 3.192351385951042175e-02 7.247455883771181107e-03 8.486891537904739380e-02 4.611517488956451416e-02 3.645714372396469116e-02 3.842065110802650452e-02 3.260588273406028748e-02 3.566877916455268860e-02 1.656427420675754547e-02 1.305824052542448044e-02 1.373839657753705978e-02 2.746919356286525726e-02 5.833943141624331474e-04 2.046775259077548981e-02 1.183441653847694397e-02 1.674441387876868248e-03 1.607878599315881729e-03 4.019776731729507446e-02 1.139195542782545090e-02 1.549863349646329880e-02 4.037359263747930527e-03 2.015670016407966614e-02 4.695746116340160370e-03 3.473884239792823792e-02 6.548788398504257202e-02 4.360380023717880249e-02 3.734134836122393608e-03 7.979752495884895325e-03 2.073342911899089813e-03 6.604947615414857864e-03 2.300321124494075775e-02 2.879074541851878166e-03 4.537291824817657471e-02 3.691612929105758667e-02 2.134815417230129242e-02 2.316226437687873840e-02 1.003497838973999023e-02 3.471229970455169678e-02 1.076409406960010529e-02 1.887386590242385864e-01 1.031818836927413940e-01 2.892085723578929901e-02 2.481971867382526398e-02 2.804139256477355957e-02 9.284117259085178375e-03 1.010903567075729370e-01 4.503944888710975647e-02 1.221738662570714951e-02 1.783284358680248260e-02 1.833387278020381927e-02 2.314456738531589508e-02 5.050451029092073441e-03 1.967863552272319794e-02 2.030121348798274994e-02 1.171634998172521591e-02 2.862640284001827240e-02 3.772202879190444946e-02 9.688984602689743042e-03 2.749854931607842445e-03 6.618131417781114578e-03 1.681751571595668793e-02 1.420261431485414505e-02 2.052775956690311432e-02 3.332253545522689819e-02 4.736611247062683105e-02 3.021000698208808899e-02 6.241949275135993958e-03 1.833064132370054722e-03 4.379867389798164368e-02 3.909590095281600952e-02 4.272361472249031067e-02 1.272822846658527851e-03 8.060605078935623169e-02 4.665829706937074661e-03 2.423654869198799133e-02
2.167788892984390259e-02 1.905138418078422546e-02 1.558735966682434082e-02 4.324946999549865723e-01 1.224508136510848999e-01 6.416718475520610809e-03 1.121881511062383652e-02 1.892481930553913116e-02 1.316135190427303314e-02 2.927969023585319519e-02 2.484226832166314125e-03 1.361089199781417847e-02 3.958746418356895447e-02 3.746078582480549812e-03 2.204971155151724815e-03 3.778219688683748245e-03 1.740710809826850891e-03 2.600827440619468689e-02 2.872480079531669617e-02 4.946024715900421143e-02 2.355471998453140259e-02 4.603665322065353394e-02 1.677923277020454407e-02 3.710649162530899048e-02 2.092651836574077606e-02 2.337977103888988495e-02 1.867751404643058777e-02 1.166341081261634827e-02 2.872649929486215115e-04 1.296690758317708969e-02 1.851237192749977112e-02 1.646344736218452454e-02 2.935282886028289795e-02 6.451414525508880615e-02 1.530446670949459076e-02 4.171526432037353516e-02 1.704027503728866577e-02 2.902790717780590057e-02 9.381144493818283081e-02 4.562975093722343445e-02 3.497416619211435318e-03 7.183703593909740448e-03 4.305779561400413513e-02 1.813246682286262512e-02 1.421561650931835175e-02 3.567069023847579956e-02 6.216646637767553329e-03 4.465602710843086243e-02 3.578352555632591248e-02 3.703128546476364136e-02 2.997248061001300812e-02 3.129606693983078003e-02 7.800352177582681179e-04 4.718765988945960999e-02 4.701472073793411255e-02 3.972199931740760803e-02 4.636179190129041672e-03 3.285191953182220459e-02 4.432316124439239502e-02 1.666761003434658051e-02 1.626741141080856323e-02 3.315151482820510864e-02 4.019055515527725220e-02 7.761117070913314819e-03 3.405072959139943123e-03 1.718634157441556454e-04 2.325273305177688599e-02 1.877693459391593933e-02 1.312557235360145569e-02 2.156586199998855591e-02 2.119456790387630463e-02 1.598940417170524597e-02 2.222416847944259644e-01 3.054681234061717987e-02 1.620180904865264893e-01 1.921322196722030640e-02 3.745093243196606636e-03 1.105986651964485645e-03 2.997153624892234802e-02 8.048865944147109985e-02 2.110875211656093597e-03 1.796158589422702789e-02 6.143258512020111084e-02 3.624267131090164185e-02 2.772518433630466461e-02 4.112479835748672485e-02 2.487118728458881378e-02 3.158107865601778030e-03 1.241844496689736843e-03 6.478479504585266113e-02 1.035339199006557465e-02 1.578290574252605438e-02 2.968501299619674683e-02 4.905369132757186890e-02 1.105422433465719223e-02 2.504612086340785027e-03 1.232526358217000961e-02 3.341547399759292603e-02 1.920439116656780243e-02 1.706334762275218964e-02 1.866105385124683380e-02 3.428932651877403259e-02 2.010764926671981812e-02 3.164326772093772888e-02 3.766460111364722252e-03 4.151788016315549612e-04 1.483101397752761841e-02 5.816645920276641846e-03 3.935012221336364746e-02 2.529667690396308899e-02 2.653387375175952911e-02 1.035881694406270981e-02 1.011037640273571014e-02 2.514237910509109497e-02 2.077733166515827179e-02 2.469673380255699158e-02
5.887269042432308197e-03 2.834807895123958588e-02 3.893291205167770386e-02 1.224508136510848999e-01 4.441199600696563721e-01 1.824259571731090546e-02 4.476741887629032135e-04 2.573022851720452309e-03 6.265890260692685843e-05 2.916944958269596100e-02 4.839391261339187622e-02 1.496086549013853073e-02 4.000604152679443359e-02 1.340415701270103455e-02 3.514264244586229324e-03 4.830636456608772278e-02 8.570698089897632599e-03 2.561549097299575806e-02 1.359196100383996964e-02 1.057912781834602356e-02 4.377875477075576782e-02 2.048234455287456512e-02 3.544475138187408447e-02 1.352537889033555984e-02 9.813963435590267181e-03 1.953961700201034546e-02 6.727831903845071793e-03 3.019754774868488312e-02 2.096474170684814453e-02 4.550309106707572937e-02 2.820570080075412989e-04 5.338864400982856750e-02 3.914933651685714722e-02 6.056427210569381714e-02 5.000284686684608459e-02 8.618850260972976685e-03 2.405437640845775604e-02 1.491239946335554123e-02 1.099575459957122803e-01 6.202221661806106567e-02 4.808968305587768555e-02 5.276558548212051392e-02 5.193531047552824020e-03 3.687022253870964050e-02 5.138758569955825806e-03 2.310763858258724213e-02 3.200655430555343628e-02 6.164488848298788071e-03 3.833958506584167480e-02 2.444447716698050499e-03 1.913664676249027252e-02 3.757042065262794495e-02 1.062690280377864838e-02 5.823713541030883789e-02 5.133153498172760010e-02 4.700019210577011108e-02 1.354593597352504730e-02 3.132265433669090271e-02 4.262406751513481140e-02 3.296247124671936035e-02 4.391267150640487671e-02 2.181789278984069824e-02 1.888411678373813629e-02 5.417935550212860107e-02 4.692459478974342346e-02 1.241994276642799377e-02 6.685796659439802170e-03 1.565203443169593811e-02 1.836176775395870209e-02 2.952710166573524475e-02 5.314191430807113647e-02 3.334549441933631897e-02 1.195813938975334167e-01 1.326138619333505630e-02 1.373091042041778564e-01 4.742011055350303650e-02 1.416770555078983307e-02 8.131507784128189087e-03 1.572986715473234653e-03 7.965302094817161560e-03 9.605449624359607697e-03 4.241198301315307617e-02 2.062441594898700714e-02 9.533400088548660278e-02 2.123315120115876198e-03 5.675345659255981445e-02 1.290418859571218491e-02 2.633119560778141022e-02 1.001990493386983871e-02 3.613433986902236938e-02 1.863031275570392609e-02 1.660233736038208008e-02 2.417618222534656525e-02 1.591584086418151855e-02 5.047336593270301819e-02 9.719274193048477173e-02 7.226540707051753998e-03 1.236011739820241928e-02 4.085772112011909485e-02 4.829571023583412170e-02 2.842928655445575714e-02 1.416481845080852509e-02 1.967897452414035797e-02 1.733373478055000305e-02 1.162319537252187729e-02 1.269090827554464340e-02 5.577416345477104187e-02 2.575099095702171326e-02 3.751860931515693665e-02 2.245761267840862274e-02 1.903752912767231464e-03 1.390398107469081879e-02 2.560574375092983246e-02 4.340023733675479889e-03 2.393995225429534912e-02 2.574656857177615166e-03
1.857244223356246948e-01 1.603685468435287476e-01 3.806345164775848389e-02 6.416718475520610809e-03 1.824259571731090546e-02 4.545239210128784180e-01 1.986702680587768555e-01 2.563438005745410919e-02 4.042251093778759241e-04 3.978305682539939880e-02 4.747335985302925110e-02 2.436481602489948273e-02 1.204443871974945068e-01 2.902308851480484009e-02 4.015900567173957825e-02 4.108509048819541931e-02 4.190440475940704346e-02 4.544081538915634155e-02 1.860720850527286530e-02 2.815934084355831146e-02 7.349702354986220598e-05 5.524777807295322418e-03 5.767770926468074322e-04 2.262643724679946899e-02 9.228471666574478149e-03 8.955342695116996765e-03 1.164055243134498596e-02 1.874941587448120117e-02 4.479957371950149536e-02 5.844685714691877365e-03 3.631497966125607491e-03 1.094355247914791107e-02 2.813470549881458282e-02 4.321748018264770508e-02 7.115201093256473541e-03 4.546205047518014908e-03 3.234842093661427498e-03 2.810987643897533417e-02 2.429340407252311707e-02 5.526915937662124634e-02 4.533215239644050598e-02 5.109703168272972107e-02 1.903236284852027893e-02 4.154295846819877625e-02 5.564476363360881805e-03 2.061637304723262787e-02 2.232796102762222290e-01 1.159739098511636257e-03 2.681042812764644623e-02 4.210199415683746338e-02 2.644614130258560181e-02 3.007160313427448273e-02 3.483276441693305969e-02 3.108282759785652161e-02 1.448710355907678604e-02 7.065782323479652405e-03 1.325117889791727066e-02 8.541923947632312775e-03 8.040443062782287598e-03 4.781338945031166077e-02 7.767191156744956970e-03 1.595858950167894363e-03 2.166084200143814087e-02 2.665594220161437988e-02 3.296609502285718918e-03 2.118510007858276367e-02 3.429377824068069458e-02 1.523156277835369110e-02 4.522271454334259033e-02 5.984975723549723625e-04 4.640651121735572815e-02 4.382688179612159729e-02 4.816474765539169312e-02 4.305385798215866089e-02 5.103246495127677917e-02 4.034432023763656616e-02 2.572081238031387329e-02 4.403077438473701477e-02 1.223931182175874710e-02 1.520917564630508423e-02 2.296626102179288864e-03 2.786378189921379089e-02 1.218634098768234253e-02 5.578527227044105530e-02 5.980878602713346481e-03 3.218754380941390991e-02 1.912835170514881611e-03 1.301970100030303001e-03 3.031489811837673187e-02 3.301587700843811035e-02 3.617974743247032166e-02 2.033260464668273926e-02 3.160127252340316772e-02 3.279685229063034058e-02 2.215554565191268921e-02 1.291162916459143162e-03 2.212668582797050476e-02 3.060334175825119019e-02 1.417780574411153793e-02 2.592136338353157043e-02 2.277063019573688507e-02 5.002290382981300354e-02 3.154330328106880188e-02 3.737391158938407898e-02 3.279968723654747009e-02 3.674184158444404602e-02 1.676846481859683990e-02 1.493347901850938797e-02 1.702787540853023529e-02 3.891325742006301880e-02 4.582067579030990601e-02 1.438556890934705734e-02 5.374486790969967842e-04 8.906153962016105652e-03 1.967168413102626801e-02 3.442171961069107056e-02
8.187928795814514160e-02 1.526443958282470703e-01 2.201284281909465790e-02 1.121881511062383652e-02 4.476741887629032135e-04 1.986702680587768555e-01 4.438332617282867432e-01 1.951902173459529877e-02 6.820303387939929962e-03 1.355922874063253403e-02 4.505316168069839478e-02 5.414801184087991714e-03 1.292825490236282349e-01 1.036064606159925461e-02 1.348608173429965973e-02 3.770819306373596191e-02 4.550141468644142151e-02 2.014969475567340851e-02 1.936582848429679871e-02 3.934778273105621338e-02 1.888266578316688538e-02 3.514767438173294067e-02 1.427549123764038086e-02 3.714521229267120361e-02 1.724963821470737457e-02 4.301821812987327576e-02 4.211552068591117859e-02 3.624816983938217163e-02 9.652511216700077057e-03 4.714036732912063599e-02 5.904170870780944824e-02 2.887507155537605286e-02 2.104491181671619415e-02 3.544939681887626648e-02 6.011996790766716003e-02 2.917939797043800354e-02 7.228305563330650330e-03 2.160058729350566864e-02 3.416810557246208191e-02 6.822745501995086670e-02 1.321708317846059799e-02 1.842671423219144344e-03 1.699096709489822388e-02 4.493597149848937988e-02 9.348253719508647919e-03 4.707534983754158020e-02 1.735445261001586914e-01 1.601516008377075195e-01 4.550432786345481873e-02 2.934226393699645996e-02 1.792563125491142273e-02 3.709699725732207298e-03 2.379816770553588867e-02 1.807249896228313446e-02 1.847711578011512756e-02 1.495038997381925583e-02 3.408767655491828918e-02 1.169806532561779022e-02 3.545040637254714966e-02 4.590437933802604675e-02 1.240682508796453476e-02 4.713008180260658264e-03 1.887748390436172485e-02 4.346856847405433655e-02 8.440134115517139435e-03 1.426327624358236790e-03 3.078538924455642700e-02 2.110881730914115906e-02 1.188219874165952206e-03 4.974821954965591431e-02 1.327994838356971741e-02 4.203698132187128067e-03 3.839943930506706238e-02 4.117439500987529755e-03 1.828377880156040192e-02 1.244283281266689301e-02 3.946207929402589798e-03 4.161028191447257996e-02 4.984391480684280396e-02 4.280847683548927307e-02 2.020834572613239288e-02 1.578855514526367188e-02 4.415371641516685486e-02 2.147657610476016998e-02 3.453720360994338989e-02 3.356457501649856567e-02 3.602401539683341980e-02 3.436114639043807983e-02 3.342187032103538513e-02 1.197927776956930757e-04 1.678815297782421112e-02 5.494611803442239761e-03 5.582381412386894226e-02 4.002911597490310669e-02 1.444023661315441132e-02 1.409145537763834000e-02 1.750203408300876617e-02 1.630922406911849976e-02 3.391076624393463135e-02 2.630616538226604462e-03 4.821671172976493835e-04 4.098217189311981201e-02 2.665296941995620728e-02 3.428609110414981842e-03 2.235573902726173401e-02 1.861408166587352753e-02 3.585022315382957458e-02 8.186494000256061554e-03 1.444636564701795578e-02 1.675305701792240143e-02 1.709831506013870239e-02 3.938649594783782959e-02 3.960980393458157778e-04 3.229737281799316406e-02 9.745960123836994171e-03 1.771088875830173492e-02
3.381760045886039734e-02 5.032595712691545486e-03 1.764365136623382568e-01 1.892481930553913116e-02 2.573022851720452309e-03 2.563438005745410919e-02 1.951902173459529877e-02 4.180532693862915039e-01 3.646764904260635376e-02 1.886883005499839783e-02 4.473853856325149536e-02 1.382008008658885956e-02 8.339861407876014709e-03 2.563359215855598450e-02 3.811054304242134094e-02 4.218695685267448425e-02 2.484862506389617920e-02 3.200588002800941467e-02 1.578802801668643951e-02 5.011477321386337280e-02 2.719363756477832794e-02 1.672972738742828369e-02 1.837480627000331879e-02 8.090464398264884949e-03 1.024040952324867249e-02 1.570020802319049835e-02 3.843181952834129333e-02 1.512875128537416458e-02 8.171571418642997742e-03 2.843624912202358246e-02 3.419595584273338318e-02 6.901652365922927856e-02 5.514135211706161499e-02 7.037255913019180298e-02 4.187588021159172058e-02 4.624623432755470276e-02 3.518128022551536560e-02 9.964852593839168549e-03 4.464195296168327332e-02 3.497607633471488953e-02 4.969109967350959778e-02 1.533005293458700180e-02 4.906010255217552185e-02 1.665837131440639496e-02 5.430575460195541382e-02 2.273960597813129425e-02 1.475138124078512192e-02 4.898372106254100800e-03 2.265754528343677521e-02 2.725208178162574768e-02 1.391129475086927414e-02 1.704625971615314484e-02 6.056062877178192139e-02 5.743309110403060913e-02 3.629352152347564697e-02 2.066779322922229767e-02 2.643538452684879303e-02 5.340598057955503464e-03 1.393364649266004562e-02 1.992318406701087952e-02 2.029001712799072266e-02 2.501614205539226532e-02 3.484089672565460205e-02 1.275092642754316330e-02 3.099332097917795181e-03 5.614636093378067017e-02 1.154789980500936508e-02 1.988732442259788513e-02 1.095933094620704651e-02 5.124997720122337341e-02 1.734334602952003479e-02 2.846743725240230560e-02 1.638411916792392731e-02 2.406186889857053757e-03 9.822973050177097321e-03 3.043476259335875511e-03 2.682606223970651627e-03 1.411594101227819920e-03 3.179839625954627991e-02 3.912668209522962570e-03 6.656757742166519165e-02 4.349756240844726562e-02 4.459170997142791748e-02 1.198310311883687973e-02 1.395423803478479385e-02 1.447509322315454483e-02 7.191394269466400146e-02 1.321488618850708008e-02 3.991479799151420593e-02 1.013988442718982697e-02 4.954338073730468750e-02 1.742236688733100891e-02 3.467906638979911804e-02 3.082317858934402466e-02 1.471880450844764709e-02 2.329082228243350983e-02 3.086015023291110992e-02 5.196041241288185120e-02 2.013030089437961578e-02 1.569605246186256409e-02 2.521725930273532867e-02 1.442032586783170700e-02 1.023199502378702164e-02 1.512894127517938614e-02 3.826525062322616577e-02 1.866686623543500900e-03 4.451510962098836899e-03 9.848346933722496033e-03 4.559623077511787415e-02 2.280325815081596375e-02 4.782617464661598206e-02 2.916739135980606079e-02 3.133240714669227600e-02 2.085226029157638550e-02 4.917025193572044373e-02 3.240851685404777527e-02
1.081792544573545456e-02 5.037786439061164856e-02 3.691799566149711609e-02 1.316135190427303314e-02 6.265890260692685843e-05 4.042251093778759241e-04 6.820303387939929962e-03 3.646764904260635376e-02 4.493873417377471924e-01 8.657304197549819946e-02 4.908516071736812592e-03 6.352838594466447830e-03 4.728300869464874268e-02 2.645875886082649231e-02 5.052267573773860931e-03 3.304220736026763916e-02 4.555344209074974060e-02 9.181101620197296143e-02 3.804557397961616516e-02 3.097467683255672455e-02 4.522201791405677795e-02 8.310827426612377167e-03 1.286600157618522644e-02 4.374984279274940491e-02 1.609466597437858582e-02 2.049389481544494629e-02 1.356972195208072662e-02 4.605687409639358521e-02 4.049304872751235962e-02 1.425027195364236832e-02 2.340148901566863060e-03 3.616729006171226501e-02 2.469057776033878326e-02 8.482662960886955261e-03 5.586771294474601746e-03 6.139096990227699280e-02 2.122554741799831390e-02 1.712892577052116394e-02 1.674636639654636383e-02 4.634903743863105774e-02 5.060214921832084656e-02 5.265318974852561951e-02 1.969072408974170685e-02 1.573586091399192810e-02 2.681992948055267334e-03 4.522658884525299072e-02 1.524728722870349884e-03 4.624696820974349976e-02 3.889129683375358582e-02 1.388591900467872620e-02 8.323497138917446136e-03 2.565512619912624359e-02 2.254795469343662262e-02 1.513046398758888245e-02 1.177168637514114380e-01 3.535560891032218933e-02 3.761548548936843872e-02 3.359101340174674988e-02 3.472220152616500854e-02 1.586610078811645508e-02 2.486174553632736206e-02 4.874652624130249023e-02 3.611475229263305664e-02 1.601351052522659302e-02 4.833772033452987671e-02 5.193162360228598118e-04 1.620527356863021851e-02 3.869525715708732605e-02 8.074880577623844147e-03 2.779962867498397827e-02 3.195404261350631714e-02 8.829224854707717896e-03 2.215274795889854431e-02 5.466246604919433594e-02 2.292775548994541168e-02 2.817597705870866776e-03 1.891374439001083374e-01 3.912936896085739136e-02 1.028422359377145767e-02 3.495500236749649048e-02 1.279396470636129379e-02 5.075253546237945557e-02 6.801308691501617432e-02 4.419438913464546204e-02 1.567256078124046326e-02 3.591077774763107300e-02 3.307950869202613831e-02 2.726101502776145935e-02 9.679597616195678711e-02 4.342714324593544006e-02 1.512225996702909470e-02 2.226603589951992035e-02 6.980491802096366882e-03 1.562883029691874981e-03 8.216635324060916901e-03 3.272819519042968750e-02 4.535219445824623108e-02 4.248192533850669861e-02 8.317096531391143799e-02 7.224434521049261093e-03 2.854289859533309937e-02 3.976676985621452332e-02 5.319351330399513245e-02 5.188847333192825317e-02 3.998995572328567505e-02 8.052966557443141937e-03 4.847832955420017242e-03 3.369854390621185303e-02 2.409461140632629395e-02 3.478350862860679626e-02 1.900328882038593292e-02 3.831735625863075256e-02 9.560488164424896240e-03 2.505786158144474030e-02 3.382063657045364380e-02 5.931847169995307922e-02
1.801276579499244690e-02 9.502539411187171936e-03 6.811896711587905884e-02 2.927969023585319519e-02 2.916944958269596100e-02 3.978305682539939880e-02 1.355922874063253403e-02 1.886883005499839783e-02 8.657304197549819946e-02 4.468987882137298584e-01 4.089622816536575556e-04 9.751831181347370148e-03 4.059433937072753906e-03 2.251123078167438507e-02 4.591346532106399536e-02 3.002925962209701538e-02 5.763633921742439270e-02 7.379413582384586334e-03 9.485841542482376099e-02 8.629165822640061378e-04 3.627516701817512512e-02 4.490706697106361389e-02 1.675285212695598602e-02 1.460997853428125381e-02 3.423237800598144531e-02 5.944498628377914429e-02 2.529676817357540131e-02 1.820398494601249695e-02 4.807930439710617065e-02 2.525375690311193466e-03 2.073411643505096436e-02 1.752292364835739136e-02 2.477191016077995300e-02 5.337136983871459961e-02 1.137515250593423843e-02 7.384597323834896088e-03 1.287683565169572830e-02 3.409085422754287720e-02 3.890975192189216614e-02 2.950341999530792236e-02 1.881170272827148438e-02 2.167211659252643585e-02 3.473692387342453003e-02 1.598691381514072418e-02 7.980368100106716156e-04 3.685329481959342957e-02 4.679247736930847168e-02 7.792079355567693710e-03 3.153014928102493286e-02 5.940682440996170044e-02 4.092777892947196960e-02 4.332560300827026367e-02 3.793795779347419739e-02 4.791203513741493225e-02 3.641547262668609619e-02 3.990047797560691833e-02 4.646700620651245117e-02 5.651217326521873474e-02 2.050738985417410731e-04 3.311335667967796326e-02 4.117842391133308411e-02 4.450064152479171753e-02 4.189461097121238708e-02 1.836080919019877911e-03 4.151834920048713684e-02 2.503754105418920517e-03 2.188951708376407623e-02 1.701053418219089508e-02 1.604416593909263611e-02 1.079171337187290192e-02 3.617694601416587830e-02 2.424031682312488556e-02 1.253455225378274918e-02 1.893233507871627808e-02 5.374860763549804688e-02 7.368455175310373306e-03 8.104121685028076172e-02 1.411530822515487671e-01 2.380860038101673126e-03 1.166749969124794006e-01 2.761713229119777679e-02 1.927810721099376678e-02 2.601579949259757996e-02 4.452895745635032654e-02 6.329142488539218903e-03 4.912047181278467178e-03 1.824460178613662720e-02 4.159511998295783997e-02 7.681087590754032135e-03 9.957308322191238403e-02 3.403341025114059448e-02 8.739292388781905174e-04 8.684735745191574097e-03 1.269072294235229492e-02 3.999398648738861084e-02 2.507601119577884674e-02 3.275617957115173340e-03 5.495078116655349731e-02 3.025577589869499207e-02 2.824416197836399078e-02 2.765585854649543762e-02 2.056019380688667297e-02 2.438637055456638336e-02 9.537709876894950867e-03 1.259827800095081329e-02 4.073604359291493893e-04 2.882120199501514435e-02 2.547312155365943909e-02 2.952910587191581726e-02 5.061121657490730286e-03 5.077843554317951202e-03 3.280566539615392685e-03 4.610567539930343628e-02 2.807054668664932251e-02 4.415895417332649231e-02 1.240807026624679565e-02
1.384568363428115845e-01 3.703470900654792786e-02 2.952522784471511841e-02 2.484226832166314125e-03 4.839391261339187622e-02 4.747335985302925110e-02 4.505316168069839478e-02 4.473853856325149536e-02 4.908516071736812592e-03 4.089622816536575556e-04 4.423596560955047607e-01 6.874020397663116455e-02 3.973948583006858826e-02 9.292045235633850098e-02 4.347848892211914062e-02 4.103394225239753723e-03 4.042626544833183289e-02 3.892262000590562820e-03 1.657150685787200928e-02 3.948547318577766418e-02 3.236406296491622925e-02 1.678616553544998169e-02 4.256409406661987305e-02 3.360473783686757088e-03 4.059316590428352356e-02 2.394000813364982605e-02 1.523446477949619293e-02 3.303505713120102882e-03 1.128865480422973633e-01 2.735569607466459274e-03 6.078457087278366089e-02 1.802394725382328033e-02 5.868162494152784348e-03 2.306430041790008545e-02 9.010877460241317749e-03 1.326140202581882477e-02 1.579915551701560616e-04 8.398891426622867584e-03 2.327932417392730713e-02 5.186089873313903809e-02 4.419683665037155151e-02 4.302448034286499023e-02 3.518799319863319397e-02 1.526896748691797256e-02 2.231567865237593651e-03 6.151520647108554840e-04 3.270402550697326660e-02 3.672602027654647827e-02 2.246668748557567596e-02 3.656351193785667419e-02 4.314440116286277771e-02 1.959865354001522064e-02 1.918647065758705139e-02 5.534451827406883240e-02 8.858259767293930054e-03 5.749075114727020264e-02 4.519782215356826782e-02 4.889979213476181030e-02 3.904319182038307190e-02 2.182286791503429413e-02 2.361199632287025452e-02 7.574696559458971024e-03 4.214304964989423752e-03 1.679700799286365509e-02 1.259702537208795547e-02 4.783148691058158875e-02 4.540978744626045227e-02 5.129519850015640259e-02 3.757645189762115479e-02 4.569985345005989075e-02 4.524060338735580444e-02 2.491045929491519928e-02 5.013975501060485840e-02 4.929477348923683167e-02 2.342840097844600677e-02 2.953282929956912994e-02 2.310672216117382050e-02 2.762472815811634064e-02 1.276329904794692993e-02 4.053500294685363770e-02 4.184821248054504395e-02 3.593115881085395813e-02 4.799738898873329163e-02 4.771942272782325745e-02 4.331577941775321960e-02 2.519535087049007416e-02 1.261124163866043091e-01 1.311187073588371277e-02 3.524973988533020020e-02 2.909143082797527313e-02 6.832433398813009262e-03 1.029081344604492188e-01 2.138939127326011658e-02 1.309379190206527710e-02 1.332206651568412781e-02 1.127535011619329453e-02 3.434352204203605652e-02 4.072380810976028442e-02 2.470075897872447968e-02 4.227823391556739807e-02 3.294274955987930298e-02 1.452206866815686226e-03 1.257758028805255890e-02 3.125360235571861267e-02 1.593329198658466339e-02 2.487329952418804169e-02 2.906272374093532562e-02 8.722814731299877167e-03 1.138518936932086945e-02 2.041576430201530457e-02 1.047158427536487579e-02 3.370618075132369995e-02 4.206785932183265686e-02 1.055731158703565598e-02 3.293674811720848083e-02 1.352966018021106720e-02
3.535675629973411560e-02 3.091297857463359833e-02 1.239284873008728027e-02 1.361089199781417847e-02 1.496086549013853073e-02 2.436481602489948273e-02 5.414801184087991714e-03 1.382008008658885956e-02 6.352838594466447830e-03 9.751831181347370148e-03 6.874020397663116455e-02 4.268698394298553467e-01 3.574778512120246887e-02 1.873199343681335449e-01 2.227257192134857178e-02 6.500640511512756348e-02 3.490582108497619629e-02 1.656970754265785217e-02 3.207716718316078186e-02 3.936966136097908020e-02 3.172279521822929382e-02 7.541523780673742294e-03 2.596535906195640564e-02 4.212985187768936157e-02 1.244714600034058094e-03 1.061833184212446213e-02 2.248319983482360840e-02 1.056184917688369751e-01 4.694423824548721313e-02 7.029730826616287231e-02 2.547151874750852585e-03 1.908275857567787170e-02 2.534054405987262726e-02 1.401305105537176132e-02 2.021581307053565979e-02 4.814197868108749390e-02 1.120012067258358002e-02 6.681823171675205231e-03 6.807649508118629456e-03 4.394712671637535095e-02 1.231904840096831322e-03 2.054080925881862640e-02 3.128677606582641602e-02 5.163562018424272537e-03 5.935693904757499695e-02 2.667740546166896820e-02 1.230579707771539688e-02 4.681898653507232666e-02 3.346984833478927612e-02 2.762341499328613281e-02 3.470697626471519470e-02 5.211506038904190063e-03 5.414546653628349304e-02 7.068549096584320068e-02 4.031199961900711060e-02 2.767454646527767181e-02 5.857688933610916138e-02 6.705005466938018799e-02 2.136901207268238068e-02 1.644141389988362789e-03 4.443484917283058167e-02 2.248372510075569153e-02 5.210350453853607178e-02 5.586473643779754639e-02 1.186468638479709625e-02 1.917241513729095459e-02 9.404629468917846680e-03 1.576980762183666229e-02 1.871923170983791351e-02 5.059566721320152283e-02 4.545800387859344482e-02 1.328769885003566742e-02 7.369259838014841080e-03 5.098820477724075317e-02 2.527386508882045746e-02 4.155557975172996521e-02 3.588796406984329224e-02 1.188527420163154602e-02 6.375440396368503571e-03 2.853649668395519257e-02 1.444580592215061188e-02 3.181219100952148438e-02 4.847939312458038330e-02 2.352134883403778076e-02 1.890074461698532104e-02 6.131482310593128204e-03 5.493757128715515137e-02 1.080039143562316895e-02 1.493119448423385620e-02 3.664776310324668884e-02 3.542625531554222107e-02 9.272960945963859558e-03 1.136916223913431168e-02 3.398768231272697449e-02 3.017891943454742432e-02 2.526010945439338684e-02 2.200496010482311249e-02 3.238186612725257874e-02 2.683901414275169373e-02 5.027590785175561905e-03 3.083165921270847321e-02 4.806948825716972351e-02 4.172724112868309021e-02 1.051798835396766663e-02 1.490719057619571686e-02 5.157243087887763977e-02 3.496890142560005188e-02 4.001380503177642822e-02 3.024885430932044983e-02 3.765727579593658447e-02 2.963580004870891571e-02 1.723171211779117584e-02 4.171831905841827393e-02 4.909924045205116272e-02 2.374790050089359283e-02 2.362126111984252930e-02
8.293548971414566040e-02 1.648263186216354370e-01 1.353624928742647171e-02 3.958746418356895447e-02 4.000604152679443359e-02 1.204443871974945068e-01 1.292825490236282349e-01 8.339861407876014709e-03 4.728300869464874268e-02 4.059433937072753906e-03 3.973948583006858826e-02 3.574778512120246887e-02 4.543631672859191895e-01 8.377487771213054657e-03 3.688168711960315704e-03 2.427229471504688263e-02 3.253281489014625549e-02 3.539960086345672607e-02 1.910268142819404602e-02 3.614972531795501709e-02 1.079463027417659760e-02 1.118112727999687195e-02 2.940080128610134125e-02 1.163229579105973244e-03 5.072040110826492310e-02 4.934496432542800903e-02 3.062217961996793747e-03 4.077845811843872070e-02 4.704432189464569092e-02 9.841790422797203064e-03 8.717185258865356445e-02 1.632202789187431335e-02 2.895080484449863434e-02 1.067381072789430618e-02 1.228772941976785660e-02 7.231817115098237991e-03 9.808242321014404297e-03 9.574014693498611450e-04 1.785472966730594635e-02 4.983394406735897064e-03 2.359098987653851509e-03 4.564416303765028715e-04 1.197717431932687759e-02 4.710941016674041748e-02 2.296661958098411560e-02 2.005147747695446014e-02 1.202885881066322327e-01 4.908412322402000427e-02 3.674329072237014771e-02 1.009411644190549850e-02 3.492652997374534607e-02 5.270094797015190125e-02 2.098365686833858490e-02 7.850461639463901520e-03 3.501219674944877625e-02 4.007451608777046204e-02 2.633846178650856018e-02 4.666331410408020020e-02 2.065782807767391205e-02 1.690707169473171234e-02 8.863575756549835205e-03 3.897236427292227745e-03 2.959126140922307968e-03 6.736919749528169632e-03 6.514927744865417480e-02 8.188028633594512939e-02 2.665280736982822418e-02 5.331758782267570496e-02 1.723535358905792236e-02 6.421947479248046875e-02 1.170041598379611969e-02 6.341443210840225220e-02 3.666748479008674622e-02 1.640518754720687866e-02 1.247640419751405716e-02 2.689100988209247589e-02 3.254680708050727844e-02 6.228507496416568756e-03 3.399179084226489067e-03 2.419462241232395172e-02 2.622635290026664734e-02 1.614182442426681519e-02 1.750123687088489532e-02 3.816224262118339539e-02 3.071174724027514458e-04 2.552915364503860474e-02 2.745256386697292328e-02 3.575900569558143616e-02 4.483568668365478516e-02 3.057370893657207489e-02 2.409477345645427704e-02 1.595652848482131958e-02 1.224756473675370216e-03 1.248970720916986465e-02 4.529794678092002869e-02 3.224567323923110962e-02 1.642451994121074677e-02 9.812840260565280914e-03 4.569253325462341309e-02 4.352594912052154541e-02 1.213799230754375458e-02 1.585261337459087372e-02 1.298541296273469925e-02 4.457242786884307861e-02 1.045181881636381149e-02 2.556827676016837358e-04 9.359075687825679779e-03 5.673282966017723083e-02 3.565267473459243774e-02 4.420638829469680786e-02 9.522670879960060120e-03 2.877146378159523010e-02 2.162767760455608368e-02 7.571494672447443008e-03 2.331086061894893646e-02 4.599059745669364929e-02
