5.609200596809387207e-01 4.590189829468727112e-02 1.872272416949272156e-02 9.105299599468708038e-03 2.354264818131923676e-02 3.079462423920631409e-02 1.181055326014757156e-02 3.771713003516197205e-02 1.853369176387786865e-02 1.577601954340934753e-02 2.749119885265827179e-02 9.579304605722427368e-03 1.126075908541679382e-02 1.255748327821493149e-02 1.439461205154657364e-02 1.406973786652088165e-02 1.671943254768848419e-02 2.845329232513904572e-02 3.691221028566360474e-02 1.970523409545421600e-02 4.024044144898653030e-03 3.802269697189331055e-02 2.667511347681283951e-03 6.584396760445088148e-05 2.123538218438625336e-02 1.953123509883880615e-02 1.966674253344535828e-02 6.697435397654771805e-03 6.835699314251542091e-04 1.412153942510485649e-03 3.961579129099845886e-02 1.304489746689796448e-02 1.604678668081760406e-02 1.120752748101949692e-02 7.271693088114261627e-03 3.326585283502936363e-03 5.261996760964393616e-03 8.208671584725379944e-03 3.418182488530874252e-03 3.317165886983275414e-03 4.976737312972545624e-03 1.684155128896236420e-02 1.345164328813552856e-02 3.502989560365676880e-02 3.586107864975929260e-02 4.206255450844764709e-02 1.949980668723583221e-02 2.076191268861293793e-02 2.593426965177059174e-02 2.329963445663452148e-02 9.490219876170158386e-03 2.192690037190914154e-02 1.301325205713510513e-02 8.400872349739074707e-03 1.726327277719974518e-02 1.921373233199119568e-02 1.253843586891889572e-02 2.554943040013313293e-02 4.608981311321258545e-03 5.909854080528020859e-03 5.678709596395492554e-03 8.305466733872890472e-03 3.166714683175086975e-02 1.646709814667701721e-02 7.572899572551250458e-03 2.128239575540646911e-04 3.550326218828558922e-03 1.265782397240400314e-03 3.672649152576923370e-03 1.940112188458442688e-02 1.370620075613260269e-02 7.246910594403743744e-03 2.803515270352363586e-02 2.068332023918628693e-02 3.213899955153465271e-02 1.094969827681779861e-02 2.960730809718370438e-03 4.819973837584257126e-03 5.672420188784599304e-02 4.163162037730216980e-02 4.061429947614669800e-02 4.047459736466407776e-02 1.079195085912942886e-02 1.840001903474330902e-02 9.898026473820209503e-03 1.839869469404220581e-02 1.587756909430027008e-02 2.438144013285636902e-02 8.291864767670631409e-03 2.895128913223743439e-02 4.226440563797950745e-02 1.986297219991683960e-02 2.101136744022369385e-02 7.664232514798641205e-03 5.814222618937492371e-03 1.956943236291408539e-02 1.054039690643548965e-02 2.392479777336120605e-02 5.417996086180210114e-03 8.226819336414337158e-03 7.087616715580224991e-03 2.487953379750251770e-02 1.899662613868713379e-02 9.160503745079040527e-03 3.421054780483245850e-02 1.668664999306201935e-02 2.892437390983104706e-02 1.059593353420495987e-02 2.550836652517318726e-02 7.808053400367498398e-03 1.650207117199897766e-02 2.144426852464675903e-02 1.490547135472297668e-02 5.083897151052951813e-03 1.286974735558032990e-02 3.078415989875793457e-03
4.590189829468727112e-02 5.419753789901733398e-01 1.892932876944541931e-02 2.443722076714038849e-02 2.151395753026008606e-02 6.702774018049240112e-02 1.886373572051525116e-02 4.048150498420000076e-03 6.794313900172710419e-03 2.175521291792392731e-02 1.171199232339859009e-02 7.104362157406285405e-05 3.067840076982975006e-02 1.454533822834491730e-02 3.108501201495528221e-03 2.944121835753321648e-03 1.757405465468764305e-03 1.404828159138560295e-03 1.817084290087223053e-02 3.429267788305878639e-03 3.987002652138471603e-03 2.989926375448703766e-02 2.303411718457937241e-03 1.887204125523567200e-02 2.768540941178798676e-02 2.780775353312492371e-02 1.594810746610164642e-02 3.003415651619434357e-03 4.416206479072570801e-02 7.132672471925616264e-04 4.231776669621467590e-02 1.145891100168228149e-02 2.641016384586691856e-03 7.266598287969827652e-03 3.177069593220949173e-03 7.333827670663595200e-03 1.765315979719161987e-02 1.071165967732667923e-02 5.006818845868110657e-02 1.468710228800773621e-02 1.892287284135818481e-02 2.932021766901016235e-02 9.357240196550264955e-05 4.046207293868064880e-02 4.251171275973320007e-02 3.275683615356683731e-03 3.842370584607124329e-02 1.888312026858329773e-02 3.297410439699888229e-03 1.318110246211290359e-02 3.368048369884490967e-02 4.479401186108589172e-02 7.787527050822973251e-03 1.172964088618755341e-02 2.593262866139411926e-02 5.881528556346893311e-02 1.449689734727144241e-02 5.882497876882553101e-03 1.823277678340673447e-03 4.030366986989974976e-02 3.686634823679924011e-03 7.227210793644189835e-03 3.821768984198570251e-02 1.882157847285270691e-02 1.179510168731212616e-02 3.129863366484642029e-02 5.245562642812728882e-03 9.051567874848842621e-03 6.380890030413866043e-03 1.983010210096836090e-02 1.092362869530916214e-02 5.271659418940544128e-02 2.712019160389900208e-02 1.575470343232154846e-02 9.880474681267514825e-05 4.326748475432395935e-02 2.666136994957923889e-02 2.924321964383125305e-02 1.937218755483627319e-02 5.863457918167114258e-03 2.086788602173328400e-02 9.413827210664749146e-03 3.105858340859413147e-02 5.054306611418724060e-02 2.231104299426078796e-02 2.387391030788421631e-02 3.387775644659996033e-02 6.962325889617204666e-03 3.882913291454315186e-02 1.267260964959859848e-02 2.622580714523792267e-02 1.460673846304416656e-02 7.234612479805946350e-03 2.609127201139926910e-02 1.290498580783605576e-02 2.352195791900157928e-02 1.906829141080379486e-02 1.344250794500112534e-02 2.064956724643707275e-02 4.087848961353302002e-02 1.486182492226362228e-02 3.255538269877433777e-02 1.665372215211391449e-02 4.663120023906230927e-03 1.394928433001041412e-02 1.300978288054466248e-02 2.822264283895492554e-02 1.554763223975896835e-02 1.370228547602891922e-02 1.773372292518615723e-03 1.812039688229560852e-02 3.280557319521903992e-02 3.455044701695442200e-02 3.299580514430999756e-02 2.013452351093292236e-02 2.684548683464527130e-02
1.872272416949272156e-02 1.892932876944541931e-02 5.482867956161499023e-01 2.930605225265026093e-02 8.002610504627227783e-02 1.869959407486021519e-03 3.092916496098041534e-02 2.586940228939056396e-01 2.811011485755443573e-02 3.226545639336109161e-03 2.667304873466491699e-02 9.305426501668989658e-04 6.000008899718523026e-03 4.680369514971971512e-03 2.256879210472106934e-02 1.517657749354839325e-02 1.689669862389564514e-02 1.196485571563243866e-02 3.585780784487724304e-02 1.410477608442306519e-02 3.166397660970687866e-02 8.072800002992153168e-03 8.687091991305351257e-03 3.306557238101959229e-02 3.447061032056808472e-02 3.179721534252166748e-02 2.942467294633388519e-02 1.100561581552028656e-02 1.471936516463756561e-02 2.207595668733119965e-02 1.721658185124397278e-02 1.408722996711730957e-02 2.226404286921024323e-02 2.684379182755947113e-02 2.270270884037017822e-02 2.612238167785108089e-04 2.242030017077922821e-02 2.476716181263327599e-03 1.253874786198139191e-02 1.872739009559154510e-02 5.679712444543838501e-02 1.705792360007762909e-02 1.824972219765186310e-02 1.879695355892181396e-01 3.071444854140281677e-02 1.004721131175756454e-02 4.652791656553745270e-03 8.708295412361621857e-03 1.904446445405483246e-02 3.954878076910972595e-02 4.309429973363876343e-02 1.345258764922618866e-02 6.200846284627914429e-03 3.796612843871116638e-02 8.520961739122867584e-03 5.774616077542304993e-02 1.333396509289741516e-02 3.048233687877655029e-02 8.760428056120872498e-03 6.278458051383495331e-03 2.880692109465599060e-02 3.532331064343452454e-02 2.245423756539821625e-02 1.442289259284734726e-02 2.317745052278041840e-02 4.325361549854278564e-02 2.544144727289676666e-02 1.401298306882381439e-02 2.729947119951248169e-02 3.177470993250608444e-03 7.518943864852190018e-03 3.897176310420036316e-02 7.374531589448451996e-03 1.517428271472454071e-02 8.482780307531356812e-03 1.122962497174739838e-02 2.140209637582302094e-02 1.144556421786546707e-02 1.466502714902162552e-02 2.946733683347702026e-02 2.375908792018890381e-01 9.253165870904922485e-02 1.461540535092353821e-02 2.999121136963367462e-02 1.218438521027565002e-02 4.606937523931264877e-03 8.335388451814651489e-02 3.583997860550880432e-02 2.214982919394969940e-02 3.074162639677524567e-02 3.258241340517997742e-02 7.232775911688804626e-03 3.791805356740951538e-02 1.425158604979515076e-02 2.907057059928774834e-03 3.282893076539039612e-02 2.010675612837076187e-03 2.048704959452152252e-02 1.345396321266889572e-02 1.267411839216947556e-02 6.069798488169908524e-03 2.584428153932094574e-02 2.760895155370235443e-02 3.649738430976867676e-02 3.486507339403033257e-03 2.911938913166522980e-02 8.232031948864459991e-03 1.830500550568103790e-02 1.250632852315902710e-02 2.957347221672534943e-02 8.684844709932804108e-03 3.867850173264741898e-03 1.454176194965839386e-02 3.152612596750259399e-02 3.413192927837371826e-02 3.689742460846900940e-02
9.105299599468708038e-03 2.443722076714038849e-02 2.930605225265026093e-02 5.433598160743713379e-01 1.561005711555480957e-01 1.888383296318352222e-03 2.160625346004962921e-02 2.516362071037292480e-02 3.470204770565032959e-02 3.689010441303253174e-02 2.452328987419605255e-02 1.072608027607202530e-02 3.948113694787025452e-02 2.255391515791416168e-02 1.957579888403415680e-02 1.200457103550434113e-02 1.982990093529224396e-02 2.715270407497882843e-02 3.473183140158653259e-02 3.075141273438930511e-02 5.096598993986845016e-03 1.599632948637008667e-02 9.217870538122951984e-04 3.508992120623588562e-02 1.982912793755531311e-02 2.087385952472686768e-02 5.241113249212503433e-03 4.562628269195556641e-02 6.983102764934301376e-03 1.370653137564659119e-02 3.259762004017829895e-02 4.195476323366165161e-02 1.243683788925409317e-02 3.629007935523986816e-02 4.506263881921768188e-02 3.738453239202499390e-02 3.052348829805850983e-02 2.074384503066539764e-02 9.697273373603820801e-02 1.473249029368162155e-02 3.543036431074142456e-02 3.814970329403877258e-02 2.534706331789493561e-02 2.813584404066205025e-03 3.109432943165302277e-02 3.438970819115638733e-02 3.186038136482238770e-02 2.502547390758991241e-02 2.502248622477054596e-02 7.556316442787647247e-03 6.713192909955978394e-02 8.261241950094699860e-03 3.497702628374099731e-02 6.636291742324829102e-03 3.871214762330055237e-02 1.545894891023635864e-02 1.624372601509094238e-02 8.537346497178077698e-03 3.054815717041492462e-02 2.684982493519783020e-02 2.907730638980865479e-02 3.894257545471191406e-02 9.087050706148147583e-02 1.725306361913681030e-02 2.103998325765132904e-02 3.735747188329696655e-02 2.659145370125770569e-02 4.556611925363540649e-02 2.693957090377807617e-02 3.853463008999824524e-02 3.619417175650596619e-02 2.867531031370162964e-02 1.764635294675827026e-01 2.303010784089565277e-03 1.731817573308944702e-01 2.678559161722660065e-02 2.285114303231239319e-02 3.258648142218589783e-02 4.011080600321292877e-03 1.809317059814929962e-02 1.879924209788441658e-03 2.122884429991245270e-02 7.045806944370269775e-02 2.430135384202003479e-02 8.230325765907764435e-03 3.858782351016998291e-02 3.181254491209983826e-02 3.198845684528350830e-02 1.017873547971248627e-02 4.254916310310363770e-02 1.302399858832359314e-02 2.751765213906764984e-02 3.541138395667076111e-02 4.554635658860206604e-02 4.345958121120929718e-03 2.301925094798207283e-03 8.082529529929161072e-03 1.011321600526571274e-02 3.542172908782958984e-02 2.814435027539730072e-02 6.839739531278610229e-02 3.295954316854476929e-02 2.222087234258651733e-02 3.517286852002143860e-02 2.459266595542430878e-02 1.097131427377462387e-02 1.406306750141084194e-03 5.055765155702829361e-03 2.290758304297924042e-02 1.683377288281917572e-02 4.003420937806367874e-03 3.078935481607913971e-02 1.425776537507772446e-02 1.299086026847362518e-02 1.847939006984233856e-02 7.732444442808628082e-03
2.354264818131923676e-02 2.151395753026008606e-02 8.002610504627227783e-02 1.561005711555480957e-01 5.436891317367553711e-01 2.600181382149457932e-03 3.904441604390740395e-03 4.335726052522659302e-02 4.053638130426406860e-02 1.809957250952720642e-02 1.462929416447877884e-02 2.163944207131862640e-02 1.690535864327102900e-04 9.395333938300609589e-03 9.951330721378326416e-03 2.846864610910415649e-02 3.129625692963600159e-02 1.036275643855333328e-02 1.015264764428138733e-01 7.817227393388748169e-03 4.384909942746162415e-02 2.638958208262920380e-02 2.563409693539142609e-02 1.205359492450952530e-02 1.265238411724567413e-02 2.839027345180511475e-02 2.671701088547706604e-02 2.286206744611263275e-02 5.642665084451436996e-03 1.100121997296810150e-02 1.404133718460798264e-02 6.958695594221353531e-03 3.539527207612991333e-02 4.914785921573638916e-02 4.869217053055763245e-03 1.633052714169025421e-02 5.292899906635284424e-03 6.085361819714307785e-03 3.825729014351963997e-03 5.748077109456062317e-02 3.056623972952365875e-03 4.308714717626571655e-02 2.590697817504405975e-02 3.772765025496482849e-02 1.319810003042221069e-02 1.807114668190479279e-02 1.037786435335874557e-02 8.624362759292125702e-03 1.874269917607307434e-02 1.696550403721630573e-03 4.338998720049858093e-02 2.106405980885028839e-02 4.273788630962371826e-02 3.017235174775123596e-02 2.641808055341243744e-02 2.758164517581462860e-02 1.864421181380748749e-02 1.430252846330404282e-02 2.139288745820522308e-02 2.119856420904397964e-03 1.378823257982730865e-02 3.979072719812393188e-02 4.086037725210189819e-02 2.902187174186110497e-03 2.307251468300819397e-02 3.268077597022056580e-02 2.464389055967330933e-02 5.406068521551787853e-04 4.005370719823986292e-04 4.357532039284706116e-02 4.437127709388732910e-02 3.855156525969505310e-02 1.576795615255832672e-02 1.137782633304595947e-02 1.555218845605850220e-01 3.572814539074897766e-02 1.223715953528881073e-02 2.967604063451290131e-02 1.513956580311059952e-02 4.993358999490737915e-02 1.013254281133413315e-02 1.569084636867046356e-02 4.384154081344604492e-02 1.662589609622955322e-01 2.480878680944442749e-02 6.319151073694229126e-02 7.375615183264017105e-03 1.245343033224344254e-02 1.901234313845634460e-02 2.866006642580032349e-02 1.831849222071468830e-03 3.473526611924171448e-02 7.658856455236673355e-03 2.246858924627304077e-02 1.412374712526798248e-02 2.392483130097389221e-02 3.810448106378316879e-03 3.565647406503558159e-03 3.039075247943401337e-02 2.881909487769007683e-03 1.728490926325321198e-02 1.445856131613254547e-02 1.720506139099597931e-02 4.321526363492012024e-02 1.924306154251098633e-02 3.523703431710600853e-03 5.366855859756469727e-02 3.929714858531951904e-02 5.304147023707628250e-03 4.159675445407629013e-03 3.257967531681060791e-02 3.312660753726959229e-02 2.004732191562652588e-02 1.703147031366825104e-02 2.925571519881486893e-03 2.103738673031330109e-02
3.079462423920631409e-02 6.702774018049240112e-02 1.869959407486021519e-03 1.888383296318352222e-03 2.600181382149457932e-03 5.556997656822204590e-01 9.274888783693313599e-02 3.424226865172386169e-02 1.029441598802804947e-02 4.702711012214422226e-03 5.058694165199995041e-03 2.718348801136016846e-02 4.610904492437839508e-03 2.808920294046401978e-02 2.595113031566143036e-02 7.977000437676906586e-03 7.255979580804705620e-04 4.456031601876020432e-03 3.517733886837959290e-03 1.966036483645439148e-02 1.208000723272562027e-02 1.316124573349952698e-02 1.753857918083667755e-02 3.061955049633979797e-02 4.359331447631120682e-03 7.022899109870195389e-03 8.248195983469486237e-03 2.648541703820228577e-02 1.465196721255779266e-02 2.888694964349269867e-02 1.501473225653171539e-02 8.810151368379592896e-03 2.598753012716770172e-02 1.634120941162109375e-02 2.593234181404113770e-02 2.646620757877826691e-02 1.806614920496940613e-02 2.756928466260433197e-02 1.109020877629518509e-02 5.603832658380270004e-03 2.410345338284969330e-02 2.697920240461826324e-02 1.254035905003547668e-02 3.890645503997802734e-02 2.797811664640903473e-02 9.531457908451557159e-03 5.287789553403854370e-02 8.774389512836933136e-03 2.645722217857837677e-02 1.289082411676645279e-02 2.492052502930164337e-02 3.816040605306625366e-02 8.289819583296775818e-03 8.767730556428432465e-03 2.964725345373153687e-02 9.097582660615444183e-03 3.666405379772186279e-02 9.241471067070960999e-03 1.531841233372688293e-02 1.717007718980312347e-02 1.313072908669710159e-02 1.263202074915170670e-02 8.612043457105755806e-04 3.427945449948310852e-02 5.427793599665164948e-03 1.284420676529407501e-02 1.458844915032386780e-02 4.995317663997411728e-03 3.475043550133705139e-02 7.471740711480379105e-03 9.227919392287731171e-03 3.817318752408027649e-02 2.872691489756107330e-02 2.910433686338365078e-04 2.496838569641113281e-02 2.894967049360275269e-02 1.050096377730369568e-02 1.040046010166406631e-02 1.542189810425043106e-02 7.817150093615055084e-03 1.686138100922107697e-02 3.260605037212371826e-02 4.571029916405677795e-03 1.609324105083942413e-02 1.402990054339170456e-02 2.451631473377346992e-03 3.325097262859344482e-02 2.019344642758369446e-02 4.404486715793609619e-02 1.820660312660038471e-03 7.268880959600210190e-03 8.729456923902034760e-03 3.345043212175369263e-02 2.971188724040985107e-02 1.275440398603677750e-02 1.882268115878105164e-02 1.342527661472558975e-02 2.311953157186508179e-02 1.873944711405783892e-04 5.947095807641744614e-03 1.049731578677892685e-02 7.734023965895175934e-03 2.519471338018774986e-03 2.276324667036533356e-02 2.458767779171466827e-02 8.293272927403450012e-03 7.172694895416498184e-03 1.834230683743953705e-02 2.668943814933300018e-02 2.169686369597911835e-02 3.273404389619827271e-02 5.523790046572685242e-02 1.273780874907970428e-02 3.414158150553703308e-02 2.928544208407402039e-02 3.621175885200500488e-02
1.181055326014757156e-02 1.886373572051525116e-02 3.092916496098041534e-02 2.160625346004962921e-02 3.904441604390740395e-03 9.274888783693313599e-02 5.560708642005920410e-01 3.906432539224624634e-02 1.776915043592453003e-02 1.482902746647596359e-02 2.052130550146102905e-02 2.506984025239944458e-02 2.331339195370674133e-02 4.720459505915641785e-02 4.411665722727775574e-02 4.328715149313211441e-03 2.571073174476623535e-02 3.957153297960758209e-03 1.189968362450599670e-02 3.184100240468978882e-02 7.087616249918937683e-04 2.881057932972908020e-02 1.404643710702657700e-02 3.261116519570350647e-02 2.275404985994100571e-03 1.432356424629688263e-03 2.167222835123538971e-02 1.384130120277404785e-02 3.858562558889389038e-02 5.003705155104398727e-03 2.433442883193492889e-02 2.312872372567653656e-02 3.825055062770843506e-02 1.767706125974655151e-02 2.180927619338035583e-02 1.465722080320119858e-02 1.246181037276983261e-02 3.387619554996490479e-02 2.040453813970088959e-02 3.361461916938424110e-03 3.719399124383926392e-02 4.757024813443422318e-03 1.312501961365342140e-03 1.517703384160995483e-02 1.996021158993244171e-02 2.475112117826938629e-02 5.172137171030044556e-02 7.522886991500854492e-02 2.379442192614078522e-02 2.621384337544441223e-02 1.411507092416286469e-02 1.098033972084522247e-02 1.818002900108695030e-03 1.043815882439957932e-05 3.790402039885520935e-02 2.711441554129123688e-02 2.677421830594539642e-02 1.454081386327743530e-02 1.324261166155338287e-02 4.899984225630760193e-03 3.178733959794044495e-02 1.161783002316951752e-03 1.952450722455978394e-02 4.880425333976745605e-02 3.209863230586051941e-02 9.542954154312610626e-03 1.862912811338901520e-02 2.542542759329080582e-03 3.021761402487754822e-02 1.455821003764867783e-02 5.491846054792404175e-02 2.917653694748878479e-02 2.585891261696815491e-02 2.507409825921058655e-02 2.603288367390632629e-02 1.629359647631645203e-02 5.499260034412145615e-03 1.782661117613315582e-02 4.014061298221349716e-03 1.748689264059066772e-02 3.701707720756530762e-02 1.987111195921897888e-02 2.609713701531291008e-03 1.215260010212659836e-02 4.570286720991134644e-03 1.074397005140781403e-02 6.570153404027223587e-03 1.602763123810291290e-02 4.679419565945863724e-03 3.035148419439792633e-02 3.518410027027130127e-02 1.717894151806831360e-02 4.603129997849464417e-02 2.283730730414390564e-02 1.017902418971061707e-02 7.488117553293704987e-03 1.390382996760308743e-03 1.454495266079902649e-02 2.227631397545337677e-03 2.065569907426834106e-02 2.492311410605907440e-02 1.870017871260643005e-02 5.092577077448368073e-03 3.170157782733440399e-03 3.242259845137596130e-02 1.674466580152511597e-02 2.637141384184360504e-03 2.865389361977577209e-02 3.290726244449615479e-02 6.370058283209800720e-03 7.232464849948883057e-03 5.276915058493614197e-02 1.671859622001647949e-02 1.737956330180168152e-02 2.419641241431236267e-02 5.590945482254028320e-03
3.771713003516197205e-02 4.048150498420000076e-03 2.586940228939056396e-01 2.516362071037292480e-02 4.335726052522659302e-02 3.424226865172386169e-02 3.906432539224624634e-02 5.484770536422729492e-01 1.759932190179824829e-02 2.587842568755149841e-02 1.091508194804191589e-02 2.127630868926644325e-03 1.475156843662261963e-02 1.721579022705554962e-02 7.834620028734207153e-02 1.456313394010066986e-02 1.278184819966554642e-02 1.817592419683933258e-02 1.614568382501602173e-02 1.575150899589061737e-02 5.088096484541893005e-02 2.899822965264320374e-02 1.545369252562522888e-02 5.353238084353506565e-04 2.117860130965709686e-02 1.072931475937366486e-02 2.078165300190448761e-02 2.709222212433815002e-02 2.218241058290004730e-02 1.639608666300773621e-02 5.460434034466743469e-02 3.922127187252044678e-02 3.223389759659767151e-02 3.034645691514015198e-02 3.147216513752937317e-02 6.972338072955608368e-03 1.437880378216505051e-02 1.431996189057826996e-02 1.920871809124946594e-02 9.569601155817508698e-03 4.225920140743255615e-02 1.213219668716192245e-02 4.191218875348567963e-03 6.974875926971435547e-02 4.972577560693025589e-03 2.556443400681018829e-02 9.307960979640483856e-03 2.386800944805145264e-02 2.119481004774570465e-02 7.854814641177654266e-03 3.108227998018264771e-02 2.287114039063453674e-04 5.871937144547700882e-03 3.449656814336776733e-02 1.774670928716659546e-02 1.071398891508579254e-02 1.665448956191539764e-02 2.883223630487918854e-02 1.318184193223714828e-02 3.288031788542866707e-03 1.273872237652540207e-02 1.787124946713447571e-02 1.641581393778324127e-02 1.241481490433216095e-02 1.016227435320615768e-02 2.849485725164413452e-02 2.107427269220352173e-02 2.497961185872554779e-02 3.185084788128733635e-03 5.340939387679100037e-03 1.956864632666110992e-02 3.765152022242546082e-02 1.049416139721870422e-02 2.374080196022987366e-02 4.412437602877616882e-02 3.850415349006652832e-02 2.826227806508541107e-02 1.206751354038715363e-02 2.526207268238067627e-02 3.891406208276748657e-02 1.705228835344314575e-01 9.813963621854782104e-02 7.531294599175453186e-03 1.477729901671409607e-02 4.236459359526634216e-02 9.262344799935817719e-03 9.460997581481933594e-02 3.312865272164344788e-02 1.009767409414052963e-02 8.814893662929534912e-03 3.212523087859153748e-02 1.402134634554386139e-02 2.122656255960464478e-02 1.402266975492238998e-02 9.169440716505050659e-03 1.180983893573284149e-02 1.898078061640262604e-02 3.509158641099929810e-02 1.669433712959289551e-02 3.124577365815639496e-02 3.823056071996688843e-02 3.449303656816482544e-02 2.491003833711147308e-02 2.437672764062881470e-02 2.059127017855644226e-02 4.083463922142982483e-02 1.623109914362430573e-02 1.025665365159511566e-02 3.330539911985397339e-02 7.320948876440525055e-03 5.537008866667747498e-03 1.474829763174057007e-02 1.958972401916980743e-02 2.108489535748958588e-02 2.738831378519535065e-02 2.318242564797401428e-02
1.853369176387786865e-02 6.794313900172710419e-03 2.811011485755443573e-02 3.470204770565032959e-02 4.053638130426406860e-02 1.029441598802804947e-02 1.776915043592453003e-02 1.759932190179824829e-02 5.567522644996643066e-01 7.761321496218442917e-03 1.701529324054718018e-02 3.557532280683517456e-02 2.623680047690868378e-02 2.423599362373352051e-02 3.307624533772468567e-02 1.591631583869457245e-02 1.834450376918539405e-04 1.142359226942062378e-01 1.982681080698966980e-02 3.661055862903594971e-02 3.207942843437194824e-02 3.876146627590060234e-03 4.071479290723800659e-02 1.160982251167297363e-02 3.044346906244754791e-02 5.586955696344375610e-02 4.859942011535167694e-03 2.442742697894573212e-02 4.152263049036264420e-03 8.550492115318775177e-03 1.322973147034645081e-02 7.919618859887123108e-03 1.708200201392173767e-02 1.806793548166751862e-02 2.361935190856456757e-02 1.367169548757374287e-03 2.796630002558231354e-02 2.738130837678909302e-02 2.421865984797477722e-02 5.113359168171882629e-02 2.570769563317298889e-02 4.542273283004760742e-02 1.060398388653993607e-02 4.060827195644378662e-02 3.261213377118110657e-02 1.712838420644402504e-03 1.830655336380004883e-02 1.804095320403575897e-02 1.158888172358274460e-02 3.299842402338981628e-02 2.714316733181476593e-02 1.128073967993259430e-02 9.466958232223987579e-03 3.325535356998443604e-02 5.698736011981964111e-02 6.547843106091022491e-03 6.438590120524168015e-03 1.135817542672157288e-02 7.958098314702510834e-03 2.325411327183246613e-02 4.060691222548484802e-02 3.654654137790203094e-03 4.102961346507072449e-02 2.450169995427131653e-02 1.181604340672492981e-02 1.244615484029054642e-02 4.276640340685844421e-02 3.041557967662811279e-02 3.203253820538520813e-02 4.498825874179601669e-03 4.585441201925277710e-03 7.332988083362579346e-03 1.550728268921375275e-02 3.562373109161853790e-03 5.454135825857520103e-04 2.166566066443920135e-02 1.098161116242408752e-01 2.166075631976127625e-02 5.319361388683319092e-02 1.967261545360088348e-02 2.647173963487148285e-02 1.740259304642677307e-02 7.096245884895324707e-02 2.057938463985919952e-02 3.915854915976524353e-02 3.872679546475410461e-02 3.489365801215171814e-02 1.266791764646768570e-02 4.584920126944780350e-03 1.266956608742475510e-02 2.021832624450325966e-03 1.493895798921585083e-02 1.180046517401933670e-02 1.028512604534626007e-02 2.563659287989139557e-02 2.249635010957717896e-02 2.379060490056872368e-03 1.664059050381183624e-02 4.466706141829490662e-02 1.570190419442951679e-03 4.110923409461975098e-02 1.525757275521755219e-02 1.658977195620536804e-02 2.041170373558998108e-02 3.734105499461293221e-03 3.675965592265129089e-02 4.214886948466300964e-02 3.615899756550788879e-02 8.418355137109756470e-03 3.770546521991491318e-03 1.609298214316368103e-02 4.408910498023033142e-02 1.383046805858612061e-02 1.739134453237056732e-02 2.032196894288063049e-02 1.378803746774792671e-03
1.577601954340934753e-02 2.175521291792392731e-02 3.226545639336109161e-03 3.689010441303253174e-02 1.809957250952720642e-02 4.702711012214422226e-03 1.482902746647596359e-02 2.587842568755149841e-02 7.761321496218442917e-03 5.708094835281372070e-01 3.549676015973091125e-02 1.945675350725650787e-02 1.158841885626316071e-02 5.568632856011390686e-02 9.322766214609146118e-03 9.284234605729579926e-03 6.173000670969486237e-03 1.658921502530574799e-02 1.067519187927246094e-01 2.049762196838855743e-02 3.572279587388038635e-02 5.908862221986055374e-03 2.469876036047935486e-02 6.081542372703552246e-02 3.739555180072784424e-02 4.424131661653518677e-02 1.352343335747718811e-02 1.229392178356647491e-02 4.652526602149009705e-02 3.615586832165718079e-02 1.796890981495380402e-02 5.670227110385894775e-03 3.342483565211296082e-02 1.091560535132884979e-02 5.702938418835401535e-03 5.447569862008094788e-02 1.771972142159938812e-02 2.376506105065345764e-02 4.299908410757780075e-03 1.392639055848121643e-02 1.567794824950397015e-04 4.016722738742828369e-02 4.628678783774375916e-02 1.126185618340969086e-02 1.883999817073345184e-02 5.437604337930679321e-02 9.790258482098579407e-03 6.145769357681274414e-02 3.555062785744667053e-02 6.196988746523857117e-02 2.723816409707069397e-02 2.907267538830637932e-03 2.708858437836170197e-02 8.760073222219944000e-03 5.121651105582714081e-03 6.588447839021682739e-02 4.231963772326707840e-03 3.135912865400314331e-02 1.394553808495402336e-03 6.161559838801622391e-03 5.379674211144447327e-02 1.469637826085090637e-02 8.551049046218395233e-03 3.749329829588532448e-03 3.854053467512130737e-02 1.183035783469676971e-03 2.941864170134067535e-02 2.726856805384159088e-02 3.773048520088195801e-02 6.195217370986938477e-03 1.014514174312353134e-02 2.663677744567394257e-02 2.833296731114387512e-02 1.539353281259536743e-02 3.126849234104156494e-02 1.925242831930518150e-03 3.115018829703330994e-02 1.026517599821090698e-01 4.765652120113372803e-03 1.167088150978088379e-01 3.367867693305015564e-02 2.126303501427173615e-02 3.461842983961105347e-02 7.982574403285980225e-02 4.520944878458976746e-02 9.097818285226821899e-03 5.093505606055259705e-02 1.413927972316741943e-02 1.361460145562887192e-02 1.084531471133232117e-01 8.536559529602527618e-03 3.392239660024642944e-02 2.729392610490322113e-02 2.924650721251964569e-02 6.448380649089813232e-03 3.091984835918992758e-04 1.016552001237869263e-02 3.837127238512039185e-02 9.505230002105236053e-03 1.772771403193473816e-02 4.041371122002601624e-02 3.400074318051338196e-02 3.653840720653533936e-02 3.021928481757640839e-02 3.941886872053146362e-02 3.075563907623291016e-02 2.421654015779495239e-02 2.760976739227771759e-02 2.503301948308944702e-02 5.708094686269760132e-02 1.065350230783224106e-02 4.665173217654228210e-02 1.828088797628879547e-02 3.665089607238769531e-02 4.249526560306549072e-02 1.099135144613683224e-03
2.749119885265827179e-02 1.171199232339859009e-02 2.667304873466491699e-02 2.452328987419605255e-02 1.462929416447877884e-02 5.058694165199995041e-03 2.052130550146102905e-02 1.091508194804191589e-02 1.701529324054718018e-02 3.549676015973091125e-02 5.683390498161315918e-01 1.408545020967721939e-02 7.680007256567478180e-03 1.309094391763210297e-02 4.139903467148542404e-03 1.699542440474033356e-02 2.047448419034481049e-02 5.197149887681007385e-02 4.106161743402481079e-02 3.697843477129936218e-02 3.848748654127120972e-02 3.525109216570854187e-02 6.540729198604822159e-03 4.178492235951125622e-05 2.961570397019386292e-02 2.935906313359737396e-02 2.313090674579143524e-02 2.256050519645214081e-02 6.967937201261520386e-02 2.251023985445499420e-02 5.165239796042442322e-02 2.887461159843951464e-04 1.646127365529537201e-02 3.843965241685509682e-03 1.391125377267599106e-02 9.705037809908390045e-03 3.494634525850415230e-03 1.288197189569473267e-02 2.921323291957378387e-03 3.167464165017008781e-03 3.938372433185577393e-02 2.185735851526260376e-02 6.293875165283679962e-03 3.484752774238586426e-02 3.245788067579269409e-02 5.642016232013702393e-02 1.132760569453239441e-02 1.883441209793090820e-02 1.873551681637763977e-02 3.246803581714630127e-02 8.149826899170875549e-03 1.279326528310775757e-02 2.034302800893783569e-02 7.923880591988563538e-03 2.522484026849269867e-02 2.418722212314605713e-02 1.127931172959506512e-03 6.818686611950397491e-03 2.386678097536787391e-04 7.488078903406858444e-03 1.997331390157341957e-03 1.038230583071708679e-02 2.022553933784365654e-03 3.215126926079392433e-03 4.363149404525756836e-02 1.699638925492763519e-02 1.760051958262920380e-02 1.957176811993122101e-02 5.953450221568346024e-03 6.285515613853931427e-03 5.918843817198649049e-05 1.791755110025405884e-02 2.888815011829137802e-03 6.206582300364971161e-03 1.868888153694570065e-03 1.802394166588783264e-02 2.251734957098960876e-03 1.229013316333293915e-02 3.935663029551506042e-02 3.873557969927787781e-02 2.083419449627399445e-02 3.036361746490001678e-02 9.733916376717388630e-04 9.995331987738609314e-03 7.228482514619827271e-03 2.082935068756341934e-03 2.185009047389030457e-02 2.494170144200325012e-02 5.427112337201833725e-03 4.224415868520736694e-02 3.563660383224487305e-02 2.768699452280998230e-02 8.557328954339027405e-03 6.025781854987144470e-03 6.544936913996934891e-03 3.489025402814149857e-03 4.212832543998956680e-03 3.995852079242467880e-03 1.195280905812978745e-02 3.122894559055566788e-03 3.126025572419166565e-02 2.103635668754577637e-02 1.402898039668798447e-02 3.777158446609973907e-03 3.899823129177093506e-02 2.420457452535629272e-02 8.111597038805484772e-03 7.276921533048152924e-03 2.615425363183021545e-02 2.502909116446971893e-02 1.307236496359109879e-02 1.216783095151185989e-02 3.163996711373329163e-02 1.760183647274971008e-02 3.054885566234588623e-02 1.887992548290640116e-04
9.579304605722427368e-03 7.104362157406285405e-05 9.305426501668989658e-04 1.072608027607202530e-02 2.163944207131862640e-02 2.718348801136016846e-02 2.506984025239944458e-02 2.127630868926644325e-03 3.557532280683517456e-02 1.945675350725650787e-02 1.408545020967721939e-02 5.682328939437866211e-01 3.062219358980655670e-02 1.004348620772361755e-01 2.904723212122917175e-02 3.198304772377014160e-02 5.634076520800590515e-02 1.074519380927085876e-02 2.086781151592731476e-02 3.441823646426200867e-02 1.999753527343273163e-02 2.472755871713161469e-02 8.051409386098384857e-03 2.106908941641449928e-03 2.949433214962482452e-02 3.206446766853332520e-02 5.086499825119972229e-02 7.964284718036651611e-02 1.652230136096477509e-02 7.706472277641296387e-02 3.606624156236648560e-02 2.619488537311553955e-02 4.552320763468742371e-02 4.475115984678268433e-02 2.163778245449066162e-02 4.042990971356630325e-03 5.887411534786224365e-03 2.192717604339122772e-02 4.667644388973712921e-03 1.241634879261255264e-02 1.217783894389867783e-03 1.456223521381616592e-02 4.352073743939399719e-02 1.164507959038019180e-02 7.708074152469635010e-02 4.534478858113288879e-02 5.172042176127433777e-02 4.689361527562141418e-02 2.279615588486194611e-02 4.585979878902435303e-02 2.752670459449291229e-02 2.187783597037196159e-03 1.362270675599575043e-02 2.795509062707424164e-02 3.803109377622604370e-02 3.775849938392639160e-02 3.803027421236038208e-02 3.013171628117561340e-02 2.695962414145469666e-02 1.960805431008338928e-02 4.114628583192825317e-02 4.004947841167449951e-02 2.886859932914376259e-03 3.875831142067909241e-02 1.667364849708974361e-04 1.062000263482332230e-02 4.351160675287246704e-02 2.997018583118915558e-02 3.519660234451293945e-02 1.336748525500297546e-02 2.865913324058055878e-02 1.784246973693370819e-02 1.575439935550093651e-03 9.009048342704772949e-03 5.758965853601694107e-03 3.049008734524250031e-02 1.974192261695861816e-02 1.221167575567960739e-02 6.708391755819320679e-02 3.233567625284194946e-02 3.060072660446166992e-02 1.032623369246721268e-02 3.260885551571846008e-02 3.766033425927162170e-02 4.749283939599990845e-02 3.442234545946121216e-02 2.772630564868450165e-02 6.015570368617773056e-03 1.500392612069845200e-02 2.997672371566295624e-02 2.138017490506172180e-02 8.009287528693675995e-03 1.642750948667526245e-02 2.873805537819862366e-02 2.574941515922546387e-02 1.764102093875408173e-02 2.050603181123733521e-02 2.874352782964706421e-02 1.203135214745998383e-02 1.626844145357608795e-02 2.165604569017887115e-02 3.440228849649429321e-02 1.629677042365074158e-02 4.807618446648120880e-03 2.379493601620197296e-02 1.987299323081970215e-02 1.421606820076704025e-02 2.280781604349613190e-02 8.682661689817905426e-03 2.030850946903228760e-02 8.084614761173725128e-03 1.155212149024009705e-02 4.591635614633560181e-02 4.040871188044548035e-02 3.630870208144187927e-02 2.666462585330009460e-02
1.126075908541679382e-02 3.067840076982975006e-02 6.000008899718523026e-03 3.948113694787025452e-02 1.690535864327102900e-04 4.610904492437839508e-03 2.331339195370674133e-02 1.475156843662261963e-02 2.623680047690868378e-02 1.158841885626316071e-02 7.680007256567478180e-03 3.062219358980655670e-02 5.766898989677429199e-01 2.684546262025833130e-02 1.303305849432945251e-02 5.534279625862836838e-03 8.000549860298633575e-03 1.802460849285125732e-02 5.620573181658983231e-03 9.628886356949806213e-03 1.637240312993526459e-02 2.489835582673549652e-02 3.080689348280429840e-04 1.003621844574809074e-03 1.518866512924432755e-02 1.005727704614400864e-02 2.414361573755741119e-02 2.945236628875136375e-03 5.120537430047988892e-02 7.607747800648212433e-03 3.077491745352745056e-02 2.123042242601513863e-03 5.853405687958002090e-03 7.927914150059223175e-03 1.186141837388277054e-02 8.091391064226627350e-03 9.245593100786209106e-03 1.217304449528455734e-02 1.010788511484861374e-02 1.121435873210430145e-02 5.681909620761871338e-03 1.315032877027988434e-02 2.011992502957582474e-03 1.855361647903919220e-02 6.086141243577003479e-02 2.977309562265872955e-02 8.530235849320888519e-03 3.355368599295616150e-02 2.365108393132686615e-02 1.956643164157867432e-02 1.734532602131366730e-02 1.862006820738315582e-02 1.053169649094343185e-02 3.561308141797780991e-03 1.973523013293743134e-02 4.810064565390348434e-03 6.733071524649858475e-03 8.570729754865169525e-03 6.153685972094535828e-03 1.136067416518926620e-02 7.324421312659978867e-03 2.414578339084982872e-03 1.468469016253948212e-02 1.533658523112535477e-02 7.994354702532291412e-03 2.362763881683349609e-02 1.427875645458698273e-02 1.500406209379434586e-02 1.079516950994729996e-02 9.677232243120670319e-03 2.622856525704264641e-03 5.755585618317127228e-03 2.454172819852828979e-02 1.099161338061094284e-02 9.029926732182502747e-03 2.938446961343288422e-02 2.627968229353427887e-02 1.208285428583621979e-02 4.005038365721702576e-02 1.543775573372840881e-02 2.888692729175090790e-02 1.759893447160720825e-02 1.094815693795681000e-02 9.734026156365871429e-03 2.669527661055326462e-03 4.106833599507808685e-03 6.724808830767869949e-03 1.746737770736217499e-02 1.213872525840997696e-02 9.722113609313964844e-03 5.507854744791984558e-03 1.324806455522775650e-02 9.981321636587381363e-04 1.977443881332874298e-02 8.399630314670503139e-04 2.414246788248419762e-03 1.870634779334068298e-02 2.949814870953559875e-02 2.744943369179964066e-03 1.290345285087823868e-02 6.394827272742986679e-03 3.215697361156344414e-03 1.225920021533966064e-02 8.734798058867454529e-03 8.991443319246172905e-04 9.816906414926052094e-03 2.075632847845554352e-02 4.821073263883590698e-03 1.274464558809995651e-02 1.117746531963348389e-02 1.037555560469627380e-02 1.825218088924884796e-02 8.783522993326187134e-03 3.296507289633154869e-03 3.649992495775222778e-02 2.482740022242069244e-02
