4.286751449108123779e-01 1.151357144117355347e-01 2.627871697768568993e-03 2.562603913247585297e-02 3.868019580841064453e-02 4.962453618645668030e-02 2.748351171612739563e-02 1.340617425739765167e-02 1.126328334212303162e-01 4.334052279591560364e-02 1.537603586912155151e-01 2.518717199563980103e-02 4.732009395956993103e-02 1.314247772097587585e-02 8.438278920948505402e-03 1.605588011443614960e-02 1.959466189146041870e-02 2.123391628265380859e-02 1.826789043843746185e-02 2.989644929766654968e-02 1.865666545927524567e-02 1.335251703858375549e-02 3.395558893680572510e-02 2.066580345854163170e-03 3.527887165546417236e-02 3.255058452486991882e-02 1.939080283045768738e-02 3.219968825578689575e-02 2.646459825336933136e-02 3.989103436470031738e-02 3.472875058650970459e-02 4.222772549837827682e-03 2.262008376419544220e-02 2.184686250984668732e-02 4.499341174960136414e-02 2.243939321488142014e-03 2.270042151212692261e-02 4.933534562587738037e-02 1.927022263407707214e-02 1.691025309264659882e-02 2.423714287579059601e-02 5.094301700592041016e-02 2.871893160045146942e-02 4.096389934420585632e-02 4.057730361819267273e-02 2.567450329661369324e-02 1.109641976654529572e-02 3.677782416343688965e-02 3.714139759540557861e-02 2.515203505754470825e-02 3.083779849112033844e-02 9.563499130308628082e-03 8.046885486692190170e-04 3.036768175661563873e-02 9.493879042565822601e-03 9.393417858518660069e-04 2.435554563999176025e-02 2.999152988195419312e-02 1.742112636566162109e-02 1.617751829326152802e-02 4.738041199743747711e-03 2.117300219833850861e-02 2.539997920393943787e-02 4.461076855659484863e-02 5.328991264104843140e-02 1.672937907278537750e-02 4.034951329231262207e-02 3.648722916841506958e-02 2.267922461032867432e-02 6.768465507775545120e-03 2.544463239610195160e-02 3.064759075641632080e-02 1.974241249263286591e-02 5.025360360741615295e-02 1.162264775484800339e-02 4.365701973438262939e-02 1.052301228046417236e-01 3.444494213908910751e-04 1.060988660901784897e-02 1.180700119584798813e-02 3.654944151639938354e-02 4.602967575192451477e-02 2.839563786983489990e-02 1.735618896782398224e-02 3.699737042188644409e-02 2.936096116900444031e-02 6.148151122033596039e-03 4.490366950631141663e-02 4.072174429893493652e-02 2.091683633625507355e-02 5.621414631605148315e-02 1.532172411680221558e-02 7.122316863387823105e-03 3.819799050688743591e-02 5.268643423914909363e-02 4.712500050663948059e-02 2.795354276895523071e-02 5.532131064683198929e-03 2.072220668196678162e-02 3.584877029061317444e-02 2.060581371188163757e-02 3.292858367785811424e-03 3.169959411025047302e-02 1.191214285790920258e-02 2.186918631196022034e-02 2.139803394675254822e-02 3.371392609551548958e-03 2.691455185413360596e-02 2.539893053472042084e-02 2.491805888712406158e-02 2.899249456822872162e-02 8.172344416379928589e-02 5.653901770710945129e-02 3.886260464787483215e-02 2.633257582783699036e-02 3.786668181419372559e-02
1.151357144117355347e-01 4.304241240024566650e-01 9.855973534286022186e-03 1.889944821596145630e-02 5.903826560825109482e-03 1.676666364073753357e-02 1.714558154344558716e-01 1.990188146010041237e-03 3.476951271295547485e-02 2.381750673521310091e-04 9.088501334190368652e-03 8.677160367369651794e-03 1.428245604038238525e-01 7.247787434607744217e-03 3.336915373802185059e-02 2.125680819153785706e-02 6.544996984302997589e-03 1.823231019079685211e-02 1.214661728590726852e-02 4.463477432727813721e-02 2.647946216166019440e-02 2.740323310717940331e-03 4.201111197471618652e-02 3.244166821241378784e-02 4.336519911885261536e-02 2.068970166146755219e-02 9.134861826896667480e-02 2.721032872796058655e-02 6.686542183160781860e-02 4.191416129469871521e-02 3.766437619924545288e-02 4.389343317598104477e-03 3.027077578008174896e-02 2.981393039226531982e-02 7.833743002265691757e-04 3.232111409306526184e-02 3.350332379341125488e-02 6.531632691621780396e-02 2.742343023419380188e-02 1.628171280026435852e-02 3.985841199755668640e-02 7.389684324152767658e-04 3.103288076817989349e-02 2.690820768475532532e-02 9.978372603654861450e-03 4.528832063078880310e-02 1.170709878206253052e-01 1.906252466142177582e-02 1.069601904600858688e-02 2.672944217920303345e-02 7.254702970385551453e-03 1.973942667245864868e-02 5.440195649862289429e-02 4.395245015621185303e-02 1.294444222003221512e-02 3.674850985407829285e-02 2.647127583622932434e-02 2.449999749660491943e-02 3.216159716248512268e-02 3.039704076945781708e-02 4.429815709590911865e-02 3.486071154475212097e-02 5.123706534504890442e-02 4.675343260169029236e-02 3.472147509455680847e-02 5.076750367879867554e-02 3.884176537394523621e-02 3.079242445528507233e-02 3.288295865058898926e-02 2.913443930447101593e-02 7.167243864387273788e-03 3.110441938042640686e-02 1.726940460503101349e-02 8.636174350976943970e-02 3.906331211328506470e-02 3.285345435142517090e-02 1.032910426147282124e-03 1.246326509863138199e-02 2.462448179721832275e-02 8.797022514045238495e-03 2.979747019708156586e-02 1.174020767211914062e-02 2.954177558422088623e-02 4.065964836627244949e-03 3.132982924580574036e-02 7.244839519262313843e-02 2.708189934492111206e-02 5.274225026369094849e-02 1.914373971521854401e-02 4.439359158277511597e-02 6.177951768040657043e-02 4.083578288555145264e-02 4.201954603195190430e-02 4.633683711290359497e-02 3.323761001229286194e-02 1.925335638225078583e-02 4.964823648333549500e-02 2.726625837385654449e-02 1.801609992980957031e-02 4.622340574860572815e-02 1.808432303369045258e-02 8.427126333117485046e-03 2.707294002175331116e-02 3.826953470706939697e-02 7.958818227052688599e-03 1.521049253642559052e-02 2.604923397302627563e-02 1.870202086865901947e-02 8.781956508755683899e-03 5.562121979892253876e-03 5.245309323072433472e-03 4.240150749683380127e-02 1.530553679913282394e-02 7.772294338792562485e-03 3.886484075337648392e-03 2.968534827232360840e-02
2.627871697768568993e-03 9.855973534286022186e-03 4.152365326881408691e-01 8.912796154618263245e-03 2.339710667729377747e-02 4.316167533397674561e-02 4.178048670291900635e-02 1.077553257346153259e-01 9.696779772639274597e-03 2.443290501832962036e-02 2.512519247829914093e-02 1.641745306551456451e-02 2.821261063218116760e-03 3.760836645960807800e-02 5.381745472550392151e-02 3.906616196036338806e-02 2.802879922091960907e-02 4.051059484481811523e-03 6.736491620540618896e-02 2.573089115321636200e-02 2.746629156172275543e-02 1.917689293622970581e-02 1.540211122483015060e-02 3.921691386494785547e-04 2.174098975956439972e-02 2.198619209229946136e-02 4.484286997467279434e-03 1.160590071231126785e-02 2.969269640743732452e-02 1.584816351532936096e-02 7.651506364345550537e-02 1.642089523375034332e-02 1.963886618614196777e-02 3.774515539407730103e-02 7.824662141501903534e-03 9.981472976505756378e-04 4.694110900163650513e-02 3.712130337953567505e-02 1.895530894398689270e-02 2.276540733873844147e-02 2.358082495629787445e-02 3.213348239660263062e-02 4.366043210029602051e-02 6.680911034345626831e-02 3.409017249941825867e-02 1.227718032896518707e-02 1.696604862809181213e-02 7.453950587660074234e-03 2.115814574062824249e-02 4.284543544054031372e-02 2.502882154658436775e-03 3.414930775761604309e-02 3.036126680672168732e-02 3.193549811840057373e-02 2.836206369102001190e-02 4.909290373325347900e-02 7.639209274202585220e-03 2.192598208785057068e-02 7.734054699540138245e-03 1.290232967585325241e-02 3.555685654282569885e-02 5.470034480094909668e-02 3.532659262418746948e-02 4.260643851011991501e-03 2.499114163219928741e-02 4.575422778725624084e-02 2.463974989950656891e-03 4.757146909832954407e-02 8.338064700365066528e-02 1.048011891543865204e-02 5.964110791683197021e-02 1.563346199691295624e-02 2.743231505155563354e-02 6.698840856552124023e-02 2.397333271801471710e-02 2.809239551424980164e-02 2.298553101718425751e-02 6.083375215530395508e-02 8.541173301637172699e-03 3.443578630685806274e-02 1.030103787779808044e-01 9.752437472343444824e-02 3.638386353850364685e-02 2.536279847845435143e-03 4.388360306620597839e-02 3.289469704031944275e-02 3.278747573494911194e-02 4.945977777242660522e-02 7.129184086807072163e-04 7.449752092361450195e-02 1.142872730270028114e-03 8.703331463038921356e-03 3.628132864832878113e-02 1.855433918535709381e-03 1.970650255680084229e-02 3.715648502111434937e-02 1.282681431621313095e-02 2.526312833651900291e-03 1.816406287252902985e-02 3.522172570228576660e-02 4.892317578196525574e-02 4.326606914401054382e-02 3.956222161650657654e-02 4.122140631079673767e-02 3.772644698619842529e-02 1.237018592655658722e-02 4.481594264507293701e-02 6.367465481162071228e-03 8.867868222296237946e-03 6.726347375661134720e-03 2.309855818748474121e-02 1.616629771888256073e-02 2.076285891234874725e-02 4.407560080289840698e-02 3.041903302073478699e-02 1.111647812649607658e-03
2.562603913247585297e-02 1.889944821596145630e-02 8.912796154618263245e-03 4.203082323074340820e-01 1.530490536242723465e-02 3.409131988883018494e-02 1.942303264513611794e-03 9.059674106538295746e-03 2.572767995297908783e-02 4.694035276770591736e-02 2.398307248950004578e-02 3.141183033585548401e-02 1.424778718501329422e-02 1.651721447706222534e-02 2.914504706859588623e-02 4.640979692339897156e-02 8.126385509967803955e-02 2.662686817348003387e-02 4.803609848022460938e-02 4.427871480584144592e-02 4.224364459514617920e-02 2.739848196506500244e-02 3.825372830033302307e-02 2.693588472902774811e-02 2.042489126324653625e-02 4.983555153012275696e-02 3.694290993735194206e-03 3.150992095470428467e-02 2.307979576289653778e-02 9.076237678527832031e-03 4.333237558603286743e-02 1.369141275063157082e-03 5.485775880515575409e-03 1.496549975126981735e-02 1.473415736109018326e-02 6.292094942182302475e-03 1.141426060348749161e-02 1.518905442208051682e-02 4.703599959611892700e-02 3.014105558395385742e-02 2.430227212607860565e-02 4.079534113407135010e-02 4.397628083825111389e-02 3.003126243129372597e-03 2.948715537786483765e-02 4.946283064782619476e-03 8.026522584259510040e-03 7.332299370318651199e-03 2.148540131747722626e-02 7.388084195554256439e-03 3.706984221935272217e-02 2.708000130951404572e-02 3.411760553717613220e-02 2.968286909162998199e-02 1.985778287053108215e-02 1.867146790027618408e-02 4.696356132626533508e-03 2.599174529314041138e-02 1.714509725570678711e-02 1.996709592640399933e-02 4.425149038434028625e-02 2.650471590459346771e-02 3.181577892974019051e-03 1.358661986887454987e-02 2.217814885079860687e-02 1.324953511357307434e-02 5.377192981541156769e-03 1.374078635126352310e-02 5.681128241121768951e-03 3.697825968265533447e-02 1.595430076122283936e-02 4.127673059701919556e-02 3.836707770824432373e-02 2.479438483715057373e-02 6.688962131738662720e-02 3.022224456071853638e-02 1.237278338521718979e-02 1.181644760072231293e-02 4.105937108397483826e-02 4.705210216343402863e-03 3.922849893569946289e-02 4.300143569707870483e-02 1.074467319995164871e-02 9.749758988618850708e-03 4.979818314313888550e-02 3.116186708211898804e-02 3.590101003646850586e-02 4.023053124547004700e-02 3.613240551203489304e-03 6.230510398745536804e-02 2.147660031914710999e-02 7.936160080134868622e-03 6.315885111689567566e-03 4.859225079417228699e-02 7.089915126562118530e-02 3.891615942120552063e-02 5.582714825868606567e-02 8.077009581029415131e-03 4.487160476855933666e-04 2.130909077823162079e-02 5.417678505182266235e-02 3.009068407118320465e-02 3.384506329894065857e-02 4.427057877182960510e-02 1.595483720302581787e-02 2.874680794775485992e-03 5.157987400889396667e-02 3.735195100307464600e-02 1.019487902522087097e-02 3.372390568256378174e-02 2.741133095696568489e-03 3.283038735389709473e-02 1.124405208975076675e-02 1.579337194561958313e-02 4.941906034946441650e-02 3.281389921903610229e-02
3.868019580841064453e-02 5.903826560825109482e-03 2.339710667729377747e-02 1.530490536242723465e-02 4.155464768409729004e-01 4.713064432144165039e-02 9.302380494773387909e-03 2.370198071002960205e-02 1.990828476846218109e-02 1.166923064738512039e-02 1.575000025331974030e-02 3.603462502360343933e-02 2.933866158127784729e-02 4.411335289478302002e-02 1.626477017998695374e-02 7.411073893308639526e-03 1.158981118351221085e-02 2.926511690020561218e-03 3.822004795074462891e-02 5.805389024317264557e-03 1.925676502287387848e-02 2.812610706314444542e-03 3.434659168124198914e-02 2.805707231163978577e-02 4.511933401226997375e-02 4.650899767875671387e-02 9.141515195369720459e-02 2.121313102543354034e-02 5.039679631590843201e-02 3.613440319895744324e-02 1.559804752469062805e-02 3.473118878901004791e-03 3.942545875906944275e-02 1.274634338915348053e-02 1.739113219082355499e-02 9.746482595801353455e-03 2.763251028954982758e-02 2.707106433808803558e-02 7.503239903599023819e-03 7.003244012594223022e-02 2.534274756908416748e-02 3.618503361940383911e-02 5.281595047563314438e-03 3.819485381245613098e-02 3.761302912607789040e-03 2.397121861577033997e-02 6.647019763477146626e-04 3.715483471751213074e-02 4.067854955792427063e-02 1.935739442706108093e-02 1.163755077868700027e-02 2.171151107177138329e-03 4.706333205103874207e-02 2.992772310972213745e-02 2.870657294988632202e-02 3.836864233016967773e-02 1.025231089442968369e-02 2.615661919116973877e-02 3.261572495102882385e-02 1.179244928061962128e-02 4.633498936891555786e-02 2.234784141182899475e-02 3.982855472713708878e-03 2.751613594591617584e-02 2.394433133304119110e-02 1.722537353634834290e-02 3.344710171222686768e-02 4.482688009738922119e-02 1.104159653186798096e-02 5.221883580088615417e-02 3.317350521683692932e-02 1.769237779080867767e-02 1.482435222715139389e-02 9.873392991721630096e-03 1.765233092010021210e-02 2.590235881507396698e-02 2.272637747228145599e-02 2.480653114616870880e-02 4.516359418630599976e-02 1.291974261403083801e-02 1.188613381236791611e-02 1.397034898400306702e-02 1.662808470427989960e-02 4.120411723852157593e-02 3.117640502750873566e-02 8.633865974843502045e-03 2.994847251102328300e-03 3.042146191000938416e-02 5.090186372399330139e-02 1.859944686293601990e-02 2.298419922590255737e-02 4.693626891821622849e-03 1.075001526623964310e-02 4.297096282243728638e-02 2.191795594990253448e-02 3.239021822810173035e-02 3.458599746227264404e-02 3.419703990221023560e-02 1.150946225970983505e-02 3.588679060339927673e-02 3.941610082983970642e-02 4.178435355424880981e-02 6.450878083705902100e-02 2.314520440995693207e-02 2.514236420392990112e-02 1.298813521862030029e-02 1.164452265948057175e-02 2.182402275502681732e-02 2.212655358016490936e-02 4.567569866776466370e-02 4.029297083616256714e-02 2.154984138906002045e-02 6.548821460455656052e-03 4.610928520560264587e-02 2.732882276177406311e-02 3.008092381060123444e-02
4.962453618645668030e-02 1.676666364073753357e-02 4.316167533397674561e-02 3.409131988883018494e-02 4.713064432144165039e-02 4.300306141376495361e-01 6.610695272684097290e-02 1.929202862083911896e-02 5.586609616875648499e-02 5.071210488677024841e-02 1.733857020735740662e-02 6.806988269090652466e-02 1.166273932904005051e-02 9.592919051647186279e-02 1.581676304340362549e-03 3.867853432893753052e-02 1.337039005011320114e-02 2.404474280774593353e-02 3.584193438291549683e-02 3.062728047370910645e-02 3.907013684511184692e-02 1.932246237993240356e-02 4.193146154284477234e-02 2.905116416513919830e-02 1.668706163763999939e-02 6.653966382145881653e-03 2.996608614921569824e-03 1.151805929839611053e-02 4.233880899846553802e-03 1.528448425233364105e-02 4.135310649871826172e-02 3.867485001683235168e-02 3.185740858316421509e-02 4.018350690603256226e-02 7.115365006029605865e-03 4.706685990095138550e-02 2.083862386643886566e-02 2.641381882131099701e-02 3.291398659348487854e-02 4.736017435789108276e-02 7.855222560465335846e-03 4.557100683450698853e-02 3.623329102993011475e-02 4.428767040371894836e-02 6.678199768066406250e-02 1.799656637012958527e-02 5.451083555817604065e-02 4.499474912881851196e-02 4.122924059629440308e-02 1.361535582691431046e-02 1.317069772630929947e-02 1.274691894650459290e-02 4.548941925168037415e-02 3.577834740281105042e-02 3.506216406822204590e-02 2.017676085233688354e-02 2.539693377912044525e-02 7.719064503908157349e-02 2.787740342319011688e-02 3.069623373448848724e-02 2.389441058039665222e-02 3.133695572614669800e-02 1.921607926487922668e-02 1.267663203179836273e-02 1.170437131077051163e-02 3.516618534922599792e-02 2.292534895241260529e-02 2.730064094066619873e-02 1.104046963155269623e-02 3.519986569881439209e-02 1.837340556085109711e-02 3.572266176342964172e-02 8.737160824239253998e-03 9.806998074054718018e-03 3.839711099863052368e-02 4.908601567149162292e-02 3.404292091727256775e-02 1.668218336999416351e-02 2.033925987780094147e-02 2.641417086124420166e-02 7.901624776422977448e-03 1.426377519965171814e-02 3.999660722911357880e-03 4.253171756863594055e-02 5.305793019942939281e-04 1.793805323541164398e-02 3.502810001373291016e-02 5.191287398338317871e-02 4.659178853034973145e-02 9.007551707327365875e-03 3.140097483992576599e-02 4.423455148935317993e-02 1.204128097742795944e-02 1.778107509016990662e-02 3.638850152492523193e-02 3.648349270224571228e-02 1.532916352152824402e-02 4.142442345619201660e-02 4.066992923617362976e-02 3.851653635501861572e-02 4.933257773518562317e-02 2.527630655094981194e-03 5.771876871585845947e-02 1.494804117828607559e-02 7.532372325658798218e-02 3.738728165626525879e-02 5.158073455095291138e-02 1.480645872652530670e-02 1.149289868772029877e-02 5.226089153438806534e-03 4.144448414444923401e-02 5.618751421570777893e-02 1.183811016380786896e-02 2.783827111124992371e-02 2.931041456758975983e-02 3.033511899411678314e-02
2.748351171612739563e-02 1.714558154344558716e-01 4.178048670291900635e-02 1.942303264513611794e-03 9.302380494773387909e-03 6.610695272684097290e-02 4.310510456562042236e-01 3.776168078184127808e-02 2.125421725213527679e-02 1.867234124802052975e-03 5.880701541900634766e-02 3.053778782486915588e-02 1.496407296508550644e-02 1.724218390882015228e-02 6.334339734166860580e-03 4.625698179006576538e-02 8.725420571863651276e-03 6.024243310093879700e-03 1.244190149009227753e-02 8.314915001392364502e-03 1.236436050385236740e-02 4.702626168727874756e-02 2.241461770609021187e-03 3.142078593373298645e-02 3.137148171663284302e-02 2.885387279093265533e-02 1.419092807918787003e-02 4.385094717144966125e-02 1.243915222585201263e-02 2.364662662148475647e-02 4.155942797660827637e-02 9.697500616312026978e-03 3.590248234104365110e-04 3.920231387019157410e-02 1.978981075808405876e-03 1.928526163101196289e-02 6.012305617332458496e-02 1.839447766542434692e-02 4.296776279807090759e-02 2.444604411721229553e-03 4.854641854763031006e-02 4.228287190198898315e-02 1.094705704599618912e-02 6.117995083332061768e-02 2.567779086530208588e-02 2.424106374382972717e-02 4.685148131102323532e-03 1.261490136384963989e-01 2.897373586893081665e-02 2.467887662351131439e-02 3.978960216045379639e-02 9.649973362684249878e-03 1.411805022507905960e-02 5.598566681146621704e-02 8.063142187893390656e-03 3.946288675069808960e-02 3.854479268193244934e-02 4.565115645527839661e-02 1.155522372573614120e-02 2.642421983182430267e-02 2.043290250003337860e-02 1.858558319509029388e-02 3.661532327532768250e-02 4.901271685957908630e-02 9.990569204092025757e-03 1.229834929108619690e-02 3.382352739572525024e-02 1.819753088057041168e-02 7.003284990787506104e-02 2.635850384831428528e-02 2.657399885356426239e-02 3.755003213882446289e-02 2.864120714366436005e-02 3.739111870527267456e-02 2.309046313166618347e-02 6.172284856438636780e-02 2.054081857204437256e-02 1.584246568381786346e-02 2.655389951542019844e-03 2.855942398309707642e-02 2.414064295589923859e-02 5.403666943311691284e-02 2.844820544123649597e-02 1.896370016038417816e-02 1.467258017510175705e-02 1.709761656820774078e-02 2.136953547596931458e-02 4.856022074818611145e-02 1.031045801937580109e-02 2.699427865445613861e-02 5.361007899045944214e-02 2.924931049346923828e-02 3.066277317702770233e-02 7.230465859174728394e-02 3.614726301748305559e-04 3.682032227516174316e-02 1.940049231052398682e-02 9.593877196311950684e-02 1.532610785216093063e-02 2.993055433034896851e-02 2.239661291241645813e-02 2.748895436525344849e-02 4.731194674968719482e-02 2.262990921735763550e-02 8.310853503644466400e-03 3.385534882545471191e-02 2.684743516147136688e-02 7.949359714984893799e-03 3.407591488212347031e-03 4.604016989469528198e-02 4.606168717145919800e-02 3.889599069952964783e-02 5.558180622756481171e-03 2.205058559775352478e-02 4.591140523552894592e-02 2.886475622653961182e-02
1.340617425739765167e-02 1.990188146010041237e-03 1.077553257346153259e-01 9.059674106538295746e-03 2.370198071002960205e-02 1.929202862083911896e-02 3.776168078184127808e-02 4.416388273239135742e-01 6.729224696755409241e-03 4.857193678617477417e-02 1.666952669620513916e-02 2.913405932486057281e-02 2.461532130837440491e-02 3.180722892284393311e-02 1.128114461898803711e-01 2.980249375104904175e-02 4.809414222836494446e-02 3.858267515897750854e-02 4.142939671874046326e-02 5.451318994164466858e-02 1.555924676358699799e-02 3.142885491251945496e-02 1.332736457698047161e-03 1.364832464605569839e-02 1.936642453074455261e-02 2.998086810111999512e-02 4.710928350687026978e-02 2.351605892181396484e-02 2.305710501968860626e-02 4.679440055042505264e-03 5.225292220711708069e-02 2.131921937689185143e-03 4.066706076264381409e-02 3.689543157815933228e-02 6.355229299515485764e-03 3.143236786127090454e-02 3.108251607045531273e-03 5.465475097298622131e-02 3.713411837816238403e-02 2.417115261778235435e-03 1.493672933429479599e-02 3.924574237316846848e-03 4.114573821425437927e-02 1.023677829653024673e-02 4.620298370718955994e-02 3.964722156524658203e-02 2.888907678425312042e-02 2.810579538345336914e-02 1.223883405327796936e-02 3.346079215407371521e-02 1.446801330894231796e-02 1.375852245837450027e-02 5.370173975825309753e-02 1.732636243104934692e-02 1.202163379639387131e-02 4.824250470846891403e-03 4.471013322472572327e-02 4.617894440889358521e-02 4.241859912872314453e-02 4.667362943291664124e-02 3.315632231533527374e-03 5.316886305809020996e-02 9.101264178752899170e-03 3.924819827079772949e-02 4.124572034925222397e-03 3.187527880072593689e-02 1.301926001906394958e-02 1.020876131951808929e-02 1.040041726082563400e-02 1.399622671306133270e-02 5.783016327768564224e-03 4.377749934792518616e-02 2.732421085238456726e-02 9.326955303549766541e-03 3.103583864867687225e-02 3.261065855622291565e-02 4.162605106830596924e-02 2.216574549674987793e-02 3.422723338007926941e-02 4.710755124688148499e-02 9.472837299108505249e-02 5.033949762582778931e-02 9.014750830829143524e-03 1.570154353976249695e-02 9.852179326117038727e-03 5.958088487386703491e-02 4.039403796195983887e-02 9.105864167213439941e-02 1.245281752198934555e-02 9.596505202353000641e-03 1.692506857216358185e-02 2.497650124132633209e-02 5.036615952849388123e-02 3.894246742129325867e-02 2.355333790183067322e-02 9.351048618555068970e-03 7.120568305253982544e-03 3.964165225625038147e-02 2.474262751638889313e-02 1.899719610810279846e-02 7.903533056378364563e-03 3.884677134919911623e-04 1.736890710890293121e-02 8.929496631026268005e-03 5.484433844685554504e-02 2.190780825912952423e-02 4.950219765305519104e-03 5.484003201127052307e-02 3.152713179588317871e-02 2.773273363709449768e-02 3.776275739073753357e-02 4.885888192802667618e-04 2.584626432508230209e-03 3.608987480401992798e-02 1.017989404499530792e-02 3.820564970374107361e-02
1.126328334212303162e-01 3.476951271295547485e-02 9.696779772639274597e-03 2.572767995297908783e-02 1.990828476846218109e-02 5.586609616875648499e-02 2.125421725213527679e-02 6.729224696755409241e-03 4.415688216686248779e-01 3.090444952249526978e-03 3.124979557469487190e-03 1.351804845035076141e-02 1.623732224106788635e-02 4.763887822628021240e-02 7.013184484094381332e-03 2.969957329332828522e-02 1.790367416106164455e-03 1.034571304917335510e-01 3.876936808228492737e-02 3.821845725178718567e-02 4.619272798299789429e-02 4.658777266740798950e-02 2.402243204414844513e-02 5.138652026653289795e-02 3.324051946401596069e-02 4.149828106164932251e-02 2.412775717675685883e-02 3.014202415943145752e-02 2.798896841704845428e-02 2.943111024796962738e-02 4.642477724701166153e-03 1.243426743894815445e-02 8.592964150011539459e-03 5.102051049470901489e-02 4.090891778469085693e-02 1.884415559470653534e-02 4.217972233891487122e-02 8.051357232034206390e-03 1.501959282904863358e-03 1.590610045241191983e-04 1.800678297877311707e-02 1.069228909909725189e-02 3.452636674046516418e-02 3.673810139298439026e-02 2.167262695729732513e-02 4.637279082089662552e-03 6.866642087697982788e-02 2.284199744462966919e-02 7.825352996587753296e-02 3.043579682707786560e-02 2.583944611251354218e-02 6.905111367814242840e-04 2.298341318964958191e-02 2.716562524437904358e-02 3.744810819625854492e-02 4.033233597874641418e-02 4.124250262975692749e-02 3.179185464978218079e-02 2.532534673810005188e-02 3.929254412651062012e-02 2.579997107386589050e-02 3.689408069476485252e-03 3.844300284981727600e-02 3.594750538468360901e-02 4.875200614333152771e-02 2.672677673399448395e-02 3.312991932034492493e-02 3.464403375983238220e-02 2.719738334417343140e-02 4.624874889850616455e-02 4.120217636227607727e-02 8.404342085123062134e-02 3.664642572402954102e-02 6.464803125709295273e-03 2.479551918804645538e-02 7.131291180849075317e-02 2.098012715578079224e-01 4.576464416459202766e-04 9.405148029327392578e-02 2.921490557491779327e-02 5.264250095933675766e-03 4.925261810421943665e-02 1.764028333127498627e-02 1.091858604922890663e-03 3.865016251802444458e-02 3.662963863462209702e-03 3.803641535341739655e-03 9.920229203999042511e-03 1.851705834269523621e-02 2.531104022637009621e-03 2.213532279711216688e-04 2.988341823220252991e-02 3.833710774779319763e-02 3.579235076904296875e-02 2.684215456247329712e-02 1.044663717038929462e-03 4.742372781038284302e-03 5.931239202618598938e-02 4.156846180558204651e-02 1.579773798584938049e-02 2.451791241765022278e-02 3.144300729036331177e-02 2.637537010014057159e-02 1.782559789717197418e-02 3.865310177206993103e-02 4.415160417556762695e-02 4.897056892514228821e-02 4.382501915097236633e-02 3.723483160138130188e-02 3.007099777460098267e-02 1.761099882423877716e-02 8.414136618375778198e-02 2.044304087758064270e-02 4.302706941962242126e-02 3.358020633459091187e-02 3.967407345771789551e-02
4.334052279591560364e-02 2.381750673521310091e-04 2.443290501832962036e-02 4.694035276770591736e-02 1.166923064738512039e-02 5.071210488677024841e-02 1.867234124802052975e-03 4.857193678617477417e-02 3.090444952249526978e-03 4.260222613811492920e-01 4.614796489477157593e-02 6.368177942931652069e-03 2.144369296729564667e-02 3.990978375077247620e-02 3.199923038482666016e-02 4.480738937854766846e-02 7.537777535617351532e-03 5.442548170685768127e-02 5.052622407674789429e-02 4.814003035426139832e-02 4.041130468249320984e-02 1.021008193492889404e-02 1.459026802331209183e-02 5.695133283734321594e-02 1.350407954305410385e-02 3.245732933282852173e-02 3.775346279144287109e-02 3.351155668497085571e-02 2.346679382026195526e-02 2.343222685158252716e-02 4.490797594189643860e-02 8.906767470762133598e-05 6.557231303304433823e-03 4.277218133211135864e-02 1.398602686822414398e-02 2.616010606288909912e-02 5.841545760631561279e-03 2.738326555117964745e-03 4.749379307031631470e-02 2.086661942303180695e-02 1.060483325272798538e-02 1.293148193508386612e-02 2.378308586776256561e-02 5.519365426152944565e-03 4.478736966848373413e-02 3.288193792104721069e-02 6.033240258693695068e-02 4.234190657734870911e-02 1.502662524580955505e-02 6.981755141168832779e-03 1.286667026579380035e-02 4.558321088552474976e-02 5.321036279201507568e-02 3.235992975533008575e-03 2.423109719529747963e-03 1.795691810548305511e-02 2.266953326761722565e-02 5.791305005550384521e-02 4.580878093838691711e-02 1.581691205501556396e-02 1.603820919990539551e-02 4.630319401621818542e-02 7.276819553226232529e-03 2.216423489153385162e-02 5.641765519976615906e-02 1.679042913019657135e-02 2.289070934057235718e-02 1.645971462130546570e-02 5.716937594115734100e-03 4.430458694696426392e-02 1.102067995816469193e-02 1.885044388473033905e-02 3.134472668170928955e-02 7.886132597923278809e-02 2.205653488636016846e-02 1.301733683794736862e-02 9.274881333112716675e-03 1.345779746770858765e-01 5.102947354316711426e-03 1.330209337174892426e-02 4.233166202902793884e-02 1.903311721980571747e-02 1.645831018686294556e-02 3.756605461239814758e-02 1.869664527475833893e-02 2.592015638947486877e-02 5.412953346967697144e-02 4.265679046511650085e-02 1.827990636229515076e-02 6.699918210506439209e-02 9.661229327321052551e-03 3.882511751726269722e-03 2.766106277704238892e-02 4.922043904662132263e-02 4.829471930861473083e-02 3.590155392885208130e-03 5.489331111311912537e-02 2.138664713129401207e-03 1.117216236889362335e-02 1.693085650913417339e-03 1.029948797076940536e-02 4.807005077600479126e-02 5.798636004328727722e-03 3.883197205141186714e-03 3.869356960058212280e-02 1.885550469160079956e-02 9.091076441109180450e-03 2.918637171387672424e-02 2.405466698110103607e-02 9.029689244925975800e-04 1.364151714369654655e-03 3.214885294437408447e-02 2.343973889946937561e-02 1.452381489798426628e-03 7.101317401975393295e-03 5.172582343220710754e-02
1.537603586912155151e-01 9.088501334190368652e-03 2.512519247829914093e-02 2.398307248950004578e-02 1.575000025331974030e-02 1.733857020735740662e-02 5.880701541900634766e-02 1.666952669620513916e-02 3.124979557469487190e-03 4.614796489477157593e-02 4.266727268695831299e-01 3.498357534408569336e-02 1.252305209636688232e-01 3.586443886160850525e-02 1.320442464202642441e-02 2.700897306203842163e-02 2.178214676678180695e-02 5.150109063833951950e-04 8.564348332583904266e-03 1.369465608149766922e-02 4.043351486325263977e-02 3.021258860826492310e-02 4.782190546393394470e-02 2.399963513016700745e-02 3.335095569491386414e-02 4.368353635072708130e-02 1.518550701439380646e-02 2.039851061999797821e-02 4.535300284624099731e-02 4.496710374951362610e-02 9.862855076789855957e-02 9.373071603477001190e-03 3.053576685488224030e-02 3.542728349566459656e-02 3.435326740145683289e-02 1.986289583146572113e-02 1.468397490680217743e-02 1.065961569547653198e-01 3.732446208596229553e-02 4.475754871964454651e-02 5.685755750164389610e-04 3.099390491843223572e-02 1.061003562062978745e-02 7.847078889608383179e-02 4.204012826085090637e-02 3.961780294775962830e-02 4.776925779879093170e-03 4.137073084712028503e-02 1.373929344117641449e-02 1.610103435814380646e-02 2.188844792544841766e-02 1.035210117697715759e-02 4.987382516264915466e-02 1.325681153684854507e-02 2.441374957561492920e-02 3.040808252990245819e-02 4.450909420847892761e-02 4.311043769121170044e-02 3.803718090057373047e-02 1.294655445963144302e-02 2.697881683707237244e-02 1.271636225283145905e-02 2.377995848655700684e-02 3.337589651346206665e-02 2.542028203606605530e-02 4.278928786516189575e-02 4.142386838793754578e-02 1.947510614991188049e-02 1.200421713292598724e-02 3.545034676790237427e-02 3.024706430733203888e-02 3.933905158191919327e-03 1.045675668865442276e-02 1.541251037269830704e-02 1.207089703530073166e-02 2.797279506921768188e-02 5.303738266229629517e-02 9.048996143974363804e-04 2.688162587583065033e-02 2.216453291475772858e-02 4.541138932108879089e-02 2.505369950085878372e-03 1.191696990281343460e-02 3.689047321677207947e-02 2.433338202536106110e-02 1.936275884509086609e-02 4.580328240990638733e-02 2.939106523990631104e-02 1.839995570480823517e-02 5.280421301722526550e-02 1.292797084897756577e-02 9.921874850988388062e-02 3.054861351847648621e-02 2.023109933361411095e-03 6.085979752242565155e-03 4.836603999137878418e-03 3.129618614912033081e-02 3.109085606411099434e-03 6.289498414844274521e-03 6.830735947005450726e-04 3.752341121435165405e-02 1.748510985635221004e-03 3.068538848310709000e-03 3.534675016999244690e-02 1.265632174909114838e-02 4.634380340576171875e-02 4.014824703335762024e-02 4.164847079664468765e-03 4.299612715840339661e-02 1.529389410279691219e-03 4.942967742681503296e-02 3.724415320903062820e-03 3.228072449564933777e-02 2.277417108416557312e-02 4.066560883074998856e-03 1.489643007516860962e-03
2.518717199563980103e-02 8.677160367369651794e-03 1.641745306551456451e-02 3.141183033585548401e-02 3.603462502360343933e-02 6.806988269090652466e-02 3.053778782486915588e-02 2.913405932486057281e-02 1.351804845035076141e-02 6.368177942931652069e-03 3.498357534408569336e-02 4.443818628787994385e-01 1.606776192784309387e-02 1.322314441204071045e-01 1.535362913273274899e-03 5.004293844103813171e-02 3.351676464080810547e-02 2.670063264667987823e-02 3.870552778244018555e-02 4.115874320268630981e-02 4.642181098461151123e-02 6.235333625227212906e-03 1.611342071555554867e-03 2.906298637390136719e-02 3.089720197021961212e-02 2.053032629191875458e-02 3.863905370235443115e-02 3.613747656345367432e-02 4.229270853102207184e-03 7.449254393577575684e-02 5.980617552995681763e-02 4.819596186280250549e-03 4.222591966390609741e-02 3.301033750176429749e-02 7.637901231646537781e-03 1.985289715230464935e-02 4.519404843449592590e-03 1.495342352427542210e-03 2.197000943124294281e-02 2.934577129781246185e-02 6.620346568524837494e-03 1.900735311210155487e-02 5.640320479869842529e-02 4.080402478575706482e-02 4.050367698073387146e-02 5.067395046353340149e-02 6.097955163568258286e-03 2.540248632431030273e-02 1.828795298933982849e-02 8.933700621128082275e-03 1.062220055609941483e-02 3.402034193277359009e-02 1.072314754128456116e-02 5.493920296430587769e-02 2.131048031151294708e-02 2.270679175853729248e-02 1.491588074713945389e-02 1.956079155206680298e-02 4.228317644447088242e-03 1.686945185065269470e-02 1.607618294656276703e-02 1.091291196644306183e-02 5.572502501308917999e-03 3.158706799149513245e-02 4.321243241429328918e-02 3.786234557628631592e-02 2.824609633535146713e-03 2.061290107667446136e-02 3.559529408812522888e-02 6.436136085540056229e-03 1.748384349048137665e-02 8.918917737901210785e-03 3.021974116563796997e-02 5.121494829654693604e-02 1.859603822231292725e-02 5.218540877103805542e-02 3.383445367217063904e-02 4.870388284325599670e-02 4.621115978807210922e-03 5.931389983743429184e-03 5.436524003744125366e-02 5.368918925523757935e-02 8.860066300258040428e-04 2.834075421560555696e-04 5.835418030619621277e-02 6.977722048759460449e-02 1.981413690373301506e-03 1.429836824536323547e-02 3.757145255804061890e-02 5.074301734566688538e-02 4.312528669834136963e-02 3.579296916723251343e-02 1.225386373698711395e-02 4.580165445804595947e-02 3.774324059486389160e-02 5.202187225222587585e-02 4.057007282972335815e-02 1.669536158442497253e-02 1.734336279332637787e-02 9.194088168442249298e-03 3.239719569683074951e-02 4.814769700169563293e-02 1.892115734517574310e-02 4.579993896186351776e-03 6.070075090974569321e-03 5.440386384725570679e-02 6.713767070323228836e-03 8.488806895911693573e-03 3.681769967079162598e-02 2.537833526730537415e-02 5.336744710803031921e-02 8.938346873037517071e-04 2.775080874562263489e-02 1.252324506640434265e-02 1.563626900315284729e-02 3.659651055932044983e-02
4.732009395956993103e-02 1.428245604038238525e-01 2.821261063218116760e-03 1.424778718501329422e-02 2.933866158127784729e-02 1.166273932904005051e-02 1.496407296508550644e-02 2.461532130837440491e-02 1.623732224106788635e-02 2.144369296729564667e-02 1.252305209636688232e-01 1.606776192784309387e-02 4.338622987270355225e-01 1.374540384858846664e-02 6.375747174024581909e-02 2.977282274514436722e-03 2.594585902988910675e-02 1.497646793723106384e-02 8.005659095942974091e-03 3.196793794631958008e-02 3.254738077521324158e-02 5.565044283866882324e-02 5.555676668882369995e-02 5.248642712831497192e-02 2.936160750687122345e-02 2.685351110994815826e-02 7.366220466792583466e-03 3.833106160163879395e-02 2.405465207993984222e-02 2.487287670373916626e-02 2.371743507683277130e-02 4.507595673203468323e-02 5.304577201604843140e-02 2.087911218404769897e-02 4.289002344012260437e-02 4.970770701766014099e-02 1.747266389429569244e-02 1.258628070354461670e-01 5.314000323414802551e-02 4.417495056986808777e-02 8.180846460163593292e-03 9.018747950904071331e-04 2.409098856151103973e-02 2.915896940976381302e-03 3.428295021876692772e-03 5.128496512770652771e-02 4.482987150549888611e-02 2.926124446094036102e-02 1.917849294841289520e-02 3.611396241467446089e-04 3.513272479176521301e-02 5.240768659859895706e-03 7.430220954120159149e-03 1.838537491858005524e-02 4.672037065029144287e-02 1.385595183819532394e-02 3.050822019577026367e-02 2.595836296677589417e-02 3.301586955785751343e-02 2.839729562401771545e-02 2.398706786334514618e-02 1.619467325508594513e-02 4.336643964052200317e-02 1.141628064215183258e-02 4.748029634356498718e-02 2.287717349827289581e-02 1.610104180872440338e-02 2.415897883474826813e-02 1.659981091506779194e-03 1.274422975257039070e-04 2.603874308988451958e-03 3.188721090555191040e-02 9.474377147853374481e-03 1.555456127971410751e-02 2.580026723444461823e-02 3.695027157664299011e-02 2.835560031235218048e-02 4.719202406704425812e-03 9.801190346479415894e-03 2.144451811909675598e-02 2.444701269268989563e-03 7.414110004901885986e-04 1.921578496694564819e-02 9.441452100872993469e-03 1.334319077432155609e-02 1.348224654793739319e-02 5.249750986695289612e-02 2.363557741045951843e-02 4.126454517245292664e-02 1.775829866528511047e-02 1.778628863394260406e-02 3.787476941943168640e-02 3.831480443477630615e-02 8.637283742427825928e-02 3.000721707940101624e-02 5.020378902554512024e-02 1.511053834110498428e-02 4.563545063138008118e-02 4.419622942805290222e-02 4.427784308791160583e-02 4.716476798057556152e-02 3.704017773270606995e-02 6.143180187791585922e-03 1.133944932371377945e-02 1.001062151044607162e-02 6.193730607628822327e-02 3.943173959851264954e-02 2.532866084948182106e-03 9.218618273735046387e-03 4.867793247103691101e-02 7.061212509870529175e-02 2.905929461121559143e-02 4.644073080271482468e-03 1.802637055516242981e-02 3.005091659724712372e-02 4.229158908128738403e-02
