4.763776957988739014e-01 8.858144283294677734e-02 3.092367760837078094e-02 5.530514754354953766e-03 1.054849009960889816e-02 6.850556284189224243e-02 3.957052901387214661e-02 3.909663483500480652e-02 1.580526679754257202e-02 1.757787540555000305e-02 7.750601321458816528e-02 4.453446343541145325e-02 7.023333013057708740e-02 4.023943468928337097e-02 1.129859127104282379e-02 4.217320680618286133e-02 4.129093140363693237e-02 8.357739076018333435e-03 3.186805918812751770e-02 5.907904356718063354e-02 1.137011125683784485e-02 3.908136859536170959e-02 4.782360419631004333e-02 3.101745061576366425e-02 2.767154946923255920e-02 2.423046156764030457e-02 8.123819716274738312e-03 3.296612948179244995e-02 3.977303951978683472e-02 4.879587143659591675e-02 1.629761978983879089e-02 2.441618777811527252e-02 1.972688594833016396e-03 4.898408055305480957e-02 2.455685101449489594e-02 5.215458571910858154e-02 6.995547097176313400e-03 4.465043172240257263e-02 3.571733832359313965e-02 1.184046175330877304e-02 3.051654808223247528e-02 8.225417695939540863e-03 3.278980776667594910e-02 2.079438418149948120e-02 3.705854713916778564e-02 5.021148547530174255e-02 4.679005220532417297e-02 2.282379195094108582e-02 1.754102483391761780e-02 3.769819438457489014e-02 2.068297192454338074e-02 4.781053867191076279e-03 4.729594290256500244e-02 2.204814739525318146e-02 1.193528436124324799e-02 3.981841728091239929e-02 7.981914095580577850e-03 4.238281026482582092e-02 1.188173424452543259e-02 1.400407310575246811e-02 3.530699759721755981e-02 1.659077592194080353e-02 2.183423563838005066e-02 7.938931696116924286e-03 4.075271543115377426e-03 2.371889725327491760e-02 3.940933570265769958e-02 3.934073448181152344e-02 1.935993321239948273e-02 4.020017012953758240e-02 3.411994874477386475e-02 1.479549892246723175e-02 5.537693575024604797e-02 4.501895606517791748e-02 6.180595955811440945e-04 3.397516161203384399e-02 2.279139310121536255e-02 4.164080321788787842e-02 1.373462472110986710e-02 1.679333671927452087e-02 1.965624280273914337e-02 6.368175148963928223e-03 1.459231320768594742e-02 2.885813266038894653e-02 1.244774833321571350e-02 5.567231401801109314e-02 1.718285679817199707e-02 3.972019255161285400e-02 3.710019588470458984e-02 2.300660684704780579e-02 4.555314779281616211e-02 1.273849792778491974e-02 1.360621768981218338e-02 4.584391787648200989e-02 4.706189036369323730e-02 1.480542588979005814e-02 2.029566094279289246e-02 1.423366926610469818e-02 6.195937097072601318e-02 1.689342968165874481e-02 3.550910204648971558e-02 1.402309164404869080e-02 3.906345367431640625e-02 4.252380877733230591e-02 2.985602989792823792e-02 2.568531967699527740e-02 2.821614779531955719e-02 5.618023872375488281e-02 4.573527351021766663e-02 5.436187237501144409e-02 4.663236066699028015e-02 2.716757170855998993e-02 5.104174837470054626e-03 1.281430013477802277e-02 9.278249926865100861e-03 1.166934892535209656e-02
8.858144283294677734e-02 4.768519103527069092e-01 1.176881790161132812e-02 8.592472411692142487e-03 6.545463576912879944e-03 5.206871032714843750e-02 6.875935196876525879e-02 4.755896702408790588e-02 6.352557800710201263e-03 4.380987212061882019e-02 5.555023625493049622e-02 4.325423762202262878e-02 1.024783477187156677e-01 4.943145066499710083e-02 2.376908808946609497e-02 8.476818911731243134e-03 4.293930530548095703e-02 2.465466409921646118e-02 2.985705249011516571e-02 2.613745816051959991e-02 9.080833755433559418e-03 5.094322259537875652e-04 5.254570767283439636e-02 3.982492908835411072e-02 1.669212989509105682e-02 5.426206812262535095e-02 7.619868265464901924e-04 1.782643795013427734e-02 1.896798610687255859e-02 2.625053375959396362e-02 4.048706963658332825e-02 8.825652766972780228e-04 5.034182593226432800e-02 3.557220101356506348e-02 4.582364112138748169e-02 9.583150036633014679e-03 2.421282604336738586e-02 2.167991921305656433e-02 3.899691626429557800e-02 1.904355734586715698e-02 1.131290476769208908e-02 4.011501744389533997e-02 4.149667173624038696e-02 5.270521715283393860e-02 4.722942411899566650e-02 3.962858393788337708e-02 3.095711581408977509e-02 4.235865920782089233e-02 8.699156343936920166e-03 5.087044462561607361e-02 2.881236374378204346e-02 1.676261797547340393e-02 3.218409046530723572e-02 3.579498082399368286e-02 2.877320535480976105e-02 2.150470949709415436e-02 1.242524106055498123e-02 1.992704905569553375e-02 3.036166727542877197e-02 1.279835775494575500e-02 1.325724273920059204e-02 2.110039256513118744e-02 7.291303575038909912e-02 3.438934311270713806e-02 2.683396264910697937e-02 3.242215141654014587e-02 4.409129545092582703e-02 4.936007782816886902e-02 2.644405327737331390e-02 4.961130395531654358e-02 3.462322428822517395e-02 1.163049321621656418e-02 2.064056135714054108e-02 2.191102690994739532e-02 7.304664468392729759e-04 1.685494557023048401e-02 4.530292935669422150e-03 1.273511257022619247e-02 2.657588757574558258e-02 5.172085762023925781e-02 2.112616784870624542e-03 2.525671944022178650e-02 3.788669407367706299e-02 1.270735729485750198e-02 1.998687721788883209e-02 3.427466377615928650e-02 7.999420166015625000e-03 4.450791329145431519e-02 4.862996563315391541e-02 9.921020828187465668e-03 1.975104585289955139e-02 2.236557379364967346e-02 4.323304817080497742e-02 3.313694521784782410e-02 8.582064509391784668e-02 4.916532337665557861e-02 4.474474117159843445e-02 2.315158769488334656e-02 6.722252815961837769e-02 3.773034550249576569e-04 3.718290477991104126e-02 3.702895948663353920e-03 6.189969927072525024e-02 5.963119864463806152e-02 5.424286704510450363e-03 2.285939455032348633e-02 4.278894141316413879e-02 5.142908915877342224e-02 2.224112860858440399e-02 5.529275164008140564e-02 3.987206518650054932e-02 3.062291536480188370e-03 1.191942021250724792e-02 3.487034142017364502e-02 1.574170542880892754e-03 4.679163545370101929e-02
3.092367760837078094e-02 1.176881790161132812e-02 4.522297382354736328e-01 4.801038652658462524e-03 3.945935051888227463e-03 5.173590406775474548e-02 2.958667464554309845e-02 4.199330136179924011e-02 2.804923057556152344e-02 1.295681390911340714e-02 4.901080578565597534e-02 1.557229459285736084e-02 1.998460479080677032e-02 4.236146062612533569e-02 3.582166880369186401e-02 1.775462925434112549e-02 2.091300114989280701e-02 4.022929817438125610e-02 3.015530295670032501e-02 2.787193655967712402e-02 4.092466831207275391e-02 2.015367150306701660e-02 5.590299516916275024e-02 6.868395209312438965e-02 6.204088032245635986e-02 1.691292785108089447e-02 5.101411789655685425e-02 4.705821350216865540e-02 3.689163923263549805e-02 4.306120972614735365e-04 1.218585856258869171e-02 1.312894374132156372e-02 3.114437684416770935e-02 1.454677525907754898e-02 3.846411779522895813e-02 2.285065501928329468e-02 2.232698537409305573e-02 3.510372340679168701e-02 3.189416602253913879e-02 4.080242663621902466e-02 3.312459588050842285e-02 4.644424840807914734e-02 1.321998704224824905e-02 9.628178551793098450e-03 3.775569051504135132e-02 1.064436137676239014e-02 3.152429684996604919e-02 1.385839469730854034e-02 7.809651549905538559e-03 7.581517565995454788e-03 4.579433053731918335e-02 8.915161713957786560e-03 4.472266882658004761e-02 2.354596368968486786e-02 1.206814590841531754e-02 3.215791657567024231e-02 1.539249625056982040e-02 6.014261394739151001e-03 4.399747587740421295e-03 2.245941199362277985e-02 1.456422079354524612e-02 6.591361016035079956e-03 1.556845940649509430e-02 1.328450720757246017e-02 1.503605395555496216e-02 1.679284311830997467e-02 3.021642751991748810e-02 2.603410556912422180e-02 3.541321679949760437e-02 2.521366067230701447e-02 4.391602799296379089e-02 2.375796250998973846e-02 4.545193165540695190e-02 9.306078776717185974e-03 3.657561168074607849e-02 2.630373276770114899e-02 1.300682779401540756e-02 4.541637003421783447e-02 4.733384400606155396e-02 3.640664974227547646e-03 1.150678843259811401e-01 3.580324118956923485e-04 2.974137605633586645e-04 4.328884929418563843e-02 8.337333798408508301e-02 1.942237652838230133e-02 5.446537956595420837e-02 4.939435794949531555e-02 3.826038911938667297e-02 3.699950873851776123e-02 1.929525658488273621e-02 5.070909485220909119e-02 3.764848783612251282e-02 1.808867603540420532e-02 2.218742482364177704e-02 1.816544681787490845e-02 2.706866012886166573e-03 4.417336732149124146e-02 1.074432209134101868e-02 1.847636699676513672e-02 1.941656321287155151e-02 1.790626160800457001e-02 5.191140342503786087e-03 2.432741038501262665e-02 2.022437751293182373e-02 3.658865392208099365e-02 7.607987523078918457e-02 5.127660464495420456e-03 3.733036108314990997e-03 3.342051804065704346e-02 4.272939637303352356e-03 8.362506516277790070e-03 8.042030967772006989e-03 3.834743052721023560e-02 3.132489696145057678e-02 6.069006770849227905e-02
5.530514754354953766e-03 8.592472411692142487e-03 4.801038652658462524e-03 4.535571038722991943e-01 5.310158804059028625e-02 1.528620254248380661e-02 3.574224421754479408e-03 2.577366493642330170e-02 2.902370691299438477e-02 1.758786477148532867e-02 8.556417189538478851e-03 9.217753075063228607e-03 1.714454032480716705e-02 3.864777088165283203e-02 4.020785167813301086e-02 2.741638012230396271e-02 3.313135588541626930e-03 6.394799798727035522e-02 4.188914783298969269e-03 1.584930345416069031e-02 3.154182806611061096e-02 1.591335423290729523e-02 4.568027704954147339e-02 4.307849705219268799e-02 2.727228775620460510e-02 3.108286298811435699e-02 3.309565782546997070e-02 1.494377478957176208e-02 3.636764129623770714e-03 3.208678960800170898e-02 6.922632746864110231e-05 4.600712284445762634e-02 1.323341671377420425e-02 1.884377561509609222e-02 3.332185000181198120e-02 3.504306077957153320e-02 4.226682707667350769e-02 1.829261891543865204e-02 5.083433166146278381e-02 4.481159523129463196e-02 5.236699804663658142e-02 5.239028111100196838e-02 5.330790206789970398e-02 3.533568605780601501e-02 5.219859629869461060e-02 4.613424837589263916e-02 2.909880504012107849e-02 3.171958029270172119e-02 1.685089245438575745e-02 1.825449801981449127e-02 1.844305172562599182e-02 1.354436203837394714e-02 3.571884706616401672e-02 8.534980565309524536e-02 7.935343310236930847e-03 3.835399448871612549e-02 4.339673556387424469e-03 1.068559009581804276e-03 2.582112094387412071e-03 2.321408502757549286e-02 6.919056177139282227e-03 2.059100195765495300e-02 1.839774847030639648e-02 9.373085200786590576e-02 1.835231110453605652e-02 5.084114894270896912e-02 1.555913127958774567e-02 3.455279022455215454e-02 6.497688009403645992e-04 2.385770156979560852e-02 1.029240339994430542e-01 2.731827832758426666e-02 5.532544106245040894e-02 2.538719587028026581e-02 7.196675240993499756e-02 1.033230964094400406e-02 2.529608318582177162e-03 4.401850700378417969e-02 1.993557438254356384e-03 4.954704642295837402e-02 1.594766601920127869e-02 6.443360354751348495e-03 2.762712538242340088e-02 7.881291955709457397e-02 3.102802671492099762e-02 2.242864109575748444e-03 1.010142490267753601e-01 2.164926566183567047e-02 2.633289806544780731e-02 4.290331900119781494e-02 5.901466682553291321e-02 3.803112544119358063e-03 2.475592121481895447e-02 2.377702156081795692e-03 2.542864298447966576e-03 3.401539754122495651e-03 5.618474446237087250e-03 8.691299706697463989e-03 3.721461398527026176e-03 4.392734542489051819e-02 8.513566851615905762e-02 2.934238873422145844e-02 4.541623964905738831e-02 4.145825747400522232e-03 1.221560128033161163e-02 3.508462011814117432e-02 1.476752199232578278e-02 2.054126560688018799e-02 1.520769577473402023e-02 4.734015464782714844e-02 1.120193302631378174e-02 5.178617313504219055e-02 3.139967098832130432e-02 2.230053953826427460e-02 1.356209162622690201e-02 3.302513796370476484e-04
1.054849009960889816e-02 6.545463576912879944e-03 3.945935051888227463e-03 5.310158804059028625e-02 4.470075666904449463e-01 3.617406636476516724e-02 5.089225247502326965e-03 1.270943786948919296e-02 3.802246600389480591e-02 5.039367824792861938e-03 1.526975352317094803e-02 2.329489029943943024e-02 1.286394428461790085e-03 3.903602436184883118e-02 3.145880997180938721e-02 3.387330844998359680e-02 3.631305694580078125e-02 3.255366906523704529e-02 5.047300457954406738e-02 1.931498572230339050e-02 1.222378853708505630e-02 2.535379491746425629e-02 5.216245353221893311e-02 3.890641406178474426e-02 1.470300648361444473e-02 2.548286505043506622e-02 8.928114920854568481e-02 3.913550823926925659e-02 2.889394946396350861e-02 1.412976905703544617e-02 4.370509088039398193e-02 5.018896237015724182e-02 3.760123625397682190e-03 2.023831009864807129e-02 5.663468036800622940e-03 1.466022897511720657e-02 3.611272946000099182e-02 7.038052380084991455e-02 4.368404671549797058e-02 3.571952506899833679e-02 1.889399136416614056e-03 1.784981228411197662e-02 3.914187476038932800e-02 8.964998647570610046e-03 1.311693806201219559e-02 1.131072267889976501e-02 1.328369788825511932e-02 9.556185454130172729e-03 3.826353698968887329e-02 8.495201356709003448e-03 1.364098861813545227e-02 1.116465870290994644e-02 2.062524855136871338e-02 4.450151696801185608e-02 4.099175333976745605e-03 2.732359431684017181e-02 2.331385016441345215e-02 1.723282597959041595e-02 4.166008159518241882e-02 4.179307073354721069e-02 1.720385253429412842e-02 4.718139022588729858e-02 3.954477235674858093e-02 4.000643640756607056e-02 8.371722884476184845e-03 2.685300074517726898e-02 4.341246187686920166e-02 2.924380637705326080e-02 1.953558623790740967e-02 3.515490144491195679e-02 1.780156791210174561e-02 4.019450396299362183e-02 5.372806638479232788e-02 3.886426566168665886e-03 6.104052439332008362e-02 2.191787585616111755e-02 2.334999851882457733e-02 5.353004671633243561e-04 8.834614418447017670e-03 3.503327444195747375e-02 5.392619594931602478e-02 2.271998301148414612e-02 5.197172518819570541e-03 1.111989617347717285e-01 3.259022533893585205e-02 3.369601443409919739e-03 4.317877441644668579e-02 2.792489342391490936e-02 3.224948793649673462e-02 1.464967988431453705e-02 4.926857724785804749e-02 3.775425627827644348e-02 4.799016751348972321e-03 2.057069353759288788e-02 3.532462194561958313e-02 8.023246377706527710e-02 1.323776599019765854e-02 1.324947550892829895e-02 9.359460324048995972e-03 1.772863231599330902e-02 3.970480337738990784e-02 2.507647499442100525e-02 3.396854922175407410e-02 5.907518789172172546e-02 7.795979827642440796e-02 1.130899228155612946e-02 4.516826942563056946e-02 1.920297928154468536e-02 2.177916839718818665e-02 2.760269679129123688e-02 3.134367987513542175e-02 1.569985784590244293e-02 5.412684287875890732e-03 3.930410742759704590e-02 3.195592761039733887e-02 3.641748428344726562e-02
6.850556284189224243e-02 5.206871032714843750e-02 5.173590406775474548e-02 1.528620254248380661e-02 3.617406636476516724e-02 4.846056401729583740e-01 5.906325951218605042e-02 3.835947019979357719e-03 1.778315752744674683e-02 1.693655550479888916e-02 7.077454030513763428e-02 3.296644985675811768e-02 6.066635996103286743e-02 3.407519310712814331e-02 3.652879968285560608e-02 9.983200579881668091e-03 7.938887923955917358e-03 1.097148563712835312e-02 4.964614659547805786e-02 1.295694429427385330e-02 9.593493305146694183e-03 1.135002542287111282e-02 2.712285146117210388e-02 3.781693056225776672e-02 5.442440137267112732e-02 7.290758192539215088e-03 1.106444001197814941e-02 3.030543029308319092e-02 2.181720547378063202e-02 2.608891576528549194e-02 2.825371734797954559e-02 4.834669828414916992e-02 3.129930794239044189e-02 1.787051185965538025e-02 5.797838419675827026e-02 1.504966244101524353e-02 4.220271110534667969e-02 3.060887940227985382e-02 4.185143858194351196e-03 2.025500871241092682e-02 2.844903245568275452e-02 2.173042856156826019e-02 4.440786316990852356e-02 4.001048207283020020e-02 5.783717148005962372e-03 2.415607869625091553e-02 6.861437112092971802e-02 5.098156630992889404e-02 2.461979724466800690e-02 3.757628798484802246e-02 2.974927984178066254e-02 1.564713381230831146e-02 5.164736136794090271e-02 2.254121936857700348e-03 3.387349471449851990e-02 2.528715692460536957e-02 8.283290080726146698e-03 2.658886648714542389e-02 8.010317571461200714e-03 6.862484849989414215e-03 2.139013633131980896e-02 3.077871352434158325e-02 3.610705211758613586e-02 4.683368653059005737e-02 3.870279469992965460e-04 1.075523253530263901e-02 4.700361937284469604e-02 1.336586475372314453e-02 5.126802250742912292e-02 8.608154021203517914e-03 2.086383290588855743e-02 9.390150196850299835e-03 2.189615555107593536e-02 1.975068263709545135e-02 1.346159726381301880e-02 4.307609517127275467e-03 7.485332898795604706e-03 5.520310625433921814e-02 4.018266499042510986e-02 3.588055446743965149e-02 4.635775834321975708e-02 1.498213154263794422e-03 2.751599252223968506e-02 1.330076716840267181e-02 9.059699252247810364e-03 2.449437417089939117e-02 1.852896064519882202e-02 8.004808798432350159e-03 1.942959241569042206e-02 1.691050827503204346e-02 4.262506961822509766e-02 2.414109371602535248e-02 5.434044077992439270e-02 2.143473364412784576e-02 1.685320050455629826e-03 5.142425186932086945e-03 2.576661482453346252e-02 1.184165570884943008e-02 3.297265991568565369e-02 8.693270385265350342e-03 7.904702797532081604e-03 1.240989379584789276e-02 1.497299689799547195e-02 1.027404423803091049e-02 2.249957993626594543e-02 1.244105398654937744e-02 4.557538405060768127e-02 1.099906489253044128e-02 2.800008654594421387e-02 2.340443246066570282e-02 1.588950119912624359e-02 3.322156553622335196e-04 4.959842190146446228e-03 7.309165783226490021e-03 6.757378578186035156e-04 1.305090915411710739e-02
3.957052901387214661e-02 6.875935196876525879e-02 2.958667464554309845e-02 3.574224421754479408e-03 5.089225247502326965e-03 5.906325951218605042e-02 4.825990796089172363e-01 6.063954904675483704e-03 1.293806824833154678e-02 1.540637761354446411e-02 6.781488656997680664e-02 6.728924810886383057e-03 6.588580459356307983e-02 2.682526595890522003e-02 4.024760797619819641e-02 1.022480241954326630e-02 7.480961736291646957e-03 1.162127242423593998e-03 2.597192302346229553e-02 7.973856292665004730e-03 3.405767306685447693e-02 3.403924778103828430e-02 2.143547497689723969e-02 2.437522076070308685e-02 5.740270391106605530e-02 2.576750703155994415e-03 4.751268401741981506e-02 4.416194185614585876e-02 5.170867964625358582e-02 3.591442480683326721e-02 7.603869307786226273e-03 4.434266313910484314e-02 2.043809369206428528e-02 2.384250797331333160e-02 1.706311851739883423e-02 9.163720533251762390e-03 3.691830486059188843e-02 1.458330824971199036e-02 1.860671117901802063e-02 2.896359190344810486e-02 1.514097582548856735e-02 4.638833180069923401e-02 3.733108565211296082e-02 3.951461613178253174e-02 1.366346608847379684e-03 1.227632816880941391e-02 3.170334920287132263e-02 7.829162478446960449e-02 2.485483512282371521e-02 4.269647225737571716e-02 2.720233611762523651e-02 3.388828784227371216e-02 4.112626612186431885e-02 2.382722124457359314e-02 6.702852435410022736e-03 3.731013834476470947e-02 2.164814434945583344e-02 8.764940313994884491e-03 3.660713788121938705e-03 8.577222004532814026e-03 1.519290916621685028e-02 2.370699308812618256e-02 2.820283919572830200e-02 5.158925428986549377e-02 8.720760233700275421e-03 3.018855489790439606e-02 3.820616379380226135e-02 1.083264313638210297e-02 4.818692803382873535e-02 3.580945730209350586e-02 4.114088416099548340e-02 1.194098126143217087e-02 1.375231053680181503e-02 2.580682747066020966e-02 5.387688986957073212e-03 1.303485780954360962e-02 1.189141627401113510e-02 1.409460324794054031e-02 3.975877165794372559e-02 4.356647282838821411e-02 4.111114889383316040e-02 1.737799681723117828e-02 4.014786332845687866e-02 1.088728290051221848e-02 1.398420520126819611e-02 5.646545812487602234e-02 1.434954721480607986e-02 9.934451431035995483e-03 2.357187680900096893e-02 5.039913207292556763e-02 4.834797233343124390e-02 4.384502768516540527e-03 6.205074861645698547e-02 2.099476568400859833e-02 8.601588197052478790e-03 4.937916621565818787e-02 3.246721252799034119e-02 8.655481971800327301e-03 5.615021660923957825e-02 1.578228361904621124e-02 3.460192680358886719e-02 5.473173223435878754e-03 1.135296374559402466e-02 4.171705339103937149e-03 4.951812699437141418e-02 4.102927818894386292e-02 2.731759659945964813e-02 2.402134053409099579e-02 2.276024036109447479e-02 2.799413911998271942e-02 2.249452471733093262e-02 1.832222379744052887e-02 6.211809813976287842e-03 3.020202508196234703e-03 1.473745144903659821e-02 5.311450734734535217e-02
3.909663483500480652e-02 4.755896702408790588e-02 4.199330136179924011e-02 2.577366493642330170e-02 1.270943786948919296e-02 3.835947019979357719e-03 6.063954904675483704e-03 4.337904453277587891e-01 8.080672472715377808e-03 4.203133285045623779e-02 1.794145815074443817e-02 9.560036472976207733e-03 1.230909675359725952e-02 2.679559402167797089e-02 1.075614839792251587e-01 2.920263074338436127e-02 1.374619919806718826e-02 1.218728441745042801e-02 1.390473451465368271e-02 5.238808225840330124e-03 2.619218267500400543e-02 6.256969179958105087e-03 3.334548696875572205e-02 3.079466894268989563e-02 3.266382962465286255e-02 9.462917223572731018e-03 7.826181501150131226e-02 1.493144128471612930e-02 1.367389131337404251e-02 2.724998397752642632e-03 5.407093837857246399e-02 1.361124776303768158e-02 1.699703559279441833e-02 8.709949254989624023e-02 2.514678984880447388e-02 2.419716678559780121e-02 2.399656921625137329e-02 1.599223911762237549e-02 3.118788078427314758e-02 1.422081794589757919e-02 3.825753554701805115e-02 2.884515374898910522e-02 5.271202698349952698e-02 2.917415089905261993e-02 2.821683697402477264e-02 4.103640094399452209e-02 7.389790378510951996e-03 2.317109517753124237e-02 7.859560661017894745e-03 3.642107173800468445e-02 1.615747436881065369e-02 7.266818080097436905e-03 2.602996863424777985e-02 1.745739020407199860e-02 1.830865256488323212e-02 3.261998295783996582e-02 3.498340398073196411e-02 3.354987502098083496e-02 6.272850092500448227e-03 9.419004432857036591e-03 2.927489951252937317e-02 6.296526174992322922e-03 2.995771542191505432e-02 7.064681965857744217e-03 3.934252541512250900e-03 3.740271553397178650e-02 1.408325415104627609e-02 1.756125129759311676e-02 3.383626788854598999e-02 4.558478482067584991e-03 1.871850341558456421e-02 3.542764857411384583e-02 7.809761911630630493e-03 2.719625458121299744e-02 1.302866544574499130e-02 1.913541555404663086e-02 3.508729115128517151e-02 4.507511481642723083e-02 4.716114699840545654e-02 1.920190453529357910e-02 5.803853273391723633e-02 1.952008344233036041e-02 2.144054509699344635e-02 1.711960881948471069e-02 5.925781279802322388e-02 3.570304065942764282e-02 4.523012787103652954e-02 3.277238085865974426e-02 2.216320671141147614e-02 9.915924631059169769e-03 1.617704704403877258e-02 2.789287455379962921e-02 1.451476011425256729e-02 7.240304257720708847e-03 1.939011923968791962e-02 7.398768328130245209e-03 1.490869745612144470e-02 3.400405868887901306e-02 3.861490171402692795e-03 5.935732042416930199e-04 2.385853556916117668e-03 1.268244814127683640e-02 2.356467582285404205e-02 2.976739965379238129e-02 2.761681936681270599e-02 2.188090421259403229e-02 1.862255670130252838e-02 4.975854419171810150e-03 2.537810988724231720e-02 2.942216396331787109e-02 4.671868518926203251e-04 2.214479632675647736e-02 8.635036647319793701e-03 7.777157705277204514e-03 1.464505642652511597e-01 3.301896899938583374e-02
1.580526679754257202e-02 6.352557800710201263e-03 2.804923057556152344e-02 2.902370691299438477e-02 3.802246600389480591e-02 1.778315752744674683e-02 1.293806824833154678e-02 8.080672472715377808e-03 4.712684750556945801e-01 2.163793426007032394e-03 3.465321613475680351e-03 2.986097522079944611e-02 2.097064396366477013e-03 4.021934792399406433e-02 5.054299160838127136e-02 4.067971836775541306e-03 2.460700087249279022e-02 2.135211229324340820e-02 3.649814426898956299e-02 3.779709339141845703e-02 3.684693574905395508e-02 3.680393472313880920e-02 5.929289851337671280e-03 4.071698058396577835e-03 4.093697760254144669e-03 5.578921362757682800e-02 1.207999885082244873e-02 1.908538676798343658e-02 3.239505738019943237e-02 4.671068117022514343e-02 5.411701649427413940e-02 8.353395387530326843e-03 4.708540439605712891e-02 3.604071587324142456e-02 3.828757256269454956e-02 2.138901688158512115e-02 3.499528765678405762e-02 4.899829253554344177e-02 8.549640886485576630e-03 2.531144395470619202e-02 2.952683717012405396e-02 3.726650029420852661e-02 7.241959217935800552e-03 5.526067689061164856e-02 1.596789993345737457e-02 3.842029720544815063e-02 2.273152954876422882e-02 2.753541991114616394e-02 5.005759373307228088e-02 4.641965031623840332e-02 3.270365996286273003e-04 1.721074804663658142e-02 2.979996800422668457e-02 7.565913349390029907e-02 5.182218924164772034e-02 4.809523373842239380e-02 2.056154794991016388e-02 5.035662278532981873e-02 4.013922065496444702e-02 8.651636540889739990e-03 2.515209605917334557e-03 4.447350651025772095e-02 5.342286080121994019e-02 5.857984069734811783e-03 8.974493248388171196e-04 9.755027480423450470e-03 5.295459926128387451e-02 4.102342575788497925e-02 3.085144562646746635e-03 2.542777545750141144e-02 2.654785476624965668e-02 3.012851998209953308e-02 3.445667400956153870e-02 1.538364682346582413e-02 2.009167894721031189e-02 2.623849548399448395e-03 7.585261017084121704e-02 1.300080958753824234e-02 1.254120259545743465e-03 1.068086456507444382e-02 4.941959679126739502e-02 9.047868661582469940e-03 5.466574430465698242e-02 1.353136170655488968e-02 4.511212185025215149e-02 4.100840538740158081e-02 2.813657000660896301e-02 4.292035847902297974e-02 2.839777059853076935e-02 3.688274696469306946e-02 1.917682215571403503e-02 3.116328082978725433e-02 3.189712017774581909e-02 3.045493038371205330e-03 5.861386284232139587e-02 6.268279254436492920e-02 3.897420316934585571e-02 7.189023774117231369e-03 2.785420976579189301e-02 1.170047558844089508e-02 3.866915404796600342e-02 1.850810134783387184e-03 4.609474539756774902e-02 3.905620053410530090e-02 3.206884488463401794e-02 3.254539519548416138e-02 9.240261279046535492e-03 3.617061767727136612e-03 1.918772934004664421e-03 1.249057054519653320e-02 1.112441252917051315e-02 2.875919640064239502e-02 1.918098889291286469e-02 2.014048211276531219e-02 9.455787949264049530e-03 4.273185878992080688e-02
1.757787540555000305e-02 4.380987212061882019e-02 1.295681390911340714e-02 1.758786477148532867e-02 5.039367824792861938e-03 1.693655550479888916e-02 1.540637761354446411e-02 4.203133285045623779e-02 2.163793426007032394e-03 4.633829891681671143e-01 1.306284498423337936e-02 1.809664070606231689e-02 1.262371335178613663e-02 2.310257218778133392e-02 5.594088137149810791e-02 4.542192816734313965e-02 3.194831311702728271e-02 5.781979486346244812e-02 4.354145005345344543e-02 2.140922471880912781e-03 1.681545004248619080e-02 2.625764906406402588e-02 6.285098940134048462e-02 5.837185308337211609e-02 3.975922986865043640e-02 3.019868768751621246e-02 4.775776341557502747e-02 3.182585164904594421e-02 1.975200138986110687e-03 2.776879118755459785e-03 1.394049637019634247e-02 8.462489582598209381e-03 1.686145178973674774e-02 2.230513468384742737e-02 2.436363697052001953e-02 4.855820536613464355e-02 3.134412225335836411e-03 2.755363471806049347e-02 2.556178346276283264e-02 1.120904739946126938e-02 4.883873090147972107e-02 3.896586969494819641e-02 1.226165983825922012e-02 2.120625413954257965e-02 1.877728849649429321e-02 2.020219154655933380e-02 7.492468226701021194e-03 6.679758895188570023e-03 3.789692372083663940e-02 6.705708801746368408e-02 2.302802633494138718e-03 2.783593349158763885e-02 6.471803877502679825e-03 1.992385648190975189e-02 5.685340240597724915e-02 3.378807380795478821e-02 5.802249163389205933e-02 3.180819749832153320e-02 1.001611165702342987e-02 1.873050816357135773e-02 2.816776186227798462e-02 3.535869717597961426e-02 1.303017605096101761e-02 2.626780420541763306e-02 3.891677036881446838e-02 6.273695081472396851e-02 4.997783154249191284e-02 2.535890229046344757e-02 3.370633721351623535e-02 1.984008587896823883e-02 4.124338179826736450e-02 1.583381323143839836e-03 7.905331440269947052e-03 2.323292382061481476e-02 5.359978973865509033e-02 4.789343103766441345e-02 2.935870364308357239e-02 9.716349840164184570e-02 4.644807055592536926e-02 6.306912750005722046e-02 3.156646713614463806e-02 4.957683384418487549e-03 7.178493775427341461e-03 4.118033871054649353e-02 5.736475344747304916e-03 7.513891439884901047e-03 1.169172301888465881e-02 2.408933080732822418e-02 5.984448362141847610e-03 2.299626357853412628e-02 1.938417367637157440e-02 1.975511386990547180e-02 5.466987565159797668e-02 2.150708995759487152e-02 4.584994539618492126e-02 2.699947729706764221e-02 2.093802206218242645e-02 2.461797930300235748e-02 4.071809723973274231e-02 4.739592596888542175e-02 2.918305806815624237e-02 6.682074745185673237e-04 3.842577710747718811e-02 9.989715181291103363e-03 1.179714035242795944e-02 2.270731143653392792e-02 1.523056812584400177e-02 6.201834231615066528e-02 4.251860454678535461e-02 3.398412838578224182e-02 5.284256488084793091e-02 3.231191309168934822e-03 1.709969155490398407e-02 3.755308687686920166e-02 1.258848793804645538e-02 7.938624359667301178e-03
7.750601321458816528e-02 5.555023625493049622e-02 4.901080578565597534e-02 8.556417189538478851e-03 1.526975352317094803e-02 7.077454030513763428e-02 6.781488656997680664e-02 1.794145815074443817e-02 3.465321613475680351e-03 1.306284498423337936e-02 4.793981611728668213e-01 2.646647021174430847e-02 6.995498389005661011e-02 3.392315283417701721e-02 5.021042376756668091e-02 1.682217465713620186e-03 7.177256047725677490e-03 1.288840826600790024e-02 2.245643921196460724e-02 6.306128343567252159e-04 5.050970241427421570e-02 2.741718292236328125e-02 2.420021407306194305e-02 4.360835626721382141e-02 2.275864034891128540e-02 3.132939571514725685e-03 4.855019599199295044e-02 3.880691155791282654e-02 3.583331033587455750e-02 4.374524950981140137e-02 3.457674384117126465e-02 5.721053108572959900e-02 3.597239777445793152e-02 5.129175260663032532e-03 3.353632986545562744e-02 5.991607904434204102e-03 5.040518566966056824e-02 4.766304045915603638e-02 2.076703310012817383e-02 6.960287690162658691e-03 1.755951344966888428e-02 2.736103022471070290e-03 4.050958901643753052e-02 2.111104875802993774e-02 9.537698701024055481e-03 1.364528294652700424e-02 4.506317526102066040e-02 7.545827329158782959e-02 1.022502593696117401e-02 3.455169498920440674e-02 1.545460522174835205e-02 2.748873457312583923e-02 1.368852239102125168e-02 1.230394281446933746e-02 2.024778164923191071e-03 5.319390445947647095e-02 1.685647643171250820e-03 9.611563757061958313e-03 1.520808879286050797e-02 1.327046845108270645e-02 2.440775558352470398e-02 2.904175408184528351e-02 4.239720478653907776e-02 8.190612308681011200e-03 2.966507803648710251e-03 2.988156117498874664e-02 3.258549422025680542e-02 1.890231296420097351e-02 4.920000582933425903e-02 1.403719373047351837e-02 2.554241567850112915e-02 2.333192527294158936e-02 3.551658987998962402e-02 3.955444321036338806e-02 2.874697372317314148e-02 6.082136183977127075e-03 3.705205768346786499e-02 5.329563096165657043e-02 5.089217051863670349e-02 3.887986764311790466e-02 3.440928086638450623e-02 5.618674214929342270e-03 3.413463383913040161e-02 6.824288517236709595e-03 5.341181531548500061e-02 2.982045710086822510e-02 1.294550579041242599e-02 1.206169184297323227e-02 2.280936017632484436e-02 5.309476703405380249e-02 4.729542881250381470e-02 1.788484863936901093e-02 4.787858948111534119e-02 2.121074125170707703e-02 2.440890297293663025e-02 2.460498921573162079e-02 3.870140016078948975e-02 2.519195200875401497e-03 4.599442332983016968e-02 7.205774076282978058e-03 3.745120193343609571e-04 8.488305844366550446e-03 7.977118715643882751e-03 2.101522171869874001e-03 1.452506240457296371e-02 3.871288150548934937e-02 8.682541665621101856e-04 3.107098676264286041e-02 1.414792612195014954e-02 3.862605197355151176e-03 9.180078632198274136e-04 2.322962321341037750e-02 5.545124877244234085e-03 5.843151011504232883e-04 3.430445492267608643e-02 2.387101389467716217e-02
4.453446343541145325e-02 4.325423762202262878e-02 1.557229459285736084e-02 9.217753075063228607e-03 2.329489029943943024e-02 3.296644985675811768e-02 6.728924810886383057e-03 9.560036472976207733e-03 2.986097522079944611e-02 1.809664070606231689e-02 2.646647021174430847e-02 4.675106406211853027e-01 4.185365512967109680e-02 1.384041905403137207e-01 4.817900806665420532e-02 4.629769548773765564e-02 3.175054118037223816e-02 5.876037292182445526e-03 9.795159846544265747e-02 1.271315198391675949e-02 1.383483596146106720e-02 4.558599740266799927e-02 2.984971739351749420e-02 3.046341612935066223e-02 6.175147369503974915e-02 4.583956673741340637e-02 4.520169273018836975e-02 9.306224435567855835e-02 2.118047513067722321e-02 7.741893082857131958e-02 4.885556548833847046e-02 1.063767168670892715e-02 1.346313953399658203e-02 2.705442719161510468e-02 5.311689153313636780e-02 2.612036769278347492e-04 5.939862877130508423e-02 1.853720098733901978e-02 5.446842312812805176e-02 2.853108011186122894e-02 3.317337855696678162e-02 2.899282053112983704e-02 2.669152989983558655e-02 6.721314974129199982e-03 5.374956503510475159e-02 6.414331495761871338e-02 4.097461700439453125e-03 1.799806952476501465e-02 3.374852240085601807e-02 4.620006680488586426e-02 2.707257494330406189e-02 1.431917957961559296e-02 1.774316467344760895e-02 8.513127104379236698e-04 1.728565804660320282e-02 5.212389305233955383e-02 3.419542312622070312e-02 5.672202259302139282e-02 3.619683906435966492e-02 3.994938731193542480e-02 3.665271215140819550e-03 1.222346723079681396e-02 6.254538893699645996e-03 2.312404103577136993e-02 3.728192299604415894e-02 5.004063248634338379e-02 7.517080288380384445e-03 3.547530621290206909e-02 3.583170846104621887e-02 3.946313261985778809e-02 1.015170942991971970e-02 4.810474812984466553e-02 2.790868096053600311e-02 2.500710822641849518e-02 1.590389013290405273e-02 1.316127646714448929e-02 4.870491474866867065e-02 4.156214371323585510e-02 4.143882542848587036e-02 4.914049059152603149e-03 2.432517334818840027e-02 3.269750997424125671e-02 7.118850015103816986e-03 8.410490304231643677e-02 1.548182498663663864e-02 2.552091144025325775e-02 1.546936016529798508e-02 2.153336629271507263e-02 6.072832643985748291e-02 1.235191058367490768e-02 1.479216758161783218e-02 3.105676546692848206e-02 2.206046134233474731e-03 1.292773988097906113e-02 4.781617596745491028e-02 3.674329817295074463e-02 2.074563875794410706e-02 4.859105125069618225e-02 3.756305202841758728e-02 3.896810114383697510e-02 4.433899372816085815e-02 3.061204589903354645e-02 1.962097175419330597e-02 1.830698922276496887e-02 5.435443948954343796e-03 1.870209164917469025e-02 2.527230232954025269e-02 2.064996771514415741e-02 5.428398773074150085e-02 3.894755244255065918e-02 5.717499554157257080e-02 1.449097041040658951e-02 3.601805120706558228e-02 8.185471408069133759e-03 1.831566542387008667e-02 1.443704869598150253e-02
7.023333013057708740e-02 1.024783477187156677e-01 1.998460479080677032e-02 1.714454032480716705e-02 1.286394428461790085e-03 6.066635996103286743e-02 6.588580459356307983e-02 1.230909675359725952e-02 2.097064396366477013e-03 1.262371335178613663e-02 6.995498389005661011e-02 4.185365512967109680e-02 4.767407774925231934e-01 4.927110299468040466e-02 1.088069257093593478e-04 1.782365329563617706e-02 3.207578137516975403e-02 1.063653174787759781e-02 4.378420859575271606e-02 1.441951841115951538e-02 1.034222636371850967e-02 1.668290607631206512e-02 9.634956717491149902e-03 3.039460815489292145e-02 5.292846262454986572e-02 4.195015132427215576e-02 1.167147187516093254e-03 3.555454313755035400e-02 3.501130640506744385e-02 2.696891501545906067e-02 9.391258936375379562e-05 2.385374531149864197e-02 1.080114766955375671e-02 2.275454998016357422e-02 5.023679509758949280e-02 5.414307117462158203e-03 4.172304645180702209e-02 4.195820912718772888e-02 3.990178555250167847e-02 3.861935692839324474e-04 1.737738586962223053e-02 7.310756947845220566e-03 4.209727048873901367e-02 3.827409818768501282e-03 1.829684898257255554e-02 1.709327101707458496e-02 6.586993485689163208e-02 3.295297175645828247e-02 4.118470847606658936e-02 3.508871421217918396e-03 2.903836593031883240e-02 2.937655150890350342e-02 4.702784493565559387e-02 5.322073772549629211e-02 1.643137633800506592e-02 2.587536908686161041e-02 1.396621204912662506e-02 9.217103943228721619e-03 2.349590510129928589e-02 2.212465554475784302e-02 2.319880761206150055e-02 3.261727467179298401e-02 8.411186747252941132e-03 5.451857112348079681e-03 3.946962952613830566e-02 6.905067712068557739e-02 5.455048754811286926e-02 3.991360589861869812e-02 4.420291259884834290e-02 1.970299519598484039e-02 4.484314098954200745e-02 2.234006300568580627e-02 7.060702145099639893e-02 4.514034092426300049e-02 6.176168844103813171e-02 2.618687925860285759e-03 4.505181685090065002e-02 1.087872404605150223e-02 4.598717764019966125e-02 1.624367199838161469e-02 8.309210650622844696e-03 1.580044813454151154e-02 4.329542815685272217e-02 1.439112587831914425e-03 3.212148696184158325e-02 5.133035778999328613e-02 3.398161008954048157e-02 2.458470314741134644e-02 4.282434657216072083e-02 3.693749755620956421e-02 4.369510710239410400e-02 2.974329749122262001e-03 6.456353235989809036e-03 1.717805117368698120e-02 1.392563339322805405e-02 1.454430446028709412e-02 3.577627614140510559e-02 5.525785032659769058e-03 5.886709317564964294e-02 2.095727063715457916e-02 4.398931935429573059e-02 2.525996044278144836e-02 9.411433711647987366e-03 5.622539203613996506e-03 4.313101619482040405e-02 2.515008300542831421e-02 3.194648772478103638e-02 4.527714103460311890e-02 3.970683366060256958e-02 6.438694428652524948e-03 2.229270339012145996e-02 1.619129814207553864e-02 1.499193534255027771e-02 1.314526330679655075e-02 2.996725030243396759e-02 2.761609852313995361e-02
