4.861813187599182129e-01 1.564572155475616455e-01 2.814383478835225105e-03 2.359022758901119232e-02 3.447377309203147888e-02 1.190510615706443787e-01 9.330528229475021362e-02 4.419106524437665939e-03 7.264722604304552078e-03 4.539656639099121094e-02 1.342873126268386841e-01 1.287774648517370224e-02 1.128646656870841980e-01 8.757628500461578369e-03 7.763523608446121216e-02 2.593269385397434235e-02 2.221152652055025101e-03 4.893783014267683029e-03 4.351528733968734741e-02 2.682583362911827862e-05 2.683016844093799591e-02 4.302031919360160828e-02 1.091898418962955475e-02 2.175875939428806305e-02 1.853412576019763947e-02 5.048667546361684799e-03 2.920819260179996490e-02 4.703996703028678894e-02 5.231259763240814209e-02 3.303144872188568115e-02 3.643519803881645203e-02 1.114015281200408936e-02 2.173161320388317108e-02 1.406422536820173264e-02 2.565409801900386810e-02 2.453721500933170319e-02 3.983238711953163147e-02 8.394141681492328644e-03 1.660427078604698181e-02 3.616318851709365845e-02 1.501945871859788895e-02 6.657194346189498901e-03 6.482609547674655914e-03 9.356330148875713348e-03 2.517344616353511810e-02 3.172330930829048157e-02 1.044274047017097473e-01 3.542688488960266113e-02 7.010884582996368408e-04 1.282562967389822006e-02 2.519859559834003448e-02 4.398230090737342834e-02 1.312927156686782837e-02 1.878643967211246490e-02 3.223858401179313660e-02 4.060004279017448425e-02 2.991114556789398193e-02 4.228622838854789734e-02 3.475117497146129608e-03 3.363062813878059387e-02 6.798107177019119263e-03 3.564983606338500977e-02 4.381016641855239868e-02 5.157988518476486206e-02 1.965948939323425293e-02 8.023887872695922852e-03 4.378001764416694641e-02 4.232155531644821167e-02 2.282680943608283997e-02 3.215288743376731873e-03 6.979442201554775238e-03 4.690145701169967651e-02 2.794536389410495758e-02 7.492095697671175003e-03 1.872300915420055389e-02 3.464316949248313904e-02 1.517749484628438950e-02 4.867100715637207031e-02 2.438903227448463440e-02 1.787143386900424957e-02 6.113307084888219833e-03 1.243723463267087936e-02 2.835788019001483917e-02 3.064430505037307739e-02 2.780275233089923859e-02 4.066185653209686279e-02 4.261332750320434570e-02 1.261605136096477509e-02 5.470526870340108871e-03 1.934088766574859619e-02 4.942425712943077087e-02 3.839429467916488647e-02 3.441658988595008850e-02 4.917548596858978271e-02 8.022296242415904999e-03 3.620231151580810547e-02 3.457071259617805481e-02 3.406168520450592041e-02 2.250598743557929993e-02 3.523891791701316833e-02 4.160130769014358521e-02 2.269099093973636627e-02 1.792177930474281311e-02 1.892481814138591290e-03 3.049883246421813965e-02 4.163098335266113281e-02 4.344645515084266663e-02 9.715333580970764160e-04 3.221296146512031555e-02 4.675023257732391357e-02 3.779407218098640442e-02 5.157323926687240601e-02 7.536374032497406006e-04 1.167144253849983215e-02 1.612981595098972321e-02 6.967286579310894012e-03
1.564572155475616455e-01 4.911810159683227539e-01 4.419578239321708679e-03 4.462260007858276367e-02 6.590436678379774094e-03 1.061717569828033447e-01 1.220250651240348816e-01 1.692229136824607849e-02 3.660588711500167847e-02 3.677822276949882507e-02 1.181581914424896240e-01 2.338218688964843750e-02 1.598601937294006348e-01 2.050221152603626251e-02 7.740842550992965698e-02 3.203095123171806335e-02 2.462648414075374603e-02 3.575093112885951996e-03 2.321151271462440491e-02 1.463397499173879623e-02 1.484736148267984390e-02 4.327732697129249573e-02 4.556589946150779724e-02 4.783841967582702637e-02 1.061745826154947281e-02 1.801770925521850586e-02 1.476338971406221390e-02 1.649709045886993408e-02 3.564501926302909851e-02 1.957737281918525696e-02 2.744925953447818756e-02 1.980648189783096313e-02 4.773031547665596008e-02 2.627689763903617859e-02 7.741136476397514343e-03 8.427146822214126587e-03 4.505633562803268433e-02 7.026941515505313873e-03 1.790319941937923431e-02 3.642841055989265442e-02 1.392484828829765320e-02 1.242741942405700684e-02 1.540246233344078064e-02 2.295152097940444946e-02 4.556445032358169556e-02 1.406580768525600433e-02 8.252880722284317017e-02 5.443209782242774963e-02 1.006058230996131897e-02 3.693718835711479187e-02 1.461009029299020767e-03 1.229762006551027298e-02 2.268593385815620422e-02 8.845504373311996460e-03 4.349682852625846863e-02 1.831998676061630249e-02 3.359798714518547058e-02 3.682163357734680176e-02 1.981734298169612885e-02 2.024395391345024109e-02 3.351084887981414795e-02 2.859226427972316742e-02 1.029914338141679764e-02 1.508673746138811111e-02 3.528523445129394531e-02 1.290530990809202194e-02 3.606036677956581116e-02 4.357950761914253235e-02 1.531004533171653748e-02 3.851383924484252930e-03 3.939839825034141541e-02 1.504716649651527405e-02 2.772105298936367035e-02 5.575577262789011002e-03 7.979145273566246033e-03 3.872675076127052307e-02 1.376353297382593155e-02 1.368660107254981995e-02 8.273839019238948822e-03 7.612243061885237694e-04 3.796581551432609558e-02 2.351497858762741089e-02 2.006130479276180267e-02 4.543173313140869141e-02 4.039429500699043274e-02 2.769114449620246887e-02 1.506614871323108673e-02 2.162806876003742218e-02 3.487219288945198059e-02 1.948947645723819733e-02 1.499844621866941452e-02 6.958337500691413879e-03 4.277710989117622375e-02 3.481212258338928223e-02 3.310069814324378967e-02 1.620072685182094574e-02 1.014385372400283813e-02 1.872680877568200231e-04 2.065804414451122284e-02 2.839959412813186646e-02 4.873659089207649231e-02 2.958438545465469360e-02 2.720288746058940887e-02 3.522303886711597443e-03 5.305567756295204163e-02 1.858413778245449066e-02 2.263559587299823761e-02 1.900114491581916809e-02 2.436415664851665497e-02 1.745644398033618927e-02 2.442316897213459015e-02 4.380470141768455505e-02 1.919136941432952881e-02 2.058952488005161285e-02 5.012244358658790588e-02 1.008898485451936722e-03
2.814383478835225105e-03 4.419578239321708679e-03 4.583505988121032715e-01 1.692520640790462494e-02 2.154166065156459808e-02 1.191419363021850586e-02 2.897311002016067505e-02 1.486296355724334717e-01 4.036949947476387024e-02 1.968160085380077362e-02 1.055883429944515228e-02 4.650379531085491180e-03 3.082456998527050018e-02 6.886105984449386597e-03 7.440769695676863194e-05 3.598209470510482788e-02 3.136058896780014038e-02 7.970456033945083618e-03 2.724382560700178146e-03 1.678347401320934296e-02 1.003572903573513031e-02 4.490763321518898010e-02 3.440853580832481384e-02 3.809063509106636047e-02 1.716409169603139162e-04 1.184032764285802841e-02 3.158820047974586487e-02 1.104814000427722931e-02 3.159143030643463135e-02 1.638611778616905212e-02 1.807102560997009277e-02 1.643848977982997894e-02 2.895828802138566971e-04 1.907378807663917542e-02 2.448838762938976288e-02 3.737676888704299927e-02 1.964054629206657410e-02 7.803876698017120361e-02 3.133741021156311035e-02 1.862553507089614868e-02 4.905582591891288757e-02 1.563967205584049225e-02 1.852551847696304321e-02 1.348806768655776978e-01 2.261293493211269379e-02 2.450064755976200104e-03 2.541700005531311035e-02 4.370788484811782837e-02 8.662827312946319580e-03 2.181046409532427788e-03 2.937566302716732025e-02 3.565919771790504456e-02 6.777535658329725266e-03 5.157537758350372314e-03 2.106517739593982697e-02 1.253620442003011703e-02 1.395846717059612274e-02 6.043110974133014679e-03 3.713558241724967957e-02 5.698054097592830658e-03 2.072932757437229156e-02 3.755462123081088066e-03 2.759448438882827759e-02 6.318529136478900909e-03 4.771902784705162048e-02 3.484120965003967285e-02 3.721915557980537415e-02 3.125731274485588074e-02 2.209102176129817963e-02 7.154834456741809845e-03 2.616041526198387146e-02 2.221991121768951416e-02 1.751093938946723938e-02 1.632452942430973053e-02 3.499985486268997192e-02 1.377837546169757843e-02 1.056437939405441284e-02 2.006106078624725342e-02 3.944551863241940737e-04 1.035282667726278305e-02 1.035122200846672058e-01 1.309488117694854736e-01 2.284219861030578613e-02 1.361458655446767807e-02 2.931552939116954803e-02 2.687937580049037933e-02 3.596361353993415833e-02 1.357785984873771667e-02 2.412139810621738434e-02 3.366370126605033875e-02 8.187165367417037487e-04 4.183420911431312561e-02 6.918676663190126419e-03 4.342219233512878418e-02 5.629412364214658737e-03 8.559357374906539917e-03 2.074404433369636536e-02 3.160715103149414062e-02 3.304136171936988831e-02 2.122741937637329102e-02 2.661188878118991852e-02 3.681799024343490601e-02 1.807907409965991974e-02 1.190766878426074982e-02 9.922077879309654236e-03 3.482762025669217110e-03 9.966585785150527954e-03 3.153162449598312378e-02 3.019125200808048248e-02 1.994199305772781372e-02 8.941758424043655396e-03 1.441410556435585022e-02 4.018612578511238098e-02 1.868652179837226868e-02 7.459568232297897339e-02 3.600637614727020264e-02
2.359022758901119232e-02 4.462260007858276367e-02 1.692520640790462494e-02 4.627004265785217285e-01 2.489369809627532959e-01 3.858257085084915161e-02 7.484142202883958817e-03 7.346291560679674149e-03 5.024139955639839172e-02 2.143903821706771851e-02 3.622498363256454468e-02 1.594163663685321808e-02 1.155030634254217148e-02 3.142484650015830994e-02 1.645782031118869781e-02 1.104943454265594482e-02 1.904915645718574524e-02 3.976669907569885254e-02 4.162063077092170715e-02 2.120594680309295654e-02 3.987780585885047913e-02 1.249278057366609573e-02 9.862401522696018219e-03 3.330144286155700684e-02 2.349018864333629608e-02 2.791388146579265594e-02 5.149216204881668091e-02 3.829604387283325195e-02 1.097838114947080612e-02 3.791506215929985046e-02 3.309885039925575256e-02 4.682494327425956726e-02 1.778357848525047302e-02 4.782982170581817627e-02 1.350958016701042652e-03 3.376438096165657043e-02 2.005293965339660645e-03 1.384186744689941406e-02 1.342031210660934448e-01 9.318374097347259521e-03 1.536482665687799454e-02 7.293058093637228012e-03 3.297609509900212288e-03 7.185885310173034668e-02 1.516942866146564484e-02 3.366056084632873535e-02 3.656110540032386780e-02 1.196983549743890762e-02 4.657892882823944092e-02 4.045695066452026367e-02 3.563683712854981422e-03 5.347403232008218765e-03 2.904048003256320953e-02 1.239818893373012543e-02 2.704208530485630035e-02 3.444042801856994629e-02 4.037788510322570801e-02 3.113633021712303162e-02 1.363341324031352997e-02 2.310149371623992920e-02 1.444548666477203369e-01 6.903435289859771729e-02 5.674853455275297165e-03 8.979779668152332306e-03 2.135953679680824280e-02 1.926035992801189423e-02 4.032241180539131165e-03 2.081301063299179077e-02 4.887832328677177429e-03 8.596345782279968262e-03 1.593107357621192932e-02 3.232877328991889954e-02 1.399127244949340820e-01 1.922918856143951416e-02 9.490905702114105225e-02 4.025525972247123718e-02 5.495230201631784439e-03 5.453245714306831360e-02 1.614104025065898895e-02 3.718084469437599182e-02 1.024618372321128845e-02 1.256046444177627563e-02 1.310686208307743073e-02 2.608810784295201302e-03 3.503223508596420288e-02 2.787539921700954437e-02 3.436600044369697571e-02 1.769123785197734833e-02 3.467994276434183121e-03 2.474455162882804871e-02 1.659107767045497894e-02 2.992329653352499008e-03 3.108078381046652794e-03 3.154707327485084534e-02 1.183522306382656097e-02 2.359185600653290749e-03 8.575596846640110016e-03 3.553752973675727844e-02 2.362896874547004700e-02 2.217433601617813110e-02 4.532469436526298523e-02 3.951880708336830139e-02 3.995118662714958191e-02 1.750557869672775269e-02 9.670867584645748138e-03 1.229559723287820816e-02 2.418383210897445679e-02 2.167772687971591949e-02 1.386592537164688110e-02 2.097001112997531891e-02 4.446955025196075439e-02 1.011695433408021927e-02 9.951381944119930267e-03 1.136179361492395401e-02 2.455293666571378708e-03 3.877323493361473083e-02
3.447377309203147888e-02 6.590436678379774094e-03 2.154166065156459808e-02 2.489369809627532959e-01 4.701197743415832520e-01 3.799307160079479218e-03 4.127237200736999512e-02 2.646461501717567444e-02 2.221918664872646332e-02 5.357180908322334290e-02 2.329179644584655762e-02 5.334441084414720535e-03 3.216231241822242737e-02 4.028107598423957825e-02 4.600806161761283875e-03 5.051884800195693970e-02 4.072424769401550293e-02 2.816276997327804565e-02 1.620927080512046814e-02 2.521224133670330048e-02 6.909390911459922791e-03 1.118065509945154190e-02 6.786699406802654266e-03 4.367036372423171997e-02 2.091491036117076874e-02 4.219891130924224854e-02 1.077173929661512375e-02 1.606725156307220459e-02 3.348075971007347107e-02 1.080364454537630081e-02 2.780818380415439606e-02 4.978469759225845337e-02 1.075816992670297623e-02 3.991629928350448608e-03 4.432101268321275711e-03 3.352781385183334351e-02 5.064356140792369843e-03 2.941398695111274719e-02 1.507876813411712646e-01 1.233047544956207275e-01 4.719603806734085083e-02 1.853875257074832916e-02 2.679130993783473969e-02 1.080232299864292145e-02 2.365020103752613068e-02 1.973967812955379486e-02 2.786732220556586981e-04 3.271556273102760315e-02 7.910072803497314453e-03 2.805997245013713837e-02 1.207978092133998871e-02 7.045379839837551117e-03 4.254406318068504333e-02 4.709519073367118835e-02 3.177309036254882812e-02 3.878859058022499084e-02 2.127414382994174957e-02 5.904558300971984863e-02 4.391178861260414124e-02 1.339996512979269028e-02 1.130456849932670593e-01 8.383308351039886475e-02 2.777809975668787956e-03 2.724935486912727356e-02 2.079270407557487488e-02 5.077769979834556580e-03 3.583558369427919388e-03 1.024903822690248489e-02 4.005003347992897034e-02 5.457814317196607590e-03 3.377535194158554077e-02 4.049425572156906128e-02 1.083532944321632385e-01 2.467966824769973755e-02 1.537063568830490112e-01 4.368306696414947510e-02 2.763454802334308624e-02 8.504742756485939026e-03 4.158057644963264465e-02 4.736728221178054810e-02 2.059035934507846832e-02 3.653391078114509583e-02 4.622284322977066040e-02 4.555751010775566101e-02 3.324355930089950562e-02 4.688971117138862610e-02 1.443099882453680038e-02 1.880058646202087402e-02 1.357915718108415604e-02 1.973921060562133789e-02 2.828013151884078979e-02 1.352904830127954483e-02 1.262869313359260559e-02 2.618232928216457367e-02 3.177053481340408325e-02 2.048780210316181183e-02 1.745711453258991241e-02 9.902364574372768402e-03 2.638159692287445068e-02 3.429859131574630737e-02 3.438796475529670715e-02 2.075061434879899025e-03 1.664504781365394592e-02 1.743189431726932526e-02 1.798340678215026855e-02 9.184809401631355286e-03 4.182485491037368774e-02 4.007874429225921631e-02 2.895747311413288116e-02 2.395616099238395691e-02 2.504039369523525238e-02 1.463624183088541031e-02 3.078630426898598671e-03 9.951313026249408722e-03 3.912823647260665894e-02 1.155462488532066345e-02
1.190510615706443787e-01 1.061717569828033447e-01 1.191419363021850586e-02 3.858257085084915161e-02 3.799307160079479218e-03 4.875985682010650635e-01 1.641958206892013550e-01 3.005881793797016144e-02 2.842607907950878143e-02 4.211373254656791687e-02 6.801238656044006348e-02 8.882082998752593994e-02 4.616541787981987000e-02 5.787226930260658264e-02 2.341084741055965424e-02 5.146307125687599182e-02 5.162179842591285706e-02 3.995062410831451416e-02 4.039176553487777710e-02 2.659522369503974915e-02 1.615390181541442871e-02 3.753738105297088623e-02 2.246390841901302338e-02 2.789580263197422028e-02 3.516910225152969360e-02 7.105093915015459061e-03 4.247893765568733215e-02 1.077761054039001465e-01 1.533583388663828373e-03 8.844617754220962524e-02 1.380619592964649200e-02 3.283804655075073242e-02 2.034459821879863739e-02 4.209957271814346313e-02 2.187136374413967133e-02 4.113749414682388306e-02 2.186803519725799561e-02 4.320175852626562119e-03 2.281503053382039070e-03 2.181490324437618256e-02 3.296307101845741272e-02 1.709333807229995728e-02 4.786725621670484543e-03 3.317215293645858765e-02 3.808732703328132629e-02 1.346852537244558334e-02 1.464800834655761719e-01 5.254967138171195984e-02 2.598536200821399689e-03 4.827194288372993469e-02 2.516683749854564667e-02 5.020674690604209900e-02 4.028772190213203430e-02 3.529440984129905701e-02 3.292797505855560303e-02 3.632104396820068359e-02 3.152617812156677246e-02 4.421629477292299271e-03 8.811985142529010773e-03 2.073863893747329712e-02 1.498284377157688141e-02 1.702957600355148315e-02 1.244459580630064011e-02 4.032768681645393372e-02 1.575041934847831726e-02 3.111302293837070465e-02 1.578958332538604736e-02 3.446359932422637939e-02 3.539398778229951859e-03 2.538375370204448700e-02 2.478391397744417191e-03 1.751156710088253021e-02 4.607012495398521423e-02 3.953852877020835876e-02 5.511950701475143433e-03 3.062427975237369537e-03 5.241917911916971207e-03 3.378064185380935669e-02 2.490964345633983612e-02 3.030698932707309723e-02 1.891512656584382057e-03 1.697912067174911499e-02 5.307077430188655853e-03 2.289980091154575348e-02 4.878175631165504456e-02 1.777192763984203339e-02 2.048284513875842094e-03 3.737895935773849487e-02 3.306543827056884766e-02 2.514988183975219727e-03 1.519545726478099823e-02 8.590747602283954620e-03 5.167291313409805298e-02 6.296092644333839417e-03 6.994596682488918304e-03 4.127257317304611206e-02 9.130133315920829773e-03 3.167276456952095032e-02 3.250682353973388672e-02 4.560372233390808105e-02 7.800555787980556488e-03 3.423115611076354980e-02 8.659970946609973907e-03 6.864780560135841370e-03 8.164133876562118530e-03 5.138573423027992249e-02 3.991931676864624023e-02 2.020757645368576050e-02 3.410316631197929382e-02 1.955075934529304504e-02 4.471450299024581909e-02 2.666172385215759277e-02 2.994089946150779724e-02 4.212044179439544678e-03 8.158831857144832611e-03 3.899401426315307617e-02
9.330528229475021362e-02 1.220250651240348816e-01 2.897311002016067505e-02 7.484142202883958817e-03 4.127237200736999512e-02 1.641958206892013550e-01 4.851040840148925781e-01 2.903296053409576416e-02 4.620414227247238159e-02 2.810957282781600952e-02 5.594970658421516418e-02 3.911057859659194946e-02 8.977162092924118042e-02 6.605046987533569336e-02 3.263418376445770264e-02 1.378286397084593773e-03 1.759026013314723969e-02 8.770178072154521942e-03 1.133935526013374329e-02 7.747008930891752243e-03 6.529913749545812607e-03 2.318408526480197906e-02 4.611013922840356827e-03 1.304607000201940536e-02 2.719937451183795929e-02 1.016062777489423752e-02 6.587926298379898071e-03 4.299737513065338135e-02 5.445773154497146606e-02 5.355770140886306763e-02 2.902607619762420654e-02 3.716870769858360291e-02 1.590358652174472809e-02 2.743174135684967041e-02 2.365670725703239441e-02 1.792455650866031647e-02 1.766969077289104462e-02 2.914755046367645264e-02 3.235382959246635437e-02 3.955742344260215759e-02 2.047657966613769531e-02 7.178397936513647437e-05 3.558108583092689514e-02 2.653598971664905548e-02 4.644368216395378113e-02 4.199746623635292053e-02 1.165114864706993103e-01 1.349843591451644897e-01 1.103933807462453842e-02 4.361762478947639465e-02 4.273003339767456055e-02 4.053870588541030884e-02 1.283535733819007874e-03 1.918691559694707394e-03 7.795408368110656738e-03 8.181153796613216400e-03 4.137853533029556274e-02 6.314206402748823166e-03 5.470696371048688889e-03 2.600425621494650841e-03 1.754160225391387939e-02 3.327537700533866882e-02 4.769390448927879333e-02 1.595001481473445892e-02 3.394820168614387512e-02 3.989379853010177612e-02 4.492354393005371094e-02 4.481401294469833374e-02 1.496808230876922607e-02 1.261564902961254120e-03 4.629945009946823120e-02 1.503153238445520401e-02 4.209182783961296082e-02 4.605029243975877762e-03 2.352253347635269165e-02 2.085932530462741852e-02 1.432747207581996918e-02 2.985355444252490997e-02 2.379068359732627869e-02 2.096903324127197266e-02 5.979178473353385925e-02 2.461438067257404327e-02 1.720080338418483734e-02 4.606801643967628479e-02 5.957516375929117203e-03 6.318816915154457092e-03 5.009036045521497726e-03 2.670688554644584656e-02 5.350229330360889435e-03 2.980330400168895721e-02 4.036000743508338928e-02 4.953376203775405884e-02 3.308463841676712036e-02 3.935084119439125061e-02 3.654962778091430664e-02 1.583439111709594727e-02 1.915062218904495239e-02 3.025661781430244446e-02 1.540375500917434692e-02 3.249162808060646057e-02 4.009624198079109192e-02 4.403531551361083984e-02 1.093868166208267212e-02 2.046350017189979553e-02 5.212812870740890503e-02 1.161989383399486542e-02 1.581467315554618835e-02 4.523789137601852417e-02 1.386285480111837387e-02 5.328594893217086792e-02 3.165197744965553284e-02 4.427861794829368591e-02 3.947458043694496155e-02 3.623669221997261047e-02 3.758894279599189758e-02 4.776276275515556335e-02
4.419106524437665939e-03 1.692229136824607849e-02 1.486296355724334717e-01 7.346291560679674149e-03 2.646461501717567444e-02 3.005881793797016144e-02 2.903296053409576416e-02 4.752367436885833740e-01 4.147151112556457520e-02 4.094117879867553711e-02 1.535403862362727523e-04 1.241026911884546280e-02 2.024402469396591187e-02 5.787293426692485809e-03 1.024757921695709229e-01 2.000753022730350494e-02 2.048118226230144501e-02 1.003344915807247162e-02 3.448615595698356628e-02 3.547742962837219238e-02 2.889000996947288513e-02 8.454353362321853638e-02 3.282631933689117432e-02 1.391456369310617447e-02 1.648469641804695129e-02 2.607264555990695953e-02 4.435466602444648743e-02 5.102301365695893764e-04 5.149087309837341309e-02 8.921318687498569489e-03 2.435060963034629822e-02 3.222901001572608948e-02 3.667709976434707642e-02 6.289794575423002243e-03 9.522699750959873199e-03 3.745927289128303528e-02 1.791401533409953117e-03 9.540078043937683105e-02 5.662017036229372025e-03 2.982928231358528137e-02 6.891499459743499756e-02 3.763131797313690186e-02 2.889353223145008087e-02 3.496187180280685425e-02 2.853124402463436127e-02 2.930678613483905792e-02 3.118412196636199951e-02 2.577901631593704224e-02 1.290515298023819923e-03 5.612502805888652802e-03 8.976976387202739716e-03 1.296303933486342430e-03 2.839666325598955154e-03 4.395017027854919434e-02 3.228936344385147095e-02 1.591070927679538727e-02 1.504258252680301666e-02 3.217417001724243164e-02 1.750752516090869904e-02 4.193175211548805237e-02 7.423121947795152664e-03 2.435177750885486603e-02 2.727315947413444519e-02 1.129841245710849762e-02 2.645787596702575684e-02 1.506695523858070374e-02 9.008212946355342865e-03 1.719871535897254944e-02 3.387869894504547119e-02 3.094587475061416626e-02 3.635061532258987427e-02 6.836586166173219681e-03 1.293181069195270538e-02 2.437948994338512421e-02 4.394866898655891418e-02 2.425193972885608673e-02 3.082820586860179901e-02 3.646232932806015015e-02 3.299870714545249939e-02 1.472573913633823395e-02 1.178115308284759521e-01 7.255801558494567871e-02 1.815181411802768707e-02 1.333953719586133957e-02 1.537118107080459595e-02 7.883497513830661774e-03 1.220401301980018616e-01 1.582126505672931671e-02 1.471685525029897690e-02 4.071535542607307434e-02 8.599273860454559326e-03 1.554953958839178085e-02 2.348905801773071289e-02 2.736359275877475739e-02 2.968142740428447723e-02 2.295481786131858826e-02 1.834827847778797150e-02 5.103714764118194580e-02 1.283408608287572861e-02 1.735669188201427460e-02 3.246877714991569519e-02 3.598350659012794495e-02 1.364142913371324539e-02 5.792610719799995422e-02 4.001497104763984680e-02 3.015861846506595612e-02 3.626019507646560669e-02 2.068134956061840057e-02 2.523083798587322235e-02 2.222945168614387512e-02 3.581196814775466919e-02 6.675986200571060181e-02 4.235162958502769470e-02 3.351144120097160339e-02 5.445551127195358276e-02 3.963774070143699646e-02
7.264722604304552078e-03 3.660588711500167847e-02 4.036949947476387024e-02 5.024139955639839172e-02 2.221918664872646332e-02 2.842607907950878143e-02 4.620414227247238159e-02 4.147151112556457520e-02 4.798995852470397949e-01 6.313558667898178101e-02 4.061579704284667969e-02 2.208800986409187317e-02 2.080465201288461685e-03 5.141823738813400269e-02 3.313245251774787903e-02 7.967056334018707275e-02 5.926524847745895386e-02 8.249025791883468628e-02 2.456562779843807220e-02 2.722257561981678009e-02 1.880194904515519738e-04 2.946892380714416504e-02 7.239446789026260376e-02 6.017792597413063049e-02 4.713132977485656738e-02 3.422918543219566345e-02 1.045922515913844109e-03 1.421418413519859314e-02 1.284565217792987823e-02 4.431611299514770508e-02 4.023197665810585022e-02 1.400984451174736023e-02 3.425708040595054626e-02 2.800096943974494934e-02 4.130945727229118347e-02 4.442211240530014038e-02 3.777787834405899048e-02 6.846745498478412628e-03 3.453319147229194641e-02 2.121289819478988647e-02 4.049147292971611023e-02 5.222673993557691574e-03 3.151687979698181152e-02 7.320804521441459656e-03 2.664155699312686920e-02 5.203413218259811401e-02 1.328549906611442566e-02 1.732602156698703766e-02 3.340459987521171570e-02 3.136581927537918091e-02 3.301739320158958435e-02 1.925180293619632721e-02 2.747636847198009491e-02 5.438967607915401459e-03 1.226561237126588821e-02 5.115708336234092712e-02 2.704961597919464111e-02 3.066229261457920074e-02 3.737878054380416870e-02 2.464715391397476196e-02 5.809039622545242310e-02 1.562964916229248047e-02 3.836140502244234085e-03 3.961965441703796387e-02 1.564450189471244812e-02 7.972164079546928406e-03 4.608042165637016296e-02 4.110219329595565796e-02 9.931161999702453613e-02 3.395469393581151962e-03 4.593301191926002502e-02 2.275843173265457153e-02 4.884337261319160461e-02 2.877675928175449371e-03 1.133925560861825943e-02 4.967733845114707947e-02 1.554286479949951172e-01 6.968670338392257690e-02 5.404598638415336609e-02 1.968320459127426147e-02 2.482895739376544952e-02 1.705698901787400246e-03 4.114195704460144043e-02 3.444191440939903259e-02 3.785375133156776428e-02 7.489109411835670471e-03 4.544701799750328064e-02 6.917371880263090134e-03 5.860552936792373657e-02 1.076950877904891968e-02 2.646815590560436249e-02 3.576782345771789551e-02 2.904417365789413452e-02 8.996081538498401642e-03 1.636830531060695648e-02 4.750071838498115540e-02 2.463864907622337341e-02 5.834595649503171444e-04 4.875866696238517761e-02 3.995303437113761902e-02 2.611879259347915649e-02 3.184344992041587830e-02 1.499772630631923676e-02 2.339832857251167297e-02 3.780823200941085815e-02 9.688330814242362976e-03 1.396039500832557678e-02 3.071266598999500275e-02 6.714913994073867798e-03 4.128839075565338135e-02 2.836792543530464172e-02 2.225639857351779938e-02 5.294035747647285461e-02 3.604128956794738770e-02 3.243337199091911316e-02 4.527984559535980225e-02
4.539656639099121094e-02 3.677822276949882507e-02 1.968160085380077362e-02 2.143903821706771851e-02 5.357180908322334290e-02 4.211373254656791687e-02 2.810957282781600952e-02 4.094117879867553711e-02 6.313558667898178101e-02 4.919707477092742920e-01 3.082164376974105835e-02 1.285421848297119141e-02 2.079558745026588440e-02 3.625389933586120605e-02 4.360589385032653809e-02 6.978224962949752808e-03 3.376785293221473694e-02 4.796217754483222961e-02 9.317443519830703735e-02 3.061486408114433289e-02 1.117992360377684236e-04 1.964093744754791260e-02 1.735712215304374695e-02 1.578106917440891266e-02 3.530900552868843079e-02 1.163022406399250031e-02 6.863628979772329330e-03 2.456994540989398956e-02 3.681203722953796387e-02 3.364370763301849365e-02 3.752398490905761719e-02 1.787398010492324829e-02 2.778509445488452911e-02 2.291990071535110474e-02 3.360995277762413025e-02 1.820295304059982300e-02 1.479612849652767181e-02 2.610483497846871614e-04 2.759292908012866974e-02 5.456390976905822754e-02 4.494022950530052185e-02 6.848333869129419327e-03 4.429985710885375738e-04 3.455182537436485291e-02 4.993049055337905884e-02 9.271580725908279419e-03 1.381937414407730103e-03 8.136829361319541931e-03 3.399708773940801620e-03 3.229094296693801880e-02 3.843181952834129333e-02 2.129597030580043793e-02 3.120420686900615692e-02 1.585252583026885986e-02 1.511357445269823074e-02 7.058636844158172607e-02 3.633859381079673767e-02 5.988246412016451359e-04 4.961618222296237946e-03 1.852739974856376648e-02 3.029513359069824219e-02 5.982317775487899780e-02 1.219488331116735935e-03 1.270727533847093582e-02 3.676055371761322021e-02 3.598904237151145935e-02 3.906285762786865234e-02 1.933700777590274811e-02 3.929173201322555542e-02 5.333047360181808472e-02 5.121594667434692383e-02 1.369487214833498001e-02 6.188194081187248230e-02 4.685762152075767517e-02 1.284933742135763168e-02 9.102095849812030792e-03 7.208184804767370224e-03 8.857959508895874023e-02 5.562274251133203506e-03 8.875288069248199463e-02 3.518636152148246765e-02 2.896822057664394379e-02 2.365789376199245453e-02 8.707529306411743164e-02 5.408596619963645935e-02 2.588035538792610168e-02 4.119935631752014160e-02 2.766836062073707581e-02 5.856999754905700684e-02 5.493372678756713867e-02 2.145971544086933136e-02 3.880412550643086433e-03 7.986429147422313690e-03 5.364051088690757751e-02 3.716560453176498413e-02 3.822528198361396790e-02 6.414478179067373276e-03 2.639473788440227509e-02 2.527187578380107880e-02 3.381079807877540588e-02 1.845762599259614944e-03 3.119702450931072235e-02 2.661936543881893158e-02 2.859196998178958893e-02 5.675144866108894348e-02 4.093955084681510925e-02 1.744201965630054474e-02 4.450510069727897644e-02 2.645761147141456604e-02 3.619690239429473877e-02 6.268505007028579712e-03 4.298229515552520752e-02 4.208904877305030823e-02 1.722688041627407074e-02 1.871724962256848812e-03 3.267789632081985474e-02
1.342873126268386841e-01 1.181581914424896240e-01 1.055883429944515228e-02 3.622498363256454468e-02 2.329179644584655762e-02 6.801238656044006348e-02 5.594970658421516418e-02 1.535403862362727523e-04 4.061579704284667969e-02 3.082164376974105835e-02 4.917513728141784668e-01 9.067953564226627350e-03 1.062524542212486267e-01 1.299464702606201172e-02 8.195160329341888428e-02 3.239834681153297424e-02 2.753506973385810852e-02 1.875684596598148346e-02 1.475454028695821762e-02 3.507954999804496765e-02 2.214360423386096954e-02 5.119122564792633057e-02 4.513751342892646790e-02 4.315321892499923706e-02 5.377070233225822449e-02 3.697637468576431274e-02 6.967096123844385147e-03 2.428063564002513885e-02 1.655352115631103516e-02 2.283314801752567291e-02 2.268087863922119141e-02 3.143870830535888672e-02 3.831465914845466614e-02 4.285770282149314880e-02 2.000664174556732178e-02 5.706735886633396149e-03 1.360124070197343826e-02 6.526451557874679565e-03 1.215994707308709621e-03 2.071213722229003906e-02 1.374909840524196625e-02 7.118085864931344986e-03 1.585555076599121094e-02 2.286287955939769745e-02 2.250231802463531494e-02 2.204427961260080338e-03 7.858016341924667358e-02 3.853208199143409729e-02 1.203759666532278061e-02 1.348328497260808945e-02 8.509303443133831024e-03 7.553318515419960022e-03 4.881960898637771606e-02 1.943371142260730267e-03 1.467731408774852753e-02 1.449835859239101410e-02 1.165647711604833603e-02 3.163651749491691589e-02 4.759567975997924805e-02 1.044949796050786972e-02 3.493259847164154053e-02 4.778079688549041748e-02 2.329401858150959015e-02 6.142511032521724701e-03 5.622589588165283203e-02 1.195110660046339035e-02 2.260651253163814545e-02 2.260846272110939026e-02 4.845501109957695007e-02 5.384016316384077072e-03 2.994884178042411804e-02 1.560293696820735931e-02 9.167313575744628906e-03 2.189446939155459404e-03 7.850227877497673035e-03 6.413818895816802979e-02 4.896774888038635254e-02 1.851286552846431732e-02 1.199583895504474640e-02 7.528209825977683067e-04 6.339792627841234207e-03 4.850379377603530884e-02 1.972572878003120422e-02 2.932065539062023163e-02 2.124062925577163696e-02 5.553941242396831512e-03 6.327887624502182007e-02 2.614732459187507629e-02 3.647535922937095165e-04 3.732817620038986206e-02 3.078101389110088348e-02 2.126864530146121979e-02 6.862850487232208252e-02 6.035072728991508484e-02 1.076086307875812054e-03 1.839957758784294128e-02 2.911539934575557709e-02 3.308487311005592346e-02 6.366961635649204254e-03 1.374931912869215012e-02 3.755263984203338623e-02 5.006460472941398621e-02 2.257146500051021576e-02 1.752133294939994812e-02 4.450895637273788452e-02 3.288603946566581726e-02 5.397391319274902344e-02 1.041234564036130905e-02 3.565852716565132141e-02 4.094243049621582031e-02 3.558287769556045532e-02 5.190629884600639343e-02 9.641488431952893734e-04 2.514567226171493530e-02 4.204941168427467346e-02 3.762143105268478394e-02
1.287774648517370224e-02 2.338218688964843750e-02 4.650379531085491180e-03 1.594163663685321808e-02 5.334441084414720535e-03 8.882082998752593994e-02 3.911057859659194946e-02 1.241026911884546280e-02 2.208800986409187317e-02 1.285421848297119141e-02 9.067953564226627350e-03 4.690868556499481201e-01 5.482245981693267822e-02 2.008868604898452759e-01 1.089126337319612503e-02 1.026071794331073761e-02 7.548138499259948730e-03 3.886399045586585999e-02 2.110353298485279083e-02 6.078593432903289795e-03 3.850778564810752869e-02 3.279889002442359924e-02 7.340379804372787476e-02 4.108772426843643188e-02 2.141745388507843018e-02 4.725343361496925354e-02 2.591319195926189423e-02 1.349917054176330566e-01 9.886541403830051422e-03 1.220959499478340149e-01 4.814269766211509705e-02 4.396444931626319885e-02 4.084518179297447205e-02 8.400171063840389252e-03 3.576027974486351013e-02 1.808172836899757385e-02 1.745074242353439331e-02 3.088825196027755737e-02 3.071859246119856834e-03 9.823603555560112000e-03 1.156210713088512421e-02 5.349919945001602173e-02 3.532510250806808472e-02 3.959153965115547180e-02 3.966572880744934082e-02 1.064221281558275223e-02 7.010370492935180664e-02 2.910568751394748688e-02 3.557008877396583557e-02 1.252459827810525894e-02 1.213902700692415237e-02 5.055578052997589111e-02 4.887958243489265442e-02 3.954119607806205750e-02 1.191129162907600403e-02 4.434951767325401306e-02 2.272426895797252655e-02 3.496544063091278076e-02 4.331992939114570618e-02 9.265417233109474182e-03 4.899114370346069336e-02 1.087051932699978352e-03 1.064783986657857895e-02 2.632628753781318665e-02 4.922318831086158752e-02 3.722592070698738098e-02 4.179286211729049683e-02 3.762560710310935974e-02 3.058061935007572174e-02 2.801046706736087799e-03 3.319964930415153503e-02 4.375291243195533752e-02 3.817403316497802734e-02 1.316372025758028030e-02 7.399463653564453125e-02 2.536024199798703194e-03 7.243449240922927856e-02 5.720001086592674255e-02 4.923495277762413025e-02 3.589111147448420525e-03 5.142256151884794235e-03 1.621873490512371063e-02 1.654302142560482025e-02 1.913299970328807831e-02 3.672736138105392456e-02 2.841956447809934616e-03 3.143286332488059998e-03 5.232354626059532166e-02 4.886020347476005554e-02 3.698800131678581238e-02 3.686930611729621887e-02 4.169204831123352051e-02 2.117251418530941010e-02 6.190223991870880127e-02 1.554006990045309067e-02 1.185256871394813061e-03 3.046544035896658897e-03 8.071764372289180756e-03 2.877467311918735504e-02 5.005517974495887756e-02 7.995684631168842316e-03 8.009204640984535217e-03 3.689745813608169556e-02 9.102866053581237793e-03 2.798735909163951874e-02 2.565643191337585449e-02 3.738392889499664307e-02 2.868404798209667206e-02 1.127974968403577805e-02 1.698243245482444763e-02 4.601677879691123962e-02 6.056196987628936768e-03 3.990773484110832214e-02 3.267350420355796814e-02 3.664335003122687340e-03 7.326791528612375259e-03
1.128646656870841980e-01 1.598601937294006348e-01 3.082456998527050018e-02 1.155030634254217148e-02 3.216231241822242737e-02 4.616541787981987000e-02 8.977162092924118042e-02 2.024402469396591187e-02 2.080465201288461685e-03 2.079558745026588440e-02 1.062524542212486267e-01 5.482245981693267822e-02 4.851862192153930664e-01 7.526911329478025436e-03 9.671508520841598511e-02 4.428816959261894226e-02 1.835535280406475067e-02 2.415888942778110504e-02 1.843849197030067444e-02 2.718340046703815460e-02 7.973314262926578522e-03 3.151294216513633728e-02 5.002398043870925903e-02 3.611815720796585083e-02 2.370213530957698822e-02 1.831331849098205566e-02 2.528461627662181854e-02 3.281798586249351501e-02 1.083023380488157272e-02 2.802298869937658310e-03 1.671587117016315460e-02 3.411477431654930115e-03 3.651616349816322327e-02 2.614805847406387329e-02 1.007562596350908279e-02 1.297926623374223709e-02 3.397251665592193604e-02 3.791311383247375488e-02 6.420914549380540848e-03 2.369261346757411957e-02 5.362020339816808701e-03 8.463582023978233337e-03 3.194565698504447937e-02 1.341601926833391190e-02 4.849396646022796631e-02 2.561727538704872131e-02 5.070674791932106018e-02 5.453779920935630798e-02 1.974657364189624786e-02 4.319312050938606262e-02 1.722400635480880737e-02 9.796563535928726196e-03 3.285851702094078064e-02 2.396021410822868347e-02 4.487344995141029358e-02 1.030842680484056473e-02 3.159838169813156128e-02 3.306028619408607483e-02 2.367466688156127930e-02 1.047121733427047729e-02 3.226140514016151428e-02 3.451946005225181580e-02 1.025212742388248444e-02 1.227550208568572998e-03 7.498096674680709839e-02 6.472841650247573853e-02 5.115317925810813904e-02 4.075117781758308411e-02 8.216416463255882263e-03 1.509508304297924042e-02 4.023837670683860779e-02 1.114035677164793015e-02 4.219155386090278625e-02 2.103998325765132904e-02 3.441339731216430664e-02 8.918483741581439972e-03 1.470188517123460770e-02 4.599201958626508713e-03 3.026459738612174988e-02 4.560303408652544022e-03 6.183273345232009888e-02 3.785448148846626282e-02 1.812615990638732910e-02 3.260593861341476440e-02 4.740246757864952087e-02 2.665641345083713531e-02 1.035833545029163361e-02 5.525723099708557129e-02 3.984908759593963623e-02 1.542890165001153946e-02 4.336031526327133179e-02 2.427690476179122925e-02 5.811837501823902130e-03 1.597888208925724030e-02 3.159146010875701904e-02 2.803426980972290039e-02 1.419018767774105072e-02 4.660810343921184540e-03 2.818700624629855156e-03 1.433909498155117035e-02 4.479490220546722412e-02 3.300581499934196472e-02 2.348158136010169983e-02 4.742328450083732605e-02 4.623874276876449585e-02 2.878876170143485069e-03 1.218931563198566437e-02 3.892296925187110901e-02 2.362393215298652649e-02 9.111476130783557892e-03 2.570672333240509033e-02 5.388274788856506348e-02 3.933529928326606750e-02 3.917026519775390625e-02 4.088761657476425171e-02 1.480109803378582001e-02
