6.616438627243041992e-01 4.243612661957740784e-02 8.534141234122216702e-04 1.010086946189403534e-02 9.208173491060733795e-03 4.318780079483985901e-02 3.270489349961280823e-02 6.186328828334808350e-03 1.290587522089481354e-02 1.104626990854740143e-02 3.952584788203239441e-02 1.600023359060287476e-02 3.772848099470138550e-02 9.248259477317333221e-03 1.423479616641998291e-02 3.660020185634493828e-03 1.648606918752193451e-02 3.256145119667053223e-02 4.152601957321166992e-02 1.067935954779386520e-02 1.015381608158349991e-02 1.157032232731580734e-02 2.886502537876367569e-03 9.556736797094345093e-03 1.359461341053247452e-02 2.336151432245969772e-03 1.530553959310054779e-02 6.860968191176652908e-03 1.302914414554834366e-02 2.126913284882903099e-03 1.441167760640382767e-02 9.681967203505337238e-04 1.186677068471908569e-02 3.280162345618009567e-03 2.140206657350063324e-02 3.137816209346055984e-03 3.944699652493000031e-03 3.266222076490521431e-03 3.968142718076705933e-02 1.869431883096694946e-02 2.294883364811539650e-03 9.332604240626096725e-04 1.072034705430269241e-02 1.414508442394435406e-03 1.118480926379561424e-03 1.398995518684387207e-02 4.049153253436088562e-02 3.168405219912528992e-02 9.335749782621860504e-03 1.152535062283277512e-02 1.578697934746742249e-02 1.721828803420066833e-02 1.167881581932306290e-02 1.644364371895790100e-02 1.272915955632925034e-02 1.593671925365924835e-02 2.011261647567152977e-03 1.723535388009622693e-05 1.245063170790672302e-02 1.425446849316358566e-02 2.537255920469760895e-02 3.018415719270706177e-02 1.565559580922126770e-02 1.770930737257003784e-02 1.652960479259490967e-02 1.317913550883531570e-02 6.160892080515623093e-03 6.284441769821569324e-05 3.526604175567626953e-02 6.906103342771530151e-03 4.612363874912261963e-02 7.033541332930326462e-04 4.059326276183128357e-02 1.918479916639626026e-03 4.495421051979064941e-02 5.671212449669837952e-03 1.786569505929946899e-02 1.947282813489437103e-02 1.123222149908542633e-02 2.091446332633495331e-02 4.964248742908239365e-03 1.870717853307723999e-03 5.035009700804948807e-03 4.240522533655166626e-02 3.205425804480910301e-03 8.830556645989418030e-03 8.027086034417152405e-03 6.139266770333051682e-03 1.829649507999420166e-02 2.667169086635112762e-02 2.619655057787895203e-02 1.163484808057546616e-02 2.397874370217323303e-02 1.202168967574834824e-02 2.889485470950603485e-02 2.594268694519996643e-02 1.097386796027421951e-02 3.946073047700338066e-05 1.124068628996610641e-02 1.408189814537763596e-02 2.999902004376053810e-03 1.893518492579460144e-02 2.725422615185379982e-03 3.758550621569156647e-03 8.150930516421794891e-03 3.318113088607788086e-02 3.557865275070071220e-03 6.899953354150056839e-03 8.493128232657909393e-03 1.678277552127838135e-02 6.099369842559099197e-03 3.616962814703583717e-03 2.738785231485962868e-03 1.151267159730195999e-02 2.938639000058174133e-02 2.534613385796546936e-02
4.243612661957740784e-02 6.521752476692199707e-01 1.203833147883415222e-02 2.051162347197532654e-02 1.417987328022718430e-02 4.102836176753044128e-02 4.269421845674514771e-02 2.921452373266220093e-02 1.507090311497449875e-02 1.268175523728132248e-02 2.991832606494426727e-02 2.932521456386893988e-04 4.582992196083068848e-02 8.033146150410175323e-03 3.047380410134792328e-02 1.505991327576339245e-03 1.202497258782386780e-02 1.126419380307197571e-02 2.115412987768650055e-02 2.101096883416175842e-02 2.348173782229423523e-02 2.616812847554683685e-02 4.781978204846382141e-03 9.606684558093547821e-03 1.638923399150371552e-02 1.192004512995481491e-02 3.309147059917449951e-02 1.701939385384321213e-03 3.376140724867582321e-03 7.911230437457561493e-03 4.442391451448202133e-03 1.853358559310436249e-02 3.166161850094795227e-02 7.755698170512914658e-03 3.707007691264152527e-02 1.658937148749828339e-02 3.144056349992752075e-02 9.668888524174690247e-03 4.213044419884681702e-02 1.289429701864719391e-02 1.329230237752199173e-02 1.045737881213426590e-03 1.441190857440233231e-02 2.167155779898166656e-02 1.063098385930061340e-02 1.621874421834945679e-02 3.589572757482528687e-02 3.796555101871490479e-02 2.335778903216123581e-03 7.939662318676710129e-04 3.600770607590675354e-02 2.094879187643527985e-02 2.281828224658966064e-02 7.710112258791923523e-03 8.860293775796890259e-03 8.984711021184921265e-03 1.392960827797651291e-02 7.075077155604958534e-04 7.982895709574222565e-03 6.115786731243133545e-03 3.366035223007202148e-02 3.707356378436088562e-02 3.587675094604492188e-02 4.020269587635993958e-02 8.103199303150177002e-03 1.588778384029865265e-02 1.819750666618347168e-02 4.766983445733785629e-03 4.711670801043510437e-02 1.651958934962749481e-02 4.700259491801261902e-02 1.303835958242416382e-02 3.622680436819791794e-03 1.188442856073379517e-02 2.315274206921458244e-03 1.887761056423187256e-02 3.218145295977592468e-02 2.576175332069396973e-02 2.081687375903129578e-02 1.698701456189155579e-02 1.409150566905736923e-02 6.484575103968381882e-03 9.422430768609046936e-03 1.512012258172035217e-02 3.008381463587284088e-03 1.435620617121458054e-02 2.074642479419708252e-02 2.323186770081520081e-02 2.454140037298202515e-02 2.765802666544914246e-02 1.122103538364171982e-02 4.828668665140867233e-03 2.551166713237762451e-02 2.130573615431785583e-02 4.814147576689720154e-02 3.986449167132377625e-02 1.430794689804315567e-02 3.140712389722466469e-03 1.788361370563507080e-02 1.448905467987060547e-02 5.500207189470529556e-03 1.855360716581344604e-02 7.554661016911268234e-03 1.513823773711919785e-02 3.519770223647356033e-03 1.876902393996715546e-02 8.618684485554695129e-03 1.788844726979732513e-02 9.001236408948898315e-03 4.474400728940963745e-02 6.913797464221715927e-03 1.933428645133972168e-02 5.310628563165664673e-03 1.539463084191083908e-02 4.170256480574607849e-02 4.556220397353172302e-02
8.534141234122216702e-04 1.203833147883415222e-02 6.207599043846130371e-01 3.183184564113616943e-02 7.865861989557743073e-03 5.064654978923499584e-04 1.264839340001344681e-02 1.238952800631523132e-01 2.851149439811706543e-02 2.063663490116596222e-02 2.527129277586936951e-02 6.741555873304605484e-03 5.464340560138225555e-03 9.222213178873062134e-03 3.116947831586003304e-03 3.715076670050621033e-02 1.977026090025901794e-02 8.006199263036251068e-03 1.231066533364355564e-03 7.490432471968233585e-04 2.458152303006500006e-04 2.377422340214252472e-02 5.087684374302625656e-03 1.629886217415332794e-02 2.608182141557335854e-03 1.497982162982225418e-02 2.290428383275866508e-03 3.581581171602010727e-03 3.013142384588718414e-03 3.216690570116043091e-02 3.225181996822357178e-02 8.012329228222370148e-03 3.122493252158164978e-02 2.791817532852292061e-03 1.881312765181064606e-02 2.541895082686096430e-04 1.623538509011268616e-02 1.147208642214536667e-02 1.584418676793575287e-02 2.032510936260223389e-02 1.661233045160770416e-02 3.731789812445640564e-02 1.300355885177850723e-02 9.817527979612350464e-02 2.943712472915649414e-02 2.817162871360778809e-02 4.034172743558883667e-03 8.824960677884519100e-04 1.644547097384929657e-02 1.165061607025563717e-03 3.271557390689849854e-03 1.418220438063144684e-02 3.804157255217432976e-03 1.840908080339431763e-02 1.192707009613513947e-02 1.086886692792177200e-02 1.487451046705245972e-02 4.031778126955032349e-02 1.630795374512672424e-02 2.961797639727592468e-02 2.031396888196468353e-02 1.702889427542686462e-02 1.473615225404500961e-02 4.103980213403701782e-02 2.553384937345981598e-02 1.071088295429944992e-02 8.831839077174663544e-03 1.935825310647487640e-02 1.343392301350831985e-02 2.673331834375858307e-02 3.067784011363983154e-02 9.303756058216094971e-03 2.613014541566371918e-02 2.210788428783416748e-02 3.423580527305603027e-02 3.607174009084701538e-02 2.300962060689926147e-02 3.055745176970958710e-02 1.379779912531375885e-02 6.281651556491851807e-03 1.702988445758819580e-01 1.402835398912429810e-01 6.077845115214586258e-03 6.253685802221298218e-03 1.429643388837575912e-02 3.963541984558105469e-02 5.002871155738830566e-02 4.987249523401260376e-02 2.876242855563759804e-03 2.597511280328035355e-03 2.059090510010719299e-02 3.189930866938084364e-04 2.190951257944107056e-02 1.039700210094451904e-02 9.095225483179092407e-03 1.051408518105745316e-02 2.034526690840721130e-02 6.985141895711421967e-03 3.760880604386329651e-02 3.505064174532890320e-03 5.175102967768907547e-03 1.860165409743785858e-02 1.999008655548095703e-02 1.986513100564479828e-02 1.198869291692972183e-02 3.286781162023544312e-02 6.898269988596439362e-03 1.831449568271636963e-02 2.714988403022289276e-02 8.188340812921524048e-03 8.740772493183612823e-03 4.127259179949760437e-02 3.177288547158241272e-02 4.005739092826843262e-02 5.993135273456573486e-02 3.826855868101119995e-02
1.010086946189403534e-02 2.051162347197532654e-02 3.183184564113616943e-02 6.695311069488525391e-01 2.167171835899353027e-01 6.437534932047128677e-03 1.897042384371161461e-03 1.430215686559677124e-02 3.694959729909896851e-02 1.965889520943164825e-02 1.324353180825710297e-02 9.249964496120810509e-04 1.859869109466671944e-03 7.316079456359148026e-03 2.295297943055629730e-02 2.375280857086181641e-02 2.856446243822574615e-02 1.619402021169662476e-01 1.437666565179824829e-01 3.088150545954704285e-02 1.467400696128606796e-02 9.745710529386997223e-03 2.492665313184261322e-02 3.162457793951034546e-02 4.211121425032615662e-02 3.250330314040184021e-02 2.276670653373003006e-03 3.515168651938438416e-02 3.403022512793540955e-02 3.961567208170890808e-02 1.442058105021715164e-02 2.421970712020993233e-03 1.038526557385921478e-02 3.646446391940116882e-02 4.821347445249557495e-02 3.634396567940711975e-02 2.889551222324371338e-02 3.821506351232528687e-02 7.946718484163284302e-02 8.599734306335449219e-02 2.260080724954605103e-02 3.998819366097450256e-02 4.136625677347183228e-02 1.801064237952232361e-02 3.345232084393501282e-02 2.120080590248107910e-02 6.643567699939012527e-03 1.783025451004505157e-02 1.994428597390651703e-02 2.093326486647129059e-02 7.590371649712324142e-03 9.218445047736167908e-03 1.012324355542659760e-02 3.304865211248397827e-02 2.255075378343462944e-03 1.792434416711330414e-02 1.812281273305416107e-02 1.178831793367862701e-02 1.640884205698966980e-02 3.005195409059524536e-02 8.689551800489425659e-02 6.585614383220672607e-02 1.377164386212825775e-02 1.516141369938850403e-02 2.737410180270671844e-02 3.473678603768348694e-02 3.346879268065094948e-03 2.947293221950531006e-02 3.334078937768936157e-02 2.547102607786655426e-02 3.059181571006774902e-02 3.677276894450187683e-02 1.488640159368515015e-01 1.281128823757171631e-02 1.029463186860084534e-01 4.329030588269233704e-02 1.457821298390626907e-02 2.515136823058128357e-02 2.301657199859619141e-02 1.819106005132198334e-02 4.157730843871831894e-03 5.305277649313211441e-03 1.580012291669845581e-01 1.335021257400512695e-01 3.479831293225288391e-02 2.306482009589672089e-02 1.550994161516427994e-02 1.327045075595378876e-02 2.296598441898822784e-02 1.640492118895053864e-02 3.670862317085266113e-02 3.405240178108215332e-02 3.459434211254119873e-02 1.692244783043861389e-02 3.909998759627342224e-02 2.479458926245570183e-03 5.881822109222412109e-02 3.970438614487648010e-03 3.668990731239318848e-02 4.069596529006958008e-02 3.625251725316047668e-02 4.949945956468582153e-03 1.278034225106239319e-02 4.722284153103828430e-03 2.463633939623832703e-02 6.239189766347408295e-03 2.306484058499336243e-02 2.728865295648574829e-02 1.513891667127609253e-02 5.323408544063568115e-02 1.453497260808944702e-02 2.946837060153484344e-02 3.000289388000965118e-02 3.518901020288467407e-02 1.225297106429934502e-03 3.017096593976020813e-02
9.208173491060733795e-03 1.417987328022718430e-02 7.865861989557743073e-03 2.167171835899353027e-01 6.692551970481872559e-01 8.589913137257099152e-03 3.549453569576144218e-03 1.392715796828269958e-02 3.387872129678726196e-02 3.128069266676902771e-02 1.811708556488156319e-03 8.035155013203620911e-03 5.220554769039154053e-03 4.519599955528974533e-03 1.607244834303855896e-02 2.952408790588378906e-02 3.748238086700439453e-02 1.264022886753082275e-01 1.519320756196975708e-01 1.945377886295318604e-02 1.507859304547309875e-02 4.175121430307626724e-03 1.631249859929084778e-02 3.187603503465652466e-02 3.112724982202053070e-02 3.207646682858467102e-02 1.385385729372501373e-02 9.245520457625389099e-03 4.057088866829872131e-02 1.369352824985980988e-02 3.460817411541938782e-02 1.024194061756134033e-02 2.074540097964927554e-04 2.334582246840000153e-02 5.534187704324722290e-02 3.510854393243789673e-02 3.605796396732330322e-02 2.187346853315830231e-02 1.054954230785369873e-01 1.507062613964080811e-01 2.899145893752574921e-02 2.474919706583023071e-02 2.747666090726852417e-02 4.132443666458129883e-02 3.345609456300735474e-02 2.287033200263977051e-02 1.366412732750177383e-02 1.639043726027011871e-02 1.777095347642898560e-02 2.681723237037658691e-02 2.210959792137145996e-02 3.549727424979209900e-02 6.782663520425558090e-03 2.910041622817516327e-02 1.580666564404964447e-02 2.315117046236991882e-02 3.846867009997367859e-02 3.246105974540114403e-03 2.721574343740940094e-02 2.772141993045806885e-02 5.704420804977416992e-02 9.133817255496978760e-02 1.190755888819694519e-02 4.503237549215555191e-03 4.574810341000556946e-02 1.901401020586490631e-02 2.865411806851625443e-03 4.006808623671531677e-02 1.799454184947535396e-04 3.175925463438034058e-02 3.634154330939054489e-03 4.037491977214813232e-02 1.148033365607261658e-01 3.570087626576423645e-02 8.936560899019241333e-02 2.978066913783550262e-02 1.310215890407562256e-02 2.923930436372756958e-02 3.528327122330665588e-02 1.057682186365127563e-02 3.486301982775330544e-03 2.494220063090324402e-02 1.492496877908706665e-01 1.651571244001388550e-01 3.745482861995697021e-02 6.546228192746639252e-03 5.705044604837894440e-03 1.920554041862487793e-02 2.109093964099884033e-02 2.584579586982727051e-02 4.095724970102310181e-02 2.475685812532901764e-02 2.272061072289943695e-02 4.852549172937870026e-03 1.786922290921211243e-02 2.727904357016086578e-02 3.620866686105728149e-02 9.549928829073905945e-03 3.134990483522415161e-02 2.176733314990997314e-02 2.552737668156623840e-02 6.136847659945487976e-03 9.255300275981426239e-03 1.166466809809207916e-02 1.078572869300842285e-02 2.405080944299697876e-03 2.723847329616546631e-02 2.144971489906311035e-02 2.273160405457019806e-02 5.519610270857810974e-02 1.481026317924261093e-02 2.262189239263534546e-02 2.820522896945476532e-02 1.595974527299404144e-02 1.838061958551406860e-03 3.510215878486633301e-02
4.318780079483985901e-02 4.102836176753044128e-02 5.064654978923499584e-04 6.437534932047128677e-03 8.589913137257099152e-03 6.470423340797424316e-01 9.376881271600723267e-02 4.880688618868589401e-03 1.433451287448406219e-02 9.291497059166431427e-03 2.374293468892574310e-02 3.972686082124710083e-02 2.869182080030441284e-02 5.121543258428573608e-02 6.689302623271942139e-03 1.431129220873117447e-02 2.134454995393753052e-02 1.272873580455780029e-02 3.511882945895195007e-02 1.841222681105136871e-02 3.500621998682618141e-03 1.586845261044800282e-03 6.371229887008666992e-03 6.224624346941709518e-03 3.933966159820556641e-03 4.581391345709562302e-03 1.431700657121837139e-03 2.809349074959754944e-02 1.302195619791746140e-02 1.598808355629444122e-02 1.385658700019121170e-02 2.627635560929775238e-02 3.170794993638992310e-02 8.637741208076477051e-03 2.152445167303085327e-02 1.775530725717544556e-02 8.283160626888275146e-03 1.520486921072006226e-02 1.737070456147193909e-02 1.822934672236442566e-02 2.361201681196689606e-02 5.163561552762985229e-03 5.579164717346429825e-03 2.121808566153049469e-02 2.332145906984806061e-02 1.928266882896423340e-02 8.462204784154891968e-02 7.556419819593429565e-02 1.514480728656053543e-02 5.539164412766695023e-03 4.747221618890762329e-02 1.894407160580158234e-02 3.045973181724548340e-02 2.337785065174102783e-02 3.374174237251281738e-02 4.951837938278913498e-03 6.209861021488904953e-03 1.493303291499614716e-02 3.686397150158882141e-02 1.665402203798294067e-02 4.624745622277259827e-02 3.621500730514526367e-02 4.324068874120712280e-02 2.081854082643985748e-02 2.536318032070994377e-03 6.007009185850620270e-03 1.390313357114791870e-02 8.637745864689350128e-03 2.155926637351512909e-02 1.260768901556730270e-02 2.197928540408611298e-02 2.107988670468330383e-02 4.212188348174095154e-02 1.482395175844430923e-02 3.753606975078582764e-02 1.598904281854629517e-02 1.389764156192541122e-02 1.200110558420419693e-02 9.239514358341693878e-03 1.363751664757728577e-02 3.103972226381301880e-02 5.047773942351341248e-03 1.838064938783645630e-02 3.629102185368537903e-02 1.197654008865356445e-02 1.352964248508214951e-02 1.173223834484815598e-02 1.018726173788309097e-02 1.058059092611074448e-02 3.741553053259849548e-03 4.350100830197334290e-02 4.388075903989374638e-04 6.117247417569160461e-02 9.683109819889068604e-03 1.979470252990722656e-02 4.759489092975854874e-04 8.559399284422397614e-03 4.384352825582027435e-03 1.586608029901981354e-02 1.657905057072639465e-02 1.049837376922369003e-02 1.144670974463224411e-02 1.686965487897396088e-02 5.740512162446975708e-03 2.822353504598140717e-02 3.335017710924148560e-02 3.115736413747072220e-03 2.657265961170196533e-02 7.859552279114723206e-03 2.634955383837223053e-02 1.254819054156541824e-02 1.148171722888946533e-02 7.931856438517570496e-03 9.226488880813121796e-03 1.330213900655508041e-02 2.621757052838802338e-02
3.270489349961280823e-02 4.269421845674514771e-02 1.264839340001344681e-02 1.897042384371161461e-03 3.549453569576144218e-03 9.376881271600723267e-02 6.497164964675903320e-01 4.496731329709291458e-03 1.453088410198688507e-02 4.076142795383930206e-03 2.247817069292068481e-02 3.119328804314136505e-02 3.347666561603546143e-02 6.381721049547195435e-02 1.656230911612510681e-02 2.980569261126220226e-04 9.225394576787948608e-03 2.144655212759971619e-02 4.149123653769493103e-02 1.901122927665710449e-02 4.992410074919462204e-03 1.018094550818204880e-02 1.381491404026746750e-02 1.754270493984222412e-02 1.046519260853528976e-02 8.845770731568336487e-03 8.613009937107563019e-03 1.403597462922334671e-02 1.106947101652622223e-02 1.194133516401052475e-02 1.907322928309440613e-02 1.821027137339115143e-02 4.138751327991485596e-02 6.094717537052929401e-04 2.103791013360023499e-02 2.166358567774295807e-02 7.902953773736953735e-03 2.440155670046806335e-02 1.731254346668720245e-02 2.379609271883964539e-02 3.503038361668586731e-02 1.308732666075229645e-02 1.057074032723903656e-02 1.659335382282733917e-02 2.338497154414653778e-02 3.986341878771781921e-02 7.799160480499267578e-02 9.651491045951843262e-02 2.179451100528240204e-02 8.229152299463748932e-03 5.170891061425209045e-02 4.394265357404947281e-03 3.653160110116004944e-02 1.815659552812576294e-02 3.613583743572235107e-02 7.082183379679918289e-03 1.642346009612083435e-02 1.337475795298814774e-02 3.777914494276046753e-02 3.984162118285894394e-03 4.071476310491561890e-02 3.761347383260726929e-02 4.168470948934555054e-02 2.293598465621471405e-02 5.569379776716232300e-03 6.058715516701340675e-04 1.621776819229125977e-02 7.080940064042806625e-03 2.468998171389102936e-02 2.196885831654071808e-02 1.934683881700038910e-02 3.574094176292419434e-02 3.537549823522567749e-02 2.148102782666683197e-02 3.971015289425849915e-02 2.801755443215370178e-02 1.338494941592216492e-02 8.265040232799947262e-04 1.219742000102996826e-02 3.189196065068244934e-02 3.239388018846511841e-02 1.702619250863790512e-03 2.202990837395191193e-02 3.185513988137245178e-02 1.004228368401527405e-03 2.263170853257179260e-02 2.087690122425556183e-02 1.404589042067527771e-02 2.916717785410583019e-04 1.496043894439935684e-02 3.294496610760688782e-02 7.974767126142978668e-03 7.600650191307067871e-02 1.857103593647480011e-02 2.830761857330799103e-02 4.890310810878872871e-04 3.288214327767491341e-03 1.849012635648250580e-02 1.455059088766574860e-02 1.116993371397256851e-02 6.035176105797290802e-03 3.202726598829030991e-03 1.318192761391401291e-02 2.340250648558139801e-02 2.924151532351970673e-02 1.749292947351932526e-02 1.113609032472595572e-04 2.741497009992599487e-02 1.590447314083576202e-02 2.332714386284351349e-02 1.436438690871000290e-02 2.833792939782142639e-02 7.529107853770256042e-03 1.222408656030893326e-02 2.307104691863059998e-02 4.004692193120718002e-03
6.186328828334808350e-03 2.921452373266220093e-02 1.238952800631523132e-01 1.430215686559677124e-02 1.392715796828269958e-02 4.880688618868589401e-03 4.496731329709291458e-03 6.454128026962280273e-01 2.159077115356922150e-02 3.108838386833667755e-02 9.939546696841716766e-03 2.848511189222335815e-02 9.811322204768657684e-03 3.149506077170372009e-02 6.860910356044769287e-02 1.023653242737054825e-02 1.090078335255384445e-02 6.075837649405002594e-03 1.322518009692430496e-02 5.746250040829181671e-03 8.422358892858028412e-03 4.511742293834686279e-02 2.820888534188270569e-02 2.709967643022537231e-02 1.690109027549624443e-03 1.314809359610080719e-02 3.806276246905326843e-02 3.035285882651805878e-02 3.830840438604354858e-02 2.380010485649108887e-02 3.212029859423637390e-02 3.448386117815971375e-02 1.036600396037101746e-02 2.063661254942417145e-02 4.707082733511924744e-02 5.396894644945859909e-03 3.881826996803283691e-03 2.055853419005870819e-02 5.941360816359519958e-02 6.230956874787807465e-03 1.684638485312461853e-02 1.961974985897541046e-02 2.813692763447761536e-02 2.549810707569122314e-02 2.830547839403152466e-02 2.525141835212707520e-02 1.520999427884817123e-02 5.063456017524003983e-03 2.790037915110588074e-02 4.568443447351455688e-02 3.613136708736419678e-02 2.509542927145957947e-02 5.193877592682838440e-02 6.164633110165596008e-02 4.867619834840297699e-03 2.789436280727386475e-02 1.982489414513111115e-02 2.137807570397853851e-02 3.589916601777076721e-02 5.241215974092483521e-02 1.740473555400967598e-03 3.463706746697425842e-02 3.798650344833731651e-03 1.678548753261566162e-02 4.559958726167678833e-02 9.028241620399057865e-04 1.170493269455619156e-04 3.522408381104469299e-02 1.348745264112949371e-02 2.175106108188629150e-02 7.183212321251630783e-03 1.132069434970617294e-02 9.868852794170379639e-03 1.235153712332248688e-02 5.751769524067640305e-03 8.079747669398784637e-03 3.427797183394432068e-02 3.026512451469898224e-02 2.477822266519069672e-02 3.769116476178169250e-02 1.142424643039703369e-01 1.287444084882736206e-01 4.917004844173789024e-05 1.819575205445289612e-02 2.505886368453502655e-02 4.116657376289367676e-02 5.817291513085365295e-02 7.098406553268432617e-02 1.444203965365886688e-02 3.857176750898361206e-02 1.454059686511754990e-02 1.924141496419906616e-02 2.103638090193271637e-02 6.208116188645362854e-03 3.026080876588821411e-02 1.488335244357585907e-02 2.008131518959999084e-02 9.234178811311721802e-03 2.472045458853244781e-02 2.067514695227146149e-03 1.055298373103141785e-02 3.454530611634254456e-02 1.979687716811895370e-03 3.121710941195487976e-02 4.693406447768211365e-02 3.876743838191032410e-02 4.638375539798289537e-04 3.443284705281257629e-02 1.344624720513820648e-02 5.191383883357048035e-02 3.806159272789955139e-02 3.500927612185478210e-02 3.400959074497222900e-02 3.139745444059371948e-02 7.589676976203918457e-02 1.973002916201949120e-03
1.290587522089481354e-02 1.507090311497449875e-02 2.851149439811706543e-02 3.694959729909896851e-02 3.387872129678726196e-02 1.433451287448406219e-02 1.453088410198688507e-02 2.159077115356922150e-02 6.497410535812377930e-01 5.140998587012290955e-02 2.033255249261856079e-02 2.315432950854301453e-02 2.196377329528331757e-02 2.400818746536970139e-03 2.149930410087108612e-02 8.918863721191883087e-03 2.754530869424343109e-03 3.831492736935615540e-02 1.051843352615833282e-02 2.035646140575408936e-02 1.242068130522966385e-02 4.496005922555923462e-02 1.430410705506801605e-02 3.308072919026017189e-03 2.370465546846389771e-02 1.270350720733404160e-02 2.201079949736595154e-02 2.177913300693035126e-02 3.685588762164115906e-02 2.452799119055271149e-02 2.507980354130268097e-02 4.347630776464939117e-03 2.677805908024311066e-02 4.707200452685356140e-03 4.248856101185083389e-03 3.114357404410839081e-02 6.722215563058853149e-03 1.955852471292018890e-02 3.265390545129776001e-02 3.566369414329528809e-02 2.499031089246273041e-02 4.934187233448028564e-02 2.056691050529479980e-02 6.769113708287477493e-03 5.139184370636940002e-02 2.938352711498737335e-02 1.646849326789379120e-02 6.837422028183937073e-03 3.162113204598426819e-02 2.935732528567314148e-02 5.054361745715141296e-02 4.381335899233818054e-02 1.701937057077884674e-02 3.425141423940658569e-02 4.787160828709602356e-02 1.964050903916358948e-02 1.123894471675157547e-02 1.770433224737644196e-02 2.433161996304988861e-02 4.378947615623474121e-02 3.404359100386500359e-03 2.564501017332077026e-03 2.757829986512660980e-02 2.296696044504642487e-02 2.972189337015151978e-02 3.190803527832031250e-02 8.143953047692775726e-03 4.063841770403087139e-04 4.568438231945037842e-02 4.916518460959196091e-03 2.743942104279994965e-02 8.575386367738246918e-03 2.124845050275325775e-02 1.307294331490993500e-02 1.270071044564247131e-02 1.251375302672386169e-02 7.853837311267852783e-02 3.973819315433502197e-02 5.361559242010116577e-02 2.112504281103610992e-02 3.623080998659133911e-02 7.805366534739732742e-03 1.044532563537359238e-02 7.115921936929225922e-03 1.960072899237275124e-03 6.386094260960817337e-03 4.279954731464385986e-02 3.438685461878776550e-02 2.556615881621837616e-02 6.152131594717502594e-03 1.803367957472801208e-02 2.170355804264545441e-02 1.241665799170732498e-02 2.571956627070903778e-02 2.499833144247531891e-02 5.419184919446706772e-03 2.025643736124038696e-02 2.302541583776473999e-02 4.321035370230674744e-02 2.010197378695011139e-02 7.903443649411201477e-03 3.387539880350232124e-03 2.143584378063678741e-02 2.670493908226490021e-02 1.516596786677837372e-02 9.953520260751247406e-03 1.302969292737543583e-03 5.978096276521682739e-03 1.948241703212261200e-02 2.978463424369692802e-03 2.420333772897720337e-02 2.846147399395704269e-03 2.580470778048038483e-02 1.775977201759815216e-02 9.278151206672191620e-03 3.436049818992614746e-02
1.104626990854740143e-02 1.268175523728132248e-02 2.063663490116596222e-02 1.965889520943164825e-02 3.128069266676902771e-02 9.291497059166431427e-03 4.076142795383930206e-03 3.108838386833667755e-02 5.140998587012290955e-02 6.467890143394470215e-01 1.091994158923625946e-02 7.714524399489164352e-04 1.165813393890857697e-02 1.759895472787320614e-03 2.939518913626670837e-02 3.325010836124420166e-02 2.090941928327083588e-02 2.211806923151016235e-02 1.587698049843311310e-02 2.778491005301475525e-02 1.604514010250568390e-02 4.393918439745903015e-02 1.430786866694688797e-02 2.549066580832004547e-02 3.208196908235549927e-02 1.677232794463634491e-02 3.771547228097915649e-02 2.616635151207447052e-02 1.460587978363037109e-02 3.729033842682838440e-02 1.401857659220695496e-02 1.762578822672367096e-02 2.565444447100162506e-02 1.040731556713581085e-02 6.462844554334878922e-03 4.322166554629802704e-03 2.976280869916081429e-03 2.472475729882717133e-02 3.218848630785942078e-02 3.853598237037658691e-02 2.912960387766361237e-02 1.982381753623485565e-02 4.424167051911354065e-02 5.272044800221920013e-03 2.523560822010040283e-02 4.555639997124671936e-02 5.247633904218673706e-03 2.812715247273445129e-02 6.910010240972042084e-03 6.505336612462997437e-02 3.782607614994049072e-02 5.856203660368919373e-02 2.472096681594848633e-02 3.854996338486671448e-02 2.250019228085875511e-03 5.032068490982055664e-02 1.782325468957424164e-02 4.556375090032815933e-03 1.717491634190082550e-02 2.761617861688137054e-02 9.797242470085620880e-03 1.405673939734697342e-02 1.725464686751365662e-02 3.975418396294116974e-03 2.895090030506253242e-03 1.272174715995788574e-02 1.165779959410429001e-02 1.677070045843720436e-03 2.194523252546787262e-02 7.763769477605819702e-03 3.827184066176414490e-02 1.591947861015796661e-02 2.123951725661754608e-02 2.367997542023658752e-02 2.031389158219099045e-03 1.996874809265136719e-02 5.343686789274215698e-02 8.306103199720382690e-02 2.066087350249290466e-02 3.038528747856616974e-02 3.543843701481819153e-02 3.035589121282100677e-03 1.199447922408580780e-02 2.186745218932628632e-02 1.365810539573431015e-02 2.685388084501028061e-03 2.470425516366958618e-02 1.795610226690769196e-02 2.259065210819244385e-02 1.055692043155431747e-02 6.291744764894247055e-03 5.279261618852615356e-03 2.282554656267166138e-02 1.505183055996894836e-02 1.236331928521394730e-02 2.511005476117134094e-02 3.548466414213180542e-02 2.833914011716842651e-02 4.871349409222602844e-02 3.795634582638740540e-02 4.839765373617410660e-03 2.960529876872897148e-03 2.914359234273433685e-02 3.329682350158691406e-02 2.034586109220981598e-02 9.795906953513622284e-03 4.759781528264284134e-03 1.039245631545782089e-02 9.319536387920379639e-03 2.892361953854560852e-03 2.076963149011135101e-02 2.602248266339302063e-02 1.237937714904546738e-02 1.790042594075202942e-02 1.532736205263063312e-04 3.262286633253097534e-02
3.952584788203239441e-02 2.991832606494426727e-02 2.527129277586936951e-02 1.324353180825710297e-02 1.811708556488156319e-03 2.374293468892574310e-02 2.247817069292068481e-02 9.939546696841716766e-03 2.033255249261856079e-02 1.091994158923625946e-02 6.510047316551208496e-01 1.559742353856563568e-02 5.853985995054244995e-02 1.763525977730751038e-02 1.222594920545816422e-02 2.246922813355922699e-02 2.403876371681690216e-02 4.116729646921157837e-02 4.309667274355888367e-02 4.659022670239210129e-03 6.491419393569231033e-03 1.418104860931634903e-02 5.661377217620611191e-03 1.185548957437276840e-02 1.753171719610691071e-02 3.623328229878097773e-04 1.232689432799816132e-02 2.145075984299182892e-02 2.189731784164905548e-02 1.975395344197750092e-02 3.121232613921165466e-02 8.835016749799251556e-03 4.498738329857587814e-03 1.555764209479093552e-02 1.276127900928258896e-02 7.387955207377672195e-03 1.361833768896758556e-03 2.841442823410034180e-02 3.796739876270294189e-02 1.585913076996803284e-02 2.198661677539348602e-02 1.049577817320823669e-02 6.940180435776710510e-03 2.254009013995528221e-03 4.563104826956987381e-03 1.452525332570075989e-02 3.401035815477371216e-02 3.537876904010772705e-02 2.220507897436618805e-02 1.655992120504379272e-02 1.743311621248722076e-02 1.976337470114231110e-02 6.944868713617324829e-03 1.380245387554168701e-02 1.199804060161113739e-02 1.419908739626407623e-02 1.314200554043054581e-02 3.457772778347134590e-03 9.211435099132359028e-04 1.639037975110113621e-03 2.202057279646396637e-02 1.582029461860656738e-02 1.460395287722349167e-02 4.228734411299228668e-03 5.775167047977447510e-02 3.670756146311759949e-02 4.689838271588087082e-03 1.407468970865011215e-02 3.785789385437965393e-02 2.642032317817211151e-02 3.739522770047187805e-02 5.027023144066333771e-03 2.771964482963085175e-02 6.731534958817064762e-04 3.125516697764396667e-02 2.289371006190776825e-02 2.646563947200775146e-02 1.514929346740245819e-02 1.559990458190441132e-02 3.067669272422790527e-02 2.487945370376110077e-02 6.360584404319524765e-03 4.645684733986854553e-03 4.443202540278434753e-02 6.241812370717525482e-03 8.533583953976631165e-03 5.366840865463018417e-03 3.604830242693424225e-03 9.781762957572937012e-03 1.366911642253398895e-02 2.549052983522415161e-02 3.210345283150672913e-02 2.869011834263801575e-02 1.504205260425806046e-02 2.749829739332199097e-02 2.132395096123218536e-02 4.266659915447235107e-02 1.501745916903018951e-02 2.343700826168060303e-02 3.154430910944938660e-02 1.678914204239845276e-02 2.503843419253826141e-02 1.171548105776309967e-02 6.927821319550275803e-03 7.587235886603593826e-03 2.514384686946868896e-02 1.990783959627151489e-02 1.101389992982149124e-03 2.423361316323280334e-02 5.918845068663358688e-03 1.794123463332653046e-02 9.799030376598238945e-04 2.678514923900365829e-03 1.168655138462781906e-02 1.755052059888839722e-02 1.944022625684738159e-02
1.600023359060287476e-02 2.932521456386893988e-04 6.741555873304605484e-03 9.249964496120810509e-04 8.035155013203620911e-03 3.972686082124710083e-02 3.119328804314136505e-02 2.848511189222335815e-02 2.315432950854301453e-02 7.714524399489164352e-04 1.559742353856563568e-02 6.457558274269104004e-01 1.104419305920600891e-02 1.277411878108978271e-01 1.673522219061851501e-02 9.417165070772171021e-03 1.372971019009128213e-04 2.209258265793323517e-02 1.045320741832256317e-02 3.496740758419036865e-02 1.542618777602910995e-02 2.585192769765853882e-02 5.654995515942573547e-02 3.708004578948020935e-02 2.384884469211101532e-02 1.418847497552633286e-02 3.227572143077850342e-02 1.206939890980720520e-01 3.201136738061904907e-02 1.173597872257232666e-01 4.928940162062644958e-02 2.414806932210922241e-02 4.424946010112762451e-02 2.999282069504261017e-02 2.440165355801582336e-02 1.313183270394802094e-02 1.273316703736782074e-02 1.897861436009407043e-02 1.577933691442012787e-02 2.383004315197467804e-02 1.162084564566612244e-02 1.574533432722091675e-02 4.524110700003802776e-04 6.779764313250780106e-03 8.895722031593322754e-02 4.895694553852081299e-02 3.602919727563858032e-02 2.675236947834491730e-02 1.449597161263227463e-02 1.737655326724052429e-02 3.325410187244415283e-02 3.699873760342597961e-02 1.273157540708780289e-02 2.939722873270511627e-02 3.094401210546493530e-02 1.556185260415077209e-02 1.321325637400150299e-02 2.197598107159137726e-02 1.949840970337390900e-02 3.193593770265579224e-02 3.396448865532875061e-02 4.936455190181732178e-02 2.074056304991245270e-02 4.079720377922058105e-02 4.787716083228588104e-03 9.318717755377292633e-03 7.806891109794378281e-03 1.552782580256462097e-02 1.021847245283424854e-03 2.575036324560642242e-02 1.334955682978034019e-03 4.050708934664726257e-02 6.435314426198601723e-04 4.255072399973869324e-02 1.503512170165777206e-02 2.259164862334728241e-02 1.751039549708366394e-02 1.152631267905235291e-02 2.378544583916664124e-02 1.872061192989349365e-02 2.648235857486724854e-02 1.468292344361543655e-02 3.140227869153022766e-02 2.596538700163364410e-02 1.513158809393644333e-02 1.081176754087209702e-02 6.879320368170738220e-03 2.953900839202105999e-04 2.392575703561306000e-02 4.298193380236625671e-02 1.222009677439928055e-02 8.933122269809246063e-03 2.156184520572423935e-03 2.202155534178018570e-03 1.779679954051971436e-02 4.429348185658454895e-02 2.526358701288700104e-03 2.540672756731510162e-02 1.301926444284617901e-03 2.015070524066686630e-03 1.261155121028423309e-02 3.710181638598442078e-02 1.590702682733535767e-02 3.979605808854103088e-02 1.704726181924343109e-02 3.203780576586723328e-02 1.593776606023311615e-02 3.229729458689689636e-02 1.962189003825187683e-02 4.678633809089660645e-02 1.895079389214515686e-02 1.247521769255399704e-02 3.701552748680114746e-02 1.881119422614574432e-02 3.639984130859375000e-02 1.444654911756515503e-02
3.772848099470138550e-02 4.582992196083068848e-02 5.464340560138225555e-03 1.859869109466671944e-03 5.220554769039154053e-03 2.869182080030441284e-02 3.347666561603546143e-02 9.811322204768657684e-03 2.196377329528331757e-02 1.165813393890857697e-02 5.853985995054244995e-02 1.104419305920600891e-02 6.552927494049072266e-01 1.971255987882614136e-02 3.282230719923973083e-02 8.849905803799629211e-03 1.241410057991743088e-02 3.114650584757328033e-02 3.954687342047691345e-02 1.000772695988416672e-03 7.960762741276994348e-05 2.386952564120292664e-02 3.512537106871604919e-03 7.290207780897617340e-03 4.416783340275287628e-03 3.427115734666585922e-04 1.502562966197729111e-02 1.462756656110286713e-02 1.059350371360778809e-02 1.402256730943918228e-02 2.694005332887172699e-02 4.765756311826407909e-04 2.564221248030662537e-02 8.950202725827693939e-03 2.252141572535037994e-02 5.037937778979539871e-03 3.627219237387180328e-03 1.741944067180156708e-02 3.393059223890304565e-02 1.029347069561481476e-02 1.577240787446498871e-02 7.878289557993412018e-03 1.250539068132638931e-02 2.429888956248760223e-02 1.928975572809576988e-03 1.477707759477198124e-03 3.545987233519554138e-02 4.269181936979293823e-02 1.521750353276729584e-02 9.021448902785778046e-03 2.512037940323352814e-02 1.271597389131784439e-02 5.655002314597368240e-03 5.884570069611072540e-03 1.670293696224689484e-02 9.461088106036186218e-03 5.651710089296102524e-03 3.640892100520431995e-04 4.373090807348489761e-03 5.560146179050207138e-03 3.037735819816589355e-02 2.795923687517642975e-02 3.051145561039447784e-02 1.862292736768722534e-02 2.830571867525577545e-02 4.089244827628135681e-02 2.052762312814593315e-03 1.389833074063062668e-02 3.648669272661209106e-02 8.772993460297584534e-03 3.838174790143966675e-02 3.544772334862500429e-04 4.168261960148811340e-02 7.938763126730918884e-03 4.760416597127914429e-02 1.556045748293399811e-02 2.932397089898586273e-02 1.775483228266239166e-02 1.759209111332893372e-02 1.340501662343740463e-02 6.990228779613971710e-03 1.216113008558750153e-02 2.614754019305109978e-03 3.478422388434410095e-02 1.681181974709033966e-02 1.265547331422567368e-02 1.212483178824186325e-02 2.298998832702636719e-02 1.657029986381530762e-02 1.046035997569561005e-02 1.758459396660327911e-02 1.545324176549911499e-02 3.689302876591682434e-02 2.546678669750690460e-02 2.460884302854537964e-02 1.832204312086105347e-02 1.086901593953371048e-02 6.103596184402704239e-03 2.178457379341125488e-02 2.495067752897739410e-02 6.059261970221996307e-03 2.494574710726737976e-02 4.173764958977699280e-03 1.200572587549686432e-02 5.335830152034759521e-03 2.301550097763538361e-02 1.068406365811824799e-02 1.425979100167751312e-02 1.835945248603820801e-02 1.473125722259283066e-02 7.505118381232023239e-03 5.731516052037477493e-03 5.771391559392213821e-03 1.357473712414503098e-02 2.922746725380420685e-02 1.799742691218852997e-02
