4.626421034336090088e-01 1.075117364525794983e-01 1.328816916793584824e-02 8.937330916523933411e-03 1.179157290607690811e-02 7.485032081604003906e-02 4.311801865696907043e-02 9.943692944943904877e-03 5.331267602741718292e-03 3.796430071815848351e-03 1.550012975931167603e-01 5.550578981637954712e-02 8.084031194448471069e-02 9.502140432596206665e-02 3.640146180987358093e-02 3.367323428392410278e-02 1.687973365187644958e-02 4.051303490996360779e-03 8.333083242177963257e-03 4.789697378873825073e-02 1.262209936976432800e-02 3.434437140822410583e-02 1.551886741071939468e-02 1.329382695257663727e-02 6.173466332256793976e-03 1.863808371126651764e-02 1.427568588405847549e-02 4.924886301159858704e-02 3.105001524090766907e-02 4.966940265148878098e-03 4.927159100770950317e-02 8.101819083094596863e-03 2.631722390651702881e-02 2.763958461582660675e-02 3.460316732525825500e-02 1.872773095965385437e-02 3.280499076936393976e-04 1.681911386549472809e-02 1.439054775983095169e-02 3.793451702222228050e-03 4.392539337277412415e-02 2.101736841723322868e-03 1.623387075960636139e-02 1.176774222403764725e-02 4.312961921095848083e-02 5.327749252319335938e-02 4.211509227752685547e-02 4.546605423092842102e-02 2.105318196117877960e-02 1.300027687102556229e-02 4.786057397723197937e-02 3.049989230930805206e-02 2.144435979425907135e-02 4.716753959655761719e-02 1.401622896082699299e-03 1.250550523400306702e-02 2.768410556018352509e-02 3.469396755099296570e-02 2.724718302488327026e-02 2.354033477604389191e-02 2.533099986612796783e-02 2.864225953817367554e-02 1.730380579829216003e-02 6.757836323231458664e-03 1.614634692668914795e-02 3.789487108588218689e-02 3.336334601044654846e-02 3.829268738627433777e-02 2.276306040585041046e-02 2.384464256465435028e-02 2.988287061452865601e-02 7.264056708663702011e-03 2.352889999747276306e-02 1.257044170051813126e-02 4.508790001273155212e-02 1.001926697790622711e-02 1.017290446907281876e-02 2.053419873118400574e-02 2.996798790991306305e-02 1.579740829765796661e-02 3.830907121300697327e-02 6.526671350002288818e-03 2.971551008522510529e-02 2.877570874989032745e-02 5.002705845981836319e-03 1.749646291136741638e-02 1.036517601460218430e-02 1.447704527527093887e-02 3.162020072340965271e-02 4.554619267582893372e-02 6.754335481673479080e-03 3.822075575590133667e-02 2.585149370133876801e-02 1.021170336753129959e-02 4.011777788400650024e-02 8.544456213712692261e-03 6.745512131601572037e-03 3.027039766311645508e-02 2.404092252254486084e-02 2.882352843880653381e-02 3.056224435567855835e-02 2.907149679958820343e-02 1.718041859567165375e-02 4.301821440458297729e-02 2.295028651133179665e-03 1.720217987895011902e-03 7.614273112267255783e-03 2.138228621333837509e-03 3.856174647808074951e-02 4.557479172945022583e-03 1.824891753494739532e-02 1.484763529151678085e-02 4.973801225423812866e-02 4.500886797904968262e-02 4.467330873012542725e-02 3.309433534741401672e-02
1.075117364525794983e-01 4.633323848247528076e-01 2.506738156080245972e-02 9.911151602864265442e-03 8.398798294365406036e-03 2.711066789925098419e-02 9.347358345985412598e-02 3.020732663571834564e-02 7.991788443177938461e-04 1.422253344208002090e-02 2.775570750236511230e-02 2.778077311813831329e-02 2.562184929847717285e-01 5.619543138891458511e-03 3.220343030989170074e-03 1.417979504913091660e-02 1.845302432775497437e-02 1.719800755381584167e-02 1.468846760690212250e-02 3.091362304985523224e-02 5.219455808401107788e-03 1.265264954417943954e-02 1.214039605110883713e-02 2.021358115598559380e-03 4.409765079617500305e-02 9.014305658638477325e-03 8.196034468710422516e-04 4.553339630365371704e-02 3.864268586039543152e-02 1.987572573125362396e-02 2.035501971840858459e-02 3.063153102993965149e-02 5.076469853520393372e-02 9.006042382679879665e-04 2.373954514041543007e-03 2.960233576595783234e-02 3.523528575897216797e-02 1.950995437800884247e-02 4.329244419932365417e-02 2.394693158566951752e-02 1.898389542475342751e-03 1.512685790657997131e-02 7.924207486212253571e-03 3.129574283957481384e-02 2.521133422851562500e-02 2.285408042371273041e-02 4.060994461178779602e-02 2.182252937927842140e-03 5.112650990486145020e-02 4.517164081335067749e-02 7.326085120439529419e-02 9.490731358528137207e-02 3.786512091755867004e-02 3.751147910952568054e-02 2.507543750107288361e-02 3.798853233456611633e-02 9.971450082957744598e-03 4.163521807640790939e-03 4.375016316771507263e-02 1.161911059170961380e-02 2.746522985398769379e-02 8.859855122864246368e-03 6.653303653001785278e-02 5.245160683989524841e-02 2.281427010893821716e-02 4.526483640074729919e-02 3.692827001214027405e-02 3.070588782429695129e-02 1.974123064428567886e-03 5.072643980383872986e-03 1.572345942258834839e-02 3.015731461346149445e-02 4.415793716907501221e-02 2.345499524381011724e-05 6.276380270719528198e-03 2.858585491776466370e-02 6.759034935384988785e-03 1.803461648523807526e-02 2.360240742564201355e-02 4.943298548460006714e-02 1.650045253336429596e-02 3.640085831284523010e-02 5.287482403218746185e-03 7.633199915289878845e-03 3.988434001803398132e-02 2.821214310824871063e-02 1.437589526176452637e-02 3.181599453091621399e-02 3.527658432722091675e-02 2.894362993538379669e-02 3.500362485647201538e-02 4.421890154480934143e-02 1.566252484917640686e-02 1.624334231019020081e-02 3.750937432050704956e-02 9.448748896829783916e-04 4.447946324944496155e-02 4.138404130935668945e-02 3.119104169309139252e-02 4.680829122662544250e-03 2.274666540324687958e-02 1.589726842939853668e-02 6.496472749859094620e-03 1.436616294085979462e-02 1.040004752576351166e-02 4.456852003931999207e-02 6.541880313307046890e-03 1.096777059137821198e-02 2.596944756805896759e-02 4.755008220672607422e-02 2.170944958925247192e-02 3.266450390219688416e-02 1.959467073902487755e-03 3.837857628241181374e-03 1.971141621470451355e-02 2.971583046019077301e-03
1.328816916793584824e-02 2.506738156080245972e-02 4.353616237640380859e-01 9.465241455473005772e-04 2.285250462591648102e-02 1.229809038341045380e-02 1.036099065095186234e-02 1.865570992231369019e-01 4.027372226119041443e-02 1.645577512681484222e-02 2.925755642354488373e-02 1.124642416834831238e-02 1.935984939336776733e-02 3.993894904851913452e-03 3.778944723308086395e-03 1.062926650047302246e-02 3.977256827056407928e-03 1.606087572872638702e-02 5.288102664053440094e-03 1.330166682600975037e-02 3.271813318133354187e-02 2.822121977806091309e-02 1.628093793988227844e-02 3.584296675398945808e-03 4.893443547189235687e-03 2.899874746799468994e-02 3.261164575815200806e-02 1.281264051795005798e-02 2.829798124730587006e-02 3.456961363554000854e-02 8.091870695352554321e-03 3.317455574870109558e-02 2.279275842010974884e-02 2.472402155399322510e-02 2.770711481571197510e-02 4.168066196143627167e-03 3.263606131076812744e-02 2.607469260692596436e-02 5.494918301701545715e-02 1.982741057872772217e-02 1.215517334640026093e-02 2.236451953649520874e-02 2.666215598583221436e-02 2.897211536765098572e-02 6.383369117975234985e-02 2.795131318271160126e-02 3.702797368168830872e-02 3.377471119165420532e-02 3.151697292923927307e-02 1.537375431507825851e-02 3.190772607922554016e-02 3.494548797607421875e-02 7.118299137800931931e-03 2.578685432672500610e-02 3.572691604495048523e-02 1.760379225015640259e-02 3.109697066247463226e-02 3.105779364705085754e-02 5.392537917941808701e-03 2.356247045099735260e-02 3.945207223296165466e-03 1.744602993130683899e-02 1.620079507119953632e-03 3.673455119132995605e-02 1.000415533781051636e-02 3.672106657177209854e-03 1.521677337586879730e-02 3.879447281360626221e-02 2.222696878015995026e-02 1.128823403269052505e-02 2.234550192952156067e-02 3.860071673989295959e-02 3.427345678210258484e-02 3.050017543137073517e-02 3.108175471425056458e-03 3.237459063529968262e-02 2.285732887685298920e-02 3.932171314954757690e-02 3.494834061712026596e-03 1.287277415394783020e-02 1.149870008230209351e-01 5.477733165025711060e-02 1.510025467723608017e-02 4.137190058827400208e-03 1.107044238597154617e-02 1.904086209833621979e-02 6.722758989781141281e-04 2.416079677641391754e-02 2.830712310969829559e-02 1.257933210581541061e-02 2.883146749809384346e-03 3.718648478388786316e-02 3.851941088214516640e-03 3.362433612346649170e-02 6.304198503494262695e-02 6.070389412343502045e-03 4.670736566185951233e-02 3.310783579945564270e-02 8.401905186474323273e-03 9.020701982080936432e-03 2.319692447781562805e-02 1.960926130414009094e-02 5.720978137105703354e-03 2.011673524975776672e-03 2.058273553848266602e-02 3.423586115241050720e-02 2.417889423668384552e-02 1.375509146600961685e-02 3.168163821101188660e-02 3.191716596484184265e-02 2.739419229328632355e-02 1.622107252478599548e-02 3.242772072553634644e-02 1.616375148296356201e-02 3.210998373106122017e-03 1.461899429559707642e-01
8.937330916523933411e-03 9.911151602864265442e-03 9.465241455473005772e-04 4.501606822013854980e-01 6.566828489303588867e-02 6.902524083852767944e-02 4.366634786128997803e-02 2.407879009842872620e-02 3.063444793224334717e-02 6.433296483010053635e-03 5.245485343039035797e-03 1.525632385164499283e-02 1.811849506339058280e-04 8.127870969474315643e-03 2.556473203003406525e-02 4.117375612258911133e-02 3.487247973680496216e-02 9.592452086508274078e-03 4.347376152873039246e-02 2.314013254363089800e-04 1.985803100978955626e-05 1.745127327740192413e-02 3.442482277750968933e-02 3.748286888003349304e-02 1.270008366554975510e-02 3.142099082469940186e-02 2.875111810863018036e-02 5.247075110673904419e-03 1.936635375022888184e-02 1.912737265229225159e-02 3.839168325066566467e-02 2.847088035196065903e-03 3.828167170286178589e-02 1.796632446348667145e-02 4.868942871689796448e-02 1.228417642414569855e-02 4.085113108158111572e-02 3.222235292196273804e-02 7.023448497056961060e-02 6.068484112620353699e-02 2.155856788158416748e-02 1.862606406211853027e-02 9.032104164361953735e-03 2.447540871798992157e-02 4.429450631141662598e-02 2.372235432267189026e-02 1.807438582181930542e-02 3.595872968435287476e-02 1.741850748658180237e-02 4.849998280405998230e-03 3.924736753106117249e-02 1.379380119033157825e-03 1.309813745319843292e-02 1.551990024745464325e-02 4.925585538148880005e-02 4.812796413898468018e-02 1.866485550999641418e-02 3.803576529026031494e-02 8.658403530716896057e-03 1.677433960139751434e-02 4.575659520924091339e-03 2.648266404867172241e-02 3.122482262551784515e-02 2.228194288909435272e-02 2.478558197617530823e-02 1.125508453696966171e-02 1.441061962395906448e-02 2.615477889776229858e-03 1.788670010864734650e-02 3.750503063201904297e-02 1.123730279505252838e-02 5.232879146933555603e-02 6.924491375684738159e-02 9.467111900448799133e-03 4.612639918923377991e-02 5.126314237713813782e-02 2.414470352232456207e-02 9.987400844693183899e-03 1.109878160059452057e-02 2.985903527587652206e-03 1.409922167658805847e-02 2.960871718823909760e-02 1.087279543280601501e-01 9.355055168271064758e-03 6.942250300198793411e-03 1.182120875455439091e-03 4.327776655554771423e-02 4.462547600269317627e-03 7.137517444789409637e-03 7.290915399789810181e-02 1.103783585131168365e-02 3.805822506546974182e-02 2.380935475230216980e-02 3.706132620573043823e-02 6.241333484649658203e-02 3.696591779589653015e-02 1.499567739665508270e-02 4.587678983807563782e-02 1.230710837990045547e-02 4.560895264148712158e-03 2.107145823538303375e-02 2.961943298578262329e-02 1.064067799597978592e-02 3.979000821709632874e-02 4.029157012701034546e-02 2.718742750585079193e-02 3.788863122463226318e-02 3.028755821287631989e-02 4.252548329532146454e-03 4.671987518668174744e-02 9.485700866207480431e-04 1.685353636275976896e-04 4.508312046527862549e-02 3.627459704875946045e-02 1.099266298115253448e-02 4.086082056164741516e-02
1.179157290607690811e-02 8.398798294365406036e-03 2.285250462591648102e-02 6.566828489303588867e-02 4.612106382846832275e-01 2.115545235574245453e-02 2.108003571629524231e-02 5.310989916324615479e-03 3.125958889722824097e-02 3.795309364795684814e-02 2.351545728743076324e-02 3.000757843255996704e-02 6.345323286950588226e-03 2.372055687010288239e-02 3.588279709219932556e-02 4.115509614348411560e-02 4.139928147196769714e-02 6.842224299907684326e-02 2.549873292446136475e-02 4.776875674724578857e-02 1.824814942665398121e-03 1.424150913953781128e-02 3.341763839125633240e-02 8.165513165295124054e-03 1.287141721695661545e-02 2.527228742837905884e-02 1.491590030491352081e-02 1.901389285922050476e-02 4.134278744459152222e-02 8.015065453946590424e-03 4.895231872797012329e-02 2.547864569351077080e-03 3.677631914615631104e-02 6.007266696542501450e-03 4.181195423007011414e-02 2.940512448549270630e-02 2.682403894141316414e-03 3.082077950239181519e-02 1.214537955820560455e-02 6.708768755197525024e-02 2.055265568196773529e-02 2.740078233182430267e-02 3.834948316216468811e-02 4.184619709849357605e-02 5.929362494498491287e-03 1.949067600071430206e-02 1.328886486589908600e-02 1.178856566548347473e-02 2.241638721898198128e-03 1.867203827714547515e-04 1.436741277575492859e-02 3.792425245046615601e-02 4.106593783944845200e-03 3.379514813423156738e-02 2.710996381938457489e-02 1.158044300973415375e-02 2.547616325318813324e-02 2.326558530330657959e-02 2.964759618043899536e-02 3.156263753771781921e-02 1.192872878164052963e-02 2.978120557963848114e-02 1.022881828248500824e-02 1.494567189365625381e-02 4.166914895176887512e-02 4.547980800271034241e-02 2.370955608785152435e-02 3.809617832303047180e-02 3.145890310406684875e-02 2.265257295221090317e-03 5.638943053781986237e-03 2.958526462316513062e-02 8.170890808105468750e-02 1.164597924798727036e-02 6.063476577401161194e-02 2.881184779107570648e-02 4.124307259917259216e-02 3.488061204552650452e-02 1.490237005054950714e-02 2.646877057850360870e-02 1.682134158909320831e-02 3.591528907418251038e-02 6.972521543502807617e-02 3.560905158519744873e-02 1.511988043785095215e-02 2.265808545053005219e-02 5.485580861568450928e-02 1.472673472017049789e-02 5.140362679958343506e-02 1.929141953587532043e-02 2.966604754328727722e-02 8.231214247643947601e-03 2.026400901377201080e-02 1.011397037655115128e-02 4.054375737905502319e-02 5.345225799828767776e-03 1.972466707229614258e-03 4.674717038869857788e-02 4.312683269381523132e-02 3.838408738374710083e-02 1.456110458821058273e-02 1.332097686827182770e-02 2.162237837910652161e-02 1.009465288370847702e-02 1.452410127967596054e-02 1.612501102499663830e-03 6.125052459537982941e-03 4.997989162802696228e-02 3.298734501004219055e-02 1.774813607335090637e-02 3.461566194891929626e-02 2.088611945509910583e-02 5.243046209216117859e-02 1.907732151448726654e-02 2.340356819331645966e-02 1.954866573214530945e-02
7.485032081604003906e-02 2.711066789925098419e-02 1.229809038341045380e-02 6.902524083852767944e-02 2.115545235574245453e-02 4.510467350482940674e-01 1.937407553195953369e-01 1.079570874571800232e-02 3.814028948545455933e-02 3.984851017594337463e-02 4.472048953175544739e-02 2.829495631158351898e-02 1.558145228773355484e-02 3.644927963614463806e-02 4.500829428434371948e-02 6.870906800031661987e-02 5.543906614184379578e-02 4.310038313269615173e-02 4.253545776009559631e-02 3.810681402683258057e-02 7.422435097396373749e-03 7.983819581568241119e-03 3.173580393195152283e-02 5.239707604050636292e-02 1.887985691428184509e-02 2.400677464902400970e-02 1.956704072654247284e-02 1.176098082214593887e-02 3.529850766062736511e-02 1.876133680343627930e-02 1.127328444272279739e-02 4.718577116727828979e-02 3.063477389514446259e-02 2.719446457922458649e-02 1.162883918732404709e-02 1.467458344995975494e-02 4.154624417424201965e-02 2.456573955714702606e-02 3.827048838138580322e-02 2.036133222281932831e-02 1.108580827713012695e-02 4.911621659994125366e-02 3.658941760659217834e-02 3.197469050064682961e-03 1.695938222110271454e-02 2.728424733504652977e-03 4.991291463375091553e-02 1.065616216510534286e-02 1.543750613927841187e-02 1.735236495733261108e-02 8.785664686001837254e-04 8.644779212772846222e-03 3.994643688201904297e-02 4.136273264884948730e-02 5.403168126940727234e-02 1.794311590492725372e-02 3.692742437124252319e-02 3.597764670848846436e-02 3.229371458292007446e-02 2.660693787038326263e-02 1.982232555747032166e-02 2.684834040701389313e-02 3.544750064611434937e-02 3.162822499871253967e-02 4.700426757335662842e-02 2.962384372949600220e-02 7.411465514451265335e-03 3.644778952002525330e-02 1.139850728213787079e-02 2.910329960286617279e-02 3.426793590188026428e-02 6.580670364201068878e-03 7.050188630819320679e-02 4.372048377990722656e-02 1.043707877397537231e-02 1.665670424699783325e-02 4.470344260334968567e-02 2.363661490380764008e-02 2.162327803671360016e-02 3.377110138535499573e-02 2.255274541676044464e-02 5.159207805991172791e-02 1.631052978336811066e-02 3.925090655684471130e-02 3.408613801002502441e-02 4.639011621475219727e-02 1.842962764203548431e-02 1.536523457616567612e-02 1.668580994009971619e-02 7.353949476964771748e-04 9.859205223619937897e-03 1.049364544451236725e-02 1.137729268521070480e-02 5.198047310113906860e-02 1.759546063840389252e-02 3.928895108401775360e-03 8.545453846454620361e-02 2.768131159245967865e-02 2.470923215150833130e-02 2.701004035770893097e-02 3.386824205517768860e-02 5.074918735772371292e-04 4.146285727620124817e-02 9.984654374420642853e-03 3.918709978461265564e-02 1.605962775647640228e-02 3.452985733747482300e-02 8.165016770362854004e-03 8.910773321986198425e-03 2.854681760072708130e-02 2.742550522089004517e-02 3.960294276475906372e-02 1.694623380899429321e-02 1.736798323690891266e-02 4.020085930824279785e-02 2.289278991520404816e-02
4.311801865696907043e-02 9.347358345985412598e-02 1.036099065095186234e-02 4.366634786128997803e-02 2.108003571629524231e-02 1.937407553195953369e-01 4.577026963233947754e-01 8.103076368570327759e-02 2.043973468244075775e-02 2.174833789467811584e-02 2.049705944955348969e-02 2.871114946901798248e-02 8.397752046585083008e-02 8.129442483186721802e-02 1.606299914419651031e-02 1.349743083119392395e-02 2.522291149944067001e-03 1.012679375708103180e-02 7.952894084155559540e-04 4.102708026766777039e-02 3.412457183003425598e-02 2.452445775270462036e-02 1.977832615375518799e-02 3.200560435652732849e-02 4.223986994475126266e-03 4.060222953557968140e-02 1.613251119852066040e-02 1.827308535575866699e-02 1.147286593914031982e-02 2.255146019160747528e-02 2.004939503967761993e-02 4.684566333889961243e-02 2.909379824995994568e-02 4.027772694826126099e-02 4.731666669249534607e-02 6.870049983263015747e-02 7.300952821969985962e-02 2.168422751128673553e-02 4.056259989738464355e-02 1.925233565270900726e-02 3.229123353958129883e-02 1.268130075186491013e-02 2.466368488967418671e-02 5.853047966957092285e-02 3.189814463257789612e-02 3.344252705574035645e-02 4.494742676615715027e-02 2.937496826052665710e-02 6.388465408235788345e-03 1.192787545733153820e-03 3.239300101995468140e-02 6.443285942077636719e-02 1.940785907208919525e-02 2.298231981694698334e-02 2.621832676231861115e-02 2.656677133927587420e-05 1.279719732701778412e-02 1.852337270975112915e-02 3.216716647148132324e-02 1.592337212059646845e-04 5.753040313720703125e-04 7.458723615854978561e-03 4.095558077096939087e-02 4.141590371727943420e-02 3.242529556155204773e-02 1.153882034122943878e-02 3.761742264032363892e-02 1.059190090745687485e-02 2.721401304006576538e-02 3.955932334065437317e-02 2.461360301822423935e-03 3.334772959351539612e-02 4.720717668533325195e-02 4.893087595701217651e-02 2.930947765707969666e-02 4.852573573589324951e-02 3.670863434672355652e-02 1.344818621873855591e-03 3.482403606176376343e-02 3.027863986790180206e-02 2.513488754630088806e-02 2.519278414547443390e-02 1.009043678641319275e-02 1.080610975623130798e-02 1.906316354870796204e-02 2.774166502058506012e-02 3.480695933103561401e-02 2.141876332461833954e-02 6.049257889389991760e-02 4.038931801915168762e-03 2.687895204871892929e-03 4.548007994890213013e-02 1.651934161782264709e-02 7.919314317405223846e-03 3.994226828217506409e-02 4.117504879832267761e-02 3.081340156495571136e-02 1.434754766523838043e-02 2.322225086390972137e-02 2.883330173790454865e-02 1.402419619262218475e-02 2.118909265846014023e-03 2.581989206373691559e-02 1.440072525292634964e-02 7.242268323898315430e-02 4.200144205242395401e-03 2.320340648293495178e-02 3.738300502300262451e-02 1.947264000773429871e-02 1.236178446561098099e-02 7.208080589771270752e-02 2.222391776740550995e-02 9.776247665286064148e-03 1.365140452980995178e-02 7.928841747343540192e-03 2.580027468502521515e-02
9.943692944943904877e-03 3.020732663571834564e-02 1.865570992231369019e-01 2.407879009842872620e-02 5.310989916324615479e-03 1.079570874571800232e-02 8.103076368570327759e-02 4.626116454601287842e-01 2.141011692583560944e-02 2.040442824363708496e-02 7.212188560515642166e-03 2.011785283684730530e-02 7.190310955047607422e-02 1.121194451116025448e-03 1.177135407924652100e-01 3.429687395691871643e-02 3.697016090154647827e-02 1.516093034297227859e-02 7.134354207664728165e-03 8.798112161457538605e-03 2.535215020179748535e-02 3.040788881480693817e-02 1.240866072475910187e-02 3.043901547789573669e-02 8.423487655818462372e-03 3.404364362359046936e-02 3.728731349110603333e-02 3.535807877779006958e-02 1.648115739226341248e-02 1.187688484787940979e-02 2.756084315478801727e-02 2.643087320029735565e-02 1.658660825341939926e-03 1.061670365743339062e-03 9.177842177450656891e-03 3.494934365153312683e-02 4.883103072643280029e-02 1.000932604074478149e-02 1.252372283488512039e-02 3.198322281241416931e-02 3.466313704848289490e-02 4.162915423512458801e-02 3.580159693956375122e-02 1.931619085371494293e-02 3.040332533419132233e-02 2.517727261874824762e-04 7.368923164904117584e-03 4.306903108954429626e-03 8.475210517644882202e-03 1.270790118724107742e-02 2.662545070052146912e-02 4.653281345963478088e-02 2.200296893715858459e-02 3.672751039266586304e-02 2.669888548552989960e-02 6.507007870823144913e-03 6.174784153699874878e-03 2.750146761536598206e-02 3.105542249977588654e-02 1.366789336316287518e-03 3.374166786670684814e-02 1.708811894059181213e-02 1.398588344454765320e-02 2.478732913732528687e-02 2.396260574460029602e-02 1.383150741457939148e-02 5.975280422717332840e-03 9.449878707528114319e-03 6.470860447734594345e-03 3.488364443182945251e-02 7.436298765242099762e-03 3.673691675066947937e-02 6.411345209926366806e-03 3.480093553662300110e-02 2.044036798179149628e-02 2.067557722330093384e-02 2.237509936094284058e-02 2.823587134480476379e-02 4.134753346443176270e-02 1.922781951725482941e-02 2.158493846654891968e-01 1.516904383897781372e-01 2.464780397713184357e-02 3.482968080788850784e-03 2.407101728022098541e-02 1.129155326634645462e-02 1.283086389303207397e-01 1.102418899536132812e-01 3.451323881745338440e-02 3.130960091948509216e-02 9.649901650846004486e-03 1.908018067479133606e-02 1.343821827322244644e-02 3.114794008433818817e-02 1.734217628836631775e-02 1.019440032541751862e-02 8.972371369600296021e-02 2.731334231793880463e-02 3.505897149443626404e-02 7.487905211746692657e-03 2.280996926128864288e-02 2.895702049136161804e-02 5.374030023813247681e-02 3.032910265028476715e-02 2.045165048912167549e-03 2.160271396860480309e-03 1.871178671717643738e-02 3.787241503596305847e-02 2.954960800707340240e-02 2.277958579361438751e-02 3.945828229188919067e-02 3.684207051992416382e-02 4.371697455644607544e-02 2.859670296311378479e-02 4.361385852098464966e-02 1.232166308909654617e-02
5.331267602741718292e-03 7.991788443177938461e-04 4.027372226119041443e-02 3.063444793224334717e-02 3.125958889722824097e-02 3.814028948545455933e-02 2.043973468244075775e-02 2.141011692583560944e-02 4.887747168540954590e-01 5.586601793766021729e-02 2.184870885685086250e-03 2.878891862928867340e-02 1.089273765683174133e-02 2.471372485160827637e-02 1.888554426841437817e-03 2.140831574797630310e-02 1.007599756121635437e-03 3.359326720237731934e-02 2.412940561771392822e-02 1.358816307038068771e-02 5.194221157580614090e-03 2.901885099709033966e-02 3.353782370686531067e-02 3.526804968714714050e-02 2.425610274076461792e-02 3.150360658764839172e-02 9.591246955096721649e-03 3.189177066087722778e-02 2.010050043463706970e-02 4.648924223147332668e-04 2.211043052375316620e-02 1.994139142334461212e-02 3.542214259505271912e-02 3.030741401016712189e-02 4.007986560463905334e-02 3.278654534369707108e-03 7.041832432150840759e-03 3.638665378093719482e-02 3.706036508083343506e-02 4.346451535820960999e-02 1.025543268769979477e-02 2.915199846029281616e-02 2.588383853435516357e-02 3.744855150580406189e-02 2.917323075234889984e-02 1.648168824613094330e-02 1.727315969765186310e-02 2.126443386077880859e-02 4.187548533082008362e-03 1.248691417276859283e-02 1.494149677455425262e-02 1.877989806234836578e-02 5.004408210515975952e-02 4.505865275859832764e-02 1.237432751804590225e-02 2.049369178712368011e-02 9.928874671459197998e-03 1.250579860061407089e-02 1.232999563217163086e-02 4.429871216416358948e-02 7.118149660527706146e-03 3.013099730014801025e-02 1.363969687372446060e-02 2.575908228754997253e-02 4.806295782327651978e-02 7.272164337337017059e-03 3.145435824990272522e-02 1.718053594231605530e-02 4.102402552962303162e-02 1.506735663861036301e-02 3.096785768866539001e-02 8.968190290033817291e-03 1.998362876474857330e-02 3.343633434269577265e-04 4.007280990481376648e-02 1.033339649438858032e-02 8.766911923885345459e-02 7.314049452543258667e-02 4.052019119262695312e-02 2.603115141391754150e-02 8.747488260269165039e-03 1.980275101959705353e-02 1.942505477927625179e-03 2.301046624779701233e-02 2.992908284068107605e-02 3.397515043616294861e-02 2.779496647417545319e-02 4.211691021919250488e-02 1.964976079761981964e-03 1.430172100663185120e-02 1.324654649943113327e-02 2.154572680592536926e-02 4.377464647404849529e-04 6.072591990232467651e-03 3.792867064476013184e-02 3.537442535161972046e-02 3.705862537026405334e-02 3.173660486936569214e-02 4.446832835674285889e-02 4.572736471891403198e-02 4.740829113870859146e-03 2.181424759328365326e-02 4.206670075654983521e-02 3.025765717029571533e-02 7.342750206589698792e-03 3.966315835714340210e-02 1.114707626402378082e-02 3.933850675821304321e-02 3.313365578651428223e-02 2.275891602039337158e-02 2.348101511597633362e-02 3.596512600779533386e-02 1.922490075230598450e-02 7.270442438311874866e-04 1.660908199846744537e-02 2.384202182292938232e-02
3.796430071815848351e-03 1.422253344208002090e-02 1.645577512681484222e-02 6.433296483010053635e-03 3.795309364795684814e-02 3.984851017594337463e-02 2.174833789467811584e-02 2.040442824363708496e-02 5.586601793766021729e-02 4.962199032306671143e-01 1.610957644879817963e-02 4.334040731191635132e-02 1.894607022404670715e-02 8.454953320324420929e-03 2.217430993914604187e-02 4.821872711181640625e-02 2.599286288022994995e-02 1.459022611379623413e-02 4.956877604126930237e-02 2.425151877105236053e-02 1.098940800875425339e-02 2.087292075157165527e-02 1.715674414299428463e-03 1.641448214650154114e-02 1.182687235996127129e-03 3.355662897229194641e-02 1.559439115226268768e-02 4.590070247650146484e-02 4.729641228914260864e-02 2.306886948645114899e-02 3.790402784943580627e-02 1.889881864190101624e-02 2.976937778294086456e-02 2.911558188498020172e-02 1.526968553662300110e-02 2.069835178554058075e-02 1.406301651149988174e-02 3.011374920606613159e-02 4.182799905538558960e-02 4.012017324566841125e-02 1.063478295691311359e-03 1.099347695708274841e-02 1.512250117957592010e-02 3.457394242286682129e-02 9.309201501309871674e-03 1.075373217463493347e-02 1.841443590819835663e-02 1.113813463598489761e-02 9.318469092249870300e-03 2.036421187222003937e-02 2.763739321380853653e-03 2.600868465378880501e-03 2.924535423517227173e-02 5.069263279438018799e-02 2.781894616782665253e-02 3.325679525732994080e-02 1.653354987502098083e-02 1.736916415393352509e-02 5.850072484463453293e-04 4.462141171097755432e-02 1.914873160421848297e-02 2.825674228370189667e-02 2.933110296726226807e-02 4.177914559841156006e-02 4.904432967305183411e-02 9.532057680189609528e-03 3.617602959275245667e-02 2.057002671062946320e-02 5.719192791730165482e-03 3.090414218604564667e-02 3.078048676252365112e-02 9.637171402573585510e-03 5.071062594652175903e-02 2.461780235171318054e-02 4.030825942754745483e-02 3.064935840666294098e-02 4.425307363271713257e-02 7.351028919219970703e-02 2.712065912783145905e-02 2.485345862805843353e-02 4.241818562150001526e-02 1.379304099828004837e-02 1.749803125858306885e-02 5.393250286579132080e-02 5.898376693949103355e-04 5.367565900087356567e-03 5.283294245600700378e-02 3.367643430829048157e-02 3.631300106644630432e-02 8.396595716476440430e-02 5.084959324449300766e-03 1.558458060026168823e-02 7.920058444142341614e-03 4.379163961857557297e-03 5.261013656854629517e-02 3.570057079195976257e-02 5.017315968871116638e-02 3.611560165882110596e-02 2.715937606990337372e-02 3.028530627489089966e-02 1.807918190024793148e-03 1.330335997045040131e-02 2.791481465101242065e-02 1.532382797449827194e-02 3.727006912231445312e-02 7.954337634146213531e-03 2.472383156418800354e-02 3.940380737185478210e-02 4.931071028113365173e-02 2.208379283547401428e-02 1.919508725404739380e-02 3.190799057483673096e-02 9.927880018949508667e-03 8.119094185531139374e-03 1.232778839766979218e-02 2.085852436721324921e-02
1.550012975931167603e-01 2.775570750236511230e-02 2.925755642354488373e-02 5.245485343039035797e-03 2.351545728743076324e-02 4.472048953175544739e-02 2.049705944955348969e-02 7.212188560515642166e-03 2.184870885685086250e-03 1.610957644879817963e-02 4.554762542247772217e-01 5.293047055602073669e-02 1.165784820914268494e-01 8.979140222072601318e-02 4.651200398802757263e-02 4.051502048969268799e-02 3.133744373917579651e-02 5.208872724324464798e-03 1.372142229229211807e-02 1.521649025380611420e-02 3.974080551415681839e-03 4.427377879619598389e-02 7.317373063415288925e-03 2.961014630272984505e-03 1.475820783525705338e-02 4.095147177577018738e-02 7.696813438087701797e-03 1.850876025855541229e-02 4.055020958185195923e-02 3.711103275418281555e-02 8.992433547973632812e-03 4.540468379855155945e-02 4.464160185307264328e-03 3.276119381189346313e-02 1.237213145941495895e-02 6.252034101635217667e-03 2.635338716208934784e-02 4.058855399489402771e-02 4.460830986499786377e-02 4.476873949170112610e-02 4.824525862932205200e-02 2.846772409975528717e-02 5.022864043712615967e-02 9.537785663269460201e-04 4.160827398300170898e-02 5.009570345282554626e-02 2.884965203702449799e-02 1.995528675615787506e-02 1.196334976702928543e-02 8.648657239973545074e-03 9.162591770291328430e-03 4.615000635385513306e-02 1.229203306138515472e-02 1.537973340600728989e-02 4.397755488753318787e-03 5.939873866736888885e-03 2.040343359112739563e-02 5.480860825628042221e-03 1.510655973106622696e-02 3.698296472430229187e-02 2.166961878538131714e-02 3.080450557172298431e-02 3.713420033454895020e-02 9.821956045925617218e-03 8.431426435708999634e-02 5.066819861531257629e-02 2.928906120359897614e-02 3.720343485474586487e-02 1.188742555677890778e-02 4.341105464845895767e-03 4.964420944452285767e-02 4.577748477458953857e-02 1.003916189074516296e-02 1.725310459733009338e-02 1.290869712829589844e-02 8.367137983441352844e-03 1.001128926873207092e-02 1.744701899588108063e-02 2.400562353432178497e-02 1.448667049407958984e-02 2.070851437747478485e-02 1.702917367219924927e-02 3.974404931068420410e-02 2.114237472414970398e-02 4.654463008046150208e-02 3.283151611685752869e-02 2.405421063303947449e-02 1.094311010092496872e-02 4.528823122382164001e-02 4.017427563667297363e-02 4.381956532597541809e-02 6.842173635959625244e-02 6.748940795660018921e-03 4.200007021427154541e-02 5.456597544252872467e-03 2.858278341591358185e-02 9.509415365755558014e-03 3.602033481001853943e-02 3.390010446310043335e-02 4.053362458944320679e-02 4.284695535898208618e-02 7.478371728211641312e-03 3.416742011904716492e-02 1.880202675238251686e-03 3.574928268790245056e-02 9.061731398105621338e-03 1.139635127037763596e-02 1.517550460994243622e-02 3.741801250725984573e-03 7.323204539716243744e-03 1.973201893270015717e-02 2.118158712983131409e-02 1.960799843072891235e-02 1.873846352100372314e-02 8.345137536525726318e-02 2.901771292090415955e-02
5.550578981637954712e-02 2.778077311813831329e-02 1.124642416834831238e-02 1.525632385164499283e-02 3.000757843255996704e-02 2.829495631158351898e-02 2.871114946901798248e-02 2.011785283684730530e-02 2.878891862928867340e-02 4.334040731191635132e-02 5.293047055602073669e-02 4.724136292934417725e-01 2.070868760347366333e-02 2.990970015525817871e-01 4.113259259611368179e-03 2.648116461932659149e-02 2.338340319693088531e-02 1.355650648474693298e-02 1.845058868639171124e-03 3.990932367742061615e-03 2.727669849991798401e-02 4.082185029983520508e-02 2.052433416247367859e-02 1.656679995357990265e-02 5.019573122262954712e-02 1.395534910261631012e-02 1.818855665624141693e-02 1.652556210756301880e-01 2.646226994693279266e-02 1.466198116540908813e-01 1.829356327652931213e-02 1.694505102932453156e-02 7.708215713500976562e-02 2.802148088812828064e-02 4.138910025358200073e-02 1.381376944482326508e-02 3.604867681860923767e-02 5.216236226260662079e-03 3.388980869203805923e-03 2.082568034529685974e-02 2.877595275640487671e-02 3.894157335162162781e-02 3.469112515449523926e-02 5.723120644688606262e-03 2.097416855394840240e-02 3.758657723665237427e-02 3.644064068794250488e-02 1.705810241401195526e-02 1.598232798278331757e-02 5.305601749569177628e-03 4.162473231554031372e-02 2.255761623382568359e-02 9.079666342586278915e-04 2.285229228436946869e-02 9.553752839565277100e-03 5.948848556727170944e-03 3.435346856713294983e-02 2.891045249998569489e-02 1.145550282672047615e-03 2.038164250552654266e-02 5.028066039085388184e-02 3.649903833866119385e-02 7.096235174685716629e-03 3.624598309397697449e-02 1.643797568976879120e-02 2.427165210247039795e-02 1.669303141534328461e-02 7.362832780927419662e-03 3.002036362886428833e-02 1.491678599268198013e-02 4.511933028697967529e-02 3.981301188468933105e-02 5.872558429837226868e-02 3.040306083858013153e-02 1.036060228943824768e-02 2.724672295153141022e-02 8.018098771572113037e-03 3.976128529757261276e-03 9.712727740406990051e-03 3.295490145683288574e-02 2.530243620276451111e-02 2.222892642021179199e-02 3.868797421455383301e-02 3.618388622999191284e-02 5.452876444905996323e-03 4.463857412338256836e-02 1.821270771324634552e-02 2.811096608638763428e-02 7.514993846416473389e-02 2.461439184844493866e-02 3.931597620248794556e-02 2.582032978534698486e-02 3.878070507198572159e-03 3.174257278442382812e-02 1.809287699870765209e-03 4.115786775946617126e-02 9.686627425253391266e-03 3.820052370429039001e-02 2.447733655571937561e-02 9.756939485669136047e-03 1.705846004188060760e-02 9.047869592905044556e-03 3.209029091522097588e-03 1.934232935309410095e-02 2.390580438077449799e-02 1.132379192858934402e-02 1.059810537844896317e-02 3.761319816112518311e-02 8.437920361757278442e-03 1.690358668565750122e-02 1.048170309513807297e-02 1.566252112388610840e-02 1.213852409273386002e-02 2.447074465453624725e-02 2.413539960980415344e-02 1.184391975402832031e-02
8.084031194448471069e-02 2.562184929847717285e-01 1.935984939336776733e-02 1.811849506339058280e-04 6.345323286950588226e-03 1.558145228773355484e-02 8.397752046585083008e-02 7.190310955047607422e-02 1.089273765683174133e-02 1.894607022404670715e-02 1.165784820914268494e-01 2.070868760347366333e-02 4.634628593921661377e-01 1.126251555979251862e-02 8.196654729545116425e-03 7.358951866626739502e-02 6.567125767469406128e-02 1.663221791386604309e-02 1.002011355012655258e-02 2.344442158937454224e-02 4.222573712468147278e-02 4.123486578464508057e-03 2.453481964766979218e-02 3.541210293769836426e-02 5.024060606956481934e-03 1.601492427289485931e-02 2.233530580997467041e-02 8.139174431562423706e-03 3.351525589823722839e-02 6.023272499442100525e-02 4.564673826098442078e-02 1.540587469935417175e-02 2.289477363228797913e-02 1.119733043015003204e-02 3.555194940418004990e-03 8.767903782427310944e-04 2.571119740605354309e-02 3.908037021756172180e-02 2.786341309547424316e-02 2.831203304231166840e-02 2.938374131917953491e-02 5.815588403493165970e-03 1.769376732409000397e-02 1.090123951435089111e-01 1.359363738447427750e-02 1.566030457615852356e-02 4.271204397082328796e-02 1.831026934087276459e-02 1.589470915496349335e-02 3.334739059209823608e-02 5.568490177392959595e-02 6.733808666467666626e-02 2.383246645331382751e-02 2.192205376923084259e-02 2.919824793934822083e-02 4.597947746515274048e-02 1.015777792781591415e-02 3.101185336709022522e-02 2.664309367537498474e-02 1.384115032851696014e-02 2.893758378922939301e-02 2.493595704436302185e-02 8.125558495521545410e-03 1.706094667315483093e-02 1.823248341679573059e-02 5.534793715924024582e-03 3.753534331917762756e-02 4.467077553272247314e-02 3.200227022171020508e-02 3.522862866520881653e-02 7.433850783854722977e-03 3.381584584712982178e-02 8.403796819038689137e-04 3.274574875831604004e-02 1.717016845941543579e-02 2.456098794937133789e-02 1.487021800130605698e-02 1.835463754832744598e-02 4.072819277644157410e-02 3.181228041648864746e-02 1.244456414133310318e-02 5.831569898873567581e-03 7.240081671625375748e-03 2.291738986968994141e-02 3.269044682383537292e-02 2.969054132699966431e-02 8.406297303736209869e-03 6.574512273073196411e-02 2.753504738211631775e-02 2.786950953304767609e-02 9.921161457896232605e-03 4.305211082100868225e-02 2.870705537497997284e-02 5.560862366110086441e-03 3.234235942363739014e-02 1.023953687399625778e-02 3.469145298004150391e-02 1.468817237764596939e-02 8.975692093372344971e-03 2.750707603991031647e-02 1.342356950044631958e-02 2.516966685652732849e-02 6.124762818217277527e-03 1.856633648276329041e-02 2.874441258609294891e-02 2.014184370636940002e-02 1.736871711909770966e-02 3.584280237555503845e-02 2.707084082067012787e-02 2.816946245729923248e-02 4.945764690637588501e-02 7.095362246036529541e-02 2.869107993319630623e-03 5.751485936343669891e-03 2.483684569597244263e-02 4.494260065257549286e-03
