5.781975388526916504e-01 1.106296703219413757e-01 3.833535686135292053e-02 5.879645701497793198e-03 1.474120374768972397e-02 9.830345958471298218e-02 8.212179690599441528e-02 4.578150808811187744e-02 1.566966646350920200e-03 2.702177874743938446e-02 8.418089896440505981e-02 5.862040817737579346e-02 7.166389375925064087e-02 4.263438284397125244e-02 4.840988293290138245e-02 8.447256870567798615e-03 2.197441086173057556e-02 4.375362768769264221e-03 4.297105967998504639e-02 4.426378384232521057e-02 1.696781814098358154e-02 4.431316629052162170e-02 1.305753551423549652e-02 3.084875456988811493e-02 3.832257166504859924e-02 8.899174281395971775e-04 7.254242431372404099e-03 2.186017669737339020e-02 2.570351026952266693e-02 1.698729582130908966e-02 7.214760780334472656e-02 8.584441617131233215e-03 6.394264055415987968e-04 7.158667780458927155e-03 1.389071252197027206e-02 2.372147887945175171e-02 5.063042510300874710e-03 1.061583403497934341e-02 2.728708786889910698e-03 7.942673983052372932e-04 3.060685237869620323e-03 1.915350323542952538e-03 3.697595745325088501e-02 1.363375596702098846e-02 1.762150414288043976e-02 1.216997113078832626e-02 7.737140357494354248e-02 6.795059144496917725e-02 3.170106187462806702e-02 3.147579729557037354e-02 4.205963388085365295e-02 3.136702254414558411e-02 3.266248106956481934e-02 2.074238099157810211e-02 2.281635068356990814e-02 2.570970542728900909e-02 4.379754513502120972e-02 3.413769975304603577e-02 2.620776928961277008e-02 3.314408659934997559e-02 8.084774017333984375e-03 8.224565535783767700e-03 1.646540313959121704e-02 2.880007214844226837e-02 7.605290506035089493e-03 2.482025511562824249e-02 4.216399788856506348e-02 6.807091645896434784e-03 2.348960563540458679e-02 1.255715452134609222e-02 1.350648235529661179e-02 3.784317895770072937e-02 1.285522803664207458e-02 3.076323075219988823e-03 2.096515707671642303e-02 2.802121266722679138e-02 4.294399637728929520e-03 4.641763120889663696e-02 8.991941809654235840e-03 6.202959455549716949e-03 1.548743620514869690e-02 6.555985659360885620e-03 1.564618945121765137e-02 5.625813268125057220e-03 2.951834117993712425e-03 3.287509828805923462e-02 1.235587173141539097e-03 9.261202998459339142e-03 1.841856166720390320e-02 4.385795444250106812e-02 6.060602888464927673e-02 5.529908463358879089e-03 6.819140911102294922e-02 1.007439754903316498e-02 3.713769465684890747e-02 2.307774685323238373e-02 1.807072758674621582e-02 1.708232611417770386e-02 1.429979782551527023e-02 3.248302638530731201e-02 2.120083943009376526e-02 2.237598039209842682e-02 2.370038628578186035e-02 3.112637996673583984e-02 5.004733800888061523e-02 3.363195806741714478e-02 3.272488713264465332e-02 3.331850096583366394e-02 2.839303202927112579e-02 4.741215333342552185e-02 3.055619820952415466e-02 4.430063068866729736e-02 5.063426215201616287e-03 2.031980082392692566e-02 2.329159528017044067e-02 7.485299371182918549e-03
1.106296703219413757e-01 5.846826434135437012e-01 4.669273272156715393e-02 1.845439523458480835e-02 3.383808583021163940e-02 9.540785104036331177e-02 9.925810247659683228e-02 4.131437465548515320e-02 1.591784507036209106e-02 2.035146206617355347e-02 7.257189601659774780e-02 3.903564065694808960e-02 8.332178741693496704e-02 4.781500622630119324e-02 2.952509745955467224e-02 3.868270199745893478e-03 4.258060362190008163e-03 2.980321645736694336e-02 7.343283854424953461e-03 2.929245866835117340e-02 1.292661204934120178e-02 3.912628442049026489e-02 2.174658514559268951e-02 3.400151059031486511e-02 1.991329155862331390e-02 2.462341915816068649e-03 7.390169426798820496e-03 9.971411898732185364e-03 1.392547320574522018e-02 2.039091102778911591e-02 5.212918668985366821e-02 3.664675401523709297e-03 4.035945050418376923e-03 1.061681937426328659e-02 7.605946157127618790e-03 1.843485422432422638e-02 2.878210134804248810e-02 1.563171856105327606e-02 4.049121867865324020e-03 1.751102856360375881e-03 4.209068603813648224e-03 2.184812678024172783e-03 3.054512478411197662e-02 1.507729850709438324e-02 2.589516714215278625e-02 2.183599956333637238e-02 8.644092082977294922e-02 8.315119147300720215e-02 3.002261556684970856e-02 2.668725885450839996e-02 3.403902426362037659e-02 4.008549079298973083e-02 4.343812167644500732e-02 2.601199224591255188e-02 9.155218489468097687e-03 3.495031222701072693e-02 4.131361469626426697e-02 2.849416621029376984e-02 2.955200336873531342e-02 2.041463553905487061e-02 8.515466004610061646e-03 1.887917605927214026e-04 2.101786620914936066e-02 3.809434920549392700e-02 9.203417226672172546e-03 5.413714796304702759e-03 2.140130102634429932e-02 4.630244802683591843e-03 5.334351211786270142e-03 4.842729307711124420e-03 1.424367446452379227e-02 4.134439677000045776e-02 3.014705609530210495e-03 8.963544853031635284e-03 3.602583659812808037e-03 1.722564222291111946e-03 1.086783688515424728e-02 4.259635880589485168e-02 3.251600638031959534e-02 7.775831967592239380e-03 3.972556814551353455e-02 4.573417827486991882e-02 2.027868479490280151e-02 7.246358320116996765e-03 4.119588993489742279e-03 3.891285508871078491e-02 4.672182258218526840e-03 1.268019992858171463e-02 4.240779206156730652e-02 1.872606016695499420e-02 4.860996082425117493e-02 7.485897745937108994e-03 7.966049015522003174e-02 1.530945394188165665e-02 1.435176655650138855e-02 1.603277772665023804e-02 1.986035704612731934e-02 7.391094113700091839e-04 2.424045465886592865e-02 4.463578760623931885e-02 1.019098889082670212e-02 1.220793277025222778e-02 1.427675504237413406e-02 1.035624649375677109e-02 3.055406361818313599e-02 4.592258855700492859e-02 2.879754267632961273e-02 2.819003909826278687e-02 3.465725108981132507e-02 4.556106030941009521e-02 8.255610242486000061e-03 3.021671995520591736e-02 6.604446098208427429e-03 6.664090789854526520e-03 1.268329657614231110e-02 4.947719629853963852e-03
3.833535686135292053e-02 4.669273272156715393e-02 5.386058092117309570e-01 3.404948860406875610e-02 2.274759113788604736e-02 3.193813189864158630e-02 1.513118110597133636e-02 1.238102167844772339e-01 3.007655218243598938e-02 2.817986346781253815e-02 2.042309008538722992e-02 2.047967724502086639e-02 1.195292337797582150e-03 3.142071515321731567e-02 3.983852639794349670e-02 1.131162885576486588e-02 1.361055765300989151e-02 2.803757041692733765e-02 2.374578453600406647e-02 2.569174952805042267e-02 6.291213631629943848e-02 2.194800041615962982e-02 5.044315010309219360e-02 4.484614729881286621e-02 2.422214671969413757e-02 5.435555055737495422e-02 1.441101264208555222e-02 2.542997710406780243e-02 5.887035280466079712e-03 2.520868554711341858e-02 1.115133613348007202e-02 8.507403545081615448e-03 1.118840277194976807e-02 2.394185028970241547e-02 4.463668540120124817e-02 2.528751268982887268e-02 1.651082187891006470e-02 1.632223278284072876e-02 4.624407738447189331e-02 1.596003567101433873e-04 3.480017557740211487e-02 4.102794080972671509e-02 2.128502354025840759e-02 1.381189674139022827e-01 1.651753671467304230e-02 3.545274958014488220e-02 6.685196422040462494e-03 3.266505524516105652e-02 2.786381170153617859e-02 1.680145156569778919e-03 3.205139562487602234e-02 2.891973033547401428e-02 4.334332887083292007e-03 7.013580761849880219e-03 2.083029597997665405e-02 4.138382209930568933e-04 4.396115243434906006e-02 4.253127612173557281e-03 5.873290449380874634e-02 1.201395783573389053e-02 1.063221227377653122e-02 1.559271011501550674e-02 1.180413272231817245e-02 1.715943403542041779e-02 1.658973097801208496e-02 1.262588240206241608e-02 1.442386768758296967e-02 5.316200107336044312e-02 1.168317161500453949e-02 2.011095732450485229e-02 1.208746246993541718e-02 1.841992698609828949e-02 1.723316311836242676e-02 3.555542603135108948e-02 1.524361898191273212e-03 3.151438012719154358e-02 3.356868028640747070e-02 1.524050254374742508e-02 2.602242305874824524e-02 4.464915487915277481e-03 1.289817988872528076e-01 7.766060531139373779e-02 3.534924983978271484e-02 2.289670892059803009e-02 2.734298072755336761e-02 3.832048550248146057e-02 1.100102905184030533e-02 2.304205298423767090e-02 9.624087251722812653e-03 3.498507896438241005e-03 1.753468811511993408e-02 8.162778802216053009e-03 4.666969552636146545e-02 3.770158812403678894e-02 3.087070956826210022e-02 1.004762854427099228e-02 2.553817816078662872e-02 4.023481905460357666e-02 4.589232429862022400e-02 2.007775940001010895e-02 2.378642559051513672e-02 1.467895973473787308e-02 2.071140520274639130e-02 1.522951386868953705e-02 1.327652949839830399e-02 2.872005291283130646e-02 1.643576286733150482e-02 1.064009871333837509e-02 2.002943679690361023e-02 1.508361846208572388e-02 2.439338527619838715e-02 3.493457334116101265e-03 2.606140449643135071e-02 1.028126571327447891e-02 3.410626901313662529e-03 5.513365031220018864e-04
5.879645701497793198e-03 1.845439523458480835e-02 3.404948860406875610e-02 5.713682770729064941e-01 1.749619394540786743e-01 3.164388239383697510e-02 2.329751104116439819e-02 2.955937199294567108e-02 6.312115583568811417e-04 2.703819423913955688e-02 3.583885356783866882e-02 4.303588997572660446e-03 2.485705539584159851e-02 2.505241148173809052e-02 6.098791491240262985e-03 1.681680604815483093e-02 5.844477098435163498e-03 6.563010066747665405e-02 7.440602779388427734e-02 3.802408650517463684e-02 3.324861079454421997e-02 2.038483321666717529e-02 2.744012512266635895e-02 3.458453342318534851e-02 2.334646694362163544e-02 2.134250849485397339e-02 2.668811008334159851e-02 4.171015694737434387e-02 1.144354790449142456e-02 2.614783309400081635e-02 2.818796085193753242e-03 3.080276958644390106e-02 6.660099606961011887e-03 4.445516690611839294e-02 4.518701136112213135e-02 3.589372336864471436e-02 3.508194535970687866e-02 5.646629258990287781e-03 2.755288407206535339e-02 2.007200196385383606e-02 2.344743721187114716e-02 6.428813096135854721e-03 1.620276831090450287e-03 2.626336552202701569e-02 3.209417313337326050e-02 1.834890455938875675e-03 2.528832294046878815e-02 7.371528074145317078e-03 5.045457184314727783e-02 3.490129485726356506e-02 3.760867193341255188e-02 1.907316781580448151e-02 1.221745088696479797e-02 1.137645449489355087e-02 2.436781302094459534e-02 1.358874607831239700e-02 1.311767380684614182e-02 1.735126366838812828e-03 2.924529649317264557e-02 9.988673962652683258e-03 4.074411094188690186e-02 2.601342275738716125e-02 6.115485914051532745e-03 3.465227782726287842e-02 4.159664362668991089e-02 2.309341914951801300e-02 1.621513254940509796e-02 9.878838434815406799e-03 4.745604842901229858e-02 4.317565634846687317e-02 3.580513224005699158e-02 5.606845393776893616e-02 1.445987969636917114e-01 1.547858957201242447e-02 1.211657077074050903e-01 4.239070229232311249e-03 2.036737650632858276e-02 7.075558416545391083e-03 1.220022700726985931e-02 2.817821456119418144e-03 2.460577525198459625e-02 2.051050588488578796e-02 9.033205360174179077e-02 6.127270311117172241e-02 1.649165526032447815e-02 3.916136547923088074e-02 1.625623786821961403e-03 2.625289373099803925e-02 7.878821343183517456e-02 3.450095281004905701e-02 8.639545179903507233e-03 3.747293725609779358e-02 2.896349877119064331e-03 3.866801038384437561e-02 3.479332849383354187e-02 2.490330021828413010e-03 1.615716889500617981e-02 3.621676936745643616e-02 2.698169648647308350e-02 1.657839491963386536e-02 3.699227795004844666e-02 1.379669085144996643e-02 4.480401799082756042e-02 4.395041987299919128e-02 3.085705824196338654e-02 1.756064034998416901e-02 1.424274127930402756e-02 2.696363814175128937e-02 4.869136959314346313e-03 1.928215473890304565e-02 1.661312952637672424e-02 4.319372586905956268e-03 3.858080506324768066e-02 1.261856220662593842e-02 1.519221812486648560e-02 8.864450268447399139e-03
1.474120374768972397e-02 3.383808583021163940e-02 2.274759113788604736e-02 1.749619394540786743e-01 5.715376138687133789e-01 4.347629845142364502e-02 4.591656476259231567e-02 3.553241863846778870e-02 1.393937971442937851e-03 2.096638083457946777e-02 2.842598594725131989e-02 1.915794610977172852e-02 5.037529626861214638e-04 2.611382119357585907e-02 1.596075668931007385e-02 7.322189863771200180e-03 1.750136539340019226e-02 5.422557890415191650e-02 9.326203912496566772e-02 3.495843335986137390e-02 2.554242126643657684e-02 3.630959615111351013e-02 3.483677655458450317e-02 3.772794827818870544e-02 2.310494147241115570e-02 2.844451367855072021e-02 3.865499794483184814e-02 1.818917132914066315e-02 5.796695593744516373e-03 2.481954731047153473e-02 3.153134509921073914e-02 3.270443901419639587e-02 9.521566331386566162e-03 4.608098044991493225e-02 3.167349472641944885e-02 1.330008450895547867e-02 4.031454771757125854e-02 4.395195574034005404e-04 1.211789995431900024e-02 1.979852840304374695e-02 3.885646909475326538e-02 3.146941587328910828e-02 1.847909414209425449e-03 2.745334245264530182e-02 8.024602197110652924e-03 5.676491186022758484e-03 2.357068657875061035e-02 3.955875337123870850e-02 5.025668814778327942e-02 1.561947911977767944e-02 2.511601708829402924e-02 9.097464382648468018e-03 3.322256729006767273e-03 9.151888079941272736e-03 3.068707510828971863e-02 6.411337759345769882e-03 4.230621270835399628e-03 2.098919823765754700e-02 3.787290304899215698e-02 1.454632636159658432e-02 2.043112553656101227e-02 4.150027409195899963e-02 1.691192016005516052e-02 3.233494982123374939e-02 3.255482017993927002e-02 8.089862763881683350e-03 1.269301399588584900e-02 1.269708154723048210e-03 3.584220260381698608e-02 6.747576594352722168e-02 4.683381319046020508e-02 4.422623664140701294e-02 1.159815564751625061e-01 5.799002200365066528e-02 1.151250824332237244e-01 1.753968559205532074e-02 1.827244414016604424e-03 3.165777772665023804e-02 3.395885229110717773e-02 2.750837244093418121e-02 2.903120405972003937e-02 2.842973917722702026e-02 8.001784235239028931e-02 1.165879964828491211e-01 4.361598752439022064e-03 3.433385491371154785e-02 9.968844242393970490e-03 3.949784487485885620e-02 3.912938758730888367e-02 6.038410589098930359e-02 1.369678881019353867e-02 2.159130759537220001e-02 2.973236702382564545e-02 1.793082617223262787e-02 2.976210229098796844e-02 2.976176701486110687e-02 4.495182633399963379e-02 3.082597441971302032e-02 3.576447069644927979e-02 2.318874560296535492e-02 3.480857983231544495e-02 1.785587705671787262e-02 2.026948146522045135e-02 1.098089944571256638e-02 4.003096371889114380e-03 1.315330807119607925e-02 1.432093908078968525e-03 2.779500745236873627e-02 5.722644738852977753e-03 8.654098957777023315e-03 2.578425966203212738e-02 3.647360205650329590e-02 1.881032064557075500e-02 3.228580579161643982e-02 1.501414459198713303e-02 3.761437907814979553e-02
9.830345958471298218e-02 9.540785104036331177e-02 3.193813189864158630e-02 3.164388239383697510e-02 4.347629845142364502e-02 5.845352411270141602e-01 1.159031912684440613e-01 4.428083822131156921e-02 2.021103166043758392e-02 2.269023470580577850e-02 7.629860937595367432e-02 5.730326101183891296e-02 8.360745012760162354e-02 6.579656153917312622e-02 2.415503747761249542e-02 1.260173320770263672e-02 2.761809388175606728e-03 1.403648592531681061e-02 1.779085025191307068e-02 2.645708061754703522e-02 1.168004609644412994e-02 3.189980611205101013e-02 1.176316570490598679e-02 2.110904082655906677e-02 2.307489514350891113e-02 2.238219231367111206e-02 1.926407963037490845e-02 3.101869719102978706e-03 7.825037464499473572e-03 1.873727887868881226e-02 2.481549605727195740e-02 7.611905690282583237e-03 1.868109777569770813e-02 1.754967868328094482e-02 1.191655825823545456e-02 8.518016897141933441e-03 4.401740431785583496e-02 3.641131892800331116e-02 2.515066973865032196e-02 6.556832697242498398e-03 3.547347709536552429e-02 2.695162314921617508e-03 3.227179124951362610e-02 2.123034745454788208e-02 6.180957332253456116e-02 5.964576452970504761e-02 1.040674895048141479e-01 7.662526518106460571e-02 2.732558362185955048e-02 1.165957003831863403e-02 4.528978466987609863e-02 2.669402398169040680e-02 4.649253934621810913e-02 2.687973342835903168e-02 9.880578145384788513e-03 3.923837468028068542e-02 3.404549136757850647e-02 3.322263062000274658e-02 3.900513425469398499e-02 2.124750800430774689e-02 9.184565395116806030e-03 1.001374050974845886e-02 2.872165478765964508e-02 1.272931322455406189e-02 7.603056728839874268e-03 7.505856454372406006e-03 2.560750395059585571e-02 2.871451713144779205e-02 1.675682328641414642e-02 2.595752850174903870e-02 2.091352082788944244e-02 3.877954557538032532e-02 7.035739254206418991e-03 2.256612107157707214e-02 1.758517930284142494e-03 1.934947649715468287e-04 1.296290196478366852e-02 3.387349098920822144e-02 1.603859104216098785e-02 9.588346816599369049e-03 4.124243184924125671e-02 2.698562480509281158e-02 1.415038388222455978e-02 6.821834831498563290e-04 3.132483921945095062e-03 2.031010389328002930e-02 1.321977842599153519e-02 2.143716998398303986e-02 2.336431480944156647e-02 8.131416514515876770e-03 3.427337855100631714e-02 2.616753801703453064e-02 6.324648857116699219e-02 1.768422499299049377e-02 2.943664090707898140e-03 1.965542789548635483e-03 2.389014139771461487e-02 2.138098236173391342e-03 1.270940992981195450e-02 4.165696725249290466e-02 1.234277524054050446e-02 8.435156196355819702e-03 3.662669565528631210e-03 1.622101664543151855e-02 3.813485056161880493e-02 4.575773701071739197e-02 2.767851576209068298e-02 4.510985314846038818e-02 2.831711992621421814e-02 3.644199296832084656e-02 1.176769752055406570e-02 1.767250336706638336e-02 5.003644153475761414e-03 4.738730378448963165e-03 5.324235651642084122e-03 1.729197800159454346e-02
8.212179690599441528e-02 9.925810247659683228e-02 1.513118110597133636e-02 2.329751104116439819e-02 4.591656476259231567e-02 1.159031912684440613e-01 5.890271663665771484e-01 2.784033305943012238e-02 1.654249243438243866e-02 2.464560233056545258e-02 7.130881398916244507e-02 3.978573903441429138e-02 8.741637319326400757e-02 6.418053805828094482e-02 1.388503611087799072e-02 1.899184845387935638e-02 8.640007115900516510e-03 3.049325570464134216e-02 1.478124875575304031e-03 2.688858099281787872e-02 1.854028552770614624e-02 3.293825685977935791e-02 2.452904731035232544e-02 2.818800695240497589e-02 2.338379248976707458e-02 2.071851119399070740e-02 8.880943059921264648e-03 3.109069727361202240e-02 1.638709567487239838e-02 4.344372823834419250e-02 4.951981082558631897e-02 5.403578281402587891e-03 1.566101796925067902e-02 1.729336380958557129e-02 1.158088818192481995e-02 8.809668943285942078e-03 3.522710502147674561e-02 3.455505892634391785e-02 3.243078663945198059e-02 1.413318607956171036e-02 2.506368048489093781e-02 5.696860607713460922e-03 2.371025457978248596e-02 3.210115060210227966e-02 5.724903568625450134e-02 6.565258651971817017e-02 1.120600178837776184e-01 1.064757779240608215e-01 2.485388144850730896e-02 1.882685907185077667e-02 2.906750142574310303e-02 3.603660687804222107e-02 3.316671401262283325e-02 1.265505421906709671e-02 4.970957059413194656e-03 4.413205012679100037e-02 2.950211428105831146e-02 3.211058676242828369e-02 3.277920931577682495e-02 3.555060178041458130e-02 3.425050759688019753e-03 6.189950276166200638e-03 3.997429460287094116e-02 1.551761198788881302e-02 2.009884826838970184e-02 5.801689694635570049e-04 2.638504095375537872e-02 2.753004617989063263e-02 5.014253314584493637e-03 8.254055865108966827e-03 1.290566101670265198e-02 3.246604278683662415e-02 9.439208544790744781e-03 1.919642835855484009e-02 4.759734962135553360e-03 3.134812926873564720e-03 1.165267173200845718e-02 4.359460994601249695e-02 2.450497820973396301e-02 1.554080471396446228e-02 2.121415175497531891e-02 3.159841895103454590e-02 1.686917059123516083e-02 4.081700928509235382e-03 8.147321641445159912e-03 2.922643721103668213e-02 4.850814293604344130e-04 1.562030706554651260e-02 2.981934882700443268e-02 4.415088798850774765e-03 4.759519547224044800e-02 1.790383458137512207e-02 9.062108397483825684e-02 1.202060468494892120e-02 4.632276017218828201e-03 4.725927487015724182e-03 2.836297824978828430e-02 5.660865921527147293e-03 2.725734561681747437e-02 3.822278603911399841e-02 1.003513112664222717e-02 1.387152262032032013e-02 2.217092551290988922e-04 7.679485250264406204e-03 3.093667887151241302e-02 3.850701823830604553e-02 2.864524535834789276e-02 2.714182995259761810e-02 2.535988576710224152e-02 4.859582707285881042e-02 7.909066043794155121e-03 1.258321572095155716e-02 1.939742709510028362e-03 1.883647521026432514e-03 1.489158812910318375e-02 6.578424945473670959e-03
4.578150808811187744e-02 4.131437465548515320e-02 1.238102167844772339e-01 2.955937199294567108e-02 3.553241863846778870e-02 4.428083822131156921e-02 2.784033305943012238e-02 5.542984008789062500e-01 3.434817492961883545e-02 3.850798681378364563e-02 2.036837860941886902e-02 2.784548141062259674e-02 3.058569505810737610e-02 1.486895419657230377e-02 2.074833959341049194e-02 6.784168072044849396e-03 1.701854402199387550e-03 2.065888233482837677e-02 2.710744179785251617e-02 2.426110953092575073e-02 4.537345841526985168e-02 3.932889923453330994e-02 2.544955350458621979e-02 3.731832653284072876e-02 3.433634527027606964e-03 3.228115662932395935e-02 2.745455689728260040e-02 1.072396058589220047e-02 2.155372127890586853e-02 1.267249323427677155e-02 1.935995533131062984e-03 6.171482149511575699e-03 8.889448945410549641e-04 1.053905673325061798e-02 3.596705943346023560e-02 8.614290505647659302e-03 1.568962703458964825e-03 2.807276323437690735e-02 4.592874646186828613e-02 2.381194569170475006e-02 1.443415600806474686e-02 2.791589125990867615e-02 1.688553765416145325e-02 5.839761346578598022e-02 2.344105206429958344e-02 2.475456567481160164e-03 1.053514145314693451e-02 7.427200209349393845e-03 1.536704134196043015e-02 7.199094165116548538e-03 5.384048447012901306e-03 1.359376963227987289e-02 2.274326980113983154e-02 1.253531780093908310e-02 2.109063602983951569e-02 1.895258575677871704e-02 1.310378313064575195e-02 8.543713018298149109e-03 4.551045969128608704e-02 1.195139065384864807e-02 9.553221054375171661e-03 9.211906231939792633e-03 9.775327518582344055e-03 3.625238686800003052e-02 2.959030307829380035e-02 1.762134768068790436e-02 3.735009813681244850e-03 3.826433047652244568e-02 8.492866763845086098e-04 1.762350276112556458e-02 1.688454113900661469e-02 2.332525514066219330e-02 4.580071195960044861e-03 4.387725610285997391e-03 1.584506593644618988e-02 1.144481007941067219e-03 2.290204726159572601e-02 3.536928445100784302e-02 3.208311274647712708e-02 1.821358874440193176e-02 1.404826492071151733e-01 6.331958621740341187e-02 2.585844323039054871e-02 4.103299602866172791e-02 3.218927979469299316e-02 2.400421164929866791e-02 4.367843642830848694e-02 1.327026076614856720e-02 9.481018409132957458e-03 1.395955588668584824e-02 1.758286729454994202e-02 1.007562130689620972e-02 5.784824956208467484e-03 1.608550548553466797e-02 4.982777871191501617e-03 4.312087781727313995e-03 1.067046541720628738e-02 1.921277306973934174e-02 2.354481071233749390e-02 2.248749323189258575e-02 2.908282540738582611e-02 2.307121641933917999e-02 2.039628336206078529e-03 1.940440759062767029e-02 1.005447003990411758e-02 4.268865101039409637e-03 4.751094151288270950e-03 4.316005855798721313e-03 1.755376346409320831e-02 1.144145848229527473e-03 3.813941031694412231e-03 8.692058734595775604e-03 1.086733862757682800e-02 4.878564924001693726e-02 8.087579626590013504e-04 2.901497110724449158e-02
1.566966646350920200e-03 1.591784507036209106e-02 3.007655218243598938e-02 6.312115583568811417e-04 1.393937971442937851e-03 2.021103166043758392e-02 1.654249243438243866e-02 3.434817492961883545e-02 5.759839415550231934e-01 7.395230978727340698e-02 3.875453025102615356e-02 1.604549959301948547e-02 2.685821987688541412e-02 1.070636976510286331e-02 2.705537714064121246e-03 1.878326386213302612e-02 1.303740590810775757e-02 4.087235033512115479e-02 1.706621795892715454e-02 3.590461239218711853e-02 9.735511615872383118e-03 3.660288453102111816e-02 2.423728629946708679e-02 2.483832649886608124e-02 4.709963127970695496e-02 2.316663600504398346e-02 2.638465166091918945e-02 7.697473280131816864e-03 8.432919858023524284e-04 2.098848856985569000e-02 3.572246991097927094e-03 3.280726447701454163e-02 6.127404980361461639e-03 2.000135928392410278e-02 3.137775883078575134e-02 1.108185481280088425e-02 1.170370262116193771e-03 4.045587778091430664e-02 3.632948966696858406e-03 3.041361272335052490e-02 1.180518139153718948e-02 3.080636635422706604e-02 2.272277325391769409e-02 3.299800679087638855e-02 3.025340149179100990e-03 9.474931284785270691e-03 3.628809750080108643e-02 1.422727108001708984e-02 4.383500292897224426e-02 6.750183552503585815e-02 1.819725707173347473e-02 4.605137929320335388e-02 2.225812710821628571e-02 1.165352645330131054e-03 8.141602575778961182e-02 4.229959845542907715e-02 8.062586933374404907e-02 3.170362114906311035e-02 4.023082926869392395e-02 4.032861441373825073e-02 2.042420953512191772e-02 6.716788746416568756e-03 3.978759516030550003e-03 1.187030971050262451e-02 3.003934957087039948e-02 4.841395094990730286e-02 9.005510248243808746e-03 2.933722920715808868e-02 6.054452061653137207e-02 1.004010252654552460e-02 4.631597176194190979e-02 6.163918972015380859e-02 8.024638518691062927e-03 4.034065827727317810e-02 3.383107483386993408e-03 4.099516943097114563e-02 6.356077641248703003e-02 6.259007006883621216e-02 6.396612524986267090e-02 4.679688811302185059e-02 7.021991070359945297e-03 3.852664306759834290e-02 4.471321403980255127e-02 6.639275234192609787e-03 2.649493888020515442e-02 2.023220062255859375e-02 4.486108571290969849e-02 5.282386019825935364e-02 8.788735419511795044e-02 4.636474698781967163e-02 1.338907517492771149e-02 2.091834880411624908e-02 4.369359463453292847e-03 2.330077439546585083e-02 2.157779224216938019e-02 2.107460051774978638e-02 1.008245442062616348e-02 9.006589651107788086e-03 1.574051566421985626e-02 9.663977660238742828e-03 3.822179883718490601e-02 2.712643891572952271e-02 1.428604219108819962e-02 2.669328451156616211e-02 4.020638391375541687e-02 4.509143531322479248e-02 2.865654043853282928e-02 9.834812954068183899e-03 2.175419963896274567e-02 9.208704344928264618e-03 4.469597712159156799e-02 3.630415722727775574e-02 4.003492742776870728e-02 1.405121944844722748e-02 2.338208258152008057e-02 4.407855868339538574e-02
2.702177874743938446e-02 2.035146206617355347e-02 2.817986346781253815e-02 2.703819423913955688e-02 2.096638083457946777e-02 2.269023470580577850e-02 2.464560233056545258e-02 3.850798681378364563e-02 7.395230978727340698e-02 5.736770629882812500e-01 1.316497568041086197e-02 2.868204005062580109e-02 1.652474328875541687e-02 6.014181300997734070e-03 5.215550586581230164e-02 6.545252399519085884e-04 3.288082405924797058e-02 8.085276931524276733e-03 7.118929177522659302e-02 4.175887256860733032e-02 2.488232776522636414e-02 7.560227997601032257e-03 8.132917806506156921e-03 4.617309570312500000e-02 4.646684974431991577e-02 5.005313456058502197e-02 2.611125074326992035e-02 3.283393383026123047e-02 3.295013448223471642e-03 2.466824837028980255e-02 3.537590801715850830e-02 3.701522946357727051e-02 4.061488807201385498e-02 3.120449930429458618e-02 1.762835681438446045e-02 2.819748409092426300e-02 2.661714330315589905e-02 3.629200533032417297e-02 2.962293848395347595e-02 5.459073185920715332e-02 9.647697210311889648e-03 2.601028420031070709e-02 3.051765821874141693e-02 1.031682733446359634e-02 3.049574233591556549e-02 3.455279022455215454e-02 6.603715592063963413e-04 1.167802419513463974e-02 1.409381814301013947e-02 1.010599732398986816e-01 2.533454680815339088e-03 3.643761621788144112e-03 7.252780254930257797e-03 2.286261692643165588e-02 3.549060970544815063e-02 8.084412664175033569e-02 1.575213670730590820e-02 4.874077439308166504e-02 2.987351641058921814e-02 3.173292428255081177e-02 3.659078106284141541e-02 1.364868320524692535e-02 4.860593006014823914e-02 3.429425135254859924e-02 3.538310527801513672e-02 3.491906449198722839e-02 2.586090564727783203e-02 2.818313078023493290e-04 1.809483207762241364e-02 4.043177887797355652e-02 5.702361837029457092e-02 3.366521745920181274e-02 3.215332329273223877e-02 3.783227503299713135e-02 4.351054318249225616e-03 1.082205306738615036e-02 1.854639686644077301e-02 1.366481781005859375e-01 3.566127642989158630e-02 1.122247874736785889e-01 3.463071957230567932e-02 4.012424871325492859e-02 1.127604302018880844e-02 8.533137291669845581e-02 4.599883034825325012e-02 1.883097924292087555e-02 2.235218696296215057e-02 2.505889721214771271e-02 1.034893374890089035e-02 6.957724690437316895e-02 4.394872486591339111e-02 2.078269049525260925e-02 1.922143064439296722e-02 3.427739068865776062e-02 1.786507479846477509e-02 3.907052055001258850e-02 4.776194225996732712e-03 1.619084551930427551e-02 1.983767375349998474e-02 1.007305458188056946e-02 2.462798170745372772e-02 2.438567206263542175e-02 2.119246497750282288e-02 2.018683822825551033e-03 1.965428516268730164e-02 3.971122950315475464e-02 1.949295774102210999e-02 3.450446575880050659e-02 1.870704255998134613e-02 3.445799648761749268e-02 3.080259822309017181e-02 3.996672108769416809e-03 9.738230146467685699e-03 3.007516451179981232e-02 8.814819157123565674e-03 5.374291539192199707e-02
8.418089896440505981e-02 7.257189601659774780e-02 2.042309008538722992e-02 3.583885356783866882e-02 2.842598594725131989e-02 7.629860937595367432e-02 7.130881398916244507e-02 2.036837860941886902e-02 3.875453025102615356e-02 1.316497568041086197e-02 5.928079485893249512e-01 2.969317138195037842e-02 9.271075576543807983e-02 2.845402806997299194e-02 2.420503832399845123e-02 1.796514168381690979e-02 4.449889995157718658e-03 1.041755452752113342e-02 1.795079186558723450e-02 4.496303200721740723e-02 8.569736033678054810e-03 8.035570383071899414e-02 2.533301711082458496e-02 2.577665261924266815e-02 2.694674395024776459e-02 1.127977482974529266e-02 6.498548388481140137e-02 2.215433120727539062e-02 8.319929987192153931e-02 2.543156221508979797e-02 4.564968869090080261e-02 9.549332782626152039e-03 2.207963168621063232e-02 1.731071993708610535e-02 1.807448267936706543e-02 1.196942478418350220e-02 4.069162160158157349e-02 3.708910569548606873e-02 2.054374665021896362e-02 3.002661839127540588e-02 2.355773374438285828e-02 2.705251425504684448e-02 4.264789167791604996e-03 7.356896530836820602e-03 3.464584797620773315e-02 2.345746383070945740e-02 1.020006835460662842e-01 7.310440391302108765e-02 2.890502847731113434e-02 1.092069223523139954e-02 1.353361294604837894e-03 1.707584410905838013e-02 2.295212261378765106e-02 4.086154326796531677e-02 3.377433493733406067e-02 1.447054743766784668e-02 2.869507670402526855e-02 2.505918219685554504e-02 2.220446616411209106e-02 2.236739965155720711e-03 2.618023753166198730e-02 2.001247368752956390e-02 2.672565728425979614e-02 3.411522880196571350e-02 5.425576120615005493e-02 2.451863512396812439e-02 3.382754698395729065e-02 8.583386428654193878e-03 2.627314999699592590e-02 2.097526006400585175e-02 3.068234398961067200e-02 3.867240995168685913e-02 3.739192709326744080e-02 2.813961729407310486e-02 3.674106672406196594e-02 3.962812572717666626e-02 2.753334492444992065e-02 2.466354891657829285e-02 2.311648987233638763e-02 1.192909851670265198e-02 1.144452113658189774e-02 2.752187475562095642e-02 1.861722953617572784e-02 3.725767135620117188e-02 1.376829296350479126e-02 3.366515785455703735e-02 2.630248852074146271e-02 1.771014183759689331e-02 1.406464446336030960e-02 1.739902049303054810e-02 7.385223358869552612e-02 9.890931844711303711e-02 7.122671604156494141e-02 5.138099566102027893e-02 4.028377309441566467e-02 3.030343167483806610e-02 5.087323114275932312e-02 2.431500144302845001e-02 2.573181129992008209e-02 3.953975066542625427e-02 2.719366690143942833e-03 6.264413706958293915e-03 5.832911701872944832e-04 3.758132923394441605e-03 1.194586697965860367e-02 2.710787020623683929e-02 3.084979020059108734e-02 3.839665651321411133e-02 2.881328575313091278e-02 2.765491977334022522e-02 2.716998383402824402e-02 6.930917035788297653e-03 3.625002864282578230e-04 4.560932982712984085e-03 2.551800943911075592e-02 2.393392845988273621e-02
5.862040817737579346e-02 3.903564065694808960e-02 2.047967724502086639e-02 4.303588997572660446e-03 1.915794610977172852e-02 5.730326101183891296e-02 3.978573903441429138e-02 2.784548141062259674e-02 1.604549959301948547e-02 2.868204005062580109e-02 2.969317138195037842e-02 5.718584060668945312e-01 2.715305238962173462e-02 1.226710602641105652e-01 1.125133130699396133e-02 1.769454963505268097e-02 1.690297946333885193e-02 3.592017292976379395e-02 1.817868836224079132e-02 2.737572416663169861e-02 3.702316060662269592e-02 2.223864383995532990e-02 3.510977327823638916e-02 2.759602479636669159e-02 3.361351042985916138e-02 2.537949569523334503e-02 2.457032538950443268e-02 1.360554099082946777e-01 3.955785185098648071e-02 1.080564185976982117e-01 4.230153560638427734e-02 2.469532750546932220e-02 9.883681312203407288e-03 3.813647478818893433e-02 5.820780061185359955e-03 2.778127230703830719e-02 4.306620359420776367e-02 4.247724544256925583e-03 2.398412488400936127e-02 1.356603391468524933e-02 1.476012542843818665e-02 6.639592349529266357e-03 7.303097750991582870e-03 3.759077191352844238e-02 6.264419108629226685e-02 3.173494711518287659e-02 4.965280741453170776e-02 5.395169928669929504e-02 4.631977528333663940e-02 3.081705048680305481e-02 8.316973224282264709e-03 3.194090351462364197e-02 1.487928722053766251e-02 4.737643897533416748e-02 2.964568138122558594e-02 4.639908671379089355e-02 3.042469732463359833e-02 1.550401281565427780e-02 5.452850833535194397e-03 6.167274434119462967e-03 2.032940834760665894e-02 1.085045840591192245e-02 3.937095776200294495e-02 2.291693724691867828e-02 2.295361645519733429e-02 9.686456061899662018e-03 2.740517817437648773e-02 3.101040795445442200e-02 2.612405223771929741e-03 4.207929596304893494e-02 9.561101323924958706e-04 2.009399048984050751e-02 1.185926026664674282e-03 2.062291838228702545e-02 3.547106636688113213e-03 3.018947690725326538e-02 4.391528200358152390e-03 1.384314894676208496e-02 1.363307703286409378e-02 5.448272824287414551e-02 1.311628241091966629e-02 2.808118704706430435e-03 5.560945719480514526e-03 1.950878836214542389e-02 1.312261261045932770e-02 7.445647381246089935e-03 2.739471849054098129e-03 1.069520786404609680e-02 2.693497203290462494e-02 1.962659880518913269e-02 5.576655641198158264e-02 2.768341824412345886e-02 5.386591330170631409e-02 1.161189470440149307e-02 3.676420450210571289e-02 8.655919693410396576e-03 7.739223074167966843e-03 1.923499256372451782e-02 1.500532682985067368e-02 1.595948357135057449e-03 3.917393088340759277e-02 3.842455148696899414e-02 3.992293030023574829e-02 2.970787324011325836e-02 2.674620784819126129e-02 3.810434043407440186e-02 3.115754947066307068e-02 4.069164767861366272e-02 3.022034652531147003e-02 2.151000499725341797e-02 2.293317951261997223e-02 1.370842754840850830e-02 7.810229901224374771e-03 9.004868566989898682e-03 1.738362573087215424e-02 3.380148112773895264e-02
7.166389375925064087e-02 8.332178741693496704e-02 1.195292337797582150e-03 2.485705539584159851e-02 5.037529626861214638e-04 8.360745012760162354e-02 8.741637319326400757e-02 3.058569505810737610e-02 2.685821987688541412e-02 1.652474328875541687e-02 9.271075576543807983e-02 2.715305238962173462e-02 5.895182490348815918e-01 5.140873417258262634e-02 2.169450931251049042e-02 2.430667914450168610e-02 1.817383244633674622e-02 1.462911907583475113e-02 3.893575072288513184e-02 3.527326136827468872e-02 1.084408443421125412e-02 6.646329164505004883e-02 2.239567227661609650e-02 2.368592098355293274e-02 1.781253144145011902e-02 1.285181101411581039e-02 3.512075170874595642e-02 5.393706262111663818e-02 3.424349427223205566e-02 4.402705281972885132e-02 4.243524000048637390e-02 1.175086945295333862e-02 1.527040265500545502e-02 7.672694977372884750e-03 4.906412214040756226e-03 8.665909990668296814e-03 5.261994898319244385e-02 5.002187564969062805e-03 2.295273169875144958e-02 2.235564030706882477e-02 2.584519330412149429e-03 1.869345270097255707e-02 2.958880178630352020e-02 7.111944723874330521e-04 4.178081452846527100e-02 4.272890463471412659e-02 9.725219011306762695e-02 8.130173385143280029e-02 3.402004390954971313e-02 1.174779050052165985e-02 8.475837297737598419e-03 3.276966139674186707e-02 3.099751286208629608e-02 4.989168047904968262e-02 1.763838902115821838e-02 3.463716804981231689e-02 3.255480900406837463e-02 3.764756768941879272e-02 2.672718651592731476e-02 6.650291383266448975e-03 1.338631380349397659e-02 9.769785217940807343e-03 2.694130130112171173e-02 1.525418600067496300e-03 2.056758105754852295e-02 2.763972245156764984e-02 1.962287351489067078e-02 1.941393874585628510e-02 3.509609773755073547e-02 2.499635331332683563e-02 4.028875753283500671e-02 3.878675401210784912e-02 3.399862721562385559e-02 2.311003208160400391e-02 4.781066626310348511e-02 1.590952463448047638e-02 2.174679003655910492e-02 3.107089549303054810e-02 3.297874331474304199e-02 2.962597832083702087e-02 1.335735432803630829e-02 4.104022681713104248e-02 1.863360032439231873e-02 3.214531019330024719e-02 4.973062314093112946e-04 2.238821610808372498e-02 2.795521402731537819e-03 2.037685550749301910e-02 5.956961307674646378e-03 3.433809056878089905e-02 5.475191399455070496e-02 4.952083900570869446e-02 7.982981204986572266e-02 3.434121608734130859e-02 5.156291183084249496e-03 1.578771509230136871e-03 7.506376132369041443e-04 2.413412556052207947e-02 1.394372992217540741e-02 4.308673739433288574e-02 7.080230396240949631e-03 4.963153041899204254e-03 3.684297576546669006e-02 3.232008963823318481e-02 6.581114139407873154e-03 2.445567026734352112e-02 1.564506255090236664e-02 4.314537718892097473e-02 1.884672790765762329e-02 3.340573236346244812e-02 2.142098359763622284e-02 5.005658790469169617e-02 9.218796156346797943e-03 7.606367580592632294e-03 1.897742040455341339e-02 3.703593835234642029e-02
