4.385235309600830078e-01 1.523718982934951782e-01 3.026397339999675751e-02 4.133668169379234314e-02 2.776046842336654663e-02 1.203670352697372437e-01 6.819947063922882080e-02 4.079828038811683655e-02 1.763759646564722061e-03 1.510776462964713573e-03 1.277812123298645020e-01 6.085443124175071716e-02 1.068497002124786377e-01 2.554401941597461700e-02 4.050515592098236084e-03 6.278901826590299606e-03 3.403376787900924683e-02 1.180318556725978851e-02 4.279143363237380981e-02 3.965937346220016479e-02 2.439566887915134430e-02 1.562925428152084351e-02 2.136561647057533264e-02 1.060369424521923065e-02 1.094846427440643311e-02 3.315586969256401062e-02 2.971592359244823456e-02 8.758575655519962311e-03 9.214549325406551361e-03 2.485759370028972626e-02 4.023296787636354566e-05 4.710540175437927246e-02 1.046041399240493774e-02 1.167541369795799255e-02 1.894353143870830536e-02 4.753546044230461121e-02 3.637561574578285217e-02 3.591759130358695984e-02 5.236907675862312317e-02 2.352684922516345978e-02 3.815856203436851501e-02 2.084962464869022369e-02 8.001957088708877563e-03 7.308360654860734940e-03 1.000967063009738922e-02 1.936782733537256718e-03 1.080536022782325745e-01 3.137901425361633301e-02 4.782606661319732666e-02 2.922992222011089325e-02 2.926620468497276306e-02 1.493979804217815399e-02 1.460240408778190613e-02 2.920497022569179535e-02 1.596777886152267456e-02 2.828187495470046997e-02 5.645743105560541153e-03 3.875544667243957520e-02 3.266097512096166611e-03 3.437374159693717957e-02 2.279293537139892578e-02 2.903926884755492210e-03 1.256018597632646561e-02 3.535398468375205994e-02 1.317243743687868118e-02 3.030683286488056183e-02 3.969684988260269165e-02 1.656455919146537781e-03 4.169161990284919739e-02 7.876646704971790314e-03 2.002928406000137329e-02 2.780580427497625351e-03 3.584458678960800171e-02 3.847064077854156494e-02 9.982296265661716461e-03 1.552876643836498260e-02 2.772959880530834198e-02 3.981822729110717773e-02 8.579255081713199615e-03 9.601962752640247345e-03 3.262726962566375732e-02 7.095865905284881592e-02 1.098535116761922836e-02 5.291125178337097168e-02 1.588311977684497833e-02 3.713607415556907654e-02 1.479032076895236969e-02 1.556798070669174194e-02 2.939454279839992523e-02 2.561786957085132599e-02 3.161334246397018433e-02 2.354731597006320953e-02 5.169264599680900574e-02 4.332368820905685425e-02 3.282621502876281738e-02 3.118411824107170105e-02 7.421061396598815918e-03 5.575728602707386017e-03 2.997178584337234497e-02 2.525797858834266663e-02 3.637186437845230103e-02 2.226776257157325745e-02 4.298862442374229431e-02 8.562236092984676361e-03 2.200996503233909607e-03 2.048937371000647545e-03 1.099761854857206345e-02 1.880707778036594391e-02 3.470865311101078987e-03 3.542386740446090698e-02 4.530594125390052795e-02 4.607842117547988892e-02 3.339818120002746582e-02 2.169269323348999023e-02 9.022108279168605804e-03 2.968293614685535431e-02
1.523718982934951782e-01 4.425513744354248047e-01 2.596444450318813324e-02 4.021670296788215637e-02 5.658107623457908630e-02 1.005871966481208801e-01 8.544494956731796265e-02 5.054372176527976990e-02 1.995916664600372314e-02 5.120812449604272842e-03 1.153751835227012634e-01 2.359196543693542480e-02 1.454903483390808105e-01 1.782403141260147095e-02 3.528428450226783752e-02 9.917419403791427612e-03 4.848647862672805786e-02 4.844640567898750305e-02 4.380653426051139832e-02 3.459057956933975220e-02 3.349449858069419861e-02 4.183831065893173218e-02 4.814182594418525696e-02 3.990589454770088196e-02 3.371266415342688560e-03 3.308533132076263428e-02 4.523503035306930542e-02 4.616643488407135010e-02 3.448349982500076294e-02 2.136504650115966797e-02 1.561243273317813873e-02 4.789745062589645386e-02 1.303915213793516159e-02 3.274720162153244019e-02 2.217931859195232391e-02 4.339690506458282471e-02 4.478381201624870300e-02 2.823332324624061584e-03 2.405072562396526337e-03 4.735107719898223877e-02 2.307758294045925140e-02 4.033989459276199341e-02 1.269096694886684418e-02 3.006761148571968079e-02 3.449166938662528992e-02 2.034850232303142548e-02 1.235650852322578430e-01 1.974084973335266113e-02 3.051905147731304169e-02 2.313521504402160645e-02 3.043319657444953918e-02 4.053462296724319458e-02 3.429193049669265747e-02 9.960098192095756531e-03 1.154855918139219284e-02 2.374884113669395447e-02 4.201213363558053970e-03 2.943653054535388947e-02 1.537974458187818527e-02 1.067234668880701065e-02 2.209938503801822662e-02 1.642680726945400238e-02 4.112436994910240173e-02 2.034617774188518524e-02 4.767170175909996033e-03 1.030851081013679504e-01 2.632561884820461273e-02 2.469151839613914490e-02 7.760634645819664001e-03 6.064930465072393417e-03 6.058408413082361221e-03 2.181597426533699036e-02 5.197879672050476074e-02 5.831124261021614075e-02 3.352278377860784531e-03 1.586993969976902008e-02 9.781154803931713104e-03 2.267682738602161407e-02 3.262866288423538208e-02 1.213808078318834305e-02 2.201768197119235992e-02 3.266897425055503845e-02 5.329120438545942307e-03 5.525898560881614685e-02 2.364597050473093987e-03 9.216208010911941528e-03 8.320624008774757385e-03 3.306256607174873352e-02 1.133624836802482605e-02 2.502489648759365082e-02 5.110473185777664185e-02 5.297348275780677795e-02 4.218138754367828369e-02 8.160749450325965881e-03 3.121303953230381012e-02 1.701282151043415070e-02 3.024804778397083282e-02 1.563641801476478577e-02 2.325934357941150665e-02 1.969245821237564087e-02 2.744073234498500824e-02 5.742362700402736664e-03 2.687382698059082031e-02 2.435792051255702972e-02 5.387721210718154907e-02 4.302002489566802979e-02 3.684508427977561951e-02 5.149853602051734924e-02 3.998977318406105042e-02 4.722237959504127502e-02 5.886299069970846176e-03 1.064495928585529327e-02 2.799855731427669525e-02 3.529174427967518568e-04 4.558090865612030029e-02 3.113080747425556183e-02
3.026397339999675751e-02 2.596444450318813324e-02 4.052033722400665283e-01 4.664381220936775208e-02 2.013900550082325935e-03 3.904907777905464172e-02 3.862905502319335938e-02 2.086510658264160156e-01 2.478915080428123474e-02 1.428939402103424072e-02 4.050732403993606567e-02 4.143885523080825806e-02 4.564815759658813477e-02 7.546343374997377396e-03 6.929855793714523315e-02 6.395471747964620590e-03 2.463065087795257568e-02 2.938569709658622742e-02 4.285556450486183167e-02 5.638127680867910385e-03 4.412607476115226746e-02 3.641872853040695190e-02 3.179862350225448608e-02 1.323284860700368881e-02 8.972177281975746155e-03 2.214932814240455627e-02 1.155822072178125381e-02 6.460949778556823730e-03 2.424208819866180420e-02 2.166453190147876740e-02 2.969262003898620605e-02 3.624915704131126404e-02 6.684151478111743927e-03 2.708619832992553711e-02 3.692721202969551086e-02 4.099610447883605957e-02 4.004082828760147095e-02 4.705543071031570435e-02 5.974510218948125839e-03 5.237825587391853333e-02 1.989206857979297638e-02 1.183531596325337887e-03 2.546277828514575958e-02 4.137518256902694702e-02 3.130656853318214417e-02 2.850374206900596619e-02 1.341833267360925674e-02 2.198909642174839973e-03 2.842511422932147980e-02 2.901623211801052094e-02 4.573690518736839294e-02 2.236538380384445190e-02 2.086067572236061096e-02 4.689747001975774765e-03 1.233545504510402679e-02 5.049894750118255615e-02 3.143264679238200188e-03 4.531067237257957458e-02 4.277933016419410706e-02 1.491886842995882034e-02 2.773883566260337830e-02 3.187382593750953674e-02 1.343419309705495834e-03 2.857820503413677216e-02 3.596661612391471863e-02 1.712705823592841625e-03 3.415579721331596375e-02 3.173762187361717224e-02 2.397431991994380951e-02 1.766292750835418701e-02 3.000536188483238220e-02 5.225536972284317017e-02 2.374069392681121826e-02 1.174902729690074921e-02 6.331251002848148346e-03 5.591808076133020222e-06 2.098328992724418640e-02 1.208714675158262253e-02 3.286885097622871399e-02 6.237423978745937347e-03 2.162315696477890015e-01 6.178044248372316360e-03 3.044724650681018829e-02 8.369240909814834595e-03 1.873297989368438721e-02 5.878023058176040649e-02 5.300305783748626709e-02 1.262219529598951340e-02 3.976790606975555420e-02 2.725666016340255737e-02 2.455134503543376923e-02 6.482683587819337845e-03 8.422723039984703064e-03 4.634099826216697693e-02 1.830033212900161743e-02 1.900533586740493774e-02 3.208942338824272156e-02 2.369799092411994934e-02 2.268088981509208679e-02 2.477763406932353973e-02 4.452603682875633240e-02 1.100870966911315918e-02 4.507465660572052002e-02 3.531875461339950562e-02 2.265801653265953064e-02 3.437623009085655212e-02 1.402233447879552841e-02 4.817334469407796860e-03 2.911417186260223389e-02 3.750941157341003418e-02 1.459991559386253357e-02 3.705639019608497620e-02 4.015401378273963928e-02 6.288856733590364456e-03 3.534631431102752686e-02 5.590062215924263000e-02
4.133668169379234314e-02 4.021670296788215637e-02 4.664381220936775208e-02 4.162491858005523682e-01 2.727044560015201569e-02 1.460841950029134750e-02 4.783801734447479248e-02 1.431935746222734451e-02 7.316660135984420776e-03 1.253361441195011139e-02 4.054798930883407593e-02 2.726496197283267975e-02 4.273947328329086304e-02 5.530852824449539185e-02 4.099756851792335510e-02 9.018097072839736938e-03 5.092082545161247253e-02 8.824576623737812042e-03 9.934484027326107025e-03 2.567596361041069031e-02 4.043495655059814453e-02 4.933125153183937073e-02 4.802617803215980530e-02 5.035986751317977905e-02 2.242425270378589630e-02 4.433436691761016846e-02 6.781590636819601059e-03 4.939626902341842651e-02 6.272467225790023804e-02 4.352228716015815735e-02 3.724197298288345337e-02 2.836383506655693054e-02 7.684623822569847107e-03 7.671542931348085403e-03 1.329664606600999832e-03 1.698851585388183594e-02 3.823593631386756897e-02 1.421844772994518280e-02 1.511550508439540863e-02 5.195533111691474915e-02 3.345736488699913025e-02 2.428097836673259735e-02 4.272829368710517883e-02 4.102065041661262512e-02 2.354441396892070770e-02 4.968168959021568298e-02 2.529243379831314087e-02 2.067216672003269196e-02 8.446808159351348877e-02 2.469733357429504395e-02 3.116440586745738983e-02 2.155788388336077332e-05 4.455512762069702148e-02 5.577634437941014767e-04 4.585141688585281372e-02 4.918913915753364563e-02 8.975850045680999756e-02 8.751020766794681549e-03 3.948076069355010986e-02 3.753607347607612610e-02 2.471696957945823669e-02 3.254153067246079445e-03 5.816552042961120605e-02 2.307445369660854340e-02 3.644003346562385559e-02 4.254497587680816650e-03 8.528585545718669891e-03 2.242764458060264587e-02 4.100776091217994690e-02 3.247706964612007141e-02 4.320544749498367310e-02 4.422576352953910828e-02 1.201325953006744385e-01 2.207111753523349762e-02 2.094827406108379364e-02 5.018654465675354004e-02 5.311695858836174011e-02 3.416685760021209717e-02 3.150816634297370911e-02 1.767719909548759460e-02 6.439703516662120819e-03 1.746452040970325470e-02 3.371413052082061768e-02 2.272051200270652771e-02 5.586164072155952454e-02 6.359532475471496582e-02 3.318542614579200745e-02 4.003242030739784241e-02 7.352013140916824341e-03 2.975798398256301880e-02 9.385841898620128632e-03 3.109232708811759949e-02 1.920302957296371460e-02 4.513708874583244324e-02 2.396546304225921631e-02 3.005015291273593903e-02 8.172209374606609344e-03 2.618398983031511307e-03 5.716371163725852966e-02 3.141627088189125061e-02 2.207370288670063019e-02 3.499747440218925476e-02 4.292156174778938293e-02 1.627787365578114986e-03 3.034775145351886749e-03 4.782148823142051697e-02 1.787310093641281128e-02 1.281083077192306519e-01 1.453272439539432526e-02 9.305644035339355469e-02 3.112639673054218292e-02 2.712848410010337830e-02 3.996652364730834961e-02 4.302501678466796875e-02 1.915900036692619324e-02 6.002032011747360229e-02
2.776046842336654663e-02 5.658107623457908630e-02 2.013900550082325935e-03 2.727044560015201569e-02 4.048056602478027344e-01 1.697372831404209137e-02 1.812436617910861969e-02 3.315312787890434265e-02 1.320090424269437790e-02 3.633777424693107605e-02 5.269246175885200500e-02 2.873479016125202179e-02 5.009821429848670959e-02 3.013581410050392151e-02 4.529929161071777344e-02 3.973324317485094070e-03 2.255420014262199402e-02 2.095773257315158844e-02 3.396521508693695068e-02 9.635804221034049988e-03 4.173380136489868164e-02 2.332736551761627197e-02 1.144348271191120148e-02 8.232938125729560852e-03 3.642050921916961670e-02 3.503099456429481506e-02 3.874812275171279907e-02 2.903716266155242920e-02 3.239877521991729736e-02 4.703764617443084717e-02 1.245759055018424988e-02 1.759229972958564758e-02 1.027788314968347549e-02 4.616830497980117798e-02 2.996455319225788116e-02 9.076895192265510559e-03 3.161217644810676575e-02 2.069063670933246613e-02 2.379560284316539764e-02 7.796005904674530029e-02 2.815974131226539612e-02 5.153236910700798035e-03 3.225614083930850029e-03 4.098342731595039368e-02 3.386383503675460815e-02 2.247824566438794136e-03 1.553357113152742386e-02 3.745531290769577026e-02 1.026102341711521149e-02 4.530685395002365112e-02 9.472325444221496582e-03 2.903479710221290588e-02 3.138061612844467163e-02 4.093280062079429626e-02 2.768161520361900330e-02 3.313837945461273193e-02 4.420106112957000732e-02 2.766557037830352783e-02 5.310857295989990234e-02 4.196496680378913879e-02 2.107298187911510468e-02 3.966904431581497192e-02 1.699876412749290466e-02 2.920120488852262497e-03 1.511204335838556290e-02 1.153649110347032547e-02 7.670177612453699112e-03 3.048036992549896240e-02 1.473837532103061676e-02 4.293325170874595642e-02 1.646388322114944458e-02 4.713267553597688675e-03 5.883258208632469177e-02 4.192567989230155945e-02 1.876878738403320312e-01 6.339199026115238667e-04 5.713269114494323730e-02 3.552209585905075073e-02 1.093311421573162079e-02 4.664210975170135498e-02 3.131671994924545288e-02 5.154654849320650101e-03 6.850740313529968262e-02 8.434763550758361816e-02 1.305252499878406525e-02 4.156542569398880005e-02 2.371611306443810463e-03 2.815395034849643707e-02 4.272521939128637314e-03 7.316224742680788040e-03 5.422752723097801208e-02 2.549504861235618591e-03 1.370530296117067337e-02 2.494635619223117828e-02 4.549615830183029175e-02 1.791049353778362274e-02 4.583029821515083313e-02 3.176175057888031006e-02 4.350295290350914001e-02 4.596394486725330353e-03 1.736570335924625397e-02 1.173336338251829147e-02 2.214224450290203094e-02 2.057685144245624542e-02 3.181194886565208435e-02 4.527449607849121094e-02 9.566769003868103027e-03 5.990623030811548233e-03 3.134413436055183411e-02 7.473704870790243149e-03 2.955662086606025696e-03 1.297741848975419998e-02 2.632614783942699432e-02 1.796033233404159546e-02 1.390785537660121918e-02 1.091617252677679062e-02
1.203670352697372437e-01 1.005871966481208801e-01 3.904907777905464172e-02 1.460841950029134750e-02 1.697372831404209137e-02 4.230489134788513184e-01 1.117133498191833496e-01 2.273847535252571106e-02 4.097519814968109131e-02 4.912555217742919922e-02 5.600859224796295166e-02 3.677566722035408020e-02 3.660015761852264404e-02 1.056626066565513611e-02 1.632994972169399261e-02 3.528979048132896423e-02 3.489032760262489319e-02 3.013349138200283051e-02 2.616740390658378601e-02 6.584248039871454239e-03 1.418817602097988129e-02 2.116643264889717102e-02 2.440682053565979004e-02 5.223613698035478592e-03 1.592169515788555145e-02 1.318465359508991241e-02 8.750664070248603821e-03 5.047330260276794434e-02 6.978509947657585144e-03 4.443242028355598450e-02 6.036290153861045837e-02 2.964608138427138329e-03 3.164530545473098755e-02 8.123713545501232147e-03 5.660917237401008606e-02 1.986408606171607971e-02 1.100986171513795853e-02 2.389976941049098969e-02 1.334222871810197830e-02 4.091377556324005127e-02 3.397592157125473022e-02 6.009265314787626266e-03 3.668990358710289001e-02 2.208457887172698975e-02 1.471004355698823929e-02 5.100375041365623474e-02 7.757510244846343994e-02 2.268472500145435333e-02 2.437685430049896240e-02 1.104049850255250931e-02 8.687963709235191345e-03 2.891517803072929382e-02 2.405324392020702362e-02 3.815913107246160507e-03 3.815927356481552124e-02 3.297219052910804749e-02 5.154924467206001282e-02 8.021551184356212616e-03 1.615944504737854004e-02 7.677434943616390228e-03 2.000623382627964020e-03 7.716175168752670288e-04 1.381067652255296707e-02 2.995716594159603119e-02 3.188160434365272522e-02 5.615781992673873901e-02 2.136323833838105202e-03 1.973160728812217712e-02 2.977152727544307709e-02 5.249528586864471436e-02 1.118821091949939728e-02 3.784587606787681580e-02 5.258292332291603088e-02 6.324951536953449249e-03 4.666730388998985291e-02 1.305701304227113724e-02 5.301599577069282532e-02 5.019169300794601440e-02 4.529618471860885620e-02 2.577704191207885742e-02 8.295790292322635651e-03 4.833047464489936829e-02 4.228285327553749084e-02 5.090781953185796738e-03 3.264360874891281128e-02 3.087602928280830383e-02 8.117645047605037689e-03 4.739014804363250732e-02 6.392782088369131088e-03 4.741909354925155640e-02 1.779889874160289764e-02 1.573144458234310150e-02 4.372711852192878723e-02 3.394189476966857910e-02 3.003380820155143738e-02 6.760956253856420517e-03 2.000520937144756317e-02 8.817587979137897491e-03 3.928268328309059143e-02 4.174809530377388000e-02 6.548247300088405609e-03 1.784957386553287506e-02 5.348987877368927002e-02 3.693085536360740662e-02 4.501440748572349548e-02 5.479534715414047241e-02 2.771538496017456055e-02 1.772428303956985474e-02 5.839596968144178391e-03 2.917984873056411743e-02 1.784157566726207733e-02 4.984608292579650879e-02 5.513354018330574036e-02 3.052458353340625763e-02 2.774470299482345581e-02 2.941630221903324127e-02
6.819947063922882080e-02 8.544494956731796265e-02 3.862905502319335938e-02 4.783801734447479248e-02 1.812436617910861969e-02 1.117133498191833496e-01 4.276746511459350586e-01 3.336257860064506531e-02 2.722058212384581566e-03 5.138320475816726685e-02 5.997929349541664124e-02 5.361684411764144897e-02 2.602594718337059021e-02 1.665520295500755310e-02 3.854509070515632629e-02 3.585436940193176270e-02 2.183469198644161224e-02 1.397447660565376282e-02 7.378012873232364655e-03 2.574560791254043579e-02 5.159848183393478394e-02 3.795555606484413147e-02 1.836288720369338989e-02 1.690540462732315063e-02 4.517072439193725586e-02 3.675742447376251221e-02 3.258623648434877396e-03 7.079614326357841492e-03 3.458921238780021667e-02 5.367142148315906525e-03 1.568766310811042786e-03 1.771482080221176147e-02 4.687262233346700668e-03 1.942181959748268127e-02 4.060907661914825439e-02 4.120180383324623108e-02 5.037118121981620789e-02 2.286650426685810089e-02 3.043762221932411194e-02 6.314965430647134781e-03 2.439066208899021149e-02 5.238487198948860168e-02 3.127460926771163940e-02 2.454708330333232880e-02 2.027447335422039032e-02 2.946322038769721985e-02 6.313390284776687622e-02 7.960330694913864136e-02 1.743940263986587524e-02 1.725676842033863068e-02 2.213368890807032585e-03 9.269364178180694580e-03 2.862219326198101044e-02 3.995198756456375122e-02 6.035958975553512573e-02 3.152824565768241882e-02 3.252503648400306702e-02 3.093283995985984802e-02 2.016228437423706055e-02 1.944012567400932312e-02 5.326090008020401001e-02 4.622504860162734985e-02 1.660208404064178467e-02 4.050272330641746521e-02 3.032096661627292633e-02 2.977154217660427094e-02 2.873176522552967072e-02 1.673887670040130615e-02 2.673370391130447388e-02 5.107148736715316772e-02 2.137471362948417664e-02 4.140413179993629456e-02 2.054436132311820984e-02 3.830390982329845428e-03 5.410934612154960632e-02 3.652442991733551025e-02 5.404326133430004120e-03 5.279402807354927063e-02 5.278450623154640198e-02 4.688958823680877686e-02 2.665548818185925484e-03 3.040525130927562714e-02 3.023989964276552200e-03 2.916408237069845200e-03 1.089173555374145508e-02 5.040058866143226624e-02 1.633743196725845337e-02 4.090472683310508728e-02 3.486248850822448730e-02 3.458258882164955139e-02 5.273897573351860046e-02 3.501452878117561340e-02 1.603094674646854401e-02 2.658201381564140320e-02 1.642893441021442413e-02 2.672284096479415894e-02 4.486016556620597839e-02 5.782765895128250122e-02 1.395856123417615891e-02 4.453108459711074829e-02 3.314580395817756653e-02 2.380885928869247437e-02 5.577068030834197998e-02 4.277883842587471008e-02 8.206344209611415863e-03 6.100340979173779488e-04 8.032095618546009064e-03 1.419769972562789917e-02 1.696944423019886017e-02 2.294096536934375763e-02 4.178625531494617462e-03 4.553334787487983704e-02 4.934358596801757812e-02 2.964214049279689789e-02 2.628704532980918884e-02 3.823449462652206421e-02
4.079828038811683655e-02 5.054372176527976990e-02 2.086510658264160156e-01 1.431935746222734451e-02 3.315312787890434265e-02 2.273847535252571106e-02 3.336257860064506531e-02 4.101365804672241211e-01 1.828299090266227722e-02 3.929845616221427917e-02 4.092381894588470459e-02 2.261237055063247681e-02 1.106716226786375046e-02 3.834047168493270874e-02 7.044512778520584106e-02 2.765372395515441895e-02 9.335223585367202759e-03 6.667883135378360748e-03 4.515391960740089417e-02 2.359133027493953705e-02 1.387349609285593033e-02 2.116628689691424370e-03 4.145967960357666016e-02 4.155384004116058350e-02 7.139557041227817535e-03 5.120663717389106750e-02 6.023433990776538849e-03 2.104414626955986023e-02 4.492248222231864929e-02 2.762181311845779419e-02 2.509828656911849976e-02 1.002675294876098633e-02 5.589762702584266663e-03 2.219581604003906250e-02 3.048506006598472595e-02 1.133012399077415466e-02 1.551419589668512344e-02 4.561728611588478088e-02 3.699046373367309570e-02 2.631606766954064369e-03 3.643914684653282166e-02 3.453615645412355661e-04 3.964776545763015747e-02 2.477275393903255463e-02 7.530630100518465042e-03 3.467924147844314575e-02 3.257589042186737061e-02 2.473735995590686798e-02 3.918914496898651123e-02 2.689167484641075134e-02 2.763281576335430145e-03 3.591907024383544922e-02 1.213760580867528915e-02 4.633120726794004440e-03 1.052655372768640518e-02 3.207144513726234436e-02 3.425396233797073364e-02 3.118861233815550804e-03 5.287128314375877380e-02 2.513394877314567566e-02 2.608023583889007568e-02 4.820574074983596802e-03 2.345516346395015717e-02 4.681508988142013550e-02 4.672564193606376648e-02 5.429399898275732994e-04 8.892572484910488129e-03 1.122098788619041443e-02 2.950327470898628235e-02 7.162418216466903687e-03 3.806959465146064758e-02 2.322785183787345886e-02 1.237867958843708038e-02 1.129000540822744370e-02 3.681562095880508423e-02 2.264545299112796783e-02 7.616592571139335632e-03 3.294510394334793091e-02 3.133837133646011353e-02 1.807039976119995117e-02 1.251711100339889526e-01 2.465770579874515533e-02 2.160191349685192108e-02 4.574913159012794495e-02 1.879714080132544041e-03 5.533819645643234253e-02 2.592818997800350189e-02 3.421831643208861351e-04 4.328234866261482239e-02 4.939460754394531250e-02 1.033417955040931702e-01 3.319967165589332581e-02 3.348026424646377563e-02 7.098536938428878784e-03 3.180929273366928101e-02 2.967941947281360626e-02 3.205752000212669373e-02 4.840856418013572693e-02 7.140768226236104965e-03 8.439669385552406311e-03 2.595667168498039246e-02 4.751496389508247375e-02 1.994540728628635406e-02 2.272322541102766991e-03 3.081906959414482117e-02 4.207577556371688843e-02 1.024619676172733307e-02 3.802456334233283997e-02 2.986017614603042603e-02 3.426786139607429504e-02 1.145980902947485447e-03 2.113101817667484283e-02 3.509641811251640320e-02 1.019404036924242973e-03 3.362908586859703064e-02 7.250582799315452576e-03
1.763759646564722061e-03 1.995916664600372314e-02 2.478915080428123474e-02 7.316660135984420776e-03 1.320090424269437790e-02 4.097519814968109131e-02 2.722058212384581566e-03 1.828299090266227722e-02 4.410598874092102051e-01 2.346557192504405975e-02 5.699089262634515762e-03 6.165201589465141296e-02 6.935174576938152313e-03 9.089006111025810242e-03 4.726566001772880554e-02 6.456484645605087280e-02 1.793544925749301910e-02 7.185293734073638916e-02 4.238909576088190079e-03 1.108458265662193298e-02 5.792631767690181732e-03 2.934889681637287140e-02 1.627874001860618591e-02 1.450052764266729355e-02 5.908961594104766846e-02 1.653109118342399597e-02 2.132902154698967934e-03 1.535515021532773972e-02 3.022942692041397095e-02 5.159661546349525452e-02 7.331458479166030884e-02 5.680821463465690613e-02 4.080375656485557556e-02 3.215794218704104424e-03 2.428533136844635010e-02 3.794512897729873657e-02 2.079066587612032890e-03 3.621277585625648499e-02 3.109828941524028778e-02 2.374561317265033722e-02 3.919261693954467773e-02 4.674074053764343262e-02 7.193332538008689880e-03 3.824767842888832092e-02 1.836009696125984192e-02 7.850166410207748413e-03 5.024021491408348083e-02 2.249715849757194519e-02 4.794679209589958191e-02 3.075684048235416412e-02 2.359322458505630493e-02 5.241803079843521118e-02 1.530555915087461472e-02 5.628757178783416748e-03 3.353295475244522095e-02 3.221787512302398682e-02 4.982938617467880249e-02 1.976133882999420166e-02 1.374722458422183990e-02 1.793282851576805115e-02 3.940924070775508881e-03 4.795427247881889343e-02 3.697913140058517456e-02 2.714232914149761200e-02 4.063607007265090942e-02 5.700862500816583633e-03 5.575963854789733887e-02 4.277129098773002625e-02 1.196992397308349609e-02 1.725711114704608917e-02 5.039947852492332458e-02 6.007841974496841431e-02 1.852296665310859680e-02 4.212319850921630859e-02 2.136856550350785255e-03 3.208126127719879150e-02 1.057348549365997314e-01 2.935590595006942749e-02 7.016841322183609009e-02 7.161340676248073578e-03 1.873342134058475494e-02 4.949416592717170715e-02 3.520809486508369446e-02 2.884505665861070156e-04 3.652536496520042419e-02 2.252106741070747375e-02 1.075608376413583755e-02 4.671922326087951660e-02 7.932910323143005371e-02 2.600418590009212494e-02 6.331621855497360229e-02 4.474461451172828674e-02 2.932504937052726746e-02 1.955559663474559784e-02 8.212743327021598816e-03 4.983143880963325500e-02 8.500019088387489319e-03 6.978983525186777115e-03 4.204872995615005493e-02 8.889936842024326324e-03 5.040590837597846985e-02 1.500749588012695312e-02 3.552210703492164612e-02 4.179380834102630615e-03 1.982182450592517853e-02 8.985196240246295929e-03 1.029713172465562820e-02 5.568799097090959549e-03 3.919838741421699524e-02 3.960671275854110718e-02 2.322355844080448151e-02 1.573038473725318909e-02 4.440800100564956665e-02 9.467817842960357666e-03 2.052372787147760391e-03 3.223750367760658264e-02
1.510776462964713573e-03 5.120812449604272842e-03 1.428939402103424072e-02 1.253361441195011139e-02 3.633777424693107605e-02 4.912555217742919922e-02 5.138320475816726685e-02 3.929845616221427917e-02 2.346557192504405975e-02 4.455105662345886230e-01 8.893913589417934418e-03 1.097340951673686504e-03 4.781815689057111740e-03 8.836956322193145752e-02 8.732184767723083496e-03 3.954411670565605164e-02 1.528150588274002075e-02 4.565587639808654785e-02 4.620247706770896912e-02 9.675579145550727844e-03 1.934473402798175812e-02 1.138349249958992004e-02 1.198783144354820251e-02 4.992915689945220947e-02 4.579902440309524536e-02 1.993169635534286499e-02 4.696926474571228027e-02 3.977230563759803772e-02 1.243379898369312286e-02 2.843015268445014954e-02 2.918022125959396362e-02 4.938317462801933289e-02 1.264754869043827057e-02 4.952462390065193176e-02 2.762642689049243927e-02 3.733221068978309631e-02 9.375619702041149139e-03 3.527617827057838440e-02 1.278069615364074707e-02 5.331241711974143982e-02 4.828346520662307739e-02 2.974685840308666229e-02 3.483039140701293945e-02 2.982368692755699158e-03 5.434170830994844437e-03 8.540721237659454346e-02 7.499151863157749176e-03 1.431738259270787239e-03 3.068766184151172638e-02 8.030840754508972168e-02 4.825395718216896057e-02 6.283161789178848267e-02 1.877548731863498688e-02 1.261993404477834702e-02 3.573765978217124939e-02 1.151305157691240311e-02 2.984642051160335541e-02 1.858716271817684174e-02 8.879268541932106018e-03 1.538074482232332230e-02 1.151305343955755234e-02 2.112384513020515442e-02 1.680849865078926086e-02 3.239360824227333069e-02 3.843501955270767212e-02 9.840502170845866203e-04 1.683404110372066498e-02 6.018484011292457581e-03 6.059597246348857880e-03 3.790739923715591431e-02 5.015630275011062622e-03 1.716341264545917511e-02 5.938509106636047363e-02 5.930091813206672668e-02 4.386343434453010559e-02 4.652455076575279236e-02 3.355693072080612183e-02 1.009872257709503174e-01 6.684886175207793713e-04 1.382028311491012573e-01 9.550363756716251373e-03 2.138479240238666534e-02 1.039791107177734375e-02 9.025961905717849731e-02 4.125927388668060303e-02 2.599181840196251869e-03 5.110188201069831848e-02 4.662895947694778442e-02 2.212339639663696289e-02 1.052294224500656128e-01 2.019819244742393494e-02 8.806847035884857178e-03 4.951729252934455872e-02 5.209367722272872925e-02 4.895043745636940002e-02 3.379025310277938843e-02 1.747007854282855988e-02 4.237455502152442932e-02 2.003236673772335052e-02 1.465889159590005875e-02 2.821498923003673553e-02 2.016492187976837158e-02 8.999178186058998108e-03 6.139459088444709778e-02 1.003142539411783218e-02 1.407802570611238480e-02 1.884949393570423126e-03 2.328660897910594940e-02 4.557463154196739197e-02 8.777274750173091888e-03 4.416552186012268066e-02 4.516142606735229492e-02 5.429111793637275696e-02 2.130168676376342773e-02 3.716115653514862061e-02 8.192360401153564453e-03
1.277812123298645020e-01 1.153751835227012634e-01 4.050732403993606567e-02 4.054798930883407593e-02 5.269246175885200500e-02 5.600859224796295166e-02 5.997929349541664124e-02 4.092381894588470459e-02 5.699089262634515762e-03 8.893913589417934418e-03 4.341418743133544922e-01 2.709299139678478241e-02 1.342236548662185669e-01 5.401090905070304871e-02 1.338705606758594513e-02 5.197215452790260315e-02 3.485259413719177246e-02 2.301340689882636070e-03 3.207004815340042114e-02 3.894133726134896278e-03 5.539217591285705566e-02 5.838263779878616333e-02 2.164802141487598419e-02 5.080114677548408508e-02 5.435927305370569229e-04 5.110385641455650330e-02 2.398059330880641937e-02 3.703152015805244446e-02 6.056541111320257187e-03 1.799545995891094208e-02 4.708942398428916931e-02 4.445701092481613159e-02 1.284629758447408676e-02 2.438094466924667358e-02 5.364172626286745071e-03 2.644416876137256622e-02 4.467385634779930115e-02 4.429567232728004456e-02 4.029322788119316101e-02 3.413230925798416138e-02 3.909730538725852966e-02 5.156506597995758057e-02 3.738771378993988037e-02 8.383268490433692932e-03 1.698524877429008484e-02 1.196902943775057793e-03 4.029469192028045654e-02 1.039415411651134491e-02 4.211041703820228577e-02 2.153563871979713440e-02 2.473488822579383850e-02 3.080627322196960449e-02 2.096900157630443573e-02 1.578058488667011261e-02 4.714938998222351074e-02 2.119599655270576477e-02 3.546878322958946228e-02 1.209723763167858124e-02 5.032450892031192780e-03 2.877979353070259094e-02 5.140220746397972107e-02 2.104562893509864807e-02 7.319463882595300674e-03 5.671637132763862610e-03 7.709391415119171143e-02 6.571653485298156738e-02 1.363052520900964737e-02 2.542553283274173737e-02 1.318818517029285431e-02 1.189852226525545120e-02 1.897807046771049500e-02 1.790972240269184113e-02 4.914050549268722534e-02 1.947874575853347778e-02 5.224027205258607864e-03 3.928570542484521866e-03 8.275348693132400513e-03 1.305355317890644073e-02 1.884023472666740417e-02 4.686623346060514450e-03 2.428145334124565125e-02 3.265113011002540588e-02 1.038484647870063782e-02 4.137278720736503601e-02 3.409082442522048950e-02 6.978252530097961426e-02 3.887522593140602112e-02 2.107578702270984650e-02 3.821616619825363159e-02 1.602478697896003723e-02 4.451641440391540527e-02 5.564256105571985245e-03 4.043516889214515686e-02 4.739046096801757812e-03 1.740421541035175323e-02 4.238821193575859070e-02 4.027938842773437500e-02 3.165249899029731750e-02 5.560424551367759705e-02 4.177813418209552765e-03 1.863708347082138062e-02 8.797262795269489288e-03 5.138478428125381470e-02 2.438753843307495117e-02 2.222990989685058594e-02 2.847911790013313293e-02 1.605498231947422028e-02 2.909306809306144714e-02 3.372061625123023987e-02 3.431011736392974854e-02 3.111943602561950684e-02 4.590190947055816650e-02 4.957576747983694077e-03 1.755613647401332855e-02 4.722690954804420471e-02 1.530622318387031555e-02
6.085443124175071716e-02 2.359196543693542480e-02 4.143885523080825806e-02 2.726496197283267975e-02 2.873479016125202179e-02 3.677566722035408020e-02 5.361684411764144897e-02 2.261237055063247681e-02 6.165201589465141296e-02 1.097340951673686504e-03 2.709299139678478241e-02 4.380388855934143066e-01 6.738446187227964401e-03 1.036386489868164062e-01 1.652348414063453674e-02 4.318600520491600037e-02 1.091883704066276550e-02 5.701404064893722534e-02 3.981108590960502625e-02 3.347349911928176880e-02 4.009713605046272278e-02 4.001205787062644958e-02 7.839319854974746704e-02 1.519264932721853256e-02 5.415328964591026306e-02 4.163341224193572998e-02 3.080337867140769958e-02 1.038871705532073975e-01 2.010576054453849792e-02 9.151028096675872803e-02 1.673299074172973633e-02 2.783106639981269836e-02 4.401863738894462585e-02 1.092973910272121429e-02 2.737049572169780731e-02 5.619483441114425659e-02 1.533548999577760696e-02 2.867062017321586609e-02 4.768561199307441711e-02 3.242585435509681702e-02 2.534733153879642487e-02 1.789894141256809235e-02 7.999797351658344269e-03 4.740271717309951782e-02 9.168633818626403809e-02 1.048644073307514191e-02 1.155633106827735901e-02 5.222098529338836670e-02 1.086209318600594997e-03 2.282051742076873779e-02 2.522450499236583710e-02 5.884322896599769592e-02 4.890800267457962036e-02 5.617905035614967346e-02 5.691754072904586792e-02 2.051857858896255493e-02 5.268981307744979858e-02 7.171026431024074554e-03 3.434089943766593933e-02 7.993096485733985901e-03 5.065281316637992859e-02 1.265844702720642090e-02 4.028582945466041565e-02 2.798365987837314606e-02 2.947988174855709076e-02 3.382722660899162292e-02 3.223324194550514221e-02 7.095947512425482273e-04 5.763358622789382935e-02 3.122328221797943115e-02 1.175075583159923553e-02 2.592830918729305267e-03 5.739795789122581482e-02 3.424186632037162781e-02 8.077907375991344452e-03 1.893523707985877991e-02 8.235113322734832764e-02 4.012481868267059326e-02 9.136012941598892212e-02 3.978030011057853699e-02 3.553979843854904175e-02 4.037793551106005907e-04 4.505462199449539185e-02 3.443244844675064087e-02 3.496965020895004272e-02 5.334613160812295973e-05 2.565071731805801392e-02 2.478325366973876953e-02 7.277034223079681396e-02 1.673556305468082428e-02 9.982075542211532593e-03 3.181326389312744141e-02 5.344545468688011169e-02 5.113520659506320953e-03 3.565474227070808411e-02 2.948522940278053284e-02 4.032262414693832397e-02 3.626946825534105301e-03 5.856871232390403748e-02 1.141097024083137512e-02 5.724675208330154419e-02 2.449980750679969788e-02 3.389557078480720520e-02 3.291110321879386902e-02 1.303179096430540085e-02 2.097562514245510101e-02 1.465646363794803619e-02 1.300802268087863922e-02 2.682781778275966644e-02 1.342455949634313583e-02 3.313526138663291931e-02 5.143895372748374939e-02 2.196877961978316307e-03 1.919559319503605366e-03 3.375266492366790771e-02 5.161600559949874878e-02
1.068497002124786377e-01 1.454903483390808105e-01 4.564815759658813477e-02 4.273947328329086304e-02 5.009821429848670959e-02 3.660015761852264404e-02 2.602594718337059021e-02 1.106716226786375046e-02 6.935174576938152313e-03 4.781815689057111740e-03 1.342236548662185669e-01 6.738446187227964401e-03 4.311811625957489014e-01 5.373620986938476562e-02 4.202162474393844604e-02 3.839022666215896606e-02 4.624168213922530413e-04 4.780298471450805664e-02 1.505726762115955353e-02 1.725515164434909821e-02 5.335674434900283813e-02 2.848354168236255646e-02 2.307296171784400940e-02 4.176464304327964783e-02 3.584652440622448921e-03 4.206056147813796997e-02 6.495264358818531036e-03 3.438578546047210693e-02 6.117283832281827927e-03 5.042560026049613953e-02 3.466190397739410400e-02 4.392289742827415466e-02 1.157013885676860809e-02 8.891156874597072601e-03 7.898154668509960175e-03 3.248901292681694031e-02 2.615340612828731537e-02 2.827248536050319672e-02 3.732197359204292297e-02 3.269412741065025330e-02 3.054115548729896545e-02 3.173428028821945190e-02 1.438375655561685562e-02 1.426196657121181488e-02 9.837692603468894958e-03 1.689183898270130157e-02 9.266652166843414307e-02 7.930592633783817291e-03 4.927041754126548767e-02 3.964326903223991394e-02 4.815990850329399109e-02 2.729400806128978729e-02 2.619940973818302155e-02 1.487879175692796707e-02 5.483951419591903687e-02 2.653902024030685425e-02 1.429637428373098373e-02 1.097920071333646774e-02 1.231321692466735840e-02 1.677487045526504517e-02 4.778019338846206665e-02 1.900088414549827576e-02 3.129829466342926025e-02 8.386885747313499451e-04 5.685100331902503967e-03 1.266273558139801025e-01 4.193964973092079163e-02 3.520027268677949905e-03 1.545453723520040512e-02 3.533142432570457458e-02 2.455471642315387726e-02 3.825647011399269104e-02 1.937074586749076843e-02 4.681554064154624939e-02 1.319662388414144516e-02 4.216481000185012817e-03 1.421943586319684982e-02 1.886382885277271271e-02 2.444246225059032440e-02 6.075172219425439835e-03 4.972212016582489014e-02 1.766837947070598602e-02 1.712840981781482697e-03 4.476631432771682739e-02 4.572862293571233749e-03 3.150074928998947144e-02 1.131988363340497017e-03 6.325163692235946655e-02 4.055786132812500000e-02 1.829499565064907074e-02 3.822174295783042908e-02 4.688023775815963745e-02 2.094805426895618439e-02 4.120323807001113892e-02 1.019168179482221603e-02 3.816010057926177979e-02 4.750069975852966309e-02 4.054026678204536438e-02 4.241174459457397461e-02 1.101088430732488632e-02 4.461279883980751038e-02 9.638343006372451782e-03 2.499207668006420135e-02 6.987038534134626389e-03 2.094845846295356750e-02 4.354529827833175659e-02 1.280862372368574142e-03 2.911613509058952332e-02 2.015858516097068787e-02 1.800676994025707245e-02 1.032613776624202728e-02 6.211339496076107025e-03 1.319260336458683014e-03 7.465742062777280807e-03 1.964021241292357445e-03 4.092583432793617249e-02
