5.109943747520446777e-01 1.007941588759422302e-01 2.231627516448497772e-02 2.001566812396049500e-02 2.495606243610382080e-02 8.836743235588073730e-02 8.082971721887588501e-02 2.429160289466381073e-02 4.294929280877113342e-02 3.139190748333930969e-02 9.996833652257919312e-02 3.077405318617820740e-02 8.391289412975311279e-02 4.290936049073934555e-03 9.270654991269111633e-03 4.208757355809211731e-02 4.493752494454383850e-02 4.123383387923240662e-02 4.715714603662490845e-03 5.074925720691680908e-02 1.774100027978420258e-02 9.956018999218940735e-03 9.683700278401374817e-03 3.766001609619706869e-04 1.426411420106887817e-02 9.847354143857955933e-03 3.921470418572425842e-02 5.604184791445732117e-02 5.022211372852325439e-02 2.330450341105461121e-02 4.275384172797203064e-02 2.114555984735488892e-02 2.711722999811172485e-02 4.277981072664260864e-02 1.558505091816186905e-02 4.207303281873464584e-03 2.205108292400836945e-02 4.491302534006536007e-04 3.126865625381469727e-02 8.788114413619041443e-03 3.621307760477066040e-02 1.931420713663101196e-02 1.515548210591077805e-02 1.266636047512292862e-02 3.952858224511146545e-02 2.200762275606393814e-03 8.778765052556991577e-02 6.126447394490242004e-02 3.650724142789840698e-02 5.362719763070344925e-03 3.417649865150451660e-02 1.211209967732429504e-02 2.533605508506298065e-02 4.434520006179809570e-02 7.386290002614259720e-03 1.487467810511589050e-02 1.772217825055122375e-02 2.868741378188133240e-02 2.738046459853649139e-02 2.595924399793148041e-02 1.674507930874824524e-02 3.990879654884338379e-02 1.400347449816763401e-03 8.937148377299308777e-03 3.389128670096397400e-02 5.681298300623893738e-02 3.419696167111396790e-02 4.212281666696071625e-03 4.743993282318115234e-02 2.270290255546569824e-02 5.211543291807174683e-02 2.791104465723037720e-02 1.237774617038667202e-03 3.709425404667854309e-02 1.538561936467885971e-02 5.037234351038932800e-02 1.158517133444547653e-02 4.967976734042167664e-02 5.033265799283981323e-02 3.727602958679199219e-02 2.602708153426647186e-02 1.434751506894826889e-02 4.455441981554031372e-02 2.747150883078575134e-02 6.532850675284862518e-04 5.780959967523813248e-03 2.115472685545682907e-03 1.434109546244144440e-02 5.062148906290531158e-03 1.142095588147640228e-02 4.377380013465881348e-02 1.620709896087646484e-02 7.029678672552108765e-02 1.435929816216230392e-02 6.826040148735046387e-02 1.275825966149568558e-02 1.044652797281742096e-02 3.409437462687492371e-02 4.063979536294937134e-02 3.172457590699195862e-02 2.829501591622829437e-02 2.119325473904609680e-02 2.261698432266712189e-02 2.174118719995021820e-02 4.706466943025588989e-02 4.473811015486717224e-02 5.014527589082717896e-03 2.084348537027835846e-02 3.649977967143058777e-02 4.141179844737052917e-02 3.462520986795425415e-02 3.819086030125617981e-02 5.634937901049852371e-03 7.992273196578025818e-03 2.735213190317153931e-02 3.846328705549240112e-02
1.007941588759422302e-01 5.111483931541442871e-01 2.722363173961639404e-02 2.414131537079811096e-02 3.895346447825431824e-02 6.280732899904251099e-02 8.469665050506591797e-02 3.176986798644065857e-02 1.540481857955455780e-02 1.752834022045135498e-02 7.761599868535995483e-02 1.428255904465913773e-02 7.439693063497543335e-02 1.847321726381778717e-02 8.251890540122985840e-03 3.920882940292358398e-02 3.460336476564407349e-02 1.201696228235960007e-02 3.297833609394729137e-04 1.157527323812246323e-02 4.681603983044624329e-03 1.252739876508712769e-02 7.081438321620225906e-03 1.793367974460124969e-02 1.234999950975179672e-02 1.966704800724983215e-02 4.503903165459632874e-02 8.934861049056053162e-03 4.551173374056816101e-02 1.426597498357295990e-02 3.410809487104415894e-02 9.107410907745361328e-03 4.158443480264395475e-04 2.839075028896331787e-02 7.959700189530849457e-03 8.927991613745689392e-03 2.134457789361476898e-02 3.346030134707689285e-04 9.253650903701782227e-03 9.376295842230319977e-03 2.613604441285133362e-02 1.875638402998447418e-02 1.847264543175697327e-02 3.079158626496791840e-02 2.930503524839878082e-02 1.079185679554939270e-02 6.847269833087921143e-02 7.691957801580429077e-02 1.608088798820972443e-02 9.933502413332462311e-03 7.865244522690773010e-03 5.322819575667381287e-03 2.779946289956569672e-02 3.689850494265556335e-02 4.538833163678646088e-03 8.154622279107570648e-03 2.758399583399295807e-03 3.116090595722198486e-02 4.368501156568527222e-02 3.279636055231094360e-02 3.604215756058692932e-02 4.627826064825057983e-02 5.259785801172256470e-03 3.111825138330459595e-02 3.553276881575584412e-02 5.232720449566841125e-02 1.554962899535894394e-02 7.553128059953451157e-03 5.545708164572715759e-02 3.975008055567741394e-02 3.457216918468475342e-02 5.699988082051277161e-02 1.667861640453338623e-02 3.894918784499168396e-02 2.135262638330459595e-02 5.356174334883689880e-02 3.316306322813034058e-02 1.689353771507740021e-02 4.826993495225906372e-02 3.059420175850391388e-02 3.824289143085479736e-02 4.346073046326637268e-02 1.457702275365591049e-02 4.900978133082389832e-02 1.091240718960762024e-02 8.491259999573230743e-03 1.181618683040142059e-02 8.854451589286327362e-03 1.923527009785175323e-02 1.827260479331016541e-02 5.280392616987228394e-02 1.313463784754276276e-02 7.464469224214553833e-02 7.772447541356086731e-03 1.326734665781259537e-02 1.684232614934444427e-02 2.995617687702178955e-03 7.096709217876195908e-03 9.213429875671863556e-03 2.642398932948708534e-03 4.567520320415496826e-02 2.256427891552448273e-02 3.519384656101465225e-03 3.856764640659093857e-03 3.625612705945968628e-02 4.091709479689598083e-02 4.659328982234001160e-02 1.690014079213142395e-02 2.958341501653194427e-02 3.861685469746589661e-02 3.751131892204284668e-02 4.052112810313701630e-03 5.460891406983137131e-03 1.029990264214575291e-03 2.677923766896128654e-04 3.404019773006439209e-02
2.231627516448497772e-02 2.722363173961639404e-02 4.812783598899841309e-01 3.184424713253974915e-02 3.013368137180805206e-02 1.480571925640106201e-02 7.646457757800817490e-03 1.956132948398590088e-01 5.093840509653091431e-02 5.816015414893627167e-03 1.763276010751724243e-02 9.845936670899391174e-03 2.688052877783775330e-02 5.094823241233825684e-02 1.532456651329994202e-02 4.807675722986459732e-03 4.293458536267280579e-02 1.378444116562604904e-02 2.357661351561546326e-02 3.509424626827239990e-02 2.199749834835529327e-02 6.706330459564924240e-03 3.849149122834205627e-02 4.078084975481033325e-02 3.211132809519767761e-02 2.875830046832561493e-02 2.365421131253242493e-02 4.174881149083375931e-03 1.197059173136949539e-02 1.317384373396635056e-02 2.389414049685001373e-02 4.634450376033782959e-02 4.962937161326408386e-02 1.561196707189083099e-02 5.537852644920349121e-03 4.854469373822212219e-02 3.790335729718208313e-02 9.152555139735341072e-04 4.078253172338008881e-03 3.259162604808807373e-02 1.523992046713829041e-02 5.007278919219970703e-02 4.810203984379768372e-02 6.887708604335784912e-02 1.612733118236064911e-03 5.006864294409751892e-02 9.205729700624942780e-03 4.826470091938972473e-02 3.656316548585891724e-02 2.638486959040164948e-02 6.532835215330123901e-02 9.891279041767120361e-03 8.518806658685207367e-03 1.963169546797871590e-03 2.267111651599407196e-02 3.891646862030029297e-02 3.311241045594215393e-02 2.461519464850425720e-02 4.466701298952102661e-02 3.712252900004386902e-02 6.027844920754432678e-02 3.556796163320541382e-02 3.091811947524547577e-02 1.197592006064951420e-03 2.124281227588653564e-02 2.019131090492010117e-03 1.107505173422396183e-03 1.411351095885038376e-02 4.106830805540084839e-02 4.345626104623079300e-03 4.271863400936126709e-02 1.000867504626512527e-02 4.646411165595054626e-02 2.336371690034866333e-02 3.547360002994537354e-02 3.063753806054592133e-02 7.744712289422750473e-03 1.124418247491121292e-02 1.336069870740175247e-02 3.535038977861404419e-02 1.788664907217025757e-01 2.196523547172546387e-01 2.606322430074214935e-02 1.121934503316879272e-02 3.334249556064605713e-02 4.045368731021881104e-02 2.317499555647373199e-02 1.780439727008342743e-02 3.343590721487998962e-02 2.188882417976856232e-02 3.444327041506767273e-03 3.114323876798152924e-02 2.047622762620449066e-02 3.343782946467399597e-02 3.159664571285247803e-02 1.025807335972785950e-01 8.065321482717990875e-03 2.405049279332160950e-02 7.777791935950517654e-03 2.318139933049678802e-02 1.184797752648591995e-02 2.593177929520606995e-02 1.523017790168523788e-02 3.397174552083015442e-02 1.119435019791126251e-02 1.585159450769424438e-02 7.359134498983621597e-03 4.291546717286109924e-02 3.296301141381263733e-02 1.512252818793058395e-02 3.168834373354911804e-02 3.863065689802169800e-02 8.700837497599422932e-04 2.307903580367565155e-02 8.480455726385116577e-03 1.483590528368949890e-02
2.001566812396049500e-02 2.414131537079811096e-02 3.184424713253974915e-02 4.900627136230468750e-01 1.821072995662689209e-01 4.060200229287147522e-02 3.713113442063331604e-02 1.372127700597047806e-02 2.587473206222057343e-02 1.509153284132480621e-02 1.421947404742240906e-02 4.586425051093101501e-02 1.515429932624101639e-02 3.888675197958946228e-02 2.857356518507003784e-02 2.353257127106189728e-02 4.672491177916526794e-02 1.332697086036205292e-02 9.922263212502002716e-03 5.566755309700965881e-03 2.169069088995456696e-02 4.265718534588813782e-02 1.929884403944015503e-02 1.139859110116958618e-02 2.358368970453739166e-02 1.436219271272420883e-02 2.236862480640411377e-02 4.586968198418617249e-02 8.891475386917591095e-03 2.440202515572309494e-03 1.237904559820890427e-02 2.224685251712799072e-02 5.108458921313285828e-03 1.314867101609706879e-02 4.363876208662986755e-02 2.860680222511291504e-02 1.644031889736652374e-02 4.806873388588428497e-03 1.071692854166030884e-01 7.893649488687515259e-02 4.546889103949069977e-03 1.694049336947500706e-03 8.623854257166385651e-03 1.346494304016232491e-03 5.608782172203063965e-02 5.332117155194282532e-02 2.520637586712837219e-02 1.047410815954208374e-02 2.223726175725460052e-02 1.012341957539319992e-02 8.979855105280876160e-03 2.170376852154731750e-02 2.644164673984050751e-02 3.068340755999088287e-02 6.356460973620414734e-03 1.572662405669689178e-02 1.705951802432537079e-02 1.137893181294202805e-02 2.695507183670997620e-02 1.446164306253194809e-02 3.758017718791961670e-02 4.875914193689823151e-03 1.505764387547969818e-02 8.359533548355102539e-02 3.232053667306900024e-02 2.002418413758277893e-02 3.062102012336254120e-02 3.865864500403404236e-02 4.054278880357742310e-02 3.223980218172073364e-02 2.787280455231666565e-02 6.056744605302810669e-03 1.304787397384643555e-01 8.538548834621906281e-03 5.632289499044418335e-02 1.144873630255460739e-02 4.601298831403255463e-03 1.240360364317893982e-02 3.830569982528686523e-02 6.218917202204465866e-03 4.611165076494216919e-02 6.502240430563688278e-03 1.017985790967941284e-01 2.765572629868984222e-02 1.172896847128868103e-02 1.213829405605792999e-02 2.450249157845973969e-02 4.495506361126899719e-02 4.895824193954467773e-02 4.660447686910629272e-02 7.598451804369688034e-03 4.921986907720565796e-02 8.057544939219951630e-03 1.965387351810932159e-02 3.719821572303771973e-02 2.362396195530891418e-02 2.859929390251636505e-02 2.876986563205718994e-02 1.039361674338579178e-02 2.895005745813250542e-03 2.526655048131942749e-02 2.505968324840068817e-02 2.562023885548114777e-02 2.294023707509040833e-02 5.315523967146873474e-02 8.077883161604404449e-03 2.541568689048290253e-02 2.659898437559604645e-02 3.732159361243247986e-02 1.432010345160961151e-02 1.929152570664882660e-02 1.529223844408988953e-02 2.692068181931972504e-02 1.013057958334684372e-02 2.363148331642150879e-02 1.305647287517786026e-02
2.495606243610382080e-02 3.895346447825431824e-02 3.013368137180805206e-02 1.821072995662689209e-01 4.902230799198150635e-01 3.676907345652580261e-02 3.648618236184120178e-02 2.102194167673587799e-02 2.845322154462337494e-02 2.081902883946895599e-02 1.591982133686542511e-02 2.884406596422195435e-02 1.893207430839538574e-02 3.625428676605224609e-02 2.664505317807197571e-02 3.076779423281550407e-03 1.759671047329902649e-02 1.286310795694589615e-02 2.057814411818981171e-02 1.015106681734323502e-02 3.843998163938522339e-02 3.168691322207450867e-02 4.988161846995353699e-02 4.927856475114822388e-02 2.656712383031845093e-02 1.375874970108270645e-02 8.482598350383341312e-04 2.860432118177413940e-02 4.622394591569900513e-02 5.053832754492759705e-02 1.383776217699050903e-02 1.626566424965858459e-02 2.971289493143558502e-02 9.593016467988491058e-03 2.096988819539546967e-02 2.217503637075424194e-02 1.889371871948242188e-02 3.548585250973701477e-02 1.016583442687988281e-01 1.308133751153945923e-01 4.737212508916854858e-02 3.585411608219146729e-02 2.325520850718021393e-02 1.180702354758977890e-02 4.592334106564521790e-02 1.052570156753063202e-02 3.138120099902153015e-02 2.609759755432605743e-02 2.792118815705180168e-03 3.538554534316062927e-02 1.478555891662836075e-02 2.816261956468224525e-03 1.395233534276485443e-02 1.121992897242307663e-02 6.702193990349769592e-03 1.930263079702854156e-02 3.797100856900215149e-02 3.753305971622467041e-02 5.563386157155036926e-02 7.288491819053888321e-03 1.905366219580173492e-02 1.661310717463493347e-02 1.330946013331413269e-02 4.038837924599647522e-02 2.851395681500434875e-02 1.046650856733322144e-02 4.409378394484519958e-02 3.561418503522872925e-02 2.577332966029644012e-02 2.548111230134963989e-02 1.964692585170269012e-02 1.746188662946224213e-02 1.138428375124931335e-01 3.882777690887451172e-02 7.851414382457733154e-02 1.910869218409061432e-02 2.392682246863842010e-02 1.453836914151906967e-02 1.393017359077930450e-02 1.653866609558463097e-03 3.020195849239826202e-02 1.277531124651432037e-02 1.294176876544952393e-01 7.855778187513351440e-02 2.555163018405437469e-02 2.376470528542995453e-02 1.097004208713769913e-02 8.262358605861663818e-03 5.203104764223098755e-02 2.707921527326107025e-02 7.517695892602205276e-03 3.958099335432052612e-02 1.216885540634393692e-02 3.217767551541328430e-02 5.611372366547584534e-02 1.497652195394039154e-02 7.698604837059974670e-03 2.319510281085968018e-02 2.333898842334747314e-02 2.696805819869041443e-02 4.948687925934791565e-02 6.674179807305335999e-03 2.707791700959205627e-02 1.728845201432704926e-02 2.501445636153221130e-02 1.526464428752660751e-02 9.231957606971263885e-03 2.509682811796665192e-02 1.210057269781827927e-02 1.005225698463618755e-03 3.562014782801270485e-03 5.020905286073684692e-02 1.649704994633793831e-03 3.257789462804794312e-02 3.566481173038482666e-02 3.824498876929283142e-02
8.836743235588073730e-02 6.280732899904251099e-02 1.480571925640106201e-02 4.060200229287147522e-02 3.676907345652580261e-02 5.013228058815002441e-01 8.445813506841659546e-02 4.034699127078056335e-02 1.708249747753143311e-02 3.337608277797698975e-02 5.010043457150459290e-02 1.292002480477094650e-02 4.696360230445861816e-02 4.038661345839500427e-02 1.811254769563674927e-02 2.667524851858615875e-02 1.530928444117307663e-02 1.453738752752542496e-02 2.181620337069034576e-03 4.309968650341033936e-02 1.318504102528095245e-02 6.312024313956499100e-03 4.966307431459426880e-02 5.337227508425712585e-02 5.355396773666143417e-03 9.286944754421710968e-03 3.607852151617407799e-03 3.442589938640594482e-02 4.024240374565124512e-02 1.988853141665458679e-02 3.179836645722389221e-02 1.022879313677549362e-02 5.254209041595458984e-02 4.509356617927551270e-02 3.394693881273269653e-02 1.273913867771625519e-02 1.253158226609230042e-02 3.332822024822235107e-02 1.390435546636581421e-02 2.929950319230556488e-02 3.208702057600021362e-02 3.417675942182540894e-02 5.821687169373035431e-03 1.037516922224313021e-04 5.362632498145103455e-02 2.107913605868816376e-02 1.103817224502563477e-01 7.833795249462127686e-02 1.929761655628681183e-02 2.072492614388465881e-03 3.546947240829467773e-02 2.481315843760967255e-02 2.666765823960304260e-02 1.918523944914340973e-02 3.280837088823318481e-02 4.913557693362236023e-02 1.212886068969964981e-02 2.383997105062007904e-02 4.975805059075355530e-02 2.935459278523921967e-02 2.306523174047470093e-02 1.660972833633422852e-02 1.168158277869224548e-02 2.748564817011356354e-03 2.950612828135490417e-02 3.669440373778343201e-02 7.571069523692131042e-03 6.058427970856428146e-03 1.822278834879398346e-02 1.231610216200351715e-02 2.629172429442405701e-02 1.581680029630661011e-02 3.616604581475257874e-02 1.526298001408576965e-02 4.316395893692970276e-02 4.326601512730121613e-03 1.820539310574531555e-02 1.530706789344549179e-02 8.765232749283313751e-03 1.008941093459725380e-03 2.209099754691123962e-02 3.925317898392677307e-02 3.052071295678615570e-02 5.304269492626190186e-02 3.532628528773784637e-03 2.168601751327514648e-02 2.082065492868423462e-02 1.711391098797321320e-02 1.248429762199521065e-03 4.247741028666496277e-02 9.168042801320552826e-03 3.063316270709037781e-02 6.956867128610610962e-02 2.907338365912437439e-02 2.240756899118423462e-02 1.562568917870521545e-02 1.885691657662391663e-03 1.986431516706943512e-02 5.449479445815086365e-02 5.201854929327964783e-02 2.121681720018386841e-02 3.610663115978240967e-02 8.901904337108135223e-03 2.913952060043811798e-02 3.530786931514739990e-02 3.433723375201225281e-02 7.398626767098903656e-03 5.842169281095266342e-03 4.512091726064682007e-02 1.194799784570932388e-03 6.728036794811487198e-03 4.287200421094894409e-02 1.569426059722900391e-02 2.016759663820266724e-02 2.550719073042273521e-03 4.292384907603263855e-02
8.082971721887588501e-02 8.469665050506591797e-02 7.646457757800817490e-03 3.713113442063331604e-02 3.648618236184120178e-02 8.445813506841659546e-02 5.046103596687316895e-01 3.353547677397727966e-02 5.042710900306701660e-02 4.520942643284797668e-02 6.984050571918487549e-02 3.827820718288421631e-02 6.982350349426269531e-02 1.099890470504760742e-02 6.443023681640625000e-03 2.388503588736057281e-02 2.347292564809322357e-02 2.829121984541416168e-02 3.271661698818206787e-02 4.581284150481224060e-02 1.437621470540761948e-02 2.245265245437622070e-02 2.777626179158687592e-02 3.304831683635711670e-02 1.700760447420179844e-03 5.927128717303276062e-03 5.207975208759307861e-02 3.488305583596229553e-02 3.202564269304275513e-02 2.237596549093723297e-02 1.428823173046112061e-02 6.257265340536832809e-03 3.631053119897842407e-02 2.854397147893905640e-02 4.624638706445693970e-03 4.631877876818180084e-03 1.799810212105512619e-03 1.986698806285858154e-02 2.322719432413578033e-03 1.437516417354345322e-02 3.637697082012891769e-03 6.531824357807636261e-03 2.196679823100566864e-02 1.148243434727191925e-02 3.975054249167442322e-02 2.056033536791801453e-02 7.094100862741470337e-02 1.038100868463516235e-01 2.275407686829566956e-02 5.179665749892592430e-04 7.359642535448074341e-03 2.013517310842871666e-03 3.516490384936332703e-02 1.630537956953048706e-02 6.555846892297267914e-03 3.752398863434791565e-02 1.106584724038839340e-02 3.142585605382919312e-02 4.850964248180389404e-02 1.355246757157146931e-03 9.366497397422790527e-03 3.377129137516021729e-02 2.269442565739154816e-02 1.545499078929424286e-02 4.322497174143791199e-02 4.166627302765846252e-02 4.134638700634241104e-03 1.087211817502975464e-02 1.863423734903335571e-02 8.561410009860992432e-03 3.759055212140083313e-02 3.636978799477219582e-03 4.338287934660911560e-02 3.136514127254486084e-02 4.195723682641983032e-02 3.612713888287544250e-02 1.653598807752132416e-02 4.931368678808212280e-02 3.730526193976402283e-02 2.205976843833923340e-02 3.796649351716041565e-02 3.681472968310117722e-03 3.970707580447196960e-02 1.930524967610836029e-02 3.059036564081907272e-03 2.416984736919403076e-02 3.276404738426208496e-02 8.394299657084047794e-04 2.408734522759914398e-02 1.789703406393527985e-02 2.268265932798385620e-02 3.213543072342872620e-02 8.361455798149108887e-02 1.030113641172647476e-02 1.088509708642959595e-02 1.682671904563903809e-02 3.965699579566717148e-03 2.894890494644641876e-03 9.554277174174785614e-03 1.790971681475639343e-02 4.729166626930236816e-02 3.341285139322280884e-02 4.353904351592063904e-02 4.160048440098762512e-02 4.085936024785041809e-02 2.029693685472011566e-02 2.585278637707233429e-02 2.200848190113902092e-03 3.655997291207313538e-02 1.486663240939378738e-02 3.354943543672561646e-02 4.376550391316413879e-02 1.454437151551246643e-02 7.873650756664574146e-04 1.556812785565853119e-02 3.206596896052360535e-02
2.429160289466381073e-02 3.176986798644065857e-02 1.956132948398590088e-01 1.372127700597047806e-02 2.102194167673587799e-02 4.034699127078056335e-02 3.353547677397727966e-02 4.865612387657165527e-01 1.689799316227436066e-02 4.567373543977737427e-02 4.099430516362190247e-02 5.763079039752483368e-03 7.981336675584316254e-03 4.004507511854171753e-02 6.845821440219879150e-02 5.385935306549072266e-03 1.551302056759595871e-02 3.129421919584274292e-02 1.805777847766876221e-02 3.994416445493698120e-02 9.424944408237934113e-03 1.235737348906695843e-03 8.041222579777240753e-03 1.083192415535449982e-02 3.751980513334274292e-02 4.631999414414167404e-03 8.267055265605449677e-03 2.120131999254226685e-02 2.396083995699882507e-02 2.760924398899078369e-04 1.480977050960063934e-02 3.260744037106633186e-03 5.113406106829643250e-02 1.669374294579029083e-02 2.294610440731048584e-02 1.715283468365669250e-02 3.289040550589561462e-02 2.521850354969501495e-02 3.036271594464778900e-02 3.003831766545772552e-02 4.577787965536117554e-02 1.744991354644298553e-02 4.207482188940048218e-02 5.621828511357307434e-02 1.623782888054847717e-02 3.491681814193725586e-02 3.251809254288673401e-02 8.080955594778060913e-03 4.897279664874076843e-02 1.364671066403388977e-02 2.168765105307102203e-02 2.740836702287197113e-02 4.885104298591613770e-02 2.698435261845588684e-02 1.421544607728719711e-02 1.541376486420631409e-02 4.107547178864479065e-02 2.007034234702587128e-02 4.538995027542114258e-02 4.182542487978935242e-02 3.395441453903913498e-03 2.412746287882328033e-02 2.826029993593692780e-02 1.552987494505941868e-03 2.333172224462032318e-02 1.264051347970962524e-02 4.505299963057041168e-03 5.610844120383262634e-03 2.775779459625482559e-03 2.369839698076248169e-02 2.971948683261871338e-02 1.684623584151268005e-02 2.921686507761478424e-02 1.518701761960983276e-02 3.322492912411689758e-02 2.202705293893814087e-02 1.089900359511375427e-02 2.374844998121261597e-02 2.597869746387004852e-02 3.457832708954811096e-02 2.047991305589675903e-01 2.060982435941696167e-01 4.929854720830917358e-02 8.089146576821804047e-03 1.439325278624892235e-04 2.213753759860992432e-03 1.030223816633224487e-01 6.059708818793296814e-02 2.259227633476257324e-02 3.439840301871299744e-02 2.683196961879730225e-02 1.779446192085742950e-02 3.787011653184890747e-02 3.883607685565948486e-02 2.692824788391590118e-02 8.822795748710632324e-02 4.561051726341247559e-02 1.719914563000202179e-02 1.464481372386217117e-02 1.765764690935611725e-02 8.956868201494216919e-03 4.155465215444564819e-02 3.809331357479095459e-02 2.812591753900051117e-02 2.359651029109954834e-03 2.174020744860172272e-02 5.394860170781612396e-03 2.762754075229167938e-02 4.184672608971595764e-02 3.608272597193717957e-02 4.396982118487358093e-02 3.457259444985538721e-04 2.433784306049346924e-02 5.190270487219095230e-03 4.341282416135072708e-03 1.770921237766742706e-02
4.294929280877113342e-02 1.540481857955455780e-02 5.093840509653091431e-02 2.587473206222057343e-02 2.845322154462337494e-02 1.708249747753143311e-02 5.042710900306701660e-02 1.689799316227436066e-02 4.956156909465789795e-01 7.089607417583465576e-02 3.096285648643970490e-02 5.791429430246353149e-02 4.024831578135490417e-02 4.144764505326747894e-03 3.772829845547676086e-02 2.548815123736858368e-02 3.194972127676010132e-02 5.591832846403121948e-02 5.634676665067672729e-02 1.946429535746574402e-02 4.739605635404586792e-02 2.846417576074600220e-02 4.411426559090614319e-02 1.649042777717113495e-02 4.206718876957893372e-02 1.137456391006708145e-02 2.609320450574159622e-03 4.633828625082969666e-02 3.526401519775390625e-02 4.895475506782531738e-02 4.643633961677551270e-02 8.561637252569198608e-03 3.159607946872711182e-02 1.189664471894502640e-02 2.022471465170383453e-02 4.925438668578863144e-03 1.666291430592536926e-02 1.067850552499294281e-02 2.969046495854854584e-02 4.002169519662857056e-02 4.031578078866004944e-02 4.619362577795982361e-02 1.046638842672109604e-02 2.495365217328071594e-02 4.773623123764991760e-02 2.977010048925876617e-02 5.349769443273544312e-02 4.647340998053550720e-02 5.481966584920883179e-02 2.205632068216800690e-02 1.390533056110143661e-02 7.717737462371587753e-03 1.468796841800212860e-02 9.191313758492469788e-03 8.393932878971099854e-02 1.036097202450037003e-02 1.831842772662639618e-02 3.721713274717330933e-02 2.668197732418775558e-03 1.783914305269718170e-02 6.292637437582015991e-02 1.396103948354721069e-02 2.550919167697429657e-02 4.151555150747299194e-02 1.804588362574577332e-02 4.668843001127243042e-02 2.701502665877342224e-02 6.009719520807266235e-02 3.894396498799324036e-02 1.940252631902694702e-02 4.826835915446281433e-02 2.539105154573917389e-02 3.509185835719108582e-02 4.615437984466552734e-02 2.399414964020252228e-02 5.771257728338241577e-02 1.289609372615814209e-01 7.529569417238235474e-02 9.356558322906494141e-02 1.973792724311351776e-02 3.054009564220905304e-02 3.034671209752559662e-02 3.921017050743103027e-02 6.337414495646953583e-03 2.682765200734138489e-02 2.245554514229297638e-02 2.492663264274597168e-02 2.884802035987377167e-02 5.914652720093727112e-02 4.322962090373039246e-02 2.007720759138464928e-03 3.330642729997634888e-02 1.775746233761310577e-02 3.309316560626029968e-02 3.606517612934112549e-02 4.034439846873283386e-02 3.117618616670370102e-03 5.228716880083084106e-03 4.964159056544303894e-02 2.725973352789878845e-02 1.994864828884601593e-02 3.694451972842216492e-02 4.156467318534851074e-02 8.295509032905101776e-03 1.256418507546186447e-02 8.493054658174514771e-03 4.750704392790794373e-02 7.680541835725307465e-03 6.533530540764331818e-03 3.061146102845668793e-02 3.536818176507949829e-02 2.656724676489830017e-02 1.414957176893949509e-02 2.763128839433193207e-03 6.037539616227149963e-02 3.396799787878990173e-02
3.139190748333930969e-02 1.752834022045135498e-02 5.816015414893627167e-03 1.509153284132480621e-02 2.081902883946895599e-02 3.337608277797698975e-02 4.520942643284797668e-02 4.567373543977737427e-02 7.089607417583465576e-02 4.940701425075531006e-01 4.798654466867446899e-03 6.189752742648124695e-02 1.123152859508991241e-02 1.653865724802017212e-02 3.894726186990737915e-02 2.579277148470282555e-03 3.394567593932151794e-02 1.977745816111564636e-02 8.221638202667236328e-02 2.533410675823688507e-02 1.920089684426784515e-02 1.239491999149322510e-02 2.141567319631576538e-02 1.484660618007183075e-02 4.500803723931312561e-02 4.534743726253509521e-02 2.163904905319213867e-02 3.697004634886980057e-03 2.363478578627109528e-02 4.936282336711883545e-02 3.117492794990539551e-02 4.436422511935234070e-02 1.769918575882911682e-02 7.808621972799301147e-03 2.433429658412933350e-02 5.655936524271965027e-02 4.185751825571060181e-02 1.982991956174373627e-02 1.918890886008739471e-02 4.561021924018859863e-02 3.246111050248146057e-02 9.122259798459708691e-04 7.574907969683408737e-03 1.569930091500282288e-02 4.074446111917495728e-02 4.217274487018585205e-02 2.590890415012836456e-02 3.828906267881393433e-02 1.512319501489400864e-02 7.302676141262054443e-02 6.306449417024850845e-03 3.012025915086269379e-02 2.696906775236129761e-02 3.004703857004642487e-02 2.461846917867660522e-02 1.040582433342933655e-01 3.116293810307979584e-02 1.419919636100530624e-02 4.624751210212707520e-02 6.598349660634994507e-02 3.738929331302642822e-02 3.246667981147766113e-02 9.730548597872257233e-03 1.707274466753005981e-02 1.784595474600791931e-02 2.445614151656627655e-02 1.037142053246498108e-02 1.660893298685550690e-02 7.706753443926572800e-03 1.413898356258869171e-02 1.608233340084552765e-02 7.975353859364986420e-03 3.345003724098205566e-02 3.120377892628312111e-03 2.640786580741405487e-03 1.772168325260281563e-03 1.710428297519683838e-02 1.240938380360603333e-01 3.523676097393035889e-02 1.821875274181365967e-01 1.674365438520908356e-02 3.876959905028343201e-02 3.715100139379501343e-02 7.473716139793395996e-02 5.059085413813591003e-02 4.101517051458358765e-02 1.503383391536772251e-03 2.006672788411378860e-03 5.391612276434898376e-02 1.015907973051071167e-01 6.876986939460039139e-03 3.260835260152816772e-02 7.292771246284246445e-03 2.559408079832792282e-03 1.816189289093017578e-02 1.670720614492893219e-02 6.817852612584829330e-03 1.098109758459031582e-03 1.389308553189039230e-02 1.531375199556350708e-02 2.893554978072643280e-02 2.519374899566173553e-02 3.981370106339454651e-02 5.959890317171812057e-03 1.118947379291057587e-02 2.372323721647262573e-02 5.066144838929176331e-02 1.684627309441566467e-02 4.687346052378416061e-03 1.951441913843154907e-02 1.997396349906921387e-02 3.147186338901519775e-02 4.226359352469444275e-02 3.845304995775222778e-02 6.689237058162689209e-02 3.259316785261034966e-03
9.996833652257919312e-02 7.761599868535995483e-02 1.763276010751724243e-02 1.421947404742240906e-02 1.591982133686542511e-02 5.010043457150459290e-02 6.984050571918487549e-02 4.099430516362190247e-02 3.096285648643970490e-02 4.798654466867446899e-03 5.007038712501525879e-01 3.759121894836425781e-02 9.343796223402023315e-02 2.194854058325290680e-02 1.606626622378826141e-02 5.688836332410573959e-03 4.382572323083877563e-02 3.128031641244888306e-02 4.370695352554321289e-02 4.760817438364028931e-02 2.798530831933021545e-02 2.386019041296094656e-04 1.640337519347667694e-02 1.790646277368068695e-02 2.640196122229099274e-02 3.612617030739784241e-02 4.638901725411415100e-02 2.487472444772720337e-02 4.581162333488464355e-02 1.636518537998199463e-02 2.562277764081954956e-02 3.616929426789283752e-02 2.195387706160545349e-02 2.653054147958755493e-02 1.961608603596687317e-02 2.787605673074722290e-02 4.143367335200309753e-02 7.947771809995174408e-03 2.417527697980403900e-02 2.494747005403041840e-02 3.600601106882095337e-02 2.108605392277240753e-02 4.735276568681001663e-03 3.566705435514450073e-02 2.102774381637573242e-02 2.119430527091026306e-02 6.083553656935691833e-02 4.760157316923141479e-02 3.565101325511932373e-02 3.594038635492324829e-02 7.880572229623794556e-03 9.161992929875850677e-03 7.942588999867439270e-03 3.513839095830917358e-02 2.847188897430896759e-02 3.350710496306419373e-02 2.762771211564540863e-02 8.310214616358280182e-03 1.485949195921421051e-02 3.434257209300994873e-02 4.277567192912101746e-02 7.029067724943161011e-03 9.129420854151248932e-03 2.355443313717842102e-02 7.084891945123672485e-02 7.832912355661392212e-02 5.868863686919212341e-02 1.879140920937061310e-02 4.889677464962005615e-02 6.434280425310134888e-03 3.389434516429901123e-02 1.671109930612146854e-04 1.425180770456790924e-02 2.605033107101917267e-02 3.137448430061340332e-02 3.374689444899559021e-02 2.724964357912540436e-02 1.350610237568616867e-02 2.481701411306858063e-02 3.087204508483409882e-02 5.049634724855422974e-02 8.984720334410667419e-03 2.261290512979030609e-02 1.522243022918701172e-02 2.011069469153881073e-02 1.054262276738882065e-02 3.293350338935852051e-02 1.145190792158246040e-03 1.063093263655900955e-02 2.763676643371582031e-02 3.027216531336307526e-02 3.431574627757072449e-02 6.297948211431503296e-02 3.632708266377449036e-02 1.531151775270700455e-02 1.180544216185808182e-02 1.803111657500267029e-02 3.680773079395294189e-02 8.394694887101650238e-03 1.595068164169788361e-02 1.945370621979236603e-02 2.088681049644947052e-02 5.774797406047582626e-03 2.472460828721523285e-02 3.785656392574310303e-02 4.703456163406372070e-02 1.122676022350788116e-02 4.371328279376029968e-02 1.529566105455160141e-02 3.808575868606567383e-02 1.505995541810989380e-02 2.066536247730255127e-02 2.374997362494468689e-02 1.701656728982925415e-02 5.167163908481597900e-03 2.358518168330192566e-02
3.077405318617820740e-02 1.428255904465913773e-02 9.845936670899391174e-03 4.586425051093101501e-02 2.884406596422195435e-02 1.292002480477094650e-02 3.827820718288421631e-02 5.763079039752483368e-03 5.791429430246353149e-02 6.189752742648124695e-02 3.759121894836425781e-02 4.849579930305480957e-01 3.334455192089080811e-02 1.247463449835777283e-01 3.245512023568153381e-02 2.500385977327823639e-02 1.930824480950832367e-02 3.456439077854156494e-02 9.127124398946762085e-02 1.075245905667543411e-03 2.046022377908229828e-02 9.114321321249008179e-03 4.907869547605514526e-02 2.133441716432571411e-02 8.348939940333366394e-03 4.742787219583988190e-03 5.486339796334505081e-03 3.694768995046615601e-03 1.632168143987655640e-02 2.527726814150810242e-02 1.751463860273361206e-02 5.564774572849273682e-02 2.953720465302467346e-02 2.342796698212623596e-02 5.330449715256690979e-02 5.435845255851745605e-02 2.838922850787639618e-02 3.246778994798660278e-02 3.996995091438293457e-02 3.911709412932395935e-02 5.900633550481870770e-05 1.447892189025878906e-02 9.577854536473751068e-03 2.798907458782196045e-02 7.174097746610641479e-02 1.211052574217319489e-02 1.313705742359161377e-02 5.006005242466926575e-02 7.490566466003656387e-03 2.937331050634384155e-02 2.285564877092838287e-02 1.580231450498104095e-02 1.138425990939140320e-02 2.720923512242734432e-04 1.028841268271207809e-02 1.282805390655994415e-02 3.740862384438514709e-02 4.876145720481872559e-02 3.694404661655426025e-02 4.503307119011878967e-02 1.609656400978565216e-02 1.293696928769350052e-02 2.463872544467449188e-03 2.549395710229873657e-02 1.550297718495130539e-02 1.794482581317424774e-02 1.542981714010238647e-02 6.228228099644184113e-03 3.617455810308456421e-02 3.091584891080856323e-03 3.245116025209426880e-02 4.760349541902542114e-02 1.593686081469058990e-02 5.697768554091453552e-02 4.678402841091156006e-02 4.690316319465637207e-02 5.703314393758773804e-02 3.087708726525306702e-03 6.191644351929426193e-03 3.622407838702201843e-02 1.292469259351491928e-02 2.338141947984695435e-02 2.497848309576511383e-02 2.163916453719139099e-02 5.335155501961708069e-02 3.204770758748054504e-02 1.609589904546737671e-02 2.243817411363124847e-02 4.118729010224342346e-02 3.089730627834796906e-02 3.418574109673500061e-02 6.694882363080978394e-02 1.009206473827362061e-02 2.952842414379119873e-02 4.130608215928077698e-02 4.378519207239151001e-02 4.905951768159866333e-02 1.204880233854055405e-02 2.739018294960260391e-03 9.135007858276367188e-03 2.734351903200149536e-03 2.002374455332756042e-02 3.213970363140106201e-02 3.856391459703445435e-02 4.243627190589904785e-02 4.190468788146972656e-02 1.748741790652275085e-02 2.318057231605052948e-02 8.538058958947658539e-03 1.487844623625278473e-02 2.222695387899875641e-02 3.821814805269241333e-02 1.512477360665798187e-02 7.753259502351284027e-03 5.390419065952301025e-02 1.940980367362499237e-02
8.391289412975311279e-02 7.439693063497543335e-02 2.688052877783775330e-02 1.515429932624101639e-02 1.893207430839538574e-02 4.696360230445861816e-02 6.982350349426269531e-02 7.981336675584316254e-03 4.024831578135490417e-02 1.123152859508991241e-02 9.343796223402023315e-02 3.334455192089080811e-02 5.110816955566406250e-01 1.731156930327415466e-02 3.509920090436935425e-02 3.938494622707366943e-02 4.665479063987731934e-02 1.872625760734081268e-02 2.855011820793151855e-02 1.148709934204816818e-02 9.079773910343647003e-03 3.825639560818672180e-02 4.327153787016868591e-03 4.311467055231332779e-03 2.259896136820316315e-02 4.531011730432510376e-02 5.107445176690816879e-03 3.179892897605895996e-02 1.816957816481590271e-02 6.834061816334724426e-03 4.108975455164909363e-02 5.034870468080043793e-03 5.139275640249252319e-02 4.413786530494689941e-02 1.722662709653377533e-02 3.470384329557418823e-02 4.581575840711593628e-02 1.417967677116394043e-02 2.111105993390083313e-02 1.841256022453308105e-02 4.359298944473266602e-02 1.561430934816598892e-02 5.569008644670248032e-03 1.376206427812576294e-02 9.511755779385566711e-03 4.918006248772144318e-03 5.638476088643074036e-02 8.356119692325592041e-02 1.706176204606890678e-03 8.334847167134284973e-03 1.354637648910284042e-02 2.745560929179191589e-02 4.178488627076148987e-02 1.893160119652748108e-02 1.489293389022350311e-02 1.297660637646913528e-02 4.996402561664581299e-02 4.877496510744094849e-03 2.910126699134707451e-03 3.325109928846359253e-02 1.325232814997434616e-02 5.310326442122459412e-02 8.031181059777736664e-03 2.273173257708549500e-02 6.392958760261535645e-02 6.227746233344078064e-02 2.893831580877304077e-02 1.241244282573461533e-02 1.388060767203569412e-02 1.308929990045726299e-03 3.349106013774871826e-02 1.250840071588754654e-02 2.324995398521423340e-02 3.817059099674224854e-02 1.701427251100540161e-02 9.983292547985911369e-04 2.174258977174758911e-02 2.063809335231781006e-02 2.381169982254505157e-02 4.603076726198196411e-02 4.095363989472389221e-02 4.866444319486618042e-02 5.089797079563140869e-02 3.723877668380737305e-02 1.680076308548450470e-02 1.676449552178382874e-02 1.382271572947502136e-02 2.797659114003181458e-02 1.297417003661394119e-02 3.029707632958889008e-02 4.970647394657135010e-02 4.461247101426124573e-02 6.491597741842269897e-02 2.777677401900291443e-02 6.684685649815946817e-05 2.835638076066970825e-02 2.974115498363971710e-02 5.183776374906301498e-03 3.800120577216148376e-02 2.265507169067859650e-02 4.655624553561210632e-02 4.821124300360679626e-02 1.980529353022575378e-02 2.818869799375534058e-02 3.405280178412795067e-03 2.578364685177803040e-02 3.249257057905197144e-02 2.626147866249084473e-02 3.841137513518333435e-02 1.691750809550285339e-02 3.254918009042739868e-02 2.873101644217967987e-02 2.033475553616881371e-03 1.002867938950657845e-03 1.658865623176097870e-02 4.298363346606492996e-03
