4.873479604721069336e-01 1.333399116992950439e-01 3.340099006891250610e-02 1.378267817199230194e-02 4.324074368923902512e-03 1.627594381570816040e-01 1.221940368413925171e-01 2.493382245302200317e-02 2.643016399815678596e-03 3.072292730212211609e-02 1.087060719728469849e-01 2.398006431758403778e-02 7.440045475959777832e-02 3.988867625594139099e-02 4.297747090458869934e-02 4.908789321780204773e-02 4.086858406662940979e-02 1.321444008499383926e-02 1.811739429831504822e-02 3.137917071580886841e-02 3.407576354220509529e-03 1.366784982383251190e-02 9.036236442625522614e-03 1.043372042477130890e-02 3.210929455235600471e-03 5.501027218997478485e-03 2.477511018514633179e-02 1.995335333049297333e-02 1.137304212898015976e-02 1.347550889477133751e-03 5.002965778112411499e-02 2.598512917757034302e-02 9.616140276193618774e-03 3.038829006254673004e-02 4.603280685842037201e-03 2.278838306665420532e-02 2.849567867815494537e-02 1.605412177741527557e-02 1.427722512744367123e-03 3.878241404891014099e-02 4.315046221017837524e-02 4.160239547491073608e-02 2.364847064018249512e-02 7.638026494532823563e-03 2.354708127677440643e-02 3.600603342056274414e-02 3.986351937055587769e-02 6.059747561812400818e-02 3.568632900714874268e-02 1.383129041641950607e-02 6.915281992405653000e-03 3.512067347764968872e-02 5.434161983430385590e-03 9.017483680509030819e-04 3.171892464160919189e-02 1.072151772677898407e-02 4.748985171318054199e-02 2.457066811621189117e-02 4.695166274905204773e-02 1.373017951846122742e-02 1.290219277143478394e-02 1.170442719012498856e-02 3.884070366621017456e-02 3.494346141815185547e-02 5.814110115170478821e-02 2.651080116629600525e-02 4.492459702305495739e-04 1.183120720088481903e-02 1.214321120642125607e-03 1.154804253019392490e-03 7.252586539834737778e-03 1.095115765929222107e-02 2.023622021079063416e-02 1.427793875336647034e-02 6.038361229002475739e-03 2.844233252108097076e-02 4.558430612087249756e-02 1.765562593936920166e-02 2.281328104436397552e-02 2.268248051404953003e-02 7.393566891551017761e-03 1.168841402977705002e-02 4.372931551188230515e-03 4.653812944889068604e-02 5.455586686730384827e-02 5.105046555399894714e-02 2.725205756723880768e-02 9.336245246231555939e-03 2.542559616267681122e-02 2.250171639025211334e-02 2.826696261763572693e-02 4.961217567324638367e-02 6.986343301832675934e-03 2.438440732657909393e-02 3.016249276697635651e-02 7.265083491802215576e-03 2.748773619532585144e-02 1.604690589010715485e-02 1.601408235728740692e-02 1.853892207145690918e-02 1.608852855861186981e-02 1.610896736383438110e-02 3.358552977442741394e-02 3.407727926969528198e-02 3.849342092871665955e-02 4.294173046946525574e-02 1.669786311686038971e-02 8.224821649491786957e-03 5.160214751958847046e-02 1.867679692804813385e-02 3.563840687274932861e-02 2.027238905429840088e-02 2.530459128320217133e-02 2.813338860869407654e-02 1.476036617532372475e-03 2.482501417398452759e-02
1.333399116992950439e-01 4.952278137207031250e-01 1.687700860202312469e-02 3.874652460217475891e-02 2.268317341804504395e-02 1.357951760292053223e-01 1.521598249673843384e-01 6.382135674357414246e-03 3.163252398371696472e-02 2.140595170203596354e-04 1.058490425348281860e-01 2.924466319382190704e-02 9.651120007038116455e-02 3.058216907083988190e-02 5.004259571433067322e-02 4.338610172271728516e-02 2.758258208632469177e-02 2.305155992507934570e-02 2.652724832296371460e-02 1.400730200111865997e-02 1.993129262700676918e-03 2.052179165184497833e-02 9.700359078124165535e-04 2.030188776552677155e-02 7.659341208636760712e-03 1.112514454871416092e-02 7.805025670677423477e-03 1.914881542325019836e-02 1.521661318838596344e-02 2.555575408041477203e-02 2.399494173005223274e-03 2.777891047298908234e-02 4.343258216977119446e-03 3.151571750640869141e-02 2.077858336269855499e-02 2.218826673924922943e-02 4.457361623644828796e-02 6.405530963093042374e-03 1.056830864399671555e-02 1.388860959559679031e-02 4.584900289773941040e-02 6.288194563239812851e-03 3.207815438508987427e-02 3.143933042883872986e-02 2.786851953715085983e-03 3.055882453918457031e-02 6.944251805543899536e-02 8.422547578811645508e-02 5.137754138559103012e-03 4.773267731070518494e-02 2.134168520569801331e-02 4.760724678635597229e-02 6.211451720446348190e-03 2.642393857240676880e-02 3.118349937722086906e-03 2.578373998403549194e-02 2.848887257277965546e-02 3.617104841396212578e-03 4.534318298101425171e-02 1.705644279718399048e-02 1.720775663852691650e-02 3.955295775085687637e-03 3.263113275170326233e-02 2.868491783738136292e-02 5.290385708212852478e-02 8.589148521423339844e-03 1.444065128453075886e-04 1.075844559818506241e-02 1.014322042465209961e-02 1.865192549303174019e-03 2.843440510332584381e-02 2.342045865952968597e-02 8.243552409112453461e-03 1.086340285837650299e-02 8.187940344214439392e-03 3.289899975061416626e-02 3.151252120733261108e-02 3.749983385205268860e-02 9.544140659272670746e-03 4.459742829203605652e-02 1.837538927793502808e-02 7.800995837897062302e-03 3.310347208753228188e-03 5.650229752063751221e-03 5.350490659475326538e-02 2.920487895607948303e-02 2.329644747078418732e-02 9.886410553008317947e-04 2.999926172196865082e-02 3.111957572400569916e-02 2.382737584412097931e-02 4.878568276762962341e-02 2.229584939777851105e-02 2.110428549349308014e-02 2.241114387288689613e-03 1.647852733731269836e-02 2.511379681527614594e-02 8.070372045040130615e-03 5.528593901544809341e-03 2.078936994075775146e-02 2.295319549739360809e-02 1.332356594502925873e-02 2.057457715272903442e-02 4.182697087526321411e-02 3.816729038953781128e-02 2.450967207551002502e-02 1.193159259855747223e-02 1.836015656590461731e-02 5.426066741347312927e-02 1.503091212362051010e-02 3.490821644663810730e-02 1.686617545783519745e-02 3.421607613563537598e-02 4.520890861749649048e-02 1.151270931586623192e-03 4.486746713519096375e-02
3.340099006891250610e-02 1.687700860202312469e-02 4.584051072597503662e-01 4.132334887981414795e-02 1.797698996961116791e-02 3.648502379655838013e-02 9.942067787051200867e-03 1.541290730237960815e-01 2.212794730439782143e-03 3.138324944302439690e-03 2.524942159652709961e-02 1.672252267599105835e-02 4.636995866894721985e-02 1.036122720688581467e-02 3.927540779113769531e-02 2.644401602447032928e-02 1.738592423498630524e-02 3.170366585254669189e-02 1.381513662636280060e-02 2.629543654620647430e-02 8.052133023738861084e-03 1.059434097260236740e-02 2.452553622424602509e-02 4.156879708170890808e-02 6.026910152286291122e-03 1.685920171439647675e-02 8.822862058877944946e-03 3.998761251568794250e-02 2.749010547995567322e-02 8.273106068372726440e-03 8.645407855510711670e-03 2.026254683732986450e-02 6.321617402136325836e-03 1.776187913492321968e-03 1.254319120198488235e-02 4.742907732725143433e-02 3.587155416607856750e-02 4.654902592301368713e-02 2.161331847310066223e-02 4.113957285881042480e-02 3.259375318884849548e-02 1.041881926357746124e-02 2.077838964760303497e-02 6.801078468561172485e-02 2.699430100619792938e-02 2.048364840447902679e-02 1.773246005177497864e-02 1.687810383737087250e-02 7.403446733951568604e-02 5.443679913878440857e-02 4.094408825039863586e-02 3.805026039481163025e-02 2.195627056062221527e-02 3.460234776139259338e-02 3.929498419165611267e-02 2.389370836317539215e-02 2.515670098364353180e-02 2.941416949033737183e-02 1.297554746270179749e-02 4.349408671259880066e-02 2.657849108800292015e-03 1.071535516530275345e-02 1.942477189004421234e-02 3.896007686853408813e-02 1.520860847085714340e-02 1.639087684452533722e-02 4.828545823693275452e-02 3.800050914287567139e-02 2.248279377818107605e-02 2.882936410605907440e-02 2.239037118852138519e-02 4.080095514655113220e-02 3.983436524868011475e-02 4.240646213293075562e-02 2.959457924589514732e-03 9.523126296699047089e-03 2.083099074661731720e-02 2.457369863986968994e-02 6.776697700843214989e-04 2.608126960694789886e-02 2.091846913099288940e-01 4.124513268470764160e-02 9.941404685378074646e-03 1.352441613562405109e-03 3.455906733870506287e-02 9.566153748892247677e-04 1.584822125732898712e-02 1.081178523600101471e-02 2.295709215104579926e-02 1.345702912658452988e-02 4.461214318871498108e-02 3.259630873799324036e-02 1.323654968291521072e-02 4.044887144118547440e-03 6.153411231935024261e-03 4.931275546550750732e-02 2.487982437014579773e-02 3.222763305529952049e-03 1.786324009299278259e-02 2.344918251037597656e-02 3.397414088249206543e-02 8.988575078547000885e-03 3.404679894447326660e-02 2.288381755352020264e-02 5.739618092775344849e-03 6.338148377835750580e-03 5.314624286256730556e-04 1.620374806225299835e-02 2.728507295250892639e-02 8.151530055329203606e-04 9.256276302039623260e-03 5.216633901000022888e-02 6.351162213832139969e-03 3.621172159910202026e-02 3.371031209826469421e-02 1.652406156063079834e-02
1.378267817199230194e-02 3.874652460217475891e-02 4.132334887981414795e-02 4.886710941791534424e-01 1.273596286773681641e-01 3.728199377655982971e-02 3.528975322842597961e-02 3.817219659686088562e-02 9.363129734992980957e-03 4.257010668516159058e-02 3.695281920954585075e-03 9.990602266043424606e-04 9.676285088062286377e-03 2.239530161023139954e-02 3.675550222396850586e-02 2.935671061277389526e-02 5.254140123724937439e-02 6.723209470510482788e-02 5.770525895059108734e-03 1.694574952125549316e-02 2.481480501592159271e-02 3.638899326324462891e-02 2.778768353164196014e-02 2.233279868960380554e-02 6.099297106266021729e-02 5.060768872499465942e-02 1.524409092962741852e-02 5.121418833732604980e-02 3.355789184570312500e-02 2.355088107287883759e-02 2.582246251404285431e-02 5.305127054452896118e-02 6.249309331178665161e-02 5.391014739871025085e-02 7.142044603824615479e-02 5.555149167776107788e-02 2.783429436385631561e-02 4.097018018364906311e-02 3.481293469667434692e-02 4.929422214627265930e-02 3.996228799223899841e-02 1.996366679668426514e-02 1.970903575420379639e-02 5.336706992238759995e-03 5.357853695750236511e-02 4.827808216214179993e-02 8.763013407588005066e-03 1.763420924544334412e-02 4.253843054175376892e-02 1.026656851172447205e-02 2.478954941034317017e-02 4.998640343546867371e-02 3.362771589308977127e-03 1.040908601135015488e-02 2.330828830599784851e-02 4.184751957654953003e-02 3.145143017172813416e-02 4.737604781985282898e-02 4.835068061947822571e-02 1.259319297969341278e-02 5.554690584540367126e-02 7.630895823240280151e-02 5.575085058808326721e-02 4.561104252934455872e-02 3.683934686705470085e-03 5.616094451397657394e-03 2.080340869724750519e-02 5.127638578414916992e-02 6.904259324073791504e-03 4.212715104222297668e-02 2.417052350938320160e-02 4.705942049622535706e-02 7.861393690109252930e-02 4.963235557079315186e-02 4.595837742090225220e-02 9.399734553880989552e-04 3.859549015760421753e-02 1.004888303577899933e-02 2.321634441614151001e-02 3.169485926628112793e-02 4.731555283069610596e-02 1.657949015498161316e-02 8.882185816764831543e-02 9.049274027347564697e-03 6.558062043040990829e-03 1.485520601272583008e-02 1.891851425170898438e-02 3.960732743144035339e-02 1.247615274041891098e-02 3.641490638256072998e-02 6.714035291224718094e-03 1.334527600556612015e-02 1.516819745302200317e-02 9.323206730186939240e-03 2.121461182832717896e-02 5.087974667549133301e-02 3.747164458036422729e-02 2.287154644727706909e-02 4.421266727149486542e-03 1.141960732638835907e-02 5.053026974201202393e-02 5.880851671099662781e-02 2.538685919716954231e-03 2.058450318872928619e-02 5.944349803030490875e-03 2.645812556147575378e-02 4.488629847764968872e-02 1.970944926142692566e-02 1.552148908376693726e-02 1.062909793108701706e-02 7.217725738883018494e-03 3.265334665775299072e-02 4.487394541501998901e-02 1.730098761618137360e-02 4.154218733310699463e-02 7.098335307091474533e-03
4.324074368923902512e-03 2.268317341804504395e-02 1.797698996961116791e-02 1.273596286773681641e-01 4.781046211719512939e-01 2.938992157578468323e-02 3.047026135027408600e-02 2.148579433560371399e-02 1.441331952810287476e-02 3.058712743222713470e-02 2.521480200812220573e-03 4.372352361679077148e-02 3.293766453862190247e-02 2.340128272771835327e-02 4.307164624333381653e-02 4.975556209683418274e-02 4.965241625905036926e-02 1.892018504440784454e-02 1.451285835355520248e-02 1.347259897738695145e-02 9.129405952990055084e-03 1.510588638484477997e-02 1.413666550070047379e-02 2.389637939631938934e-02 3.849513083696365356e-02 1.201287377625703812e-02 2.365905046463012695e-02 4.540349822491407394e-03 4.514937102794647217e-02 1.085836719721555710e-02 2.339207567274570465e-02 4.887975007295608521e-02 2.575197443366050720e-02 5.354194901883602142e-03 2.604129910469055176e-02 3.623041091486811638e-03 2.537168189883232117e-02 1.146637741476297379e-02 1.145694404840469360e-01 1.293784826993942261e-01 1.852058991789817810e-02 5.007990449666976929e-02 3.736635297536849976e-02 2.922471798956394196e-02 2.745972387492656708e-02 4.590792953968048096e-02 6.521939486265182495e-02 2.383723855018615723e-02 1.304956804960966110e-02 1.850225962698459625e-02 2.491487003862857819e-02 4.535765200853347778e-02 5.426612868905067444e-02 2.034136094152927399e-02 1.539986580610275269e-02 1.173228491097688675e-02 5.119011178612709045e-02 4.529014974832534790e-02 1.326776668429374695e-02 1.928198337554931641e-02 3.599627315998077393e-02 7.675951812416315079e-03 3.296124190092086792e-02 1.523563079535961151e-02 2.593929506838321686e-02 2.321608178317546844e-02 1.888834126293659210e-02 7.761102635413408279e-03 2.879947237670421600e-02 4.072212800383567810e-02 2.702568285167217255e-02 4.009113088250160217e-02 2.420862577855587006e-02 4.133794456720352173e-02 7.821000367403030396e-02 4.860923159867525101e-03 4.745281860232353210e-02 3.513075038790702820e-02 4.446135461330413818e-02 4.105594381690025330e-02 6.744259037077426910e-03 2.472516335546970367e-02 4.488588497042655945e-02 1.830252110958099365e-01 1.373231317847967148e-02 1.703686825931072235e-02 6.344329565763473511e-03 2.409052662551403046e-02 4.290424287319183350e-03 3.354451851919293404e-03 2.695064619183540344e-02 3.498006612062454224e-02 4.357359930872917175e-02 8.872914128005504608e-03 4.836316406726837158e-02 3.392887860536575317e-02 8.082052692770957947e-03 3.544569388031959534e-02 1.099591422826051712e-02 2.535355463624000549e-02 4.031205177307128906e-02 1.451244228519499302e-03 1.106803584843873978e-02 3.667963296175003052e-02 1.651819609105587006e-02 1.187683641910552979e-02 5.182286351919174194e-02 4.383751377463340759e-02 2.048324793577194214e-02 9.574115276336669922e-03 3.186976909637451172e-02 7.087940815836191177e-03 3.899418190121650696e-02 2.958512492477893829e-02 1.209581363946199417e-02 2.675133757293224335e-02
1.627594381570816040e-01 1.357951760292053223e-01 3.648502379655838013e-02 3.728199377655982971e-02 2.938992157578468323e-02 4.881729483604431152e-01 2.107380926609039307e-01 3.183314949274063110e-02 1.142015587538480759e-02 4.189122095704078674e-02 1.073248833417892456e-01 2.353459596633911133e-02 6.234132125973701477e-02 5.487857013940811157e-02 1.935738697648048401e-02 5.329637601971626282e-02 2.809214964509010315e-02 1.707382127642631531e-02 4.532604012638330460e-03 1.222198014147579670e-03 9.449487552046775818e-03 1.264461688697338104e-02 3.995663952082395554e-03 5.782499210909008980e-04 3.710808698087930679e-03 1.429167762398719788e-02 7.782651111483573914e-03 3.466596454381942749e-02 4.757647961378097534e-02 4.622621089220046997e-02 4.038362950086593628e-02 3.329555317759513855e-02 5.263314396142959595e-02 4.554992914199829102e-02 2.663607150316238403e-02 3.591735288500785828e-02 2.313108928501605988e-02 1.257319096475839615e-02 2.031380077823996544e-03 3.144229948520660400e-02 2.161146327853202820e-02 2.523094229400157928e-02 2.019101567566394806e-02 7.742193993180990219e-03 1.388108171522617340e-02 2.854992263019084930e-02 1.180601641535758972e-01 7.334481179714202881e-02 2.514392510056495667e-02 1.206110138446092606e-02 3.183816373348236084e-02 4.670176655054092407e-02 3.934988006949424744e-02 1.854643039405345917e-02 2.599223516881465912e-02 2.223872765898704529e-02 1.175231809611432254e-04 1.671945303678512573e-02 4.670870676636695862e-02 4.347342625260353088e-02 5.220182985067367554e-02 6.872021127492189407e-03 3.264935314655303955e-02 9.184938855469226837e-03 3.152862656861543655e-03 4.804339259862899780e-02 5.089412257075309753e-02 2.147093042731285095e-02 4.110708832740783691e-02 1.124707330018281937e-02 3.052089735865592957e-02 3.503268212080001831e-02 8.553338120691478252e-04 4.342289268970489502e-02 3.504114598035812378e-02 4.298640787601470947e-02 2.963274344801902771e-02 3.989820182323455811e-02 7.942290045320987701e-03 1.189570035785436630e-02 2.993182092905044556e-02 1.262985728681087494e-02 8.172901580110192299e-04 4.556705709546804428e-03 3.908170387148857117e-02 2.612216584384441376e-02 2.982171485200524330e-03 2.092438377439975739e-02 3.975582495331764221e-02 2.522555179893970490e-03 1.825320417992770672e-03 2.576066553592681885e-02 1.860975660383701324e-02 2.818810194730758667e-02 1.760115474462509155e-02 3.829135000705718994e-02 2.346358075737953186e-02 1.424671057611703873e-02 1.913272216916084290e-02 7.903330028057098389e-03 1.885657384991645813e-02 2.226368524134159088e-02 1.540147420018911362e-02 1.717931777238845825e-02 2.368455380201339722e-02 2.933729253709316254e-02 3.426073864102363586e-02 6.237521395087242126e-02 3.661479800939559937e-02 1.155298436060547829e-03 3.485192358493804932e-02 1.015199162065982819e-02 5.432423204183578491e-03 5.221981927752494812e-02 3.380497451871633530e-03 1.346816588193178177e-02
1.221940368413925171e-01 1.521598249673843384e-01 9.942067787051200867e-03 3.528975322842597961e-02 3.047026135027408600e-02 2.107380926609039307e-01 4.975500404834747314e-01 2.133406512439250946e-02 2.290611714124679565e-02 4.122017696499824524e-02 9.394180029630661011e-02 9.647656232118606567e-03 7.173391431570053101e-02 2.452966570854187012e-02 1.508571673184633255e-02 3.862554579973220825e-02 2.393619716167449951e-02 1.861842907965183258e-02 1.595784351229667664e-02 4.247439280152320862e-02 2.130638249218463898e-02 3.478263318538665771e-02 1.191989611834287643e-02 1.872239983640611172e-03 2.409509569406509399e-02 8.222355507314205170e-03 4.005981981754302979e-02 3.775360807776451111e-02 3.799806162714958191e-02 4.072533175349235535e-02 2.089582383632659912e-02 7.107051089406013489e-03 3.918484225869178772e-02 5.210936069488525391e-02 1.034881174564361572e-02 3.541971370577812195e-02 2.921608276665210724e-02 1.081393379718065262e-02 1.485637482255697250e-02 1.629253663122653961e-02 3.138608485460281372e-02 2.508274279534816742e-03 4.106629639863967896e-02 2.719806507229804993e-02 3.207231685519218445e-02 1.249146834015846252e-02 1.615079790353775024e-01 1.397137194871902466e-01 2.053694613277912140e-02 2.660539001226425171e-02 4.996360838413238525e-02 2.922371588647365570e-02 6.214407086372375488e-02 6.505781318992376328e-03 6.943230982869863510e-03 3.538647294044494629e-02 2.872283512260764837e-04 1.286217104643583298e-02 1.852535456418991089e-02 4.588752612471580505e-02 2.983492612838745117e-02 2.410756796598434448e-02 4.432357475161552429e-02 1.898450404405593872e-02 1.052758470177650452e-02 4.811225831508636475e-02 2.728987485170364380e-03 3.485168563202023506e-03 5.101284477859735489e-03 3.513870760798454285e-02 2.750734426081180573e-02 2.240721322596073151e-02 4.007935896515846252e-02 9.738245978951454163e-03 3.072397597134113312e-02 2.908480539917945862e-02 3.805005922913551331e-02 1.801288127899169922e-02 3.088192269206047058e-02 4.481957107782363892e-02 2.737197838723659515e-02 2.663535252213478088e-02 1.692031882703304291e-02 1.863575354218482971e-02 2.169120498001575470e-02 5.103142932057380676e-02 8.918107050703838468e-05 2.585800923407077789e-02 4.040795192122459412e-02 4.724388942122459412e-03 3.122868947684764862e-02 4.510221257805824280e-02 3.660487011075019836e-02 5.688144639134407043e-02 4.367695655673742294e-03 2.721141837537288666e-02 3.000545687973499298e-02 1.903859339654445648e-02 6.044212728738784790e-03 2.461510896682739258e-02 2.569472789764404297e-02 7.221397012472152710e-03 3.064768575131893158e-02 3.607315942645072937e-02 2.018805034458637238e-02 3.944432362914085388e-02 1.245220843702554703e-02 7.905387133359909058e-02 8.316575549542903900e-03 2.403444424271583557e-02 1.726760342717170715e-02 6.834742147475481033e-03 3.595610707998275757e-02 3.165634348988533020e-02 1.306379027664661407e-02 1.916043087840080261e-02
2.493382245302200317e-02 6.382135674357414246e-03 1.541290730237960815e-01 3.817219659686088562e-02 2.148579433560371399e-02 3.183314949274063110e-02 2.133406512439250946e-02 4.807288050651550293e-01 1.954779960215091705e-02 2.270701155066490173e-02 1.233773864805698395e-02 2.515837259124964476e-04 7.927946746349334717e-03 1.935234293341636658e-02 9.392292052507400513e-02 2.974018827080726624e-02 3.308355063199996948e-02 6.276775151491165161e-03 3.767384588718414307e-02 1.002090610563755035e-02 4.072697833180427551e-02 7.966001518070697784e-03 5.374476895667612553e-04 1.283211819827556610e-02 3.460663557052612305e-02 2.368637733161449432e-02 1.342297997325658798e-02 6.022009626030921936e-02 3.720816597342491150e-02 3.307957574725151062e-02 1.058156136423349380e-02 3.591094911098480225e-02 6.135320290923118591e-03 3.246990218758583069e-02 4.777611419558525085e-02 2.619950659573078156e-02 2.717676572501659393e-02 3.709445148706436157e-02 4.562238696962594986e-03 9.908043779432773590e-03 2.820345386862754822e-02 3.625389561057090759e-02 3.251805901527404785e-02 2.960857562720775604e-02 2.315249480307102203e-02 2.741200383752584457e-03 7.055156864225864410e-03 3.809119015932083130e-02 2.282310649752616882e-02 1.522213686257600784e-02 1.703451573848724365e-02 1.062142662703990936e-03 7.194204628467559814e-02 2.192054875195026398e-03 1.007247716188430786e-02 9.354798123240470886e-03 5.379095673561096191e-02 2.354347333312034607e-02 4.861531779170036316e-02 6.743932608515024185e-03 2.240882255136966705e-02 2.875647880136966705e-02 2.847307361662387848e-02 4.057348240166902542e-03 2.958245389163494110e-02 3.691514208912849426e-02 1.697636395692825317e-02 2.797547355294227600e-02 2.348966524004936218e-02 2.261468209326267242e-02 4.906292539089918137e-03 3.905491530895233154e-02 3.659502044320106506e-02 4.443634673953056335e-02 3.014631336554884911e-03 3.962685354053974152e-03 1.752313598990440369e-02 4.020096734166145325e-02 4.303843155503273010e-02 2.595956064760684967e-02 2.005881965160369873e-01 1.345838904380798340e-01 1.471369341015815735e-02 3.536661341786384583e-02 7.538741920143365860e-03 3.631620854139328003e-02 1.558302938938140869e-01 5.185992270708084106e-02 2.023099362850189209e-02 2.649090066552162170e-02 1.240986119955778122e-02 4.089460894465446472e-02 3.667846322059631348e-02 3.091434203088283539e-02 2.356950007379055023e-02 2.369599603116512299e-02 8.228702843189239502e-02 1.186083164066076279e-02 2.051602117717266083e-02 2.627491019666194916e-03 2.375238016247749329e-02 1.601029001176357269e-02 3.033870086073875427e-02 1.982044056057929993e-02 7.423277199268341064e-02 4.206318035721778870e-02 1.840763539075851440e-02 2.251880615949630737e-02 3.436595946550369263e-02 1.803198829293251038e-02 3.706217557191848755e-02 2.030490152537822723e-02 3.095101937651634216e-02 4.797684960067272186e-03 1.269240677356719971e-02 1.125034037977457047e-02
2.643016399815678596e-03 3.163252398371696472e-02 2.212794730439782143e-03 9.363129734992980957e-03 1.441331952810287476e-02 1.142015587538480759e-02 2.290611714124679565e-02 1.954779960215091705e-02 4.682908952236175537e-01 9.272827208042144775e-02 3.145785257220268250e-02 4.078081995248794556e-02 4.594995453953742981e-02 3.967617824673652649e-02 1.829185336828231812e-02 8.669188246130943298e-03 1.103461813181638718e-02 5.500872805714607239e-02 3.688009455800056458e-03 1.643347740173339844e-02 2.184575609862804413e-02 1.197483739815652370e-03 3.860957548022270203e-02 5.331562459468841553e-02 6.330486387014389038e-03 4.142895340919494629e-02 4.147076606750488281e-02 2.150571439415216446e-03 4.550682008266448975e-02 1.886462233960628510e-02 3.734909370541572571e-02 4.784441739320755005e-02 1.737907156348228455e-02 4.529950395226478577e-02 4.445468261837959290e-02 4.706190153956413269e-02 4.455766826868057251e-02 2.478824928402900696e-03 5.094141699373722076e-03 2.266929857432842255e-02 2.556576579809188843e-02 5.722454190254211426e-02 9.058195166289806366e-03 1.267212629318237305e-02 3.831122070550918579e-02 3.419645875692367554e-02 1.382453925907611847e-02 3.048112057149410248e-02 3.502887487411499023e-02 1.140599884092807770e-02 1.093308161944150925e-02 3.677413240075111389e-02 1.064482890069484711e-02 2.967891842126846313e-02 1.231214851140975952e-01 3.010657429695129395e-02 1.930395886301994324e-02 7.468838989734649658e-02 4.212429746985435486e-02 8.253829553723335266e-03 2.893971512094140053e-03 2.801653370261192322e-02 5.052200867794454098e-04 2.115810289978981018e-02 5.214430391788482666e-02 1.152717322111129761e-02 8.689294569194316864e-03 3.769549354910850525e-02 7.807497680187225342e-02 2.225461229681968689e-02 3.612015023827552795e-02 3.713866171892732382e-04 3.569637984037399292e-02 1.982229202985763550e-02 2.661641687154769897e-02 3.746713697910308838e-02 2.190641760826110840e-01 1.168130263686180115e-01 4.595670849084854126e-02 1.587328035384416580e-03 2.249118871986865997e-02 4.182245582342147827e-03 2.882032841444015503e-02 3.387401625514030457e-02 4.645194392651319504e-03 1.580409705638885498e-02 3.518070559948682785e-03 2.595391497015953064e-02 1.388402432203292847e-01 6.483582407236099243e-02 2.377922413870692253e-03 5.198729690164327621e-03 2.695856802165508270e-02 7.650563959032297134e-03 2.786346152424812317e-02 7.219074759632349014e-03 3.543610498309135437e-02 2.366956323385238647e-02 1.928271166980266571e-02 6.554504856467247009e-03 4.656100273132324219e-02 2.914530411362648010e-02 2.160199359059333801e-02 3.699253499507904053e-02 1.698832586407661438e-02 3.693356364965438843e-02 1.064681634306907654e-02 2.741025201976299286e-02 2.758773230016231537e-02 1.255802717059850693e-02 2.852519042789936066e-02 3.742844983935356140e-02 5.659495014697313309e-03 1.363752596080303192e-02 3.295279806479811668e-03 4.560857266187667847e-02
3.072292730212211609e-02 2.140595170203596354e-04 3.138324944302439690e-03 4.257010668516159058e-02 3.058712743222713470e-02 4.189122095704078674e-02 4.122017696499824524e-02 2.270701155066490173e-02 9.272827208042144775e-02 4.844501614570617676e-01 3.671196103096008301e-02 6.494035013020038605e-03 1.720137894153594971e-02 2.820338308811187744e-02 7.332774344831705093e-03 8.180260658264160156e-03 3.986255452036857605e-02 5.350198224186897278e-02 1.359855383634567261e-01 1.309658586978912354e-02 2.381207048892974854e-02 3.504657000303268433e-02 4.156183451414108276e-03 4.632355645298957825e-02 1.043238793499767780e-03 1.304212864488363266e-02 3.723675757646560669e-02 6.775632034987211227e-03 2.647626027464866638e-02 1.672649011015892029e-02 2.666441164910793304e-02 2.443111315369606018e-02 7.431088015437126160e-03 3.404430672526359558e-02 3.614265099167823792e-02 2.904223836958408356e-02 4.451265186071395874e-02 2.045291848480701447e-02 2.587674930691719055e-02 3.028737753629684448e-02 1.839662902057170868e-02 4.559636861085891724e-02 1.334318239241838455e-02 2.843315014615654945e-03 4.104482755064964294e-02 9.875556454062461853e-03 2.662619575858116150e-02 9.150616824626922607e-03 3.093466907739639282e-02 1.107681393623352051e-01 3.085169382393360138e-02 3.417311236262321472e-02 5.525979213416576385e-03 1.158785074949264526e-03 8.798340568318963051e-04 1.382603943347930908e-01 4.550311714410781860e-02 1.810814253985881805e-02 7.579167187213897705e-02 1.248360727913677692e-03 1.058903429657220840e-02 1.373455207794904709e-02 1.814385317265987396e-02 3.636557236313819885e-02 5.291810724884271622e-03 1.574357040226459503e-02 4.175274446606636047e-02 5.041223391890525818e-02 2.060543559491634369e-02 5.090147629380226135e-02 1.093296781182289124e-01 2.182665094733238220e-02 2.082647569477558136e-02 2.189118973910808563e-02 9.986307471990585327e-03 3.767884895205497742e-02 7.164984475821256638e-03 2.108170092105865479e-01 4.426436964422464371e-03 4.162801802158355713e-02 2.542753703892230988e-02 8.146341890096664429e-03 5.339455232024192810e-02 5.812907591462135315e-02 3.077759034931659698e-02 3.263640031218528748e-02 1.847833953797817230e-02 1.611391082406044006e-02 1.373922359198331833e-02 1.133836340159177780e-02 8.970458060503005981e-03 1.265428587794303894e-02 1.109044626355171204e-02 1.336233969777822495e-02 2.595685049891471863e-02 1.563103124499320984e-02 6.609857548028230667e-03 1.036606077104806900e-02 1.554706785827875137e-02 2.397109987214207649e-03 4.932013154029846191e-02 2.271545119583606720e-02 3.604566736612468958e-04 4.819187521934509277e-02 3.126463666558265686e-02 4.057793691754341125e-02 1.640547998249530792e-02 1.778520457446575165e-02 3.501866012811660767e-02 2.939967252314090729e-02 7.903154008090496063e-03 2.578967250883579254e-02 4.720311239361763000e-02 1.730926148593425751e-02 2.239144220948219299e-02 4.295645654201507568e-02
1.087060719728469849e-01 1.058490425348281860e-01 2.524942159652709961e-02 3.695281920954585075e-03 2.521480200812220573e-03 1.073248833417892456e-01 9.394180029630661011e-02 1.233773864805698395e-02 3.145785257220268250e-02 3.671196103096008301e-02 4.955648183822631836e-01 3.704584902152419090e-03 9.816181659698486328e-02 2.984885871410369873e-02 4.393192753195762634e-02 3.004801832139492035e-02 1.419060956686735153e-02 6.492618937045335770e-03 9.612998692318797112e-04 2.451067790389060974e-02 4.911433439701795578e-03 1.781558990478515625e-02 3.904021158814430237e-02 1.539392955601215363e-02 1.169806346297264099e-02 5.348540376871824265e-03 2.882727980613708496e-02 1.750834658741950989e-02 2.426602877676486969e-03 1.738099940121173859e-02 3.975172992795705795e-03 2.236096560955047607e-02 2.941934391856193542e-02 2.860940434038639069e-02 1.687717996537685394e-02 3.864023834466934204e-02 4.912912473082542419e-02 9.921205230057239532e-03 6.077903881669044495e-02 5.059945955872535706e-02 5.105353519320487976e-02 4.198835790157318115e-02 2.743964083492755890e-03 1.030143257230520248e-02 4.520640894770622253e-02 3.231162205338478088e-02 3.153192624449729919e-02 5.384724214673042297e-02 3.763869032263755798e-02 3.041070885956287384e-02 1.996161602437496185e-02 2.507481724023818970e-03 1.683585718274116516e-02 3.187621757388114929e-02 3.053139150142669678e-02 1.561296638101339340e-03 2.516253106296062469e-02 2.054360136389732361e-02 4.150875657796859741e-02 3.161409695167094469e-04 1.139904744923114777e-02 1.599660515785217285e-02 3.296349942684173584e-02 4.976756498217582703e-02 1.472654566168785095e-02 5.844990257173776627e-03 1.762444712221622467e-02 5.412215366959571838e-03 1.847996562719345093e-02 1.353823021054267883e-02 4.296401515603065491e-02 1.527153793722391129e-02 1.921593770384788513e-02 1.331570092588663101e-02 1.995205879211425781e-03 4.442901164293289185e-02 4.163603112101554871e-02 4.379654675722122192e-02 3.612398356199264526e-02 4.623204469680786133e-02 4.566700756549835205e-02 4.212496429681777954e-02 5.358360707759857178e-03 1.375731360167264938e-02 3.205098211765289307e-02 2.576789073646068573e-02 3.361311182379722595e-02 1.635663025081157684e-02 4.417868331074714661e-02 2.699928171932697296e-02 7.650658022612333298e-03 3.985280171036720276e-02 4.189231898635625839e-03 3.124840185046195984e-02 6.822949275374412537e-03 2.926113270223140717e-02 2.022223547101020813e-03 4.780852422118186951e-02 1.446981914341449738e-02 2.416661567986011505e-02 2.122135460376739502e-02 6.450580898672342300e-03 4.029142484068870544e-02 1.803844608366489410e-02 1.499665901064872742e-02 1.830615103244781494e-02 3.882739692926406860e-02 5.090031400322914124e-02 5.322186276316642761e-02 1.647633500397205353e-02 4.143319651484489441e-02 7.200178690254688263e-03 2.253422047942876816e-03 2.413074299693107605e-02 5.659766029566526413e-03 5.194949731230735779e-02
2.398006431758403778e-02 2.924466319382190704e-02 1.672252267599105835e-02 9.990602266043424606e-04 4.372352361679077148e-02 2.353459596633911133e-02 9.647656232118606567e-03 2.515837259124964476e-04 4.078081995248794556e-02 6.494035013020038605e-03 3.704584902152419090e-03 4.944511950016021729e-01 4.525312222540378571e-03 1.780198961496353149e-01 4.772128909826278687e-02 4.206074401736259460e-03 2.705748938024044037e-02 1.316922716796398163e-02 1.520757563412189484e-02 9.675724431872367859e-03 7.185528054833412170e-03 1.542690489441156387e-02 4.498988389968872070e-02 2.624759823083877563e-02 8.097077719867229462e-03 3.315266221761703491e-02 2.800352638587355614e-03 1.067826449871063232e-01 8.319030515849590302e-03 5.755895003676414490e-02 9.629211388528347015e-03 3.273155540227890015e-02 4.584077373147010803e-02 6.089228764176368713e-02 4.639235511422157288e-02 3.571308776736259460e-02 3.180167824029922485e-02 3.505800664424896240e-02 1.685502752661705017e-02 4.478368535637855530e-02 2.487654611468315125e-02 6.020259857177734375e-02 3.969224542379379272e-02 4.223527386784553528e-02 1.019339412450790405e-01 9.597238898277282715e-02 2.322881855070590973e-02 4.226464033126831055e-02 2.194036357104778290e-02 3.994753118604421616e-03 6.272751092910766602e-02 6.657506525516510010e-02 1.653627376072108746e-03 5.481468141078948975e-02 1.837502000853419304e-03 4.218678455799818039e-03 1.464637834578752518e-02 4.769396409392356873e-02 3.425208479166030884e-02 3.608028218150138855e-02 3.834003210067749023e-02 5.841755867004394531e-02 1.594464760273694992e-03 1.597358845174312592e-02 4.394410178065299988e-02 4.289407655596733093e-02 2.962650731205940247e-03 4.432636871933937073e-02 4.394647851586341858e-02 3.621771186590194702e-02 2.890193834900856018e-02 2.471549995243549347e-02 5.056675523519515991e-02 2.497994340956211090e-02 3.086222335696220398e-02 2.785348892211914062e-02 3.026065602898597717e-02 2.496097236871719360e-02 5.744035914540290833e-02 3.091834485530853271e-02 8.245286531746387482e-03 4.218490421772003174e-02 2.668167836964130402e-02 2.788563631474971771e-02 3.412042511627078056e-03 1.911355741322040558e-02 2.778501063585281372e-02 8.735033683478832245e-03 1.223528534173965454e-01 1.070107445120811462e-01 1.821530982851982117e-02 1.010586041957139969e-02 5.425815470516681671e-03 3.727869316935539246e-02 3.527344390749931335e-02 3.928771987557411194e-02 3.875941410660743713e-02 6.658314727246761322e-03 5.296735838055610657e-02 5.556490272283554077e-02 3.761061280965805054e-02 2.548027224838733673e-02 2.683841995894908905e-02 2.754378505051136017e-02 6.837255787104368210e-03 3.078312985599040985e-02 3.028413467109203339e-02 5.016964673995971680e-02 2.170270495116710663e-02 5.395966582000255585e-03 4.554738104343414307e-02 8.016298525035381317e-03 2.189618349075317383e-02 2.871695160865783691e-02 3.620330989360809326e-02 1.544352620840072632e-02
7.440045475959777832e-02 9.651120007038116455e-02 4.636995866894721985e-02 9.676285088062286377e-03 3.293766453862190247e-02 6.234132125973701477e-02 7.173391431570053101e-02 7.927946746349334717e-03 4.594995453953742981e-02 1.720137894153594971e-02 9.816181659698486328e-02 4.525312222540378571e-03 4.950802624225616455e-01 1.691042445600032806e-02 5.771576613187789917e-02 2.970838919281959534e-02 1.857594773173332214e-02 4.121735692024230957e-02 1.702049374580383301e-02 9.895661845803260803e-03 1.427886728197336197e-02 3.269696235656738281e-02 1.409647334367036819e-02 1.516593433916568756e-02 2.050188183784484863e-02 2.128070965409278870e-02 5.705475807189941406e-02 2.228297479450702667e-02 9.377975016832351685e-03 9.788082388695329428e-05 5.464515462517738342e-02 1.766411773860454559e-02 2.014905586838722229e-02 3.249512985348701477e-02 8.077512495219707489e-03 2.920359745621681213e-02 4.240898415446281433e-02 2.321869321167469025e-02 2.271514572203159332e-02 1.565211825072765350e-02 4.753419011831283569e-02 4.927908256649971008e-02 2.076981356367468834e-03 3.884864971041679382e-02 2.720863930881023407e-02 4.755104333162307739e-02 1.978239417076110840e-02 1.956817507743835449e-02 3.532539308071136475e-02 4.947912693023681641e-02 2.501804009079933167e-02 8.508990518748760223e-03 4.432490840554237366e-02 3.587107360363006592e-02 4.675845801830291748e-02 4.312578216195106506e-02 1.317946985363960266e-02 1.050037052482366562e-02 2.875293046236038208e-02 3.703912720084190369e-03 1.412647217512130737e-02 6.105749867856502533e-03 2.617746964097023010e-02 5.713780596852302551e-02 1.257194392383098602e-02 2.901902608573436737e-02 6.576551124453544617e-03 2.645437605679035187e-03 1.644160971045494080e-02 4.077817779034376144e-03 1.725861243903636932e-02 1.469076331704854965e-02 4.789852071553468704e-03 2.343454770743846893e-02 1.819256506860256195e-02 3.699787706136703491e-02 2.829143032431602478e-02 4.694243147969245911e-02 2.880357392132282257e-02 3.987801447510719299e-02 2.083436213433742523e-02 2.027629315853118896e-02 1.408274006098508835e-02 3.179245442152023315e-02 2.769984677433967590e-02 1.391671784222126007e-02 4.267453029751777649e-02 2.207515388727188110e-02 4.270630329847335815e-02 5.211890488862991333e-02 6.606383714824914932e-03 3.495635092258453369e-02 8.149971254169940948e-03 1.235385192558169365e-03 2.946774475276470184e-03 1.232388056814670563e-02 1.901364303193986416e-03 4.693442583084106445e-02 5.171210039407014847e-03 1.400193851441144943e-02 1.749495416879653931e-02 7.862743921577930450e-03 3.732868283987045288e-02 2.652040682733058929e-02 4.664932843297719955e-03 5.507347173988819122e-03 2.349767461419105530e-02 5.409193783998489380e-02 4.849453270435333252e-02 1.667629182338714600e-02 3.529463708400726318e-02 2.099645882844924927e-02 1.101850159466266632e-02 4.369207192212343216e-03 2.187269367277622223e-02 5.012024194002151489e-02
