4.606163203716278076e-01 2.329614013433456421e-01 1.523944549262523651e-02 4.616238921880722046e-02 3.871752321720123291e-02 8.327180147171020508e-02 6.879212707281112671e-02 1.308241393417119980e-02 2.464616112411022186e-02 4.074077680706977844e-02 1.773810982704162598e-01 3.544242354109883308e-03 1.201997697353363037e-01 5.000195000320672989e-03 1.132930908352136612e-02 1.062140613794326782e-02 2.179336547851562500e-02 2.251809276640415192e-02 4.499490931630134583e-02 1.598011329770088196e-02 3.568820282816886902e-02 7.787732407450675964e-03 6.531898863613605499e-03 1.752512715756893158e-02 4.246306791901588440e-02 1.601242087781429291e-02 1.533463876694440842e-02 2.293756045401096344e-02 3.051244094967842102e-02 6.738545373082160950e-03 4.576199688017368317e-03 3.764615207910537720e-02 6.000183057039976120e-03 5.055768415331840515e-02 6.892627105116844177e-03 3.493634238839149475e-02 3.077591210603713989e-02 2.530088834464550018e-02 3.332288190722465515e-02 2.480771020054817200e-02 7.602614816278219223e-03 3.258308768272399902e-02 3.707668557763099670e-02 3.568857163190841675e-02 6.429035216569900513e-03 1.209856010973453522e-02 4.988545551896095276e-02 4.891179129481315613e-02 1.843686588108539581e-02 1.394992880523204803e-02 3.334635123610496521e-02 3.379930974915623665e-03 2.233904972672462463e-02 1.018336857669055462e-03 2.509070932865142822e-02 1.611236669123172760e-02 3.613192960619926453e-02 4.440762102603912354e-03 1.922495849430561066e-02 2.506736852228641510e-02 1.452360302209854126e-02 1.633772440254688263e-02 4.098076373338699341e-02 9.530209936201572418e-03 1.728524640202522278e-02 3.659058362245559692e-02 3.468659892678260803e-02 1.511888485401868820e-02 2.717105671763420105e-02 4.334601014852523804e-02 2.473611198365688324e-02 4.630028828978538513e-02 4.274392034858465195e-03 3.992347046732902527e-02 1.078713778406381607e-02 4.618557170033454895e-02 1.021354645490646362e-02 3.528065606951713562e-02 4.814498499035835266e-02 2.249674312770366669e-02 1.443431340157985687e-02 9.030089713633060455e-03 4.564652219414710999e-02 8.462275378406047821e-03 1.652500219643115997e-02 2.620554901659488678e-02 4.582291096448898315e-02 2.371395379304885864e-02 3.541655093431472778e-02 4.347611963748931885e-02 2.543332241475582123e-02 3.750246763229370117e-02 6.649011280387639999e-03 1.005851104855537415e-02 2.442552894353866577e-02 1.385486405342817307e-02 4.555586725473403931e-02 2.483984455466270447e-02 3.815140575170516968e-02 9.008468128740787506e-03 4.021304193884134293e-03 9.692646563053131104e-03 3.633631020784378052e-02 2.741699852049350739e-02 2.796541713178157806e-02 1.620545051991939545e-02 3.118782304227352142e-02 1.353338360786437988e-03 2.257168106734752655e-02 1.893578842282295227e-02 3.015359118580818176e-02 3.301162272691726685e-03 9.660480427555739880e-04 1.793108694255352020e-02 4.720981419086456299e-02 4.384541884064674377e-03
2.329614013433456421e-01 4.499071538448333740e-01 8.798091672360897064e-03 3.921990096569061279e-02 1.360065117478370667e-02 6.070443615317344666e-02 1.012463197112083435e-01 1.255158800631761551e-02 1.635542139410972595e-02 2.415626309812068939e-02 1.706015020608901978e-01 2.389287017285823822e-02 1.674768030643463135e-01 3.073829598724842072e-02 3.963115066289901733e-02 1.876295916736125946e-02 1.580709964036941528e-02 2.611230872571468353e-02 5.859947949647903442e-02 1.748529821634292603e-02 4.512640088796615601e-02 3.655087668448686600e-03 1.038301736116409302e-02 1.937149278819561005e-02 3.338432312011718750e-02 1.188379363156855106e-03 3.508628346025943756e-03 1.576368813402950764e-03 4.800801724195480347e-02 1.012903172522783279e-02 1.475106691941618919e-03 3.704723715782165527e-02 8.709809742867946625e-03 2.624670043587684631e-02 9.371641092002391815e-03 3.378593549132347107e-02 3.408573567867279053e-02 5.243833363056182861e-02 3.022244945168495178e-02 1.219442021101713181e-02 4.286748543381690979e-02 4.576117172837257385e-02 1.854986138641834259e-02 1.751709729433059692e-02 4.795822501182556152e-02 3.807486593723297119e-02 6.788654718548059464e-03 4.085192084312438965e-02 3.585331141948699951e-02 2.970025129616260529e-02 2.869434282183647156e-02 2.266861312091350555e-02 2.676943317055702209e-02 2.316209673881530762e-02 1.794768869876861572e-02 3.653755784034729004e-02 4.709012061357498169e-02 2.535006590187549591e-02 8.346929214894771576e-03 1.511690643383190036e-04 2.660662867128849030e-02 2.539341151714324951e-02 4.582440480589866638e-02 2.498034201562404633e-02 6.842375732958316803e-03 3.273297846317291260e-02 3.831834718585014343e-02 2.513858722522854805e-03 5.368364974856376648e-03 2.583723515272140503e-02 1.276785507798194885e-02 3.823201358318328857e-02 2.590272808447480202e-03 1.584517769515514374e-02 1.690675690770149231e-02 2.384563907980918884e-02 7.789998315274715424e-03 4.263505712151527405e-02 1.210033241659402847e-02 3.344524279236793518e-02 1.210669521242380142e-02 1.664400682784616947e-03 1.708489283919334412e-02 5.951760336756706238e-03 2.913301996886730194e-02 3.729261830449104309e-02 1.301249675452709198e-02 1.191789051517844200e-03 3.108632192015647888e-02 3.362242504954338074e-02 6.316605955362319946e-03 1.747007295489311218e-02 2.627796865999698639e-02 1.008606143295764923e-02 3.967136517167091370e-02 4.145781323313713074e-02 1.344847958534955978e-02 3.894546255469322205e-02 2.466053701937198639e-02 3.044775873422622681e-02 9.051344357430934906e-03 1.879318151623010635e-03 7.069659419357776642e-03 1.298447512090206146e-02 3.745066374540328979e-02 2.547029219567775726e-02 1.670267619192600250e-02 1.731342822313308716e-02 1.341581903398036957e-02 8.550508879125118256e-03 4.031281545758247375e-02 3.213984891772270203e-02 3.870068117976188660e-02 3.167917579412460327e-02 7.082785014063119888e-03 2.469640783965587616e-02
1.523944549262523651e-02 8.798091672360897064e-03 4.550530910491943359e-01 4.595148842781782150e-03 3.822193667292594910e-02 3.919740766286849976e-02 2.692684717476367950e-02 1.603122353553771973e-01 2.047624811530113220e-02 2.160265482962131500e-02 1.839001895859837532e-03 6.178779061883687973e-03 3.650882048532366753e-03 1.597278751432895660e-02 1.493596192449331284e-02 1.991232298314571381e-02 1.569689624011516571e-02 3.779679909348487854e-02 2.435132861137390137e-02 4.192745685577392578e-02 4.536708816885948181e-02 2.051580138504505157e-02 3.197550307959318161e-03 2.555172145366668701e-02 3.335720673203468323e-02 8.506850281264632940e-05 2.807009778916835785e-02 2.876231633126735687e-02 3.466638922691345215e-02 3.315181657671928406e-02 3.622951731085777283e-02 3.712270036339759827e-02 1.129161845892667770e-02 3.051095828413963318e-02 4.697300493717193604e-03 2.398212254047393799e-02 4.506669472903013229e-03 3.732609003782272339e-02 3.006814606487751007e-02 3.696506470441818237e-02 2.617418952286243439e-02 1.728964038193225861e-02 3.008376061916351318e-02 7.936462014913558960e-02 1.780210062861442566e-02 3.725801035761833191e-02 9.043153375387191772e-03 4.115933179855346680e-02 2.999285468831658363e-03 1.850413344800472260e-02 5.158001556992530823e-02 7.634682208299636841e-02 3.603387624025344849e-02 4.064729437232017517e-02 1.446518767625093460e-02 4.290989413857460022e-02 2.790303714573383331e-02 9.242368862032890320e-03 3.081424906849861145e-02 1.367898751050233841e-02 1.850334554910659790e-02 3.546417504549026489e-02 3.135782852768898010e-02 4.591906443238258362e-02 4.428862780332565308e-02 1.803331822156906128e-02 3.047219663858413696e-02 2.513434365391731262e-02 3.215060336515307426e-03 7.682800758630037308e-03 3.115964587777853012e-03 3.226805105805397034e-02 2.459578961133956909e-02 7.193847559392452240e-03 2.104118466377258301e-02 3.625255823135375977e-02 1.575119979679584503e-02 1.528256852179765701e-02 1.851505832746624947e-03 4.073557443916797638e-03 2.119946330785751343e-01 1.028735265135765076e-01 3.242810070514678955e-02 4.668434616178274155e-03 4.291903227567672729e-02 1.683249324560165405e-02 1.171535253524780273e-01 1.043912470340728760e-01 3.043338283896446228e-02 5.000849068164825439e-02 4.435474053025245667e-02 3.536567464470863342e-02 3.687999024987220764e-02 4.040181264281272888e-02 3.759372234344482422e-02 2.991270273923873901e-03 1.027348358184099197e-02 4.491374269127845764e-02 2.127440966432914138e-04 1.038317102938890457e-02 5.573884118348360062e-03 4.700566455721855164e-02 2.517172694206237793e-02 1.036019995808601379e-02 4.470637440681457520e-02 3.225951513741165400e-04 4.857133142650127411e-03 1.557289250195026398e-02 3.650122135877609253e-02 1.496694516390562057e-02 3.365600854158401489e-02 2.874821797013282776e-02 2.478010766208171844e-02 9.906900115311145782e-03 1.427472103387117386e-02 1.031774003058671951e-02
4.616238921880722046e-02 3.921990096569061279e-02 4.595148842781782150e-03 4.574035406112670898e-01 1.235748231410980225e-01 2.516661025583744049e-02 3.140730783343315125e-02 4.761267453432083130e-02 2.136390656232833862e-02 8.706830441951751709e-03 3.522431477904319763e-02 6.449382752180099487e-03 3.367951884865760803e-02 1.252660527825355530e-02 4.668712988495826721e-02 1.140555366873741150e-03 1.759406551718711853e-02 6.146374717354774475e-02 4.244356974959373474e-02 3.699272498488426208e-02 3.270637243986129761e-02 4.163588583469390869e-02 8.255112916231155396e-03 5.133541300892829895e-03 3.643365949392318726e-02 7.874547503888607025e-03 4.089897498488426208e-02 7.223333418369293213e-02 8.748016320168972015e-03 5.001479387283325195e-02 1.440643332898616791e-02 4.632350429892539978e-02 3.928590100258588791e-03 4.598917812108993530e-02 5.249537527561187744e-03 1.213345583528280258e-02 1.913829334080219269e-02 2.889649011194705963e-03 2.616488933563232422e-02 8.583618327975273132e-04 7.551614544354379177e-04 1.828397810459136963e-02 4.279801622033119202e-02 3.455471992492675781e-02 9.704135358333587646e-03 2.248049341142177582e-02 1.549156475812196732e-02 1.649976940825581551e-03 5.309778451919555664e-02 2.935280278325080872e-02 2.416524291038513184e-02 3.142398223280906677e-02 2.532161958515644073e-02 3.089258074760437012e-02 3.250090777873992920e-02 1.528921723365783691e-02 1.155578903853893280e-02 6.651310832239687443e-04 2.897517941892147064e-02 3.857966139912605286e-02 3.398658335208892822e-02 1.251749042421579361e-02 6.959448754787445068e-02 2.709753252565860748e-02 1.605293899774551392e-02 4.402645677328109741e-02 1.153768785297870636e-02 4.564329236745834351e-02 5.120353773236274719e-02 9.412068873643875122e-03 2.204153873026371002e-02 3.664938500151038170e-03 7.388147711753845215e-02 2.511677797883749008e-03 4.942464455962181091e-02 3.813447803258895874e-02 2.567432448267936707e-02 5.407247692346572876e-03 1.157796755433082581e-02 3.563417354598641396e-03 2.171900123357772827e-02 4.996098205447196960e-02 1.628370024263858795e-02 1.859533414244651794e-02 1.188254728913307190e-02 3.354861587285995483e-02 2.032363228499889374e-02 4.012997075915336609e-02 5.401011928915977478e-02 4.399125277996063232e-02 1.587391085922718048e-02 4.386363178491592407e-02 1.124988682568073273e-02 4.069984704256057739e-02 8.821735158562660217e-03 1.273486483842134476e-02 1.508414628915488720e-03 2.701315842568874359e-02 4.333741217851638794e-02 4.643741250038146973e-02 2.698594180401414633e-04 7.758359890431165695e-03 1.919131912291049957e-02 2.147958613932132721e-02 2.973447553813457489e-02 4.507436975836753845e-02 7.541659753769636154e-03 4.561213403940200806e-02 1.135500986129045486e-02 1.945238932967185974e-02 7.554540410637855530e-03 6.309833843261003494e-04 1.942751370370388031e-02 4.797128960490226746e-02 3.101049922406673431e-02 2.306416630744934082e-02
3.871752321720123291e-02 1.360065117478370667e-02 3.822193667292594910e-02 1.235748231410980225e-01 4.497567117214202881e-01 3.699186071753501892e-02 3.369168261997401714e-04 4.742870479822158813e-02 2.480629365891218185e-03 1.777501963078975677e-02 3.940940368920564651e-03 8.687144145369529724e-03 3.616712614893913269e-02 3.472675383090972900e-02 2.978934906423091888e-02 1.724931970238685608e-02 1.880601048469543457e-03 1.793988235294818878e-02 1.076773181557655334e-02 1.005247235298156738e-02 3.554487228393554688e-02 3.651617839932441711e-02 3.046968765556812286e-02 2.220310270786285400e-02 1.531792338937520981e-02 9.118949063122272491e-03 3.848510980606079102e-02 4.599766433238983154e-02 1.740399561822414398e-02 3.462952002882957458e-02 1.024922449141740799e-02 3.029879182577133179e-02 8.009410463273525238e-03 9.045315906405448914e-03 2.789555490016937256e-02 8.107945322990417480e-03 2.619314752519130707e-02 1.541358139365911484e-02 7.658706605434417725e-02 7.360518723726272583e-02 1.214824616909027100e-02 3.565260022878646851e-02 3.240386024117469788e-02 2.376301027834415436e-02 4.788225516676902771e-03 2.552710659801959991e-02 2.319135330617427826e-02 1.975755393505096436e-02 8.611805969849228859e-04 1.735675893723964691e-02 7.847068831324577332e-03 2.866872400045394897e-02 1.745908893644809723e-02 1.306431461125612259e-02 2.951418980956077576e-02 2.662564394995570183e-03 4.092654213309288025e-02 1.975957304239273071e-02 2.234661392867565155e-02 3.390067070722579956e-02 2.136775478720664978e-02 1.363709010183811188e-02 4.590782523155212402e-02 6.549251824617385864e-02 2.024873346090316772e-02 2.366540580987930298e-02 2.114472351968288422e-02 3.479041904211044312e-02 2.210721559822559357e-02 9.302102029323577881e-03 4.647433385252952576e-02 2.440431714057922363e-02 7.022066414356231689e-02 3.019068017601966858e-02 6.518566608428955078e-02 6.068931543268263340e-04 1.974171027541160583e-02 7.274352945387363434e-03 6.755572394467890263e-04 2.037194930016994476e-02 2.063282206654548645e-02 4.785589128732681274e-02 1.911640726029872894e-02 9.033677726984024048e-02 8.577520027756690979e-03 3.784368559718132019e-02 1.354709826409816742e-02 2.332068048417568207e-02 1.576096005737781525e-02 4.250847920775413513e-02 2.349090017378330231e-02 3.485876321792602539e-02 2.946179360151290894e-02 4.638923704624176025e-02 3.230573982000350952e-02 1.454235427081584930e-02 3.376899287104606628e-02 1.560545712709426880e-02 7.248854730278253555e-03 3.233530372381210327e-02 3.092250041663646698e-02 1.132681407034397125e-02 6.384810898452997208e-03 4.092894494533538818e-02 3.256731480360031128e-02 2.345210686326026917e-02 1.450917404145002365e-02 4.963200166821479797e-02 8.938350714743137360e-03 5.706719681620597839e-02 4.833836574107408524e-03 2.982790395617485046e-02 1.337319705635309219e-02 4.051560536026954651e-02 2.139934711158275604e-02 4.172402992844581604e-02
8.327180147171020508e-02 6.070443615317344666e-02 3.919740766286849976e-02 2.516661025583744049e-02 3.699186071753501892e-02 4.490316510200500488e-01 1.809558868408203125e-01 3.665552288293838501e-02 3.285850957036018372e-02 4.917800799012184143e-02 6.762249767780303955e-02 1.237723417580127716e-02 3.213151916861534119e-02 6.023664027452468872e-03 2.939556166529655457e-02 3.221214935183525085e-02 9.450496174395084381e-03 1.921501010656356812e-02 3.489591553807258606e-02 1.650671847164630890e-02 3.914894908666610718e-02 7.613441906869411469e-03 1.992695033550262451e-02 2.252769190818071365e-03 3.381762281060218811e-02 9.658206254243850708e-03 2.258564345538616180e-02 1.280198246240615845e-02 2.075516618788242340e-02 8.499397896230220795e-03 3.325288742780685425e-02 2.353640459477901459e-02 1.693577319383621216e-02 4.788557440042495728e-02 3.547541424632072449e-02 2.793910354375839233e-02 3.397797048091888428e-02 3.910213708877563477e-02 1.627235300838947296e-02 1.545262173749506474e-03 4.700881987810134888e-02 5.243326723575592041e-02 3.944825753569602966e-02 7.221215870231389999e-03 1.999404281377792358e-02 2.162558957934379578e-02 1.139022558927536011e-01 7.762192189693450928e-02 7.776160724461078644e-03 5.612587928771972656e-02 4.189734160900115967e-02 2.086367458105087280e-02 4.082690551877021790e-02 3.211154788732528687e-02 4.263368248939514160e-02 5.148571915924549103e-03 1.196544617414474487e-02 1.083576492965221405e-02 2.984842658042907715e-02 2.848847396671772003e-02 4.742369428277015686e-02 1.857772655785083771e-02 1.675629243254661560e-02 1.569614931941032410e-02 3.483588621020317078e-02 2.424034476280212402e-02 4.083164036273956299e-03 2.083315514028072357e-02 1.934440806508064270e-02 5.020296573638916016e-02 2.712205611169338226e-02 4.115789383649826050e-02 4.649862181395292282e-03 3.450550511479377747e-02 7.284444291144609451e-03 4.182302579283714294e-02 2.199227549135684967e-02 1.158982794731855392e-02 2.412869967520236969e-02 2.135858312249183655e-02 3.840091824531555176e-02 9.695874527096748352e-03 1.844071410596370697e-02 5.110949650406837463e-02 3.232657164335250854e-02 3.396849334239959717e-02 6.064316630363464355e-02 3.953966125845909119e-02 1.676269806921482086e-02 4.785555228590965271e-02 6.219243630766868591e-02 3.156514838337898254e-02 5.711432080715894699e-03 3.822711855173110962e-02 9.266870096325874329e-03 1.778406836092472076e-02 4.911279678344726562e-02 4.813725128769874573e-03 1.130719110369682312e-02 7.085415534675121307e-03 3.364673256874084473e-02 3.408035635948181152e-02 3.771383687853813171e-02 1.630664430558681488e-02 2.229180373251438141e-02 4.964568652212619781e-03 3.503112588077783585e-03 2.283894829452037811e-02 9.269036352634429932e-03 7.470496348105370998e-04 5.215489491820335388e-02 4.583975300192832947e-02 3.106757439672946930e-02 2.201279811561107635e-02 3.391838818788528442e-02 3.612061589956283569e-02
6.879212707281112671e-02 1.012463197112083435e-01 2.692684717476367950e-02 3.140730783343315125e-02 3.369168261997401714e-04 1.809558868408203125e-01 4.562236368656158447e-01 2.771501429378986359e-02 2.893034368753433228e-02 2.690573967993259430e-02 8.537267893552780151e-02 3.138114116154611111e-04 9.151537716388702393e-02 1.421757601201534271e-02 2.700115740299224854e-02 3.041511774063110352e-02 3.335756435990333557e-02 2.031846344470977783e-02 3.345178812742233276e-02 8.213905617594718933e-03 1.978417672216892242e-02 2.042035385966300964e-02 3.253818023949861526e-03 2.274550311267375946e-02 2.900878340005874634e-02 6.742329336702823639e-03 1.876623183488845825e-02 4.177540168166160583e-02 7.732276339083909988e-03 3.066211938858032227e-02 1.327683404088020325e-02 4.661940783262252808e-02 1.710572279989719391e-02 4.321872070431709290e-02 7.950294762849807739e-03 3.427954390645027161e-02 3.854576870799064636e-02 6.306327413767576218e-03 8.537029847502708435e-03 1.775105297565460205e-02 4.741859063506126404e-02 1.034907065331935883e-02 1.762470230460166931e-02 2.595538098830729723e-04 2.112860791385173798e-02 1.586708053946495056e-02 5.808568373322486877e-02 1.165304481983184814e-01 4.350338876247406006e-02 6.206570565700531006e-02 2.583650639280676842e-03 2.052892232313752174e-03 4.406095948070287704e-03 4.624156281352043152e-02 3.583042323589324951e-02 5.231448635458946228e-02 5.979566369205713272e-03 5.634151026606559753e-02 4.935819655656814575e-02 3.293073177337646484e-02 3.899244358763098717e-03 3.681702539324760437e-02 1.376809645444154739e-02 6.226934026926755905e-03 2.974064787849783897e-03 3.312021493911743164e-02 4.195520654320716858e-02 3.486609458923339844e-02 4.632973670959472656e-02 3.964487463235855103e-02 4.296522215008735657e-02 2.626126073300838470e-02 4.851018264889717102e-02 2.994497679173946381e-02 4.167538136243820190e-02 3.297052159905433655e-02 1.249606534838676453e-02 4.936115071177482605e-02 5.387742444872856140e-02 2.498187869787216187e-02 3.551675006747245789e-02 2.427628031000494957e-03 4.375710850581526756e-04 1.140853203833103180e-02 1.035777665674686432e-02 4.319545626640319824e-02 4.034646227955818176e-02 3.469261154532432556e-02 1.316104643046855927e-02 1.646943204104900360e-02 3.519536554813385010e-02 2.184855751693248749e-02 3.004921786487102509e-02 3.318660659715533257e-03 1.649430207908153534e-02 4.758720751851797104e-03 5.337880551815032959e-02 3.888905420899391174e-02 3.284694254398345947e-02 2.207572013139724731e-02 3.152315691113471985e-02 3.174171969294548035e-02 3.448521345853805542e-02 3.537430986762046814e-02 1.639273576438426971e-02 2.634699456393718719e-03 4.215361550450325012e-02 3.508287668228149414e-02 1.803523162379860878e-03 4.313666373491287231e-02 5.179370194673538208e-02 5.360256880521774292e-02 3.900017356500029564e-03 3.329920023679733276e-02 7.236428558826446533e-03 3.011921979486942291e-02
1.308241393417119980e-02 1.255158800631761551e-02 1.603122353553771973e-01 4.761267453432083130e-02 4.742870479822158813e-02 3.665552288293838501e-02 2.771501429378986359e-02 4.551272690296173096e-01 1.836831681430339813e-02 3.906752541661262512e-02 1.190543454140424728e-02 2.942800521850585938e-03 9.968536905944347382e-04 1.219918578863143921e-02 5.305206030607223511e-02 1.144958287477493286e-02 5.600664298981428146e-03 3.404500195756554604e-03 2.163582853972911835e-02 4.901200532913208008e-03 2.343188412487506866e-02 2.378975041210651398e-03 3.654014319181442261e-03 1.126067712903022766e-02 2.572845295071601868e-02 2.882735803723335266e-03 3.101979009807109833e-02 4.198046773672103882e-02 3.726612776517868042e-02 1.476782932877540588e-02 2.657248079776763916e-02 4.222828894853591919e-02 6.361236330121755600e-03 7.848905399441719055e-03 4.788599908351898193e-02 5.710188765078783035e-03 1.856467127799987793e-02 1.159602776169776917e-02 4.399944469332695007e-02 2.518487349152565002e-02 1.332440692931413651e-02 3.673005104064941406e-02 5.963838659226894379e-03 4.808600246906280518e-02 3.616996575146913528e-03 1.643315888941287994e-02 4.179545678198337555e-03 1.182749494910240173e-02 2.961103431880474091e-02 1.418593525886535645e-02 3.174589201807975769e-02 3.854218497872352600e-02 2.522190846502780914e-02 4.045640304684638977e-02 3.792448714375495911e-02 4.648363217711448669e-02 7.287776563316583633e-03 5.076223984360694885e-03 1.191558782011270523e-02 2.964075282216072083e-02 8.970105089247226715e-03 8.109826594591140747e-03 2.495027519762516022e-02 3.218280151486396790e-02 5.032502114772796631e-02 4.004298150539398193e-02 3.055583685636520386e-02 3.390249609947204590e-02 1.344530750066041946e-02 7.148061413317918777e-03 8.655896410346031189e-03 2.321320958435535431e-02 2.075214684009552002e-02 3.232554299756884575e-03 2.866010181605815887e-02 3.980164229869842529e-02 2.232226915657520294e-02 2.173610962927341461e-02 1.967494934797286987e-02 4.583368077874183655e-02 1.432035863399505615e-01 7.039075344800949097e-02 2.798449993133544922e-02 1.673318096436560154e-03 4.558930918574333191e-02 4.804572835564613342e-02 1.042035818099975586e-01 1.061341017484664917e-01 1.282027550041675568e-02 2.187646739184856415e-02 3.605454787611961365e-02 4.435839504003524780e-02 7.496926118619740009e-04 1.101238932460546494e-02 4.985023755580186844e-03 9.418791159987449646e-03 6.089841481298208237e-03 5.825766921043395996e-02 3.354611992835998535e-02 1.454388489946722984e-03 1.335640717297792435e-02 3.391183167695999146e-02 3.654426336288452148e-02 2.230925299227237701e-02 4.480779170989990234e-03 1.373413577675819397e-02 3.410241007804870605e-02 5.984116345643997192e-03 4.107788577675819397e-02 1.781926117837429047e-02 3.501673787832260132e-02 6.242410093545913696e-02 3.023583674803376198e-03 1.305949781090021133e-02 1.278767641633749008e-02 2.101720497012138367e-02
2.464616112411022186e-02 1.635542139410972595e-02 2.047624811530113220e-02 2.136390656232833862e-02 2.480629365891218185e-03 3.285850957036018372e-02 2.893034368753433228e-02 1.836831681430339813e-02 4.507945477962493896e-01 8.616448938846588135e-02 8.630969561636447906e-03 7.197486702352762222e-03 1.672281324863433838e-02 1.422778051346540451e-02 3.209880366921424866e-02 2.106620743870735168e-02 2.252250351011753082e-02 7.072371244430541992e-02 5.270216241478919983e-02 5.102552939206361771e-03 1.844793185591697693e-02 5.843682214617729187e-03 3.407552465796470642e-02 3.252501413226127625e-02 4.183820565231144428e-04 5.112363398075103760e-02 4.605894908308982849e-02 1.082702190615236759e-03 4.793496336787939072e-03 5.355656519532203674e-02 2.478757686913013458e-02 2.029855176806449890e-02 3.604760766029357910e-02 2.043347619473934174e-02 5.163760855793952942e-02 1.339420117437839508e-02 5.315294489264488220e-02 3.745166957378387451e-02 1.426500733941793442e-02 1.478978432714939117e-02 8.283835835754871368e-03 5.817290395498275757e-02 3.763920813798904419e-02 1.728429272770881653e-02 3.350696340203285217e-02 5.023572221398353577e-02 4.206751286983489990e-02 2.194903418421745300e-02 7.813499122858047485e-02 2.416578307747840881e-02 7.004062645137310028e-03 3.752339258790016174e-02 1.179317105561494827e-02 1.358861476182937622e-02 7.429903000593185425e-02 5.081414245069026947e-03 3.301284462213516235e-02 3.120159171521663666e-02 3.946062177419662476e-02 2.549563534557819366e-02 8.892655372619628906e-03 4.082462936639785767e-02 4.635644704103469849e-02 4.594293609261512756e-02 3.942237421870231628e-02 3.230692818760871887e-02 2.896264567971229553e-02 3.070807829499244690e-02 3.872650489211082458e-02 4.864647239446640015e-02 1.315477304160594940e-03 4.031998664140701294e-02 6.220879498869180679e-03 5.136868357658386230e-02 2.056738175451755524e-02 4.870966821908950806e-02 1.152767166495323181e-01 3.804347664117813110e-02 4.803058132529258728e-02 3.823430463671684265e-02 3.037692420184612274e-02 3.727367892861366272e-02 3.783821314573287964e-02 4.320829641073942184e-03 3.874743357300758362e-02 4.455966129899024963e-02 4.367228131741285324e-03 1.893988344818353653e-03 9.855275601148605347e-02 1.259780768305063248e-02 1.034351997077465057e-03 4.388757050037384033e-02 2.018164470791816711e-02 2.276181057095527649e-02 1.155681814998388290e-02 3.275277838110923767e-02 1.764363609254360199e-02 7.472777366638183594e-02 4.252139106392860413e-02 9.496958926320075989e-03 4.329551011323928833e-03 3.066921420395374298e-02 3.342740982770919800e-02 7.616710849106311798e-03 4.161102324724197388e-02 4.696130380034446716e-02 3.288454189896583557e-02 2.680467814207077026e-02 2.873480506241321564e-02 2.482231147587299347e-02 1.627769507467746735e-02 2.137048728764057159e-02 2.361114509403705597e-02 2.076976187527179718e-02 3.582742065191268921e-02 3.469121828675270081e-02
4.074077680706977844e-02 2.415626309812068939e-02 2.160265482962131500e-02 8.706830441951751709e-03 1.777501963078975677e-02 4.917800799012184143e-02 2.690573967993259430e-02 3.906752541661262512e-02 8.616448938846588135e-02 4.581916630268096924e-01 4.601665213704109192e-02 1.081597059965133667e-03 7.759748026728630066e-03 6.078787147998809814e-03 1.369316224008798599e-02 4.621655493974685669e-02 4.138524830341339111e-02 4.463844001293182373e-02 4.476034268736839294e-02 3.366560488939285278e-02 1.083508599549531937e-02 9.979248046875000000e-03 2.698342129588127136e-02 3.410745039582252502e-02 4.190600663423538208e-02 5.585482344031333923e-03 1.766117662191390991e-02 2.114175632596015930e-02 3.120354190468788147e-02 2.864007279276847839e-02 1.410155463963747025e-02 5.354151874780654907e-02 1.808783225715160370e-02 1.071099378168582916e-02 4.587673768401145935e-02 2.683379128575325012e-02 5.218783393502235413e-02 1.022405270487070084e-02 2.506984770298004150e-02 5.952391307801008224e-03 5.909849423915147781e-03 1.396967936307191849e-02 3.797623515129089355e-02 3.466860949993133545e-02 3.359151631593704224e-02 2.412420697510242462e-02 3.875286877155303955e-02 5.501424893736839294e-02 4.681179125327616930e-04 1.427480131387710571e-01 3.240999951958656311e-02 2.345933346077799797e-03 1.771959103643894196e-02 4.624198749661445618e-02 1.099139801226556301e-03 1.391197144985198975e-01 1.972238719463348389e-02 2.318853698670864105e-02 2.675534784793853760e-02 4.986877739429473877e-02 5.423327162861824036e-02 3.473280370235443115e-02 1.956309564411640167e-02 5.436218157410621643e-02 3.916971012949943542e-02 3.243006765842437744e-02 9.524639695882797241e-03 1.709015108644962311e-02 9.320330806076526642e-03 3.663031011819839478e-02 6.573927402496337891e-02 1.654921798035502434e-04 3.855511546134948730e-02 4.150500521063804626e-02 2.118528261780738831e-02 1.173742022365331650e-02 3.874067589640617371e-02 1.445329785346984863e-01 4.768026061356067657e-03 9.748666733503341675e-02 2.506453171372413635e-02 2.984819933772087097e-02 4.490880295634269714e-02 3.737487364560365677e-03 1.444512419402599335e-02 5.393875017762184143e-02 4.058399796485900879e-02 5.716532841324806213e-02 2.971610613167285919e-02 6.610270589590072632e-02 5.417558550834655762e-02 1.938163489103317261e-02 3.079534694552421570e-02 2.062940783798694611e-02 1.925012283027172089e-02 3.622109442949295044e-02 6.615115702152252197e-02 8.533871732652187347e-03 9.707473218441009521e-03 6.223597377538681030e-02 1.463914476335048676e-02 2.268410287797451019e-02 9.451672667637467384e-04 1.434793975204229355e-02 3.777381777763366699e-02 6.434560753405094147e-03 9.833710268139839172e-03 1.539740012958645821e-03 1.800337806344032288e-02 1.599905267357826233e-02 1.539796218276023865e-02 1.170935761183500290e-02 2.729729376733303070e-02 5.775506608188152313e-03 1.522271614521741867e-02 4.884908720850944519e-02
1.773810982704162598e-01 1.706015020608901978e-01 1.839001895859837532e-03 3.522431477904319763e-02 3.940940368920564651e-03 6.762249767780303955e-02 8.537267893552780151e-02 1.190543454140424728e-02 8.630969561636447906e-03 4.601665213704109192e-02 4.636772871017456055e-01 2.676762640476226807e-02 1.466081440448760986e-01 2.255437709391117096e-02 2.109136432409286499e-02 9.096585214138031006e-03 3.667609393596649170e-02 4.772718530148267746e-03 4.081357643008232117e-02 6.172381108626723289e-05 5.418788641691207886e-02 8.486252278089523315e-03 5.486817099153995514e-03 1.520029362291097641e-02 2.090749703347682953e-02 3.631848469376564026e-02 2.538347803056240082e-02 4.587765783071517944e-02 1.388270640745759010e-03 2.784997597336769104e-02 2.491076476871967316e-02 1.136831051553599536e-04 1.275858725421130657e-03 6.578402593731880188e-03 1.217114552855491638e-02 1.575263589620590210e-02 4.493002220988273621e-02 4.090485721826553345e-02 4.296686500310897827e-02 8.758099749684333801e-03 2.812387794256210327e-02 7.958465255796909332e-03 2.941301651298999786e-02 3.538174554705619812e-02 1.225594058632850647e-02 9.691914543509483337e-03 1.417046878486871719e-02 2.896438911557197571e-02 1.939976401627063751e-02 4.063925892114639282e-02 3.137670457363128662e-02 1.515485160052776337e-02 2.861090935766696930e-02 7.307048421353101730e-03 1.767946407198905945e-02 9.736602194607257843e-03 1.202469132840633392e-02 4.703768715262413025e-02 2.461933717131614685e-02 8.326021954417228699e-03 3.769871219992637634e-02 1.140273548662662506e-02 1.219123695045709610e-02 3.490381687879562378e-02 7.224944233894348145e-02 1.070667654275894165e-01 2.458864264190196991e-02 3.145061805844306946e-02 3.636098280549049377e-02 5.049127340316772461e-02 1.977440342307090759e-02 4.155597835779190063e-02 3.262626752257347107e-02 7.647796534001827240e-03 3.857507184147834778e-02 3.249021619558334351e-02 2.321463450789451599e-02 2.427999116480350494e-02 3.538070619106292725e-02 1.239092089235782623e-02 2.750146435573697090e-03 1.377050951123237610e-02 4.276154562830924988e-02 3.811363130807876587e-02 2.914314530789852142e-02 3.454900160431861877e-02 7.395918667316436768e-02 3.300261124968528748e-02 3.516651690006256104e-02 1.051245629787445068e-02 1.804077811539173126e-02 5.109845101833343506e-02 2.687988104298710823e-03 9.275510907173156738e-03 1.199028547853231430e-02 4.147205501794815063e-02 3.461234271526336670e-02 2.100277692079544067e-02 4.108985885977745056e-02 4.433209542185068130e-03 3.812677785754203796e-02 5.373663734644651413e-03 2.770544402301311493e-02 4.491938650608062744e-02 4.285030812025070190e-02 2.147448621690273285e-02 2.025381429120898247e-03 5.618480499833822250e-04 2.217670716345310211e-02 8.048329502344131470e-03 3.953250125050544739e-02 1.206705439835786819e-02 4.120498150587081909e-02 4.844628274440765381e-02 4.071579873561859131e-02 1.878107897937297821e-02
3.544242354109883308e-03 2.389287017285823822e-02 6.178779061883687973e-03 6.449382752180099487e-03 8.687144145369529724e-03 1.237723417580127716e-02 3.138114116154611111e-04 2.942800521850585938e-03 7.197486702352762222e-03 1.081597059965133667e-03 2.676762640476226807e-02 4.640870690345764160e-01 2.145531820133328438e-03 1.004327163100242615e-01 3.263047710061073303e-02 2.857633866369724274e-03 5.737508181482553482e-04 3.178407624363899231e-02 2.453613094985485077e-02 8.067104034125804901e-03 3.227065131068229675e-02 1.810460537672042847e-02 4.522587358951568604e-02 6.492003053426742554e-02 4.876641929149627686e-02 9.666572324931621552e-03 1.944355107843875885e-02 2.340752445161342621e-02 2.588364295661449432e-04 4.843292385339736938e-02 3.777719289064407349e-02 2.977183647453784943e-02 3.857484459877014160e-02 4.564630240201950073e-02 5.671668425202369690e-02 2.579028531908988953e-02 5.920300260186195374e-03 3.024137020111083984e-02 1.754247397184371948e-02 1.957084983587265015e-02 8.607106283307075500e-03 5.017020157538354397e-04 1.570408046245574951e-02 4.789008945226669312e-02 1.905097998678684235e-02 7.271628128364682198e-04 3.386854380369186401e-02 2.652657963335514069e-02 5.393716692924499512e-02 3.912482783198356628e-02 1.652044244110584259e-02 1.816026866436004639e-02 3.152952715754508972e-02 5.268862843513488770e-02 5.975133180618286133e-02 5.809313431382179260e-02 1.695094816386699677e-02 1.679455302655696869e-02 1.023286487907171249e-02 3.864464163780212402e-02 1.770396484062075615e-04 5.108078010380268097e-03 3.283992409706115723e-02 5.779083818197250366e-02 3.669137833639979362e-03 3.255887329578399658e-02 4.288111254572868347e-02 2.402425557374954224e-02 5.107998847961425781e-03 7.419317029416561127e-03 8.343134075403213501e-03 1.080387271940708160e-02 1.893163286149501801e-02 5.691348575055599213e-03 4.284621775150299072e-02 1.247466541826725006e-02 2.463685348629951477e-02 3.822021558880805969e-02 5.100902635604143143e-03 3.750400990247726440e-02 8.748522028326988220e-03 3.195774927735328674e-02 2.796100080013275146e-02 2.925187721848487854e-02 1.764148660004138947e-02 2.606071718037128448e-02 4.468405619263648987e-03 1.404209528118371964e-02 4.004834219813346863e-03 1.649866066873073578e-02 4.684038460254669189e-02 3.421840723603963852e-03 4.838377237319946289e-02 2.503800950944423676e-02 2.187251579016447067e-03 1.655071601271629333e-02 2.189601399004459381e-02 8.540203794836997986e-03 3.827286511659622192e-02 2.895959094166755676e-02 2.325796522200107574e-02 1.009732857346534729e-02 4.657637327909469604e-03 2.281121211126446724e-03 2.686072699725627899e-02 3.289647167548537254e-03 7.536100689321756363e-03 4.598738159984350204e-03 4.861282557249069214e-02 5.158890783786773682e-02 3.796768933534622192e-02 2.456457354128360748e-02 8.813556632958352566e-04 6.233826745301485062e-03 1.237865630537271500e-02 5.885565653443336487e-03
1.201997697353363037e-01 1.674768030643463135e-01 3.650882048532366753e-03 3.367951884865760803e-02 3.616712614893913269e-02 3.213151916861534119e-02 9.151537716388702393e-02 9.968536905944347382e-04 1.672281324863433838e-02 7.759748026728630066e-03 1.466081440448760986e-01 2.145531820133328438e-03 4.603691697120666504e-01 7.307727821171283722e-03 2.724174596369266510e-02 7.750680670142173767e-03 2.580946870148181915e-02 4.507124889642000198e-03 5.924316123127937317e-02 4.339643754065036774e-03 8.585991710424423218e-02 3.534232079982757568e-02 1.558498479425907135e-03 1.859184913337230682e-02 7.724425755441188812e-03 4.006508365273475647e-02 1.724651083350181580e-02 4.093833640217781067e-02 5.036399140954017639e-02 2.783469855785369873e-02 1.694992370903491974e-02 1.980531588196754456e-02 2.167832106351852417e-02 3.562957793474197388e-02 3.081173263490200043e-02 3.761127591133117676e-02 3.024929948151111603e-02 4.106476157903671265e-02 3.656512126326560974e-02 8.893153630197048187e-03 1.719245687127113342e-02 1.814835413824766874e-04 9.394065476953983307e-03 2.954908274114131927e-02 3.709039837121963501e-02 4.890128225088119507e-02 2.097903192043304443e-02 2.556676045060157776e-03 3.930667880922555923e-03 3.836578456684947014e-03 1.491126790642738342e-02 1.789951883256435394e-02 4.743109270930290222e-02 3.247372806072235107e-02 2.521292679011821747e-02 3.161065280437469482e-02 1.695521734654903412e-02 2.968570403754711151e-02 7.580677513033151627e-03 4.511180892586708069e-02 2.232590876519680023e-02 2.191358245909214020e-02 2.325614914298057556e-02 8.446706458926200867e-03 9.040202945470809937e-03 9.513475000858306885e-02 4.140098765492439270e-02 8.234651386737823486e-02 4.132879897952079773e-02 1.187877915799617767e-02 2.541268803179264069e-02 4.526223521679639816e-03 2.059250324964523315e-02 4.767050594091415405e-02 2.008957229554653168e-02 2.321831136941909790e-02 6.540751084685325623e-03 5.000948905944824219e-03 3.314974531531333923e-02 1.970602758228778839e-02 2.176239341497421265e-02 2.845866419374942780e-02 3.115842584520578384e-03 4.806439392268657684e-03 3.728897124528884888e-02 4.548720642924308777e-02 4.116572067141532898e-02 5.739023908972740173e-02 3.337364643812179565e-02 1.974337920546531677e-02 2.784472517669200897e-02 5.567944049835205078e-02 1.333882380276918411e-02 3.593280166387557983e-02 4.911066964268684387e-02 2.238478884100914001e-02 3.495818749070167542e-02 1.545360870659351349e-02 3.523122891783714294e-02 1.529431249946355820e-02 3.150266408920288086e-02 3.294441476464271545e-02 5.104377493262290955e-02 3.173388168215751648e-02 1.643419824540615082e-02 7.679803762584924698e-03 3.165305405855178833e-02 5.298620555549860001e-03 1.597617380321025848e-02 1.001218799501657486e-02 4.945942014455795288e-02 2.203211188316345215e-02 5.117948353290557861e-02 4.247120395302772522e-02 3.872506320476531982e-02 2.453821711242198944e-03
