5.941020250320434570e-01 2.029492110013961792e-01 2.445976994931697845e-02 2.074470743536949158e-02 1.850190572440624237e-02 1.718115955591201782e-01 6.543218344449996948e-02 7.294998969882726669e-03 4.824153706431388855e-02 3.494665399193763733e-02 1.563718616962432861e-01 4.477790370583534241e-02 1.406735926866531372e-01 4.555656388401985168e-02 8.691722527146339417e-03 1.037469226866960526e-02 1.517143845558166504e-02 3.689724579453468323e-02 6.588988471776247025e-03 2.403149195015430450e-02 3.563506994396448135e-03 5.367592722177505493e-02 3.404776006937026978e-02 8.484546560794115067e-04 1.229888107627630234e-02 3.731304546818137169e-03 5.030687153339385986e-02 3.933958336710929871e-02 1.116434205323457718e-02 2.857873588800430298e-02 2.143894694745540619e-02 7.424755604006350040e-04 2.670053206384181976e-02 1.649121567606925964e-02 4.158763214945793152e-02 2.990526333451271057e-02 4.352506622672080994e-02 1.647276617586612701e-02 5.570659879595041275e-03 2.720007300376892090e-02 2.245729044079780579e-02 4.715256020426750183e-02 4.925398156046867371e-02 2.453904971480369568e-02 4.989714175462722778e-02 3.354142233729362488e-02 1.340619921684265137e-01 4.385240003466606140e-02 2.318095648661255836e-03 6.229475839063525200e-04 1.174886856460943818e-04 9.441070258617401123e-03 1.632436551153659821e-02 1.349898707121610641e-02 1.316243037581443787e-02 2.643503062427043915e-02 1.827390678226947784e-02 3.873641788959503174e-02 2.642130665481090546e-02 1.140466146171092987e-02 4.617014154791831970e-02 4.002515226602554321e-02 2.459384128451347351e-02 1.512715592980384827e-02 1.218976540258154273e-04 3.477573394775390625e-02 8.406648412346839905e-03 5.012209340929985046e-02 3.016143850982189178e-02 5.018176045268774033e-03 2.347264252603054047e-02 9.794155135750770569e-03 1.999576389789581299e-02 1.611576043069362640e-02 1.174349337816238403e-02 1.199645176529884338e-02 4.119308665394783020e-02 4.021934792399406433e-02 5.411923304200172424e-02 2.962091565132141113e-02 3.002523910254240036e-03 9.622607380151748657e-03 1.093370188027620316e-02 4.250003024935722351e-02 1.516603585332632065e-02 4.350265488028526306e-02 1.767543330788612366e-02 3.585131466388702393e-02 2.314766496419906616e-02 3.389940038323402405e-02 3.658980131149291992e-02 3.614861518144607544e-02 1.131668779999017715e-02 4.490952566266059875e-02 3.788203373551368713e-02 1.232616603374481201e-02 4.469563066959381104e-02 9.719002060592174530e-03 2.064511179924011230e-02 3.299371572211384773e-03 1.217582821846008301e-02 2.751346444711089134e-03 4.562412947416305542e-02 3.140666708350181580e-02 6.539425347000360489e-03 7.520630955696105957e-03 2.749123424291610718e-02 3.477136045694351196e-02 1.841459982097148895e-02 3.020153380930423737e-02 1.338844280689954758e-02 3.828569501638412476e-02 5.444811191409826279e-03 1.515300292521715164e-02 8.996171876788139343e-03 4.616205114871263504e-04
2.029492110013961792e-01 5.908324122428894043e-01 2.721709385514259338e-02 9.067620150744915009e-03 2.343421615660190582e-02 1.520656198263168335e-01 8.871597796678543091e-02 8.737352676689624786e-03 4.521428141742944717e-03 1.006236113607883453e-02 1.392439305782318115e-01 3.774616494774818420e-02 1.616071313619613647e-01 3.033910878002643585e-02 1.862667500972747803e-03 1.446350570768117905e-02 4.813510458916425705e-03 1.923615299165248871e-02 3.822548687458038330e-02 1.717465929687023163e-02 3.891573846340179443e-02 6.078507006168365479e-02 1.059403829276561737e-02 2.845792658627033234e-02 2.238420210778713226e-02 1.563826017081737518e-02 6.638700515031814575e-02 4.130338877439498901e-02 2.853030711412429810e-02 3.730305284261703491e-02 1.560921221971511841e-02 2.462791651487350464e-02 6.193233421072363853e-04 1.433871965855360031e-02 2.844304777681827545e-02 1.780802570283412933e-02 3.206234797835350037e-02 1.622017100453376770e-02 6.532748695462942123e-03 6.181955337524414062e-03 2.517930604517459869e-02 2.271845936775207520e-02 1.919446140527725220e-02 9.113732725381851196e-03 3.491039574146270752e-02 3.313329070806503296e-02 1.097748652100563049e-01 6.036231294274330139e-02 3.085472993552684784e-02 3.029073961079120636e-02 2.046545501798391342e-03 1.578752882778644562e-02 1.186313387006521225e-02 2.352591603994369507e-02 4.350276291370391846e-02 1.220473926514387131e-02 2.454154193401336670e-03 4.438399523496627808e-02 3.848369233310222626e-03 3.367820754647254944e-02 2.874944359064102173e-02 4.102530330419540405e-02 3.245702385902404785e-02 2.082863636314868927e-02 3.751603886485099792e-02 3.878106921911239624e-02 1.966437883675098419e-02 2.655858639627695084e-03 3.807651624083518982e-02 4.402750171720981598e-03 1.218346413224935532e-02 2.998006157577037811e-02 3.134087473154067993e-02 4.069105256348848343e-03 2.390762977302074432e-02 2.122830785810947418e-02 3.871036693453788757e-02 3.869294747710227966e-02 3.157644346356391907e-02 2.354178391396999359e-02 1.375096105039119720e-02 5.745626986026763916e-03 1.373680215328931808e-02 2.394839935004711151e-02 6.727440282702445984e-03 2.210658974945545197e-02 7.467095274478197098e-03 3.582324832677841187e-02 2.196052484214305878e-02 2.658492513000965118e-02 6.061460822820663452e-03 3.710721433162689209e-02 3.605287149548530579e-02 7.192837446928024292e-02 3.368883952498435974e-02 1.573662855662405491e-03 1.148191839456558228e-02 6.972310133278369904e-03 3.597453981637954712e-02 3.174119815230369568e-02 2.033336833119392395e-02 1.430394314229488373e-02 3.271016478538513184e-02 3.015760518610477448e-02 4.364807158708572388e-03 5.645342636853456497e-03 1.620874740183353424e-03 3.900561481714248657e-02 3.235158324241638184e-02 2.164459414780139923e-02 2.217620424926280975e-02 4.943726584315299988e-02 2.438304387032985687e-02 1.291049923747777939e-02 1.284371409565210342e-02 7.247916422784328461e-03
2.445976994931697845e-02 2.721709385514259338e-02 5.366812944412231445e-01 1.264454331248998642e-02 1.015334110707044601e-02 4.090623464435338974e-03 3.935420140624046326e-02 6.634145230054855347e-02 1.999275013804435730e-02 9.273664094507694244e-03 2.805295027792453766e-02 1.721709407866001129e-02 2.818313986063003540e-02 2.013541571795940399e-02 1.266738027334213257e-02 2.051377110183238983e-02 3.089113533496856689e-02 2.663276158273220062e-02 1.404898473992943764e-03 2.224093116819858551e-02 3.815572336316108704e-02 2.821538224816322327e-02 9.231453761458396912e-03 4.662523791193962097e-02 2.891391329467296600e-02 3.016406297683715820e-02 4.528675228357315063e-02 4.390771314501762390e-02 2.216894552111625671e-02 1.421354711055755615e-02 3.798930265475064516e-04 3.484117332845926285e-03 2.254141494631767273e-02 2.257726900279521942e-02 2.471534162759780884e-02 2.140960842370986938e-02 2.983603067696094513e-02 2.422807179391384125e-02 6.661558058112859726e-03 3.198457136750221252e-02 4.729139152914285660e-03 4.428438376635313034e-03 2.746402099728584290e-02 1.460706582292914391e-03 2.495709247887134552e-02 1.708205044269561768e-02 2.813950739800930023e-02 1.786116883158683777e-02 2.144465968012809753e-02 4.686590656638145447e-02 2.373585477471351624e-02 4.188195243477821350e-02 1.195349148474633694e-03 1.255033351480960846e-02 1.327695697546005249e-02 3.347370028495788574e-02 7.112603168934583664e-03 2.757403068244457245e-02 3.531242161989212036e-02 3.490642411634325981e-03 1.752416417002677917e-02 2.294227853417396545e-02 2.617865242063999176e-02 5.910125561058521271e-03 3.301251679658889771e-02 1.724058762192726135e-02 1.946364901959896088e-02 4.864861816167831421e-02 6.945703644305467606e-04 7.673268672078847885e-03 3.587661683559417725e-02 2.466918900609016418e-02 3.893407434225082397e-02 4.396665841341018677e-03 3.823436424136161804e-02 3.288111463189125061e-02 3.318761941045522690e-03 2.032160013914108276e-02 1.149246096611022949e-02 2.034524083137512207e-02 2.901698462665081024e-02 2.351010590791702271e-02 6.705290637910366058e-03 2.188798226416110992e-02 1.299016643315553665e-02 3.043873049318790436e-02 1.629693247377872467e-02 1.513740234076976776e-02 2.595255337655544281e-02 2.263593301177024841e-02 2.065850421786308289e-03 2.393107116222381592e-02 1.347683276981115341e-02 2.063818834722042084e-02 3.856091201305389404e-02 3.862092271447181702e-02 3.059264644980430603e-02 1.680133864283561707e-02 1.686814986169338226e-02 4.660532251000404358e-02 3.581323474645614624e-02 1.841696724295616150e-02 4.227590188384056091e-02 4.026305675506591797e-02 4.419774189591407776e-02 6.327719241380691528e-02 7.822566479444503784e-02 7.398680318146944046e-04 2.041554544121026993e-03 8.497104048728942871e-03 7.660111784934997559e-02 1.760164857842028141e-03 1.770311221480369568e-02 1.118098106235265732e-02 1.051877625286579132e-02 2.681948803365230560e-02
2.074470743536949158e-02 9.067620150744915009e-03 1.264454331248998642e-02 5.600835084915161133e-01 5.731650441884994507e-02 2.066096663475036621e-02 1.024970901198685169e-03 2.773176878690719604e-02 8.005606010556221008e-03 4.593542590737342834e-02 3.570273146033287048e-02 3.223410621285438538e-02 3.642991557717323303e-02 2.620806358754634857e-02 2.332770265638828278e-02 4.307128489017486572e-02 1.091090030968189240e-02 4.659045115113258362e-02 1.703394763171672821e-02 1.235764473676681519e-02 1.442227046936750412e-02 4.181897640228271484e-02 4.154761135578155518e-02 8.084415458142757416e-03 1.167356316000223160e-02 1.334061846137046814e-02 1.098159421235322952e-02 9.236324578523635864e-03 2.341172657907009125e-02 1.654382050037384033e-02 9.241202846169471741e-03 4.649164900183677673e-02 1.700467988848686218e-02 3.426283225417137146e-02 4.704314097762107849e-02 3.094000928103923798e-02 3.315053880214691162e-02 9.745839983224868774e-02 6.916826218366622925e-02 2.563686855137348175e-02 4.767716303467750549e-02 3.908170014619827271e-02 6.293584126979112625e-03 1.752169057726860046e-02 1.572340540587902069e-02 7.495785597711801529e-03 2.630618587136268616e-02 1.101263798773288727e-02 3.329055011272430420e-02 2.184204198420047760e-02 3.381367400288581848e-02 2.052883803844451904e-02 2.960854582488536835e-02 2.293427474796772003e-02 1.283740904182195663e-02 1.406592410057783127e-02 1.987542770802974701e-02 4.181198775768280029e-03 5.460439994931221008e-02 5.183158442378044128e-02 1.487044990062713623e-02 3.806558623909950256e-02 7.990199327468872070e-02 6.281639635562896729e-02 1.551415771245956421e-02 2.014756016433238983e-02 3.070054762065410614e-02 4.222723189741373062e-03 3.824406862258911133e-02 4.451678693294525146e-02 7.316315919160842896e-02 3.152735903859138489e-02 1.660334467887878418e-01 4.830573499202728271e-02 4.133744165301322937e-02 8.381801657378673553e-03 4.009643569588661194e-02 3.358021378517150879e-02 1.249969191849231720e-02 1.430523209273815155e-02 5.414469167590141296e-03 2.436090074479579926e-02 3.798263892531394958e-02 9.636999107897281647e-03 3.397476300597190857e-02 2.394441701471805573e-02 1.417407393455505371e-02 7.212058175355195999e-03 3.328436613082885742e-02 3.977120667695999146e-02 3.456125780940055847e-02 4.514946043491363525e-02 3.644889965653419495e-02 3.607917949557304382e-02 3.493265807628631592e-02 3.765990026295185089e-03 1.800795830786228180e-02 2.850369922816753387e-02 7.544250227510929108e-03 2.073108777403831482e-02 4.523553699254989624e-02 4.635538533329963684e-02 4.841019585728645325e-02 3.123235888779163361e-02 3.378108888864517212e-02 4.231370240449905396e-02 3.738344088196754456e-02 3.461501747369766235e-02 3.723739087581634521e-02 2.773515693843364716e-02 1.873057521879673004e-02 3.407425247132778168e-03 1.250538416206836700e-02 3.302371129393577576e-02 1.060894969850778580e-02 3.221368044614791870e-02
1.850190572440624237e-02 2.343421615660190582e-02 1.015334110707044601e-02 5.731650441884994507e-02 5.604963302612304688e-01 1.852374896407127380e-02 8.508080616593360901e-03 1.952934265136718750e-02 2.263322472572326660e-02 4.293811041861772537e-03 1.226724963635206223e-02 1.373969111591577530e-02 5.950673483312129974e-03 4.807926714420318604e-03 1.100040413439273834e-02 2.782869897782802582e-02 2.954521216452121735e-02 3.581640869379043579e-02 3.576732799410820007e-02 1.492024678736925125e-02 3.153704479336738586e-02 1.324281655251979828e-02 1.520635932683944702e-02 6.007892545312643051e-03 3.201569663360714912e-03 1.848561316728591919e-02 4.560580477118492126e-03 1.225182972848415375e-02 2.411175332963466644e-02 5.834438372403383255e-03 4.674131516367197037e-03 1.817916147410869598e-02 2.415646333247423172e-03 3.971640393137931824e-02 4.832005873322486877e-02 3.232792764902114868e-02 2.489683218300342560e-02 3.530527232214808464e-03 4.412813857197761536e-02 5.391681939363479614e-02 2.280003204941749573e-02 2.907225117087364197e-02 3.659722954034805298e-02 3.210549056529998779e-02 1.049114274792373180e-03 1.587636186741292477e-03 1.891978457570075989e-02 2.145174890756607056e-03 1.866829814389348030e-03 3.933062776923179626e-02 5.085041373968124390e-02 1.527877058833837509e-02 9.607918560504913330e-03 1.435722783207893372e-02 1.603639498353004456e-02 1.219050493091344833e-02 1.107769832015037537e-02 1.823533326387405396e-02 4.903202131390571594e-02 1.649698242545127869e-02 4.540783353149890900e-03 5.482707638293504715e-03 8.475751616060733795e-03 9.422129951417446136e-03 2.662708424031734467e-02 2.695543924346566200e-03 1.227861922234296799e-02 1.962230168282985687e-02 2.000028267502784729e-02 1.745638810098171234e-02 2.010361105203628540e-02 9.008864872157573700e-03 4.687206074595451355e-02 2.609623782336711884e-02 9.380886703729629517e-02 7.014484144747257233e-03 4.770167544484138489e-02 1.921546645462512970e-02 1.363153569400310516e-02 1.692397892475128174e-02 8.121817372739315033e-03 1.466935407370328903e-02 2.803509682416915894e-02 4.953877627849578857e-02 2.940186113119125366e-02 3.060342185199260712e-02 1.107350271195173264e-02 5.633780267089605331e-03 3.835954517126083374e-02 1.155726425349712372e-02 1.046790648251771927e-02 3.757238155230879784e-03 3.724893322214484215e-03 2.486862614750862122e-02 1.515111979097127914e-02 2.836118265986442566e-02 2.737638354301452637e-02 1.053237938322126865e-03 3.054606355726718903e-02 1.903006993234157562e-02 2.354169962927699089e-03 2.247227914631366730e-02 4.459088295698165894e-02 2.087047696113586426e-02 6.453983485698699951e-03 4.557479172945022583e-02 3.259542956948280334e-02 3.274037316441535950e-02 3.256320953369140625e-02 4.911606665700674057e-03 3.447942808270454407e-02 3.997214883565902710e-02 2.858811616897583008e-02 3.622455894947052002e-02 4.157207161188125610e-02 2.272858656942844391e-02
1.718115955591201782e-01 1.520656198263168335e-01 4.090623464435338974e-03 2.066096663475036621e-02 1.852374896407127380e-02 5.946645736694335938e-01 9.644886106252670288e-02 1.508278492838144302e-02 1.748128421604633331e-02 1.039396598935127258e-02 1.226345002651214600e-01 1.883622072637081146e-02 1.033279523253440857e-01 1.751228049397468567e-02 1.638461835682392120e-02 2.662210725247859955e-02 2.736556902527809143e-02 4.515639040619134903e-03 3.526540845632553101e-02 2.542804181575775146e-02 2.829868532717227936e-02 5.214119330048561096e-02 5.276065319776535034e-02 3.051187843084335327e-02 3.301404416561126709e-02 3.075268305838108063e-02 1.902346499264240265e-02 1.672264537774026394e-03 1.050399523228406906e-02 4.277454572729766369e-04 2.217475697398185730e-02 3.684383630752563477e-02 3.677953267470002174e-03 2.998512610793113708e-02 1.164060831069946289e-02 7.695812266319990158e-03 8.467962965369224548e-03 4.323390312492847443e-03 2.428805083036422729e-02 3.517569974064826965e-02 9.306572377681732178e-03 2.976631000638008118e-02 1.945761777460575104e-02 1.592133939266204834e-02 1.071543525904417038e-02 2.273101359605789185e-03 1.439795643091201782e-01 5.596101656556129456e-02 3.139174729585647583e-02 2.017786353826522827e-02 2.902615256607532501e-02 3.847995027899742126e-02 8.474743925034999847e-03 4.640517290681600571e-03 1.652530208230018616e-02 2.469735778868198395e-02 1.142530422657728195e-02 3.087303042411804199e-02 1.374945603311061859e-02 8.012836915440857410e-04 4.083491116762161255e-02 3.557931259274482727e-02 7.877939380705356598e-03 3.951145708560943604e-02 2.822539396584033966e-02 2.996454015374183655e-02 4.517776425927877426e-03 7.506802678108215332e-03 4.876588284969329834e-02 3.160836640745401382e-03 3.325054049491882324e-02 2.741566859185695648e-03 1.666980050504207611e-02 1.720201782882213593e-02 4.449092317372560501e-03 9.580275975167751312e-03 3.186228126287460327e-02 3.591455891728401184e-02 3.361295908689498901e-02 2.452897280454635620e-02 1.768201589584350586e-02 2.079244330525398254e-02 8.241584291681647301e-04 2.338987216353416443e-02 5.764711648225784302e-03 5.971387028694152832e-03 3.846003115177154541e-02 1.390730496495962143e-02 1.388549990952014923e-02 4.832064267247915268e-03 5.792885646224021912e-02 4.150117561221122742e-02 5.069912411272525787e-03 3.193424269556999207e-02 2.364380843937397003e-02 3.441228531301021576e-03 3.921084851026535034e-02 1.685666665434837341e-02 3.853357210755348206e-02 2.730244584381580353e-02 4.007077217102050781e-02 4.073600098490715027e-02 3.210726380348205566e-02 6.783674005419015884e-03 3.828395530581474304e-02 3.557695075869560242e-02 1.806475222110748291e-02 5.402723327279090881e-02 1.638456061482429504e-02 3.248006477952003479e-02 6.685139378532767296e-04 9.414842352271080017e-03 2.676772652193903923e-03 3.329941257834434509e-02 1.711844280362129211e-02 3.542463295161724091e-03
6.543218344449996948e-02 8.871597796678543091e-02 3.935420140624046326e-02 1.024970901198685169e-03 8.508080616593360901e-03 9.644886106252670288e-02 5.882390737533569336e-01 2.438061684370040894e-02 2.411985304206609726e-03 5.888473242521286011e-03 6.356121599674224854e-02 2.427224069833755493e-02 5.151516944169998169e-02 2.789046429097652435e-02 1.228256523609161377e-02 4.791861400008201599e-03 1.426761783659458160e-02 2.784761600196361542e-02 2.782958932220935822e-02 3.686041757464408875e-02 5.373361054807901382e-03 1.431179977953433990e-02 1.507852599024772644e-02 3.400854184292256832e-04 3.709812089800834656e-02 3.066463395953178406e-02 4.847877472639083862e-02 7.521253544837236404e-03 1.537066855235025287e-04 9.217085316777229309e-03 9.731611236929893494e-03 2.320093289017677307e-02 5.654464010149240494e-03 1.214403472840785980e-02 8.496428839862346649e-03 8.365102112293243408e-03 5.416448693722486496e-03 1.180944498628377914e-02 5.938972462899982929e-04 1.185643393546342850e-02 4.465098306536674500e-02 2.608155598863959312e-03 2.466489793732762337e-03 5.139867775142192841e-03 2.213703934103250504e-03 1.000433415174484253e-02 7.121911644935607910e-02 6.371977180242538452e-02 2.297737821936607361e-02 7.135330699384212494e-03 4.528127983212471008e-02 1.995611563324928284e-02 5.172079429030418396e-03 1.317394431680440903e-02 2.433650195598602295e-02 2.660763263702392578e-02 1.940278150141239166e-02 1.157416123896837234e-02 2.578267455101013184e-02 1.164251589216291904e-03 1.974995061755180359e-02 2.569840848445892334e-02 7.323348429054021835e-03 1.762794516980648041e-02 1.838339230744168162e-04 9.358637034893035889e-03 3.030908480286598206e-02 1.922847144305706024e-02 3.408316150307655334e-02 5.604889709502458572e-03 4.664038121700286865e-02 1.277254056185483932e-02 2.348963730037212372e-02 4.985128063708543777e-03 1.203259802423417568e-03 2.781194821000099182e-02 1.098401006311178207e-02 4.816669505089521408e-03 5.434257327578961849e-04 4.407152067869901657e-03 6.556638516485691071e-03 2.843162417411804199e-02 4.667414817959070206e-03 6.183911464177072048e-04 3.976646065711975098e-02 3.510335832834243774e-02 7.141332607716321945e-04 2.173096872866153717e-02 1.325891003943979740e-03 2.456260286271572113e-02 2.796800807118415833e-02 2.721073850989341736e-02 2.498102933168411255e-02 1.102804206311702728e-02 4.810937680304050446e-03 9.755535051226615906e-03 8.727134205400943756e-03 9.307058644481003284e-04 1.093093771487474442e-02 1.970045268535614014e-02 1.263802312314510345e-02 1.215323712676763535e-02 1.316416193731129169e-03 1.611047075130045414e-03 1.680857874453067780e-02 6.592467427253723145e-03 1.954257115721702576e-02 2.954008616507053375e-02 8.045025169849395752e-03 1.799513213336467743e-02 1.306095067411661148e-02 1.123410370200872421e-02 2.823388390243053436e-02 1.158276852220296860e-02 5.277042090892791748e-02 2.059391327202320099e-02
7.294998969882726669e-03 8.737352676689624786e-03 6.634145230054855347e-02 2.773176878690719604e-02 1.952934265136718750e-02 1.508278492838144302e-02 2.438061684370040894e-02 5.641354322433471680e-01 2.280671522021293640e-02 2.429941296577453613e-02 4.652275238186120987e-03 3.400179743766784668e-02 9.311349131166934967e-03 2.008640952408313751e-02 8.387929946184158325e-02 4.361982643604278564e-02 2.771487273275852203e-02 5.489384755492210388e-03 7.015601266175508499e-03 2.345950528979301453e-02 1.561827864497900009e-02 4.456399381160736084e-02 4.047763999551534653e-03 2.995026065036654472e-03 5.967641249299049377e-03 1.981809362769126892e-02 4.191030561923980713e-02 8.033483289182186127e-03 2.145512029528617859e-02 1.528347842395305634e-02 1.066687982529401779e-02 2.993130125105381012e-02 5.420624744147062302e-03 2.823823690414428711e-02 3.053637593984603882e-02 2.084353938698768616e-02 9.711297461763024330e-04 3.909925371408462524e-02 1.319966651499271393e-02 1.360373850911855698e-02 3.094608895480632782e-02 3.533517941832542419e-02 3.794986009597778320e-02 1.147440820932388306e-02 2.879396080970764160e-02 3.102584369480609894e-02 7.524678017944097519e-03 3.610906004905700684e-02 5.222182348370552063e-02 1.286344695836305618e-02 5.617899820208549500e-03 1.872270554304122925e-02 2.320238389074802399e-02 3.449355950579047203e-03 2.825984964147210121e-03 3.405383974313735962e-02 3.419151902198791504e-02 6.818594876676797867e-03 9.929513558745384216e-03 3.211596980690956116e-02 4.446896538138389587e-02 2.367967180907726288e-02 1.631969399750232697e-02 2.057971060276031494e-02 2.310087718069553375e-02 4.177216812968254089e-02 4.495874047279357910e-03 2.836596034467220306e-02 3.453683480620384216e-02 2.239239402115345001e-02 1.898835413157939911e-02 3.774881362915039062e-02 4.790468141436576843e-03 9.009589441120624542e-03 2.325013093650341034e-02 6.988753378391265869e-02 2.283139526844024658e-02 3.343407064676284790e-02 2.222207561135292053e-02 3.325548022985458374e-02 5.961370468139648438e-02 7.208640128374099731e-02 4.777044057846069336e-02 1.334827393293380737e-02 1.893380656838417053e-02 2.340796403586864471e-02 8.154590427875518799e-02 5.920437723398208618e-02 5.215550214052200317e-02 2.519741095602512360e-02 1.415616367012262344e-03 6.814795080572366714e-03 3.548061475157737732e-02 4.192598164081573486e-02 2.908082678914070129e-02 2.543438039720058441e-02 7.347910199314355850e-03 4.054476693272590637e-02 4.093563929200172424e-02 2.161150798201560974e-02 4.475980997085571289e-02 2.838664501905441284e-02 2.760822139680385590e-02 1.493194233626127243e-02 1.857793144881725311e-02 2.756323432549834251e-03 5.111346021294593811e-03 2.273586951196193695e-02 1.620106957852840424e-02 4.431769624352455139e-02 2.211402170360088348e-02 3.750191628932952881e-02 1.793932542204856873e-02 1.754670031368732452e-02 3.461969783529639244e-03 4.160122200846672058e-02
4.824153706431388855e-02 4.521428141742944717e-03 1.999275013804435730e-02 8.005606010556221008e-03 2.263322472572326660e-02 1.748128421604633331e-02 2.411985304206609726e-03 2.280671522021293640e-02 5.842363834381103516e-01 3.226678818464279175e-02 2.519072405993938446e-02 1.396836945787072182e-03 2.008869871497154236e-02 7.964654825627803802e-03 1.645498536527156830e-02 1.112005859613418579e-02 3.155114129185676575e-02 8.108871430158615112e-02 4.274754971265792847e-02 1.871080324053764343e-02 1.720992289483547211e-02 1.427641417831182480e-02 3.259401395916938782e-02 1.705059036612510681e-02 4.611495882272720337e-03 3.966214135289192200e-03 4.189210757613182068e-02 1.485706306993961334e-02 8.795067667961120605e-03 2.709195390343666077e-02 2.377491071820259094e-02 1.842934824526309967e-02 4.694095253944396973e-02 2.803845889866352081e-02 2.064446173608303070e-02 7.701959460973739624e-03 6.028907373547554016e-03 4.782934114336967468e-02 3.865071758627891541e-02 3.495472669601440430e-02 3.314995765686035156e-02 5.188997834920883179e-03 1.590356789529323578e-02 1.284582633525133133e-02 5.982819944620132446e-03 3.001672029495239258e-02 2.971775270998477936e-02 2.079349569976329803e-02 8.083542436361312866e-02 3.700022399425506592e-02 7.884614169597625732e-03 1.226396672427654266e-02 3.195882588624954224e-02 1.920481957495212555e-02 3.520319238305091858e-02 4.762425646185874939e-02 2.529660984873771667e-02 2.088023349642753601e-02 3.814442083239555359e-02 4.145110026001930237e-02 1.003607641905546188e-03 2.426085621118545532e-02 8.268769830465316772e-03 3.406059369444847107e-02 3.149724751710891724e-02 3.546418622136116028e-02 9.440795518457889557e-03 5.139094311743974686e-03 6.187536288052797318e-03 1.147829648107290268e-02 4.851995408535003662e-02 3.243066603317856789e-03 4.801234230399131775e-03 1.129413489252328873e-03 4.803941026329994202e-02 8.583204820752143860e-03 4.321532323956489563e-02 9.693067986518144608e-04 2.280447632074356079e-02 1.479786820709705353e-02 1.666934043169021606e-02 1.452202349901199341e-02 3.147946699755266309e-05 1.263631787151098251e-02 1.989464508369565010e-03 2.026301110163331032e-03 2.089160727337002754e-03 2.370879799127578735e-02 3.768373653292655945e-02 6.269239354878664017e-03 1.034272555261850357e-02 4.775394219905138016e-03 2.548095397651195526e-02 4.535498563200235367e-03 2.006314508616924286e-02 1.489366777241230011e-02 1.604876667261123657e-02 1.799171231687068939e-02 2.118238247931003571e-02 2.334214979782700539e-03 3.504042048007249832e-03 4.202024545520544052e-03 1.695326762273907661e-03 1.231119967997074127e-02 1.949954964220523834e-02 4.443082585930824280e-02 1.151228602975606918e-02 1.440759375691413879e-02 1.572333648800849915e-02 1.517346967011690140e-02 3.001722879707813263e-02 8.015383966267108917e-03 1.816869899630546570e-02 3.364346176385879517e-02 2.288192324340343475e-02 9.942080825567245483e-03
3.494665399193763733e-02 1.006236113607883453e-02 9.273664094507694244e-03 4.593542590737342834e-02 4.293811041861772537e-03 1.039396598935127258e-02 5.888473242521286011e-03 2.429941296577453613e-02 3.226678818464279175e-02 5.856645107269287109e-01 7.131288293749094009e-04 1.661762967705726624e-02 1.056041847914457321e-02 2.639846131205558777e-02 5.729002878069877625e-03 5.529405549168586731e-03 1.850404404103755951e-02 3.867900464683771133e-03 7.306266576051712036e-02 4.027189686894416809e-02 3.075264394283294678e-02 2.058466523885726929e-02 1.911885850131511688e-02 1.700711436569690704e-02 2.393620461225509644e-02 2.577939070761203766e-02 4.204845800995826721e-02 2.067232504487037659e-02 2.333065867424011230e-02 2.389374747872352600e-02 6.306795869022607803e-03 1.277206698432564735e-03 1.707595586776733398e-02 1.727071590721607208e-03 3.865237534046173096e-02 1.186548848636448383e-03 1.295909564942121506e-02 4.089489206671714783e-02 3.793072327971458435e-02 6.349070463329553604e-03 3.403963893651962280e-02 1.956564188003540039e-02 3.944585099816322327e-03 1.403325144201517105e-02 5.209376569837331772e-03 2.867335267364978790e-02 8.977345190942287445e-03 5.668501369655132294e-03 9.079675190150737762e-03 6.528155505657196045e-02 2.297195047140121460e-02 1.639851741492748260e-02 4.370264336466789246e-02 3.380962833762168884e-02 3.291875496506690979e-02 7.887981086969375610e-02 4.628811776638031006e-02 6.961746606975793839e-03 1.280355453491210938e-02 3.324382007122039795e-02 1.569889113306999207e-02 2.687979117035865784e-02 1.408330444246530533e-02 3.932175785303115845e-02 4.298954457044601440e-02 2.932536043226718903e-02 5.080093070864677429e-02 4.784903302788734436e-02 2.191169373691082001e-02 3.527507558465003967e-02 1.330060046166181564e-02 6.532627157866954803e-03 5.168089643120765686e-03 4.662618413567543030e-02 2.993249706923961639e-02 1.769556291401386261e-02 3.064269432798027992e-03 6.749361008405685425e-02 1.233574002981185913e-02 7.357590645551681519e-02 3.268743166700005531e-03 9.555714204907417297e-03 2.273767255246639252e-02 6.622109562158584595e-02 1.264638453722000122e-02 5.413992796093225479e-03 2.831461466848850250e-02 2.856777235865592957e-02 2.179119735956192017e-02 5.615475773811340332e-02 1.541225519031286240e-02 3.266124404035508633e-04 2.222982980310916901e-02 1.051822118461132050e-02 3.504955396056175232e-02 6.854467559605836868e-03 2.709870040416717529e-02 1.105776149779558182e-02 3.424456343054771423e-03 6.217277143150568008e-03 4.677364602684974670e-03 2.374497242271900177e-02 1.550148986279964447e-02 7.482277229428291321e-03 4.387289285659790039e-02 1.842902041971683502e-02 3.071278706192970276e-02 4.414480179548263550e-03 9.727755561470985413e-03 1.013304665684700012e-02 8.328348398208618164e-03 1.858820579946041107e-02 3.863646462559700012e-02 3.461783379316329956e-02 3.731366246938705444e-03 1.753172837197780609e-02
1.563718616962432861e-01 1.392439305782318115e-01 2.805295027792453766e-02 3.570273146033287048e-02 1.226724963635206223e-02 1.226345002651214600e-01 6.356121599674224854e-02 4.652275238186120987e-03 2.519072405993938446e-02 7.131288293749094009e-04 6.001122593879699707e-01 2.985349670052528381e-02 1.316697597503662109e-01 3.113873302936553955e-02 8.500732481479644775e-03 4.412165284156799316e-02 4.347578436136245728e-02 2.618429996073246002e-02 2.797565236687660217e-02 3.233718872070312500e-02 2.779168821871280670e-02 4.986262321472167969e-02 2.395527064800262451e-02 5.772631987929344177e-02 2.325843833386898041e-02 6.284983363002538681e-03 2.458805218338966370e-02 3.131294623017311096e-02 5.814215913414955139e-02 4.359531775116920471e-02 1.442508678883314133e-02 3.237871825695037842e-02 2.968200109899044037e-02 1.581385917961597443e-02 3.471213951706886292e-02 4.001407884061336517e-03 9.762197732925415039e-03 5.385690834373235703e-03 1.242229808121919632e-02 3.907798975706100464e-02 6.424902938306331635e-03 1.428617723286151886e-02 2.471695654094219208e-02 3.667197003960609436e-02 2.326899084437172860e-05 1.115059666335582733e-02 1.282783746719360352e-01 6.805302202701568604e-02 5.256187170743942261e-03 4.003212600946426392e-02 3.809068351984024048e-02 3.702624887228012085e-02 6.496348883956670761e-03 1.586120948195457458e-02 3.091897582635283470e-03 1.156323309987783432e-02 1.409862097352743149e-02 3.394806012511253357e-02 3.726454824209213257e-02 1.346596609801054001e-02 2.044629678130149841e-02 1.012915652245283127e-02 2.377676218748092651e-02 9.225561283528804779e-03 2.786630205810070038e-02 5.193351209163665771e-02 1.169467158615589142e-02 1.655967347323894501e-02 2.311473526060581207e-02 1.469106692820787430e-02 1.447270996868610382e-02 2.079531736671924591e-02 3.691051527857780457e-02 4.341364372521638870e-03 3.546993061900138855e-02 7.509033195674419403e-03 2.632101066410541534e-02 1.181773468852043152e-02 1.918643526732921600e-02 1.878115348517894745e-02 7.555517368018627167e-03 1.033893134444952011e-02 9.599315002560615540e-03 1.244310662150382996e-02 1.480846572667360306e-02 1.211254857480525970e-02 1.075157243758440018e-02 2.083598636090755463e-02 4.147600382566452026e-03 1.000486779958009720e-02 6.560377031564712524e-02 3.951030224561691284e-02 3.595160320401191711e-02 5.253624916076660156e-02 2.307028137147426605e-02 7.200498948805034161e-04 3.029544278979301453e-02 1.234056055545806885e-02 4.048699885606765747e-02 4.456106945872306824e-02 4.380239173769950867e-02 3.454982489347457886e-02 2.697249874472618103e-02 8.024973794817924500e-03 1.955606602132320404e-02 4.077146574854850769e-02 7.710995618253946304e-03 1.748404279351234436e-02 2.750729955732822418e-02 5.638445727527141571e-03 2.058148756623268127e-02 8.860695175826549530e-03 5.864860024303197861e-03 2.292861044406890869e-02 3.803122416138648987e-02 7.687072269618511200e-03
4.477790370583534241e-02 3.774616494774818420e-02 1.721709407866001129e-02 3.223410621285438538e-02 1.373969111591577530e-02 1.883622072637081146e-02 2.427224069833755493e-02 3.400179743766784668e-02 1.396836945787072182e-03 1.661762967705726624e-02 2.985349670052528381e-02 5.902568697929382324e-01 1.991554535925388336e-02 8.104325830936431885e-02 1.184177305549383163e-02 2.159028127789497375e-02 2.448217011988162994e-02 3.131823241710662842e-02 4.250493273138999939e-02 6.684187799692153931e-03 2.236447483301162720e-02 2.579974755644798279e-02 4.658093675971031189e-02 2.792030386626720428e-02 2.924155443906784058e-02 1.382316695526242256e-03 4.477060958743095398e-02 6.535705924034118652e-02 1.797978207468986511e-02 6.512205302715301514e-02 7.058441638946533203e-03 4.019632562994956970e-02 2.288344316184520721e-02 3.815962374210357666e-02 8.309813216328620911e-03 1.071410160511732101e-02 6.270997691899538040e-03 4.527084901928901672e-02 2.420486882328987122e-02 1.607833802700042725e-02 2.988367900252342224e-02 2.508908696472644806e-02 5.157948657870292664e-02 2.634369209408760071e-02 1.708861440420150757e-02 3.805524902418255806e-03 5.007501225918531418e-03 2.245267387479543686e-04 3.251195326447486877e-02 4.767166078090667725e-02 6.215490400791168213e-03 2.185126021504402161e-02 6.833972409367561340e-03 1.942579634487628937e-02 2.410315908491611481e-02 3.457834199070930481e-02 1.495095784775912762e-03 2.969125658273696899e-02 3.750555589795112610e-02 2.292893454432487488e-02 3.742486983537673950e-02 3.454196825623512268e-02 1.839679898694157600e-03 3.326300159096717834e-02 1.304776221513748169e-02 4.967649001628160477e-03 2.415394596755504608e-02 3.808197006583213806e-02 5.768916569650173187e-03 1.028933795168995857e-03 1.270764693617820740e-02 6.319269537925720215e-03 3.849169239401817322e-02 4.880175925791263580e-03 1.673244684934616089e-02 1.226145401597023010e-02 3.913920000195503235e-02 9.356928989291191101e-03 6.967268418520689011e-03 2.737087570130825043e-02 2.937700599431991577e-02 3.508341265842318535e-03 3.200826793909072876e-02 2.538246661424636841e-02 3.238297253847122192e-02 3.809278458356857300e-02 5.260363221168518066e-03 2.113778889179229736e-02 1.975193060934543610e-02 1.080371439456939697e-02 2.301657944917678833e-02 2.712099114432930946e-03 1.287252921611070633e-02 2.287560346303507686e-04 9.005003375932574272e-04 2.979090437293052673e-02 2.022112486883997917e-03 2.883550943806767464e-03 3.124829195439815521e-02 1.464715506881475449e-02 4.291176795959472656e-02 2.416167408227920532e-02 9.464960545301437378e-03 7.498765364289283752e-03 8.603336289525032043e-03 3.663740120828151703e-03 3.092209808528423309e-02 1.473565306514501572e-02 2.711135335266590118e-02 1.772825233638286591e-02 1.581776887178421021e-02 4.957417771220207214e-02 4.016008973121643066e-02 4.328624159097671509e-02 2.276141010224819183e-02 3.867051377892494202e-02
1.406735926866531372e-01 1.616071313619613647e-01 2.818313986063003540e-02 3.642991557717323303e-02 5.950673483312129974e-03 1.033279523253440857e-01 5.151516944169998169e-02 9.311349131166934967e-03 2.008869871497154236e-02 1.056041847914457321e-02 1.316697597503662109e-01 1.991554535925388336e-02 5.958572030067443848e-01 2.853343263268470764e-02 9.664691053330898285e-03 4.849410429596900940e-02 4.473765566945075989e-02 1.352110703010112047e-04 2.661746367812156677e-02 2.326538413763046265e-02 1.475688256323337555e-02 3.778160363435745239e-02 3.489047288894653320e-02 5.303364992141723633e-02 2.623542398214340210e-02 3.328531235456466675e-02 3.346257284283638000e-02 2.491939440369606018e-02 4.745729267597198486e-03 2.702395431697368622e-02 2.883957140147686005e-02 3.820726647973060608e-02 5.342469085007905960e-03 3.037534281611442566e-02 3.280674805864691734e-03 6.852572318166494370e-03 2.570839039981365204e-02 2.263313159346580505e-02 2.182977646589279175e-02 4.113258793950080872e-02 1.534152682870626450e-02 2.756949048489332199e-03 1.956861652433872223e-02 4.416246898472309113e-03 9.558777324855327606e-03 9.806728921830654144e-04 1.026883870363235474e-01 7.245633751153945923e-02 2.291321009397506714e-02 3.860858827829360962e-02 4.111326485872268677e-02 4.526207968592643738e-02 4.104298539459705353e-03 4.131515510380268097e-03 3.811502829194068909e-02 3.481229767203330994e-03 2.560500055551528931e-02 2.169614285230636597e-02 3.619721531867980957e-02 1.916631683707237244e-02 3.633102169260382652e-03 8.104977197945117950e-03 2.631961740553379059e-02 8.141163736581802368e-03 3.537286072969436646e-03 8.102545142173767090e-02 3.514358028769493103e-02 1.584602519869804382e-02 1.992126181721687317e-02 2.423206344246864319e-03 2.207549847662448883e-02 3.691867738962173462e-02 1.039456110447645187e-02 1.787482178770005703e-03 5.277021788060665131e-03 1.429802738130092621e-02 3.641032800078392029e-02 2.075943537056446075e-02 1.108008064329624176e-02 2.935908734798431396e-03 4.948919173330068588e-03 1.246029790490865707e-02 1.797915436327457428e-02 1.187205407768487930e-02 2.755471318960189819e-02 1.284599956125020981e-02 1.168557628989219666e-02 1.902329735457897186e-02 2.208424359560012817e-02 1.140275876969099045e-02 3.825689479708671570e-02 3.407014161348342896e-02 6.765466183423995972e-02 7.423121482133865356e-02 3.076696954667568207e-02 1.520695723593235016e-02 1.725165732204914093e-02 1.728574000298976898e-02 2.378051914274692535e-02 4.040454700589179993e-02 3.482632339000701904e-02 2.415670454502105713e-02 3.036750480532646179e-02 3.513456508517265320e-02 3.011567331850528717e-02 3.299405798316001892e-02 1.823942363262176514e-02 2.157144621014595032e-02 2.620015852153301239e-02 1.360225956887006760e-02 2.785737998783588409e-02 1.471158675849437714e-02 1.830616034567356110e-02 1.414876617491245270e-02 3.890489041805267334e-02 3.298257477581501007e-03
