5.665858983993530273e-01 1.127637401223182678e-01 3.047518664970993996e-03 4.584411159157752991e-03 2.961033396422863007e-02 1.237336471676826477e-01 9.393931925296783447e-02 1.859506941400468349e-03 4.374644905328750610e-02 3.496558219194412231e-02 1.155864000320434570e-01 4.126501735299825668e-03 1.130817607045173645e-01 2.137592434883117676e-02 1.055696792900562286e-02 9.524584747850894928e-03 3.299586242064833641e-04 3.644473850727081299e-02 1.308479998260736465e-02 1.887865737080574036e-02 2.901678159832954407e-02 3.790389001369476318e-02 1.420986372977495193e-02 1.698135770857334137e-02 2.236750442534685135e-03 1.790120266377925873e-02 1.528896857053041458e-03 1.275652460753917694e-02 2.140625938773155212e-02 1.801220141351222992e-02 2.956881560385227203e-02 5.952552426606416702e-03 7.490586489439010620e-03 3.164169192314147949e-02 7.430790457874536514e-03 2.115643117576837540e-03 9.375383146107196808e-03 4.298749938607215881e-02 3.321837261319160461e-02 1.172904158011078835e-03 1.906516216695308685e-02 1.349592860788106918e-02 1.654137857258319855e-02 3.558320552110671997e-02 3.899235278367996216e-02 2.145767910405993462e-03 1.109257861971855164e-01 6.841269880533218384e-02 3.917229548096656799e-02 9.691341780126094818e-03 8.216514252126216888e-03 5.542426835745573044e-03 4.036797583103179932e-02 9.263672865927219391e-03 3.474573418498039246e-02 3.106485493481159210e-02 4.519676417112350464e-02 3.320340439677238464e-02 1.871334016323089600e-02 7.498430786654353142e-04 3.224480198696255684e-03 2.178042382001876831e-02 3.459167107939720154e-02 2.207576669752597809e-02 3.498952835798263550e-02 3.392191603779792786e-02 1.239539962261915207e-02 3.309576958417892456e-02 4.176297225058078766e-03 5.067393928766250610e-02 6.995096337050199509e-03 4.207324609160423279e-02 6.289012264460325241e-03 2.937121503055095673e-02 1.751337083987891674e-03 1.559181511402130127e-02 2.856093458831310272e-02 9.620358236134052277e-03 4.726293683052062988e-02 3.234763070940971375e-02 1.128372643142938614e-02 3.870040923357009888e-02 3.112779743969440460e-02 2.375051006674766541e-02 2.085595019161701202e-02 2.230899408459663391e-02 6.480140727944672108e-04 4.046853631734848022e-03 6.966493674553930759e-04 1.423014327883720398e-02 6.329178065061569214e-02 3.179653722327202559e-04 3.079503588378429413e-02 2.215125970542430878e-02 9.880029596388339996e-03 4.202799499034881592e-02 2.980299293994903564e-02 3.196623921394348145e-02 3.244179533794522285e-03 3.616108791902661324e-03 1.505275536328554153e-02 8.017406798899173737e-03 3.108851797878742218e-02 1.973851211369037628e-02 6.002969574183225632e-03 1.852875575423240662e-02 9.231318719685077667e-03 2.423293702304363251e-02 2.571859210729598999e-02 3.837786614894866943e-02 3.815898299217224121e-02 4.518147557973861694e-02 4.453657660633325577e-03 3.700220584869384766e-02 6.668307818472385406e-03 2.840082161128520966e-02
1.127637401223182678e-01 5.612116456031799316e-01 3.766990453004837036e-02 4.626004956662654877e-03 1.950480788946151733e-02 1.208433285355567932e-01 1.068273186683654785e-01 2.468571811914443970e-02 4.644203931093215942e-02 3.954891115427017212e-02 9.019713848829269409e-02 2.484784694388508797e-03 1.172591522336006165e-01 1.950570195913314819e-02 7.544185791630297899e-05 1.264293864369392395e-02 1.610951039765495807e-05 3.735350817441940308e-02 1.328328531235456467e-02 6.544770672917366028e-03 2.589056268334388733e-02 3.281675279140472412e-02 1.919642463326454163e-02 1.657122746109962463e-02 1.648803008720278740e-03 9.525455534458160400e-03 6.970615126192569733e-03 1.703553646802902222e-02 1.218130625784397125e-02 6.799909751862287521e-03 1.640060357749462128e-02 6.796831265091896057e-03 1.166547462344169617e-02 3.051494620740413666e-02 1.900878036394715309e-03 4.513469175435602665e-04 1.490207947790622711e-02 3.211647644639015198e-02 2.319125458598136902e-02 3.931183833628892899e-03 3.009772626683115959e-04 1.480643404647707939e-03 9.130131453275680542e-03 3.130502998828887939e-02 4.695399198681116104e-03 8.221856318414211273e-03 9.419006854295730591e-02 7.377521693706512451e-02 3.046457469463348389e-02 2.091480605304241180e-02 1.311816554516553879e-02 1.736788265407085419e-02 3.876108676195144653e-02 4.877832252532243729e-03 3.143625706434249878e-02 2.138346433639526367e-02 5.374709144234657288e-02 4.351504147052764893e-02 2.361476980149745941e-02 1.367542706429958344e-02 5.512293893843889236e-03 2.547200396656990051e-02 2.889769524335861206e-02 1.521877106279134750e-02 4.595092311501502991e-02 4.059701785445213318e-02 1.835177093744277954e-02 3.721489757299423218e-02 1.017762068659067154e-02 2.874698303639888763e-02 2.870648866519331932e-03 5.712208803743124008e-03 1.046083122491836548e-02 2.404476515948772430e-03 4.150971770286560059e-02 2.601392567157745361e-02 3.427407145500183105e-02 2.087329514324665070e-02 3.986628353595733643e-02 1.940267905592918396e-02 8.786175400018692017e-03 4.887828230857849121e-02 2.383046410977840424e-02 1.867975294589996338e-02 1.420782878994941711e-02 3.752669552341103554e-03 2.381798624992370605e-02 1.231846958398818970e-02 2.351955883204936981e-02 1.229945942759513855e-02 4.219726845622062683e-02 3.715331852436065674e-02 1.315414812415838242e-02 9.515191428363323212e-03 7.887735962867736816e-03 3.882006928324699402e-02 1.557105686515569687e-02 3.267519548535346985e-02 2.105950191617012024e-02 1.541840191930532455e-02 1.639730669558048248e-02 5.707250908017158508e-03 3.571482747793197632e-02 3.609025478363037109e-02 2.721320604905486107e-03 1.840525120496749878e-02 1.926998607814311981e-03 3.780238330364227295e-02 3.999087493866682053e-03 3.874716907739639282e-02 3.388672694563865662e-02 4.288467392325401306e-02 8.127589710056781769e-03 2.038052491843700409e-02 3.837865218520164490e-02 5.869870074093341827e-03
3.047518664970993996e-03 3.766990453004837036e-02 5.192247629165649414e-01 5.553041025996208191e-02 1.869555190205574036e-02 1.670489460229873657e-02 1.861933618783950806e-02 1.703918576240539551e-01 3.436450287699699402e-02 2.610608749091625214e-02 3.453090321272611618e-03 2.591526694595813751e-02 2.776834368705749512e-02 7.295815274119377136e-03 1.291583850979804993e-02 2.985667064785957336e-02 9.414252825081348419e-03 1.346135977655649185e-02 1.749994419515132904e-02 1.452003791928291321e-02 2.667421102523803711e-02 1.437617116607725620e-03 3.942538518458604813e-03 1.564738340675830841e-02 7.278320379555225372e-03 3.258832171559333801e-02 2.093807049095630646e-02 1.248899498023092747e-03 1.001926511526107788e-02 1.763121224939823151e-02 2.582728117704391479e-02 2.971231937408447266e-02 4.300476610660552979e-02 5.047444254159927368e-02 3.001075005158782005e-03 1.555149164050817490e-02 2.445863746106624603e-02 5.034970119595527649e-02 2.810873463749885559e-02 1.270731259137392044e-02 4.471701756119728088e-02 1.265376433730125427e-02 1.121573895215988159e-02 1.030342373996973038e-02 6.992585957050323486e-02 4.357715323567390442e-02 3.015463799238204956e-02 3.555832430720329285e-03 8.139431476593017578e-03 2.196632511913776398e-02 1.569377817213535309e-02 1.713660173118114471e-02 1.973264850676059723e-02 1.474658213555812836e-02 1.603860035538673401e-02 1.420038379728794098e-02 1.957109197974205017e-02 1.031371019780635834e-02 3.247901424765586853e-02 1.417572610080242157e-02 6.048522191122174263e-04 1.019932143390178680e-02 3.993851691484451294e-02 1.108735613524913788e-02 3.437737375497817993e-02 3.266436979174613953e-02 4.644482955336570740e-02 5.436089262366294861e-02 3.154279664158821106e-02 1.596601679921150208e-02 3.762175142765045166e-02 2.545292302966117859e-02 4.603783041238784790e-02 1.726271212100982666e-02 6.565050221979618073e-03 1.953959092497825623e-02 3.848364204168319702e-02 3.000370599329471588e-02 2.949160709977149963e-02 6.087810033932328224e-04 2.375474013388156891e-02 1.408372521400451660e-01 8.522283285856246948e-03 4.451583139598369598e-03 8.723203791305422783e-04 3.049304336309432983e-02 3.696560114622116089e-02 6.121395621448755264e-03 4.285044595599174500e-02 1.049522659741342068e-03 1.075307093560695648e-02 1.143171451985836029e-02 3.075387142598628998e-02 6.071502342820167542e-02 3.930597752332687378e-02 1.719376817345619202e-02 2.234885655343532562e-02 5.139290541410446167e-02 9.964844211935997009e-03 1.639972813427448273e-02 2.621895261108875275e-02 4.079145193099975586e-02 6.745365099050104618e-04 1.119791269302368164e-01 5.739408079534769058e-03 1.287961844354867935e-02 1.166950911283493042e-02 1.634632050991058350e-02 2.311708405613899231e-02 1.007500290870666504e-02 3.852871432900428772e-02 3.168286383152008057e-02 3.859925270080566406e-02 3.164450451731681824e-02 1.881877332925796509e-02 1.621812023222446442e-02
4.584411159157752991e-03 4.626004956662654877e-03 5.553041025996208191e-02 5.493275523185729980e-01 9.227702766656875610e-02 2.208188176155090332e-02 2.402847260236740112e-02 3.316749632358551025e-02 1.412992645055055618e-02 3.226878866553306580e-02 4.060635715723037720e-02 3.919958602637052536e-03 4.281235858798027039e-02 4.431275650858879089e-03 1.939767785370349884e-02 5.147318355739116669e-03 2.566153369843959808e-02 3.626007586717605591e-02 1.729356311261653900e-02 3.852083906531333923e-02 1.947235781699419022e-03 7.069089915603399277e-03 8.601319976150989532e-03 1.663858257234096527e-02 4.316304251551628113e-02 3.633094951510429382e-02 5.250809714198112488e-03 1.646987348794937134e-02 5.699455272406339645e-03 6.352703552693128586e-03 3.128733113408088684e-02 4.176636040210723877e-02 3.892942517995834351e-02 9.295355994254350662e-04 6.975546013563871384e-03 3.365833684802055359e-02 5.078067630529403687e-02 4.159493744373321533e-02 5.094138160347938538e-02 4.101301357150077820e-02 1.409338507801294327e-02 5.892101209610700607e-03 1.518136542290449142e-02 2.342084608972072601e-02 1.862580515444278717e-02 2.996814064681529999e-02 2.641384489834308624e-02 5.058329552412033081e-04 2.682154811918735504e-02 6.563712377101182938e-03 7.247047964483499527e-03 2.799412049353122711e-02 2.507502771914005280e-02 2.962690219283103943e-02 2.595390193164348602e-02 6.532009225338697433e-03 5.903759971261024475e-03 3.676257329061627388e-03 2.521160244941711426e-02 2.792989136651158333e-03 6.368142203427851200e-05 5.108626792207360268e-04 6.235864013433456421e-02 1.839819364249706268e-02 4.996832925826311111e-03 9.047824889421463013e-03 1.131351292133331299e-02 1.146790478378534317e-02 2.079334296286106110e-02 1.454720925539731979e-02 4.751932865474373102e-04 3.985866904258728027e-03 1.070756316184997559e-01 2.729340083897113800e-02 5.227875337004661560e-02 1.797570846974849701e-02 2.443709224462509155e-02 1.267405110411345959e-03 9.902720339596271515e-04 1.289005484431982040e-02 8.921260945498943329e-03 3.506179153919219971e-02 8.760365843772888184e-02 3.179223090410232544e-02 4.191350936889648438e-02 4.335341230034828186e-02 1.885315589606761932e-02 4.057578369975090027e-02 4.020488634705543518e-02 4.513913765549659729e-02 1.297478750348091125e-02 2.819789759814739227e-02 5.411472637206315994e-03 2.941462956368923187e-02 4.050289280712604523e-03 3.643244504928588867e-02 3.663058206439018250e-02 1.268006395548582077e-02 1.540613081306219101e-02 2.711042203009128571e-02 8.126928471028804779e-03 3.646849840879440308e-02 4.444876313209533691e-02 2.161430381238460541e-02 2.021520026028156281e-02 2.145297825336456299e-02 1.030260697007179260e-02 2.974282205104827881e-02 3.478832915425300598e-02 2.386387437582015991e-02 2.374142222106456757e-02 1.033264398574829102e-02 1.875917986035346985e-02 2.174817211925983429e-02 1.250930363312363625e-03 2.256752457469701767e-03
2.961033396422863007e-02 1.950480788946151733e-02 1.869555190205574036e-02 9.227702766656875610e-02 5.454267859458923340e-01 3.930526599287986755e-02 2.289633639156818390e-02 1.000947318971157074e-02 1.697006821632385254e-02 1.559781190007925034e-02 4.151505231857299805e-02 1.831613667309284210e-02 3.584599122405052185e-02 2.488684654235839844e-02 4.051752388477325439e-02 1.952948421239852905e-02 2.057874202728271484e-02 2.081636153161525726e-02 3.717240691184997559e-02 1.588433794677257538e-02 3.661425411701202393e-02 3.730881586670875549e-02 2.399858552962541580e-03 1.179224811494350433e-02 1.209732331335544586e-02 2.025763737037777901e-03 4.099340736865997314e-02 7.861127145588397980e-03 4.872200544923543930e-03 2.704127132892608643e-02 9.336398914456367493e-03 1.898690871894359589e-02 1.881855539977550507e-02 3.222790732979774475e-02 1.262163370847702026e-02 3.765027597546577454e-02 2.477269433438777924e-02 3.549654502421617508e-03 3.376623615622520447e-02 5.694882944226264954e-02 1.089164428412914276e-02 2.664002776145935059e-02 1.096537522971630096e-02 2.632684446871280670e-02 1.473769173026084900e-02 1.210490055382251740e-02 2.700203098356723785e-02 1.569878542795777321e-03 2.335998229682445526e-02 1.513465587049722672e-02 1.853353925980627537e-03 9.646054357290267944e-03 2.650191634893417358e-02 2.389410510659217834e-02 4.788029566407203674e-02 2.082912251353263855e-03 1.403375528752803802e-02 5.029098130762577057e-03 1.917578466236591339e-02 6.995250470936298370e-03 3.121287003159523010e-02 3.167932853102684021e-02 1.161010283976793289e-02 3.276754170656204224e-02 4.402404185384511948e-03 1.303816307336091995e-02 4.743507876992225647e-02 2.731824852526187897e-02 2.547523751854896545e-02 3.436309099197387695e-02 2.359379641711711884e-02 4.215344320982694626e-03 5.786307528614997864e-02 2.415200881659984589e-02 5.908463150262832642e-02 3.275375068187713623e-02 8.491679094731807709e-03 1.350696664303541183e-02 2.353269979357719421e-02 4.261643812060356140e-02 1.900577545166015625e-02 1.814593933522701263e-02 7.550623267889022827e-02 6.140229292213916779e-03 4.534414410591125488e-02 5.435190349817276001e-02 2.215638756752014160e-03 2.595315128564834595e-02 9.672217071056365967e-03 1.529651693999767303e-02 1.552167069166898727e-02 2.405831590294837952e-02 4.250951460562646389e-04 1.533753983676433563e-02 1.018956955522298813e-02 7.480562664568424225e-03 9.219550527632236481e-03 2.692468836903572083e-02 1.049222704023122787e-02 2.112705446779727936e-02 6.658829748630523682e-03 2.654365496709942818e-03 2.545112557709217072e-02 4.081293009221553802e-03 1.598880812525749207e-02 4.965788125991821289e-02 1.813972182571887970e-02 2.287436090409755707e-02 2.328938990831375122e-02 4.605074878782033920e-03 3.441050648689270020e-02 5.340680945664644241e-03 1.452649571001529694e-02 3.678785637021064758e-02 3.739672154188156128e-02 3.014846891164779663e-02
1.237336471676826477e-01 1.208433285355567932e-01 1.670489460229873657e-02 2.208188176155090332e-02 3.930526599287986755e-02 5.603394508361816406e-01 1.093692407011985779e-01 1.460644882172346115e-02 3.907173126935958862e-02 1.120056607760488987e-03 9.176398813724517822e-02 4.183625429868698120e-02 9.422411024570465088e-02 5.146832391619682312e-02 2.081117965281009674e-02 7.451559416949748993e-03 9.194537065923213959e-03 4.611854627728462219e-02 3.136307001113891602e-02 2.243195101618766785e-02 2.382085844874382019e-02 2.180456742644309998e-02 3.853518137475475669e-05 1.025799356284551322e-04 8.105589076876640320e-03 2.489575743675231934e-02 5.682669114321470261e-03 1.806036569178104401e-02 4.757203906774520874e-02 2.144804457202553749e-03 3.815454989671707153e-02 1.526167336851358414e-02 2.482114918529987335e-02 4.115888103842735291e-02 2.882854267954826355e-02 8.730425499379634857e-03 9.530221112072467804e-03 2.708425745368003845e-02 2.301962673664093018e-02 5.341473501175642014e-03 1.097939629107713699e-02 1.161489076912403107e-02 8.559941314160823822e-03 4.342691227793693542e-02 3.114771842956542969e-02 1.829437538981437683e-02 1.183423995971679688e-01 6.748847663402557373e-02 4.631074517965316772e-02 3.240785002708435059e-02 1.782223023474216461e-02 9.584234096109867096e-03 4.196985438466072083e-02 9.214688092470169067e-03 4.933499917387962341e-02 3.189406543970108032e-02 3.141766414046287537e-02 4.701450839638710022e-02 1.953818649053573608e-02 1.147795468568801880e-02 6.696789059787988663e-03 5.074409767985343933e-02 4.541214182972908020e-02 3.895428776741027832e-02 2.787487022578716278e-02 2.866035327315330505e-02 1.562304422259330750e-02 3.421305492520332336e-02 9.505073539912700653e-03 6.648459285497665405e-02 6.073540542274713516e-03 5.021446570754051208e-02 1.365573890507221222e-02 3.377345949411392212e-02 2.414853312075138092e-03 3.465180099010467529e-02 3.082312084734439850e-02 2.567611820995807648e-02 3.614042699337005615e-02 3.436729684472084045e-02 2.223828434944152832e-02 3.568566963076591492e-02 3.051620535552501678e-02 5.287507083266973495e-03 1.163677405565977097e-02 1.454499922692775726e-02 1.811478869058191776e-03 2.592855133116245270e-03 3.298717550933361053e-03 4.902194254100322723e-03 5.211823433637619019e-02 1.475983671844005585e-02 9.632023051381111145e-03 3.426564857363700867e-02 2.011251263320446014e-02 3.605177253484725952e-02 1.898529939353466034e-02 1.381424255669116974e-02 7.496564183384180069e-03 3.703393740579485893e-03 6.008216878399252892e-04 1.634804159402847290e-02 3.138826787471771240e-02 2.779216133058071136e-02 1.752361468970775604e-02 9.112569503486156464e-03 6.308993790298700333e-03 7.186736911535263062e-03 3.296557581052184105e-03 6.814265623688697815e-03 3.448231145739555359e-02 4.585487395524978638e-02 1.264108461327850819e-03 4.293986037373542786e-02 2.491840347647666931e-02 2.711727283895015717e-02
9.393931925296783447e-02 1.068273186683654785e-01 1.861933618783950806e-02 2.402847260236740112e-02 2.289633639156818390e-02 1.093692407011985779e-01 5.662531852722167969e-01 2.124140411615371704e-02 3.543312102556228638e-02 4.398516565561294556e-02 9.668117761611938477e-02 3.747874405235052109e-03 9.665438532829284668e-02 2.331964299082756042e-02 1.022781152278184891e-02 1.613363856449723244e-03 9.569355286657810211e-03 1.594258472323417664e-02 2.058080863207578659e-04 1.103610266000032425e-02 1.725381799042224884e-02 2.386648906394839287e-03 1.134962681680917740e-02 8.286723750643432140e-04 1.072032749652862549e-02 1.066359784454107285e-02 4.078182950615882874e-02 9.102899930439889431e-04 1.988711068406701088e-03 4.329117015004158020e-03 4.555473569780588150e-03 3.254564246162772179e-03 2.671235986053943634e-02 2.718052826821804047e-02 2.186170220375061035e-02 6.393961608409881592e-03 5.292029236443340778e-04 4.063896834850311279e-02 3.046090714633464813e-02 9.458117187023162842e-03 8.235014975070953369e-03 4.838037304580211639e-03 2.628823276609182358e-03 2.082405984401702881e-02 3.126869723200798035e-02 1.568790711462497711e-02 9.398719668388366699e-02 1.168379783630371094e-01 2.069014869630336761e-02 1.775497756898403168e-02 3.148495452478528023e-03 1.307675428688526154e-02 3.767400979995727539e-02 4.970655310899019241e-03 3.599749505519866943e-02 4.313245788216590881e-02 5.469421297311782837e-02 4.091171547770500183e-02 3.092608973383903503e-02 5.822258535772562027e-03 9.989800862967967987e-03 3.353947028517723083e-02 3.369434922933578491e-02 3.923256322741508484e-02 3.886931389570236206e-02 4.401344060897827148e-02 1.320180832408368587e-03 1.723408326506614685e-02 5.518649239093065262e-03 2.934927353635430336e-03 8.633597171865403652e-04 3.613622486591339111e-02 1.768547110259532928e-02 1.456163707189261913e-03 2.091222256422042847e-02 1.216616597957909107e-03 2.932060323655605316e-02 1.653534546494483948e-02 3.677203506231307983e-02 3.184195980429649353e-02 3.494852781295776367e-02 2.188182249665260315e-02 2.688262984156608582e-02 3.803393617272377014e-02 1.737599074840545654e-02 1.781888306140899658e-02 1.237757224589586258e-02 1.002978254109621048e-02 3.067026101052761078e-02 1.484332978725433350e-02 6.205352768301963806e-02 3.900035098195075989e-02 7.041862607002258301e-02 9.034784743562340736e-04 1.360073219984769821e-02 3.645126149058341980e-02 4.283612221479415894e-02 1.339481491595506668e-02 1.394496485590934753e-02 7.305562961846590042e-03 1.396354474127292633e-02 9.810324263526126742e-05 4.881133511662483215e-02 2.997042611241340637e-02 1.400969270616769791e-02 1.949321851134300232e-02 4.668706096708774567e-03 3.274723887443542480e-02 1.143233012408018112e-02 3.013771027326583862e-02 4.121081158518791199e-02 3.218066319823265076e-02 6.078232079744338989e-03 1.443217787891626358e-02 1.718273758888244629e-02 5.024364218115806580e-03
1.859506941400468349e-03 2.468571811914443970e-02 1.703918576240539551e-01 3.316749632358551025e-02 1.000947318971157074e-02 1.460644882172346115e-02 2.124140411615371704e-02 5.269267559051513672e-01 6.901694461703300476e-03 2.489248663187026978e-02 3.299642121419310570e-03 1.937295310199260712e-02 1.868916302919387817e-02 3.029678389430046082e-02 4.637764766812324524e-02 6.360292434692382812e-03 1.561409421265125275e-02 3.357307240366935730e-02 1.544750668108463287e-02 3.973530605435371399e-02 1.606313162483274937e-03 2.598193287849426270e-02 6.807120051234960556e-03 1.301336940377950668e-02 2.508388645946979523e-02 8.459594100713729858e-03 3.030405938625335693e-02 1.208299957215785980e-02 1.529040746390819550e-02 2.014859952032566071e-02 1.916855014860630035e-02 1.610067673027515411e-02 9.570900350809097290e-03 8.845524862408638000e-03 1.926549337804317474e-02 1.021676138043403625e-02 3.221615031361579895e-02 4.236042872071266174e-02 2.320376597344875336e-02 1.241408986970782280e-03 3.310937434434890747e-02 3.696626052260398865e-02 1.788552664220333099e-02 2.060502581298351288e-02 3.408557176589965820e-02 2.049585618078708649e-02 1.158950664103031158e-02 2.463364414870738983e-02 4.290802031755447388e-02 6.540556438267230988e-03 1.403701212257146835e-02 3.034459659829735756e-03 1.515607628971338272e-02 1.956308633089065552e-02 8.610892109572887421e-03 3.305890038609504700e-02 1.002694200724363327e-02 2.276619151234626770e-02 7.094928529113531113e-03 2.515199966728687286e-02 1.133411191403865814e-02 4.276617895811796188e-03 4.809857346117496490e-03 3.919142298400402069e-03 1.822065934538841248e-02 1.601513847708702087e-02 4.985774680972099304e-02 7.181883323937654495e-03 7.713271770626306534e-03 1.620335504412651062e-02 1.091256272047758102e-02 1.153899356722831726e-03 3.661500662565231323e-02 5.732968915253877640e-03 4.148870334029197693e-02 6.051141023635864258e-02 6.697292905300855637e-03 1.905220188200473785e-02 3.557084361091256142e-03 3.207078576087951660e-02 7.425981014966964722e-02 9.885053336620330811e-02 2.658648043870925903e-02 5.112002603709697723e-03 1.343389414250850677e-02 2.563021518290042877e-02 2.640277333557605743e-02 3.504972159862518311e-02 1.509468071162700653e-02 3.309786692261695862e-02 8.317309431731700897e-03 8.058544248342514038e-03 1.715423166751861572e-02 1.573004014790058136e-02 1.506897807121276855e-02 6.834004074335098267e-03 3.282001242041587830e-02 5.326647311449050903e-02 1.452597975730895996e-02 7.517807185649871826e-03 7.758829742670059204e-03 1.363288029097020626e-03 2.204735763370990753e-02 2.071669325232505798e-02 2.872354118153452873e-03 6.079902872443199158e-03 1.468822476454079151e-03 2.188514918088912964e-02 2.817912027239799500e-02 1.420909073203802109e-02 9.664871729910373688e-03 1.225771196186542511e-02 5.542739294469356537e-03 2.493882318958640099e-03 3.766180947422981262e-02 3.997334279119968414e-03
4.374644905328750610e-02 4.644203931093215942e-02 3.436450287699699402e-02 1.412992645055055618e-02 1.697006821632385254e-02 3.907173126935958862e-02 3.543312102556228638e-02 6.901694461703300476e-03 5.553511977195739746e-01 8.618593961000442505e-02 3.466401621699333191e-02 1.704167202115058899e-02 3.044312261044979095e-02 1.598684862256050110e-02 2.935906127095222473e-02 1.681009866297245026e-02 1.068228017538785934e-02 7.825744152069091797e-02 5.750745534896850586e-03 5.384297110140323639e-03 8.551486767828464508e-03 3.665329143404960632e-02 1.908083073794841766e-02 2.551389113068580627e-02 1.587209664285182953e-02 2.843388170003890991e-02 4.032442718744277954e-02 1.523795537650585175e-02 3.841295838356018066e-02 1.669347658753395081e-02 3.231109678745269775e-02 3.396301716566085815e-02 2.725648926571011543e-03 1.061281748116016388e-02 8.641260676085948944e-03 2.184168808162212372e-02 2.123089507222175598e-03 2.803814597427845001e-02 7.648311089724302292e-03 1.869128830730915070e-02 3.285431489348411560e-02 2.687243930995464325e-02 6.433082744479179382e-03 3.916725143790245056e-02 1.944743096828460693e-02 9.772920049726963043e-03 4.325396195054054260e-02 3.268733993172645569e-02 7.327051460742950439e-02 2.859704010188579559e-02 8.378029800951480865e-03 1.299962401390075684e-02 3.761403262615203857e-02 2.216132543981075287e-02 7.148016989231109619e-02 4.432456102222204208e-03 4.427948966622352600e-03 6.053808145225048065e-03 2.492187917232513428e-02 3.437257930636405945e-02 5.020109936594963074e-02 9.964835830032825470e-03 3.930921107530593872e-02 3.115462139248847961e-02 5.048636719584465027e-02 3.056824021041393280e-02 1.240122783929109573e-02 1.864551194012165070e-02 2.156324125826358795e-02 3.317631408572196960e-02 1.048719510436058044e-02 4.609899595379829407e-02 2.209695056080818176e-02 1.661521010100841522e-02 2.645955793559551239e-02 4.495027288794517517e-02 6.723090261220932007e-02 3.006320446729660034e-02 4.856343939900398254e-02 9.860438294708728790e-03 7.750118384137749672e-04 3.888707235455513000e-02 8.982243947684764862e-03 2.504312433302402496e-03 3.878734260797500610e-02 3.210179135203361511e-02 3.430443629622459412e-02 2.276488393545150757e-02 1.382847409695386887e-02 4.574908316135406494e-02 3.465337306261062622e-02 3.661375120282173157e-02 3.186140581965446472e-02 3.781770123168826103e-03 6.812843028455972672e-03 3.824158385396003723e-02 1.679460704326629639e-02 1.543606445193290710e-02 2.897989004850387573e-02 7.935921661555767059e-03 4.441833123564720154e-03 9.588056243956089020e-03 4.800800979137420654e-02 8.798586204648017883e-03 2.922081761062145233e-02 5.113950930535793304e-03 1.006946992129087448e-02 8.192241075448691845e-04 5.191694200038909912e-02 5.146486219018697739e-03 4.847870767116546631e-02 5.271433852612972260e-03 4.872747231274843216e-03 3.138779103755950928e-02 2.470001392066478729e-02 2.541898377239704132e-02
3.496558219194412231e-02 3.954891115427017212e-02 2.610608749091625214e-02 3.226878866553306580e-02 1.559781190007925034e-02 1.120056607760488987e-03 4.398516565561294556e-02 2.489248663187026978e-02 8.618593961000442505e-02 5.477427840232849121e-01 4.109662771224975586e-02 4.313690215349197388e-02 4.179269075393676758e-02 2.459459938108921051e-02 2.811828628182411194e-02 1.162011455744504929e-02 6.683517713099718094e-03 5.710098892450332642e-02 1.074698641896247864e-01 1.295631658285856247e-02 7.069027516990900040e-03 1.714002341032028198e-02 4.036023747175931931e-03 2.600160986185073853e-02 2.555141597986221313e-02 4.115084186196327209e-03 3.971232101321220398e-03 3.819802030920982361e-02 3.817723831161856651e-03 2.511275559663772583e-02 3.408637270331382751e-02 1.873341761529445648e-02 1.249430049210786819e-02 3.126317262649536133e-02 2.090303786098957062e-02 5.651427200064063072e-04 2.100180462002754211e-02 3.675280883908271790e-02 2.194682508707046509e-02 2.395267225801944733e-02 2.576743811368942261e-02 1.906334049999713898e-02 4.367154091596603394e-03 6.433417089283466339e-03 4.578182846307754517e-02 3.837017714977264404e-02 3.965701907873153687e-02 3.325496986508369446e-02 3.728450834751129150e-02 7.622737437486648560e-02 5.157925933599472046e-02 2.629538998007774353e-03 2.282761782407760620e-02 3.039395622909069061e-02 4.988517239689826965e-02 8.952198922634124756e-02 1.638450287282466888e-02 3.620535135269165039e-02 2.602370083332061768e-02 1.712121255695819855e-02 3.586123883724212646e-02 1.478662155568599701e-02 4.643378779292106628e-02 3.181041032075881958e-02 4.050040617585182190e-02 2.647476270794868469e-02 9.218078106641769409e-03 2.625380083918571472e-02 9.771291166543960571e-03 1.562072802335023880e-02 1.398900058120489120e-02 4.149112850427627563e-02 4.742778092622756958e-02 1.628046482801437378e-02 4.978644102811813354e-02 2.907980978488922119e-02 3.101286850869655609e-02 8.343229442834854126e-02 4.592553898692131042e-02 6.863825768232345581e-02 2.127001527696847916e-03 2.917204238474369049e-02 2.677779644727706909e-02 6.412550061941146851e-02 4.711889661848545074e-03 1.946649886667728424e-02 2.814147062599658966e-02 2.755879983305931091e-02 2.777650952339172363e-02 3.963761031627655029e-02 7.113730069249868393e-03 4.454075545072555542e-02 1.706351339817047119e-02 2.165019698441028595e-02 2.164959348738193512e-02 2.263385243713855743e-02 2.188344858586788177e-02 1.160397753119468689e-02 2.071607857942581177e-02 1.749183423817157745e-02 1.237918622791767120e-02 2.146110637113451958e-04 2.791489847004413605e-02 1.218796148896217346e-02 2.133637666702270508e-02 1.967799849808216095e-02 2.646550349891185760e-02 7.367880549281835556e-03 4.346278682351112366e-02 2.285721898078918457e-02 4.167623072862625122e-02 2.495412342250347137e-02 2.322919294238090515e-02 4.960585385560989380e-02 3.454112261533737183e-02 1.437167823314666748e-02
1.155864000320434570e-01 9.019713848829269409e-02 3.453090321272611618e-03 4.060635715723037720e-02 4.151505231857299805e-02 9.176398813724517822e-02 9.668117761611938477e-02 3.299642121419310570e-03 3.466401621699333191e-02 4.109662771224975586e-02 5.658721327781677246e-01 1.562071312218904495e-02 1.379949748516082764e-01 3.356704115867614746e-02 3.346258774399757385e-02 1.753737800754606724e-03 1.029909402132034302e-02 3.474950417876243591e-02 2.786822617053985596e-02 7.003651931881904602e-03 2.417026320472359657e-03 5.562281236052513123e-02 1.896229200065135956e-02 1.148442458361387253e-02 9.986979886889457703e-03 4.845375195145606995e-03 1.469329185783863068e-02 4.443821683526039124e-02 2.050133422017097473e-02 4.704682901501655579e-02 2.484487555921077728e-02 1.142565626651048660e-02 4.066616296768188477e-02 1.296593155711889267e-02 2.659725770354270935e-02 6.888037547469139099e-03 1.532941497862339020e-02 4.377527907490730286e-02 3.931253403425216675e-02 2.474087057635188103e-03 2.703270129859447479e-02 3.120816685259342194e-02 2.338946796953678131e-02 1.310748048126697540e-02 6.001183763146400452e-03 3.923759981989860535e-02 9.687148034572601318e-02 8.032226562500000000e-02 1.507902890443801880e-02 3.464182838797569275e-02 2.832896262407302856e-02 3.817540407180786133e-02 2.214268967509269714e-02 2.739356830716133118e-02 2.625419013202190399e-02 9.077449794858694077e-04 2.368910983204841614e-02 2.399169467389583588e-02 4.116474837064743042e-02 1.888878457248210907e-02 4.021431319415569305e-03 2.193693537265062332e-03 1.035674847662448883e-02 1.274222880601882935e-02 4.399446398019790649e-02 4.661910980939865112e-02 1.965550705790519714e-02 6.096250843256711960e-03 3.690286073833703995e-03 2.622040733695030212e-02 1.754410751163959503e-02 5.421745777130126953e-02 4.256807267665863037e-02 1.497945562005043030e-02 1.468066684901714325e-02 3.117417171597480774e-02 4.758299142122268677e-02 1.262705586850643158e-02 1.552199362777173519e-03 3.133299201726913452e-02 4.704859107732772827e-02 1.702607236802577972e-02 1.535264030098915100e-02 3.654698282480239868e-02 3.661950305104255676e-02 3.825768828392028809e-02 1.752858422696590424e-02 1.561691332608461380e-02 4.112360626459121704e-02 3.907150030136108398e-02 7.554452866315841675e-02 1.875752210617065430e-02 6.047876924276351929e-02 1.060631219297647476e-02 1.215837057679891586e-02 1.745970360934734344e-02 2.601008489727973938e-02 4.677524790167808533e-02 1.194239128381013870e-02 1.923935301601886749e-02 1.383402384817600250e-02 2.296152897179126740e-02 1.488211285322904587e-02 4.451351612806320190e-02 2.947951480746269226e-02 2.831840142607688904e-02 6.476320326328277588e-03 1.326515432447195053e-02 4.199872165918350220e-02 2.459153719246387482e-02 2.739723771810531616e-02 2.449925802648067474e-02 2.553496509790420532e-02 4.480357468128204346e-02 3.913266956806182861e-02 3.382476791739463806e-02
4.126501735299825668e-03 2.484784694388508797e-03 2.591526694595813751e-02 3.919958602637052536e-03 1.831613667309284210e-02 4.183625429868698120e-02 3.747874405235052109e-03 1.937295310199260712e-02 1.704167202115058899e-02 4.313690215349197388e-02 1.562071312218904495e-02 5.492969751358032227e-01 2.847052924335002899e-02 1.135487481951713562e-01 4.622626304626464844e-02 1.260645128786563873e-02 1.127159036695957184e-02 2.133068442344665527e-02 3.414778038859367371e-02 2.696427516639232635e-02 4.605670645833015442e-02 3.693445026874542236e-02 1.787225157022476196e-02 7.836676202714443207e-03 5.800732877105474472e-03 1.797771640121936798e-02 3.921453375369310379e-03 9.543927758932113647e-02 2.231885865330696106e-02 7.009817659854888916e-02 3.669393062591552734e-02 3.544169291853904724e-02 1.915768720209598541e-02 1.802034117281436920e-02 1.094246376305818558e-02 5.327839870005846024e-03 4.657249525189399719e-02 3.207759559154510498e-02 6.888546980917453766e-03 3.947916999459266663e-02 3.258629515767097473e-02 8.213995024561882019e-03 1.985103636980056763e-02 1.878071390092372894e-02 1.762004382908344269e-02 6.438937503844499588e-03 1.064320839941501617e-02 2.154776267707347870e-02 1.111283525824546814e-02 1.510410942137241364e-02 3.770620748400688171e-02 4.331383481621742249e-02 9.033379144966602325e-03 2.337582176551222801e-03 2.823368646204471588e-02 7.104120217263698578e-03 1.388724241405725479e-02 2.374890074133872986e-02 9.180223569273948669e-03 1.067509595304727554e-02 4.157847166061401367e-02 2.599597722291946411e-02 5.377956479787826538e-02 4.467384517192840576e-02 1.860609091818332672e-02 2.098684012889862061e-02 3.035504184663295746e-02 3.019382059574127197e-02 1.187947578728199005e-03 8.511569350957870483e-03 2.400934323668479919e-02 3.343480452895164490e-02 2.674296498298645020e-02 2.233991213142871857e-02 1.949036121368408203e-02 1.355407759547233582e-02 2.320863306522369385e-02 2.224139682948589325e-02 3.829394280910491943e-02 1.928858645260334015e-02 3.671519458293914795e-02 1.715607568621635437e-02 1.142275985330343246e-02 2.314884215593338013e-02 2.670188620686531067e-02 3.328997176140546799e-03 4.123006481677293777e-03 2.922984398901462555e-02 6.806937605142593384e-02 6.685719639062881470e-02 3.644077852368354797e-02 3.163914382457733154e-02 3.182309865951538086e-02 3.795284032821655273e-02 1.600818522274494171e-02 2.994946390390396118e-02 3.036311641335487366e-02 1.838708855211734772e-02 9.677696973085403442e-03 9.121183305978775024e-03 1.677475310862064362e-02 3.653246909379959106e-02 1.279600150883197784e-02 1.536728721112012863e-02 5.783326923847198486e-04 3.671948332339525223e-03 1.877808198332786560e-02 1.176967867650091648e-03 3.384572640061378479e-02 4.919691383838653564e-02 2.746536862105131149e-03 2.081198990345001221e-02 7.585699670016765594e-03 4.114203155040740967e-02 2.250012569129467010e-02 9.329258464276790619e-04
1.130817607045173645e-01 1.172591522336006165e-01 2.776834368705749512e-02 4.281235858798027039e-02 3.584599122405052185e-02 9.422411024570465088e-02 9.665438532829284668e-02 1.868916302919387817e-02 3.044312261044979095e-02 4.179269075393676758e-02 1.379949748516082764e-01 2.847052924335002899e-02 5.639621019363403320e-01 1.555862464010715485e-02 3.430939465761184692e-02 2.466855403326917440e-05 1.842464692890644073e-02 2.451003342866897583e-02 2.953356690704822540e-02 3.880465868860483170e-03 7.032262627035379410e-03 5.977534502744674683e-02 2.157099731266498566e-02 1.441575214266777039e-02 2.620494225993752480e-03 5.192902404814958572e-03 4.098051227629184723e-03 3.426156193017959595e-02 4.581159446388483047e-03 4.777169972658157349e-02 3.374627232551574707e-02 7.535346667282283306e-04 4.500036314129829407e-02 3.697996959090232849e-03 1.627664454281330109e-02 3.171794116497039795e-03 2.112971991300582886e-02 3.766251727938652039e-02 2.072177641093730927e-02 4.198209207970649004e-04 3.222181461751461029e-03 3.291808441281318665e-02 2.224617078900337219e-02 1.069135684520006180e-02 2.456556446850299835e-02 3.092951141297817230e-02 9.378387778997421265e-02 7.246199995279312134e-02 2.476293966174125671e-02 1.703345775604248047e-02 2.033003047108650208e-02 4.248060286045074463e-02 3.503432497382164001e-02 1.925709471106529236e-02 3.075919672846794128e-02 2.604185370728373528e-03 1.664086617529392242e-02 2.752267383038997650e-02 3.987213224172592163e-02 5.429328419268131256e-03 7.737331558018922806e-03 1.407472766004502773e-03 1.167580485343933105e-03 2.302434481680393219e-02 4.336001724004745483e-02 6.250968575477600098e-02 7.505222689360380173e-03 1.564241200685501099e-02 1.248449902050197124e-03 3.931497782468795776e-02 2.758621983230113983e-02 3.271993249654769897e-02 3.698673099279403687e-02 2.774293534457683563e-03 1.914769411087036133e-02 1.816439442336559296e-02 4.312525317072868347e-02 5.368227139115333557e-04 4.768818616867065430e-03 2.662476152181625366e-02 4.655491560697555542e-02 1.461319997906684875e-02 1.362241059541702271e-02 1.789124123752117157e-02 4.191423580050468445e-02 3.130431845784187317e-02 3.843742655590176582e-03 2.904293686151504517e-02 3.960386291146278381e-02 3.438442200422286987e-02 5.370482057332992554e-02 1.552818994969129562e-02 3.960422053933143616e-02 2.536927536129951477e-02 1.430661231279373169e-02 2.008305303752422333e-02 3.688713908195495605e-02 4.555856063961982727e-02 1.733182929456233978e-02 2.454730123281478882e-02 1.497486047446727753e-02 2.722010761499404907e-02 2.336574532091617584e-02 4.553031176328659058e-02 3.625133261084556580e-02 2.221318706870079041e-02 1.403708127327263355e-03 7.706007920205593109e-03 4.172943159937858582e-02 3.436939045786857605e-02 1.649413444101810455e-02 2.624900452792644501e-02 2.580065280199050903e-02 4.213646799325942993e-02 3.547511994838714600e-02 2.833797037601470947e-02
