4.819236397743225098e-01 1.934680044651031494e-01 8.594962768256664276e-03 3.310571238398551941e-02 4.377622157335281372e-02 2.534694410860538483e-02 2.291174791753292084e-02 3.542992100119590759e-02 4.551217332482337952e-02 6.018861755728721619e-02 1.160792410373687744e-01 3.154880600050091743e-03 3.763186186552047729e-02 1.123649701476097107e-01 2.929472923278808594e-02 1.893339678645133972e-02 9.778110310435295105e-03 3.959655389189720154e-02 3.337588859722018242e-03 4.490253515541553497e-03 2.463544532656669617e-02 3.084902092814445496e-02 1.677636243402957916e-02 3.194930404424667358e-02 3.407970815896987915e-02 3.378413617610931396e-02 2.683414705097675323e-02 1.836696825921535492e-02 3.208907321095466614e-02 6.103415414690971375e-02 2.052832208573818207e-02 4.150460287928581238e-02 8.003707043826580048e-03 4.380819201469421387e-02 2.457149093970656395e-03 4.414206836372613907e-03 2.911367081105709076e-02 2.648127079010009766e-02 1.687404140830039978e-02 9.656378068029880524e-03 3.899553045630455017e-02 3.134920075535774231e-02 3.529850021004676819e-02 1.596955768764019012e-02 4.865473508834838867e-02 3.710269182920455933e-02 2.132053487002849579e-03 3.975445032119750977e-02 3.037280589342117310e-02 4.627197235822677612e-02 5.692763999104499817e-02 7.032904773950576782e-02 2.074705669656395912e-03 3.143359720706939697e-02 5.598220042884349823e-03 4.322557151317596436e-02 1.160641387104988098e-02 1.694795116782188416e-02 3.099469467997550964e-02 2.651940658688545227e-02 1.784458523616194725e-03 2.389248274266719818e-02 2.289129793643951416e-02 2.952872589230537415e-02 3.855979302898049355e-03 2.714381925761699677e-02 1.302231196314096451e-02 4.413549229502677917e-02 3.623093664646148682e-02 6.027380749583244324e-02 2.900376729667186737e-02 1.321072224527597427e-02 2.745951712131500244e-02 4.059881716966629028e-02 9.669992141425609589e-03 1.714076101779937744e-02 4.584421962499618530e-02 4.267683252692222595e-02 1.612723991274833679e-02 6.181463133543729782e-03 3.589003533124923706e-02 3.535457700490951538e-02 1.253487449139356613e-02 1.755520701408386230e-03 4.355968162417411804e-02 3.592084720730781555e-02 6.752011366188526154e-03 3.900615498423576355e-02 1.672078110277652740e-02 7.574014365673065186e-03 3.297391161322593689e-02 1.269323099404573441e-02 3.635161556303501129e-03 4.122936632484197617e-03 1.209530327469110489e-02 3.015642869286239147e-04 2.034562453627586365e-02 3.628499433398246765e-02 1.252657361328601837e-02 4.567913338541984558e-02 1.032768841832876205e-02 3.106542117893695831e-02 2.510511502623558044e-02 5.678328499197959900e-02 4.766633734107017517e-02 6.415744312107563019e-03 7.951536774635314941e-02 4.937180317938327789e-03 2.291401848196983337e-02 2.084985561668872833e-02 4.293706640601158142e-02 3.604905679821968079e-02 2.224863693118095398e-02 4.438335448503494263e-02 4.244635626673698425e-02 6.157823279500007629e-02
1.934680044651031494e-01 4.866656064987182617e-01 1.105848234146833420e-02 1.728078234009444714e-03 4.838053509593009949e-02 2.448534220457077026e-02 5.498145148158073425e-02 2.070313319563865662e-02 2.307576505700126290e-04 1.292012911289930344e-02 4.168136045336723328e-02 2.830628864467144012e-02 7.566545158624649048e-02 1.080500185489654541e-01 2.303813211619853973e-02 3.592168912291526794e-02 1.774976588785648346e-02 4.872576519846916199e-02 1.849642582237720490e-02 6.777736358344554901e-03 7.660836726427078247e-02 4.376723244786262512e-02 1.595248840749263763e-02 1.704973354935646057e-02 1.423956546932458878e-02 3.979642316699028015e-02 2.031977288424968719e-02 5.281941033899784088e-03 9.081914275884628296e-02 2.896056324243545532e-02 7.929266989231109619e-02 1.050044782459735870e-02 6.693878676742315292e-04 1.657734625041484833e-02 1.880468055605888367e-02 5.164087936282157898e-02 2.462360449135303497e-02 2.881960012018680573e-02 2.166870050132274628e-02 9.072077460587024689e-03 4.047026857733726501e-02 2.574046328663825989e-02 1.675193943083286285e-02 3.474957495927810669e-02 4.029089584946632385e-02 2.150227501988410950e-02 1.474317628890275955e-02 2.706139581277966499e-03 4.633975401520729065e-02 2.227758057415485382e-02 6.122550368309020996e-02 7.192827761173248291e-02 2.508061192929744720e-02 5.521415919065475464e-02 7.469056639820337296e-03 3.177167475223541260e-02 2.795918285846710205e-02 1.958450488746166229e-02 1.074738986790180206e-02 3.332425281405448914e-02 4.856947064399719238e-02 1.144190039485692978e-02 4.661945253610610962e-02 2.609610743820667267e-02 7.306587882339954376e-03 1.343089994043111801e-02 1.519826985895633698e-02 1.121640577912330627e-02 2.143248729407787323e-02 5.291520431637763977e-02 4.707342386245727539e-02 3.922543674707412720e-02 7.276654709130525589e-03 2.894035913050174713e-02 4.391532391309738159e-02 1.185978855937719345e-02 4.934345558285713196e-02 2.312960475683212280e-02 2.898958884179592133e-02 4.527412820607423782e-03 1.584000699222087860e-02 3.704599663615226746e-02 2.125789970159530640e-02 1.763983629643917084e-02 2.945812232792377472e-02 3.159220889210700989e-02 2.018160186707973480e-02 2.921682223677635193e-02 1.505470834672451019e-02 3.118369355797767639e-02 1.908810250461101532e-02 2.474827505648136139e-02 9.358714334666728973e-03 2.461622096598148346e-02 9.141334332525730133e-03 4.624103021342307329e-04 1.669384725391864777e-02 1.352018443867564201e-03 4.632692784070968628e-02 3.776688536163419485e-04 5.707195494323968887e-03 2.237844280898571014e-02 1.785703375935554504e-02 2.396129816770553589e-02 1.538595929741859436e-02 2.241190522909164429e-03 2.843812294304370880e-02 2.114499732851982117e-02 7.432640995830297470e-04 5.574762821197509766e-02 4.248304292559623718e-02 2.455840446054935455e-02 2.697453834116458893e-02 3.257481381297111511e-02 9.422318078577518463e-03 4.147829487919807434e-03
8.594962768256664276e-03 1.105848234146833420e-02 4.736107289791107178e-01 2.867759577929973602e-02 3.458116576075553894e-02 3.598317503929138184e-02 4.598152637481689453e-02 1.684935204684734344e-02 2.870189584791660309e-02 1.063478272408246994e-02 7.203158456832170486e-04 3.373001515865325928e-02 2.601031586527824402e-02 2.420175448060035706e-02 5.976380314677953720e-03 3.828599676489830017e-02 4.269010946154594421e-02 1.493375864811241627e-03 3.573691472411155701e-02 1.397477928549051285e-02 8.300539106130599976e-03 3.824868798255920410e-02 3.599134087562561035e-02 2.730963379144668579e-02 1.682930998504161835e-02 2.709591202437877655e-02 4.614018369466066360e-03 3.843463957309722900e-02 3.876339644193649292e-02 2.086728252470493317e-02 7.003656588494777679e-03 2.144969440996646881e-02 3.010489046573638916e-02 3.893138095736503601e-02 2.960191667079925537e-02 4.333535954356193542e-02 1.914831437170505524e-02 3.932072967290878296e-02 1.450422126799821854e-02 5.996595136821269989e-03 5.149739235639572144e-02 9.446555748581886292e-03 1.439634524285793304e-02 3.737988695502281189e-02 5.758101120591163635e-03 2.598357945680618286e-02 4.075888544321060181e-02 3.095650114119052887e-03 2.837286889553070068e-02 9.699760936200618744e-03 2.536926232278347015e-02 9.596229530870914459e-03 2.852659113705158234e-02 1.527711283415555954e-02 2.162963896989822388e-02 1.866837963461875916e-02 3.561131306923925877e-04 1.867388188838958740e-02 2.826084196567535400e-02 3.023748286068439484e-02 1.344306510873138905e-03 1.581456139683723450e-02 4.953688010573387146e-02 4.190224036574363708e-02 4.510834440588951111e-02 1.704850606620311737e-02 1.317498646676540375e-02 3.823940455913543701e-02 6.167721003293991089e-03 3.604670614004135132e-02 5.402445793151855469e-03 2.556979656219482422e-02 1.854738220572471619e-02 2.309235744178295135e-02 2.376887015998363495e-02 5.046667996793985367e-03 1.110037136822938919e-02 2.089615445584058762e-03 2.139214985072612762e-02 3.164465725421905518e-02 1.444365531206130981e-01 1.677365005016326904e-01 2.027002628892660141e-03 9.957760572433471680e-03 2.545092813670635223e-02 8.697599987499415874e-04 2.060202136635780334e-02 3.388812392950057983e-02 1.545574702322483063e-02 4.755572881549596786e-03 1.945366151630878448e-02 3.879119455814361572e-02 5.017094314098358154e-02 1.419871859252452850e-02 6.562822498381137848e-03 5.958328489214181900e-03 7.932144403457641602e-02 6.804465781897306442e-03 4.548673983663320541e-03 4.595800489187240601e-02 8.826993871480226517e-04 2.030923217535018921e-02 6.367640197277069092e-02 2.655874751508235931e-02 3.647088259458541870e-02 2.519887499511241913e-02 7.728678174316883087e-03 2.513598091900348663e-02 3.274932876229286194e-02 2.932487986981868744e-02 7.745848596096038818e-02 2.135709114372730255e-02 2.803042531013488770e-03 1.253814157098531723e-02 6.172763183712959290e-02 2.166808582842350006e-02
3.310571238398551941e-02 1.728078234009444714e-03 2.867759577929973602e-02 5.005935430526733398e-01 1.865938305854797363e-01 3.788650408387184143e-02 8.391235955059528351e-03 2.029619365930557251e-02 5.035967752337455750e-02 9.934586472809314728e-03 1.699430122971534729e-02 5.459329113364219666e-02 2.341408841311931610e-02 1.826229691505432129e-02 2.792581170797348022e-02 3.268913924694061279e-02 3.292395174503326416e-02 2.592304162681102753e-02 1.201041936874389648e-01 3.400373831391334534e-02 1.832804828882217407e-02 1.744605042040348053e-02 1.735790632665157318e-02 3.504855558276176453e-02 1.135927718132734299e-02 1.352185849100351334e-02 3.206835314631462097e-02 4.006519541144371033e-02 1.195817068219184875e-02 3.491884097456932068e-02 5.231313779950141907e-02 6.367855239659547806e-03 1.156831532716751099e-02 2.901936694979667664e-02 2.710451837629079819e-03 2.180224284529685974e-02 3.604716062545776367e-02 1.871020533144474030e-02 3.196757286787033081e-03 3.007615357637405396e-02 3.594743832945823669e-02 4.466095997486263514e-04 9.798034094274044037e-03 6.972556468099355698e-03 6.204644218087196350e-02 2.676426060497760773e-02 3.469926072284579277e-03 1.965679228305816650e-02 3.267474472522735596e-02 6.296047475188970566e-03 3.067120723426342010e-02 4.660013690590858459e-02 2.069970034062862396e-02 1.986834965646266937e-02 2.219994552433490753e-02 2.564740553498268127e-02 4.280237108469009399e-02 5.915224552154541016e-03 1.938511990010738373e-02 2.253008773550391197e-03 3.774641081690788269e-02 1.926792971789836884e-02 2.089270856231451035e-03 5.818975041620433331e-04 1.380513049662113190e-02 3.002873249351978302e-02 4.834934324026107788e-02 4.193933680653572083e-02 1.645394228398799896e-02 1.261396426707506180e-02 8.293468505144119263e-02 2.003861032426357269e-02 1.280895322561264038e-01 1.282730884850025177e-02 8.864428102970123291e-02 6.617362610995769501e-03 2.190548367798328400e-02 2.531883865594863892e-02 6.476432085037231445e-02 4.194298759102821350e-02 3.615041077136993408e-02 3.893047943711280823e-02 2.152147702872753143e-02 7.756707072257995605e-02 1.150006894022226334e-02 3.048033267259597778e-02 1.554733887314796448e-02 4.679603502154350281e-02 1.317109763622283936e-01 7.197454571723937988e-02 4.496887698769569397e-02 1.453904248774051666e-02 4.500989615917205811e-02 4.739586263895034790e-02 3.831921145319938660e-02 3.168373182415962219e-02 7.568691507913172245e-04 3.203081712126731873e-02 7.425778545439243317e-03 2.710992470383644104e-02 3.869361430406570435e-02 3.797287121415138245e-02 1.404047943651676178e-03 2.461193129420280457e-02 1.158334687352180481e-02 8.610254153609275818e-03 9.813856333494186401e-03 4.310825467109680176e-02 2.665977180004119873e-02 2.565948478877544403e-02 1.706485636532306671e-02 1.528042554855346680e-02 1.362223550677299500e-02 3.260705992579460144e-02 1.734392717480659485e-02 2.057167515158653259e-02
4.377622157335281372e-02 4.838053509593009949e-02 3.458116576075553894e-02 1.865938305854797363e-01 5.059477090835571289e-01 4.816000536084175110e-02 3.238707548007369041e-03 2.904729731380939484e-02 6.225474923849105835e-02 1.286319922655820847e-02 1.911507360637187958e-02 5.965255945920944214e-02 1.947307772934436798e-02 2.879130840301513672e-02 9.595390409231185913e-03 5.485122650861740112e-02 1.993445865809917450e-02 1.448857225477695465e-02 1.100508570671081543e-01 3.895441442728042603e-02 2.108133025467395782e-02 1.351270475424826145e-03 2.763489447534084320e-02 2.621078491210937500e-02 4.856588691473007202e-02 4.233511909842491150e-02 1.445307489484548569e-02 3.984208684414625168e-03 1.540013588964939117e-02 5.758492625318467617e-04 2.614910900592803955e-02 5.553306546062231064e-03 8.155707269906997681e-03 4.144100099802017212e-02 1.112124137580394745e-02 3.725022822618484497e-02 3.253716230392456055e-02 1.123435515910387039e-02 2.882305346429347992e-02 9.215781465172767639e-04 2.165135182440280914e-02 2.424878999590873718e-02 2.267385087907314301e-02 1.568235456943511963e-02 6.337303668260574341e-02 1.961711235344409943e-02 3.951246663928031921e-02 1.640089903958141804e-03 5.440500751137733459e-02 1.063441392034292221e-02 3.373528271913528442e-02 5.178369581699371338e-02 3.496942669153213501e-02 3.363709524273872375e-02 2.768177725374698639e-02 2.276625111699104309e-02 2.325122617185115814e-02 3.817665576934814453e-02 2.034476771950721741e-02 9.654838591814041138e-03 1.988339051604270935e-02 3.187837079167366028e-02 3.164012357592582703e-02 2.823300100862979889e-02 2.381439693272113800e-02 2.482898905873298645e-02 3.394852206110954285e-02 4.265942797064781189e-02 9.496015496551990509e-03 3.278662264347076416e-02 6.718320399522781372e-02 3.413694724440574646e-02 1.073370277881622314e-01 3.521321713924407959e-02 1.032013148069381714e-01 1.271821674890816212e-03 1.181817520409822464e-02 2.617115154862403870e-02 6.499128043651580811e-02 2.864068374037742615e-02 1.625186018645763397e-02 3.709147870540618896e-02 2.032827958464622498e-02 9.095899015665054321e-02 4.860993067268282175e-04 9.989669546484947205e-03 2.268834598362445831e-02 3.790530562400817871e-02 9.393146634101867676e-02 7.353182882070541382e-02 5.030110478401184082e-02 3.612029179930686951e-02 4.534947499632835388e-02 6.662654224783182144e-03 1.901931315660476685e-02 1.233124453574419022e-02 1.420051138848066330e-02 3.757769986987113953e-02 4.450198635458946228e-02 5.518342554569244385e-02 6.316294427961111069e-03 1.783730462193489075e-02 1.055644243024289608e-03 3.569971397519111633e-02 6.476389709860086441e-03 7.499957922846078873e-03 3.568701818585395813e-02 2.236383780837059021e-02 4.562876746058464050e-02 4.059061780571937561e-02 3.810007125139236450e-03 4.687136039137840271e-03 2.705394849181175232e-02 3.123445063829421997e-02 2.338299341499805450e-02 1.541415601968765259e-02
2.534694410860538483e-02 2.448534220457077026e-02 3.598317503929138184e-02 3.788650408387184143e-02 4.816000536084175110e-02 4.977878928184509277e-01 1.092730015516281128e-01 3.106115944683551788e-02 4.272368550300598145e-02 1.278867665678262711e-02 6.109114736318588257e-02 5.057504028081893921e-02 1.226682867854833603e-02 8.395301178097724915e-03 1.090483181178569794e-02 7.947063073515892029e-03 1.190345827490091324e-02 2.569241262972354889e-02 1.574905589222908020e-02 1.538488827645778656e-02 6.280703935772180557e-03 1.398539077490568161e-02 1.167725399136543274e-02 1.191225368529558182e-02 2.177262678742408752e-02 1.597367599606513977e-02 1.235080696642398834e-02 3.788294643163681030e-02 2.127560600638389587e-02 4.277933016419410706e-02 7.885500043630599976e-02 1.114809699356555939e-02 6.179506424814462662e-03 1.786402799189090729e-02 1.031290832906961441e-02 2.364856563508510590e-02 4.855788871645927429e-02 4.863441735506057739e-02 1.761106401681900024e-02 2.810224890708923340e-03 4.295793548226356506e-02 7.445176597684621811e-03 5.019067972898483276e-02 2.640005759894847870e-02 1.875996589660644531e-02 2.562147378921508789e-02 8.350285142660140991e-02 5.927947908639907837e-02 1.763194613158702850e-02 2.454139478504657745e-02 5.068318918347358704e-02 5.252792034298181534e-03 2.780444547533988953e-02 2.193490602076053619e-02 2.842397242784500122e-02 2.996022254228591919e-02 5.678424984216690063e-02 3.529813606292009354e-03 9.143575094640254974e-03 5.317985266447067261e-02 7.534832227975130081e-03 3.178275376558303833e-02 3.370020538568496704e-02 2.773758955299854279e-02 1.147452928125858307e-02 1.271388866007328033e-02 4.943280480802059174e-03 2.096424624323844910e-02 4.603209719061851501e-02 1.415213220752775669e-03 3.265589475631713867e-02 4.239466786384582520e-02 4.622431099414825439e-02 2.158364467322826385e-02 3.469918668270111084e-02 1.298336591571569443e-02 1.105797383934259415e-02 3.807349130511283875e-03 5.438588187098503113e-02 8.726249448955059052e-03 5.100292153656482697e-03 3.625203296542167664e-02 3.839179128408432007e-02 2.182457223534584045e-02 2.420869423076510429e-03 2.525247633457183838e-02 6.031272560358047485e-02 4.648152738809585571e-02 1.786693930625915527e-02 8.010007441043853760e-03 2.580751478672027588e-02 2.056520245969295502e-02 3.038922324776649475e-02 3.468382358551025391e-02 1.813263818621635437e-02 2.724606543779373169e-03 1.482265442609786987e-02 2.590757980942726135e-02 4.150833562016487122e-02 1.698901318013668060e-02 3.335527330636978149e-02 4.721206054091453552e-02 9.031093679368495941e-03 9.573762654326856136e-04 3.685297071933746338e-02 4.826009273529052734e-02 1.710301637649536133e-02 7.645171135663986206e-03 8.838062174618244171e-03 6.656394153833389282e-02 2.332175523042678833e-02 4.069872200489044189e-02 1.446643378585577011e-02 1.898892968893051147e-02 5.008804798126220703e-02 8.254963904619216919e-04
2.291174791753292084e-02 5.498145148158073425e-02 4.598152637481689453e-02 8.391235955059528351e-03 3.238707548007369041e-03 1.092730015516281128e-01 4.899304211139678955e-01 1.940688118338584900e-03 2.157361432909965515e-02 4.520156420767307281e-03 1.213807496242225170e-03 2.167806960642337799e-02 1.509807072579860687e-02 2.078898437321186066e-02 2.519279019907116890e-03 1.524667069315910339e-02 1.201991923153400421e-02 4.524777457118034363e-02 2.251171320676803589e-02 2.075331285595893860e-02 4.443517327308654785e-02 1.135749556124210358e-02 1.004118379205465317e-02 1.300056744366884232e-02 3.690769150853157043e-02 2.459093928337097168e-02 2.206866815686225891e-02 8.936914615333080292e-03 4.926408082246780396e-02 4.450512304902076721e-02 1.916733011603355408e-02 1.670778356492519379e-02 6.336891558021306992e-03 9.075862355530261993e-03 8.815040811896324158e-03 6.581495981663465500e-03 3.035182878375053406e-02 1.414698665030300617e-03 3.190208971500396729e-02 2.106487378478050232e-02 3.370739892125129700e-02 4.654153436422348022e-02 1.536932215094566345e-02 5.039598420262336731e-02 1.405891776084899902e-02 1.289753988385200500e-02 2.669757045805454254e-02 1.163432896137237549e-01 5.032848939299583435e-02 9.539144113659858704e-03 1.719162799417972565e-03 5.870936810970306396e-02 3.461252152919769287e-02 7.384734693914651871e-03 6.040208972990512848e-03 2.399667538702487946e-02 1.609587855637073517e-02 4.068408161401748657e-02 1.841560751199722290e-02 2.686686068773269653e-02 2.872073650360107422e-02 1.534594572149217129e-03 4.653612524271011353e-02 3.026125766336917877e-02 1.643541641533374786e-02 8.667742833495140076e-03 2.661587111651897430e-02 2.192673040553927422e-03 2.795562893152236938e-02 1.496987766586244106e-03 3.212571889162063599e-02 4.164243489503860474e-02 3.441371396183967590e-02 2.394707873463630676e-03 2.982131205499172211e-02 1.884146220982074738e-02 2.483163587749004364e-02 1.712482236325740814e-02 2.268593758344650269e-02 3.084819391369819641e-02 3.043669462203979492e-02 2.078402228653430939e-02 1.317984610795974731e-02 9.191251359879970551e-03 3.702226281166076660e-02 2.857944183051586151e-02 3.185771033167839050e-02 2.938249148428440094e-02 4.949448257684707642e-02 4.747663065791130066e-02 4.794744774699211121e-02 9.518416598439216614e-03 3.439762070775032043e-02 1.730152219533920288e-02 1.700597628951072693e-02 8.132149465382099152e-03 4.263876378536224365e-02 2.949629351496696472e-02 1.438757777214050293e-02 3.305121511220932007e-02 2.269647829234600067e-02 3.645268082618713379e-02 1.781894825398921967e-02 3.940166160464286804e-02 7.788588292896747589e-03 5.501804873347282410e-02 3.591365739703178406e-02 3.808077424764633179e-02 1.554773189127445221e-02 2.669406495988368988e-02 1.233265455812215805e-02 4.385835304856300354e-02 1.838013716042041779e-02 4.207452759146690369e-02 5.050716549158096313e-02 2.361553534865379333e-02
3.542992100119590759e-02 2.070313319563865662e-02 1.684935204684734344e-02 2.029619365930557251e-02 2.904729731380939484e-02 3.106115944683551788e-02 1.940688118338584900e-03 4.837282299995422363e-01 3.065707534551620483e-02 2.459369041025638580e-02 5.118016619235277176e-03 2.568610943853855133e-02 3.653755702544003725e-04 4.958889260888099670e-02 7.506651431322097778e-02 4.435733892023563385e-03 9.552231640554964542e-04 1.291482057422399521e-02 3.000259399414062500e-02 4.619456082582473755e-02 1.508984528481960297e-02 5.726932361721992493e-02 1.235815230756998062e-02 7.368463091552257538e-03 3.337830677628517151e-02 2.047306112945079803e-02 7.488950341939926147e-02 2.868807688355445862e-02 6.706403568387031555e-03 1.855313405394554138e-02 2.867168001830577850e-02 2.306483918800950050e-03 2.011316455900669098e-02 4.141442012041807175e-03 4.662660509347915649e-02 5.555822327733039856e-02 6.512095034122467041e-02 3.887378796935081482e-02 4.643897991627454758e-03 9.203093126416206360e-03 1.491230819374322891e-02 4.513542726635932922e-02 1.154984254390001297e-02 2.110645733773708344e-02 3.102980181574821472e-02 1.512681040912866592e-02 7.970301434397697449e-03 3.299260139465332031e-02 5.796527490019798279e-03 3.813425824046134949e-02 4.369462281465530396e-02 2.297451347112655640e-02 6.173721328377723694e-02 4.217438772320747375e-02 4.323108494281768799e-02 2.906402759253978729e-02 8.679454214870929718e-03 5.497073754668235779e-03 1.815259456634521484e-02 4.066676646471023560e-02 1.069005671888589859e-02 1.520731486380100250e-02 4.087572172284126282e-02 2.347880974411964417e-02 4.341752454638481140e-02 1.017299015074968338e-02 3.821589797735214233e-02 1.660710759460926056e-02 1.789486594498157501e-02 1.351105701178312302e-02 3.318533301353454590e-02 9.798122569918632507e-03 3.794066980481147766e-02 7.306000217795372009e-03 4.154221713542938232e-02 2.142162062227725983e-02 2.953806519508361816e-02 4.702839627861976624e-02 4.082230851054191589e-02 1.064047100953757763e-03 6.275466829538345337e-02 4.902193322777748108e-02 4.295700415968894958e-02 3.050294145941734314e-02 2.348586730659008026e-02 1.927546039223670959e-02 3.437474370002746582e-02 1.462657935917377472e-02 4.146249219775199890e-02 3.353218547999858856e-03 6.308173760771751404e-03 3.577996790409088135e-02 3.220692276954650879e-03 1.258933264762163162e-02 2.520886249840259552e-02 3.620097041130065918e-02 2.038577012717723846e-02 3.863038867712020874e-02 4.857188835740089417e-02 1.517601497471332550e-02 1.472808513790369034e-02 1.155743189156055450e-02 2.633292414247989655e-02 2.727640978991985321e-02 3.162993863224983215e-02 2.264339011162519455e-03 7.747747004032135010e-03 1.287397462874650955e-02 2.661640755832195282e-02 1.814797334372997284e-02 9.284080006182193756e-03 1.073123700916767120e-02 3.437075531110167503e-03 4.077836498618125916e-02 7.901207543909549713e-03 5.073423963040113449e-03
4.551217332482337952e-02 2.307576505700126290e-04 2.870189584791660309e-02 5.035967752337455750e-02 6.225474923849105835e-02 4.272368550300598145e-02 2.157361432909965515e-02 3.065707534551620483e-02 4.853015542030334473e-01 1.337246298789978027e-01 3.053125180304050446e-02 1.152574717998504639e-01 2.274969592690467834e-02 4.599441587924957275e-02 1.882913522422313690e-02 3.647929802536964417e-02 2.853355184197425842e-02 1.003712564706802368e-01 3.787150606513023376e-02 4.535678029060363770e-02 2.790597081184387207e-02 2.255978062748908997e-02 3.477547317743301392e-02 8.963164873421192169e-04 4.271347448229789734e-02 8.699932368472218513e-04 2.832379564642906189e-02 4.119864478707313538e-02 4.679998382925987244e-02 7.847000379115343094e-04 1.102344226092100143e-02 1.535903941839933395e-02 3.267061337828636169e-02 1.859706453979015350e-02 1.721953507512807846e-03 1.307209255173802376e-03 6.458836141973733902e-04 5.295072868466377258e-02 4.158761724829673767e-02 5.471604317426681519e-02 2.014525933191180229e-03 2.600780874490737915e-02 6.590174045413732529e-03 3.369336202740669250e-02 4.204393178224563599e-02 4.657787829637527466e-02 2.174111083149909973e-02 1.940692588686943054e-02 3.466818481683731079e-02 2.164197387173771858e-03 1.758089102804660797e-02 2.186202211305499077e-03 1.311763375997543335e-02 4.721459001302719116e-02 3.415842726826667786e-02 2.664195001125335693e-02 9.475559927523136139e-03 3.124108351767063141e-02 4.524757713079452515e-02 3.511743620038032532e-02 2.752238186076283455e-03 1.601342111825942993e-02 1.266711042262613773e-03 2.163115143775939941e-02 2.030690945684909821e-02 4.621102474629878998e-03 2.039653249084949493e-02 2.093086019158363342e-02 2.929620817303657532e-02 3.961281478404998779e-02 5.395396798849105835e-02 4.463308956474065781e-03 1.984098181128501892e-02 1.421210006810724735e-03 4.509009048342704773e-02 1.327130850404500961e-02 9.156771749258041382e-02 1.626284793019294739e-02 8.961389958858489990e-02 2.111520618200302124e-02 1.682374626398086548e-02 9.257384575903415680e-03 2.268967032432556152e-02 3.596625849604606628e-02 2.183706499636173248e-02 1.845092140138149261e-02 4.541562870144844055e-02 1.484426856040954590e-02 2.011585421860218048e-02 3.949246183037757874e-02 3.395951539278030396e-02 3.831001371145248413e-02 1.432091556489467621e-02 4.454293474555015564e-02 7.451907731592655182e-03 4.131043388042598963e-04 3.826863318681716919e-02 2.927491255104541779e-02 4.640756919980049133e-02 3.362645208835601807e-02 3.388404846191406250e-02 1.689725741744041443e-02 3.533710166811943054e-02 3.415440768003463745e-02 4.253766685724258423e-02 4.516778141260147095e-02 7.537369150668382645e-03 1.468257606029510498e-02 4.580726474523544312e-02 4.533227160573005676e-02 4.529047291725873947e-03 7.754309568554162979e-03 3.487224131822586060e-02 6.662450265139341354e-03 1.049988344311714172e-02 9.600688703358173370e-03
6.018861755728721619e-02 1.292012911289930344e-02 1.063478272408246994e-02 9.934586472809314728e-03 1.286319922655820847e-02 1.278867665678262711e-02 4.520156420767307281e-03 2.459369041025638580e-02 1.337246298789978027e-01 4.965237081050872803e-01 7.607635576277971268e-03 7.538343966007232666e-02 2.832560800015926361e-02 5.690151080489158630e-02 3.823072835803031921e-02 4.868676513433456421e-02 4.666416347026824951e-02 2.751379041001200676e-03 2.378083020448684692e-02 4.951068013906478882e-02 2.774636074900627136e-02 2.440745709463953972e-03 3.692382946610450745e-02 3.082997351884841919e-02 5.148240923881530762e-02 9.905658662319183350e-03 1.020580902695655823e-02 4.417583718895912170e-02 1.054373104125261307e-02 3.630439564585685730e-02 3.036720864474773407e-02 2.742878906428813934e-02 3.841112926602363586e-02 9.253060445189476013e-03 5.054172128438949585e-02 4.249357059597969055e-02 4.732788726687431335e-02 4.069897159934043884e-02 1.505691744387149811e-02 1.518152840435504913e-02 5.076450482010841370e-02 2.863295935094356537e-02 3.065543994307518005e-02 4.010112211108207703e-02 3.365528210997581482e-02 1.832848973572254181e-02 1.030901446938514709e-02 4.840594157576560974e-02 1.576636917889118195e-02 6.117463484406471252e-02 3.495650738477706909e-02 5.092285200953483582e-02 3.318980708718299866e-02 3.789755981415510178e-03 1.257718168199062347e-02 4.637045785784721375e-02 1.706411130726337433e-03 1.337717054411768913e-03 8.295329287648200989e-03 1.531474874354898930e-03 3.784976899623870850e-02 5.885896459221839905e-02 4.472333937883377075e-02 4.265983402729034424e-02 2.052555419504642487e-02 2.826637960970401764e-02 1.404418144375085831e-02 2.303877845406532288e-03 2.161370217800140381e-02 2.193313837051391602e-02 1.745763979852199554e-02 5.287992209196090698e-02 3.962576389312744141e-02 5.835719406604766846e-03 5.745085328817367554e-02 2.967525273561477661e-02 5.952766165137290955e-03 6.268674880266189575e-02 5.917687341570854187e-02 1.405872311443090439e-02 3.065568208694458008e-02 1.396110747009515762e-02 9.332843124866485596e-03 3.214303404092788696e-02 1.652694866061210632e-02 3.287960961461067200e-02 2.009460888803005219e-02 2.581113390624523163e-02 1.646132953464984894e-02 1.717915572226047516e-02 4.393899440765380859e-02 2.946763485670089722e-02 2.412451058626174927e-02 2.295458689332008362e-03 1.349553186446428299e-02 4.363134794402867556e-04 2.512960508465766907e-02 4.482552409172058105e-02 2.996183559298515320e-02 4.224715381860733032e-02 7.359685376286506653e-03 2.335926331579685211e-02 2.684173360466957092e-02 2.366271242499351501e-02 9.741375222802162170e-03 5.216513760387897491e-03 4.239944741129875183e-02 2.326999790966510773e-02 1.397704146802425385e-02 2.615799428895115852e-03 1.552800834178924561e-02 1.654049940407276154e-02 4.798024520277976990e-02 1.420180872082710266e-02 4.941093176603317261e-02 2.717335522174835205e-02
1.160792410373687744e-01 4.168136045336723328e-02 7.203158456832170486e-04 1.699430122971534729e-02 1.911507360637187958e-02 6.109114736318588257e-02 1.213807496242225170e-03 5.118016619235277176e-03 3.053125180304050446e-02 7.607635576277971268e-03 4.917171001434326172e-01 3.244992811232805252e-03 5.043027177453041077e-02 6.763643585145473480e-03 6.269107107073068619e-03 6.027042400091886520e-03 4.760114476084709167e-03 1.081995386630296707e-02 4.348760098218917847e-02 2.823119796812534332e-02 4.829319566488265991e-02 4.614192619919776917e-02 2.133203204721212387e-03 2.073736861348152161e-02 1.469706557691097260e-02 3.555552288889884949e-02 2.183879539370536804e-02 1.245113741606473923e-02 8.294111117720603943e-03 3.144775703549385071e-02 3.218306228518486023e-02 5.332085862755775452e-02 1.026156824082136154e-02 3.285545855760574341e-02 2.847124263644218445e-02 1.795235462486743927e-02 1.969355717301368713e-02 1.301767770200967789e-02 3.949503414332866669e-03 5.657161585986614227e-03 1.001236680895090103e-02 9.086026810109615326e-03 2.828409895300865173e-03 2.808312699198722839e-02 2.605091035366058350e-02 1.365479454398155212e-02 1.116854790598154068e-02 2.344482205808162689e-02 4.763823747634887695e-02 5.374114587903022766e-02 5.588881322182714939e-04 1.651771180331707001e-02 5.418843030929565430e-02 3.751409798860549927e-02 1.694516837596893311e-02 2.411398850381374359e-02 9.609173052012920380e-03 2.360037714242935181e-02 1.310130301862955093e-02 5.021882802248001099e-02 1.596130616962909698e-02 3.990014083683490753e-03 2.032513171434402466e-02 3.764815628528594971e-02 9.049458801746368408e-02 1.438903901726007462e-02 8.768507279455661774e-03 5.319835245609283447e-02 2.972081303596496582e-02 5.499463155865669250e-02 1.109397038817405701e-02 1.137878652662038803e-02 4.024308919906616211e-02 5.991162732243537903e-02 4.694231599569320679e-02 1.774921780452132225e-03 3.121726214885711670e-02 3.856701403856277466e-02 1.813469268381595612e-02 2.363935485482215881e-02 1.305045466870069504e-02 2.094568870961666107e-02 3.718689829111099243e-02 1.084371842443943024e-02 3.327000141143798828e-02 1.739522255957126617e-02 2.474195323884487152e-02 4.104537889361381531e-03 6.167180836200714111e-03 2.951360121369361877e-02 7.619839906692504883e-02 7.465106248855590820e-02 3.280596062541007996e-02 1.278912276029586792e-02 1.166912540793418884e-02 4.554967954754829407e-02 2.705305814743041992e-02 2.796789631247520447e-02 1.202159677632153034e-03 3.387352451682090759e-02 4.733920469880104065e-02 4.752807691693305969e-02 3.797106817364692688e-02 1.218155864626169205e-02 1.873815059661865234e-02 2.158147282898426056e-02 4.235678166151046753e-02 2.336949575692415237e-03 3.403853159397840500e-03 2.889238297939300537e-02 1.169420033693313599e-02 1.180929597467184067e-02 1.162406057119369507e-03 2.903152815997600555e-02 7.296911906450986862e-03 2.824130281805992126e-02
3.154880600050091743e-03 2.830628864467144012e-02 3.373001515865325928e-02 5.459329113364219666e-02 5.965255945920944214e-02 5.057504028081893921e-02 2.167806960642337799e-02 2.568610943853855133e-02 1.152574717998504639e-01 7.538343966007232666e-02 3.244992811232805252e-03 4.874119162559509277e-01 1.140044350177049637e-02 4.722577333450317383e-02 4.821377340704202652e-03 6.193876732140779495e-03 8.175719529390335083e-03 3.947303816676139832e-02 1.279565505683422089e-02 2.425262890756130219e-02 2.698956802487373352e-02 1.010117959231138229e-02 7.096814922988414764e-03 6.484013516455888748e-03 3.221211954951286316e-02 6.019046530127525330e-03 2.960258349776268005e-02 2.331257238984107971e-02 2.919862046837806702e-03 1.990796066820621490e-03 3.989967703819274902e-02 2.393450587987899780e-03 3.622698038816452026e-02 2.498909644782543182e-02 1.737034507095813751e-02 1.337828487157821655e-02 2.272472344338893890e-02 3.561393823474645615e-03 2.610115520656108856e-02 2.351444214582443237e-02 9.712592698633670807e-03 4.251259192824363708e-02 4.587157629430294037e-03 1.205370854586362839e-02 6.586543470621109009e-02 3.147511556744575500e-02 1.338376011699438095e-02 3.112819790840148926e-02 1.112900022417306900e-02 2.740354649722576141e-02 1.055172830820083618e-02 1.803622394800186157e-02 3.625113144516944885e-02 1.419081166386604309e-02 2.615124918520450592e-02 1.274784933775663376e-02 1.396385021507740021e-02 2.789148688316345215e-02 1.937649957835674286e-02 3.658389672636985779e-02 3.623288124799728394e-02 4.200119525194168091e-02 3.832157701253890991e-02 5.642444640398025513e-02 1.706124842166900635e-02 1.776934415102005005e-02 1.652296632528305054e-02 4.386914428323507309e-03 2.740100212395191193e-02 4.806082323193550110e-02 4.794787988066673279e-02 1.019120775163173676e-02 1.511537563055753708e-02 3.179372102022171021e-02 2.641329169273376465e-02 2.984472364187240601e-02 2.019859291613101959e-02 2.911362610757350922e-02 5.458216741681098938e-02 4.345386847853660583e-02 4.199862480163574219e-03 6.563870608806610107e-02 3.024298138916492462e-02 1.040852814912796021e-02 2.120776288211345673e-02 3.305706009268760681e-02 2.152556367218494415e-02 4.946285858750343323e-02 7.042772136628627777e-03 2.277526073157787323e-02 3.237754851579666138e-02 5.172968655824661255e-02 5.616104230284690857e-03 2.240324020385742188e-02 1.953176595270633698e-02 4.235888645052909851e-02 4.230549931526184082e-02 1.119838003069162369e-02 3.955884277820587158e-02 2.008247748017311096e-02 3.919719904661178589e-02 2.062162011861801147e-02 3.706561401486396790e-02 1.620907522737979889e-02 1.087803579866886139e-02 3.994265943765640259e-02 8.603123016655445099e-03 4.058308154344558716e-02 4.255454614758491516e-02 1.252029929310083389e-02 1.432441174983978271e-02 8.838295005261898041e-03 3.050190396606922150e-02 7.633253931999206543e-02 1.748035289347171783e-02 1.124085159972310066e-03
3.763186186552047729e-02 7.566545158624649048e-02 2.601031586527824402e-02 2.341408841311931610e-02 1.947307772934436798e-02 1.226682867854833603e-02 1.509807072579860687e-02 3.653755702544003725e-04 2.274969592690467834e-02 2.832560800015926361e-02 5.043027177453041077e-02 1.140044350177049637e-02 5.052525997161865234e-01 3.264480084180831909e-02 5.632981285452842712e-02 1.228731684386730194e-02 4.697449505329132080e-03 5.137742683291435242e-02 1.158669590950012207e-02 1.225376129150390625e-02 3.420720994472503662e-02 6.095969304442405701e-02 3.087763488292694092e-02 3.473947197198867798e-02 3.827789425849914551e-02 6.068926770240068436e-03 1.156638842076063156e-02 2.253510244190692902e-02 2.524234727025032043e-02 2.877262793481349945e-02 2.071867696940898895e-02 4.135174676775932312e-02 1.500735152512788773e-02 2.828485332429409027e-02 7.913239300251007080e-03 9.083013981580734253e-03 3.167794086039066315e-03 3.547497093677520752e-02 3.378815203905105591e-02 8.797385729849338531e-03 4.497767612338066101e-02 1.234821695834398270e-02 3.737581893801689148e-02 5.112352594733238220e-02 1.751497201621532440e-02 2.770525030791759491e-02 5.321343895047903061e-03 2.724858466535806656e-03 1.802418753504753113e-02 5.029527842998504639e-02 4.386552143841981888e-03 7.329901563934981823e-04 1.112123136408627033e-03 2.278097439557313919e-03 2.433232776820659637e-02 2.335703745484352112e-02 4.355492442846298218e-02 1.742085814476013184e-02 6.264477968215942383e-03 2.247866801917552948e-02 4.041811451315879822e-02 1.438168343156576157e-02 1.722958870232105255e-02 3.384645283222198486e-02 3.519553691148757935e-02 7.931619137525558472e-02 4.715302586555480957e-02 1.976099424064159393e-02 4.115262255072593689e-02 4.044587537646293640e-02 1.570512726902961731e-02 4.874946922063827515e-02 1.658618263900279999e-02 3.337513282895088196e-02 4.269105382263660431e-03 2.229417860507965088e-02 4.685729742050170898e-02 6.947194226086139679e-03 4.562393587548285723e-04 6.807950790971517563e-03 1.478162314742803574e-02 4.419155418872833252e-02 4.429954290390014648e-02 2.363372035324573517e-02 5.232304334640502930e-02 4.857720807194709778e-02 4.429959517437964678e-04 1.879065483808517456e-02 8.511913008987903595e-03 3.802593424916267395e-02 1.823422499001026154e-02 2.986931242048740387e-02 2.062065526843070984e-02 4.459404200315475464e-02 1.425215974450111389e-02 3.824631916359066963e-03 2.278073504567146301e-02 1.352701801806688309e-03 2.146842516958713531e-02 2.281733043491840363e-02 2.213888056576251984e-02 4.642468318343162537e-02 2.823427319526672363e-02 3.487959876656532288e-02 2.314920537173748016e-03 9.358697570860385895e-03 1.659103669226169586e-02 3.829938918352127075e-02 2.702511101961135864e-02 2.859243936836719513e-02 2.685810439288616180e-02 3.967916965484619141e-02 1.642669923603534698e-02 9.000213816761970520e-03 8.840765804052352905e-03 1.399753964506089687e-03
