5.136360526084899902e-01 1.719052344560623169e-01 9.227368980646133423e-03 3.080743178725242615e-02 3.377606347203254700e-02 1.689224988222122192e-01 1.555328071117401123e-01 1.598057523369789124e-02 4.495261237025260925e-03 1.367940474301576614e-02 1.834721714258193970e-01 9.357663802802562714e-03 1.377000361680984497e-01 1.170610170811414719e-02 3.411371260881423950e-02 3.623423725366592407e-02 4.994631558656692505e-02 1.918198727071285248e-02 2.136777387931942940e-03 7.923901081085205078e-03 4.212435800582170486e-03 3.835076466202735901e-02 4.166776314377784729e-02 2.158528938889503479e-02 1.663153804838657379e-02 1.785715669393539429e-02 5.182370170950889587e-02 2.537361718714237213e-02 4.911595955491065979e-02 1.412711199373006821e-02 2.086666226387023926e-02 4.462360218167304993e-02 1.509449910372495651e-03 4.640953242778778076e-02 4.407604783773422241e-02 8.966935798525810242e-03 3.698808699846267700e-02 3.081114497035741806e-03 3.082274645566940308e-02 1.297422125935554504e-02 4.724372923374176025e-02 1.774610765278339386e-02 3.407342359423637390e-02 1.072848588228225708e-02 1.518287416547536850e-02 2.941298857331275940e-02 1.311654597520828247e-01 7.340972125530242920e-02 2.751408331096172333e-02 1.543516665697097778e-02 2.897415868937969208e-02 8.276988752186298370e-03 3.619317710399627686e-02 2.969094552099704742e-02 2.214091829955577850e-02 4.777023568749427795e-02 3.270508348941802979e-02 9.724894538521766663e-03 5.228818207979202271e-02 2.135663479566574097e-02 2.927948720753192902e-02 1.518876664340496063e-02 3.657550550997257233e-03 2.543434873223304749e-02 1.215030252933502197e-02 4.760388750582933426e-03 1.292248163372278214e-02 3.357277717441320419e-03 3.878018585965037346e-03 4.537728056311607361e-02 2.256355993449687958e-02 1.098423823714256287e-02 3.637538850307464600e-02 9.679898619651794434e-03 2.403444610536098480e-02 7.418381515890359879e-03 1.853706873953342438e-02 4.934546723961830139e-02 8.507101796567440033e-03 5.677952431142330170e-04 3.576181083917617798e-02 5.119103193283081055e-02 2.456727251410484314e-02 7.798539940267801285e-03 2.409031055867671967e-02 2.630556561052799225e-02 3.884343802928924561e-02 1.061503961682319641e-02 1.848444901406764984e-02 2.466884674504399300e-03 4.298170097172260284e-03 2.353795617818832397e-02 2.969790017232298851e-03 2.157825510948896408e-03 1.047983299940824509e-02 6.702189799398183823e-03 3.776345402002334595e-02 3.538037464022636414e-02 2.488840557634830475e-02 3.116053901612758636e-02 2.170535922050476074e-02 4.306612536311149597e-02 3.204486146569252014e-02 1.403361326083540916e-03 4.494719579815864563e-02 2.839708514511585236e-02 2.030936069786548615e-02 2.381017059087753296e-02 1.445528771728277206e-02 4.529291763901710510e-02 3.596154972910881042e-02 4.158249869942665100e-02 2.204225584864616394e-02 7.132859434932470322e-03 3.044782206416130066e-03 3.498318046331405640e-02
1.719052344560623169e-01 5.032355189323425293e-01 3.851144760847091675e-02 4.464098438620567322e-02 3.986570239067077637e-02 1.475967019796371460e-01 1.502910256385803223e-01 1.900633238255977631e-02 1.361012179404497147e-02 6.020042579621076584e-03 1.537234783172607422e-01 5.183902569115161896e-03 1.445975899696350098e-01 2.808705344796180725e-02 2.509194612503051758e-02 2.054448053240776062e-02 2.590293437242507935e-02 1.486953929997980595e-03 2.655703201889991760e-02 3.033918328583240509e-02 1.179979927837848663e-02 1.330264192074537277e-02 3.420812264084815979e-02 2.394923474639654160e-03 4.943368490785360336e-03 1.632966659963130951e-02 1.582048647105693817e-02 3.624557331204414368e-02 4.894912242889404297e-02 9.980105794966220856e-03 1.631554402410984039e-02 1.083296490833163261e-03 2.988371998071670532e-04 2.649674564599990845e-02 1.525588333606719971e-02 3.262516111135482788e-02 5.563244223594665527e-02 2.038970775902271271e-02 3.611603379249572754e-02 1.966325007379055023e-02 3.501730784773826599e-02 5.857834476046264172e-04 4.810887202620506287e-02 1.909470185637474060e-02 2.430829405784606934e-02 3.956139460206031799e-02 1.045990213751792908e-01 7.765461504459381104e-02 3.002961724996566772e-02 3.694375604391098022e-02 3.711825981736183167e-02 1.082783564925193787e-03 4.671905189752578735e-02 2.175675705075263977e-02 1.874878630042076111e-02 1.710793562233448029e-02 2.533661015331745148e-02 1.730182208120822906e-02 3.557660803198814392e-02 1.604603370651602745e-03 1.833524927496910095e-02 4.254727065563201904e-02 2.765344269573688507e-02 1.354678627103567123e-02 3.085654694586992264e-03 7.426631636917591095e-03 1.961144991219043732e-02 4.832608625292778015e-03 2.431268570944666862e-03 1.970759220421314240e-02 1.364285778254270554e-02 4.490101709961891174e-03 3.143730014562606812e-02 1.252189162187278271e-03 2.399809472262859344e-02 2.490753680467605591e-02 4.575722850859165192e-03 3.914564102888107300e-02 2.937217801809310913e-02 2.480623871088027954e-02 4.088891670107841492e-02 4.338769614696502686e-02 2.160480245947837830e-02 1.378486584872007370e-02 1.140060834586620331e-02 1.774888671934604645e-02 5.175809189677238464e-02 2.161922678351402283e-02 2.628232911229133606e-02 8.458151482045650482e-03 1.237968169152736664e-02 1.349133625626564026e-02 5.989404395222663879e-03 5.168911884538829327e-04 1.946603134274482727e-02 1.538438815623521805e-02 6.447989493608474731e-03 2.365376241505146027e-02 1.448590215295553207e-02 7.766869384795427322e-03 4.498697072267532349e-02 5.705652758479118347e-03 3.344994783401489258e-02 1.316002011299133301e-02 2.299517393112182617e-02 3.059045970439910889e-02 3.063788637518882751e-02 1.142891775816679001e-02 8.265716955065727234e-03 4.258571937680244446e-02 3.281757980585098267e-02 4.800400510430335999e-02 2.142346650362014771e-02 7.922464981675148010e-03 1.876975595951080322e-02 3.386802971363067627e-02
9.227368980646133423e-03 3.851144760847091675e-02 4.502610266208648682e-01 1.998592726886272430e-02 2.096856385469436646e-02 2.897157520055770874e-02 2.672521024942398071e-02 1.306017786264419556e-01 2.845829725265502930e-02 1.674639433622360229e-02 2.125021070241928101e-02 1.359728816896677017e-02 2.277555689215660095e-02 3.432318195700645447e-02 1.254675630480051041e-02 8.108760230243206024e-03 1.790715008974075317e-02 3.497921675443649292e-02 2.686440013349056244e-02 2.257048711180686951e-02 1.866635866463184357e-02 2.159902267158031464e-02 2.336677722632884979e-02 4.913174360990524292e-02 5.489202681928873062e-03 1.387606188654899597e-02 1.450719311833381653e-02 2.161275409162044525e-02 3.867663443088531494e-02 3.261905536055564880e-02 6.914527155458927155e-03 1.049802452325820923e-02 4.432992078363895416e-03 2.282157167792320251e-02 1.968694850802421570e-02 2.821331657469272614e-02 1.991465687751770020e-02 3.904612362384796143e-02 1.650768332183361053e-02 3.659174218773841858e-02 8.950226940214633942e-03 6.513487547636032104e-03 1.996792666614055634e-02 3.323024138808250427e-02 2.130421809852123260e-02 2.285390719771385193e-02 4.021603986620903015e-02 4.215000569820404053e-02 3.802288696169853210e-02 2.027065865695476532e-02 1.049896515905857086e-02 1.384994946420192719e-03 6.711689289659261703e-03 1.868881471455097198e-02 3.484601899981498718e-02 2.035527862608432770e-02 3.542857617139816284e-02 5.059848353266716003e-02 6.516212224960327148e-02 5.990221723914146423e-02 5.704007111489772797e-03 8.681754581630229950e-03 2.851931005716323853e-02 1.555426325649023056e-02 1.406299043446779251e-02 3.085894882678985596e-02 1.057526748627424240e-02 3.194331750273704529e-02 4.361850023269653320e-02 2.572493627667427063e-02 3.349429368972778320e-02 4.879336431622505188e-02 2.237472124397754669e-02 5.120425950735807419e-03 1.230088341981172562e-02 6.210150662809610367e-03 2.069740369915962219e-02 4.227144271135330200e-02 1.030909735709428787e-02 2.378752641379833221e-02 1.442645490169525146e-01 1.267857104539871216e-01 3.014891408383846283e-02 5.614054203033447266e-02 7.196976337581872940e-03 3.619476780295372009e-02 2.518165111541748047e-02 5.795570835471153259e-02 3.030404821038246155e-02 2.098860591650009155e-02 2.453690208494663239e-02 2.666926244273781776e-03 2.065321430563926697e-02 4.260284081101417542e-02 5.393265746533870697e-03 9.850051254034042358e-03 2.941116876900196075e-02 5.322825536131858826e-02 2.178229764103889465e-02 1.243119779974222183e-02 2.083197468891739845e-03 1.101534627377986908e-02 4.701593518257141113e-02 2.110008895397186279e-02 4.485199315240606666e-05 1.066790986806154251e-02 3.734833002090454102e-02 2.046275883913040161e-02 6.089467555284500122e-03 2.599303238093852997e-02 4.777137190103530884e-02 2.985920943319797516e-02 7.055710302665829659e-04 2.468987554311752319e-02 2.918613888323307037e-02 3.860762715339660645e-02
3.080743178725242615e-02 4.464098438620567322e-02 1.998592726886272430e-02 4.848939478397369385e-01 1.513977199792861938e-01 4.001878947019577026e-02 1.496775727719068527e-02 7.696680258959531784e-03 2.521373890340328217e-02 2.497480809688568115e-02 2.415253408253192902e-02 4.661181475967168808e-03 2.572083473205566406e-02 1.916815526783466339e-02 9.105560369789600372e-03 5.075989291071891785e-02 3.393249213695526123e-02 5.558105185627937317e-02 4.911274090409278870e-02 4.211583733558654785e-02 1.326073426753282547e-02 3.763329237699508667e-02 1.265898533165454865e-02 1.896284148097038269e-02 3.493326902389526367e-02 2.555485814809799194e-02 1.785464026033878326e-02 9.315694682300090790e-03 1.639066077768802643e-02 1.127207837998867035e-02 2.145617268979549408e-02 5.084575712680816650e-02 1.675463281571865082e-03 2.928697690367698669e-02 2.244077436625957489e-02 3.117384575307369232e-02 1.739095337688922882e-02 1.964347204193472862e-03 5.151901766657829285e-02 4.733786731958389282e-02 1.024023815989494324e-02 8.665401488542556763e-03 8.175870403647422791e-03 2.456069737672805786e-02 1.980393193662166595e-02 1.701006107032299042e-02 3.064561821520328522e-02 1.854848861694335938e-02 7.435519248247146606e-03 4.618361219763755798e-02 6.795778404921293259e-03 2.433841861784458160e-02 1.601357199251651764e-02 9.078066796064376831e-05 3.166599944233894348e-02 2.217465266585350037e-02 1.256479788571596146e-02 4.592615365982055664e-02 3.237225115299224854e-02 4.074520245194435120e-02 9.261438250541687012e-02 5.651405081152915955e-02 4.592174664139747620e-03 2.213604515418410301e-03 4.320690408349037170e-02 5.208048224449157715e-02 1.999236829578876495e-02 2.131339907646179199e-02 4.358927253633737564e-03 1.709297113120555878e-02 4.350451286882162094e-03 4.811254888772964478e-02 6.345119327306747437e-02 1.792906899936497211e-03 4.380352795124053955e-02 1.408098451793193817e-02 1.175275072455406189e-02 2.160134725272655487e-02 5.271802842617034912e-02 4.766529798507690430e-02 5.192894488573074341e-02 4.199501127004623413e-02 8.146569132804870605e-02 3.958689048886299133e-02 1.946966350078582764e-02 3.446005284786224365e-02 4.519534856081008911e-02 4.395801201462745667e-02 3.004279918968677521e-02 2.516819722950458527e-02 2.563082054257392883e-02 2.589812688529491425e-02 3.485336434096097946e-03 7.993997074663639069e-03 4.674005508422851562e-02 4.005922377109527588e-02 2.085140906274318695e-02 1.344453077763319016e-02 1.614174433052539825e-02 3.254030272364616394e-02 1.537645980715751648e-02 1.229674089699983597e-03 1.879069395363330841e-02 4.179228097200393677e-02 4.480288829654455185e-03 3.205564571544528008e-03 2.405540272593498230e-02 2.758581424131989479e-03 3.228460624814033508e-02 1.158878952264785767e-02 1.132669299840927124e-02 1.911175670102238655e-03 5.477856472134590149e-02 1.455212477594614029e-02 1.703854091465473175e-02 3.405568748712539673e-02
3.377606347203254700e-02 3.986570239067077637e-02 2.096856385469436646e-02 1.513977199792861938e-01 4.889739453792572021e-01 4.278818517923355103e-02 1.988194696605205536e-02 1.891754753887653351e-02 4.830132052302360535e-02 4.276437684893608093e-02 2.390897274017333984e-02 2.292454009875655174e-03 2.995085902512073517e-02 1.396945863962173462e-02 1.803910918533802032e-02 4.923121258616447449e-02 1.100176759064197540e-02 4.357523843646049500e-02 6.384247541427612305e-02 4.668444767594337463e-02 1.456394698470830917e-02 3.731538355350494385e-02 6.236740387976169586e-03 6.340753752738237381e-03 2.391694858670234680e-02 3.338265419006347656e-02 2.721629105508327484e-02 8.026338182389736176e-03 2.238939329981803894e-02 1.539544388651847839e-02 9.665104560554027557e-03 4.401425644755363464e-02 4.527812823653221130e-03 2.710561826825141907e-02 3.101613372564315796e-02 4.630494862794876099e-02 2.149114198982715607e-02 2.006838330999016762e-03 5.133159086108207703e-02 5.225547030568122864e-02 9.969384409487247467e-03 2.921912074089050293e-02 1.120764855295419693e-02 2.723831683397293091e-02 4.685385525226593018e-02 8.181135170161724091e-03 3.295585513114929199e-02 1.125205866992473602e-02 2.887153998017311096e-02 4.648287966847419739e-02 8.051422424614429474e-03 2.967725321650505066e-02 1.593851018697023392e-03 3.711203578859567642e-03 1.087255193851888180e-03 2.383496798574924469e-02 3.422858193516731262e-03 4.341352730989456177e-02 1.763825491070747375e-02 4.056525602936744690e-02 7.218337804079055786e-02 6.701201945543289185e-02 1.024475228041410446e-02 1.549892709590494633e-03 3.627887740731239319e-02 4.005352035164833069e-02 2.548180520534515381e-02 2.149324491620063782e-02 6.634322344325482845e-04 5.339378956705331802e-03 9.778083302080631256e-03 5.602084845304489136e-02 5.832931771874427795e-02 2.714563859626650810e-03 5.383866280317306519e-02 2.428085356950759888e-02 1.087066833861172199e-03 2.480848692357540131e-02 3.667391464114189148e-02 2.556075900793075562e-02 5.349128320813179016e-02 3.865343332290649414e-02 7.322053611278533936e-02 8.422633260488510132e-02 5.454201716929674149e-03 2.564913034439086914e-02 4.330981895327568054e-02 5.384740605950355530e-02 2.723208069801330566e-02 3.307681158185005188e-02 2.126959152519702911e-02 2.082620747387409210e-02 1.208909694105386734e-02 7.085200049914419651e-04 5.002665519714355469e-02 3.155449032783508301e-02 9.871369547909125686e-05 4.048019181936979294e-03 1.692681387066841125e-02 3.518795594573020935e-02 1.482935342937707901e-02 1.868859678506851196e-02 4.034249112010002136e-03 4.005355387926101685e-02 1.645191223360598087e-03 1.063369493931531906e-02 9.570103138685226440e-03 1.318446546792984009e-02 2.178063057363033295e-02 1.539067365229129791e-02 1.887081004679203033e-02 1.835731090977787971e-03 4.378671944141387939e-02 2.981002070009708405e-02 1.343240146525204182e-03 3.583786264061927795e-02
1.689224988222122192e-01 1.475967019796371460e-01 2.897157520055770874e-02 4.001878947019577026e-02 4.278818517923355103e-02 5.127662420272827148e-01 1.932014822959899902e-01 2.379588969051837921e-02 5.771294236183166504e-03 9.164752438664436340e-03 1.534361541271209717e-01 2.656587958335876465e-02 1.270844489336013794e-01 5.160431191325187683e-02 1.753154769539833069e-02 1.079758908599615097e-02 3.567859530448913574e-03 3.379906341433525085e-02 1.314553339034318924e-02 1.905824616551399231e-02 6.145802326500415802e-03 2.305229753255844116e-02 3.126301616430282593e-02 2.996900351718068123e-03 2.281934581696987152e-02 3.708847239613533020e-02 4.756202548742294312e-02 1.508148387074470520e-02 3.928548097610473633e-02 1.886662840843200684e-02 3.046235628426074982e-02 1.456973841413855553e-03 2.848676871508359909e-03 1.068281196057796478e-02 3.535312414169311523e-02 2.057661674916744232e-02 1.264577358961105347e-02 1.335117500275373459e-02 2.306974492967128754e-02 2.814319683238863945e-03 4.670344665646553040e-02 3.646093606948852539e-02 1.847049035131931305e-02 1.117195282131433487e-02 3.143474459648132324e-03 4.471502453088760376e-02 1.501000076532363892e-01 7.989831268787384033e-02 1.729937084019184113e-02 3.586874529719352722e-02 3.659527376294136047e-02 6.732278503477573395e-03 4.821089282631874084e-02 1.826859824359416962e-02 4.148924723267555237e-02 3.128202632069587708e-02 4.265002906322479248e-02 8.386009139940142632e-04 3.316381201148033142e-02 6.939403829164803028e-04 4.262593016028404236e-02 2.569927461445331573e-02 1.155910268425941467e-02 4.838596656918525696e-02 8.364809677004814148e-03 1.195977628231048584e-02 1.188811007887125015e-02 1.278689969331026077e-02 4.555357247591018677e-02 3.932785987854003906e-02 3.653436154127120972e-02 2.513963356614112854e-02 1.998937316238880157e-02 2.302047982811927795e-02 1.080357003957033157e-02 5.299895070493221283e-03 1.686549186706542969e-02 1.860978268086910248e-02 6.247805897146463394e-03 5.138821434229612350e-03 4.529009386897087097e-02 3.178621828556060791e-02 1.554784644395112991e-02 1.605215668678283691e-02 2.626649290323257446e-02 1.347623020410537720e-02 4.083075746893882751e-02 4.673870746046304703e-03 3.329488635063171387e-02 3.405860066413879395e-02 5.467329174280166626e-03 1.263505779206752777e-02 8.871960453689098358e-03 4.976409487426280975e-03 2.398365549743175507e-02 4.700509831309318542e-03 3.515208512544631958e-02 2.715655416250228882e-02 3.627540916204452515e-02 3.318468853831291199e-02 1.482180785387754440e-02 7.985277101397514343e-03 4.538650438189506531e-02 1.229739468544721603e-02 3.822351619601249695e-02 7.615839596837759018e-03 3.093713708221912384e-02 2.079579606652259827e-02 3.537382185459136963e-02 4.621922224760055542e-02 3.998684138059616089e-02 4.440512880682945251e-02 8.130063652060925961e-04 8.978541940450668335e-03 1.175920292735099792e-02 2.366326935589313507e-02
1.555328071117401123e-01 1.502910256385803223e-01 2.672521024942398071e-02 1.496775727719068527e-02 1.988194696605205536e-02 1.932014822959899902e-01 5.091292858123779297e-01 1.869769208133220673e-02 2.079060301184654236e-02 2.438992634415626526e-02 1.550079733133316040e-01 2.973342686891555786e-02 1.300967186689376831e-01 6.696150451898574829e-02 5.292019806802272797e-03 5.666506476700305939e-03 6.817498244345188141e-03 4.090249538421630859e-02 5.790417548269033432e-03 2.847930788993835449e-02 8.065380156040191650e-03 2.373316138982772827e-02 8.579687215387821198e-03 3.743191063404083252e-02 1.594063825905323029e-02 2.331323735415935516e-02 8.029033429920673370e-03 1.868232525885105133e-02 1.482515223324298859e-02 3.516351431608200073e-02 3.671232983469963074e-02 4.062816500663757324e-02 1.243919134140014648e-02 4.006424918770790100e-02 2.956319972872734070e-02 8.457730524241924286e-03 1.224240660667419434e-02 3.324033692479133606e-02 4.068657010793685913e-02 3.739864006638526917e-02 3.834298253059387207e-02 4.175988212227821350e-02 4.143783822655677795e-02 1.949873939156532288e-02 1.869779080152511597e-02 3.053566068410873413e-02 1.525720059871673584e-01 9.390783309936523438e-02 4.163437709212303162e-02 4.958945885300636292e-02 4.134249687194824219e-02 1.009638886898756027e-02 1.462110318243503571e-02 4.614309221506118774e-02 6.508812773972749710e-03 3.395268693566322327e-02 2.904485724866390228e-02 2.497935295104980469e-02 4.405845701694488525e-02 2.626873925328254700e-02 2.872249484062194824e-02 3.963939845561981201e-02 1.855278760194778442e-02 2.403318323194980621e-02 6.204819772392511368e-03 1.829509250819683075e-02 3.526886180043220520e-02 1.719083078205585480e-02 3.176754340529441833e-02 4.263785108923912048e-02 5.027794092893600464e-02 1.452885218895971775e-03 4.755299910902976990e-02 1.791327632963657379e-02 3.231260925531387329e-02 1.038720249198377132e-03 2.785238204523921013e-03 4.683092609047889709e-02 8.831110782921314240e-03 2.877605846151709557e-03 3.469534963369369507e-02 4.462677612900733948e-02 4.057904705405235291e-03 2.784281596541404724e-02 8.232280611991882324e-03 1.111512444913387299e-02 4.866452142596244812e-02 1.393021550029516220e-02 4.856035485863685608e-02 2.152452990412712097e-02 3.318116068840026855e-02 3.162879031151533127e-03 8.748228661715984344e-03 1.417212747037410736e-02 2.756787091493606567e-02 4.621691536158323288e-03 2.285370416939258575e-02 3.144571185111999512e-02 6.634332239627838135e-03 2.895292453467845917e-02 3.470728918910026550e-02 2.040760591626167297e-02 8.682366460561752319e-03 2.331566996872425079e-02 3.420566022396087646e-02 1.443548686802387238e-02 7.746231276541948318e-03 2.829997241497039795e-02 1.114030182361602783e-02 2.794031053781509399e-02 1.993404515087604523e-02 1.196193136274814606e-02 7.621217053383588791e-03 3.999676555395126343e-02 3.260466456413269043e-02 4.899327084422111511e-02
1.598057523369789124e-02 1.900633238255977631e-02 1.306017786264419556e-01 7.696680258959531784e-03 1.891754753887653351e-02 2.379588969051837921e-02 1.869769208133220673e-02 4.568908512592315674e-01 7.657394744455814362e-04 2.685395814478397369e-02 4.267253354191780090e-02 1.287578232586383820e-02 1.906904019415378571e-02 8.696418255567550659e-03 4.643347859382629395e-02 4.770569037646055222e-03 9.513160213828086853e-03 6.129777524620294571e-03 3.942788392305374146e-02 3.091208823025226593e-02 2.177186124026775360e-02 2.207300439476966858e-02 1.835003867745399475e-02 2.203870192170143127e-02 2.405683510005474091e-03 2.177902497351169586e-02 2.694593276828527451e-03 5.119960289448499680e-03 4.551558755338191986e-03 9.199385531246662140e-03 1.366872154176235199e-02 1.429187133908271790e-02 9.871683083474636078e-03 2.365509048104286194e-02 2.486966364085674286e-02 2.055104123428463936e-03 2.254577726125717163e-02 3.234131634235382080e-02 9.296756237745285034e-03 2.158180251717567444e-02 1.767707057297229767e-02 1.027234457433223724e-02 4.134530609007924795e-04 7.871479541063308716e-02 5.337125621736049652e-03 1.693391613662242889e-02 4.745956510305404663e-02 4.500410705804824829e-02 3.423264622688293457e-02 2.602332085371017456e-02 4.281758144497871399e-02 6.281936168670654297e-02 4.919777810573577881e-02 1.893600448966026306e-02 3.066375106573104858e-02 1.210367679595947266e-02 8.566379547119140625e-03 3.001891821622848511e-02 6.130499020218849182e-02 3.380589559674263000e-02 3.535313764587044716e-03 4.775876179337501526e-02 1.569248363375663757e-02 1.419899798929691315e-02 1.257307641208171844e-02 9.537039324641227722e-03 2.711367234587669373e-02 3.227804973721504211e-02 2.608508104458451271e-03 3.667163848876953125e-02 6.552156526595354080e-03 3.381160646677017212e-02 4.996359348297119141e-02 2.867226488888263702e-02 4.175531864166259766e-02 6.503219250589609146e-03 1.876230724155902863e-02 6.570124067366123199e-03 2.626666985452175140e-02 6.646197289228439331e-03 1.337306499481201172e-01 1.083837300539016724e-01 4.462690651416778564e-02 5.365049932152032852e-03 7.099037757143378258e-04 1.734524779021739960e-02 9.236632287502288818e-02 5.245750769972801208e-02 3.122459352016448975e-02 3.195642307400703430e-02 3.506081178784370422e-02 2.558490261435508728e-02 1.472103502601385117e-02 4.052564129233360291e-02 1.286572311073541641e-02 2.897854521870613098e-02 4.248811304569244385e-02 3.199116140604019165e-02 1.163349673151969910e-02 1.555635966360569000e-02 1.668485440313816071e-02 2.296732738614082336e-02 4.752781242132186890e-02 2.742739580571651459e-02 6.435225950554013252e-04 1.524265273474156857e-03 2.136971335858106613e-03 1.105665508657693863e-02 1.709546707570552826e-02 1.054010260850191116e-02 2.962076105177402496e-02 4.417769610881805420e-02 2.741965651512145996e-02 9.413041174411773682e-03 4.456610605120658875e-02 5.372513830661773682e-02
4.495261237025260925e-03 1.361012179404497147e-02 2.845829725265502930e-02 2.521373890340328217e-02 4.830132052302360535e-02 5.771294236183166504e-03 2.079060301184654236e-02 7.657394744455814362e-04 4.758776426315307617e-01 1.429516822099685669e-01 6.917418446391820908e-03 1.011289134621620178e-01 1.256836671382188797e-02 3.194949030876159668e-02 4.645259678363800049e-02 2.465215325355529785e-02 1.421838253736495972e-02 8.539221435785293579e-02 2.569746412336826324e-02 1.225628983229398727e-02 3.910975530743598938e-02 5.564765073359012604e-03 6.498585641384124756e-02 3.553407639265060425e-02 3.017469681799411774e-02 2.515572868287563324e-02 1.708149164915084839e-02 4.868042469024658203e-02 3.612840548157691956e-02 6.509035825729370117e-02 1.912534236907958984e-02 5.703597143292427063e-02 5.159657076001167297e-02 5.302993953227996826e-02 4.369260370731353760e-02 5.952761694788932800e-02 4.256278276443481445e-03 3.794108703732490540e-02 5.207455530762672424e-02 4.151859506964683533e-02 1.053959131240844727e-02 6.688748300075531006e-02 4.446827620267868042e-02 4.490157123655080795e-03 7.184181362390518188e-02 2.211635373532772064e-02 2.689370140433311462e-02 2.731492370367050171e-02 6.520819664001464844e-02 6.023399904370307922e-02 1.750499382615089417e-02 3.995405044406652451e-03 6.015527993440628052e-03 2.811145782470703125e-02 1.201443970203399658e-01 1.370592601597309113e-02 1.778386882506310940e-03 5.296658352017402649e-02 4.141221940517425537e-02 4.349559545516967773e-02 4.763480648398399353e-02 2.819138206541538239e-02 5.577962845563888550e-02 1.873293332755565643e-02 3.378593176603317261e-02 3.963506594300270081e-02 4.433783888816833496e-02 1.747111044824123383e-02 6.829122453927993774e-02 4.100281745195388794e-02 3.570296615362167358e-02 2.350688353180885315e-02 4.693336784839630127e-02 4.388456419110298157e-02 5.725284293293952942e-02 1.438318192958831787e-02 1.615887433290481567e-01 9.953544475138187408e-03 1.500275582075119019e-01 4.421158879995346069e-02 4.774578660726547241e-02 2.200413728132843971e-03 4.457716643810272217e-02 3.945492953062057495e-02 2.831001766026020050e-02 4.431676492094993591e-02 4.460096359252929688e-03 2.713760919868946075e-02 8.951035887002944946e-02 2.401389740407466888e-02 4.643422365188598633e-02 3.421045467257499695e-02 1.012848806567490101e-03 1.338474638760089874e-02 1.880607753992080688e-02 1.774436049163341522e-02 1.590875349938869476e-02 1.470971573144197464e-02 2.994235605001449585e-02 1.412763074040412903e-02 7.209076546132564545e-03 3.686615091282874346e-04 2.213717065751552582e-02 1.757791079580783844e-02 3.136359155178070068e-02 1.494442229159176350e-03 6.921293213963508606e-03 4.163131117820739746e-03 3.005472198128700256e-02 2.297262288630008698e-02 3.749215975403785706e-02 3.951717168092727661e-02 2.905791811645030975e-02 2.077748626470565796e-02 1.747247204184532166e-02 2.060947567224502563e-02
1.367940474301576614e-02 6.020042579621076584e-03 1.674639433622360229e-02 2.497480809688568115e-02 4.276437684893608093e-02 9.164752438664436340e-03 2.438992634415626526e-02 2.685395814478397369e-02 1.429516822099685669e-01 4.633567631244659424e-01 2.667315304279327393e-02 3.563137352466583252e-02 7.640517316758632660e-03 8.364930003881454468e-02 9.466852061450481415e-03 4.404155164957046509e-02 9.118428453803062439e-03 2.520643547177314758e-02 4.783990606665611267e-02 8.274738211184740067e-04 1.352222543209791183e-02 1.617046445608139038e-02 3.660210222005844116e-02 1.357968449592590332e-01 3.497948870062828064e-03 7.846800610423088074e-03 2.912053465843200684e-02 5.249424278736114502e-02 1.647657342255115509e-02 5.557856336236000061e-02 3.565981611609458923e-02 6.929812021553516388e-03 8.309982717037200928e-03 1.271872222423553467e-02 3.697916399687528610e-03 5.041912663727998734e-03 2.907792478799819946e-02 2.658658102154731750e-02 2.941779326647520065e-03 2.518137358129024506e-02 3.854454681277275085e-02 4.745267797261476517e-03 4.318751022219657898e-02 5.757916718721389771e-02 5.477507133036851883e-03 2.362557314336299896e-02 7.938895374536514282e-03 1.917403377592563629e-02 1.362425740808248520e-03 8.739573508501052856e-02 5.221828445792198181e-02 9.482380002737045288e-03 1.784389652311801910e-02 3.569879382848739624e-02 2.357105351984500885e-02 4.719785228371620178e-02 3.004381805658340454e-02 1.789970882236957550e-02 3.861963748931884766e-02 2.646341361105442047e-02 2.959026210010051727e-02 2.916803024709224701e-02 6.247950717806816101e-03 1.120211556553840637e-02 4.105909168720245361e-02 2.110192552208900452e-02 2.931880392134189606e-02 3.430308401584625244e-02 4.571666195988655090e-02 6.548970006406307220e-03 3.719443827867507935e-02 1.240443531423807144e-02 1.317047979682683945e-02 2.550446987152099609e-02 2.471241168677806854e-02 2.001826092600822449e-02 2.815527468919754028e-02 2.471871487796306610e-02 8.820168673992156982e-02 2.313029021024703979e-01 8.470428176224231720e-03 1.123080030083656311e-02 2.570819482207298279e-02 2.241061627864837646e-02 4.291975125670433044e-02 5.889909714460372925e-02 1.816342212259769440e-02 4.647050518542528152e-03 7.098357658833265305e-03 3.298912942409515381e-02 3.849364072084426880e-02 1.902798749506473541e-02 4.913701489567756653e-02 3.106117015704512596e-03 1.509245112538337708e-02 2.035243064165115356e-02 3.081893175840377808e-02 5.553107708692550659e-03 3.084152191877365112e-02 2.192662796005606651e-04 6.286548916250467300e-03 4.234504699707031250e-02 3.845540061593055725e-02 1.671547442674636841e-02 4.390190914273262024e-02 2.615154720842838287e-02 2.019388787448406219e-02 2.757563814520835876e-02 2.613650821149349213e-02 1.567526720464229584e-02 4.322897642850875854e-02 8.857889100909233093e-03 9.060587035492062569e-05 1.557401847094297409e-02 2.234519273042678833e-02 1.640332490205764771e-02
1.834721714258193970e-01 1.537234783172607422e-01 2.125021070241928101e-02 2.415253408253192902e-02 2.390897274017333984e-02 1.534361541271209717e-01 1.550079733133316040e-01 4.267253354191780090e-02 6.917418446391820908e-03 2.667315304279327393e-02 5.113201141357421875e-01 1.545451232232153416e-03 1.671825200319290161e-01 1.011609192937612534e-02 4.152225703001022339e-02 2.809935063123703003e-02 3.154924139380455017e-02 2.772330306470394135e-02 2.141955122351646423e-02 1.832238771021366119e-02 1.857386901974678040e-02 5.545005574822425842e-02 3.705380484461784363e-02 3.689248859882354736e-02 3.664544224739074707e-02 7.555621676146984100e-03 4.648528993129730225e-02 1.181591302156448364e-02 4.841030761599540710e-02 1.234976761043071747e-02 5.163140967488288879e-02 1.558597479015588760e-02 2.136483229696750641e-02 4.485797137022018433e-02 3.540360555052757263e-02 2.059268578886985779e-02 1.048797927796840668e-02 2.421106211841106415e-03 4.419061355292797089e-03 3.452631831169128418e-02 2.669636905193328857e-02 1.081892102956771851e-02 3.308629617094993591e-02 9.165166877210140228e-03 1.898643374443054199e-02 4.872773587703704834e-02 1.333591639995574951e-01 7.273241877555847168e-02 3.295400738716125488e-02 3.389609605073928833e-02 1.797586120665073395e-02 7.854176685214042664e-03 2.027012035250663757e-02 3.723608702421188354e-02 1.839092373847961426e-02 4.013455286622047424e-02 3.531366959214210510e-02 2.528304606676101685e-02 1.838722452521324158e-02 1.302468124777078629e-02 2.564194612205028534e-02 4.659293964505195618e-02 7.478975225239992142e-03 1.462872046977281570e-02 5.443584546446800232e-02 3.942226991057395935e-02 1.164838112890720367e-02 6.267024669796228409e-03 1.588629325851798058e-03 3.985215723514556885e-02 1.237894129008054733e-02 4.251334443688392639e-02 3.726823627948760986e-02 2.343570068478584290e-02 4.278300702571868896e-02 2.918199077248573303e-02 3.862212644889950752e-03 4.171622171998023987e-02 1.518038380891084671e-02 3.175408579409122467e-03 4.603921249508857727e-02 4.490710049867630005e-02 1.465843379264697433e-04 8.304552175104618073e-03 4.738626885227859020e-04 7.379855029284954071e-03 1.066753454506397247e-02 1.399264670908451080e-02 3.671763464808464050e-02 4.622505512088537216e-03 2.833373285830020905e-02 4.091608151793479919e-02 3.555226325988769531e-02 5.685863085091114044e-03 3.721071034669876099e-02 2.284398116171360016e-02 2.646801993250846863e-02 1.911128312349319458e-02 3.921159543097019196e-03 1.146019808948040009e-02 2.394506707787513733e-02 1.879286766052246094e-02 3.392414748668670654e-02 6.437958218157291412e-03 2.187398262321949005e-02 1.463452726602554321e-02 2.681886591017246246e-02 4.288047179579734802e-02 9.950025938451290131e-03 4.745192825794219971e-02 3.670505806803703308e-02 2.744499780237674713e-02 1.120446249842643738e-02 9.981247596442699432e-03 4.364495724439620972e-02 3.407989861443638802e-03
9.357663802802562714e-03 5.183902569115161896e-03 1.359728816896677017e-02 4.661181475967168808e-03 2.292454009875655174e-03 2.656587958335876465e-02 2.973342686891555786e-02 1.287578232586383820e-02 1.011289134621620178e-01 3.563137352466583252e-02 1.545451232232153416e-03 4.755584895610809326e-01 7.642176933586597443e-03 2.168933898210525513e-01 1.363541465252637863e-02 2.122696116566658020e-02 1.354897301644086838e-02 1.154127414338290691e-03 2.652580104768276215e-02 1.400004979223012924e-02 3.193867206573486328e-02 4.356718063354492188e-02 6.049169972538948059e-02 5.090314894914627075e-02 1.715851761400699615e-02 1.528256759047508240e-02 2.835815399885177612e-02 7.611767947673797607e-02 4.063474386930465698e-02 7.547550648450851440e-02 2.659223414957523346e-02 1.802790351212024689e-02 3.000477701425552368e-02 2.430095104500651360e-03 2.442620135843753815e-02 3.249026462435722351e-02 3.447009623050689697e-02 3.578850254416465759e-02 4.820461850613355637e-03 5.034437030553817749e-02 1.662895269691944122e-02 6.781731732189655304e-03 2.045490313321352005e-03 3.739946708083152771e-02 2.314112382009625435e-03 1.816878467798233032e-02 1.289777085185050964e-02 9.630730375647544861e-03 3.534583747386932373e-02 2.757846564054489136e-02 4.096625000238418579e-02 3.719130903482437134e-02 2.362340874969959259e-02 4.820981249213218689e-02 1.450610812753438950e-02 4.815354198217391968e-02 3.879349306225776672e-02 1.584842614829540253e-02 5.679957941174507141e-02 2.057026512920856476e-02 2.046954073011875153e-02 4.232619702816009521e-02 4.238810017704963684e-02 2.870551310479640961e-02 2.239224687218666077e-02 4.703456163406372070e-02 2.393736038357019424e-03 6.040582433342933655e-02 3.552307374775409698e-03 4.724956676363945007e-02 2.650171332061290741e-02 4.476009681820869446e-02 2.002045046538114548e-03 3.907441720366477966e-02 8.819876238703727722e-03 6.073298281989991665e-04 3.393169119954109192e-02 9.164838120341300964e-03 2.590068615972995758e-02 3.401958197355270386e-02 1.767377369105815887e-02 3.072730498388409615e-03 3.929888457059860229e-02 2.048379555344581604e-02 5.418076366186141968e-02 2.322867885231971741e-02 4.212842136621475220e-02 1.798611320555210114e-02 8.772976696491241455e-02 7.921694964170455933e-02 1.673757657408714294e-02 1.281917747110128403e-02 2.939175814390182495e-02 3.325648233294487000e-02 2.449223212897777557e-02 2.639280818402767181e-02 3.601777181029319763e-02 4.021928459405899048e-02 8.358513005077838898e-03 1.045238878577947617e-02 3.715014085173606873e-02 4.495134111493825912e-03 1.813040859997272491e-02 4.659952595829963684e-03 2.027848735451698303e-02 2.163227088749408722e-02 1.679446548223495483e-02 2.961356192827224731e-02 4.074642434716224670e-03 4.565067589282989502e-02 7.419050671160221100e-03 3.386348253116011620e-03 2.175915241241455078e-02 2.327200770378112793e-02 1.638897135853767395e-02 9.248405694961547852e-03
1.377000361680984497e-01 1.445975899696350098e-01 2.277555689215660095e-02 2.572083473205566406e-02 2.995085902512073517e-02 1.270844489336013794e-01 1.300967186689376831e-01 1.906904019415378571e-02 1.256836671382188797e-02 7.640517316758632660e-03 1.671825200319290161e-01 7.642176933586597443e-03 5.144695043563842773e-01 1.332040410488843918e-02 5.723909288644790649e-02 3.104679472744464874e-02 3.598542883992195129e-02 3.259615972638130188e-02 1.913386629894375801e-03 2.197803184390068054e-02 4.930580407381057739e-02 7.360016554594039917e-02 3.987126797437667847e-02 2.590515464544296265e-02 1.152046397328376770e-02 3.004007227718830109e-02 4.387900978326797485e-02 1.793859712779521942e-02 4.912124201655387878e-02 6.049060728400945663e-03 6.803170777857303619e-03 3.416322171688079834e-02 1.272236276417970657e-02 4.659827053546905518e-02 2.070525288581848145e-02 3.511658404022455215e-03 3.388157114386558533e-02 2.282472886145114899e-02 3.084450028836727142e-02 2.583988569676876068e-02 3.625798225402832031e-02 1.102233398705720901e-02 4.661498963832855225e-02 1.322710327804088593e-02 2.609935589134693146e-02 4.182088002562522888e-02 1.026832908391952515e-01 7.418740540742874146e-02 4.187775775790214539e-02 3.820191323757171631e-02 6.337699014693498611e-03 2.282024361193180084e-02 1.469715218991041183e-02 6.369940470904111862e-03 3.402819111943244934e-02 2.394884824752807617e-02 4.198950529098510742e-02 1.519056409597396851e-02 2.332378790015354753e-04 2.434493787586688995e-02 3.879342600703239441e-02 4.491062089800834656e-02 1.476126909255981445e-02 2.828607149422168732e-02 4.263402521610260010e-02 6.284021586179733276e-02 3.866574959829449654e-03 1.608018530532717705e-03 2.233268506824970245e-02 2.031382173299789429e-02 3.392061963677406311e-02 2.745193615555763245e-02 3.756337612867355347e-02 4.965172708034515381e-02 2.552792616188526154e-02 3.674514964222908020e-02 1.398632582277059555e-02 4.729748889803886414e-02 3.329174651298671961e-04 1.201879419386386871e-02 9.547312743961811066e-03 7.392029743641614914e-03 2.664037607610225677e-02 8.500416763126850128e-03 2.643084386363625526e-03 1.073412597179412842e-02 1.434332132339477539e-02 4.914351925253868103e-02 3.198476135730743408e-02 5.893561989068984985e-03 2.116764523088932037e-02 4.026763886213302612e-02 5.167930503375828266e-04 3.693272173404693604e-02 4.131552577018737793e-02 2.687934041023254395e-02 3.634377941489219666e-02 2.916728705167770386e-02 9.759685955941677094e-03 8.975190110504627228e-03 5.714733619242906570e-03 3.476032987236976624e-02 1.948392018675804138e-02 1.453578285872936249e-02 2.660572156310081482e-02 9.716459549963474274e-03 4.152461141347885132e-02 5.555359274148941040e-02 3.661938011646270752e-02 3.609023243188858032e-02 3.448344022035598755e-02 2.067827433347702026e-02 8.551486767828464508e-03 5.855533294379711151e-03 7.722587324678897858e-04 4.996903706341981888e-03
