5.614148974418640137e-01 1.407613009214401245e-01 2.536976477131247520e-03 1.522934250533580780e-02 4.795141890645027161e-02 3.235249966382980347e-02 3.833101689815521240e-02 1.537734456360340118e-02 2.328653261065483093e-02 5.688379053026437759e-03 4.031461104750633240e-02 8.503444492816925049e-03 5.566633492708206177e-02 8.314255625009536743e-03 2.303625643253326416e-02 4.545613005757331848e-02 2.600317448377609253e-02 8.946475572884082794e-04 1.845541223883628845e-02 4.018864780664443970e-02 3.119994513690471649e-02 2.164826542139053345e-02 4.257594794034957886e-02 2.664369903504848480e-02 2.466661110520362854e-02 1.090201083570718765e-02 1.440524496138095856e-02 4.281763359904289246e-02 3.373567713424563408e-03 1.867345720529556274e-02 3.418470919132232666e-02 4.390075337141752243e-03 7.369568571448326111e-03 2.556950598955154419e-02 2.769958041608333588e-02 1.390819158405065536e-02 2.814609184861183167e-02 1.849748566746711731e-02 3.501299023628234863e-02 3.945553675293922424e-02 1.066487748175859451e-02 3.931168466806411743e-02 5.025543214287608862e-05 1.024307589977979660e-02 2.943192794919013977e-02 3.205052763223648071e-02 1.000378653407096863e-02 1.169043779373168945e-02 1.301901135593652725e-02 5.055174231529235840e-02 7.042047102004289627e-03 7.544556283392012119e-04 1.718992739915847778e-02 2.067709341645240784e-02 3.027265705168247223e-02 5.012508947402238846e-03 3.187787951901555061e-04 8.957868441939353943e-03 1.882268674671649933e-02 1.470146793872117996e-02 4.128610715270042419e-03 3.680293262004852295e-02 8.430642075836658478e-03 1.452193036675453186e-02 1.953333057463169098e-02 1.390737574547529221e-02 3.006744012236595154e-02 3.333996236324310303e-02 2.814762853085994720e-02 4.130585119128227234e-03 4.500612616539001465e-02 7.108449470251798630e-03 2.268099598586559296e-02 1.880409754812717438e-02 1.127278897911310196e-02 1.094069704413414001e-02 3.854501247406005859e-02 1.403278578072786331e-02 6.069748662412166595e-03 3.720857203006744385e-02 9.067585691809654236e-03 5.803777836263179779e-03 3.575754538178443909e-02 9.592929854989051819e-03 4.552018269896507263e-02 1.116141118109226227e-02 4.345254506915807724e-03 1.179100014269351959e-03 2.327167056500911713e-02 2.825490431860089302e-03 4.936319589614868164e-02 8.344890549778938293e-03 3.949825651943683624e-03 1.165927015244960785e-02 2.942236512899398804e-02 3.802118822932243347e-02 5.574189126491546631e-03 1.714068092405796051e-02 3.526882792357355356e-04 7.724076858721673489e-04 3.255549818277359009e-02 2.707622759044170380e-02 2.143628336489200592e-02 1.412746962159872055e-02 1.780497957952320576e-03 2.119916863739490509e-02 5.104254931211471558e-02 2.988619357347488403e-02 3.519012033939361572e-02 5.706689506769180298e-02 5.953940097242593765e-03 1.005312800407409668e-02 4.191149771213531494e-02 1.748647354543209076e-02 1.662268862128257751e-02 1.830921322107315063e-02
1.407613009214401245e-01 5.534437894821166992e-01 1.013209298253059387e-02 3.782100602984428406e-02 3.368572890758514404e-02 4.479169845581054688e-02 6.201395019888877869e-02 1.770000904798507690e-02 4.240763932466506958e-02 5.412760190665721893e-03 4.007645323872566223e-02 2.992714988067746162e-03 5.730498954653739929e-02 9.104500524699687958e-03 3.275481238961219788e-02 3.753255680203437805e-02 1.629766449332237244e-02 1.912404224276542664e-02 3.368482738733291626e-02 2.654296904802322388e-02 5.268777161836624146e-02 1.975698582828044891e-02 2.571220882236957550e-02 3.307415917515754700e-02 1.536344294436275959e-03 2.558243088424205780e-02 1.244984846562147141e-02 6.011590827256441116e-03 1.504376344382762909e-02 7.710515987128019333e-03 3.008981421589851379e-02 7.833181880414485931e-03 5.571458954364061356e-03 3.238163143396377563e-02 1.344673056155443192e-02 3.432225435972213745e-02 3.820785135030746460e-02 6.914069410413503647e-03 3.468624874949455261e-02 3.691706806421279907e-02 7.560138590633869171e-03 3.966718167066574097e-02 4.340900108218193054e-03 9.631455875933170319e-03 3.681874275207519531e-02 2.168274857103824615e-02 7.793807890266180038e-03 2.186305634677410126e-02 3.196896240115165710e-02 5.080456659197807312e-02 1.523178070783615112e-02 1.192386634647846222e-02 1.820202916860580444e-02 1.943170092999935150e-02 4.323347005993127823e-03 1.668157242238521576e-02 1.611949689686298370e-02 1.303965039551258087e-02 5.644239019602537155e-03 1.389758102595806122e-02 1.037296839058399200e-02 4.110050573945045471e-02 3.278461284935474396e-03 1.922520808875560760e-02 3.352329507470130920e-02 1.807005889713764191e-02 2.202383428812026978e-02 6.481368839740753174e-02 4.478349164128303528e-02 2.883660607039928436e-02 3.934169188141822815e-02 4.514076281338930130e-03 2.533487044274806976e-02 4.539931192994117737e-02 1.655973307788372040e-02 3.719851747155189514e-02 3.082250058650970459e-02 4.784211516380310059e-03 1.220505218952894211e-02 2.936013787984848022e-02 1.025553233921527863e-02 7.793590426445007324e-03 3.737011179327964783e-02 2.759418450295925140e-03 3.508013486862182617e-02 2.081662416458129883e-02 1.051252125762403011e-03 4.412134643644094467e-03 3.798226127400994301e-03 1.771070621907711029e-02 2.947013266384601593e-02 1.600705087184906006e-02 2.035472914576530457e-02 5.213120952248573303e-03 7.988300174474716187e-03 2.527065016329288483e-02 3.213507588952779770e-03 8.650506846606731415e-03 1.637494191527366638e-02 1.460765860974788666e-02 1.664436981081962585e-02 2.589123323559761047e-02 2.123906835913658142e-02 3.053010208532214165e-03 1.122743589803576469e-03 2.600210718810558319e-02 3.045204468071460724e-02 4.984100535511970520e-02 4.342837631702423096e-02 4.732621833682060242e-02 3.030021209269762039e-03 6.680449936538934708e-03 3.470079600811004639e-02 1.281401142477989197e-02 3.170897066593170166e-02 3.460795804858207703e-02
2.536976477131247520e-03 1.013209298253059387e-02 5.371369123458862305e-01 1.887556910514831543e-02 5.321527365595102310e-03 2.162153832614421844e-02 4.904634319245815277e-03 2.226862497627735138e-02 2.167606726288795471e-02 2.836534380912780762e-02 7.329891901463270187e-03 6.746771396137773991e-04 1.255368907004594803e-02 2.013139799237251282e-02 9.538077749311923981e-03 5.784754641354084015e-03 2.565805800259113312e-03 2.054134383797645569e-02 7.816332392394542694e-03 5.754020996391773224e-03 1.043437421321868896e-02 3.178405342623591423e-03 3.968537226319313049e-02 1.789169199764728546e-02 1.163079310208559036e-02 1.921135745942592621e-02 2.109379740431904793e-03 4.471488296985626221e-03 1.772458292543888092e-02 4.341242834925651550e-02 2.266094274818897247e-02 2.927088923752307892e-02 2.793475612998008728e-02 1.585206389427185059e-02 3.973714262247085571e-02 4.059998691082000732e-02 1.526574976742267609e-02 2.994450181722640991e-02 4.707482177764177322e-03 8.527901023626327515e-03 6.589073687791824341e-02 2.518285252153873444e-02 3.210318461060523987e-02 9.621526300907135010e-02 7.595153525471687317e-03 4.081434756517410278e-02 4.013119265437126160e-02 1.690604165196418762e-02 3.099583555012941360e-03 1.345869898796081543e-02 1.897666603326797485e-02 1.565141789615154266e-02 2.049647271633148193e-03 1.403149031102657318e-02 1.986253447830677032e-02 1.709709502756595612e-02 1.806063205003738403e-02 4.513697698712348938e-03 1.564722694456577301e-02 4.786120355129241943e-02 7.873592898249626160e-03 1.271585375070571899e-02 1.946338824927806854e-02 7.170981168746948242e-02 1.134359370917081833e-02 1.655941084027290344e-02 3.464084293227642775e-04 3.320709243416786194e-02 2.944308705627918243e-02 3.620748175308108330e-03 2.857583761215209961e-02 2.290102420374751091e-03 7.142007816582918167e-03 2.606138586997985840e-03 2.039419859647750854e-02 9.102851152420043945e-03 6.244803778827190399e-03 2.323206514120101929e-02 1.841238513588905334e-02 2.779688872396945953e-02 6.438864767551422119e-02 8.481866121292114258e-02 3.532361937686800957e-03 7.239052210934460163e-04 1.977980881929397583e-02 2.467750385403633118e-02 2.169490046799182892e-02 3.421212732791900635e-02 2.316816151142120361e-02 1.995053887367248535e-02 1.715662330389022827e-02 9.342074394226074219e-03 4.398877546191215515e-02 2.386370301246643066e-02 3.714163973927497864e-02 2.507885918021202087e-02 4.098380357027053833e-02 5.146812647581100464e-02 1.589243859052658081e-02 6.942183710634708405e-03 4.088724032044410706e-02 9.912832640111446381e-03 5.382701754570007324e-02 1.053009275346994400e-02 3.775226185098290443e-03 2.370157837867736816e-02 4.021492786705493927e-03 2.813483122736215591e-03 4.760569334030151367e-02 1.245509134605526924e-03 5.466048605740070343e-03 4.439009819179773331e-03 1.176552753895521164e-02 1.086619216948747635e-02 3.832025080919265747e-02 4.746964573860168457e-02
1.522934250533580780e-02 3.782100602984428406e-02 1.887556910514831543e-02 5.582452416419982910e-01 1.191166862845420837e-01 1.788527518510818481e-02 1.757542975246906281e-02 1.957744546234607697e-02 1.659911824390292168e-03 9.550256654620170593e-03 1.425786595791578293e-02 1.493160519748926163e-02 1.496513094753026962e-02 7.784106303006410599e-03 1.851464062929153442e-02 1.836049603298306465e-03 2.698634192347526550e-02 9.832126647233963013e-02 9.622284770011901855e-02 3.339719772338867188e-02 4.425561055541038513e-02 3.522652667015790939e-03 1.249778736382722855e-02 1.384758763015270233e-02 5.700251087546348572e-03 1.153075229376554489e-02 9.338369593024253845e-03 1.290201395750045776e-02 1.664975134190171957e-04 5.131918587721884251e-04 8.892741054296493530e-03 1.841984689235687256e-03 4.782669991254806519e-02 1.663161208853125572e-03 4.700523614883422852e-02 5.561995506286621094e-02 3.157082200050354004e-02 3.806694969534873962e-02 3.519233688712120056e-02 3.878930956125259399e-02 2.251948788762092590e-02 3.040492534637451172e-02 2.496839873492717743e-02 3.421448916196823120e-02 1.487889420241117477e-02 2.215633355081081390e-02 2.346471138298511505e-02 4.004745930433273315e-02 4.364525899291038513e-02 2.964735403656959534e-02 1.724651455879211426e-02 1.621082425117492676e-02 6.950701586902141571e-03 7.516920566558837891e-03 2.599252201616764069e-02 3.413324058055877686e-02 1.144809927791357040e-02 1.510740909725427628e-02 2.125898003578186035e-02 2.437196485698223114e-02 4.205832257866859436e-02 7.255841791629791260e-02 2.878388017416000366e-02 1.339409686625003815e-02 1.021891925483942032e-02 5.187144415685907006e-05 2.239376335637643933e-04 2.308139228262007236e-04 6.899544969201087952e-04 1.694856211543083191e-02 1.507613901048898697e-02 1.166100334376096725e-02 5.976643785834312439e-02 1.131789642386138439e-03 1.075045671314001083e-02 1.334971096366643906e-02 5.170085001736879349e-03 1.586219295859336853e-02 2.804216183722019196e-02 3.153101354837417603e-02 1.059117843396961689e-03 1.939529553055763245e-03 6.708063930273056030e-02 7.177704572677612305e-02 8.477092720568180084e-03 2.907357737421989441e-02 6.337889935821294785e-03 2.055895142257213593e-02 2.720736339688301086e-02 4.188186302781105042e-02 4.464997351169586182e-02 7.676334644202142954e-05 2.258107066154479980e-02 6.909900810569524765e-03 2.309082262217998505e-02 1.049608644098043442e-02 5.097996443510055542e-02 4.305178672075271606e-02 3.941511735320091248e-03 1.146998163312673569e-02 1.218608394265174866e-02 1.532672811299562454e-02 4.147683084011077881e-02 2.813032455742359161e-02 7.488430477678775787e-03 1.775542832911014557e-02 5.398078635334968567e-02 1.653261133469641209e-03 4.277517087757587433e-03 1.327184587717056274e-02 1.852637622505426407e-03 9.102571311814244837e-06 2.425711788237094879e-02 1.363434270024299622e-02 2.062543481588363647e-02 1.519176294095814228e-03
4.795141890645027161e-02 3.368572890758514404e-02 5.321527365595102310e-03 1.191166862845420837e-01 5.582669377326965332e-01 3.608184633776545525e-03 8.621672750450670719e-04 1.053596567362546921e-02 2.519538439810276031e-02 7.885941304266452789e-03 2.727527357637882233e-02 2.639658190310001373e-02 4.121562093496322632e-02 1.199429272674024105e-03 2.353703975677490234e-02 8.027113042771816254e-03 2.492194063961505890e-02 5.964053422212600708e-02 8.213001489639282227e-02 4.819240793585777283e-02 2.825915068387985229e-02 1.454315986484289169e-02 2.216453198343515396e-03 6.521962583065032959e-03 1.189160346984863281e-02 1.861759647727012634e-02 1.221053674817085266e-02 5.185311660170555115e-03 1.801323145627975464e-02 1.866168901324272156e-02 1.551337353885173798e-02 2.291832305490970612e-02 3.567320108413696289e-02 1.940246671438217163e-02 3.361367806792259216e-02 4.432401806116104126e-02 3.289927169680595398e-02 4.029407352209091187e-02 3.721163421869277954e-02 5.554122477769851685e-02 2.821290679275989532e-02 7.875698618590831757e-03 3.863145783543586731e-02 3.406827896833419800e-02 2.009219676256179810e-02 1.679349876940250397e-02 7.126898039132356644e-03 1.914394088089466095e-02 1.840321533381938934e-02 4.708646610379219055e-02 2.203336916863918304e-02 1.343957893550395966e-02 1.098505128175020218e-02 2.780326083302497864e-02 3.792892768979072571e-02 3.412425518035888672e-02 1.691233948804438114e-03 1.636587269604206085e-02 1.079610455781221390e-02 2.367585152387619019e-02 1.623763702809810638e-02 7.252065837383270264e-02 1.004877965897321701e-02 1.265499647706747055e-02 1.477491110563278198e-03 1.331535167992115021e-03 2.245202474296092987e-02 3.911316394805908203e-03 1.360551733523607254e-02 1.264553051441907883e-02 1.080870814621448517e-02 8.273812010884284973e-03 4.573434963822364807e-02 1.349875237792730331e-02 1.708543393760919571e-03 1.294417772442102432e-02 1.871341466903686523e-02 1.007402129471302032e-02 1.298914756625890732e-02 2.728036977350711823e-02 3.976708743721246719e-03 5.906888283789157867e-03 5.392789095640182495e-02 6.507581472396850586e-02 3.451164439320564270e-02 9.531814604997634888e-03 3.012068627867847681e-04 2.188627049326896667e-02 1.854603551328182220e-02 3.992036730051040649e-02 1.012244168668985367e-02 1.492734736530110240e-05 4.538242891430854797e-02 3.544002398848533630e-02 4.870713688433170319e-03 3.568097949028015137e-02 4.296418279409408569e-02 2.111122198402881622e-02 1.838210620917379856e-03 9.701267816126346588e-03 1.780194579623639584e-03 2.230458147823810577e-02 3.150415420532226562e-02 4.691579192876815796e-02 8.247532532550394535e-04 1.043446175754070282e-02 2.466077357530593872e-02 5.730921868234872818e-03 2.636438235640525818e-02 3.726635500788688660e-02 1.588287949562072754e-02 2.552954107522964478e-02 1.075876969844102859e-02 2.403653226792812347e-02 6.492323154816403985e-05 2.540517970919609070e-02
3.235249966382980347e-02 4.479169845581054688e-02 2.162153832614421844e-02 1.788527518510818481e-02 3.608184633776545525e-03 5.666403174400329590e-01 2.278719395399093628e-01 1.119100768119096756e-02 4.158670827746391296e-02 1.051644515246152878e-02 2.707027830183506012e-03 4.795923084020614624e-02 1.456357771530747414e-03 3.182440623641014099e-02 8.534881286323070526e-03 3.949118405580520630e-02 2.641013637185096741e-02 2.030917257070541382e-02 3.443697700276970863e-03 2.218755893409252167e-02 3.330252692103385925e-02 1.979067549109458923e-02 7.084775716066360474e-03 7.684621959924697876e-03 5.237200483679771423e-02 2.896227687597274780e-02 9.036678820848464966e-03 8.314452134072780609e-03 1.172284781932830811e-02 3.640412585809826851e-03 7.958384230732917786e-03 4.695815965533256531e-02 3.534941747784614563e-02 1.884320564568042755e-02 6.743012927472591400e-03 1.076713018119335175e-02 1.244047190994024277e-02 2.192400954663753510e-02 3.800147771835327148e-02 3.340660780668258667e-02 4.029459506273269653e-02 2.501403447240591049e-03 2.280847402289509773e-03 2.393413521349430084e-02 2.931834198534488678e-02 3.123533539474010468e-02 1.762132346630096436e-01 1.785906702280044556e-01 2.063131832983344793e-04 2.442026883363723755e-02 2.100588008761405945e-02 1.239038538187742233e-02 3.693277016282081604e-02 2.157401479780673981e-02 1.389225758612155914e-02 3.738009557127952576e-02 1.719457097351551056e-02 9.263013489544391632e-03 1.088703982532024384e-02 2.703145146369934082e-02 2.189472317695617676e-02 5.972632206976413727e-03 2.259217202663421631e-02 3.954299609176814556e-04 7.927104830741882324e-03 3.253907198086380959e-03 1.155094429850578308e-02 3.844311088323593140e-02 1.099160406738519669e-02 6.805441225878894329e-04 2.213928103446960449e-02 3.047824837267398834e-02 7.033136673271656036e-03 4.784920252859592438e-03 2.420932427048683167e-02 1.401594001799821854e-02 3.280830010771751404e-02 1.080420333892107010e-02 2.376708202064037323e-02 4.401835799217224121e-02 1.325078308582305908e-02 2.900129370391368866e-02 5.296868737787008286e-03 3.016715496778488159e-02 3.056321479380130768e-02 3.738946467638015747e-02 2.548251114785671234e-02 3.522215411067008972e-02 3.227805718779563904e-02 7.845785468816757202e-03 7.494228333234786987e-02 1.759813632816076279e-03 1.512706577777862549e-01 1.017793081700801849e-02 1.036171056330204010e-02 2.065098285675048828e-02 2.297122031450271606e-02 4.507935419678688049e-02 2.896856283769011497e-03 6.883707828819751740e-03 3.556628897786140442e-02 2.000499144196510315e-02 1.762151950970292091e-03 6.833640509285032749e-04 1.184266619384288788e-02 3.829350322484970093e-02 2.969000255689024925e-03 3.679970279335975647e-03 3.236068040132522583e-02 2.236203849315643311e-02 2.180412039160728455e-02 1.344889122992753983e-02 5.878169089555740356e-03 1.006525661796331406e-02 2.301045693457126617e-02 3.207183256745338440e-02
3.833101689815521240e-02 6.201395019888877869e-02 4.904634319245815277e-03 1.757542975246906281e-02 8.621672750450670719e-04 2.278719395399093628e-01 5.667280554771423340e-01 1.250396016985177994e-02 4.204654321074485779e-02 4.029345139861106873e-02 3.912433516234159470e-03 6.762307882308959961e-02 7.070707622915506363e-03 5.291623249650001526e-02 1.458934508264064789e-03 3.016939572989940643e-02 3.227620199322700500e-02 1.198963914066553116e-02 2.197025716304779053e-02 4.468612372875213623e-03 3.544794768095016479e-02 2.247610129415988922e-02 7.194625679403543472e-03 2.484024502336978912e-02 1.957824453711509705e-02 1.467614527791738510e-02 3.921367228031158447e-03 3.206405416131019592e-02 7.236130535602569580e-03 2.087979577481746674e-02 1.155777741223573685e-02 4.112083464860916138e-02 3.055195137858390808e-02 1.368283107876777649e-02 1.360284257680177689e-02 8.097837679088115692e-03 2.422803081572055817e-02 3.664772957563400269e-02 2.787136286497116089e-02 1.968608424067497253e-02 5.148824676871299744e-02 1.435590256005525589e-02 3.789018094539642334e-02 1.309648156166076660e-02 2.251420170068740845e-02 2.102900855243206024e-02 1.831100434064865112e-01 2.111704945564270020e-01 4.923671949654817581e-03 3.773076459765434265e-02 7.481283973902463913e-03 6.585807539522647858e-03 3.739096224308013916e-02 1.417371537536382675e-02 8.081408217549324036e-03 3.441156819462776184e-02 4.201928526163101196e-02 3.477295860648155212e-03 1.610865117982029915e-03 3.451082110404968262e-02 3.557271510362625122e-02 1.440369244664907455e-02 3.534432873129844666e-02 1.461777556687593460e-02 1.684331148862838745e-02 4.660408012568950653e-03 2.556531690061092377e-02 4.064152389764785767e-02 1.103231869637966156e-02 7.300541037693619728e-04 2.333702053874731064e-03 2.834213152527809143e-02 1.847662962973117828e-02 8.775169029831886292e-03 1.224196422845125198e-02 2.803291566669940948e-02 1.398958731442689896e-02 1.591524854302406311e-02 2.274023182690143585e-02 8.377758786082267761e-03 2.125488966703414917e-02 3.704348951578140259e-02 4.137265495955944061e-03 3.354041278362274170e-02 2.316297031939029694e-03 3.110456280410289764e-02 1.933463476598262787e-02 4.171204566955566406e-02 4.510456323623657227e-02 6.453770212829113007e-03 6.093801185488700867e-02 5.798590369522571564e-03 1.656259149312973022e-01 7.932164706289768219e-03 1.841664873063564301e-02 2.269599586725234985e-02 3.155841026455163956e-03 2.469508349895477295e-02 5.179572384804487228e-03 4.449021071195602417e-03 2.387143298983573914e-02 1.179392077028751373e-02 1.279161032289266586e-02 1.289766095578670502e-02 1.643530838191509247e-02 2.856849506497383118e-02 1.061573065817356110e-02 3.569382801651954651e-02 1.718304120004177094e-02 2.774213440716266632e-02 2.374303527176380157e-02 1.605180837213993073e-02 1.157121080905199051e-02 1.760802231729030609e-02 3.543430473655462265e-03 2.836818620562553406e-02
1.537734456360340118e-02 1.770000904798507690e-02 2.226862497627735138e-02 1.957744546234607697e-02 1.053596567362546921e-02 1.119100768119096756e-02 1.250396016985177994e-02 5.636268258094787598e-01 2.984335832297801971e-02 3.618576005101203918e-02 2.594901248812675476e-02 1.431779563426971436e-02 1.756276376545429230e-02 1.222440227866172791e-02 5.336691066622734070e-02 1.525624096393585205e-02 4.231289960443973541e-03 3.759119659662246704e-02 1.075883489102125168e-02 8.295308798551559448e-03 4.268362000584602356e-02 2.816380001604557037e-02 1.499873679131269455e-02 3.980474174022674561e-02 6.136558949947357178e-03 1.058188918977975845e-02 2.771707810461521149e-02 2.470101788640022278e-02 5.118465516716241837e-03 2.819212526082992554e-02 2.026905678212642670e-02 1.471642963588237762e-02 4.721672460436820984e-02 1.461775787174701691e-02 1.389227062463760376e-02 5.016097798943519592e-03 2.147682383656501770e-02 1.553523074835538864e-02 3.607328981161117554e-03 1.882732473313808441e-02 1.327207777649164200e-02 3.945007920265197754e-02 3.563303500413894653e-02 1.500484766438603401e-03 3.321675211191177368e-02 3.448571637272834778e-02 3.313029184937477112e-03 1.910503767430782318e-02 2.170299924910068512e-02 2.259821631014347076e-02 1.155654527246952057e-02 1.169086899608373642e-02 3.633543848991394043e-02 6.368007976561784744e-03 2.903964137658476830e-03 3.493205411359667778e-03 1.305154338479042053e-02 1.005643047392368317e-02 9.021352045238018036e-03 1.572486828081309795e-03 1.557839754968881607e-02 6.145683582872152328e-03 3.617352247238159180e-02 3.014596737921237946e-02 3.077320009469985962e-02 1.707585528492927551e-02 3.807348199188709259e-03 2.121932990849018097e-02 2.542662620544433594e-02 1.165386941283941269e-02 1.473606750369071960e-02 1.500132400542497635e-02 4.197942093014717102e-03 1.885388512164354324e-03 9.846942499279975891e-03 3.684047842398285866e-03 3.029536642134189606e-02 3.436544910073280334e-02 1.044628024101257324e-02 3.185971081256866455e-02 6.173083931207656860e-02 3.720023483037948608e-02 2.705182321369647980e-02 1.288628019392490387e-02 1.423004455864429474e-02 2.895463444292545319e-02 6.512250006198883057e-02 3.301296010613441467e-02 2.424355410039424896e-02 2.271143905818462372e-02 3.307555743958801031e-04 4.911321774125099182e-02 3.993815742433071136e-03 9.386465884745121002e-03 2.106206491589546204e-02 6.653768476098775864e-03 1.239894703030586243e-02 4.746880754828453064e-02 2.618784084916114807e-03 2.362123318016529083e-02 2.902247756719589233e-02 1.239551603794097900e-02 1.751413382589817047e-02 1.770700886845588684e-02 2.080334536731243134e-02 1.205195114016532898e-02 2.949414029717445374e-02 1.175317727029323578e-02 3.274707123637199402e-03 1.998667232692241669e-02 1.372768823057413101e-02 7.018670439720153809e-04 2.599394880235195160e-02 3.427096828818321228e-02 3.450769558548927307e-02 2.013261243700981140e-02
2.328653261065483093e-02 4.240763932466506958e-02 2.167606726288795471e-02 1.659911824390292168e-03 2.519538439810276031e-02 4.158670827746391296e-02 4.204654321074485779e-02 2.984335832297801971e-02 5.638644099235534668e-01 6.855468451976776123e-02 3.430927917361259460e-02 7.013094145804643631e-03 3.763557970523834229e-02 2.653025276958942413e-02 1.696613244712352753e-02 5.213599279522895813e-02 5.679309368133544922e-02 3.506671264767646790e-02 3.281230339780449867e-03 2.721913624554872513e-03 1.995203783735632896e-03 3.604927659034729004e-02 3.129329159855842590e-02 2.931330353021621704e-02 5.954544176347553730e-04 1.853897422552108765e-02 1.393848843872547150e-02 3.226857259869575500e-02 2.955332584679126740e-02 8.643419481813907623e-03 7.468346506357192993e-03 1.946073956787586212e-02 2.291938289999961853e-02 3.655529767274856567e-02 2.662874571979045868e-02 5.256026238203048706e-02 4.866581782698631287e-02 2.470077015459537506e-02 3.725959360599517822e-02 6.872622296214103699e-03 1.824298314750194550e-02 9.993977099657058716e-02 3.474066406488418579e-02 1.919033937156200409e-02 7.786225527524948120e-03 2.980484440922737122e-02 1.387527678161859512e-02 3.607735410332679749e-02 9.310586028732359409e-04 4.036200791597366333e-02 5.392293445765972137e-03 9.443366900086402893e-03 2.805124036967754364e-02 3.447717800736427307e-02 1.046280339360237122e-01 3.533260151743888855e-02 5.767733673565089703e-04 4.318950697779655457e-02 1.612231507897377014e-02 1.826999522745609283e-02 2.650453643582295626e-05 6.683784071356058121e-03 3.999973088502883911e-02 4.473980516195297241e-03 5.577179044485092163e-02 5.282390862703323364e-02 5.983154405839741230e-04 1.887835003435611725e-02 7.957283407449722290e-02 4.247033502906560898e-03 4.589071869850158691e-02 4.224542528390884399e-02 1.676188781857490540e-03 5.535550415515899658e-03 1.452185586094856262e-02 1.862075738608837128e-02 1.365785896778106689e-01 5.714773386716842651e-02 3.009062726050615311e-03 7.071832194924354553e-03 4.795776307582855225e-02 3.555143252015113831e-02 1.914150454103946686e-02 2.514105662703514099e-02 4.154993593692779541e-02 9.408613550476729870e-04 4.361354187130928040e-02 9.884101338684558868e-03 3.430231288075447083e-02 3.595178946852684021e-02 5.073146149516105652e-02 4.218113422393798828e-02 3.245142847299575806e-02 1.502280961722135544e-02 1.557329436764121056e-03 3.644270356744527817e-03 3.090769797563552856e-02 9.057490155100822449e-03 1.933949813246726990e-02 1.360324118286371231e-02 1.283795479685068130e-02 2.240139991044998169e-02 1.363246981054544449e-02 1.006415206938982010e-02 2.274102717638015747e-02 4.928150027990341187e-02 6.906643393449485302e-04 4.768924042582511902e-02 3.529092762619256973e-03 2.283151447772979736e-02 3.284582868218421936e-02 1.359339570626616478e-03 5.636662244796752930e-02 2.485786378383636475e-02 2.574593573808670044e-02 2.562699653208255768e-02
5.688379053026437759e-03 5.412760190665721893e-03 2.836534380912780762e-02 9.550256654620170593e-03 7.885941304266452789e-03 1.051644515246152878e-02 4.029345139861106873e-02 3.618576005101203918e-02 6.855468451976776123e-02 5.740525126457214355e-01 1.196063123643398285e-02 5.539201665669679642e-03 8.550206199288368225e-03 1.418301183730363846e-02 3.734590485692024231e-02 2.356185950338840485e-02 3.933899477124214172e-02 3.226310759782791138e-02 1.164880953729152679e-02 3.362718224525451660e-02 1.677820831537246704e-02 1.725626550614833832e-02 2.817663736641407013e-02 7.983896136283874512e-02 2.299948222935199738e-02 4.982962831854820251e-02 3.255003690719604492e-02 3.833013772964477539e-02 3.028947976417839527e-04 5.725248530507087708e-02 1.320831943303346634e-04 9.892120957374572754e-03 3.331880643963813782e-02 1.400998793542385101e-02 1.773379743099212646e-02 1.916077733039855957e-02 7.172216428443789482e-04 1.983036845922470093e-02 4.954664781689643860e-02 1.228717062622308731e-02 3.407509624958038330e-02 5.530308932065963745e-02 1.029920578002929688e-01 8.259380701929330826e-04 3.146861121058464050e-02 6.025721505284309387e-02 2.048671990633010864e-02 5.984621588140726089e-03 1.759293302893638611e-02 1.031321566551923752e-02 8.232573978602886200e-03 1.387646049261093140e-02 1.049423124641180038e-02 3.362709656357765198e-02 1.932808570563793182e-02 2.046132227405905724e-03 3.699899837374687195e-02 4.326684772968292236e-02 8.513463661074638367e-03 3.664580360054969788e-02 1.119634974747896194e-02 7.068451493978500366e-03 4.666611179709434509e-02 2.201108448207378387e-02 9.305070270784199238e-04 2.549502812325954437e-02 4.436095058917999268e-02 4.693427309393882751e-02 6.030362099409103394e-02 3.881461545825004578e-02 9.561655670404434204e-02 1.221372839063405991e-02 9.875643067061901093e-03 3.564631938934326172e-02 3.441892797127366066e-03 1.074717752635478973e-02 8.023964613676071167e-02 1.529888212680816650e-01 5.165217816829681396e-02 7.247929275035858154e-02 1.778789237141609192e-02 3.567719459533691406e-02 6.314595695585012436e-03 4.522497579455375671e-02 1.928058825433254242e-02 2.421383932232856750e-02 1.815428957343101501e-02 3.231738135218620300e-02 3.601281903684139252e-03 6.594134122133255005e-02 4.249425977468490601e-02 1.327265053987503052e-02 9.650536812841892242e-03 3.691354393959045410e-02 1.059686578810214996e-02 2.043665386736392975e-03 4.205160215497016907e-02 1.363870454952120781e-03 9.007362648844718933e-03 1.864903606474399567e-02 1.803140528500080109e-02 1.056531909853219986e-02 2.312311716377735138e-02 3.737974539399147034e-02 2.622920460999011993e-02 2.980212494730949402e-02 3.124488145112991333e-02 1.971193961799144745e-02 1.170168910175561905e-02 1.297462824732065201e-02 4.973530769348144531e-03 3.247820585966110229e-02 3.542123362421989441e-02 6.531926989555358887e-02 2.131926268339157104e-02 3.154312446713447571e-02
4.031461104750633240e-02 4.007645323872566223e-02 7.329891901463270187e-03 1.425786595791578293e-02 2.727527357637882233e-02 2.707027830183506012e-03 3.912433516234159470e-03 2.594901248812675476e-02 3.430927917361259460e-02 1.196063123643398285e-02 5.768263936042785645e-01 1.474254764616489410e-02 4.413120821118354797e-02 1.374480221420526505e-02 2.969124354422092438e-02 1.426703203469514847e-02 5.599543917924165726e-03 3.462086617946624756e-02 2.226776070892810822e-02 1.387635152786970139e-02 2.455078624188899994e-02 2.850806713104248047e-02 1.507018413394689560e-02 1.989906094968318939e-02 7.393116131424903870e-03 1.167650520801544189e-02 2.609975636005401611e-02 2.389855682849884033e-02 3.201916441321372986e-02 1.059853564947843552e-02 2.699358947575092316e-02 1.667496562004089355e-02 3.484090417623519897e-02 2.561289351433515549e-03 2.815830893814563751e-02 1.290337182581424713e-02 3.467932576313614845e-03 7.099695969372987747e-03 3.142524138092994690e-02 5.341258272528648376e-02 2.915882272645831108e-03 4.952340200543403625e-02 7.181474473327398300e-03 2.335617132484912872e-02 1.439375896006822586e-02 2.487731724977493286e-02 5.240258760750293732e-03 2.192645100876688957e-03 1.987971179187297821e-02 1.344122737646102905e-02 1.255271257832646370e-03 4.609154071658849716e-03 1.787204109132289886e-02 3.936030901968479156e-03 3.743240237236022949e-02 1.967806834727525711e-03 2.476287074387073517e-02 5.322567187249660492e-03 2.658218611031770706e-03 8.067766204476356506e-03 1.784624531865119934e-02 1.938434317708015442e-02 9.989701211452484131e-03 3.341224743053317070e-03 4.274133220314979553e-02 1.146133244037628174e-02 8.547209203243255615e-03 1.277285628020763397e-02 1.902863569557666779e-02 2.566929161548614502e-02 2.784466370940208435e-03 1.355034671723842621e-02 7.491944357752799988e-03 2.578175626695156097e-02 3.694582730531692505e-03 2.671004272997379303e-02 4.473191499710083008e-02 1.593998633325099945e-02 4.453097656369209290e-02 2.950303815305233002e-02 1.293959561735391617e-02 1.550796348601579666e-02 4.882274568080902100e-02 1.806453987956047058e-02 2.951769903302192688e-02 3.664344549179077148e-02 4.117940738797187805e-02 9.006045758724212646e-03 3.447979688644409180e-02 2.141763828694820404e-02 7.770252414047718048e-03 4.344104602932929993e-02 5.272905342280864716e-03 5.758795421570539474e-03 1.726805791258811951e-02 1.273164898157119751e-02 2.058641798794269562e-02 6.901840679347515106e-03 1.098319981247186661e-02 1.111752912402153015e-02 2.950085140764713287e-02 1.198302209377288818e-02 7.342965342104434967e-03 7.402464281767606735e-03 4.531897976994514465e-02 2.866151742637157440e-02 1.500459481030702591e-02 1.120501942932605743e-02 2.403040602803230286e-02 2.582655055448412895e-03 1.327903737546876073e-05 1.220509130507707596e-02 4.149046167731285095e-02 8.199139498174190521e-03 1.196364127099514008e-02 1.069028768688440323e-02
8.503444492816925049e-03 2.992714988067746162e-03 6.746771396137773991e-04 1.493160519748926163e-02 2.639658190310001373e-02 4.795923084020614624e-02 6.762307882308959961e-02 1.431779563426971436e-02 7.013094145804643631e-03 5.539201665669679642e-03 1.474254764616489410e-02 5.622823238372802734e-01 1.942036091350018978e-03 1.279320567846298218e-01 7.301911711692810059e-03 2.256853692233562469e-02 1.338642032351344824e-04 4.581893607974052429e-02 2.085897885262966156e-02 3.340192511677742004e-02 2.198561839759349823e-02 1.823102124035358429e-02 7.189920172095298767e-03 9.775456972420215607e-03 3.138914704322814941e-02 3.347852732986211777e-03 1.939149387180805206e-02 2.580322884023189545e-02 1.722311228513717651e-02 1.128244400024414062e-02 1.469623297452926636e-02 1.060134172439575195e-02 2.186813624575734138e-03 6.113666109740734100e-03 2.249325392767786980e-03 5.188589449971914291e-03 2.055293694138526917e-02 2.753602527081966400e-02 3.364278376102447510e-02 3.662069514393806458e-02 3.866519033908843994e-02 2.381117641925811768e-02 1.839169487357139587e-02 2.078377455472946167e-02 1.201583147048950195e-01 1.272610723972320557e-01 2.170477248728275299e-02 5.653040111064910889e-02 2.449505776166915894e-02 3.937808424234390259e-02 6.165945902466773987e-02 7.715597748756408691e-02 9.142014198005199432e-03 2.058241516351699829e-02 4.717540368437767029e-02 1.304415706545114517e-02 2.972127124667167664e-02 9.095320478081703186e-03 1.990835554897785187e-02 3.093203529715538025e-02 3.779446706175804138e-03 2.024327218532562256e-02 3.115701116621494293e-02 7.386583369225263596e-03 1.502629835158586502e-02 3.687709977384656668e-05 3.017086070030927658e-03 1.346464268863201141e-02 4.850516095757484436e-03 1.502038910984992981e-02 7.048500236123800278e-03 2.050457522273063660e-02 3.715369850397109985e-02 1.577905938029289246e-02 1.168582215905189514e-02 1.713489927351474762e-02 3.033992089331150055e-02 4.194109700620174408e-03 3.740337910130620003e-03 2.431222610175609589e-02 4.034169390797615051e-02 2.261815406382083893e-02 3.950801491737365723e-02 2.511788718402385712e-02 3.373765572905540466e-02 2.640230581164360046e-02 2.020500227808952332e-02 1.221636030822992325e-02 4.513182118535041809e-02 7.402780652046203613e-02 1.529831718653440475e-02 2.353709004819393158e-02 3.362134844064712524e-02 8.115888573229312897e-03 4.703696444630622864e-02 3.308244049549102783e-02 3.430519625544548035e-02 1.321849785745143890e-02 3.807160258293151855e-02 5.646811053156852722e-02 1.934174634516239166e-02 2.698940224945545197e-02 4.344374313950538635e-02 2.533345669507980347e-02 6.721643330820370466e-06 2.349793212488293648e-04 2.505733165889978409e-03 4.008214455097913742e-03 2.430695667862892151e-02 1.062325388193130493e-02 1.715258695185184479e-02 1.611946523189544678e-02 2.302839048206806183e-02 5.505720153450965881e-02 3.195629222318530083e-03 2.012953534722328186e-02
5.566633492708206177e-02 5.730498954653739929e-02 1.255368907004594803e-02 1.496513094753026962e-02 4.121562093496322632e-02 1.456357771530747414e-03 7.070707622915506363e-03 1.756276376545429230e-02 3.763557970523834229e-02 8.550206199288368225e-03 4.413120821118354797e-02 1.942036091350018978e-03 5.801619291305541992e-01 1.055985689163208008e-03 3.579872474074363708e-02 2.380895242094993591e-02 5.701661575585603714e-03 1.297425571829080582e-02 2.202624827623367310e-02 8.906772360205650330e-03 9.055339614860713482e-04 2.609146013855934143e-02 2.658907324075698853e-02 3.564703837037086487e-02 1.522467657923698425e-02 4.331374075263738632e-03 1.958176121115684509e-02 3.128916397690773010e-02 7.310551125556230545e-03 9.284887462854385376e-03 4.638463258743286133e-03 1.952594844624400139e-03 2.524429932236671448e-02 6.096979137510061264e-03 3.270228579640388489e-02 4.203496500849723816e-03 8.125285618007183075e-03 2.129693329334259033e-02 4.195750504732131958e-02 4.886322468519210815e-02 2.483481913805007935e-02 4.576043039560317993e-02 8.184943348169326782e-03 2.051735529676079750e-03 6.116126198321580887e-03 1.488658320158720016e-02 1.412354293279349804e-03 4.906973335891962051e-03 4.792655352503061295e-03 1.107851415872573853e-02 6.090558599680662155e-04 2.743063960224390030e-03 4.646838642656803131e-03 1.435768790543079376e-02 5.212693661451339722e-02 6.468515843152999878e-03 1.256029680371284485e-02 3.187495283782482147e-03 1.171441469341516495e-02 4.264842718839645386e-03 6.120630539953708649e-03 3.190765157341957092e-02 6.487911101430654526e-03 3.005289006978273392e-03 1.551577262580394745e-02 8.288647048175334930e-03 9.863905608654022217e-03 9.500885382294654846e-03 3.647643700242042542e-02 2.012199349701404572e-02 1.850756444036960602e-02 1.913674920797348022e-02 1.863983832299709320e-02 1.413515768945217133e-02 5.690720397979021072e-03 1.674818247556686401e-02 4.155349358916282654e-02 1.386648789048194885e-02 4.530816152691841125e-02 1.920565590262413025e-02 8.692228235304355621e-03 2.516774227842688560e-03 4.248851165175437927e-02 1.618754118680953979e-02 3.693053871393203735e-02 4.321427270770072937e-02 2.692094817757606506e-02 1.855703257024288177e-02 3.662709891796112061e-02 3.312365151941776276e-03 1.358462125062942505e-02 2.314159087836742401e-02 3.412652527913451195e-03 2.301646582782268524e-02 3.984191641211509705e-02 3.591847419738769531e-02 1.491537876427173615e-02 8.688463829457759857e-03 9.547105990350246429e-03 9.693939238786697388e-03 3.754048794507980347e-02 2.185775525867938995e-02 1.813010871410369873e-02 1.552709005773067474e-02 3.186475858092308044e-02 2.224148623645305634e-02 3.943350538611412048e-02 1.840711943805217743e-02 5.074910447001457214e-02 2.224104665219783783e-02 1.178984623402357101e-02 2.014665119349956512e-02 3.146458044648170471e-02 1.598050072789192200e-02 3.095678286626935005e-03 1.306399703025817871e-02
