4.344483017921447754e-01 1.439568549394607544e-01 9.934996254742145538e-03 1.917649246752262115e-02 4.959617927670478821e-02 8.077982068061828613e-02 4.601888731122016907e-02 2.788464911282062531e-02 5.088711529970169067e-02 2.347915060818195343e-02 1.271343082189559937e-01 4.857613891363143921e-02 7.672303169965744019e-02 5.496433004736900330e-02 2.584460750222206116e-02 1.100142206996679306e-02 6.694651674479246140e-04 3.234907239675521851e-02 2.289418317377567291e-02 9.785911533981561661e-04 1.999851875007152557e-02 7.190451957285404205e-03 2.385315857827663422e-02 6.236738339066505432e-02 3.054706007242202759e-02 1.251280494034290314e-02 3.551224619150161743e-02 3.350607305765151978e-02 2.441539242863655090e-02 4.071838036179542542e-02 2.123393118381500244e-02 2.946515334770083427e-03 2.013330720365047455e-02 2.898377552628517151e-02 4.744318500161170959e-02 3.653810545802116394e-02 2.608851157128810883e-02 2.527233958244323730e-02 5.271893739700317383e-02 4.477228038012981415e-03 3.726077824831008911e-02 6.622215732932090759e-03 1.614233665168285370e-02 6.649595499038696289e-02 3.307796642184257507e-02 4.722625389695167542e-02 2.697396837174892426e-02 1.260256394743919373e-03 1.893057674169540405e-02 4.225400462746620178e-02 8.650737814605236053e-03 1.192509941756725311e-02 3.229584544897079468e-02 4.678149521350860596e-02 1.998307369649410248e-02 3.289911895990371704e-02 2.138237655162811279e-02 2.339842729270458221e-02 7.203340996056795120e-03 9.476723149418830872e-03 3.558873757719993591e-02 4.299737885594367981e-02 1.328597124665975571e-02 3.508364036679267883e-02 5.792734213173389435e-03 9.367411956191062927e-03 4.477914050221443176e-02 1.199644990265369415e-02 4.279401525855064392e-02 1.032290328294038773e-02 1.685762591660022736e-02 1.559435576200485229e-02 7.411724422127008438e-03 2.318659424781799316e-02 4.110432043671607971e-02 7.830213755369186401e-03 3.621247410774230957e-02 1.785120926797389984e-02 3.305007517337799072e-02 2.723756991326808929e-02 4.065190628170967102e-02 3.227429091930389404e-02 2.829311974346637726e-02 2.891176193952560425e-02 3.957589343190193176e-02 2.477694302797317505e-03 3.773456439375877380e-02 7.376315072178840637e-03 5.019645765423774719e-02 1.839824393391609192e-02 2.521614730358123779e-02 3.120282851159572601e-02 2.948033064603805542e-02 1.333734253421425819e-03 3.996208310127258301e-02 4.572723805904388428e-02 4.744837991893291473e-03 3.822531178593635559e-02 3.520784899592399597e-02 1.992410834645852447e-04 2.282257191836833954e-02 4.275499656796455383e-02 1.397299580276012421e-02 1.024673599749803543e-02 1.331966184079647064e-02 2.132699824869632721e-03 9.857615455985069275e-03 5.430541001260280609e-03 1.052588038146495819e-02 2.282730303704738617e-02 4.380131512880325317e-02 1.345773320645093918e-02 4.569754004478454590e-02 7.679487764835357666e-02 2.415530383586883545e-02 2.890587225556373596e-02
1.439568549394607544e-01 4.483264088630676270e-01 3.691409528255462646e-02 4.157972708344459534e-02 3.057045629248023033e-03 1.662439107894897461e-01 1.435310989618301392e-01 2.854491584002971649e-03 3.853836655616760254e-02 1.638600975275039673e-02 8.568715304136276245e-02 3.782369662076234818e-03 1.722530126571655273e-01 1.215596869587898254e-02 2.865255065262317657e-02 2.931006625294685364e-02 4.252185299992561340e-02 3.677223250269889832e-02 2.950833179056644440e-02 4.717533290386199951e-02 3.858985379338264465e-02 3.930800408124923706e-02 4.313337057828903198e-02 4.499322921037673950e-02 1.380748581141233444e-02 2.497802302241325378e-02 5.100163444876670837e-02 1.309167966246604919e-02 4.236751794815063477e-02 2.582536078989505768e-02 4.541553556919097900e-02 1.255306415259838104e-02 4.919066652655601501e-02 3.151330724358558655e-02 1.613949798047542572e-02 1.378177432343363762e-03 3.783367946743965149e-02 5.420172214508056641e-02 6.533149629831314087e-02 8.127608336508274078e-03 1.327877957373857498e-02 2.798198722302913666e-02 4.395362734794616699e-02 8.612252771854400635e-02 1.350308535620570183e-03 4.756627231836318970e-02 1.089755743741989136e-01 3.977594524621963501e-02 3.750500828027725220e-02 3.751645609736442566e-02 3.235925734043121338e-02 2.238564379513263702e-02 3.238041652366518974e-03 3.333233669400215149e-02 2.859010733664035797e-02 3.811300173401832581e-02 3.342926874756813049e-02 3.131657466292381287e-02 4.186859726905822754e-02 2.328226529061794281e-02 4.376013239379972219e-04 3.083175048232078552e-02 2.937577851116657257e-02 2.983701042830944061e-02 3.119742497801780701e-02 4.322077706456184387e-02 1.717285066843032837e-02 4.738582298159599304e-02 2.764989621937274933e-02 4.054780676960945129e-02 3.407824039459228516e-02 2.866399707272648811e-03 1.218759361654520035e-02 1.884293369948863983e-02 4.535682033747434616e-03 3.387067839503288269e-02 1.813369744922965765e-04 2.143809106200933456e-03 6.714294664561748505e-03 1.297812908887863159e-02 2.018589340150356293e-02 3.631541132926940918e-02 4.103913088329136372e-04 5.943982303142547607e-02 8.932015858590602875e-03 7.400141563266515732e-03 1.990494877099990845e-02 3.277787938714027405e-02 1.949584297835826874e-02 1.321430085226893425e-03 1.787747070193290710e-02 7.643471658229827881e-02 2.217456325888633728e-02 4.693235084414482117e-02 3.565881773829460144e-02 5.148101225495338440e-02 4.930584877729415894e-02 2.667367830872535706e-02 2.931913733482360840e-02 3.621191019192337990e-03 2.281110209878534079e-05 2.322285622358322144e-02 4.024823382496833801e-02 6.501370226033031940e-04 2.543979696929454803e-02 2.969146147370338440e-02 4.796990379691123962e-02 2.323247119784355164e-02 4.149381443858146667e-02 6.289233453571796417e-03 3.638538345694541931e-02 3.167307004332542419e-02 4.501212760806083679e-02 2.405641833320260048e-03 2.202754281461238861e-02 1.802207715809345245e-02
9.934996254742145538e-03 3.691409528255462646e-02 4.063805341720581055e-01 3.005223162472248077e-02 7.034223061054944992e-03 4.146496951580047607e-02 3.923377767205238342e-02 2.747843228280544281e-02 2.142497897148132324e-02 8.314074948430061340e-04 3.236886113882064819e-02 1.806531101465225220e-03 3.506606444716453552e-02 1.818596944212913513e-02 5.176009610295295715e-03 3.183926455676555634e-03 2.704289928078651428e-02 1.655295118689537048e-02 1.807731017470359802e-02 3.866263106465339661e-02 3.696773201227188110e-02 8.963691070675849915e-03 4.542377591133117676e-02 8.366130292415618896e-03 3.656477108597755432e-02 4.048888757824897766e-02 8.533958345651626587e-03 7.552812993526458740e-02 2.707548439502716064e-03 9.098338335752487183e-02 3.177748620510101318e-02 3.880388801917433739e-03 1.978139393031597137e-02 2.894372912123799324e-03 2.774113602936267853e-02 4.544081166386604309e-02 2.798559702932834625e-02 3.877281770110130310e-02 1.832508109509944916e-02 1.784631982445716858e-02 3.649679943919181824e-02 3.880813717842102051e-02 3.747955709695816040e-02 2.569592930376529694e-02 4.778643697500228882e-02 4.033468663692474365e-02 2.348295785486698151e-02 2.057079784572124481e-02 2.787802554666996002e-02 1.754848845303058624e-02 2.657181816175580025e-03 3.897812217473983765e-02 3.137219324707984924e-02 1.119471713900566101e-02 3.646145015954971313e-02 1.519169774837791920e-03 1.027135271579027176e-02 3.318909183144569397e-02 3.732928633689880371e-02 4.344951361417770386e-02 8.124171756207942963e-03 4.107106104493141174e-02 9.022503159940242767e-03 3.567695990204811096e-02 1.154912635684013367e-02 2.880267798900604248e-02 4.553952440619468689e-02 3.575535863637924194e-02 2.637723088264465332e-02 1.297897193580865860e-02 3.219243511557579041e-02 6.790139712393283844e-03 8.882754296064376831e-02 3.938525170087814331e-02 2.193676307797431946e-02 2.629671990871429443e-02 5.548203364014625549e-02 8.966325782239437103e-03 4.055419191718101501e-02 3.722629323601722717e-02 6.096673198044300079e-03 2.083343081176280975e-02 1.226957328617572784e-02 2.116234600543975830e-02 1.265513803809881210e-02 1.605508103966712952e-02 7.010755129158496857e-03 9.186977520585060120e-03 5.378083512187004089e-02 2.568700909614562988e-02 3.485328704118728638e-02 5.113055231049656868e-04 1.211223192512989044e-02 2.024437068030238152e-03 1.658865995705127716e-02 9.508581832051277161e-03 2.148566208779811859e-02 3.501345589756965637e-02 9.344916790723800659e-03 3.743860870599746704e-02 3.990090265870094299e-02 5.056146159768104553e-02 4.422192648053169250e-02 3.299814835190773010e-02 1.166493352502584457e-02 6.085152272135019302e-03 5.519703030586242676e-02 1.617675088346004486e-02 3.788992390036582947e-02 2.624609321355819702e-02 5.166053771972656250e-02 1.512036100029945374e-02 4.169291350990533829e-03 2.082770131528377533e-02 3.790127858519554138e-02 8.596358238719403744e-04
1.917649246752262115e-02 4.157972708344459534e-02 3.005223162472248077e-02 4.376871287822723389e-01 2.157238870859146118e-02 1.228753197938203812e-02 2.178798802196979523e-02 3.813379257917404175e-02 4.293453693389892578e-02 5.494172498583793640e-02 4.249344766139984131e-02 3.668093681335449219e-02 2.436910197138786316e-02 1.892361603677272797e-02 2.973612770438194275e-02 6.533069908618927002e-02 3.303388506174087524e-02 4.165040329098701477e-02 7.353764772415161133e-02 3.986348398029804230e-03 2.985047176480293274e-02 4.738803952932357788e-02 3.108240664005279541e-02 3.993469104170799255e-02 1.046372577548027039e-02 1.627391763031482697e-02 3.992216661572456360e-02 1.294308807700872421e-03 3.389923647046089172e-02 1.093066530302166939e-03 4.794066771864891052e-02 5.074730142951011658e-02 2.457070536911487579e-02 3.519149124622344971e-02 2.609453536570072174e-02 5.074788257479667664e-02 6.711861351504921913e-04 7.135394494980573654e-03 1.027217805385589600e-01 4.054554551839828491e-02 4.191928356885910034e-02 1.471248641610145569e-02 3.887264803051948547e-02 3.411903232336044312e-02 3.999655693769454956e-02 2.215205505490303040e-02 1.768491603434085846e-02 4.708560183644294739e-02 1.801714673638343811e-02 3.424398228526115417e-02 2.039722539484500885e-02 4.509093239903450012e-03 2.763381414115428925e-02 2.224878221750259399e-02 1.152407564222812653e-02 2.675420045852661133e-02 1.503008697181940079e-02 5.435818061232566833e-02 5.074388813227415085e-03 4.158705845475196838e-02 3.344929963350296021e-02 8.412896655499935150e-03 3.921538218855857849e-02 3.421242162585258484e-02 7.663641590625047684e-03 4.626666754484176636e-02 3.028012812137603760e-02 1.536619197577238083e-02 5.431884154677391052e-02 5.947721656411886215e-03 1.780194044113159180e-02 2.211258001625537872e-02 6.769066303968429565e-02 5.667467042803764343e-02 9.069496393203735352e-02 2.528496086597442627e-02 2.651072107255458832e-02 5.265052430331707001e-03 1.575859449803829193e-02 2.831419371068477631e-02 5.348288267850875854e-02 3.963706642389297485e-02 4.627329763025045395e-03 8.732350170612335205e-02 5.282239988446235657e-03 4.817904531955718994e-02 1.133001595735549927e-02 4.975453484803438187e-03 3.303073719143867493e-02 2.239530347287654877e-02 2.348649501800537109e-02 2.396622300148010254e-02 1.070664823055267334e-02 3.269188106060028076e-02 4.989404603838920593e-02 3.800844773650169373e-02 4.846481606364250183e-02 3.204380348324775696e-02 3.620782494544982910e-02 4.058727249503135681e-02 2.665187977254390717e-02 1.037490833550691605e-02 3.903436288237571716e-02 1.969772391021251678e-02 1.464030519127845764e-02 1.210290356539189816e-03 3.731214627623558044e-02 5.590851232409477234e-02 2.956013195216655731e-02 5.839766468852758408e-03 1.391177810728549957e-02 2.540317736566066742e-02 1.640881411731243134e-02 4.405578598380088806e-03 7.117091119289398193e-02 4.049871640745550394e-04
4.959617927670478821e-02 3.057045629248023033e-03 7.034223061054944992e-03 2.157238870859146118e-02 4.211501181125640869e-01 4.661880806088447571e-02 1.453907974064350128e-02 5.526353791356086731e-02 1.775920391082763672e-02 2.536560222506523132e-02 2.187199518084526062e-02 3.488253429532051086e-02 2.946413494646549225e-02 5.809332244098186493e-03 3.106158040463924408e-02 4.768142104148864746e-02 7.117374800145626068e-03 5.191588029265403748e-02 1.143647078424692154e-02 4.146932438015937805e-02 2.116310037672519684e-02 1.246189046651124954e-02 2.284991927444934845e-02 5.217510275542736053e-03 3.225208027288317680e-03 5.261880159378051758e-02 4.292603954672813416e-02 3.400801494717597961e-02 9.673648513853549957e-03 3.994200751185417175e-02 3.265350311994552612e-02 2.846825867891311646e-02 1.529831718653440475e-02 2.424888126552104950e-02 3.028797684237360954e-03 4.284341353923082352e-03 3.664503572508692741e-03 3.219397738575935364e-02 5.009681731462478638e-02 9.536992013454437256e-02 4.189690947532653809e-02 3.254265990108251572e-03 1.855782233178615570e-02 2.476180344820022583e-02 4.986079037189483643e-02 4.823335632681846619e-02 4.718765849247574806e-04 3.041459806263446808e-02 2.874960936605930328e-02 2.336054109036922455e-02 2.165179699659347534e-02 3.028514236211776733e-02 2.723948284983634949e-02 1.436066906899213791e-02 1.786845969036221504e-03 4.154841229319572449e-02 4.945977032184600830e-02 2.317635156214237213e-02 3.471518168225884438e-03 8.998296223580837250e-03 3.895300626754760742e-02 2.518181689083576202e-02 4.459659755229949951e-02 1.322673540562391281e-02 3.194592893123626709e-02 3.569243103265762329e-02 4.321365430951118469e-02 2.771172113716602325e-02 5.496536847203969955e-03 4.654443636536598206e-02 4.794361069798469543e-02 5.547425150871276855e-02 2.817847579717636108e-02 5.744403600692749023e-02 9.721948299556970596e-04 4.739066120237112045e-03 3.784814383834600449e-03 3.707545623183250427e-02 3.276970610022544861e-02 2.580178342759609222e-02 7.046781014651060104e-03 7.861007004976272583e-03 4.748496040701866150e-02 9.730100631713867188e-02 4.709780961275100708e-02 3.049345128238201141e-02 3.932045772671699524e-02 1.126838382333517075e-02 3.289511427283287048e-02 3.283794596791267395e-02 7.226351648569107056e-03 4.654984548687934875e-02 2.777878008782863617e-02 1.301544345915317535e-02 7.519663870334625244e-02 8.554203063249588013e-02 1.377003546804189682e-02 3.425109758973121643e-02 2.789162844419479370e-02 1.115830708295106888e-02 2.791506238281726837e-02 3.732010349631309509e-02 4.168117418885231018e-03 8.325642906129360199e-03 3.438450768589973450e-02 1.466447860002517700e-02 4.034693539142608643e-02 2.706299535930156708e-02 1.969573274254798889e-02 5.115813016891479492e-02 1.566467620432376862e-02 3.029311262071132660e-02 2.928410656750202179e-02 3.756949678063392639e-02 8.940820582211017609e-03 7.748707663267850876e-03
8.077982068061828613e-02 1.662439107894897461e-01 4.146496951580047607e-02 1.228753197938203812e-02 4.661880806088447571e-02 4.502281248569488525e-01 1.642514467239379883e-01 1.451408304274082184e-02 3.893592208623886108e-02 3.649619594216346741e-02 4.433695226907730103e-02 6.736910343170166016e-02 9.489263594150543213e-02 4.013130441308021545e-02 3.262855857610702515e-02 5.361684411764144897e-02 3.414244577288627625e-02 1.190023031085729599e-02 3.544712439179420471e-02 2.232471294701099396e-02 3.752389922738075256e-02 2.648700959980487823e-02 5.302036926150321960e-02 1.013245666399598122e-03 2.664483897387981415e-02 2.224822901189327240e-02 3.340854775160551071e-03 9.362720698118209839e-02 4.263494908809661865e-02 6.240675225853919983e-02 1.120664644986391068e-02 5.099548026919364929e-02 1.475081127136945724e-02 1.645189942792057991e-03 3.429358080029487610e-02 2.447002101689577103e-03 1.464814227074384689e-02 5.623107310384511948e-03 5.582763254642486572e-02 1.819778233766555786e-02 4.671795293688774109e-02 1.556139066815376282e-02 3.488867729902267456e-02 8.548650890588760376e-03 1.044003479182720184e-02 3.370109573006629944e-02 1.774279326200485229e-01 6.976410746574401855e-02 3.327752277255058289e-02 2.003272064030170441e-02 2.581669203937053680e-02 3.214358165860176086e-02 2.108906581997871399e-02 4.189874976873397827e-02 5.096815153956413269e-02 6.132944952696561813e-03 3.888802975416183472e-02 4.523872584104537964e-02 3.560961782932281494e-02 1.501799677498638630e-03 2.321605756878852844e-02 3.516816347837448120e-02 4.927926883101463318e-02 1.669967174530029297e-02 2.326589822769165039e-02 3.608896583318710327e-02 4.108551517128944397e-02 2.872755751013755798e-02 1.004520431160926819e-02 6.453774403780698776e-03 7.035509333945810795e-04 1.779048144817352295e-02 1.477781776338815689e-02 3.670306503772735596e-02 4.953352734446525574e-02 4.414676874876022339e-02 1.925370842218399048e-02 2.639727294445037842e-02 5.750551819801330566e-03 8.932581171393394470e-03 8.881719782948493958e-03 1.548204687424004078e-03 7.062491029500961304e-02 3.969213739037513733e-02 8.771431632339954376e-03 3.480473998934030533e-03 2.819373272359371185e-02 3.940789401531219482e-02 4.061917716171592474e-04 2.209682762622833252e-02 1.107704918831586838e-02 4.865149781107902527e-02 1.003412064164876938e-02 5.409401655197143555e-02 9.106828831136226654e-03 8.770239539444446564e-03 2.406639978289604187e-02 3.245354071259498596e-02 2.348786033689975739e-02 9.157140739262104034e-03 2.664054371416568756e-02 4.444691911339759827e-02 3.458391875028610229e-02 3.252891823649406433e-02 4.024489596486091614e-02 4.706138744950294495e-03 4.287260770797729492e-02 4.395947977900505066e-02 2.637943718582391739e-03 1.797152496874332428e-02 3.620310872793197632e-02 4.751475155353546143e-02 1.985461823642253876e-02 2.738232351839542389e-02 2.820332348346710205e-02 7.918920367956161499e-03
4.601888731122016907e-02 1.435310989618301392e-01 3.923377767205238342e-02 2.178798802196979523e-02 1.453907974064350128e-02 1.642514467239379883e-01 4.531694054603576660e-01 5.185778066515922546e-02 5.391493439674377441e-03 3.832330554723739624e-02 8.807795494794845581e-02 9.336489252746105194e-03 8.359622210264205933e-02 3.591332212090492249e-02 3.045695275068283081e-02 2.868108451366424561e-02 2.357747405767440796e-02 4.924539476633071899e-02 2.952705323696136475e-02 4.657448455691337585e-02 2.067068405449390411e-02 2.598660066723823547e-02 2.821992523968219757e-02 1.625793986022472382e-02 1.000866945832967758e-02 4.620118439197540283e-02 7.526490837335586548e-02 9.781656786799430847e-03 5.469872802495956421e-02 2.295513264834880829e-02 3.190555050969123840e-02 2.284935861825942993e-02 2.689863182604312897e-02 4.051431640982627869e-02 2.689474821090698242e-02 9.508136659860610962e-03 1.915855146944522858e-02 4.091086238622665405e-02 3.298607096076011658e-02 8.389703929424285889e-03 4.664244502782821655e-02 1.176581904292106628e-02 1.690399949438869953e-03 1.132723595947027206e-02 1.847230643033981323e-02 2.162285149097442627e-03 1.481366604566574097e-01 1.268253773450851440e-01 2.695437893271446228e-02 3.966023027896881104e-02 4.263733699917793274e-02 3.656028583645820618e-02 1.634249649941921234e-02 4.065030068159103394e-02 4.621099308133125305e-02 4.698733612895011902e-02 7.017622701823711395e-03 2.332153916358947754e-02 2.147677913308143616e-02 3.469112515449523926e-02 8.932201890274882317e-04 1.632267050445079803e-02 2.186395414173603058e-02 3.880368173122406006e-02 6.580068171024322510e-02 5.572973936796188354e-02 1.890394091606140137e-02 1.493943668901920319e-02 5.290767177939414978e-02 1.235676184296607971e-02 1.284686569124460220e-02 3.592062368988990784e-02 2.247598022222518921e-02 3.512156382203102112e-02 4.903779178857803345e-02 3.191522881388664246e-02 4.664850607514381409e-02 2.019385620951652527e-02 2.900505252182483673e-02 5.217598006129264832e-02 2.216866612434387207e-02 1.474936399608850479e-02 5.580556020140647888e-02 4.200113937258720398e-02 3.474568016827106476e-03 9.317632764577865601e-03 5.845303647220134735e-03 1.814256981015205383e-02 4.511285573244094849e-02 4.217831790447235107e-02 4.376823827624320984e-02 3.484680131077766418e-02 3.829232603311538696e-02 4.986201599240303040e-02 1.502871979027986526e-02 3.924798592925071716e-02 3.396625164896249771e-03 4.255380108952522278e-02 2.715995721518993378e-02 9.521454572677612305e-03 5.406815558671951294e-02 1.167060155421495438e-02 1.243488024920225143e-02 2.243914082646369934e-02 8.445358835160732269e-03 4.297538101673126221e-02 7.869340479373931885e-04 5.441715940833091736e-02 2.390277571976184845e-02 1.280138548463582993e-02 2.585095167160034180e-02 9.841386228799819946e-03 3.323035314679145813e-02 4.993624612689018250e-02 7.325621787458658218e-03 1.607654616236686707e-02
2.788464911282062531e-02 2.854491584002971649e-03 2.747843228280544281e-02 3.813379257917404175e-02 5.526353791356086731e-02 1.451408304274082184e-02 5.185778066515922546e-02 4.428214132785797119e-01 3.131251037120819092e-02 2.990006655454635620e-02 4.298270121216773987e-02 2.165109850466251373e-03 1.479648705571889877e-02 3.305657207965850830e-02 1.701902449131011963e-01 5.813516676425933838e-03 7.637454662472009659e-03 4.237502813339233398e-02 1.722282543778419495e-02 6.585453171283006668e-03 1.816036994569003582e-03 1.006996259093284607e-01 3.475554985925555229e-03 4.190608486533164978e-02 5.264998599886894226e-02 2.028734609484672546e-02 2.063242159783840179e-02 3.831042721867561340e-02 1.762996055185794830e-02 1.607075519859790802e-02 1.261708699166774750e-02 2.255180478096008301e-02 2.184732630848884583e-02 3.860425949096679688e-02 2.959107048809528351e-02 1.191796362400054932e-02 2.859718538820743561e-02 4.661667719483375549e-02 3.434659913182258606e-02 1.177329756319522858e-02 3.927926719188690186e-02 3.575866669416427612e-02 1.620000973343849182e-02 3.409653156995773315e-02 5.319778807461261749e-03 3.411915153264999390e-02 2.747160382568836212e-02 3.964223712682723999e-02 9.514497593045234680e-03 5.434392765164375305e-02 6.233730167150497437e-02 4.084308072924613953e-02 7.706882897764444351e-03 1.761497743427753448e-02 9.451895020902156830e-03 3.148924559354782104e-02 1.834577135741710663e-02 4.124032333493232727e-02 3.174576535820960999e-02 3.204220533370971680e-02 2.103715762495994568e-02 1.486863754689693451e-02 6.820893287658691406e-02 6.491905543953180313e-03 3.916904330253601074e-02 2.554393000900745392e-02 3.504098579287528992e-02 6.018801592290401459e-03 8.418253622949123383e-03 4.354898817837238312e-03 4.233866930007934570e-02 3.224072232842445374e-02 4.563566669821739197e-02 5.632707849144935608e-02 2.304687537252902985e-02 3.072624839842319489e-02 9.389343671500682831e-03 3.459987416863441467e-02 4.410998150706291199e-02 2.262832596898078918e-02 1.079474985599517822e-01 1.015087738633155823e-01 1.070379186421632767e-02 6.732207722961902618e-03 1.054940652102231979e-02 1.972235739231109619e-03 1.039892509579658508e-01 9.808828681707382202e-02 4.789866134524345398e-02 3.015406802296638489e-02 6.765729747712612152e-03 3.589396923780441284e-02 4.796614125370979309e-02 1.184017769992351532e-02 2.156337536871433258e-02 2.459061332046985626e-02 3.714573383331298828e-02 4.374903440475463867e-02 1.330314856022596359e-02 6.255570799112319946e-03 2.104623243212699890e-02 4.924135655164718628e-02 2.248029783368110657e-02 2.782077714800834656e-02 3.918944299221038818e-02 1.416711229830980301e-02 9.466247633099555969e-03 7.907176041044294834e-04 7.240196689963340759e-03 4.399445652961730957e-02 1.820831187069416046e-02 1.815642230212688446e-02 3.655794262886047363e-02 2.030414529144763947e-02 6.551728397607803345e-02 1.397978514432907104e-02
5.088711529970169067e-02 3.853836655616760254e-02 2.142497897148132324e-02 4.293453693389892578e-02 1.775920391082763672e-02 3.893592208623886108e-02 5.391493439674377441e-03 3.131251037120819092e-02 4.388539493083953857e-01 6.402660161256790161e-02 3.325923904776573181e-02 5.403599515557289124e-02 3.957209736108779907e-02 1.768459007143974304e-02 1.747326366603374481e-02 3.730015829205513000e-02 4.196862503886222839e-02 6.323868781328201294e-02 1.689358800649642944e-02 1.784114167094230652e-02 3.823397913947701454e-03 5.151047185063362122e-02 5.849321372807025909e-03 3.543088212609291077e-02 1.822082884609699249e-02 5.276322364807128906e-02 6.241974420845508575e-03 1.986416243016719818e-02 1.740583963692188263e-02 3.324107383377850056e-04 3.806616738438606262e-02 2.229061210528016090e-03 1.812876388430595398e-02 3.504816070199012756e-02 4.267483577132225037e-02 1.327872369438409805e-02 3.422474488615989685e-03 2.805172279477119446e-02 1.255289302207529545e-03 6.405988335609436035e-02 1.661384850740432739e-02 4.195630550384521484e-02 7.697002496570348740e-03 2.310923673212528229e-02 3.922604024410247803e-03 3.559656813740730286e-02 2.375678531825542450e-02 3.797737881541252136e-02 8.838377147912979126e-02 6.206175312399864197e-03 2.949957735836505890e-02 7.580292411148548126e-03 3.820070251822471619e-02 4.514082893729209900e-02 3.157347068190574646e-02 5.676233768463134766e-02 3.466045483946800232e-02 5.030101537704467773e-02 2.362623251974582672e-02 3.884761780500411987e-02 2.540317550301551819e-02 2.009892277419567108e-02 6.553790066391229630e-03 2.190735377371311188e-02 1.959856785833835602e-02 2.426924183964729309e-02 4.406491667032241821e-02 1.628414355218410492e-02 4.412165284156799316e-02 3.255259618163108826e-02 1.180990226566791534e-02 4.933074489235877991e-02 8.626231923699378967e-03 7.901398465037345886e-03 2.896482124924659729e-02 7.687849458307027817e-03 1.481685191392898560e-01 9.569381922483444214e-02 3.145057335495948792e-02 3.167170658707618713e-02 4.372911527752876282e-02 2.418994903564453125e-02 1.000194922089576721e-01 2.682826109230518341e-02 4.221834614872932434e-02 1.932938210666179657e-02 4.717817530035972595e-02 3.577689873054623604e-03 2.522766403853893280e-02 3.848370164632797241e-02 2.829231508076190948e-02 5.887361988425254822e-02 7.159698288887739182e-03 7.744918111711740494e-03 1.797765679657459259e-02 1.074323058128356934e-02 5.389719456434249878e-02 1.088188774883747101e-02 5.714709684252738953e-02 6.668639928102493286e-02 3.298261016607284546e-02 2.546134404838085175e-02 2.831788361072540283e-02 3.089158236980438232e-02 1.859541796147823334e-02 1.444053719751536846e-03 2.092128992080688477e-02 6.950882263481616974e-03 3.255879878997802734e-02 6.292112171649932861e-02 4.762015305459499359e-03 2.915943227708339691e-02 5.644661933183670044e-02 8.488840423524379730e-03 1.282587926834821701e-02 4.061019048094749451e-02
2.347915060818195343e-02 1.638600975275039673e-02 8.314074948430061340e-04 5.494172498583793640e-02 2.536560222506523132e-02 3.649619594216346741e-02 3.832330554723739624e-02 2.990006655454635620e-02 6.402660161256790161e-02 4.555605351924896240e-01 3.989682346582412720e-02 7.560682483017444611e-03 9.398791939020156860e-03 4.709169641137123108e-02 1.750310696661472321e-02 3.010423295199871063e-02 2.451887167990207672e-02 1.117250323295593262e-02 9.312009066343307495e-02 2.155242860317230225e-02 3.972993791103363037e-02 3.926711902022361755e-02 7.808760739862918854e-03 4.614727944135665894e-02 3.078227676451206207e-02 3.222732618451118469e-02 3.621993213891983032e-02 3.416244313120841980e-02 1.725244894623756409e-02 4.140710085630416870e-02 8.552782237529754639e-03 1.036508101969957352e-02 4.740425199270248413e-02 3.616302460432052612e-02 1.329743862152099609e-02 4.204966127872467041e-02 3.147964924573898315e-02 4.238465800881385803e-03 3.000803478062152863e-02 4.631135612726211548e-02 4.248623177409172058e-02 3.565943241119384766e-02 5.979042500257492065e-02 3.693448752164840698e-02 1.093510445207357407e-02 4.059912636876106262e-02 4.030970484018325806e-02 5.877190828323364258e-02 2.453521825373172760e-02 1.084151268005371094e-01 3.407128620892763138e-03 4.840918257832527161e-02 8.501583710312843323e-03 1.786134764552116394e-02 3.649834543466567993e-02 6.380006670951843262e-02 2.257873490452766418e-02 6.290008127689361572e-02 3.568967059254646301e-02 3.348365798592567444e-02 1.018684729933738708e-02 5.425670370459556580e-02 2.907554246485233307e-02 2.731008268892765045e-02 5.719161406159400940e-02 1.367031503468751907e-02 6.626819074153900146e-02 1.909239962697029114e-02 3.772588074207305908e-02 3.699059039354324341e-02 6.197820976376533508e-02 1.585967279970645905e-02 4.421812668442726135e-02 6.067602708935737610e-02 1.612470718100667000e-03 5.235094577074050903e-02 7.923624664545059204e-02 1.428707242012023926e-01 9.424318559467792511e-03 9.854432195425033569e-02 2.343764528632164001e-02 1.327527873218059540e-02 3.158717975020408630e-02 2.006475254893302917e-02 1.385177485644817352e-02 1.178087759763002396e-02 2.861870639026165009e-02 2.819325588643550873e-02 7.991214282810688019e-03 1.003251597285270691e-01 5.301315337419509888e-02 1.184679940342903137e-02 2.102765627205371857e-02 2.954277023673057556e-02 3.334127739071846008e-02 2.926739491522312164e-02 1.430947426706552505e-02 9.882437996566295624e-03 1.668910030275583267e-03 2.881879918277263641e-02 4.623975232243537903e-02 1.633524522185325623e-02 3.458512946963310242e-02 2.549617737531661987e-02 2.506713010370731354e-02 4.852211475372314453e-02 2.961518429219722748e-02 3.259735554456710815e-02 4.799295589327812195e-02 2.043394185602664948e-02 5.553920194506645203e-02 6.843742448836565018e-03 6.495926063507795334e-03 1.140781212598085403e-03 1.249699480831623077e-02 1.013280544430017471e-02
1.271343082189559937e-01 8.568715304136276245e-02 3.236886113882064819e-02 4.249344766139984131e-02 2.187199518084526062e-02 4.433695226907730103e-02 8.807795494794845581e-02 4.298270121216773987e-02 3.325923904776573181e-02 3.989682346582412720e-02 4.361969828605651855e-01 3.474288806319236755e-02 9.863897413015365601e-02 5.349941179156303406e-02 2.718806825578212738e-02 1.156787015497684479e-02 1.071516610682010651e-02 2.332474663853645325e-02 2.946992777287960052e-02 5.828056950122117996e-03 4.291356727480888367e-02 3.051172383129596710e-02 5.075224675238132477e-03 5.704766511917114258e-02 2.414348348975181580e-02 1.625095866620540619e-02 4.581381753087043762e-02 4.439190030097961426e-02 6.718038767576217651e-02 6.875245366245508194e-03 2.724417857825756073e-02 2.555535733699798584e-02 3.436290100216865540e-02 3.109682165086269379e-02 4.252725839614868164e-02 3.082960471510887146e-02 4.963763058185577393e-04 5.281455442309379578e-02 3.319878131151199341e-02 2.729716338217258453e-02 2.515433914959430695e-02 1.689631142653524876e-03 4.454038664698600769e-02 4.840227961540222168e-02 5.468896031379699707e-02 4.233142361044883728e-02 2.655006572604179382e-02 2.021944709122180939e-02 5.024361424148082733e-03 3.772460296750068665e-02 3.813143819570541382e-02 3.997437283396720886e-02 4.287007823586463928e-02 3.390633314847946167e-02 3.772388398647308350e-02 2.490452863276004791e-02 2.853261120617389679e-02 3.652774915099143982e-02 8.861675858497619629e-03 2.700923010706901550e-02 1.048776693642139435e-02 2.389031089842319489e-02 2.020421065390110016e-02 4.365625977516174316e-02 8.348520100116729736e-02 1.112676132470369339e-02 3.868991509079933167e-02 3.066319599747657776e-02 4.677775874733924866e-02 3.163431584835052490e-02 8.449982851743698120e-03 2.020040294155478477e-03 1.086946763098239899e-02 3.274580091238021851e-02 3.292543441057205200e-02 4.379608109593391418e-02 7.314126007258892059e-03 2.707339264452457428e-02 4.324570298194885254e-02 3.951191902160644531e-02 2.841064240783452988e-03 3.369481861591339111e-02 4.162285104393959045e-02 5.873128306120634079e-03 2.922699227929115295e-02 5.043920502066612244e-02 5.391287058591842651e-02 3.800380602478981018e-02 5.470107495784759521e-02 4.567330330610275269e-02 3.236955776810646057e-02 2.087899111211299896e-02 6.147120613604784012e-03 1.269180141389369965e-02 1.412888150662183762e-02 8.145561441779136658e-04 4.826496541500091553e-02 3.996375203132629395e-02 4.705639556050300598e-02 3.043117187917232513e-02 2.839755825698375702e-02 5.801680497825145721e-03 5.909441970288753510e-03 6.059002131223678589e-02 2.297340333461761475e-02 1.142938900738954544e-02 1.729525811970233917e-02 4.998353309929370880e-03 3.772300481796264648e-02 4.581952840089797974e-02 2.791897393763065338e-02 4.666701704263687134e-02 2.098099701106548309e-02 2.802336588501930237e-02 3.885347163304686546e-03 1.275329664349555969e-02
4.857613891363143921e-02 3.782369662076234818e-03 1.806531101465225220e-03 3.668093681335449219e-02 3.488253429532051086e-02 6.736910343170166016e-02 9.336489252746105194e-03 2.165109850466251373e-03 5.403599515557289124e-02 7.560682483017444611e-03 3.474288806319236755e-02 4.417942762374877930e-01 2.735961973667144775e-02 1.794981807470321655e-01 2.077217958867549896e-02 1.901580486446619034e-03 3.168446943163871765e-02 2.674586605280637741e-03 4.177122563123703003e-02 2.147582825273275375e-03 2.050757175311446190e-03 2.022198587656021118e-02 6.076034158468246460e-02 5.093631148338317871e-02 1.141173299401998520e-02 1.401376910507678986e-02 1.132936216890811920e-02 1.837081164121627808e-01 2.109423838555812836e-02 1.610304713249206543e-01 2.609216049313545227e-02 1.046044658869504929e-02 4.387895576655864716e-03 3.017612732946872711e-03 2.545090205967426300e-02 2.069056732580065727e-03 4.603764042258262634e-02 1.985562779009342194e-02 7.089174538850784302e-02 7.133205235004425049e-02 3.012287057936191559e-02 3.502766415476799011e-02 2.535850927233695984e-02 1.297868788242340088e-02 2.368114516139030457e-02 2.842640131711959839e-02 2.215179800987243652e-02 5.841778963804244995e-02 4.248217120766639709e-02 3.140744566917419434e-02 2.127749472856521606e-02 3.795138001441955566e-02 4.351584240794181824e-02 3.876546770334243774e-02 2.480071596801280975e-02 4.218979924917221069e-02 1.904402114450931549e-02 3.479853272438049316e-02 4.780894145369529724e-02 2.460994757711887360e-02 4.079841822385787964e-02 5.003780499100685120e-02 1.627005450427532196e-02 5.093115614727139473e-04 3.293899819254875183e-02 3.900901228189468384e-02 2.161599881947040558e-02 3.835113311652094126e-04 4.879216477274894714e-02 5.353555455803871155e-02 4.641453269869089127e-03 2.894638106226921082e-02 1.437381375581026077e-02 4.579088091850280762e-02 4.228232800960540771e-02 5.426710471510887146e-02 4.016660153865814209e-02 5.336337536573410034e-02 1.203621737658977509e-02 1.410950254648923874e-02 3.212184831500053406e-02 3.164144000038504601e-03 4.910203069448471069e-02 2.442894130945205688e-02 4.384414851665496826e-02 4.420383274555206299e-02 4.102329164743423462e-02 2.789016440510749817e-02 1.791689731180667877e-02 1.629001274704933167e-02 2.107729203999042511e-02 5.195711553096771240e-02 5.026558786630630493e-02 1.462358422577381134e-02 1.899173832498490810e-03 4.086479172110557556e-02 2.399064972996711731e-02 2.743641845881938934e-02 1.875228807330131531e-02 3.532226011157035828e-02 2.828435739502310753e-03 1.582493633031845093e-02 3.163465112447738647e-02 1.042255759239196777e-02 2.225941792130470276e-02 3.463666886091232300e-02 1.305327937006950378e-02 2.786666527390480042e-02 1.952906884253025055e-02 3.813235461711883545e-02 6.497401278465986252e-03 3.570698574185371399e-02 3.007865138351917267e-02 4.711112380027770996e-02 7.106877863407135010e-02 4.279763251543045044e-02
7.672303169965744019e-02 1.722530126571655273e-01 3.506606444716453552e-02 2.436910197138786316e-02 2.946413494646549225e-02 9.489263594150543213e-02 8.359622210264205933e-02 1.479648705571889877e-02 3.957209736108779907e-02 9.398791939020156860e-03 9.863897413015365601e-02 2.735961973667144775e-02 4.430137276649475098e-01 4.711458832025527954e-02 9.873546659946441650e-03 2.094205655157566071e-02 6.210099440068006516e-03 1.270652748644351959e-02 3.322179988026618958e-02 4.348832741379737854e-02 4.631935432553291321e-02 1.040847878903150558e-02 4.614417254924774170e-02 2.564207278192043304e-02 5.626749247312545776e-02 1.009478350169956684e-03 2.746518515050411224e-02 3.740331158041954041e-02 2.216771990060806274e-02 2.271936275064945221e-02 9.506496787071228027e-02 3.929470852017402649e-02 1.115091983228921890e-02 2.811087109148502350e-02 9.056710638105869293e-03 2.946806885302066803e-02 1.369833294302225113e-02 2.311069518327713013e-02 2.520897053182125092e-02 2.450243802741169930e-03 7.276094052940607071e-03 2.419380657374858856e-02 1.693915762007236481e-02 1.330431103706359863e-01 5.343319103121757507e-02 2.588607557117938995e-02 8.777375519275665283e-02 1.959114894270896912e-02 1.526329107582569122e-02 2.191819064319133759e-02 4.699718672782182693e-03 2.868658117949962616e-02 5.395984742790460587e-03 3.104468435049057007e-02 1.223085541278123856e-02 2.701503224670886993e-02 2.083098515868186951e-02 4.568686336278915405e-02 4.520889371633529663e-02 4.238577187061309814e-02 3.315582498908042908e-02 2.974542044103145599e-02 4.434220120310783386e-02 4.252565279603004456e-02 2.765472792088985443e-02 9.290038794279098511e-02 2.459889464080333710e-02 4.449459165334701538e-02 2.445477247238159180e-02 4.157316870987415314e-03 1.243755873292684555e-02 5.577696021646261215e-03 6.474707741290330887e-03 1.693052984774112701e-02 1.177615579217672348e-02 1.496210880577564240e-02 1.732289232313632965e-02 4.503115266561508179e-02 4.702699556946754456e-02 3.915374353528022766e-02 1.953798346221446991e-02 3.008157759904861450e-02 2.093576267361640930e-02 2.226585522294044495e-02 4.923263937234878540e-02 2.292302250862121582e-02 2.761242911219596863e-02 1.344452798366546631e-02 8.153854869306087494e-03 6.302302354015409946e-04 6.469600368291139603e-03 3.329108282923698425e-02 3.302995488047599792e-02 5.691882688552141190e-03 2.300907112658023834e-02 1.178448181599378586e-02 9.935336187481880188e-03 1.672405563294887543e-02 4.461255669593811035e-02 3.154407814145088196e-02 1.367335487157106400e-02 2.695883624255657196e-02 3.810773789882659912e-02 1.718388497829437256e-02 2.898329123854637146e-02 1.024798955768346786e-02 1.421285979449748993e-02 5.441898480057716370e-02 1.494870148599147797e-02 2.516075223684310913e-02 4.090351983904838562e-02 2.180555090308189392e-02 3.814090415835380554e-02 3.443514928221702576e-02 4.064184054732322693e-02 4.168678820133209229e-02
