4.952484369277954102e-01 1.422566622495651245e-01 2.439378015697002411e-02 2.159987390041351318e-02 1.847352087497711182e-02 1.449539065361022949e-01 1.155917868018150330e-01 3.956180810928344727e-02 1.667935028672218323e-02 3.588682785630226135e-02 1.809002757072448730e-01 2.741759642958641052e-02 1.111240610480308533e-01 1.374688278883695602e-02 1.256081927567720413e-02 2.518981322646141052e-02 1.766835688613355160e-03 3.674438595771789551e-02 2.061470970511436462e-02 3.711348772048950195e-02 2.404855191707611084e-02 1.667044311761856079e-02 3.427027538418769836e-02 8.907033130526542664e-03 5.300152406562119722e-05 1.738138496875762939e-02 7.192781195044517517e-04 4.060114920139312744e-02 1.066309120506048203e-02 5.368582531809806824e-02 4.208353534340858459e-02 4.704247042536735535e-02 4.912720527499914169e-03 1.100917439907789230e-02 1.504028867930173874e-02 3.006823826581239700e-03 2.638088911771774292e-02 1.037832256406545639e-02 3.965635970234870911e-02 1.800345815718173981e-02 3.638455644249916077e-02 3.522985428571701050e-02 3.130410611629486084e-02 1.183239556849002838e-02 3.816974116489291191e-03 1.034460309892892838e-02 1.014581769704818726e-01 6.642608437687158585e-03 5.116289854049682617e-02 7.282515056431293488e-03 4.381363466382026672e-02 2.625904791057109833e-02 2.084535174071788788e-02 5.118066444993019104e-03 2.487966232001781464e-02 4.193912819027900696e-02 1.975707709789276123e-02 1.966130547225475311e-02 1.805225387215614319e-02 3.184550628066062927e-02 2.605873392894864082e-03 1.041542179882526398e-02 5.089961737394332886e-02 6.760051008313894272e-03 2.333187684416770935e-02 6.184942275285720825e-02 1.328964158892631531e-02 1.313511189073324203e-02 4.955571144819259644e-02 4.589547961950302124e-02 4.325329884886741638e-02 6.252063903957605362e-03 1.483263075351715088e-02 4.289838299155235291e-02 3.610614314675331116e-02 7.135273423045873642e-03 6.395706906914710999e-03 4.588274285197257996e-02 7.451906334608793259e-03 3.423211351037025452e-02 7.966618286445736885e-04 4.671991989016532898e-02 4.230609536170959473e-02 1.049986691214144230e-03 3.226993139833211899e-03 4.351460933685302734e-02 3.841342031955718994e-02 4.637801647186279297e-02 1.881626807153224945e-02 3.505115583539009094e-02 1.912112534046173096e-02 4.602114483714103699e-02 1.091813482344150543e-02 3.416807390749454498e-03 2.758900634944438934e-02 4.858335014432668686e-03 3.666080906987190247e-02 3.038125298917293549e-02 2.086899802088737488e-02 3.854821249842643738e-02 1.903184875845909119e-02 3.934102598577737808e-03 6.467896047979593277e-03 2.120726974681019783e-03 4.663049243390560150e-03 3.040041029453277588e-02 1.646914146840572357e-02 1.095785992220044136e-04 5.439177155494689941e-02 7.171774283051490784e-03 1.184619590640068054e-02 5.708354292437434196e-04 1.798379234969615936e-02 3.566435351967811584e-02 5.206442624330520630e-02 3.682743385434150696e-02
1.422566622495651245e-01 4.928672015666961670e-01 1.556870248168706894e-02 2.953695505857467651e-02 5.604983773082494736e-03 9.454101324081420898e-02 1.214892491698265076e-01 3.380820900201797485e-02 1.308818534016609192e-02 4.001642018556594849e-02 1.367862075567245483e-01 4.702796041965484619e-02 1.515039801597595215e-01 2.283799927681684494e-03 1.384053286164999008e-02 6.163980579003691673e-04 2.501037204638123512e-03 1.078852917999029160e-03 3.203416243195533752e-02 4.577741026878356934e-02 1.278104539960622787e-02 1.736480626277625561e-03 3.498912230134010315e-02 7.652755593881011009e-04 8.606441318988800049e-03 1.247951015830039978e-02 7.930043153464794159e-03 2.136314846575260162e-02 4.289254173636436462e-02 2.127381786704063416e-02 4.070385918021202087e-02 5.353209096938371658e-03 1.355439610779285431e-02 7.859418168663978577e-03 1.868475810624659061e-03 7.670218590646982193e-03 4.108849912881851196e-02 1.598589867353439331e-02 9.785361588001251221e-03 5.976078659296035767e-02 1.963997818529605865e-02 1.371810305863618851e-02 3.603967279195785522e-02 1.272898074239492416e-02 3.047172212973237038e-03 4.113117232918739319e-02 1.126652732491493225e-01 8.762756735086441040e-02 4.549032077193260193e-03 2.856503427028656006e-02 3.183012828230857849e-02 1.247599627822637558e-02 4.225839674472808838e-02 3.806372731924057007e-02 4.319186322391033173e-03 2.230561152100563049e-02 2.555964514613151550e-02 1.816578395664691925e-02 3.702325001358985901e-02 2.585747279226779938e-02 3.223342075943946838e-02 2.103630267083644867e-02 3.934050910174846649e-03 2.541065774857997894e-02 2.767857350409030914e-02 2.586977928876876831e-02 2.705954480916261673e-03 1.932126469910144806e-02 4.558132216334342957e-02 4.722444713115692139e-02 2.548141777515411377e-02 1.296328846365213394e-02 3.611502796411514282e-02 2.347161760553717613e-03 3.155294433236122131e-02 1.643651910126209259e-02 6.298862281255424023e-04 3.461062535643577576e-02 3.143610432744026184e-02 2.561393193900585175e-02 4.098952934145927429e-02 6.576517131179571152e-03 3.298225998878479004e-02 3.951708972454071045e-02 3.473529219627380371e-02 1.178276631981134415e-02 2.604072913527488708e-02 3.352206945419311523e-02 3.256668895483016968e-02 3.678263723850250244e-02 3.663897048681974411e-03 4.694824293255805969e-02 3.769260644912719727e-02 4.212186858057975769e-02 1.382563496008515358e-03 1.973609998822212219e-02 2.301662229001522064e-02 2.777626365423202515e-02 4.053174052387475967e-03 3.180514276027679443e-02 3.656609728932380676e-02 1.614045468159019947e-03 2.206089347600936890e-02 1.756729930639266968e-02 4.916107282042503357e-03 6.421823985874652863e-03 3.712568804621696472e-02 3.169619664549827576e-02 2.072338387370109558e-02 2.490172162652015686e-02 2.702323533594608307e-02 2.559540979564189911e-02 3.239333629608154297e-02 1.763851009309291840e-02 5.040381103754043579e-02 4.579009115695953369e-02
2.439378015697002411e-02 1.556870248168706894e-02 4.579762518405914307e-01 6.867120414972305298e-02 3.348625451326370239e-02 4.377681389451026917e-02 2.998181059956550598e-02 7.850898057222366333e-02 1.786749809980392456e-02 2.611808106303215027e-02 2.210919931530952454e-02 4.966648668050765991e-02 2.454508841037750244e-02 3.071748279035091400e-02 2.962451241910457611e-02 1.571180671453475952e-02 3.569322079420089722e-02 2.075460366904735565e-02 4.073711484670639038e-02 2.046317420899868011e-02 1.959860324859619141e-02 3.528447821736335754e-02 1.439922489225864410e-02 2.513928897678852081e-02 3.311500698328018188e-02 1.357651595026254654e-02 1.943481341004371643e-02 4.380495846271514893e-02 1.689765788614749908e-02 9.924422949552536011e-03 4.960502311587333679e-02 1.067618653178215027e-02 1.843745261430740356e-02 1.757674477994441986e-02 4.315126314759254456e-02 3.883335366845130920e-02 1.596958190202713013e-02 7.741404697299003601e-03 8.588010445237159729e-03 2.647970616817474365e-02 2.563349530100822449e-02 4.148945212364196777e-02 7.203136570751667023e-03 5.563038960099220276e-02 4.786917939782142639e-02 1.917814370244741440e-03 1.981505425646901131e-03 2.031078003346920013e-02 6.995055358856916428e-03 5.271650105714797974e-02 2.561017684638500214e-02 2.573432167991995811e-03 2.883169613778591156e-02 1.953680813312530518e-02 1.798602193593978882e-02 4.614574089646339417e-02 4.622911289334297180e-02 3.191085904836654663e-02 1.386516727507114410e-02 4.775502718985080719e-03 4.705576971173286438e-02 1.951154507696628571e-02 1.103464327752590179e-02 4.584605619311332703e-02 1.074136234819889069e-02 1.401612348854541779e-02 2.655429393053054810e-02 3.218925744295120239e-02 1.194456592202186584e-02 1.173750683665275574e-02 5.335200950503349304e-02 5.461726710200309753e-02 2.517237560823559761e-03 2.146897651255130768e-02 1.553290709853172302e-02 3.724379464983940125e-02 1.547714881598949432e-02 3.630206361413002014e-02 4.742691665887832642e-02 2.589908801019191742e-02 1.069988533854484558e-01 3.956672549247741699e-02 3.360576927661895752e-02 2.160691190510988235e-03 1.326877158135175705e-02 1.151807606220245361e-02 4.327072575688362122e-02 3.536663949489593506e-02 4.512853547930717468e-02 1.392513234168291092e-02 2.132602222263813019e-02 1.978408172726631165e-02 2.451319247484207153e-02 3.565967455506324768e-02 1.750739850103855133e-02 5.970040219835937023e-04 1.273299008607864380e-02 1.608020439743995667e-02 2.219343185424804688e-02 1.262645889073610306e-02 5.143920890986919403e-03 1.484617590904235840e-02 1.037213252857327461e-03 4.174715653061866760e-02 3.146419674158096313e-02 1.151873916387557983e-02 4.513361025601625443e-03 5.663502216339111328e-02 9.252741001546382904e-03 4.860295914113521576e-03 6.023424863815307617e-02 4.573454335331916809e-02 1.241583493538200855e-03 1.200625556521117687e-03 2.285370416939258575e-02 3.918133676052093506e-02
2.159987390041351318e-02 2.953695505857467651e-02 6.867120414972305298e-02 4.700645506381988525e-01 6.172289326786994934e-02 4.194058477878570557e-02 2.236025035381317139e-02 2.353201434016227722e-02 2.583982050418853760e-02 2.592150866985321045e-02 2.421006001532077789e-02 5.509787052869796753e-02 1.828679814934730530e-02 2.603822760283946991e-02 2.348178438842296600e-02 4.879564791917800903e-02 3.568055108189582825e-02 1.438941713422536850e-02 3.307086881250143051e-03 4.077783599495887756e-02 4.198169708251953125e-02 5.296200513839721680e-02 8.259151363745331764e-04 1.077453885227441788e-02 4.768930748105049133e-02 4.247639328241348267e-02 7.354598026722669601e-03 4.438745975494384766e-02 3.433929383754730225e-02 7.800791412591934204e-03 4.454511217772960663e-03 8.179501630365848541e-03 3.799398243427276611e-02 3.849391639232635498e-02 1.950265280902385712e-02 6.077370606362819672e-03 7.900523953139781952e-03 5.983132869005203247e-03 8.688563853502273560e-02 7.064676284790039062e-02 1.618568412959575653e-02 2.637173565744888037e-05 2.969111688435077667e-02 5.872146412730216980e-02 6.869300454854965210e-02 6.866067647933959961e-02 2.492305450141429901e-02 3.543659672141075134e-02 5.640515312552452087e-02 4.838693141937255859e-02 2.096226811408996582e-02 7.463390473276376724e-03 2.841093228198587894e-04 1.732344925403594971e-02 1.445790380239486694e-02 3.297660499811172485e-02 5.084633082151412964e-02 7.564939558506011963e-03 2.140289358794689178e-02 1.788732595741748810e-03 3.004967607557773590e-02 3.253071010112762451e-02 4.288745112717151642e-03 1.757879275828599930e-03 1.351417042315006256e-02 3.444995731115341187e-02 4.550117626786231995e-02 4.442717134952545166e-02 3.266984596848487854e-02 1.621321775019168854e-03 6.611236836761236191e-03 2.593004330992698669e-02 1.155119854956865311e-03 2.881620079278945923e-02 3.996223211288452148e-02 4.101002961397171021e-02 3.858797252178192139e-03 3.691468760371208191e-02 5.429299175739288330e-02 4.881512001156806946e-02 4.147630929946899414e-02 3.466161340475082397e-02 4.207227379083633423e-02 2.936560288071632385e-02 1.241853646934032440e-02 5.563292279839515686e-02 1.455231569707393646e-02 4.371684044599533081e-02 3.351422771811485291e-02 7.214419078081846237e-03 3.271115943789482117e-02 2.403200604021549225e-02 1.909441687166690826e-02 4.014534410089254379e-03 5.314501374959945679e-02 5.288996547460556030e-02 2.283070981502532959e-02 4.459557682275772095e-02 4.485292360186576843e-03 2.553100325167179108e-02 4.977843165397644043e-02 1.712460070848464966e-02 7.044450193643569946e-02 4.111590236425399780e-02 1.061505638062953949e-02 2.073519863188266754e-02 4.762178286910057068e-02 1.171906199306249619e-02 3.657926246523857117e-02 5.255135893821716309e-02 2.536144107580184937e-02 4.638353362679481506e-02 3.408723324537277222e-02 5.685209855437278748e-02 3.169936686754226685e-02 2.054786309599876404e-02
1.847352087497711182e-02 5.604983773082494736e-03 3.348625451326370239e-02 6.172289326786994934e-02 4.761403501033782959e-01 3.312015160918235779e-02 2.640005946159362793e-02 9.953853674232959747e-03 3.706399351358413696e-02 3.171635791659355164e-02 2.105313166975975037e-02 4.742373494082130492e-05 4.095304384827613831e-02 3.400113433599472046e-02 1.723557896912097931e-02 3.916739299893379211e-02 3.323391452431678772e-02 7.217402756214141846e-02 2.733256854116916656e-02 4.284849390387535095e-02 1.304494123905897141e-02 1.794655248522758484e-02 7.584291044622659683e-03 3.676168248057365417e-02 3.013934940099716187e-02 4.470368474721908569e-02 2.155817858874797821e-02 2.498199604451656342e-02 3.694967180490493774e-02 3.691308945417404175e-02 4.248889163136482239e-02 5.086018145084381104e-02 9.866616688668727875e-03 1.977526582777500153e-02 1.697654277086257935e-02 3.487604483962059021e-02 2.765665575861930847e-02 2.278092317283153534e-03 7.929336279630661011e-03 8.448710292577743530e-02 2.404034510254859924e-02 2.778453286737203598e-03 9.275356307625770569e-03 3.023462928831577301e-02 1.318523380905389786e-02 7.859168108552694321e-04 2.385271899402141571e-02 3.911269083619117737e-02 4.029884934425354004e-02 5.624635890126228333e-02 3.456761687994003296e-02 3.693848475813865662e-02 6.559106986969709396e-03 2.648346684873104095e-02 3.099408373236656189e-02 4.836874827742576599e-02 5.196306109428405762e-02 5.849738791584968567e-02 1.765762083232402802e-02 1.419652160257101059e-02 3.679435700178146362e-02 1.064091082662343979e-02 2.360028401017189026e-02 1.256269682198762894e-02 3.337518312036991119e-03 5.943023599684238434e-03 2.117683179676532745e-02 3.882946819067001343e-02 4.186006262898445129e-02 6.099975667893886566e-03 5.069258809089660645e-02 1.890277490019798279e-03 3.389859199523925781e-02 2.271248772740364075e-02 8.697283454239368439e-03 2.770880609750747681e-02 2.411537989974021912e-02 4.440031573176383972e-02 2.067210618406534195e-03 1.093944814056158066e-02 4.257759079337120056e-02 2.435954473912715912e-02 1.820593513548374176e-02 3.329486027359962463e-02 4.399536643177270889e-03 2.596740424633026123e-02 3.078089281916618347e-02 3.856257721781730652e-02 6.571546941995620728e-02 5.109589546918869019e-02 3.973991423845291138e-02 3.360993042588233948e-02 1.000627130270004272e-02 4.721280932426452637e-02 2.275560982525348663e-02 4.550416488200426102e-03 3.358319401741027832e-02 4.570959508419036865e-02 8.011949248611927032e-03 4.024683311581611633e-02 3.906330466270446777e-02 3.529031202197074890e-02 2.193510904908180237e-02 3.679965063929557800e-02 6.006150506436824799e-03 2.339908666908740997e-02 2.929477952420711517e-02 3.758757561445236206e-02 3.256144002079963684e-02 2.186814788728952408e-03 3.130934014916419983e-02 2.200258709490299225e-02 1.577187515795230865e-02 3.979080356657505035e-03 2.819189429283142090e-02 7.398317754268646240e-02
1.449539065361022949e-01 9.454101324081420898e-02 4.377681389451026917e-02 4.194058477878570557e-02 3.312015160918235779e-02 4.951477646827697754e-01 1.284836828708648682e-01 2.950106561183929443e-02 2.145902998745441437e-02 4.073990508913993835e-02 1.369976252317428589e-01 3.843224793672561646e-02 8.052711933851242065e-02 1.032146625220775604e-02 1.031296607106924057e-02 7.870985195040702820e-03 1.609787810593843460e-03 3.275299072265625000e-02 3.014491684734821320e-02 2.649716846644878387e-02 2.537628263235092163e-02 7.086326833814382553e-03 4.883508756756782532e-02 1.142136380076408386e-02 3.392002079635858536e-03 1.229888666421175003e-02 3.334403410553932190e-02 2.406129846349358559e-03 3.339949296787381172e-03 1.326258946210145950e-02 5.307718738913536072e-02 6.093595921993255615e-02 3.026011772453784943e-02 2.301571331918239594e-02 2.437995187938213348e-02 2.206033095717430115e-02 1.507399417459964752e-02 8.475350216031074524e-03 5.288750678300857544e-02 2.470892295241355896e-02 3.646971657872200012e-02 4.122180119156837463e-02 3.622766584157943726e-02 2.022732608020305634e-02 4.120777174830436707e-02 2.212462823081295937e-05 1.170127466320991516e-01 7.793302182108163834e-03 2.205485105514526367e-02 2.669795230031013489e-02 7.371604908257722855e-03 1.416090875864028931e-02 1.364700682461261749e-02 4.106066771782934666e-04 2.084135264158248901e-02 4.588863998651504517e-02 1.411079335957765579e-02 6.561152171343564987e-03 2.861968986690044403e-02 1.851689070463180542e-02 1.476572453975677490e-02 3.738814592361450195e-02 2.806908451020717621e-02 5.532490555197000504e-03 5.093680322170257568e-02 3.557166829705238342e-02 7.314377464354038239e-03 1.006173063069581985e-02 5.030287802219390869e-02 3.587937727570533752e-02 4.423275962471961975e-02 6.174674490466713905e-04 1.636102609336376190e-02 2.660083025693893433e-02 2.246499434113502502e-02 3.318519098684191704e-03 1.230720244348049164e-02 4.793304204940795898e-02 4.278454184532165527e-02 4.027350619435310364e-02 1.050413586199283600e-02 4.248557239770889282e-02 5.558575503528118134e-03 9.071654640138149261e-03 3.384167328476905823e-02 2.759818919003009796e-02 4.782138392329216003e-02 2.801201492547988892e-02 3.111643716692924500e-02 2.776337228715419769e-02 1.736528985202312469e-02 5.510013550519943237e-02 4.375347401946783066e-03 2.760443836450576782e-03 2.065337821841239929e-02 1.837608218193054199e-02 4.738021641969680786e-02 3.349488228559494019e-02 1.633253321051597595e-02 4.976847395300865173e-02 2.630490437150001526e-02 8.745752274990081787e-03 2.516934461891651154e-02 1.810802519321441650e-02 2.071187272667884827e-02 3.532223775982856750e-02 1.817399635910987854e-02 9.673009626567363739e-03 2.546202205121517181e-02 2.265476249158382416e-02 2.682172507047653198e-02 1.886697672307491302e-02 4.484720155596733093e-02 4.507441818714141846e-02 4.818637296557426453e-02 1.358621008694171906e-02
1.155917868018150330e-01 1.214892491698265076e-01 2.998181059956550598e-02 2.236025035381317139e-02 2.640005946159362793e-02 1.284836828708648682e-01 4.992148578166961670e-01 2.002480067312717438e-02 2.080842666327953339e-02 3.803504258394241333e-02 1.074836924672126770e-01 2.627864480018615723e-02 1.110963150858879089e-01 3.668022528290748596e-02 3.251333534717559814e-02 1.312280073761940002e-02 2.006600052118301392e-02 2.862108312547206879e-02 2.316443715244531631e-03 2.260857820510864258e-02 3.645303845405578613e-02 2.003115601837635040e-02 1.379573531448841095e-02 3.785157203674316406e-02 1.410011202096939087e-02 4.495060071349143982e-03 4.617263749241828918e-02 3.378537669777870178e-02 4.097645357251167297e-02 8.229088038206100464e-03 1.964447461068630219e-02 1.547698955982923508e-02 1.877891272306442261e-02 1.960381492972373962e-02 1.414595264941453934e-02 1.308491919189691544e-02 2.656676620244979858e-02 2.210152568295598030e-03 1.737404498271644115e-03 5.668276920914649963e-02 4.962093755602836609e-02 2.940682694315910339e-03 3.621965274214744568e-02 4.710777848958969116e-02 4.584798216819763184e-02 2.242272347211837769e-02 1.254531294107437134e-01 8.087185770273208618e-02 4.443364590406417847e-02 1.216222532093524933e-02 8.529816754162311554e-03 2.349642105400562286e-02 3.810347989201545715e-02 2.730167470872402191e-02 4.421453922986984253e-02 5.392867699265480042e-02 2.821291796863079071e-02 1.264362968504428864e-02 3.111118078231811523e-02 4.827020689845085144e-02 2.208292670547962189e-02 2.123109251260757446e-02 3.218219801783561707e-02 3.740008687600493431e-03 9.672063402831554413e-03 1.689936034381389618e-02 2.204635180532932281e-02 2.433872548863291740e-03 5.562299117445945740e-02 2.397176995873451233e-02 3.917701914906501770e-02 2.127086557447910309e-02 3.066473267972469330e-02 2.724663820117712021e-03 1.134160812944173813e-02 3.744727000594139099e-02 1.432343944907188416e-02 4.602313786745071411e-02 4.249832779169082642e-02 4.389602690935134888e-02 7.359262672252953053e-04 1.553752738982439041e-02 3.711974993348121643e-02 2.281181327998638153e-02 1.898846775293350220e-02 4.557004198431968689e-02 3.340974077582359314e-02 4.625805467367172241e-02 4.630769044160842896e-02 4.424867033958435059e-02 4.699067771434783936e-02 5.056344717741012573e-02 4.299424588680267334e-02 9.763299487531185150e-03 1.484917383641004562e-02 1.564127393066883087e-02 4.590246453881263733e-02 7.732497178949415684e-04 1.710041984915733337e-02 5.170780792832374573e-02 2.065527252852916718e-02 1.649744994938373566e-02 1.791748963296413422e-02 2.544775977730751038e-02 1.223350554937496781e-04 1.186051126569509506e-02 8.837327361106872559e-03 4.935530573129653931e-02 2.972966805100440979e-02 2.207670919597148895e-02 3.493771329522132874e-02 1.227617380209267139e-03 1.683405786752700806e-02 2.189584262669086456e-02 2.575240097939968109e-03 2.029154449701309204e-02
3.956180810928344727e-02 3.380820900201797485e-02 7.850898057222366333e-02 2.353201434016227722e-02 9.953853674232959747e-03 2.950106561183929443e-02 2.002480067312717438e-02 4.693727493286132812e-01 3.551780804991722107e-02 3.901441395282745361e-02 3.189159091562032700e-03 1.291048992425203323e-02 1.239074626937508583e-03 2.660867571830749512e-02 8.694250881671905518e-02 1.332136057317256927e-02 6.283479742705821991e-03 1.076779607683420181e-02 6.997105199843645096e-03 3.716291487216949463e-02 3.819457814097404480e-02 4.472980275750160217e-02 2.139904769137501717e-03 2.097567357122898102e-02 1.921463757753372192e-02 3.276476263999938965e-02 2.147301658987998962e-02 3.814515471458435059e-02 5.331233478500507772e-05 1.354206260293722153e-02 1.400551386177539825e-02 3.940137848258018494e-02 1.056817080825567245e-02 5.494685377925634384e-03 2.555043436586856842e-02 6.959491875022649765e-03 2.197554893791675568e-02 4.158635623753070831e-03 2.440842799842357635e-03 1.446470734663307667e-03 4.692930262535810471e-03 3.020761162042617798e-02 2.755807526409626007e-02 2.253182418644428253e-02 1.405465789139270782e-02 3.025957383215427399e-02 3.680342435836791992e-02 1.279925741255283356e-02 7.557839155197143555e-03 3.945453558117151260e-03 2.735934220254421234e-02 3.060502931475639343e-04 2.088056690990924835e-02 2.899812720715999603e-02 3.156269714236259460e-02 5.296994745731353760e-02 4.453483968973159790e-02 3.875436633825302124e-02 3.936722874641418457e-02 1.195322070270776749e-02 3.731844946742057800e-02 4.337636381387710571e-02 1.087454147636890411e-02 2.476895786821842194e-02 6.229675840586423874e-03 9.673218592070043087e-04 1.933135651051998138e-02 5.162592045962810516e-03 5.326876044273376465e-02 4.498671740293502808e-03 5.471507087349891663e-02 2.742756530642509460e-02 3.500545164570212364e-03 2.403934858739376068e-02 6.025758571922779083e-03 1.450556609779596329e-02 1.054546912200748920e-03 4.377113282680511475e-02 1.370408013463020325e-02 2.874652668833732605e-02 9.729531407356262207e-02 8.090622723102569580e-02 1.413269154727458954e-02 4.269944876432418823e-02 4.387307167053222656e-02 2.982619963586330414e-02 8.943845331668853760e-02 1.007686555385589600e-01 3.289924934506416321e-02 2.737772837281227112e-02 6.005074363201856613e-03 9.738850407302379608e-03 2.497648820281028748e-02 3.186242282390594482e-02 1.192246004939079285e-02 2.152825333178043365e-02 1.378770917654037476e-02 1.819390221498906612e-03 8.540096459910273552e-04 1.518134679645299911e-02 2.454450586810708046e-03 2.955352887511253357e-03 2.311696112155914307e-02 5.156043171882629395e-02 1.816370524466037750e-02 1.376226637512445450e-02 1.317097898572683334e-02 2.615823596715927124e-02 4.535897634923458099e-03 1.642524823546409607e-02 4.646969027817249298e-03 2.653940208256244659e-02 1.915810070931911469e-02 3.650262206792831421e-02 1.775513216853141785e-02 3.018176183104515076e-02
1.667935028672218323e-02 1.308818534016609192e-02 1.786749809980392456e-02 2.583982050418853760e-02 3.706399351358413696e-02 2.145902998745441437e-02 2.080842666327953339e-02 3.551780804991722107e-02 4.768065214157104492e-01 5.386709794402122498e-02 1.638682000339031219e-02 1.272994372993707657e-02 3.170301439240574837e-03 5.303057655692100525e-02 6.618481874465942383e-02 4.644469544291496277e-02 3.665760532021522522e-02 3.885725513100624084e-02 1.200939156115055084e-02 3.020590916275978088e-02 2.137959562242031097e-02 1.498568244278430939e-02 3.693168237805366516e-02 3.344255685806274414e-02 2.710628695785999298e-02 2.303315699100494385e-02 4.173925518989562988e-02 4.196776822209358215e-02 1.133294031023979187e-02 1.693668402731418610e-02 1.455883868038654327e-02 2.952794358134269714e-02 5.560520663857460022e-02 3.214113414287567139e-03 1.827093213796615601e-02 2.217865921556949615e-02 2.445937506854534149e-02 1.779356971383094788e-02 1.437510270625352859e-02 4.747996106743812561e-02 3.160131722688674927e-02 1.630741171538829803e-02 1.243595324922353029e-04 3.542757779359817505e-02 8.893864229321479797e-03 5.095875263214111328e-02 2.628341689705848694e-02 2.772385627031326294e-02 4.325424134731292725e-02 2.515196241438388824e-02 1.252605579793453217e-02 4.357934370636940002e-02 2.342635998502373695e-03 2.779998444020748138e-02 3.000305732712149620e-04 6.168930977582931519e-02 5.259422212839126587e-02 3.837835043668746948e-02 5.633514374494552612e-02 4.632409289479255676e-02 2.792784199118614197e-02 1.798707060515880585e-02 2.681732177734375000e-02 4.041600599884986877e-02 2.688055485486984253e-02 4.845079407095909119e-02 4.156953655183315277e-03 2.938613668084144592e-02 5.854179617017507553e-03 1.017823535948991776e-02 1.779180020093917847e-02 4.971364047378301620e-03 1.862091757357120514e-02 3.476396668702363968e-03 2.369249612092971802e-02 1.038891728967428207e-03 5.153942480683326721e-02 3.116001561284065247e-02 4.989492520689964294e-02 4.638958349823951721e-02 3.623956441879272461e-02 6.319217849522829056e-03 1.388189103454351425e-02 2.523539355024695396e-03 1.556841935962438583e-02 4.344713687896728516e-02 4.002696648240089417e-02 5.112368986010551453e-02 1.862586289644241333e-02 4.635622724890708923e-02 1.983860693871974945e-02 3.305967524647712708e-02 3.694469481706619263e-02 2.103641815483570099e-02 4.725169856101274490e-03 3.098883293569087982e-02 2.603057213127613068e-02 2.745131030678749084e-02 8.562079817056655884e-02 2.881811931729316711e-02 6.139559298753738403e-02 3.278494626283645630e-02 4.827130585908889771e-02 1.983670145273208618e-02 4.343457892537117004e-02 2.660414762794971466e-02 6.795117165893316269e-03 2.219570241868495941e-02 9.376562200486660004e-03 2.890957333147525787e-02 8.808291517198085785e-03 2.678398974239826202e-02 7.823068648576736450e-03 1.136417966336011887e-02 4.859981127083301544e-03 2.289191633462905884e-02
3.588682785630226135e-02 4.001642018556594849e-02 2.611808106303215027e-02 2.592150866985321045e-02 3.171635791659355164e-02 4.073990508913993835e-02 3.803504258394241333e-02 3.901441395282745361e-02 5.386709794402122498e-02 5.002260208129882812e-01 2.722011320292949677e-02 1.468434836715459824e-02 1.848096959292888641e-02 3.878453746438026428e-02 7.439669221639633179e-03 2.818533219397068024e-02 5.104121565818786621e-02 4.557639360427856445e-02 2.481246180832386017e-02 2.474109083414077759e-02 2.962811104953289032e-02 4.477434325963258743e-03 9.147999808192253113e-03 4.564622044563293457e-02 4.317064210772514343e-02 3.452093899250030518e-02 4.435230791568756104e-02 3.794428706169128418e-02 2.846728637814521790e-02 2.086034789681434631e-02 5.423748865723609924e-03 3.038019128143787384e-02 1.398682221770286560e-02 2.572420053184032440e-02 2.303890697658061981e-02 2.671227976679801941e-02 1.690016686916351318e-02 1.298499060794711113e-03 5.051483213901519775e-02 6.306080613285303116e-03 1.634864881634712219e-02 5.156189575791358948e-02 2.580141648650169373e-03 6.059086695313453674e-02 5.115322768688201904e-02 1.946878805756568909e-02 4.186842218041419983e-02 4.489964991807937622e-02 4.245230928063392639e-02 3.718036040663719177e-02 4.163192585110664368e-02 4.251704737544059753e-02 5.168820172548294067e-02 8.792414329946041107e-03 1.004706695675849915e-02 1.445450633764266968e-02 1.116670202463865280e-02 1.463295985013246536e-02 1.844951696693897247e-02 3.312593093141913414e-03 6.054347380995750427e-02 4.519886802881956100e-03 4.926916956901550293e-02 1.475795451551675797e-02 9.062470868229866028e-03 3.809168934822082520e-02 3.853313252329826355e-02 1.089766621589660645e-02 4.394888132810592651e-02 2.461161278188228607e-02 4.150911793112754822e-02 1.850831881165504456e-02 1.287671830505132675e-02 4.859915468841791153e-03 4.136430099606513977e-02 3.611140698194503784e-02 4.090683162212371826e-02 7.508324086666107178e-02 4.764233902096748352e-02 3.474899334833025932e-03 3.195553645491600037e-02 3.667695820331573486e-02 4.262703284621238708e-02 4.165104031562805176e-02 3.921466693282127380e-02 3.799248859286308289e-02 1.960622146725654602e-02 9.347976185381412506e-03 2.264144644141197205e-02 3.379723057150840759e-02 1.556011848151683807e-02 3.291456028819084167e-02 4.389501735568046570e-02 1.697836816310882568e-02 4.444286972284317017e-02 6.023995950818061829e-02 5.693424865603446960e-02 2.118580788373947144e-02 2.507817931473255157e-02 4.817695543169975281e-02 2.387161366641521454e-02 1.118151564151048660e-02 4.723759740591049194e-02 1.779286935925483704e-02 1.947486586868762970e-02 2.571564167737960815e-03 7.576456759124994278e-03 2.778596244752407074e-02 3.180916979908943176e-02 1.347284950315952301e-02 6.592208985239267349e-03 5.445355176925659180e-02 4.481843486428260803e-02 1.351798232644796371e-02 1.699786446988582611e-02 4.901497438549995422e-02
1.809002757072448730e-01 1.367862075567245483e-01 2.210919931530952454e-02 2.421006001532077789e-02 2.105313166975975037e-02 1.369976252317428589e-01 1.074836924672126770e-01 3.189159091562032700e-03 1.638682000339031219e-02 2.722011320292949677e-02 4.903379976749420166e-01 5.809737835079431534e-03 1.570607721805572510e-01 2.688912488520145416e-02 5.002311244606971741e-02 2.622043527662754059e-02 1.090389676392078400e-02 1.773904077708721161e-02 4.369912669062614441e-02 4.011179320514202118e-03 1.091058924794197083e-02 5.619596317410469055e-02 2.513186633586883545e-02 2.531464025378227234e-02 3.924554213881492615e-02 2.909743785858154297e-02 7.036960870027542114e-02 1.624680869281291962e-02 9.186311624944210052e-03 2.432792820036411285e-02 1.417641155421733856e-02 1.149116177111864090e-02 3.674446791410446167e-02 3.474090015515685081e-03 3.827684372663497925e-02 4.647700861096382141e-02 3.096294216811656952e-02 3.987877443432807922e-02 4.276223853230476379e-02 4.591149836778640747e-02 4.456977825611829758e-03 2.515764441341161728e-03 2.945410832762718201e-02 3.293908014893531799e-02 3.989204391837120056e-02 1.873998343944549561e-02 1.291806101799011230e-01 5.342425033450126648e-02 1.592023484408855438e-02 3.704616054892539978e-02 6.622120272368192673e-03 4.056151583790779114e-02 2.861517667770385742e-02 4.322853684425354004e-02 1.239234488457441330e-02 2.290027774870395660e-02 1.860861107707023621e-02 2.889656275510787964e-02 2.742216922342777252e-02 3.825094550848007202e-02 2.692953683435916901e-02 3.887681988999247551e-03 2.726910170167684555e-03 3.526501357555389404e-02 7.111264765262603760e-02 2.567364647984504700e-02 2.872257120907306671e-02 2.115258388221263885e-02 1.070348313078284264e-03 2.495431341230869293e-02 2.124183811247348785e-02 3.994480893015861511e-02 7.230220362544059753e-03 2.476029843091964722e-02 2.138838917016983032e-02 4.541923478245735168e-02 4.927050322294235229e-02 3.948372602462768555e-02 3.486784920096397400e-02 2.476191706955432892e-02 3.808128088712692261e-02 3.649711981415748596e-02 6.720477342605590820e-02 2.680904418230056763e-02 2.384551102295517921e-03 1.201544143259525299e-02 2.049207687377929688e-02 8.506364189088344574e-03 2.425386104732751846e-03 1.081928517669439316e-02 3.000676818192005157e-02 3.311763703823089600e-02 5.089545994997024536e-02 2.500846609473228455e-02 9.637665003538131714e-03 2.551413327455520630e-02 2.821553312242031097e-02 3.820105642080307007e-02 3.280345723032951355e-02 7.119817193597555161e-03 2.104896306991577148e-02 4.929342493414878845e-02 3.949216380715370178e-02 3.807147592306137085e-02 4.306238517165184021e-02 1.257478166371583939e-02 9.993321262300014496e-03 3.115501999855041504e-02 1.405887864530086517e-02 5.113514512777328491e-02 3.774980455636978149e-02 4.337631911039352417e-02 2.855567447841167450e-02 2.596656046807765961e-02 2.143862284719944000e-02 3.058421052992343903e-02
2.741759642958641052e-02 4.702796041965484619e-02 4.966648668050765991e-02 5.509787052869796753e-02 4.742373494082130492e-05 3.843224793672561646e-02 2.627864480018615723e-02 1.291048992425203323e-02 1.272994372993707657e-02 1.468434836715459824e-02 5.809737835079431534e-03 4.777295291423797607e-01 3.862433135509490967e-02 1.245877146720886230e-01 1.999055594205856323e-02 2.013902738690376282e-02 5.200069397687911987e-02 6.087632104754447937e-02 2.677814802154898643e-03 2.580354921519756317e-02 2.642562426626682281e-02 3.869815915822982788e-02 5.313168838620185852e-02 5.122751742601394653e-02 3.554626135155558586e-03 3.790507465600967407e-02 8.068332681432366371e-04 9.491498768329620361e-02 1.277419086545705795e-02 9.555565565824508667e-02 3.458692878484725952e-02 3.583397716283798218e-02 3.387409448623657227e-02 3.600222617387771606e-02 4.526440426707267761e-02 2.272414416074752808e-02 2.886706031858921051e-02 4.221990704536437988e-02 2.794527076184749603e-02 1.466103736311197281e-02 3.359876945614814758e-02 6.048952788114547729e-02 1.549854874610900879e-03 4.269210249185562134e-02 3.582715056836605072e-03 8.667983114719390869e-02 2.560096979141235352e-02 1.786533929407596588e-02 7.071746885776519775e-02 1.513517554849386215e-02 7.238478399813175201e-03 6.065874174237251282e-02 2.321722172200679779e-02 2.907382883131504059e-02 2.787532843649387360e-02 1.128051616251468658e-02 4.025078937411308289e-02 1.495997514575719833e-02 8.911537006497383118e-03 8.972428739070892334e-03 5.520686507225036621e-03 4.139421135187149048e-02 4.232503008097410202e-03 2.050830796360969543e-02 4.528493434190750122e-02 1.985724829137325287e-02 4.760912805795669556e-02 3.384365886449813843e-02 8.242343319579958916e-04 5.275712534785270691e-02 3.129912912845611572e-02 2.053730934858322144e-02 1.077248452929779887e-05 3.565974161028862000e-02 4.742021206766366959e-03 1.907334104180335999e-02 6.132903322577476501e-02 3.370998799800872803e-02 1.582369394600391388e-02 4.560898616909980774e-02 6.766886916011571884e-03 3.747057914733886719e-02 6.701451726257801056e-03 3.790402039885520935e-02 3.031560219824314117e-02 6.296142470091581345e-03 3.838033974170684814e-02 6.236180197447538376e-03 2.808194234967231750e-02 2.872974611818790436e-02 2.258430980145931244e-02 5.234490707516670227e-02 1.849340088665485382e-02 1.304823812097311020e-02 7.511751260608434677e-03 1.845825091004371643e-02 2.725583687424659729e-02 4.118217155337333679e-02 1.876112259924411774e-02 2.045576833188533783e-02 4.691629111766815186e-02 4.246990010142326355e-02 3.940972685813903809e-02 9.468891657888889313e-03 4.094144701957702637e-02 3.334496915340423584e-02 3.434857726097106934e-02 2.430342836305499077e-03 1.443301327526569366e-02 4.244198650121688843e-02 2.968207374215126038e-02 2.716845646500587463e-02 2.026645094156265259e-02 3.878495097160339355e-02 3.852058202028274536e-02 3.280700184404850006e-03
1.111240610480308533e-01 1.515039801597595215e-01 2.454508841037750244e-02 1.828679814934730530e-02 4.095304384827613831e-02 8.052711933851242065e-02 1.110963150858879089e-01 1.239074626937508583e-03 3.170301439240574837e-03 1.848096959292888641e-02 1.570607721805572510e-01 3.862433135509490967e-02 4.921952188014984131e-01 9.854480624198913574e-03 1.196006871759891510e-02 3.310237312689423561e-03 1.127630937844514847e-03 2.962019294500350952e-02 3.066621348261833191e-02 1.060700044035911560e-02 1.832100749015808105e-02 6.242890655994415283e-02 3.647306188941001892e-02 1.635835506021976471e-03 2.508421987295150757e-02 2.784196287393569946e-02 1.652934588491916656e-02 4.161830991506576538e-02 7.302557583898305893e-03 8.828566409647464752e-03 5.769993364810943604e-02 3.452580049633979797e-02 3.798239165917038918e-03 4.048489406704902649e-02 3.128094971179962158e-02 2.535136975347995758e-02 5.823784042149782181e-03 1.975614018738269806e-02 2.876223437488079071e-02 9.729613363742828369e-02 3.546209633350372314e-02 1.458549406379461288e-03 3.105477243661880493e-02 4.034438825328834355e-05 1.253153383731842041e-02 1.689945720136165619e-02 1.026932820677757263e-01 8.709377795457839966e-02 3.297640755772590637e-02 4.315294697880744934e-02 1.613671309314668179e-03 6.642689928412437439e-03 1.742561906576156616e-02 2.891374751925468445e-02 1.273112371563911438e-02 1.922544324770569801e-03 3.606586903333663940e-02 1.053606905043125153e-02 1.380893029272556305e-02 8.289383724331855774e-03 5.584994796663522720e-03 7.021686062216758728e-03 2.173223719000816345e-02 3.391176462173461914e-02 5.736535787582397461e-02 6.499604880809783936e-02 4.633085429668426514e-02 2.231146395206451416e-02 2.208231203258037567e-02 2.910819649696350098e-02 4.120631888508796692e-02 5.589270219206809998e-02 9.854951873421669006e-03 1.213742513209581375e-02 4.558503627777099609e-02 7.618293166160583496e-03 3.394991159439086914e-02 3.542743623256683350e-02 3.479732945561408997e-02 3.828451409935951233e-02 3.661454096436500549e-02 2.485397085547447205e-02 1.263806223869323730e-02 4.526412114500999451e-02 4.855287820100784302e-02 1.604446209967136383e-02 3.077407181262969971e-02 9.518730454146862030e-03 5.587008595466613770e-02 3.587465500459074974e-03 6.938104517757892609e-03 2.347028069198131561e-02 3.958664834499359131e-02 7.332106120884418488e-03 1.584156788885593414e-02 3.500491753220558167e-02 4.106937348842620850e-02 2.731328457593917847e-02 2.388846129179000854e-02 4.013723134994506836e-02 4.991151019930839539e-02 3.449219092726707458e-02 1.197047252207994461e-02 2.595447376370429993e-02 2.355367690324783325e-02 4.718012176454067230e-03 4.296267405152320862e-02 2.825330570340156555e-02 1.526427455246448517e-02 2.939967624843120575e-02 4.450514540076255798e-02 5.394245311617851257e-02 2.321883104741573334e-02 2.351494133472442627e-02 2.761922217905521393e-02 2.402855642139911652e-02
