5.269786119461059570e-01 1.222676187753677368e-01 9.840443730354309082e-03 4.261452413629740477e-04 6.029835902154445648e-03 8.001796901226043701e-02 5.329300090670585632e-02 1.698496006429195404e-02 2.705708891153335571e-02 4.520884156227111816e-02 1.211253330111503601e-01 2.640452794730663300e-02 9.743496030569076538e-02 3.017120063304901123e-03 8.833237737417221069e-02 5.624931305646896362e-03 1.673439145088195801e-02 2.887853048741817474e-02 2.652406506240367889e-02 3.481590375304222107e-02 4.117064177989959717e-02 5.956019088625907898e-02 4.315689206123352051e-02 2.751233056187629700e-03 3.538563847541809082e-02 2.926074713468551636e-02 2.525625564157962799e-02 1.985654421150684357e-02 5.563879758119583130e-02 2.569712698459625244e-02 4.262876883149147034e-02 8.699551108293235302e-04 2.677871473133563995e-02 7.154359947890043259e-03 2.483824500814080238e-03 4.020351916551589966e-02 2.847744338214397430e-02 1.075146999210119247e-02 4.966326430439949036e-02 3.064822964370250702e-02 6.169015076011419296e-03 3.287262469530105591e-02 5.017538741230964661e-02 5.466651543974876404e-02 3.616225346922874451e-02 1.790252886712551117e-02 7.862888276576995850e-02 3.934662416577339172e-02 6.100028287619352341e-03 4.433065652847290039e-02 2.335189282894134521e-02 2.670868299901485443e-02 2.405517734587192535e-02 3.965849056839942932e-02 2.614479139447212219e-02 2.869451045989990234e-02 2.879854105412960052e-02 1.836050674319267273e-02 2.917623706161975861e-02 4.004141315817832947e-02 6.454057525843381882e-03 3.057913854718208313e-02 2.014536596834659576e-02 1.951378211379051208e-02 1.461622398346662521e-02 1.773307099938392639e-02 1.643499545753002167e-02 5.608987063169479370e-02 1.488889288157224655e-02 1.125840563327074051e-02 2.528002485632896423e-02 7.162037945818156004e-05 3.002217737957835197e-03 4.205583594739437103e-03 1.775478757917881012e-02 1.860411837697029114e-02 2.334992401301860809e-02 2.735105343163013458e-02 7.350275292992591858e-03 4.303248599171638489e-02 8.674440905451774597e-03 2.447277493774890900e-02 4.081378504633903503e-02 1.606326736509799957e-02 1.870373636484146118e-02 1.679925364442169666e-03 3.003091551363468170e-02 2.274205349385738373e-02 3.959533199667930603e-02 2.613346092402935028e-02 5.019796639680862427e-02 2.090750820934772491e-02 3.045124746859073639e-02 1.609743759036064148e-02 2.287607267498970032e-02 3.588625416159629822e-02 3.200324624776840210e-02 3.890065103769302368e-02 5.222967639565467834e-02 3.836274147033691406e-02 2.673649287316948175e-04 2.248202078044414520e-02 2.890855818986892700e-02 4.433390125632286072e-02 3.780009225010871887e-03 2.864050120115280151e-02 3.585658594965934753e-02 1.314629614353179932e-02 3.542827442288398743e-02 5.334099754691123962e-03 4.238263890147209167e-02 4.211011156439781189e-02 1.929358579218387604e-02 3.422313183546066284e-02 1.840481907129287720e-02 4.142074659466743469e-02
1.222676187753677368e-01 5.330277085304260254e-01 3.100670315325260162e-02 4.214391484856605530e-02 2.648242749273777008e-02 1.053151637315750122e-01 8.515720069408416748e-02 3.121321834623813629e-02 2.115465328097343445e-02 3.827635943889617920e-02 9.434164315462112427e-02 3.307083249092102051e-02 1.093130707740783691e-01 7.355518173426389694e-03 6.515299528837203979e-02 2.864603325724601746e-02 3.062846884131431580e-02 4.478985443711280823e-02 3.076441027224063873e-02 1.989427395164966583e-02 2.929389476776123047e-02 4.801302030682563782e-02 1.744969934225082397e-02 5.098870024085044861e-02 7.895465008914470673e-03 3.242584317922592163e-02 4.917142167687416077e-02 8.888375014066696167e-03 2.568832226097583771e-02 1.018063258379697800e-02 3.618080914020538330e-02 4.876327887177467346e-02 7.419592002406716347e-04 3.812762722373008728e-02 1.128794718533754349e-02 3.668615221977233887e-02 4.020407795906066895e-02 3.637171175796538591e-04 3.814617916941642761e-02 2.154300548136234283e-02 1.594928652048110962e-02 6.773623079061508179e-02 9.948758408427238464e-03 1.412670873105525970e-02 2.486567571759223938e-02 8.373493328690528870e-03 8.233551681041717529e-02 5.586061626672744751e-02 2.629276365041732788e-02 3.295298665761947632e-03 9.460630244575440884e-04 6.364852306433022022e-04 7.183853536844253540e-03 1.016873493790626526e-02 7.154948543757200241e-03 1.109608262777328491e-02 2.376123517751693726e-02 8.361580781638622284e-03 3.349710255861282349e-02 4.318886995315551758e-02 1.642014086246490479e-02 1.715557067655026913e-03 6.567187938344432041e-06 7.877703756093978882e-03 1.569333672523498535e-02 7.072102744132280350e-03 2.122751064598560333e-02 3.558544442057609558e-02 1.172133069485425949e-02 3.437694907188415527e-02 3.253789618611335754e-02 1.740860380232334137e-02 3.043306991457939148e-02 1.541464310139417648e-02 1.512488536536693573e-02 2.979621989652514458e-03 2.380817942321300507e-02 4.203053563833236694e-02 5.581286177039146423e-02 4.019726440310478210e-02 4.634880274534225464e-02 4.129825904965400696e-02 2.174582146108150482e-02 3.775202482938766479e-02 3.838807344436645508e-02 4.921806231141090393e-02 1.761332154273986816e-02 8.438322693109512329e-03 7.632929831743240356e-03 2.243613637983798981e-02 3.512194380164146423e-02 3.333219513297080994e-02 3.067735210061073303e-02 4.685675725340843201e-03 2.471924759447574615e-02 1.878831349313259125e-02 4.014230892062187195e-02 3.115678578615188599e-02 5.869904905557632446e-02 2.361368678975850344e-04 3.521156311035156250e-02 3.547084331512451172e-02 4.634060338139533997e-02 2.534545212984085083e-02 2.602530643343925476e-02 2.375364676117897034e-02 7.478822488337755203e-03 1.647989824414253235e-02 1.448156777769327164e-02 8.288618177175521851e-03 2.474196022376418114e-03 2.997467853128910065e-02 3.913591150194406509e-03 3.973404318094253540e-02 4.437070712447166443e-02 5.746228620409965515e-03
9.840443730354309082e-03 3.100670315325260162e-02 5.104162096977233887e-01 1.720205694437026978e-02 5.409083887934684753e-02 4.317432269454002380e-02 1.801021769642829895e-02 9.225068986415863037e-02 4.888029769062995911e-03 9.725345298647880554e-04 2.859707176685333252e-02 2.353218570351600647e-02 5.008370801806449890e-02 1.965303532779216766e-02 2.048583235591650009e-03 8.593214675784111023e-03 1.407926250249147415e-02 2.769970521330833435e-02 1.071686856448650360e-02 4.119380936026573181e-02 3.298965469002723694e-02 3.991074860095977783e-02 2.988685853779315948e-02 4.949285066686570644e-04 2.262788079679012299e-02 2.020450681447982788e-02 5.808497779071331024e-03 2.537361346185207367e-02 3.281616792082786560e-02 1.863329298794269562e-02 9.764155372977256775e-03 2.396574476733803749e-03 1.176937855780124664e-02 3.263482358306646347e-03 3.946967795491218567e-02 3.771618753671646118e-02 3.759547695517539978e-02 3.878336027264595032e-02 4.110050201416015625e-02 3.741054236888885498e-02 9.469642303884029388e-03 5.003920197486877441e-02 3.937707841396331787e-02 9.479152411222457886e-02 3.999492526054382324e-02 6.378802470862865448e-03 3.155895695090293884e-02 2.798284962773323059e-02 2.026573196053504944e-02 1.904901675879955292e-02 1.167388353496789932e-02 6.761751603335142136e-03 4.262144118547439575e-02 7.991723716259002686e-02 3.064406476914882660e-02 6.787648424506187439e-03 3.031161986291408539e-02 1.800993457436561584e-02 4.792034253478050232e-02 5.715894326567649841e-02 4.497363790869712830e-02 3.919431939721107483e-02 4.766282811760902405e-02 2.378039248287677765e-02 3.033355809748172760e-02 4.072251915931701660e-02 4.272924363613128662e-02 2.574950270354747772e-02 2.639386616647243500e-02 5.357754603028297424e-02 1.981817418709397316e-03 6.476868875324726105e-03 1.665380084887146950e-03 1.771223172545433044e-02 2.112785540521144867e-02 4.641221463680267334e-02 4.292134661227464676e-03 3.459296375513076782e-02 2.517693303525447845e-02 2.472979202866554260e-02 1.224376186728477478e-01 1.000478863716125488e-01 2.689113654196262360e-02 1.564765232615172863e-03 1.711263135075569153e-02 1.135341823101043701e-02 3.914744779467582703e-02 6.332513689994812012e-02 3.073742054402828217e-02 1.124908868223428726e-02 1.267693750560283661e-02 2.305042371153831482e-02 3.021217696368694305e-02 1.977565884590148926e-02 1.859251037240028381e-02 4.957067593932151794e-02 1.473161671310663223e-02 4.179832711815834045e-02 2.834019809961318970e-02 3.140627220273017883e-02 3.652361035346984863e-02 4.665578529238700867e-02 9.185986593365669250e-03 8.912055753171443939e-03 1.313936430960893631e-03 4.481459408998489380e-02 5.841203499585390091e-03 4.317138716578483582e-02 4.406964406371116638e-02 1.784265972673892975e-03 5.974718835204839706e-03 3.174301981925964355e-02 2.571777254343032837e-02 3.146999701857566833e-02 4.000174347311258316e-03 2.103640139102935791e-02
4.261452413629740477e-04 4.214391484856605530e-02 1.720205694437026978e-02 5.236886739730834961e-01 8.881150186061859131e-02 1.153251994401216507e-02 5.921225063502788544e-03 2.215002290904521942e-02 3.612760081887245178e-02 2.930677146650850773e-04 1.422768365591764450e-02 3.716564178466796875e-02 3.012455068528652191e-02 2.390354499220848083e-02 2.487589605152606964e-03 2.195371873676776886e-02 3.422518074512481689e-02 7.275871187448501587e-02 4.537404701113700867e-02 5.041850358247756958e-02 3.389741480350494385e-02 3.695889934897422791e-02 4.744239151477813721e-03 3.820518404245376587e-02 1.278493925929069519e-02 1.996906287968158722e-02 2.208229526877403259e-02 2.075733803212642670e-02 2.393867634236812592e-02 1.037208829075098038e-02 2.315522916615009308e-02 3.372960910201072693e-02 7.308726664632558823e-03 2.248051017522811890e-02 5.229990929365158081e-02 1.495907083153724670e-02 1.998058706521987915e-02 3.208314627408981323e-02 7.065274566411972046e-02 4.537658765912055969e-02 1.887468434870243073e-02 1.200335472822189331e-02 5.472069978713989258e-02 4.258176684379577637e-02 2.456103637814521790e-02 4.336107987910509109e-03 4.074840992689132690e-02 1.104952301830053329e-02 2.180089615285396576e-02 1.644588448107242584e-02 2.154560387134552002e-02 5.339808412827551365e-04 4.166751168668270111e-03 1.449288334697484970e-02 5.570766981691122055e-03 2.711679600179195404e-02 4.314067214727401733e-02 1.439780462533235550e-02 2.394319325685501099e-02 3.843930736184120178e-02 1.406519301235675812e-02 5.080924183130264282e-02 6.085619330406188965e-02 2.238486707210540771e-02 3.135113045573234558e-02 5.071898177266120911e-02 2.322899550199508667e-02 2.677300199866294861e-02 1.655457541346549988e-02 1.753055490553379059e-02 5.093075335025787354e-02 3.681330382823944092e-02 1.268743127584457397e-01 4.251317679882049561e-02 8.073304593563079834e-02 1.580575108528137207e-02 4.855075106024742126e-02 4.017280042171478271e-02 1.923245377838611603e-02 4.717400297522544861e-03 2.130390517413616180e-02 4.671478644013404846e-03 4.701696708798408508e-02 2.285693539306521416e-03 3.253060858696699142e-03 5.852528661489486694e-02 1.563184522092342377e-02 5.444747954607009888e-02 1.739020645618438721e-02 2.520101144909858704e-02 5.268000811338424683e-02 4.214181378483772278e-02 8.146922104060649872e-03 4.804323613643646240e-02 2.421922981739044189e-02 6.200080737471580505e-03 1.621384406462311745e-03 1.413154881447553635e-02 2.254971861839294434e-02 1.499174349009990692e-02 3.709147498011589050e-02 5.835993960499763489e-02 4.206867888569831848e-02 4.828205704689025879e-02 4.229794815182685852e-02 5.397668480873107910e-02 2.333721891045570374e-02 3.615830093622207642e-02 2.969660796225070953e-02 3.337939828634262085e-02 3.703748434782028198e-02 2.662511356174945831e-02 3.437884151935577393e-02 4.091144353151321411e-02 1.927625946700572968e-02 4.755706712603569031e-02
6.029835902154445648e-03 2.648242749273777008e-02 5.409083887934684753e-02 8.881150186061859131e-02 5.109705328941345215e-01 5.830366630107164383e-03 4.658968374133110046e-02 1.043412461876869202e-02 1.859758608043193817e-02 4.697638377547264099e-02 3.621656075119972229e-02 6.980023812502622604e-03 2.645606920123100281e-02 4.000810533761978149e-02 1.388775371015071869e-02 9.686376899480819702e-03 5.109044909477233887e-02 1.262532826513051987e-02 1.476482953876256943e-02 2.244653739035129547e-02 2.228556200861930847e-02 2.225232496857643127e-02 1.014320086687803268e-02 1.643743366003036499e-02 3.024982288479804993e-02 4.951463639736175537e-02 3.093339316546916962e-02 4.892430081963539124e-02 2.770780213177204132e-02 4.005254805088043213e-02 8.339066058397293091e-03 3.310332074761390686e-02 5.018513277173042297e-02 3.621346130967140198e-02 1.773530058562755585e-02 3.010641038417816162e-02 1.509348768740892410e-02 2.359067276120185852e-02 1.873492449522018433e-02 5.538550391793251038e-02 1.427426468580961227e-02 5.205833911895751953e-02 7.609318476170301437e-03 3.235178440809249878e-02 6.152306683361530304e-03 2.011584304273128510e-02 3.464797511696815491e-02 3.927459940314292908e-02 2.083994261920452118e-02 4.896169155836105347e-02 3.781738504767417908e-02 1.984260976314544678e-02 4.356887936592102051e-02 3.470878303050994873e-02 5.063206329941749573e-02 1.479695737361907959e-02 4.073975607752799988e-02 3.555938228964805603e-02 2.439424768090248108e-02 6.459862925112247467e-03 5.902127549052238464e-02 1.781389676034450531e-02 3.967928886413574219e-02 1.742954552173614502e-02 2.845546603202819824e-02 3.670664876699447632e-02 2.547394856810569763e-02 4.888205975294113159e-02 1.502222009003162384e-02 2.030683122575283051e-02 1.472521107643842697e-02 6.492490880191326141e-03 2.201062440872192383e-02 1.773833483457565308e-02 1.075397506356239319e-01 1.074214279651641846e-02 2.046532696112990379e-03 1.053353585302829742e-02 4.416282847523689270e-02 3.442081436514854431e-02 1.452489569783210754e-02 5.396948661655187607e-03 6.923922803252935410e-03 9.736990928649902344e-02 2.343962155282497406e-02 3.465074673295021057e-02 5.144705995917320251e-02 3.818242251873016357e-02 4.524566978216171265e-02 3.747547045350074768e-02 1.186804659664630890e-02 4.697073996067047119e-02 4.209969192743301392e-02 4.194578155875205994e-02 4.781792871654033661e-03 4.667860269546508789e-02 4.168080538511276245e-02 4.292089026421308517e-03 6.353524979203939438e-03 2.020824700593948364e-02 7.058021612465381622e-03 1.185174472630023956e-02 2.741351537406444550e-02 3.891355171799659729e-02 1.179321482777595520e-02 2.736739581450819969e-03 1.856205426156520844e-02 3.426613286137580872e-02 1.004518754780292511e-02 1.547351200133562088e-02 3.221782669425010681e-02 9.842730127274990082e-03 1.202573347836732864e-02 1.261742599308490753e-02 1.444248389452695847e-02 5.262405797839164734e-02
8.001796901226043701e-02 1.053151637315750122e-01 4.317432269454002380e-02 1.153251994401216507e-02 5.830366630107164383e-03 5.340330600738525391e-01 1.466683000326156616e-01 2.143894322216510773e-02 3.449278697371482849e-02 1.761945523321628571e-02 9.646826237440109253e-02 8.216061629354953766e-03 1.138077527284622192e-01 1.552147697657346725e-02 1.882542669773101807e-02 4.928156733512878418e-02 2.604872174561023712e-02 3.051101230084896088e-03 2.432907558977603912e-02 1.338103041052818298e-02 7.433768827468156815e-03 4.350719228386878967e-02 5.053753778338432312e-02 1.924924552440643311e-02 7.764737121760845184e-03 2.161023393273353577e-02 7.008466124534606934e-02 1.590097136795520782e-02 4.176395386457443237e-02 4.233980551362037659e-02 1.614795438945293427e-02 1.229050941765308380e-02 3.806662512943148613e-03 1.441030669957399368e-02 2.435559639707207680e-03 5.094271525740623474e-02 2.908875606954097748e-02 4.151881486177444458e-02 2.079226635396480560e-02 2.971142157912254333e-02 1.697357743978500366e-02 2.880945987999439240e-02 3.616243228316307068e-02 2.059703320264816284e-02 2.647339738905429840e-02 4.094214364886283875e-02 1.262290328741073608e-01 9.904642403125762939e-02 1.474383845925331116e-02 2.472598291933536530e-02 3.593447431921958923e-02 4.481150582432746887e-02 4.563157260417938232e-02 2.476708590984344482e-02 2.227081917226314545e-02 3.406554460525512695e-02 1.859500259160995483e-02 1.354129426181316376e-02 2.455815114080905914e-02 1.563841477036476135e-02 2.394082397222518921e-02 4.081761837005615234e-02 5.160342156887054443e-02 1.254728902131319046e-02 4.632303025573492050e-03 2.326042018830776215e-02 5.578534305095672607e-02 3.515178710222244263e-02 3.627528250217437744e-02 3.194222971796989441e-02 4.101463034749031067e-02 5.336070060729980469e-02 4.996829107403755188e-02 1.031032577157020569e-02 4.054630640894174576e-03 4.742909222841262817e-02 2.588422596454620361e-02 2.430126070976257324e-03 2.644654887262731791e-04 9.093482047319412231e-03 4.261356964707374573e-02 1.758470945060253143e-02 2.556370571255683899e-03 2.203849889338016510e-02 2.587884850800037384e-02 1.717108115553855896e-02 3.958934918045997620e-02 1.322273816913366318e-02 3.394899517297744751e-02 1.876558177173137665e-02 2.747421339154243469e-02 1.676408015191555023e-02 3.321960195899009705e-02 6.264748983085155487e-03 7.516739424318075180e-04 2.673264779150485992e-02 3.929079324007034302e-02 4.223361611366271973e-02 3.774739056825637817e-02 3.990830481052398682e-02 1.487993542104959488e-02 9.287420660257339478e-03 4.077723622322082520e-02 2.375076524913311005e-02 3.700759261846542358e-02 1.544519327580928802e-02 3.671526908874511719e-02 4.230938479304313660e-02 2.916323393583297729e-02 2.617266215384006500e-02 5.237990524619817734e-03 4.298625141382217407e-02 1.060242764651775360e-02 1.779172942042350769e-02 2.166809327900409698e-02 3.169707208871841431e-02
5.329300090670585632e-02 8.515720069408416748e-02 1.801021769642829895e-02 5.921225063502788544e-03 4.658968374133110046e-02 1.466683000326156616e-01 5.252766609191894531e-01 2.913008444011211395e-02 2.507904730737209320e-02 1.124560250900685787e-03 7.104620337486267090e-02 5.811264738440513611e-02 8.755095303058624268e-02 1.144230831414461136e-02 1.203744206577539444e-02 2.821455337107181549e-02 1.511472184211015701e-02 3.992417827248573303e-02 2.953352965414524078e-02 5.175166204571723938e-02 4.708435013890266418e-02 4.732597246766090393e-02 2.747426927089691162e-02 1.760560646653175354e-02 4.361868649721145630e-02 1.248288247734308243e-02 7.083816826343536377e-02 4.527182877063751221e-02 2.912767045199871063e-02 3.131826967000961304e-02 6.973192095756530762e-03 3.614771738648414612e-02 4.919948801398277283e-02 2.127580344676971436e-02 1.627514138817787170e-02 3.674932522699236870e-03 4.012135416269302368e-02 1.189736369997262955e-02 8.806823752820491791e-03 7.833482231944799423e-05 4.148401319980621338e-02 2.069933153688907623e-02 5.216586589813232422e-02 3.960635140538215637e-02 2.264910936355590820e-02 4.690245166420936584e-02 1.249592378735542297e-01 1.119476184248924255e-01 4.991645365953445435e-02 3.572154417634010315e-02 4.609631747007369995e-02 5.877778679132461548e-02 2.770496904850006104e-02 3.465469181537628174e-02 9.965561330318450928e-03 2.184477448463439941e-02 5.913696810603141785e-02 1.817337237298488617e-02 4.140857979655265808e-02 3.954761847853660583e-02 1.424034684896469116e-02 2.926700003445148468e-02 3.216878278180956841e-03 5.678419023752212524e-02 1.873994246125221252e-02 1.011925842612981796e-02 2.049664763035252690e-04 1.151792984455823898e-02 1.960186101496219635e-02 2.540826611220836639e-02 3.638973832130432129e-02 3.049789927899837494e-02 6.545258685946464539e-03 1.229651365429162979e-02 3.039544448256492615e-02 3.527357429265975952e-02 8.503992110490798950e-03 6.268515251576900482e-03 6.342513021081686020e-03 2.698954194784164429e-02 2.695731259882450104e-02 2.454713685438036919e-04 9.369018487632274628e-03 1.358246314339339733e-03 2.573797293007373810e-02 2.488685026764869690e-02 2.288656868040561676e-02 1.552170049399137497e-02 8.237642236053943634e-03 1.948496140539646149e-02 4.115711525082588196e-02 2.232374623417854309e-03 4.387763887643814087e-02 1.811402104794979095e-02 4.828912019729614258e-02 1.498754974454641342e-02 3.251462057232856750e-02 1.509243622422218323e-02 1.336389593780040741e-02 5.400242656469345093e-02 2.271051146090030670e-02 1.338560599833726883e-02 3.283905982971191406e-02 3.462688997387886047e-02 1.574396528303623199e-02 3.037625737488269806e-02 3.094370476901531219e-02 2.409691736102104187e-02 1.163227390497922897e-02 2.039283700287342072e-02 3.931058105081319809e-03 1.488624326884746552e-02 1.667698659002780914e-02 3.580281138420104980e-02 1.300689484924077988e-02 3.785210475325584412e-02
1.698496006429195404e-02 3.121321834623813629e-02 9.225068986415863037e-02 2.215002290904521942e-02 1.043412461876869202e-02 2.143894322216510773e-02 2.913008444011211395e-02 5.219475626945495605e-01 3.544937819242477417e-02 1.227605808526277542e-02 4.439316689968109131e-02 4.137324169278144836e-02 5.891856551170349121e-02 1.369959674775600433e-02 2.877556160092353821e-02 1.674612052738666534e-02 6.316015962511301041e-03 3.311600536108016968e-02 4.396652430295944214e-02 4.014622792601585388e-02 3.122142329812049866e-02 4.143813624978065491e-02 2.535927854478359222e-02 2.792928833514451981e-03 1.014069467782974243e-02 1.511553488671779633e-02 4.185989126563072205e-02 7.568127941340208054e-03 4.938589036464691162e-02 4.911288991570472717e-02 4.370485991239547729e-02 3.198007587343454361e-03 2.013575576711446047e-04 2.758578956127166748e-02 4.470517486333847046e-02 8.050976693630218506e-02 6.575244665145874023e-02 1.506187138147652149e-03 2.194777317345142365e-02 2.740926668047904968e-02 2.801210060715675354e-02 1.699426583945751190e-02 4.601571708917617798e-03 2.772336639463901520e-02 3.765798732638359070e-02 9.050045162439346313e-03 4.288757592439651489e-02 4.893696308135986328e-02 7.627375889569520950e-03 2.426267974078655243e-02 1.575046591460704803e-02 6.681106984615325928e-03 2.700589597225189209e-02 4.180169105529785156e-02 2.997260913252830505e-02 3.375082090497016907e-02 3.482975065708160400e-02 3.472295030951499939e-02 1.987548545002937317e-02 5.326756834983825684e-02 2.897644229233264923e-02 2.194240689277648926e-03 4.178072791546583176e-03 3.573634847998619080e-02 1.196928438730537891e-03 8.111230097711086273e-03 5.159665364772081375e-03 1.434025075286626816e-02 4.523225873708724976e-02 3.107392042875289917e-02 4.098342731595039368e-02 1.729362085461616516e-02 1.052296161651611328e-02 5.155835300683975220e-02 4.368801414966583252e-02 1.823751628398895264e-02 1.303835399448871613e-02 4.060864076018333435e-02 4.205707833170890808e-02 9.087555110454559326e-03 9.482764452695846558e-02 4.261768236756324768e-02 1.080451998859643936e-02 3.507515043020248413e-02 6.554288417100906372e-02 4.789367318153381348e-02 7.518179714679718018e-02 6.651683151721954346e-02 1.286467164754867554e-02 3.956415504217147827e-02 3.680889261886477470e-03 3.608520375564694405e-03 2.599392086267471313e-02 7.330664433538913727e-03 1.460769958794116974e-02 1.021729223430156708e-02 4.143135994672775269e-02 4.160912241786718369e-03 2.565605007112026215e-02 3.312556073069572449e-02 2.257254719734191895e-02 3.196835517883300781e-02 1.836679503321647644e-02 1.332433428615331650e-02 3.504197672009468079e-02 2.270083129405975342e-02 1.123840993386693299e-04 1.313229929655790329e-02 1.146756391972303391e-02 1.669003069400787354e-02 7.436693180352449417e-03 2.877429127693176270e-02 6.938570644706487656e-03 4.303581267595291138e-02 7.577500306069850922e-03 1.277182810008525848e-02
2.705708891153335571e-02 2.115465328097343445e-02 4.888029769062995911e-03 3.612760081887245178e-02 1.859758608043193817e-02 3.449278697371482849e-02 2.507904730737209320e-02 3.544937819242477417e-02 5.319737792015075684e-01 9.166623465716838837e-03 4.010541364550590515e-02 1.428206358104944229e-02 1.474117487668991089e-02 4.078310355544090271e-02 1.500756386667490005e-02 2.582827396690845490e-02 1.337107736617326736e-02 7.908488810062408447e-02 1.666957326233386993e-02 3.869079425930976868e-02 4.137101024389266968e-02 1.477553416043519974e-02 5.197691544890403748e-02 2.142055705189704895e-02 1.114766206592321396e-02 5.164635833352804184e-03 2.958380803465843201e-02 1.089815795421600342e-02 7.015514187514781952e-03 2.324888110160827637e-02 1.940952788572758436e-04 5.224192142486572266e-02 3.838139399886131287e-02 3.241523727774620056e-02 7.079840637743473053e-03 3.495234996080398560e-02 3.172361478209495544e-02 4.841587319970130920e-02 6.054332334315404296e-05 9.513926692306995392e-03 1.236628368496894836e-02 1.922396570444107056e-02 2.385990135371685028e-02 6.409125868231058121e-03 3.420641273260116577e-02 1.009431295096874237e-02 3.044518083333969116e-02 3.425194323062896729e-02 5.283989012241363525e-02 2.489328570663928986e-02 1.553534180857241154e-03 4.377488419413566589e-02 2.338737621903419495e-02 2.117864787578582764e-02 8.030755817890167236e-02 2.598627097904682159e-02 3.668142855167388916e-02 3.054327098652720451e-03 4.268414527177810669e-02 4.114495590329170227e-02 5.840661376714706421e-02 4.661315120756626129e-03 4.234525188803672791e-02 4.175870493054389954e-02 3.640921041369438171e-02 5.265513062477111816e-02 4.521503672003746033e-02 5.422966089099645615e-03 4.910914599895477295e-02 2.792757190763950348e-02 1.625832356512546539e-02 3.207532688975334167e-02 2.848235890269279480e-02 1.324378885328769684e-02 2.024523215368390083e-03 3.113070130348205566e-02 1.034850627183914185e-01 4.351583868265151978e-02 4.212991148233413696e-02 1.222012750804424286e-02 4.506571963429450989e-02 9.594764560461044312e-03 4.818627983331680298e-02 2.163004130125045776e-02 1.206384785473346710e-02 1.044108718633651733e-02 2.727571316063404083e-02 3.320811316370964050e-02 4.641271382570266724e-02 2.860002033412456512e-02 2.013955637812614441e-02 4.694348573684692383e-02 1.932727359235286713e-02 5.065659526735544205e-03 3.630546852946281433e-02 6.860064459033310413e-04 5.409471690654754639e-02 1.381708495318889618e-02 2.318879961967468262e-02 4.586878791451454163e-02 8.370138704776763916e-03 6.299889180809259415e-03 3.215055540204048157e-02 3.121266886591911316e-02 4.913986101746559143e-02 3.677743673324584961e-02 2.691272820811718702e-04 2.746893465518951416e-02 5.162659101188182831e-03 1.020332612097263336e-02 4.246276989579200745e-02 2.830347802955657244e-04 5.128066614270210266e-02 4.715853929519653320e-02 3.363184630870819092e-02 6.076221354305744171e-03
4.520884156227111816e-02 3.827635943889617920e-02 9.725345298647880554e-04 2.930677146650850773e-04 4.697638377547264099e-02 1.761945523321628571e-02 1.124560250900685787e-03 1.227605808526277542e-02 9.166623465716838837e-03 5.229621529579162598e-01 1.675809733569622040e-02 4.037925228476524353e-02 3.153887763619422913e-02 2.152574062347412109e-02 1.836094819009304047e-02 6.385353393852710724e-03 3.150538727641105652e-02 1.453456841409206390e-02 1.280414462089538574e-01 6.306746508926153183e-03 3.101325221359729767e-02 1.002494525164365768e-02 3.492969274520874023e-02 1.817912980914115906e-02 4.978679865598678589e-02 2.761815674602985382e-03 1.825142651796340942e-02 4.828924138564616442e-04 3.530396893620491028e-02 2.871514111757278442e-02 4.955363273620605469e-02 3.706604242324829102e-02 2.710092999041080475e-02 5.743475165218114853e-03 3.353624790906906128e-02 6.322451680898666382e-02 6.532519310712814331e-02 5.583931691944599152e-03 4.200936481356620789e-02 3.645043447613716125e-02 1.919196732342243195e-02 4.180913791060447693e-02 1.149604376405477524e-02 5.065073072910308838e-02 4.611752182245254517e-02 3.040839917957782745e-02 9.091122075915336609e-03 5.787013564258813858e-03 1.181594189256429672e-02 9.976670891046524048e-02 2.064828947186470032e-02 3.771209716796875000e-02 1.501002535223960876e-02 4.428335465490818024e-03 4.309373721480369568e-02 4.200433194637298584e-02 4.296397045254707336e-02 3.846045210957527161e-02 6.730446219444274902e-02 2.382878959178924561e-02 5.932593345642089844e-02 5.732537433505058289e-02 3.510502865538001060e-03 1.763506419956684113e-02 2.925804257392883301e-02 3.782069310545921326e-02 9.596487507224082947e-03 1.763915456831455231e-02 3.843010927084833384e-04 3.112797439098358154e-02 7.936154305934906006e-02 4.008979722857475281e-02 7.042657583951950073e-03 5.291661992669105530e-02 1.105623086914420128e-03 4.967605322599411011e-02 3.545645996928215027e-02 8.988086134195327759e-02 2.472975663840770721e-02 2.230969071388244629e-02 1.348333433270454407e-02 4.524730145931243896e-02 3.603447973728179932e-02 7.401990890502929688e-02 1.915684156119823456e-02 5.187511816620826721e-02 2.568597206845879555e-03 3.766018524765968323e-02 1.931897737085819244e-02 5.897672101855278015e-02 1.936698518693447113e-02 2.403641864657402039e-02 6.745312130078673363e-04 4.528549686074256897e-02 9.734356775879859924e-03 3.454957529902458191e-02 6.112947314977645874e-02 2.659552171826362610e-02 3.400341421365737915e-02 4.700533673167228699e-02 5.044435337185859680e-02 1.276675797998905182e-02 1.706311106681823730e-02 1.127865258604288101e-02 3.271467238664627075e-02 2.077971212565898895e-02 4.727479536086320877e-03 4.487897083163261414e-02 3.909359872341156006e-02 6.525785662233829498e-03 2.425396814942359924e-02 2.760777436196804047e-02 3.713119775056838989e-02 3.712345845997333527e-03 3.480454534292221069e-02 5.221589654684066772e-02
1.211253330111503601e-01 9.434164315462112427e-02 2.859707176685333252e-02 1.422768365591764450e-02 3.621656075119972229e-02 9.646826237440109253e-02 7.104620337486267090e-02 4.439316689968109131e-02 4.010541364550590515e-02 1.675809733569622040e-02 5.255287289619445801e-01 8.628359064459800720e-03 1.373993754386901855e-01 2.882345113903284073e-03 6.384681910276412964e-02 3.555798530578613281e-02 1.486152596771717072e-02 1.465489249676465988e-02 3.340618684887886047e-02 1.396414171904325485e-02 1.708658225834369659e-02 4.925134032964706421e-02 2.637647837400436401e-02 4.798280447721481323e-02 2.724995277822017670e-02 2.042067795991897583e-02 3.066466003656387329e-02 4.688569344580173492e-03 1.263757795095443726e-02 2.187523618340492249e-02 2.226333320140838623e-02 4.937965795397758484e-02 4.205526039004325867e-02 1.949489815160632133e-03 1.422840170562267303e-02 3.107699006795883179e-02 1.567881368100643158e-02 7.270366884768009186e-03 4.242371395230293274e-02 4.237636178731918335e-02 7.311171386390924454e-03 8.014321327209472656e-03 4.749932885169982910e-02 7.207761052995920181e-03 3.966258838772773743e-03 1.037927251309156418e-02 1.109986230731010437e-01 7.087235152721405029e-02 2.828192897140979767e-02 2.790150605142116547e-02 3.548237308859825134e-02 5.590520333498716354e-03 4.418701864778995514e-03 1.114249881356954575e-02 1.203956454992294312e-02 6.873477250337600708e-04 1.102075446397066116e-02 1.157104689627885818e-02 5.096034612506628036e-03 9.544109925627708435e-03 3.795031458139419556e-02 7.418681401759386063e-03 5.937817972153425217e-03 3.904777346178889275e-03 3.516165912151336670e-02 4.925050958991050720e-02 5.510568618774414062e-02 2.007984928786754608e-02 3.779887780547142029e-02 5.628618411719799042e-03 3.665900602936744690e-02 1.239512953907251358e-02 1.937048509716987610e-02 1.803495921194553375e-02 2.668972499668598175e-02 2.395685575902462006e-02 2.298423461616039276e-02 3.077300824224948883e-02 7.112752646207809448e-02 8.579649031162261963e-03 1.909705810248851776e-02 1.253807265311479568e-02 2.024603635072708130e-02 3.145463764667510986e-02 4.191696643829345703e-02 4.918739199638366699e-02 1.147799193859100342e-02 2.357227541506290436e-02 3.357530757784843445e-02 4.971336107701063156e-03 4.685103520750999451e-02 3.597172349691390991e-02 3.268639743328094482e-02 2.812943980097770691e-02 5.006719008088111877e-02 4.586137458682060242e-02 7.609940599650144577e-03 4.339657351374626160e-02 2.981004491448402405e-02 1.303387619554996490e-02 1.076175924390554428e-02 3.636379539966583252e-02 4.242858290672302246e-02 2.344021387398242950e-02 3.256576880812644958e-02 2.881522476673126221e-02 3.203171119093894958e-02 4.520549625158309937e-02 1.847189106047153473e-02 7.607005070894956589e-03 2.674028463661670685e-02 4.688568785786628723e-02 5.207107588648796082e-02 2.205483242869377136e-02 5.337838083505630493e-03 3.570907935500144958e-02
2.640452794730663300e-02 3.307083249092102051e-02 2.353218570351600647e-02 3.716564178466796875e-02 6.980023812502622604e-03 8.216061629354953766e-03 5.811264738440513611e-02 4.137324169278144836e-02 1.428206358104944229e-02 4.037925228476524353e-02 8.628359064459800720e-03 5.037953853607177734e-01 5.891836248338222504e-03 1.140468567609786987e-01 4.355319589376449585e-02 3.878306131809949875e-03 2.386138029396533966e-02 1.241667941212654114e-02 3.866118146106600761e-03 9.278750047087669373e-03 1.825936883687973022e-02 4.033862799406051636e-02 5.014757066965103149e-02 1.892497763037681580e-02 7.329449988901615143e-03 2.363187447190284729e-02 1.568875508382916451e-03 6.318958103656768799e-02 4.925321042537689209e-02 3.850335255265235901e-02 3.337617218494415283e-02 4.743134602904319763e-02 4.757666215300559998e-02 9.107435122132301331e-03 2.442328818142414093e-02 5.201435461640357971e-02 1.773909665644168854e-02 3.785079717636108398e-02 1.632862538099288940e-02 2.767907641828060150e-02 4.317599534988403320e-02 3.247199207544326782e-02 1.146655902266502380e-02 3.197462484240531921e-02 1.727665215730667114e-02 4.333950206637382507e-02 4.526253324002027512e-03 2.877921797335147858e-02 2.682589739561080933e-02 1.976084522902965546e-02 9.585254639387130737e-02 6.547953188419342041e-02 4.029402509331703186e-02 4.420559108257293701e-02 2.014674246311187744e-02 3.404577821493148804e-02 2.870880253612995148e-02 4.539449140429496765e-02 3.078797087073326111e-02 3.061191923916339874e-02 4.511792585253715515e-02 1.061071176081895828e-02 1.860835216939449310e-02 4.575767740607261658e-02 2.772874757647514343e-02 2.315536327660083771e-02 3.170255199074745178e-02 2.035195566713809967e-02 2.424709498882293701e-02 4.042759910225868225e-02 2.240797318518161774e-02 7.955513894557952881e-03 3.521451726555824280e-02 1.869925484061241150e-02 2.238069474697113037e-02 1.644644327461719513e-02 4.868363216519355774e-02 3.098817728459835052e-02 4.697814956307411194e-02 1.036721393465995789e-01 1.335599087178707123e-02 3.765340149402618408e-02 3.917396441102027893e-02 1.830230094492435455e-02 2.377043943852186203e-03 3.551766276359558105e-02 1.259953365661203861e-03 4.552892223000526428e-02 8.542752824723720551e-03 2.836639247834682465e-02 4.566412884742021561e-03 5.990796163678169250e-02 4.535766318440437317e-02 6.449135392904281616e-02 2.526213601231575012e-02 4.675186797976493835e-02 2.438968978822231293e-03 2.546123787760734558e-02 1.179154124110937119e-02 3.764691576361656189e-02 5.099622532725334167e-02 2.669763937592506409e-02 4.947623983025550842e-02 3.513984009623527527e-02 4.100954532623291016e-02 2.647412568330764771e-02 3.434909973293542862e-03 1.761207915842533112e-02 8.668281137943267822e-03 4.712991788983345032e-02 3.732412122189998627e-03 4.395761340856552124e-02 3.398864064365625381e-03 1.689312979578971863e-02 3.342310711741447449e-02 4.258001595735549927e-02
9.743496030569076538e-02 1.093130707740783691e-01 5.008370801806449890e-02 3.012455068528652191e-02 2.645606920123100281e-02 1.138077527284622192e-01 8.755095303058624268e-02 5.891856551170349121e-02 1.474117487668991089e-02 3.153887763619422913e-02 1.373993754386901855e-01 5.891836248338222504e-03 5.320910811424255371e-01 1.374708022922277451e-02 5.671471357345581055e-02 4.579061269760131836e-02 9.406595490872859955e-03 4.300105199217796326e-02 2.777257934212684631e-02 1.379056600853800774e-03 9.137216955423355103e-03 4.045762494206428528e-02 9.730142541229724884e-03 3.958858922123908997e-02 1.351227797567844391e-02 3.149828687310218811e-02 6.023357808589935303e-02 2.516899025067687035e-03 1.662168838083744049e-02 5.548959597945213318e-03 1.041311118751764297e-02 3.440006077289581299e-02 2.095452696084976196e-02 2.678389474749565125e-02 1.996020227670669556e-02 3.440834209322929382e-02 9.321526624262332916e-03 3.697983175516128540e-02 4.126095771789550781e-02 2.997940778732299805e-02 7.071932777762413025e-03 3.037882968783378601e-02 2.291946858167648315e-02 1.203381340019404888e-03 1.334448810666799545e-02 3.568085655570030212e-02 1.029508784413337708e-01 7.384966313838958740e-02 1.394537277519702911e-02 3.419358655810356140e-02 1.140710664913058281e-03 2.133939974009990692e-02 6.872578058391809464e-03 4.278271924704313278e-03 2.470389008522033691e-02 4.018852114677429199e-02 1.091836020350456238e-02 5.283562932163476944e-03 1.196536514908075333e-02 6.912400713190436363e-04 6.749470252543687820e-03 2.951585501432418823e-02 5.637284368276596069e-03 1.498902449384331703e-03 2.964030578732490540e-02 5.479974299669265747e-02 3.112642280757427216e-02 1.679812930524349213e-02 4.236051067709922791e-02 2.309084683656692505e-02 1.504781376570463181e-02 3.780818777158856392e-03 1.198495458811521530e-02 3.297242149710655212e-02 3.068373538553714752e-02 2.588281035423278809e-02 4.926853813230991364e-03 2.129524759948253632e-02 6.148430518805980682e-03 6.813899613916873932e-03 4.982024803757667542e-02 1.233196468092501163e-03 3.375580161809921265e-02 2.427258715033531189e-02 2.102855034172534943e-02 2.960870414972305298e-02 6.473502144217491150e-03 1.836585626006126404e-02 1.811882667243480682e-02 2.698487974703311920e-02 3.398116305470466614e-02 3.584991395473480225e-02 1.555880717933177948e-02 4.016959294676780701e-02 3.878454118967056274e-02 2.983436360955238342e-02 2.970260754227638245e-02 5.329613015055656433e-02 2.634421736001968384e-02 1.119933184236288071e-02 4.914790391921997070e-03 2.883495762944221497e-03 5.229653790593147278e-02 2.751034498214721680e-02 4.218742996454238892e-02 4.382541030645370483e-02 4.469216335564851761e-03 4.010328277945518494e-02 1.546264626085758209e-02 1.650240644812583923e-02 2.309310948476195335e-03 1.213719509541988373e-02 2.210795134305953979e-02 2.914690971374511719e-02 2.078204415738582611e-02 2.767351455986499786e-02
