5.023308396339416504e-01 1.710917651653289795e-01 3.652562201023101807e-02 6.075453478842973709e-03 2.853558864444494247e-03 1.105744764208793640e-01 7.816392928361892700e-02 3.621468693017959595e-02 3.796165063977241516e-02 1.380432210862636566e-02 8.301876485347747803e-02 9.521578322164714336e-04 7.188989222049713135e-02 8.001779206097126007e-03 3.048759326338768005e-02 4.509579017758369446e-02 2.168816700577735901e-02 1.669558137655258179e-02 2.637649141252040863e-02 2.792146988213062286e-02 4.254374653100967407e-02 1.751720719039440155e-02 8.655983023345470428e-03 2.279227972030639648e-02 6.355329602956771851e-02 4.475994780659675598e-02 2.995114028453826904e-02 3.661210089921951294e-02 2.869977056980133057e-02 4.203853011131286621e-02 1.952625438570976257e-02 3.484874963760375977e-02 2.068221569061279297e-02 2.996398694813251495e-02 4.649718105792999268e-02 1.116581633687019348e-02 1.622707583010196686e-02 2.075419202446937561e-02 4.467902705073356628e-02 3.770498931407928467e-02 5.463044159114360809e-03 3.976699337363243103e-02 2.629964426159858704e-02 2.640639245510101318e-02 9.959583170711994171e-03 3.304656594991683960e-02 8.800082653760910034e-02 3.062950633466243744e-02 4.608076065778732300e-02 1.322795636951923370e-03 2.500434592366218567e-02 3.196448832750320435e-02 7.477649953216314316e-03 3.301871940493583679e-02 6.162619218230247498e-03 2.922295406460762024e-02 3.407176211476325989e-02 1.343959663063287735e-02 2.395685948431491852e-02 3.799477592110633850e-02 5.008982494473457336e-02 4.154624789953231812e-02 3.742769733071327209e-02 1.765256747603416443e-02 2.017525024712085724e-02 4.570847377181053162e-02 4.089106246829032898e-02 3.910412266850471497e-02 6.205673329532146454e-03 1.668631844222545624e-02 1.668438874185085297e-02 1.317931455560028553e-03 4.817777127027511597e-02 4.479941353201866150e-02 3.827738389372825623e-02 1.786947622895240784e-02 4.822754487395286560e-02 1.541443914175033569e-02 2.304518409073352814e-02 8.299457840621471405e-03 1.375251542776823044e-02 2.943852171301841736e-02 3.511621430516242981e-02 3.480060258880257607e-04 3.989035636186599731e-02 9.676813147962093353e-03 4.656518250703811646e-02 3.271516785025596619e-02 6.329206371447071433e-06 3.350291028618812561e-02 3.428265452384948730e-02 1.543780695647001266e-02 1.412259414792060852e-02 1.135580148547887802e-02 4.527554288506507874e-02 3.068525157868862152e-02 4.552013054490089417e-02 3.544993326067924500e-02 5.654674489051103592e-03 1.977871730923652649e-02 2.006132155656814575e-03 1.057221367955207825e-02 1.665336079895496368e-02 1.634118705987930298e-02 1.726919598877429962e-02 3.026862069964408875e-02 2.654346451163291931e-02 5.562589503824710846e-03 1.019415818154811859e-02 3.485893830657005310e-02 2.980732172727584839e-02 1.675089821219444275e-02 1.391134504228830338e-02 2.219452522695064545e-02 1.448067929595708847e-02 1.254167966544628143e-02
1.710917651653289795e-01 5.038081407546997070e-01 3.931087255477905273e-02 2.135445177555084229e-02 1.760474406182765961e-02 1.347857415676116943e-01 1.204621791839599609e-01 4.818300530314445496e-02 2.612646296620368958e-02 2.837000228464603424e-02 8.251943439245223999e-02 1.442497689276933670e-02 7.770722359418869019e-02 3.142957761883735657e-02 1.574870944023132324e-02 1.323959883302450180e-02 1.791710220277309418e-02 1.546902395784854889e-02 3.731859475374221802e-02 2.156624011695384979e-02 2.522831782698631287e-02 2.530026622116565704e-02 5.221822764724493027e-03 1.136956736445426941e-02 6.275774538516998291e-02 5.198829993605613708e-02 4.201088845729827881e-02 3.299901634454727173e-02 3.899258375167846680e-02 2.882817201316356659e-02 3.242624923586845398e-02 1.381761394441127777e-02 4.070360213518142700e-02 6.764256395399570465e-03 5.614834651350975037e-02 2.918714657425880432e-02 2.214826457202434540e-02 2.655701339244842529e-02 4.436210542917251587e-02 1.077102776616811752e-02 3.143481910228729248e-02 4.226654395461082458e-02 2.401233464479446411e-02 5.845148116350173950e-03 1.906108669936656952e-02 4.208091273903846741e-02 9.906925261020660400e-02 4.459978640079498291e-02 4.126862436532974243e-02 1.458523329347372055e-02 1.650609262287616730e-02 4.361209273338317871e-02 1.267527788877487183e-02 1.015233527868986130e-02 1.335447747260332108e-02 3.807172179222106934e-02 2.716378308832645416e-02 5.077731236815452576e-02 2.773139066994190216e-02 3.531544283032417297e-02 4.048530757427215576e-02 4.889225587248802185e-02 1.450785086490213871e-03 4.917575279250741005e-05 4.435114096850156784e-03 3.295289352536201477e-02 5.345337465405464172e-02 2.023282460868358612e-02 2.776187611743807793e-04 4.383886232972145081e-02 3.682439215481281281e-03 2.701759710907936096e-02 2.397956885397434235e-02 1.122614834457635880e-02 7.062754011712968349e-04 4.963616654276847839e-02 4.694351926445960999e-02 3.393374010920524597e-02 3.161796182394027710e-02 1.944383233785629272e-02 3.115824237465858459e-02 4.287196323275566101e-02 6.918474100530147552e-03 8.821629919111728668e-03 1.372005883604288101e-02 2.008014731109142303e-02 4.518452566117048264e-03 2.810699678957462311e-02 2.146576344966888428e-02 6.245926488190889359e-04 2.188545651733875275e-02 1.882483623921871185e-02 1.015043933875858784e-03 4.201825335621833801e-02 1.319865602999925613e-02 2.080010995268821716e-02 5.331923253834247589e-03 2.123244851827621460e-02 1.737076230347156525e-02 4.220658447593450546e-03 2.474338933825492859e-02 3.294877940788865089e-03 4.381167888641357422e-02 4.444383084774017334e-02 1.689948700368404388e-02 1.594106107950210571e-02 2.495132945477962494e-02 1.219569426029920578e-02 4.476390022318810225e-04 2.179776318371295929e-02 3.159509226679801941e-02 4.375679418444633484e-02 2.196729928255081177e-02 3.565303236246109009e-02 2.133172564208507538e-02 4.631169140338897705e-03
3.652562201023101807e-02 3.931087255477905273e-02 4.882040023803710938e-01 1.976686902344226837e-02 3.730352967977523804e-03 9.165852330625057220e-03 1.727661234326660633e-03 1.074568331241607666e-01 2.008961886167526245e-02 2.308955229818820953e-02 3.891473636031150818e-02 5.812383256852626801e-03 2.109862491488456726e-02 2.923157298937439919e-03 3.242370672523975372e-03 4.277154221199452877e-04 2.094788104295730591e-02 3.041438944637775421e-02 3.822391154244542122e-03 3.512421250343322754e-02 3.239950910210609436e-02 5.545590072870254517e-02 5.279356241226196289e-02 5.380421504378318787e-02 3.118829056620597839e-02 2.424278482794761658e-02 4.460434243083000183e-02 1.724310219287872314e-02 2.204011753201484680e-02 3.538882127031683922e-03 2.121300250291824341e-02 1.436341647058725357e-02 1.948699168860912323e-02 2.777973562479019165e-02 1.765100285410881042e-02 2.452114224433898926e-02 9.327284991741180420e-03 1.160367950797080994e-02 1.342926546931266785e-02 3.551673144102096558e-02 2.304250374436378479e-02 4.059755709022283554e-03 2.639672346413135529e-02 5.118411965668201447e-03 3.797726705670356750e-02 4.064619541168212891e-02 9.601621888577938080e-03 1.446921098977327347e-02 3.400810807943344116e-02 1.520507875829935074e-02 1.959894038736820221e-02 4.021751880645751953e-02 2.758830599486827850e-02 1.513786707073450089e-02 1.213233079761266708e-02 2.497586794197559357e-02 1.467399764806032181e-02 4.880121443420648575e-03 1.501478487625718117e-03 9.557650424540042877e-03 7.735115010291337967e-03 2.601141296327114105e-02 3.561073541641235352e-02 3.915825486183166504e-02 3.162893280386924744e-02 3.035236895084381104e-02 1.860862225294113159e-02 3.979818150401115417e-02 9.229931049048900604e-03 1.330871134996414185e-02 6.448355969041585922e-03 1.755741052329540253e-02 1.328092254698276520e-02 2.564101945608854294e-03 5.075360462069511414e-02 2.019656822085380554e-02 2.487492933869361877e-02 2.224589884281158447e-02 2.251004241406917572e-02 1.012607663869857788e-02 1.295089423656463623e-01 7.033186405897140503e-02 4.210908338427543640e-02 1.836079172790050507e-02 4.947201907634735107e-02 4.409879818558692932e-02 5.659957602620124817e-02 5.772217735648155212e-02 2.762601338326931000e-02 6.899049039930105209e-03 4.252729192376136780e-02 2.330072782933712006e-02 4.304777085781097412e-02 4.455965384840965271e-02 1.558450050652027130e-02 3.884504316374659538e-03 2.723113447427749634e-02 6.349365226924419403e-03 1.718126796185970306e-02 1.786152087152004242e-02 1.509151700884103775e-02 1.001104060560464859e-02 6.736620562151074409e-04 1.237434614449739456e-02 1.806314103305339813e-02 1.320069655776023865e-02 1.642017066478729248e-02 2.983411774039268494e-03 1.442844979465007782e-03 5.574511829763650894e-03 3.020910546183586121e-02 1.860087923705577850e-02 1.427228655666112900e-02 3.140289336442947388e-02 1.492474228143692017e-02 1.969629339873790741e-02
6.075453478842973709e-03 2.135445177555084229e-02 1.976686902344226837e-02 5.033134222030639648e-01 2.920660972595214844e-01 2.087061293423175812e-02 1.199888996779918671e-02 1.080188713967800140e-02 1.100947242230176926e-02 4.500330612063407898e-02 1.522608473896980286e-02 2.119956910610198975e-02 1.853264309465885162e-02 2.520026080310344696e-02 2.994847297668457031e-02 1.977369189262390137e-02 5.165613722056150436e-03 4.391192272305488586e-02 2.841375581920146942e-02 2.228113450109958649e-02 7.008889690041542053e-03 3.383238986134529114e-02 3.655286133289337158e-02 4.963882267475128174e-02 1.623945310711860657e-02 1.579149067401885986e-02 1.913129352033138275e-02 4.660761356353759766e-02 2.056451141834259033e-02 3.596062585711479187e-02 2.432096749544143677e-02 3.852636367082595825e-02 2.172531792894005775e-03 3.067534416913986206e-02 1.237551588565111160e-02 1.431048382073640823e-02 2.154725661966949701e-04 3.998081758618354797e-02 1.977835297584533691e-01 5.674896389245986938e-02 3.848545998334884644e-02 2.277539856731891632e-02 3.564355522394180298e-02 3.689480945467948914e-02 3.624048456549644470e-02 2.549839578568935394e-02 8.955678902566432953e-03 3.732476616278290749e-03 2.019143477082252502e-02 8.472073823213577271e-03 3.627516701817512512e-02 1.023600809276103973e-02 2.284286357462406158e-02 2.963389828801155090e-02 4.885507747530937195e-02 2.527435496449470520e-02 2.956747077405452728e-02 3.193954378366470337e-02 3.141335770487785339e-02 1.601923070847988129e-02 1.383443921804428101e-01 3.113206662237644196e-02 2.102608419954776764e-02 8.878920227289199829e-03 3.686090931296348572e-02 2.307103574275970459e-02 3.946447744965553284e-02 4.078703373670578003e-02 4.068590700626373291e-02 3.647004812955856323e-02 4.723870754241943359e-02 3.100219881162047386e-03 2.354482114315032959e-01 2.693083509802818298e-02 8.854801952838897705e-02 2.233967417851090431e-03 2.324245125055313110e-02 9.164821356534957886e-03 2.094851993024349213e-02 3.678249940276145935e-02 3.446584939956665039e-02 1.405951194465160370e-02 8.228700608015060425e-02 7.947618514299392700e-02 3.997826576232910156e-02 2.796473540365695953e-02 3.709810227155685425e-02 2.128804102540016174e-02 1.661204546689987183e-02 8.825053274631500244e-02 6.326494272798299789e-03 3.267302364110946655e-02 2.664853585883975029e-03 3.555279970169067383e-02 8.846119791269302368e-02 1.789534091949462891e-02 1.699537970125675201e-02 1.365977432578802109e-02 1.568951085209846497e-02 3.610020503401756287e-02 3.486125171184539795e-02 2.657093480229377747e-02 3.025768324732780457e-03 2.519261650741100311e-02 2.689337916672229767e-02 1.287275087088346481e-02 4.291154444217681885e-02 1.152936276048421860e-02 3.111466020345687866e-02 3.107239305973052979e-02 3.932700678706169128e-02 9.202588349580764771e-03 3.701237216591835022e-02 3.522641211748123169e-02 1.660977676510810852e-02 5.683753173798322678e-03
2.853558864444494247e-03 1.760474406182765961e-02 3.730352967977523804e-03 2.920660972595214844e-01 4.883565306663513184e-01 1.565539091825485229e-02 8.689904585480690002e-03 3.239945694804191589e-02 2.089322311803698540e-03 3.921207413077354431e-02 3.133294358849525452e-02 1.917528361082077026e-02 3.304277732968330383e-02 3.484245762228965759e-02 1.408978248946368694e-03 3.470536321401596069e-02 1.443303469568490982e-02 7.886148989200592041e-03 3.725866787135601044e-03 4.753268323838710785e-03 3.290396183729171753e-02 1.146421115845441818e-02 4.431799426674842834e-02 4.977078735828399658e-02 2.720737643539905548e-02 3.560520336031913757e-02 1.675786566920578480e-03 5.244819819927215576e-02 4.536778479814529419e-02 7.900386303663253784e-02 3.274038806557655334e-02 1.785899139940738678e-02 1.866713352501392365e-02 4.415264818817377090e-03 4.539967328310012817e-02 1.683438755571842194e-02 2.372532384470105171e-03 2.472096122801303864e-02 1.215340122580528259e-01 7.926233857870101929e-02 4.549437202513217926e-03 2.223490364849567413e-02 4.605767782777547836e-03 1.813473924994468689e-02 2.380860224366188049e-02 8.691227063536643982e-03 2.094909362494945526e-02 3.472776710987091064e-02 3.883268684148788452e-02 2.982419356703758240e-02 2.539265342056751251e-02 5.641964450478553772e-02 3.490712493658065796e-02 4.809313919395208359e-03 1.054057385772466660e-02 4.482886940240859985e-02 2.442926168441772461e-03 3.113265335559844971e-02 3.890474513173103333e-02 2.177521213889122009e-02 6.765373796224594116e-02 9.406026452779769897e-03 3.354964405298233032e-02 1.101748086512088776e-02 3.476422047242522240e-03 4.414119943976402283e-02 1.517135999165475368e-03 8.439996279776096344e-03 3.823373466730117798e-02 3.906602039933204651e-02 4.126890376210212708e-02 2.236310578882694244e-02 1.433431655168533325e-01 3.133942931890487671e-02 1.265984177589416504e-01 3.033794462680816650e-02 4.319105669856071472e-02 4.502493888139724731e-02 2.588410675525665283e-02 1.912531629204750061e-02 6.238764617592096329e-03 4.687162581831216812e-03 4.570297896862030029e-02 1.085584461688995361e-01 6.873637903481721878e-03 4.257202520966529846e-02 2.517231367528438568e-02 1.485190819948911667e-02 4.530023783445358276e-02 8.568674325942993164e-02 4.172082245349884033e-02 2.145425975322723389e-02 3.350205346941947937e-02 1.403900608420372009e-02 4.295023530721664429e-02 2.967735985293984413e-03 1.999903656542301178e-02 2.660008892416954041e-02 6.421355996280908585e-03 1.111623644828796387e-02 4.122926294803619385e-02 2.791367098689079285e-02 3.134235739707946777e-02 2.758152410387992859e-02 3.349997475743293762e-02 6.683836691081523895e-03 1.589887402951717377e-02 3.954067826271057129e-02 8.687773719429969788e-03 4.521182927419431508e-05 2.214552648365497589e-02 8.352558128535747528e-03 1.285968627780675888e-02 4.057273268699645996e-02 3.168189898133277893e-02 2.835736051201820374e-02
1.105744764208793640e-01 1.347857415676116943e-01 9.165852330625057220e-03 2.087061293423175812e-02 1.565539091825485229e-02 4.980869293212890625e-01 1.424719244241714478e-01 1.534464303404092789e-02 3.868720261380076408e-03 7.927037775516510010e-03 2.560201287269592285e-02 5.186132341623306274e-02 2.449773810803890228e-02 5.784305930137634277e-02 2.197663672268390656e-02 1.153925992548465729e-02 1.068335212767124176e-02 2.629178389906883240e-02 2.833112666849046946e-04 2.002609148621559143e-02 2.789409831166267395e-02 2.123371511697769165e-02 1.211987342685461044e-02 5.243556224741041660e-04 4.392277449369430542e-02 3.866915777325630188e-02 1.533453725278377533e-02 1.368422340601682663e-02 4.584684595465660095e-02 5.334785208106040955e-03 5.589839816093444824e-02 2.166790142655372620e-02 1.250761188566684723e-02 1.071671210229396820e-02 3.223327919840812683e-02 3.846864029765129089e-02 2.017869614064693451e-02 1.302269101142883301e-02 6.730123888701200485e-03 2.328549511730670929e-02 3.876454383134841919e-02 4.710257425904273987e-02 1.949357427656650543e-02 1.129393931478261948e-02 1.516354363411664963e-02 3.956330940127372742e-02 1.263207197189331055e-01 4.844590649008750916e-02 1.423274166882038116e-03 5.198147520422935486e-02 6.631181109696626663e-03 2.419436583295464516e-03 2.642709389328956604e-02 4.501762241125106812e-02 4.359079897403717041e-02 1.386344712227582932e-02 7.413407787680625916e-03 3.298654919490218163e-03 3.638210520148277283e-02 3.229443356394767761e-02 1.590435765683650970e-02 1.746930927038192749e-02 7.168039679527282715e-03 2.866677567362785339e-02 1.265089306980371475e-02 4.867887496948242188e-02 1.627432741224765778e-02 2.958935685455799103e-02 3.802736848592758179e-02 1.075990498065948486e-02 2.311479672789573669e-02 4.595858603715896606e-02 4.845987632870674133e-02 1.124128792434930801e-02 4.622600972652435303e-02 2.278710342943668365e-02 4.445097222924232483e-02 1.297638379037380219e-02 2.253887243568897247e-02 2.128017367795109749e-03 1.114667276851832867e-03 1.676914980635046959e-03 7.053773384541273117e-03 8.471217937767505646e-03 2.645366452634334564e-02 1.277434732764959335e-02 2.292980253696441650e-02 1.775551401078701019e-02 1.266263704746961594e-02 2.671966515481472015e-02 2.281484194099903107e-02 4.340991750359535217e-02 1.497544255107641220e-02 2.716080844402313232e-02 3.603937476873397827e-02 3.417950123548507690e-02 2.174455672502517700e-02 4.008849617093801498e-03 2.443680912256240845e-02 2.948254346847534180e-02 2.744645252823829651e-02 2.689725719392299652e-02 1.358808949589729309e-02 1.996711269021034241e-02 5.476188659667968750e-02 3.429567208513617516e-03 5.907786078751087189e-03 7.980126887559890747e-03 2.307600155472755432e-02 7.182884030044078827e-03 3.987872973084449768e-03 1.680867560207843781e-02 1.374339591711759567e-02 4.399838298559188843e-02 2.967474423348903656e-02 5.097987130284309387e-03
7.816392928361892700e-02 1.204621791839599609e-01 1.727661234326660633e-03 1.199888996779918671e-02 8.689904585480690002e-03 1.424719244241714478e-01 5.019751191139221191e-01 6.691225338727235794e-03 3.137245401740074158e-02 2.080414257943630219e-02 3.513199463486671448e-02 1.513374503701925278e-02 4.924408718943595886e-02 4.449547454714775085e-02 3.470991179347038269e-02 2.240471914410591125e-02 4.005865007638931274e-02 2.813883684575557709e-02 2.004603669047355652e-02 1.522042974829673767e-02 2.617165073752403259e-02 2.272246964275836945e-02 1.100467424839735031e-02 1.617012429051101208e-03 3.068371117115020752e-02 3.047714009881019592e-02 3.499906137585639954e-02 2.405859529972076416e-02 3.302166983485221863e-02 3.826535493135452271e-02 3.210588544607162476e-02 1.797868497669696808e-02 5.902223289012908936e-03 1.954948902130126953e-02 3.513059392571449280e-02 3.678039833903312683e-02 7.349041406996548176e-04 4.721179138869047165e-03 1.078155450522899628e-02 3.878190740942955017e-02 4.514969512820243835e-02 2.135999873280525208e-02 2.871920540928840637e-02 4.496479406952857971e-03 3.761884523555636406e-03 2.639926038682460785e-02 1.375268846750259399e-01 9.714581072330474854e-02 3.651887550950050354e-02 1.145299430936574936e-02 5.025300383567810059e-02 4.692014679312705994e-02 2.928323671221733093e-02 4.450011625885963440e-02 2.176554501056671143e-02 3.137799352407455444e-02 7.611464709043502808e-03 1.901991479098796844e-02 2.330018021166324615e-02 4.518169537186622620e-02 1.782292872667312622e-02 2.837044000625610352e-02 1.196536421775817871e-02 1.247162115760147572e-03 4.617271944880485535e-02 4.180464148521423340e-02 3.644643723964691162e-02 4.345020651817321777e-02 3.021181933581829071e-02 3.593177720904350281e-02 2.777599357068538666e-02 5.592311173677444458e-02 2.240808494389057159e-02 1.182501856237649918e-02 5.848065949976444244e-03 4.708936810493469238e-02 1.806689240038394928e-02 7.374314009211957455e-04 5.724523216485977173e-02 2.884094789624214172e-02 1.713000610470771790e-02 6.412984337657690048e-03 2.800235897302627563e-02 1.249704323709011078e-02 2.431721985340118408e-02 2.827555686235427856e-02 4.484995827078819275e-02 1.135414559394121170e-02 2.628493681550025940e-02 1.122214086353778839e-02 3.226355463266372681e-02 5.666013807058334351e-02 2.476462163031101227e-02 4.049884155392646790e-02 3.498392924666404724e-02 4.517899453639984131e-02 1.574644073843955994e-02 6.111579481512308121e-03 1.751482486724853516e-02 7.777635008096694946e-03 5.487759038805961609e-02 2.586431056261062622e-02 2.425489202141761780e-02 2.716172859072685242e-02 4.528848081827163696e-02 4.198135063052177429e-02 6.569160148501396179e-03 1.461046189069747925e-02 3.252681344747543335e-02 3.966405242681503296e-02 8.685337525093927979e-05 3.708347305655479431e-02 8.460502140223979950e-03 8.464267477393150330e-03 7.263746578246355057e-03 4.443621262907981873e-03
3.621468693017959595e-02 4.818300530314445496e-02 1.074568331241607666e-01 1.080188713967800140e-02 3.239945694804191589e-02 1.534464303404092789e-02 6.691225338727235794e-03 5.019868016242980957e-01 3.104457445442676544e-02 8.783373050391674042e-03 2.980684302747249603e-02 3.996058553457260132e-02 2.766317129135131836e-02 3.679380193352699280e-02 1.117596626281738281e-01 1.390686444938182831e-02 2.724199742078781128e-02 1.255103293806314468e-02 1.371800433844327927e-02 1.521771401166915894e-02 2.891742996871471405e-02 6.158775463700294495e-02 3.754977881908416748e-02 3.234582021832466125e-02 4.804421588778495789e-02 2.512837527319788933e-03 5.050505045801401138e-03 1.552251260727643967e-02 1.593959145247936249e-02 3.603577986359596252e-02 1.699873805046081543e-02 1.740605337545275688e-03 3.009069524705410004e-02 1.180498744361102581e-03 2.427510917186737061e-03 2.019687322899699211e-03 1.539496239274740219e-02 1.190759800374507904e-02 1.234744396060705185e-02 3.810849040746688843e-02 1.499616727232933044e-02 2.151695638895034790e-02 4.410169087350368500e-03 2.933284081518650055e-02 1.063716970384120941e-02 4.239025060087442398e-03 4.002819582819938660e-02 4.939917847514152527e-02 1.925708912312984467e-02 2.163618989288806915e-02 1.773596368730068207e-02 3.093718923628330231e-02 1.990093290805816650e-02 2.306994795799255371e-02 3.757118806242942810e-02 3.608315438032150269e-02 3.094998560845851898e-02 1.597240334376692772e-03 5.598872154951095581e-02 2.313822507858276367e-02 2.857219893485307693e-03 1.966637000441551208e-02 4.389110580086708069e-02 2.971965633332729340e-02 4.379572346806526184e-02 1.016313955187797546e-02 3.168890625238418579e-02 3.127627074718475342e-02 2.986243925988674164e-02 1.059784833341836929e-02 3.645468130707740784e-02 4.465515539050102234e-02 3.298759926110506058e-03 1.353287789970636368e-02 1.017398200929164886e-02 4.129493981599807739e-02 4.445109143853187561e-02 3.608414158225059509e-02 1.390931865898892283e-04 7.368360180407762527e-03 1.578950434923171997e-01 9.458795189857482910e-02 3.155482560396194458e-02 1.827561669051647186e-02 2.554044313728809357e-02 4.948299005627632141e-02 1.037394776940345764e-01 6.811029464006423950e-02 2.719177678227424622e-02 1.729351282119750977e-02 2.712933719158172607e-02 3.235907852649688721e-02 2.096509747207164764e-02 5.156992468982934952e-03 4.434929415583610535e-02 4.096792265772819519e-02 9.829337708652019501e-03 3.710597008466720581e-02 2.617977000772953033e-02 3.101625107228755951e-02 3.091398254036903381e-02 3.177072852849960327e-02 1.498896814882755280e-02 2.267786487936973572e-02 7.811068091541528702e-03 5.417579039931297302e-02 2.018901705741882324e-02 3.962097689509391785e-03 1.060071960091590881e-02 1.851028762757778168e-02 2.762477286159992218e-02 3.461765870451927185e-02 3.387050935998558998e-03 1.428116229362785816e-03 1.980734989047050476e-02 4.645878821611404419e-02
3.796165063977241516e-02 2.612646296620368958e-02 2.008961886167526245e-02 1.100947242230176926e-02 2.089322311803698540e-03 3.868720261380076408e-03 3.137245401740074158e-02 3.104457445442676544e-02 4.883368313312530518e-01 9.907481819391250610e-02 4.868856817483901978e-02 2.463479153811931610e-02 2.701512770727276802e-03 4.038547351956367493e-02 9.534087963402271271e-03 4.818814620375633240e-02 3.049569576978683472e-02 1.219758093357086182e-01 2.321341075003147125e-02 4.560797289013862610e-02 3.112295456230640411e-02 3.014305420219898224e-02 9.777182713150978088e-04 1.694807037711143494e-02 4.778771474957466125e-02 2.882664650678634644e-02 4.052703082561492920e-02 1.202913746237754822e-02 4.730172082781791687e-02 3.655882924795150757e-02 5.120094865560531616e-02 1.511462847702205181e-03 1.049651857465505600e-02 1.324570830911397934e-02 2.737785317003726959e-02 6.125104799866676331e-02 2.085836231708526611e-02 3.417335823178291321e-02 2.494120411574840546e-02 4.162945970892906189e-02 3.555845469236373901e-02 8.703728765249252319e-02 3.414163598790764809e-03 2.730867639183998108e-02 4.532673582434654236e-02 5.156268924474716187e-02 7.697582989931106567e-02 3.823672980070114136e-02 5.777973309159278870e-02 6.196598336100578308e-02 6.206677481532096863e-02 1.434979308396577835e-02 3.108472377061843872e-02 3.424789756536483765e-02 6.805197894573211670e-02 1.632575318217277527e-02 2.680848538875579834e-02 1.133816968649625778e-02 2.960753813385963440e-02 1.130695268511772156e-02 4.697375372052192688e-02 4.481241479516029358e-02 1.338317897170782089e-02 5.512705072760581970e-03 2.113981172442436218e-02 1.328375935554504395e-02 2.567223086953163147e-02 4.358106479048728943e-02 8.966187015175819397e-03 1.031349413096904755e-03 3.598873270675539970e-03 4.011082649230957031e-02 1.847076043486595154e-02 1.092422474175691605e-02 2.079260163009166718e-02 1.792109198868274689e-02 2.118818163871765137e-01 1.490901857614517212e-01 6.049519032239913940e-02 1.626624725759029388e-02 2.034820057451725006e-02 3.980448842048645020e-02 2.575871534645557404e-02 2.316602133214473724e-02 4.061138257384300232e-02 4.139963164925575256e-02 3.919918090105056763e-03 3.536251187324523926e-02 6.758351624011993408e-02 1.422666199505329132e-02 2.819220907986164093e-02 1.728645339608192444e-02 1.671097055077552795e-02 3.852134570479393005e-02 3.344540297985076904e-02 4.837589338421821594e-02 3.005792945623397827e-02 1.828063651919364929e-02 9.183156490325927734e-02 6.471561640501022339e-02 1.265699230134487152e-02 8.247328922152519226e-03 3.232188895344734192e-02 5.220773629844188690e-03 3.142450749874114990e-02 1.292434707283973694e-02 3.585488721728324890e-02 4.142175987362861633e-02 2.910497412085533142e-02 3.794985264539718628e-02 1.629851199686527252e-02 2.246630564332008362e-02 2.658707834780216217e-02 2.557489462196826935e-02 2.430674387142062187e-03 2.025191485881805420e-02
1.380432210862636566e-02 2.837000228464603424e-02 2.308955229818820953e-02 4.500330612063407898e-02 3.921207413077354431e-02 7.927037775516510010e-03 2.080414257943630219e-02 8.783373050391674042e-03 9.907481819391250610e-02 4.937423169612884521e-01 4.536591097712516785e-02 2.607979997992515564e-02 1.694317907094955444e-02 4.611365869641304016e-02 2.443761005997657776e-02 3.694386407732963562e-02 1.118452940136194229e-02 2.425784990191459656e-02 1.190689727663993835e-01 5.519646685570478439e-03 1.375192683190107346e-02 1.512382272630929947e-02 2.614767849445343018e-02 3.511902689933776855e-02 2.636690391227602959e-03 3.748309984803199768e-02 3.406762704253196716e-02 3.609627112746238708e-02 3.699848800897598267e-02 9.695000946521759033e-03 2.235325239598751068e-02 3.889130055904388428e-02 3.106913715600967407e-02 5.749131366610527039e-02 3.748964145779609680e-02 4.484550561755895615e-03 2.347400411963462830e-02 1.408183481544256210e-02 1.059140358120203018e-02 2.358538843691349030e-02 1.322228275239467621e-02 6.662371009588241577e-02 3.260685130953788757e-02 6.599780637770891190e-03 5.148962512612342834e-02 1.089860015781596303e-04 1.144842430949211121e-02 1.217604987323284149e-02 2.936890907585620880e-02 9.819982200860977173e-02 2.252867817878723145e-02 4.140929877758026123e-02 2.063548192381858826e-02 1.414949260652065277e-02 4.986417014151811600e-03 1.657382100820541382e-01 1.647676154971122742e-02 5.304244533181190491e-02 3.876110166311264038e-02 1.373232901096343994e-02 2.209271304309368134e-03 1.565894484519958496e-02 3.756628930568695068e-02 2.211672812700271606e-02 1.263467245735228062e-03 2.911332994699478149e-02 4.764237999916076660e-02 2.042173594236373901e-02 2.709704078733921051e-02 7.380028255283832550e-03 3.579260408878326416e-02 6.199819967150688171e-03 7.426496595144271851e-03 1.077781897038221359e-02 1.471761893481016159e-02 1.349789649248123169e-02 1.922049187123775482e-02 2.072230428457260132e-01 1.186603028327226639e-02 1.445766538381576538e-01 5.975710228085517883e-03 4.273066297173500061e-02 5.983991548418998718e-03 2.234453149139881134e-02 2.760454826056957245e-02 2.800095826387405396e-02 3.452981635928153992e-02 2.803061902523040771e-02 4.639193415641784668e-02 7.982246577739715576e-02 2.697037905454635620e-02 3.956694155931472778e-02 2.682290598750114441e-02 4.290762171149253845e-02 4.019199311733245850e-02 5.045896768569946289e-02 2.761040627956390381e-02 2.724883332848548889e-02 3.970978409051895142e-02 4.502604901790618896e-02 1.994696632027626038e-02 3.994954749941825867e-03 2.376198535785079002e-03 3.304140642285346985e-02 2.873271703720092773e-02 2.115474455058574677e-02 3.976883739233016968e-02 2.224608883261680603e-02 2.971288003027439117e-02 4.573158174753189087e-02 4.647455178201198578e-03 8.689205162227153778e-03 5.193392932415008545e-02 2.668133005499839783e-03 6.660165265202522278e-03 6.433876231312751770e-03
8.301876485347747803e-02 8.251943439245223999e-02 3.891473636031150818e-02 1.522608473896980286e-02 3.133294358849525452e-02 2.560201287269592285e-02 3.513199463486671448e-02 2.980684302747249603e-02 4.868856817483901978e-02 4.536591097712516785e-02 4.984133541584014893e-01 1.586152985692024231e-02 1.299816966056823730e-01 1.156397070735692978e-02 1.556909829378128052e-02 1.632920280098915100e-02 3.517200704663991928e-03 3.922235220670700073e-02 2.079383842647075653e-02 1.385606173425912857e-02 2.290375716984272003e-02 6.141758523881435394e-03 3.443031571805477142e-03 2.224538242444396019e-03 4.175208881497383118e-02 2.035327069461345673e-02 4.262391105294227600e-02 1.397546287626028061e-02 4.211539402604103088e-02 2.401589043438434601e-02 4.739283770322799683e-02 1.970197260379791260e-02 1.143112685531377792e-02 4.595343023538589478e-03 1.463801134377717972e-02 1.287517789751291275e-02 2.329604513943195343e-02 2.785290777683258057e-02 3.042329289019107819e-02 4.344117268919944763e-02 1.330447662621736526e-02 2.140527777373790741e-02 1.729519478976726532e-02 2.897212468087673187e-02 3.352483734488487244e-02 5.857306066900491714e-03 5.816898122429847717e-02 6.150194630026817322e-02 2.851747721433639526e-02 1.924255117774009705e-02 2.309357374906539917e-02 3.154547885060310364e-02 1.147834770381450653e-02 2.077338472008705139e-02 3.325700387358665466e-02 4.614806920289993286e-02 1.369513571262359619e-02 2.838204242289066315e-02 1.944116875529289246e-02 4.741892591118812561e-02 9.504626505076885223e-03 3.424030169844627380e-02 4.141365736722946167e-02 4.455016553401947021e-02 3.443088382482528687e-02 2.249672263860702515e-02 2.957785315811634064e-02 4.810996819287538528e-03 4.489303566515445709e-03 2.390780486166477203e-02 2.926165610551834106e-02 1.693469285964965820e-02 3.007538616657257080e-03 3.917568176984786987e-02 2.913632616400718689e-02 3.000258468091487885e-02 1.868265680968761444e-02 4.870431125164031982e-02 3.380879759788513184e-02 3.992843255400657654e-02 5.569623783230781555e-03 1.600145734846591949e-02 3.693842142820358276e-02 1.237429212778806686e-02 7.737307809293270111e-03 1.216350123286247253e-02 4.120515659451484680e-03 1.135151018388569355e-03 8.183982223272323608e-03 4.893548041582107544e-02 6.803459674119949341e-02 2.652252651751041412e-02 5.563759058713912964e-02 2.401315607130527496e-02 8.635617792606353760e-03 3.827917156741023064e-03 1.277798600494861603e-02 4.826540872454643250e-02 2.275994420051574707e-02 1.650955900549888611e-02 2.969186194241046906e-02 4.871905315667390823e-03 2.484456822276115417e-02 3.860995545983314514e-02 3.149075061082839966e-02 1.725797541439533234e-02 3.567884117364883423e-02 9.423785842955112457e-03 3.084098361432552338e-02 5.101706087589263916e-02 2.495115064084529877e-02 3.931053727865219116e-02 4.040055137011222541e-05 4.913469310849905014e-03 2.926457114517688751e-02 3.156990185379981995e-02
9.521578322164714336e-04 1.442497689276933670e-02 5.812383256852626801e-03 2.119956910610198975e-02 1.917528361082077026e-02 5.186132341623306274e-02 1.513374503701925278e-02 3.996058553457260132e-02 2.463479153811931610e-02 2.607979997992515564e-02 1.586152985692024231e-02 4.931454360485076904e-01 1.662875898182392120e-02 1.447734683752059937e-01 2.892900258302688599e-02 3.095457563176751137e-03 2.137204818427562714e-02 2.061856724321842194e-02 8.516633883118629456e-03 1.873518689535558224e-03 1.559656020253896713e-02 3.357559069991111755e-02 6.851033866405487061e-02 5.669334158301353455e-02 1.510420069098472595e-02 1.069617178291082382e-02 1.779287494719028473e-02 7.791975140571594238e-02 4.194587841629981995e-02 3.373992815613746643e-02 1.844730414450168610e-02 6.597556173801422119e-02 3.266130806878209114e-03 3.007175214588642120e-02 9.614797309041023254e-03 3.144726529717445374e-02 2.072470821440219879e-02 1.614858582615852356e-02 3.844393417239189148e-02 4.554612562060356140e-02 2.227466180920600891e-02 5.102862603962421417e-03 1.305406913161277771e-02 1.286578178405761719e-02 8.320334553718566895e-02 4.561662301421165466e-02 7.479972671717405319e-03 1.174366939812898636e-02 2.533414773643016815e-02 8.248010650277137756e-03 5.099255219101905823e-02 5.505951493978500366e-02 4.441234841942787170e-02 3.231046348810195923e-02 4.170726612210273743e-02 5.029324069619178772e-02 4.224484041333198547e-02 2.579138241708278656e-02 1.858694851398468018e-02 2.377611212432384491e-02 8.288208395242691040e-03 5.519027635455131531e-02 1.939797401428222656e-02 2.546612359583377838e-02 5.326865985989570618e-02 5.209492146968841553e-02 3.430053591728210449e-02 1.798262819647789001e-02 5.986228212714195251e-02 5.751847475767135620e-02 5.168674513697624207e-02 1.882220618426799774e-02 4.863534495234489441e-02 3.628033772110939026e-02 2.450004685670137405e-03 3.653836250305175781e-02 5.199104174971580505e-02 2.342442423105239868e-02 2.713428251445293427e-02 5.663772299885749817e-02 2.205999335274100304e-03 2.316264621913433075e-02 4.097234085202217102e-02 4.604040086269378662e-02 3.162312880158424377e-02 4.637540504336357117e-02 4.456027969717979431e-02 2.904542908072471619e-02 8.531113713979721069e-02 1.025149947963654995e-03 1.484362687915563583e-02 1.802853122353553772e-02 2.269428968429565430e-02 1.974227465689182281e-02 3.288841620087623596e-02 4.517082870006561279e-02 3.505562618374824524e-02 1.821282086893916130e-03 1.058284565806388855e-02 3.883013036102056503e-03 4.672259837388992310e-02 5.615896359086036682e-02 3.469571098685264587e-02 1.284640841186046600e-02 2.822590759024024010e-03 1.677779108285903931e-02 1.640292815864086151e-02 4.458802193403244019e-02 3.980473801493644714e-02 4.876995459198951721e-03 8.877824991941452026e-03 1.312526687979698181e-02 1.033644005656242371e-02 2.096794545650482178e-02 2.092454954981803894e-02 2.553690038621425629e-02
7.188989222049713135e-02 7.770722359418869019e-02 2.109862491488456726e-02 1.853264309465885162e-02 3.304277732968330383e-02 2.449773810803890228e-02 4.924408718943595886e-02 2.766317129135131836e-02 2.701512770727276802e-03 1.694317907094955444e-02 1.299816966056823730e-01 1.662875898182392120e-02 4.993917346000671387e-01 2.469085529446601868e-02 1.763631589710712433e-02 1.757521741092205048e-02 2.774129994213581085e-02 1.878914795815944672e-02 1.873839460313320160e-02 6.417919881641864777e-03 3.677351400256156921e-03 2.522478252649307251e-02 2.658059261739253998e-02 3.459805995225906372e-02 9.941807016730308533e-03 3.690117038786411285e-03 2.563585899770259857e-02 2.280780114233493805e-02 7.252310961484909058e-02 5.250892136245965958e-03 7.742651551961898804e-02 9.476548992097377777e-03 3.396611660718917847e-02 1.954800827661529183e-04 2.735267952084541321e-02 5.303354561328887939e-02 2.318305894732475281e-03 2.791795879602432251e-02 2.805702947080135345e-02 1.409984938800334930e-02 1.607980346307158470e-03 4.054316878318786621e-02 7.627121172845363617e-03 4.913759604096412659e-02 3.690693899989128113e-02 1.138242892920970917e-02 8.222565799951553345e-02 9.414257854223251343e-02 3.297629579901695251e-02 2.809581905603408813e-02 1.929812505841255188e-02 9.509007446467876434e-03 1.759202405810356140e-02 2.487838733941316605e-03 3.263784572482109070e-02 2.860109694302082062e-02 6.216244306415319443e-03 1.763286069035530090e-02 3.042600303888320923e-02 1.019850093871355057e-02 2.992129325866699219e-02 4.205846786499023438e-02 2.684300765395164490e-02 2.985920570790767670e-02 7.008853368461132050e-03 5.539423972368240356e-02 9.538233280181884766e-03 9.340632706880569458e-03 2.860740059986710548e-03 3.202981548383831978e-03 1.134909968823194504e-02 7.516426034271717072e-03 1.316769141703844070e-02 2.477285452187061310e-02 1.955478638410568237e-02 2.789669670164585114e-02 5.042806640267372131e-02 1.064350944943726063e-03 2.079544775187969208e-02 4.504380747675895691e-02 7.787237700540572405e-05 6.762010161764919758e-04 2.516401000320911407e-02 3.344641625881195068e-02 1.815034076571464539e-02 3.640631958842277527e-02 2.011652849614620209e-02 5.037268158048391342e-03 3.419691324234008789e-02 3.203680366277694702e-02 8.441150933504104614e-02 1.940215937793254852e-02 8.538678288459777832e-02 3.899912815541028976e-03 4.931663721799850464e-02 2.355372719466686249e-02 3.213663399219512939e-02 5.514062568545341492e-02 4.757754877209663391e-02 9.464151225984096527e-03 1.130625326186418533e-02 6.770479027181863785e-03 1.642222888767719269e-02 3.541731089353561401e-02 1.938149333000183105e-02 4.682207852602005005e-02 2.154882997274398804e-02 3.759368509054183960e-02 2.764132432639598846e-02 2.236477099359035492e-02 3.910921514034271240e-02 3.267613053321838379e-02 1.299879793077707291e-02 8.968458510935306549e-03 2.641470730304718018e-02 2.683934755623340607e-02
