4.952536523342132568e-01 1.726405024528503418e-01 1.761536486446857452e-02 2.534411288797855377e-02 2.432898327242583036e-04 1.355646848678588867e-01 1.159298717975616455e-01 8.078228682279586792e-03 7.342574826907366514e-05 3.432203084230422974e-02 1.551954597234725952e-01 3.675110638141632080e-03 9.322036802768707275e-02 3.697267093230038881e-04 8.022352121770381927e-03 2.922703325748443604e-02 5.014410987496376038e-02 4.136378318071365356e-02 2.653042040765285492e-02 3.104071132838726044e-02 4.770756512880325317e-02 8.129933476448059082e-02 1.045614760369062424e-02 3.000143915414810181e-02 6.163096521049737930e-03 4.816270247101783752e-02 3.730846196413040161e-02 1.470823865383863449e-02 3.906944394111633301e-02 1.299979817122220993e-02 5.113410949707031250e-02 4.677893593907356262e-02 5.934717599302530289e-03 4.443854838609695435e-02 4.543983191251754761e-02 1.891780085861682892e-02 3.204047307372093201e-02 5.505969165824353695e-04 1.929309219121932983e-02 2.777677588164806366e-02 2.361281588673591614e-02 1.143125258386135101e-02 2.784829353913664818e-03 1.409809011965990067e-02 3.692415729165077209e-02 4.259637370705604553e-02 6.118066236376762390e-02 3.189334413036704063e-03 6.620284635573625565e-03 7.221402600407600403e-03 5.111781414598226547e-03 7.798446808010339737e-03 9.426373057067394257e-03 1.360957394354045391e-03 1.961413212120532990e-02 3.644801303744316101e-02 2.704252116382122040e-02 3.244342654943466187e-02 1.804624311625957489e-02 1.253689173609018326e-02 2.695730514824390411e-02 4.613200202584266663e-02 1.821321994066238403e-02 2.596899680793285370e-02 2.664307318627834320e-02 3.904551849700510502e-04 2.056943019852042198e-03 3.451687097549438477e-02 3.487596986815333366e-03 1.177923195064067841e-02 4.417143389582633972e-02 3.555414825677871704e-02 2.861810848116874695e-02 3.302583843469619751e-02 3.940417617559432983e-02 3.475220873951911926e-02 3.948323056101799011e-02 8.764013648033142090e-03 1.958173140883445740e-02 2.607468143105506897e-02 6.921014282852411270e-03 1.319326274096965790e-02 4.253645241260528564e-02 2.337024547159671783e-02 5.042979028075933456e-03 2.125724963843822479e-02 2.467667497694492340e-02 4.200572613626718521e-03 2.847992815077304840e-02 2.799872308969497681e-02 5.006683990359306335e-03 2.437415905296802521e-02 2.820692770183086395e-02 5.237290263175964355e-02 1.636937260627746582e-02 2.435143291950225830e-02 5.752562358975410461e-02 1.501431036740541458e-02 4.098241403698921204e-02 1.768517307937145233e-02 2.567810006439685822e-02 3.351925313472747803e-02 2.434777468442916870e-02 2.785396575927734375e-02 5.468175932765007019e-02 3.435320034623146057e-02 1.430707704275846481e-02 4.935782030224800110e-02 1.786456815898418427e-02 1.112100761383771896e-02 6.243354640901088715e-03 6.484510377049446106e-03 2.387121506035327911e-02 8.906252682209014893e-03 4.656545072793960571e-02 4.751176014542579651e-02
1.726405024528503418e-01 4.980416595935821533e-01 3.226805105805397034e-02 1.486370339989662170e-02 3.728906065225601196e-02 6.844119727611541748e-02 1.327230930328369141e-01 9.835093282163143158e-03 4.960347898304462433e-03 3.366551548242568970e-02 1.447540521621704102e-01 2.613338455557823181e-02 1.369418650865554810e-01 9.905522689223289490e-03 4.522522445768117905e-03 6.554161198437213898e-03 1.298603694885969162e-02 2.396265603601932526e-02 2.966590784490108490e-02 1.313471700996160507e-03 2.007104456424713135e-02 4.746031761169433594e-02 3.478306904435157776e-02 1.926255878061056137e-03 2.392547205090522766e-03 3.166359290480613708e-02 4.051778838038444519e-02 2.651428058743476868e-02 1.489755325019359589e-02 2.257160842418670654e-02 2.947771735489368439e-02 3.617429640144109726e-03 2.790122106671333313e-02 9.249364025890827179e-03 1.711374707520008087e-02 3.789739310741424561e-02 2.838733419775962830e-02 2.156320214271545410e-02 1.192707661539316177e-02 4.707139451056718826e-03 4.844378307461738586e-02 4.450452979654073715e-03 1.782578532584011555e-03 1.240191329270601273e-02 4.399321973323822021e-02 4.806758835911750793e-02 4.062600433826446533e-02 1.445379108190536499e-02 4.738325253129005432e-03 3.397084400057792664e-02 1.466975361108779907e-02 4.205258190631866455e-02 2.030859002843499184e-03 3.316508233547210693e-02 1.798179745674133301e-02 2.240984886884689331e-02 5.013430863618850708e-02 1.035295519977807999e-02 6.441265577450394630e-05 5.288326740264892578e-02 1.071449555456638336e-02 3.239359706640243530e-02 1.983940834179520607e-03 1.959957368671894073e-02 5.058865621685981750e-02 2.455732040107250214e-02 9.701763279736042023e-03 2.458924427628517151e-02 3.949427604675292969e-02 2.138781547546386719e-02 3.130536526441574097e-03 2.950955182313919067e-02 7.453529629856348038e-03 4.698054865002632141e-02 2.503254264593124390e-02 4.424513876438140869e-02 2.380240336060523987e-02 1.198091171681880951e-02 4.148032888770103455e-02 1.311385259032249451e-02 1.505881827324628830e-02 1.302774623036384583e-02 3.730434924364089966e-02 4.156962782144546509e-02 6.897679064422845840e-03 4.203806631267070770e-03 3.701160894706845284e-03 7.413768209517002106e-03 1.256633549928665161e-02 2.629372850060462952e-02 9.178103879094123840e-03 4.020685330033302307e-02 1.888152398169040680e-02 7.135862112045288086e-02 2.731135301291942596e-02 9.653211571276187897e-03 2.415350824594497681e-02 2.483625523746013641e-02 2.835577167570590973e-02 2.285609208047389984e-02 3.013256192207336426e-02 3.949426859617233276e-02 1.977829076349735260e-02 2.609152346849441528e-02 1.353712938725948334e-02 1.680826768279075623e-02 1.472700759768486023e-02 5.347693711519241333e-02 3.562095016241073608e-02 2.068376354873180389e-02 2.786534838378429413e-03 8.765707025304436684e-04 9.615913964807987213e-03 5.464902613312005997e-03 3.514082357287406921e-02 5.499825812876224518e-03
1.761536486446857452e-02 3.226805105805397034e-02 4.720862805843353271e-01 2.980575151741504669e-02 1.767879910767078400e-02 2.741202525794506073e-02 3.662152588367462158e-02 1.559694260358810425e-01 1.076968479901552200e-02 3.836944000795483589e-03 2.965090610086917877e-02 1.055287104099988937e-02 4.609320312738418579e-02 8.361760526895523071e-03 2.759826183319091797e-02 3.554174304008483887e-02 1.316278427839279175e-02 3.816698864102363586e-02 1.109953597187995911e-02 1.814606483094394207e-03 3.368332237005233765e-02 3.560799732804298401e-02 7.031160406768321991e-03 1.947713643312454224e-02 5.209522321820259094e-02 3.097166307270526886e-02 3.208075836300849915e-02 2.922269143164157867e-02 6.592993158847093582e-03 4.390192031860351562e-02 3.334032744169235229e-02 5.699475761502981186e-03 1.102932449430227280e-02 2.936819195747375488e-02 2.728049270808696747e-02 4.221137985587120056e-02 1.323081739246845245e-02 1.027706637978553772e-02 5.077028274536132812e-02 2.445711567997932434e-02 3.648219257593154907e-02 2.676468575373291969e-04 3.226632252335548401e-02 3.365023434162139893e-02 1.863070204854011536e-02 8.097694255411624908e-03 2.675996394827961922e-03 1.670853607356548309e-02 4.979845136404037476e-03 1.086734933778643608e-03 3.663088008761405945e-02 1.098304893821477890e-02 3.113196976482868195e-02 4.899196792393922806e-03 1.052180305123329163e-03 2.341929636895656586e-02 2.605101466178894043e-02 1.483021862804889679e-02 3.121589310467243195e-02 2.583985589444637299e-02 1.394373644143342972e-02 7.379381451755762100e-03 3.717235475778579712e-02 7.559357676655054092e-03 3.871620073914527893e-02 3.865504264831542969e-02 1.042181160300970078e-02 1.105337217450141907e-02 1.502086222171783447e-02 1.263383682817220688e-02 7.634291891008615494e-03 8.120501297526061535e-04 6.891623884439468384e-02 1.931146252900362015e-03 7.693327963352203369e-03 2.154834009706974030e-02 8.166770450770854950e-03 1.844772323966026306e-02 3.714105580002069473e-03 3.188339760527014732e-03 1.742274910211563110e-01 1.041202545166015625e-01 2.881391346454620361e-02 7.664470933377742767e-03 4.552420973777770996e-02 2.106332220137119293e-02 2.824137546122074127e-02 1.109968721866607666e-01 1.980242319405078888e-02 1.281429361552000046e-02 2.499264897778630257e-03 3.766091167926788330e-02 6.648709997534751892e-03 3.447202593088150024e-02 2.018451318144798279e-02 7.938043028116226196e-02 3.468555584549903870e-02 3.211698681116104126e-02 1.581696979701519012e-02 3.636620705947279930e-03 1.121603325009346008e-02 4.109227657318115234e-02 3.153901547193527222e-02 1.050583925098180771e-02 2.732306905090808868e-02 1.398131600581109524e-03 4.736907780170440674e-02 4.250604659318923950e-02 2.932605333626270294e-02 3.232869878411293030e-02 2.439999580383300781e-02 4.721371829509735107e-02 5.723386071622371674e-03 2.791680954396724701e-02 3.754050657153129578e-02 4.629419185221195221e-03
2.534411288797855377e-02 1.486370339989662170e-02 2.980575151741504669e-02 4.745424389839172363e-01 1.085923016071319580e-01 2.007432095706462860e-02 1.312056835740804672e-02 4.061265662312507629e-02 2.973998151719570160e-02 2.071208134293556213e-02 3.482560813426971436e-02 3.137104213237762451e-02 3.746255859732627869e-02 3.004405647516250610e-03 1.700373739004135132e-02 4.162253066897392273e-02 3.882569074630737305e-02 3.145477175712585449e-02 4.351058602333068848e-02 4.352864623069763184e-02 2.639549970626831055e-02 2.043558657169342041e-02 4.291326552629470825e-02 1.267727930098772049e-02 8.180952630937099457e-03 4.372178763151168823e-02 8.284875191748142242e-03 5.005421862006187439e-02 1.143416855484247208e-02 1.458579208701848984e-02 1.946282200515270233e-02 1.394296251237392426e-02 2.734003961086273193e-02 2.948360750451683998e-03 3.868261352181434631e-02 1.266891416162252426e-02 1.134644355624914169e-02 1.225684885866940022e-03 1.051605194807052612e-01 6.566790491342544556e-02 1.268434803932905197e-02 1.868012547492980957e-02 4.392435401678085327e-02 6.911460310220718384e-02 8.980891434475779533e-04 2.757439389824867249e-02 8.715464733541011810e-03 2.566948160529136658e-02 4.817756265401840210e-02 1.576456986367702484e-02 9.303014725446701050e-03 3.610660089179873466e-03 4.338525235652923584e-02 1.086932048201560974e-02 1.580166816711425781e-02 1.118260202929377556e-03 4.603637382388114929e-02 2.982492558658123016e-03 2.901707775890827179e-02 4.068284109234809875e-02 3.563539311289787292e-02 5.588716361671686172e-03 4.965469241142272949e-02 5.229268688708543777e-03 4.048511385917663574e-02 3.630813956260681152e-02 5.005579814314842224e-02 3.254474326968193054e-02 1.547241862863302231e-02 3.006619773805141449e-02 4.165889695286750793e-02 2.239229157567024231e-02 1.690351217985153198e-01 4.037233814597129822e-02 1.049804314970970154e-01 3.159224614500999451e-02 2.278231084346771240e-02 2.649296261370182037e-02 1.729861460626125336e-02 3.616337478160858154e-02 3.641720861196517944e-02 7.867724634706974030e-03 7.247338443994522095e-02 4.347997903823852539e-02 3.670116141438484192e-02 4.897338151931762695e-02 1.862437464296817780e-02 1.581161096692085266e-02 1.588887907564640045e-02 2.079500630497932434e-02 1.418237853795289993e-02 1.982620218768715858e-03 3.724596276879310608e-02 4.156208783388137817e-02 6.758213788270950317e-02 6.087184697389602661e-02 3.193514654412865639e-03 2.144035184755921364e-03 1.602949388325214386e-02 8.458538912236690521e-03 1.656519994139671326e-02 3.905076161026954651e-02 4.248140752315521240e-02 4.228934179991483688e-03 4.654280375689268112e-03 1.186124756932258606e-01 3.083963133394718170e-02 4.525860771536827087e-02 4.489108920097351074e-02 4.690439626574516296e-02 4.821812268346548080e-03 2.011311613023281097e-02 1.685941033065319061e-02 6.596805155277252197e-02 8.883761242032051086e-03 2.009760588407516479e-02
2.432898327242583036e-04 3.728906065225601196e-02 1.767879910767078400e-02 1.085923016071319580e-01 4.731018841266632080e-01 6.474938243627548218e-02 1.202220469713211060e-02 3.021190129220485687e-02 2.025581523776054382e-02 1.295095961540937424e-02 1.696906052529811859e-02 1.497166976332664490e-02 8.138719946146011353e-03 3.825708478689193726e-02 2.095801010727882385e-02 3.460325673222541809e-02 3.156568109989166260e-02 1.487437263131141663e-02 7.548627443611621857e-03 1.684984005987644196e-02 2.213664725422859192e-02 4.205916449427604675e-02 3.475181001704186201e-04 1.886644400656223297e-02 9.301651269197463989e-03 2.193533070385456085e-02 5.261506885290145874e-03 1.434542611241340637e-02 3.943488933145999908e-03 2.666152268648147583e-02 8.242447860538959503e-03 9.570499882102012634e-03 1.806888729333877563e-02 3.579852636903524399e-03 3.399785980582237244e-02 3.578846529126167297e-02 1.486129686236381531e-02 4.434427246451377869e-03 9.268290549516677856e-02 1.715707629919052124e-01 6.302255205810070038e-03 1.293995790183544159e-02 3.692927956581115723e-02 1.138096116483211517e-02 4.325301386415958405e-03 9.184091351926326752e-03 2.657957561314105988e-02 1.519043697044253349e-03 2.732434496283531189e-02 8.703920058906078339e-03 6.103271152824163437e-03 3.860066458582878113e-02 3.727839514613151550e-02 2.612647041678428650e-02 2.317068912088871002e-02 3.820558637380599976e-02 2.455131337046623230e-02 5.011996719986200333e-03 1.565759442746639252e-02 1.517582871019840240e-02 5.087647214531898499e-02 7.077758666127920151e-03 1.027319859713315964e-02 3.952457755804061890e-02 1.546138804405927658e-02 7.639732211828231812e-03 1.417640596628189087e-02 4.311444982886314392e-02 2.718698047101497650e-02 1.155275478959083557e-02 4.680410400032997131e-02 1.932104490697383881e-02 7.315358519554138184e-02 1.602038182318210602e-02 1.389060467481613159e-01 4.048006236553192139e-02 1.026359107345342636e-02 1.299155037850141525e-02 3.874279558658599854e-02 4.296299442648887634e-02 2.792378887534141541e-02 1.148458104580640793e-02 3.290096670389175415e-02 9.517946839332580566e-02 2.914874255657196045e-02 2.439351938664913177e-02 4.643248766660690308e-02 2.331947907805442810e-02 1.759567670524120331e-02 4.666174575686454773e-02 1.334393396973609924e-02 3.389091417193412781e-02 7.467300165444612503e-03 1.187475677579641342e-02 2.594164945185184479e-02 3.876671195030212402e-02 8.808242157101631165e-03 2.079565636813640594e-02 4.398933798074722290e-02 4.059279337525367737e-02 1.657969877123832703e-02 1.121977344155311584e-02 1.923662610352039337e-02 1.352188549935817719e-02 1.882087625563144684e-02 4.161564633250236511e-02 3.455557301640510559e-02 2.168775722384452820e-02 1.414815895259380341e-02 1.833105459809303284e-02 3.018240444362163544e-02 1.508229598402976990e-02 6.119591183960437775e-03 3.390717133879661560e-02 4.771002009510993958e-02 1.084849238395690918e-02
1.355646848678588867e-01 6.844119727611541748e-02 2.741202525794506073e-02 2.007432095706462860e-02 6.474938243627548218e-02 4.809491336345672607e-01 1.310326904058456421e-01 2.557440660893917084e-02 3.001083061099052429e-02 1.999377086758613586e-02 2.038391679525375366e-02 3.410258889198303223e-02 1.997953839600086212e-02 3.539374470710754395e-02 3.502462059259414673e-02 4.449653625488281250e-02 2.683805767446756363e-03 4.299587756395339966e-02 1.568918116390705109e-02 3.800692409276962280e-02 4.010894522070884705e-02 3.529613465070724487e-02 1.394812110811471939e-02 2.784536406397819519e-02 1.397983171045780182e-02 3.129777312278747559e-02 4.718106240034103394e-03 3.220189735293388367e-02 4.199468344449996948e-02 2.517841197550296783e-02 5.517881736159324646e-02 1.308947801589965820e-02 1.328808162361383438e-02 4.713118821382522583e-02 4.477819427847862244e-02 2.827725745737552643e-02 9.210851043462753296e-03 3.905004635453224182e-02 1.682757213711738586e-02 2.928872033953666687e-02 1.141134090721607208e-02 2.365442737936973572e-02 1.576373353600502014e-02 5.157989636063575745e-02 4.558225348591804504e-02 2.022380381822586060e-02 1.158070564270019531e-02 1.146169099956750870e-02 2.903325296938419342e-02 7.984396070241928101e-04 1.699326187372207642e-02 9.583857841789722443e-03 5.407863855361938477e-02 9.827417321503162384e-03 4.879444837570190430e-02 9.597240015864372253e-03 5.259159952402114868e-02 3.419594094157218933e-02 5.453115701675415039e-02 1.529152318835258484e-02 5.319825187325477600e-02 1.427655690349638462e-03 2.496408857405185699e-02 9.354437701404094696e-03 6.570239365100860596e-02 2.753360942006111145e-02 3.515368793159723282e-03 1.632452476769685745e-03 3.174999961629509926e-03 1.121146883815526962e-02 3.795517981052398682e-02 3.900249302387237549e-02 4.562560468912124634e-03 2.374648675322532654e-02 3.159476816654205322e-02 4.418968781828880310e-02 2.935659838840365410e-03 3.736122697591781616e-02 4.949002526700496674e-03 2.250240370631217957e-02 3.049527108669281006e-02 7.752846926450729370e-02 5.327097699046134949e-02 1.390779111534357071e-02 1.869435980916023254e-02 2.474941685795783997e-02 3.221328556537628174e-02 1.933991350233554840e-02 3.547720611095428467e-02 7.795568089932203293e-03 2.257831394672393799e-02 9.725173935294151306e-03 3.605315834283828735e-02 4.586536437273025513e-02 3.844993934035301208e-02 3.888495266437530518e-02 3.657989902421832085e-03 3.991124033927917480e-02 2.352893725037574768e-02 3.521322971209883690e-03 1.879082247614860535e-02 3.096008673310279846e-02 5.860691890120506287e-03 4.894096776843070984e-02 2.407518774271011353e-02 1.433920208364725113e-02 3.004793822765350342e-02 2.626793645322322845e-02 7.986153475940227509e-03 3.431744873523712158e-02 5.223388597369194031e-02 3.817930445075035095e-02 4.713309183716773987e-02 1.802241429686546326e-02 4.310647957026958466e-03 1.704473420977592468e-02
1.159298717975616455e-01 1.327230930328369141e-01 3.662152588367462158e-02 1.312056835740804672e-02 1.202220469713211060e-02 1.310326904058456421e-01 4.762929677963256836e-01 1.346739474684000015e-02 3.140307590365409851e-02 4.683068394660949707e-02 6.988845020532608032e-02 3.007345646619796753e-02 5.910791084170341492e-02 4.745610989630222321e-03 4.624770372174680233e-04 2.903066016733646393e-02 3.422113880515098572e-02 3.156252205371856689e-02 8.067212766036391258e-04 3.776977956295013428e-02 2.187537215650081635e-02 1.018953230232000351e-02 2.583113685250282288e-02 3.290712833404541016e-02 1.281045959331095219e-03 2.053000405430793762e-02 3.522141277790069580e-02 1.046167872846126556e-02 1.584167033433914185e-02 3.779701888561248779e-02 2.896974794566631317e-03 4.086034372448921204e-03 5.523358285427093506e-02 2.828020602464675903e-02 1.109729148447513580e-02 2.126447297632694244e-02 2.594731189310550690e-02 9.601451456546783447e-03 1.147694513201713562e-02 3.015628270804882050e-02 3.265761584043502808e-02 7.860845886170864105e-03 1.462927553802728653e-02 2.942173182964324951e-02 1.961931586265563965e-02 4.355571419000625610e-02 4.973161034286022186e-03 9.121366776525974274e-03 1.169612444937229156e-02 1.867239549756050110e-02 2.804789319634437561e-02 2.757928567007184029e-03 2.923220768570899963e-02 2.854132093489170074e-02 3.982257843017578125e-02 2.765182219445705414e-02 1.350789424031972885e-02 4.570482298731803894e-02 2.700534649193286896e-03 4.276246950030326843e-02 2.107891021296381950e-03 1.335948822088539600e-03 9.644101373851299286e-03 3.889008983969688416e-02 1.352619845420122147e-02 3.711808472871780396e-02 2.291137352585792542e-02 1.926806941628456116e-02 2.974283695220947266e-02 2.482258481904864311e-03 4.092049319297075272e-03 2.844200097024440765e-02 3.004229255020618439e-02 2.107781544327735901e-02 4.268941655755043030e-02 3.014953108504414558e-03 1.764360442757606506e-02 2.265151590108871460e-02 4.995586350560188293e-02 8.376290090382099152e-03 8.939525112509727478e-03 7.554705440998077393e-02 4.072070866823196411e-02 9.851224021986126900e-04 2.448175847530364990e-02 2.970534190535545349e-02 3.624057024717330933e-02 2.815571054816246033e-02 4.511812329292297363e-02 1.980474032461643219e-02 5.574517697095870972e-02 1.077123451977968216e-02 4.410836100578308105e-02 1.098425686359405518e-02 6.322083936538547277e-05 1.946977712213993073e-02 4.380723088979721069e-02 2.081288956105709076e-02 4.073394928127527237e-03 5.441746674478054047e-03 2.814434096217155457e-02 2.522786892950534821e-02 2.731597796082496643e-02 1.085127983242273331e-02 4.965816065669059753e-02 1.805402711033821106e-02 1.063963212072849274e-02 3.711112588644027710e-02 1.025620033033192158e-03 9.421881288290023804e-03 1.140123512595891953e-02 2.721708454191684723e-02 3.560290485620498657e-02 1.867534779012203217e-02 3.678820282220840454e-02 8.777293376624584198e-03
8.078228682279586792e-03 9.835093282163143158e-03 1.559694260358810425e-01 4.061265662312507629e-02 3.021190129220485687e-02 2.557440660893917084e-02 1.346739474684000015e-02 4.951310157775878906e-01 1.637259847484529018e-04 3.055866248905658722e-02 3.649103222414851189e-03 3.662180528044700623e-02 3.617710433900356293e-03 1.020943187177181244e-02 1.238463073968887329e-01 1.737102679908275604e-02 1.484362408518791199e-02 1.978941634297370911e-02 1.609067548997700214e-03 2.593387849628925323e-02 2.952860482037067413e-02 2.977699786424636841e-02 3.583035618066787720e-02 4.271455481648445129e-02 4.133380483835935593e-03 2.280087769031524658e-02 2.792698889970779419e-02 3.481111675500869751e-02 2.527005597949028015e-02 1.396719459444284439e-02 3.052998892962932587e-02 2.936351485550403595e-02 2.807910740375518799e-02 7.702664937824010849e-03 4.735542461276054382e-02 2.907189168035984039e-02 3.499868884682655334e-02 4.182382300496101379e-02 3.115526959300041199e-02 6.054105609655380249e-02 2.220151573419570923e-02 4.060423746705055237e-02 4.677594080567359924e-02 1.855612546205520630e-02 3.177987784147262573e-02 1.943140290677547455e-02 4.021421540528535843e-03 3.364091366529464722e-02 2.241474203765392303e-02 1.123595982789993286e-02 1.044062990695238113e-02 2.411399409174919128e-02 3.945765271782875061e-02 1.063127070665359497e-02 3.232767106965184212e-03 3.751451522111892700e-02 2.151792682707309723e-02 2.155918627977371216e-02 2.527294680476188660e-02 4.693449009209871292e-03 4.491244629025459290e-02 7.755940314382314682e-04 8.024565875530242920e-03 2.131779864430427551e-02 9.569287300109863281e-03 7.544894702732563019e-03 3.370808437466621399e-02 1.580157782882452011e-03 1.556719280779361725e-02 1.466351002454757690e-02 2.176133915781974792e-02 2.495305612683296204e-02 2.087869681417942047e-02 1.399603392928838730e-02 3.034694120287895203e-02 2.022876217961311340e-02 4.327739402651786804e-02 1.914999075233936310e-02 1.349012833088636398e-02 4.064755514264106750e-02 1.759736537933349609e-01 1.238814964890480042e-01 1.931379176676273346e-02 2.136295102536678314e-02 2.299994602799415588e-02 7.852917537093162537e-03 1.092138439416885376e-01 1.535685807466506958e-01 4.593813791871070862e-02 6.350424140691757202e-03 4.315079748630523682e-02 6.791031453758478165e-03 3.048108704388141632e-02 4.864501580595970154e-02 3.404928604140877724e-03 5.845617130398750305e-02 2.631287276744842529e-02 3.153454139828681946e-02 3.676354885101318359e-02 2.404234185814857483e-02 4.366370290517807007e-02 2.294261567294597626e-02 3.396281972527503967e-02 1.507666520774364471e-02 3.082916326820850372e-02 1.144846784882247448e-03 1.515803299844264984e-02 1.980884000658988953e-02 1.025370229035615921e-02 4.776292666792869568e-02 1.494940742850303650e-02 2.952625742182135582e-03 3.957640379667282104e-02 3.685257583856582642e-02 4.876219853758811951e-02 1.169594191014766693e-02
7.342574826907366514e-05 4.960347898304462433e-03 1.076968479901552200e-02 2.973998151719570160e-02 2.025581523776054382e-02 3.001083061099052429e-02 3.140307590365409851e-02 1.637259847484529018e-04 4.815770685672760010e-01 5.347299203276634216e-02 1.697732508182525635e-02 6.799606978893280029e-02 1.394468173384666443e-02 2.083206735551357269e-02 6.962586194276809692e-02 3.283285349607467651e-02 3.865645080804824829e-02 8.351060748100280762e-02 3.621388226747512817e-02 2.587685547769069672e-02 1.997854933142662048e-02 1.177355088293552399e-02 3.545065969228744507e-02 1.313993148505687714e-02 4.683696106076240540e-02 4.390157014131546021e-02 3.488934040069580078e-02 4.123676568269729614e-02 4.073810577392578125e-02 1.151837687939405441e-02 2.110176905989646912e-02 4.375568032264709473e-02 1.204823050647974014e-02 9.883455932140350342e-03 2.049217000603675842e-02 5.135409533977508545e-03 1.066153030842542648e-02 4.292791336774826050e-02 6.657307595014572144e-02 4.870282113552093506e-02 4.521194845438003540e-02 6.213949993252754211e-02 8.575913496315479279e-03 1.040751487016677856e-02 2.709593996405601501e-02 1.739297620952129364e-02 5.227546393871307373e-02 2.316244505345821381e-02 6.484574079513549805e-02 7.115805055946111679e-03 9.322414174675941467e-03 2.834763005375862122e-02 1.600562036037445068e-02 2.324920333921909332e-02 2.149009890854358673e-02 4.292927682399749756e-02 4.454795643687248230e-02 4.505158960819244385e-02 8.040990214794874191e-04 3.247354924678802490e-02 1.444844249635934830e-02 2.843918278813362122e-02 1.675349473953247070e-02 4.624756798148155212e-02 8.775294758379459381e-03 2.804337255656719208e-02 4.263329505920410156e-02 4.490761458873748779e-02 7.399621605873107910e-02 9.130076505243778229e-03 1.668544672429561615e-02 2.808906510472297668e-02 1.193710695952177048e-02 2.939835190773010254e-02 8.196736872196197510e-02 1.604767143726348877e-02 1.336542367935180664e-01 8.873336948454380035e-03 8.647374063730239868e-02 3.901375085115432739e-02 3.190870583057403564e-02 5.354249849915504456e-02 6.087823957204818726e-02 4.807650670409202576e-02 2.329243533313274384e-02 2.468142285943031311e-02 3.142529167234897614e-03 6.496788933873176575e-03 5.256011337041854858e-02 1.946002803742885590e-02 3.232114762067794800e-02 5.261333286762237549e-02 3.657076507806777954e-02 5.198125913739204407e-02 3.668383136391639709e-02 3.800314292311668396e-02 3.213739395141601562e-02 1.035695895552635193e-02 8.653933182358741760e-03 3.662791848182678223e-02 4.656550008803606033e-03 2.281339839100837708e-02 4.527749493718147278e-02 2.741616405546665192e-02 3.536372631788253784e-02 3.620718419551849365e-02 1.969427615404129028e-02 3.699683025479316711e-02 4.890406876802444458e-02 3.260869160294532776e-02 4.787102714180946350e-02 1.567305997014045715e-02 1.296573504805564880e-02 2.403125539422035217e-02 4.606445878744125366e-02 1.850824803113937378e-02
3.432203084230422974e-02 3.366551548242568970e-02 3.836944000795483589e-03 2.071208134293556213e-02 1.295095961540937424e-02 1.999377086758613586e-02 4.683068394660949707e-02 3.055866248905658722e-02 5.347299203276634216e-02 4.953846335411071777e-01 1.484389696270227432e-02 3.794439136981964111e-03 3.900359570980072021e-02 4.430454224348068237e-02 2.635558694601058960e-02 3.131527826189994812e-02 8.514482527971267700e-03 2.331558801233768463e-02 9.639245271682739258e-02 2.055460773408412933e-02 2.940609678626060486e-02 3.141903877258300781e-02 1.089467015117406845e-02 3.517173975706100464e-02 2.594805136322975159e-02 3.512599319219589233e-02 1.185615663416683674e-03 1.840174198150634766e-02 1.783759519457817078e-02 4.506575316190719604e-02 2.671292051672935486e-02 4.793537408113479614e-02 2.831627987325191498e-02 2.389504574239253998e-03 2.785431966185569763e-02 2.462299168109893799e-02 3.840633481740951538e-02 1.027692854404449463e-02 7.953817024827003479e-03 3.489531576633453369e-02 3.297607600688934326e-02 8.561783470213413239e-03 1.823567226529121399e-02 4.664528183639049530e-03 8.396739140152931213e-03 5.646520480513572693e-02 4.068582132458686829e-02 1.437056809663772583e-02 4.332206153776496649e-04 1.058406233787536621e-01 3.418983146548271179e-02 1.221240684390068054e-02 3.129635751247406006e-02 2.586639486253261566e-02 2.132199890911579132e-02 4.701770097017288208e-02 2.664266154170036316e-03 8.850616216659545898e-02 3.492411226034164429e-02 2.931556478142738342e-02 4.415460303425788879e-02 3.131204470992088318e-02 3.524324670433998108e-02 6.998093798756599426e-03 4.423607513308525085e-02 3.773102536797523499e-02 3.935996443033218384e-02 3.576322458684444427e-03 6.674392521381378174e-02 5.644910410046577454e-02 7.589339464902877808e-02 2.421054802834987640e-02 4.457109794020652771e-02 3.333289176225662231e-02 4.351494461297988892e-02 1.494648517109453678e-03 6.838664994575083256e-04 1.287455856800079346e-01 2.228572964668273926e-02 8.452049642801284790e-02 6.929301656782627106e-03 4.263222962617874146e-02 2.020055986940860748e-02 4.950814694166183472e-02 4.283199459314346313e-02 3.110985830426216125e-02 3.859446942806243896e-02 1.378056965768337250e-02 2.476358972489833832e-02 1.020394489169120789e-01 4.076320677995681763e-02 5.041492357850074768e-02 7.499653846025466919e-03 7.421830669045448303e-03 7.546003442257642746e-03 7.936353795230388641e-03 4.507016856223344803e-03 2.161220088601112366e-02 2.691084891557693481e-02 3.494904190301895142e-02 1.359907444566488266e-02 4.752524197101593018e-02 2.709834836423397064e-02 1.793578639626502991e-02 3.189393132925033569e-02 2.007526578381657600e-03 5.259637534618377686e-02 5.032707378268241882e-02 4.829291254281997681e-02 4.775847494602203369e-02 3.555696830153465271e-02 4.026539623737335205e-02 2.861664397642016411e-03 2.693700417876243591e-02 2.150418423116207123e-02 3.247864078730344772e-03
1.551954597234725952e-01 1.447540521621704102e-01 2.965090610086917877e-02 3.482560813426971436e-02 1.696906052529811859e-02 2.038391679525375366e-02 6.988845020532608032e-02 3.649103222414851189e-03 1.697732508182525635e-02 1.484389696270227432e-02 5.027356743812561035e-01 3.799699991941452026e-02 1.305929869413375854e-01 2.518772706389427185e-02 9.511668235063552856e-03 2.700598724186420441e-02 5.973161896690726280e-04 3.220934420824050903e-02 4.580904543399810791e-02 1.050115842372179031e-02 1.986761204898357391e-02 8.590189367532730103e-02 1.231671310961246490e-02 3.373871743679046631e-02 1.179053820669651031e-02 3.570077568292617798e-02 2.148963138461112976e-02 5.421539768576622009e-03 4.391368478536605835e-03 6.401300430297851562e-03 1.502527017146348953e-02 1.775299385190010071e-02 9.800035331863909960e-05 1.181306596845388412e-02 3.060716390609741211e-02 2.235981263220310211e-02 3.979207947850227356e-02 1.136977132409811020e-02 1.882698968984186649e-03 5.353950429707765579e-03 4.478118196129798889e-02 2.183939097449183464e-03 1.175733632408082485e-03 3.538030013442039490e-02 3.170983120799064636e-02 4.196447134017944336e-02 7.212917506694793701e-02 1.579172909259796143e-02 4.627932328730821609e-03 1.757631264626979828e-02 4.477803781628608704e-02 2.302202582359313965e-02 2.626607601996511221e-04 4.405768960714340210e-02 1.268153917044401169e-02 3.804244846105575562e-02 3.461179882287979126e-02 7.808126043528318405e-03 1.292641647160053253e-02 3.433454036712646484e-02 6.815668661147356033e-03 4.591143503785133362e-02 2.231502532958984375e-02 4.500469937920570374e-02 8.433131128549575806e-02 4.622164741158485413e-02 8.484440855681896210e-03 3.125446662306785583e-02 3.309471532702445984e-02 2.132038958370685577e-02 4.065021499991416931e-02 1.569681614637374878e-02 2.298098430037498474e-02 4.554137587547302246e-02 1.691767200827598572e-02 2.755829878151416779e-02 1.910885609686374664e-02 2.666712738573551178e-02 3.189089521765708923e-02 3.751904144883155823e-02 2.326602488756179810e-02 3.817208856344223022e-02 1.698594726622104645e-02 5.086750164628028870e-02 1.502315420657396317e-02 1.518253330141305923e-02 1.579597778618335724e-02 4.938497673720121384e-03 7.683968637138605118e-03 4.627151414752006531e-03 4.308694601058959961e-02 7.428330928087234497e-02 2.222057897597551346e-03 6.269613653421401978e-02 1.313351467251777649e-02 1.906397566199302673e-02 3.133655712008476257e-02 3.163193911314010620e-02 4.696410894393920898e-02 2.287378534674644470e-02 5.782327614724636078e-03 3.071256168186664581e-02 4.327076952904462814e-03 4.466706421226263046e-03 4.294737707823514938e-03 2.457447163760662079e-02 2.075268700718879700e-02 2.362746000289916992e-02 4.593799263238906860e-02 6.359357386827468872e-02 1.512011047452688217e-02 1.089169550687074661e-02 2.298691309988498688e-03 2.631791867315769196e-03 5.465716123580932617e-02 8.682658663019537926e-04
3.675110638141632080e-03 2.613338455557823181e-02 1.055287104099988937e-02 3.137104213237762451e-02 1.497166976332664490e-02 3.410258889198303223e-02 3.007345646619796753e-02 3.662180528044700623e-02 6.799606978893280029e-02 3.794439136981964111e-03 3.799699991941452026e-02 4.876651763916015625e-01 3.307330235838890076e-02 2.170232981443405151e-01 1.169307250529527664e-02 1.889379136264324188e-02 2.374720200896263123e-02 5.282448977231979370e-02 1.872101798653602600e-02 4.674746468663215637e-02 1.448210794478654861e-02 2.104016719385981560e-03 3.675213828682899475e-02 5.630084499716758728e-02 4.680017381906509399e-02 5.099616199731826782e-02 3.809018060564994812e-02 9.641458839178085327e-02 2.514186687767505646e-02 1.306441277265548706e-01 3.386567160487174988e-02 2.248575352132320404e-02 4.510835930705070496e-02 3.606281429529190063e-02 2.243790961802005768e-02 1.086285244673490524e-02 9.574680007062852383e-05 2.812031283974647522e-02 1.732741482555866241e-02 8.985190838575363159e-02 5.538266617804765701e-03 5.616629961878061295e-03 1.759045943617820740e-02 2.585932053625583649e-02 1.009087339043617249e-01 5.199782550334930420e-02 2.109268493950366974e-02 4.846296831965446472e-02 4.663127660751342773e-02 3.927864879369735718e-02 5.330047104507684708e-03 3.037980291992425919e-03 4.207314178347587585e-02 1.491119898855686188e-02 1.729066483676433563e-02 2.336288616061210632e-02 2.036349102854728699e-02 4.324971232563257217e-04 3.509620204567909241e-02 1.101461425423622131e-02 3.495220560580492020e-03 5.000737681984901428e-02 3.552723303437232971e-02 3.458687104284763336e-03 3.979218378663063049e-02 2.808313071727752686e-02 5.067735537886619568e-02 5.823305342346429825e-03 1.743124425411224365e-02 3.291804715991020203e-02 6.927390396595001221e-02 4.840538650751113892e-02 1.920315064489841461e-02 2.103097923099994659e-02 1.726049743592739105e-02 4.247925430536270142e-02 6.716100871562957764e-02 1.099020522087812424e-02 4.621539637446403503e-02 1.551001053303480148e-02 3.150309249758720398e-02 9.240507148206233978e-03 2.740407735109329224e-02 3.280733525753021240e-02 5.175082013010978699e-02 1.891442388296127319e-02 3.226335719227790833e-02 2.846127562224864960e-02 8.919253200292587280e-02 2.972446754574775696e-02 1.970397867262363434e-02 3.575429692864418030e-02 2.406431594863533974e-03 4.649408906698226929e-02 1.006739214062690735e-02 2.777766808867454529e-02 1.474357210099697113e-02 2.167401835322380066e-02 1.184494886547327042e-02 2.233736403286457062e-02 1.403392758220434189e-02 6.475884467363357544e-03 3.923623356968164444e-03 1.120444294065237045e-02 3.038086742162704468e-02 6.012020166963338852e-03 2.446243539452552795e-02 1.962420158088207245e-02 1.588178239762783051e-02 3.094838932156562805e-03 8.278837427496910095e-03 1.894350349903106689e-02 2.265207655727863312e-02 3.665891662240028381e-02 2.038441784679889679e-02 4.532354325056076050e-02
9.322036802768707275e-02 1.369418650865554810e-01 4.609320312738418579e-02 3.746255859732627869e-02 8.138719946146011353e-03 1.997953839600086212e-02 5.910791084170341492e-02 3.617710433900356293e-03 1.394468173384666443e-02 3.900359570980072021e-02 1.305929869413375854e-01 3.307330235838890076e-02 5.085436105728149414e-01 5.195569247007369995e-04 1.627904176712036133e-02 3.976309671998023987e-03 4.641151428222656250e-02 2.722911909222602844e-02 3.880503401160240173e-02 5.247784312814474106e-03 3.390787634998559952e-03 5.231427028775215149e-02 2.917669154703617096e-02 2.111484855413436890e-02 6.238315254449844360e-03 2.766908891499042511e-02 2.130863256752490997e-02 2.369653619825839996e-02 8.974570664577186108e-05 2.819385938346385956e-02 6.775717251002788544e-03 2.452678605914115906e-02 3.891775384545326233e-02 1.807286520488560200e-03 1.370918098837137222e-02 3.112222440540790558e-02 4.910094290971755981e-02 3.638616204261779785e-02 3.726833383552730083e-04 4.496276006102561951e-02 1.811005361378192902e-02 1.846989803016185760e-02 3.052707947790622711e-02 5.010091233998537064e-03 4.521580412983894348e-02 4.794704169034957886e-02 4.662889242172241211e-02 1.841399446129798889e-02 4.087743873242288828e-04 3.103925287723541260e-02 4.390535131096839905e-02 4.113312438130378723e-02 8.846654556691646576e-03 4.102661460638046265e-02 3.388821613043546677e-03 6.413658848032355309e-04 5.734755843877792358e-02 4.046815261244773865e-02 3.555737808346748352e-02 4.426801577210426331e-03 5.960926879197359085e-03 1.955497823655605316e-02 1.992250047624111176e-02 1.534993201494216919e-02 8.159378170967102051e-02 6.577739864587783813e-02 7.693881634622812271e-03 3.454038128256797791e-02 4.802111163735389709e-02 3.716851398348808289e-02 2.376658096909523010e-02 2.909234724938869476e-02 1.805820129811763763e-02 5.286064743995666504e-02 4.309269785881042480e-02 4.327519237995147705e-02 3.956527262926101685e-02 1.286324951797723770e-02 5.040472373366355896e-02 3.048277832567691803e-02 6.554666906595230103e-03 2.176556922495365143e-02 3.077167645096778870e-02 3.825226053595542908e-02 5.961838178336620331e-03 2.442548610270023346e-02 1.086050993762910366e-03 2.037943713366985321e-02 9.358195587992668152e-03 1.736179552972316742e-02 2.883352898061275482e-02 3.812828660011291504e-02 6.587278097867965698e-03 7.417677342891693115e-02 5.115334410220384598e-03 1.987120602279901505e-03 8.802208467386662960e-04 2.961246483027935028e-02 5.174233019351959229e-02 4.046515375375747681e-02 6.868537049740552902e-03 3.190833330154418945e-02 1.006094180047512054e-02 1.852035149931907654e-02 2.161233127117156982e-02 3.907529264688491821e-02 1.926788501441478729e-02 3.015912696719169617e-02 2.525223791599273682e-02 4.598246142268180847e-02 1.430680695921182632e-02 3.600575029850006104e-03 5.187075119465589523e-03 1.512105762958526611e-02 3.964645788073539734e-02 3.477655723690986633e-02
