4.850555062294006348e-01 1.175563633441925049e-01 1.173977972939610481e-03 5.011672899127006531e-02 4.855943098664283752e-02 9.425785392522811890e-02 6.222385168075561523e-02 4.214457422494888306e-02 1.952749118208885193e-02 3.604876622557640076e-02 1.204328164458274841e-01 3.418884426355361938e-02 8.579658716917037964e-02 2.681274665519595146e-03 1.201167353428900242e-03 2.890740521252155304e-02 1.974775828421115875e-02 2.841291576623916626e-02 1.945968903601169586e-02 4.173000901937484741e-02 4.927583038806915283e-03 1.177999842911958694e-02 2.393222041428089142e-02 1.174858771264553070e-02 1.369809173047542572e-02 1.551680639386177063e-02 5.264308303594589233e-02 1.046453486196696758e-03 1.870157569646835327e-02 1.766159012913703918e-02 4.187788069248199463e-02 4.196110181510448456e-03 4.471204057335853577e-02 1.410908298566937447e-03 3.309214860200881958e-02 9.018456563353538513e-03 3.132297843694686890e-02 7.788450457155704498e-03 3.059362620115280151e-02 3.253396973013877869e-02 4.405846446752548218e-02 2.495751902461051941e-02 8.280454203486442566e-03 3.291545435786247253e-02 4.979714751243591309e-03 1.473759114742279053e-02 6.077402830123901367e-02 1.031684875488281250e-02 5.004566628485918045e-03 2.897161245346069336e-02 2.278091944754123688e-02 2.266342751681804657e-02 3.577077388763427734e-02 1.214454229921102524e-02 5.960850976407527924e-03 4.924264550209045410e-02 2.537193521857261658e-02 2.317289263010025024e-02 3.636151924729347229e-02 5.199665203690528870e-03 2.337067015469074249e-02 3.109223442152142525e-03 1.961244642734527588e-02 3.420697897672653198e-02 1.147450879216194153e-02 2.452870644629001617e-02 2.875169552862644196e-02 3.740270063281059265e-02 7.020258344709873199e-03 1.037289970554411411e-03 4.661885648965835571e-02 1.333207637071609497e-02 1.197595242410898209e-02 2.969575114548206329e-03 2.196257375180721283e-02 1.030925102531909943e-02 6.056187208741903305e-03 2.504441514611244202e-02 2.202291041612625122e-02 3.006504289805889130e-02 5.725624039769172668e-03 2.819550782442092896e-02 3.259775787591934204e-02 1.905124261975288391e-02 3.929217532277107239e-02 3.583929315209388733e-02 4.354996234178543091e-02 4.923622310161590576e-02 2.182229980826377869e-02 2.932874299585819244e-02 2.575940079987049103e-02 1.355935353785753250e-02 4.687251895666122437e-02 3.204598650336265564e-02 8.570420555770397186e-03 2.360486797988414764e-02 5.936201661825180054e-02 8.086079731583595276e-03 3.040367737412452698e-02 2.794714644551277161e-03 1.611955650150775909e-02 2.332572080194950104e-02 5.088661611080169678e-02 3.503242740407586098e-03 1.530489604920148849e-02 1.500141900032758713e-02 1.591795682907104492e-02 1.761252805590629578e-02 1.135767158120870590e-02 2.629203954711556435e-03 4.738383460789918900e-03 2.071020565927028656e-02 4.380947723984718323e-02 3.975517116487026215e-03 4.582609981298446655e-02 7.743979990482330322e-02
1.175563633441925049e-01 4.850109219551086426e-01 1.374644320458173752e-02 4.627529159188270569e-02 1.943583227694034576e-02 1.112042218446731567e-01 8.993218094110488892e-02 2.630004286766052246e-02 8.751332759857177734e-03 3.653617203235626221e-02 1.122045814990997314e-01 2.486753091216087341e-02 1.096677407622337341e-01 1.253449264913797379e-02 1.405070815235376358e-02 3.305234014987945557e-02 2.728883735835552216e-02 1.529727131128311157e-02 2.766632288694381714e-02 4.811943322420120239e-02 1.422196626663208008e-03 1.749720983207225800e-02 8.969757705926895142e-03 2.500060072634369135e-04 4.591289034578949213e-04 1.366984657943248749e-02 4.524353146553039551e-02 1.534533780068159103e-02 1.359788980334997177e-02 7.858834229409694672e-03 3.869911655783653259e-02 3.986363299190998077e-03 1.358377188444137573e-02 2.124202437698841095e-03 4.134560748934745789e-02 1.879619318060576916e-03 1.259333826601505280e-02 4.010045377071946859e-04 1.236141100525856018e-02 4.708105698227882385e-02 5.541980639100074768e-02 1.417042128741741180e-02 1.307406276464462280e-02 3.133854642510414124e-02 7.647418882697820663e-03 1.066468190401792526e-03 4.941720142960548401e-02 5.974546540528535843e-03 1.511421427130699158e-02 4.505296051502227783e-02 1.021915487945079803e-02 2.447838522493839264e-02 8.584397844970226288e-03 9.269370697438716888e-03 1.204445585608482361e-02 3.731198236346244812e-02 2.124050259590148926e-02 3.862263262271881104e-02 5.183659121394157410e-02 5.936473608016967773e-03 1.672626100480556488e-02 1.943336240947246552e-02 4.502811934798955917e-03 6.666364148259162903e-03 9.758254163898527622e-04 5.118143185973167419e-02 3.001977689564228058e-02 4.434122517704963684e-02 2.409519860520958900e-03 4.135152790695428848e-03 3.289705142378807068e-02 2.430393546819686890e-02 1.470799837261438370e-02 1.083494280464947224e-03 3.296908363699913025e-02 1.814909861423075199e-03 1.258856896311044693e-02 2.806340903043746948e-02 9.081806987524032593e-03 3.364672511816024780e-02 3.188845701515674591e-03 3.726217150688171387e-02 4.105021804571151733e-02 5.113063845783472061e-03 3.174814209342002869e-02 3.823469206690788269e-02 4.096003621816635132e-02 4.207099974155426025e-02 2.801245823502540588e-02 4.002682864665985107e-02 2.180613204836845398e-02 7.337279617786407471e-03 3.582986816763877869e-02 1.354165002703666687e-02 6.016968283802270889e-03 1.147178560495376587e-02 8.909900672733783722e-03 2.305124700069427490e-02 4.883228614926338196e-02 2.964701270684599876e-03 1.124438270926475525e-02 2.786049619317054749e-02 3.851579129695892334e-02 2.591005340218544006e-02 1.566425710916519165e-02 2.957376092672348022e-02 3.376603871583938599e-02 3.046001680195331573e-02 5.664615891873836517e-03 2.006973884999752045e-02 1.628305763006210327e-02 3.460486233234405518e-02 2.890134230256080627e-02 2.740555908530950546e-03 1.616686210036277771e-02 3.448650985956192017e-02
1.173977972939610481e-03 1.374644320458173752e-02 4.362844526767730713e-01 2.752522937953472137e-03 2.785881236195564270e-02 3.000868111848831177e-02 3.961153328418731689e-03 7.778534293174743652e-02 2.383372001349925995e-02 1.289421785622835159e-02 7.689224090427160263e-03 3.162414580583572388e-02 2.256805449724197388e-02 4.016676172614097595e-02 6.403895467519760132e-02 1.422705966979265213e-02 1.808827929198741913e-02 3.864112868905067444e-02 1.939203962683677673e-02 2.874406799674034119e-02 4.421931132674217224e-02 2.403252385556697845e-02 4.341657832264900208e-02 4.791384562849998474e-03 3.172175260260701180e-03 2.906022593379020691e-02 3.421425446867942810e-02 5.708146374672651291e-03 6.495340168476104736e-02 4.011827334761619568e-02 2.428133971989154816e-02 4.519756138324737549e-02 3.998686745762825012e-02 4.484016448259353638e-02 2.789902687072753906e-02 2.289714664220809937e-02 3.591230884194374084e-02 2.608268521726131439e-02 8.889505639672279358e-03 1.731727644801139832e-02 2.163438312709331512e-02 3.975459560751914978e-02 4.486759379506111145e-02 3.282373026013374329e-02 1.477004215121269226e-02 3.462874144315719604e-02 1.904642023146152496e-02 8.776033297181129456e-03 2.459199540317058563e-02 2.365886420011520386e-02 6.268797442317008972e-03 1.256725005805492401e-02 1.453371439129114151e-02 3.999722003936767578e-02 5.166343227028846741e-02 1.144760195165872574e-02 8.143962360918521881e-03 1.058780681341886520e-02 1.190824657678604126e-01 8.686005603522062302e-04 4.783303942531347275e-03 2.792015904560685158e-03 7.927048951387405396e-03 3.704489907249808311e-03 1.151967700570821762e-02 7.753988727927207947e-03 3.534727171063423157e-02 2.246260270476341248e-02 3.261126950383186340e-02 2.680153027176856995e-02 2.606019377708435059e-02 4.878654330968856812e-02 2.074899338185787201e-02 1.339350827038288116e-02 3.307157009840011597e-02 4.380281269550323486e-02 2.307561784982681274e-02 3.440177068114280701e-02 3.825236111879348755e-02 4.668424371629953384e-03 2.064696699380874634e-02 2.581003680825233459e-02 4.615022987127304077e-02 1.431193784810602665e-03 2.780752722173929214e-03 4.458117857575416565e-02 2.247232198715209961e-02 3.081750683486461639e-02 1.419138070195913315e-02 2.652243245393037796e-03 2.578022703528404236e-02 2.795640612021088600e-03 6.556440610438585281e-03 4.719485342502593994e-02 1.892719417810440063e-02 1.525682210922241211e-02 1.383590977638959885e-02 2.748619392514228821e-02 1.081252843141555786e-02 4.586760886013507843e-03 2.839607931673526764e-02 4.061787948012351990e-02 2.287822216749191284e-02 1.920814067125320435e-02 4.864149540662765503e-02 2.571260090917348862e-03 1.733759272610768676e-04 1.467165630310773849e-02 2.036919444799423218e-02 3.011565282940864563e-02 7.978314533829689026e-03 3.169274656102061272e-03 3.088167868554592133e-02 2.104127779603004456e-03 8.601983077824115753e-03 1.951825618743896484e-02
5.011672899127006531e-02 4.627529159188270569e-02 2.752522937953472137e-03 4.489767849445343018e-01 9.420993179082870483e-02 6.502465810626745224e-03 1.720855757594108582e-02 6.630205549299716949e-03 1.156465848907828331e-03 2.656920067965984344e-02 8.339443244040012360e-03 2.942383289337158203e-02 5.908147245645523071e-02 4.553452134132385254e-02 3.182062506675720215e-02 4.028578847646713257e-02 6.823152303695678711e-03 1.330664474517107010e-02 2.922884188592433929e-02 4.664516076445579529e-02 1.375812012702226639e-02 8.270749240182340145e-04 5.414858087897300720e-02 4.249683395028114319e-02 3.671731427311897278e-02 4.007394239306449890e-02 5.455792881548404694e-03 9.245332330465316772e-03 3.145040571689605713e-02 4.385188966989517212e-02 3.914432600140571594e-02 4.212951660156250000e-02 7.739254832267761230e-02 2.013832330703735352e-02 1.282881479710340500e-03 3.194901347160339355e-02 2.219140902161598206e-02 1.282999105751514435e-02 3.040733002126216888e-02 1.016499754041433334e-02 3.161375224590301514e-02 3.881895914673805237e-02 3.468390554189682007e-02 1.463143993169069290e-02 2.821100503206253052e-02 3.699222579598426819e-02 4.509182274341583252e-02 3.983612731099128723e-02 3.111497499048709869e-02 1.687334291636943817e-02 5.614500492811203003e-02 2.186459675431251526e-02 4.235716164112091064e-02 5.351994186639785767e-03 2.802587859332561493e-02 2.859688177704811096e-02 5.888514220714569092e-02 3.332650056108832359e-03 1.174331828951835632e-02 2.080985531210899353e-02 8.727768063545227051e-02 2.062469907104969025e-02 2.355800382792949677e-02 2.431542798876762390e-02 9.618286974728107452e-03 3.286982327699661255e-02 4.717050469480454922e-04 6.015185732394456863e-03 1.268659252673387527e-02 1.393476873636245728e-02 3.941537439823150635e-02 1.246420666575431824e-02 1.172439455986022949e-01 8.228832855820655823e-03 1.490916404873132706e-02 3.457114100456237793e-02 2.334085479378700256e-02 1.943395286798477173e-02 1.073552947491407394e-02 2.835078723728656769e-02 1.157580129802227020e-02 1.067322585731744766e-02 5.325345322489738464e-02 3.633197396993637085e-02 7.297412957996129990e-03 3.605831786990165710e-02 2.744180522859096527e-02 2.072788402438163757e-02 1.637398451566696167e-02 3.995538502931594849e-02 4.592702258378267288e-03 2.451756410300731659e-02 1.172724179923534393e-02 3.335103765130043030e-02 1.160792261362075806e-02 5.036069825291633606e-02 1.181286107748746872e-02 2.804603986442089081e-02 1.417420338839292526e-02 3.523698821663856506e-02 3.571712225675582886e-02 3.103156108409166336e-03 5.907255224883556366e-03 7.824823842383921146e-04 1.163644529879093170e-02 4.502073675394058228e-02 3.660720214247703552e-02 1.888848096132278442e-02 3.054023534059524536e-02 4.280816763639450073e-03 1.706779934465885162e-02 3.351437300443649292e-02 1.777537725865840912e-02 2.524572610855102539e-02 4.516159649938344955e-03 3.522991761565208435e-02
4.855943098664283752e-02 1.943583227694034576e-02 2.785881236195564270e-02 9.420993179082870483e-02 4.517018198966979980e-01 5.902360193431377411e-03 1.855781301856040955e-02 2.531526796519756317e-02 2.887130156159400940e-02 2.371929585933685303e-02 2.433036826550960541e-02 3.808347508311271667e-02 4.960869904607534409e-03 7.867044955492019653e-02 1.091573573648929596e-02 2.719706669449806213e-02 2.554128132760524750e-02 1.266707107424736023e-02 8.062639087438583374e-02 1.517058163881301880e-02 4.034784063696861267e-02 1.437276229262351990e-02 1.258391048759222031e-02 3.532882034778594971e-02 4.891481995582580566e-02 6.598443724215030670e-03 4.069789126515388489e-02 3.031903319060802460e-02 1.417411491274833679e-02 7.124722003936767578e-03 1.734010875225067139e-02 2.554040960967540741e-02 8.531645871698856354e-03 7.128535304218530655e-03 5.506010353565216064e-02 4.619996249675750732e-02 1.669982261955738068e-02 4.230032488703727722e-02 2.074225246906280518e-02 4.081467923242598772e-04 1.464171614497900009e-02 4.024036228656768799e-03 2.310644462704658508e-02 2.030479535460472107e-02 3.232124820351600647e-02 2.123710699379444122e-02 3.327166661620140076e-02 9.752771817147731781e-03 8.515349589288234711e-03 4.755555093288421631e-02 4.508473724126815796e-02 1.625287719070911407e-02 4.389925301074981689e-02 4.766089841723442078e-03 4.607547074556350708e-02 2.541323192417621613e-02 4.461723566055297852e-02 1.044336333870887756e-02 7.291648536920547485e-02 9.010953828692436218e-03 6.612265948206186295e-03 9.323866665363311768e-02 3.863928094506263733e-02 1.135138049721717834e-02 1.462258119136095047e-02 7.170528173446655273e-02 1.781049743294715881e-02 2.225533500313758850e-02 1.846308819949626923e-02 4.634631425142288208e-02 2.947264537215232849e-02 1.171532552689313889e-02 2.103957906365394592e-02 1.329244300723075867e-02 7.827066630125045776e-02 4.305851086974143982e-02 1.633066125214099884e-02 2.658542804419994354e-02 3.515106439590454102e-02 5.318340286612510681e-02 2.865285426378250122e-02 4.629418998956680298e-02 6.010799203068017960e-03 1.549147218465805054e-01 9.634430706501007080e-02 4.167090728878974915e-02 3.350628912448883057e-02 2.328824484720826149e-03 2.727189473807811737e-02 4.382496327161788940e-02 2.529520541429519653e-02 1.893743686378002167e-02 3.289934992790222168e-02 4.053440317511558533e-02 5.166703462600708008e-02 2.300315909087657928e-02 7.007895037531852722e-03 4.420904442667961121e-02 5.934626795351505280e-03 2.992775291204452515e-02 1.391659304499626160e-02 5.127027630805969238e-02 1.024199835956096649e-02 1.838494837284088135e-02 2.219534292817115784e-02 1.309546735137701035e-02 3.651001723483204842e-03 3.613675013184547424e-02 2.844923548400402069e-02 4.112613946199417114e-02 1.331492327153682709e-02 2.041109092533588409e-02 4.507971182465553284e-02 3.006821870803833008e-02 3.383129835128784180e-02 3.381466120481491089e-02
9.425785392522811890e-02 1.112042218446731567e-01 3.000868111848831177e-02 6.502465810626745224e-03 5.902360193431377411e-03 4.875827431678771973e-01 1.307528614997863770e-01 2.783254720270633698e-02 4.240429960191249847e-03 4.643167182803153992e-02 9.714186936616897583e-02 1.093250513076782227e-02 1.242751032114028931e-01 2.997733466327190399e-02 7.918382179923355579e-04 4.360045492649078369e-02 3.413540497422218323e-02 1.816992089152336121e-02 3.021715022623538971e-02 5.010427162051200867e-02 7.483338005840778351e-03 3.935243561863899231e-02 3.107039816677570343e-02 4.076796397566795349e-02 1.356947585009038448e-03 3.198622725903987885e-04 1.097639184445142746e-02 4.225138202309608459e-02 4.908322356641292572e-03 8.803108707070350647e-03 2.382341399788856506e-02 1.723643764853477478e-02 4.296349734067916870e-02 2.098330482840538025e-02 3.186980634927749634e-02 2.886088564991950989e-02 3.721790388226509094e-02 4.110511392354965210e-02 3.899951279163360596e-02 4.238484799861907959e-02 1.797326467931270599e-02 2.038981998339295387e-03 2.391497232019901276e-02 2.872598916292190552e-02 5.190695822238922119e-02 4.866335168480873108e-02 9.651383757591247559e-02 3.227655217051506042e-02 3.642106428742408752e-02 2.041241340339183807e-02 3.500493243336677551e-02 7.916230708360671997e-02 3.701490163803100586e-02 1.374356355518102646e-02 7.651566993445158005e-03 4.562572762370109558e-02 5.196205899119377136e-02 2.229913137853145599e-02 1.718472875654697418e-02 4.335204884409904480e-02 1.497299969196319580e-02 2.226500026881694794e-02 3.301277756690979004e-02 5.196818616241216660e-03 4.526448249816894531e-02 1.598342135548591614e-02 5.113313719630241394e-02 3.690751641988754272e-02 1.649449393153190613e-02 6.156045477837324142e-03 1.702920533716678619e-02 1.834647171199321747e-02 2.816174551844596863e-02 2.345339627936482430e-03 4.950236156582832336e-02 1.809724606573581696e-02 2.491108700633049011e-02 3.528105467557907104e-02 4.111317393835633993e-04 1.996119879186153412e-02 2.098469249904155731e-02 3.616029769182205200e-02 7.697599008679389954e-03 1.264378242194652557e-02 3.635770082473754883e-02 1.323262788355350494e-02 4.615737497806549072e-02 4.390778392553329468e-02 2.828525751829147339e-02 4.434060677886009216e-02 5.022748559713363647e-02 3.876066207885742188e-02 1.153212855570018291e-03 5.067799612879753113e-02 1.357173640280961990e-02 3.688847646117210388e-02 4.908643662929534912e-03 3.302378114312887192e-03 2.594796381890773773e-02 2.048239111900329590e-02 8.729225024580955505e-03 2.511588297784328461e-02 6.581263151019811630e-03 4.095689207315444946e-02 2.258277870714664459e-02 4.077990353107452393e-02 5.344828590750694275e-02 6.336564663797616959e-03 2.994251251220703125e-02 1.933034695684909821e-02 1.604825444519519806e-02 3.945021703839302063e-02 3.210135037079453468e-03 3.993901982903480530e-02 4.268012940883636475e-03 3.919000271707773209e-03
6.222385168075561523e-02 8.993218094110488892e-02 3.961153328418731689e-03 1.720855757594108582e-02 1.855781301856040955e-02 1.307528614997863770e-01 4.833672046661376953e-01 3.667245618999004364e-04 1.310489955358207226e-03 4.743132274597883224e-03 7.297347486019134521e-02 4.357469826936721802e-02 9.883217513561248779e-02 3.392239287495613098e-02 5.005361884832382202e-02 4.739151895046234131e-02 3.610986098647117615e-02 6.743664387613534927e-03 1.457022782415151596e-02 4.951289668679237366e-02 4.030336812138557434e-02 2.041343227028846741e-02 1.682487130165100098e-02 5.237665027379989624e-02 3.380299778655171394e-03 1.544298045337200165e-02 9.482763707637786865e-03 5.290019139647483826e-02 1.574471592903137207e-02 2.370139397680759430e-02 6.879557855427265167e-03 2.052928879857063293e-02 2.569764852523803711e-02 8.126112632453441620e-03 2.784190513193607330e-02 3.893648833036422729e-02 5.306452140212059021e-02 2.322635380551218987e-03 3.270889073610305786e-02 1.079309266060590744e-02 3.709411621093750000e-02 1.135705970227718353e-02 3.744769468903541565e-02 1.436957810074090958e-02 3.948282077908515930e-02 6.602232903242111206e-02 7.716837525367736816e-02 1.179998517036437988e-01 2.835944667458534241e-02 1.583012193441390991e-02 3.637207671999931335e-02 5.224134027957916260e-02 2.856379188597202301e-02 3.188733384013175964e-02 2.475486882030963898e-02 3.171539679169654846e-02 3.253340721130371094e-02 2.389075048267841339e-02 2.843956230208277702e-03 5.070086196064949036e-02 1.856377581134438515e-03 4.680420085787773132e-02 1.645096205174922943e-02 6.696898024529218674e-03 3.769201785326004028e-02 1.556148007512092590e-02 3.984308242797851562e-02 5.067892745137214661e-02 8.249604143202304840e-03 3.492552787065505981e-02 1.766217988915741444e-03 4.339625593274831772e-03 1.131768338382244110e-02 4.646841436624526978e-02 1.333220512606203556e-03 5.106230732053518295e-03 1.217661611735820770e-02 1.658296398818492889e-02 2.354189939796924591e-02 9.960363619029521942e-03 1.053409744054079056e-02 3.320074081420898438e-02 1.093033142387866974e-02 1.283116079866886139e-02 4.697977006435394287e-02 1.084047555923461914e-02 4.344951733946800232e-02 5.361074954271316528e-02 6.218241527676582336e-03 2.592040412127971649e-02 3.981905058026313782e-02 5.561684444546699524e-02 3.392018005251884460e-02 1.927277445793151855e-02 3.393009305000305176e-02 4.414225742220878601e-02 3.134421259164810181e-02 2.002784051001071930e-02 2.820821292698383331e-02 8.872521109879016876e-03 2.972107939422130585e-02 2.170042507350444794e-02 1.531960908323526382e-03 4.257872328162193298e-02 4.396567493677139282e-02 3.121848590672016144e-02 2.046497724950313568e-02 8.288970217108726501e-03 2.255761064589023590e-02 2.493635192513465881e-02 1.330741867423057556e-02 1.683179289102554321e-02 2.313693799078464508e-02 5.437877401709556580e-02 3.867066651582717896e-02 7.514376775361597538e-04
4.214457422494888306e-02 2.630004286766052246e-02 7.778534293174743652e-02 6.630205549299716949e-03 2.531526796519756317e-02 2.783254720270633698e-02 3.667245618999004364e-04 4.558651149272918701e-01 4.466750845313072205e-02 4.340277612209320068e-02 1.481123827397823334e-02 1.172413863241672516e-02 2.309729531407356262e-02 2.619039453566074371e-02 1.099899858236312866e-01 5.003409460186958313e-02 4.722937941551208496e-02 2.887655422091484070e-02 2.549708634614944458e-02 3.175145760178565979e-02 2.269514463841915131e-02 1.944242976605892181e-02 2.670200355350971222e-02 2.789416722953319550e-02 3.283114358782768250e-02 3.751170635223388672e-02 7.060764357447624207e-03 1.621373929083347321e-03 1.227552443742752075e-02 1.623508334159851074e-02 3.112168237566947937e-02 4.080852493643760681e-02 2.457697317004203796e-02 3.734174370765686035e-02 3.257218003273010254e-02 4.239581897854804993e-02 5.685123801231384277e-02 2.654305892065167427e-03 1.696003414690494537e-02 2.265173569321632385e-02 9.610333479940891266e-03 2.429015934467315674e-02 1.271761395037174225e-02 6.236474961042404175e-02 3.393525257706642151e-02 1.159550156444311142e-02 2.539688907563686371e-02 3.571736067533493042e-02 2.156978473067283630e-02 7.046521175652742386e-03 2.473713830113410950e-02 3.242255002260208130e-02 7.633431814610958099e-03 3.649345785379409790e-02 4.488182812929153442e-02 3.067417303100228310e-03 9.306075051426887512e-03 1.022200658917427063e-02 5.396828986704349518e-03 2.877539768815040588e-02 1.517974585294723511e-02 4.130932316184043884e-02 2.165162935853004456e-02 6.800900399684906006e-02 3.757255896925926208e-02 1.915626600384712219e-02 3.137413039803504944e-02 1.856771297752857208e-02 4.641929268836975098e-02 9.025400504469871521e-03 3.348459023982286453e-03 2.832747623324394226e-02 4.920937120914459229e-03 3.727372735738754272e-02 3.384326025843620300e-02 4.247804358601570129e-02 4.568237811326980591e-02 2.878899220377206802e-03 6.828898098319768906e-03 2.770490199327468872e-02 1.528166234493255615e-01 1.294479817152023315e-01 1.544723939150571823e-02 1.807197928428649902e-02 1.111986488103866577e-02 2.003596164286136627e-02 7.955172657966613770e-02 7.364013791084289551e-02 1.659305579960346222e-02 9.861792437732219696e-03 3.482747822999954224e-02 1.957164146006107330e-02 3.678007423877716064e-02 6.328830868005752563e-02 2.732208371162414551e-02 1.505646109580993652e-02 1.217594835907220840e-02 4.539258405566215515e-02 3.769667446613311768e-02 1.055037230253219604e-02 1.294651534408330917e-02 3.364481776952743530e-02 1.043587923049926758e-02 6.753142923116683960e-03 2.165279909968376160e-02 4.582874849438667297e-02 1.683646696619689465e-03 1.441893260926008224e-02 3.063532710075378418e-02 3.308269008994102478e-02 2.829521894454956055e-02 1.226411107927560806e-02 3.325481340289115906e-02 1.354347076267004013e-02 1.266739703714847565e-02 4.545749630779027939e-03
1.952749118208885193e-02 8.751332759857177734e-03 2.383372001349925995e-02 1.156465848907828331e-03 2.887130156159400940e-02 4.240429960191249847e-03 1.310489955358207226e-03 4.466750845313072205e-02 4.890756309032440186e-01 7.668469101190567017e-03 4.070417489856481552e-03 1.165608316659927368e-02 1.939501240849494934e-02 4.882459715008735657e-02 3.712832182645797729e-02 3.294757753610610962e-02 2.614092268049716949e-02 6.393059343099594116e-02 4.244257137179374695e-02 5.663113668560981750e-02 4.261572659015655518e-02 4.383300617337226868e-02 5.652992054820060730e-02 2.225906960666179657e-02 2.219044230878353119e-02 4.501757398247718811e-02 2.028537355363368988e-02 1.582646742463111877e-02 2.146406285464763641e-02 4.861279376200400293e-05 8.670615497976541519e-04 1.875964365899562836e-02 5.596149247139692307e-03 1.469253655523061752e-02 3.990943729877471924e-02 3.558857738971710205e-02 5.729091912508010864e-02 2.905786596238613129e-02 2.550206333398818970e-02 3.740180656313896179e-02 2.282118424773216248e-02 1.464811526238918304e-02 7.108881138265132904e-03 7.617087569087743759e-03 2.659346722066402435e-02 6.077682971954345703e-02 2.049852162599563599e-02 5.881005563423968852e-05 5.176005885004997253e-02 2.644737623631954193e-02 3.308952972292900085e-02 1.184567576274275780e-03 2.273770421743392944e-02 1.373458839952945709e-02 4.670433327555656433e-02 2.768625132739543915e-02 5.525886267423629761e-02 1.777847297489643097e-02 5.190184712409973145e-02 4.888799414038658142e-02 2.204336784780025482e-02 4.999209567904472351e-02 7.456708699464797974e-03 2.128825709223747253e-02 8.814504370093345642e-03 5.680224299430847168e-02 3.403495252132415771e-02 5.564589053392410278e-02 4.354269802570343018e-02 1.122903730720281601e-02 3.471557423472404480e-02 1.908812858164310455e-02 7.303745951503515244e-03 1.649199798703193665e-02 5.564435571432113647e-02 3.852185560390353203e-03 8.693012595176696777e-02 7.040764670819044113e-03 6.998206675052642822e-02 1.924723386764526367e-02 4.689666908234357834e-03 3.738194704055786133e-02 1.245289575308561325e-02 1.829434768296778202e-03 2.844647690653800964e-02 1.684748195111751556e-02 9.339036419987678528e-03 7.582216057926416397e-03 6.025712937116622925e-02 3.862671926617622375e-02 1.230182312428951263e-02 9.354547597467899323e-03 3.138034790754318237e-02 3.187299519777297974e-02 1.188531145453453064e-02 2.443541027605533600e-02 3.369508683681488037e-02 1.950624957680702209e-02 1.795457676053047180e-02 6.046136096119880676e-02 3.994645085185766220e-03 2.532911639718804508e-05 4.326374828815460205e-02 5.700850859284400940e-03 4.616762325167655945e-02 4.335277713835239410e-03 3.036013990640640259e-02 7.200115360319614410e-03 2.412199683021754026e-04 2.937461994588375092e-02 3.873457014560699463e-02 3.834028495475649834e-03 8.957717567682266235e-03 1.282716053538024426e-03 5.078144837170839310e-03 2.467144513502717018e-03
3.604876622557640076e-02 3.653617203235626221e-02 1.289421785622835159e-02 2.656920067965984344e-02 2.371929585933685303e-02 4.643167182803153992e-02 4.743132274597883224e-03 4.340277612209320068e-02 7.668469101190567017e-03 4.887481331825256348e-01 1.757357455790042877e-02 3.289303183555603027e-02 1.462606899440288544e-02 6.628896296024322510e-02 9.728786535561084747e-03 3.085025772452354431e-02 1.411601994186639786e-02 4.369346052408218384e-02 1.384672522544860840e-01 1.820388808846473694e-02 1.809682697057723999e-02 1.576169766485691071e-02 4.679566621780395508e-02 5.601214990019798279e-02 2.057164721190929413e-02 5.383813753724098206e-02 8.855510503053665161e-03 3.317712992429733276e-02 2.034580521285533905e-02 3.454404650256037712e-03 2.589919045567512512e-02 2.605727873742580414e-02 2.503531798720359802e-02 6.380877457559108734e-03 2.830443345010280609e-02 4.890416935086250305e-02 1.162374019622802734e-02 3.391106054186820984e-02 3.245419636368751526e-02 1.149602048099040985e-02 2.392179705202579498e-02 6.850447971373796463e-03 5.161928478628396988e-03 1.743441075086593628e-02 5.289964750409126282e-02 4.812351986765861511e-02 1.580193825066089630e-02 1.785641722381114960e-02 1.581248827278614044e-02 1.088132932782173157e-01 4.823251068592071533e-02 1.713705621659755707e-02 4.767368361353874207e-02 3.718745708465576172e-02 1.931833848357200623e-02 3.277397155761718750e-02 2.362072281539440155e-02 9.266839176416397095e-02 2.975712716579437256e-02 1.282885856926441193e-02 2.120373584330081940e-02 5.235111713409423828e-02 2.962097525596618652e-02 2.619412168860435486e-02 4.750047624111175537e-02 2.898587659001350403e-02 4.422324150800704956e-02 7.260959129780530930e-03 2.688140422105789185e-02 6.533312052488327026e-02 5.654466524720191956e-02 3.335232287645339966e-02 2.797066979110240936e-02 6.683964282274246216e-02 1.192033407278358936e-03 2.407950721681118011e-02 2.656053006649017334e-02 1.851309388875961304e-01 1.959342323243618011e-02 1.298570334911346436e-01 1.611267961561679840e-02 1.811811700463294983e-02 2.488327398896217346e-02 6.850335001945495605e-02 4.288812354207038879e-02 2.344317920506000519e-02 9.257808327674865723e-03 1.831824518740177155e-02 2.878129016607999802e-03 1.378058493137359619e-01 3.002000227570533752e-02 3.907834738492965698e-02 3.906420990824699402e-02 3.630032017827033997e-02 2.330848574638366699e-02 1.251854654401540756e-02 3.943065647035837173e-03 6.844547111541032791e-03 2.028506714850664139e-03 5.454751662909984589e-03 2.506395429372787476e-02 2.548523992300033569e-02 8.032539859414100647e-03 4.227316007018089294e-02 9.141861228272318840e-04 3.915305435657501221e-02 5.582102760672569275e-02 3.487065806984901428e-02 5.000469461083412170e-02 9.609525091946125031e-03 4.586341604590415955e-02 2.782387472689151764e-02 3.077854774892330170e-02 2.587071619927883148e-02 1.503970287740230560e-02 1.762838364811614156e-04
1.204328164458274841e-01 1.122045814990997314e-01 7.689224090427160263e-03 8.339443244040012360e-03 2.433036826550960541e-02 9.714186936616897583e-02 7.297347486019134521e-02 1.481123827397823334e-02 4.070417489856481552e-03 1.757357455790042877e-02 4.774982929229736328e-01 2.290374040603637695e-02 1.467738151550292969e-01 7.535213138908147812e-03 7.820584811270236969e-03 2.596817910671234131e-02 1.159621588885784149e-02 1.141928788274526596e-02 8.107079192996025085e-03 2.318020723760128021e-02 5.110586807131767273e-02 2.465745434165000916e-02 8.301856578327715397e-04 2.338377013802528381e-02 3.189720958471298218e-02 2.560765855014324188e-02 4.904590919613838196e-02 6.708038970828056335e-03 3.398726880550384521e-02 2.221606858074665070e-02 7.673647254705429077e-03 5.799378268420696259e-03 3.672749921679496765e-02 8.702761493623256683e-03 1.893470250070095062e-02 1.269861403852701187e-02 2.017881721258163452e-02 4.999909084290266037e-03 4.515915364027023315e-02 1.827336661517620087e-02 2.616269327700138092e-02 8.633886463940143585e-03 5.463123321533203125e-03 1.051290333271026611e-02 4.810388199985027313e-03 5.255706142634153366e-03 6.603928655385971069e-02 2.367343287914991379e-03 5.067268852144479752e-03 6.303053814917802811e-03 3.064564056694507599e-02 2.506478689610958099e-02 1.154565531760454178e-02 2.284518443048000336e-02 1.473586726933717728e-02 5.183086916804313660e-02 7.224617991596460342e-03 2.661785297095775604e-02 3.185921534895896912e-02 1.870923675596714020e-02 3.239129111170768738e-02 1.037202402949333191e-02 2.289270423352718353e-02 3.289616480469703674e-02 6.248586997389793396e-02 2.616756223142147064e-02 1.928694918751716614e-02 1.851671561598777771e-02 4.405844584107398987e-02 1.992248184978961945e-02 3.909658268094062805e-02 1.794464886188507080e-02 2.806542254984378815e-02 1.302933692932128906e-02 4.417299106717109680e-02 1.569005660712718964e-02 1.904911175370216370e-02 8.800463750958442688e-03 1.662848703563213348e-02 4.733147099614143372e-02 1.544968411326408386e-02 7.753961253911256790e-03 2.978793717920780182e-02 1.871236367151141167e-03 4.538686200976371765e-02 3.491122275590896606e-02 1.897721737623214722e-02 4.614108428359031677e-02 2.122895602951757610e-05 4.965163022279739380e-02 4.711098223924636841e-02 5.524966493248939514e-02 6.347318179905414581e-03 4.341289028525352478e-02 3.783880546689033508e-02 4.238629713654518127e-02 7.138235121965408325e-02 3.277093404904007912e-03 2.668734872713685036e-03 1.795709133148193359e-02 4.425176605582237244e-02 5.213411152362823486e-02 5.223935097455978394e-02 3.053175657987594604e-02 1.255534868687391281e-02 4.478130862116813660e-02 2.074877358973026276e-02 3.225930407643318176e-02 4.181517753750085831e-03 1.715450920164585114e-02 1.518941670656204224e-02 3.531454876065254211e-02 3.506430611014366150e-02 1.659377291798591614e-02 1.867978088557720184e-02 3.331117704510688782e-02
3.418884426355361938e-02 2.486753091216087341e-02 3.162414580583572388e-02 2.942383289337158203e-02 3.808347508311271667e-02 1.093250513076782227e-02 4.357469826936721802e-02 1.172413863241672516e-02 1.165608316659927368e-02 3.289303183555603027e-02 2.290374040603637695e-02 4.669383466243743896e-01 5.157351121306419373e-02 1.716058105230331421e-01 9.389976970851421356e-03 1.569042354822158813e-02 2.198353037238121033e-02 4.908553138375282288e-02 4.346854612231254578e-02 2.939055440947413445e-03 2.843332849442958832e-02 7.526509929448366165e-03 5.165434628725051880e-02 7.928681559860706329e-03 4.039692878723144531e-02 1.131306961178779602e-02 8.288315148092806339e-04 1.199419870972633362e-01 2.262681722640991211e-02 4.764465615153312683e-02 5.325895175337791443e-02 2.570664696395397186e-02 1.338171213865280151e-02 4.423474147915840149e-02 1.274162996560335159e-02 1.919226162135601044e-02 6.039792671799659729e-03 5.742860957980155945e-03 4.458377882838249207e-02 3.444568719714879990e-03 1.602207496762275696e-02 2.191103808581829071e-02 7.798176258802413940e-03 4.548330977559089661e-02 1.466182023286819458e-01 3.668386489152908325e-03 3.263167291879653931e-02 4.454150795936584473e-02 5.946964025497436523e-03 4.330467805266380310e-02 1.862342841923236847e-02 2.387677319347858429e-02 4.329236596822738647e-02 5.067287012934684753e-02 7.131648017093539238e-04 3.118940815329551697e-02 7.596831768751144409e-02 3.022113256156444550e-02 1.995937339961528778e-02 2.079613506793975830e-02 5.924701690673828125e-02 1.407771930098533630e-02 6.907036527991294861e-03 3.744589164853096008e-02 1.083048898726701736e-02 3.126350231468677521e-03 1.349261216819286346e-02 1.335937343537807465e-02 2.295826189219951630e-02 3.766877204179763794e-02 2.877612970769405365e-02 4.000860452651977539e-02 2.612374909222126007e-02 2.117095515131950378e-02 8.460863679647445679e-02 2.796907164156436920e-02 3.350988030433654785e-02 8.692246861755847931e-03 3.575329110026359558e-02 4.589835181832313538e-02 2.364144101738929749e-02 4.042636975646018982e-02 1.086892187595367432e-02 3.272399306297302246e-02 1.885450258851051331e-02 5.742215085774660110e-03 3.536042990162968636e-03 8.923707529902458191e-03 8.805327117443084717e-02 2.358243428170681000e-02 3.075195103883743286e-02 4.579309001564979553e-02 4.259489849209785461e-02 3.057615645229816437e-02 2.033772133290767670e-02 4.105628281831741333e-02 2.108224481344223022e-02 2.065061405301094055e-02 4.659546539187431335e-02 2.022649860009551048e-03 4.191754758358001709e-02 3.747978806495666504e-02 1.801267266273498535e-02 2.331953309476375580e-02 4.147319495677947998e-02 1.460409257560968399e-02 2.437247149646282196e-02 3.684417158365249634e-02 4.878225177526473999e-02 3.277980163693428040e-02 1.075994875282049179e-02 3.977447003126144409e-02 1.317228563129901886e-02 1.405934337526559830e-03 2.766516804695129395e-02 4.094755649566650391e-02
8.579658716917037964e-02 1.096677407622337341e-01 2.256805449724197388e-02 5.908147245645523071e-02 4.960869904607534409e-03 1.242751032114028931e-01 9.883217513561248779e-02 2.309729531407356262e-02 1.939501240849494934e-02 1.462606899440288544e-02 1.467738151550292969e-01 5.157351121306419373e-02 4.782817363739013672e-01 7.928476668894290924e-03 7.018176466226577759e-02 2.798692695796489716e-02 1.369270961731672287e-02 1.971898041665554047e-02 3.397149965167045593e-02 2.220533788204193115e-02 5.093345418572425842e-02 8.675051480531692505e-02 1.533442270010709763e-02 5.479456391185522079e-03 6.492658983916044235e-03 1.463070791214704514e-02 2.325613517314195633e-03 2.199115976691246033e-02 4.419900849461555481e-02 3.265342861413955688e-02 4.311995580792427063e-03 3.651634603738784790e-02 1.349387224763631821e-02 3.329510614275932312e-02 1.350665651261806488e-02 4.798678308725357056e-02 5.454694107174873352e-02 6.224284321069717407e-02 3.113669715821743011e-02 3.578140586614608765e-02 2.207914367318153381e-02 2.046615816652774811e-03 3.639160841703414917e-02 1.028000842779874802e-02 9.435828775167465210e-03 1.532033551484346390e-03 5.959023162722587585e-02 3.208739310503005981e-02 3.824789449572563171e-02 1.990909129381179810e-02 4.925135523080825806e-02 4.229077696800231934e-02 4.939262755215167999e-03 3.915907442569732666e-02 2.838998474180698395e-02 9.524551220238208771e-03 5.085754767060279846e-02 1.154024060815572739e-02 2.547390386462211609e-02 4.361799359321594238e-02 4.851093515753746033e-02 1.723165810108184814e-02 1.851204549893736839e-03 2.783857285976409912e-02 3.547910600900650024e-02 6.685799360275268555e-02 3.680683672428131104e-02 2.512755617499351501e-02 2.218599803745746613e-02 3.817938640713691711e-02 4.776759073138237000e-02 4.702178016304969788e-02 2.312705293297767639e-02 1.946983300149440765e-02 1.460351422429084778e-02 5.618878453969955444e-02 3.062790259718894958e-02 1.285597775131464005e-02 4.539421293884515762e-03 4.864232242107391357e-02 4.522267729043960571e-02 2.591463550925254822e-02 7.620891090482473373e-03 1.107221003621816635e-02 9.851751849055290222e-03 3.847005311399698257e-03 3.145166486501693726e-02 8.021901361644268036e-03 3.894289257004857063e-03 2.435277774930000305e-02 2.289466932415962219e-02 9.631823748350143433e-03 1.890220865607261658e-02 2.505124546587467194e-02 5.064091831445693970e-02 3.694135323166847229e-02 1.642105914652347565e-02 5.510181654244661331e-03 1.861255057156085968e-02 1.422855630517005920e-02 4.109935089945793152e-02 3.964543715119361877e-02 6.384784355759620667e-03 2.496933378279209137e-02 3.790648281574249268e-02 3.636465594172477722e-02 1.962215639650821686e-02 2.039348334074020386e-02 1.235353760421276093e-02 2.331348881125450134e-02 3.664038330316543579e-02 1.072547025978565216e-02 5.237479135394096375e-02 1.133343484252691269e-02 1.539135444909334183e-02 2.748043276369571686e-02
