5.184861421585083008e-01 7.831613719463348389e-02 2.438767813146114349e-02 4.341402277350425720e-02 4.085071757435798645e-02 8.895421028137207031e-02 7.744451612234115601e-02 2.110961452126502991e-02 5.463003367185592651e-02 4.267228767275810242e-02 8.280870318412780762e-02 1.525431033223867416e-02 9.039581567049026489e-02 2.581839077174663544e-02 1.042599137872457504e-02 6.096026394516229630e-03 7.285556290298700333e-03 2.824865514412522316e-03 1.818196475505828857e-02 5.557078868150711060e-03 5.103501956909894943e-03 4.291012883186340332e-02 2.331447089090943336e-03 1.474610622972249985e-02 1.439799461513757706e-02 7.815746590495109558e-03 2.766570821404457092e-02 3.204382210969924927e-02 5.277971550822257996e-02 7.189726922661066055e-03 4.999608173966407776e-02 1.105352677404880524e-02 8.047587238252162933e-03 1.209004549309611320e-03 1.663440465927124023e-02 8.540262468159198761e-03 5.012887530028820038e-03 1.464016549289226532e-02 3.185965120792388916e-02 2.221747487783432007e-02 1.776399277150630951e-02 4.397488757967948914e-02 1.493914332240819931e-02 6.113573908805847168e-03 2.418907172977924347e-02 1.905147358775138855e-02 8.477952331304550171e-02 5.748420953750610352e-02 1.266777422279119492e-02 3.950772434473037720e-02 1.994780264794826508e-02 4.152690246701240540e-02 1.643769443035125732e-02 1.966669410467147827e-02 5.649631842970848083e-03 4.544375464320182800e-02 2.412082860246300697e-03 9.927312843501567841e-03 1.193515141494572163e-03 1.444652210921049118e-02 3.033269010484218597e-02 3.660536557435989380e-02 2.063164860010147095e-02 2.450419589877128601e-02 3.316501900553703308e-02 4.679989814758300781e-02 1.305120345205068588e-02 1.272362563759088516e-02 4.533420130610466003e-02 5.335408821702003479e-02 3.259201720356941223e-02 4.614846408367156982e-02 2.023638971149921417e-02 1.496059074997901917e-02 1.179692428559064865e-02 5.415449384599924088e-03 4.119599610567092896e-02 1.967957988381385803e-02 3.706159442663192749e-02 6.536129396408796310e-03 4.271527752280235291e-02 2.981037460267543793e-02 3.285320103168487549e-02 3.663820028305053711e-02 2.882157638669013977e-02 1.911166869103908539e-02 4.873019177466630936e-03 2.154932357370853424e-02 6.572076235897839069e-04 4.174971021711826324e-03 1.397747825831174850e-02 4.198121652007102966e-02 2.553054317831993103e-02 5.140164494514465332e-02 6.763352546840906143e-03 1.176492217928171158e-02 9.442634880542755127e-03 1.516936230473220348e-03 1.108700409531593323e-02 2.570928633213043213e-02 1.947948522865772247e-02 5.392182618379592896e-03 8.636552840471267700e-03 2.739994972944259644e-02 1.958882249891757965e-02 2.192322164773941040e-02 1.475152466446161270e-02 4.453444108366966248e-02 5.014331080019474030e-03 3.605037182569503784e-02 4.463507793843746185e-03 4.072665423154830933e-02 2.574619464576244354e-02 2.935382910072803497e-02 5.996846128255128860e-03 3.714575618505477905e-02
7.831613719463348389e-02 5.188367962837219238e-01 3.618222847580909729e-02 4.411374032497406006e-02 3.235825896263122559e-02 6.985105574131011963e-02 7.924652099609375000e-02 3.369285166263580322e-02 5.293602496385574341e-02 2.382715977728366852e-02 6.905078142881393433e-02 6.768047460354864597e-04 8.159614354372024536e-02 3.274821862578392029e-02 8.490991313010454178e-04 1.297826645895838737e-03 1.773196388967335224e-03 2.687674574553966522e-02 1.443742401897907257e-02 4.046113754156976938e-04 9.820266132010146976e-05 3.328473865985870361e-02 1.109700929373502731e-02 1.641729264520108700e-03 2.253019018098711967e-03 1.361054647713899612e-02 2.496675774455070496e-02 4.805653169751167297e-02 5.378022044897079468e-02 7.217428181320428848e-03 5.023384094238281250e-02 6.555626634508371353e-03 6.801554001867771149e-03 1.784873427823185921e-03 9.178387001156806946e-03 1.226005982607603073e-02 6.203357595950365067e-03 1.721554622054100037e-02 1.401241309940814972e-02 1.241207309067249298e-02 2.154418826103210449e-02 3.504232689738273621e-02 2.495705708861351013e-02 6.450646556913852692e-03 7.105930242687463760e-03 2.202706970274448395e-02 7.146252691745758057e-02 6.759525835514068604e-02 2.101422287523746490e-02 2.038603089749813080e-02 3.855335712432861328e-02 4.079998657107353210e-02 7.704365998506546021e-03 2.468766272068023682e-02 1.017997972667217255e-02 1.133888028562068939e-02 7.813251577317714691e-04 1.307098846882581711e-02 5.220774561166763306e-03 2.427999861538410187e-02 1.635238900780677795e-02 5.209414660930633545e-02 1.958571933209896088e-02 2.332362905144691467e-02 1.783435605466365814e-02 4.783402755856513977e-02 7.366090547293424606e-03 1.963921636343002319e-02 3.383084014058113098e-02 3.291406109929084778e-02 5.822691693902015686e-02 4.895446076989173889e-02 3.009549528360366821e-02 5.623780936002731323e-02 3.695313632488250732e-02 1.433034520596265793e-02 5.130170658230781555e-02 2.967552049085497856e-03 3.203477337956428528e-02 2.035225555300712585e-02 4.142088070511817932e-02 2.878632210195064545e-02 2.670516259968280792e-02 3.151783347129821777e-02 3.261312842369079590e-02 2.332729101181030273e-02 1.667057350277900696e-02 2.661186642944812775e-02 1.273066084831953049e-02 2.567520737648010254e-02 4.486868623644113541e-03 3.147896006703376770e-02 1.045182440429925919e-02 4.351800680160522461e-02 1.962195523083209991e-02 1.282721408642828465e-03 2.713406272232532501e-02 9.320521727204322815e-03 1.965253427624702454e-02 2.272949181497097015e-02 1.546887960284948349e-02 4.030759446322917938e-03 1.085178647190332413e-02 1.983330026268959045e-02 2.659509330987930298e-02 2.085833624005317688e-02 2.836597710847854614e-02 2.733055874705314636e-02 1.615621149539947510e-02 1.406431663781404495e-02 2.753675170242786407e-02 2.513946406543254852e-02 1.660600304603576660e-02 3.826757892966270447e-02 2.411600761115550995e-02 1.653455942869186401e-02
2.438767813146114349e-02 3.618222847580909729e-02 4.822070300579071045e-01 9.624189697206020355e-03 8.369605056941509247e-04 1.000164891593158245e-03 9.308927692472934723e-03 2.405183315277099609e-01 3.342494741082191467e-02 1.409766636788845062e-02 4.582652822136878967e-02 2.428996749222278595e-02 2.784280665218830109e-02 3.331653028726577759e-02 5.283620208501815796e-03 1.432612817734479904e-02 4.790431354194879532e-03 2.656996622681617737e-02 2.404049038887023926e-02 2.639978379011154175e-02 2.813688293099403381e-02 7.315445225685834885e-03 2.529748249799013138e-03 1.921245269477367401e-02 3.439496085047721863e-02 3.036397881805896759e-02 1.143819317803718150e-04 9.634793736040592194e-03 2.798885725496802479e-05 1.488034054636955261e-02 3.765565901994705200e-02 2.451415359973907471e-02 1.259508170187473297e-02 3.122401423752307892e-03 3.754401952028274536e-02 4.807208850979804993e-02 2.123138867318630219e-02 2.861548960208892822e-02 1.412494014948606491e-02 2.357341907918453217e-02 7.027556654065847397e-03 3.293414413928985596e-02 2.057648450136184692e-02 1.651656925678253174e-01 2.363805659115314484e-02 2.721981890499591827e-02 4.499942064285278320e-03 2.152602188289165497e-02 4.941142722964286804e-02 3.541554138064384460e-02 3.458684682846069336e-02 3.719816356897354126e-02 2.503098919987678528e-02 2.697467990219593048e-02 2.906877174973487854e-02 2.366227097809314728e-02 2.696798369288444519e-02 6.859884131699800491e-03 3.411690518260002136e-02 2.270798943936824799e-02 9.842425584793090820e-03 3.653274103999137878e-02 3.465518122538924217e-03 2.194810099899768829e-02 4.007011279463768005e-02 2.892481721937656403e-02 2.102744532749056816e-03 1.174068264663219452e-02 1.721983030438423157e-02 2.257173135876655579e-02 4.449255764484405518e-02 8.058921247720718384e-02 3.348508104681968689e-02 7.657957263290882111e-03 3.521353751420974731e-02 3.776307776570320129e-02 6.478967610746622086e-03 2.136620134115219116e-02 3.022848255932331085e-02 1.336831133812665939e-02 1.680027842521667480e-01 1.455232501029968262e-01 2.608066238462924957e-02 4.115276411175727844e-02 1.624059118330478668e-02 2.662105544004589319e-04 7.738108746707439423e-03 6.575886160135269165e-02 3.196519985795021057e-02 1.125702541321516037e-02 1.994150690734386444e-02 1.065140310674905777e-02 5.057671573013067245e-03 4.961752519011497498e-02 1.024513542652130127e-01 6.857111304998397827e-02 1.027079485356807709e-02 4.791906103491783142e-02 7.546795677626505494e-05 4.486939683556556702e-02 1.655926741659641266e-02 4.146790504455566406e-02 5.543636158108711243e-03 1.427219249308109283e-02 4.089257493615150452e-02 2.905950136482715607e-02 5.462985020130872726e-03 3.117550909519195557e-02 4.077970236539840698e-02 2.393775433301925659e-02 1.742134802043437958e-02 2.339333109557628632e-02 5.390016362071037292e-03 8.029132150113582611e-03 3.262209892272949219e-02 8.276715874671936035e-03
4.341402277350425720e-02 4.411374032497406006e-02 9.624189697206020355e-03 5.127867460250854492e-01 1.509293168783187866e-01 1.144184544682502747e-02 3.010526858270168304e-02 1.350445486605167389e-02 3.411264345049858093e-02 1.023390702903270721e-02 4.513322561979293823e-02 5.557753611356019974e-03 5.025634169578552246e-02 3.569694980978965759e-02 4.103066772222518921e-02 1.667983829975128174e-02 6.100285332649946213e-03 2.456990629434585571e-02 2.216292545199394226e-03 7.450684439390897751e-03 4.341829940676689148e-02 1.481330837123095989e-03 3.111219592392444611e-02 1.348038576543331146e-02 6.934961769729852676e-03 5.583132803440093994e-02 8.127382025122642517e-04 4.209729656577110291e-02 6.647509289905428886e-04 1.800222136080265045e-02 3.618128132075071335e-03 3.268917277455329895e-02 1.835986599326133728e-02 2.685227617621421814e-02 3.119181282818317413e-02 4.370756074786186218e-02 4.822461679577827454e-02 3.338593989610671997e-02 8.835934102535247803e-02 8.726513385772705078e-02 4.102350398898124695e-02 4.329150542616844177e-03 1.122366543859243393e-02 1.685444451868534088e-02 3.235059976577758789e-02 3.778726235032081604e-02 3.364943712949752808e-02 2.320266887545585632e-02 3.152649104595184326e-02 2.261536568403244019e-02 3.019861504435539246e-02 2.779730828478932381e-03 9.846257977187633514e-03 1.193365361541509628e-02 2.441807277500629425e-02 4.466648679226636887e-03 5.322317592799663544e-03 2.734941802918910980e-02 1.475590746849775314e-02 3.299107030034065247e-02 5.060039833188056946e-02 4.830241203308105469e-02 5.965616926550865173e-02 3.790864348411560059e-02 3.347235545516014099e-02 1.472285017371177673e-02 3.870812803506851196e-02 4.001565277576446533e-03 3.758292272686958313e-02 2.058984339237213135e-02 3.733212873339653015e-02 2.233828231692314148e-02 1.025712192058563232e-01 9.978974238038063049e-03 9.555789083242416382e-02 3.021007031202316284e-02 2.114435471594333649e-02 1.987537601962685585e-03 2.062065899372100830e-02 3.991539031267166138e-02 2.984427660703659058e-02 2.728401683270931244e-02 8.785654604434967041e-02 5.987138673663139343e-02 4.238317906856536865e-02 5.799936130642890930e-03 3.386195376515388489e-02 3.355636447668075562e-02 3.334812354296445847e-03 4.907968640327453613e-02 1.171171385794878006e-02 1.166174933314323425e-02 3.074481850489974022e-03 7.600084878504276276e-03 2.510671131312847137e-02 6.332754623144865036e-03 2.938044629991054535e-02 4.256712645292282104e-02 5.383306648582220078e-03 1.355071365833282471e-02 1.978185772895812988e-02 2.818979881703853607e-02 3.135259822010993958e-02 4.316546767950057983e-02 1.169667672365903854e-02 2.560450509190559387e-02 1.772673428058624268e-02 5.732829868793487549e-02 4.116393253207206726e-02 1.496492885053157806e-02 7.594136986881494522e-03 1.444056164473295212e-02 2.232502400875091553e-02 4.038171842694282532e-02 1.262339856475591660e-02 5.921677127480506897e-02
4.085071757435798645e-02 3.235825896263122559e-02 8.369605056941509247e-04 1.509293168783187866e-01 5.037367343902587891e-01 1.347429025918245316e-02 2.487633191049098969e-02 2.081734128296375275e-02 1.302857138216495514e-02 2.097719907760620117e-02 3.331835195422172546e-02 2.035256288945674896e-02 3.115983307361602783e-02 4.486455768346786499e-02 5.305806174874305725e-03 1.051659602671861649e-02 1.777160726487636566e-02 2.112459950149059296e-02 4.154594615101814270e-03 1.123793702572584152e-02 2.559855580329895020e-02 2.246033214032649994e-02 4.411107301712036133e-02 2.204484120011329651e-02 2.488478203304111958e-04 3.512967005372047424e-02 1.436561439186334610e-02 5.613152869045734406e-03 1.816240884363651276e-02 1.999070867896080017e-02 1.289014611393213272e-02 3.910671547055244446e-02 3.283817321062088013e-02 1.587466709315776825e-02 6.131438538432121277e-02 3.292005509138107300e-02 2.332796901464462280e-02 4.106488823890686035e-02 8.859854936599731445e-02 1.463275253772735596e-01 3.669674322009086609e-02 2.182905375957489014e-02 1.296492852270603180e-02 9.268594905734062195e-03 3.969183936715126038e-02 1.374071277678012848e-02 2.931135147809982300e-02 2.628329023718833923e-02 9.107160149142146111e-04 1.538800075650215149e-02 3.429368883371353149e-02 1.821678690612316132e-02 8.299712208099663258e-04 3.393395617604255676e-02 1.763642649166285992e-03 2.862522006034851074e-02 1.324454229325056076e-02 2.537898346781730652e-02 1.178887486457824707e-02 4.492149874567985535e-02 6.503177341073751450e-03 3.916961327195167542e-02 7.287146151065826416e-02 9.661778062582015991e-02 2.826577611267566681e-02 1.461023092269897461e-02 2.885437756776809692e-02 8.293970488011837006e-03 8.651586249470710754e-03 4.005421884357929230e-03 2.275335788726806641e-02 3.626072034239768982e-02 7.477665692567825317e-02 3.518182711559347808e-05 9.065555781126022339e-02 4.206023365259170532e-02 3.932911902666091919e-02 4.941884893923997879e-03 2.663594298064708710e-02 1.417392771691083908e-02 2.930563502013683319e-02 1.230227109044790268e-02 8.532296121120452881e-02 6.917528808116912842e-02 1.836841180920600891e-02 5.655390676110982895e-03 2.061823010444641113e-02 3.511122614145278931e-02 1.023005880415439606e-02 3.812468796968460083e-02 3.983101248741149902e-02 3.908566385507583618e-02 2.472695149481296539e-02 3.792477771639823914e-02 2.795826643705368042e-02 2.369139529764652252e-02 2.311299555003643036e-02 2.904787287116050720e-02 1.421615853905677795e-02 1.959536224603652954e-02 3.975712880492210388e-02 3.558712452650070190e-02 4.010562971234321594e-02 4.621799569576978683e-03 2.177493460476398468e-02 2.448807097971439362e-02 3.567953407764434814e-02 2.774204127490520477e-02 4.156291484832763672e-02 2.369106560945510864e-02 1.726625859737396240e-02 1.502113323658704758e-02 7.239282596856355667e-03 3.007553890347480774e-02 1.145897549577057362e-03 4.341381043195724487e-02
8.895421028137207031e-02 6.985105574131011963e-02 1.000164891593158245e-03 1.144184544682502747e-02 1.347429025918245316e-02 5.124372243881225586e-01 1.044350340962409973e-01 1.970513723790645599e-03 1.266349572688341141e-02 4.084664955735206604e-02 6.646551191806793213e-02 5.857799574732780457e-02 7.891186326742172241e-02 6.338387727737426758e-02 2.274635620415210724e-02 2.666522376239299774e-02 2.339149080216884613e-02 1.074197515845298767e-02 2.854499220848083496e-02 2.103642374277114868e-02 1.456416305154561996e-02 3.621370717883110046e-02 3.463931614533066750e-03 1.218361593782901764e-02 3.468569740653038025e-02 5.899590440094470978e-03 2.966403961181640625e-02 4.640439897775650024e-02 4.355075769126415253e-03 6.438640411943197250e-03 1.156809367239475250e-02 4.064979963004589081e-03 2.404056116938591003e-02 1.313671097159385681e-02 3.727115318179130554e-02 2.411339618265628815e-02 1.661789021454751492e-03 9.490520693361759186e-03 4.686000943183898926e-02 5.038269981741905212e-02 4.960578307509422302e-02 2.914654463529586792e-02 9.506007190793752670e-04 3.681321814656257629e-02 4.333288967609405518e-02 1.355927321128547192e-03 1.097989678382873535e-01 6.541334092617034912e-02 2.905309945344924927e-02 4.263504594564437866e-02 5.495733581483364105e-03 3.342099860310554504e-02 4.187849164009094238e-02 1.606233417987823486e-03 2.127833291888237000e-02 3.315747529268264771e-02 1.904704794287681580e-02 3.782974556088447571e-02 1.104406733065843582e-02 6.801335606724023819e-03 4.423516988754272461e-02 5.257537122815847397e-03 3.145810216665267944e-02 5.072400718927383423e-02 1.911839237436652184e-03 1.797937229275703430e-02 2.609556540846824646e-02 2.459084242582321167e-02 3.934464603662490845e-02 1.388755813241004944e-02 3.146448172628879547e-03 7.176860235631465912e-03 2.535228058695793152e-02 2.342049218714237213e-02 1.735467091202735901e-02 6.326630245894193649e-03 1.425995305180549622e-02 2.935054013505578041e-03 5.057707056403160095e-02 3.205465525388717651e-02 2.889000624418258667e-02 2.626481279730796814e-02 4.750141501426696777e-02 1.302554737776517868e-02 3.092198446393013000e-02 7.123757153749465942e-03 3.830376267433166504e-02 3.708363510668277740e-03 4.385565221309661865e-02 2.061745617538690567e-03 4.238191992044448853e-02 2.563306689262390137e-02 4.855415970087051392e-02 1.167965307831764221e-02 3.575749322772026062e-02 4.542249813675880432e-02 1.663515157997608185e-02 1.919454708695411682e-02 1.806065812706947327e-02 2.277872897684574127e-02 1.967528276145458221e-02 4.400631412863731384e-03 1.897833496332168579e-02 1.417319569736719131e-02 3.702284069731831551e-03 6.568871438503265381e-03 3.879075171425938606e-03 2.680337429046630859e-02 2.718276518862694502e-04 2.575863339006900787e-02 1.611384376883506775e-02 2.739425376057624817e-02 3.209406882524490356e-02 2.750049717724323273e-02 1.840796507894992828e-02 9.684883058071136475e-03
7.744451612234115601e-02 7.924652099609375000e-02 9.308927692472934723e-03 3.010526858270168304e-02 2.487633191049098969e-02 1.044350340962409973e-01 5.167491436004638672e-01 1.281507965177297592e-02 1.234309189021587372e-02 3.199469298124313354e-02 6.545421481132507324e-02 3.739543631672859192e-02 7.706271111965179443e-02 6.967692822217941284e-02 3.398543223738670349e-02 1.867011934518814087e-02 1.565853320062160492e-02 7.469039410352706909e-03 3.194279968738555908e-02 2.016437053680419922e-02 6.513291038572788239e-03 3.668026626110076904e-02 1.244666869752109051e-03 3.742687404155731201e-03 1.452114433050155640e-02 1.723016798496246338e-02 3.440642729401588440e-02 2.510929480195045471e-02 1.902078837156295776e-02 2.234770543873310089e-02 2.488351054489612579e-02 5.201662890613079071e-03 1.771615073084831238e-02 9.326758794486522675e-03 2.944614365696907043e-02 2.745125442743301392e-02 6.704199593514204025e-03 2.142097055912017822e-02 5.017850548028945923e-02 4.736834019422531128e-02 3.985251113772392273e-02 2.969544753432273865e-02 3.545206505805253983e-03 2.202103845775127411e-02 3.531825914978981018e-02 3.164594294503331184e-03 1.032967194914817810e-01 9.035006165504455566e-02 2.181268297135829926e-02 4.664507135748863220e-02 1.131058204919099808e-02 4.795343056321144104e-02 3.304673358798027039e-02 1.000375393778085709e-02 1.200345810502767563e-02 5.309556797146797180e-02 4.656872246414422989e-03 1.261885277926921844e-02 3.463649889454245567e-03 2.358460240066051483e-02 4.908778890967369080e-02 3.562679921742528677e-04 1.314557436853647232e-02 5.266936868429183960e-02 4.294342070352286100e-04 3.136049956083297729e-02 2.412810921669006348e-02 3.482652828097343445e-02 5.288140848278999329e-02 2.633229643106460571e-02 1.324343867599964142e-02 2.782824821770191193e-02 2.200455404818058014e-02 1.093288534320890903e-03 1.122789084911346436e-02 2.585053909569978714e-03 2.114259079098701477e-02 1.730901934206485748e-02 4.828511178493499756e-02 4.596497863531112671e-02 4.013542830944061279e-02 9.263545274734497070e-03 4.594363644719123840e-02 2.381065301597118378e-02 4.044080153107643127e-02 1.640602760016918182e-02 4.639260098338127136e-02 1.435893960297107697e-02 4.719847813248634338e-02 1.137742307037115097e-02 3.352388367056846619e-02 2.185404486954212189e-02 2.189993672072887421e-02 1.489104889333248138e-02 2.949338965117931366e-02 4.462780803442001343e-02 3.730023652315139771e-02 2.223782800137996674e-02 2.114772424101829529e-02 1.761533319950103760e-02 2.285810932517051697e-02 4.052068572491407394e-03 2.417717687785625458e-02 1.697842590510845184e-02 5.404285155236721039e-03 1.822661235928535461e-02 1.480366196483373642e-02 5.472946539521217346e-02 1.884480752050876617e-02 5.040500313043594360e-02 1.498410478234291077e-02 3.505224362015724182e-02 1.482143625617027283e-02 4.209377989172935486e-02 1.269976142793893814e-02 3.507847338914871216e-02
2.110961452126502991e-02 3.369285166263580322e-02 2.405183315277099609e-01 1.350445486605167389e-02 2.081734128296375275e-02 1.970513723790645599e-03 1.281507965177297592e-02 4.894590973854064941e-01 1.172718405723571777e-02 3.266112506389617920e-02 2.837487845681607723e-04 3.017339669167995453e-02 1.367383264005184174e-02 2.573636360466480255e-02 5.185445398092269897e-02 1.345810666680335999e-02 2.116439677774906158e-02 8.137240074574947357e-03 1.726355217397212982e-02 1.945263473317027092e-03 1.496222219429910183e-03 1.808855915442109108e-03 1.127093750983476639e-02 1.184546854346990585e-02 9.661228395998477936e-03 1.438229251652956009e-02 2.161346375942230225e-02 4.041543230414390564e-02 9.588389657437801361e-03 1.383656542748212814e-02 6.540329195559024811e-03 3.164506331086158752e-02 3.238264098763465881e-02 3.955452144145965576e-02 8.301873691380023956e-03 2.451435290277004242e-02 2.820419333875179291e-02 1.745864935219287872e-02 3.421488450840115547e-03 1.592250354588031769e-02 4.174620285630226135e-02 5.824543768540024757e-04 3.138331696391105652e-02 2.817579172551631927e-02 1.806153915822505951e-02 2.485088445246219635e-02 5.005849990993738174e-03 3.005465120077133179e-02 1.870265975594520569e-02 1.266161818057298660e-02 1.453617680817842484e-02 9.818206541240215302e-03 3.335911035537719727e-02 2.657915698364377022e-03 2.621792629361152649e-02 1.954363100230693817e-02 1.585710234940052032e-02 1.037086173892021179e-02 2.835431136190891266e-02 9.609806351363658905e-03 1.959183253347873688e-02 2.704660966992378235e-02 3.264054283499717712e-02 3.856479749083518982e-02 3.355425223708152771e-02 2.595443278551101685e-02 1.421536784619092941e-02 9.918550029397010803e-03 5.698523600585758686e-04 2.660293877124786377e-02 2.938519045710563660e-02 4.175518825650215149e-02 2.276694960892200470e-02 2.056599035859107971e-02 2.231944166123867035e-02 2.217513136565685272e-02 3.692996874451637268e-02 1.358447317034006119e-02 1.653369143605232239e-02 2.333193831145763397e-02 2.401860505342483521e-01 1.671144813299179077e-01 3.363871574401855469e-02 5.433424189686775208e-02 6.526524201035499573e-03 2.575243078172206879e-02 1.676971763372421265e-01 1.082984805107116699e-01 1.539372093975543976e-02 3.602749854326248169e-02 2.299883961677551270e-02 1.486365124583244324e-02 1.288009248673915863e-02 1.712334156036376953e-02 3.363977745175361633e-02 8.948970586061477661e-03 4.437875933945178986e-03 3.492803126573562622e-02 1.533210743218660355e-02 1.798946224153041840e-02 3.877359256148338318e-02 4.754349216818809509e-02 4.345325380563735962e-02 4.087714478373527527e-02 1.573348231613636017e-02 2.308818744495511055e-03 1.634367555379867554e-02 7.982587441802024841e-03 4.291170835494995117e-02 6.021674256771802902e-03 1.024863962084054947e-02 1.109472513198852539e-01 1.422548759728670120e-02 6.944100023247301579e-04 1.350406184792518616e-02 5.342048034071922302e-02
5.463003367185592651e-02 5.293602496385574341e-02 3.342494741082191467e-02 3.411264345049858093e-02 1.302857138216495514e-02 1.266349572688341141e-02 1.234309189021587372e-02 1.172718405723571777e-02 4.915440976619720459e-01 2.485191263258457184e-02 2.686130627989768982e-02 2.518325671553611755e-02 2.657410688698291779e-02 5.578028969466686249e-03 7.814208418130874634e-02 4.688317701220512390e-02 3.561405465006828308e-02 8.128994703292846680e-02 2.697706595063209534e-02 1.068553887307643890e-02 7.680713664740324020e-03 5.258748680353164673e-02 1.510107610374689102e-02 1.600724458694458008e-02 4.227413237094879150e-02 1.440992671996355057e-02 1.552680600434541702e-02 2.718170173466205597e-02 1.379057951271533966e-02 1.775128580629825592e-02 2.227571047842502594e-02 1.876060152426362038e-03 1.219843834405764937e-04 1.895202323794364929e-02 3.390295803546905518e-02 4.534872621297836304e-02 2.660727873444557190e-02 2.483014203608036041e-02 4.597185552120208740e-02 1.643251813948154449e-02 2.539919316768646240e-02 2.532650344073772430e-02 6.018679123371839523e-03 2.797401323914527893e-02 7.895123213529586792e-03 1.175655331462621689e-02 1.259112637490034103e-02 2.323485352098941803e-02 6.483011692762374878e-02 3.976899012923240662e-02 5.989670008420944214e-02 5.940651521086692810e-03 1.672373386099934578e-03 4.683592543005943298e-02 7.828585058450698853e-02 2.960530109703540802e-02 6.306298542767763138e-03 2.987321652472019196e-02 5.240510217845439911e-03 3.840725496411323547e-02 4.624867439270019531e-02 1.938147936016321182e-03 2.877904102206230164e-02 3.444574028253555298e-02 6.966854445636272430e-03 1.003827527165412903e-02 5.224644555710256100e-04 4.450286179780960083e-02 2.069223299622535706e-02 2.051416598260402679e-02 2.593493089079856873e-02 1.319928746670484543e-02 1.633224543184041977e-03 6.530101876705884933e-03 3.871118277311325073e-02 4.767396673560142517e-02 1.797505617141723633e-01 1.029836907982826233e-01 7.623457163572311401e-02 5.839287489652633667e-02 2.201188541948795319e-02 4.945705085992813110e-02 6.402677856385707855e-03 5.308926105499267578e-03 3.844631835818290710e-02 1.064194831997156143e-02 6.490819156169891357e-02 2.583172917366027832e-02 1.108460798859596252e-01 2.019917778670787811e-02 2.596866106614470482e-04 3.482154756784439087e-02 4.056239873170852661e-02 8.753321133553981781e-03 4.563684016466140747e-02 2.384579367935657501e-02 1.613151468336582184e-02 6.802476942539215088e-02 9.467706084251403809e-03 4.014584049582481384e-02 2.013561688363552094e-02 2.701730653643608093e-02 3.162233158946037292e-02 4.808963462710380554e-02 2.033329010009765625e-02 1.995204947888851166e-02 4.066869989037513733e-02 4.542111977934837341e-02 3.553592041134834290e-02 2.938104560598731041e-03 3.779591619968414307e-02 4.485115408897399902e-03 2.131486125290393829e-02 1.955888234078884125e-03 5.943007767200469971e-02 7.144973427057266235e-02
4.267228767275810242e-02 2.382715977728366852e-02 1.409766636788845062e-02 1.023390702903270721e-02 2.097719907760620117e-02 4.084664955735206604e-02 3.199469298124313354e-02 3.266112506389617920e-02 2.485191263258457184e-02 4.915224611759185791e-01 3.872955963015556335e-02 4.930129274725914001e-02 4.539772868156433105e-02 1.659737341105937958e-02 2.132813679054379463e-03 2.985806763172149658e-02 4.456862341612577438e-03 2.016973681747913361e-02 1.512279957532882690e-01 9.058897383511066437e-03 4.192507639527320862e-02 1.311221905052661896e-02 1.996530406177043915e-02 3.423876315355300903e-02 3.744480013847351074e-02 5.557456612586975098e-02 3.298135846853256226e-02 1.796917431056499481e-02 1.103074662387371063e-02 1.102314982563257217e-02 1.915504969656467438e-02 3.981237858533859253e-02 2.668390050530433655e-02 5.151927471160888672e-03 1.566969789564609528e-02 9.492048062384128571e-03 3.434678539633750916e-02 1.803658902645111084e-02 1.885521598160266876e-02 2.541822567582130432e-02 3.729530796408653259e-02 4.262869060039520264e-02 2.274972386658191681e-02 8.874472230672836304e-03 2.553198486566543579e-02 3.085187450051307678e-02 3.220793604850769043e-02 1.672897115349769592e-02 2.390921488404273987e-02 8.329805731773376465e-02 1.350155938416719437e-02 8.001670241355895996e-03 3.400968387722969055e-03 2.847132273018360138e-02 1.365889422595500946e-02 8.784878998994827271e-02 2.055550925433635712e-02 4.845220223069190979e-02 1.908742077648639679e-02 2.797957742586731911e-03 4.057902470231056213e-02 3.837376832962036133e-02 2.029919438064098358e-02 4.914866387844085693e-02 1.283088047057390213e-02 2.244289405643939972e-02 4.047920554876327515e-02 2.662602625787258148e-02 3.321956843137741089e-02 5.659109726548194885e-02 3.727795556187629700e-02 3.939684852957725525e-02 5.798229202628135681e-02 7.410351932048797607e-02 3.138787299394607544e-02 3.134412690997123718e-02 2.266550436615943909e-02 1.264542043209075928e-01 2.704345248639583588e-02 1.490188539028167725e-01 1.640085875988006592e-02 1.329307910054922104e-02 1.162829250097274780e-02 1.055788248777389526e-01 4.287124052643775940e-02 2.203317545354366302e-02 3.490709513425827026e-02 2.543219830840826035e-03 3.074723482131958008e-02 1.034293845295906067e-01 3.940478432923555374e-03 3.952426835894584656e-02 3.374749049544334412e-02 7.160199340432882309e-03 1.621901802718639374e-02 1.492587197571992874e-02 8.792957291007041931e-03 4.902187362313270569e-02 5.114187952131032944e-04 4.052945598959922791e-02 3.812151029706001282e-02 1.939098164439201355e-02 3.645739704370498657e-02 4.087052121758460999e-02 3.700242191553115845e-02 1.131061743944883347e-02 2.333887107670307159e-02 3.356201574206352234e-02 1.440102234482765198e-02 3.749471157789230347e-02 1.322217285633087158e-02 2.287553064525127411e-02 9.564442560076713562e-03 4.581360146403312683e-02 1.226909831166267395e-02 1.391803845763206482e-02
8.280870318412780762e-02 6.905078142881393433e-02 4.582652822136878967e-02 4.513322561979293823e-02 3.331835195422172546e-02 6.646551191806793213e-02 6.545421481132507324e-02 2.837487845681607723e-04 2.686130627989768982e-02 3.872955963015556335e-02 5.184300541877746582e-01 2.755276672542095184e-02 9.060417860746383667e-02 6.257734727114439011e-03 1.282770279794931412e-02 2.151997946202754974e-02 1.509203575551509857e-02 1.377455610781908035e-02 2.157505834475159645e-03 1.775920949876308441e-02 1.993333920836448669e-02 4.320067539811134338e-02 1.132212928496301174e-03 1.692523621022701263e-02 1.616119593381881714e-02 1.206549257040023804e-02 3.973739594221115112e-02 4.355784505605697632e-02 1.828276924788951874e-02 1.619505137205123901e-02 2.632747404277324677e-02 2.382248872891068459e-03 3.376897424459457397e-02 1.305185910314321518e-02 8.316346444189548492e-03 1.178915333002805710e-02 8.648298098705708981e-04 1.808285154402256012e-02 2.881804853677749634e-02 3.395011648535728455e-02 4.131375346332788467e-03 3.033030405640602112e-02 3.376629203557968140e-02 6.909907795488834381e-03 1.449588593095541000e-02 5.961010977625846863e-02 7.679300755262374878e-02 5.709668621420860291e-02 1.092481333762407303e-02 2.260620892047882080e-02 2.843111380934715271e-02 4.641287028789520264e-02 5.149734206497669220e-03 1.929704658687114716e-02 1.388013362884521484e-02 1.373005937784910202e-02 6.816764827817678452e-03 1.923032104969024658e-02 1.636230386793613434e-02 3.641623072326183319e-03 1.463769818656146526e-03 4.583424329757690430e-02 1.916876062750816345e-02 8.660579100251197815e-03 6.878039985895156860e-02 7.009729743003845215e-02 1.216987427324056625e-02 2.392083220183849335e-02 4.253914579749107361e-02 3.689320059493184090e-03 5.279044061899185181e-02 1.289585884660482407e-02 4.198141768574714661e-02 5.066364631056785583e-02 1.933393813669681549e-02 5.186747014522552490e-02 1.878370717167854309e-02 2.772777713835239410e-02 2.673421520739793777e-03 6.368407048285007477e-04 3.289699554443359375e-02 1.406219601631164551e-02 2.531908638775348663e-02 3.827509284019470215e-02 3.889558091759681702e-02 3.568524122238159180e-02 1.560836005955934525e-02 2.902137115597724915e-02 2.928560972213745117e-02 1.756643131375312805e-02 2.025781571865081787e-02 5.920762568712234497e-02 4.060925915837287903e-03 5.890006944537162781e-02 1.604232005774974823e-02 5.608688108623027802e-03 9.825747460126876831e-03 4.873234778642654419e-03 2.376914769411087036e-02 2.257105335593223572e-02 2.428796514868736267e-02 2.010703459382057190e-02 9.608108666725456715e-04 2.087072096765041351e-02 2.459585480391979218e-02 1.719884341582655907e-03 2.885400690138339996e-02 1.388751901686191559e-02 1.363531965762376785e-02 5.466583184897899628e-03 3.119024913758039474e-03 1.920608431100845337e-02 5.091274157166481018e-02 6.072549894452095032e-02 6.079010199755430222e-03 1.568932831287384033e-02
1.525431033223867416e-02 6.768047460354864597e-04 2.428996749222278595e-02 5.557753611356019974e-03 2.035256288945674896e-02 5.857799574732780457e-02 3.739543631672859192e-02 3.017339669167995453e-02 2.518325671553611755e-02 4.930129274725914001e-02 2.755276672542095184e-02 5.019965767860412598e-01 6.560851819813251495e-03 8.500102162361145020e-02 6.892170291393995285e-03 1.773049123585224152e-02 1.811983995139598846e-02 2.196839079260826111e-03 2.290630154311656952e-02 7.104237563908100128e-03 1.917257159948348999e-02 1.039816811680793762e-02 4.544290527701377869e-02 4.021166265010833740e-02 2.932043559849262238e-02 3.401849418878555298e-02 9.429018013179302216e-03 5.834490433335304260e-02 2.903901599347591400e-02 5.168376490473747253e-02 6.688432302325963974e-03 1.895959139801561832e-03 4.750748723745346069e-02 5.376320797950029373e-03 5.207350477576255798e-02 6.654130760580301285e-03 6.274697836488485336e-03 6.086549721658229828e-03 5.444978922605514526e-02 2.694157138466835022e-02 3.989220131188631058e-03 6.157684326171875000e-02 3.978385590016841888e-03 1.898998953402042389e-02 7.655054330825805664e-02 5.864763259887695312e-02 4.011100158095359802e-02 1.206449698656797409e-02 3.957274556159973145e-02 4.566522687673568726e-02 2.548071555793285370e-02 2.749090641736984253e-02 5.154290050268173218e-02 5.400561913847923279e-02 2.225910313427448273e-03 1.148438267409801483e-02 5.264941230416297913e-02 3.403460432309657335e-04 8.639869280159473419e-03 5.010171607136726379e-02 1.213028840720653534e-02 2.957087010145187378e-02 4.016553610563278198e-02 1.207348890602588654e-02 6.270290166139602661e-02 6.279105693101882935e-02 2.199307642877101898e-02 1.650703884661197662e-02 1.990998908877372742e-02 1.431366801261901855e-02 1.858018711209297180e-02 2.016871608793735504e-02 4.971744958311319351e-03 4.477924481034278870e-02 2.039752341806888580e-02 8.792269974946975708e-03 9.993993677198886871e-03 3.289644420146942139e-02 2.689121477305889130e-02 5.915676243603229523e-03 2.203975571319460869e-03 3.676528111100196838e-02 2.920345403254032135e-02 4.302089288830757141e-02 1.684996299445629120e-02 1.942591927945613861e-02 3.561023995280265808e-02 3.027454949915409088e-02 1.549839880317449570e-02 5.483979359269142151e-03 1.063690986484289169e-02 2.439478598535060883e-02 2.528755925595760345e-02 3.409859538078308105e-02 5.217215977609157562e-03 4.395113140344619751e-02 2.865834534168243408e-02 2.273204363882541656e-02 3.897843649610877037e-03 1.035088486969470978e-02 5.657878238707780838e-03 2.378343138843774796e-03 1.892436668276786804e-02 1.771162264049053192e-02 3.387141600251197815e-02 2.872777916491031647e-02 3.832255490124225616e-03 1.679060235619544983e-02 6.967868655920028687e-03 2.444075793027877808e-02 5.298364162445068359e-02 5.149019882082939148e-03 9.803043678402900696e-03 9.888522326946258545e-03 1.992488466203212738e-02 2.481169998645782471e-03
9.039581567049026489e-02 8.159614354372024536e-02 2.784280665218830109e-02 5.025634169578552246e-02 3.115983307361602783e-02 7.891186326742172241e-02 7.706271111965179443e-02 1.367383264005184174e-02 2.657410688698291779e-02 4.539772868156433105e-02 9.060417860746383667e-02 6.560851819813251495e-03 5.179167985916137695e-01 1.757773011922836304e-02 1.206502318382263184e-02 1.514449995011091232e-02 1.098391506820917130e-02 5.565860774368047714e-03 2.117578405886888504e-03 4.123599268496036530e-03 1.123056397773325443e-03 3.944937139749526978e-02 5.119145382195711136e-03 1.205067615956068039e-02 1.054795645177364349e-02 6.055353209376335144e-03 1.778413914144039154e-02 4.048645868897438049e-02 4.148477688431739807e-02 1.671038381755352020e-02 3.681673109531402588e-02 2.219503745436668396e-03 1.395022030919790268e-02 4.702162928879261017e-03 1.668700762093067169e-02 1.528128702193498611e-02 2.875621197745203972e-03 1.774301938712596893e-02 2.775861695408821106e-02 2.759796567261219025e-02 4.454037640243768692e-03 4.094411060214042664e-02 2.066385000944137573e-02 1.362432725727558136e-02 9.220167063176631927e-03 3.402137756347656250e-02 8.273173123598098755e-02 7.019356638193130493e-02 2.330059744417667389e-02 3.016638569533824921e-02 3.928804025053977966e-02 3.976614400744438171e-02 1.959723886102437973e-03 2.297303266823291779e-02 2.154052723199129105e-03 2.080257236957550049e-02 3.528757661115378141e-04 1.226336043328046799e-02 1.628805324435234070e-02 6.196840200573205948e-03 1.509561575949192047e-02 5.256401002407073975e-02 2.286513522267341614e-02 1.319879386574029922e-02 4.764701053500175476e-02 6.625310331583023071e-02 6.315390579402446747e-03 1.379323191940784454e-02 3.985001891851425171e-02 2.806533686816692352e-02 5.336230993270874023e-02 4.400310292840003967e-02 3.873279318213462830e-02 4.515889286994934082e-02 2.148951590061187744e-02 2.702834457159042358e-02 3.228336945176124573e-02 3.472116589546203613e-02 1.439493428915739059e-02 2.370348898693919182e-03 4.014898091554641724e-02 7.749017793685197830e-03 3.470795601606369019e-02 3.497953340411186218e-02 2.976953610777854919e-02 3.080795519053936005e-02 2.858351450413465500e-03 3.333462402224540710e-02 1.159041747450828552e-02 1.330353412777185440e-02 6.140006240457296371e-03 4.594545066356658936e-02 3.353412728756666183e-03 5.491238832473754883e-02 1.374983880668878555e-02 1.766337826848030090e-02 1.354969572275876999e-02 5.307076498866081238e-03 1.831210590898990631e-02 2.144235931336879730e-02 2.237248979508876801e-02 6.793853361159563065e-03 9.532073512673377991e-03 2.657287381589412689e-02 2.438730932772159576e-02 3.413004800677299500e-03 2.928504906594753265e-02 2.522659488022327423e-02 1.474757213145494461e-02 7.739785593003034592e-03 4.890837706625461578e-03 4.624519497156143188e-02 2.550154738128185272e-02 4.219505935907363892e-02 1.834161952137947083e-02 3.307443112134933472e-02
