5.076632499694824219e-01 1.674459576606750488e-01 3.315551578998565674e-02 1.321097370237112045e-03 1.251180283725261688e-02 1.172033920884132385e-01 6.306765973567962646e-02 6.607790943235158920e-03 1.535880006849765778e-02 1.587031176313757896e-03 1.483167111873626709e-01 3.046227060258388519e-02 1.308820098638534546e-01 2.853436395525932312e-02 1.608971320092678070e-02 1.646440662443637848e-02 1.300512906163930893e-02 4.837742075324058533e-02 1.422019489109516144e-02 3.814910352230072021e-02 4.469411447644233704e-02 6.397499702870845795e-03 2.225817553699016571e-02 4.539987072348594666e-02 1.275857817381620407e-02 4.687347635626792908e-02 1.633232808671891689e-03 7.912289351224899292e-03 9.775072336196899414e-03 2.911494113504886627e-02 2.876100316643714905e-02 1.534093869850039482e-03 4.203076660633087158e-02 8.113151416182518005e-03 4.202332720160484314e-02 4.236344248056411743e-03 1.231559179723262787e-02 1.112344674766063690e-02 4.016928374767303467e-03 2.466529048979282379e-02 2.077128738164901733e-02 1.973400823771953583e-02 1.560150831937789917e-02 2.988985739648342133e-02 5.925941094756126404e-02 1.382255181670188904e-02 7.869584113359451294e-02 2.619236707687377930e-02 8.553492836654186249e-03 2.128794789314270020e-02 2.599919214844703674e-02 2.278637327253818512e-02 2.948661148548126221e-02 2.551501430571079254e-02 3.786379471421241760e-02 1.973892934620380402e-02 1.256758254021406174e-02 1.802967116236686707e-02 3.396100178360939026e-02 1.317634619772434235e-02 2.809696272015571594e-02 1.573746837675571442e-02 4.656547307968139648e-02 4.813517630100250244e-02 1.269326265901327133e-02 1.284189522266387939e-02 1.736355014145374298e-02 9.450976736843585968e-03 4.143251851201057434e-02 2.132676541805267334e-02 3.704456612467765808e-02 1.209809444844722748e-02 2.666184678673744202e-02 5.079329758882522583e-02 1.563782989978790283e-02 2.401604130864143372e-02 1.110898097977042198e-03 1.647362671792507172e-02 5.764606222510337830e-02 2.945033647119998932e-02 3.644867613911628723e-02 4.494770243763923645e-02 1.792955212295055389e-02 3.036509966477751732e-03 3.861771151423454285e-02 2.803333802148699760e-03 2.317146956920623779e-02 1.106795575469732285e-02 2.752766886260360479e-04 1.031921245157718658e-02 3.516538068652153015e-02 2.864497154951095581e-02 2.794797904789447784e-02 3.458249615505337715e-03 9.548172354698181152e-03 4.648142307996749878e-02 2.370937541127204895e-02 3.134879097342491150e-02 1.223973464220762253e-02 4.007144365459680557e-03 1.043937983922660351e-03 4.912448674440383911e-02 3.167295828461647034e-02 3.165391832590103149e-02 1.630967482924461365e-02 2.495339885354042053e-02 1.875503547489643097e-02 3.739228844642639160e-02 4.451109096407890320e-02 2.041658386588096619e-03 1.487296656705439091e-03 3.324387967586517334e-02 4.724777117371559143e-02 4.970420151948928833e-02 1.661111600697040558e-02 6.832725554704666138e-02
1.674459576606750488e-01 5.170409083366394043e-01 1.478139217942953110e-02 3.945932909846305847e-02 4.371699690818786621e-02 1.317958682775497437e-01 1.077683344483375549e-01 1.876812055706977844e-02 2.969306707382202148e-02 1.245345454663038254e-03 1.399429142475128174e-01 3.790722787380218506e-02 1.712418794631958008e-01 4.592234268784523010e-02 2.666174992918968201e-02 1.070395857095718384e-02 1.559800282120704651e-02 2.300832606852054596e-02 4.294106736779212952e-02 4.662374407052993774e-02 1.658942177891731262e-02 2.490205131471157074e-02 4.328180477023124695e-02 3.529989719390869141e-02 3.209041431546211243e-02 1.020869705826044083e-02 2.012789621949195862e-02 3.921468555927276611e-02 5.456940084695816040e-02 6.020234897732734680e-03 7.024633884429931641e-02 8.000775240361690521e-03 3.000261634588241577e-02 7.411148981191217899e-04 2.760185301303863525e-02 2.755771391093730927e-03 2.084990590810775757e-02 1.109614036977291107e-02 1.661020703613758087e-02 1.341915968805551529e-02 1.682999543845653534e-02 4.706435278058052063e-02 1.917617581784725189e-02 1.890362612903118134e-02 1.163156051188707352e-02 3.907541930675506592e-02 1.006252393126487732e-01 6.625595688819885254e-02 8.474478498101234436e-03 6.880840286612510681e-03 1.862953975796699524e-02 3.425647504627704620e-03 2.241491526365280151e-02 3.792084986343979836e-03 2.346917241811752319e-02 2.986214123666286469e-02 1.756720803678035736e-02 3.260719031095504761e-02 2.082915231585502625e-02 2.650891244411468506e-02 2.632687054574489594e-02 6.825921591371297836e-03 4.740627482533454895e-02 2.467017434537410736e-02 2.885664254426956177e-02 2.281301841139793396e-02 1.680814288556575775e-02 1.261203316971659660e-03 4.203793033957481384e-02 3.120723180472850800e-02 4.355586320161819458e-02 1.159057952463626862e-02 4.420839622616767883e-02 3.982775658369064331e-02 4.701656848192214966e-02 8.733469992876052856e-03 4.658884555101394653e-02 3.072634572163224220e-03 1.676576770842075348e-02 6.731079425662755966e-03 1.732570119202136993e-02 2.456766739487648010e-02 2.733672969043254852e-02 6.864921888336539268e-04 3.313425183296203613e-02 5.457906518131494522e-03 4.692913219332695007e-02 1.969961635768413544e-02 1.624117791652679443e-02 3.228634968400001526e-02 6.117396056652069092e-02 5.723201483488082886e-02 4.312836006283760071e-02 1.358178537338972092e-02 2.748539112508296967e-02 1.351468171924352646e-02 2.246780321002006531e-02 1.509892567992210388e-02 2.850422449409961700e-02 3.184941411018371582e-02 1.933737471699714661e-02 4.297373071312904358e-02 4.433962330222129822e-02 3.475297987461090088e-02 1.807470619678497314e-02 8.182949386537075043e-03 4.484801366925239563e-02 2.633775398135185242e-02 3.207726404070854187e-02 3.268533572554588318e-02 2.941636182367801666e-02 9.457633830606937408e-03 2.547988109290599823e-02 3.406082838773727417e-02 7.984356023371219635e-03 1.624453067779541016e-02
3.315551578998565674e-02 1.478139217942953110e-02 4.775398969650268555e-01 1.802690385375171900e-04 3.332053311169147491e-03 4.721686616539955139e-02 3.423959761857986450e-02 1.243148371577262878e-01 4.352364223450422287e-03 2.004511468112468719e-02 1.239847275428473949e-03 4.898976907134056091e-02 3.675995627418160439e-03 3.966397047042846680e-02 3.078613057732582092e-02 2.152349799871444702e-02 1.160930562764406204e-02 1.678596436977386475e-02 1.552320178598165512e-02 5.960262846201658249e-03 1.227577589452266693e-02 1.786989159882068634e-02 1.747071743011474609e-02 3.364356979727745056e-02 3.175336122512817383e-02 3.289153054356575012e-02 3.947217017412185669e-02 4.869666695594787598e-02 2.552771940827369690e-02 3.172276914119720459e-02 9.320746175944805145e-03 7.091301959007978439e-03 2.660307846963405609e-02 1.300287339836359024e-02 4.370111855678260326e-05 2.064474113285541534e-02 4.506639763712882996e-02 4.008338972926139832e-02 3.714988008141517639e-02 3.267376124858856201e-02 1.488458067178726196e-01 3.606251254677772522e-02 3.456966206431388855e-02 3.089472465217113495e-02 1.817422546446323395e-02 2.824677526950836182e-02 3.686333075165748596e-02 1.649561338126659393e-02 3.759474679827690125e-02 2.335470542311668396e-02 7.442904263734817505e-02 1.436197431758046150e-03 3.636568784713745117e-02 1.984504982829093933e-02 1.520466338843107224e-02 1.335215289145708084e-03 3.200211748480796814e-02 4.575485363602638245e-02 1.092159934341907501e-02 3.793027251958847046e-02 1.707613095641136169e-02 3.064463287591934204e-02 2.088799700140953064e-02 4.078822955489158630e-02 4.723129048943519592e-02 3.011272102594375610e-02 1.424624957144260406e-02 4.619694501161575317e-02 2.459196140989661217e-03 5.737533420324325562e-02 1.182216126471757889e-02 1.927374489605426788e-02 6.059414241462945938e-03 3.331848978996276855e-02 2.061072364449501038e-02 4.687385261058807373e-02 2.072389761451631784e-04 3.044540807604789734e-02 4.802406299859285355e-03 1.363051682710647583e-02 1.327119320631027222e-01 9.289810061454772949e-02 2.046377025544643402e-02 1.849684864282608032e-02 1.724485866725444794e-02 3.889071941375732422e-02 2.545831538736820221e-02 3.767706686630845070e-03 2.478799410164356232e-02 3.568438440561294556e-02 2.447697892785072327e-02 3.032861649990081787e-02 3.151289373636245728e-02 2.218181081116199493e-02 8.321783505380153656e-03 2.767346159089356661e-04 6.121292710304260254e-03 9.808195754885673523e-03 2.791774831712245941e-02 8.443463593721389771e-03 2.297245711088180542e-02 4.694627132266759872e-03 4.393813386559486389e-02 1.019222778268158436e-03 4.287553578615188599e-02 4.702287167310714722e-02 5.687286145985126495e-03 3.717051446437835693e-02 4.192398115992546082e-02 3.820543736219406128e-02 6.282612215727567673e-03 1.345903519541025162e-02 7.036350201815366745e-03 3.559878468513488770e-02 2.651923708617687225e-02 3.922665491700172424e-02
1.321097370237112045e-03 3.945932909846305847e-02 1.802690385375171900e-04 5.063675642013549805e-01 1.523113399744033813e-01 3.301844745874404907e-02 4.486887902021408081e-02 2.499996311962604523e-02 4.951326921582221985e-02 9.833083488047122955e-03 1.406885124742984772e-02 2.696246467530727386e-02 1.212339568883180618e-02 2.652958594262599945e-02 1.268176827579736710e-02 1.171981822699308395e-02 4.302868619561195374e-03 1.072160061448812485e-02 3.472344204783439636e-02 2.103390143020078540e-04 2.293073944747447968e-02 3.276754915714263916e-02 2.081610448658466339e-02 4.638162627816200256e-02 2.184886671602725983e-02 4.261552169919013977e-02 3.735310584306716919e-02 6.038149818778038025e-02 2.369127422571182251e-02 5.286592245101928711e-02 6.729023996740579605e-03 2.676875330507755280e-02 2.572941035032272339e-02 3.594557568430900574e-02 2.046441100537776947e-02 1.693632826209068298e-02 4.164760187268257141e-02 8.950368501245975494e-03 6.770742684602737427e-02 5.600389093160629272e-02 1.642690040171146393e-02 1.021509338170289993e-02 4.121876135468482971e-02 1.645874977111816406e-02 4.503382742404937744e-02 1.088223140686750412e-02 2.343668416142463684e-02 3.473027423024177551e-02 3.057171776890754700e-02 3.539546579122543335e-02 3.228649497032165527e-02 2.523509552702307701e-03 3.869419451802968979e-03 1.012183912098407745e-02 3.242854773998260498e-02 4.508250951766967773e-02 1.149104628711938858e-02 1.831945404410362244e-02 1.531740278005599976e-02 1.810696162283420563e-02 3.181272745132446289e-02 3.296691924333572388e-02 3.756200894713401794e-02 1.189808733761310577e-02 4.488880932331085205e-02 2.949974499642848969e-02 1.724079623818397522e-02 2.738424390554428101e-02 1.840507797896862030e-02 4.819039627909660339e-02 3.346640989184379578e-02 1.867429539561271667e-02 1.046512126922607422e-01 3.974236547946929932e-02 8.429398387670516968e-02 9.518743492662906647e-03 2.277680672705173492e-02 2.946632914245128632e-02 3.664224594831466675e-02 1.809130422770977020e-03 2.740646339952945709e-02 2.177059277892112732e-02 3.987310454249382019e-02 1.908859983086585999e-02 5.223181843757629395e-02 4.265139997005462646e-02 9.936447255313396454e-03 6.175358314067125320e-03 5.149485543370246887e-03 2.286245487630367279e-02 2.179526723921298981e-02 4.892567638307809830e-03 4.572240635752677917e-02 1.871844381093978882e-02 2.868556976318359375e-02 3.469130396842956543e-02 1.417476683855056763e-02 4.833152145147323608e-02 3.508444130420684814e-02 2.305503375828266144e-02 2.424190193414688110e-02 1.544842775911092758e-02 3.004123270511627197e-02 3.041544742882251740e-02 2.401393093168735504e-02 1.597871072590351105e-02 9.244064800441265106e-03 4.260971024632453918e-02 4.150567203760147095e-02 6.890041753649711609e-03 8.115828037261962891e-03 9.574901312589645386e-03 1.938828080892562866e-02 5.715578794479370117e-02 1.478490512818098068e-02 4.199838638305664062e-02
1.251180283725261688e-02 4.371699690818786621e-02 3.332053311169147491e-03 1.523113399744033813e-01 5.054430961608886719e-01 3.901905566453933716e-02 2.242577262222766876e-02 4.271904751658439636e-02 4.777674376964569092e-02 1.197915431112051010e-02 1.809917576611042023e-02 3.813745453953742981e-02 2.003004960715770721e-02 4.754245653748512268e-02 4.158730059862136841e-02 2.040129620581865311e-03 1.369364187121391296e-02 1.047649141401052475e-02 3.369499742984771729e-02 2.947018248960375786e-03 3.963994607329368591e-02 2.195054199546575546e-03 6.169537827372550964e-02 4.667687788605690002e-02 2.344615198671817780e-02 3.232686966657638550e-02 2.017370238900184631e-02 7.550050318241119385e-02 2.377458848059177399e-02 5.130049213767051697e-02 2.078173914924263954e-03 4.415876045823097229e-02 4.303695261478424072e-02 4.070142656564712524e-02 1.348960120230913162e-02 9.763321839272975922e-03 5.143721774220466614e-02 1.818444766104221344e-02 9.702564775943756104e-02 9.608891606330871582e-02 2.030796185135841370e-02 4.415562376379966736e-03 1.823468320071697235e-02 2.137895300984382629e-02 2.902623824775218964e-02 1.147400401532649994e-02 1.960535347461700439e-02 1.263716444373130798e-02 1.320896390825510025e-02 3.757871687412261963e-02 4.718522727489471436e-02 3.446020651608705521e-03 2.470526471734046936e-02 6.333423079922795296e-04 2.675346471369266510e-02 4.815988242626190186e-03 2.659986913204193115e-02 1.407125126570463181e-02 1.519441045820713043e-02 1.970411092042922974e-02 4.315840825438499451e-02 5.627777427434921265e-03 1.954429410398006439e-02 2.301523834466934204e-02 2.600758895277976990e-02 1.600651070475578308e-02 4.325247183442115784e-02 5.358884483575820923e-02 9.590980596840381622e-03 3.976798057556152344e-02 4.024800285696983337e-02 2.073462866246700287e-02 9.117814153432846069e-02 2.959526702761650085e-02 8.902427554130554199e-02 2.837983705103397369e-02 7.887990213930606842e-03 1.284806802868843079e-02 3.502886742353439331e-02 1.518965791910886765e-02 3.176249191164970398e-02 4.233234003186225891e-02 1.522189285606145859e-02 7.705859094858169556e-02 2.350694499909877777e-02 1.057233568280935287e-02 2.305019646883010864e-02 4.757701978087425232e-02 1.039662584662437439e-02 2.199648506939411163e-02 1.325844321399927139e-02 1.110138371586799622e-03 1.074061449617147446e-02 1.052971836179494858e-02 7.077137473970651627e-03 2.331760525703430176e-02 2.144550904631614685e-02 5.127316713333129883e-02 1.508099306374788284e-02 7.304341532289981842e-03 5.662975460290908813e-02 3.430729359388351440e-02 3.921307995915412903e-02 3.072717413306236267e-02 2.637357823550701141e-02 2.035149931907653809e-02 6.170337554067373276e-03 4.400734975934028625e-02 2.684771642088890076e-02 1.872824318706989288e-02 2.824539877474308014e-02 2.689724601805210114e-02 1.025772094726562500e-02 1.439779880456626415e-03 3.561848029494285583e-02 2.167289145290851593e-02
1.172033920884132385e-01 1.317958682775497437e-01 4.721686616539955139e-02 3.301844745874404907e-02 3.901905566453933716e-02 5.177958011627197266e-01 1.292162984609603882e-01 2.967731840908527374e-02 4.777985438704490662e-02 4.186733439564704895e-02 1.339225769042968750e-01 3.695588931441307068e-02 1.276116371154785156e-01 3.967813402414321899e-02 1.176354102790355682e-02 1.362352538853883743e-02 2.495079115033149719e-02 5.304636061191558838e-02 1.490399055182933807e-02 3.587786853313446045e-02 4.200940486043691635e-03 3.156788274645805359e-02 2.397364936769008636e-02 1.473716925829648972e-02 5.088268592953681946e-02 2.307988144457340240e-02 2.133721485733985901e-02 2.249657735228538513e-02 2.130695432424545288e-02 2.680069208145141602e-02 5.166270583868026733e-02 2.500023460015654564e-03 5.153867974877357483e-02 2.116827294230461121e-03 2.873197384178638458e-02 1.054901536554098129e-02 4.583898559212684631e-02 3.797635436058044434e-02 2.158850431442260742e-02 4.145518876612186432e-03 2.193730138242244720e-02 1.875716075301170349e-02 2.154413796961307526e-02 8.528525009751319885e-03 1.692878454923629761e-02 3.761904314160346985e-02 1.132805868983268738e-01 7.298693060874938965e-02 3.008608007803559303e-03 3.026371821761131287e-02 3.035788610577583313e-02 2.026106975972652435e-02 1.625002361834049225e-02 3.871518373489379883e-02 4.057143628597259521e-02 2.076074015349149704e-03 2.844398375600576401e-03 4.349915683269500732e-02 6.121471524238586426e-03 4.892537742853164673e-02 2.887261472642421722e-02 1.596891507506370544e-02 4.291420429944992065e-02 3.774859756231307983e-02 3.715811669826507568e-02 1.492289453744888306e-02 1.687043346464633942e-02 5.792461335659027100e-03 3.753909096121788025e-02 4.187169484794139862e-03 4.161943495273590088e-02 2.300691790878772736e-02 4.581636190414428711e-02 1.838840357959270477e-02 4.566083848476409912e-02 1.399565301835536957e-02 2.457877807319164276e-02 3.771963715553283691e-02 5.196580663323402405e-02 3.125185891985893250e-02 3.643263131380081177e-02 1.329169701784849167e-02 1.507734693586826324e-02 2.986322157084941864e-03 8.057677187025547028e-03 1.632174849510192871e-02 9.901634417474269867e-03 1.403071824461221695e-02 4.170639440417289734e-02 7.462942972779273987e-03 2.445239759981632233e-02 2.482273383066058159e-03 2.919201925396919250e-02 1.851516030728816986e-02 3.196006268262863159e-02 1.726547069847583771e-02 1.755108009092509747e-03 2.699778787791728973e-02 1.960938051342964172e-02 9.507991373538970947e-03 1.633892394602298737e-02 1.078491564840078354e-03 5.315184593200683594e-02 3.257381916046142578e-02 2.207596600055694580e-02 2.276460640132427216e-02 1.512189954519271851e-02 2.676326083019375801e-03 1.305702701210975647e-02 1.564761810004711151e-02 3.585201129317283630e-02 2.785484120249748230e-02 7.534815813414752483e-04 7.603920996189117432e-03 1.973208412528038025e-02 2.236415073275566101e-02
6.306765973567962646e-02 1.077683344483375549e-01 3.423959761857986450e-02 4.486887902021408081e-02 2.242577262222766876e-02 1.292162984609603882e-01 5.144205093383789062e-01 4.670201614499092102e-02 1.126429252326488495e-02 2.920435741543769836e-02 9.105393290519714355e-02 2.590741962194442749e-03 6.914975494146347046e-02 9.342233650386333466e-03 2.156523056328296661e-02 3.909445926547050476e-02 6.811235565692186356e-03 2.392544783651828766e-02 2.244893275201320648e-02 5.224980413913726807e-02 2.994135487824678421e-03 3.326907008886337280e-02 5.696125701069831848e-02 3.756210580468177795e-02 3.490708023309707642e-02 1.438069064170122147e-02 2.424859255552291870e-02 9.030546993017196655e-03 3.185464441776275635e-02 3.790111839771270752e-02 3.517920523881912231e-02 2.704368380364030600e-04 2.547210827469825745e-02 1.348539814352989197e-02 3.572361171245574951e-02 3.490589559078216553e-02 5.633483175188302994e-03 2.120648510754108429e-02 5.153999850153923035e-02 1.298450399190187454e-02 1.551625970751047134e-02 1.885258778929710388e-02 9.670675732195377350e-03 1.330215251073241234e-03 2.646620757877826691e-02 1.114722900092601776e-02 1.245820447802543640e-01 1.418765634298324585e-01 2.427738159894943237e-03 1.051932293921709061e-02 1.678359322249889374e-02 1.676714792847633362e-02 3.472505137324333191e-02 2.701181918382644653e-02 5.112397670745849609e-02 2.101435884833335876e-02 4.705838859081268311e-03 4.644190892577171326e-02 2.382577024400234222e-02 5.898771807551383972e-03 2.711425349116325378e-02 5.346371326595544815e-03 3.525856882333755493e-02 3.357413783669471741e-02 1.703113317489624023e-02 1.718849875032901764e-02 5.942039191722869873e-03 1.396977808326482773e-02 6.714991293847560883e-03 6.420225370675325394e-03 2.891375683248043060e-02 2.919995039701461792e-02 3.141844272613525391e-02 1.039404328912496567e-02 1.868629455566406250e-02 1.589324884116649628e-02 1.915108785033226013e-02 1.601778902113437653e-02 4.306909814476966858e-02 1.767241023480892181e-02 4.825161769986152649e-02 2.250726334750652313e-02 3.537709265947341919e-02 9.727001190185546875e-03 3.329131007194519043e-02 3.691768646240234375e-02 1.909141056239604950e-02 6.273505743592977524e-03 4.505333490669727325e-03 2.604563534259796143e-02 6.278184801340103149e-02 3.920975606888532639e-03 6.261041015386581421e-02 1.676803827285766602e-02 2.260320354253053665e-03 6.727579981088638306e-03 3.661572933197021484e-02 9.627047111280262470e-04 2.723569422960281372e-02 3.851992776617407799e-03 1.069889217615127563e-02 2.226330339908599854e-02 3.155698254704475403e-02 4.352452233433723450e-02 2.099993824958801270e-02 5.116625875234603882e-02 3.691904991865158081e-02 1.861982606351375580e-02 9.641842916607856750e-05 6.145552732050418854e-03 3.029473125934600830e-02 3.322347626090049744e-02 1.409446727484464645e-02 5.584338214248418808e-03 2.204786986112594604e-02 2.993790432810783386e-02
6.607790943235158920e-03 1.876812055706977844e-02 1.243148371577262878e-01 2.499996311962604523e-02 4.271904751658439636e-02 2.967731840908527374e-02 4.670201614499092102e-02 5.032425522804260254e-01 2.594020776450634003e-02 1.701659150421619415e-02 3.284146636724472046e-02 1.822647824883460999e-02 5.015500262379646301e-02 5.588502436876296997e-02 9.308622777462005615e-02 4.866074398159980774e-02 3.259343653917312622e-02 1.572042331099510193e-02 2.677501179277896881e-02 3.221081942319869995e-02 1.386560034006834030e-02 3.724160790443420410e-02 2.884700708091259003e-02 3.892657160758972168e-02 1.304028462618589401e-02 8.444773964583873749e-03 2.861231565475463867e-02 3.629251196980476379e-02 3.116402309387922287e-03 9.566352237015962601e-04 4.748124163597822189e-03 4.607647657394409180e-03 3.365257754921913147e-02 1.169670373201370239e-02 3.673049807548522949e-02 2.991470135748386383e-02 8.051850832998752594e-03 3.243092820048332214e-02 3.443964570760726929e-02 2.363373525440692902e-02 7.667424529790878296e-02 9.528710506856441498e-05 1.551203522831201553e-02 8.880514651536941528e-02 3.431225195527076721e-02 4.407951980829238892e-02 1.349463686347007751e-02 2.998858317732810974e-02 5.999322980642318726e-03 4.373098723590373993e-03 6.439363211393356323e-02 1.138478238135576248e-02 3.174816444516181946e-02 2.936300076544284821e-02 2.301217429339885712e-02 2.187850512564182281e-02 4.102628305554389954e-02 1.287915464490652084e-02 3.608066961169242859e-02 3.319365158677101135e-02 3.791291639208793640e-02 5.177269130945205688e-02 4.995439667254686356e-03 2.421424351632595062e-02 1.561909820884466171e-02 4.984760656952857971e-02 6.648892536759376526e-03 1.783482544124126434e-02 5.798706319183111191e-03 4.756186157464981079e-02 2.114760875701904297e-02 3.571873530745506287e-02 1.189210917800664902e-02 3.490266203880310059e-02 2.911745198071002960e-02 3.515528142452239990e-02 2.908895537257194519e-02 9.850086644291877747e-03 2.635847032070159912e-02 3.837985917925834656e-02 1.310595124959945679e-01 1.477265805006027222e-01 7.275465875864028931e-03 6.217649579048156738e-02 3.944816999137401581e-03 8.564330346416682005e-05 6.628146022558212280e-02 3.618159517645835876e-02 2.047344669699668884e-02 2.666197530925273895e-02 4.575111903250217438e-03 7.090537808835506439e-03 1.306091202422976494e-03 1.357399974949657917e-03 4.665068350732326508e-03 2.429210394620895386e-02 4.633377771824598312e-03 3.754352778196334839e-02 1.168152224272489548e-02 4.311563819646835327e-02 1.199733093380928040e-02 6.802337011322379112e-04 1.564503647387027740e-03 2.094157971441745758e-02 3.629355877637863159e-02 5.684396601282060146e-04 1.654030382633209229e-02 6.435483228415250778e-03 2.067664824426174164e-02 3.461698070168495178e-02 1.358320936560630798e-02 1.098143984563648701e-03 7.487962488085031509e-03 6.418629549443721771e-03 2.633843757212162018e-02 9.889869019389152527e-03
1.535880006849765778e-02 2.969306707382202148e-02 4.352364223450422287e-03 4.951326921582221985e-02 4.777674376964569092e-02 4.777985438704490662e-02 1.126429252326488495e-02 2.594020776450634003e-02 5.093278884887695312e-01 9.588139504194259644e-02 4.215528815984725952e-02 3.919444605708122253e-02 2.154270187020301819e-02 2.566812001168727875e-02 3.655701503157615662e-02 4.415886476635932922e-02 3.757914528250694275e-03 5.024311691522598267e-02 7.325399783439934254e-04 2.002720348536968231e-02 1.069035287946462631e-02 1.349182426929473877e-02 1.419982034713029861e-02 1.755630411207675934e-02 5.018618423491716385e-03 2.241960493847727776e-03 2.131552621722221375e-02 4.243658855557441711e-03 4.209364578127861023e-02 8.384755812585353851e-03 4.124515503644943237e-02 1.833567512221634388e-03 5.935357883572578430e-03 5.967172980308532715e-02 5.484548583626747131e-02 1.810922985896468163e-04 9.166707284748554230e-03 3.474218770861625671e-02 4.247801005840301514e-02 1.019160728901624680e-02 4.911012947559356689e-03 3.992073237895965576e-02 2.342168241739273071e-02 3.327795118093490601e-02 2.817843481898307800e-02 5.317626893520355225e-02 1.289703045040369034e-02 2.086555399000644684e-02 8.762022852897644043e-02 5.053645372390747070e-02 1.360998675227165222e-02 1.733310520648956299e-02 1.499646459706127644e-03 2.099830098450183868e-02 9.351678937673568726e-02 6.447184085845947266e-02 4.265366122126579285e-02 2.636350691318511963e-02 2.976139308884739876e-03 1.462597865611314774e-02 1.583890989422798157e-02 1.555261481553316116e-02 5.155992880463600159e-02 5.525615811347961426e-02 2.448884956538677216e-02 3.942385688424110413e-02 2.209618687629699707e-03 3.856335207819938660e-02 1.974695548415184021e-02 2.955728396773338318e-02 3.242595493793487549e-02 3.383682668209075928e-02 4.000774025917053223e-02 1.606500707566738129e-02 4.626986011862754822e-02 5.070883035659790039e-02 1.376654803752899170e-01 1.097341924905776978e-01 1.021758466958999634e-01 2.216005325317382812e-02 2.992373891174793243e-02 2.263371646404266357e-02 3.878958523273468018e-02 3.527307137846946716e-02 5.771519243717193604e-02 2.251601545140147209e-03 1.741384156048297882e-02 1.244395133107900620e-02 8.530002087354660034e-02 8.887961506843566895e-02 2.539612352848052979e-02 3.881338611245155334e-02 1.371013093739748001e-02 2.354630641639232635e-02 3.696681931614875793e-03 3.533749654889106750e-02 1.628957316279411316e-02 4.314297810196876526e-02 2.732983231544494629e-02 1.625226438045501709e-02 4.100925847887992859e-02 4.244660213589668274e-02 6.459683179855346680e-02 1.866251416504383087e-02 1.504300814121961594e-02 3.464467823505401611e-02 1.097260043025016785e-02 5.133225023746490479e-02 6.874796934425830841e-03 5.263637006282806396e-02 1.355487946420907974e-02 2.499411441385746002e-02 3.148577734827995300e-02 3.167573735117912292e-02 2.172664739191532135e-02 1.173505932092666626e-02
1.587031176313757896e-03 1.245345454663038254e-03 2.004511468112468719e-02 9.833083488047122955e-03 1.197915431112051010e-02 4.186733439564704895e-02 2.920435741543769836e-02 1.701659150421619415e-02 9.588139504194259644e-02 5.088844299316406250e-01 3.578923270106315613e-02 8.375047706067562103e-03 3.523913398385047913e-02 5.565526895225048065e-03 4.909861832857131958e-02 1.595718227326869965e-02 4.136680066585540771e-02 8.770928531885147095e-02 1.059733405709266663e-01 4.352119565010070801e-02 3.953566402196884155e-02 4.270155727863311768e-02 4.161811992526054382e-02 4.654950927942991257e-03 2.479167282581329346e-02 4.134266451001167297e-02 2.056915313005447388e-02 1.906461641192436218e-02 4.404073581099510193e-03 3.330254182219505310e-02 3.039234131574630737e-02 3.832685574889183044e-02 2.504176646471023560e-02 2.393495664000511169e-02 4.572036117315292358e-02 4.718762636184692383e-02 3.726793080568313599e-02 1.140301115810871124e-02 5.528476461768150330e-02 1.753949001431465149e-02 1.331185922026634216e-03 2.883433829993009567e-03 5.390699952840805054e-04 1.852796971797943115e-02 4.602960497140884399e-02 6.589873135089874268e-02 5.126224458217620850e-02 2.130810357630252838e-02 5.646042898297309875e-02 8.076723664999008179e-02 2.812444977462291718e-02 2.259561792016029358e-03 2.179213240742683411e-02 2.661082893610000610e-02 3.575800685212016106e-03 1.549948602914810181e-01 4.554654285311698914e-02 2.624834142625331879e-02 4.756621271371841431e-02 2.400849573314189911e-02 3.069336898624897003e-02 2.130456082522869110e-02 2.392641268670558929e-03 2.681081183254718781e-02 1.515946257859468460e-02 4.285100148990750313e-04 4.809698462486267090e-02 1.850091107189655304e-02 4.232913628220558167e-02 3.272511065006256104e-02 9.678654372692108154e-03 2.720961160957813263e-02 1.051111496053636074e-03 1.149048656225204468e-02 1.015933789312839508e-02 4.267840459942817688e-02 1.931273192167282104e-02 1.217424198985099792e-01 1.243472173810005188e-01 1.628392487764358521e-01 8.281226269900798798e-03 1.779608614742755890e-02 6.867880932986736298e-03 9.664720855653285980e-03 3.815411776304244995e-02 4.121654480695724487e-02 2.350276894867420197e-02 3.771315142512321472e-02 8.933201432228088379e-03 1.105669066309928894e-01 4.044586385134607553e-04 2.007992006838321686e-02 4.887672606855630875e-03 1.258660689927637577e-03 2.942242193967103958e-03 1.834262907505035400e-02 5.897615104913711548e-03 8.223632350564002991e-03 7.911315187811851501e-03 3.693890199065208435e-02 5.062177311629056931e-03 2.660801261663436890e-02 4.787039384245872498e-02 1.057037524878978729e-02 2.001174725592136383e-03 3.978269919753074646e-02 6.326362024992704391e-03 2.999336831271648407e-02 4.406992346048355103e-02 3.730387613177299500e-02 2.135356143116950989e-02 2.695480734109878540e-02 5.081076174974441528e-03 8.324469439685344696e-03 2.713751047849655151e-02 2.181235328316688538e-02
1.483167111873626709e-01 1.399429142475128174e-01 1.239847275428473949e-03 1.406885124742984772e-02 1.809917576611042023e-02 1.339225769042968750e-01 9.105393290519714355e-02 3.284146636724472046e-02 4.215528815984725952e-02 3.578923270106315613e-02 5.191199779510498047e-01 1.400843728333711624e-02 1.955782920122146606e-01 7.649641484022140503e-03 1.938696391880512238e-02 3.243837878108024597e-02 4.105785861611366272e-02 3.507766500115394592e-02 1.375693641602993011e-02 1.981745660305023193e-02 1.262018363922834396e-02 3.950591012835502625e-02 3.152286633849143982e-02 6.271531805396080017e-03 4.595756903290748596e-02 1.739002391695976257e-02 1.850820891559123993e-02 4.211381077766418457e-02 1.723916456103324890e-02 4.076980426907539368e-02 1.694555021822452545e-02 1.593417301774024963e-02 4.342398792505264282e-02 3.940535709261894226e-03 4.221938923001289368e-02 3.360337764024734497e-02 6.086989119648933411e-02 4.381298646330833435e-02 3.529104217886924744e-02 1.623379252851009369e-02 5.442753061652183533e-02 3.816402703523635864e-02 5.412065237760543823e-02 7.587115280330181122e-03 4.672680422663688660e-02 1.490079890936613083e-02 8.956723660230636597e-02 5.340478569269180298e-02 2.708708494901657104e-02 1.185140921734273434e-03 3.383191302418708801e-02 6.039231084287166595e-04 1.910781674087047577e-02 4.851943254470825195e-02 2.026528678834438324e-02 3.259666264057159424e-02 1.246458943933248520e-02 2.312924340367317200e-02 4.105154890567064285e-03 4.588953033089637756e-02 2.250200510025024414e-02 4.597085714340209961e-02 4.543022438883781433e-02 3.236643224954605103e-02 3.535563498735427856e-02 6.093829497694969177e-02 1.489070709794759750e-02 7.923717610538005829e-03 5.177075508981943130e-03 4.413640871644020081e-02 2.472143433988094330e-02 2.398654446005821228e-02 2.463777083903551102e-03 4.127918556332588196e-02 1.500694081187248230e-02 1.991723431274294853e-03 2.752681262791156769e-02 3.409416601061820984e-02 4.398861154913902283e-02 2.713831141591072083e-02 1.606350764632225037e-02 4.801109060645103455e-02 2.868570387363433838e-02 4.527308791875839233e-02 3.399308398365974426e-02 9.897186100715771317e-05 1.669502258300781250e-02 4.294174909591674805e-02 4.211043938994407654e-03 3.671910986304283142e-02 7.505612075328826904e-02 3.163718059659004211e-02 5.931892991065979004e-02 4.674068838357925415e-02 1.572226360440254211e-02 1.559041533619165421e-02 1.475976593792438507e-02 1.977614499628543854e-02 2.138605713844299316e-02 3.715579211711883545e-02 1.368453074246644974e-02 8.384783752262592316e-03 1.304254401475191116e-02 4.248487204313278198e-02 2.862057182937860489e-03 4.550624638795852661e-02 5.336449248716235161e-04 3.629480255767703056e-03 7.575811352580785751e-03 5.349629744887351990e-02 3.292331844568252563e-02 1.628481969237327576e-02 2.307057939469814301e-02 4.828699678182601929e-02 1.958463154733181000e-02 3.967648372054100037e-02
3.046227060258388519e-02 3.790722787380218506e-02 4.898976907134056091e-02 2.696246467530727386e-02 3.813745453953742981e-02 3.695588931441307068e-02 2.590741962194442749e-03 1.822647824883460999e-02 3.919444605708122253e-02 8.375047706067562103e-03 1.400843728333711624e-02 5.036238431930541992e-01 3.199696540832519531e-03 1.844628453254699707e-01 3.229137882590293884e-02 4.785771667957305908e-02 4.394266754388809204e-02 4.925071448087692261e-02 2.779500791803002357e-03 6.580308545380830765e-03 5.555547401309013367e-02 1.400392875075340271e-02 3.012961894273757935e-02 2.933180704712867737e-02 2.958576940000057220e-02 4.639914259314537048e-02 6.770857609808444977e-03 2.046373113989830017e-02 4.383080452680587769e-02 1.118559539318084717e-01 3.991192206740379333e-02 5.256659816950559616e-03 3.878272697329521179e-02 1.922279596328735352e-02 1.962407492101192474e-03 4.723767563700675964e-02 6.092160008847713470e-03 4.662479273974895477e-03 4.101301729679107666e-02 1.584736816585063934e-02 1.945529249496757984e-03 5.616186652332544327e-03 4.270419478416442871e-02 1.143872155807912350e-03 7.001958042383193970e-02 3.689207602292299271e-03 1.614300347864627838e-02 4.280423745512962341e-03 1.910957321524620056e-02 7.007583975791931152e-02 3.196723014116287231e-02 6.328895105980336666e-04 1.054308097809553146e-02 6.446541845798492432e-02 5.369806662201881409e-02 5.744585301727056503e-03 3.985606878995895386e-02 1.671835593879222870e-02 2.783383615314960480e-02 1.791386492550373077e-02 4.353309050202369690e-02 4.737502336502075195e-02 5.195282772183418274e-02 1.431973744183778763e-02 4.985077306628227234e-02 1.419730298221111298e-02 8.517932146787643433e-03 3.718927130103111267e-02 4.243613034486770630e-02 2.433819882571697235e-02 4.573482275009155273e-02 2.683582156896591187e-02 3.679941594600677490e-02 3.314221277832984924e-02 2.895931899547576904e-02 3.595960512757301331e-02 3.523151949048042297e-02 6.970011442899703979e-02 2.346043847501277924e-02 7.795304059982299805e-03 4.838992282748222351e-02 1.426570396870374680e-02 3.350078314542770386e-02 3.687437251210212708e-02 1.765036582946777344e-02 2.376276254653930664e-02 3.744297660887241364e-03 4.515661299228668213e-02 1.677738502621650696e-02 5.947053059935569763e-02 6.327378097921609879e-03 1.242377329617738724e-02 6.640134844928979874e-03 1.636194810271263123e-02 1.626629009842872620e-02 2.758288010954856873e-02 1.391430571675300598e-02 3.216174244880676270e-02 5.086894705891609192e-02 4.525080323219299316e-02 2.890940755605697632e-02 1.304924767464399338e-02 4.066978115588426590e-03 3.160269930958747864e-02 3.660089150071144104e-02 3.238607197999954224e-02 2.136216498911380768e-02 3.935660049319267273e-02 1.234804559499025345e-02 3.327940031886100769e-02 4.260012134909629822e-02 1.143910549581050873e-02 3.379913046956062317e-02 9.146894328296184540e-03 1.296505611389875412e-02 3.233287855982780457e-02
1.308820098638534546e-01 1.712418794631958008e-01 3.675995627418160439e-03 1.212339568883180618e-02 2.003004960715770721e-02 1.276116371154785156e-01 6.914975494146347046e-02 5.015500262379646301e-02 2.154270187020301819e-02 3.523913398385047913e-02 1.955782920122146606e-01 3.199696540832519531e-03 5.050619840621948242e-01 3.271368891000747681e-02 4.365359619259834290e-02 3.183198720216751099e-02 3.282418847084045410e-02 3.670445457100868225e-02 8.332062512636184692e-03 1.219978742301464081e-02 4.994761548005044460e-04 1.313224714249372482e-02 4.028480872511863708e-02 1.540105696767568588e-02 4.314868524670600891e-02 1.932351291179656982e-02 4.467920958995819092e-02 2.262114547193050385e-02 2.374608768150210381e-03 4.157924279570579529e-02 4.558818042278289795e-02 3.347728168591856956e-03 3.500705212354660034e-02 6.495896726846694946e-03 3.808064758777618408e-02 7.249732315540313721e-02 5.855623632669448853e-02 3.401612490415573120e-02 3.613104671239852905e-02 3.273492678999900818e-02 3.860494494438171387e-02 2.497900277376174927e-02 2.595194056630134583e-02 3.168355673551559448e-02 8.346822112798690796e-03 3.476159274578094482e-02 6.014838814735412598e-02 4.103258624672889709e-02 1.286645047366619110e-02 1.502223592251539230e-02 1.295092422515153885e-02 3.786433115601539612e-02 2.854310674592852592e-03 4.247142001986503601e-02 1.569625735282897949e-02 1.580328494310379028e-02 3.282980993390083313e-03 4.535725805908441544e-03 2.996213361620903015e-02 4.453588277101516724e-02 1.083268504589796066e-02 1.765437424182891846e-02 3.647796064615249634e-02 3.644357621669769287e-02 4.934109281748533249e-03 5.311541259288787842e-02 3.716506808996200562e-02 3.152470663189888000e-02 1.794186607003211975e-02 1.834448426961898804e-02 1.345784123986959457e-02 1.407393161207437515e-02 2.478662878274917603e-02 6.278626620769500732e-03 3.252773731946945190e-02 5.245173815637826920e-03 2.525486052036285400e-02 2.946712076663970947e-02 3.556978702545166016e-02 3.901883214712142944e-02 4.218988865613937378e-02 1.072721648961305618e-02 1.750440895557403564e-02 2.671078220009803772e-02 2.772731147706508636e-02 2.803160995244979858e-02 3.880188614130020142e-02 6.357555277645587921e-03 3.128724172711372375e-02 2.558539249002933502e-02 2.125005610287189484e-02 4.306904505938291550e-03 5.194842070341110229e-02 3.025306575000286102e-02 1.816680096089839935e-02 1.635048538446426392e-02 5.017507821321487427e-02 1.262051891535520554e-02 3.559432178735733032e-02 4.620458185672760010e-02 2.706418279558420181e-03 2.661328203976154327e-02 2.683314122259616852e-02 2.112039551138877869e-02 2.422917634248733521e-02 3.664916381239891052e-02 2.167826890945434570e-02 3.917920961976051331e-02 1.718707196414470673e-02 3.319164365530014038e-02 5.078546702861785889e-03 8.094324730336666107e-03 3.935589641332626343e-02 3.070812439545989037e-03 5.278920289129018784e-03 2.890400029718875885e-02
