4.994748830795288086e-01 1.489855498075485229e-01 4.540623724460601807e-02 2.165791578590869904e-02 2.939159795641899109e-02 1.042909547686576843e-01 8.186332881450653076e-02 2.590136043727397919e-02 2.366612665355205536e-03 1.635720953345298767e-02 1.529202461242675781e-01 1.533989608287811279e-02 1.263775825500488281e-01 1.507347077131271362e-02 9.507312439382076263e-03 2.926288545131683350e-02 4.076868295669555664e-02 4.973503295332193375e-03 1.586082577705383301e-02 2.714641764760017395e-02 5.030905082821846008e-02 2.816075691953301430e-03 3.073185123503208160e-02 1.199165172874927521e-02 4.937458783388137817e-02 2.400151826441287994e-02 3.575398027896881104e-02 3.612791001796722412e-02 2.886849828064441681e-02 3.848674520850181580e-02 3.900598362088203430e-02 2.297982387244701385e-02 2.379802055656909943e-02 3.919653221964836121e-02 3.186439350247383118e-02 7.165019400417804718e-03 3.359208581969141960e-03 2.421298809349536896e-02 3.745095804333686829e-02 2.793029695749282837e-02 7.689819205552339554e-03 9.555390104651451111e-03 1.145367976278066635e-02 5.576499551534652710e-02 6.812985986471176147e-02 1.586606260389089584e-03 1.058181151747703552e-01 4.205356910824775696e-02 4.058969020843505859e-02 3.382677212357521057e-02 7.940714247524738312e-03 3.724265552591532469e-04 4.307207092642784119e-02 4.471483826637268066e-02 1.836689189076423645e-02 5.014975089579820633e-03 2.847047522664070129e-02 2.906727790832519531e-02 1.004465296864509583e-02 2.871126681566238403e-02 1.580053754150867462e-02 1.030233129858970642e-02 4.003970324993133545e-02 3.784126415848731995e-02 4.733959212899208069e-02 3.454111143946647644e-02 1.554073486477136612e-02 7.230461109429597855e-03 3.826743364334106445e-02 4.640293866395950317e-02 1.231580972671508789e-02 1.840960420668125153e-02 3.667229041457176208e-02 3.258823975920677185e-02 1.210717670619487762e-02 1.936308667063713074e-02 4.360758885741233826e-02 2.821713872253894806e-02 2.472094073891639709e-02 3.599596023559570312e-02 9.124854579567909241e-03 1.208456978201866150e-02 1.472672820091247559e-02 4.905446432530879974e-03 5.965298507362604141e-03 9.763388894498348236e-03 3.157395496964454651e-02 1.731012575328350067e-02 3.545787930488586426e-02 6.529977172613143921e-02 3.474714607000350952e-02 2.021356718614697456e-03 1.645317301154136658e-02 2.762773074209690094e-02 4.059417918324470520e-02 4.360708594322204590e-02 3.080752119421958923e-02 2.994329668581485748e-02 3.276911750435829163e-02 4.863696172833442688e-03 6.920843385159969330e-03 1.114029344171285629e-02 2.004090324044227600e-02 4.088499769568443298e-02 1.277986168861389160e-02 2.984034828841686249e-02 4.500253871083259583e-02 2.370935305953025818e-02 2.699318155646324158e-02 4.733128100633621216e-02 4.156713187694549561e-02 7.967034354805946350e-03 1.423251908272504807e-02 4.079172387719154358e-02 3.417940065264701843e-02 7.675964385271072388e-03
1.489855498075485229e-01 4.986152648925781250e-01 4.535356070846319199e-03 3.385907504707574844e-03 4.533898085355758667e-02 1.006062105298042297e-01 1.199946030974388123e-01 5.024849623441696167e-02 7.829681038856506348e-03 3.603902086615562439e-02 1.268421113491058350e-01 2.090759761631488800e-02 1.337666958570480347e-01 7.463281042873859406e-03 1.494638971053063869e-03 1.004906371235847473e-02 2.884138934314250946e-02 1.575648970901966095e-02 1.920634508132934570e-02 1.501781865954399109e-02 1.941958069801330566e-02 3.465299308300018311e-02 4.083323478698730469e-02 3.725817659869790077e-03 3.260801732540130615e-02 2.508366480469703674e-02 2.604160830378532410e-02 3.001875616610050201e-02 4.619877040386199951e-02 3.269072994589805603e-02 2.321851253509521484e-02 7.981506176292896271e-03 2.371572516858577728e-02 4.280291497707366943e-02 3.942173346877098083e-02 4.668817389756441116e-03 1.916671753861010075e-03 2.291179634630680084e-02 1.985098980367183685e-02 3.824117034673690796e-02 2.275492530316114426e-03 1.544163562357425690e-02 7.429222576320171356e-03 1.005872432142496109e-02 6.998167932033538818e-02 1.269990392029285431e-02 8.746957778930664062e-02 5.070454254746437073e-02 1.757441833615303040e-02 1.708966866135597229e-02 1.979253813624382019e-02 2.602439932525157928e-02 5.059077218174934387e-02 3.510708734393119812e-02 1.741354353725910187e-02 7.239606231451034546e-03 2.761413902044296265e-02 3.040153533220291138e-02 7.467171177268028259e-03 2.458706684410572052e-02 6.998756900429725647e-03 2.873595431447029114e-02 4.524925351142883301e-02 4.811450839042663574e-02 6.245782226324081421e-02 4.376418516039848328e-02 3.469460830092430115e-02 3.962318599224090576e-02 4.703673347830772400e-02 5.040678009390830994e-02 5.316672846674919128e-03 5.555890500545501709e-02 2.753199450671672821e-02 1.171770971268415451e-02 8.035443723201751709e-03 2.974922209978103638e-02 3.735504671931266785e-02 4.457935690879821777e-02 1.075908448547124863e-02 1.419238746166229248e-02 1.200950145721435547e-02 3.412310406565666199e-02 1.032919995486736298e-02 3.517479822039604187e-02 3.388162003830075264e-03 1.658313162624835968e-02 7.229304872453212738e-03 2.747562900185585022e-02 1.977116800844669342e-02 7.105809450149536133e-02 3.226108103990554810e-02 2.244091965258121490e-02 1.369759067893028259e-02 1.682894863188266754e-02 2.208835259079933167e-02 3.640552237629890442e-02 4.248315095901489258e-02 1.673798635601997375e-02 3.766973316669464111e-02 2.185722440481185913e-02 1.332545373588800430e-02 2.216035500168800354e-02 3.210382163524627686e-02 1.039066165685653687e-02 2.070074900984764099e-02 3.582770749926567078e-02 3.627434745430946350e-02 4.691623523831367493e-02 2.809695154428482056e-02 5.679354816675186157e-02 2.227161079645156860e-03 1.860652118921279907e-02 1.307554263621568680e-02 3.249763697385787964e-02 4.190713539719581604e-02 4.874475672841072083e-02
4.540623724460601807e-02 4.535356070846319199e-03 4.584521353244781494e-01 3.769262507557868958e-02 4.071056097745895386e-02 3.927960991859436035e-02 4.361459985375404358e-02 6.547740846872329712e-02 5.376538727432489395e-03 1.959683187305927277e-02 5.013924464583396912e-02 1.436337735503911972e-02 5.346845090389251709e-02 4.917479306459426880e-02 1.049388851970434189e-02 4.401427507400512695e-02 1.108737383037805557e-02 1.095420797355473042e-03 3.960429504513740540e-02 1.921158283948898315e-02 3.838495165109634399e-02 7.694672793149948120e-02 7.705637253820896149e-03 2.708567865192890167e-02 5.177043750882148743e-02 1.786133856512606144e-03 4.687444865703582764e-02 5.004913546144962311e-03 1.462186686694622040e-02 3.584029152989387512e-02 6.915530562400817871e-02 4.962720349431037903e-02 3.806168213486671448e-02 3.260811499785631895e-04 5.174740776419639587e-02 1.438674144446849823e-02 6.824514362961053848e-03 2.047661878168582916e-02 3.312522079795598984e-03 3.912774473428726196e-02 3.701370581984519958e-02 3.827079385519027710e-02 1.382323564030230045e-03 2.467046119272708893e-02 2.718324027955532074e-02 2.506293542683124542e-02 2.253114618360996246e-02 5.794866476207971573e-03 8.743318729102611542e-03 2.040801569819450378e-02 5.054529383778572083e-02 4.024899378418922424e-02 1.041132584214210510e-02 4.219749942421913147e-02 2.109534479677677155e-02 3.385679796338081360e-02 3.001493401825428009e-02 3.314170241355895996e-02 2.067989856004714966e-02 4.610100761055946350e-02 2.800915949046611786e-02 9.012512862682342529e-03 4.560492560267448425e-02 4.733246937394142151e-02 3.596578026190400124e-03 4.231320228427648544e-03 3.992108255624771118e-02 4.383283108472824097e-02 3.399317711591720581e-02 5.494160950183868408e-02 4.258042946457862854e-02 2.741801552474498749e-02 2.186165191233158112e-02 8.166543394327163696e-02 1.483779400587081909e-02 3.869338706135749817e-02 1.027196832001209259e-02 2.362887933850288391e-02 7.262143306434154510e-03 3.817120939493179321e-02 7.817503809928894043e-02 7.432616502046585083e-02 3.950432874262332916e-03 2.997737191617488861e-02 3.520042821764945984e-02 6.485464051365852356e-03 1.075161807239055634e-02 2.045366540551185608e-02 2.902118489146232605e-02 2.553461492061614990e-02 3.769443184137344360e-02 2.938909828662872314e-02 4.185002669692039490e-02 2.178143709897994995e-02 4.010883346199989319e-02 2.354077249765396118e-02 5.296158790588378906e-02 2.132189832627773285e-02 1.620513945817947388e-02 1.416209153831005096e-02 4.189779236912727356e-02 4.312970489263534546e-02 7.811088860034942627e-02 4.812623374164104462e-03 3.509058058261871338e-02 4.188283160328865051e-02 1.775956712663173676e-02 3.062998177483677864e-03 2.443074434995651245e-02 1.186384633183479309e-02 1.212161593139171600e-02 1.931613869965076447e-02 1.530456240288913250e-03 3.861340507864952087e-02 1.942360401153564453e-02 1.003628945909440517e-03
2.165791578590869904e-02 3.385907504707574844e-03 3.769262507557868958e-02 4.680257141590118408e-01 1.469883918762207031e-01 2.119268290698528290e-03 4.014605656266212463e-02 5.575320124626159668e-02 2.273615263402462006e-02 4.654644802212715149e-02 2.154324948787689209e-02 3.368254692759364843e-05 4.782065749168395996e-03 3.280754387378692627e-02 5.413176491856575012e-02 4.400081560015678406e-02 2.984974905848503113e-02 5.150111392140388489e-02 4.628953337669372559e-02 3.191631287336349487e-02 2.063798485323786736e-03 1.905908994376659393e-02 1.089785806834697723e-02 5.001028627157211304e-02 2.976774796843528748e-02 1.292461878620088100e-03 1.342234946787357330e-02 3.837204724550247192e-02 1.327637955546379089e-02 2.702804841101169586e-02 2.338072285056114197e-02 2.114180475473403931e-02 2.446364425122737885e-02 1.556024537421762943e-03 2.890184521675109863e-02 7.396147586405277252e-03 4.247153550386428833e-02 3.883938491344451904e-02 1.157380342483520508e-01 6.267826259136199951e-02 1.447680313140153885e-02 9.555226191878318787e-03 2.843280695378780365e-02 6.245787255465984344e-03 3.734561055898666382e-02 5.682468414306640625e-02 1.590969413518905640e-02 2.111028693616390228e-02 3.293518675491213799e-03 3.729696944355964661e-02 1.757161132991313934e-02 2.135061658918857574e-02 3.728199005126953125e-02 4.125110805034637451e-02 1.335429307073354721e-02 5.465631838887929916e-03 2.833301201462745667e-02 1.920554600656032562e-02 3.381894156336784363e-02 2.289393916726112366e-02 4.633051529526710510e-02 3.824742138385772705e-02 2.054915297776460648e-03 2.267884090542793274e-02 3.011875599622726440e-02 5.542389582842588425e-03 2.729373797774314880e-02 2.947005443274974823e-02 4.939348623156547546e-02 3.724878281354904175e-02 4.099508747458457947e-02 6.863159127533435822e-03 1.655344218015670776e-01 1.077668182551860809e-02 1.029919534921646118e-01 8.362784050405025482e-03 4.795975238084793091e-02 1.633588038384914398e-02 6.660133600234985352e-02 1.113740205764770508e-01 1.937622320838272572e-03 3.827438922598958015e-03 6.571038812398910522e-02 1.309477817267179489e-02 2.391804940998554230e-03 1.920659653842449188e-02 3.120408579707145691e-02 1.071196794509887695e-02 2.810419723391532898e-02 3.723597899079322815e-02 3.614830970764160156e-02 2.229540795087814331e-02 3.651756560429930687e-05 1.476702978834509850e-03 4.075200855731964111e-02 2.432587929069995880e-02 4.822741448879241943e-02 2.047668211162090302e-02 1.959160901606082916e-02 3.331979364156723022e-02 4.464545845985412598e-02 7.386920042335987091e-04 8.304310590028762817e-02 1.978322863578796387e-02 3.937109559774398804e-02 1.821004552766680717e-03 2.826998010277748108e-02 3.992778807878494263e-02 7.307237479835748672e-03 1.865516416728496552e-02 3.840232267975807190e-02 4.499076306819915771e-02 2.764582261443138123e-02 2.380206622183322906e-02 5.185708403587341309e-02 1.916559413075447083e-02
2.939159795641899109e-02 4.533898085355758667e-02 4.071056097745895386e-02 1.469883918762207031e-01 4.675430953502655029e-01 4.473070427775382996e-02 3.066152334213256836e-03 1.924006640911102295e-02 1.522505097091197968e-02 4.059893079102039337e-03 1.106292940676212311e-02 2.054340019822120667e-02 4.172648489475250244e-02 4.101761057972908020e-02 3.471285104751586914e-02 2.794292010366916656e-02 3.783782571554183960e-02 2.607164438813924789e-03 1.289485581219196320e-02 1.280807424336671829e-03 3.477695956826210022e-02 2.389126457273960114e-03 4.153522849082946777e-02 4.620150476694107056e-02 4.823355376720428467e-02 5.507118068635463715e-03 6.328082829713821411e-02 2.044795826077461243e-02 1.589007675647735596e-02 8.222015574574470520e-03 7.218057289719581604e-04 2.085879445075988770e-02 1.326703839004039764e-02 3.638402372598648071e-02 8.508158847689628601e-03 4.020617902278900146e-02 5.266327410936355591e-02 3.273844346404075623e-02 1.300091445446014404e-01 1.030131503939628601e-01 6.449011154472827911e-03 3.016453795135021210e-02 1.553376019001007080e-02 2.574671246111392975e-02 3.522467985749244690e-02 3.054288588464260101e-02 8.164245635271072388e-03 2.143913507461547852e-02 8.356024324893951416e-02 2.461757697165012360e-02 3.854209929704666138e-02 2.306827157735824585e-02 3.034485690295696259e-02 4.633112624287605286e-02 7.057602703571319580e-02 2.462721429765224457e-02 1.008457504212856293e-02 3.833641484379768372e-02 1.249285647645592690e-03 3.820454701781272888e-02 4.291225224733352661e-02 6.294684857130050659e-02 1.233832724392414093e-02 1.300903968513011932e-02 2.885504439473152161e-02 4.388148710131645203e-02 2.612256817519664764e-02 3.965962305665016174e-02 9.023173712193965912e-03 2.582836605142802000e-04 2.492400445044040680e-02 3.101290762424468994e-02 1.088217422366142273e-01 3.521647595334798098e-04 1.387130618095397949e-01 1.751063950359821320e-02 2.418707311153411865e-02 3.085591271519660950e-02 4.338197037577629089e-02 4.775303602218627930e-02 2.905348129570484161e-02 2.077245898544788361e-02 1.029482036828994751e-01 1.566520184278488159e-01 1.632927544414997101e-02 1.998071931302547455e-02 1.232866197824478149e-02 3.002656251192092896e-02 4.109957255423069000e-03 1.951339468359947205e-02 3.260624036192893982e-02 3.333816677331924438e-02 7.364492863416671753e-03 2.745008282363414764e-02 4.783244803547859192e-02 3.390707541257143021e-03 1.586429215967655182e-02 4.571910947561264038e-02 3.212908655405044556e-02 2.163319149985909462e-03 3.876978158950805664e-02 3.166804462671279907e-02 4.289861768484115601e-03 2.290669269859790802e-02 3.672299906611442566e-03 2.672300115227699280e-02 3.507105633616447449e-02 5.543589359149336815e-04 2.130843140184879303e-02 4.129321128129959106e-02 3.225967753678560257e-03 1.965832151472568512e-02 1.657999865710735321e-02 1.579616777598857880e-02 4.020247235894203186e-02 7.432122714817523956e-03
1.042909547686576843e-01 1.006062105298042297e-01 3.927960991859436035e-02 2.119268290698528290e-03 4.473070427775382996e-02 4.712275862693786621e-01 1.862760037183761597e-01 1.058765314519405365e-02 4.277797788381576538e-02 4.188418015837669373e-02 7.223213464021682739e-02 9.903965517878532410e-03 5.692272633314132690e-02 1.015950273722410202e-02 2.335348539054393768e-02 3.382805362343788147e-02 3.150930628180503845e-02 2.394964359700679779e-02 5.913039203733205795e-03 1.633246988058090210e-02 5.470068193972110748e-03 4.355701804161071777e-02 4.304026439785957336e-02 3.337008506059646606e-02 8.055422455072402954e-03 1.889903657138347626e-02 9.838849073275923729e-04 2.014955691993236542e-02 6.191338971257209778e-02 4.167920351028442383e-02 1.926864869892597198e-02 7.791822310537099838e-03 2.050951682031154633e-02 1.365138683468103409e-02 8.571873418986797333e-03 1.973219588398933411e-02 4.926987737417221069e-02 1.122091081924736500e-03 1.337783411145210266e-03 6.614468526095151901e-03 3.943530842661857605e-02 2.354237809777259827e-02 2.190337516367435455e-02 1.982618588954210281e-03 3.211570903658866882e-02 4.071211442351341248e-03 9.535461664199829102e-02 5.309294164180755615e-02 3.190899733453989029e-03 2.143729245290160179e-03 4.775555059313774109e-02 4.034592583775520325e-02 3.242138773202896118e-02 3.586649894714355469e-02 1.353977620601654053e-02 3.429566323757171631e-02 2.270599268376827240e-02 1.893970556557178497e-02 3.017199784517288208e-02 1.354404445737600327e-02 8.610172197222709656e-03 2.555661089718341827e-02 1.752616837620735168e-02 2.190344966948032379e-02 2.779453992843627930e-02 1.049716118723154068e-02 3.839970007538795471e-02 1.873932778835296631e-02 1.747902855277061462e-02 2.788007818162441254e-02 1.767412573099136353e-02 1.040103938430547714e-02 1.984913088381290436e-02 5.700553301721811295e-03 2.902711555361747742e-02 1.653416454792022705e-02 1.223582495003938675e-02 3.422712162137031555e-02 5.075321532785892487e-04 8.235829882323741913e-03 3.565527498722076416e-02 5.082755163311958313e-02 3.260776773095130920e-02 2.379034459590911865e-02 1.079262793064117432e-01 9.263673424720764160e-02 1.356963720172643661e-02 2.951822616159915924e-02 1.217466127127408981e-02 2.221042057499289513e-03 3.483771905303001404e-02 4.453564807772636414e-02 1.072678435593843460e-02 2.167630568146705627e-02 4.192058462649583817e-03 2.316008135676383972e-02 8.101220242679119110e-03 3.859647363424301147e-02 2.872585318982601166e-02 3.558471426367759705e-02 2.023591659963130951e-02 3.854195773601531982e-02 3.406716883182525635e-02 8.981812745332717896e-03 3.488161601126194000e-03 2.437288500368595123e-02 4.168239608407020569e-02 3.887322172522544861e-02 2.684120088815689087e-02 5.218151956796646118e-03 7.782305590808391571e-03 9.544116444885730743e-03 1.143190357834100723e-02 1.179386861622333527e-03 1.604037731885910034e-02 3.669620677828788757e-02
8.186332881450653076e-02 1.199946030974388123e-01 4.361459985375404358e-02 4.014605656266212463e-02 3.066152334213256836e-03 1.862760037183761597e-01 4.808052182197570801e-01 2.961708465591073036e-03 2.960380539298057556e-02 4.403583705425262451e-02 6.957655400037765503e-02 2.294694446027278900e-02 6.517009437084197998e-02 2.572307735681533813e-02 2.556512877345085144e-02 1.351641863584518433e-02 1.952391676604747772e-02 1.520883059129118919e-03 2.054928429424762726e-02 1.431250572204589844e-02 3.881422802805900574e-02 1.924763061106204987e-02 1.976041356101632118e-03 1.236510369926691055e-02 4.623782355338335037e-03 1.016809418797492981e-02 5.015674978494644165e-02 2.122957073152065277e-02 4.685582127422094345e-03 3.628851845860481262e-02 2.765618078410625458e-02 3.486407548189163208e-02 7.904299534857273102e-03 2.343124523758888245e-02 3.792860370595008135e-04 1.976024731993675232e-02 4.747218918055295944e-04 3.444362804293632507e-02 3.584192320704460144e-02 1.474961172789335251e-02 5.522781051695346832e-03 9.444350376725196838e-03 2.448896691203117371e-02 2.068920806050300598e-02 2.862667292356491089e-02 1.873573847115039825e-02 4.873396456241607666e-02 1.134679466485977173e-01 2.274679765105247498e-02 9.163733571767807007e-03 1.170849893242120743e-02 3.755043819546699524e-02 4.070539027452468872e-02 3.595121577382087708e-02 6.489802151918411255e-03 7.877130061388015747e-03 1.725919544696807861e-02 4.664025083184242249e-02 4.326502233743667603e-02 3.727637603878974915e-02 4.720856994390487671e-02 4.729963093996047974e-02 3.757568448781967163e-02 3.083883225917816162e-02 8.227340877056121826e-03 3.289850056171417236e-02 1.663121022284030914e-02 5.813845433294773102e-03 1.825783215463161469e-02 4.840731620788574219e-02 7.778778206557035446e-03 1.016938313841819763e-02 2.491187117993831635e-02 2.953103929758071899e-02 1.585105247795581818e-02 3.581419214606285095e-02 4.718720167875289917e-02 1.628147624433040619e-02 2.136524207890033722e-02 3.513169661164283752e-02 2.384290285408496857e-02 2.685876749455928802e-02 1.304615102708339691e-02 2.000042982399463654e-02 4.410637170076370239e-02 6.527765840291976929e-02 5.091749131679534912e-03 4.566931724548339844e-02 9.711213409900665283e-03 3.676488250494003296e-02 4.974823817610740662e-02 2.223226800560951233e-02 4.552829265594482422e-02 2.642170712351799011e-02 2.545134350657463074e-02 3.490382805466651917e-02 3.976584598422050476e-02 2.774624526500701904e-02 3.118415176868438721e-02 1.000674534589052200e-02 1.002749986946582794e-02 2.782964147627353668e-03 4.132806509733200073e-02 2.069180086255073547e-02 3.914000466465950012e-02 3.386656194925308228e-02 2.250924706459045410e-02 2.855652943253517151e-02 2.387375757098197937e-02 1.501170452684164047e-02 5.000039935111999512e-02 3.434466943144798279e-02 3.868079185485839844e-02 4.373172298073768616e-02 2.648746594786643982e-02 2.508419938385486603e-02
2.590136043727397919e-02 5.024849623441696167e-02 6.547740846872329712e-02 5.575320124626159668e-02 1.924006640911102295e-02 1.058765314519405365e-02 2.961708465591073036e-03 4.755389988422393799e-01 5.261721089482307434e-02 2.711056731641292572e-02 5.909546744078397751e-03 3.096835315227508545e-02 2.398906042799353600e-03 4.077406972646713257e-02 6.917472183704376221e-02 8.083697408437728882e-03 3.698084037750959396e-04 3.012633183971047401e-03 9.619439952075481415e-03 4.650448635220527649e-02 4.559362772852182388e-03 3.386201709508895874e-02 3.031893260776996613e-02 8.915964514017105103e-03 1.291558425873517990e-02 6.169156171381473541e-03 2.520340308547019958e-02 2.786348760128021240e-02 8.468755520880222321e-03 3.417919948697090149e-02 5.292564257979393005e-02 1.282064057886600494e-02 3.718953812494874001e-03 1.842253096401691437e-02 3.664132952690124512e-02 1.594395004212856293e-02 1.042082905769348145e-03 4.635753575712442398e-03 2.117666043341159821e-02 2.792360074818134308e-02 8.864945173263549805e-02 9.891824796795845032e-03 1.174791064113378525e-02 7.218043785542249680e-03 3.507881192490458488e-03 7.446161471307277679e-04 1.629927940666675568e-02 2.054237015545368195e-02 2.380482666194438934e-02 7.167335133999586105e-03 3.152404725551605225e-02 3.444200614467263222e-03 1.520979125052690506e-02 2.456598449498414993e-03 4.913687333464622498e-02 3.371830284595489502e-02 3.677717596292495728e-02 5.194325931370258331e-03 5.999568849802017212e-03 2.364934887737035751e-03 4.336250945925712585e-02 2.024292200803756714e-02 5.226891115307807922e-02 2.914012596011161804e-02 2.344685373827815056e-03 2.092938870191574097e-02 3.149005025625228882e-02 5.033893883228302002e-02 3.678257763385772705e-02 1.793299987912178040e-02 2.784412726759910583e-02 3.187115862965583801e-02 1.888500712811946869e-02 2.658759430050849915e-02 1.526653859764337540e-02 3.804526105523109436e-02 3.695005923509597778e-02 5.274548381567001343e-02 2.861404046416282654e-02 1.649161614477634430e-02 2.269427105784416199e-02 6.616922467947006226e-02 4.162422567605972290e-02 1.890026591718196869e-02 4.421256110072135925e-02 3.778927773237228394e-02 4.403614997863769531e-02 5.977837741374969482e-02 2.667761407792568207e-02 3.949804604053497314e-02 2.372692525386810303e-02 1.328631769865751266e-02 5.069278553128242493e-02 3.109490685164928436e-02 2.071757242083549500e-02 8.080494590103626251e-03 5.221215076744556427e-03 2.679728344082832336e-02 3.719102824106812477e-03 3.850260376930236816e-02 1.281671691685914993e-02 2.490694634616374969e-03 2.988248132169246674e-02 1.261586882174015045e-02 3.208857029676437378e-03 5.382370669394731522e-03 1.954189036041498184e-03 1.256747078150510788e-02 2.891671657562255859e-02 4.165359213948249817e-02 8.268600329756736755e-03 2.885095402598381042e-02 6.054288707673549652e-03 2.169941551983356476e-02 4.566000029444694519e-02 5.020758137106895447e-02
2.366612665355205536e-03 7.829681038856506348e-03 5.376538727432489395e-03 2.273615263402462006e-02 1.522505097091197968e-02 4.277797788381576538e-02 2.960380539298057556e-02 5.261721089482307434e-02 4.822921156883239746e-01 8.602710068225860596e-02 2.213709428906440735e-02 4.189874604344367981e-02 3.553352132439613342e-02 4.368573054671287537e-02 1.381906121969223022e-02 5.169925838708877563e-02 2.264013886451721191e-02 4.779977351427078247e-02 1.152266003191471100e-02 1.122761890292167664e-02 4.521468654274940491e-02 1.834884285926818848e-02 6.573507189750671387e-02 2.671423368155956268e-03 3.949736710637807846e-03 1.376324146986007690e-02 2.085623331367969513e-02 3.609113767743110657e-02 4.168610088527202606e-03 1.801988668739795685e-02 9.783290326595306396e-03 2.680896548554301262e-03 1.317309495061635971e-02 2.525885961949825287e-02 1.730983145534992218e-02 1.543549634516239166e-02 2.816155180335044861e-02 9.689250960946083069e-03 3.221239149570465088e-02 1.409439463168382645e-02 1.240126043558120728e-02 4.892063792794942856e-03 1.665735989809036255e-02 6.263502873480319977e-03 1.255237683653831482e-02 3.694199770689010620e-02 4.343613237142562866e-02 4.293281584978103638e-02 3.970910981297492981e-02 4.492007661610841751e-03 7.115795277059078217e-03 2.456803992390632629e-02 3.648389130830764771e-03 3.569702804088592529e-02 6.001442670822143555e-02 3.985126689076423645e-02 1.743162982165813446e-02 6.314939353615045547e-03 2.643508836627006531e-02 1.533439569175243378e-02 3.114040242508053780e-03 1.960051245987415314e-02 8.089450001716613770e-02 3.560517728328704834e-02 6.961710751056671143e-03 3.127275779843330383e-02 3.391548991203308105e-02 3.377393120899796486e-03 7.999216020107269287e-02 3.052788972854614258e-02 9.755876846611499786e-03 3.357681632041931152e-02 2.016809955239295959e-02 2.662114053964614868e-02 5.073611065745353699e-02 1.987078459933400154e-03 1.313139796257019043e-01 7.412817329168319702e-02 9.361304342746734619e-02 3.065782040357589722e-02 1.681518182158470154e-02 4.551942460238933563e-03 1.212005969136953354e-02 5.109382048249244690e-02 1.172745972871780396e-02 4.992952570319175720e-02 5.253225192427635193e-02 4.858133196830749512e-02 3.280797973275184631e-02 3.513334318995475769e-02 3.198526054620742798e-02 1.455092523247003555e-02 2.233525738120079041e-02 3.001601621508598328e-02 4.055039957165718079e-02 4.334143549203872681e-02 4.229763057082891464e-03 5.779886245727539062e-02 6.600019335746765137e-02 1.321825012564659119e-02 5.386843159794807434e-02 6.081755086779594421e-02 4.559168219566345215e-02 6.204672623425722122e-03 6.511339452117681503e-03 2.852559834718704224e-02 2.072467701509594917e-03 5.287208035588264465e-02 2.700999006628990173e-02 4.317646101117134094e-02 2.621701173484325409e-02 1.937510818243026733e-02 4.931502975523471832e-03 3.167764469981193542e-02 3.732026380021125078e-04 7.686723954975605011e-03
1.635720953345298767e-02 3.603902086615562439e-02 1.959683187305927277e-02 4.654644802212715149e-02 4.059893079102039337e-03 4.188418015837669373e-02 4.403583705425262451e-02 2.711056731641292572e-02 8.602710068225860596e-02 4.904703795909881592e-01 2.523740381002426147e-02 1.807513833045959473e-02 4.334728792309761047e-02 1.138806575909256935e-03 1.532676396891474724e-03 1.903658732771873474e-02 1.474055461585521698e-02 1.124789565801620483e-02 1.041283607482910156e-01 4.114924371242523193e-02 2.519055642187595367e-02 1.864357385784387589e-03 3.179002180695533752e-02 3.161402419209480286e-02 5.676108971238136292e-02 3.917965292930603027e-02 1.452831644564867020e-02 3.300079703330993652e-02 1.914723962545394897e-02 5.867029726505279541e-02 1.181125640869140625e-02 3.327108547091484070e-02 1.984108239412307739e-03 5.290136323310434818e-04 4.697600007057189941e-02 1.204434968531131744e-02 1.273082755506038666e-02 1.759464479982852936e-02 4.608904570341110229e-02 3.266103565692901611e-02 2.636694116517901421e-03 1.746497116982936859e-02 3.234188258647918701e-02 3.014860674738883972e-03 1.432974170893430710e-02 4.369671642780303955e-02 3.424411267042160034e-02 2.674785628914833069e-02 5.491368100047111511e-02 2.695664949715137482e-02 2.315473370254039764e-02 1.761536486446857452e-02 5.522093269973993301e-03 2.536856755614280701e-02 5.209474638104438782e-02 4.777386412024497986e-02 2.611720934510231018e-02 4.957985132932662964e-02 2.253348194062709808e-02 1.902778074145317078e-02 3.532242029905319214e-02 2.307687886059284210e-02 6.838078051805496216e-02 2.800297550857067108e-02 2.379114273935556412e-03 1.124900765717029572e-02 2.968997135758399963e-02 3.993166238069534302e-02 2.560575492680072784e-02 2.211301587522029877e-02 8.313677273690700531e-03 5.693798512220382690e-02 5.944966897368431091e-02 2.491560764610767365e-02 5.465855449438095093e-02 4.115980118513107300e-02 4.378790035843849182e-02 8.418849855661392212e-02 3.895818442106246948e-02 1.300133466720581055e-01 7.284692954272031784e-03 2.591022476553916931e-02 5.072364583611488342e-02 1.298565766774117947e-03 2.747257798910140991e-02 6.083983927965164185e-02 4.005166143178939819e-02 5.754660442471504211e-02 2.948868274688720703e-02 4.426334053277969360e-02 1.466581691056489944e-02 3.309657797217369080e-02 6.268186960369348526e-03 5.688537284731864929e-02 1.742214895784854889e-02 1.678356342017650604e-02 2.195981889963150024e-02 1.785574853420257568e-02 2.612573094666004181e-02 1.474581845104694366e-02 3.095666132867336273e-02 1.457314752042293549e-02 4.351751133799552917e-02 1.481501199305057526e-02 4.577912017703056335e-02 3.210758417844772339e-02 1.140200346708297729e-02 5.716927722096443176e-02 2.297389786690473557e-03 1.155354082584381104e-02 8.147327229380607605e-03 1.542662177234888077e-02 1.879470236599445343e-02 2.359515428543090820e-02 1.202147454023361206e-02 2.443342702463269234e-03
1.529202461242675781e-01 1.268421113491058350e-01 5.013924464583396912e-02 2.154324948787689209e-02 1.106292940676212311e-02 7.223213464021682739e-02 6.957655400037765503e-02 5.909546744078397751e-03 2.213709428906440735e-02 2.523740381002426147e-02 5.004258751869201660e-01 1.737238094210624695e-02 1.299365013837814331e-01 1.892318949103355408e-02 2.870470099151134491e-02 1.033604727126657963e-03 9.700475260615348816e-03 5.640633404254913330e-03 1.729528792202472687e-02 3.304569795727729797e-02 2.427598927170038223e-03 8.137643337249755859e-03 7.353088818490505219e-03 5.638580303639173508e-03 4.250564426183700562e-02 8.241835050284862518e-03 7.602744549512863159e-02 3.529119864106178284e-02 6.838256120681762695e-02 3.756315261125564575e-02 4.001224786043167114e-02 1.177366822957992554e-02 4.370547365397214890e-03 3.317278251051902771e-02 4.393217340111732483e-02 9.069158695638179779e-03 7.841221988201141357e-03 6.473323795944452286e-03 2.146554179489612579e-02 5.682435352355241776e-03 3.583868220448493958e-02 6.079351995140314102e-03 1.430277992039918900e-02 5.434601753950119019e-02 6.967582553625106812e-02 2.616089477669447660e-04 1.137047410011291504e-01 4.986407980322837830e-02 3.884503617882728577e-02 4.324339702725410461e-02 1.407322753220796585e-02 4.121991805732250214e-03 3.171293996274471283e-03 3.946522995829582214e-02 8.895086124539375305e-03 3.780936589464545250e-03 3.411363810300827026e-02 4.265114292502403259e-02 2.585556823760271072e-03 3.613676875829696655e-02 7.834820076823234558e-03 9.828878100961446762e-04 1.343967113643884659e-02 2.572276256978511810e-02 9.197606146335601807e-02 5.461782217025756836e-02 3.524620458483695984e-02 2.046968787908554077e-02 4.507367312908172607e-02 2.564567700028419495e-02 2.602679096162319183e-02 3.364671766757965088e-02 3.275785595178604126e-02 2.482691593468189240e-02 3.748781979084014893e-02 5.285215564072132111e-03 3.553064540028572083e-02 4.466713592410087585e-02 8.410922251641750336e-03 4.376463219523429871e-02 4.836774896830320358e-03 1.781390234827995300e-02 1.679074019193649292e-02 2.351357042789459229e-02 3.071958431974053383e-03 5.124641954898834229e-02 4.202654957771301270e-02 1.919699134305119514e-03 1.791098900139331818e-02 3.483376279473304749e-02 5.429317057132720947e-02 4.968607798218727112e-02 5.139853805303573608e-02 2.181524597108364105e-02 4.152527451515197754e-02 3.226227313280105591e-02 4.512454569339752197e-02 1.640161313116550446e-02 3.998856991529464722e-02 3.616498410701751709e-02 1.674102991819381714e-02 1.385687664151191711e-02 3.145052492618560791e-02 1.805750094354152679e-02 3.366895392537117004e-02 4.990780726075172424e-02 4.665662348270416260e-02 1.260839682072401047e-02 3.581345081329345703e-02 5.442377924919128418e-02 3.028772957623004913e-02 1.508267410099506378e-02 3.089243173599243164e-02 3.947873786091804504e-02 2.013347856700420380e-02 6.109334062784910202e-04
1.533989608287811279e-02 2.090759761631488800e-02 1.436337735503911972e-02 3.368254692759364843e-05 2.054340019822120667e-02 9.903965517878532410e-03 2.294694446027278900e-02 3.096835315227508545e-02 4.189874604344367981e-02 1.807513833045959473e-02 1.737238094210624695e-02 4.633341133594512939e-01 9.833446703851222992e-03 1.475078463554382324e-01 2.473412826657295227e-02 1.448279991745948792e-02 3.164959326386451721e-02 2.948203124105930328e-02 2.319526486098766327e-02 1.652139797806739807e-02 4.824211448431015015e-02 2.210645005106925964e-02 4.412810876965522766e-02 1.107830833643674850e-02 1.137110870331525803e-03 1.794438576325774193e-03 2.356206811964511871e-02 9.757619351148605347e-02 4.026059992611408234e-03 7.784088701009750366e-02 4.191513732075691223e-02 1.972278580069541931e-02 5.124852806329727173e-02 1.566307619214057922e-02 7.501931395381689072e-03 5.265379324555397034e-03 1.807531528174877167e-02 1.397725101560354233e-02 4.604367539286613464e-02 4.480915144085884094e-02 2.079365402460098267e-02 4.355540499091148376e-02 1.874435879290103912e-02 1.113997027277946472e-02 2.945373766124248505e-02 1.161498948931694031e-02 2.327083051204681396e-02 4.779242910444736481e-03 6.513518281280994415e-03 3.739989176392555237e-02 2.912546135485172272e-02 3.510848805308341980e-02 3.999194130301475525e-03 8.841542527079582214e-03 3.617014735937118530e-02 1.431502867490053177e-02 6.199402268975973129e-03 7.589966058731079102e-03 6.459192186594009399e-02 6.511862855404615402e-03 5.211202800273895264e-02 1.330430805683135986e-02 4.479848220944404602e-02 3.987178206443786621e-02 2.115776576101779938e-02 1.885370910167694092e-02 2.904814109206199646e-02 3.346549719572067261e-02 8.119525387883186340e-03 1.617933064699172974e-02 2.270522527396678925e-02 2.480315044522285461e-02 3.562641562893986702e-03 3.432847559452056885e-02 2.396268397569656372e-02 2.037687040865421295e-02 2.465085126459598541e-02 1.087855827063322067e-02 3.334239497780799866e-02 2.046722511295229197e-04 1.779999025166034698e-02 8.609187789261341095e-03 4.782658070325851440e-03 2.855076268315315247e-02 4.611715674400329590e-02 4.818604886531829834e-02 1.745252753607928753e-03 2.226474694907665253e-02 3.179914131760597229e-02 3.163637220859527588e-02 1.265652198344469070e-02 4.206008464097976685e-02 1.241785474121570587e-03 5.427132919430732727e-02 8.490480482578277588e-03 4.029524978250265121e-03 4.094340372830629349e-03 2.716111391782760620e-02 2.335185371339321136e-02 2.541062887758016586e-03 1.071619614958763123e-02 1.751446165144443512e-02 6.322534382343292236e-02 2.100760303437709808e-02 2.952980808913707733e-02 5.060164257884025574e-02 2.597359381616115570e-02 2.990937605500221252e-02 5.113980546593666077e-02 3.107319213449954987e-02 5.732302088290452957e-03 5.785989388823509216e-02 1.369428820908069611e-02 2.219037711620330811e-02 3.519683331251144409e-02 4.990631714463233948e-02
1.263775825500488281e-01 1.337666958570480347e-01 5.346845090389251709e-02 4.782065749168395996e-03 4.172648489475250244e-02 5.692272633314132690e-02 6.517009437084197998e-02 2.398906042799353600e-03 3.553352132439613342e-02 4.334728792309761047e-02 1.299365013837814331e-01 9.833446703851222992e-03 5.017890930175781250e-01 4.970885347574949265e-03 2.994634769856929779e-02 3.746322169899940491e-02 4.010380059480667114e-02 1.995122432708740234e-02 7.071578875184059143e-04 3.712944686412811279e-02 5.113425198942422867e-03 1.780587830580770969e-03 1.527430862188339233e-02 4.400696605443954468e-03 3.738994151353836060e-02 8.364941924810409546e-03 3.926572576165199280e-02 4.654146358370780945e-02 5.571319535374641418e-02 2.248580940067768097e-02 1.531300414353609085e-02 5.268904380500316620e-03 2.109757438302040100e-02 3.842383995652198792e-02 5.319332331418991089e-02 3.096513636410236359e-02 8.080468513071537018e-03 3.430460020899772644e-02 3.516680747270584106e-02 1.980383135378360748e-02 3.653737367130815983e-04 3.621393069624900818e-02 1.548714470118284225e-02 4.527221026364713907e-04 6.147960945963859558e-02 9.960655122995376587e-03 1.056850776076316833e-01 3.672061115503311157e-02 4.600939527153968811e-02 2.249495498836040497e-02 7.256504148244857788e-03 1.028064172714948654e-02 2.598807215690612793e-02 2.353635802865028381e-02 2.227901667356491089e-02 1.889675110578536987e-02 3.730100393295288086e-02 5.042808130383491516e-02 1.084631402045488358e-02 2.243764325976371765e-02 3.495252877473831177e-02 1.036475598812103271e-02 3.347399458289146423e-02 4.892319068312644958e-02 5.954963713884353638e-02 6.988007575273513794e-02 2.666505426168441772e-02 2.339877188205718994e-02 1.691698282957077026e-02 3.339787945151329041e-02 8.678561076521873474e-03 1.234994269907474518e-02 2.354576624929904938e-02 5.193104594945907593e-02 1.264121755957603455e-02 2.105111815035343170e-02 2.366599999368190765e-02 3.723029047250747681e-02 1.698256656527519226e-02 2.724483050405979156e-02 6.052577402442693710e-03 5.479081068187952042e-03 4.009268304798752069e-04 8.847941644489765167e-03 5.911318585276603699e-03 1.094584260135889053e-02 1.401127316057682037e-02 2.404060587286949158e-02 2.596640028059482574e-02 5.860670283436775208e-02 4.007376730442047119e-02 1.510587614029645920e-02 2.382077462971210480e-02 3.105027973651885986e-02 3.766433149576187134e-02 3.125945106148719788e-02 3.712831065058708191e-02 1.588817313313484192e-02 4.233402758836746216e-02 1.687136292457580566e-02 8.817514404654502869e-03 7.981417002156376839e-04 4.543434083461761475e-02 3.778262436389923096e-02 4.701873660087585449e-02 4.424910992383956909e-02 5.214871466159820557e-02 3.153648972511291504e-02 4.113050177693367004e-02 3.983340784907341003e-02 2.024592645466327667e-02 1.331379637122154236e-03 1.123281102627515793e-02 1.570968516170978546e-02 3.808559477329254150e-02 1.089512807084247470e-05
