5.423311591148376465e-01 1.300068795680999756e-01 2.100355736911296844e-02 1.637662574648857117e-02 1.361669320613145828e-02 8.215065300464630127e-02 7.704439014196395874e-02 1.726489141583442688e-02 2.567043900489807129e-02 3.221262991428375244e-02 7.693714648485183716e-02 1.572767272591590881e-02 5.851417779922485352e-02 1.269200147362425923e-04 5.342557281255722046e-02 3.839378058910369873e-02 1.756866276264190674e-02 2.220889180898666382e-02 1.091708242893218994e-02 5.314094480127096176e-03 4.201834555715322495e-03 4.532855749130249023e-02 5.855831783264875412e-03 1.980830542743206024e-02 2.987502142786979675e-03 1.269392855465412140e-02 8.186937309801578522e-03 4.564282018691301346e-03 6.891801953315734863e-02 6.937556900084018707e-04 1.513735018670558929e-02 2.889162674546241760e-02 2.359111979603767395e-02 2.434136532247066498e-02 1.939285360276699066e-02 2.464324701577425003e-03 2.477956190705299377e-02 3.109861910343170166e-02 3.533795475959777832e-02 4.694852977991104126e-02 1.863273046910762787e-02 4.217913001775741577e-02 3.948213160037994385e-02 1.385550945997238159e-02 2.427206933498382568e-02 2.810412086546421051e-02 8.187630772590637207e-02 9.934692829847335815e-02 2.449528547003865242e-03 4.725964367389678955e-02 1.902206055819988251e-02 2.277059480547904968e-02 3.696361556649208069e-02 2.498394995927810669e-02 1.700336579233407974e-03 3.814469277858734131e-02 5.291906744241714478e-02 1.598091982305049896e-02 2.995279058814048767e-02 2.598228864371776581e-02 2.231016755104064941e-02 3.210718184709548950e-02 1.911613158881664276e-02 2.317381650209426880e-02 1.161587983369827271e-02 5.003879591822624207e-02 1.251051551662385464e-03 3.206073492765426636e-02 3.878612443804740906e-02 3.013163805007934570e-03 4.135281965136528015e-02 2.389212837442755699e-03 2.526418119668960571e-02 2.609162405133247375e-02 1.985100656747817993e-02 6.300328765064477921e-03 3.186129406094551086e-02 2.483841404318809509e-02 1.584230735898017883e-02 2.846587449312210083e-02 2.143826708197593689e-02 7.338456809520721436e-03 3.889232873916625977e-02 3.637235611677169800e-02 4.866522178053855896e-02 7.764283102005720139e-03 4.197805747389793396e-02 2.308861352503299713e-02 9.777720086276531219e-03 4.586555808782577515e-02 1.185647919774055481e-01 2.144325710833072662e-02 1.044848859310150146e-01 5.629795417189598083e-02 2.722381241619586945e-02 7.559442892670631409e-03 3.910104557871818542e-02 9.168770164251327515e-03 2.697956189513206482e-02 3.045691736042499542e-02 4.056531935930252075e-02 3.868626803159713745e-02 2.581872604787349701e-02 4.151754081249237061e-02 1.446402631700038910e-02 5.110984295606613159e-02 4.347846284508705139e-02 5.684477277100086212e-03 4.555086791515350342e-02 1.760671730153262615e-03 1.203900668770074844e-02 1.218516472727060318e-02 4.851072654128074646e-02 2.683574333786964417e-02 2.183216996490955353e-02 1.084468327462673187e-02
1.300068795680999756e-01 5.386453270912170410e-01 3.983078896999359131e-02 2.827385440468788147e-02 3.943144902586936951e-02 4.944359883666038513e-02 7.260220497846603394e-02 3.284142166376113892e-02 1.236046385020017624e-02 7.793214637786149979e-03 1.727378368377685547e-02 2.370960451662540436e-02 2.460981346666812897e-02 2.075461111962795258e-02 5.543401837348937988e-02 3.888623043894767761e-02 5.302238743752241135e-03 1.793435588479042053e-02 1.201844122260808945e-02 3.774869721382856369e-03 7.452699355781078339e-04 2.739974856376647949e-02 4.046692978590726852e-03 1.132740732282400131e-02 4.194317385554313660e-02 1.086276303976774216e-02 7.941844873130321503e-03 3.321475535631179810e-02 1.721454225480556488e-02 3.873263299465179443e-02 3.455768525600433350e-02 1.341450028121471405e-02 2.960422635078430176e-02 3.222049027681350708e-02 2.093746699392795563e-02 5.225946661084890366e-04 1.292494591325521469e-02 3.512277826666831970e-02 1.919819856993854046e-03 2.294695936143398285e-02 1.324899028986692429e-02 5.136211216449737549e-02 9.515058249235153198e-03 8.948261849582195282e-03 4.026165232062339783e-02 5.967726465314626694e-03 3.455564007163047791e-02 1.011038273572921753e-01 3.564713150262832642e-02 3.128540003672242165e-03 2.384392730891704559e-02 3.418209776282310486e-02 3.270408138632774353e-02 2.461083233356475830e-02 3.293256089091300964e-02 1.816880330443382263e-02 1.853406615555286407e-02 3.862101351842284203e-03 1.220833882689476013e-02 3.532284498214721680e-02 2.557957544922828674e-02 9.689977392554283142e-03 3.680509747937321663e-03 1.090960297733545303e-02 3.458712482824921608e-03 2.585852891206741333e-02 7.360571064054965973e-03 4.678253084421157837e-02 2.448471635580062866e-02 1.027307938784360886e-02 2.999507449567317963e-02 1.023502554744482040e-02 4.272376373410224915e-02 4.110936820507049561e-02 6.923440378159284592e-03 2.142911776900291443e-03 2.357429638504981995e-02 1.006832346320152283e-02 3.463638573884963989e-02 1.454290840774774551e-02 4.005156829953193665e-02 8.601143956184387207e-03 2.115427888929843903e-02 1.488509820774197578e-03 1.910451985895633698e-02 1.311583071947097778e-02 5.531118437647819519e-02 3.646700456738471985e-02 5.612695589661598206e-02 1.544719468802213669e-02 7.684733718633651733e-02 1.948528736829757690e-02 1.138218790292739868e-01 6.513575464487075806e-02 5.082820355892181396e-02 3.211101889610290527e-02 8.091793395578861237e-03 7.664801087230443954e-03 2.297423221170902252e-02 2.335588447749614716e-02 2.738298662006855011e-02 3.312332928180694580e-02 5.219788756221532822e-03 4.535058513283729553e-02 1.415487471967935562e-02 6.059308350086212158e-02 3.500953316688537598e-02 1.104768458753824234e-02 4.211544618010520935e-02 3.185722976922988892e-02 3.674795478582382202e-02 2.420342294499278069e-03 1.030066795647144318e-02 1.934487931430339813e-02 1.716901734471321106e-02 2.956425957381725311e-02
2.100355736911296844e-02 3.983078896999359131e-02 5.266288518905639648e-01 2.589785493910312653e-02 3.047523088753223419e-02 3.682339563965797424e-02 9.581511840224266052e-03 1.053725033998489380e-01 1.190942339599132538e-02 7.670187624171376228e-04 1.112023834139108658e-02 3.924949467182159424e-02 2.684033103287220001e-02 1.574520952999591827e-02 5.093149095773696899e-02 1.669450476765632629e-02 4.995625466108322144e-03 2.098207920789718628e-02 1.693733967840671539e-02 1.831821165978908539e-02 4.183812998235225677e-03 3.096260316669940948e-02 1.413888647221028805e-03 7.451524958014488220e-03 2.929584309458732605e-02 1.141158118844032288e-02 1.813729107379913330e-02 3.771391138434410095e-02 1.216624956578016281e-02 1.671031862497329712e-02 4.215083271265029907e-02 6.569774268427863717e-05 3.843836113810539246e-02 2.670301310718059540e-02 7.229513721540570259e-04 2.106770873069763184e-02 1.499143708497285843e-02 1.348453667014837265e-02 4.662492871284484863e-02 4.907459765672683716e-02 1.613952592015266418e-02 3.609955683350563049e-02 7.680883863940834999e-04 1.822969503700733185e-02 2.841548121068626642e-04 9.110047481954097748e-03 4.850251972675323486e-02 2.585213072597980499e-02 1.202844921499490738e-02 1.256943028420209885e-02 2.989489957690238953e-02 3.890644013881683350e-02 2.243349328637123108e-02 1.740909554064273834e-02 2.100055851042270660e-02 2.632060274481773376e-02 3.562374413013458252e-02 1.273434981703758240e-02 2.080797217786312103e-03 1.014521624892950058e-02 4.303630441427230835e-03 2.435290254652500153e-02 3.049886226654052734e-02 4.223412275314331055e-02 3.038506256416440010e-03 1.703495904803276062e-02 2.383313141763210297e-02 3.548605740070343018e-02 2.613320387899875641e-02 4.972267150878906250e-02 3.206319734454154968e-02 3.569948300719261169e-02 4.334620758891105652e-02 1.648955605924129486e-02 3.893756493926048279e-02 1.931785605847835541e-02 3.040404245257377625e-02 2.795408014208078384e-03 2.093031071126461029e-02 2.250036038458347321e-02 9.320352226495742798e-02 9.057739377021789551e-02 2.979774773120880127e-02 4.285363480448722839e-03 1.314152218401432037e-02 1.300799939781427383e-02 4.896954819560050964e-02 8.072373270988464355e-02 4.509557969868183136e-03 1.458396296948194504e-02 1.177265308797359467e-02 2.686676941812038422e-02 2.861322276294231415e-02 5.529838800430297852e-02 4.222282022237777710e-02 3.322409093379974365e-02 2.031098585575819016e-03 1.341300737112760544e-02 4.996156319975852966e-03 3.390324302017688751e-03 1.179868169128894806e-02 4.536977037787437439e-02 3.137447405606508255e-03 1.921476982533931732e-02 2.961287647485733032e-02 1.416972186416387558e-02 2.680695615708827972e-02 4.570461809635162354e-03 4.370389133691787720e-02 4.602795839309692383e-02 3.617623820900917053e-02 6.230181455612182617e-02 3.531770035624504089e-02 1.314643211662769318e-02 2.481971867382526398e-02 1.076268590986728668e-02
1.637662574648857117e-02 2.827385440468788147e-02 2.589785493910312653e-02 5.132095813751220703e-01 1.561744958162307739e-01 5.231454037129878998e-03 4.838458728045225143e-03 1.183575112372636795e-02 1.328339520841836929e-02 1.996573247015476227e-02 2.972282003611326218e-03 1.108933333307504654e-02 3.160821041092276573e-03 2.308190613985061646e-02 1.495280419476330280e-03 4.772421903908252716e-03 1.442929205950349569e-04 4.495231062173843384e-02 1.286073774099349976e-01 3.326609358191490173e-02 6.908822804689407349e-03 2.529450505971908569e-02 2.429120009765028954e-03 7.850954309105873108e-03 2.540086582303047180e-02 3.435499593615531921e-02 3.536446392536163330e-02 5.907196551561355591e-02 1.635101810097694397e-02 4.866451025009155273e-02 1.680575124919414520e-02 3.522410616278648376e-02 1.754909381270408630e-02 3.687690244987607002e-03 8.167712949216365814e-03 5.040087178349494934e-02 3.445919975638389587e-02 1.051797345280647278e-02 6.693608313798904419e-02 5.217805877327919006e-02 4.501525778323411942e-03 1.362206414341926575e-02 2.033306285738945007e-03 1.743443310260772705e-02 3.316299244761466980e-02 4.256918281316757202e-02 1.074894424527883530e-02 1.406518090516328812e-02 2.459258586168289185e-02 3.168928995728492737e-02 3.139318665489554405e-03 2.712650038301944733e-02 1.978981494903564453e-02 1.068319659680128098e-02 2.871712669730186462e-02 4.118431359529495239e-02 4.319013282656669617e-02 9.080654010176658630e-03 3.227351978421211243e-02 5.224877595901489258e-02 1.029010266065597534e-01 8.312343060970306396e-02 2.977511659264564514e-02 4.339804290793836117e-04 3.131602704524993896e-02 7.520782761275768280e-03 7.179670035839080811e-03 4.241880495101213455e-03 2.048326469957828522e-02 2.849235944449901581e-02 3.295098617672920227e-02 3.776470199227333069e-03 6.614197790622711182e-02 2.823055535554885864e-02 2.380356378853321075e-02 3.864404186606407166e-02 2.049684152007102966e-02 1.107740588486194611e-02 2.125901356339454651e-02 3.939521312713623047e-02 1.944040134549140930e-02 3.148107975721359253e-02 6.258343160152435303e-02 9.481533616781234741e-02 3.346109762787818909e-02 1.488327607512474060e-02 1.091461535543203354e-02 1.024965941905975342e-02 1.318127661943435669e-02 8.029342629015445709e-03 2.127792499959468842e-02 3.743518143892288208e-02 4.043950885534286499e-02 3.388226777315139771e-02 7.304050086531788111e-05 1.241734903305768967e-02 2.183557115495204926e-02 2.278206124901771545e-02 3.032254800200462341e-02 1.286446116864681244e-03 3.367653861641883850e-02 1.524334494024515152e-02 6.423805025406181812e-04 1.874567568302154541e-02 3.244826570153236389e-02 1.130120828747749329e-02 3.713385015726089478e-02 3.454943746328353882e-02 3.611233830451965332e-02 1.484559476375579834e-02 7.251192815601825714e-03 4.016676917672157288e-02 1.509246975183486938e-02 3.302926197648048401e-02 3.309913352131843567e-02 8.468623273074626923e-04
1.361669320613145828e-02 3.943144902586936951e-02 3.047523088753223419e-02 1.561744958162307739e-01 5.167483091354370117e-01 1.016356330364942551e-02 1.198045257478952408e-02 2.420650422573089600e-02 9.125184267759323120e-03 8.426863700151443481e-03 2.890403382480144501e-02 2.471447549760341644e-02 1.122247613966464996e-02 2.319383900612592697e-03 5.146753042936325073e-03 4.901510104537010193e-02 2.101231366395950317e-02 2.997555769979953766e-02 9.449028968811035156e-02 8.178518619388341904e-04 1.729135029017925262e-02 4.449114948511123657e-02 1.052225567400455475e-02 1.705697551369667053e-02 1.509024482220411301e-02 1.423053629696369171e-02 4.051005467772483826e-02 4.125298559665679932e-02 2.214706875383853912e-02 1.598394289612770081e-02 3.782606124877929688e-02 2.252632984891533852e-03 2.494277805089950562e-02 4.397023469209671021e-03 3.158215666189789772e-03 2.151442877948284149e-02 2.423220779746770859e-03 3.722299635410308838e-02 4.745104163885116577e-02 7.940930873155593872e-02 2.918499708175659180e-02 1.205352321267127991e-02 1.858077570796012878e-02 7.677080575376749039e-03 1.870851032435894012e-02 3.473086655139923096e-02 1.472730096429586411e-02 2.776557952165603638e-02 1.128159370273351669e-02 4.813598841428756714e-02 2.826388739049434662e-02 4.575504362583160400e-02 5.313706584274768829e-03 1.680512912571430206e-02 2.114647440612316132e-02 3.329664841294288635e-02 3.144177049398422241e-02 1.805724948644638062e-02 1.988930441439151764e-02 8.516487665474414825e-03 4.389110952615737915e-02 7.911557704210281372e-02 6.223421078175306320e-03 4.576509445905685425e-02 2.852736227214336395e-02 4.608827084302902222e-02 4.893928766250610352e-02 2.191270515322685242e-02 2.213657274842262268e-02 2.203931473195552826e-02 4.610130190849304199e-02 3.724680095911026001e-02 3.042128309607505798e-02 7.786950096487998962e-03 6.546506192535161972e-03 4.102363600395619869e-04 3.940124996006488800e-03 2.153332531452178955e-02 1.421419158577919006e-02 7.466116920113563538e-03 3.049510158598423004e-02 1.358559634536504745e-02 6.927571445703506470e-02 1.159722059965133667e-01 2.841392718255519867e-02 2.565347589552402496e-02 1.561247557401657104e-02 8.557120338082313538e-03 7.435738225467503071e-04 1.249321456998586655e-02 2.015172503888607025e-02 3.650010749697685242e-02 2.704230602830648422e-03 2.761610411107540131e-02 9.660536423325538635e-03 5.683340714313089848e-04 7.465239032171666622e-04 1.989964023232460022e-02 2.543046511709690094e-02 8.354553952813148499e-03 1.890479400753974915e-02 1.041227579116821289e-02 1.836542598903179169e-02 2.158272452652454376e-02 1.562608219683170319e-02 1.353600993752479553e-02 2.413202822208404541e-02 1.389808487147092819e-02 2.385797724127769470e-02 1.852014474570751190e-02 1.709416136145591736e-02 5.529905203729867935e-03 1.471515861339867115e-03 2.298157103359699249e-02 2.276684530079364777e-02 5.870826542377471924e-03
8.215065300464630127e-02 4.944359883666038513e-02 3.682339563965797424e-02 5.231454037129878998e-03 1.016356330364942551e-02 5.375163555145263672e-01 1.575321257114410400e-01 5.378282070159912109e-02 1.979511603713035583e-02 6.509621744044125080e-04 2.963461168110370636e-02 7.914901524782180786e-02 3.229771926999092102e-02 1.706531271338462830e-02 1.158775575459003448e-02 4.640473425388336182e-02 5.898036807775497437e-02 1.405859086662530899e-02 2.764537371695041656e-02 2.500604651868343353e-02 2.121949568390846252e-02 2.723726071417331696e-02 4.656006023287773132e-02 8.091778494417667389e-03 2.634329162538051605e-02 9.237853810191154480e-03 2.376102656126022339e-02 5.057313665747642517e-02 2.788638137280941010e-02 6.160750240087509155e-02 9.022895246744155884e-03 1.676360145211219788e-02 2.191780135035514832e-02 1.336054410785436630e-02 3.344571590423583984e-02 3.527377545833587646e-02 4.037849605083465576e-02 1.071853563189506531e-02 2.926181070506572723e-03 6.369516719132661819e-03 2.204317040741443634e-02 3.666664659976959229e-02 6.351165473461151123e-03 3.112250007688999176e-02 2.557592466473579407e-02 2.460886910557746887e-02 1.894098669290542603e-01 1.061958074569702148e-01 2.327945269644260406e-02 2.508751489222049713e-02 7.450435310602188110e-03 1.519551314413547516e-02 4.550401493906974792e-02 2.151369675993919373e-02 1.475491328164935112e-03 1.418321300297975540e-02 4.796550143510103226e-03 4.848869517445564270e-02 3.698939085006713867e-02 4.425508156418800354e-02 2.050115168094635010e-02 3.341591730713844299e-02 2.868715114891529083e-02 1.985750906169414520e-02 1.815471425652503967e-02 2.045523934066295624e-02 2.374398522078990936e-02 1.883601956069469452e-02 1.387377560604363680e-04 3.560564666986465454e-02 1.230724062770605087e-02 2.431358583271503448e-02 2.150446362793445587e-02 1.273607555776834488e-02 3.539344295859336853e-02 1.506059337407350540e-02 6.122601684182882309e-03 4.849067889153957367e-03 1.497401855885982513e-02 4.157362505793571472e-03 4.974533990025520325e-02 5.252296850085258484e-02 3.109330683946609497e-02 1.908890699269250035e-04 7.990003563463687897e-03 1.364752836525440216e-02 2.522169984877109528e-02 4.860389232635498047e-02 1.449611634016036987e-01 1.224277354776859283e-02 1.322112381458282471e-01 3.007907979190349579e-02 3.827598318457603455e-02 9.581709280610084534e-03 1.088410429656505585e-02 4.798064753413200378e-02 1.371856965124607086e-02 9.664914570748806000e-03 7.259628619067370892e-04 3.564434591680765152e-03 2.460032142698764801e-02 2.464263141155242920e-02 7.905856706202030182e-03 2.384655177593231201e-03 1.379681937396526337e-02 1.682186848483979702e-03 3.608115762472152710e-02 3.600015491247177124e-02 3.766301274299621582e-02 2.745334059000015259e-02 3.325466066598892212e-02 3.048855438828468323e-02 2.001601830124855042e-02 4.817076772451400757e-02 3.323371335864067078e-02 3.316820366308093071e-04
7.704439014196395874e-02 7.260220497846603394e-02 9.581511840224266052e-03 4.838458728045225143e-03 1.198045257478952408e-02 1.575321257114410400e-01 5.386864542961120605e-01 1.489948201924562454e-02 2.010064199566841125e-02 5.882154405117034912e-02 2.080293372273445129e-02 4.700241982936859131e-02 3.155058249831199646e-02 5.470789968967437744e-02 3.662763163447380066e-02 3.986192122101783752e-02 1.520080491900444031e-02 1.412869058549404144e-02 1.071510557085275650e-02 6.509427912533283234e-03 5.000704899430274963e-02 2.059452421963214874e-02 6.082584150135517120e-03 5.269341543316841125e-02 2.533883228898048401e-02 7.379859685897827148e-03 1.374643947929143906e-02 2.905072271823883057e-02 8.673865348100662231e-03 2.579834684729576111e-02 1.389020588248968124e-02 2.669336460530757904e-02 1.523054298013448715e-02 2.905361540615558624e-02 1.342410407960414886e-02 5.270882509648799896e-03 1.520207151770591736e-02 3.438414260745048523e-02 6.589247379451990128e-03 1.936333067715167999e-02 2.460896223783493042e-02 2.496934495866298676e-03 3.820886835455894470e-02 4.317274317145347595e-02 4.967609420418739319e-03 4.607513546943664551e-02 1.258667707443237305e-01 1.568066477775573730e-01 2.185411192476749420e-02 3.486195579171180725e-02 3.965096175670623779e-02 2.566988021135330200e-02 1.305572967976331711e-02 1.548285037279129028e-02 2.382453344762325287e-02 2.862485358491539955e-03 8.450028486549854279e-03 3.624565526843070984e-02 1.967377960681915283e-02 2.622056519612669945e-03 7.446521893143653870e-03 2.554162591695785522e-02 6.236780434846878052e-03 6.220339564606547356e-04 2.132836962118744850e-03 4.386523738503456116e-02 3.298174589872360229e-02 1.239192020148038864e-02 3.357313573360443115e-02 1.076005678623914719e-02 3.976485133171081543e-02 2.340641058981418610e-02 8.387961424887180328e-03 2.894920669496059418e-02 2.561383135616779327e-02 4.074946045875549316e-03 2.370789274573326111e-02 5.325297638773918152e-02 2.927579544484615326e-02 9.023933671414852142e-03 1.354606915265321732e-02 1.683063455857336521e-03 1.578995026648044586e-02 2.383821457624435425e-02 1.006677187979221344e-02 2.897981368005275726e-02 2.622290514409542084e-02 9.308578446507453918e-03 7.254593074321746826e-02 8.516415022313594818e-03 1.046766787767410278e-01 1.638845913112163544e-02 8.507021516561508179e-02 1.842024363577365875e-02 5.176063627004623413e-02 1.103929895907640457e-02 2.045400254428386688e-02 3.655064105987548828e-02 4.683053493499755859e-02 4.844366759061813354e-02 3.643956780433654785e-02 4.093602299690246582e-02 5.285487975925207138e-03 2.448578923940658569e-02 2.744694985449314117e-02 3.728639706969261169e-02 4.687434434890747070e-02 1.052418909966945648e-02 4.537180438637733459e-02 1.938242278993129730e-02 6.438155192881822586e-03 2.189222164452075958e-02 2.840410172939300537e-02 1.141108665615320206e-02 1.571075804531574249e-02 1.839388348162174225e-02
1.726489141583442688e-02 3.284142166376113892e-02 1.053725033998489380e-01 1.183575112372636795e-02 2.420650422573089600e-02 5.378282070159912109e-02 1.489948201924562454e-02 5.284677743911743164e-01 7.944475859403610229e-03 1.243013329803943634e-02 2.456154301762580872e-02 4.143298044800758362e-02 4.280919581651687622e-02 6.964778527617454529e-03 7.743670791387557983e-02 4.164968058466911316e-02 4.694227594882249832e-03 2.524349465966224670e-02 2.440810576081275940e-02 2.028676681220531464e-03 9.880682453513145447e-03 1.965885050594806671e-02 1.269566547125577927e-02 3.672453574836254120e-03 1.477026939392089844e-02 1.208169478923082352e-02 3.481101477518677711e-03 1.874417252838611603e-02 4.635481536388397217e-02 3.747006645426154137e-03 2.028827555477619171e-02 4.805265739560127258e-02 1.940402388572692871e-02 9.333394467830657959e-03 3.703711554408073425e-03 1.455686241388320923e-02 9.936882182955741882e-03 3.208776237443089485e-03 1.248906366527080536e-02 1.029341295361518860e-02 9.987870231270790100e-03 3.145529422909021378e-03 1.347712893038988113e-02 2.338331751525402069e-02 8.396806515520438552e-05 1.484139543026685715e-02 4.872886836528778076e-02 1.909539662301540375e-02 2.107683196663856506e-02 3.961990296375006437e-04 2.296220045536756516e-03 3.332404885441064835e-04 5.217703059315681458e-03 3.493670746684074402e-02 1.891951449215412140e-02 3.288100287318229675e-02 1.605334505438804626e-02 2.055596001446247101e-02 1.426768139936029911e-03 5.145591218024492264e-03 2.607505954802036285e-02 2.584321983158588409e-02 2.087036892771720886e-02 4.026884585618972778e-02 2.670262195169925690e-02 2.148244529962539673e-03 1.668291166424751282e-02 3.228013217449188232e-02 4.226870834827423096e-02 3.554313257336616516e-02 4.934271797537803650e-02 3.810045123100280762e-02 2.385982498526573181e-02 1.189397647976875305e-03 3.822421282529830933e-02 2.405016869306564331e-02 2.985762432217597961e-02 8.748495951294898987e-03 3.571273013949394226e-02 1.103052776306867599e-02 7.434358447790145874e-02 7.036203891038894653e-02 2.405069954693317413e-02 3.820502758026123047e-02 1.113917585462331772e-02 1.486910041421651840e-02 5.077376961708068848e-02 7.040814310312271118e-02 1.174120791256427765e-02 1.718584820628166199e-02 5.640020826831459999e-04 5.975159816443920135e-03 3.376597538590431213e-02 2.844738215208053589e-02 1.403476111590862274e-02 2.222993783652782440e-02 1.490083709359169006e-02 2.957751601934432983e-02 1.333794184029102325e-02 1.612935797311365604e-03 5.173727869987487793e-02 2.686425857245922089e-02 1.238033734261989594e-02 4.245704971253871918e-03 6.384109146893024445e-04 6.383293657563626766e-04 4.741994291543960571e-02 3.651923686265945435e-02 2.829182147979736328e-02 3.706436231732368469e-02 5.875230766832828522e-03 1.368257496505975723e-02 1.732796989381313324e-02 1.422485522925853729e-02 8.586124517023563385e-03 6.936971098184585571e-03
2.567043900489807129e-02 1.236046385020017624e-02 1.190942339599132538e-02 1.328339520841836929e-02 9.125184267759323120e-03 1.979511603713035583e-02 2.010064199566841125e-02 7.944475859403610229e-03 5.374961495399475098e-01 4.953376948833465576e-02 5.898210685700178146e-03 7.291344460099935532e-03 6.779262330383062363e-03 2.082807011902332306e-02 1.410945598036050797e-02 9.583608247339725494e-03 4.376485943794250488e-02 3.036813810467720032e-02 3.892032429575920105e-02 9.304569102823734283e-03 4.323833435773849487e-02 1.415089983493089676e-02 7.531793415546417236e-02 8.562915027141571045e-02 2.774629555642604828e-02 3.705136245116591454e-03 1.038755849003791809e-02 5.317520722746849060e-02 3.616326674818992615e-02 5.622545629739761353e-02 2.490528672933578491e-02 4.489423334598541260e-02 1.412225700914859772e-02 3.138236701488494873e-02 1.767655834555625916e-02 2.910070493817329407e-02 1.255097240209579468e-02 8.163680322468280792e-04 6.587705109268426895e-03 1.034496724605560303e-02 1.730393059551715851e-02 1.153999269008636475e-01 2.476990036666393280e-02 9.576579555869102478e-03 1.789321564137935638e-02 1.402233168482780457e-02 8.529531769454479218e-03 4.506280273199081421e-02 3.193108737468719482e-02 1.868451759219169617e-02 3.544259816408157349e-02 3.854495286941528320e-02 3.438150137662887573e-02 1.515170559287071228e-03 7.027899846434593201e-03 1.543919835239648819e-02 4.524453729391098022e-02 1.382747571915388107e-02 3.637045994400978088e-02 2.140869572758674622e-02 4.328487440943717957e-02 3.650012984871864319e-02 1.928659901022911072e-02 4.431449621915817261e-02 3.548938408493995667e-02 4.557303339242935181e-02 1.959849847480654716e-03 2.436758019030094147e-02 8.505348861217498779e-02 2.381679229438304901e-02 2.144326828420162201e-02 4.269330948591232300e-02 2.151593379676342010e-02 2.958733774721622467e-02 4.260979965329170227e-02 5.123254377394914627e-04 1.121668964624404907e-01 5.651863664388656616e-02 1.963060721755027771e-02 3.726248815655708313e-02 7.592520210891962051e-03 6.029317155480384827e-03 2.489500679075717926e-03 1.020574476569890976e-02 4.790679551661014557e-03 4.173249378800392151e-02 7.285582250915467739e-04 7.381054572761058807e-03 2.142377942800521851e-02 1.898641139268875122e-02 4.406121745705604553e-02 3.182451799511909485e-02 6.601339671760797501e-03 3.752448037266731262e-02 8.525694720447063446e-03 3.081166185438632965e-02 4.281851649284362793e-02 2.712172921746969223e-03 6.186089664697647095e-02 4.367570951581001282e-02 4.653913155198097229e-02 3.473835811018943787e-02 2.466822974383831024e-02 9.273389354348182678e-03 2.774984017014503479e-02 1.860372722148895264e-03 3.819038346409797668e-02 2.353843301534652710e-02 3.001696430146694183e-02 2.297506481409072876e-02 5.272149294614791870e-02 2.124636434018611908e-02 8.362368680536746979e-03 4.278761148452758789e-02 5.921905394643545151e-03 2.427572570741176605e-02
3.221262991428375244e-02 7.793214637786149979e-03 7.670187624171376228e-04 1.996573247015476227e-02 8.426863700151443481e-03 6.509621744044125080e-04 5.882154405117034912e-02 1.243013329803943634e-02 4.953376948833465576e-02 5.470520853996276855e-01 4.368418827652931213e-02 1.809150166809558868e-02 1.988070458173751831e-02 1.924392767250537872e-02 2.011919626966118813e-03 2.609108947217464447e-02 3.030616324394941330e-03 2.695750677958130836e-03 1.419767737388610840e-02 3.455223981291055679e-03 2.297699637711048126e-02 2.979733422398567200e-02 2.536264434456825256e-02 3.479376435279846191e-02 5.645335838198661804e-02 4.797362163662910461e-02 1.362394541501998901e-02 2.623281627893447876e-02 3.153700008988380432e-02 2.216541580855846405e-02 3.992151096463203430e-02 5.471209809184074402e-02 3.165603149682283401e-03 1.410783920437097549e-02 7.430014200508594513e-03 7.441601715981960297e-03 3.393568331375718117e-03 1.329211425036191940e-02 2.118680439889431000e-02 1.479515712708234787e-02 3.905932232737541199e-02 3.068131208419799805e-02 6.799314916133880615e-02 4.526924807578325272e-03 1.801639236509799957e-02 2.650028094649314880e-02 1.598044997081160545e-03 3.334604948759078979e-02 6.004433147609233856e-03 4.658563435077667236e-02 1.819199696183204651e-02 4.720948264002799988e-02 5.669324309565126896e-04 5.384467076510190964e-03 1.374398474581539631e-03 4.011470824480056763e-02 3.610230237245559692e-02 6.633887067437171936e-03 5.343053024262189865e-03 7.285843137651681900e-03 4.918249696493148804e-02 1.846093311905860901e-02 5.564566701650619507e-03 6.840269546955823898e-03 4.660740494728088379e-02 2.530668675899505615e-02 3.092832630500197411e-04 4.035276174545288086e-02 5.177309736609458923e-02 3.829563409090042114e-02 4.013524204492568970e-02 2.338131889700889587e-02 2.883151359856128693e-02 1.961144432425498962e-02 3.153147920966148376e-02 5.869427230209112167e-03 5.045200139284133911e-02 6.775346398353576660e-02 4.823536798357963562e-02 3.560906043276190758e-03 2.937143435701727867e-03 5.582638550549745560e-03 4.215018823742866516e-03 4.938315972685813904e-02 2.871925942599773407e-02 5.429752543568611145e-02 1.082830969244241714e-02 1.251286081969738007e-02 3.411463275551795959e-02 9.137589484453201294e-03 3.721939772367477417e-02 1.685104891657829285e-02 1.902288198471069336e-02 1.525917090475559235e-02 1.859712786972522736e-02 4.011408984661102295e-02 2.769340202212333679e-02 1.234563067555427551e-02 4.931758344173431396e-02 4.990474507212638855e-02 3.578940033912658691e-02 2.715167403221130371e-02 2.263776026666164398e-02 1.696126908063888550e-02 1.295213587582111359e-02 1.081838156096637249e-03 2.285508438944816589e-02 3.858871385455131531e-02 2.833984233438968658e-02 7.603162899613380432e-03 3.762022033333778381e-02 1.267398428171873093e-02 3.652854636311531067e-02 3.173732385039329529e-02 2.269803732633590698e-02 1.464215572923421860e-02
7.693714648485183716e-02 1.727378368377685547e-02 1.112023834139108658e-02 2.972282003611326218e-03 2.890403382480144501e-02 2.963461168110370636e-02 2.080293372273445129e-02 2.456154301762580872e-02 5.898210685700178146e-03 4.368418827652931213e-02 5.356857776641845703e-01 3.482108935713768005e-02 9.177855402231216431e-02 2.738135308027267456e-02 2.491839788854122162e-02 3.240556269884109497e-02 2.948741428554058075e-02 1.062592491507530212e-02 1.947929500602185726e-03 5.021223332732915878e-03 2.070773392915725708e-02 6.886267662048339844e-02 2.100653573870658875e-02 1.822394132614135742e-02 1.666879840195178986e-02 6.224035471677780151e-02 4.529414698481559753e-02 4.402066394686698914e-02 6.321040540933609009e-02 4.064267128705978394e-02 5.548958107829093933e-02 4.288920667022466660e-03 2.523732371628284454e-03 4.399052355438470840e-03 7.375160697847604752e-03 3.125084936618804932e-02 2.991024404764175415e-02 1.637866348028182983e-02 1.882759039290249348e-03 1.267739012837409973e-02 1.280079968273639679e-02 6.854049395769834518e-03 3.712780028581619263e-02 5.259463936090469360e-02 3.855157643556594849e-02 4.638690501451492310e-02 2.075482346117496490e-02 1.884336397051811218e-02 4.740025475621223450e-02 9.451651014387607574e-03 2.718550711870193481e-02 2.731384476646780968e-03 2.045091986656188965e-02 1.754395850002765656e-02 5.849707499146461487e-02 4.067607223987579346e-03 1.919708773493766785e-02 3.924983553588390350e-03 1.304971054196357727e-02 1.406622678041458130e-02 1.731112971901893616e-02 2.173350006341934204e-02 3.013063408434391022e-02 4.885830357670783997e-02 3.013209626078605652e-02 3.231065347790718079e-02 4.715281352400779724e-02 3.831136040389537811e-03 1.798320375382900238e-02 9.315783157944679260e-03 4.257027804851531982e-02 2.567231468856334686e-02 2.032342925667762756e-02 3.959261998534202576e-02 3.157790750265121460e-02 4.891569539904594421e-02 1.112565305083990097e-02 2.659163251519203186e-02 4.729522019624710083e-02 4.984082654118537903e-03 1.590480469167232513e-02 1.077897148206830025e-03 1.476817857474088669e-02 3.087432309985160828e-02 4.200858250260353088e-02 1.095579937100410461e-02 2.110341377556324005e-02 1.717877388000488281e-02 5.884125363081693649e-03 5.050754919648170471e-02 6.861881911754608154e-02 3.447912633419036865e-02 2.568488381803035736e-02 5.901250056922435760e-03 6.171460729092359543e-03 1.147864852100610733e-02 4.566845670342445374e-02 2.730457484722137451e-02 5.985448602586984634e-03 4.566140007227659225e-03 3.293404122814536095e-03 3.753816336393356323e-02 2.646260708570480347e-02 3.808548441156744957e-03 4.875373467803001404e-02 8.205519989132881165e-03 5.014187842607498169e-02 2.171329222619533539e-02 5.326234176754951477e-02 8.449350483715534210e-03 2.765521872788667679e-03 2.381861954927444458e-02 2.382311969995498657e-03 5.366108193993568420e-02 6.112295202910900116e-03 6.611737888306379318e-03
1.572767272591590881e-02 2.370960451662540436e-02 3.924949467182159424e-02 1.108933333307504654e-02 2.471447549760341644e-02 7.914901524782180786e-02 4.700241982936859131e-02 4.143298044800758362e-02 7.291344460099935532e-03 1.809150166809558868e-02 3.482108935713768005e-02 5.356367230415344238e-01 8.832734078168869019e-03 1.921775788068771362e-01 2.788975648581981659e-02 2.780407853424549103e-02 3.702551126480102539e-02 2.996354363858699799e-03 2.477211132645606995e-02 3.927294537425041199e-02 3.900633379817008972e-02 8.830491453409194946e-03 3.666026890277862549e-02 2.544574066996574402e-02 2.369347959756851196e-02 1.845405064523220062e-02 2.211403101682662964e-02 5.562125705182552338e-03 6.229496374726295471e-02 2.158074080944061279e-02 3.542366251349449158e-02 3.889355435967445374e-02 4.025525413453578949e-03 1.299347262829542160e-02 2.613204717636108398e-02 2.187286689877510071e-02 3.553024306893348694e-02 1.210705935955047607e-02 1.898351870477199554e-02 3.557168692350387573e-02 1.204763446003198624e-02 1.432885415852069855e-02 3.100411593914031982e-02 1.431220024824142456e-02 2.326506525278091431e-01 3.453347459435462952e-02 1.089837998151779175e-01 2.024198696017265320e-02 9.577222168445587158e-03 3.726913034915924072e-02 7.257533259689807892e-03 3.399235010147094727e-02 2.767376042902469635e-02 1.944539695978164673e-02 7.205824367702007294e-03 9.048243053257465363e-03 2.175730653107166290e-02 2.301627211272716522e-02 3.977476060390472412e-02 1.178470440208911896e-02 2.603510953485965729e-02 1.019419636577367783e-03 3.748671337962150574e-02 3.494094684720039368e-02 3.816612006630748510e-04 2.011704444885253906e-02 4.988865926861763000e-03 4.211007431149482727e-02 4.842393472790718079e-02 1.636460237205028534e-02 3.070693090558052063e-02 2.666916325688362122e-02 3.669920563697814941e-02 1.073506847023963928e-02 7.436624728143215179e-03 9.311315603554248810e-03 2.922172844409942627e-02 3.352892398834228516e-02 1.599462032318115234e-01 3.012901172041893005e-02 4.285586252808570862e-02 3.293776884675025940e-02 1.754395850002765656e-02 2.311683259904384613e-02 9.080659598112106323e-03 1.712187193334102631e-02 3.465525433421134949e-02 2.927585691213607788e-02 1.424487084150314331e-01 5.892027635127305984e-03 7.093994319438934326e-02 3.527741413563489914e-03 2.470955066382884979e-02 9.682262316346168518e-03 2.360862493515014648e-02 1.035776175558567047e-02 3.228441625833511353e-02 2.554080821573734283e-02 4.759876057505607605e-02 4.532080888748168945e-02 3.187210112810134888e-02 3.241597907617688179e-03 2.019881829619407654e-02 2.673537470400333405e-02 1.142106018960475922e-02 3.354575857520103455e-02 1.869895868003368378e-02 3.379537537693977356e-02 1.577393268235027790e-03 4.902538377791643143e-03 1.699018478393554688e-02 3.478630259633064270e-02 1.993275433778762817e-02 1.708688214421272278e-04 2.651090919971466064e-02 3.015115112066268921e-02
5.851417779922485352e-02 2.460981346666812897e-02 2.684033103287220001e-02 3.160821041092276573e-03 1.122247613966464996e-02 3.229771926999092102e-02 3.155058249831199646e-02 4.280919581651687622e-02 6.779262330383062363e-03 1.988070458173751831e-02 9.177855402231216431e-02 8.832734078168869019e-03 5.437157750129699707e-01 1.392847392708063126e-02 4.471592232584953308e-02 2.618630230426788330e-02 3.811093047261238098e-02 1.139530446380376816e-03 1.710414187982678413e-03 1.627973653376102448e-02 1.418858952820301056e-02 5.778561905026435852e-02 5.910462234169244766e-03 4.674480296671390533e-03 1.289090979844331741e-02 3.832225874066352844e-02 3.372323885560035706e-02 4.527017101645469666e-02 3.293938934803009033e-02 5.193290114402770996e-02 3.712768852710723877e-02 1.472529582679271698e-02 1.217170793097466230e-04 4.945131368003785610e-04 1.166728138923645020e-02 1.226670295000076294e-02 5.555857438594102859e-03 1.896680681966245174e-03 3.772439202293753624e-03 1.369393151253461838e-02 5.292748566716909409e-03 2.445631660521030426e-03 1.699334941804409027e-02 3.393311798572540283e-02 9.797253645956516266e-03 5.545852333307266235e-02 6.340695545077323914e-03 3.571139648556709290e-02 5.055404826998710632e-02 5.127032473683357239e-02 2.315636165440082550e-02 1.911657862365245819e-03 2.141515025869011879e-03 2.582407742738723755e-02 4.337891191244125366e-02 3.441169857978820801e-02 9.820194914937019348e-03 1.148024108260869980e-02 4.294229671359062195e-03 1.531128119677305222e-02 1.460539735853672028e-02 3.087553940713405609e-02 9.895775467157363892e-03 3.813509270548820496e-02 1.754609122872352600e-02 3.382267802953720093e-02 4.267108067870140076e-02 3.424594877287745476e-03 1.614219695329666138e-02 2.717045508325099945e-02 3.412586823105812073e-02 6.413673399947583675e-04 1.514405291527509689e-02 4.710536822676658630e-02 4.805599804967641830e-03 3.200461715459823608e-02 1.944898255169391632e-02 1.216918416321277618e-02 5.029198364354670048e-04 3.681957349181175232e-02 3.416938334703445435e-02 2.127554453909397125e-02 1.344262715429067612e-02 4.527592286467552185e-02 4.834304749965667725e-02 2.877714578062295914e-04 3.502712398767471313e-02 3.253891691565513611e-02 3.987037762999534607e-02 5.398307740688323975e-02 3.465842455625534058e-02 2.769280970096588135e-02 3.332816064357757568e-02 3.221726743504405022e-03 5.445727612823247910e-03 1.137269567698240280e-02 4.640740156173706055e-02 3.370610997080802917e-02 6.042171269655227661e-03 6.562439724802970886e-03 1.306712906807661057e-02 1.999340020120143890e-02 1.228816155344247818e-02 1.645710319280624390e-02 3.827023506164550781e-02 1.525867357850074768e-02 4.295752942562103271e-02 1.188062317669391632e-02 3.381520509719848633e-02 2.120567020028829575e-03 1.925651170313358307e-02 1.300433278083801270e-02 3.934140317142009735e-03 3.903781995177268982e-02 3.190192580223083496e-02 8.353265002369880676e-03
