6.022781133651733398e-01 1.150544136762619019e-01 6.981598678976297379e-03 1.816885545849800110e-02 1.485421136021614075e-02 1.186585277318954468e-01 8.951663970947265625e-02 7.803105283528566360e-03 4.142073914408683777e-02 3.299022838473320007e-02 9.861089289188385010e-02 2.065770095214247704e-03 7.110077887773513794e-02 4.794575646519660950e-02 4.398671910166740417e-02 2.843786589801311493e-02 4.032213985919952393e-02 2.317814342677593231e-02 1.741821761243045330e-04 1.368597894906997681e-02 1.066694874316453934e-02 3.574391826987266541e-02 7.825732231140136719e-03 2.127710916101932526e-02 8.438657037913799286e-03 3.127854689955711365e-02 2.994653396308422089e-02 2.499622292816638947e-02 3.734670951962471008e-02 4.262755438685417175e-02 5.449123564176261425e-04 1.920223422348499298e-02 3.688163310289382935e-02 9.826126508414745331e-03 2.548629231750965118e-02 4.059755709022283554e-03 6.340169347822666168e-04 1.574154198169708252e-02 2.900812029838562012e-02 2.904701046645641327e-02 2.898167073726654053e-02 3.606459870934486389e-02 2.408180758357048035e-02 3.304014448076486588e-03 9.232098236680030823e-03 2.679954096674919128e-02 9.164231270551681519e-02 7.571011781692504883e-02 3.337603434920310974e-02 4.161194339394569397e-02 3.219232195988297462e-03 2.903976477682590485e-02 5.392601713538169861e-03 2.506384439766407013e-02 3.019646741449832916e-02 3.013727441430091858e-02 4.567177593708038330e-02 2.478771843016147614e-02 1.820334605872631073e-02 2.319123968482017517e-02 3.195666149258613586e-02 2.977987937629222870e-02 2.938899211585521698e-02 1.413353066891431808e-02 5.302254483103752136e-02 5.515949428081512451e-02 7.347194477915763855e-04 4.818663932383060455e-03 7.137293927371501923e-03 2.017818158492445946e-03 1.874250918626785278e-02 2.989889308810234070e-02 1.227558311074972153e-02 3.934730216860771179e-02 7.916416972875595093e-03 3.296530630905181170e-04 2.840588986873626709e-02 4.121196269989013672e-02 2.224192209541797638e-02 9.889133274555206299e-03 8.643538691103458405e-03 9.217896731570363045e-04 4.000451043248176575e-02 2.088666334748268127e-02 3.008042648434638977e-02 4.438127949833869934e-02 2.776791341602802277e-02 1.320603489875793457e-02 3.070607222616672516e-02 1.434761006385087967e-02 5.767114832997322083e-02 4.388919472694396973e-02 4.080119356513023376e-02 8.689153939485549927e-03 1.363959349691867828e-02 1.905716955661773682e-02 2.791514620184898376e-02 1.789268851280212402e-02 4.259076714515686035e-02 4.630313813686370850e-02 3.615401312708854675e-02 2.754803560674190521e-02 1.804997958242893219e-02 2.578020095825195312e-03 1.444781851023435593e-02 2.685404382646083832e-02 2.131943218410015106e-02 1.927914470434188843e-02 3.689686954021453857e-02 1.572983339428901672e-02 3.948643337935209274e-03 4.874903708696365356e-03 1.444104220718145370e-02 2.635973505675792694e-02 2.910771407186985016e-03 2.891863137483596802e-02
1.150544136762619019e-01 5.988411307334899902e-01 2.734136581420898438e-02 9.186617098748683929e-03 8.469854481518268585e-03 1.024895012378692627e-01 1.059519872069358826e-01 9.502418106421828270e-04 3.555563092231750488e-02 3.141136094927787781e-02 9.344720840454101562e-02 2.497716341167688370e-04 7.585860788822174072e-02 4.529869928956031799e-02 3.842519968748092651e-02 3.487991541624069214e-02 3.891502320766448975e-02 3.969039022922515869e-02 3.420632332563400269e-02 2.617145888507366180e-02 1.363418297842144966e-03 1.391742751002311707e-02 2.202324196696281433e-02 2.397997677326202393e-02 3.431890858337283134e-03 1.586181484162807465e-02 4.848653450608253479e-03 1.039512176066637039e-02 2.805738896131515503e-02 4.528322070837020874e-02 1.677529327571392059e-02 2.942322753369808197e-03 2.596556581556797028e-02 2.589734736829996109e-03 1.647974736988544464e-02 1.364474091678857803e-02 4.343743436038494110e-03 5.391810089349746704e-03 4.386860132217407227e-02 3.467243909835815430e-02 3.080810047686100006e-02 3.915626183152198792e-02 2.311906777322292328e-02 8.111337199807167053e-03 6.639907136559486389e-03 3.537601733114570379e-04 8.879642188549041748e-02 8.622125536203384399e-02 2.892069891095161438e-02 3.416198492050170898e-02 1.650246791541576385e-02 3.077481500804424286e-02 9.149819612503051758e-03 6.897773128002882004e-03 1.857578754425048828e-02 4.097567498683929443e-02 3.461256623268127441e-02 6.994090043008327484e-03 4.377046972513198853e-02 1.115589030086994171e-02 2.300933748483657837e-02 3.770023211836814880e-02 2.543396875262260437e-02 1.962937600910663605e-02 4.117950424551963806e-02 4.551256448030471802e-02 1.415635272860527039e-02 1.545097958296537399e-02 5.720389075577259064e-03 2.937001734972000122e-02 1.599530316889286041e-02 3.019376425072550774e-03 8.724386803805828094e-03 4.113775864243507385e-02 4.781658295542001724e-03 1.934099383652210236e-02 2.055058442056179047e-02 4.315776377916336060e-02 2.070783451199531555e-02 1.348238252103328705e-02 1.467192638665437698e-02 1.055145356804132462e-02 3.887815773487091064e-02 1.843380741775035858e-02 2.425984293222427368e-02 3.929406404495239258e-02 1.431247685104608536e-02 1.946778967976570129e-02 1.108804438263177872e-02 1.905480958521366119e-02 4.779016226530075073e-02 1.503579039126634598e-02 4.961511492729187012e-02 2.944630011916160583e-02 8.748035877943038940e-03 6.038693245500326157e-03 3.379761427640914917e-02 1.283168513327836990e-02 4.375895857810974121e-02 4.564507305622100830e-02 1.104659121483564377e-02 1.113424077630043030e-02 3.561106976121664047e-03 3.088085446506738663e-03 3.502746671438217163e-02 5.242594983428716660e-03 1.195589546114206314e-02 3.718002513051033020e-02 2.410537004470825195e-02 6.716161035001277924e-03 2.608376555144786835e-03 9.898853488266468048e-03 3.922270983457565308e-02 8.987901732325553894e-03 7.269890978932380676e-03 2.763624675571918488e-02
6.981598678976297379e-03 2.734136581420898438e-02 5.822970867156982422e-01 4.364166036248207092e-02 3.875464946031570435e-02 1.950594410300254822e-02 1.577982865273952484e-02 4.328593984246253967e-02 6.123694591224193573e-03 2.363386563956737518e-02 1.004331931471824646e-02 1.153745409101247787e-02 1.085227541625499725e-02 2.201812108978629112e-03 8.065426722168922424e-03 5.747346952557563782e-02 4.061270132660865784e-02 3.474281355738639832e-02 1.710408553481101990e-02 2.947366796433925629e-02 2.020963095128536224e-02 2.563048340380191803e-02 1.915198192000389099e-02 3.655152395367622375e-03 8.034767583012580872e-03 2.533810399472713470e-02 2.534533664584159851e-02 5.392529536038637161e-03 9.375867084600031376e-04 1.128095295280218124e-02 3.568904101848602295e-02 3.034289367496967316e-02 9.092198684811592102e-03 2.797243651002645493e-03 8.775754831731319427e-03 3.553083166480064392e-02 2.328306809067726135e-02 2.257500775158405304e-02 2.030452899634838104e-02 2.567109279334545135e-02 1.189399603754281998e-02 6.121724843978881836e-03 1.673181774094700813e-03 4.475981928408145905e-03 6.662254687398672104e-03 1.121786143630743027e-02 2.137116342782974243e-02 1.293110847473144531e-02 1.496965344995260239e-02 2.690481022000312805e-02 1.637111068703234196e-03 1.231265347450971603e-02 4.605102818459272385e-03 2.596250968053936958e-03 2.250017412006855011e-02 4.505754448473453522e-03 4.016662761569023132e-02 2.139980718493461609e-02 8.844441035762429237e-04 7.317813113331794739e-03 5.820541083812713623e-02 3.066747821867465973e-02 2.865155786275863647e-02 2.208872511982917786e-02 1.574050448834896088e-02 5.870748776942491531e-03 2.124925702810287476e-02 1.694691181182861328e-02 4.368525743484497070e-02 2.284063212573528290e-02 4.280586913228034973e-02 5.228898674249649048e-02 2.218073792755603790e-02 2.477561868727207184e-02 4.830149561166763306e-02 5.433320254087448120e-02 6.219243165105581284e-03 1.024055667221546173e-02 2.180336229503154755e-02 1.760845631361007690e-02 3.679534420371055603e-02 4.265549406409263611e-02 1.720886491239070892e-02 2.472999505698680878e-02 4.239253030391409993e-05 1.905372366309165955e-02 1.566705293953418732e-02 1.018703822046518326e-02 3.879809007048606873e-02 1.251743524335324764e-03 2.012528665363788605e-02 2.677502855658531189e-02 2.671028114855289459e-02 4.221594333648681641e-02 3.244344145059585571e-02 1.014500018209218979e-02 1.406634785234928131e-02 5.641150474548339844e-02 1.318978797644376755e-02 2.070438861846923828e-02 2.769019827246665955e-02 1.532173343002796173e-02 2.034903317689895630e-02 6.030412018299102783e-02 2.477540634572505951e-02 2.325373236089944839e-03 3.524196799844503403e-03 3.146733716130256653e-02 1.843299902975559235e-02 6.587879266589879990e-03 1.730600558221340179e-02 6.839208304882049561e-02 1.572998613119125366e-02 1.995040476322174072e-02 1.461666729301214218e-02 1.779707893729209900e-02
1.816885545849800110e-02 9.186617098748683929e-03 4.364166036248207092e-02 5.849079489707946777e-01 1.207435578107833862e-01 9.455015882849693298e-03 3.766606003046035767e-02 4.109606146812438965e-02 2.516804728657007217e-03 3.971382603049278259e-02 3.950721025466918945e-02 2.514461427927017212e-02 3.096207790076732635e-02 1.696592383086681366e-02 3.511659055948257446e-02 2.621784061193466187e-02 3.385750949382781982e-02 4.247287288308143616e-02 1.340743526816368103e-02 2.794173918664455414e-02 9.220257401466369629e-03 1.168180163949728012e-02 5.328119266778230667e-03 1.801019906997680664e-02 2.765667065978050232e-02 5.130693782120943069e-03 1.364773325622081757e-02 4.706166218966245651e-03 1.122557837516069412e-02 7.026454899460077286e-03 1.381243020296096802e-02 2.697434462606906891e-02 3.169725462794303894e-02 2.748092822730541229e-02 2.206109464168548584e-02 2.521826140582561493e-02 3.537771478295326233e-02 4.038656130433082581e-03 7.092097401618957520e-02 7.291191816329956055e-02 7.613780442625284195e-03 1.576645113527774811e-02 2.678458392620086670e-02 3.671025158837437630e-03 3.773854300379753113e-02 4.490132257342338562e-02 2.323371544480323792e-02 3.059174492955207825e-02 6.779083982110023499e-03 4.073320701718330383e-02 5.455231666564941406e-02 2.642282843589782715e-02 2.428281586617231369e-03 3.419357910752296448e-02 5.059817805886268616e-03 2.301886677742004395e-02 3.172890841960906982e-02 7.753186393529176712e-03 2.348629571497440338e-02 1.723661459982395172e-02 5.458058789372444153e-02 1.994958706200122833e-02 3.626637905836105347e-02 4.197258129715919495e-02 5.194703117012977600e-03 3.393843024969100952e-02 1.824374310672283173e-02 6.953551899641752243e-03 4.516651853919029236e-02 4.018404707312583923e-02 2.416544221341609955e-02 2.278865128755569458e-02 1.239317506551742554e-01 2.938765101134777069e-02 6.207626312971115112e-02 3.331170603632926941e-02 1.743834279477596283e-02 1.027386169880628586e-02 2.391898632049560547e-02 5.366759002208709717e-02 5.418058019131422043e-03 9.950510226190090179e-03 4.095315560698509216e-02 6.343664135783910751e-03 1.886009052395820618e-02 2.868009731173515320e-02 1.746411621570587158e-02 2.567284926772117615e-02 3.471261635422706604e-02 2.573867142200469971e-02 2.771055512130260468e-02 4.440794140100479126e-02 1.141722407191991806e-02 4.231932759284973145e-02 2.117599174380302429e-02 2.803542092442512512e-02 3.765514492988586426e-02 3.887323196977376938e-03 1.833985745906829834e-02 5.362467840313911438e-03 1.848126575350761414e-02 1.839461363852024078e-02 5.517340265214443207e-03 1.081875408999621868e-03 2.531604608520865440e-03 4.007351398468017578e-02 2.042454481124877930e-02 1.178648043423891068e-02 2.055940218269824982e-02 1.698481291532516479e-02 2.469323389232158661e-02 4.054856300354003906e-02 2.918547717854380608e-03 7.614050526171922684e-03 9.557051584124565125e-03 4.952659364789724350e-03
1.485421136021614075e-02 8.469854481518268585e-03 3.875464946031570435e-02 1.207435578107833862e-01 5.874087810516357422e-01 1.004594378173351288e-02 3.381736576557159424e-02 4.971051216125488281e-02 1.007423270493745804e-03 1.840053242631256580e-03 3.420069813728332520e-02 3.686359524726867676e-02 2.745869755744934082e-02 1.259147748351097107e-02 4.405169561505317688e-02 2.185033820569515228e-02 3.485055640339851379e-02 2.836074680089950562e-02 2.655407227575778961e-02 2.885208092629909515e-02 8.865368552505970001e-03 4.333401098847389221e-03 1.453858218155801296e-03 1.141063217073678970e-02 3.497484326362609863e-02 1.618523523211479187e-02 7.745007751509547234e-04 4.201000556349754333e-02 1.169946044683456421e-02 1.949103316292166710e-03 3.790215821936726570e-03 2.817321568727493286e-02 2.499856054782867432e-02 2.446678094565868378e-02 3.533900482580065727e-03 2.413404174149036407e-02 2.687834016978740692e-02 8.359752595424652100e-03 6.929380446672439575e-02 8.810222148895263672e-02 7.299736607819795609e-03 1.755922473967075348e-02 2.298650518059730530e-02 4.858477972447872162e-03 3.331877291202545166e-02 2.807067334651947021e-02 1.643899828195571899e-02 1.841584034264087677e-02 1.082427427172660828e-02 1.803190447390079498e-02 2.345135435461997986e-02 3.506675129756331444e-03 2.695072209462523460e-03 1.413678377866744995e-02 1.932803355157375336e-02 1.550457999110221863e-02 1.250029448419809341e-02 4.151249770075082779e-03 1.123475935310125351e-02 8.054541423916816711e-03 3.306934982538223267e-02 3.269436210393905640e-02 3.838294744491577148e-02 4.666356369853019714e-02 1.405247580260038376e-02 3.691980615258216858e-02 1.965113170444965363e-02 9.062618948519229889e-03 4.171011224389076233e-02 2.474849112331867218e-02 4.447635263204574585e-02 3.831565380096435547e-02 7.841538637876510620e-02 2.898579277098178864e-02 7.110311090946197510e-02 3.339098393917083740e-02 1.862910389900207520e-02 1.716012693941593170e-02 1.860728114843368530e-02 1.136329211294651031e-02 1.345918513834476471e-02 2.043174579739570618e-02 5.150336772203445435e-02 5.438802763819694519e-02 1.313727162778377533e-02 1.686713285744190216e-02 2.431671321392059326e-02 4.250565916299819946e-02 1.430759555660188198e-03 1.000734628178179264e-03 4.234411939978599548e-02 3.081919252872467041e-02 2.818151377141475677e-02 3.546981886029243469e-02 2.735899947583675385e-02 3.993381559848785400e-02 3.175125271081924438e-02 1.526719052344560623e-02 2.651780657470226288e-02 7.080596406012773514e-04 3.796883299946784973e-02 3.803747892379760742e-02 1.339717675000429153e-02 7.604269310832023621e-03 5.296410992741584778e-03 4.106911644339561462e-02 3.290922194719314575e-02 1.168257556855678558e-02 3.608119487762451172e-02 1.881022751331329346e-02 3.002986544743180275e-03 2.923042140901088715e-02 5.959593225270509720e-03 6.243182811886072159e-03 1.681266294326633215e-04 7.513396849390119314e-05
1.186585277318954468e-01 1.024895012378692627e-01 1.950594410300254822e-02 9.455015882849693298e-03 1.004594378173351288e-02 6.039805412292480469e-01 1.297031641006469727e-01 4.687198437750339508e-03 2.329049445688724518e-02 4.232020676136016846e-02 9.153788536787033081e-02 2.509411796927452087e-02 7.103670388460159302e-02 6.635749340057373047e-02 6.834276951849460602e-03 6.404307205229997635e-03 2.557606436312198639e-02 1.051303837448358536e-02 1.609687134623527527e-02 2.255150862038135529e-02 1.504495274275541306e-02 2.406983450055122375e-02 1.139294076710939407e-02 7.703416515141725540e-03 2.594392513856291771e-03 2.489656768739223480e-02 1.012302655726671219e-02 7.716816663742065430e-02 3.988430276513099670e-02 6.010611727833747864e-02 1.541522331535816193e-02 1.023975573480129242e-02 3.463968262076377869e-02 1.166390348225831985e-02 2.719447948038578033e-02 4.617599304765462875e-03 5.513215437531471252e-03 8.876034989953041077e-04 3.460386022925376892e-02 3.068988025188446045e-02 3.117115981876850128e-02 1.942999474704265594e-02 1.998985558748245239e-02 1.561044598929584026e-03 3.163947537541389465e-02 5.043922364711761475e-02 1.280309110879898071e-01 1.081113144755363464e-01 4.150097072124481201e-02 4.451172053813934326e-02 8.241272531449794769e-03 2.068284898996353149e-02 2.995066344738006592e-02 4.702832177281379700e-02 4.141925275325775146e-02 3.352519124746322632e-02 3.678672760725021362e-02 2.021352760493755341e-02 3.013393282890319824e-02 4.713419824838638306e-03 3.646149858832359314e-02 3.474706783890724182e-02 9.312318637967109680e-03 3.509094193577766418e-02 5.661118030548095703e-02 5.696094408631324768e-02 7.752642035484313965e-03 1.543219853192567825e-02 3.384681418538093567e-02 6.640125531703233719e-03 3.897103667259216309e-02 3.989372774958610535e-02 5.032753106206655502e-03 5.736178252846002579e-03 6.188918370753526688e-03 1.847718656063079834e-02 3.546904399991035461e-02 4.246085137128829956e-02 3.913402557373046875e-03 9.790768846869468689e-03 6.642994936555624008e-03 1.306697027757763863e-03 3.017792478203773499e-02 2.178847230970859528e-02 2.473942749202251434e-02 3.364602103829383850e-02 1.146049797534942627e-02 1.225006021559238434e-02 2.245678752660751343e-02 3.514990210533142090e-02 5.943404510617256165e-02 4.139021411538124084e-02 5.820847302675247192e-02 2.016926929354667664e-02 2.322041243314743042e-02 1.696811988949775696e-02 2.914948947727680206e-02 1.923044025897979736e-02 4.107091203331947327e-02 4.322153702378273010e-02 2.590988017618656158e-02 1.515211071819067001e-02 2.091409824788570404e-02 1.029427535831928253e-02 3.177594766020774841e-02 2.408982627093791962e-02 3.009141609072685242e-02 3.523518145084381104e-02 3.196914866566658020e-02 3.050859272480010986e-02 4.857663530856370926e-03 2.485354896634817123e-03 2.285150252282619476e-02 3.457232937216758728e-02 2.766544371843338013e-02 5.037009250372648239e-03
8.951663970947265625e-02 1.059519872069358826e-01 1.577982865273952484e-02 3.766606003046035767e-02 3.381736576557159424e-02 1.297031641006469727e-01 6.056980490684509277e-01 1.965874806046485901e-02 3.145861625671386719e-02 2.465098910033702850e-02 9.011770039796829224e-02 7.848383393138647079e-04 7.185331732034683228e-02 5.160511657595634460e-02 1.256842352449893951e-02 1.305949874222278595e-02 2.150634117424488068e-02 3.870032727718353271e-02 2.633704990148544312e-02 2.176976576447486877e-02 5.101506132632493973e-03 1.876333728432655334e-02 1.198797486722469330e-03 6.914468947798013687e-03 1.561016310006380081e-02 2.671609260141849518e-02 1.264963205903768539e-02 1.482375338673591614e-02 5.144833028316497803e-02 2.892041020095348358e-02 2.990934625267982483e-02 4.956299089826643467e-04 1.350377220660448074e-02 5.006249528378248215e-03 3.675954416394233704e-02 1.302455365657806396e-02 1.896684058010578156e-02 4.137427546083927155e-03 3.189318254590034485e-02 2.856122143566608429e-02 3.819809854030609131e-02 3.188203647732734680e-02 5.187912611290812492e-04 6.240134593099355698e-03 1.803026348352432251e-02 7.159449160099029541e-03 1.128818169236183167e-01 1.440214067697525024e-01 4.069851711392402649e-02 3.776622936129570007e-02 5.108090583235025406e-03 3.489344939589500427e-02 2.318421564996242523e-02 3.889874368906021118e-02 3.978096321225166321e-02 3.547358140349388123e-02 3.916381672024726868e-02 8.927320130169391632e-03 2.257295511662960052e-02 1.605281420052051544e-02 2.061366289854049683e-02 2.658287808299064636e-02 3.833375498652458191e-02 2.324869297444820404e-02 6.312226504087448120e-02 6.200301647186279297e-02 2.118536212947219610e-04 1.799696125090122223e-02 2.352494560182094574e-02 6.771964021027088165e-03 3.049991652369499207e-02 4.194586351513862610e-02 1.188467815518379211e-02 5.512810777872800827e-03 8.195591159164905548e-03 1.688754558563232422e-02 3.894829005002975464e-02 2.251468598842620850e-02 1.350920792901888490e-04 3.623255342245101929e-02 5.085036624222993851e-03 1.226170174777507782e-02 1.638357900083065033e-02 3.415238112211227417e-02 2.982302010059356689e-02 2.336183004081249237e-02 7.262169965542852879e-04 6.166091188788414001e-03 2.910224255174398422e-03 3.608214482665061951e-02 5.482138320803642273e-02 3.385781869292259216e-02 8.103984594345092773e-02 2.044795267283916473e-02 2.320475131273269653e-02 1.630512252449989319e-02 1.943906955420970917e-02 2.806891128420829773e-02 2.402626909315586090e-02 3.967311605811119080e-02 2.101739495992660522e-02 1.722573302686214447e-02 7.077425718307495117e-03 5.862293299287557602e-03 1.967399939894676208e-02 6.259135901927947998e-03 2.788290381431579590e-02 2.009528689086437225e-02 3.737162798643112183e-02 1.026098500005900860e-03 5.808086134493350983e-03 7.930524647235870361e-03 3.063058853149414062e-02 2.263503847643733025e-03 2.577745821326971054e-03 1.706959120929241180e-02
7.803105283528566360e-03 9.502418106421828270e-04 4.328593984246253967e-02 4.109606146812438965e-02 4.971051216125488281e-02 4.687198437750339508e-03 1.965874806046485901e-02 5.897502899169921875e-01 1.042005885392427444e-02 1.934110186994075775e-02 6.637577433139085770e-03 2.148200292140245438e-03 1.715505681931972504e-02 1.351002231240272522e-02 5.484763160347938538e-02 3.705276548862457275e-02 2.872109785676002502e-02 2.214949764311313629e-02 1.967982202768325806e-02 5.586497951298952103e-03 8.339851163327693939e-03 2.507782075554132462e-03 1.701628230512142181e-02 5.640208721160888672e-03 2.395366132259368896e-02 1.746002468280494213e-03 1.257646596059203148e-03 2.381225675344467163e-02 1.852982863783836365e-02 2.914364263415336609e-02 1.832439936697483063e-02 3.790252842009067535e-03 4.075372591614723206e-02 1.053916662931442261e-02 6.818064488470554352e-03 1.882254518568515778e-02 1.586092635989189148e-02 2.046863362193107605e-02 7.564810104668140411e-03 2.060675434768199921e-02 1.279171276837587357e-02 2.417614497244358063e-02 2.110408060252666473e-02 1.731335185468196869e-02 1.632459647953510284e-02 3.150974586606025696e-02 1.825215108692646027e-02 2.675154805183410645e-02 3.947451245039701462e-03 3.113861894235014915e-03 9.250177070498466492e-03 2.084790915250778198e-02 2.861259691417217255e-02 1.808906346559524536e-02 4.066745750606060028e-03 4.396316129714250565e-03 3.861936507746577263e-03 2.238354412838816643e-03 2.354216063395142555e-03 9.688547812402248383e-03 1.707253977656364441e-02 1.651248708367347717e-02 4.558632150292396545e-02 6.988739129155874252e-03 7.515423931181430817e-03 5.818346515297889709e-03 3.443570807576179504e-03 5.231603048741817474e-03 5.428684502840042114e-02 3.418225795030593872e-02 5.037068575620651245e-02 2.229911834001541138e-02 4.742012545466423035e-02 1.965057570487260818e-03 3.997703641653060913e-02 2.250721305608749390e-02 2.695433795452117920e-02 1.929000578820705414e-02 2.857915684580802917e-02 2.730917744338512421e-02 3.563804924488067627e-02 5.416920408606529236e-02 1.092327479273080826e-02 2.980698272585868835e-02 1.139620598405599594e-02 2.867130097001791000e-03 4.454335197806358337e-02 4.171935096383094788e-02 2.494010701775550842e-02 2.413080260157585144e-02 1.409652270376682281e-02 1.180895604193210602e-02 2.919903770089149475e-02 1.348832063376903534e-02 1.746980287134647369e-02 1.449572574347257614e-02 6.429632660001516342e-03 2.217544242739677429e-02 2.478773519396781921e-02 1.012022257782518864e-03 2.027193643152713776e-02 1.722267456352710724e-02 4.285420291125774384e-03 2.950406447052955627e-02 1.122000999748706818e-02 1.740471273660659790e-02 2.578417770564556122e-02 2.727797068655490875e-02 1.539656892418861389e-02 1.231695991009473801e-02 4.337866790592670441e-03 3.645795583724975586e-02 3.027449920773506165e-02 1.751588657498359680e-02 1.767751201987266541e-02 1.228447072207927704e-03
4.142073914408683777e-02 3.555563092231750488e-02 6.123694591224193573e-03 2.516804728657007217e-03 1.007423270493745804e-03 2.329049445688724518e-02 3.145861625671386719e-02 1.042005885392427444e-02 5.893654823303222656e-01 6.843970715999603271e-02 3.381799533963203430e-02 2.712106518447399139e-02 3.537839651107788086e-02 5.588553845882415771e-03 1.387003809213638306e-02 4.109797999262809753e-02 3.552437201142311096e-02 2.938377670943737030e-02 2.334050089120864868e-02 1.678469590842723846e-02 2.746191574260592461e-03 3.303446993231773376e-02 3.511138260364532471e-02 3.974487259984016418e-02 1.911267451941967010e-02 3.585776081308722496e-03 4.191278014332056046e-03 4.029225930571556091e-02 1.859337836503982544e-02 9.478506632149219513e-03 5.757363047450780869e-03 5.508075002580881119e-03 2.067954652011394501e-02 7.686981000006198883e-03 2.684365957975387573e-02 2.552713826298713684e-02 5.549591034650802612e-03 9.906266350299119949e-04 8.039507083594799042e-03 5.628382787108421326e-03 1.388660538941621780e-02 2.449250593781471252e-02 5.489887204021215439e-03 1.619977504014968872e-02 3.918571397662162781e-02 3.286284580826759338e-02 2.420673519372940063e-02 1.463756430894136429e-02 2.072651684284210205e-02 1.735943835228681564e-03 5.652642343193292618e-03 5.087776808068156242e-04 1.816153153777122498e-02 4.217812046408653259e-02 2.291974611580371857e-02 2.798715420067310333e-02 4.182761069387197495e-03 6.596936378628015518e-03 2.177870087325572968e-02 1.618836447596549988e-02 5.936931353062391281e-03 7.108263205736875534e-03 1.997311227023601532e-02 4.171974584460258484e-02 3.120293281972408295e-02 3.847415745258331299e-02 2.720460295677185059e-02 3.281736001372337341e-02 5.831123515963554382e-02 4.056954756379127502e-02 3.646370023488998413e-02 3.789465501904487610e-02 5.964540410786867142e-03 2.075135521590709686e-02 2.358636446297168732e-02 5.268372129648923874e-03 8.327808976173400879e-02 4.700081050395965576e-02 5.036101117730140686e-02 5.161507800221443176e-02 2.404830791056156158e-02 1.357929036021232605e-02 6.294144690036773682e-02 3.166651353240013123e-02 1.976770907640457153e-02 2.072163671255111694e-02 2.873199759051203728e-03 2.535778470337390900e-02 3.138714283704757690e-02 6.163844466209411621e-02 1.545895636081695557e-02 4.662526771426200867e-02 2.375363744795322418e-02 2.013530209660530090e-02 4.035523626953363419e-03 2.445170469582080841e-02 1.218049041926860809e-02 3.164824470877647400e-02 1.454531867057085037e-02 1.226110011339187622e-02 4.033483937382698059e-02 1.464267075061798096e-02 2.970034955069422722e-03 2.707184292376041412e-02 4.258209094405174255e-02 2.097940444946289062e-02 2.677285484969615936e-02 1.758696325123310089e-02 4.047547280788421631e-02 1.148031093180179596e-02 2.461021579802036285e-02 3.905016928911209106e-02 4.005445167422294617e-02 4.071455448865890503e-02 3.072188235819339752e-02 1.254279445856809616e-02
3.299022838473320007e-02 3.141136094927787781e-02 2.363386563956737518e-02 3.971382603049278259e-02 1.840053242631256580e-03 4.232020676136016846e-02 2.465098910033702850e-02 1.934110186994075775e-02 6.843970715999603271e-02 5.912464857101440430e-01 4.281182214617729187e-02 1.818251237273216248e-02 3.994941338896751404e-02 2.269581705331802368e-02 4.778794199228286743e-02 1.741510001011192799e-03 2.553370967507362366e-02 2.179940231144428253e-02 5.054822564125061035e-02 3.478429466485977173e-02 1.479521673172712326e-02 2.311077900230884552e-02 1.662436686456203461e-02 4.563730582594871521e-02 3.183345496654510498e-02 7.465229835361242294e-03 4.239962901920080185e-03 7.148477435111999512e-02 1.699083484709262848e-02 5.726378038525581360e-02 1.539925113320350647e-02 1.613839343190193176e-02 3.151951730251312256e-02 9.671056643128395081e-03 7.785307243466377258e-03 2.275157347321510315e-02 2.678910642862319946e-02 2.799832960590720177e-03 5.373742431402206421e-03 6.151752895675599575e-04 4.655724857002496719e-03 4.015723709017038345e-03 1.564266532659530640e-02 1.792882569134235382e-02 3.535044938325881958e-02 3.951597586274147034e-02 2.886028215289115906e-02 6.041923072189092636e-03 1.056930329650640488e-02 6.255175918340682983e-02 3.319245204329490662e-02 1.204654015600681305e-02 4.374175518751144409e-02 3.801129758358001709e-02 2.646226622164249420e-02 5.067396536469459534e-02 3.419098258018493652e-02 1.027379557490348816e-02 2.174491062760353088e-03 4.129636660218238831e-02 4.639390110969543457e-02 3.490170836448669434e-02 2.046594582498073578e-02 2.043552324175834656e-02 2.281190268695354462e-02 4.326872900128364563e-02 4.319421947002410889e-02 2.784625627100467682e-02 4.421135410666465759e-02 3.486441913992166519e-03 6.994193792343139648e-02 2.131367102265357971e-02 4.442298784852027893e-02 3.209144249558448792e-02 1.426267996430397034e-02 3.653338924050331116e-02 4.804451018571853638e-02 1.028151884675025940e-01 2.944285795092582703e-02 1.227960735559463501e-01 1.555874361656606197e-03 1.342406962066888809e-03 2.765103615820407867e-02 1.002970412373542786e-01 6.976427044719457626e-03 4.371595382690429688e-02 1.889089681208133698e-02 3.480463847517967224e-02 4.247256740927696228e-02 6.863964349031448364e-02 1.319082360714673996e-02 7.681025657802820206e-03 1.049325685016810894e-03 3.588680550456047058e-02 3.854325413703918457e-02 1.419320516288280487e-02 3.560682758688926697e-02 2.255686372518539429e-02 1.134529151022434235e-02 1.666179485619068146e-02 1.502232253551483154e-02 3.417959809303283691e-02 4.127243533730506897e-02 2.375494688749313354e-02 2.194335684180259705e-03 1.456753350794315338e-02 4.255698993802070618e-02 8.328942582011222839e-03 3.342727944254875183e-02 1.946814008988440037e-03 8.758633397519588470e-03 3.799284575507044792e-03 4.503334686160087585e-02 4.260212182998657227e-03 1.623137504793703556e-03 2.479772455990314484e-02
9.861089289188385010e-02 9.344720840454101562e-02 1.004331931471824646e-02 3.950721025466918945e-02 3.420069813728332520e-02 9.153788536787033081e-02 9.011770039796829224e-02 6.637577433139085770e-03 3.381799533963203430e-02 4.281182214617729187e-02 6.081346273422241211e-01 8.027147501707077026e-03 6.798870116472244263e-02 2.518043853342533112e-02 2.434214018285274506e-02 2.361896634101867676e-02 2.826958149671554565e-02 3.976328670978546143e-02 4.109151661396026611e-02 2.033494785428047180e-02 4.983193241059780121e-03 2.696158550679683685e-02 1.336364168673753738e-02 8.169195614755153656e-03 1.265352824702858925e-03 1.338774524629116058e-02 1.304722391068935394e-02 4.333637480158358812e-04 4.726349189877510071e-02 1.268874481320381165e-02 2.496227622032165527e-03 5.777927581220865250e-03 2.612392790615558624e-02 3.027849830687046051e-03 1.786378212273120880e-02 9.209178388118743896e-03 9.439222514629364014e-03 1.367110293358564377e-02 1.022971887141466141e-02 1.603030785918235779e-02 3.105068206787109375e-02 4.068049043416976929e-02 1.196676399558782578e-02 5.012825131416320801e-03 1.279275491833686829e-02 8.705784566700458527e-03 8.208213001489639282e-02 8.464920520782470703e-02 3.332753106951713562e-02 2.605812810361385345e-02 3.339075669646263123e-02 4.542689770460128784e-02 1.116235158406198025e-03 3.527241759002208710e-03 2.532635070383548737e-02 4.060047864913940430e-02 3.300375118851661682e-02 6.795411929488182068e-03 6.165918428450822830e-03 1.768849045038223267e-02 2.066226862370967865e-02 3.535864129662513733e-02 4.434110969305038452e-02 1.654170639812946320e-02 6.013103201985359192e-02 5.818750336766242981e-02 1.580765820108354092e-03 1.827426441013813019e-02 3.356515988707542419e-02 1.166371908038854599e-02 3.900125995278358459e-02 3.577689453959465027e-02 1.811711676418781281e-02 2.289984561502933502e-02 1.412116270512342453e-02 1.077114604413509369e-02 4.594714567065238953e-02 4.008302465081214905e-02 6.062451750040054321e-03 5.842296406626701355e-03 2.718038158491253853e-03 2.116484800353646278e-03 2.913913317024707794e-02 3.297122940421104431e-02 2.364290691912174225e-02 2.535977773368358612e-02 1.867065392434597015e-02 1.439728215336799622e-02 2.554184384644031525e-02 1.251491624861955643e-02 4.943963140249252319e-02 3.623067960143089294e-02 5.306012183427810669e-02 3.506101202219724655e-03 8.342552064277697355e-06 1.170016825199127197e-02 2.440934628248214722e-02 1.885432936251163483e-02 3.982074186205863953e-02 3.492463007569313049e-02 2.113519422709941864e-02 5.038362927734851837e-03 8.621945045888423920e-03 9.911040775477886200e-03 2.266544103622436523e-02 1.381978765130043030e-02 1.779191754758358002e-02 5.928204394876956940e-03 2.147742360830307007e-02 7.228239439427852631e-03 1.343698054552078247e-02 7.400620263069868088e-03 2.806952036917209625e-02 1.650946028530597687e-02 2.694180002436041832e-03 9.631967172026634216e-03
2.065770095214247704e-03 2.497716341167688370e-04 1.153745409101247787e-02 2.514461427927017212e-02 3.686359524726867676e-02 2.509411796927452087e-02 7.848383393138647079e-04 2.148200292140245438e-03 2.712106518447399139e-02 1.818251237273216248e-02 8.027147501707077026e-03 5.713644623756408691e-01 5.484740199790394399e-07 1.503016799688339233e-01 2.058740705251693726e-02 1.564411446452140808e-02 2.395141310989856720e-02 2.272044681012630463e-02 4.648633673787117004e-02 9.503695182502269745e-03 4.233914241194725037e-02 9.334732312709093094e-04 5.518143624067306519e-02 1.931126415729522705e-02 2.617523539811372757e-03 1.187698263674974442e-02 2.996619604527950287e-02 1.194631010293960571e-01 4.225989431142807007e-02 8.605477958917617798e-02 3.143237158656120300e-02 2.941685356199741364e-02 2.534110844135284424e-02 5.127964541316032410e-02 1.844599843025207520e-02 8.368740789592266083e-03 6.684671156108379364e-03 5.676885601133108139e-03 4.367253184318542480e-02 3.447143733501434326e-02 1.916359178721904755e-02 2.343280240893363953e-02 3.291823342442512512e-02 2.213128143921494484e-03 5.245757475495338440e-02 2.615083940327167511e-02 1.022287737578153610e-02 4.679136443883180618e-03 2.617821469902992249e-02 1.352379657328128815e-02 1.829398795962333679e-02 3.658213838934898376e-02 9.197501465678215027e-03 3.830269351601600647e-02 1.402637083083391190e-02 4.560459032654762268e-02 3.754455968737602234e-02 7.018703036010265350e-03 2.695936523377895355e-02 5.162994493730366230e-04 1.227297447621822357e-02 4.859131202101707458e-02 4.422800987958908081e-02 2.814655937254428864e-02 2.271046862006187439e-02 3.065077960491180420e-02 1.184290740638971329e-02 4.309063404798507690e-02 3.166707931086421013e-03 1.416766270995140076e-02 2.649596193805336952e-03 2.234551310539245605e-02 3.991735726594924927e-02 4.522465541958808899e-02 1.910892687737941742e-02 4.930146783590316772e-02 3.497499972581863403e-02 2.822510199621319771e-03 4.829579219222068787e-02 2.700657816603779793e-03 3.844533115625381470e-02 2.163148298859596252e-02 1.483722403645515442e-02 3.884798288345336914e-02 2.255292981863021851e-02 2.793114818632602692e-02 2.608428895473480225e-02 1.963653787970542908e-02 1.050039082765579224e-01 1.121428981423377991e-01 2.279726415872573853e-02 1.692306995391845703e-02 1.109550334513187408e-02 3.995579853653907776e-02 4.531079530715942383e-02 3.161597624421119690e-02 1.807710155844688416e-02 6.701549049466848373e-03 1.172451768070459366e-02 1.170476805418729782e-02 1.485652942210435867e-02 6.417214404791593552e-03 3.511853143572807312e-02 9.059208445250988007e-03 8.011278696358203888e-03 3.870180621743202209e-02 4.940753802657127380e-02 4.236320406198501587e-02 4.221804905682802200e-03 4.197074472904205322e-02 9.960992261767387390e-03 6.351429037749767303e-03 1.026394776999950409e-03 4.262772947549819946e-02 2.813850529491901398e-02 4.495635628700256348e-02
7.110077887773513794e-02 7.585860788822174072e-02 1.085227541625499725e-02 3.096207790076732635e-02 2.745869755744934082e-02 7.103670388460159302e-02 7.185331732034683228e-02 1.715505681931972504e-02 3.537839651107788086e-02 3.994941338896751404e-02 6.798870116472244263e-02 5.484740199790394399e-07 6.081999540328979492e-01 3.905212134122848511e-02 1.882127113640308380e-02 4.233340173959732056e-02 4.049088805913925171e-02 2.177716419100761414e-02 1.864235103130340576e-02 7.857331074774265289e-03 1.221423596143722534e-02 2.716560289263725281e-02 2.313517034053802490e-02 2.024620957672595978e-02 1.453122124075889587e-03 2.285366877913475037e-02 1.262910384684801102e-02 1.023084204643964767e-02 4.151134938001632690e-02 2.709343098104000092e-02 4.300948604941368103e-02 1.194070372730493546e-02 3.738410025835037231e-02 1.097493246197700500e-02 1.211121585220098495e-02 1.325480546802282333e-02 1.004695054143667221e-02 2.526427060365676880e-02 3.059071861207485199e-02 4.558161273598670959e-02 6.328222807496786118e-03 3.706426918506622314e-02 2.765155583620071411e-02 2.818082459270954132e-03 8.891558274626731873e-03 1.354808639734983444e-02 7.291526347398757935e-02 7.438343763351440430e-02 3.448948264122009277e-02 3.758345916867256165e-02 2.087436616420745850e-02 3.490239009261131287e-02 3.503547981381416321e-02 3.868127241730690002e-02 4.037564247846603394e-02 4.805094376206398010e-02 3.343093022704124451e-02 1.194918807595968246e-02 1.499601174145936966e-02 5.568228662014007568e-02 4.819606244564056396e-02 4.396392777562141418e-02 2.795047592371702194e-03 3.003639914095401764e-02 4.543840140104293823e-02 7.720953971147537231e-02 1.719555148156359792e-04 4.183609038591384888e-03 1.210946030914783478e-02 1.430176571011543274e-02 1.594573073089122772e-02 1.400842238217592239e-02 9.039958938956260681e-03 1.429853960871696472e-02 1.769485697150230408e-02 3.486193018034100533e-03 3.593370690941810608e-02 3.692623227834701538e-02 1.922112889587879181e-02 1.819398254156112671e-02 4.543011542409658432e-03 2.040626667439937592e-02 3.631893917918205261e-02 2.654637023806571960e-02 2.740823850035667419e-02 2.853157743811607361e-02 1.770401187241077423e-02 4.354028403759002686e-02 2.300165221095085144e-02 2.806963585317134857e-02 4.920316860079765320e-02 3.946462273597717285e-02 4.922010377049446106e-02 3.494971990585327148e-02 7.533974945545196533e-03 1.164744375273585320e-03 2.942493557929992676e-02 4.709448665380477905e-03 2.578227408230304718e-02 3.727944195270538330e-02 3.180173691362142563e-03 1.240623462945222855e-02 1.605389825999736786e-02 9.129343554377555847e-03 1.337814424186944962e-02 2.803449146449565887e-02 3.686676733195781708e-03 2.214436233043670654e-02 4.804735537618398666e-03 1.686092582531273365e-05 2.413032203912734985e-02 3.042900748550891876e-02 3.812996670603752136e-02 3.907877579331398010e-02 3.841356374323368073e-03 6.018405314534902573e-03
