5.221655368804931641e-01 6.733699887990951538e-02 2.079853974282741547e-02 4.560258612036705017e-02 1.740172132849693298e-02 1.119876354932785034e-01 5.944103375077247620e-02 4.722767695784568787e-02 1.543046161532402039e-02 4.305152222514152527e-02 1.171940937638282776e-01 8.628406794741749763e-04 6.730110198259353638e-02 2.750627882778644562e-02 3.773465007543563843e-02 4.193424805998802185e-02 1.716462709009647369e-02 1.708372868597507477e-02 4.739897698163986206e-02 3.637383133172988892e-02 3.269959473982453346e-03 3.542821854352951050e-02 2.204282395541667938e-02 3.261986654251813889e-03 1.759936101734638214e-02 2.261574938893318176e-02 6.700555980205535889e-02 2.832196839153766632e-02 2.760899066925048828e-02 4.507074877619743347e-02 1.133256498724222183e-02 3.687913343310356140e-02 2.998063154518604279e-02 2.160966396331787109e-02 3.888146579265594482e-02 2.216124441474676132e-03 1.225244777742773294e-04 5.106196179986000061e-02 2.610736060887575150e-03 3.531515225768089294e-02 1.230377256433712319e-05 1.741602830588817596e-02 6.001354753971099854e-02 3.335573012009263039e-03 1.798422262072563171e-02 2.266258001327514648e-02 1.234525218605995178e-01 1.904431497678160667e-03 3.763591870665550232e-03 2.598446235060691833e-02 2.266174927353858948e-02 4.731472209095954895e-02 4.335650429129600525e-02 5.314039438962936401e-02 1.759046129882335663e-02 3.453863039612770081e-02 3.103722352534532547e-03 4.376063868403434753e-02 5.033756606280803680e-04 3.204922005534172058e-02 2.616143971681594849e-02 2.928660437464714050e-02 1.633830368518829346e-02 1.273454632610082626e-02 8.500264084432274103e-05 1.852357061579823494e-03 3.462454676628112793e-02 5.848675966262817383e-02 3.928039222955703735e-02 4.938311874866485596e-02 3.684018179774284363e-02 3.609186038374900818e-02 1.203803997486829758e-02 3.318913653492927551e-02 4.092555865645408630e-02 3.484860807657241821e-02 4.083693772554397583e-02 1.571231335401535034e-02 1.204846426844596863e-02 1.923982426524162292e-02 1.275213249027729034e-02 1.482671871781349182e-02 3.099460341036319733e-02 5.180732533335685730e-02 1.252413820475339890e-02 2.559689804911613464e-02 5.838659033179283142e-02 3.628293424844741821e-02 2.207602746784687042e-02 4.810936003923416138e-02 6.384272128343582153e-02 1.071382127702236176e-02 2.053015492856502533e-02 3.116136230528354645e-02 2.727223560214042664e-02 2.248442918062210083e-02 2.452150732278823853e-02 7.407537195831537247e-03 5.014340393245220184e-03 1.307258196175098419e-02 3.172287344932556152e-02 1.805476285517215729e-02 4.055219516158103943e-02 4.699680209159851074e-02 5.341365188360214233e-02 2.860981039702892303e-02 8.292730897665023804e-03 4.933525249361991882e-02 5.302073433995246887e-03 4.172226786613464355e-02 1.497594732791185379e-02 2.969410642981529236e-02 4.173585772514343262e-02 3.703627362847328186e-02 3.565426543354988098e-02 1.428945083171129227e-02
6.733699887990951538e-02 5.174550414085388184e-01 4.911233112215995789e-02 2.114145830273628235e-02 2.797363698482513428e-02 7.289188355207443237e-02 1.175337731838226318e-01 4.906162619590759277e-02 2.993247658014297485e-02 4.384103417396545410e-02 5.601809173822402954e-02 6.761738564819097519e-03 1.097817271947860718e-01 6.244827806949615479e-02 2.533978968858718872e-02 3.158971667289733887e-02 1.114724576473236084e-02 3.913110494613647461e-02 3.061545640230178833e-02 4.749071598052978516e-02 3.112090006470680237e-02 5.280929431319236755e-02 1.906312070786952972e-02 3.466918319463729858e-02 3.122623451054096222e-02 3.148962184786796570e-02 3.737202286720275879e-02 3.608694300055503845e-02 4.954408109188079834e-02 3.312373906373977661e-02 2.142023295164108276e-02 5.051562190055847168e-02 4.254433512687683105e-02 2.467650361359119415e-02 4.543297365307807922e-02 2.302458276972174644e-03 1.464790478348731995e-02 1.909439638257026672e-02 2.279139123857021332e-02 1.371815335005521774e-02 1.693842001259326935e-02 5.720727518200874329e-02 3.243926167488098145e-02 3.854184970259666443e-02 3.137705381959676743e-03 5.238633230328559875e-02 3.978363424539566040e-02 6.007580831646919250e-02 3.263413964305073023e-04 3.199648810550570488e-03 4.663941264152526855e-02 1.549339760094881058e-02 3.703533858060836792e-02 2.855931781232357025e-02 1.551516912877559662e-02 1.416036486625671387e-02 3.995911777019500732e-02 1.050295541062951088e-03 2.788018621504306793e-02 8.938233368098735809e-04 1.342254690825939178e-02 5.722639616578817368e-03 1.070908643305301666e-02 1.733846962451934814e-03 7.147152721881866455e-02 8.200498670339584351e-02 2.695106901228427887e-02 2.857304736971855164e-02 1.889966428279876709e-02 2.282167039811611176e-02 3.509455546736717224e-02 2.381356665864586830e-03 1.579848676919937134e-02 6.263684481382369995e-02 4.363535717129707336e-02 1.067738793790340424e-02 2.506943885236978531e-03 1.638196595013141632e-02 1.758113130927085876e-02 3.088327683508396149e-02 1.813215576112270355e-02 4.692552238702774048e-02 5.278749018907546997e-02 4.251420870423316956e-02 8.956080302596092224e-03 4.982068017125129700e-02 4.339816421270370483e-02 2.511986717581748962e-02 1.006581727415323257e-02 3.349074395373463631e-03 1.478234957903623581e-02 3.964161965996026993e-03 1.834610663354396820e-02 4.976557567715644836e-02 2.705501765012741089e-02 6.059029605239629745e-03 8.041328750550746918e-03 1.286104973405599594e-02 1.020160224288702011e-02 7.004929706454277039e-03 3.943290933966636658e-02 4.542573541402816772e-02 4.835207015275955200e-03 4.025261104106903076e-02 3.926946595311164856e-02 4.266859218478202820e-02 3.829207271337509155e-02 3.015268966555595398e-02 2.911220304667949677e-02 3.274412080645561218e-02 1.674254424870014191e-03 3.613633662462234497e-02 9.639734402298927307e-03 3.720365837216377258e-02 6.588399875909090042e-03 1.150296349078416824e-02
2.079853974282741547e-02 4.911233112215995789e-02 4.853329956531524658e-01 3.362622857093811035e-02 1.965413056313991547e-02 8.798143826425075531e-03 2.477355767041444778e-03 1.547194421291351318e-01 1.227952446788549423e-02 5.748274736106395721e-03 2.815817482769489288e-02 5.061842873692512512e-02 3.159258142113685608e-02 3.786142542958259583e-02 2.320523140951991081e-03 1.695251837372779846e-02 4.344224184751510620e-02 1.205881591886281967e-02 2.579066157341003418e-02 4.644112288951873779e-02 1.364484336227178574e-02 2.457664720714092255e-02 3.207505866885185242e-02 4.089397843927145004e-03 2.211436443030834198e-02 1.617452246136963367e-03 4.152334481477737427e-02 3.119261004030704498e-02 2.849351800978183746e-02 3.917511180043220520e-02 2.881749533116817474e-02 2.167396619915962219e-02 1.902174018323421478e-02 7.040208671241998672e-03 8.541821502149105072e-03 5.445000901818275452e-02 1.645507849752902985e-02 1.111026946455240250e-02 3.232624381780624390e-03 1.680000498890876770e-02 1.472517661750316620e-02 4.394537582993507385e-02 2.363835833966732025e-02 3.574729710817337036e-02 2.409162186086177826e-02 4.392376542091369629e-02 1.193861756473779678e-02 4.118116572499275208e-02 1.430763397365808487e-02 7.367860525846481323e-03 4.443463310599327087e-02 8.693594485521316528e-03 3.610736876726150513e-02 4.814964160323143005e-02 2.468008082360029221e-03 4.948171321302652359e-03 1.054405141621828079e-02 2.274323627352714539e-02 6.585249677300453186e-03 3.124158247373998165e-04 2.949101477861404419e-02 2.056425996124744415e-02 9.636444039642810822e-03 2.819306217133998871e-02 2.758150920271873474e-02 3.923053736798465252e-04 3.712502121925354004e-02 1.176995411515235901e-02 2.209491468966007233e-02 3.560951724648475647e-02 4.398550093173980713e-02 4.470838606357574463e-02 4.496680339798331261e-04 8.262423798441886902e-03 3.123760782182216644e-02 3.895492106676101685e-02 9.676745161414146423e-03 6.098875775933265686e-02 4.150915145874023438e-02 7.853593677282333374e-03 6.151501834392547607e-02 4.187214002013206482e-02 3.064910706598311663e-04 2.381232939660549164e-02 1.514168828725814819e-02 1.709225215017795563e-02 1.897053234279155731e-02 2.212715521454811096e-02 4.175389185547828674e-02 1.394838839769363403e-02 2.306808903813362122e-02 2.949200756847858429e-02 3.937306627631187439e-02 1.397710852324962616e-02 4.033155273646116257e-03 3.872822504490613937e-03 5.062590539455413818e-02 2.100104652345180511e-02 3.213331336155533791e-03 1.134970877319574356e-02 6.195299793034791946e-03 1.524689979851245880e-02 6.998095661401748657e-03 5.794694181531667709e-03 8.956310339272022247e-03 2.067403495311737061e-02 2.603564411401748657e-02 7.860453915782272816e-04 3.484028577804565430e-02 2.065142802894115448e-02 3.299959003925323486e-02 5.003651231527328491e-02 5.384050775319337845e-03 2.069413848221302032e-02 2.088809013366699219e-02 3.642979264259338379e-02
4.560258612036705017e-02 2.114145830273628235e-02 3.362622857093811035e-02 4.767805337905883789e-01 1.718882769346237183e-01 3.032808890566229820e-04 9.681429713964462280e-03 5.355651676654815674e-02 1.043737307190895081e-02 4.621447296813130379e-04 1.593894511461257935e-02 7.422043476253747940e-03 1.335433591157197952e-02 1.401407551020383835e-02 2.853976748883724213e-02 1.186937466263771057e-02 1.477202959358692169e-02 1.923484727740287781e-02 3.378396853804588318e-02 3.901469521224498749e-03 5.949230864644050598e-03 2.986324951052665710e-03 4.848525859415531158e-03 1.179178338497877121e-02 1.597244665026664734e-02 6.162157747894525528e-03 7.719272281974554062e-03 1.092189177870750427e-02 3.149206563830375671e-02 2.287292666733264923e-02 7.831134833395481110e-03 8.270094986073672771e-04 1.522171031683683395e-02 3.450371697545051575e-02 6.773492787033319473e-03 3.181877732276916504e-02 3.369261696934700012e-02 4.145773500204086304e-02 9.929658472537994385e-02 1.259736163774505258e-04 9.114907123148441315e-03 4.579298943281173706e-02 4.611958190798759460e-02 3.515676036477088928e-02 4.634262993931770325e-02 1.828463748097419739e-02 3.207669779658317566e-02 3.460587933659553528e-02 4.645747691392898560e-02 5.131720681674778461e-04 1.202581406687386334e-04 3.011656366288661957e-02 2.227171882987022400e-02 2.018760330975055695e-02 2.290869690477848053e-02 4.119857028126716614e-02 6.185595877468585968e-03 1.566150970757007599e-02 3.289924561977386475e-02 4.491336271166801453e-02 5.280265118926763535e-03 2.476933784782886505e-02 3.802743926644325256e-02 1.872924715280532837e-02 2.419488318264484406e-02 3.118698671460151672e-02 6.391010712832212448e-03 2.418819442391395569e-02 5.134079977869987488e-02 4.326868429780006409e-02 4.617283586412668228e-03 1.539435982704162598e-02 1.336358040571212769e-01 3.187814960256218910e-03 1.138661280274391174e-01 3.404476493597030640e-02 4.989657923579216003e-02 3.397108241915702820e-02 2.234345115721225739e-02 1.470135711133480072e-02 1.056995801627635956e-02 3.765257308259606361e-03 3.689559176564216614e-02 1.442695129662752151e-02 3.493719920516014099e-02 2.767122909426689148e-02 1.999328285455703735e-02 1.649237610399723053e-02 1.744281873106956482e-02 3.042710199952125549e-02 2.971063740551471710e-02 2.791848592460155487e-02 2.406660839915275574e-02 1.181785948574542999e-03 7.619854062795639038e-02 2.274338342249393463e-02 2.720766142010688782e-02 4.032774828374385834e-03 3.377273678779602051e-02 3.695625637192279100e-04 3.105944953858852386e-02 2.088436298072338104e-02 3.454377129673957825e-02 3.395210020244121552e-03 3.101977519690990448e-02 2.077642828226089478e-02 4.024972766637802124e-02 1.179560646414756775e-02 3.823258727788925171e-02 1.485613523982465267e-03 1.164637506008148193e-02 1.817387528717517853e-02 4.396862536668777466e-02 2.716702595353126526e-02 1.782848872244358063e-02 3.290745615959167480e-02
1.740172132849693298e-02 2.797363698482513428e-02 1.965413056313991547e-02 1.718882769346237183e-01 4.766205549240112305e-01 2.453978732228279114e-02 5.375313572585582733e-03 1.569446921348571777e-02 2.412878163158893585e-02 3.679473698139190674e-02 1.648155041038990021e-02 1.231708470731973648e-02 2.660849876701831818e-02 1.954232528805732727e-02 3.629708662629127502e-02 2.940342389047145844e-02 2.878544107079505920e-02 4.345141351222991943e-02 1.593089848756790161e-02 6.334964931011199951e-02 7.452273275703191757e-03 6.226875353604555130e-03 2.293642424046993256e-02 4.292472824454307556e-02 4.174374043941497803e-03 1.250993926078081131e-02 4.537365958094596863e-02 4.331406205892562866e-02 7.929591462016105652e-03 4.151313006877899170e-02 1.622675172984600067e-02 1.783711649477481842e-02 2.956425398588180542e-02 3.609718754887580872e-03 1.823361404240131378e-02 2.377056283876299858e-03 1.517255906946957111e-03 1.413016114383935928e-02 4.547963663935661316e-02 6.633403152227401733e-02 3.202004358172416687e-02 8.641741238534450531e-03 1.714213192462921143e-02 2.862366475164890289e-02 1.799658127129077911e-02 3.178378194570541382e-02 2.528214128687977791e-03 4.660400003194808960e-02 5.914117209613323212e-03 2.979423478245735168e-02 2.441721968352794647e-02 1.945702545344829559e-02 5.190259963274002075e-02 7.110505830496549606e-03 2.581354416906833649e-02 4.215653985738754272e-02 2.093583531677722931e-02 1.218443363904953003e-02 1.662521064281463623e-02 1.197447255253791809e-02 3.391170501708984375e-02 6.642194930464029312e-03 3.237173706293106079e-02 2.616862021386623383e-02 3.652211977168917656e-03 8.074464276432991028e-03 4.061826318502426147e-02 1.326990500092506409e-02 6.156138144433498383e-03 1.959095336496829987e-02 1.633473322726786137e-03 3.598075360059738159e-02 4.539791494607925415e-02 6.105549167841672897e-03 4.302569106221199036e-02 4.976176423951983452e-04 3.820351511240005493e-02 3.160668164491653442e-02 2.759909443557262421e-02 4.265679046511650085e-02 4.686378687620162964e-02 3.830021992325782776e-02 8.723341859877109528e-03 4.533363878726959229e-02 2.276406623423099518e-02 2.431715838611125946e-02 3.154215216636657715e-02 2.973630651831626892e-02 8.568024350097402930e-05 3.939197864383459091e-03 2.010999992489814758e-02 5.228525958955287933e-03 4.311651363968849182e-02 1.957862451672554016e-02 3.244671970605850220e-02 8.456306532025337219e-04 7.115868479013442993e-02 9.710414451546967030e-04 3.676889091730117798e-02 5.393314361572265625e-02 3.211846575140953064e-02 2.213651314377784729e-03 7.760917395353317261e-02 3.637200593948364258e-02 4.737933725118637085e-02 3.651947947219014168e-03 4.640223458409309387e-02 3.676922293379902840e-03 8.456709794700145721e-03 1.476016640663146973e-02 4.092648625373840332e-02 3.908976167440414429e-02 3.279877826571464539e-03 3.148837387561798096e-02 3.915405645966529846e-02 8.670005016028881073e-03
1.119876354932785034e-01 7.289188355207443237e-02 8.798143826425075531e-03 3.032808890566229820e-04 2.453978732228279114e-02 5.126032829284667969e-01 1.065184250473976135e-01 1.407046988606452942e-02 3.392328694462776184e-02 2.580322511494159698e-02 8.539573848247528076e-02 4.976272955536842346e-02 7.821143418550491333e-02 1.969266124069690704e-02 3.777997335419058800e-04 2.873580157756805420e-02 2.318501286208629608e-02 2.707759290933609009e-02 2.504574880003929138e-02 3.216566890478134155e-02 6.025240756571292877e-03 1.399744534865021706e-03 2.542839013040065765e-02 2.013489045202732086e-02 1.675888895988464355e-02 2.572884969413280487e-02 1.378811243921518326e-02 2.917134948074817657e-02 4.992322996258735657e-02 4.217372834682464600e-02 4.958150908350944519e-03 1.690251007676124573e-02 4.144445061683654785e-02 1.940892636775970459e-02 4.495756700634956360e-02 5.670913960784673691e-03 1.398403476923704147e-02 3.022349253296852112e-02 1.475222501903772354e-02 1.833523437380790710e-02 2.848248183727264404e-02 2.374992147088050842e-02 4.686519131064414978e-02 1.632674410939216614e-02 5.548653192818164825e-03 3.297234326601028442e-02 1.279777735471725464e-01 1.347935851663351059e-02 5.715084727853536606e-03 7.388988975435495377e-03 2.239881269633769989e-02 3.716580569744110107e-02 1.723317056894302368e-02 2.430975809693336487e-02 1.656312495470046997e-02 3.233105316758155823e-02 2.851602854207158089e-03 3.207880258560180664e-02 1.761438511312007904e-02 4.577286541461944580e-02 4.725459963083267212e-03 4.565632261801511049e-04 6.078590080142021179e-02 6.166331470012664795e-03 1.370675489306449890e-02 6.406812462955713272e-03 5.147682502865791321e-02 4.671835154294967651e-02 1.090845372527837753e-02 3.496002405881881714e-02 1.106057874858379364e-02 5.283889174461364746e-02 4.488103091716766357e-02 1.762052252888679504e-02 6.448962260037660599e-03 7.793372496962547302e-04 4.914888180792331696e-03 2.017218386754393578e-03 8.744854712858796120e-04 9.856845252215862274e-03 1.084285695105791092e-02 7.348443381488323212e-03 3.656372427940368652e-02 4.252637550234794617e-02 8.022074587643146515e-03 3.306804969906806946e-02 2.438244968652725220e-02 3.446394344791769981e-03 5.150528624653816223e-03 4.922359436750411987e-02 3.326359391212463379e-02 1.574281230568885803e-02 4.012997448444366455e-02 1.246587373316287994e-02 2.568413875997066498e-02 1.069500390440225601e-02 1.230377517640590668e-02 1.555803976953029633e-02 5.045686848461627960e-03 4.231934435665607452e-03 4.213738813996315002e-02 3.497990220785140991e-02 4.313046485185623169e-02 4.079029709100723267e-02 4.480051621794700623e-02 3.751950711011886597e-02 3.217155113816261292e-02 2.410436794161796570e-02 1.206563599407672882e-02 4.564093053340911865e-02 8.989290334284305573e-03 1.627625338733196259e-02 4.699311032891273499e-02 5.002995580434799194e-02 3.405303135514259338e-02 2.609075047075748444e-02
5.944103375077247620e-02 1.175337731838226318e-01 2.477355767041444778e-03 9.681429713964462280e-03 5.375313572585582733e-03 1.065184250473976135e-01 5.085007548332214355e-01 1.405909378081560135e-02 2.857507579028606415e-02 1.066697202622890472e-02 4.422358423471450806e-02 3.482073917984962463e-02 8.492156863212585449e-02 1.379928085952997208e-02 4.864266887307167053e-02 3.129226714372634888e-02 4.241816326975822449e-02 3.223118558526039124e-02 1.133640483021736145e-02 3.401303896680474281e-03 1.005429681390523911e-02 1.813103817403316498e-02 9.318636730313301086e-03 6.195471156388521194e-03 6.148862186819314957e-03 8.941260166466236115e-03 3.237446770071983337e-02 1.982878521084785461e-02 2.280160598456859589e-02 3.934267535805702209e-02 5.425091460347175598e-02 2.200226532295346260e-03 1.547139883041381836e-02 1.110776909627020359e-03 8.345873095095157623e-03 6.516896653920412064e-03 2.092921547591686249e-02 3.852505981922149658e-02 2.000510320067405701e-02 2.513336017727851868e-02 2.500598318874835968e-02 3.017509542405605316e-02 4.465546086430549622e-02 2.817628532648086548e-02 2.961591258645057678e-02 4.513825848698616028e-02 7.131817191839218140e-02 1.069774180650711060e-01 3.822378814220428467e-02 1.306929346174001694e-02 3.744379431009292603e-02 3.181351814419031143e-03 2.402476035058498383e-02 2.987765520811080933e-02 1.660314202308654785e-02 3.229247406125068665e-02 1.295118499547243118e-02 2.693265676498413086e-02 2.513802237808704376e-02 4.488125443458557129e-02 5.283626727759838104e-03 3.728401288390159607e-02 4.201409220695495605e-02 1.572673209011554718e-02 5.013719201087951660e-02 6.368269771337509155e-02 2.839452587068080902e-02 1.841827109456062317e-02 3.809426724910736084e-02 4.468314349651336670e-02 4.339915141463279724e-02 1.027018856257200241e-02 4.782629385590553284e-02 2.947511337697505951e-02 4.602947086095809937e-02 3.846082836389541626e-02 1.193979382514953613e-02 3.413648530840873718e-02 2.755838260054588318e-02 2.999183163046836853e-02 1.178378704935312271e-02 1.398404501378536224e-02 5.607873201370239258e-02 1.902753114700317383e-02 3.260470181703567505e-02 1.526285242289304733e-02 2.525493130087852478e-02 1.269496232271194458e-02 2.571358811110258102e-03 2.986557083204388618e-03 7.164041511714458466e-03 2.839578129351139069e-02 1.473779138177633286e-02 1.219061203300952911e-02 1.960771158337593079e-03 4.403103142976760864e-03 2.581626735627651215e-02 2.551134489476680756e-02 6.248347461223602295e-03 7.137827109545469284e-03 2.940856292843818665e-02 4.420566186308860779e-02 1.213665120303630829e-02 2.265450358390808105e-02 7.358667440712451935e-03 3.130446001887321472e-02 4.468011483550071716e-02 4.715410992503166199e-02 3.052511811256408691e-02 4.383383318781852722e-02 3.081739135086536407e-02 2.257717773318290710e-02 5.680122226476669312e-02 5.511304363608360291e-02 3.494404628872871399e-02 1.784911565482616425e-02
4.722767695784568787e-02 4.906162619590759277e-02 1.547194421291351318e-01 5.355651676654815674e-02 1.569446921348571777e-02 1.407046988606452942e-02 1.405909378081560135e-02 4.957317411899566650e-01 3.480677679181098938e-02 4.502062126994132996e-02 3.116520866751670837e-02 8.010152727365493774e-03 2.566268108785152435e-02 1.189651805907487869e-02 7.161904126405715942e-02 1.349219307303428650e-02 3.166560456156730652e-02 1.745184697210788727e-02 1.635642838664352894e-03 5.232040584087371826e-02 1.419567782431840897e-02 4.059730097651481628e-02 3.274215012788772583e-02 6.881327833980321884e-03 2.715320792049169540e-03 9.059088304638862610e-03 1.624706201255321503e-02 2.042906358838081360e-02 2.021255530416965485e-02 2.572989091277122498e-02 3.693250939249992371e-02 2.282341197133064270e-02 3.333311155438423157e-02 1.866869069635868073e-02 2.586678415536880493e-02 1.780819147825241089e-02 2.747047320008277893e-02 4.232859238982200623e-02 4.519396647810935974e-02 8.854495361447334290e-03 1.215194817632436752e-02 3.597508370876312256e-02 3.588561713695526123e-02 2.903274819254875183e-02 2.761649340391159058e-02 4.165723919868469238e-02 4.187387228012084961e-02 3.284906595945358276e-02 2.458276413381099701e-02 9.904672391712665558e-03 8.169078081846237183e-02 2.608399465680122375e-02 2.601856598630547523e-03 2.456035837531089783e-02 3.032301738858222961e-02 7.458936888724565506e-03 1.631334424018859863e-02 4.653482884168624878e-02 3.535189898684620857e-03 1.650433987379074097e-02 6.773214787244796753e-03 8.158047683537006378e-03 4.343112930655479431e-02 4.726009070873260498e-02 2.931019850075244904e-02 1.174451783299446106e-02 1.896663196384906769e-02 1.090628188103437424e-02 4.146937653422355652e-02 2.893568761646747589e-02 1.692684926092624664e-02 5.292501766234636307e-03 4.011647775769233704e-02 1.762516051530838013e-02 4.456846043467521667e-02 1.928623393177986145e-02 2.652448043227195740e-02 1.123174466192722321e-02 4.876191914081573486e-02 1.324511971324682236e-02 8.982806652784347534e-02 1.016993448138237000e-01 3.876464441418647766e-02 5.663367919623851776e-03 2.483095601201057434e-02 2.995803020894527435e-02 8.376728743314743042e-02 6.759487837553024292e-02 6.671649869531393051e-03 1.665706560015678406e-02 3.046980313956737518e-02 7.673327345401048660e-03 1.900549791753292084e-02 2.521622180938720703e-02 8.147021755576133728e-03 1.025110203772783279e-02 2.920262515544891357e-03 2.041498199105262756e-02 1.485513336956501007e-02 2.319954894483089447e-02 2.693558670580387115e-02 6.507450249046087265e-03 8.381159976124763489e-03 2.017458714544773102e-02 2.272577024996280670e-02 5.270398780703544617e-02 6.040589418262243271e-03 3.556006029248237610e-02 7.174720522016286850e-04 1.828949712216854095e-02 6.061307340860366821e-02 1.562308426946401596e-02 9.889275766909122467e-03 4.218062013387680054e-02 2.587691694498062134e-02 1.632215280551463366e-04
1.543046161532402039e-02 2.993247658014297485e-02 1.227952446788549423e-02 1.043737307190895081e-02 2.412878163158893585e-02 3.392328694462776184e-02 2.857507579028606415e-02 3.480677679181098938e-02 5.023548007011413574e-01 6.403332948684692383e-02 6.232665386050939560e-03 1.905651204288005829e-02 2.859536558389663696e-02 3.788157179951667786e-02 1.317828986793756485e-02 2.003907784819602966e-02 1.940079964697360992e-02 9.265229851007461548e-02 2.754419296979904175e-02 4.715465381741523743e-02 2.505840361118316650e-02 2.979787439107894897e-02 1.446302421391010284e-02 3.631292376667261124e-03 2.400026097893714905e-02 1.584298536181449890e-02 2.543702162802219391e-02 2.590630901977419853e-03 1.326431427150964737e-02 3.151900693774223328e-02 3.952877968549728394e-02 3.182175382971763611e-02 5.299377441406250000e-02 3.039530850946903229e-02 3.622213006019592285e-02 2.405509911477565765e-02 1.702516712248325348e-02 3.282515332102775574e-02 1.194498222321271896e-02 3.248820453882217407e-02 1.359278336167335510e-02 1.775270514190196991e-02 4.531705752015113831e-02 1.720237359404563904e-02 2.220404101535677910e-03 5.667177215218544006e-02 8.452153764665126801e-03 3.342689573764801025e-02 2.710407227277755737e-02 3.142864676192402840e-03 2.428491041064262390e-02 1.074198400601744652e-03 4.150068387389183044e-02 5.258191004395484924e-02 6.389601528644561768e-02 1.497530378401279449e-02 1.704848930239677429e-02 2.419804222881793976e-02 2.042778022587299347e-02 3.048384748399257660e-02 4.169284924864768982e-02 1.620579510927200317e-02 3.511657565832138062e-02 1.238577160984277725e-02 3.971951548010110855e-03 1.900069974362850189e-02 5.990932509303092957e-02 4.582999646663665771e-02 9.687552228569984436e-03 2.787183411419391632e-02 3.454983234405517578e-02 3.730081021785736084e-02 5.833071842789649963e-02 5.819467455148696899e-02 4.178727418184280396e-02 7.088667899370193481e-02 1.328817009925842285e-01 4.804674535989761353e-02 4.317656531929969788e-02 3.236667439341545105e-02 5.492269061505794525e-03 3.129668161273002625e-02 4.776378720998764038e-02 4.111757501959800720e-02 1.168988458812236786e-02 2.568858116865158081e-02 2.639329619705677032e-02 7.332109846174716949e-03 1.874445378780364990e-02 4.307031631469726562e-02 3.160054236650466919e-02 1.750165224075317383e-02 1.732703670859336853e-02 9.672670421423390508e-05 2.525132149457931519e-04 2.365231886506080627e-02 1.705836690962314606e-02 1.325539126992225647e-02 5.866158008575439453e-02 9.099582210183143616e-03 4.414216801524162292e-02 4.844843968749046326e-02 2.568271197378635406e-02 3.702055662870407104e-02 3.519799094647169113e-03 1.356757991015911102e-02 1.681612059473991394e-02 1.749833673238754272e-02 1.455107051879167557e-02 1.314157713204622269e-02 3.563246503472328186e-02 4.815367609262466431e-02 4.023997858166694641e-02 4.663157835602760315e-02 1.088336016982793808e-02 1.492153014987707138e-02
4.305152222514152527e-02 4.384103417396545410e-02 5.748274736106395721e-03 4.621447296813130379e-04 3.679473698139190674e-02 2.580322511494159698e-02 1.066697202622890472e-02 4.502062126994132996e-02 6.403332948684692383e-02 5.041401982307434082e-01 3.183589503169059753e-02 8.967612520791590214e-04 2.197319455444812775e-02 3.068838641047477722e-02 6.226652488112449646e-02 3.854545950889587402e-02 1.720683462917804718e-02 3.902079164981842041e-02 7.527381181716918945e-02 2.481329627335071564e-02 9.894892573356628418e-03 4.813138023018836975e-02 4.780833423137664795e-02 6.701792776584625244e-02 6.417801138013601303e-03 1.536561641842126846e-02 7.369379978626966476e-03 1.629087142646312714e-02 1.748570986092090607e-02 4.117822647094726562e-02 5.405349191278219223e-03 2.796095330268144608e-03 2.207122556865215302e-02 1.612468995153903961e-02 4.657106101512908936e-02 5.258338153362274170e-02 5.667501315474510193e-02 4.926303029060363770e-02 1.719798520207405090e-02 2.640856243669986725e-02 3.082572482526302338e-02 2.553264051675796509e-02 5.567668378353118896e-02 3.634658455848693848e-02 5.008501186966896057e-02 1.708969846367835999e-02 3.087304718792438507e-02 1.907005719840526581e-02 6.014664657413959503e-03 5.462701618671417236e-02 1.549495733343064785e-03 1.904427818953990936e-02 3.519715368747711182e-02 4.391704499721527100e-02 2.808443829417228699e-02 2.355857193470001221e-02 1.478058099746704102e-02 1.069282181560993195e-02 4.152647405862808228e-02 3.552689403295516968e-02 3.626764193177223206e-02 3.081509610638022423e-03 1.486196368932723999e-02 2.820758521556854248e-02 1.118940860033035278e-02 6.953429896384477615e-03 5.335613340139389038e-02 5.123881995677947998e-02 4.858544841408729553e-02 1.938705146312713623e-02 3.327674046158790588e-02 2.560166269540786743e-02 3.743486478924751282e-02 2.729393541812896729e-02 3.615696355700492859e-02 3.861485421657562256e-02 4.961614310741424561e-02 8.168245851993560791e-02 2.350656315684318542e-03 5.379466339945793152e-02 4.685971140861511230e-02 1.146134268492460251e-02 1.322697475552558899e-02 1.116210073232650757e-01 2.074903110042214394e-03 3.345680190250277519e-03 7.540097460150718689e-03 2.084990032017230988e-02 5.163773149251937866e-02 7.005712389945983887e-02 4.214223474264144897e-02 4.573530983179807663e-03 2.150399982929229736e-02 1.153848785907030106e-02 5.443289875984191895e-03 6.111956387758255005e-02 2.265701256692409515e-02 3.822040557861328125e-02 1.684354990720748901e-02 4.315648227930068970e-02 4.078282415866851807e-02 3.688249364495277405e-02 1.774749602191150188e-03 2.758762426674365997e-02 1.399259734898805618e-02 8.869371376931667328e-03 4.203631356358528137e-02 4.449234902858734131e-02 3.938147053122520447e-02 2.440409362316131592e-02 1.164969056844711304e-02 7.468545343726873398e-03 2.758211269974708557e-02 3.048333711922168732e-02 1.620267517864704132e-02 4.316200036555528641e-03
1.171940937638282776e-01 5.601809173822402954e-02 2.815817482769489288e-02 1.593894511461257935e-02 1.648155041038990021e-02 8.539573848247528076e-02 4.422358423471450806e-02 3.116520866751670837e-02 6.232665386050939560e-03 3.183589503169059753e-02 5.080706477165222168e-01 4.007491841912269592e-02 7.062699645757675171e-02 2.590948715806007385e-02 2.359540760517120361e-02 3.425987064838409424e-02 1.978446525754407048e-04 2.531325258314609528e-02 2.014525793492794037e-02 1.596795208752155304e-02 1.894447579979896545e-02 3.262789174914360046e-02 2.695667743682861328e-02 7.156169973313808441e-03 4.391834512352943420e-02 4.825520887970924377e-02 3.116352856159210205e-02 1.781841367483139038e-02 1.801350899040699005e-02 1.336913369596004486e-02 1.046690437942743301e-02 4.367251321673393250e-02 1.395497471094131470e-02 5.406292155385017395e-02 1.268434221856296062e-03 2.343395538628101349e-02 2.244665287435054779e-02 2.796810492873191833e-02 4.483413696289062500e-02 1.553253084421157837e-02 1.557817682623863220e-02 4.029823467135429382e-02 9.924395708367228508e-04 3.683818131685256958e-02 2.916379889938980341e-04 3.862241283059120178e-02 1.064227595925331116e-01 3.416958823800086975e-02 2.562501281499862671e-02 9.287941269576549530e-03 8.654689416289329529e-03 4.625820368528366089e-02 8.713481947779655457e-04 2.176506072282791138e-02 4.882260039448738098e-02 1.476618181914091110e-02 4.515559598803520203e-02 7.244908716529607773e-03 5.273016169667243958e-02 3.471636679023504257e-03 3.673271834850311279e-02 1.759398169815540314e-02 1.060282718390226364e-02 2.500840276479721069e-02 4.755676537752151489e-02 1.910116523504257202e-02 6.770658306777477264e-03 2.638313360512256622e-02 3.339377790689468384e-02 1.635439693927764893e-02 2.667902782559394836e-02 5.110452324151992798e-02 2.438945230096578598e-03 2.295682393014431000e-02 2.888564765453338623e-02 2.339205704629421234e-03 4.393332451581954956e-02 1.508004311472177505e-02 3.570094332098960876e-02 4.056609794497489929e-02 4.283534362912178040e-02 2.331869676709175110e-02 4.966784734278917313e-03 3.944725915789604187e-02 5.045282468199729919e-02 5.146913230419158936e-02 8.123748935759067535e-03 3.191916644573211670e-02 3.556861728429794312e-02 2.001126483082771301e-02 1.011495962738990784e-01 5.459364131093025208e-02 5.207141116261482239e-02 7.018045522272586823e-03 3.402138501405715942e-02 4.985516518354415894e-02 2.135011553764343262e-02 2.457015961408615112e-02 7.676328066736459732e-03 1.676454208791255951e-02 1.560491509735584259e-03 1.010298146866261959e-03 1.609045080840587616e-02 3.115907497704029083e-02 1.156783662736415863e-02 3.801322018261998892e-04 1.239765062928199768e-02 3.035729937255382538e-02 8.714390918612480164e-03 2.422481589019298553e-02 4.218263551592826843e-02 2.697182446718215942e-02 1.015791390091180801e-02 1.808810420334339142e-02 8.565224707126617432e-03 1.860686764121055603e-02
8.628406794741749763e-04 6.761738564819097519e-03 5.061842873692512512e-02 7.422043476253747940e-03 1.231708470731973648e-02 4.976272955536842346e-02 3.482073917984962463e-02 8.010152727365493774e-03 1.905651204288005829e-02 8.967612520791590214e-04 4.007491841912269592e-02 4.762304723262786865e-01 7.470359560102224350e-03 2.720486521720886230e-01 2.343054115772247314e-02 1.644274964928627014e-02 2.666492201387882233e-02 4.242315515875816345e-02 2.738999016582965851e-02 2.522296085953712463e-02 2.449067123234272003e-02 6.261441856622695923e-03 1.943612843751907349e-02 3.597397729754447937e-02 3.964794427156448364e-02 2.438173443078994751e-02 3.056702576577663422e-02 3.863630117848515511e-03 3.312156349420547485e-02 2.662618085741996765e-02 1.025830488651990891e-02 3.430760651826858521e-02 3.808105364441871643e-03 1.255638781003654003e-04 3.030274249613285065e-02 9.189841337502002716e-03 2.893321029841899872e-02 3.679053112864494324e-02 1.775697246193885803e-02 1.592385955154895782e-02 4.747442156076431274e-02 2.709096111357212067e-02 1.416655443608760834e-02 5.002073198556900024e-02 1.227473691105842590e-01 4.578830674290657043e-02 1.003369688987731934e-02 3.021371364593505859e-02 4.091088101267814636e-02 1.643748581409454346e-02 3.993620723485946655e-02 2.773228473961353302e-02 1.460744813084602356e-02 3.646358102560043335e-02 5.450727185234427452e-04 4.299277905374765396e-03 2.240494452416896820e-02 3.775835037231445312e-02 2.805610001087188721e-02 1.041775103658437729e-02 4.893167060799896717e-04 1.398632954806089401e-02 3.330647200345993042e-02 2.010181924561038613e-04 6.368055939674377441e-03 4.131925851106643677e-02 4.280746355652809143e-02 3.171005472540855408e-02 9.094810113310813904e-03 2.743488736450672150e-02 2.229896344942972064e-04 3.519323468208312988e-02 3.867315873503684998e-02 1.635020598769187927e-02 9.409431368112564087e-03 8.059553056955337524e-02 2.581418491899967194e-03 1.665733940899372101e-02 1.746426802128553391e-03 2.838583022821694613e-04 4.902367293834686279e-02 2.761818468570709229e-02 2.390754595398902893e-02 7.347106467932462692e-03 1.590301096439361572e-02 2.206043154001235962e-02 1.582277752459049225e-02 6.539002060890197754e-03 1.422063726931810379e-02 8.608854562044143677e-02 1.266231387853622437e-02 9.171692654490470886e-03 3.652081266045570374e-02 2.685359679162502289e-02 1.689988560974597931e-02 1.772932708263397217e-02 2.275261096656322479e-03 2.363013289868831635e-02 2.250902354717254639e-02 3.081512823700904846e-02 3.549643605947494507e-02 3.364992514252662659e-02 1.543532125651836395e-02 1.543226186186075211e-03 3.094160743057727814e-02 2.426845952868461609e-02 1.417213492095470428e-02 4.007863625884056091e-02 9.036927483975887299e-03 7.659671362489461899e-03 3.920697141438722610e-03 1.812906004488468170e-02 3.832817822694778442e-02 3.441666439175605774e-02 3.685960918664932251e-02 2.592236362397670746e-02
6.730110198259353638e-02 1.097817271947860718e-01 3.159258142113685608e-02 1.335433591157197952e-02 2.660849876701831818e-02 7.821143418550491333e-02 8.492156863212585449e-02 2.566268108785152435e-02 2.859536558389663696e-02 2.197319455444812775e-02 7.062699645757675171e-02 7.470359560102224350e-03 5.160405635833740234e-01 1.767811551690101624e-02 1.775274612009525299e-02 4.575707763433456421e-02 1.905214227735996246e-02 2.839593030512332916e-02 2.890948578715324402e-02 1.949836872518062592e-02 2.846991829574108124e-02 8.445839397609233856e-03 9.911619126796722412e-03 2.163173398002982140e-03 5.935302749276161194e-02 5.415760353207588196e-02 6.195984315127134323e-03 2.663137018680572510e-02 1.249930355697870255e-02 3.419135138392448425e-02 1.525485422462224960e-02 2.599271945655345917e-02 2.028656564652919769e-02 5.306909605860710144e-02 3.376184776425361633e-02 3.642944246530532837e-02 4.837935790419578552e-02 2.124995924532413483e-02 2.427110448479652405e-02 3.629764833021908998e-04 2.878113090991973877e-02 4.470292106270790100e-02 2.021728828549385071e-02 3.129469975829124451e-02 6.374911405146121979e-03 3.543592244386672974e-02 5.620089545845985413e-02 3.778860718011856079e-02 2.114512212574481964e-02 2.158102206885814667e-02 3.893711045384407043e-02 4.773617535829544067e-02 2.178385620936751366e-03 5.796450190246105194e-03 3.284260630607604980e-02 1.295284833759069443e-02 4.192011058330535889e-02 1.283236872404813766e-02 3.225069865584373474e-02 1.005858741700649261e-02 3.065014444291591644e-02 1.639129407703876495e-02 1.460873521864414215e-02 1.361074484884738922e-02 2.659334428608417511e-02 8.043726533651351929e-02 5.287201143801212311e-03 8.019035682082176208e-03 3.146846219897270203e-02 4.135961830615997314e-02 4.457493498921394348e-02 1.364138908684253693e-02 2.562955021858215332e-03 5.803675204515457153e-02 2.700928039848804474e-02 1.567798852920532227e-02 1.702058687806129456e-02 1.234056521207094193e-02 2.490679733455181122e-02 4.274467006325721741e-02 3.476047143340110779e-02 4.484387487173080444e-02 2.532060630619525909e-02 3.204535320401191711e-02 3.326513618230819702e-02 3.812010958790779114e-02 4.665001854300498962e-02 7.104097306728363037e-02 4.719838034361600876e-03 4.028064198791980743e-03 1.785509660840034485e-02 7.331291679292917252e-03 1.017064880579710007e-02 5.876472219824790955e-02 3.199495375156402588e-02 3.795510157942771912e-02 1.281665172427892685e-02 8.175745606422424316e-03 2.721935324370861053e-02 2.880756743252277374e-02 1.586678251624107361e-02 5.691580474376678467e-03 3.760639205574989319e-02 6.511700339615345001e-03 4.488129913806915283e-02 2.275330200791358948e-02 7.497150450944900513e-03 3.303910791873931885e-02 2.313539385795593262e-03 2.543912455439567566e-02 1.439549587666988373e-02 4.206407070159912109e-02 8.815102279186248779e-03 3.628512099385261536e-02 2.754669263958930969e-02 8.653431199491024017e-03
