5.064123868942260742e-01 1.588143557310104370e-01 3.703726828098297119e-02 1.113561261445283890e-02 3.965569660067558289e-02 1.384357810020446777e-01 7.423715293407440186e-02 4.108731076121330261e-02 4.137471318244934082e-02 3.627841128036379814e-03 2.036445438861846924e-01 1.913630840135738254e-04 5.673693493008613586e-02 4.035985469818115234e-02 5.213126167654991150e-02 3.154132515192031860e-02 1.962824538350105286e-02 4.072405025362968445e-02 8.098796941339969635e-03 1.231695432215929031e-02 3.494899719953536987e-02 3.017599694430828094e-02 6.870485097169876099e-02 5.045690387487411499e-02 1.869685202836990356e-02 6.877595558762550354e-03 2.765836752951145172e-02 2.778623998165130615e-02 2.337932959198951721e-02 1.048719603568315506e-02 4.085049405694007874e-02 4.222475364804267883e-02 2.516067400574684143e-02 1.789586804807186127e-02 1.462541706860065460e-02 5.782738700509071350e-02 6.042902544140815735e-02 1.376894768327474594e-02 3.712429106235504150e-02 2.987800911068916321e-02 2.861935459077358246e-02 3.509374707937240601e-02 1.925394870340824127e-02 2.154618874192237854e-02 3.224724158644676208e-02 3.938429802656173706e-02 1.222206205129623413e-01 2.789170295000076294e-02 1.681060343980789185e-02 2.411202527582645416e-02 3.484714403748512268e-02 1.721071451902389526e-02 2.314990758895874023e-02 5.531753413379192352e-03 7.324976846575737000e-03 4.350083321332931519e-02 3.194060921669006348e-02 3.936158120632171631e-02 3.756743296980857849e-02 3.093469701707363129e-02 4.203026741743087769e-02 2.356414496898651123e-02 9.548651985824108124e-03 2.951337024569511414e-02 8.404794149100780487e-03 2.790148742496967316e-02 1.348859351128339767e-02 7.259245030581951141e-03 1.686497824266552925e-03 4.523514583706855774e-02 3.581312671303749084e-02 2.367093786597251892e-02 3.926757350564002991e-02 3.084197267889976501e-02 1.907716318964958191e-02 1.063485816121101379e-02 3.378121182322502136e-02 3.556929901242256165e-02 1.096398849040269852e-02 9.146892465651035309e-03 1.710536517202854156e-02 8.978131809271872044e-04 1.541211921721696854e-02 1.963206101208925247e-03 3.299580886960029602e-02 2.186431735754013062e-02 4.262891784310340881e-02 1.851017773151397705e-02 9.981180541217327118e-03 2.289457991719245911e-02 2.523846551775932312e-02 3.960436210036277771e-02 3.859529271721839905e-03 3.153071925044059753e-02 3.778516128659248352e-02 1.426692120730876923e-02 2.274191193282604218e-02 2.091036736965179443e-02 5.199892073869705200e-02 6.270182132720947266e-02 1.120191346853971481e-02 3.464845474809408188e-03 2.601713873445987701e-02 8.075271733105182648e-03 1.999438554048538208e-02 4.867428168654441833e-02 2.747029298916459084e-03 8.320970460772514343e-03 2.348475903272628784e-02 7.677110843360424042e-03 1.093899086117744446e-02 2.636719681322574615e-02 4.045366949867457151e-04 4.110053926706314087e-02 2.223792980657890439e-04 9.068364161066710949e-04
1.588143557310104370e-01 4.977236390113830566e-01 2.269183471798896790e-02 1.705494150519371033e-02 2.107348665595054626e-02 6.081354245543479919e-02 1.095195710659027100e-01 2.331753633916378021e-02 1.447898708283901215e-02 3.756924718618392944e-02 1.017624065279960632e-01 3.296335041522979736e-02 1.296592950820922852e-01 2.981581026688218117e-03 1.252165995538234711e-03 7.220159471035003662e-02 6.426719576120376587e-02 1.016368344426155090e-02 7.223991677165031433e-03 3.644066676497459412e-02 7.711944170296192169e-03 4.517713561654090881e-02 4.909799993038177490e-02 2.212958969175815582e-02 1.495143212378025055e-02 2.517369017004966736e-02 2.623002603650093079e-02 2.942503616213798523e-02 2.642196044325828552e-02 3.137228265404701233e-02 4.568137601017951965e-02 1.511685270816087723e-02 1.534154918044805527e-02 9.715564548969268799e-03 3.782820701599121094e-02 7.513970136642456055e-02 1.080182939767837524e-01 2.273731492459774017e-02 2.766181528568267822e-02 2.176092192530632019e-02 2.320935204625129700e-02 1.842805370688438416e-02 3.750416263937950134e-02 5.414899904280900955e-03 4.808020219206809998e-02 9.660994634032249451e-03 2.034757658839225769e-02 4.136108234524726868e-02 2.926585637032985687e-02 1.328895427286624908e-02 2.212331071496009827e-02 7.295832037925720215e-03 3.478447347879409790e-02 4.489430785179138184e-02 2.683645859360694885e-02 3.863573074340820312e-02 3.429476916790008545e-02 9.800301864743232727e-03 2.471933513879776001e-02 3.294460475444793701e-02 3.815003857016563416e-02 4.406581446528434753e-02 2.649564296007156372e-02 1.005800161510705948e-02 4.617283120751380920e-02 3.672911226749420166e-02 2.614791272208094597e-03 1.177188195288181305e-02 8.566757664084434509e-03 1.781755313277244568e-02 6.045301910489797592e-03 3.903410583734512329e-02 3.661082312464714050e-02 3.254575282335281372e-02 2.408191002905368805e-02 1.511327456682920456e-02 9.580093435943126678e-03 2.750868722796440125e-02 3.701972216367721558e-02 3.950745239853858948e-02 3.118161670863628387e-02 1.803876459598541260e-02 3.443635627627372742e-02 3.514176979660987854e-02 1.989721693098545074e-02 2.313191443681716919e-02 3.511601686477661133e-02 4.311436787247657776e-02 6.756341084837913513e-03 3.136247023940086365e-02 1.600523479282855988e-02 1.869639009237289429e-02 1.838052645325660706e-02 5.266345292329788208e-02 1.276581175625324249e-02 3.120027668774127960e-02 7.779841870069503784e-02 1.336959190666675568e-02 1.329183112829923630e-03 3.857932053506374359e-03 1.563699729740619659e-02 3.203574195504188538e-02 9.065534919500350952e-03 2.187995426356792450e-02 2.243639528751373291e-02 3.624258562922477722e-02 2.586957998573780060e-03 2.049170900136232376e-03 1.004326064139604568e-02 2.144347876310348511e-02 4.892223700881004333e-02 3.544258326292037964e-02 1.413877960294485092e-02 1.167417597025632858e-02 1.995080336928367615e-02 3.532563103362917900e-03
3.703726828098297119e-02 2.269183471798896790e-02 4.863477051258087158e-01 3.020909242331981659e-02 2.256760187447071075e-02 1.146022789180278778e-02 4.781975410878658295e-03 6.616912037134170532e-02 2.410091273486614227e-02 5.202666297554969788e-02 3.962178155779838562e-02 4.642284661531448364e-02 6.147182080894708633e-03 5.433105863630771637e-03 2.833229303359985352e-02 6.497998256236314774e-03 2.353804931044578552e-02 8.651314303278923035e-03 1.057256199419498444e-02 3.123406693339347839e-02 3.782628476619720459e-02 1.944117806851863861e-02 1.427561417222023010e-02 3.297634795308113098e-02 7.961983210407197475e-04 4.329108051024377346e-04 1.488039083778858185e-02 4.911068826913833618e-02 8.975720964372158051e-03 4.631977900862693787e-02 5.572727881371974945e-03 3.622131794691085815e-02 1.162021793425083160e-02 4.489597678184509277e-02 7.173389662057161331e-03 2.133654989302158356e-02 1.788055337965488434e-02 1.398431044071912766e-02 7.490965072065591812e-03 5.820991471409797668e-03 7.876312360167503357e-03 5.407629162073135376e-02 5.651752464473247528e-03 1.220824010670185089e-02 1.978988572955131531e-02 1.803549192845821381e-02 1.026131026446819305e-02 1.094067096710205078e-02 3.142514452338218689e-02 1.331977732479572296e-02 1.817524991929531097e-02 1.482561696320772171e-02 2.119756489992141724e-02 9.708554483950138092e-03 1.627580635249614716e-02 4.150030016899108887e-02 1.385361608117818832e-02 1.860035350546240807e-03 2.956866053864359856e-03 1.250422676093876362e-03 2.348225750029087067e-02 8.026172406971454620e-03 2.626087702810764313e-02 2.451051212847232819e-02 3.576965257525444031e-02 4.769868776202201843e-02 3.314467892050743103e-02 3.089434653520584106e-02 9.842063300311565399e-03 2.903251722455024719e-02 3.457925841212272644e-02 1.905397512018680573e-02 1.710364781320095062e-02 5.840960890054702759e-02 2.754147723317146301e-02 2.586798928678035736e-02 3.910838067531585693e-02 3.843190148472785950e-02 2.429039217531681061e-02 1.271454244852066040e-02 4.178938269615173340e-02 9.117975831031799316e-03 1.352103706449270248e-02 1.950458809733390808e-02 2.131270989775657654e-02 1.193087454885244370e-02 1.650974899530410767e-02 5.818014591932296753e-02 9.024562314152717590e-03 1.376522146165370941e-02 4.366961866617202759e-02 2.373284846544265747e-02 1.756865344941616058e-02 4.077837243676185608e-02 2.637209184467792511e-02 1.203983672894537449e-03 5.842487444169819355e-04 1.495901308953762054e-02 3.962865471839904785e-02 9.104829281568527222e-03 3.007738105952739716e-02 9.981442242860794067e-03 1.419045589864253998e-02 3.573053702712059021e-02 4.519945755600929260e-02 5.292550846934318542e-02 9.869190864264965057e-03 3.919397294521331787e-02 3.637827187776565552e-02 2.465256117284297943e-02 1.237753406167030334e-02 1.858753710985183716e-02 3.305338323116302490e-02 2.453752234578132629e-02 1.565158180892467499e-02 3.381704539060592651e-02
1.113561261445283890e-02 1.705494150519371033e-02 3.020909242331981659e-02 4.788479208946228027e-01 4.190757498145103455e-02 4.095727112144231796e-03 1.954471133649349213e-02 3.746517747640609741e-02 7.249065209180116653e-03 2.941493410617113113e-03 3.117128089070320129e-02 1.017021108418703079e-02 2.638434804975986481e-02 4.614527896046638489e-02 1.356247463263571262e-03 9.679303504526615143e-03 1.665608608163893223e-03 6.204984616488218307e-03 3.687662631273269653e-02 1.123653911054134369e-02 4.908967763185501099e-03 4.693487659096717834e-03 2.182900719344615936e-02 1.764729805290699005e-02 6.862427573651075363e-03 2.110179886221885681e-02 1.920790964504703879e-04 8.017878048121929169e-03 1.306728343479335308e-03 4.838495049625635147e-03 2.716779708862304688e-02 3.279182827100157738e-03 4.220950603485107422e-02 2.843875810503959656e-02 1.332777459174394608e-02 3.683085367083549500e-02 2.275017090141773224e-02 8.084892295300960541e-03 4.446320235729217529e-02 1.008621882647275925e-03 2.206621691584587097e-02 3.226489201188087463e-02 3.693161066621541977e-03 3.304624930024147034e-02 1.594843715429306030e-02 1.699934341013431549e-02 3.793301805853843689e-02 2.063152566552162170e-02 3.593084216117858887e-02 4.354118555784225464e-02 5.092572420835494995e-03 1.600737683475017548e-02 2.411306090652942657e-02 5.395045038312673569e-03 2.731280401349067688e-02 2.513729594647884369e-02 1.231173798441886902e-02 3.270053490996360779e-02 2.563486061990261078e-02 1.280122529715299606e-02 5.477378144860267639e-02 3.340519964694976807e-02 1.942085102200508118e-02 1.967769116163253784e-02 3.451225534081459045e-02 9.263474494218826294e-03 9.458103450015187263e-04 2.079441025853157043e-02 9.302107617259025574e-03 4.913033451884984970e-03 1.812104135751724243e-02 5.012440495193004608e-03 1.198612749576568604e-01 1.550067495554685593e-02 8.816903084516525269e-02 4.247871227562427521e-03 1.183110103011131287e-02 3.087207488715648651e-02 2.546228654682636261e-02 2.760814130306243896e-02 2.475789934396743774e-02 4.055317118763923645e-02 9.806896559894084930e-03 5.138333886861801147e-02 1.288779545575380325e-02 1.146339997649192810e-02 2.270807698369026184e-02 1.167701091617345810e-02 2.430259436368942261e-02 1.894514262676239014e-02 2.242374420166015625e-02 8.277981542050838470e-03 2.230749465525150299e-02 1.356592867523431778e-02 1.677456684410572052e-02 1.217345357872545719e-03 3.226483240723609924e-03 1.204680930823087692e-02 4.454415664076805115e-02 2.668566070497035980e-02 3.972570970654487610e-02 3.328348742797970772e-03 1.076497137546539307e-02 2.169060520827770233e-02 3.279254585504531860e-02 3.359474986791610718e-02 9.821880608797073364e-03 3.044152446091175079e-02 4.220614209771156311e-02 3.148946911096572876e-02 1.048028934746980667e-02 2.819188637658953667e-03 3.822740167379379272e-02 1.842003874480724335e-02 1.051007956266403198e-02 4.712691903114318848e-02
3.965569660067558289e-02 2.107348665595054626e-02 2.256760187447071075e-02 4.190757498145103455e-02 4.955502748489379883e-01 9.343628771603107452e-03 1.579055190086364746e-02 3.858971223235130310e-02 4.946437478065490723e-02 1.075133122503757477e-02 1.928256638348102570e-02 1.604925468564033508e-02 4.536996781826019287e-02 2.339121140539646149e-02 2.919178828597068787e-02 1.893339119851589203e-02 9.566820226609706879e-03 8.558375993743538857e-04 7.123271375894546509e-02 1.994700729846954346e-02 2.587532252073287964e-02 1.460432726889848709e-02 2.571536600589752197e-02 4.615971818566322327e-02 4.693924635648727417e-02 3.682511672377586365e-02 2.724031731486320496e-02 1.299345772713422775e-02 1.557108853012323380e-02 1.059915404766798019e-02 2.885122597217559814e-02 3.020990453660488129e-02 2.347202412784099579e-02 3.203799575567245483e-02 7.183296140283346176e-03 1.178797613829374313e-02 1.695097773335874081e-03 5.265911575406789780e-03 7.440501940436661243e-04 3.505965322256088257e-02 1.146281603723764420e-02 3.151688724756240845e-02 1.116284728050231934e-02 4.024251550436019897e-02 1.778864488005638123e-02 1.316239684820175171e-02 3.295201063156127930e-02 3.004621714353561401e-02 1.761108078062534332e-02 3.732316568493843079e-02 3.282991796731948853e-02 1.233368832617998123e-02 2.422027289867401123e-02 5.890252534300088882e-03 4.881557449698448181e-02 2.288508601486682892e-02 2.562544774264097214e-03 4.266264382749795914e-03 1.188243459910154343e-02 9.813805110752582550e-03 2.593609690666198730e-02 5.532419309020042419e-02 2.076700143516063690e-02 2.226568385958671570e-02 2.226442284882068634e-02 1.315217372030019760e-02 2.482636086642742157e-02 2.292556688189506531e-03 1.366020459681749344e-02 1.103472057729959488e-02 1.802666671574115753e-02 1.452915929257869720e-02 7.223461568355560303e-02 3.097565472126007080e-02 9.479954093694686890e-02 4.123522713780403137e-02 1.498467754572629929e-02 1.456446107476949692e-02 3.212412819266319275e-02 2.555389143526554108e-02 3.304407000541687012e-02 4.990039393305778503e-02 3.467605262994766235e-02 1.113346964120864868e-01 3.250693157315254211e-02 3.359627351164817810e-02 3.455146402120590210e-02 6.176326889544725418e-03 1.568336971104145050e-03 9.973171167075634003e-03 2.432247251272201538e-02 9.218479506671428680e-03 2.935981843620538712e-03 1.264598406851291656e-02 9.302999824285507202e-03 2.183447778224945068e-02 1.314187608659267426e-02 2.433835528790950775e-02 6.902958266437053680e-03 1.563801616430282593e-02 1.434324216097593307e-02 1.235208939760923386e-02 1.526231504976749420e-02 2.160972071578726172e-04 3.434849530458450317e-02 3.450167924165725708e-02 4.186654463410377502e-02 3.320015035569667816e-03 5.393514409661293030e-03 1.145587023347616196e-02 2.644002623856067657e-02 1.134308148175477982e-02 2.309916075319051743e-03 7.230341434478759766e-03 3.398150205612182617e-02 3.050388582050800323e-02
1.384357810020446777e-01 6.081354245543479919e-02 1.146022789180278778e-02 4.095727112144231796e-03 9.343628771603107452e-03 5.083069801330566406e-01 2.038535326719284058e-01 3.312240540981292725e-02 4.234668239951133728e-02 2.118531055748462677e-02 9.499649703502655029e-02 6.343976128846406937e-04 6.138763390481472015e-03 5.615779757499694824e-02 2.495740912854671478e-02 2.066172100603580475e-02 2.957244403660297394e-02 4.084813594818115234e-02 7.639846764504909515e-03 4.747257381677627563e-02 4.378100857138633728e-02 1.295897830277681351e-02 2.196397446095943451e-02 1.852548122406005859e-02 1.197095774114131927e-02 3.931672126054763794e-02 5.760698579251766205e-03 1.544621493667364120e-02 7.094474881887435913e-02 3.155796788632869720e-03 4.336255043745040894e-02 8.766277693212032318e-03 2.926618605852127075e-02 1.945885829627513885e-02 3.479968383908271790e-02 6.517329718917608261e-03 2.575290948152542114e-02 1.458303350955247879e-02 3.654886409640312195e-02 7.697884459048509598e-03 4.148928076028823853e-02 3.347119316458702087e-02 2.652561850845813751e-02 3.928861394524574280e-02 1.051304768770933151e-02 2.670759148895740509e-02 1.841941475868225098e-01 2.073861658573150635e-02 2.078715711832046509e-03 2.354734577238559723e-02 4.267055541276931763e-02 4.155877605080604553e-02 8.054530248045921326e-03 3.110747225582599640e-02 2.857181616127490997e-02 1.132023520767688751e-02 3.600286319851875305e-02 2.406153827905654907e-02 5.587851046584546566e-04 3.084809146821498871e-02 5.672514904290437698e-03 4.236466810107231140e-02 1.871481910347938538e-02 3.184306994080543518e-02 4.572377353906631470e-02 7.874525152146816254e-03 9.935663081705570221e-03 5.741992034018039703e-03 3.136583417654037476e-02 4.606753215193748474e-02 6.260971073061227798e-03 2.056040102615952492e-03 3.451348748058080673e-03 5.825580563396215439e-03 2.907444722950458527e-02 4.512669052928686142e-03 5.153398588299751282e-02 3.664577379822731018e-02 2.552025392651557922e-02 2.452143281698226929e-02 4.997494071722030640e-02 4.111827909946441650e-02 1.399035565555095673e-02 2.008751034736633301e-02 9.930162690579891205e-03 6.999137252569198608e-02 3.807350993156433105e-02 1.725701987743377686e-02 2.660111524164676666e-02 3.180568665266036987e-02 1.280690729618072510e-02 1.516323722898960114e-02 1.711334101855754852e-02 3.349687159061431885e-02 1.160064153373241425e-02 2.054465562105178833e-02 3.705477714538574219e-02 7.104018237441778183e-03 4.973223805427551270e-02 2.241753600537776947e-02 1.799203571863472462e-03 2.177749574184417725e-02 3.878569230437278748e-02 4.692415520548820496e-02 2.275380678474903107e-02 5.013380199670791626e-03 1.905220560729503632e-02 3.191642696037888527e-03 7.895812392234802246e-03 2.693124301731586456e-02 2.445838972926139832e-02 2.404929697513580322e-02 4.036175459623336792e-02 2.461217530071735382e-02 3.370127826929092407e-02 4.355913773179054260e-02
7.423715293407440186e-02 1.095195710659027100e-01 4.781975410878658295e-03 1.954471133649349213e-02 1.579055190086364746e-02 2.038535326719284058e-01 5.083488225936889648e-01 1.603010110557079315e-02 2.608694136142730713e-02 1.354852877557277679e-02 5.523182824254035950e-02 2.743834443390369415e-02 8.635635487735271454e-03 9.056191146373748779e-02 2.721306681632995605e-02 1.801612600684165955e-02 3.778008371591567993e-02 2.493181638419628143e-02 3.754875808954238892e-02 1.937244273722171783e-02 1.329479739069938660e-02 3.605638071894645691e-02 5.508193280547857285e-03 5.259946919977664948e-03 3.264408931136131287e-02 3.238769620656967163e-02 1.351941563189029694e-02 9.759003296494483948e-03 4.498496651649475098e-03 8.327431045472621918e-03 6.758223287761211395e-03 6.306953262537717819e-03 3.855742886662483215e-02 8.030484430491924286e-03 4.006979614496231079e-02 3.485979745164513588e-03 2.741564251482486725e-02 2.206352911889553070e-02 2.515898784622550011e-03 4.995603859424591064e-02 3.402014821767807007e-02 4.051949083805084229e-02 2.685414813458919525e-02 1.858208142220973969e-02 5.686331540346145630e-02 6.454735994338989258e-02 1.388763338327407837e-01 1.550256609916687012e-01 7.074900902807712555e-03 4.860219359397888184e-02 2.303545549511909485e-02 1.863178610801696777e-02 6.987363565713167191e-03 3.278861567378044128e-02 1.281359326094388962e-02 1.586326397955417633e-02 2.668755315244197845e-02 1.666062884032726288e-02 8.335758931934833527e-03 7.068397477269172668e-03 5.810857401229441166e-04 3.854126110672950745e-02 4.941550083458423615e-03 1.046254392713308334e-02 4.811035469174385071e-02 1.052329968661069870e-02 1.893233158625662327e-03 1.076596602797508240e-02 5.150489136576652527e-02 4.406746849417686462e-02 7.670514751225709915e-04 1.147880498319864273e-02 2.536028809845447540e-02 3.280813992023468018e-02 3.859351947903633118e-02 2.167289890348911285e-02 1.818843185901641846e-02 6.288886070251464844e-03 4.532475769519805908e-02 3.703469410538673401e-02 3.605614230036735535e-02 2.267474122345447540e-02 3.248938173055648804e-02 4.338594153523445129e-02 2.673370949923992157e-02 5.491032078862190247e-02 4.055232927203178406e-02 1.609412394464015961e-02 2.498067915439605713e-02 8.670888096094131470e-02 2.741668000817298889e-02 9.787436574697494507e-04 3.399980813264846802e-02 3.575184941291809082e-02 2.711454220116138458e-02 4.715928807854652405e-02 1.049990858882665634e-02 1.942138560116291046e-02 1.750830747187137604e-02 1.595937274396419525e-02 2.614520117640495300e-02 7.987103424966335297e-03 4.475492611527442932e-02 4.854394122958183289e-02 6.394813302904367447e-03 1.471139676868915558e-02 3.044926375150680542e-02 1.076901331543922424e-02 6.850368343293666840e-03 2.864211425185203552e-02 1.559638138860464096e-02 2.487479895353317261e-02 3.288063406944274902e-02 2.942044287919998169e-02 4.490963369607925415e-02 2.811803482472896576e-02
4.108731076121330261e-02 2.331753633916378021e-02 6.616912037134170532e-02 3.746517747640609741e-02 3.858971223235130310e-02 3.312240540981292725e-02 1.603010110557079315e-02 5.060108304023742676e-01 2.493281103670597076e-02 3.520062193274497986e-02 1.516075804829597473e-02 3.368965908885002136e-02 1.371114607900381088e-02 3.350593894720077515e-02 1.203345581889152527e-01 1.753102289512753487e-03 4.269453696906566620e-03 2.201953157782554626e-02 3.206769376993179321e-02 2.203516289591789246e-02 1.055916678160429001e-02 5.639091506600379944e-02 3.003827296197414398e-02 2.151605300605297089e-02 5.954027641564607620e-03 1.380008831620216370e-02 3.841841220855712891e-02 2.503770031034946442e-02 1.865975558757781982e-02 2.506945654749870300e-02 4.352681711316108704e-02 2.171829529106616974e-02 6.098383106291294098e-03 2.249271795153617859e-02 4.921986721456050873e-03 5.344603210687637329e-02 3.724458813667297363e-02 3.115698695182800293e-02 4.924652166664600372e-03 8.175396360456943512e-03 1.551689021289348602e-02 4.259928688406944275e-02 6.332525517791509628e-03 2.037534490227699280e-02 1.872124709188938141e-02 4.179086908698081970e-02 3.362854197621345520e-02 3.720741719007492065e-03 2.273411862552165985e-02 2.359184809029102325e-02 2.336927689611911774e-02 4.010193049907684326e-02 1.743688806891441345e-02 4.146503657102584839e-02 9.642427787184715271e-03 1.008522510528564453e-02 7.670257240533828735e-03 1.402685418725013733e-02 4.710808023810386658e-02 4.497580975294113159e-02 3.250605659559369087e-03 6.837029941380023956e-03 1.847203006036579609e-03 1.250535994768142700e-02 1.093540433794260025e-02 3.440879518166184425e-03 7.811452262103557587e-03 1.698650419712066650e-02 4.087433218955993652e-02 2.588982135057449341e-02 3.857766091823577881e-02 5.064332392066717148e-03 3.807450085878372192e-02 1.081590168178081512e-02 4.036149010062217712e-02 2.687261626124382019e-02 4.648549109697341919e-02 1.402827538549900055e-02 1.921565644443035126e-02 2.502378076314926147e-02 6.806601583957672119e-02 8.970510959625244141e-02 3.362380713224411011e-02 2.175537683069705963e-02 3.447171300649642944e-02 1.228070934303104877e-03 7.593957334756851196e-02 6.560467183589935303e-02 2.694540843367576599e-02 6.863069720566272736e-03 2.518059313297271729e-02 1.511575281620025635e-02 3.072496131062507629e-02 1.591580174863338470e-02 2.366088330745697021e-02 6.824840093031525612e-04 2.490622736513614655e-02 1.618723943829536438e-02 2.740287454798817635e-03 4.315491020679473877e-02 6.752149667590856552e-03 1.388098858296871185e-02 2.512540481984615326e-02 2.509010769426822662e-02 1.534935925155878067e-02 2.843659836798906326e-03 6.871230900287628174e-03 1.444979757070541382e-02 1.397418905980885029e-03 5.399588844738900661e-04 3.488047420978546143e-02 2.109824493527412415e-02 2.198680117726325989e-02 1.602278277277946472e-02 4.623030126094818115e-02 5.128973722457885742e-02
4.137471318244934082e-02 1.447898708283901215e-02 2.410091273486614227e-02 7.249065209180116653e-03 4.946437478065490723e-02 4.234668239951133728e-02 2.608694136142730713e-02 2.493281103670597076e-02 5.020349621772766113e-01 7.963258773088455200e-02 5.840180441737174988e-03 3.502597287297248840e-02 1.647773757576942444e-02 2.884848229587078094e-02 1.011629030108451843e-02 1.527026388794183731e-02 4.029060900211334229e-02 2.281639026477932930e-03 3.785357996821403503e-02 2.747427299618721008e-02 9.196504019200801849e-03 4.530681297183036804e-03 8.621942251920700073e-03 3.299402445554733276e-02 1.113965082913637161e-02 4.524352401494979858e-02 1.907646283507347107e-02 3.731818497180938721e-02 1.442446839064359665e-02 2.837702818214893341e-02 2.094141766428947449e-02 4.517317190766334534e-02 4.227723181247711182e-02 4.999724030494689941e-02 3.465891256928443909e-02 3.853860870003700256e-02 2.155874669551849365e-02 3.059737198054790497e-02 2.724092081189155579e-02 4.920112341642379761e-02 6.255547050386667252e-03 3.639962151646614075e-02 2.019874006509780884e-02 3.214868158102035522e-02 2.876459388062357903e-03 5.551401060074567795e-03 1.323242951184511185e-02 4.847700521349906921e-02 4.333388805389404297e-02 1.553125120699405670e-02 4.491224139928817749e-02 2.294488810002803802e-02 3.838735818862915039e-02 4.476339742541313171e-02 9.136460721492767334e-02 8.510938845574855804e-03 4.002713784575462341e-02 1.979873701930046082e-02 3.166011348366737366e-02 4.332910478115081787e-02 9.524268098175525665e-03 1.954189501702785492e-02 2.546420320868492126e-02 1.342966500669717789e-02 1.624955795705318451e-02 3.435036540031433105e-02 1.934515871107578278e-02 1.451461110264062881e-02 4.901801049709320068e-02 1.186412479728460312e-02 1.588211394846439362e-02 3.015215881168842316e-02 1.529881847091019154e-03 4.922001808881759644e-02 1.114487461745738983e-02 3.055019862949848175e-02 9.653283655643463135e-02 7.537023723125457764e-02 9.133941680192947388e-02 8.175942301750183105e-02 3.821329399943351746e-02 5.837914533913135529e-03 3.228032961487770081e-02 5.916941910982131958e-03 3.866738453507423401e-02 4.597076773643493652e-02 7.504648063331842422e-03 9.543707594275474548e-03 4.997947067022323608e-02 6.822334602475166321e-03 3.935144469141960144e-02 1.869688712758943439e-04 2.856370760127902031e-03 4.056499898433685303e-02 2.701805718243122101e-02 2.578016743063926697e-02 3.233089298009872437e-02 3.160409396514296532e-03 3.046873025596141815e-02 3.697508573532104492e-02 4.153727367520332336e-02 1.990688778460025787e-02 1.246953615918755531e-03 1.313586067408323288e-02 4.813608154654502869e-02 4.525057598948478699e-02 3.545418381690979004e-02 1.532778143882751465e-03 2.735881321132183075e-02 2.948670461773872375e-02 2.858456410467624664e-02 2.918889187276363373e-02 2.359277196228504181e-02 4.812638508155941963e-04 2.550441212952136993e-02 1.340211275964975357e-02
3.627841128036379814e-03 3.756924718618392944e-02 5.202666297554969788e-02 2.941493410617113113e-03 1.075133122503757477e-02 2.118531055748462677e-02 1.354852877557277679e-02 3.520062193274497986e-02 7.963258773088455200e-02 5.082472562789916992e-01 1.865056902170181274e-02 1.548544503748416901e-02 4.093634709715843201e-02 8.236690424382686615e-03 2.575331367552280426e-02 1.111455541104078293e-02 8.334565907716751099e-03 2.045677229762077332e-02 2.968172542750835419e-02 1.154980994760990143e-02 1.347697339951992035e-02 3.919019654858857393e-04 1.319704204797744751e-02 2.382506802678108215e-02 9.505596011877059937e-03 4.601353406906127930e-02 9.982464835047721863e-03 1.698967628180980682e-02 2.472236379981040955e-02 2.240263111889362335e-02 3.235132992267608643e-02 3.183409944176673889e-02 4.597834125161170959e-02 2.875872328877449036e-02 1.438103336840867996e-02 2.881483919918537140e-02 4.097286239266395569e-02 2.797653153538703918e-02 8.771034888923168182e-03 5.287050455808639526e-02 7.606854196637868881e-04 3.476984798908233643e-02 1.775006204843521118e-02 1.137175131589174271e-02 4.452210851013660431e-03 8.976311655715107918e-04 1.775135286152362823e-02 3.602078184485435486e-02 1.349867600947618484e-02 2.323941327631473541e-02 2.750270068645477295e-02 1.803988404572010040e-02 7.393669802695512772e-03 1.881761662662029266e-02 4.229699820280075073e-02 4.061470925807952881e-02 3.066978603601455688e-02 6.900025065988302231e-03 1.475680898874998093e-02 9.179363027215003967e-03 1.103150844573974609e-02 8.699857629835605621e-03 2.412801608443260193e-02 3.288587555289268494e-02 1.216644141823053360e-02 3.025771491229534149e-02 3.471597656607627869e-02 4.512220621109008789e-02 2.231107093393802643e-02 1.243909168988466263e-02 3.341845422983169556e-02 4.828689619898796082e-02 2.907535061240196228e-02 3.841217840090394020e-04 6.448141764849424362e-03 4.076791554689407349e-02 3.891480714082717896e-02 8.864532411098480225e-02 5.046463012695312500e-02 5.919704213738441467e-02 2.753729186952114105e-02 1.398932933807373047e-02 4.322891309857368469e-02 9.804124943912029266e-03 2.479967288672924042e-02 3.869059309363365173e-02 2.287753857672214508e-03 8.980069309473037720e-03 4.468916356563568115e-02 2.369251474738121033e-02 1.453819591552019119e-02 4.111278802156448364e-03 3.140308335423469543e-02 7.584745530039072037e-03 4.379072785377502441e-02 3.887123987078666687e-02 1.126694120466709137e-02 2.697331830859184265e-02 3.262697905302047729e-02 6.264864653348922729e-02 1.480219047516584396e-02 5.289074033498764038e-03 1.380871108267456293e-04 9.966255165636539459e-04 3.910839185118675232e-02 3.396082296967506409e-02 3.932278975844383240e-02 6.535930559039115906e-03 3.599949181079864502e-02 1.229406893253326416e-02 5.412866547703742981e-02 4.239733144640922546e-02 2.594154328107833862e-03 2.347552776336669922e-02 5.600649397820234299e-03 1.146812736988067627e-02
2.036445438861846924e-01 1.017624065279960632e-01 3.962178155779838562e-02 3.117128089070320129e-02 1.928256638348102570e-02 9.499649703502655029e-02 5.523182824254035950e-02 1.516075804829597473e-02 5.840180441737174988e-03 1.865056902170181274e-02 5.064430832862854004e-01 1.366962492465972900e-02 1.230939701199531555e-01 3.596819937229156494e-02 4.238767921924591064e-02 5.177016835659742355e-03 2.249047532677650452e-02 3.072670847177505493e-02 1.624164357781410217e-02 3.101301845163106918e-03 4.743305500596761703e-03 2.753273583948612213e-02 4.050658643245697021e-02 1.557830628007650375e-02 2.906512841582298279e-02 5.766540998592972755e-04 3.706515580415725708e-02 5.247379466891288757e-02 3.877376019954681396e-02 4.500022530555725098e-02 3.353937296196818352e-03 2.310572005808353424e-02 1.877535134553909302e-02 4.393583536148071289e-02 3.683002293109893799e-02 1.402364694513380527e-03 1.429466344416141510e-02 8.826499804854393005e-03 5.774843972176313400e-03 1.399074308574199677e-02 1.957481354475021362e-02 4.858011379837989807e-02 2.790306322276592255e-02 3.824471309781074524e-02 4.732488840818405151e-02 1.673226431012153625e-02 1.278237253427505493e-01 2.418180741369724274e-02 4.528199508786201477e-02 2.393924444913864136e-02 9.386919438838958740e-03 1.165379770100116730e-02 5.366266146302223206e-02 1.390958391129970551e-02 5.369860213249921799e-03 3.345230221748352051e-02 2.317871339619159698e-02 3.775699809193611145e-02 2.090647071599960327e-02 1.881430740468204021e-03 2.930229529738426208e-02 4.472351446747779846e-02 1.831088215112686157e-02 1.841098442673683167e-02 1.290008611977100372e-02 3.838942945003509521e-02 1.974724605679512024e-02 1.933577284216880798e-02 1.231761369854211807e-02 3.445962071418762207e-02 4.610437527298927307e-02 2.684642001986503601e-02 7.504520006477832794e-03 3.230046480894088745e-02 4.622863233089447021e-02 7.122595794498920441e-03 2.432674355804920197e-02 2.807745523750782013e-02 2.531680837273597717e-02 3.263720124959945679e-02 3.872137516736984253e-02 2.261956967413425446e-02 2.663117274641990662e-02 2.980591263622045517e-03 1.870275102555751801e-02 3.881890326738357544e-02 2.060388773679733276e-02 5.059532821178436279e-02 1.411410886794328690e-02 1.759598031640052795e-03 4.480812698602676392e-03 8.410016889683902264e-04 1.449915580451488495e-03 5.039845593273639679e-03 1.943597197532653809e-02 4.701147228479385376e-02 6.739541888236999512e-03 2.613758668303489685e-02 4.696637392044067383e-02 4.253154620528221130e-02 5.044007301330566406e-02 3.257485479116439819e-02 1.979862339794635773e-02 2.514514885842800140e-02 3.768989816308021545e-02 1.696959510445594788e-02 1.365398708730936050e-02 1.015268266201019287e-02 8.322158828377723694e-03 8.012952748686075211e-04 3.818667260929942131e-03 4.298907518386840820e-02 1.743518933653831482e-02 1.756219752132892609e-02 3.789375722408294678e-02 9.876663796603679657e-03
1.913630840135738254e-04 3.296335041522979736e-02 4.642284661531448364e-02 1.017021108418703079e-02 1.604925468564033508e-02 6.343976128846406937e-04 2.743834443390369415e-02 3.368965908885002136e-02 3.502597287297248840e-02 1.548544503748416901e-02 1.366962492465972900e-02 5.228027105331420898e-01 4.792179167270660400e-02 1.388552039861679077e-01 2.585705928504467010e-02 1.883345656096935272e-02 2.427472360432147980e-02 1.375994924455881119e-02 7.572425995022058487e-03 2.331594564020633698e-02 2.267524600028991699e-02 4.389829002320766449e-03 6.246669590473175049e-02 4.562811926007270813e-02 3.757582604885101318e-02 1.102475728839635849e-02 3.968904539942741394e-02 9.312594681978225708e-02 1.894230209290981293e-02 8.374866843223571777e-02 1.895495317876338959e-02 2.504828386008739471e-02 3.183805197477340698e-02 2.728509157896041870e-02 5.064313299953937531e-03 3.251767531037330627e-02 3.010907582938671112e-02 3.044975921511650085e-02 4.140793532133102417e-02 3.956391662359237671e-02 9.276015684008598328e-03 1.520754490047693253e-02 5.612963065505027771e-02 1.538443937897682190e-02 8.597198128700256348e-02 4.879788681864738464e-02 1.336592016741633415e-03 5.319256708025932312e-02 9.646422229707241058e-03 5.360599607229232788e-02 7.290207780897617340e-03 3.384930640459060669e-02 4.499143734574317932e-02 4.508933424949645996e-02 3.134643658995628357e-02 4.349312931299209595e-02 3.653660416603088379e-02 7.636920083314180374e-03 4.593515768647193909e-02 3.092676214873790741e-02 4.272681102156639099e-02 5.174918472766876221e-02 2.932317927479743958e-02 3.266091272234916687e-02 2.197671867907047272e-02 5.914597306400537491e-03 2.572829835116863251e-02 5.338035058230161667e-03 2.305187657475471497e-02 4.173026978969573975e-02 1.393419131636619568e-02 5.834111943840980530e-02 1.234676595777273178e-02 3.539308533072471619e-02 3.077881969511508942e-02 4.540436714887619019e-02 7.623691856861114502e-02 4.771377518773078918e-02 6.534326076507568359e-02 3.799206763505935669e-02 1.186048379167914391e-03 8.190443739295005798e-03 3.213161975145339966e-02 2.165807224810123444e-02 5.518181249499320984e-03 6.959660910069942474e-03 1.807821169495582581e-02 1.269409712404012680e-02 1.288810074329376221e-01 1.065618097782135010e-01 1.736287772655487061e-02 2.924738079309463501e-02 1.294104568660259247e-02 8.448997512459754944e-03 4.841587692499160767e-02 3.897306695580482483e-02 2.028756588697433472e-02 1.753167621791362762e-02 7.867645472288131714e-03 2.422917447984218597e-02 3.763397037982940674e-02 2.782385237514972687e-02 1.337928930297493935e-03 7.247182540595531464e-03 3.679826110601425171e-02 2.819862216711044312e-02 3.808254748582839966e-02 7.452860008925199509e-03 1.877978444099426270e-02 8.914032950997352600e-03 1.776064047589898109e-03 2.517712675034999847e-02 1.890884898602962494e-02 2.616054750978946686e-02 3.885138779878616333e-02 3.114079125225543976e-02
5.673693493008613586e-02 1.296592950820922852e-01 6.147182080894708633e-03 2.638434804975986481e-02 4.536996781826019287e-02 6.138763390481472015e-03 8.635635487735271454e-03 1.371114607900381088e-02 1.647773757576942444e-02 4.093634709715843201e-02 1.230939701199531555e-01 4.792179167270660400e-02 4.966491758823394775e-01 2.152355387806892395e-02 2.838389575481414795e-02 2.605195622891187668e-03 1.720414869487285614e-02 4.576676711440086365e-02 6.057961378246545792e-03 1.013813074678182602e-03 3.352159634232521057e-02 3.991109877824783325e-02 1.348283793777227402e-02 2.466235123574733734e-02 2.492791973054409027e-02 1.032430864870548248e-02 2.728598378598690033e-02 4.703380167484283447e-02 9.028059989213943481e-02 3.330160677433013916e-02 5.562770366668701172e-02 3.351144120097160339e-02 1.905542239546775818e-02 4.816333577036857605e-02 3.027075901627540588e-02 1.945200748741626740e-02 1.383629534393548965e-02 3.743037953972816467e-02 7.925660349428653717e-03 4.703128710389137268e-02 6.894417572766542435e-03 4.661548510193824768e-02 4.642547108232975006e-03 2.602062001824378967e-02 4.488242417573928833e-02 1.073272433131933212e-03 5.315366759896278381e-02 7.320135831832885742e-02 3.076596930623054504e-02 3.287753090262413025e-02 1.377929281443357468e-02 2.567012421786785126e-02 4.440127871930599213e-03 2.010935917496681213e-03 4.027015715837478638e-02 3.980985283851623535e-02 4.157751053571701050e-02 1.344860717654228210e-02 1.778916455805301666e-02 1.211033761501312256e-02 6.891655270010232925e-03 3.110930509865283966e-02 3.468167409300804138e-02 4.493124317377805710e-03 5.343113094568252563e-02 8.439844101667404175e-02 1.330081932246685028e-02 7.620469201356172562e-03 3.122862428426742554e-02 2.718568406999111176e-02 4.428604990243911743e-02 8.069172501564025879e-03 1.418156083673238754e-02 2.267365902662277222e-02 7.054194808006286621e-03 5.245792120695114136e-02 4.510068148374557495e-02 2.150576934218406677e-02 1.586634106934070587e-02 9.656984359025955200e-03 3.539650235325098038e-03 2.582513913512229919e-02 4.515840113162994385e-02 4.213904216885566711e-02 3.302074596285820007e-02 4.208269715309143066e-02 2.238217368721961975e-02 6.953789293766021729e-02 9.991401806473731995e-03 3.258029371500015259e-02 1.069261580705642700e-01 3.863700665533542633e-03 9.360337257385253906e-02 6.187652423977851868e-02 3.849438205361366272e-02 1.988755166530609131e-02 1.110494229942560196e-02 1.641802489757537842e-02 5.154002457857131958e-02 3.073504567146301270e-02 4.897789284586906433e-02 4.123115167021751404e-02 5.117860063910484314e-02 5.262227728962898254e-02 4.717130959033966064e-02 4.982846789062023163e-03 3.681017085909843445e-02 2.625788003206253052e-02 3.035912290215492249e-02 2.113534696400165558e-02 1.370693277567625046e-02 3.022805973887443542e-02 3.387791663408279419e-02 2.225898392498493195e-02 1.211329549551010132e-02 3.740730136632919312e-02
