5.286207795143127441e-01 1.339094042778015137e-01 1.489142794162034988e-02 2.275005355477333069e-02 1.116901542991399765e-02 6.535376608371734619e-02 3.126417100429534912e-02 2.663497813045978546e-02 2.735125273466110229e-02 2.913691848516464233e-02 1.069340631365776062e-01 2.097887452691793442e-03 9.691522270441055298e-02 1.220306102186441422e-02 4.427719488739967346e-02 4.897356964647769928e-03 5.942285526543855667e-03 3.564766794443130493e-02 2.012364193797111511e-02 3.363322757650166750e-04 9.542319923639297485e-03 2.755688317120075226e-02 1.622784882783889771e-02 3.454509656876325607e-03 2.211158163845539093e-02 2.981533110141754150e-02 3.338507935404777527e-02 8.297025226056575775e-03 2.214059047400951385e-02 2.628724789246916771e-03 3.290138393640518188e-02 2.644892781972885132e-02 1.282680593430995941e-02 4.134023562073707581e-02 3.451081365346908569e-02 3.135340288281440735e-02 4.027520492672920227e-02 4.530413821339607239e-02 3.205638006329536438e-02 3.775489330291748047e-02 4.996846988797187805e-02 5.324220401234924793e-04 3.293522447347640991e-02 3.305640816688537598e-02 1.814370974898338318e-02 4.113579913973808289e-02 4.380232468247413635e-02 3.622042760252952576e-02 4.273971542716026306e-02 6.431096233427524567e-03 1.541391387581825256e-02 2.483550272881984711e-02 4.726970102638006210e-03 2.164819277822971344e-02 3.602388873696327209e-02 1.717615313827991486e-02 1.597568392753601074e-02 3.297854214906692505e-02 3.587552928365767002e-04 3.981634974479675293e-03 4.642769321799278259e-02 2.234230563044548035e-02 2.819938026368618011e-02 4.508647695183753967e-02 8.375369943678379059e-04 1.425399444997310638e-02 5.450756289064884186e-03 8.351670112460851669e-04 5.089197773486375809e-03 1.028025429695844650e-02 1.899188198149204254e-02 3.974165767431259155e-03 4.772859625518321991e-03 8.488525636494159698e-03 8.329438045620918274e-03 2.132466621696949005e-02 5.522747058421373367e-03 4.334012791514396667e-02 1.764903427101671696e-03 2.289519086480140686e-02 9.700682945549488068e-03 1.413281261920928955e-02 3.295206278562545776e-02 3.870058106258511543e-03 1.018755044788122177e-02 3.631826490163803101e-02 1.964872330427169800e-02 1.157169975340366364e-02 2.223950996994972229e-02 3.088936209678649902e-02 6.036653183400630951e-03 2.055531367659568787e-02 5.247411900199949741e-04 2.546435594558715820e-02 2.999068237841129303e-02 3.907739301212131977e-05 1.368458196520805359e-02 1.106846029870212078e-03 1.920201815664768219e-02 2.249628864228725433e-02 1.954348385334014893e-02 5.923721008002758026e-03 3.290849179029464722e-02 1.750037260353565216e-02 2.643441222608089447e-02 3.359681367874145508e-02 5.695180967450141907e-02 3.951381426304578781e-03 2.011361531913280487e-02 3.241260722279548645e-02 3.360135480761528015e-02 2.241135388612747192e-02 1.207015942782163620e-02 6.303797941654920578e-03 2.527026459574699402e-02 3.112241066992282867e-02
1.339094042778015137e-01 5.418193340301513672e-01 1.371035072952508926e-02 8.795058354735374451e-03 1.527189742773771286e-02 8.902412652969360352e-02 1.380780041217803955e-01 1.749895629473030567e-03 1.547059742733836174e-03 2.150951325893402100e-02 1.383724212646484375e-01 1.221062702825292945e-04 1.756298840045928955e-01 1.589700020849704742e-02 4.944984987378120422e-02 1.899136602878570557e-02 3.170876950025558472e-02 6.189804989844560623e-03 3.979688917752355337e-04 2.566136606037616730e-02 1.235069613903760910e-02 4.213082417845726013e-02 7.685817778110504150e-03 1.600492559373378754e-02 7.307510823011398315e-03 3.238102048635482788e-02 1.587825454771518707e-02 4.374765325337648392e-03 3.348757326602935791e-02 6.823261268436908722e-03 3.310202807188034058e-02 4.059707373380661011e-02 1.397306472063064575e-02 3.477079793810844421e-02 3.611860424280166626e-02 1.704097911715507507e-02 7.857997901737689972e-03 2.862028777599334717e-02 4.970375914126634598e-03 3.943969681859016418e-02 3.796752542257308960e-02 8.607496507465839386e-03 6.907552480697631836e-02 4.825584124773740768e-03 4.592740535736083984e-02 2.510252967476844788e-02 7.026823610067367554e-02 2.085320465266704559e-02 1.176564767956733704e-02 2.194001339375972748e-02 3.259132150560617447e-03 6.067830836400389671e-04 1.207373943179845810e-02 2.582303434610366821e-02 2.389575820416212082e-03 2.604553475975990295e-03 1.497282274067401886e-02 2.562688663601875305e-02 7.708996534347534180e-03 5.275414325296878815e-03 4.110920056700706482e-02 1.078060828149318695e-02 1.762415654957294464e-02 4.270041733980178833e-02 3.057659976184368134e-02 4.817290976643562317e-02 8.603257127106189728e-03 2.034462057054042816e-03 4.251345247030258179e-02 4.584810510277748108e-02 3.576186671853065491e-02 1.535374298691749573e-02 1.019861176609992981e-02 3.100136481225490570e-02 1.315311063081026077e-02 3.097398392856121063e-02 2.086445316672325134e-02 4.064302891492843628e-02 8.474177680909633636e-03 3.834564238786697388e-02 1.419418305158615112e-02 1.162560656666755676e-02 1.381851732730865479e-02 1.651439000852406025e-03 2.269395254552364349e-02 5.366245284676551819e-03 2.041387930512428284e-02 2.587953768670558929e-02 3.618405386805534363e-02 2.260964736342430115e-02 1.078328210860490799e-02 3.485773876309394836e-02 1.883380173239856958e-05 4.941553995013237000e-02 1.641503721475601196e-02 1.980860345065593719e-02 2.663657814264297485e-02 2.883696742355823517e-02 6.193241570144891739e-03 2.441998384892940521e-02 1.665301434695720673e-02 4.136373847723007202e-02 3.014637343585491180e-02 3.540100529789924622e-02 2.665075100958347321e-02 4.469316080212593079e-02 1.831697183661162853e-03 2.645213343203067780e-02 8.575258776545524597e-03 3.260326012969017029e-02 2.766680344939231873e-02 4.314757883548736572e-02 1.976623199880123138e-02 1.125224959105253220e-02 3.032576479017734528e-02 3.299263864755630493e-02
1.489142794162034988e-02 1.371035072952508926e-02 5.138807296752929688e-01 3.295760601758956909e-02 1.596684567630290985e-02 3.222010657191276550e-02 4.161627590656280518e-02 1.542053371667861938e-01 2.822537906467914581e-02 1.558649819344282150e-04 2.118637599050998688e-02 1.836715452373027802e-02 1.126356143504381180e-02 1.741795055568218231e-02 1.748076081275939941e-02 2.286285348236560822e-02 3.749041631817817688e-02 2.195010520517826080e-02 2.895395271480083466e-02 2.992483228445053101e-02 1.154461689293384552e-02 3.005743585526943207e-02 2.130886912345886230e-02 8.718477562069892883e-03 3.387702628970146179e-02 2.019607461988925934e-02 9.325560182332992554e-02 3.756406530737876892e-02 2.531771920621395111e-02 2.917714789509773254e-02 3.688139095902442932e-02 4.479798022657632828e-03 3.465492278337478638e-02 7.628610823303461075e-03 4.574910178780555725e-02 5.919295828789472580e-03 2.021764032542705536e-02 4.630972631275653839e-03 1.806413871236145496e-03 6.218251306563615799e-03 2.874169498682022095e-03 4.615559428930282593e-02 2.998221106827259064e-02 8.008345961570739746e-02 1.722927950322628021e-02 3.568192198872566223e-02 1.343512791208922863e-03 5.729947611689567566e-02 1.557463034987449646e-02 3.770413994789123535e-02 5.121718719601631165e-02 5.520716682076454163e-02 3.674777224659919739e-02 1.124185975641012192e-02 4.553203005343675613e-03 1.983995735645294189e-02 4.533167555928230286e-02 3.073821030557155609e-02 1.922203414142131805e-02 3.638711990788578987e-03 3.569718450307846069e-02 3.188515082001686096e-02 1.206570491194725037e-02 4.479347541928291321e-02 2.643443457782268524e-02 4.921274632215499878e-02 4.416881874203681946e-02 1.331762596964836121e-02 4.450023919343948364e-02 5.653337389230728149e-02 3.978751227259635925e-02 4.284108988940715790e-03 3.524633496999740601e-02 2.171407639980316162e-02 5.009007174521684647e-03 2.495727129280567169e-02 2.341093309223651886e-02 2.792251762002706528e-04 3.353174775838851929e-02 1.606123149394989014e-02 7.569321244955062866e-02 5.479644611477851868e-02 2.327248826622962952e-02 1.141879428178071976e-02 6.985453423112630844e-03 1.460107136517763138e-02 4.080890119075775146e-02 5.023494735360145569e-02 1.976191252470016479e-02 8.223575539886951447e-03 1.435537240467965603e-03 1.287224330008029938e-02 7.183745503425598145e-02 5.601030308753252029e-03 9.037343785166740417e-03 2.414710447192192078e-02 2.458440884947776794e-02 6.274058483541011810e-03 1.622511073946952820e-02 3.523537144064903259e-02 3.958338405936956406e-03 1.327394228428602219e-02 3.990262374281883240e-02 5.943270400166511536e-03 9.974222630262374878e-03 2.338141202926635742e-03 9.463669848628342152e-04 4.729660227894783020e-02 5.019105039536952972e-03 4.822564870119094849e-02 1.422380469739437103e-02 1.962768472731113434e-02 3.068989701569080353e-02 5.625402089208364487e-03 2.204380556941032410e-02 8.780707605183124542e-03
2.275005355477333069e-02 8.795058354735374451e-03 3.295760601758956909e-02 5.263735055923461914e-01 1.449520289897918701e-01 1.725620776414871216e-02 2.784522622823715210e-02 2.543558366596698761e-03 3.398042917251586914e-02 3.458932414650917053e-02 1.270011905580759048e-02 1.949470303952693939e-02 3.865516744554042816e-03 1.900205574929714203e-02 5.201697722077369690e-02 4.685719963163137436e-03 7.079631555825471878e-03 8.479642122983932495e-02 4.801475256681442261e-02 2.613729983568191528e-02 8.962796069681644440e-03 2.279246225953102112e-02 1.408274006098508835e-02 2.621339168399572372e-03 1.522671151906251907e-02 4.861217364668846130e-02 2.321156673133373260e-02 2.607634663581848145e-02 6.841503200121223927e-04 1.757138781249523163e-02 1.620743982493877411e-02 4.787093400955200195e-02 3.048026561737060547e-02 4.830237850546836853e-02 4.141698032617568970e-02 1.723754778504371643e-02 4.019143432378768921e-02 4.414714127779006958e-02 4.374393448233604431e-02 2.882115729153156281e-02 3.181484714150428772e-02 2.387203462421894073e-02 1.036339160054922104e-02 3.832092508673667908e-02 1.351037900894880295e-02 1.685803988948464394e-03 1.430185418576002121e-02 5.959263537079095840e-03 2.231302857398986816e-02 7.108727097511291504e-02 1.524624694138765335e-02 2.089857356622815132e-03 1.941378414630889893e-02 1.109453570097684860e-02 1.807045005261898041e-02 1.094935927540063858e-02 8.331973105669021606e-03 5.568964779376983643e-02 3.784411353990435600e-03 2.648374810814857483e-02 4.642407968640327454e-02 2.789514325559139252e-02 1.862744241952896118e-02 2.563902363181114197e-02 4.146369174122810364e-02 4.067882895469665527e-02 1.249752193689346313e-02 1.506445836275815964e-02 1.776191033422946930e-02 4.216896742582321167e-02 4.202383384108543396e-02 2.452376112341880798e-02 1.216926053166389465e-01 5.184005200862884521e-02 7.247359305620193481e-02 2.250470779836177826e-02 1.550974138081073761e-02 7.801831234246492386e-03 1.500575896352529526e-02 2.975420281291007996e-02 2.695027552545070648e-02 3.859876841306686401e-02 1.476374268531799316e-01 8.773227035999298096e-02 2.080702036619186401e-02 1.045954413712024689e-02 1.173648168332874775e-03 1.498102862387895584e-02 1.663117110729217529e-02 4.724360629916191101e-02 3.476958349347114563e-02 1.539806928485631943e-02 1.688813604414463043e-02 1.745755900628864765e-03 2.101078443229198456e-02 5.638071335852146149e-03 2.169148810207843781e-02 3.151963278651237488e-02 3.724082186818122864e-02 2.997241169214248657e-02 1.728464476764202118e-02 1.804856024682521820e-02 1.613409258425235748e-02 1.532418653368949890e-02 1.129970513284206390e-02 2.165568806231021881e-02 2.929516695439815521e-02 1.091167889535427094e-02 8.384586311876773834e-03 4.524116963148117065e-02 2.804472856223583221e-02 3.753109276294708252e-02 6.755225360393524170e-03 1.223871135152876377e-03 3.955061081796884537e-03 2.860963344573974609e-02
1.116901542991399765e-02 1.527189742773771286e-02 1.596684567630290985e-02 1.449520289897918701e-01 5.363647937774658203e-01 4.112582653760910034e-03 2.637606300413608551e-02 6.695892661809921265e-03 1.009666174650192261e-02 3.367231413722038269e-02 9.129669517278671265e-03 6.985614076256752014e-03 1.367603981634601951e-04 1.087369117885828018e-02 3.854447603225708008e-02 1.465433184057474136e-02 1.906694658100605011e-02 6.613495945930480957e-02 9.710771590471267700e-02 3.931653685867786407e-03 1.913773128762841225e-03 4.117867909371852875e-03 1.628187252208590508e-03 1.887693069875240326e-02 1.221967861056327820e-02 2.973668836057186127e-02 2.986073680222034454e-02 8.295060135424137115e-03 2.753950282931327820e-02 2.494656294584274292e-02 3.762893751263618469e-02 5.399960093200206757e-03 1.476151985116302967e-03 1.319910050369799137e-03 3.969050571322441101e-02 4.704636987298727036e-03 3.015042655169963837e-02 6.201320327818393707e-03 4.615220054984092712e-02 7.622136175632476807e-02 2.081636805087327957e-03 3.891221433877944946e-02 1.437706407159566879e-02 1.598167605698108673e-02 3.202832117676734924e-02 3.718584030866622925e-02 1.727116107940673828e-02 4.166722297668457031e-02 3.526531159877777100e-02 1.446343213319778442e-02 3.683695197105407715e-02 3.132945671677589417e-02 1.609895937144756317e-02 1.207662653177976608e-02 5.815712735056877136e-03 3.100745566189289093e-02 4.648424219340085983e-03 2.780232392251491547e-02 1.386262755841016769e-02 6.062997970730066299e-03 2.460089325904846191e-02 2.581412903964519501e-03 2.524581272155046463e-03 1.981331221759319305e-02 2.177865244448184967e-02 2.909732982516288757e-03 2.531151473522186279e-02 8.792144246399402618e-03 1.737359445542097092e-03 1.985831744968891144e-02 2.812453203659970313e-05 2.670078538358211517e-02 5.063296854496002197e-02 7.569627836346626282e-03 7.605091482400894165e-02 3.205364197492599487e-02 1.551795937120914459e-02 2.128675207495689392e-02 5.080587696284055710e-03 4.366454109549522400e-02 6.861220113933086395e-03 2.212684787809848785e-02 9.250487387180328369e-02 1.233717650175094604e-01 3.382210806012153625e-02 5.548695567995309830e-03 8.079097606241703033e-03 2.120028063654899597e-02 6.226238794624805450e-03 4.747987259179353714e-03 1.096004247665405273e-02 1.362610841169953346e-03 2.245079912245273590e-02 1.151894312351942062e-02 2.163193188607692719e-02 4.244030267000198364e-02 1.349373068660497665e-02 4.536055028438568115e-02 3.795445710420608521e-02 4.354856163263320923e-02 1.290808711200952530e-02 7.418844848871231079e-03 2.448265068233013153e-02 4.797861725091934204e-02 8.768949657678604126e-03 2.777739986777305603e-02 2.220809832215309143e-02 1.559069659560918808e-02 4.488882608711719513e-03 1.769774593412876129e-02 1.316183898597955704e-02 1.521907281130552292e-02 2.446588687598705292e-02 2.632769197225570679e-02 2.933593094348907471e-02 7.089176215231418610e-03
6.535376608371734619e-02 8.902412652969360352e-02 3.222010657191276550e-02 1.725620776414871216e-02 4.112582653760910034e-03 5.222635865211486816e-01 1.644653975963592529e-01 2.846466004848480225e-02 1.577868498861789703e-02 2.066789194941520691e-02 8.186009526252746582e-02 1.104448921978473663e-02 2.991589903831481934e-02 2.326382324099540710e-02 9.900476783514022827e-03 2.859148196876049042e-02 1.963419653475284576e-02 2.035291865468025208e-03 1.019937079399824142e-02 2.198557183146476746e-02 2.509472891688346863e-02 1.668539270758628845e-02 5.245396401733160019e-03 9.404373355209827423e-03 5.311297252774238586e-03 3.754112869501113892e-02 3.758051607292145491e-04 1.563491532579064369e-03 1.398890465497970581e-02 1.554183568805456161e-02 3.695150464773178101e-02 2.252201549708843231e-02 8.003241382539272308e-03 3.862651437520980835e-02 2.349318005144596100e-02 1.844746526330709457e-03 2.498150058090686798e-02 1.771851442754268646e-02 3.641642257571220398e-02 2.671168744564056396e-02 3.117144480347633362e-02 2.391640096902847290e-02 4.229841381311416626e-02 2.778143435716629028e-02 3.433014079928398132e-02 3.809502348303794861e-02 1.352617442607879639e-01 1.203367393463850021e-02 1.074769534170627594e-02 1.591036282479763031e-02 2.465495467185974121e-02 1.311637740582227707e-02 1.085964310914278030e-02 4.481635615229606628e-02 7.441025227308273315e-03 4.035101737827062607e-03 2.725465968251228333e-02 3.480720147490501404e-02 6.579767912626266479e-03 2.053252421319484711e-02 2.759049646556377411e-02 1.933426538016647100e-04 8.016643114387989044e-03 4.746280610561370850e-02 1.544216298498213291e-03 6.121519487351179123e-03 2.211297303438186646e-02 6.744666490703821182e-03 1.662375777959823608e-02 1.112585701048374176e-02 3.439271450042724609e-02 3.831468522548675537e-02 9.381111711263656616e-03 1.526052597910165787e-02 1.764330081641674042e-02 7.924658246338367462e-03 3.468587249517440796e-02 2.594712376594543457e-02 1.397869084030389786e-02 5.288841947913169861e-02 1.016106363385915756e-02 1.046623918227851391e-03 4.216039553284645081e-03 2.372583188116550446e-02 2.765479125082492828e-02 7.939531467854976654e-03 6.982063641771674156e-04 1.174229895696043968e-03 2.886320836842060089e-02 7.609603926539421082e-03 1.547472272068262100e-02 6.931256502866744995e-03 1.013293745927512646e-03 1.158361602574586868e-02 2.509229443967342377e-02 2.000499144196510315e-02 1.829135045409202576e-02 4.935131873935461044e-03 2.752166800200939178e-02 3.904210776090621948e-02 1.166768930852413177e-02 2.372521162033081055e-02 2.857691608369350433e-02 9.244165383279323578e-03 3.477694839239120483e-02 3.735248371958732605e-02 1.746147684752941132e-02 9.489202871918678284e-03 1.560512743890285492e-02 3.219217434525489807e-02 9.916861541569232941e-03 1.183381769806146622e-02 2.057459577918052673e-02 2.157358825206756592e-02 5.695519037544727325e-03 2.586149424314498901e-02
3.126417100429534912e-02 1.380780041217803955e-01 4.161627590656280518e-02 2.784522622823715210e-02 2.637606300413608551e-02 1.644653975963592529e-01 5.446094274520874023e-01 4.793173819780349731e-02 4.261923581361770630e-02 1.416555326431989670e-02 9.944771230220794678e-02 5.578114185482263565e-03 7.793119549751281738e-02 3.807390853762626648e-02 2.512614801526069641e-02 8.134802803397178650e-03 2.070484682917594910e-02 2.498389035463333130e-02 9.853946045041084290e-03 1.303892955183982849e-02 2.380659244954586029e-02 3.488014917820692062e-04 1.800341904163360596e-02 1.295512169599533081e-02 1.968547701835632324e-02 4.320713505148887634e-02 1.196485012769699097e-02 4.694413021206855774e-02 3.891510516405105591e-02 3.892021253705024719e-02 2.937298454344272614e-02 3.127691149711608887e-02 2.723757550120353699e-02 3.664124757051467896e-02 3.748825937509536743e-02 2.509782649576663971e-02 4.341321438550949097e-02 1.482852920889854431e-02 1.720775477588176727e-02 2.762829884886741638e-02 1.688304729759693146e-02 3.951327875256538391e-02 8.131403475999832153e-02 1.261380780488252640e-02 3.446257114410400391e-02 2.864933386445045471e-02 1.697101444005966187e-01 1.373004466295242310e-01 4.113838076591491699e-02 2.318551950156688690e-02 8.644200861454010010e-03 3.828391805291175842e-02 5.017179623246192932e-02 2.679314836859703064e-02 3.489517048001289368e-02 3.255177289247512817e-02 3.394692763686180115e-02 4.013089835643768311e-02 4.284644871950149536e-02 4.494523257017135620e-02 7.939639501273632050e-03 1.765848323702812195e-02 4.144460707902908325e-02 1.519711688160896301e-02 3.419953212141990662e-02 2.836718037724494934e-02 2.474047988653182983e-02 1.811392954550683498e-03 2.220879076048731804e-03 3.760271146893501282e-02 1.775193028151988983e-02 1.057425746694207191e-03 3.019842319190502167e-02 3.734780848026275635e-02 3.559438884258270264e-02 1.266749016940593719e-02 4.178965091705322266e-02 2.512136474251747131e-02 1.641970314085483551e-02 2.318101562559604645e-02 5.846189334988594055e-03 1.826273649930953979e-02 2.379743754863739014e-02 3.107030130922794342e-02 2.477349899709224701e-02 3.649465739727020264e-02 7.561719976365566254e-03 1.445035450160503387e-02 1.109998440369963646e-03 3.563053533434867859e-02 3.443508222699165344e-02 2.031118422746658325e-02 1.349515467882156372e-01 3.316632285714149475e-02 6.075425073504447937e-03 2.979271113872528076e-02 1.131197623908519745e-02 3.017125464975833893e-02 5.934970453381538391e-02 6.868209689855575562e-02 1.195040624588727951e-02 3.773368895053863525e-02 1.091351080685853958e-02 3.037563897669315338e-02 3.287750855088233948e-02 3.304227814078330994e-02 9.688436053693294525e-03 2.725919149816036224e-02 1.751112006604671478e-02 4.103546217083930969e-02 2.183494530618190765e-02 3.255438804626464844e-02 1.082837488502264023e-02 2.817888557910919189e-02 2.709664031863212585e-02 3.355915844440460205e-02
2.663497813045978546e-02 1.749895629473030567e-03 1.542053371667861938e-01 2.543558366596698761e-03 6.695892661809921265e-03 2.846466004848480225e-02 4.793173819780349731e-02 5.207960009574890137e-01 4.647072032094001770e-02 9.274934418499469757e-03 6.649369839578866959e-03 6.898700259625911713e-03 3.693664819002151489e-02 1.511146500706672668e-02 5.827879533171653748e-02 1.461340300738811493e-02 2.406567707657814026e-02 2.134094573557376862e-02 2.516520954668521881e-02 4.019758664071559906e-03 2.113842032849788666e-02 4.857673496007919312e-02 1.240427512675523758e-02 2.757050842046737671e-02 1.135509344749152660e-03 1.524804625660181046e-02 6.122135370969772339e-02 8.800222538411617279e-03 3.234635666012763977e-02 1.159682776778936386e-02 3.287107497453689575e-02 3.900783881545066833e-02 7.413794752210378647e-03 2.962597459554672241e-02 2.044111676514148712e-02 1.203917432576417923e-02 2.007021335884928703e-03 3.961422946304082870e-03 2.178497426211833954e-02 2.337780548259615898e-03 2.324374951422214508e-02 2.311205863952636719e-02 2.130633592605590820e-02 1.042077410966157913e-02 1.603215001523494720e-02 1.243129186332225800e-02 4.297592863440513611e-02 2.872153185307979584e-02 2.126518823206424713e-02 4.298985749483108521e-02 4.075506702065467834e-02 3.731814771890640259e-02 5.327079072594642639e-02 2.575890719890594482e-02 3.023481555283069611e-02 1.783004775643348694e-02 8.093588054180145264e-03 3.603429719805717468e-02 8.789831772446632385e-03 2.235468477010726929e-02 6.619887892156839371e-03 4.073575884103775024e-02 1.089191250503063202e-02 2.043400146067142487e-02 2.821710333228111267e-02 2.871816791594028473e-02 7.815030403435230255e-04 3.020275325980037451e-04 1.386142522096633911e-02 3.668061224743723869e-03 2.500594966113567352e-02 2.528052777051925659e-02 6.014102254994213581e-04 3.584058210253715515e-02 2.377439523115754128e-03 1.741754263639450073e-02 3.874515648931264877e-03 1.374757569283246994e-02 2.090715058147907257e-02 1.314340718090534210e-02 6.618450582027435303e-02 3.292087092995643616e-02 1.559513807296752930e-02 6.520024035125970840e-04 2.828381769359111786e-02 1.303545385599136353e-02 4.883552715182304382e-02 5.190592631697654724e-02 2.488485164940357208e-02 1.911713741719722748e-02 2.590843848884105682e-02 2.965787192806601524e-03 1.769449189305305481e-02 5.720316898077726364e-03 1.084027066826820374e-02 3.030290640890598297e-02 3.792301192879676819e-02 1.993355713784694672e-02 7.508844602853059769e-03 2.226102724671363831e-02 7.080149371176958084e-04 8.636157028377056122e-03 1.694107614457607269e-02 4.631689563393592834e-02 4.024728760123252869e-02 7.224982837215065956e-04 2.458603121340274811e-02 2.622322738170623779e-02 2.133570797741413116e-02 4.371300339698791504e-02 5.041121318936347961e-02 5.213548988103866577e-02 7.008622400462627411e-03 2.899194322526454926e-02 3.594883903861045837e-02 3.643320873379707336e-02
2.735125273466110229e-02 1.547059742733836174e-03 2.822537906467914581e-02 3.398042917251586914e-02 1.009666174650192261e-02 1.577868498861789703e-02 4.261923581361770630e-02 4.647072032094001770e-02 5.286160111427307129e-01 9.258854389190673828e-02 1.943853683769702911e-02 5.073489955975674093e-05 2.017460204660892487e-02 2.824565954506397247e-02 4.138709604740142822e-02 8.528717793524265289e-03 7.699369918555021286e-03 3.836617991328239441e-02 4.153940826654434204e-02 3.620101511478424072e-02 3.842708468437194824e-02 1.381832547485828400e-02 1.392188388854265213e-02 3.802448138594627380e-02 4.146945849061012268e-02 3.553252667188644409e-02 1.211330574005842209e-02 1.556235365569591522e-03 9.510521776974201202e-03 1.627525500953197479e-02 1.453358586877584457e-02 1.413638517260551453e-02 4.183843731880187988e-02 4.235798865556716919e-02 2.190967090427875519e-02 1.523197744973003864e-03 1.060735550709068775e-03 5.173267796635627747e-03 3.373266011476516724e-02 4.915327206254005432e-02 1.690793782472610474e-02 2.919048070907592773e-02 2.525294665247201920e-03 2.152108773589134216e-02 3.381301835179328918e-02 2.755202166736125946e-02 4.965323954820632935e-03 1.422922359779477119e-03 2.906807698309421539e-02 1.625495962798595428e-02 3.809716925024986267e-02 2.305213734507560730e-02 5.592108238488435745e-03 9.958692826330661774e-03 8.124597370624542236e-02 1.846994459629058838e-02 1.128837838768959045e-02 7.917414419353008270e-03 2.645060047507286072e-02 6.671633571386337280e-03 9.447448886930942535e-03 1.208848878741264343e-02 1.361088640987873077e-02 8.171167224645614624e-03 4.821811616420745850e-02 3.722246736288070679e-02 2.590602636337280273e-02 2.927970886230468750e-02 1.999057084321975708e-02 7.394433487206697464e-03 2.706573810428380966e-03 7.558155059814453125e-02 1.946964114904403687e-02 1.189601328223943710e-02 1.155022252351045609e-02 5.209089815616607666e-02 6.224800273776054382e-02 6.862107664346694946e-02 1.461655050516128540e-01 1.005840599536895752e-01 2.489678189158439636e-02 3.094170801341533661e-02 1.578064821660518646e-02 3.016270138323307037e-02 4.220353811979293823e-02 2.479764260351657867e-02 4.262304306030273438e-02 4.891927167773246765e-02 1.446097437292337418e-02 4.969530552625656128e-02 3.771375119686126709e-02 9.787906892597675323e-03 2.111512236297130585e-02 2.687445655465126038e-02 1.441757753491401672e-02 6.444694940000772476e-03 8.872631005942821503e-03 2.414080128073692322e-02 5.945092532783746719e-03 4.324174299836158752e-02 1.258678827434778214e-02 1.990710757672786713e-02 4.072066396474838257e-02 1.167232636362314224e-02 5.213476251810789108e-03 8.641988039016723633e-03 1.239688834175467491e-03 9.559245780110359192e-03 3.397386521100997925e-02 2.882535755634307861e-02 3.965322300791740417e-02 1.947855763137340546e-02 3.140158206224441528e-02 8.948611095547676086e-03 7.365031167864799500e-03 1.134353037923574448e-02
2.913691848516464233e-02 2.150951325893402100e-02 1.558649819344282150e-04 3.458932414650917053e-02 3.367231413722038269e-02 2.066789194941520691e-02 1.416555326431989670e-02 9.274934418499469757e-03 9.258854389190673828e-02 5.370588302612304688e-01 3.247959539294242859e-02 4.233696684241294861e-02 2.274910546839237213e-02 5.682493094354867935e-03 3.572955355048179626e-02 1.378526445478200912e-02 2.855649590492248535e-02 5.663651973009109497e-03 1.025469452142715454e-01 1.417388301342725754e-02 3.156497702002525330e-02 3.887479007244110107e-02 1.089289598166942596e-02 7.284203893505036831e-04 5.403861030936241150e-02 4.193936474621295929e-03 1.572009734809398651e-02 3.094234131276607513e-02 1.434613205492496490e-02 6.811547093093395233e-03 4.422307386994361877e-02 2.480099350214004517e-02 8.397526107728481293e-03 3.883353248238563538e-02 3.523122891783714294e-02 2.951130084693431854e-02 2.800541929900646210e-02 3.535773977637290955e-02 3.684412688016891479e-02 1.488764770328998566e-02 3.437569364905357361e-02 2.907569706439971924e-02 4.090320318937301636e-02 1.026748493313789368e-02 4.660201072692871094e-02 4.633089527487754822e-02 3.245852515101432800e-02 6.034425459802150726e-03 2.280168794095516205e-02 1.568896919488906860e-01 1.509367581456899643e-02 2.032208722084760666e-03 4.315035790205001831e-02 7.899499498307704926e-03 5.365488119423389435e-03 9.657470136880874634e-02 3.951642662286758423e-02 2.498773671686649323e-02 4.078238829970359802e-02 6.859967019408941269e-03 3.421993181109428406e-02 1.030608266592025757e-02 1.622076332569122314e-02 3.075295686721801758e-02 2.922884747385978699e-02 1.439859159290790558e-02 4.682406317442655563e-03 4.096081480383872986e-02 2.153123170137405396e-02 1.774722151458263397e-02 5.009127780795097351e-02 3.327460959553718567e-03 3.418264165520668030e-02 4.398880153894424438e-02 4.597473517060279846e-02 1.802234095521271229e-03 3.409238299354910851e-03 1.500250697135925293e-01 8.670730888843536377e-02 1.995507180690765381e-01 4.580668732523918152e-02 4.150092974305152893e-02 1.239318680018186569e-02 5.339089035987854004e-02 2.729295194149017334e-02 3.658885881304740906e-02 4.908955842256546021e-02 3.615182638168334961e-02 4.871018975973129272e-02 7.389850169420242310e-02 3.924407530575990677e-03 1.897502318024635315e-02 1.926331548020243645e-03 8.815767243504524231e-03 3.448831290006637573e-02 6.202397122979164124e-02 6.686912849545478821e-03 4.378421290311962366e-04 4.403969738632440567e-03 1.064611878246068954e-02 9.332294575870037079e-03 2.592978626489639282e-02 2.983106300234794617e-02 1.732881739735603333e-02 4.657118022441864014e-02 9.453808888792991638e-03 1.811577007174491882e-02 2.624144032597541809e-02 1.791683211922645569e-02 2.963863685727119446e-02 2.657313644886016846e-02 4.172797128558158875e-02 1.454815454781055450e-02 3.929348289966583252e-02 1.735674031078815460e-02 1.307254284620285034e-02
1.069340631365776062e-01 1.383724212646484375e-01 2.118637599050998688e-02 1.270011905580759048e-02 9.129669517278671265e-03 8.186009526252746582e-02 9.944771230220794678e-02 6.649369839578866959e-03 1.943853683769702911e-02 3.247959539294242859e-02 5.404324531555175781e-01 1.472166087478399277e-02 1.311119645833969116e-01 1.413747482001781464e-02 2.312396094202995300e-02 1.999855786561965942e-02 1.079285051673650742e-02 2.698827162384986877e-02 2.174142748117446899e-02 1.482101995497941971e-02 1.837008632719516754e-03 2.850376628339290619e-02 1.890205405652523041e-02 1.838200725615024567e-02 1.297616865485906601e-03 2.047725208103656769e-02 2.143654599785804749e-02 1.057747006416320801e-02 1.033219043165445328e-03 1.326936297118663788e-02 1.522422861307859421e-02 2.021312527358531952e-02 6.872050929814577103e-03 4.172275587916374207e-02 2.083451487123966217e-02 1.243960205465555191e-02 8.632599376142024994e-03 9.987394325435161591e-03 4.087727889418601990e-02 2.189921028912067413e-02 3.856615722179412842e-02 1.313373912125825882e-02 4.962293058633804321e-02 4.643433541059494019e-02 4.124512150883674622e-02 5.125684663653373718e-02 8.560867607593536377e-02 7.306764746317639947e-05 3.443628177046775818e-02 9.212227538228034973e-03 1.413482474163174629e-03 1.152399182319641113e-02 1.045655738562345505e-02 1.890412345528602600e-02 2.167149633169174194e-02 2.291000634431838989e-02 8.430923335254192352e-03 3.147436678409576416e-02 1.701420056633651257e-03 1.979465596377849579e-02 3.898361697793006897e-02 9.724855422973632812e-03 1.677519455552101135e-02 3.897813335061073303e-02 5.453572794795036316e-02 3.632760047912597656e-02 1.200314331799745560e-02 4.047598689794540405e-03 3.012943640351295471e-02 1.574623584747314453e-02 4.857648909091949463e-02 4.485156014561653137e-02 8.409379981458187103e-03 1.144522428512573242e-02 4.583709873259067535e-03 2.197579108178615570e-02 2.106525376439094543e-02 2.822351455688476562e-02 1.837707124650478363e-02 1.828404329717159271e-02 6.720716599375009537e-03 1.615287177264690399e-02 2.688703313469886780e-02 1.313862763345241547e-02 2.803235314786434174e-03 2.243917435407638550e-02 3.103740513324737549e-02 1.473906077444553375e-02 3.589133918285369873e-02 1.752752228640019894e-03 1.793625950813293457e-02 5.138816311955451965e-02 2.466956339776515961e-02 4.502092674374580383e-02 1.137310359627008438e-02 7.676808629184961319e-03 1.191129349172115326e-02 3.968982491642236710e-03 2.257648669183254242e-02 1.454112306237220764e-02 1.096296869218349457e-02 8.087821304798126221e-03 2.155723236501216888e-02 3.214149922132492065e-02 4.832563921809196472e-02 3.564164042472839355e-02 1.609717495739459991e-02 1.294862572103738785e-02 3.009325359016656876e-03 5.241063982248306274e-02 1.798587664961814880e-02 1.928950287401676178e-02 1.465360540896654129e-02 3.977887798100709915e-03 3.968980535864830017e-02 3.473044931888580322e-02
2.097887452691793442e-03 1.221062702825292945e-04 1.836715452373027802e-02 1.949470303952693939e-02 6.985614076256752014e-03 1.104448921978473663e-02 5.578114185482263565e-03 6.898700259625911713e-03 5.073489955975674093e-05 4.233696684241294861e-02 1.472166087478399277e-02 5.374184846878051758e-01 4.967114888131618500e-03 1.564011126756668091e-01 5.532340705394744873e-02 1.027178298681974411e-02 4.969341214746236801e-03 3.321967273950576782e-02 4.116234183311462402e-02 4.267324134707450867e-02 2.198131754994392395e-02 1.884336583316326141e-02 6.050859019160270691e-02 5.371929332613945007e-02 2.712333342060446739e-03 1.578825898468494415e-02 3.432073816657066345e-02 5.061659961938858032e-02 3.242991492152214050e-02 2.930134162306785583e-02 3.057052195072174072e-02 4.377209395170211792e-02 1.345970295369625092e-02 4.778920859098434448e-02 2.216611988842487335e-02 1.843148283660411835e-02 1.445011142641305923e-02 2.898144908249378204e-02 3.528687730431556702e-02 2.311264164745807648e-02 3.346267342567443848e-02 8.761235512793064117e-03 1.712989062070846558e-02 4.967935755848884583e-02 1.132272630929946899e-01 8.700769394636154175e-02 1.911257579922676086e-02 1.537801232188940048e-02 1.287042349576950073e-02 2.563819289207458496e-02 4.117324948310852051e-02 5.592902004718780518e-02 9.191418997943401337e-03 9.634243906475603580e-04 4.654875770211219788e-02 3.885931149125099182e-02 1.554972771555185318e-02 1.647855713963508606e-02 7.695439271628856659e-03 3.693793201819062233e-03 1.702053938060998917e-03 4.609378799796104431e-02 2.298090234398841858e-02 2.200253307819366455e-02 8.381969528272747993e-04 1.138273067772388458e-02 2.345460653305053711e-02 3.087162598967552185e-02 3.087318688631057739e-02 4.509444907307624817e-02 4.011307284235954285e-02 3.430800884962081909e-02 1.054924260824918747e-02 3.409447893500328064e-02 2.657726174220442772e-03 4.430017992854118347e-02 3.446596115827560425e-02 4.189677536487579346e-02 5.525378882884979248e-02 2.304523997008800507e-02 2.594961225986480713e-02 4.392298683524131775e-02 2.671892521902918816e-03 1.244135084562003613e-03 2.235641889274120331e-02 2.675223350524902344e-02 7.866116240620613098e-03 6.450762040913105011e-03 4.382687807083129883e-02 4.921901226043701172e-02 2.613664232194423676e-02 6.260905414819717407e-03 3.425823524594306946e-02 2.325904183089733124e-02 2.760295756161212921e-02 2.241097390651702881e-03 4.425951838493347168e-02 3.904985263943672180e-02 1.596233807504177094e-03 1.502118818461894989e-02 2.729739993810653687e-02 1.335555780678987503e-02 1.683774217963218689e-02 2.849985659122467041e-02 2.783365547657012939e-02 1.544700749218463898e-02 8.021075278520584106e-03 1.972219161689281464e-02 3.610751405358314514e-02 1.720061711966991425e-02 1.883667707443237305e-02 5.473920609802007675e-03 6.249115336686372757e-03 3.112212382256984711e-02 1.324430690146982670e-03 3.340648487210273743e-02
9.691522270441055298e-02 1.756298840045928955e-01 1.126356143504381180e-02 3.865516744554042816e-03 1.367603981634601951e-04 2.991589903831481934e-02 7.793119549751281738e-02 3.693664819002151489e-02 2.017460204660892487e-02 2.274910546839237213e-02 1.311119645833969116e-01 4.967114888131618500e-03 5.317186713218688965e-01 2.345591969788074493e-02 6.924198567867279053e-02 7.797075435519218445e-03 3.056064061820507050e-02 6.624681409448385239e-04 5.223603919148445129e-02 9.075021371245384216e-03 1.601649448275566101e-02 3.836251050233840942e-02 2.842119894921779633e-02 3.491234779357910156e-02 1.052974723279476166e-03 1.807934604585170746e-02 4.906498640775680542e-02 5.992954131215810776e-03 5.240481812506914139e-03 1.491838973015546799e-02 8.443031460046768188e-03 8.630224503576755524e-03 1.297979243099689484e-02 1.794812828302383423e-02 3.108479082584381104e-02 1.535107288509607315e-02 1.151265227235853672e-03 3.874678537249565125e-02 2.371866255998611450e-02 2.834359183907508850e-02 3.271363303065299988e-02 4.469122365117073059e-02 2.209172770380973816e-02 5.426602903753519058e-03 3.699713200330734253e-02 3.773897886276245117e-02 7.147306948900222778e-02 2.431595884263515472e-02 1.172910444438457489e-02 1.659293100237846375e-02 3.172382712364196777e-02 5.613552872091531754e-03 7.010569097474217415e-04 1.229914487339556217e-03 2.241666056215763092e-02 8.975999429821968079e-03 8.343438617885112762e-03 1.617753133177757263e-02 2.531033242121338844e-03 1.436508353799581528e-02 2.959383837878704071e-02 1.341392658650875092e-02 1.393795199692249298e-02 4.146590828895568848e-02 5.273599177598953247e-02 7.830741256475448608e-02 9.346000850200653076e-03 4.630766808986663818e-03 2.905351296067237854e-02 3.948066383600234985e-02 1.581329666078090668e-02 6.718080956488847733e-03 3.409753320738673210e-03 2.585711330175399780e-02 1.000618841499090195e-02 3.521420806646347046e-02 4.175737500190734863e-02 3.618582710623741150e-02 1.645300164818763733e-02 3.515598550438880920e-02 1.713222824037075043e-02 1.273351907730102539e-02 1.958950795233249664e-02 3.245426714420318604e-02 3.741845116019248962e-02 6.459334865212440491e-03 3.788319230079650879e-02 2.140028961002826691e-02 2.871207520365715027e-02 3.471002355217933655e-02 4.255117848515510559e-02 3.802083432674407959e-02 1.593216694891452789e-02 5.430021136999130249e-02 2.276561036705970764e-02 4.197369329631328583e-03 3.380366787314414978e-02 4.536212980747222900e-02 3.413079679012298584e-02 5.581913981586694717e-03 4.387613385915756226e-02 4.729821905493736267e-02 4.124572500586509705e-02 2.732750587165355682e-02 3.097024746239185333e-02 4.330870881676673889e-02 4.125771671533584595e-02 2.853517793118953705e-02 4.159250855445861816e-02 3.510281816124916077e-02 3.504028543829917908e-02 4.096399620175361633e-02 4.493715614080429077e-02 1.752022467553615570e-02 3.493260219693183899e-02 1.058295182883739471e-02
