5.247800350189208984e-01 1.773453205823898315e-01 9.901280514895915985e-03 1.710186526179313660e-02 8.720841258764266968e-03 1.060779243707656860e-01 6.967362761497497559e-02 2.009571297094225883e-03 2.670587785542011261e-02 7.463779766112565994e-03 1.156917661428451538e-01 3.354638442397117615e-02 9.852777421474456787e-02 1.686166040599346161e-02 2.475620992481708527e-02 4.121259599924087524e-02 2.506783790886402130e-02 2.834777161478996277e-02 4.544102773070335388e-02 2.893377467989921570e-02 3.737096488475799561e-02 3.357911482453346252e-03 3.115294873714447021e-02 3.929889202117919922e-02 2.038636431097984314e-02 1.374779175966978073e-02 4.126904066652059555e-03 8.408053778111934662e-03 4.698094353079795837e-02 3.267461434006690979e-02 4.053265601396560669e-02 2.717282250523567200e-02 3.059729933738708496e-02 2.428510598838329315e-02 2.173361741006374359e-02 1.444339659065008163e-02 1.270799431949853897e-02 1.811373420059680939e-02 1.723836548626422882e-02 2.876373380422592163e-02 2.770153107121586800e-03 1.291757635772228241e-02 4.097003862261772156e-02 7.057296112179756165e-03 1.783437654376029968e-02 4.312466457486152649e-02 1.227487698197364807e-01 5.438258871436119080e-02 8.699667640030384064e-03 4.234976693987846375e-02 2.992664463818073273e-02 8.225212804973125458e-03 1.074647251516580582e-02 2.114170789718627930e-02 1.810540817677974701e-02 4.194703325629234314e-02 4.421351477503776550e-02 1.149524375796318054e-02 9.157508611679077148e-03 1.027915533632040024e-02 1.511504594236612320e-02 2.676021493971347809e-02 2.873518876731395721e-02 4.130091890692710876e-02 2.329170517623424530e-02 2.954579703509807587e-02 3.779144585132598877e-02 2.351248078048229218e-02 2.137024514377117157e-02 4.119425266981124878e-02 2.529102750122547150e-02 2.041450515389442444e-02 1.070642843842506409e-02 3.046560473740100861e-02 4.965002648532390594e-03 2.122380957007408142e-02 3.638084977865219116e-03 2.677608840167522430e-02 1.552591565996408463e-02 1.597748883068561554e-02 2.813334576785564423e-03 8.353758603334426880e-03 1.153825689107179642e-02 1.420327834784984589e-02 1.747859269380569458e-02 4.308168962597846985e-02 3.531967377057299018e-05 6.441387347877025604e-03 1.623060181736946106e-02 2.490942366421222687e-02 8.809953182935714722e-02 1.388825103640556335e-02 7.685980200767517090e-02 2.745890617370605469e-02 9.901716373860836029e-03 2.159218117594718933e-02 8.846716955304145813e-03 2.254335954785346985e-02 3.150466457009315491e-02 4.340063780546188354e-02 2.889319136738777161e-02 1.559608709067106247e-02 9.714427404105663300e-03 6.170855835080146790e-03 3.614063188433647156e-02 2.235015854239463806e-02 2.895192988216876984e-02 3.069310635328292847e-02 1.999975927174091339e-02 1.175647508352994919e-02 9.826472960412502289e-03 2.709064260125160217e-02 1.523601822555065155e-02 3.721578791737556458e-02 1.609588600695133209e-02 2.241442166268825531e-02
1.773453205823898315e-01 5.270877480506896973e-01 5.638655275106430054e-04 1.316201966255903244e-02 2.671612054109573364e-02 1.062507629394531250e-01 9.452576935291290283e-02 8.988588117063045502e-03 1.754447259008884430e-02 3.762159124016761780e-02 9.950952976942062378e-02 9.073671884834766388e-03 9.758680313825607300e-02 1.432416588068008423e-02 2.820456214249134064e-02 1.465069875121116638e-02 3.404468996450304985e-03 1.467419415712356567e-02 2.545153163373470306e-02 2.149773016571998596e-02 2.459498494863510132e-02 1.677405275404453278e-02 1.774702593684196472e-02 2.080938778817653656e-02 2.746141143143177032e-02 1.201691199094057083e-02 5.642048083245754242e-03 1.262530963867902756e-02 2.068986371159553528e-02 2.272280119359493256e-02 3.637580201029777527e-02 5.596042610704898834e-03 3.317755833268165588e-02 1.264967024326324463e-02 2.268743701279163361e-02 1.877627894282341003e-02 2.487929165363311768e-02 2.097906731069087982e-02 1.755822449922561646e-02 2.252041175961494446e-02 1.557280775159597397e-02 2.482109516859054565e-02 2.025138959288597107e-02 2.783220494166016579e-03 2.378721162676811218e-02 1.810489036142826080e-02 1.165418624877929688e-01 6.660836935043334961e-02 2.767636626958847046e-02 1.424336712807416916e-02 3.530403971672058105e-02 3.646717593073844910e-02 6.312561221420764923e-03 1.262585073709487915e-02 3.468918800354003906e-02 1.174045540392398834e-02 4.109033197164535522e-02 7.356694899499416351e-03 5.004606675356626511e-03 2.064795419573783875e-02 2.383224852383136749e-02 2.336467057466506958e-02 1.536889187991619110e-02 7.041125558316707611e-03 1.226729992777109146e-02 4.221693053841590881e-02 2.822268381714820862e-02 1.220478489995002747e-02 4.033592343330383301e-02 2.825557440519332886e-02 9.588764049112796783e-03 3.535918146371841431e-02 2.170936018228530884e-02 2.864689938724040985e-02 1.282577402889728546e-02 3.057489357888698578e-02 2.326203323900699615e-02 2.152493223547935486e-02 2.858475595712661743e-02 3.580149263143539429e-02 8.720463956706225872e-04 7.006007712334394455e-03 1.737336441874504089e-02 1.359475404024124146e-02 3.565768525004386902e-02 3.603230416774749756e-02 7.740989793092012405e-03 2.968231216073036194e-03 3.824546933174133301e-02 3.527853637933731079e-02 8.946738392114639282e-02 9.853795636445283890e-04 8.611704409122467041e-02 7.706872653216123581e-03 1.564916223287582397e-02 9.373611770570278168e-03 1.678762584924697876e-02 1.714767538942396641e-03 2.682635188102722168e-02 1.532425358891487122e-02 3.654404357075691223e-02 1.338605396449565887e-02 3.988608717918395996e-02 1.540583278983831406e-02 3.495683521032333374e-02 2.105297986418008804e-03 4.164731130003929138e-02 3.263392671942710876e-02 1.945622637867927551e-02 1.400997303426265717e-02 4.363389220088720322e-03 2.844994887709617615e-02 3.508975356817245483e-02 4.591706022620201111e-02 3.280161693692207336e-02 3.794039413332939148e-02
9.901280514895915985e-03 5.638655275106430054e-04 5.015543103218078613e-01 2.885815128684043884e-02 2.581793814897537231e-03 3.171306103467941284e-02 2.485298179090023041e-02 5.790914967656135559e-02 2.812875667586922646e-03 2.447507716715335846e-02 7.772573269903659821e-03 7.180943619459867477e-03 1.667230203747749329e-02 2.116723917424678802e-02 3.161691129207611084e-02 1.368956454098224640e-02 2.851319871842861176e-02 2.284562028944492340e-02 3.301211819052696228e-02 8.160723373293876648e-03 2.734693139791488647e-02 9.190451353788375854e-03 3.495105355978012085e-02 3.307043015956878662e-02 2.851733751595020294e-02 3.871251642704010010e-02 2.373089268803596497e-02 3.800763562321662903e-02 1.211307849735021591e-02 8.352404460310935974e-03 8.250211365520954132e-03 8.884639479219913483e-03 1.004226692020893097e-02 1.283611357212066650e-02 4.383497312664985657e-02 3.669442981481552124e-02 4.084720462560653687e-02 6.273559480905532837e-02 1.629363186657428741e-02 1.950238272547721863e-02 4.336756095290184021e-02 3.261490538716316223e-02 3.742063045501708984e-02 9.279813617467880249e-02 2.750997431576251984e-02 2.225968427956104279e-02 9.616514667868614197e-03 1.551941386424005032e-03 1.818017661571502686e-02 2.420676872134208679e-03 2.211019769310951233e-02 4.318946972489356995e-02 7.437749765813350677e-03 1.256318856030702591e-02 2.202642895281314850e-02 1.259100809693336487e-02 4.328483715653419495e-02 5.339514836668968201e-02 5.324041470885276794e-02 2.488183230161666870e-02 3.499259054660797119e-02 8.547089062631130219e-03 1.855907402932643890e-02 1.478865090757608414e-02 5.566612258553504944e-02 3.635833412408828735e-02 4.590001422911882401e-03 3.042169846594333649e-02 1.298450119793415070e-02 3.159425407648086548e-02 1.766037568449974060e-02 1.407684944570064545e-02 5.181564949452877045e-03 7.679593749344348907e-03 1.939916610717773438e-02 8.845396339893341064e-03 1.287441607564687729e-02 1.422258000820875168e-02 2.812397433444857597e-03 2.820418961346149445e-02 9.627132117748260498e-02 1.101483181118965149e-01 2.482487447559833527e-02 2.024721540510654449e-02 3.029057569801807404e-02 3.639396652579307556e-02 1.926273666322231293e-02 4.998850449919700623e-02 1.571337878704071045e-02 1.210783794522285461e-02 9.327890351414680481e-03 4.193662479519844055e-02 9.692708030343055725e-03 4.415623098611831665e-02 1.410835515707731247e-02 2.484614402055740356e-02 3.608251689001917839e-03 3.357636183500289917e-02 2.951694838702678680e-02 3.664430230855941772e-02 1.664287969470024109e-02 2.746700309216976166e-02 3.388763591647148132e-02 1.178338378667831421e-02 1.335144229233264923e-02 2.411375939846038818e-02 1.801496930420398712e-02 4.709748923778533936e-02 1.759955100715160370e-02 1.803285442292690277e-02 8.380444720387458801e-03 2.311134897172451019e-02 1.469027623534202576e-02 3.513820096850395203e-02 4.654595628380775452e-02 1.279901992529630661e-02
1.710186526179313660e-02 1.316201966255903244e-02 2.885815128684043884e-02 5.182775855064392090e-01 1.976079642772674561e-01 2.959683723747730255e-02 1.851779641583561897e-03 1.901358179748058319e-02 2.397758141160011292e-02 1.678678579628467560e-02 3.128022328019142151e-02 2.576376870274543762e-02 4.503139108419418335e-02 2.494507469236850739e-02 2.781626023352146149e-02 7.733189035207033157e-03 1.252126041799783707e-02 1.094659604132175446e-02 4.905236512422561646e-02 9.591372683644294739e-03 3.533390164375305176e-02 4.264454916119575500e-02 4.048446658998727798e-03 2.553225262090563774e-03 2.331683645024895668e-03 1.954891160130500793e-02 1.689854450523853302e-02 3.895335644483566284e-02 3.301808610558509827e-02 4.396187886595726013e-02 4.461650550365447998e-02 1.920731924474239349e-02 6.329230219125747681e-02 3.954825550317764282e-02 3.903101012110710144e-02 2.757453173398971558e-02 5.599937867373228073e-03 3.990741074085235596e-02 1.030446887016296387e-01 5.339442752301692963e-03 8.981077931821346283e-03 3.348137438297271729e-02 9.388843551278114319e-03 3.061275184154510498e-02 2.540313638746738434e-02 4.333382006734609604e-03 6.790691986680030823e-05 6.305046845227479935e-03 1.861525885760784149e-02 8.305916562676429749e-03 1.789841242134571075e-02 1.415812131017446518e-02 5.018874537199735641e-03 4.884900525212287903e-03 4.142787680029869080e-02 2.678278647363185883e-02 4.422065801918506622e-03 8.782190270721912384e-03 5.058596376329660416e-03 1.343301963061094284e-02 8.399342000484466553e-02 3.478591144084930420e-02 5.677466467022895813e-02 3.743531880900263786e-03 1.959888264536857605e-02 3.558073937892913818e-02 1.632942631840705872e-02 4.050252586603164673e-02 9.497731225565075874e-04 9.722921065986156464e-03 2.331072650849819183e-02 1.638841629028320312e-02 1.859630048274993896e-01 4.581169784069061279e-02 1.217582523822784424e-01 1.496513932943344116e-02 9.930195286870002747e-03 2.097872085869312286e-02 1.663573272526264191e-02 2.339430339634418488e-02 1.492945663630962372e-02 2.117659337818622589e-02 1.314327567815780640e-01 2.321014925837516785e-02 4.845072329044342041e-02 1.462611928582191467e-02 2.152239158749580383e-02 2.893617376685142517e-02 4.420264065265655518e-02 1.376253273338079453e-02 1.210744027048349380e-02 3.385162726044654846e-02 1.180886663496494293e-02 3.113893419504165649e-02 2.761173434555530548e-02 3.608570247888565063e-02 3.508337587118148804e-02 2.191319316625595093e-02 4.661880433559417725e-02 1.389729045331478119e-02 7.176541723310947418e-03 4.004940390586853027e-02 6.779852788895368576e-03 8.121342398226261139e-03 3.686188533902168274e-02 1.186153106391429901e-02 3.178152721375226974e-03 1.172695774585008621e-02 4.494800791144371033e-02 1.562250033020973206e-02 2.708269469439983368e-02 1.486873999238014221e-02 2.259548939764499664e-02 2.306368760764598846e-02 2.385470643639564514e-02 2.225104346871376038e-02
8.720841258764266968e-03 2.671612054109573364e-02 2.581793814897537231e-03 1.976079642772674561e-01 5.164005756378173828e-01 5.858717020601034164e-03 1.535854768007993698e-02 5.019268020987510681e-03 2.281565777957439423e-02 4.572500661015510559e-02 4.314803704619407654e-02 2.323231101036071777e-02 4.211564734578132629e-02 1.142846513539552689e-02 4.314525425434112549e-02 3.195257857441902161e-02 3.062860108911991119e-02 1.151396855711936951e-01 8.044375479221343994e-02 1.395793631672859192e-02 2.017752267420291901e-02 1.640761457383632660e-02 2.896882221102714539e-02 2.971485257148742676e-02 2.069120295345783234e-02 2.184106782078742981e-02 2.304244600236415863e-02 4.203733429312705994e-02 2.122438326478004456e-02 2.737435325980186462e-02 2.121137641370296478e-02 3.221229417249560356e-03 2.524771541357040405e-02 2.493232488632202148e-02 1.848021708428859711e-02 1.879937760531902313e-02 2.069205418229103088e-02 3.569758310914039612e-02 6.672564148902893066e-02 9.267728030681610107e-02 3.514998033642768860e-02 3.466574847698211670e-02 3.844633465632796288e-03 2.166200429201126099e-02 9.265053085982799530e-03 1.768181100487709045e-02 2.605336485430598259e-03 2.909076772630214691e-02 2.942994050681591034e-02 3.638964146375656128e-02 2.249831147491931915e-02 3.772739320993423462e-02 1.263996120542287827e-02 7.851115427911281586e-03 2.135338634252548218e-02 2.119523286819458008e-02 1.619054377079010010e-02 5.737739149481058121e-03 6.347857881337404251e-03 9.954723063856363297e-04 8.146275579929351807e-02 8.517789840698242188e-02 1.398841966874897480e-03 1.145808398723602295e-02 6.236579269170761108e-03 2.283037267625331879e-02 3.896440565586090088e-02 3.803869709372520447e-02 2.644078060984611511e-02 2.744137868285179138e-02 4.877372086048126221e-02 3.993225470185279846e-02 1.310709714889526367e-01 3.864280879497528076e-02 1.388216912746429443e-01 3.007057867944240570e-02 2.029844187200069427e-02 3.783171251416206360e-02 2.398071065545082092e-02 1.543380506336688995e-02 1.957981102168560028e-02 1.220327685587108135e-03 1.090793609619140625e-01 1.003667786717414856e-01 2.735067391768097878e-03 6.475813221186399460e-03 4.337000194936990738e-03 2.145217172801494598e-02 2.026354707777500153e-02 3.932346403598785400e-02 1.214621216058731079e-02 2.211295068264007568e-02 8.314263075590133667e-03 4.410234093666076660e-02 1.785014197230339050e-02 9.754358790814876556e-03 1.942825876176357269e-02 1.814573444426059723e-02 2.958324924111366272e-02 2.495034225285053253e-02 1.560457795858383179e-02 2.865475788712501526e-02 1.499146874994039536e-02 1.778125762939453125e-03 2.526455372571945190e-02 3.001523949205875397e-02 8.768596686422824860e-03 1.547616813331842422e-02 8.994848467409610748e-04 8.794221282005310059e-02 1.840989664196968079e-02 1.439441554248332977e-02 2.349317073822021484e-02 8.184720762073993683e-03 1.691904477775096893e-02 1.784591376781463623e-02
1.060779243707656860e-01 1.062507629394531250e-01 3.171306103467941284e-02 2.959683723747730255e-02 5.858717020601034164e-03 5.205888152122497559e-01 1.348408907651901245e-01 4.392025992274284363e-02 4.358100146055221558e-02 4.802493751049041748e-02 5.440181121230125427e-02 2.835148572921752930e-02 5.675281584262847900e-02 2.409535273909568787e-02 3.733237739652395248e-03 1.041154097765684128e-02 3.952442202717065811e-03 4.051532596349716187e-02 3.743842244148254395e-02 1.396267116069793701e-02 2.195431105792522430e-02 2.908241003751754761e-02 8.797066286206245422e-03 5.066756159067153931e-03 1.336787594482302666e-03 5.840802565217018127e-03 4.589666798710823059e-02 2.480281330645084381e-02 2.310996502637863159e-02 4.995615035295486450e-02 9.768023155629634857e-03 8.295291103422641754e-03 8.415308780968189240e-03 1.925376616418361664e-02 1.636560820043087006e-02 1.129077654331922531e-02 1.595108071342110634e-03 3.199229761958122253e-02 2.892564982175827026e-02 4.785714671015739441e-02 2.244588918983936310e-02 1.214900240302085876e-02 9.097949368879199028e-04 2.687145769596099854e-02 2.662314660847187042e-02 4.022431094199419022e-03 1.601464003324508667e-01 9.019496291875839233e-02 1.212616916745901108e-04 1.151897758245468140e-02 2.940317057073116302e-02 2.503757737576961517e-02 7.933648303151130676e-03 1.215009018778800964e-02 9.175815619528293610e-03 5.557889584451913834e-03 2.461717091500759125e-02 2.157431840896606445e-02 1.650750637054443359e-02 4.529702477157115936e-03 4.060830548405647278e-02 4.817281384021043777e-03 3.513926640152931213e-02 1.144864130765199661e-02 2.945744432508945465e-03 1.265361905097961426e-02 1.264000125229358673e-02 8.461115881800651550e-03 1.200967468321323395e-02 4.948402056470513344e-04 4.653695796150714159e-04 1.888478361070156097e-02 3.316298360005021095e-03 4.838274791836738586e-03 2.767309173941612244e-02 3.397901076823472977e-03 2.132170088589191437e-02 1.227293047122657299e-03 4.039341211318969727e-02 3.528112173080444336e-02 3.509012237191200256e-02 4.585228115320205688e-02 3.576334193348884583e-02 1.762039214372634888e-02 2.847228571772575378e-02 2.359859272837638855e-02 2.727544866502285004e-02 2.484676055610179901e-02 5.625679623335599899e-03 5.187007598578929901e-03 7.251268625259399414e-02 4.423473030328750610e-02 8.496261388063430786e-02 5.262074992060661316e-02 4.375831782817840576e-02 8.984587155282497406e-03 3.095897287130355835e-02 2.248026989400386810e-02 2.783345698844641447e-04 1.978218555450439453e-03 5.218222271651029587e-03 1.463423855602741241e-02 1.158246397972106934e-02 1.662646792829036713e-02 1.553282979875802994e-02 7.328881416469812393e-03 3.620436880737543106e-03 3.534830734133720398e-02 1.788543723523616791e-02 3.804757446050643921e-02 3.049047663807868958e-02 1.595080684637650847e-04 4.589988663792610168e-02 3.206881135702133179e-02 2.460545673966407776e-02 1.574960909783840179e-02
6.967362761497497559e-02 9.452576935291290283e-02 2.485298179090023041e-02 1.851779641583561897e-03 1.535854768007993698e-02 1.348408907651901245e-01 5.275576710700988770e-01 4.442821070551872253e-02 6.805618293583393097e-03 6.009615026414394379e-03 3.401318192481994629e-02 5.269088968634605408e-02 3.586438670754432678e-02 5.788200721144676208e-02 1.686342805624008179e-02 9.117942536249756813e-04 6.475399248301982880e-03 3.335593640804290771e-02 1.067668758332729340e-02 6.229277700185775757e-03 1.428841333836317062e-02 2.718198485672473907e-02 1.240994967520236969e-02 1.736651733517646790e-02 1.315777190029621124e-02 9.407034143805503845e-03 3.623991459608078003e-02 3.898753225803375244e-02 2.467617020010948181e-02 6.301972270011901855e-02 4.334011580795049667e-03 3.104567294940352440e-04 2.509817294776439667e-02 8.280384354293346405e-03 1.243785489350557327e-02 2.276846580207347870e-02 1.959407329559326172e-02 2.021345868706703186e-02 2.877890877425670624e-02 2.373066544532775879e-02 3.924619778990745544e-02 8.840082213282585144e-03 2.231970429420471191e-04 3.766562417149543762e-02 2.016496099531650543e-02 6.689186207950115204e-03 1.431642621755599976e-01 1.154739409685134888e-01 6.351268384605646133e-03 2.302090637385845184e-03 3.545562550425529480e-02 2.924428135156631470e-02 9.221403859555721283e-03 2.570280618965625763e-02 6.321638356894254684e-03 1.168613694608211517e-02 2.280785329639911652e-02 5.821813829243183136e-03 2.411507815122604370e-02 1.746427267789840698e-02 1.736191660165786743e-02 2.555200457572937012e-02 1.704474724829196930e-02 1.563103683292865753e-02 2.419903129339218140e-02 3.421405097469687462e-03 1.184802688658237457e-02 3.766622394323348999e-03 4.502412339206784964e-04 1.725534722208976746e-02 1.273190975189208984e-02 1.258618850260972977e-02 4.032192006707191467e-02 2.455024421215057373e-02 4.444438219070434570e-02 2.518664300441741943e-02 1.147122122347354889e-02 9.856114163994789124e-03 2.286190539598464966e-02 2.160101011395454407e-02 2.776911482214927673e-02 3.696342185139656067e-02 2.281845547258853912e-02 4.667961969971656799e-03 2.900025434792041779e-02 2.055882662534713745e-02 2.687261812388896942e-02 3.134566545486450195e-02 3.231448680162429810e-02 4.996991530060768127e-02 7.431082427501678467e-02 3.458612039685249329e-02 9.003465622663497925e-02 3.765822201967239380e-02 4.211845807731151581e-03 1.823435450205579400e-04 2.148456405848264694e-03 5.531718488782644272e-03 9.497400373220443726e-03 3.469362156465649605e-03 2.814579196274280548e-02 8.581805042922496796e-03 1.890515163540840149e-02 9.862808510661125183e-03 3.671671450138092041e-02 3.676942782476544380e-03 1.882113143801689148e-02 3.769667819142341614e-02 1.132938824594020844e-02 2.534488774836063385e-02 3.339799866080284119e-02 8.614242076873779297e-03 3.221565485000610352e-02 2.874328382313251495e-02 1.285604853183031082e-02 8.972128853201866150e-03
2.009571297094225883e-03 8.988588117063045502e-03 5.790914967656135559e-02 1.901358179748058319e-02 5.019268020987510681e-03 4.392025992274284363e-02 4.442821070551872253e-02 5.218207836151123047e-01 1.924980059266090393e-02 3.579088300466537476e-02 3.089732676744461060e-02 1.520402729511260986e-02 2.909213304519653320e-02 3.796575963497161865e-02 6.521622091531753540e-02 4.239770025014877319e-02 4.247704520821571350e-02 3.120876848697662354e-02 2.247713878750801086e-02 1.313730794936418533e-02 8.264960721135139465e-03 3.630727902054786682e-02 4.828089848160743713e-02 3.476021438837051392e-02 1.909806951880455017e-02 1.130008045583963394e-02 4.601974785327911377e-02 3.181541711091995239e-02 1.491981651633977890e-02 1.314269658178091049e-02 9.148456156253814697e-03 2.476597018539905548e-02 5.241472739726305008e-03 6.816978566348552704e-03 1.142128719948232174e-03 6.922317203134298325e-03 1.108620036393404007e-02 1.884178258478641510e-02 1.346499007195234299e-02 4.135781526565551758e-02 9.858348406851291656e-03 2.730016596615314484e-02 1.238660421222448349e-02 8.664657361805438995e-03 1.930986909428611398e-04 3.836291842162609100e-03 4.411400482058525085e-02 3.540755435824394226e-02 1.943925395607948303e-02 7.738258689641952515e-03 6.951625458896160126e-03 1.085040159523487091e-02 2.364824526011943817e-02 4.668575152754783630e-02 3.468860685825347900e-02 3.436559066176414490e-02 4.526102170348167419e-02 2.222231402993202209e-02 2.798725850880146027e-02 3.137011453509330750e-02 2.911099977791309357e-02 2.972955070436000824e-02 2.062976360321044922e-02 1.827539317309856415e-02 3.466995805501937866e-02 2.161196060478687286e-02 3.249619156122207642e-02 3.022794378921389580e-03 2.627363614737987518e-02 2.659000642597675323e-02 2.400149963796138763e-02 4.151427187025547028e-03 3.423222526907920837e-02 8.792423759587109089e-04 3.700675815343856812e-02 2.994327619671821594e-02 3.035820275545120239e-02 3.430695459246635437e-02 3.321478888392448425e-02 3.973862156271934509e-03 9.813955426216125488e-02 6.772746145725250244e-02 2.892871387302875519e-02 9.120467118918895721e-03 3.904575109481811523e-02 2.792298234999179840e-02 6.267464160919189453e-02 3.812418505549430847e-02 2.304577082395553589e-02 1.557953096926212311e-02 3.270520642399787903e-02 2.984845452010631561e-02 1.583463139832019806e-02 1.792135275900363922e-02 8.036691695451736450e-03 3.113300539553165436e-03 4.299109801650047302e-02 4.734902456402778625e-02 3.934747353196144104e-02 2.953218109905719757e-02 1.349823456257581711e-02 1.201289519667625427e-02 5.074305459856987000e-02 1.586720347404479980e-02 1.034334953874349594e-02 5.821329075843095779e-03 3.058122820220887661e-04 1.555282156914472580e-02 9.655622765421867371e-03 1.583870616741478443e-03 2.056096494197845459e-02 5.258906632661819458e-03 2.778248675167560577e-02 1.593929901719093323e-02 3.172340989112854004e-02 1.218423712998628616e-02
2.670587785542011261e-02 1.754447259008884430e-02 2.812875667586922646e-03 2.397758141160011292e-02 2.281565777957439423e-02 4.358100146055221558e-02 6.805618293583393097e-03 1.924980059266090393e-02 5.302914977073669434e-01 6.109174340963363647e-02 8.071655174717307091e-04 6.149772927165031433e-02 8.352608419954776764e-03 1.977257058024406433e-02 1.764481142163276672e-02 3.731173276901245117e-02 2.253540232777595520e-02 8.222313970327377319e-02 5.538986250758171082e-02 1.696819253265857697e-02 1.947048120200634003e-02 3.475733846426010132e-02 6.160787492990493774e-02 4.114203155040740967e-02 3.766451776027679443e-02 3.002574481070041656e-02 3.968409076333045959e-02 1.572548039257526398e-02 2.298026159405708313e-02 4.758271574974060059e-02 3.384981676936149597e-02 1.296162791550159454e-02 4.339732602238655090e-02 2.827424556016921997e-02 4.946469888091087341e-02 2.815544418990612030e-02 4.395351186394691467e-02 2.654099091887474060e-02 2.892334759235382080e-02 3.400897607207298279e-02 2.835229784250259399e-02 4.143863916397094727e-02 6.533693987876176834e-03 3.329348936676979065e-02 2.813039161264896393e-02 2.323262579739093781e-02 1.711497083306312561e-02 1.373778469860553741e-02 9.238604456186294556e-02 1.004322711378335953e-02 1.166414562612771988e-02 2.164708822965621948e-02 2.664753980934619904e-02 1.503807865083217621e-02 9.581633657217025757e-02 2.655402757227420807e-02 4.696654900908470154e-02 2.452484145760536194e-02 2.416149154305458069e-02 1.449591480195522308e-02 1.792189851403236389e-02 2.520222030580043793e-02 4.374941810965538025e-02 1.238710246980190277e-02 5.149660632014274597e-03 3.801497165113687515e-03 1.360252033919095993e-02 2.106913179159164429e-02 1.046022549271583557e-01 2.827540040016174316e-02 4.614553973078727722e-02 3.019025176763534546e-02 2.087607048451900482e-02 1.213505747728049755e-03 1.591688767075538635e-02 2.134603075683116913e-02 1.557336598634719849e-01 6.432005017995834351e-02 5.664433911442756653e-02 3.236123826354742050e-03 2.282729558646678925e-02 3.526718541979789734e-02 2.659706585109233856e-02 1.786965131759643555e-02 1.970513537526130676e-02 1.976730674505233765e-02 4.416720941662788391e-02 4.088383167982101440e-02 1.090765669941902161e-01 3.246139734983444214e-02 4.196024313569068909e-02 4.431977495551109314e-02 4.991275072097778320e-02 3.897548839449882507e-02 4.208480566740036011e-02 3.975512832403182983e-02 1.858876459300518036e-02 3.862393647432327271e-02 4.212312400341033936e-02 1.423719432204961777e-02 4.132568836212158203e-02 4.401041567325592041e-02 1.381678134202957153e-02 1.239604433067142963e-03 2.061852253973484039e-02 3.321615979075431824e-02 4.795882850885391235e-02 2.116679400205612183e-02 4.674934595823287964e-02 2.239042893052101135e-02 3.524885699152946472e-02 3.577717021107673645e-02 1.418445911258459091e-02 1.438885368406772614e-02 4.437894374132156372e-02 4.040052369236946106e-02
7.463779766112565994e-03 3.762159124016761780e-02 2.447507716715335846e-02 1.678678579628467560e-02 4.572500661015510559e-02 4.802493751049041748e-02 6.009615026414394379e-03 3.579088300466537476e-02 6.109174340963363647e-02 5.269741415977478027e-01 2.846824750304222107e-02 8.781746029853820801e-03 3.175602108240127563e-02 3.537397086620330811e-02 1.867929100990295410e-02 9.889766573905944824e-03 3.719687834382057190e-02 4.725558310747146606e-02 1.134713664650917053e-01 5.605769343674182892e-03 1.489042490720748901e-02 4.587129689753055573e-03 3.770520910620689392e-02 4.855387657880783081e-02 3.773442655801773071e-02 2.541127242147922516e-02 2.132661454379558563e-02 1.484682224690914154e-02 3.595940396189689636e-02 4.650243744254112244e-02 2.194761298596858978e-02 1.377265318296849728e-03 2.395069925114512444e-03 2.081248164176940918e-02 3.472319990396499634e-02 3.792709112167358398e-02 6.656520999968051910e-03 3.793414309620857239e-02 1.046283077448606491e-02 1.046142354607582092e-02 2.488716505467891693e-03 2.267127484083175659e-02 7.694650441408157349e-03 3.100163303315639496e-02 2.531610801815986633e-02 1.922161318361759186e-02 4.305910319089889526e-02 2.207268774509429932e-02 6.574223283678293228e-03 9.743198007345199585e-02 1.260346919298171997e-02 1.446798164397478104e-02 3.493691235780715942e-02 1.653108745813369751e-02 7.822733372449874878e-03 9.301652759313583374e-02 2.351989783346652985e-02 2.602263912558555603e-02 1.167317479848861694e-02 4.783285781741142273e-02 1.510772854089736938e-02 4.288733378052711487e-02 2.477700822055339813e-02 4.929519072175025940e-02 1.477576419711112976e-02 4.072538390755653381e-02 6.583711598068475723e-03 7.731188554316759109e-03 2.311978489160537720e-03 2.990109613165259361e-03 4.258400946855545044e-02 3.560464829206466675e-02 1.722715795040130615e-02 7.810911629348993301e-03 1.688484475016593933e-02 2.660387009382247925e-02 2.888054121285676956e-03 1.202479973435401917e-01 5.309277400374412537e-02 6.540520489215850830e-02 2.787639014422893524e-02 1.374729163944721222e-02 2.397884614765644073e-02 5.452721193432807922e-02 4.473844543099403381e-03 2.263039536774158478e-02 2.938880957663059235e-02 3.075883351266384125e-02 2.371613308787345886e-02 7.863389700651168823e-02 4.386749118566513062e-02 1.201449520885944366e-02 2.739307656884193420e-02 1.414168067276477814e-02 9.778946638107299805e-03 1.739667356014251709e-02 1.141065359115600586e-02 3.990973159670829773e-02 1.523050758987665176e-02 2.530981600284576416e-02 5.904275178909301758e-02 9.630926069803535938e-04 1.873603463172912598e-02 3.316689515486359596e-03 2.281913161277770996e-02 4.990963637828826904e-02 3.302905708551406860e-02 2.890601940453052521e-02 6.441972218453884125e-03 2.726159617304801941e-02 1.733251701807603240e-04 9.068021550774574280e-03 1.016396377235651016e-02 9.005052037537097931e-03 2.946860529482364655e-02 3.540297970175743103e-02
1.156917661428451538e-01 9.950952976942062378e-02 7.772573269903659821e-03 3.128022328019142151e-02 4.314803704619407654e-02 5.440181121230125427e-02 3.401318192481994629e-02 3.089732676744461060e-02 8.071655174717307091e-04 2.846824750304222107e-02 5.299266576766967773e-01 2.654354646801948547e-02 9.870564937591552734e-02 1.229697279632091522e-02 5.423588305711746216e-02 2.942707017064094543e-02 2.111007459461688995e-02 1.667859964072704315e-02 1.057491824030876160e-02 1.197000127285718918e-02 1.613184623420238495e-02 4.067590087652206421e-02 2.820671536028385162e-02 2.490395307540893555e-02 9.019133634865283966e-03 4.103160463273525238e-03 1.342058833688497543e-02 1.635932922363281250e-02 5.695004761219024658e-02 1.983724348247051239e-02 3.675485774874687195e-02 2.315843012183904648e-03 1.700774952769279480e-02 3.616952104493975639e-03 1.063152123242616653e-02 1.788277551531791687e-02 1.719087548553943634e-02 1.390317641198635101e-02 2.527973614633083344e-03 7.227173075079917908e-03 9.911100380122661591e-03 3.355167061090469360e-02 1.318196393549442291e-02 3.225679742172360420e-03 3.587406128644943237e-02 2.041829749941825867e-02 5.694562941789627075e-02 3.230184689164161682e-02 3.998435661196708679e-02 2.039290964603424072e-02 3.225521743297576904e-02 3.572335839271545410e-02 2.512772381305694580e-02 2.691534347832202911e-02 4.047142714262008667e-02 2.430526167154312134e-02 1.704482734203338623e-02 4.274168517440557480e-03 2.183801122009754181e-02 1.752506755292415619e-02 1.727094314992427826e-02 2.233498729765415192e-02 4.709646850824356079e-02 1.042781211435794830e-02 3.605464473366737366e-02 3.979001194238662720e-02 1.733702607452869415e-02 2.243356313556432724e-03 3.394109383225440979e-02 2.454493194818496704e-02 3.816749155521392822e-02 4.345298185944557190e-02 4.202039446681737900e-03 3.117587603628635406e-02 7.768894545733928680e-03 3.771556168794631958e-02 5.201096646487712860e-03 3.383103385567665100e-02 3.177902847528457642e-02 3.474889695644378662e-02 1.156231202185153961e-02 7.083370583131909370e-04 3.495112061500549316e-02 1.921468600630760193e-02 3.559649735689163208e-02 2.796113863587379456e-02 3.367862850427627563e-02 1.156611088663339615e-02 1.845180615782737732e-02 4.292674362659454346e-02 4.876260086894035339e-02 1.500215381383895874e-02 3.633080050349235535e-02 1.620632829144597054e-03 1.272881869226694107e-02 2.595066092908382416e-03 2.900824137032032013e-02 2.010639011859893799e-02 3.035741485655307770e-02 1.552293263375759125e-02 2.587023191154003143e-03 3.790752496570348740e-03 3.291279822587966919e-02 2.952499315142631531e-02 2.460435032844543457e-02 8.883552625775337219e-03 9.987652301788330078e-03 1.291020028293132782e-02 1.783382333815097809e-02 1.339283864945173264e-02 2.962098829448223114e-02 3.451614081859588623e-02 3.764772042632102966e-02 1.890999637544155121e-02 1.971711963415145874e-02 3.925490751862525940e-02
3.354638442397117615e-02 9.073671884834766388e-03 7.180943619459867477e-03 2.576376870274543762e-02 2.323231101036071777e-02 2.835148572921752930e-02 5.269088968634605408e-02 1.520402729511260986e-02 6.149772927165031433e-02 8.781746029853820801e-03 2.654354646801948547e-02 5.212405323982238770e-01 4.973901435732841492e-02 1.597003042697906494e-01 2.925639972090721130e-02 3.714284300804138184e-02 2.817494422197341919e-02 2.590112388134002686e-02 7.996977306902408600e-03 2.812703885138034821e-02 2.952908910810947418e-02 2.697765454649925232e-02 4.981454834342002869e-02 2.489659562706947327e-02 4.813833907246589661e-02 9.320479817688465118e-03 4.304796829819679260e-02 1.057972460985183716e-01 2.329453825950622559e-02 9.377633035182952881e-02 2.388828992843627930e-02 2.468316629528999329e-02 3.571558743715286255e-02 4.761033877730369568e-02 6.843502167612314224e-03 1.969794044271111488e-03 1.120727695524692535e-02 3.664911491796374321e-03 3.291557356715202332e-02 1.908141374588012695e-02 2.906925976276397705e-02 2.475022152066230774e-02 7.441964466124773026e-03 1.510820002295076847e-04 5.745750293135643005e-02 2.516761422157287598e-02 7.635051012039184570e-02 4.624938219785690308e-02 2.249821089208126068e-02 3.656319528818130493e-02 3.596732392907142639e-02 5.023759230971336365e-02 3.105743788182735443e-02 4.019514843821525574e-02 2.898428402841091156e-02 7.720054592937231064e-03 4.110661149024963379e-02 1.712735556066036224e-02 2.738600037992000580e-02 3.752959519624710083e-02 2.855725958943367004e-02 3.379128873348236084e-02 3.190255165100097656e-02 4.588738456368446350e-02 1.893561519682407379e-02 2.837000600993633270e-02 3.648376837372779846e-02 5.634267628192901611e-02 2.621998824179172516e-02 3.330742195248603821e-02 4.806790873408317566e-02 6.386536173522472382e-03 8.141508325934410095e-03 9.100008755922317505e-03 5.138180218636989594e-03 9.807978756725788116e-03 6.363832205533981323e-02 4.777877032756805420e-02 5.192719399929046631e-02 1.162619888782501221e-02 4.086985066533088684e-02 2.725259587168693542e-02 2.005908079445362091e-02 3.494901582598686218e-02 3.350504115223884583e-02 1.542594283819198608e-02 3.141146898269653320e-02 2.242758683860301971e-02 1.636449098587036133e-01 6.765181571245193481e-02 1.683180592954158783e-02 3.755399957299232483e-02 6.268432363867759705e-03 2.656754292547702789e-02 3.571706265211105347e-02 1.740658283233642578e-02 2.653902024030685425e-02 3.336178138852119446e-02 1.547118555754423141e-02 4.262585658580064774e-03 1.129255630075931549e-02 3.553703427314758301e-02 6.291219964623451233e-03 2.401874866336584091e-03 5.383802205324172974e-02 4.545667394995689392e-02 2.289920859038829803e-02 2.581811696290969849e-02 4.478412866592407227e-02 3.367712348699569702e-02 2.169987419620156288e-03 5.895036738365888596e-03 5.109374970197677612e-02 3.146942704916000366e-03 3.901232779026031494e-02 1.296701841056346893e-02
9.852777421474456787e-02 9.758680313825607300e-02 1.667230203747749329e-02 4.503139108419418335e-02 4.211564734578132629e-02 5.675281584262847900e-02 3.586438670754432678e-02 2.909213304519653320e-02 8.352608419954776764e-03 3.175602108240127563e-02 9.870564937591552734e-02 4.973901435732841492e-02 5.330950617790222168e-01 1.903744041919708252e-02 5.681163817644119263e-02 2.967844344675540924e-02 2.462578937411308289e-02 1.548228436149656773e-03 4.739872645586729050e-03 1.247940212488174438e-02 9.123702533543109894e-03 3.868555650115013123e-02 3.124707378447055817e-02 2.249293401837348938e-02 8.955117315053939819e-03 3.940720576792955399e-03 8.625403046607971191e-03 6.701698061078786850e-03 2.916105464100837708e-02 2.216737344861030579e-02 4.336342588067054749e-02 4.714029841125011444e-03 1.200268417596817017e-02 3.372569568455219269e-03 7.914151065051555634e-04 1.869370602071285248e-02 2.044400013983249664e-02 2.548132278025150299e-02 8.259960450232028961e-03 9.344598278403282166e-03 2.268627844750881195e-02 2.868675068020820618e-02 8.448121137917041779e-03 1.091065723448991776e-02 3.884801641106605530e-02 1.854758895933628082e-02 4.700602218508720398e-02 2.434586919844150543e-02 4.213109612464904785e-02 1.559667661786079407e-02 3.538724780082702637e-02 3.646729141473770142e-02 2.961365878582000732e-02 3.530505672097206116e-02 3.942452371120452881e-02 2.943058125674724579e-02 3.692455962300300598e-02 1.514621078968048096e-02 1.776827499270439148e-02 2.532995492219924927e-02 8.535324595868587494e-03 3.616622462868690491e-02 4.797426983714103699e-02 2.092906087636947632e-02 2.314076386392116547e-02 4.316931590437889099e-02 1.212551537901163101e-02 4.493946209549903870e-03 2.224400080740451813e-02 2.633268944919109344e-02 4.385564103722572327e-02 3.815268725156784058e-02 6.169123109430074692e-03 4.316454008221626282e-02 1.649795100092887878e-02 3.263562917709350586e-02 7.428621174767613411e-04 4.200555011630058289e-02 3.048187121748924255e-02 3.250841051340103149e-02 1.007894799113273621e-02 4.336238838732242584e-03 3.064867109060287476e-02 3.555165603756904602e-02 2.672489359974861145e-02 2.085658162832260132e-02 2.425354719161987305e-02 1.503240782767534256e-02 4.653093405067920685e-03 4.425916075706481934e-02 3.348268941044807434e-02 5.011301022022962570e-03 3.799385949969291687e-02 5.543848965317010880e-04 4.001798573881387711e-03 1.760206068865954876e-03 9.847216308116912842e-03 4.670761991292238235e-04 3.152781724929809570e-02 1.647495478391647339e-02 1.038945512846112251e-03 1.668500131927430630e-03 2.790635824203491211e-02 1.820660755038261414e-02 1.060288492590188980e-02 6.537241395562887192e-03 1.091209356673061848e-03 1.701206155121326447e-02 1.259103137999773026e-02 1.574622280895709991e-02 2.820391021668910980e-02 3.598232567310333252e-02 2.672022581100463867e-02 1.638211496174335480e-02 3.663896769285202026e-02 4.457315430045127869e-02
