4.682053625583648682e-01 1.910707503557205200e-01 3.930493816733360291e-02 3.421858325600624084e-02 2.288694120943546295e-02 1.368858516216278076e-01 2.615342289209365845e-02 1.087806001305580139e-02 3.484224528074264526e-02 3.478781878948211670e-02 1.183181628584861755e-01 3.233317658305168152e-02 8.953456580638885498e-02 1.799501106142997742e-02 2.181592583656311035e-02 8.044950664043426514e-03 1.555899623781442642e-02 3.599684918299317360e-03 1.850651949644088745e-02 5.228618159890174866e-03 4.922104999423027039e-03 4.256447404623031616e-02 2.682290039956569672e-02 1.874768920242786407e-02 3.432676196098327637e-03 3.577951807528734207e-03 2.486679516732692719e-02 1.568891666829586029e-02 1.246293354779481888e-02 2.613940834999084473e-02 3.104158490896224976e-02 5.144726485013961792e-02 4.018612205982208252e-02 3.311923146247863770e-02 3.177452459931373596e-02 7.065473590046167374e-03 7.292445283383131027e-03 1.183740887790918350e-02 1.826400123536586761e-02 2.936259098351001740e-02 3.824973711743950844e-03 3.355666995048522949e-02 4.538705572485923767e-03 1.463521644473075867e-02 3.577153012156486511e-02 5.293711088597774506e-03 6.012791767716407776e-02 4.629395529627799988e-02 6.418453063815832138e-03 3.704768419265747070e-02 1.224470697343349457e-02 1.843379624187946320e-02 1.936121284961700439e-02 1.455641910433769226e-02 5.669120699167251587e-03 2.328811027109622955e-02 3.604694455862045288e-02 3.176349774003028870e-02 9.407836943864822388e-03 6.636993493884801865e-03 3.093942627310752869e-02 7.481820415705442429e-03 3.502941876649856567e-02 3.014406003057956696e-02 2.176833897829055786e-02 1.608118973672389984e-02 2.105458639562129974e-02 9.094906039535999298e-03 1.727592665702104568e-03 2.956668846309185028e-02 7.128107972675934434e-05 1.699773781001567841e-02 3.186080604791641235e-02 1.443441840820014477e-03 3.145565837621688843e-02 1.701129414141178131e-02 3.758651018142700195e-02 2.569532394409179688e-02 3.006503731012344360e-02 1.124367862939834595e-02 2.468587597832083702e-03 1.984488777816295624e-02 1.852819323539733887e-02 2.528282813727855682e-02 3.007741644978523254e-02 7.014614064246416092e-03 3.392068296670913696e-02 3.669599443674087524e-02 1.363687962293624878e-02 1.579376752488315105e-03 2.996455319225788116e-02 2.597304806113243103e-02 7.029965519905090332e-02 2.279560780152678490e-03 2.878998778760433197e-02 3.852794691920280457e-02 1.946165598928928375e-02 1.927035860717296600e-02 2.124171331524848938e-02 2.897391468286514282e-02 3.269889950752258301e-02 3.537460789084434509e-02 4.679572768509387970e-03 1.699284650385379791e-02 9.533605538308620453e-03 2.222782000899314880e-02 3.637901693582534790e-02 2.327370084822177887e-02 7.897436618804931641e-03 2.279708720743656158e-02 1.947566494345664978e-02 4.647259600460529327e-03 1.409311313182115555e-02 1.595015265047550201e-02 2.257857099175453186e-02 3.955170139670372009e-02
1.910707503557205200e-01 4.710760712623596191e-01 3.626217693090438843e-02 4.178091417998075485e-03 4.179966170340776443e-03 9.811968356370925903e-02 3.471352159976959229e-02 2.816613391041755676e-02 3.414795175194740295e-02 3.436767682433128357e-02 1.004481092095375061e-01 1.576847583055496216e-02 1.008784994482994080e-01 2.839452214539051056e-02 1.744388416409492493e-02 1.245501171797513962e-02 1.576360687613487244e-02 1.562167773954570293e-03 2.767501398921012878e-02 1.714541227556765079e-03 1.415264676325023174e-03 1.854734122753143311e-02 2.975027449429035187e-02 3.777348995208740234e-02 3.995959646999835968e-03 1.505442149937152863e-02 4.263908416032791138e-02 9.967915713787078857e-03 1.251892303116619587e-03 1.010119356215000153e-02 1.112685655243694782e-03 2.804967202246189117e-02 3.128229826688766479e-02 2.773415669798851013e-02 2.349634468555450439e-02 1.832715235650539398e-02 1.650210469961166382e-02 1.937351562082767487e-02 3.334251046180725098e-02 4.172133654356002808e-02 3.691605851054191589e-02 3.867605328559875488e-02 5.574149079620838165e-03 2.533313352614641190e-03 2.970136702060699463e-02 2.413916029036045074e-02 5.285391211509704590e-02 5.753208696842193604e-02 1.257631089538335800e-02 3.323061391711235046e-02 3.502369800116866827e-04 6.552251055836677551e-03 3.443383052945137024e-02 2.983792871236801147e-02 2.714154077693820000e-03 2.482368983328342438e-02 2.304541133344173431e-02 4.028140380978584290e-02 9.620635770261287689e-03 4.291225341148674488e-04 3.121037222445011139e-02 5.632125539705157280e-04 3.563319146633148193e-02 1.877216249704360962e-02 2.683157473802566528e-02 3.762894123792648315e-02 6.243031471967697144e-03 1.115616317838430405e-02 1.014640182256698608e-02 2.398490160703659058e-02 3.477039281278848648e-04 5.976419430226087570e-03 3.943600133061408997e-02 7.502126973122358322e-03 3.024907037615776062e-02 2.539284527301788330e-02 3.362843021750450134e-02 3.546875342726707458e-02 3.336622938513755798e-02 3.965122252702713013e-02 1.465902570635080338e-02 5.473064724355936050e-03 1.151746418327093124e-02 1.099475659430027008e-02 9.162572212517261505e-03 2.947192871943116188e-03 1.390998903661966324e-02 4.048569127917289734e-02 1.002063974738121033e-02 2.075912989675998688e-02 2.559784241020679474e-02 1.975092105567455292e-02 8.585809171199798584e-02 1.236045546829700470e-02 2.940416149795055389e-02 4.147996380925178528e-02 2.041788212954998016e-02 1.816781703382730484e-03 2.902631834149360657e-02 2.430842071771621704e-02 2.975583262741565704e-02 3.296361118555068970e-02 1.569501869380474091e-02 3.490405157208442688e-02 1.209216937422752380e-02 2.728516794741153717e-02 4.232944175601005554e-02 4.064996913075447083e-02 1.147446874529123306e-02 3.491515293717384338e-02 8.862476795911788940e-03 2.215350233018398285e-02 7.473071571439504623e-03 1.475252397358417511e-02 6.584354210644960403e-03 3.012773208320140839e-02
3.930493816733360291e-02 3.626217693090438843e-02 4.507017135620117188e-01 4.808967560529708862e-02 1.004640832543373108e-01 3.939739614725112915e-02 3.390314429998397827e-02 1.475071310997009277e-01 7.187440642155706882e-04 3.986430168151855469e-02 4.188899323344230652e-02 2.703205496072769165e-02 4.448502138257026672e-02 1.496080309152603149e-02 2.619922906160354614e-02 7.812790572643280029e-03 1.549471169710159302e-03 5.699412524700164795e-02 3.392406180500984192e-02 3.538297489285469055e-02 3.680167719721794128e-02 3.987973555922508240e-02 2.485029213130474091e-02 1.200750842690467834e-02 3.769481554627418518e-02 1.135906111449003220e-02 3.148005902767181396e-02 4.557629115879535675e-03 3.623291105031967163e-02 1.715217530727386475e-02 2.908043563365936279e-02 2.440922334790229797e-02 3.264087485149502754e-03 2.296265587210655212e-02 1.274214964359998703e-02 1.012568920850753784e-02 1.162302773445844650e-02 2.051978372037410736e-02 3.917853161692619324e-02 2.328160218894481659e-02 5.161254107952117920e-02 2.645016834139823914e-02 3.021196648478507996e-02 1.280930638313293457e-01 2.165994420647621155e-02 4.804691299796104431e-02 7.483586203306913376e-03 2.050150558352470398e-02 2.659413218498229980e-02 3.628250584006309509e-02 9.658336639404296875e-03 5.907304119318723679e-03 3.215644508600234985e-02 1.099132932722568512e-03 4.016910679638385773e-03 2.026367746293544769e-02 1.781587116420269012e-02 4.299372807145118713e-02 1.878731139004230499e-02 5.917908251285552979e-02 9.360175579786300659e-03 5.653243046253919601e-03 2.898029796779155731e-02 3.833566734101623297e-04 4.028659686446189880e-02 4.975634627044200897e-03 2.810638863593339920e-03 2.191846817731857300e-02 2.716214023530483246e-02 3.470116481184959412e-02 1.436706818640232086e-02 2.073932811617851257e-02 8.104568347334861755e-03 1.420156005769968033e-02 2.828986197710037231e-02 2.469638362526893616e-02 8.095066063106060028e-03 3.562436252832412720e-02 9.736210107803344727e-03 4.036511853337287903e-02 1.848398149013519287e-01 1.474580615758895874e-01 2.419578097760677338e-02 6.985948421061038971e-04 2.224811166524887085e-02 3.584587574005126953e-02 3.784252563491463661e-03 3.120717033743858337e-02 8.536286652088165283e-03 3.621475771069526672e-02 3.986043855547904968e-02 2.048671059310436249e-02 3.708493709564208984e-02 4.142413660883903503e-02 2.598669752478599548e-02 2.325307764112949371e-02 3.010215796530246735e-02 1.503964420408010483e-02 8.778685703873634338e-03 1.034096442162990570e-02 1.876178197562694550e-02 1.092633698135614395e-02 3.207269310951232910e-02 2.588855102658271790e-02 6.664153933525085449e-02 4.112683609127998352e-02 2.460994757711887360e-02 2.184116654098033905e-02 2.495334111154079437e-02 2.380644157528877258e-02 2.806146256625652313e-02 3.609081730246543884e-02 4.387234896421432495e-02 3.925991058349609375e-02 1.796007528901100159e-02 1.280708797276020050e-02
3.421858325600624084e-02 4.178091417998075485e-03 4.808967560529708862e-02 4.477996230125427246e-01 2.140655070543289185e-01 1.604011282324790955e-02 9.641512297093868256e-03 1.867893710732460022e-02 2.971910685300827026e-02 1.426422689110040665e-02 3.943710401654243469e-02 1.269989740103483200e-02 1.517005730420351028e-02 8.162323385477066040e-03 3.033886197954416275e-03 3.120170161128044128e-02 4.196302965283393860e-02 4.121081903576850891e-02 4.272187501192092896e-02 2.019611746072769165e-02 1.576181314885616302e-02 1.591412234120070934e-03 3.710472583770751953e-02 1.271010469645261765e-02 3.874044865369796753e-02 4.060148447751998901e-02 9.826195426285266876e-03 3.128129243850708008e-02 2.729920111596584320e-02 1.913960673846304417e-03 2.376527339220046997e-02 3.154568746685981750e-02 6.272883713245391846e-02 3.778361249715089798e-03 3.302694763988256454e-03 8.779293857514858246e-04 1.408633310347795486e-02 4.255463927984237671e-02 2.020104043185710907e-02 1.740528643131256104e-02 4.352055490016937256e-03 3.559877350926399231e-02 1.184831466525793076e-02 4.676111042499542236e-02 8.930613286793231964e-03 7.179259788244962692e-03 6.165145430713891983e-03 1.029183529317378998e-02 4.253155738115310669e-02 7.623444776982069016e-03 3.316977620124816895e-02 9.333033114671707153e-03 3.581923898309469223e-03 3.430721163749694824e-02 4.995476920157670975e-03 4.449466709047555923e-03 3.993880748748779297e-02 8.682938292622566223e-03 6.698416080325841904e-03 3.325856477022171021e-02 6.184069812297821045e-02 4.329957067966461182e-02 1.464275270700454712e-02 1.722421497106552124e-02 3.768556285649538040e-03 3.192371502518653870e-02 2.303477562963962555e-02 1.936249807476997375e-02 1.638567540794610977e-03 3.262605890631675720e-02 1.358902733772993088e-02 2.425990626215934753e-02 1.094213798642158508e-01 5.372322350740432739e-02 5.656047537922859192e-02 5.826249718666076660e-02 4.225551616400480270e-03 1.188071630895137787e-02 1.456293463706970215e-02 2.288061939179897308e-02 1.859269849956035614e-02 7.994142360985279083e-03 8.995118550956249237e-03 1.033540070056915283e-02 2.789233811199665070e-03 1.665265858173370361e-02 1.218868605792522430e-02 1.037187641486525536e-03 1.800493191694840789e-04 4.700106009840965271e-02 1.489490456879138947e-02 1.418224652297794819e-03 2.983136102557182312e-03 5.523473955690860748e-03 2.538082562386989594e-02 4.678818397223949432e-03 4.135369323194026947e-03 1.989926211535930634e-02 5.067330226302146912e-02 3.612724691629409790e-02 1.490078587085008621e-02 1.398758962750434875e-02 8.263048715889453888e-03 5.334592424333095551e-03 2.090982347726821899e-02 1.876780204474925995e-02 2.567480085417628288e-03 9.604326635599136353e-02 1.953718066215515137e-02 2.593496756162494421e-04 4.413399845361709595e-02 2.053912729024887085e-02 3.497840836644172668e-02 3.443707246333360672e-04 1.553903054445981979e-02 1.595058012753725052e-03
2.288694120943546295e-02 4.179966170340776443e-03 1.004640832543373108e-01 2.140655070543289185e-01 4.388712346553802490e-01 7.850461988709867001e-04 2.030765451490879059e-02 6.156786531209945679e-02 1.158471219241619110e-02 2.754586748778820038e-02 3.852696344256401062e-02 7.765572983771562576e-03 3.721804916858673096e-02 4.915655031800270081e-02 5.105160921812057495e-02 2.854128181934356689e-02 2.041862159967422485e-02 3.202518075704574585e-02 1.226355135440826416e-02 2.707394398748874664e-02 2.699602767825126648e-02 3.309657052159309387e-02 1.567700877785682678e-02 2.856358699500560760e-02 7.758166175335645676e-03 3.222793713212013245e-02 2.957218140363693237e-02 4.264503717422485352e-02 9.672190062701702118e-03 3.838852420449256897e-02 1.307276426814496517e-03 3.970487415790557861e-02 3.040066733956336975e-02 4.368143528699874878e-02 2.891067601740360260e-02 3.935136273503303528e-02 8.621600572951138020e-04 5.756475962698459625e-03 3.071151487529277802e-02 6.918339431285858154e-02 3.500455990433692932e-02 1.846972666680812836e-02 1.956950314342975616e-02 2.465034462511539459e-02 6.353094708174467087e-03 4.239583015441894531e-02 2.519743889570236206e-02 1.091709546744823456e-02 8.747914806008338928e-03 3.208185732364654541e-02 2.546638064086437225e-02 3.929061442613601685e-02 1.512259058654308319e-02 6.730692088603973389e-02 3.269677981734275818e-03 4.830233380198478699e-02 2.047907374799251556e-02 1.282798498868942261e-02 2.186599932610988617e-02 5.977777298539876938e-03 9.580276906490325928e-03 1.580619066953659058e-02 2.575017698109149933e-02 1.488766982220113277e-03 3.681027516722679138e-02 1.810115016996860504e-02 4.069492593407630920e-02 3.733243793249130249e-02 2.056245226413011551e-03 1.031239517033100128e-03 1.074726134538650513e-02 3.215916827321052551e-02 2.144659869372844696e-02 2.341101644560694695e-03 5.171764269471168518e-02 4.737394303083419800e-02 3.878541989251971245e-03 3.013838827610015869e-02 4.254413768649101257e-02 3.710873425006866455e-02 8.861701190471649170e-02 5.844502151012420654e-02 1.613654941320419312e-02 2.855140902101993561e-02 2.174297720193862915e-02 3.814237937331199646e-02 2.032843604683876038e-02 3.689675824716687202e-03 4.288538172841072083e-02 1.402256079018115997e-02 1.123675517737865448e-02 3.978593647480010986e-02 1.474318839609622955e-02 2.212260477244853973e-02 2.906452491879463196e-02 1.316554658114910126e-02 4.253726825118064880e-02 3.673729300498962402e-02 2.053325762972235680e-03 1.949715660884976387e-03 1.305920258164405823e-02 1.226937770843505859e-02 5.818528123199939728e-03 3.656320273876190186e-02 2.156014926731586456e-02 1.624972745776176453e-02 8.424744941294193268e-03 4.544015601277351379e-02 2.552616060711443424e-04 9.738577157258987427e-02 2.696434967219829559e-03 2.904197573661804199e-02 2.739871619269251823e-03 2.542919106781482697e-02 2.528982609510421753e-02 2.621677238494157791e-03
1.368858516216278076e-01 9.811968356370925903e-02 3.939739614725112915e-02 1.604011282324790955e-02 7.850461988709867001e-04 4.699185490608215332e-01 1.565759778022766113e-01 3.064247407019138336e-02 2.381426468491554260e-02 3.099049441516399384e-02 8.057998865842819214e-02 4.810798913240432739e-02 5.020835995674133301e-02 5.116467177867889404e-02 6.657795980572700500e-03 3.879862278699874878e-02 1.148550584912300110e-02 4.386948049068450928e-02 6.999101489782333374e-03 2.347051538527011871e-02 5.077498499304056168e-03 3.665535524487495422e-02 2.039238251745700836e-02 1.442561112344264984e-02 1.526105310767889023e-02 7.308744825422763824e-03 1.654435507953166962e-02 2.385224588215351105e-02 1.096793171018362045e-02 4.760104790329933167e-02 3.935208544135093689e-02 3.418510407209396362e-02 2.078002877533435822e-02 1.879342831671237946e-02 3.207746148109436035e-02 2.331499010324478149e-02 1.580445095896720886e-02 2.659049816429615021e-02 3.410562872886657715e-02 9.241648949682712555e-03 2.735869772732257843e-02 3.287754580378532410e-02 1.361218746751546860e-02 9.907445637509226799e-04 3.108433261513710022e-02 4.608729109168052673e-02 1.500045061111450195e-01 5.987235903739929199e-02 2.769139781594276428e-02 3.133000805974006653e-02 2.573380619287490845e-02 1.442645862698554993e-02 3.389812633395195007e-02 3.085799887776374817e-02 3.672375530004501343e-02 5.539455451071262360e-03 4.852257668972015381e-02 3.346496447920799255e-02 1.563195511698722839e-02 3.219898417592048645e-02 1.132542733103036880e-03 4.073855467140674591e-03 4.344803094863891602e-02 4.034715890884399414e-02 2.517836354672908783e-02 7.941047661006450653e-03 4.491794109344482422e-02 6.108131492510437965e-04 3.146884497255086899e-03 1.269643194973468781e-02 3.330749645829200745e-02 2.846079692244529724e-02 3.013350302353501320e-03 2.274762652814388275e-02 1.710043661296367645e-02 1.225769054144620895e-02 2.908313274383544922e-02 1.651492714881896973e-02 4.660155624151229858e-03 2.450413070619106293e-02 8.287713862955570221e-03 2.299638278782367706e-02 3.604667261242866516e-02 1.125503098592162132e-03 2.991988509893417358e-02 2.451790263876318932e-03 2.824508585035800934e-02 2.997306361794471741e-02 4.777703806757926941e-02 4.408435896039009094e-02 6.362766027450561523e-02 3.746048780158162117e-03 1.337754540145397186e-02 1.773237064480781555e-02 3.273161500692367554e-02 6.606248673051595688e-03 4.491243883967399597e-02 3.532226756215095520e-02 3.559285774827003479e-02 3.395144641399383545e-02 3.813349455595016479e-02 2.818010002374649048e-02 4.910222068428993225e-02 5.028823763132095337e-02 1.182892546057701111e-02 3.610135614871978760e-02 3.119046986103057861e-02 1.044104807078838348e-02 1.342273131012916565e-02 2.934269979596138000e-02 4.517119750380516052e-02 1.903238892555236816e-02 1.374021079391241074e-02 9.684076532721519470e-03 1.477034855633974075e-02 5.971705541014671326e-02
2.615342289209365845e-02 3.471352159976959229e-02 3.390314429998397827e-02 9.641512297093868256e-03 2.030765451490879059e-02 1.565759778022766113e-01 4.635962247848510742e-01 1.368959248065948486e-02 4.353517293930053711e-02 4.180558025836944580e-03 4.065333679318428040e-02 5.515768658369779587e-03 2.462899684906005859e-02 6.216933205723762512e-02 1.310390233993530273e-02 3.923509642481803894e-02 2.940199896693229675e-02 5.067431181669235229e-02 1.658083498477935791e-02 1.167665614048019052e-04 2.287194319069385529e-02 2.074091508984565735e-02 4.189899563789367676e-02 4.621474537998437881e-03 2.197584696114063263e-02 6.121841445565223694e-02 5.423282273113727570e-03 5.645739659667015076e-02 5.623770877718925476e-03 2.408952638506889343e-02 5.919563700444996357e-04 4.358670487999916077e-02 1.831948570907115936e-02 9.276419295929372311e-04 6.146192550659179688e-02 9.867093525826931000e-03 1.407831534743309021e-02 2.844312414526939392e-02 1.116653624922037125e-02 2.079423982650041580e-03 2.695573866367340088e-02 2.433918602764606476e-02 1.480173040181398392e-02 5.007870495319366455e-02 4.876436665654182434e-03 3.141308203339576721e-02 1.261898130178451538e-01 9.118327498435974121e-02 1.103893294930458069e-02 1.551252789795398712e-02 8.777879178524017334e-03 1.385617302730679512e-03 3.341931849718093872e-02 1.345814554952085018e-03 3.168420493602752686e-02 1.507694553583860397e-02 4.184010624885559082e-02 3.254051506519317627e-02 1.795606687664985657e-02 9.156853891909122467e-03 4.364045802503824234e-03 1.443312224000692368e-02 2.434183470904827118e-02 9.162958711385726929e-03 6.512693315744400024e-02 1.016820222139358521e-02 4.550230130553245544e-02 9.710191749036312103e-03 2.269121352583169937e-03 8.275409229099750519e-03 1.995052583515644073e-02 3.573586791753768921e-02 1.760778576135635376e-02 2.308125980198383331e-02 6.160342134535312653e-03 1.127175800502300262e-02 1.880059018731117249e-02 4.157126694917678833e-02 2.479198155924677849e-03 5.399197805672883987e-03 5.846854764968156815e-03 6.544884294271469116e-03 3.219535201787948608e-02 2.886515669524669647e-02 3.057450428605079651e-02 1.644835807383060455e-02 2.680416684597730637e-03 2.324219560250639915e-03 5.570299550890922546e-02 4.691322892904281616e-02 3.534653782844543457e-02 8.117058314383029938e-03 3.043017163872718811e-02 2.535762637853622437e-02 7.100376300513744354e-03 3.889227658510208130e-02 5.255650356411933899e-02 3.171143308281898499e-02 2.967748045921325684e-02 3.255194798111915588e-02 3.479789197444915771e-02 4.413344711065292358e-02 2.956153452396392822e-02 6.984486710280179977e-03 5.104027315974235535e-02 1.608920283615589142e-02 3.400945290923118591e-02 4.768886789679527283e-02 1.552657037973403931e-02 6.066848337650299072e-02 2.401125850155949593e-03 4.968893155455589294e-02 2.202169597148895264e-02 3.166739270091056824e-02 2.949010394513607025e-02 1.232821866869926453e-01
1.087806001305580139e-02 2.816613391041755676e-02 1.475071310997009277e-01 1.867893710732460022e-02 6.156786531209945679e-02 3.064247407019138336e-02 1.368959248065948486e-02 4.751194119453430176e-01 6.330290343612432480e-03 4.352275282144546509e-02 6.185352802276611328e-03 5.706898518837988377e-04 5.441140383481979370e-03 1.421030145138502121e-02 6.253660470247268677e-02 3.442573919892311096e-02 1.721232943236827850e-02 1.937436871230602264e-02 1.374763809144496918e-02 5.645472090691328049e-03 6.412449758499860764e-03 2.986871264874935150e-02 1.914253830909729004e-02 3.601375967264175415e-02 1.199300750158727169e-03 1.086757890880107880e-02 7.058107294142246246e-03 2.985305897891521454e-02 2.740513160824775696e-02 3.003093414008617401e-02 3.296121954917907715e-02 2.291556261479854584e-02 1.798654720187187195e-02 1.113578211516141891e-02 2.731018885970115662e-02 6.071346625685691833e-02 4.118078202009201050e-02 5.023124441504478455e-02 1.207368914037942886e-02 3.859011828899383545e-02 7.333946228027343750e-02 8.634802885353565216e-03 8.721977472305297852e-03 7.409410178661346436e-02 2.328385831788182259e-03 2.436338923871517181e-02 1.477312017232179642e-02 1.006876863539218903e-02 4.446462541818618774e-02 1.323887612670660019e-02 2.781502529978752136e-02 2.904803026467561722e-03 1.594498567283153534e-02 6.826307624578475952e-03 1.180652622133493423e-02 3.242743760347366333e-02 3.037131950259208679e-02 3.137183189392089844e-02 1.894763484597206116e-02 2.166316844522953033e-02 2.809140644967556000e-02 4.756549000740051270e-02 5.233380571007728577e-02 4.425417259335517883e-02 2.422911114990711212e-02 2.142419666051864624e-02 3.666000440716743469e-02 2.000435255467891693e-02 2.697757445275783539e-02 2.561887912452220917e-02 4.163266718387603760e-02 1.775472797453403473e-02 2.936729416251182556e-02 5.331271793693304062e-03 3.412443026900291443e-02 2.734863571822643280e-02 3.344845026731491089e-02 1.402126904577016830e-02 1.938809454441070557e-02 1.807139068841934204e-02 1.315657645463943481e-01 1.095251142978668213e-01 3.872449696063995361e-02 1.508484408259391785e-02 4.853551834821701050e-02 1.921769231557846069e-02 1.008776649832725525e-01 6.770746409893035889e-02 4.340821877121925354e-02 3.070748969912528992e-02 3.133447095751762390e-02 9.404519572854042053e-03 4.856014624238014221e-02 1.687890663743019104e-02 5.305953696370124817e-02 1.204598601907491684e-02 4.392995685338973999e-02 1.945983432233333588e-02 3.323508426547050476e-02 3.989329561591148376e-02 4.122645780444145203e-02 3.458824008703231812e-02 2.857212163507938385e-02 4.151067137718200684e-02 8.762542158365249634e-03 7.561853621155023575e-03 1.808407396310940385e-04 3.564433380961418152e-02 9.054866619408130646e-03 4.275460913777351379e-02 3.482199832797050476e-02 4.463960602879524231e-02 1.940162666141986847e-02 1.798160746693611145e-02 4.581985622644424438e-02 4.873107373714447021e-02
3.484224528074264526e-02 3.414795175194740295e-02 7.187440642155706882e-04 2.971910685300827026e-02 1.158471219241619110e-02 2.381426468491554260e-02 4.353517293930053711e-02 6.330290343612432480e-03 4.728721976280212402e-01 6.920854002237319946e-02 8.389113470911979675e-03 6.117021292448043823e-02 4.331091046333312988e-02 2.618936821818351746e-02 2.335319109261035919e-02 5.282195284962654114e-02 3.061191365122795105e-02 1.685429066419601440e-01 1.277697551995515823e-02 3.388813138008117676e-02 2.465457096695899963e-02 4.215238243341445923e-02 2.903056563809514046e-03 3.578922525048255920e-02 3.818164020776748657e-02 2.448227629065513611e-02 5.919771268963813782e-02 3.616162389516830444e-02 3.757744655013084412e-02 1.209997199475765228e-02 1.900151558220386505e-02 7.574371993541717529e-03 3.062094002962112427e-02 4.275328479707241058e-03 2.570849284529685974e-02 1.044645160436630249e-02 4.864569753408432007e-02 1.512446813285350800e-02 1.247539091855287552e-02 1.491217408329248428e-02 1.810164749622344971e-02 6.590678542852401733e-02 4.559639841318130493e-02 2.628028020262718201e-02 5.814267322421073914e-03 2.184962481260299683e-02 3.282065689563751221e-02 7.773267570883035660e-03 1.209804192185401917e-01 1.979387924075126648e-02 1.681716367602348328e-02 2.101304195821285248e-02 3.592891246080398560e-02 2.529166638851165771e-02 7.009354978799819946e-02 1.991682872176170349e-02 2.259091287851333618e-02 1.725493744015693665e-02 2.318177185952663422e-02 4.116280935704708099e-03 1.572326384484767914e-02 5.553160328418016434e-03 1.934480480849742889e-02 4.175369441509246826e-02 3.368983417749404907e-02 3.281718492507934570e-02 4.039029404520988464e-02 3.156625479459762573e-02 1.655489020049571991e-02 5.546324327588081360e-02 5.166601389646530151e-02 8.322652429342269897e-02 1.002418436110019684e-02 4.361168295145034790e-02 2.558317035436630249e-02 7.382474839687347412e-02 1.753799468278884888e-01 4.086026549339294434e-02 1.226747557520866394e-01 9.104805998504161835e-03 4.216718953102827072e-03 3.622620180249214172e-02 8.492011576890945435e-02 2.608477370813488960e-03 3.818242624402046204e-02 4.818485677242279053e-02 2.775528654456138611e-02 3.620623052120208740e-02 3.226112574338912964e-02 1.771493069827556610e-02 5.029533058404922485e-02 4.443959891796112061e-02 4.771592561155557632e-03 3.472049906849861145e-02 5.384019762277603149e-02 3.609704971313476562e-02 4.539773985743522644e-02 7.581470161676406860e-02 1.265056710690259933e-02 2.106403745710849762e-02 4.846550524234771729e-03 1.912520267069339752e-02 4.449241235852241516e-02 1.371961645781993866e-02 3.746885806322097778e-02 4.085936769843101501e-02 2.129852212965488434e-02 1.737533323466777802e-02 3.434936702251434326e-02 3.124972805380821228e-02 2.568767033517360687e-02 2.643480664119124413e-03 3.741322830319404602e-02 3.392186015844345093e-02 2.622369304299354553e-02 2.978353947401046753e-02
3.478781878948211670e-02 3.436767682433128357e-02 3.986430168151855469e-02 1.426422689110040665e-02 2.754586748778820038e-02 3.099049441516399384e-02 4.180558025836944580e-03 4.352275282144546509e-02 6.920854002237319946e-02 4.819667041301727295e-01 1.386393699795007706e-02 4.093238711357116699e-02 5.320213362574577332e-02 4.005027562379837036e-02 4.077856987714767456e-02 5.487452261149883270e-03 5.763133987784385681e-02 2.500500902533531189e-02 6.836517155170440674e-02 9.116580709815025330e-03 3.949060104787349701e-03 4.380631819367408752e-02 1.105482224375009537e-02 2.369133196771144867e-02 2.823562920093536377e-02 2.094271034002304077e-02 3.594523877836763859e-04 2.823282964527606964e-02 3.451780602335929871e-02 9.119607508182525635e-03 3.638233989477157593e-02 1.841137185692787170e-02 7.075945287942886353e-02 4.354532808065414429e-02 2.876424696296453476e-03 9.065719204954802990e-04 2.465247875079512596e-03 1.435741968452930450e-02 3.833947330713272095e-02 3.002823516726493835e-02 3.955421969294548035e-02 3.523700684309005737e-02 5.966000258922576904e-03 6.308351177722215652e-03 3.853749483823776245e-02 3.740020841360092163e-02 1.754749566316604614e-02 8.897794410586357117e-03 3.219356760382652283e-02 7.719102501869201660e-02 4.002957791090011597e-02 3.605011850595474243e-02 4.419151693582534790e-02 3.995411098003387451e-02 3.951012622565031052e-03 4.332401975989341736e-02 4.482488334178924561e-02 1.212472561746835709e-02 2.510740049183368683e-02 1.314570568501949310e-02 3.797615692019462585e-02 3.237472102046012878e-02 4.781319573521614075e-02 3.286905959248542786e-02 2.849637821782380342e-04 2.620816603302955627e-02 3.351937606930732727e-02 2.729353122413158417e-02 1.883419975638389587e-02 5.232247337698936462e-02 6.702820956707000732e-02 2.268538624048233032e-02 4.307083785533905029e-02 6.008811667561531067e-02 3.164767473936080933e-02 5.548908188939094543e-02 5.433919653296470642e-02 1.501109153032302856e-01 1.580540463328361511e-02 9.356232732534408569e-02 4.502220824360847473e-02 1.866063848137855530e-02 2.706533297896385193e-02 9.344802051782608032e-02 4.706163331866264343e-02 3.141496097669005394e-03 4.315331950783729553e-02 3.491853550076484680e-02 7.781616412103176117e-03 1.984476670622825623e-02 1.919224858283996582e-02 2.056017518043518066e-02 1.657135784626007080e-02 4.201427102088928223e-02 2.940615080296993256e-02 7.126323878765106201e-03 3.014943934977054596e-02 8.975528180599212646e-03 4.418008401989936829e-02 3.524930449202656746e-03 2.388584427535533905e-02 1.893972046673297882e-02 2.237160690128803253e-02 4.885291680693626404e-02 2.978919632732868195e-02 8.140793070197105408e-03 3.417703881859779358e-02 3.342417627573013306e-02 2.148475311696529388e-02 2.652751654386520386e-02 5.823939666152000427e-02 4.883548617362976074e-02 5.295094102621078491e-02 3.458999469876289368e-02 5.186263471841812134e-03 3.776813298463821411e-02
1.183181628584861755e-01 1.004481092095375061e-01 4.188899323344230652e-02 3.943710401654243469e-02 3.852696344256401062e-02 8.057998865842819214e-02 4.065333679318428040e-02 6.185352802276611328e-03 8.389113470911979675e-03 1.386393699795007706e-02 4.824616611003875732e-01 4.031782597303390503e-02 7.759681344032287598e-02 4.539660736918449402e-02 4.060966894030570984e-02 1.917742006480693817e-02 2.027458325028419495e-02 5.972094833850860596e-03 2.665806934237480164e-02 2.718798932619392872e-04 1.720635965466499329e-02 4.326881840825080872e-02 4.096300899982452393e-02 3.489755839109420776e-02 1.455434691160917282e-02 2.685729414224624634e-02 3.945414442569017410e-03 5.945196840912103653e-03 2.114794217050075531e-02 2.043021610006690025e-03 6.781884469091892242e-03 2.451917529106140137e-02 2.598364464938640594e-02 6.289820186793804169e-03 3.606568276882171631e-02 1.225839741528034210e-02 1.021226416924037039e-04 2.401614375412464142e-02 7.860384881496429443e-03 9.227594360709190369e-03 2.191745489835739136e-02 2.856720425188541412e-02 3.123922215308994055e-04 3.688233718276023865e-02 3.087427839636802673e-02 1.256276620551943779e-03 5.772413685917854309e-02 4.311181232333183289e-02 3.309274464845657349e-02 2.011201344430446625e-02 1.345775183290243149e-02 3.323503071442246437e-03 4.940901324152946472e-02 2.413165383040904999e-02 5.194200202822685242e-03 4.651518538594245911e-02 2.836233563721179962e-02 4.161557182669639587e-02 1.496085897088050842e-02 9.837401099503040314e-03 7.898295298218727112e-03 1.585060730576515198e-02 4.157575592398643494e-02 2.487646602094173431e-02 4.266186058521270752e-02 4.411308839917182922e-02 1.181907020509243011e-02 8.292325772345066071e-03 5.497149657458066940e-03 2.988320402801036835e-02 1.030479907058179379e-03 4.048667475581169128e-02 2.424267306923866272e-02 5.330645665526390076e-02 8.491267450153827667e-03 2.248837240040302277e-02 4.623620212078094482e-02 2.780537866055965424e-02 9.297237731516361237e-03 1.028657890856266022e-02 1.557385735213756561e-02 1.426675822585821152e-02 1.518064271658658981e-02 3.946789726614952087e-02 2.159768529236316681e-02 4.303256515413522720e-03 4.397457465529441833e-02 4.366516694426536560e-02 2.349644899368286133e-02 1.080743130296468735e-02 2.036423236131668091e-02 3.154461085796356201e-02 8.833104744553565979e-03 8.604261092841625214e-03 2.143922448158264160e-02 1.442036032676696777e-02 1.354847848415374756e-02 2.962314523756504059e-02 7.623699959367513657e-03 9.367969818413257599e-03 3.120020590722560883e-02 2.727519348263740540e-02 9.775107726454734802e-03 1.283267047256231308e-02 2.179032657295465469e-03 3.293490037322044373e-02 2.469461597502231598e-02 1.542879454791545868e-02 1.651068590581417084e-02 3.458637744188308716e-02 1.178763248026371002e-02 5.586224421858787537e-02 5.795586854219436646e-03 6.087598740123212337e-04 2.969294786453247070e-02 8.936465717852115631e-03
3.233317658305168152e-02 1.576847583055496216e-02 2.703205496072769165e-02 1.269989740103483200e-02 7.765572983771562576e-03 4.810798913240432739e-02 5.515768658369779587e-03 5.706898518837988377e-04 6.117021292448043823e-02 4.093238711357116699e-02 4.031782597303390503e-02 4.520851075649261475e-01 1.658353768289089203e-02 1.439031213521957397e-01 2.920415624976158142e-02 1.368677895516157150e-02 2.864600531756877899e-02 5.292811989784240723e-02 3.167189285159111023e-02 1.336732320487499237e-02 4.850283637642860413e-02 3.499851003289222717e-02 3.820910304784774780e-02 5.435932893306016922e-03 3.939646109938621521e-02 2.173365280032157898e-02 2.101321518421173096e-02 5.478771775960922241e-02 9.457419626414775848e-03 2.078101970255374908e-02 1.890516281127929688e-02 3.511950373649597168e-02 6.038962863385677338e-03 4.349070787429809570e-02 5.298260226845741272e-02 1.874900050461292267e-02 4.497065395116806030e-02 3.622204065322875977e-02 4.956896416842937469e-03 2.693191636353731155e-03 2.083391323685646057e-02 5.537518858909606934e-02 4.469504207372665405e-02 5.645328760147094727e-02 1.729353889822959900e-02 4.502628743648529053e-02 2.940484881401062012e-02 3.921350836753845215e-02 2.951496466994285583e-02 4.357721656560897827e-02 3.365721553564071655e-02 3.291099146008491516e-02 7.974488544277846813e-04 1.316971890628337860e-02 2.934425882995128632e-02 3.665351122617721558e-02 6.042489036917686462e-02 4.624830186367034912e-02 5.165619309991598129e-03 2.297732234001159668e-02 2.238049870356917381e-03 2.875629998743534088e-02 8.565101772546768188e-03 2.068719826638698578e-02 6.718898657709360123e-03 3.276132047176361084e-02 9.281471371650695801e-03 1.812220551073551178e-02 8.318423293530941010e-03 3.555678948760032654e-02 2.998078800737857819e-02 5.146301165223121643e-02 1.062483876012265682e-03 7.433316204696893692e-03 7.161374203860759735e-03 5.002199322916567326e-04 6.583361327648162842e-02 7.944789715111255646e-03 6.622858811169862747e-03 1.249411515891551971e-02 2.066619135439395905e-02 2.740137092769145966e-02 1.552656292915344238e-02 1.763607934117317200e-02 4.165179096162319183e-03 2.562453225255012512e-02 1.740312436595559120e-03 4.528063535690307617e-02 7.895950973033905029e-02 3.007297590374946594e-02 4.738071467727422714e-03 1.385735254734754562e-02 1.812336035072803497e-02 1.192741654813289642e-02 4.074034094810485840e-02 2.213216619566082954e-03 1.254762150347232819e-02 5.022015795111656189e-02 3.230119869112968445e-02 3.884022310376167297e-02 2.969043515622615814e-02 3.554906323552131653e-02 2.286690473556518555e-02 2.625173330307006836e-02 1.303420215845108032e-02 3.364326432347297668e-02 3.203408047556877136e-02 9.613462723791599274e-03 3.895964100956916809e-02 4.584749694913625717e-03 5.197804421186447144e-02 2.159514278173446655e-02 3.506417199969291687e-02 2.234368352219462395e-03 4.479859024286270142e-02 4.921760037541389465e-02
8.953456580638885498e-02 1.008784994482994080e-01 4.448502138257026672e-02 1.517005730420351028e-02 3.721804916858673096e-02 5.020835995674133301e-02 2.462899684906005859e-02 5.441140383481979370e-03 4.331091046333312988e-02 5.320213362574577332e-02 7.759681344032287598e-02 1.658353768289089203e-02 4.816590249538421631e-01 1.214872393757104874e-02 4.700545221567153931e-02 3.185061365365982056e-02 2.408645115792751312e-02 1.799376867711544037e-02 3.946643695235252380e-02 4.789374768733978271e-03 7.915008813142776489e-03 4.496977478265762329e-02 3.429143875837326050e-02 4.368809983134269714e-02 4.116214695386588573e-04 9.847446344792842865e-03 1.071489602327346802e-02 1.084803510457277298e-02 3.578263521194458008e-02 1.551092020235955715e-03 3.477391228079795837e-02 2.677482552826404572e-03 3.027904778718948364e-02 5.602743010967969894e-03 3.333799540996551514e-02 3.944365307688713074e-03 8.312258869409561157e-04 2.892255084589123726e-03 1.651460304856300354e-03 1.893713511526584625e-02 4.607558995485305786e-02 2.026675082743167877e-02 4.467264283448457718e-03 3.589683771133422852e-02 1.035634893923997879e-02 1.793330162763595581e-02 3.389732167124748230e-02 4.350484535098075867e-02 4.155210405588150024e-02 4.666186124086380005e-02 1.070641446858644485e-03 6.809988059103488922e-03 3.882129490375518799e-02 3.469914942979812622e-02 1.740714907646179199e-02 2.089369855821132660e-02 1.268632709980010986e-02 5.348570179194211960e-03 1.301236171275377274e-02 7.795692654326558113e-04 1.442801952362060547e-02 1.141755026765167713e-03 2.747522480785846710e-02 7.601194083690643311e-03 2.898501977324485779e-02 6.705418974161148071e-02 2.986196195706725121e-03 1.462101656943559647e-02 8.925577625632286072e-03 4.597955197095870972e-02 5.115927662700414658e-03 1.248249318450689316e-02 3.756865486502647400e-02 1.294005196541547775e-02 2.474861778318881989e-02 7.529857568442821503e-03 3.537948802113533020e-02 1.714461832307279110e-03 9.006208740174770355e-03 3.287093713879585266e-02 3.950582072138786316e-02 1.696580462157726288e-02 8.431045338511466980e-03 2.869897522032260895e-02 4.288312979042530060e-03 7.332901936024427414e-03 8.724289946258068085e-03 4.377388954162597656e-02 2.214830368757247925e-03 4.194767773151397705e-02 9.018697775900363922e-03 1.681720651686191559e-02 3.093613684177398682e-02 2.905110642313957214e-02 7.050328887999057770e-03 1.783937960863113403e-02 2.851771004498004913e-02 3.357366472482681274e-02 7.415581494569778442e-03 6.737856660038232803e-03 1.572413183748722076e-02 2.698273397982120514e-02 2.292275242507457733e-02 2.778320200741291046e-02 2.120833145454525948e-03 9.276916272938251495e-03 1.659465837292373180e-03 3.510459885001182556e-02 7.064102217555046082e-03 3.763556480407714844e-02 2.583521418273448944e-02 5.776503589004278183e-03 1.252997294068336487e-02 7.427745498716831207e-03 1.664329320192337036e-02 3.702146559953689575e-02
