5.148842930793762207e-01 1.411186605691909790e-01 5.049069412052631378e-03 7.472687284462153912e-04 3.841393860056996346e-03 7.617686688899993896e-02 9.146618098020553589e-02 3.608325123786926270e-02 7.599929813295602798e-04 1.458190288394689560e-02 7.071343064308166504e-02 6.900887191295623779e-02 6.290306895971298218e-02 6.649082154035568237e-02 4.019207507371902466e-02 4.019476473331451416e-02 1.186745800077915192e-02 4.472305625677108765e-02 2.216142416000366211e-02 2.640397287905216217e-02 2.180255390703678131e-02 2.989630447700619698e-03 4.436337947845458984e-02 2.364417351782321930e-02 4.872040078043937683e-02 5.134127661585807800e-02 1.368594262748956680e-02 4.778844490647315979e-02 4.185637459158897400e-03 5.006565153598785400e-02 1.401987392455339432e-02 3.832172602415084839e-02 4.892196133732795715e-02 1.570276357233524323e-02 3.236266970634460449e-02 1.443501003086566925e-02 1.968441531062126160e-02 5.328936502337455750e-03 1.693576946854591370e-02 3.282339498400688171e-02 3.478553891181945801e-02 4.016447812318801880e-02 5.661492049694061279e-02 1.991276629269123077e-02 2.564011700451374054e-02 4.073957726359367371e-02 3.618380427360534668e-02 1.240480225533246994e-03 2.639237418770790100e-02 4.128662869334220886e-02 1.449600700289011002e-02 1.889143255539238453e-03 2.669349312782287598e-02 1.249352819286286831e-03 2.817545272409915924e-02 4.834075458347797394e-03 2.905689179897308350e-04 2.631737291812896729e-02 3.137026727199554443e-02 4.772238433361053467e-03 5.317194387316703796e-02 5.042923986911773682e-02 4.078432545065879822e-02 1.534483954310417175e-02 3.425444010645151138e-03 1.595033518970012665e-02 1.203543599694967270e-02 4.712754487991333008e-02 5.745122954249382019e-02 2.104670368134975433e-02 1.618434302508831024e-02 3.472250699996948242e-02 3.540805354714393616e-02 1.680469885468482971e-02 1.648563891649246216e-02 3.409800678491592407e-02 1.538589969277381897e-02 3.536671400070190430e-02 4.932012874633073807e-03 3.012617584317922592e-03 5.848641041666269302e-03 2.594681084156036377e-02 5.295602604746818542e-03 1.405411306768655777e-02 5.006029084324836731e-02 2.278707735240459442e-02 3.762982040643692017e-02 1.853162795305252075e-02 1.616600155830383301e-02 8.380800485610961914e-03 4.439143091440200806e-02 1.184527296572923660e-02 3.779866918921470642e-02 2.438365295529365540e-02 4.215897247195243835e-02 3.827030956745147705e-02 3.792682290077209473e-02 4.706247895956039429e-02 2.468687668442726135e-02 1.257335487753152847e-02 2.569465711712837219e-02 1.717810891568660736e-02 2.538459748029708862e-02 3.411119431257247925e-02 1.289550447836518288e-03 2.214870229363441467e-02 3.135854005813598633e-02 2.641921304166316986e-02 2.160098589956760406e-02 5.379773303866386414e-02 4.195579513907432556e-02 1.163189299404621124e-02 2.905090712010860443e-02 4.776993766427040100e-02 1.787162013351917267e-02 1.108571793884038925e-02
1.411186605691909790e-01 4.978000819683074951e-01 1.506516430526971817e-02 1.393445674329996109e-02 9.334302507340908051e-03 2.748480811715126038e-02 8.375895768404006958e-02 9.985415264964103699e-03 1.369176059961318970e-02 2.277482300996780396e-02 6.270464509725570679e-02 5.956156551837921143e-02 7.902006059885025024e-02 7.828948646783828735e-02 9.936255402863025665e-03 1.696414314210414886e-02 7.778752595186233521e-03 1.385730784386396408e-02 2.441731654107570648e-02 1.235203351825475693e-02 3.633559495210647583e-02 3.677994478493928909e-03 3.333893418312072754e-02 3.523723036050796509e-02 4.470576345920562744e-02 2.866254560649394989e-02 1.872091670520603657e-03 2.218901179730892181e-02 6.193644949235022068e-04 3.289978206157684326e-02 3.361094859428703785e-04 2.021036855876445770e-02 4.890813678503036499e-02 1.932604238390922546e-02 2.125390246510505676e-02 2.659512683749198914e-02 5.665831640362739563e-02 1.554413419216871262e-02 1.740300096571445465e-02 4.369082674384117126e-02 7.342015393078327179e-03 4.449920728802680969e-02 2.802824974060058594e-02 3.623860189691185951e-03 1.699908450245857239e-02 4.718240350484848022e-02 2.834171801805496216e-02 1.424624677747488022e-02 1.947199366986751556e-02 3.710904344916343689e-02 9.864510037004947662e-03 8.959556929767131805e-03 7.651257328689098358e-03 1.572366454638540745e-03 3.244808316230773926e-02 6.260006222873926163e-03 2.507255040109157562e-02 3.081234730780124664e-02 2.675636671483516693e-02 1.670171390287578106e-03 1.335186231881380081e-02 4.501331225037574768e-02 2.154436893761157990e-02 9.613514877855777740e-03 6.251458078622817993e-03 1.875596679747104645e-02 2.285333164036273956e-02 3.511296212673187256e-02 1.311622653156518936e-02 4.722007364034652710e-02 2.359503414481878281e-03 2.553003840148448944e-02 4.009632393717765808e-02 3.607170283794403076e-02 2.220201306045055389e-02 2.960168756544589996e-02 4.452228173613548279e-02 2.041645906865596771e-02 4.275443404912948608e-02 1.855232194066047668e-02 1.231701206415891647e-02 2.860225737094879150e-02 4.394461400806903839e-03 4.645055159926414490e-02 2.093975991010665894e-02 4.954398795962333679e-02 3.969810437411069870e-03 2.482273615896701813e-02 1.201943960040807724e-02 4.102907702326774597e-02 4.961667954921722412e-02 3.020814992487430573e-02 3.732259571552276611e-02 1.407209504395723343e-02 6.024553999304771423e-02 3.398410975933074951e-02 2.715841680765151978e-02 7.808319292962551117e-03 3.084033541381359100e-02 1.102990936487913132e-02 1.987952180206775665e-02 1.207462977617979050e-02 1.303365919739007950e-02 8.602298796176910400e-03 1.682153902947902679e-02 1.346549764275550842e-02 3.626438230276107788e-02 8.626957423985004425e-03 3.234762325882911682e-02 4.104270786046981812e-02 3.476230800151824951e-02 7.894549518823623657e-03 2.555988170206546783e-02 4.623634368181228638e-02 2.494396269321441650e-02 1.352266315370798111e-02
5.049069412052631378e-03 1.506516430526971817e-02 4.723899960517883301e-01 6.636938545852899551e-03 3.628206904977560043e-03 5.065168254077434540e-03 8.937314152717590332e-03 1.975858397781848907e-02 1.824265636969357729e-04 1.003758981823921204e-01 2.125844359397888184e-02 1.357976440340280533e-02 5.001493543386459351e-02 6.096155848354101181e-03 8.619040250778198242e-03 2.859108708798885345e-02 9.586289525032043457e-03 5.991311743855476379e-02 2.192243188619613647e-02 6.526621524244546890e-03 1.419773884117603302e-02 2.753883041441440582e-02 1.287872320972383022e-03 1.256259810179471970e-02 6.452463567256927490e-03 1.794108003377914429e-02 4.707700386643409729e-02 1.428949367254972458e-02 4.367079958319664001e-02 1.155521534383296967e-02 4.263302311301231384e-03 1.887846738100051880e-02 7.323330640792846680e-02 9.511196054518222809e-03 2.445437479764223099e-03 2.594905719161033630e-02 4.273123294115066528e-02 2.147113159298896790e-02 3.523502126336097717e-02 2.718270290642976761e-03 2.906678430736064911e-02 3.447761014103889465e-02 2.115123532712459564e-02 2.874171547591686249e-02 4.239358007907867432e-02 2.516172081232070923e-02 2.193592861294746399e-02 2.128897421061992645e-02 5.785934627056121826e-02 1.708651892840862274e-02 4.343464970588684082e-02 6.173412129282951355e-02 3.739091753959655762e-02 1.153615862131118774e-02 3.072985634207725525e-02 3.651108825579285622e-03 2.679596468806266785e-02 6.929665338248014450e-03 1.499730907380580902e-02 2.779379673302173615e-02 3.514048084616661072e-02 4.521943163126707077e-03 2.367306267842650414e-03 4.107914492487907410e-02 3.433218598365783691e-02 3.358560055494308472e-02 5.263520870357751846e-03 1.328060496598482132e-02 3.353656455874443054e-02 1.431707199662923813e-02 1.178152039647102356e-01 3.789364174008369446e-02 8.052216842770576477e-03 6.608963944017887115e-03 3.609762340784072876e-02 1.718002185225486755e-02 6.460072007030248642e-03 6.590992212295532227e-02 2.020577201619744301e-03 3.965258225798606873e-02 1.078600436449050903e-01 2.588499896228313446e-02 4.226998612284660339e-02 5.957855656743049622e-02 2.522494271397590637e-02 3.270093724131584167e-02 3.549177199602127075e-02 3.380662575364112854e-02 2.271297760307788849e-02 3.061334602534770966e-02 1.352438423782587051e-02 2.845107112079858780e-03 2.685153484344482422e-02 2.863927744328975677e-02 3.508062660694122314e-02 2.071087248623371124e-03 1.886143907904624939e-02 2.344588376581668854e-02 4.136495664715766907e-02 2.174314297735691071e-02 2.283058501780033112e-02 2.935976348817348480e-02 2.768997102975845337e-02 4.431013017892837524e-02 2.504471689462661743e-03 1.893990114331245422e-02 7.703763991594314575e-02 3.879867121577262878e-02 1.928515546023845673e-02 3.988168761134147644e-02 1.632307656109333038e-02 1.648445730097591877e-03 3.604169934988021851e-02 4.063486680388450623e-02 3.292309120297431946e-02 2.962251007556915283e-02
7.472687284462153912e-04 1.393445674329996109e-02 6.636938545852899551e-03 5.072838664054870605e-01 1.848116815090179443e-01 3.558321855962276459e-03 6.788137834519147873e-03 2.410509996116161346e-02 3.118133544921875000e-02 1.568211801350116730e-02 2.451753616333007812e-02 1.637392491102218628e-02 2.478293702006340027e-02 1.479282416403293610e-02 1.678755134344100952e-02 5.342344194650650024e-02 2.191061899065971375e-02 2.335635013878345490e-02 6.783679872751235962e-02 9.826659224927425385e-03 2.501481026411056519e-02 5.002866685390472412e-02 4.031311720609664917e-02 3.647574409842491150e-02 3.983643837273120880e-03 4.544419050216674805e-02 2.517516538500785828e-02 3.791628405451774597e-02 3.693679347634315491e-02 5.240982025861740112e-02 4.684161767363548279e-02 1.294165663421154022e-02 3.904375061392784119e-02 6.803215015679597855e-03 1.249469351023435593e-02 3.995276987552642822e-02 2.895599231123924255e-02 4.850264638662338257e-03 8.350740373134613037e-02 1.063599959015846252e-01 5.087301880121231079e-02 4.689989611506462097e-02 1.383937336504459381e-02 2.616177685558795929e-02 4.237178713083267212e-02 1.890733279287815094e-02 6.208180915564298630e-03 3.701483458280563354e-02 1.509140618145465851e-02 1.901935040950775146e-02 2.558655571192502975e-03 2.975422423332929611e-03 1.863066107034683228e-02 7.794750388711690903e-03 1.516866125166416168e-02 4.236484318971633911e-02 6.111459340900182724e-03 3.328494727611541748e-03 2.009764872491359711e-02 3.892027959227561951e-02 4.935298487544059753e-02 5.122509598731994629e-02 7.933770120143890381e-02 1.634292677044868469e-02 3.102270141243934631e-02 8.338846266269683838e-03 2.220816351473331451e-02 2.273506298661231995e-02 4.234120994806289673e-02 2.042023651301860809e-02 3.652628883719444275e-02 3.089976683259010315e-02 9.755309671163558960e-02 3.536729514598846436e-02 7.868668437004089355e-02 1.954559236764907837e-02 5.155155807733535767e-02 1.171390525996685028e-02 1.884504593908786774e-02 1.896466419566422701e-04 1.438660733401775360e-02 1.923605427145957947e-02 8.824179321527481079e-02 4.400445148348808289e-03 1.504633482545614243e-02 1.457848120480775833e-02 4.005835950374603271e-02 3.814692050218582153e-02 3.621449694037437439e-02 2.848194167017936707e-02 4.893735051155090332e-02 2.857696672435849905e-04 4.443464800715446472e-02 3.048353455960750580e-02 8.026615530252456665e-02 5.981103703379631042e-02 4.553241189569234848e-03 5.302065238356590271e-02 4.712374135851860046e-02 3.128925710916519165e-02 3.239583224058151245e-02 1.004361547529697418e-02 3.531213104724884033e-02 3.708779346197843552e-03 3.251776099205017090e-02 4.185749962925910950e-02 2.857873588800430298e-02 5.241163074970245361e-02 1.812525652348995209e-02 3.710188716650009155e-02 3.932954743504524231e-02 7.953451946377754211e-03 5.043772980570793152e-03 4.593692719936370850e-03 5.065381899476051331e-02 2.677342109382152557e-02
3.841393860056996346e-03 9.334302507340908051e-03 3.628206904977560043e-03 1.848116815090179443e-01 5.043524503707885742e-01 1.658983156085014343e-02 1.151182781904935837e-02 7.564476691186428070e-03 1.415459811687469482e-02 1.119915023446083069e-02 1.961090415716171265e-02 6.947264075279235840e-03 3.165570273995399475e-02 7.538789883255958557e-03 5.255892872810363770e-03 1.749974116683006287e-02 8.869978599250316620e-03 2.136796712875366211e-02 7.029923796653747559e-02 6.878314074128866196e-03 1.254909485578536987e-02 4.043666273355484009e-02 2.990895137190818787e-02 3.532337769865989685e-02 2.165805734694004059e-02 3.193919733166694641e-02 4.656961187720298767e-03 5.346500873565673828e-02 4.762824252247810364e-02 2.960026636719703674e-02 2.186183631420135498e-02 3.045067563652992249e-02 4.636941850185394287e-02 3.137833997607231140e-02 6.035381462424993515e-03 1.071507763117551804e-02 3.182632103562355042e-02 6.554727442562580109e-03 8.265636861324310303e-02 8.874424546957015991e-02 3.974784165620803833e-02 4.373477771878242493e-02 3.953792899847030640e-02 4.348199069499969482e-02 3.356597200036048889e-02 4.139768332242965698e-02 2.391141653060913086e-02 4.589518904685974121e-02 6.267205346375703812e-03 4.428225755691528320e-02 2.680565929040312767e-03 6.150382687337696552e-04 1.537134032696485519e-02 2.115111611783504486e-02 2.405823208391666412e-02 1.471571438014507294e-02 3.952152095735073090e-03 3.020647168159484863e-02 2.556382305920124054e-02 4.827108606696128845e-02 5.135760083794593811e-02 7.090044766664505005e-02 6.957463175058364868e-02 1.099790446460247040e-02 5.648842547088861465e-03 5.878037307411432266e-03 3.604171797633171082e-02 8.554023690521717072e-03 3.843861445784568787e-02 2.235035970807075500e-02 1.694381795823574066e-02 4.267488420009613037e-02 6.821483373641967773e-02 4.470402002334594727e-02 5.578336119651794434e-02 4.659873666241765022e-04 1.344799343496561050e-02 3.879089653491973877e-02 1.590281352400779724e-02 1.864797435700893402e-02 6.684244610369205475e-03 1.636973209679126740e-02 6.204552575945854187e-02 3.293547779321670532e-02 3.065749257802963257e-02 1.714947400614619255e-03 4.126551002264022827e-02 2.160475775599479675e-02 4.831836000084877014e-02 1.347840204834938049e-02 4.016869887709617615e-02 1.368819642812013626e-02 3.293633833527565002e-02 3.902918845415115356e-02 4.517132043838500977e-02 4.642631858587265015e-02 1.527144014835357666e-02 4.676225036382675171e-02 3.290708363056182861e-02 4.051017761230468750e-02 7.262052968144416809e-04 4.999989271163940430e-02 4.347689822316169739e-02 1.414065621793270111e-02 1.031022984534502029e-02 2.689316403120756149e-03 4.150617867708206177e-02 6.482756137847900391e-02 3.345691412687301636e-02 5.462620407342910767e-02 3.647262230515480042e-02 1.886098645627498627e-02 2.939374186098575592e-02 5.962474737316370010e-03 5.563001707196235657e-02 2.553922869265079498e-02
7.617686688899993896e-02 2.748480811715126038e-02 5.065168254077434540e-03 3.558321855962276459e-03 1.658983156085014343e-02 4.996060431003570557e-01 1.882108300924301147e-01 1.258092001080513000e-02 7.005571853369474411e-03 3.783791139721870422e-02 3.605736792087554932e-02 1.170341372489929199e-01 3.224055469036102295e-02 7.917458564043045044e-02 1.786803267896175385e-02 1.259182952344417572e-02 5.130903050303459167e-02 1.558464835397899151e-03 2.486915513873100281e-02 1.628705486655235291e-02 1.376384310424327850e-02 1.818427629768848419e-02 3.237892314791679382e-02 6.252120248973369598e-03 3.365432098507881165e-02 2.747139148414134979e-02 4.117587208747863770e-02 6.049102172255516052e-02 3.921153023838996887e-02 4.086872562766075134e-02 1.398819964379072189e-02 5.584597121924161911e-03 8.251511491835117340e-03 4.809422791004180908e-02 2.983701787889003754e-02 3.547344356775283813e-02 4.415222629904747009e-02 1.438534539192914963e-02 1.558408606797456741e-02 2.323647029697895050e-02 5.790845025330781937e-03 2.854797430336475372e-02 3.269038349390029907e-02 4.265276249498128891e-03 5.773996934294700623e-02 4.959374666213989258e-02 8.924049139022827148e-02 6.481422483921051025e-02 2.609390206634998322e-02 7.826840505003929138e-03 2.311778999865055084e-02 8.789704181253910065e-03 6.495029199868440628e-03 2.688780799508094788e-02 3.692931961268186569e-03 2.183893509209156036e-02 3.903364995494484901e-03 2.084184996783733368e-02 2.761219255626201630e-02 2.354490943253040314e-02 3.952198196202516556e-03 9.658251889050006866e-03 2.216582186520099640e-02 3.297718614339828491e-02 2.778431400656700134e-02 4.535162821412086487e-02 6.204701960086822510e-03 5.163504183292388916e-02 4.574139043688774109e-02 1.858645677566528320e-02 2.705119084566831589e-03 4.088257253170013428e-02 9.323279373347759247e-03 2.287181280553340912e-02 2.746145427227020264e-02 4.202312231063842773e-02 4.043593257665634155e-02 6.090023368597030640e-02 5.338141694664955139e-03 1.317405141890048981e-02 2.088335342705249786e-02 4.740599170327186584e-02 2.859934046864509583e-02 3.245018795132637024e-02 1.929977908730506897e-02 7.336815353482961655e-03 1.142598129808902740e-02 3.958816081285476685e-02 6.982192862778902054e-03 1.527743600308895111e-02 5.628419574350118637e-03 1.405236776918172836e-02 2.650308981537818909e-02 2.233344502747058868e-02 1.214918028563261032e-02 3.045770153403282166e-02 3.130240365862846375e-02 2.284161373972892761e-02 3.462747856974601746e-02 4.463905096054077148e-02 1.805654354393482208e-02 1.783384196460247040e-02 2.167688123881816864e-02 4.820954427123069763e-02 3.075894340872764587e-02 3.387477248907089233e-02 2.240403369069099426e-02 3.996114246547222137e-03 2.152775414288043976e-02 2.113381214439868927e-02 1.737883873283863068e-02 1.132984086871147156e-02 4.842752218246459961e-02 1.144206710159778595e-02 3.926813602447509766e-02 2.170931175351142883e-02
9.146618098020553589e-02 8.375895768404006958e-02 8.937314152717590332e-03 6.788137834519147873e-03 1.151182781904935837e-02 1.882108300924301147e-01 5.085734128952026367e-01 1.204794272780418396e-02 3.942120820283889771e-03 5.373828113079071045e-02 1.716305688023567200e-02 1.362314671277999878e-01 2.995601482689380646e-02 1.529397964477539062e-01 1.711252145469188690e-02 2.476051077246665955e-02 3.995288908481597900e-02 9.043800644576549530e-03 5.058813374489545822e-03 8.804553188383579254e-03 2.983841113746166229e-02 4.704251140356063843e-02 5.106708034873008728e-02 3.027047589421272278e-02 3.236683830618858337e-02 3.724171780049800873e-03 3.348327055573463440e-02 3.076793625950813293e-02 4.626047611236572266e-02 4.614959657192230225e-02 1.355431880801916122e-02 1.527993124909698963e-03 3.784223273396492004e-02 1.944952458143234253e-02 4.078403487801551819e-02 3.773880004882812500e-02 2.267609583213925362e-03 2.098958753049373627e-02 3.818851336836814880e-02 3.214525990188121796e-03 2.376023866236209869e-02 3.990456461906433105e-02 4.076245427131652832e-02 2.197425067424774170e-02 1.374891959130764008e-02 9.217750630341470242e-04 1.159225031733512878e-01 9.219281375408172607e-02 1.327249966561794281e-02 2.077306434512138367e-02 1.594505831599235535e-02 5.647169309668242931e-04 3.647155687212944031e-02 4.758130759000778198e-02 2.694879472255706787e-02 3.786493325605988503e-03 4.166252166032791138e-02 4.228191450238227844e-02 2.192532829940319061e-02 1.480086240917444229e-02 1.257818099111318588e-02 1.913279294967651367e-02 1.283770427107810974e-02 1.763565838336944580e-02 3.229261189699172974e-02 4.518270865082740784e-02 1.290407031774520874e-02 1.541100535541772842e-02 8.230226114392280579e-03 2.360543981194496155e-02 4.853892698884010315e-02 4.098409414291381836e-02 4.401538893580436707e-02 2.630390226840972900e-02 4.206861776765435934e-04 2.850184217095375061e-02 2.398464456200599670e-02 5.095980316400527954e-02 2.578348666429519653e-02 2.423011325299739838e-02 3.715330734848976135e-02 2.326981909573078156e-02 3.105216100811958313e-02 1.445774361491203308e-02 1.333192829042673111e-02 3.045264445245265961e-02 1.999261789023876190e-02 4.265821352601051331e-02 4.579545930027961731e-02 9.938775561749935150e-03 4.367602989077568054e-02 3.334897384047508240e-02 7.045284658670425415e-02 3.647359833121299744e-02 2.735532261431217194e-02 2.521424181759357452e-02 2.066241577267646790e-02 1.409416180104017258e-02 3.509179130196571350e-02 3.675350546836853027e-02 1.393470261245965958e-02 2.559754066169261932e-02 2.872257120907306671e-02 3.167757764458656311e-02 3.973505645990371704e-02 1.808174885809421539e-02 8.467446081340312958e-03 5.847472348250448704e-04 1.846523024141788483e-02 3.971255198121070862e-02 3.626140579581260681e-02 7.865445688366889954e-03 3.296453505754470825e-02 3.447556868195533752e-02 3.135541826486587524e-02 5.537282049772329628e-06
3.608325123786926270e-02 9.985415264964103699e-03 1.975858397781848907e-02 2.410509996116161346e-02 7.564476691186428070e-03 1.258092001080513000e-02 1.204794272780418396e-02 4.855693876743316650e-01 1.641489379107952118e-02 1.163753215223550797e-02 1.387641765177249908e-02 2.383269928395748138e-02 4.308884590864181519e-02 5.757535807788372040e-03 1.464033573865890503e-01 3.774696215987205505e-02 1.953078084625303745e-03 2.943858318030834198e-02 7.778248190879821777e-02 3.748381743207573891e-03 2.047189883887767792e-02 1.839062198996543884e-02 2.299788594245910645e-02 3.094893135130405426e-02 5.214522592723369598e-03 2.117747999727725983e-02 5.445339903235435486e-02 3.582926094532012939e-02 1.399136334657669067e-02 4.266533255577087402e-02 5.281180143356323242e-02 7.902428507804870605e-03 2.436842955648899078e-02 3.571820259094238281e-02 3.545602411031723022e-02 8.068740367889404297e-03 1.145252212882041931e-02 3.488669916987419128e-02 4.227603599429130554e-02 3.395762667059898376e-02 2.191466838121414185e-02 4.260690137743949890e-02 2.188862860202789307e-02 6.225827150046825409e-03 3.662303462624549866e-02 4.567864164710044861e-02 1.394450850784778595e-02 1.834144257009029388e-02 3.349885717034339905e-02 1.745167933404445648e-02 1.643385738134384155e-02 1.920839585363864899e-02 6.447496358305215836e-03 1.456753816455602646e-02 3.126186877489089966e-02 2.240592986345291138e-02 4.062997549772262573e-02 5.276910960674285889e-04 6.902408786118030548e-03 8.854540996253490448e-03 2.441993728280067444e-02 1.215191651135683060e-02 1.888347044587135315e-02 4.343412071466445923e-02 4.968715459108352661e-02 1.763978973031044006e-02 4.298706352710723877e-02 4.818113055080175400e-03 1.591922901570796967e-02 3.653571382164955139e-02 3.556374460458755493e-02 9.664160199463367462e-03 2.554826438426971436e-03 3.500020876526832581e-02 1.075714826583862305e-02 1.612418144941329956e-02 3.522546729072928429e-03 3.160679712891578674e-03 2.503015846014022827e-02 1.188129745423793793e-02 8.492191880941390991e-02 5.202696472406387329e-02 3.306700289249420166e-02 1.021684706211090088e-01 2.084858343005180359e-02 4.505966231226921082e-02 7.261079549789428711e-02 3.233672678470611572e-02 1.731233112514019012e-02 1.600707508623600006e-02 1.677492074668407440e-02 3.290917351841926575e-02 1.948703080415725708e-03 4.439480975270271301e-02 1.298105809837579727e-02 1.335238572210073471e-02 2.156821079552173615e-02 5.169940739870071411e-02 2.764317393302917480e-02 1.899857260286808014e-02 2.445872686803340912e-02 2.087399549782276154e-02 1.842117868363857269e-02 2.865535952150821686e-02 3.417925909161567688e-02 3.695492446422576904e-02 3.174560144543647766e-02 2.146615274250507355e-02 1.195165142416954041e-02 1.179958041757345200e-02 2.216233871877193451e-02 2.566761104390025139e-03 4.111998155713081360e-02 2.864849381148815155e-02 1.820641756057739258e-02 3.220283240079879761e-02
7.599929813295602798e-04 1.369176059961318970e-02 1.824265636969357729e-04 3.118133544921875000e-02 1.415459811687469482e-02 7.005571853369474411e-03 3.942120820283889771e-03 1.641489379107952118e-02 4.909689128398895264e-01 7.812551409006118774e-02 1.238993182778358459e-02 1.252008695155382156e-02 2.635770943015813828e-03 1.937920041382312775e-02 1.182605791836977005e-02 3.126857802271842957e-02 1.701997779309749603e-02 1.422301232814788818e-01 3.206063434481620789e-02 2.553758583962917328e-02 4.425156861543655396e-02 6.461062002927064896e-03 1.114426273852586746e-02 3.715828433632850647e-02 2.068957500159740448e-02 8.040707558393478394e-03 5.222470499575138092e-03 2.352771162986755371e-02 1.707638800144195557e-02 3.816261189058423042e-03 2.152856439352035522e-02 1.968165859580039978e-02 1.205382775515317917e-02 6.031441967934370041e-03 4.123379290103912354e-02 3.555375337600708008e-02 2.390049025416374207e-02 4.470530897378921509e-02 3.229135647416114807e-02 7.087729405611753464e-03 2.405437640845775604e-02 4.336847458034753799e-03 8.471694774925708771e-03 1.693604327738285065e-02 4.386479407548904419e-02 1.834524981677532196e-02 3.296409547328948975e-02 4.472428560256958008e-02 1.470261812210083008e-02 2.291725948452949524e-02 5.560435820370912552e-03 3.216985613107681274e-02 1.019411347806453705e-02 3.078866563737392426e-02 1.531022638082504272e-01 3.033744916319847107e-02 1.506344322115182877e-02 3.922188654541969299e-02 2.818270213901996613e-02 1.270022359676659107e-03 2.884603850543498993e-02 3.809405118227005005e-02 3.927857801318168640e-02 1.977578178048133850e-02 2.789285592734813690e-02 2.862229757010936737e-02 2.441964298486709595e-02 1.277352031320333481e-02 8.167853951454162598e-02 4.533336311578750610e-02 4.474243894219398499e-02 3.318031132221221924e-02 1.998321525752544403e-02 2.099633961915969849e-02 4.230360686779022217e-02 3.753762692213058472e-02 2.039212584495544434e-01 4.829382896423339844e-02 3.667507320642471313e-02 8.683522231876850128e-03 1.068644504994153976e-02 2.525749988853931427e-02 7.293899357318878174e-02 4.679641127586364746e-02 2.515660785138607025e-02 1.004165853373706341e-03 2.319415099918842316e-02 4.404752049595117569e-03 5.368714407086372375e-02 2.612289227545261383e-02 4.113190621137619019e-02 3.684057667851448059e-02 1.721546752378344536e-03 4.220356419682502747e-02 2.118209749460220337e-02 3.673382475972175598e-02 7.756470702588558197e-03 1.240067742764949799e-02 2.693421673029661179e-03 4.566745460033416748e-02 2.188119292259216309e-02 2.216150052845478058e-03 3.571452200412750244e-02 2.892997860908508301e-02 2.739451080560684204e-02 3.734180703759193420e-02 2.465087734162807465e-02 2.673281915485858917e-02 1.273711305111646652e-02 2.820114232599735260e-02 3.554475679993629456e-02 2.732613496482372284e-02 1.489908248186111450e-02 1.829725340940058231e-03 1.203553844243288040e-02 4.354608058929443359e-02
1.458190288394689560e-02 2.277482300996780396e-02 1.003758981823921204e-01 1.568211801350116730e-02 1.119915023446083069e-02 3.783791139721870422e-02 5.373828113079071045e-02 1.163753215223550797e-02 7.812551409006118774e-02 4.910245537757873535e-01 1.245713792741298676e-03 4.779297392815351486e-03 2.246274799108505249e-02 3.848245367407798767e-02 4.309395700693130493e-02 2.763360925018787384e-02 1.388379465788602829e-02 3.273941576480865479e-02 2.341712266206741333e-02 4.212851170450448990e-03 4.514502361416816711e-02 1.605934649705886841e-02 8.974684402346611023e-03 4.000433161854743958e-02 4.834374785423278809e-02 4.516777396202087402e-02 2.175461314618587494e-02 2.076657488942146301e-03 3.868379816412925720e-02 3.293934464454650879e-02 1.508878730237483978e-02 2.558065764605998993e-02 3.929315134882926941e-02 4.230141267180442810e-02 3.152865916490554810e-03 1.132442243397235870e-02 9.318873635493218899e-04 1.363747380673885345e-02 3.811618685722351074e-02 3.796894848346710205e-02 1.161241624504327774e-02 1.816820725798606873e-02 3.026805818080902100e-02 2.499754913151264191e-02 4.798103868961334229e-02 4.446394741535186768e-02 5.020816344767808914e-03 3.684691712260246277e-02 1.089726947247982025e-02 2.515773288905620575e-02 7.094421889632940292e-03 1.742755621671676636e-02 9.608468972146511078e-03 3.978214412927627563e-02 1.890051178634166718e-02 8.181528002023696899e-02 2.864580368623137474e-03 3.245064243674278259e-02 2.709300257265567780e-02 1.842840388417243958e-02 4.018948227167129517e-02 1.671309582889080048e-02 1.168599235825240612e-03 3.417766094207763672e-02 1.402717456221580505e-02 4.621255397796630859e-02 3.779544308781623840e-02 3.001251444220542908e-02 2.117388881742954254e-02 3.674975782632827759e-02 9.950548410415649414e-02 3.800030797719955444e-02 2.666882984340190887e-02 6.210759282112121582e-03 4.554998874664306641e-02 2.959914319217205048e-02 2.896013297140598297e-02 1.453714221715927124e-01 2.964439045172184706e-04 7.778386026620864868e-02 3.544587269425392151e-02 1.904107816517353058e-02 1.697839051485061646e-02 1.039522066712379456e-01 2.532811649143695831e-02 3.807116672396659851e-02 4.677844420075416565e-02 4.759375751018524170e-02 3.627944365143775940e-02 1.005413979291915894e-01 4.901020601391792297e-02 3.502819687128067017e-02 1.993379928171634674e-02 2.812080085277557373e-03 2.750033698976039886e-02 4.747191444039344788e-02 4.734044894576072693e-03 4.160781949758529663e-02 2.764774672687053680e-02 9.942090138792991638e-03 5.633745342493057251e-03 6.083840038627386093e-03 2.908560819923877716e-02 8.629554882645606995e-03 2.505758032202720642e-02 3.167885169386863708e-02 1.314760372042655945e-02 4.672093316912651062e-02 7.336518727242946625e-03 3.647128120064735413e-02 4.371159151196479797e-02 3.452131152153015137e-02 4.647372290492057800e-02 3.849776834249496460e-02 4.088547080755233765e-02 2.942123077809810638e-02
7.071343064308166504e-02 6.270464509725570679e-02 2.125844359397888184e-02 2.451753616333007812e-02 1.961090415716171265e-02 3.605736792087554932e-02 1.716305688023567200e-02 1.387641765177249908e-02 1.238993182778358459e-02 1.245713792741298676e-03 5.128852725028991699e-01 3.514015581458806992e-03 7.368496060371398926e-02 2.619445323944091797e-02 4.355433210730552673e-02 4.936633631587028503e-02 1.321594114415347576e-03 3.374180756509304047e-03 2.541746385395526886e-02 3.452615812420845032e-02 1.542538986541330814e-03 4.857794567942619324e-02 2.149804309010505676e-02 1.267264783382415771e-02 8.311720564961433411e-03 1.192408148199319839e-02 8.570009842514991760e-03 4.395852447487413883e-04 2.279832214117050171e-02 1.296015083789825439e-02 2.318156324326992035e-02 5.128604173660278320e-02 1.866433955729007721e-02 9.020405821502208710e-03 5.767548456788063049e-03 1.878483220934867859e-02 7.316502276808023453e-03 1.436493452638387680e-02 2.337238006293773651e-02 2.724358066916465759e-02 2.369636483490467072e-02 4.820135422050952911e-03 9.817081503570079803e-03 4.260638263076543808e-03 1.321558002382516861e-02 3.477292135357856750e-02 1.712080277502536774e-02 1.035533379763364792e-03 4.471701383590698242e-02 3.410646691918373108e-02 1.658003404736518860e-02 8.335438556969165802e-03 2.891605719923973083e-02 2.463062526658177376e-03 3.225175291299819946e-02 5.228860303759574890e-03 7.714603561908006668e-04 4.019273072481155396e-02 2.278556860983371735e-02 1.323304697871208191e-02 4.743515327572822571e-02 4.080212488770484924e-02 4.296950530260801315e-03 1.573870191350579262e-03 3.906609117984771729e-02 1.526558771729469299e-02 4.977079480886459351e-02 1.272150687873363495e-02 5.485953018069267273e-02 2.926407847553491592e-03 1.396415196359157562e-02 1.426372770220041275e-02 5.142193660140037537e-02 2.845817245543003082e-02 3.813230991363525391e-02 2.764222398400306702e-02 8.592973463237285614e-03 5.221223458647727966e-03 1.271502859890460968e-02 3.403872251510620117e-02 1.393053494393825531e-02 1.333221700042486191e-02 3.983481973409652710e-02 5.313294380903244019e-02 4.442723467946052551e-03 5.882513150572776794e-02 4.990424215793609619e-02 6.560495588928461075e-03 1.229862915351986885e-03 4.700635746121406555e-02 2.427550964057445526e-02 3.569267317652702332e-02 6.639139726758003235e-03 2.097406610846519470e-02 1.096560899168252945e-02 1.101959962397813797e-02 3.290703892707824707e-02 3.372555598616600037e-02 4.043170716613531113e-03 1.682955957949161530e-02 3.240249305963516235e-02 4.470545332878828049e-03 7.837814278900623322e-03 1.211655326187610626e-02 3.604137804359197617e-03 6.881430279463529587e-03 2.346235141158103943e-02 1.542387064546346664e-02 1.731599867343902588e-02 3.421265259385108948e-02 1.171195413917303085e-02 2.058428246527910233e-03 2.702678553760051727e-02 2.011677809059619904e-02 2.113290503621101379e-02 6.412853021174669266e-03
6.900887191295623779e-02 5.956156551837921143e-02 1.357976440340280533e-02 1.637392491102218628e-02 6.947264075279235840e-03 1.170341372489929199e-01 1.362314671277999878e-01 2.383269928395748138e-02 1.252008695155382156e-02 4.779297392815351486e-03 3.514015581458806992e-03 5.104111433029174805e-01 4.917839542031288147e-03 1.493137031793594360e-01 7.806728826835751534e-04 3.108114562928676605e-02 2.737510949373245239e-02 8.534947410225868225e-04 2.615183033049106598e-02 7.641318719834089279e-03 4.358111321926116943e-02 4.744307696819305420e-02 4.744708165526390076e-02 8.152863942086696625e-03 5.949886050075292587e-03 3.150428831577301025e-02 3.793779760599136353e-02 6.234784051775932312e-02 5.748726427555084229e-02 7.262417674064636230e-02 4.998607188463211060e-02 1.696528121829032898e-02 1.106580346822738647e-02 2.026224881410598755e-02 3.949553146958351135e-02 9.819633327424526215e-03 1.806389424018561840e-03 3.048020601272583008e-02 2.661659196019172668e-02 3.224208578467369080e-02 2.361056022346019745e-02 7.422403898090124130e-03 2.198043977841734886e-03 1.914420351386070251e-02 1.096695289015769958e-02 4.974139109253883362e-02 5.676499754190444946e-02 4.859766922891139984e-03 1.569605432450771332e-02 2.522223815321922302e-02 1.329314522445201874e-02 7.940470241010189056e-04 1.304376218467950821e-02 4.820614308118820190e-02 3.461698943283408880e-04 4.101604223251342773e-02 5.348366871476173401e-02 3.166633099317550659e-02 5.901244003325700760e-04 2.449411340057849884e-02 3.407652955502271652e-03 2.336986828595399857e-03 2.794757112860679626e-02 1.978758536279201508e-02 5.894614756107330322e-02 2.708754129707813263e-02 3.168990090489387512e-02 5.700612906366586685e-03 3.749815002083778381e-02 3.416728973388671875e-02 1.042025070637464523e-02 4.105797782540321350e-02 1.427870616316795349e-02 1.543360762298107147e-02 2.532641217112541199e-02 1.117591164074838161e-03 6.659898441284894943e-03 3.715217858552932739e-02 4.936523735523223877e-02 1.352076791226863861e-02 2.228476339951157570e-03 3.433205187320709229e-02 2.535178698599338531e-02 5.356464534997940063e-03 1.166756730526685715e-02 1.455282978713512421e-02 2.719145733863115311e-03 4.162837192416191101e-02 1.405130885541439056e-02 9.356170892715454102e-03 2.206396125257015228e-02 4.431293159723281860e-02 2.702124230563640594e-02 4.168327525258064270e-02 1.010775100439786911e-02 1.440408453345298767e-02 4.025194048881530762e-02 2.197035588324069977e-02 1.404304429888725281e-02 4.222425445914268494e-02 1.573859155178070068e-02 4.705603420734405518e-02 5.111242085695266724e-02 3.372009843587875366e-02 4.532039538025856018e-02 2.368444204330444336e-02 5.321133416146039963e-03 1.925391494296491146e-03 1.993725448846817017e-02 7.020194898359477520e-04 5.460995063185691833e-02 6.414023786783218384e-02 1.391862425953149796e-02 4.036411270499229431e-02 4.810569062829017639e-02 2.504481934010982513e-03
6.290306895971298218e-02 7.902006059885025024e-02 5.001493543386459351e-02 2.478293702006340027e-02 3.165570273995399475e-02 3.224055469036102295e-02 2.995601482689380646e-02 4.308884590864181519e-02 2.635770943015813828e-03 2.246274799108505249e-02 7.368496060371398926e-02 4.917839542031288147e-03 5.098762512207031250e-01 1.914572343230247498e-02 5.812594667077064514e-02 4.758080467581748962e-02 1.463319640606641769e-02 3.193883597850799561e-02 3.705100342631340027e-02 4.807689413428306580e-02 3.894212713930755854e-04 4.928621277213096619e-02 2.109907381236553192e-02 1.891614496707916260e-02 3.065275028347969055e-02 1.982879079878330231e-02 2.232752507552504539e-03 6.050659343600273132e-03 8.962894789874553680e-04 2.511256607249379158e-03 3.569223731756210327e-02 5.289341509342193604e-02 2.661053463816642761e-02 6.230656057596206665e-03 1.643907837569713593e-02 1.913515478372573853e-02 3.629982843995094299e-02 1.223403960466384888e-02 2.226371690630912781e-02 2.391296066343784332e-02 1.112645119428634644e-02 3.020943608134984970e-03 8.741409517824649811e-03 3.021646291017532349e-02 1.094979513436555862e-02 4.120926558971405029e-02 6.247891578823328018e-03 9.155368315987288952e-04 2.187658101320266724e-02 4.825146496295928955e-02 6.945127621293067932e-03 1.507765520364046097e-02 2.222289517521858215e-02 2.257262915372848511e-02 2.496174722909927368e-02 1.568961702287197113e-02 2.398566901683807373e-02 3.338889032602310181e-02 2.507893182337284088e-02 5.052431486546993256e-03 4.300514608621597290e-02 4.041516035795211792e-02 1.426003035157918930e-02 1.126782037317752838e-02 1.655711419880390167e-02 1.503140665590763092e-02 5.010513216257095337e-02 4.379422403872013092e-03 4.517368972301483154e-02 3.845880180597305298e-02 1.880161277949810028e-02 3.537366539239883423e-02 4.001260176301002502e-02 4.695443063974380493e-02 1.343077607452869415e-02 2.347355522215366364e-02 6.302513182163238525e-03 2.409631852060556412e-03 8.335596881806850433e-03 9.222020395100116730e-03 2.355247968807816505e-03 5.618784576654434204e-03 1.467635482549667358e-02 2.833908796310424805e-02 3.182391403242945671e-03 5.906466022133827209e-02 3.585398569703102112e-02 1.475948095321655273e-02 1.571081019937992096e-02 4.475755989551544189e-02 1.004857011139392853e-02 1.617672387510538101e-03 3.564653219655156136e-03 1.951040141284465790e-02 4.754104185849428177e-03 3.801774978637695312e-02 4.892471805214881897e-02 2.650373429059982300e-02 6.309683434665203094e-03 1.633533462882041931e-02 6.714997347444295883e-03 3.002098202705383301e-02 2.944025024771690369e-02 1.938323676586151123e-02 7.253294810652732849e-03 1.367635745555162430e-02 2.141243033111095428e-02 2.362436242401599884e-02 2.505768276751041412e-02 3.530826047062873840e-02 1.094059832394123077e-02 7.946773432195186615e-03 1.759460940957069397e-02 1.639741472899913788e-02 3.016721457242965698e-02 1.164429634809494019e-02
