4.923100173473358154e-01 2.341454327106475830e-01 2.025429718196392059e-02 3.251100331544876099e-02 3.171151503920555115e-02 1.693862825632095337e-01 1.640498489141464233e-01 3.019060194492340088e-02 1.211147289723157883e-02 6.887543713673949242e-04 1.976843923330307007e-01 2.472226507961750031e-02 1.618931740522384644e-01 3.807064518332481384e-02 3.478926047682762146e-02 1.422307081520557404e-02 7.338509894907474518e-03 1.529870927333831787e-02 4.155425354838371277e-02 1.581310178153216839e-03 1.601065881550312042e-02 7.511976640671491623e-03 4.873000457882881165e-02 2.770443633198738098e-02 2.183375507593154907e-02 2.782048098742961884e-02 2.910291077569127083e-03 6.217288784682750702e-03 4.724327847361564636e-02 4.475760739296674728e-03 2.987790666520595551e-02 9.228808805346488953e-03 1.357438787817955017e-02 2.470526844263076782e-02 2.038652636110782623e-02 2.456285757943987846e-03 3.638612106442451477e-03 2.722313068807125092e-02 3.972769156098365784e-02 1.456353114917874336e-03 5.180403962731361389e-02 8.329713717103004456e-03 2.620194107294082642e-02 2.073510177433490753e-02 3.270223736763000488e-02 3.264548256993293762e-02 1.243971437215805054e-01 3.180499374866485596e-02 1.093412749469280243e-03 4.296445474028587341e-02 1.480657514184713364e-02 3.274682164192199707e-02 1.630518399178981781e-02 2.103364840149879456e-02 4.489870369434356689e-02 4.196442291140556335e-02 2.728696539998054504e-02 9.506157599389553070e-03 1.039306167513132095e-02 4.353187978267669678e-02 2.477697469294071198e-02 5.019232630729675293e-03 1.353484764695167542e-02 3.559883311390876770e-02 4.101008176803588867e-02 3.442348539829254150e-02 1.644392125308513641e-02 3.689552843570709229e-02 2.560229273512959480e-03 3.524369094520807266e-03 1.732674427330493927e-02 1.651692204177379608e-03 1.306411810219287872e-02 2.730289474129676819e-02 3.462689369916915894e-02 1.867776550352573395e-02 2.634793519973754883e-02 2.996529266238212585e-02 1.011459436267614365e-02 1.894981600344181061e-02 3.716845763847231865e-03 1.981649361550807953e-02 3.432206809520721436e-02 3.392412886023521423e-02 2.497764071449637413e-03 1.342223305255174637e-02 4.893431067466735840e-02 5.176284350454807281e-03 1.208242122083902359e-02 7.296650204807519913e-03 6.531669292598962784e-03 1.672918163239955902e-02 3.250074340030550957e-03 2.586926706135272980e-02 2.799494005739688873e-02 2.612316794693470001e-02 3.362120827659964561e-03 8.247898891568183899e-03 2.353502064943313599e-02 3.249695291742682457e-03 1.037691137753427029e-03 1.203970145434141159e-02 1.556202583014965057e-02 3.139940323308110237e-03 2.589583210647106171e-02 2.384076267480850220e-02 1.945587247610092163e-02 2.632036432623863220e-02 8.135640062391757965e-03 2.261485904455184937e-03 7.893008179962635040e-03 5.702850874513387680e-03 3.517302870750427246e-02 3.420263901352882385e-02 1.129246037453413010e-02 2.557753818109631538e-03
2.341454327106475830e-01 4.916190803050994873e-01 1.200969237834215164e-02 3.567519038915634155e-02 4.117811471223831177e-02 1.149566993117332458e-01 1.568330228328704834e-01 3.077051229774951935e-02 1.552915573120117188e-02 1.995342224836349487e-02 1.062291264533996582e-01 1.421649940311908722e-02 2.067836672067642212e-01 5.463193729519844055e-02 1.717033796012401581e-02 2.282511442899703979e-02 3.264359757304191589e-02 2.647090144455432892e-02 3.830173611640930176e-02 1.829410903155803680e-02 1.933731487952172756e-03 5.077071487903594971e-03 3.904983028769493103e-02 2.990074455738067627e-02 3.228753432631492615e-02 3.844677284359931946e-02 7.772959303110837936e-03 1.410367991775274277e-02 2.419561147689819336e-02 3.459860803559422493e-03 4.911717399954795837e-02 2.552287653088569641e-02 2.814272977411746979e-02 3.155924379825592041e-03 3.333213925361633301e-02 8.134887553751468658e-03 8.393982425332069397e-03 1.931091025471687317e-02 3.314428403973579407e-02 1.397152896970510483e-02 4.696897417306900024e-02 2.335872035473585129e-03 1.058114459738135338e-03 1.182739343494176865e-02 1.536376867443323135e-02 2.271896693855524063e-03 9.265606105327606201e-02 5.147200450301170349e-02 1.335752848535776138e-02 5.027219280600547791e-02 3.878977149724960327e-02 1.664260588586330414e-02 1.517307013273239136e-03 4.280004277825355530e-02 2.241392247378826141e-02 3.160770237445831299e-02 2.628869609907269478e-03 1.065814984031021595e-03 1.857377961277961731e-02 4.608301818370819092e-02 3.278166055679321289e-02 3.476260462775826454e-03 1.572996564209461212e-02 3.497277945280075073e-02 5.984531342983245850e-02 2.755712717771530151e-02 3.961231559514999390e-03 2.751253312453627586e-03 2.001465484499931335e-02 3.517626971006393433e-02 3.436037525534629822e-02 5.176733713597059250e-03 2.798251248896121979e-02 4.795259237289428711e-02 3.893640637397766113e-02 3.034872561693191528e-02 9.967601858079433441e-03 3.002465516328811646e-02 2.129882574081420898e-02 1.793497428297996521e-02 1.199506875127553940e-02 2.631554752588272095e-02 1.700058206915855408e-02 2.215662412345409393e-02 1.510206609964370728e-02 2.314595878124237061e-02 4.990109428763389587e-02 1.528067141771316528e-02 7.907141000032424927e-03 4.013333097100257874e-02 1.299854554235935211e-02 4.875194653868675232e-02 1.623262278735637665e-02 3.245433419942855835e-02 2.966862358152866364e-02 2.287546545267105103e-02 8.234260603785514832e-03 4.486809298396110535e-02 1.682057417929172516e-02 7.328873500227928162e-03 3.637892380356788635e-02 2.420209720730781555e-02 2.591248601675033569e-02 2.082852646708488464e-02 3.377503529191017151e-02 2.440684102475643158e-02 1.085018087178468704e-02 2.848387882113456726e-02 1.376105938106775284e-02 8.556986227631568909e-03 1.929983869194984436e-02 2.699930965900421143e-02 2.576796151697635651e-02 2.011439576745033264e-02 1.186545123346149921e-03 8.802841417491436005e-03
2.025429718196392059e-02 1.200969237834215164e-02 4.688237905502319336e-01 4.712651483714580536e-03 4.216799885034561157e-02 3.426154702901840210e-02 2.940525673329830170e-02 1.539490073919296265e-01 1.418966241180896759e-02 1.728325150907039642e-03 3.353327885270118713e-02 3.742029890418052673e-02 1.092982199043035507e-02 4.298945888876914978e-02 5.843667779117822647e-03 1.045191194862127304e-03 1.433777972124516964e-03 3.504474833607673645e-02 2.673968672752380371e-02 3.557875379920005798e-02 2.515924349427223206e-02 3.165206685662269592e-02 4.158221930265426636e-02 4.603032022714614868e-03 2.621575258672237396e-02 2.042957767844200134e-02 5.556505918502807617e-02 1.999402604997158051e-02 2.117736078798770905e-02 4.086332395672798157e-02 3.731888532638549805e-02 2.456482127308845520e-02 1.225915644317865372e-02 1.266802381724119186e-02 2.346911467611789703e-02 2.430343441665172577e-02 5.283777602016925812e-03 6.522931158542633057e-02 1.215640455484390259e-02 1.000146474689245224e-02 6.628882139921188354e-02 2.867533080279827118e-02 3.014339366927742958e-03 2.883412316441535950e-02 2.270094119012355804e-03 3.005162440240383148e-02 3.601489961147308350e-02 1.053592748939990997e-02 4.273272061254829168e-04 1.081160176545381546e-02 3.373935818672180176e-02 2.165104821324348450e-02 1.953340321779251099e-02 2.663229778409004211e-02 1.865086331963539124e-02 8.111459203064441681e-03 1.573042757809162140e-02 1.287862565368413925e-02 3.394273295998573303e-02 3.867998346686363220e-02 3.928240388631820679e-03 4.062001779675483704e-02 1.108137425035238266e-02 5.180434323847293854e-03 8.133349008858203888e-03 2.571286074817180634e-02 1.549486885778605938e-03 2.623031847178936005e-02 6.604370195418596268e-03 1.526062004268169403e-02 1.289291400462388992e-02 2.053562551736831665e-02 3.099466301500797272e-02 1.658256538212299347e-02 4.267510492354631424e-03 1.306130667217075825e-03 3.458381444215774536e-02 2.493943274021148682e-02 2.842015400528907776e-02 5.572626832872629166e-03 1.965083181858062744e-01 1.713568717241287231e-01 6.145775783807039261e-03 1.685669645667076111e-02 6.653261836618185043e-03 2.497763186693191528e-02 4.980111494660377502e-02 7.063501328229904175e-02 8.654532022774219513e-03 3.373797237873077393e-02 2.020170167088508606e-02 1.476842071861028671e-02 1.330957002937793732e-02 1.898967847228050232e-02 4.477795585989952087e-02 3.765507787466049194e-02 2.799262106418609619e-02 5.724046379327774048e-03 1.878205686807632446e-02 2.166989631950855255e-02 1.238807942718267441e-02 3.653937578201293945e-02 5.513013340532779694e-03 3.127346187829971313e-02 8.524822071194648743e-03 2.752807177603244781e-02 7.121866568922996521e-03 3.699845075607299805e-02 2.562391571700572968e-02 2.211834676563739777e-02 4.264712333679199219e-03 1.940087229013442993e-02 6.824487354606389999e-03 4.163121432065963745e-02 5.644464492797851562e-02 3.686651960015296936e-02
3.251100331544876099e-02 3.567519038915634155e-02 4.712651483714580536e-03 4.793332815170288086e-01 1.371178478002548218e-01 1.554279215633869171e-02 8.467401377856731415e-03 2.130261249840259552e-02 2.034895680844783783e-02 4.502559825778007507e-02 2.684276178479194641e-02 1.103853993117809296e-02 4.439093545079231262e-02 1.201026607304811478e-02 8.709228597581386566e-03 3.101047128438949585e-03 5.315134301781654358e-02 5.733652412891387939e-02 3.743830695748329163e-02 1.857380382716655731e-02 4.078023880720138550e-02 6.185709498822689056e-03 2.289384044706821442e-02 1.989793032407760620e-02 3.743923502042889595e-03 1.490054652094841003e-02 3.754304721951484680e-02 3.842981904745101929e-02 1.628204993903636932e-02 1.950880885124206543e-02 4.072231054306030273e-02 2.501158230006694794e-02 2.906638942658901215e-02 7.427861914038658142e-03 2.614897489547729492e-02 9.057426825165748596e-03 3.175982087850570679e-02 3.467300161719322205e-02 4.678513854742050171e-02 9.509053081274032593e-03 3.090623766183853149e-02 3.501855954527854919e-02 2.834754809737205505e-02 2.355392836034297943e-02 2.386255189776420593e-02 4.752303357236087322e-04 1.639059395529329777e-03 4.167043790221214294e-02 5.981853231787681580e-03 2.821047045290470123e-02 3.994436562061309814e-02 5.086551234126091003e-02 5.131491459906101227e-03 2.217326685786247253e-02 3.409978002309799194e-02 4.267864301800727844e-02 2.122369036078453064e-02 1.217497512698173523e-02 5.359806120395660400e-02 3.014542348682880402e-02 8.662304282188415527e-02 8.467985689640045166e-02 1.518455706536769867e-02 9.048683568835258484e-03 4.855490475893020630e-02 2.327649388462305069e-03 1.446462888270616531e-02 3.736289590597152710e-02 4.508599638938903809e-02 4.797366634011268616e-02 6.760137155652046204e-03 1.244799606502056122e-02 6.361470371484756470e-02 4.725692421197891235e-02 2.636548876762390137e-02 3.442917391657829285e-02 3.799805045127868652e-02 7.111502811312675476e-03 3.981137275695800781e-02 3.154784440994262695e-02 3.804641589522361755e-02 1.362992729991674423e-02 7.443471252918243408e-02 2.952054515480995178e-02 3.834936767816543579e-02 3.392624109983444214e-02 4.690973088145256042e-02 5.267456173896789551e-02 1.944159530103206635e-02 4.331191256642341614e-02 1.822562702000141144e-02 1.578772254288196564e-02 2.526134811341762543e-02 6.779955700039863586e-03 3.512882441282272339e-02 3.657136112451553345e-02 2.893573231995105743e-02 1.295654848217964172e-02 2.151380851864814758e-02 5.475466325879096985e-02 2.460092119872570038e-02 5.499522667378187180e-04 1.463024970144033432e-02 5.474905483424663544e-03 3.162550926208496094e-02 9.886477142572402954e-03 3.349516913294792175e-02 6.899124383926391602e-02 1.566456444561481476e-02 1.108487229794263840e-02 3.091479092836380005e-02 3.347106277942657471e-02 3.385552763938903809e-02 2.729289978742599487e-02 2.982101775705814362e-02 6.210507452487945557e-02
3.171151503920555115e-02 4.117811471223831177e-02 4.216799885034561157e-02 1.371178478002548218e-01 4.940398931503295898e-01 1.534824166446924210e-02 2.170918881893157959e-02 5.342504382133483887e-02 4.897715896368026733e-02 2.544440142810344696e-02 4.324939474463462830e-02 2.395126968622207642e-03 4.309675097465515137e-02 2.236054837703704834e-02 4.662181437015533447e-02 5.941659910604357719e-04 2.748997649177908897e-04 1.915286481380462646e-02 3.529461473226547241e-02 1.997909508645534515e-02 4.367887228727340698e-02 2.862681075930595398e-02 3.507251152768731117e-03 5.328260827809572220e-03 1.099455822259187698e-02 1.099937688559293747e-02 3.620682656764984131e-02 4.103878512978553772e-02 4.101119935512542725e-02 3.333798795938491821e-02 3.636486828327178955e-02 4.139247164130210876e-02 4.750321619212627411e-03 1.142422668635845184e-02 1.835412718355655670e-02 1.049957145005464554e-02 3.991688415408134460e-02 2.995589561760425568e-02 7.658474892377853394e-02 6.736104190349578857e-02 3.713984414935112000e-02 2.427809685468673706e-02 6.241838447749614716e-03 3.093218244612216949e-02 2.871658094227313995e-02 9.368185885250568390e-03 1.180023606866598129e-02 3.951491788029670715e-02 4.071871563792228699e-02 2.241436019539833069e-02 2.185796154662966728e-03 4.161974415183067322e-03 2.394394390285015106e-02 1.769675128161907196e-02 3.870569542050361633e-02 1.355227455496788025e-02 3.088301606476306915e-02 6.498458795249462128e-03 5.381311103701591492e-02 6.507927179336547852e-02 3.687813505530357361e-02 4.434914141893386841e-02 1.513079553842544556e-02 1.057446841150522232e-02 7.391083054244518280e-03 2.336224913597106934e-02 4.658422991633415222e-02 3.757789358496665955e-02 3.096483834087848663e-02 3.262518346309661865e-02 2.559926360845565796e-02 2.740006020758301020e-04 4.834875464439392090e-02 4.024358466267585754e-02 7.819810509681701660e-02 2.076080255210399628e-02 1.174686849117279053e-02 1.229916978627443314e-02 1.703358604572713375e-03 1.509400829672813416e-02 1.577217131853103638e-02 8.572040125727653503e-03 2.851687744259834290e-02 3.322203829884529114e-02 2.790058963000774384e-02 4.083738662302494049e-03 3.051896952092647552e-02 1.218642387539148331e-02 1.427423954010009766e-02 1.051841955631971359e-02 4.581244662404060364e-02 1.612673513591289520e-02 3.647481650114059448e-02 2.874036692082881927e-02 1.816487871110439301e-02 1.840404793620109558e-02 2.865435741841793060e-02 1.773518323898315430e-02 1.415311638265848160e-02 5.667785648256540298e-03 1.260848436504602432e-02 3.825965686701238155e-04 8.569412864744663239e-03 2.257850021123886108e-02 3.520071739330887794e-03 2.657303586602210999e-02 4.350071027874946594e-02 9.553544968366622925e-02 3.838547319173812866e-02 3.583610057830810547e-02 3.733125701546669006e-02 4.786539077758789062e-02 1.929426193237304688e-02 1.213427353650331497e-02 3.614389104768633842e-03 2.745835296809673309e-02
1.693862825632095337e-01 1.149566993117332458e-01 3.426154702901840210e-02 1.554279215633869171e-02 1.534824166446924210e-02 4.799475967884063721e-01 2.019094228744506836e-01 1.705187023617327213e-03 4.755372554063796997e-02 4.930837079882621765e-02 4.243492335081100464e-02 2.533934637904167175e-02 9.095895290374755859e-02 2.070066891610622406e-02 3.243446722626686096e-02 2.963568270206451416e-02 1.113767269998788834e-02 2.729553496465086937e-03 8.754401467740535736e-03 1.823057606816291809e-02 2.418562397360801697e-02 2.112536877393722534e-02 3.498717397451400757e-02 2.294890955090522766e-02 1.669103652238845825e-02 4.305826872587203979e-02 5.281059071421623230e-02 5.921361595392227173e-02 3.362316638231277466e-02 5.089794471859931946e-02 4.189422819763422012e-03 3.996188566088676453e-02 4.792764782905578613e-03 3.118538297712802887e-02 4.061021655797958374e-02 3.710381686687469482e-03 6.251869257539510727e-03 1.436374057084321976e-02 6.729505490511655807e-03 3.716327622532844543e-02 1.861534640192985535e-02 5.459749326109886169e-02 3.114804811775684357e-02 3.073115833103656769e-02 2.550540305674076080e-02 8.224349468946456909e-03 6.801728159189224243e-02 2.649246901273727417e-02 1.872305572032928467e-02 1.401970256119966507e-02 1.785129308700561523e-02 2.359383739531040192e-02 8.793627494014799595e-04 3.789196908473968506e-02 3.276282548904418945e-02 1.423279475420713425e-02 4.275497049093246460e-02 1.958720013499259949e-02 3.483689948916435242e-02 1.086449529975652695e-02 3.353969752788543701e-02 4.796303063631057739e-02 6.454349495470523834e-03 2.957551553845405579e-02 8.040469139814376831e-03 3.229219838976860046e-02 6.347790826112031937e-03 1.412780862301588058e-02 2.897421456873416901e-02 2.880091592669487000e-02 1.253003999590873718e-02 1.446228753775358200e-02 2.450269460678100586e-02 3.333222866058349609e-02 9.420811198651790619e-03 4.689779132604598999e-03 2.758728712797164917e-02 4.584352299571037292e-02 7.924709469079971313e-03 6.593679077923297882e-03 5.041037499904632568e-02 3.150532394647598267e-02 5.180048756301403046e-03 1.960824429988861084e-02 7.956962287425994873e-02 2.463840879499912262e-02 2.272387780249118805e-02 2.209496684372425079e-02 4.204673692584037781e-02 4.476859793066978455e-02 5.143449828028678894e-02 8.555267937481403351e-03 4.332963377237319946e-02 1.697110198438167572e-02 1.042166911065578461e-02 3.716720268130302429e-02 1.016571559011936188e-02 1.054449379444122314e-02 1.142715010792016983e-02 9.294284507632255554e-03 1.014425139874219894e-02 1.001884322613477707e-02 2.851432748138904572e-02 4.743868112564086914e-02 1.999202556908130646e-02 2.852247096598148346e-02 3.602862823754549026e-03 3.189210966229438782e-02 3.516057040542364120e-03 1.567622646689414978e-02 1.777726109139621258e-03 9.835337288677692413e-03 3.185018151998519897e-02 2.241449616849422455e-02 3.621570393443107605e-02 4.325165599584579468e-02
1.640498489141464233e-01 1.568330228328704834e-01 2.940525673329830170e-02 8.467401377856731415e-03 2.170918881893157959e-02 2.019094228744506836e-01 4.915238320827484131e-01 5.242642480880022049e-03 3.208805620670318604e-02 4.551157355308532715e-03 7.625871151685714722e-02 5.972436815500259399e-02 1.097817346453666687e-01 4.076777398586273193e-02 6.081807613372802734e-02 2.680520713329315186e-02 1.627266523428261280e-03 3.196282312273979187e-02 7.391514256596565247e-03 1.475745905190706253e-02 3.760199621319770813e-02 4.659198969602584839e-02 1.579421386122703552e-02 2.965011447668075562e-02 2.634174376726150513e-02 2.183689363300800323e-02 2.655233442783355713e-02 3.900343552231788635e-02 6.498277187347412109e-02 3.466662019491195679e-03 3.423108905553817749e-02 4.263894632458686829e-02 2.391353622078895569e-02 5.167595110833644867e-03 1.988183706998825073e-02 4.383645951747894287e-02 5.039782077074050903e-02 9.168499149382114410e-03 3.161977976560592651e-02 1.666416501393541694e-04 1.219749730080366135e-02 8.474136702716350555e-03 3.116700798273086548e-02 1.824107207357883453e-02 2.761023119091987610e-03 3.357389569282531738e-02 1.437611728906631470e-01 1.338537037372589111e-01 1.627586781978607178e-02 1.099673565477132797e-02 2.303548902273178101e-02 2.030477672815322876e-02 4.583458974957466125e-02 6.439654156565666199e-03 2.596743218600749969e-02 1.111273467540740967e-02 1.026269141584634781e-02 1.786057278513908386e-02 7.692375686019659042e-03 4.443290457129478455e-02 2.160982973873615265e-02 5.056172143667936325e-03 2.273857779800891876e-02 1.618596166372299194e-02 4.363393038511276245e-02 2.410819940268993378e-02 2.642275579273700714e-02 4.876762628555297852e-02 3.380895033478736877e-02 1.163646019995212555e-02 3.226595371961593628e-02 2.182444930076599121e-02 3.154166042804718018e-02 2.859466150403022766e-02 2.368818596005439758e-02 1.459452044218778610e-02 5.276379361748695374e-02 2.853048220276832581e-02 3.349215164780616760e-02 3.635216504335403442e-02 5.164070799946784973e-02 3.755073621869087219e-02 2.566925249993801117e-02 2.807718515396118164e-02 1.611176133155822754e-02 5.807754117995500565e-03 2.080614678561687469e-02 4.422362521290779114e-02 3.860487416386604309e-02 4.758470505475997925e-02 2.041066065430641174e-02 5.874976515769958496e-02 5.349053442478179932e-02 3.516754880547523499e-02 2.781438082456588745e-02 3.793168067932128906e-02 1.526871602982282639e-02 1.342708803713321686e-02 2.130844816565513611e-02 3.181066736578941345e-02 2.442379947751760483e-03 2.738645300269126892e-03 1.825473271310329437e-02 1.733119599521160126e-02 3.676222264766693115e-02 4.555030539631843567e-02 9.336266666650772095e-03 3.418501466512680054e-02 2.765202708542346954e-02 1.051649544388055801e-02 4.347883223090320826e-04 4.474840685725212097e-02 1.666336692869663239e-02 1.299599185585975647e-02 5.371260456740856171e-03 3.949537873268127441e-02
3.019060194492340088e-02 3.077051229774951935e-02 1.539490073919296265e-01 2.130261249840259552e-02 5.342504382133483887e-02 1.705187023617327213e-03 5.242642480880022049e-03 4.845693409442901611e-01 3.973781317472457886e-02 4.417966678738594055e-02 3.792994096875190735e-02 4.639870300889015198e-02 3.842177614569664001e-02 5.044976249337196350e-02 6.747198104858398438e-02 1.807868294417858124e-02 1.719273999333381653e-02 2.112882677465677261e-03 1.621940918266773224e-02 3.065465204417705536e-02 4.039710015058517456e-02 3.599306941032409668e-02 3.829624503850936890e-02 2.249718084931373596e-02 2.468145638704299927e-02 2.635774016380310059e-02 9.438964538276195526e-03 4.587730020284652710e-02 9.088361635804176331e-03 1.806746609508991241e-02 1.415839511901140213e-02 4.018830135464668274e-02 1.998692937195301056e-02 2.216951921582221985e-02 5.159900523722171783e-03 1.167140062898397446e-02 1.202083472162485123e-02 1.062968671321868896e-01 8.631639182567596436e-03 2.194460295140743256e-02 6.723109632730484009e-02 6.884291302412748337e-03 4.424598067998886108e-02 4.357370734214782715e-02 2.979676797986030579e-02 7.421534042805433273e-03 4.203490167856216431e-02 2.617742866277694702e-03 3.322184830904006958e-02 3.602316137403249741e-03 4.835473001003265381e-02 4.676515981554985046e-02 9.086349979043006897e-03 2.016502898186445236e-03 4.468574747443199158e-02 1.786952652037143707e-02 1.008337712846696377e-03 1.601921394467353821e-02 1.443270593881607056e-02 9.035451337695121765e-03 2.133790217339992523e-02 1.988092623651027679e-02 2.147799730300903320e-02 2.314509265124797821e-02 1.645350828766822815e-02 1.296177972108125687e-02 1.514479424804449081e-02 3.348850831389427185e-02 1.162909087724983692e-03 4.666193947196006775e-02 7.097322493791580200e-03 4.405821487307548523e-02 2.499994821846485138e-02 3.732640668749809265e-02 1.187472231686115265e-02 7.940589450299739838e-03 4.158409684896469116e-02 2.825912274420261383e-02 3.681052476167678833e-02 9.363214485347270966e-03 1.603650599718093872e-01 1.075396537780761719e-01 1.353122573345899582e-02 3.039265796542167664e-02 4.170411732047796249e-03 3.158679232001304626e-02 1.056563854217529297e-01 1.285156756639480591e-01 1.548429485410451889e-02 3.738694265484809875e-02 4.058861173689365387e-03 1.410405733622610569e-03 1.359874941408634186e-02 1.773698814213275909e-02 1.683074608445167542e-02 7.163022644817829132e-03 2.993225306272506714e-02 3.703363239765167236e-02 2.214035019278526306e-02 1.856081001460552216e-02 4.673751827795058489e-04 4.379389341920614243e-03 6.533146835863590240e-03 5.082763265818357468e-03 3.281236439943313599e-02 5.658821668475866318e-03 1.191485393792390823e-02 4.702050983905792236e-02 1.030093804001808167e-02 1.984493620693683624e-02 2.585827186703681946e-02 1.718945987522602081e-02 2.350602764636278152e-03 4.017331078648567200e-02 2.271250449120998383e-02 4.907503724098205566e-02
1.211147289723157883e-02 1.552915573120117188e-02 1.418966241180896759e-02 2.034895680844783783e-02 4.897715896368026733e-02 4.755372554063796997e-02 3.208805620670318604e-02 3.973781317472457886e-02 4.824097156524658203e-01 9.411653131246566772e-02 2.294601313769817352e-02 4.947223234921693802e-03 3.081997297704219818e-02 2.992444299161434174e-02 3.026408609002828598e-03 4.048826545476913452e-02 2.915392257273197174e-02 1.126455217599868774e-01 4.931529983878135681e-02 5.556144751608371735e-03 1.673803105950355530e-02 3.502973541617393494e-02 7.579457759857177734e-02 3.939139842987060547e-02 3.529064357280731201e-02 3.228143230080604553e-02 5.811093375086784363e-02 3.311744192615151405e-03 6.202046945691108704e-02 3.563303127884864807e-02 3.680019173771142960e-03 6.556020677089691162e-02 1.651726104319095612e-02 6.910372059792280197e-03 9.352700784802436829e-03 5.009901360608637333e-04 3.208346292376518250e-02 2.527744323015213013e-02 9.935145266354084015e-03 3.812274336814880371e-02 1.156158372759819031e-02 2.043889369815587997e-03 3.357881680130958557e-02 2.733298204839229584e-02 2.637175284326076508e-02 3.918331488966941833e-02 2.813810296356678009e-02 1.205631811171770096e-02 1.293862424790859222e-02 2.178949862718582153e-02 2.476989990100264549e-03 6.928311195224523544e-03 4.613835737109184265e-02 2.084855549037456512e-02 4.847378283739089966e-02 4.634977877140045166e-02 2.892499417066574097e-02 2.509810030460357666e-02 4.273679479956626892e-02 3.973298147320747375e-02 2.663214877247810364e-02 4.945438355207443237e-02 3.503246977925300598e-02 1.624934189021587372e-02 4.279001802206039429e-02 1.710992492735385895e-02 1.321472693234682083e-02 2.622305601835250854e-02 5.463396385312080383e-02 4.904364794492721558e-02 3.949925675988197327e-02 4.289978370070457458e-02 1.450473256409168243e-02 2.437033504247665405e-02 5.717656761407852173e-02 2.066110633313655853e-02 1.659554243087768555e-01 3.480941057205200195e-02 5.190933868288993835e-02 4.989757388830184937e-02 2.432877756655216217e-02 3.797151893377304077e-02 5.306923389434814453e-02 6.010355055332183838e-02 3.302126750349998474e-02 1.220697071403264999e-02 4.241651669144630432e-02 1.006500143557786942e-02 8.216463029384613037e-02 5.375892296433448792e-02 5.951599404215812683e-02 5.234919860959053040e-02 3.653952106833457947e-02 5.179509520530700684e-02 3.734100982546806335e-02 2.623660862445831299e-02 4.400265961885452271e-02 2.770717442035675049e-02 1.073647290468215942e-02 5.701307207345962524e-02 1.156739238649606705e-02 8.049854077398777008e-03 2.938468568027019501e-02 3.583172336220741272e-02 1.046976353973150253e-02 4.144915379583835602e-03 2.006090432405471802e-02 4.970136657357215881e-02 9.310605935752391815e-03 2.045907638967037201e-02 5.451838485896587372e-03 2.266340516507625580e-02 2.063988149166107178e-02 3.361976519227027893e-02 1.099380385130643845e-02 1.834882795810699463e-02
6.887543713673949242e-04 1.995342224836349487e-02 1.728325150907039642e-03 4.502559825778007507e-02 2.544440142810344696e-02 4.930837079882621765e-02 4.551157355308532715e-03 4.417966678738594055e-02 9.411653131246566772e-02 4.766378104686737061e-01 3.408682346343994141e-02 1.146566867828369141e-02 2.323252521455287933e-02 5.815215408802032471e-02 2.531339414417743683e-02 5.621132254600524902e-02 4.865812137722969055e-02 1.364496274618431926e-04 1.109700202941894531e-01 2.941817790269851685e-02 2.050990611314773560e-02 4.451476782560348511e-02 3.969439130742102861e-04 3.670546784996986389e-02 1.206167601048946381e-02 1.332440320402383804e-02 1.710111089050769806e-02 2.236673235893249512e-02 5.280935205519199371e-03 6.651569623500108719e-03 4.503293335437774658e-02 8.701950428076088428e-04 5.038836970925331116e-02 2.293298579752445221e-02 5.238176323473453522e-03 2.821414917707443237e-02 1.973347738385200500e-02 4.892143607139587402e-02 5.188636481761932373e-02 3.132902085781097412e-02 1.633078046143054962e-02 5.569624528288841248e-02 1.042863354086875916e-02 3.349447995424270630e-02 4.265119880437850952e-02 7.608863525092601776e-03 5.137985572218894958e-02 4.725790768861770630e-02 8.914023637771606445e-03 6.630535423755645752e-02 1.331664621829986572e-02 3.585692727938294411e-03 2.734822221100330353e-02 2.688525617122650146e-02 3.210792317986488342e-02 5.832743644714355469e-02 3.061494603753089905e-02 2.999318018555641174e-02 1.690383255481719971e-02 2.051601558923721313e-02 1.157113164663314819e-02 5.768599454313516617e-03 1.989214215427637100e-03 3.426560014486312866e-02 1.375467795878648758e-02 3.392043337225914001e-02 4.258329421281814575e-02 2.245911583304405212e-02 3.546170517802238464e-02 2.916799625381827354e-03 3.209767490625381470e-02 2.757138386368751526e-02 4.456053301692008972e-02 1.215522084385156631e-02 5.022928863763809204e-02 5.095967650413513184e-02 3.846317529678344727e-02 1.966456621885299683e-01 3.680405020713806152e-02 1.505018770694732666e-01 2.676039189100265503e-02 9.802602231502532959e-03 2.099714614450931549e-02 4.457106813788414001e-03 2.582686766982078552e-02 8.424685150384902954e-02 4.499437659978866577e-02 4.759523645043373108e-02 3.129660338163375854e-02 1.136044878512620926e-02 4.846011288464069366e-03 3.074631281197071075e-02 1.481681037694215775e-02 2.849008701741695404e-02 3.385227173566818237e-03 1.837937533855438232e-02 6.641121115535497665e-03 3.618957847356796265e-02 8.053386956453323364e-02 5.687259882688522339e-02 5.146066192537546158e-03 5.428320914506912231e-02 1.938745146617293358e-03 7.144513074308633804e-03 1.602316834032535553e-02 2.367908135056495667e-03 1.418999489396810532e-02 3.812549402937293053e-03 7.427549455314874649e-03 2.234380505979061127e-02 4.541259631514549255e-02 2.505030483007431030e-02 4.434007778763771057e-02 5.475442111492156982e-02 2.531822212040424347e-02 8.709404617547988892e-03
1.976843923330307007e-01 1.062291264533996582e-01 3.353327885270118713e-02 2.684276178479194641e-02 4.324939474463462830e-02 4.243492335081100464e-02 7.625871151685714722e-02 3.792994096875190735e-02 2.294601313769817352e-02 3.408682346343994141e-02 4.849809706211090088e-01 1.292504370212554932e-02 1.123458668589591980e-01 2.556739188730716705e-02 1.826998661272227764e-03 1.628688350319862366e-02 4.336139652878046036e-03 1.689658313989639282e-02 1.197587233036756516e-02 4.219590499997138977e-02 2.078024670481681824e-02 6.041043088771402836e-04 1.432468648999929428e-02 1.428656931966543198e-02 3.244626149535179138e-02 3.627463802695274353e-02 1.313719712197780609e-02 3.149293363094329834e-02 4.622832685708999634e-02 2.344606630504131317e-02 6.110212206840515137e-02 2.087836340069770813e-02 7.546551991254091263e-03 2.560310438275337219e-02 3.747415915131568909e-02 3.767728060483932495e-02 2.658273652195930481e-02 2.953912364318966866e-03 2.888534963130950928e-02 6.404490210115909576e-03 1.837358251214027405e-02 2.084308862686157227e-02 3.590711951255798340e-02 4.808234225492924452e-04 2.955742739140987396e-02 2.932318113744258881e-02 1.139703541994094849e-01 6.343062222003936768e-02 1.090816222131252289e-02 1.483048684895038605e-02 2.372791804373264313e-02 4.820818454027175903e-02 1.911114342510700226e-02 2.601835317909717560e-02 4.718485847115516663e-02 2.592695690691471100e-02 5.171919986605644226e-02 2.188882604241371155e-02 2.006809040904045105e-02 3.369871899485588074e-02 3.089946694672107697e-02 6.735652685165405273e-03 3.813228756189346313e-02 2.879516035318374634e-02 6.298611313104629517e-02 4.453382268548011780e-02 4.433949664235115051e-02 1.453529018908739090e-02 1.713091880083084106e-02 1.181975752115249634e-02 3.451098455116152763e-03 4.385351389646530151e-02 1.538300421088933945e-03 1.680444553494453430e-02 3.807248175144195557e-02 2.723098918795585632e-02 4.934536991640925407e-04 3.048482816666364670e-03 1.788964495062828064e-02 2.659723395481705666e-03 2.594876848161220551e-02 3.537647426128387451e-02 4.405227489769458771e-03 4.732496291399002075e-02 3.683679923415184021e-02 5.711339414119720459e-02 2.102886140346527100e-02 8.352953009307384491e-03 5.670260172337293625e-03 2.023668587207794189e-02 6.672135740518569946e-02 1.652973704040050507e-02 6.185087934136390686e-02 1.188715733587741852e-02 2.367098815739154816e-02 1.003032643347978592e-02 2.321967668831348419e-02 4.092499613761901855e-02 3.909823670983314514e-02 3.636878356337547302e-02 2.066571079194545746e-02 1.272201817482709885e-02 1.182385720312595367e-02 1.099124550819396973e-02 3.857234492897987366e-02 4.103645216673612595e-03 2.669803984463214874e-02 1.505500054918229580e-03 1.768524572253227234e-02 5.014275386929512024e-02 3.182009980082511902e-02 3.804988786578178406e-02 3.983037173748016357e-02 2.983924001455307007e-02 3.893839661031961441e-03 2.087078988552093506e-02
2.472226507961750031e-02 1.421649940311908722e-02 3.742029890418052673e-02 1.103853993117809296e-02 2.395126968622207642e-03 2.533934637904167175e-02 5.972436815500259399e-02 4.639870300889015198e-02 4.947223234921693802e-03 1.146566867828369141e-02 1.292504370212554932e-02 4.904225170612335205e-01 7.599672768265008926e-03 9.191916882991790771e-02 2.199581824243068695e-02 2.322130464017391205e-02 1.019463967531919479e-02 5.306642130017280579e-02 8.406889624893665314e-03 2.306479727849364281e-03 1.044271700084209442e-02 8.755826391279697418e-03 5.252851918339729309e-02 1.760868914425373077e-02 8.896828629076480865e-03 2.569070085883140564e-03 1.880842447280883789e-02 6.502662599086761475e-02 3.314247354865074158e-02 5.542014539241790771e-02 4.869311302900314331e-02 4.125201329588890076e-02 4.995612427592277527e-02 4.233509302139282227e-02 6.130510941147804260e-03 5.430438742041587830e-02 4.024591669440269470e-02 2.147950977087020874e-02 3.311850875616073608e-02 2.062879689037799835e-02 1.315359212458133698e-02 3.953378275036811829e-02 6.169007159769535065e-03 5.550623405724763870e-03 1.889807544648647308e-02 4.224161803722381592e-02 9.324400685727596283e-03 2.558376267552375793e-02 1.875514723360538483e-02 2.086628414690494537e-02 2.788293734192848206e-02 3.006795234978199005e-02 1.645880565047264099e-02 1.040107943117618561e-02 3.506768960505723953e-03 3.339822962880134583e-02 3.102822229266166687e-02 1.393013726919889450e-02 4.984658211469650269e-02 1.987019740045070648e-02 5.364428088068962097e-02 2.029854059219360352e-02 5.659447051584720612e-03 2.317516505718231201e-02 4.030654951930046082e-02 3.965317085385322571e-02 1.986652379855513573e-03 3.182950243353843689e-02 6.730130990035831928e-04 9.410395286977291107e-03 1.692554540932178497e-02 3.367196023464202881e-02 5.951563827693462372e-03 1.160596217960119247e-02 2.651179581880569458e-02 2.963962033390998840e-02 3.222215548157691956e-02 2.914157137274742126e-02 2.295752428472042084e-02 8.870023884810507298e-04 3.865906223654747009e-02 2.731903828680515289e-02 2.774712443351745605e-02 4.034582525491714478e-02 3.167779371142387390e-02 4.921866580843925476e-02 3.938603401184082031e-02 4.166690260171890259e-02 5.794369056820869446e-02 1.044256612658500671e-02 9.781506843864917755e-03 2.348273992538452148e-03 7.808432448655366898e-03 9.949386585503816605e-04 4.895801469683647156e-02 2.275511622428894043e-02 1.697964034974575043e-02 4.826329648494720459e-02 7.398967165499925613e-03 1.104547083377838135e-02 4.916835576295852661e-02 2.860070392489433289e-02 2.455488219857215881e-02 3.090650774538516998e-02 8.293809369206428528e-03 2.522583864629268646e-02 3.166789654642343521e-03 1.711009815335273743e-02 4.852183908224105835e-02 2.822932787239551544e-02 3.971653059124946594e-02 6.960927858017385006e-04 1.855529844760894775e-02 1.704843342304229736e-02 1.106829382479190826e-02 4.771864041686058044e-02
1.618931740522384644e-01 2.067836672067642212e-01 1.092982199043035507e-02 4.439093545079231262e-02 4.309675097465515137e-02 9.095895290374755859e-02 1.097817346453666687e-01 3.842177614569664001e-02 3.081997297704219818e-02 2.323252521455287933e-02 1.123458668589591980e-01 7.599672768265008926e-03 4.828324913978576660e-01 3.373191133141517639e-02 4.843469243496656418e-03 2.582958899438381195e-02 1.155837345868349075e-02 3.104321425780653954e-03 2.739042788743972778e-02 2.107564173638820648e-02 3.046593815088272095e-02 2.418770268559455872e-02 3.384554386138916016e-02 5.290219932794570923e-02 6.339968647807836533e-03 1.972154714167118073e-02 4.106692504137754440e-03 4.460531473159790039e-02 3.814545273780822754e-02 3.236871212720870972e-02 2.440160699188709259e-02 6.507334765046834946e-03 9.930602274835109711e-03 5.583950784057378769e-03 3.417856618762016296e-02 3.383952006697654724e-02 3.601493313908576965e-02 1.722266525030136108e-02 3.916154801845550537e-02 2.330723404884338379e-02 5.218984931707382202e-02 2.895894832909107208e-02 1.495696953497827053e-03 3.397141769528388977e-02 8.721594698727130890e-03 1.777725666761398315e-02 5.389852449297904968e-02 2.762654796242713928e-02 6.590510718524456024e-03 4.924396798014640808e-02 2.633229084312915802e-02 5.018289387226104736e-02 8.323771879076957703e-03 5.062430724501609802e-02 7.500123698264360428e-03 3.822198882699012756e-02 1.759855262935161591e-02 6.941836327314376831e-03 7.187366951256990433e-03 3.021970391273498535e-02 2.707397565245628357e-02 2.557722851634025574e-02 2.075809426605701447e-02 3.558775410056114197e-02 4.685173183679580688e-02 4.345821961760520935e-02 1.862523518502712250e-02 1.824405416846275330e-02 3.749756375327706337e-03 5.091494321823120117e-02 1.493420545011758804e-02 4.391400143504142761e-02 2.965419087558984756e-03 4.165031388401985168e-02 1.919548213481903076e-02 1.077432464808225632e-02 3.145774453878402710e-02 1.941031031310558319e-02 2.140075899660587311e-02 2.379038743674755096e-02 4.849607590585947037e-03 4.658136144280433655e-02 9.639548137784004211e-03 3.673124685883522034e-02 6.362236104905605316e-03 6.820291746407747269e-03 3.482912853360176086e-02 4.422607272863388062e-02 1.055953279137611389e-02 4.438425227999687195e-02 1.605030708014965057e-02 3.281473368406295776e-02 1.233951561152935028e-02 5.893506109714508057e-03 1.912527158856391907e-02 4.270233958959579468e-02 3.059664275497198105e-03 6.075496785342693329e-03 2.233816683292388916e-02 1.763841323554515839e-02 7.585432846099138260e-03 1.465880218893289566e-02 1.153714582324028015e-02 1.921423897147178650e-02 8.459934033453464508e-03 3.290371969342231750e-02 2.823081240057945251e-02 3.057520650327205658e-02 1.505934633314609528e-02 3.823333233594894409e-02 7.970576174557209015e-03 1.160219195298850536e-03 3.227302059531211853e-02 8.894119411706924438e-03 2.559980936348438263e-02 4.442066699266433716e-02
