4.649848937988281250e-01 2.282542586326599121e-01 1.131416484713554382e-02 1.018533390015363693e-02 2.437694347463548183e-04 1.260108500719070435e-01 1.297531425952911377e-01 7.630945648998022079e-03 1.835507719079032540e-04 1.148482132703065872e-02 1.556709557771682739e-01 3.995212167501449585e-02 8.561125397682189941e-02 6.739603821188211441e-03 6.350627541542053223e-02 3.601219877600669861e-02 4.808671399950981140e-02 2.326318435370922089e-02 1.519095897674560547e-02 3.214716538786888123e-02 3.907598182559013367e-02 4.706325754523277283e-02 3.170151636004447937e-02 9.131891652941703796e-03 5.106101278215646744e-03 3.125786408782005310e-02 2.216136083006858826e-02 1.688989624381065369e-02 3.521423786878585815e-02 1.476391963660717010e-02 5.135559663176536560e-02 3.261058405041694641e-02 2.413786947727203369e-02 4.906814917922019958e-02 2.130180969834327698e-02 4.887497518211603165e-03 1.765264384448528290e-02 3.910413011908531189e-03 3.325354680418968201e-02 9.941827505826950073e-03 5.103935673832893372e-02 4.993524029850959778e-02 2.376529574394226074e-02 2.174325985834002495e-03 9.568868204951286316e-03 3.960076719522476196e-03 8.692619949579238892e-02 7.801818847656250000e-02 5.092890560626983643e-02 2.225818485021591187e-02 1.070589106529951096e-02 3.752825036644935608e-02 4.586251452565193176e-02 6.478459574282169342e-03 1.949818991124629974e-02 2.763438597321510315e-02 2.676652930676937103e-02 2.625842019915580750e-02 5.607321858406066895e-03 3.207568451762199402e-02 3.621536865830421448e-02 3.379281237721443176e-02 2.220864593982696533e-02 8.503822027705609798e-04 2.393127419054508209e-02 2.115395106375217438e-02 4.072288423776626587e-02 1.693612337112426758e-02 4.642549157142639160e-02 3.018645942211151123e-02 2.721738070249557495e-03 2.924490720033645630e-02 2.263425104320049286e-02 4.012879915535449982e-03 2.562818350270390511e-03 4.724564496427774429e-03 1.078615523874759674e-02 4.639144986867904663e-03 3.091420233249664307e-02 2.537084976211190224e-03 4.913364350795745850e-02 3.276287391781806946e-02 3.793219104409217834e-02 1.347573474049568176e-02 4.869013279676437378e-02 2.155237086117267609e-02 2.070932276546955109e-02 5.513531714677810669e-02 3.020736202597618103e-02 2.930184593424201012e-03 2.177268080413341522e-02 5.888377875089645386e-02 2.404666692018508911e-02 5.495718214660882950e-03 3.666531667113304138e-02 1.117518823593854904e-02 2.163017867133021355e-03 1.258677709847688675e-02 4.014092683792114258e-02 6.613925565034151077e-03 3.471463918685913086e-02 5.063201114535331726e-02 1.644541509449481964e-02 3.842731565237045288e-02 8.368495851755142212e-03 3.466479480266571045e-02 2.164572849869728088e-02 3.072769753634929657e-02 1.465543825179338455e-02 4.209378361701965332e-02 1.831414736807346344e-02 7.014404982328414917e-03 1.654706080444157124e-03 3.055653162300586700e-02 9.773402474820613861e-03 1.109903957694768906e-02
2.282542586326599121e-01 4.625238180160522461e-01 3.385507315397262573e-02 4.239415377378463745e-02 1.194774080067873001e-02 7.928014546632766724e-02 1.497457772493362427e-01 1.931214518845081329e-02 3.781247138977050781e-02 1.956721767783164978e-03 1.150622889399528503e-01 2.225383371114730835e-02 1.224982365965843201e-01 1.698263105936348438e-03 6.123519688844680786e-02 4.140630364418029785e-02 3.491172567009925842e-02 2.880209684371948242e-02 3.219427540898323059e-02 3.881240636110305786e-02 3.749947622418403625e-02 6.155273690819740295e-02 1.187467668205499649e-02 5.876450333744287491e-03 1.426342129707336426e-02 1.333252806216478348e-02 1.234322879463434219e-02 3.004217706620693207e-02 2.257883362472057343e-02 2.263339795172214508e-02 5.234554409980773926e-02 4.827159270644187927e-02 1.053608302026987076e-02 2.483158186078071594e-02 2.257451787590980530e-02 2.742025069892406464e-02 3.728258609771728516e-02 9.943161159753799438e-03 4.088522400707006454e-03 2.661618217825889587e-02 3.377793356776237488e-02 4.705958813428878784e-02 1.396241597831249237e-02 7.018604315817356110e-03 9.617045521736145020e-03 1.495909877121448517e-02 9.428942203521728516e-02 1.253100186586380005e-01 4.140412062406539917e-02 4.626621305942535400e-02 2.613894408568739891e-03 3.144009411334991455e-02 3.041855432093143463e-02 7.699187379330396652e-03 1.219314057379961014e-03 3.531110286712646484e-02 7.707173004746437073e-03 3.845594450831413269e-02 2.187497913837432861e-02 1.260539051145315170e-02 4.668596200644969940e-03 4.316802322864532471e-02 1.178188715130090714e-02 5.940974690020084381e-03 1.583672128617763519e-02 1.048507541418075562e-02 4.030676558613777161e-02 2.212386019527912140e-02 2.960296906530857086e-02 4.130196943879127502e-02 9.453277103602886200e-03 4.275882989168167114e-02 4.522450268268585205e-02 9.089823812246322632e-03 2.346118167042732239e-02 3.394466638565063477e-02 1.061351783573627472e-02 8.725987281650304794e-04 1.251521287485957146e-03 9.006745181977748871e-03 3.136184439063072205e-02 4.115857649594545364e-03 1.105895917862653732e-02 1.717368513345718384e-02 1.944156736135482788e-02 7.617372088134288788e-03 5.764208734035491943e-02 5.828100815415382385e-02 3.991246968507766724e-02 6.203758064657449722e-03 4.414381086826324463e-02 6.641557067632675171e-02 1.164674572646617889e-02 2.854882180690765381e-02 3.094771504402160645e-02 3.233809024095535278e-02 1.522668171674013138e-02 1.505526993423700333e-02 4.004485532641410828e-02 1.900812238454818726e-02 7.571339607238769531e-03 5.240935459733009338e-02 4.160703625530004501e-03 1.516957301646471024e-02 3.693602979183197021e-02 5.310501158237457275e-02 9.666096419095993042e-03 2.626965381205081940e-02 2.535009756684303284e-02 4.068299755454063416e-02 3.161958977580070496e-02 1.029388699680566788e-02 6.949304137378931046e-03 4.182676598429679871e-02 2.090892056003212929e-03 1.274259760975837708e-02
1.131416484713554382e-02 3.385507315397262573e-02 4.507162272930145264e-01 6.174697075039148331e-03 1.365040428936481476e-02 6.105094775557518005e-02 2.225016243755817413e-02 9.530144184827804565e-02 1.167001668363809586e-02 1.545482873916625977e-02 8.241103030741214752e-03 4.029079899191856384e-02 1.966259628534317017e-02 4.540446773171424866e-02 6.887942086905241013e-03 3.604279831051826477e-02 4.762047901749610901e-02 3.229052200913429260e-02 1.762517541646957397e-02 2.127944026142358780e-03 2.432070858776569366e-02 2.586687169969081879e-02 4.797630384564399719e-02 4.609003663063049316e-02 4.395106807351112366e-02 3.861249890178442001e-03 9.411270730197429657e-03 6.819513626396656036e-03 8.895560167729854584e-03 7.124053314328193665e-03 1.656246557831764221e-02 4.080357030034065247e-02 1.295634638518095016e-02 2.636905387043952942e-02 4.190409556031227112e-02 2.265509963035583496e-02 2.662311121821403503e-02 2.072451449930667877e-02 5.303292535245418549e-03 8.405099622905254364e-03 5.412670783698558807e-03 4.073467571288347244e-03 3.417837619781494141e-02 2.666085399687290192e-02 2.028664946556091309e-02 2.317477762699127197e-02 3.992739133536815643e-03 1.899294741451740265e-02 2.082325331866741180e-02 2.002372033894062042e-02 2.877925895154476166e-02 3.027443960309028625e-02 5.630103871226310730e-02 5.018793791532516479e-02 2.765844017267227173e-02 4.843868687748908997e-02 3.264014795422554016e-02 2.654777280986309052e-02 3.473931178450584412e-02 2.914057346060872078e-03 1.015974115580320358e-02 3.319888934493064880e-02 2.137845940887928009e-02 2.791794948279857635e-02 5.492082796990871429e-03 2.457445673644542694e-02 4.726747423410415649e-02 2.504790574312210083e-02 4.176932200789451599e-02 2.756561851128935814e-03 5.290317814797163010e-03 3.545609861612319946e-02 3.343303874135017395e-02 3.682854026556015015e-02 4.114689677953720093e-02 7.841982878744602203e-03 1.045156549662351608e-02 1.867839880287647247e-02 1.274358201771974564e-02 3.026258945465087891e-02 1.433179527521133423e-01 1.150800064206123352e-01 5.214817449450492859e-02 4.932650364935398102e-03 3.366831690073013306e-02 2.466702274978160858e-02 6.223665550351142883e-02 6.430226564407348633e-02 3.192138299345970154e-02 1.812320761382579803e-02 2.083165571093559265e-02 3.971844166517257690e-02 5.786346271634101868e-03 4.325176775455474854e-02 3.995265439152717590e-02 3.619154915213584900e-03 3.446220234036445618e-02 2.650091610848903656e-02 2.582279033958911896e-02 4.414305463433265686e-02 1.977439597249031067e-02 2.319115959107875824e-02 2.127640321850776672e-02 2.554977498948574066e-02 2.395529113709926605e-02 6.863803416490554810e-02 4.050691425800323486e-02 3.455812856554985046e-02 1.301702868659049273e-04 1.947489567101001740e-02 2.273852750658988953e-02 2.094310335814952850e-02 1.764211617410182953e-02 4.156439751386642456e-02 4.046586900949478149e-02 1.727382838726043701e-02
1.018533390015363693e-02 4.239415377378463745e-02 6.174697075039148331e-03 4.527274072170257568e-01 2.592174112796783447e-01 1.851780340075492859e-02 1.343531347811222076e-02 4.103272035717964172e-02 9.246244095265865326e-03 1.000287476927042007e-02 3.381627798080444336e-02 6.939548999071121216e-03 1.723252609372138977e-02 1.557097770273685455e-02 2.591442689299583435e-02 2.245210809633135796e-03 8.108934387564659119e-03 6.421529501676559448e-02 1.970946602523326874e-02 2.067473903298377991e-02 2.593101374804973602e-02 5.770831182599067688e-02 4.216037690639495850e-02 1.287231873720884323e-02 2.632508985698223114e-02 2.112599788233637810e-03 1.609659567475318909e-02 7.532277610152959824e-03 2.448687329888343811e-02 3.837401047348976135e-02 2.654085494577884674e-02 2.739768102765083313e-02 2.792150015011429787e-03 4.733680747449398041e-03 5.632147192955017090e-03 1.266677584499120712e-02 1.018777582794427872e-02 3.642530739307403564e-02 5.544045940041542053e-02 1.998351328074932098e-02 2.087912708520889282e-02 4.564339295029640198e-02 3.857205063104629517e-02 4.910473525524139404e-02 8.217003196477890015e-04 3.917217720299959183e-03 2.618735842406749725e-02 4.099317267537117004e-02 1.043809764087200165e-02 1.176696363836526871e-02 3.714100271463394165e-02 4.459716007113456726e-02 1.629170402884483337e-02 1.708237570710480213e-03 3.016006015241146088e-02 1.808007061481475830e-02 5.657424405217170715e-02 2.411389723420143127e-02 4.440363496541976929e-02 1.496466808021068573e-02 5.806411057710647583e-02 8.815570920705795288e-02 3.583064675331115723e-02 4.760355129837989807e-02 2.877486310899257660e-02 3.100710548460483551e-02 3.526246547698974609e-02 3.774987161159515381e-02 1.739848591387271881e-02 2.819992974400520325e-02 2.231697551906108856e-02 4.385557956993579865e-03 1.693643480539321899e-01 4.027039930224418640e-02 6.040938198566436768e-02 1.928446814417839050e-02 1.596990413963794708e-02 2.917282097041606903e-02 2.609865181148052216e-02 9.514557197690010071e-03 2.608569711446762085e-02 5.744234193116426468e-03 1.279266476631164551e-01 5.600173026323318481e-02 4.180281236767768860e-02 3.999522328376770020e-02 3.903862461447715759e-02 5.503094289451837540e-04 3.883751854300498962e-02 4.820962995290756226e-02 4.048334434628486633e-02 1.267991680651903152e-02 4.550045728683471680e-02 4.483076557517051697e-02 4.277346283197402954e-02 6.453565321862697601e-03 3.499099239706993103e-02 4.615014418959617615e-03 1.110585778951644897e-02 7.203081040643155575e-04 5.129216983914375305e-02 4.831094294786453247e-02 3.290240839123725891e-02 5.081981420516967773e-02 2.677880786359310150e-02 5.069358646869659424e-02 2.984284795820713043e-02 5.762185435742139816e-03 3.701736778020858765e-02 4.410056769847869873e-02 6.382878404110670090e-03 2.608383074402809143e-02 3.034993633627891541e-02 5.285996571183204651e-02 7.490485906600952148e-03 2.327788434922695160e-02
2.437694347463548183e-04 1.194774080067873001e-02 1.365040428936481476e-02 2.592174112796783447e-01 4.486349225044250488e-01 4.219397436827421188e-03 4.622441250830888748e-03 5.302421748638153076e-02 8.503052406013011932e-03 3.071957454085350037e-02 1.357762888073921204e-02 2.970601432025432587e-03 1.345915533602237701e-02 5.530353169888257980e-03 5.135241150856018066e-02 1.154458243399858475e-02 2.455398067831993103e-02 2.196567133069038391e-02 2.643482573330402374e-02 2.166577242314815521e-02 2.528165280818939209e-02 7.065597176551818848e-02 4.101655259728431702e-02 5.339413881301879883e-02 4.481898155063390732e-03 3.892904147505760193e-02 3.222866449505090714e-03 7.224366418085992336e-04 4.073972254991531372e-02 2.327464148402214050e-02 1.704335212707519531e-03 4.579120501875877380e-02 1.428154483437538147e-02 3.426662832498550415e-02 1.202023774385452271e-02 1.058632787317037582e-02 3.075719252228736877e-02 4.353643953800201416e-02 1.495086308568716049e-02 8.773465640842914581e-03 3.622223436832427979e-02 4.522719886153936386e-03 1.053798571228981018e-02 4.187776893377304077e-02 1.856089197099208832e-02 3.428942337632179260e-02 6.957042962312698364e-03 2.091384259983897209e-03 1.738834567368030548e-02 2.669835463166236877e-02 2.647946588695049286e-02 1.876430213451385498e-02 4.009968042373657227e-02 3.048687987029552460e-02 4.647352918982505798e-02 4.240254685282707214e-02 8.255471475422382355e-03 9.592652320861816406e-03 5.988511256873607635e-04 4.829413257539272308e-03 1.800564117729663849e-02 1.043033152818679810e-01 3.256705403327941895e-02 3.138629719614982605e-02 2.077369578182697296e-02 2.675572223961353302e-02 1.970417983829975128e-02 2.331924997270107269e-02 1.228860486298799515e-02 2.384082973003387451e-02 7.782849948853254318e-03 3.251889348030090332e-02 1.015657410025596619e-01 4.421516507863998413e-02 8.614878356456756592e-02 1.318583148531615734e-03 3.274614736437797546e-02 3.936177864670753479e-02 5.247076973319053650e-03 1.451987028121948242e-02 2.600917778909206390e-02 4.236018657684326172e-02 5.802028626203536987e-02 1.012394391000270844e-02 4.778839275240898132e-02 4.562763497233390808e-02 2.586239203810691833e-02 2.463644556701183319e-02 1.529885176569223404e-02 8.460127748548984528e-03 4.680498689413070679e-02 4.172483459115028381e-02 4.805907979607582092e-02 1.807245309464633465e-03 3.896460309624671936e-02 4.491290822625160217e-02 2.797731757164001465e-02 2.818714641034603119e-02 3.007517382502555847e-02 9.770804084837436676e-03 5.012332275509834290e-02 3.039622306823730469e-02 4.578900709748268127e-02 1.478681713342666626e-02 3.149244934320449829e-02 3.455267846584320068e-02 4.890315607190132141e-02 6.663276813924312592e-03 3.765015676617622375e-02 3.869736939668655396e-02 3.235582634806632996e-02 5.024969577789306641e-02 4.464981704950332642e-02 1.356358733028173447e-02 6.697721313685178757e-03 4.630839824676513672e-02
1.260108500719070435e-01 7.928014546632766724e-02 6.105094775557518005e-02 1.851780340075492859e-02 4.219397436827421188e-03 4.482457637786865234e-01 2.307222187519073486e-01 3.927089646458625793e-02 8.299661567434668541e-04 1.339680631645023823e-03 3.339521586894989014e-02 2.914974652230739594e-02 4.748525097966194153e-02 3.138929232954978943e-02 5.545197427272796631e-02 3.596306219696998596e-02 3.087840043008327484e-02 2.277847379446029663e-02 3.679738938808441162e-02 1.609052158892154694e-02 1.392144057899713516e-02 8.480944670736789703e-04 4.546465352177619934e-02 5.057644471526145935e-02 3.930754028260707855e-03 3.319236263632774353e-02 2.253592573106288910e-02 9.269774891436100006e-03 3.594326600432395935e-02 4.490387439727783203e-02 4.364201426506042480e-02 4.053327813744544983e-02 5.395833402872085571e-03 3.116256557404994965e-02 1.959372498095035553e-02 4.362430423498153687e-03 2.503963373601436615e-02 7.304784376174211502e-03 1.157016679644584656e-02 1.913370005786418915e-02 8.121490478515625000e-03 7.980140857398509979e-03 6.842004135251045227e-03 4.353315010666847229e-02 4.927946254611015320e-03 2.401923015713691711e-02 8.103697001934051514e-02 3.081791661679744720e-02 1.094862539321184158e-02 4.220015928149223328e-02 4.206040874123573303e-03 3.201424703001976013e-02 3.701747208833694458e-02 1.825068704783916473e-02 5.778736900538206100e-03 2.512239851057529449e-02 2.373110875487327576e-02 3.229534998536109924e-02 4.795217886567115784e-03 5.530709400773048401e-02 1.498938165605068207e-02 4.288060590624809265e-02 3.285146132111549377e-02 9.395137894898653030e-04 2.352542988955974579e-02 2.593647129833698273e-02 3.553923219442367554e-02 1.685380376875400543e-02 2.377342665567994118e-03 4.259001463651657104e-03 4.261613264679908752e-02 3.038796596229076385e-02 3.172979876399040222e-02 1.363539509475231171e-02 1.336957328021526337e-02 1.456235349178314209e-02 2.837643772363662720e-02 1.650249212980270386e-02 2.613982371985912323e-02 3.616972267627716064e-02 1.536816731095314026e-02 1.718098111450672150e-02 2.826068550348281860e-02 3.731351898750290275e-05 1.789391413331031799e-02 4.929945245385169983e-02 5.659431219100952148e-03 2.690391847863793373e-03 3.914640843868255615e-02 1.253530010581016541e-02 1.838466152548789978e-02 4.906647279858589172e-02 1.987537927925586700e-02 4.806324467062950134e-02 4.357315599918365479e-02 2.854693494737148285e-02 9.674528613686561584e-03 4.672180488705635071e-02 3.672212734818458557e-02 1.679036580026149750e-02 2.763732522726058960e-02 2.793840318918228149e-02 3.545859828591346741e-02 5.291635170578956604e-02 4.132717475295066833e-02 2.470599720254540443e-03 1.121542789041996002e-02 1.960138976573944092e-02 1.557230018079280853e-02 4.322266671806573868e-03 2.148587070405483246e-02 4.586570337414741516e-02 1.254492066800594330e-02 2.546575106680393219e-02 4.649333655834197998e-03 1.966641657054424286e-02
1.297531425952911377e-01 1.497457772493362427e-01 2.225016243755817413e-02 1.343531347811222076e-02 4.622441250830888748e-03 2.307222187519073486e-01 4.454160332679748535e-01 2.654530294239521027e-02 1.749984174966812134e-02 4.077108204364776611e-02 3.578257560729980469e-02 3.880634531378746033e-02 6.599093973636627197e-02 1.452612876892089844e-02 4.028422012925148010e-02 8.977167308330535889e-03 5.546877626329660416e-03 1.312575396150350571e-02 3.528769686818122864e-02 1.283446419984102249e-02 2.466213423758745193e-03 3.267487883567810059e-02 2.969240956008434296e-02 3.997517284005880356e-03 6.036430597305297852e-03 1.245653908699750900e-02 2.901361882686614990e-02 3.187167271971702576e-02 1.670365966856479645e-02 4.065689444541931152e-02 5.996222794055938721e-02 3.805860131978988647e-02 4.894999787211418152e-03 2.654932066798210144e-02 1.225277781486511230e-02 1.723844744265079498e-02 1.488844957202672958e-02 2.014853246510028839e-02 3.152229823172092438e-03 3.031422849744558334e-03 4.741172492504119873e-02 3.063046187162399292e-02 4.485053475946187973e-03 1.637521386146545410e-02 5.055151879787445068e-03 1.657155342400074005e-03 1.030650213360786438e-01 8.996904641389846802e-02 2.090376615524291992e-02 1.554752700030803680e-02 3.595598414540290833e-02 3.440478071570396423e-02 3.205607831478118896e-02 3.379727527499198914e-02 2.458965592086315155e-02 1.309883780777454376e-03 1.057510450482368469e-02 9.475815109908580780e-03 2.896057814359664917e-02 3.812838718295097351e-02 7.228951901197433472e-03 3.374734893441200256e-02 1.427061296999454498e-02 6.780195515602827072e-03 3.105637803673744202e-02 2.033583819866180420e-02 3.544043377041816711e-02 7.172724232077598572e-03 3.338479995727539062e-02 3.249795734882354736e-02 2.229492738842964172e-02 3.984149172902107239e-02 2.327878586947917938e-02 1.900820806622505188e-02 3.790419176220893860e-02 1.944837719202041626e-02 9.266916662454605103e-03 1.355618424713611603e-02 1.761533506214618683e-02 1.773027516901493073e-02 1.137302815914154053e-02 2.329322881996631622e-02 3.028519451618194580e-02 2.910129167139530182e-02 8.851673454046249390e-03 2.376417815685272217e-02 1.654166914522647858e-02 1.683257147669792175e-02 1.426641829311847687e-02 9.390493854880332947e-03 4.405524954199790955e-02 9.299047291278839111e-03 1.789999380707740784e-02 5.815983284264802933e-03 1.037773396819829941e-02 3.201139718294143677e-02 8.099656552076339722e-03 4.057839512825012207e-02 2.086085267364978790e-03 2.082851715385913849e-02 1.997589878737926483e-02 4.221868701279163361e-03 1.597195677459239960e-02 1.952056400477886200e-02 3.126031369902193546e-04 1.356855221092700958e-02 4.827856551855802536e-03 4.181118309497833252e-02 2.775692567229270935e-02 6.491310894489288330e-03 2.095759473741054535e-02 4.651602730154991150e-02 1.835153624415397644e-02 2.135886810719966888e-02 5.748196505010128021e-03 2.304972149431705475e-02
7.630945648998022079e-03 1.931214518845081329e-02 9.530144184827804565e-02 4.103272035717964172e-02 5.302421748638153076e-02 3.927089646458625793e-02 2.654530294239521027e-02 4.700180292129516602e-01 3.655922412872314453e-02 2.335986867547035217e-02 1.630397699773311615e-02 1.898277737200260162e-02 3.875789046287536621e-02 1.394542772322893143e-02 9.636000543832778931e-02 1.018793694674968719e-02 4.325552843511104584e-03 2.590597048401832581e-02 1.599508337676525116e-02 4.781351983547210693e-02 3.344153240323066711e-02 5.877459887415170670e-03 1.924815215170383453e-02 2.721545472741127014e-02 6.441896315664052963e-03 3.363300114870071411e-02 1.587214530445635319e-03 2.059119194746017456e-02 7.216046564280986786e-03 1.054632943123579025e-02 4.500211682170629501e-03 3.822594135999679565e-02 3.520797938108444214e-02 2.144096978008747101e-02 4.165287688374519348e-02 1.923610456287860870e-02 1.833282597362995148e-02 2.607419528067111969e-02 1.274367701262235641e-02 4.166265949606895447e-03 4.282990004867315292e-03 4.796515405178070068e-02 1.278624031692743301e-02 8.316122926771640778e-03 5.562058836221694946e-02 5.343734845519065857e-02 1.938749803230166435e-03 6.172397639602422714e-03 1.831945963203907013e-02 1.802785322070121765e-02 3.568343445658683777e-02 2.376253344118595123e-02 4.200680926442146301e-02 3.381850942969322205e-02 4.428120702505111694e-02 1.170307304710149765e-02 2.835889719426631927e-02 4.510547593235969543e-02 9.578933008015155792e-03 2.226688899099826813e-02 2.668917365372180939e-02 4.167424514889717102e-02 1.194408629089593887e-02 4.361490905284881592e-02 3.435701876878738403e-02 2.123111858963966370e-03 4.220338165760040283e-02 4.674597457051277161e-02 3.001348674297332764e-02 2.132074534893035889e-02 2.820083312690258026e-02 3.003436885774135590e-02 3.150029107928276062e-02 1.549679413437843323e-02 4.932004958391189575e-02 1.524258684366941452e-02 2.623514272272586823e-02 7.616074755787849426e-03 2.587888203561306000e-02 3.154961764812469482e-02 1.251589506864547729e-01 8.610454946756362915e-02 1.336265727877616882e-02 1.332560274749994278e-02 1.488366443663835526e-02 8.326974697411060333e-03 9.748239070177078247e-02 8.155912160873413086e-02 1.639813184738159180e-02 4.908073693513870239e-02 1.507069077342748642e-02 6.173536553978919983e-02 2.194657549262046814e-02 5.228964984416961670e-02 7.024806458503007889e-03 4.782603681087493896e-02 1.533792074769735336e-02 1.396277733147144318e-02 3.326721489429473877e-02 8.333532139658927917e-03 2.174843288958072662e-02 2.372968941926956177e-02 2.042889408767223358e-02 2.247378416359424591e-02 4.401781409978866577e-02 5.498016998171806335e-02 1.758607290685176849e-02 3.037406690418720245e-02 1.416844548657536507e-03 3.575792536139488220e-02 2.324250712990760803e-02 1.105118426494300365e-03 4.292533174157142639e-02 3.934847563505172729e-02 8.136433549225330353e-03 1.154060475528240204e-02
1.835507719079032540e-04 3.781247138977050781e-02 1.167001668363809586e-02 9.246244095265865326e-03 8.503052406013011932e-03 8.299661567434668541e-04 1.749984174966812134e-02 3.655922412872314453e-02 4.510178565979003906e-01 6.502716988325119019e-02 1.624662429094314575e-02 3.395885601639747620e-02 2.339936234056949615e-02 4.759898409247398376e-02 2.930958569049835205e-02 6.990927271544933319e-03 3.518025577068328857e-02 6.188192963600158691e-02 3.052668832242488861e-02 3.976421058177947998e-02 2.958216331899166107e-02 3.563263639807701111e-02 3.266463428735733032e-02 1.147032622247934341e-02 5.792212113738059998e-02 4.802286624908447266e-02 1.801604591310024261e-02 1.299244351685047150e-03 1.995306834578514099e-02 1.438576634973287582e-02 1.336236856877803802e-02 2.716544270515441895e-02 2.321865037083625793e-02 1.471866108477115631e-02 4.749184846878051758e-02 3.359195590019226074e-02 1.281150616705417633e-02 3.240307047963142395e-02 1.313963206484913826e-03 3.314856439828872681e-02 3.530016168951988220e-02 6.509507447481155396e-02 4.895905405282974243e-02 1.327371783554553986e-02 3.739532083272933960e-02 6.654937751591205597e-03 4.915574193000793457e-02 2.725237794220447540e-02 5.521742627024650574e-02 3.526863083243370056e-02 2.384763769805431366e-02 3.712548688054084778e-02 3.816867992281913757e-02 5.557156354188919067e-02 1.155101954936981201e-01 1.083882674574851990e-01 1.051726751029491425e-02 2.810630202293395996e-02 3.736411686986684799e-03 1.471042446792125702e-02 1.698340103030204773e-02 1.324228290468454361e-02 7.432280480861663818e-02 1.225722022354602814e-02 3.816194599494338036e-03 7.626704405993223190e-03 3.955945745110511780e-02 4.468636214733123779e-02 7.368662208318710327e-02 3.177810087800025940e-02 5.494127050042152405e-03 3.564462065696716309e-02 2.892748825252056122e-02 1.179495733231306076e-02 1.618266251171007752e-04 1.331238076090812683e-02 2.288789749145507812e-01 3.844693675637245178e-02 6.473706662654876709e-02 4.862875118851661682e-02 1.875930652022361755e-02 4.264014959335327148e-02 3.141219541430473328e-02 2.583437971770763397e-02 1.499697472900152206e-02 9.584946557879447937e-03 4.317243024706840515e-02 3.242696821689605713e-02 4.054984077811241150e-02 2.026223391294479370e-02 3.846851736307144165e-02 1.530200894922018051e-02 7.706948090344667435e-03 2.855099178850650787e-02 7.804856169968843460e-03 6.054891273379325867e-03 2.241196110844612122e-02 3.236336633563041687e-02 9.809598326683044434e-02 6.166537106037139893e-02 4.197089374065399170e-02 4.476013034582138062e-02 2.299036271870136261e-02 1.977873593568801880e-02 2.992320619523525238e-02 3.675220161676406860e-02 1.298156194388866425e-02 2.192381583154201508e-02 4.354902729392051697e-02 7.923235185444355011e-03 2.254571393132209778e-02 2.765646390616893768e-02 2.333902567625045776e-02 4.597885161638259888e-02 1.307846698909997940e-02 2.625274285674095154e-02
1.148482132703065872e-02 1.956721767783164978e-03 1.545482873916625977e-02 1.000287476927042007e-02 3.071957454085350037e-02 1.339680631645023823e-03 4.077108204364776611e-02 2.335986867547035217e-02 6.502716988325119019e-02 4.690996706485748291e-01 1.345212012529373169e-02 3.140934510156512260e-03 3.994107246398925781e-02 1.659512147307395935e-02 7.682878524065017700e-03 8.515447378158569336e-03 2.432507276535034180e-02 5.811429000459611416e-04 1.159208789467811584e-01 4.551654681563377380e-02 9.038254618644714355e-03 4.107580054551362991e-03 3.435795009136199951e-02 8.875887095928192139e-02 3.115277178585529327e-02 6.282714754343032837e-02 2.313988097012042999e-02 6.370694190263748169e-02 4.674907401204109192e-02 7.645431440323591232e-03 2.599438838660717010e-02 1.824564486742019653e-02 4.284001141786575317e-02 3.936972469091415405e-02 1.182022504508495331e-02 3.177774697542190552e-02 1.358107849955558777e-02 4.149239882826805115e-02 4.502039030194282532e-02 1.842640712857246399e-02 4.141488671302795410e-02 5.597458779811859131e-02 4.618507623672485352e-02 7.436062674969434738e-03 3.905968368053436279e-02 2.598927170038223267e-02 1.681695133447647095e-02 1.180029101669788361e-02 2.320713177323341370e-02 6.313831359148025513e-02 3.706230595707893372e-02 1.812515780329704285e-02 3.399700671434402466e-02 1.173303928226232529e-03 1.046494301408529282e-02 1.111460849642753601e-01 2.033571712672710419e-02 2.812360040843486786e-02 3.804220631718635559e-02 4.606718569993972778e-02 4.646247997879981995e-02 1.322072371840476990e-02 3.972880914807319641e-02 1.841931417584419250e-02 1.276476774364709854e-02 1.223900821059942245e-02 5.359984189271926880e-02 4.131336882710456848e-02 2.755444124341011047e-02 5.282356962561607361e-02 7.428233046084642410e-03 3.557638823986053467e-02 3.500763326883316040e-02 5.099923536181449890e-02 5.553928017616271973e-02 1.041326206177473068e-02 1.595667190849781036e-02 1.366972476243972778e-01 1.172564644366502762e-02 1.384508609771728516e-01 3.543078526854515076e-02 4.488916695117950439e-02 2.618634374812245369e-03 1.492440253496170044e-01 1.962861418724060059e-02 2.740172855556011200e-02 4.286554455757141113e-02 4.893236234784126282e-02 5.262004956603050232e-02 1.111647207289934158e-02 1.965047232806682587e-02 1.328465901315212250e-02 1.688968576490879059e-02 3.305937629193067551e-03 8.883591508492827415e-04 1.266737841069698334e-02 3.579078614711761475e-02 8.551598526537418365e-03 1.579773426055908203e-02 8.058882504701614380e-02 3.628002945333719254e-03 3.202026011422276497e-03 3.631066158413887024e-02 8.373820222914218903e-03 1.025903504341840744e-02 2.197279967367649078e-02 5.930725485086441040e-02 1.111693959683179855e-02 1.713536679744720459e-02 5.247306078672409058e-02 4.540443420410156250e-02 8.072453550994396210e-03 4.815236106514930725e-02 4.555511474609375000e-02 2.835464105010032654e-02 8.955328725278377533e-03
1.556709557771682739e-01 1.150622889399528503e-01 8.241103030741214752e-03 3.381627798080444336e-02 1.357762888073921204e-02 3.339521586894989014e-02 3.578257560729980469e-02 1.630397699773311615e-02 1.624662429094314575e-02 1.345212012529373169e-02 4.596864581108093262e-01 3.380447160452604294e-03 1.232669278979301453e-01 4.631360620260238647e-02 4.589984193444252014e-02 4.743289947509765625e-02 2.447145245969295502e-02 1.883709989488124847e-02 3.947661258280277252e-03 4.599415883421897888e-02 1.835435070097446442e-02 4.392296448349952698e-02 3.796034306287765503e-02 5.818392615765333176e-03 4.410402104258537292e-02 3.207922726869583130e-02 3.667692095041275024e-02 6.379876867868006229e-04 2.467522863298654556e-04 2.951724454760551453e-02 8.494333364069461823e-03 4.858088679611682892e-03 3.047515405341982841e-03 1.161823514848947525e-02 2.990104071795940399e-02 3.960071504116058350e-02 2.541149500757455826e-03 4.972181841731071472e-02 2.425277419388294220e-02 2.460210584104061127e-02 1.247990503907203674e-02 1.191342249512672424e-02 1.660311035811901093e-02 1.212127320468425751e-02 5.615191534161567688e-02 2.914786897599697113e-02 1.021050214767456055e-01 9.589657187461853027e-02 7.685394026339054108e-03 5.271306261420249939e-02 4.114482924342155457e-02 2.105194330215454102e-02 2.968935668468475342e-02 4.995622113347053528e-02 4.578384384512901306e-02 3.783654421567916870e-02 1.642206101678311825e-03 6.003792211413383484e-02 4.449290409684181213e-02 2.683302573859691620e-02 2.300151437520980835e-02 4.862472414970397949e-02 1.962923444807529449e-02 1.734157651662826538e-02 8.483319729566574097e-02 5.449705198407173157e-02 1.120278984308242798e-02 8.470581844449043274e-03 9.912765584886074066e-03 3.161499649286270142e-02 4.085565730929374695e-02 3.449315577745437622e-02 4.487533494830131531e-02 1.130372658371925354e-02 4.970636684447526932e-03 1.416139584034681320e-02 3.014017827808856964e-02 1.189397741109132767e-02 2.302857860922813416e-02 1.122742425650358200e-03 2.127197757363319397e-02 5.088844522833824158e-02 4.217891767621040344e-02 1.684664515778422356e-03 1.320099458098411560e-02 7.520703133195638657e-03 3.598573431372642517e-02 2.358697168529033661e-02 4.554618522524833679e-02 4.263456538319587708e-02 2.809504233300685883e-02 9.310008585453033447e-02 2.822073549032211304e-02 3.418000787496566772e-02 1.015798281878232956e-02 3.687974065542221069e-02 1.789953908883035183e-03 7.510357070714235306e-03 9.712609462440013885e-03 4.567258805036544800e-02 1.410568039864301682e-02 1.062340475618839264e-02 1.811892539262771606e-02 1.031397655606269836e-02 2.737339399755001068e-02 3.664982691407203674e-02 1.211533509194850922e-02 3.168205544352531433e-02 3.448510169982910156e-02 5.649022385478019714e-02 1.067503821104764938e-03 5.615372210741043091e-03 3.104584477841854095e-02 2.746143005788326263e-02 4.945636540651321411e-02 1.181478053331375122e-02
3.995212167501449585e-02 2.225383371114730835e-02 4.029079899191856384e-02 6.939548999071121216e-03 2.970601432025432587e-03 2.914974652230739594e-02 3.880634531378746033e-02 1.898277737200260162e-02 3.395885601639747620e-02 3.140934510156512260e-03 3.380447160452604294e-03 4.420076012611389160e-01 4.723973572254180908e-02 1.969037801027297974e-01 4.218243435025215149e-02 4.140496253967285156e-02 2.589167794212698936e-03 4.834684077650308609e-03 3.804138675332069397e-02 3.991232439875602722e-02 2.208364009857177734e-02 1.740882522426545620e-03 1.463990099728107452e-02 3.946252539753913879e-02 2.827914990484714508e-02 2.023443020880222321e-02 2.001069486141204834e-02 1.342789679765701294e-01 2.450827695429325104e-02 6.278253346681594849e-02 5.886389315128326416e-02 8.496155962347984314e-03 1.799030229449272156e-02 2.246084995567798615e-02 3.447119891643524170e-02 9.900053963065147400e-03 3.541869670152664185e-02 4.744201153516769409e-02 5.667560268193483353e-03 1.217373181134462357e-02 2.113071084022521973e-02 2.218906581401824951e-02 2.040525712072849274e-02 4.508630931377410889e-02 8.962047845125198364e-02 1.704125292599201202e-02 1.739237830042839050e-02 3.483364731073379517e-02 3.394085913896560669e-02 1.698918058536946774e-04 4.548385739326477051e-02 2.733943751081824303e-03 1.217716187238693237e-02 6.814965512603521347e-03 3.262313827872276306e-02 4.347055405378341675e-02 3.830621764063835144e-02 4.596279561519622803e-02 5.628282576799392700e-02 2.389346621930599213e-02 4.655455797910690308e-02 2.449223073199391365e-03 5.218666046857833862e-02 1.040766667574644089e-02 3.240552544593811035e-02 5.612239614129066467e-02 1.164017338305711746e-02 1.332222018390893936e-02 2.559771388769149780e-02 2.950424142181873322e-02 1.604263787157833576e-03 4.603689536452293396e-02 2.094762958586215973e-02 1.022026129066944122e-02 3.056849166750907898e-02 4.061338678002357483e-02 3.550497069954872131e-02 2.590976655483245850e-02 9.283822774887084961e-02 4.615250602364540100e-02 2.905427291989326477e-02 5.758012644946575165e-03 2.454048953950405121e-02 1.064406707882881165e-02 1.911627501249313354e-02 2.398188784718513489e-02 1.322756707668304443e-02 5.390870943665504456e-02 4.609747231006622314e-02 4.155285283923149109e-02 5.375286191701889038e-02 3.848199918866157532e-02 2.179198525846004486e-02 1.397197786718606949e-02 5.196372047066688538e-03 1.643419265747070312e-02 1.069436548277735710e-04 2.639499306678771973e-02 8.742259815335273743e-03 1.292703207582235336e-03 3.646711632609367371e-02 1.840534061193466187e-02 1.031882781535387039e-02 2.809067070484161377e-02 3.084245836362242699e-03 3.577314317226409912e-02 3.339421376585960388e-02 6.028789281845092773e-02 2.401831187307834625e-02 1.619998551905155182e-02 8.744294755160808563e-03 1.103702560067176819e-02 3.700608015060424805e-02 3.300583735108375549e-02 6.146671716123819351e-03 8.772904984652996063e-03
8.561125397682189941e-02 1.224982365965843201e-01 1.966259628534317017e-02 1.723252609372138977e-02 1.345915533602237701e-02 4.748525097966194153e-02 6.599093973636627197e-02 3.875789046287536621e-02 2.339936234056949615e-02 3.994107246398925781e-02 1.232669278979301453e-01 4.723973572254180908e-02 4.633148610591888428e-01 4.463562369346618652e-02 1.047099828720092773e-01 4.191201180219650269e-02 2.484595030546188354e-02 2.289556711912155151e-02 1.068266574293375015e-02 2.491550147533416748e-02 1.382816117256879807e-02 4.059421643614768982e-02 1.736404560506343842e-02 4.462895169854164124e-02 1.355350855737924576e-02 1.732319127768278122e-03 9.845017455518245697e-03 2.155289053916931152e-02 8.337896317243576050e-03 3.244798630475997925e-02 3.690538182854652405e-02 3.022770769894123077e-02 2.307128906250000000e-02 2.290291711688041687e-02 1.180451712571084499e-03 2.711543813347816467e-02 3.202223405241966248e-02 5.797591060400009155e-02 2.242977172136306763e-02 2.326354011893272400e-02 3.687243908643722534e-02 8.378834463655948639e-03 1.018656976521015167e-02 4.965682327747344971e-02 2.760520018637180328e-02 2.337202616035938263e-02 5.824960395693778992e-02 7.353937625885009766e-02 2.759777195751667023e-02 1.008857134729623795e-02 1.731300354003906250e-02 4.287936165928840637e-02 1.667199283838272095e-02 5.094619095325469971e-02 1.415574830025434494e-02 4.012475535273551941e-02 3.822451457381248474e-02 4.697397351264953613e-02 5.302309989929199219e-02 1.508398912847042084e-02 3.817454352974891663e-02 4.556787014007568359e-02 1.269824337214231491e-02 9.257955476641654968e-03 3.295790776610374451e-02 4.978765919804573059e-02 4.115235805511474609e-02 5.466239154338836670e-02 2.280164882540702820e-02 2.506384067237377167e-02 3.841520100831985474e-02 2.417671680450439453e-02 3.939629718661308289e-02 5.447471048682928085e-04 4.987958073616027832e-02 2.303043380379676819e-02 1.837450265884399414e-02 1.154187321662902832e-02 1.824087463319301605e-02 4.567020386457443237e-02 3.436078131198883057e-02 2.158301137387752533e-02 4.487655311822891235e-02 3.922381997108459473e-02 4.323088750243186951e-02 5.364555120468139648e-02 2.457671985030174255e-02 7.541725784540176392e-02 4.310651496052742004e-02 3.022721409797668457e-02 4.888944793492555618e-03 2.148783579468727112e-02 3.362909331917762756e-02 9.461385197937488556e-03 4.205160215497016907e-02 6.851843092590570450e-03 3.104269853793084621e-04 9.582203812897205353e-03 5.796114914119243622e-03 2.088515646755695343e-02 4.368602484464645386e-02 4.852521046996116638e-02 1.865269988775253296e-02 2.202120609581470490e-02 1.813366264104843140e-02 3.410196304321289062e-02 2.817544527351856232e-02 5.876507237553596497e-02 1.619282737374305725e-02 3.965905681252479553e-02 9.869901463389396667e-03 1.367405056953430176e-02 1.575513556599617004e-02 3.106726147234439850e-02 2.438346669077873230e-02 4.005621001124382019e-02
