5.429527759552001953e-01 1.052936986088752747e-01 1.821866445243358612e-02 7.106393110007047653e-03 1.760903187096118927e-02 8.048806339502334595e-02 5.234570801258087158e-02 1.930015720427036285e-02 3.787325462326407433e-03 4.576082527637481689e-02 1.141735762357711792e-01 3.603072464466094971e-02 7.636146992444992065e-02 2.598959207534790039e-02 2.060523442924022675e-02 1.520482543855905533e-02 1.870217733085155487e-02 1.575166173279285431e-02 5.276684090495109558e-02 3.355094417929649353e-02 1.366085093468427658e-02 1.111682318150997162e-02 4.705765470862388611e-02 3.022840991616249084e-02 9.615996386855840683e-04 1.062080613337457180e-03 4.773151129484176636e-02 1.052022725343704224e-02 4.969812184572219849e-02 2.720675431191921234e-02 2.911568991839885712e-02 1.648647338151931763e-02 4.678526893258094788e-02 3.164032474160194397e-02 1.475284341722726822e-02 9.134994819760322571e-03 7.604527287185192108e-03 1.265995670109987259e-02 1.663950085639953613e-02 5.093444138765335083e-03 5.659134127199649811e-03 4.875381477177143097e-03 1.228829566389322281e-02 1.653368212282657623e-02 2.008181624114513397e-02 2.160484716296195984e-02 5.880719423294067383e-02 3.007605485618114471e-02 3.306753560900688171e-02 4.405543580651283264e-02 1.102513633668422699e-03 1.618747226893901825e-02 3.811571514233946800e-03 3.172311931848526001e-02 4.459480941295623779e-02 3.557762131094932556e-02 1.082687079906463623e-02 6.854614242911338806e-03 1.525299809873104095e-02 2.460204064846038818e-02 2.650673501193523407e-02 3.547745570540428162e-02 3.119987249374389648e-02 4.291397705674171448e-02 2.772947028279304504e-02 2.600558474659919739e-02 1.916886679828166962e-02 3.486291691660881042e-02 6.302750669419765472e-03 5.122106149792671204e-02 4.730476066470146179e-02 2.490016259253025055e-02 2.058241516351699829e-02 5.112066864967346191e-02 3.021014668047428131e-02 3.224425250664353371e-03 3.465243801474571228e-02 2.218913845717906952e-02 9.696997702121734619e-03 1.769098453223705292e-02 3.321100771427154541e-02 4.726733546704053879e-03 4.924448952078819275e-02 2.425509691238403320e-02 6.805450539104640484e-04 2.341548912227153778e-02 5.088432133197784424e-02 7.822022773325443268e-03 2.220469294115900993e-03 1.726368069648742676e-02 5.921491980552673340e-02 1.800655201077461243e-02 2.829732745885848999e-02 7.186806760728359222e-04 6.849137134850025177e-03 2.457624068483710289e-03 2.282751910388469696e-02 7.599524687975645065e-03 4.254103638231754303e-03 3.326748497784137726e-03 1.213660929352045059e-02 1.715227216482162476e-02 1.819898933172225952e-02 7.402235642075538635e-03 1.105837873183190823e-03 2.766798436641693115e-02 1.628560759127140045e-02 4.155093804001808167e-02 2.515629120171070099e-02 3.024790436029434204e-02 5.139668658375740051e-02 1.509510353207588196e-02 2.456926368176937103e-02 2.013267949223518372e-02 4.100888222455978394e-02 1.812314614653587341e-02
1.052936986088752747e-01 5.488590598106384277e-01 5.047258920967578888e-03 6.128384731709957123e-03 3.939380403608083725e-03 7.642538100481033325e-02 6.535933911800384521e-02 1.825369894504547119e-02 1.032465975731611252e-02 2.770671434700489044e-02 8.264866471290588379e-02 3.859319165349006653e-02 9.943223744630813599e-02 1.720875129103660583e-02 1.768244430422782898e-02 3.014040179550647736e-02 3.371570631861686707e-02 9.049960062839090824e-04 4.543085768818855286e-02 3.973152115941047668e-02 1.949740014970302582e-02 3.364508226513862610e-02 1.993460766971111298e-02 3.192453831434249878e-02 2.342699281871318817e-02 2.442131564021110535e-02 6.045423448085784912e-02 4.448733478784561157e-02 2.623954601585865021e-02 1.672667264938354492e-02 4.309967160224914551e-02 1.208639983087778091e-02 3.493184596300125122e-02 8.185231126844882965e-03 1.581767573952674866e-02 2.016902342438697815e-02 4.161203280091285706e-02 2.738727442920207977e-02 4.029745236039161682e-02 4.935247823596000671e-03 1.016930583864450455e-02 3.220022888854146004e-03 1.016782131046056747e-02 2.496046759188175201e-02 1.105712493881583214e-03 4.146578535437583923e-02 3.562548756599426270e-02 1.882555708289146423e-02 2.250500023365020752e-02 3.668786957859992981e-02 3.523916378617286682e-02 2.230083569884300232e-02 1.130410842597484589e-02 2.035267092287540436e-02 2.805584296584129333e-02 3.835694491863250732e-02 9.647703729569911957e-03 2.276583574712276459e-03 2.575483731925487518e-02 3.775853663682937622e-02 1.193727832287549973e-02 4.027210921049118042e-02 1.668381318449974060e-02 3.992897644639015198e-02 1.309692207723855972e-02 1.645134761929512024e-02 6.106434389948844910e-03 2.309827366843819618e-03 1.146112661808729172e-02 1.940759830176830292e-02 3.213964402675628662e-02 2.894310094416141510e-02 3.449668735265731812e-02 2.863670326769351959e-02 1.803629286587238312e-02 2.981281094253063202e-02 2.804622985422611237e-02 2.802981063723564148e-02 1.925816014409065247e-02 3.757300227880477905e-02 2.615352533757686615e-02 2.175353467464447021e-02 5.851822346448898315e-02 2.718425530474632978e-04 8.065681904554367065e-03 4.208810161799192429e-03 3.556356579065322876e-02 1.443220581859350204e-02 4.820119217038154602e-02 1.842991076409816742e-02 1.793994009494781494e-02 4.444387927651405334e-02 3.760458156466484070e-02 1.984286867082118988e-02 3.214612603187561035e-02 1.957840658724308014e-02 2.566612139344215393e-02 8.347156457602977753e-03 1.583402790129184723e-02 5.304390098899602890e-03 5.536367185413837433e-03 1.840185374021530151e-02 4.633991792798042297e-02 2.548837475478649139e-02 1.553674228489398956e-02 1.174423284828662872e-02 4.186765477061271667e-02 2.691951580345630646e-02 4.489144682884216309e-02 4.262638464570045471e-02 3.198615089058876038e-02 9.522938169538974762e-03 1.122157275676727295e-02 4.777174908667802811e-03 3.691960126161575317e-02 3.710661083459854126e-02
1.821866445243358612e-02 5.047258920967578888e-03 5.130708217620849609e-01 8.193045109510421753e-02 5.178022757172584534e-02 1.438415516167879105e-02 2.289872616529464722e-02 8.659359812736511230e-02 9.908786974847316742e-03 4.920398816466331482e-02 2.613180689513683319e-02 1.846621930599212646e-02 1.706905663013458252e-02 8.289121906273066998e-04 4.466429352760314941e-02 2.137961611151695251e-02 3.068518266081809998e-02 4.317164421081542969e-02 1.041639596223831177e-02 2.245586551725864410e-02 3.673453116789460182e-03 4.639528319239616394e-02 3.028277307748794556e-02 3.140777116641402245e-03 1.133584417402744293e-02 1.530423574149608612e-02 6.355128251016139984e-03 2.934015914797782898e-02 1.187279075384140015e-02 3.870055451989173889e-02 3.236560523509979248e-02 4.089918360114097595e-02 4.913751408457756042e-02 3.929372876882553101e-02 8.818021416664123535e-02 3.636475279927253723e-02 3.825003281235694885e-02 2.442987076938152313e-02 1.842503249645233154e-02 2.442515268921852112e-02 2.956662513315677643e-02 2.811985649168491364e-02 4.002679884433746338e-02 3.343778476119041443e-02 3.962714970111846924e-02 2.232424169778823853e-02 5.128203425556421280e-03 1.358351856470108032e-02 2.600891143083572388e-02 3.888429701328277588e-02 4.298935458064079285e-02 4.161489382386207581e-02 2.183142304420471191e-02 1.453256327658891678e-02 2.983162924647331238e-02 4.675234854221343994e-02 1.646645180881023407e-02 3.615340963006019592e-02 2.672167867422103882e-02 3.918281570076942444e-02 1.196883805096149445e-02 5.256359279155731201e-02 2.993739955127239227e-02 2.950159087777137756e-02 3.088935464620590210e-02 9.372367523610591888e-03 2.434067986905574799e-02 1.284879725426435471e-02 1.926029846072196960e-02 2.451021596789360046e-02 2.801785618066787720e-02 1.117745228111743927e-02 2.033802866935729980e-02 3.980506211519241333e-02 3.980183042585849762e-03 1.030393596738576889e-02 4.767150152474641800e-03 4.223767295479774475e-02 1.555581111460924149e-02 2.521391771733760834e-02 3.303613886237144470e-02 5.928067490458488464e-02 4.488152638077735901e-02 7.553873956203460693e-02 4.610393196344375610e-02 2.854781923815608025e-03 2.616607584059238434e-02 2.145853824913501740e-02 2.331525459885597229e-02 5.265047773718833923e-03 4.724372550845146179e-02 3.186610341072082520e-02 4.056866839528083801e-02 4.633817076683044434e-02 4.887602850794792175e-02 8.861470036208629608e-03 4.307911917567253113e-02 3.155443072319030762e-02 1.862973161041736603e-02 8.158266544342041016e-03 3.873513778671622276e-03 1.576755195856094360e-02 7.008371502161026001e-02 4.916979745030403137e-02 1.176631823182106018e-02 3.122871182858943939e-02 3.868932276964187622e-02 7.954025641083717346e-03 4.349587857723236084e-02 2.374586276710033417e-02 4.916800558567047119e-02 4.430550709366798401e-02 1.416449435055255890e-02 2.025234140455722809e-02 1.128613110631704330e-02 8.112230338156223297e-03
7.106393110007047653e-03 6.128384731709957123e-03 8.193045109510421753e-02 5.213751792907714844e-01 9.194412827491760254e-02 3.288849443197250366e-02 3.560372069478034973e-02 3.432031720876693726e-02 2.677377685904502869e-02 4.142744466662406921e-03 3.767795860767364502e-02 2.052170969545841217e-02 1.624364219605922699e-02 4.348478466272354126e-02 1.842187158763408661e-02 4.259268287569284439e-03 1.303661335259675980e-02 8.284208178520202637e-02 4.272386059165000916e-02 1.031616237014532089e-02 1.212506089359521866e-02 2.368802018463611603e-02 4.368817433714866638e-03 3.171630576252937317e-02 3.755979612469673157e-02 3.064825572073459625e-02 3.672175342217087746e-03 5.802698805928230286e-02 2.487204968929290771e-03 2.086244989186525345e-03 2.872196398675441742e-02 6.019920576363801956e-03 2.753216959536075592e-02 2.107300050556659698e-02 2.042395249009132385e-02 4.364313557744026184e-02 3.084409609436988831e-02 2.990778721868991852e-02 8.953966200351715088e-03 3.301846608519554138e-02 1.932041160762310028e-02 7.914309389889240265e-03 2.293030172586441040e-02 4.226690158247947693e-02 1.363055780529975891e-02 2.495427802205085754e-02 2.325903158634901047e-03 2.729157917201519012e-02 3.257103264331817627e-02 1.526922266930341721e-02 2.092503011226654053e-02 8.521129377186298370e-03 1.408957038074731827e-02 3.916988614946603775e-03 2.432357147336006165e-02 1.120630651712417603e-02 8.653100579977035522e-02 1.516212243586778641e-02 8.633717894554138184e-03 2.165113762021064758e-02 8.098404854536056519e-02 3.608031570911407471e-02 1.739329472184181213e-02 3.876414895057678223e-02 2.063282020390033722e-02 1.830785907804965973e-02 1.991851255297660828e-02 3.269232437014579773e-02 9.239277988672256470e-02 1.399006787687540054e-02 2.910863608121871948e-02 1.660898327827453613e-02 1.422584205865859985e-01 2.149579813703894615e-03 4.747839272022247314e-02 6.004685070365667343e-03 5.165887251496315002e-02 4.010320827364921570e-02 8.337782695889472961e-03 2.137242443859577179e-02 2.533110976219177246e-02 1.712221093475818634e-02 9.416612237691879272e-02 2.476353198289871216e-02 2.488620392978191376e-02 9.994305670261383057e-03 1.393426954746246338e-02 3.751946613192558289e-02 7.841507345438003540e-02 2.700487896800041199e-02 1.961844041943550110e-02 5.734513979405164719e-03 2.923109382390975952e-02 5.095192044973373413e-02 3.458836302161216736e-02 5.078319832682609558e-02 3.080259636044502258e-02 7.801380939781665802e-03 2.739728428423404694e-02 7.256008102558553219e-04 2.975977584719657898e-02 2.456507086753845215e-02 2.340854145586490631e-02 4.937927797436714172e-02 1.541204657405614853e-02 5.509456619620323181e-02 8.000643923878669739e-03 2.656965702772140503e-02 5.189470481127500534e-03 2.375693991780281067e-02 1.538810785859823227e-02 3.123052045702934265e-02 1.856819726526737213e-02 2.984785288572311401e-02 3.620003536343574524e-02 3.481110185384750366e-02
1.760903187096118927e-02 3.939380403608083725e-03 5.178022757172584534e-02 9.194412827491760254e-02 5.191600322723388672e-01 7.976232096552848816e-03 5.749247502535581589e-03 3.906082734465599060e-02 4.412434250116348267e-02 1.336290873587131500e-02 1.749996445141732693e-04 2.999225072562694550e-02 3.253797767683863640e-03 2.701730467379093170e-02 6.599650718271732330e-03 2.980054169893264771e-02 7.546198903582990170e-04 1.627056486904621124e-02 5.222374945878982544e-02 3.215241804718971252e-02 6.340775638818740845e-03 4.503986611962318420e-02 2.696665003895759583e-02 3.757733386009931564e-03 3.272774070501327515e-02 3.368157148361206055e-02 3.147855028510093689e-02 5.185265839099884033e-02 2.657402679324150085e-02 5.083535611629486084e-02 9.858448989689350128e-03 1.037340145558118820e-02 1.713165268301963806e-02 1.067916303873062134e-02 5.497407540678977966e-02 4.152661189436912537e-02 2.322823554277420044e-02 4.455322865396738052e-03 1.387097220867872238e-02 8.037689328193664551e-02 1.153714489191770554e-02 4.453090950846672058e-02 4.422902688384056091e-02 3.984696790575981140e-02 3.429925069212913513e-02 2.191706560552120209e-03 4.443167522549629211e-02 2.818241715431213379e-02 7.621540222316980362e-03 2.792503125965595245e-02 3.469691798090934753e-02 3.317835927009582520e-02 1.516141090542078018e-02 1.080661080777645111e-02 1.015058625489473343e-02 8.952201344072818756e-03 1.122332550585269928e-02 8.381129056215286255e-02 2.852146327495574951e-02 5.587481893599033356e-03 2.141534205293282866e-04 6.446848064661026001e-02 3.732031211256980896e-02 5.594202131032943726e-02 1.357134990394115448e-02 4.101707041263580322e-02 3.271117061376571655e-02 4.649951308965682983e-02 3.563922643661499023e-02 2.054920233786106110e-02 4.223650693893432617e-02 6.821291055530309677e-03 2.135288342833518982e-02 5.562565755099058151e-03 3.316999226808547974e-02 1.711450144648551941e-02 3.429666627198457718e-03 2.191316150128841400e-02 2.060871757566928864e-02 6.963325664401054382e-03 1.021733973175287247e-02 2.216993086040019989e-02 5.213682353496551514e-02 1.390066593885421753e-01 9.107833728194236755e-03 8.651938289403915405e-03 1.089009921997785568e-02 1.779929921030998230e-02 2.348955906927585602e-02 1.662440225481987000e-02 2.021392062306404114e-02 3.160105645656585693e-02 1.605034060776233673e-02 1.651398837566375732e-02 1.948647759854793549e-02 1.283526420593261719e-02 3.744883835315704346e-02 1.398897846229374409e-03 2.692853100597858429e-02 3.846669942140579224e-02 4.294909164309501648e-02 1.101853791624307632e-02 9.790300391614437103e-03 2.256769873201847076e-02 2.498001419007778168e-02 5.316857621073722839e-02 3.062161989510059357e-02 4.471615329384803772e-02 2.901580929756164551e-02 6.266652792692184448e-02 3.755429759621620178e-03 9.600100107491016388e-03 4.259669035673141479e-02 4.731738567352294922e-02 7.824380882084369659e-03 1.680348441004753113e-02
8.048806339502334595e-02 7.642538100481033325e-02 1.438415516167879105e-02 3.288849443197250366e-02 7.976232096552848816e-03 5.593104362487792969e-01 1.002424806356430054e-01 4.635120183229446411e-02 4.050145298242568970e-02 5.508686415851116180e-03 8.931306749582290649e-02 3.930775821208953857e-02 8.018031716346740723e-02 2.177676185965538025e-02 3.475695475935935974e-02 3.346036374568939209e-02 2.391696907579898834e-02 3.872006013989448547e-02 1.008894108235836029e-02 6.044624373316764832e-03 3.130402415990829468e-02 4.631873220205307007e-02 1.270714867860078812e-02 1.875600218772888184e-02 3.179027512669563293e-02 3.374109417200088501e-02 7.488437462598085403e-03 3.699124604463577271e-02 4.506530612707138062e-02 6.171083077788352966e-03 3.392769023776054382e-02 3.369962330907583237e-03 1.296763028949499130e-02 4.048670642077922821e-03 1.115469075739383698e-02 2.484924159944057465e-02 1.395550463348627090e-02 3.198040649294853210e-02 4.317722842097282410e-02 6.977180019021034241e-03 3.814767673611640930e-02 5.175561457872390747e-02 1.417693682014942169e-02 4.459935799241065979e-02 7.276251446455717087e-03 1.440529245883226395e-02 1.035272032022476196e-01 3.510351106524467468e-02 2.072871290147304535e-02 2.702334336936473846e-02 1.056212093681097031e-02 1.165216602385044098e-02 2.138631045818328857e-02 4.861171916127204895e-02 9.114193730056285858e-03 4.401412792503833771e-03 3.170604817569255829e-03 5.378520116209983826e-02 4.039221256971359253e-02 1.772370934486389160e-02 2.609441243112087250e-02 2.686615101993083954e-02 2.573229558765888214e-02 3.617826849222183228e-02 3.721772879362106323e-02 3.572756424546241760e-02 2.209881134331226349e-02 2.877153269946575165e-02 3.457658365368843079e-02 1.854922808706760406e-02 3.657283959910273552e-03 3.123148158192634583e-02 6.111397407948970795e-03 1.171648036688566208e-02 1.622811891138553619e-02 3.935980051755905151e-02 6.141808698885142803e-04 1.618701778352260590e-02 2.660773321986198425e-02 8.479822427034378052e-03 2.014592057093977928e-03 2.527407743036746979e-02 1.619028486311435699e-02 2.807689458131790161e-02 1.299715600907802582e-02 2.387923374772071838e-02 4.033455625176429749e-03 2.261596173048019409e-02 2.243585698306560516e-02 7.019016146659851074e-02 3.736672177910804749e-02 5.253839492797851562e-02 2.708953805267810822e-02 4.149157926440238953e-02 4.645422566682100296e-03 1.798464730381965637e-02 2.300124056637287140e-02 3.766520693898200989e-02 2.491311728954315186e-02 3.314940491691231728e-03 3.765357285737991333e-02 2.225148305296897888e-02 4.285851866006851196e-02 3.150066360831260681e-02 2.341221272945404053e-02 1.283732522279024124e-02 3.410309925675392151e-02 4.823736846446990967e-03 3.685886040329933167e-02 3.053672052919864655e-02 3.826304338872432709e-03 4.661581665277481079e-02 2.106155455112457275e-02 2.872218005359172821e-02 9.117720765061676502e-04 3.054526867344975471e-03
5.234570801258087158e-02 6.535933911800384521e-02 2.289872616529464722e-02 3.560372069478034973e-02 5.749247502535581589e-03 1.002424806356430054e-01 5.613154768943786621e-01 2.432350814342498779e-02 2.387535572052001953e-02 1.236832328140735626e-02 6.312412023544311523e-02 1.980765350162982941e-02 8.699837327003479004e-02 4.652081057429313660e-03 2.706068754196166992e-02 2.024835161864757538e-02 3.576426208019256592e-02 2.664616331458091736e-02 2.062271162867546082e-02 1.890015788376331329e-02 4.391104727983474731e-02 3.331211581826210022e-02 2.977357013151049614e-03 4.131771996617317200e-02 3.237826004624366760e-02 3.937952592968940735e-02 1.853174343705177307e-02 2.574114687740802765e-02 6.079661473631858826e-02 9.913773275911808014e-03 2.339349128305912018e-02 2.220122516155242920e-02 5.464870017021894455e-03 1.372923143208026886e-02 2.854268066585063934e-03 3.589322045445442200e-02 3.862919658422470093e-02 2.079973183572292328e-02 4.335224255919456482e-02 1.795253017917275429e-03 4.865373671054840088e-02 5.163943395018577576e-02 1.555227860808372498e-02 3.960239514708518982e-02 2.367611415684223175e-02 1.631368417292833328e-03 8.622696250677108765e-02 7.499000430107116699e-02 3.356967493891716003e-02 4.705852270126342773e-02 9.072402492165565491e-03 2.142092399299144745e-02 3.151652216911315918e-02 3.223280981183052063e-02 2.318381704390048981e-02 9.257027879357337952e-03 6.154930684715509415e-03 3.751875832676887512e-02 3.554695472121238708e-02 1.555027812719345093e-02 7.311285007745027542e-03 3.844730556011199951e-02 3.073209431022405624e-03 4.746892303228378296e-02 3.471622243523597717e-02 3.630748391151428223e-02 2.747194841504096985e-02 3.899284452199935913e-02 3.107872419059276581e-02 3.890411183238029480e-02 8.275940082967281342e-03 4.067888483405113220e-02 4.567222204059362411e-03 1.779613550752401352e-03 1.508293580263853073e-02 4.184551909565925598e-02 2.140111103653907776e-02 1.065002847462892532e-02 1.672461070120334625e-02 1.901138015091419220e-02 7.612958550453186035e-03 8.891731500625610352e-03 1.259379182010889053e-02 1.874118670821189880e-02 1.047043222934007645e-02 3.775930404663085938e-02 6.873630452901124954e-03 1.101358886808156967e-02 5.393962375819683075e-03 5.604986473917961121e-02 3.256331011652946472e-02 3.872810304164886475e-02 4.499332606792449951e-02 2.158212475478649139e-02 3.212465718388557434e-02 4.322445765137672424e-02 3.678446635603904724e-02 3.985394537448883057e-02 1.923296228051185608e-02 1.559255737811326981e-02 2.018014155328273773e-02 7.604341953992843628e-03 3.288954868912696838e-02 4.620757699012756348e-02 1.605521142482757568e-02 5.585611332207918167e-03 4.526342451572418213e-02 5.343925207853317261e-03 2.225123345851898193e-02 2.335123717784881592e-02 1.174670178443193436e-02 4.530423134565353394e-02 2.126789279282093048e-02 3.463494032621383667e-02 1.300691347569227219e-02 7.144492119550704956e-03
1.930015720427036285e-02 1.825369894504547119e-02 8.659359812736511230e-02 3.432031720876693726e-02 3.906082734465599060e-02 4.635120183229446411e-02 2.432350814342498779e-02 5.417570471763610840e-01 2.826223499141633511e-04 2.014415338635444641e-02 1.350240875035524368e-02 3.037330508232116699e-02 1.922511868178844452e-02 3.752686083316802979e-02 5.136949196457862854e-02 1.503472868353128433e-02 2.380984649062156677e-02 4.510104190558195114e-03 1.703399233520030975e-03 2.548460103571414948e-02 3.521866351366043091e-02 2.124150283634662628e-02 1.272234972566366196e-02 1.852801628410816193e-02 2.870062552392482758e-02 4.194758087396621704e-02 6.085343658924102783e-03 2.307913266122341156e-02 7.480439264327287674e-03 1.924887299537658691e-02 1.510467287153005600e-02 6.599448621273040771e-03 1.778494007885456085e-02 3.792072180658578873e-03 4.194613173604011536e-02 3.126890584826469421e-02 2.856996841728687286e-02 2.224950864911079407e-02 3.700132668018341064e-02 2.646365435793995857e-03 9.078884613700211048e-04 2.490534074604511261e-02 1.799967698752880096e-02 1.155180856585502625e-02 8.756262250244617462e-03 1.578127592802047729e-02 1.539965346455574036e-02 1.096925232559442520e-02 1.503551495261490345e-03 1.206386275589466095e-02 9.998479858040809631e-03 3.055450692772865295e-02 3.069322369992733002e-02 6.875532213598489761e-03 1.839150115847587585e-02 2.836691588163375854e-02 3.719866648316383362e-02 3.500252217054367065e-02 3.350797574967145920e-03 5.439793691039085388e-02 5.047880485653877258e-02 2.012577839195728302e-02 2.981311641633510590e-02 6.073145661503076553e-03 1.334304176270961761e-02 1.328924763947725296e-02 2.145484276115894318e-02 3.709724172949790955e-02 4.816670343279838562e-02 2.517797425389289856e-02 2.474064473062753677e-03 9.454688057303428650e-03 4.230966046452522278e-02 3.203792497515678406e-02 3.260394185781478882e-02 1.883340440690517426e-02 1.091473456472158432e-02 2.817123942077159882e-02 1.590268104337155819e-03 1.307053118944168091e-02 5.544910579919815063e-02 9.117455780506134033e-02 1.751480624079704285e-02 3.133823350071907043e-02 1.417019031941890717e-02 3.963174670934677124e-02 4.140207916498184204e-02 6.888426840305328369e-02 1.169793214648962021e-02 4.180810973048210144e-02 1.117802131921052933e-02 1.310779992491006851e-02 1.188253331929445267e-02 1.750393398106098175e-02 5.333880335092544556e-02 2.932376042008399963e-02 2.432710863649845123e-02 1.393284299410879612e-03 2.871854975819587708e-02 1.786287687718868256e-02 4.541845992207527161e-02 1.747502014040946960e-02 1.877235434949398041e-02 2.087273867800831795e-03 1.855835318565368652e-02 4.464635252952575684e-02 4.826776217669248581e-03 3.212597221136093140e-02 3.368790820240974426e-02 2.669576928019523621e-02 2.734277630224823952e-03 4.898719023913145065e-03 5.815231800079345703e-02 6.245194002985954285e-02 2.271560579538345337e-02 3.864446189254522324e-03
3.787325462326407433e-03 1.032465975731611252e-02 9.908786974847316742e-03 2.677377685904502869e-02 4.412434250116348267e-02 4.050145298242568970e-02 2.387535572052001953e-02 2.826223499141633511e-04 5.450173616409301758e-01 6.903537549078464508e-03 3.397106751799583435e-02 1.170107442885637283e-02 4.796194657683372498e-02 1.376799307763576508e-02 5.507192574441432953e-03 3.959454968571662903e-02 2.315737493336200714e-02 6.765133887529373169e-02 3.941161558032035828e-02 1.608130894601345062e-02 8.539168164134025574e-03 2.548784762620925903e-02 4.544897004961967468e-02 2.067935280501842499e-02 7.355884648859500885e-03 6.926610134541988373e-03 1.936751045286655426e-02 2.442305721342563629e-02 4.588761925697326660e-02 1.566126570105552673e-02 3.938581794500350952e-02 3.521090000867843628e-02 3.516934439539909363e-02 1.666877605020999908e-02 4.616442602127790451e-03 2.209293656051158905e-02 6.147566065192222595e-02 2.926044352352619171e-02 4.931454733014106750e-02 3.054348938167095184e-02 6.772098131477832794e-03 6.835143268108367920e-02 5.243344977498054504e-02 1.357198785990476608e-02 6.241404637694358826e-02 3.050449304282665253e-02 3.969126567244529724e-02 4.297284409403800964e-02 4.933780431747436523e-02 4.346258938312530518e-02 2.729250490665435791e-02 4.360938817262649536e-02 6.212616339325904846e-03 1.298354472965002060e-02 4.923016577959060669e-02 5.264842882752418518e-02 2.791322953999042511e-02 2.320267260074615479e-02 2.331764623522758484e-02 3.529351949691772461e-02 2.052090130746364594e-02 1.152769476175308228e-02 1.842159405350685120e-02 3.026141785085201263e-02 4.967543110251426697e-02 3.714711964130401611e-02 5.329975392669439316e-03 1.156369503587484360e-02 5.304159596562385559e-02 4.176340997219085693e-02 3.253176435828208923e-02 3.005930036306381226e-02 2.229706011712551117e-02 1.783746411092579365e-03 5.196030065417289734e-02 3.568152338266372681e-02 1.116923913359642029e-01 3.359379619359970093e-02 9.540800005197525024e-02 1.378387771546840668e-02 2.814122475683689117e-02 2.603011438623070717e-03 6.227736175060272217e-02 4.595230147242546082e-02 1.798873580992221832e-02 2.686331048607826233e-02 1.919103227555751801e-02 1.980518456548452377e-03 9.815421700477600098e-02 3.694876283407211304e-02 2.145590633153915405e-02 1.144010573625564575e-02 1.738677732646465302e-02 2.515614032745361328e-02 6.556868087500333786e-03 2.428026683628559113e-02 9.228036738932132721e-03 5.060061439871788025e-02 1.634772866964340210e-02 2.603767812252044678e-02 2.486695908010005951e-02 6.642493419349193573e-03 2.410262590274214745e-03 4.306258261203765869e-02 1.490095350891351700e-02 2.284311689436435699e-02 5.462496075779199600e-03 3.109882958233356476e-02 3.483314812183380127e-02 4.612581431865692139e-02 4.177834466099739075e-02 9.219805710017681122e-03 2.808130532503128052e-02 2.024359628558158875e-02 4.531961400061845779e-03 2.811055164784193039e-03
4.576082527637481689e-02 2.770671434700489044e-02 4.920398816466331482e-02 4.142744466662406921e-03 1.336290873587131500e-02 5.508686415851116180e-03 1.236832328140735626e-02 2.014415338635444641e-02 6.903537549078464508e-03 5.389635562896728516e-01 3.451098129153251648e-02 4.018252715468406677e-02 4.119865596294403076e-02 6.195120513439178467e-03 2.633217349648475647e-02 1.651482842862606049e-02 1.899637281894683838e-02 1.528259366750717163e-02 8.497764915227890015e-02 4.267565906047821045e-02 3.389991819858551025e-02 1.205826364457607269e-02 3.509260714054107666e-02 1.528271846473217010e-02 2.707860805094242096e-02 3.507911413908004761e-02 2.000770904123783112e-02 1.178367901593446732e-02 1.923884823918342590e-02 2.822112850844860077e-02 1.961871981620788574e-02 1.068088971078395844e-02 1.983815431594848633e-02 1.552129536867141724e-02 3.955314680933952332e-02 7.173176854848861694e-04 2.966253319755196571e-03 6.091428222134709358e-04 2.694039233028888702e-02 1.053160987794399261e-02 4.189325124025344849e-02 2.888032235205173492e-02 2.830389514565467834e-02 1.693499460816383362e-02 1.223224401473999023e-02 3.036214038729667664e-02 1.761831343173980713e-02 2.325915731489658356e-03 3.949464112520217896e-02 1.035814136266708374e-01 1.184166176244616508e-03 3.437991719692945480e-03 4.120229184627532959e-02 2.012694813311100006e-02 1.030060462653636932e-02 6.565473228693008423e-02 2.528236433863639832e-02 4.497870057821273804e-02 4.123830050230026245e-02 3.062801063060760498e-02 2.495975606143474579e-02 1.360815484076738358e-02 1.932211965322494507e-02 2.611586451530456543e-02 3.784020990133285522e-02 4.172415286302566528e-02 1.079256087541580200e-02 2.387474058195948601e-03 1.621397957205772400e-02 2.994920685887336731e-02 2.346488088369369507e-02 1.354529242962598801e-02 7.288372609764337540e-03 1.908557116985321045e-02 4.192660003900527954e-02 5.308172479271888733e-02 4.909576475620269775e-02 8.517889678478240967e-02 2.785077132284641266e-02 1.161051020026206970e-01 4.558774083852767944e-02 4.013894870877265930e-02 1.901479251682758331e-02 1.185191348195075989e-01 4.451985284686088562e-02 4.977939277887344360e-02 3.283705189824104309e-02 2.184915356338024139e-02 5.904113501310348511e-02 9.325797669589519501e-03 3.016219707205891609e-03 1.106604747474193573e-02 1.653901487588882446e-02 8.660649880766868591e-03 2.982947789132595062e-02 1.489921472966670990e-02 4.956142976880073547e-02 1.774817123077809811e-03 7.644186262041330338e-03 1.962491869926452637e-02 1.056809909641742706e-02 1.690413057804107666e-02 1.304652635008096695e-02 1.719043217599391937e-02 3.590733930468559265e-02 5.057062953710556030e-02 2.548916032537817955e-03 5.528336018323898315e-02 2.932984568178653717e-02 6.763579789549112320e-03 1.593637652695178986e-02 2.186867408454418182e-02 1.940056215971708298e-03 5.459400825202465057e-03 2.427884005010128021e-02 4.100964963436126709e-02
1.141735762357711792e-01 8.264866471290588379e-02 2.613180689513683319e-02 3.767795860767364502e-02 1.749996445141732693e-04 8.931306749582290649e-02 6.312412023544311523e-02 1.350240875035524368e-02 3.397106751799583435e-02 3.451098129153251648e-02 5.540106296539306641e-01 1.748230122029781342e-02 9.006882458925247192e-02 1.909442618489265442e-02 8.458132855594158173e-03 6.666777655482292175e-03 4.304697737097740173e-02 3.375310823321342468e-02 3.929478116333484650e-03 4.289463162422180176e-03 7.728023920208215714e-04 2.174827083945274353e-02 2.675675973296165466e-02 3.964100778102874756e-02 2.351915091276168823e-02 1.961068622767925262e-02 3.601361066102981567e-02 3.776093572378158569e-02 4.311960190534591675e-02 9.196028113365173340e-03 3.464707732200622559e-02 1.009060908108949661e-02 2.266137674450874329e-02 9.489824995398521423e-03 1.081983465701341629e-02 3.491349890828132629e-02 4.704231023788452148e-02 5.104340612888336182e-03 1.732791960239410400e-02 5.613946123048663139e-04 5.507922172546386719e-02 1.062340755015611649e-02 2.401063917204737663e-03 1.937552727758884430e-02 1.198351196944713593e-02 2.255068626254796982e-03 7.785587757825851440e-02 3.686483949422836304e-02 3.929098695516586304e-02 5.038522556424140930e-02 2.621304709464311600e-03 2.113419119268655777e-03 2.137562027201056480e-03 3.971924539655447006e-03 2.703877538442611694e-02 6.958513986319303513e-03 4.214771464467048645e-02 4.927814379334449768e-02 3.425883874297142029e-02 4.413305316120386124e-03 4.068890959024429321e-02 8.478323929011821747e-03 7.517612539231777191e-03 6.114758551120758057e-03 4.954919219017028809e-02 2.844189666211605072e-02 6.941266357898712158e-03 2.056058961898088455e-03 3.295884653925895691e-02 2.930101566016674042e-02 4.204712342470884323e-03 3.564547002315521240e-02 1.779007352888584137e-02 4.672091919928789139e-03 2.321125240996479988e-03 3.753155469894409180e-02 1.505003217607736588e-02 3.007096704095602036e-03 4.236711189150810242e-02 8.563395589590072632e-03 1.661332882940769196e-02 2.188464161008596420e-03 5.645191296935081482e-03 4.327332973480224609e-02 1.803737506270408630e-02 1.180951017886400223e-02 4.862281307578086853e-02 2.251881733536720276e-02 1.024344097822904587e-02 6.004046648740768433e-02 5.139311775565147400e-02 1.635991409420967102e-02 1.987034641206264496e-02 1.715252734720706940e-02 3.063563071191310883e-02 4.494681581854820251e-02 4.685683920979499817e-02 4.066442325711250305e-02 5.873615853488445282e-03 1.140021998435258865e-02 1.433232892304658890e-02 8.364323526620864868e-03 1.428679190576076508e-02 2.765962481498718262e-02 6.588184740394353867e-03 1.878481823951005936e-03 4.854160547256469727e-02 1.394270174205303192e-02 2.950926125049591064e-02 3.481933847069740295e-02 1.745980605483055115e-02 3.164559230208396912e-02 1.477410830557346344e-02 1.097702607512474060e-02 3.066916763782501221e-02 4.337308555841445923e-02
3.603072464466094971e-02 3.859319165349006653e-02 1.846621930599212646e-02 2.052170969545841217e-02 2.999225072562694550e-02 3.930775821208953857e-02 1.980765350162982941e-02 3.037330508232116699e-02 1.170107442885637283e-02 4.018252715468406677e-02 1.748230122029781342e-02 5.357757210731506348e-01 1.782323233783245087e-02 1.002905145287513733e-01 2.855856716632843018e-02 5.463114473968744278e-03 4.620154947042465210e-02 3.900733590126037598e-02 3.520901873707771301e-02 1.912314072251319885e-02 5.620805546641349792e-03 3.554093837738037109e-02 2.123465947806835175e-02 4.934038221836090088e-02 1.189295575022697449e-02 4.546720068901777267e-03 1.587960310280323029e-02 5.503574758768081665e-02 9.731058031320571899e-03 1.654485589824616909e-03 3.138765320181846619e-02 2.294003032147884369e-02 1.334286574274301529e-02 3.982607647776603699e-02 1.336263306438922882e-02 5.337669327855110168e-02 1.422662474215030670e-02 2.749704942107200623e-02 2.643440850079059601e-03 1.072554290294647217e-02 4.208156093955039978e-02 7.863854058086872101e-03 2.516609989106655121e-02 1.442463323473930359e-02 7.355096936225891113e-02 1.271947193890810013e-02 2.752690576016902924e-02 2.259415946900844574e-02 5.279196053743362427e-02 1.822771877050399780e-02 6.946255266666412354e-02 4.080070927739143372e-02 1.717792078852653503e-02 2.995349280536174774e-02 4.676753282546997070e-02 2.298045530915260315e-02 4.603970795869827271e-02 1.462768018245697021e-02 4.453320056200027466e-02 8.968497626483440399e-03 1.266713067889213562e-02 8.027938194572925568e-03 2.527357451617717743e-02 1.317121461033821106e-02 2.626951225101947784e-02 2.869139984250068665e-02 5.147657822817564011e-03 7.454892154783010483e-03 1.169466227293014526e-02 4.259678348898887634e-02 4.598433151841163635e-02 5.755379050970077515e-02 3.205679729580879211e-02 2.225304488092660904e-03 2.885363996028900146e-02 3.166154026985168457e-02 3.908296674489974976e-02 5.215569981373846531e-04 1.238003838807344437e-03 1.406167075037956238e-02 3.230258077383041382e-02 1.877384725958108902e-03 2.757380157709121704e-02 2.737820323091000319e-04 2.755728922784328461e-02 5.519307684153318405e-03 1.441907603293657303e-02 1.085921470075845718e-02 7.336069643497467041e-02 3.209358826279640198e-02 1.497584674507379532e-02 1.502444781363010406e-02 3.064195439219474792e-02 5.904788523912429810e-02 1.095812302082777023e-02 1.978604868054389954e-02 4.678734019398689270e-02 3.035451471805572510e-02 6.620423519052565098e-04 3.660638350993394852e-03 2.673445828258991241e-02 1.404228061437606812e-02 4.448859766125679016e-02 2.605720609426498413e-02 2.903193794190883636e-02 5.187210813164710999e-02 4.768437147140502930e-02 5.228211358189582825e-02 2.837477810680866241e-02 2.056915499269962311e-02 4.502016305923461914e-02 1.840145699679851532e-02 1.956151425838470459e-02 1.754864864051342010e-02 1.134168170392513275e-02 2.653898112475872040e-02
7.636146992444992065e-02 9.943223744630813599e-02 1.706905663013458252e-02 1.624364219605922699e-02 3.253797767683863640e-03 8.018031716346740723e-02 8.699837327003479004e-02 1.922511868178844452e-02 4.796194657683372498e-02 4.119865596294403076e-02 9.006882458925247192e-02 1.782323233783245087e-02 5.592396259307861328e-01 7.538502570241689682e-03 9.584006853401660919e-03 2.776209451258182526e-02 2.131716161966323853e-02 4.386119171977043152e-02 2.415123954415321350e-02 1.224084384739398956e-02 2.287538163363933563e-02 3.523186594247817993e-02 4.178546369075775146e-02 7.141347974538803101e-03 3.566909581422805786e-02 3.482469916343688965e-02 2.707620151340961456e-02 1.941974647343158722e-02 2.931577153503894806e-02 2.587497234344482422e-02 1.699329167604446411e-02 1.449697930365800858e-02 1.778808981180191040e-02 1.506132259964942932e-02 1.265141367912292480e-02 4.498085007071495056e-02 4.938485845923423767e-02 1.381102949380874634e-02 2.688880451023578644e-02 3.513762727379798889e-02 5.376978591084480286e-02 3.316258639097213745e-02 1.330928131937980652e-02 4.838713258504867554e-02 2.087480947375297546e-02 1.982262171804904938e-02 4.847934097051620483e-02 3.493479639291763306e-02 4.628210514783859253e-02 2.879187278449535370e-02 1.828293129801750183e-02 1.907934620976448059e-02 2.007409697398543358e-03 5.576106719672679901e-03 3.677429258823394775e-02 2.284823358058929443e-02 2.568495459854602814e-02 5.086062476038932800e-02 3.918238729238510132e-02 3.394839121028780937e-03 8.645331487059593201e-03 5.022245645523071289e-02 2.184102125465869904e-02 1.779091171920299530e-02 1.938296295702457428e-02 3.002957254648208618e-02 1.305977907031774521e-02 1.569518260657787323e-02 3.814245015382766724e-02 2.425787784159183502e-02 7.040369790047407150e-03 3.475510701537132263e-02 1.129052601754665375e-02 6.446156650781631470e-03 3.949245810508728027e-02 2.956378646194934845e-02 6.410939618945121765e-03 2.360117062926292419e-02 4.648829251527786255e-02 3.976710885763168335e-02 1.873577386140823364e-02 3.892695764079689980e-03 3.624539356678724289e-03 1.788065186701714993e-03 2.375104650855064392e-02 3.808938339352607727e-02 2.125097997486591339e-02 3.061295300722122192e-02 2.215314656496047974e-02 5.358451604843139648e-02 1.756952702999114990e-02 3.816062584519386292e-02 3.181950375437736511e-02 1.551764179021120071e-02 3.143806010484695435e-02 3.300250694155693054e-02 3.681623190641403198e-02 4.086960479617118835e-02 6.310980767011642456e-03 1.403520628809928894e-02 1.288053346797823906e-03 8.217685855925083160e-03 4.113292321562767029e-02 1.381187792867422104e-02 3.828494623303413391e-02 6.984960753470659256e-03 4.506598785519599915e-02 8.076963014900684357e-03 3.874959424138069153e-02 1.736553013324737549e-02 1.496271323412656784e-02 3.720380738377571106e-02 2.660500817000865936e-02 2.605740353465080261e-02 2.102079801261425018e-02 2.900834009051322937e-02
