4.981592893600463867e-01 3.100045323371887207e-01 2.475915662944316864e-02 4.406336322426795959e-02 2.918707020580768585e-02 1.611803472042083740e-01 5.511484667658805847e-02 1.794003881514072418e-02 3.446435183286666870e-02 1.596183702349662781e-02 6.262545287609100342e-02 4.213831573724746704e-02 2.969270385801792145e-02 1.152850035578012466e-02 3.815044462680816650e-02 4.095998778939247131e-02 4.835913889110088348e-03 2.627331204712390900e-02 3.063545562326908112e-02 1.810623565688729286e-03 1.368692796677350998e-02 2.475391514599323273e-02 2.308097481727600098e-02 3.891540318727493286e-02 2.335580810904502869e-02 1.130649540573358536e-02 1.882132515311241150e-02 1.166267599910497665e-02 2.162881009280681610e-02 1.335095427930355072e-02 2.405240229563787580e-04 4.741883650422096252e-02 4.936327040195465088e-02 1.781279034912586212e-02 3.198204934597015381e-02 7.990489155054092407e-02 4.062814638018608093e-02 9.198689833283424377e-03 2.544827759265899658e-02 3.208432346582412720e-03 2.520124986767768860e-02 3.804883360862731934e-02 4.228350147604942322e-02 2.491345256567001343e-02 1.926151476800441742e-02 1.783442869782447815e-02 1.134305167943239212e-02 4.034433513879776001e-02 2.601807378232479095e-02 2.101547829806804657e-02 2.696595527231693268e-02 2.192449569702148438e-02 2.980509586632251740e-02 2.360157296061515808e-02 3.784240409731864929e-02 2.384515106678009033e-02 1.961252465844154358e-02 6.734427530318498611e-03 1.685944758355617523e-02 1.157145015895366669e-02 3.083391673862934113e-02 3.774001076817512512e-02 5.516781471669673920e-03 3.155503422021865845e-02 2.278400585055351257e-02 1.823970116674900055e-02 2.368041314184665680e-02 3.878634050488471985e-02 1.099848281592130661e-02 2.750821644440293312e-03 5.095062404870986938e-02 2.597296983003616333e-02 2.876951592043042183e-03 5.076271947473287582e-03 4.629096388816833496e-02 4.470291733741760254e-02 3.495001047849655151e-02 6.090675946325063705e-03 1.081400550901889801e-02 3.161361441016197205e-02 4.516832530498504639e-02 3.080531209707260132e-02 9.110476239584386349e-04 1.044620014727115631e-02 1.871564239263534546e-02 8.818739093840122223e-03 4.213359579443931580e-02 4.650429822504520416e-03 4.845239454880356789e-04 3.136416152119636536e-02 4.530261456966400146e-02 9.618146345019340515e-03 2.192228566855192184e-03 2.916003763675689697e-02 4.911870881915092468e-02 4.512908309698104858e-02 1.293521840125322342e-02 6.186725106090307236e-03 6.527610123157501221e-03 3.778884559869766235e-02 2.135578356683254242e-02 3.138631209731101990e-02 1.034086477011442184e-02 2.272617816925048828e-02 4.115422442555427551e-02 2.889038994908332825e-02 1.171088311821222305e-02 1.531127374619245529e-02 3.137872740626335144e-02 3.354931995272636414e-02 4.296302422881126404e-02 3.535648062825202942e-02 3.503626585006713867e-02 4.024384915828704834e-02 1.911230385303497314e-02 1.452942006289958954e-02
3.100045323371887207e-01 4.956320226192474365e-01 3.968961909413337708e-02 3.648821962997317314e-03 2.719834260642528534e-02 1.607571691274642944e-01 1.415427476167678833e-01 6.202157586812973022e-03 2.450204640626907349e-02 2.830052375793457031e-02 6.007757410407066345e-02 1.848908141255378723e-02 8.412555605173110962e-02 6.807719357311725616e-03 3.823366388678550720e-02 5.150813236832618713e-02 2.074421942234039307e-02 3.411294147372245789e-02 4.214223939925432205e-03 1.571791060268878937e-02 1.070271059870719910e-02 3.427288681268692017e-02 1.629585027694702148e-02 1.660251989960670471e-02 2.428264357149600983e-02 1.491652452386915684e-03 2.977415733039379120e-02 4.026702046394348145e-02 1.926818490028381348e-02 1.220263540744781494e-02 6.989808287471532822e-03 4.612533003091812134e-02 2.571499720215797424e-02 3.340433165431022644e-02 2.478230372071266174e-02 7.009611278772354126e-02 3.560919314622879028e-02 1.050828211009502411e-02 1.132790185511112213e-02 1.287162117660045624e-02 1.196215488016605377e-02 3.944256156682968140e-02 4.417928680777549744e-02 9.838781319558620453e-03 1.894271746277809143e-02 4.898343700915575027e-03 5.767238140106201172e-02 2.472360059618949890e-02 1.352689415216445923e-02 2.065249904990196228e-02 1.849092729389667511e-02 2.008114196360111237e-02 2.671147137880325317e-02 2.533621154725551605e-02 3.796163201332092285e-02 9.752849116921424866e-03 6.832945160567760468e-03 1.273666601628065109e-02 1.375799416564404964e-03 5.190634168684482574e-03 3.089477680623531342e-02 2.448361553251743317e-02 1.295912807108834386e-04 4.017788916826248169e-03 1.763895037584006786e-03 1.536431023851037025e-03 6.168674211949110031e-03 1.804518513381481171e-02 1.478336937725543976e-02 2.688008127734065056e-03 2.224348299205303192e-02 1.378008350729942322e-02 3.922319412231445312e-02 7.553424220532178879e-03 2.221982181072235107e-02 4.220299050211906433e-02 2.218749560415744781e-02 2.454175241291522980e-02 9.948052465915679932e-03 3.321753814816474915e-02 2.520537935197353363e-02 3.625288978219032288e-02 3.784960880875587463e-02 3.005346655845642090e-02 1.915481872856616974e-02 3.956443164497613907e-03 3.565347939729690552e-02 1.904596225358545780e-03 3.327693045139312744e-02 2.658062428236007690e-02 1.783567667007446289e-02 4.164702072739601135e-02 5.687322095036506653e-02 2.438110671937465668e-02 7.950223982334136963e-02 3.967865929007530212e-02 2.201656578108668327e-03 3.229163587093353271e-03 1.383177732350304723e-05 3.714271634817123413e-02 3.642299026250839233e-02 3.064012899994850159e-02 4.742481745779514313e-03 5.546099506318569183e-03 4.081291705369949341e-02 3.598710149526596069e-02 4.607151448726654053e-02 1.143465470522642136e-02 2.409171499311923981e-02 2.279078215360641479e-02 2.456163614988327026e-02 3.613931313157081604e-02 1.912563107907772064e-02 4.251717031002044678e-02 5.663299933075904846e-03 1.349412091076374054e-02
2.475915662944316864e-02 3.968961909413337708e-02 4.830075204372406006e-01 3.025988489389419556e-02 1.050365995615720749e-02 2.326168306171894073e-02 3.002680838108062744e-02 1.015006601810455322e-01 1.866421662271022797e-02 2.538215555250644684e-02 8.655320852994918823e-03 7.228030357509851456e-03 2.979663014411926270e-02 3.506780415773391724e-02 3.009657748043537140e-02 2.587777748703956604e-02 1.996788010001182556e-02 1.223982195369899273e-03 1.312691345810890198e-02 1.474117301404476166e-02 4.808350279927253723e-02 3.860359638929367065e-02 3.554970026016235352e-02 2.316338196396827698e-02 2.611955069005489349e-02 1.953135244548320770e-02 1.026862068101763725e-03 3.643139079213142395e-02 1.814823783934116364e-02 3.443170711398124695e-02 3.976976498961448669e-02 4.957410506904125214e-03 1.730116829276084900e-02 2.419776748865842819e-03 6.638626009225845337e-02 3.071400895714759827e-02 3.597326576709747314e-02 4.120403528213500977e-02 1.386329066008329391e-02 7.728363573551177979e-02 1.755091175436973572e-02 3.841603547334671021e-02 2.755489759147167206e-02 1.975820399820804596e-02 9.822295047342777252e-03 7.504878565669059753e-03 4.752579703927040100e-02 1.784937083721160889e-02 4.594822227954864502e-02 1.124572474509477615e-02 4.269153997302055359e-02 2.171102538704872131e-02 5.308562517166137695e-02 3.399484977126121521e-02 7.675331085920333862e-03 2.862232038751244545e-03 2.268663235008716583e-02 3.508819639682769775e-02 6.534481886774301529e-03 6.978560984134674072e-02 3.938999772071838379e-02 1.096148602664470673e-02 1.617630012333393097e-02 3.025870956480503082e-02 1.588339544832706451e-02 1.412178482860326767e-02 6.752615445293486118e-04 1.275245100259780884e-02 3.099202923476696014e-02 6.676313001662492752e-03 4.126919060945510864e-02 6.566665135324001312e-03 2.035500667989253998e-02 3.804919868707656860e-02 5.022536590695381165e-02 7.131699472665786743e-03 3.641758114099502563e-02 3.859074413776397705e-02 3.644278272986412048e-02 4.064766317605972290e-02 1.025330796837806702e-01 5.140649527311325073e-02 1.992081105709075928e-02 2.444419078528881073e-02 2.500751987099647522e-03 1.198817230761051178e-02 1.908114179968833923e-02 3.741906583309173584e-02 5.901525262743234634e-03 4.570454359054565430e-03 2.074891328811645508e-02 1.006827130913734436e-02 5.088696256279945374e-03 1.388421468436717987e-02 5.320575460791587830e-02 5.637872591614723206e-02 3.900900855660438538e-02 7.947725243866443634e-03 3.629247471690177917e-02 7.019951590336859226e-04 3.633516281843185425e-02 1.242629624903202057e-02 1.130439573898911476e-03 6.824654061347246170e-03 3.104340843856334686e-02 1.144779566675424576e-02 8.939938619732856750e-03 3.853797540068626404e-02 4.186524078249931335e-02 7.330478634685277939e-03 3.967310488224029541e-02 3.014868497848510742e-02 2.329305186867713928e-02 2.001846767961978912e-02 7.874573022127151489e-02 2.970583038404583931e-03
4.406336322426795959e-02 3.648821962997317314e-03 3.025988489389419556e-02 5.033487677574157715e-01 1.528343856334686279e-01 1.590472273528575897e-02 6.363709457218647003e-03 1.561678480356931686e-02 2.080611325800418854e-02 3.153991699218750000e-02 3.427840024232864380e-02 5.469987168908119202e-02 2.557424828410148621e-02 2.113547408953309059e-03 3.971687331795692444e-02 2.940568886697292328e-02 3.467521816492080688e-02 7.287304848432540894e-02 4.512365534901618958e-02 9.185085073113441467e-03 2.532383892685174942e-03 3.333008289337158203e-02 2.238575369119644165e-02 2.105247415602207184e-02 5.303906276822090149e-02 3.901095315814018250e-02 1.060163229703903198e-02 5.091635510325431824e-02 4.020233172923326492e-03 2.162434160709381104e-02 5.877149291336536407e-03 3.391158953309059143e-02 1.711154915392398834e-02 1.417876873165369034e-02 2.135423384606838226e-02 3.351230174303054810e-02 2.902879612520337105e-03 2.808015048503875732e-02 5.819104984402656555e-02 9.955623187124729156e-03 1.319376006722450256e-02 4.379647597670555115e-02 3.200802952051162720e-02 8.283256320282816887e-04 1.766662672162055969e-02 4.572632163763046265e-02 2.233649790287017822e-02 2.606868185102939606e-02 2.053145691752433777e-02 2.394935861229896545e-02 3.548312559723854065e-02 7.237210869789123535e-03 2.788089448586106300e-03 1.813321374356746674e-02 2.593075111508369446e-02 3.444814309477806091e-02 6.666444242000579834e-02 1.449016574770212173e-02 9.511661715805530548e-03 3.389327600598335266e-02 7.374740391969680786e-02 1.346255466341972351e-02 2.192187123000621796e-02 2.727627381682395935e-02 4.501342028379440308e-02 3.290816769003868103e-02 1.269201561808586121e-02 1.314953155815601349e-02 9.308601875090971589e-05 1.230266597121953964e-02 9.489763528108596802e-03 5.959466216154396534e-04 9.989266097545623779e-02 1.692468766123056412e-03 8.425067365169525146e-02 1.590868644416332245e-02 4.500168934464454651e-02 3.520029829815030098e-03 1.641056500375270844e-02 4.069130495190620422e-02 1.098179141990840435e-03 2.355069853365421295e-03 7.059519737958908081e-02 7.139923423528671265e-02 4.935970529913902283e-02 7.903033838374540210e-05 1.409435644745826721e-02 3.426839411258697510e-02 2.937591448426246643e-02 7.146778982132673264e-03 3.102837875485420227e-02 4.115766286849975586e-02 2.585855498909950256e-02 1.624697446823120117e-02 2.672235667705535889e-02 4.682608693838119507e-02 2.344093844294548035e-02 4.900650121271610260e-03 4.127659648656845093e-02 6.659529753960669041e-04 3.411177173256874084e-02 4.308002442121505737e-02 3.772890940308570862e-02 2.125598117709159851e-02 5.277385935187339783e-02 3.320438042283058167e-02 8.399905636906623840e-03 5.520927160978317261e-02 2.084654755890369415e-02 4.977988428436219692e-04 1.951265335083007812e-02 5.668819881975650787e-03 3.951731696724891663e-02 2.844994701445102692e-02 3.148370608687400818e-02 3.550244495272636414e-02
2.918707020580768585e-02 2.719834260642528534e-02 1.050365995615720749e-02 1.528343856334686279e-01 5.111286640167236328e-01 3.100439719855785370e-02 2.405951917171478271e-02 4.519784078001976013e-02 3.348146565258502960e-03 1.268577482551336288e-02 3.208037838339805603e-02 3.095754049718379974e-02 2.663647569715976715e-02 1.241821795701980591e-02 6.111615803092718124e-03 5.999492481350898743e-02 3.403163701295852661e-02 3.817731142044067383e-02 7.479360699653625488e-02 2.631760574877262115e-02 5.173901561647653580e-03 8.475379087030887604e-03 1.530833542346954346e-02 2.862959355115890503e-02 5.163709819316864014e-02 3.964368626475334167e-02 3.004212118685245514e-02 2.715879492461681366e-02 1.995155587792396545e-02 2.375023439526557922e-02 8.498954586684703827e-03 3.489302843809127808e-02 3.405645489692687988e-02 3.452210500836372375e-02 5.132225155830383301e-02 2.326201088726520538e-02 1.592385396361351013e-02 3.487064316868782043e-02 7.679372280836105347e-02 6.567005068063735962e-02 1.604122482240200043e-02 4.605089500546455383e-02 1.493598334491252899e-02 2.116766199469566345e-02 4.833295941352844238e-02 5.058216676115989685e-02 8.811870589852333069e-03 3.590417280793190002e-02 1.832490670494735241e-04 2.382642775774002075e-02 3.685887902975082397e-02 1.244388334453105927e-02 6.460985634475946426e-03 1.517311949282884598e-02 5.760585423558950424e-03 2.733312547206878662e-03 3.326334431767463684e-02 1.189193129539489746e-02 4.132553935050964355e-02 2.924187853932380676e-02 5.325233936309814453e-02 4.555848613381385803e-02 6.899671629071235657e-03 5.706977471709251404e-02 4.199137166142463684e-02 2.442260831594467163e-02 2.135199867188930511e-02 1.376246917061507702e-03 1.247613131999969482e-02 6.151133682578802109e-03 3.134973719716072083e-02 1.783371344208717346e-02 6.853143870830535889e-02 2.656267769634723663e-02 1.146653741598129272e-01 1.270276214927434921e-02 3.617316717281937599e-03 3.884205222129821777e-02 5.452505871653556824e-02 1.055222842842340469e-02 3.926336020231246948e-02 4.974281415343284607e-02 2.679922059178352356e-02 1.235719770193099976e-01 4.472189769148826599e-02 3.798095975071191788e-03 2.005575597286224365e-02 2.106925845146179199e-02 5.819747224450111389e-03 3.701009973883628845e-02 4.283956810832023621e-02 3.785956278443336487e-02 3.742231428623199463e-02 3.346111997961997986e-02 2.220268361270427704e-02 2.139028348028659821e-02 1.373900473117828369e-02 1.906049996614456177e-02 3.107945062220096588e-02 9.148320183157920837e-03 5.194664746522903442e-02 3.431360051035881042e-02 1.965241692960262299e-02 1.581855863332748413e-02 4.120028764009475708e-02 4.357593879103660583e-02 6.804110016673803329e-03 2.577269263565540314e-02 2.363476715981960297e-02 8.518707909388467669e-05 1.903067901730537415e-02 3.114925930276513100e-03 4.267550259828567505e-02 9.249215014278888702e-03 3.393443673849105835e-02 4.206190258264541626e-02
1.611803472042083740e-01 1.607571691274642944e-01 2.326168306171894073e-02 1.590472273528575897e-02 3.100439719855785370e-02 4.948760569095611572e-01 1.814506798982620239e-01 1.540525909513235092e-02 2.365308068692684174e-02 2.319103665649890900e-02 1.903869770467281342e-02 2.389615029096603394e-02 4.729076847434043884e-02 1.895085908472537994e-03 2.720887213945388794e-02 3.311166167259216309e-02 1.906472817063331604e-02 3.461529687047004700e-02 1.653226092457771301e-02 3.887027874588966370e-02 3.441957011818885803e-02 2.566016977652907372e-03 1.088821981102228165e-02 4.838682711124420166e-03 2.835199004039168358e-03 1.492652110755443573e-02 1.505683362483978271e-02 3.241764754056930542e-02 3.440000728005543351e-05 4.274253919720649719e-02 5.666646361351013184e-02 4.615494608879089355e-02 6.968332920223474503e-03 2.468372508883476257e-02 8.853454142808914185e-03 1.512386091053485870e-02 1.784005574882030487e-02 1.595686003565788269e-02 4.089717185706831515e-05 2.534800767898559570e-02 1.066587679088115692e-02 1.994861289858818054e-02 2.400638163089752197e-02 5.885390564799308777e-03 4.299491643905639648e-02 4.844934865832328796e-02 1.389101445674896240e-01 7.988144643604755402e-03 2.417695894837379456e-02 2.853052131831645966e-02 2.573015913367271423e-02 3.598001971840858459e-02 1.699678599834442139e-02 4.411720670759677887e-03 1.183796674013137817e-02 1.680158451199531555e-02 4.744934383779764175e-03 6.889452692121267319e-03 4.393399506807327271e-02 1.806596294045448303e-02 2.100444957613945007e-02 1.999484002590179443e-02 2.564237266778945923e-02 2.127741277217864990e-02 4.484952241182327271e-02 8.338833600282669067e-02 3.991420567035675049e-02 3.090731054544448853e-02 5.436576902866363525e-03 1.517699565738439560e-02 1.642667688429355621e-02 1.013986393809318542e-02 4.682038724422454834e-02 2.065372653305530548e-02 1.315826363861560822e-02 4.695862531661987305e-02 2.216229028999805450e-02 3.524670377373695374e-02 2.036167494952678680e-02 2.724781259894371033e-02 3.199741244316101074e-02 5.700087174773216248e-03 2.565343491733074188e-02 1.072281505912542343e-02 2.348164655268192291e-02 3.129358589649200439e-02 3.287756815552711487e-02 1.512933522462844849e-02 3.453392907977104187e-02 3.219250217080116272e-02 5.295021086931228638e-02 3.380402550101280212e-02 9.849550202488899231e-03 3.272394090890884399e-02 1.306673232465982437e-02 8.311931043863296509e-03 4.421426448971033096e-03 2.369923703372478485e-02 1.489457767456769943e-02 2.476546540856361389e-02 4.722343292087316513e-03 3.841955587267875671e-02 6.736642122268676758e-02 4.305107519030570984e-03 3.979332372546195984e-02 3.274399205110967159e-04 1.921113952994346619e-02 5.253850296139717102e-02 4.151588678359985352e-02 4.847597703337669373e-02 3.724876046180725098e-02 1.038676593452692032e-02 1.714863441884517670e-02 3.416565805673599243e-02 1.482683140784502029e-02 1.762722246348857880e-02
5.511484667658805847e-02 1.415427476167678833e-01 3.002680838108062744e-02 6.363709457218647003e-03 2.405951917171478271e-02 1.814506798982620239e-01 5.089899301528930664e-01 1.693399623036384583e-02 3.277538344264030457e-02 1.519054453819990158e-02 2.245471626520156860e-02 1.233074581250548363e-03 7.070247083902359009e-02 3.336736187338829041e-02 9.265446104109287262e-03 3.742362931370735168e-02 4.313917085528373718e-02 1.199648156762123108e-02 4.249970242381095886e-02 3.734932094812393188e-02 1.918975450098514557e-02 1.191082317382097244e-02 2.620859444141387939e-02 2.811396680772304535e-02 2.799929678440093994e-02 2.551847510039806366e-02 2.275187522172927856e-02 2.313493750989437103e-03 2.327723614871501923e-02 2.717029117047786713e-02 5.445890873670578003e-02 7.244108710438013077e-03 1.143949571996927261e-02 5.278008058667182922e-03 1.443136576563119888e-02 3.149583935737609863e-02 5.682691466063261032e-03 3.367644548416137695e-02 4.445893689990043640e-02 1.184777263551950455e-02 3.982114419341087341e-02 6.201501004397869110e-03 3.177758678793907166e-02 1.945184357464313507e-02 2.306649461388587952e-02 1.438362337648868561e-02 2.322546094655990601e-01 2.002980262041091919e-01 3.135479241609573364e-02 4.213693737983703613e-02 1.460803579539060593e-02 2.516648173332214355e-02 6.132227554917335510e-02 1.662609912455081940e-02 2.408758364617824554e-02 1.186661981046199799e-02 1.305295061320066452e-02 2.701487019658088684e-02 7.720383349806070328e-03 4.499650374054908752e-02 8.167303167283535004e-03 3.947198390960693359e-03 2.098305337131023407e-02 5.106967315077781677e-02 3.875652700662612915e-02 5.029579252004623413e-02 3.016023710370063782e-02 4.816145822405815125e-02 1.630595885217189789e-02 5.172691307961940765e-03 2.037877030670642853e-02 4.260019923094660044e-04 5.924568045884370804e-03 3.895540535449981689e-02 7.909093983471393585e-03 2.765075862407684326e-02 5.285987630486488342e-02 6.365749053657054901e-03 2.199964970350265503e-02 5.796165205538272858e-03 4.488831013441085815e-02 5.898592062294483185e-03 4.261305555701255798e-02 4.146754741668701172e-02 4.502976313233375549e-02 4.403471574187278748e-02 4.186285287141799927e-02 2.129738451912999153e-03 9.436137042939662933e-03 2.913031727075576782e-02 7.344420254230499268e-02 1.918301731348037720e-02 4.291289299726486206e-02 1.926199719309806824e-02 4.537550732493400574e-02 2.150761522352695465e-02 4.834407940506935120e-03 2.598178572952747345e-02 5.508429370820522308e-03 1.691963337361812592e-02 3.142064670100808144e-04 1.123509462922811508e-02 4.610589891672134399e-02 7.246574386954307556e-03 1.064430922269821167e-02 5.330519285053014755e-03 4.195326566696166992e-02 1.278036925941705704e-02 7.194303441792726517e-03 5.401230603456497192e-02 1.973429135978221893e-02 3.828324750065803528e-02 1.731257885694503784e-02 3.458532691001892090e-02 3.145422041416168213e-02 6.966040469706058502e-03
1.794003881514072418e-02 6.202157586812973022e-03 1.015006601810455322e-01 1.561678480356931686e-02 4.519784078001976013e-02 1.540525909513235092e-02 1.693399623036384583e-02 4.981946647167205811e-01 6.669097580015659332e-03 4.292862117290496826e-02 5.642039701342582703e-03 3.551220148801803589e-02 1.318854186683893204e-02 1.888431794941425323e-02 7.043079286813735962e-02 5.616667214781045914e-03 4.404413513839244843e-03 4.341445397585630417e-03 1.841811649501323700e-02 2.622897922992706299e-02 4.965341184288263321e-03 3.472710028290748596e-02 3.339567780494689941e-02 2.247268892824649811e-02 1.240477245301008224e-02 2.514350973069667816e-02 1.618242822587490082e-03 2.871628291904926300e-02 3.268101811408996582e-02 1.650193706154823303e-02 2.161993645131587982e-02 6.899371277540922165e-03 4.213121533393859863e-02 2.920141210779547691e-03 2.249009348452091217e-02 2.109425328671932220e-02 4.100154340267181396e-02 5.454360693693161011e-02 3.461335971951484680e-02 2.688243612647056580e-02 3.811053186655044556e-02 2.640341408550739288e-02 2.484261058270931244e-02 1.586862653493881226e-02 3.316438570618629456e-02 1.618845202028751373e-02 1.528782490640878677e-02 1.905324868857860565e-02 5.823751911520957947e-03 2.335262857377529144e-02 5.670642713084816933e-04 1.257205102592706680e-02 1.934004947543144226e-02 3.743447596207261086e-03 2.912861295044422150e-02 5.250716581940650940e-03 2.121171727776527405e-02 9.312167763710021973e-03 1.733786985278129578e-02 4.276419430971145630e-02 2.983571030199527740e-02 3.558614477515220642e-02 5.267298314720392227e-03 3.616183623671531677e-02 2.610668540000915527e-02 3.026079759001731873e-02 9.960931725800037384e-03 2.942671068012714386e-03 1.431527175009250641e-02 1.553483679890632629e-02 2.918622642755508423e-02 2.648802474141120911e-02 1.163394097238779068e-02 1.072926726192235947e-02 1.232147123664617538e-02 1.108423341065645218e-02 2.702170424163341522e-02 3.032970614731311798e-02 4.367569461464881897e-02 6.990268360823392868e-03 1.158909350633621216e-01 9.279161691665649414e-02 2.466024644672870636e-02 3.578545898199081421e-02 1.595168025232851505e-03 5.450228345580399036e-04 5.171526223421096802e-02 3.892382606863975525e-02 1.679524220526218414e-02 4.415122047066688538e-02 3.315292671322822571e-02 5.235922709107398987e-02 7.519888691604137421e-03 2.170334383845329285e-02 3.858335316181182861e-02 8.931300602853298187e-03 2.700614277273416519e-03 4.272159188985824585e-03 6.433311849832534790e-03 7.561874575912952423e-03 3.042205423116683960e-02 3.824575617909431458e-02 5.836075637489557266e-03 4.674760997295379639e-02 4.553204402327537537e-02 4.243542999029159546e-02 4.680788610130548477e-03 1.441959477961063385e-02 3.167277574539184570e-02 9.178714826703071594e-03 2.627414651215076447e-02 3.159714862704277039e-02 2.381743304431438446e-02 3.990985453128814697e-03 4.246192798018455505e-02 9.994140826165676117e-03
3.446435183286666870e-02 2.450204640626907349e-02 1.866421662271022797e-02 2.080611325800418854e-02 3.348146565258502960e-03 2.365308068692684174e-02 3.277538344264030457e-02 6.669097580015659332e-03 5.064753293991088867e-01 3.055278211832046509e-02 2.045093104243278503e-02 5.894297361373901367e-02 2.753450535237789154e-02 3.299996489658951759e-03 1.241160463541746140e-02 1.761833205819129944e-02 1.207156386226415634e-02 7.039744406938552856e-02 3.529440611600875854e-02 8.522850461304187775e-03 4.406318534165620804e-03 2.233239635825157166e-02 8.211270906031131744e-03 4.305388778448104858e-02 1.143681909888982773e-02 1.683348091319203377e-03 4.139303788542747498e-02 2.421376854181289673e-02 4.790177568793296814e-03 4.897763021290302277e-03 4.604970454238355160e-04 2.811187133193016052e-02 5.427384749054908752e-02 2.635163022205233574e-03 2.871011197566986084e-02 1.758527755737304688e-02 5.018110945820808411e-02 1.269781775772571564e-02 2.566573210060596466e-02 4.490188881754875183e-02 8.927493356168270111e-03 4.473793134093284607e-02 3.095898218452930450e-02 5.434949416667222977e-03 3.802292421460151672e-02 1.812022738158702850e-02 8.013335056602954865e-03 4.204998910427093506e-02 2.947780862450599670e-02 3.387471660971641541e-02 1.716459356248378754e-02 1.010692585259675980e-02 2.326263301074504852e-02 1.848179660737514496e-02 7.890284806489944458e-02 2.942908182740211487e-02 2.702080085873603821e-02 5.474782362580299377e-02 4.972925409674644470e-02 4.311363026499748230e-02 1.616572588682174683e-02 5.137193202972412109e-02 6.896050181239843369e-04 4.182948917150497437e-02 1.351882889866828918e-02 1.381453126668930054e-02 9.188187308609485626e-03 1.472036261111497879e-02 2.703915722668170929e-02 4.588198661804199219e-02 2.842275798320770264e-02 2.517342101782560349e-03 2.325559407472610474e-02 4.427872598171234131e-02 8.301386609673500061e-03 1.906256936490535736e-02 1.139035075902938843e-01 6.857680529356002808e-02 1.039885282516479492e-01 1.457771565765142441e-02 4.725635796785354614e-02 1.607477897778153419e-03 7.600142061710357666e-02 2.391270175576210022e-02 8.123312145471572876e-03 1.361223310232162476e-02 8.514437824487686157e-03 9.881202131509780884e-03 6.467255949974060059e-02 2.188711613416671753e-02 1.990811713039875031e-02 2.297039888799190521e-02 2.057459391653537750e-02 3.009232319891452789e-02 1.743614301085472107e-02 2.287832554429769516e-03 4.517017677426338196e-02 3.418639302253723145e-02 2.724167145788669586e-02 4.459001868963241577e-02 3.208655864000320435e-02 9.027322754263877869e-03 1.650433614850044250e-02 2.651924639940261841e-02 1.727673970162868500e-02 1.399437896907329559e-03 1.809920929372310638e-02 2.971638459712266922e-03 1.946831122040748596e-02 3.505205363035202026e-02 3.408665582537651062e-02 2.926978655159473419e-02 5.976353306323289871e-03 2.069332078099250793e-02 1.795958378352224827e-03 2.013903111219406128e-02
1.596183702349662781e-02 2.830052375793457031e-02 2.538215555250644684e-02 3.153991699218750000e-02 1.268577482551336288e-02 2.319103665649890900e-02 1.519054453819990158e-02 4.292862117290496826e-02 3.055278211832046509e-02 5.085348486900329590e-01 2.916413731873035431e-02 4.348960891366004944e-02 7.436142303049564362e-03 2.974595315754413605e-02 3.417852520942687988e-02 4.787264391779899597e-02 3.751929849386215210e-02 2.554449997842311859e-02 8.287457376718521118e-02 1.801450620405375957e-03 3.838962316513061523e-02 4.969952162355184555e-03 2.619167231023311615e-02 4.503332823514938354e-02 2.924277074635028839e-02 3.925405442714691162e-02 3.628512471914291382e-02 3.054075874388217926e-03 8.402573876082897186e-03 3.912790119647979736e-02 3.584273532032966614e-02 5.206143110990524292e-02 1.148396451026201248e-02 2.517820708453655243e-02 1.029559504240751266e-02 1.018624659627676010e-02 3.533791005611419678e-02 3.124875575304031372e-02 2.762759104371070862e-02 1.410374534316360950e-03 4.070061072707176208e-02 3.420758992433547974e-03 1.945307664573192596e-02 4.427566379308700562e-02 5.047656595706939697e-02 9.191986173391342163e-02 2.244892902672290802e-02 7.200186606496572495e-03 1.827435009181499481e-02 1.197033375501632690e-01 8.254405693151056767e-04 9.541697800159454346e-03 2.536689303815364838e-02 6.986271124333143234e-03 8.727198466658592224e-03 1.627287268638610840e-01 1.711602136492729187e-02 5.329527705907821655e-02 3.523100167512893677e-02 1.420037820935249329e-02 2.306351996958255768e-02 6.772110611200332642e-02 3.763947868719696999e-03 2.881913818418979645e-02 3.786229714751243591e-02 2.606990933418273926e-02 3.275270760059356689e-02 3.846077248454093933e-02 7.032956462353467941e-03 1.667370274662971497e-02 7.179562747478485107e-02 2.635038271546363831e-02 5.653860047459602356e-03 7.820128463208675385e-03 2.442394196987152100e-02 1.495109871029853821e-02 1.842416450381278992e-02 2.123943567276000977e-01 5.344137921929359436e-02 2.179376035928726196e-01 8.839226211421191692e-04 1.470209006220102310e-02 2.581459097564220428e-02 6.708260625600814819e-02 2.895423583686351776e-02 2.148902975022792816e-02 2.098467946052551270e-02 2.427990548312664032e-02 2.770794183015823364e-02 1.181570589542388916e-01 2.774721011519432068e-02 1.096899341791868210e-02 4.928477574139833450e-03 1.162768807262182236e-02 2.989277429878711700e-02 3.136419132351875305e-02 1.172749791294336319e-02 1.415536087006330490e-02 3.840616717934608459e-02 1.801805570721626282e-02 1.208508294075727463e-02 2.237628027796745300e-02 2.304470399394631386e-03 2.265859209001064301e-02 3.285206481814384460e-02 4.009800776839256287e-02 1.258704159408807755e-02 2.682268433272838593e-02 2.618607133626937866e-02 1.684553362429141998e-02 3.905300796031951904e-02 1.872561685740947723e-02 3.749087825417518616e-02 4.314984008669853210e-02 1.289855316281318665e-02 1.118641346693038940e-02
6.262545287609100342e-02 6.007757410407066345e-02 8.655320852994918823e-03 3.427840024232864380e-02 3.208037838339805603e-02 1.903869770467281342e-02 2.245471626520156860e-02 5.642039701342582703e-03 2.045093104243278503e-02 2.916413731873035431e-02 5.050017237663269043e-01 3.244600445032119751e-02 1.095801964402198792e-01 2.015827409923076630e-02 2.876142412424087524e-02 4.607450589537620544e-02 2.210273966193199158e-02 5.209129303693771362e-03 5.699610337615013123e-02 1.660118624567985535e-02 9.741369634866714478e-03 2.643332071602344513e-02 4.804697819054126740e-03 1.429730094969272614e-03 2.571637509390711784e-03 3.573897527530789375e-03 1.658952608704566956e-02 3.657541051506996155e-02 8.384159952402114868e-02 2.298827050253748894e-03 4.848046600818634033e-02 5.062758456915616989e-03 8.677051402628421783e-03 1.188859343528747559e-03 7.039356278255581856e-04 1.166002079844474792e-02 1.196519378572702408e-02 3.138854727149009705e-02 2.501404657959938049e-02 2.828316390514373779e-02 4.529877752065658569e-02 1.398058235645294189e-02 2.070030383765697479e-02 4.417526349425315857e-02 4.346786439418792725e-02 2.658128179609775543e-02 2.155417390167713165e-02 1.751742820488288999e-04 1.344947516918182373e-02 2.749481797218322754e-02 6.912707351148128510e-03 2.540606656111776829e-04 1.666322909295558929e-02 3.213467309251427650e-03 3.167403489351272583e-02 3.973683342337608337e-02 4.519584588706493378e-03 1.084118057042360306e-02 4.299798049032688141e-03 1.509745023213326931e-03 2.238838933408260345e-02 5.266087595373392105e-03 1.766171120107173920e-02 6.298101041465997696e-03 5.664252117276191711e-02 2.027772180736064911e-02 1.692097820341587067e-02 2.634985721670091152e-04 5.180174857378005981e-02 1.368642784655094147e-02 2.727938815951347351e-02 1.418391522020101547e-02 5.117526650428771973e-02 7.649442180991172791e-03 4.247038811445236206e-02 8.787598460912704468e-03 4.697057232260704041e-02 4.933059681206941605e-03 3.457049280405044556e-02 3.325856477022171021e-02 4.794361069798469543e-03 1.011469960212707520e-02 2.242984995245933533e-02 9.540456347167491913e-03 2.091717347502708435e-02 1.874423585832118988e-02 1.840578578412532806e-02 1.208096928894519806e-02 3.673612372949719429e-03 7.727426011115312576e-03 6.541156023740768433e-02 2.724227495491504669e-02 2.657567709684371948e-02 4.530782252550125122e-02 5.391818284988403320e-02 1.957296207547187805e-02 1.839220896363258362e-02 1.516603981144726276e-03 3.121591731905937195e-02 9.717026725411415100e-03 9.130620397627353668e-03 6.884711328893899918e-03 1.529397349804639816e-02 3.355118678882718086e-03 3.481933102011680603e-02 3.729580668732523918e-03 1.480514463037252426e-02 3.343430906534194946e-02 1.581026799976825714e-02 2.280297456309199333e-03 2.583778835833072662e-02 2.638296037912368774e-02 1.067999843508005142e-02 1.387110911309719086e-02 1.566962222568690777e-03 1.179944258183240891e-02
4.213831573724746704e-02 1.848908141255378723e-02 7.228030357509851456e-03 5.469987168908119202e-02 3.095754049718379974e-02 2.389615029096603394e-02 1.233074581250548363e-03 3.551220148801803589e-02 5.894297361373901367e-02 4.348960891366004944e-02 3.244600445032119751e-02 5.053659677505493164e-01 1.446884591132402420e-02 2.054544538259506226e-01 4.133569076657295227e-02 1.251362729817628860e-02 2.506591193377971649e-02 2.775887260213494301e-04 3.487095236778259277e-02 5.158880725502967834e-02 9.114161133766174316e-03 1.672941260039806366e-02 1.029487252235412598e-01 6.988960504531860352e-02 2.758644707500934601e-02 4.309154674410820007e-02 5.452158860862255096e-03 5.608033016324043274e-02 1.196647621691226959e-02 8.363420516252517700e-02 2.462289482355117798e-02 7.540524471551179886e-03 1.130288001149892807e-02 5.230733379721641541e-02 1.372127514332532883e-02 5.147441849112510681e-02 2.627072855830192566e-02 6.131676211953163147e-02 1.414852309972047806e-02 1.901303045451641083e-02 2.869619987905025482e-02 2.032620087265968323e-02 2.577553503215312958e-02 3.152323141694068909e-02 1.093847528100013733e-01 3.524909541010856628e-02 1.579606719315052032e-02 2.956846915185451508e-02 1.069353427737951279e-02 2.479525282979011536e-02 1.276530791074037552e-02 8.588989730924367905e-04 9.350401349365711212e-03 9.199419990181922913e-03 3.196758031845092773e-02 4.739244002848863602e-03 7.998993620276451111e-03 3.287620097398757935e-02 6.505461409687995911e-03 1.165220048278570175e-02 1.972029171884059906e-02 4.160043597221374512e-02 3.646887466311454773e-02 2.364413812756538391e-02 4.709257557988166809e-02 1.813477836549282074e-02 5.327282100915908813e-02 4.937491565942764282e-02 1.480878423899412155e-02 1.605814136564731598e-02 3.532431647181510925e-02 2.854677848517894745e-02 4.120658710598945618e-02 2.383268438279628754e-02 3.088667616248130798e-02 5.035759508609771729e-02 2.895625494420528412e-02 1.780202798545360565e-02 1.382852941751480103e-01 2.064560912549495697e-02 6.744553800672292709e-03 3.526585176587104797e-02 7.709889113903045654e-02 1.195923238992691040e-02 5.151659995317459106e-02 4.898416250944137573e-02 4.239123687148094177e-02 5.855837836861610413e-03 5.853215232491493225e-02 2.700373157858848572e-02 2.659245766699314117e-02 3.468938171863555908e-02 8.368219248950481415e-03 4.767296835780143738e-02 5.227586999535560608e-02 4.375872202217578888e-03 1.451375801116228104e-02 1.408747304230928421e-02 2.123313024640083313e-02 2.177899004891514778e-03 2.333721518516540527e-02 3.533658757805824280e-02 2.329313009977340698e-02 5.013695359230041504e-02 1.232603006064891815e-02 3.101570345461368561e-02 2.240215986967086792e-02 1.749363378621637821e-03 4.164028540253639221e-02 1.901669986546039581e-02 7.573604118078947067e-03 3.159221634268760681e-02 3.203921020030975342e-02 1.001708582043647766e-02 3.536431491374969482e-02 2.708054892718791962e-02
2.969270385801792145e-02 8.412555605173110962e-02 2.979663014411926270e-02 2.557424828410148621e-02 2.663647569715976715e-02 4.729076847434043884e-02 7.070247083902359009e-02 1.318854186683893204e-02 2.753450535237789154e-02 7.436142303049564362e-03 1.095801964402198792e-01 1.446884591132402420e-02 4.989411532878875732e-01 6.386108230799436569e-03 5.179783701896667480e-02 2.188980765640735626e-02 3.018013387918472290e-02 4.230638965964317322e-03 4.884841665625572205e-02 3.714249236509203911e-03 2.757988683879375458e-02 1.538722775876522064e-02 1.669294200837612152e-02 3.867585584521293640e-02 4.863704089075326920e-03 3.596529597416520119e-03 3.852728009223937988e-02 7.683854084461927414e-03 8.193083107471466064e-02 2.231294661760330200e-02 8.217721432447433472e-02 2.613609284162521362e-02 3.352724388241767883e-02 3.728707134723663330e-02 3.069645538926124573e-02 8.373320102691650391e-03 2.329293452203273773e-02 2.315143123269081116e-02 1.814357005059719086e-03 3.472712635993957520e-02 3.067952021956443787e-02 3.596121817827224731e-02 9.686351753771305084e-03 3.873788937926292419e-02 3.811465576291084290e-02 2.829963527619838715e-02 2.593104541301727295e-02 6.263542920351028442e-02 1.138682104647159576e-02 1.988997310400009155e-02 9.129366837441921234e-03 3.558789845556020737e-03 1.998094376176595688e-03 3.509772568941116333e-02 3.703517373651266098e-03 3.875347971916198730e-02 1.077987533062696457e-02 2.074014209210872650e-02 2.723919227719306946e-02 4.705223720520734787e-03 3.724026307463645935e-02 1.332917157560586929e-02 3.480304032564163208e-02 1.112014614045619965e-02 5.792191252112388611e-02 6.492240726947784424e-02 1.233103591948747635e-02 1.498042326420545578e-02 5.187398195266723633e-02 2.078200131654739380e-02 3.245577588677406311e-02 2.541267778724431992e-03 9.684567339718341827e-05 9.503916837275028229e-03 6.534049753099679947e-03 8.617679588496685028e-03 4.657108336687088013e-02 1.910703256726264954e-02 2.546024695038795471e-02 9.150974452495574951e-03 5.114854502608068287e-05 1.189912436529994011e-03 1.605281955562531948e-03 3.967830166220664978e-02 1.505443453788757324e-02 2.416256815195083618e-02 1.693004975095391273e-03 6.392102688550949097e-02 1.333247683942317963e-02 1.724275946617126465e-02 7.395981997251510620e-02 1.895439811050891876e-02 7.517852634191513062e-02 1.047520525753498077e-02 3.774654492735862732e-02 3.122330643236637115e-02 1.733688823878765106e-02 6.033088080585002899e-03 4.628652334213256836e-02 1.562999532325193286e-04 1.461523701436817646e-03 2.554870955646038055e-02 2.675915323197841644e-02 2.385566756129264832e-02 4.744039475917816162e-02 2.679510228335857391e-02 4.669164121150970459e-02 5.552631989121437073e-02 2.068796940147876740e-02 1.139000244438648224e-02 6.545502226799726486e-03 1.962489075958728790e-02 3.134663775563240051e-02 1.136418245732784271e-02 8.408013731241226196e-03 2.638994716107845306e-02
