4.951126575469970703e-01 9.208574891090393066e-02 6.223778240382671356e-03 1.419242843985557556e-02 3.214601427316665649e-02 4.959009215235710144e-02 4.897327348589897156e-02 4.179917275905609131e-02 1.658893935382366180e-02 3.494917228817939758e-02 6.934762746095657349e-02 5.720563605427742004e-02 4.035706073045730591e-02 1.237001921981573105e-02 2.283344976603984833e-02 1.880830340087413788e-02 1.664778403937816620e-02 3.061573393642902374e-02 2.767271734774112701e-02 2.273692935705184937e-02 2.617944031953811646e-02 1.085175108164548874e-02 2.639901265501976013e-02 2.898326143622398376e-02 2.220021560788154602e-02 3.144652768969535828e-02 7.400479167699813843e-03 2.170023694634437561e-02 5.021704360842704773e-02 9.904119186103343964e-03 6.168125569820404053e-02 5.661842599511146545e-02 3.827758133411407471e-02 3.903998807072639465e-02 3.441050276160240173e-02 1.722630113363265991e-02 5.469036474823951721e-02 1.268466282635927200e-02 4.887048271484673023e-05 5.028824880719184875e-02 4.743749648332595825e-02 3.153506666421890259e-02 1.884986832737922668e-02 3.231581673026084900e-02 9.338185191154479980e-04 2.787608467042446136e-02 6.481221318244934082e-02 2.345570735633373260e-02 9.835161268711090088e-03 5.013593658804893494e-02 4.954232368618249893e-03 1.027224678546190262e-02 3.280705213546752930e-02 1.048169098794460297e-02 2.140952460467815399e-02 4.376387223601341248e-02 3.000109829008579254e-02 1.275735720992088318e-02 1.188906095921993256e-02 3.702263580635190010e-03 1.366172824054956436e-02 3.692509606480598450e-02 3.815566375851631165e-02 2.354021556675434113e-02 4.450425878167152405e-02 4.008052498102188110e-02 4.806509986519813538e-02 4.124310612678527832e-02 1.667875237762928009e-02 1.992094703018665314e-02 1.830177754163742065e-02 3.289978206157684326e-02 1.142129581421613693e-02 2.272337488830089569e-02 7.978093926794826984e-04 5.373024567961692810e-02 1.851468696258962154e-03 4.014758020639419556e-02 4.030242189764976501e-02 4.873917251825332642e-02 2.665441716089844704e-03 1.974172890186309814e-03 1.850072108209133148e-02 1.744613796472549438e-02 2.061800286173820496e-02 3.711067512631416321e-02 2.490935474634170532e-02 1.212060824036598206e-02 3.079509548842906952e-02 2.661874331533908844e-02 7.012476027011871338e-02 3.475317358970642090e-02 2.193756029009819031e-02 5.892243608832359314e-02 4.530322179198265076e-02 2.817782200872898102e-02 1.457794196903705597e-02 1.577069982886314392e-02 5.455867387354373932e-03 2.389934100210666656e-02 5.774392629973590374e-04 6.696877535432577133e-03 4.489451274275779724e-02 4.824005067348480225e-02 8.097181096673011780e-03 3.563405480235815048e-04 2.211491949856281281e-02 3.782872110605239868e-02 1.945054344832897186e-02 3.574969014152884483e-03 4.026136174798011780e-02 4.192494998278561980e-06 2.895944379270076752e-02 6.802299991250038147e-03 3.886748850345611572e-02 4.488161951303482056e-02
9.208574891090393066e-02 4.977720081806182861e-01 8.934839628636837006e-03 7.955705747008323669e-03 2.139776200056076050e-02 6.705553084611892700e-02 7.269883900880813599e-02 5.886785220354795456e-03 2.533949678763747215e-03 4.298596829175949097e-02 5.180623754858970642e-02 2.645294927060604095e-02 6.644830107688903809e-02 5.344109144061803818e-03 2.984075248241424561e-02 1.383082661777734756e-02 1.899746991693973541e-02 1.694336533546447754e-03 2.422028407454490662e-02 2.382752485573291779e-02 5.074837431311607361e-02 8.879530243575572968e-03 5.098810419440269470e-02 2.625165879726409912e-02 1.597716286778450012e-02 1.303387992084026337e-02 4.371116682887077332e-02 3.143752738833427429e-02 3.116002306342124939e-02 7.061296608299016953e-03 5.610744282603263855e-02 5.824984610080718994e-02 4.106348846107721329e-03 3.028319776058197021e-02 1.320539508014917374e-03 9.539588354527950287e-03 4.592793434858322144e-02 3.377060592174530029e-02 1.011487655341625214e-02 4.375620558857917786e-02 1.498114434070885181e-03 3.328709304332733154e-02 7.426793221384286880e-03 2.158915251493453979e-02 4.164408892393112183e-02 2.414419781416654587e-03 7.299277931451797485e-02 2.949957735836505890e-02 3.205881686881184578e-03 2.150316908955574036e-02 8.645248599350452423e-03 6.553411483764648438e-03 1.964729838073253632e-02 4.214354977011680603e-02 4.617497324943542480e-02 1.489427126944065094e-02 2.808014489710330963e-02 6.912165321409702301e-03 2.017449773848056793e-02 3.101206617429852486e-03 1.921736076474189758e-02 4.912162944674491882e-02 4.014192149043083191e-02 4.444861784577369690e-02 2.868033573031425476e-02 2.751978114247322083e-02 5.663961544632911682e-02 2.502493001520633698e-02 3.435334190726280212e-02 2.274287678301334381e-02 1.087573589757084846e-03 1.422119233757257462e-02 2.971081528812646866e-03 1.355148386210203171e-02 1.010830793529748917e-02 3.283819928765296936e-02 7.973899133503437042e-03 3.918670117855072021e-02 3.427418693900108337e-02 3.318681940436363220e-02 1.070629712194204330e-02 4.433793947100639343e-02 3.528768569231033325e-02 8.718240074813365936e-03 3.507588431239128113e-02 1.820081658661365509e-02 4.472326487302780151e-03 1.327013224363327026e-02 3.868525102734565735e-02 7.680743001401424408e-03 4.324339702725410461e-02 2.072495594620704651e-02 4.831007495522499084e-02 5.544173717498779297e-02 3.561860322952270508e-02 2.258003503084182739e-02 3.355572000145912170e-02 2.035293146036565304e-04 3.136598318815231323e-02 2.376140654087066650e-02 7.493176963180303574e-03 1.243784092366695404e-02 5.365123227238655090e-02 1.621938869357109070e-02 5.346044152975082397e-02 9.090078994631767273e-03 1.150657515972852707e-02 5.056695640087127686e-02 2.368308044970035553e-02 2.874110126867890358e-03 3.077459335327148438e-02 3.751021251082420349e-02 8.695009164512157440e-03 3.846634877845644951e-03 1.777715608477592468e-02 2.622494660317897797e-02
6.223778240382671356e-03 8.934839628636837006e-03 4.466378092765808105e-01 1.470751129090785980e-02 1.414805371314287186e-02 2.986220642924308777e-03 2.130863070487976074e-02 1.323562562465667725e-01 3.538819774985313416e-02 1.054262276738882065e-02 3.451286256313323975e-02 2.605786547064781189e-03 9.815325960516929626e-03 1.462448667734861374e-02 2.810794673860073090e-02 2.699444815516471863e-02 3.631560131907463074e-02 3.540312638506293297e-03 1.081816479563713074e-02 3.358718380331993103e-02 4.051240161061286926e-02 1.059172302484512329e-02 3.090489283204078674e-02 2.615331299602985382e-02 7.068844046443700790e-03 3.483303263783454895e-02 7.580298697575926781e-04 3.427157551050186157e-02 2.905461378395557404e-02 3.091047704219818115e-02 2.803096082061529160e-03 3.739680163562297821e-03 3.198618814349174500e-02 1.026744395494461060e-02 1.717011630535125732e-02 4.763922095298767090e-02 2.978521026670932770e-02 4.464628919959068298e-02 2.085897140204906464e-02 2.327371202409267426e-02 3.098628111183643341e-02 2.601371519267559052e-02 3.829200938344001770e-02 8.877910673618316650e-02 5.062400363385677338e-03 1.105841808021068573e-02 2.701326273381710052e-02 4.062548279762268066e-03 6.302905082702636719e-02 3.638100251555442810e-02 1.163494028151035309e-02 1.845515333116054535e-02 2.652671746909618378e-02 1.797450473532080650e-03 1.967836543917655945e-02 3.107771091163158417e-02 3.105317987501621246e-02 2.180600911378860474e-02 2.961675822734832764e-02 3.071288578212261200e-02 2.339736558496952057e-03 1.061850786209106445e-02 3.891630470752716064e-02 3.181510418653488159e-02 3.584507107734680176e-02 2.682036347687244415e-02 2.883866243064403534e-02 2.522740699350833893e-02 3.909950330853462219e-02 8.290650323033332825e-03 2.847257442772388458e-02 1.651922613382339478e-02 1.635245978832244873e-02 4.236717894673347473e-02 8.788121864199638367e-03 1.031992025673389435e-02 4.123141057789325714e-03 3.875634400174021721e-03 5.811728071421384811e-03 1.060699857771396637e-02 7.719100266695022583e-02 9.206868708133697510e-03 4.751014336943626404e-02 2.271112613379955292e-02 1.388924010097980499e-02 2.182363998144865036e-03 7.254873868077993393e-03 2.930035116150975227e-03 7.118953391909599304e-03 8.843744173645973206e-03 5.808045621961355209e-03 1.891143247485160828e-02 8.985838852822780609e-03 1.732583716511726379e-02 4.285634309053421021e-02 8.918330073356628418e-03 3.201578510925173759e-03 6.269878707826137543e-03 3.482442721724510193e-02 3.471544012427330017e-02 2.417411655187606812e-02 4.577386006712913513e-02 1.651039812713861465e-03 2.128846012055873871e-02 4.565797373652458191e-02 9.491305798292160034e-03 1.006530746817588806e-01 2.504494786262512207e-02 7.872745394706726074e-02 1.904963888227939606e-02 3.603387624025344849e-02 3.531248867511749268e-02 1.708196476101875305e-02 3.656408190727233887e-02 1.049774289131164551e-01 3.310179570689797401e-03
1.419242843985557556e-02 7.955705747008323669e-03 1.470751129090785980e-02 4.636497199535369873e-01 2.347303554415702820e-02 2.399021014571189880e-02 5.967538338154554367e-03 3.230666369199752808e-02 4.508648067712783813e-03 7.782403379678726196e-03 1.544604357331991196e-02 1.989757642149925232e-03 4.782821238040924072e-02 1.044421270489692688e-02 2.701743878424167633e-02 2.981134131550788879e-02 5.121730268001556396e-02 2.916214615106582642e-02 2.680920762941241264e-03 3.751282766461372375e-02 1.489095948636531830e-02 4.392852634191513062e-02 4.066056758165359497e-02 1.411164551973342896e-02 4.680899903178215027e-02 3.613181039690971375e-02 6.721849739551544189e-02 9.073432534933090210e-03 3.052233904600143433e-02 1.618500053882598877e-02 4.059154912829399109e-02 4.268086701631546021e-02 7.919417694211006165e-03 1.042990759015083313e-02 8.750380016863346100e-03 4.325160756707191467e-02 4.807801172137260437e-02 8.967081457376480103e-02 3.239407017827033997e-02 1.028706785291433334e-02 3.551869839429855347e-02 5.585005506873130798e-03 1.941852085292339325e-02 1.524999886751174927e-01 3.088779747486114502e-02 2.044257894158363342e-02 7.513792370446026325e-04 3.690845565870404243e-03 1.368111185729503632e-02 2.219077944755554199e-02 4.386948887258768082e-03 1.909284107387065887e-02 4.585491493344306946e-02 1.055611297488212585e-02 3.823803365230560303e-02 3.970393911004066467e-02 1.134327705949544907e-02 4.057359695434570312e-02 7.088381052017211914e-02 4.134934395551681519e-03 3.620817884802818298e-02 8.751692250370979309e-03 7.098811119794845581e-02 1.897311210632324219e-02 1.202878192998468876e-03 1.619051583111286163e-02 3.090299433097243309e-03 1.938154548406600952e-02 3.010949864983558655e-02 4.668748937547206879e-03 3.034778684377670288e-02 1.065468508750200272e-02 1.444213986396789551e-01 9.233691729605197906e-03 3.549979766830801964e-03 1.065439265221357346e-02 1.230669301003217697e-02 3.998996689915657043e-02 3.846477344632148743e-02 2.532682009041309357e-02 6.460491567850112915e-02 2.984946034848690033e-02 1.736642047762870789e-02 1.340767927467823029e-02 3.525589033961296082e-02 1.935160346329212189e-02 5.980724096298217773e-02 3.990346193313598633e-02 2.072371542453765869e-02 3.062978200614452362e-02 6.233388558030128479e-02 3.867425024509429932e-02 5.858308821916580200e-02 3.512144461274147034e-02 2.470383793115615845e-02 4.893999919295310974e-02 2.566186152398586273e-02 9.162048809230327606e-03 4.784329608082771301e-02 1.610971614718437195e-02 3.549214079976081848e-02 2.130094356834888458e-02 2.427320554852485657e-02 1.604934781789779663e-02 2.292143739759922028e-02 3.166481852531433105e-02 1.781921833753585815e-02 4.350866749882698059e-02 3.152594342827796936e-02 3.394992649555206299e-02 3.289973735809326172e-02 1.048917509615421295e-02 3.212673589587211609e-03 3.886717930436134338e-02 3.173328191041946411e-02 4.506902769207954407e-03
3.214601427316665649e-02 2.139776200056076050e-02 1.414805371314287186e-02 2.347303554415702820e-02 4.520719349384307861e-01 1.810145750641822815e-02 3.968206793069839478e-02 4.036265984177589417e-02 2.219719439744949341e-02 4.504626244306564331e-02 4.235155880451202393e-02 3.492752090096473694e-02 2.896249527111649513e-03 3.940920159220695496e-02 7.766599301248788834e-03 3.596801543608307838e-03 5.823359824717044830e-03 3.254288807511329651e-02 4.098300263285636902e-02 1.276006270200014114e-02 2.903889119625091553e-02 3.607325255870819092e-02 1.421830710023641586e-02 2.497961279004812241e-03 2.343598566949367523e-02 1.856747455894947052e-02 1.880941540002822876e-02 3.051824122667312622e-02 3.126101335510611534e-03 3.267930820584297180e-02 9.012781665660440922e-04 4.594775382429361343e-03 4.439710825681686401e-02 1.250209379941225052e-02 2.672934159636497498e-02 1.361383404582738876e-02 2.491968125104904175e-02 1.261908910237252712e-04 7.957858964800834656e-03 3.804213553667068481e-02 1.533416844904422760e-02 3.394263610243797302e-02 2.325604856014251709e-02 7.166618015617132187e-03 3.718396276235580444e-02 3.578596934676170349e-02 1.908843219280242920e-02 2.228620648384094238e-02 3.938501328229904175e-02 2.250343933701515198e-02 2.811845019459724426e-02 3.725623711943626404e-02 2.796599455177783966e-02 5.851526930928230286e-02 1.717666164040565491e-02 4.099272936582565308e-02 2.105677872896194458e-02 3.674379736185073853e-02 2.136769890785217285e-02 3.807415440678596497e-02 2.243106067180633545e-02 3.124197944998741150e-02 4.779319465160369873e-02 6.224285066127777100e-02 3.706051036715507507e-02 1.999989710748195648e-02 3.987114876508712769e-02 2.504973672330379486e-02 1.507056318223476410e-02 4.978931322693824768e-02 3.675666451454162598e-02 1.729090698063373566e-02 2.637192979454994202e-02 7.507231552153825760e-03 4.002174828201532364e-03 3.781601786613464355e-02 1.961989700794219971e-02 3.543184138834476471e-03 2.457885257899761200e-02 8.426192402839660645e-02 2.496693469583988190e-02 1.628541946411132812e-02 3.527464345097541809e-02 1.065766811370849609e-01 2.742049749940633774e-03 3.044201433658599854e-02 2.239628508687019348e-02 2.152324654161930084e-02 3.876862674951553345e-02 1.731748506426811218e-02 5.500872619450092316e-03 1.575583219528198242e-02 5.659316200762987137e-03 1.008736435323953629e-02 1.093830447643995285e-02 5.106984172016382217e-03 3.667709976434707642e-02 3.566337004303932190e-02 2.885227464139461517e-02 1.419528853148221970e-02 2.690551243722438812e-02 4.064792022109031677e-02 3.862638026475906372e-02 3.783321380615234375e-02 2.028697542846202850e-02 4.907742887735366821e-02 1.583106629550457001e-02 1.069334801286458969e-03 2.031330578029155731e-02 1.689978817012161016e-04 2.216808125376701355e-02 2.521882392466068268e-02 1.681070774793624878e-02 8.039813488721847534e-03 1.794424094259738922e-02 4.095242358744144440e-03
4.959009215235710144e-02 6.705553084611892700e-02 2.986220642924308777e-03 2.399021014571189880e-02 1.810145750641822815e-02 4.874186813831329346e-01 5.426751077175140381e-02 4.406469687819480896e-02 9.703601710498332977e-03 5.050410330295562744e-02 5.510216578841209412e-03 7.142353057861328125e-02 4.612382873892784119e-02 1.874703168869018555e-02 4.412963986396789551e-02 5.161499138921499252e-03 2.432072302326560020e-03 4.660499282181262970e-03 3.872960433363914490e-02 4.637588281184434891e-03 4.422956705093383789e-02 4.450273886322975159e-02 1.105412933975458145e-02 1.291608344763517380e-02 3.844724968075752258e-03 2.001855336129665375e-02 1.271401345729827881e-02 6.125353649258613586e-02 4.246527329087257385e-03 6.628467142581939697e-02 6.970895081758499146e-02 6.943379994481801987e-03 2.970672212541103363e-02 1.768888719379901886e-02 3.528961539268493652e-02 3.948687016963958740e-02 1.652231672778725624e-03 4.123996943235397339e-02 3.301495313644409180e-02 2.027049660682678223e-02 2.537016011774539948e-02 3.076594136655330658e-02 1.272261515259742737e-02 2.286307886242866516e-02 3.710252698510885239e-03 1.110613346099853516e-02 1.105395928025245667e-01 1.780322939157485962e-02 3.092901082709431648e-03 7.700204849243164062e-03 3.493015468120574951e-02 5.150559917092323303e-02 4.305260255932807922e-02 5.446353927254676819e-03 1.380670350044965744e-02 8.675623685121536255e-03 1.930199563503265381e-02 2.448570914566516876e-02 2.745902165770530701e-02 1.829836331307888031e-02 5.030445381999015808e-02 1.559895556420087814e-02 1.150755304843187332e-02 3.192117810249328613e-02 1.082464121282100677e-02 1.919338852167129517e-02 5.966316536068916321e-02 2.036481350660324097e-02 1.954333856701850891e-02 5.167386680841445923e-02 4.579392820596694946e-02 4.064556956291198730e-02 5.132843926548957825e-02 5.347360670566558838e-02 2.900772728025913239e-02 2.929993439465761185e-03 2.314278483390808105e-02 2.282421663403511047e-02 4.282962158322334290e-02 2.094806730747222900e-02 4.320414736866950989e-02 7.572468370199203491e-03 2.506697550415992737e-02 7.120358757674694061e-03 3.753466904163360596e-02 7.875829003751277924e-03 5.447494983673095703e-02 1.326743233948945999e-02 3.171792998909950256e-02 4.704771563410758972e-03 4.157758876681327820e-02 2.461479976773262024e-02 1.202769950032234192e-02 1.325117889791727066e-02 1.733102835714817047e-02 5.287259817123413086e-02 2.549847774207592010e-02 4.533127322793006897e-02 1.849602325819432735e-03 1.497557945549488068e-02 2.606638334691524506e-02 2.050495706498622894e-02 3.572384640574455261e-02 4.324820265173912048e-02 4.002166539430618286e-02 8.274884894490242004e-03 2.672767080366611481e-02 2.948398888111114502e-02 7.441222202032804489e-03 3.221639990806579590e-02 2.149636112153530121e-02 4.056949913501739502e-02 3.097071079537272453e-03 2.619428001344203949e-02 3.989955410361289978e-02 1.871550828218460083e-02
4.897327348589897156e-02 7.269883900880813599e-02 2.130863070487976074e-02 5.967538338154554367e-03 3.968206793069839478e-02 5.426751077175140381e-02 5.093747973442077637e-01 1.399824116379022598e-02 1.704884506762027740e-02 4.734028130769729614e-02 5.071992054581642151e-02 3.225342184305191040e-02 2.873351983726024628e-02 1.513168029487133026e-02 1.436980068683624268e-02 2.555906772613525391e-02 2.283313870429992676e-02 8.041232824325561523e-03 4.277716949582099915e-02 3.929102420806884766e-02 3.883995115756988525e-02 4.136449843645095825e-02 3.835977613925933838e-02 8.927607908844947815e-03 1.605409383773803711e-02 2.849364280700683594e-02 1.679949648678302765e-02 1.057579275220632553e-02 8.695212751626968384e-02 8.486765436828136444e-03 2.773926220834255219e-02 3.838387131690979004e-02 3.509731590747833252e-02 2.301463298499584198e-02 4.598127678036689758e-03 4.092634096741676331e-02 2.677967213094234467e-02 4.881212860345840454e-02 1.912975683808326721e-02 3.752707317471504211e-02 1.107908971607685089e-02 3.290094668045639992e-03 1.516631897538900375e-02 3.221447765827178955e-02 5.228619277477264404e-02 3.652826324105262756e-02 5.059988796710968018e-02 9.191390872001647949e-02 2.993658743798732758e-02 2.771919406950473785e-02 4.404646158218383789e-02 1.677236333489418030e-02 4.653236269950866699e-02 3.944590687751770020e-02 3.989658132195472717e-02 1.587489619851112366e-02 4.798546433448791504e-02 9.596065618097782135e-03 1.265570893883705139e-02 4.916455131024122238e-03 3.774005547165870667e-02 3.383677080273628235e-02 4.184962064027786255e-02 1.200374099425971508e-03 5.911244451999664307e-02 3.904632106423377991e-02 5.713351815938949585e-02 3.157155215740203857e-02 1.609446364454925060e-03 5.250291898846626282e-02 4.174141585826873779e-02 1.363241393119096756e-02 2.554373629391193390e-02 1.073404029011726379e-02 1.159039232879877090e-02 2.077298797667026520e-02 1.921969815157353878e-04 4.197848588228225708e-02 2.505271881818771362e-02 4.681445658206939697e-03 3.678765147924423218e-02 4.634168371558189392e-02 1.700775325298309326e-02 2.546905353665351868e-02 4.941424354910850525e-02 2.872609347105026245e-02 2.014777250587940216e-02 3.334973589517176151e-04 2.322281338274478912e-02 3.091770596802234650e-02 5.132422968745231628e-02 1.908802241086959839e-02 6.720755249261856079e-02 4.842721298336982727e-02 1.992258243262767792e-02 8.902559056878089905e-03 2.136578410863876343e-02 9.229462011717259884e-04 5.803707987070083618e-03 4.290006123483181000e-03 1.257345778867602348e-03 3.183152293786406517e-03 8.413560688495635986e-03 2.229137159883975983e-02 5.409005284309387207e-02 8.667070418596267700e-03 8.191457949578762054e-03 2.352855727076530457e-02 1.514490321278572083e-02 3.691526502370834351e-02 2.114501968026161194e-02 2.035677060484886169e-02 2.335334382951259613e-02 3.616791591048240662e-02 3.276941366493701935e-03 2.130455709993839264e-02
4.179917275905609131e-02 5.886785220354795456e-03 1.323562562465667725e-01 3.230666369199752808e-02 4.036265984177589417e-02 4.406469687819480896e-02 1.399824116379022598e-02 4.592143297195434570e-01 4.166014492511749268e-02 2.571134641766548157e-02 1.097176130861043930e-02 1.127223018556833267e-02 1.291311439126729965e-02 1.074987091124057770e-02 2.306382916867733002e-02 1.221404317766427994e-02 7.490015588700771332e-03 1.950959675014019012e-02 5.567192565649747849e-03 2.404872886836528778e-02 2.009339071810245514e-02 5.224078893661499023e-02 5.523613188415765762e-03 1.948198303580284119e-02 1.666040159761905670e-02 3.514744713902473450e-02 3.923733532428741455e-02 2.360740490257740021e-02 4.597234353423118591e-02 1.609339937567710876e-02 4.780633002519607544e-02 3.962233662605285645e-02 1.545247621834278107e-02 5.353512614965438843e-02 5.096246954053640366e-03 4.003465175628662109e-02 2.330714650452136993e-02 1.481471490114927292e-02 2.181576751172542572e-02 2.493177354335784912e-02 1.984474249184131622e-02 3.012568503618240356e-02 1.116577535867691040e-02 1.416677143424749374e-02 2.144620753824710846e-02 1.070371270179748535e-02 2.783466875553131104e-02 4.047428816556930542e-02 1.070155855268239975e-02 4.045379906892776489e-02 2.475605159997940063e-02 2.122285775840282440e-03 1.805340312421321869e-02 8.405078202486038208e-03 3.974479436874389648e-02 2.019283734261989594e-02 5.459219962358474731e-02 1.326330471783876419e-02 3.741582855582237244e-02 3.219835087656974792e-02 3.067988529801368713e-02 4.798215255141258240e-02 8.031552284955978394e-02 3.254589810967445374e-02 2.185150980949401855e-03 3.083107061684131622e-02 8.409523405134677887e-03 3.519306192174553871e-03 1.409113593399524689e-02 3.133390098810195923e-02 1.548321451991796494e-02 1.867094449698925018e-02 2.700660750269889832e-02 9.949653409421443939e-03 4.072498902678489685e-02 4.084815457463264465e-02 6.414671894162893295e-03 1.612876169383525848e-02 3.391956910490989685e-02 3.310808166861534119e-02 5.257342010736465454e-02 8.991357684135437012e-02 2.028174698352813721e-03 3.621546551585197449e-02 2.353485301136970520e-02 3.415663167834281921e-02 6.884847581386566162e-02 7.055303547531366348e-03 6.121760979294776917e-02 5.482934415340423584e-03 4.035084042698144913e-03 5.008387938141822815e-02 2.018470503389835358e-02 3.201422467827796936e-02 2.304188534617424011e-02 1.757220178842544556e-02 7.933827117085456848e-03 4.189670085906982422e-02 1.551968697458505630e-02 7.563101127743721008e-03 4.853681474924087524e-02 2.017460018396377563e-02 4.001536965370178223e-02 2.106694690883159637e-02 5.249517783522605896e-02 1.741266436874866486e-02 2.502445504069328308e-02 3.215383505448698997e-03 7.763628382235765457e-03 3.121909871697425842e-02 7.632475462742149830e-04 6.369246169924736023e-03 5.248336587101221085e-03 6.233841995708644390e-04 2.447387762367725372e-02 2.753914520144462585e-02
1.658893935382366180e-02 2.533949678763747215e-03 3.538819774985313416e-02 4.508648067712783813e-03 2.219719439744949341e-02 9.703601710498332977e-03 1.704884506762027740e-02 4.166014492511749268e-02 4.956774115562438965e-01 7.385689020156860352e-02 5.561462137848138809e-03 3.035351820290088654e-02 1.986608095467090607e-02 5.877434089779853821e-02 9.708723053336143494e-03 3.529896214604377747e-02 2.712026610970497131e-02 8.023206889629364014e-02 6.318314373493194580e-02 3.570515289902687073e-02 2.364160958677530289e-03 2.095673792064189911e-02 1.048900093883275986e-02 7.466623792424798012e-04 1.779268495738506317e-02 3.198054060339927673e-02 1.067676767706871033e-02 3.349211066961288452e-02 2.483510598540306091e-02 3.332813456654548645e-02 1.961534144356846809e-03 3.056847862899303436e-02 3.448883071541786194e-02 5.878547951579093933e-02 4.984061792492866516e-02 2.533995080739259720e-03 2.749121282249689102e-03 2.438587136566638947e-02 3.322439268231391907e-02 2.879728190600872040e-02 1.596652157604694366e-02 1.243617385625839233e-02 6.137314438819885254e-02 3.527168184518814087e-02 1.763727143406867981e-02 1.589663885533809662e-02 1.776994578540325165e-02 5.253664031624794006e-02 3.754948079586029053e-02 2.391400747001171112e-02 1.348345726728439331e-02 1.829515956342220306e-02 3.788302466273307800e-02 4.384741187095642090e-02 8.394711464643478394e-02 6.149205379188060760e-03 1.801738515496253967e-02 1.288437936455011368e-02 1.338935253443196416e-04 2.702967263758182526e-02 3.567785024642944336e-02 1.323073077946901321e-02 3.217351064085960388e-02 3.369628265500068665e-02 4.134343191981315613e-02 2.670939825475215912e-02 5.191014707088470459e-02 3.706444427371025085e-02 3.805163130164146423e-02 7.361561059951782227e-02 4.948702990077435970e-04 5.370495095849037170e-02 9.853799128904938698e-04 3.275676444172859192e-02 3.238330036401748657e-02 5.567818135023117065e-02 8.922158926725387573e-02 5.280928686261177063e-02 8.223790675401687622e-02 1.976295374333858490e-02 7.130095269531011581e-03 5.030405893921852112e-02 2.957796491682529449e-02 1.866677217185497284e-02 1.362686324864625931e-02 6.104537285864353180e-03 2.024696208536624908e-03 3.218159452080726624e-02 2.200095728039741516e-02 4.242365248501300812e-03 4.917941242456436157e-02 9.874805808067321777e-03 4.979968443512916565e-02 2.297635190188884735e-02 1.671029487624764442e-03 4.933154210448265076e-03 5.096207372844219208e-03 3.765899315476417542e-02 1.183537673205137253e-02 5.553631857037544250e-02 2.357830852270126343e-02 4.608907178044319153e-02 1.065376866608858109e-02 4.677065834403038025e-02 4.273717850446701050e-02 1.631799526512622833e-02 1.263972278684377670e-02 6.461718678474426270e-02 1.199320238083600998e-02 1.337605994194746017e-02 3.432761132717132568e-02 9.795120917260646820e-03 4.776461049914360046e-02 5.820059403777122498e-02 2.389102242887020111e-02 6.447140127420425415e-03
3.494917228817939758e-02 4.298596829175949097e-02 1.054262276738882065e-02 7.782403379678726196e-03 4.504626244306564331e-02 5.050410330295562744e-02 4.734028130769729614e-02 2.571134641766548157e-02 7.385689020156860352e-02 5.086787939071655273e-01 3.509997576475143433e-02 1.167747424915432930e-03 8.141388185322284698e-03 4.549050703644752502e-02 3.235508501529693604e-02 7.279199082404375076e-03 1.034193579107522964e-02 8.317574858665466309e-03 7.814011722803115845e-02 5.058585852384567261e-02 1.923357509076595306e-02 1.796293421648442745e-03 3.040878800675272942e-03 3.786663338541984558e-02 3.200802579522132874e-02 3.380436822772026062e-02 9.059223346412181854e-03 3.406402468681335449e-02 3.758565708994865417e-02 3.798495605587959290e-02 3.041908144950866699e-02 1.760068722069263458e-02 3.942213207483291626e-02 1.811298727989196777e-02 9.961168281733989716e-03 5.275318399071693420e-03 8.050984703004360199e-03 2.376968041062355042e-02 3.730401769280433655e-02 8.501782082021236420e-03 1.002624072134494781e-02 2.300898544490337372e-02 3.945507854223251343e-02 1.688855700194835663e-02 1.945012994110584259e-02 5.308616906404495239e-02 4.173180833458900452e-02 1.004290673881769180e-02 3.221894614398479462e-03 6.781841814517974854e-02 1.440599374473094940e-02 2.398433722555637360e-02 1.560779009014368057e-02 9.410589933395385742e-03 1.220765337347984314e-02 6.981325894594192505e-02 1.156750787049531937e-02 5.225784331560134888e-02 4.782519862055778503e-02 2.730310335755348206e-02 4.273219965398311615e-03 4.250173643231391907e-02 4.493309184908866882e-02 4.204217810183763504e-03 3.321976587176322937e-02 1.790544763207435608e-02 4.439242184162139893e-02 3.453473374247550964e-02 5.486767273396253586e-03 8.666939288377761841e-02 4.003924131393432617e-02 8.110018447041511536e-03 1.141671789810061455e-03 5.002934485673904419e-02 4.172598570585250854e-02 6.698185577988624573e-03 2.944262698292732239e-03 1.175783351063728333e-01 3.258682042360305786e-02 7.878995686769485474e-02 1.935076899826526642e-03 2.474302798509597778e-02 3.946003969758749008e-03 8.216281235218048096e-02 2.192816324532032013e-02 3.761755768209695816e-03 4.666452482342720032e-02 2.560461312532424927e-02 5.388105660676956177e-02 5.595356598496437073e-02 1.544552296400070190e-02 2.330431155860424042e-02 1.433594152331352234e-02 1.314353756606578827e-02 5.777277797460556030e-02 2.824319712817668915e-02 6.485366728156805038e-03 2.037344127893447876e-02 5.243614315986633301e-02 5.429149046540260315e-02 4.242441430687904358e-02 1.542717125266790390e-02 7.337634451687335968e-03 5.561188608407974243e-02 1.415322348475456238e-02 4.321368038654327393e-02 1.977558247745037079e-02 4.161259904503822327e-02 4.776746034622192383e-02 2.637328021228313446e-02 3.243756294250488281e-02 1.159965898841619492e-02 3.656559064984321594e-02 5.314910039305686951e-02 4.552423954010009766e-03 4.598613828420639038e-02
6.934762746095657349e-02 5.180623754858970642e-02 3.451286256313323975e-02 1.544604357331991196e-02 4.235155880451202393e-02 5.510216578841209412e-03 5.071992054581642151e-02 1.097176130861043930e-02 5.561462137848138809e-03 3.509997576475143433e-02 5.074061751365661621e-01 2.013088949024677277e-02 4.572885856032371521e-02 5.274714529514312744e-02 7.944234646856784821e-03 1.741853356361389160e-02 1.587786339223384857e-02 1.720693707466125488e-02 4.548360034823417664e-02 9.070621803402900696e-03 2.964324690401554108e-02 3.928018361330032349e-02 3.561862185597419739e-02 2.246643230319023132e-02 1.618231274187564850e-02 1.914206333458423615e-02 1.599590480327606201e-02 1.341510005295276642e-02 7.079237699508666992e-02 1.579394750297069550e-02 3.287177905440330505e-02 3.411037474870681763e-02 4.850763827562332153e-02 1.227189786732196808e-02 4.282119218260049820e-03 1.491212379187345505e-02 4.689425230026245117e-02 4.414647817611694336e-02 5.262451246380805969e-02 4.150564596056938171e-02 5.288574472069740295e-02 6.728696171194314957e-03 5.966874770820140839e-03 9.336271323263645172e-03 1.065761130303144455e-02 9.042992256581783295e-03 3.296297043561935425e-02 2.867127209901809692e-02 3.939361870288848877e-02 5.133748799562454224e-02 1.284555159509181976e-02 1.841984689235687256e-02 3.040170855820178986e-02 1.015297230333089828e-02 4.487899690866470337e-02 4.532054066658020020e-02 4.256705194711685181e-02 8.412304450757801533e-04 1.410751882940530777e-02 1.799700409173965454e-02 5.047097802162170410e-02 3.679893165826797485e-02 2.181937545537948608e-02 1.166777499020099640e-02 5.797549337148666382e-02 3.647590056061744690e-02 4.490406252443790436e-03 9.091723710298538208e-03 1.492978353053331375e-02 1.246558967977762222e-02 3.807548061013221741e-02 2.641419507563114166e-02 1.506066322326660156e-02 1.685895211994647980e-02 1.428645290434360504e-02 3.645863384008407593e-02 1.766995061188936234e-03 4.935834556818008423e-02 5.578842386603355408e-02 2.359415777027606964e-02 1.494605652987957001e-02 1.018008776009082794e-02 6.706368643790483475e-03 1.687431649770587683e-04 1.134348474442958832e-02 5.239153280854225159e-02 3.760094940662384033e-02 1.413160748779773712e-02 1.305810827761888504e-02 4.754733666777610779e-02 3.148129209876060486e-02 2.058011852204799652e-02 1.788311824202537537e-02 4.472987726330757141e-02 3.219158574938774109e-02 2.370080351829528809e-02 1.799146458506584167e-02 6.333478726446628571e-03 8.819008362479507923e-04 1.183254877105355263e-03 1.712261140346527100e-02 1.030106097459793091e-02 2.834915556013584137e-02 1.063011121004819870e-02 4.519044235348701477e-02 2.762252278625965118e-02 7.510128896683454514e-03 3.466165810823440552e-02 4.387912806123495102e-03 1.048000343143939972e-02 1.876434870064258575e-02 5.459848325699567795e-03 1.710983365774154663e-02 1.723336242139339447e-02 2.465997263789176941e-02 2.793270535767078400e-02
5.720563605427742004e-02 2.645294927060604095e-02 2.605786547064781189e-03 1.989757642149925232e-03 3.492752090096473694e-02 7.142353057861328125e-02 3.225342184305191040e-02 1.127223018556833267e-02 3.035351820290088654e-02 1.167747424915432930e-03 2.013088949024677277e-02 4.675931632518768311e-01 2.410757355391979218e-02 2.009148150682449341e-01 2.548984065651893616e-02 1.633609831333160400e-02 2.093730494379997253e-02 7.089112699031829834e-02 6.757084280252456665e-03 1.759300194680690765e-02 3.863390535116195679e-02 3.609834983944892883e-02 1.471133530139923096e-02 1.632552407681941986e-02 1.459441799670457840e-02 6.041357759386301041e-03 5.253173783421516418e-02 5.977721512317657471e-02 2.784004621207714081e-02 4.699323326349258423e-02 4.190399777144193649e-03 3.584438562393188477e-02 2.973768487572669983e-02 2.544913068413734436e-02 1.076844427734613419e-02 4.639204591512680054e-02 1.676637306809425354e-02 9.154507890343666077e-03 1.384096127003431320e-02 1.726300641894340515e-02 6.116058677434921265e-03 3.775024041533470154e-02 3.571008890867233276e-02 8.607853087596595287e-04 8.433903567492961884e-03 3.602622309699654579e-03 5.697990301996469498e-03 1.704690419137477875e-02 3.345166146755218506e-02 1.777272671461105347e-02 3.307455778121948242e-02 3.850791603326797485e-02 1.205362007021903992e-02 4.537989944219589233e-02 7.060015108436346054e-03 1.257308200001716614e-02 3.172296658158302307e-02 4.462731536477804184e-03 3.672114387154579163e-02 3.266971930861473083e-02 1.357800047844648361e-02 2.710070647299289703e-02 1.204050704836845398e-02 4.177558422088623047e-02 2.531231567263603210e-02 7.898139883764088154e-04 9.847997687757015228e-03 3.047653706744313240e-03 1.903609745204448700e-02 1.572637818753719330e-02 2.522957697510719299e-02 3.645542310550808907e-03 2.098470740020275116e-02 2.836696617305278778e-02 2.732439339160919189e-02 3.044204041361808777e-02 4.468468949198722839e-02 1.164015475660562515e-02 2.886179601773619652e-03 2.951636910438537598e-02 4.556262865662574768e-02 3.871623426675796509e-03 4.577387496829032898e-02 9.827889502048492432e-03 2.364990860223770142e-02 2.485450357198715210e-02 1.813976280391216278e-02 3.128439560532569885e-02 2.979032695293426514e-03 3.830476477742195129e-02 4.698606953024864197e-02 4.039197787642478943e-02 2.992543019354343414e-02 3.461298346519470215e-02 3.288052976131439209e-02 4.913819953799247742e-02 2.890764735639095306e-02 2.863965742290019989e-02 2.311227284371852875e-02 4.520432651042938232e-02 3.625785466283559799e-04 5.323154851794242859e-03 6.266132462769746780e-03 3.810110315680503845e-02 1.975300535559654236e-02 5.367521196603775024e-03 1.818392542190849781e-03 3.840746358036994934e-02 2.770488709211349487e-02 1.330062095075845718e-02 1.125750783830881119e-02 3.632978349924087524e-02 1.053160335868597031e-02 4.100515320897102356e-02 3.074321337044239044e-02 3.708823025226593018e-02
4.035706073045730591e-02 6.644830107688903809e-02 9.815325960516929626e-03 4.782821238040924072e-02 2.896249527111649513e-03 4.612382873892784119e-02 2.873351983726024628e-02 1.291311439126729965e-02 1.986608095467090607e-02 8.141388185322284698e-03 4.572885856032371521e-02 2.410757355391979218e-02 4.988034665584564209e-01 5.489230528473854065e-02 3.422053158283233643e-02 3.231352940201759338e-02 2.848044782876968384e-02 1.411834638565778732e-02 2.449701353907585144e-02 9.631616994738578796e-04 9.777836501598358154e-03 2.936038002371788025e-02 4.970226436853408813e-02 4.113821312785148621e-02 2.508445270359516144e-02 2.398408390581607819e-02 4.454313963651657104e-02 1.770940609276294708e-02 3.943324089050292969e-03 2.021413296461105347e-02 7.319165021181106567e-02 3.532185778021812439e-02 2.383307181298732758e-02 2.497342042624950409e-02 2.030511153861880302e-03 4.107932560145854950e-03 7.937858754303306341e-05 2.431734092533588409e-02 7.957361522130668163e-04 3.684636577963829041e-02 5.231241881847381592e-02 1.443393435329198837e-02 1.514876820147037506e-02 1.200305763632059097e-02 3.277311474084854126e-02 5.066904053092002869e-02 6.927578151226043701e-02 3.005779534578323364e-02 3.881565853953361511e-02 3.784129396080970764e-02 2.365220151841640472e-02 4.515264555811882019e-02 1.054140646010637283e-02 1.423176564276218414e-02 4.491481184959411621e-02 4.406364634633064270e-02 3.049057675525546074e-03 5.021700263023376465e-02 1.354987267404794693e-02 4.555353522300720215e-02 4.707749187946319580e-02 5.321577563881874084e-02 4.465471208095550537e-02 1.131778582930564880e-02 2.568005956709384918e-02 5.558019503951072693e-02 5.538842175155878067e-03 3.897574264556169510e-03 6.672652438282966614e-03 1.364765316247940063e-02 5.983508192002773285e-03 1.260465942323207855e-02 2.744804602116346359e-03 2.423697616904973984e-03 2.085340954363346100e-02 1.621090807020664215e-02 6.634146440774202347e-03 4.238567501306533813e-02 5.302265286445617676e-02 4.615434259176254272e-02 4.106568172574043274e-02 1.908463425934314728e-02 4.798197746276855469e-02 2.289589680731296539e-02 7.263991050422191620e-03 4.433813691139221191e-02 1.628178171813488007e-02 7.324350625276565552e-02 1.021505147218704224e-02 2.030087634921073914e-02 1.290986966341733932e-02 4.470935091376304626e-02 3.264235332608222961e-02 3.857327625155448914e-02 1.537122298032045364e-02 9.751830250024795532e-03 1.470769289880990982e-02 6.107978057116270065e-03 1.226892322301864624e-02 6.157399620860815048e-04 2.802655100822448730e-03 1.163829769939184189e-02 4.220571368932723999e-02 5.105355381965637207e-02 4.190448671579360962e-02 1.348636578768491745e-03 2.196168527007102966e-02 4.976772516965866089e-02 2.474046312272548676e-02 1.119556929916143417e-02 5.993661936372518539e-03 2.595284581184387207e-02 3.028993494808673859e-02 1.231966540217399597e-02 1.378828287124633789e-02 1.996099948883056641e-02
