4.849678575992584229e-01 1.711118966341018677e-01 3.070384636521339417e-02 2.430706284940242767e-02 2.558535197749733925e-03 1.528468430042266846e-01 9.012999013066291809e-03 3.575212508440017700e-02 1.067957375198602676e-02 1.806592009961605072e-02 1.910040229558944702e-01 8.288449607789516449e-03 1.125058829784393311e-01 4.636344313621520996e-02 2.919098921120166779e-02 4.909992218017578125e-02 3.431482240557670593e-02 3.365514799952507019e-02 4.020379111170768738e-02 1.479734387248754501e-02 1.952900923788547516e-02 3.498129919171333313e-02 3.184255212545394897e-02 4.280656576156616211e-02 1.885614171624183655e-02 5.121054872870445251e-02 4.666518047451972961e-02 6.406847387552261353e-02 3.853860497474670410e-02 3.226299956440925598e-02 8.630945533514022827e-02 2.423615567386150360e-02 6.944950670003890991e-03 3.725165128707885742e-02 2.079509571194648743e-02 4.553677514195442200e-02 2.318874932825565338e-02 1.428211294114589691e-02 1.721825101412832737e-03 3.924644365906715393e-02 1.982676796615123749e-02 9.961883537471294403e-03 1.492523308843374252e-02 1.835531182587146759e-02 4.789214953780174255e-02 2.591930329799652100e-02 1.180358454585075378e-01 2.503249607980251312e-02 9.521842002868652344e-03 1.360633596777915955e-02 7.829640805721282959e-02 6.509277224540710449e-02 1.060192845761775970e-02 6.242679897695779800e-03 1.689959201030433178e-03 4.719342291355133057e-02 1.149364095181226730e-02 1.033323723822832108e-02 2.523669973015785217e-02 7.656699977815151215e-03 4.459279403090476990e-02 2.468924596905708313e-02 3.392278682440519333e-03 1.356536615639925003e-02 4.916763678193092346e-02 2.810538373887538910e-02 4.140111431479454041e-02 2.467533340677618980e-03 1.040469016879796982e-02 1.824749074876308441e-02 2.951465174555778503e-02 4.892389848828315735e-02 3.420023480430245399e-03 1.158769801259040833e-02 8.539631962776184082e-03 1.224253140389919281e-02 1.877036504447460175e-02 6.969301495701074600e-03 1.856613345444202423e-02 2.521911263465881348e-02 1.740324660204350948e-03 6.643357221037149429e-03 3.464887384325265884e-03 1.961556635797023773e-02 9.797099977731704712e-03 3.178490698337554932e-02 2.478980645537376404e-02 1.649375818669795990e-02 3.767846897244453430e-02 4.798358306288719177e-03 7.551389932632446289e-02 2.429741621017456055e-02 3.200688213109970093e-02 3.509585186839103699e-02 1.009906269609928131e-02 1.310862135142087936e-03 3.562220185995101929e-02 2.767518535256385803e-02 3.603358753025531769e-03 3.385587129741907120e-03 4.104299005120992661e-03 3.765217214822769165e-02 3.933751583099365234e-02 1.206767652183771133e-02 1.604557968676090240e-02 1.870175125077366829e-03 3.614662215113639832e-02 4.014077410101890564e-02 3.158432617783546448e-02 3.675361722707748413e-02 7.314233109354972839e-03 1.713744364678859711e-02 6.578040868043899536e-02 9.465927258133888245e-03 9.181716479361057281e-03 1.659422554075717926e-02
1.711118966341018677e-01 4.831314682960510254e-01 1.598745211958885193e-02 3.028146456927061081e-03 5.607871338725090027e-03 4.779427126049995422e-02 8.865107595920562744e-02 2.022796124219894409e-02 4.389334842562675476e-02 4.104553163051605225e-02 6.699129939079284668e-02 1.009867340326309204e-02 1.585599184036254883e-01 7.082850672304630280e-03 6.180929765105247498e-02 4.326205700635910034e-03 2.605491317808628082e-03 8.397334255278110504e-03 1.133492216467857361e-02 1.280229631811380386e-02 3.144502267241477966e-02 1.016693376004695892e-02 9.791000746190547943e-03 2.669201232492923737e-03 1.050521619617938995e-02 3.511069715023040771e-02 4.791971668601036072e-02 1.672839745879173279e-02 5.110976472496986389e-02 4.817715659737586975e-02 1.491686701774597168e-01 3.651104122400283813e-02 4.402105230838060379e-03 2.928841859102249146e-03 3.907027188688516617e-03 3.985854983329772949e-02 3.803267702460289001e-02 7.781954482197761536e-03 3.442070260643959045e-02 3.804469481110572815e-02 1.488939020782709122e-02 9.346761740744113922e-03 5.135815963149070740e-02 6.032435223460197449e-03 3.520467132329940796e-02 2.729150280356407166e-02 3.517634049057960510e-02 4.596823081374168396e-02 5.177861079573631287e-02 2.996500767767429352e-02 4.639717563986778259e-02 2.826142124831676483e-02 3.033626265823841095e-02 1.719774864614009857e-02 1.584055833518505096e-02 1.435711793601512909e-02 4.665091168135404587e-03 1.666746288537979126e-02 9.787552990019321442e-03 7.178424857556819916e-03 2.058929577469825745e-02 3.988831769675016403e-03 5.680827889591455460e-03 3.622598946094512939e-02 3.604089096188545227e-02 2.002901583909988403e-02 4.734115209430456161e-03 5.556468665599822998e-02 3.001646697521209717e-02 4.817712306976318359e-02 4.467211291193962097e-02 7.870766334235668182e-03 9.322676807641983032e-03 3.178833052515983582e-02 5.830773734487593174e-04 4.974298179149627686e-02 2.723809145390987396e-02 1.616341061890125275e-02 2.669614180922508240e-02 2.478532493114471436e-02 2.236240915954113007e-02 1.589063927531242371e-02 2.493455074727535248e-02 2.021183958277106285e-03 4.023746401071548462e-02 4.062357917428016663e-02 1.347177568823099136e-02 1.084017474204301834e-02 3.288164734840393066e-02 3.188780695199966431e-02 1.540957763791084290e-02 4.394670948386192322e-02 4.163455218076705933e-02 2.115310356020927429e-02 4.370333626866340637e-03 1.080078352242708206e-02 2.770333737134933472e-02 1.701777055859565735e-02 4.338880255818367004e-02 4.046274349093437195e-02 4.569322615861892700e-02 2.767083421349525452e-02 2.402076125144958496e-02 1.800938509404659271e-02 1.496461406350135803e-02 3.081753849983215332e-02 3.356477245688438416e-03 3.611026704311370850e-02 1.262587681412696838e-02 2.875096537172794342e-02 7.908533007139340043e-05 1.534621138125658035e-02 2.916898205876350403e-02 3.577950969338417053e-02 3.990823030471801758e-02 6.570240017026662827e-03
3.070384636521339417e-02 1.598745211958885193e-02 4.727808237075805664e-01 2.784910844638943672e-03 2.519297413527965546e-04 4.822975490242242813e-03 1.247150544077157974e-02 1.177338510751724243e-01 1.733119972050189972e-02 3.018261631950736046e-04 1.307517476379871368e-02 3.540012612938880920e-02 2.057799324393272400e-02 2.732846140861511230e-02 5.313515290617942810e-02 2.396023087203502655e-02 1.750067248940467834e-02 1.987716741859912872e-02 3.672435507178306580e-02 3.049095906317234039e-02 2.918445738032460213e-03 6.755855283699929714e-04 1.883384957909584045e-02 2.656834572553634644e-02 1.208441890776157379e-02 1.311701629310846329e-02 4.082308150827884674e-03 3.743041306734085083e-02 2.184853889048099518e-02 3.354987129569053650e-02 3.855255432426929474e-03 1.663059368729591370e-02 2.409776672720909119e-02 3.255748003721237183e-02 4.250298812985420227e-02 1.286682207137346268e-02 8.905643597245216370e-03 1.588011160492897034e-02 1.418608799576759338e-02 4.259763751178979874e-03 6.834568828344345093e-02 3.581071645021438599e-02 1.506220176815986633e-02 5.987462773919105530e-02 1.678096875548362732e-02 2.707078121602535248e-02 3.792683407664299011e-02 3.280570358037948608e-02 3.810287266969680786e-02 2.187772467732429504e-02 2.350342087447643280e-02 6.957038305699825287e-03 1.270074746571481228e-03 1.493089180439710617e-02 3.509664535522460938e-02 2.658977732062339783e-02 2.612388506531715393e-02 2.853374741971492767e-02 2.538872323930263519e-02 3.388882428407669067e-02 1.815299317240715027e-02 4.897347465157508850e-02 2.480930648744106293e-02 5.862031877040863037e-02 7.735149469226598740e-03 9.478650754317641258e-04 3.804387152194976807e-02 3.345466777682304382e-02 2.200251631438732147e-02 4.976326227188110352e-02 2.542972005903720856e-02 8.973186835646629333e-03 3.855860233306884766e-02 4.156806692481040955e-02 1.623903773725032806e-02 1.620803773403167725e-02 2.915752120316028595e-03 1.953794807195663452e-02 3.980032727122306824e-02 1.608797907829284668e-02 1.453858911991119385e-01 7.685372978448867798e-02 9.619136340916156769e-03 4.720394208561629057e-04 2.097213454544544220e-02 1.942721381783485413e-02 7.065000385046005249e-02 5.127394944429397583e-02 2.990698814392089844e-02 1.246291212737560272e-02 1.649752259254455566e-03 5.349664017558097839e-03 3.413471579551696777e-02 1.371804531663656235e-02 2.947236411273479462e-02 2.567007020115852356e-02 2.771038003265857697e-02 3.735086694359779358e-02 1.184278167784214020e-02 1.336287613958120346e-02 2.470915019512176514e-02 4.190127551555633545e-02 3.696525469422340393e-03 1.555705070495605469e-02 8.204971440136432648e-03 2.543812803924083710e-02 7.355122268199920654e-02 1.336118299514055252e-02 6.644596159458160400e-02 2.189203910529613495e-02 5.975457280874252319e-02 4.704082384705543518e-02 4.132301732897758484e-02 2.377711981534957886e-02 2.723594568669795990e-02 9.816990047693252563e-02
2.430706284940242767e-02 3.028146456927061081e-03 2.784910844638943672e-03 4.866547882556915283e-01 1.269184947013854980e-01 4.113034158945083618e-02 8.728949353098869324e-03 1.222326653078198433e-03 1.658627390861511230e-02 2.097464725375175476e-02 1.773499883711338043e-02 1.802912726998329163e-02 5.118170380592346191e-02 3.464961424469947815e-02 9.767586365342140198e-03 4.649271070957183838e-02 5.574231594800949097e-02 5.133030563592910767e-02 3.127371147274971008e-02 1.464926358312368393e-02 3.099151141941547394e-02 2.380685880780220032e-02 7.065848913043737411e-03 4.288533236831426620e-03 8.404560387134552002e-03 1.009000092744827271e-02 5.620916187763214111e-02 5.360670015215873718e-02 2.182432077825069427e-02 1.177265774458646774e-02 3.902804479002952576e-02 3.793779527768492699e-03 3.171780332922935486e-02 3.469784278422594070e-03 1.630684244446456432e-03 1.661515422165393829e-02 4.874571040272712708e-02 4.077007994055747986e-02 7.128886133432388306e-02 4.570791497826576233e-02 3.873445559293031693e-03 4.242175444960594177e-02 4.148248210549354553e-02 1.623059250414371490e-02 1.201863959431648254e-02 3.716831281781196594e-02 4.704570770263671875e-02 1.640820689499378204e-02 4.231766611337661743e-02 1.181838940829038620e-02 5.527181783691048622e-04 4.677448794245719910e-02 4.811577498912811279e-03 4.933386575430631638e-03 5.106961354613304138e-02 6.016181316226720810e-03 2.206357941031455994e-02 7.432644069194793701e-02 3.111166879534721375e-02 7.144035305827856064e-03 2.911714604124426842e-03 2.307382225990295410e-02 8.868521079421043396e-03 2.537708496674895287e-03 3.694629669189453125e-02 3.584116697311401367e-02 2.393104322254657745e-02 1.719278842210769653e-02 2.373242005705833435e-02 3.805647790431976318e-02 5.418454110622406006e-02 1.683448813855648041e-02 1.253423243761062622e-01 3.754635155200958252e-02 9.499713033437728882e-02 3.724613785743713379e-02 4.676117375493049622e-02 2.004237659275531769e-02 1.042632572352886200e-02 2.749711275100708008e-02 8.808032609522342682e-03 3.755641356110572815e-02 3.585299476981163025e-02 1.900283247232437134e-02 1.539326366037130356e-02 4.908271878957748413e-02 1.206642016768455505e-03 2.916023368015885353e-03 1.400219649076461792e-02 5.819860473275184631e-02 1.200188416987657547e-02 4.721152037382125854e-02 4.048632457852363586e-02 3.267366439104080200e-02 3.122601844370365143e-02 2.081203274428844452e-03 1.399365440011024475e-02 1.035331655293703079e-02 4.033476859331130981e-02 2.805457916110754013e-03 3.606224060058593750e-02 3.609777614474296570e-02 1.480032410472631454e-02 3.977251052856445312e-02 1.588759757578372955e-02 2.947948873043060303e-02 7.226302288472652435e-03 1.805370859801769257e-02 3.558475896716117859e-02 1.574151404201984406e-02 1.067385263741016388e-02 8.779658935964107513e-03 3.462204709649085999e-02 3.720529749989509583e-02 2.523803710937500000e-02 4.156767204403877258e-02
2.558535197749733925e-03 5.607871338725090027e-03 2.519297413527965546e-04 1.269184947013854980e-01 4.890789687633514404e-01 7.587978988885879517e-02 2.019893191754817963e-02 2.762170042842626572e-03 1.116536278277635574e-02 2.076903358101844788e-02 1.288959663361310959e-02 4.035463184118270874e-02 3.569601848721504211e-02 1.752885803580284119e-02 1.529768016189336777e-02 4.969267547130584717e-02 5.680045485496520996e-02 2.175310067832469940e-02 5.013822577893733978e-03 2.417326904833316803e-02 2.632913552224636078e-02 7.040594937279820442e-04 1.697588246315717697e-03 2.124899998307228088e-03 3.861312568187713623e-02 2.138452045619487762e-02 5.281748995184898376e-02 1.666059717535972595e-02 3.926103562116622925e-02 1.917170174419879913e-02 1.349737122654914856e-02 2.385605359449982643e-03 2.978921122848987579e-02 5.133629310876131058e-03 1.625805348157882690e-02 4.133116081357002258e-02 4.836914315819740295e-02 4.324926063418388367e-02 8.140532672405242920e-02 6.423579901456832886e-02 2.563151717185974121e-02 3.150108456611633301e-02 4.385774210095405579e-02 1.291191671043634415e-03 3.330431063659489155e-04 2.593698352575302124e-02 3.349344432353973389e-02 6.479357369244098663e-03 4.811427369713783264e-02 5.209963768720626831e-02 1.242366526275873184e-02 4.369097948074340820e-02 1.452574972063302994e-02 2.639178186655044556e-02 5.459605157375335693e-02 4.785774741321802139e-03 1.284316554665565491e-02 4.798191040754318237e-02 1.832618936896324158e-02 1.484690513461828232e-02 1.005786284804344177e-02 2.616479434072971344e-02 1.006246730685234070e-02 7.566281594336032867e-03 3.171034902334213257e-02 1.792196370661258698e-02 3.726064786314964294e-02 5.101937800645828247e-02 1.911576837301254272e-02 5.135181918740272522e-02 4.905623942613601685e-02 4.747489094734191895e-02 1.114090308547019958e-01 5.080357939004898071e-02 1.166868880391120911e-01 2.846064046025276184e-02 2.903597988188266754e-02 2.304239571094512939e-02 1.733638579025864601e-03 4.794307053089141846e-02 7.596162147819995880e-03 1.239031180739402771e-02 2.317515388131141663e-02 3.588669747114181519e-02 5.336322262883186340e-02 1.347597781568765640e-02 1.848775520920753479e-02 3.964464180171489716e-03 6.677076686173677444e-03 5.389680154621601105e-03 1.941336318850517273e-02 5.779432877898216248e-02 1.014059688895940781e-02 3.607205301523208618e-02 3.002594597637653351e-02 8.412593044340610504e-03 2.459684573113918304e-02 2.495215274393558502e-02 3.479459509253501892e-02 1.776487566530704498e-02 1.924540661275386810e-02 2.985555678606033325e-02 2.294976264238357544e-02 2.210697159171104431e-02 2.153100213035941124e-03 1.977472193539142609e-02 1.131126773543655872e-03 2.137533016502857208e-02 8.983069099485874176e-03 3.653241321444511414e-02 3.529927879571914673e-02 1.653214357793331146e-02 3.535528853535652161e-02 2.125648967921733856e-02 2.874704077839851379e-02 4.736833274364471436e-02
1.528468430042266846e-01 4.779427126049995422e-02 4.822975490242242813e-03 4.113034158945083618e-02 7.587978988885879517e-02 4.628518521785736084e-01 1.148833185434341431e-01 2.029321156442165375e-02 1.468977145850658417e-02 1.484563574194908142e-02 4.216530546545982361e-02 4.830699786543846130e-02 1.555487420409917831e-02 5.613033659756183624e-03 1.500427071005105972e-02 4.111668094992637634e-02 5.767101794481277466e-02 1.754329539835453033e-02 1.622517406940460205e-02 2.397654950618743896e-02 4.825413599610328674e-02 4.392930492758750916e-02 3.467484563589096069e-02 3.088080324232578278e-02 4.168188944458961487e-02 2.951362729072570801e-02 9.853038005530834198e-03 2.075968310236930847e-02 3.749587014317512512e-02 1.561045460402965546e-02 9.134425781667232513e-03 1.846958883106708527e-02 2.604361437261104584e-02 2.949806861579418182e-02 1.933724246919155121e-02 2.157293632626533508e-02 1.341478433459997177e-02 3.661102429032325745e-02 8.179432712495326996e-03 4.626997560262680054e-02 4.290602169930934906e-03 3.196706250309944153e-02 3.502052277326583862e-02 1.293720956891775131e-02 2.725757658481597900e-02 2.529222890734672546e-02 1.208463534712791443e-01 5.066591314971446991e-03 2.853881195187568665e-02 1.218935102224349976e-02 6.038828566670417786e-02 7.068180292844772339e-02 2.566139772534370422e-02 4.453191906213760376e-02 3.457692265510559082e-02 4.202731326222419739e-02 4.488824866712093353e-03 6.397216115146875381e-03 2.463105879724025726e-02 2.512777782976627350e-02 1.053360942751169205e-02 4.477673396468162537e-02 3.191863745450973511e-02 2.130553498864173889e-02 2.182819880545139313e-02 2.792136929929256439e-02 7.537604309618473053e-03 5.329500138759613037e-02 3.035614080727100372e-02 3.250513970851898193e-02 2.360092662274837494e-02 7.860999554395675659e-03 1.488413941115140915e-02 3.652190556749701500e-03 2.162637375295162201e-02 4.367984365671873093e-03 1.001252792775630951e-02 2.398533001542091370e-02 5.285996943712234497e-02 1.774829812347888947e-02 3.296949714422225952e-02 3.939194604754447937e-02 7.391986902803182602e-03 2.280850335955619812e-02 2.572381123900413513e-02 9.042086452245712280e-02 4.089875519275665283e-02 3.819828480482101440e-02 1.695567369461059570e-02 2.566914632916450500e-02 7.466912269592285156e-03 2.541547454893589020e-02 3.424988361075520515e-03 3.592412546277046204e-02 8.912707678973674774e-03 3.906853497028350830e-02 3.737479075789451599e-02 4.186179488897323608e-02 3.878544270992279053e-02 2.687120065093040466e-02 2.980077080428600311e-02 1.971713267266750336e-02 3.280214220285415649e-02 2.029451355338096619e-02 3.042424842715263367e-02 1.137047074735164642e-02 3.833227604627609253e-02 3.426640527322888374e-03 2.717453241348266602e-02 1.077926903963088989e-02 1.770978607237339020e-02 1.742636598646640778e-02 8.351964876055717468e-03 1.890756934881210327e-02 4.926665686070919037e-03 3.213506937026977539e-02
9.012999013066291809e-03 8.865107595920562744e-02 1.247150544077157974e-02 8.728949353098869324e-03 2.019893191754817963e-02 1.148833185434341431e-01 4.697816669940948486e-01 9.129786863923072815e-03 5.926892627030611038e-03 7.363923825323581696e-03 2.095290832221508026e-02 3.744556382298469543e-02 5.874674394726753235e-02 2.825092524290084839e-02 4.675450176000595093e-02 2.141644479706883430e-03 4.951332230120897293e-03 5.255023017525672913e-03 2.142716757953166962e-02 6.300101056694984436e-03 4.466318711638450623e-02 1.547377649694681168e-02 4.123970866203308105e-02 5.516180396080017090e-02 2.377586252987384796e-02 3.712149709463119507e-02 9.526764042675495148e-03 5.796985700726509094e-03 1.306346990168094635e-02 6.031937152147293091e-02 1.076930835843086243e-01 1.702774129807949066e-02 1.143243256956338882e-02 3.688123775646090508e-03 8.254260756075382233e-03 1.118776295334100723e-02 4.503425676375627518e-03 4.348322376608848572e-02 2.872899360954761505e-02 2.992133051156997681e-02 2.839992381632328033e-02 1.015925873070955276e-02 1.682085171341896057e-02 4.638298228383064270e-02 1.147859618067741394e-01 6.531336903572082520e-02 3.197214333340525627e-03 7.855013012886047363e-02 3.415744379162788391e-02 2.295641973614692688e-02 6.747486442327499390e-02 6.666854023933410645e-02 2.594591060187667608e-04 1.487036515027284622e-02 3.971637692302465439e-03 3.965176641941070557e-02 4.253287985920906067e-02 2.296621166169643402e-02 4.682601615786552429e-02 2.014670521020889282e-02 3.111704625189304352e-02 3.810872137546539307e-02 1.847465336322784424e-02 2.647252986207604408e-03 3.137487173080444336e-02 8.355459198355674744e-03 1.458584237843751907e-02 3.668038919568061829e-02 2.403160743415355682e-02 1.641642674803733826e-02 2.891363948583602905e-02 3.309924900531768799e-02 3.599543124437332153e-02 2.601442672312259674e-02 2.885066904127597809e-03 6.147641222923994064e-03 1.371016725897789001e-03 5.429157987236976624e-03 2.983468957245349884e-02 6.500019691884517670e-03 3.474828600883483887e-02 5.242862273007631302e-03 8.971005678176879883e-03 3.173973038792610168e-02 5.112764984369277954e-02 2.537137642502784729e-02 3.257765993475914001e-02 2.192014083266258240e-02 4.859386757016181946e-02 2.108554542064666748e-02 2.813735976815223694e-02 1.993700861930847168e-02 2.095995150739327073e-04 2.190272137522697449e-02 4.178644344210624695e-02 4.016089439392089844e-02 2.793457172811031342e-02 6.389246881008148193e-02 1.935033872723579407e-02 5.720759276300668716e-03 3.019892983138561249e-02 1.905026100575923920e-02 2.645418047904968262e-02 3.862848505377769470e-02 2.590145915746688843e-02 1.470405701547861099e-02 6.863453891128301620e-03 3.635149623733013868e-04 1.948716305196285248e-02 3.020320646464824677e-02 3.902419656515121460e-02 2.942854166030883789e-02 4.334584996104240417e-02 3.145982744172215462e-03 1.037875376641750336e-02 5.779605358839035034e-03
3.575212508440017700e-02 2.022796124219894409e-02 1.177338510751724243e-01 1.222326653078198433e-03 2.762170042842626572e-03 2.029321156442165375e-02 9.129786863923072815e-03 4.959960877895355225e-01 4.105936735868453979e-02 1.962647214531898499e-02 2.501979283988475800e-02 3.595757856965065002e-02 1.000538188964128494e-02 1.220053248107433319e-02 7.270695269107818604e-02 3.486550971865653992e-02 2.616431191563606262e-02 4.566410183906555176e-02 3.399461507797241211e-02 1.582021825015544891e-03 3.673311322927474976e-02 4.014251381158828735e-02 4.701724275946617126e-02 2.171239629387855530e-02 1.227944716811180115e-02 2.543291449546813965e-02 9.027279913425445557e-03 2.778401412069797516e-02 4.625401925295591354e-03 4.153261333703994751e-02 1.703158393502235413e-02 1.439880393445491791e-02 5.896736867725849152e-03 8.494773879647254944e-03 3.310448257252573967e-03 1.014049537479877472e-02 4.188704863190650940e-02 3.091891296207904816e-02 5.824683699756860733e-03 5.916278343647718430e-03 4.410779848694801331e-02 3.150957077741622925e-02 4.109924286603927612e-02 4.878635331988334656e-02 3.429270908236503601e-02 2.104720659554004669e-02 2.717012539505958557e-02 1.558355335146188736e-02 2.655996941030025482e-02 5.280391313135623932e-03 3.965725004673004150e-02 2.596497349441051483e-02 2.973619662225246429e-02 1.735470816493034363e-02 4.383001849055290222e-02 2.276147902011871338e-02 4.192461073398590088e-02 1.168214995414018631e-02 4.885984119027853012e-03 5.349175073206424713e-03 4.141071811318397522e-02 2.716343291103839874e-02 2.307622460648417473e-03 6.711219903081655502e-03 3.358638659119606018e-02 3.509353101253509521e-02 2.776532992720603943e-02 4.663021862506866455e-02 3.609765693545341492e-02 1.949073188006877899e-02 3.314674645662307739e-02 1.455121207982301712e-02 3.573881834745407104e-02 2.557101659476757050e-02 4.101855680346488953e-02 2.536830678582191467e-02 4.074317403137683868e-03 4.249951615929603577e-02 4.745342768728733063e-03 3.715938702225685120e-02 7.567520439624786377e-02 1.093431860208511353e-01 5.991232581436634064e-03 1.204754039645195007e-02 2.372960932552814484e-02 3.090032143518328667e-03 7.725093513727188110e-02 5.623705312609672546e-02 4.227731749415397644e-02 2.421145699918270111e-02 1.369657739996910095e-02 1.460103434510529041e-03 2.598374150693416595e-02 5.120484158396720886e-03 2.752655930817127228e-02 1.625066250562667847e-02 2.983933314681053162e-02 1.271954830735921860e-02 3.694003075361251831e-02 7.092635612934827805e-03 2.715368568897247314e-02 4.938979819416999817e-02 1.128329709172248840e-02 5.790711939334869385e-02 3.747853264212608337e-02 9.690112434327602386e-03 5.493303388357162476e-02 5.107457190752029419e-02 6.292607635259628296e-02 1.499941572546958923e-02 1.495846267789602280e-02 1.044297497719526291e-02 2.422087639570236206e-02 1.617035828530788422e-02 6.266127340495586395e-03 1.057479437440633774e-02
1.067957375198602676e-02 4.389334842562675476e-02 1.733119972050189972e-02 1.658627390861511230e-02 1.116536278277635574e-02 1.468977145850658417e-02 5.926892627030611038e-03 4.105936735868453979e-02 4.903244674205780029e-01 1.005538180470466614e-01 3.310466185212135315e-02 3.014974854886531830e-02 3.690617904067039490e-02 2.849002741277217865e-02 3.615174815058708191e-02 2.080673538148403168e-02 2.505382522940635681e-02 1.291744709014892578e-01 4.947130382061004639e-02 3.215793520212173462e-02 2.947135083377361298e-02 2.077648974955081940e-02 1.660196110606193542e-02 5.488542839884757996e-03 1.911682076752185822e-02 1.530941482633352280e-02 1.425649505108594894e-02 1.149602234363555908e-02 3.981073573231697083e-02 1.666990108788013458e-02 1.592555455863475800e-02 2.431142330169677734e-02 4.073290154337882996e-02 5.591984838247299194e-02 4.894039779901504517e-02 3.933710232377052307e-02 4.295191913843154907e-02 3.839577734470367432e-02 2.298927120864391327e-02 3.303498774766921997e-02 3.251720219850540161e-02 6.378331687301397324e-03 1.537444908171892166e-02 4.912494216114282608e-03 3.625881299376487732e-02 1.138428226113319397e-02 1.122438628226518631e-02 2.555350586771965027e-02 1.354045933112502098e-03 8.142215199768543243e-03 1.697778888046741486e-02 2.173744328320026398e-02 1.732558384537696838e-02 2.657467499375343323e-02 6.796109676361083984e-02 6.855941843241453171e-03 1.665515243075788021e-03 2.235037088394165039e-02 1.014685817062854767e-02 2.719040401279926300e-02 4.698948189616203308e-02 3.326128469780087471e-03 3.513173758983612061e-02 3.833149373531341553e-02 4.632865637540817261e-02 1.639088988304138184e-02 4.300673678517341614e-02 3.664444014430046082e-02 9.408897906541824341e-02 5.178459919989109039e-03 4.784463718533515930e-02 1.892016455531120300e-02 9.688083082437515259e-03 1.905714347958564758e-02 1.124275103211402893e-02 1.880107447504997253e-02 1.339397132396697998e-01 1.135831400752067566e-01 7.354812324047088623e-02 6.355820223689079285e-03 2.357959933578968048e-02 2.499462291598320007e-02 1.036175861954689026e-01 3.324988763779401779e-03 4.229078069329261780e-02 2.330204006284475327e-03 4.625764116644859314e-02 3.793681040406227112e-02 9.478528052568435669e-02 5.841089785099029541e-02 1.320554409176111221e-02 2.666398510336875916e-02 3.778968751430511475e-02 4.624010249972343445e-02 1.302457094425335526e-04 7.402291521430015564e-03 2.010313235223293304e-02 1.465108338743448257e-02 1.893353910418227315e-04 3.910991549491882324e-02 1.707899942994117737e-02 2.423917502164840698e-02 2.708115987479686737e-02 4.254626482725143433e-02 2.521963603794574738e-02 4.120719805359840393e-02 2.510658279061317444e-02 7.508219219744205475e-03 2.958289720118045807e-02 1.838085800409317017e-02 1.638470217585563660e-02 1.744896173477172852e-02 1.720478571951389313e-02 2.258351817727088928e-02 1.154975034296512604e-02 2.746427990496158600e-02
1.806592009961605072e-02 4.104553163051605225e-02 3.018261631950736046e-04 2.097464725375175476e-02 2.076903358101844788e-02 1.484563574194908142e-02 7.363923825323581696e-03 1.962647214531898499e-02 1.005538180470466614e-01 4.798142910003662109e-01 1.481546182185411453e-02 5.044190958142280579e-02 1.914855791255831718e-03 5.530714243650436401e-02 1.623360626399517059e-02 1.715292222797870636e-02 7.286302279680967331e-03 4.938965663313865662e-02 1.131023094058036804e-01 2.655748836696147919e-02 1.342551130801439285e-02 7.866810075938701630e-03 3.465862944722175598e-02 8.329048287123441696e-04 2.823374979197978973e-02 5.455962382256984711e-03 4.231987986713647842e-03 1.684211567044258118e-02 3.454622253775596619e-02 1.025486923754215240e-02 1.368430908769369125e-02 1.461220905184745789e-03 3.946852684020996094e-02 1.449416484683752060e-02 1.665066741406917572e-02 2.293834835290908813e-02 3.180682286620140076e-02 3.630056604743003845e-02 7.838355749845504761e-02 4.361587017774581909e-02 2.161049284040927887e-02 1.037630252540111542e-02 3.910097107291221619e-02 5.575560964643955231e-03 2.135748602449893951e-02 3.253200650215148926e-02 1.553290523588657379e-02 1.038621552288532257e-02 5.245419964194297791e-02 3.143309429287910461e-02 5.480100959539413452e-02 1.025941502302885056e-02 9.788195602595806122e-03 6.871926598250865936e-03 8.825087919831275940e-03 2.713240124285221100e-02 7.474523037672042847e-03 3.198722749948501587e-02 4.496604669839143753e-03 1.564606092870235443e-02 1.712960749864578247e-02 1.923773251473903656e-02 3.916358575224876404e-02 4.054175689816474915e-02 2.800532057881355286e-02 4.316080734133720398e-02 2.263006009161472321e-02 1.951849460601806641e-02 8.751700632274150848e-03 1.319493912160396576e-02 3.236321359872817993e-02 4.259268566966056824e-02 1.037009712308645248e-02 4.031601548194885254e-02 5.017860606312751770e-02 1.501889526844024658e-02 7.182799745351076126e-03 2.023592740297317505e-01 2.952532842755317688e-02 1.214862018823623657e-01 1.759304665029048920e-02 2.421590127050876617e-02 1.200584508478641510e-02 7.739768177270889282e-02 4.474298283457756042e-02 4.228172451257705688e-02 5.254971981048583984e-02 2.554472163319587708e-02 1.079855393618345261e-02 6.414429843425750732e-02 4.469931498169898987e-02 3.793476149439811707e-02 3.036063909530639648e-02 4.806381836533546448e-02 3.988925367593765259e-03 5.120367743074893951e-03 9.078650735318660736e-03 8.864518254995346069e-03 3.337048366665840149e-02 4.540961235761642456e-02 7.450779434293508530e-03 4.416952840983867645e-03 3.093095868825912476e-02 7.858141325414180756e-03 2.301251888275146484e-02 5.347418133169412613e-03 2.193918917328119278e-03 5.020773783326148987e-02 1.181607134640216827e-02 4.288487136363983154e-02 3.304136171936988831e-02 1.217468641698360443e-02 4.704590141773223877e-02 2.133826538920402527e-02 1.117194257676601410e-02 3.608683496713638306e-02
1.910040229558944702e-01 6.699129939079284668e-02 1.307517476379871368e-02 1.773499883711338043e-02 1.288959663361310959e-02 4.216530546545982361e-02 2.095290832221508026e-02 2.501979283988475800e-02 3.310466185212135315e-02 1.481546182185411453e-02 4.714676439762115479e-01 3.732592239975929260e-02 1.549360305070877075e-01 1.623540371656417847e-02 3.842725232243537903e-02 1.229314040392637253e-02 1.612257398664951324e-02 2.246193960309028625e-02 2.456773258745670319e-02 5.152815487235784531e-03 2.237654477357864380e-02 2.558830380439758301e-02 1.920560374855995178e-02 1.401198655366897583e-02 4.528915882110595703e-02 5.238401703536510468e-03 9.965858422219753265e-03 2.126366086304187775e-02 7.714401930570602417e-02 3.274341579526662827e-03 2.982703037559986115e-02 3.601115569472312927e-02 2.445339970290660858e-02 1.891338080167770386e-02 1.647503487765789032e-02 4.854650795459747314e-02 1.992893591523170471e-02 4.926142748445272446e-03 2.842967025935649872e-02 1.894779689610004425e-02 2.410205639898777008e-02 1.041816640645265579e-02 4.309739172458648682e-02 3.799546044319868088e-03 1.234900020062923431e-02 5.189104005694389343e-02 1.002684161067008972e-01 1.344618853181600571e-02 1.251407153904438019e-02 3.262311592698097229e-02 4.859327897429466248e-02 6.747828330844640732e-03 9.214619174599647522e-03 3.760950639843940735e-03 2.490856498479843140e-02 3.515252098441123962e-02 1.945699192583560944e-02 5.193297564983367920e-02 3.490486741065979004e-02 2.538018301129341125e-02 4.872205853462219238e-02 2.213052101433277130e-02 2.937820367515087128e-02 9.668841026723384857e-03 7.954659312963485718e-02 3.176038712263107300e-02 4.897810891270637512e-02 2.003858797252178192e-02 2.320845611393451691e-02 3.526362124830484390e-03 4.565619304776191711e-02 4.743795469403266907e-02 3.795396164059638977e-02 2.901377901434898376e-02 1.581826433539390564e-02 3.890283033251762390e-02 3.655317798256874084e-02 2.031429111957550049e-02 1.996071077883243561e-02 2.897141315042972565e-02 1.785385422408580780e-02 1.216510543599724770e-03 3.040804341435432434e-02 4.338944703340530396e-02 1.808201149106025696e-02 2.337258495390415192e-02 4.198899492621421814e-03 1.041821949183940887e-02 1.772875711321830750e-02 2.487956732511520386e-02 9.116701781749725342e-02 2.690188772976398468e-02 7.326153665781021118e-02 1.954048871994018555e-02 1.444378722226247191e-04 6.627556285820901394e-04 3.653332823887467384e-03 1.503147464245557785e-02 7.683193543925881386e-04 4.628498107194900513e-03 2.648056112229824066e-02 3.297713026404380798e-02 1.197022758424282074e-02 1.747243851423263550e-02 2.168738283216953278e-03 1.657138206064701080e-02 4.432315006852149963e-02 2.258880622684955597e-02 1.878638379275798798e-02 9.781785309314727783e-03 2.092756330966949463e-02 8.233942091464996338e-03 7.050162646919488907e-03 3.619445487856864929e-02 2.592943981289863586e-02 3.036559559404850006e-02
8.288449607789516449e-03 1.009867340326309204e-02 3.540012612938880920e-02 1.802912726998329163e-02 4.035463184118270874e-02 4.830699786543846130e-02 3.744556382298469543e-02 3.595757856965065002e-02 3.014974854886531830e-02 5.044190958142280579e-02 3.732592239975929260e-02 4.856017529964447021e-01 5.353516712784767151e-02 1.591380983591079712e-01 3.565862402319908142e-02 9.882462210953235626e-03 3.578841686248779297e-02 4.775201901793479919e-02 2.251838520169258118e-02 3.290171921253204346e-02 2.547373436391353607e-02 1.293649338185787201e-02 1.777774281799793243e-02 1.193449646234512329e-02 5.217402800917625427e-02 3.575926274061203003e-02 5.144316703081130981e-02 9.054107218980789185e-02 1.689900830388069153e-02 1.122031360864639282e-01 5.386938527226448059e-02 1.608244888484477997e-02 4.558487981557846069e-02 1.241963822394609451e-02 3.258025273680686951e-02 3.997517749667167664e-02 1.385021256282925606e-03 2.785947546362876892e-02 1.558470446616411209e-02 1.655964762903749943e-03 7.602722384035587311e-03 3.400382772088050842e-02 6.405289750546216965e-03 4.187589883804321289e-02 8.114595711231231689e-02 2.845760993659496307e-02 1.061692833900451660e-03 3.429834917187690735e-02 4.004339873790740967e-02 2.504300326108932495e-02 1.601983793079853058e-02 2.490709908306598663e-02 3.384496271610260010e-02 4.016279801726341248e-02 4.916656762361526489e-02 7.545150350779294968e-03 9.981077164411544800e-03 2.269787341356277466e-02 1.781192794442176819e-02 4.848773404955863953e-02 1.382769178599119186e-02 5.622500553727149963e-03 4.265056923031806946e-02 4.334848374128341675e-03 1.524998899549245834e-02 1.873821578919887543e-02 1.455345097929239273e-02 7.123585790395736694e-03 3.518441226333379745e-03 1.005175057798624039e-02 6.545677781105041504e-02 3.212550655007362366e-02 9.430655278265476227e-03 3.486300259828567505e-02 1.480684336274862289e-02 2.009567432105541229e-02 2.983274124562740326e-02 4.173457249999046326e-02 1.811496354639530182e-02 5.330899357795715332e-02 3.914565220475196838e-02 4.382053017616271973e-02 1.677259430289268494e-02 2.635343698784708977e-03 8.557882159948348999e-03 9.734691120684146881e-03 4.120797663927078247e-02 3.238800168037414551e-02 1.288665272295475006e-02 1.219673678278923035e-01 2.194436825811862946e-02 1.302078366279602051e-02 3.575564362108707428e-03 2.284993976354598999e-02 3.576170653104782104e-02 1.501414272934198380e-02 1.839478686451911926e-02 5.695775616914033890e-03 1.642615720629692078e-02 1.567886397242546082e-02 8.921882137656211853e-03 6.657228805124759674e-03 1.351970061659812927e-02 3.934079036116600037e-02 3.958058729767799377e-02 3.641686961054801941e-02 2.670765481889247894e-02 2.022604644298553467e-02 8.039955719141289592e-05 3.093511052429676056e-02 7.901872508227825165e-03 7.757542189210653305e-03 7.198420818895101547e-03 4.301485046744346619e-02 4.332316573709249496e-03 4.185475781559944153e-02
1.125058829784393311e-01 1.585599184036254883e-01 2.057799324393272400e-02 5.118170380592346191e-02 3.569601848721504211e-02 1.555487420409917831e-02 5.874674394726753235e-02 1.000538188964128494e-02 3.690617904067039490e-02 1.914855791255831718e-03 1.549360305070877075e-01 5.353516712784767151e-02 4.825111627578735352e-01 1.556196901947259903e-02 6.475932430475950241e-03 9.452697820961475372e-03 1.803449355065822601e-02 8.055159822106361389e-03 1.358068082481622696e-02 1.753455586731433868e-02 6.153791211545467377e-03 2.913676016032695770e-02 3.976106643676757812e-02 2.510615251958370209e-02 4.346187785267829895e-02 3.477789089083671570e-02 2.904822491109371185e-02 1.955244923010468483e-03 5.283264443278312683e-02 1.682262308895587921e-02 1.293285787105560303e-01 1.203882601112127304e-02 2.448898181319236755e-02 2.723786421120166779e-02 3.174978122115135193e-02 6.434417795389890671e-03 8.260725880973041058e-04 9.530520066618919373e-03 1.214011572301387787e-02 4.551326390355825424e-03 5.394927691668272018e-03 3.380519896745681763e-02 1.546247582882642746e-02 1.159026403911411762e-03 3.466894850134849548e-02 3.765062242746353149e-02 5.011450033634901047e-03 9.282151237130165100e-03 5.476631596684455872e-02 9.546469897031784058e-03 1.478397194296121597e-02 2.418481558561325073e-02 8.219837211072444916e-03 9.048441424965858459e-03 3.296586498618125916e-02 1.889935135841369629e-02 4.129290580749511719e-02 3.655507043004035950e-02 2.438989095389842987e-02 2.051062323153018951e-02 4.031211137771606445e-02 1.688206754624843597e-02 4.263438284397125244e-02 5.595814809203147888e-02 1.703169010579586029e-02 5.906817689538002014e-02 2.930769510567188263e-02 3.641605004668235779e-02 5.449582263827323914e-02 4.869680106639862061e-02 5.034494027495384216e-02 1.965487189590930939e-02 3.134426102042198181e-02 2.174240909516811371e-02 3.362747281789779663e-02 1.283088419586420059e-02 1.743118395097553730e-03 4.654212668538093567e-02 1.401253230869770050e-02 4.614819586277008057e-02 7.027875166386365891e-03 3.441201895475387573e-02 3.457130864262580872e-02 1.776560768485069275e-02 4.691526293754577637e-03 4.040028899908065796e-02 2.131785638630390167e-02 2.537720836699008942e-02 4.911262169480323792e-02 1.613762788474559784e-02 4.597425926476716995e-03 2.900139242410659790e-02 8.914579637348651886e-03 1.382118184119462967e-02 2.076931670308113098e-02 3.157309815287590027e-02 1.964017428690567613e-04 1.418291032314300537e-02 2.634207345545291901e-02 4.111095145344734192e-02 2.717548795044422150e-02 1.162362191826105118e-02 5.500827915966510773e-03 3.060698136687278748e-02 2.273501269519329071e-02 2.745509147644042969e-03 8.656982332468032837e-03 3.849155455827713013e-02 3.133989498019218445e-02 3.803135827183723450e-02 4.524635523557662964e-02 4.878845065832138062e-02 5.135184526443481445e-02 5.660320445895195007e-02 2.730848267674446106e-02 4.341603780630975962e-04
