5.061852931976318359e-01 1.180831491947174072e-01 2.745005674660205841e-02 3.285228088498115540e-02 4.097024351358413696e-02 1.121479570865631104e-01 8.769049495458602905e-02 2.584164217114448547e-02 3.604997321963310242e-02 6.705523002892732620e-03 1.292384862899780273e-01 3.580379858613014221e-02 1.034856587648391724e-01 2.408556453883647919e-02 3.698416426777839661e-02 2.295037358999252319e-02 2.892974577844142914e-02 1.909711584448814392e-02 1.844317279756069183e-02 1.847933232784271240e-02 4.300678521394729614e-02 3.092335164546966553e-02 4.166077449917793274e-02 3.166982904076576233e-02 7.364925928413867950e-03 1.159868668764829636e-02 6.505034118890762329e-02 1.511841639876365662e-02 1.546544674783945084e-02 4.378607124090194702e-02 2.847587456926703453e-03 1.937860995531082153e-02 5.476405378431081772e-03 2.097384817898273468e-02 1.994089409708976746e-02 5.247058719396591187e-02 2.888289839029312134e-02 1.527990400791168213e-02 3.536858782172203064e-02 3.851191699504852295e-02 3.144909441471099854e-02 3.887561708688735962e-02 2.502101846039295197e-02 2.862748876214027405e-02 1.953412283910438418e-04 3.954234533011913300e-03 8.217922598123550415e-02 2.823675237596035004e-02 3.963238000869750977e-02 3.816375508904457092e-02 1.133476756513118744e-02 8.336378959938883781e-05 8.952777832746505737e-03 2.085047960281372070e-02 2.834450639784336090e-02 6.092924252152442932e-02 3.780371695756912231e-02 1.057708077132701874e-02 3.129001334309577942e-02 3.350249677896499634e-02 3.370635211467742920e-02 3.938686847686767578e-02 3.746803849935531616e-02 1.807235181331634521e-02 1.121826004236936569e-02 1.572472415864467621e-02 1.277512311935424805e-02 4.512384533882141113e-02 4.798328131437301636e-02 9.574792347848415375e-03 2.300195582211017609e-02 1.572392508387565613e-02 1.933141797780990601e-02 3.011390939354896545e-02 3.414204344153404236e-03 4.443547874689102173e-02 3.510767221450805664e-02 3.243514522910118103e-02 1.489439327269792557e-02 1.921460032463073730e-02 4.947796463966369629e-02 2.237636595964431763e-02 8.263124153017997742e-03 7.816783036105334759e-04 4.229943081736564636e-02 3.211563453078269958e-02 1.011450588703155518e-02 3.316405788064002991e-02 3.159367293119430542e-02 3.417817130684852600e-02 3.636057674884796143e-02 2.895967289805412292e-02 2.751979511231184006e-03 3.786162286996841431e-02 4.414703324437141418e-02 4.354206845164299011e-02 7.663893979042768478e-03 2.725486084818840027e-02 2.301744185388088226e-02 4.917530715465545654e-02 3.528734378051012754e-04 3.396794572472572327e-02 6.876044906675815582e-03 1.391914766281843185e-02 3.242511302232742310e-02 2.937503345310688019e-02 8.529890328645706177e-03 4.899023845791816711e-02 1.894276961684226990e-02 1.267026993446052074e-03 2.027806453406810760e-02 1.006712298840284348e-02 6.480897776782512665e-03 2.536382339894771576e-02 4.895003512501716614e-02 3.318846225738525391e-02
1.180831491947174072e-01 5.017433166503906250e-01 3.568246588110923767e-02 2.346478588879108429e-02 1.776305399835109711e-02 7.668358832597732544e-02 1.025901809334754944e-01 1.202254835516214371e-02 4.411513730883598328e-02 2.087347023189067841e-02 1.467780321836471558e-01 3.454042598605155945e-02 1.328146308660507202e-01 1.231711637228727341e-02 4.141300544142723083e-02 1.601682975888252258e-02 9.455095045268535614e-03 1.986127905547618866e-02 3.282432910054922104e-03 4.146865010261535645e-02 1.278027240186929703e-02 1.765319891273975372e-02 3.400143934413790703e-03 7.169804070144891739e-03 4.390297923237085342e-03 2.257100865244865417e-02 3.799995407462120056e-03 2.725033648312091827e-02 3.079617209732532501e-02 5.608145147562026978e-04 2.191383205354213715e-02 6.032551452517509460e-02 1.391914952546358109e-02 4.772279784083366394e-02 2.738799527287483215e-02 4.789602383971214294e-02 3.755389153957366943e-02 3.546864911913871765e-02 4.775271564722061157e-02 2.813686430454254150e-02 4.345124959945678711e-02 2.715140022337436676e-02 2.163916826248168945e-02 6.023425376042723656e-04 1.521012652665376663e-02 3.370502218604087830e-02 7.210952788591384888e-02 3.974654152989387512e-02 7.204038091003894806e-03 1.486265286803245544e-02 3.258262574672698975e-02 2.587138488888740540e-02 1.316099520772695541e-02 1.981158368289470673e-02 2.969872951507568359e-02 3.053757362067699432e-02 1.821224205195903778e-02 7.813851349055767059e-03 6.724654813297092915e-04 1.527328789234161377e-02 2.602799981832504272e-02 2.147922664880752563e-02 5.039824917912483215e-02 3.109216503798961639e-02 2.947842236608266830e-03 8.764816448092460632e-03 3.063010796904563904e-02 1.929123303852975368e-03 5.425895377993583679e-02 1.917730271816253662e-02 2.375615015625953674e-02 1.093813311308622360e-02 2.137955278158187866e-02 1.072958204895257950e-02 1.103347726166248322e-02 1.079974044114351273e-02 6.060174200683832169e-03 2.238110452890396118e-02 3.748383745551109314e-02 3.277601674199104309e-03 4.394466802477836609e-02 4.871862009167671204e-02 1.595481298863887787e-02 4.195482004433870316e-03 5.125887691974639893e-04 3.896916657686233521e-02 1.722274348139762878e-02 2.935227192938327789e-02 2.405572123825550079e-02 2.154893614351749420e-02 9.896636009216308594e-03 3.715718863531947136e-03 1.761130802333354950e-02 3.146511688828468323e-02 1.851712167263031006e-02 2.929136529564857483e-02 8.992173708975315094e-03 2.348053082823753357e-02 4.188622906804084778e-02 5.490046739578247070e-02 4.026446118950843811e-02 4.262334480881690979e-02 1.806502230465412140e-02 1.124144345521926880e-02 1.811664551496505737e-02 3.489287942647933960e-02 3.473828360438346863e-02 3.528298065066337585e-02 2.749434486031532288e-02 4.794165864586830139e-02 9.824736043810844421e-04 5.703296512365341187e-02 1.684819161891937256e-02 8.539952337741851807e-03 3.764327242970466614e-02 3.305567055940628052e-02
2.745005674660205841e-02 3.568246588110923767e-02 4.864758551120758057e-01 5.151544883847236633e-02 3.564105182886123657e-02 2.545811934396624565e-03 1.230804342776536942e-02 1.441164761781692505e-01 8.498721872456371784e-04 4.189801961183547974e-02 7.450914476066827774e-03 3.919687494635581970e-02 8.491966873407363892e-03 3.675517393276095390e-03 5.258224532008171082e-02 2.802389115095138550e-02 1.331396400928497314e-02 4.572814330458641052e-02 1.564979203976690769e-03 4.531628265976905823e-02 3.614026121795177460e-03 4.979603737592697144e-02 5.479671992361545563e-03 7.063139695674180984e-03 1.309336721897125244e-02 7.978542707860469818e-03 4.131605476140975952e-02 1.365882530808448792e-02 2.122884616255760193e-02 2.282023616135120392e-02 3.848925605416297913e-02 3.382140025496482849e-02 2.782496158033609390e-04 1.101621333509683609e-02 7.738693151623010635e-03 3.951245173811912537e-02 4.359173774719238281e-02 2.906749397516250610e-02 5.812247283756732941e-03 2.800840698182582855e-02 3.307962790131568909e-02 7.136544678360223770e-03 3.028626553714275360e-02 4.614278208464384079e-03 4.269321262836456299e-02 2.184867486357688904e-02 3.333103284239768982e-02 1.782442443072795868e-02 2.917996048927307129e-02 1.161871710792183876e-03 1.482085324823856354e-02 4.577649757266044617e-03 1.692212000489234924e-02 2.531049400568008423e-02 2.724338695406913757e-02 1.472326181828975677e-02 5.595622211694717407e-02 1.886323094367980957e-02 2.521973662078380585e-02 5.025142058730125427e-02 3.515059500932693481e-02 9.337830357253551483e-03 2.074990421533584595e-02 7.966714911162853241e-03 2.541468478739261627e-02 2.723601087927818298e-02 1.093860156834125519e-02 2.001534961163997650e-02 7.575627416372299194e-03 1.767004095017910004e-02 1.729817688465118408e-02 2.074368298053741455e-02 1.728076487779617310e-02 6.581082940101623535e-03 4.785199463367462158e-02 2.544395998120307922e-02 2.517627319321036339e-03 2.139418944716453552e-02 2.657444775104522705e-02 1.793671585619449615e-02 1.170793846249580383e-01 1.697664707899093628e-01 1.854257471859455109e-02 3.687332943081855774e-02 2.175871282815933228e-02 6.020634435117244720e-03 1.954299211502075195e-02 1.976600103080272675e-02 2.109372988343238831e-02 1.032119616866111755e-02 2.100098179653286934e-03 2.440867247059941292e-03 2.636498212814331055e-02 1.772538013756275177e-02 8.669076487421989441e-04 2.493867417797446251e-03 2.322319149971008301e-02 1.588167436420917511e-02 6.489478051662445068e-03 1.394579187035560608e-02 9.293277747929096222e-03 5.145318340510129929e-03 6.977672688663005829e-03 1.519101951271295547e-02 5.441023036837577820e-02 2.328502759337425232e-02 4.424365609884262085e-02 1.234051305800676346e-02 3.303767740726470947e-02 2.991078607738018036e-02 6.610861979424953461e-03 4.307364299893379211e-02 3.230040427297353745e-03 3.621931001543998718e-02 2.037880010902881622e-02 2.782216109335422516e-02
3.285228088498115540e-02 2.346478588879108429e-02 5.151544883847236633e-02 5.077604651451110840e-01 1.430098265409469604e-01 3.713439777493476868e-02 2.116744779050350189e-02 4.456726461648941040e-02 6.551838479936122894e-03 3.915021941065788269e-02 3.950295597314834595e-02 1.877254061400890350e-02 4.585270211100578308e-02 1.093836035579442978e-02 1.118536852300167084e-02 6.292021367698907852e-03 1.904645562171936035e-02 1.634967699646949768e-02 2.692565508186817169e-02 1.206955127418041229e-02 2.820454724133014679e-02 3.180060163140296936e-02 4.229020327329635620e-02 4.822854325175285339e-02 1.550007890909910202e-02 4.057893995195627213e-03 3.228029236197471619e-03 1.433858275413513184e-02 2.367628767387941480e-04 1.075252797454595566e-02 2.348907664418220520e-02 1.916855201125144958e-02 6.729578133672475815e-03 2.634195610880851746e-02 4.962542559951543808e-03 6.618702318519353867e-03 2.148064039647579193e-02 1.053816266357898712e-02 2.896656095981597900e-02 6.898333877325057983e-02 9.950317442417144775e-03 4.059060476720333099e-03 1.139379339292645454e-03 2.631304971873760223e-02 7.018649484962224960e-03 1.397592201828956604e-02 7.440049666911363602e-03 2.650364674627780914e-02 1.961420476436614990e-02 1.293912064284086227e-02 1.880257204174995422e-02 7.918966002762317657e-03 2.859814651310443878e-02 9.400454349815845490e-03 3.921302780508995056e-02 1.634946279227733612e-02 9.534180862829089165e-04 2.484130114316940308e-02 3.182214498519897461e-02 2.941571362316608429e-02 5.070980265736579895e-02 6.050031259655952454e-02 5.738258827477693558e-03 4.321827366948127747e-02 1.324492506682872772e-02 1.432060636579990387e-02 3.503561485558748245e-03 7.279243320226669312e-03 1.247753575444221497e-02 3.283140808343887329e-02 3.339846385642886162e-03 2.793406322598457336e-02 9.561179578304290771e-02 8.861989714205265045e-03 5.949251353740692139e-02 3.982683178037405014e-03 1.851022243499755859e-02 2.555660717189311981e-02 6.956095807254314423e-03 3.870728611946105957e-02 5.446051433682441711e-02 4.075943492352962494e-03 9.764117002487182617e-02 4.895297437906265259e-02 4.646861180663108826e-02 4.421583563089370728e-02 2.328870818018913269e-03 3.445656737312674522e-03 3.839579224586486816e-02 1.030964031815528870e-02 1.693838275969028473e-03 2.437349967658519745e-02 3.736118669621646404e-04 2.252734079957008362e-02 1.579929515719413757e-02 5.197996273636817932e-03 3.267064318060874939e-02 9.816152043640613556e-03 1.368840411305427551e-02 1.319080498069524765e-02 2.655191347002983093e-02 1.060521323233842850e-02 3.847819194197654724e-02 1.473896857351064682e-02 3.969808667898178101e-02 1.790917851030826569e-02 4.458386078476905823e-02 3.068943321704864502e-02 7.117975968867540359e-03 5.734512209892272949e-02 3.171554952859878540e-02 4.318603500723838806e-02 1.512613985687494278e-02 7.948899641633033752e-03 2.250896766781806946e-02 3.193442523479461670e-02
4.097024351358413696e-02 1.776305399835109711e-02 3.564105182886123657e-02 1.430098265409469604e-01 5.112200975418090820e-01 4.490577057003974915e-02 3.242610767483711243e-02 5.144408717751502991e-02 1.913351565599441528e-02 3.794215247035026550e-02 1.739273779094219208e-02 4.786107689142227173e-02 1.500227395445108414e-02 4.557356610894203186e-02 4.340084269642829895e-02 1.947236806154251099e-02 3.612551093101501465e-02 2.757131308317184448e-02 3.307667374610900879e-02 1.051175966858863831e-02 2.388245798647403717e-02 2.271460369229316711e-02 3.353875828906893730e-03 1.072109024971723557e-02 2.893367595970630646e-02 1.064828783273696899e-02 3.669383237138390541e-03 2.806674689054489136e-02 4.937139805406332016e-03 6.958801299333572388e-03 1.926982402801513672e-02 1.193652395159006119e-02 4.572543129324913025e-02 2.547344751656055450e-02 1.123474724590778351e-02 2.270065434277057648e-02 8.877009153366088867e-03 3.814035654067993164e-02 2.690804749727249146e-02 7.988867908716201782e-02 2.711303345859050751e-02 4.607976879924535751e-03 5.308387801051139832e-03 1.879085414111614227e-02 1.488797087222337723e-02 9.699094109237194061e-03 4.324724525213241577e-02 4.234306514263153076e-02 8.649332448840141296e-03 6.307017058134078979e-03 2.480374183505773544e-03 1.201955229043960571e-02 3.423687815666198730e-02 2.650820277631282806e-02 4.418766126036643982e-03 2.211026288568973541e-02 3.623262047767639160e-02 1.822123676538467407e-02 3.716988489031791687e-02 3.723337873816490173e-02 2.300129272043704987e-02 5.071701854467391968e-02 5.700489133596420288e-02 4.617391899228096008e-02 1.048753038048744202e-02 2.438461780548095703e-02 2.209660410881042480e-02 1.225587818771600723e-02 2.082972228527069092e-02 2.226259186863899231e-02 2.306042797863483429e-02 2.380794845521450043e-02 1.328960955142974854e-01 1.498857140541076660e-02 1.163860112428665161e-01 5.392351187765598297e-03 1.770359836518764496e-02 1.488658878952264786e-02 3.489705547690391541e-02 3.737753955647349358e-03 3.549689054489135742e-02 1.546018477529287338e-02 1.029985472559928894e-01 6.203208491206169128e-02 3.443468362092971802e-02 5.098907649517059326e-02 1.533118891529738903e-03 3.498058533295989037e-03 8.568980544805526733e-02 3.737102821469306946e-02 2.977468632161617279e-02 3.026268631219863892e-02 2.265726216137409210e-02 3.663598746061325073e-02 3.808866813778877258e-02 9.966218844056129456e-03 5.042327940464019775e-02 3.118513710796833038e-02 1.783306244760751724e-03 5.624824669212102890e-03 3.665927052497863770e-02 8.947136811912059784e-03 4.377043619751930237e-02 8.695442229509353638e-03 1.372716203331947327e-02 2.883235178887844086e-02 2.890799380838871002e-02 5.462732166051864624e-02 9.323478676378726959e-03 2.426767162978649139e-02 2.119962871074676514e-02 1.933700591325759888e-02 3.795311227440834045e-02 1.007944438606500626e-02 6.576459854841232300e-03 3.721446543931961060e-02
1.121479570865631104e-01 7.668358832597732544e-02 2.545811934396624565e-03 3.713439777493476868e-02 4.490577057003974915e-02 4.931717813014984131e-01 1.406375467777252197e-01 4.957771394401788712e-03 1.228167861700057983e-02 1.961937546730041504e-02 4.517942667007446289e-02 6.682652980089187622e-02 5.459592863917350769e-02 4.303866997361183167e-02 1.928479783236980438e-02 2.261198125779628754e-02 3.600939363241195679e-02 6.993429269641637802e-03 4.804750531911849976e-02 9.115064516663551331e-03 9.708557277917861938e-03 1.222553849220275879e-02 3.390140086412429810e-02 1.331104431301355362e-02 1.321155112236738205e-02 1.671818643808364868e-02 4.023614898324012756e-02 4.388203844428062439e-02 3.873702511191368103e-02 8.348396047949790955e-03 3.653303906321525574e-02 5.370324105024337769e-02 5.624007899314165115e-03 2.414934709668159485e-02 5.959128960967063904e-03 4.190521314740180969e-02 2.390981279313564301e-02 2.150540426373481750e-02 1.569081214256584644e-03 4.077712818980216980e-02 3.414315730333328247e-02 4.189184680581092834e-02 1.435344200581312180e-02 3.076742775738239288e-02 3.313055261969566345e-02 9.028222411870956421e-03 2.146666869521141052e-02 5.337664484977722168e-02 4.214594513177871704e-02 6.520115304738283157e-03 1.136810611933469772e-02 8.844353258609771729e-03 2.129157260060310364e-02 1.618315652012825012e-02 4.510452970862388611e-02 1.410181913524866104e-02 2.668833360075950623e-02 2.978052711114287376e-03 5.102559458464384079e-03 3.074907884001731873e-02 4.410670325160026550e-02 3.872518241405487061e-02 2.576826512813568115e-02 1.889607869088649750e-02 4.695273935794830322e-03 1.277105137705802917e-02 1.961175724864006042e-02 7.376129738986492157e-03 4.478532448410987854e-02 3.040163032710552216e-02 4.117355123162269592e-02 4.413195326924324036e-02 2.785238064825534821e-02 3.452672972343862057e-04 3.122038394212722778e-02 3.717805445194244385e-02 2.825738489627838135e-02 4.477807669900357723e-04 1.285770907998085022e-02 3.236320242285728455e-02 4.926456883549690247e-02 4.092257469892501831e-02 2.520770952105522156e-02 8.605606853961944580e-03 2.509500086307525635e-02 1.556108240038156509e-02 1.799007528461515903e-03 1.700703799724578857e-02 2.206682786345481873e-02 2.417973056435585022e-02 5.581251159310340881e-02 8.091012947261333466e-03 1.293272059410810471e-02 2.245013788342475891e-02 6.493599619716405869e-03 1.871632039546966553e-02 1.313346531242132187e-02 2.088248543441295624e-02 4.894217103719711304e-02 5.215466395020484924e-02 4.313684999942779541e-02 1.757524535059928894e-02 3.611360490322113037e-02 1.752775278873741627e-03 4.488229379057884216e-02 2.992017194628715515e-03 8.406779170036315918e-02 4.421349987387657166e-02 1.277738343924283981e-02 6.264736875891685486e-03 2.070409100269898772e-04 2.471579052507877350e-02 4.184552002698183060e-03 1.087077520787715912e-02 1.659146510064601898e-02 2.719535678625106812e-02
8.769049495458602905e-02 1.025901809334754944e-01 1.230804342776536942e-02 2.116744779050350189e-02 3.242610767483711243e-02 1.406375467777252197e-01 5.093905925750732422e-01 9.879574179649353027e-03 2.983669936656951904e-02 6.455886363983154297e-02 5.731398984789848328e-02 2.872803888749331236e-04 9.099792689085006714e-02 8.403734862804412842e-02 2.265987545251846313e-02 4.454246163368225098e-02 4.055649787187576294e-02 1.555590424686670303e-02 1.817003265023231506e-02 1.908366568386554718e-02 5.199038609862327576e-02 2.911477640736848116e-04 8.637626655399799347e-03 1.097933016717433929e-02 3.826536983251571655e-02 3.818368911743164062e-02 3.234095871448516846e-02 2.454578690230846405e-02 1.091149752028286457e-03 3.760236501693725586e-02 3.224056214094161987e-02 7.404010277241468430e-03 1.094713900238275528e-02 1.144833676517009735e-02 2.899761870503425598e-02 2.848945558071136475e-02 2.875182311981916428e-03 5.183258652687072754e-02 2.465728297829627991e-02 4.382792115211486816e-02 1.687737181782722473e-02 4.085643589496612549e-02 3.962539881467819214e-02 8.525300770998001099e-03 8.673536777496337891e-02 6.221941486001014709e-02 1.169026121497154236e-01 8.808518946170806885e-02 3.262358158826828003e-02 3.421838581562042236e-02 3.243599832057952881e-02 3.410569950938224792e-02 2.467522770166397095e-02 3.338904678821563721e-02 1.501318416558206081e-03 3.214676305651664734e-02 9.164011105895042419e-03 5.359532311558723450e-02 1.641028374433517456e-02 3.814637660980224609e-03 3.834635252133011818e-03 6.590836681425571442e-03 3.641141112893819809e-03 4.683166369795799255e-02 1.864437013864517212e-02 2.896416373550891876e-02 1.775439083576202393e-02 4.176921024918556213e-02 1.392556936480104923e-03 2.070028893649578094e-02 4.921485483646392822e-02 4.006958380341529846e-02 9.811727330088615417e-03 1.303318538703024387e-03 4.002016037702560425e-02 2.606024965643882751e-02 2.546085789799690247e-02 5.258048768155276775e-04 1.425874605774879456e-02 9.777616709470748901e-03 1.323205186054110527e-03 4.152118414640426636e-02 1.681391708552837372e-02 4.263762757182121277e-02 2.738263458013534546e-02 3.068096190690994263e-02 2.338525280356407166e-02 4.576855525374412537e-02 3.018181771039962769e-02 1.481451839208602905e-02 6.749071180820465088e-02 2.246239595115184784e-02 6.290136277675628662e-02 6.872405763715505600e-03 4.079440608620643616e-02 2.591506019234657288e-02 2.977910824120044708e-02 1.017661392688751221e-02 3.375207260251045227e-02 6.754033733159303665e-03 4.831148311495780945e-03 2.441851422190666199e-02 1.371194981038570404e-02 1.391703821718692780e-02 6.089696660637855530e-03 4.295884817838668823e-02 3.508133441209793091e-02 3.828908130526542664e-02 1.713367179036140442e-03 5.390195176005363464e-02 4.150522500276565552e-02 2.269948273897171021e-02 1.729559525847434998e-02 3.486482053995132446e-02 2.682097256183624268e-02 1.160291675478219986e-02
2.584164217114448547e-02 1.202254835516214371e-02 1.441164761781692505e-01 4.456726461648941040e-02 5.144408717751502991e-02 4.957771394401788712e-03 9.879574179649353027e-03 4.913329780101776123e-01 2.723686583340167999e-02 2.931030001491308212e-03 1.268574036657810211e-02 1.074201427400112152e-02 1.467437297105789185e-02 4.493787139654159546e-02 1.361714676022529602e-02 2.631659060716629028e-02 2.125360816717147827e-02 8.609184995293617249e-03 1.073744054883718491e-02 9.316962212324142456e-03 3.701524436473846436e-02 7.199206389486789703e-03 2.143838629126548767e-02 3.479871153831481934e-02 4.836484044790267944e-02 1.224191952496767044e-02 6.944207008928060532e-03 8.349216659553349018e-04 1.869109831750392914e-02 8.447800762951374054e-03 1.208304148167371750e-02 5.288117006421089172e-02 4.025788977742195129e-03 2.096017263829708099e-02 2.615700010210275650e-03 1.255630981177091599e-02 2.117281965911388397e-02 2.585462108254432678e-02 1.988073810935020447e-02 5.773264914751052856e-03 8.077397011220455170e-03 8.685206063091754913e-03 3.009053179994225502e-03 1.923647709190845490e-02 6.335130892693996429e-03 2.651508525013923645e-02 3.944322094321250916e-02 5.441942811012268066e-02 4.796675592660903931e-02 2.728571183979511261e-03 5.478386301547288895e-03 1.494556665420532227e-02 7.583975791931152344e-02 6.473330315202474594e-03 2.903782948851585388e-02 2.901870757341384888e-02 4.252744838595390320e-02 2.849423140287399292e-02 2.617499232292175293e-02 4.765679687261581421e-02 3.253323212265968323e-02 2.330939657986164093e-02 3.098718449473381042e-02 2.634953707456588745e-03 3.753869235515594482e-02 7.767030037939548492e-03 3.587752114981412888e-03 1.130818948149681091e-02 3.106803167611360550e-03 2.753907255828380585e-02 1.571671292185783386e-02 1.022765785455703735e-02 3.065633773803710938e-02 5.042676255106925964e-02 6.337856408208608627e-03 4.754393547773361206e-02 8.364760316908359528e-03 1.957064121961593628e-02 1.033681444823741913e-02 3.775123879313468933e-02 1.027526780962944031e-01 1.045639365911483765e-01 7.415575906634330750e-03 4.172487556934356689e-02 2.942718937993049622e-02 3.604584559798240662e-02 2.725654467940330505e-02 6.775978952646255493e-02 3.858166560530662537e-02 5.130986124277114868e-02 2.512732148170471191e-02 3.617053478956222534e-02 3.278106078505516052e-02 1.137972250580787659e-02 1.625759713351726532e-02 1.030771620571613312e-02 1.459689065814018250e-02 4.215275868773460388e-02 2.407517284154891968e-03 5.183375906199216843e-03 4.694733396172523499e-02 2.700713276863098145e-02 1.675331592559814453e-02 3.705674037337303162e-02 1.016278844326734543e-02 3.109033219516277313e-03 1.473541092127561569e-02 1.424502115696668625e-02 4.583464190363883972e-02 5.760981701314449310e-03 4.489164426922798157e-02 4.018542822450399399e-03 8.184770122170448303e-03 2.505982108414173126e-02 2.007245272397994995e-02 2.873600926250219345e-03
3.604997321963310242e-02 4.411513730883598328e-02 8.498721872456371784e-04 6.551838479936122894e-03 1.913351565599441528e-02 1.228167861700057983e-02 2.983669936656951904e-02 2.723686583340167999e-02 4.929039180278778076e-01 7.055379450321197510e-02 8.843401446938514709e-03 1.565364561975002289e-02 3.017952479422092438e-02 6.315763294696807861e-02 4.176189005374908447e-02 3.545855730772018433e-02 1.283395476639270782e-02 4.811685532331466675e-02 6.688886787742376328e-03 7.418742403388023376e-03 2.050654590129852295e-02 5.851310677826404572e-03 3.493428975343704224e-02 5.090508493594825268e-04 4.708060622215270996e-02 3.380541130900382996e-02 2.905768342316150665e-02 8.083748817443847656e-02 1.500859158113598824e-03 9.569218754768371582e-02 1.584608480334281921e-02 1.116074714809656143e-02 4.973430559039115906e-02 1.249508094042539597e-02 4.409091174602508545e-02 4.284420516341924667e-03 2.862267382442951202e-02 2.936811931431293488e-02 1.651045866310596466e-02 5.474678706377744675e-03 3.270344436168670654e-02 3.141090972349047661e-03 3.042231500148773193e-02 2.247158251702785492e-02 2.034441009163856506e-02 3.483719378709793091e-02 4.310785734560340643e-04 6.744626909494400024e-02 4.115857928991317749e-02 3.804497793316841125e-02 1.006359793245792389e-02 1.564908772706985474e-02 7.824538275599479675e-03 7.865227013826370239e-02 3.725459426641464233e-02 2.332804910838603973e-02 2.587093412876129150e-02 3.743210341781377792e-03 2.434447221457958221e-02 4.157217964529991150e-02 2.176922746002674103e-02 3.781112655997276306e-02 8.047049865126609802e-03 2.885100198909640312e-03 4.263188317418098450e-02 2.350906655192375183e-02 1.196111179888248444e-02 3.743481636047363281e-02 7.740426063537597656e-02 4.117855429649353027e-02 6.631172448396682739e-02 8.133142255246639252e-03 1.982071436941623688e-02 1.864740625023841858e-02 4.798358306288719177e-02 5.477691534906625748e-03 2.360859960317611694e-01 7.233139127492904663e-02 1.487158797681331635e-02 1.309779472649097443e-03 2.661349438130855560e-02 1.677332073450088501e-02 4.352143965661525726e-03 4.096964374184608459e-02 2.814709767699241638e-02 4.105416312813758850e-02 9.137835004366934299e-04 3.741086274385452271e-02 2.097378484904766083e-02 2.310534380376338959e-02 3.176679834723472595e-02 4.150067269802093506e-02 3.998421877622604370e-02 2.082748338580131531e-02 2.824143692851066589e-02 7.832455448806285858e-03 4.432031512260437012e-02 4.888450354337692261e-02 1.369063183665275574e-02 1.390491239726543427e-02 5.166338756680488586e-03 9.336221031844615936e-03 1.692401431500911713e-02 4.086692258715629578e-02 4.214920103549957275e-03 7.649832218885421753e-02 3.557753562927246094e-02 1.847006380558013916e-02 4.574662819504737854e-02 4.384519066661596298e-03 2.434073947370052338e-02 5.602111574262380600e-03 3.228760138154029846e-02 3.160814568400382996e-02 2.217627875506877899e-02 3.887881059199571609e-03
6.705523002892732620e-03 2.087347023189067841e-02 4.189801961183547974e-02 3.915021941065788269e-02 3.794215247035026550e-02 1.961937546730041504e-02 6.455886363983154297e-02 2.931030001491308212e-03 7.055379450321197510e-02 5.009348988533020020e-01 2.877291664481163025e-02 6.090022623538970947e-02 1.012848876416683197e-02 5.103088915348052979e-02 2.450491487979888916e-02 3.158237785100936890e-02 5.501299723982810974e-02 2.284093573689460754e-02 3.766278922557830811e-02 4.344381392002105713e-03 4.653931409120559692e-02 8.468273095786571503e-03 4.865458980202674866e-02 2.863873168826103210e-02 2.263404801487922668e-02 4.982272163033485413e-02 4.073010757565498352e-02 3.822128102183341980e-02 2.283865027129650116e-02 1.235124841332435608e-02 4.719430953264236450e-02 2.834387309849262238e-02 1.143517158925533295e-02 9.697866626083850861e-03 5.634209141135215759e-02 2.731767483055591583e-02 1.559344120323657990e-02 3.334817243739962578e-03 4.435019940137863159e-02 3.230156004428863525e-02 4.298548027873039246e-02 7.298668846487998962e-03 5.396044254302978516e-02 1.906024478375911713e-02 1.547208987176418304e-02 3.296605497598648071e-02 8.986807428300380707e-03 1.122463587671518326e-02 3.728828951716423035e-02 1.570863574743270874e-01 4.860529303550720215e-02 3.637658804655075073e-02 1.276818942278623581e-02 1.672074431553483009e-03 4.716197773814201355e-02 7.016584277153015137e-02 1.923689618706703186e-03 7.986920885741710663e-03 2.363089099526405334e-02 8.065619505941867828e-03 3.209426254034042358e-02 3.182816505432128906e-02 1.458279415965080261e-02 4.974279180169105530e-02 2.515377476811408997e-02 4.120476916432380676e-02 4.004602506756782532e-02 3.749551624059677124e-02 6.400343030691146851e-02 4.296658560633659363e-02 1.242443919181823730e-01 3.095081076025962830e-02 4.130790382623672485e-02 9.657029993832111359e-03 6.897509563714265823e-03 1.313294097781181335e-02 6.779560446739196777e-02 1.979957967996597290e-01 2.220895513892173767e-02 1.113922521471977234e-01 5.831254646182060242e-03 6.524242926388978958e-04 2.681514620780944824e-02 2.283514291048049927e-02 2.260908484458923340e-02 3.015206009149551392e-02 3.933834657073020935e-02 2.217151969671249390e-02 6.331745535135269165e-03 6.291700154542922974e-02 1.610965095460414886e-02 5.179246887564659119e-02 2.694333717226982117e-02 4.856799170374870300e-02 6.537976674735546112e-03 1.029435731470584869e-02 1.888014189898967743e-02 2.210114896297454834e-02 7.427036296576261520e-03 9.025537408888339996e-03 2.277979068458080292e-02 2.100529707968235016e-02 2.652689069509506226e-02 4.345317929983139038e-02 3.934271633625030518e-02 4.571639373898506165e-02 2.577836066484451294e-02 7.555681280791759491e-03 1.020502299070358276e-02 2.835132647305727005e-03 2.707192115485668182e-02 7.345063146203756332e-03 1.753245852887630463e-02 7.074979599565267563e-03 7.520170765928924084e-04 2.296290174126625061e-02
1.292384862899780273e-01 1.467780321836471558e-01 7.450914476066827774e-03 3.950295597314834595e-02 1.739273779094219208e-02 4.517942667007446289e-02 5.731398984789848328e-02 1.268574036657810211e-02 8.843401446938514709e-03 2.877291664481163025e-02 5.030828714370727539e-01 2.058095298707485199e-02 1.467236876487731934e-01 7.551726419478654861e-03 4.759450256824493408e-02 2.948607876896858215e-02 8.549284189939498901e-03 1.398436352610588074e-02 2.582012210041284561e-03 1.553837023675441742e-02 1.481675542891025543e-02 2.731363847851753235e-02 5.266381800174713135e-02 3.387041017413139343e-02 3.240091726183891296e-02 8.176673203706741333e-03 4.072127118706703186e-02 7.126161456108093262e-02 2.900547720491886139e-02 4.562728852033615112e-02 1.416556909680366516e-02 3.564756363630294800e-02 1.399596594274044037e-02 2.487235702574253082e-02 3.010050021111965179e-02 2.037685178220272064e-02 2.673137746751308441e-02 5.391357466578483582e-02 3.905775398015975952e-02 4.069550707936286926e-02 4.123584181070327759e-02 7.758053019642829895e-03 2.324632182717323303e-02 4.360685870051383972e-02 7.058786693960428238e-03 4.709883127361536026e-03 7.362104952335357666e-02 1.061628572642803192e-03 1.263008173555135727e-02 3.314270451664924622e-02 2.064710296690464020e-02 2.470851410180330276e-03 4.610733315348625183e-02 1.678996160626411438e-02 1.561861578375101089e-02 1.412799954414367676e-02 3.556595882400870323e-03 1.618131808936595917e-02 1.387271843850612640e-02 1.689579710364341736e-02 5.962318740785121918e-03 3.496769070625305176e-02 1.498130615800619125e-02 3.087335499003529549e-03 6.199688836932182312e-02 1.654003933072090149e-02 2.276929561048746109e-03 2.550562284886837006e-02 8.931175805628299713e-03 4.537375271320343018e-02 4.183916375041007996e-02 8.394513279199600220e-03 3.140441328287124634e-02 3.785341605544090271e-02 2.956877648830413818e-02 3.552708774805068970e-02 3.157158941030502319e-02 3.468548506498336792e-02 4.009704291820526123e-02 3.848121687769889832e-02 5.519149824976921082e-02 5.023658741265535355e-03 4.636516794562339783e-02 4.393352195620536804e-02 4.792131483554840088e-02 2.065490745007991791e-02 5.040200054645538330e-02 1.533459778875112534e-02 2.524133399128913879e-02 1.565222255885601044e-02 3.595472313463687897e-03 4.150125756859779358e-02 5.079453438520431519e-02 3.540362045168876648e-02 1.808459125459194183e-02 3.481421386823058128e-03 3.622173517942428589e-02 1.601732335984706879e-02 2.553233131766319275e-02 4.534571990370750427e-02 1.661086641252040863e-02 2.591935731470584869e-02 3.141116350889205933e-02 4.802567884325981140e-02 7.572833448648452759e-03 2.125742100179195404e-02 2.835821360349655151e-02 1.688812114298343658e-02 5.481599364429712296e-03 8.253363892436027527e-03 7.765476591885089874e-03 3.878072649240493774e-02 2.250401303172111511e-02 2.754670567810535431e-02 5.708217993378639221e-02 2.436132915318012238e-02
3.580379858613014221e-02 3.454042598605155945e-02 3.919687494635581970e-02 1.877254061400890350e-02 4.786107689142227173e-02 6.682652980089187622e-02 2.872803888749331236e-04 1.074201427400112152e-02 1.565364561975002289e-02 6.090022623538970947e-02 2.058095298707485199e-02 4.957044422626495361e-01 2.529566548764705658e-02 1.999082118272781372e-01 3.021459467709064484e-02 2.939874865114688873e-02 1.935733295977115631e-02 4.190421476960182190e-02 5.905726552009582520e-02 5.029387027025222778e-02 3.343933448195457458e-02 3.585461154580116272e-02 9.885107725858688354e-02 9.348516166210174561e-02 3.401427716016769409e-02 4.138072952628135681e-02 1.880640350282192230e-02 1.535432189702987671e-01 6.516112387180328369e-02 1.288468390703201294e-01 5.182261392474174500e-02 4.499204084277153015e-02 2.476869150996208191e-02 3.092595934867858887e-02 3.807999566197395325e-02 3.020197153091430664e-02 3.584370389580726624e-02 1.074500754475593567e-02 2.043969463557004929e-03 1.600646786391735077e-02 1.279657054692506790e-02 3.224884159862995148e-03 1.436096895486116409e-02 1.600071974098682404e-02 4.199262708425521851e-02 4.053974524140357971e-02 1.615123078227043152e-02 4.088900238275527954e-02 3.144632279872894287e-02 3.485721722245216370e-02 2.024310268461704254e-02 5.340760946273803711e-02 5.947636440396308899e-03 6.552786566317081451e-03 1.463935524225234985e-02 1.299769151955842972e-02 2.633929438889026642e-02 3.833465278148651123e-02 4.876259341835975647e-02 1.155789662152528763e-02 2.288957685232162476e-02 1.075771637260913849e-02 5.900462623685598373e-03 8.281133137643337250e-03 1.926730200648307800e-02 2.287869341671466827e-02 5.109796673059463501e-02 3.452151268720626831e-02 2.499538287520408630e-02 2.341507375240325928e-02 4.947178438305854797e-02 3.505119122564792633e-03 4.262591525912284851e-02 2.788706496357917786e-02 2.513985894620418549e-02 2.390715293586254120e-02 4.928407073020935059e-02 1.653040200471878052e-02 8.274327032268047333e-03 4.627146199345588684e-02 2.907127700746059418e-02 1.500271540135145187e-02 2.782122977077960968e-02 3.554874286055564880e-02 4.500415176153182983e-02 3.496055677533149719e-02 1.269172411412000656e-02 1.902823895215988159e-02 1.834620535373687744e-02 1.909837685525417328e-02 4.025845602154731750e-02 1.309348456561565399e-02 6.840340327471494675e-03 2.959918044507503510e-02 1.577615737915039062e-02 2.531417272984981537e-02 1.035642810165882111e-03 3.974741697311401367e-02 1.758945733308792114e-02 3.473883867263793945e-02 2.893797494471073151e-02 2.322147786617279053e-02 5.486000794917345047e-03 3.892001882195472717e-02 1.462987158447504044e-02 2.580559579655528069e-03 3.790248930454254150e-02 1.816181652247905731e-02 2.519909478724002838e-02 1.588754542171955109e-02 3.189234808087348938e-02 3.330454230308532715e-02 1.314144954085350037e-02 3.713705390691757202e-02 2.146952785551548004e-03 1.735780388116836548e-02
1.034856587648391724e-01 1.328146308660507202e-01 8.491966873407363892e-03 4.585270211100578308e-02 1.500227395445108414e-02 5.459592863917350769e-02 9.099792689085006714e-02 1.467437297105789185e-02 3.017952479422092438e-02 1.012848876416683197e-02 1.467236876487731934e-01 2.529566548764705658e-02 5.199182629585266113e-01 2.349101193249225616e-02 6.631492823362350464e-02 2.349617704749107361e-02 1.855027489364147186e-02 2.662771381437778473e-03 1.491574384272098541e-02 4.791734740138053894e-03 3.068019822239875793e-02 8.203498274087905884e-02 2.607237175107002258e-02 3.218713030219078064e-02 4.748240858316421509e-02 1.823920384049415588e-02 7.208035141229629517e-02 3.313457593321800232e-03 1.075280364602804184e-02 4.605534672737121582e-02 5.544979870319366455e-02 1.384208444505929947e-02 3.809335827827453613e-02 2.685296908020973206e-02 3.077229112386703491e-02 4.228850454092025757e-02 4.800325259566307068e-02 1.147362962365150452e-02 4.789739474654197693e-02 4.695571586489677429e-02 2.277416735887527466e-02 3.800714388489723206e-02 3.517193347215652466e-02 2.650345116853713989e-02 6.854607723653316498e-03 5.615459755063056946e-03 7.465235888957977295e-02 3.433556854724884033e-02 3.074428811669349670e-02 9.623278747312724590e-04 2.971849404275417328e-02 3.568371385335922241e-02 5.642545293085277081e-04 2.253078483045101166e-02 2.591001614928245544e-02 3.145710751414299011e-02 3.920091688632965088e-02 3.591280803084373474e-02 2.141944319009780884e-02 3.008329868316650391e-02 3.968456760048866272e-02 3.977051749825477600e-02 3.537906706333160400e-02 6.472953595221042633e-03 4.538006335496902466e-02 6.830489635467529297e-02 2.018891088664531708e-02 4.430161416530609131e-02 3.848498314619064331e-02 3.226700425148010254e-02 3.518361970782279968e-02 1.405828283168375492e-03 2.041372470557689667e-02 3.163173049688339233e-02 3.386477753520011902e-02 3.748698532581329346e-02 1.492484379559755325e-02 3.400320932269096375e-02 1.606898941099643707e-02 1.111549418419599533e-02 3.295063599944114685e-02 1.721858716337010264e-04 3.880827873945236206e-02 4.887653514742851257e-03 4.184920713305473328e-02 2.467476530000567436e-03 2.774480171501636505e-02 4.376796260476112366e-02 2.808525599539279938e-02 3.768574679270386696e-03 1.428576651960611343e-02 4.425489157438278198e-02 3.183947503566741943e-02 6.865964084863662720e-02 7.724029943346977234e-03 4.197859391570091248e-02 1.701189205050468445e-02 1.674752868711948395e-02 4.283857718110084534e-02 4.483070224523544312e-02 2.224493212997913361e-02 3.030748665332794189e-02 4.037094768136739731e-03 1.203431468456983566e-02 2.629245072603225708e-02 5.843032617121934891e-03 4.527127742767333984e-02 2.648876421153545380e-02 1.327912788838148117e-02 2.050395309925079346e-02 5.434128921478986740e-03 1.650723442435264587e-02 4.208859987556934357e-03 3.024011477828025818e-02 1.195686496794223785e-02 4.053201526403427124e-02
