4.854245483875274658e-01 2.224490493535995483e-01 4.286798089742660522e-02 1.961179077625274658e-02 2.972630970180034637e-02 4.501920193433761597e-02 1.708866283297538757e-02 4.702602513134479523e-03 2.853872813284397125e-02 2.509767375886440277e-02 3.594095259904861450e-02 1.022589579224586487e-02 4.579373076558113098e-02 5.144280195236206055e-02 7.432033307850360870e-03 8.485150337219238281e-02 6.727339327335357666e-02 2.950360998511314392e-02 4.506171867251396179e-02 6.644788384437561035e-02 7.356202229857444763e-03 4.329092055559158325e-02 7.695366628468036652e-03 3.883660212159156799e-02 1.404924783855676651e-02 3.596983733586966991e-04 3.948025405406951904e-02 3.057519905269145966e-02 3.396749123930931091e-02 4.147487878799438477e-02 2.813007496297359467e-02 1.943010650575160980e-02 1.131465472280979156e-02 1.029327604919672012e-02 4.795361682772636414e-02 4.697296023368835449e-02 4.565843194723129272e-02 2.457076311111450195e-02 4.505366459488868713e-02 9.011394530534744263e-02 1.038803067058324814e-02 4.348556324839591980e-02 4.049910977482795715e-02 1.676691882312297821e-02 2.580661326646804810e-02 2.690235152840614319e-03 3.058348223567008972e-02 4.468167573213577271e-02 2.885544672608375549e-02 3.701050579547882080e-02 1.504789385944604874e-02 7.217752281576395035e-03 5.425606854259967804e-03 8.837170898914337158e-04 2.408177405595779419e-02 4.649270325899124146e-02 3.035276383161544800e-02 1.185096986591815948e-02 7.642602175474166870e-02 2.647666260600090027e-02 4.291792213916778564e-02 4.832410439848899841e-02 1.483440119773149490e-02 9.003175655379891396e-04 4.151462018489837646e-02 3.956994414329528809e-02 2.503244392573833466e-02 1.658668508753180504e-03 1.456130202859640121e-02 5.283172708004713058e-03 1.503447256982326508e-02 2.023183368146419525e-02 2.022583782672882080e-02 3.016344830393791199e-02 3.266391158103942871e-02 3.291523456573486328e-02 1.104295440018177032e-02 5.222178297117352486e-04 1.722299680113792419e-02 5.355947464704513550e-02 1.391222514212131500e-02 7.989706471562385559e-03 2.742052637040615082e-02 4.347340762615203857e-02 2.667552791535854340e-03 3.096087463200092316e-02 1.335050445050001144e-02 1.907849684357643127e-02 3.621550276875495911e-02 2.690873667597770691e-02 2.258760295808315277e-02 5.151804536581039429e-02 3.523098304867744446e-02 4.342696443200111389e-02 4.334434866905212402e-02 4.389788582921028137e-02 3.710143268108367920e-02 3.013832867145538330e-02 3.434962034225463867e-02 1.538558630272746086e-03 2.593703940510749817e-02 1.499790605157613754e-02 2.865657582879066467e-02 2.403724566102027893e-02 4.394096136093139648e-02 5.144533887505531311e-02 3.787668654695153236e-03 7.291986607015132904e-03 1.995444856584072113e-02 2.528817160055041313e-03 3.976116888225078583e-03 2.818144857883453369e-02 2.467818371951580048e-02 2.476837253198027611e-03 2.666060626506805420e-02 1.314956136047840118e-02
2.224490493535995483e-01 4.901050031185150146e-01 3.397315740585327148e-02 2.295816689729690552e-02 9.672582149505615234e-03 5.656481161713600159e-02 3.750421851873397827e-02 2.975486591458320618e-02 1.876550167798995972e-02 1.737538725137710571e-02 3.289438039064407349e-02 3.826074674725532532e-02 1.511696726083755493e-02 2.041448839008808136e-02 4.730241373181343079e-03 6.245250999927520752e-02 4.807109758257865906e-02 2.035643905401229858e-02 5.506322905421257019e-02 7.281964644789695740e-03 6.476014386862516403e-03 1.931004226207733154e-02 7.217009086161851883e-03 2.003253251314163208e-02 1.688044890761375427e-02 4.147285968065261841e-02 2.152477018535137177e-02 8.861415088176727295e-03 5.340366158634424210e-03 1.045013195835053921e-03 2.974021248519420624e-03 4.001024179160594940e-03 3.818231867626309395e-03 2.403667941689491272e-02 4.257621243596076965e-02 1.357005815953016281e-02 8.190881460905075073e-03 6.811779923737049103e-03 6.607927381992340088e-02 7.786558568477630615e-02 6.844238843768835068e-03 2.649792097508907318e-02 4.771830886602401733e-02 2.650566771626472473e-02 3.078447096049785614e-02 2.464094758033752441e-02 5.000862106680870056e-02 5.386098474264144897e-02 3.692189604043960571e-02 6.247704848647117615e-03 1.055999193340539932e-02 2.086203172802925110e-02 2.625530771911144257e-02 5.920511670410633087e-03 6.124080717563629150e-02 8.577356114983558655e-03 2.459366805851459503e-02 1.087835431098937988e-02 5.045843496918678284e-02 1.728505827486515045e-02 2.709883265197277069e-02 4.709047824144363403e-02 1.485257409512996674e-02 3.836948191747069359e-03 3.579534590244293213e-02 2.984355390071868896e-02 3.523248806595802307e-02 3.683188185095787048e-02 1.288008317351341248e-02 1.754068885929882526e-03 2.853097394108772278e-03 2.311981841921806335e-02 2.768717147409915924e-02 4.423531517386436462e-02 8.255847729742527008e-03 3.759634867310523987e-02 2.907907962799072266e-02 3.268214315176010132e-02 3.115222789347171783e-02 3.969043865799903870e-02 4.495008662343025208e-02 4.738723114132881165e-02 6.980128586292266846e-02 9.850819408893585205e-02 2.949276566505432129e-02 2.346975170075893402e-02 3.126422688364982605e-02 2.753385342657566071e-02 1.351255457848310471e-02 2.485313639044761658e-02 3.434341028332710266e-02 5.108123645186424255e-02 1.552189700305461884e-02 4.135783761739730835e-02 3.570039570331573486e-02 3.401857987046241760e-02 3.751097247004508972e-02 8.297499269247055054e-03 2.861982025206089020e-02 3.525233268737792969e-02 1.798018999397754669e-02 2.950933016836643219e-02 4.231205955147743225e-02 1.139676850289106369e-02 2.862665802240371704e-02 4.687083512544631958e-02 3.322387859225273132e-02 5.143191292881965637e-02 5.023150518536567688e-02 4.781543742865324020e-03 1.270699594169855118e-02 4.525328986346721649e-03 4.591702297329902649e-02 8.093698881566524506e-03 3.536454588174819946e-02 5.192345008254051208e-02
4.286798089742660522e-02 3.397315740585327148e-02 4.994505047798156738e-01 3.441541269421577454e-02 1.031861547380685806e-02 1.540461461991071701e-02 3.343408554792404175e-02 1.628399342298507690e-01 1.114771608263254166e-02 2.790164388716220856e-02 2.938171289861202240e-02 1.517131645232439041e-02 5.353855341672897339e-02 4.128312692046165466e-03 3.732562437653541565e-02 2.821682207286357880e-02 8.242023177444934845e-03 4.703896492719650269e-02 2.147953398525714874e-02 2.230510488152503967e-02 3.031186573207378387e-02 6.552761048078536987e-02 1.252587698400020599e-02 1.011890079826116562e-02 5.675582680851221085e-03 1.584100769832730293e-03 5.297156050801277161e-03 8.342215791344642639e-03 6.967296358197927475e-03 1.785394968464970589e-03 1.908782124519348145e-02 2.929743938148021698e-02 7.602080702781677246e-03 1.894983835518360138e-02 3.407569229602813721e-02 3.408266976475715637e-02 2.809790894389152527e-02 7.205762434750795364e-03 6.779703497886657715e-02 6.636625528335571289e-02 1.659269072115421295e-02 4.897795990109443665e-02 2.508686855435371399e-02 6.332933157682418823e-02 4.983655642718076706e-03 1.854937151074409485e-02 4.078432545065879822e-02 9.134307503700256348e-03 1.290678791701793671e-02 1.769877411425113678e-02 3.864392405375838280e-03 1.487845927476882935e-02 2.011337690055370331e-02 6.333107501268386841e-02 4.898738861083984375e-02 3.448508912697434425e-03 1.232832483947277069e-02 4.003069177269935608e-02 3.166234493255615234e-02 6.661413353867828846e-04 4.627125803381204605e-03 3.630796819925308228e-02 4.106229171156883240e-02 7.392788305878639221e-03 2.494952827692031860e-02 2.055050618946552277e-02 1.329370308667421341e-02 2.159280702471733093e-02 2.186193317174911499e-02 1.386237237602472305e-02 8.335772901773452759e-03 2.187412790954113007e-02 3.786543011665344238e-02 4.225129634141921997e-02 2.229732088744640350e-02 3.366770967841148376e-02 3.458878782112151384e-04 2.080134116113185883e-02 2.920882310718297958e-03 3.384226188063621521e-02 2.351067662239074707e-01 1.750043779611587524e-01 7.404272910207509995e-03 2.020716294646263123e-02 1.193016767501831055e-03 3.350177314132452011e-03 7.491233944892883301e-02 5.976514145731925964e-02 4.468885436654090881e-02 7.176334038376808167e-04 6.634803023189306259e-03 2.121696807444095612e-02 2.317367680370807648e-02 4.811699502170085907e-03 3.548087179660797119e-02 3.231571242213249207e-02 1.081869099289178848e-02 1.456808578222990036e-02 1.427928823977708817e-02 2.606773003935813904e-02 2.714515477418899536e-02 3.068515844643115997e-02 3.147478029131889343e-02 3.882728889584541321e-02 2.552068792283535004e-02 4.379602149128913879e-02 4.470191895961761475e-02 3.800491243600845337e-02 2.602501399815082550e-02 2.982541359961032867e-02 2.207877486944198608e-02 1.415284723043441772e-02 3.218910470604896545e-02 4.895031824707984924e-02 2.664292603731155396e-02 9.304195642471313477e-03
1.961179077625274658e-02 2.295816689729690552e-02 3.441541269421577454e-02 5.048629641532897949e-01 1.893619149923324585e-01 5.148105323314666748e-03 1.087990310043096542e-02 2.006400562822818756e-02 1.733403466641902924e-02 1.254932675510644913e-02 2.688865177333354950e-02 1.298328675329685211e-02 1.340265665203332901e-02 5.225997418165206909e-03 6.085566803812980652e-02 8.767680265009403229e-04 1.137551106512546539e-02 4.241079092025756836e-03 3.029932640492916107e-02 4.545560106635093689e-02 2.552625164389610291e-02 3.639085590839385986e-02 3.150954097509384155e-02 1.625060662627220154e-02 3.865337371826171875e-02 3.764946013689041138e-02 1.406504213809967041e-02 2.124669775366783142e-02 3.494617342948913574e-02 1.575421541929244995e-02 4.638987779617309570e-02 3.406715765595436096e-02 1.010615844279527664e-02 4.987846687436103821e-02 2.246692590415477753e-02 9.449194185435771942e-03 3.423196822404861450e-02 1.368136890232563019e-02 1.201790571212768555e-01 7.191420346498489380e-02 2.045145630836486816e-02 5.507780984044075012e-02 4.974447190761566162e-03 2.116571180522441864e-02 2.352364547550678253e-02 1.146340277045965195e-02 2.347595803439617157e-02 3.309991210699081421e-02 5.062816664576530457e-02 9.126356802880764008e-03 2.741574775427579880e-03 2.531030215322971344e-02 1.402618922293186188e-02 2.000229200348258018e-03 1.702156104147434235e-02 1.042974088340997696e-02 6.165522336959838867e-02 6.413542199879884720e-03 4.756179824471473694e-02 4.381897300481796265e-02 6.474925577640533447e-02 3.613813221454620361e-02 7.842840626835823059e-03 1.508808927610516548e-03 5.463285744190216064e-02 3.592329099774360657e-02 1.080804411321878433e-02 3.192662820219993591e-02 6.199198961257934570e-02 5.222669988870620728e-02 7.022006064653396606e-02 1.954893209040164948e-02 1.236420199275016785e-01 2.641660347580909729e-02 1.147333011031150818e-01 7.602762430906295776e-02 3.267775103449821472e-02 1.580602303147315979e-02 2.528461627662181854e-02 1.136089954525232315e-02 2.832123264670372009e-02 8.878572843968868256e-03 1.942667365074157715e-02 2.550705894827842712e-02 2.844220958650112152e-02 4.632524028420448303e-02 3.898530267179012299e-03 1.691595651209354401e-02 6.609613448381423950e-02 3.284299001097679138e-02 5.804602988064289093e-03 1.656286790966987610e-02 1.902913488447666168e-02 5.477070808410644531e-02 2.983281202614307404e-02 2.646245062351226807e-03 3.139846026897430420e-02 5.836535990238189697e-02 1.477405987679958344e-02 1.480878796428442001e-02 4.450906440615653992e-02 3.166472166776657104e-02 1.559925358742475510e-02 4.303281381726264954e-02 2.693009003996849060e-02 2.493916079401969910e-03 1.739573478698730469e-02 6.186854839324951172e-02 1.892204582691192627e-02 3.263283148407936096e-02 2.859994769096374512e-03 1.257456745952367783e-02 9.338445030152797699e-03 4.841625690460205078e-02 3.288302198052406311e-02 2.355669438838958740e-02
2.972630970180034637e-02 9.672582149505615234e-03 1.031861547380685806e-02 1.893619149923324585e-01 4.906185269355773926e-01 4.195382446050643921e-02 4.674338176846504211e-02 3.897352144122123718e-02 6.791387498378753662e-02 5.655384156852960587e-03 2.321050316095352173e-02 3.984034061431884766e-02 2.860692329704761505e-02 2.421412803232669830e-02 3.300613537430763245e-02 4.932621866464614868e-02 4.431362822651863098e-02 2.304399572312831879e-02 3.816788643598556519e-02 6.178096868097782135e-03 3.588946163654327393e-02 1.643030531704425812e-02 2.548268064856529236e-02 1.025411579757928848e-02 3.560325130820274353e-02 2.234744094312191010e-02 1.077250391244888306e-02 1.692607067525386810e-02 4.677206650376319885e-02 1.303228549659252167e-02 3.498407080769538879e-02 8.230590261518955231e-03 8.193846791982650757e-03 4.104310180991888046e-03 4.638404026627540588e-02 1.944988407194614410e-02 3.372166678309440613e-02 4.196738451719284058e-02 4.548645392060279846e-02 5.620471388101577759e-02 4.410902410745620728e-02 3.726601973176002502e-02 2.016875706613063812e-02 1.700615510344505310e-02 2.985227480530738831e-02 1.839514821767807007e-02 5.405813571996986866e-04 3.224086761474609375e-02 3.617118811234831810e-03 3.192081674933433533e-02 8.949942421168088913e-04 2.682942152023315430e-02 5.155603960156440735e-02 1.631318032741546631e-02 4.488099738955497742e-02 1.358729228377342224e-02 5.185940302908420563e-03 3.347101062536239624e-02 9.393596090376377106e-03 3.310650587081909180e-02 2.361224405467510223e-02 6.494937837123870850e-02 5.644757766276597977e-03 2.531843958422541618e-03 1.359133608639240265e-02 3.992568328976631165e-02 8.421825245022773743e-03 6.210520863533020020e-03 3.797889500856399536e-02 5.583476647734642029e-02 6.800346821546554565e-02 1.109871454536914825e-02 1.162749603390693665e-01 3.888330236077308655e-02 1.115018352866172791e-01 3.887227550148963928e-02 6.194579880684614182e-03 2.725581871345639229e-03 3.045807778835296631e-02 4.058340564370155334e-02 6.779829505831003189e-03 3.729445487260818481e-02 3.750113770365715027e-02 2.759233862161636353e-02 3.433208912611007690e-02 5.037147924304008484e-02 2.824267931282520294e-02 3.278262168169021606e-02 6.443953514099121094e-02 1.477017719298601151e-02 3.388702869415283203e-02 1.797266677021980286e-02 4.705814272165298462e-02 3.060364350676536560e-02 1.428626384586095810e-02 5.546304746530950069e-04 2.133855037391185760e-02 4.754406958818435669e-02 1.548612862825393677e-02 3.220736235380172729e-02 1.065377704799175262e-02 3.122530132532119751e-02 4.906875640153884888e-02 1.383818499743938446e-02 4.829562455415725708e-02 8.166503906250000000e-02 4.385334625840187073e-02 6.353408563882112503e-03 4.342516511678695679e-02 9.334553964436054230e-03 1.312437932938337326e-02 9.813477285206317902e-03 6.555918604135513306e-03 1.973135769367218018e-02 4.350875318050384521e-02 2.772388234734535217e-02
4.501920193433761597e-02 5.656481161713600159e-02 1.540461461991071701e-02 5.148105323314666748e-03 4.195382446050643921e-02 4.937326312065124512e-01 1.557171344757080078e-01 3.271494433283805847e-02 2.885858342051506042e-02 4.434123635292053223e-02 8.680403977632522583e-02 8.049437776207923889e-03 8.420735597610473633e-02 3.073790296912193298e-02 7.465911656618118286e-02 3.729239851236343384e-02 3.169954568147659302e-02 3.455520048737525940e-02 3.468457609415054321e-02 1.561947428854182363e-04 1.637209672480821609e-03 5.991291720420122147e-03 4.532536491751670837e-02 2.170752175152301788e-02 5.448976159095764160e-02 2.515211515128612518e-02 1.876384951174259186e-02 2.396418014541268349e-03 3.841572254896163940e-02 1.173187047243118286e-02 2.009427733719348907e-02 4.364492744207382202e-02 8.143083192408084869e-03 3.255537943914532661e-03 3.645537048578262329e-02 2.489782497286796570e-02 3.255232051014900208e-02 3.126017376780509949e-02 5.933886393904685974e-03 4.761394485831260681e-02 7.409180048853158951e-03 3.301311284303665161e-02 3.897902742028236389e-02 4.907004162669181824e-02 3.607742860913276672e-02 2.984268404543399811e-02 1.354129314422607422e-01 4.047923535108566284e-02 2.004535123705863953e-02 2.877831831574440002e-02 4.373622313141822815e-02 1.662905700504779816e-02 7.687195390462875366e-02 1.911776699125766754e-02 3.577927127480506897e-02 1.161567401140928268e-02 6.963097956031560898e-03 3.722333535552024841e-02 5.253558978438377380e-02 6.315337866544723511e-02 3.782847896218299866e-02 3.397149965167045593e-02 2.099375054240226746e-02 3.812240064144134521e-02 5.421506613492965698e-02 1.621000282466411591e-02 5.037809722125530243e-03 5.130743142217397690e-03 2.856153808534145355e-02 3.173703700304031372e-02 4.340883716940879822e-02 3.386509045958518982e-02 3.632162883877754211e-02 2.899824269115924835e-02 1.101058907806873322e-02 1.238559465855360031e-02 1.294671837240457535e-02 2.772136591374874115e-02 3.834496811032295227e-02 3.900973498821258545e-02 1.795503869652748108e-02 1.694020070135593414e-02 1.562653295695781708e-02 5.873513408005237579e-03 6.976404227316379547e-03 4.753692075610160828e-02 5.466777086257934570e-02 5.761849135160446167e-02 2.544846199452877045e-02 4.778643138706684113e-03 4.094329103827476501e-02 1.718921959400177002e-02 1.346690673381090164e-02 3.664851887151598930e-03 4.126214236021041870e-02 2.507762517780065536e-03 4.173640161752700806e-02 1.093987654894590378e-02 1.225192099809646606e-02 9.519582614302635193e-03 2.451980300247669220e-02 3.574576461687684059e-03 3.892503678798675537e-02 1.222292240709066391e-02 1.468971837311983109e-02 6.123962625861167908e-02 2.968162111937999725e-02 1.192358601838350296e-02 6.605429202318191528e-02 2.254119701683521271e-02 1.924465969204902649e-02 1.943905279040336609e-02 6.492951419204473495e-03 2.186590246856212616e-02 1.440824475139379501e-02 1.685969904065132141e-02
1.708866283297538757e-02 3.750421851873397827e-02 3.343408554792404175e-02 1.087990310043096542e-02 4.674338176846504211e-02 1.557171344757080078e-01 5.002633929252624512e-01 3.963883034884929657e-03 3.007729351520538330e-02 1.026021316647529602e-02 7.124891877174377441e-02 2.016366831958293915e-02 1.006512716412544250e-01 1.418466400355100632e-02 4.808608442544937134e-02 1.191414147615432739e-02 3.649214049801230431e-03 2.479425072669982910e-02 1.248690579086542130e-02 2.619749866425991058e-02 6.398986093699932098e-03 1.164267072454094887e-03 5.438300222158432007e-02 6.316415965557098389e-02 4.415358975529670715e-02 2.782877720892429352e-02 1.043984014540910721e-02 2.976906113326549530e-02 1.366202998906373978e-02 3.208284964784979820e-03 8.692370727658271790e-03 2.126006409525871277e-02 1.008840277791023254e-02 1.328619010746479034e-02 1.655252091586589813e-02 4.462102055549621582e-02 2.886940166354179382e-02 3.402090445160865784e-02 5.957942921668291092e-03 4.824085906147956848e-02 3.312561661005020142e-02 4.612199217081069946e-02 1.081634499132633209e-02 3.245305269956588745e-02 2.005818858742713928e-02 8.077004924416542053e-03 1.260917782783508301e-01 8.760049939155578613e-02 1.101304404437541962e-02 8.547395467758178711e-03 8.929580450057983398e-03 1.010414678603410721e-02 6.088558584451675415e-02 8.469468913972377777e-03 8.990307338535785675e-03 2.319579571485519409e-02 7.973624393343925476e-03 2.848192490637302399e-02 5.799569562077522278e-02 2.960712648928165436e-02 3.143629804253578186e-02 2.298571541905403137e-02 3.115482628345489502e-02 3.370639681816101074e-02 4.904311522841453552e-02 9.661545045673847198e-03 3.396559879183769226e-02 8.745597675442695618e-03 1.589294150471687317e-02 3.480145940557122231e-03 1.537318527698516846e-02 3.116578981280326843e-02 1.142554730176925659e-02 3.166435519233345985e-03 4.913784097880125046e-03 1.445950567722320557e-02 5.036729201674461365e-02 1.422987040132284164e-02 3.243104740977287292e-02 5.858863703906536102e-03 4.657360911369323730e-02 3.085386566817760468e-02 2.655559219419956207e-02 3.416370227932929993e-02 2.651713229715824127e-02 1.135278725996613503e-03 3.406156599521636963e-02 3.694884851574897766e-02 5.637069698423147202e-03 1.773182861506938934e-02 4.426135681569576263e-03 4.407093860208988190e-03 4.011277854442596436e-02 1.252785441465675831e-04 2.471320144832134247e-02 2.377167344093322754e-03 1.309262029826641083e-02 1.698128506541252136e-02 2.367640472948551178e-02 4.798203241080045700e-03 5.316272377967834473e-02 4.308139905333518982e-02 2.055901475250720978e-02 3.351652994751930237e-02 8.517352864146232605e-03 2.176307514309883118e-02 4.156052321195602417e-02 3.297954797744750977e-02 1.937188440933823586e-03 4.947368055582046509e-02 1.994570903480052948e-02 2.737388573586940765e-02 4.438739735633134842e-03 2.599112316966056824e-02 1.840734109282493591e-02 2.705836668610572815e-02
4.702602513134479523e-03 2.975486591458320618e-02 1.628399342298507690e-01 2.006400562822818756e-02 3.897352144122123718e-02 3.271494433283805847e-02 3.963883034884929657e-03 5.040258765220642090e-01 1.194356475025415421e-02 1.942789927124977112e-02 2.640067972242832184e-02 4.853897914290428162e-02 2.308750897645950317e-02 1.699660159647464752e-02 1.210914254188537598e-01 2.693763375282287598e-02 2.200994826853275299e-02 8.369268849492073059e-03 7.666671182960271835e-03 3.785446751862764359e-03 1.232423074543476105e-02 5.437892675399780273e-02 7.299917284399271011e-03 1.570851542055606842e-02 3.151172026991844177e-02 3.341608121991157532e-02 5.417216941714286804e-02 3.027854114770889282e-02 1.506245974451303482e-02 2.414850518107414246e-02 2.973213791847229004e-02 3.340237960219383240e-02 1.891154533950611949e-05 3.996253386139869690e-02 4.445743560791015625e-02 2.497003227472305298e-02 2.372577786445617676e-02 2.974320016801357269e-02 1.534848753362894058e-02 2.761612646281719208e-02 1.692472398281097412e-02 8.907862007617950439e-03 3.362128138542175293e-02 6.264200806617736816e-02 2.254026383161544800e-02 2.339412458240985870e-02 9.016489610075950623e-03 3.174040466547012329e-02 1.713572070002555847e-02 2.659540250897407532e-02 3.215412795543670654e-02 1.138371229171752930e-02 2.626558020710945129e-02 8.824223652482032776e-03 1.461845915764570236e-02 3.529478609561920166e-02 3.451606258749961853e-02 3.515109419822692871e-02 3.937770426273345947e-02 2.076989505439996719e-03 4.070391505956649780e-02 3.214693069458007812e-02 1.637690328061580658e-02 3.731914609670639038e-02 1.122437417507171631e-02 1.502304337918758392e-03 2.571056038141250610e-02 1.084306929260492325e-02 1.463686930947005749e-03 2.555482275784015656e-02 7.744799833744764328e-03 3.894538804888725281e-02 3.565372526645660400e-02 4.254077747464179993e-02 2.903284505009651184e-02 9.234475903213024139e-03 1.278980518691241741e-03 3.004139289259910583e-03 2.083704434335231781e-02 1.516470219939947128e-02 1.663370579481124878e-01 1.450355052947998047e-01 3.400112688541412354e-02 2.542788349092006683e-02 3.468561545014381409e-02 4.678742587566375732e-02 1.182559505105018616e-01 5.589577555656433105e-02 3.684026887640357018e-03 2.631883369758725166e-03 4.662367701530456543e-02 1.160441152751445770e-02 8.826804347336292267e-03 1.405642833560705185e-02 2.536176517605781555e-02 3.881644830107688904e-02 3.785451501607894897e-02 3.063516877591609955e-02 2.743105217814445496e-02 1.355989836156368256e-02 1.481272373348474503e-02 6.594147533178329468e-03 3.096425160765647888e-02 3.155584260821342468e-02 4.088648036122322083e-02 1.951394602656364441e-02 3.271849080920219421e-02 4.540304467082023621e-02 1.085258089005947113e-02 4.645973443984985352e-02 1.546481158584356308e-02 6.925525609403848648e-03 3.640007227659225464e-03 2.532939612865447998e-02 2.725863270461559296e-02 2.695011720061302185e-02
2.853872813284397125e-02 1.876550167798995972e-02 1.114771608263254166e-02 1.733403466641902924e-02 6.791387498378753662e-02 2.885858342051506042e-02 3.007729351520538330e-02 1.194356475025415421e-02 4.973806440830230713e-01 6.632322072982788086e-02 3.970780596137046814e-02 3.964314609766006470e-02 2.879317104816436768e-02 5.369837861508131027e-03 1.416846923530101776e-02 6.350062042474746704e-02 2.542600035667419434e-02 6.034300848841667175e-02 4.864448681473731995e-02 4.656665772199630737e-02 9.779756655916571617e-04 5.098985135555267334e-02 9.993455372750759125e-03 2.952731773257255554e-02 3.825959935784339905e-02 5.012737214565277100e-02 2.052120864391326904e-02 1.002796180546283722e-02 3.727302653715014458e-03 1.640450395643711090e-02 1.042157178744673729e-03 7.929454557597637177e-03 4.272345826029777527e-02 3.710331767797470093e-02 2.289435826241970062e-02 1.404142938554286957e-02 3.164748102426528931e-02 4.387534037232398987e-02 3.348612412810325623e-02 3.458186611533164978e-02 2.010070951655507088e-03 2.936812303960323334e-02 1.454270165413618088e-02 2.654878888279199600e-03 3.351819887757301331e-02 1.112256571650505066e-02 1.775541156530380249e-02 3.071355074644088745e-02 6.084949150681495667e-02 8.734628558158874512e-03 4.929447174072265625e-02 5.234569311141967773e-02 1.024741068249568343e-04 1.947917044162750244e-02 3.445605561137199402e-02 3.553029894828796387e-02 2.539564855396747589e-03 3.219804167747497559e-02 3.709318861365318298e-02 2.422322891652584076e-02 5.245494097471237183e-02 1.446265261620283127e-02 4.963241517543792725e-02 2.387610822916030884e-02 5.580413620918989182e-03 2.303962223231792450e-02 2.254186943173408508e-02 2.506208792328834534e-02 1.221313979476690292e-02 1.583302952349185944e-02 3.338527679443359375e-02 5.658768117427825928e-02 1.726468093693256378e-02 5.023735761642456055e-02 3.668029233813285828e-02 3.037305735051631927e-02 1.446160525083541870e-01 4.809827730059623718e-02 9.536717087030410767e-02 4.733062349259853363e-03 3.062779270112514496e-02 1.835705898702144623e-02 1.106272488832473755e-01 7.759185042232275009e-03 1.135777588933706284e-02 4.424529895186424255e-02 3.357432037591934204e-02 3.954730927944183350e-02 1.702901534736156464e-02 4.231978580355644226e-02 4.851049557328224182e-02 5.587670486420392990e-03 1.431176159530878067e-02 2.081987261772155762e-02 2.985069155693054199e-02 1.039442606270313263e-02 1.796199195086956024e-02 3.317068517208099365e-02 2.007058076560497284e-02 5.331134796142578125e-02 2.789148502051830292e-02 7.221949100494384766e-02 5.114373564720153809e-02 3.993765264749526978e-02 3.878157213330268860e-02 4.191571846604347229e-02 4.913311451673507690e-02 2.143765799701213837e-02 9.749493561685085297e-03 1.557056792080402374e-02 2.603653818368911743e-02 2.274028211832046509e-02 5.522584915161132812e-02 5.989387631416320801e-03 4.405176267027854919e-02 6.880956236273050308e-03
2.509767375886440277e-02 1.737538725137710571e-02 2.790164388716220856e-02 1.254932675510644913e-02 5.655384156852960587e-03 4.434123635292053223e-02 1.026021316647529602e-02 1.942789927124977112e-02 6.632322072982788086e-02 5.090345144271850586e-01 2.927454933524131775e-02 3.632276132702827454e-02 3.897770121693611145e-02 1.242419891059398651e-02 2.374204806983470917e-02 2.713449858129024506e-02 1.398603152483701706e-02 5.734491627663373947e-03 6.469930708408355713e-02 1.686150394380092621e-02 5.170711502432823181e-02 1.117162778973579407e-02 2.751628309488296509e-02 8.721323683857917786e-03 1.398134045302867889e-03 1.501148846000432968e-02 2.672341652214527130e-02 3.658546600490808487e-03 9.980368427932262421e-03 2.588380686938762665e-02 2.541810832917690277e-02 6.008307635784149170e-02 1.300031691789627075e-02 4.167868942022323608e-02 7.236020173877477646e-03 1.347556803375482559e-02 2.587814815342426300e-02 1.182282995432615280e-02 1.284815557301044464e-02 4.982464388012886047e-02 2.565420232713222504e-02 1.777377165853977203e-02 3.787796571850776672e-02 1.923473738133907318e-02 2.032337523996829987e-02 5.087502300739288330e-02 2.103681117296218872e-02 2.553026191890239716e-02 9.373896755278110504e-03 9.531614184379577637e-02 2.485227584838867188e-02 4.426128789782524109e-02 1.131783984601497650e-02 2.381295338273048401e-02 5.197219550609588623e-03 2.361139282584190369e-03 6.528358906507492065e-02 4.913389682769775391e-02 1.062998897396028042e-03 4.793053865432739258e-02 5.129138939082622528e-03 2.365434728562831879e-02 2.845107950270175934e-02 1.811910420656204224e-02 5.898056924343109131e-02 4.075630754232406616e-02 4.078095778822898865e-02 4.970868304371833801e-02 1.856009848415851593e-02 4.166036471724510193e-02 4.680172074586153030e-03 5.319012794643640518e-03 3.017513081431388855e-02 5.146177485585212708e-02 3.016497241333127022e-03 3.388519957661628723e-02 2.947409264743328094e-02 1.058430522680282593e-01 5.646838247776031494e-02 1.305412948131561279e-01 3.162988647818565369e-02 8.800013922154903412e-03 1.950817764736711979e-03 7.146771252155303955e-02 8.368692360818386078e-03 1.986146904528141022e-02 2.922746166586875916e-02 2.789209363982081413e-03 5.949909333139657974e-03 6.241856515407562256e-02 3.434208047110587358e-04 1.024106796830892563e-02 2.987188287079334259e-02 3.163058310747146606e-02 2.148594520986080170e-02 4.597714543342590332e-02 3.512866795063018799e-02 3.166114911437034607e-02 5.643052607774734497e-02 4.255266115069389343e-02 9.311204194091260433e-04 1.193600799888372421e-02 4.236416891217231750e-02 4.970075190067291260e-02 9.244100190699100494e-03 3.402402251958847046e-02 3.627041587606072426e-03 2.670846693217754364e-02 2.734718471765518188e-02 4.408839717507362366e-02 2.854040823876857758e-02 3.239838406443595886e-02 1.321622822433710098e-02 1.691043376922607422e-02 1.768383313901722431e-03 4.363288357853889465e-02
3.594095259904861450e-02 3.289438039064407349e-02 2.938171289861202240e-02 2.688865177333354950e-02 2.321050316095352173e-02 8.680403977632522583e-02 7.124891877174377441e-02 2.640067972242832184e-02 3.970780596137046814e-02 2.927454933524131775e-02 5.089797377586364746e-01 2.465498819947242737e-02 1.471244245767593384e-01 2.851407043635845184e-02 1.130006611347198486e-01 3.289775922894477844e-02 1.788363419473171234e-02 2.608593739569187164e-02 3.125619143247604370e-02 3.067870810627937317e-02 7.982593961060047150e-03 4.699284327216446400e-04 1.703125610947608948e-02 1.526158116757869720e-02 4.427929967641830444e-02 3.702997788786888123e-02 5.482716485857963562e-03 2.996038272976875305e-02 3.241974860429763794e-02 4.102208092808723450e-02 2.679582871496677399e-02 5.025450512766838074e-02 3.929858282208442688e-02 3.954755142331123352e-02 3.928705304861068726e-02 3.651935234665870667e-02 6.246670335531234741e-02 6.975422613322734833e-03 5.502406507730484009e-03 1.350756641477346420e-02 3.705038130283355713e-02 5.365537479519844055e-02 3.080000635236501694e-03 2.029330655932426453e-02 5.252145230770111084e-02 2.020788751542568207e-02 7.942736148834228516e-02 3.193299844861030579e-02 2.400848269462585449e-02 3.657312691211700439e-02 2.249479107558727264e-02 2.533349581062793732e-02 9.138416498899459839e-03 4.882694408297538757e-02 2.827677316963672638e-02 4.990549292415380478e-03 4.276336729526519775e-02 1.505137607455253601e-02 2.310316637158393860e-02 4.517110437154769897e-02 1.118845026940107346e-02 8.206074126064777374e-03 4.386393725872039795e-02 3.756496310234069824e-02 7.682929933071136475e-02 7.686569541692733765e-02 4.061248525977134705e-02 3.604744747281074524e-02 5.194610729813575745e-02 9.819164872169494629e-03 3.811121359467506409e-02 4.756866768002510071e-02 4.217509925365447998e-02 4.343380779027938843e-02 4.185338690876960754e-02 2.954195253551006317e-02 2.194547466933727264e-02 4.292019177228212357e-03 3.093506768345832825e-02 2.816325612366199493e-02 1.472408650442957878e-03 4.193992912769317627e-02 1.433352101594209671e-02 3.391702845692634583e-02 1.108983159065246582e-02 3.357690200209617615e-02 1.007895246148109436e-01 5.411228910088539124e-02 1.063830778002738953e-02 1.585673354566097260e-02 1.733924378640949726e-03 2.465131506323814392e-02 2.470578067004680634e-02 1.711063832044601440e-02 1.784258522093296051e-02 3.092295303940773010e-02 4.615265130996704102e-02 1.173719950020313263e-02 4.416627436876296997e-02 2.100590616464614868e-02 2.697983570396900177e-02 2.953393571078777313e-02 2.084641158580780029e-02 2.203671447932720184e-02 1.407490484416484833e-02 4.962586984038352966e-02 4.411360248923301697e-02 4.404982924461364746e-02 4.446125775575637817e-02 4.994498565793037415e-03 8.441245183348655701e-03 2.759420499205589294e-02 6.861367262899875641e-03 1.822043210268020630e-02 3.510376811027526855e-02 7.165036629885435104e-03
1.022589579224586487e-02 3.826074674725532532e-02 1.517131645232439041e-02 1.298328675329685211e-02 3.984034061431884766e-02 8.049437776207923889e-03 2.016366831958293915e-02 4.853897914290428162e-02 3.964314609766006470e-02 3.632276132702827454e-02 2.465498819947242737e-02 5.012325644493103027e-01 1.911145076155662537e-02 1.415067911148071289e-01 1.994862593710422516e-02 1.355671411147341132e-04 3.679693117737770081e-02 1.514143310487270355e-02 7.158401608467102051e-02 4.399423301219940186e-02 1.057835388928651810e-02 2.018885500729084015e-02 6.411827355623245239e-02 9.849727153778076172e-02 2.077230438590049744e-02 1.969654671847820282e-02 3.234078735113143921e-02 4.250591620802879333e-02 1.262244768440723419e-02 2.747585531324148178e-03 4.381259903311729431e-02 3.181193396449089050e-02 5.606074817478656769e-03 5.066480487585067749e-02 2.715191105380654335e-03 2.806600183248519897e-03 1.683821156620979309e-02 1.575937261804938316e-03 2.108435891568660736e-02 5.109031684696674347e-03 1.479213498532772064e-02 4.524103924632072449e-02 7.327674422413110733e-03 2.521015703678131104e-02 6.128619238734245300e-02 4.777128249406814575e-02 6.489725317806005478e-03 6.722702179104089737e-03 1.488752476871013641e-02 4.854918643832206726e-02 5.149754136800765991e-02 2.602056413888931274e-02 4.812839254736900330e-02 5.592905730009078979e-02 7.996524684131145477e-03 2.508420124650001526e-02 1.368855405598878860e-02 1.080435607582330704e-02 4.533458128571510315e-02 2.583829499781131744e-02 5.340629816055297852e-02 2.854642644524574280e-02 2.834823541343212128e-02 2.465757355093955994e-02 3.014195151627063751e-02 3.838849440217018127e-02 3.488080576062202454e-02 2.869788184762001038e-02 4.427258297801017761e-02 6.442228704690933228e-02 7.344258949160575867e-03 4.402978718280792236e-02 3.206735476851463318e-02 6.203065812587738037e-02 1.410326361656188965e-02 1.134123094379901886e-02 6.406492739915847778e-02 1.183559652417898178e-03 3.542011976242065430e-02 6.089829280972480774e-02 3.288490697741508484e-02 1.663856208324432373e-02 3.605665266513824463e-02 3.853873582556843758e-03 2.925669401884078979e-02 4.031742364168167114e-02 2.923164144158363342e-02 2.699682489037513733e-02 1.419182587414979935e-02 4.156940057873725891e-02 4.854090139269828796e-02 2.794772759079933167e-02 6.485869735479354858e-02 2.732174098491668701e-02 1.182977925054728985e-03 1.081861834973096848e-02 4.325017798691987991e-03 1.032316591590642929e-02 2.082654833793640137e-02 1.457567512989044189e-02 1.449333131313323975e-02 2.706177718937397003e-02 2.055697329342365265e-02 3.023706004023551941e-02 4.162191413342952728e-03 2.484266459941864014e-02 2.149100601673126221e-02 2.561660483479499817e-03 1.828283071517944336e-02 3.911229595541954041e-02 3.571170940995216370e-02 4.659903049468994141e-02 3.501723334193229675e-02 4.413046687841415405e-02 1.762544922530651093e-02 4.307835176587104797e-02
4.579373076558113098e-02 1.511696726083755493e-02 5.353855341672897339e-02 1.340265665203332901e-02 2.860692329704761505e-02 8.420735597610473633e-02 1.006512716412544250e-01 2.308750897645950317e-02 2.879317104816436768e-02 3.897770121693611145e-02 1.471244245767593384e-01 1.911145076155662537e-02 5.113937854766845703e-01 4.035088047385215759e-02 1.032928302884101868e-01 4.209365870337933302e-04 4.268082790076732635e-03 3.212038427591323853e-02 1.277239993214607239e-02 9.960688650608062744e-03 5.008940398693084717e-02 1.591524668037891388e-02 1.991144753992557526e-02 8.797820657491683960e-03 2.953286655247211456e-02 5.624405294656753540e-02 6.820623762905597687e-03 3.836760297417640686e-02 1.228733826428651810e-02 3.553023934364318848e-02 4.854732006788253784e-02 4.803958535194396973e-02 5.341882258653640747e-02 4.965181648731231689e-02 3.237312659621238708e-02 2.185383345931768417e-04 1.495910529047250748e-02 5.145246628671884537e-03 3.148619085550308228e-02 4.769156873226165771e-02 1.201792969368398190e-03 4.667090252041816711e-02 3.471415955573320389e-03 2.083664573729038239e-02 4.100493714213371277e-02 5.032701790332794189e-02 7.943697273731231689e-02 7.650129962712526321e-03 2.909472212195396423e-02 3.817290440201759338e-02 1.856829226016998291e-02 2.417932823300361633e-02 4.129937291145324707e-02 3.018223866820335388e-02 3.714170679450035095e-02 1.983861997723579407e-02 3.944116085767745972e-02 2.030587568879127502e-02 4.169291630387306213e-02 2.377880550920963287e-02 7.238457445055246353e-03 2.821721695363521576e-02 4.374936223030090332e-02 1.913922280073165894e-02 4.233912751078605652e-02 8.259203284978866577e-02 4.007727652788162231e-02 3.497523069381713867e-02 2.667852863669395447e-02 2.715554460883140564e-02 4.245730489492416382e-02 4.636294022202491760e-02 4.047267138957977295e-02 2.722050249576568604e-02 4.332921653985977173e-02 4.581042006611824036e-02 5.126236006617546082e-02 6.540239788591861725e-03 1.563075184822082520e-02 2.728097699582576752e-02 2.979866228997707367e-03 5.788534879684448242e-02 1.753490045666694641e-02 4.209835082292556763e-02 4.442316666245460510e-02 9.778091683983802795e-03 8.847053349018096924e-02 7.760617882013320923e-02 3.216702118515968323e-02 4.513518884778022766e-02 2.073891833424568176e-02 2.328774705529212952e-02 3.126264316961169243e-03 2.649698592722415924e-02 2.720596082508563995e-02 3.183863684535026550e-02 2.889391034841537476e-02 2.344091981649398804e-02 3.937489539384841919e-02 2.295781485736370087e-02 3.163630515336990356e-02 2.359598875045776367e-02 3.080070763826370239e-02 1.585771888494491577e-02 1.515997922979295254e-03 9.750732220709323883e-03 4.006083682179450989e-02 4.780893400311470032e-02 5.116702243685722351e-02 3.972920775413513184e-02 3.936722874641418457e-03 2.112913131713867188e-02 1.528175920248031616e-02 1.763110794126987457e-02 2.538985805585980415e-03 1.256594667211174965e-03
