5.896375179290771484e-01 1.058383807539939880e-01 2.580514922738075256e-02 2.054356411099433899e-02 3.684532269835472107e-02 8.269238471984863281e-02 5.409369990229606628e-02 1.788988709449768066e-02 1.386757753789424896e-02 1.424659043550491333e-02 6.136493384838104248e-02 3.022403270006179810e-02 6.898137927055358887e-02 1.336747314780950546e-02 2.613721787929534912e-02 1.149814389646053314e-02 8.064281195402145386e-03 9.335177019238471985e-03 5.940571427345275879e-03 2.229520492255687714e-02 1.376309990882873535e-02 8.596583269536495209e-03 1.016705995425581932e-03 9.551440365612506866e-03 2.013060823082923889e-02 1.653572078794240952e-03 3.775871545076370239e-02 1.631338708102703094e-02 4.778880253434181213e-02 9.630952961742877960e-03 5.207249522209167480e-02 2.876548841595649719e-02 4.048678278923034668e-02 2.499917149543762207e-02 3.896822780370712280e-02 3.652836382389068604e-02 3.256056085228919983e-02 1.291577611118555069e-02 4.058521986007690430e-02 2.997003309428691864e-02 1.775501295924186707e-02 4.944646265357732773e-03 1.116973906755447388e-02 5.349803715944290161e-03 3.391639096662402153e-03 5.447077564895153046e-03 6.003526598215103149e-02 3.097045002505183220e-03 1.550183631479740143e-03 1.541717536747455597e-02 5.463712848722934723e-03 2.238394320011138916e-02 2.543244510889053345e-02 3.586924076080322266e-02 4.455824382603168488e-03 2.777059795334935188e-03 2.781964093446731567e-02 9.956746362149715424e-04 2.978330105543136597e-02 3.580004349350929260e-02 3.600960969924926758e-02 4.057113453745841980e-02 1.198931038379669189e-02 3.747967630624771118e-02 1.438479311764240265e-02 2.862123027443885803e-02 8.966173976659774780e-03 4.745662678033113480e-03 1.058825291693210602e-03 1.033129822462797165e-02 9.127315133810043335e-03 6.651766598224639893e-03 3.882820159196853638e-02 7.753483485430479050e-03 4.453338682651519775e-02 1.431288896128535271e-03 8.016904816031455994e-03 2.460657805204391479e-02 1.429361011832952499e-02 4.548095911741256714e-02 2.053051255643367767e-02 2.711271122097969055e-02 1.231226511299610138e-02 4.115575551986694336e-02 6.140145659446716309e-02 2.043610066175460815e-02 5.758599843829870224e-03 2.439100295305252075e-02 4.882158711552619934e-02 4.762630537152290344e-02 6.954392790794372559e-02 4.376770928502082825e-03 1.484568230807781219e-02 1.682834886014461517e-02 4.337551817297935486e-02 4.191335663199424744e-02 2.532220911234617233e-03 4.809333477169275284e-03 1.119492389261722565e-02 7.245599408634006977e-04 3.963886201381683350e-02 3.130371123552322388e-02 3.960773348808288574e-03 2.170293219387531281e-02 4.554519057273864746e-02 2.781774476170539856e-02 3.636260330677032471e-02 2.477334928698837757e-04 2.011517994105815887e-02 9.839670732617378235e-03 3.320514922961592674e-03 6.091874674893915653e-04 5.939709371887147427e-04 2.017479389905929565e-02 1.103951036930084229e-02 3.889624029397964478e-02
1.058383807539939880e-01 5.817726254463195801e-01 5.607341881841421127e-03 3.586860746145248413e-02 4.397773183882236481e-03 8.139267563819885254e-02 8.188690990209579468e-02 3.708695620298385620e-02 5.667748861014842987e-03 5.685845855623483658e-03 4.145327582955360413e-02 4.204506985843181610e-03 7.945976406335830688e-02 1.709400676190853119e-02 6.832111161202192307e-03 1.324573997408151627e-02 1.554073486477136612e-02 1.192989293485879898e-02 7.172515150159597397e-03 3.395536215975880623e-03 6.436546146869659424e-02 5.446911323815584183e-03 2.013556100428104401e-02 1.894268952310085297e-02 1.060477551072835922e-02 1.231180783361196518e-02 5.453071370720863342e-02 2.416197583079338074e-02 1.579685322940349579e-02 2.893665619194507599e-02 6.592296063899993896e-02 3.516075015068054199e-02 3.789718821644783020e-02 3.862820938229560852e-02 2.723419666290283203e-02 4.593802988529205322e-02 1.978683657944202423e-02 3.892360255122184753e-03 1.121714478358626366e-03 4.423021338880062103e-03 1.899819076061248779e-02 1.705577224493026733e-02 1.297339238226413727e-02 4.353486467152833939e-03 1.706317067146301270e-02 1.653004065155982971e-02 6.500031799077987671e-02 6.326119601726531982e-02 1.952896453440189362e-02 1.668723882175981998e-03 4.421932157129049301e-03 7.406619377434253693e-03 4.324395209550857544e-02 4.086809605360031128e-02 5.125711672008037567e-03 1.574637462908867747e-05 7.472153287380933762e-03 5.712108220905065536e-03 4.210880398750305176e-02 2.809745073318481445e-02 2.254968509078025818e-02 3.098761476576328278e-02 1.011057104915380478e-02 3.823598101735115051e-02 3.421928267925977707e-04 6.114382296800613403e-02 1.028272137045860291e-02 1.818300411105155945e-02 3.750106785446405411e-03 2.502371184527873993e-02 1.158003136515617371e-02 3.571179229766130447e-03 3.209323063492774963e-02 6.551734404638409615e-04 3.845747932791709900e-02 3.924055490642786026e-04 1.086700893938541412e-02 1.769968681037425995e-02 1.211106777191162109e-02 3.657348453998565674e-02 4.004416242241859436e-02 4.333182424306869507e-02 7.745479699224233627e-03 1.202999800443649292e-02 2.080947533249855042e-02 6.588063668459653854e-03 4.658354446291923523e-03 3.925776854157447815e-02 2.831259276717901230e-03 3.974455222487449646e-02 3.922994062304496765e-02 8.385890163481235504e-03 6.239349022507667542e-02 2.383966185152530670e-02 4.350662603974342346e-02 2.593224868178367615e-02 1.309793256223201752e-02 1.931766793131828308e-02 4.838369786739349365e-03 8.073262870311737061e-03 4.520963877439498901e-02 3.529072552919387817e-02 4.336999729275703430e-03 4.588739201426506042e-02 3.349335491657257080e-02 1.149868778884410858e-02 4.250832274556159973e-02 8.741895668208599091e-03 3.290146216750144958e-02 9.393917396664619446e-03 7.234895136207342148e-03 1.729650422930717468e-02 6.128382869064807892e-03 3.068607533350586891e-03 3.214686736464500427e-02 4.054201766848564148e-03
2.580514922738075256e-02 5.607341881841421127e-03 5.785051584243774414e-01 3.207160159945487976e-02 2.748128212988376617e-02 1.317916717380285263e-02 2.953931875526905060e-02 5.780835822224617004e-02 2.769990451633930206e-02 2.068537101149559021e-02 2.087246626615524292e-02 1.763579435646533966e-02 1.802331767976284027e-02 8.588645607233047485e-03 2.694113180041313171e-03 1.180348044726997614e-04 1.838193833827972412e-02 3.370870370417833328e-03 5.888271145522594452e-03 1.767089404165744781e-02 1.604436710476875305e-02 1.099123526364564896e-02 2.216137712821364403e-03 4.399822501000016928e-04 2.341879718005657196e-02 3.356610983610153198e-02 6.119525060057640076e-03 7.019439246505498886e-03 2.956118993461132050e-02 1.150111947208642960e-02 2.258176682516932487e-03 1.102546695619821548e-02 1.843032613396644592e-02 7.315656985156238079e-04 1.000640913844108582e-03 3.727300092577934265e-02 2.988108806312084198e-02 4.074210673570632935e-02 5.402150563895702362e-03 5.148295313119888306e-03 1.195617951452732086e-02 1.750060357153415680e-02 2.262400463223457336e-02 3.988403826951980591e-03 1.831084489822387695e-02 1.701577939093112946e-02 1.432844996452331543e-02 1.085211057215929031e-02 2.643428556621074677e-02 1.231206022202968597e-02 2.031917124986648560e-02 2.936242148280143738e-02 2.083417586982250214e-02 1.533712912350893021e-02 2.428672090172767639e-02 2.410812303423881531e-02 4.393010959029197693e-02 2.430596388876438141e-02 3.253477811813354492e-02 1.493454258888959885e-02 1.246308535337448120e-02 7.386024110019207001e-03 3.010583808645606041e-03 7.254027761518955231e-03 1.291782502084970474e-02 2.011254429817199707e-02 2.191098034381866455e-02 4.238990694284439087e-02 3.153063356876373291e-02 2.695964090526103973e-02 2.636026591062545776e-02 3.200012817978858948e-02 1.294184755533933640e-02 2.449742518365383148e-02 1.527191139757633209e-02 2.267642505466938019e-02 3.415937349200248718e-02 3.729154542088508606e-02 4.224683344364166260e-02 2.860792353749275208e-02 5.961093306541442871e-02 6.550407409667968750e-02 4.108493681997060776e-03 1.057327166199684143e-02 2.494371123611927032e-02 2.488372474908828735e-02 1.853694021701812744e-02 3.577284514904022217e-02 4.285675287246704102e-02 2.251571509987115860e-03 2.828251942992210388e-02 6.785350386053323746e-03 3.019729070365428925e-02 2.290783077478408813e-02 2.504272013902664185e-02 1.448627840727567673e-02 2.190798148512840271e-02 1.499089226126670837e-02 3.305967152118682861e-02 1.332181133329868317e-02 2.330106869339942932e-02 2.435825951397418976e-02 5.104258656501770020e-03 2.058716677129268646e-02 3.053680248558521271e-02 2.819440513849258423e-02 2.882980182766914368e-02 3.454957902431488037e-02 1.834643073379993439e-02 3.983102738857269287e-02 1.498285797424614429e-03 1.348365005105733871e-02 3.576657921075820923e-02 1.276492793112993240e-02 3.813181072473526001e-02 5.659406632184982300e-02
2.054356411099433899e-02 3.586860746145248413e-02 3.207160159945487976e-02 5.897536873817443848e-01 1.648419201374053955e-01 2.540403418242931366e-02 2.952812239527702332e-02 3.452422097325325012e-02 1.655459962785243988e-02 2.569911256432533264e-02 3.134039416909217834e-02 2.332365885376930237e-02 1.276569813489913940e-02 1.242723315954208374e-02 3.092356584966182709e-02 8.473067544400691986e-03 3.231486305594444275e-02 7.317767292261123657e-02 1.653808727860450745e-02 2.291869930922985077e-02 1.799529651179909706e-03 2.518588304519653320e-02 2.974246256053447723e-02 1.949804462492465973e-02 1.556293852627277374e-02 1.306172180920839310e-02 1.974829239770770073e-03 1.756588183343410492e-02 2.734039351344108582e-02 2.406199462711811066e-02 3.002464026212692261e-02 2.603710256516933441e-02 2.217355929315090179e-02 2.716747485101222992e-02 3.440910950303077698e-02 3.506900975480675697e-04 3.398852422833442688e-02 3.469194099307060242e-02 1.190292835235595703e-01 1.494438350200653076e-01 3.138641640543937683e-02 3.109747776761651039e-03 8.801907300949096680e-03 5.202776286751031876e-03 2.895263768732547760e-02 8.666739449836313725e-04 1.873496919870376587e-02 6.821567565202713013e-02 3.847396001219749451e-02 1.850199885666370392e-02 1.917882636189460754e-02 5.600747652351856232e-03 1.432415377348661423e-02 3.477933630347251892e-02 3.356405347585678101e-02 1.525638252496719360e-02 2.447220683097839355e-02 2.621750533580780029e-02 2.503596432507038116e-02 2.768792398273944855e-02 7.215589284896850586e-02 3.815869335085153580e-03 3.258049860596656799e-02 2.949052862823009491e-02 3.000987507402896881e-02 1.671316288411617279e-02 1.734472112730145454e-03 4.694327712059020996e-03 1.734628714621067047e-02 1.614326052367687225e-02 1.119740214198827744e-02 1.285846997052431107e-02 9.571330994367599487e-02 3.076274413615465164e-03 1.009279265999794006e-01 1.183690689504146576e-02 1.913061714731156826e-03 5.827186629176139832e-03 1.648021861910820007e-02 1.462391205132007599e-02 2.267076075077056885e-02 2.962985634803771973e-02 1.908833533525466919e-01 1.136829107999801636e-01 1.812538318336009979e-02 5.400093272328376770e-02 2.488343231379985809e-02 3.591649234294891357e-02 4.001624509692192078e-02 2.804706990718841553e-02 4.384528100490570068e-02 3.063461929559707642e-02 5.444891750812530518e-02 2.838774584233760834e-03 1.393480971455574036e-02 1.432530675083398819e-02 4.691592417657375336e-03 1.207553967833518982e-02 1.925723627209663391e-02 3.812217619270086288e-03 4.289878904819488525e-02 2.516636438667774200e-02 1.797107420861721039e-02 2.833415754139423370e-02 1.143962726928293705e-03 1.262394990772008896e-02 3.290851414203643799e-02 1.292805839329957962e-02 2.444352582097053528e-02 1.925278455018997192e-02 2.681384608149528503e-02 3.145977482199668884e-02 3.574055060744285583e-02 7.077468559145927429e-03 1.872705994173884392e-03 1.802032068371772766e-02
3.684532269835472107e-02 4.397773183882236481e-03 2.748128212988376617e-02 1.648419201374053955e-01 5.914498567581176758e-01 4.049422685056924820e-03 1.417773310095071793e-02 3.407777845859527588e-02 1.083486931747756898e-04 8.973997086286544800e-03 2.414403483271598816e-02 2.142781764268875122e-02 1.954193413257598877e-02 8.886335417628288269e-03 3.846012055873870850e-02 8.135894313454627991e-03 5.802292842417955399e-03 5.850515887141227722e-02 1.133524905890226364e-02 1.893435046076774597e-02 7.158493623137474060e-03 7.010871544480323792e-03 1.329831685870885849e-02 7.605845108628273010e-03 2.339217998087406158e-02 1.705625839531421661e-02 7.156351115554571152e-03 2.578096091747283936e-02 2.970447577536106110e-02 3.877912880852818489e-03 3.506390750408172607e-02 6.583442445844411850e-03 1.067294552922248840e-02 2.396899834275245667e-02 3.846549615263938904e-02 3.505606576800346375e-02 4.404867067933082581e-02 2.045665681362152100e-02 6.083086878061294556e-02 8.350815623998641968e-02 6.521533941850066185e-04 2.645905595272779465e-03 3.400831297039985657e-02 2.837508730590343475e-02 3.203495591878890991e-02 1.760227605700492859e-02 9.019169956445693970e-03 2.176575548946857452e-02 3.988840803503990173e-02 9.587765671312808990e-03 2.576515637338161469e-02 2.261883951723575592e-02 4.161062836647033691e-02 3.423742577433586121e-02 3.888471424579620361e-02 9.244321845471858978e-04 9.007256478071212769e-03 1.443760655820369720e-02 3.918002918362617493e-02 4.204170033335685730e-02 4.890384897589683533e-02 1.100413314998149872e-02 1.237503811717033386e-02 3.681149706244468689e-02 1.874706521630287170e-02 2.030825475230813026e-03 1.454820577055215836e-02 7.706488831900060177e-04 1.695133931934833527e-02 1.103048678487539291e-02 2.933000214397907257e-02 3.017807193100452423e-02 7.920698076486587524e-02 1.556170172989368439e-02 9.320564568042755127e-02 1.754796481691300869e-03 9.592257440090179443e-03 1.798105798661708832e-02 1.926739886403083801e-02 8.488357416354119778e-04 3.408718854188919067e-02 2.501313760876655579e-02 1.071168407797813416e-01 8.429685235023498535e-02 2.907512523233890533e-02 3.783159703016281128e-02 1.465627830475568771e-02 3.329880535602569580e-02 3.068334423005580902e-02 5.404010415077209473e-02 4.872536286711692810e-02 8.863904513418674469e-03 2.439130842685699463e-02 8.938146755099296570e-03 9.867507964372634888e-03 1.720265485346317291e-02 1.519634388387203217e-02 1.792866550385951996e-02 1.151863485574722290e-02 7.479225751012563705e-03 2.064941078424453735e-02 2.507328614592552185e-02 1.228104345500469208e-03 2.367474883794784546e-02 3.654425218701362610e-02 1.788300462067127228e-02 3.593043982982635498e-02 1.120638009160757065e-02 4.539553821086883545e-02 3.828327357769012451e-02 9.124460630118846893e-03 2.641172148287296295e-02 2.889829874038696289e-02 1.478577405214309692e-02 6.454180460423231125e-03 3.645151481032371521e-02
8.269238471984863281e-02 8.139267563819885254e-02 1.317916717380285263e-02 2.540403418242931366e-02 4.049422685056924820e-03 5.873809456825256348e-01 1.045464724302291870e-01 5.144139751791954041e-02 1.038478687405586243e-02 2.105628605931997299e-03 3.886353224515914917e-02 1.147903036326169968e-02 5.425284802913665771e-02 1.554727088660001755e-03 7.898379117250442505e-03 1.707308925688266754e-02 2.113514207303524017e-02 1.369025371968746185e-02 2.460946701467037201e-02 3.233392536640167236e-02 2.740113437175750732e-02 2.029730938374996185e-03 8.537028916180133820e-04 1.588421175256371498e-03 1.755485683679580688e-02 2.763918973505496979e-02 4.270194098353385925e-02 1.701732911169528961e-02 3.376403450965881348e-02 4.354375228285789490e-02 4.492488130927085876e-02 4.407246410846710205e-02 1.893899776041507721e-02 3.898869082331657410e-02 3.901365445926785469e-03 8.230215869843959808e-03 1.924263313412666321e-02 1.668057218194007874e-02 1.779551617801189423e-02 3.213857533410191536e-03 2.887692861258983612e-02 5.064582452178001404e-03 3.101568110287189484e-02 8.289633318781852722e-03 1.166002918034791946e-02 7.948635146021842957e-03 1.171975731849670410e-01 7.950969785451889038e-02 2.689207904040813446e-02 1.135490741580724716e-02 5.402584560215473175e-03 2.526316791772842407e-02 3.022925928235054016e-02 1.030983054079115391e-03 3.945217281579971313e-02 2.664266154170036316e-02 1.703325845301151276e-02 2.086928486824035645e-02 2.279240638017654419e-02 3.572661662474274635e-03 2.675877138972282410e-02 3.023924678564071655e-02 4.810795933008193970e-02 1.259752269834280014e-02 8.206236176192760468e-03 4.051797091960906982e-03 3.369024395942687988e-02 1.935537718236446381e-02 9.844940155744552612e-03 2.459833864122629166e-03 5.857375916093587875e-03 8.208308368921279907e-03 6.612584693357348442e-04 1.948939822614192963e-02 1.281664799898862839e-02 1.971777714788913727e-02 5.286581348627805710e-03 8.323918096721172333e-03 2.114243619143962860e-02 1.182198990136384964e-02 3.886400163173675537e-02 4.510377347469329834e-02 1.278530992567539215e-02 8.373056538403034210e-03 3.057789616286754608e-02 2.578099817037582397e-02 2.146801725029945374e-02 4.319178685545921326e-02 2.393312752246856689e-02 3.944077715277671814e-02 7.393724471330642700e-02 1.327147474512457848e-03 6.035226956009864807e-02 6.633598823100328445e-03 4.742093384265899658e-02 4.300453886389732361e-02 1.006007846444845200e-02 1.042534015141427517e-03 1.515851909061893821e-04 2.080992422997951508e-02 1.971931569278240204e-02 2.740039862692356110e-02 7.421041373163461685e-03 2.257196232676506042e-02 1.283508539199829102e-02 1.439639274030923843e-02 2.396540157496929169e-02 2.742457576096057892e-02 1.956117339432239532e-02 2.040990814566612244e-02 1.533497124910354614e-02 2.951749786734580994e-02 8.320387452840805054e-03 1.776345423422753811e-03 2.544160932302474976e-02 1.325266435742378235e-02
5.409369990229606628e-02 8.188690990209579468e-02 2.953931875526905060e-02 2.952812239527702332e-02 1.417773310095071793e-02 1.045464724302291870e-01 5.940831303596496582e-01 4.514960572123527527e-02 2.914239885285496712e-04 2.233940549194812775e-02 1.844759471714496613e-02 9.866761043667793274e-03 4.254399612545967102e-02 2.693566493690013885e-02 1.894489489495754242e-02 6.291385740041732788e-03 1.136505324393510818e-02 5.010373517870903015e-02 4.957862943410873413e-02 2.159895189106464386e-02 9.666621685028076172e-03 2.530325436964631081e-03 1.533387787640094757e-02 2.278980053961277008e-02 2.752030268311500549e-02 3.832543641328811646e-02 4.481333866715431213e-02 1.964043080806732178e-02 1.616750960238277912e-03 3.268442675471305847e-02 2.241390943527221680e-02 4.420718178153038025e-02 2.603364549577236176e-02 4.601983353495597839e-02 7.859590463340282440e-03 3.362379595637321472e-02 4.649093374609947205e-02 1.029434497468173504e-03 2.402214519679546356e-02 2.926314435899257660e-02 3.468342497944831848e-02 2.472133561968803406e-02 6.004722043871879578e-02 6.341163534671068192e-03 1.564519712701439857e-03 4.792568832635879517e-02 9.069452434778213501e-02 1.030164435505867004e-01 2.482721116393804550e-03 1.099459826946258545e-03 2.219318039715290070e-02 3.463321179151535034e-02 3.913240879774093628e-02 8.020165259949862957e-04 2.366478554904460907e-02 2.928334288299083710e-02 4.210667684674263000e-02 3.879628330469131470e-02 3.009486570954322815e-02 4.621291067451238632e-03 3.860331699252128601e-02 4.027225077152252197e-02 4.636643454432487488e-02 2.275276370346546173e-02 1.227803900837898254e-02 1.693423837423324585e-02 1.708162762224674225e-02 6.427423097193241119e-03 3.528973786160349846e-03 2.430485188961029053e-02 9.686040692031383514e-03 1.003300771117210388e-02 1.547222025692462921e-02 3.564491402357816696e-03 2.341191051527857780e-03 8.847238495945930481e-03 1.313838362693786621e-02 3.454588726162910461e-02 4.931234754621982574e-03 2.308432571589946747e-02 3.147464990615844727e-02 4.345630481839179993e-02 2.284956537187099457e-02 2.830374613404273987e-02 9.965214878320693970e-03 1.652013324201107025e-02 2.367786131799221039e-02 4.203267395496368408e-02 6.654612720012664795e-03 1.884720660746097565e-02 2.845334820449352264e-02 1.444784644991159439e-02 6.430445611476898193e-02 4.408804234117269516e-03 1.539784763008356094e-02 9.909578599035739899e-03 1.888470724225044250e-02 1.529967412352561951e-02 1.479309052228927612e-02 4.031227529048919678e-02 4.791342839598655701e-02 4.670974239706993103e-02 8.212867192924022675e-03 3.127712383866310120e-02 7.516602985560894012e-03 1.841428317129611969e-02 4.644697904586791992e-02 3.810564801096916199e-02 2.858449146151542664e-02 3.798874840140342712e-02 2.607413940131664276e-02 3.499855846166610718e-02 2.414186717942357063e-03 3.145695105195045471e-02 4.590091481804847717e-02 1.684330985881388187e-03
1.788988709449768066e-02 3.708695620298385620e-02 5.780835822224617004e-02 3.452422097325325012e-02 3.407777845859527588e-02 5.144139751791954041e-02 4.514960572123527527e-02 5.962240099906921387e-01 6.119666621088981628e-03 2.014254219830036163e-02 8.644234389066696167e-03 1.523138396441936493e-02 2.231665188446640968e-03 4.340521525591611862e-03 4.519793763756752014e-02 1.671487814746797085e-03 5.586081650108098984e-03 1.337572187185287476e-02 1.161481905728578568e-02 1.799720339477062225e-03 3.935942798852920532e-02 1.368799339979887009e-02 3.482172265648841858e-03 4.243451170623302460e-03 1.076152082532644272e-02 4.314943403005599976e-02 1.824468374252319336e-02 1.395202614367008209e-02 9.907759726047515869e-03 2.925749123096466064e-02 4.487331956624984741e-02 4.811143036931753159e-03 7.882973179221153259e-03 2.445142902433872223e-02 9.375442750751972198e-03 3.915543481707572937e-02 3.389994800090789795e-02 2.892128191888332367e-02 6.575908046215772629e-03 2.910918556153774261e-02 3.852681489661335945e-03 3.300085663795471191e-02 4.201138392090797424e-02 1.597161404788494110e-02 1.372591871768236160e-02 2.162648364901542664e-03 1.867341063916683197e-02 1.379223540425300598e-02 1.680201105773448944e-02 2.258062129840254784e-03 4.341360181570053101e-03 1.283873897045850754e-02 2.810614742338657379e-02 2.447254955768585205e-03 1.526404172182083130e-02 2.734116837382316589e-02 6.349471863359212875e-03 3.485138714313507080e-02 2.790430933237075806e-02 4.117939155548810959e-03 1.323439087718725204e-02 1.197523344308137894e-02 6.446573883295059204e-03 9.508299641311168671e-03 1.367381494492292404e-02 8.112496696412563324e-03 1.371818594634532928e-02 3.833496943116188049e-02 8.396471850574016571e-03 1.416444964706897736e-02 1.997293345630168915e-02 1.299343816936016083e-02 7.736666593700647354e-03 4.314707592129707336e-02 1.183304656296968460e-02 3.700314462184906006e-02 1.281910575926303864e-02 2.665019035339355469e-02 2.179413102567195892e-02 1.830021291971206665e-02 5.453959479928016663e-02 5.772870033979415894e-02 2.593157440423965454e-02 2.470383979380130768e-02 2.152066491544246674e-02 1.274734456092119217e-02 3.438504412770271301e-02 2.843454666435718536e-02 1.400249358266592026e-02 4.385522753000259399e-02 3.766676783561706543e-02 1.497524976730346680e-02 2.344231493771076202e-02 2.024342492222785950e-02 1.388550642877817154e-02 3.547562286257743835e-03 7.318578427657485008e-04 3.878558054566383362e-02 3.375354036688804626e-02 4.166996479034423828e-02 1.847060583531856537e-02 6.735815200954675674e-03 1.263345871120691299e-02 1.310522900894284248e-03 2.304568141698837280e-02 2.518306020647287369e-03 3.529177233576774597e-02 2.508550649508833885e-03 7.031476125121116638e-03 4.394869133830070496e-02 1.471702754497528076e-02 1.629940420389175415e-02 3.961963206529617310e-02 1.195912901312112808e-02 4.275298118591308594e-02 1.266807690262794495e-02
1.386757753789424896e-02 5.667748861014842987e-03 2.769990451633930206e-02 1.655459962785243988e-02 1.083486931747756898e-04 1.038478687405586243e-02 2.914239885285496712e-04 6.119666621088981628e-03 5.930320620536804199e-01 4.721450060606002808e-02 6.231700535863637924e-03 2.623989433050155640e-02 2.399463765323162079e-02 1.132009830325841904e-02 1.367432810366153717e-02 3.192116320133209229e-02 3.945379331707954407e-02 1.131162233650684357e-02 9.880858473479747772e-03 2.144104428589344025e-02 4.538090899586677551e-03 2.542503736913204193e-02 4.687730222940444946e-02 3.352436795830726624e-02 1.112674456089735031e-02 9.652296430431306362e-04 1.109578832983970642e-02 6.777935195714235306e-03 8.372348966076970100e-04 1.418593805283308029e-02 1.849915646016597748e-02 7.880381308495998383e-03 2.171289452235214412e-06 1.268138363957405090e-02 3.082537651062011719e-02 1.001850236207246780e-02 3.473790735006332397e-02 1.414273492991924286e-02 3.374840319156646729e-02 4.448110237717628479e-02 2.957778424024581909e-02 3.941901028156280518e-02 4.752314649522304535e-03 1.030495855957269669e-02 1.590011641383171082e-02 2.505986019968986511e-03 3.275891765952110291e-02 3.237187489867210388e-02 4.303812235593795776e-02 7.649557664990425110e-03 2.109278924763202667e-02 1.263877004384994507e-02 1.656276732683181763e-02 3.549567237496376038e-02 3.037032112479209900e-02 1.360319321975111961e-03 1.472956780344247818e-02 9.291515685617923737e-03 2.235453575849533081e-02 4.110686853528022766e-02 6.876526866108179092e-03 1.660352386534214020e-02 4.527414683252573013e-03 3.622917830944061279e-02 8.999272249639034271e-03 2.186876162886619568e-02 1.560779940336942673e-02 1.072292402386665344e-02 6.436262279748916626e-02 2.495509199798107147e-02 4.867763444781303406e-02 4.334917664527893066e-02 2.265984565019607544e-02 2.262975648045539856e-02 1.658545993268489838e-02 2.329884469509124756e-02 7.062517851591110229e-02 4.830257222056388855e-02 3.250383213162422180e-02 2.188352122902870178e-02 1.816353388130664825e-02 2.651703357696533203e-02 2.418691106140613556e-02 1.100904773920774460e-02 2.213353477418422699e-02 1.183677278459072113e-02 9.291123598814010620e-03 3.859375044703483582e-02 2.507477253675460815e-02 7.710903882980346680e-03 1.267343480139970779e-02 2.119119837880134583e-02 3.801915794610977173e-02 3.442115336656570435e-02 1.858317293226718903e-02 1.727041322737932205e-03 1.793164759874343872e-02 2.816780284047126770e-02 4.011848196387290955e-02 3.309161588549613953e-02 2.186272293329238892e-03 1.784504204988479614e-02 1.784062758088111877e-02 4.623800888657569885e-02 2.877172827720642090e-02 2.462804503738880157e-02 1.969228312373161316e-02 1.385054434649646282e-03 1.497232262045145035e-02 1.931546628475189209e-02 2.641159296035766602e-02 2.267499826848506927e-02 2.316797710955142975e-02 3.633255604654550552e-03 2.156602963805198669e-02 4.201880469918251038e-02
1.424659043550491333e-02 5.685845855623483658e-03 2.068537101149559021e-02 2.569911256432533264e-02 8.973997086286544800e-03 2.105628605931997299e-03 2.233940549194812775e-02 2.014254219830036163e-02 4.721450060606002808e-02 5.953817367553710938e-01 1.741033792495727539e-02 4.757979884743690491e-02 8.917772211134433746e-04 3.410239145159721375e-02 4.689074307680130005e-02 1.721116527915000916e-02 3.995639830827713013e-02 3.699170891195535660e-03 5.604701116681098938e-02 1.381313707679510117e-02 1.942558400332927704e-02 2.075233682990074158e-02 3.300132229924201965e-02 3.238371759653091431e-02 2.604106441140174866e-02 2.989112213253974915e-02 9.865650907158851624e-03 3.603007271885871887e-02 1.618277654051780701e-02 4.229073598980903625e-02 1.564806699752807617e-02 2.143963426351547241e-02 4.291570186614990234e-02 2.041826583445072174e-02 2.942588739097118378e-02 4.346275329589843750e-02 3.158192709088325500e-02 1.360012497752904892e-02 2.586798183619976044e-02 2.497421577572822571e-02 3.816504403948783875e-02 6.446705013513565063e-02 5.858163163065910339e-02 9.392905049026012421e-03 3.602010756731033325e-02 4.163707420229911804e-02 1.993351429700851440e-02 9.716423228383064270e-03 2.063617482781410217e-02 8.131190389394760132e-02 4.316917806863784790e-02 2.864081226289272308e-02 3.323519602417945862e-02 4.326864704489707947e-02 2.075710101053118706e-03 7.292357832193374634e-02 3.197828307747840881e-02 3.968141227960586548e-02 2.546451427042484283e-02 1.830606348812580109e-02 3.206203505396842957e-02 1.429040264338254929e-02 4.266399890184402466e-02 3.723549097776412964e-02 3.578652441501617432e-02 8.533905260264873505e-03 7.451326237060129642e-04 5.011791735887527466e-02 6.240816414356231689e-02 2.318618819117546082e-02 7.949499785900115967e-02 1.506737247109413147e-02 9.322368539869785309e-03 2.164782397449016571e-02 2.155288588255643845e-03 9.435660205781459808e-03 6.774748861789703369e-02 8.490458130836486816e-02 1.009539142251014709e-02 5.235857143998146057e-02 2.078132145106792450e-02 3.515857271850109100e-03 1.920418255031108856e-02 3.965796530246734619e-02 3.584750741720199585e-02 4.629637300968170166e-02 2.614724449813365936e-02 3.713181987404823303e-02 8.762517943978309631e-03 3.766138106584548950e-02 2.035193890333175659e-02 4.124078527092933655e-02 1.002783048897981644e-02 1.779623329639434814e-02 1.489553134888410568e-02 2.581490762531757355e-02 3.254722431302070618e-02 1.301330421119928360e-02 4.505895450711250305e-02 2.579858899116516113e-02 2.974180132150650024e-02 1.189774833619594574e-02 2.464442141354084015e-02 3.826190158724784851e-02 2.441226132214069366e-02 1.386688277125358582e-02 2.393729612231254578e-02 3.336543589830398560e-02 3.752614557743072510e-02 2.910539507865905762e-02 1.029076240956783295e-02 1.675053313374519348e-02 3.643335402011871338e-02 2.048561722040176392e-02 2.484323270618915558e-02 3.609966486692428589e-03
6.136493384838104248e-02 4.145327582955360413e-02 2.087246626615524292e-02 3.134039416909217834e-02 2.414403483271598816e-02 3.886353224515914917e-02 1.844759471714496613e-02 8.644234389066696167e-03 6.231700535863637924e-03 1.741033792495727539e-02 5.945989489555358887e-01 3.565662540495395660e-03 6.791140884160995483e-02 2.081011794507503510e-02 3.292816132307052612e-02 2.761025354266166687e-02 1.536580454558134079e-02 3.794109448790550232e-02 2.450796775519847870e-02 2.472059987485408783e-02 2.083942480385303497e-02 3.968061879277229309e-02 1.124850288033485413e-02 1.918262802064418793e-02 1.123259868472814560e-02 1.348751317709684372e-02 4.174087941646575928e-02 1.594641944393515587e-04 5.700854212045669556e-02 1.509169489145278931e-02 2.262999117374420166e-02 8.734971284866333008e-03 2.024551853537559509e-02 1.605027168989181519e-02 1.900640130043029785e-02 8.740373887121677399e-03 9.466160088777542114e-03 4.712596535682678223e-03 4.737597331404685974e-02 2.290032431483268738e-02 1.033204048871994019e-02 3.163477405905723572e-02 1.053540501743555069e-02 1.614539884030818939e-03 3.933175653219223022e-02 3.683981299400329590e-02 1.349492929875850677e-02 5.111429840326309204e-02 9.936896385625004768e-04 3.328188881278038025e-02 2.246851474046707153e-02 1.514939940534532070e-04 1.731770113110542297e-03 1.881012134253978729e-02 1.636097580194473267e-02 1.375582348555326462e-02 2.497869543731212616e-02 9.850800270214676857e-04 5.724802613258361816e-04 3.483648598194122314e-02 4.076864197850227356e-02 2.010870724916458130e-02 7.552859373390674591e-03 1.933460868895053864e-02 4.083927720785140991e-02 1.845607906579971313e-02 6.621986627578735352e-03 1.932593248784542084e-02 2.041696105152368546e-03 2.594977430999279022e-02 4.022129345685243607e-03 5.294956281431950629e-05 2.603414654731750488e-02 2.227466553449630737e-02 2.946921251714229584e-02 5.284352693706750870e-03 2.388090454041957855e-02 2.368995174765586853e-02 1.413879683241248131e-03 2.029970288276672363e-02 1.611731015145778656e-02 8.885642513632774353e-03 2.846851944923400879e-03 3.001322969794273376e-02 1.837079413235187531e-02 4.328664764761924744e-02 2.501446940004825592e-02 7.327318657189607620e-03 3.054333105683326721e-02 4.652598872780799866e-02 3.059417940676212311e-02 3.296057134866714478e-02 3.931893780827522278e-02 1.499313581734895706e-02 3.058715723454952240e-02 3.135382011532783508e-02 1.547699701040983200e-02 1.279390649870038033e-03 3.215845674276351929e-02 3.540163487195968628e-02 9.803320281207561493e-03 1.479544769972562790e-02 1.699240878224372864e-02 1.357536111027002335e-02 2.794514968991279602e-02 3.825084865093231201e-02 7.940879091620445251e-03 1.187171880155801773e-02 7.473349105566740036e-03 4.771566484123468399e-03 1.874824054539203644e-02 1.222872454673051834e-02 2.096288837492465973e-02 1.512742787599563599e-02 1.059499481925740838e-05 3.428183495998382568e-02
3.022403270006179810e-02 4.204506985843181610e-03 1.763579435646533966e-02 2.332365885376930237e-02 2.142781764268875122e-02 1.147903036326169968e-02 9.866761043667793274e-03 1.523138396441936493e-02 2.623989433050155640e-02 4.757979884743690491e-02 3.565662540495395660e-03 5.945237278938293457e-01 2.625071443617343903e-02 7.259988039731979370e-02 1.096939481794834137e-02 1.477808598428964615e-02 1.806449610739946365e-03 3.369612619280815125e-02 2.916888333857059479e-02 2.366296760737895966e-02 3.649032860994338989e-02 2.551612071692943573e-02 3.702839463949203491e-02 2.549862116575241089e-02 1.810169033706188202e-02 3.366748988628387451e-02 1.274112425744533539e-02 5.964497476816177368e-02 1.644601114094257355e-02 3.973899036645889282e-02 2.325962670147418976e-02 3.929799888283014297e-03 8.297437801957130432e-03 3.824824467301368713e-02 3.459814190864562988e-02 6.084526423364877701e-03 2.026229724287986755e-02 1.764959096908569336e-02 3.073169477283954620e-02 3.693079203367233276e-02 2.010337263345718384e-02 1.605065353214740753e-02 1.470037549734115601e-02 9.122675284743309021e-03 7.471930235624313354e-02 6.209062412381172180e-02 8.304097689688205719e-03 5.022039636969566345e-02 2.105213934555649757e-03 4.950425773859024048e-02 7.702182978391647339e-02 7.905337959527969360e-02 7.663486758247017860e-04 4.531174525618553162e-02 7.240920327603816986e-03 4.293061047792434692e-02 2.053617686033248901e-02 4.117095842957496643e-02 9.743418544530868530e-03 4.549327120184898376e-02 1.860875636339187622e-02 4.489307105541229248e-02 3.448938950896263123e-03 2.830002829432487488e-02 6.971177179366350174e-03 3.003383986651897430e-02 9.476707316935062408e-03 3.937489539384841919e-02 1.716313068754971027e-03 1.614268124103546143e-02 1.082852482795715332e-02 2.773124910891056061e-02 9.327393956482410431e-03 1.851260103285312653e-02 4.623172804713249207e-03 4.440637677907943726e-02 2.453438565135002136e-02 6.306935567408800125e-03 3.373588994145393372e-02 2.179012633860111237e-02 1.295707188546657562e-03 5.985479801893234253e-03 2.696095034480094910e-02 3.423964977264404297e-02 5.800655484199523926e-02 4.309128969907760620e-02 9.815030731260776520e-03 1.681669056415557861e-02 4.627457633614540100e-02 2.053574426099658012e-03 7.914151065051555634e-03 2.362782834097743034e-03 5.112473666667938232e-02 1.196560170501470566e-02 1.177695114165544510e-02 4.113427549600601196e-02 1.289161480963230133e-02 1.770736463367938995e-02 1.673730462789535522e-02 2.550677023828029633e-02 7.292479742318391800e-03 3.354398161172866821e-02 1.815683580935001373e-02 1.411420758813619614e-02 2.718064561486244202e-02 4.057006910443305969e-02 1.846795901656150818e-03 1.020177453756332397e-02 1.634014211595058441e-02 3.236673399806022644e-02 1.242352090775966644e-02 8.010981604456901550e-03 1.994009315967559814e-02 1.439505023881793022e-03 2.038997784256935120e-02 2.898027887567877769e-03
6.898137927055358887e-02 7.945976406335830688e-02 1.802331767976284027e-02 1.276569813489913940e-02 1.954193413257598877e-02 5.425284802913665771e-02 4.254399612545967102e-02 2.231665188446640968e-03 2.399463765323162079e-02 8.917772211134433746e-04 6.791140884160995483e-02 2.625071443617343903e-02 5.835902690887451172e-01 3.042037039995193481e-02 4.081306606531143188e-02 1.861129701137542725e-02 1.160093024373054504e-02 5.473393015563488007e-03 2.528244815766811371e-02 1.118386257439851761e-02 2.450466901063919067e-02 5.083436518907546997e-02 2.035809122025966644e-02 2.225249819457530975e-02 1.877210475504398346e-02 2.750732377171516418e-02 4.900339990854263306e-02 2.515432424843311310e-02 3.407930955290794373e-02 2.790071442723274231e-02 7.397107779979705811e-02 3.679128736257553101e-02 4.443187639117240906e-02 4.558247979730367661e-03 1.215371955186128616e-02 2.170817181468009949e-02 1.757681020535528660e-04 1.537069678306579590e-02 2.766680531203746796e-02 3.497112542390823364e-02 1.478739082813262939e-02 2.627914026379585266e-02 9.897098876535892487e-03 4.296609258744865656e-04 4.547384381294250488e-02 3.581973537802696228e-02 2.725566178560256958e-02 3.837321419268846512e-03 7.890045642852783203e-03 1.127667818218469620e-02 4.291805997490882874e-02 2.773580141365528107e-02 2.655159868299961090e-02 6.347742746584117413e-04 2.651222050189971924e-02 2.211166359484195709e-02 3.525887150317430496e-03 3.570799902081489563e-02 2.399105578660964966e-02 1.626913622021675110e-02 3.608309850096702576e-02 1.847788691520690918e-02 1.893079839646816254e-02 2.371292375028133392e-02 8.468655869364738464e-03 5.867028608918190002e-02 1.251844875514507294e-02 2.266665920615196228e-02 3.640734823420643806e-03 2.457576803863048553e-03 1.270270091481506824e-03 4.081859812140464783e-02 2.125655487179756165e-02 1.412219280609861016e-04 3.759361803531646729e-02 2.008266188204288483e-02 2.294901013374328613e-02 1.975393295288085938e-02 1.063574478030204773e-02 1.567533053457736969e-02 9.676471352577209473e-03 5.821653758175671101e-04 2.001654170453548431e-02 2.388872765004634857e-02 2.788827987387776375e-03 1.247096247971057892e-02 3.986979834735393524e-03 1.048384513705968857e-02 5.530593451112508774e-03 3.940974920988082886e-02 2.627324871718883514e-02 1.921064034104347229e-02 2.069867216050624847e-02 5.591940879821777344e-02 2.401431836187839508e-02 4.437066614627838135e-03 5.388610996305942535e-03 1.424505654722452164e-02 2.462640032172203064e-02 2.673858776688575745e-02 3.441901504993438721e-02 2.194578992202877998e-03 1.181193999946117401e-02 1.852924749255180359e-02 4.341436922550201416e-02 2.713356725871562958e-02 3.500685468316078186e-02 1.231503114104270935e-02 6.990855094045400620e-03 5.701863020658493042e-02 1.218172349035739899e-02 1.409883238375186920e-02 1.954478211700916290e-02 1.189839281141757965e-02 2.558916807174682617e-02 3.730044886469841003e-02
