4.997484683990478516e-01 2.709393203258514404e-01 1.057450287044048309e-02 1.189002208411693573e-02 1.496235560625791550e-02 1.935076862573623657e-01 1.809069067239761353e-01 3.876180574297904968e-02 2.507101744413375854e-02 5.477742757648229599e-03 2.164302617311477661e-01 2.267762646079063416e-02 1.854759156703948975e-01 2.599492110311985016e-02 4.255727306008338928e-02 2.374963462352752686e-02 1.594757288694381714e-02 2.179168723523616791e-02 5.943188443779945374e-03 2.110067009925842285e-02 3.160027042031288147e-02 7.802926935255527496e-03 2.339766360819339752e-02 3.782047331333160400e-02 1.678555086255073547e-02 2.573758549988269806e-02 8.833883330225944519e-03 5.251947790384292603e-02 5.236715823411941528e-02 1.285308040678501129e-02 4.543996974825859070e-02 2.949987165629863739e-02 2.751908078789710999e-02 1.488935668021440506e-02 2.382614091038703918e-02 2.879096195101737976e-02 3.026540577411651611e-02 2.872260659933090210e-02 2.671863324940204620e-02 1.769864745438098907e-02 4.570319131016731262e-02 2.747130580246448517e-02 2.941789571195840836e-03 1.892169006168842316e-02 3.882986679673194885e-02 4.838457703590393066e-02 4.866594821214675903e-02 5.123606696724891663e-02 2.773788059130311012e-03 1.655142381787300110e-02 1.212451898027211428e-04 6.788014434278011322e-03 2.402066998183727264e-02 1.898277550935745239e-02 9.416669607162475586e-03 3.942481800913810730e-02 2.691295929253101349e-02 3.132771700620651245e-02 2.403616160154342651e-02 1.905721239745616913e-02 5.038664862513542175e-02 2.904544584453105927e-02 3.565405309200286865e-02 2.108919247984886169e-02 4.485018923878669739e-02 3.030993603169918060e-02 3.661198168992996216e-02 3.622563183307647705e-02 1.238136831670999527e-02 4.275944828987121582e-02 2.928176894783973694e-03 5.989888217300176620e-03 1.695717498660087585e-02 3.515654429793357849e-02 1.643517427146434784e-02 1.116790249943733215e-02 1.638423092663288116e-02 2.683729119598865509e-02 1.506274007260799408e-02 2.798374369740486145e-02 2.334472164511680603e-02 2.482226677238941193e-02 1.525683328509330750e-02 2.823714353144168854e-02 1.725240051746368408e-02 4.065075144171714783e-02 6.047158502042293549e-03 1.223740819841623306e-02 1.202827901579439640e-03 1.242039166390895844e-02 2.157551608979701996e-02 3.474908322095870972e-02 4.253840073943138123e-02 1.992627233266830444e-02 1.766706816852092743e-02 1.689490489661693573e-02 7.251644507050514221e-03 2.156413346529006958e-02 1.721351221203804016e-02 2.885911427438259125e-02 4.074164852499961853e-02 4.435809329152107239e-02 1.527609862387180328e-02 4.541156440973281860e-02 3.838432254269719124e-03 2.120745740830898285e-02 1.469371141865849495e-03 2.205614745616912842e-02 2.110492996871471405e-02 1.996118389070034027e-02 3.003286197781562805e-02 3.434222191572189331e-02 2.074703574180603027e-02 2.494383603334426880e-02 2.087366767227649689e-02 1.331805810332298279e-02
2.709393203258514404e-01 4.983839094638824463e-01 1.277483720332384109e-02 6.162406876683235168e-03 1.873540692031383514e-02 1.874095946550369263e-01 2.100914418697357178e-01 3.808625414967536926e-02 1.043295674026012421e-02 8.506776764988899231e-03 1.919519156217575073e-01 5.382928624749183655e-02 2.072312682867050171e-01 2.247040346264839172e-02 4.417150467634201050e-02 2.246571145951747894e-02 3.016949631273746490e-03 3.989066556096076965e-02 2.249578945338726044e-02 1.546145300380885601e-03 3.746246546506881714e-02 3.823086246848106384e-02 2.432371117174625397e-02 2.885785652324557304e-03 7.498976774513721466e-03 3.090075775980949402e-02 1.902523450553417206e-02 2.486639469861984253e-02 1.990353502333164215e-02 1.462575607001781464e-02 2.975580655038356781e-02 3.649375960230827332e-02 2.367567084729671478e-02 2.400179766118526459e-02 2.900714613497257233e-02 2.339203283190727234e-02 8.755695074796676636e-03 5.057193338871002197e-02 3.639946924522519112e-03 1.092495396733283997e-02 4.336448386311531067e-02 2.293064817786216736e-02 1.256067492067813873e-02 6.356998346745967865e-03 1.177655439823865891e-02 2.678897581063210964e-04 5.493147298693656921e-02 2.971988357603549957e-02 3.006987646222114563e-02 1.239375211298465729e-03 7.994695566594600677e-03 9.870536625385284424e-03 1.420813798904418945e-02 2.049762569367885590e-02 4.100868105888366699e-02 6.367485504597425461e-03 2.127738902345299721e-03 2.970412373542785645e-02 2.123550139367580414e-02 1.533172093331813812e-02 7.825385779142379761e-03 2.503234148025512695e-02 1.734351925551891327e-02 3.046838007867336273e-02 1.281981077045202255e-02 5.218362435698509216e-03 2.443044260144233704e-02 3.044353984296321869e-02 1.387437619268894196e-02 4.562259465456008911e-02 2.998028323054313660e-02 1.718769781291484833e-02 1.792264729738235474e-02 4.699531570076942444e-02 2.931080572307109833e-02 2.061150269582867622e-03 4.050139337778091431e-02 6.929276976734399796e-03 3.611509129405021667e-02 3.020949475467205048e-02 1.262945123016834259e-02 2.918137423694133759e-02 4.106076899915933609e-03 2.179794013500213623e-02 1.776151172816753387e-02 3.484518034383654594e-03 2.970329485833644867e-02 1.432045269757509232e-02 2.339190430939197540e-02 4.540614038705825806e-02 2.606146968901157379e-02 1.805575750768184662e-02 1.724006142467260361e-03 2.776613645255565643e-02 4.672818817198276520e-03 3.967111557722091675e-02 8.969642221927642822e-03 2.350413799285888672e-02 8.931462652981281281e-04 3.069231100380420685e-02 4.384470731019973755e-02 3.782508149743080139e-02 1.102697942405939102e-02 4.832874983549118042e-02 1.104912720620632172e-02 2.159508690237998962e-02 3.174455836415290833e-03 3.291155211627483368e-03 2.387315034866333008e-03 1.743410713970661163e-02 4.732863232493400574e-02 3.751143440604209900e-02 5.492464639246463776e-03 5.214731022715568542e-02 1.170248351991176605e-02 3.227083384990692139e-02
1.057450287044048309e-02 1.277483720332384109e-02 4.421505630016326904e-01 3.062272211536765099e-03 1.634067110717296600e-02 3.301838878542184830e-03 3.480937797576189041e-03 2.032029777765274048e-01 2.398516237735748291e-02 3.841848671436309814e-02 8.617494255304336548e-03 4.454988986253738403e-02 1.045679952949285507e-02 3.072991222143173218e-02 1.783005148172378540e-02 2.093422412872314453e-02 4.392696917057037354e-02 7.696119137108325958e-03 2.582650445401668549e-02 1.606766600161790848e-03 3.990446857642382383e-04 5.191266536712646484e-02 5.555959790945053101e-02 2.016748487949371338e-02 4.256694763898849487e-02 2.579783275723457336e-02 1.577054150402545929e-02 4.797608405351638794e-02 2.537170425057411194e-03 5.098764318972826004e-03 3.583036735653877258e-02 9.296956472098827362e-03 3.082333132624626160e-02 7.324407994747161865e-02 3.074588440358638763e-02 2.189731784164905548e-02 4.402828961610794067e-02 2.197170443832874298e-02 3.057939559221267700e-02 1.542299054563045502e-02 1.202327292412519455e-02 3.194739669561386108e-02 1.314504910260438919e-02 5.714463535696268082e-03 5.586091428995132446e-03 2.551359310746192932e-02 2.399278618395328522e-02 2.298435755074024200e-02 3.857839619740843773e-04 3.533491864800453186e-02 2.996046468615531921e-02 1.120182406157255173e-02 4.067703615874052048e-03 5.097282119095325470e-03 6.264999508857727051e-03 2.205278910696506500e-02 2.066409215331077576e-02 3.291275724768638611e-02 2.564018964767456055e-02 4.212778061628341675e-02 2.087976038455963135e-02 3.473879070952534676e-03 1.534143695607781410e-03 1.003714860416948795e-03 7.566567976027727127e-03 4.148223251104354858e-02 3.179214661940932274e-03 1.046587061136960983e-02 7.258122786879539490e-03 8.240329101681709290e-03 4.229671135544776917e-02 2.271123975515365601e-02 7.086914032697677612e-03 2.362979762256145477e-02 5.181889608502388000e-02 3.276266157627105713e-02 1.794804469682276249e-03 7.836508564651012421e-03 4.445004463195800781e-02 3.434429178014397621e-03 1.782437562942504883e-01 9.202565997838973999e-02 3.600721061229705811e-02 1.804441213607788086e-02 1.999169215559959412e-02 3.947038948535919189e-02 3.163759410381317139e-02 1.094744261354207993e-02 1.789858378469944000e-02 3.830671682953834534e-02 1.405725814402103424e-02 1.571702770888805389e-02 4.058917984366416931e-02 1.308760140091180801e-02 9.166782721877098083e-03 1.160416193306446075e-02 2.873519808053970337e-02 1.862538978457450867e-02 2.771722711622714996e-02 2.839673310518264771e-02 2.276332117617130280e-02 4.773657768964767456e-03 3.516791760921478271e-02 2.299400418996810913e-02 3.111684694886207581e-02 2.867135778069496155e-02 4.484265670180320740e-02 4.215776547789573669e-02 4.372848197817802429e-02 6.956528872251510620e-03 4.179823212325572968e-03 1.529844291508197784e-02 3.277157992124557495e-02 3.220559656620025635e-02 1.363584399223327637e-02 3.688008710741996765e-02
1.189002208411693573e-02 6.162406876683235168e-03 3.062272211536765099e-03 4.822219908237457275e-01 1.765626221895217896e-01 4.308375343680381775e-02 2.373744733631610870e-03 4.085552413016557693e-03 2.120685577392578125e-02 3.119028545916080475e-02 1.894240081310272217e-02 3.073747083544731140e-02 2.882093191146850586e-02 4.774830117821693420e-02 3.997734189033508301e-02 5.068580433726310730e-02 3.918486088514328003e-02 2.986608073115348816e-02 6.378845870494842529e-02 3.305938839912414551e-02 5.841915961354970932e-03 9.812780655920505524e-03 3.842430189251899719e-02 4.759939014911651611e-02 2.993140555918216705e-02 2.488382626324892044e-03 1.730485633015632629e-02 2.018521167337894440e-02 6.528639234602451324e-03 1.214003190398216248e-02 1.501814275979995728e-02 4.321298748254776001e-02 5.876069515943527222e-02 3.149701654911041260e-02 6.857965141534805298e-02 2.770769223570823669e-02 1.577089168131351471e-02 9.081939235329627991e-03 1.399066150188446045e-01 1.273223459720611572e-01 4.720901325345039368e-02 5.242545902729034424e-02 9.373311884701251984e-03 5.261724814772605896e-03 2.069197408854961395e-02 9.767324663698673248e-03 2.191687002778053284e-02 2.226713486015796661e-02 2.181719988584518433e-02 4.089794121682643890e-03 1.736097037792205811e-02 2.528094872832298279e-02 4.441681131720542908e-02 3.327012807130813599e-02 2.997410297393798828e-02 4.705180972814559937e-02 5.817177705466747284e-03 3.587031364440917969e-02 4.076626524329185486e-02 5.091476812958717346e-02 4.076809808611869812e-02 1.849997974932193756e-02 5.157408490777015686e-02 4.286323115229606628e-02 5.885937437415122986e-02 1.386820711195468903e-02 4.681745544075965881e-02 4.483723267912864685e-02 2.194562926888465881e-02 2.338694222271442413e-02 4.316230490803718567e-02 3.770910948514938354e-02 1.243840679526329041e-01 2.617899328470230103e-03 1.433278322219848633e-01 2.616860158741474152e-02 3.136090189218521118e-02 1.132840849459171295e-02 4.514257609844207764e-02 4.522002860903739929e-02 8.486111648380756378e-03 1.195386890321969986e-02 6.035103276371955872e-02 1.170301288366317749e-01 3.051998652517795563e-02 5.714094731956720352e-04 4.125115461647510529e-03 6.001552566885948181e-03 5.125082284212112427e-02 2.677306905388832092e-02 1.843924634158611298e-02 6.251674890518188477e-02 1.960098743438720703e-02 1.956516131758689880e-02 4.486346244812011719e-02 4.620268195867538452e-02 5.667570512741804123e-03 1.373897865414619446e-02 4.144003149121999741e-03 1.425015274435281754e-02 7.386010140180587769e-03 1.356422994285821915e-02 2.562292618677020073e-03 4.163673520088195801e-02 2.273935638368129730e-02 5.468545481562614441e-02 1.361824572086334229e-02 1.110453438013792038e-02 1.995639503002166748e-02 3.314723446965217590e-02 5.521161481738090515e-02 5.522292479872703552e-02 3.959346935153007507e-02 1.656103506684303284e-02 2.824388444423675537e-02 1.585365389473736286e-03
1.496235560625791550e-02 1.873540692031383514e-02 1.634067110717296600e-02 1.765626221895217896e-01 4.816547632217407227e-01 4.006031155586242676e-02 6.042310502380132675e-03 3.634938597679138184e-02 3.748490009456872940e-03 1.587148010730743408e-02 1.075402926653623581e-02 4.054019600152969360e-02 3.587769344449043274e-02 5.295478180050849915e-02 2.114239148795604706e-02 3.939242288470268250e-02 2.920687198638916016e-02 5.194690078496932983e-02 6.618520617485046387e-02 1.960038393735885620e-02 3.090536594390869141e-02 1.432885322719812393e-02 7.505848538130521774e-03 1.211419003084301949e-03 3.352081868797540665e-03 1.052496209740638733e-02 1.674005761742591858e-02 2.426218427717685699e-02 5.122518911957740784e-02 4.220283403992652893e-02 4.475922882556915283e-02 2.280567400157451630e-02 1.554263290017843246e-02 4.003331437706947327e-02 3.948671743273735046e-02 1.213436014950275421e-02 8.348293602466583252e-03 2.374069951474666595e-02 1.314594596624374390e-01 1.415296941995620728e-01 3.531594574451446533e-02 1.142302341759204865e-02 5.700463429093360901e-02 7.772231474518775940e-03 1.714095124043524265e-03 2.408616477623581886e-03 1.556077133864164352e-02 3.008132800459861755e-02 2.657551690936088562e-02 2.154012024402618408e-02 1.650616526603698730e-02 1.011485327035188675e-02 1.490645203739404678e-02 5.238093808293342590e-02 4.781343787908554077e-02 5.229999125003814697e-02 3.331504063680768013e-03 5.293140932917594910e-02 2.501403354108333588e-02 3.302322328090667725e-02 4.225610569119453430e-02 1.842152513563632965e-02 2.796830236911773682e-02 2.603497169911861420e-02 1.404222287237644196e-02 5.680637899786233902e-03 1.597694680094718933e-02 1.929267868399620056e-02 4.336168244481086731e-02 2.042452991008758545e-02 3.567722067236900330e-02 1.148662064224481583e-02 8.437598496675491333e-02 4.837739095091819763e-02 1.449851989746093750e-01 2.026317268610000610e-02 4.204275086522102356e-02 1.595828309655189514e-02 3.820270299911499023e-02 1.134429778903722763e-02 4.707963764667510986e-02 6.488508544862270355e-03 8.258236199617385864e-02 1.360566765069961548e-01 4.814644902944564819e-02 4.160519689321517944e-02 1.289306394755840302e-02 1.143321278505027294e-03 2.702490054070949554e-02 3.394093364477157593e-02 2.820227760821580887e-03 1.242475584149360657e-03 2.145306952297687531e-02 3.699024021625518799e-02 2.140344493091106415e-02 4.582757130265235901e-03 2.875980921089649200e-02 2.754727564752101898e-02 2.538042329251766205e-02 2.202704126830212772e-05 2.622024342417716980e-02 2.876696642488241196e-03 3.221409767866134644e-02 9.221624583005905151e-03 9.683588519692420959e-03 3.923686221241950989e-02 2.333240397274494171e-02 4.172630980610847473e-02 1.499387621879577637e-02 3.553382819518446922e-03 3.915175050497055054e-02 1.758603937923908234e-02 3.895967826247215271e-02 2.650497108697891235e-02 1.837879419326782227e-02 1.740401983261108398e-02
1.935076862573623657e-01 1.874095946550369263e-01 3.301838878542184830e-03 4.308375343680381775e-02 4.006031155586242676e-02 4.913271963596343994e-01 2.417147159576416016e-01 1.273462828248739243e-02 2.687771990895271301e-02 1.974733313545584679e-03 1.538961529731750488e-01 2.848243821063078940e-05 9.255746006965637207e-02 4.929090663790702820e-02 2.051432058215141296e-02 1.992206834256649017e-02 2.340026665478944778e-03 1.606388576328754425e-02 2.931077405810356140e-02 8.308952674269676208e-03 2.740534022450447083e-03 2.489353157579898834e-02 1.992564462125301361e-02 3.842882812023162842e-02 2.174634113907814026e-02 3.743303939700126648e-02 3.857219964265823364e-02 1.875052973628044128e-02 1.424425188452005386e-02 1.922991499304771423e-02 5.647879838943481445e-02 2.124285697937011719e-02 3.291311115026473999e-02 3.882056102156639099e-02 3.222048282623291016e-02 2.537054196000099182e-02 9.329704567790031433e-03 3.181627020239830017e-03 4.363404586911201477e-03 1.678684353828430176e-02 2.397958934307098389e-02 2.953718230128288269e-02 2.501565217971801758e-02 2.322583645582199097e-02 1.105742529034614563e-02 1.324805431067943573e-02 1.585801094770431519e-01 2.844939008355140686e-02 1.827930472791194916e-02 2.459431067109107971e-02 1.830355636775493622e-02 1.366178318858146667e-02 6.095791468396782875e-04 2.109700813889503479e-03 9.845731779932975769e-03 3.660957142710685730e-02 7.690335158258676529e-03 2.602774277329444885e-02 3.813221678137779236e-02 6.453279871493577957e-03 4.200046509504318237e-02 2.311750128865242004e-02 5.754735320806503296e-03 1.651475019752979279e-02 2.250103652477264404e-02 5.217747762799263000e-02 1.103876065462827682e-02 1.381017267704010010e-02 1.923822797834873199e-02 1.499438472092151642e-02 1.989872753620147705e-02 4.285506159067153931e-02 2.565533481538295746e-02 2.624325267970561981e-02 7.243276573717594147e-03 4.066853225231170654e-02 3.137807548046112061e-02 2.961640805006027222e-02 2.443524263799190521e-02 1.128940749913454056e-02 7.877261377871036530e-03 4.841421172022819519e-02 1.946719549596309662e-02 1.809291355311870575e-02 1.536070276051759720e-02 3.712945058941841125e-02 3.217761963605880737e-02 3.660876303911209106e-02 2.970886044204235077e-02 1.604074984788894653e-02 6.209206581115722656e-02 4.693164676427841187e-02 3.984684124588966370e-02 2.949717827141284943e-02 1.456010434776544571e-02 4.047227650880813599e-02 3.646342083811759949e-02 5.650858394801616669e-03 2.264681644737720490e-02 3.064811695367097855e-03 1.992267929017543793e-02 5.870024673640727997e-03 5.204914882779121399e-02 8.646892383694648743e-03 3.578975424170494080e-02 4.009945690631866455e-02 2.461382374167442322e-02 6.076997611671686172e-03 2.782038040459156036e-02 1.408945210278034210e-02 7.480998989194631577e-03 2.269217185676097870e-02 3.796591237187385559e-02 3.616860834881663322e-03 4.356496408581733704e-02 2.823812514543533325e-02
1.809069067239761353e-01 2.100914418697357178e-01 3.480937797576189041e-03 2.373744733631610870e-03 6.042310502380132675e-03 2.417147159576416016e-01 4.986150562763214111e-01 3.159718960523605347e-02 3.693976253271102905e-02 1.541460514999926090e-03 1.651276946067810059e-01 7.003466133028268814e-03 1.335959732532501221e-01 2.434215135872364044e-02 1.178996730595827103e-02 1.102641038596630096e-02 2.984327264130115509e-02 2.721310034394264221e-02 3.763019293546676636e-02 4.394039884209632874e-02 1.054966077208518982e-02 1.487369555979967117e-02 2.716377191245555878e-02 3.973976708948612213e-03 3.286964073777198792e-02 2.711150236427783966e-02 2.878555096685886383e-02 4.437198117375373840e-02 9.551980532705783844e-03 9.755277074873447418e-03 3.559500910341739655e-03 6.966671440750360489e-03 3.129774332046508789e-02 2.410806901752948761e-02 2.332569099962711334e-02 3.783580288290977478e-02 4.218131676316261292e-02 1.042503584176301956e-02 1.474309805780649185e-02 4.595526028424501419e-03 2.532885596156120300e-02 4.711855202913284302e-02 1.061981264501810074e-02 4.145294427871704102e-03 4.124517738819122314e-02 4.187460243701934814e-02 1.857526898384094238e-01 1.009177491068840027e-01 2.162737771868705750e-02 4.123370349407196045e-02 2.476011030375957489e-02 2.155830152332782745e-02 1.374466810375452042e-03 1.729660667479038239e-02 2.363224141299724579e-02 3.154874220490455627e-02 1.498063188046216965e-02 8.930797688663005829e-03 2.800903469324111938e-02 9.008316323161125183e-03 1.221022248500958085e-04 3.811844065785408020e-02 2.632080018520355225e-02 1.456761546432971954e-02 4.954344034194946289e-02 1.573118194937705994e-02 3.841498494148254395e-02 2.851911075413227081e-02 1.098956912755966187e-02 1.254609413444995880e-02 1.305073313415050507e-02 2.812271192669868469e-02 8.174965158104896545e-03 3.503321483731269836e-02 3.013666160404682159e-02 4.089897125959396362e-02 3.334044292569160461e-02 2.413982711732387543e-02 7.221243577077984810e-04 2.960103563964366913e-02 2.177249453961849213e-02 3.646498918533325195e-02 1.998736150562763214e-02 3.458652272820472717e-02 3.892000392079353333e-02 1.736019924283027649e-02 3.113197721540927887e-02 1.519662793725728989e-02 2.839320711791515350e-02 1.392548717558383942e-02 7.001882884651422501e-03 3.406130149960517883e-02 4.288050532341003418e-02 5.351065192371606827e-03 2.463478408753871918e-02 2.455502934753894806e-02 3.826111182570457458e-02 1.306694000959396362e-03 4.840901494026184082e-02 2.653300948441028595e-02 2.023706026375293732e-02 2.408811356872320175e-03 3.219760954380035400e-02 5.917153321206569672e-03 4.012361541390419006e-02 3.002210333943367004e-02 4.999855067580938339e-03 6.195903941988945007e-02 2.987722121179103851e-02 3.473275899887084961e-02 3.754035755991935730e-02 7.899854332208633423e-03 1.681386679410934448e-02 1.134660560637712479e-02 3.666046634316444397e-02 7.760679582133889198e-04
3.876180574297904968e-02 3.808625414967536926e-02 2.032029777765274048e-01 4.085552413016557693e-03 3.634938597679138184e-02 1.273462828248739243e-02 3.159718960523605347e-02 4.656240642070770264e-01 4.204061347991228104e-03 6.988074164837598801e-03 1.919050142168998718e-02 2.753860689699649811e-02 1.246788422577083111e-03 4.288148134946823120e-02 6.427612900733947754e-02 7.809347938746213913e-03 3.469303250312805176e-02 1.547888945788145065e-02 9.677544236183166504e-03 2.874632552266120911e-02 3.853904083371162415e-02 1.042349077761173248e-02 3.068220801651477814e-02 8.468402549624443054e-03 3.397318348288536072e-02 3.507159650325775146e-02 3.337551280856132507e-02 3.191795945167541504e-02 2.095967531204223633e-02 4.641797393560409546e-02 1.293574646115303040e-02 2.877266518771648407e-02 9.252277202904224396e-03 3.021539933979511261e-02 2.341924980282783508e-02 1.815828378312289715e-03 1.373623963445425034e-02 6.264937669038772583e-02 4.420372471213340759e-02 5.077308509498834610e-03 1.081472486257553101e-01 2.600419521331787109e-02 4.231783375144004822e-02 9.753130376338958740e-02 4.917388316243886948e-03 3.087427467107772827e-02 3.312894329428672791e-02 5.120052490383386612e-03 3.074403479695320129e-02 1.714015193283557892e-02 1.445591822266578674e-02 2.014965936541557312e-02 2.064633648842573166e-03 4.654983431100845337e-02 3.656484186649322510e-02 3.646644204854965210e-02 2.561633288860321045e-02 3.232083469629287720e-02 1.061605662107467651e-02 5.016693845391273499e-02 1.876347669167444110e-04 2.618462592363357544e-02 2.389026246964931488e-02 2.992943488061428070e-02 1.314381044358015060e-02 5.039826966822147369e-03 3.068912029266357422e-02 3.874632716178894043e-02 4.793722182512283325e-03 8.641996420919895172e-03 1.231138128787279129e-02 1.583909057080745697e-02 1.143324840813875198e-02 1.973327435553073883e-02 1.832477934658527374e-02 9.342522360384464264e-03 4.476233944296836853e-02 4.403030127286911011e-02 2.538713812828063965e-02 3.095823153853416443e-02 1.552637219429016113e-01 9.674471616744995117e-02 1.319931913167238235e-02 3.322826698422431946e-02 3.591299522668123245e-03 8.459291420876979828e-03 8.466485887765884399e-02 8.503068238496780396e-02 4.298744723200798035e-02 4.501304030418395996e-02 2.532625570893287659e-02 2.067254856228828430e-02 8.113062009215354919e-03 5.377767607569694519e-03 2.376307034865021706e-03 1.021958887577056885e-02 2.879056520760059357e-02 3.003866178914904594e-03 5.477369297295808792e-03 1.301017589867115021e-02 1.929939910769462585e-02 4.879110958427190781e-03 3.113118000328540802e-02 4.790788888931274414e-02 7.978042587637901306e-03 7.651959080249071121e-03 1.495470385998487473e-02 2.273663878440856934e-02 2.516104094684123993e-02 2.421741560101509094e-02 2.815062552690505981e-02 3.326825797557830811e-02 3.842039406299591064e-02 9.289691224694252014e-03 1.586179016157984734e-03 2.071795426309108734e-02
2.507101744413375854e-02 1.043295674026012421e-02 2.398516237735748291e-02 2.120685577392578125e-02 3.748490009456872940e-03 2.687771990895271301e-02 3.693976253271102905e-02 4.204061347991228104e-03 4.675235748291015625e-01 1.223193295300006866e-02 4.425190389156341553e-03 1.378928311169147491e-03 3.095055185258388519e-02 3.724973648786544800e-02 2.736189030110836029e-02 1.271309237927198410e-02 5.605690926313400269e-02 3.250012546777725220e-02 4.084267094731330872e-02 2.484597638249397278e-02 6.605715025216341019e-03 4.130033031105995178e-02 1.360838022083044052e-02 3.258854895830154419e-02 3.374393284320831299e-02 2.589376457035541534e-02 4.404169693589210510e-02 3.757479600608348846e-03 4.526958242058753967e-02 1.039248704910278320e-02 4.214870184659957886e-02 3.310406580567359924e-02 5.532936751842498779e-02 1.243366580456495285e-02 3.511448949575424194e-02 4.377231001853942871e-02 3.902935609221458435e-02 1.581467688083648682e-02 3.095201216638088226e-02 7.237876765429973602e-03 2.924864552915096283e-02 6.856214255094528198e-02 1.058438140898942947e-02 4.081857576966285706e-02 1.432563876733183861e-03 3.032715246081352234e-02 3.660233691334724426e-02 2.575659193098545074e-02 8.248481899499893188e-02 4.867967683821916580e-03 2.116776444017887115e-02 3.477839380502700806e-02 2.070979028940200806e-02 2.992550469934940338e-02 1.147716566920280457e-01 3.598978742957115173e-02 4.445293545722961426e-02 2.725791819102596492e-05 3.256392851471900940e-02 3.020971827208995819e-02 5.855920538306236267e-02 2.213134802877902985e-02 4.241310432553291321e-02 9.020064026117324829e-03 3.470444306731224060e-02 2.452458254992961884e-02 6.313883699476718903e-03 1.819615252315998077e-02 8.382440544664859772e-03 5.310010164976119995e-02 2.301115356385707855e-02 2.696269191801548004e-02 3.587802127003669739e-02 3.384887054562568665e-02 2.433933131396770477e-02 3.376698121428489685e-02 1.044127717614173889e-01 1.631374470889568329e-02 9.862826764583587646e-02 5.944151058793067932e-02 2.311603166162967682e-02 3.185792639851570129e-02 2.976128272712230682e-02 2.230042405426502228e-02 3.411181271076202393e-02 5.299865081906318665e-02 1.044601015746593475e-02 2.776675671339035034e-02 3.419048339128494263e-02 4.738064855337142944e-02 2.715739421546459198e-02 4.030910134315490723e-02 1.201705820858478546e-02 3.157254308462142944e-02 7.137994281947612762e-03 1.880794949829578400e-02 1.689457148313522339e-02 7.871902734041213989e-02 1.168229505419731140e-01 3.137237578630447388e-02 5.557685345411300659e-02 4.106662049889564514e-02 4.781131073832511902e-02 2.165618538856506348e-02 4.527459293603897095e-02 2.173786982893943787e-02 1.679723709821701050e-02 5.228490382432937622e-02 2.683222526684403419e-03 1.105141267180442810e-02 1.409031730145215988e-02 5.461247265338897705e-02 4.340875148773193359e-02 9.031279943883419037e-03 2.217456884682178497e-02 1.978274062275886536e-02
5.477742757648229599e-03 8.506776764988899231e-03 3.841848671436309814e-02 3.119028545916080475e-02 1.587148010730743408e-02 1.974733313545584679e-03 1.541460514999926090e-03 6.988074164837598801e-03 1.223193295300006866e-02 4.751311540603637695e-01 3.127739951014518738e-02 6.331123877316713333e-03 4.554222151637077332e-02 7.373497635126113892e-02 4.650194023270159960e-04 8.899699896574020386e-03 2.305045351386070251e-02 1.052991487085819244e-02 3.044991381466388702e-02 2.809031493961811066e-02 4.786563664674758911e-02 3.034283593297004700e-02 3.043743781745433807e-02 9.233178198337554932e-02 1.796134002506732941e-02 5.366530269384384155e-03 1.183169707655906677e-02 3.474320471286773682e-02 5.257170647382736206e-02 3.254133462905883789e-02 2.112621441483497620e-03 1.647694967687129974e-02 1.747141033411026001e-02 3.147236257791519165e-02 2.104993723332881927e-02 2.167590707540512085e-02 3.997145593166351318e-02 4.557745531201362610e-02 4.690567404031753540e-02 1.148690842092037201e-02 4.174935445189476013e-02 1.749753952026367188e-02 2.898241765797138214e-02 9.766035946086049080e-04 5.134014785289764404e-02 1.968347094953060150e-02 4.456951469182968140e-02 6.809480953961610794e-03 1.479224208742380142e-02 1.181997656822204590e-01 4.476522281765937805e-02 8.565373718738555908e-03 4.668615385890007019e-02 1.148679293692111969e-02 1.242257654666900635e-02 1.117390617728233337e-01 1.523014798294752836e-04 2.857251279056072235e-02 4.346529394388198853e-02 3.288397192955017090e-02 2.096016705036163330e-02 3.711078083142638206e-03 5.451173707842826843e-02 3.310154750943183899e-02 2.355919778347015381e-02 8.203431032598018646e-03 2.969205379486083984e-02 3.619009256362915039e-02 2.627741359174251556e-02 1.951695419847965240e-02 7.149469107389450073e-02 2.538012340664863586e-02 2.228690125048160553e-02 3.226272063329815865e-03 3.891399130225181580e-02 3.146000951528549194e-02 2.496370859444141388e-02 1.540364772081375122e-01 1.104830857366323471e-02 1.286914348602294922e-01 2.470842562615871429e-02 2.099893800914287567e-02 2.125539071857929230e-02 3.816044703125953674e-02 1.819929224438965321e-03 1.464541442692279816e-02 5.185864865779876709e-02 1.954827923327684402e-03 5.783900618553161621e-03 1.047557815909385681e-01 4.190607741475105286e-02 4.549875855445861816e-02 3.418148029595613480e-03 1.329858414828777313e-02 3.249688446521759033e-02 4.412607848644256592e-02 3.355758637189865112e-02 4.249815270304679871e-02 2.755000442266464233e-02 2.747321687638759613e-02 9.639388881623744965e-03 6.596255581825971603e-03 1.823305524885654449e-02 4.574540257453918457e-02 1.122973021119832993e-02 4.066073894500732422e-02 2.069812081754207611e-02 4.460064321756362915e-02 9.464164264500141144e-03 5.033244192600250244e-02 1.985276676714420319e-02 3.356584580615162849e-03 4.377146437764167786e-02 1.351968199014663696e-02 1.821751520037651062e-02 8.974753320217132568e-03
2.164302617311477661e-01 1.919519156217575073e-01 8.617494255304336548e-03 1.894240081310272217e-02 1.075402926653623581e-02 1.538961529731750488e-01 1.651276946067810059e-01 1.919050142168998718e-02 4.425190389156341553e-03 3.127739951014518738e-02 4.959923326969146729e-01 1.834845519624650478e-03 1.934866607189178467e-01 2.055411040782928467e-02 1.335542928427457809e-02 7.822380401194095612e-03 6.747565697878599167e-03 1.252121478319168091e-02 3.570509701967239380e-02 3.913276642560958862e-02 2.615432254970073700e-02 2.728718519210815430e-02 7.621713448315858841e-03 1.094725230359472334e-04 2.007230184972286224e-02 2.726981649175286293e-03 1.560374721884727478e-02 7.319147139787673950e-02 4.539334774017333984e-02 1.512376405298709869e-02 5.491601303219795227e-02 3.642755001783370972e-02 1.637799106538295746e-02 2.488382533192634583e-02 4.024938121438026428e-02 5.268531292676925659e-02 1.095724850893020630e-02 1.453875098377466202e-02 3.563657402992248535e-02 1.609534583985805511e-02 4.385158047080039978e-02 9.712247177958488464e-03 7.460115477442741394e-03 1.203606650233268738e-02 2.624912001192569733e-02 4.354590200819075108e-04 1.050261110067367554e-01 5.363855138421058655e-02 4.171631112694740295e-02 3.152789175510406494e-02 1.918219961225986481e-02 1.260408759117126465e-02 3.894547745585441589e-02 3.915780037641525269e-02 4.728774726390838623e-02 2.012723125517368317e-02 3.625154728069901466e-03 2.166588045656681061e-02 2.607119083404541016e-02 3.711353056132793427e-03 4.332425445318222046e-02 2.715483494102954865e-02 6.027262657880783081e-03 1.436132565140724182e-02 1.097519509494304657e-02 6.801958382129669189e-02 3.972597047686576843e-02 3.718301281332969666e-02 1.996251195669174194e-02 8.084389381110668182e-03 2.500430122017860413e-02 3.310544043779373169e-02 8.074971847236156464e-03 4.629921168088912964e-03 2.485607936978340149e-02 4.319714009761810303e-02 8.777014445513486862e-04 1.937634684145450592e-02 5.086337402462959290e-02 1.774962060153484344e-02 3.930620476603507996e-02 4.607903957366943359e-02 1.276287529617547989e-02 4.255061969161033630e-02 3.947921097278594971e-02 1.898668147623538971e-02 1.645284332334995270e-02 4.493379034101963043e-03 1.754266209900379181e-02 5.168370902538299561e-03 3.752438724040985107e-02 4.481336101889610291e-02 6.156076490879058838e-02 4.162379354238510132e-02 2.599299652501940727e-03 5.211608367972075939e-04 2.122704125940799713e-02 3.185594826936721802e-02 2.594214677810668945e-02 8.297884836792945862e-03 4.172246903181076050e-02 2.770568616688251495e-02 4.153941199183464050e-02 1.809560507535934448e-02 1.606454141438007355e-02 1.667373254895210266e-02 1.066373009234666824e-02 1.402960531413555145e-02 1.501451618969440460e-02 6.106963381171226501e-03 2.637727744877338409e-02 6.943383719772100449e-03 1.841806806623935699e-02 1.255128718912601471e-02 4.026393219828605652e-02 6.984740961343050003e-03
2.267762646079063416e-02 5.382928624749183655e-02 4.454988986253738403e-02 3.073747083544731140e-02 4.054019600152969360e-02 2.848243821063078940e-05 7.003466133028268814e-03 2.753860689699649811e-02 1.378928311169147491e-03 6.331123877316713333e-03 1.834845519624650478e-03 4.780879318714141846e-01 5.076801031827926636e-02 1.146029680967330933e-01 1.074785832315683365e-02 3.955882787704467773e-02 4.405903816223144531e-02 9.972062893211841583e-03 5.014620721340179443e-02 4.364512395113706589e-03 2.750066807493567467e-03 8.104916661977767944e-03 1.045535039156675339e-02 2.332304976880550385e-02 7.112258113920688629e-03 2.929853973910212517e-03 1.072728540748357773e-02 1.194670423865318298e-01 1.045896951109170914e-02 8.962913602590560913e-02 2.650298923254013062e-02 2.785632759332656860e-02 1.081005949527025223e-02 1.003632042557001114e-02 5.217423290014266968e-02 2.203928306698799133e-03 1.010793820023536682e-02 6.790734827518463135e-03 5.598787174676544964e-05 1.776673272252082825e-02 5.195424705743789673e-02 1.476590987294912338e-02 1.472992170602083206e-02 5.018100142478942871e-02 3.766402974724769592e-02 2.892614714801311493e-02 1.963811181485652924e-02 2.082899771630764008e-02 4.170028492808341980e-03 1.231972780078649521e-02 2.231228165328502655e-02 2.047934569418430328e-02 4.862314090132713318e-02 2.449844032526016235e-02 6.127890944480895996e-02 2.430058550089597702e-03 9.931061416864395142e-03 6.956003606319427490e-03 2.367253787815570831e-02 3.344042226672172546e-02 9.378656744956970215e-03 5.527329072356224060e-02 3.346847742795944214e-02 4.373194277286529541e-02 1.790142804384231567e-02 4.588187858462333679e-02 2.489786967635154724e-02 1.762460917234420776e-02 6.434210389852523804e-02 2.724082209169864655e-02 5.689420178532600403e-02 4.811991751194000244e-02 3.119142167270183563e-02 2.790934778749942780e-02 3.824043646454811096e-02 4.890555888414382935e-02 5.080910399556159973e-02 2.304532378911972046e-02 3.406752645969390869e-02 2.507057227194309235e-02 2.070152200758457184e-02 1.353069581091403961e-02 6.304381880909204483e-03 1.414807606488466263e-02 2.969125472009181976e-02 1.647611707448959351e-02 5.730370525270700455e-03 1.832007244229316711e-02 4.910934343934059143e-02 1.810309849679470062e-02 3.046336350962519646e-03 1.058997772634029388e-02 4.591090232133865356e-02 1.158306282013654709e-02 4.734639823436737061e-02 2.953270159196108580e-04 2.142032375559210777e-03 1.563578657805919647e-02 2.097622305154800415e-02 2.550632692873477936e-02 2.423904649913311005e-02 1.522256899625062943e-02 1.443867105990648270e-02 3.669448196887969971e-02 2.090406604111194611e-02 2.900087274610996246e-02 3.113023703917860985e-03 1.580693759024143219e-02 3.674674779176712036e-03 2.877761237323284149e-02 1.112628635019063950e-02 4.869246331509202719e-04 3.531469032168388367e-02 6.387421488761901855e-02 5.950068309903144836e-02 5.294085014611482620e-03
1.854759156703948975e-01 2.072312682867050171e-01 1.045679952949285507e-02 2.882093191146850586e-02 3.587769344449043274e-02 9.255746006965637207e-02 1.335959732532501221e-01 1.246788422577083111e-03 3.095055185258388519e-02 4.554222151637077332e-02 1.934866607189178467e-01 5.076801031827926636e-02 4.861685037612915039e-01 1.808230392634868622e-02 6.201767176389694214e-02 2.052183263003826141e-02 1.568074896931648254e-02 8.682971820235252380e-03 3.218599362298846245e-03 2.206895314157009125e-02 4.001139849424362183e-02 3.379042819142341614e-02 2.411453612148761749e-02 4.586661700159311295e-03 8.099697530269622803e-03 1.983238197863101959e-02 1.437091734260320663e-02 3.220669925212860107e-02 2.755605243146419525e-02 1.987606659531593323e-02 5.353306233882904053e-02 3.614593669772148132e-02 4.264684394001960754e-02 7.740077096968889236e-03 1.615878753364086151e-02 2.972185425460338593e-02 1.689508557319641113e-02 4.553272947669029236e-02 1.183137111365795135e-02 2.374671399593353271e-02 1.344137173146009445e-02 2.970010600984096527e-02 2.197508700191974640e-02 3.073137253522872925e-02 3.733876720070838928e-02 8.099118247628211975e-03 2.984265424311161041e-02 2.402815222740173340e-02 1.108651421964168549e-02 1.622387580573558807e-02 3.457423299551010132e-02 1.459047105163335800e-02 2.817638777196407318e-02 1.783784851431846619e-02 9.944734163582324982e-03 1.401641499251127243e-02 1.360537204891443253e-02 4.963415116071701050e-02 1.266564987599849701e-02 2.639701776206493378e-02 1.388521865010261536e-02 4.046731069684028625e-02 3.799623250961303711e-02 2.319204434752464294e-02 4.656416550278663635e-02 1.188082247972488403e-01 1.611236296594142914e-02 3.457000851631164551e-02 3.926939517259597778e-02 1.377125084400177002e-02 6.856021936982870102e-03 3.588387044146656990e-04 3.253727778792381287e-02 2.446201164275407791e-03 3.148205578327178955e-02 3.425904782488942146e-03 3.321930998936295509e-03 1.811527460813522339e-02 2.254126593470573425e-02 2.607187954708933830e-03 9.632592089474201202e-03 2.547140466049313545e-03 3.604098781943321228e-02 3.763782978057861328e-02 3.529012203216552734e-02 2.992318384349346161e-02 1.278487872332334518e-02 2.551856637001037598e-02 1.395297143608331680e-02 2.646725811064243317e-02 3.377627208828926086e-02 3.258161945268511772e-03 4.824967181775718927e-04 1.295761484652757645e-02 3.724717721343040466e-02 4.230919107794761658e-02 3.130313381552696228e-02 4.013805836439132690e-02 2.615483943372964859e-03 1.690522581338882446e-02 5.159039422869682312e-02 4.321553930640220642e-02 6.302636861801147461e-02 4.654937237501144409e-02 1.637989073060452938e-03 1.148152071982622147e-02 2.140746079385280609e-02 1.569518633186817169e-02 3.389148414134979248e-02 5.774046853184700012e-02 7.320549804717302322e-03 1.365619152784347534e-02 4.521628469228744507e-02 2.859177254140377045e-02 4.016697779297828674e-02 3.963461518287658691e-02
