4.972587227821350098e-01 1.917413175106048584e-01 3.611115738749504089e-02 2.604479715228080750e-02 4.233695566654205322e-02 1.304575800895690918e-01 6.333845853805541992e-02 4.186462610960006714e-02 3.460751101374626160e-02 2.327198535203933716e-02 6.444384902715682983e-02 3.812945634126663208e-02 9.794407337903976440e-02 4.629839677363634109e-03 4.511408507823944092e-02 1.347623951733112335e-02 7.087132427841424942e-03 3.310010954737663269e-02 4.027406498789787292e-02 4.054130241274833679e-02 3.805167227983474731e-02 1.708964258432388306e-02 1.179372798651456833e-02 9.281965321861207485e-04 1.148086623288691044e-03 3.081727307289838791e-03 2.599327825009822845e-02 7.990827783942222595e-03 2.350131236016750336e-02 3.363754600286483765e-02 2.457864210009574890e-02 2.762707183137536049e-03 2.019937708973884583e-02 4.864954575896263123e-02 5.230457335710525513e-02 5.629133805632591248e-02 2.049803733825683594e-02 4.041669517755508423e-02 1.448767632246017456e-02 6.125222891569137573e-02 4.879964888095855713e-02 3.168662264943122864e-02 5.091334134340286255e-02 1.132944016717374325e-03 4.357067123055458069e-02 1.937730982899665833e-02 6.010266020894050598e-02 1.962429098784923553e-02 4.192812833935022354e-03 3.435939550399780273e-02 3.928130120038986206e-02 6.801569368690252304e-03 3.637109324336051941e-02 2.930548414587974548e-02 6.349053001031279564e-05 4.772665351629257202e-02 3.921459987759590149e-02 1.367483753710985184e-02 4.339669272303581238e-02 1.730578806018456817e-04 9.645141661167144775e-03 3.230734542012214661e-02 3.389303013682365417e-02 3.549312800168991089e-02 2.155215851962566376e-02 9.545814245939254761e-03 4.471542686223983765e-02 2.782798744738101959e-02 2.652732096612453461e-02 2.209111116826534271e-02 6.799498572945594788e-03 3.403845801949501038e-02 2.217594906687736511e-02 3.865471109747886658e-02 4.261256754398345947e-02 4.145461600273847580e-03 2.253930829465389252e-02 5.058692768216133118e-02 2.364644035696983337e-02 3.113467432558536530e-02 1.129172742366790771e-04 1.712643913924694061e-02 3.570269793272018433e-02 1.156221725977957249e-03 1.441997848451137543e-02 3.193260356783866882e-02 2.179498970508575439e-02 2.106215991079807281e-02 1.486782915890216827e-02 4.150546342134475708e-02 1.368748769164085388e-02 3.425806295126676559e-03 2.372448518872261047e-02 4.806176573038101196e-02 2.885973639786243439e-02 1.229455694556236267e-02 1.334983739070594311e-03 6.807236466556787491e-03 3.277847543358802795e-02 4.376319423317909241e-02 3.579818829894065857e-02 4.053628072142601013e-03 4.511264711618423462e-02 3.118065372109413147e-02 2.868311665952205658e-02 4.567060619592666626e-02 2.211564034223556519e-02 2.145315706729888916e-02 2.012764476239681244e-02 2.365628723055124283e-03 3.584672138094902039e-02 2.527111023664474487e-02 4.322735592722892761e-02 4.592543095350265503e-02 9.896894916892051697e-03 2.517243102192878723e-02
1.917413175106048584e-01 5.084816813468933105e-01 8.899562992155551910e-03 3.435452654957771301e-02 1.684338226914405823e-02 1.034964844584465027e-01 1.055804118514060974e-01 4.705464839935302734e-02 4.174644127488136292e-02 2.021171711385250092e-02 6.893891096115112305e-02 3.732407093048095703e-02 1.123045235872268677e-01 2.583714947104454041e-02 3.098790906369686127e-02 8.339342661201953888e-03 1.401251554489135742e-02 3.191294893622398376e-02 1.591051556169986725e-02 4.374319687485694885e-02 4.921618476510047913e-02 1.503285486251115799e-02 6.907908711582422256e-03 2.087186649441719055e-02 3.801593848038464785e-04 1.727870479226112366e-02 2.728760242462158203e-02 3.316351771354675293e-02 2.539092861115932465e-02 1.877450197935104370e-02 8.271541446447372437e-03 3.499830886721611023e-02 1.231268234550952911e-02 1.956123672425746918e-02 3.750052303075790405e-02 6.255952268838882446e-02 4.318410530686378479e-02 4.028088226914405823e-02 2.412580326199531555e-02 5.398176237940788269e-02 1.633273996412754059e-02 2.505501545965671539e-02 3.450552746653556824e-02 2.348851785063743591e-02 2.826485037803649902e-02 2.167992852628231049e-02 8.175531029701232910e-02 1.266038231551647186e-02 1.099643390625715256e-02 3.289911523461341858e-02 4.480380192399024963e-02 1.415939349681138992e-02 5.982203874737024307e-04 1.421939674764871597e-02 2.848934754729270935e-02 2.299758605659008026e-02 1.654629595577716827e-02 5.035591777414083481e-03 2.221518009901046753e-02 5.898667033761739731e-03 3.870708867907524109e-02 4.530600854195654392e-04 2.076971530914306641e-02 3.196343407034873962e-02 2.955916523933410645e-02 6.236063782125711441e-03 4.479393362998962402e-02 4.151025414466857910e-02 1.852646283805370331e-02 1.252864953130483627e-02 7.658109534531831741e-03 3.958825021982192993e-02 3.565223887562751770e-02 3.204874694347381592e-02 2.552731661126017570e-03 3.199556469917297363e-02 4.432171955704689026e-02 2.413096092641353607e-02 2.523394860327243805e-02 1.991310343146324158e-02 2.515535429120063782e-02 3.492109850049018860e-02 2.580653317272663116e-02 1.095212623476982117e-02 4.137390106916427612e-02 1.978998770937323570e-04 2.227670326828956604e-02 2.226670767413452268e-04 3.853268176317214966e-02 5.328825861215591431e-02 2.710910700261592865e-02 1.236342079937458038e-02 5.086348974145948887e-04 4.167872667312622070e-02 5.094039812684059143e-02 5.431589484214782715e-02 1.407221425324678421e-02 2.100612781941890717e-02 1.265775505453348160e-02 1.019856333732604980e-02 2.026941627264022827e-02 6.780770141631364822e-03 4.709403589367866516e-02 4.134638234972953796e-02 4.528514295816421509e-02 4.440912604331970215e-02 2.599038928747177124e-02 1.641657762229442596e-02 1.348751876503229141e-02 3.461427288129925728e-03 3.625096380710601807e-02 1.072739996016025543e-02 5.037860944867134094e-02 5.581229552626609802e-02 7.268556859344244003e-03 2.537112496793270111e-02
3.611115738749504089e-02 8.899562992155551910e-03 4.667603969573974609e-01 1.987000741064548492e-02 1.603551208972930908e-02 1.846599765121936798e-02 2.008545212447643280e-02 1.622953861951828003e-01 1.380150485783815384e-02 1.696811430156230927e-02 3.141372278332710266e-02 1.717134565114974976e-02 2.068977989256381989e-02 5.200308747589588165e-03 3.173799812793731689e-02 8.689394220709800720e-03 3.172625321894884109e-03 2.056672424077987671e-02 6.325784604996442795e-03 3.090878203511238098e-02 3.816955909132957458e-02 4.608634114265441895e-02 4.390177316963672638e-03 3.432030603289604187e-02 3.460015356540679932e-02 3.121275268495082855e-02 2.239975705742835999e-02 1.429912634193897247e-02 8.826371282339096069e-03 2.756910584867000580e-02 3.465255722403526306e-02 4.169829655438661575e-03 3.297064825892448425e-02 4.808909073472023010e-02 3.286376968026161194e-02 1.813018461689352989e-03 1.210839394479990005e-02 5.199484527111053467e-02 5.374747328460216522e-03 8.285513147711753845e-03 1.569434069097042084e-02 8.591004298068583012e-04 4.699869081377983093e-03 1.062574833631515503e-01 3.900786861777305603e-02 3.167972341179847717e-02 2.376460703089833260e-03 2.682840824127197266e-02 2.577105304226279259e-03 6.143188220448791981e-04 3.716078773140907288e-02 1.966784242540597916e-03 3.362019360065460205e-02 3.966999053955078125e-02 3.776177763938903809e-02 3.575353696942329407e-02 7.441902533173561096e-03 6.037001963704824448e-03 7.482742657884955406e-04 5.258311051875352859e-03 2.384228259325027466e-02 1.377569045871496201e-02 2.483421005308628082e-02 3.686992824077606201e-02 5.891308654099702835e-03 2.043685317039489746e-02 3.701882064342498779e-02 1.079857815057039261e-02 1.153111271560192108e-02 2.967111952602863312e-02 2.223297208547592163e-02 1.245141029357910156e-02 3.720756620168685913e-02 3.088829340413212776e-03 3.804343286901712418e-03 4.329626262187957764e-02 1.138794142752885818e-02 1.887908205389976501e-02 3.821152076125144958e-02 1.530535332858562469e-02 2.177945971488952637e-01 3.394383937120437622e-02 6.613408913835883141e-04 2.950725145637989044e-02 2.585614472627639771e-02 6.974377203732728958e-03 1.417318265885114670e-02 4.394554346799850464e-02 1.860725879669189453e-02 1.039083860814571381e-02 3.853699564933776855e-02 4.140094667673110962e-02 2.985472045838832855e-02 3.310209512710571289e-02 6.098738405853509903e-03 2.071522641927003860e-03 1.197450608015060425e-02 7.205625995993614197e-03 1.183012686669826508e-02 3.206362947821617126e-02 3.023051097989082336e-02 3.367702290415763855e-02 1.070903334766626358e-02 1.683080010116100311e-02 2.773103676736354828e-02 9.409516118466854095e-03 8.242485113441944122e-03 2.262870036065578461e-02 2.816529013216495514e-02 3.327627852559089661e-02 3.819067403674125671e-02 2.153244055807590485e-02 6.933548487722873688e-03 1.710009388625621796e-02 1.203871816396713257e-01 8.593718707561492920e-02
2.604479715228080750e-02 3.435452654957771301e-02 1.987000741064548492e-02 5.118478536605834961e-01 2.331980168819427490e-01 1.029238011687994003e-02 3.779750317335128784e-02 1.626429613679647446e-03 8.654333651065826416e-03 3.679539542645215988e-03 4.331803321838378906e-02 4.361671861261129379e-03 3.306261450052261353e-02 8.517240174114704132e-03 2.909771911799907684e-02 2.753482386469841003e-02 5.696733016520738602e-03 5.129807069897651672e-02 8.851893246173858643e-03 1.683577895164489746e-02 5.130668636411428452e-03 3.071621432900428772e-02 4.332192987203598022e-02 4.018413275480270386e-02 2.503240481019020081e-02 5.254394933581352234e-02 4.235385730862617493e-02 1.501971390098333359e-02 4.032040387392044067e-02 2.846681885421276093e-02 3.347930312156677246e-02 2.520733699202537537e-02 1.371514610946178436e-02 4.537845775485038757e-02 1.296728011220693588e-02 4.640354216098785400e-02 1.641170121729373932e-02 1.869412697851657867e-02 1.044793128967285156e-01 7.812616974115371704e-02 9.159816429018974304e-03 2.707961946725845337e-02 4.381836205720901489e-02 6.117676384747028351e-03 1.879506371915340424e-02 2.304162643849849701e-02 1.566457562148571014e-02 3.015507012605667114e-02 1.034764200448989868e-02 1.427443418651819229e-02 8.590886369347572327e-03 3.081728704273700714e-03 3.201723098754882812e-02 4.466647654771804810e-02 1.685300655663013458e-02 4.903736710548400879e-02 4.455633834004402161e-02 3.689583856612443924e-03 1.126903574913740158e-02 5.721432343125343323e-02 2.481737639755010605e-03 2.061358280479907990e-02 8.921279571950435638e-03 3.143626824021339417e-02 2.192853717133402824e-04 5.241564940661191940e-03 2.368132397532463074e-02 1.383991260081529617e-02 6.519045215100049973e-03 7.648834493011236191e-03 2.667269855737686157e-02 1.765037328004837036e-02 2.020225226879119873e-01 6.763150915503501892e-03 1.744771897792816162e-01 5.293734371662139893e-03 2.728059701621532440e-02 3.142047673463821411e-02 1.447807904332876205e-02 4.811290185898542404e-03 1.654048450291156769e-02 1.094911526888608932e-02 1.553727686405181885e-01 4.696685448288917542e-02 1.085806079208850861e-02 7.746973540633916855e-03 3.440159559249877930e-02 3.649064898490905762e-02 2.335291355848312378e-02 2.078152447938919067e-02 3.490153700113296509e-02 2.941133081912994385e-02 1.734235696494579315e-02 1.469468511641025543e-02 1.486277114599943161e-02 4.709255881607532501e-03 9.771607583388686180e-04 7.738934829831123352e-03 4.115355759859085083e-02 4.602645337581634521e-02 2.434276975691318512e-02 2.870980836451053619e-02 8.616697974503040314e-03 2.040227875113487244e-03 3.645363822579383850e-02 3.660659492015838623e-02 1.259153056889772415e-02 3.334974125027656555e-02 1.343924459069967270e-02 1.654962264001369476e-02 3.611227869987487793e-02 2.422096207737922668e-03 3.945585712790489197e-02 3.545639663934707642e-02 4.398105666041374207e-02 2.089866809546947479e-02
4.233695566654205322e-02 1.684338226914405823e-02 1.603551208972930908e-02 2.331980168819427490e-01 5.158618092536926270e-01 5.672708153724670410e-03 3.296551853418350220e-02 1.662847585976123810e-02 1.611044630408287048e-02 1.548792608082294464e-02 2.501985058188438416e-02 1.123225968331098557e-02 3.139821439981460571e-02 5.634287837892770767e-03 1.399998087435960770e-02 1.762178540229797363e-02 7.728498312644660473e-04 5.042992159724235535e-02 6.421874277293682098e-03 1.437809504568576813e-02 2.849116735160350800e-02 2.452271245419979095e-02 4.207841306924819946e-02 2.865203842520713806e-02 2.348791435360908508e-02 2.643469348549842834e-02 1.674776151776313782e-02 2.628755010664463043e-02 1.554828044027090073e-02 3.462775051593780518e-02 2.635734342038631439e-02 4.307703673839569092e-02 3.865783289074897766e-02 4.068313911557197571e-02 2.319721505045890808e-02 1.894861645996570587e-02 3.217037767171859741e-02 3.505264595150947571e-02 1.174245551228523254e-01 1.497292071580886841e-01 4.302853718400001526e-02 2.377206273376941681e-02 3.760444372892379761e-02 2.433111146092414856e-02 1.421197876334190369e-02 4.318067803978919983e-02 1.848324388265609741e-02 3.260633721947669983e-02 1.209439989179372787e-02 3.305939212441444397e-02 7.010556757450103760e-03 1.071915845386683941e-03 4.652244597673416138e-02 5.883681029081344604e-02 5.972854327410459518e-03 1.165204122662544250e-02 2.208664780482649803e-03 4.145741835236549377e-02 1.070230361074209213e-02 2.795376256108283997e-02 1.899755746126174927e-02 1.016191323287785053e-03 4.803353175520896912e-02 9.210629388689994812e-03 1.353026647120714188e-02 8.793225511908531189e-03 2.778772078454494476e-02 3.774609789252281189e-02 5.331703275442123413e-02 2.640841342508792877e-02 3.548661619424819946e-02 1.477189734578132629e-02 1.732632219791412354e-01 1.527977921068668365e-02 1.947022676467895508e-01 5.292741581797599792e-03 2.196052670478820801e-02 1.205781567841768265e-02 1.207197923213243484e-02 2.982711978256702423e-02 4.321150947362184525e-03 3.637812286615371704e-02 1.027285680174827576e-01 1.045028194785118103e-01 3.688945621252059937e-02 1.639216393232345581e-02 1.895364001393318176e-02 3.753595054149627686e-02 1.658739708364009857e-02 4.318631719797849655e-03 2.468175813555717468e-02 2.878381498157978058e-02 2.339326217770576477e-02 3.924955055117607117e-02 3.579524159431457520e-02 1.855550706386566162e-02 2.035736106336116791e-02 3.574773669242858887e-02 1.481053512543439865e-02 2.332250401377677917e-02 6.236400455236434937e-03 2.836270444095134735e-02 1.744464680086821318e-04 3.219783678650856018e-02 5.467037856578826904e-02 4.810538142919540405e-02 1.965552195906639099e-02 3.670091181993484497e-02 2.508081682026386261e-02 2.489560050889849663e-03 1.885940879583358765e-02 3.769169328734278679e-03 3.239870816469192505e-02 3.399978578090667725e-02 4.134415090084075928e-02 3.675844147801399231e-02
1.304575800895690918e-01 1.034964844584465027e-01 1.846599765121936798e-02 1.029238011687994003e-02 5.672708153724670410e-03 5.034168362617492676e-01 1.345869004726409912e-01 4.012259095907211304e-02 4.109770804643630981e-02 5.029788985848426819e-02 3.936945274472236633e-02 3.071487694978713989e-02 6.454579532146453857e-02 3.025506064295768738e-02 6.680424790829420090e-03 2.304919809103012085e-02 3.019683435559272766e-02 2.819054573774337769e-02 3.359282016754150391e-02 3.444666275754570961e-03 1.467356574721634388e-03 2.937287092208862305e-02 1.907453685998916626e-02 4.830738529562950134e-02 3.975221887230873108e-02 5.391738563776016235e-02 3.703571157529950142e-03 5.160360410809516907e-02 2.028151182457804680e-03 5.415005981922149658e-02 1.119412295520305634e-02 2.427789196372032166e-02 5.516336858272552490e-02 6.164171732962131500e-03 3.348657628521323204e-03 6.704723462462425232e-03 2.255417034029960632e-02 5.449800565838813782e-02 3.954250738024711609e-02 8.179514668881893158e-03 5.272857472300529480e-02 5.545052513480186462e-02 3.134980052709579468e-02 3.403359651565551758e-02 3.150209411978721619e-02 3.175720945000648499e-02 1.046789884567260742e-01 1.570891402661800385e-02 5.224534124135971069e-02 3.314073756337165833e-02 2.674004808068275452e-02 3.105967864394187927e-02 1.166052557528018951e-02 7.046663202345371246e-03 1.526242028921842575e-02 3.806979209184646606e-02 3.758963569998741150e-02 2.175177261233329773e-02 1.998083433136343956e-03 2.865537256002426147e-02 1.762620732188224792e-02 1.966126076877117157e-02 1.210500299930572510e-02 5.308582261204719543e-02 5.764660425484180450e-03 2.848800830543041229e-02 1.620028284378349781e-03 1.258814428001642227e-02 8.361095562577247620e-03 3.488736925646662712e-03 3.923127427697181702e-02 1.221146155148744583e-02 4.471622407436370850e-03 2.860462851822376251e-02 1.491245720535516739e-02 1.066325418651103973e-02 3.486596420407295227e-02 3.036091476678848267e-02 9.669838473200798035e-03 3.494770964607596397e-03 1.357453595846891403e-02 2.049750462174415588e-02 2.048981934785842896e-02 4.216399788856506348e-02 2.838678844273090363e-02 5.553266406059265137e-02 5.341646820306777954e-02 2.671012468636035919e-02 6.459213793277740479e-02 1.024031545966863632e-02 2.440634369850158691e-02 4.771707206964492798e-02 1.679988950490951538e-02 4.578048735857009888e-02 3.845207765698432922e-02 2.744535217061638832e-03 2.861295267939567566e-02 3.355325385928153992e-02 5.453415960073471069e-02 5.629057064652442932e-02 9.566488675773143768e-03 1.691877655684947968e-02 1.931827142834663391e-02 3.633719310164451599e-02 3.026185743510723114e-02 3.795239701867103577e-02 1.547702029347419739e-02 5.746013950556516647e-03 2.459261380136013031e-02 4.578547924757003784e-02 3.517675772309303284e-02 3.544124960899353027e-02 5.984778329730033875e-02 5.274599418044090271e-02 3.242092579603195190e-02 3.553513064980506897e-02
6.333845853805541992e-02 1.055804118514060974e-01 2.008545212447643280e-02 3.779750317335128784e-02 3.296551853418350220e-02 1.345869004726409912e-01 5.064702033996582031e-01 2.922146767377853394e-02 2.055228315293788910e-02 3.971112146973609924e-02 6.074126064777374268e-02 1.868433505296707153e-02 6.940037012100219727e-02 7.594340294599533081e-02 5.190011579543352127e-03 4.700632020831108093e-02 4.683573171496391296e-02 4.291868582367897034e-02 2.528098877519369125e-03 3.594365902245044708e-03 9.212751872837543488e-03 7.816697470843791962e-03 4.148809984326362610e-02 4.042794555425643921e-02 6.274195760488510132e-02 6.870346609503030777e-03 1.222780253738164902e-02 1.782107912003993988e-02 2.649041265249252319e-02 1.491138432174921036e-02 1.073680538684129715e-02 3.028985112905502319e-02 2.068241871893405914e-02 6.256419420242309570e-02 4.903451353311538696e-02 1.602615043520927429e-02 3.277850570157170296e-03 4.415125399827957153e-02 4.466244485229253769e-03 2.752228826284408569e-02 3.106134943664073944e-03 5.224923044443130493e-02 8.865915238857269287e-03 3.126052021980285645e-02 4.987223539501428604e-03 1.003443729132413864e-02 1.408353447914123535e-01 9.775529801845550537e-02 4.410327598452568054e-02 3.087624209001660347e-03 1.216373872011899948e-02 3.323333337903022766e-02 3.080759756267070770e-02 3.849155455827713013e-02 1.055851485580205917e-02 1.536877080798149109e-02 1.390696316957473755e-02 3.151946514844894409e-02 4.839295987039804459e-03 2.588554657995700836e-02 2.568878233432769775e-02 4.767524823546409607e-02 4.850290715694427490e-03 3.549593314528465271e-02 1.999362371861934662e-02 7.459289859980344772e-03 1.600581966340541840e-02 3.503284975886344910e-02 2.850169315934181213e-02 2.342532388865947723e-02 1.526329386979341507e-02 8.356396108865737915e-03 1.986404322087764740e-02 1.811943762004375458e-02 1.080938056111335754e-02 9.692350402474403381e-03 2.618501894176006317e-02 3.155738860368728638e-02 3.051288984715938568e-02 9.801256237551569939e-04 7.497800514101982117e-03 4.321317747235298157e-02 8.930229581892490387e-03 3.481525555253028870e-02 4.496439546346664429e-02 2.166844531893730164e-02 4.153950512409210205e-02 1.876328897196799517e-04 5.856718402355909348e-03 7.896917872130870819e-03 6.787361949682235718e-02 1.402356382459402084e-02 4.605222493410110474e-02 4.136452451348304749e-02 4.438480362296104431e-02 6.094066426157951355e-03 4.581044614315032959e-02 3.991911560297012329e-02 6.991543341428041458e-03 1.030631596222519875e-03 4.404114559292793274e-03 7.347593083977699280e-03 2.224547043442726135e-02 4.189730808138847351e-02 3.578430786728858948e-02 3.837785497307777405e-02 1.044271327555179596e-02 5.950447637587785721e-03 1.993609033524990082e-02 2.952805720269680023e-02 1.318010780960321426e-02 3.713874612003564835e-03 5.762284621596336365e-02 5.718916654586791992e-02 3.148785978555679321e-02 4.385204985737800598e-02
4.186462610960006714e-02 4.705464839935302734e-02 1.622953861951828003e-01 1.626429613679647446e-03 1.662847585976123810e-02 4.012259095907211304e-02 2.922146767377853394e-02 4.857292771339416504e-01 3.509714826941490173e-02 1.082682050764560699e-02 1.430296245962381363e-02 9.736000560224056244e-03 1.876519992947578430e-02 1.064818259328603745e-02 1.216181218624114990e-01 2.028971351683139801e-02 8.234815672039985657e-03 2.762644924223423004e-02 3.315693512558937073e-02 4.823923110961914062e-03 2.177561447024345398e-02 6.852031219750642776e-03 3.334129974246025085e-02 7.195795327425003052e-02 4.111696407198905945e-02 4.889758303761482239e-02 2.801236696541309357e-02 3.428613021969795227e-02 2.129859663546085358e-02 4.418906569480895996e-02 7.710810168646275997e-04 3.853691741824150085e-02 1.143496774602681398e-04 4.669994860887527466e-02 2.089125663042068481e-02 4.724934324622154236e-02 2.643137425184249878e-02 4.214129224419593811e-02 1.746692135930061340e-02 1.560787577182054520e-02 6.905304268002510071e-03 3.098121657967567444e-02 1.210549660027027130e-02 2.020526863634586334e-02 1.149939605966210365e-03 2.790627442300319672e-02 2.040908671915531158e-02 2.679124288260936737e-02 2.499917522072792053e-02 2.610731683671474457e-02 1.352021377533674240e-02 1.662129163742065430e-02 8.902623318135738373e-03 3.899034485220909119e-02 2.250751480460166931e-02 7.373178843408823013e-03 3.184210136532783508e-02 2.020678296685218811e-02 1.209452189505100250e-02 3.604907914996147156e-02 3.592462092638015747e-02 2.692495845258235931e-02 7.444084621965885162e-04 3.763725282624363899e-03 1.298443041741847992e-02 2.923345193266868591e-03 2.859268151223659515e-02 2.465972490608692169e-02 1.455338392406702042e-02 3.780587762594223022e-02 1.511270366609096527e-02 2.281040512025356293e-02 5.852763075381517410e-03 2.712196484208106995e-02 2.931343950331211090e-02 3.890888392925262451e-02 2.949129976332187653e-02 3.690116852521896362e-02 1.945249363780021667e-02 8.090443909168243408e-03 1.777498722076416016e-01 1.004809513688087463e-01 3.262749314308166504e-02 1.342682633548974991e-02 1.454440224915742874e-02 4.877910763025283813e-02 1.223378032445907593e-01 5.499365925788879395e-02 4.121496900916099548e-02 2.107053622603416443e-02 2.313223667442798615e-02 1.065425295382738113e-02 3.370622172951698303e-02 3.893238678574562073e-02 6.109310314059257507e-03 2.166085317730903625e-02 4.067073017358779907e-02 1.279618684202432632e-02 6.645400077104568481e-03 8.960949257016181946e-03 1.324695535004138947e-02 1.031125802546739578e-02 2.369231358170509338e-02 2.306858636438846588e-02 2.932755276560783386e-02 3.437622636556625366e-02 3.668340668082237244e-02 2.379798889160156250e-02 2.750464156270027161e-02 1.018102373927831650e-02 6.404441781342029572e-03 9.333075024187564850e-03 2.923376485705375671e-02 4.089993983507156372e-02 7.281213253736495972e-02 1.701945555396378040e-03
3.460751101374626160e-02 4.174644127488136292e-02 1.380150485783815384e-02 8.654333651065826416e-03 1.611044630408287048e-02 4.109770804643630981e-02 2.055228315293788910e-02 3.509714826941490173e-02 5.127843022346496582e-01 3.983138501644134521e-02 3.151418268680572510e-02 2.153354883193969727e-02 1.742943190038204193e-02 3.958715498447418213e-02 1.267924346029758453e-02 1.043695211410522461e-02 2.158574573695659637e-02 1.427484154701232910e-01 4.296872392296791077e-02 4.321740195155143738e-02 3.918151557445526123e-02 2.658241987228393555e-02 8.986380696296691895e-02 3.429008275270462036e-02 7.684378419071435928e-03 1.782697625458240509e-02 1.384439039975404739e-02 1.000250340439379215e-03 2.828586474061012268e-02 3.469162806868553162e-02 4.139206558465957642e-02 3.729961439967155457e-02 5.176927149295806885e-02 3.364010527729988098e-02 5.358940362930297852e-02 2.138093858957290649e-02 4.015631601214408875e-02 4.884633049368858337e-02 3.321536630392074585e-02 5.292259156703948975e-03 1.434233225882053375e-02 6.410855799913406372e-02 2.797239832580089569e-02 6.752619892358779907e-02 6.125073879957199097e-02 1.531817950308322906e-02 7.061391137540340424e-03 3.786160796880722046e-02 3.199508413672447205e-02 4.444193094968795776e-02 6.726542860269546509e-02 3.031982295215129852e-02 9.337225346826016903e-04 2.904041670262813568e-03 8.289932459592819214e-02 4.663597326725721359e-03 1.209972612559795380e-02 3.171208128333091736e-02 2.129415050148963928e-02 3.669627010822296143e-02 7.643922418355941772e-02 2.970196120440959930e-02 1.924752630293369293e-02 2.997666224837303162e-02 1.190984901040792465e-02 4.464214295148849487e-02 1.438693422824144363e-02 4.344261065125465393e-02 1.072794795036315918e-01 3.164470940828323364e-02 9.446462616324424744e-03 7.847484946250915527e-02 5.282771959900856018e-02 4.229894280433654785e-02 4.059944674372673035e-02 8.970407396554946899e-02 9.262228757143020630e-02 2.157451957464218140e-02 1.057867780327796936e-01 3.670576587319374084e-02 7.445725350407883525e-05 2.385382354259490967e-02 6.942702084779739380e-02 1.853904314339160919e-02 1.983806490898132324e-02 5.849417671561241150e-02 4.638667032122612000e-02 4.410951957106590271e-02 7.110647112131118774e-02 8.459436707198619843e-03 2.199456468224525452e-02 1.517781987786293030e-02 3.401193022727966309e-02 1.816992647945880890e-02 1.656240411102771759e-02 2.865172177553176880e-02 2.607553638517856598e-02 7.096728682518005371e-02 4.695286601781845093e-02 4.140271246433258057e-02 4.365664720535278320e-02 1.157755777239799500e-02 3.266207501292228699e-02 4.385285824537277222e-02 2.535468526184558868e-02 1.453422755002975464e-02 1.007164455950260162e-02 7.109031826257705688e-02 1.640145108103752136e-02 1.070114783942699432e-02 2.414101921021938324e-02 3.197869285941123962e-02 1.839425531215965748e-03 9.083947516046464443e-04 4.284990951418876648e-02 1.081878319382667542e-02
2.327198535203933716e-02 2.021171711385250092e-02 1.696811430156230927e-02 3.679539542645215988e-03 1.548792608082294464e-02 5.029788985848426819e-02 3.971112146973609924e-02 1.082682050764560699e-02 3.983138501644134521e-02 4.971063435077667236e-01 1.196149550378322601e-02 1.999249914661049843e-03 1.820153743028640747e-02 1.049974747002124786e-02 1.816071104258298874e-03 4.209082573652267456e-02 2.941233105957508087e-02 7.225942611694335938e-02 1.570030897855758667e-01 3.689978644251823425e-02 4.663826152682304382e-02 1.987795718014240265e-02 1.620396040380001068e-02 5.151746794581413269e-02 5.137259606271982193e-03 4.807866364717483521e-02 1.018738001585006714e-02 1.008086837828159332e-02 4.604911059141159058e-02 3.737797960638999939e-02 1.839341409504413605e-02 4.698246717453002930e-02 3.397636488080024719e-02 1.389338821172714233e-02 2.401963435113430023e-02 3.523395210504531860e-02 4.063935205340385437e-02 2.798282355070114136e-02 5.824186839163303375e-03 2.706068754196166992e-02 1.245059259235858917e-02 2.116791345179080963e-02 2.779480442404747009e-02 8.224918507039546967e-03 2.071632631123065948e-02 1.177269220352172852e-01 3.702038154006004333e-02 2.207955345511436462e-02 1.730707101523876190e-02 1.004974842071533203e-01 2.267868630588054657e-02 4.437632113695144653e-02 1.984974835067987442e-03 3.530811518430709839e-02 2.429187670350074768e-02 4.285467788577079773e-02 4.078697785735130310e-02 2.251698449254035950e-02 3.725679218769073486e-02 6.419992074370384216e-03 1.834647543728351593e-02 3.053900226950645447e-02 3.493123874068260193e-02 4.122107475996017456e-02 3.338018804788589478e-02 3.157041221857070923e-02 2.841299399733543396e-02 1.859798468649387360e-02 1.153007987886667252e-02 6.674143671989440918e-02 4.371212422847747803e-02 5.582794174551963806e-02 2.590501867234706879e-02 8.720853924751281738e-02 4.221301898360252380e-02 5.105017870664596558e-02 8.105226792395114899e-03 2.315514534711837769e-02 1.461773458868265152e-02 1.522280275821685791e-01 8.677355945110321045e-03 2.480538003146648407e-02 5.965420510619878769e-03 6.668672710657119751e-02 2.390656247735023499e-02 3.620011359453201294e-02 8.227371610701084137e-03 3.328133001923561096e-02 5.342762917280197144e-02 1.062476411461830139e-01 4.251392558217048645e-02 5.248212255537509918e-03 3.283688053488731384e-02 2.907634153962135315e-02 3.789993375539779663e-02 7.201316766440868378e-03 6.010209769010543823e-02 1.177391037344932556e-02 3.504390269517898560e-02 1.579609513282775879e-02 1.584319956600666046e-02 1.198156923055648804e-02 6.195711903274059296e-03 3.994416072964668274e-02 3.372684493660926819e-02 4.984563216567039490e-03 1.958986930549144745e-02 1.031543500721454620e-02 2.491814456880092621e-02 2.318897284567356110e-02 3.567341342568397522e-02 4.866490140557289124e-03 1.093696895986795425e-02 2.501298440620303154e-03 3.712652251124382019e-02 3.403678070753812790e-03
6.444384902715682983e-02 6.893891096115112305e-02 3.141372278332710266e-02 4.331803321838378906e-02 2.501985058188438416e-02 3.936945274472236633e-02 6.074126064777374268e-02 1.430296245962381363e-02 3.151418268680572510e-02 1.196149550378322601e-02 5.210301876068115234e-01 1.762823574244976044e-02 9.892521798610687256e-02 5.158094316720962524e-02 3.628102317452430725e-02 3.445140644907951355e-02 1.570512913167476654e-02 3.955706581473350525e-02 4.160090535879135132e-02 3.821858763694763184e-02 3.066149726510047913e-02 5.078728124499320984e-02 3.600832074880599976e-02 1.611102744936943054e-02 2.767627302091568708e-04 1.636004447937011719e-02 2.483038790524005890e-02 2.054238878190517426e-02 5.142433196306228638e-02 3.129896149039268494e-02 3.229307010769844055e-02 2.939730323851108551e-02 3.759995801374316216e-03 1.873063296079635620e-02 7.269045454449951649e-04 2.424534596502780914e-02 3.027299791574478149e-02 2.735053747892379761e-02 3.032736480236053467e-02 2.484901994466781616e-02 2.055975049734115601e-02 6.389905698597431183e-03 3.490367904305458069e-03 5.297547206282615662e-03 2.238393016159534454e-02 3.740190714597702026e-02 8.769427984952926636e-02 5.965562909841537476e-02 4.476867243647575378e-02 3.675762191414833069e-02 5.718329455703496933e-03 2.367304451763629913e-02 2.433320879936218262e-02 2.274920261697843671e-04 4.553155601024627686e-02 3.282295307144522667e-03 9.395087137818336487e-03 1.024102419614791870e-02 1.532517001032829285e-02 1.644426397979259491e-02 4.187456145882606506e-02 4.642058536410331726e-02 2.682002494111657143e-03 4.670971073210239410e-03 4.330609738826751709e-02 2.742802165448665619e-02 3.687324002385139465e-02 1.907993853092193604e-02 4.417328163981437683e-02 2.430241182446479797e-02 4.176554456353187561e-02 1.668515987694263458e-02 3.829674422740936279e-02 6.274773273617029190e-03 2.529661729931831360e-02 5.369430780410766602e-02 4.388705641031265259e-02 3.787236986681818962e-03 9.077936410903930664e-03 2.746447548270225525e-02 1.622611284255981445e-02 2.516294084489345551e-02 2.117412723600864410e-02 3.442882001399993896e-02 5.185288190841674805e-02 6.082694977521896362e-02 3.686964511871337891e-02 1.469844428356736898e-04 1.668456196784973145e-02 5.032720789313316345e-02 6.613725423812866211e-02 3.577553108334541321e-02 2.741849422454833984e-02 5.205524619668722153e-03 9.863311424851417542e-03 2.514207735657691956e-02 8.174546994268894196e-03 4.942865297198295593e-02 1.521528977900743484e-02 1.492218114435672760e-02 1.983907446265220642e-02 1.808395422995090485e-02 2.439353615045547485e-02 8.221109397709369659e-03 5.223189946264028549e-04 1.872501149773597717e-02 1.791729591786861420e-02 3.421511128544807434e-02 1.404475793242454529e-02 5.842074379324913025e-02 1.581248710863292217e-03 2.190263196825981140e-02 1.314241625368595123e-02 8.494660258293151855e-03 1.636798866093158722e-02 1.852080598473548889e-02
3.812945634126663208e-02 3.732407093048095703e-02 1.717134565114974976e-02 4.361671861261129379e-03 1.123225968331098557e-02 3.071487694978713989e-02 1.868433505296707153e-02 9.736000560224056244e-03 2.153354883193969727e-02 1.999249914661049843e-03 1.762823574244976044e-02 5.033562183380126953e-01 3.535491880029439926e-03 2.179168015718460083e-01 1.419429387897253036e-02 2.754963748157024384e-02 5.487710610032081604e-02 3.963057324290275574e-02 2.474598586559295654e-03 2.356626093387603760e-02 3.915999457240104675e-02 1.593461260199546814e-03 3.872837498784065247e-02 4.446162283420562744e-02 6.034158170223236084e-02 2.074525691568851471e-02 2.126981317996978760e-02 1.077796667814254761e-01 1.376553345471620560e-02 7.242681086063385010e-02 2.308144420385360718e-02 9.332895278930664062e-03 5.421829968690872192e-02 4.609668254852294922e-02 1.117244642227888107e-02 3.890925273299217224e-02 4.574980959296226501e-02 2.714529447257518768e-02 1.733014173805713654e-02 3.004843555390834808e-02 2.903372747823596001e-03 3.498546779155731201e-02 2.044118009507656097e-03 3.266930952668190002e-02 4.020425304770469666e-02 4.455627501010894775e-02 4.124602675437927246e-02 2.488942816853523254e-02 3.862260142341256142e-03 8.718308806419372559e-02 3.362342715263366699e-02 2.640935219824314117e-02 4.328392446041107178e-03 4.857452213764190674e-02 4.986606910824775696e-02 7.885292172431945801e-03 6.054206937551498413e-02 4.868701566010713577e-03 1.822922006249427795e-02 2.537105977535247803e-02 3.526248782873153687e-02 6.537437438964843750e-03 2.488073334097862244e-02 3.104028850793838501e-02 3.728765249252319336e-02 3.838154673576354980e-02 4.999851062893867493e-02 4.373819753527641296e-02 9.354483336210250854e-04 5.040366947650909424e-02 2.375399135053157806e-02 9.933881461620330811e-03 1.415230240672826767e-02 3.431382030248641968e-02 1.549008861184120178e-02 3.603773657232522964e-04 4.331407323479652405e-02 1.624327525496482849e-02 2.744526043534278870e-02 3.483107313513755798e-02 3.822326660156250000e-02 2.915379777550697327e-02 2.373771183192729950e-02 3.130310028791427612e-02 2.266840264201164246e-02 2.835792303085327148e-02 2.009519375860691071e-03 3.111992776393890381e-02 1.101563721895217896e-01 6.457805633544921875e-02 2.768288739025592804e-02 2.151835942640900612e-03 2.401355421170592308e-03 4.292368143796920776e-02 5.223527085036039352e-03 7.514136843383312225e-03 2.493421733379364014e-02 4.701383039355278015e-02 1.648845383897423744e-03 1.697517815046012402e-03 3.153923153877258301e-02 1.706972904503345490e-02 3.480048850178718567e-02 6.750459782779216766e-03 4.215574264526367188e-02 2.127158269286155701e-02 1.449691038578748703e-02 1.474673580378293991e-02 4.747580736875534058e-02 3.300470486283302307e-02 1.826612465083599091e-02 8.266428858041763306e-02 2.611955069005489349e-02 2.555104345083236694e-02 1.973590115085244179e-03 3.411281108856201172e-02
9.794407337903976440e-02 1.123045235872268677e-01 2.068977989256381989e-02 3.306261450052261353e-02 3.139821439981460571e-02 6.454579532146453857e-02 6.940037012100219727e-02 1.876519992947578430e-02 1.742943190038204193e-02 1.820153743028640747e-02 9.892521798610687256e-02 3.535491880029439926e-03 5.176348686218261719e-01 5.548085272312164307e-02 6.282485276460647583e-02 2.425879240036010742e-02 4.353491216897964478e-02 3.653246536850929260e-02 3.063979931175708771e-02 3.484421968460083008e-02 2.670107223093509674e-02 5.387889221310615540e-02 2.008056081831455231e-02 3.493599221110343933e-02 4.190180916339159012e-03 1.674773544073104858e-02 3.862263262271881104e-02 4.235369712114334106e-02 5.060472339391708374e-02 1.132794097065925598e-02 4.340176656842231750e-02 4.704124853014945984e-02 4.800109658390283585e-03 2.561101503670215607e-02 1.135130319744348526e-02 4.326821118593215942e-02 3.746236115694046021e-02 2.163186483085155487e-02 4.500797484070062637e-03 3.686876036226749420e-03 1.146557927131652832e-02 1.072886958718299866e-02 3.815069794654846191e-03 2.184646017849445343e-02 2.571873925626277924e-02 1.137898489832878113e-02 7.489915192127227783e-02 5.526533350348472595e-02 3.888551518321037292e-02 4.080010578036308289e-02 2.623417973518371582e-02 5.235788971185684204e-02 7.426930591464042664e-03 3.127101436257362366e-02 4.606057703495025635e-02 2.134588174521923065e-02 2.600205689668655396e-02 1.957728527486324310e-03 1.739625731715932488e-04 2.092672744765877724e-03 3.842087090015411377e-02 2.683643996715545654e-02 2.022207714617252350e-02 1.805459521710872650e-02 5.030281841754913330e-02 4.193970561027526855e-02 4.313354194164276123e-02 1.618534140288829803e-02 2.155523933470249176e-02 3.400960704311728477e-03 3.597394004464149475e-02 1.825485192239284515e-02 4.286919534206390381e-02 1.174656394869089127e-02 1.844792068004608154e-02 4.319088160991668701e-02 1.940822042524814606e-02 2.964722923934459686e-02 2.756484597921371460e-02 2.366495132446289062e-02 2.167923189699649811e-02 2.411800064146518707e-02 1.998814940452575684e-02 3.408197686076164246e-02 4.935109615325927734e-02 4.002596437931060791e-02 3.348118811845779419e-02 2.408467046916484833e-02 2.713462896645069122e-02 4.814501479268074036e-02 5.086954683065414429e-02 2.646842971444129944e-02 2.369194291532039642e-02 8.939183317124843597e-03 9.544542408548295498e-04 2.315354906022548676e-02 5.216162651777267456e-02 3.868656605482101440e-02 1.237284275703132153e-03 5.740675143897533417e-03 1.026170910336077213e-03 1.581831090152263641e-02 8.514242246747016907e-03 3.686689957976341248e-02 2.010155469179153442e-02 1.556425634771585464e-02 3.182726725935935974e-02 1.456189807504415512e-02 1.035114284604787827e-02 4.683305323123931885e-02 3.812513127923011780e-02 3.197388350963592529e-02 3.122839704155921936e-02 2.245468832552433014e-02 4.359541833400726318e-02 4.472465440630912781e-02
