5.280892848968505859e-01 6.228249147534370422e-02 2.275853045284748077e-02 1.737137883901596069e-02 1.631569303572177887e-02 1.064568608999252319e-01 8.501556515693664551e-02 2.358752675354480743e-02 5.871771463716868311e-06 5.970529280602931976e-03 8.777965605258941650e-02 6.531607825309038162e-03 5.340543389320373535e-02 2.539321547374129295e-03 9.739750530570745468e-04 5.749922711402177811e-03 1.448702532798051834e-02 6.663683801889419556e-03 1.426096539944410324e-02 4.194383509457111359e-03 1.741703948937356472e-03 5.442472640424966812e-03 4.996472503989934921e-03 9.123145602643489838e-03 1.478891447186470032e-02 2.736319974064826965e-02 2.885540574789047241e-02 1.777301728725433350e-02 1.599939889274537563e-03 1.128068775869905949e-03 4.356220364570617676e-03 1.079760026186704636e-02 6.461174227297306061e-03 4.997430369257926941e-03 8.313843980431556702e-03 1.578349247574806213e-02 7.988328114151954651e-03 4.083101823925971985e-02 9.264120017178356647e-04 3.122620284557342529e-03 3.066522441804409027e-02 2.149000205099582672e-02 8.747737854719161987e-03 3.429174795746803284e-02 1.482239086180925369e-02 1.706681028008460999e-02 6.742547452449798584e-02 4.675998911261558533e-02 2.275377884507179260e-02 5.082378908991813660e-02 3.020776621997356415e-02 1.426731236279010773e-02 1.994404383003711700e-02 2.015133574604988098e-02 2.341508399695158005e-03 2.080797404050827026e-02 2.578571625053882599e-02 3.263776749372482300e-02 1.963828876614570618e-02 4.964660387486219406e-03 8.061450906097888947e-03 7.878264412283897400e-03 1.311049144715070724e-02 4.556470736861228943e-02 1.605312712490558624e-02 1.144838752225041389e-03 1.484738290309906006e-02 1.073321979492902756e-02 1.374681247398257256e-03 5.797700490802526474e-03 1.595833711326122284e-02 1.021580304950475693e-02 2.886635065078735352e-02 4.169632680714130402e-03 1.114152185618877411e-02 2.944310661405324936e-03 1.685563661158084869e-02 1.878523081541061401e-02 1.598752662539482117e-02 8.608667179942131042e-03 1.947328262031078339e-02 1.786712557077407837e-02 1.035820133984088898e-02 1.132498495280742645e-03 2.711124159395694733e-02 2.591245621442794800e-02 2.948773466050624847e-02 3.932955441996455193e-04 1.068820245563983917e-02 4.813635678146965802e-05 5.083061289042234421e-03 7.026196923106908798e-03 1.343801710754632950e-02 1.329421903938055038e-02 1.675093732774257660e-02 3.381474642083048820e-03 2.357622236013412476e-02 2.322605811059474945e-02 1.773400045931339264e-02 1.400451734662055969e-02 1.619964838027954102e-02 2.510042116045951843e-02 1.619223318994045258e-02 4.542680084705352783e-02 1.445544697344303131e-02 2.092619799077510834e-02 7.825834676623344421e-03 1.305621303617954254e-02 5.205490626394748688e-03 4.496002197265625000e-02 1.650375127792358398e-02 7.646655663847923279e-03 1.928005181252956390e-02 2.554236538708209991e-02 2.817699313163757324e-02 3.149299696087837219e-02
6.228249147534370422e-02 5.182574391365051270e-01 9.530800394713878632e-03 4.026501905173063278e-03 2.096780342981219292e-03 7.939819246530532837e-02 1.524591892957687378e-01 1.204644143581390381e-02 1.411924138665199280e-02 6.912901531904935837e-03 2.349158935248851776e-02 2.604774758219718933e-02 1.015725955367088318e-01 2.582630142569541931e-02 5.924196913838386536e-03 3.084224835038185120e-02 3.288999944925308228e-02 1.079181907698512077e-03 2.770682331174612045e-03 2.211341075599193573e-02 3.097567521035671234e-02 2.399798482656478882e-02 3.454714268445968628e-02 1.773637160658836365e-02 2.568724192678928375e-02 3.433594480156898499e-02 2.008573710918426514e-02 3.578773885965347290e-02 1.114900968968868256e-02 7.467610295861959457e-03 2.236245898529887199e-03 4.221857525408267975e-03 1.809503883123397827e-02 2.331100776791572571e-02 4.149037413299083710e-03 3.551847534254193306e-03 1.079229917377233505e-02 3.198933601379394531e-02 3.727758303284645081e-02 3.263364359736442566e-02 6.102926563471555710e-04 2.011997066438198090e-02 4.404406063258647919e-03 3.317378833889961243e-02 7.777714636176824570e-04 3.518113493919372559e-02 4.620946198701858521e-02 9.780335426330566406e-02 5.400529131293296814e-03 3.099814755842089653e-03 4.066208004951477051e-02 1.873921230435371399e-02 5.154155567288398743e-02 2.560494467616081238e-02 7.504922104999423027e-04 1.508701313287019730e-02 3.921961411833763123e-02 2.514894306659698486e-02 2.354191616177558899e-02 4.748516250401735306e-03 1.421925425529479980e-02 6.068354705348610878e-04 2.345072850584983826e-02 1.769698597490787506e-02 8.000766858458518982e-03 2.992914244532585144e-02 1.619883626699447632e-02 3.838319331407546997e-02 2.366948500275611877e-02 4.868949297815561295e-03 2.812190540134906769e-02 1.978799700736999512e-02 3.962083533406257629e-02 3.470960259437561035e-02 2.654086053371429443e-02 6.481339223682880402e-03 2.459116093814373016e-02 1.146885799244046211e-03 3.432774916291236877e-03 1.810154505074024200e-02 6.819930393248796463e-03 4.295360296964645386e-03 1.329389773309230804e-02 1.215577777475118637e-02 2.136100269854068756e-02 3.356088697910308838e-02 3.975867759436368942e-03 4.274060949683189392e-03 3.417205438017845154e-02 1.896758330985903740e-04 2.470193430781364441e-02 6.863353308290243149e-03 3.562841191887855530e-02 1.462863385677337646e-02 4.373952280730009079e-03 3.296682843938469887e-03 3.125075995922088623e-02 3.978468850255012512e-02 6.722602993249893188e-03 6.316602812148630619e-04 2.865320071578025818e-03 3.252907656133174896e-03 2.753610908985137939e-02 4.597508534789085388e-02 3.469245135784149170e-02 2.345964498817920685e-02 1.481384411454200745e-02 1.003519631922245026e-02 1.249423995614051819e-02 8.217333815991878510e-03 2.490618964657187462e-03 3.729280084371566772e-02 1.929146819747984409e-04 4.014915600419044495e-02 2.491778507828712463e-02 2.746025659143924713e-02
2.275853045284748077e-02 9.530800394713878632e-03 5.025396943092346191e-01 1.457554055377840996e-03 5.310965701937675476e-02 1.683484762907028198e-02 2.434810437262058258e-02 2.411470264196395874e-01 1.552217407152056694e-03 3.249806538224220276e-02 2.880449406802654266e-02 2.062792517244815826e-02 3.001903370022773743e-02 8.100745268166065216e-03 3.457411751151084900e-02 2.633190341293811798e-02 2.100224606692790985e-02 2.704680338501930237e-02 2.861322835087776184e-02 1.977561227977275848e-02 1.714584790170192719e-02 3.196937218308448792e-02 2.532037533819675446e-02 2.617671526968479156e-02 1.997036114335060120e-02 3.542077168822288513e-02 1.756075769662857056e-02 2.948659006506204605e-03 1.184890512377023697e-02 2.002947777509689331e-02 2.782435901463031769e-02 8.991585113108158112e-03 1.215745601803064346e-02 5.204220116138458252e-02 3.374029695987701416e-02 7.552892435342073441e-03 1.739949546754360199e-02 1.313456799834966660e-02 3.318009525537490845e-02 1.107727177441120148e-02 3.104174695909023285e-02 5.576977506279945374e-03 3.029796667397022247e-02 1.408801972866058350e-01 2.124452032148838043e-02 7.480121683329343796e-03 2.135350182652473450e-02 2.913641370832920074e-02 2.664333768188953400e-02 2.277313545346260071e-02 2.027011662721633911e-02 9.986891411244869232e-03 1.476033404469490051e-02 1.263475790619850159e-02 2.462860010564327240e-02 1.840612106025218964e-02 9.233181364834308624e-03 8.584073744714260101e-03 3.069578669965267181e-02 1.524715684354305267e-02 3.184767812490463257e-02 6.479956209659576416e-03 6.460295617580413818e-02 5.040512769483029842e-04 1.372328400611877441e-02 3.167610615491867065e-02 1.821861974895000458e-02 1.813994348049163818e-02 1.428068336099386215e-02 1.375890336930751801e-02 3.342565381899476051e-03 1.584786362946033478e-02 5.121800303459167480e-02 8.278655819594860077e-03 1.849439553916454315e-02 7.480518426746129990e-03 8.573480881750583649e-03 3.077252767980098724e-02 2.094047330319881439e-02 2.110483869910240173e-02 2.414215356111526489e-01 1.597201526165008545e-01 6.170449312776327133e-03 5.975559819489717484e-03 8.591637946665287018e-03 1.409938000142574310e-02 9.003546833992004395e-02 6.638187449425458908e-03 1.034875679761171341e-02 5.024483893066644669e-03 1.420793961733579636e-02 2.252086624503135681e-02 3.604789823293685913e-02 9.091344662010669708e-03 1.328955683857202530e-02 9.662250056862831116e-03 1.322474423795938492e-02 2.400290966033935547e-02 4.632495343685150146e-03 1.465587597340345383e-02 3.168772533535957336e-02 4.455245658755302429e-02 3.063856996595859528e-02 4.481056705117225647e-03 1.367090456187725067e-02 2.688569203019142151e-02 1.072881743311882019e-02 5.274755414575338364e-03 1.485844980925321579e-02 2.182178571820259094e-02 1.596995443105697632e-02 1.860848511569201946e-03 2.987353689968585968e-02 1.920880563557147980e-02 6.801313906908035278e-02 2.011176943778991699e-02
1.737137883901596069e-02 4.026501905173063278e-03 1.457554055377840996e-03 5.103405714035034180e-01 1.735869348049163818e-01 1.562291383743286133e-02 5.298123229295015335e-03 3.484315425157546997e-02 2.610666910186409950e-03 1.954859495162963867e-02 4.124328121542930603e-02 2.784605836495757103e-03 4.376899159979075193e-04 1.080648414790630341e-02 3.743815235793590546e-03 8.511321619153022766e-03 1.226237695664167404e-02 9.863122366368770599e-03 1.689749956130981445e-02 3.217672184109687805e-02 1.896325871348381042e-02 1.376676652580499649e-02 6.320236716419458389e-04 3.453999385237693787e-02 1.508568413555622101e-02 2.557423338294029236e-02 1.057545887306332588e-03 3.744421526789665222e-02 1.227788534015417099e-02 7.556048687547445297e-03 2.763377502560615540e-02 5.360906943678855896e-02 2.203928492963314056e-02 4.795241728425025940e-02 1.764639094471931458e-02 3.111863136291503906e-02 1.679053157567977905e-02 1.231157220900058746e-02 7.605212181806564331e-02 6.017373129725456238e-02 1.357167842797935009e-03 5.487124435603618622e-03 1.259851269423961639e-02 3.468605875968933105e-02 2.491993270814418793e-02 5.337025038897991180e-03 2.177358046174049377e-02 4.104666877537965775e-04 5.295292660593986511e-02 2.006047219038009644e-02 1.997324265539646149e-02 1.531438063830137253e-02 1.298680901527404785e-03 2.699764072895050049e-02 1.119459606707096100e-02 8.514060638844966888e-03 3.245584666728973389e-02 7.866750471293926239e-03 2.555613219738006592e-02 2.038213051855564117e-02 8.760651689954102039e-04 1.371539290994405746e-02 5.654582008719444275e-02 5.751938093453645706e-03 4.336038604378700256e-03 2.462135255336761475e-02 5.910375155508518219e-03 1.068078447133302689e-03 2.499045245349407196e-02 1.827719062566757202e-02 1.543903909623622894e-02 9.410528466105461121e-03 1.066841557621955872e-01 3.285551443696022034e-02 5.314729362726211548e-02 1.747609116137027740e-02 3.416430577635765076e-02 1.181135606020689011e-02 2.727988548576831818e-02 3.675901517271995544e-02 3.911408409476280212e-02 1.928250119090080261e-02 3.230459988117218018e-02 2.328224293887615204e-02 9.383087046444416046e-03 5.662231147289276123e-02 2.168842405080795288e-02 2.103219740092754364e-03 1.133686490356922150e-02 1.814993843436241150e-02 1.625825464725494385e-02 2.760282158851623535e-02 5.350877530872821808e-03 7.022649049758911133e-03 3.361405804753303528e-02 8.108315989375114441e-03 1.956405863165855408e-02 1.427816972136497498e-02 2.046435512602329254e-02 7.419636938720941544e-03 1.352481544017791748e-02 3.584866970777511597e-02 1.159119233489036560e-02 4.037747904658317566e-02 1.249114400707185268e-03 4.349020123481750488e-02 3.195770457386970520e-02 1.351905893534421921e-02 2.156681753695011139e-02 9.734748862683773041e-03 2.088890597224235535e-02 1.452513691037893295e-02 1.501648593693971634e-02 4.369615390896797180e-02 1.525125559419393539e-02 1.752471178770065308e-02
1.631569303572177887e-02 2.096780342981219292e-03 5.310965701937675476e-02 1.735869348049163818e-01 5.038507580757141113e-01 1.475761830806732178e-02 2.404769882559776306e-02 2.931154519319534302e-02 9.461610578000545502e-03 4.051223862916231155e-03 3.628406673669815063e-02 2.229254879057407379e-02 2.094757184386253357e-02 1.754225976765155792e-02 3.329535201191902161e-02 1.543441880494356155e-02 7.246271707117557526e-03 1.350566931068897247e-02 4.730362445116043091e-02 1.610267907381057739e-02 1.569535210728645325e-02 4.447319358587265015e-02 1.100854668766260147e-02 2.499546296894550323e-02 3.516169264912605286e-03 5.071635823696851730e-03 2.608032152056694031e-02 6.444061174988746643e-03 2.790966816246509552e-02 1.912105083465576172e-02 4.067119583487510681e-02 5.137147009372711182e-02 4.722279496490955353e-03 1.838831230998039246e-03 3.824972081929445267e-03 3.049189224839210510e-02 3.505350276827812195e-02 2.091889642179012299e-02 5.583654716610908508e-02 1.396677047014236450e-01 1.204074639827013016e-02 9.446987882256507874e-03 2.063075453042984009e-02 1.991689018905162811e-02 4.411478340625762939e-02 2.719580568373203278e-02 2.541949599981307983e-02 2.570017985999584198e-02 3.010471165180206299e-02 2.249582484364509583e-02 2.471320889890193939e-02 3.806519508361816406e-02 2.496934495866298676e-02 3.280268609523773193e-02 4.233735799789428711e-02 4.637310747057199478e-03 4.572263918817043304e-03 8.590177632868289948e-03 9.767179377377033234e-03 2.936775796115398407e-02 3.319524601101875305e-02 3.980660066008567810e-02 4.622241109609603882e-02 2.081984654068946838e-03 7.002600003033876419e-03 4.055911302566528320e-02 2.317331917583942413e-02 1.680586487054824829e-02 3.517465200275182724e-03 2.088650688529014587e-02 1.817686110734939575e-02 2.013420127332210541e-02 5.462940037250518799e-02 1.075959857553243637e-02 1.004759222269058228e-01 1.039848197251558304e-03 7.775320205837488174e-03 4.523603245615959167e-03 3.094619140028953552e-02 2.534391731023788452e-02 3.097246959805488586e-02 1.553029939532279968e-02 3.335637226700782776e-02 5.956631526350975037e-02 1.320421975106000900e-02 2.888940647244453430e-02 8.385888300836086273e-03 1.444443408399820328e-02 3.873196663334965706e-03 2.037812210619449615e-02 8.620856329798698425e-03 2.371326088905334473e-02 3.038098849356174469e-02 2.976471744477748871e-02 2.488055825233459473e-02 9.027272462844848633e-03 1.978733390569686890e-02 1.992012746632099152e-02 2.821093238890171051e-02 2.930893190205097198e-02 1.974723674356937408e-02 1.459405850619077682e-02 1.166049204766750336e-02 3.084314987063407898e-02 3.811750560998916626e-02 2.594517311081290245e-03 3.118018992245197296e-02 1.972684636712074280e-02 1.277040224522352219e-02 1.042816974222660065e-02 4.371203482151031494e-03 1.476105768233537674e-02 1.817236095666885376e-02 3.594693541526794434e-02 3.845660015940666199e-02 1.050912123173475266e-02
1.064568608999252319e-01 7.939819246530532837e-02 1.683484762907028198e-02 1.562291383743286133e-02 1.475761830806732178e-02 5.131422281265258789e-01 1.547667980194091797e-01 7.997736334800720215e-03 1.270976848900318146e-02 9.958767332136631012e-03 9.954503178596496582e-02 3.033085167407989502e-02 4.966316372156143188e-02 3.871002420783042908e-02 8.444648236036300659e-03 1.273803599178791046e-02 4.769303370267152786e-03 5.601394455879926682e-03 2.404189109802246094e-02 9.408877231180667877e-03 9.628024883568286896e-03 4.605640657246112823e-03 1.411902159452438354e-02 2.009695628657937050e-03 8.716559037566184998e-03 2.772069722414016724e-02 1.613788865506649017e-02 7.596887182444334030e-03 2.602997981011867523e-02 2.816974557936191559e-02 3.369038924574851990e-02 2.019240753725171089e-03 2.057082578539848328e-02 1.320069073699414730e-03 1.495484448969364166e-02 3.157510235905647278e-02 2.544056065380573273e-02 4.744772613048553467e-02 7.588750304421409965e-05 1.932275947183370590e-03 2.351345680654048920e-02 2.376330457627773285e-02 1.453915145248174667e-02 1.217420492321252823e-02 2.163145877420902252e-02 3.203832730650901794e-02 1.126742139458656311e-01 6.836940348148345947e-02 2.562171965837478638e-02 3.333739936351776123e-02 1.764823868870735168e-02 1.445283927023410797e-02 3.251716122031211853e-02 3.215421363711357117e-02 1.760319340974092484e-03 1.517107617110013962e-02 2.589000016450881958e-02 5.382787063717842102e-02 9.531697258353233337e-03 1.158922351896762848e-02 5.310145206749439240e-03 6.662667263299226761e-03 6.930981297045946121e-03 2.222176082432270050e-02 1.668995246291160583e-02 2.833768725395202637e-02 2.568578533828258514e-02 3.261692821979522705e-02 1.018787361681461334e-02 2.231765352189540863e-02 2.658636122941970825e-02 1.620214618742465973e-02 2.367787808179855347e-02 1.167968567460775375e-02 1.962557993829250336e-02 3.819142468273639679e-03 2.312828227877616882e-02 2.354405820369720459e-02 3.312388435006141663e-02 3.537261486053466797e-02 1.556001603603363037e-02 1.342860423028469086e-02 5.294783622957766056e-04 9.256612509489059448e-03 1.163888815790414810e-02 3.571032732725143433e-02 4.121849685907363892e-02 2.023230120539665222e-02 9.503651410341262817e-03 2.225758507847785950e-03 7.761652581393718719e-03 1.447821315377950668e-02 3.030446916818618774e-02 2.962086163461208344e-02 2.240830473601818085e-02 1.300155278295278549e-02 1.811104267835617065e-02 1.483691670000553131e-02 1.007602456957101822e-02 7.532251533120870590e-03 2.370484545826911926e-02 1.778500527143478394e-02 6.631102878600358963e-03 3.759725391864776611e-02 1.621591974981129169e-03 6.204370874911546707e-03 3.178115934133529663e-03 2.074027061462402344e-02 3.895709523931145668e-03 1.398181077092885971e-03 1.911554113030433655e-02 6.626443471759557724e-03 2.899596840143203735e-02 3.804099932312965393e-02 1.762222871184349060e-02 2.218918316066265106e-02
8.501556515693664551e-02 1.524591892957687378e-01 2.434810437262058258e-02 5.298123229295015335e-03 2.404769882559776306e-02 1.547667980194091797e-01 5.189601778984069824e-01 2.992678061127662659e-02 1.589468494057655334e-02 1.017871126532554626e-02 5.270927026867866516e-02 5.191279575228691101e-03 9.376110881567001343e-02 4.073258489370346069e-02 3.794290497899055481e-02 1.982249878346920013e-02 2.846660092473030090e-02 4.547003656625747681e-03 1.288290787488222122e-02 7.736314088106155396e-03 2.277582511305809021e-02 2.237229607999324799e-02 1.667979359626770020e-02 1.287833228707313538e-02 3.508428484201431274e-02 4.406212270259857178e-02 3.057061694562435150e-02 2.431739307940006256e-02 4.920122679322957993e-03 2.119129523634910583e-02 1.086658053100109100e-02 3.358521033078432083e-03 3.749406430870294571e-03 2.930066734552383423e-02 4.481590818613767624e-03 2.209088578820228577e-02 2.933337818831205368e-04 3.748310497030615807e-03 2.514723688364028931e-02 3.136565536260604858e-02 1.722615957260131836e-02 1.724143512547016144e-03 1.588589325547218323e-02 2.492771856486797333e-02 3.374784719198942184e-03 9.025883860886096954e-03 9.003361314535140991e-02 1.195405945181846619e-01 1.645675860345363617e-03 2.947554923593997955e-02 3.881102800369262695e-02 7.154537830501794815e-03 3.884185850620269775e-02 4.219865426421165466e-02 1.111739780753850937e-02 2.703438699245452881e-02 4.256120324134826660e-02 3.438199311494827271e-02 3.460886701941490173e-02 3.985750023275613785e-03 6.653547286987304688e-03 5.694281309843063354e-03 1.979890838265419006e-02 3.423652797937393188e-02 9.494827128946781158e-03 1.826007105410099030e-02 3.556141257286071777e-02 2.141079865396022797e-02 1.702649518847465515e-02 6.544274277985095978e-03 2.465100213885307312e-02 9.381393902003765106e-03 3.880801051855087280e-02 2.437789924442768097e-02 2.202565968036651611e-02 8.262497372925281525e-03 2.918604016304016113e-02 1.031857077032327652e-02 2.575210528448224068e-03 3.401052579283714294e-02 7.895248942077159882e-03 8.487690240144729614e-03 6.438870448619127274e-03 1.211294904351234436e-02 1.744104549288749695e-02 3.155040368437767029e-02 4.270006902515888214e-03 2.873151749372482300e-02 1.973563432693481445e-02 3.230839967727661133e-03 1.007345691323280334e-02 1.025901641696691513e-02 8.105139248073101044e-03 9.386175312101840973e-03 1.955431886017322540e-02 4.060871433466672897e-03 2.469616383314132690e-02 4.301816970109939575e-02 6.921295542269945145e-03 1.122235879302024841e-02 2.871333993971347809e-02 3.929808826796943322e-06 2.056611515581607819e-02 3.725451976060867310e-02 2.883462235331535339e-02 2.644795738160610199e-02 2.028047293424606323e-02 2.009700238704681396e-02 3.670688718557357788e-02 2.032729610800743103e-02 2.099788188934326172e-02 1.579124666750431061e-02 1.519717928022146225e-02 3.685332834720611572e-02 5.607735365629196167e-03 2.948508597910404205e-02
2.358752675354480743e-02 1.204644143581390381e-02 2.411470264196395874e-01 3.484315425157546997e-02 2.931154519319534302e-02 7.997736334800720215e-03 2.992678061127662659e-02 5.100921988487243652e-01 3.600317612290382385e-02 9.694110602140426636e-03 1.241352874785661697e-03 3.546088561415672302e-02 1.545035187155008316e-02 2.727332338690757751e-02 1.344041675329208374e-01 6.193557288497686386e-03 2.366349101066589355e-02 2.489137649536132812e-02 3.851002780720591545e-03 3.757612034678459167e-02 1.840929267928004265e-03 5.539840459823608398e-02 2.137272432446479797e-02 3.756534680724143982e-02 1.435724180191755295e-02 7.026155479252338409e-03 4.058029130101203918e-02 3.340341523289680481e-02 4.426414519548416138e-02 2.808117307722568512e-02 1.184375770390033722e-02 2.793378196656703949e-02 2.919470518827438354e-02 1.465208362787961960e-02 1.516057760454714298e-03 2.979491255246102810e-04 1.702327094972133636e-02 4.993295762687921524e-03 7.029004395008087158e-03 5.967943463474512100e-03 3.768689557909965515e-02 1.819635182619094849e-02 3.341212868690490723e-02 1.040671244263648987e-01 1.084515731781721115e-02 4.967946093529462814e-03 2.204356156289577484e-02 1.622359827160835266e-02 2.765474654734134674e-02 7.595441304147243500e-03 3.455885127186775208e-02 2.930660918354988098e-02 4.972518887370824814e-03 2.612265385687351227e-02 1.210857555270195007e-02 9.061802411451935768e-04 3.295590728521347046e-02 7.107207085937261581e-03 3.644197061657905579e-02 1.292240712791681290e-02 2.349728019908070564e-03 4.927512258291244507e-03 5.866575241088867188e-02 8.794798515737056732e-03 2.577525749802589417e-02 1.865668781101703644e-02 3.080048784613609314e-02 1.994972117245197296e-02 8.057737722992897034e-03 2.884580753743648529e-02 2.459322474896907806e-02 5.397869739681482315e-03 2.746970765292644501e-02 1.315136253833770752e-02 2.060953713953495026e-02 1.362518779933452606e-02 2.609550021588802338e-03 1.188787072896957397e-02 6.088121328502893448e-03 1.714516989886760712e-02 1.924299299716949463e-01 9.782391786575317383e-02 6.160266348160803318e-04 2.217344008386135101e-02 3.366649895906448364e-02 2.028200216591358185e-02 1.764385551214218140e-01 7.807654142379760742e-02 3.452378883957862854e-02 3.223912417888641357e-02 3.429331630468368530e-02 2.608295157551765442e-02 1.463702879846096039e-02 2.515342272818088531e-02 5.759839899837970734e-03 3.914733231067657471e-02 1.287826616317033768e-02 4.509375244379043579e-02 4.751969594508409500e-03 6.389943417161703110e-03 1.890273392200469971e-02 3.377052024006843567e-02 7.853772491216659546e-03 2.087989822030067444e-02 1.436842512339353561e-02 3.451428934931755066e-02 4.973611794412136078e-03 1.592615619301795959e-02 2.699288912117481232e-02 2.683203481137752533e-02 1.919461600482463837e-02 3.171468898653984070e-02 1.447411952540278435e-03 1.066374010406434536e-03 1.923457160592079163e-02 1.671813055872917175e-02
5.871771463716868311e-06 1.411924138665199280e-02 1.552217407152056694e-03 2.610666910186409950e-03 9.461610578000545502e-03 1.270976848900318146e-02 1.589468494057655334e-02 3.600317612290382385e-02 5.311762690544128418e-01 5.016319826245307922e-02 1.787603134289383888e-03 1.541180163621902466e-02 5.115004722028970718e-03 3.600699454545974731e-02 1.150123402476310730e-02 1.316125318408012390e-02 2.110209874808788300e-02 6.053340435028076172e-02 4.516497626900672913e-02 3.299809247255325317e-02 3.876123577356338501e-03 3.287275135517120361e-02 3.404528601095080376e-03 8.569119498133659363e-03 1.082474924623966217e-02 2.062125876545906067e-02 1.092929113656282425e-02 1.491334941238164902e-02 9.942979551851749420e-03 1.565197296440601349e-02 1.927871815860271454e-02 8.851919323205947876e-03 1.518644671887159348e-02 4.174650460481643677e-02 5.022852122783660889e-02 3.178535553161054850e-04 1.954967714846134186e-02 2.681592293083667755e-02 4.940605256706476212e-03 9.669261053204536438e-03 3.846581792458891869e-03 2.156549878418445587e-02 2.825347008183598518e-03 2.937605045735836029e-02 1.324790436774492264e-02 8.871980942785739899e-03 1.558003015816211700e-02 8.140176534652709961e-03 7.064002100378274918e-03 1.734245195984840393e-02 2.494890987873077393e-02 2.211788855493068695e-02 5.396278109401464462e-03 1.717954687774181366e-02 5.481625720858573914e-02 3.183600306510925293e-02 9.003717568702995777e-04 1.206659898161888123e-02 1.027712225914001465e-02 3.682549111545085907e-03 4.794263094663619995e-02 1.686470210552215576e-02 2.316052466630935669e-02 4.630981385707855225e-02 1.877603866159915924e-02 3.703770041465759277e-02 4.324363172054290771e-02 2.851740643382072449e-02 6.299129873514175415e-02 2.222573012113571167e-02 5.163872987031936646e-02 1.355080981738865376e-03 1.202314719557762146e-02 1.241292804479598999e-02 1.121957134455442429e-02 8.730663917958736420e-03 7.362163811922073364e-02 3.227812796831130981e-02 1.928522810339927673e-02 5.336810275912284851e-02 3.393076825886964798e-03 7.651797030121088028e-03 7.139921933412551880e-02 6.098549813032150269e-02 2.268800511956214905e-02 7.261410355567932129e-03 4.415420989971607924e-04 4.775460809469223022e-03 3.530499339103698730e-02 9.919806383550167084e-03 1.764267683029174805e-02 3.923953697085380554e-02 2.106148563325405121e-02 1.409217808395624161e-02 1.596058718860149384e-03 5.032795947045087814e-03 1.740763336420059204e-02 1.125629339367151260e-02 1.764459535479545593e-02 2.209698408842086792e-02 1.128668617457151413e-02 3.282620757818222046e-02 2.712254412472248077e-02 4.557602107524871826e-02 4.189876839518547058e-02 2.983227372169494629e-02 3.978744894266128540e-02 2.395280264317989349e-02 3.795058280229568481e-02 6.697340402752161026e-03 1.928739435970783234e-02 2.555866353213787079e-02 4.609739780426025391e-02 3.583064535632729530e-03 5.038829520344734192e-03 1.627551205456256866e-02
5.970529280602931976e-03 6.912901531904935837e-03 3.249806538224220276e-02 1.954859495162963867e-02 4.051223862916231155e-03 9.958767332136631012e-03 1.017871126532554626e-02 9.694110602140426636e-03 5.016319826245307922e-02 5.356276035308837891e-01 2.977719157934188843e-02 3.526743873953819275e-02 1.976731291506439447e-04 1.731193065643310547e-02 2.864934317767620087e-02 8.273120038211345673e-03 3.154309839010238647e-02 4.823310300707817078e-02 6.457328051328659058e-02 2.932761050760746002e-02 2.968452125787734985e-02 1.429085806012153625e-02 1.891833916306495667e-02 5.260418169200420380e-03 2.154195681214332581e-02 3.050489164888858795e-02 3.112101554870605469e-02 5.043770372867584229e-02 1.483322586864233017e-02 1.538659818470478058e-02 2.455835416913032532e-02 1.722769625484943390e-02 3.492528572678565979e-02 2.925077220425009727e-03 1.202047709375619888e-02 3.340512514114379883e-02 3.424051776528358459e-02 3.540246561169624329e-02 4.211409389972686768e-02 3.164844587445259094e-02 3.002882003784179688e-04 6.094269454479217529e-03 1.957678608596324921e-02 1.208716165274381638e-02 1.188856177031993866e-02 2.377102337777614594e-02 1.570093072950839996e-02 1.273220055736601353e-03 2.505049109458923340e-02 4.428401589393615723e-02 3.139006346464157104e-02 1.714668795466423035e-02 3.122114948928356171e-02 3.944550827145576477e-02 1.868293806910514832e-02 7.036109268665313721e-02 3.877779096364974976e-02 2.015328221023082733e-02 2.094219438731670380e-02 3.386535495519638062e-02 1.057417504489421844e-02 7.001186162233352661e-02 9.585587307810783386e-03 2.388493157923221588e-02 2.936574630439281464e-02 1.464848499745130539e-02 3.762906789779663086e-02 4.189075157046318054e-02 5.128079280257225037e-02 1.180662214756011963e-02 7.448554784059524536e-02 1.898257620632648468e-02 2.448716759681701660e-02 1.183063536882400513e-02 3.119130851700901985e-03 1.978524401783943176e-02 4.421117901802062988e-02 7.318981736898422241e-02 3.048799559473991394e-02 1.030422076582908630e-01 1.917792856693267822e-02 3.435103967785835266e-02 5.661376938223838806e-02 8.454878628253936768e-02 1.192079577594995499e-02 2.517563477158546448e-02 5.899699404835700989e-03 2.296478720381855965e-03 1.010609883815050125e-02 2.669535391032695770e-02 2.148895524442195892e-02 2.366672083735466003e-02 2.138269878923892975e-02 2.575655002146959305e-03 4.453005641698837280e-02 8.107886649668216705e-03 8.852174505591392517e-03 3.828581795096397400e-02 1.226732134819030762e-02 1.657074131071567535e-02 3.703628480434417725e-02 2.006862498819828033e-02 4.844524338841438293e-02 2.576016634702682495e-02 4.359823092818260193e-02 4.420009907335042953e-03 2.053502015769481659e-02 4.360883031040430069e-03 2.808737568557262421e-02 2.263941988348960876e-02 1.043243333697319031e-02 2.374354377388954163e-02 1.875500380992889404e-02 9.075080975890159607e-03 3.572290763258934021e-02 2.422353625297546387e-02
8.777965605258941650e-02 2.349158935248851776e-02 2.880449406802654266e-02 4.124328121542930603e-02 3.628406673669815063e-02 9.954503178596496582e-02 5.270927026867866516e-02 1.241352874785661697e-03 1.787603134289383888e-03 2.977719157934188843e-02 5.185602307319641113e-01 5.359496455639600754e-03 3.975730016827583313e-02 4.989179782569408417e-03 1.908858888782560825e-03 2.890824689529836178e-04 2.004141360521316528e-02 2.907133195549249649e-03 1.324353832751512527e-02 2.351812086999416351e-03 1.143425889313220978e-02 1.852693594992160797e-02 4.842821042984724045e-03 5.088447593152523041e-03 1.488151494413614273e-02 1.803288795053958893e-02 4.098905995488166809e-02 2.036157995462417603e-02 8.713687770068645477e-03 6.237536203116178513e-03 2.237026346847414970e-03 1.330269221216440201e-02 8.232245221734046936e-03 1.459169480949640274e-02 2.476631663739681244e-02 6.162987556308507919e-03 1.633322052657604218e-02 7.032194733619689941e-02 1.518778316676616669e-02 1.273322012275457382e-02 2.838244289159774780e-02 2.466836757957935333e-02 1.441189670003950596e-03 3.630423918366432190e-02 4.223969299346208572e-03 2.008149027824401855e-02 8.331996947526931763e-02 3.362702950835227966e-02 1.850985921919345856e-02 2.429387718439102173e-02 3.431257558986544609e-03 3.461241489276289940e-03 3.435425605857744813e-05 5.100208334624767303e-03 6.218519061803817749e-03 4.535224288702011108e-02 1.937907002866268158e-02 4.002733901143074036e-02 1.197942066937685013e-02 1.503315009176731110e-02 1.161278691142797470e-02 1.239336840808391571e-02 9.746260009706020355e-03 4.224467650055885315e-02 5.284775793552398682e-02 1.053979806602001190e-02 1.528585143387317657e-02 2.812576666474342346e-02 1.639837771654129028e-02 2.141512185335159302e-02 3.572204336524009705e-02 6.000691559165716171e-03 3.418361395597457886e-02 5.164572037756443024e-03 2.141089551150798798e-02 1.630836911499500275e-02 2.555082179605960846e-02 3.317847475409507751e-02 2.874482050538063049e-02 2.957327663898468018e-02 1.423841901123523712e-02 1.483439095318317413e-02 9.277891367673873901e-03 8.604611270129680634e-03 4.361938312649726868e-02 3.008268214762210846e-02 1.891409792006015778e-02 1.563587039709091187e-02 3.807891625910997391e-03 7.002620492130517960e-03 1.110501587390899658e-02 1.611139997839927673e-02 5.283604841679334641e-03 1.925521716475486755e-02 1.516711059957742691e-02 5.343119148164987564e-03 3.619832685217261314e-03 7.989320904016494751e-03 2.139031328260898590e-02 1.323899440467357635e-02 2.165312692523002625e-02 6.808609468862414360e-04 9.213839657604694366e-03 1.745078340172767639e-02 6.964564789086580276e-03 7.771565578877925873e-03 7.610099855810403824e-03 3.017118899151682854e-03 2.614470757544040680e-02 4.634068161249160767e-02 1.921253092586994171e-02 7.346743252128362656e-03 3.830368816852569580e-02 2.148488350212574005e-02 2.925332821905612946e-02 4.230313375592231750e-02
6.531607825309038162e-03 2.604774758219718933e-02 2.062792517244815826e-02 2.784605836495757103e-03 2.229254879057407379e-02 3.033085167407989502e-02 5.191279575228691101e-03 3.546088561415672302e-02 1.541180163621902466e-02 3.526743873953819275e-02 5.359496455639600754e-03 5.313833951950073242e-01 2.122725360095500946e-02 4.339372739195823669e-02 3.198124468326568604e-02 7.550048641860485077e-03 2.146486565470695496e-02 3.555141016840934753e-02 4.827357456088066101e-02 3.574039414525032043e-02 4.967792774550616741e-04 3.096582740545272827e-02 2.707182988524436951e-02 1.124765910208225250e-02 8.266920223832130432e-03 1.145306741818785667e-03 1.826073229312896729e-02 5.275427177548408508e-02 7.571817375719547272e-03 2.652034536004066467e-02 2.279994310811161995e-03 1.072432752698659897e-02 1.888426765799522400e-02 1.449944451451301575e-02 1.207679137587547302e-02 1.857333700172603130e-04 5.826090928167104721e-03 8.063660934567451477e-03 8.285711519420146942e-03 1.525194570422172546e-02 2.369185164570808411e-02 1.442929171025753021e-02 3.334523411467671394e-03 7.151071913540363312e-03 2.544574253261089325e-02 4.859004169702529907e-03 1.400543563067913055e-02 6.758965086191892624e-03 6.789963226765394211e-03 2.499563805758953094e-02 5.469323694705963135e-02 2.903420664370059967e-02 8.773720823228359222e-03 1.236765179783105850e-02 5.813579075038433075e-03 2.528763189911842346e-02 1.587762311100959778e-02 1.421979628503322601e-02 9.402499534189701080e-03 1.047377008944749832e-02 8.779409341514110565e-03 5.205053463578224182e-02 1.176045928150415421e-02 1.651878585107624531e-03 2.484598429873585701e-03 1.821729913353919983e-02 3.570045903325080872e-02 3.085638210177421570e-02 2.486117184162139893e-02 1.538037415593862534e-02 2.597315795719623566e-02 1.608838699758052826e-02 1.685691997408866882e-02 1.207544282078742981e-02 1.152874436229467392e-02 1.239573955535888672e-02 3.553754417225718498e-03 1.096436101943254471e-02 4.910973366349935532e-03 2.871349826455116272e-02 4.224990680813789368e-02 6.351673044264316559e-03 4.633941128849983215e-02 4.798620939254760742e-02 1.588949374854564667e-02 1.482673082500696182e-02 4.285525158047676086e-02 1.733536645770072937e-02 2.036806009709835052e-02 7.136598229408264160e-03 5.598211195319890976e-03 2.069186791777610779e-02 4.050233401358127594e-03 8.496974594891071320e-03 2.503334544599056244e-04 1.146944612264633179e-02 6.916305050253868103e-03 2.184000052511692047e-02 1.095411833375692368e-02 1.907831616699695587e-02 1.404274720698595047e-02 7.360042072832584381e-04 6.104663014411926270e-03 1.225213240832090378e-02 5.799803882837295532e-03 1.352433860301971436e-02 7.956972345709800720e-03 1.065600477159023285e-02 4.178641829639673233e-03 4.291708394885063171e-02 2.166473679244518280e-02 1.638615503907203674e-02 2.862230315804481506e-02 2.266520867124199867e-03 2.637855708599090576e-02 7.227878551930189133e-03
5.340543389320373535e-02 1.015725955367088318e-01 3.001903370022773743e-02 4.376899159979075193e-04 2.094757184386253357e-02 4.966316372156143188e-02 9.376110881567001343e-02 1.545035187155008316e-02 5.115004722028970718e-03 1.976731291506439447e-04 3.975730016827583313e-02 2.122725360095500946e-02 5.274246335029602051e-01 3.053806954994797707e-03 1.287141116335988045e-03 2.410012669861316681e-02 3.097619488835334778e-02 8.066456764936447144e-03 2.867523115128278732e-03 6.164460908621549606e-03 2.314111031591892242e-02 3.363895416259765625e-02 2.897267974913120270e-02 1.665415428578853607e-02 2.514242008328437805e-02 4.152471944689750671e-02 1.528155058622360229e-02 3.197295591235160828e-02 2.154232561588287354e-02 7.345377933233976364e-03 2.910016849637031555e-02 1.045555528253316879e-02 1.360421162098646164e-02 3.813996911048889160e-02 3.857818618416786194e-02 2.046165987849235535e-02 8.442668244242668152e-03 2.026819996535778046e-02 3.281350946053862572e-03 3.275464475154876709e-02 1.673296093940734863e-02 4.702738486230373383e-03 1.056192722171545029e-02 5.827966611832380295e-03 4.268662072718143463e-03 3.506312891840934753e-02 5.035649612545967102e-02 8.426228165626525879e-02 3.548905486240983009e-03 1.505578681826591492e-02 1.941742748022079468e-02 2.699769334867596626e-03 2.302614040672779083e-02 3.713591769337654114e-02 1.453072763979434967e-03 5.911746993660926819e-03 4.608713835477828979e-02 2.142242714762687683e-02 1.648973673582077026e-03 2.097645774483680725e-02 6.862220820039510727e-03 1.637829281389713287e-02 3.818847239017486572e-03 2.363283745944499969e-02 3.092018514871597290e-02 4.387902840971946716e-02 1.272051967680454254e-02 4.709313437342643738e-02 2.140403538942337036e-02 1.638733781874179840e-02 3.852356597781181335e-02 1.264898851513862610e-02 4.776823893189430237e-02 2.451823651790618896e-02 4.648320376873016357e-02 6.733774673193693161e-03 2.877943776547908783e-02 1.436829008162021637e-02 6.220205221325159073e-03 1.321715023368597031e-02 3.733361605554819107e-03 2.612387295812368393e-03 1.175691373646259308e-02 1.068018749356269836e-02 3.189865499734878540e-02 3.571726009249687195e-02 1.737794652581214905e-02 1.507405843585729599e-02 1.726778596639633179e-02 1.585223153233528137e-02 3.393977880477905273e-02 1.314365956932306290e-02 4.295173287391662598e-02 1.006634440273046494e-02 3.482762258499860764e-03 3.553699236363172531e-03 5.154404044151306152e-02 4.103627055883407593e-02 2.699243091046810150e-02 1.909539289772510529e-02 1.042462978512048721e-02 1.118037663400173187e-02 3.682837262749671936e-02 4.424101859331130981e-02 3.767270594835281372e-02 1.893342472612857819e-02 2.777265757322311401e-02 2.030516741797327995e-03 3.111180616542696953e-03 1.974776759743690491e-02 8.841333910822868347e-03 3.891554474830627441e-02 2.524777129292488098e-02 2.799472957849502563e-02 2.235092781484127045e-02 3.052635304629802704e-02
