4.710614085197448730e-01 2.784923911094665527e-01 2.968537446577101946e-04 2.035028859972953796e-02 1.697956211864948273e-02 1.779288053512573242e-01 1.504656821489334106e-01 2.118489518761634827e-02 3.366138041019439697e-02 2.455841936171054840e-02 1.805325448513031006e-01 4.527554288506507874e-02 9.931251406669616699e-02 3.360413759946823120e-02 2.567609213292598724e-02 2.277087233960628510e-02 1.300770975649356842e-02 3.349078074097633362e-02 3.764670342206954956e-02 2.730709500610828400e-02 2.709702588617801666e-02 4.496985301375389099e-02 3.610321134328842163e-02 4.113764315843582153e-02 2.375911734998226166e-02 3.519920259714126587e-02 1.681041345000267029e-02 2.897235378623008728e-02 2.645377814769744873e-02 2.618725411593914032e-02 3.351924195885658264e-02 1.481055840849876404e-02 3.942959383130073547e-02 3.135934844613075256e-02 2.698300778865814209e-02 2.950050868093967438e-02 3.270106390118598938e-02 3.641655296087265015e-02 5.337054375559091568e-03 1.221877802163362503e-02 2.303239330649375916e-02 2.015331760048866272e-02 1.675311289727687836e-02 1.608137227594852448e-02 1.128234900534152985e-02 6.041541229933500290e-03 1.013641357421875000e-01 5.189744383096694946e-02 3.388071060180664062e-02 1.124867517501115799e-02 2.884225733578205109e-02 4.042176529765129089e-02 2.874936163425445557e-02 2.295682393014431000e-02 1.816284470260143280e-02 2.046652697026729584e-02 1.017714943736791611e-02 3.667221218347549438e-02 5.457660555839538574e-02 1.606306619942188263e-02 4.864079877734184265e-02 3.095781244337558746e-02 2.233375050127506256e-02 1.193256955593824387e-02 5.123437568545341492e-02 1.766465790569782257e-02 2.766014821827411652e-02 1.811325922608375549e-02 2.062448300421237946e-02 4.111088067293167114e-02 1.287923473864793777e-02 1.011079922318458557e-02 8.024213020689785480e-04 3.913957998156547546e-02 4.764935933053493500e-03 4.840305075049400330e-02 3.063914366066455841e-02 2.609235234558582306e-02 2.186747081577777863e-02 1.447711884975433350e-02 3.833200037479400635e-02 4.400426894426345825e-02 2.805152907967567444e-02 1.359488908201456070e-02 1.281685661524534225e-02 5.426459014415740967e-02 1.029838901013135910e-02 3.693353757262229919e-02 1.790468208491802216e-02 2.192456088960170746e-02 3.288444597274065018e-03 7.712784223258495331e-03 5.191337782889604568e-03 3.911042585968971252e-02 4.204721003770828247e-02 3.458825498819351196e-02 1.427287701517343521e-02 2.760755270719528198e-02 1.692405715584754944e-02 1.915804669260978699e-02 1.150091644376516342e-03 1.737575605511665344e-02 6.682454841211438179e-04 5.182301625609397888e-03 8.715883828699588776e-03 1.680408418178558350e-02 3.557420894503593445e-02 3.470444306731224060e-02 9.612885303795337677e-03 5.064900219440460205e-02 6.027571856975555420e-02 6.633541546761989594e-03 1.536741759628057480e-02 3.371451050043106079e-02 8.081015199422836304e-03 1.731384359300136566e-02
2.784923911094665527e-01 4.643950164318084717e-01 1.578983664512634277e-02 3.523541241884231567e-02 4.237684234976768494e-02 1.364893466234207153e-01 1.700851023197174072e-01 3.966916352510452271e-03 3.375972434878349304e-02 2.916398458182811737e-02 1.515032500028610229e-01 1.334263850003480911e-02 1.359959691762924194e-01 2.829842967912554741e-03 1.998892240226268768e-02 2.901652595028281212e-03 3.837007796391844749e-03 4.399262834340333939e-03 2.821161597967147827e-02 1.462908182293176651e-02 2.641207352280616760e-02 2.814639173448085785e-02 4.552542697638273239e-03 4.579161293804645538e-03 3.432735055685043335e-02 2.836165949702262878e-02 4.980567097663879395e-02 3.314436599612236023e-02 1.903460547327995300e-02 3.769812360405921936e-02 3.899017348885536194e-02 3.364833071827888489e-02 8.788657374680042267e-03 1.798058114945888519e-02 1.346938312053680420e-02 2.197170816361904144e-02 2.227495238184928894e-02 2.033265493810176849e-02 4.647939931601285934e-03 1.192499417811632156e-02 1.658510416746139526e-02 3.836613893508911133e-02 1.253765448927879333e-02 7.875747047364711761e-03 9.296494536101818085e-03 1.805159822106361389e-02 8.623886108398437500e-02 7.828337699174880981e-02 1.508841942995786667e-02 3.692858666181564331e-02 3.410692512989044189e-02 2.342463470995426178e-02 3.567934036254882812e-02 2.796717919409275055e-02 3.172045946121215820e-02 3.653191030025482178e-02 4.733886942267417908e-02 3.541386127471923828e-02 4.336977005004882812e-02 9.848346933722496033e-03 9.947704151272773743e-03 2.184866182506084442e-02 2.657405287027359009e-02 1.210006792098283768e-02 3.899312810972332954e-03 1.819197833538055420e-02 4.843914508819580078e-02 3.363932482898235321e-03 1.520006265491247177e-02 3.636210411787033081e-02 2.564318850636482239e-02 1.582694705575704575e-03 4.278243705630302429e-02 2.560743503272533417e-02 3.464614599943161011e-02 2.000631950795650482e-02 3.605773299932479858e-02 1.238459441810846329e-02 3.604698553681373596e-02 1.725044683553278446e-03 4.624517634510993958e-02 3.806665539741516113e-02 3.522524842992424965e-03 1.574826240539550781e-02 2.855192124843597412e-02 5.627720803022384644e-02 3.074687719345092773e-02 4.435368254780769348e-02 2.469673566520214081e-02 2.747309580445289612e-02 5.638010799884796143e-02 3.518572449684143066e-02 4.172390326857566833e-03 4.988688975572586060e-02 3.748887777328491211e-02 1.915247179567813873e-02 2.661047130823135376e-02 1.333613035967573524e-04 1.445876248180866241e-02 2.158168889582157135e-02 4.384561441838741302e-03 1.210217271000146866e-02 2.585239708423614502e-02 1.900964230298995972e-02 2.343385666608810425e-02 6.939399521797895432e-03 3.781063482165336609e-02 2.587166614830493927e-02 3.528328984975814819e-02 1.609503664076328278e-02 1.939495466649532318e-02 4.623834043741226196e-02 1.043358258903026581e-02 6.836342159658670425e-03 3.364119306206703186e-02 1.289170514792203903e-02
2.968537446577101946e-04 1.578983664512634277e-02 4.393628239631652832e-01 2.718914858996868134e-02 1.670799963176250458e-02 5.540007259696722031e-03 5.081801209598779678e-03 1.101475432515144348e-01 6.366922054439783096e-03 1.280115544795989990e-02 2.845421619713306427e-02 3.974007070064544678e-02 3.838499262928962708e-02 2.586863376200199127e-02 8.797548944130539894e-04 2.029406651854515076e-02 1.188395731151103973e-02 1.206996478140354156e-02 3.783571720123291016e-02 2.335234545171260834e-02 2.876054123044013977e-02 4.500667750835418701e-02 3.089364245533943176e-02 2.131022512912750244e-02 2.725174464285373688e-02 1.882821507751941681e-02 2.813173644244670868e-02 2.925215987488627434e-03 6.842132657766342163e-03 1.147095230408012867e-03 1.702578924596309662e-02 8.112744428217411041e-03 1.271366048604249954e-02 3.585399687290191650e-02 3.174344822764396667e-02 3.488034009933471680e-02 7.224312284961342812e-04 1.033213175833225250e-02 4.824390262365341187e-02 2.125733904540538788e-02 2.386906184256076813e-02 3.850993514060974121e-02 1.869022846221923828e-02 1.014970801770687103e-02 2.840795367956161499e-02 8.596556261181831360e-03 1.455720979720354080e-02 2.065558359026908875e-02 2.992707863450050354e-02 1.779125654138624668e-03 1.525297667831182480e-02 7.931922562420368195e-03 3.406380861997604370e-02 3.173581510782241821e-02 3.257339820265769958e-02 3.380596265196800232e-02 2.310353517532348633e-02 1.398160122334957123e-02 4.254535958170890808e-02 1.803011982701718807e-03 1.916403509676456451e-02 3.389147296547889709e-02 3.495079651474952698e-02 2.813235856592655182e-03 3.616520762443542480e-02 1.490424014627933502e-02 1.769778877496719360e-02 3.227340430021286011e-02 3.662719205021858215e-02 7.365919649600982666e-03 2.520540170371532440e-02 2.981438674032688141e-02 5.620625801384449005e-03 6.100404541939496994e-03 3.959107026457786560e-02 5.872342269867658615e-03 4.705983772873878479e-02 4.047804698348045349e-02 2.553843334317207336e-02 2.044253796339035034e-02 1.624537706375122070e-01 1.526494771242141724e-01 3.688622964546084404e-03 5.381350871175527573e-03 3.386159613728523254e-02 3.981243818998336792e-02 5.401822924613952637e-02 5.538639426231384277e-02 3.285468323156237602e-03 1.458856184035539627e-02 1.224329788237810135e-02 7.502082735300064087e-03 2.359497547149658203e-02 5.198502168059349060e-02 2.253865264356136322e-02 4.298317059874534607e-02 2.221244759857654572e-02 6.202073302119970322e-03 2.195022441446781158e-02 1.894767023622989655e-02 2.954964712262153625e-02 2.897395566105842590e-02 4.345411434769630432e-02 3.539108112454414368e-02 3.804800286889076233e-02 6.083250977098941803e-03 3.165927901864051819e-02 7.606260478496551514e-03 1.008122228085994720e-03 4.454043135046958923e-02 7.593913935124874115e-03 4.329424351453781128e-03 3.660669550299644470e-02 1.148655265569686890e-02 3.737558051943778992e-02 3.467776626348495483e-02
2.035028859972953796e-02 3.523541241884231567e-02 2.718914858996868134e-02 4.286488890647888184e-01 2.103270292282104492e-01 1.921899616718292236e-02 5.273785907775163651e-03 1.595431752502918243e-02 1.412874273955821991e-02 2.874965965747833252e-02 1.346477307379245758e-02 4.576561506837606430e-03 3.158264607191085815e-02 4.105536639690399170e-02 3.978899680078029633e-03 1.564106158912181854e-02 3.809299692511558533e-02 3.242488950490951538e-02 3.139842301607131958e-02 4.181246459484100342e-02 1.480161678045988083e-02 5.000789463520050049e-02 3.880223026499152184e-03 1.038602460175752640e-02 6.627379450947046280e-03 4.626637324690818787e-02 4.239062592387199402e-02 2.618295606225728989e-03 1.786501333117485046e-02 3.213612735271453857e-02 2.466053701937198639e-02 2.744232490658760071e-02 7.969512790441513062e-02 3.449254855513572693e-02 1.647720672190189362e-02 1.336027309298515320e-02 5.028280988335609436e-02 6.271065678447484970e-03 4.962579533457756042e-02 4.337648674845695496e-02 2.525083534419536591e-02 2.351467264816164970e-03 1.852046465501189232e-03 2.060066722333431244e-02 4.183891788125038147e-02 4.694972559809684753e-02 5.625179968774318695e-03 1.380505878478288651e-02 4.588374868035316467e-02 3.660483285784721375e-02 2.126701292581856251e-04 2.819104865193367004e-02 3.757371008396148682e-02 2.785804122686386108e-02 1.771180331707000732e-02 1.701834984123706818e-02 2.597273886203765869e-02 5.067221075296401978e-02 1.325394120067358017e-02 3.508362220600247383e-03 6.640659272670745850e-02 1.806540042161941528e-02 4.571186378598213196e-02 2.009784430265426636e-02 3.373466432094573975e-02 4.132697731256484985e-02 4.987671971321105957e-03 1.780230738222599030e-02 2.750219777226448059e-02 1.187624596059322357e-02 4.391916096210479736e-02 1.449281442910432816e-02 6.987924128770828247e-02 1.066451333463191986e-02 1.755655184388160706e-02 4.390862584114074707e-02 4.976553842425346375e-03 2.912892028689384460e-02 5.150390416383743286e-02 3.556375205516815186e-02 5.405711941421031952e-03 1.948510482907295227e-02 2.355411835014820099e-02 2.964261919260025024e-02 4.002629965543746948e-02 5.090926215052604675e-02 4.628817550837993622e-03 9.109009988605976105e-03 1.698576845228672028e-02 2.526743337512016296e-02 3.084482625126838684e-02 2.407035976648330688e-02 7.005391642451286316e-03 2.535061724483966827e-02 4.225931316614151001e-02 4.110007733106613159e-02 2.009010873734951019e-02 3.114173561334609985e-02 9.366721496917307377e-04 2.753054723143577576e-02 4.031665250658988953e-02 4.716336727142333984e-02 2.712309174239635468e-02 3.963340818881988525e-02 2.001033164560794830e-02 3.164003137499094009e-03 1.771585270762443542e-02 9.764310088939964771e-04 3.230524063110351562e-02 6.331152282655239105e-03 1.762491464614868164e-02 2.618203870952129364e-02 5.091955536045134068e-04 9.910481981933116913e-03 4.045184329152107239e-02 3.149522235617041588e-03
1.697956211864948273e-02 4.237684234976768494e-02 1.670799963176250458e-02 2.103270292282104492e-01 4.389425218105316162e-01 1.919818110764026642e-02 8.475023321807384491e-03 8.569629862904548645e-03 3.363522887229919434e-02 4.928605630993843079e-02 3.422742709517478943e-03 1.604085229337215424e-02 7.255134638398885727e-03 2.884907275438308716e-02 2.720768190920352936e-02 3.192459046840667725e-02 4.288662225008010864e-02 1.143087819218635559e-02 3.229077160358428955e-02 1.444925088435411453e-02 5.116545362398028374e-04 2.560579590499401093e-02 1.239991048350930214e-03 2.937074378132820129e-02 2.235321328043937683e-02 3.457869216799736023e-02 1.614585518836975098e-02 4.023716598749160767e-02 1.649066060781478882e-02 1.003244798630475998e-02 3.617904707789421082e-02 5.948988348245620728e-02 3.690537437796592712e-02 5.277057364583015442e-02 5.293551087379455566e-02 8.721979334950447083e-03 3.392430022358894348e-02 5.650741513818502426e-03 8.409951627254486084e-02 6.557409465312957764e-02 6.377790588885545731e-03 2.243433613330125809e-03 1.473525073379278183e-03 4.462854191660881042e-02 5.695747095160186291e-04 4.168112296611070633e-03 2.160272002220153809e-02 1.872993656434118748e-03 1.198372710496187210e-02 3.472360596060752869e-02 5.785170942544937134e-03 2.416194416582584381e-02 4.665667191147804260e-02 4.057153314352035522e-02 1.742482185363769531e-02 5.825752858072519302e-03 2.759555820375680923e-03 5.759913846850395203e-02 9.878091514110565186e-03 3.339552506804466248e-02 1.166783273220062256e-02 1.771092601120471954e-02 1.781810447573661804e-02 1.196104846894741058e-02 1.899073831737041473e-02 4.263644292950630188e-02 4.197978973388671875e-02 3.602324798703193665e-02 1.755720749497413635e-02 2.769625373184680939e-02 3.470871224999427795e-02 2.321159653365612030e-02 1.114040147513151169e-02 2.215771563351154327e-02 2.501348964869976044e-02 2.233928442001342773e-02 3.436543792486190796e-02 4.290910437703132629e-02 4.859622567892074585e-04 2.731423452496528625e-02 7.474469020962715149e-04 1.013197703287005424e-03 1.922843046486377716e-02 1.146364957094192505e-01 3.884031623601913452e-02 2.199481986463069916e-02 1.100124605000019073e-02 1.241753343492746353e-02 3.540758788585662842e-02 3.119317814707756042e-03 1.961001753807067871e-02 4.300007969141006470e-02 5.348342470824718475e-03 2.408183552324771881e-02 4.043113812804222107e-02 5.280859395861625671e-02 4.288107529282569885e-02 3.864247351884841919e-02 7.963671348989009857e-03 1.364246755838394165e-02 2.873391471803188324e-02 4.763897508382797241e-02 2.802014350891113281e-02 5.993966478854417801e-03 2.886455506086349487e-02 2.544757351279258728e-02 1.765873841941356659e-02 1.555017661303281784e-02 3.811030462384223938e-02 3.629829734563827515e-04 4.556817188858985901e-02 4.526603966951370239e-02 1.036455016583204269e-02 1.406074967235326767e-02 1.377012580633163452e-02 5.405663326382637024e-02
1.779288053512573242e-01 1.364893466234207153e-01 5.540007259696722031e-03 1.921899616718292236e-02 1.919818110764026642e-02 4.679000973701477051e-01 2.143933624029159546e-01 9.424107149243354797e-03 2.500665001571178436e-02 1.034420263022184372e-02 6.213017925620079041e-02 2.424064278602600098e-02 1.577620580792427063e-02 2.744664996862411499e-02 6.915349513292312622e-02 4.970086272805929184e-03 8.708659559488296509e-03 4.702655225992202759e-02 8.920922875404357910e-03 1.543254591524600983e-02 1.645365357398986816e-02 2.023826166987419128e-02 1.185550633817911148e-02 1.590948901139199734e-03 3.020629473030567169e-02 1.330657955259084702e-02 3.592477738857269287e-02 3.765431791543960571e-02 5.489236116409301758e-02 2.084936760365962982e-02 2.469694986939430237e-02 4.514630511403083801e-02 3.569286689162254333e-02 2.081014215946197510e-02 1.946422271430492401e-02 3.033902868628501892e-02 4.652346298098564148e-02 4.740434233099222183e-03 2.605995163321495056e-02 1.985635422170162201e-02 9.318085387349128723e-03 2.176924422383308411e-02 3.159169480204582214e-02 2.722305944189429283e-03 9.728846140205860138e-03 2.533032186329364777e-02 1.992872357368469238e-01 1.352310776710510254e-01 6.303989328444004059e-03 3.912425041198730469e-02 1.102462783455848694e-02 2.870842441916465759e-02 8.226891979575157166e-03 1.662147790193557739e-02 2.653714083135128021e-02 2.417443506419658661e-02 9.118992020376026630e-04 3.628458082675933838e-02 4.126195982098579407e-02 1.232509687542915344e-02 5.266043823212385178e-03 1.441411580890417099e-02 2.011847682297229767e-02 1.278151292353868484e-02 3.731725737452507019e-02 2.770916745066642761e-02 2.247769758105278015e-02 4.001603275537490845e-02 8.932715281844139099e-03 1.498659886419773102e-02 3.113191947340965271e-02 2.377600036561489105e-02 2.666111476719379425e-02 1.736522465944290161e-02 2.585484646260738373e-02 8.027570322155952454e-03 1.596778258681297302e-02 3.439062833786010742e-02 3.269855305552482605e-02 3.528174757957458496e-02 4.174938052892684937e-02 7.658898364752531052e-03 1.808313536457717419e-03 1.775198243558406830e-02 5.263618007302284241e-02 4.676918964833021164e-03 3.519084677100181580e-02 1.675985194742679596e-02 1.380079891532659531e-02 2.023483626544475555e-02 1.204384211450815201e-02 5.453132465481758118e-02 2.926275506615638733e-02 1.900989934802055359e-02 1.267391489818692207e-03 3.253296017646789551e-03 2.889925613999366760e-02 7.923371158540248871e-03 3.615310788154602051e-02 3.281132876873016357e-02 2.763553708791732788e-02 1.321219559758901596e-02 1.343883201479911804e-02 6.106194574385881424e-03 3.208763897418975830e-02 4.708932712674140930e-03 4.734624922275543213e-02 5.052952095866203308e-02 4.898190498352050781e-02 2.510324353352189064e-03 3.809298155829310417e-03 4.042780399322509766e-02 1.721150241792201996e-02 7.653759792447090149e-03 2.047697640955448151e-02 2.368807420134544373e-02
1.504656821489334106e-01 1.700851023197174072e-01 5.081801209598779678e-03 5.273785907775163651e-03 8.475023321807384491e-03 2.143933624029159546e-01 4.668968617916107178e-01 2.074086479842662811e-02 1.314104441553354263e-02 1.774667017161846161e-02 5.702042207121849060e-02 1.406320929527282715e-02 1.039964146912097931e-02 3.398777917027473450e-02 7.736277580261230469e-02 2.959052473306655884e-02 4.465626552700996399e-03 1.489207893610000610e-02 2.165184356272220612e-02 7.559200748801231384e-03 1.858938671648502350e-02 2.281694323755800724e-04 4.941793158650398254e-02 2.853408083319664001e-02 3.229620307683944702e-02 4.001113120466470718e-03 2.830467745661735535e-02 4.477186873555183411e-02 5.825585126876831055e-02 7.482164353132247925e-02 1.339256856590509415e-02 4.075368866324424744e-02 2.985827624797821045e-02 1.994029060006141663e-02 2.144030854105949402e-02 7.021707482635974884e-03 2.593721449375152588e-02 1.715584099292755127e-02 1.217888575047254562e-02 1.893993350677192211e-03 5.365216638892889023e-03 9.785055182874202728e-03 4.150969907641410828e-02 3.299188241362571716e-02 1.646117120981216431e-02 2.908136881887912750e-02 1.780188828706741333e-01 1.596375107765197754e-01 8.309422992169857025e-03 2.779435925185680389e-02 1.184467040002346039e-02 6.517087575048208237e-03 1.494201598688960075e-03 1.402797363698482513e-02 3.097324445843696594e-02 8.511443622410297394e-03 2.906752191483974457e-02 1.849904470145702362e-02 3.918748721480369568e-02 2.724633784964680672e-03 2.332348190248012543e-02 3.415128216147422791e-02 1.580734387971460819e-03 3.298474475741386414e-02 3.211995214223861694e-02 4.201515018939971924e-02 1.930878683924674988e-02 1.850789971649646759e-02 3.049586899578571320e-02 3.781760856509208679e-02 2.910616062581539154e-02 3.630849719047546387e-02 4.094996303319931030e-02 4.597168415784835815e-02 1.232024747878313065e-02 1.975942635908722878e-03 1.850233878940343857e-03 2.409141324460506439e-02 1.845226809382438660e-02 4.011408612132072449e-02 3.321203216910362244e-02 7.051773834973573685e-03 2.322681620717048645e-02 1.070522819645702839e-03 2.433063462376594543e-02 8.880628272891044617e-03 3.984728083014488220e-02 2.761747315526008606e-02 2.925050631165504456e-02 1.686310954391956329e-02 3.852519020438194275e-02 5.917995423078536987e-02 4.929896816611289978e-02 2.967316471040248871e-02 3.504864871501922607e-02 2.465342544019222260e-02 2.800384536385536194e-02 1.428676117211580276e-02 3.091693483293056488e-02 1.341469120234251022e-02 5.248063430190086365e-02 2.520940639078617096e-02 2.295825444161891937e-02 2.168749459087848663e-02 6.821520626544952393e-03 1.336129382252693176e-02 2.517437562346458435e-02 4.059256240725517273e-02 4.066594690084457397e-02 1.195088122040033340e-02 7.821409031748771667e-03 3.518663346767425537e-02 2.416449598968029022e-02 8.940710686147212982e-03 4.940230865031480789e-03 3.661139309406280518e-02
2.118489518761634827e-02 3.966916352510452271e-03 1.101475432515144348e-01 1.595431752502918243e-02 8.569629862904548645e-03 9.424107149243354797e-03 2.074086479842662811e-02 4.652611911296844482e-01 1.584650017321109772e-02 3.857409954071044922e-02 4.535640403628349304e-02 4.385058954358100891e-02 4.120532795786857605e-02 1.697413064539432526e-02 8.131493628025054932e-02 2.509621344506740570e-02 5.245117098093032837e-02 4.705815762281417847e-02 9.099462069571018219e-03 1.313945557922124863e-02 3.866874054074287415e-02 3.733341768383979797e-02 1.770950295031070709e-02 3.921736031770706177e-02 1.096396520733833313e-02 3.683552518486976624e-02 6.770226638764142990e-03 5.262112244963645935e-03 3.389605507254600525e-02 4.158466309309005737e-02 1.736255362629890442e-02 4.026399925351142883e-03 7.824448868632316589e-03 1.480126869864761829e-03 1.926835253834724426e-02 1.687376014888286591e-02 4.617246240377426147e-02 1.776317879557609558e-02 3.717616945505142212e-02 4.137939587235450745e-02 4.434480518102645874e-02 6.394687574356794357e-03 1.138663664460182190e-02 1.222281809896230698e-02 1.184307597577571869e-02 4.884948488324880600e-03 1.018892880529165268e-02 2.346087247133255005e-02 5.009334534406661987e-02 4.601093754172325134e-02 2.765965834259986877e-02 3.926223516464233398e-02 1.315088383853435516e-02 1.549876760691404343e-02 5.064563453197479248e-02 4.123390093445777893e-02 4.211982712149620056e-03 2.901510708034038544e-02 3.872739896178245544e-02 1.437379047274589539e-02 3.197288885712623596e-02 3.772033378481864929e-02 3.271773830056190491e-02 4.810881987214088440e-02 4.685557633638381958e-02 4.668247886002063751e-03 2.669296227395534515e-03 1.854710094630718231e-02 2.422779612243175507e-02 9.170413017272949219e-03 1.635476574301719666e-02 1.037803571671247482e-02 4.851647093892097473e-02 7.437950931489467621e-03 6.630789022892713547e-03 7.417169865220785141e-03 5.739840213209390640e-03 4.364522919058799744e-02 4.192458931356668472e-03 3.140173852443695068e-02 8.787968009710311890e-02 9.202752262353897095e-02 3.893055766820907593e-02 3.372570499777793884e-02 1.680241525173187256e-02 7.913664914667606354e-03 6.751418113708496094e-02 6.384635716676712036e-02 3.282212093472480774e-02 1.036970783025026321e-02 4.388669505715370178e-02 1.476207654923200607e-02 4.602726548910140991e-02 2.623434923589229584e-02 2.882674103602766991e-03 3.465251065790653229e-03 4.556637629866600037e-02 1.029057614505290985e-02 3.726602718234062195e-02 5.017845891416072845e-03 1.112830732017755508e-02 1.611563749611377716e-02 3.265091776847839355e-02 2.483364567160606384e-02 1.513393316417932510e-02 1.056602783501148224e-02 4.952151793986558914e-03 2.099574916064739227e-02 5.588612984865903854e-03 9.616998024284839630e-03 1.023002713918685913e-02 3.506434708833694458e-02 6.830320227891206741e-03 2.251948602497577667e-02 1.106868684291839600e-02 2.473994717001914978e-02
3.366138041019439697e-02 3.375972434878349304e-02 6.366922054439783096e-03 1.412874273955821991e-02 3.363522887229919434e-02 2.500665001571178436e-02 1.314104441553354263e-02 1.584650017321109772e-02 4.676916301250457764e-01 4.532216861844062805e-02 4.770851880311965942e-02 7.554505765438079834e-02 2.700760774314403534e-02 1.704546436667442322e-02 4.240410774946212769e-02 2.344700880348682404e-02 2.599078230559825897e-02 1.446676701307296753e-01 3.554376959800720215e-02 1.867843419313430786e-02 1.640653470531105995e-03 2.371448092162609100e-02 7.354640215635299683e-02 6.633730232715606689e-02 4.561418294906616211e-02 4.665779694914817810e-02 4.645264893770217896e-02 2.506262250244617462e-02 1.151316426694393158e-02 4.898121953010559082e-02 6.167078856378793716e-03 4.804364591836929321e-02 5.205843970179557800e-02 1.165605848655104637e-03 5.096936598420143127e-03 2.217836119234561920e-02 4.099397361278533936e-02 4.418592900037765503e-02 1.003612857311964035e-02 1.038448233157396317e-02 3.283481055404990911e-04 5.286815762519836426e-02 2.196259237825870514e-02 6.997131742537021637e-03 4.559555649757385254e-02 4.315722733736038208e-02 3.604949265718460083e-02 2.663193270564079285e-02 5.033749341964721680e-02 5.345543473958969116e-02 1.374065317213535309e-02 4.767430946230888367e-02 2.499120868742465973e-02 3.113049082458019257e-02 1.019338294863700867e-01 3.754047676920890808e-02 1.230676285922527313e-02 2.095581218600273132e-02 2.430967055261135101e-02 7.672405801713466644e-03 8.978520054370164871e-04 5.168186873197555542e-02 3.806563466787338257e-02 3.467052057385444641e-02 2.494701743125915527e-02 2.352305687963962555e-02 1.574593409895896912e-02 4.635871946811676025e-02 6.552784144878387451e-02 3.244980052113533020e-02 1.446878630667924881e-02 1.581828691996634007e-03 2.790703997015953064e-02 4.031880572438240051e-02 5.467065796256065369e-02 1.066893618553876877e-02 2.529023289680480957e-01 2.944858558475971222e-02 6.411194801330566406e-02 3.648257255554199219e-02 3.526115557178854942e-03 2.575248852372169495e-02 7.426527142524719238e-02 5.677113682031631470e-02 3.766905888915061951e-02 7.640410331077873707e-04 2.853861078619956970e-02 3.950280696153640747e-02 1.646835505962371826e-01 1.097386330366134644e-02 3.179636225104331970e-02 3.325157985091209412e-02 4.159776493906974792e-02 1.796344481408596039e-02 4.731703177094459534e-02 3.015543706715106964e-02 3.833287628367543221e-03 3.041251562535762787e-02 4.951995983719825745e-02 1.798058487474918365e-02 3.942379355430603027e-02 5.099616199731826782e-02 4.233732819557189941e-03 3.529917914420366287e-03 2.917571924626827240e-02 3.611121326684951782e-02 1.617200672626495361e-02 4.227471351623535156e-02 4.104613512754440308e-02 2.284477464854717255e-02 1.224420685321092606e-02 1.493250019848346710e-03 2.311456017196178436e-02 1.458368264138698578e-02 2.596963942050933838e-02 4.305867105722427368e-02
2.455841936171054840e-02 2.916398458182811737e-02 1.280115544795989990e-02 2.874965965747833252e-02 4.928605630993843079e-02 1.034420263022184372e-02 1.774667017161846161e-02 3.857409954071044922e-02 4.532216861844062805e-02 4.644744694232940674e-01 1.851410791277885437e-02 3.118805587291717529e-02 3.039645263925194740e-03 2.988512162119150162e-03 4.887893050909042358e-02 1.157181989401578903e-02 1.645814813673496246e-02 2.858798252418637276e-03 1.582766771316528320e-01 5.585705395787954330e-03 3.386509045958518982e-02 3.842024877667427063e-02 1.196266803890466690e-02 6.166338548064231873e-02 2.534312568604946136e-02 3.035180270671844482e-02 4.840346518903970718e-03 3.651308640837669373e-02 1.726173050701618195e-02 4.990423098206520081e-02 4.392653703689575195e-02 9.384728968143463135e-03 4.757836461067199707e-02 2.617667056620121002e-02 3.647510020527988672e-04 3.622028604149818420e-02 4.464700445532798767e-02 2.110489457845687866e-02 3.868430480360984802e-02 3.508029505610466003e-02 2.222857065498828888e-02 2.360683865845203400e-02 4.951027780771255493e-02 2.317591384053230286e-02 1.402513869106769562e-02 5.355703085660934448e-02 6.777165923267602921e-03 1.466773822903633118e-02 7.393009494990110397e-03 1.064432710409164429e-01 2.750827115960419178e-04 1.145392563194036484e-02 5.186444893479347229e-02 4.335794225335121155e-02 3.393950313329696655e-02 3.584979102015495300e-02 8.687776513397693634e-03 5.703311786055564880e-02 2.205862849950790405e-02 3.219033032655715942e-02 5.402105674147605896e-02 3.348487243056297302e-02 1.062852889299392700e-02 3.579746931791305542e-02 1.468444056808948517e-02 1.444300753064453602e-03 1.777120982296764851e-03 1.778621412813663483e-02 2.043040841817855835e-02 4.507164005190134048e-03 1.015818491578102112e-02 1.166106481105089188e-02 1.980821602046489716e-02 1.430015196092426777e-03 3.946507722139358521e-02 4.057026281952857971e-02 3.906761854887008667e-02 1.575320810079574585e-01 4.568508826196193695e-03 1.673398762941360474e-01 2.837167866528034210e-02 4.226651787757873535e-02 2.454392425715923309e-02 6.051944941282272339e-02 6.314684450626373291e-02 4.904837906360626221e-02 9.683855809271335602e-03 3.030432015657424927e-02 2.336750179529190063e-02 1.022659391164779663e-01 5.840972438454627991e-02 3.273302316665649414e-02 7.018564641475677490e-02 2.914790064096450806e-02 1.188211608678102493e-02 3.345043957233428955e-02 4.326793830841779709e-03 4.113357514142990112e-03 8.811076171696186066e-03 5.254967883229255676e-02 4.263418167829513550e-02 1.864915899932384491e-02 3.148088231682777405e-02 3.157842531800270081e-02 3.028226457536220551e-02 4.225224256515502930e-02 9.137080051004886627e-03 9.192021097987890244e-04 6.167425308376550674e-03 3.895673528313636780e-02 2.954746782779693604e-02 5.145245417952537537e-02 4.637253284454345703e-02 2.846140414476394653e-02 7.753394078463315964e-03 4.042487218976020813e-02
1.805325448513031006e-01 1.515032500028610229e-01 2.845421619713306427e-02 1.346477307379245758e-02 3.422742709517478943e-03 6.213017925620079041e-02 5.702042207121849060e-02 4.535640403628349304e-02 4.770851880311965942e-02 1.851410791277885437e-02 4.637707471847534180e-01 1.827693730592727661e-02 1.390654444694519043e-01 9.413843974471092224e-03 5.780158936977386475e-02 2.423702366650104523e-02 6.289412267506122589e-03 7.364285178482532501e-03 4.194233939051628113e-02 1.835744082927703857e-02 3.455543890595436096e-02 1.074686273932456970e-02 2.907428331673145294e-02 2.793828584253787994e-02 1.942078210413455963e-02 2.855698019266128540e-02 1.225419249385595322e-02 9.265530854463577271e-03 7.918280363082885742e-02 3.148538246750831604e-02 9.149979799985885620e-03 7.461193017661571503e-03 2.330117300152778625e-02 1.669843681156635284e-02 2.092733420431613922e-02 1.207146048545837402e-02 4.997836798429489136e-02 1.216716226190328598e-02 1.226779073476791382e-02 5.746492184698581696e-03 5.447943508625030518e-02 1.399530912749469280e-03 6.457092240452766418e-03 2.191063761711120605e-02 6.985409650951623917e-03 3.400491550564765930e-02 5.652605369687080383e-02 3.674191981554031372e-02 8.032006211578845978e-03 2.809602022171020508e-02 2.563332393765449524e-02 4.719222709536552429e-02 2.581339515745639801e-02 2.480365335941314697e-02 1.581115461885929108e-02 2.834922820329666138e-02 1.007979176938533783e-02 2.892841771245002747e-02 5.472413823008537292e-02 6.174804875627160072e-04 1.198938768357038498e-02 1.477728714235126972e-03 1.330070290714502335e-02 3.847749903798103333e-02 1.191582456231117249e-01 4.562635347247123718e-02 4.300725460052490234e-02 1.971399039030075073e-02 3.134232247248291969e-04 5.594230722635984421e-03 3.522358834743499756e-02 3.002279810607433319e-02 8.424323750659823418e-04 3.013110533356666565e-02 1.784284971654415131e-02 3.899885574355721474e-03 3.173765912652015686e-02 7.323480211198329926e-03 3.129361569881439209e-02 1.886112801730632782e-02 2.141643315553665161e-02 5.539110302925109863e-02 3.662129491567611694e-02 2.437021955847740173e-02 4.156268015503883362e-02 3.268667683005332947e-02 5.349408462643623352e-02 1.097399159334599972e-03 1.870648935437202454e-02 2.883396111428737640e-02 1.161704864352941513e-02 6.218745931982994080e-02 3.511322662234306335e-03 3.454562276601791382e-02 3.071454726159572601e-02 1.950455643236637115e-02 1.906241476535797119e-02 9.072469547390937805e-03 3.104461729526519775e-02 3.136714175343513489e-02 2.455232292413711548e-02 2.546726912260055542e-02 8.999146521091461182e-03 7.303050719201564789e-03 3.429612144827842712e-02 5.686588212847709656e-02 4.274687916040420532e-02 1.071867719292640686e-02 1.940956898033618927e-02 2.262239344418048859e-02 2.736516296863555908e-02 2.082222606986761093e-03 1.879638410173356533e-03 1.141786691732704639e-03 3.400427475571632385e-02 1.960634812712669373e-02
4.527554288506507874e-02 1.334263850003480911e-02 3.974007070064544678e-02 4.576561506837606430e-03 1.604085229337215424e-02 2.424064278602600098e-02 1.406320929527282715e-02 4.385058954358100891e-02 7.554505765438079834e-02 3.118805587291717529e-02 1.827693730592727661e-02 4.588016569614410400e-01 2.638242952525615692e-02 2.475074827671051025e-01 8.485169149935245514e-03 1.760183274745941162e-02 4.167643189430236816e-02 2.950244583189487457e-02 9.150680154561996460e-02 4.363096505403518677e-02 7.988340221345424652e-03 2.197861112654209137e-02 1.117925941944122314e-01 7.598313689231872559e-02 3.459421545267105103e-02 2.077536098659038544e-02 3.330612182617187500e-02 1.151774972677230835e-01 4.648378584533929825e-03 1.254489868879318237e-01 3.409250825643539429e-02 3.425352275371551514e-02 2.792365103960037231e-02 5.470827594399452209e-02 2.655256912112236023e-02 9.355205111205577850e-03 1.409246306866407394e-02 4.107563197612762451e-02 4.654157906770706177e-02 3.395676985383033752e-02 1.592812687158584595e-02 3.995824605226516724e-02 4.448091611266136169e-02 2.463972487021237612e-04 8.873166888952255249e-02 4.737635701894760132e-02 5.185693502426147461e-02 4.068761132657527924e-03 3.972908481955528259e-02 5.409865640103816986e-03 2.947232127189636230e-02 7.689127814956009388e-04 2.887276001274585724e-02 4.480574280023574829e-02 5.821949243545532227e-02 3.042783401906490326e-02 1.674518804065883160e-03 3.133777529001235962e-02 3.768783062696456909e-02 1.912965252995491028e-02 1.421823073178529739e-02 1.592285558581352234e-02 1.265287678688764572e-02 1.268196944147348404e-02 3.444908559322357178e-02 1.253494806587696075e-02 3.936979174613952637e-02 3.787937387824058533e-02 2.941636927425861359e-02 2.052170922979712486e-03 4.715893045067787170e-02 1.090211095288395882e-03 3.980457410216331482e-02 4.128339886665344238e-02 2.203491888940334320e-02 3.089510649442672729e-02 5.440165847539901733e-02 4.583017900586128235e-02 6.843880983069539070e-04 9.160631150007247925e-02 1.142137218266725540e-02 3.214880824089050293e-02 4.608538001775741577e-02 3.163643926382064819e-02 1.014151349663734436e-01 2.714705839753150940e-02 5.234609544277191162e-02 1.633792370557785034e-02 4.668955877423286438e-02 6.398631632328033447e-02 2.558747120201587677e-02 8.976854383945465088e-03 1.252543274313211441e-02 8.440630510449409485e-03 4.579658433794975281e-02 2.307173795998096466e-02 1.362243434414267540e-03 3.881304338574409485e-02 1.401307177729904652e-03 4.516660049557685852e-02 4.583327844738960266e-02 4.780672490596771240e-02 1.089471206068992615e-02 1.781192421913146973e-02 1.573410443961620331e-02 1.395854726433753967e-02 3.292799461632966995e-03 4.793751239776611328e-02 2.470802515745162964e-02 1.460570469498634338e-02 1.118629146367311478e-02 2.591409534215927124e-02 2.280770242214202881e-02 2.198020741343498230e-02 6.450294516980648041e-03 1.732624508440494537e-02
9.931251406669616699e-02 1.359959691762924194e-01 3.838499262928962708e-02 3.158264607191085815e-02 7.255134638398885727e-03 1.577620580792427063e-02 1.039964146912097931e-02 4.120532795786857605e-02 2.700760774314403534e-02 3.039645263925194740e-03 1.390654444694519043e-01 2.638242952525615692e-02 4.649087488651275635e-01 3.744417801499366760e-02 1.470372453331947327e-02 1.590535603463649750e-02 9.544875472784042358e-03 1.541367382742464542e-04 4.487407952547073364e-02 2.856843173503875732e-02 3.361939638853073120e-02 2.392797544598579407e-02 6.576610263437032700e-03 2.098703384399414062e-02 1.619113609194755554e-02 4.043290391564369202e-03 2.060285769402980804e-04 1.163858454674482346e-02 1.012108623981475830e-01 1.112177129834890366e-02 1.362685710191726685e-01 3.796790540218353271e-02 3.709257394075393677e-02 1.979538798332214355e-02 7.639119401574134827e-03 2.860328648239374161e-03 3.883755533024668694e-03 2.297010272741317749e-02 1.516190543770790100e-02 2.633579447865486145e-02 2.911622822284698486e-02 3.716605529189109802e-02 5.108486488461494446e-02 9.325455874204635620e-03 2.331140078604221344e-02 8.100769482553005219e-03 5.185579881072044373e-03 6.586329638957977295e-02 2.997275069355964661e-02 3.076330386102199554e-02 1.983376592397689819e-02 3.202271834015846252e-02 2.006643265485763550e-02 4.010316729545593262e-02 3.152078762650489807e-02 3.998101502656936646e-02 4.293575882911682129e-02 3.241955488920211792e-02 2.223261818289756775e-02 2.166413143277168274e-02 3.539602085947990417e-02 2.925998996943235397e-03 4.535168036818504333e-02 3.239488601684570312e-02 8.538397401571273804e-02 9.271164983510971069e-02 3.730535507202148438e-02 2.883918210864067078e-02 1.671164110302925110e-02 1.446288637816905975e-02 2.414178289473056793e-02 4.049614444375038147e-02 2.406897256150841713e-03 2.289732918143272400e-02 1.476938836276531219e-02 3.200366720557212830e-02 4.149131849408149719e-02 2.973768487572669983e-02 1.490640081465244293e-02 8.819682523608207703e-03 3.352919220924377441e-02 3.149922937154769897e-02 1.082075666636228561e-02 6.448521162383258343e-05 2.634489443153142929e-03 1.605141721665859222e-02 6.360302865505218506e-02 2.147008664906024933e-02 2.428293600678443909e-02 6.670355331152677536e-03 4.695894569158554077e-02 2.629224956035614014e-02 1.239764466881752014e-01 2.894857339560985565e-02 8.683016523718833923e-03 2.176612243056297302e-02 2.392209134995937347e-02 4.593108594417572021e-02 1.284125074744224548e-02 2.155976928770542145e-02 8.705493062734603882e-03 1.992301270365715027e-02 2.909364365041255951e-02 2.808673307299613953e-02 5.805460270494222641e-03 5.802739784121513367e-02 2.493685111403465271e-02 5.380336940288543701e-02 3.798358514904975891e-02 2.110772393643856049e-02 4.318030551075935364e-02 4.887335747480392456e-02 4.780157282948493958e-02 2.460169233381748199e-02 1.030374201945960522e-03 4.643953405320644379e-03
