5.202549099922180176e-01 1.440277993679046631e-01 3.881759196519851685e-02 1.162586035206913948e-03 2.557685598731040955e-03 1.293655037879943848e-01 1.146172806620597839e-01 3.391377162188291550e-03 3.694674372673034668e-02 1.217552740126848221e-02 1.236881166696548462e-01 2.472528256475925446e-02 1.037574112415313721e-01 3.753839805722236633e-02 3.038591146469116211e-02 2.339149126783013344e-03 2.511228434741497040e-02 2.140453271567821503e-02 2.154163271188735962e-02 1.433041505515575409e-02 2.947970526292920113e-03 3.143211081624031067e-02 1.121220644563436508e-02 3.850252181291580200e-02 2.785187587141990662e-02 1.158553268760442734e-02 4.125891253352165222e-03 3.573948889970779419e-02 6.452096858993172646e-04 2.439488656818866730e-02 3.263941779732704163e-02 4.492693115025758743e-03 1.581409946084022522e-02 6.944663356989622116e-03 2.955577522516250610e-02 2.143132314085960388e-02 1.532919611781835556e-02 1.640421710908412933e-02 1.196093019098043442e-02 1.992500619962811470e-03 3.191685304045677185e-02 1.539188157767057419e-02 1.165230013430118561e-02 1.499503571540117264e-02 8.536928333342075348e-03 4.224137961864471436e-02 1.004720926284790039e-01 4.378050565719604492e-02 3.986011818051338196e-02 3.160356730222702026e-02 3.927310928702354431e-02 9.677310474216938019e-03 1.296989619731903076e-02 1.895391568541526794e-02 4.119645804166793823e-02 1.787872426211833954e-02 4.287615790963172913e-02 1.796164177358150482e-02 3.305501537397503853e-03 9.136145003139972687e-03 3.690971061587333679e-04 1.974718645215034485e-02 6.832831539213657379e-03 3.218703344464302063e-02 1.956556178629398346e-02 1.511813048273324966e-02 4.595335107296705246e-03 1.595891825854778290e-02 3.523687273263931274e-02 3.942962735891342163e-02 2.852931059896945953e-02 4.248268157243728638e-02 4.924342036247253418e-03 2.403468638658523560e-02 2.984588965773582458e-02 2.344531938433647156e-02 2.194909378886222839e-02 3.479950595647096634e-03 3.159350529313087463e-02 3.216696158051490784e-02 5.276691168546676636e-02 6.090772149036638439e-05 3.311309963464736938e-02 1.981130428612232208e-02 6.327643524855375290e-03 4.805757105350494385e-02 1.833540620282292366e-03 3.408113867044448853e-02 2.858929149806499481e-02 1.297911349684000015e-02 2.474942617118358612e-02 3.178003057837486267e-02 9.291776455938816071e-03 1.158463861793279648e-02 1.891426555812358856e-02 3.343967720866203308e-02 4.557488113641738892e-02 2.347659692168235779e-02 4.097344353795051575e-02 3.662443161010742188e-02 4.162423685193061829e-02 1.896846853196620941e-02 1.434754766523838043e-02 1.581246592104434967e-02 2.985437586903572083e-02 1.659132353961467743e-02 4.284029826521873474e-02 1.357735041528940201e-02 2.534144558012485504e-02 2.729899436235427856e-02 2.653048373758792877e-02 4.099399968981742859e-02 8.792064152657985687e-03 1.792470552027225494e-02 3.720759227871894836e-02 5.074805021286010742e-02
1.440277993679046631e-01 5.187042355537414551e-01 3.454471006989479065e-02 5.876629613339900970e-03 1.156541239470243454e-02 1.241109147667884827e-01 1.191851645708084106e-01 1.430369820445775986e-02 2.903857454657554626e-02 2.227498404681682587e-02 1.194767132401466370e-01 2.858330495655536652e-02 1.089515611529350281e-01 3.619645908474922180e-02 2.829441055655479431e-02 1.245721336454153061e-02 3.991826623678207397e-02 1.279123499989509583e-02 2.915128692984580994e-02 3.663902636617422104e-03 1.507582701742649078e-02 2.429052628576755524e-02 2.706548897549510002e-03 3.239996358752250671e-02 1.630628481507301331e-02 7.261976134032011032e-03 7.717700675129890442e-03 3.516419604420661926e-02 1.980984117835760117e-03 2.148702368140220642e-02 2.739777415990829468e-02 1.560115779284387827e-04 1.802554354071617126e-02 3.094593994319438934e-03 3.366829827427864075e-02 2.227111347019672394e-02 1.702309213578701019e-02 5.898840259760618210e-03 1.356572564691305161e-02 8.008646545931696892e-04 4.418491572141647339e-02 2.217389643192291260e-02 5.110647529363632202e-03 1.776097528636455536e-02 1.199747715145349503e-02 3.153504803776741028e-02 9.070415049791336060e-02 5.581241846084594727e-02 3.597970306873321533e-02 2.520367503166198730e-02 3.116133995354175568e-02 3.265217645093798637e-03 1.052507478743791580e-02 1.517166197299957275e-02 4.470305517315864563e-02 1.921965926885604858e-02 4.375464469194412231e-02 1.507192477583885193e-02 2.479428658261895180e-03 8.251713588833808899e-03 2.572479890659451485e-03 1.596087962388992310e-02 1.753242686390876770e-02 4.083279892802238464e-02 1.458535436540842056e-02 9.655490517616271973e-03 8.933519944548606873e-03 1.941833831369876862e-02 4.186248406767845154e-02 4.596910253167152405e-02 4.065874591469764709e-02 4.019542410969734192e-02 7.336119655519723892e-03 3.440006077289581299e-02 3.119631111621856689e-02 2.555845491588115692e-02 2.143281325697898865e-02 1.720921020023524761e-03 3.342583402991294861e-02 3.661879524588584900e-02 4.696001112461090088e-02 3.817702876403927803e-03 1.979785971343517303e-02 1.421428937464952469e-02 3.842138452455401421e-03 4.995318502187728882e-02 1.578298630192875862e-03 2.880314923822879791e-02 3.913522884249687195e-02 1.545108016580343246e-02 2.300973236560821533e-02 2.067249827086925507e-02 3.116016276180744171e-03 3.307304112240672112e-03 2.622857131063938141e-02 1.584411785006523132e-02 5.656791850924491882e-02 2.081460691988468170e-02 4.281728342175483704e-02 4.452098533511161804e-02 3.366056084632873535e-02 1.620770990848541260e-02 2.039154805243015289e-02 1.905691064894199371e-02 2.856108173727989197e-02 1.320335455238819122e-02 4.360508918762207031e-02 1.058744732290506363e-02 3.484497591853141785e-02 2.319806255400180817e-02 3.334106877446174622e-02 4.857712611556053162e-02 1.222148258239030838e-02 1.456174161285161972e-02 4.087248444557189941e-02 4.645119979977607727e-02
3.881759196519851685e-02 3.454471006989479065e-02 4.922569692134857178e-01 2.104552835226058960e-02 1.765054836869239807e-02 4.716736450791358948e-02 3.050223179161548615e-02 2.251863777637481689e-01 2.027535997331142426e-02 4.421215876936912537e-02 6.606131326407194138e-03 6.779353599995374680e-03 2.011440508067607880e-02 1.958298496901988983e-02 4.591486230492591858e-02 3.524038195610046387e-02 3.934080898761749268e-02 1.215810887515544891e-02 9.581021033227443695e-03 4.055631533265113831e-02 3.141329810023307800e-02 4.997649416327476501e-02 2.405516989529132843e-02 3.160825371742248535e-02 3.260016441345214844e-03 1.782163418829441071e-02 5.494951037690043449e-04 2.791528962552547455e-02 2.833819715306162834e-03 2.898566983640193939e-02 3.350182995200157166e-02 4.042363539338111877e-02 3.195218741893768311e-02 2.815521322190761566e-02 3.211160749197006226e-02 3.185613825917243958e-02 3.992136940360069275e-02 4.917016625404357910e-02 1.147902943193912506e-02 3.726875782012939453e-02 2.265998162329196930e-02 3.542957827448844910e-02 2.824897505342960358e-02 7.375979330390691757e-04 2.027546614408493042e-02 3.650803864002227783e-02 3.786763176321983337e-02 3.512278199195861816e-02 4.067017883062362671e-02 2.399601042270660400e-02 2.370828576385974884e-02 3.473083674907684326e-02 3.220424521714448929e-03 6.076790858060121536e-03 1.468473765999078751e-02 3.023879602551460266e-02 9.620184428058564663e-04 1.832701265811920166e-02 1.347109558992087841e-03 3.756650537252426147e-02 4.021891206502914429e-02 3.304041922092437744e-02 3.294380381703376770e-02 2.819762378931045532e-02 4.159613698720932007e-02 2.191229723393917084e-02 2.788639068603515625e-02 2.246655151247978210e-02 1.300811115652322769e-02 6.958883255720138550e-03 8.743196376599371433e-04 5.131036043167114258e-03 9.749848395586013794e-03 2.434361493214964867e-03 8.007816039025783539e-03 3.390800207853317261e-02 2.103248611092567444e-02 4.342763870954513550e-02 2.154011279344558716e-02 8.327636169269680977e-04 2.332085072994232178e-01 1.132316812872886658e-01 5.305871833115816116e-03 2.719638287089765072e-04 7.184231188148260117e-03 1.498061814345419407e-03 6.025671958923339844e-02 1.652011461555957794e-02 2.810343354940414429e-02 2.929613552987575531e-02 1.896792091429233551e-02 1.945491135120391846e-02 3.684256225824356079e-02 2.407997287809848785e-02 3.614903986454010010e-02 4.916246049106121063e-03 1.421190239489078522e-02 2.874430967494845390e-03 2.305511757731437683e-02 8.532005362212657928e-03 3.117025643587112427e-02 3.750310838222503662e-02 2.663662098348140717e-02 3.046675771474838257e-02 2.197257056832313538e-02 2.658958174288272858e-02 5.586976557970046997e-02 5.805095192044973373e-03 5.485427007079124451e-02 1.785169169306755066e-02 2.999929897487163544e-02 3.037147969007492065e-02 3.567820414900779724e-02 7.434669882059097290e-03 4.237041249871253967e-02 3.897220641374588013e-02
1.162586035206913948e-03 5.876629613339900970e-03 2.104552835226058960e-02 5.085199475288391113e-01 1.422318369150161743e-01 9.213328361511230469e-03 3.350697085261344910e-02 3.652592375874519348e-02 4.628472495824098587e-03 5.225135385990142822e-02 5.951112136244773865e-03 1.907213963568210602e-02 1.498737465590238571e-02 4.081746563315391541e-02 3.948343545198440552e-02 1.952354796230792999e-02 2.798843383789062500e-02 4.526461660861968994e-02 3.748789057135581970e-02 4.231338389217853546e-03 1.370517816394567490e-02 1.859969459474086761e-02 2.703494857996702194e-03 4.167642816901206970e-02 1.840280182659626007e-02 1.637548580765724182e-02 1.545664295554161072e-02 1.632461696863174438e-02 3.269920125603675842e-02 3.166205948218703270e-03 3.448940068483352661e-02 3.986460156738758087e-03 5.487313121557235718e-02 1.566967181861400604e-02 3.977962583303451538e-02 1.763475127518177032e-02 1.700142957270145416e-02 2.924765646457672119e-02 7.276651263236999512e-02 2.622311189770698547e-02 2.478021383285522461e-02 2.297838777303695679e-02 2.776957489550113678e-02 3.641664609313011169e-02 9.588098153471946716e-03 9.981135837733745575e-03 4.577012360095977783e-02 1.727801933884620667e-02 4.102090373635292053e-03 1.323952525854110718e-02 3.492686897516250610e-02 2.641179785132408142e-02 4.203305114060640335e-03 3.415545076131820679e-02 6.165415979921817780e-03 3.509232401847839355e-02 1.251413859426975250e-02 2.261620946228504181e-02 1.193237607367336750e-03 8.114987052977085114e-03 7.782904058694839478e-02 2.630095370113849640e-02 1.395481638610363007e-02 5.236908793449401855e-03 2.018147706985473633e-02 1.827902533113956451e-02 2.824965864419937134e-02 9.655853733420372009e-03 9.761208295822143555e-02 7.154072634875774384e-03 3.013637289404869080e-02 4.287524148821830750e-02 1.102117821574211121e-01 3.980459272861480713e-02 4.755506664514541626e-02 4.031864553689956665e-02 7.023700326681137085e-02 1.279722154140472412e-02 1.047066878527402878e-02 3.639311343431472778e-02 3.254853561520576477e-02 2.915419079363346100e-02 3.422043472528457642e-02 3.065002895891666412e-02 2.985025011003017426e-02 2.013324759900569916e-02 2.195612527430057526e-02 1.951191760599613190e-02 8.515334129333496094e-02 2.625609561800956726e-02 4.177959635853767395e-02 1.905023586004972458e-03 3.233172371983528137e-02 1.671502739191055298e-02 2.218066155910491943e-02 2.470429427921772003e-02 1.563316397368907928e-02 5.141476914286613464e-02 1.681946031749248505e-02 1.710151880979537964e-02 4.532666131854057312e-02 5.030504241585731506e-02 1.866021752357482910e-02 5.196957662701606750e-02 1.866486668586730957e-02 5.589073896408081055e-02 4.883283749222755432e-02 2.786920033395290375e-02 3.235950693488121033e-02 3.567149629816412926e-03 2.761078532785177231e-03 7.658340968191623688e-03 1.414090301841497421e-02 6.116518634371459484e-04 5.590989021584391594e-04 4.841141030192375183e-02
2.557685598731040955e-03 1.156541239470243454e-02 1.765054836869239807e-02 1.422318369150161743e-01 4.939267337322235107e-01 1.810486428439617157e-02 3.094445914030075073e-03 5.198272410780191422e-03 2.221130952239036560e-02 1.356367580592632294e-02 7.216366473585367203e-03 2.488557249307632446e-02 1.762675493955612183e-02 1.907939091324806213e-02 3.180809691548347473e-02 4.566253721714019775e-02 3.588178381323814392e-02 2.853847667574882507e-02 1.707367785274982452e-02 4.384611919522285461e-02 5.080792307853698730e-02 2.648898772895336151e-02 1.985747367143630981e-02 4.629995301365852356e-02 8.760762400925159454e-03 1.094623221433721483e-04 1.039609219878911972e-02 9.587382897734642029e-03 1.517933444119989872e-03 1.635835133492946625e-02 9.804253466427326202e-03 8.703263301867991686e-05 4.296444728970527649e-02 7.892294786870479584e-03 2.615125104784965515e-02 2.332816459238529205e-02 1.803394593298435211e-02 1.868095435202121735e-02 5.607625842094421387e-02 4.590190201997756958e-02 2.445732429623603821e-02 2.833785116672515869e-02 2.252382412552833557e-02 2.506057359278202057e-02 2.508549392223358154e-02 1.468419842422008514e-02 7.749352604150772095e-03 1.636797934770584106e-02 2.465466968715190887e-02 5.685870349407196045e-02 7.389641366899013519e-03 3.846540674567222595e-02 3.052024357020854950e-02 4.350106790661811829e-02 2.757343836128711700e-02 2.430764585733413696e-02 3.892748849466443062e-03 2.105776406824588776e-02 1.738933101296424866e-02 2.900679595768451691e-02 5.261794850230216980e-02 9.561620652675628662e-02 4.983793478459119797e-03 1.208708342164754868e-02 1.097400858998298645e-02 2.873345091938972473e-02 1.887137070298194885e-02 1.377293094992637634e-02 5.883159860968589783e-02 6.483942735940217972e-03 7.675115019083023071e-02 2.461312152445316315e-02 8.181216567754745483e-02 4.144563153386116028e-02 8.368958532810211182e-02 2.406658232212066650e-02 3.884074278175830841e-03 7.133332081139087677e-03 1.975248102098703384e-03 1.307968981564044952e-02 3.536434471607208252e-02 2.825816161930561066e-02 8.795326203107833862e-02 5.469346046447753906e-02 2.701536938548088074e-02 5.739325657486915588e-02 4.019143432378768921e-02 3.597476333379745483e-02 4.821274802088737488e-02 4.218021035194396973e-02 1.578265242278575897e-02 1.062914729118347168e-02 3.693163394927978516e-02 4.809267818927764893e-02 2.203376591205596924e-02 3.696124767884612083e-04 5.859053344465792179e-04 3.561821579933166504e-02 4.051117599010467529e-02 2.571396902203559875e-02 1.609587692655622959e-03 2.987676113843917847e-02 4.178149253129959106e-02 1.882577314972877502e-02 2.501394227147102356e-02 4.211616888642311096e-02 1.400797534734010696e-02 1.751022227108478546e-02 2.795135043561458588e-02 4.589061439037322998e-02 4.166246508248150349e-04 2.375712059438228607e-02 3.971764072775840759e-02 1.252577733248472214e-02 6.662679836153984070e-03 3.829198703169822693e-02
1.293655037879943848e-01 1.241109147667884827e-01 4.716736450791358948e-02 9.213328361511230469e-03 1.810486428439617157e-02 5.151052474975585938e-01 1.347905546426773071e-01 2.030405774712562561e-02 2.547388710081577301e-02 2.815899252891540527e-02 1.174811795353889465e-01 2.126003801822662354e-02 9.173070639371871948e-02 4.648797679692506790e-03 1.776802912354469299e-02 3.830903023481369019e-02 6.916028447449207306e-03 2.590723522007465363e-02 1.390410866588354111e-02 4.547393321990966797e-02 3.267203643918037415e-02 2.128296531736850739e-02 4.517476633191108704e-02 3.390583768486976624e-02 3.075354546308517456e-02 1.047090510837733746e-03 2.869595540687441826e-03 1.420260686427354813e-02 1.398854795843362808e-02 7.568015716969966888e-03 5.001476034522056580e-03 3.929439466446638107e-03 2.116255648434162140e-02 2.353238128125667572e-02 3.179769217967987061e-02 4.126848187297582626e-03 1.591377076692879200e-03 2.211350016295909882e-02 2.604425139725208282e-02 2.277875551953911781e-03 2.916830033063888550e-02 2.931911870837211609e-02 2.245678566396236420e-02 2.568442001938819885e-02 1.388769596815109253e-02 2.212568745017051697e-02 1.468687355518341064e-01 7.187052816152572632e-02 2.961049228906631470e-02 2.672129869461059570e-02 1.857950538396835327e-02 6.275698979152366519e-05 4.640794172883033752e-02 4.327896237373352051e-02 2.134507521986961365e-02 3.021601587533950806e-02 2.762543223798274994e-02 1.107621379196643829e-02 3.022843226790428162e-02 1.218489930033683777e-02 1.773877628147602081e-02 1.609503477811813354e-02 6.320276297628879547e-03 4.385512694716453552e-02 1.421392243355512619e-02 5.639710463583469391e-03 1.264289952814579010e-02 7.403633091598749161e-03 2.989677153527736664e-02 4.672016575932502747e-02 2.106696926057338715e-02 1.964595355093479156e-02 6.022371351718902588e-03 3.359970450401306152e-02 1.403406495228409767e-03 3.072633221745491028e-02 2.375269867479801178e-02 3.959463909268379211e-02 7.616144604980945587e-03 9.054693393409252167e-03 3.227012604475021362e-02 1.356855779886245728e-02 4.971959162503480911e-03 2.617999911308288574e-02 1.170524116605520248e-02 4.180278163403272629e-03 2.304227836430072784e-02 2.458166144788265228e-02 3.278755024075508118e-02 3.040145710110664368e-02 2.813817933201789856e-02 3.074595518410205841e-02 1.485375128686428070e-02 1.864316291175782681e-03 4.094663262367248535e-02 6.349122850224375725e-04 3.183663636445999146e-02 1.971725374460220337e-02 2.280812337994575500e-02 3.581121936440467834e-02 3.543375758454203606e-03 1.576465740799903870e-02 1.496564783155918121e-02 1.746307685971260071e-02 4.903588816523551941e-02 2.280078828334808350e-02 4.534918069839477539e-02 1.931552216410636902e-02 1.214024238288402557e-02 2.352519333362579346e-02 1.638072542846202850e-02 3.515931218862533569e-02 2.105070743709802628e-03 2.122684195637702942e-02 2.209375239908695221e-02 4.695695638656616211e-02
1.146172806620597839e-01 1.191851645708084106e-01 3.050223179161548615e-02 3.350697085261344910e-02 3.094445914030075073e-03 1.347905546426773071e-01 5.199925899505615234e-01 1.766965538263320923e-02 3.997666761279106140e-02 2.466082014143466949e-02 1.063943952322006226e-01 1.063461322337388992e-02 8.304172754287719727e-02 1.808216795325279236e-02 2.066525258123874664e-02 1.893819496035575867e-02 3.274459391832351685e-02 7.172756362706422806e-03 4.611809737980365753e-03 3.007171303033828735e-02 4.402005299925804138e-02 1.939758472144603729e-02 1.401253324002027512e-02 4.473594203591346741e-02 1.493676938116550446e-02 1.786668412387371063e-02 3.302546218037605286e-03 1.396612636744976044e-02 6.262992974370718002e-03 6.040405947715044022e-03 8.568449877202510834e-03 1.610841718502342701e-03 2.724200673401355743e-02 1.391392853111028671e-02 3.052594326436519623e-02 5.815016105771064758e-03 2.186195692047476768e-03 2.322838082909584045e-02 2.497353218495845795e-02 6.269222591072320938e-03 2.628943696618080139e-02 3.443649783730506897e-02 1.732949540019035339e-02 2.528125047683715820e-02 3.540929034352302551e-02 3.026038222014904022e-02 1.154688298702239990e-01 1.243487596511840820e-01 2.574563957750797272e-02 4.079330712556838989e-02 1.923978887498378754e-02 7.664386183023452759e-03 3.163645416498184204e-02 2.509526722133159637e-02 7.921649958007037640e-04 2.428432367742061615e-02 4.055089130997657776e-02 2.358556911349296570e-02 2.326746098697185516e-02 4.265111405402421951e-03 3.625705838203430176e-02 1.095053087919950485e-02 2.482181042432785034e-02 3.197712823748588562e-02 1.871857419610023499e-02 4.320899024605751038e-03 4.253596125636249781e-04 7.630948908627033234e-03 4.900380969047546387e-03 3.833381459116935730e-02 2.666277252137660980e-02 2.723777294158935547e-02 9.210733696818351746e-03 2.856903895735740662e-02 8.261185139417648315e-03 3.628998249769210815e-02 4.465904086828231812e-02 4.228210449218750000e-02 1.864376105368137360e-02 2.668366022408008575e-02 4.169422015547752380e-02 4.609782714396715164e-03 3.912561014294624329e-02 2.297056280076503754e-02 1.524414122104644775e-02 1.157427392899990082e-02 1.522346213459968567e-02 2.215042524039745331e-02 2.723634801805019379e-02 4.519364982843399048e-02 3.844548389315605164e-02 1.848123595118522644e-02 3.384659066796302795e-02 7.303569000214338303e-03 4.573281481862068176e-02 2.667541382834315300e-03 2.425827085971832275e-02 2.094484679400920868e-02 1.312743686139583588e-02 2.717558667063713074e-02 3.078110516071319580e-02 8.292546495795249939e-03 2.218523621559143066e-02 1.492364145815372467e-02 2.510751411318778992e-02 2.866282127797603607e-03 4.969122633337974548e-02 1.858536899089813232e-02 2.448690868914127350e-02 2.688836678862571716e-02 2.114617452025413513e-02 3.940156847238540649e-02 7.455936633050441742e-03 3.427218273282051086e-02 3.388174623250961304e-02 4.133708402514457703e-02
3.391377162188291550e-03 1.430369820445775986e-02 2.251863777637481689e-01 3.652592375874519348e-02 5.198272410780191422e-03 2.030405774712562561e-02 1.766965538263320923e-02 4.960560500621795654e-01 3.521417453885078430e-02 1.024685893207788467e-02 4.198047891259193420e-02 1.309949718415737152e-02 4.678449034690856934e-02 9.872406721115112305e-03 2.164939604699611664e-02 5.884244292974472046e-02 2.663042210042476654e-02 2.194250561296939850e-02 5.738487932831048965e-03 1.600442081689834595e-02 1.940310187637805939e-02 2.050369977951049805e-02 1.618723943829536438e-02 9.207109687849879265e-04 1.629145815968513489e-02 9.216304752044379711e-04 2.307678945362567902e-02 2.306540496647357941e-02 2.022644691169261932e-02 4.871138557791709900e-02 3.000160492956638336e-02 3.169974312186241150e-02 4.483149200677871704e-02 2.166368067264556885e-02 2.532910369336605072e-02 7.195913232862949371e-03 2.805919013917446136e-02 2.782350964844226837e-02 4.208188876509666443e-02 2.663346007466316223e-02 2.083397284150123596e-02 5.269120447337627411e-03 3.577964380383491516e-02 8.029822260141372681e-03 4.099979251623153687e-02 1.321450620889663696e-02 3.609125316143035889e-02 2.453840337693691254e-02 3.672568872570991516e-02 9.193842561217024922e-05 4.941034317016601562e-02 8.411953225731849670e-03 6.679961457848548889e-03 8.252368308603763580e-03 1.968982629477977753e-03 3.290579095482826233e-02 1.877727545797824860e-02 2.612767554819583893e-02 1.019641291350126266e-02 1.412857789546251297e-02 1.063654478639364243e-02 2.489218302071094513e-02 2.684526331722736359e-02 3.327420353889465332e-02 2.047029882669448853e-02 4.726211354136466980e-02 1.385708525776863098e-02 3.671997413039207458e-02 1.564910262823104858e-02 2.033717557787895203e-02 3.401409368962049484e-03 1.483029406517744064e-02 6.576710380613803864e-03 2.209569700062274933e-02 2.297893725335597992e-02 3.341640904545783997e-02 8.276634849607944489e-03 2.866007015109062195e-02 2.033835090696811676e-02 1.195259485393762589e-02 2.636570036411285400e-01 1.528339833021163940e-01 7.151530683040618896e-02 3.438786044716835022e-02 3.546509519219398499e-02 2.854847349226474762e-02 9.424439817667007446e-02 2.159772068262100220e-02 2.986009977757930756e-02 2.106514014303684235e-02 6.644682958722114563e-03 4.160457476973533630e-02 1.260055508464574814e-02 5.224059149622917175e-02 4.288611467927694321e-03 2.933749370276927948e-02 3.336496278643608093e-02 2.545265294611454010e-02 5.376278422772884369e-03 2.366198413074016571e-02 1.144568715244531631e-02 1.261647511273622513e-02 2.116791903972625732e-02 3.343323618173599243e-02 2.316517196595668793e-02 2.277935668826103210e-02 2.417580969631671906e-02 3.023083135485649109e-02 4.851152747869491577e-02 6.515563931316137314e-03 8.546493947505950928e-03 1.755366846919059753e-02 2.659057267010211945e-02 1.532161049544811249e-02 1.118883583694696426e-02 1.587334275245666504e-02
3.694674372673034668e-02 2.903857454657554626e-02 2.027535997331142426e-02 4.628472495824098587e-03 2.221130952239036560e-02 2.547388710081577301e-02 3.997666761279106140e-02 3.521417453885078430e-02 4.978920221328735352e-01 1.187280192971229553e-01 4.181925207376480103e-02 4.502570629119873047e-02 3.041144460439682007e-02 2.864115126430988312e-02 8.956891251727938652e-04 3.153827413916587830e-02 1.234954316169023514e-02 1.410708874464035034e-01 1.587958633899688721e-02 2.408182993531227112e-02 4.605523496866226196e-02 3.334432467818260193e-02 8.846247196197509766e-02 6.305383145809173584e-02 2.027602121233940125e-02 4.727587848901748657e-02 1.147038675844669342e-02 1.345935184508562088e-02 2.361195161938667297e-02 4.021885618567466736e-02 9.291663765907287598e-03 4.081042110919952393e-02 1.669199578464031219e-02 3.175538778305053711e-02 3.026844933629035950e-02 2.279935032129287720e-02 1.488732290454208851e-03 2.852024277672171593e-03 3.681613504886627197e-02 4.035515338182449341e-02 1.244992017745971680e-02 9.601346403360366821e-02 1.203787513077259064e-03 3.745245561003684998e-02 2.020557038486003876e-02 2.537577226758003235e-02 9.276675991714000702e-03 3.811260452494025230e-03 2.880400605499744415e-02 2.323222905397415161e-02 1.353956572711467743e-02 1.916390843689441681e-02 4.941844567656517029e-02 5.228359252214431763e-02 1.448143571615219116e-01 1.889328286051750183e-02 3.305375203490257263e-02 5.616975203156471252e-02 1.773451454937458038e-02 1.953142695128917694e-02 3.493234142661094666e-02 3.250722959637641907e-02 4.307458549737930298e-02 3.045761724933981895e-03 6.713773589581251144e-03 3.091680118814110756e-03 2.788459695875644684e-02 4.539483413100242615e-02 4.655609652400016785e-02 3.724327683448791504e-02 6.112803705036640167e-03 6.790079060010612011e-04 4.926949366927146912e-02 5.497743189334869385e-02 3.939911350607872009e-02 5.393585190176963806e-03 1.233237534761428833e-01 7.623179256916046143e-02 7.690017670392990112e-02 2.795898728072643280e-02 3.933714702725410461e-02 3.251346200704574585e-02 5.986990407109260559e-02 5.367993563413619995e-02 1.118570379912853241e-02 1.007529813796281815e-02 6.799541879445314407e-03 1.685850671492516994e-03 2.836751379072666168e-02 1.149728894233703613e-02 4.079905338585376740e-03 2.641199622303247452e-03 4.878704249858856201e-02 1.234651729464530945e-02 1.349758822470903397e-02 4.468411579728126526e-02 1.445313449949026108e-02 1.456734724342823029e-02 2.624049782752990723e-02 2.966592460870742798e-02 8.149245753884315491e-03 2.676640823483467102e-02 1.324552763253450394e-02 5.106533877551555634e-03 3.445720300078392029e-02 3.508144617080688477e-02 2.434381097555160522e-02 4.954616539180278778e-03 3.414599969983100891e-02 8.894824422895908356e-03 6.879677064716815948e-03 2.695256285369396210e-02 6.175423040986061096e-03 1.767530851066112518e-02 2.570310048758983612e-02 2.226619981229305267e-02
1.217552740126848221e-02 2.227498404681682587e-02 4.421215876936912537e-02 5.225135385990142822e-02 1.356367580592632294e-02 2.815899252891540527e-02 2.466082014143466949e-02 1.024685893207788467e-02 1.187280192971229553e-01 5.077893733978271484e-01 1.043880172073841095e-02 7.137450855225324631e-03 6.023657042533159256e-03 1.722141914069652557e-02 3.562494739890098572e-02 1.105682831257581711e-02 3.540444374084472656e-02 7.713861018419265747e-02 1.658379137516021729e-01 6.488493084907531738e-02 4.962346702814102173e-02 2.050634659826755524e-02 2.917406521737575531e-02 3.706390038132667542e-02 7.093933876603841782e-03 4.088635742664337158e-02 3.045310080051422119e-02 5.798263102769851685e-02 7.327683735638856888e-03 5.386187508702278137e-02 4.400382190942764282e-02 2.480522170662879944e-02 9.589600376784801483e-03 4.195238929241895676e-03 2.513811551034450531e-02 1.156076788902282715e-02 3.545141220092773438e-02 1.977953314781188965e-02 4.410560801625251770e-02 2.151483111083507538e-02 6.540403235703706741e-03 8.835981599986553192e-03 2.022468298673629761e-02 1.693798415362834930e-02 2.916962839663028717e-02 2.912306226789951324e-04 1.165513880550861359e-02 3.709782660007476807e-02 3.924217526218853891e-05 4.727441072463989258e-02 3.159330412745475769e-02 2.437596395611763000e-02 1.041803136467933655e-02 4.765108227729797363e-03 3.147414419800043106e-03 1.088137924671173096e-01 2.310547791421413422e-02 3.644092706963419914e-03 3.785552084445953369e-02 3.365571796894073486e-02 4.657100513577461243e-02 5.512003228068351746e-02 1.228064671158790588e-02 3.743329085409641266e-03 3.839594498276710510e-02 4.741665720939636230e-02 1.475768280215561390e-03 8.940414525568485260e-03 2.110197953879833221e-02 1.820458099246025085e-02 5.110217258334159851e-02 3.011940792202949524e-02 2.062164992094039917e-02 1.349215861409902573e-02 4.682280868291854858e-02 4.899375513195991516e-02 3.032912686467170715e-02 1.457040458917617798e-01 1.071346271783113480e-02 1.464346349239349365e-01 3.002461977303028107e-03 6.635500583797693253e-03 3.469678387045860291e-02 1.033969148993492126e-01 4.630380868911743164e-02 4.760498926043510437e-02 1.117208413779735565e-02 4.894968122243881226e-02 8.238020353019237518e-03 7.493735104799270630e-02 1.825358718633651733e-02 4.380671307444572449e-02 2.984382398426532745e-02 2.952969819307327271e-02 5.718644242733716965e-03 9.389865212142467499e-03 4.478734359145164490e-02 6.422766018658876419e-03 5.132742226123809814e-02 1.156987994909286499e-02 1.400410383939743042e-02 1.150204893201589584e-02 5.068182200193405151e-02 3.751897066831588745e-02 3.745375573635101318e-02 3.375293314456939697e-02 1.215658802539110184e-02 2.942174114286899567e-02 3.656572848558425903e-02 2.529099769890308380e-02 5.713744089007377625e-03 2.252011373639106750e-02 4.326965287327766418e-02 2.305605448782444000e-02 5.932138301432132721e-03 3.708683326840400696e-02
1.236881166696548462e-01 1.194767132401466370e-01 6.606131326407194138e-03 5.951112136244773865e-03 7.216366473585367203e-03 1.174811795353889465e-01 1.063943952322006226e-01 4.198047891259193420e-02 4.181925207376480103e-02 1.043880172073841095e-02 5.263730883598327637e-01 2.282031998038291931e-02 1.079740375280380249e-01 3.805999085307121277e-02 4.334495216608047485e-02 6.661424413323402405e-03 3.832016512751579285e-02 3.599668666720390320e-02 2.252192702144384384e-03 3.509745746850967407e-02 2.555170841515064240e-02 4.184678196907043457e-02 1.085007749497890472e-02 4.143626242876052856e-02 3.988089412450790405e-02 4.023778717964887619e-03 5.359985865652561188e-03 3.905864059925079346e-02 3.527520969510078430e-02 2.292544953525066376e-02 3.009520657360553741e-02 5.221016239374876022e-03 1.405196823179721832e-02 1.206981833092868328e-03 3.202274814248085022e-02 2.382830344140529633e-02 2.733372338116168976e-02 3.980115801095962524e-02 1.720607280731201172e-02 2.428037114441394806e-03 1.765103661455214024e-03 1.940962113440036774e-02 1.236602757126092911e-02 1.664713397622108459e-02 2.152729965746402740e-02 3.762520104646682739e-02 1.155830398201942444e-01 5.280975252389907837e-02 3.562697768211364746e-02 2.064794674515724182e-02 2.383942157030105591e-02 1.584148034453392029e-02 8.471854962408542633e-03 1.628354564309120178e-02 3.532701730728149414e-02 2.987891249358654022e-02 7.930587045848369598e-03 4.312646016478538513e-02 8.609293960034847260e-03 7.677487563341856003e-03 8.555395528674125671e-03 5.594185553491115570e-03 1.377005502581596375e-02 1.030817348510026932e-02 4.567384347319602966e-02 2.833248861134052277e-02 2.144516259431838989e-02 9.952476248145103455e-04 2.912528626620769501e-02 3.744140639901161194e-02 3.587692603468894958e-02 3.382906690239906311e-02 2.168552763760089874e-02 2.862242050468921661e-02 3.632313013076782227e-02 4.034465178847312927e-02 2.890792861580848694e-02 1.790313422679901123e-02 3.388657420873641968e-02 6.410240661352872849e-03 2.298929914832115173e-02 2.252930775284767151e-02 1.298495102673768997e-02 4.661503434181213379e-02 1.936636492609977722e-02 2.843404188752174377e-02 2.125294320285320282e-02 4.272207990288734436e-02 2.660753019154071808e-02 3.541762242093682289e-03 4.017044231295585632e-02 4.255048558115959167e-02 1.091291755437850952e-02 1.165743451565504074e-02 2.614558115601539612e-02 2.385540865361690521e-02 2.635013870894908905e-02 2.076214551925659180e-02 4.347525909543037415e-02 2.834802120923995972e-02 3.722412139177322388e-02 2.966938167810440063e-02 7.166154682636260986e-03 1.537943258881568909e-02 2.456300146877765656e-02 7.486693095415830612e-03 3.346816077828407288e-02 2.239408157765865326e-02 3.269565850496292114e-02 2.945162355899810791e-02 9.254915639758110046e-03 4.450549557805061340e-02 2.211997658014297485e-02 4.506427794694900513e-02 2.663553133606910706e-02 4.048119485378265381e-02
2.472528256475925446e-02 2.858330495655536652e-02 6.779353599995374680e-03 1.907213963568210602e-02 2.488557249307632446e-02 2.126003801822662354e-02 1.063461322337388992e-02 1.309949718415737152e-02 4.502570629119873047e-02 7.137450855225324631e-03 2.282031998038291931e-02 5.030692219734191895e-01 1.735066249966621399e-02 1.200709268450737000e-01 9.925347752869129181e-03 7.120617199689149857e-03 2.753302268683910370e-02 2.899832464754581451e-02 2.463919296860694885e-02 4.567411914467811584e-02 1.563352532684803009e-02 1.577368006110191345e-02 6.133760139346122742e-02 4.641846194863319397e-02 2.961338311433792114e-02 3.673863410949707031e-02 6.463826633989810944e-03 6.273274868726730347e-02 5.159859731793403625e-02 5.459573119878768921e-02 1.607084646821022034e-02 3.421956673264503479e-02 1.605601608753204346e-02 5.513843521475791931e-02 2.901861444115638733e-02 8.506279438734054565e-03 7.452418562024831772e-03 9.321251884102821350e-03 3.436299739405512810e-04 7.034334819763898849e-03 1.501733716577291489e-02 8.333354257047176361e-03 3.828306868672370911e-02 4.874419420957565308e-02 6.213301047682762146e-02 7.534555345773696899e-02 3.234525397419929504e-02 4.601566179189831018e-04 2.101240307092666626e-02 8.248392492532730103e-03 6.186201237142086029e-03 3.277852898463606834e-03 1.727195456624031067e-02 7.408684585243463516e-03 1.704472117125988007e-02 4.221393913030624390e-02 5.059743998572230339e-04 1.175212021917104721e-02 1.799356751143932343e-02 1.310512330383062363e-02 1.938422210514545441e-02 3.436621651053428650e-02 3.691917518153786659e-03 3.510498255491256714e-02 5.234071984887123108e-03 4.697492346167564392e-03 2.366806566715240479e-02 5.289844423532485962e-02 3.578737005591392517e-02 3.832973539829254150e-03 2.990491874516010284e-02 2.677857130765914917e-02 1.582591980695724487e-02 2.005900442600250244e-02 4.493945091962814331e-02 3.785279020667076111e-02 5.351782892830669880e-04 2.384323440492153168e-02 4.433416947722434998e-02 6.683591287583112717e-03 1.056306622922420502e-02 2.853480167686939240e-02 2.656011655926704407e-02 3.496567904949188232e-02 3.498646244406700134e-02 5.405437946319580078e-02 3.495780006051063538e-02 1.050532888621091843e-02 5.692309699952602386e-03 7.802211679518222809e-03 5.686776712536811829e-03 3.034923225641250610e-03 2.378836832940578461e-02 1.385309267789125443e-02 4.910094290971755981e-02 1.185089349746704102e-03 2.764564566314220428e-02 4.109855741262435913e-02 4.773740097880363464e-02 3.464119508862495422e-02 4.672775045037269592e-02 9.361060336232185364e-03 1.679256744682788849e-02 2.885281294584274292e-02 1.931353355757892132e-03 1.873344765044748783e-03 2.420328743755817413e-02 1.195050589740276337e-02 1.969011314213275909e-02 3.135424479842185974e-02 4.974524024873971939e-03 2.967379428446292877e-02 1.753887906670570374e-02 7.516638375818729401e-03 2.738777082413434982e-03 2.083144523203372955e-02
1.037574112415313721e-01 1.089515611529350281e-01 2.011440508067607880e-02 1.498737465590238571e-02 1.762675493955612183e-02 9.173070639371871948e-02 8.304172754287719727e-02 4.678449034690856934e-02 3.041144460439682007e-02 6.023657042533159256e-03 1.079740375280380249e-01 1.735066249966621399e-02 5.231261253356933594e-01 3.829793259501457214e-02 4.698811843991279602e-02 2.671777829527854919e-02 2.499497123062610626e-02 3.731298819184303284e-02 9.618737734854221344e-03 7.923007011413574219e-03 5.973518360406160355e-03 3.822775930166244507e-02 4.063450545072555542e-02 3.980899974703788757e-02 3.269859403371810913e-02 5.295779556035995483e-03 1.027492526918649673e-02 2.717097103595733643e-02 1.988773606717586517e-02 2.115396223962306976e-02 1.656913198530673981e-02 1.035768818110227585e-02 1.374341640621423721e-02 7.230299524962902069e-03 3.048296459019184113e-02 2.961134724318981171e-02 3.598746284842491150e-02 2.335567027330398560e-02 1.346422079950571060e-02 9.627250256016850471e-04 8.400133810937404633e-03 2.163175493478775024e-02 1.158322393894195557e-02 1.148811820894479752e-02 1.242491602897644043e-02 4.050273075699806213e-02 8.576288074254989624e-02 2.789295837283134460e-02 2.387343160808086395e-02 2.679538726806640625e-02 3.821299225091934204e-02 1.338472962379455566e-02 1.296458672732114792e-02 1.334070577286183834e-03 2.153581567108631134e-02 3.729860484600067139e-02 1.185652427375316620e-02 3.573294728994369507e-02 1.823915727436542511e-02 2.305422350764274597e-02 8.817207068204879761e-03 1.108952239155769348e-02 8.810398168861865997e-03 4.856648389250040054e-03 4.046808183193206787e-02 4.284843802452087402e-02 2.739605959504842758e-03 6.281776353716850281e-03 3.282275423407554626e-02 4.604070633649826050e-02 3.563766181468963623e-02 3.520309552550315857e-02 2.737132459878921509e-02 3.677854314446449280e-02 4.374416172504425049e-02 4.734793677926063538e-02 8.721503429114818573e-03 2.858439832925796509e-02 2.737383171916007996e-02 2.317528706043958664e-03 3.085979074239730835e-02 2.461246959865093231e-02 3.973990678787231445e-02 2.056429721415042877e-02 2.275593206286430359e-02 2.722639404237270355e-02 1.783724129199981689e-02 4.634970799088478088e-02 2.549171447753906250e-02 5.705260671675205231e-03 2.149979397654533386e-02 3.335363417863845825e-02 2.817089436575770378e-03 1.663402304984629154e-03 2.253459952771663666e-02 2.842112071812152863e-02 3.378909453749656677e-02 3.659957647323608398e-02 3.447370231151580811e-02 2.228279411792755127e-02 2.191599085927009583e-02 4.317506402730941772e-02 7.579370867460966110e-03 2.435140870511531830e-02 1.771285012364387512e-02 6.161470431834459305e-03 1.035960856825113297e-02 1.487096585333347321e-02 2.653439156711101532e-02 2.609079517424106598e-02 7.977025816217064857e-04 2.907744981348514557e-02 2.476996928453445435e-02 3.495259210467338562e-02 1.949876546859741211e-02 3.026415593922138214e-02
