4.541196227073669434e-01 6.387744098901748657e-02 3.616229444742202759e-02 3.692700341343879700e-02 3.071655705571174622e-02 1.107624173164367676e-02 6.434100121259689331e-02 1.488124765455722809e-02 1.624984852969646454e-02 1.045458205044269562e-02 1.200852692127227783e-01 1.175298262387514114e-02 7.129159569740295410e-02 1.161075662821531296e-02 4.213970527052879333e-02 3.784721344709396362e-02 4.555800184607505798e-02 3.421669825911521912e-02 4.189130663871765137e-02 2.324895374476909637e-02 5.504633765667676926e-03 5.248966813087463379e-02 3.004654869437217712e-02 1.396062131971120834e-02 1.232301583513617516e-03 4.622818157076835632e-02 9.382056072354316711e-03 5.366376601159572601e-03 1.871829479932785034e-02 3.169305389747023582e-03 1.761960424482822418e-02 2.139643207192420959e-02 2.651555463671684265e-02 2.108857221901416779e-02 1.348800770938396454e-02 5.679095163941383362e-03 2.119854092597961426e-02 2.228833734989166260e-02 1.321769785135984421e-02 3.541623800992965698e-02 4.231250658631324768e-02 4.621564969420433044e-02 5.085288081318140030e-03 2.242658846080303192e-02 2.129399776458740234e-02 1.008557621389627457e-02 2.780956216156482697e-02 5.238682031631469727e-03 2.422146685421466827e-02 2.519771456718444824e-02 2.295840717852115631e-02 3.734680637717247009e-02 1.059783622622489929e-01 6.247511133551597595e-02 2.732505276799201965e-02 1.088609732687473297e-02 2.727370709180831909e-03 2.417956106364727020e-02 5.595930293202400208e-02 1.617255248129367828e-02 1.728339865803718567e-02 2.254876494407653809e-02 3.898825123906135559e-02 1.798716746270656586e-02 4.178799316287040710e-02 4.833961650729179382e-02 1.409990130923688412e-03 1.049416139721870422e-03 1.084312610328197479e-02 2.989863418042659760e-02 2.382755652070045471e-02 5.327203497290611267e-02 3.882212936878204346e-02 2.765931002795696259e-02 5.672612693160772324e-03 2.195698395371437073e-02 4.193001613020896912e-02 3.747194632887840271e-02 3.939662501215934753e-02 1.541711110621690750e-02 1.722974143922328949e-02 2.126236259937286377e-02 3.908374905586242676e-02 1.874626800417900085e-02 4.753751307725906372e-02 2.718172781169414520e-02 2.789800055325031281e-02 4.477810859680175781e-02 4.272856935858726501e-02 3.270563855767250061e-02 2.704657055437564850e-02 1.722893118858337402e-02 2.075747400522232056e-02 1.367890741676092148e-02 4.617679864168167114e-02 1.742794760502874851e-03 3.766326978802680969e-02 3.077314980328083038e-02 3.135874867439270020e-03 2.138501033186912537e-02 7.874695584177970886e-03 2.434018440544605255e-02 2.280993014574050903e-02 2.406381256878376007e-02 3.123494982719421387e-02 1.907794550061225891e-02 6.093068048357963562e-03 3.284546732902526855e-02 1.360720116645097733e-02 1.706896722316741943e-02 1.196980290114879608e-02 2.530805394053459167e-02 3.253547102212905884e-02 2.418590895831584930e-02 1.487590093165636063e-02 6.519782356917858124e-03
6.387744098901748657e-02 4.675925374031066895e-01 6.388517469167709351e-02 1.814430952072143555e-02 4.397478699684143066e-02 6.532723456621170044e-02 1.331072598695755005e-01 3.712380677461624146e-02 3.362700715661048889e-02 6.030902732163667679e-03 8.978206897154450417e-04 3.585324436426162720e-02 2.633429467678070068e-01 3.771738847717642784e-03 2.698814310133457184e-02 3.157471120357513428e-02 2.059708908200263977e-02 3.355289250612258911e-02 4.250033572316169739e-02 2.877630293369293213e-02 1.641342416405677795e-02 3.427883982658386230e-02 2.712724544107913971e-02 1.218613423407077789e-02 1.198478043079376221e-03 1.421647239476442337e-02 5.419524013996124268e-02 3.710420802235603333e-02 1.908466778695583344e-02 1.440667454153299332e-02 7.767043262720108032e-02 4.700190946459770203e-02 1.642377115786075592e-02 2.407022565603256226e-02 2.605857327580451965e-03 2.542577497661113739e-02 1.083387900143861771e-02 3.614268451929092407e-02 2.586575038731098175e-02 7.657399401068687439e-03 2.663782052695751190e-02 2.131154015660285950e-02 3.817470371723175049e-02 1.800431124866008759e-02 2.819760516285896301e-02 1.444044336676597595e-02 1.198474913835525513e-01 5.212530121207237244e-02 1.965309493243694305e-02 2.142161130905151367e-02 2.423289604485034943e-02 4.061510786414146423e-02 1.995661295950412750e-02 3.820545226335525513e-02 9.979240596294403076e-03 8.935660123825073242e-03 1.610325276851654053e-02 4.530345275998115540e-02 1.327920891344547272e-02 7.662501931190490723e-02 2.699464000761508942e-02 1.026111422106623650e-03 4.009013250470161438e-02 9.980763308703899384e-03 5.178307369351387024e-02 3.419487923383712769e-02 5.051854532212018967e-03 1.649453118443489075e-02 5.602182354778051376e-03 4.237862676382064819e-02 2.536499127745628357e-02 3.982153534889221191e-02 3.118740953505039215e-02 1.382207125425338745e-02 9.212776087224483490e-03 3.486241400241851807e-02 1.131577068008482456e-03 2.466462738811969757e-02 2.117235213518142700e-02 9.739338420331478119e-03 1.428504474461078644e-02 1.035672798752784729e-02 9.662535041570663452e-03 2.166908979415893555e-02 2.544193342328071594e-02 4.414441529661417007e-03 8.338679559528827667e-03 1.924742758274078369e-02 3.239981085062026978e-02 4.423499107360839844e-02 4.336884990334510803e-02 4.174568876624107361e-02 1.258896663784980774e-02 1.002469845116138458e-02 1.361157745122909546e-02 2.333816140890121460e-02 8.163318037986755371e-03 2.395396865904331207e-02 3.831482306122779846e-02 2.886689966544508934e-03 2.598547190427780151e-02 3.226987272500991821e-02 3.012868575751781464e-02 1.932827010750770569e-02 3.144702315330505371e-02 2.955849841237068176e-02 4.043769091367721558e-02 4.246469959616661072e-02 4.049754515290260315e-02 4.931906983256340027e-02 1.664317399263381958e-02 1.841712556779384613e-02 2.313790470361709595e-02 1.195732504129409790e-02 3.996845707297325134e-02 1.674569956958293915e-02
3.616229444742202759e-02 6.388517469167709351e-02 4.599134922027587891e-01 8.911569602787494659e-03 2.916579693555831909e-02 5.173908174037933350e-02 3.627597168087959290e-02 8.802393823862075806e-02 2.531206421554088593e-02 2.617979235947132111e-02 2.366479299962520599e-02 1.880510896444320679e-02 1.824440434575080872e-02 7.541783154010772705e-03 2.786734700202941895e-02 7.353378459811210632e-03 4.729529470205307007e-02 3.513689618557691574e-03 4.056887701153755188e-02 3.198083117604255676e-02 1.584270410239696503e-02 4.419679567217826843e-02 2.003959566354751587e-02 9.390289895236492157e-03 1.657290942966938019e-02 2.600634098052978516e-02 2.321086451411247253e-02 4.816503264009952545e-03 3.838342055678367615e-02 2.127707377076148987e-02 2.023074775934219360e-03 1.415581721812486649e-02 6.391623616218566895e-02 3.536285459995269775e-02 2.169453538954257965e-02 4.780631884932518005e-02 4.814613610506057739e-02 2.173251658678054810e-02 2.196688763797283173e-02 3.109426237642765045e-02 1.546209957450628281e-02 4.584687296301126480e-03 2.311831712722778320e-02 2.795668132603168488e-02 3.012404218316078186e-02 5.649274215102195740e-02 8.002320677042007446e-02 2.759240940213203430e-02 7.644785940647125244e-02 1.488038431853055954e-02 3.221970796585083008e-02 1.346568483859300613e-02 4.806078504770994186e-03 3.124307096004486084e-02 3.279248625040054321e-02 4.573377314954996109e-03 3.599066659808158875e-02 2.006744779646396637e-02 6.035322789102792740e-03 2.659171260893344879e-02 5.301458388566970825e-02 6.155475974082946777e-02 2.755048684775829315e-02 2.447938360273838043e-02 4.287456721067428589e-02 3.186948969960212708e-02 6.178834009915590286e-03 1.402962021529674530e-02 2.200672635808587074e-03 4.418294504284858704e-02 2.124022878706455231e-02 1.650125533342361450e-02 3.165028244256973267e-02 1.674223807640373707e-03 2.810084074735641479e-02 3.661019727587699890e-02 2.967157401144504547e-02 3.594504669308662415e-02 3.477039560675621033e-02 1.122557837516069412e-02 1.331063210964202881e-01 1.000827178359031677e-01 4.431130364537239075e-03 1.537399739027023315e-02 3.526930138468742371e-02 9.307001717388629913e-03 3.124795481562614441e-02 4.247752577066421509e-02 2.635540626943111420e-02 3.818766400218009949e-02 2.310713939368724823e-02 1.044041663408279419e-02 2.451532753184437752e-03 7.466743700206279755e-04 1.760686188936233521e-02 3.436319530010223389e-02 1.132359541952610016e-02 3.353657957632094622e-04 8.251503109931945801e-03 5.198187753558158875e-02 2.308405004441738129e-02 2.477447502315044403e-02 5.018795281648635864e-02 3.192893043160438538e-02 2.748077735304832458e-02 2.057888917624950409e-02 4.589978232979774475e-02 3.274535760283470154e-02 1.078483555465936661e-02 2.615693397819995880e-02 4.620508104562759399e-02 3.738704323768615723e-02 3.315277397632598877e-02 2.366383746266365051e-02 1.732955500483512878e-02 2.726732008159160614e-02
3.692700341343879700e-02 1.814430952072143555e-02 8.911569602787494659e-03 4.844959378242492676e-01 6.343525648117065430e-02 4.251747578382492065e-02 3.446118161082267761e-02 2.749043516814708710e-02 4.946422949433326721e-02 5.171941220760345459e-02 1.794099248945713043e-02 2.686422690749168396e-02 2.615372277796268463e-02 6.997993215918540955e-03 2.344379946589469910e-02 3.646064549684524536e-02 3.633730486035346985e-02 1.212614681571722031e-02 7.347158342599868774e-02 6.712245754897594452e-03 3.540159668773412704e-03 1.429681014269590378e-02 1.130321179516613483e-03 5.352118611335754395e-02 1.610194891691207886e-02 4.008713364601135254e-02 1.315271854400634766e-02 1.262027211487293243e-02 1.276066992431879044e-02 4.503544420003890991e-03 4.457321390509605408e-02 2.964415587484836578e-02 2.939850091934204102e-02 1.836077496409416199e-02 2.372192963957786560e-02 1.729558780789375305e-02 1.851820573210716248e-02 3.111771121621131897e-02 1.037510633468627930e-01 5.189535766839981079e-02 2.720037288963794708e-02 2.296134270727634430e-02 2.381490170955657959e-02 2.042633853852748871e-02 3.060874529182910919e-02 1.573982089757919312e-02 2.360572339966893196e-03 3.480150923132896423e-02 1.884168013930320740e-02 4.548012278974056244e-03 4.843277856707572937e-02 3.110625967383384705e-02 3.992936760187149048e-02 3.121603094041347504e-02 1.227264944463968277e-02 1.205813419073820114e-02 5.581840500235557556e-02 2.700871787965297699e-02 1.306648738682270050e-02 7.207887247204780579e-03 4.032961651682853699e-02 8.428719826042652130e-03 3.561535850167274475e-02 1.393883954733610153e-02 2.170034497976303101e-02 5.164821445941925049e-02 8.712235838174819946e-03 1.019013673067092896e-02 5.845661088824272156e-02 1.504446472972631454e-02 4.939032718539237976e-02 1.591888628900051117e-02 1.370535790920257568e-01 4.327814094722270966e-03 1.147211194038391113e-01 2.214252203702926636e-02 5.132723972201347351e-02 6.347709335386753082e-03 6.027530413120985031e-03 3.175839409232139587e-02 4.773176088929176331e-02 1.014995854347944260e-02 7.875298708677291870e-02 7.335317134857177734e-02 3.592556715011596680e-02 3.433760255575180054e-02 1.970037817955017090e-02 4.013601318001747131e-02 8.980581536889076233e-03 2.471330575644969940e-02 2.109738625586032867e-02 8.086243644356727600e-03 3.163477778434753418e-02 2.557055791839957237e-03 1.904109306633472443e-02 9.152763523161411285e-03 3.770603612065315247e-02 2.652947977185249329e-02 3.946298733353614807e-02 3.582511842250823975e-02 3.394793719053268433e-03 5.215080920606851578e-03 4.082832485437393188e-02 1.990120485424995422e-02 5.450632795691490173e-02 4.564164578914642334e-02 2.630305662751197815e-02 1.483854092657566071e-02 7.490823045372962952e-03 3.425899147987365723e-02 1.505854260176420212e-02 3.361357748508453369e-02 1.773560233414173126e-02 2.995070628821849823e-02 2.981411851942539215e-02 2.219626680016517639e-02
3.071655705571174622e-02 4.397478699684143066e-02 2.916579693555831909e-02 6.343525648117065430e-02 4.756358563899993896e-01 3.627304360270500183e-02 2.081138081848621368e-02 1.483484730124473572e-02 1.660651527345180511e-03 1.502011157572269440e-02 3.221966326236724854e-02 3.813237324357032776e-02 5.171492323279380798e-02 2.597401291131973267e-02 2.693756017833948135e-03 4.274098202586174011e-02 5.820933356881141663e-02 1.240266207605600357e-02 3.318610414862632751e-02 1.750276796519756317e-02 1.464259810745716095e-02 1.157722063362598419e-02 1.362111326307058334e-02 4.339941963553428650e-02 2.733930014073848724e-02 1.418653223663568497e-02 2.736860513687133789e-02 2.437859773635864258e-02 4.821813479065895081e-02 5.456996336579322815e-02 4.590556398034095764e-02 4.082669690251350403e-02 3.050816245377063751e-02 3.681015968322753906e-02 2.461641840636730194e-02 3.779505193233489990e-02 3.636894002556800842e-02 2.431516349315643311e-02 7.091192062944173813e-03 9.176773577928543091e-02 3.608588129281997681e-02 1.971898134797811508e-03 2.884671092033386230e-02 1.038546673953533173e-02 4.745381698012351990e-02 2.074087597429752350e-02 7.818454876542091370e-03 2.771421894431114197e-02 6.080528255552053452e-03 3.089928813278675079e-02 3.649561549536883831e-04 1.638006791472434998e-02 1.766947680152952671e-03 2.232653461396694183e-02 2.393671497702598572e-02 2.454925701022148132e-02 1.340261474251747131e-02 4.214571043848991394e-02 3.691552579402923584e-02 4.320870712399482727e-02 2.077170647680759430e-02 2.549363300204277039e-02 4.593844711780548096e-02 9.302662685513496399e-03 4.033265635371208191e-02 5.591845838353037834e-04 5.018047988414764404e-02 3.379886969923973083e-02 4.645024240016937256e-02 2.683136798441410065e-02 5.853345990180969238e-02 2.011676505208015442e-02 2.171974815428256989e-02 3.430822864174842834e-02 4.592396318912506104e-02 5.295271985232830048e-03 4.690780490636825562e-02 2.547781541943550110e-02 5.996571108698844910e-02 3.882393613457679749e-02 1.736736483871936798e-02 3.204665705561637878e-02 1.577327027916908264e-02 2.998474054038524628e-02 1.996052078902721405e-02 3.085222095251083374e-02 8.284744806587696075e-03 1.952383853495121002e-02 3.507466986775398254e-02 6.454981118440628052e-02 3.669824823737144470e-02 3.268746659159660339e-02 2.709641121327877045e-02 3.827636316418647766e-02 4.866186901926994324e-02 1.132230390794575214e-03 2.829375490546226501e-02 2.020117128267884254e-03 2.133693173527717590e-02 3.158257459290325642e-04 2.361935004591941833e-02 3.966289013624191284e-02 1.585920155048370361e-02 3.483226755633950233e-03 5.161957070231437683e-02 3.900376707315444946e-02 1.230486668646335602e-02 3.174476092681288719e-03 4.161696881055831909e-02 3.475082665681838989e-02 9.124903008341789246e-03 2.428434044122695923e-02 4.217556864023208618e-02 1.253870595246553421e-02 1.386105362325906754e-02 3.589889779686927795e-02
1.107624173164367676e-02 6.532723456621170044e-02 5.173908174037933350e-02 4.251747578382492065e-02 3.627304360270500183e-02 4.510534703731536865e-01 3.883999586105346680e-02 1.724808849394321442e-02 5.364721175283193588e-03 3.097385354340076447e-02 1.696934923529624939e-02 3.463952243328094482e-02 8.367473632097244263e-02 4.397831484675407410e-02 3.806934505701065063e-02 1.275648921728134155e-02 1.520391646772623062e-02 1.465657725930213928e-02 1.051197573542594910e-02 1.226860331371426582e-03 2.550838515162467957e-02 2.396256290376186371e-02 1.499183196574449539e-02 5.664523690938949585e-02 4.344879835844039917e-02 5.066120252013206482e-02 3.865071386098861694e-02 7.691572606563568115e-02 5.487775430083274841e-02 2.669098228216171265e-02 2.422343008220195770e-02 4.804508760571479797e-03 1.634893380105495453e-02 1.242997311055660248e-02 7.564192172139883041e-03 1.590100675821304321e-02 3.981509432196617126e-02 2.874199859797954559e-02 4.276512935757637024e-02 2.112632431089878082e-02 1.099108485504984856e-03 1.369415782392024994e-03 3.850213065743446350e-02 1.070131547749042511e-02 6.645545363426208496e-02 3.594279754906892776e-03 2.721179742366075516e-03 1.075981650501489639e-02 4.415569454431533813e-02 4.115255922079086304e-02 7.776569109410047531e-04 5.400087684392929077e-03 9.992503561079502106e-03 3.299237787723541260e-02 3.854674845933914185e-02 2.994180424138903618e-03 5.070262588560581207e-03 2.065131813287734985e-02 1.297674258239567280e-03 2.731063775718212128e-02 1.728562079370021820e-02 4.632897675037384033e-02 8.741762489080429077e-03 4.070218279957771301e-02 2.207203395664691925e-02 4.294652119278907776e-02 2.549836598336696625e-02 2.306607551872730255e-02 1.646851375699043274e-02 3.218059660866856575e-03 6.685730069875717163e-02 1.614851504564285278e-02 2.454309165477752686e-02 5.037299171090126038e-02 4.293213598430156708e-03 3.554553538560867310e-02 1.363626867532730103e-02 3.731651976704597473e-02 1.816412620246410370e-02 4.411016590893268585e-03 1.458458788692951202e-02 6.194427143782377243e-03 3.431649506092071533e-02 3.231215476989746094e-02 1.009088847786188126e-02 3.313034027814865112e-02 5.274430848658084869e-03 1.568551547825336456e-02 4.252077266573905945e-02 5.065269395709037781e-02 1.670947112143039703e-02 2.337722294032573700e-02 1.491181273013353348e-02 3.805186226963996887e-02 3.577531781047582626e-03 2.152637392282485962e-02 1.416010316461324692e-02 4.928825795650482178e-02 4.604986682534217834e-02 2.410764247179031372e-02 4.045453295111656189e-02 2.803879091516137123e-03 1.770900376141071320e-02 3.966232761740684509e-02 3.535481914877891541e-02 4.128255695104598999e-02 3.121514338999986649e-03 1.587777771055698395e-02 1.041769608855247498e-02 4.091413691639900208e-02 1.451364904642105103e-02 1.901598088443279266e-02 5.073328968137502670e-03 2.025749348104000092e-02 3.650626167654991150e-02 1.837643794715404510e-02
6.434100121259689331e-02 1.331072598695755005e-01 3.627597168087959290e-02 3.446118161082267761e-02 2.081138081848621368e-02 3.883999586105346680e-02 4.600853919982910156e-01 4.409915208816528320e-02 4.314560908824205399e-03 3.920279070734977722e-02 4.052696749567985535e-02 2.030410687439143658e-04 8.851446956396102905e-02 1.076921075582504272e-01 4.468475282192230225e-02 1.439863629639148712e-02 1.549361553043127060e-02 3.094330616295337677e-02 1.632574759423732758e-02 8.857652544975280762e-02 3.820184990763664246e-02 4.164747521281242371e-02 3.675592318177223206e-02 1.236241403967142105e-02 3.489960730075836182e-02 2.735326811671257019e-02 3.928761929273605347e-02 2.339742332696914673e-02 4.447251558303833008e-02 1.560605503618717194e-02 5.007645813748240471e-04 5.815294571220874786e-03 9.446112439036369324e-03 5.045083165168762207e-02 4.552601277828216553e-02 1.463756244629621506e-02 4.675187915563583374e-02 3.611690551042556763e-02 1.340444548986852169e-03 5.044393707066774368e-03 3.652688115835189819e-03 2.222149819135665894e-02 4.178358614444732666e-02 3.501341491937637329e-02 1.740607316605746746e-03 2.779762074351310730e-02 2.626067399978637695e-02 1.759479194879531860e-01 4.751631245017051697e-02 1.877082698047161102e-02 8.457343792542815208e-04 7.897941395640373230e-03 1.384717877954244614e-02 3.749993816018104553e-02 2.503129094839096069e-02 3.009844571352005005e-03 4.757275339215993881e-03 3.585043922066688538e-02 1.848691143095493317e-02 1.043884549289941788e-02 2.806827239692211151e-02 5.293226614594459534e-02 2.039420790970325470e-02 1.895060017704963684e-02 1.988926529884338379e-02 3.895290940999984741e-02 1.535012200474739075e-02 2.380179241299629211e-02 5.455753300338983536e-03 3.742526471614837646e-02 5.878259893506765366e-03 6.202946603298187256e-02 4.303904622793197632e-02 1.866019330918788910e-02 4.055660590529441833e-02 1.055123051628470421e-03 4.880827292799949646e-02 1.541159953922033310e-02 2.624780870974063873e-02 2.657736418768763542e-03 4.226110130548477173e-02 4.085355252027511597e-02 1.690756343305110931e-02 1.564660854637622833e-02 4.376447945833206177e-02 2.890752814710140228e-02 4.443433135747909546e-02 3.882746398448944092e-02 4.017807543277740479e-02 1.675473526120185852e-02 1.564121805131435394e-02 1.612652791664004326e-03 2.763828821480274200e-02 1.844526454806327820e-02 2.476103417575359344e-02 2.392927370965480804e-02 2.753968164324760437e-02 3.078289888799190521e-02 3.501660376787185669e-02 4.299808293581008911e-02 6.352500617504119873e-02 8.576820604503154755e-03 5.659514106810092926e-03 6.942229345440864563e-03 2.156072109937667847e-02 2.183342538774013519e-02 3.532117977738380432e-02 1.546904444694519043e-03 4.293148592114448547e-02 5.269178748130798340e-02 1.382849086076021194e-02 5.015151575207710266e-02 3.536747023463249207e-02 4.176319576799869537e-03 2.757504209876060486e-02 6.927072536200284958e-03
1.488124765455722809e-02 3.712380677461624146e-02 8.802393823862075806e-02 2.749043516814708710e-02 1.483484730124473572e-02 1.724808849394321442e-02 4.409915208816528320e-02 4.823612868785858154e-01 8.756552822887897491e-03 4.237714782357215881e-02 3.944100346416234970e-03 3.853463858831673861e-04 1.994175463914871216e-02 2.166401222348213196e-02 5.740819871425628662e-02 3.745901957154273987e-02 5.354159697890281677e-02 2.640135586261749268e-02 2.095796633511781693e-03 1.893286779522895813e-02 3.353725769557058811e-04 2.946693822741508484e-02 4.463642369955778122e-03 2.375021111220121384e-03 2.022491395473480225e-02 1.813228428363800049e-02 1.746564544737339020e-02 4.816886782646179199e-02 1.050182804465293884e-02 1.989805884659290314e-02 4.537449777126312256e-02 3.618288040161132812e-02 3.580389544367790222e-02 4.823931492865085602e-03 3.462883457541465759e-02 4.285420104861259460e-02 3.827365860342979431e-02 1.071121077984571457e-02 1.825184933841228485e-02 3.391429409384727478e-02 1.521306950598955154e-02 3.234798833727836609e-02 4.564930126070976257e-02 3.666797280311584473e-02 1.485640648752450943e-02 2.802504226565361023e-02 3.611485660076141357e-02 2.044847788056358695e-04 4.976266622543334961e-02 4.329552128911018372e-02 2.384969778358936310e-02 4.439961537718772888e-02 3.113988600671291351e-02 5.562298465520143509e-03 2.100394666194915771e-02 5.255954712629318237e-02 1.832898892462253571e-02 3.786995261907577515e-02 3.516583144664764404e-02 3.751838579773902893e-02 4.952624812722206116e-02 1.260523218661546707e-02 9.446872398257255554e-03 7.363952230662107468e-03 1.001758314669132233e-02 3.547257557511329651e-02 1.494422741234302521e-02 2.829025685787200928e-02 2.641060203313827515e-02 1.774336583912372589e-02 1.097852177917957306e-02 3.156777471303939819e-03 8.537040092051029205e-03 6.351821590214967728e-03 2.562551572918891907e-02 1.236510812304913998e-03 3.245826065540313721e-02 1.656965725123882294e-02 1.056825742125511169e-02 2.546352334320545197e-02 9.925027191638946533e-02 1.038952320814132690e-01 9.226918220520019531e-03 2.326129190623760223e-02 3.406071662902832031e-02 2.484299615025520325e-02 5.449929088354110718e-02 5.531019344925880432e-02 3.590839356184005737e-02 6.500116083770990372e-03 1.412375085055828094e-02 1.136260223574936390e-03 2.126113697886466980e-02 1.185142621397972107e-02 1.183522958308458328e-02 2.895900793373584747e-02 8.015436120331287384e-03 2.243791520595550537e-02 3.008381463587284088e-02 2.698376961052417755e-02 3.067508712410926819e-02 4.855521488934755325e-03 3.721639513969421387e-02 1.193678099662065506e-02 4.453021567314863205e-03 2.407375536859035492e-02 4.397554323077201843e-02 9.260994847863912582e-04 2.327193878591060638e-02 1.029038429260253906e-02 5.233591794967651367e-02 1.044975966215133667e-02 5.577397998422384262e-03 2.322854287922382355e-02 2.073467709124088287e-02 3.724477486684918404e-03
1.624984852969646454e-02 3.362700715661048889e-02 2.531206421554088593e-02 4.946422949433326721e-02 1.660651527345180511e-03 5.364721175283193588e-03 4.314560908824205399e-03 8.756552822887897491e-03 4.828305542469024658e-01 5.054371058940887451e-02 2.251904457807540894e-02 1.380023173987865448e-02 1.212635822594165802e-02 1.780647900886833668e-03 2.359245531260967255e-02 3.772028163075447083e-02 2.804628945887088776e-02 1.369128674268722534e-01 3.842212259769439697e-02 9.169484488666057587e-03 1.960901916027069092e-02 1.870843954384326935e-02 4.648998752236366272e-02 2.893682196736335754e-02 2.325310558080673218e-02 4.811527207493782043e-02 4.743918403983116150e-02 3.823491185903549194e-02 4.863723367452621460e-02 9.332144632935523987e-03 1.234974153339862823e-02 9.255580604076385498e-03 4.410026967525482178e-02 1.890670508146286011e-02 3.905590251088142395e-02 3.681859374046325684e-02 5.130020901560783386e-02 3.955890424549579620e-03 2.972381934523582458e-02 3.867317363619804382e-02 2.817216888070106506e-02 2.367781475186347961e-03 5.179369449615478516e-02 2.226731739938259125e-02 1.704046316444873810e-02 2.721797674894332886e-02 2.054243721067905426e-02 2.283899672329425812e-02 3.218768909573554993e-02 7.061806321144104004e-02 3.554991260170936584e-02 5.738244578242301941e-02 2.531876415014266968e-02 9.064104524441063404e-04 6.414134800434112549e-02 3.713618591427803040e-02 1.204477529972791672e-02 4.230077937245368958e-02 4.011867940425872803e-02 1.172594632953405380e-02 7.483426015824079514e-03 4.284397512674331665e-02 1.820580288767814636e-02 5.767205730080604553e-03 1.483053434640169144e-02 3.099506162106990814e-02 4.447422921657562256e-02 3.431517630815505981e-02 1.170615479350090027e-02 9.975717402994632721e-03 1.611851714551448822e-02 1.863693702034652233e-03 4.073128476738929749e-02 1.290389150381088257e-02 1.403855718672275543e-02 3.504046052694320679e-02 8.959096670150756836e-02 2.892812341451644897e-02 6.741959601640701294e-02 4.215618968009948730e-02 1.868137158453464508e-02 7.586798164993524551e-03 6.682216376066207886e-02 1.084794104099273682e-02 1.157509069889783859e-02 2.986458502709865570e-02 4.734886344522237778e-03 3.975671157240867615e-02 5.068394169211387634e-02 3.356686979532241821e-02 2.351483888924121857e-02 2.170774340629577637e-02 5.109317973256111145e-02 4.089082404971122742e-02 4.116221517324447632e-02 4.059663787484169006e-02 6.107946485280990601e-02 5.743298679590225220e-02 1.479028817266225815e-02 8.669718168675899506e-03 2.308204770088195801e-02 4.640364274382591248e-02 4.317030683159828186e-02 6.637942977249622345e-03 4.978371411561965942e-02 5.105704441666603088e-02 4.666612669825553894e-02 1.572056673467159271e-02 2.599263004958629608e-02 1.919197663664817810e-02 3.550289943814277649e-02 4.084462299942970276e-03 2.004104293882846832e-02 4.685733094811439514e-02 1.737639890052378178e-03 5.066579207777976990e-02
1.045458205044269562e-02 6.030902732163667679e-03 2.617979235947132111e-02 5.171941220760345459e-02 1.502011157572269440e-02 3.097385354340076447e-02 3.920279070734977722e-02 4.237714782357215881e-02 5.054371058940887451e-02 4.832237064838409424e-01 4.625887423753738403e-02 8.411525934934616089e-02 4.252056032419204712e-02 8.142088539898395538e-03 3.531089425086975098e-02 2.283943258225917816e-02 9.547678753733634949e-03 1.038221940398216248e-01 5.277057364583015442e-02 2.391757443547248840e-02 2.972726523876190186e-02 2.591914311051368713e-02 3.556521609425544739e-02 3.189677372574806213e-02 2.379405871033668518e-02 4.443966224789619446e-02 2.338836900889873505e-02 1.968346768990159035e-03 3.306145593523979187e-02 3.065616823732852936e-02 2.977593243122100830e-02 6.159825995564460754e-02 2.306537330150604248e-02 1.890280283987522125e-03 3.785779699683189392e-02 2.785088680684566498e-02 2.301915781572461128e-03 1.822474971413612366e-02 1.542813144624233246e-03 4.621521383523941040e-02 2.292771823704242706e-02 2.961707860231399536e-02 9.420485235750675201e-03 7.221413310617208481e-03 2.063296362757682800e-02 1.322947442531585693e-02 1.846537180244922638e-02 1.442586630582809448e-02 5.298623442649841309e-02 7.337499409914016724e-02 3.442174941301345825e-02 3.744092583656311035e-02 2.696006931364536285e-02 3.391310200095176697e-02 3.323879837989807129e-02 7.115425169467926025e-02 5.644835531711578369e-03 1.394205261021852493e-02 2.715911902487277985e-02 7.294891402125358582e-04 3.645463660359382629e-02 4.518879950046539307e-02 1.133258175104856491e-02 1.003505364060401917e-01 4.435995593667030334e-02 2.537069842219352722e-02 1.157208997756242752e-02 3.917609900236129761e-02 4.572137445211410522e-02 7.222356274724006653e-03 5.097283422946929932e-02 2.699131332337856293e-02 5.816510878503322601e-03 6.182558089494705200e-02 6.270641833543777466e-02 2.971584908664226532e-03 3.516325727105140686e-02 8.440848439931869507e-02 2.667061053216457367e-02 1.615291833877563477e-01 4.324796795845031738e-02 4.566022381186485291e-02 4.755004122853279114e-02 8.741232007741928101e-02 3.739961609244346619e-02 5.140645429491996765e-03 4.505939036607742310e-02 2.072342485189437866e-02 4.833462089300155640e-02 7.889082282781600952e-02 1.898546516895294189e-02 2.007102407515048981e-02 3.226882591843605042e-02 1.055647712200880051e-02 4.309109598398208618e-02 1.861840113997459412e-02 6.225172802805900574e-02 8.971516042947769165e-03 4.042435064911842346e-02 4.376430809497833252e-02 1.663517579436302185e-02 4.821895156055688858e-03 2.259096829220652580e-03 4.399807378649711609e-02 4.605587199330329895e-02 7.746334187686443329e-03 1.695914566516876221e-02 3.148712217807769775e-02 1.168640609830617905e-02 2.900643087923526764e-02 2.030972205102443695e-02 3.090220037847757339e-03 1.906158577185124159e-04 2.366750873625278473e-02 2.079624310135841370e-02 5.267077311873435974e-02
1.200852692127227783e-01 8.978206897154450417e-04 2.366479299962520599e-02 1.794099248945713043e-02 3.221966326236724854e-02 1.696934923529624939e-02 4.052696749567985535e-02 3.944100346416234970e-03 2.251904457807540894e-02 4.625887423753738403e-02 4.541161358356475830e-01 1.391310244798660278e-03 8.728273957967758179e-02 1.871848851442337036e-02 4.335646703839302063e-02 9.216003119945526123e-03 4.302436485886573792e-03 2.395277097821235657e-02 1.385352481156587601e-02 2.832303196191787720e-02 2.590770274400711060e-02 3.125987201929092407e-02 4.106858745217323303e-03 1.267466810531914234e-03 3.812817111611366272e-02 4.439391195774078369e-02 6.592018902301788330e-02 2.747540175914764404e-02 1.180207263678312302e-02 2.764505520462989807e-02 4.023181647062301636e-02 4.353297874331474304e-02 3.578064590692520142e-02 4.127077758312225342e-02 1.672977022826671600e-02 9.717260487377643585e-03 1.046979706734418869e-02 3.742236271500587463e-02 2.515514008700847626e-02 1.956320134922862053e-03 1.902579329907894135e-02 3.246223181486129761e-02 5.424838047474622726e-03 1.596188172698020935e-02 1.791692525148391724e-02 3.505175001919269562e-03 9.611994028091430664e-02 3.798553347587585449e-02 3.734845295548439026e-02 2.344493195414543152e-02 2.324881032109260559e-02 3.474153578281402588e-02 1.725433580577373505e-02 2.996421605348587036e-02 1.373091898858547211e-02 2.578959614038467407e-02 4.834361746907234192e-02 1.549375522881746292e-02 1.703848317265510559e-02 7.359236478805541992e-02 2.139280363917350769e-02 1.474120095372200012e-02 2.344683930277824402e-02 9.016900323331356049e-03 8.963897824287414551e-02 3.502229973673820496e-02 1.925836689770221710e-02 3.836540877819061279e-02 1.115534827113151550e-02 3.636099398136138916e-02 4.646680504083633423e-02 1.577666401863098145e-02 1.964672096073627472e-02 2.763401903212070465e-02 2.186987781897187233e-03 1.277373358607292175e-02 3.987624868750572205e-02 5.558622651733458042e-04 1.846709847450256348e-02 2.094916068017482758e-03 8.578333072364330292e-03 2.831160835921764374e-02 5.700781568884849548e-02 3.852143138647079468e-02 2.348054200410842896e-02 1.011961605399847031e-02 2.409192919731140137e-02 2.155428379774093628e-02 7.644308358430862427e-02 3.854139009490609169e-03 1.224887557327747345e-02 1.869361475110054016e-02 8.548553101718425751e-03 5.396870523691177368e-02 3.749232739210128784e-02 3.295943513512611389e-02 7.758874911814928055e-03 4.160110279917716980e-02 4.744935780763626099e-02 3.507841378450393677e-02 4.221989214420318604e-02 4.119202867150306702e-02 3.682601824402809143e-02 2.225004509091377258e-02 5.876775365322828293e-03 5.950769264018163085e-05 2.239982225000858307e-02 3.574090823531150818e-02 3.654826432466506958e-02 8.858937770128250122e-03 1.646474003791809082e-02 1.728076860308647156e-02 1.552990544587373734e-02 6.335737649351358414e-03 7.693843916058540344e-03 2.158123999834060669e-02
1.175298262387514114e-02 3.585324436426162720e-02 1.880510896444320679e-02 2.686422690749168396e-02 3.813237324357032776e-02 3.463952243328094482e-02 2.030410687439143658e-04 3.853463858831673861e-04 1.380023173987865448e-02 8.411525934934616089e-02 1.391310244798660278e-03 4.681620895862579346e-01 2.228975668549537659e-02 1.663961112499237061e-01 3.123416006565093994e-02 3.583797067403793335e-02 4.778752475976943970e-02 3.985169902443885803e-02 3.730189800262451172e-02 2.469580806791782379e-02 3.748511150479316711e-02 1.844944246113300323e-02 6.044526398181915283e-02 1.245363336056470871e-02 1.738879457116127014e-02 6.154419854283332825e-03 1.546869240701198578e-02 1.222213730216026306e-02 2.489443309605121613e-02 2.154378034174442291e-02 1.491418667137622833e-02 4.942243918776512146e-02 8.874859660863876343e-03 2.810529060661792755e-02 2.118555270135402679e-02 1.068291813135147095e-02 4.650049656629562378e-02 1.077697146683931351e-02 3.480555489659309387e-02 1.646676100790500641e-02 4.243285581469535828e-02 6.042179302312433720e-04 1.485776435583829880e-02 1.681612990796566010e-02 9.312758222222328186e-03 4.908719565719366074e-04 2.309958823025226593e-02 1.987822353839874268e-02 4.994489625096321106e-02 4.176700487732887268e-02 1.010315865278244019e-01 1.194937899708747864e-01 3.355493023991584778e-02 6.108149886131286621e-03 1.220601890236139297e-02 3.931656945496797562e-03 2.955114096403121948e-02 3.996279463171958923e-02 9.142220020294189453e-03 2.358479239046573639e-02 2.719480358064174652e-02 3.857989981770515442e-02 2.066347934305667877e-02 5.651106126606464386e-03 2.404315024614334106e-02 3.958678990602493286e-02 4.478589072823524475e-02 1.269124820828437805e-02 4.969887435436248779e-03 5.820570047944784164e-03 3.109414316713809967e-02 5.213240906596183777e-02 7.657514512538909912e-02 7.799836806952953339e-03 8.352250605821609497e-02 4.762184247374534607e-02 2.109707891941070557e-02 1.353671425022184849e-03 9.435269981622695923e-03 8.212625235319137573e-02 4.044667351990938187e-03 1.677859108895063400e-03 2.630138956010341644e-02 3.701736778020858765e-02 5.030735046602785587e-04 3.056632541120052338e-02 3.994546830654144287e-02 4.136944189667701721e-03 4.999725893139839172e-02 5.607368052005767822e-02 1.722645573318004608e-02 4.592361301183700562e-02 2.027581445872783661e-02 1.589479297399520874e-02 4.957532510161399841e-02 3.826293349266052246e-02 3.782920166850090027e-02 4.683599248528480530e-02 5.246287677437067032e-03 3.860222548246383667e-02 3.214215487241744995e-02 5.074863787740468979e-03 4.037804156541824341e-02 1.342322956770658493e-02 3.595505654811859131e-02 5.173947662115097046e-02 4.803957417607307434e-02 3.899295628070831299e-02 5.856298375874757767e-03 2.369537949562072754e-02 4.781378060579299927e-02 8.270497620105743408e-02 5.933678522706031799e-02 1.750478707253932953e-02 4.445472266525030136e-03 2.655281312763690948e-02
7.129159569740295410e-02 2.633429467678070068e-01 1.824440434575080872e-02 2.615372277796268463e-02 5.171492323279380798e-02 8.367473632097244263e-02 8.851446956396102905e-02 1.994175463914871216e-02 1.212635822594165802e-02 4.252056032419204712e-02 8.728273957967758179e-02 2.228975668549537659e-02 4.827117621898651123e-01 5.156801268458366394e-02 1.933706179261207581e-02 1.190009759739041328e-03 8.244580239988863468e-04 1.158452779054641724e-02 3.774508833885192871e-02 3.455291315913200378e-02 5.033683497458696365e-03 9.743068367242813110e-03 3.059839457273483276e-02 1.492291316390037537e-02 2.254530414938926697e-02 7.126207929104566574e-03 3.155590593814849854e-02 2.545338124036788940e-02 2.166363783180713654e-02 2.448395639657974243e-02 5.229526013135910034e-02 3.403016552329063416e-02 2.761361002922058105e-02 1.788852363824844360e-02 1.371450023725628853e-03 4.039973765611648560e-02 1.810652203857898712e-02 9.280704893171787262e-03 1.455665286630392075e-02 3.460688749328255653e-03 1.320176851004362106e-02 3.444797918200492859e-02 1.613689772784709930e-02 7.999624125659465790e-03 5.168143287301063538e-02 4.408441111445426941e-02 3.604991361498832703e-02 1.300958693027496338e-01 2.582743950188159943e-02 1.091849524527788162e-02 1.759127713739871979e-03 2.306049317121505737e-02 1.462181936949491501e-02 7.015505433082580566e-02 2.222570963203907013e-02 1.904500275850296021e-02 4.483142867684364319e-03 1.911491155624389648e-03 3.617284074425697327e-02 1.079591661691665649e-01 1.450106780976057053e-02 5.628236755728721619e-02 2.281251735985279083e-02 5.034676194190979004e-02 1.488300878554582596e-02 1.372175216674804688e-01 4.017684608697891235e-02 2.326367609202861786e-02 3.021903522312641144e-02 1.665962673723697662e-02 4.309901222586631775e-02 3.974257782101631165e-02 1.097102503990754485e-04 4.500167444348335266e-03 1.313944580033421516e-03 2.805567719042301178e-02 3.127343486994504929e-03 1.750676333904266357e-02 4.370972886681556702e-02 3.565828502178192139e-02 1.407875027507543564e-02 3.354932367801666260e-02 1.356710959225893021e-02 3.745834529399871826e-02 4.415003117173910141e-03 4.286115244030952454e-02 1.737503148615360260e-02 4.922609403729438782e-02 2.726392634212970734e-02 3.954469785094261169e-02 3.657811321318149567e-03 4.612306877970695496e-02 7.072964310646057129e-02 4.583622515201568604e-02 2.929063327610492706e-02 3.964042291045188904e-03 3.402608260512351990e-02 5.851997062563896179e-03 2.033580653369426727e-02 2.745609171688556671e-02 3.010603599250316620e-02 2.508927322924137115e-02 1.581671833992004395e-02 5.083993077278137207e-02 4.199846833944320679e-02 5.039697885513305664e-02 2.682369947433471680e-02 1.300745084881782532e-02 1.856837980449199677e-02 3.904351964592933655e-02 7.590373046696186066e-03 4.121066629886627197e-02 5.744760856032371521e-04 2.360863611102104187e-02 1.917126961052417755e-02 1.210685446858406067e-02
