5.228911638259887695e-01 9.631354361772537231e-02 3.803007677197456360e-02 1.461852155625820160e-02 2.277772128582000732e-02 9.017108380794525146e-02 3.273070976138114929e-02 1.260341517627239227e-02 4.117520898580551147e-02 3.557970747351646423e-02 9.270001202821731567e-02 2.485278062522411346e-02 7.364477962255477905e-02 1.431394834071397781e-02 1.757312379777431488e-02 2.130037546157836914e-02 1.496973447501659393e-02 4.640033841133117676e-02 4.490795731544494629e-02 3.758936747908592224e-02 7.479569874703884125e-03 2.538703940808773041e-02 4.728690721094608307e-03 1.771084032952785492e-03 1.217093784362077713e-02 1.376044563949108124e-02 2.541034109890460968e-02 1.735689863562583923e-02 3.316839039325714111e-02 2.059510722756385803e-02 4.903410002589225769e-02 2.506091818213462830e-02 4.891960695385932922e-02 2.744459779933094978e-03 8.873520419001579285e-03 1.131053548306226730e-02 2.786777168512344360e-02 1.222421415150165558e-03 1.616257615387439728e-02 7.098453585058450699e-03 3.386491164565086365e-02 3.387703909538686275e-04 2.878862060606479645e-02 8.348680287599563599e-02 4.328881576657295227e-02 3.116783872246742249e-02 1.731796003878116608e-02 1.576139964163303375e-02 7.334658503532409668e-02 8.064308762550354004e-02 4.247527942061424255e-02 3.065609745681285858e-02 2.129145711660385132e-02 6.655812263488769531e-03 8.032206445932388306e-02 7.175298780202865601e-02 4.759072512388229370e-02 3.027394227683544159e-02 5.026847496628761292e-02 2.867432311177253723e-03 2.352657541632652283e-02 2.538467012345790863e-02 1.920416578650474548e-02 4.453956708312034607e-02 2.700039651244878769e-03 3.607189282774925232e-02 4.131295904517173767e-02 1.658825762569904327e-02 6.237604189664125443e-03 2.314016222953796387e-02 1.582292281091213226e-02 1.259699650108814240e-02 3.180110454559326172e-02 1.510278508067131042e-02 5.431050807237625122e-02 2.572903595864772797e-02 3.734179772436618805e-03 6.267308490350842476e-04 2.918983064591884613e-02 1.769284717738628387e-03 2.290754579007625580e-03 4.507545381784439087e-02 2.562596835196018219e-02 4.254423454403877258e-02 4.497327655553817749e-02 5.831076763570308685e-03 1.310117263346910477e-02 1.050097867846488953e-02 9.197279578074812889e-04 1.440923381596803665e-02 5.265384912490844727e-02 2.418897114694118500e-02 1.182122249156236649e-02 4.947385936975479126e-02 4.776834324002265930e-02 1.195586752146482468e-03 2.807924989610910416e-03 4.682062938809394836e-02 1.875655027106404305e-03 2.801455371081829071e-02 1.516430079936981201e-02 1.805458217859268188e-02 4.774739220738410950e-02 5.075786262750625610e-02 1.816013827919960022e-02 2.835104241967201233e-02 8.605195209383964539e-03 3.912318125367164612e-02 1.550330966711044312e-02 1.278671808540821075e-02 5.256555229425430298e-02 6.279893685132265091e-03 1.246077008545398712e-02 3.084602952003479004e-02 2.781684696674346924e-02 8.546110242605209351e-03
9.631354361772537231e-02 5.175363421440124512e-01 4.295018687844276428e-02 8.833876927383244038e-04 9.318049997091293335e-03 5.944116413593292236e-02 4.748273640871047974e-02 4.663881286978721619e-02 3.653940930962562561e-02 1.150433812290430069e-02 9.254785627126693726e-02 2.951445803046226501e-02 1.046127304434776306e-01 1.136113330721855164e-02 1.119566056877374649e-02 1.304594334214925766e-02 1.180383283644914627e-02 3.676333278417587280e-02 4.421313852071762085e-02 4.470543935894966125e-03 3.587223961949348450e-02 4.142839461565017700e-02 1.679563336074352264e-02 1.175685506314039230e-02 4.023756831884384155e-02 8.041935041546821594e-03 5.118730291724205017e-02 2.574467658996582031e-02 1.049408409744501114e-02 2.648610621690750122e-02 1.919016242027282715e-02 3.878682106733322144e-02 4.926961660385131836e-02 1.552464906126260757e-02 5.854358896613121033e-03 1.424408238381147385e-02 3.804534673690795898e-02 9.652999229729175568e-03 3.547255694866180420e-02 1.332065742462873459e-02 4.546445235610008240e-02 4.675649572163820267e-03 1.816755160689353943e-02 5.696764588356018066e-02 1.259273104369640350e-02 1.047681458294391632e-02 2.509964630007743835e-02 3.177892789244651794e-02 4.752940312027931213e-02 4.650942981243133545e-02 2.105307765305042267e-02 4.164634644985198975e-02 3.280681371688842773e-02 2.743629179894924164e-02 4.217011481523513794e-02 4.657467082142829895e-02 3.089654492214322090e-03 1.776228100061416626e-02 1.586179365403950214e-03 6.128908600658178329e-03 3.432240709662437439e-02 9.346912265755236149e-04 1.156865432858467102e-02 5.118915438652038574e-02 4.548036679625511169e-02 4.582542926073074341e-02 7.895912043750286102e-03 3.808614565059542656e-03 3.140200627967715263e-03 4.163097217679023743e-02 1.825769618153572083e-02 1.177826151251792908e-02 7.714097853749990463e-03 4.355354979634284973e-02 4.123071208596229553e-02 5.271912738680839539e-02 1.607090793550014496e-02 7.448576390743255615e-03 2.609273418784141541e-02 1.102707721292972565e-02 1.524983625859022141e-02 6.750824302434921265e-02 2.396572940051555634e-02 4.128054529428482056e-02 2.705866657197475433e-02 1.149710360914468765e-02 3.482663258910179138e-02 9.679634124040603638e-03 4.592717066407203674e-02 1.796707138419151306e-02 2.231546305119991302e-02 1.178874820470809937e-02 3.976209089159965515e-02 4.892969876527786255e-02 5.040397495031356812e-02 5.948311183601617813e-03 1.115480996668338776e-02 3.394101932644844055e-02 2.839369513094425201e-02 4.598242789506912231e-02 2.066286839544773102e-02 1.151701435446739197e-02 5.336652696132659912e-02 5.525868386030197144e-02 3.700499422848224640e-03 1.687336154282093048e-02 3.372414410114288330e-02 2.410334348678588867e-02 2.365084365010261536e-02 2.257670741528272629e-03 4.386685043573379517e-02 1.062038540840148926e-02 1.983381062746047974e-02 3.892721235752105713e-02 2.847090736031532288e-02 4.191799554973840714e-03
3.803007677197456360e-02 4.295018687844276428e-02 4.982709288597106934e-01 2.775418572127819061e-02 1.865064166486263275e-02 1.137774437665939331e-02 8.236118010245263577e-04 3.388661518692970276e-02 1.658566668629646301e-02 8.889364078640937805e-03 4.297145083546638489e-02 6.352600455284118652e-02 1.292747817933559418e-02 5.664838850498199463e-02 4.599819332361221313e-02 1.560917007736861706e-03 1.253777183592319489e-02 3.950031008571386337e-03 1.908089593052864075e-02 5.887257307767868042e-02 7.657105103135108948e-03 3.313728794455528259e-02 3.318202123045921326e-02 4.707850143313407898e-02 1.906241849064826965e-02 3.354458604007959366e-03 6.564840674400329590e-03 1.161977834999561310e-02 9.545290842652320862e-03 2.051139064133167267e-02 2.732032351195812225e-02 2.250789850950241089e-02 1.905039139091968536e-02 4.805230069905519485e-03 6.774312350898981094e-03 5.065097659826278687e-02 5.541499331593513489e-02 1.996617950499057770e-02 4.749418050050735474e-02 1.254754979163408279e-02 2.348268590867519379e-02 4.869344085454940796e-02 4.851587116718292236e-03 2.758197672665119171e-02 1.026604138314723969e-02 8.737178519368171692e-03 1.230178028345108032e-02 1.033936813473701477e-02 4.165017977356910706e-02 3.028946556150913239e-02 2.665013633668422699e-02 4.507555812597274780e-02 7.611521985381841660e-03 3.517456725239753723e-02 3.265765309333801270e-02 1.895218156278133392e-02 3.191470727324485779e-02 6.730059161782264709e-03 5.551229789853096008e-02 1.548192836344242096e-02 3.858503699302673340e-02 3.489555418491363525e-02 5.459047388285398483e-03 3.358414024114608765e-02 4.129898920655250549e-02 3.620178624987602234e-02 1.473433710634708405e-02 1.255701202899217606e-02 4.103591665625572205e-02 5.834207870066165924e-03 4.464988037943840027e-02 2.055676421150565147e-03 3.526011854410171509e-02 4.287455696612596512e-03 4.918994382023811340e-02 1.394897792488336563e-02 1.123643480241298676e-02 2.078096009790897369e-02 4.421140626072883606e-02 2.440542913973331451e-02 9.638300538063049316e-02 7.185446470975875854e-02 3.019576892256736755e-02 4.564209282398223877e-02 4.500610008835792542e-02 3.919519111514091492e-02 2.500633150339126587e-02 3.941700235009193420e-02 4.512274265289306641e-02 2.074869535863399506e-02 2.717120014131069183e-02 5.110388249158859253e-02 2.782515715807676315e-03 9.022988379001617432e-04 1.006076484918594360e-02 4.489351809024810791e-02 1.760947518050670624e-02 3.421533852815628052e-02 5.024521052837371826e-02 2.255661971867084503e-02 1.098033785820007324e-02 4.687838722020387650e-03 1.771603524684906006e-02 5.444650724530220032e-02 1.060571405105292797e-03 8.434684947133064270e-03 1.935790479183197021e-02 3.028610721230506897e-02 1.832548342645168304e-02 8.461115881800651550e-03 4.986257106065750122e-02 2.519139088690280914e-02 4.096163809299468994e-02 3.158165141940116882e-02 3.189355134963989258e-02 4.669788479804992676e-02
1.461852155625820160e-02 8.833876927383244038e-04 2.775418572127819061e-02 5.222848653793334961e-01 9.247774630784988403e-02 1.052204519510269165e-02 3.088026680052280426e-02 2.760704420506954193e-02 2.057416364550590515e-02 3.322556614875793457e-02 4.437138885259628296e-02 1.825478300452232361e-02 4.009360447525978088e-02 1.285097561776638031e-03 4.421899840235710144e-02 4.928612150251865387e-03 1.983659528195858002e-02 4.185350984334945679e-02 4.592813178896903992e-02 1.586383394896984100e-02 4.022013768553733826e-02 1.082819770090281963e-03 2.076971158385276794e-02 2.744208090007305145e-02 3.709854499902576208e-04 1.392189040780067444e-02 3.135287016630172729e-02 1.888898201286792755e-03 4.214746505022048950e-02 1.783650927245616913e-02 4.002258554100990295e-02 4.103995859622955322e-02 5.892702192068099976e-02 2.609367668628692627e-02 3.651430085301399231e-02 1.895905658602714539e-02 2.194427698850631714e-02 4.804525058716535568e-03 3.135391324758529663e-02 2.283150888979434967e-02 8.155883289873600006e-03 1.426723226904869080e-02 2.526845224201679230e-02 2.194564556702971458e-03 3.301575034856796265e-02 5.260647740215063095e-04 2.338968031108379364e-02 3.806789219379425049e-02 3.305633738636970520e-02 2.072440274059772491e-02 4.506754502654075623e-02 4.397040902404114604e-05 2.827322669327259064e-02 1.451819948852062225e-02 5.785724893212318420e-02 4.998591542243957520e-02 8.022221736609935760e-03 3.163739340379834175e-03 1.765728183090686798e-02 2.298614569008350372e-02 5.111205950379371643e-02 1.282866951078176498e-02 5.936450883746147156e-02 7.776593416929244995e-02 2.096310816705226898e-02 3.699743747711181641e-02 2.189852669835090637e-02 7.268148008733987808e-03 3.466958552598953247e-02 4.893149808049201965e-02 3.102290816605091095e-02 2.151136286556720734e-04 6.531407684087753296e-02 1.306395744904875755e-03 7.383114844560623169e-02 2.185458131134510040e-02 3.892968595027923584e-02 5.202308669686317444e-02 1.285056117922067642e-02 1.585146971046924591e-02 4.619581624865531921e-02 3.970453143119812012e-02 9.462178498506546021e-02 6.716825813055038452e-02 9.696434251964092255e-03 1.384231634438037872e-02 2.686423994600772858e-02 1.486164890229701996e-02 2.893062680959701538e-02 3.781079500913619995e-02 4.362722113728523254e-02 3.848572261631488800e-03 1.663264073431491852e-02 3.338758647441864014e-02 1.593655347824096680e-02 5.347003787755966187e-02 1.406872831284999847e-02 2.831988036632537842e-03 2.710424549877643585e-02 9.870844660326838493e-04 3.113241493701934814e-02 3.457328677177429199e-02 3.144697099924087524e-02 2.973490580916404724e-02 3.996354341506958008e-02 2.748765423893928528e-02 1.266254577785730362e-02 6.187067367136478424e-03 3.136339783668518066e-02 1.416109781712293625e-02 4.912167415022850037e-02 4.401353746652603149e-02 2.857515029609203339e-02 1.991134509444236755e-02 1.596061512827873230e-02 4.803933575749397278e-02
2.277772128582000732e-02 9.318049997091293335e-03 1.865064166486263275e-02 9.247774630784988403e-02 5.173395276069641113e-01 1.213593222200870514e-02 8.496609516441822052e-03 2.239608578383922577e-02 3.651280328631401062e-02 4.815300554037094116e-02 1.704485155642032623e-02 5.209766793996095657e-03 4.762221500277519226e-02 1.207010541111230850e-02 1.496926043182611465e-02 2.234485372900962830e-02 1.875123009085655212e-03 5.523641780018806458e-02 6.367824971675872803e-02 2.677016146481037140e-02 2.086396142840385437e-02 3.765526413917541504e-02 9.165056049823760986e-03 1.914732158184051514e-02 1.001755055040121078e-02 1.223207637667655945e-02 3.934352099895477295e-02 2.317915111780166626e-02 2.875434607267379761e-02 4.903968423604965210e-02 1.775770820677280426e-02 4.836074076592922211e-03 3.162650391459465027e-02 1.155933178961277008e-02 2.922159992158412933e-02 3.971748799085617065e-02 3.140426997561007738e-06 3.232980379834771156e-03 4.914926830679178238e-03 1.668268628418445587e-02 4.950312152504920959e-02 3.592048585414886475e-02 1.507460884749889374e-02 3.966118022799491882e-02 1.972898095846176147e-02 2.745253266766667366e-03 2.886110730469226837e-02 1.899379678070545197e-02 2.949585393071174622e-02 4.202570393681526184e-02 3.383366391062736511e-02 8.230702951550483704e-03 1.415291521698236465e-02 3.436432778835296631e-02 2.367995865643024445e-02 4.861557483673095703e-02 2.814827114343643188e-02 1.929253526031970978e-02 9.622622164897620678e-04 4.227633401751518250e-02 5.274096503853797913e-02 1.894047250971198082e-03 4.122564941644668579e-02 5.549236014485359192e-02 3.628794103860855103e-02 4.297553002834320068e-02 2.501609735190868378e-03 1.431244984269142151e-02 4.662114009261131287e-02 3.194029256701469421e-02 4.792793840169906616e-02 3.992589563131332397e-02 3.423445299267768860e-02 4.946496803313493729e-03 6.481193006038665771e-02 1.672333292663097382e-02 5.628610402345657349e-02 3.771506622433662415e-02 1.026160828769207001e-02 1.412017084658145905e-02 1.054059248417615891e-02 2.125102793797850609e-03 9.400473535060882568e-02 1.172926127910614014e-01 2.233831211924552917e-02 5.117262713611125946e-03 4.186272155493497849e-03 4.809114709496498108e-02 7.756234612315893173e-03 4.061609134078025818e-02 1.012981869280338287e-02 1.556098368018865585e-02 1.255283411592245102e-02 5.075247585773468018e-02 3.941814601421356201e-02 2.245328761637210846e-02 4.425412509590387344e-03 1.958653889596462250e-02 4.152041394263505936e-03 1.838850229978561401e-02 4.798620194196701050e-02 6.004046276211738586e-02 2.360569313168525696e-02 5.273083597421646118e-02 3.922822698950767517e-02 1.082626264542341232e-02 2.083821780979633331e-02 9.343318641185760498e-03 4.682468995451927185e-02 5.608069524168968201e-02 4.915882274508476257e-02 3.161468543112277985e-03 4.936705529689788818e-02 2.144375117495656013e-03 1.197125297039747238e-02 4.503079503774642944e-02
9.017108380794525146e-02 5.944116413593292236e-02 1.137774437665939331e-02 1.052204519510269165e-02 1.213593222200870514e-02 5.130895972251892090e-01 9.876137971878051758e-02 4.408490285277366638e-02 2.173701673746109009e-02 6.294223479926586151e-03 6.733199208974838257e-02 2.207224257290363312e-02 4.758290201425552368e-02 5.371273308992385864e-02 2.785673178732395172e-02 5.313687771558761597e-02 4.922479018568992615e-02 3.046877309679985046e-02 3.185002878308296204e-02 4.329398646950721741e-02 1.896218769252300262e-02 6.142796482890844345e-03 4.067471995949745178e-02 5.364369601011276245e-02 1.100137736648321152e-02 1.919580064713954926e-02 2.743284776806831360e-02 4.878334701061248779e-02 4.174095112830400467e-03 2.009878866374492645e-02 6.516098976135253906e-03 4.593735188245773315e-02 4.006633907556533813e-02 2.026165835559368134e-02 6.433429662138223648e-03 6.426711380481719971e-02 3.884210949763655663e-03 5.457397201098501682e-04 4.618523269891738892e-02 2.089675329625606537e-02 1.460339222103357315e-02 9.198540821671485901e-03 6.083461642265319824e-02 4.274854809045791626e-02 4.911834374070167542e-02 3.381085768342018127e-02 4.192743822932243347e-02 2.423507347702980042e-02 3.433378785848617554e-02 8.510970324277877808e-02 9.583423525327816606e-05 2.278103865683078766e-02 4.055808484554290771e-02 2.816717326641082764e-02 9.121210128068923950e-02 6.830697506666183472e-02 6.714774295687675476e-03 4.204180091619491577e-02 4.101482406258583069e-02 2.101747132837772369e-02 5.375285167247056961e-03 4.780517891049385071e-02 1.999964471906423569e-03 1.899623498320579529e-02 3.117741318419575691e-03 2.351009100675582886e-02 2.767578698694705963e-02 2.139343321323394775e-02 2.276443317532539368e-02 1.726950891315937042e-02 2.909722179174423218e-02 2.996153896674513817e-03 2.793289162218570709e-02 3.865169361233711243e-02 2.414697036147117615e-02 5.189862847328186035e-02 5.305004492402076721e-02 4.675341397523880005e-02 4.288433492183685303e-02 3.054548427462577820e-02 1.849109306931495667e-02 2.790247090160846710e-02 1.508968044072389603e-02 4.251223802566528320e-02 5.698009394109249115e-03 1.157787442207336426e-02 1.573476823978126049e-03 3.585801227018237114e-03 8.366234600543975830e-02 2.834985964000225067e-02 4.843693971633911133e-02 2.594649791717529297e-02 7.838101126253604889e-03 1.841777749359607697e-02 2.814650721848011017e-02 1.282165478914976120e-02 1.747935265302658081e-02 1.445014309138059616e-02 2.799162454903125763e-02 2.819439163431525230e-03 1.760342158377170563e-02 1.840677298605442047e-02 4.711149260401725769e-02 8.681073784828186035e-03 4.990307241678237915e-02 3.012102656066417694e-02 1.673262193799018860e-02 3.812895715236663818e-02 3.092351369559764862e-02 2.412873506546020508e-02 1.138382963836193085e-02 1.523063052445650101e-02 2.734660357236862183e-02 4.552057012915611267e-02 2.906803786754608154e-02 2.711194567382335663e-02
3.273070976138114929e-02 4.748273640871047974e-02 8.236118010245263577e-04 3.088026680052280426e-02 8.496609516441822052e-03 9.876137971878051758e-02 5.090426802635192871e-01 1.504977047443389893e-02 1.076925266534090042e-02 1.222605910152196884e-02 4.158636555075645447e-02 5.899870768189430237e-02 4.002233967185020447e-02 1.645475998520851135e-02 2.327216602861881256e-02 4.530876129865646362e-02 4.254154860973358154e-02 1.783898845314979553e-02 2.163451723754405975e-02 1.499519124627113342e-02 5.128316208720207214e-02 1.973965577781200409e-02 2.180169336497783661e-02 5.275766178965568542e-02 2.780155651271343231e-02 2.525620395317673683e-03 4.096185043454170227e-02 6.556070595979690552e-02 3.899757191538810730e-02 5.005546659231185913e-02 4.470112547278404236e-02 1.614558324217796326e-02 2.277149446308612823e-02 4.729955643415451050e-02 5.171369761228561401e-02 3.779219090938568115e-02 5.529455374926328659e-04 5.406313762068748474e-02 4.854958131909370422e-02 5.602842196822166443e-02 7.094886619597673416e-03 2.008426189422607422e-02 7.323963195085525513e-02 2.756642550230026245e-02 1.183414179831743240e-02 2.824099175631999969e-02 9.412553161382675171e-02 5.258845910429954529e-02 3.212865814566612244e-02 1.616569049656391144e-02 2.973374910652637482e-02 2.825595438480377197e-02 2.181334793567657471e-02 4.031969606876373291e-02 2.740268036723136902e-02 2.048102673143148422e-03 2.437462843954563141e-02 3.020663373172283173e-02 5.172989517450332642e-02 1.679096557199954987e-02 9.756748564541339874e-03 2.666955627501010895e-02 3.571726754307746887e-02 8.595697581768035889e-03 2.754476666450500488e-02 1.167406793683767319e-02 1.474425010383129120e-02 1.425413414835929871e-02 3.743700683116912842e-02 1.892764680087566376e-02 4.202452301979064941e-02 3.323300043120980263e-03 4.463326651602983475e-03 5.803384818136692047e-03 1.094550476409494877e-03 4.776798188686370850e-03 4.939652979373931885e-02 4.809367284178733826e-02 3.768302127718925476e-02 3.464376181364059448e-02 1.153933815658092499e-02 6.716383993625640869e-02 3.398656472563743591e-02 4.749053344130516052e-02 3.392723575234413147e-02 3.877885756082832813e-04 3.970835357904434204e-03 5.429074168205261230e-02 5.265980958938598633e-02 1.926767290569841862e-03 1.876765862107276917e-02 3.179346397519111633e-02 6.753487978130578995e-03 5.245475098490715027e-03 8.086990565061569214e-03 3.353749215602874756e-02 5.262497812509536743e-02 5.366058275103569031e-02 1.334560569375753403e-02 6.659529637545347214e-03 1.256548520177602768e-02 4.079642146825790405e-02 2.348062396049499512e-02 5.419638473540544510e-03 2.925886958837509155e-02 4.810094088315963745e-02 7.449238561093807220e-03 8.597617968916893005e-03 3.591665253043174744e-02 2.448424510657787323e-02 1.774230971932411194e-02 3.142749145627021790e-02 5.464966408908367157e-03 3.699537599459290504e-03 3.155610710382461548e-02 4.777658358216285706e-02
1.260341517627239227e-02 4.663881286978721619e-02 3.388661518692970276e-02 2.760704420506954193e-02 2.239608578383922577e-02 4.408490285277366638e-02 1.504977047443389893e-02 5.005623102188110352e-01 5.343268439173698425e-02 2.655748650431632996e-02 5.117797851562500000e-02 1.051756646484136581e-02 6.954480707645416260e-02 2.878580801188945770e-02 6.569108366966247559e-02 2.059623040258884430e-02 2.085354365408420563e-02 4.156523197889328003e-02 4.448177665472030640e-02 4.100530967116355896e-02 2.547347918152809143e-02 6.089520826935768127e-02 1.484217005781829357e-03 1.820835634134709835e-03 3.578667715191841125e-02 3.007236123085021973e-02 2.712310664355754852e-02 1.749995723366737366e-02 6.706287618726491928e-03 6.329625379294157028e-03 5.352878011763095856e-03 3.679696843028068542e-02 4.854006227105855942e-03 3.431174531579017639e-02 4.601754620671272278e-02 9.432404302060604095e-03 7.774575613439083099e-03 5.953115597367286682e-02 1.678946614265441895e-02 1.264129858464002609e-02 1.810400560498237610e-02 6.376357283443212509e-03 9.576790966093540192e-03 4.421648010611534119e-02 1.277469191700220108e-02 2.051212452352046967e-02 1.079865731298923492e-02 3.671601414680480957e-02 3.610758483409881592e-02 1.268542185425758362e-02 2.919754385948181152e-02 2.892696857452392578e-02 2.070575766265392303e-02 3.044851357117295265e-03 1.010834146291017532e-02 2.832797123119235039e-03 4.928174242377281189e-02 1.252054609358310699e-02 3.575366735458374023e-02 3.602877259254455566e-02 2.680240431800484657e-03 2.939155325293540955e-02 3.645549528300762177e-03 1.630598120391368866e-02 6.446018815040588379e-04 3.204192221164703369e-02 1.672574318945407867e-02 1.089931186288595200e-02 4.186640307307243347e-02 4.358143731951713562e-02 3.643153700977563858e-03 4.417280107736587524e-02 3.413223847746849060e-02 6.329442840069532394e-03 1.159215113148093224e-03 1.206365297548472881e-03 3.768496960401535034e-02 3.509757667779922485e-02 2.736715041100978851e-02 1.321583893150091171e-02 1.245086938142776489e-01 1.186881959438323975e-01 4.279974475502967834e-02 1.473762188106775284e-02 3.100014291703701019e-03 2.398376911878585815e-02 7.606861740350723267e-02 1.052409783005714417e-01 1.824911870062351227e-02 1.955623365938663483e-02 1.385312434285879135e-02 2.845112234354019165e-03 8.729144930839538574e-03 2.891091397032141685e-03 8.185328915715217590e-03 2.911380724981427193e-03 2.184403687715530396e-02 9.004475548863410950e-03 1.960431411862373352e-02 4.430394247174263000e-02 3.357692062854766846e-02 3.945646807551383972e-02 1.312433648854494095e-02 4.869520291686058044e-02 3.045627474784851074e-02 4.864797741174697876e-02 2.743086777627468109e-02 9.362841024994850159e-03 1.373470667749643326e-02 1.950179226696491241e-02 3.909650817513465881e-02 4.967458173632621765e-02 1.319480687379837036e-02 4.122445359826087952e-02 1.601763442158699036e-02 1.188917830586433411e-02
4.117520898580551147e-02 3.653940930962562561e-02 1.658566668629646301e-02 2.057416364550590515e-02 3.651280328631401062e-02 2.173701673746109009e-02 1.076925266534090042e-02 5.343268439173698425e-02 5.286338925361633301e-01 7.926885783672332764e-02 2.760634198784828186e-02 4.350746050477027893e-02 3.037240821868181229e-03 3.899152949452400208e-02 5.085486546158790588e-02 1.407569088041782379e-02 3.683428093791007996e-02 1.559672597795724869e-02 1.266346499323844910e-02 4.482717439532279968e-02 1.995332166552543640e-02 2.994614653289318085e-02 4.526986926794052124e-02 3.406759351491928101e-02 2.390014473348855972e-03 1.018150523304939270e-02 3.357256576418876648e-02 1.866019330918788910e-02 2.839702740311622620e-02 7.927777245640754700e-03 3.494132542982697487e-03 5.151519179344177246e-02 3.463737294077873230e-02 5.052102729678153992e-02 7.207578048110008240e-03 4.932168498635292053e-02 2.842155285179615021e-02 1.708225160837173462e-02 3.430764749646186829e-02 4.807633906602859497e-02 1.697958447039127350e-02 5.944817140698432922e-02 5.496359243988990784e-02 3.166950494050979614e-02 9.337052702903747559e-03 6.501807831227779388e-03 3.911845758557319641e-02 3.398911282420158386e-02 2.353887632489204407e-02 4.881626740097999573e-02 5.013683810830116272e-02 3.781499713659286499e-02 4.378708451986312866e-02 4.214791953563690186e-02 3.270979970693588257e-02 3.398493677377700806e-02 1.211681123822927475e-02 2.004199847579002380e-02 3.491906821727752686e-02 2.507791481912136078e-02 5.222165212035179138e-02 2.455427870154380798e-02 2.822721377015113831e-02 3.561814501881599426e-02 3.393866121768951416e-03 4.835812747478485107e-02 4.509739205241203308e-02 1.101300679147243500e-02 4.101426154375076294e-02 4.703680053353309631e-02 2.872443571686744690e-02 2.966719120740890503e-02 1.801997795701026917e-02 2.931955270469188690e-02 4.425223916769027710e-02 2.784676477313041687e-02 5.649560317397117615e-02 6.584026664495468140e-02 3.965039923787117004e-02 3.792319819331169128e-02 2.467157691717147827e-02 1.182288303971290588e-02 4.770896956324577332e-02 3.021939285099506378e-02 1.220342051237821579e-02 3.857460804283618927e-03 4.446766152977943420e-02 5.151876434683799744e-02 2.064626663923263550e-02 1.691585779190063477e-02 5.891551263630390167e-03 7.235790137201547623e-03 4.896147921681404114e-02 3.257365524768829346e-02 2.113453671336174011e-02 3.173207119107246399e-02 4.575359821319580078e-02 9.880748577415943146e-03 6.066577881574630737e-02 5.466044694185256958e-02 1.970321126282215118e-02 1.910275593400001526e-02 5.484458524733781815e-03 2.932712435722351074e-02 1.622649282217025757e-02 2.508168108761310577e-02 2.649240382015705109e-02 7.453752215951681137e-03 2.090990543365478516e-02 6.533823907375335693e-04 1.692537032067775726e-02 2.614110149443149567e-02 7.938505150377750397e-03 3.387432545423507690e-02 3.044331632554531097e-02 1.958714239299297333e-02
3.557970747351646423e-02 1.150433812290430069e-02 8.889364078640937805e-03 3.322556614875793457e-02 4.815300554037094116e-02 6.294223479926586151e-03 1.222605910152196884e-02 2.655748650431632996e-02 7.926885783672332764e-02 5.231199860572814941e-01 2.548895031213760376e-02 3.871720656752586365e-02 1.495801471173763275e-02 2.706218219827860594e-05 4.909474030137062073e-02 5.138763226568698883e-03 4.628864303231239319e-02 8.160590194165706635e-03 3.072579018771648407e-02 1.107237394899129868e-02 9.650846943259239197e-03 5.059055984020233154e-02 2.381355687975883484e-02 2.282931841909885406e-02 4.596694186329841614e-02 3.914315253496170044e-02 4.218290001153945923e-02 8.270682767033576965e-03 3.932052850723266602e-02 2.194513753056526184e-02 3.965187817811965942e-02 3.864235803484916687e-02 1.339672040194272995e-02 3.131670877337455750e-02 3.119802288711071014e-02 3.955195471644401550e-02 2.191655896604061127e-02 2.611456066370010376e-02 1.165875978767871857e-02 3.215207904577255249e-02 6.482209544628858566e-03 4.789274185895919800e-02 4.726356267929077148e-02 4.642347246408462524e-02 2.031444944441318512e-02 7.099822629243135452e-03 2.052174694836139679e-02 2.391860634088516235e-02 8.071017451584339142e-03 6.549404561519622803e-02 7.344714552164077759e-02 2.218481525778770447e-02 3.914889693260192871e-02 2.400067821145057678e-02 3.070865571498870850e-02 4.603380337357521057e-02 2.550084330141544342e-02 5.141496658325195312e-02 3.779568895697593689e-02 3.335545584559440613e-02 4.698272049427032471e-02 3.560788929462432861e-02 1.218005269765853882e-02 4.142397269606590271e-02 3.120702691376209259e-02 2.701716870069503784e-02 1.870361156761646271e-02 1.131523866206407547e-02 3.884558752179145813e-02 2.968920581042766571e-02 7.075345516204833984e-02 1.890933699905872345e-02 4.376895353198051453e-02 8.968787267804145813e-03 5.097575113177299500e-02 3.979443386197090149e-02 4.080194607377052307e-02 8.919242024421691895e-02 3.280889987945556641e-02 3.742176666855812073e-02 1.368724624626338482e-03 2.230552397668361664e-02 3.611112013459205627e-02 4.086163267493247986e-02 5.402882769703865051e-02 1.873291842639446259e-02 3.278291551396250725e-03 3.410349413752555847e-02 4.957468435168266296e-02 3.408037126064300537e-02 1.004960387945175171e-02 1.786790788173675537e-02 3.644630685448646545e-02 4.326050728559494019e-02 1.296516228467226028e-02 6.395272910594940186e-03 5.830329284071922302e-02 1.288658659905195236e-02 1.984202675521373749e-02 3.524872288107872009e-02 3.512560576200485229e-02 2.345643192529678345e-02 2.232569037005305290e-03 4.046921385452151299e-04 1.436986401677131653e-02 4.888914525508880615e-02 4.552354663610458374e-02 2.318442799150943756e-02 4.037021473050117493e-02 2.351865358650684357e-02 1.067433226853609085e-02 1.967068575322628021e-02 2.100263535976409912e-02 4.056848585605621338e-02 2.270202850922942162e-03 3.299390524625778198e-02
9.270001202821731567e-02 9.254785627126693726e-02 4.297145083546638489e-02 4.437138885259628296e-02 1.704485155642032623e-02 6.733199208974838257e-02 4.158636555075645447e-02 5.117797851562500000e-02 2.760634198784828186e-02 2.548895031213760376e-02 5.145492553710937500e-01 1.307617686688899994e-02 1.274420022964477539e-01 1.842540316283702850e-02 3.144396841526031494e-02 3.083491697907447815e-02 3.683337569236755371e-02 1.741059124469757080e-02 1.945533789694309235e-02 1.429868768900632858e-02 3.274458274245262146e-02 9.457440115511417389e-03 1.489382702857255936e-04 2.790330722928047180e-02 3.914391621947288513e-02 1.076880004256963730e-02 1.850107870995998383e-02 2.067772485315799713e-02 4.831451550126075745e-02 4.829537495970726013e-02 2.192880213260650635e-02 3.542923927307128906e-02 2.725844271481037140e-02 3.577543050050735474e-02 1.455531641840934753e-02 2.251563034951686859e-02 1.400331873446702957e-02 4.714389145374298096e-02 5.002491548657417297e-02 2.566903084516525269e-02 7.800021674484014511e-03 7.910290732979774475e-03 1.748930290341377258e-02 9.602095186710357666e-02 2.712000533938407898e-02 2.366736344993114471e-02 6.068390607833862305e-02 1.836185529828071594e-02 3.624453768134117126e-02 6.006992980837821960e-02 3.062978619709610939e-03 1.880284631624817848e-03 3.672542423009872437e-02 2.642637817189097404e-03 6.879556924104690552e-02 4.766355454921722412e-02 2.255747281014919281e-02 5.362078547477722168e-03 1.595363952219486237e-03 2.873288653790950775e-02 1.391699537634849548e-02 2.014853991568088531e-02 2.045261673629283905e-03 3.873691335320472717e-02 4.560404643416404724e-02 5.578856449574232101e-03 2.693673782050609589e-02 2.093459293246269226e-02 4.586431011557579041e-02 3.394798561930656433e-02 2.528791129589080811e-02 1.531283091753721237e-02 3.453163430094718933e-02 4.064256325364112854e-02 3.612003102898597717e-02 4.672207310795783997e-02 2.237414754927158356e-02 7.371946703642606735e-04 5.073319189250469208e-03 3.363326936960220337e-02 4.324740543961524963e-02 4.832136258482933044e-02 4.146238043904304504e-02 1.757279969751834869e-02 1.817036420106887817e-02 3.350871801376342773e-02 3.536509722471237183e-02 4.200734570622444153e-02 1.528868917375802994e-02 2.781667746603488922e-02 1.717330887913703918e-02 1.148027088493108749e-02 2.371233329176902771e-02 7.155658211559057236e-03 1.214614836499094963e-03 4.266727343201637268e-02 5.631560459733009338e-02 2.793635055422782898e-02 2.984978072345256805e-02 2.522057294845581055e-02 3.902684897184371948e-02 3.629931062459945679e-02 4.331318289041519165e-02 8.362083695828914642e-03 1.184055767953395844e-02 1.241895463317632675e-02 3.471502289175987244e-02 4.427939280867576599e-02 2.284505590796470642e-02 2.912800572812557220e-02 2.985430764965713024e-04 4.034992307424545288e-02 4.552753642201423645e-03 1.250227354466915131e-02 2.535798819735646248e-03 4.422970116138458252e-02
2.485278062522411346e-02 2.951445803046226501e-02 6.352600455284118652e-02 1.825478300452232361e-02 5.209766793996095657e-03 2.207224257290363312e-02 5.899870768189430237e-02 1.051756646484136581e-02 4.350746050477027893e-02 3.871720656752586365e-02 1.307617686688899994e-02 5.110551714897155762e-01 5.232293903827667236e-02 1.209479719400405884e-01 4.362757131457328796e-02 3.231432661414146423e-02 4.618766531348228455e-02 8.543234318494796753e-03 2.061444148421287537e-02 3.014043718576431274e-02 4.407276213169097900e-02 3.899205103516578674e-02 1.899120025336742401e-02 6.950368639081716537e-03 4.105558991432189941e-02 3.207841655239462852e-03 5.807307083159685135e-03 1.077890545129776001e-01 1.967338146641850471e-03 9.219525009393692017e-02 4.701197892427444458e-02 2.966590039432048798e-02 2.646977826952934265e-02 4.194422811269760132e-02 1.090408023446798325e-02 4.175167158246040344e-02 4.090225324034690857e-02 9.554277174174785614e-03 2.027415856719017029e-02 1.893607084639370441e-03 2.765954099595546722e-02 4.687405377626419067e-02 1.882994174957275391e-02 1.660331524908542633e-02 8.061929047107696533e-02 8.133554458618164062e-02 1.713517680764198303e-02 1.975842192769050598e-02 1.227075234055519104e-02 3.020673617720603943e-02 3.498590737581253052e-02 5.411084741353988647e-02 8.040319383144378662e-02 6.511722505092620850e-02 4.711312428116798401e-02 1.920278929173946381e-02 3.693311940878629684e-03 4.493521898984909058e-02 2.547924965620040894e-02 5.241215974092483521e-02 1.961504854261875153e-02 8.665438741445541382e-03 1.164386980235576630e-02 2.196453697979450226e-02 2.472303248941898346e-02 2.093138545751571655e-02 3.466147556900978088e-02 2.880454063415527344e-02 1.533964835107326508e-02 1.344099454581737518e-02 3.368731588125228882e-03 4.204322770237922668e-02 5.151113867759704590e-02 3.465842828154563904e-02 3.705571219325065613e-02 2.739584073424339294e-02 3.473088890314102173e-02 1.604499854147434235e-02 5.844740197062492371e-02 8.643745444715023041e-03 3.908297792077064514e-02 3.647904098033905029e-02 4.568118602037429810e-03 2.746880054473876953e-02 3.755197674036026001e-02 6.682067643851041794e-03 3.643336892127990723e-02 1.422354672104120255e-02 6.191289052367210388e-02 3.417794406414031982e-02 1.363616622984409332e-02 3.382562845945358276e-02 1.233948487788438797e-02 6.566737778484821320e-03 3.463148698210716248e-02 2.001015469431877136e-02 1.313635613769292831e-02 3.426181152462959290e-02 9.015408344566822052e-03 2.547765523195266724e-02 3.732031583786010742e-02 3.339007496833801270e-02 2.348702168092131615e-03 3.487671166658401489e-02 7.187044247984886169e-04 3.399727493524551392e-02 2.294004335999488831e-02 1.408215379342436790e-03 5.236946418881416321e-02 2.025133371353149414e-02 4.936617612838745117e-02 7.339705247431993484e-03 3.784306347370147705e-02 1.625578477978706360e-02 1.778693683445453644e-02 6.275797262787818909e-03
7.364477962255477905e-02 1.046127304434776306e-01 1.292747817933559418e-02 4.009360447525978088e-02 4.762221500277519226e-02 4.758290201425552368e-02 4.002233967185020447e-02 6.954480707645416260e-02 3.037240821868181229e-03 1.495801471173763275e-02 1.274420022964477539e-01 5.232293903827667236e-02 5.104241967201232910e-01 2.124499157071113586e-02 2.896163985133171082e-02 4.214665666222572327e-02 2.847102470695972443e-02 2.833806537091732025e-02 3.999349474906921387e-02 2.699994295835494995e-02 4.128099232912063599e-02 5.189910996705293655e-03 2.828510664403438568e-02 5.185403674840927124e-02 1.100354269146919250e-02 1.668827421963214874e-02 2.053640969097614288e-02 2.609692327678203583e-02 1.475040148943662643e-02 1.238737162202596664e-02 5.166241526603698730e-02 4.541507363319396973e-02 4.449377581477165222e-02 3.013419918715953827e-02 1.589704304933547974e-02 7.330787926912307739e-02 4.400549456477165222e-02 2.502088434994220734e-02 2.586335875093936920e-02 2.580070123076438904e-02 1.370597165077924728e-02 4.935808479785919189e-02 3.839288651943206787e-02 6.219930946826934814e-02 9.779770858585834503e-03 3.430819138884544373e-02 4.968926683068275452e-02 9.344006888568401337e-03 1.618682406842708588e-02 3.540413826704025269e-02 4.089279100298881531e-02 4.105836525559425354e-02 6.817055400460958481e-03 5.387402698397636414e-02 4.475367814302444458e-02 5.272695794701576233e-02 3.839285299181938171e-02 1.711750403046607971e-02 6.955813150852918625e-03 1.835196278989315033e-02 3.473711013793945312e-02 1.872960105538368225e-02 3.674651379697024822e-04 2.865928038954734802e-02 3.148842370137572289e-03 8.819421054795384407e-04 1.606968231499195099e-02 4.797110334038734436e-03 2.299802005290985107e-02 2.720017358660697937e-02 2.185387909412384033e-02 5.877796187996864319e-02 4.068896174430847168e-02 3.015121445059776306e-02 1.182003132998943329e-02 1.126248296350240707e-02 3.755182772874832153e-02 3.533070906996726990e-02 4.319985583424568176e-02 1.970780268311500549e-02 5.485522706294432282e-05 3.279828280210494995e-02 3.383532539010047913e-02 1.732778176665306091e-02 2.236514538526535034e-02 2.851598709821701050e-02 2.954367361962795258e-02 3.410018607974052429e-02 1.451294962316751480e-02 2.210625633597373962e-02 1.599632203578948975e-02 5.585891380906105042e-02 1.361098722554743290e-03 8.198133669793605804e-03 1.577577739953994751e-02 5.288432538509368896e-02 4.057016968727111816e-02 2.065652795135974884e-02 3.064139932394027710e-02 2.393011748790740967e-02 1.769853383302688599e-02 1.672815717756748199e-02 2.945575304329395294e-02 4.096719436347484589e-03 1.774132810533046722e-02 2.359586022794246674e-02 2.027356997132301331e-02 1.298927608877420425e-02 3.087881766259670258e-02 2.176481485366821289e-02 2.168792486190795898e-02 3.324356675148010254e-02 4.798076301813125610e-02 9.286747314035892487e-03 5.112110078334808350e-02 4.033050686120986938e-02
