4.577939212322235107e-01 1.340311169624328613e-01 9.559697471559047699e-03 4.723367467522621155e-02 1.076284516602754593e-02 1.209916025400161743e-01 4.340938478708267212e-02 3.604671731591224670e-02 7.043238263577222824e-03 6.280043628066778183e-03 1.307418644428253174e-01 1.622461341321468353e-02 9.536524862051010132e-02 2.579156868159770966e-02 7.062100619077682495e-02 3.420728445053100586e-02 2.903562225401401520e-02 5.857198964804410934e-03 5.947486031800508499e-03 5.137138534337282181e-03 4.506633616983890533e-03 1.508877333253622055e-02 3.923178836703300476e-02 4.369658604264259338e-02 6.701443810015916824e-03 1.617755927145481110e-02 2.582920715212821960e-02 3.515100106596946716e-02 5.212172865867614746e-02 9.383280761539936066e-03 4.096993058919906616e-02 2.987584564834833145e-03 2.404222637414932251e-02 1.775521039962768555e-02 1.910935156047344208e-02 2.721748314797878265e-02 4.984381049871444702e-02 2.380316611379384995e-03 2.026956900954246521e-02 4.649427533149719238e-02 3.868713509291410446e-03 4.171510040760040283e-02 1.205181702971458435e-02 2.847708575427532196e-02 4.126508906483650208e-02 1.768678613007068634e-02 8.630579337477684021e-03 4.424325376749038696e-02 1.914819888770580292e-02 2.888056263327598572e-02 3.307134285569190979e-02 1.972304657101631165e-02 1.900678128004074097e-02 3.092118725180625916e-02 4.123447835445404053e-02 1.346916239708662033e-02 6.267884746193885803e-03 2.732424996793270111e-02 6.918568164110183716e-02 6.207817420363426208e-02 4.538332298398017883e-02 8.684134110808372498e-03 1.113537140190601349e-02 4.698853194713592529e-02 4.192188009619712830e-02 5.222531780600547791e-02 2.890935633331537247e-03 4.068529605865478516e-02 2.547075226902961731e-02 4.524844698607921600e-03 4.118211567401885986e-02 3.111883066594600677e-02 2.828187774866819382e-03 1.420049928128719330e-02 1.618307270109653473e-02 1.846778765320777893e-02 4.575395584106445312e-02 4.078681394457817078e-02 3.569893911480903625e-02 1.577853597700595856e-02 4.723383486270904541e-02 2.700888365507125854e-02 4.346174001693725586e-02 1.966986432671546936e-02 4.708521813154220581e-02 3.530900552868843079e-02 3.556224703788757324e-02 3.739864006638526917e-02 9.564545750617980957e-02 1.261966023594141006e-02 1.120319007895886898e-03 2.639112295582890511e-03 3.690348565578460693e-02 4.413198679685592651e-03 1.115467821364291012e-04 1.532653998583555222e-02 3.393321484327316284e-02 7.151162135414779186e-04 4.349371418356895447e-02 4.121658578515052795e-02 7.436770014464855194e-03 3.178829094395041466e-03 4.100000858306884766e-02 8.967908099293708801e-03 1.688585430383682251e-02 7.985705509781837463e-03 1.122092828154563904e-03 2.035368792712688446e-02 1.659908145666122437e-02 4.537227004766464233e-02 2.565208822488784790e-02 3.317479044198989868e-02 6.033856421709060669e-03 1.934405067004263401e-03 4.312407970428466797e-02 2.222286537289619446e-02
1.340311169624328613e-01 4.605100452899932861e-01 3.680061781778931618e-03 1.188552659004926682e-02 4.554748535156250000e-02 8.267673105001449585e-02 8.352304995059967041e-02 3.834145888686180115e-02 1.926803216338157654e-02 7.471782155334949493e-03 8.737315982580184937e-02 7.917025126516819000e-03 1.267645955085754395e-01 5.551130510866641998e-03 1.426268927752971649e-02 1.203817781060934067e-03 4.128868691623210907e-03 2.761759422719478607e-02 4.869518801569938660e-02 2.688214182853698730e-03 2.522558532655239105e-02 3.428134135901927948e-03 1.841893233358860016e-02 3.481362760066986084e-02 1.512433495372533798e-02 2.886855415999889374e-02 4.543919116258621216e-02 1.149473898112773895e-02 5.022848397493362427e-02 1.275325007736682892e-02 2.835255814716219902e-03 3.838733583688735962e-02 1.568970829248428345e-02 2.435677219182252884e-03 2.316808886826038361e-02 6.351260095834732056e-02 7.195726968348026276e-03 1.567007042467594147e-02 2.294964715838432312e-02 4.167324397712945938e-03 4.064669460058212280e-02 3.629818931221961975e-02 6.107449065893888474e-03 2.916451543569564819e-02 8.936939761042594910e-03 6.930136121809482574e-03 2.662927843630313873e-02 4.784454125910997391e-03 4.373947530984878540e-02 4.167720302939414978e-02 3.035996668040752411e-02 4.065805673599243164e-02 2.221347019076347351e-02 5.709104239940643311e-03 1.651979424059391022e-02 5.136698484420776367e-03 1.391287078149616718e-03 3.330411855131387711e-03 2.419822104275226593e-02 3.920714929699897766e-02 5.722640780732035637e-04 4.106909967958927155e-03 7.981377653777599335e-03 5.770878866314888000e-02 1.733683608472347260e-02 4.597540199756622314e-02 1.080164127051830292e-02 9.052986279129981995e-03 3.214427083730697632e-02 3.443140164017677307e-02 2.625316614285111427e-03 5.266948044300079346e-02 1.177064236253499985e-02 5.447309813462197781e-04 3.075964376330375671e-02 5.225318670272827148e-02 4.172346740961074829e-02 5.058941245079040527e-02 3.247504355385899544e-03 4.897781088948249817e-02 5.095463618636131287e-02 2.613636292517185211e-02 1.643057167530059814e-02 4.866591095924377441e-02 2.970521338284015656e-02 5.332562327384948730e-02 1.930591650307178497e-02 2.985776215791702271e-02 4.825620912015438080e-03 5.089320242404937744e-02 1.746764779090881348e-02 3.304110467433929443e-02 2.262466028332710266e-02 7.561916951090097427e-03 1.079800352454185486e-02 4.355594888329505920e-02 3.530519548803567886e-03 1.169371418654918671e-02 4.649094119668006897e-02 5.203638225793838501e-02 7.762444205582141876e-03 1.916688052006065845e-03 8.964094333350658417e-03 1.312816422432661057e-02 3.615101799368858337e-02 2.567332796752452850e-02 2.155780233442783356e-02 2.690400741994380951e-02 1.308592036366462708e-02 1.460136007517576218e-02 1.716937869787216187e-02 3.641235828399658203e-02 4.103746637701988220e-02 2.009025588631629944e-02 3.822836559265851974e-03 5.326807498931884766e-03
9.559697471559047699e-03 3.680061781778931618e-03 4.578472971916198730e-01 5.645471159368753433e-03 1.597838662564754486e-02 3.540924284607172012e-03 1.501751411706209183e-02 1.175661459565162659e-01 2.033529803156852722e-02 2.380054071545600891e-02 3.086601383984088898e-02 1.563494466245174408e-02 2.252126671373844147e-02 3.932908549904823303e-02 1.736176572740077972e-02 2.386995591223239899e-02 7.836365140974521637e-03 1.045459602028131485e-02 4.518033936619758606e-02 2.923828549683094025e-02 4.258850123733282089e-03 3.943822160363197327e-02 3.137878701090812683e-02 1.042987406253814697e-02 1.036904519423842430e-03 7.771319942548871040e-04 2.031639032065868378e-02 3.915529325604438782e-02 2.783424779772758484e-02 4.010578989982604980e-02 4.804585874080657959e-02 3.181799780577421188e-03 5.444041639566421509e-02 5.773860961198806763e-02 4.284536838531494141e-02 1.433415524661540985e-02 4.502373188734054565e-02 5.210571456700563431e-03 2.638554899021983147e-03 5.429563298821449280e-02 1.842504250817000866e-03 1.907293684780597687e-02 1.624996028840541840e-02 8.028021454811096191e-02 5.964850541204214096e-03 5.110808089375495911e-02 2.184808067977428436e-02 1.502176746726036072e-02 5.425364151597023010e-02 3.743948880583047867e-03 4.401280079036951065e-03 1.410422846674919128e-02 3.365351632237434387e-02 1.374128554016351700e-02 1.257807482033967972e-02 3.330316022038459778e-02 1.311386004090309143e-02 8.234287612140178680e-03 3.542201593518257141e-02 8.137599215842783451e-04 4.739753901958465576e-03 2.239202708005905151e-02 3.427572175860404968e-02 2.764370664954185486e-02 2.745339274406433105e-02 2.140663377940654755e-02 3.795827180147171021e-02 1.414190046489238739e-02 7.861841470003128052e-03 2.594223618507385254e-02 1.053960900753736496e-02 6.970162503421306610e-03 1.329759601503610611e-03 5.337733309715986252e-03 8.931534364819526672e-03 9.417213499546051025e-03 2.362710051238536835e-02 1.076933462172746658e-02 4.348633810877799988e-02 1.712150499224662781e-02 1.129736602306365967e-01 6.777242571115493774e-02 4.503830149769783020e-02 4.262704169377684593e-04 1.220653019845485687e-02 3.218247741460800171e-02 3.588586114346981049e-03 2.919059433043003082e-02 4.382120817899703979e-02 1.190210785716772079e-02 5.927100405097007751e-02 5.184527020901441574e-03 2.954894304275512695e-02 2.748814970254898071e-02 1.076945848762989044e-02 4.242331534624099731e-02 1.486297417432069778e-02 1.795532181859016418e-02 7.018557749688625336e-03 5.861244164407253265e-03 3.754651919007301331e-02 3.731292113661766052e-02 2.695205807685852051e-02 6.075438112020492554e-03 1.286468002945184708e-02 2.947871945798397064e-02 4.524843767285346985e-02 1.997219584882259369e-02 3.944034501910209656e-02 9.308464825153350830e-03 2.435422316193580627e-02 3.191669657826423645e-02 1.718094805255532265e-03 6.285684066824615002e-04 2.795380167663097382e-02 7.401194423437118530e-03
4.723367467522621155e-02 1.188552659004926682e-02 5.645471159368753433e-03 4.516659080982208252e-01 1.936502307653427124e-01 7.222102023661136627e-03 1.171275693923234940e-02 5.926309153437614441e-03 1.818686723709106445e-02 3.417638689279556274e-02 5.473437532782554626e-02 3.846406936645507812e-02 5.369942262768745422e-02 4.700409248471260071e-02 2.596070989966392517e-02 7.487655431032180786e-02 1.346596516668796539e-02 3.201750665903091431e-02 4.536946862936019897e-02 4.754739999771118164e-02 3.170062601566314697e-02 1.247910596430301666e-02 9.405877441167831421e-03 5.146762356162071228e-03 1.256270240992307663e-02 1.501193735748529434e-02 3.200058266520500183e-02 2.452200464904308319e-02 2.985783480107784271e-02 1.028008945286273956e-02 8.355056867003440857e-03 5.367414653301239014e-02 2.489798329770565033e-02 3.190280124545097351e-02 6.744966842234134674e-03 2.045447751879692078e-02 2.492995560169219971e-02 4.151050373911857605e-02 9.840481728315353394e-02 2.786954678595066071e-02 2.032250910997390747e-02 1.607768610119819641e-02 4.742413014173507690e-02 1.135763432830572128e-02 1.701846905052661896e-02 4.251713678240776062e-02 2.855644933879375458e-02 3.752221167087554932e-02 4.264584928750991821e-02 1.110858283936977386e-02 4.295455291867256165e-02 4.313217103481292725e-02 2.034770511090755463e-02 1.763036288321018219e-02 2.132576517760753632e-02 3.555607423186302185e-02 1.290788967162370682e-02 3.032376430928707123e-02 3.570067929103970528e-03 2.113807387650012970e-02 7.227111607789993286e-02 3.884864225983619690e-02 1.836767303757369518e-03 4.621287062764167786e-02 2.535626664757728577e-02 4.019468650221824646e-02 2.147318422794342041e-02 2.024007774889469147e-02 1.657463423907756805e-02 3.751500044018030167e-03 3.202825784683227539e-02 3.740346804261207581e-02 1.130406260490417480e-01 4.859147593379020691e-03 2.851234516128897667e-03 1.914226263761520386e-02 4.826787859201431274e-02 4.054449964314699173e-03 1.636070548556745052e-03 9.261162020266056061e-03 4.488441348075866699e-02 1.471529901027679443e-02 1.307991594076156616e-01 7.283437065780162811e-03 1.292793825268745422e-02 5.905591417104005814e-03 1.571436412632465363e-02 2.211556769907474518e-03 2.783083915710449219e-02 5.019627884030342102e-02 4.977601021528244019e-02 1.971786841750144958e-02 5.259350314736366272e-02 1.543349120765924454e-02 1.773518510162830353e-02 2.165906317532062531e-02 2.621534094214439392e-02 1.465516863390803337e-03 2.851418592035770416e-02 8.327652700245380402e-03 3.776216879487037659e-02 2.692764624953269958e-02 2.889149636030197144e-02 2.300615189597010612e-03 3.242496028542518616e-02 4.015937075018882751e-02 4.583644215017557144e-03 9.957968257367610931e-03 1.716447295621037483e-03 1.520520448684692383e-02 1.066602393984794617e-02 2.390559995546936989e-03 9.621188975870609283e-03 1.337688136845827103e-02 1.418517320416867733e-03 2.629385329782962799e-02
1.076284516602754593e-02 4.554748535156250000e-02 1.597838662564754486e-02 1.936502307653427124e-01 4.532618224620819092e-01 3.120454587042331696e-02 3.069162555038928986e-02 9.163444861769676208e-03 4.893780127167701721e-02 1.663088612258434296e-02 3.438729792833328247e-03 4.454669356346130371e-02 2.528190053999423981e-02 2.298948727548122406e-02 1.047430373728275299e-02 7.128054276108741760e-03 2.378078177571296692e-02 4.563979431986808777e-02 5.337977409362792969e-02 1.270426250994205475e-02 1.429650653153657913e-02 4.549117013812065125e-02 4.823915660381317139e-03 3.893529623746871948e-02 1.195781584829092026e-02 3.046187572181224823e-02 2.816627034917473793e-03 3.620528057217597961e-02 2.640464156866073608e-02 1.464466564357280731e-02 4.195363447070121765e-02 4.944174364209175110e-02 3.307690843939781189e-02 2.496961317956447601e-02 5.001662299036979675e-02 3.613165766000747681e-02 4.256431758403778076e-02 4.290119558572769165e-02 9.720447659492492676e-02 3.898129612207412720e-02 1.736763631924986839e-03 4.009072855114936829e-02 3.225961327552795410e-02 6.195744033902883530e-03 2.910502254962921143e-02 1.655470021069049835e-02 6.066820118576288223e-03 1.661110669374465942e-02 4.095234721899032593e-02 3.038279153406620026e-02 1.374311465770006180e-02 5.444522947072982788e-03 2.337248995900154114e-02 1.149142347276210785e-02 5.628931801766157150e-03 4.285484552383422852e-03 3.145581856369972229e-02 4.404368344694375992e-03 1.922589726746082306e-02 1.952737569808959961e-02 1.822255924344062805e-02 2.680649049580097198e-03 2.098203077912330627e-02 1.088094431906938553e-02 2.974525839090347290e-02 4.762438684701919556e-02 2.000566571950912476e-02 1.754447259008884430e-02 1.797250472009181976e-02 2.072741650044918060e-02 8.160662837326526642e-03 2.934751659631729126e-02 6.239581108093261719e-02 2.886144071817398071e-02 7.694066315889358521e-02 4.447253048419952393e-02 1.979355141520500183e-02 1.555666513741016388e-02 4.265369847416877747e-02 1.707016304135322571e-02 3.302619233727455139e-02 2.546801231801509857e-02 8.382186293601989746e-02 6.848673522472381592e-02 9.962937794625759125e-03 5.033631995320320129e-02 2.891971962526440620e-03 4.865178372710943222e-03 2.330929599702358246e-02 3.391763195395469666e-02 2.682577632367610931e-02 2.718930318951606750e-02 4.091644659638404846e-02 4.739907756447792053e-02 2.284832298755645752e-02 4.731677006930112839e-03 2.072861976921558380e-02 1.243779202923178673e-03 1.977163739502429962e-02 2.107683010399341583e-02 3.614376997575163841e-03 4.799830261617898941e-03 2.032502926886081696e-02 4.889864474534988403e-02 5.662451311945915222e-02 3.944303095340728760e-02 3.422406688332557678e-02 2.119670994579792023e-02 1.688988134264945984e-02 1.065455749630928040e-01 6.126713380217552185e-02 1.528818812221288681e-02 2.304347790777683258e-02 8.259373717010021210e-03 2.222572267055511475e-02 2.255568467080593109e-02
1.209916025400161743e-01 8.267673105001449585e-02 3.540924284607172012e-03 7.222102023661136627e-03 3.120454587042331696e-02 4.660648703575134277e-01 1.600984781980514526e-01 3.021696954965591431e-02 3.606846183538436890e-02 4.273792728781700134e-02 9.030197560787200928e-02 1.882958225905895233e-02 7.011178135871887207e-02 9.255236946046352386e-03 4.674143716692924500e-02 3.105905139818787575e-03 4.023236408829689026e-02 1.849705912172794342e-02 5.333930253982543945e-02 1.715170778334140778e-02 2.165046520531177521e-02 2.196186035871505737e-02 1.733103021979331970e-02 2.376799657940864563e-02 3.393823280930519104e-02 5.276573821902275085e-02 6.881403923034667969e-02 1.317292219027876854e-03 1.630065217614173889e-02 4.105844348669052124e-02 1.903120614588260651e-02 3.547570481896400452e-02 3.159309551119804382e-02 2.980153262615203857e-02 3.336211666464805603e-02 6.301299668848514557e-03 8.134458912536501884e-04 2.928772941231727600e-02 2.571214549243450165e-02 2.486113272607326508e-02 1.126169972121715546e-02 3.562000021338462830e-02 4.740341752767562866e-02 1.311184465885162354e-02 3.023882582783699036e-02 2.521245926618576050e-02 1.029288619756698608e-01 4.452720656991004944e-02 2.911037765443325043e-02 1.721751317381858826e-02 2.117853797972202301e-02 2.317407354712486267e-02 1.892853341996669769e-02 1.752550527453422546e-02 2.110062539577484131e-02 3.927816450595855713e-02 1.450855471193790436e-02 4.040963947772979736e-02 1.423077308572828770e-03 1.644003205001354218e-02 2.875753492116928101e-02 8.786716498434543610e-03 2.269945479929447174e-02 4.561321437358856201e-02 2.153064310550689697e-02 2.416186034679412842e-02 3.315399214625358582e-02 2.913016453385353088e-02 3.387196362018585205e-02 5.937075242400169373e-02 4.674636945128440857e-02 1.722154952585697174e-02 6.697974167764186859e-03 5.867861956357955933e-02 1.094797346740961075e-02 1.601376384496688843e-02 3.889129683375358582e-02 6.234555505216121674e-03 2.492133900523185730e-02 9.371339343488216400e-03 4.668765515089035034e-02 4.101760685443878174e-02 1.092326734215021133e-02 1.429117843508720398e-02 3.461435064673423767e-02 2.794162742793560028e-02 1.902331598103046417e-02 4.407880827784538269e-02 2.588126249611377716e-02 4.204759001731872559e-02 3.545731678605079651e-02 5.239338427782058716e-02 1.775825209915637970e-02 4.531104490160942078e-02 1.485035102814435959e-02 3.865635395050048828e-02 3.245575353503227234e-02 1.016004662960767746e-02 4.652349278330802917e-02 1.113704778254032135e-02 8.179848082363605499e-03 1.502521615475416183e-02 1.419107709079980850e-02 2.196874842047691345e-02 3.033951483666896820e-02 4.568622633814811707e-02 3.649419546127319336e-02 4.702733829617500305e-03 3.144254535436630249e-02 3.372446447610855103e-02 5.168489646166563034e-03 2.751145884394645691e-02 4.785187542438507080e-02 2.973110042512416840e-02 1.556128822267055511e-02 2.088721096515655518e-02
4.340938478708267212e-02 8.352304995059967041e-02 1.501751411706209183e-02 1.171275693923234940e-02 3.069162555038928986e-02 1.600984781980514526e-01 4.517245292663574219e-01 3.901278227567672729e-02 4.401682317256927490e-02 2.197313681244850159e-02 4.712460562586784363e-02 1.820753887295722961e-02 5.862377956509590149e-02 9.319435805082321167e-02 1.217091735452413559e-02 6.374713033437728882e-03 1.668379642069339752e-02 3.547133877873420715e-02 2.751089446246623993e-02 2.260722406208515167e-02 5.156093090772628784e-02 4.774931073188781738e-02 3.120243176817893982e-02 3.554920107126235962e-02 3.119989298284053802e-02 1.348212733864784241e-02 2.173559926450252533e-02 1.756999455392360687e-02 4.746523872017860413e-02 2.766684070229530334e-02 6.816490087658166885e-03 4.717500135302543640e-02 2.864026173483580351e-04 8.433338254690170288e-03 8.050135336816310883e-03 1.963737979531288147e-02 2.189000323414802551e-02 9.614494629204273224e-04 1.970138959586620331e-02 2.767484867945313454e-03 3.544912114739418030e-02 4.643427580595016479e-02 1.134986057877540588e-02 1.522610150277614594e-02 4.275171086192131042e-02 2.200757712125778198e-02 9.460283815860748291e-02 1.191320344805717468e-01 6.260928511619567871e-02 2.679131366312503815e-02 2.403417415916919708e-02 2.175607904791831970e-02 4.016163945198059082e-02 2.903218381106853485e-02 3.184716403484344482e-02 6.991846021264791489e-04 4.647686704993247986e-02 8.843172341585159302e-03 2.192855440080165863e-02 2.123365737497806549e-02 3.931327909231185913e-02 1.111299544572830200e-02 3.673114255070686340e-02 1.523382961750030518e-02 5.971233546733856201e-02 3.355192393064498901e-02 7.019661366939544678e-03 1.239771395921707153e-02 2.149029448628425598e-02 2.264281734824180603e-03 2.972126239910721779e-03 3.036180697381496429e-02 3.214577585458755493e-02 5.585627513937652111e-04 9.744338691234588623e-03 4.287542030215263367e-02 1.603158563375473022e-02 3.970157727599143982e-02 6.702791899442672729e-02 4.269329085946083069e-02 7.573618087917566299e-03 3.217386454343795776e-02 1.779968105256557465e-02 1.291866973042488098e-02 3.158760443329811096e-02 1.041479315608739853e-02 3.300018981099128723e-02 3.379928693175315857e-02 1.923290453851222992e-02 3.036872856318950653e-02 7.874216884374618530e-03 1.670465432107448578e-02 5.587425827980041504e-02 1.734792836941778660e-03 2.994815446436405182e-02 1.873218454420566559e-02 2.561489865183830261e-02 2.489459887146949768e-02 3.418979421257972717e-02 3.720609098672866821e-02 4.369661677628755569e-03 9.013772010803222656e-03 1.430224720388650894e-02 2.395930141210556030e-02 3.408493846654891968e-02 3.671275451779365540e-02 3.396449983119964600e-02 4.850917309522628784e-02 2.268698439002037048e-02 3.893871977925300598e-02 2.973649883642792702e-03 1.120633445680141449e-02 3.808730840682983398e-02 4.157449305057525635e-02 1.064032223075628281e-02 9.638517163693904877e-03
3.604671731591224670e-02 3.834145888686180115e-02 1.175661459565162659e-01 5.926309153437614441e-03 9.163444861769676208e-03 3.021696954965591431e-02 3.901278227567672729e-02 4.434649348258972168e-01 2.011590078473091125e-02 1.669196225702762604e-02 2.643738500773906708e-02 1.796465925872325897e-02 3.154334053397178650e-02 4.299492388963699341e-02 7.432464510202407837e-02 1.216073799878358841e-02 2.210672572255134583e-02 1.759722456336021423e-02 3.505003452301025391e-02 1.094393711537122726e-02 3.675848618149757385e-02 1.385990902781486511e-02 3.007050231099128723e-02 4.687791317701339722e-02 5.260005593299865723e-02 4.731005057692527771e-02 1.080068759620189667e-02 8.140211552381515503e-02 7.189298979938030243e-03 1.054172776639461517e-02 3.110792301595211029e-02 4.165570065379142761e-02 1.523816026747226715e-02 2.425570785999298096e-02 1.209389604628086090e-02 8.715786971151828766e-03 2.985252812504768372e-02 9.322127327322959900e-03 1.608224585652351379e-03 1.486324239522218704e-02 1.110765524208545685e-02 2.907346375286579132e-02 1.641022041440010071e-02 8.771234005689620972e-02 5.386346485465764999e-03 1.725017838180065155e-02 2.624445967376232147e-02 2.297730371356010437e-02 1.657144352793693542e-02 1.130974851548671722e-02 4.004660621285438538e-02 7.519949693232774734e-03 6.182930245995521545e-02 4.407624714076519012e-03 2.279011718928813934e-02 3.246973082423210144e-02 2.522895485162734985e-02 2.735186740756034851e-02 4.062544181942939758e-02 1.005742140114307404e-02 4.108050465583801270e-02 8.603624068200588226e-03 2.432527393102645874e-02 1.228340249508619308e-02 6.604085210710763931e-03 5.488762632012367249e-02 2.128158137202262878e-02 7.402443792670965195e-03 2.943991869688034058e-02 3.967564925551414490e-02 8.184275589883327484e-03 1.097440067678689957e-02 2.579588210210204124e-03 4.080855753272771835e-03 2.398212440311908722e-03 1.163444016128778458e-02 6.486797239631414413e-03 3.407245874404907227e-02 1.294238865375518799e-02 2.585769817233085632e-02 1.046397536993026733e-01 8.463419228792190552e-02 1.218088623136281967e-02 2.926176600158214569e-02 1.714334450662136078e-02 7.088872953318059444e-04 6.079793721437454224e-02 4.556452110409736633e-02 3.758846223354339600e-02 3.858088329434394836e-02 8.633858524262905121e-03 2.441292628645896912e-02 4.047776013612747192e-02 9.834544733166694641e-03 2.922388724982738495e-02 1.569791813381016254e-03 2.658536471426486969e-02 2.420972660183906555e-02 5.440616980195045471e-03 4.219589009881019592e-02 1.848450116813182831e-02 3.877137228846549988e-02 2.058522216975688934e-02 1.159928925335407257e-02 1.338138058781623840e-02 3.913965448737144470e-02 1.901139318943023682e-02 3.489341959357261658e-02 1.583461766131222248e-03 4.892850294709205627e-02 2.225068164989352226e-03 1.755135133862495422e-02 1.493082195520401001e-02 3.229415416717529297e-02 3.108281083405017853e-02 2.210759744048118591e-02
7.043238263577222824e-03 1.926803216338157654e-02 2.033529803156852722e-02 1.818686723709106445e-02 4.893780127167701721e-02 3.606846183538436890e-02 4.401682317256927490e-02 2.011590078473091125e-02 4.507128596305847168e-01 4.534742608666419983e-02 5.491130053997039795e-02 2.513868361711502075e-02 4.438046831637620926e-03 8.616286329925060272e-03 2.029238827526569366e-02 3.671193122863769531e-02 2.177539467811584473e-02 6.320185214281082153e-02 5.341974087059497833e-03 2.800204558297991753e-03 2.931912243366241455e-02 1.357083907350897789e-03 5.477382242679595947e-02 5.364548787474632263e-02 1.165518723428249359e-02 3.682899475097656250e-02 1.951354928314685822e-02 1.843736972659826279e-04 3.022137098014354706e-02 1.853109337389469147e-02 5.069066956639289856e-02 2.766032703220844269e-02 5.654706619679927826e-04 6.743254140019416809e-03 2.749144658446311951e-02 3.452351316809654236e-02 4.123084247112274170e-02 2.393353171646595001e-02 4.854369163513183594e-02 9.443560615181922913e-03 2.032654359936714172e-02 4.475574940443038940e-02 1.793805160559713840e-03 2.782520093023777008e-02 4.692449048161506653e-02 4.682142753154039383e-04 5.691557377576828003e-02 4.269501194357872009e-03 6.543730944395065308e-02 1.428841892629861832e-02 1.818527840077877045e-02 1.654770411550998688e-02 6.310910917818546295e-03 1.171190198510885239e-02 7.536194473505020142e-02 1.674277894198894501e-02 1.858296245336532593e-02 3.672519698739051819e-02 5.514952540397644043e-02 3.410806879401206970e-02 1.589898718520998955e-03 2.563734538853168488e-02 4.408946260809898376e-02 2.781352400779724121e-02 2.066321205347776413e-03 1.494568120688199997e-02 6.002764683216810226e-03 1.742432825267314911e-02 6.792191416025161743e-03 1.448838505893945694e-02 3.573826700448989868e-02 8.910455740988254547e-03 4.900625906884670258e-03 4.420972988009452820e-02 5.043680593371391296e-02 2.032900974154472351e-02 1.127965077757835388e-01 5.218662321567535400e-02 7.667415589094161987e-02 2.223017439246177673e-02 8.102269843220710754e-03 3.664596751332283020e-02 1.895503513514995575e-02 8.378560654819011688e-03 7.195728830993175507e-03 9.657532908022403717e-03 2.271186374127864838e-02 1.355393603444099426e-02 3.186643496155738831e-02 2.197004482150077820e-02 3.971285000443458557e-02 2.252277173101902008e-02 1.634774729609489441e-02 3.503366932272911072e-02 3.753312863409519196e-03 2.162123564630746841e-03 3.778306068852543831e-03 6.379262777045369148e-04 5.091680213809013367e-02 3.733443096280097961e-02 1.473316922783851624e-02 1.959645561873912811e-02 1.840733550488948822e-02 1.038029883056879044e-02 2.552507794462144375e-04 1.626729965209960938e-02 3.305248171091079712e-02 5.689937388524413109e-04 3.689164295792579651e-02 9.672575630247592926e-03 4.572766274213790894e-02 3.542961180210113525e-02 3.508774191141128540e-02 5.294365435838699341e-02 3.772548958659172058e-02 2.104007638990879059e-02
6.280043628066778183e-03 7.471782155334949493e-03 2.380054071545600891e-02 3.417638689279556274e-02 1.663088612258434296e-02 4.273792728781700134e-02 2.197313681244850159e-02 1.669196225702762604e-02 4.534742608666419983e-02 4.636940956115722656e-01 1.313175261020660400e-02 1.879026181995868683e-02 3.280401695519685745e-03 2.858668938279151917e-02 1.621637120842933655e-02 1.278268732130527496e-02 2.737659402191638947e-02 1.159319886937737465e-03 7.336410880088806152e-02 1.223374065011739731e-02 2.615355700254440308e-02 3.479945007711648941e-03 1.460473611950874329e-02 5.279992893338203430e-02 4.278672486543655396e-02 2.774721384048461914e-02 2.653148770332336426e-02 9.130874276161193848e-02 3.660202771425247192e-02 3.660728782415390015e-02 4.129947721958160400e-02 4.891207069158554077e-02 2.750207483768463135e-02 1.215250510722398758e-02 2.800893969833850861e-02 3.350269794464111328e-02 9.110462851822376251e-03 3.843784332275390625e-02 3.636804968118667603e-02 2.920330129563808441e-02 3.245213255286216736e-02 3.013764135539531708e-02 2.059041149914264679e-02 1.544464007019996643e-02 1.734178140759468079e-02 6.767000257968902588e-02 2.824643440544605255e-02 1.877037063241004944e-02 4.166676104068756104e-02 6.054996326565742493e-02 3.112654201686382294e-02 3.192612528800964355e-02 3.794458135962486267e-02 2.624443732202053070e-02 4.079196602106094360e-02 1.144711896777153015e-01 4.445295035839080811e-02 5.114761739969253540e-02 4.877442121505737305e-02 2.607287093997001648e-02 5.014160647988319397e-02 2.441051416099071503e-02 7.674139924347400665e-04 2.824969775974750519e-02 9.236989542841911316e-03 5.540554877370595932e-03 4.075421765446662903e-02 4.604723304510116577e-02 5.562830716371536255e-02 1.686905324459075928e-02 1.345150172710418701e-01 4.014434665441513062e-02 2.012833021581172943e-02 1.790943089872598648e-03 3.786179469898343086e-03 1.836451143026351929e-02 1.294832956045866013e-02 1.669905632734298706e-01 2.131407335400581360e-02 6.993424892425537109e-02 1.482522021979093552e-02 2.253042533993721008e-02 8.264017291367053986e-03 8.658544719219207764e-02 4.624415189027786255e-02 9.942229837179183960e-03 1.698667742311954498e-02 4.181963205337524414e-02 1.109553128480911255e-02 1.002928689122200012e-01 2.189085073769092560e-02 3.539096936583518982e-02 3.369620814919471741e-02 2.098815888166427612e-02 2.829198352992534637e-02 3.676059097051620483e-02 9.320459328591823578e-03 4.037420824170112610e-02 6.873406935483217239e-03 1.057315804064273834e-02 3.799435868859291077e-02 2.231204509735107422e-02 3.995490074157714844e-02 4.333800822496414185e-02 1.834825053811073303e-02 4.883941635489463806e-02 4.172839596867561340e-02 2.494299225509166718e-02 5.196480825543403625e-02 3.261592239141464233e-02 2.445472963154315948e-02 2.492069033905863762e-03 4.145047441124916077e-02 1.262284908443689346e-02 2.579156309366226196e-02 1.923723705112934113e-02
1.307418644428253174e-01 8.737315982580184937e-02 3.086601383984088898e-02 5.473437532782554626e-02 3.438729792833328247e-03 9.030197560787200928e-02 4.712460562586784363e-02 2.643738500773906708e-02 5.491130053997039795e-02 1.313175261020660400e-02 4.747324585914611816e-01 9.672858868725597858e-04 1.038703322410583496e-01 5.728155747056007385e-02 1.934759877622127533e-02 1.330345869064331055e-02 4.316509515047073364e-02 3.359173238277435303e-02 2.922280132770538330e-02 1.923121139407157898e-02 1.294737495481967926e-02 4.293175414204597473e-02 3.101045824587345123e-02 2.329327631741762161e-03 5.576246418058872223e-03 3.688833094201982021e-04 3.461496159434318542e-02 4.441598430275917053e-02 8.208592771552503109e-05 4.301331192255020142e-02 8.863969705998897552e-03 1.002528984099626541e-02 2.561015821993350983e-02 2.086297795176506042e-02 2.066981419920921326e-02 1.084620598703622818e-02 3.128370642662048340e-02 2.453476563096046448e-02 7.849003188312053680e-03 1.934381388127803802e-02 6.836495362222194672e-03 1.516770850867033005e-02 7.684557233005762100e-03 3.492315486073493958e-02 3.856467828154563904e-02 1.864894852042198181e-02 4.584070295095443726e-02 3.286613617092370987e-03 3.509005159139633179e-02 5.541741847991943359e-02 2.709614299237728119e-02 5.001557990908622742e-02 6.844266899861395359e-04 7.417436689138412476e-03 1.171265356242656708e-02 7.682122755795717239e-03 1.482417527586221695e-02 3.629984334111213684e-02 7.343974895775318146e-03 1.080176047980785370e-02 3.469758201390504837e-03 5.233847349882125854e-02 4.031733050942420959e-02 6.282133515924215317e-03 2.800016663968563080e-02 4.538443684577941895e-02 2.495416067540645599e-02 3.530403971672058105e-02 1.922914572060108185e-02 4.263771697878837585e-02 2.748690731823444366e-02 3.614660818129777908e-03 1.978568360209465027e-02 3.921201452612876892e-03 9.913551621139049530e-03 1.582752913236618042e-02 7.847221568226814270e-03 2.451193705201148987e-02 1.781220547854900360e-02 4.475614055991172791e-02 3.098722361028194427e-02 2.901534922420978546e-02 1.034361310303211212e-02 8.520225994288921356e-03 2.477666363120079041e-02 5.684817954897880554e-02 2.900972403585910797e-02 2.199810557067394257e-02 3.851151093840599060e-02 2.531018108129501343e-02 1.346288714557886124e-02 6.192618981003761292e-02 3.053165227174758911e-02 3.048535808920860291e-02 1.124707888811826706e-02 3.837328776717185974e-02 3.426887094974517822e-02 1.653125882148742676e-02 9.595535695552825928e-03 2.726578526198863983e-02 1.093134284019470215e-02 3.872731328010559082e-02 1.539977733045816422e-02 2.314000204205513000e-02 3.050859086215496063e-02 4.269808065146207809e-03 5.511464551091194153e-02 2.392729371786117554e-02 3.737182542681694031e-02 5.712156416848301888e-04 3.141677752137184143e-02 5.639658775180578232e-03 2.413318119943141937e-02 1.162374205887317657e-02 4.898775368928909302e-02 4.218141548335552216e-03
1.622461341321468353e-02 7.917025126516819000e-03 1.563494466245174408e-02 3.846406936645507812e-02 4.454669356346130371e-02 1.882958225905895233e-02 1.820753887295722961e-02 1.796465925872325897e-02 2.513868361711502075e-02 1.879026181995868683e-02 9.672858868725597858e-04 4.482463002204895020e-01 4.270022362470626831e-02 1.594655215740203857e-01 2.256103977560997009e-02 8.698627352714538574e-03 3.003744222223758698e-02 1.759565621614456177e-02 2.727106586098670959e-02 3.321713581681251526e-02 7.596240844577550888e-03 5.349373072385787964e-02 6.183142960071563721e-02 2.156340517103672028e-02 3.073257394134998322e-02 3.258074820041656494e-02 3.675844520330429077e-02 1.344280987977981567e-01 2.453801594674587250e-02 1.067552864551544189e-01 5.634233728051185608e-02 3.882856294512748718e-02 2.540425769984722137e-02 9.087624959647655487e-03 3.226113691926002502e-02 1.487174257636070251e-02 2.110485546290874481e-02 4.941229149699211121e-02 3.161548450589179993e-02 3.308015316724777222e-02 1.504071708768606186e-02 6.797334179282188416e-03 4.109402745962142944e-02 2.190271951258182526e-02 1.410382688045501709e-01 1.297048665583133698e-02 1.743190735578536987e-02 3.402597829699516296e-02 1.988668181002140045e-02 8.029797673225402832e-02 2.837054990231990814e-02 7.510540634393692017e-02 9.524101391434669495e-03 1.826344989240169525e-02 3.856586292386054993e-02 1.530836336314678192e-02 3.351618070155382156e-03 1.134221721440553665e-02 1.742186141200363636e-03 5.182720720767974854e-02 3.166766464710235596e-02 1.058398466557264328e-02 4.045064095407724380e-03 2.301410771906375885e-02 4.740149900317192078e-02 1.585322059690952301e-02 4.100571200251579285e-02 2.355517260730266571e-02 4.601009562611579895e-02 2.425805293023586273e-02 3.373274207115173340e-02 2.932536881417036057e-03 2.385907806456089020e-02 4.674225673079490662e-02 3.347259014844894409e-02 4.619474336504936218e-02 3.255591168999671936e-02 4.015774279832839966e-02 2.388005703687667847e-02 1.054946798831224442e-02 3.765142755582928658e-03 1.102994289249181747e-02 4.379250109195709229e-03 1.275582425296306610e-02 3.283458948135375977e-02 7.577501237392425537e-04 1.585421338677406311e-02 4.697693511843681335e-03 5.667952448129653931e-02 1.082580722868442535e-02 5.343965068459510803e-02 5.650118365883827209e-02 4.424813389778137207e-02 1.476318389177322388e-02 1.310986932367086411e-03 2.534756436944007874e-02 5.616447422653436661e-03 9.373604319989681244e-03 4.713644459843635559e-02 2.317469008266925812e-02 4.205124452710151672e-02 3.943844884634017944e-02 2.955201454460620880e-02 3.415691107511520386e-02 1.111050043255090714e-02 3.150372952222824097e-02 4.767135903239250183e-02 2.077754773199558258e-02 1.678872853517532349e-02 5.221715196967124939e-02 9.908102452754974365e-03 8.940496481955051422e-03 4.756931215524673462e-02 3.095030039548873901e-02 2.879348769783973694e-02 1.962502673268318176e-02
9.536524862051010132e-02 1.267645955085754395e-01 2.252126671373844147e-02 5.369942262768745422e-02 2.528190053999423981e-02 7.011178135871887207e-02 5.862377956509590149e-02 3.154334053397178650e-02 4.438046831637620926e-03 3.280401695519685745e-03 1.038703322410583496e-01 4.270022362470626831e-02 4.675837159156799316e-01 5.750107765197753906e-02 4.011991899460554123e-03 3.562138229608535767e-02 4.323603212833404541e-02 3.415055200457572937e-02 5.539288371801376343e-02 5.627018399536609650e-03 8.333874866366386414e-03 4.946736618876457214e-02 2.802608534693717957e-02 4.482265189290046692e-02 3.805341571569442749e-02 1.718971133232116699e-02 3.402740508317947388e-02 3.039690852165222168e-02 1.528574805706739426e-02 4.199742525815963745e-02 6.424386054277420044e-02 1.389727089554071426e-02 4.566580057144165039e-02 2.115778392180800438e-03 6.959409918636083603e-03 7.297950237989425659e-02 3.841619938611984253e-03 8.060127496719360352e-03 2.233263850212097168e-02 7.217613165266811848e-04 1.484609558247029781e-03 9.652302600443363190e-03 7.319902069866657257e-03 1.056267973035573959e-02 5.126155540347099304e-02 1.099911890923976898e-02 1.636239700019359589e-02 3.319028392434120178e-02 6.674776785075664520e-03 4.891134425997734070e-02 1.420568767935037613e-02 3.250613808631896973e-02 3.818941488862037659e-02 8.286294527351856232e-03 4.629607126116752625e-02 2.354630082845687866e-02 2.949603833258152008e-02 2.714619040489196777e-03 3.091656789183616638e-02 2.570715174078941345e-02 6.773510947823524475e-03 1.519415155053138733e-02 3.433528542518615723e-02 4.674640670418739319e-02 6.555198691785335541e-03 6.428115069866180420e-02 3.896092623472213745e-02 5.646862089633941650e-02 2.877089660614728928e-03 4.197361320257186890e-02 2.614978328347206116e-02 8.418791694566607475e-04 3.014448098838329315e-03 2.536077983677387238e-02 1.172979082912206650e-02 2.275264449417591095e-02 1.715609245002269745e-02 1.895101624540984631e-03 3.048462048172950745e-02 5.321202799677848816e-02 1.390978042036294937e-02 4.705816879868507385e-02 4.223642870783805847e-02 1.937627233564853668e-02 5.952907726168632507e-02 6.456995755434036255e-02 1.178223546594381332e-02 7.480923086404800415e-03 4.515056032687425613e-03 5.698005668818950653e-03 3.385921707376837730e-03 3.440340980887413025e-02 1.190068852156400681e-02 2.482625097036361694e-02 3.557622805237770081e-02 3.300805808976292610e-03 1.989782974123954773e-02 9.397893212735652924e-03 4.828365892171859741e-02 3.600277751684188843e-02 2.407919801771640778e-02 3.216891363263130188e-02 1.735153980553150177e-02 8.623843896202743053e-04 4.239385947585105896e-02 2.627295069396495819e-02 4.428535699844360352e-02 1.124504487961530685e-02 3.592073917388916016e-02 7.496204925701022148e-04 9.992039995267987251e-04 1.661233231425285339e-02 1.129141449928283691e-02 1.031597051769495010e-02 4.727287217974662781e-02 3.554828092455863953e-02
