5.081244111061096191e-01 9.556736052036285400e-02 4.633297771215438843e-02 6.103564519435167313e-03 1.408036425709724426e-02 7.413288950920104980e-02 7.186866551637649536e-02 5.190531164407730103e-02 1.361691858619451523e-02 3.309903666377067566e-02 7.310510426759719849e-02 2.676783874630928040e-02 5.741729587316513062e-02 9.140094742178916931e-03 2.726546674966812134e-02 2.304176427423954010e-02 1.190204359591007233e-02 2.595413103699684143e-02 3.329386934638023376e-02 2.154704183340072632e-02 1.551205758005380630e-02 2.244090195745229721e-03 3.771802783012390137e-02 1.366894785314798355e-02 2.829964831471443176e-02 4.606277868151664734e-02 1.816630549728870392e-02 1.694747246801853180e-02 5.398448556661605835e-02 4.955355077981948853e-03 1.128902006894350052e-02 5.882915854454040527e-02 2.753451839089393616e-02 4.250606894493103027e-02 2.593536116182804108e-02 6.884821690618991852e-03 1.324596721678972244e-02 2.264963649213314056e-02 4.526809323579072952e-03 4.693761840462684631e-02 3.472550958395004272e-02 7.942944765090942383e-03 1.301448512822389603e-02 2.809148095548152924e-02 3.160977363586425781e-02 5.153743550181388855e-02 6.713052093982696533e-02 5.777891725301742554e-02 7.650100626051425934e-03 1.046971324831247330e-02 4.281914234161376953e-02 2.665511518716812134e-02 1.360728126019239426e-02 3.207022324204444885e-02 5.563325062394142151e-02 9.362988173961639404e-03 9.886967018246650696e-03 3.497331961989402771e-02 4.508053418248891830e-03 2.481833286583423615e-02 1.086145546287298203e-02 4.185664281249046326e-02 1.780551858246326447e-02 3.433606401085853577e-02 4.829946905374526978e-03 2.009985735639929771e-03 5.059556663036346436e-02 3.767425566911697388e-02 6.159399170428514481e-03 3.629818093031644821e-03 4.868032783269882202e-02 1.689807884395122528e-02 4.358675796538591385e-03 8.055564016103744507e-03 2.925094589591026306e-02 3.296252107247710228e-03 1.561711076647043228e-02 2.926807850599288940e-02 2.242053160443902016e-03 3.631484881043434143e-02 3.173511708155274391e-03 7.086412515491247177e-03 2.139972709119319916e-02 2.004497684538364410e-02 7.144798291847109795e-04 2.240544185042381287e-02 6.904529873281717300e-03 2.120866253972053528e-02 1.420737802982330322e-02 4.549309611320495605e-03 5.830426141619682312e-02 9.546261280775070190e-03 4.232424777001142502e-03 2.397865243256092072e-02 5.383896082639694214e-02 1.549643184989690781e-02 2.402944490313529968e-02 3.818904608488082886e-02 3.291052067652344704e-03 8.436135947704315186e-03 3.830514475703239441e-02 1.189593691378831863e-02 3.243945911526679993e-02 4.247603937983512878e-02 4.324550926685333252e-02 1.052849646657705307e-02 1.742476224899291992e-02 4.736406728625297546e-02 2.431015484035015106e-02 3.633935004472732544e-02 5.186789482831954956e-02 3.681724891066551208e-02 1.154243946075439453e-02 6.134320050477981567e-03 3.877375274896621704e-02 3.121673129498958588e-02
9.556736052036285400e-02 5.067930817604064941e-01 4.336477071046829224e-02 9.296946227550506592e-03 1.547752413898706436e-02 8.438732475042343140e-02 7.544560730457305908e-02 2.588591352105140686e-02 5.307927262037992477e-03 4.471335560083389282e-02 6.223489344120025635e-02 4.126622900366783142e-02 5.892619118094444275e-02 1.874080859124660492e-02 3.415736183524131775e-02 1.478571444749832153e-02 2.073460444808006287e-02 2.480410970747470856e-02 8.812424726784229279e-03 2.143775485455989838e-02 1.463050954043865204e-02 2.838887460529804230e-02 1.403958816081285477e-02 3.067844361066818237e-02 3.537730127573013306e-02 4.223930090665817261e-02 2.184775471687316895e-02 1.652498845942318439e-03 4.286683723330497742e-02 1.240123622119426727e-02 1.745539531111717224e-02 4.007972031831741333e-02 1.587851904332637787e-02 2.626781724393367767e-02 1.597137190401554108e-02 2.014407329261302948e-02 1.936584740178659558e-04 1.797963678836822510e-02 2.021030895411968231e-02 1.681251823902130127e-02 4.631285369396209717e-02 6.864340044558048248e-03 9.833558462560176849e-03 3.735809400677680969e-02 4.954549670219421387e-02 1.594500429928302765e-02 6.689850986003875732e-02 7.581556588411331177e-02 1.863007061183452606e-02 2.034005150198936462e-02 2.633545547723770142e-02 3.859194694086909294e-03 1.231991406530141830e-02 5.840288009494543076e-03 5.528400093317031860e-02 3.765735775232315063e-03 1.709922589361667633e-02 4.290518164634704590e-02 2.384673617780208588e-02 4.876967053860425949e-03 1.311548985540866852e-02 3.202905133366584778e-02 2.649511396884918213e-02 3.245087713003158569e-02 1.327548641711473465e-02 7.423715200275182724e-03 4.178213328123092651e-02 2.656146883964538574e-02 1.402711216360330582e-02 1.177042257040739059e-02 3.280742838978767395e-02 2.140507800504565239e-03 8.178116753697395325e-03 8.566837757825851440e-03 1.793803647160530090e-02 1.132070273160934448e-02 6.367608439177274704e-03 1.902721635997295380e-02 4.090813454240560532e-03 5.346516892313957214e-02 3.745140135288238525e-02 4.361885413527488708e-02 1.269923895597457886e-02 3.605874255299568176e-02 9.287782595492899418e-04 3.187647089362144470e-02 1.105895638465881348e-02 3.379145637154579163e-02 6.404180545359849930e-03 1.480833347886800766e-02 7.311933487653732300e-02 1.285362895578145981e-02 4.890114068984985352e-02 4.228109493851661682e-02 1.113785617053508759e-02 3.530471026897430420e-02 1.621740683913230896e-02 2.670083567500114441e-02 1.571721956133842468e-02 3.206242620944976807e-02 4.525072127580642700e-02 1.206191722303628922e-02 4.760292544960975647e-02 3.017216920852661133e-02 1.674960367381572723e-02 2.026404812932014465e-02 1.941795460879802704e-02 2.902494743466377258e-02 2.121218480169773102e-02 8.724438957870006561e-03 6.381355226039886475e-02 4.056763648986816406e-02 1.131299510598182678e-02 1.818684861063957214e-02 2.726030349731445312e-02 2.159482054412364960e-02
4.633297771215438843e-02 4.336477071046829224e-02 4.889713823795318604e-01 1.141486968845129013e-02 3.729865700006484985e-02 4.332793503999710083e-02 1.882855407893657684e-02 4.347603023052215576e-02 2.357886731624603271e-02 8.032436599023640156e-04 1.369007769972085953e-02 2.329296991229057312e-02 1.702783256769180298e-02 7.603715173900127411e-03 4.252192005515098572e-02 1.412026863545179367e-02 2.804510667920112610e-02 3.610565885901451111e-02 6.984345614910125732e-03 2.210898883640766144e-02 4.063124209642410278e-02 2.028489112854003906e-02 1.591685973107814789e-02 1.656181365251541138e-02 2.193592721596360207e-03 2.106380183249711990e-03 1.438004709780216217e-02 5.513684824109077454e-02 5.778647214174270630e-02 5.068766698241233826e-02 3.062645532190799713e-02 9.746863506734371185e-03 3.472664952278137207e-02 1.760239526629447937e-02 1.908974908292293549e-02 5.261658877134323120e-02 5.262998864054679871e-02 1.993962191045284271e-02 4.927971959114074707e-02 2.924544177949428558e-02 2.727101929485797882e-02 2.920897677540779114e-02 4.033224284648895264e-02 1.628530770540237427e-02 4.838081449270248413e-02 2.269702265039086342e-03 1.164777018129825592e-02 1.549451984465122223e-02 1.438490394502878189e-02 3.503472730517387390e-02 2.566945925354957581e-02 4.954024404287338257e-02 3.829886391758918762e-02 1.530407555401325226e-02 4.306582733988761902e-02 1.509709842503070831e-02 3.190523944795131683e-03 3.160569444298744202e-02 2.012377977371215820e-02 3.920473158359527588e-02 3.011545632034540176e-03 2.342084050178527832e-02 1.859089359641075134e-02 2.117204666137695312e-02 4.650044720619916916e-03 3.727458789944648743e-02 7.667815312743186951e-03 2.084672451019287109e-02 3.474416956305503845e-02 1.566317304968833923e-02 2.524988725781440735e-02 3.572239354252815247e-02 1.231180358445271850e-04 3.883923217654228210e-02 5.709486082196235657e-03 3.169548884034156799e-02 9.856312535703182220e-03 7.648695609532296658e-04 2.258105203509330750e-02 1.223107567057013512e-03 3.038024762645363808e-03 5.410883203148841858e-02 1.590309478342533112e-02 5.881995428353548050e-03 3.461029147729277611e-03 9.795811027288436890e-03 7.476995885372161865e-02 3.015816025435924530e-02 2.275813743472099304e-02 3.366739675402641296e-02 4.331275448203086853e-02 4.363316670060157776e-02 3.013042360544204712e-02 4.470112547278404236e-02 2.588641829788684845e-03 4.694430157542228699e-03 4.402713850140571594e-02 8.533179759979248047e-02 1.836971379816532135e-02 1.124188769608736038e-02 3.264044597744941711e-02 5.255068466067314148e-02 4.983179271221160889e-02 7.622373104095458984e-02 3.479410335421562195e-02 2.693638950586318970e-02 1.263906131498515606e-03 2.410365827381610870e-02 2.752459794282913208e-02 3.304156661033630371e-02 2.598968148231506348e-02 3.185859322547912598e-02 3.519140928983688354e-02 1.089758239686489105e-02 1.544091384857892990e-02 5.377771332859992981e-02
6.103564519435167313e-03 9.296946227550506592e-03 1.141486968845129013e-02 5.056931376457214355e-01 1.003948301076889038e-01 1.548596844077110291e-02 3.379916399717330933e-02 1.356477849185466766e-02 2.858998626470565796e-02 1.970859989523887634e-02 2.871161885559558868e-02 1.669855974614620209e-02 3.872182220220565796e-02 1.017093379050493240e-02 5.315266177058219910e-02 3.120784834027290344e-02 4.982330277562141418e-02 2.196091972291469574e-02 2.911654487252235413e-02 2.206423878669738770e-02 1.396068837493658066e-02 6.824919488281011581e-03 2.167507074773311615e-02 6.041829939931631088e-03 3.857970610260963440e-02 3.813589364290237427e-02 5.066244676709175110e-02 2.777260728180408478e-02 1.318054832518100739e-02 3.889555111527442932e-02 1.501209940761327744e-02 1.675307564437389374e-02 2.225480973720550537e-02 5.036435090005397797e-03 1.722760684788227081e-02 3.221182525157928467e-02 1.613469049334526062e-02 3.183699399232864380e-02 7.408417016267776489e-02 8.071783930063247681e-02 1.364918705075979233e-02 2.008601464331150055e-02 4.479092359542846680e-02 2.564084157347679138e-02 1.871090009808540344e-02 4.609248414635658264e-02 2.927930653095245361e-02 1.001801714301109314e-02 3.501753136515617371e-02 2.635248377919197083e-02 2.535335952416062355e-03 2.376229502260684967e-02 2.176832221448421478e-02 1.022253651171922684e-02 2.264430560171604156e-02 2.858144976198673248e-02 4.226129502058029175e-02 3.188814222812652588e-02 4.635689035058021545e-02 2.126518636941909790e-02 3.674123808741569519e-02 2.842559665441513062e-02 6.561388075351715088e-02 2.385614067316055298e-02 3.946826234459877014e-02 3.138881409540772438e-03 3.029429912567138672e-02 4.620390385389328003e-02 1.824482716619968414e-02 2.179386653006076813e-02 2.794224582612514496e-02 5.897527560591697693e-03 8.992414176464080811e-02 5.103363655507564545e-03 2.931511960923671722e-02 1.969012618064880371e-02 4.833929613232612610e-02 1.006624312140047550e-03 3.425115346908569336e-02 2.209630608558654785e-02 1.128663215786218643e-02 1.942593976855278015e-02 1.676864922046661377e-02 1.819711923599243164e-02 5.023195594549179077e-02 1.869315095245838165e-02 2.605485171079635620e-02 2.420013211667537689e-02 3.283799812197685242e-02 1.978931017220020294e-02 2.875822829082608223e-03 7.775040809065103531e-03 3.973298892378807068e-02 2.130784839391708374e-02 3.491933457553386688e-03 5.206989496946334839e-02 1.185294147580862045e-02 3.635216876864433289e-02 5.104498565196990967e-02 1.375723630189895630e-02 2.674476429820060730e-02 1.419895980507135391e-02 1.080326549708843231e-02 2.936795540153980255e-02 3.781460970640182495e-02 7.684100884944200516e-03 6.760847754776477814e-03 2.721441537141799927e-02 1.159678492695093155e-02 1.834529638290405273e-02 1.906051114201545715e-02 8.642010390758514404e-03 4.293945804238319397e-02 1.472142152488231659e-02 1.449652481824159622e-02 9.321337565779685974e-03
1.408036425709724426e-02 1.547752413898706436e-02 3.729865700006484985e-02 1.003948301076889038e-01 5.018390417098999023e-01 1.893725804984569550e-02 3.395250439643859863e-02 4.091458395123481750e-02 1.544557890156283975e-04 1.065660081803798676e-02 4.004700854420661926e-02 1.092603523284196854e-02 4.232738912105560303e-02 3.403406299185007811e-04 3.429885208606719971e-02 2.735958248376846313e-02 3.457393497228622437e-02 1.139290630817413330e-02 4.140938073396682739e-02 4.493714123964309692e-02 4.275112599134445190e-02 3.053466556593775749e-03 8.279644884169101715e-03 2.261531539261341095e-02 2.409249544143676758e-02 1.752175018191337585e-02 2.052333578467369080e-02 3.574924916028976440e-02 1.807771436870098114e-02 1.678338833153247833e-02 1.860651560127735138e-02 2.388427034020423889e-02 3.495547175407409668e-02 9.159718640148639679e-03 8.803364820778369904e-03 5.098909884691238403e-02 9.684619144536554813e-04 4.055960848927497864e-02 8.537684381008148193e-02 9.944193810224533081e-02 5.133743863552808762e-03 2.461069962009787560e-03 1.616278290748596191e-02 1.615671813488006592e-02 4.120846465229988098e-02 3.378467634320259094e-02 3.163404390215873718e-02 1.289418060332536697e-02 4.204639792442321777e-02 3.311180695891380310e-02 6.378730293363332748e-03 3.391701728105545044e-02 3.005064278841018677e-02 2.327835187315940857e-02 2.489258535206317902e-02 7.368114776909351349e-03 4.932606592774391174e-02 2.878475748002529144e-02 4.737604781985282898e-02 1.256963703781366348e-02 1.971036568284034729e-02 4.068982973694801331e-02 6.317442655563354492e-02 1.015902403742074966e-02 4.715861007571220398e-02 5.350221414119005203e-03 1.533061731606721878e-04 1.796951889991760254e-02 1.247533317655324936e-02 5.276607722043991089e-02 4.416707158088684082e-02 4.514784365892410278e-02 8.966986835002899170e-02 1.785432361066341400e-02 7.567336410284042358e-02 9.485317394137382507e-03 3.450000286102294922e-02 1.169428136199712753e-02 4.740586876869201660e-02 2.668138965964317322e-02 5.543828476220369339e-03 2.660184539854526520e-02 2.948709996417164803e-03 3.081204369664192200e-02 1.746048778295516968e-02 5.820224992930889130e-03 3.522228077054023743e-02 6.481354124844074249e-03 2.371956966817378998e-02 2.407789975404739380e-02 8.086843416094779968e-03 6.482353899627923965e-03 3.712465241551399231e-02 4.930203780531883240e-02 3.328581526875495911e-02 4.006809368729591370e-02 4.599159117788076401e-03 2.774173766374588013e-02 4.040375351905822754e-02 1.530747301876544952e-02 4.966992139816284180e-02 3.684852272272109985e-02 2.340768836438655853e-02 4.386881738901138306e-02 3.737174347043037415e-02 9.298918768763542175e-03 9.562930092215538025e-03 2.804393507540225983e-02 1.297414855798706412e-04 2.540573105216026306e-02 3.523563966155052185e-03 8.899842388927936554e-03 1.375324465334415436e-02 4.663028288632631302e-03 1.846391893923282623e-02 3.223827481269836426e-02
7.413288950920104980e-02 8.438732475042343140e-02 4.332793503999710083e-02 1.548596844077110291e-02 1.893725804984569550e-02 5.128169059753417969e-01 8.495452255010604858e-02 4.704372957348823547e-03 4.879704490303993225e-02 5.086569488048553467e-02 5.731600150465965271e-02 4.841975495219230652e-02 5.787605419754981995e-02 4.528895393013954163e-02 1.548043917864561081e-02 1.933985389769077301e-03 2.299749664962291718e-02 3.486084938049316406e-02 2.320798859000205994e-02 4.110763315111398697e-03 1.136629283428192139e-02 4.141066595911979675e-02 3.183066844940185547e-02 2.171607874333858490e-02 2.322230301797389984e-02 4.493521153926849365e-02 4.442143440246582031e-02 1.576712727546691895e-02 2.316558919847011566e-02 2.415476739406585693e-02 4.357612878084182739e-02 5.398722365498542786e-02 4.672955721616744995e-02 3.474775329232215881e-02 8.024621754884719849e-03 2.001941949129104614e-02 7.921217940747737885e-03 3.640771284699440002e-02 1.249691471457481384e-02 3.820078447461128235e-02 4.673276841640472412e-02 3.557438030838966370e-02 1.814712025225162506e-02 2.319404669106006622e-02 3.734216839075088501e-02 4.810904338955879211e-02 8.146718144416809082e-02 5.893856287002563477e-02 4.377239570021629333e-02 4.436958115547895432e-03 3.477552160620689392e-02 5.122955888509750366e-03 1.741541177034378052e-02 1.321258395910263062e-02 1.155405243480345234e-05 1.232200860977172852e-02 2.239948324859142303e-02 2.208636701107025146e-02 2.924468368291854858e-02 6.578462198376655579e-03 9.630294516682624817e-03 2.197565138339996338e-02 2.082659676671028137e-02 3.904292359948158264e-03 3.022967837750911713e-02 5.986797623336315155e-04 4.700181633234024048e-02 3.853585198521614075e-02 1.399238314479589462e-02 6.303083151578903198e-03 2.770622447133064270e-02 2.182859182357788086e-02 4.260794259607791901e-03 2.270649373531341553e-02 1.745771244168281555e-02 7.117666304111480713e-03 5.477383732795715332e-02 8.526570163667201996e-03 2.516639232635498047e-02 5.225029587745666504e-02 4.016517102718353271e-02 4.684004932641983032e-02 2.714337594807147980e-02 4.986811801791191101e-02 2.732774987816810608e-02 4.968673735857009888e-02 6.572341546416282654e-03 9.637163020670413971e-03 5.226799286901950836e-03 2.122337743639945984e-02 7.792242616415023804e-02 1.756992936134338379e-02 1.051132380962371826e-02 4.192768409848213196e-02 1.214519608765840530e-02 2.655345201492309570e-02 1.187396701425313950e-02 4.316225275397300720e-02 1.748743280768394470e-02 7.030442822724580765e-03 4.832930117845535278e-02 3.010828047990798950e-02 4.931631684303283691e-02 4.321477189660072327e-02 3.286164999008178711e-02 7.353406399488449097e-03 3.634710982441902161e-02 7.694346830248832703e-03 3.296549618244171143e-02 4.907222464680671692e-02 4.521864280104637146e-02 3.488131985068321228e-02 1.757296361029148102e-02 8.779846131801605225e-03 3.575224429368972778e-02 3.033795207738876343e-02
7.186866551637649536e-02 7.544560730457305908e-02 1.882855407893657684e-02 3.379916399717330933e-02 3.395250439643859863e-02 8.495452255010604858e-02 5.170233249664306641e-01 7.815401069819927216e-03 1.241695880889892578e-02 2.196564525365829468e-02 6.347603350877761841e-02 6.694671232253313065e-03 5.766064673662185669e-02 1.638844422996044159e-02 4.908794909715652466e-02 1.279061008244752884e-02 1.870157942175865173e-02 2.600151486694812775e-02 4.297943785786628723e-02 2.973908340209163725e-05 1.013048645108938217e-02 1.549322437494993210e-02 4.051714763045310974e-02 3.047421760857105255e-02 1.800429262220859528e-02 4.498651623725891113e-02 4.817077144980430603e-02 4.490489885210990906e-02 4.023098200559616089e-02 1.310085062868893147e-04 3.364903479814529419e-02 5.428164079785346985e-02 5.438049510121345520e-02 2.660191431641578674e-02 5.816193297505378723e-03 7.211210671812295914e-03 1.909595355391502380e-02 4.808623716235160828e-02 3.205391392111778259e-02 1.876719854772090912e-02 3.936710208654403687e-02 1.253733504563570023e-02 3.619852010160684586e-03 2.364140003919601440e-02 2.889042347669601440e-02 5.138712748885154724e-02 7.934694737195968628e-02 5.645610764622688293e-02 3.536235541105270386e-02 5.738167557865381241e-03 3.901914879679679871e-02 2.020115405321121216e-02 9.478665888309478760e-03 1.271955017000436783e-02 1.753848395310342312e-03 9.204202331602573395e-03 2.359247999265789986e-03 3.409970179200172424e-02 2.468321472406387329e-02 1.121342647820711136e-02 2.672005444765090942e-02 5.172156542539596558e-02 1.745084300637245178e-02 2.944853156805038452e-02 1.144909113645553589e-02 7.490440737456083298e-03 4.918372631072998047e-02 5.066724121570587158e-02 2.082079462707042694e-02 2.720885910093784332e-02 5.213770270347595215e-02 1.803505606949329376e-02 2.791664004325866699e-02 5.053802579641342163e-02 1.966295205056667328e-02 1.379076763987541199e-02 5.643086880445480347e-02 4.849420487880706787e-02 6.747197825461626053e-03 1.324835233390331268e-02 3.275204822421073914e-02 3.903558477759361267e-02 8.216999471187591553e-03 2.198926359415054321e-02 2.200270071625709534e-02 2.391972951591014862e-02 2.285482734441757202e-02 3.139983117580413818e-02 2.791503258049488068e-02 2.172245644032955170e-02 5.438548699021339417e-02 9.989627636969089508e-03 1.206041313707828522e-02 1.785004138946533203e-02 3.355321660637855530e-02 2.381136873736977577e-04 1.974314637482166290e-02 2.872514165937900543e-02 7.347482722252607346e-03 1.925857365131378174e-02 5.354007706046104431e-02 2.225735411047935486e-02 5.008583143353462219e-02 5.035229399800300598e-02 3.768403455615043640e-02 1.275687105953693390e-02 2.634309232234954834e-02 5.024333670735359192e-02 2.485311962664127350e-02 2.581669203937053680e-02 4.616677016019821167e-02 3.531756624579429626e-02 2.450503641739487648e-03 3.757079131901264191e-03 2.620922029018402100e-02 3.685530647635459900e-02
5.190531164407730103e-02 2.588591352105140686e-02 4.347603023052215576e-02 1.356477849185466766e-02 4.091458395123481750e-02 4.704372957348823547e-03 7.815401069819927216e-03 4.841359257698059082e-01 9.813137352466583252e-03 2.721454761922359467e-02 2.388965710997581482e-02 3.974828496575355530e-02 2.112333476543426514e-02 3.087821602821350098e-02 7.835744321346282959e-02 1.259141787886619568e-02 9.500670246779918671e-03 2.972868271172046661e-03 2.218427136540412903e-02 7.200485095381736755e-03 1.958383060991764069e-02 3.301836177706718445e-02 2.951280958950519562e-02 2.030309755355119705e-03 4.054587334394454956e-02 1.861108280718326569e-02 3.140877187252044678e-02 5.356062203645706177e-03 3.402822464704513550e-02 1.991732511669397354e-03 3.193328622728586197e-03 4.863505065441131592e-02 2.193508855998516083e-02 4.700665920972824097e-02 3.930347785353660583e-02 2.074780128896236420e-02 5.013112910091876984e-03 1.280670333653688431e-02 4.771347716450691223e-02 3.256168216466903687e-02 4.411264508962631226e-02 1.525973342359066010e-02 1.839272864162921906e-02 3.635537624359130859e-02 3.281085565686225891e-02 1.000132132321596146e-02 4.125218838453292847e-03 6.509271450340747833e-03 2.464002184569835663e-02 3.506545349955558777e-02 6.856617983430624008e-04 8.499106392264366150e-03 9.183886460959911346e-03 1.778896525502204895e-02 4.016107693314552307e-02 3.810639306902885437e-02 1.131778769195079803e-02 5.083495378494262695e-02 3.231627494096755981e-02 2.614546380937099457e-02 3.983909264206886292e-03 2.838131226599216461e-02 2.027441747486591339e-02 4.023275896906852722e-02 4.726649820804595947e-02 2.381958439946174622e-02 2.980772405862808228e-02 5.149955395609140396e-03 3.954960964620113373e-03 1.427450962364673615e-02 3.680916875600814819e-02 7.773481775075197220e-03 1.462639658711850643e-03 3.094562143087387085e-02 2.139332331717014313e-02 4.976823460310697556e-03 3.197206184267997742e-02 3.308146260678768158e-03 4.797600209712982178e-02 3.861245885491371155e-02 7.629483193159103394e-02 8.936097472906112671e-02 2.804378420114517212e-02 3.176316153258085251e-03 3.251984715461730957e-02 4.482789710164070129e-02 1.591904312372207642e-01 1.134004667401313782e-01 9.108516387641429901e-03 2.244326844811439514e-02 2.670848742127418518e-02 3.199909254908561707e-02 3.440074622631072998e-02 3.785834182053804398e-03 2.128931693732738495e-02 3.927179053425788879e-02 5.589034873992204666e-03 4.748068749904632568e-03 2.331021614372730255e-02 9.291658177971839905e-03 1.339073572307825089e-02 1.186315808445215225e-02 3.493878617882728577e-02 2.671557106077671051e-02 2.720769122242927551e-02 4.811956360936164856e-02 1.808984391391277313e-02 3.923647105693817139e-02 5.144400056451559067e-03 1.318983919918537140e-02 4.092861339449882507e-02 7.640968076884746552e-03 1.552090328186750412e-02 3.747059777379035950e-02 9.322042018175125122e-02 9.251447394490242004e-03
1.361691858619451523e-02 5.307927262037992477e-03 2.357886731624603271e-02 2.858998626470565796e-02 1.544557890156283975e-04 4.879704490303993225e-02 1.241695880889892578e-02 9.813137352466583252e-03 5.008947253227233887e-01 3.808295354247093201e-02 1.353767793625593185e-02 1.374575681984424591e-02 1.765267224982380867e-04 6.475953757762908936e-02 1.464506611227989197e-03 3.777460753917694092e-02 3.770695254206657410e-02 1.898243278264999390e-02 8.010198362171649933e-03 2.854733914136886597e-02 4.525492340326309204e-02 1.483538281172513962e-02 3.546194732189178467e-02 4.606373608112335205e-02 3.088503703474998474e-02 2.162388153374195099e-02 6.090817600488662720e-02 3.602200886234641075e-03 5.935340747237205505e-02 1.717462949454784393e-02 3.093300759792327881e-02 1.617554388940334320e-02 3.572540357708930969e-02 4.128306731581687927e-02 3.507049754261970520e-02 1.649248227477073669e-02 5.229423195123672485e-02 2.847401658073067665e-03 2.792304009199142456e-02 5.097996070981025696e-02 1.866587554104626179e-04 5.447340384125709534e-02 3.093515709042549133e-02 4.202604293823242188e-02 3.772684559226036072e-02 4.850307106971740723e-02 1.321986410766839981e-02 2.822636999189853668e-02 5.911450088024139404e-02 2.400796860456466675e-02 3.588872030377388000e-02 3.252884000539779663e-02 4.616503044962882996e-02 2.870031632483005524e-02 7.287321984767913818e-02 1.611342094838619232e-02 1.767396554350852966e-02 2.990843355655670166e-02 1.532059628516435623e-02 2.183726802468299866e-02 2.802966721355915070e-02 3.423292189836502075e-02 2.016028948128223419e-02 5.556898564100265503e-02 1.490442175418138504e-02 5.647817999124526978e-02 1.051977090537548065e-02 1.251444779336452484e-02 2.349192649126052856e-02 5.476095899939537048e-02 3.893555700778961182e-02 3.027110174298286438e-02 2.840545214712619781e-02 3.533998737111687660e-03 3.370884433388710022e-02 6.612126249819993973e-03 6.318411976099014282e-02 6.273154169321060181e-02 4.619714990258216858e-02 6.270465441048145294e-03 2.634648233652114868e-02 1.789524033665657043e-02 4.826661571860313416e-02 3.109821677207946777e-02 1.156205777078866959e-02 3.209858667105436325e-03 1.793231628835201263e-02 1.571460813283920288e-02 5.029080063104629517e-02 4.820304736495018005e-02 5.093006417155265808e-02 1.057491358369588852e-02 4.078043252229690552e-02 6.263137329369783401e-03 5.485477298498153687e-02 2.324566617608070374e-02 2.467880770564079285e-02 3.273089602589607239e-02 1.941888779401779175e-02 3.890327736735343933e-02 1.641303859651088715e-02 2.453582547605037689e-02 4.901964589953422546e-02 1.838207617402076721e-02 5.197957158088684082e-02 4.189098998904228210e-02 5.144629254937171936e-02 3.004337660968303680e-02 5.070939287543296814e-02 1.520694326609373093e-02 1.686425134539604187e-02 2.946918597444891930e-03 1.867612637579441071e-02 1.811812259256839752e-02 5.857035517692565918e-02 6.144793238490819931e-03
3.309903666377067566e-02 4.471335560083389282e-02 8.032436599023640156e-04 1.970859989523887634e-02 1.065660081803798676e-02 5.086569488048553467e-02 2.196564525365829468e-02 2.721454761922359467e-02 3.808295354247093201e-02 5.120849013328552246e-01 1.375704538077116013e-02 3.656500950455665588e-02 9.302809834480285645e-03 4.841078072786331177e-02 2.035584114491939545e-02 4.454328864812850952e-02 6.618210114538669586e-03 2.463953383266925812e-02 7.509158551692962646e-02 4.637930169701576233e-02 3.113174438476562500e-02 2.809542603790760040e-02 5.106323212385177612e-02 1.044009346514940262e-02 3.870874270796775818e-02 1.694009080529212952e-02 2.835185453295707703e-02 6.819980684667825699e-03 2.016063407063484192e-02 2.789500355720520020e-02 3.317303583025932312e-02 5.177554488182067871e-02 2.829677052795886993e-02 2.481361851096153259e-02 1.905235648155212402e-02 3.591991215944290161e-02 4.594084341078996658e-03 9.932950139045715332e-03 6.967221386730670929e-03 2.466508001089096069e-02 4.899275675415992737e-02 2.325575565919280052e-03 7.432848797179758549e-04 1.739813387393951416e-02 4.506369680166244507e-02 1.600281335413455963e-02 2.635892108082771301e-02 7.233041804283857346e-03 1.319671573583036661e-04 4.624472558498382568e-02 5.402329564094543457e-02 3.854838013648986816e-02 3.940431028604507446e-02 6.242677569389343262e-03 5.334595218300819397e-02 5.250938236713409424e-02 2.145936526358127594e-02 1.199486944824457169e-02 4.698416590690612793e-02 1.104501169174909592e-02 6.106541026383638382e-03 5.061756819486618042e-02 1.525777485221624374e-02 1.971722813323140144e-03 1.376885047648102045e-04 1.028617843985557556e-02 9.339796379208564758e-03 9.780080057680606842e-03 2.140071801841259003e-02 5.311037600040435791e-02 4.636461287736892700e-02 3.992668911814689636e-02 2.856619097292423248e-02 3.525521606206893921e-02 5.290849879384040833e-02 2.400416508316993713e-02 3.497386351227760315e-02 8.888612687587738037e-02 2.631152048707008362e-02 8.843402564525604248e-02 3.966245055198669434e-02 4.542988911271095276e-02 1.425942685455083847e-02 7.007893174886703491e-02 3.465926647186279297e-02 3.534752875566482544e-02 2.321378700435161591e-02 6.145475897938013077e-03 2.137078344821929932e-02 4.519625380635261536e-02 3.476299718022346497e-02 3.287021443247795105e-02 2.710695378482341766e-02 2.878612652420997620e-02 2.512241899967193604e-02 4.167470149695873260e-03 3.693782165646553040e-02 2.344821766018867493e-02 1.576957479119300842e-02 4.071888048201799393e-03 1.290213409811258316e-02 1.248930301517248154e-02 7.396157365292310715e-03 1.686758920550346375e-02 9.573171846568584442e-03 4.920975305140018463e-03 6.394262891262769699e-03 1.146243792027235031e-02 1.764534972608089447e-02 2.157907932996749878e-02 4.564721882343292236e-02 4.363820701837539673e-02 1.236439682543277740e-02 4.003614559769630432e-02 2.992614731192588806e-02 4.118488729000091553e-02
7.310510426759719849e-02 6.223489344120025635e-02 1.369007769972085953e-02 2.871161885559558868e-02 4.004700854420661926e-02 5.731600150465965271e-02 6.347603350877761841e-02 2.388965710997581482e-02 1.353767793625593185e-02 1.375704538077116013e-02 5.133044123649597168e-01 1.468061376363039017e-02 7.310775667428970337e-02 2.508224919438362122e-03 3.071293421089649200e-02 1.590862311422824860e-02 1.153228059411048889e-02 6.432696245610713959e-03 3.658939525485038757e-02 1.106340158730745316e-02 1.151431910693645477e-02 3.875411674380302429e-02 3.653973713517189026e-02 3.779775276780128479e-02 2.424776740372180939e-02 4.616136103868484497e-02 1.289240736514329910e-02 5.589710921049118042e-02 6.727244704961776733e-02 3.935757651925086975e-02 4.035799356643110514e-04 2.076848037540912628e-02 1.868709549307823181e-02 9.935824200510978699e-03 3.344760462641716003e-02 1.527863275259733200e-02 1.257040444761514664e-02 3.664243221282958984e-02 5.752498749643564224e-03 7.058306131511926651e-03 1.753640919923782349e-02 7.152777630835771561e-03 3.552963584661483765e-02 6.397060118615627289e-03 4.845165088772773743e-02 3.835932165384292603e-02 6.756623089313507080e-02 5.197547376155853271e-02 6.388195906765758991e-04 1.968761347234249115e-02 1.912515796720981598e-02 1.036700094118714333e-03 1.630930043756961823e-02 1.052557304501533508e-02 2.543795481324195862e-02 9.612912312150001526e-03 5.292091518640518188e-03 3.923744335770606995e-02 4.661686345934867859e-02 6.511291954666376114e-03 1.058707665652036667e-02 2.609426900744438171e-02 2.265990898013114929e-02 1.165849901735782623e-02 2.614987641572952271e-02 3.457790985703468323e-02 5.250565707683563232e-02 4.744779691100120544e-02 2.117640152573585510e-02 4.390287399291992188e-02 4.976388439536094666e-02 3.500590799376368523e-03 3.444253280758857727e-02 5.011779442429542542e-02 2.134239068254828453e-03 5.182221159338951111e-02 4.436624422669410706e-02 4.949090257287025452e-02 5.137005820870399475e-02 2.052341820672154427e-03 2.109182626008987427e-02 3.684041276574134827e-02 3.658273443579673767e-02 6.848467513918876648e-03 1.897251978516578674e-02 4.564107861369848251e-03 4.532519727945327759e-02 4.143995791673660278e-02 3.832584619522094727e-02 1.011895108968019485e-02 5.013671517372131348e-02 3.872293233871459961e-02 2.838227711617946625e-02 1.140616647899150848e-02 3.966500237584114075e-02 1.623234245926141739e-03 4.409026354551315308e-03 1.691414229571819305e-02 4.077494144439697266e-02 4.909598454833030701e-02 2.767679095268249512e-02 1.323449308983981609e-03 3.059753403067588806e-02 2.258128486573696136e-02 1.522797066718339920e-02 1.658500358462333679e-02 7.266142871230840683e-03 4.347465932369232178e-03 6.225271150469779968e-03 1.541729434393346310e-03 8.393000811338424683e-03 6.889078766107559204e-03 2.869050577282905579e-02 2.515525370836257935e-02 2.992179989814758301e-02 4.027786850929260254e-02
2.676783874630928040e-02 4.126622900366783142e-02 2.329296991229057312e-02 1.669855974614620209e-02 1.092603523284196854e-02 4.841975495219230652e-02 6.694671232253313065e-03 3.974828496575355530e-02 1.374575681984424591e-02 3.656500950455665588e-02 1.468061376363039017e-02 4.881495833396911621e-01 4.511870443820953369e-02 3.696178644895553589e-02 2.528104186058044434e-02 4.114763438701629639e-02 1.050840318202972412e-02 1.987075619399547577e-02 5.400575697422027588e-02 8.396586403250694275e-03 1.735069230198860168e-02 1.385116600431501865e-03 1.773681305348873138e-02 4.356120899319648743e-02 2.370126731693744659e-02 2.129658497869968414e-02 3.897354751825332642e-02 8.467296510934829712e-02 1.577635295689105988e-02 4.180889204144477844e-02 1.116320304572582245e-02 5.177600681781768799e-02 3.037095814943313599e-02 4.981621168553829193e-03 1.909317821264266968e-02 3.782938048243522644e-02 2.449082955718040466e-02 5.669654812663793564e-03 4.120703320950269699e-03 4.717704281210899353e-02 2.496509812772274017e-02 8.384896442294120789e-03 1.800243183970451355e-02 3.352325409650802612e-03 8.547690510749816895e-02 6.143867038190364838e-03 2.076474763453006744e-02 5.389794334769248962e-02 2.398612163960933685e-02 1.082561444491147995e-02 4.862646106630563736e-03 1.089072600007057190e-02 2.988835424184799194e-02 2.011147327721118927e-02 3.362547606229782104e-02 5.347068980336189270e-02 9.432197548449039459e-03 4.826059192419052124e-02 1.371045690029859543e-02 1.217344868928194046e-02 3.538143355399370193e-03 5.647581070661544800e-02 3.731247037649154663e-02 1.302789431065320969e-02 6.914426106959581375e-03 2.547628805041313171e-02 3.304680809378623962e-02 5.020423233509063721e-02 3.766063600778579712e-02 2.760269679129123688e-02 1.383462734520435333e-02 5.130521208047866821e-02 2.141616120934486389e-02 2.768591977655887604e-02 2.014991082251071930e-02 9.333787485957145691e-03 2.879119478166103363e-02 1.397318765521049500e-02 4.060342162847518921e-02 4.395733401179313660e-02 2.611386403441429138e-02 4.104944411665201187e-03 3.043250553309917450e-02 3.010863997042179108e-02 2.524845115840435028e-02 1.751781068742275238e-02 3.635027632117271423e-02 3.532888740301132202e-02 6.803959608078002930e-02 4.629345610737800598e-02 3.140708897262811661e-03 2.453472279012203217e-02 3.068778105080127716e-02 1.461154501885175705e-02 6.029467284679412842e-02 8.381921797990798950e-02 8.132126182317733765e-03 5.625201389193534851e-03 1.167997135780751705e-03 2.981578931212425232e-02 1.266953535377979279e-03 6.384630687534809113e-03 8.579783025197684765e-04 2.692077681422233582e-02 2.327185682952404022e-02 4.748535528779029846e-02 1.397762261331081390e-02 2.585195936262607574e-02 2.238168753683567047e-02 4.417490214109420776e-02 2.476127631962299347e-02 2.383466623723506927e-02 2.490257099270820618e-02 3.020576573908329010e-02 3.544132411479949951e-02 4.696245491504669189e-02
5.741729587316513062e-02 5.892619118094444275e-02 1.702783256769180298e-02 3.872182220220565796e-02 4.232738912105560303e-02 5.787605419754981995e-02 5.766064673662185669e-02 2.112333476543426514e-02 1.765267224982380867e-04 9.302809834480285645e-03 7.310775667428970337e-02 4.511870443820953369e-02 5.136448740959167480e-01 4.280324652791023254e-02 1.201282534748315811e-02 8.606341667473316193e-03 2.245421521365642548e-02 1.987845869734883308e-03 3.841602429747581482e-02 2.070101350545883179e-02 3.415347775444388390e-03 4.283307492733001709e-02 4.150730557739734650e-03 4.737884178757667542e-02 3.487595543265342712e-02 5.081687867641448975e-02 4.588105715811252594e-03 4.650576412677764893e-02 3.918611258268356323e-02 2.545088902115821838e-02 2.878485014662146568e-03 9.124386124312877655e-03 4.000525921583175659e-02 2.069263951852917671e-03 1.876418665051460266e-02 3.409515321254730225e-02 1.095432881265878677e-02 4.773980751633644104e-02 1.964462688192725182e-03 5.715607199817895889e-03 1.219033822417259216e-02 1.703222654759883881e-02 4.596504569053649902e-02 2.513633482158184052e-02 1.825707033276557922e-02 1.613976247608661652e-02 6.619965285062789917e-02 5.418190732598304749e-02 3.865544125437736511e-02 3.090600110590457916e-02 7.188298273831605911e-03 4.023203998804092407e-02 2.388624660670757294e-02 2.244048006832599640e-02 2.750102430582046509e-03 1.158782932907342911e-02 1.163035631179809570e-02 3.421296551823616028e-02 1.583319157361984253e-02 3.887613490223884583e-02 1.776698231697082520e-02 4.643264785408973694e-02 4.016588442027568817e-03 3.543518483638763428e-02 1.999335922300815582e-02 5.374406278133392334e-02 3.864578157663345337e-02 3.844359517097473145e-02 2.529231272637844086e-02 4.896153137087821960e-02 3.430262207984924316e-02 1.350046787410974503e-02 4.100991412997245789e-02 4.305927082896232605e-02 6.761717610061168671e-03 4.496383666992187500e-02 4.280791431665420532e-02 5.030615627765655518e-02 5.745546519756317139e-02 7.268127053976058960e-03 2.926711179316043854e-02 9.205397218465805054e-03 6.538089830428361893e-03 1.808604411780834198e-02 3.150834888219833374e-02 9.800292551517486572e-03 4.686630517244338989e-02 1.424920279532670975e-02 2.706224471330642700e-02 3.978967294096946716e-02 6.536009907722473145e-02 3.009884804487228394e-02 2.074438147246837616e-03 1.119960565119981766e-02 6.964977830648422241e-03 3.274108096957206726e-02 9.181237779557704926e-03 1.788222417235374451e-02 4.477689042687416077e-02 3.595358505845069885e-02 2.360077761113643646e-02 4.043655004352331161e-03 4.799525719135999680e-03 1.372171333059668541e-03 4.799458663910627365e-03 3.113573603332042694e-02 9.048032574355602264e-03 3.323731943964958191e-02 1.782459672540426254e-03 1.023366488516330719e-02 1.596022769808769226e-02 9.605868719518184662e-03 3.865272179245948792e-02 4.539701715111732483e-02 9.049577638506889343e-03 3.018991276621818542e-02
