5.476137399673461914e-01 2.273287773132324219e-01 2.755551971495151520e-02 3.563889116048812866e-02 2.050634101033210754e-02 1.820591092109680176e-01 1.222488284111022949e-01 1.548678521066904068e-02 2.983789332211017609e-02 2.514704503118991852e-02 1.989035457372665405e-01 2.674725465476512909e-02 1.006642207503318787e-01 2.000491693615913391e-02 5.134670808911323547e-02 2.353780902922153473e-02 2.890440262854099274e-02 1.131703262217342854e-03 1.447845902293920517e-02 2.649237029254436493e-02 2.098234742879867554e-02 1.929912716150283813e-02 2.593803405761718750e-02 2.798826061189174652e-02 2.045225165784358978e-02 4.589679837226867676e-02 3.271181881427764893e-02 2.275965735316276550e-02 1.246842276304960251e-02 1.121835131198167801e-02 1.754971779882907867e-02 1.858185604214668274e-02 2.527592144906520844e-02 3.684667870402336121e-02 2.353343740105628967e-02 2.449788153171539307e-02 2.377260662615299225e-02 1.452197972685098648e-02 1.903796754777431488e-02 1.457500737160444260e-02 2.106194011867046356e-02 9.368243627250194550e-03 5.205462686717510223e-03 2.484327368438243866e-02 4.196639172732830048e-03 4.638927802443504333e-02 1.367989480495452881e-01 8.873885124921798706e-02 2.663778699934482574e-02 3.609613329172134399e-02 4.163414239883422852e-02 5.934198386967182159e-03 4.209638386964797974e-02 4.401760920882225037e-02 2.786479145288467407e-02 3.286681696772575378e-02 1.596911437809467316e-02 5.706626549363136292e-02 1.322487741708755493e-02 8.881165646016597748e-03 2.494563907384872437e-02 3.552904352545738220e-02 3.098820894956588745e-02 5.236786603927612305e-02 1.400284096598625183e-02 4.372021555900573730e-02 1.419293507933616638e-02 1.196029130369424820e-02 3.332673013210296631e-02 3.550065308809280396e-02 2.081786654889583588e-02 2.707034582272171974e-03 1.126222871243953705e-02 3.517591953277587891e-02 4.624922946095466614e-02 2.799803763628005981e-02 2.559841983020305634e-02 1.598903536796569824e-02 2.516725286841392517e-02 2.798251621425151825e-02 1.971331238746643066e-02 2.754419110715389252e-02 9.750913828611373901e-03 1.845738850533962250e-02 9.238289669156074524e-03 1.835241797380149364e-03 1.433637645095586777e-02 5.934354383498430252e-03 3.282522782683372498e-02 2.643021941184997559e-02 6.789090484380722046e-02 1.360851339995861053e-02 5.349332839250564575e-02 1.971655339002609253e-02 4.113225638866424561e-02 2.711563557386398315e-02 2.606859058141708374e-02 2.796547114849090576e-02 1.005816087126731873e-02 1.037701219320297241e-02 3.661330789327621460e-02 2.602273598313331604e-02 8.896774612367153168e-03 1.520593743771314621e-02 2.010549232363700867e-02 2.985189296305179596e-02 4.441917873919010162e-03 3.670341521501541138e-02 1.569485478103160858e-02 5.888463929295539856e-02 3.022244013845920563e-02 7.997039705514907837e-03 4.150035977363586426e-02 3.593763336539268494e-02 2.476739324629306793e-02 2.565686590969562531e-02
2.273287773132324219e-01 5.486273169517517090e-01 2.554218098521232605e-02 3.658828884363174438e-02 1.413684803992509842e-02 1.510686278343200684e-01 1.461199820041656494e-01 3.979593166150152683e-04 7.456860039383172989e-03 3.726230189204216003e-02 1.709604412317276001e-01 3.946240618824958801e-02 1.257294863462448120e-01 1.961352117359638214e-02 5.268062278628349304e-02 4.617101512849330902e-04 7.060814648866653442e-03 1.836195588111877441e-02 1.622630096971988678e-02 2.809814549982547760e-02 2.325243689119815826e-02 1.878137886524200439e-02 2.091658115386962891e-02 3.819900751113891602e-02 2.612132951617240906e-02 3.169150277972221375e-02 3.483349829912185669e-02 3.834703564643859863e-02 3.523967415094375610e-02 6.579328794032335281e-03 2.252037636935710907e-02 2.327244915068149567e-02 1.340294070541858673e-02 3.400068357586860657e-02 2.687116852030158043e-03 3.504015039652585983e-04 2.579845953732728958e-03 1.413697469979524612e-02 9.007168002426624298e-03 2.000239212065935135e-03 1.736795529723167419e-02 2.420090604573488235e-03 3.050432354211807251e-02 3.234960837289690971e-03 1.500467490404844284e-02 3.797674179077148438e-02 1.149384677410125732e-01 1.010561212897300720e-01 3.697093948721885681e-02 1.554340589791536331e-02 9.794878773391246796e-03 2.711760625243186951e-02 1.988370902836322784e-02 4.335318133234977722e-02 2.420884557068347931e-02 1.576446369290351868e-02 1.244050171226263046e-02 2.451268769800662994e-02 4.653888940811157227e-02 1.438120380043983459e-02 2.809572964906692505e-02 4.021856188774108887e-02 1.053535938262939453e-02 2.111468277871608734e-02 9.751316974870860577e-04 2.473743073642253876e-02 2.945739775896072388e-02 3.489497676491737366e-02 1.106964610517024994e-02 2.849186770617961884e-02 4.340866953134536743e-02 1.253033522516489029e-02 8.579077199101448059e-03 7.893371395766735077e-03 3.983202576637268066e-02 3.886478021740913391e-02 9.894592687487602234e-03 3.799003735184669495e-02 1.637641340494155884e-02 2.558553032577037811e-02 8.382424712181091309e-03 3.200127929449081421e-02 9.542386978864669800e-03 1.082964148372411728e-02 9.461545385420322418e-03 6.130698136985301971e-03 3.423400223255157471e-03 4.596816375851631165e-03 1.489185448735952377e-02 2.622204087674617767e-02 5.879599601030349731e-02 1.540678832679986954e-02 6.243103742599487305e-02 9.984745644032955170e-03 4.019007831811904907e-02 3.179185092449188232e-02 3.185692429542541504e-02 3.699377551674842834e-02 1.966811902821063995e-02 1.731434487737715244e-03 2.890282124280929565e-02 2.587161399424076080e-02 4.157279431819915771e-02 2.037032321095466614e-02 4.788799211382865906e-02 3.453104523941874504e-03 2.321130596101284027e-02 1.333450619131326675e-02 1.186085864901542664e-03 1.531102135777473450e-02 6.653488613665103912e-03 2.433235757052898407e-03 1.665821671485900879e-02 1.431362703442573547e-02 1.090102456510066986e-02 5.603008903563022614e-03
2.755551971495151520e-02 2.554218098521232605e-02 4.878109991550445557e-01 3.543137758970260620e-02 1.554660312831401825e-02 2.244908176362514496e-02 2.405148465186357498e-03 7.130450010299682617e-02 2.525372058153152466e-02 2.585594914853572845e-02 2.726557664573192596e-02 2.881222404539585114e-02 3.316715359687805176e-02 3.520146384835243225e-02 3.491836786270141602e-02 8.894965983927249908e-03 4.757022485136985779e-03 2.180690877139568329e-02 2.835407387465238571e-03 5.081265233457088470e-03 3.357139229774475098e-02 3.023828379809856415e-02 1.632544328458607197e-03 1.878005079925060272e-02 3.668786957859992981e-02 2.221399731934070587e-02 1.461204793304204941e-02 1.952374912798404694e-02 1.499020308256149292e-02 2.869654446840286255e-02 3.357835859060287476e-02 1.568851433694362640e-02 2.165307663381099701e-02 9.792963974177837372e-03 2.199732884764671326e-02 1.141140330582857132e-02 2.665918692946434021e-02 2.080695144832134247e-02 1.466817967593669891e-02 2.471110783517360687e-02 9.779216349124908447e-02 3.055225312709808350e-02 3.536572912707924843e-03 6.662818044424057007e-02 1.258806232362985611e-02 9.481386281549930573e-03 8.752020075917243958e-03 1.588477939367294312e-02 2.105795033276081085e-02 2.086046710610389709e-02 3.203678131103515625e-02 2.197552099823951721e-02 1.368577312678098679e-02 4.111000895500183105e-02 1.634548977017402649e-02 8.024922572076320648e-04 2.023842744529247284e-02 3.659495338797569275e-02 3.792669996619224548e-02 4.273955523967742920e-02 2.938379533588886261e-03 4.151306673884391785e-02 2.344836853444576263e-02 2.920925989747047424e-02 7.077078800648450851e-03 1.584844104945659637e-02 1.061509735882282257e-02 3.011377342045307159e-02 1.983099617063999176e-02 3.580341860651969910e-02 1.717710494995117188e-02 3.840082208625972271e-04 3.047872520983219147e-02 3.123229183256626129e-02 2.037197910249233246e-02 9.577294811606407166e-03 2.917399629950523376e-02 2.855522325262427330e-03 1.892794971354305744e-03 2.095702476799488068e-02 2.959190011024475098e-01 1.381440013647079468e-01 3.024539165198802948e-02 4.137391969561576843e-02 2.466822508722543716e-03 8.613433688879013062e-03 4.123545065522193909e-02 2.331940084695816040e-02 2.354922005906701088e-03 6.462068296968936920e-03 6.159096956253051758e-03 2.736880071461200714e-02 1.240187231451272964e-02 3.705764561891555786e-02 3.528456762433052063e-02 3.809186816215515137e-02 4.332300741225481033e-03 8.679633960127830505e-03 1.188552123494446278e-03 1.770623959600925446e-02 1.851446367800235748e-02 3.698976710438728333e-03 2.567791379988193512e-02 2.682169713079929352e-02 2.626437135040760040e-02 2.420735172927379608e-02 8.512428030371665955e-03 1.797942072153091431e-02 7.643461227416992188e-03 1.454795245081186295e-02 2.053755568340420723e-03 1.299647334963083267e-02 4.700573533773422241e-02 1.102695590816438198e-03 2.967575006186962128e-02 1.438912563025951385e-02
3.563889116048812866e-02 3.658828884363174438e-02 3.543137758970260620e-02 5.283314585685729980e-01 1.104345247149467468e-01 2.784006483852863312e-02 2.382350713014602661e-02 1.529981940984725952e-02 2.512763068079948425e-02 4.097084328532218933e-02 2.880530199036002159e-03 1.268454361706972122e-02 2.282171137630939484e-02 3.226794302463531494e-03 7.790128700435161591e-03 3.468791022896766663e-02 1.702322065830230713e-02 3.674267977476119995e-02 4.552360996603965759e-02 2.921810559928417206e-02 4.384694248437881470e-02 3.790420945733785629e-03 4.318823339417576790e-04 4.061342217028141022e-03 1.525336317718029022e-02 1.813113503158092499e-02 1.448841765522956848e-02 1.775719970464706421e-02 3.139740554615855217e-03 2.039260230958461761e-02 4.494987428188323975e-02 2.912781201303005219e-02 6.940666586160659790e-03 1.049069687724113464e-02 7.812087889760732651e-03 2.777517028152942657e-02 2.151954546570777893e-02 4.417598992586135864e-02 5.794750526547431946e-02 4.733301326632499695e-02 1.892109028995037079e-02 1.041478593833744526e-03 1.022934820502996445e-02 2.342977374792098999e-02 1.309883780777454376e-02 7.269817404448986053e-03 2.191435080021619797e-03 1.773286983370780945e-02 4.601844400167465210e-02 5.448707565665245056e-02 2.127996645867824554e-02 3.416293859481811523e-02 2.888875268399715424e-02 3.314901143312454224e-02 2.772860974073410034e-02 2.830350026488304138e-02 3.436438739299774170e-02 3.292440669611096382e-04 3.255308419466018677e-02 1.492433529347181320e-02 2.456435002386569977e-02 3.496010974049568176e-02 3.157597780227661133e-02 1.965679787099361420e-02 5.176113452762365341e-03 3.844518586993217468e-02 3.149012476205825806e-02 4.107917100191116333e-02 5.132893472909927368e-02 2.389619871973991394e-02 2.748568169772624969e-02 5.029618740081787109e-02 1.075905635952949524e-01 4.450797289609909058e-02 8.669724687933921814e-03 4.749008268117904663e-02 7.843673229217529297e-03 5.174246057868003845e-02 1.866037258878350258e-03 2.015206404030323029e-02 1.771500706672668457e-02 4.476419463753700256e-02 6.457997113466262817e-02 4.191515967249870300e-02 5.879940837621688843e-02 3.467045724391937256e-02 2.035328745841979980e-02 4.266895726323127747e-02 2.592598088085651398e-02 2.125932089984416962e-02 1.404815260320901871e-02 3.683527233079075813e-03 3.674521297216415405e-02 1.357759442180395126e-02 2.423392981290817261e-02 2.521524950861930847e-02 1.024120301008224487e-02 8.030438795685768127e-03 3.789900615811347961e-02 2.885754220187664032e-02 2.085240557789802551e-03 4.888719413429498672e-04 2.401680126786231995e-02 7.160136476159095764e-03 6.643075495958328247e-03 3.516315296292304993e-02 4.227049183100461960e-03 4.025392234325408936e-03 5.123981274664402008e-03 4.682983271777629852e-03 4.639504477381706238e-02 6.276255007833242416e-03 1.436032122001051903e-03 7.433210965245962143e-03 1.181459520012140274e-02 4.841866344213485718e-02
2.050634101033210754e-02 1.413684803992509842e-02 1.554660312831401825e-02 1.104345247149467468e-01 5.144743919372558594e-01 4.723059013485908508e-03 1.312324870377779007e-02 3.494052961468696594e-02 4.605183750391006470e-02 5.028483271598815918e-02 9.101320989429950714e-03 2.588395401835441589e-02 1.461363676935434341e-02 1.421643886715173721e-02 1.653117127716541290e-02 2.563051134347915649e-02 2.400198206305503845e-02 3.249569982290267944e-02 3.989188000559806824e-02 3.025972470641136169e-02 2.593550272285938263e-02 8.878130465745925903e-03 9.046792984008789062e-03 1.157880201935768127e-02 1.114362105727195740e-02 1.298561412841081619e-02 2.219839207828044891e-02 2.844854490831494331e-03 1.108633074909448624e-02 1.876296475529670715e-02 3.615967184305191040e-02 2.503515221178531647e-02 2.861581183969974518e-02 1.322255120612680912e-03 5.477329250425100327e-03 2.052072063088417053e-02 6.772014312446117401e-03 3.284475207328796387e-02 6.030598655343055725e-02 6.948266923427581787e-02 2.979436190798878670e-03 6.029762327671051025e-03 2.137260977178812027e-03 1.338342204689979553e-02 2.291529811918735504e-02 4.584290552884340286e-03 1.293609570711851120e-02 2.227422036230564117e-02 2.378253266215324402e-02 4.585721716284751892e-02 3.921872004866600037e-02 3.886750712990760803e-02 4.609372839331626892e-02 2.716212160885334015e-02 2.082815580070018768e-02 2.650991640985012054e-02 1.960444636642932892e-02 5.524003878235816956e-03 2.989858016371726990e-02 1.747838966548442841e-02 1.365682110190391541e-02 4.463101178407669067e-02 2.179000992327928543e-03 4.324640613049268723e-03 5.133925471454858780e-03 8.036144077777862549e-03 3.835067618638277054e-03 2.624506317079067230e-02 2.355974167585372925e-02 3.904888778924942017e-02 1.798926107585430145e-02 2.878795005381107330e-02 8.247481286525726318e-02 1.556751504540443420e-02 6.064032018184661865e-02 4.535211622714996338e-02 4.355419427156448364e-02 2.736323513090610504e-02 9.227641858160495758e-03 1.602695137262344360e-02 1.464701164513826370e-02 1.879710704088211060e-02 3.357261419296264648e-02 6.152822449803352356e-02 3.693002089858055115e-02 2.905556187033653259e-02 2.003808878362178802e-02 3.980790823698043823e-02 5.625280551612377167e-03 3.852491825819015503e-02 1.432637032121419907e-02 2.371186017990112305e-02 3.884273767471313477e-02 1.759034954011440277e-02 4.263433814048767090e-02 4.662235081195831299e-02 3.301825374364852905e-02 3.003289923071861267e-03 3.143795579671859741e-02 3.216105327010154724e-02 4.857232328504323959e-03 4.541283007711172104e-03 4.010426998138427734e-02 2.654533088207244873e-02 1.238924451172351837e-02 5.235115811228752136e-02 6.713008508086204529e-03 4.791439976543188095e-03 1.248235348612070084e-02 1.534986030310392380e-02 4.001580923795700073e-02 6.080397870391607285e-03 1.087397336959838867e-03 3.611105494201183319e-03 3.064503893256187439e-02 1.107297092676162720e-02
1.820591092109680176e-01 1.510686278343200684e-01 2.244908176362514496e-02 2.784006483852863312e-02 4.723059013485908508e-03 5.527328252792358398e-01 2.284225672483444214e-01 7.499150931835174561e-02 1.741139404475688934e-02 3.539470583200454712e-02 1.248654574155807495e-01 2.928604371845722198e-02 9.309212118387222290e-02 4.930352047085762024e-02 1.403044816106557846e-02 3.338991850614547729e-02 3.746850416064262390e-02 6.357410922646522522e-03 6.029443349689245224e-03 4.485483281314373016e-03 2.379391528666019440e-02 2.362664975225925446e-02 2.274158596992492676e-02 2.637059055268764496e-02 3.390480950474739075e-02 2.036977559328079224e-02 1.703659631311893463e-02 3.101678099483251572e-03 1.958629116415977478e-03 2.194285951554775238e-02 1.006608828902244568e-02 5.626264959573745728e-03 3.167467936873435974e-02 2.884571999311447144e-02 3.450313583016395569e-02 3.062432818114757538e-02 4.426836036145687103e-03 1.997162029147148132e-02 2.663314342498779297e-02 3.867461159825325012e-02 3.696301952004432678e-02 2.968930453062057495e-02 3.382101282477378845e-02 2.412977814674377441e-02 7.542027742601931095e-04 2.143576368689537048e-02 2.062965035438537598e-01 1.207062974572181702e-01 1.246593799442052841e-02 3.842280805110931396e-02 1.058661472052335739e-02 3.298094496130943298e-02 2.790861204266548157e-02 3.005815483629703522e-02 6.967571098357439041e-03 3.658533841371536255e-02 2.143372409045696259e-02 2.800683863461017609e-02 3.397574275732040405e-02 4.656279459595680237e-02 1.892070844769477844e-02 3.825224936008453369e-02 1.048227585852146149e-02 6.846709642559289932e-03 1.593231782317161560e-02 1.858665980398654938e-02 1.423944532871246338e-02 9.200856089591979980e-03 3.201995417475700378e-02 2.503603324294090271e-02 1.661598309874534607e-02 2.881718566641211510e-03 1.129477098584175110e-02 1.761338673532009125e-02 7.279129698872566223e-03 8.110232301987707615e-04 2.512296102941036224e-02 3.706020489335060120e-02 5.997206084430217743e-03 1.027936488389968872e-02 1.831008866429328918e-02 3.972401469945907593e-02 1.295192446559667587e-02 3.181063011288642883e-02 6.917563267052173615e-03 3.765424247831106186e-03 4.985450208187103271e-02 7.141716312617063522e-03 4.281008616089820862e-02 3.677117452025413513e-02 5.906410515308380127e-02 3.523503988981246948e-02 6.726667284965515137e-02 4.061071202158927917e-03 6.973238661885261536e-03 4.580443259328603745e-03 3.082932159304618835e-02 2.719859220087528229e-02 1.518633309751749039e-02 3.294836357235908508e-02 3.310324251651763916e-02 1.259705051779747009e-02 2.272461913526058197e-02 1.726778596639633179e-02 1.130830589681863785e-02 2.231309190392494202e-02 1.871439814567565918e-02 3.352267667651176453e-02 3.337727859616279602e-02 2.975345216691493988e-02 2.116540074348449707e-02 9.830093476921319962e-04 1.275326404720544815e-02 3.005301579833030701e-02 1.174882240593433380e-02 3.318936750292778015e-02
1.222488284111022949e-01 1.461199820041656494e-01 2.405148465186357498e-03 2.382350713014602661e-02 1.312324870377779007e-02 2.284225672483444214e-01 5.529058575630187988e-01 7.437495887279510498e-02 2.361551451031118631e-04 4.335860162973403931e-02 1.077172532677650452e-01 1.208167430013418198e-02 9.028543531894683838e-02 4.271009936928749084e-02 1.975777186453342438e-02 2.722312510013580322e-02 3.397753462195396423e-02 5.857424344867467880e-03 5.409369710832834244e-03 3.849812969565391541e-02 2.794793061912059784e-02 4.403501376509666443e-02 4.026155173778533936e-02 1.717907562851905823e-02 3.833983093500137329e-02 9.018833748996257782e-03 1.471022330224514008e-02 4.348895698785781860e-02 1.583076082170009613e-02 4.733075387775897980e-03 2.402155287563800812e-02 3.407046198844909668e-02 7.388072554022073746e-03 2.104151807725429535e-02 1.663645170629024506e-02 2.992937527596950531e-02 8.528415113687515259e-03 2.259120903909206390e-02 2.088003978133201599e-02 1.672292128205299377e-02 2.363696135580539703e-02 3.032047487795352936e-02 1.439801300875842571e-03 2.228606492280960083e-02 1.762431859970092773e-02 1.431114133447408676e-02 1.880318522453308105e-01 1.633759737014770508e-01 1.617660373449325562e-02 1.751155592501163483e-02 4.101964458823204041e-02 1.868215948343276978e-02 3.060184232890605927e-02 3.482338786125183105e-02 2.274939417839050293e-02 7.629855070263147354e-03 4.612768534570932388e-04 8.064465597271919250e-03 4.350658506155014038e-02 4.654457047581672668e-02 3.017913317307829857e-03 4.363168403506278992e-02 1.845741085708141327e-02 1.022935286164283752e-02 1.368521992117166519e-02 2.293206937611103058e-02 2.239921130239963531e-02 2.848165482282638550e-02 2.328856289386749268e-02 3.058514930307865143e-02 3.906815871596336365e-02 7.586372550576925278e-03 1.620150986127555370e-03 1.819104142487049103e-02 3.149362653493881226e-02 8.617965504527091980e-03 1.694041863083839417e-02 1.507480349391698837e-02 4.084025323390960693e-02 3.586631268262863159e-02 4.102196916937828064e-02 1.369532570242881775e-02 5.845348350703716278e-04 3.060239925980567932e-02 2.955702878534793854e-02 2.698471955955028534e-02 4.120409861207008362e-02 2.024961635470390320e-02 6.081077735871076584e-04 2.263827063143253326e-02 5.909515172243118286e-02 4.027656465768814087e-02 8.343675732612609863e-02 4.619005601853132248e-03 1.590272039175033569e-02 7.569790352135896683e-03 1.216561533510684967e-02 2.177956141531467438e-02 3.203629329800605774e-02 6.549678277224302292e-03 2.090338803827762604e-02 2.186269499361515045e-02 3.304700925946235657e-02 1.268609613180160522e-02 1.499222125858068466e-02 3.728326410055160522e-02 2.377330325543880463e-02 4.774997383356094360e-02 2.051843889057636261e-02 5.429668724536895752e-02 2.520147711038589478e-02 1.847517117857933044e-02 3.391519561409950256e-02 2.680154889822006226e-02 1.447242498397827148e-02 3.683020547032356262e-02
1.548678521066904068e-02 3.979593166150152683e-04 7.130450010299682617e-02 1.529981940984725952e-02 3.494052961468696594e-02 7.499150931835174561e-02 7.437495887279510498e-02 4.914056062698364258e-01 4.746048711240291595e-03 1.254915026947855949e-03 7.160180713981389999e-03 5.567599087953567505e-03 3.731249645352363586e-02 1.381147280335426331e-02 9.104439616203308105e-02 2.338610030710697174e-02 3.285865485668182373e-02 2.288409881293773651e-02 1.328926626592874527e-02 2.031014300882816315e-02 2.998022176325321198e-02 2.078808844089508057e-02 2.403701655566692352e-02 2.803930826485157013e-02 3.987957909703254700e-02 3.051974810659885406e-02 3.521785885095596313e-02 4.653146024793386459e-03 3.581743687391281128e-02 1.395724434405565262e-02 2.362059988081455231e-02 3.207629173994064331e-02 7.766931783407926559e-03 2.994227781891822815e-02 4.832702223211526871e-03 1.308490149676799774e-02 9.448258206248283386e-03 4.283018782734870911e-02 1.480229012668132782e-02 5.639848299324512482e-03 3.641580464318394661e-03 3.886843100190162659e-02 3.825861215591430664e-02 4.297885671257972717e-02 1.833808049559593201e-02 2.286688983440399170e-02 7.202671468257904053e-02 5.315413698554039001e-03 2.057222463190555573e-02 1.315167057327926159e-03 5.558055639266967773e-02 2.357723377645015717e-02 3.974155522882938385e-03 2.465305663645267487e-02 3.582939505577087402e-02 3.334680339321494102e-03 3.736957535147666931e-02 1.193428318947553635e-02 3.788958117365837097e-02 2.759603969752788544e-02 6.832931190729141235e-03 4.088876023888587952e-02 4.101453348994255066e-02 1.246285811066627502e-02 1.613971777260303497e-02 2.339826524257659912e-02 1.460326462984085083e-02 1.568914577364921570e-02 2.658799290657043457e-03 1.379279233515262604e-02 1.635003834962844849e-02 3.982232883572578430e-02 6.890245713293552399e-03 1.397644402459263802e-03 1.268259715288877487e-02 1.084227580577135086e-02 7.730051293037831783e-04 4.063623026013374329e-03 5.903705488890409470e-03 2.083102427423000336e-02 1.819121986627578735e-01 1.313007771968841553e-01 1.086542475968599319e-02 4.113428667187690735e-02 3.454594314098358154e-02 2.675701677799224854e-02 1.425869464874267578e-01 5.933162197470664978e-02 3.983393684029579163e-02 3.219319134950637817e-02 2.709017507731914520e-02 3.567881882190704346e-02 2.225662954151630402e-02 1.308420905843377113e-03 3.526991605758666992e-02 2.108543366193771362e-02 6.443987134844064713e-03 3.217924758791923523e-02 3.225143626332283020e-02 2.702704817056655884e-02 1.256335992366075516e-02 4.237358272075653076e-02 4.319816082715988159e-02 2.082254551351070404e-02 9.228882379829883575e-03 1.676026917994022369e-02 1.221392769366502762e-02 3.332044184207916260e-02 9.959597140550613403e-03 4.157397150993347168e-02 2.049493789672851562e-02 4.197171702980995178e-02 3.654969483613967896e-02 2.170981094241142273e-02 2.723111957311630249e-02 3.098015673458576202e-02
2.983789332211017609e-02 7.456860039383172989e-03 2.525372058153152466e-02 2.512763068079948425e-02 4.605183750391006470e-02 1.741139404475688934e-02 2.361551451031118631e-04 4.746048711240291595e-03 5.162835717201232910e-01 1.284813135862350464e-01 2.583743818104267120e-02 1.359565369784832001e-02 5.516981240361928940e-03 3.914187103509902954e-02 4.260208830237388611e-02 3.786404058337211609e-02 3.151534870266914368e-02 9.097572416067123413e-02 8.080734987743198872e-04 3.949589282274246216e-02 4.529930278658866882e-02 3.405688703060150146e-02 1.291830558329820633e-02 2.597180660814046860e-03 4.563923552632331848e-02 5.055507272481918335e-02 4.021324589848518372e-02 5.584061145782470703e-02 6.178092956542968750e-02 8.352846838533878326e-03 4.811487346887588501e-02 1.716483011841773987e-02 4.854448139667510986e-02 5.371814593672752380e-02 3.595523908734321594e-02 4.828170873224735260e-03 3.377005830407142639e-02 9.317888761870563030e-04 3.203042596578598022e-02 5.446496978402137756e-02 1.079109776765108109e-02 3.109665215015411377e-02 2.339044399559497833e-02 9.271790273487567902e-03 1.908176927827298641e-03 5.182200297713279724e-02 3.151682019233703613e-02 2.044450119137763977e-02 4.167436063289642334e-02 2.211536280810832977e-02 1.922966912388801575e-02 2.812765352427959442e-02 2.564667724072933197e-02 2.698192931711673737e-02 8.187048882246017456e-02 2.534161321818828583e-02 2.861586399376392365e-02 4.145529493689537048e-02 5.870457272976636887e-03 4.218754172325134277e-02 1.141511462628841400e-02 1.566279120743274689e-02 1.826735585927963257e-02 3.798458352684974670e-02 8.926169946789741516e-03 9.934689849615097046e-03 3.377347812056541443e-02 4.245690256357192993e-02 7.819002866744995117e-02 7.767345290631055832e-03 3.354470431804656982e-02 3.838833793997764587e-02 1.585996523499488831e-02 2.254770882427692413e-02 7.518121041357517242e-03 2.718209475278854370e-02 1.989603340625762939e-01 1.078616231679916382e-01 1.057959422469139099e-01 6.042238324880599976e-02 1.354182418435811996e-02 7.041031029075384140e-03 3.009640797972679138e-02 1.424402184784412384e-02 1.149878930300474167e-02 2.683104202151298523e-02 3.345463797450065613e-02 3.113816305994987488e-02 6.697782129049301147e-02 1.226205844432115555e-02 3.925917297601699829e-02 8.993178606033325195e-03 2.824212424457073212e-02 1.661395840346813202e-02 5.769900977611541748e-03 9.500995278358459473e-03 7.101552560925483704e-03 2.824781090021133423e-02 3.331978246569633484e-02 4.538054578006267548e-03 1.946647278964519501e-02 1.036407519131898880e-02 1.821078546345233917e-02 1.684716530144214630e-02 2.402616478502750397e-02 2.838497795164585114e-02 1.339701097458600998e-02 3.409168496727943420e-02 2.762056328356266022e-02 3.745433315634727478e-02 5.055946484208106995e-02 1.689531654119491577e-02 4.196132719516754150e-02 4.484958946704864502e-02 1.326258294284343719e-02 9.160798043012619019e-03
2.514704503118991852e-02 3.726230189204216003e-02 2.585594914853572845e-02 4.097084328532218933e-02 5.028483271598815918e-02 3.539470583200454712e-02 4.335860162973403931e-02 1.254915026947855949e-03 1.284813135862350464e-01 5.200268030166625977e-01 2.546229213476181030e-02 1.451350748538970947e-02 1.145824976265430450e-02 3.037490323185920715e-02 2.371213957667350769e-02 5.237990245223045349e-02 7.030969485640525818e-03 3.010078566148877144e-03 3.928073495626449585e-02 3.330499678850173950e-02 1.174040976911783218e-02 2.877119369804859161e-02 2.269722148776054382e-02 6.393583118915557861e-02 1.510778069496154785e-02 2.433581091463565826e-02 2.832298167049884796e-02 3.963482007384300232e-02 6.887787603773176670e-04 3.151646628975868225e-02 4.523486830294132233e-03 1.428221818059682846e-02 1.535403542220592499e-02 4.048736393451690674e-02 8.834840729832649231e-03 8.219571784138679504e-03 1.355233415961265564e-02 1.051821094006299973e-02 5.408684536814689636e-02 6.135775148868560791e-02 4.442763328552246094e-02 1.032810565084218979e-02 6.788679864257574081e-03 2.442994341254234314e-02 1.494503929279744625e-03 1.025081239640712738e-02 2.460449002683162689e-02 1.578406430780887604e-02 2.103608334437012672e-03 6.613267213106155396e-02 2.783240564167499542e-02 2.663724869489669800e-02 3.790227696299552917e-02 3.681789338588714600e-02 1.207432616502046585e-02 5.764178559184074402e-02 1.569852605462074280e-02 1.830454543232917786e-02 3.671226650476455688e-02 1.501735579222440720e-02 6.052988767623901367e-02 3.481467440724372864e-02 2.457476593554019928e-02 5.358254536986351013e-03 1.859260536730289459e-02 1.212286110967397690e-02 3.638159111142158508e-02 2.503061667084693909e-02 1.312937308102846146e-02 3.648287057876586914e-02 4.292512312531471252e-02 3.626041114330291748e-02 1.179884653538465500e-02 2.572732791304588318e-02 4.954829066991806030e-02 3.931927308440208435e-02 5.471802875399589539e-02 1.727874279022216797e-01 4.536139592528343201e-02 1.609954386949539185e-01 4.332032799720764160e-02 3.599654883146286011e-02 1.403421349823474884e-02 4.197334498167037964e-02 2.740230597555637360e-02 5.270016193389892578e-02 1.217993814498186111e-02 3.229837864637374878e-02 1.024487335234880447e-02 1.114805489778518677e-01 2.022332698106765747e-02 1.515530701726675034e-02 1.565887406468391418e-02 3.460976853966712952e-02 5.237991572357714176e-04 1.654215902090072632e-02 1.289244182407855988e-02 1.148801483213901520e-02 4.167206585407257080e-03 1.147687993943691254e-02 8.610702119767665863e-03 7.590603549033403397e-03 4.453398287296295166e-02 2.872324362397193909e-02 1.525269821286201477e-02 3.674240782856941223e-02 8.771371096372604370e-03 3.916854783892631531e-02 7.262675091624259949e-03 3.553990647196769714e-02 2.955334447324275970e-02 6.173050031065940857e-03 5.681879445910453796e-02 3.119866177439689636e-02 4.056872427463531494e-02 3.134046122431755066e-02
1.989035457372665405e-01 1.709604412317276001e-01 2.726557664573192596e-02 2.880530199036002159e-03 9.101320989429950714e-03 1.248654574155807495e-01 1.077172532677650452e-01 7.160180713981389999e-03 2.583743818104267120e-02 2.546229213476181030e-02 5.376412272453308105e-01 1.763339154422283173e-02 1.831161379814147949e-01 3.138740360736846924e-02 4.578203428536653519e-03 2.122061140835285187e-02 1.951832510530948639e-02 8.276049047708511353e-03 2.685452811419963837e-02 7.345062214881181717e-03 2.123290859162807465e-02 5.735028907656669617e-02 2.640270255506038666e-02 3.695883601903915405e-02 3.321656957268714905e-02 1.953204162418842316e-02 3.125865012407302856e-02 1.105717755854129791e-02 3.949351981282234192e-02 2.339300233870744705e-03 2.755053527653217316e-02 7.606968749314546585e-03 3.648896468803286552e-03 2.989752218127250671e-02 1.754754222929477692e-02 5.560304503887891769e-03 2.364396117627620697e-02 6.461097858846187592e-03 4.049552977085113525e-02 2.248866856098175049e-02 3.128991276025772095e-02 1.222626958042383194e-02 2.701911609619855881e-03 6.381098064593970776e-04 4.671950358897447586e-03 2.947095781564712524e-02 1.223959252238273621e-01 8.417723327875137329e-02 2.768051996827125549e-02 1.862323726527392864e-03 1.324551645666360855e-02 1.499458122998476028e-02 3.966423217207193375e-03 8.355253376066684723e-04 7.509294431656599045e-03 1.153853069990873337e-02 3.912198171019554138e-02 1.605024375021457672e-02 4.883683845400810242e-02 2.988980896770954132e-02 3.374107927083969116e-02 3.882738202810287476e-02 6.363561842590570450e-03 5.279634147882461548e-03 5.791858583688735962e-02 8.676309138536453247e-02 3.168678283691406250e-02 1.708550006151199341e-02 3.347913920879364014e-02 1.130785699933767319e-02 2.516391314566135406e-02 3.454637899994850159e-02 5.025557707995176315e-03 4.271646030247211456e-03 9.863888844847679138e-03 3.430736809968948364e-02 1.753271743655204773e-02 3.105180896818637848e-02 5.097447428852319717e-03 2.010747976601123810e-02 4.049892071634531021e-03 2.958041988313198090e-02 1.008126605302095413e-02 2.499913610517978668e-02 1.750638242810964584e-03 1.472893264144659042e-02 4.408905282616615295e-02 1.524384692311286926e-02 3.965526074171066284e-02 3.851346299052238464e-02 3.979969397187232971e-02 5.056798085570335388e-02 6.930031627416610718e-02 4.444407299160957336e-02 2.436491474509239197e-02 3.332645446062088013e-02 4.157327860593795776e-02 3.169690445065498352e-02 1.174039673060178757e-02 1.207966729998588562e-02 3.410492092370986938e-02 1.545008551329374313e-02 1.509561575949192047e-02 6.300373934209346771e-03 2.775537036359310150e-02 4.320564493536949158e-02 1.698213978670537472e-03 1.451010117307305336e-03 3.060977719724178314e-02 2.850219607353210449e-02 1.040200702846050262e-02 1.595877483487129211e-02 1.675578951835632324e-02 1.850589178502559662e-02 3.962054848670959473e-02 2.759283408522605896e-02
2.674725465476512909e-02 3.946240618824958801e-02 2.881222404539585114e-02 1.268454361706972122e-02 2.588395401835441589e-02 2.928604371845722198e-02 1.208167430013418198e-02 5.567599087953567505e-03 1.359565369784832001e-02 1.451350748538970947e-02 1.763339154422283173e-02 5.039128065109252930e-01 3.921751305460929871e-02 2.528108656406402588e-01 2.457698108628392220e-03 4.075462371110916138e-02 9.223584085702896118e-03 2.339298836886882782e-02 2.279116213321685791e-02 1.478836499154567719e-02 2.689691819250583649e-02 2.602685242891311646e-02 1.019098795950412750e-02 8.554092608392238617e-03 4.574539884924888611e-02 1.241762936115264893e-02 1.985274627804756165e-02 2.467793412506580353e-02 1.041169092059135437e-02 1.422203518450260162e-02 3.060566075146198273e-02 4.748545179609209299e-04 8.517419919371604919e-03 3.584913536906242371e-02 1.537856273353099823e-02 2.876923419535160065e-02 2.083742246031761169e-02 1.115641091018915176e-02 4.869033396244049072e-02 2.749856188893318176e-02 2.493737637996673584e-02 9.541119448840618134e-03 9.973643347620964050e-03 3.240344673395156860e-02 1.009533703327178955e-01 4.921930655837059021e-02 2.384621649980545044e-02 3.891973942518234253e-02 1.729307137429714203e-02 3.261110931634902954e-02 6.713902112096548080e-03 2.792126312851905823e-02 1.400613877922296524e-02 3.437018021941184998e-02 2.058627642691135406e-02 3.012176975607872009e-02 1.662938855588436127e-03 1.123457029461860657e-02 7.234634831547737122e-03 1.648540981113910675e-02 3.617335483431816101e-02 3.957240283489227295e-02 2.914928458631038666e-02 4.265437275171279907e-02 1.862013339996337891e-02 3.555279970169067383e-02 7.061857730150222778e-03 1.667343778535723686e-03 4.826477915048599243e-02 1.339342072606086731e-02 3.679531626403331757e-03 2.125257253646850586e-02 4.495955258607864380e-02 4.135396331548690796e-02 5.251276865601539612e-02 5.688257981091737747e-03 7.440739125013351440e-02 1.082854792475700378e-01 2.565272711217403412e-02 1.933528110384941101e-02 2.845554053783416748e-02 1.695643365383148193e-02 2.093766815960407257e-02 3.336209058761596680e-02 1.594545878469944000e-02 3.950004652142524719e-02 4.755675792694091797e-02 3.985298797488212585e-02 3.407751023769378662e-02 4.618182033300399780e-02 4.648990929126739502e-03 3.735108301043510437e-02 9.488066658377647400e-03 1.725196093320846558e-02 1.271413755603134632e-03 9.616244584321975708e-03 1.095277443528175354e-02 5.220455117523670197e-03 1.087387651205062866e-02 9.206728078424930573e-03 1.493553910404443741e-02 3.766443580389022827e-02 2.790225110948085785e-02 3.582793101668357849e-02 2.378339506685733795e-02 4.483617097139358521e-02 4.389666393399238586e-02 3.047385811805725098e-02 2.381382882595062256e-02 1.641682162880897522e-02 1.974754408001899719e-02 1.019965857267379761e-02 8.877532556653022766e-03 1.710581709630787373e-03 2.000648342072963715e-02 1.844791509211063385e-02
1.006642207503318787e-01 1.257294863462448120e-01 3.316715359687805176e-02 2.282171137630939484e-02 1.461363676935434341e-02 9.309212118387222290e-02 9.028543531894683838e-02 3.731249645352363586e-02 5.516981240361928940e-03 1.145824976265430450e-02 1.831161379814147949e-01 3.921751305460929871e-02 5.303499102592468262e-01 3.521587327122688293e-02 3.194773802533745766e-03 6.473260000348091125e-03 2.431206405162811279e-02 1.305475272238254547e-02 2.433923073112964630e-03 2.853524126112461090e-02 3.076280094683170319e-02 3.721658885478973389e-02 2.347443252801895142e-03 1.338815432973206043e-03 4.115730151534080505e-02 2.685162797570228577e-02 4.427297413349151611e-02 2.407982386648654938e-02 4.159845411777496338e-02 1.154528930783271790e-02 6.483032554388046265e-02 8.007124066352844238e-03 4.109610617160797119e-02 2.839008532464504242e-02 4.578649252653121948e-02 3.906136378645896912e-02 2.705211937427520752e-02 5.163665115833282471e-02 2.167766168713569641e-02 1.223880797624588013e-03 3.238402679562568665e-02 3.019253723323345184e-02 1.050759572535753250e-02 3.918572911061346531e-04 2.820469811558723450e-02 2.697658725082874298e-02 7.106587290763854980e-02 8.088018000125885010e-02 9.538710000924766064e-04 1.553373876959085464e-03 1.688598468899726868e-02 4.344039782881736755e-02 3.811847418546676636e-02 1.942864246666431427e-02 9.909876622259616852e-03 3.947187215089797974e-03 2.693709172308444977e-02 4.184874147176742554e-02 2.390653640031814575e-02 8.031154051423072815e-03 2.286464907228946686e-02 2.586153522133827209e-02 5.397139117121696472e-02 4.799415543675422668e-02 6.792701780796051025e-02 1.133275553584098816e-01 1.231492869555950165e-02 2.248025313019752502e-02 6.065350957214832306e-03 2.128180116415023804e-02 4.864932596683502197e-02 4.136714711785316467e-02 2.197511680424213409e-02 1.016753260046243668e-03 4.352252930402755737e-02 1.900741457939147949e-02 3.997891396284103394e-02 4.244560003280639648e-02 1.437366753816604614e-02 1.409476343542337418e-02 3.558110445737838745e-02 2.723012492060661316e-02 3.499884391203522682e-03 1.562693715095520020e-02 1.701216242508962750e-04 3.728422150015830994e-02 5.582484230399131775e-02 4.741581901907920837e-02 1.550690550357103348e-02 2.283567003905773163e-02 3.136618062853813171e-02 2.078819088637828827e-02 6.018500402569770813e-02 2.411594428122043610e-02 2.856160141527652740e-02 1.463442388921976089e-02 2.810248546302318573e-02 5.546383094042539597e-03 4.027483239769935608e-02 3.207382187247276306e-02 9.993811836466193199e-04 2.500049024820327759e-02 2.726158685982227325e-02 2.757243625819683075e-02 1.112176221795380116e-03 6.074162665754556656e-03 1.263100188225507736e-02 2.973102033138275146e-02 1.044134516268968582e-02 4.838277772068977356e-02 4.021784290671348572e-02 4.713489115238189697e-02 1.664039678871631622e-02 3.275340655818581581e-03 3.707274049520492554e-02 9.590680710971355438e-03
