5.477019548416137695e-01 1.341112256050109863e-01 6.786696612834930420e-04 2.909735962748527527e-02 2.091649547219276428e-02 1.188099011778831482e-01 1.222366765141487122e-01 1.986301317811012268e-02 1.238208264112472534e-02 3.120519220829010010e-02 1.065586656332015991e-01 4.250651970505714417e-02 8.697298169136047363e-02 4.174511996097862720e-04 1.354782376438379288e-02 2.688118815422058105e-02 1.792762055993080139e-02 3.662506118416786194e-02 2.737412229180335999e-02 3.877114504575729370e-04 1.092421589419245720e-03 3.166005387902259827e-02 3.843596205115318298e-02 1.842256262898445129e-02 2.151316402887459844e-05 8.362329564988613129e-03 3.510427474975585938e-02 3.475572913885116577e-02 1.766634918749332428e-02 3.186216205358505249e-02 2.453525178134441376e-02 4.053727164864540100e-02 4.865770693868398666e-03 1.087868772447109222e-02 3.676613047719001770e-02 2.591747604310512543e-02 1.973502337932586670e-02 1.601922884583473206e-02 2.850184403359889984e-02 6.307034636847674847e-04 3.160429373383522034e-02 5.980291403830051422e-03 4.317848011851310730e-02 3.375663608312606812e-02 2.902971114963293076e-03 5.144412815570831299e-02 8.733517676591873169e-02 7.900830358266830444e-02 2.454185672104358673e-02 4.863958060741424561e-02 3.840447589755058289e-02 2.023611590266227722e-02 2.118977345526218414e-02 3.813163191080093384e-02 8.914859034121036530e-03 3.865785151720046997e-02 3.917596302926540375e-03 1.742075110087171197e-04 9.505298919975757599e-03 4.284565895795822144e-02 4.163287952542304993e-02 2.968915272504091263e-03 4.463560506701469421e-02 2.402093447744846344e-02 3.204880282282829285e-02 2.717797458171844482e-02 8.775038644671440125e-03 2.993153035640716553e-02 4.221549630165100098e-02 2.980940416455268860e-02 1.796800643205642700e-02 2.735040523111820221e-02 1.646045595407485962e-02 2.181327529251575470e-02 7.072452455759048462e-03 1.240415871143341064e-02 2.790473774075508118e-02 3.825305774807929993e-02 3.645181655883789062e-02 3.565033525228500366e-02 2.467253617942333221e-02 4.004247114062309265e-02 2.305455505847930908e-02 1.161278970539569855e-02 4.037611931562423706e-02 1.708113774657249451e-02 3.716385737061500549e-02 3.890914842486381531e-02 4.623869899660348892e-03 2.318727411329746246e-02 4.062434285879135132e-02 2.189790643751621246e-02 6.326381862163543701e-02 7.849221117794513702e-03 8.626145310699939728e-03 3.837641701102256775e-02 3.355327993631362915e-02 3.311468986794352531e-03 1.687620882876217365e-03 3.291145339608192444e-02 3.399218991398811340e-02 3.277469426393508911e-02 2.057554665952920914e-03 1.568838767707347870e-02 2.064975909888744354e-02 8.444530976703390479e-05 2.271663397550582886e-03 4.433190450072288513e-02 5.405850708484649658e-02 3.458734974265098572e-02 7.403163239359855652e-03 1.699312962591648102e-02 4.458900541067123413e-03 1.803991835913620889e-05 3.404107317328453064e-02 8.805136196315288544e-03
1.341112256050109863e-01 5.487688779830932617e-01 2.145568467676639557e-02 3.863800317049026489e-02 2.568842843174934387e-02 1.222076341509819031e-01 1.348416954278945923e-01 2.764785476028919220e-02 1.138759683817625046e-02 3.470196947455406189e-02 9.124161303043365479e-02 3.255496174097061157e-02 1.055184677243232727e-01 2.043665386736392975e-02 6.570695340633392334e-02 2.491028420627117157e-02 4.924210370518267155e-04 5.408757925033569336e-02 3.920170478522777557e-03 1.889590988866984844e-03 7.762281224131584167e-03 5.280070379376411438e-02 3.045025095343589783e-02 9.719694033265113831e-03 6.620269268751144409e-03 1.704448834061622620e-02 4.422714188694953918e-02 2.328209206461906433e-02 1.080908253788948059e-02 4.286664351820945740e-02 8.779512718319892883e-03 8.425333537161350250e-03 3.420638665556907654e-02 2.103604376316070557e-02 3.353246673941612244e-02 3.727284073829650879e-02 2.482771128416061401e-02 4.371972009539604187e-02 1.821104064583778381e-02 1.347154285758733749e-02 2.691525779664516449e-02 3.123420756310224533e-03 2.433232218027114868e-02 1.438436843454837799e-02 8.071605116128921509e-03 4.329881072044372559e-02 9.136252850294113159e-02 6.683184951543807983e-02 1.020214334130287170e-02 3.501679748296737671e-02 2.108663134276866913e-02 4.586812481284141541e-02 1.784240640699863434e-02 4.320397973060607910e-02 9.206932969391345978e-03 4.100646823644638062e-02 1.540827751159667969e-02 1.587260328233242035e-02 2.192330919206142426e-02 1.885801553726196289e-02 3.495630621910095215e-02 1.430503278970718384e-02 4.073924571275711060e-02 3.583335131406784058e-02 3.340938314795494080e-02 3.636479377746582031e-02 4.603465273976325989e-02 2.936332672834396362e-02 2.879628352820873260e-02 4.547293111681938171e-02 3.956164047122001648e-02 2.700734511017799377e-02 4.647469893097877502e-02 3.137747570872306824e-02 3.390872851014137268e-02 1.393745467066764832e-02 9.158439934253692627e-03 4.599836096167564392e-02 2.799743600189685822e-02 3.017311729490756989e-02 1.124329771846532822e-02 1.143273897469043732e-02 3.996245563030242920e-02 1.602608151733875275e-02 2.909275889396667480e-02 2.055687829852104187e-02 2.505098469555377960e-02 2.148777805268764496e-02 4.872474446892738342e-02 3.855853527784347534e-02 2.423874661326408386e-02 1.313796639442443848e-02 4.568612203001976013e-02 1.985938847064971924e-02 3.929718211293220520e-02 1.665872405283153057e-03 3.247772529721260071e-02 2.251113764941692352e-02 4.069808870553970337e-03 1.506920438259840012e-02 3.256142139434814453e-02 1.024434901773929596e-02 2.773963101208209991e-02 9.115130640566349030e-03 2.794726565480232239e-02 4.987605661153793335e-02 3.375968430191278458e-03 4.753319919109344482e-02 1.469810493290424347e-02 4.552377760410308838e-02 4.168145358562469482e-03 2.625210443511605263e-03 9.154425002634525299e-03 1.724627986550331116e-02 8.694740012288093567e-03 5.284961313009262085e-02
6.786696612834930420e-04 2.145568467676639557e-02 5.311698317527770996e-01 3.042792435735464096e-03 1.896892301738262177e-02 2.262712077936157584e-04 7.057037204504013062e-03 1.206108480691909790e-01 5.979636218398809433e-03 3.808221966028213501e-02 1.661809044890105724e-03 3.505148738622665405e-02 2.498441189527511597e-02 1.020498014986515045e-02 8.075940608978271484e-02 7.164128124713897705e-03 9.204160422086715698e-03 2.141591906547546387e-02 4.581818729639053345e-02 8.155643008649349213e-03 2.661602571606636047e-02 2.621351741254329681e-02 3.933655470609664917e-02 3.915971890091896057e-02 8.075200952589511871e-03 5.264839273877441883e-04 1.473983936011791229e-02 1.004569232463836670e-02 3.202366828918457031e-02 9.417513385415077209e-03 3.376778960227966309e-02 8.098632097244262695e-03 2.272023446857929230e-02 3.030952764675021172e-03 3.436671942472457886e-02 2.956789173185825348e-02 4.823278263211250305e-02 1.762787811458110809e-02 1.446584425866603851e-02 3.572566434741020203e-02 5.685018002986907959e-02 2.258068509399890900e-02 3.900462761521339417e-02 9.503234177827835083e-02 1.479922700673341751e-02 3.614563122391700745e-02 1.223030406981706619e-02 1.513224840164184570e-02 7.057484239339828491e-03 3.328512981534004211e-02 1.610866747796535492e-02 2.756087854504585266e-02 8.965012617409229279e-03 2.093519642949104309e-02 1.299552153795957565e-02 3.916758298873901367e-02 2.319768629968166351e-02 6.178104784339666367e-03 4.942850396037101746e-02 3.570394217967987061e-02 4.251768440008163452e-02 2.906761504709720612e-02 3.162053227424621582e-02 6.165651604533195496e-03 3.116321191191673279e-02 4.367698915302753448e-03 4.527288675308227539e-02 3.689824417233467102e-02 2.122362330555915833e-02 5.189639702439308167e-02 4.288632050156593323e-02 3.297317074611783028e-03 6.874598097056150436e-03 4.611289501190185547e-02 1.209254283457994461e-02 4.917298443615436554e-03 1.787725463509559631e-02 3.612467274069786072e-02 4.274708032608032227e-02 1.129196584224700928e-02 1.249833106994628906e-01 1.410445421934127808e-01 3.145952895283699036e-02 5.502879247069358826e-02 9.599085897207260132e-03 5.348912440240383148e-03 5.110711604356765747e-02 3.685510531067848206e-02 5.105655267834663391e-02 6.947454065084457397e-03 2.277491847053170204e-03 6.094372645020484924e-02 9.262685663998126984e-03 9.041070938110351562e-03 4.269400611519813538e-02 1.545858685858547688e-04 1.163432607427239418e-03 3.427768126130104065e-02 1.997502706944942474e-02 3.140999376773834229e-02 4.114698991179466248e-02 1.380071602761745453e-02 2.259936556220054626e-02 1.801929064095020294e-02 4.290034994482994080e-03 3.331246227025985718e-02 3.972990065813064575e-02 1.062252931296825409e-02 3.515623882412910461e-02 1.515665557235479355e-02 6.744308024644851685e-02 4.126734659075737000e-02 3.313674032688140869e-02 3.508438542485237122e-02 2.151814848184585571e-02 3.857311978936195374e-02
2.909735962748527527e-02 3.863800317049026489e-02 3.042792435735464096e-03 5.382475256919860840e-01 5.179413408041000366e-02 1.712190359830856323e-02 4.647729918360710144e-03 1.102948188781738281e-02 2.031119912862777710e-02 3.057981282472610474e-02 2.561700996011495590e-03 4.258362203836441040e-02 1.838144659996032715e-02 1.277593057602643967e-02 4.820364993065595627e-03 2.960992418229579926e-02 3.420485183596611023e-02 3.363090008497238159e-02 3.093315463047474623e-04 4.345119372010231018e-02 2.673457749187946320e-02 1.293871365487575531e-02 3.715090081095695496e-02 1.518041081726551056e-02 8.891315665096044540e-04 2.684712177142500877e-03 8.017256041057407856e-04 2.252258919179439545e-02 6.274440139532089233e-02 6.468369159847497940e-03 4.853181168437004089e-02 4.337435960769653320e-02 6.886480376124382019e-03 2.437624521553516388e-02 1.196477189660072327e-02 1.242546271532773972e-02 3.634938597679138184e-02 2.115228213369846344e-02 2.248377725481987000e-02 4.930229857563972473e-02 3.116120211780071259e-02 3.248629346489906311e-02 9.603592567145824432e-03 3.224404901266098022e-02 3.588000684976577759e-02 2.430897019803524017e-02 4.675713554024696350e-02 5.169713869690895081e-02 5.049443244934082031e-02 2.937535941600799561e-02 3.121700510382652283e-02 9.216088801622390747e-03 8.863313123583793640e-03 2.460756339132785797e-02 1.886259764432907104e-02 1.750110648572444916e-02 6.306232511997222900e-02 5.324971303343772888e-02 6.305888295173645020e-03 3.819099068641662598e-02 4.360389336943626404e-02 3.169081173837184906e-03 8.768689818680286407e-03 1.177599187940359116e-02 8.323102258145809174e-03 3.551179543137550354e-02 1.146116200834512711e-02 3.714775666594505310e-02 1.897351071238517761e-02 8.328076452016830444e-03 1.981551758944988251e-03 3.428710997104644775e-02 1.119159981608390808e-01 6.227383855730295181e-03 6.355860829353332520e-02 7.314654067158699036e-03 3.646128997206687927e-02 2.196103520691394806e-02 2.508780732750892639e-02 9.759339503943920135e-03 2.341503836214542389e-02 2.639154903590679169e-02 8.102852106094360352e-02 4.296550992876291275e-03 2.006497234106063843e-02 3.737092763185501099e-02 2.461237274110317230e-02 2.929986268281936646e-02 1.975489035248756409e-02 2.438888140022754669e-02 3.479979559779167175e-02 1.035040989518165588e-02 5.792603828012943268e-03 3.318851813673973083e-02 1.514694467186927795e-02 6.960546597838401794e-03 3.937989100813865662e-02 2.601974457502365112e-02 4.083704203367233276e-02 6.418521981686353683e-03 6.992099341005086899e-03 2.104080468416213989e-02 3.258956596255302429e-02 2.118111215531826019e-02 2.574101835489273071e-02 4.306283965706825256e-02 1.103112380951642990e-02 2.393087744712829590e-02 4.657506477087736130e-03 2.227981202304363251e-02 2.936515724286437035e-03 4.664428159594535828e-02 2.965508028864860535e-02 1.528852060437202454e-02 3.346716240048408508e-02 3.126274794340133667e-02
2.091649547219276428e-02 2.568842843174934387e-02 1.896892301738262177e-02 5.179413408041000366e-02 5.259178876876831055e-01 2.938856557011604309e-02 3.006281703710556030e-02 1.844190433621406555e-02 3.740077093243598938e-02 2.228221110999584198e-02 8.223516633734107018e-04 3.572532534599304199e-02 1.672713272273540497e-02 4.180974327027797699e-03 4.399767145514488220e-02 3.319864918012171984e-04 4.511630162596702576e-02 3.377187997102737427e-03 4.033300653100013733e-02 7.310951594263315201e-03 1.156466640532016754e-02 4.405997321009635925e-02 1.923676929436624050e-03 1.735164696583524346e-04 1.389357540756464005e-02 1.017109584063291550e-02 2.262073568999767303e-02 4.732360690832138062e-02 6.379832979291677475e-03 6.842748075723648071e-02 1.778254099190235138e-02 3.041156940162181854e-02 5.863264948129653931e-02 2.085905149579048157e-02 1.976274326443672180e-02 3.324871067889034748e-04 1.716619008220732212e-03 1.962220482528209686e-02 4.420203715562820435e-02 9.197042137384414673e-02 1.759503409266471863e-02 4.168320819735527039e-02 2.132769487798213959e-02 4.233279824256896973e-02 3.576938807964324951e-02 2.230946719646453857e-02 1.579803787171840668e-02 2.471697889268398285e-02 3.369730710983276367e-02 6.811498198658227921e-03 2.458873018622398376e-02 3.506699949502944946e-02 7.944907993078231812e-02 6.229530274868011475e-02 4.331569001078605652e-02 1.116518769413232803e-02 1.961955986917018890e-02 2.139416895806789398e-02 4.519145935773849487e-02 5.206186324357986450e-02 4.020319133996963501e-02 8.977255970239639282e-02 2.529783360660076141e-02 2.573738805949687958e-02 2.003387734293937683e-02 1.826485991477966309e-02 4.360541701316833496e-02 4.130744561553001404e-02 3.183370828628540039e-02 2.150518633425235748e-02 5.840033665299415588e-02 3.312322497367858887e-02 3.487604670226573944e-03 6.492572138085961342e-04 1.694049872457981110e-02 2.801420912146568298e-02 2.268303744494915009e-02 5.034861620515584946e-03 3.485841676592826843e-02 1.308625191450119019e-02 1.099474914371967316e-02 7.617110386490821838e-03 1.377781853079795837e-02 6.745903193950653076e-02 2.393849194049835205e-02 2.878768928349018097e-02 1.075884699821472168e-02 3.490644320845603943e-02 3.049263171851634979e-02 2.377698943018913269e-02 4.041301552206277847e-03 2.488650940358638763e-02 1.190525665879249573e-02 3.188356012105941772e-02 4.673554375767707825e-02 2.875143103301525116e-02 2.948121353983879089e-02 3.754081577062606812e-02 1.690886728465557098e-02 3.589976206421852112e-02 2.807785756886005402e-02 3.589035570621490479e-02 3.733048588037490845e-02 2.105707488954067230e-02 3.110377304255962372e-02 3.464170964434742928e-03 3.788621723651885986e-02 6.668956950306892395e-03 4.359737411141395569e-02 1.836505369283258915e-03 2.841197140514850616e-02 9.527237154543399811e-03 2.252260595560073853e-02 4.869410023093223572e-02 4.553768318146467209e-03 4.640601947903633118e-02
1.188099011778831482e-01 1.222076341509819031e-01 2.262712077936157584e-04 1.712190359830856323e-02 2.938856557011604309e-02 5.462195873260498047e-01 2.343981266021728516e-01 1.240408606827259064e-02 3.915612399578094482e-02 3.230131044983863831e-02 5.793320387601852417e-02 1.093367487192153931e-01 4.544932395219802856e-02 1.271669864654541016e-01 3.765552490949630737e-02 1.583014987409114838e-02 6.940017640590667725e-02 1.020685210824012756e-02 2.817382849752902985e-02 9.259061887860298157e-03 4.312145709991455078e-02 3.549643233418464661e-02 1.690576784312725067e-02 5.900340154767036438e-02 1.906689070165157318e-02 2.922124229371547699e-02 3.431409969925880432e-02 2.996716089546680450e-02 3.159707412123680115e-02 1.027116738259792328e-02 2.069696411490440369e-02 2.689299872145056725e-03 2.584410458803176880e-02 6.956000812351703644e-03 1.441227085888385773e-02 3.150996752083301544e-03 5.424905568361282349e-03 4.289892688393592834e-02 2.760422602295875549e-02 3.794448450207710266e-02 3.882434964179992676e-02 3.895245492458343506e-02 3.796665742993354797e-02 1.118934131227433681e-03 1.742647774517536163e-02 1.361246686428785324e-04 1.582221984863281250e-01 1.264598965644836426e-01 2.588856033980846405e-03 5.058822035789489746e-02 2.418401464819908142e-02 2.282680757343769073e-02 2.728665247559547424e-02 3.761583939194679260e-02 1.903584226965904236e-02 4.904475808143615723e-02 3.772583976387977600e-02 4.219545796513557434e-02 2.213149331510066986e-02 1.117334235459566116e-02 3.764083608984947205e-02 1.219792757183313370e-02 5.559334997087717056e-03 9.108444675803184509e-03 3.661779221147298813e-03 1.149415969848632812e-02 3.834513202309608459e-02 4.318264871835708618e-02 4.234005883336067200e-02 1.032356638461351395e-02 2.221563272178173065e-02 2.903265133500099182e-02 6.848867516964673996e-03 1.185074634850025177e-02 2.868853509426116943e-02 6.818596273660659790e-03 6.909952964633703232e-03 3.584503754973411560e-02 1.355647016316652298e-02 4.062313959002494812e-02 4.396779090166091919e-02 1.457041315734386444e-02 1.988525269553065300e-03 3.093658946454524994e-02 3.081276454031467438e-02 3.715261444449424744e-02 4.738396778702735901e-02 2.228177385404706001e-03 2.087979950010776520e-02 2.009784244000911713e-02 9.018157608807086945e-03 4.762597382068634033e-02 4.276584461331367493e-02 4.279487580060958862e-02 2.601605281233787537e-02 4.826139658689498901e-03 2.131248079240322113e-02 1.443950366228818893e-02 1.752556301653385162e-03 6.842815782874822617e-03 4.040500149130821228e-02 6.581052206456661224e-03 2.618244290351867676e-02 3.685894608497619629e-02 3.419602662324905396e-02 2.816146239638328552e-02 2.967936545610427856e-02 2.202176861464977264e-02 3.723900392651557922e-02 1.150176301598548889e-02 3.397574648261070251e-02 2.956734970211982727e-02 4.557147994637489319e-02 3.523634281009435654e-03 1.916854642331600189e-02 1.354757044464349747e-02
1.222366765141487122e-01 1.348416954278945923e-01 7.057037204504013062e-03 4.647729918360710144e-03 3.006281703710556030e-02 2.343981266021728516e-01 5.475811958312988281e-01 1.232817862182855606e-02 3.722910583019256592e-02 1.791840605437755585e-02 5.947035551071166992e-02 7.167300581932067871e-02 5.130605772137641907e-02 1.040583252906799316e-01 3.017718717455863953e-02 5.217774305492639542e-03 6.349566578865051270e-02 2.432960271835327148e-02 9.585576131939888000e-03 5.873424466699361801e-03 3.808208554983139038e-02 3.662533592432737350e-03 9.890985675156116486e-03 4.871423542499542236e-02 9.819351835176348686e-04 3.700149804353713989e-02 9.828292764723300934e-03 2.479073405265808105e-02 4.739772155880928040e-02 4.259606078267097473e-02 3.574361652135848999e-02 3.337397647555917501e-04 2.232920378446578979e-02 9.823975153267383575e-03 1.712492550723254681e-03 2.299757301807403564e-02 3.495576092973351479e-03 5.670527461916208267e-03 3.074209205806255341e-02 2.834497578442096710e-02 2.210579812526702881e-02 1.278336718678474426e-02 2.967558242380619049e-02 7.871526293456554413e-03 1.643626950681209564e-02 1.399690471589565277e-02 1.685512512922286987e-01 1.615742146968841553e-01 2.887530950829386711e-03 5.170682817697525024e-02 3.111153282225131989e-02 3.800565376877784729e-02 3.127895295619964600e-02 1.507813762873411179e-02 2.253217436373233795e-02 3.778889402747154236e-02 4.501884058117866516e-02 4.239960387349128723e-02 3.575986623764038086e-02 2.989975735545158386e-02 3.575070574879646301e-02 7.750999182462692261e-03 1.381454616785049438e-02 3.102048859000205994e-02 2.542383735999464989e-03 1.980844652280211449e-03 3.909004852175712585e-02 2.935120277106761932e-02 4.121073707938194275e-02 2.444564364850521088e-03 2.523834817111492157e-02 1.561970822513103485e-02 8.472601883113384247e-03 2.572951093316078186e-02 4.464893415570259094e-02 3.218972682952880859e-02 2.601450774818658829e-03 3.798220306634902954e-02 3.511644527316093445e-02 2.695606835186481476e-02 4.157483950257301331e-02 4.120390117168426514e-02 2.304475568234920502e-02 1.280910335481166840e-02 2.476641163229942322e-02 2.696028538048267365e-02 4.188258945941925049e-02 2.421434037387371063e-03 4.421262443065643311e-02 1.639502122998237610e-02 1.480003586038947105e-03 4.273775219917297363e-02 5.415182188153266907e-02 5.532807111740112305e-02 2.366078831255435944e-02 1.001273468136787415e-02 2.285247854888439178e-02 2.657090127468109131e-02 1.441173069179058075e-02 5.588032770901918411e-03 2.456823922693729401e-02 2.658773912116885185e-03 2.769242413341999054e-02 1.767535321414470673e-02 3.529554978013038635e-02 2.246962115168571472e-02 5.606234772130846977e-04 7.803247775882482529e-03 3.731841221451759338e-02 7.970128208398818970e-03 4.364480450749397278e-02 2.855027280747890472e-02 1.346086431294679642e-02 6.626511458307504654e-03 3.156901150941848755e-02 1.038141176104545593e-02
1.986301317811012268e-02 2.764785476028919220e-02 1.206108480691909790e-01 1.102948188781738281e-02 1.844190433621406555e-02 1.240408606827259064e-02 1.232817862182855606e-02 5.394225120544433594e-01 2.292914316058158875e-02 1.691236719489097595e-02 2.570262551307678223e-02 3.382831811904907227e-02 4.255649819970130920e-02 6.472431123256683350e-03 1.013151407241821289e-01 2.246278338134288788e-02 2.904500439763069153e-02 1.126469112932682037e-03 9.807409718632698059e-03 1.910540089011192322e-02 2.228384837508201599e-03 3.972570970654487610e-02 3.611316159367561340e-02 3.292489051818847656e-02 1.116793835535645485e-03 1.328613236546516418e-02 7.318421558011323214e-05 4.083878174424171448e-02 7.984431460499763489e-03 2.426127716898918152e-02 9.708745405077934265e-03 3.331864997744560242e-02 1.738864928483963013e-02 3.890708088874816895e-03 3.385322540998458862e-02 3.986170515418052673e-02 3.858090192079544067e-02 1.198751572519540787e-02 3.192669525742530823e-02 2.018499001860618591e-02 7.122977636754512787e-03 3.507994487881660461e-02 3.695514425635337830e-02 3.821166604757308960e-02 3.058537468314170837e-02 4.570280387997627258e-02 1.023965515196323395e-02 8.963842876255512238e-03 1.474662870168685913e-02 3.733780235052108765e-02 1.211850624531507492e-02 3.794438019394874573e-02 7.588766515254974365e-03 3.544847667217254639e-02 2.108148485422134399e-02 4.513245820999145508e-02 5.855137016624212265e-03 3.660543635487556458e-02 2.817270718514919281e-02 1.232899446040391922e-02 5.349982157349586487e-02 1.521765440702438354e-02 4.401477519422769547e-03 3.504679352045059204e-02 2.089008130133152008e-02 1.831821538507938385e-02 1.760284602642059326e-02 2.905805408954620361e-02 2.717864140868186951e-02 3.984343260526657104e-02 3.638145700097084045e-02 5.363423842936754227e-03 8.503493852913379669e-03 4.847959429025650024e-02 7.485463283956050873e-03 3.353522345423698425e-02 2.450603060424327850e-02 3.174423426389694214e-02 1.753782504238188267e-03 1.260808389633893967e-02 1.185325384140014648e-01 8.393466472625732422e-02 1.071222778409719467e-02 2.893680706620216370e-02 8.121084421873092651e-03 3.436162369325757027e-03 8.106397837400436401e-02 4.373117536306381226e-02 2.139447256922721863e-02 1.985992491245269775e-02 1.632575318217277527e-02 7.285835687071084976e-03 3.595029190182685852e-02 1.483339443802833557e-02 4.089414700865745544e-02 2.414554357528686523e-02 1.290516834706068039e-02 1.047470979392528534e-02 1.901057362556457520e-02 3.814999014139175415e-02 3.936857357621192932e-02 1.275856420397758484e-02 3.550531715154647827e-02 5.280149355530738831e-02 1.677822135388851166e-02 5.910755135118961334e-03 3.895315900444984436e-02 8.218049071729183197e-03 4.967960715293884277e-02 6.023757159709930420e-03 2.685184590518474579e-02 5.397813022136688232e-02 4.154714569449424744e-02 2.116847038269042969e-02 2.245933981612324715e-03 1.821110025048255920e-02
1.238208264112472534e-02 1.138759683817625046e-02 5.979636218398809433e-03 2.031119912862777710e-02 3.740077093243598938e-02 3.915612399578094482e-02 3.722910583019256592e-02 2.292914316058158875e-02 5.426428318023681641e-01 1.085278019309043884e-01 1.039766706526279449e-02 2.545979805290699005e-03 7.187768351286649704e-03 1.476490963250398636e-02 1.849700696766376495e-02 2.565923705697059631e-02 2.098957449197769165e-02 3.346699103713035583e-02 1.364189665764570236e-02 3.602798283100128174e-02 5.542163550853729248e-02 2.818001620471477509e-02 5.344652011990547180e-02 3.292409330606460571e-02 3.365037590265274048e-02 1.897413469851016998e-02 3.523780405521392822e-02 3.172109648585319519e-02 4.480977356433868408e-02 2.328475750982761383e-02 2.204047981649637222e-03 5.584813770838081837e-04 4.627405852079391479e-02 4.053762927651405334e-02 1.595160574652254581e-03 1.289225090295076370e-02 3.175475634634494781e-03 2.948897331953048706e-02 1.655861176550388336e-02 3.951619565486907959e-02 1.073577813804149628e-02 8.494409173727035522e-02 4.114472493529319763e-02 1.113491598516702652e-02 7.499601226300001144e-03 1.153603894636034966e-03 1.935323327779769897e-02 1.402315497398376465e-02 1.021567210555076599e-01 8.386109024286270142e-02 2.902460843324661255e-02 3.410494700074195862e-02 3.607403486967086792e-02 1.408414077013731003e-02 9.519178420305252075e-02 7.604859769344329834e-02 1.372675877064466476e-02 1.926544122397899628e-02 9.898331016302108765e-03 2.384645678102970123e-02 6.261649075895547867e-03 6.971094757318496704e-03 2.538579981774091721e-03 2.679416164755821228e-02 3.813170641660690308e-02 3.740113228559494019e-02 1.840027980506420135e-02 2.358525432646274567e-02 5.111947283148765564e-02 1.860594190657138824e-02 2.650098130106925964e-02 1.832705549895763397e-02 2.408937178552150726e-02 3.281312808394432068e-02 3.104983083903789520e-02 2.524053305387496948e-02 1.718992441892623901e-01 7.064963132143020630e-02 7.888451963663101196e-02 2.175225876271724701e-02 1.064148452132940292e-02 2.319071441888809204e-02 2.193056233227252960e-02 2.557521127164363861e-02 4.035962745547294617e-02 2.676752023398876190e-02 6.547607481479644775e-03 9.274291805922985077e-03 3.079026751220226288e-02 8.097704499959945679e-02 2.988582290709018707e-02 3.613970428705215454e-02 2.957172133028507233e-02 8.178107440471649170e-03 4.250775650143623352e-02 8.090252056717872620e-03 1.476059854030609131e-02 2.052900008857250214e-02 9.122115373611450195e-02 1.991740055382251740e-02 2.375281229615211487e-02 3.459664061665534973e-02 3.434946760535240173e-02 1.222893246449530125e-03 3.306040912866592407e-02 3.788955137133598328e-02 1.223004329949617386e-02 3.308549150824546814e-02 1.727750338613986969e-02 7.534856908023357391e-03 4.048778861761093140e-02 2.249539270997047424e-02 4.158122465014457703e-03 3.689796850085258484e-02 8.908913587220013142e-04 3.998593240976333618e-02
3.120519220829010010e-02 3.470196947455406189e-02 3.808221966028213501e-02 3.057981282472610474e-02 2.228221110999584198e-02 3.230131044983863831e-02 1.791840605437755585e-02 1.691236719489097595e-02 1.085278019309043884e-01 5.419837832450866699e-01 3.807885572314262390e-02 1.111758779734373093e-02 4.406018182635307312e-02 2.808317169547080994e-02 1.566248573362827301e-02 1.437948271632194519e-02 9.430687874555587769e-03 1.361783687025308609e-02 5.108131095767021179e-02 2.792455069720745087e-02 1.499319821596145630e-02 1.238960307091474533e-02 9.770527482032775879e-03 3.779869899153709412e-02 3.169173002243041992e-02 3.675062209367752075e-02 3.782279789447784424e-02 3.467927128076553345e-02 2.100811526179313660e-02 4.657666385173797607e-02 3.283457458019256592e-02 7.437379565089941025e-03 3.518613055348396301e-02 1.941013499163091183e-03 4.726050049066543579e-02 4.165668413043022156e-02 7.901852019131183624e-03 2.399998047621920705e-04 2.456102520227432251e-02 3.984640538692474365e-02 2.990554319694638252e-03 4.882136359810829163e-02 9.084855020046234131e-02 1.297577284276485443e-02 2.166680991649627686e-02 5.062221735715866089e-02 1.129580941051244736e-02 2.665134519338607788e-02 2.266029268503189087e-02 9.548401832580566406e-02 1.341706234961748123e-02 3.505160659551620483e-02 9.577346034348011017e-03 8.767060935497283936e-03 3.416519239544868469e-02 7.908263057470321655e-02 2.425576932728290558e-02 1.603429391980171204e-02 1.841421239078044891e-02 2.551420591771602631e-02 4.963413625955581665e-02 1.519432105123996735e-02 3.862668573856353760e-02 1.818005554378032684e-02 4.438078030943870544e-02 4.597909748554229736e-02 3.503928706049919128e-02 1.016813516616821289e-02 9.222768247127532959e-03 6.027716211974620819e-03 1.977298967540264130e-02 1.235643122345209122e-02 8.681772276759147644e-03 3.751104325056076050e-02 3.764173761010169983e-02 2.762991003692150116e-02 5.006855726242065430e-02 1.567364931106567383e-01 5.611454695463180542e-02 1.115806624293327332e-01 4.079031571745872498e-02 3.059636615216732025e-02 3.741298243403434753e-02 2.075714245438575745e-02 4.008799418807029724e-02 2.173155546188354492e-02 3.834624588489532471e-02 1.611053198575973511e-02 3.994528204202651978e-03 1.297794431447982788e-01 3.543950384482741356e-03 3.259291127324104309e-02 1.728731021285057068e-02 1.401808019727468491e-02 3.745484352111816406e-02 1.916112261824309826e-03 7.446446106769144535e-04 1.839129999279975891e-02 4.610525071620941162e-02 3.927198052406311035e-02 2.984912134706974030e-02 2.528794854879379272e-02 4.475455358624458313e-02 1.236166059970855713e-02 1.353605836629867554e-02 2.612207271158695221e-02 2.866506017744541168e-02 4.399227723479270935e-02 3.430768847465515137e-02 2.116677351295948029e-02 1.623188331723213196e-02 1.520806830376386642e-02 7.251084316521883011e-03 1.934461854398250580e-02 7.568517699837684631e-03 8.830027654767036438e-03
1.065586656332015991e-01 9.124161303043365479e-02 1.661809044890105724e-03 2.561700996011495590e-03 8.223516633734107018e-04 5.793320387601852417e-02 5.947035551071166992e-02 2.570262551307678223e-02 1.039766706526279449e-02 3.807885572314262390e-02 5.500714182853698730e-01 1.288465969264507294e-02 8.172608911991119385e-02 1.215521804988384247e-02 1.254108361899852753e-02 4.248754680156707764e-02 1.837397366762161255e-02 8.554364554584026337e-03 2.362619899213314056e-02 2.134136855602264404e-02 3.254397585988044739e-02 2.826204337179660797e-02 4.792902991175651550e-02 5.305701866745948792e-02 3.715130151249468327e-04 2.546035125851631165e-02 1.592458598315715790e-02 2.823917008936405182e-02 4.123647511005401611e-02 1.301713660359382629e-02 2.889082208275794983e-02 5.164520815014839172e-02 3.692978620529174805e-02 6.225205957889556885e-03 6.245177704840898514e-03 2.055495791137218475e-02 1.052384357899427414e-02 3.420273214578628540e-02 3.240340948104858398e-02 1.722782850265502930e-02 5.029640719294548035e-02 6.504792254418134689e-03 1.665048673748970032e-02 5.084700882434844971e-02 1.426235120743513107e-02 2.405281364917755127e-02 5.483780056238174438e-02 4.667083919048309326e-02 1.597077213227748871e-02 5.059392005205154419e-02 7.278926204890012741e-03 5.244765896350145340e-03 1.080614398233592510e-03 1.030000951141119003e-02 1.633164100348949432e-02 4.700814560055732727e-02 3.672825405374169350e-03 7.358558010309934616e-03 3.329089656472206116e-02 2.309744246304035187e-02 1.275368314236402512e-02 1.284212246537208557e-02 4.247160628437995911e-02 4.597553983330726624e-02 5.593322589993476868e-02 4.884525761008262634e-02 8.884257404133677483e-04 1.585516706109046936e-02 4.107934236526489258e-02 1.227302663028240204e-02 1.971492916345596313e-02 2.579424716532230377e-02 8.902867324650287628e-03 1.630555838346481323e-02 1.833218522369861603e-02 2.322893030941486359e-02 3.450869023799896240e-02 3.247451409697532654e-02 3.034695610404014587e-02 1.814502105116844177e-02 3.441824018955230713e-02 4.728240892291069031e-02 4.944801796227693558e-03 2.657505124807357788e-02 4.150857776403427124e-02 1.209298707544803619e-02 5.428001284599304199e-02 3.662287071347236633e-02 1.526223961263895035e-02 3.205130621790885925e-02 4.287159815430641174e-02 4.002608731389045715e-02 3.564509749412536621e-02 5.025241058319807053e-03 2.450543455779552460e-02 2.095765247941017151e-02 4.483214765787124634e-02 4.005482420325279236e-02 7.701769471168518066e-03 2.564848773181438446e-02 1.736479578539729118e-03 4.387678951025009155e-02 2.246087603271007538e-02 1.336022745817899704e-03 2.620257996022701263e-02 3.285022685304284096e-03 4.569055512547492981e-02 3.310703486204147339e-02 8.161881007254123688e-03 1.943669654428958893e-02 1.924530044198036194e-02 5.901306401938199997e-03 9.895827679429203272e-05 1.090298686176538467e-02 3.352141380310058594e-02 7.997291162610054016e-03
4.250651970505714417e-02 3.255496174097061157e-02 3.505148738622665405e-02 4.258362203836441040e-02 3.572532534599304199e-02 1.093367487192153931e-01 7.167300581932067871e-02 3.382831811904907227e-02 2.545979805290699005e-03 1.111758779734373093e-02 1.288465969264507294e-02 5.320659279823303223e-01 1.723680645227432251e-02 1.868227273225784302e-01 1.320978440344333649e-02 1.353112142533063889e-02 6.586539559066295624e-03 2.951104007661342621e-02 4.604578018188476562e-02 1.147180888801813126e-02 1.092539355158805847e-02 5.374940112233161926e-02 7.085371017456054688e-02 7.371102273464202881e-02 1.798679493367671967e-02 2.494850382208824158e-02 4.173861816525459290e-02 4.977199435234069824e-02 4.118728265166282654e-02 5.696737393736839294e-02 4.566219076514244080e-02 1.677930005826056004e-03 1.936759799718856812e-02 1.096961926668882370e-02 2.756411582231521606e-02 8.934983052313327789e-03 4.736750386655330658e-03 3.659285232424736023e-02 2.685119770467281342e-02 1.014853827655315399e-02 1.134089939296245575e-02 5.486697331070899963e-02 1.144772768020629883e-02 1.048746518790721893e-02 7.631143927574157715e-02 4.181997105479240417e-02 6.239227950572967529e-02 5.635441839694976807e-02 4.264055564999580383e-02 7.702195551246404648e-03 3.709605708718299866e-02 8.957684622146189213e-04 1.307422667741775513e-02 8.289414457976818085e-03 2.378996089100837708e-02 1.514878496527671814e-02 2.649180591106414795e-02 3.653052030131220818e-03 2.889961004257202148e-03 8.590589277446269989e-03 3.564317151904106140e-02 3.370828926563262939e-02 8.559879846870899200e-03 2.336092106997966766e-02 5.487011279910802841e-03 2.093119919300079346e-02 4.130158945918083191e-02 2.883068472146987915e-02 1.616416685283184052e-02 7.571656722575426102e-03 2.017227932810783386e-03 2.888647653162479401e-02 4.533476382493972778e-02 1.565300859510898590e-02 3.299992159008979797e-02 2.555775921791791916e-03 8.280078880488872528e-03 1.726382598280906677e-02 1.031416747719049454e-02 7.129812613129615784e-03 1.333962846547365189e-02 2.029718272387981415e-02 3.694741800427436829e-02 4.637067019939422607e-02 2.859486266970634460e-02 1.103610452264547348e-02 3.258787561208009720e-03 1.207454013638198376e-03 2.246610447764396667e-02 6.589001417160034180e-02 1.962190493941307068e-02 3.782430291175842285e-02 5.856553465127944946e-02 4.546177014708518982e-02 2.269082237035036087e-03 4.330764338374137878e-02 1.886978000402450562e-02 3.388836234807968140e-02 4.634787887334823608e-02 1.606733910739421844e-02 4.664740338921546936e-02 3.494931012392044067e-02 1.043682824820280075e-02 2.835718356072902679e-02 1.545169577002525330e-02 2.830224297940731049e-02 2.339804731309413910e-02 1.994862966239452362e-02 1.668623462319374084e-02 2.756383828818798065e-02 7.332936860620975494e-03 3.744830563664436340e-02 1.843248493969440460e-02 3.818991780281066895e-02 3.058214299380779266e-02 3.353832662105560303e-02
8.697298169136047363e-02 1.055184677243232727e-01 2.498441189527511597e-02 1.838144659996032715e-02 1.672713272273540497e-02 4.544932395219802856e-02 5.130605772137641907e-02 4.255649819970130920e-02 7.187768351286649704e-03 4.406018182635307312e-02 8.172608911991119385e-02 1.723680645227432251e-02 5.580459833145141602e-01 5.069211125373840332e-03 7.181456685066223145e-02 2.673373371362686157e-02 3.080977126955986023e-02 2.034053020179271698e-02 2.177567686885595322e-03 9.855126030743122101e-03 1.651742029935121536e-03 6.322885304689407349e-02 4.291764646768569946e-02 3.620108589529991150e-02 8.236438967287540436e-03 1.398850791156291962e-02 3.998582810163497925e-02 3.383465111255645752e-02 2.903732284903526306e-02 2.912612445652484894e-02 2.443656325340270996e-02 2.483483031392097473e-02 4.740560054779052734e-02 1.772390678524971008e-02 1.744187809526920319e-02 1.656176149845123291e-02 1.100403140299022198e-03 2.942914701998233795e-02 7.419194094836711884e-03 5.400144727900624275e-04 1.997638121247291565e-02 1.543432753533124924e-02 3.719602525234222412e-02 1.557373208925127983e-03 1.186081394553184509e-02 2.411580644547939301e-02 5.087206885218620300e-02 3.173322603106498718e-02 2.294218912720680237e-02 2.827320992946624756e-02 3.754181787371635437e-02 5.654796026647090912e-03 1.650919765233993530e-02 4.317867103964090347e-03 3.300940990447998047e-02 3.718125820159912109e-02 1.311970036476850510e-02 5.655660293996334076e-03 2.802387997508049011e-02 3.842217847704887390e-04 1.037234999239444733e-02 4.699008073657751083e-03 3.780966997146606445e-02 4.740045219659805298e-02 4.238186404109001160e-02 6.217769160866737366e-02 4.138635843992233276e-02 3.618970140814781189e-02 4.859769344329833984e-02 1.244363188743591309e-02 3.244987875223159790e-02 3.415130311623215675e-03 3.365024225786328316e-03 2.091514505445957184e-02 1.110640587285161018e-03 1.100295130163431168e-02 1.944490335881710052e-02 3.537231311202049255e-02 5.532486736774444580e-02 3.416115045547485352e-02 3.092660754919052124e-02 3.279393771663308144e-03 7.167013245634734631e-04 7.902490906417369843e-03 2.824933454394340515e-02 2.794781886041164398e-02 4.373875260353088379e-02 3.576028347015380859e-02 2.365239337086677551e-02 2.348088473081588745e-02 3.942222520709037781e-02 1.420228742063045502e-02 3.669725731015205383e-02 5.452574044466018677e-02 1.195113267749547958e-02 4.916372150182723999e-02 3.771059215068817139e-02 1.584739238023757935e-02 2.457417780533432961e-03 4.197469353675842285e-02 2.861255034804344177e-02 2.971391752362251282e-02 3.336725756525993347e-02 3.964538872241973877e-02 3.086373955011367798e-02 5.328045785427093506e-02 4.268982633948326111e-02 1.524139754474163055e-02 5.230452120304107666e-02 1.975574530661106110e-02 3.111659316346049309e-03 3.349546715617179871e-02 2.095641009509563446e-02 2.665737643837928772e-03 3.938060253858566284e-02 4.854854568839073181e-02
