5.175160169601440430e-01 1.532546877861022949e-01 3.043478913605213165e-02 2.237210981547832489e-02 2.174109406769275665e-02 8.314771205186843872e-02 8.020038157701492310e-02 1.265330426394939423e-02 3.562636300921440125e-02 3.455359116196632385e-02 1.411911696195602417e-01 2.583444304764270782e-02 1.081229075789451599e-01 3.749276325106620789e-02 2.951236627995967865e-02 2.860194072127342224e-02 1.206124294549226761e-02 2.190434187650680542e-02 2.608615905046463013e-02 2.600962482392787933e-02 3.748822957277297974e-02 5.341524258255958557e-02 2.206843346357345581e-02 2.531820349395275116e-02 1.717515476047992706e-02 1.002337969839572906e-02 4.154591634869575500e-02 1.443053362891077995e-03 9.498732164502143860e-03 1.404136326164007187e-02 3.889331361278891563e-03 4.109230265021324158e-02 1.127483509480953217e-02 3.193246945738792419e-02 8.739787153899669647e-04 6.496348883956670761e-03 3.727115690708160400e-04 3.692419826984405518e-02 1.629612781107425690e-02 2.960965037345886230e-02 8.349676616489887238e-03 2.448633313179016113e-02 4.429631680250167847e-02 2.743783965706825256e-02 3.744268044829368591e-02 2.227720245718955994e-02 1.399797350168228149e-01 7.205799221992492676e-02 1.060202997177839279e-02 2.684106305241584778e-02 6.657434254884719849e-02 1.817540079355239868e-02 3.656327351927757263e-02 4.468250274658203125e-02 1.954948529601097107e-02 4.091071709990501404e-02 2.471045823767781258e-03 8.184900507330894470e-03 3.201736882328987122e-02 3.673313930630683899e-02 3.706333041191101074e-02 1.157469768077135086e-02 2.348538301885128021e-02 2.694060839712619781e-02 8.984318264992907643e-05 6.483051925897598267e-02 3.629932925105094910e-02 4.579687863588333130e-02 1.419630739837884903e-02 6.675491109490394592e-03 2.637545205652713776e-02 4.423809796571731567e-02 1.158022321760654449e-02 3.325732797384262085e-02 2.354703471064567566e-02 3.810327127575874329e-02 2.848608605563640594e-02 3.033378906548023224e-02 2.153654769062995911e-02 3.460102900862693787e-02 1.091536507010459900e-02 1.064102444797754288e-02 6.893020588904619217e-03 3.234544023871421814e-02 2.655128948390483856e-02 2.630590647459030151e-02 1.335935480892658234e-02 3.180433437228202820e-02 1.895281299948692322e-02 1.219882629811763763e-02 1.115987226366996765e-01 3.944865986704826355e-02 4.707765951752662659e-02 8.333523571491241455e-02 1.398772653192281723e-02 6.587439216673374176e-03 3.427631035447120667e-02 2.450240030884742737e-02 2.558164857327938080e-02 2.548210881650447845e-02 9.763855487108230591e-03 5.624656332656741142e-04 3.791293501853942871e-02 3.670199587941169739e-02 2.209758758544921875e-02 4.713968839496374130e-03 3.410818317206576467e-05 1.933008991181850433e-02 2.485581440851092339e-03 4.634245857596397400e-02 2.929754555225372314e-02 3.733803331851959229e-02 1.821622252464294434e-03 1.832027360796928406e-02 2.559934556484222412e-02 3.138222172856330872e-02
1.532546877861022949e-01 5.149374008178710938e-01 4.638165701180696487e-03 3.404523059725761414e-02 8.934628218412399292e-03 1.265849471092224121e-01 1.207488477230072021e-01 2.771192044019699097e-02 2.489188686013221741e-02 1.768591627478599548e-02 8.914706110954284668e-02 2.465822175145149231e-02 9.681060910224914551e-02 4.373767971992492676e-02 2.671845443546772003e-02 3.210991993546485901e-02 2.431797794997692108e-02 1.601228676736354828e-02 2.968683652579784393e-02 2.727868966758251190e-02 2.778292261064052582e-02 1.419533137232065201e-02 2.688114903867244720e-02 3.428726643323898315e-02 1.618668250739574432e-02 4.504537675529718399e-03 2.172487787902355194e-03 1.571303233504295349e-02 1.421226374804973602e-02 1.679783873260021210e-02 4.633559286594390869e-02 3.887292742729187012e-02 3.483565151691436768e-02 2.715691551566123962e-02 2.180963009595870972e-02 1.585462363436818123e-03 7.409317418932914734e-03 3.150653326883912086e-03 1.662445068359375000e-02 7.613982073962688446e-03 2.530376240611076355e-02 3.428203985095024109e-03 7.782022934406995773e-03 2.347124926745891571e-02 1.861510053277015686e-02 3.610225394368171692e-02 1.164976134896278381e-01 7.392549514770507812e-02 6.727161351591348648e-03 2.102730982005596161e-02 2.480177395045757294e-02 3.863311186432838440e-02 3.359682485461235046e-02 3.859180957078933716e-02 2.639288641512393951e-02 3.078560531139373779e-02 6.270012818276882172e-03 2.336196228861808777e-02 3.539000824093818665e-02 3.318391740322113037e-02 3.841466829180717468e-02 4.005871713161468506e-02 4.137010872364044189e-02 3.794783726334571838e-02 9.978887625038623810e-03 5.824679508805274963e-02 2.501457557082176208e-02 1.661786995828151703e-02 1.934107579290866852e-02 2.851454168558120728e-02 3.550274670124053955e-02 1.046178303658962250e-02 3.361890837550163269e-02 8.270475082099437714e-03 2.368274889886379242e-02 2.424357831478118896e-02 3.743878751993179321e-02 1.538725662976503372e-02 7.853739894926548004e-03 1.158147025853395462e-02 1.200229511596262455e-03 1.014133915305137634e-02 1.797086745500564575e-02 2.974354103207588196e-02 2.046339772641658783e-02 1.698163570836186409e-03 1.406444422900676727e-02 2.201416902244091034e-02 1.399747654795646667e-02 1.415112242102622986e-02 6.371243298053741455e-02 4.798638448119163513e-02 6.080475449562072754e-02 3.298513963818550110e-02 7.221205160021781921e-03 4.431036766618490219e-03 3.099318221211433411e-02 4.091207683086395264e-02 1.233064662665128708e-02 1.035753823816776276e-02 1.536956708878278732e-02 6.124866195023059845e-03 3.774898126721382141e-02 8.027226431295275688e-05 4.173389449715614319e-02 2.191552147269248962e-02 4.989713430404663086e-03 4.305403307080268860e-02 1.152582932263612747e-02 2.313918247818946838e-02 3.043937124311923981e-02 3.117602132260799408e-02 1.350852940231561661e-02 2.097504399716854095e-02 1.689197309315204620e-02 1.949699781835079193e-02
3.043478913605213165e-02 4.638165701180696487e-03 4.605042636394500732e-01 4.916487261652946472e-03 2.496651001274585724e-02 2.157375775277614594e-02 2.690968103706836700e-02 1.133081503212451935e-02 3.031068854033946991e-02 9.762937203049659729e-03 1.519933715462684631e-02 1.496619544923305511e-02 7.778493221849203110e-03 3.311941400170326233e-02 2.362194471061229706e-02 6.759766023606061935e-03 2.846741862595081329e-02 2.993845380842685699e-02 2.057485654950141907e-02 2.180626057088375092e-02 4.015434533357620239e-02 3.431037813425064087e-02 3.353783115744590759e-02 5.666155368089675903e-03 2.242313884198665619e-02 8.568546734750270844e-03 5.717092193663120270e-03 4.152353107929229736e-02 2.026212587952613831e-02 3.912079334259033203e-02 1.769727468490600586e-02 2.072598598897457123e-02 8.123004809021949768e-03 3.107078745961189270e-02 1.369168143719434738e-02 3.192999586462974548e-02 3.499305341392755508e-03 2.688466571271419525e-02 2.245452953502535820e-03 9.381256997585296631e-03 9.055402129888534546e-03 9.933785535395145416e-03 8.128210320137441158e-04 3.816945850849151611e-02 6.712272763252258301e-02 6.071050837635993958e-02 8.447038126178085804e-04 2.008705958724021912e-02 2.683045715093612671e-02 2.154245972633361816e-02 2.381480112671852112e-02 2.577392570674419403e-02 2.130363695323467255e-02 8.740418590605258942e-03 2.466649003326892853e-02 3.018977493047714233e-02 2.620365284383296967e-02 3.971285372972488403e-02 2.869601175189018250e-02 2.360612899065017700e-02 1.325344294309616089e-02 1.307419221848249435e-02 5.285344086587429047e-03 8.470542728900909424e-03 3.021481819450855255e-02 1.548452023416757584e-02 2.640523947775363922e-02 1.371229533106088638e-03 8.895046077668666840e-03 4.065003991127014160e-02 3.622024087235331535e-03 5.767866224050521851e-02 3.026231378316879272e-02 1.246082689613103867e-02 3.461754694581031799e-02 5.826109647750854492e-02 1.168021373450756073e-02 2.570417150855064392e-02 7.245397567749023438e-02 1.683225668966770172e-02 1.527355983853340149e-02 2.170146629214286804e-02 3.027048660442233086e-03 2.820735238492488861e-02 3.458726406097412109e-02 2.134033944457769394e-03 3.097310848534107208e-02 7.418661843985319138e-03 1.616115681827068329e-02 2.163932844996452332e-02 2.687891386449337006e-02 3.466408699750900269e-02 1.717148721218109131e-02 3.884664969518780708e-03 1.020325347781181335e-02 1.732191815972328186e-02 1.007019728422164917e-02 4.342175647616386414e-02 2.800515107810497284e-02 1.355958357453346252e-02 1.886912621557712555e-02 3.112746030092239380e-02 8.059849590063095093e-02 6.917273998260498047e-02 1.671982556581497192e-02 6.650970783084630966e-03 2.587675489485263824e-02 1.768126524984836578e-02 1.000772812403738499e-03 3.141908720135688782e-02 5.067551042884588242e-03 1.564770564436912537e-02 2.313915640115737915e-02 3.626520931720733643e-02 3.225576132535934448e-02 9.539387188851833344e-03
2.237210981547832489e-02 3.404523059725761414e-02 4.916487261652946472e-03 4.913480877876281738e-01 6.308829039335250854e-02 2.858863025903701782e-02 3.550770878791809082e-02 3.062808699905872345e-02 4.473849013447761536e-02 2.861217036843299866e-02 2.173978835344314575e-02 1.945347321452572942e-04 1.697263866662979126e-02 8.781395852565765381e-03 1.607373915612697601e-02 2.314444445073604584e-02 2.611562423408031464e-02 6.096509285271167755e-03 2.740165404975414276e-02 2.871338510885834694e-03 2.814048901200294495e-02 6.850668229162693024e-03 1.721584238111972809e-02 3.615731839090585709e-03 1.420553587377071381e-02 3.180091828107833862e-02 2.823702245950698853e-02 1.051787007600069046e-02 4.553619772195816040e-03 2.344724955037236214e-03 2.407309971749782562e-02 1.667561382055282593e-02 1.840575225651264191e-02 2.119758911430835724e-02 1.659032702445983887e-02 5.960921291261911392e-03 4.902363754808902740e-03 1.879975572228431702e-02 6.669074296951293945e-02 2.173335291445255280e-02 3.078177012503147125e-02 2.517746994271874428e-03 4.427305236458778381e-02 3.221118822693824768e-02 1.070452760905027390e-02 3.027453087270259857e-02 1.307285856455564499e-02 6.005622912198305130e-03 2.298209350556135178e-03 1.613209024071693420e-02 3.740396723151206970e-02 1.968020386993885040e-02 2.835504524409770966e-02 1.463251747190952301e-02 6.210443563759326935e-03 2.816677093505859375e-02 1.422550808638334274e-02 7.095153909176588058e-03 2.547332830727100372e-02 1.700612599961459637e-03 7.591923698782920837e-03 1.428165845572948456e-02 4.540717974305152893e-02 3.638131171464920044e-02 1.259968802332878113e-02 3.013852052390575409e-02 1.807240396738052368e-02 4.217941313982009888e-02 1.714893057942390442e-02 1.733655110001564026e-02 1.941434224136173725e-03 4.162511322647333145e-03 1.214100793004035950e-01 1.093253586441278458e-02 9.467440098524093628e-02 3.665463253855705261e-02 1.874560490250587463e-02 2.108833566308021545e-02 2.014982514083385468e-02 1.891412399709224701e-02 8.456824347376823425e-03 4.579707980155944824e-02 4.083519056439399719e-02 9.332933463156223297e-03 4.021085426211357117e-02 7.182006724178791046e-03 5.899357143789529800e-03 4.289721325039863586e-02 1.525059342384338379e-02 1.062762178480625153e-02 1.689604669809341431e-02 1.189526636153459549e-02 2.700839936733245850e-02 2.448428049683570862e-02 1.456066686660051346e-02 2.043411321938037872e-02 7.403870578855276108e-03 2.304857224225997925e-02 4.517607763409614563e-02 2.785325609147548676e-02 2.762289904057979584e-02 3.242884576320648193e-02 4.168536514043807983e-02 1.042610779404640198e-02 6.049977964721620083e-04 1.277726050466299057e-02 2.266985364258289337e-02 2.384378574788570404e-02 2.468185313045978546e-02 8.606281131505966187e-03 2.974748238921165466e-02 1.038109138607978821e-02 3.094373457133769989e-02 2.108928747475147247e-02 2.683967119082808495e-03 1.564157940447330475e-02
2.174109406769275665e-02 8.934628218412399292e-03 2.496651001274585724e-02 6.308829039335250854e-02 4.934631586074829102e-01 2.555784769356250763e-02 4.307918250560760498e-02 1.764464005827903748e-02 1.396922394633293152e-02 8.115810342133045197e-03 1.291582267731428146e-02 2.789594791829586029e-02 3.420750377699732780e-03 1.593001559376716614e-02 5.709420889616012573e-03 1.744441501796245575e-02 1.318632625043392181e-02 2.779421769082546234e-02 6.126996502280235291e-02 2.285251393914222717e-02 5.020553618669509888e-02 2.834113780409097672e-03 9.506702423095703125e-03 9.777868166565895081e-03 2.451392449438571930e-02 3.864571079611778259e-02 5.328937899321317673e-03 1.631765067577362061e-02 3.505563829094171524e-03 4.977281019091606140e-02 1.492622960358858109e-02 1.961969584226608276e-02 5.124543793499469757e-03 1.150928158313035965e-02 1.090759597718715668e-02 1.088884752243757248e-02 8.606908842921257019e-03 3.895889222621917725e-02 3.389762341976165771e-02 5.451307818293571472e-02 1.030303817242383957e-02 3.321075346320867538e-03 2.752428501844406128e-02 2.848879061639308929e-02 4.703396931290626526e-03 8.317906409502029419e-03 1.592855714261531830e-02 2.426275052130222321e-02 1.207526214420795441e-02 1.117904763668775558e-02 3.597659245133399963e-02 1.444164197891950607e-02 6.839244160801172256e-04 1.978522341232746840e-04 2.257338352501392365e-02 1.292857341468334198e-02 9.392107836902141571e-03 1.148480735719203949e-02 1.389885786920785904e-03 7.569620385766029358e-03 1.735249161720275879e-02 9.161458350718021393e-03 1.687982492148876190e-02 8.079187944531440735e-03 9.944987483322620392e-03 9.072734974324703217e-03 3.899615490809082985e-03 3.378840535879135132e-02 1.953114941716194153e-02 2.592659322544932365e-03 1.624611392617225647e-02 1.338204182684421539e-02 4.933958128094673157e-02 1.612720452249050140e-02 7.580783963203430176e-02 7.772971410304307938e-03 2.968944981694221497e-02 4.691628739237785339e-03 2.370952162891626358e-03 2.675541909411549568e-03 1.222525443881750107e-02 2.366104349493980408e-02 1.312655024230480194e-02 6.031476706266403198e-02 1.378239039331674576e-02 2.788915298879146576e-02 1.222805771976709366e-02 1.763903163373470306e-02 1.834786526160314679e-04 1.404014881700277328e-02 3.435509046539664268e-03 3.696630476042628288e-03 1.780744269490242004e-02 8.406949229538440704e-03 1.282216631807386875e-03 5.584454163908958435e-03 1.338675525039434433e-02 1.846953667700290680e-02 4.256626218557357788e-02 3.689131885766983032e-02 2.836338616907596588e-02 3.340965136885643005e-02 2.675904892385005951e-02 7.028485182672739029e-03 9.857766330242156982e-03 1.068751141428947449e-02 2.081773057579994202e-02 1.328130625188350677e-02 3.316022455692291260e-02 8.037269115447998047e-03 3.896413836628198624e-03 1.295122317969799042e-03 2.938947826623916626e-02 3.879062458872795105e-02 2.808013558387756348e-02 1.064024213701486588e-02
8.314771205186843872e-02 1.265849471092224121e-01 2.157375775277614594e-02 2.858863025903701782e-02 2.555784769356250763e-02 4.969791471958160400e-01 1.690097749233245850e-01 2.050739154219627380e-02 1.181736402213573456e-02 1.655390486121177673e-02 3.135411441326141357e-02 2.234701300039887428e-03 5.967590585350990295e-02 3.106310591101646423e-02 3.275718912482261658e-02 1.716093905270099640e-02 2.771097607910633087e-02 5.266733467578887939e-03 4.447484854608774185e-03 3.262278065085411072e-02 4.013975709676742554e-02 4.482077807188034058e-02 2.854706160724163055e-02 2.934718132019042969e-02 5.443797912448644638e-03 9.521659463644027710e-03 4.368697479367256165e-02 7.829947397112846375e-03 3.858362510800361633e-02 1.367794256657361984e-02 4.266767576336860657e-02 2.087451517581939697e-02 2.815239690244197845e-02 1.602929085493087769e-02 1.567242783494293690e-03 2.223476953804492950e-02 4.750534519553184509e-02 2.409604378044605255e-02 3.484608232975006104e-02 1.869495399296283722e-02 2.615167014300823212e-02 1.435944158583879471e-02 5.662428960204124451e-02 3.672783030197024345e-03 9.129199199378490448e-03 3.807546338066458702e-03 1.311728805303573608e-01 4.946336522698402405e-02 3.449955547694116831e-04 3.991234116256237030e-03 1.401144918054342270e-02 1.321729552000761032e-02 3.833256289362907410e-02 3.854653984308242798e-02 8.388110436499118805e-03 1.251598261296749115e-02 2.387171238660812378e-02 2.462450601160526276e-02 3.497234731912612915e-02 3.960775211453437805e-02 3.224893659353256226e-02 3.489209339022636414e-02 2.645658329129219055e-02 7.508433423936367035e-03 2.288826741278171539e-02 3.137719258666038513e-02 1.839665509760379791e-02 6.780407857149839401e-03 3.139385953545570374e-03 3.412369638681411743e-02 9.816992096602916718e-04 6.275567226111888885e-03 2.397852949798107147e-02 5.535925738513469696e-04 2.310780808329582214e-02 4.741911217570304871e-02 1.463648211210966110e-02 1.866788044571876526e-02 2.835549041628837585e-02 4.275779705494642258e-03 1.667793281376361847e-02 3.538653999567031860e-02 3.209046274423599243e-02 6.463713478296995163e-03 2.371403574943542480e-02 1.189214177429676056e-02 1.505655702203512192e-02 4.683628212660551071e-03 1.126642525196075439e-02 2.928549237549304962e-02 2.635404840111732483e-02 1.734145916998386383e-02 2.779772318899631500e-02 2.040084823966026306e-02 5.232676863670349121e-03 2.405670657753944397e-02 3.000975027680397034e-02 4.942575003951787949e-03 2.970018191263079643e-03 4.851188510656356812e-03 1.577027887105941772e-02 9.794383309781551361e-03 1.077337889000773430e-03 4.622893780469894409e-02 3.787528350949287415e-02 9.309590794146060944e-03 2.219871990382671356e-02 3.986319899559020996e-02 4.597443342208862305e-02 4.671066626906394958e-02 1.578633440658450127e-03 1.936617121100425720e-02 8.269821107387542725e-02 3.160546347498893738e-02 2.363807335495948792e-02 7.287953514605760574e-03
8.020038157701492310e-02 1.207488477230072021e-01 2.690968103706836700e-02 3.550770878791809082e-02 4.307918250560760498e-02 1.690097749233245850e-01 5.078732371330261230e-01 1.411107741296291351e-02 2.026725932955741882e-02 1.917851902544498444e-02 8.479490876197814941e-02 1.297334395349025726e-02 5.763845518231391907e-02 1.844089664518833160e-02 2.924527227878570557e-02 1.407532021403312683e-02 4.289171472191810608e-02 2.524705789983272552e-02 8.073958568274974823e-03 5.470787640661001205e-03 1.943579688668251038e-02 1.063545607030391693e-02 3.141202032566070557e-02 3.702925518155097961e-02 6.431575864553451538e-03 9.799310937523841858e-03 2.355830557644367218e-02 2.340529114007949829e-03 3.548536216840147972e-03 2.055319584906101227e-02 1.379707176238298416e-02 3.301892802119255066e-02 1.901320740580558777e-02 1.482716668397188187e-02 1.099856384098529816e-02 1.556933391839265823e-02 4.282047972083091736e-02 1.017682719975709915e-02 1.632235944271087646e-02 3.637645021080970764e-02 1.340555679053068161e-02 2.837542444467544556e-03 5.779001861810684204e-02 1.435048226267099380e-02 1.068749651312828064e-02 2.361593768000602722e-02 1.201111525297164917e-01 1.224247664213180542e-01 1.819032803177833557e-02 2.161649428308010101e-02 2.961671166121959686e-02 3.671061620116233826e-02 4.386335238814353943e-02 4.819874837994575500e-02 2.876417152583599091e-02 1.577533408999443054e-02 1.436746399849653244e-02 5.707871168851852417e-03 4.524986073374748230e-02 3.314568847417831421e-02 3.330022469162940979e-02 3.487005457282066345e-02 2.510476112365722656e-02 1.628673262894153595e-02 9.058825671672821045e-03 1.834493316709995270e-02 1.240469142794609070e-02 1.527579780668020248e-02 6.052377633750438690e-03 3.854215890169143677e-02 6.377175915986299515e-03 1.970547251403331757e-02 5.100446939468383789e-02 3.603450953960418701e-02 7.847973145544528961e-03 1.632897555828094482e-02 8.667140267789363861e-03 3.640953823924064636e-02 3.438654355704784393e-03 1.880332268774509430e-02 1.116210501641035080e-02 6.751701701432466507e-03 1.044116914272308350e-02 9.869580157101154327e-03 2.469936758279800415e-02 3.924671560525894165e-03 3.021637676283717155e-03 2.485026419162750244e-02 1.336977444589138031e-02 6.960926111787557602e-03 5.366444960236549377e-02 1.585118658840656281e-02 7.561982423067092896e-02 1.482046674937009811e-02 1.617716252803802490e-02 2.479811199009418488e-02 3.799734404310584068e-03 2.852174453437328339e-02 4.562643356621265411e-03 5.713745020329952240e-03 1.605585776269435883e-02 2.437596675008535385e-03 5.079681868664920330e-04 3.686881065368652344e-02 2.889553643763065338e-02 3.093794919550418854e-02 3.764362633228302002e-02 3.508517891168594360e-02 3.100992552936077118e-02 4.407211765646934509e-02 1.241813646629452705e-03 1.913502812385559082e-02 7.356599718332290649e-02 2.257020212709903717e-02 3.312554676085710526e-03 4.246909171342849731e-03
1.265330426394939423e-02 2.771192044019699097e-02 1.133081503212451935e-02 3.062808699905872345e-02 1.764464005827903748e-02 2.050739154219627380e-02 1.411107741296291351e-02 4.978012442588806152e-01 1.143702864646911621e-02 1.383477542549371719e-02 2.182165347039699554e-02 3.236771747469902039e-02 3.225936740636825562e-02 2.088576368987560272e-02 3.753980249166488647e-02 1.819489337503910065e-02 2.438902482390403748e-02 3.085575625300407410e-02 1.583353616297245026e-03 1.809995435178279877e-02 1.747469184920191765e-03 1.136653404682874680e-02 2.535209245979785919e-02 3.486154973506927490e-02 8.378203958272933960e-03 3.269142471253871918e-03 9.524896740913391113e-03 6.637125043198466301e-04 4.452027846127748489e-03 1.002166979014873505e-02 1.440339628607034683e-02 3.647584235295653343e-03 2.550159115344285965e-03 1.449232222512364388e-03 2.248799987137317657e-02 7.043852936476469040e-03 5.843671970069408417e-03 1.139878388494253159e-02 1.310415659099817276e-02 3.203014784958213568e-04 8.719768375158309937e-03 1.363038457930088043e-02 2.970277797430753708e-03 2.290922962129116058e-02 2.790204249322414398e-02 2.062558569014072418e-02 3.471886273473501205e-03 4.636676749214529991e-04 2.001730725169181824e-03 4.737398994620889425e-04 1.360599137842655182e-02 1.070297881960868835e-02 2.234149491414427757e-03 7.937408983707427979e-03 3.065179567784070969e-03 8.669468574225902557e-03 9.115085005760192871e-03 6.476675625890493393e-03 1.203009020537137985e-02 8.703200146555900574e-03 4.727577790617942810e-03 2.072312310338020325e-02 8.008707314729690552e-03 4.239317774772644043e-02 1.043269690126180649e-02 2.247503586113452911e-02 7.708212360739707947e-03 6.741850636899471283e-03 3.280094638466835022e-02 3.377701155841350555e-03 2.691334486007690430e-02 4.119166731834411621e-02 4.402734711766242981e-02 1.821835339069366455e-02 3.635746985673904419e-02 3.949765861034393311e-02 3.646703436970710754e-02 8.297449909150600433e-03 1.957032829523086548e-02 1.638337224721908569e-02 6.750784814357757568e-02 4.620242118835449219e-02 1.909658312797546387e-02 3.310183994472026825e-03 2.138586528599262238e-02 2.281642984598875046e-03 4.177917912602424622e-02 2.959366329014301300e-02 3.542760759592056274e-02 2.322231791913509369e-02 5.272299051284790039e-03 1.414417568594217300e-02 5.514136049896478653e-03 5.603546276688575745e-03 2.725125290453433990e-02 8.758174255490303040e-03 1.365667302161455154e-02 1.852681115269660950e-02 4.366666078567504883e-03 3.590522101148962975e-03 4.564007744193077087e-03 1.653121039271354675e-02 5.734830629080533981e-03 3.842568024992942810e-02 1.758308522403240204e-02 2.906869538128376007e-02 2.680122153833508492e-03 4.543249087873846292e-04 1.310357637703418732e-02 8.307767100632190704e-03 2.072108164429664612e-02 4.100242629647254944e-02 1.666540652513504028e-02 4.190333711449056864e-04 1.399431563913822174e-02 1.257323287427425385e-02
3.562636300921440125e-02 2.489188686013221741e-02 3.031068854033946991e-02 4.473849013447761536e-02 1.396922394633293152e-02 1.181736402213573456e-02 2.026725932955741882e-02 1.143702864646911621e-02 4.978495538234710693e-01 7.766643911600112915e-02 1.042011287063360214e-02 8.561016619205474854e-02 1.528580393642187119e-02 4.684539139270782471e-02 5.112751573324203491e-02 6.572257727384567261e-03 1.569403707981109619e-02 3.612677380442619324e-02 2.914447151124477386e-02 3.701411187648773193e-02 2.802133187651634216e-02 5.172416102141141891e-03 3.873741254210472107e-02 3.879572451114654541e-02 2.852759696543216705e-02 5.198192596435546875e-02 1.287555880844593048e-02 1.788425445556640625e-02 2.855169959366321564e-02 1.620056293904781342e-02 2.015632763504981995e-02 5.466612521559000015e-03 2.919099107384681702e-02 4.347979649901390076e-02 2.281168848276138306e-02 1.379086170345544815e-02 1.022734097205102444e-03 1.473936624825000763e-02 3.010402992367744446e-02 1.513058878481388092e-02 1.074545085430145264e-02 1.757138408720493317e-02 1.754907518625259399e-02 1.149454154074192047e-02 2.975660189986228943e-02 1.156908692792057991e-03 1.589799113571643829e-02 7.806181907653808594e-03 8.776790346018970013e-04 2.051680721342563629e-02 1.274248771369457245e-02 2.615584805607795715e-02 2.558571100234985352e-02 3.330099955201148987e-02 4.840281233191490173e-02 7.448738906532526016e-03 1.728839799761772156e-02 3.208363428711891174e-03 2.478058077394962311e-02 2.591032534837722778e-02 8.537556044757366180e-03 3.224822133779525757e-02 3.158649429678916931e-02 5.987917538732290268e-03 3.613753616809844971e-02 2.898049540817737579e-02 3.867750614881515503e-02 2.335838973522186279e-02 5.602548271417617798e-02 3.142433986067771912e-02 3.858909755945205688e-02 2.644475363194942474e-02 3.735726326704025269e-02 4.598504398018121719e-03 1.254676654934883118e-02 8.908708579838275909e-03 1.175773665308952332e-01 6.925243139266967773e-02 4.941494762897491455e-02 1.278457138687372208e-02 1.994372904300689697e-02 3.368409350514411926e-02 4.584911093115806580e-02 1.713598333299160004e-02 2.341715618968009949e-02 2.276445925235748291e-02 3.250026702880859375e-02 3.940353542566299438e-02 5.691526085138320923e-02 4.725438728928565979e-02 1.787168905138969421e-02 4.446919634938240051e-02 2.787027321755886078e-02 1.476944144815206528e-02 1.503431331366300583e-02 2.095998637378215790e-02 2.829477004706859589e-02 6.472609471529722214e-03 9.734465181827545166e-02 4.254356399178504944e-02 2.169131115078926086e-02 8.195636793971061707e-03 6.146966479718685150e-03 1.055824756622314453e-02 2.144256792962551117e-02 3.485496342182159424e-02 6.818913388997316360e-03 1.160481129772961140e-03 2.479478716850280762e-03 1.209349185228347778e-02 2.689954452216625214e-02 1.603464782238006592e-02 2.946260757744312286e-02 1.341814547777175903e-02 2.663299068808555603e-02 2.987554669380187988e-02
3.455359116196632385e-02 1.768591627478599548e-02 9.762937203049659729e-03 2.861217036843299866e-02 8.115810342133045197e-03 1.655390486121177673e-02 1.917851902544498444e-02 1.383477542549371719e-02 7.766643911600112915e-02 5.007131099700927734e-01 3.271580860018730164e-02 1.868730061687529087e-03 3.035655617713928223e-02 1.923605613410472870e-02 2.868134342133998871e-02 7.412798237055540085e-03 8.484274148941040039e-03 2.240375801920890808e-02 4.473671317100524902e-02 4.485289752483367920e-02 4.590335488319396973e-02 3.026065230369567871e-02 4.982591606676578522e-03 1.393156964331865311e-02 4.812836647033691406e-02 4.914180189371109009e-02 1.178088411688804626e-02 2.980338782072067261e-02 1.181391812860965729e-02 2.719425782561302185e-02 9.800102561712265015e-03 2.077419921988621354e-04 2.277793176472187042e-02 1.168527547270059586e-02 5.398036446422338486e-04 6.128724664449691772e-03 1.534802373498678207e-02 2.749747596681118011e-02 2.380748093128204346e-02 6.108833942562341690e-03 2.847786247730255127e-02 1.489285845309495926e-02 1.574963890016078949e-02 4.284549131989479065e-02 1.041317079216241837e-02 3.352404758334159851e-02 3.850000351667404175e-02 2.869671769440174103e-02 1.007823366671800613e-02 3.100136481225490570e-02 5.457463208585977554e-03 1.706707663834095001e-02 2.060211496427655220e-03 7.882332429289817810e-03 2.398712188005447388e-02 2.862514555454254150e-02 2.546779811382293701e-02 1.530647929757833481e-02 2.567473798990249634e-03 4.874229431152343750e-03 1.917578279972076416e-02 8.658339269459247589e-03 5.150163080543279648e-03 1.132740546017885208e-02 5.034328438341617584e-03 2.031796798110008240e-02 2.641235664486885071e-02 4.815580695867538452e-02 1.165918656624853611e-03 2.135936665581539273e-04 2.442575804889202118e-02 2.917858213186264038e-02 4.284937679767608643e-02 2.030624076724052429e-02 7.019513752311468124e-03 2.379332296550273895e-02 3.893753886222839355e-02 7.934223115444183350e-02 3.418777137994766235e-02 5.611107125878334045e-02 2.687465772032737732e-02 4.342268779873847961e-02 2.851376077160239220e-03 3.393609076738357544e-02 3.054160065948963165e-02 9.153916500508785248e-03 1.402473263442516327e-02 2.556179277598857880e-02 1.696445979177951813e-03 4.606210067868232727e-02 2.428694255650043488e-02 3.748634364455938339e-03 7.985125295817852020e-03 3.091002814471721649e-02 4.407109227031469345e-03 1.716780662536621094e-02 2.036450617015361786e-02 4.020367562770843506e-02 1.517927739769220352e-02 1.417925301939249039e-02 2.130395732820034027e-02 1.555125508457422256e-02 3.018409572541713715e-02 7.322740741074085236e-03 1.132713351398706436e-02 9.727870114147663116e-03 8.328856900334358215e-03 1.325202174484729767e-02 3.454083809629082680e-03 1.242083217948675156e-02 2.399348421022295952e-03 1.747171208262443542e-02 2.420979924499988556e-02 4.572184011340141296e-02 1.674923673272132874e-02 1.028615143150091171e-02
1.411911696195602417e-01 8.914706110954284668e-02 1.519933715462684631e-02 2.173978835344314575e-02 1.291582267731428146e-02 3.135411441326141357e-02 8.479490876197814941e-02 2.182165347039699554e-02 1.042011287063360214e-02 3.271580860018730164e-02 5.217559337615966797e-01 2.581074833869934082e-02 8.999099582433700562e-02 2.853533951565623283e-03 3.446786105632781982e-02 2.436023950576782227e-02 4.558322951197624207e-03 1.880109310150146484e-02 4.330817237496376038e-02 1.024345029145479202e-02 1.760634221136569977e-02 6.717739999294281006e-02 3.359155729413032532e-02 3.086180984973907471e-02 2.675041090697050095e-03 2.257759333588182926e-04 5.021681264042854309e-02 4.336411599069833755e-03 6.059627607464790344e-02 1.018441375344991684e-02 1.011514849960803986e-02 3.126511350274085999e-02 4.295379295945167542e-02 1.525331567972898483e-02 3.074979782104492188e-02 1.279815100133419037e-03 9.571747068548575044e-05 5.456315353512763977e-02 8.816564455628395081e-03 2.543879672884941101e-02 7.935034111142158508e-03 2.494802512228488922e-02 1.761994138360023499e-02 2.203672565519809723e-02 3.098875470459461212e-02 1.453893445432186127e-02 1.108496487140655518e-01 1.015395075082778931e-01 2.834175340831279755e-02 1.939137838780879974e-02 8.255330845713615417e-03 1.516637206077575684e-02 4.678994417190551758e-03 1.337453816086053848e-02 2.385022863745689392e-02 2.139395661652088165e-02 1.121596898883581161e-02 1.916420646011829376e-03 2.180538140237331390e-02 2.241016551852226257e-02 3.065447323024272919e-02 4.480151832103729248e-02 2.641612663865089417e-02 3.382103517651557922e-02 4.954474046826362610e-02 6.214823201298713684e-02 2.793276123702526093e-02 2.354580909013748169e-02 2.288159355521202087e-02 8.912186138331890106e-03 3.746318817138671875e-02 7.427404634654521942e-03 1.640741340816020966e-02 5.100398510694503784e-02 2.158191055059432983e-02 2.296467497944831848e-02 5.862322635948657990e-03 3.850719332695007324e-02 4.226107150316238403e-02 1.984683237969875336e-02 1.808022893965244293e-02 2.811400219798088074e-02 2.079501748085021973e-02 4.106678068637847900e-02 9.569885209202766418e-03 3.892908990383148193e-02 3.518240526318550110e-02 4.900398850440979004e-02 1.564166881144046783e-02 1.273575326194986701e-04 1.156078055500984192e-01 4.276672005653381348e-02 7.314155995845794678e-02 5.823676288127899170e-02 6.879312917590141296e-03 1.648653415031731129e-03 4.696434363722801208e-02 1.284732576459646225e-02 2.070946432650089264e-02 3.798986971378326416e-02 1.824674010276794434e-02 7.243064697831869125e-03 1.573517918586730957e-02 1.854500174522399902e-02 2.857320010662078857e-02 4.392300546169281006e-02 2.646831050515174866e-02 3.890642523765563965e-02 8.866732008755207062e-03 4.644443467259407043e-02 1.916831173002719879e-02 3.160910680890083313e-02 2.957429364323616028e-02 4.727994650602340698e-02 1.526636164635419846e-02 3.142715990543365479e-02
2.583444304764270782e-02 2.465822175145149231e-02 1.496619544923305511e-02 1.945347321452572942e-04 2.789594791829586029e-02 2.234701300039887428e-03 1.297334395349025726e-02 3.236771747469902039e-02 8.561016619205474854e-02 1.868730061687529087e-03 2.581074833869934082e-02 4.955765306949615479e-01 1.038939692080020905e-02 1.770043373107910156e-01 2.595473267138004303e-02 1.089588156901299953e-03 3.655342152342200279e-03 1.935673132538795471e-02 3.337082266807556152e-02 2.212626673281192780e-02 2.861801162362098694e-02 1.479073707014322281e-02 6.383673846721649170e-02 4.172114282846450806e-02 2.911392599344253540e-02 1.550281699746847153e-02 3.301256150007247925e-02 1.073710173368453979e-01 2.486285194754600525e-02 1.214342787861824036e-01 1.949909143149852753e-02 4.375698044896125793e-02 2.189392782747745514e-02 2.099246904253959656e-02 3.465696424245834351e-02 9.071059525012969971e-03 1.974005252122879028e-02 1.986261270940303802e-02 6.984202773310244083e-04 1.277593616396188736e-02 4.264648072421550751e-03 8.730015717446804047e-03 2.890058606863021851e-02 2.613624744117259979e-02 2.736390568315982819e-02 6.292797625064849854e-03 3.738036751747131348e-02 4.566272720694541931e-03 4.792548343539237976e-02 2.199691720306873322e-02 1.111082360148429871e-02 6.294410559348762035e-04 1.763631962239742279e-02 2.232646569609642029e-02 2.443320117890834808e-02 3.087683580815792084e-02 2.325020916759967804e-02 3.616980090737342834e-02 2.933707460761070251e-02 3.600552305579185486e-02 2.668814919888973236e-02 3.571468964219093323e-02 3.645234182476997375e-02 4.615836776793003082e-03 3.509563952684402466e-02 2.137880586087703705e-02 2.717466093599796295e-02 1.526350155472755432e-02 3.522399812936782837e-02 5.298237316310405731e-03 2.538237534463405609e-02 4.689808469265699387e-03 3.442062437534332275e-02 1.604904234409332275e-02 1.083644200116395950e-02 8.394970558583736420e-03 8.133838325738906860e-02 1.770769059658050537e-02 3.377947956323623657e-02 4.245166853070259094e-02 2.419814839959144592e-02 1.423055585473775864e-02 4.142223298549652100e-02 3.312157094478607178e-02 1.873232237994670868e-02 2.709805220365524292e-02 1.750454306602478027e-02 3.585567325353622437e-02 1.359703838825225830e-01 3.118060529232025146e-02 3.432877361774444580e-02 2.826669625937938690e-02 1.319943554699420929e-02 2.920822240412235260e-02 8.946704678237438202e-03 4.665352404117584229e-03 4.148161970078945160e-03 1.550441514700651169e-02 2.650143764913082123e-02 3.023062273859977722e-02 1.022662967443466187e-02 7.505604531615972519e-03 2.581221796572208405e-02 1.810578629374504089e-02 3.220261260867118835e-02 3.596558049321174622e-02 1.094431802630424500e-02 1.465749926865100861e-02 2.957393229007720947e-02 5.422244314104318619e-03 2.397143654525279999e-02 3.885795176029205322e-02 2.321483567357063293e-02 6.089250673539936543e-04 9.345649741590023041e-03 1.616454124450683594e-02
1.081229075789451599e-01 9.681060910224914551e-02 7.778493221849203110e-03 1.697263866662979126e-02 3.420750377699732780e-03 5.967590585350990295e-02 5.763845518231391907e-02 3.225936740636825562e-02 1.528580393642187119e-02 3.035655617713928223e-02 8.999099582433700562e-02 1.038939692080020905e-02 5.200996398925781250e-01 2.370562776923179626e-02 4.468226060271263123e-02 3.303801268339157104e-02 2.544690296053886414e-02 2.035123668611049652e-02 3.121741674840450287e-02 2.606208203360438347e-03 4.148127511143684387e-03 4.969130456447601318e-02 3.710792958736419678e-02 3.988490998744964600e-02 2.588980598375201225e-03 1.934921951033174992e-03 2.585230395197868347e-02 2.961771795526146889e-03 6.852615624666213989e-04 7.109377067536115646e-03 3.069294430315494537e-02 2.677523531019687653e-02 3.119764849543571472e-02 7.623182144016027451e-03 4.315402731299400330e-02 1.127847656607627869e-02 8.227061480283737183e-04 6.635504774749279022e-03 8.227086625993251801e-03 9.530346724204719067e-04 3.634487837553024292e-02 2.028992213308811188e-02 1.324539817869663239e-02 2.381100878119468689e-02 3.674262389540672302e-02 2.438951469957828522e-02 9.885216504335403442e-02 5.637392401695251465e-02 1.409202627837657928e-02 2.070632018148899078e-02 1.207509171217679977e-02 2.116173692047595978e-02 1.238835696130990982e-02 1.015357580035924911e-02 3.443432599306106567e-02 2.988766320049762726e-02 4.167915787547826767e-03 7.417501881718635559e-03 1.705633476376533508e-02 1.256545539945363998e-02 2.333945594727993011e-02 3.741677477955818176e-02 3.163631260395050049e-02 4.177223891019821167e-02 1.287672668695449829e-02 7.454404979944229126e-02 1.520649716258049011e-02 2.092781476676464081e-03 1.533555239439010620e-02 1.477860473096370697e-02 4.278508201241493225e-02 8.159227669239044189e-03 1.601613126695156097e-02 1.620200462639331818e-02 1.403867080807685852e-02 5.074942484498023987e-02 9.686912409961223602e-03 2.753205224871635437e-02 1.512857712805271149e-02 1.879950426518917084e-02 1.812035217881202698e-02 3.472610935568809509e-02 1.553916838020086288e-02 2.853947691619396210e-02 3.097519278526306152e-02 1.918995007872581482e-02 2.624450251460075378e-02 4.199232533574104309e-02 1.204848289489746094e-03 1.683181710541248322e-02 6.929115206003189087e-02 3.228310868144035339e-02 4.076129198074340820e-02 7.021076232194900513e-02 4.935556557029485703e-03 8.085508830845355988e-03 2.525332616642117500e-03 2.888450026512145996e-02 3.861710429191589355e-02 2.665785886347293854e-02 2.690788172185420990e-02 1.838791184127330780e-02 4.354191012680530548e-03 4.864959791302680969e-02 2.847859263420104980e-02 3.833368793129920959e-02 1.810172758996486664e-02 3.106602653861045837e-02 2.321340516209602356e-02 1.006300095468759537e-02 3.863827511668205261e-02 3.770816326141357422e-02 1.655804552137851715e-02 3.987829666584730148e-03 1.150869112461805344e-02 4.177964106202125549e-02
