4.517684280872344971e-01 1.121819093823432922e-01 3.468476980924606323e-02 4.034758359193801880e-02 3.987751156091690063e-02 4.200515523552894592e-02 4.386769607663154602e-02 5.589399021118879318e-03 4.431828856468200684e-02 6.736951414495706558e-03 6.655218452215194702e-02 1.280060596764087677e-02 7.014273852109909058e-02 8.973649702966213226e-03 4.231456294655799866e-02 1.832101307809352875e-02 1.466022897511720657e-02 2.310427092015743256e-02 3.100476041436195374e-02 2.419425733387470245e-02 1.524356007575988770e-02 1.626036129891872406e-03 4.486716352403163910e-03 3.954725340008735657e-03 4.138003662228584290e-02 3.104236349463462830e-02 1.593695580959320068e-02 4.691917914897203445e-03 1.295972615480422974e-02 2.023444883525371552e-02 6.482589524239301682e-03 3.934190794825553894e-02 6.135387346148490906e-03 1.656444743275642395e-02 4.178018309175968170e-03 1.367820613086223602e-02 3.502524271607398987e-02 1.846970058977603912e-02 2.961430698633193970e-02 2.838435769081115723e-02 3.743620123714208603e-03 3.963050618767738342e-02 4.339686036109924316e-02 1.662287488579750061e-02 3.887176513671875000e-02 4.153243079781532288e-02 3.048065491020679474e-02 1.036473270505666733e-02 4.586056992411613464e-02 3.337804228067398071e-02 4.388880729675292969e-02 4.036087915301322937e-02 1.194439548999071121e-02 1.188469026237726212e-02 1.273963414132595062e-02 4.007574170827865601e-02 3.916547819972038269e-02 1.671740971505641937e-02 5.913164000958204269e-03 2.379630692303180695e-02 2.901031635701656342e-02 4.238979518413543701e-02 2.086187340319156647e-02 3.859027987346053123e-03 1.401688344776630402e-02 2.573728933930397034e-02 2.618446305859833956e-04 2.722442336380481720e-02 3.647779300808906555e-02 3.644310683012008667e-02 2.999876812100410461e-02 4.500465840101242065e-02 4.807439073920249939e-02 3.918100893497467041e-02 4.706928506493568420e-02 5.137409642338752747e-02 1.739675365388393402e-02 4.573145881295204163e-03 5.415771622210741043e-03 2.794615924358367920e-02 2.781431190669536591e-02 1.556816603988409042e-02 2.637977479025721550e-03 2.327585592865943909e-02 3.476060181856155396e-02 3.979279100894927979e-02 9.875924326479434967e-03 2.928356081247329712e-02 5.643423646688461304e-02 1.659891381859779358e-02 2.167619206011295319e-02 4.776396788656711578e-03 1.114383223466575146e-03 7.944638491608202457e-04 1.327924616634845734e-02 8.732732385396957397e-03 5.700905807316303253e-03 1.022145804017782211e-02 6.392148882150650024e-02 4.413236305117607117e-02 1.906711794435977936e-02 4.441234469413757324e-02 1.453496050089597702e-03 6.881725043058395386e-03 1.395591814070940018e-02 3.404270112514495850e-02 2.731632255017757416e-02 8.151158690452575684e-03 4.931753873825073242e-02 3.593205474317073822e-03 1.180859748274087906e-02 2.070380747318267822e-02 1.794279925525188446e-02 3.960211947560310364e-02 4.275649785995483398e-02 4.438049346208572388e-02
1.121819093823432922e-01 4.515037536621093750e-01 2.194383367896080017e-02 4.256001859903335571e-02 3.678577765822410583e-02 6.180620938539505005e-02 7.936394959688186646e-02 3.027451457455754280e-03 4.636157676577568054e-02 2.354009542614221573e-03 5.801507830619812012e-02 2.530857548117637634e-02 6.710031628608703613e-02 6.328259129077196121e-03 4.138480126857757568e-02 3.687037155032157898e-02 3.689346462488174438e-02 2.385175600647926331e-02 4.841010645031929016e-02 2.409669011831283569e-02 1.443579909391701221e-03 1.080483314581215382e-03 1.018523797392845154e-02 1.441937685012817383e-02 4.824694991111755371e-02 3.007110394537448883e-02 1.245789788663387299e-02 3.745591267943382263e-02 6.082735955715179443e-03 2.145133912563323975e-02 2.152982912957668304e-02 5.564520135521888733e-02 5.240896716713905334e-03 8.715138770639896393e-03 6.482544820755720139e-03 3.000055812299251556e-02 4.683818295598030090e-02 2.143066003918647766e-02 9.487452916800975800e-03 2.008089097216725349e-03 1.924199052155017853e-02 2.500290982425212860e-02 3.321981802582740784e-02 2.078768424689769745e-02 4.405552521347999573e-02 2.441286854445934296e-02 3.435457497835159302e-02 2.382136322557926178e-02 4.388357326388359070e-02 4.779072478413581848e-02 3.507277369499206543e-02 3.162971511483192444e-02 2.050031907856464386e-02 5.414569750428199768e-04 2.386015653610229492e-02 4.949887096881866455e-02 8.707962930202484131e-03 1.330513972789049149e-02 4.874901787843555212e-04 2.773243375122547150e-02 2.374023571610450745e-02 3.694177791476249695e-02 2.339268103241920471e-02 1.739571243524551392e-02 4.170360509306192398e-03 2.510799095034599304e-02 1.602973043918609619e-02 1.730534061789512634e-02 3.168934211134910583e-02 2.997023239731788635e-02 3.983185440301895142e-02 4.754260554909706116e-02 5.169908702373504639e-02 4.454712569713592529e-02 4.195389524102210999e-02 4.957096651196479797e-02 3.715870901942253113e-02 2.396935410797595978e-02 1.965927891433238983e-02 1.850361749529838562e-02 3.468267247080802917e-02 1.144085172563791275e-02 3.869611071422696114e-03 3.714766353368759155e-03 4.375071451067924500e-02 2.963573299348354340e-02 1.870023831725120544e-02 1.902768947184085846e-02 4.460769519209861755e-02 8.928461931645870209e-03 2.140581421554088593e-02 1.514293812215328217e-02 7.661477196961641312e-03 4.452676046639680862e-03 1.258966792374849319e-02 1.350675476714968681e-03 4.830908495932817459e-03 1.001712866127490997e-02 5.384676903486251831e-02 3.982542455196380615e-02 1.672367565333843231e-02 4.492110013961791992e-02 8.750274777412414551e-03 3.117871703580021858e-03 1.885517500340938568e-02 5.081828311085700989e-02 7.952721789479255676e-03 3.558334428817033768e-03 5.535153299570083618e-02 2.818462206050753593e-03 6.764236837625503540e-03 9.597728028893470764e-03 4.879320040345191956e-03 3.903909027576446533e-02 7.853911374695599079e-04 7.204343099147081375e-03
3.468476980924606323e-02 2.194383367896080017e-02 4.102553725242614746e-01 2.972569502890110016e-02 4.408641904592514038e-02 1.811315305531024933e-02 3.955415636301040649e-02 3.928207606077194214e-02 2.103947661817073822e-02 2.653277106583118439e-02 3.931952267885208130e-02 2.253093011677265167e-02 4.674647748470306396e-02 8.025655522942543030e-03 2.835092321038246155e-02 2.792065963149070740e-02 3.383105620741844177e-02 1.857781223952770233e-02 7.855592668056488037e-02 1.523731928318738937e-02 4.456863924860954285e-02 1.434450224041938782e-02 1.672114804387092590e-02 1.122322049923241138e-03 2.195589989423751831e-02 1.354353222995996475e-02 4.235718026757240295e-02 4.059357941150665283e-02 1.110001187771558762e-02 1.171855255961418152e-02 7.190295960754156113e-03 1.948603428900241852e-02 6.598356179893016815e-03 3.686176612973213196e-02 2.916039898991584778e-02 3.275800496339797974e-02 1.378523278981447220e-02 1.861609518527984619e-02 2.262156922370195389e-03 3.370071947574615479e-02 2.325863204896450043e-02 8.098521269857883453e-03 9.987064637243747711e-03 1.715191453695297241e-02 3.718435391783714294e-02 1.439150306396186352e-03 1.971861161291599274e-02 1.934807188808917999e-02 2.723086252808570862e-02 6.970016285777091980e-03 3.234694153070449829e-02 9.106490761041641235e-03 1.311270333826541901e-02 3.594306856393814087e-02 2.055987901985645294e-02 3.874980285763740540e-02 1.069262041710317135e-03 1.529162283986806870e-02 3.071301430463790894e-02 4.305418580770492554e-02 8.881649002432823181e-03 3.295833244919776917e-02 9.045286104083061218e-03 8.435444533824920654e-02 2.610488794744014740e-02 3.706421330571174622e-02 1.118035987019538879e-02 3.103640675544738770e-02 3.376932442188262939e-02 2.344729751348495483e-02 4.130408167839050293e-02 3.070048056542873383e-02 1.476147770881652832e-02 4.689098522067070007e-02 4.087800160050392151e-02 1.797534991055727005e-03 4.849298391491174698e-03 2.335317665711045265e-03 4.377325624227523804e-02 2.851032465696334839e-02 1.107221990823745728e-01 1.062669828534126282e-01 1.288502197712659836e-02 5.039105191826820374e-02 3.865545615553855896e-02 2.138674631714820862e-02 1.731079630553722382e-02 6.117773428559303284e-02 2.943179570138454437e-02 2.197715453803539276e-02 4.383266344666481018e-02 1.415117084980010986e-02 2.520246990025043488e-02 3.505471348762512207e-02 3.308172151446342468e-02 2.385907992720603943e-02 3.485788777470588684e-02 2.859372273087501526e-02 6.289826333522796631e-02 2.777912653982639313e-03 4.807177931070327759e-03 3.320761397480964661e-02 4.149928316473960876e-02 1.623033359646797180e-02 1.243802532553672791e-02 4.130659624934196472e-02 2.157652284950017929e-03 6.933378987014293671e-03 2.288955450057983398e-02 3.100371919572353363e-02 1.732452586293220520e-02 7.925993762910366058e-03 1.144020911306142807e-02 4.641584528144448996e-04 3.831739723682403564e-02 8.193856105208396912e-03
4.034758359193801880e-02 4.256001859903335571e-02 2.972569502890110016e-02 4.550561606884002686e-01 1.232503652572631836e-01 1.737741753458976746e-02 4.287290945649147034e-02 4.375611618161201477e-02 7.524196058511734009e-03 3.210220113396644592e-02 2.520961500704288483e-02 1.749357022345066071e-02 2.734114974737167358e-02 4.437899217009544373e-02 4.216864705085754395e-03 3.304476290941238403e-02 3.287218511104583740e-02 2.050773613154888153e-02 5.537502095103263855e-02 1.376176159828901291e-02 3.710436448454856873e-02 1.377565693110227585e-02 4.437241330742835999e-02 4.336380586028099060e-02 8.988928049802780151e-03 1.305871922522783279e-02 1.824812032282352448e-02 6.151610985398292542e-03 2.222596434876322746e-03 2.285848138853907585e-03 7.358709815889596939e-03 3.424997255206108093e-02 5.958080291748046875e-03 1.110567245632410049e-02 3.171841055154800415e-02 2.944412082433700562e-02 9.681896306574344635e-03 3.000957705080509186e-02 9.921694546937942505e-02 7.570987939834594727e-02 4.231449216604232788e-02 2.573357149958610535e-02 2.165390877053141594e-03 1.948566548526287079e-02 4.072921723127365112e-02 2.162753976881504059e-02 1.845738268457353115e-03 2.978910505771636963e-02 3.102706186473369598e-02 3.549002483487129211e-02 2.199654281139373779e-02 4.290198907256126404e-02 9.429515339434146881e-03 9.353307075798511505e-03 3.824803978204727173e-02 5.502474680542945862e-02 4.281277582049369812e-02 1.831551268696784973e-02 4.655455052852630615e-02 1.719678193330764771e-02 1.054082717746496201e-02 1.887058280408382416e-02 2.772982791066169739e-02 2.862630039453506470e-02 1.466995943337678909e-02 3.912114072591066360e-03 1.775991171598434448e-02 2.973230555653572083e-02 3.206767514348030090e-02 5.031957104802131653e-02 2.832489274442195892e-02 1.417736429721117020e-02 1.153039038181304932e-01 5.605675745755434036e-03 1.073367372155189514e-01 1.054052636027336121e-02 1.280133053660392761e-02 2.050537616014480591e-02 3.527279570698738098e-02 1.715999282896518707e-02 4.542825371026992798e-02 1.023581065237522125e-02 9.942488372325897217e-02 5.479757115244865417e-02 1.175917964428663254e-02 8.862676098942756653e-03 1.551868487149477005e-02 2.718348987400531769e-02 1.682624779641628265e-02 3.796475008130073547e-02 1.681822352111339569e-02 4.741664975881576538e-02 2.423589676618576050e-02 3.520400077104568481e-02 4.486023634672164917e-02 2.733501791954040527e-02 2.910969033837318420e-02 1.382827199995517731e-02 2.075747027993202209e-02 4.564398154616355896e-02 3.502588346600532532e-02 3.193411231040954590e-02 3.995382040739059448e-02 3.579766675829887390e-02 1.325462479144334793e-02 5.408688914030790329e-03 1.608028449118137360e-02 2.720502763986587524e-02 2.078091027215123177e-03 5.164875835180282593e-02 7.378959562629461288e-03 5.717772059142589569e-03 2.534804493188858032e-02 1.954745035618543625e-03 9.468905627727508545e-03 2.035954222083091736e-02
3.987751156091690063e-02 3.678577765822410583e-02 4.408641904592514038e-02 1.232503652572631836e-01 4.572588801383972168e-01 9.840565733611583710e-03 3.536035865545272827e-02 4.432441294193267822e-02 2.584121562540531158e-02 2.855066396296024323e-02 4.275961592793464661e-02 2.527066320180892944e-02 2.932017110288143158e-02 2.547711692750453949e-02 4.038991779088973999e-02 2.755804173648357391e-02 3.589444607496261597e-02 6.768178939819335938e-02 8.593130856752395630e-02 5.355616100132465363e-03 1.867959462106227875e-02 4.368758946657180786e-02 5.228633061051368713e-02 3.165376186370849609e-02 1.111110299825668335e-02 4.424251988530158997e-02 4.050971195101737976e-02 2.844172902405261993e-02 3.591640293598175049e-02 2.479557134211063385e-02 1.348620001226663589e-02 3.084536269307136536e-02 1.789989881217479706e-02 3.632659092545509338e-02 3.360269218683242798e-02 1.802937500178813934e-02 2.739185281097888947e-02 5.636823829263448715e-03 8.863578736782073975e-02 9.764128923416137695e-02 3.154150024056434631e-02 4.797163233160972595e-02 7.957528345286846161e-03 1.095841825008392334e-02 4.068995639681816101e-02 1.502580381929874420e-02 7.474405225366353989e-03 9.674765169620513916e-03 3.359191119670867920e-02 6.307204253971576691e-03 1.699404604732990265e-02 1.668299920856952667e-02 1.157719548791646957e-02 3.186416998505592346e-02 5.590260960161685944e-03 3.210892528295516968e-02 1.646672375500202179e-02 2.939229458570480347e-02 2.899846434593200684e-02 2.007537521421909332e-03 5.468041077256202698e-02 4.739471152424812317e-02 3.298448026180267334e-02 4.350326210260391235e-02 2.718808688223361969e-02 1.248696586117148399e-03 3.349578753113746643e-02 3.284805640578269958e-02 4.244209267199039459e-03 3.286323323845863342e-02 1.749732159078121185e-02 2.463222108781337738e-02 8.821080625057220459e-02 8.321412838995456696e-03 1.163422316312789917e-01 7.981756702065467834e-03 8.113261312246322632e-03 9.914685972034931183e-03 3.075681440532207489e-02 4.916188865900039673e-02 3.180640563368797302e-02 7.552410243079066277e-04 1.063307076692581177e-01 9.194491803646087646e-02 1.348500233143568039e-02 4.609998315572738647e-02 3.738919645547866821e-02 4.857317730784416199e-02 8.423538878560066223e-03 4.653736948966979980e-02 2.786820754408836365e-03 3.089927323162555695e-02 3.320774808526039124e-02 2.722358144819736481e-02 3.501456230878829956e-02 1.226975116878747940e-02 4.218956828117370605e-02 3.375277295708656311e-02 8.899538777768611908e-03 2.906962670385837555e-02 3.927011787891387939e-02 2.311587706208229065e-02 1.292242482304573059e-02 3.891692683100700378e-02 7.010012865066528320e-03 3.831927105784416199e-02 3.889673575758934021e-02 4.957382916472852230e-04 1.357334945350885391e-02 2.367813140153884888e-02 3.815772384405136108e-02 6.216712296009063721e-03 5.815187469124794006e-03 4.728538449853658676e-03 2.184885554015636444e-02 8.086706511676311493e-03
4.200515523552894592e-02 6.180620938539505005e-02 1.811315305531024933e-02 1.737741753458976746e-02 9.840565733611583710e-03 4.412504136562347412e-01 1.065308749675750732e-01 5.398971959948539734e-02 2.283928729593753815e-02 5.301892384886741638e-02 1.611508801579475403e-02 2.346431091427803040e-02 1.836892962455749512e-02 4.535065218806266785e-02 2.170568099245429039e-03 8.020969107747077942e-03 1.208747923374176025e-02 4.225453734397888184e-02 5.047383159399032593e-02 1.018259022384881973e-02 4.482313618063926697e-02 2.255104016512632370e-03 1.165158860385417938e-02 1.241035014390945435e-02 2.243290282785892487e-02 7.778745610266923904e-03 1.797060295939445496e-02 2.081812545657157898e-02 2.600278530735522509e-04 2.394964173436164856e-02 2.048549056053161621e-02 4.674138501286506653e-02 4.941089451313018799e-02 1.111091393977403641e-02 5.132611095905303955e-02 6.143256905488669872e-04 4.241210594773292542e-02 3.640701062977313995e-03 8.366126567125320435e-03 2.815687796100974083e-03 1.462129876017570496e-03 1.731943339109420776e-02 3.237524256110191345e-02 1.146109774708747864e-03 3.172859549522399902e-02 2.018301375210285187e-02 8.791626989841461182e-02 4.971960559487342834e-02 1.212647650390863419e-03 8.544095791876316071e-03 1.304888818413019180e-02 4.508683457970619202e-02 2.895933343097567558e-03 1.891860365867614746e-02 9.100942872464656830e-03 2.226747013628482819e-02 4.136876761913299561e-02 5.954353138804435730e-03 1.976957358419895172e-02 3.657409176230430603e-02 4.314430058002471924e-02 2.618810348212718964e-02 1.945626689121127129e-03 3.353526070713996887e-02 2.879430726170539856e-02 1.827175356447696686e-02 1.417591143399477005e-02 1.284014713019132614e-02 1.764784008264541626e-02 4.042460769414901733e-02 5.006916821002960205e-02 3.884736075997352600e-02 1.575168222188949585e-02 2.432887628674507141e-02 1.929120160639286041e-02 5.680180154740810394e-03 9.461204521358013153e-03 6.243248470127582550e-03 3.328048065304756165e-02 3.163356333971023560e-02 2.241064980626106262e-02 3.321273252367973328e-02 2.518808178137987852e-04 9.278878569602966309e-03 3.698451444506645203e-02 2.828921424224972725e-03 9.477906860411167145e-03 3.170256735756993294e-03 4.392860084772109985e-02 1.403778605163097382e-02 2.500534057617187500e-02 2.964452840387821198e-03 2.209191210567951202e-03 3.592427587136626244e-03 5.777542013674974442e-03 2.345262840390205383e-02 1.680774986743927002e-02 2.291538380086421967e-02 2.105799503624439240e-02 1.408301200717687607e-02 4.996599629521369934e-02 1.995021849870681763e-02 8.116741664707660675e-03 3.277415782213211060e-02 1.358754700049757957e-03 1.482347864657640457e-02 4.263636469841003418e-02 4.184766486287117004e-02 4.818763956427574158e-02 6.130576599389314651e-03 7.736344821751117706e-03 4.131684079766273499e-03 5.216065421700477600e-02 7.846701890230178833e-03 3.240431472659111023e-02 2.791295200586318970e-02
4.386769607663154602e-02 7.936394959688186646e-02 3.955415636301040649e-02 4.287290945649147034e-02 3.536035865545272827e-02 1.065308749675750732e-01 4.418172836303710938e-01 4.390246048569679260e-02 4.484224691987037659e-02 5.357298068702220917e-03 1.414635311812162399e-02 3.216252475976943970e-02 1.787054166197776794e-02 4.190242663025856018e-02 1.139597222208976746e-02 4.014480859041213989e-03 2.023648284375667572e-02 4.404111951589584351e-02 4.101636633276939392e-02 4.246243461966514587e-02 3.649523481726646423e-03 1.585733145475387573e-02 2.081138454377651215e-02 5.555768497288227081e-03 3.052728809416294098e-02 1.698212325572967529e-02 9.397146059200167656e-04 1.641772128641605377e-02 4.514982923865318298e-03 3.276684507727622986e-02 7.827645458746701479e-05 3.803375875577330589e-03 4.061858728528022766e-02 3.715484216809272766e-02 3.947672247886657715e-02 4.592869430780410767e-02 8.869171142578125000e-03 2.621933817863464355e-02 2.081860601902008057e-02 2.900545252487063408e-03 3.329862281680107117e-02 3.928713500499725342e-02 2.250962331891059875e-02 2.099869586527347565e-02 9.949333034455776215e-04 3.757565468549728394e-02 7.951354980468750000e-02 1.090485975146293640e-01 4.310752078890800476e-02 4.337098821997642517e-02 1.033457834273576736e-02 1.721487194299697876e-02 4.002252221107482910e-02 3.518977388739585876e-02 2.651956677436828613e-02 4.526204243302345276e-02 4.157768562436103821e-02 2.714178152382373810e-02 1.288525946438312531e-02 6.478423718363046646e-03 4.479693993926048279e-02 4.093530122190713882e-03 3.901942819356918335e-02 1.708587817847728729e-02 2.939622104167938232e-02 2.368578314781188965e-02 6.830997765064239502e-03 2.554422430694103241e-02 4.235106334090232849e-02 2.618352510035037994e-02 4.916472733020782471e-02 6.511606741696596146e-03 3.565730899572372437e-02 1.247436646372079849e-02 4.642654582858085632e-02 1.516538579016923904e-02 4.070891812443733215e-02 1.108670700341463089e-02 2.197523415088653564e-02 2.959707193076610565e-02 2.448784932494163513e-02 2.173729706555604935e-03 9.031245717778801918e-04 2.871573343873023987e-02 3.925129026174545288e-02 1.956116780638694763e-02 2.292195893824100494e-02 2.221559733152389526e-02 4.673246666789054871e-02 4.353493452072143555e-02 3.102517873048782349e-02 1.373780798166990280e-02 4.272723197937011719e-02 1.255554612725973129e-02 1.088437438011169434e-02 1.669243909418582916e-02 5.486323498189449310e-03 3.999989107251167297e-02 1.770695857703685760e-02 4.965646192431449890e-03 1.055054645985364914e-02 1.663468405604362488e-02 4.649537149816751480e-03 2.003595419228076935e-02 2.312878146767616272e-02 1.205215509980916977e-02 7.881160825490951538e-03 4.219903144985437393e-03 3.683832660317420959e-02 5.847617983818054199e-02 3.345920518040657043e-02 1.590355671942234039e-02 5.613020434975624084e-02 3.172668442130088806e-02 2.465053834021091461e-02 2.219366468489170074e-02
5.589399021118879318e-03 3.027451457455754280e-03 3.928207606077194214e-02 4.375611618161201477e-02 4.432441294193267822e-02 5.398971959948539734e-02 4.390246048569679260e-02 4.297547042369842529e-01 3.592733293771743774e-02 4.289086535573005676e-02 2.827177383005619049e-02 1.634979248046875000e-02 4.434245452284812927e-02 2.990628778934478760e-02 6.952486187219619751e-02 7.190757896751165390e-03 1.094923168420791626e-02 3.075934760272502899e-02 1.926035434007644653e-02 2.060776762664318085e-02 1.136195613071322441e-03 5.942751839756965637e-02 3.665434196591377258e-02 2.797884680330753326e-02 9.800055064260959625e-03 6.828684825450181961e-03 3.610449656844139099e-02 3.320742398500442505e-02 1.077595446258783340e-02 4.196991771459579468e-02 6.507077720016241074e-03 8.191900327801704407e-03 2.386913076043128967e-02 4.286711663007736206e-02 2.399864606559276581e-02 1.043869461864233017e-02 3.945257887244224548e-02 1.524565648287534714e-02 1.452015899121761322e-02 3.133403509855270386e-02 2.138574235141277313e-02 3.507206588983535767e-02 2.142671309411525726e-02 2.576971799135208130e-02 4.052405059337615967e-02 1.095971651375293732e-02 4.905962944030761719e-02 3.936014324426651001e-02 1.614062115550041199e-02 1.478709187358617783e-02 2.588757500052452087e-02 3.211142867803573608e-02 7.000811398029327393e-03 3.770972043275833130e-02 4.260869324207305908e-02 1.126711070537567139e-02 2.912463434040546417e-02 3.550986573100090027e-02 3.789190202951431274e-02 1.619033329188823700e-02 2.952197007834911346e-02 1.526658236980438232e-02 2.496807463467121124e-02 2.943534031510353088e-02 2.767701260745525360e-02 3.062591515481472015e-02 1.561689749360084534e-02 2.956548891961574554e-02 2.710148133337497711e-02 2.098252251744270325e-02 8.798209019005298615e-03 1.994122751057147980e-02 4.758459329605102539e-02 2.260228153318166733e-03 3.597339242696762085e-02 8.669522590935230255e-03 1.446778327226638794e-02 2.706424891948699951e-02 4.422805085778236389e-02 3.805866092443466187e-02 3.377801552414894104e-02 6.354466080665588379e-02 3.535768017172813416e-02 3.155216947197914124e-02 2.200792543590068817e-02 2.406543865799903870e-02 1.097922623157501221e-01 5.828303098678588867e-02 3.058057837188243866e-02 2.877982705831527710e-02 3.179847821593284607e-02 5.150221404619514942e-04 1.062762341462075710e-03 7.415810599923133850e-03 2.309020608663558960e-02 1.527286693453788757e-02 2.307045459747314453e-02 1.118333823978900909e-02 3.576580435037612915e-02 4.528417438268661499e-02 2.105448022484779358e-02 5.153344199061393738e-02 3.919248469173908234e-03 1.114332117140293121e-02 2.924484759569168091e-02 2.888987772166728973e-02 6.769099272787570953e-03 1.597817800939083099e-02 8.101556450128555298e-02 4.612424597144126892e-02 2.212849259376525879e-02 2.294453978538513184e-02 3.033961728215217590e-02 5.307134240865707397e-03 4.089335352182388306e-02 2.119372598826885223e-02
4.431828856468200684e-02 4.636157676577568054e-02 2.103947661817073822e-02 7.524196058511734009e-03 2.584121562540531158e-02 2.283928729593753815e-02 4.484224691987037659e-02 3.592733293771743774e-02 4.313510358333587646e-01 1.196434721350669861e-01 5.185978859663009644e-02 3.042808547616004944e-02 4.208690673112869263e-02 3.680464997887611389e-02 3.106570988893508911e-02 3.266958519816398621e-02 1.396090909838676453e-02 8.237124420702457428e-03 1.631298661231994629e-02 2.726897038519382477e-02 1.340925693511962891e-02 2.969199232757091522e-02 4.727128520607948303e-02 5.991912633180618286e-02 4.876667261123657227e-02 1.122772879898548126e-02 1.437767967581748962e-02 3.004884719848632812e-02 1.821505464613437653e-02 3.505739197134971619e-02 4.680154100060462952e-02 1.941310055553913116e-02 3.397172689437866211e-02 1.337000518105924129e-03 4.432217031717300415e-02 4.658103734254837036e-02 1.782028935849666595e-02 2.287970297038555145e-02 4.916421324014663696e-02 5.358394235372543335e-02 9.433867409825325012e-03 4.622454196214675903e-02 3.597033768892288208e-02 1.384127140045166016e-02 7.887376472353935242e-03 2.276641875505447388e-02 1.274579484015703201e-02 5.052496492862701416e-02 7.716950774192810059e-02 4.956941679120063782e-02 1.653914712369441986e-02 2.533130906522274017e-02 3.755891695618629456e-02 8.900935761630535126e-03 1.535576209425926208e-02 2.831145189702510834e-02 4.223665967583656311e-02 4.777179285883903503e-02 1.448999438434839249e-02 5.433843471109867096e-03 2.731648460030555725e-02 2.219082415103912354e-02 1.232732646167278290e-02 3.770695999264717102e-03 1.151835825294256210e-02 3.236080519855022430e-03 2.647773921489715576e-02 2.489083632826805115e-02 6.680636852979660034e-02 2.693910896778106689e-02 8.408034220337867737e-03 4.302620142698287964e-02 3.690507635474205017e-02 7.575239520519971848e-03 3.379013016819953918e-02 5.994376726448535919e-03 5.639971047639846802e-02 7.441195100545883179e-02 1.128243934363126755e-02 1.012827735394239426e-02 4.823280125856399536e-02 1.624407619237899780e-02 1.539198216050863266e-02 2.237743884325027466e-02 4.837956652045249939e-02 7.017321884632110596e-02 4.731947090476751328e-03 2.403632551431655884e-02 3.323211800307035446e-03 1.078938227146863937e-02 1.434924826025962830e-02 2.444773726165294647e-02 5.096362531185150146e-02 3.252952545881271362e-02 1.334185432642698288e-02 8.996120654046535492e-03 2.570114471018314362e-02 1.268721092492341995e-02 3.412767499685287476e-02 3.114608302712440491e-02 4.177948087453842163e-02 3.586725518107414246e-02 1.518037635833024979e-02 2.572814002633094788e-02 5.228815600275993347e-02 6.158466637134552002e-02 2.729650959372520447e-02 4.130785912275314331e-02 1.457081828266382217e-02 3.162075951695442200e-02 3.244277089834213257e-02 1.395094767212867737e-02 1.513233175501227379e-03 3.571647033095359802e-02 3.861824050545692444e-02 1.202458143234252930e-02
6.736951414495706558e-03 2.354009542614221573e-03 2.653277106583118439e-02 3.210220113396644592e-02 2.855066396296024323e-02 5.301892384886741638e-02 5.357298068702220917e-03 4.289086535573005676e-02 1.196434721350669861e-01 4.292953908443450928e-01 8.104441687464714050e-03 8.062311448156833649e-03 7.148110307753086090e-03 3.837961331009864807e-02 5.092342942953109741e-02 2.091676183044910431e-02 2.518373727798461914e-02 3.422926180064678192e-03 9.177693165838718414e-03 8.711140602827072144e-03 4.063582420349121094e-02 7.962667383253574371e-03 1.423632143996655941e-03 5.964961275458335876e-02 2.604207023978233337e-02 5.457814782857894897e-02 1.621061936020851135e-02 3.618052601814270020e-02 4.332673852331936359e-04 4.681088402867317200e-02 3.739602491259574890e-02 1.256039086729288101e-02 2.021718025207519531e-02 3.424249216914176941e-02 2.833141200244426727e-02 4.587562289088964462e-03 1.279388926923274994e-02 3.826224431395530701e-02 2.757186768576502800e-03 3.889724612236022949e-02 8.112739771604537964e-03 2.464823611080646515e-02 1.479253522120416164e-03 4.556598141789436340e-03 2.234905585646629333e-02 2.921636775135993958e-02 1.975193247199058533e-02 6.156525388360023499e-02 4.808139801025390625e-02 5.699318274855613708e-02 3.165930137038230896e-02 3.899451717734336853e-02 1.989311911165714264e-02 4.232132807374000549e-02 3.938245028257369995e-02 4.953004792332649231e-02 2.424713782966136932e-02 5.282928794622421265e-02 3.455468267202377319e-02 5.356753990054130554e-02 1.527061779052019119e-02 3.334616124629974365e-02 1.042212732136249542e-02 3.365350514650344849e-02 1.978889293968677521e-02 8.201833814382553101e-03 2.419870346784591675e-02 2.432183921337127686e-02 2.424243604764342308e-03 4.560497775673866272e-02 8.819097280502319336e-02 7.269633933901786804e-03 2.606029808521270752e-02 3.558857738971710205e-02 5.141653865575790405e-02 4.999859258532524109e-03 5.260212346911430359e-02 1.221744418144226074e-01 7.075611501932144165e-03 1.570105701684951782e-01 9.166191518306732178e-02 4.777985438704490662e-02 1.801460050046443939e-02 8.609492331743240356e-03 9.276024065911769867e-03 4.881296306848526001e-02 3.049937635660171509e-02 3.548831865191459656e-02 2.864385582506656647e-02 4.306599870324134827e-02 1.731863431632518768e-02 3.631399944424629211e-02 7.058043777942657471e-02 3.409526497125625610e-02 2.047667279839515686e-02 3.792560100555419922e-02 5.616420414298772812e-03 3.274887800216674805e-02 3.680399432778358459e-02 2.307848073542118073e-02 3.412267565727233887e-02 1.840139552950859070e-02 4.090826958417892456e-02 3.739374503493309021e-02 4.779865965247154236e-02 9.551032446324825287e-03 5.525047425180673599e-03 3.270545601844787598e-02 1.148124039173126221e-02 5.130875855684280396e-02 4.054273664951324463e-02 2.415184117853641510e-02 6.398498546332120895e-03 3.314190357923507690e-02 3.701693192124366760e-02 1.559325959533452988e-03
6.655218452215194702e-02 5.801507830619812012e-02 3.931952267885208130e-02 2.520961500704288483e-02 4.275961592793464661e-02 1.611508801579475403e-02 1.414635311812162399e-02 2.827177383005619049e-02 5.185978859663009644e-02 8.104441687464714050e-03 4.594409167766571045e-01 1.063938019797205925e-03 7.324035465717315674e-02 1.375663559883832932e-02 6.045073270797729492e-02 7.210436742752790451e-04 2.417658979538828135e-04 9.758281521499156952e-03 4.019006714224815369e-02 9.854823350906372070e-03 5.267585162073373795e-03 3.227392584085464478e-02 2.845822647213935852e-02 5.291203409433364868e-02 2.775998413562774658e-02 2.778379805386066437e-02 1.586670242249965668e-02 4.698668606579303741e-03 2.016446366906166077e-02 3.989213728345930576e-04 8.207282982766628265e-03 2.076481468975543976e-02 1.136428769677877426e-02 2.577183954417705536e-02 1.236427947878837585e-02 3.656752035021781921e-02 1.737765036523342133e-02 2.132137864828109741e-02 2.382963337004184723e-02 1.175571605563163757e-02 2.532682940363883972e-02 9.671947918832302094e-03 1.501487474888563156e-02 1.464768429286777973e-03 2.429932914674282074e-02 6.434778682887554169e-03 3.809103742241859436e-02 9.669606573879718781e-03 4.425422847270965576e-02 3.630631789565086365e-02 1.261637266725301743e-02 2.580825611948966980e-02 2.613069489598274231e-03 9.482125169597566128e-04 9.085091762244701385e-03 3.707069531083106995e-02 4.250074923038482666e-02 3.224651142954826355e-02 5.820906721055507660e-03 3.944694995880126953e-03 1.667490787804126740e-02 3.801307827234268188e-02 4.960292484611272812e-03 3.229455649852752686e-02 2.688116021454334259e-02 2.554988116025924683e-02 9.851821698248386383e-03 2.472520060837268829e-02 3.491590172052383423e-02 4.656600952148437500e-02 4.869795590639114380e-02 3.944380581378936768e-02 4.403284564614295959e-02 2.167319692671298981e-02 4.810283333063125610e-02 4.580784961581230164e-02 1.001118100248277187e-03 4.588822275400161743e-02 1.791317202150821686e-02 1.439052633941173553e-02 2.467682585120201111e-02 1.942122541368007660e-02 1.553544774651527405e-02 1.955521665513515472e-02 4.388665035367012024e-02 4.033181071281433105e-02 6.102294474840164185e-02 4.331628233194351196e-02 5.164271220564842224e-02 3.194805607199668884e-02 3.415519744157791138e-02 2.274028584361076355e-02 2.275828644633293152e-02 1.330648269504308701e-02 5.922555923461914062e-03 2.858744375407695770e-02 1.505895238369703293e-02 4.528289660811424255e-02 7.172972429543733597e-03 7.465239148586988449e-03 2.135913632810115814e-02 3.239379078149795532e-02 2.464939840137958527e-03 2.232416532933712006e-02 4.158063977956771851e-02 5.192916095256805420e-02 2.356926165521144867e-02 3.065419569611549377e-02 7.959973998367786407e-03 1.089316140860319138e-02 1.051853504031896591e-02 1.488155685365200043e-02 1.327358651906251907e-02 4.690849408507347107e-02 3.051088750362396240e-02 9.065360063686966896e-04
1.280060596764087677e-02 2.530857548117637634e-02 2.253093011677265167e-02 1.749357022345066071e-02 2.527066320180892944e-02 2.346431091427803040e-02 3.216252475976943970e-02 1.634979248046875000e-02 3.042808547616004944e-02 8.062311448156833649e-03 1.063938019797205925e-03 4.222292602062225342e-01 1.571010053157806396e-02 1.654200106859207153e-01 5.538160726428031921e-02 3.236625343561172485e-02 1.190245151519775391e-02 1.682150177657604218e-02 4.032885283231735229e-02 4.958249064657138661e-06 2.530783228576183319e-02 4.589359462261199951e-02 3.639611229300498962e-02 4.431297630071640015e-02 1.824271306395530701e-02 2.919981023296713829e-03 6.054237857460975647e-02 9.495341777801513672e-02 2.212566323578357697e-02 6.879484653472900391e-02 2.763847820460796356e-03 4.414561018347740173e-02 1.816941238939762115e-02 2.551642805337905884e-02 2.976710908114910126e-02 2.026079781353473663e-02 3.735536336898803711e-02 1.474350318312644958e-02 4.413726925849914551e-02 4.692515358328819275e-02 2.687857300043106079e-02 8.213686756789684296e-03 2.818868868052959442e-02 3.955569863319396973e-02 1.481870859861373901e-01 7.278268225491046906e-03 4.822306707501411438e-02 2.465414255857467651e-02 2.425330318510532379e-02 2.663270384073257446e-02 3.985745832324028015e-03 3.269326314330101013e-02 3.559828735888004303e-03 3.444261848926544189e-02 1.209116633981466293e-02 3.330318629741668701e-02 3.609567647799849510e-04 4.914657771587371826e-02 1.713699847459793091e-02 1.440952531993389130e-02 2.226467058062553406e-02 4.067399073392152786e-03 2.022309415042400360e-02 2.534251101315021515e-02 2.109149098396301270e-02 4.197646398097276688e-03 2.840051613748073578e-02 8.446605876088142395e-03 3.707592561841011047e-02 5.706981755793094635e-03 2.047579176723957062e-02 2.564013749361038208e-02 3.567715361714363098e-02 2.601164393126964569e-02 1.208723522722721100e-03 4.640255868434906006e-02 4.201195761561393738e-02 1.204814482480287552e-02 3.127073124051094055e-02 4.448984935879707336e-02 2.591592026874423027e-03 1.863691769540309906e-02 2.016701363027095795e-02 5.202300846576690674e-02 4.143268615007400513e-02 4.844400391448289156e-04 2.127942442893981934e-02 6.530932150781154633e-03 2.615323662757873535e-02 2.218847349286079407e-02 4.016230627894401550e-02 2.128174761310219765e-03 2.247681468725204468e-02 3.558972105383872986e-02 2.021436765789985657e-02 1.539503876119852066e-02 2.212285622954368591e-02 4.582020267844200134e-02 5.335901514627039433e-04 3.014234639704227448e-02 3.769894689321517944e-02 3.195811994373798370e-03 2.699981443583965302e-02 2.146235853433609009e-02 3.270278498530387878e-02 2.559032104909420013e-02 6.075984798371791840e-03 1.342165749520063400e-02 7.957980968058109283e-03 3.724789246916770935e-02 4.168717935681343079e-02 2.290353877469897270e-03 1.068121939897537231e-02 2.279476635158061981e-02 1.569165661931037903e-02 2.954256907105445862e-02
7.014273852109909058e-02 6.710031628608703613e-02 4.674647748470306396e-02 2.734114974737167358e-02 2.932017110288143158e-02 1.836892962455749512e-02 1.787054166197776794e-02 4.434245452284812927e-02 4.208690673112869263e-02 7.148110307753086090e-03 7.324035465717315674e-02 1.571010053157806396e-02 4.613887071609497070e-01 1.141138467937707901e-02 6.249457225203514099e-02 2.337754936888813972e-03 3.329202299937605858e-04 2.843588776886463165e-02 4.366930201649665833e-02 1.039024442434310913e-02 8.907124400138854980e-03 2.179093472659587860e-02 4.721241071820259094e-03 3.189757466316223145e-02 2.490412630140781403e-02 4.098790884017944336e-02 1.095349318347871304e-03 3.254618961364030838e-03 1.549761556088924408e-02 9.517364203929901123e-03 1.227953191846609116e-02 1.318120490759611130e-02 6.743388250470161438e-03 3.119972161948680878e-02 1.358004170469939709e-03 4.725892096757888794e-02 3.535882756114006042e-02 1.118399435654282570e-03 1.930849999189376831e-02 2.553049474954605103e-03 1.495109219104051590e-02 2.146747894585132599e-02 2.389527671039104462e-02 3.208626434206962585e-02 3.522248193621635437e-02 1.780377497198060155e-04 2.687019668519496918e-02 9.073930792510509491e-03 4.575204476714134216e-02 4.065673425793647766e-02 3.174934908747673035e-02 3.993697091937065125e-02 1.592023484408855438e-02 7.388453930616378784e-03 1.110968738794326782e-02 2.566992864012718201e-02 4.387633129954338074e-02 1.975599117577075958e-02 4.072813317179679871e-03 1.747133769094944000e-02 1.136162225157022476e-02 3.652366995811462402e-02 3.422939451411366463e-03 9.816412813961505890e-03 1.564722321927547455e-02 3.632408753037452698e-02 6.829699501395225525e-03 4.825925081968307495e-02 4.154170677065849304e-02 3.929574042558670044e-02 4.702103137969970703e-02 2.815285883843898773e-02 4.063572734594345093e-02 2.353371493518352509e-02 3.478397428989410400e-02 2.736989408731460571e-02 1.344638783484697342e-02 2.552545070648193359e-02 5.638695787638425827e-03 3.014048328623175621e-03 3.313687071204185486e-02 1.916858181357383728e-02 1.243541389703750610e-02 1.431422773748636246e-02 2.417616359889507294e-02 3.183713927865028381e-02 5.113284662365913391e-02 3.417706862092018127e-02 4.601163417100906372e-02 5.689180921763181686e-03 2.139828167855739594e-02 3.984857175964862108e-05 1.855842396616935730e-02 1.877166680060327053e-03 8.594866842031478882e-03 3.255520388484001160e-02 1.445092353969812393e-02 2.962502650916576385e-02 3.141608834266662598e-02 2.547069638967514038e-02 3.257807344198226929e-02 2.786710485816001892e-02 2.707990631461143494e-02 1.520198397338390350e-02 4.050888121128082275e-02 5.780482292175292969e-02 2.724204026162624359e-02 9.029963053762912750e-03 2.766198478639125824e-03 3.165145637467503548e-03 3.515799343585968018e-02 1.611767336726188660e-02 2.469451166689395905e-02 5.499858036637306213e-02 4.397264868021011353e-02 1.776015572249889374e-02
