5.618551373481750488e-01 1.429745852947235107e-01 4.048950970172882080e-02 1.329638715833425522e-02 4.623138345777988434e-03 1.317572742700576782e-01 1.053356751799583435e-01 1.160576753318309784e-02 1.404235605150461197e-02 9.242900647222995758e-03 1.146708875894546509e-01 2.573566697537899017e-02 8.109951764345169067e-02 2.702032774686813354e-02 1.815942861139774323e-02 1.596068590879440308e-02 1.896895281970500946e-02 6.812065839767456055e-03 1.963492948561906815e-03 1.581493578851222992e-02 4.330086056143045425e-03 3.380960971117019653e-02 3.085514530539512634e-02 3.408006206154823303e-02 4.350345116108655930e-03 2.467438019812107086e-02 2.100983168929815292e-03 1.140305027365684509e-02 7.805035263299942017e-02 5.651934188790619373e-04 9.051416814327239990e-02 3.040846809744834900e-02 3.160973265767097473e-02 3.113626316189765930e-02 3.061741963028907776e-02 2.238712087273597717e-02 2.652025409042835236e-02 4.869258962571620941e-03 4.396098200231790543e-03 2.394196577370166779e-02 3.333965316414833069e-02 4.513065889477729797e-02 2.347163110971450806e-02 2.719193138182163239e-02 3.263315558433532715e-02 4.814292490482330322e-02 1.230422407388687134e-01 9.363634884357452393e-02 2.812023833394050598e-02 3.426383808255195618e-02 2.531107515096664429e-03 4.375807940959930420e-03 1.251573208719491959e-02 2.763273566961288452e-02 2.953698858618736267e-02 4.187516495585441589e-02 6.941861473023891449e-03 2.394123002886772156e-02 4.750538244843482971e-02 2.715329267084598541e-02 1.218432653695344925e-02 1.285154931247234344e-02 9.451010264456272125e-04 3.093823976814746857e-02 3.287797421216964722e-02 1.759341917932033539e-02 2.850601077079772949e-02 2.076621167361736298e-02 3.821779787540435791e-02 7.068838458508253098e-03 2.137224748730659485e-02 1.830722019076347351e-02 2.225262299180030823e-02 4.780627042055130005e-02 7.655280176550149918e-03 2.788091264665126801e-02 4.117380082607269287e-02 4.631514102220535278e-02 4.418674483895301819e-02 1.307204365730285645e-02 1.017864141613245010e-02 3.024779027327895164e-03 1.103697437793016434e-02 2.834440581500530243e-02 2.759108878672122955e-02 1.004445739090442657e-02 9.489965625107288361e-03 2.607475034892559052e-03 2.302354015409946442e-02 3.133317083120346069e-02 1.074756756424903870e-01 2.388886734843254089e-02 1.093566417694091797e-01 2.109220484271645546e-03 2.617258578538894653e-02 1.304087694734334946e-02 4.167366772890090942e-02 1.871942915022373199e-02 1.966505683958530426e-02 3.993462771177291870e-02 7.646947167813777924e-03 4.549559205770492554e-02 2.632014080882072449e-02 1.364585757255554199e-02 4.246774688363075256e-02 3.191183507442474365e-02 2.305330336093902588e-02 3.518290072679519653e-02 2.535880915820598602e-02 1.967815309762954712e-02 3.873611614108085632e-02 2.178194001317024231e-02 4.086206108331680298e-02 3.917301446199417114e-02 3.854705393314361572e-02 2.862759679555892944e-02
1.429745852947235107e-01 5.581581592559814453e-01 4.693565890192985535e-03 8.582809008657932281e-03 1.268170122057199478e-02 1.008742526173591614e-01 8.655799180269241333e-02 3.810973092913627625e-02 2.127562277019023895e-02 1.414679363369941711e-02 9.385261684656143188e-02 2.129108458757400513e-02 1.007238030433654785e-01 3.122917190194129944e-02 2.671262808144092560e-02 2.068982459604740143e-02 2.981907688081264496e-02 3.003477677702903748e-02 1.073959004133939743e-02 2.768232661765068769e-04 1.496571116149425507e-02 5.013424158096313477e-02 3.790298476815223694e-02 3.335908800363540649e-02 2.804974652826786041e-02 7.549829315394163132e-03 6.003880407661199570e-03 6.100248079746961594e-03 4.284536093473434448e-02 3.265642002224922180e-02 7.312038540840148926e-02 1.359017938375473022e-02 1.687115617096424103e-02 2.553872205317020416e-02 2.630393393337726593e-02 2.500429516658186913e-03 1.779164187610149384e-02 8.835231885313987732e-03 8.294952102005481720e-03 1.603546179831027985e-02 2.327548898756504059e-02 4.032230004668235779e-02 1.123981550335884094e-02 1.900733076035976410e-02 3.847474977374076843e-02 4.347538948059082031e-02 9.553616493940353394e-02 6.974627077579498291e-02 1.354181114584207535e-02 3.792913630604743958e-02 2.178393118083477020e-02 2.371267601847648621e-02 4.898663144558668137e-03 5.597164854407310486e-03 3.111925534904003143e-02 4.022393003106117249e-02 2.532012760639190674e-02 5.507044494152069092e-03 4.227768257260322571e-02 4.952863976359367371e-02 2.210177294909954071e-02 3.284824546426534653e-03 3.201734041795134544e-03 3.857079520821571350e-02 1.933558471500873566e-02 2.463554590940475464e-02 4.054233059287071228e-02 2.981999516487121582e-02 2.417280524969100952e-02 2.087710797786712646e-02 3.741655126214027405e-02 7.792710326611995697e-03 1.675796927884221077e-03 5.466673523187637329e-02 4.509007558226585388e-03 3.003966622054576874e-02 3.643239289522171021e-02 2.715309336781501770e-02 3.704454377293586731e-02 3.700811788439750671e-02 4.443639889359474182e-03 1.722129434347152710e-02 4.003318026661872864e-02 4.701580852270126343e-03 2.940675988793373108e-02 1.327150128781795502e-02 1.552562322467565536e-02 2.356444112956523895e-02 1.258471421897411346e-02 1.203976385295391083e-02 8.895004540681838989e-02 1.932912319898605347e-02 9.560833871364593506e-02 1.263487990945577621e-02 3.753746673464775085e-02 3.995125740766525269e-02 4.388563334941864014e-02 2.170399948954582214e-02 4.080135002732276917e-02 2.343637868762016296e-02 6.118748802691698074e-03 3.290779143571853638e-02 3.175362572073936462e-02 1.735115423798561096e-02 1.422541588544845581e-02 5.678711086511611938e-02 3.284389525651931763e-02 4.175852611660957336e-02 8.270963444374501705e-04 1.807698421180248260e-02 4.015097767114639282e-02 1.030816230922937393e-02 3.864359855651855469e-02 3.736209869384765625e-02 2.561349049210548401e-02 5.323119089007377625e-02
4.048950970172882080e-02 4.693565890192985535e-03 4.976873099803924561e-01 1.880303397774696350e-02 2.931742370128631592e-02 2.810749970376491547e-02 1.216192729771137238e-02 6.658034771680831909e-02 1.004757080227136612e-02 6.762979086488485336e-03 3.128337115049362183e-02 3.215657174587249756e-02 2.247812412679195404e-02 2.006232365965843201e-02 2.090870589017868042e-02 5.501031875610351562e-03 7.808309164829552174e-04 2.254431322216987610e-02 2.300201728940010071e-02 2.714546956121921539e-02 4.466994479298591614e-02 2.967435400933027267e-03 1.120942737907171249e-02 1.468083728104829788e-02 8.106411434710025787e-03 2.743945084512233734e-02 7.565528620034456253e-03 5.617950111627578735e-03 1.999011635780334473e-02 2.055754326283931732e-02 1.713008247315883636e-02 7.846345193684101105e-03 4.083429649472236633e-02 1.957242190837860107e-02 2.375935949385166168e-02 3.567594289779663086e-02 3.340348601341247559e-02 1.165299303829669952e-02 1.146857813000679016e-02 1.865010708570480347e-02 3.284923359751701355e-02 1.373999938368797302e-02 2.185877598822116852e-02 9.697603434324264526e-02 6.861811503767967224e-03 1.097780559211969376e-02 2.655747905373573303e-02 2.555701322853565216e-02 2.904715202748775482e-02 1.282560918480157852e-02 2.587768249213695526e-02 1.482641696929931641e-02 3.840734809637069702e-02 1.210793759673833847e-02 1.503678411245346069e-02 3.398745134472846985e-02 4.660850018262863159e-02 2.828302979469299316e-02 3.795680776238441467e-02 1.002471148967742920e-02 1.959841139614582062e-02 2.731822431087493896e-02 2.895723655819892883e-02 2.984094806015491486e-02 1.294561545364558697e-03 1.943126693367958069e-02 3.257193788886070251e-02 1.327550504356622696e-02 7.585263811051845551e-03 1.970568671822547913e-02 1.906715705990791321e-02 9.037457406520843506e-03 4.977478645741939545e-03 5.767883267253637314e-03 1.522529684007167816e-02 3.012616001069545746e-02 2.405875921249389648e-02 5.661198869347572327e-03 2.172495238482952118e-02 3.702678903937339783e-02 1.102153882384300232e-01 5.966565385460853577e-02 1.556199416518211365e-02 2.354692667722702026e-02 1.960426568984985352e-02 1.054068095982074738e-02 5.085223168134689331e-02 3.948102891445159912e-02 9.459618479013442993e-03 1.996112801134586334e-02 1.438914798200130463e-02 5.110893398523330688e-03 2.693754807114601135e-02 1.008865330368280411e-02 3.727427497506141663e-02 4.694607341662049294e-04 1.981369219720363617e-02 4.747797921299934387e-02 1.808909513056278229e-02 1.048875413835048676e-02 2.036178857088088989e-02 2.733771689236164093e-02 1.572826690971851349e-02 5.416777916252613068e-03 2.379178535193204880e-03 1.099718548357486725e-02 1.187781244516372681e-02 4.481941461563110352e-02 7.705999538302421570e-03 4.163445904850959778e-03 4.645422101020812988e-02 3.444275632500648499e-02 1.753289997577667236e-02 3.549632802605628967e-02 1.485555246472358704e-02 5.243596434593200684e-02
1.329638715833425522e-02 8.582809008657932281e-03 1.880303397774696350e-02 5.353028178215026855e-01 2.088094651699066162e-01 1.925890520215034485e-02 4.682857543230056763e-02 4.019318893551826477e-02 2.815215662121772766e-02 4.926539212465286255e-02 1.147755235433578491e-02 4.541289433836936951e-02 6.630315911024808884e-03 3.457360714673995972e-02 1.810004236176609993e-03 1.258423086255788803e-02 1.545278262346982956e-02 5.253668874502182007e-02 3.476774692535400391e-02 6.336012389510869980e-03 5.026401951909065247e-03 2.998838759958744049e-02 1.636985503137111664e-02 2.079105935990810394e-02 4.660810157656669617e-02 3.032761439681053162e-02 2.272570878267288208e-02 4.868358001112937927e-02 8.687783847562968731e-04 3.954656049609184265e-02 2.900222502648830414e-02 7.536858902312815189e-04 1.609972305595874786e-02 4.632037878036499023e-02 2.940366417169570923e-02 2.770981006324291229e-02 3.787012025713920593e-02 3.628727048635482788e-02 9.322181344032287598e-02 1.264602988958358765e-01 3.219673037528991699e-02 8.599284105002880096e-03 8.672348223626613617e-03 1.953334547579288483e-02 3.639091178774833679e-02 1.761591620743274689e-02 1.043722312897443771e-02 3.934893012046813965e-02 3.174990415573120117e-03 4.121332988142967224e-02 4.169684275984764099e-02 3.264009580016136169e-02 7.101607043296098709e-03 3.081320784986019135e-02 1.077748648822307587e-02 7.363186683505773544e-03 4.259355738759040833e-02 2.249941695481538773e-03 3.766848891973495483e-02 1.677953824400901794e-02 3.460121899843215942e-02 3.752698190510272980e-03 5.317485891282558441e-03 1.626798883080482483e-02 2.003587223589420319e-02 1.013236586004495621e-02 6.069966126233339310e-03 2.573739364743232727e-02 2.883721026591956615e-05 2.172014117240905762e-02 2.453307807445526123e-02 4.016607627272605896e-02 1.251022517681121826e-01 2.032176218926906586e-02 9.954065084457397461e-02 4.121858999133110046e-02 3.687596693634986877e-02 2.041970193386077881e-02 1.192260719835758209e-02 3.887952491641044617e-02 1.735563576221466064e-02 2.500742673873901367e-02 1.092383861541748047e-01 1.057867184281349182e-01 1.618156395852565765e-02 3.542675869539380074e-03 3.553517535328865051e-02 4.256286099553108215e-02 1.466825418174266815e-02 4.248692840337753296e-02 4.165062680840492249e-03 3.647523373365402222e-02 1.090991590172052383e-02 4.151425510644912720e-02 5.149400234222412109e-02 2.225981466472148895e-02 3.197229234501719475e-03 3.028988093137741089e-02 2.048621885478496552e-02 3.011459298431873322e-02 2.794441580772399902e-02 3.800330683588981628e-02 2.519543049857020378e-03 1.800269074738025665e-02 5.829886998981237411e-03 4.210009053349494934e-02 2.817079052329063416e-02 3.165348246693611145e-02 2.328326366841793060e-02 1.809194870293140411e-02 1.550418604165315628e-02 1.557157561182975769e-02 1.313001476228237152e-02 2.163138054311275482e-02 1.202857383759692311e-04 3.975876048207283020e-02
4.623138345777988434e-03 1.268170122057199478e-02 2.931742370128631592e-02 2.088094651699066162e-01 5.447993278503417969e-01 2.650403650477528572e-03 3.744930028915405273e-02 2.427503839135169983e-02 4.727926850318908691e-02 2.563116326928138733e-02 2.822751179337501526e-02 2.141148410737514496e-02 1.709865592420101166e-02 3.124628216028213501e-02 1.478551514446735382e-02 3.221528977155685425e-02 3.728908672928810120e-02 5.616518855094909668e-02 8.435505628585815430e-02 8.288893848657608032e-03 3.958478569984436035e-02 3.825331851840019226e-02 2.820803492795675993e-04 8.290305733680725098e-03 4.068388044834136963e-02 3.215542435646057129e-02 3.289627283811569214e-02 3.987734019756317139e-02 3.401746228337287903e-02 1.052112970501184464e-02 2.242554537951946259e-02 2.383799664676189423e-02 9.861572645604610443e-03 4.458457231521606445e-02 8.412237279117107391e-03 1.033116411417722702e-02 2.900964953005313873e-02 8.212101645767688751e-03 1.172522827982902527e-01 1.206907853484153748e-01 4.020542372018098831e-03 1.055812370032072067e-02 6.676034536212682724e-03 2.892983704805374146e-02 3.261606022715568542e-02 4.059457033872604370e-02 8.236527442932128906e-03 5.133480206131935120e-02 1.519768312573432922e-02 3.662817552685737610e-02 4.051860049366950989e-02 1.922802999615669250e-02 2.996262628585100174e-03 3.009450994431972504e-02 1.255930215120315552e-02 2.448187395930290222e-02 4.931937530636787415e-02 2.227923832833766937e-02 3.244814649224281311e-02 2.754197642207145691e-02 3.800487518310546875e-02 3.106237016618251801e-02 6.503924669232219458e-05 4.624113906174898148e-03 1.541333971545100212e-03 1.144641637802124023e-02 2.822429640218615532e-03 2.827807515859603882e-02 1.196529343724250793e-02 2.984169498085975647e-02 3.020529448986053467e-02 2.501562237739562988e-02 1.149175763130187988e-01 1.316910516470670700e-02 1.290316879749298096e-01 3.857349231839179993e-02 9.591585956513881683e-03 1.649250276386737823e-02 8.405266329646110535e-03 3.610150516033172607e-02 3.686099499464035034e-02 3.831108286976814270e-02 9.103614836931228638e-02 1.265626251697540283e-01 2.393432194367051125e-03 1.085591781884431839e-02 3.832129761576652527e-02 4.123541712760925293e-02 6.032590754330158234e-03 2.573509514331817627e-02 3.171476721763610840e-02 3.814886510372161865e-02 6.360419793054461479e-04 4.057594016194343567e-02 5.212822929024696350e-02 1.201274525374174118e-02 1.117198169231414795e-02 3.048910945653915405e-02 3.747395053505897522e-02 3.669138997793197632e-02 9.547929279506206512e-03 1.976072788238525391e-02 1.152883633039891720e-03 2.528573572635650635e-02 3.001952311024069786e-03 3.568929433822631836e-02 2.793209860101342201e-03 2.262334898114204407e-02 1.437744963914155960e-02 2.817404828965663910e-02 1.860773004591464996e-02 2.247240953147411346e-02 6.755450740456581116e-03 7.848213426768779755e-03 3.793102502822875977e-02 4.014112800359725952e-02
1.317572742700576782e-01 1.008742526173591614e-01 2.810749970376491547e-02 1.925890520215034485e-02 2.650403650477528572e-03 5.610679984092712402e-01 1.787117868661880493e-01 3.295475244522094727e-02 4.343282058835029602e-02 1.025245431810617447e-02 6.039440631866455078e-02 3.870397806167602539e-02 3.748608520254492760e-03 4.989593103528022766e-02 4.161835834383964539e-02 2.416392229497432709e-02 9.371683001518249512e-03 3.976466599851846695e-03 1.396930962800979614e-02 2.150676771998405457e-02 1.052339375019073486e-02 1.111968606710433960e-02 1.837000995874404907e-02 2.449667081236839294e-02 4.706416744738817215e-03 9.213034063577651978e-03 3.814047947525978088e-02 9.030876681208610535e-03 6.876786053180694580e-02 3.813526406884193420e-02 4.707504063844680786e-02 9.635822847485542297e-03 4.194339364767074585e-02 4.092958569526672363e-02 3.134936466813087463e-02 3.257086127996444702e-02 3.206424042582511902e-02 2.384669892489910126e-02 1.209705229848623276e-02 3.028304688632488251e-02 2.714423649013042450e-02 2.055433392524719238e-02 3.592553734779357910e-02 9.345302358269691467e-03 3.491455223411321640e-03 1.108556403778493404e-03 1.832052171230316162e-01 1.484480202198028564e-01 2.675966359674930573e-02 3.700131922960281372e-02 3.020958229899406433e-02 3.233825415372848511e-02 1.903622224926948547e-02 1.559684146195650101e-02 3.380662575364112854e-02 4.660990834236145020e-02 1.148232026025652885e-03 1.437902916222810745e-02 4.081052914261817932e-02 3.287650272250175476e-02 8.657433092594146729e-03 6.635843310505151749e-03 1.672875951044261456e-03 1.957824639976024628e-02 4.477255046367645264e-03 3.099700063467025757e-02 3.573600202798843384e-02 8.654284290969371796e-03 4.101471975445747375e-02 4.579226672649383545e-02 2.064509689807891846e-02 2.354480326175689697e-02 1.338243018835783005e-02 4.545847419649362564e-03 1.536753727123141289e-03 1.780136860907077789e-02 3.163901343941688538e-02 3.686419874429702759e-02 1.316540129482746124e-02 2.627924457192420959e-02 4.762347415089607239e-02 3.932548314332962036e-02 1.794922351837158203e-02 3.589158505201339722e-02 3.324680030345916748e-02 2.053066156804561615e-03 4.330580681562423706e-02 4.871237650513648987e-02 3.767988830804824829e-02 3.624305827543139458e-03 1.213705614209175110e-01 9.089848026633262634e-03 1.136597543954849243e-01 5.879699438810348511e-02 2.672142349183559418e-03 3.290513157844543457e-02 1.851987279951572418e-02 3.694418072700500488e-02 7.715510437265038490e-04 2.592374943196773529e-02 8.378035388886928558e-03 4.217115417122840881e-02 2.500730007886886597e-02 3.790033608675003052e-02 4.047386720776557922e-02 2.057832293212413788e-02 1.037421985529363155e-03 5.632419604808092117e-03 2.456761337816715240e-02 6.191702559590339661e-03 6.916920188814401627e-03 3.301550447940826416e-02 4.030150175094604492e-02 4.233588278293609619e-02 3.636891022324562073e-02 1.002498064190149307e-02
1.053356751799583435e-01 8.655799180269241333e-02 1.216192729771137238e-02 4.682857543230056763e-02 3.744930028915405273e-02 1.787117868661880493e-01 5.695167779922485352e-01 1.887075603008270264e-02 6.748683750629425049e-03 3.266940638422966003e-02 5.614443495869636536e-02 3.152841329574584961e-02 2.868204005062580109e-02 7.414724677801132202e-02 3.235583752393722534e-02 4.582378081977367401e-03 7.836572825908660889e-03 4.648603126406669617e-02 5.041008815169334412e-02 3.443122282624244690e-02 1.689931750297546387e-02 4.672520793974399567e-03 3.684889525175094604e-02 3.874076530337333679e-02 4.113997146487236023e-02 3.074838966131210327e-02 8.134232833981513977e-03 1.686428673565387726e-02 7.923705130815505981e-02 1.789475791156291962e-02 6.975802779197692871e-02 1.498433481901884079e-02 3.100717999041080475e-02 4.196355491876602173e-02 3.113630227744579315e-02 1.209483668208122253e-02 3.845160081982612610e-02 2.976901270449161530e-02 3.088765591382980347e-02 3.154308721423149109e-02 3.502045571804046631e-02 2.387600578367710114e-02 3.394914790987968445e-02 1.474672369658946991e-02 4.566590301692485809e-03 5.184454843401908875e-02 1.666387319564819336e-01 1.926012039184570312e-01 3.938752412796020508e-02 1.670473627746105194e-02 3.232108429074287415e-02 3.070381004363298416e-03 1.091626123525202274e-03 3.505514189600944519e-02 1.673739962279796600e-02 3.174769133329391479e-02 4.132850095629692078e-02 3.144149854779243469e-02 3.368015587329864502e-02 2.487050555646419525e-02 1.785626634955406189e-02 1.129665318876504898e-02 1.556469779461622238e-02 2.537648379802703857e-02 1.197236124426126480e-02 1.647910475730895996e-02 4.807568620890378952e-03 2.431541495025157928e-02 3.193478658795356750e-02 4.284371808171272278e-02 4.474551975727081299e-02 4.332796484231948853e-02 9.075169451534748077e-03 1.458002906292676926e-02 4.325080197304487228e-03 3.183067962527275085e-02 2.044164016842842102e-02 3.862216323614120483e-02 4.544999822974205017e-02 2.229491947218775749e-03 3.864848613739013672e-02 3.392438963055610657e-02 1.019310019910335541e-02 4.339872673153877258e-02 3.179557248950004578e-02 3.013226948678493500e-02 4.057277739048004150e-02 1.449096016585826874e-02 1.264433190226554871e-02 2.745205536484718323e-02 1.065574586391448975e-01 8.298469474539160728e-04 1.446458101272583008e-01 2.515653707087039948e-02 3.278754651546478271e-02 1.421723887324333191e-02 3.245924413204193115e-02 2.118128910660743713e-02 3.632461279630661011e-02 2.968384884297847748e-02 1.202132552862167358e-02 2.051808312535285950e-02 3.885441645979881287e-02 3.005347773432731628e-02 2.669853717088699341e-02 2.484203502535820007e-02 5.062493681907653809e-02 5.536984652280807495e-03 3.353743255138397217e-02 2.142128162086009979e-02 1.587948063388466835e-03 4.160935804247856140e-02 1.908068172633647919e-02 4.046153277158737183e-02 3.772672032937407494e-03 3.236430510878562927e-02
1.160576753318309784e-02 3.810973092913627625e-02 6.658034771680831909e-02 4.019318893551826477e-02 2.427503839135169983e-02 3.295475244522094727e-02 1.887075603008270264e-02 5.299090743064880371e-01 1.305414736270904541e-02 4.656185582280158997e-02 2.773676440119743347e-02 3.701487928628921509e-02 4.084511101245880127e-02 3.396535664796829224e-02 7.206954061985015869e-02 4.035723954439163208e-02 3.610210865736007690e-02 3.012450179085135460e-03 2.416743710637092590e-02 1.524074934422969818e-02 2.343368530273437500e-02 7.335266564041376114e-03 1.383114047348499298e-02 4.724691435694694519e-02 2.490663155913352966e-02 4.162931814789772034e-02 7.963136769831180573e-03 1.442873384803533554e-03 2.320103347301483154e-02 5.128546152263879776e-03 7.949966937303543091e-03 7.563587278127670288e-04 4.284875001758337021e-03 2.460137009620666504e-02 2.978973276913166046e-02 3.758651763200759888e-02 3.604056686162948608e-02 2.054871991276741028e-02 3.212020918726921082e-02 5.888421437703073025e-04 2.656989730894565582e-02 3.474276140332221985e-02 4.517718032002449036e-02 3.939262533094733953e-04 2.723993919789791107e-02 1.860154978930950165e-02 9.462635032832622528e-03 1.379294972866773605e-02 4.639444232452660799e-04 3.599211340770125389e-03 2.854400500655174255e-02 8.072366006672382355e-03 1.521413587033748627e-02 1.695062778890132904e-02 4.557428136467933655e-02 1.635606749914586544e-03 2.474158443510532379e-02 3.557894378900527954e-02 3.586829453706741333e-02 1.385706383734941483e-02 9.497865103185176849e-03 6.766704842448234558e-03 4.002676159143447876e-02 1.728313788771629333e-02 3.590840846300125122e-02 1.729166507720947266e-02 3.331942856311798096e-02 9.341969154775142670e-03 7.447645068168640137e-03 2.089543081820011139e-02 3.037522733211517334e-02 2.870774455368518829e-02 4.945651814341545105e-02 4.994296282529830933e-02 4.132987186312675476e-02 4.760501161217689514e-02 1.049256138503551483e-02 2.558129467070102692e-02 1.391863171011209488e-02 1.528332126326858997e-03 3.679792582988739014e-02 7.760667800903320312e-02 1.375468354672193527e-02 4.718782752752304077e-02 2.900379151105880737e-02 1.356755197048187256e-02 4.138043522834777832e-02 5.472073331475257874e-02 3.829399496316909790e-02 1.186555996537208557e-02 2.325838804244995117e-02 2.497353032231330872e-02 1.333947991952300072e-03 1.460344344377517700e-02 1.577211916446685791e-02 3.745754063129425049e-02 1.958339102566242218e-02 5.817205831408500671e-02 2.598472125828266144e-02 9.690277278423309326e-03 1.692057214677333832e-02 4.005507007241249084e-02 1.230665482580661774e-02 4.012499749660491943e-02 1.754366047680377960e-02 2.012762054800987244e-02 2.313401363790035248e-02 2.159602381289005280e-02 3.718334808945655823e-02 2.052848972380161285e-02 1.999071426689624786e-02 1.517950929701328278e-02 3.574486076831817627e-02 3.128216788172721863e-02 2.111793123185634613e-02 7.470750915672397241e-06
1.404235605150461197e-02 2.127562277019023895e-02 1.004757080227136612e-02 2.815215662121772766e-02 4.727926850318908691e-02 4.343282058835029602e-02 6.748683750629425049e-03 1.305414736270904541e-02 5.432332158088684082e-01 7.224886119365692139e-02 1.329208910465240479e-02 1.547372434288263321e-02 3.842604928649961948e-05 2.772760018706321716e-02 2.419750764966011047e-02 4.947467520833015442e-02 5.560772493481636047e-02 3.150768950581550598e-02 4.844445735216140747e-02 9.449725039303302765e-03 3.730376437306404114e-02 1.242351252585649490e-02 8.272461593151092529e-02 8.582889288663864136e-02 3.129015862941741943e-02 4.207443073391914368e-02 8.545173332095146179e-03 4.272113554179668427e-03 3.142713382840156555e-02 8.083439432084560394e-03 1.353224739432334900e-02 1.984855346381664276e-02 3.937251493334770203e-02 3.580237552523612976e-02 4.983988404273986816e-02 3.209724649786949158e-02 2.667865902185440063e-02 1.336683519184589386e-02 4.152857512235641479e-02 3.011010773479938507e-02 2.379898354411125183e-02 5.801621451973915100e-02 2.781894616782665253e-02 7.660560775548219681e-03 1.698748394846916199e-02 4.605365544557571411e-02 1.923328265547752380e-02 2.137176459655165672e-03 1.428500865586102009e-03 1.824735780246555805e-03 5.388303659856319427e-03 7.995379157364368439e-03 4.542016610503196716e-02 1.124141854234039783e-03 6.119601428508758545e-02 1.167066744528710842e-03 1.666896976530551910e-02 3.271998092532157898e-02 2.236185781657695770e-02 1.227496657520532608e-02 5.137384310364723206e-02 3.368056938052177429e-02 6.875465624034404755e-03 5.663448572158813477e-02 3.851166693493723869e-03 8.153180591762065887e-03 8.878751657903194427e-03 3.984147310256958008e-02 1.018794551491737366e-01 6.118460092693567276e-03 5.754745751619338989e-02 1.418287679553031921e-02 4.780323058366775513e-02 8.954061195254325867e-03 4.074933379888534546e-02 4.792482405900955200e-02 1.337490081787109375e-01 7.824245840311050415e-02 6.096232309937477112e-02 2.099014632403850555e-02 2.001610351726412773e-03 1.270825788378715515e-02 2.026342228055000305e-02 5.968726426362991333e-02 8.481419645249843597e-03 1.127378270030021667e-02 1.340671814978122711e-02 2.900413982570171356e-02 8.522997610270977020e-03 1.296040322631597519e-02 1.737841591238975525e-02 3.057674271985888481e-03 2.495292015373706818e-02 2.095010690391063690e-02 1.005521696060895920e-02 4.300439264625310898e-03 1.739555224776268005e-02 5.004903674125671387e-02 8.393129706382751465e-02 6.755545735359191895e-02 3.589979838579893112e-03 4.235403984785079956e-02 2.301415801048278809e-02 3.735522180795669556e-02 3.096828935667872429e-03 1.554602384567260742e-02 3.376205638051033020e-02 3.181941062211990356e-02 3.917904198169708252e-02 2.425750950351357460e-03 3.436195850372314453e-02 3.383969143033027649e-02 6.035470869392156601e-04 2.243336522951722145e-03 1.600686088204383850e-02 3.595187142491340637e-02
9.242900647222995758e-03 1.414679363369941711e-02 6.762979086488485336e-03 4.926539212465286255e-02 2.563116326928138733e-02 1.025245431810617447e-02 3.266940638422966003e-02 4.656185582280158997e-02 7.224886119365692139e-02 5.433754920959472656e-01 3.078375710174441338e-03 2.912055514752864838e-02 2.709490992128849030e-02 2.894519828259944916e-02 3.490419685840606689e-02 3.634789958596229553e-02 5.696236714720726013e-02 6.596121937036514282e-02 9.141866117715835571e-03 1.044259127229452133e-02 1.409503817558288574e-02 3.836143761873245239e-02 2.827203273773193359e-02 3.393284231424331665e-02 2.176110260188579559e-02 1.012951321899890900e-02 3.541658399626612663e-03 3.049545362591743469e-02 4.158957302570343018e-02 1.334799267351627350e-02 3.537748754024505615e-02 2.542389929294586182e-02 4.563541337847709656e-02 2.855629473924636841e-02 4.747800156474113464e-02 1.183390337973833084e-02 4.882448911666870117e-02 4.513189569115638733e-02 9.096849709749221802e-03 1.441314071416854858e-02 1.472027879208326340e-02 1.016179472208023071e-02 3.669575229287147522e-02 1.810115575790405273e-02 2.190077677369117737e-02 3.356080129742622375e-02 1.206928584724664688e-02 4.721634462475776672e-02 4.096306115388870239e-02 1.162980273365974426e-01 1.751225441694259644e-02 5.667186807841062546e-03 3.986848518252372742e-02 2.193096838891506195e-02 9.264374151825904846e-03 1.040125414729118347e-01 7.339620962738990784e-03 3.130157291889190674e-02 3.909953683614730835e-02 4.430468380451202393e-02 3.199913352727890015e-02 3.622374683618545532e-02 9.176344610750675201e-03 4.032419621944427490e-02 4.873221274465322495e-03 4.047656059265136719e-02 4.048367217183113098e-02 7.485399022698402405e-03 6.450436264276504517e-02 2.100161463022232056e-02 7.240649312734603882e-02 5.358076188713312149e-03 1.832913979887962341e-02 1.369491592049598694e-02 1.566763594746589661e-02 3.624109178781509399e-02 6.345175206661224365e-02 1.186460629105567932e-01 6.791851483285427094e-03 2.131370455026626587e-02 1.510985381901264191e-02 4.316744580864906311e-02 4.069009050726890564e-02 5.586994811892509460e-03 2.022815495729446411e-02 3.752708807587623596e-02 4.659170284867286682e-02 2.020775713026523590e-02 2.563433535397052765e-02 2.087239362299442291e-02 2.053467184305191040e-02 1.852205023169517517e-02 1.058719772845506668e-02 2.504669129848480225e-02 5.589506123214960098e-03 2.733424492180347443e-02 4.363929480314254761e-02 2.790188416838645935e-02 3.502708673477172852e-02 4.757768660783767700e-02 3.767726942896842957e-02 2.025057561695575714e-02 3.211546689271926880e-02 4.205089807510375977e-02 2.278736792504787445e-02 5.925975739955902100e-03 3.765531629323959351e-02 1.915755309164524078e-02 3.132116515189409256e-03 1.048019621521234512e-02 1.134358067065477371e-02 2.712133526802062988e-02 3.536106646060943604e-02 4.069771617650985718e-03 3.134165704250335693e-02 9.906337072607129812e-05
1.146708875894546509e-01 9.385261684656143188e-02 3.128337115049362183e-02 1.147755235433578491e-02 2.822751179337501526e-02 6.039440631866455078e-02 5.614443495869636536e-02 2.773676440119743347e-02 1.329208910465240479e-02 3.078375710174441338e-03 5.461609363555908203e-01 5.613300018012523651e-03 8.701895922422409058e-02 5.906577687710523605e-03 1.840193942189216614e-02 3.797518089413642883e-02 4.073799401521682739e-02 4.174945503473281860e-02 6.228732410818338394e-03 1.669117715209722519e-03 4.210243467241525650e-03 4.515883699059486389e-02 3.693658486008644104e-02 3.635239228606224060e-02 5.687118042260408401e-03 4.544427618384361267e-03 5.581575445830821991e-03 1.586799509823322296e-02 8.045569062232971191e-02 2.515003085136413574e-02 5.577568709850311279e-02 1.991458237171173096e-02 3.973134607076644897e-02 1.693405769765377045e-02 3.257094882428646088e-03 1.450532674789428711e-02 9.851920418441295624e-03 1.141256745904684067e-02 1.172779407352209091e-02 1.167075429111719131e-02 2.057300321757793427e-02 4.745167866349220276e-02 7.256083190441131592e-03 4.580631852149963379e-02 3.342050313949584961e-02 4.091906920075416565e-02 7.835768163204193115e-02 5.436669662594795227e-02 8.859178051352500916e-03 1.546742580831050873e-02 2.774428576231002808e-02 2.136294916272163391e-02 2.274820767343044281e-02 1.790144480764865875e-02 4.114790260791778564e-02 1.544491294771432877e-02 5.184772890061140060e-03 1.671111956238746643e-02 2.639025263488292694e-02 4.545185342431068420e-02 7.725622970610857010e-03 1.278421096503734589e-02 2.497269771993160248e-02 2.855620160698890686e-02 7.559189200401306152e-02 3.838206082582473755e-02 4.333242774009704590e-02 5.230696871876716614e-02 1.834433898329734802e-02 6.898913066834211349e-03 3.613993898034095764e-02 1.176590472459793091e-02 2.081780880689620972e-02 4.573164135217666626e-02 3.081258572638034821e-02 3.996510058641433716e-02 1.575733162462711334e-02 2.818411588668823242e-02 2.361477538943290710e-02 3.509189933538436890e-02 9.310106746852397919e-03 1.443264819681644440e-02 2.657004073262214661e-02 1.462948881089687347e-02 1.878653652966022491e-02 1.879118010401725769e-02 3.676577657461166382e-02 1.930962130427360535e-02 1.414558477699756622e-02 3.487097099423408508e-02 7.954369485378265381e-02 6.601430475711822510e-02 6.549717485904693604e-02 2.045233361423015594e-02 2.811640873551368713e-02 2.800840511918067932e-02 1.420105807483196259e-02 2.801900543272495270e-02 2.956798672676086426e-02 2.554867789149284363e-02 1.640199683606624603e-02 1.336655579507350922e-02 4.178311675786972046e-03 1.273734215646982193e-02 2.419437840580940247e-02 3.424861282110214233e-02 1.431579887866973877e-02 1.872267201542854309e-02 9.988959878683090210e-03 4.046816844493150711e-03 3.240755200386047363e-02 2.108157239854335785e-02 4.011134430766105652e-02 2.795406244695186615e-02 1.317052543163299561e-02 5.087904259562492371e-02
2.573566697537899017e-02 2.129108458757400513e-02 3.215657174587249756e-02 4.541289433836936951e-02 2.141148410737514496e-02 3.870397806167602539e-02 3.152841329574584961e-02 3.701487928628921509e-02 1.547372434288263321e-02 2.912055514752864838e-02 5.613300018012523651e-03 5.470082163810729980e-01 4.477438330650329590e-02 1.954145282506942749e-01 2.822834998369216919e-02 1.770140044391155243e-02 2.871213853359222412e-02 2.201216854155063629e-02 2.808941341936588287e-02 3.332894667983055115e-02 2.929812483489513397e-02 2.747534215450286865e-02 7.620026916265487671e-02 4.311867430806159973e-02 5.872946698218584061e-03 3.143469104543328285e-03 1.436497922986745834e-02 6.504013389348983765e-02 5.588711053133010864e-02 5.351238697767257690e-02 5.944586917757987976e-02 1.051651313900947571e-02 2.314450591802597046e-02 3.564719483256340027e-02 2.988583594560623169e-02 2.350170910358428955e-02 2.142542041838169098e-02 1.870544278062880039e-03 2.111367881298065186e-02 2.200405485928058624e-02 2.362060174345970154e-02 3.769842162728309631e-02 1.811220869421958923e-02 4.910924937576055527e-03 1.602919697761535645e-01 7.714369893074035645e-02 4.697265103459358215e-02 4.555992409586906433e-02 5.570511892437934875e-02 2.809229679405689240e-02 6.589337438344955444e-02 8.090385049581527710e-02 2.643795497715473175e-02 2.309661824256181717e-03 5.545312911272048950e-02 4.711518995463848114e-03 5.124519229866564274e-04 8.310230914503335953e-04 2.189501887187361717e-03 2.791824750602245331e-02 2.387624792754650116e-02 7.572351023554801941e-03 1.421143393963575363e-02 4.430738463997840881e-02 2.074592933058738708e-02 5.720430240035057068e-02 5.581464990973472595e-02 3.073707967996597290e-02 4.026331380009651184e-02 1.103117503225803375e-02 3.375129401683807373e-02 3.733086166903376579e-03 3.744444251060485840e-02 1.325936708599328995e-02 3.624656051397323608e-02 1.584364660084247589e-02 1.338028628379106522e-02 1.805543527007102966e-02 9.551606327295303345e-02 5.794320628046989441e-02 1.192485913634300232e-02 2.522677183151245117e-02 3.909523412585258484e-02 3.549007326364517212e-02 2.410169504582881927e-02 2.461245050653815269e-03 3.026744909584522247e-02 3.786149248480796814e-02 7.980424165725708008e-02 8.891063928604125977e-02 4.190252721309661865e-02 2.826449833810329437e-02 6.184892263263463974e-03 3.556095063686370850e-02 2.363394200801849365e-02 4.242215305566787720e-02 3.878883644938468933e-02 5.068796873092651367e-02 1.683348417282104492e-02 2.733758464455604553e-02 3.995550796389579773e-02 1.029389817267656326e-02 2.575504779815673828e-02 4.078861325979232788e-02 3.942552581429481506e-02 2.645267359912395477e-02 1.776976697146892548e-02 8.650685660541057587e-03 1.558106672018766403e-02 1.812032237648963928e-02 3.295857086777687073e-02 2.468420378863811493e-02 4.500525817275047302e-02 3.560282057151198387e-03 8.043562062084674835e-03 2.626069262623786926e-02
8.109951764345169067e-02 1.007238030433654785e-01 2.247812412679195404e-02 6.630315911024808884e-03 1.709865592420101166e-02 3.748608520254492760e-03 2.868204005062580109e-02 4.084511101245880127e-02 3.842604928649961948e-05 2.709490992128849030e-02 8.701895922422409058e-02 4.477438330650329590e-02 5.449733734130859375e-01 2.600126154720783234e-02 7.265523821115493774e-02 2.534833550453186035e-02 1.967697218060493469e-02 2.403285913169384003e-02 1.957269944250583649e-02 2.966078743338584900e-02 2.966488711535930634e-02 5.024102702736854553e-02 2.527282014489173889e-02 1.950740627944469452e-02 3.944647312164306641e-02 1.584653928875923157e-02 2.049229666590690613e-02 1.915422081947326660e-02 4.037377238273620605e-02 3.011587634682655334e-02 6.802037358283996582e-02 2.930949628353118896e-02 1.198184490203857422e-02 3.273092582821846008e-02 1.617448590695858002e-02 5.815146956592798233e-03 3.335481276735663414e-03 7.888291962444782257e-03 1.000268664211034775e-02 1.823404431343078613e-02 1.305226981639862061e-02 1.500150375068187714e-02 2.006272412836551666e-02 1.995658874511718750e-02 4.392683971673250198e-03 3.817918896675109863e-02 2.201284468173980713e-02 3.218976035714149475e-02 2.335720509290695190e-02 4.683682695031166077e-02 1.818191073834896088e-02 8.551101200282573700e-03 1.796380244195461273e-02 2.671007253229618073e-02 3.878168389201164246e-02 3.887851163744926453e-02 4.396054148674011230e-02 5.031914636492729187e-02 3.779198275879025459e-03 3.948164172470569611e-03 2.426269277930259705e-02 2.624785155057907104e-02 2.815124578773975372e-02 2.168409153819084167e-02 3.255563601851463318e-02 5.687997490167617798e-02 1.237030979245901108e-02 4.872043430805206299e-02 1.059848442673683167e-02 9.109487757086753845e-03 3.280752152204513550e-02 1.292470842599868774e-02 3.019140847027301788e-02 3.990659117698669434e-02 3.333621099591255188e-02 1.414410024881362915e-02 1.215720549225807190e-02 1.200727419927716255e-03 1.081175822764635086e-02 3.750507906079292297e-02 1.468354486860334873e-03 2.681046724319458008e-02 1.647591218352317810e-02 3.755169361829757690e-02 2.939210273325443268e-02 1.671330258250236511e-02 2.982319518923759460e-02 5.380287393927574158e-02 3.044766187667846680e-02 3.941372409462928772e-02 3.122775256633758545e-02 2.435647509992122650e-02 5.910948291420936584e-02 3.425149992108345032e-02 2.809191681444644928e-02 1.830301433801651001e-02 3.773352876305580139e-02 2.654679119586944580e-02 1.875159703195095062e-02 1.265245489776134491e-02 6.451598368585109711e-03 4.051008448004722595e-02 3.070186451077461243e-02 1.860545761883258820e-02 3.691776189953088760e-03 5.679022287949919701e-04 1.115691009908914566e-02 1.419223938137292862e-02 2.667299658060073853e-02 4.674333706498146057e-02 3.898543864488601685e-02 2.747618407011032104e-02 2.820100449025630951e-02 4.674203693866729736e-02 3.038103692233562469e-02 3.868866339325904846e-02
