4.460121095180511475e-01 1.495980620384216309e-01 4.029252100735902786e-03 2.304490655660629272e-03 2.792863734066486359e-02 9.088580310344696045e-02 6.398694962263107300e-02 4.190848767757415771e-02 4.440924676600843668e-04 1.131385564804077148e-02 8.360119163990020752e-02 5.735166370868682861e-02 5.041338503360748291e-02 1.963616721332073212e-02 4.062636196613311768e-02 5.790899042040109634e-03 6.221265718340873718e-02 7.428220706060528755e-04 4.033726081252098083e-02 3.521122038364410400e-02 1.239980664104223251e-02 3.182969987392425537e-03 2.428620308637619019e-02 4.750658199191093445e-02 1.226975210011005402e-02 1.555584743618965149e-02 3.473427519202232361e-02 2.323101274669170380e-02 3.230062872171401978e-02 7.963456213474273682e-03 4.103383421897888184e-02 6.480955053120851517e-03 4.251028597354888916e-02 2.534833364188671112e-02 2.269258722662925720e-02 6.051025819033384323e-03 2.325718291103839874e-03 9.809155017137527466e-04 5.139509215950965881e-03 5.234195664525032043e-02 2.131459489464759827e-02 3.132594749331474304e-02 3.757454827427864075e-02 4.269379749894142151e-02 7.230661809444427490e-03 4.959652945399284363e-02 2.586213685572147369e-02 7.080660667270421982e-03 6.578405154868960381e-04 4.972409084439277649e-02 2.488319948315620422e-02 5.502988025546073914e-02 1.748410612344741821e-02 1.014419924467802048e-02 4.188551101833581924e-03 5.116356536746025085e-02 6.920137442648410797e-03 4.655276983976364136e-02 1.793224550783634186e-02 2.538834512233734131e-02 9.137619286775588989e-03 5.777011625468730927e-03 1.561419758945703506e-02 3.745742514729499817e-02 6.409535184502601624e-03 2.792573533952236176e-02 1.330990809947252274e-03 2.215278521180152893e-02 1.548149995505809784e-02 4.179399088025093079e-02 2.333609573543071747e-02 2.575466409325599670e-02 2.498075366020202637e-02 2.270594052970409393e-02 8.339158259332180023e-03 3.094705939292907715e-02 1.681058853864669800e-02 2.319910190999507904e-02 1.350133400410413742e-02 4.947769455611705780e-03 2.794934622943401337e-02 2.943740040063858032e-02 1.616378128528594971e-02 3.439103811979293823e-02 2.639814466238021851e-02 1.321173924952745438e-02 2.916728518903255463e-02 1.260730321519076824e-03 1.359038171358406544e-03 4.462059959769248962e-02 5.856873467564582825e-04 1.381659507751464844e-02 5.635234713554382324e-02 5.161698907613754272e-03 6.484012119472026825e-03 1.735002920031547546e-02 5.514545738697052002e-02 2.022103965282440186e-02 2.674619667232036591e-02 2.643601410090923309e-02 2.944148145616054535e-02 7.593797054141759872e-03 5.044563487172126770e-02 1.949978619813919067e-02 2.856714092195034027e-02 5.181240794627228752e-06 5.235809832811355591e-03 1.745087280869483948e-02 1.356215775012969971e-02 2.069240622222423553e-02 4.160155728459358215e-02 1.806488027796149254e-03 2.546781301498413086e-02 4.573455080389976501e-02 4.224903136491775513e-02 5.458966642618179321e-02
1.495980620384216309e-01 4.368427395820617676e-01 2.742261253297328949e-02 1.600367948412895203e-02 5.340119078755378723e-02 6.403230130672454834e-02 6.330129504203796387e-02 8.353454992175102234e-03 1.609317772090435028e-02 1.320208795368671417e-02 3.381713479757308960e-02 5.869153887033462524e-02 5.471001565456390381e-02 8.129779249429702759e-02 9.128372184932231903e-03 2.552188746631145477e-02 4.548488557338714600e-02 6.626043934375047684e-03 6.829257123172283173e-03 1.589691452682018280e-02 1.100473944097757339e-02 5.816504359245300293e-03 2.619829047034727409e-06 2.260636072605848312e-03 4.258896410465240479e-02 1.366785541176795959e-02 3.219683468341827393e-02 3.040695376694202423e-02 1.715013757348060608e-02 3.945576027035713196e-02 3.235390409827232361e-02 6.812641397118568420e-03 1.344037801027297974e-02 5.117182061076164246e-02 1.389037538319826126e-02 8.350950083695352077e-04 2.735600434243679047e-02 1.355925574898719788e-02 4.712975583970546722e-03 3.700716421008110046e-02 3.368104249238967896e-02 4.785267170518636703e-03 2.093609655275940895e-03 4.183122888207435608e-02 3.025147132575511932e-02 4.612764343619346619e-02 5.477758822962641716e-04 6.142000667750835419e-03 2.890960872173309326e-02 2.178918803110718727e-03 6.458774954080581665e-02 8.107937872409820557e-02 5.226438399404287338e-03 3.789726644754409790e-02 2.817261777818202972e-02 3.421697020530700684e-02 1.920707151293754578e-02 1.446079346351325512e-03 2.964086830615997314e-02 2.858731895685195923e-02 1.052620075643062592e-02 8.631113916635513306e-03 1.679179444909095764e-02 2.754817344248294830e-02 2.819184400141239166e-02 4.378118738532066345e-02 3.576390678063035011e-03 3.701382875442504883e-02 2.025187481194734573e-03 3.105162270367145538e-02 2.000826038420200348e-02 3.155666217207908630e-02 2.884198911488056183e-02 3.785562142729759216e-02 2.869665063917636871e-02 4.527182877063751221e-02 2.208188921213150024e-02 4.462988302111625671e-02 1.051072031259536743e-02 4.545868188142776489e-02 2.633224241435527802e-02 1.363374572247266769e-02 3.033680468797683716e-02 5.096556618809700012e-03 3.155399486422538757e-02 2.345285005867481232e-02 1.928767072968184948e-03 8.739678189158439636e-03 5.143518000841140747e-02 3.935395181179046631e-02 6.250339001417160034e-02 1.146152149885892868e-02 3.397575765848159790e-02 2.613638155162334442e-02 1.398884691298007965e-02 9.182554669678211212e-03 4.810198023915290833e-02 1.496427413076162338e-02 1.341467723250389099e-02 9.705417789518833160e-03 2.323507703840732574e-02 3.742391988635063171e-02 3.213991597294807434e-02 3.531473875045776367e-02 1.306320447474718094e-02 1.747597567737102509e-02 7.664846256375312805e-03 2.545584179461002350e-02 1.315660215914249420e-02 2.996053919196128845e-02 4.535540193319320679e-02 1.174720376729965210e-02 4.843836650252342224e-03 2.855749987065792084e-02 5.519084259867668152e-02 4.041094705462455750e-02
4.029252100735902786e-03 2.742261253297328949e-02 4.235469400882720947e-01 4.955091327428817749e-02 5.672601982951164246e-03 2.870299480855464935e-02 2.743772044777870178e-02 1.512624919414520264e-01 3.805483877658843994e-02 4.120368137955665588e-02 1.697743311524391174e-02 2.071272581815719604e-02 4.287263751029968262e-02 3.729647025465965271e-02 3.735854476690292358e-02 4.376358911395072937e-02 4.416510835289955139e-02 3.903751447796821594e-02 2.181163989007472992e-02 1.332924235612154007e-02 3.542792052030563354e-02 1.810125447809696198e-02 2.946311794221401215e-02 1.188860926777124405e-02 4.714247956871986389e-02 2.399775199592113495e-02 3.153621032834053040e-02 7.843709737062454224e-02 4.400274902582168579e-02 4.318289086222648621e-02 7.281362079083919525e-03 3.405038639903068542e-02 2.581073716282844543e-02 1.928060874342918396e-02 5.439486354589462280e-02 5.349292606115341187e-02 4.056486114859580994e-02 4.264103993773460388e-02 1.320685632526874542e-02 6.545308977365493774e-02 1.522354432381689548e-03 1.139390002936124802e-02 4.587928205728530884e-02 7.291519641876220703e-02 2.930715493857860565e-02 2.927818894386291504e-02 3.274580091238021851e-02 3.373550996184349060e-02 2.068890631198883057e-02 2.222376689314842224e-02 7.662246935069561005e-03 1.768101193010807037e-02 1.135273091495037079e-02 3.501632437109947205e-02 2.334563247859477997e-02 3.394934162497520447e-02 1.967125572264194489e-02 2.387436665594577789e-02 3.981497511267662048e-02 1.426344178617000580e-02 5.638794973492622375e-04 1.369184907525777817e-02 1.087615191936492920e-01 2.660268731415271759e-02 3.866796568036079407e-02 1.868413947522640228e-02 2.405477501451969147e-02 2.739431336522102356e-02 5.403422284871339798e-03 9.952540509402751923e-03 2.182371914386749268e-02 5.510911718010902405e-02 3.900281712412834167e-02 2.699630707502365112e-02 1.594300195574760437e-02 4.717935994267463684e-02 2.290749456733465195e-03 1.490654610097408295e-02 3.614213690161705017e-02 2.795690298080444336e-02 5.273977667093276978e-02 7.878383249044418335e-02 4.593278467655181885e-02 4.141292348504066467e-02 4.633675795048475266e-03 2.904429472982883453e-02 9.772996418178081512e-03 2.516434155404567719e-02 4.516410082578659058e-02 1.656313985586166382e-02 3.065987955778837204e-03 4.587863758206367493e-02 6.779909133911132812e-02 5.067813396453857422e-02 2.525438182055950165e-02 2.164175361394882202e-02 5.366580933332443237e-02 1.153188385069370270e-02 4.908206686377525330e-02 2.409306354820728302e-02 3.266365453600883484e-02 3.012670762836933136e-02 4.809549450874328613e-02 1.720089837908744812e-02 1.372876856476068497e-02 1.510440371930599213e-02 1.179080363363027573e-02 5.364404246211051941e-02 4.997496306896209717e-02 1.605683565139770508e-02 2.524829842150211334e-02 2.609319984912872314e-02 5.458733066916465759e-03 1.635729521512985229e-02 2.060657739639282227e-02 5.083528161048889160e-02
2.304490655660629272e-03 1.600367948412895203e-02 4.955091327428817749e-02 4.481108188629150391e-01 1.637219488620758057e-01 6.185526959598064423e-03 3.133917227387428284e-02 2.609321288764476776e-02 4.358836635947227478e-02 2.720829471945762634e-02 3.127533942461013794e-03 9.323745965957641602e-03 4.320863634347915649e-03 3.298988193273544312e-02 4.022352024912834167e-02 4.636701196432113647e-02 3.234906494617462158e-02 2.271421626210212708e-02 7.895942032337188721e-02 5.234760791063308716e-02 3.123705834150314331e-02 1.337977591902017593e-03 5.253238603472709656e-02 5.571337044239044189e-02 3.313927724957466125e-02 5.230505019426345825e-02 7.604802958667278290e-03 3.597038332372903824e-03 1.222399622201919556e-02 1.998802088201045990e-02 5.771217867732048035e-03 5.503476783633232117e-02 7.718022167682647705e-02 2.395069040358066559e-02 4.235498607158660889e-02 2.480046637356281281e-02 4.291446879506111145e-02 1.928024459630250931e-03 2.946229837834835052e-02 9.657893329858779907e-03 1.659687235951423645e-02 4.524881020188331604e-02 2.387705817818641663e-02 1.322962064296007156e-02 1.811373606324195862e-02 4.243490472435951233e-02 2.584505081176757812e-02 6.759097333997488022e-03 3.921407274901866913e-03 4.558514431118965149e-02 2.596817724406719208e-02 7.069593295454978943e-03 1.736498810350894928e-02 3.930824249982833862e-02 1.358572952449321747e-02 2.846476621925830841e-02 3.718957304954528809e-02 3.850304754450917244e-03 1.019337400794029236e-02 8.518768846988677979e-02 2.962614968419075012e-02 6.506430357694625854e-02 4.085066169500350952e-02 5.362161993980407715e-02 1.788825355470180511e-02 2.748965844511985779e-02 5.205027014017105103e-02 3.192098438739776611e-02 1.901113055646419525e-02 3.827334940433502197e-02 1.135880593210458755e-02 1.645075902342796326e-02 5.818050354719161987e-02 3.813503682613372803e-02 7.174767553806304932e-02 1.825769990682601929e-02 6.421937793493270874e-02 4.239469766616821289e-02 2.759083919227123260e-02 1.633918099105358124e-02 2.541368885431438684e-04 4.324568435549736023e-03 1.122343614697456360e-01 7.080064713954925537e-02 2.563573420047760010e-02 3.918523341417312622e-02 3.546037524938583374e-02 2.274267934262752533e-02 2.170601859688758850e-02 3.201358392834663391e-02 4.530216753482818604e-02 1.782813668251037598e-02 8.794280700385570526e-03 3.702908009290695190e-02 2.200017683207988739e-02 4.754223395138978958e-03 3.818420320749282837e-02 2.888651378452777863e-02 2.514077909290790558e-02 1.098947483114898205e-03 5.635432898998260498e-03 1.468802243471145630e-02 5.090943351387977600e-02 3.487125411629676819e-02 5.661659315228462219e-02 7.055885158479213715e-03 3.402703255414962769e-02 9.556274861097335815e-03 2.569295279681682587e-02 3.982621431350708008e-02 3.007838502526283264e-02 2.757420949637889862e-02 3.181902319192886353e-02 3.817601501941680908e-02 2.114092465490102768e-03 1.963105797767639160e-02
2.792863734066486359e-02 5.340119078755378723e-02 5.672601982951164246e-03 1.637219488620758057e-01 4.578040838241577148e-01 2.837094850838184357e-02 4.626908898353576660e-02 1.905941776931285858e-02 3.522128972690552473e-04 1.860238797962665558e-02 9.458492859266698360e-04 2.096809679642319679e-03 4.790951032191514969e-03 3.021803125739097595e-02 5.607409030199050903e-02 3.116397000849246979e-02 3.625096008181571960e-02 5.192875862121582031e-02 9.750936180353164673e-02 5.093520507216453552e-03 2.712941542267799377e-02 9.893405251204967499e-03 8.256477117538452148e-02 9.451105445623397827e-02 3.424093825742602348e-03 5.419575050473213196e-02 2.010837662965059280e-03 2.086265943944454193e-02 4.489379003643989563e-02 1.318251597695052624e-03 1.839028671383857727e-02 2.838931418955326080e-02 3.296447545289993286e-02 4.672719538211822510e-02 4.576181247830390930e-02 3.315417841076850891e-02 3.864413127303123474e-02 1.083980430848896503e-03 1.629486680030822754e-02 5.045794323086738586e-02 4.421689361333847046e-02 4.405257105827331543e-02 2.560229040682315826e-02 3.475412353873252869e-02 1.379045192152261734e-02 2.859143353998661041e-02 2.265356853604316711e-02 2.326707122847437859e-03 1.894642971456050873e-02 3.504280000925064087e-02 1.788893714547157288e-02 1.052560005336999893e-02 3.876794502139091492e-02 1.479722675867378712e-03 1.219924632459878922e-02 1.109419204294681549e-02 1.935391454026103020e-03 5.248701665550470352e-03 2.916593849658966064e-02 7.717806845903396606e-02 5.079613998532295227e-02 8.150772750377655029e-02 3.525267541408538818e-02 5.596481636166572571e-02 4.633789137005805969e-02 3.160686045885086060e-02 4.486538004130125046e-03 4.839706420898437500e-02 2.629112685099244118e-03 2.028859965503215790e-02 3.541065379977226257e-02 1.089710090309381485e-02 2.183585055172443390e-02 2.670738846063613892e-02 8.779102563858032227e-02 1.391668245196342468e-02 4.434702545404434204e-02 5.144210904836654663e-02 3.316445648670196533e-02 5.273750796914100647e-02 1.013633981347084045e-02 1.191129814833402634e-02 1.019457057118415833e-01 1.070191711187362671e-01 3.928260877728462219e-02 3.265308588743209839e-02 2.128829620778560638e-02 1.151658035814762115e-02 2.152860537171363831e-02 2.238155156373977661e-02 1.963383145630359650e-02 5.207720771431922913e-02 2.439627051353454590e-02 5.292333289980888367e-02 3.873973339796066284e-02 2.667308226227760315e-02 4.309716448187828064e-02 1.484637800604104996e-02 2.940943278372287750e-02 7.446955423802137375e-03 2.385276369750499725e-02 2.535992488265037537e-02 1.953252777457237244e-02 1.441262289881706238e-02 3.585014864802360535e-02 4.345419257879257202e-02 2.075322158634662628e-02 3.504003211855888367e-02 2.440014854073524475e-02 4.165892302989959717e-02 1.213032845407724380e-02 4.445455595850944519e-02 3.984390944242477417e-02 4.610611125826835632e-02 1.817316297092474997e-05 1.790257915854454041e-02
9.088580310344696045e-02 6.403230130672454834e-02 2.870299480855464935e-02 6.185526959598064423e-03 2.837094850838184357e-02 4.436090886592864990e-01 1.300587654113769531e-01 3.948946669697761536e-02 8.859018795192241669e-03 3.970460221171379089e-02 6.208401173353195190e-02 8.048387244343757629e-03 4.541891813278198242e-02 3.885643929243087769e-02 4.385706782341003418e-02 9.693762287497520447e-03 3.995006531476974487e-02 4.598666727542877197e-02 8.897833526134490967e-03 4.694937728345394135e-03 1.893124729394912720e-02 4.728708788752555847e-02 3.914654627442359924e-02 3.662619367241859436e-02 2.294383943080902100e-02 3.085914812982082367e-02 5.033493041992187500e-02 1.031145174056291580e-02 5.196139216423034668e-02 3.182369843125343323e-02 3.436997532844543457e-02 5.424383655190467834e-02 4.886708781123161316e-02 6.227366626262664795e-03 4.106775671243667603e-02 4.388191178441047668e-02 1.975711435079574585e-02 3.460071748122572899e-03 1.741623133420944214e-02 3.622839227318763733e-02 5.507705733180046082e-03 1.098577398806810379e-02 6.610766286030411720e-04 3.069684840738773346e-02 6.378924939781427383e-03 2.799925394356250763e-02 1.336338669061660767e-01 3.824599832296371460e-02 1.780203171074390411e-02 1.916844025254249573e-02 1.942109316587448120e-02 3.999271243810653687e-02 1.630183681845664978e-02 3.305986896157264709e-02 3.048614133149385452e-03 6.211111322045326233e-03 4.791044071316719055e-02 4.807286337018013000e-02 2.196381054818630219e-02 3.347022831439971924e-02 1.332995202392339706e-02 3.716436028480529785e-02 1.840382814407348633e-02 9.967958554625511169e-03 5.731170065701007843e-03 4.920560866594314575e-03 6.292691250564530492e-05 1.972437649965286255e-02 8.187508210539817810e-03 1.799804158508777618e-02 1.373747177422046661e-02 6.917851977050304413e-03 2.419700846076011658e-02 1.693880744278430939e-02 6.433085538446903229e-03 4.358188249170780182e-03 5.680423974990844727e-02 3.514596726745367050e-03 3.189785033464431763e-02 3.567412123084068298e-02 3.435444459319114685e-02 6.344202440232038498e-03 9.933696128427982330e-03 6.983699742704629898e-03 1.551827136427164078e-02 4.996792413294315338e-03 1.696169376373291016e-02 4.935008287429809570e-02 1.560065895318984985e-02 2.664594911038875580e-02 1.797175034880638123e-02 3.167657181620597839e-02 1.249730400741100311e-02 1.175237237475812435e-03 1.264086086302995682e-02 3.409188240766525269e-02 2.025307342410087585e-02 2.764925733208656311e-02 8.455777540802955627e-03 1.972112059593200684e-02 2.512634359300136566e-02 1.315685454756021500e-02 2.389032766222953796e-02 4.291318729519844055e-02 1.745716854929924011e-02 1.741966605186462402e-02 9.145636111497879028e-03 7.245762972161173820e-04 2.778383903205394745e-02 4.671890661120414734e-02 2.842940203845500946e-02 3.780531138181686401e-02 3.270304203033447266e-02 2.436322905123233795e-02 3.671614825725555420e-02 2.460020966827869415e-02
6.398694962263107300e-02 6.330129504203796387e-02 2.743772044777870178e-02 3.133917227387428284e-02 4.626908898353576660e-02 1.300587654113769531e-01 4.518625736236572266e-01 3.832926973700523376e-02 1.095978636294603348e-02 9.293286129832267761e-03 8.314288407564163208e-02 5.754495505243539810e-03 4.233352094888687134e-02 4.556299373507499695e-02 3.413527086377143860e-02 3.331043571233749390e-02 2.998462319374084473e-02 7.345450576394796371e-03 1.438415609300136566e-02 2.634747512638568878e-02 4.451207816600799561e-02 5.287382006645202637e-02 3.181645646691322327e-02 4.810246080160140991e-02 3.346805227920413017e-03 2.746379375457763672e-02 5.006403103470802307e-02 2.049655094742774963e-02 1.915414445102214813e-02 2.522414736449718475e-02 1.817107945680618286e-02 3.424483910202980042e-02 5.252236872911453247e-02 2.248443663120269775e-03 3.883055225014686584e-02 3.599530830979347229e-02 2.395738102495670319e-02 4.283975809812545776e-02 1.108075026422739029e-02 4.496166110038757324e-02 5.047634616494178772e-02 2.013128437101840973e-02 1.177977677434682846e-02 6.309620104730129242e-03 1.455687545239925385e-02 1.570794358849525452e-02 1.255615800619125366e-01 9.334409236907958984e-02 5.744085088372230530e-02 3.768674656748771667e-02 2.853183075785636902e-03 4.882621392607688904e-02 3.209583088755607605e-02 3.019637241959571838e-02 2.975380048155784607e-02 7.263593375682830811e-03 4.383532330393791199e-02 2.025859430432319641e-02 2.361492440104484558e-02 4.105538502335548401e-02 3.400258347392082214e-02 4.861471801996231079e-02 2.154837362468242645e-02 3.064601682126522064e-03 5.297971516847610474e-02 1.796227321028709412e-02 1.378964353352785110e-02 6.312726065516471863e-03 5.735451355576515198e-03 4.131893068552017212e-02 1.634200848639011383e-02 3.801312670111656189e-02 6.013615056872367859e-03 2.365569584071636200e-02 2.538419514894485474e-02 1.934685371816158295e-02 4.385876655578613281e-02 4.501172527670860291e-02 7.736216764897108078e-03 1.477755419909954071e-02 2.584153786301612854e-02 1.675979979336261749e-02 1.017234940081834793e-02 4.189636558294296265e-02 2.291096607223153114e-03 5.029578227549791336e-03 1.666843309067189693e-04 3.891976550221443176e-02 5.204431340098381042e-02 2.144185360521078110e-03 2.847195975482463837e-02 1.141235791146755219e-02 1.477064751088619232e-02 1.783147826790809631e-02 3.633465990424156189e-02 3.130668401718139648e-02 1.099269464612007141e-02 6.124293431639671326e-04 2.104584500193595886e-02 9.954011067748069763e-03 3.185780346393585205e-02 5.065928678959608078e-03 2.231811918318271637e-02 4.895231127738952637e-02 2.079448662698268890e-02 1.267462037503719330e-02 2.487805485725402832e-02 2.640745416283607483e-02 2.845268137753009796e-02 3.370295464992523193e-02 1.041992194950580597e-02 3.639976680278778076e-02 2.837837859988212585e-02 1.708122529089450836e-02 2.973983250558376312e-02 1.977559551596641541e-02
4.190848767757415771e-02 8.353454992175102234e-03 1.512624919414520264e-01 2.609321288764476776e-02 1.905941776931285858e-02 3.948946669697761536e-02 3.832926973700523376e-02 4.413958191871643066e-01 4.328975826501846313e-02 3.186673671007156372e-02 2.153159677982330322e-02 4.474915936589241028e-02 4.866648092865943909e-02 8.512781932950019836e-03 6.892058998346328735e-03 2.462331205606460571e-03 3.735908865928649902e-02 3.676805272698402405e-02 8.778828196227550507e-03 7.017570169409736991e-05 5.603564158082008362e-02 2.192081883549690247e-02 5.318953841924667358e-02 3.954935446381568909e-02 2.785132080316543579e-02 4.852882400155067444e-02 2.408356405794620514e-02 6.709424406290054321e-02 2.235917747020721436e-02 2.649642527103424072e-02 1.452835835516452789e-02 3.354599326848983765e-02 2.895940281450748444e-02 1.436827704310417175e-02 6.705585867166519165e-02 5.061075836420059204e-02 2.048893831670284271e-02 3.780091553926467896e-02 1.489846874028444290e-02 7.444427907466888428e-02 1.506687235087156296e-02 4.744823276996612549e-02 8.485333062708377838e-03 2.109327539801597595e-02 2.412271499633789062e-02 8.724990300834178925e-03 2.848422527313232422e-02 1.030418835580348969e-02 4.240702465176582336e-02 3.055677190423011780e-02 3.114921413362026215e-02 9.309959597885608673e-03 3.600283712148666382e-02 4.869907721877098083e-02 2.611489593982696533e-02 3.318408876657485962e-02 3.075328096747398376e-02 2.419030852615833282e-02 6.435464322566986084e-02 4.254044964909553528e-02 7.626189384609460831e-03 4.923111572861671448e-02 7.992844283580780029e-02 1.660671271383762360e-02 2.296462282538414001e-02 1.251454232260584831e-03 2.263922803103923798e-02 2.161236666142940521e-02 8.550556376576423645e-03 3.601858764886856079e-02 1.438679359853267670e-02 5.670172348618507385e-02 4.621592536568641663e-02 4.414219409227371216e-02 1.511613838374614716e-03 5.302784591913223267e-02 3.622628375887870789e-02 2.361391125305090100e-05 3.691406454890966415e-03 1.717684045433998108e-02 9.165936708450317383e-02 4.431241378188133240e-02 1.331773120909929276e-02 5.927172303199768066e-02 9.957263246178627014e-03 1.802068389952182770e-02 4.690086003392934799e-03 1.489780005067586899e-02 6.567843258380889893e-03 3.715154528617858887e-02 3.228621557354927063e-02 4.216344654560089111e-02 2.899689599871635437e-02 3.456214070320129395e-02 1.717396453022956848e-02 2.349335554754361510e-04 1.637855917215347290e-02 7.120645046234130859e-02 2.392603829503059387e-02 3.270817920565605164e-02 4.537719860672950745e-02 3.784049674868583679e-02 1.907289552036672831e-04 2.845325740054249763e-03 3.493552654981613159e-02 1.238763506989926100e-04 2.120143547654151917e-02 3.920682892203330994e-02 3.489071130752563477e-02 2.479626238346099854e-02 4.402503743767738342e-02 2.574502304196357727e-02 4.437096416950225830e-02 4.714667052030563354e-02 4.723476618528366089e-02 4.252858087420463562e-02
4.440924676600843668e-04 1.609317772090435028e-02 3.805483877658843994e-02 4.358836635947227478e-02 3.522128972690552473e-04 8.859018795192241669e-03 1.095978636294603348e-02 4.328975826501846313e-02 4.326806366443634033e-01 1.668915897607803345e-02 1.474709436297416687e-02 7.467041257768869400e-03 3.546756226569414139e-03 3.275193646550178528e-02 2.898070402443408966e-02 1.523744547739624977e-03 1.373720448464155197e-02 2.267099171876907349e-02 2.634905395098030567e-04 3.735964745283126831e-02 3.690984472632408142e-02 3.467906638979911804e-02 3.021490573883056641e-02 2.910548076033592224e-02 5.103549920022487640e-03 4.797665402293205261e-03 5.748214200139045715e-02 4.856073856353759766e-02 4.103898070752620697e-03 4.015946760773658752e-02 3.963872045278549194e-02 1.301006879657506943e-02 2.838195767253637314e-03 4.497721046209335327e-02 3.284566104412078857e-02 2.953787893056869507e-02 2.362997643649578094e-02 4.533524811267852783e-02 4.170451313257217407e-03 1.765970140695571899e-02 2.063367702066898346e-02 9.953050874173641205e-03 5.268198996782302856e-02 1.897662132978439331e-02 4.453679919242858887e-02 3.606306761503219604e-02 1.317613851279020309e-02 1.530076377093791962e-02 4.900706186890602112e-02 1.624239422380924225e-02 2.726900950074195862e-02 2.824371494352817535e-02 1.440047007054090500e-02 2.930933423340320587e-02 7.694359868764877319e-02 2.166665159165859222e-02 1.678162254393100739e-02 4.205169156193733215e-02 2.751208469271659851e-02 4.182443395256996155e-02 1.069606747478246689e-03 3.352001681923866272e-02 5.989752709865570068e-03 2.500017359852790833e-02 2.571772597730159760e-02 1.165944896638393402e-02 1.063526608049869537e-02 8.071126416325569153e-03 6.302576512098312378e-02 4.178019706159830093e-03 3.243720903992652893e-02 3.881862759590148926e-02 4.085398092865943909e-02 1.512130815535783768e-02 2.475218288600444794e-02 2.597076818346977234e-03 1.153641045093536377e-01 3.421413525938987732e-02 4.870437830686569214e-02 2.796891145408153534e-02 2.887799218297004700e-02 2.431618422269821167e-02 2.281937189400196075e-02 2.111919596791267395e-02 3.178246319293975830e-02 3.663936629891395569e-02 4.737772420048713684e-02 1.466413680464029312e-02 2.954860217869281769e-02 5.770488642156124115e-03 3.792706876993179321e-03 2.546955272555351257e-02 2.410675631836056709e-03 2.555179968476295471e-02 1.495832763612270355e-02 1.828750036656856537e-02 4.108340013772249222e-03 1.283205673098564148e-02 5.402961373329162598e-02 1.051259599626064301e-02 3.522766754031181335e-03 1.242252159863710403e-02 1.411480084061622620e-02 1.709212735295295715e-02 1.148059498518705368e-02 3.147458657622337341e-02 4.125467687845230103e-02 7.099659647792577744e-03 4.554772004485130310e-02 3.144278749823570251e-02 4.939868301153182983e-02 1.355921104550361633e-02 5.208862200379371643e-02 5.499366298317909241e-02 1.884361542761325836e-02 1.566496863961219788e-02
1.131385564804077148e-02 1.320208795368671417e-02 4.120368137955665588e-02 2.720829471945762634e-02 1.860238797962665558e-02 3.970460221171379089e-02 9.293286129832267761e-03 3.186673671007156372e-02 1.668915897607803345e-02 4.376614689826965332e-01 7.134701125323772430e-03 1.700410270132124424e-03 5.077229440212249756e-02 3.141321241855621338e-02 3.885424509644508362e-02 7.680802373215556145e-04 3.374799713492393494e-02 7.395666837692260742e-02 1.119851097464561462e-01 2.788224443793296814e-02 1.689344085752964020e-02 4.909289255738258362e-02 2.717360854148864746e-03 1.141218453994952142e-04 3.945982828736305237e-02 3.207314386963844299e-02 8.219105191528797150e-03 3.789464011788368225e-02 2.602097345516085625e-03 2.144284918904304504e-02 4.637616872787475586e-02 3.963945433497428894e-02 3.852984309196472168e-02 7.619510404765605927e-03 4.244500305503606796e-03 2.686608210206031799e-02 9.010200388729572296e-03 2.714994177222251892e-02 7.548436406068503857e-05 4.161684215068817139e-02 6.817571818828582764e-02 6.773131433874368668e-03 3.726169839501380920e-02 1.888284692540764809e-03 4.549968987703323364e-02 7.257401943206787109e-03 3.903037309646606445e-02 3.150057420134544373e-02 1.558941416442394257e-02 4.655147343873977661e-02 1.798749528825283051e-02 3.772768378257751465e-02 8.187044411897659302e-03 3.331149369478225708e-02 2.125192061066627502e-02 1.573065482079982758e-02 3.485831990838050842e-02 4.198040813207626343e-02 2.709831111133098602e-02 3.936804458498954773e-02 3.369867056608200073e-02 4.099278897047042847e-02 1.958175748586654663e-02 2.618782222270965576e-02 7.348194718360900879e-03 3.848611935973167419e-02 2.528185211122035980e-02 3.370707109570503235e-02 5.798871442675590515e-02 3.469270095229148865e-02 2.402268908917903900e-02 2.625262364745140076e-02 2.061316557228565216e-02 5.671273544430732727e-02 1.090794103220105171e-03 1.347074843943119049e-02 4.698269069194793701e-02 1.488584876060485840e-01 9.543717838823795319e-03 1.188144013285636902e-01 2.627643011510372162e-02 2.592513046693056822e-04 1.064057275652885437e-02 8.954210579395294189e-02 5.611806362867355347e-02 2.354242652654647827e-02 2.461455017328262329e-02 9.917370975017547607e-03 4.856925457715988159e-02 4.935588315129280090e-02 3.922516107559204102e-02 4.171475023031234741e-02 2.795889228582382202e-02 3.984706103801727295e-02 2.278883941471576691e-02 2.852593734860420227e-02 2.327913604676723480e-02 3.372029960155487061e-02 4.056313633918762207e-02 4.437405243515968323e-02 4.959066584706306458e-02 2.608360955491662025e-03 2.345356158912181854e-02 4.706203937530517578e-02 4.266821965575218201e-02 1.233521942049264908e-02 1.511049643158912659e-02 9.550021961331367493e-03 1.369331497699022293e-02 3.965619951486587524e-02 3.891725093126296997e-02 2.806341461837291718e-02 3.492268174886703491e-02 3.879214404150843620e-03 1.525164395570755005e-02 2.933507598936557770e-02
8.360119163990020752e-02 3.381713479757308960e-02 1.697743311524391174e-02 3.127533942461013794e-03 9.458492859266698360e-04 6.208401173353195190e-02 8.314288407564163208e-02 2.153159677982330322e-02 1.474709436297416687e-02 7.134701125323772430e-03 4.458673894405364990e-01 6.190594285726547241e-02 8.250222355127334595e-02 4.159358888864517212e-02 3.062943927943706512e-02 3.758891671895980835e-02 1.658649183809757233e-02 3.478493541479110718e-02 4.958444088697433472e-02 3.850178420543670654e-02 1.221804879605770111e-02 3.126634284853935242e-02 3.465913236141204834e-02 3.521933779120445251e-02 3.691324219107627869e-02 2.163012325763702393e-02 4.379690438508987427e-02 1.643642969429492950e-02 5.347099900245666504e-02 2.923162840306758881e-02 1.901144720613956451e-02 6.590403150767087936e-03 4.678166285157203674e-02 1.807342097163200378e-02 4.972798377275466919e-02 9.412017650902271271e-03 3.997369483113288879e-02 2.971825003623962402e-02 4.646723344922065735e-02 3.710843389853835106e-03 2.722300589084625244e-02 5.342935677617788315e-03 3.140658512711524963e-02 3.317050635814666748e-02 2.569112181663513184e-02 9.451887570321559906e-03 7.669084519147872925e-02 1.679975166916847229e-02 5.362855643033981323e-02 4.232387989759445190e-02 3.042863495647907257e-02 3.984420001506805420e-02 2.528752433136105537e-03 3.429100289940834045e-02 2.529609389603137970e-02 3.448472917079925537e-02 2.290747594088315964e-03 5.400606244802474976e-02 2.875489369034767151e-02 2.740565314888954163e-02 1.808383315801620483e-02 4.430095199495553970e-03 6.608965341001749039e-03 1.651686429977416992e-02 2.062739618122577667e-02 6.624202069360762835e-05 3.541529923677444458e-02 1.626448892056941986e-02 1.221004873514175415e-02 1.852261833846569061e-02 3.476151730865240097e-03 5.100821703672409058e-02 2.172158099710941315e-02 2.989825734402984381e-04 2.300495980307459831e-03 4.517494514584541321e-02 1.215926278382539749e-02 3.880667686462402344e-02 3.446286544203758240e-02 6.756908260285854340e-03 2.112180367112159729e-02 8.599313907325267792e-03 1.091547496616840363e-02 2.601798065006732941e-02 5.990233737975358963e-03 4.261020512785762548e-04 4.712191224098205566e-02 5.965864285826683044e-02 3.223491599783301353e-03 4.608656093478202820e-02 9.826233610510826111e-03 1.695539057254791260e-02 3.971448168158531189e-02 1.320316176861524582e-02 2.535354159772396088e-02 2.361774072051048279e-02 3.314831107854843140e-02 2.439492195844650269e-02 2.193902991712093353e-02 2.338560856878757477e-02 1.193369086831808090e-02 3.082541003823280334e-02 4.187593609094619751e-02 7.307797670364379883e-03 6.370626855641603470e-03 4.004840552806854248e-02 1.073636114597320557e-02 7.734860293567180634e-03 3.333365172147750854e-02 6.142855156213045120e-03 5.603323690593242645e-03 3.757006302475929260e-02 2.716779708862304688e-02 3.884769976139068604e-02 9.214444085955619812e-03 2.280262531712651253e-03
5.735166370868682861e-02 5.869153887033462524e-02 2.071272581815719604e-02 9.323745965957641602e-03 2.096809679642319679e-03 8.048387244343757629e-03 5.754495505243539810e-03 4.474915936589241028e-02 7.467041257768869400e-03 1.700410270132124424e-03 6.190594285726547241e-02 4.440453648567199707e-01 5.110939219594001770e-02 1.474282741546630859e-01 1.386586343869566917e-03 1.083393301814794540e-02 2.395731396973133087e-02 3.939377516508102417e-02 5.395691841840744019e-02 1.730892062187194824e-02 3.862965479493141174e-02 3.185078501701354980e-02 2.936025336384773254e-02 2.119548618793487549e-02 3.202125802636146545e-02 3.974748775362968445e-02 3.800123929977416992e-02 4.637535288929939270e-02 3.975339978933334351e-02 4.555067792534828186e-02 8.066141977906227112e-03 1.385981682687997818e-02 4.933863878250122070e-02 4.981640726327896118e-02 3.144150972366333008e-02 3.099443018436431885e-02 7.761086337268352509e-03 2.307517081499099731e-02 1.032458501867949963e-03 1.145105436444282532e-02 1.482167933136224747e-02 4.305230453610420227e-02 1.507248170673847198e-02 3.567945957183837891e-02 4.784764721989631653e-02 4.730447009205818176e-02 1.940761506557464600e-02 1.083255559206008911e-02 1.526430062949657440e-02 1.213574223220348358e-02 3.252943977713584900e-02 1.053907349705696106e-02 2.566885435953736305e-03 6.007895339280366898e-03 6.585796922445297241e-02 7.268431037664413452e-02 7.483340054750442505e-02 4.670683667063713074e-02 1.288073137402534485e-02 2.638176083564758301e-02 2.966407686471939087e-02 6.348233669996261597e-02 4.130001366138458252e-02 1.273917872458696365e-02 2.026476524770259857e-02 6.141163874417543411e-03 5.369525402784347534e-02 4.020040854811668396e-02 1.521852449513971806e-03 2.671626769006252289e-02 2.102927863597869873e-02 7.922354154288768768e-03 1.220526918768882751e-02 3.980039909947663546e-04 5.178012698888778687e-02 2.963811904191970825e-02 4.141699895262718201e-02 5.214593559503555298e-02 3.408996388316154480e-02 1.458971574902534485e-02 7.771976292133331299e-03 3.705388307571411133e-02 4.023053869605064392e-02 5.251038074493408203e-02 2.696803025901317596e-02 3.833504021167755127e-02 2.459599077701568604e-02 1.456062030047178268e-02 5.736891180276870728e-02 4.368465766310691833e-02 5.589452013373374939e-02 8.595502935349941254e-03 4.721327684819698334e-03 4.350131005048751831e-02 6.912633776664733887e-03 6.126911845058202744e-03 5.234966054558753967e-02 2.966022491455078125e-02 2.040490508079528809e-02 3.679349273443222046e-02 9.969374164938926697e-03 5.521472170948982239e-02 3.734540194272994995e-02 2.056853286921977997e-02 2.106203883886337280e-02 3.081332892179489136e-02 1.034923084080219269e-02 3.968129679560661316e-02 5.215103551745414734e-02 3.378696274012327194e-03 3.048797510564327240e-02 2.325804531574249268e-02 1.243212609551846981e-03 1.146798254922032356e-03 1.662607491016387939e-02 2.982121706008911133e-02
5.041338503360748291e-02 5.471001565456390381e-02 4.287263751029968262e-02 4.320863634347915649e-03 4.790951032191514969e-03 4.541891813278198242e-02 4.233352094888687134e-02 4.866648092865943909e-02 3.546756226569414139e-03 5.077229440212249756e-02 8.250222355127334595e-02 5.110939219594001770e-02 4.344890713691711426e-01 7.687265425920486450e-02 3.310472145676612854e-02 1.533572748303413391e-02 2.455092407763004303e-02 1.939819566905498505e-02 8.389743976294994354e-03 1.414070371538400650e-02 2.106282114982604980e-02 4.175163060426712036e-02 1.261483319103717804e-02 1.622206531465053558e-02 5.006964877247810364e-02 4.362211748957633972e-02 1.820684596896171570e-02 3.063688287511467934e-03 2.073111012578010559e-02 1.618795096874237061e-02 1.092189624905586243e-01 1.986013352870941162e-02 2.737492509186267853e-02 3.191099315881729126e-02 3.506372123956680298e-02 1.809682510793209076e-02 5.494949291460216045e-04 1.242725271731615067e-02 2.261942066252231598e-02 3.441017493605613708e-02 3.045529685914516449e-02 1.319667324423789978e-02 1.827663742005825043e-02 3.435532376170158386e-02 1.328950002789497375e-02 2.286080271005630493e-02 5.528069101274013519e-03 3.581417724490165710e-02 3.906481713056564331e-02 1.370966527611017227e-02 3.246545419096946716e-02 1.790757849812507629e-02 1.944310218095779419e-02 7.072670850902795792e-04 2.199409343302249908e-02 2.648996189236640930e-02 2.298138476908206940e-02 1.030714903026819229e-02 3.524807840585708618e-02 2.295472286641597748e-02 2.476486749947071075e-02 5.395643413066864014e-02 4.124093055725097656e-02 4.758963733911514282e-02 4.849135503172874451e-02 6.775356829166412354e-02 6.565743591636419296e-03 4.684599116444587708e-02 2.041261643171310425e-03 2.963657677173614502e-02 1.296037808060646057e-02 2.602975443005561829e-02 3.801819682121276855e-02 2.134424820542335510e-02 1.354154665023088455e-03 3.379066288471221924e-02 5.483555141836404800e-03 3.647612035274505615e-02 3.647833829745650291e-03 3.504655137658119202e-02 1.003466267138719559e-02 4.206987842917442322e-02 7.822546176612377167e-03 3.292153403162956238e-02 3.117381129413843155e-04 3.277542442083358765e-02 1.201826054602861404e-02 5.790604278445243835e-03 1.779252290725708008e-02 1.790004782378673553e-03 3.559387847781181335e-02 4.659841209650039673e-02 4.746374487876892090e-02 1.497106067836284637e-02 3.742476552724838257e-02 2.336237765848636627e-02 1.979288458824157715e-02 5.069863516837358475e-03 1.574430614709854126e-02 1.068172696977853775e-02 1.360577438026666641e-02 2.606598893180489540e-03 5.854708608239889145e-03 8.355804719030857086e-03 1.234367722645401955e-03 2.207237854599952698e-02 6.215862557291984558e-02 2.282267808914184570e-02 2.823968976736068726e-02 2.594752237200737000e-02 4.614385217428207397e-02 2.179528959095478058e-02 3.210970759391784668e-02 1.020608004182577133e-02 1.356314215809106827e-02 4.285963997244834900e-02
