6.254783272743225098e-01 6.248094141483306885e-02 6.291705183684825897e-03 2.647284418344497681e-02 3.686934709548950195e-02 3.747816383838653564e-02 1.580991595983505249e-02 4.442411474883556366e-03 2.410418353974819183e-02 3.021689504384994507e-02 1.822332665324211121e-02 4.067805130034685135e-03 1.760159991681575775e-02 2.403061371296644211e-04 5.102258874103426933e-04 7.179231848567724228e-03 8.065391331911087036e-03 3.762115491554141045e-03 2.613469399511814117e-02 4.321597516536712646e-03 1.113183889538049698e-02 8.481306023895740509e-03 1.955421455204486847e-02 2.610827237367630005e-02 7.115286280168220401e-05 1.089610625058412552e-02 5.338283255696296692e-03 2.216274850070476532e-02 9.241208434104919434e-03 2.238741144537925720e-02 1.533725205808877945e-02 3.028126060962677002e-02 1.930567959789186716e-04 4.574212431907653809e-02 2.608920074999332428e-02 3.536119684576988220e-02 1.799957826733589172e-02 1.253813784569501877e-02 2.651937247719615698e-04 3.160807117819786072e-02 3.827941790223121643e-02 1.208724803291261196e-03 5.238354671746492386e-03 1.872910070233047009e-04 2.707198262214660645e-02 2.214120514690876007e-02 1.194732263684272766e-02 4.867934621870517731e-03 2.997305244207382202e-02 3.810312598943710327e-02 1.800885051488876343e-02 3.293036296963691711e-02 2.711103111505508423e-02 1.703421585261821747e-02 1.218270603567361832e-02 3.377647697925567627e-02 1.051840651780366898e-02 2.442644909024238586e-03 2.650930918753147125e-02 3.761362517252564430e-03 4.232167266309261322e-03 4.044212773442268372e-02 1.334161031991243362e-03 1.805266551673412323e-02 5.984056042507290840e-04 3.310537664219737053e-03 1.065729558467864990e-02 7.547306362539529800e-03 1.089291647076606750e-02 8.084747008979320526e-03 9.823432192206382751e-03 1.024794671684503555e-02 8.620955486549064517e-05 7.700916845351457596e-03 2.489656396210193634e-02 6.248117890208959579e-03 1.188318524509668350e-02 3.565344214439392090e-02 1.398619357496500015e-02 3.246633335947990417e-02 1.209149975329637527e-02 2.208881266415119171e-02 3.376354277133941650e-02 3.682221844792366028e-02 1.809599250555038452e-02 5.290597677230834961e-02 4.702469799667596817e-03 5.987870972603559494e-03 3.076300024986267090e-02 4.348866641521453857e-02 7.950125262141227722e-03 4.467735067009925842e-03 9.234023280441761017e-03 5.280518904328346252e-03 1.559852040372788906e-03 1.227902062237262726e-02 1.627850160002708435e-02 1.152480952441692352e-02 2.080035163089632988e-03 2.150117978453636169e-02 9.083273820579051971e-03 2.745722420513629913e-02 1.522082719020545483e-03 9.129880927503108978e-03 1.354111637920141220e-02 2.448548795655369759e-03 1.234906818717718124e-02 8.928630501031875610e-03 4.636098444461822510e-02 1.650769822299480438e-02 1.399701181799173355e-02 3.070559818297624588e-03 1.466764323413372040e-02 1.367747131735086441e-02 1.320085301995277405e-02 1.281986664980649948e-02
6.248094141483306885e-02 6.222987771034240723e-01 9.002872742712497711e-03 1.908819377422332764e-02 1.482680905610322952e-02 3.523740544915199280e-02 2.346976846456527710e-02 1.344733219593763351e-02 2.864129655063152313e-02 2.538760937750339508e-02 2.074827253818511963e-02 7.913643639767542481e-05 2.866391278803348541e-02 1.230864506214857101e-02 5.995154846459627151e-03 2.749887295067310333e-03 9.542665444314479828e-03 1.975130522623658180e-03 2.966240234673023224e-02 1.774344593286514282e-02 1.748290471732616425e-02 6.912977434694766998e-03 2.932890690863132477e-02 3.270990028977394104e-02 2.421459881588816643e-03 6.524215918034315109e-03 7.540749502368271351e-04 2.865849528461694717e-03 8.812516927719116211e-03 1.345574203878641129e-02 1.235856395214796066e-02 3.459793701767921448e-02 1.773647032678127289e-02 3.919404372572898865e-02 1.146310288459062576e-02 2.397112920880317688e-02 7.221078965812921524e-03 1.382589805871248245e-02 5.790411494672298431e-03 2.111963927745819092e-02 4.566115885972976685e-02 4.027323797345161438e-03 9.988541714847087860e-04 5.120262969285249710e-03 2.927596122026443481e-02 1.161401253193616867e-02 8.704042993485927582e-03 1.292728353291749954e-02 4.022595658898353577e-02 3.902143985033035278e-02 1.906624622642993927e-02 3.648522868752479553e-02 2.840827777981758118e-02 1.716945692896842957e-02 7.995498366653919220e-03 3.564105182886123657e-02 8.193430257961153984e-04 9.186693467199802399e-03 1.016963832080364227e-02 1.888685859739780426e-02 1.861627399921417236e-02 5.009695887565612793e-02 1.426775660365819931e-02 2.373198047280311584e-02 2.404128666967153549e-03 2.333698328584432602e-03 5.422406829893589020e-03 2.262038411572575569e-03 1.002399343997240067e-02 4.764005076140165329e-03 3.036714624613523483e-03 7.993892766535282135e-03 1.202159002423286438e-02 9.601791389286518097e-03 1.707123778760433197e-02 2.201309194788336754e-03 1.464118249714374542e-02 2.353605628013610840e-02 2.601554058492183685e-02 3.980947285890579224e-02 6.681370083242654800e-03 1.714370958507061005e-02 2.271195314824581146e-02 2.993498183786869049e-02 1.835556700825691223e-02 4.598078876733779907e-02 1.529708737507462502e-03 4.327407106757164001e-03 3.008318506181240082e-02 4.288477823138237000e-02 4.596321377903223038e-03 6.971282884478569031e-03 1.585500431247055531e-03 1.002627145498991013e-02 1.871915534138679504e-03 2.038814872503280640e-02 8.546995930373668671e-03 1.350864116102457047e-02 4.037292674183845520e-03 2.327867411077022552e-02 1.347463577985763550e-02 2.786359749734401703e-02 5.811683367937803268e-03 7.099962327629327774e-03 1.474754791706800461e-02 1.597725437022745609e-03 2.331528067588806152e-02 2.321545965969562531e-02 4.192543029785156250e-02 2.090636827051639557e-02 2.057332918047904968e-02 2.220417838543653488e-03 7.289672736078500748e-03 2.617876278236508369e-03 1.864318922162055969e-02 5.639804527163505554e-03
6.291705183684825897e-03 9.002872742712497711e-03 5.926395654678344727e-01 9.447632357478141785e-03 2.313891239464282990e-02 2.207811176776885986e-02 1.679344847798347473e-02 1.448549330234527588e-01 3.720796108245849609e-02 3.073525987565517426e-02 6.389676709659397602e-04 2.866772003471851349e-02 2.162555418908596039e-02 3.457541344687342644e-03 2.683215774595737457e-03 2.614795975387096405e-02 1.429928280413150787e-02 1.541584730148315430e-03 2.290446311235427856e-02 2.887666970491409302e-02 7.702606730163097382e-03 8.277926594018936157e-03 5.378184840083122253e-03 5.987195298075675964e-03 9.183937800116837025e-04 4.233133979141712189e-03 3.477934375405311584e-02 3.795477747917175293e-02 9.772633202373981476e-04 2.713167667388916016e-02 1.416266709566116333e-02 2.094145491719245911e-02 2.556477859616279602e-02 8.914422243833541870e-03 2.604113891720771790e-02 2.711190376430749893e-03 8.957483805716037750e-03 4.140653461217880249e-02 3.084346093237400055e-02 1.880465634167194366e-02 6.440252065658569336e-02 2.608341723680496216e-02 4.567157477140426636e-02 9.713632613420486450e-02 3.038168326020240784e-02 3.880397230386734009e-02 3.211603686213493347e-02 9.074424393475055695e-03 3.651193529367446899e-02 2.023915015161037445e-02 1.330088358372449875e-02 2.274072356522083282e-02 1.626292988657951355e-02 4.815489798784255981e-02 1.798198558390140533e-02 1.203032769262790680e-02 1.399765955284237862e-03 2.606387250125408173e-02 2.772235125303268433e-02 3.353179246187210083e-02 2.838703803718090057e-02 4.050731286406517029e-02 4.237810149788856506e-02 1.042965427041053772e-02 1.330886734649538994e-04 2.109571360051631927e-02 7.716735824942588806e-03 2.094460884109139442e-03 9.545786306262016296e-03 3.593598492443561554e-03 3.129160776734352112e-02 4.385502543300390244e-03 3.827906399965286255e-02 1.429580245167016983e-02 2.097058854997158051e-02 4.906894173473119736e-03 2.436910383403301239e-02 1.423758175224065781e-02 3.122407197952270508e-02 4.602866247296333313e-03 1.643878519535064697e-01 3.474196046590805054e-02 2.861178666353225708e-02 2.466639317572116852e-02 1.071165315806865692e-02 3.400288149714469910e-02 2.268445305526256561e-02 5.340307019650936127e-03 3.111952356994152069e-02 2.329598739743232727e-02 4.567532334476709366e-03 6.062601227313280106e-03 1.616025716066360474e-02 4.276718478649854660e-03 2.810246497392654419e-02 3.928943071514368057e-03 5.696658976376056671e-03 1.971656456589698792e-02 1.688631065189838409e-02 2.984712645411491394e-02 2.425793558359146118e-02 7.411542814224958420e-03 2.592244185507297516e-03 1.510150544345378876e-02 2.106051333248615265e-02 4.724948853254318237e-02 1.422725152224302292e-02 1.826463826000690460e-02 4.562803369481116533e-04 3.690014407038688660e-02 1.492688246071338654e-02 1.555455476045608521e-02 3.048009984195232391e-02 3.147268295288085938e-02 2.661864832043647766e-02 4.344086721539497375e-02
2.647284418344497681e-02 1.908819377422332764e-02 9.447632357478141785e-03 5.992950797080993652e-01 7.236136496067047119e-02 1.152244047261774540e-03 1.767753809690475464e-02 3.980568610131740570e-03 3.611841239035129547e-03 3.899170085787773132e-02 7.778185885399580002e-03 5.057217180728912354e-02 2.064439654350280762e-02 1.345571689307689667e-02 1.066911220550537109e-02 4.193096887320280075e-03 2.419253811240196228e-03 1.170462742447853088e-02 2.184293791651725769e-02 7.073034648783504963e-04 1.768780127167701721e-02 2.228956297039985657e-02 1.100672525353729725e-03 7.365286815911531448e-03 1.646451186388731003e-03 2.560946159064769745e-03 1.830100454390048981e-02 5.345387011766433716e-02 3.033048659563064575e-02 7.437474280595779419e-02 2.427252940833568573e-02 1.729814894497394562e-02 5.483698844909667969e-02 2.928725443780422211e-02 6.321475841104984283e-03 7.483233511447906494e-02 3.468902036547660828e-02 1.823206781409680843e-03 1.051125973463058472e-01 1.703511178493499756e-02 9.271477349102497101e-03 7.266807369887828827e-03 1.435234677046537399e-02 2.951202727854251862e-02 3.208277747035026550e-02 3.461436554789543152e-02 3.350985422730445862e-02 3.596356138586997986e-02 1.491050608456134796e-02 3.103981353342533112e-02 2.713163197040557861e-02 2.661048620939254761e-02 3.560047969222068787e-02 2.534468472003936768e-02 1.862695254385471344e-02 3.147005289793014526e-02 3.963716328144073486e-02 1.703867688775062561e-02 5.043087899684906006e-02 4.815279506146907806e-03 6.907864473760128021e-03 1.116167381405830383e-02 3.393735736608505249e-02 5.538991838693618774e-02 4.185751453042030334e-02 2.998288162052631378e-02 2.766763232648372650e-02 2.674132399260997772e-02 4.747595638036727905e-02 2.806298620998859406e-02 4.824426770210266113e-02 2.402370609343051910e-02 3.205042332410812378e-02 2.336378768086433411e-02 7.358903996646404266e-03 1.619486510753631592e-02 1.761053875088691711e-02 1.258919574320316315e-02 8.426153101027011871e-03 9.693817235529422760e-03 2.302900701761245728e-02 9.661890566349029541e-03 7.860362529754638672e-02 8.833454921841621399e-03 4.121996089816093445e-02 2.604719996452331543e-02 3.331548767164349556e-03 2.921708300709724426e-02 6.121633946895599365e-02 1.968602649867534637e-02 2.020255848765373230e-02 3.004387952387332916e-02 2.963656373322010040e-02 3.081886656582355499e-02 1.172253116965293884e-02 2.129166387021541595e-02 2.994512952864170074e-02 3.788715600967407227e-02 1.154006179422140121e-02 8.949629962444305420e-03 2.271776273846626282e-02 6.930338218808174133e-03 3.063084930181503296e-02 2.203473821282386780e-02 2.043476328253746033e-02 1.023781299591064453e-02 5.660572648048400879e-02 1.413692161440849304e-02 1.981999911367893219e-02 3.387546166777610779e-02 1.136920694261789322e-02 5.367278121411800385e-03 2.742322534322738647e-02 1.696109026670455933e-02 7.484808447770774364e-04 1.063280459493398666e-02
3.686934709548950195e-02 1.482680905610322952e-02 2.313891239464282990e-02 7.236136496067047119e-02 5.998196601867675781e-01 4.085395485162734985e-02 1.051257178187370300e-02 3.901227563619613647e-02 1.219817437231540680e-02 3.375639673322439194e-03 2.930540964007377625e-02 3.306023543700575829e-03 8.686455897986888885e-03 7.085227407515048981e-03 8.044471964240074158e-03 6.049305200576782227e-02 5.218986794352531433e-02 1.541417092084884644e-02 4.833367466926574707e-02 3.827745839953422546e-02 8.065054193139076233e-03 4.338581860065460205e-02 1.620607799850404263e-03 6.485894322395324707e-03 9.536905214190483093e-03 2.459529414772987366e-02 3.779808431863784790e-02 5.084275733679533005e-03 2.420779131352901459e-02 2.849118597805500031e-02 1.460294146090745926e-02 8.075801655650138855e-03 4.606499895453453064e-02 2.949132956564426422e-02 1.677407883107662201e-02 2.126107178628444672e-02 1.035132072865962982e-02 3.536224737763404846e-02 6.935641169548034668e-02 1.526116430759429932e-01 9.856063872575759888e-03 2.399082481861114502e-02 1.895278133451938629e-02 1.057853642851114273e-02 1.639696583151817322e-02 2.411351772025227547e-03 2.403237856924533844e-02 3.060588613152503967e-03 3.833580389618873596e-02 3.150540590286254883e-02 8.932319469749927521e-03 5.877172574400901794e-03 1.692680409178137779e-03 3.797201812267303467e-02 3.509837016463279724e-02 3.272136300802230835e-02 1.781131140887737274e-02 3.600246831774711609e-02 2.039327844977378845e-02 1.106996205635368824e-03 2.349354326725006104e-02 2.155624330043792725e-02 1.649622246623039246e-02 2.833408117294311523e-02 3.801881149411201477e-02 1.544059533625841141e-02 1.223463471978902817e-02 3.868249012157320976e-03 3.332784399390220642e-02 1.002314966171979904e-02 4.007586836814880371e-02 1.113147567957639694e-02 7.395072281360626221e-02 1.543039456009864807e-03 1.086581572890281677e-01 8.261778391897678375e-03 1.823343336582183838e-02 2.530016936361789703e-02 9.963529184460639954e-03 3.749450203031301498e-03 3.416559472680091858e-02 3.584264591336250305e-02 1.074095517396926880e-01 9.775637835264205933e-02 2.084420621395111084e-02 1.295344438403844833e-02 3.110886365175247192e-02 4.453412722796201706e-03 8.245496079325675964e-03 2.329927310347557068e-02 2.222947217524051666e-02 3.702422603964805603e-02 1.678618229925632477e-02 3.656198456883430481e-02 1.612411253154277802e-02 3.241254389286041260e-02 3.352519497275352478e-02 1.395360939204692841e-02 6.824385840445756912e-03 5.237892270088195801e-03 1.276021730154752731e-02 1.372671592980623245e-02 3.564050793647766113e-02 1.917281374335289001e-02 3.098279982805252075e-02 1.196874771267175674e-02 5.697245709598064423e-03 1.600540592335164547e-03 2.464277483522891998e-02 9.223852306604385376e-03 3.319558873772621155e-02 1.204299274832010269e-02 4.379834514111280441e-03 4.906494170427322388e-03 3.036050591617822647e-03 1.530411094427108765e-02
3.747816383838653564e-02 3.523740544915199280e-02 2.207811176776885986e-02 1.152244047261774540e-03 4.085395485162734985e-02 6.178583502769470215e-01 4.110189899802207947e-02 3.663894021883606911e-03 1.009180117398500443e-02 1.855014450848102570e-02 1.190642546862363815e-02 5.217183381319046021e-02 1.698902621865272522e-02 5.351551622152328491e-02 1.690692268311977386e-02 6.599330343306064606e-03 7.989128120243549347e-03 1.303266920149326324e-02 3.846577554941177368e-02 2.742725191637873650e-03 1.438184827566146851e-02 4.524312447756528854e-03 1.681070588529109955e-02 4.767018835991621017e-03 5.378274247050285339e-03 7.300225552171468735e-03 8.732657879590988159e-03 2.931986935436725616e-02 1.613396685570478439e-03 3.829198330640792847e-02 1.462364941835403442e-02 1.955186203122138977e-02 2.632075175642967224e-02 4.719458520412445068e-02 6.905301474034786224e-03 2.307021291926503181e-03 9.051765315234661102e-03 7.547660497948527336e-04 2.926660934463143349e-03 2.553914859890937805e-02 1.596025773324072361e-03 5.525110755115747452e-03 9.622442536056041718e-03 3.440307453274726868e-02 3.159299492835998535e-02 1.802775636315345764e-02 3.761971369385719299e-02 1.990573108196258545e-02 2.497186511754989624e-02 1.593446917831897736e-02 1.246824767440557480e-02 2.162138745188713074e-02 5.159715656191110611e-03 1.751798763871192932e-02 2.300197025761008263e-03 1.808467879891395569e-02 1.821855455636978149e-02 1.382350828498601913e-02 6.483589299023151398e-03 1.284860167652368546e-02 2.712816745042800903e-02 2.228347025811672211e-02 3.186992928385734558e-02 2.826900966465473175e-02 8.772911503911018372e-03 3.339100396260619164e-03 8.701639249920845032e-03 2.936979988589882851e-03 3.527229884639382362e-03 2.103882655501365662e-02 5.346955731511116028e-03 1.349723897874355316e-03 8.003861643373966217e-03 2.649012207984924316e-02 2.097412571310997009e-02 7.037016097456216812e-03 8.142516016960144043e-03 1.279665064066648483e-02 2.617761120200157166e-02 3.601806983351707458e-02 1.356847235001623631e-03 6.004436407238245010e-03 1.815649494528770447e-02 2.093245647847652435e-02 3.764562716241925955e-04 1.780489645898342133e-02 6.340433843433856964e-03 4.003811161965131760e-03 3.429283201694488525e-02 1.741832494735717773e-02 9.455067105591297150e-03 3.481174819171428680e-03 8.803315460681915283e-03 9.202546440064907074e-03 1.608198694884777069e-02 1.014803349971771240e-02 1.767245680093765259e-02 1.026051305234432220e-02 6.141627207398414612e-03 5.480458959937095642e-03 1.890497864224016666e-03 1.148811168968677521e-02 9.548307862132787704e-04 1.062496216036379337e-03 2.415198367089033127e-03 5.243199411779642105e-03 1.732284016907215118e-02 1.837173104286193848e-02 4.311928898096084595e-02 1.750831305980682373e-02 8.391803130507469177e-03 1.142517477273941040e-02 7.971143350005149841e-03 2.109112683683633804e-03 1.706114504486322403e-03 5.754573736339807510e-03
1.580991595983505249e-02 2.346976846456527710e-02 1.679344847798347473e-02 1.767753809690475464e-02 1.051257178187370300e-02 4.110189899802207947e-02 6.283436417579650879e-01 2.406133897602558136e-02 8.222054690122604370e-03 1.610198058187961578e-02 9.427739307284355164e-03 1.614147052168846130e-02 1.281928271055221558e-02 2.927498705685138702e-02 1.845812238752841949e-02 2.037005685269832611e-02 3.811399918049573898e-03 3.738895058631896973e-03 6.394521798938512802e-03 9.712017141282558441e-03 1.693114265799522400e-02 1.280050142668187618e-03 7.312817499041557312e-03 9.735434316098690033e-03 4.051276948302984238e-03 4.597345367074012756e-03 8.968812413513660431e-03 2.555880323052406311e-02 3.479231847450137138e-03 1.517414953559637070e-02 1.406973134726285934e-02 2.023340761661529541e-02 3.894317150115966797e-02 2.514618262648582458e-02 2.585667930543422699e-02 7.617281284183263779e-03 6.573098944500088692e-04 1.358086895197629929e-02 3.031581453979015350e-02 2.226123772561550140e-02 3.467728570103645325e-02 9.302306920289993286e-03 9.044858627021312714e-03 2.835594117641448975e-02 1.500549167394638062e-02 6.424658000469207764e-03 3.442073613405227661e-02 4.350765421986579895e-02 2.435204014182090759e-02 5.438338499516248703e-03 1.476438157260417938e-02 1.500908005982637405e-02 2.686294354498386383e-02 3.161793574690818787e-02 1.800409331917762756e-02 5.228717811405658722e-03 1.542173326015472412e-02 2.193085150793194771e-03 3.441945463418960571e-02 3.974138293415307999e-03 2.767393551766872406e-02 4.207264259457588196e-02 1.851757615804672241e-02 1.247501838952302933e-02 6.704365368932485580e-03 4.780608229339122772e-03 6.582776084542274475e-03 6.535226013511419296e-03 1.850905641913414001e-02 5.238174926489591599e-04 8.967192843556404114e-03 5.744025693275034428e-04 4.375372081995010376e-02 1.390626770444214344e-03 3.424713015556335449e-02 7.939936593174934387e-03 1.957151293754577637e-02 5.353595595806837082e-03 9.547556750476360321e-03 1.499925460666418076e-02 9.767232462763786316e-03 5.924881435930728912e-03 1.623572432436048985e-03 1.510895974934101105e-02 1.763901114463806152e-02 5.621206946671009064e-03 2.057753875851631165e-02 6.206259597092866898e-03 1.815651170909404755e-02 3.843463584780693054e-02 1.453233044594526291e-02 3.552719252184033394e-03 2.141732163727283478e-02 2.012178068980574608e-03 1.068273466080427170e-02 4.334927944000810385e-04 4.770562984049320221e-03 3.827386302873492241e-03 1.408934220671653748e-02 1.074533350765705109e-02 1.974330656230449677e-02 1.922793802805244923e-03 3.422290319576859474e-03 1.912986044771969318e-03 1.721256412565708160e-02 9.810191579163074493e-03 3.168663382530212402e-02 2.067928574979305267e-02 1.819702051579952240e-02 4.582900088280439377e-03 3.638259368017315865e-03 9.925483725965023041e-03 5.014219786971807480e-03 5.808379966765642166e-03 1.958833163371309638e-04 1.120498217642307281e-02
4.442411474883556366e-03 1.344733219593763351e-02 1.448549330234527588e-01 3.980568610131740570e-03 3.901227563619613647e-02 3.663894021883606911e-03 2.406133897602558136e-02 5.922233462333679199e-01 3.406934812664985657e-02 3.878459706902503967e-02 6.761171855032444000e-03 3.506729612126946449e-03 7.196430116891860962e-03 1.688566844677552581e-04 2.269656397402286530e-02 8.327586576342582703e-03 1.491349004209041595e-02 2.473953366279602051e-02 5.729584489017724991e-03 6.201219558715820312e-02 5.752262659370899200e-03 1.051400136202573776e-02 7.568148430436849594e-04 6.752305664122104645e-03 2.209647186100482941e-02 7.397034671157598495e-03 7.210998330265283585e-03 2.092821523547172546e-02 1.609851606190204620e-02 2.207755856215953827e-02 4.091288521885871887e-02 3.649599477648735046e-02 4.149951972067356110e-03 8.362107910215854645e-04 5.981192458420991898e-03 3.034150414168834686e-02 1.993536949157714844e-02 2.195348590612411499e-02 4.609257727861404419e-02 9.631442278623580933e-02 2.397248148918151855e-02 2.982636680826544762e-03 1.878891326487064362e-02 1.344147417694330215e-02 1.438085734844207764e-02 3.462907299399375916e-02 6.434051319956779480e-03 4.441624879837036133e-02 5.706473253667354584e-03 1.021721307188272476e-02 5.649293307214975357e-03 1.777975633740425110e-02 3.277274221181869507e-02 3.480637073516845703e-02 6.347790360450744629e-03 4.029198735952377319e-02 1.718783006072044373e-02 1.280261110514402390e-02 1.556764263659715652e-02 3.182614594697952271e-02 5.397906526923179626e-03 9.476995095610618591e-03 4.578720312565565109e-03 1.187156792730093002e-02 1.592231169342994690e-02 1.558004505932331085e-02 2.433142066001892090e-02 5.737413652241230011e-03 1.690932735800743103e-02 1.859081722795963287e-02 1.294305268675088882e-02 2.012207917869091034e-02 2.090851590037345886e-02 3.868702426552772522e-02 3.472156450152397156e-02 4.137438908219337463e-02 1.753923669457435608e-02 4.046398028731346130e-02 1.953535154461860657e-02 1.082731690257787704e-02 1.263063549995422363e-01 2.143807522952556610e-02 2.110091783106327057e-02 1.550255902111530304e-02 3.263511508703231812e-02 3.620269475504755974e-03 1.963802985846996307e-02 1.520469784736633301e-02 4.842212423682212830e-03 1.887172926217317581e-03 1.184049900621175766e-02 1.304973196238279343e-02 2.092024683952331543e-02 2.655773423612117767e-04 1.161300949752330780e-02 1.330392342060804367e-02 1.881410926580429077e-02 2.819511853158473969e-02 2.776680886745452881e-02 5.210391245782375336e-03 2.448722906410694122e-02 2.561058150604367256e-03 1.591195352375507355e-02 1.271154172718524933e-02 3.307212144136428833e-02 6.636941339820623398e-03 6.506269332021474838e-03 2.367876283824443817e-02 3.271557623520493507e-03 1.944582350552082062e-02 4.472066648304462433e-03 1.121243927627801895e-03 7.948668673634529114e-03 2.063164301216602325e-02 7.747271656990051270e-02 7.490614801645278931e-02
2.410418353974819183e-02 2.864129655063152313e-02 3.720796108245849609e-02 3.611841239035129547e-03 1.219817437231540680e-02 1.009180117398500443e-02 8.222054690122604370e-03 3.406934812664985657e-02 6.232634186744689941e-01 1.709482818841934204e-02 1.633394695818424225e-02 5.546737927943468094e-03 1.633037254214286804e-02 1.247882936149835587e-02 8.228728547692298889e-03 2.585841529071331024e-02 6.518663838505744934e-03 2.717016451060771942e-02 1.488824281841516495e-02 4.740992560982704163e-02 1.150382775813341141e-02 9.412128478288650513e-03 4.532987077254801989e-04 1.180840656161308289e-02 2.011315710842609406e-02 4.961678059771656990e-04 8.396814577281475067e-03 2.718838676810264587e-02 2.415473136352375150e-04 2.602941729128360748e-02 1.569809624925255775e-03 3.436655737459659576e-03 2.651878865435719490e-03 8.299197070300579071e-03 3.579606302082538605e-03 1.390292588621377945e-02 1.454041153192520142e-02 2.431733347475528717e-02 7.901878096163272858e-03 1.776124536991119385e-02 1.369712594896554947e-02 3.150819987058639526e-02 6.282608024775981903e-03 2.434017509222030640e-02 2.759259939193725586e-02 1.114474516361951828e-02 9.410033933818340302e-03 4.328170325607061386e-03 3.283512964844703674e-02 4.173690453171730042e-03 1.260722521692514420e-03 4.435661248862743378e-03 3.732660785317420959e-02 4.281092435121536255e-02 3.085389360785484314e-02 1.050243992358446121e-02 1.336790528148412704e-02 9.832527488470077515e-03 6.298605818301439285e-03 2.752877213060855865e-02 2.191255055367946625e-02 1.686582155525684357e-02 1.230617519468069077e-02 3.200319409370422363e-02 3.185619600117206573e-03 1.356946770101785660e-03 2.529033459722995758e-02 2.651078812777996063e-02 1.062519289553165436e-02 3.688849508762359619e-03 1.179069280624389648e-02 1.160557847470045090e-02 2.676552534103393555e-02 7.899767369963228703e-04 3.057073988020420074e-02 1.426821015775203705e-02 7.590871304273605347e-02 2.613166719675064087e-02 5.425161868333816528e-02 1.261312328279018402e-02 4.545613378286361694e-02 2.494532987475395203e-02 3.484693542122840881e-02 1.835045218467712402e-02 2.422455232590436935e-03 4.089189693331718445e-03 1.102866604924201965e-02 4.851135890930891037e-03 6.226594094187021255e-03 2.613515779376029968e-02 5.310843698680400848e-03 3.894706489518284798e-03 2.263446571305394173e-03 1.137505052611231804e-03 1.507062278687953949e-02 3.050961531698703766e-02 2.013408951461315155e-02 1.097188889980316162e-02 1.283781323581933975e-02 7.209475617855787277e-03 6.317538209259510040e-03 5.592891480773687363e-03 2.579859644174575806e-02 1.548079773783683777e-02 1.394323911517858505e-02 3.085115738213062286e-02 2.660190872848033905e-02 1.200815103948116302e-02 7.469892967492341995e-03 6.687805056571960449e-03 1.284419745206832886e-02 5.552450893446803093e-04 1.342620933428406715e-03 7.156487088650465012e-03 3.079325146973133087e-02 1.120537985116243362e-03
3.021689504384994507e-02 2.538760937750339508e-02 3.073525987565517426e-02 3.899170085787773132e-02 3.375639673322439194e-03 1.855014450848102570e-02 1.610198058187961578e-02 3.878459706902503967e-02 1.709482818841934204e-02 6.302129030227661133e-01 5.374171771109104156e-03 1.349249295890331268e-02 3.574885427951812744e-03 3.010505170095711946e-04 1.508131902664899826e-02 1.209767535328865051e-02 1.292743254452943802e-02 1.046753581613302231e-02 5.225697532296180725e-02 2.493572235107421875e-02 5.867669242434203625e-04 7.129085250198841095e-03 1.398641243577003479e-02 2.899806946516036987e-02 1.158863212913274765e-02 4.614983045030385256e-04 5.651318002492189407e-03 3.673179773613810539e-03 9.695156477391719818e-04 2.517034113407135010e-02 2.075138688087463379e-02 9.822655469179153442e-03 4.406942799687385559e-02 2.015309175476431847e-03 1.436476688832044601e-02 4.093484580516815186e-02 1.150559540838003159e-02 2.674766257405281067e-02 4.103352874517440796e-02 2.853912673890590668e-02 1.483001396991312504e-03 3.704175585880875587e-03 1.934684813022613525e-02 5.786360241472721100e-03 2.054885029792785645e-03 3.299473226070404053e-02 8.659825660288333893e-03 2.540815249085426331e-02 1.639446429908275604e-02 3.126649931073188782e-02 4.438710398972034454e-03 1.558090187609195709e-02 3.751861304044723511e-02 2.642152085900306702e-02 4.027476534247398376e-02 2.348841913044452667e-02 3.750712424516677856e-02 5.315377376973628998e-03 3.756496682763099670e-02 1.387147977948188782e-02 1.189084630459547043e-02 2.178405597805976868e-02 8.041130378842353821e-03 3.934872522950172424e-02 6.771271117031574249e-03 2.364927669987082481e-03 1.004737894982099533e-02 3.099445602856576443e-04 1.261396892368793488e-02 1.813284307718276978e-02 1.487163268029689789e-02 1.253023464232683182e-02 1.884042657911777496e-02 1.206998620182275772e-02 4.135417193174362183e-02 2.526302449405193329e-02 8.087541908025741577e-03 5.872137844562530518e-02 3.660647431388497353e-03 5.020300671458244324e-02 4.369395598769187927e-02 2.714069373905658722e-02 1.457326672971248627e-02 5.206564068794250488e-02 2.021945640444755554e-02 3.260735049843788147e-02 1.716165058314800262e-02 1.431239675730466843e-02 9.159281849861145020e-03 2.293710131198167801e-03 1.064544171094894409e-02 5.016232375055551529e-03 2.412850037217140198e-02 3.962947521358728409e-03 3.055976005271077156e-03 1.818033121526241302e-02 9.896589443087577820e-03 9.176160208880901337e-03 1.339354459196329117e-02 1.509011909365653992e-02 1.026729959994554520e-02 4.937987308949232101e-03 1.807667431421577930e-03 6.244765594601631165e-03 2.466055750846862793e-02 2.067873254418373108e-02 1.400207169353961945e-03 4.008799046277999878e-02 7.720476947724819183e-03 1.477133110165596008e-02 2.722858823835849762e-02 1.535803452134132385e-02 7.745963986963033676e-03 1.875128410756587982e-02 2.776366472244262695e-02 3.848123550415039062e-02
1.822332665324211121e-02 2.074827253818511963e-02 6.389676709659397602e-04 7.778185885399580002e-03 2.930540964007377625e-02 1.190642546862363815e-02 9.427739307284355164e-03 6.761171855032444000e-03 1.633394695818424225e-02 5.374171771109104156e-03 6.410724520683288574e-01 1.847356744110584259e-02 1.831700652837753296e-02 1.274578552693128586e-02 2.034724457189440727e-03 1.159361656755208969e-02 1.208620052784681320e-02 1.241126935929059982e-02 8.770197629928588867e-03 2.607388421893119812e-03 8.085493929684162140e-03 3.621637122705578804e-03 1.123046129941940308e-02 3.805425716564059258e-03 1.657717395573854446e-03 3.025138052180409431e-03 2.276671119034290314e-03 1.345105376094579697e-02 6.473465356975793839e-03 2.733485214412212372e-02 1.477908692322671413e-03 9.294181130826473236e-03 1.212705299258232117e-02 8.206495549529790878e-04 2.491478808224201202e-03 1.282394677400588989e-02 1.252723298966884613e-02 3.969287965446710587e-03 8.777092210948467255e-03 2.104901522397994995e-02 1.057063043117523193e-02 1.066118385642766953e-02 4.134952090680599213e-03 1.438345876522362232e-03 2.819847688078880310e-02 3.586462000384926796e-03 7.563607767224311829e-03 7.991969585418701172e-03 2.203474752604961395e-02 5.348811391741037369e-03 2.520151203498244286e-03 7.125722244381904602e-03 1.065967511385679245e-02 1.478343736380338669e-02 1.825731433928012848e-02 1.098722871392965317e-02 1.397178880870342255e-02 3.410268400330096483e-04 7.986869663000106812e-03 1.150670088827610016e-02 1.981400139629840851e-02 2.554657869040966034e-02 4.274684190750122070e-02 1.279435120522975922e-02 6.957521196454763412e-03 2.355512464419007301e-03 4.632794880308210850e-04 9.718249551951885223e-03 1.294032670557498932e-02 1.320062729064375162e-04 1.240714453160762787e-02 3.611085237935185432e-03 4.181583225727081299e-02 3.112854901701211929e-03 3.482975438237190247e-02 8.247929625213146210e-03 2.220075763761997223e-02 1.241032872349023819e-02 3.070013038814067841e-02 1.608822681009769440e-02 4.531838931143283844e-03 5.323658697307109833e-03 2.067427709698677063e-02 1.333027426153421402e-02 9.729642421007156372e-03 5.439026746898889542e-03 4.428905434906482697e-03 3.734515485120937228e-05 2.413585036993026733e-02 1.484610885381698608e-02 1.019927766174077988e-02 5.567607004195451736e-03 4.503831267356872559e-03 2.275325590744614601e-03 1.114118495024740696e-03 7.202751003205776215e-03 6.109444890171289444e-03 8.330817334353923798e-03 5.134875420480966568e-03 5.816304124891757965e-03 1.581954769790172577e-03 1.846727565862238407e-03 4.585620947182178497e-03 2.177015179768204689e-03 6.839254871010780334e-03 3.072680672630667686e-03 1.159606594592332840e-02 2.887526340782642365e-02 5.678975954651832581e-03 6.955914665013551712e-03 7.666504941880702972e-03 6.367145688273012638e-04 6.295189727097749710e-03 2.129751723259687424e-03 3.061919100582599640e-02 7.566098123788833618e-03
4.067805130034685135e-03 7.913643639767542481e-05 2.866772003471851349e-02 5.057217180728912354e-02 3.306023543700575829e-03 5.217183381319046021e-02 1.614147052168846130e-02 3.506729612126946449e-03 5.546737927943468094e-03 1.349249295890331268e-02 1.847356744110584259e-02 6.161999106407165527e-01 1.205610949546098709e-02 1.886062324047088623e-01 1.650564745068550110e-02 5.781453102827072144e-02 4.239729046821594238e-02 3.695462271571159363e-02 3.685427829623222351e-02 3.664762899279594421e-02 3.368051722645759583e-02 2.157559618353843689e-02 2.394358813762664795e-02 2.923486009240150452e-02 1.485724095255136490e-02 3.520903643220663071e-03 3.808286786079406738e-02 9.014648944139480591e-02 2.284074015915393829e-02 1.184857860207557678e-01 2.131396532058715820e-02 7.910734973847866058e-03 5.094748921692371368e-03 1.504318509250879288e-02 4.113709181547164917e-02 1.826515607535839081e-02 5.587795749306678772e-03 3.922677040100097656e-02 1.272740866988897324e-02 2.653579041361808777e-02 3.757732734084129333e-02 1.947983354330062866e-02 2.240474522113800049e-02 2.153945527970790863e-02 3.306083008646965027e-02 1.902442611753940582e-02 8.765397593379020691e-03 3.003831952810287476e-02 4.367223754525184631e-02 2.156479656696319580e-02 1.996145769953727722e-02 2.021412597969174385e-03 1.981194689869880676e-02 1.532512437552213669e-02 2.892312966287136078e-02 3.517270088195800781e-02 3.979106247425079346e-02 4.136324301362037659e-02 3.776806220412254333e-02 2.800926379859447479e-02 3.582732379436492920e-02 3.113290108740329742e-02 2.613679692149162292e-02 1.133797317743301392e-01 1.351946592330932617e-02 4.349178634583950043e-03 3.988093510270118713e-02 4.645649343729019165e-02 3.206470608711242676e-02 2.609663270413875580e-02 3.943576291203498840e-02 2.038139291107654572e-02 2.919458784162998199e-02 4.018028825521469116e-02 3.727706894278526306e-02 1.976811885833740234e-02 1.920090243220329285e-02 3.439835458993911743e-02 3.590304777026176453e-02 3.246125206351280212e-02 3.456610813736915588e-02 2.684353850781917572e-02 9.781947359442710876e-03 1.403979677706956863e-02 1.775945164263248444e-02 1.163693331182003021e-02 3.102956153452396393e-02 2.874138392508029938e-02 8.039750158786773682e-02 5.543033033609390259e-02 3.973246086388826370e-03 2.855920046567916870e-02 1.657405868172645569e-02 2.640975452959537506e-02 1.937076263129711151e-02 4.757931455969810486e-03 3.682902455329895020e-02 1.419510692358016968e-02 7.255080621689558029e-03 5.192010663449764252e-03 1.728948019444942474e-02 6.424114573746919632e-03 3.122144937515258789e-02 1.516160182654857635e-02 1.991310715675354004e-02 3.178620245307683945e-03 5.773767363280057907e-03 3.587323054671287537e-02 6.123424391262233257e-04 2.118255011737346649e-03 1.314634364098310471e-02 1.491724513471126556e-02 1.895856857299804688e-02 2.117147296667098999e-02 3.152070858050137758e-04 6.479626987129449844e-03
1.760159991681575775e-02 2.866391278803348541e-02 2.162555418908596039e-02 2.064439654350280762e-02 8.686455897986888885e-03 1.698902621865272522e-02 1.281928271055221558e-02 7.196430116891860962e-03 1.633037254214286804e-02 3.574885427951812744e-03 1.831700652837753296e-02 1.205610949546098709e-02 6.347635388374328613e-01 7.174807135015726089e-03 5.864830687642097473e-03 7.671259343624114990e-03 8.495661430060863495e-03 2.304441481828689575e-02 1.882604695856571198e-02 8.304340764880180359e-03 6.057372316718101501e-03 6.611338350921869278e-03 2.333061955869197845e-02 1.597325503826141357e-02 8.315176237374544144e-04 1.648117904551327229e-03 6.791287101805210114e-03 3.878655284643173218e-02 1.413795165717601776e-03 2.409815415740013123e-02 3.605498699471354485e-03 4.306941293179988861e-03 1.384445000439882278e-02 1.309174299240112305e-02 9.792702272534370422e-03 8.752792142331600189e-03 1.163418218493461609e-02 7.801305502653121948e-03 8.247502148151397705e-03 4.230771155562251806e-04 2.328064525499939919e-03 5.906917620450258255e-03 8.370405063033103943e-03 1.474417280405759811e-02 2.404184639453887939e-02 5.160135682672262192e-03 7.839726284146308899e-03 8.881877176463603973e-03 2.350672893226146698e-02 6.528395228087902069e-03 4.106735344976186752e-03 8.943479508161544800e-03 7.977407425642013550e-03 1.106614898890256882e-02 2.775180153548717499e-02 9.688228368759155273e-03 2.115755341947078705e-02 5.899892654269933701e-03 9.151715785264968872e-03 2.186824381351470947e-02 3.640320897102355957e-02 3.406396508216857910e-02 4.274288564920425415e-02 1.678861095570027828e-03 3.395280102267861366e-03 8.504541590809822083e-03 7.983440300449728966e-04 2.367662731558084488e-03 2.071440778672695160e-02 1.640900853089988232e-03 1.363811641931533813e-02 5.196806043386459351e-03 2.735108695924282074e-02 3.316167509183287621e-03 3.755087777972221375e-02 1.378394290804862976e-02 1.912027411162853241e-02 2.215538406744599342e-03 3.451738134026527405e-02 2.253936603665351868e-02 1.246512588113546371e-02 3.590685082599520683e-03 3.064375929534435272e-02 1.094844006001949310e-02 1.384362298995256424e-02 6.380437873303890228e-03 2.996720839291810989e-03 1.239207200706005096e-02 2.730404399335384369e-02 6.305107381194829941e-03 1.227030344307422638e-02 4.665491171181201935e-03 7.330307736992835999e-03 4.874432459473609924e-03 6.647545844316482544e-03 1.413572113960981369e-02 8.570673875510692596e-03 8.348617702722549438e-03 4.265048541128635406e-03 5.125747527927160263e-03 1.094844774343073368e-03 8.470225147902965546e-03 1.140796672552824020e-02 1.317326910793781281e-03 2.466114819981157780e-04 1.218724716454744339e-02 2.389119565486907959e-02 4.480425268411636353e-02 4.453094152268022299e-04 6.795868277549743652e-03 1.342683471739292145e-02 7.201298605650663376e-03 2.915830118581652641e-03 8.871862664818763733e-03 2.795351669192314148e-02 7.309458218514919281e-03
