4.849421381950378418e-01 9.737981855869293213e-02 1.987326703965663910e-02 1.744217984378337860e-02 3.551616892218589783e-02 1.118249222636222839e-01 6.512073427438735962e-02 3.703156486153602600e-02 3.704581176862120628e-03 1.983830705285072327e-02 8.505270630121231079e-02 5.039867758750915527e-02 5.194673687219619751e-02 6.407165527343750000e-02 1.416870765388011932e-02 3.290041536092758179e-02 4.470797255635261536e-02 4.567809402942657471e-02 7.160126697272062302e-03 5.142892897129058838e-02 2.080004848539829254e-02 2.071959152817726135e-02 6.097906082868576050e-02 2.345872856676578522e-02 2.720227278769016266e-02 4.507949575781822205e-02 1.469441223889589310e-03 2.097710222005844116e-02 4.690465051680803299e-03 3.478834405541419983e-02 3.135913982987403870e-02 1.842321082949638367e-02 1.055496465414762497e-02 2.523619681596755981e-02 6.418072152882814407e-03 5.931657273322343826e-03 3.486082423478364944e-03 2.064321935176849365e-02 1.941617950797080994e-02 1.967003196477890015e-02 3.090400621294975281e-02 2.268217504024505615e-03 1.304745208472013474e-02 2.411604113876819611e-02 4.423578456044197083e-02 3.820954263210296631e-02 8.173145353794097900e-02 7.618495821952819824e-02 2.492813207209110260e-02 1.452594809234142303e-02 4.082059487700462341e-02 2.998675592243671417e-02 2.730025909841060638e-03 1.511570438742637634e-02 2.761291153728961945e-02 6.175682879984378815e-03 1.328684110194444656e-02 8.999568410217761993e-03 1.196335942950099707e-04 1.258000358939170837e-02 7.553685456514358521e-03 2.505385316908359528e-02 3.776683658361434937e-02 2.824827469885349274e-02 1.151756104081869125e-02 7.877481169998645782e-03 2.655656822025775909e-02 3.123281151056289673e-02 1.581865549087524414e-02 2.391771785914897919e-02 5.143872648477554321e-02 5.532163381576538086e-02 2.767759002745151520e-02 2.032301202416419983e-02 4.011990502476692200e-02 2.455472387373447418e-02 2.130063623189926147e-02 3.078081645071506500e-02 2.274435944855213165e-02 1.005865819752216339e-02 2.310973033308982849e-02 1.042978838086128235e-02 3.772303834557533264e-02 2.179829776287078857e-02 2.046412788331508636e-02 2.892440930008888245e-02 5.246646236628293991e-03 1.789026428014039993e-03 3.712600842118263245e-02 1.713507622480392456e-02 4.028584808111190796e-02 2.262263186275959015e-02 7.461552508175373077e-03 2.861802838742733002e-02 2.359796501696109772e-02 3.833618015050888062e-02 4.907294735312461853e-02 6.255116779357194901e-03 4.020314663648605347e-03 5.135330930352210999e-02 4.371928423643112183e-02 1.888383738696575165e-02 1.164151541888713837e-02 1.686050742864608765e-02 3.839393332600593567e-02 4.301249980926513672e-02 1.191570796072483063e-02 5.262601375579833984e-02 4.266160726547241211e-02 2.619037963449954987e-02 3.703288035467267036e-03 2.868951857089996338e-02 4.893974214792251587e-02 3.872894868254661560e-02 7.053028326481580734e-03 4.577362909913063049e-02
9.737981855869293213e-02 4.883350729942321777e-01 1.006487943232059479e-02 1.892757043242454529e-02 3.576235100626945496e-02 8.444404602050781250e-02 6.280879676342010498e-02 4.879582300782203674e-02 1.661783270537853241e-02 1.955848932266235352e-02 6.472544372081756592e-02 1.118571311235427856e-02 6.607519835233688354e-02 7.373098284006118774e-03 2.359125763177871704e-02 2.881878800690174103e-02 3.191297873854637146e-02 2.405655011534690857e-02 2.331869490444660187e-02 1.888242736458778381e-02 2.107151597738265991e-02 1.977892220020294189e-02 3.522770851850509644e-02 5.654425919055938721e-02 8.632976561784744263e-03 2.318703196942806244e-02 6.188406143337488174e-03 5.392057355493307114e-03 3.303962573409080505e-02 9.124773554503917694e-03 2.735329978168010712e-02 9.257382713258266449e-03 1.299937535077333450e-02 1.215712819248437881e-02 1.061765477061271667e-02 1.169273722916841507e-02 1.494589261710643768e-02 3.564803674817085266e-02 7.222495973110198975e-03 2.193376980721950531e-02 3.466420620679855347e-02 1.151592843234539032e-02 3.869582724291831255e-04 2.465716004371643066e-02 3.363698720932006836e-02 1.098671182990074158e-02 4.723537713289260864e-02 7.173826545476913452e-02 5.575637333095073700e-04 1.934212259948253632e-02 2.731515280902385712e-02 4.404997453093528748e-02 1.439302787184715271e-02 7.788935676217079163e-03 5.364387296140193939e-03 3.195362910628318787e-02 8.464832790195941925e-03 4.828408733010292053e-02 2.676528133451938629e-02 3.383531467989087105e-03 5.822968669235706329e-03 2.005404047667980194e-02 2.080932445824146271e-02 4.348272085189819336e-02 1.654911413788795471e-02 3.082779236137866974e-02 1.677402295172214508e-02 2.084904722869396210e-02 1.778585836291313171e-02 2.330351620912551880e-02 4.384281486272811890e-02 6.127357855439186096e-02 1.031519751995801926e-02 9.420505724847316742e-03 4.240106046199798584e-02 2.522481419146060944e-02 1.720776897855103016e-03 2.293754927814006805e-02 2.660583145916461945e-02 3.643054887652397156e-02 2.269298583269119263e-02 1.158033628598786891e-04 4.204628244042396545e-02 4.221532959491014481e-03 1.937798596918582916e-02 6.413634400814771652e-03 2.008683234453201294e-02 2.638429589569568634e-02 2.929286658763885498e-02 2.474697679281234741e-02 3.861511498689651489e-02 1.196594815701246262e-02 1.628225087188184261e-03 9.781953878700733185e-03 4.226032644510269165e-03 3.670306503772735596e-02 3.709154948592185974e-02 1.071913447231054306e-02 1.911697909235954285e-02 4.206072166562080383e-02 4.811812937259674072e-02 2.706983499228954315e-02 4.040040366817265749e-04 3.235759586095809937e-02 9.797425940632820129e-03 5.114634707570075989e-02 2.513113059103488922e-02 2.082687243819236755e-02 3.590960055589675903e-02 1.395193021744489670e-02 3.342663124203681946e-02 3.371008858084678650e-02 2.023840323090553284e-02 1.091620232909917831e-02 2.458317670971155167e-03 8.517039008438587189e-03
1.987326703965663910e-02 1.006487943232059479e-02 4.431316554546356201e-01 2.918081358075141907e-02 1.677234843373298645e-02 2.354275248944759369e-02 2.783126011490821838e-02 1.845616400241851807e-01 2.244021743535995483e-02 9.058023802936077118e-03 5.262414924800395966e-03 5.068425089120864868e-02 1.977491565048694611e-02 1.996670849621295929e-03 1.189775485545396805e-02 3.651759028434753418e-02 2.361452952027320862e-02 1.191852428019046783e-02 4.080962762236595154e-02 2.995508164167404175e-02 7.938430644571781158e-03 5.008654296398162842e-02 2.170501835644245148e-02 3.059313632547855377e-02 6.750267464667558670e-03 1.205398514866828918e-02 7.308053784072399139e-03 2.649738080799579620e-02 3.712160885334014893e-02 3.354062885046005249e-02 4.199295863509178162e-02 1.229216717183589935e-02 1.627894677221775055e-02 3.407913818955421448e-02 1.269788481295108795e-02 2.827372029423713684e-02 9.285677224397659302e-03 9.689575992524623871e-03 4.838692955672740936e-03 1.265261415392160416e-02 1.224279310554265976e-02 2.445328515022993088e-03 7.500598207116127014e-03 5.974946171045303345e-02 3.786255419254302979e-02 2.208985760807991028e-02 2.276024315506219864e-04 6.282134912908077240e-03 1.424159482121467590e-02 2.559100463986396790e-02 1.239949837327003479e-02 1.330587838310748339e-04 6.042635440826416016e-02 1.582428626716136932e-02 4.020147770643234253e-02 1.135581079870462418e-02 9.593570604920387268e-03 1.792323659174144268e-03 4.837308824062347412e-02 3.209643810987472534e-02 3.938138857483863831e-02 2.712382003664970398e-03 2.072029747068881989e-02 1.411257311701774597e-02 4.783774260431528091e-03 2.324707433581352234e-02 7.462154608219861984e-03 1.499904692173004150e-02 3.642490506172180176e-02 1.501402258872985840e-02 4.220554232597351074e-02 1.770101860165596008e-02 1.301200781017541885e-02 1.961786113679409027e-02 1.626251079142093658e-02 1.910506561398506165e-02 4.296514764428138733e-02 2.719155326485633850e-02 1.526783965528011322e-02 1.669651456177234650e-02 6.571211665868759155e-02 4.218108952045440674e-02 2.019434608519077301e-02 3.462313907220959663e-03 2.756703086197376251e-02 1.725279167294502258e-02 3.077417612075805664e-02 3.961995244026184082e-03 4.839265253394842148e-03 4.845327511429786682e-02 1.276469044387340546e-02 1.013746112585067749e-02 3.574475273489952087e-02 3.838507831096649170e-02 2.030063048005104065e-02 3.109746985137462616e-02 2.538651973009109497e-02 2.059798873960971832e-02 4.135655611753463745e-02 4.152819514274597168e-02 2.132589230313897133e-03 3.222034871578216553e-02 3.453003987669944763e-02 5.508412723429501057e-04 5.092727392911911011e-02 1.957668364048004150e-02 1.677523832768201828e-03 1.527699735015630722e-02 3.482412546873092651e-02 3.332066535949707031e-02 3.884716331958770752e-02 3.415855020284652710e-02 3.299266844987869263e-02 2.679572906345129013e-03 3.613316640257835388e-02 1.141677889972925186e-02
1.744217984378337860e-02 1.892757043242454529e-02 2.918081358075141907e-02 4.628595411777496338e-01 2.086636871099472046e-01 3.516838699579238892e-02 1.734271645545959473e-02 4.082443937659263611e-02 2.315598167479038239e-02 3.078719787299633026e-02 1.777110435068607330e-02 1.234794408082962036e-02 4.472742229700088501e-02 1.424905192106962204e-02 3.323822841048240662e-02 5.560806021094322205e-03 4.320070892572402954e-02 5.330205708742141724e-02 3.264185413718223572e-02 2.286163903772830963e-02 2.990199625492095947e-02 4.576941952109336853e-03 9.396041743457317352e-03 2.444991469383239746e-02 3.088035248219966888e-02 4.673181474208831787e-02 1.583421975374221802e-02 2.448509819805622101e-02 2.223167754709720612e-02 1.676450856029987335e-02 3.617007285356521606e-02 2.061879262328147888e-02 1.792616955935955048e-02 2.214970299974083900e-03 1.972779817879199982e-02 6.768667604774236679e-03 2.750683389604091644e-02 1.197507698088884354e-02 6.532713770866394043e-02 4.704437777400016785e-02 2.648568479344248772e-03 7.666801568120718002e-03 7.797632366418838501e-03 8.393615484237670898e-03 1.715767662972211838e-03 5.764266476035118103e-03 3.220189735293388367e-02 3.656267374753952026e-02 7.207643240690231323e-02 4.742190241813659668e-02 6.056013330817222595e-02 1.628478989005088806e-02 3.564013750292360783e-04 2.503321506083011627e-02 3.946588188409805298e-02 4.310220852494239807e-02 2.578696608543395996e-02 4.681762680411338806e-02 6.624722387641668320e-03 3.385505452752113342e-02 2.025100588798522949e-02 2.782656811177730560e-02 2.124051377177238464e-02 4.065987095236778259e-02 3.550553321838378906e-02 2.766528166830539703e-02 2.798437699675559998e-02 1.711277663707733154e-02 7.880616001784801483e-03 1.503765862435102463e-02 3.919708356261253357e-02 2.550800703465938568e-02 1.784705072641372681e-01 6.371347233653068542e-03 3.172820061445236206e-02 3.954926133155822754e-02 4.823847487568855286e-02 3.793518245220184326e-02 1.109483316540718079e-01 1.187354046851396561e-02 3.247045353055000305e-02 3.173477947711944580e-02 9.220918267965316772e-02 2.639519050717353821e-02 4.265616089105606079e-02 1.905018649995326996e-02 1.431270223110914230e-02 4.422918707132339478e-02 8.962119370698928833e-02 2.599875070154666901e-02 4.299494624137878418e-02 3.457058221101760864e-02 2.517030201852321625e-02 3.649656474590301514e-02 4.431021958589553833e-02 1.569346059113740921e-04 3.198247402906417847e-02 3.025208227336406708e-02 2.899248385801911354e-03 2.416224591434001923e-02 1.185891125351190567e-02 2.531827241182327271e-02 1.527494657784700394e-02 2.916445955634117126e-02 2.076527476310729980e-02 1.769878342747688293e-02 1.000897958874702454e-02 6.434556841850280762e-02 3.827818110585212708e-02 3.628031536936759949e-02 5.510755348950624466e-03 3.084995038807392120e-02 7.382451742887496948e-02 9.035133570432662964e-02 3.308415878564119339e-03 8.932265453040599823e-03
3.551616892218589783e-02 3.576235100626945496e-02 1.677234843373298645e-02 2.086636871099472046e-01 4.631904363632202148e-01 9.531286545097827911e-03 3.730024397373199463e-02 1.988662406802177429e-02 2.391626127064228058e-02 3.857493400573730469e-03 5.150422826409339905e-02 1.744049042463302612e-02 4.913612827658653259e-02 4.143774509429931641e-02 3.481838479638099670e-02 1.865868084132671356e-02 9.840464219450950623e-03 1.066772080957889557e-02 2.070059813559055328e-02 1.713706739246845245e-02 2.880740445107221603e-03 5.016444250941276550e-02 4.189540818333625793e-02 2.556857652962207794e-02 2.631768211722373962e-02 8.306035771965980530e-03 3.001882694661617279e-02 4.037405829876661301e-03 1.920498535037040710e-02 4.996009520255029202e-04 2.663488127291202545e-02 3.991120308637619019e-02 5.089901015162467957e-02 7.702758535742759705e-03 6.688762921839952469e-03 1.930546574294567108e-02 1.750053837895393372e-02 3.017504932358860970e-04 6.590343266725540161e-02 6.741216033697128296e-02 1.881059259176254272e-03 5.264795199036598206e-02 4.533343017101287842e-02 1.704926416277885437e-02 3.559996560215950012e-02 4.650689952541142702e-04 9.079711511731147766e-03 2.869683504104614258e-02 3.630216792225837708e-02 4.051515087485313416e-02 4.029115289449691772e-02 3.650060296058654785e-02 1.802944391965866089e-02 5.801310297101736069e-03 7.825554348528385162e-03 7.183768320828676224e-03 1.798359863460063934e-02 3.826466202735900879e-02 7.505277171730995178e-04 2.410420915111899376e-03 1.421723235398530960e-02 6.841311231255531311e-03 1.218279544264078140e-02 1.456411927938461304e-02 3.072573058307170868e-02 5.152006074786186218e-02 2.479160577058792114e-02 3.128130361437797546e-02 1.886834390461444855e-02 4.213338345289230347e-02 1.640701480209827423e-02 5.838141217827796936e-02 7.565746456384658813e-02 1.118293590843677521e-02 1.026950031518936157e-01 4.222539067268371582e-02 5.544194951653480530e-02 5.616690497845411301e-03 3.629623726010322571e-02 1.347365602850914001e-02 1.609347760677337646e-02 2.455696091055870056e-02 5.111298337578773499e-02 6.716261059045791626e-02 4.189208149909973145e-02 2.526399865746498108e-02 5.050302296876907349e-02 3.546894714236259460e-02 2.120263688266277313e-02 4.959597066044807434e-02 4.469162970781326294e-02 3.771360591053962708e-02 4.354899376630783081e-02 1.072508934885263443e-02 1.264723716303706169e-03 3.191742813214659691e-03 1.477491296827793121e-02 3.650083392858505249e-02 4.739786684513092041e-02 2.588841132819652557e-02 8.506048470735549927e-03 1.148445764556527138e-03 1.553047075867652893e-02 3.118498995900154114e-02 5.929822474718093872e-02 7.002347707748413086e-02 8.442932739853858948e-03 6.248769164085388184e-02 3.430285304784774780e-02 2.370422706007957458e-02 4.178021848201751709e-02 4.433047026395797729e-02 5.404582247138023376e-02 5.921331420540809631e-02 6.868214346468448639e-03 2.559597417712211609e-02
1.118249222636222839e-01 8.444404602050781250e-02 2.354275248944759369e-02 3.516838699579238892e-02 9.531286545097827911e-03 4.789453148841857910e-01 1.543290317058563232e-01 1.509657502174377441e-02 1.175406388938426971e-02 5.235968623310327530e-03 8.180170506238937378e-02 4.738955572247505188e-02 5.512721836566925049e-02 1.524515450000762939e-02 2.671438641846179962e-02 1.871773973107337952e-02 2.888832427561283112e-02 6.539475172758102417e-03 1.234151236712932587e-02 4.636274650692939758e-02 5.425612255930900574e-02 4.896833375096321106e-02 4.833820275962352753e-03 6.368701811879873276e-03 4.356875270605087280e-02 4.725939407944679260e-02 5.151562509126961231e-04 3.925806283950805664e-02 1.577645540237426758e-02 2.084875479340553284e-02 5.072611570358276367e-02 4.134739562869071960e-02 9.741561370901763439e-04 5.378437787294387817e-02 4.253916442394256592e-02 7.734086364507675171e-03 1.266903337091207504e-02 4.319160804152488708e-02 3.611763939261436462e-02 4.940317943692207336e-03 4.010342806577682495e-02 2.379181422293186188e-02 3.003439866006374359e-02 1.245351159013807774e-03 4.796544462442398071e-02 4.298333823680877686e-02 1.601393967866897583e-01 1.079352721571922302e-01 1.383160892874002457e-02 1.486254017800092697e-02 4.095377773046493530e-02 4.307588189840316772e-02 1.829179376363754272e-02 1.857423037290573120e-02 1.234359201043844223e-02 3.752087708562612534e-03 2.817628905177116394e-02 1.412194687873125076e-02 1.028327737003564835e-02 3.193793073296546936e-02 2.800188213586807251e-02 2.371601760387420654e-02 2.054086700081825256e-02 1.522503793239593506e-02 9.357794187963008881e-03 2.355914562940597534e-02 5.022731050848960876e-02 4.762624949216842651e-02 1.194594311527907848e-03 3.629089565947651863e-03 3.122549876570701599e-02 4.699875414371490479e-02 1.630955003201961517e-02 1.262338738888502121e-02 2.864250855054706335e-04 1.466092653572559357e-02 1.572214439511299133e-02 3.883451223373413086e-02 2.829048410058021545e-02 1.947496784850955009e-03 4.343261569738388062e-02 1.954951696097850800e-02 2.577243931591510773e-02 3.142644092440605164e-02 3.898379951715469360e-02 8.752128109335899353e-03 9.969833772629499435e-04 4.385929554700851440e-03 3.855849383398890495e-03 8.631155826151371002e-03 5.794287845492362976e-02 2.901065349578857422e-02 1.784349046647548676e-02 5.044059082865715027e-02 3.864651080220937729e-03 4.014859348535537720e-02 3.047023899853229523e-02 2.538817748427391052e-02 2.477230504155158997e-02 1.859675627201795578e-03 1.068649161607027054e-02 3.805103152990341187e-02 3.562121710274368525e-04 6.891408702358603477e-05 4.221744090318679810e-02 3.424518182873725891e-02 2.183877304196357727e-02 1.487406436353921890e-02 8.185019716620445251e-03 4.226258397102355957e-02 3.271679580211639404e-02 3.858440369367599487e-02 1.589188538491725922e-02 1.143005210906267166e-02 1.612257212400436401e-02 1.990567706525325775e-02
6.512073427438735962e-02 6.280879676342010498e-02 2.783126011490821838e-02 1.734271645545959473e-02 3.730024397373199463e-02 1.543290317058563232e-01 4.744543731212615967e-01 2.994138188660144806e-02 1.911465544253587723e-03 1.447032019495964050e-02 5.232381075620651245e-02 5.081940069794654846e-02 4.489682242274284363e-02 4.522091150283813477e-02 1.871788688004016876e-02 2.385876514017581940e-02 4.638248682022094727e-02 3.360049426555633545e-02 1.848746463656425476e-02 1.828249543905258179e-02 5.171048641204833984e-02 1.774450391530990601e-02 1.174814347177743912e-02 6.479408591985702515e-03 2.473845891654491425e-02 2.211635001003742218e-02 4.923291038721799850e-03 2.954512601718306541e-03 2.021568641066551208e-02 2.966774813830852509e-02 7.000984996557235718e-02 3.087992779910564423e-02 2.134219929575920105e-02 4.605144262313842773e-02 5.534729734063148499e-02 3.678119555115699768e-02 1.144294068217277527e-02 3.252017125487327576e-02 3.113100118935108185e-02 4.343530163168907166e-02 2.656790427863597870e-02 2.497800625860691071e-03 1.054093241691589355e-03 2.806278411298990250e-03 1.944755204021930695e-02 1.463799271732568741e-02 1.496464610099792480e-01 1.321831345558166504e-01 1.089726015925407410e-02 1.064214110374450684e-02 6.778707262128591537e-03 1.854848116636276245e-02 1.770669966936111450e-02 1.584399491548538208e-02 1.534460578113794327e-02 8.977944031357765198e-03 3.522188588976860046e-02 3.284192830324172974e-02 2.891136519610881805e-02 1.520642265677452087e-02 1.006750972010195255e-03 9.021528996527194977e-03 2.753970585763454437e-02 3.170314803719520569e-02 4.058441892266273499e-02 3.274697577580809593e-03 8.820366114377975464e-03 4.923476278781890869e-02 2.726753801107406616e-02 4.000714048743247986e-02 4.882789775729179382e-02 1.726506464183330536e-02 3.237870335578918457e-02 2.726903371512889862e-02 2.097853086888790131e-02 4.495055880397558212e-03 2.694606222212314606e-02 6.019270513206720352e-03 2.020986936986446381e-02 4.658189788460731506e-02 1.347688771784305573e-02 3.586989827454090118e-03 1.184881664812564850e-02 2.519342675805091858e-02 4.372624307870864868e-02 3.592652082443237305e-02 3.462047502398490906e-02 6.321165245026350021e-03 1.681315898895263672e-02 3.818897902965545654e-02 5.635766685009002686e-02 8.501550182700157166e-03 3.780624270439147949e-02 3.373909369111061096e-02 1.333720423281192780e-02 3.114071860909461975e-02 3.628412261605262756e-02 2.386374957859516144e-02 2.398284617811441422e-03 6.678036879748106003e-03 2.961654216051101685e-02 7.144932635128498077e-03 7.551677059382200241e-03 3.714531660079956055e-02 5.734881851822137833e-03 7.863946259021759033e-03 2.228884957730770111e-02 4.770681634545326233e-02 6.158447358757257462e-03 9.414140135049819946e-03 4.407721105962991714e-03 1.095869205892086029e-02 4.463164508342742920e-02 3.337666019797325134e-02 3.944702446460723877e-02 5.543770268559455872e-03
3.703156486153602600e-02 4.879582300782203674e-02 1.845616400241851807e-01 4.082443937659263611e-02 1.988662406802177429e-02 1.509657502174377441e-02 2.994138188660144806e-02 4.337093830108642578e-01 2.094746567308902740e-02 1.608498767018318176e-02 3.718750178813934326e-02 2.153941616415977478e-02 1.463347859680652618e-02 2.079805359244346619e-02 9.083214402198791504e-02 2.215738594532012939e-02 5.951551254838705063e-03 4.374489188194274902e-02 2.899348177015781403e-02 1.505615096539258957e-02 4.002155363559722900e-02 7.377080153673887253e-03 6.625388748943805695e-03 3.477094694972038269e-02 3.421565517783164978e-02 1.063281670212745667e-02 1.608111895620822906e-02 3.156565129756927490e-02 1.552241854369640350e-02 4.864226561039686203e-03 3.166327998042106628e-02 2.886229380965232849e-02 3.321827203035354614e-02 3.112064301967620850e-02 1.252332795411348343e-02 2.424156107008457184e-02 2.612854912877082825e-02 3.581312298774719238e-02 2.154381014406681061e-02 7.403233554214239120e-03 2.056218683719635010e-02 4.148892592638731003e-03 3.715156391263008118e-02 2.930175105575472116e-04 2.047543227672576904e-02 1.859103702008724213e-02 1.348376646637916565e-02 1.534974668174982071e-02 4.573696292936801910e-03 1.360815251246094704e-03 3.050586767494678497e-02 1.382027100771665573e-02 5.626106262207031250e-02 2.609493210911750793e-02 7.015200797468423843e-03 3.482040949165821075e-03 4.250260442495346069e-02 4.311943426728248596e-02 2.566164359450340271e-02 1.300197280943393707e-02 2.301428467035293579e-02 2.464215084910392761e-02 3.505804762244224548e-02 1.961578987538814545e-02 3.070800751447677612e-02 1.184236072003841400e-02 2.563489973545074463e-02 3.077031485736370087e-02 2.637882344424724579e-02 2.817586809396743774e-02 3.587500751018524170e-02 1.757966727018356323e-02 5.391611251980066299e-03 1.831020414829254150e-02 3.526128083467483521e-02 1.217160560190677643e-02 2.446442842483520508e-02 2.364355511963367462e-02 7.366867270320653915e-03 7.004673779010772705e-02 1.479325890541076660e-01 5.808079242706298828e-02 2.894589118659496307e-02 1.742513105273246765e-02 2.129444293677806854e-02 1.527019124478101730e-02 5.770067125558853149e-02 1.666778582148253918e-03 3.229416534304618835e-02 3.294363990426063538e-02 3.607124462723731995e-02 3.803526284173130989e-03 1.825008541345596313e-02 3.412617743015289307e-02 2.453366480767726898e-02 2.093872427940368652e-02 3.738193958997726440e-02 9.194304794073104858e-02 3.329781070351600647e-02 1.570546254515647888e-02 6.781272590160369873e-03 9.692882187664508820e-03 2.210565283894538879e-02 8.399993181228637695e-03 1.261615660041570663e-02 2.796224132180213928e-02 1.403458323329687119e-02 3.951920941472053528e-02 8.774827234447002411e-03 6.161061674356460571e-02 1.992322131991386414e-02 2.821248024702072144e-02 3.543461207300424576e-03 1.499512139707803726e-02 1.063535176217556000e-02 1.269052457064390182e-02
3.704581176862120628e-03 1.661783270537853241e-02 2.244021743535995483e-02 2.315598167479038239e-02 2.391626127064228058e-02 1.175406388938426971e-02 1.911465544253587723e-03 2.094746567308902740e-02 4.724647402763366699e-01 1.076928749680519104e-01 1.471217256039381027e-02 2.050433494150638580e-02 1.870075426995754242e-02 5.659224092960357666e-02 3.810797631740570068e-02 5.104028433561325073e-02 6.962054874747991562e-03 7.958517968654632568e-02 3.405211726203560829e-03 4.265135899186134338e-02 5.261410772800445557e-02 2.854930423200130463e-02 4.463173449039459229e-03 3.564894571900367737e-02 2.380611002445220947e-02 3.394316136837005615e-02 1.259775925427675247e-02 4.546657577157020569e-02 4.281125217676162720e-02 5.174737051129341125e-02 2.590090408921241760e-02 4.216479882597923279e-02 5.554092116653919220e-03 4.416704177856445312e-02 4.517032299190759659e-03 3.260007128119468689e-03 2.186528034508228302e-02 5.113446712493896484e-02 3.902831301093101501e-02 5.218309164047241211e-02 1.279020449146628380e-03 5.780696496367454529e-02 1.561509259045124054e-02 4.106087982654571533e-02 2.724470943212509155e-02 1.171453483402729034e-02 7.411621045321226120e-03 4.094311967492103577e-02 1.005724221467971802e-01 2.970503410324454308e-03 3.370118513703346252e-02 4.286111891269683838e-02 1.453343313187360764e-02 7.224876433610916138e-03 8.366302400827407837e-02 9.867734275758266449e-03 1.554245129227638245e-02 2.697376301512122154e-03 5.250129103660583496e-02 3.166659176349639893e-02 7.716011255979537964e-03 1.142955292016267776e-02 2.142893709242343903e-02 3.204603120684623718e-02 4.172646999359130859e-02 6.923424545675516129e-03 4.894994944334030151e-02 4.949241876602172852e-02 5.800886452198028564e-02 1.903753262013196945e-03 3.485367074608802795e-02 1.971909962594509125e-02 3.141352906823158264e-02 2.270554378628730774e-02 4.011099413037300110e-02 4.912851750850677490e-02 1.825120449066162109e-01 3.332773968577384949e-02 8.708040416240692139e-02 5.189570132642984390e-03 1.053440663963556290e-02 5.542214028537273407e-03 3.880249708890914917e-02 3.530073538422584534e-02 2.025897242128849030e-02 3.692943975329399109e-02 3.737725690007209778e-02 1.149620674550533295e-02 1.193822845816612244e-01 3.599742799997329712e-02 2.105574123561382294e-02 1.752660796046257019e-02 2.192792715504765511e-03 3.335131332278251648e-02 2.553135342895984650e-02 1.471072342246770859e-02 3.484383970499038696e-02 6.042240187525749207e-03 2.355509437620639801e-02 8.938500657677650452e-03 3.262285143136978149e-02 4.565323516726493835e-02 2.579007670283317566e-02 1.883424632251262665e-02 1.626648008823394775e-03 2.049089176580309868e-03 2.352337539196014404e-02 4.357817396521568298e-02 5.582903511822223663e-03 1.559013407677412033e-02 1.059704553335905075e-02 2.334181219339370728e-02 3.650067141279578209e-03 4.690198972821235657e-02 3.876107186079025269e-02 1.756256818771362305e-02
1.983830705285072327e-02 1.955848932266235352e-02 9.058023802936077118e-03 3.078719787299633026e-02 3.857493400573730469e-03 5.235968623310327530e-03 1.447032019495964050e-02 1.608498767018318176e-02 1.076928749680519104e-01 4.508575201034545898e-01 9.232505224645137787e-03 3.546499356161803007e-04 1.725814864039421082e-02 5.563206970691680908e-03 9.778316132724285126e-03 2.927878685295581818e-02 2.268398529849946499e-04 3.076910413801670074e-02 4.835445806384086609e-02 3.804007917642593384e-02 5.284113436937332153e-02 2.925592474639415741e-02 3.413099050521850586e-02 2.325787395238876343e-02 5.631261691451072693e-02 4.447440430521965027e-02 3.217693418264389038e-02 6.688041612505912781e-03 4.496657103300094604e-02 1.401018910109996796e-02 1.063860952854156494e-02 2.067627198994159698e-02 6.395626813173294067e-03 4.425592720508575439e-02 3.327125683426856995e-02 1.262192148715257645e-02 4.672016203403472900e-02 3.153205662965774536e-02 2.900042943656444550e-02 2.323559857904911041e-02 1.784747838973999023e-02 3.735810518264770508e-02 3.382806479930877686e-02 2.994350157678127289e-02 2.927450463175773621e-02 4.777021333575248718e-02 2.402924746274948120e-02 3.825379163026809692e-02 7.428326178342103958e-03 6.874493509531021118e-02 2.394460514187812805e-02 6.424699909985065460e-03 8.887284435331821442e-03 5.289275571703910828e-02 1.747009344398975372e-02 6.015836074948310852e-02 2.690894715487957001e-02 5.315280053764581680e-03 3.186690434813499451e-02 4.848388582468032837e-02 3.950714319944381714e-02 4.921021754853427410e-04 3.357378020882606506e-02 3.438132628798484802e-02 5.321900174021720886e-02 3.319473937153816223e-02 3.886301815509796143e-02 3.930979594588279724e-02 5.592871922999620438e-03 1.768553629517555237e-02 1.088357530534267426e-02 4.616805911064147949e-02 1.688103750348091125e-02 2.645395137369632721e-02 3.078769892454147339e-02 2.514443546533584595e-02 4.572744295001029968e-02 1.536115109920501709e-01 5.159506574273109436e-02 4.608016926795244217e-03 7.338251918554306030e-02 2.811760641634464264e-02 4.818416200578212738e-03 5.687865614891052246e-02 2.755342982709407806e-02 2.801411598920822144e-02 4.166239127516746521e-02 2.153202332556247711e-02 6.269486621022224426e-03 1.254200562834739685e-02 4.135788884013891220e-03 1.612563990056514740e-02 1.340908184647560120e-02 9.128859266638755798e-03 3.041139058768749237e-02 1.060066092759370804e-02 2.871955186128616333e-02 3.013681247830390930e-02 1.572618028149008751e-03 3.134676069021224976e-02 2.902372740209102631e-02 2.386689186096191406e-03 1.651424169540405273e-02 1.594613306224346161e-02 1.276736985892057419e-02 9.598947130143642426e-03 2.344995737075805664e-02 2.579777315258979797e-02 7.204107474535703659e-03 3.301857504993677139e-03 2.650599181652069092e-02 1.570256985723972321e-02 2.439947798848152161e-02 5.945309996604919434e-03 1.611804217100143433e-02 2.563115209341049194e-03
8.505270630121231079e-02 6.472544372081756592e-02 5.262414924800395966e-03 1.777110435068607330e-02 5.150422826409339905e-02 8.180170506238937378e-02 5.232381075620651245e-02 3.718750178813934326e-02 1.471217256039381027e-02 9.232505224645137787e-03 4.863483607769012451e-01 2.743373624980449677e-02 5.327279493212699890e-02 3.027879260480403900e-02 2.587274461984634399e-02 3.017540834844112396e-02 2.858649939298629761e-02 5.208774236962199211e-04 9.047530591487884521e-03 2.614148147404193878e-02 1.731890626251697540e-02 3.867488354444503784e-02 2.656607702374458313e-02 2.047940716147422791e-02 7.105945260263979435e-04 2.923565730452537537e-02 9.088519960641860962e-03 4.188503697514533997e-02 1.710911630652844906e-03 3.412808477878570557e-02 1.630936935544013977e-02 1.834801747463643551e-03 1.751321740448474884e-02 4.686450585722923279e-03 4.454003646969795227e-03 5.635935813188552856e-03 3.904518438503146172e-03 3.298732265830039978e-02 2.092152461409568787e-02 4.124389216303825378e-02 2.654092758893966675e-02 2.046672441065311432e-02 1.818038150668144226e-02 7.433815859258174896e-03 5.268378555774688721e-02 5.230976641178131104e-02 7.590529322624206543e-02 4.772688075900077820e-02 2.148820832371711731e-02 3.089303383603692055e-03 2.826404385268688202e-02 3.940755873918533325e-02 8.828886202536523342e-04 2.316636405885219574e-02 4.143404215574264526e-02 2.306836843490600586e-02 1.768420636653900146e-02 1.878030784428119659e-02 9.048804058693349361e-04 5.804683547466993332e-03 4.150191321969032288e-03 1.207387167960405350e-02 5.015979707241058350e-02 3.859705850481987000e-02 3.419744968414306641e-02 2.999894693493843079e-02 6.057125516235828400e-03 2.937157452106475830e-02 1.948102749884128571e-02 7.620339747518301010e-03 4.684613272547721863e-02 6.185993086546659470e-03 6.682921230094507337e-05 1.846362650394439697e-02 5.216325819492340088e-02 5.164712294936180115e-02 1.963354274630546570e-02 2.292636595666408539e-02 4.462870955467224121e-02 3.902999684214591980e-02 3.276155889034271240e-02 2.840663120150566101e-02 7.697435095906257629e-03 5.288630723953247070e-02 1.202556211501359940e-02 8.474865928292274475e-03 5.888556595891714096e-03 3.499766346067190170e-03 5.707010626792907715e-02 1.427464000880718231e-02 2.379081025719642639e-02 2.494377084076404572e-02 2.032934129238128662e-02 4.023628681898117065e-02 1.224338263273239136e-02 2.255368977785110474e-02 1.349989324808120728e-02 1.311068795621395111e-02 2.134077716618776321e-03 1.492404285818338394e-02 1.945733092725276947e-02 5.212499946355819702e-02 2.737021446228027344e-02 2.178102359175682068e-02 2.108191326260566711e-02 3.155680000782012939e-02 6.896321661770343781e-03 1.867962814867496490e-02 3.207287192344665527e-02 2.150090597569942474e-02 5.271481350064277649e-03 2.733285725116729736e-02 5.416143685579299927e-02 4.458327963948249817e-02 1.065739337354898453e-02 3.259920701384544373e-02
5.039867758750915527e-02 1.118571311235427856e-02 5.068425089120864868e-02 1.234794408082962036e-02 1.744049042463302612e-02 4.738955572247505188e-02 5.081940069794654846e-02 2.153941616415977478e-02 2.050433494150638580e-02 3.546499356161803007e-04 2.743373624980449677e-02 4.557592868804931641e-01 4.902492277324199677e-03 2.011594027280807495e-01 2.718854695558547974e-02 5.234032496809959412e-02 2.476252242922782898e-02 1.466639246791601181e-02 4.593517631292343140e-03 2.037649229168891907e-02 2.982207573950290680e-02 4.791852831840515137e-02 5.723489448428153992e-02 3.858854994177818298e-02 9.423715062439441681e-03 5.512100085616111755e-02 4.732089862227439880e-02 5.749422684311866760e-02 4.418137483298778534e-03 1.029054298996925354e-01 3.384773805737495422e-02 1.844174694269895554e-03 2.923016436398029327e-02 6.219205446541309357e-03 2.975651063024997711e-03 5.073876678943634033e-02 3.279077261686325073e-02 2.982483245432376862e-03 9.826617315411567688e-03 3.679102286696434021e-02 1.524841785430908203e-02 5.422100052237510681e-02 3.619690239429473877e-02 1.308675669133663177e-02 1.883854344487190247e-02 1.041828468441963196e-02 3.785731643438339233e-02 6.896484177559614182e-03 2.816257998347282410e-02 1.634185574948787689e-02 2.058586478233337402e-02 1.944760046899318695e-02 1.501248683780431747e-02 1.474623288959264755e-02 5.337796732783317566e-02 8.123899810016155243e-03 3.549944236874580383e-02 5.484436079859733582e-02 1.675476506352424622e-02 3.143061418086290359e-03 4.157403483986854553e-02 2.105308324098587036e-02 2.978394972160458565e-03 2.028297446668148041e-02 4.430919885635375977e-03 4.392008855938911438e-02 1.703630387783050537e-02 2.836212702095508575e-02 2.774201892316341400e-02 8.589943870902061462e-03 2.026740927249193192e-03 4.325186833739280701e-02 4.246523603796958923e-02 2.003321237862110138e-02 4.761442833114415407e-04 1.219633873552083969e-02 2.997410856187343597e-02 4.873413592576980591e-02 1.387657411396503448e-02 1.970100961625576019e-02 1.747742667794227600e-02 3.702671825885772705e-02 4.081055521965026855e-02 1.798619749024510384e-03 3.413190692663192749e-02 2.322060056030750275e-02 1.193442009389400482e-02 8.872851729393005371e-03 9.894395619630813599e-02 3.096766956150531769e-02 2.259376831352710724e-02 2.271624095737934113e-02 1.226871367543935776e-02 1.052323449403047562e-02 2.866661734879016876e-02 4.622881859540939331e-02 2.472922392189502716e-02 5.459051579236984253e-02 2.880038507282733917e-02 4.246946424245834351e-02 3.508418798446655273e-02 1.143011078238487244e-02 2.441330812871456146e-02 1.458178885513916612e-04 3.939194977283477783e-02 1.666720956563949585e-02 5.224670842289924622e-02 4.585652798414230347e-02 3.954086825251579285e-02 3.022575750946998596e-02 8.357516489923000336e-03 9.566551074385643005e-03 2.160799130797386169e-02 4.273168742656707764e-02 3.308712737634778023e-03 9.273254312574863434e-03
5.194673687219619751e-02 6.607519835233688354e-02 1.977491565048694611e-02 4.472742229700088501e-02 4.913612827658653259e-02 5.512721836566925049e-02 4.489682242274284363e-02 1.463347859680652618e-02 1.870075426995754242e-02 1.725814864039421082e-02 5.327279493212699890e-02 4.902492277324199677e-03 4.846426844596862793e-01 5.979355052113533020e-02 4.273869469761848450e-02 2.702514082193374634e-02 3.012907877564430237e-02 3.870259970426559448e-03 2.819263562560081482e-02 7.364506833255290985e-03 2.841782011091709137e-02 3.555554151535034180e-02 5.878007970750331879e-03 4.223044030368328094e-03 4.258008208125829697e-03 1.137780770659446716e-02 9.677074849605560303e-03 1.386738102883100510e-02 2.245455048978328705e-02 1.789591833949089050e-02 2.732165530323982239e-02 5.400299560278654099e-03 3.545340523123741150e-02 1.001985650509595871e-02 9.624841623008251190e-03 8.110012859106063843e-03 2.082131057977676392e-02 2.042536996304988861e-02 5.190731957554817200e-03 1.980157382786273956e-02 3.063559345901012421e-02 1.286284066736698151e-02 1.624026917852461338e-04 1.027168985456228256e-02 3.754602000117301941e-02 2.349822409451007843e-02 3.077204525470733643e-02 3.545469418168067932e-02 8.372826501727104187e-03 1.462507434189319611e-02 4.516193643212318420e-03 3.698457777500152588e-02 7.651505875401198864e-04 5.781356245279312134e-03 2.012883313000202179e-02 1.048521045595407486e-02 3.461285494267940521e-03 3.185475990176200867e-02 2.848471514880657196e-02 1.372564304620027542e-02 1.413569319993257523e-02 2.210097201168537140e-02 6.115693226456642151e-02 2.467398717999458313e-02 1.203968189656734467e-02 3.025089204311370850e-02 9.651609696447849274e-03 2.972995862364768982e-02 4.688319936394691467e-02 2.633538469672203064e-02 5.006428435444831848e-02 5.172022804617881775e-02 4.615098983049392700e-02 1.013528089970350266e-02 4.873187839984893799e-02 3.199379518628120422e-02 9.474799968302249908e-03 1.376707106828689575e-02 3.725272417068481445e-02 2.320737950503826141e-02 1.605003699660301208e-02 2.852539159357547760e-02 4.911503568291664124e-02 4.067567642778158188e-03 3.744477406144142151e-02 1.327925128862261772e-03 2.170795574784278870e-02 4.299868270754814148e-02 4.680297523736953735e-02 4.631872847676277161e-02 3.811310604214668274e-02 1.035236008465290070e-02 1.441989466547966003e-02 2.856012806296348572e-02 2.930178074166178703e-03 5.504784639924764633e-03 2.686163038015365601e-02 3.929810598492622375e-02 1.870582252740859985e-02 1.512224134057760239e-02 1.431170199066400528e-02 5.756082385778427124e-02 2.431830763816833496e-02 2.309981174767017365e-02 1.423503644764423370e-02 4.407648369669914246e-02 2.174520306289196014e-02 8.384851738810539246e-03 7.712841965258121490e-03 6.252209190279245377e-03 4.389774799346923828e-02 4.276814311742782593e-02 1.733865961432456970e-02 2.151060663163661957e-02 2.878953143954277039e-02 3.191604092717170715e-02
