5.213927626609802246e-01 1.319146603345870972e-01 2.442857716232538223e-03 8.066917653195559978e-04 6.952682510018348694e-03 9.845072776079177856e-02 6.305550783872604370e-02 1.850793324410915375e-02 5.363424774259328842e-03 4.660179093480110168e-02 1.093621253967285156e-01 7.552101742476224899e-03 6.174798309803009033e-02 1.261479128152132034e-02 4.523151367902755737e-02 5.122298374772071838e-03 8.549338206648826599e-03 2.890351694077253342e-03 1.994720473885536194e-02 3.076302353292703629e-03 2.710124850273132324e-02 1.361744105815887451e-02 3.408174961805343628e-02 1.338432449847459793e-02 3.002482652664184570e-02 3.432500734925270081e-02 4.721343144774436951e-02 1.638152054511010647e-03 5.136457830667495728e-02 3.343089716508984566e-03 9.436758700758218765e-04 5.004407372325658798e-03 4.224359616637229919e-02 2.839336916804313660e-02 2.502191253006458282e-02 2.991308085620403290e-02 2.655821666121482849e-02 2.698824554681777954e-02 2.877534925937652588e-02 3.506535431370139122e-03 3.513406589627265930e-02 1.373242307454347610e-02 4.858836904168128967e-02 1.882492192089557648e-02 2.307069860398769379e-02 4.245668649673461914e-02 5.675101652741432190e-02 7.188036397565156221e-05 8.154725655913352966e-03 5.342759657651185989e-03 1.947568170726299286e-02 9.151907870545983315e-04 3.332278877496719360e-02 1.536636520177125931e-02 1.759342104196548462e-02 6.035078316926956177e-03 2.501282654702663422e-02 3.467398136854171753e-02 2.831434598192572594e-03 2.778860181570053101e-02 6.364780478179454803e-03 7.522159256041049957e-03 4.245644435286521912e-02 3.034594282507896423e-02 3.580146282911300659e-02 3.107401728630065918e-02 6.260941154323518276e-04 5.379120260477066040e-02 6.170621607452630997e-03 1.343368645757436752e-02 4.763705283403396606e-02 2.416463382542133331e-02 1.048655598424375057e-03 3.794335201382637024e-02 2.228022739291191101e-02 1.489902567118406296e-02 9.887401945888996124e-03 4.201526287943124771e-03 5.900450982153415680e-03 1.935913413763046265e-02 1.543690916150808334e-02 1.716039516031742096e-02 7.058269344270229340e-03 3.842496126890182495e-02 1.712721213698387146e-02 2.907430194318294525e-02 5.733146518468856812e-02 4.458962753415107727e-02 2.917059138417243958e-02 2.736855857074260712e-02 1.998652517795562744e-02 1.609348505735397339e-02 3.652971982955932617e-02 3.502244362607598305e-03 3.493726998567581177e-02 2.245006896555423737e-02 3.681736439466476440e-02 1.573432236909866333e-02 2.138132927939295769e-03 4.142949357628822327e-02 9.432389633730053902e-04 3.042174270376563072e-03 3.772236779332160950e-02 2.959401533007621765e-02 4.084631055593490601e-02 2.738208323717117310e-02 2.204331941902637482e-02 4.607502371072769165e-02 2.487030439078807831e-02 2.721641771495342255e-02 1.717121154069900513e-02 1.883134618401527405e-02 4.326844960451126099e-02 4.129233583807945251e-02 7.574419956654310226e-03 1.379105076193809509e-02
1.319146603345870972e-01 5.258687734603881836e-01 5.818551871925592422e-03 1.755543053150177002e-03 4.035417456179857254e-03 8.474881947040557861e-02 8.657467365264892578e-02 2.527228184044361115e-02 1.214397419244050980e-02 2.634938806295394897e-02 8.808494359254837036e-02 3.165688249282538891e-04 7.211020588874816895e-02 8.693193085491657257e-03 4.589659720659255981e-02 3.619206370785832405e-03 1.704393699765205383e-02 1.159584708511829376e-02 1.923963241279125214e-02 6.268623750656843185e-03 1.692241057753562927e-02 2.730507589876651764e-02 5.062510445713996887e-02 2.064191922545433044e-02 2.110291458666324615e-02 3.270774707198143005e-02 3.803350776433944702e-02 1.526939682662487030e-03 3.792111575603485107e-02 5.732307676225900650e-03 2.295600622892379761e-02 9.590106084942817688e-03 4.442255198955535889e-02 3.316060081124305725e-02 2.493834681808948517e-02 5.529101938009262085e-02 4.591599479317665100e-02 4.039562772959470749e-03 1.671391725540161133e-02 9.505583904683589935e-03 8.193121291697025299e-03 9.894790127873420715e-04 5.305180698633193970e-02 3.582513192668557167e-03 1.686046831309795380e-02 4.737435281276702881e-02 6.173625215888023376e-02 3.850896656513214111e-02 1.200242992490530014e-02 1.405912800692021847e-03 1.395822875201702118e-02 2.250533178448677063e-02 3.744179382920265198e-02 1.402789144776761532e-03 2.935571246780455112e-04 4.803106188774108887e-03 1.206316426396369934e-02 2.536916919052600861e-02 1.084877457469701767e-02 4.150449112057685852e-02 2.307715639472007751e-02 1.433784049004316330e-02 4.908712580800056458e-02 2.080821618437767029e-02 1.619509421288967133e-02 1.517996285110712051e-02 2.466953918337821960e-02 5.307652428746223450e-02 3.896129783242940903e-05 2.993083372712135315e-02 4.385294765233993530e-02 3.049305640161037445e-02 1.750637590885162354e-02 1.042150612920522690e-02 3.037303127348423004e-02 2.082208171486854553e-02 2.553168917074799538e-03 2.523951977491378784e-02 2.050217706710100174e-03 1.222753152251243591e-02 1.643630862236022949e-02 2.718093991279602051e-02 2.024711109697818756e-02 1.240456383675336838e-02 3.109556250274181366e-02 2.046403847634792328e-02 3.595895692706108093e-02 2.803922817111015320e-02 5.068124271929264069e-03 4.309000447392463684e-02 2.156176976859569550e-02 7.331093074753880501e-04 1.409744564443826675e-02 2.229205332696437836e-03 7.363587617874145508e-03 1.337369810789823532e-02 1.620980538427829742e-02 2.146099507808685303e-02 1.147373300045728683e-02 4.556258767843246460e-02 1.210314873605966568e-02 2.735546231269836426e-02 2.017070166766643524e-02 3.187412023544311523e-02 4.666667431592941284e-02 3.585955500602722168e-02 1.896404847502708435e-02 1.873732171952724457e-02 3.854535892605781555e-02 3.942957147955894470e-02 2.403584495186805725e-02 4.008516296744346619e-02 4.975916817784309387e-02 4.442979022860527039e-02 3.259814158082008362e-02 4.352194257080554962e-03
2.442857716232538223e-03 5.818551871925592422e-03 4.966762065887451172e-01 1.166229695081710815e-02 1.587426103651523590e-02 3.917580470442771912e-02 2.731449902057647705e-02 8.466505259275436401e-02 3.609845787286758423e-02 3.660345822572708130e-02 5.078415852040052414e-03 1.872505620121955872e-02 3.664265573024749756e-02 1.978137530386447906e-02 2.548344619572162628e-02 4.507100954651832581e-02 5.481447093188762665e-03 3.671522438526153564e-02 2.036762423813343048e-02 1.580154709517955780e-02 1.176208816468715668e-02 2.709925360977649689e-02 7.613250636495649815e-04 5.998354870826005936e-03 9.020522236824035645e-03 4.612692072987556458e-02 5.968329962342977524e-03 4.652255028486251831e-02 1.777062192559242249e-02 8.796024136245250702e-03 4.326857160776853561e-03 5.912865046411752701e-03 1.242200285196304321e-02 1.865381188690662384e-02 1.975025981664657593e-02 4.385118931531906128e-02 4.836622253060340881e-02 1.986353099346160889e-02 2.468925155699253082e-02 1.033220719546079636e-02 2.980792429298162460e-03 1.341050490736961365e-02 1.297958195209503174e-02 5.816727504134178162e-02 1.514006499201059341e-02 1.791784726083278656e-02 4.048628732562065125e-02 7.414569612592458725e-03 2.564691752195358276e-02 1.413479447364807129e-02 3.779984265565872192e-02 3.695173934102058411e-02 1.805589161813259125e-02 2.907022461295127869e-02 1.178796403110027313e-02 6.805777084082365036e-03 6.529174000024795532e-02 2.196186594665050507e-02 3.053380642086267471e-03 4.775967076420783997e-02 3.059691749513149261e-02 2.427603304386138916e-02 1.982073858380317688e-02 3.144287271425127983e-03 3.226119652390480042e-02 1.551183033734560013e-02 3.232751414179801941e-02 2.662651613354682922e-02 1.240692101418972015e-02 1.056860666722059250e-02 5.200962722301483154e-02 2.497497946023941040e-02 1.362769491970539093e-02 9.795346297323703766e-03 2.740529179573059082e-02 4.640993475914001465e-02 1.836581528186798096e-02 3.374290186911821365e-03 2.740091830492019653e-02 1.057298853993415833e-02 6.202758848667144775e-02 6.178618967533111572e-02 3.490816056728363037e-02 1.006965059787034988e-02 2.304467558860778809e-02 1.800330914556980133e-02 3.757972270250320435e-02 8.764877915382385254e-03 1.369287446141242981e-02 6.493371725082397461e-02 3.569672629237174988e-02 4.415111616253852844e-03 1.391024608165025711e-02 2.997354418039321899e-02 4.809739440679550171e-02 5.281047779135406017e-04 8.785559795796871185e-03 8.674526587128639221e-03 1.212389790453016758e-03 8.662151172757148743e-03 4.338906705379486084e-02 3.432877361774444580e-02 7.432138547301292419e-03 3.855064511299133301e-02 7.599516306072473526e-03 2.548924274742603302e-02 2.623030915856361389e-02 1.103986869566142559e-03 3.654500469565391541e-02 2.499107643961906433e-02 2.056176075711846352e-03 1.741737127304077148e-02 5.236034281551837921e-03 1.043674442917108536e-02 2.990847267210483551e-02 2.769653312861919403e-02
8.066917653195559978e-04 1.755543053150177002e-03 1.166229695081710815e-02 5.303252339363098145e-01 9.455184638500213623e-02 2.119740843772888184e-02 4.075315315276384354e-03 3.164066001772880554e-02 1.987050846219062805e-02 2.932566590607166290e-02 8.149132132530212402e-03 4.679534584283828735e-02 8.275361615233123302e-04 1.710100471973419189e-02 3.224214911460876465e-02 5.181602388620376587e-02 2.400085330009460449e-02 2.948171272873878479e-02 3.326863795518875122e-02 4.057153128087520599e-03 5.888460204005241394e-03 3.310196474194526672e-02 1.284192502498626709e-02 1.135642291046679020e-03 1.511679682880640030e-02 2.899802103638648987e-02 2.192650455981492996e-03 6.929849088191986084e-02 4.217796400189399719e-02 6.090644374489784241e-02 1.587058790028095245e-02 1.821051724255084991e-02 2.604131773114204407e-02 7.201551645994186401e-02 3.441824764013290405e-02 4.255440831184387207e-02 5.114559084177017212e-02 9.450293146073818207e-03 4.654315300285816193e-03 2.180519327521324158e-02 8.418196812272071838e-03 4.214350506663322449e-02 3.280632942914962769e-02 1.842656731605529785e-02 3.725931048393249512e-02 1.704429276287555695e-02 1.486952882260084152e-02 5.219824612140655518e-03 3.209531679749488831e-02 4.896040260791778564e-02 3.692392725497484207e-03 2.435290627181529999e-02 2.448983862996101379e-02 2.549520507454872131e-02 1.218349579721689224e-02 3.483095765113830566e-02 4.379774257540702820e-02 2.693108469247817993e-02 4.240466747432947159e-03 7.414146792143583298e-03 4.034395515918731689e-02 5.101451650261878967e-02 8.513221889734268188e-02 6.289914250373840332e-02 1.718149147927761078e-02 2.475098706781864166e-02 1.644760183990001678e-02 4.754106514155864716e-03 1.898319646716117859e-02 4.603634029626846313e-02 5.164472013711929321e-02 4.365084692835807800e-02 6.333597749471664429e-02 4.378451034426689148e-02 6.870297342538833618e-02 5.290457978844642639e-02 1.723217964172363281e-02 3.446172922849655151e-02 7.921108044683933258e-03 2.913915552198886871e-02 3.184175863862037659e-02 4.663347452878952026e-02 3.784514963626861572e-02 5.867852363735437393e-03 3.043319657444953918e-02 3.998745977878570557e-02 4.016661643981933594e-02 4.124518856406211853e-02 3.260099887847900391e-02 1.263644825667142868e-02 1.057679578661918640e-02 1.478690560907125473e-02 6.131882779300212860e-03 2.331842668354511261e-02 2.390792360529303551e-03 1.160442922264337540e-02 3.202105686068534851e-02 2.220382168889045715e-02 7.053317967802286148e-03 4.269364476203918457e-02 4.317329078912734985e-02 4.693811014294624329e-02 1.288667693734169006e-02 7.886812090873718262e-03 3.040989628061652184e-03 5.846903077326714993e-04 1.411938457749783993e-03 1.958898268640041351e-02 4.332929849624633789e-02 4.439574200659990311e-03 2.691585943102836609e-02 4.677778109908103943e-02 2.141851931810379028e-02 4.676752164959907532e-02 2.079060301184654236e-02 3.396968916058540344e-02
6.952682510018348694e-03 4.035417456179857254e-03 1.587426103651523590e-02 9.455184638500213623e-02 5.217973589897155762e-01 1.920851762406527996e-03 2.201292291283607483e-02 2.028321614488959312e-03 2.637213841080665588e-02 5.671347491443157196e-03 5.843629594892263412e-03 4.402039572596549988e-02 6.515658926218748093e-03 2.221647463738918304e-02 3.088168986141681671e-02 3.628624603152275085e-02 2.688458561897277832e-02 4.189442470669746399e-02 3.634262084960937500e-02 1.005551312118768692e-02 2.369479648768901825e-02 1.968147419393062592e-02 1.902604848146438599e-02 6.681586615741252899e-03 1.830546930432319641e-02 2.168982289731502533e-03 3.500152751803398132e-02 6.776829063892364502e-02 2.081362158060073853e-02 4.685642942786216736e-02 1.309582404792308807e-02 2.687119692564010620e-02 2.135525271296501160e-02 3.170823911204934120e-03 6.333498656749725342e-02 1.397827267646789551e-02 2.275732578709721565e-03 4.930286202579736710e-03 2.224715799093246460e-02 3.096757084131240845e-02 2.622020989656448364e-02 5.213891342282295227e-02 3.192430734634399414e-02 4.736471921205520630e-03 2.219420857727527618e-02 4.179027676582336426e-02 6.427644286304712296e-03 6.452274974435567856e-03 6.853915285319089890e-03 4.628842696547508240e-03 1.543248072266578674e-02 2.129678241908550262e-02 3.393097221851348877e-02 2.284262329339981079e-02 3.131060302257537842e-02 4.104202613234519958e-03 2.788416668772697449e-02 3.533089533448219299e-02 1.680734194815158844e-02 2.875648997724056244e-02 7.919740863144397736e-03 1.492882054299116135e-02 6.383518129587173462e-02 6.504445523023605347e-02 5.099939182400703430e-03 4.824760556221008301e-02 1.676158234477043152e-02 2.558321505784988403e-02 2.029473544098436832e-04 3.285670420154929161e-03 3.882852941751480103e-02 2.504340372979640961e-02 4.508268833160400391e-02 1.266433624550700188e-03 6.516968458890914917e-02 2.275933884084224701e-02 1.449198182672262192e-02 1.586269587278366089e-02 4.500824585556983948e-02 7.815905846655368805e-04 3.138219192624092102e-02 3.800021111965179443e-02 1.006920821964740753e-02 4.774980619549751282e-02 3.736273199319839478e-02 4.605181142687797546e-02 1.521126367151737213e-02 3.128619864583015442e-02 5.794434621930122375e-02 3.467644006013870239e-02 2.639478258788585663e-02 3.947310522198677063e-02 1.035692356526851654e-02 1.427888637408614159e-03 3.697272017598152161e-02 4.468120262026786804e-02 4.426589235663414001e-02 2.862081490457057953e-02 1.389268506318330765e-02 4.665182903409004211e-02 2.906964160501956940e-02 2.687889523804187775e-02 1.303630694746971130e-02 1.353416941128671169e-03 1.400935463607311249e-02 2.235167659819126129e-02 4.358122125267982483e-02 2.266362495720386505e-02 3.906152397394180298e-02 2.582284063100814819e-02 2.296410314738750458e-02 2.114201337099075317e-02 2.415553852915763855e-02 3.115445375442504883e-02 8.800126379355788231e-04 3.985466808080673218e-02
9.845072776079177856e-02 8.474881947040557861e-02 3.917580470442771912e-02 2.119740843772888184e-02 1.920851762406527996e-03 5.372520685195922852e-01 8.143769949674606323e-02 1.970804296433925629e-02 7.799130980856716633e-04 2.572761848568916321e-02 8.079222589731216431e-02 3.365419059991836548e-02 6.472149491310119629e-02 1.762307249009609222e-02 4.642641171813011169e-02 3.043005010113120079e-03 1.254282053560018539e-02 9.888877160847187042e-03 2.553397789597511292e-02 3.506318852305412292e-02 3.118923120200634003e-02 1.415284629911184311e-02 2.962888963520526886e-02 4.448318853974342346e-03 2.666007727384567261e-02 4.076597094535827637e-02 3.325418755412101746e-02 2.297867089509963989e-02 3.556243702769279480e-02 2.587698772549629211e-02 2.848528511822223663e-02 6.660408340394496918e-03 3.856700286269187927e-02 1.390796713531017303e-02 3.109683841466903687e-02 5.349090695381164551e-02 4.604113101959228516e-02 2.121239900588989258e-02 2.709465660154819489e-02 9.091530926525592804e-03 2.257443778216838837e-02 2.809669822454452515e-02 5.572366341948509216e-02 2.833868190646171570e-02 2.754569984972476959e-02 3.934481367468833923e-02 7.498858869075775146e-02 3.735748305916786194e-02 7.752566598355770111e-03 2.462200075387954712e-02 2.809500787407159805e-03 3.409311873838305473e-03 4.064876958727836609e-02 5.757800769060850143e-03 5.710031837224960327e-03 2.111406065523624420e-02 4.794732481241226196e-02 1.480233296751976013e-02 2.565404027700424194e-02 4.558701068162918091e-02 7.473460398614406586e-03 4.870345350354909897e-03 2.301342226564884186e-02 9.435549378395080566e-03 4.158227890729904175e-02 1.345748081803321838e-03 2.352354489266872406e-02 3.899694234132766724e-02 1.466023270040750504e-02 2.503415755927562714e-02 2.634252980351448059e-02 1.840509101748466492e-02 6.800837814807891846e-03 1.085263770073652267e-02 1.765877474099397659e-03 2.152693644165992737e-02 5.335722491145133972e-02 3.377713263034820557e-02 1.482217665761709213e-02 2.844249270856380463e-02 3.613603999838232994e-03 1.364829484373331070e-02 3.120269626379013062e-03 2.144316956400871277e-02 4.473048076033592224e-02 1.963233202695846558e-02 5.719619989395141602e-02 4.684063419699668884e-02 1.661863364279270172e-02 4.040101915597915649e-02 1.852203719317913055e-02 2.716490253806114197e-02 9.290459565818309784e-03 2.333909086883068085e-02 1.217133365571498871e-02 3.372170031070709229e-03 1.247278042137622833e-02 2.089839056134223938e-02 3.924005199223756790e-03 4.022741690278053284e-02 1.106363348662853241e-02 1.564030721783638000e-02 2.192463539540767670e-02 2.386329695582389832e-02 3.979238867759704590e-02 3.245369717478752136e-02 1.927712373435497284e-02 5.381963774561882019e-02 2.217901870608329773e-02 4.664263501763343811e-02 1.384620741009712219e-02 2.194675989449024200e-02 3.977945446968078613e-02 5.626835301518440247e-02 7.278645411133766174e-03 1.471202354878187180e-02
6.305550783872604370e-02 8.657467365264892578e-02 2.731449902057647705e-02 4.075315315276384354e-03 2.201292291283607483e-02 8.143769949674606323e-02 5.297899842262268066e-01 1.980166323482990265e-02 2.920025028288364410e-03 6.362227723002433777e-03 8.904198557138442993e-02 2.249648794531822205e-03 9.995064139366149902e-02 1.128909923136234283e-02 4.633843526244163513e-02 4.458785522729158401e-03 1.302699092775583267e-02 2.262808382511138916e-02 2.495527826249599457e-02 4.865535721182823181e-02 2.910597622394561768e-02 5.665402114391326904e-02 4.668471589684486389e-02 4.315584525465965271e-02 9.684970602393150330e-03 1.775792613625526428e-02 1.583917066454887390e-02 1.047747116535902023e-02 3.644525259733200073e-02 2.002874389290809631e-03 2.843794226646423340e-02 2.918390929698944092e-02 3.836433961987495422e-02 4.659494012594223022e-02 3.120111301541328430e-02 1.549295522272586823e-02 2.654908783733844757e-02 4.239771887660026550e-02 2.308583445847034454e-02 2.106249891221523285e-02 4.412169381976127625e-02 1.810205727815628052e-02 5.482619255781173706e-02 1.589610427618026733e-02 5.002559721469879150e-02 3.279155492782592773e-02 1.168049573898315430e-01 1.384010314941406250e-01 3.474850207567214966e-03 1.075766701251268387e-02 1.345306821167469025e-02 1.933546736836433411e-02 1.949674636125564575e-02 4.341799020767211914e-02 1.514856237918138504e-02 1.065478287637233734e-02 8.601500303484499454e-04 1.874340511858463287e-02 1.257123704999685287e-02 2.987190335988998413e-02 3.006250970065593719e-02 1.011288724839687347e-02 4.731359705328941345e-02 2.122985012829303741e-02 2.630813606083393097e-02 4.170740768313407898e-02 4.212133586406707764e-02 2.949031628668308258e-02 2.609711606055498123e-03 4.819343239068984985e-02 4.991092905402183533e-02 1.066377665847539902e-02 3.691140934824943542e-02 2.010652050375938416e-02 4.349927231669425964e-02 4.781824536621570587e-03 8.806881494820117950e-03 4.082339257001876831e-02 8.190492168068885803e-03 1.489688875153660774e-03 3.123665601015090942e-02 4.063218459486961365e-02 6.821095477789640427e-03 1.396603416651487350e-02 3.208792954683303833e-02 2.496444620192050934e-02 4.714760556817054749e-02 4.396064206957817078e-02 2.310080081224441528e-02 4.932917281985282898e-02 2.255581133067607880e-02 1.316299661993980408e-02 4.685833677649497986e-02 5.287256464362144470e-02 3.250616416335105896e-02 1.872559450566768646e-02 1.297242846339941025e-02 7.880341261625289917e-03 3.383162617683410645e-02 4.153687134385108948e-02 8.771949447691440582e-03 1.688244170509278774e-03 2.024995163083076477e-02 9.376322850584983826e-03 3.338830918073654175e-02 3.062624670565128326e-02 1.685572601854801178e-02 9.493255987763404846e-03 1.906422339379787445e-02 3.485370799899101257e-02 3.495318070054054260e-02 3.118731314316391945e-03 2.188102900981903076e-02 4.187048226594924927e-02 1.841939985752105713e-03 9.162845090031623840e-03
1.850793324410915375e-02 2.527228184044361115e-02 8.466505259275436401e-02 3.164066001772880554e-02 2.028321614488959312e-03 1.970804296433925629e-02 1.980166323482990265e-02 5.003233551979064941e-01 3.739130217581987381e-03 1.399303413927555084e-02 2.418840676546096802e-02 2.443160861730575562e-02 4.668365232646465302e-03 3.063619881868362427e-02 4.346418008208274841e-02 3.238797560334205627e-02 1.031881291419267654e-02 3.993435762822628021e-03 4.327407572418451309e-03 1.353928353637456894e-02 4.165502637624740601e-02 2.922716550529003143e-02 1.020897924900054932e-02 3.715310012921690941e-03 5.080039799213409424e-02 1.780428364872932434e-02 2.252546139061450958e-02 2.813958562910556793e-02 3.372128587216138840e-03 3.952499851584434509e-02 8.539220318198204041e-03 5.867310799658298492e-03 2.524177543818950653e-02 3.311151638627052307e-02 6.384580396115779877e-03 1.239073369652032852e-02 1.124027930200099945e-02 5.586500279605388641e-03 1.399648841470479965e-02 3.342522680759429932e-02 3.091841936111450195e-02 4.705309867858886719e-02 7.325606886297464371e-03 4.885561391711235046e-02 2.199013158679008484e-02 1.337032392621040344e-02 1.374237798154354095e-02 3.762375563383102417e-02 2.041650004684925079e-03 1.252750679850578308e-02 1.547507848590612411e-02 6.483422592282295227e-03 1.042159460484981537e-02 3.427785262465476990e-02 5.458249244838953018e-03 2.724449150264263153e-02 1.970903202891349792e-02 2.138115931302309036e-03 5.683485046029090881e-02 3.391931578516960144e-02 1.214275602251291275e-02 1.887217513285577297e-03 1.571589708328247070e-02 1.360773574560880661e-02 1.456791535019874573e-03 4.522812087088823318e-03 1.676400750875473022e-02 3.463920205831527710e-02 2.729237265884876251e-02 1.404744759202003479e-02 4.440966993570327759e-02 3.875004593282938004e-03 4.820207878947257996e-02 1.631875406019389629e-03 2.856282144784927368e-02 1.020832452923059464e-02 3.199931234121322632e-02 1.328156795352697372e-02 5.261600017547607422e-03 3.974915947765111923e-03 7.450678199529647827e-02 1.937222480773925781e-02 1.320656109601259232e-02 2.070054970681667328e-02 5.127288401126861572e-03 9.302807040512561798e-03 4.672274366021156311e-02 5.738495662808418274e-02 7.835581898689270020e-03 8.213900960981845856e-03 3.583733458071947098e-03 2.806451916694641113e-02 3.636833513155579567e-03 8.298777043819427490e-03 1.935847918502986431e-03 1.939412392675876617e-02 5.053193308413028717e-03 3.393169865012168884e-02 2.696838229894638062e-02 1.366982702165842056e-02 5.220853723585605621e-03 1.979843946173787117e-03 1.751041272655129433e-03 3.450225293636322021e-02 1.149276830255985260e-02 5.012291949242353439e-03 9.596860036253929138e-03 3.591693239286541939e-03 1.901037991046905518e-02 8.370654657483100891e-03 1.508496049791574478e-02 1.106907380744814873e-03 2.502366667613387108e-03 1.456531696021556854e-02 2.486543543636798859e-02 1.571824960410594940e-02
5.363424774259328842e-03 1.214397419244050980e-02 3.609845787286758423e-02 1.987050846219062805e-02 2.637213841080665588e-02 7.799130980856716633e-04 2.920025028288364410e-03 3.739130217581987381e-03 5.315665006637573242e-01 3.644734993577003479e-02 2.101866342127323151e-02 1.190885994583368301e-02 2.392206899821758270e-02 2.723484858870506287e-02 1.669160649180412292e-02 5.330140888690948486e-02 4.352482408285140991e-02 5.064890161156654358e-02 2.976080216467380524e-02 3.875094652175903320e-02 2.784454636275768280e-02 8.439567871391773224e-03 1.159169711172580719e-02 1.316082291305065155e-02 3.635532781481742859e-02 5.358482524752616882e-02 1.927949115633964539e-02 2.122531831264495850e-02 3.467220114544034004e-03 2.028008550405502319e-02 2.381994388997554779e-02 9.734914638102054596e-03 2.605177927762269974e-03 6.441818084567785263e-03 3.591561689972877502e-02 2.473156154155731201e-02 1.145328581333160400e-02 8.976824581623077393e-03 1.544046774506568909e-02 4.302898049354553223e-02 4.455601423978805542e-02 3.019424900412559509e-02 6.403728853911161423e-03 4.292985796928405762e-02 1.568799093365669250e-02 2.552663534879684448e-02 1.337432768195867538e-02 3.137224540114402771e-02 2.953458204865455627e-02 8.858983404934406281e-03 4.924586042761802673e-02 3.821507468819618225e-02 4.446460679173469543e-02 1.890774816274642944e-02 3.162046149373054504e-02 2.248263731598854065e-02 4.886658396571874619e-03 1.119033666327595711e-03 2.723779156804084778e-02 3.434906154870986938e-02 4.922106489539146423e-02 1.546457596123218536e-02 3.522006049752235413e-02 2.394244633615016937e-02 2.233685739338397980e-02 2.352901734411716461e-02 4.107412695884704590e-02 1.822883263230323792e-02 4.585626348853111267e-02 3.517636796459555626e-03 5.540114268660545349e-02 3.682345524430274963e-02 5.677688494324684143e-02 1.464205910451710224e-03 4.374336078763008118e-02 1.894712261855602264e-02 5.553593114018440247e-02 5.614033434540033340e-03 1.383940596133470535e-02 6.855661980807781219e-03 1.769855991005897522e-02 1.970306597650051117e-02 2.806880697607994080e-02 2.964214980602264404e-02 3.361557051539421082e-02 3.546202555298805237e-02 4.629009403288364410e-03 1.944706216454505920e-02 7.426158990710973740e-04 3.103189170360565186e-03 2.518280968070030212e-02 2.867559529840946198e-02 3.253627195954322815e-02 1.808317378163337708e-02 3.519776836037635803e-02 1.208151318132877350e-02 8.637121878564357758e-03 2.541993930935859680e-02 1.865658722817897797e-02 4.709027241915464401e-03 1.019339077174663544e-02 1.404497213661670685e-02 1.031070109456777573e-02 3.252024296671152115e-03 4.503480717539787292e-02 4.605809226632118225e-02 3.092556027695536613e-03 2.877821400761604309e-02 8.538288064301013947e-03 3.857591748237609863e-02 1.934949308633804321e-02 1.998804742470383644e-03 2.572183124721050262e-02 1.530309859663248062e-02 3.405540436506271362e-02 5.873247049748897552e-03
4.660179093480110168e-02 2.634938806295394897e-02 3.660345822572708130e-02 2.932566590607166290e-02 5.671347491443157196e-03 2.572761848568916321e-02 6.362227723002433777e-03 1.399303413927555084e-02 3.644734993577003479e-02 5.304886102676391602e-01 4.078530706465244293e-03 1.416532043367624283e-02 3.656947519630193710e-03 2.981088357046246529e-03 2.655571140348911285e-02 1.569979940541088581e-03 1.594605739228427410e-03 2.861419133841991425e-02 5.916444584727287292e-02 3.503968566656112671e-02 7.979958318173885345e-03 2.403782680630683899e-02 2.341935969889163971e-02 2.183406427502632141e-02 4.794149845838546753e-02 1.495524961501359940e-02 2.889523049816489220e-03 1.340264361351728439e-02 1.782655343413352966e-02 3.110125660896301270e-02 3.483833745121955872e-02 7.462572306394577026e-03 3.323653340339660645e-02 2.656948193907737732e-02 2.315222471952438354e-02 2.339628152549266815e-02 1.105541829019784927e-02 1.067234948277473450e-02 4.702188074588775635e-02 3.915686905384063721e-02 1.006968412548303604e-02 2.389319799840450287e-02 2.412450127303600311e-02 5.960974376648664474e-03 8.683397027198225260e-06 1.920125074684619904e-02 2.489375474397093058e-04 3.444104641675949097e-02 3.147502616047859192e-02 6.812228262424468994e-02 4.942804574966430664e-02 2.557491883635520935e-02 1.988898962736129761e-03 5.267874337732791901e-03 1.475640665739774704e-02 5.072773247957229614e-02 4.452495649456977844e-02 3.518550470471382141e-02 5.265657976269721985e-02 4.432577267289161682e-02 1.388514228165149689e-02 3.236993774771690369e-02 5.287826061248779297e-03 9.050145308719947934e-05 2.444079518318176270e-02 1.349868252873420715e-02 3.477086499333381653e-02 9.771921671926975250e-03 2.265638671815395355e-03 1.189533248543739319e-02 4.129272326827049255e-02 8.553429506719112396e-04 2.695394679903984070e-02 2.201147936284542084e-02 1.743189990520477295e-02 5.668270401656627655e-03 3.320572152733802795e-02 2.626859582960605621e-02 3.957300633192062378e-02 6.791923940181732178e-02 7.797384168952703476e-03 5.953875370323657990e-03 3.871505847200751305e-03 5.939417332410812378e-02 1.154710911214351654e-02 4.242586344480514526e-02 2.533480897545814514e-02 2.297745645046234131e-02 2.338292449712753296e-02 5.293934047222137451e-02 4.265860840678215027e-02 1.286923047155141830e-02 3.008778207004070282e-02 2.598045207560062408e-02 1.282689254730939865e-02 4.766247584484517574e-04 3.703991416841745377e-03 6.530229467898607254e-03 3.717673197388648987e-02 4.338423721492290497e-03 1.996270613744854927e-03 1.412921585142612457e-02 2.969926968216896057e-02 8.654056582599878311e-04 2.559839934110641479e-02 3.862646594643592834e-02 4.465891048312187195e-03 4.649114608764648438e-02 1.529308222234249115e-02 4.123007506132125854e-02 3.887629881501197815e-02 3.051854297518730164e-02 2.522503584623336792e-02 2.080671489238739014e-02 2.130185626447200775e-02 6.757612340152263641e-03
1.093621253967285156e-01 8.808494359254837036e-02 5.078415852040052414e-03 8.149132132530212402e-03 5.843629594892263412e-03 8.079222589731216431e-02 8.904198557138442993e-02 2.418840676546096802e-02 2.101866342127323151e-02 4.078530706465244293e-03 5.296377539634704590e-01 9.865461848676204681e-03 1.219428628683090210e-01 8.604143746197223663e-03 3.821320459246635437e-02 7.221670355647802353e-03 1.001595705747604370e-02 2.663261722773313522e-03 1.167234033346176147e-02 5.461240932345390320e-02 2.887574769556522369e-02 1.103378310799598694e-01 1.898417621850967407e-02 2.015730133280158043e-03 5.038113333284854889e-03 1.269873697310686111e-02 2.673692256212234497e-02 2.231201715767383575e-02 2.557141240686178207e-03 1.030958909541368484e-02 4.712737351655960083e-02 4.360133036971092224e-02 1.111392211169004440e-02 2.318492531776428223e-02 4.471853002905845642e-02 3.031208470929414034e-04 2.145712263882160187e-03 4.393447190523147583e-02 4.536049067974090576e-02 1.842392422258853912e-02 4.660874232649803162e-02 2.482863888144493103e-02 2.650004811584949493e-02 5.971649661660194397e-02 2.192910015583038330e-02 6.940680555999279022e-03 6.941056996583938599e-02 6.234509125351905823e-02 3.740984946489334106e-02 3.463275358080863953e-02 6.965706497430801392e-02 4.834676906466484070e-02 4.264087229967117310e-02 4.037444666028022766e-02 4.058151692152023315e-02 3.893137723207473755e-02 4.124610871076583862e-02 9.280509315431118011e-03 4.656429588794708252e-02 3.141371998935937881e-04 3.499663667753338814e-03 2.468138374388217926e-02 2.449792809784412384e-02 1.951070269569754601e-03 8.205542713403701782e-02 5.253295972943305969e-02 1.501986943185329437e-02 4.108662903308868408e-02 1.871360838413238525e-02 2.178886532783508301e-02 3.537897393107414246e-02 3.170536831021308899e-02 1.625511981546878815e-02 2.894072048366069794e-02 4.623650386929512024e-02 4.627520591020584106e-02 4.438704624772071838e-02 4.708323255181312561e-02 4.456240311264991760e-02 1.283924467861652374e-02 3.860224783420562744e-02 1.328432001173496246e-02 3.857355937361717224e-02 1.553549990057945251e-02 4.557117819786071777e-03 2.553140511736273766e-03 3.577706217765808105e-02 2.969060651957988739e-02 1.147859916090965271e-02 4.357929527759552002e-02 1.978943496942520142e-02 8.046252280473709106e-02 1.002292614430189133e-02 1.158535666763782501e-02 1.605502516031265259e-02 1.524143293499946594e-02 3.357167541980743408e-02 2.560481801629066467e-02 3.043302707374095917e-02 2.108364179730415344e-02 7.942889817059040070e-03 1.292798295617103577e-02 8.669070899486541748e-03 2.337475307285785675e-02 1.660426147282123566e-02 4.751904401928186417e-03 7.651977241039276123e-03 2.770790830254554749e-02 4.439595341682434082e-02 3.551765158772468567e-02 4.134641215205192566e-02 2.632202021777629852e-02 1.901345513761043549e-02 7.008016575127840042e-03 2.621904760599136353e-02 3.412136109545826912e-03
7.552101742476224899e-03 3.165688249282538891e-04 1.872505620121955872e-02 4.679534584283828735e-02 4.402039572596549988e-02 3.365419059991836548e-02 2.249648794531822205e-03 2.443160861730575562e-02 1.190885994583368301e-02 1.416532043367624283e-02 9.865461848676204681e-03 5.288482904434204102e-01 2.506023645401000977e-02 7.530728727579116821e-02 8.957478217780590057e-03 3.465120121836662292e-02 4.583374783396720886e-02 1.235823240131139755e-02 2.097813971340656281e-02 4.352451115846633911e-02 6.608960218727588654e-03 4.052171111106872559e-02 1.514896168373525143e-03 3.523514140397310257e-03 2.793145831674337387e-03 2.507964149117469788e-02 6.256797350943088531e-03 6.768938153982162476e-02 4.332769662141799927e-02 5.790772289037704468e-02 4.632914438843727112e-02 8.957280777394771576e-03 2.484895847737789154e-02 3.177736699581146240e-02 2.644326724112033844e-02 4.814934730529785156e-02 5.054818838834762573e-02 1.507934648543596268e-02 4.006891325116157532e-02 2.833029627799987793e-02 6.786008365452289581e-03 3.519219905138015747e-02 2.596927061676979065e-02 2.862314134836196899e-02 1.230461057275533676e-02 3.038575686514377594e-02 1.645123027265071869e-02 3.920810297131538391e-03 2.139131538569927216e-03 1.875003241002559662e-02 3.658497333526611328e-02 4.981856420636177063e-02 5.789667833596467972e-03 2.534826844930648804e-02 7.486785296350717545e-03 6.690064445137977600e-03 1.946899667382240295e-02 2.147711440920829773e-02 1.082094665616750717e-02 1.338501833379268646e-02 4.067434370517730713e-02 3.970143198966979980e-02 3.155589103698730469e-02 5.425668135285377502e-02 1.632981188595294952e-02 2.591596543788909912e-02 1.024170871824026108e-02 9.689249098300933838e-03 3.458461537957191467e-02 3.686072677373886108e-02 1.985792629420757294e-02 3.518757596611976624e-02 4.465128481388092041e-02 4.918700829148292542e-02 3.273637220263481140e-02 2.873025834560394287e-02 2.827401645481586456e-02 1.672168821096420288e-02 2.029668539762496948e-02 1.419269200414419174e-02 4.517104849219322205e-02 3.106509335339069366e-02 4.989710822701454163e-02 1.890710182487964630e-02 5.919604562222957611e-03 6.784350145608186722e-03 4.145419597625732422e-02 7.272684480994939804e-03 1.004701387137174606e-02 2.950045838952064514e-02 9.438363835215568542e-03 3.512125927954912186e-03 5.711143603548407555e-04 1.146880909800529480e-02 3.672398859634995461e-03 1.477880775928497314e-02 4.670087248086929321e-02 1.385296508669853210e-02 3.385416232049465179e-03 4.266681149601936340e-02 3.853581473231315613e-02 2.679173275828361511e-02 4.477393627166748047e-02 3.283869475126266479e-03 6.555521395057439804e-03 2.177570387721061707e-02 1.739886775612831116e-02 1.558980531990528107e-02 4.323618859052658081e-02 1.683073816820979118e-03 1.630714163184165955e-02 4.744262248277664185e-02 7.872058078646659851e-03 9.613068774342536926e-03 3.709312900900840759e-02 2.488867379724979401e-02
6.174798309803009033e-02 7.211020588874816895e-02 3.664265573024749756e-02 8.275361615233123302e-04 6.515658926218748093e-03 6.472149491310119629e-02 9.995064139366149902e-02 4.668365232646465302e-03 2.392206899821758270e-02 3.656947519630193710e-03 1.219428628683090210e-01 2.506023645401000977e-02 5.291838645935058594e-01 2.648402377963066101e-02 3.133757039904594421e-02 1.798846758902072906e-02 2.721449127420783043e-03 1.256922073662281036e-02 4.387357272207736969e-03 6.609559804201126099e-02 2.940510958433151245e-02 8.486501872539520264e-02 2.433411590754985809e-02 4.574053455144166946e-03 2.933188807219266891e-03 5.539936944842338562e-03 1.760775595903396606e-02 2.647934248670935631e-03 1.770642772316932678e-02 8.667699992656707764e-03 7.209972012788057327e-03 4.157248884439468384e-02 6.508982274681329727e-03 3.292892500758171082e-02 1.824119314551353455e-02 4.278261214494705200e-02 9.707312099635601044e-03 4.510495066642761230e-02 2.947422303259372711e-02 1.866583130322396755e-03 1.307955384254455566e-02 1.974116452038288116e-02 5.373741034418344498e-03 6.497478485107421875e-02 1.193535164929926395e-03 2.861616574227809906e-02 7.838004082441329956e-02 9.215369075536727905e-02 3.903565555810928345e-02 4.232276976108551025e-02 1.393583230674266815e-02 3.364850208163261414e-02 3.340810537338256836e-02 3.327709808945655823e-02 4.051322862505912781e-02 4.785310477018356323e-02 4.049653187394142151e-02 2.164544537663459778e-02 3.626931831240653992e-02 2.432747045531868935e-03 1.725821383297443390e-02 4.709370434284210205e-02 8.470345055684447289e-04 1.146367099136114120e-02 6.716916710138320923e-02 6.285555660724639893e-02 3.013100102543830872e-02 4.147678613662719727e-02 4.253853484988212585e-02 2.316510491073131561e-02 3.594400733709335327e-02 3.035740554332733154e-02 1.134564727544784546e-02 4.595576599240303040e-02 4.255152866244316101e-02 3.750830143690109253e-02 1.572062820196151733e-02 3.821692243218421936e-02 5.199546366930007935e-02 1.428497955203056335e-02 1.617171056568622589e-02 3.562986105680465698e-02 3.696007654070854187e-02 5.355726461857557297e-03 2.185910567641258240e-02 1.368951331824064255e-02 2.806676551699638367e-02 3.978282213211059570e-02 4.442272335290908813e-02 3.130504861474037170e-02 3.290737420320510864e-02 3.197269141674041748e-02 4.074876382946968079e-02 3.702780976891517639e-02 9.403809905052185059e-03 1.479979790747165680e-02 3.296156227588653564e-02 7.469404023140668869e-03 2.340633422136306763e-02 4.802703112363815308e-02 6.265946663916110992e-03 3.078041970729827881e-02 3.918094933032989502e-02 3.371233493089675903e-02 9.683276526629924774e-03 5.649756640195846558e-03 3.537042764946818352e-03 2.295054495334625244e-02 3.650201484560966492e-02 1.845635659992694855e-02 3.448285534977912903e-02 7.500911597162485123e-03 4.434719216078519821e-03 1.543165277689695358e-02 1.865650899708271027e-02 3.092909604310989380e-02
