4.735900759696960449e-01 1.545751690864562988e-01 3.288017958402633667e-02 1.483137812465429306e-02 1.538690831512212753e-02 9.965629875659942627e-02 6.611678749322891235e-02 1.838812953792512417e-03 2.790015889331698418e-03 1.375390309840440750e-02 1.399582326412200928e-01 2.005070261657238007e-02 1.038475036621093750e-01 4.084999486804008484e-02 9.966673329472541809e-03 2.934563532471656799e-02 4.391744360327720642e-02 2.922361530363559723e-02 3.022140637040138245e-02 4.452435672283172607e-02 1.960037089884281158e-02 1.427749916911125183e-02 5.483280867338180542e-02 4.330210760235786438e-02 4.027807340025901794e-02 1.757332938723266125e-03 4.045130684971809387e-03 2.523055486381053925e-02 1.498502446338534355e-03 3.806413710117340088e-02 4.618673026561737061e-02 1.262477319687604904e-02 4.649640247225761414e-02 3.759689629077911377e-02 8.821242488920688629e-03 4.982392117381095886e-02 7.708029355853796005e-03 2.307039126753807068e-02 1.894750632345676422e-02 4.250659793615341187e-02 2.456456609070301056e-02 1.040127594023942947e-02 1.316127367317676544e-02 6.094538141041994095e-03 5.201540887355804443e-02 4.806846380233764648e-03 7.071729004383087158e-02 6.789119541645050049e-02 1.487701572477817535e-02 1.804147288203239441e-02 2.245908789336681366e-02 3.073698654770851135e-02 2.082072384655475616e-02 4.896909371018409729e-02 1.730101741850376129e-02 2.973343059420585632e-02 2.401134744286537170e-02 1.948471181094646454e-02 3.776725381612777710e-02 2.954394556581974030e-02 2.069115824997425079e-02 4.181002080440521240e-02 1.765073090791702271e-02 1.822706498205661774e-02 2.430010400712490082e-02 3.966539725661277771e-02 4.210250452160835266e-02 3.324808180332183838e-02 1.393368188291788101e-02 2.814666740596294403e-02 4.087512567639350891e-02 2.235907502472400665e-02 3.407943993806838989e-02 4.265434667468070984e-02 3.191245719790458679e-03 2.180573530495166779e-02 4.798057489097118378e-03 2.049382217228412628e-02 2.946582622826099396e-02 1.802804134786128998e-02 8.014787919819355011e-03 2.492435090243816376e-02 3.059211745858192444e-02 2.624526619911193848e-02 9.100865572690963745e-03 6.422732025384902954e-03 1.090826466679573059e-02 1.500661671161651611e-02 4.463861137628555298e-02 4.369692876935005188e-02 3.849568963050842285e-02 3.702180087566375732e-02 7.240877952426671982e-03 4.101585224270820618e-02 3.587946295738220215e-02 1.362509466707706451e-02 2.415786497294902802e-02 1.822766102850437164e-02 1.542416308075189590e-02 1.809074729681015015e-02 4.453046713024377823e-03 1.580450125038623810e-02 5.460562184453010559e-02 3.294797241687774658e-02 1.107929367572069168e-02 2.255985513329505920e-02 4.265226423740386963e-02 3.598212497308850288e-03 2.695275936275720596e-03 3.171629458665847778e-02 3.234757110476493835e-02 3.271241113543510437e-02 9.617694740882143378e-05 1.686123944818973541e-02 2.536233514547348022e-02 5.217440426349639893e-03
1.545751690864562988e-01 4.917436540126800537e-01 3.167226538062095642e-02 7.167860865592956543e-03 1.987595669925212860e-02 1.005512103438377380e-01 1.070875450968742371e-01 7.265669759362936020e-03 1.438782364130020142e-02 3.196895122528076172e-02 1.416434496641159058e-01 3.709282609634101391e-04 1.364188641309738159e-01 3.965004906058311462e-02 8.710520341992378235e-03 1.790154166519641876e-02 4.587852582335472107e-02 2.142218872904777527e-02 2.849819511175155640e-02 3.301730751991271973e-02 2.325063198804855347e-02 2.095007337629795074e-02 4.305717721581459045e-02 4.003998637199401855e-02 3.812509402632713318e-02 2.040859078988432884e-03 3.091366961598396301e-03 3.209751844406127930e-02 3.549506142735481262e-02 3.314146306365728378e-03 7.089435309171676636e-02 2.850803360342979431e-02 2.719127573072910309e-02 4.234345629811286926e-02 3.283391520380973816e-02 3.522034361958503723e-02 5.070341005921363831e-02 1.449612993746995926e-02 2.105941530317068100e-03 1.421251520514488220e-02 3.954161331057548523e-02 1.088763214647769928e-02 3.916544467210769653e-02 3.450550511479377747e-02 5.147321149706840515e-02 3.614381328225135803e-02 7.517131417989730835e-02 1.029841378331184387e-01 6.010963115841150284e-03 1.317596645094454288e-03 1.809509284794330597e-02 1.683156378567218781e-02 3.775490075349807739e-02 2.021249383687973022e-02 5.091258324682712555e-03 2.884812280535697937e-02 6.974581629037857056e-03 2.366529777646064758e-02 1.711207069456577301e-02 1.489483378827571869e-02 1.243237219750881195e-02 3.622212633490562439e-02 3.064514603465795517e-03 2.250226773321628571e-02 2.399739809334278107e-02 7.214219123125076294e-02 3.865294530987739563e-02 4.806140437722206116e-02 2.228271029889583588e-02 3.038978017866611481e-02 3.550175204873085022e-02 7.812011986970901489e-03 4.284559190273284912e-02 1.179002691060304642e-02 8.866195566952228546e-03 4.704294726252555847e-02 1.577541604638099670e-02 2.067196927964687347e-02 3.630390390753746033e-02 2.186571061611175537e-02 1.645890437066555023e-02 7.934377528727054596e-03 4.893393442034721375e-02 3.998357057571411133e-02 4.586630966514348984e-03 5.341846961528062820e-03 7.490038406103849411e-03 3.248326480388641357e-02 3.052322939038276672e-02 2.439086325466632843e-02 5.192134901881217957e-02 5.713098123669624329e-02 5.079184472560882568e-02 5.370881035923957825e-02 4.602784290909767151e-02 2.277515083551406860e-02 3.627979755401611328e-02 1.736881025135517120e-02 1.154746767133474350e-02 2.249738015234470367e-02 1.123186759650707245e-02 1.163957174867391586e-02 3.905667364597320557e-02 4.333731532096862793e-02 2.474818564951419830e-02 2.311261370778083801e-03 2.550416812300682068e-02 1.475013140588998795e-02 2.728150039911270142e-02 6.446553021669387817e-02 2.622341364622116089e-02 2.227144688367843628e-02 1.611540466547012329e-02 1.572675071656703949e-02 9.995293803513050079e-03 2.712503820657730103e-02
3.288017958402633667e-02 3.167226538062095642e-02 4.135233461856842041e-01 1.038166806101799011e-01 7.703123148530721664e-03 3.696735948324203491e-02 2.585903275758028030e-03 1.419571489095687866e-01 3.925015777349472046e-02 5.175858736038208008e-03 3.632006794214248657e-02 1.233517657965421677e-02 2.585041522979736328e-02 3.817395493388175964e-02 9.824636392295360565e-03 3.761970624327659607e-02 2.357957186177372932e-03 4.258962348103523254e-02 2.981054224073886871e-02 5.841596983373165131e-03 1.183081418275833130e-03 3.186522796750068665e-02 2.958811633288860321e-02 1.591661199927330017e-02 1.920581422746181488e-02 4.467297717928886414e-02 9.156369604170322418e-03 2.088102884590625763e-02 1.646921969950199127e-02 1.110453810542821884e-02 1.088768802583217621e-02 3.352802246809005737e-02 1.801183819770812988e-02 3.871066868305206299e-02 8.878977037966251373e-03 1.705550961196422577e-02 3.647520765662193298e-02 4.440720658749341965e-03 1.682584173977375031e-02 2.628065412864089012e-03 1.417719107121229172e-02 2.316483855247497559e-02 3.048568777740001678e-02 1.877502724528312683e-02 1.144230086356401443e-02 2.120449021458625793e-02 1.911819912493228912e-02 3.372018784284591675e-02 1.802045293152332306e-02 2.038355916738510132e-02 2.458610758185386658e-02 1.772523508407175541e-03 5.148934200406074524e-03 6.492798216640949249e-03 8.350936695933341980e-03 3.856016695499420166e-02 2.845522947609424591e-02 4.108477756381034851e-02 1.476415153592824936e-02 4.825474321842193604e-02 3.696147724986076355e-02 5.579187534749507904e-03 9.262514114379882812e-02 7.076893001794815063e-02 1.910156197845935822e-02 3.807359188795089722e-02 1.382823567837476730e-03 3.890572115778923035e-02 2.868798561394214630e-03 6.509583909064531326e-03 3.282770048826932907e-03 3.184106945991516113e-02 1.370912510901689529e-02 1.317633129656314850e-02 2.443103305995464325e-02 3.424162790179252625e-02 7.270571775734424591e-03 4.216614365577697754e-02 4.294682759791612625e-03 3.606871468946337700e-03 7.165282964706420898e-02 5.608415603637695312e-02 1.567939529195427895e-03 7.081044372171163559e-03 2.033775858581066132e-02 1.386417821049690247e-02 2.984518930315971375e-02 3.038852848112583160e-02 1.164830476045608521e-02 1.423110719770193100e-02 3.233599662780761719e-02 1.519425585865974426e-02 2.103354781866073608e-02 2.264818176627159119e-02 1.596176438033580780e-02 3.366100043058395386e-02 3.808214515447616577e-02 2.210524631664156914e-03 3.555170819163322449e-02 1.170697622001171112e-02 4.671042785048484802e-02 2.204930037260055542e-02 2.634365111589431763e-02 2.231973689049482346e-03 9.626428782939910889e-02 3.265676647424697876e-02 4.371850565075874329e-02 3.809989243745803833e-02 1.207681093364953995e-02 1.193873211741447449e-02 1.126282103359699249e-02 1.879866048693656921e-02 3.261063946411013603e-03 1.085490360856056213e-02 3.357857093214988708e-02 6.691674236208200455e-03
1.483137812465429306e-02 7.167860865592956543e-03 1.038166806101799011e-01 4.093693494796752930e-01 1.803726144134998322e-02 5.079935491085052490e-02 2.087678387761116028e-02 7.272090762853622437e-02 3.222654759883880615e-02 2.736488729715347290e-02 4.046447575092315674e-03 1.239457633346319199e-02 1.961299404501914978e-02 1.372611336410045624e-02 2.107215486466884613e-02 1.394164562225341797e-02 2.092078328132629395e-02 3.059505484998226166e-02 3.677298128604888916e-02 2.964285947382450104e-02 4.004488140344619751e-02 1.751196011900901794e-02 6.013802252709865570e-03 3.378447145223617554e-02 3.958339616656303406e-02 1.945830509066581726e-02 3.589835017919540405e-02 3.219622746109962463e-02 1.616902835667133331e-02 1.037340331822633743e-02 1.541620702482759953e-03 2.826040238142013550e-02 3.918087482452392578e-02 3.688306361436843872e-02 3.065873868763446808e-02 3.501390293240547180e-02 7.242963649332523346e-03 3.802787140011787415e-02 2.445168979465961456e-02 1.172253675758838654e-02 1.970512233674526215e-02 1.045830920338630676e-02 1.772672310471534729e-02 4.816201701760292053e-02 9.587210603058338165e-03 1.065623480826616287e-02 8.345573209226131439e-03 3.728690743446350098e-02 3.888481482863426208e-02 2.052679192274808884e-03 9.096920490264892578e-03 8.188256993889808655e-03 6.651088129729032516e-03 2.852633036673069000e-02 1.443500909954309464e-02 3.329100087285041809e-02 3.683438152074813843e-02 2.918501757085323334e-02 1.157536450773477554e-02 4.365773871541023254e-03 5.496447905898094177e-03 3.757862839847803116e-03 2.507203817367553711e-02 3.578785806894302368e-02 1.507836859673261642e-02 1.994424685835838318e-02 3.752657398581504822e-02 4.335829988121986389e-02 2.343224594369530678e-03 1.235753111541271210e-02 6.835588719695806503e-03 1.170503068715333939e-02 3.495380654931068420e-02 2.473259717226028442e-02 9.169710800051689148e-03 6.680744886398315430e-02 3.150868788361549377e-02 3.581871464848518372e-02 1.116597908549010754e-03 7.531788200139999390e-03 1.908696070313453674e-02 1.094944309443235397e-02 3.380998969078063965e-03 3.327589482069015503e-02 2.937164716422557831e-02 3.537064045667648315e-02 1.186296343803405762e-02 2.120427787303924561e-02 1.951859146356582642e-02 2.153445407748222351e-02 6.803010124713182449e-03 2.090109325945377350e-02 7.336108945310115814e-03 2.800695830956101418e-03 2.960249548777937889e-03 3.710528463125228882e-02 1.117500476539134979e-02 6.365747749805450439e-02 4.535370040684938431e-03 2.534678578376770020e-02 3.103996999561786652e-02 4.026191309094429016e-02 1.981956325471401215e-02 1.452308427542448044e-02 2.717418782413005829e-02 3.167816251516342163e-02 1.969436928629875183e-02 8.333421312272548676e-03 2.729194238781929016e-02 2.244113385677337646e-02 3.676977939903736115e-03 1.217526965774595737e-03 2.977260202169418335e-02 2.658282406628131866e-02 2.704498544335365295e-02 1.756136491894721985e-02
1.538690831512212753e-02 1.987595669925212860e-02 7.703123148530721664e-03 1.803726144134998322e-02 4.350820183753967285e-01 3.495014458894729614e-02 3.520854189991950989e-02 4.707178100943565369e-02 6.819111295044422150e-03 7.676615566015243530e-02 3.224408626556396484e-02 1.432001497596502304e-02 2.682202309370040894e-02 4.127085208892822266e-02 1.924903830513358116e-03 2.305137179791927338e-02 5.873889476060867310e-02 8.801585063338279724e-03 3.528741421177983284e-03 1.277276594191789627e-02 4.014813154935836792e-02 2.482581697404384613e-02 4.276189580559730530e-02 2.988431835547089577e-03 3.543407469987869263e-02 2.716215886175632477e-02 5.431145429611206055e-03 1.450287923216819763e-02 5.612926930189132690e-02 6.938970647752285004e-03 2.611108822748064995e-03 2.122813276946544647e-02 2.098269201815128326e-02 1.698548533022403717e-02 4.517298564314842224e-02 2.269389573484659195e-03 5.562487989664077759e-03 3.733513411134481430e-03 2.317256107926368713e-02 5.723689496517181396e-02 4.005101695656776428e-02 1.825195178389549255e-02 2.396668307483196259e-02 4.045517370104789734e-02 1.161389425396919250e-02 4.417969286441802979e-02 4.320505261421203613e-02 3.734543174505233765e-02 4.752714931964874268e-02 3.097367100417613983e-02 5.922764539718627930e-03 3.230610489845275879e-02 2.208744920790195465e-02 1.872418820858001709e-02 4.300127923488616943e-02 6.249220110476016998e-03 1.864443905651569366e-02 1.125514414161443710e-02 1.170294266194105148e-02 1.829300075769424438e-02 9.660189971327781677e-03 8.723071776330471039e-03 8.386064320802688599e-03 6.472347769886255264e-03 1.146743423305451870e-03 2.406461164355278015e-02 4.265006631612777710e-02 7.374744862318038940e-03 1.465766038745641708e-02 8.607714623212814331e-02 5.142349004745483398e-02 3.427319973707199097e-02 2.340200357139110565e-02 5.175758153200149536e-02 7.981162518262863159e-02 2.466251328587532043e-02 4.312568902969360352e-02 5.780807882547378540e-02 3.598419949412345886e-02 4.724438115954399109e-02 1.915936358273029327e-02 2.987043745815753937e-02 5.054427683353424072e-02 3.830045834183692932e-02 4.384377039968967438e-03 3.239927440881729126e-02 9.235396049916744232e-03 8.345753885805606842e-03 3.229968622326850891e-02 6.623931694775819778e-03 3.382823988795280457e-02 1.165504939854145050e-02 3.068364411592483521e-02 2.817543409764766693e-02 5.178788211196660995e-03 1.117263827472925186e-02 1.169312000274658203e-01 2.855727914720773697e-03 4.562127217650413513e-02 4.194873198866844177e-02 2.489048615097999573e-02 1.792571274563670158e-03 3.175643505528569221e-03 1.863704435527324677e-02 4.403799306601285934e-03 2.531945239752531052e-03 2.168659679591655731e-02 2.852663584053516388e-02 1.759614050388336182e-02 3.598000621423125267e-04 1.826235838234424591e-02 6.839292496442794800e-02 2.531498670578002930e-02 2.899947948753833771e-02 7.768508046865463257e-03 2.291992120444774628e-02
9.965629875659942627e-02 1.005512103438377380e-01 3.696735948324203491e-02 5.079935491085052490e-02 3.495014458894729614e-02 4.834310412406921387e-01 1.227976307272911072e-01 4.032808914780616760e-02 3.127055615186691284e-02 4.326463118195533752e-02 7.254034280776977539e-02 9.877046570181846619e-03 7.318342477083206177e-02 6.066480278968811035e-02 5.237089470028877258e-02 3.452058881521224976e-02 4.353032261133193970e-02 1.599904894828796387e-02 1.379446219652891159e-02 4.018130525946617126e-02 1.211878005415201187e-02 2.272714301943778992e-02 3.997512534260749817e-02 6.016271188855171204e-02 3.528832271695137024e-02 1.680384390056133270e-02 1.592850871384143829e-02 2.151928097009658813e-02 7.087222766131162643e-03 6.310092657804489136e-02 4.809368401765823364e-02 2.893795818090438843e-02 3.914387524127960205e-02 3.462231159210205078e-02 3.735334053635597229e-02 2.957594813778996468e-03 3.408404439687728882e-02 2.634679526090621948e-02 1.307818293571472168e-02 1.269132550805807114e-02 4.940352588891983032e-02 1.388624403625726700e-02 4.169363901019096375e-02 1.596044376492500305e-02 1.101201772689819336e-02 5.950033664703369141e-02 1.021853163838386536e-01 6.648832559585571289e-02 3.184543922543525696e-02 8.294553495943546295e-03 1.161366980522871017e-02 2.326004952192306519e-02 1.734064891934394836e-02 1.788719440810382366e-03 5.203421413898468018e-02 4.160730913281440735e-02 3.243402019143104553e-02 3.900594264268875122e-02 1.999137736856937408e-02 7.071541622281074524e-03 3.031664900481700897e-02 4.044369608163833618e-02 1.698508858680725098e-02 3.353700041770935059e-02 3.643022850155830383e-02 8.082756400108337402e-02 2.209261991083621979e-02 1.779719628393650055e-02 1.426744274795055389e-02 1.344948541373014450e-02 1.012438442558050156e-02 3.929206728935241699e-02 3.728575259447097778e-02 2.051915042102336884e-02 3.114077262580394745e-02 3.943690657615661621e-02 5.038094148039817810e-02 2.970978058874607086e-02 4.932957887649536133e-02 3.566663339734077454e-02 9.984216652810573578e-03 7.524715270847082138e-03 3.903415054082870483e-02 1.756948605179786682e-02 2.126740477979183197e-02 1.776070706546306610e-02 1.005499041639268398e-03 4.891454707831144333e-03 2.698343805968761444e-02 3.736048191785812378e-02 4.568722099065780640e-02 4.093575105071067810e-02 5.308312922716140747e-02 3.291576728224754333e-02 3.698933869600296021e-02 2.845789492130279541e-02 3.935645148158073425e-02 2.052429504692554474e-02 9.494551457464694977e-03 1.967550255358219147e-02 5.008205398917198181e-02 1.065993309020996094e-02 1.701118983328342438e-02 2.643358334898948669e-02 1.706522330641746521e-02 2.424933016300201416e-02 7.749615237116813660e-03 5.049455910921096802e-02 2.116402052342891693e-02 4.876405745744705200e-02 3.567596524953842163e-02 3.311965242028236389e-02 4.417257383465766907e-02 3.786787018179893494e-02 2.514032088220119476e-02 1.057086419314146042e-02
6.611678749322891235e-02 1.070875450968742371e-01 2.585903275758028030e-03 2.087678387761116028e-02 3.520854189991950989e-02 1.227976307272911072e-01 4.893020391464233398e-01 3.855852177366614342e-03 2.169861085712909698e-02 4.683744162321090698e-02 7.867413014173507690e-02 5.873977020382881165e-02 9.953594207763671875e-02 2.266753092408180237e-02 3.974634408950805664e-02 1.291293464601039886e-02 4.143647849559783936e-02 3.425003378652036190e-04 2.261942997574806213e-02 6.512312218546867371e-03 2.886852808296680450e-02 2.347579412162303925e-02 2.192725613713264465e-02 2.345481514930725098e-02 3.362818062305450439e-02 4.628723487257957458e-02 1.803450472652912140e-02 4.720712825655937195e-02 2.760417573153972626e-02 1.133231073617935181e-02 5.084547027945518494e-02 3.544344380497932434e-02 3.369719162583351135e-02 1.663052290678024292e-02 4.075187072157859802e-02 4.871987178921699524e-02 8.498352020978927612e-03 3.711562231183052063e-02 4.147069901227951050e-02 1.766234077513217926e-02 1.752299256622791290e-02 3.029986470937728882e-02 9.074630215764045715e-04 5.074443295598030090e-02 2.132909372448921204e-02 2.402705140411853790e-02 1.079396829009056091e-01 1.158488467335700989e-01 2.438931725919246674e-02 2.504486218094825745e-02 4.103249311447143555e-02 5.449504777789115906e-02 1.415870524942874908e-02 5.076514557003974915e-03 8.776966482400894165e-03 1.594530302099883556e-03 3.894194960594177246e-02 4.014448821544647217e-02 4.615261685103178024e-03 2.032174728810787201e-02 5.343959201127290726e-03 2.704844810068607330e-02 3.736958140507340431e-03 1.997825130820274353e-02 2.943217195570468903e-02 7.606166601181030273e-02 5.123253911733627319e-03 5.441240966320037842e-03 2.884640172123908997e-02 2.466778457164764404e-02 4.062119126319885254e-02 3.597700223326683044e-02 7.081465329974889755e-03 3.203993663191795349e-03 1.882401853799819946e-02 4.046107456088066101e-02 4.727735742926597595e-02 3.727298229932785034e-02 4.898824915289878845e-02 3.468785807490348816e-02 1.248816028237342834e-02 3.373859077692031860e-02 2.678062533959746361e-03 1.587804779410362244e-02 2.718367427587509155e-02 6.705672014504671097e-03 1.513394434005022049e-02 3.116457164287567139e-02 4.806726425886154175e-02 3.566643688827753067e-03 5.754850059747695923e-02 7.141167670488357544e-02 6.981935352087020874e-02 3.925003483891487122e-02 1.437875907868146896e-02 4.892228916287422180e-02 9.887421503663063049e-03 1.669370569288730621e-02 4.204286634922027588e-02 1.687303930521011353e-02 1.625217380933463573e-03 4.406878724694252014e-02 1.753354677930474281e-03 1.306947879493236542e-02 1.304457709193229675e-02 1.040096208453178406e-02 2.486066427081823349e-03 4.341113567352294922e-02 4.034018889069557190e-02 8.489782921969890594e-03 1.267735939472913742e-02 8.602754212915897369e-03 2.378037758171558380e-02 4.740322940051555634e-03 1.207173522561788559e-02 5.468022078275680542e-03
1.838812953792512417e-03 7.265669759362936020e-03 1.419571489095687866e-01 7.272090762853622437e-02 4.707178100943565369e-02 4.032808914780616760e-02 3.855852177366614342e-03 4.492632448673248291e-01 2.850136905908584595e-02 2.220388315618038177e-02 6.320960354059934616e-03 3.862349316477775574e-02 2.918997779488563538e-02 3.104593371972441673e-03 6.880928575992584229e-02 5.796244367957115173e-02 1.700859889388084412e-02 3.549813106656074524e-02 4.376690462231636047e-02 2.309159189462661743e-02 1.848908141255378723e-02 4.845380038022994995e-02 2.994819357991218567e-02 3.984916582703590393e-02 2.780573815107345581e-02 2.426287159323692322e-02 4.643210396170616150e-02 1.895097084343433380e-02 1.850906014442443848e-02 5.507143586874008179e-02 1.541319675743579865e-02 3.551352396607398987e-02 3.121012635529041290e-02 5.228446796536445618e-02 3.588579222559928894e-02 1.342167239636182785e-02 2.514639124274253845e-02 2.487631328403949738e-02 2.100960910320281982e-02 9.436608292162418365e-03 4.460399225354194641e-02 2.630786329973489046e-04 1.998035050928592682e-02 4.759718850255012512e-02 3.124693408608436584e-02 7.187309674918651581e-03 1.641256548464298248e-02 1.091225445270538330e-02 2.393298782408237457e-02 4.687659442424774170e-02 6.202692538499832153e-02 3.259168937802314758e-02 3.937626723200082779e-03 2.075362391769886017e-02 1.685210317373275757e-02 2.114710956811904907e-02 1.027751620858907700e-02 8.736123330891132355e-03 4.814948514103889465e-02 4.483147640712559223e-04 2.462923899292945862e-02 7.405455224215984344e-03 2.033685334026813507e-02 8.900009095668792725e-03 2.725289436057209969e-03 5.170668475329875946e-03 1.671949587762355804e-02 2.614974416792392731e-02 1.224130298942327499e-02 4.245035350322723389e-02 3.833221271634101868e-02 1.022090762853622437e-02 3.830367326736450195e-02 3.640356659889221191e-02 1.540873851627111435e-02 1.067354623228311539e-02 4.175063222646713257e-02 2.512878179550170898e-02 3.372899442911148071e-02 3.015881590545177460e-02 7.092011719942092896e-02 1.127053126692771912e-01 3.724611550569534302e-02 1.424564141780138016e-02 5.886774510145187378e-02 5.438225343823432922e-02 6.474946159869432449e-03 2.204604633152484894e-02 5.405884236097335815e-02 5.112667754292488098e-02 4.900960251688957214e-02 4.979446902871131897e-02 1.934012956917285919e-02 1.825488731265068054e-02 2.809183858335018158e-02 4.011880606412887573e-03 4.813200235366821289e-02 7.281834259629249573e-03 2.819391898810863495e-02 2.163379453122615814e-02 1.481660874560475349e-03 4.400572180747985840e-02 2.996036317199468613e-03 4.278261959552764893e-02 3.230918571352958679e-02 3.479690104722976685e-02 2.497876994311809540e-03 6.089139729738235474e-03 3.272016718983650208e-02 8.315281011164188385e-03 3.097567521035671234e-02 3.283242508769035339e-02 2.147352090105414391e-03 1.626222953200340271e-02 1.440441701561212540e-02 7.399439066648483276e-02
2.790015889331698418e-03 1.438782364130020142e-02 3.925015777349472046e-02 3.222654759883880615e-02 6.819111295044422150e-03 3.127055615186691284e-02 2.169861085712909698e-02 2.850136905908584595e-02 4.574342072010040283e-01 6.559564173221588135e-02 1.397741213440895081e-02 2.831183560192584991e-02 7.554427720606327057e-03 2.156892046332359314e-02 1.045519672334194183e-02 2.413100004196166992e-02 4.230861738324165344e-02 3.788519883528351784e-03 6.537173409014940262e-03 4.293607920408248901e-02 3.675917536020278931e-02 4.939254745841026306e-02 1.736854575574398041e-02 1.970751024782657623e-02 2.436522208154201508e-02 1.229679398238658905e-02 2.747769653797149658e-02 4.070016369223594666e-02 4.285014793276786804e-02 2.708066813647747040e-02 1.396132726222276688e-02 2.207168377935886383e-02 2.096946164965629578e-02 2.595997415482997894e-02 6.650706380605697632e-02 1.558709982782602310e-02 2.367664314806461334e-02 9.634718298912048340e-03 9.539349935948848724e-03 4.413042962551116943e-02 5.531268194317817688e-03 2.824168093502521515e-02 1.401838287711143494e-02 5.247232317924499512e-02 8.623109199106693268e-03 2.508556284010410309e-02 4.589808359742164612e-02 5.286745727062225342e-02 4.972294718027114868e-02 3.269604593515396118e-02 2.216181950643658638e-03 3.398431837558746338e-02 1.638021692633628845e-02 4.858746752142906189e-02 2.892839722335338593e-02 3.673351556062698364e-02 6.098581105470657349e-02 2.403503097593784332e-02 1.843697018921375275e-02 2.396205440163612366e-02 4.761395975947380066e-02 6.665915716439485550e-03 1.782477647066116333e-02 3.636654093861579895e-02 3.879145532846450806e-02 2.264317870140075684e-02 4.099129140377044678e-02 3.098315745592117310e-02 6.767439097166061401e-02 9.548750706017017365e-03 2.226706221699714661e-02 1.015239115804433823e-02 4.693873226642608643e-02 5.242524202913045883e-03 5.444388370960950851e-03 4.683604091405868530e-02 1.418409347534179688e-01 9.010741114616394043e-02 6.191785261034965515e-02 6.453251838684082031e-02 4.150237515568733215e-02 3.570664674043655396e-02 1.179096288979053497e-02 9.536676108837127686e-03 4.296433925628662109e-02 5.699048936367034912e-02 3.119684755802154541e-03 2.662743441760540009e-02 1.269974466413259506e-02 5.016026273369789124e-02 1.436773408204317093e-02 2.593249455094337463e-02 2.072476409375667572e-02 5.945601034909486771e-03 1.284246705472469330e-02 1.655067689716815948e-02 1.601235824637115002e-03 3.783810883760452271e-02 7.756219804286956787e-02 1.580778323113918304e-02 4.630072042346000671e-02 2.193268761038780212e-02 7.792129181325435638e-03 1.567327789962291718e-02 2.265896648168563843e-02 1.521131582558155060e-02 2.467309357598423958e-03 4.327594116330146790e-02 3.881861642003059387e-02 2.328458800911903381e-02 9.510912932455539703e-03 4.899428039789199829e-02 4.421391640789806843e-04 6.728465203195810318e-03 3.697632625699043274e-02 4.724289476871490479e-02
1.375390309840440750e-02 3.196895122528076172e-02 5.175858736038208008e-03 2.736488729715347290e-02 7.676615566015243530e-02 4.326463118195533752e-02 4.683744162321090698e-02 2.220388315618038177e-02 6.559564173221588135e-02 4.694313406944274902e-01 8.710815571248531342e-03 3.212758526206016541e-02 3.151440620422363281e-02 2.860478125512599945e-02 4.075303301215171814e-02 6.313957273960113525e-02 9.064199030399322510e-02 1.058289222419261932e-02 5.863035842776298523e-02 2.386167086660861969e-02 4.834878072142601013e-02 1.156901381909847260e-02 3.129918128252029419e-02 1.089521497488021851e-02 1.787278987467288971e-02 9.942858479917049408e-03 3.912529908120632172e-03 2.084545977413654327e-02 1.348121557384729385e-02 4.049328342080116272e-02 3.574893623590469360e-02 3.837971761822700500e-02 3.646207228302955627e-02 1.059297006577253342e-02 2.905074320733547211e-02 1.536083314567804337e-02 3.363193571567535400e-02 1.906150579452514648e-02 1.949573867022991180e-02 1.159283146262168884e-02 6.149950437247753143e-03 3.865366429090499878e-02 2.404977381229400635e-02 4.125767573714256287e-02 2.115072868764400482e-02 1.592312194406986237e-02 3.373103216290473938e-02 7.423212286084890366e-03 4.605228826403617859e-02 2.190386876463890076e-02 5.161307752132415771e-03 5.701858317479491234e-04 4.171283170580863953e-02 2.423346228897571564e-02 4.269807785749435425e-02 6.958968937397003174e-02 4.742814227938652039e-02 3.014729358255863190e-03 2.633209526538848877e-02 1.532079651951789856e-02 2.333222329616546631e-02 1.446899026632308960e-02 5.133848637342453003e-03 1.119784452021121979e-02 8.743351325392723083e-03 5.286312475800514221e-02 3.215243574231863022e-03 1.547804195433855057e-02 1.075389795005321503e-02 8.817360550165176392e-02 6.027957051992416382e-02 3.323682770133018494e-02 5.311857163906097412e-02 6.367542594671249390e-02 4.334133863449096680e-02 6.156522780656814575e-02 1.155627425760030746e-02 1.094490513205528259e-01 6.452134251594543457e-02 8.494013547897338867e-02 4.025840014219284058e-02 3.852171823382377625e-02 1.766832545399665833e-02 3.447337448596954346e-02 1.645298907533288002e-03 1.237241085618734360e-02 3.377056121826171875e-02 4.875250160694122314e-02 2.474643476307392120e-02 9.074323624372482300e-02 2.353985235095024109e-02 4.270964767783880234e-03 5.303305014967918396e-02 3.556922823190689087e-02 1.745757088065147400e-02 2.709343098104000092e-02 2.702157944440841675e-02 7.155787944793701172e-02 1.963723823428153992e-02 1.950973831117153168e-02 5.393669381737709045e-02 5.488288402557373047e-02 9.073752909898757935e-03 2.545123919844627380e-02 1.403503678739070892e-02 8.646867237985134125e-03 4.617128893733024597e-02 5.015147477388381958e-02 9.938224218785762787e-03 1.979728601872920990e-02 3.135745227336883545e-02 3.619026765227317810e-02 1.375635154545307159e-02 6.853162311017513275e-03 3.416579216718673706e-02 1.186148438137024641e-04
1.399582326412200928e-01 1.416434496641159058e-01 3.632006794214248657e-02 4.046447575092315674e-03 3.224408626556396484e-02 7.254034280776977539e-02 7.867413014173507690e-02 6.320960354059934616e-03 1.397741213440895081e-02 8.710815571248531342e-03 4.874725937843322754e-01 4.540796205401420593e-02 1.317569315433502197e-01 4.420539364218711853e-02 8.015439962036907673e-04 1.154554821550846100e-02 2.054616436362266541e-02 7.056985981762409210e-03 1.658782130107283592e-03 6.021177396178245544e-03 2.296407334506511688e-02 4.446915164589881897e-02 5.957495048642158508e-02 5.622903257608413696e-02 3.195583820343017578e-02 9.468095377087593079e-03 8.557380177080631256e-03 2.109775878489017487e-02 2.441638708114624023e-02 4.554558545351028442e-02 2.502664178609848022e-02 4.304355010390281677e-02 2.127654291689395905e-02 1.800112240016460419e-02 1.923853531479835510e-02 1.707233116030693054e-02 3.463926166296005249e-02 9.043511003255844116e-03 4.880846943706274033e-03 4.399679973721504211e-02 3.542675822973251343e-02 2.917672879993915558e-02 4.246224090456962585e-02 4.774215072393417358e-02 5.884445086121559143e-02 4.887035489082336426e-02 6.983006000518798828e-02 9.211974591016769409e-02 1.359811611473560333e-02 1.327380444854497910e-02 4.239052906632423401e-02 1.218135375529527664e-02 1.575965806841850281e-02 3.682849928736686707e-02 1.012943778187036514e-02 3.099653869867324829e-02 8.432822301983833313e-03 8.747796528041362762e-03 3.050941042602062225e-02 1.342723611742258072e-02 8.621904067695140839e-03 4.210792854428291321e-02 2.082366496324539185e-02 2.861356735229492188e-02 2.951907739043235779e-02 5.626679584383964539e-02 3.896349295973777771e-02 3.192307054996490479e-02 2.186863869428634644e-02 4.605736117810010910e-03 4.204820096492767334e-02 3.055539727210998535e-02 2.373122237622737885e-02 3.642627969384193420e-02 3.125556185841560364e-02 3.530875965952873230e-02 3.863985650241374969e-03 3.677085041999816895e-02 4.201171919703483582e-02 4.657564312219619751e-02 7.406309247016906738e-03 1.266452111303806305e-02 4.599967598915100098e-02 3.387454897165298462e-02 1.446438580751419067e-02 1.546377595514059067e-02 2.158968476578593254e-03 4.000442847609519958e-02 1.110074203461408615e-02 3.357897326350212097e-02 4.814312234520912170e-02 6.223498284816741943e-02 2.950466237962245941e-02 6.459478288888931274e-02 4.691178351640701294e-02 5.749356467276811600e-03 2.815126255154609680e-02 1.882999204099178314e-02 1.977814361453056335e-02 2.774383872747421265e-02 1.399783324450254440e-02 4.621219262480735779e-02 5.298933759331703186e-02 1.671654358506202698e-02 1.636614277958869934e-02 3.166619921103119850e-03 3.436584398150444031e-02 2.754000760614871979e-02 5.101492162793874741e-03 5.239159613847732544e-02 3.381051123142242432e-02 2.807815931737422943e-02 3.812546655535697937e-02 3.202259540557861328e-02 3.629535064101219177e-02 2.046792395412921906e-02
2.005070261657238007e-02 3.709282609634101391e-04 1.233517657965421677e-02 1.239457633346319199e-02 1.432001497596502304e-02 9.877046570181846619e-03 5.873977020382881165e-02 3.862349316477775574e-02 2.831183560192584991e-02 3.212758526206016541e-02 4.540796205401420593e-02 4.604578912258148193e-01 3.486829623579978943e-02 1.782991290092468262e-01 1.795859634876251221e-02 3.374050185084342957e-02 3.454204276204109192e-02 2.442972175776958466e-02 1.742021739482879639e-02 1.492116600275039673e-02 5.275879055261611938e-03 2.116375835612416267e-03 6.594316661357879639e-02 9.106116741895675659e-02 3.691602498292922974e-02 3.501150757074356079e-02 3.108457289636135101e-02 1.654292494058609009e-01 6.216922774910926819e-04 1.253964602947235107e-01 5.141793936491012573e-02 2.031129784882068634e-02 3.266105800867080688e-02 2.740199305117130280e-02 3.512859344482421875e-03 4.860661923885345459e-03 2.972504124045372009e-02 9.954372420907020569e-03 3.632152080535888672e-02 1.526894327253103256e-02 1.711211726069450378e-02 4.870242252945899963e-02 4.637479409575462341e-02 4.592558741569519043e-02 4.313993081450462341e-02 2.445279248058795929e-02 4.886018112301826477e-02 1.617852784693241119e-02 4.780681803822517395e-02 5.691425502300262451e-02 4.197996575385332108e-03 6.887038704007863998e-03 3.068982437252998352e-02 3.958728909492492676e-02 2.842706255614757538e-02 4.372011125087738037e-02 1.092594768851995468e-02 9.325874038040637970e-03 1.331663574092090130e-03 2.121217257808893919e-04 1.641802862286567688e-02 5.734867975115776062e-02 4.307608306407928467e-02 2.446404658257961273e-02 3.831266984343528748e-02 5.366031080484390259e-02 1.249567512422800064e-02 6.358419079333543777e-03 7.165097631514072418e-03 2.931002713739871979e-02 3.952626883983612061e-02 4.392447695136070251e-02 1.673084311187267303e-02 4.272352531552314758e-02 1.941017061471939087e-02 3.082327917218208313e-02 6.593070924282073975e-02 2.349095419049263000e-02 6.280121952295303345e-02 1.230198889970779419e-02 3.204047679901123047e-02 1.359038986265659332e-02 4.975401610136032104e-02 1.179414428770542145e-02 3.154355660080909729e-02 3.302782401442527771e-02 2.146357437595725060e-03 1.420654263347387314e-02 7.443466037511825562e-02 3.390774503350257874e-02 3.705972060561180115e-02 2.435897913528606296e-04 3.173613175749778748e-02 4.163803905248641968e-02 2.242308575659990311e-03 1.444020587950944901e-02 2.426907047629356384e-02 1.764035038650035858e-02 3.307351469993591309e-02 2.850966900587081909e-02 2.221098868176341057e-03 2.291922084987163544e-02 9.129249490797519684e-03 1.174683589488267899e-02 3.750189766287803650e-02 4.701062664389610291e-02 7.394938729703426361e-03 1.017207093536853790e-02 1.706966198980808258e-03 4.863077774643898010e-02 2.894593775272369385e-02 5.422366037964820862e-02 4.753222316503524780e-02 4.901876673102378845e-02 1.849373988807201385e-02 1.212249603122472763e-02
1.038475036621093750e-01 1.364188641309738159e-01 2.585041522979736328e-02 1.961299404501914978e-02 2.682202309370040894e-02 7.318342477083206177e-02 9.953594207763671875e-02 2.918997779488563538e-02 7.554427720606327057e-03 3.151440620422363281e-02 1.317569315433502197e-01 3.486829623579978943e-02 4.939182996749877930e-01 5.365717783570289612e-02 1.064368803054094315e-02 6.022760178893804550e-03 3.807745873928070068e-02 2.554784156382083893e-02 3.122056089341640472e-02 1.655512675642967224e-02 3.735464438796043396e-02 7.119864970445632935e-02 4.857569560408592224e-02 5.306889861822128296e-02 1.518038474023342133e-02 4.239706322550773621e-02 2.197091467678546906e-02 1.115328283049166203e-03 5.078430753201246262e-03 3.811278194189071655e-02 6.821214407682418823e-02 2.099809981882572174e-02 2.164685539901256561e-02 2.340707369148731232e-02 3.491944447159767151e-02 1.508718123659491539e-03 3.909439593553543091e-02 1.746204495429992676e-02 4.960161168128252029e-04 3.846073057502508163e-03 1.875450834631919861e-02 3.802197426557540894e-02 1.933893002569675446e-02 3.656893968582153320e-02 3.247736021876335144e-02 5.683949589729309082e-02 7.760826498270034790e-02 9.045360237360000610e-02 1.171924918889999390e-02 1.299063488841056824e-02 4.408808425068855286e-02 2.381146326661109924e-02 3.719650581479072571e-02 2.584091387689113617e-02 1.611565984785556793e-02 1.885279268026351929e-02 3.288160264492034912e-02 3.109977208077907562e-02 9.358685463666915894e-03 6.783633027225732803e-03 3.549689892679452896e-03 2.899227291345596313e-02 3.995003923773765564e-02 1.349724456667900085e-02 2.279143547639250755e-03 9.183122217655181885e-02 3.549757227301597595e-02 6.872106809169054031e-03 4.771756008267402649e-02 4.840957000851631165e-03 3.799182549118995667e-02 9.091126848943531513e-04 2.351555041968822479e-02 4.662559553980827332e-02 1.695601828396320343e-02 2.957601658999919891e-02 2.466775476932525635e-02 3.367521613836288452e-02 1.135649811476469040e-02 3.615824505686759949e-02 2.424829266965389252e-02 2.493351139128208160e-02 1.142868073657155037e-03 5.413713864982128143e-03 2.282271906733512878e-02 3.333310410380363464e-02 4.563898779451847076e-03 5.122355371713638306e-02 2.690629288554191589e-02 1.182050351053476334e-02 4.559268802404403687e-02 8.891240507364273071e-02 4.499060288071632385e-02 7.776097208261489868e-02 2.939314022660255432e-02 2.653616294264793396e-02 5.096959322690963745e-02 3.826204221695661545e-03 3.709185495972633362e-02 2.730448730289936066e-02 1.049130037426948547e-02 4.063066095113754272e-02 4.166669398546218872e-02 7.708449382334947586e-03 3.112651780247688293e-02 9.250746807083487511e-04 1.751963235437870026e-02 1.779628545045852661e-02 2.438967116177082062e-02 8.665835484862327576e-03 4.062709212303161621e-02 1.801744103431701660e-02 2.277310565114021301e-02 2.485663071274757385e-02 1.645932719111442566e-02 1.268194802105426788e-02
