5.273126363754272461e-01 9.843029826879501343e-02 5.320762470364570618e-02 2.484306693077087402e-02 1.301977783441543579e-02 7.092627882957458496e-02 5.901964753866195679e-02 1.529568806290626526e-03 1.605532504618167877e-02 1.434540376067161560e-02 8.488865196704864502e-02 2.166183479130268097e-02 7.089085876941680908e-02 2.851981110870838165e-02 3.349959850311279297e-02 5.044595524668693542e-02 4.617661982774734497e-02 1.520172320306301117e-02 1.846750453114509583e-02 1.334206783212721348e-03 1.896314136683940887e-02 5.120714381337165833e-02 2.972005493938922882e-02 3.721006959676742554e-02 4.437814000993967056e-03 5.803816602565348148e-04 2.721662633121013641e-03 7.584927976131439209e-02 4.270585998892784119e-02 6.468335539102554321e-02 6.737492512911558151e-03 2.714940812438726425e-03 3.157778456807136536e-02 2.118269912898540497e-02 4.006827622652053833e-02 4.037692397832870483e-02 2.027993649244308472e-02 1.848271675407886505e-02 4.090317711234092712e-02 3.673521429300308228e-02 1.642774045467376709e-02 9.657530114054679871e-03 2.743823640048503876e-02 5.796039104461669922e-02 4.513622447848320007e-02 2.717477269470691681e-02 5.903114005923271179e-02 3.607591241598129272e-02 4.699534177780151367e-02 3.860072791576385498e-02 2.033651620149612427e-02 3.801959380507469177e-02 3.675733879208564758e-02 3.907048702239990234e-02 5.385507643222808838e-02 4.437492229044437408e-03 2.598083764314651489e-02 3.685901314020156860e-02 1.339982356876134872e-02 8.205096819438040257e-04 1.910134404897689819e-02 1.589936017990112305e-02 1.682367874309420586e-03 3.788890317082405090e-02 5.806827917695045471e-02 4.137613996863365173e-02 3.046381846070289612e-02 4.301575571298599243e-02 4.688703268766403198e-02 4.600539803504943848e-03 3.306573256850242615e-02 1.960105262696743011e-02 6.534302607178688049e-03 5.239257588982582092e-02 3.594698011875152588e-02 3.170455247163772583e-02 2.732129395008087158e-02 1.024946663528680801e-02 1.284816116094589233e-02 1.010497007519006729e-02 3.160967677831649780e-02 5.615394189953804016e-02 1.903207227587699890e-02 9.653183631598949432e-03 4.533929750323295593e-02 3.411880880594253540e-02 1.619936339557170868e-02 2.999424934387207031e-02 3.396650776267051697e-02 7.114157825708389282e-02 3.355113789439201355e-02 7.433422654867172241e-02 7.045160979032516479e-03 6.254246085882186890e-02 4.187617078423500061e-02 5.074380338191986084e-02 4.651289060711860657e-02 4.576507583260536194e-02 2.989403717219829559e-02 2.084714360535144806e-02 4.266269877552986145e-02 4.266891255974769592e-02 5.713829770684242249e-03 1.753848046064376831e-02 2.779047563672065735e-02 3.130232542753219604e-02 2.099055424332618713e-02 3.674435894936323166e-03 1.235808245837688446e-02 2.133191190659999847e-02 3.438778221607208252e-02 5.201559513807296753e-03 6.782381795346736908e-03 5.050851032137870789e-02 1.584693044424057007e-02 2.808802202343940735e-02
9.843029826879501343e-02 5.251088142395019531e-01 8.350282907485961914e-02 1.387379877269268036e-02 3.280696645379066467e-02 3.977718949317932129e-02 5.041307210922241211e-02 6.650187820196151733e-02 4.039420560002326965e-02 2.145330980420112610e-02 9.016482532024383545e-02 2.244959957897663116e-02 9.536923468112945557e-02 3.387317061424255371e-02 5.154483765363693237e-02 1.783609739504754543e-03 1.785467565059661865e-02 4.026226233690977097e-03 1.480179280042648315e-02 3.888427838683128357e-02 1.361925248056650162e-02 4.372351616621017456e-02 5.787532776594161987e-03 4.164476692676544189e-02 1.562489382922649384e-02 2.197038009762763977e-02 3.713084012269973755e-02 2.818119339644908905e-02 1.453129667788743973e-02 2.043440565466880798e-02 4.864558205008506775e-02 8.466725237667560577e-03 2.747752331197261810e-02 2.148826792836189270e-02 5.554887931793928146e-03 3.616360947489738464e-02 2.248377166688442230e-02 1.769810728728771210e-02 1.677342131733894348e-02 2.704927697777748108e-02 2.472459338605403900e-02 3.980068117380142212e-02 1.334352791309356689e-02 7.186184078454971313e-02 4.421382769942283630e-02 1.479804981499910355e-02 3.194013610482215881e-02 5.608958750963211060e-02 2.704886160790920258e-02 2.350586652755737305e-02 2.961001358926296234e-02 3.156407503411173820e-03 1.360155642032623291e-02 4.666819050908088684e-02 1.509791519492864609e-02 4.774619359523057938e-03 2.200258895754814148e-02 2.921234257519245148e-02 7.316034287214279175e-02 4.184182733297348022e-02 2.250479720532894135e-02 4.579121246933937073e-03 3.025089204311370850e-02 3.766104206442832947e-02 4.208344593644142151e-02 4.554348811507225037e-02 3.889918699860572815e-02 1.217357628047466278e-02 2.855533920228481293e-02 4.690311476588249207e-02 1.054645329713821411e-02 4.260690510272979736e-02 4.900228232145309448e-02 4.334715381264686584e-02 8.624897338449954987e-03 3.532317280769348145e-02 4.183334484696388245e-02 1.800156198441982269e-03 1.963098067790269852e-03 4.441402480006217957e-02 6.434276700019836426e-02 5.113322287797927856e-02 2.560256794095039368e-02 2.197301946580410004e-03 3.949950262904167175e-02 3.794042393565177917e-02 2.873700298368930817e-02 4.843956977128982544e-02 9.650797583162784576e-03 6.323337554931640625e-02 2.770482562482357025e-02 1.954147033393383026e-02 3.433502279222011566e-04 2.207454293966293335e-02 4.496141150593757629e-02 5.210581794381141663e-02 4.860460385680198669e-02 4.380314797163009644e-02 3.815614059567451477e-02 2.769909985363483429e-02 2.594712190330028534e-02 3.014494292438030243e-02 2.038478665053844452e-02 4.123708605766296387e-02 4.951900988817214966e-02 6.800301373004913330e-03 1.717833988368511200e-02 3.637384856119751930e-03 2.836048603057861328e-02 3.377649560570716858e-02 2.190516516566276550e-02 2.370853675529360771e-03 4.724196344614028931e-02 1.575190201401710510e-02 3.161558881402015686e-02 8.482716046273708344e-03
5.320762470364570618e-02 8.350282907485961914e-02 5.076035857200622559e-01 2.856991998851299286e-02 1.641221530735492706e-02 1.969244703650474548e-02 1.587308570742607117e-02 1.206944510340690613e-02 1.001960784196853638e-02 2.583903446793556213e-02 6.778123974800109863e-02 2.295458456501364708e-03 4.572832584381103516e-02 2.650017663836479187e-02 2.074312604963779449e-02 1.175141148269176483e-02 2.435807371512055397e-03 1.865985617041587830e-02 3.293107077479362488e-02 2.696977369487285614e-02 4.802450910210609436e-02 5.753091070801019669e-03 4.367031902074813843e-02 2.807108126580715179e-02 8.277950808405876160e-03 2.000406384468078613e-02 3.023703768849372864e-02 1.253066118806600571e-02 5.411073565483093262e-03 1.799383200705051422e-02 3.773276880383491516e-02 3.860837966203689575e-02 2.629863470792770386e-02 2.545094466768205166e-04 4.276052862405776978e-02 1.738132536411285400e-02 5.198933929204940796e-02 1.150073297321796417e-02 5.415986478328704834e-02 8.960803039371967316e-03 1.330497302114963531e-02 1.264137215912342072e-02 3.897932171821594238e-02 3.818476200103759766e-02 3.011218644678592682e-02 8.901587687432765961e-03 1.035081781446933746e-02 8.599757216870784760e-03 3.025976195931434631e-02 1.983574777841567993e-02 4.290497303009033203e-02 2.357908524572849274e-02 1.588952611200511456e-03 2.262593479827046394e-03 5.201876536011695862e-02 3.614615276455879211e-02 5.481412634253501892e-03 3.695261664688587189e-03 4.531544819474220276e-02 1.037407759577035904e-02 3.493859618902206421e-02 6.250602006912231445e-02 1.323411054909229279e-02 1.111681014299392700e-02 1.155948825180530548e-02 1.407843176275491714e-02 1.528505980968475342e-02 1.378973387181758881e-02 1.453960221260786057e-02 3.414259850978851318e-02 4.308440908789634705e-02 2.722972072660923004e-02 5.267678946256637573e-02 2.585555054247379303e-02 1.101813837885856628e-02 2.713061310350894928e-02 4.027998819947242737e-02 1.723576523363590240e-02 4.687830805778503418e-02 1.202887594699859619e-01 1.174838468432426453e-01 7.470187544822692871e-02 8.003080263733863831e-03 2.762988023459911346e-02 4.870012402534484863e-02 3.854994475841522217e-02 5.672210454940795898e-02 5.007247999310493469e-02 1.340986602008342743e-02 6.836186349391937256e-02 2.163611911237239838e-02 2.182063087821006775e-02 1.362668816000223160e-02 4.346256703138351440e-02 1.058911252766847610e-02 8.925569243729114532e-03 2.826238051056861877e-02 3.338006883859634399e-02 2.429257147014141083e-02 5.152422469109296799e-03 3.083827532827854156e-02 4.088909924030303955e-02 4.227207601070404053e-02 3.259549289941787720e-02 2.353174984455108643e-02 2.572825737297534943e-02 2.181646600365638733e-02 4.592883586883544922e-02 3.270550444722175598e-02 4.288808256387710571e-02 8.217291906476020813e-03 2.503273310139775276e-03 1.256015058606863022e-02 1.072340551763772964e-02 8.964238688349723816e-03 4.509472101926803589e-02
2.484306693077087402e-02 1.387379877269268036e-02 2.856991998851299286e-02 5.118632912635803223e-01 1.300850361585617065e-01 9.438603185117244720e-03 4.974957555532455444e-02 1.416480820626020432e-02 2.278164029121398926e-02 1.781704835593700409e-02 4.133811220526695251e-02 1.607421785593032837e-02 2.857381105422973633e-02 4.222671966999769211e-03 1.714038476347923279e-02 2.740873955190181732e-02 8.201735094189643860e-03 2.584459073841571808e-02 2.874252013862133026e-02 1.852421835064888000e-02 4.880814999341964722e-02 3.052651137113571167e-02 2.358584897592663765e-03 2.875174395740032196e-02 5.118665099143981934e-02 4.196088016033172607e-02 4.388926923274993896e-02 1.981427520513534546e-02 1.097164489328861237e-02 2.680184086784720421e-03 1.790292444638907909e-03 5.055323615670204163e-02 5.457202345132827759e-02 3.448423370718955994e-02 1.709285005927085876e-02 4.635527729988098145e-02 9.023965336382389069e-03 2.948544919490814209e-02 7.557006925344467163e-02 5.661827698349952698e-02 6.785235367715358734e-03 1.846763864159584045e-02 1.233340613543987274e-02 2.701240964233875275e-02 5.164849758148193359e-02 3.689248859882354736e-02 4.297370556741952896e-03 4.426471516489982605e-02 1.047294586896896362e-03 5.693968385457992554e-03 1.547374762594699860e-02 3.146642819046974182e-02 3.248875215649604797e-02 1.329219550825655460e-03 2.157366275787353516e-02 3.354544518515467644e-03 3.049515653401613235e-03 1.190068572759628296e-02 2.196848159655928612e-03 3.192107751965522766e-02 5.683362856507301331e-02 1.881093531847000122e-02 2.847395092248916626e-02 4.256047308444976807e-02 3.231686726212501526e-02 2.350177615880966187e-02 1.057501230388879776e-02 5.473437719047069550e-03 3.141323849558830261e-02 6.186277605593204498e-04 5.146574229001998901e-02 1.106481160968542099e-02 1.057264804840087891e-01 2.334470115602016449e-02 5.304989591240882874e-02 8.431230671703815460e-03 5.253774672746658325e-02 3.808425739407539368e-02 2.117994055151939392e-02 3.081638598814606667e-03 3.454330191016197205e-02 8.856657892465591431e-03 1.907643303275108337e-02 1.673050038516521454e-02 2.519620768725872040e-02 7.747066207230091095e-03 3.468820080161094666e-02 5.376073531806468964e-03 1.894044317305088043e-02 2.884236536920070648e-02 1.816582866013050079e-02 3.672326728701591492e-02 3.882638365030288696e-02 1.807793974876403809e-02 2.120660617947578430e-02 3.500852361321449280e-02 2.705086581408977509e-02 1.621382683515548706e-02 3.415093198418617249e-02 1.752438768744468689e-02 1.412350498139858246e-02 3.150718659162521362e-02 3.862014040350914001e-02 4.222012311220169067e-02 1.667905412614345551e-02 9.693537722341716290e-04 1.022868417203426361e-02 5.352674052119255066e-03 3.650854155421257019e-02 1.975965499877929688e-02 2.745672687888145447e-02 2.629949478432536125e-03 1.083859521895647049e-02 7.932066917419433594e-03 4.091087728738784790e-03 1.948331599123775959e-03
1.301977783441543579e-02 3.280696645379066467e-02 1.641221530735492706e-02 1.300850361585617065e-01 5.064957141876220703e-01 1.096033025532960892e-02 3.282431513071060181e-02 3.920629993081092834e-02 8.752632886171340942e-03 1.944078691303730011e-02 4.591080918908119202e-02 1.966344192624092102e-02 2.109640464186668396e-02 1.360481884330511093e-02 4.771155864000320435e-02 8.962021209299564362e-03 8.219765149988234043e-04 3.916173428297042847e-02 1.101752463728189468e-02 1.953572221100330353e-02 4.759114235639572144e-02 3.454881161451339722e-02 1.624489203095436096e-02 5.144128808751702309e-04 3.708647936582565308e-02 1.740938238799571991e-02 3.355158492922782898e-02 8.489329367876052856e-03 1.459068618714809418e-02 1.450275536626577377e-02 2.009280398488044739e-02 3.083660826086997986e-02 5.018526688218116760e-02 4.241955280303955078e-02 1.254168525338172913e-02 1.829552836716175079e-02 1.707005873322486877e-02 2.921328693628311157e-02 1.063079535961151123e-01 1.105408519506454468e-01 1.136940345168113708e-02 1.933187991380691528e-02 1.137337763793766499e-03 3.002300625666975975e-03 4.007161781191825867e-02 3.736709803342819214e-02 2.260894514620304108e-02 1.887456700205802917e-02 1.338778901845216751e-02 1.011627819389104843e-02 2.632347866892814636e-02 1.186081953346729279e-02 1.689081825315952301e-02 1.809830777347087860e-02 3.874511644244194031e-02 2.262731641530990601e-02 1.271041203290224075e-02 3.922124207019805908e-02 4.283208865672349930e-03 3.324290737509727478e-02 1.001985520124435425e-01 6.200284510850906372e-02 7.434107828885316849e-03 8.228697115555405617e-04 4.524900764226913452e-02 1.174813508987426758e-02 8.774007670581340790e-03 5.746942013502120972e-03 6.832729559391736984e-03 2.584806829690933228e-02 2.273777872323989868e-02 2.676375955343246460e-02 1.068525612354278564e-01 1.026987005025148392e-02 6.586419045925140381e-02 2.106034196913242340e-02 4.179769754409790039e-02 4.924158751964569092e-02 4.502171277999877930e-02 2.434561215341091156e-02 3.461098298430442810e-02 8.600137196481227875e-03 5.597683787345886230e-02 1.167764328420162201e-02 1.318645291030406952e-02 2.807215228676795959e-02 1.090900134295225143e-02 4.579172283411026001e-02 8.264884352684020996e-03 1.991151273250579834e-02 9.846381843090057373e-03 1.103402860462665558e-02 2.470896765589714050e-02 3.613744303584098816e-02 1.050419546663761139e-02 3.026372753083705902e-02 1.711250399239361286e-03 4.057797137647867203e-03 2.491869404911994934e-02 1.641157083213329315e-02 4.462185874581336975e-02 3.914809972047805786e-02 2.595975250005722046e-02 1.375879812985658646e-02 2.708733547478914261e-03 6.266440730541944504e-03 4.118158295750617981e-02 1.604539901018142700e-02 3.426712006330490112e-02 1.287044491618871689e-02 4.483222961425781250e-02 1.199314370751380920e-02 4.283949732780456543e-02 2.188535034656524658e-02 5.003225803375244141e-02 3.506681323051452637e-02
7.092627882957458496e-02 3.977718949317932129e-02 1.969244703650474548e-02 9.438603185117244720e-03 1.096033025532960892e-02 5.208400487899780273e-01 1.021568700671195984e-01 4.680358618497848511e-02 3.989430144429206848e-02 2.984355762600898743e-02 4.573217406868934631e-02 1.688812859356403351e-02 3.636762127280235291e-02 5.094138439744710922e-03 3.701640665531158447e-02 4.876882582902908325e-02 3.918191790580749512e-02 4.100905358791351318e-02 1.003130339086055756e-02 4.122338071465492249e-02 9.242814965546131134e-03 1.157324016094207764e-02 3.391606733202934265e-02 3.241658909246325493e-03 1.909419894218444824e-02 1.629463583230972290e-02 5.244160071015357971e-02 1.626307517290115356e-02 3.041830612346529961e-03 1.415051333606243134e-02 9.428320452570915222e-03 2.648623660206794739e-02 6.808780599385499954e-03 3.708990663290023804e-02 1.196572091430425644e-02 4.414328187704086304e-02 2.338663674890995026e-02 4.094166681170463562e-02 3.976058214902877808e-02 2.882868424057960510e-02 2.189009450376033783e-02 7.527031935751438141e-03 1.403157832100987434e-03 5.228459462523460388e-02 1.996794249862432480e-03 1.123548601754009724e-03 6.698406487703323364e-02 2.306303009390830994e-02 3.287399560213088989e-02 3.289011493325233459e-02 1.383115188218653202e-03 5.232742056250572205e-03 5.061629787087440491e-02 4.686261340975761414e-02 4.735675826668739319e-02 3.779102861881256104e-02 2.883777394890785217e-02 2.993251755833625793e-02 5.779835581779479980e-02 2.197583019733428955e-02 2.064104191958904266e-02 2.415789756923913956e-03 1.601305208168923855e-03 3.244585124775767326e-03 6.307562440633773804e-02 2.472809888422489166e-02 2.009842358529567719e-02 2.242054976522922516e-02 3.346012905240058899e-02 8.298767358064651489e-02 1.400288008153438568e-02 4.136643186211585999e-02 3.243490308523178101e-02 4.410459101200103760e-02 2.231568098068237305e-02 1.612087339162826538e-02 4.647024720907211304e-02 5.189616698771715164e-03 6.001203786581754684e-03 1.807232038117945194e-03 4.467128589749336243e-02 3.371741995215415955e-02 3.015249408781528473e-02 2.994178235530853271e-02 1.559791900217533112e-02 1.829451881349086761e-02 6.566528230905532837e-03 1.450841687619686127e-02 1.576207578182220459e-02 4.696228355169296265e-02 1.626801490783691406e-02 8.982822299003601074e-02 3.444942180067300797e-03 6.538800150156021118e-02 5.056821927428245544e-02 3.843910619616508484e-02 1.397411618381738663e-02 1.681327261030673981e-02 3.145604208111763000e-02 4.482943937182426453e-02 6.307712290436029434e-03 2.199124731123447418e-02 1.436626259237527847e-02 2.581310085952281952e-02 2.186605008319020271e-03 3.264497593045234680e-02 3.789579495787620544e-02 3.093129955232143402e-02 1.477043423801660538e-02 2.410910092294216156e-02 3.163515031337738037e-02 1.084655243903398514e-02 4.503008723258972168e-02 6.914313416928052902e-03 5.517332255840301514e-02 4.511716589331626892e-02
5.901964753866195679e-02 5.041307210922241211e-02 1.587308570742607117e-02 4.974957555532455444e-02 3.282431513071060181e-02 1.021568700671195984e-01 5.175110697746276855e-01 1.401480752974748611e-03 8.635614067316055298e-03 2.452013082802295685e-02 4.382206127047538757e-02 1.809928007423877716e-02 5.086500942707061768e-02 3.037391044199466705e-02 2.745814435184001923e-02 1.116255298256874084e-02 1.356834359467029572e-02 4.589663445949554443e-02 7.119757123291492462e-03 4.565456137061119080e-02 7.889153435826301575e-03 2.114471979439258575e-02 1.779243350028991699e-03 2.207546122372150421e-02 5.492443684488534927e-03 1.066545862704515457e-02 2.545977570116519928e-02 2.450125105679035187e-02 5.555383488535881042e-02 1.039110869169235229e-02 3.491445258259773254e-02 4.943486303091049194e-02 4.386858642101287842e-02 3.073816187679767609e-02 1.893463730812072754e-02 1.941038668155670166e-02 3.719834610819816589e-02 5.201109126210212708e-02 1.570835011079907417e-04 1.005594851449131966e-03 5.980748683214187622e-03 2.982816286385059357e-02 2.449247613549232483e-02 2.401545643806457520e-02 3.432675451040267944e-02 2.861780300736427307e-02 5.498599261045455933e-02 6.389399617910385132e-02 1.246563345193862915e-02 3.894668072462081909e-02 4.377076402306556702e-02 2.377462759613990784e-02 2.336805500090122223e-02 4.173815250396728516e-02 2.410049736499786377e-02 3.758984804153442383e-02 3.391614928841590881e-02 5.836515221744775772e-03 2.317583002150058746e-02 5.387946031987667084e-03 2.594644762575626373e-02 4.303964972496032715e-02 1.037708763033151627e-02 2.656004019081592560e-02 4.130531102418899536e-02 3.285486623644828796e-02 2.631673961877822876e-02 2.623067051172256470e-02 3.472289815545082092e-02 5.083197355270385742e-02 1.338953524827957153e-02 3.634354844689369202e-02 3.570356592535972595e-02 1.705680973827838898e-02 4.524300247430801392e-02 1.935767754912376404e-02 2.745299600064754486e-02 1.839482225477695465e-02 4.912275820970535278e-02 3.181956708431243896e-02 4.312619939446449280e-02 2.935077622532844543e-02 9.157537482678890228e-03 2.755487896502017975e-02 3.947842493653297424e-02 4.354000464081764221e-02 8.791320724412798882e-04 2.074733749032020569e-02 5.066803470253944397e-02 2.160472422838211060e-02 2.332941442728042603e-02 7.496939599514007568e-02 6.233972497284412384e-03 6.052896380424499512e-02 2.067438699305057526e-02 1.656495966017246246e-02 2.519336156547069550e-02 1.581690739840269089e-03 2.521524205803871155e-02 4.024006426334381104e-02 1.866706833243370056e-02 3.285596892237663269e-02 2.804668061435222626e-02 2.623579464852809906e-02 5.380937084555625916e-02 2.893716841936111450e-02 1.515464857220649719e-02 1.016360335052013397e-02 7.369735278189182281e-03 2.066975645720958710e-02 1.404133811593055725e-02 1.390767749398946762e-02 1.595114171504974365e-02 1.497696992009878159e-02 1.812900416553020477e-02 2.317320927977561951e-02
1.529568806290626526e-03 6.650187820196151733e-02 1.206944510340690613e-02 1.416480820626020432e-02 3.920629993081092834e-02 4.680358618497848511e-02 1.401480752974748611e-03 4.865262210369110107e-01 1.514455210417509079e-02 3.524903580546379089e-02 1.410587807185947895e-03 2.774251066148281097e-02 2.263385429978370667e-02 4.235294461250305176e-02 6.539982557296752930e-02 1.073127728886902332e-03 1.461669616401195526e-02 4.217053949832916260e-02 2.504648081958293915e-02 3.106838837265968323e-02 1.121836900711059570e-02 3.589503839612007141e-02 2.491416409611701965e-03 3.206381574273109436e-02 1.100707054138183594e-02 1.007690187543630600e-02 6.056992337107658386e-02 8.242678828537464142e-03 3.310299664735794067e-02 5.543095176108181477e-04 7.413689792156219482e-02 1.868653669953346252e-02 2.305520698428153992e-02 3.931333869695663452e-02 2.176900207996368408e-02 1.950825937092304230e-02 1.924777589738368988e-02 3.986522555351257324e-02 1.984207332134246826e-02 3.397563472390174866e-02 3.078900836408138275e-02 3.082340396940708160e-02 4.570313915610313416e-02 9.249676950275897980e-03 1.620947034098207951e-03 1.307789795100688934e-02 4.912663623690605164e-02 2.316263690590858459e-02 2.398789487779140472e-02 2.896506525576114655e-02 5.060146749019622803e-02 5.399918928742408752e-02 4.012148082256317139e-02 2.894100546836853027e-02 1.100206188857555389e-02 2.611614018678665161e-02 1.951569318771362305e-02 2.723908983170986176e-02 8.957751095294952393e-02 1.971108652651309967e-02 2.316600643098354340e-02 2.309784479439258575e-02 1.151951029896736145e-02 1.824796083383262157e-03 3.315946087241172791e-02 4.884190112352371216e-02 2.363000251352787018e-02 5.353043321520090103e-03 4.922541603446006775e-02 3.527253493666648865e-02 3.213120624423027039e-03 3.592040017247200012e-02 2.027694135904312134e-02 3.881769627332687378e-02 6.865675002336502075e-02 5.307869613170623779e-02 1.767576858401298523e-02 3.270998597145080566e-02 1.193484291434288025e-02 4.127135500311851501e-02 2.168315835297107697e-02 1.845028623938560486e-02 2.744646370410919189e-02 7.808297127485275269e-02 2.327043749392032623e-02 1.584948413074016571e-02 2.399236895143985748e-02 1.905796304345130920e-02 1.119976211339235306e-02 1.176702138036489487e-02 9.670687839388847351e-03 1.169142127037048340e-02 3.370800986886024475e-02 3.214250132441520691e-02 4.370642453432083130e-02 2.428337186574935913e-02 1.021780353039503098e-02 7.871913909912109375e-02 1.023121830075979233e-02 3.864834085106849670e-02 3.524197638034820557e-02 2.832216396927833557e-02 2.162897214293479919e-02 2.250247634947299957e-02 1.181330624967813492e-02 1.536533702164888382e-02 5.248080007731914520e-03 6.688802503049373627e-03 4.035970196127891541e-02 6.079797446727752686e-02 2.059354260563850403e-02 1.746309548616409302e-02 2.355439402163028717e-02 3.869993239641189575e-02 6.779861170798540115e-03 2.981842495501041412e-02
1.605532504618167877e-02 4.039420560002326965e-02 1.001960784196853638e-02 2.278164029121398926e-02 8.752632886171340942e-03 3.989430144429206848e-02 8.635614067316055298e-03 1.514455210417509079e-02 5.195342302322387695e-01 7.435189187526702881e-02 3.986988961696624756e-02 4.875002428889274597e-02 2.522844262421131134e-02 3.363314643502235413e-02 1.280761603266000748e-02 4.789950326085090637e-02 5.602668598294258118e-02 9.933229302987456322e-04 4.263543710112571716e-02 3.779748687520623207e-03 1.461676973849534988e-02 1.800525747239589691e-02 2.434124238789081573e-02 3.601089119911193848e-03 3.269586246460676193e-03 1.879929192364215851e-02 4.494986310601234436e-02 5.107131600379943848e-02 4.782446473836898804e-02 4.377610608935356140e-02 8.591270307078957558e-04 8.971569128334522247e-03 5.436736159026622772e-03 1.971157081425189972e-02 3.037420287728309631e-02 3.872244805097579956e-02 1.217795908451080322e-02 8.411059156060218811e-03 2.308689057826995850e-02 2.620497718453407288e-02 2.503992617130279541e-02 1.501406077295541763e-02 3.657760471105575562e-02 2.297185920178890228e-02 6.052428856492042542e-03 1.036267075687646866e-02 5.236078519374132156e-03 2.366551756858825684e-02 6.908471114002168179e-04 3.265385748818516731e-03 2.644671127200126648e-03 4.642902314662933350e-02 2.189354598522186279e-02 5.029376223683357239e-02 5.531609524041414261e-03 3.389334306120872498e-02 3.791771829128265381e-02 2.369753271341323853e-02 4.611897841095924377e-02 1.198345981538295746e-02 3.449034877121448517e-03 4.829412326216697693e-02 2.970661781728267670e-02 4.012234508991241455e-02 2.129139611497521400e-04 4.153383523225784302e-02 1.388953533023595810e-02 3.315483406186103821e-02 3.439858183264732361e-02 4.638756439089775085e-02 2.737064100801944733e-02 3.271085023880004883e-02 8.626784197986125946e-03 4.209645092487335205e-02 1.390478340908885002e-03 3.037811443209648132e-02 2.023698948323726654e-02 3.374034911394119263e-02 1.312997192144393921e-02 2.543676272034645081e-02 2.703956142067909241e-02 4.832303896546363831e-02 1.966883800923824310e-02 2.212148346006870270e-02 1.152641838416457176e-03 4.180274903774261475e-02 3.040515817701816559e-02 3.055699169635772705e-02 5.634739622473716736e-02 1.060421112924814224e-02 5.612652003765106201e-02 4.223440960049629211e-02 1.504673273302614689e-03 1.735158637166023254e-02 4.053434729576110840e-02 3.622657433152198792e-02 2.096638455986976624e-02 2.245211414992809296e-02 3.981137648224830627e-02 7.358389906585216522e-03 6.575294304639101028e-03 4.317468963563442230e-03 6.940805906197056174e-05 9.977953508496284485e-03 3.879635781049728394e-02 4.822448641061782837e-02 2.606168203055858612e-02 5.580680072307586670e-02 7.892284542322158813e-03 1.685709878802299500e-02 3.611284494400024414e-02 4.100277647376060486e-02 2.326080575585365295e-02 7.357391063123941422e-03 1.656650938093662262e-02 3.361191973090171814e-02
1.434540376067161560e-02 2.145330980420112610e-02 2.583903446793556213e-02 1.781704835593700409e-02 1.944078691303730011e-02 2.984355762600898743e-02 2.452013082802295685e-02 3.524903580546379089e-02 7.435189187526702881e-02 5.128086805343627930e-01 1.169081963598728180e-02 1.517938636243343353e-02 1.588052883744239807e-02 1.585105061531066895e-02 1.067689154297113419e-03 2.431366126984357834e-03 2.608650177717208862e-02 2.927826158702373505e-02 9.263391792774200439e-02 3.439503535628318787e-02 3.510468825697898865e-02 5.405605211853981018e-02 2.507529407739639282e-02 1.100218016654253006e-02 1.399565115571022034e-02 3.015251457691192627e-02 1.623193919658660889e-02 4.545265436172485352e-02 2.306995354592800140e-02 3.367915749549865723e-02 1.412010751664638519e-02 1.356981601566076279e-02 5.514561384916305542e-02 2.419801615178585052e-02 4.401011765003204346e-02 3.071599639952182770e-02 3.842623159289360046e-02 1.841000467538833618e-02 2.900731563568115234e-02 1.843095570802688599e-02 3.906883299350738525e-02 1.494361204095184803e-03 2.494098246097564697e-02 3.019661270081996918e-02 1.674370840191841125e-02 3.154638037085533142e-02 1.268800534307956696e-02 1.714220084249973297e-02 2.212752215564250946e-02 4.760195314884185791e-02 4.454460740089416504e-02 2.759530209004878998e-03 3.224026411771774292e-02 2.744418010115623474e-02 4.505029320716857910e-02 9.920950978994369507e-02 1.618479564785957336e-02 3.024681098759174347e-02 2.188977785408496857e-02 3.019517473876476288e-02 1.231728494167327881e-02 2.898500533774495125e-03 4.015696793794631958e-02 4.291268438100814819e-02 8.135370910167694092e-03 5.420132540166378021e-03 1.654022373259067535e-02 1.419980172067880630e-02 1.162999868392944336e-02 7.920821197330951691e-03 1.115297153592109680e-02 3.661194443702697754e-02 5.114815384149551392e-02 5.302546545863151550e-03 2.235976047813892365e-02 5.496602505445480347e-02 3.756539151072502136e-02 5.540744960308074951e-02 4.540961980819702148e-02 5.232162773609161377e-03 3.101043961942195892e-02 4.647324793040752411e-03 7.309665437787771225e-03 3.274186328053474426e-02 5.644050543196499348e-04 4.365894198417663574e-02 3.260108828544616699e-02 5.080055072903633118e-02 5.200220644474029541e-02 8.422844111919403076e-02 2.181091578677296638e-03 1.753547415137290955e-02 3.125764662399888039e-03 1.770575158298015594e-02 3.392605111002922058e-02 3.663532808423042297e-02 6.109330058097839355e-02 1.698291301727294922e-02 2.019641175866127014e-02 9.674846194684505463e-03 5.914364475756883621e-03 1.236451417207717896e-02 5.874995607882738113e-03 8.966234745457768440e-04 4.430166445672512054e-03 3.564599668607115746e-03 2.836762554943561554e-02 7.355102337896823883e-03 1.460623927414417267e-02 5.556502565741539001e-02 5.312925949692726135e-02 4.913253337144851685e-02 5.341782793402671814e-02 1.297446526587009430e-02 2.066537365317344666e-02 4.819793626666069031e-02
8.488865196704864502e-02 9.016482532024383545e-02 6.778123974800109863e-02 4.133811220526695251e-02 4.591080918908119202e-02 4.573217406868934631e-02 4.382206127047538757e-02 1.410587807185947895e-03 3.986988961696624756e-02 1.169081963598728180e-02 5.248769521713256836e-01 3.190642967820167542e-02 9.310316294431686401e-02 1.448102411814033985e-03 3.597360476851463318e-02 1.568080857396125793e-02 1.068911142647266388e-02 1.831406168639659882e-02 4.265243560075759888e-02 1.770560070872306824e-02 2.344201551750302315e-03 5.549145489931106567e-02 2.554330276325345039e-03 1.901958324015140533e-02 1.578241027891635895e-02 2.436462230980396271e-02 2.148946374654769897e-02 3.807268291711807251e-02 1.279493980109691620e-02 3.182663023471832275e-02 2.169541269540786743e-02 1.064438023604452610e-03 4.908024519681930542e-02 2.712642773985862732e-02 2.010598964989185333e-02 3.697489202022552490e-02 2.044442296028137207e-02 2.519716508686542511e-02 8.889539167284965515e-03 1.091465633362531662e-02 4.849412292242050171e-02 1.279107853770256042e-02 1.096781436353921890e-02 5.910485237836837769e-02 4.755932837724685669e-03 1.540650893002748489e-02 2.664494141936302185e-02 1.501002535223960876e-02 2.961864136159420013e-02 2.053727395832538605e-02 9.082299657166004181e-03 1.150845084339380264e-02 1.756892167031764984e-02 4.741766676306724548e-02 3.521512448787689209e-02 2.344943815842270851e-03 5.140026286244392395e-02 8.298587985336780548e-03 3.536818176507949829e-02 2.824227698147296906e-02 3.711705654859542847e-02 1.595301367342472076e-02 1.122225308790802956e-03 2.167123183608055115e-02 4.125132039189338684e-02 4.668690636754035950e-02 3.318952769041061401e-02 1.970776170492172241e-02 1.539851818233728409e-02 2.237773686647415161e-02 1.699449867010116577e-02 3.404256701469421387e-02 4.897329583764076233e-02 4.694869369268417358e-02 5.705151706933975220e-03 9.517970494925975800e-03 1.889286562800407410e-02 4.215586557984352112e-02 8.129886351525783539e-03 5.423257499933242798e-02 4.609259590506553650e-02 6.278920173645019531e-02 4.699416458606719971e-02 1.874355226755142212e-02 3.199022263288497925e-02 4.430064186453819275e-02 3.090263716876506805e-02 3.831883147358894348e-02 1.590482518076896667e-02 5.560263618826866150e-02 1.834220718592405319e-03 3.593144193291664124e-02 3.125706315040588379e-02 1.478225365281105042e-02 2.982137724757194519e-02 3.557022660970687866e-02 3.674503788352012634e-02 2.697351388633251190e-02 1.845067739486694336e-02 2.886492200195789337e-02 3.410669416189193726e-02 4.228889569640159607e-02 4.191345535218715668e-03 1.274901721626520157e-02 2.082054503262042999e-02 4.262097179889678955e-02 1.471722405403852463e-02 1.829858869314193726e-02 1.627475023269653320e-02 3.611121699213981628e-02 4.520483687520027161e-02 1.801535114645957947e-02 3.868313878774642944e-02 9.510067291557788849e-03 2.074383199214935303e-02 1.001059822738170624e-02
2.166183479130268097e-02 2.244959957897663116e-02 2.295458456501364708e-03 1.607421785593032837e-02 1.966344192624092102e-02 1.688812859356403351e-02 1.809928007423877716e-02 2.774251066148281097e-02 4.875002428889274597e-02 1.517938636243343353e-02 3.190642967820167542e-02 5.126159191131591797e-01 4.109097272157669067e-02 1.474023908376693726e-01 3.506742417812347412e-02 1.217300351709127426e-02 1.227124594151973724e-03 1.273191533982753754e-02 3.332446143031120300e-02 3.659256547689437866e-02 2.974395640194416046e-02 2.208084240555763245e-02 1.412618998438119888e-02 1.954103447496891022e-02 2.006883732974529266e-02 1.628703251481056213e-02 4.183297604322433472e-02 3.718270361423492432e-02 3.643191186711192131e-03 3.746435046195983887e-02 3.976178541779518127e-02 2.422570064663887024e-02 2.553412131965160370e-02 4.424192756414413452e-02 3.229035437107086182e-02 9.295901283621788025e-03 2.831417694687843323e-02 4.645870998501777649e-02 4.492080956697463989e-02 3.869645670056343079e-02 7.710155565291643143e-03 2.569229342043399811e-02 3.823091089725494385e-02 2.655134536325931549e-02 1.367201954126358032e-01 1.059957314282655716e-02 4.522933438420295715e-02 3.218907490372657776e-02 3.780143707990646362e-02 3.537686914205551147e-02 4.597335308790206909e-02 6.988891400396823883e-04 2.871133387088775635e-03 4.070558119565248489e-03 4.862920567393302917e-02 2.407442219555377960e-02 3.349218145012855530e-02 4.092121962457895279e-03 3.579292446374893188e-02 2.443955838680267334e-02 1.713667623698711395e-02 4.963489994406700134e-02 1.670982874929904938e-02 1.165532972663640976e-02 4.611789062619209290e-02 3.372836625203490257e-03 4.318623989820480347e-02 4.223502054810523987e-02 1.559703797101974487e-02 4.102661460638046265e-02 2.901371009647846222e-02 1.406730059534311295e-02 4.050618037581443787e-02 2.646756125614047050e-03 3.208008036017417908e-02 1.157564576715230942e-02 6.867077201604843140e-02 9.893248230218887329e-02 3.917566500604152679e-03 1.863893866539001465e-02 4.644698929041624069e-03 3.019449859857559204e-02 4.249893128871917725e-02 1.195548661053180695e-02 9.014469571411609650e-03 1.537437178194522858e-02 1.078328210860490799e-02 7.922908291220664978e-03 4.450837150216102600e-02 6.248253863304853439e-03 1.093098614364862442e-02 3.083113580942153931e-02 2.621940150856971741e-02 3.694393858313560486e-02 4.180770367383956909e-02 9.346279315650463104e-03 4.124950990080833435e-02 3.060456924140453339e-02 1.767193665727972984e-03 7.962763193063437939e-04 3.175082802772521973e-02 2.424958720803260803e-02 6.270860321819782257e-04 7.579695084132254124e-04 2.570512332022190094e-02 4.071282688528299332e-03 1.493760384619235992e-02 1.793969981372356415e-02 3.401454910635948181e-02 3.953779581934213638e-03 2.982357330620288849e-02 2.476176992058753967e-02 7.835956639610230923e-04 2.614235505461692810e-02 5.928161088377237320e-03 9.011316113173961639e-03
7.089085876941680908e-02 9.536923468112945557e-02 4.572832584381103516e-02 2.857381105422973633e-02 2.109640464186668396e-02 3.636762127280235291e-02 5.086500942707061768e-02 2.263385429978370667e-02 2.522844262421131134e-02 1.588052883744239807e-02 9.310316294431686401e-02 4.109097272157669067e-02 5.246814489364624023e-01 1.234382856637239456e-02 3.441805765032768250e-02 1.445163879543542862e-02 9.456321597099304199e-03 1.479659881442785263e-02 4.491640999913215637e-02 5.315421149134635925e-02 2.815630286931991577e-03 5.351164191961288452e-02 9.049400687217712402e-03 3.181441128253936768e-02 1.067049242556095123e-02 4.281339421868324280e-02 1.529035344719886780e-02 1.762864738702774048e-02 2.073484240099787712e-03 9.915872476994991302e-03 3.383181616663932800e-02 3.403861820697784424e-02 4.884543642401695251e-02 2.783949486911296844e-03 1.868354342877864838e-02 1.961864531040191650e-02 3.535868972539901733e-02 4.246085509657859802e-02 1.468334667151793838e-04 1.300370902754366398e-03 5.234740674495697021e-02 2.701231464743614197e-02 2.265919372439384460e-02 7.092801481485366821e-02 1.663720048964023590e-02 2.699885144829750061e-02 3.317777067422866821e-02 5.753543600440025330e-02 3.765428438782691956e-02 2.191175520420074463e-02 1.755627244710922241e-02 4.983124323189258575e-03 6.275909952819347382e-03 2.722695469856262207e-02 4.474522545933723450e-02 2.570647932589054108e-02 4.378260672092437744e-02 1.854956150054931641e-02 6.826681643724441528e-02 5.352343991398811340e-02 4.370502382516860962e-02 1.215870119631290436e-02 4.310800693929195404e-03 4.685604199767112732e-02 4.821314662694931030e-02 7.072748243808746338e-02 3.624756634235382080e-02 1.597063965164124966e-04 2.180122584104537964e-02 2.779354713857173920e-02 1.082425098866224289e-02 3.713414818048477173e-02 3.880553320050239563e-02 5.012758448719978333e-02 1.968286186456680298e-02 1.605296134948730469e-02 2.203660458326339722e-02 3.454304486513137817e-02 2.868251409381628036e-03 2.222613804042339325e-02 3.845655173063278198e-02 4.018143936991691589e-02 4.198293760418891907e-02 4.261368885636329651e-02 4.685689136385917664e-02 3.278905153274536133e-02 1.439326815307140350e-02 4.187406599521636963e-02 1.189128961414098740e-02 3.813844919204711914e-02 1.854130625724792480e-02 2.570545859634876251e-02 2.601152984425425529e-03 2.226551994681358337e-02 2.868351340293884277e-02 3.166994079947471619e-02 1.549539808183908463e-02 3.652083501219749451e-02 2.502898126840591431e-02 4.332410171627998352e-02 3.751329332590103149e-02 3.614692389965057373e-02 9.717261418700218201e-03 1.270663831382989883e-02 4.839454218745231628e-02 2.092617563903331757e-02 2.303686924278736115e-02 2.040663734078407288e-02 2.913810685276985168e-02 2.680029347538948059e-02 2.741200104355812073e-02 3.834626637399196625e-03 5.094573646783828735e-02 7.055246271193027496e-03 3.141887858510017395e-02 3.273709863424301147e-02
