5.766944289207458496e-01 1.349755674600601196e-01 7.871514186263084412e-03 6.686751544475555420e-02 6.494082510471343994e-02 1.029442101716995239e-01 6.867585331201553345e-02 3.265121579170227051e-02 4.682027548551559448e-02 3.799560293555259705e-02 1.059859469532966614e-01 2.365398034453392029e-02 8.861602097749710083e-02 4.246120154857635498e-02 3.681613598018884659e-03 9.358309907838702202e-04 2.073923312127590179e-02 1.027501188218593597e-02 2.615512348711490631e-02 4.428764060139656067e-02 9.725059382617473602e-03 5.892926082015037537e-02 3.615677729249000549e-02 3.588816896080970764e-02 1.050227601081132889e-02 3.922162204980850220e-02 5.601305887103080750e-02 9.810391929931938648e-05 2.298970893025398254e-02 3.787426277995109558e-02 1.484418660402297974e-02 2.941417274996638298e-03 1.984477974474430084e-02 1.220462564378976822e-02 8.908566087484359741e-04 3.678145352751016617e-03 9.460181929171085358e-03 2.645453065633773804e-02 1.365520898252725601e-02 1.923819258809089661e-02 3.511202707886695862e-02 1.582733704708516598e-03 1.051642652601003647e-02 2.612977661192417145e-02 4.261563718318939209e-02 2.466132864356040955e-02 7.010034471750259399e-02 5.238048359751701355e-02 3.569847438484430313e-03 1.172528602182865143e-02 4.957675188779830933e-02 3.185560554265975952e-02 1.876216381788253784e-02 2.468938194215297699e-02 2.403494156897068024e-02 3.430477529764175415e-02 1.817081309854984283e-02 3.210767731070518494e-02 2.576614357531070709e-02 7.232324220240116119e-03 1.610150747001171112e-02 8.864595554769039154e-03 1.870623603463172913e-02 2.440544962882995605e-02 3.985738847404718399e-03 8.262235671281814575e-03 9.501013904809951782e-03 8.269440382719039917e-03 5.215411540120840073e-03 7.086263503879308701e-03 1.775896525941789150e-03 1.763682067394256592e-02 5.203901603817939758e-02 3.426595032215118408e-02 6.404096633195877075e-02 2.714585699141025543e-02 5.205691326409578323e-03 4.179114475846290588e-02 1.145256496965885162e-02 1.317000854760408401e-02 1.381625607609748840e-02 2.362099476158618927e-02 3.742061927914619446e-02 1.772346347570419312e-02 1.262935250997543335e-02 3.191709518432617188e-02 1.258936524391174316e-02 3.170298412442207336e-02 4.098354652523994446e-02 3.362785652279853821e-02 2.074033953249454498e-02 3.259509429335594177e-02 1.807151734828948975e-02 3.539026249200105667e-03 9.509611874818801880e-03 1.981332711875438690e-02 2.048658952116966248e-02 9.566421620547771454e-03 1.926860213279724121e-02 2.296772971749305725e-02 3.375603258609771729e-02 4.557527601718902588e-02 1.881674863398075104e-02 4.679233580827713013e-02 1.152506098151206970e-03 5.095012113451957703e-02 3.159194067120552063e-02 3.014480322599411011e-02 4.020773991942405701e-02 1.763053797185420990e-02 2.780568599700927734e-02 3.116956166923046112e-02 1.333902869373559952e-02 1.611387170851230621e-02 3.402310982346534729e-02 8.990660309791564941e-03
1.349755674600601196e-01 5.792562365531921387e-01 3.494317829608917236e-02 3.735500946640968323e-02 5.403141304850578308e-02 9.559228271245956421e-02 1.004927232861518860e-01 2.909587137401103973e-02 2.636462636291980743e-02 1.563894189894199371e-02 1.079564765095710754e-01 7.907376857474446297e-04 9.001348167657852173e-02 8.375664241611957550e-03 1.532441936433315277e-03 5.391904618591070175e-03 1.928096450865268707e-02 1.734844967722892761e-02 3.274677693843841553e-02 4.741925373673439026e-02 1.467059645801782608e-02 5.311772599816322327e-02 3.770550340414047241e-02 4.168010875582695007e-02 8.804802782833576202e-03 3.342010080814361572e-02 3.951681032776832581e-02 2.635634131729602814e-02 1.098544709384441376e-02 9.763333946466445923e-04 3.295741975307464600e-02 2.515329048037528992e-02 4.879881627857685089e-03 2.437941543757915497e-02 5.766540765762329102e-03 5.275290925055742264e-03 1.289282646030187607e-02 2.143323235213756561e-02 1.332817412912845612e-02 4.339858889579772949e-02 3.086798638105392456e-02 9.366962127387523651e-03 1.287473738193511963e-02 1.825946941971778870e-02 1.434313319623470306e-02 1.303631812334060669e-02 8.367723971605300903e-02 8.410770446062088013e-02 1.144134439527988434e-02 9.304918348789215088e-03 3.981712087988853455e-02 2.016489207744598389e-02 3.642697632312774658e-02 2.712278626859188080e-02 3.515318036079406738e-02 2.559383586049079895e-02 9.620314463973045349e-03 3.780903667211532593e-02 2.056173048913478851e-02 2.747776452451944351e-03 9.860822930932044983e-03 1.257942989468574524e-02 1.301324460655450821e-02 1.471446361392736435e-02 6.459123454988002777e-03 5.544120911508798599e-03 2.716780267655849457e-02 2.113699354231357574e-02 1.984511874616146088e-02 1.557392440736293793e-02 3.080896288156509399e-02 3.153919056057929993e-02 3.579878062009811401e-02 3.913054615259170532e-02 5.116871744394302368e-02 5.087623372673988342e-02 2.275876700878143311e-02 4.267685115337371826e-02 6.314914673566818237e-03 1.419481239281594753e-03 1.531187351793050766e-02 1.044987514615058899e-02 2.951801288872957230e-03 4.139435477554798126e-03 3.453612327575683594e-02 6.876039784401655197e-03 1.706350035965442657e-02 3.365626931190490723e-02 5.034753680229187012e-02 8.581275120377540588e-03 4.486679285764694214e-02 2.392384968698024750e-02 6.075822934508323669e-02 1.576870307326316833e-02 4.253641702234745026e-03 2.099814126268029213e-03 3.455448662862181664e-03 3.301139175891876221e-02 4.074063152074813843e-02 4.959028214216232300e-02 2.459946274757385254e-02 4.439279064536094666e-02 2.479668147861957550e-02 2.475411258637905121e-02 1.582937315106391907e-02 2.419862523674964905e-02 2.423661202192306519e-02 2.742515504360198975e-02 2.790708653628826141e-02 4.020182415843009949e-02 1.883264817297458649e-02 3.989908844232559204e-02 2.031299844384193420e-02 1.257768087089061737e-02 6.578087806701660156e-03 1.652834191918373108e-02
7.871514186263084412e-03 3.494317829608917236e-02 5.440791249275207520e-01 1.107558235526084900e-02 3.892828943207859993e-03 3.128122165799140930e-02 1.433410774916410446e-02 1.377528905868530273e-01 4.520173370838165283e-02 5.698875058442354202e-03 1.994252949953079224e-02 3.938285633921623230e-02 3.696548566222190857e-02 1.497107278555631638e-02 2.864748798310756683e-02 4.950111266225576401e-03 1.075993478298187256e-02 1.054278761148452759e-02 5.246090702712535858e-03 1.219339482486248016e-02 1.424905564635992050e-02 2.488800324499607086e-02 2.688782755285501480e-03 2.643455937504768372e-02 2.629830874502658844e-02 5.567901302129030228e-03 3.604960069060325623e-02 4.585738107562065125e-02 5.007263645529747009e-02 1.947494409978389740e-02 1.616793684661388397e-02 7.827789522707462311e-03 2.550503425300121307e-02 7.215067744255065918e-03 3.324599564075469971e-02 4.443273320794105530e-02 2.412978559732437134e-02 4.104179888963699341e-02 2.779336646199226379e-02 1.527150440961122513e-02 6.725693121552467346e-03 3.138728439807891846e-02 1.273825857788324356e-02 1.001185085624456406e-02 1.468318141996860504e-02 6.429162621498107910e-02 4.303772468119859695e-03 6.956380821065977216e-05 7.815051823854446411e-03 1.945065148174762726e-02 3.894367069005966187e-02 3.878194838762283325e-02 1.920396462082862854e-02 1.598517037928104401e-02 1.858234219253063202e-02 1.874514110386371613e-02 2.541457675397396088e-02 1.604622416198253632e-02 2.838853746652603149e-02 2.591691911220550537e-02 3.409112244844436646e-02 2.935605309903621674e-02 2.904921397566795349e-02 5.424214061349630356e-03 6.636885809712111950e-04 1.346415467560291290e-02 4.163657128810882568e-02 1.566872559487819672e-02 1.278334669768810272e-02 7.353557273745536804e-03 7.242102175951004028e-03 3.186636418104171753e-02 1.049727015197277069e-02 1.457401271909475327e-02 3.280713781714439392e-02 1.938721630722284317e-03 6.212783511728048325e-03 1.191086880862712860e-02 1.372656784951686859e-02 2.706487197428941727e-03 1.911825984716415405e-01 6.507458537817001343e-02 2.368201501667499542e-02 2.446616534143686295e-03 2.603388018906116486e-02 2.116780262440443039e-03 2.054689265787601471e-02 6.776780821382999420e-03 7.581258192658424377e-03 3.869407251477241516e-02 1.002347283065319061e-02 2.303058467805385590e-02 2.528689056634902954e-02 2.863993868231773376e-02 3.579413518309593201e-02 2.032430097460746765e-02 1.295077987015247345e-02 6.789161823689937592e-03 2.672108449041843414e-02 1.655718684196472168e-02 1.191510632634162903e-02 4.471363872289657593e-02 2.985741943120956421e-02 3.096780739724636078e-02 2.333113551139831543e-02 1.705772988498210907e-02 3.201034665107727051e-02 2.432225272059440613e-02 1.412887871265411377e-02 4.030741751194000244e-02 4.366522282361984253e-02 3.686204180121421814e-02 1.995705813169479370e-02 3.454026067629456520e-03 6.602474604733288288e-04 1.600648090243339539e-02
6.686751544475555420e-02 3.735500946640968323e-02 1.107558235526084900e-02 5.880895256996154785e-01 1.315037012100219727e-01 4.855350032448768616e-02 9.123429772444069386e-04 3.129241615533828735e-02 5.012121982872486115e-03 1.979193650186061859e-02 1.433440390974283218e-02 2.273265505209565163e-03 1.850017718970775604e-02 1.170649286359548569e-02 3.508677706122398376e-02 1.540844794362783432e-02 3.944561816751956940e-03 2.287117950618267059e-02 1.234476920217275620e-03 4.481275379657745361e-02 4.322193935513496399e-02 4.193864762783050537e-02 2.282582037150859833e-02 4.468777775764465332e-02 1.274076662957668304e-02 4.485593177378177643e-03 2.929936163127422333e-02 3.323809802532196045e-02 3.299536928534507751e-02 2.622842043638229370e-02 9.262190200388431549e-03 4.818186908960342407e-02 8.075895160436630249e-02 3.932616859674453735e-02 5.519265308976173401e-02 4.139355570077896118e-02 1.891259290277957916e-02 7.702038274146616459e-04 1.945923268795013428e-02 1.719145849347114563e-02 1.920058205723762512e-02 1.813124981708824635e-03 2.288206666707992554e-02 3.065115958452224731e-02 5.716761108487844467e-03 2.267627744004130363e-03 1.548095885664224625e-02 3.832440823316574097e-02 4.411188885569572449e-02 2.811329998075962067e-02 3.594028204679489136e-02 4.713181406259536743e-02 5.916260182857513428e-02 2.488076686859130859e-02 1.946789957582950592e-02 3.200737759470939636e-02 2.489536069333553314e-02 3.450346738100051880e-02 4.553256148938089609e-04 3.530260920524597168e-02 2.829652652144432068e-02 2.761281095445156097e-03 7.805879414081573486e-02 5.414021760225296021e-02 5.010867118835449219e-02 2.940842509269714355e-02 9.101975709199905396e-03 4.474002867937088013e-02 5.075968429446220398e-02 4.721197113394737244e-02 8.944502472877502441e-02 7.574269082397222519e-03 1.138012483716011047e-01 4.098007082939147949e-02 1.129771471023559570e-01 7.783699780702590942e-03 4.662118852138519287e-02 2.303870714968070388e-04 1.664303615689277649e-02 3.251281380653381348e-02 8.635481819510459900e-03 2.715090289711952209e-02 1.024112105369567871e-01 4.259748384356498718e-02 5.920290132053196430e-04 8.720233105123043060e-03 1.257488597184419632e-02 1.869513839483261108e-02 4.633894714061170816e-04 7.367375772446393967e-03 9.617265313863754272e-03 2.609341964125633240e-02 2.777810394763946533e-02 3.676614910364151001e-02 4.103497788310050964e-02 3.137515485286712646e-02 1.804237836040556431e-03 1.674703881144523621e-02 3.261020779609680176e-02 1.635761372745037079e-02 2.437195368111133575e-02 4.189218580722808838e-02 9.918004274368286133e-03 3.318209573626518250e-02 1.043918076902627945e-02 2.531392499804496765e-02 3.195878490805625916e-02 4.344108700752258301e-02 7.385585457086563110e-03 2.923904173076152802e-02 2.667905762791633606e-03 3.187057748436927795e-02 5.820715450681746006e-04 1.184488646686077118e-02 1.843097805976867676e-02 3.782068192958831787e-02
6.494082510471343994e-02 5.403141304850578308e-02 3.892828943207859993e-03 1.315037012100219727e-01 5.859438180923461914e-01 4.557482153177261353e-02 1.412236969918012619e-02 4.775168746709823608e-02 2.742174826562404633e-02 2.032563649117946625e-02 2.348590828478336334e-02 7.190565112978219986e-03 1.410110760480165482e-02 1.618813909590244293e-02 1.636039093136787415e-02 7.145865354686975479e-03 1.972409337759017944e-02 1.747897453606128693e-02 5.769274383783340454e-02 1.324812974780797958e-02 3.260101750493049622e-02 5.110998079180717468e-02 4.264014586806297302e-02 4.248586669564247131e-02 2.840341813862323761e-02 2.515023201704025269e-02 5.076671764254570007e-02 1.532142143696546555e-02 2.959380857646465302e-02 3.512257710099220276e-02 1.118308212608098984e-02 3.602431342005729675e-02 8.124430477619171143e-02 2.078503929078578949e-02 5.698404461145401001e-02 2.570920623838901520e-02 4.683756269514560699e-03 6.798962131142616272e-03 9.131348924711346626e-04 3.668719902634620667e-02 7.864500512368977070e-04 2.920705080032348633e-02 3.305964544415473938e-02 1.593362353742122650e-02 1.861710473895072937e-02 3.803346306085586548e-02 1.401617191731929779e-02 7.024487480521202087e-03 2.624001353979110718e-02 2.988716401159763336e-02 4.586676880717277527e-02 3.734468668699264526e-02 5.869026109576225281e-02 1.989527046680450439e-02 5.300535634160041809e-02 3.185866400599479675e-02 8.762849494814872742e-03 3.509943559765815735e-02 1.204994320869445801e-02 3.926094621419906616e-02 5.861965473741292953e-03 1.016123685985803604e-02 7.304602861404418945e-02 5.427834764122962952e-02 4.331292584538459778e-02 4.311993718147277832e-02 1.730194501578807831e-02 3.616531938314437866e-02 3.440201655030250549e-02 4.246886447072029114e-02 9.407400339841842651e-02 2.403993718326091766e-02 1.004171520471572876e-01 2.978676371276378632e-02 1.189583614468574524e-01 3.457836434245109558e-02 2.056345716118812561e-02 2.307217102497816086e-03 3.992221876978874207e-02 1.320499554276466370e-02 1.261019799858331680e-02 3.519784659147262573e-02 1.006483510136604309e-01 8.519235998392105103e-02 2.707082219421863556e-02 9.136670269072055817e-03 3.932464402168989182e-03 3.221694380044937134e-02 1.507255528122186661e-02 1.414070278406143188e-02 9.695240296423435211e-03 3.334895521402359009e-02 2.923351898789405823e-02 4.328371584415435791e-02 3.485836088657379150e-02 4.586370289325714111e-02 2.105922251939773560e-02 1.277644041692838073e-04 5.094781517982482910e-02 3.142617270350456238e-02 2.727093361318111420e-02 2.999986521899700165e-02 2.153545804321765900e-02 1.227104943245649338e-02 1.477153319865465164e-02 1.835375837981700897e-02 1.686645857989788055e-02 4.058583825826644897e-02 3.751666517928242683e-03 2.205862663686275482e-02 1.401207689195871353e-02 2.874998562037944794e-02 1.936404593288898468e-02 2.293846756219863892e-02 1.077674794942140579e-02 2.943347394466400146e-02
1.029442101716995239e-01 9.559228271245956421e-02 3.128122165799140930e-02 4.855350032448768616e-02 4.557482153177261353e-02 5.783426761627197266e-01 1.370323747396469116e-01 4.497151821851730347e-02 3.844710066914558411e-02 1.660025119781494141e-02 7.998254895210266113e-02 3.254264593124389648e-02 5.166152119636535645e-02 1.130488514900207520e-02 6.533619947731494904e-03 2.885915338993072510e-02 1.103904098272323608e-03 1.974122226238250732e-02 3.209653869271278381e-02 3.368036821484565735e-02 7.643607445061206818e-03 3.785920515656471252e-02 9.326294995844364166e-03 5.997295957058668137e-03 1.695103012025356293e-02 1.127195358276367188e-02 3.543523326516151428e-02 7.464899122714996338e-02 6.909677758812904358e-03 4.121386259794235229e-02 3.415845334529876709e-02 1.992441713809967041e-03 8.074300130829215050e-04 1.892566680908203125e-02 7.997760549187660217e-03 8.408504654653370380e-04 2.590980008244514465e-02 2.562177181243896484e-02 6.156034301966428757e-03 2.022952027618885040e-02 2.784351818263530731e-02 1.636155694723129272e-02 2.635805401951074600e-03 3.111660480499267578e-02 4.183140117675065994e-03 2.600637637078762054e-02 1.302608251571655273e-01 1.034766212105751038e-01 2.057922258973121643e-02 2.852117083966732025e-02 3.310864418745040894e-02 1.685801893472671509e-02 3.519612801028415561e-05 1.006314065307378769e-02 2.005566656589508057e-02 2.216350100934505463e-02 2.708639390766620636e-02 2.574080973863601685e-02 1.599546708166599274e-02 2.278384007513523102e-02 2.042376250028610229e-02 1.132872141897678375e-02 4.770696628838777542e-03 1.618172787129878998e-02 2.612735517323017120e-02 1.158025208860635757e-02 3.345104306936264038e-02 3.220950067043304443e-02 6.021493114531040192e-03 2.978193759918212891e-02 8.271344937384128571e-03 3.334838151931762695e-02 4.372690618038177490e-02 4.385286942124366760e-02 3.944286704063415527e-02 3.366711735725402832e-02 2.802074514329433441e-02 2.911025844514369965e-02 1.065771002322435379e-02 3.595181927084922791e-02 2.388813532888889313e-03 8.301946334540843964e-03 2.313074283301830292e-02 2.354266121983528137e-02 3.868529200553894043e-02 6.672146264463663101e-04 1.738985814154148102e-02 4.703790694475173950e-02 3.588697686791419983e-02 1.624003797769546509e-02 5.261128395795822144e-02 1.392827136442065239e-03 5.370405316352844238e-02 2.680454775691032410e-02 1.641941256821155548e-02 5.169826559722423553e-03 1.728866831399500370e-03 7.188532501459121704e-03 1.892730407416820526e-02 1.080455537885427475e-02 3.699495270848274231e-02 3.735033422708511353e-02 3.170067071914672852e-02 3.380825743079185486e-02 2.632348053157329559e-02 4.461787268519401550e-02 3.035070374608039856e-02 9.421660564839839935e-03 3.797168657183647156e-02 1.496853679418563843e-02 5.032310727983713150e-03 3.202705457806587219e-02 2.886369638144969940e-02 2.830064296722412109e-02 7.398007437586784363e-03 3.925237804651260376e-03
6.867585331201553345e-02 1.004927232861518860e-01 1.433410774916410446e-02 9.123429772444069386e-04 1.412236969918012619e-02 1.370323747396469116e-01 5.779473781585693359e-01 4.179276898503303528e-02 3.963361680507659912e-02 2.225963585078716278e-02 7.986740022897720337e-02 4.393982887268066406e-02 5.572695285081863403e-02 3.094131499528884888e-02 7.577056530863046646e-03 1.036160346120595932e-02 2.422555349767208099e-02 2.381901443004608154e-02 3.126431256532669067e-02 3.948984295129776001e-02 1.019817031919956207e-02 2.717831544578075409e-02 7.508480921387672424e-03 6.977261975407600403e-03 1.520455256104469299e-02 1.222909241914749146e-02 2.918762154877185822e-02 6.705910712480545044e-02 2.711027860641479492e-02 4.311629384756088257e-02 3.208277747035026550e-02 1.424303185194730759e-02 7.366784848272800446e-03 1.211833860725164413e-02 1.805246062576770782e-02 1.979341916739940643e-02 5.303890909999608994e-03 3.149926289916038513e-02 1.760781183838844299e-02 2.125883474946022034e-02 3.434365242719650269e-02 4.636830650269985199e-03 1.216038479469716549e-03 1.768219470977783203e-02 5.132560804486274719e-02 1.995295286178588867e-02 1.398219913244247437e-01 1.405145525932312012e-01 3.305431455373764038e-03 1.893967390060424805e-02 3.619948774576187134e-02 1.424970291554927826e-02 1.644848845899105072e-02 2.030665613710880280e-02 1.590085029602050781e-02 4.670612048357725143e-03 2.279205806553363800e-02 4.024529457092285156e-02 3.496370092034339905e-02 2.387852594256401062e-02 1.168048591352999210e-03 5.695684812963008881e-03 6.887317169457674026e-03 4.456295445561408997e-02 1.836373098194599152e-02 1.309101656079292297e-02 3.485469892621040344e-02 2.263101190328598022e-02 2.731872163712978363e-02 4.440981522202491760e-02 2.733336202800273895e-02 4.347782582044601440e-02 1.867794489953666925e-04 2.177855558693408966e-02 2.163377823308110237e-03 4.253905639052391052e-02 5.568680912256240845e-02 4.603854380548000336e-03 4.397361725568771362e-02 2.648092573508620262e-03 4.155464004725217819e-03 4.235075321048498154e-03 7.718276465311646461e-04 3.246530517935752869e-02 4.278560355305671692e-02 3.492804616689682007e-02 1.831394247710704803e-02 3.390427306294441223e-02 3.170049563050270081e-02 5.021134275011718273e-04 5.175327509641647339e-02 2.382445149123668671e-03 9.238712489604949951e-02 1.791867427527904510e-02 1.892850734293460846e-02 1.001434214413166046e-02 2.239022403955459595e-02 2.185585536062717438e-02 6.301832385361194611e-03 6.051684031262993813e-04 2.195807546377182007e-02 2.567238546907901764e-02 1.784142665565013885e-02 3.103552572429180145e-02 1.770833879709243774e-02 4.406031593680381775e-02 1.298862230032682419e-02 3.004417195916175842e-02 2.894053049385547638e-02 1.358250342309474945e-02 2.234674431383609772e-02 2.337342500686645508e-02 2.668999321758747101e-02 1.928826421499252319e-02 5.306404083967208862e-02 1.161458157002925873e-02
3.265121579170227051e-02 2.909587137401103973e-02 1.377528905868530273e-01 3.129241615533828735e-02 4.775168746709823608e-02 4.497151821851730347e-02 4.179276898503303528e-02 5.705735683441162109e-01 3.142730146646499634e-02 3.690679091960191727e-03 2.204183116555213928e-02 2.581536769866943359e-02 2.657354250550270081e-02 1.055950764566659927e-02 3.912420198321342468e-02 3.773229196667671204e-02 2.771819382905960083e-02 2.355140820145606995e-02 1.815414801239967346e-02 3.305663168430328369e-02 3.968050703406333923e-02 5.362439155578613281e-02 3.684045746922492981e-02 8.621907792985439301e-03 6.462000776082277298e-03 1.040365919470787048e-02 3.893607109785079956e-02 2.201418578624725342e-02 4.236124828457832336e-02 2.123665995895862579e-02 6.618974730372428894e-03 4.338873550295829773e-03 1.129482965916395187e-02 1.101200561970472336e-02 2.120581082999706268e-02 6.885507609695196152e-03 1.236013509333133698e-02 4.695289582014083862e-02 3.835897892713546753e-02 2.176029980182647705e-02 3.827424347400665283e-02 4.985579475760459900e-02 4.476426634937524796e-03 3.916513640433549881e-03 3.819988667964935303e-02 2.230178192257881165e-02 3.105670027434825897e-02 1.748060435056686401e-02 1.661995053291320801e-02 1.381452102214097977e-02 1.324853859841823578e-02 1.268878113478422165e-03 4.823870584368705750e-02 1.095364149659872055e-02 2.910394966602325439e-02 1.268472895026206970e-02 5.474337562918663025e-02 1.933661103248596191e-02 4.980440717190504074e-03 4.538948647677898407e-03 4.316407442092895508e-02 4.367830976843833923e-02 2.778046391904354095e-02 3.186086565256118774e-02 2.499581500887870789e-02 7.801787462085485458e-03 3.435503318905830383e-02 8.920818567276000977e-03 2.335190027952194214e-02 2.578129246830940247e-02 1.255848631262779236e-02 1.024687476456165314e-02 2.566012926399707794e-02 1.890478655695915222e-02 1.250507961958646774e-02 3.453849116340279579e-03 3.665486350655555725e-02 1.529595535248517990e-02 2.532865852117538452e-02 1.913684606552124023e-02 9.552475064992904663e-02 7.919245958328247070e-02 5.748107656836509705e-02 3.242567926645278931e-02 3.942978009581565857e-02 6.170994136482477188e-03 4.234066605567932129e-02 4.334870353341102600e-02 5.014617368578910828e-02 4.891836084425449371e-03 5.454602651298046112e-03 2.579206600785255432e-02 1.017349492758512497e-02 1.209757290780544281e-03 1.663718558847904205e-02 1.129551324993371964e-03 8.438224904239177704e-03 5.245383363217115402e-03 2.887970209121704102e-02 3.655673190951347351e-02 3.359956294298171997e-02 1.121583301573991776e-02 1.462490949779748917e-02 1.406483585014939308e-03 1.968336255231406540e-05 3.041658550500869751e-02 1.392580015817657113e-04 1.486778631806373596e-02 2.454311773180961609e-02 1.329396199434995651e-02 3.490671142935752869e-02 1.476209331303834915e-02 4.368659481406211853e-02 1.973932608962059021e-02 3.098420239984989166e-02 2.772941626608371735e-02
4.682027548551559448e-02 2.636462636291980743e-02 4.520173370838165283e-02 5.012121982872486115e-03 2.742174826562404633e-02 3.844710066914558411e-02 3.963361680507659912e-02 3.142730146646499634e-02 5.719321966171264648e-01 2.030834183096885681e-02 2.969841659069061279e-02 4.301523417234420776e-02 2.867941744625568390e-02 6.190306041389703751e-03 1.884040981531143188e-02 2.657496137544512749e-03 4.956090822815895081e-03 7.519486546516418457e-02 3.228563070297241211e-02 1.364240795373916626e-02 2.393649518489837646e-02 4.422254115343093872e-02 3.251510858535766602e-02 1.065138354897499084e-02 2.796496823430061340e-02 4.430703073740005493e-02 3.497717902064323425e-02 7.936861366033554077e-03 4.789016395807266235e-02 1.714842021465301514e-02 2.869664318859577179e-02 3.813290968537330627e-03 5.975544918328523636e-03 1.430242974311113358e-02 3.089349903166294098e-02 1.618834957480430603e-02 1.091392990201711655e-02 5.825239047408103943e-02 2.168085984885692596e-02 3.939205035567283630e-02 3.254420682787895203e-02 4.233262687921524048e-02 2.713211439549922943e-02 9.019036777317523956e-03 4.972406663000583649e-03 9.015044197440147400e-03 3.235378861427307129e-02 3.464339300990104675e-02 4.572328180074691772e-02 3.643315657973289490e-02 1.313759759068489075e-02 1.635009981691837311e-02 1.033505052328109741e-02 2.589844167232513428e-02 5.816771835088729858e-02 5.095560848712921143e-02 2.580715157091617584e-02 3.198671340942382812e-02 5.063764378428459167e-02 2.092978172004222870e-02 2.014715410768985748e-02 3.067801520228385925e-02 3.731319913640618324e-03 2.982243336737155914e-02 2.187118865549564362e-02 1.585268601775169373e-02 3.314925590530037880e-03 1.052240747958421707e-02 1.633305288851261139e-02 6.749735213816165924e-03 1.869121566414833069e-02 2.409332245588302612e-02 8.538275957107543945e-03 3.979389555752277374e-03 3.798467665910720825e-02 2.281212620437145233e-02 7.232017070055007935e-02 1.761684753000736237e-02 6.234845519065856934e-02 9.785713627934455872e-03 2.295942744240164757e-03 1.821126416325569153e-02 3.428745642304420471e-02 1.512582297436892986e-03 1.481090858578681946e-02 8.253390900790691376e-03 2.304345183074474335e-02 2.679995633661746979e-02 6.123491004109382629e-02 1.256202463991940022e-03 4.422154650092124939e-02 2.895084954798221588e-02 9.874900802969932556e-03 2.285320125520229340e-02 1.227837707847356796e-02 5.553679075092077255e-03 2.102189138531684875e-02 4.060043022036552429e-02 4.160653427243232727e-02 1.721293479204177856e-02 3.211479866877198219e-03 5.884781130589544773e-04 1.852576620876789093e-02 6.755125708878040314e-03 4.489840473979711533e-03 7.174731232225894928e-03 8.924586698412895203e-03 3.145297616720199585e-02 3.355757892131805420e-02 4.227244481444358826e-02 4.011560231447219849e-02 1.329958625137805939e-02 8.272728882730007172e-03 2.223112247884273529e-02 1.536778174340724945e-02 5.027264356613159180e-02
3.799560293555259705e-02 1.563894189894199371e-02 5.698875058442354202e-03 1.979193650186061859e-02 2.032563649117946625e-02 1.660025119781494141e-02 2.225963585078716278e-02 3.690679091960191727e-03 2.030834183096885681e-02 5.685538053512573242e-01 2.920616976916790009e-02 3.077536635100841522e-02 2.266630157828330994e-02 6.664800457656383514e-03 9.506630711257457733e-03 4.370889440178871155e-02 2.879870124161243439e-03 2.828952483832836151e-02 1.019498407840728760e-01 1.353243272751569748e-02 1.705706701613962650e-03 2.055539377033710480e-02 2.538956142961978912e-02 1.812802813947200775e-02 1.337659638375043869e-02 3.716457635164260864e-02 1.327239908277988434e-02 2.312496490776538849e-02 2.430944237858057022e-03 5.122568458318710327e-02 2.528494410216808319e-02 2.121555246412754059e-02 3.493781841825693846e-04 9.628384374082088470e-03 4.815893247723579407e-03 4.716695845127105713e-02 3.252901602536439896e-03 1.047150604426860809e-02 1.518335845321416855e-02 3.722461313009262085e-02 2.403290569782257080e-02 9.697822853922843933e-03 4.547640215605497360e-03 1.185174845159053802e-02 3.385301679372787476e-04 1.740344241261482239e-02 2.960335277020931244e-02 8.823100477457046509e-03 3.537945076823234558e-02 3.928449749946594238e-02 5.322259850800037384e-03 2.175938710570335388e-02 2.807731740176677704e-02 1.213535014539957047e-02 5.236897990107536316e-02 4.706497490406036377e-02 5.000433698296546936e-02 3.358132392168045044e-02 5.618546903133392334e-02 2.056377194821834564e-02 2.113385312259197235e-02 3.533659875392913818e-02 2.500972710549831390e-02 2.768153697252273560e-02 2.171052992343902588e-02 2.255958318710327148e-02 1.276538986712694168e-02 1.953600533306598663e-02 3.388317674398422241e-02 4.522158950567245483e-02 3.948661684989929199e-02 1.081284880638122559e-02 1.506451983004808426e-02 5.032226443290710449e-02 4.173796623945236206e-02 1.710418052971363068e-02 2.313560619950294495e-02 1.082850545644760132e-01 5.180874839425086975e-03 8.964907377958297729e-02 1.224028132855892181e-02 1.993481069803237915e-03 1.204969827085733414e-02 6.363019347190856934e-02 6.252616178244352341e-03 4.726091027259826660e-02 8.899193489924073219e-04 2.173301996663212776e-03 3.572181984782218933e-02 3.005376271903514862e-02 2.435763180255889893e-02 8.902463130652904510e-03 1.056404504925012589e-02 1.478570885956287384e-02 2.890950813889503479e-02 1.250420976430177689e-02 5.537995323538780212e-02 2.880861423909664154e-02 2.767163515090942383e-02 1.672564446926116943e-02 1.146128121763467789e-02 1.267654821276664734e-02 7.542903535068035126e-03 5.477381055243313313e-04 5.146673321723937988e-02 1.998593285679817200e-02 1.224702689796686172e-02 1.683702878654003143e-02 6.573705468326807022e-03 1.031765714287757874e-02 5.323565751314163208e-02 2.339072152972221375e-02 2.128687500953674316e-02 2.918926440179347992e-02 4.900813102722167969e-02 2.255243714898824692e-03
1.059859469532966614e-01 1.079564765095710754e-01 1.994252949953079224e-02 1.433440390974283218e-02 2.348590828478336334e-02 7.998254895210266113e-02 7.986740022897720337e-02 2.204183116555213928e-02 2.969841659069061279e-02 2.920616976916790009e-02 5.801805257797241211e-01 6.193695589900016785e-03 9.144623577594757080e-02 9.543031454086303711e-03 9.202711284160614014e-03 9.823136031627655029e-03 4.142530087847262621e-04 4.614364355802536011e-03 3.109263628721237183e-02 4.660789296030998230e-02 2.410557866096496582e-02 6.161550804972648621e-02 3.076527640223503113e-02 2.400061115622520447e-02 3.230705112218856812e-02 1.700677350163459778e-02 5.340767651796340942e-02 7.674438413232564926e-03 2.297619730234146118e-02 2.626715041697025299e-02 3.864435479044914246e-02 1.830411492846906185e-03 2.502826973795890808e-03 1.710935379378497601e-03 2.400041557848453522e-02 3.385528543731197715e-05 7.912059314548969269e-03 1.873712427914142609e-02 9.592751972377300262e-03 2.285473980009555817e-02 3.040675632655620575e-02 1.290422631427645683e-03 1.747393235564231873e-02 1.645610667765140533e-02 2.738795056939125061e-02 1.031000353395938873e-02 8.010172098875045776e-02 7.807720452547073364e-02 4.408434033393859863e-04 3.477257862687110901e-02 5.133125931024551392e-02 4.866775125265121460e-02 2.407762594521045685e-02 4.084213450551033020e-02 1.788514852523803711e-02 2.788123488426208496e-02 1.135149598121643066e-02 3.987732157111167908e-02 3.645127639174461365e-02 1.385823823511600494e-02 7.617192342877388000e-03 1.889779046177864075e-02 3.515437478199601173e-03 4.088657908141613007e-03 1.601571030914783478e-02 2.404890768229961395e-02 3.220732510089874268e-02 1.633483171463012695e-02 1.908832043409347534e-02 2.058165613561868668e-03 1.607242412865161896e-02 1.053109206259250641e-02 1.247652713209390640e-02 3.204958513379096985e-02 2.373017556965351105e-02 3.546594828367233276e-02 7.502432446926832199e-03 1.952711120247840881e-02 2.924404293298721313e-02 2.765366621315479279e-02 3.598695620894432068e-02 2.325547486543655396e-02 3.543906845152378082e-03 1.999072497710585594e-03 4.604432731866836548e-02 3.124813921749591827e-02 2.512339036911725998e-03 9.132166393101215363e-03 4.888449236750602722e-02 8.606662973761558533e-03 3.210123628377914429e-02 3.565250337123870850e-02 5.250141769647598267e-02 1.077432092279195786e-02 1.103441696614027023e-02 2.044579759240150452e-02 1.320746634155511856e-02 9.868171764537692070e-04 1.351551711559295654e-02 3.106268867850303650e-02 2.255041338503360748e-02 2.827288582921028137e-02 2.604814432561397552e-02 5.285939946770668030e-02 7.337667979300022125e-03 2.057713642716407776e-02 4.077150952070951462e-03 3.145143389701843262e-02 1.095738075673580170e-02 2.629978209733963013e-02 4.045321047306060791e-02 3.230952844023704529e-02 2.538128942251205444e-02 2.785586193203926086e-02 1.045755110681056976e-02 2.665175311267375946e-02
2.365398034453392029e-02 7.907376857474446297e-04 3.938285633921623230e-02 2.273265505209565163e-03 7.190565112978219986e-03 3.254264593124389648e-02 4.393982887268066406e-02 2.581536769866943359e-02 4.301523417234420776e-02 3.077536635100841522e-02 6.193695589900016785e-03 5.666474103927612305e-01 1.368395239114761353e-02 1.100323721766471863e-01 1.359384506940841675e-02 2.663644030690193176e-02 1.373536884784698486e-02 6.127066444605588913e-03 1.451446581631898880e-02 3.076822496950626373e-02 1.768821291625499725e-02 3.962549567222595215e-02 6.178675219416618347e-02 9.065080434083938599e-03 1.629486493766307831e-02 5.732111167162656784e-03 3.302188590168952942e-02 1.098063811659812927e-01 6.986241787672042847e-03 1.008413955569267273e-01 3.258955851197242737e-02 3.586897626519203186e-02 2.587199397385120392e-02 4.892804846167564392e-02 7.568890694528818130e-03 1.700058020651340485e-02 2.910258062183856964e-02 3.149338439106941223e-02 2.208015508949756622e-02 7.360594347119331360e-03 2.930791489779949188e-02 2.383525110781192780e-02 1.369762048125267029e-02 8.138529025018215179e-03 8.402548730373382568e-02 4.230631142854690552e-02 2.672946825623512268e-02 4.441081732511520386e-02 2.252904884517192841e-02 2.918210253119468689e-02 1.308270171284675598e-02 7.384383585304021835e-03 2.238023839890956879e-02 3.150118142366409302e-02 4.266076907515525818e-02 3.564251214265823364e-02 3.724543750286102295e-02 9.346822276711463928e-03 1.683564484119415283e-02 1.489465218037366867e-02 1.572130480781197548e-03 3.051646612584590912e-02 2.649140171706676483e-02 2.868500910699367523e-02 9.300244972109794617e-03 1.192586310207843781e-02 4.308296367526054382e-02 5.274261906743049622e-02 3.390735248103737831e-03 2.663695625960826874e-02 4.722164571285247803e-02 1.416422799229621887e-02 1.026879344135522842e-02 1.241264026612043381e-02 1.761999353766441345e-02 3.712963080033659935e-03 4.037027806043624878e-02 2.293981797993183136e-02 3.854902833700180054e-02 1.512947585433721542e-02 3.536291047930717468e-02 8.008255623281002045e-03 1.429510535672307014e-03 1.167650800198316574e-03 2.019543945789337158e-02 2.029948681592941284e-02 1.318932045251131058e-02 4.893550276756286621e-02 5.618371814489364624e-02 3.026478551328182220e-02 3.885508701205253601e-02 5.223028734326362610e-02 3.891147673130035400e-03 1.039299555122852325e-02 9.668288752436637878e-03 2.693459577858448029e-02 3.312575817108154297e-02 8.963474072515964508e-03 1.545983832329511642e-04 2.938456460833549500e-02 9.050476364791393280e-03 4.474458284676074982e-03 3.471555188298225403e-02 2.411451376974582672e-02 2.348193898797035217e-02 2.891957759857177734e-03 5.993534345179796219e-03 7.714555133134126663e-03 2.047166600823402405e-02 8.945062756538391113e-03 2.987827360630035400e-02 9.019323624670505524e-03 8.289284072816371918e-03 1.079287007451057434e-02 3.920957446098327637e-02 3.467482700943946838e-02
8.861602097749710083e-02 9.001348167657852173e-02 3.696548566222190857e-02 1.850017718970775604e-02 1.410110760480165482e-02 5.166152119636535645e-02 5.572695285081863403e-02 2.657354250550270081e-02 2.867941744625568390e-02 2.266630157828330994e-02 9.144623577594757080e-02 1.368395239114761353e-02 5.804497003555297852e-01 1.826087757945060730e-02 1.711198315024375916e-02 4.821820184588432312e-03 2.040475048124790192e-02 3.448133429628796875e-05 3.815262019634246826e-02 2.309620752930641174e-02 1.531537715345621109e-02 5.522089824080467224e-02 2.823630534112453461e-02 2.278248593211174011e-02 8.564993739128112793e-03 3.972685709595680237e-02 5.485870316624641418e-02 1.676748134195804596e-02 2.679365500807762146e-02 2.643615938723087311e-02 4.334348440170288086e-02 1.956620486453175545e-03 4.730370361357927322e-03 7.573436945676803589e-03 9.712377563118934631e-03 1.630443148314952850e-03 1.420790888369083405e-02 1.096078567206859589e-02 3.694683546200394630e-03 2.662114240229129791e-02 2.803605608642101288e-02 6.040200591087341309e-03 4.677911754697561264e-03 5.224601831287145615e-03 4.140670876950025558e-03 7.924164645373821259e-03 5.559856444597244263e-02 5.863701552152633667e-02 7.536903489381074905e-03 4.701023921370506287e-02 4.107524827122688293e-02 5.325226113200187683e-02 1.772233657538890839e-02 2.459607459604740143e-02 1.811547577381134033e-02 4.283877834677696228e-02 3.118329215794801712e-03 3.210223838686943054e-02 3.048225678503513336e-02 6.111266557127237320e-03 1.521149091422557831e-02 2.639213204383850098e-02 7.326715625822544098e-03 1.096440246328711510e-03 1.671411469578742981e-02 2.355372533202171326e-02 9.318800643086433411e-03 3.230571281164884567e-03 8.567318320274353027e-03 1.396451611071825027e-03 1.916293613612651825e-02 4.688279237598180771e-03 1.830663345754146576e-02 2.379153668880462646e-02 2.804300189018249512e-02 2.887167409062385559e-02 6.268545985221862793e-03 1.230660825967788696e-02 4.459236562252044678e-02 4.800850898027420044e-02 1.004433259367942810e-02 5.183164775371551514e-02 3.426070325076580048e-03 7.386185228824615479e-03 2.602978236973285675e-02 4.448568075895309448e-02 5.723519250750541687e-03 1.264356542378664017e-03 4.205524921417236328e-02 1.774640753865242004e-02 2.028617449104785919e-02 3.327791020274162292e-02 2.565398812294006348e-02 1.374459080398082733e-02 2.370043657720088959e-02 3.632248938083648682e-02 2.705485559999942780e-02 3.043337725102901459e-02 6.475630216300487518e-03 1.705029606819152832e-02 2.393087837845087051e-03 1.480118650943040848e-02 1.441649161279201508e-02 3.674378618597984314e-02 5.846553482115268707e-03 2.017939463257789612e-02 2.754785120487213135e-03 2.872815355658531189e-02 6.042251363396644592e-03 2.582276705652475357e-03 4.381282627582550049e-02 4.577327519655227661e-02 9.932615794241428375e-03 1.286814082413911819e-02 8.982146158814430237e-03 3.254108875989913940e-02
