5.116937160491943359e-01 1.588312685489654541e-01 3.338854759931564331e-02 1.201772689819335938e-02 8.792947977781295776e-03 1.115733608603477478e-01 8.142600208520889282e-02 2.458619140088558197e-02 5.185625981539487839e-03 2.165570296347141266e-02 1.066277399659156799e-01 5.399617925286293030e-02 9.259907156229019165e-02 1.263986993581056595e-02 3.206229954957962036e-02 1.305149123072624207e-02 1.418558601289987564e-02 1.238939701579511166e-03 1.846180669963359833e-02 3.029303997755050659e-02 3.946615383028984070e-02 5.900376942008733749e-03 3.542130067944526672e-02 4.206295311450958252e-02 5.058119073510169983e-02 4.012395069003105164e-02 2.967619523406028748e-02 4.476679861545562744e-02 5.110465921461582184e-03 4.641357809305191040e-02 2.491395361721515656e-02 1.682190969586372375e-02 2.741616591811180115e-02 5.592701025307178497e-03 1.160405948758125305e-02 2.167187817394733429e-02 3.601957857608795166e-02 4.651068523526191711e-02 1.923356391489505768e-02 1.041681971400976181e-02 2.096194028854370117e-02 9.399985894560813904e-03 7.330258376896381378e-03 4.294347018003463745e-02 4.562241211533546448e-02 3.892043232917785645e-02 5.055366456508636475e-02 1.477767713367938995e-02 1.775862090289592743e-02 3.545194119215011597e-02 8.326751179993152618e-03 2.476036921143531799e-02 2.535101491957902908e-03 1.512469910085201263e-02 3.838488087058067322e-02 3.679496236145496368e-03 1.929558068513870239e-02 9.593410417437553406e-03 3.977229073643684387e-02 1.612757099792361259e-03 4.443201050162315369e-02 2.944074198603630066e-02 3.210891410708427429e-02 4.114027693867683411e-02 3.496063128113746643e-02 7.983438670635223389e-03 3.507458604872226715e-03 5.652929656207561493e-03 4.054239764809608459e-02 3.221881017088890076e-02 3.496104106307029724e-02 3.498510457575321198e-03 2.627449110150337219e-02 5.190986121306195855e-05 1.817422918975353241e-02 3.481791540980339050e-02 3.516975790262222290e-02 3.827567026019096375e-02 4.835874214768409729e-02 2.258102968335151672e-02 3.009749203920364380e-02 1.692222245037555695e-02 9.887523949146270752e-03 1.638695038855075836e-02 5.471237748861312866e-02 3.671947494149208069e-02 9.008750319480895996e-03 6.564732640981674194e-03 1.537135522812604904e-02 7.968507707118988037e-03 4.573514219373464584e-03 2.238452248275279999e-02 3.154854103922843933e-02 2.837691828608512878e-02 1.706827618181705475e-02 4.740792512893676758e-02 9.131512488238513470e-04 1.662355288863182068e-02 1.941428519785404205e-02 5.409285076893866062e-04 5.731004057452082634e-04 1.864776946604251862e-02 3.599694371223449707e-02 2.863490208983421326e-02 4.312901291996240616e-03 9.767066687345504761e-03 3.782173385843634605e-03 6.450591143220663071e-03 3.377752378582954407e-02 3.728552535176277161e-02 1.748275198042392731e-02 2.763936761766672134e-03 8.161236532032489777e-03 1.339969690889120102e-02 1.051345560699701309e-02 2.689040079712867737e-02
1.588312685489654541e-01 5.175679326057434082e-01 4.360317438840866089e-02 2.167362254112958908e-03 3.763054497539997101e-03 1.052437201142311096e-01 1.296668797731399536e-01 2.179251983761787415e-02 1.753770932555198669e-02 2.148138917982578278e-02 7.809898257255554199e-02 2.672183699905872345e-02 1.180342733860015869e-01 4.855654388666152954e-02 2.738000825047492981e-02 3.721422702074050903e-02 4.300332069396972656e-02 9.217777289450168610e-03 2.035512402653694153e-02 4.221447277814149857e-03 2.219407074153423309e-02 2.959525212645530701e-02 3.003997728228569031e-02 2.965877577662467957e-02 2.481124922633171082e-02 3.780394792556762695e-02 7.186786271631717682e-03 1.284863986074924469e-02 1.808672398328781128e-02 4.335511103272438049e-02 5.224658641964197159e-03 1.326808705925941467e-02 4.147396609187126160e-02 2.048245072364807129e-02 1.837070472538471222e-02 3.625486418604850769e-02 2.504630014300346375e-02 2.192496694624423981e-02 1.635672152042388916e-02 1.513182558119297028e-02 2.919767238199710846e-02 3.662738204002380371e-02 5.478292237967252731e-03 1.932531595230102539e-02 3.959637135267257690e-02 4.142754152417182922e-02 4.457680881023406982e-02 4.498235136270523071e-02 1.296359766274690628e-02 1.595287024974822998e-02 2.614000812172889709e-02 2.545071206986904144e-02 9.447610005736351013e-03 2.740550227463245392e-02 1.112319249659776688e-02 1.028459984809160233e-02 2.695653773844242096e-02 9.304237551987171173e-03 2.163609489798545837e-02 9.200405329465866089e-03 3.438569232821464539e-02 1.803963258862495422e-02 4.167842492461204529e-02 5.553585011512041092e-03 1.772040687501430511e-02 1.704696379601955414e-02 1.653728213568683714e-05 7.829288020730018616e-03 2.754995971918106079e-02 3.803134709596633911e-02 2.364077046513557434e-02 1.268500578589737415e-03 2.833262644708156586e-02 2.747294958680868149e-03 3.361707180738449097e-02 5.338636785745620728e-02 7.229788694530725479e-03 3.877750784158706665e-02 4.675720632076263428e-02 2.363029494881629944e-02 4.447302594780921936e-02 3.460685536265373230e-02 1.059069857001304626e-02 3.530260175466537476e-02 4.346811398863792419e-02 1.866664923727512360e-02 8.944788947701454163e-03 3.914668690413236618e-03 2.271022275090217590e-02 1.580177247524261475e-02 1.827220991253852844e-02 3.541606664657592773e-02 7.886684499680995941e-03 1.571527309715747833e-02 1.388154085725545883e-02 1.382117904722690582e-02 1.768700033426284790e-02 3.467765077948570251e-02 3.960339725017547607e-02 1.391226192936301231e-03 7.255015429109334946e-03 1.231492683291435242e-02 3.676783666014671326e-02 3.006735071539878845e-02 7.614746689796447754e-03 2.940906211733818054e-02 2.854941785335540771e-02 4.355279728770256042e-03 1.020234171301126480e-02 4.249106347560882568e-02 3.027944453060626984e-02 2.257720939815044403e-02 8.506263606250286102e-03 6.245392374694347382e-03 2.459976449608802795e-02 3.042110009118914604e-03
3.338854759931564331e-02 4.360317438840866089e-02 4.913702905178070068e-01 4.514273605309426785e-04 4.087162762880325317e-02 3.654444962739944458e-02 1.819958537817001343e-02 1.091259419918060303e-01 1.353719923645257950e-02 3.148934617638587952e-02 5.424175877124071121e-03 6.488364934921264648e-02 2.468893490731716156e-02 7.574416697025299072e-02 4.547558724880218506e-02 3.541223332285881042e-02 2.087283693253993988e-02 1.167331542819738388e-02 1.265987940132617950e-02 1.992326229810714722e-02 1.245131436735391617e-02 2.249898947775363922e-02 1.044052746146917343e-02 1.104646595194935799e-03 2.457159943878650665e-02 3.126942366361618042e-02 3.518645837903022766e-02 2.607138082385063171e-02 3.083241730928421021e-02 2.973877266049385071e-02 3.881195187568664551e-02 6.953227799385786057e-03 3.796784207224845886e-02 1.585793448612093925e-03 9.393661282956600189e-03 4.464034736156463623e-02 2.715789712965488434e-02 4.356878995895385742e-02 9.667648002505302429e-03 1.797369308769702911e-02 5.139996856451034546e-02 1.270775962620973587e-02 1.649001985788345337e-02 5.828784033656120300e-02 3.858495038002729416e-03 1.931237056851387024e-02 1.931237801909446716e-02 1.534463558346033096e-02 3.520667925477027893e-02 9.396188892424106598e-03 2.322329767048358917e-02 8.240461349487304688e-03 4.517667740583419800e-02 4.122179374098777771e-02 1.282432302832603455e-02 2.593647874891757965e-02 2.232051454484462738e-02 1.230383198708295822e-02 7.527902256697416306e-03 1.930725574493408203e-02 4.997316375374794006e-02 1.049417257308959961e-02 2.077471651136875153e-02 1.229738630354404449e-02 3.458598256111145020e-02 3.757435083389282227e-02 1.019116211682558060e-02 3.969222772866487503e-03 1.924069784581661224e-02 1.968321949243545532e-02 3.012710250914096832e-02 2.329002367332577705e-03 2.597014978528022766e-02 6.953959818929433823e-03 3.862560540437698364e-02 3.043891116976737976e-02 3.536378592252731323e-02 1.332266069948673248e-02 3.637958317995071411e-02 1.600359566509723663e-02 1.607041209936141968e-01 1.405444145202636719e-01 2.168587595224380493e-02 3.037437051534652710e-02 3.703063121065497398e-03 1.416307315230369568e-02 4.810043424367904663e-02 4.509821906685829163e-02 4.206556361168622971e-03 1.473064254969358444e-02 7.958133704960346222e-03 4.684429150074720383e-04 2.209902182221412659e-02 2.368274703621864319e-02 3.817598335444927216e-03 3.201205283403396606e-03 1.322988234460353851e-02 6.799743976444005966e-03 5.731060082325711846e-05 3.222326189279556274e-02 3.341068327426910400e-02 3.821105137467384338e-02 2.263369597494602203e-02 1.783379539847373962e-02 3.110404498875141144e-02 2.956068702042102814e-02 2.061128616333007812e-02 2.645593881607055664e-02 5.014586495235562325e-04 3.248128667473793030e-02 5.464935209602117538e-03 3.211369365453720093e-02 3.226328641176223755e-02 4.954092204570770264e-03 2.212900295853614807e-02 9.216485777869820595e-04
1.201772689819335938e-02 2.167362254112958908e-03 4.514273605309426785e-04 5.156177282333374023e-01 1.343160718679428101e-01 3.973320126533508301e-02 1.868890225887298584e-02 5.347482510842382908e-04 5.117477104067802429e-02 4.875127226114273071e-02 2.884389460086822510e-02 1.301068998873233795e-02 1.291478238999843597e-02 4.588269069790840149e-02 1.306414604187011719e-02 3.032842651009559631e-02 1.270507462322711945e-02 7.893151789903640747e-02 2.384055778384208679e-02 2.225059270858764648e-02 2.113842219114303589e-02 2.456500381231307983e-02 5.280467122793197632e-02 4.679784178733825684e-03 1.040692557580769062e-03 2.187878452241420746e-02 3.704782202839851379e-02 7.785619050264358521e-02 1.506969518959522247e-02 4.415509849786758423e-02 1.606418564915657043e-02 3.410335863009095192e-03 1.409826986491680145e-02 4.067972302436828613e-02 4.924652725458145142e-02 1.282576844096183777e-02 4.750906955450773239e-03 4.910302162170410156e-02 8.203273266553878784e-02 3.282291442155838013e-02 1.160066854208707809e-02 4.613669589161872864e-02 3.784532891586422920e-03 8.399169892072677612e-03 3.604209050536155701e-02 1.844233833253383636e-02 2.269277162849903107e-02 3.300011530518531799e-02 2.492889575660228729e-02 6.482332013547420502e-03 3.615277120843529701e-03 8.092174306511878967e-03 3.499815613031387329e-02 1.781339012086391449e-02 4.354097694158554077e-02 3.263497725129127502e-02 1.204802840948104858e-02 8.903861977159976959e-03 3.886052966117858887e-02 1.471386291086673737e-02 3.045227937400341034e-02 3.251914167776703835e-03 2.021541632711887360e-02 5.557373911142349243e-02 3.783294185996055603e-02 4.391360096633434296e-03 3.591977991163730621e-03 7.084846030920743942e-03 5.319676920771598816e-02 9.496190585196018219e-03 3.972287103533744812e-02 1.611690968275070190e-02 1.394532620906829834e-01 4.353684186935424805e-02 1.059107780456542969e-01 1.728483103215694427e-02 6.207722797989845276e-02 2.779640071094036102e-02 4.407720267772674561e-02 4.670076072216033936e-02 1.863806694746017456e-02 2.714671939611434937e-02 2.864557877182960510e-02 3.180068451911211014e-03 3.685777634382247925e-02 4.030110687017440796e-02 9.461562731303274632e-04 1.006555277854204178e-02 6.777462363243103027e-02 2.351686358451843262e-02 2.579647675156593323e-02 5.405804514884948730e-02 2.296759001910686493e-02 6.920804735273122787e-03 4.485782235860824585e-02 1.469148974865674973e-02 3.927628695964813232e-02 4.012160003185272217e-02 3.329829499125480652e-02 3.592769429087638855e-02 1.110760774463415146e-02 8.181651122868061066e-03 1.926016621291637421e-02 3.514202684164047241e-02 1.440513134002685547e-02 3.047616779804229736e-02 2.308832481503486633e-02 2.522665075957775116e-02 6.376717705279588699e-03 4.268725216388702393e-02 1.996565423905849457e-02 5.125332623720169067e-02 9.896589443087577820e-03 2.656017243862152100e-02 3.840878605842590332e-02 9.320191107690334320e-03
8.792947977781295776e-03 3.763054497539997101e-03 4.087162762880325317e-02 1.343160718679428101e-01 5.105153918266296387e-01 3.111354261636734009e-02 7.644054945558309555e-03 2.273194305598735809e-02 2.974344044923782349e-02 4.303738940507173538e-03 1.315081305801868439e-02 1.863559335470199585e-02 3.303658450022339821e-03 4.120885208249092102e-02 1.410201378166675568e-02 6.222722120583057404e-03 1.766885444521903992e-02 6.110481545329093933e-02 5.305963382124900818e-02 5.931578110903501511e-03 2.605724893510341644e-02 1.476221438497304916e-02 2.587402798235416412e-02 7.094847504049539566e-03 2.047627465799450874e-03 1.655420474708080292e-02 9.622152894735336304e-03 1.199588458985090256e-02 3.876951057463884354e-03 7.172023411840200424e-03 7.224351167678833008e-03 4.965310450643301010e-03 1.251799147576093674e-02 5.567482113838195801e-02 1.282594073563814163e-02 2.168917469680309296e-02 1.043293159455060959e-02 4.324215650558471680e-02 2.620178647339344025e-02 7.928547263145446777e-02 8.141177706420421600e-03 2.494451962411403656e-02 2.412456274032592773e-02 5.004949402064085007e-03 1.250900980085134506e-02 2.065456099808216095e-02 1.070700865238904953e-02 2.038609609007835388e-02 6.583755370229482651e-03 3.392750024795532227e-02 3.427964448928833008e-02 2.062393352389335632e-02 1.971859484910964966e-02 8.955661207437515259e-03 3.043382242321968079e-02 4.783646017313003540e-02 4.186837375164031982e-02 3.852517111226916313e-03 2.772120945155620575e-02 4.088308662176132202e-02 1.475345343351364136e-02 1.844901219010353088e-02 6.794581422582268715e-04 1.431440655142068863e-02 2.711480855941772461e-02 4.675070941448211670e-02 6.958858575671911240e-03 1.184805203229188919e-02 1.583663187921047211e-02 1.037736050784587860e-02 8.357423357665538788e-03 3.184918547049164772e-03 9.439364820718765259e-02 2.912744693458080292e-02 1.115341112017631531e-01 1.568962819874286652e-02 4.226051270961761475e-02 3.365660086274147034e-02 1.397053059190511703e-02 1.234823022969067097e-03 3.108579292893409729e-02 1.481508556753396988e-02 4.978481680154800415e-02 3.542003035545349121e-02 2.664377912878990173e-02 3.544012457132339478e-02 2.780789509415626526e-02 2.587348222732543945e-02 3.167647123336791992e-02 2.242040261626243591e-02 3.094139881432056427e-02 3.875809907913208008e-02 3.010173328220844269e-03 2.575052902102470398e-02 4.532257094979286194e-02 2.325831167399883270e-02 5.233978852629661560e-03 4.003674536943435669e-02 3.906135633587837219e-02 4.084873199462890625e-02 4.399632103741168976e-03 1.272026728838682175e-02 5.385103449225425720e-02 1.046104822307825089e-02 4.802336916327476501e-02 2.753562852740287781e-02 9.478642605245113373e-03 2.618283964693546295e-03 7.564764935523271561e-03 9.796145372092723846e-03 1.865121535956859589e-02 4.106629267334938049e-02 1.758953370153903961e-02 1.293025258928537369e-02 2.415430545806884766e-02 5.578487366437911987e-02
1.115733608603477478e-01 1.052437201142311096e-01 3.654444962739944458e-02 3.973320126533508301e-02 3.111354261636734009e-02 5.153138041496276855e-01 2.462080717086791992e-01 2.900040894746780396e-02 5.073656793683767319e-03 3.584321960806846619e-02 8.989565819501876831e-02 6.185612641274929047e-03 7.703585922718048096e-02 2.957727015018463135e-02 6.530188489705324173e-03 1.778725907206535339e-02 6.192245054990053177e-03 1.948560774326324463e-02 2.035585977137088776e-02 2.074963878840208054e-03 3.241186589002609253e-02 2.233099564909934998e-02 2.898848243057727814e-02 4.561090469360351562e-02 1.829187199473381042e-02 3.404742851853370667e-02 2.877286635339260101e-02 4.379764571785926819e-02 2.214760519564151764e-02 7.839883863925933838e-02 2.840839885175228119e-02 1.104273367673158646e-02 2.155489474534988403e-02 5.702685564756393433e-03 4.961980041116476059e-03 4.163608327507972717e-02 4.337334260344505310e-02 3.416121006011962891e-02 2.083514072000980377e-02 2.673695422708988190e-02 3.013486042618751526e-02 2.666410803794860840e-02 2.894244156777858734e-02 3.734508994966745377e-03 3.178046643733978271e-02 1.299223117530345917e-02 1.344940811395645142e-01 5.930488556623458862e-02 2.967563271522521973e-02 4.376761615276336670e-02 2.049455605447292328e-02 2.138596214354038239e-02 3.332499414682388306e-02 2.869181334972381592e-02 2.767017669975757599e-02 2.643098309636116028e-02 3.199928253889083862e-02 9.367984719574451447e-03 2.039562969002872705e-04 2.355137094855308533e-02 3.048929013311862946e-02 6.761976983398199081e-03 1.577957347035408020e-02 1.856140047311782837e-02 2.549544349312782288e-02 5.219762399792671204e-02 2.138839848339557648e-02 5.166703369468450546e-03 2.550341933965682983e-02 3.567123040556907654e-02 6.160940974950790405e-03 1.397155690938234329e-02 4.332356527447700500e-02 3.683414310216903687e-02 3.475652262568473816e-02 1.637333916733041406e-04 2.508610300719738007e-02 4.260190203785896301e-02 2.647242974489927292e-03 3.823318704962730408e-02 6.039421074092388153e-03 1.238533575087785721e-02 3.383705392479896545e-02 1.840242184698581696e-02 3.586181625723838806e-02 1.705982838757336140e-03 2.575634792447090149e-02 1.555816177278757095e-02 1.863312721252441406e-02 1.082355529069900513e-02 4.080337658524513245e-02 2.272720448672771454e-03 4.420321900397539139e-03 1.292530447244644165e-03 4.338697344064712524e-02 3.370288759469985962e-02 3.651675581932067871e-02 2.134496532380580902e-02 4.514979571104049683e-02 8.246755227446556091e-03 5.529602617025375366e-02 4.780875891447067261e-02 4.521626234054565430e-02 3.216665983200073242e-02 3.610980138182640076e-02 1.377625856548547745e-02 1.372747868299484253e-02 5.714052543044090271e-02 3.821882233023643494e-02 3.016863577067852020e-02 3.390770405530929565e-02 1.346295885741710663e-02 7.407179567962884903e-03 3.083452023565769196e-02 1.835447363555431366e-02 3.191737085580825806e-02
8.142600208520889282e-02 1.296668797731399536e-01 1.819958537817001343e-02 1.868890225887298584e-02 7.644054945558309555e-03 2.462080717086791992e-01 5.123494267463684082e-01 1.456826087087392807e-02 4.279128275811672211e-03 8.867379277944564819e-03 7.100709527730941772e-02 1.144237816333770752e-02 8.999265730381011963e-02 7.546252757310867310e-02 6.877101026475429535e-03 3.622045740485191345e-02 1.708287000656127930e-02 3.130846843123435974e-02 2.411868795752525330e-02 7.618035306222736835e-04 2.627255208790302277e-02 3.275728970766067505e-02 2.954078465700149536e-02 6.715531647205352783e-02 1.147912722080945969e-02 2.988204732537269592e-02 4.210525378584861755e-02 1.410398515872657299e-03 2.293393947184085846e-02 5.442426353693008423e-02 8.508380502462387085e-03 3.901161253452301025e-03 1.646542176604270935e-02 3.054255619645118713e-03 1.265539601445198059e-02 4.324447736144065857e-02 3.058722242712974548e-02 1.569963805377483368e-02 1.068623550236225128e-02 1.788702048361301422e-02 2.780270762741565704e-02 3.286467492580413818e-02 3.304461017251014709e-02 1.022472698241472244e-02 4.356023669242858887e-02 2.616980485618114471e-02 1.305792480707168579e-01 1.009638831019401550e-01 1.283430028706789017e-04 3.087377361953258514e-02 4.925512708723545074e-03 3.428846225142478943e-02 4.283626005053520203e-02 4.748759325593709946e-03 2.414812892675399780e-02 2.121703140437602997e-02 3.629515692591667175e-02 1.613293774425983429e-02 3.631801158189773560e-02 4.925268515944480896e-02 1.859479211270809174e-02 2.975742332637310028e-02 5.451451987028121948e-03 1.969560235738754272e-02 4.226510226726531982e-02 4.323067516088485718e-02 1.294076163321733475e-02 5.492547061294317245e-03 2.434326522052288055e-02 3.321651741862297058e-02 8.763062767684459686e-03 1.817728951573371887e-02 4.338279366493225098e-03 2.674672380089759827e-02 1.968757808208465576e-02 1.753137097693979740e-03 4.007783136330544949e-04 4.114830493927001953e-02 6.408327724784612656e-03 1.633022539317607880e-02 1.314516086131334305e-02 5.954117048531770706e-03 2.511627599596977234e-02 1.919479109346866608e-02 3.638831526041030884e-02 1.256442442536354065e-02 2.476895973086357117e-02 1.502871885895729065e-02 2.985070273280143738e-02 6.572548300027847290e-03 4.516549035906791687e-02 9.737046435475349426e-03 4.972458258271217346e-02 8.102515712380409241e-03 3.854910656809806824e-02 4.554187506437301636e-02 1.114754285663366318e-02 1.213801279664039612e-02 3.149342536926269531e-02 2.899664081633090973e-02 2.858243323862552643e-02 5.403380095958709717e-02 2.686206065118312836e-02 2.522919513285160065e-02 4.398755729198455811e-03 3.206323459744453430e-02 8.054546080529689789e-03 4.081403464078903198e-02 3.082234226167201996e-02 2.666846476495265961e-02 2.106199041008949280e-02 1.559830270707607269e-02 5.977393127977848053e-03 4.755448177456855774e-02 1.231811009347438812e-03 1.383061707019805908e-02
2.458619140088558197e-02 2.179251983761787415e-02 1.091259419918060303e-01 5.347482510842382908e-04 2.273194305598735809e-02 2.900040894746780396e-02 1.456826087087392807e-02 5.097236633300781250e-01 2.221252582967281342e-02 1.570551842451095581e-02 2.180393226444721222e-02 2.700357325375080109e-02 2.550914511084556580e-02 3.537595272064208984e-02 5.542533099651336670e-02 1.554390508681535721e-02 1.480199163779616356e-03 4.030372202396392822e-02 3.864129632711410522e-02 7.140235509723424911e-03 1.487904600799083710e-02 1.139156892895698547e-02 1.138837076723575592e-02 8.960065431892871857e-03 1.692003011703491211e-02 3.317791596055030823e-02 4.187376704066991806e-03 3.177398117259144783e-03 4.986002668738365173e-02 5.517818499356508255e-03 4.111088439822196960e-02 4.052685946226119995e-02 6.566605065017938614e-03 1.488437876105308533e-02 1.962910033762454987e-02 2.470125677064061165e-03 2.851690398529171944e-03 6.748720072209835052e-03 2.166619710624217987e-02 1.751329749822616577e-02 3.050422668457031250e-02 2.724841423332691193e-02 2.183246240019798279e-02 4.349477589130401611e-02 1.848814263939857483e-02 2.609860710799694061e-02 3.805881738662719727e-02 3.105492703616619110e-02 1.059242524206638336e-02 6.028379779309034348e-03 3.959197783842682838e-04 4.557864740490913391e-03 3.487026691436767578e-02 6.147304549813270569e-02 1.211855211295187473e-03 1.767379418015480042e-02 2.447537519037723541e-02 2.508669160306453705e-02 2.751533314585685730e-02 3.779289498925209045e-02 4.041247442364692688e-02 2.894383622333407402e-03 3.247252106666564941e-02 8.425896987318992615e-03 8.758098818361759186e-03 1.695615425705909729e-02 1.694180537015199661e-03 1.763426139950752258e-02 2.767437696456909180e-02 3.517806157469749451e-02 2.559164166450500488e-02 4.489389434456825256e-02 5.936309462413191795e-04 1.768856123089790344e-02 5.980660789646208286e-04 3.856498375535011292e-02 3.954624291509389877e-03 3.328077495098114014e-03 2.353402040898799896e-02 2.740653231739997864e-02 1.619346141815185547e-01 1.228887587785720825e-01 1.152337994426488876e-02 9.229910559952259064e-03 2.766385860741138458e-02 1.872494071722030640e-02 7.818470895290374756e-02 5.380912870168685913e-02 7.522489409893751144e-03 1.119625568389892578e-02 6.453735288232564926e-03 1.090624500648118556e-04 1.460891310125589371e-02 1.587877050042152405e-03 4.136975109577178955e-02 3.561887145042419434e-02 3.890074044466018677e-02 4.554110765457153320e-02 3.372190520167350769e-02 3.843428567051887512e-02 7.398785091936588287e-03 3.722930792719125748e-03 1.901143975555896759e-02 4.588008299469947815e-02 1.660884916782379150e-02 6.711069494485855103e-03 5.264745093882083893e-03 5.450881086289882660e-03 6.485932040959596634e-03 4.027942195534706116e-03 6.294260267168283463e-03 9.078523144125938416e-03 4.075678065419197083e-02 1.461801864206790924e-02 3.062548115849494934e-02 3.437007591128349304e-02
5.185625981539487839e-03 1.753770932555198669e-02 1.353719923645257950e-02 5.117477104067802429e-02 2.974344044923782349e-02 5.073656793683767319e-03 4.279128275811672211e-03 2.221252582967281342e-02 5.138629674911499023e-01 7.728932052850723267e-02 1.371454633772373199e-02 5.005552992224693298e-02 4.968384746462106705e-03 4.323133081197738647e-02 1.224503759294748306e-02 1.334029249846935272e-03 1.022015605121850967e-02 7.957903295755386353e-02 5.354116484522819519e-02 1.688307337462902069e-02 5.961705930531024933e-03 4.099693149328231812e-03 2.380066551268100739e-02 1.004229485988616943e-02 2.434518001973628998e-02 1.448333635926246643e-02 1.757118478417396545e-02 3.078581392765045166e-02 8.958450518548488617e-03 1.853498071432113647e-02 4.995232913643121719e-03 2.645151130855083466e-02 1.762307435274124146e-02 3.322589443996548653e-03 3.148132190108299255e-02 4.953141137957572937e-02 9.629141539335250854e-03 2.310401573777198792e-02 2.267579175531864166e-02 6.856431253254413605e-03 9.374730288982391357e-03 1.025360426865518093e-03 3.227906674146652222e-02 8.040685206651687622e-03 3.204916045069694519e-02 5.380140244960784912e-02 3.434069082140922546e-02 1.146501675248146057e-02 2.967361919581890106e-02 4.540620371699333191e-02 3.329422324895858765e-02 1.711041852831840515e-02 3.755011036992073059e-02 4.152360931038856506e-02 1.056007444858551025e-01 2.572078071534633636e-02 9.680577553808689117e-03 3.955627232789993286e-02 9.737605229020118713e-03 1.791777787730097771e-03 3.044312354177236557e-03 5.033086240291595459e-02 5.964104086160659790e-03 5.170668475329875946e-03 7.816596771590411663e-04 3.405599296092987061e-02 2.542142011225223541e-02 1.167558971792459488e-02 5.122817680239677429e-02 4.179413430392742157e-03 4.094634950160980225e-02 2.757476270198822021e-02 8.979469537734985352e-03 3.417967353016138077e-03 2.309126779437065125e-02 4.769437760114669800e-02 1.165154874324798584e-01 2.362323552370071411e-02 4.496111348271369934e-02 6.318068597465753555e-03 3.413566946983337402e-02 5.032948777079582214e-02 1.075372472405433655e-01 1.636769436299800873e-02 3.565176576375961304e-02 3.254444897174835205e-02 2.115797251462936401e-02 4.788093641400337219e-02 4.508347436785697937e-02 3.505157772451639175e-03 1.282246131449937820e-02 6.260135024785995483e-02 3.943407908082008362e-02 4.736654832959175110e-02 4.260347690433263779e-03 1.055516581982374191e-02 2.472050720825791359e-03 4.336303845047950745e-02 3.403728827834129333e-02 1.767347380518913269e-02 5.690500140190124512e-03 1.168314181268215179e-02 3.947858884930610657e-02 5.116346850991249084e-02 8.025621622800827026e-02 7.248500734567642212e-02 1.057022344321012497e-02 4.558447003364562988e-02 7.871744222939014435e-03 2.657452784478664398e-02 3.849917650222778320e-02 3.580123186111450195e-02 2.185308933258056641e-02 5.474667530506849289e-03 2.371983788907527924e-02 1.781752705574035645e-02
2.165570296347141266e-02 2.148138917982578278e-02 3.148934617638587952e-02 4.875127226114273071e-02 4.303738940507173538e-03 3.584321960806846619e-02 8.867379277944564819e-03 1.570551842451095581e-02 7.728932052850723267e-02 5.320999622344970703e-01 2.961292117834091187e-02 1.319286413490772247e-02 2.902341075241565704e-02 5.221366137266159058e-02 2.147706411778926849e-02 4.455066472291946411e-02 3.492171643301844597e-03 7.386682182550430298e-02 1.406069844961166382e-01 4.896218422800302505e-03 4.773779958486557007e-02 3.688561916351318359e-02 3.532001376152038574e-02 4.280791431665420532e-02 1.380793750286102295e-02 1.481669489294290543e-02 3.821022436022758484e-02 4.715398326516151428e-02 5.187112092971801758e-02 3.816958144307136536e-02 2.778830938041210175e-02 1.969183236360549927e-02 2.155795693397521973e-03 2.643494307994842529e-02 2.655288763344287872e-02 8.113310672342777252e-03 3.110007196664810181e-02 4.181093350052833557e-02 2.331762947142124176e-02 3.847291320562362671e-02 1.317268051207065582e-02 3.975751623511314392e-02 1.986089395359158516e-03 1.971385627985000610e-02 3.197362646460533142e-02 3.058403730392456055e-03 2.137638861313462257e-03 2.476175501942634583e-02 2.540975250303745270e-02 4.355705901980400085e-02 1.062368135899305344e-02 2.247013337910175323e-02 3.358907299116253853e-03 1.133858039975166321e-02 3.932995721697807312e-02 3.627477213740348816e-02 5.179396644234657288e-02 7.019605953246355057e-03 1.567289792001247406e-02 2.083589136600494385e-02 5.673928186297416687e-02 4.689390771090984344e-03 3.458777442574501038e-02 2.377530373632907867e-02 1.644098758697509766e-02 3.578635677695274353e-02 3.222484886646270752e-02 4.916244745254516602e-02 3.376811742782592773e-02 7.065789401531219482e-02 1.924461685121059418e-02 1.881094416603446007e-03 2.246493706479668617e-03 6.911923736333847046e-02 3.675990924239158630e-02 1.018393225967884064e-02 1.812291913665831089e-03 1.055685281753540039e-01 2.915625087916851044e-02 1.409357190132141113e-01 4.108121618628501892e-02 3.892299532890319824e-02 7.423898577690124512e-02 1.183048412203788757e-01 3.178204223513603210e-02 2.842403016984462738e-02 2.119855210185050964e-02 1.055904757231473923e-02 1.807678490877151489e-02 7.748000323772430420e-02 4.896455910056829453e-03 1.872307853773236275e-03 7.171748671680688858e-03 3.519369289278984070e-02 9.043173864483833313e-03 6.155251525342464447e-03 9.874201565980911255e-02 2.148384926840662956e-03 2.717558853328227997e-02 2.494100853800773621e-02 2.970953844487667084e-02 4.484063759446144104e-02 1.410115789622068405e-02 4.553795605897903442e-02 2.040535397827625275e-02 4.172527045011520386e-02 2.632294967770576477e-02 1.581528224050998688e-03 3.702179342508316040e-02 7.417824584990739822e-03 3.563248366117477417e-02 3.905583545565605164e-02 3.397661447525024414e-02 4.565442726016044617e-02 5.677404813468456268e-03 4.918587580323219299e-02
1.066277399659156799e-01 7.809898257255554199e-02 5.424175877124071121e-03 2.884389460086822510e-02 1.315081305801868439e-02 8.989565819501876831e-02 7.100709527730941772e-02 2.180393226444721222e-02 1.371454633772373199e-02 2.961292117834091187e-02 5.313346385955810547e-01 1.557626947760581970e-02 8.540358394384384155e-02 4.003285989165306091e-02 5.175190791487693787e-02 4.842756688594818115e-02 5.445080623030662537e-02 1.784548163414001465e-02 4.707155376672744751e-02 9.172582998871803284e-03 2.632616087794303894e-02 3.520235419273376465e-02 1.545247435569763184e-02 4.816280212253332138e-03 1.486331876367330551e-02 2.329837344586849213e-02 1.860117539763450623e-02 3.218475729227066040e-02 4.454114288091659546e-02 3.898646682500839233e-02 2.759737707674503326e-02 2.876698784530162811e-02 1.820606365799903870e-02 3.026483021676540375e-02 1.632461138069629669e-02 4.013590514659881592e-03 7.377200294286012650e-03 1.880151592195034027e-02 4.965984076261520386e-02 5.065510049462318420e-02 4.385132342576980591e-02 4.027185961604118347e-02 7.802280131727457047e-03 1.069734245538711548e-02 4.188716039061546326e-02 4.684581980109214783e-02 4.660071060061454773e-02 2.017830312252044678e-02 2.153036370873451233e-02 9.348749183118343353e-03 3.661033138632774353e-02 2.560140565037727356e-02 1.679240167140960693e-02 2.706280164420604706e-02 3.219676017761230469e-02 9.859399870038032532e-03 6.520069669932126999e-03 3.538434859365224838e-03 2.469599619507789612e-02 3.678181441500782967e-03 6.391552276909351349e-03 2.031992189586162567e-02 5.362157523632049561e-02 1.775925792753696442e-02 2.060019597411155701e-02 2.365577965974807739e-02 1.624486874788999557e-03 1.790553703904151917e-02 1.342989131808280945e-02 1.749919913709163666e-02 3.697552718222141266e-03 4.549432918429374695e-02 2.303655073046684265e-02 4.511241242289543152e-02 2.415201999247074127e-02 1.927771046757698059e-02 1.655741408467292786e-02 4.676950722932815552e-02 1.020335406064987183e-02 2.315434813499450684e-02 3.676718845963478088e-02 1.252892706543207169e-02 1.957621052861213684e-02 3.867873176932334900e-02 5.439252592623233795e-03 2.003317326307296753e-02 3.627825528383255005e-02 1.680961251258850098e-02 2.004503458738327026e-02 1.706385985016822815e-02 2.300021797418594360e-02 3.768159449100494385e-02 5.400675162672996521e-02 1.142476592212915421e-02 2.250801585614681244e-02 2.102649072185158730e-03 3.749206662178039551e-02 2.483527734875679016e-02 8.848858997225761414e-03 2.279069833457469940e-02 2.770468709059059620e-04 1.207679975777864456e-02 2.221586741507053375e-02 3.539847955107688904e-02 9.021194651722908020e-03 7.430250290781259537e-03 2.449356252327561378e-03 4.337052628397941589e-02 1.599399186670780182e-02 3.367390111088752747e-02 2.634833008050918579e-02 2.077490463852882385e-02 5.294814240187406540e-03 1.311864890158176422e-02 4.646506533026695251e-02 2.664475888013839722e-02
5.399617925286293030e-02 2.672183699905872345e-02 6.488364934921264648e-02 1.301068998873233795e-02 1.863559335470199585e-02 6.185612641274929047e-03 1.144237816333770752e-02 2.700357325375080109e-02 5.005552992224693298e-02 1.319286413490772247e-02 1.557626947760581970e-02 5.148190259933471680e-01 3.782072104513645172e-03 1.597218215465545654e-01 2.757321298122406006e-02 3.970576077699661255e-02 5.112242698669433594e-02 2.337461523711681366e-02 2.209758758544921875e-02 1.915220730006694794e-02 4.625279456377029419e-03 1.944502443075180054e-02 2.529885619878768921e-03 1.312371809035539627e-03 2.111520245671272278e-02 2.107907086610794067e-03 3.795699030160903931e-02 3.212953358888626099e-02 2.460197731852531433e-02 3.438147529959678650e-02 1.733069680631160736e-02 8.786207064986228943e-03 1.248727366328239441e-02 1.564637944102287292e-02 1.720735244452953339e-02 4.304113239049911499e-02 1.052077207714319229e-02 3.021762147545814514e-02 4.076107591390609741e-02 3.427021577954292297e-02 2.858890453353524208e-03 5.376785621047019958e-02 2.727213874459266663e-02 2.290730178356170654e-02 2.865403518080711365e-02 1.580783352255821228e-02 1.944366097450256348e-02 1.931998692452907562e-02 5.101243779063224792e-02 1.510214898735284805e-02 2.828709408640861511e-02 1.851641945540904999e-02 2.246293704956769943e-03 1.043340563774108887e-02 3.369895741343498230e-02 1.462394837290048599e-02 1.328043546527624130e-02 4.955037310719490051e-02 3.450013697147369385e-02 2.551762573421001434e-02 1.129754260182380676e-02 3.058733232319355011e-02 3.927929792553186417e-03 2.810421213507652283e-02 1.548493094742298126e-02 2.592405304312705994e-03 1.404025033116340637e-02 2.237917669117450714e-02 5.376233602873980999e-04 5.706728249788284302e-02 2.607535570859909058e-02 3.103260882198810577e-02 4.109425842761993408e-02 5.046693235635757446e-02 4.261477664113044739e-02 6.513092201203107834e-03 7.014609128236770630e-02 1.884260214865207672e-02 7.180990651249885559e-03 1.150033343583345413e-02 2.932508103549480438e-02 8.558960631489753723e-03 2.426388487219810486e-02 2.562810853123664856e-02 1.701771840453147888e-02 8.358866907656192780e-04 1.614334248006343842e-02 1.899748109281063080e-03 3.474008291959762573e-02 1.690720021724700928e-02 2.044257335364818573e-02 1.829754561185836792e-03 1.330616045743227005e-02 1.917440257966518402e-02 2.007947675883769989e-02 3.391097486019134521e-02 2.621890790760517120e-02 3.230550140142440796e-02 1.908003538846969604e-02 3.107209503650665283e-02 7.314739283174276352e-03 8.567529730498790741e-03 2.498408779501914978e-02 3.802739456295967102e-02 1.916682161390781403e-02 1.673758146353065968e-03 1.245198398828506470e-02 3.518395125865936279e-02 3.545109555125236511e-02 3.272862359881401062e-02 5.093497782945632935e-02 4.472672566771507263e-02 3.783947788178920746e-03 9.030993096530437469e-03 4.069961979985237122e-02 1.353186555206775665e-02
9.259907156229019165e-02 1.180342733860015869e-01 2.468893490731716156e-02 1.291478238999843597e-02 3.303658450022339821e-03 7.703585922718048096e-02 8.999265730381011963e-02 2.550914511084556580e-02 4.968384746462106705e-03 2.902341075241565704e-02 8.540358394384384155e-02 3.782072104513645172e-03 5.345412492752075195e-01 3.112541511654853821e-02 5.434101819992065430e-02 3.099119290709495544e-02 3.498024120926856995e-02 1.230979803949594498e-02 4.753106087446212769e-02 1.691002282314002514e-03 2.900747209787368774e-02 8.653022348880767822e-03 5.290061235427856445e-02 3.742662444710731506e-02 2.281948179006576538e-02 2.944596111774444580e-02 3.691236674785614014e-02 1.741540990769863129e-02 1.261756755411624908e-03 3.204509243369102478e-02 3.513289988040924072e-02 3.100535832345485687e-02 3.607766702771186829e-02 3.522778302431106567e-02 1.429902389645576477e-02 1.147214416414499283e-02 6.160544231534004211e-03 1.776435971260070801e-02 2.297439798712730408e-02 3.090676851570606232e-02 3.421451151371002197e-02 3.907401487231254578e-02 4.326315596699714661e-03 1.566128432750701904e-02 5.016036704182624817e-02 4.760707542300224304e-02 3.736454620957374573e-02 4.973716288805007935e-02 6.372747477144002914e-03 7.592448964715003967e-03 4.927183315157890320e-02 3.568673878908157349e-02 1.375993527472019196e-02 3.313534334301948547e-02 3.045262768864631653e-02 9.687535464763641357e-03 1.915435492992401123e-02 2.007073722779750824e-02 2.772487327456474304e-02 5.593554116785526276e-03 2.213923260569572449e-02 7.603320293128490448e-03 4.382436349987983704e-02 1.306765712797641754e-02 2.558463253080844879e-03 2.895742654800415039e-02 1.919178292155265808e-03 1.970957778394222260e-02 1.928403601050376892e-02 3.008520603179931641e-02 1.662210002541542053e-02 4.650868102908134460e-02 2.650501392781734467e-02 4.314921796321868896e-02 1.548171974718570709e-02 3.119885805062949657e-04 8.618925698101520538e-03 2.512192912399768829e-02 3.150213509798049927e-02 1.936268806457519531e-02 2.448004670441150665e-02 1.111114863306283951e-02 8.515201508998870850e-03 2.359359711408615112e-02 6.841763854026794434e-03 9.036270901560783386e-03 2.724068984389305115e-02 2.491606399416923523e-02 2.385344915091991425e-02 1.462545804679393768e-02 4.787950217723846436e-02 1.283606700599193573e-02 4.592766985297203064e-02 2.319238521158695221e-02 1.631235331296920776e-02 2.928376570343971252e-02 4.298162832856178284e-02 1.460239943116903305e-02 1.733965240418910980e-02 1.013349276036024094e-02 4.361709114164113998e-03 9.576103650033473969e-03 2.252942137420177460e-02 4.372865334153175354e-02 9.096813737414777279e-04 7.748140487819910049e-03 2.337268181145191193e-02 4.966979846358299255e-02 1.104099769145250320e-02 3.586198389530181885e-02 1.605812460184097290e-02 9.269356727600097656e-03 4.603832494467496872e-03 9.361765347421169281e-03 5.031186714768409729e-02 1.955489441752433777e-02
