5.516402125358581543e-01 6.825985014438629150e-02 2.012084051966667175e-02 5.096398666501045227e-02 2.318489737808704376e-02 8.127411454916000366e-02 4.337513074278831482e-02 4.374917969107627869e-02 1.963266357779502869e-02 1.855276152491569519e-02 8.076759427785873413e-02 1.117947604507207870e-02 5.010057613253593445e-02 3.523786785081028938e-03 4.249923676252365112e-02 1.804924570024013519e-02 1.752439327538013458e-02 1.342291291803121567e-02 4.076096042990684509e-02 9.313743561506271362e-03 2.488311938941478729e-02 3.549497947096824646e-02 2.482367865741252899e-02 2.397721260786056519e-02 2.957771904766559601e-02 3.161692875437438488e-04 2.631372958421707153e-02 7.144296541810035706e-03 1.727833412587642670e-02 2.942392602562904358e-02 1.673831790685653687e-02 7.412461098283529282e-03 2.681549638509750366e-02 3.951316699385643005e-03 8.447170257568359375e-03 9.427428449271246791e-05 1.598006230778992176e-03 3.590891882777214050e-02 3.600598499178886414e-02 3.727049380540847778e-02 3.377638012170791626e-02 3.748358925804495811e-03 1.910215476527810097e-03 3.012445569038391113e-02 2.553061395883560181e-02 4.107403382658958435e-02 4.054153338074684143e-02 5.089669488370418549e-03 1.239541918039321899e-03 1.862689293920993805e-02 1.112514082342386246e-02 2.639670856297016144e-03 2.307426184415817261e-02 2.332635596394538879e-02 4.142773896455764771e-02 2.588221617043018341e-02 3.235446289181709290e-02 2.296639233827590942e-02 1.335123553872108459e-02 1.548133138567209244e-02 1.959401741623878479e-02 3.816122934222221375e-02 1.094574481248855591e-02 2.837470732629299164e-02 1.462381798774003983e-02 1.687826029956340790e-02 3.167966753244400024e-02 1.007509697228670120e-02 3.311257436871528625e-02 5.208090413361787796e-03 2.403767406940460205e-02 3.711340948939323425e-02 5.376984924077987671e-02 2.137248031795024872e-02 4.405197873711585999e-02 1.126994565129280090e-02 4.728327621705830097e-04 4.448259714990854263e-03 4.116813465952873230e-02 2.079980261623859406e-02 2.506995573639869690e-02 1.060123927891254425e-02 7.544466760009527206e-03 4.424389451742172241e-02 2.177553437650203705e-02 2.193982899188995361e-02 2.721689455211162567e-02 1.247750129550695419e-02 9.603751823306083679e-03 2.326826378703117371e-02 1.707045361399650574e-02 2.837808057665824890e-02 8.811134845018386841e-03 3.466323390603065491e-02 2.028058469295501709e-02 3.785368055105209351e-02 2.880652667954564095e-03 2.965945564210414886e-02 1.221920549869537354e-02 9.627879597246646881e-03 1.982523873448371887e-02 1.861294731497764587e-02 2.173394896090030670e-03 4.136013984680175781e-02 4.100823029875755310e-02 4.182320833206176758e-02 2.383282408118247986e-02 4.635781515389680862e-04 1.541205495595932007e-02 1.951208151876926422e-02 3.974837437272071838e-02 3.810168057680130005e-02 7.225348614156246185e-03 1.512130070477724075e-02 3.458858933299779892e-03 3.761624544858932495e-02
6.825985014438629150e-02 5.517452955245971680e-01 1.130090281367301941e-02 4.423288255929946899e-02 3.502796590328216553e-02 7.531630992889404297e-02 7.548543065786361694e-02 4.124926030635833740e-02 2.521871775388717651e-02 2.221111580729484558e-02 4.201165959239006042e-02 3.865206986665725708e-02 6.176182627677917480e-02 3.501731529831886292e-02 1.856231316924095154e-02 2.512639574706554413e-02 4.324934631586074829e-02 1.452116761356592178e-03 3.836639225482940674e-02 3.385599004104733467e-03 2.428910229355096817e-03 3.620753064751625061e-02 3.333869948983192444e-02 3.402944281697273254e-02 5.156232975423336029e-03 3.360603703185915947e-03 3.973291255533695221e-03 1.848737150430679321e-02 2.232850296422839165e-03 3.386057913303375244e-02 1.581919565796852112e-02 1.861877925693988800e-02 2.508226037025451660e-02 1.459940429776906967e-02 6.597209721803665161e-03 1.853583753108978271e-02 3.910086117684841156e-03 3.002138622105121613e-02 8.148016408085823059e-03 1.682642847299575806e-02 2.163742110133171082e-02 8.965873159468173981e-03 3.140193223953247070e-02 3.451958671212196350e-02 1.561901252716779709e-02 1.138535700738430023e-02 3.167990222573280334e-02 5.359017476439476013e-02 2.851945161819458008e-02 2.117436751723289490e-02 2.458823099732398987e-02 4.582563787698745728e-02 6.016196683049201965e-03 4.125240072607994080e-02 5.853103846311569214e-02 2.069308795034885406e-02 1.653905026614665985e-02 2.388732507824897766e-02 5.735000595450401306e-02 2.168986201286315918e-02 2.126449719071388245e-02 1.203988213092088699e-02 4.154451191425323486e-02 2.679670602083206177e-02 6.780076073482632637e-04 3.921176772564649582e-03 5.953842774033546448e-03 5.244966596364974976e-03 1.406836044043302536e-02 2.693982981145381927e-02 3.756528347730636597e-02 4.600684717297554016e-02 4.802098125219345093e-02 1.537880115211009979e-02 4.664725810289382935e-02 1.769180223345756531e-02 2.054305933415889740e-02 1.130905654281377792e-02 3.312490507960319519e-02 3.833189979195594788e-02 3.243665769696235657e-02 1.457706186920404434e-02 8.984404616057872772e-03 1.730695739388465881e-02 1.923444308340549469e-02 5.037615820765495300e-02 1.189689501188695431e-03 1.913490518927574158e-02 3.007260337471961975e-02 2.522948756814002991e-02 1.243296544998884201e-02 1.317747309803962708e-02 4.230997338891029358e-02 1.647846587002277374e-02 1.024900004267692566e-02 4.778985679149627686e-02 3.475325182080268860e-02 2.992535568773746490e-02 1.427173893898725510e-02 5.786162335425615311e-03 2.532693557441234589e-02 9.528260678052902222e-03 2.336945384740829468e-02 2.132933214306831360e-02 5.306358262896537781e-02 3.709019720554351807e-02 2.763376012444496155e-02 3.501630946993827820e-02 7.721302565187215805e-03 1.586647145450115204e-02 4.666882753372192383e-02 2.301469072699546814e-02 2.966770157217979431e-02 6.800631992518901825e-03 7.552412897348403931e-02 3.419337049126625061e-02
2.012084051966667175e-02 1.130090281367301941e-02 5.249082446098327637e-01 3.126434981822967529e-02 4.116941243410110474e-02 6.626118719577789307e-02 2.339245192706584930e-02 7.011156529188156128e-02 3.900810331106185913e-02 3.309419378638267517e-02 2.464371267706155777e-03 2.592186443507671356e-02 6.973540410399436951e-03 3.020590543746948242e-02 2.274958603084087372e-02 4.917362332344055176e-02 6.273788213729858398e-02 1.639689132571220398e-02 1.114554144442081451e-02 1.377958618104457855e-02 2.512282133102416992e-02 1.555369142442941666e-02 9.831186383962631226e-03 1.444658730179071426e-02 1.293599326163530350e-02 9.638659656047821045e-03 9.207916446030139923e-03 5.897242948412895203e-02 2.559006027877330780e-02 3.803329169750213623e-02 1.925016939640045166e-02 2.186838537454605103e-02 3.632778674364089966e-02 5.983012262731790543e-03 1.699990220367908478e-02 7.702224887907505035e-03 1.107176952064037323e-02 2.774096839129924774e-02 7.373848930001258850e-03 3.055582940578460693e-02 2.622488513588905334e-02 2.772549167275428772e-02 4.794644936919212341e-02 8.608977310359477997e-03 2.276873402297496796e-02 2.253451012074947357e-02 1.792139955796301365e-03 3.062010556459426880e-02 3.483899310231208801e-02 1.810429431498050690e-02 3.581281751394271851e-02 1.627128571271896362e-02 8.199574425816535950e-03 2.808671630918979645e-02 3.698016330599784851e-02 3.283382207155227661e-02 3.535498399287462234e-03 6.851945654489099979e-04 3.325908631086349487e-02 1.403378881514072418e-02 2.562512271106243134e-02 1.057732291519641876e-02 4.161817952990531921e-02 2.581477724015712738e-02 5.722919479012489319e-03 2.981785126030445099e-02 2.158835716545581818e-02 1.175194862298667431e-03 1.691654697060585022e-02 3.052875399589538574e-03 3.938834369182586670e-02 4.164175316691398621e-02 2.946687303483486176e-02 2.932303771376609802e-02 1.782389543950557709e-02 8.944522589445114136e-03 2.989749237895011902e-02 2.139623090624809265e-02 4.298711568117141724e-02 4.058763757348060608e-02 1.219141632318496704e-01 1.783959195017814636e-02 3.412409452721476555e-03 3.918836638331413269e-02 7.914952933788299561e-03 2.692249044775962830e-02 4.970748722553253174e-02 8.570903539657592773e-02 5.464592576026916504e-02 1.405399851500988007e-02 4.123371094465255737e-02 3.092378377914428711e-02 4.453711956739425659e-02 6.149244494736194611e-03 1.034973189234733582e-02 2.955326437950134277e-02 4.877170547842979431e-02 5.717325210571289062e-02 2.870872803032398224e-02 1.824162341654300690e-02 3.603913635015487671e-02 4.376888647675514221e-02 5.335263907909393311e-03 2.942396141588687897e-02 2.772673405706882477e-02 4.433462396264076233e-02 2.597867697477340698e-02 3.824628889560699463e-02 1.269625127315521240e-02 3.651183843612670898e-02 3.271401673555374146e-02 2.678362466394901276e-02 1.091695111244916916e-02 4.342303052544593811e-02 4.170341789722442627e-02 1.970005221664905548e-02
5.096398666501045227e-02 4.423288255929946899e-02 3.126434981822967529e-02 5.429199934005737305e-01 1.382931619882583618e-01 1.367290597409009933e-02 2.019365318119525909e-02 9.377676993608474731e-03 5.220168828964233398e-02 4.566297680139541626e-02 1.419679354876279831e-02 4.475805163383483887e-02 1.518245041370391846e-02 2.307697199285030365e-02 3.439480438828468323e-02 3.452878445386886597e-02 3.553553298115730286e-02 3.618450462818145752e-02 3.694985434412956238e-02 3.279122337698936462e-02 1.989586465060710907e-02 2.139987424015998840e-02 4.065733030438423157e-02 4.702516272664070129e-02 7.902462966740131378e-03 3.882980346679687500e-02 1.645556651055812836e-02 3.652251139283180237e-02 1.157824415713548660e-02 1.103250961750745773e-02 1.821710728108882904e-02 1.728010550141334534e-02 4.480113461613655090e-02 5.102470982819795609e-03 1.231983862817287445e-02 3.856868296861648560e-02 2.940482832491397858e-02 2.987837232649326324e-02 3.815674688667058945e-03 6.509594619274139404e-03 9.346671286039054394e-04 1.917812973260879517e-02 3.409767150878906250e-02 2.619714289903640747e-02 4.094250500202178955e-02 1.027754135429859161e-02 4.269146826118230820e-03 1.896411925554275513e-02 5.764050409197807312e-02 1.627478934824466705e-02 4.699005186557769775e-02 1.664012484252452850e-02 2.639803849160671234e-02 2.658093161880970001e-02 3.243534360080957413e-03 2.202880568802356720e-02 5.169205833226442337e-03 3.509275242686271667e-02 1.740816631354391575e-03 1.410039328038692474e-02 7.612267509102821350e-03 1.209645252674818039e-02 2.469749562442302704e-02 1.832612790167331696e-02 3.757941303774714470e-03 2.630819194018840790e-02 1.081151422113180161e-03 4.034713283181190491e-02 4.011111706495285034e-02 2.907418087124824524e-02 1.919084787368774414e-02 3.706524521112442017e-02 1.691026240587234497e-01 3.246882185339927673e-02 9.207176417112350464e-02 4.122746363282203674e-02 2.526820264756679535e-02 7.737366948276758194e-03 3.786996006965637207e-03 2.328591048717498779e-02 2.724934183061122894e-02 1.328386459499597549e-02 5.363885685801506042e-02 1.981731876730918884e-02 1.405640505254268646e-02 2.643479965627193451e-02 4.844402149319648743e-02 1.751255802810192108e-02 2.071190997958183289e-02 2.502453885972499847e-02 1.825936324894428253e-02 5.579011980444192886e-03 4.578030854463577271e-02 1.898671872913837433e-02 1.618792116641998291e-02 1.887534279376268387e-03 1.626846939325332642e-02 3.730207309126853943e-02 9.900850243866443634e-03 6.343487184494733810e-03 1.779185235500335693e-02 6.883483147248625755e-04 2.142695884685963392e-04 2.402946166694164276e-02 4.711920395493507385e-02 4.456892609596252441e-02 3.737756609916687012e-02 4.295547958463430405e-03 3.195466473698616028e-03 1.218773238360881805e-02 2.445219643414020538e-02 4.139447584748268127e-02 4.592829383909702301e-03 9.171675890684127808e-03 1.599233224987983704e-02 6.619877181947231293e-03
2.318489737808704376e-02 3.502796590328216553e-02 4.116941243410110474e-02 1.382931619882583618e-01 5.364395380020141602e-01 8.202260360121726990e-03 5.756947677582502365e-03 6.484018638730049133e-03 2.597368881106376648e-02 2.961855940520763397e-02 1.404411252588033676e-02 9.345964528620243073e-03 1.071481034159660339e-02 8.695523254573345184e-03 1.646160334348678589e-02 4.254070296883583069e-02 1.588875800371170044e-02 3.056026622653007507e-02 2.001434192061424255e-02 4.447655007243156433e-02 1.316850166767835617e-02 1.330459769815206528e-02 4.339379724115133286e-03 3.267240524291992188e-02 3.445854410529136658e-02 1.889519020915031433e-02 9.468147531151771545e-03 3.974629193544387817e-02 2.288023754954338074e-02 3.908443823456764221e-02 4.671996086835861206e-02 4.521229490637779236e-02 1.779173128306865692e-02 2.684819884598255157e-02 4.327204823493957520e-02 8.284602314233779907e-03 2.797723188996315002e-02 4.882436618208885193e-02 5.773774534463882446e-02 4.234990570694208145e-03 1.844809390604496002e-02 3.848765045404434204e-02 2.233714621979743242e-04 8.361899293959140778e-03 3.781951218843460083e-02 2.765811234712600708e-02 9.609932079911231995e-03 2.690580673515796661e-02 1.767171919345855713e-02 3.398437798023223877e-02 3.861862793564796448e-02 2.346947044134140015e-02 2.595103532075881958e-02 3.168699564412236214e-03 7.956644985824823380e-04 4.423942882567644119e-03 3.965635597705841064e-02 3.819569479674100876e-03 4.082987457513809204e-02 1.341690775007009506e-02 1.010445877909660339e-02 1.288247667253017426e-02 2.479738183319568634e-02 2.589104464277625084e-03 2.021531341597437859e-03 1.422140747308731079e-02 2.817406319081783295e-02 4.851821437478065491e-02 1.395643409341573715e-02 9.209850686602294445e-04 3.909240290522575378e-02 1.947173848748207092e-02 1.132785603404045105e-01 3.054909408092498779e-02 1.728991121053695679e-01 4.987513646483421326e-02 3.361127153038978577e-02 4.563289880752563477e-02 1.932037994265556335e-02 9.609133936464786530e-03 2.857057563960552216e-02 2.770414203405380249e-02 2.365786116570234299e-03 1.112250164151191711e-01 1.384899020195007324e-02 8.691295050084590912e-03 9.282394312322139740e-04 2.714337967336177826e-02 4.128505825065076351e-04 5.424677208065986633e-02 2.826460823416709900e-02 4.261145740747451782e-02 4.343774542212486267e-02 2.058945968747138977e-02 8.844885043799877167e-03 3.941724076867103577e-02 2.453611791133880615e-02 1.468356698751449585e-02 1.603410206735134125e-02 3.817628324031829834e-02 6.412562215700745583e-04 4.639632999897003174e-02 4.298074543476104736e-02 7.441033143550157547e-03 3.471985226497054100e-03 1.845167763531208038e-02 3.851354122161865234e-02 1.497703255154192448e-03 3.859315440058708191e-02 4.546723887324333191e-02 1.075220759958028793e-03 1.098841312341392040e-03 1.067535951733589172e-02 3.680725395679473877e-02 3.250831738114356995e-02 2.088295668363571167e-02
8.127411454916000366e-02 7.531630992889404297e-02 6.626118719577789307e-02 1.367290597409009933e-02 8.202260360121726990e-03 5.470011830329895020e-01 8.942529559135437012e-02 4.931532964110374451e-02 3.688415884971618652e-02 3.792431950569152832e-02 5.950446799397468567e-02 7.729029282927513123e-03 5.632416531443595886e-02 7.140784524381160736e-03 9.799111634492874146e-03 1.669978606514632702e-03 9.031952358782291412e-03 1.749285496771335602e-02 3.687576949596405029e-02 1.668556220829486847e-02 9.474541991949081421e-03 1.722830720245838165e-02 4.105846397578716278e-03 3.131618024781346321e-03 2.237968519330024719e-02 1.022062171250581741e-02 1.876797154545783997e-02 2.628020942211151123e-02 6.549303419888019562e-03 5.314157344400882721e-03 2.915536751970648766e-03 4.953054711222648621e-03 7.454759906977415085e-03 1.285713631659746170e-03 9.562110062688589096e-04 7.079901639372110367e-03 3.028682898730039597e-03 3.947889059782028198e-02 4.096692055463790894e-02 1.545537635684013367e-02 1.355121377855539322e-02 6.052650511264801025e-03 2.462768554687500000e-02 5.202734470367431641e-02 4.017348960041999817e-02 4.716678708791732788e-02 8.009590208530426025e-02 2.076384611427783966e-02 8.899126201868057251e-03 2.691428922116756439e-02 5.974232684820890427e-03 7.109107449650764465e-03 5.945061333477497101e-03 1.433019526302814484e-02 3.668086975812911987e-02 2.581617422401905060e-02 1.391458790749311447e-02 3.536849049851298332e-03 4.931216314435005188e-02 6.315854261629283428e-04 5.812152521684765816e-04 2.418571896851062775e-02 1.258645951747894287e-02 2.706655859947204590e-02 1.087428256869316101e-02 8.716301992535591125e-03 1.381627190858125687e-02 3.630750812590122223e-03 2.896587736904621124e-02 5.177532322704792023e-03 2.568618953227996826e-02 3.271793946623802185e-02 1.873750798404216766e-02 6.275780964642763138e-03 4.146620258688926697e-02 3.309448808431625366e-02 2.334326878190040588e-02 2.426756545901298523e-02 4.444777965545654297e-02 3.272734954953193665e-02 1.057472266256809235e-02 1.650224626064300537e-02 7.742167450487613678e-03 4.021722078323364258e-02 2.927112393081188202e-03 2.607428468763828278e-02 7.819463498890399933e-03 1.199758891016244888e-02 2.540194056928157806e-02 2.349617332220077515e-02 3.704078961163759232e-03 2.171915024518966675e-02 1.297855749726295471e-03 1.394093222916126251e-02 1.788553036749362946e-02 4.983583837747573853e-02 2.085424400866031647e-02 3.854241594672203064e-02 1.718519814312458038e-02 1.938566565513610840e-02 2.581153996288776398e-02 3.691346570849418640e-02 2.495266497135162354e-03 3.910513222217559814e-02 2.810298092663288116e-02 3.762744367122650146e-02 2.186731901019811630e-03 2.006524242460727692e-02 1.274378877133131027e-02 5.376764573156833649e-03 5.013129487633705139e-02 7.902964949607849121e-03 1.676472090184688568e-02 1.732025668025016785e-02 1.161051448434591293e-02 2.261215262115001678e-02
4.337513074278831482e-02 7.548543065786361694e-02 2.339245192706584930e-02 2.019365318119525909e-02 5.756947677582502365e-03 8.942529559135437012e-02 5.499842166900634766e-01 4.308202490210533142e-02 2.754773013293743134e-02 2.732446044683456421e-02 3.069332055747509003e-02 2.394255995750427246e-02 5.567763000726699829e-02 5.440541077405214310e-03 8.155745454132556915e-03 3.378586471080780029e-02 2.150987274944782257e-02 8.472667075693607330e-03 4.177612438797950745e-02 6.288964767009019852e-03 9.020339697599411011e-03 1.275280211120843887e-02 2.305480465292930603e-02 1.892294920980930328e-02 2.582715591415762901e-03 8.907560841180384159e-04 2.480970695614814758e-02 2.747931331396102905e-02 7.177452556788921356e-03 2.798428386449813843e-02 3.153079375624656677e-02 1.458850223571062088e-02 3.468477400019764900e-03 6.664487998932600021e-03 8.091460913419723511e-03 1.034364849328994751e-02 4.816900938749313354e-03 2.416534582152962685e-03 2.168095111846923828e-02 3.198591247200965881e-02 2.943157590925693512e-02 8.834964595735073090e-03 2.962664235383272171e-03 3.140423819422721863e-02 1.450316747650504112e-03 7.496175821870565414e-03 7.794619351625442505e-02 6.457340717315673828e-02 2.287745289504528046e-02 2.141027525067329407e-02 4.148437641561031342e-03 1.010912936180830002e-02 5.753852427005767822e-03 2.445137128233909607e-02 3.424686565995216370e-02 1.459977030754089355e-02 1.349160727113485336e-02 1.371959224343299866e-02 4.170078411698341370e-02 1.269095577299594879e-02 8.474562317132949829e-03 1.486209500581026077e-02 1.001928700134158134e-03 4.124766588211059570e-02 1.216625887900590897e-02 3.327265754342079163e-02 4.333437420427799225e-03 4.126785788685083389e-03 4.176394641399383545e-02 8.301054127514362335e-03 4.485331103205680847e-02 1.200431957840919495e-02 1.317471638321876526e-02 1.355121191591024399e-02 1.332396175712347031e-02 2.131442166864871979e-02 1.807495392858982086e-02 1.844020374119281769e-02 2.211260236799716949e-02 2.950718253850936890e-02 1.697219349443912506e-02 2.504220977425575256e-02 3.119395987596362829e-04 4.817246925085783005e-03 1.336812134832143784e-02 3.247962146997451782e-02 1.928953826427459717e-02 2.280466817319393158e-02 3.145240992307662964e-02 4.282025992870330811e-02 1.091138646006584167e-02 1.084855105727910995e-02 3.548740223050117493e-02 1.356845628470182419e-02 3.506686538457870483e-02 2.130512520670890808e-02 2.635700628161430359e-02 2.412456832826137543e-02 1.442701183259487152e-02 1.608624309301376343e-02 1.690923422574996948e-02 1.451037079095840454e-02 8.580877445638179779e-03 1.674386113882064819e-02 1.648819074034690857e-02 7.357076276093721390e-03 4.086378612555563450e-04 7.665287703275680542e-03 3.121609799563884735e-03 9.923109784722328186e-03 3.943076729774475098e-02 2.167932875454425812e-02 1.481678523123264313e-02 3.523938124999403954e-03 4.321199283003807068e-02 5.545356497168540955e-02
4.374917969107627869e-02 4.124926030635833740e-02 7.011156529188156128e-02 9.377676993608474731e-03 6.484018638730049133e-03 4.931532964110374451e-02 4.308202490210533142e-02 5.361757874488830566e-01 2.474083006381988525e-02 2.769335731863975525e-02 2.886323072016239166e-02 1.521630678325891495e-03 2.777875587344169617e-02 1.312228664755821228e-02 6.915578246116638184e-02 1.320654759183526039e-03 9.132470004260540009e-03 1.470852643251419067e-02 3.224112559109926224e-03 1.275234948843717575e-02 1.175577566027641296e-02 6.977807264775037766e-03 3.828259930014610291e-02 2.962228469550609589e-02 1.219127885997295380e-02 3.673081472516059875e-02 2.029366733040660620e-04 5.282310303300619125e-03 1.710293442010879517e-02 2.280594781041145325e-02 6.436448078602552414e-03 2.231068722903728485e-02 6.239334121346473694e-03 1.603624597191810608e-02 4.406484216451644897e-02 2.485143765807151794e-02 3.915246203541755676e-02 4.144570790231227875e-03 4.125425592064857483e-03 7.467119954526424408e-03 5.126843973994255066e-02 2.609112672507762909e-02 4.770157858729362488e-02 3.505709394812583923e-02 2.210484631359577179e-02 1.281372178345918655e-02 2.265772037208080292e-02 3.957363218069076538e-02 2.179351262748241425e-02 3.593248128890991211e-02 2.693247981369495392e-02 7.628460880368947983e-03 1.987528800964355469e-02 1.858720183372497559e-02 2.490529417991638184e-02 3.958310559391975403e-02 1.360694132745265961e-02 2.250060252845287323e-02 4.545523598790168762e-02 2.846279367804527283e-02 3.910425677895545959e-02 3.550657629966735840e-02 2.689798735082149506e-02 4.738841578364372253e-02 1.782039552927017212e-02 2.564620971679687500e-02 1.947144605219364166e-02 2.794856950640678406e-02 1.148137357085943222e-02 2.811726741492748260e-02 9.005388244986534119e-03 3.034937381744384766e-02 1.423106808215379715e-02 3.221813961863517761e-02 2.914137579500675201e-02 4.181825742125511169e-02 7.506390567868947983e-03 3.675808757543563843e-02 1.673511974513530731e-02 1.640081964433193207e-02 1.403792500495910645e-01 1.245110929012298584e-01 1.318048685789108276e-02 3.727012127637863159e-02 1.881104148924350739e-02 1.221528928726911545e-02 6.877311319112777710e-02 4.199869558215141296e-02 2.345365844666957855e-02 1.382996328175067902e-02 8.625191636383533478e-03 6.025168113410472870e-03 5.613522604107856750e-03 9.716997854411602020e-03 5.859286338090896606e-02 3.411243855953216553e-02 4.688760265707969666e-03 3.860931843519210815e-02 4.314222931861877441e-02 4.074987024068832397e-02 1.237541995942592621e-02 2.195406518876552582e-02 8.388794027268886566e-03 1.341017801314592361e-02 1.364099734928458929e-04 3.088066726922988892e-02 1.364700775593519211e-02 5.669966805726289749e-03 1.587143540382385254e-02 3.396479040384292603e-02 6.579088419675827026e-02 8.081809431314468384e-02 4.866688326001167297e-02 4.253550991415977478e-02 4.363668337464332581e-02 1.105791423469781876e-02
1.963266357779502869e-02 2.521871775388717651e-02 3.900810331106185913e-02 5.220168828964233398e-02 2.597368881106376648e-02 3.688415884971618652e-02 2.754773013293743134e-02 2.474083006381988525e-02 5.482340455055236816e-01 5.426542088389396667e-02 2.173697948455810547e-02 2.377495635300874710e-03 2.047666721045970917e-02 1.178686507046222687e-03 1.151457708328962326e-02 4.865718632936477661e-02 4.457903280854225159e-02 6.060516089200973511e-02 2.324841544032096863e-02 1.065151579678058624e-02 1.979162171483039856e-02 1.463905815035104752e-02 4.290161188691854477e-03 6.602145265787839890e-03 1.000641379505395889e-02 1.652886904776096344e-02 2.418622141703963280e-03 1.235902588814496994e-02 2.044010721147060394e-02 1.076369266957044601e-02 4.692817106842994690e-02 1.392332557588815689e-02 2.406643517315387726e-02 1.253331173211336136e-02 5.491851828992366791e-03 1.043439656496047974e-02 3.115676343441009521e-03 2.617960982024669647e-02 5.922473501414060593e-03 3.062666021287441254e-02 1.744531095027923584e-02 3.177452832460403442e-02 1.901405048556625843e-03 5.419359728693962097e-02 4.440527781844139099e-02 4.054652818012982607e-04 3.667442500591278076e-02 2.554422616958618164e-02 2.879898995161056519e-02 2.304766140878200531e-02 2.382817864418029785e-02 4.023686796426773071e-02 1.725712046027183533e-02 1.888483762741088867e-02 5.879456922411918640e-02 2.011959441006183624e-02 1.211089733988046646e-02 1.803444884717464447e-02 1.600638777017593384e-02 1.952763460576534271e-02 8.202297613024711609e-03 2.143568918108940125e-02 5.869604065082967281e-04 3.723767772316932678e-02 5.094332247972488403e-02 2.876501344144344330e-02 1.245333626866340637e-02 4.260755609720945358e-03 7.102387462509796023e-05 8.346771821379661560e-03 3.065480664372444153e-02 3.093542717397212982e-02 2.246456779539585114e-02 4.151497408747673035e-02 3.495272248983383179e-03 1.207584608346223831e-02 6.552137434482574463e-02 1.792945154011249542e-02 5.924098193645477295e-02 3.144720196723937988e-02 2.945443801581859589e-02 2.461747452616691589e-02 5.413455143570899963e-02 7.555941119790077209e-03 1.317803375422954559e-02 2.423177706077694893e-03 2.955357544124126434e-02 1.593450643122196198e-02 1.107216440141201019e-02 3.609194979071617126e-02 2.372504398226737976e-02 2.539918012917041779e-02 3.015875257551670074e-02 1.455569453537464142e-02 1.263213157653808594e-02 3.030597046017646790e-02 4.849312826991081238e-03 2.235242910683155060e-02 6.909013539552688599e-02 3.933100402355194092e-02 2.195837907493114471e-02 1.526399608701467514e-02 3.025996265932917595e-03 2.609179727733135223e-02 3.599107265472412109e-02 4.625667631626129150e-02 8.122330531477928162e-03 2.832255698740482330e-02 3.337252885103225708e-02 1.286494196392595768e-03 1.348186749964952469e-02 4.954397678375244141e-02 2.809673780575394630e-03 1.761476695537567139e-02 2.292010321980342269e-04 5.860292003490030766e-04
1.855276152491569519e-02 2.221111580729484558e-02 3.309419378638267517e-02 4.566297680139541626e-02 2.961855940520763397e-02 3.792431950569152832e-02 2.732446044683456421e-02 2.769335731863975525e-02 5.426542088389396667e-02 5.568311810493469238e-01 1.071265316568315029e-03 3.285599127411842346e-02 1.430847588926553726e-02 2.126953564584255219e-02 3.839511424303054810e-02 4.499280452728271484e-02 9.013428352773189545e-03 5.373377352952957153e-02 9.929002821445465088e-02 3.136632591485977173e-02 5.629529710859060287e-03 2.479025721549987793e-02 2.485280856490135193e-02 5.411590100266039371e-04 2.815761044621467590e-02 2.882733568549156189e-02 1.425717025995254517e-02 4.694376140832901001e-03 6.622261367738246918e-03 4.943428561091423035e-02 1.814348250627517700e-02 3.648522123694419861e-02 5.516393855214118958e-02 1.237825676798820496e-02 7.613137830048799515e-03 5.124434456229209900e-02 4.301031306385993958e-02 1.270454563200473785e-02 4.148916527628898621e-02 4.099123179912567139e-02 1.292286999523639679e-02 2.160286903381347656e-02 4.362318664789199829e-03 4.687337577342987061e-02 1.378718763589859009e-02 6.665939837694168091e-02 3.165863454341888428e-02 2.570927143096923828e-03 8.481859229505062103e-03 8.358800411224365234e-02 1.724479347467422485e-02 1.058517722412943840e-03 3.667558729648590088e-02 2.629496343433856964e-02 2.158748358488082886e-02 4.632537066936492920e-02 2.913691475987434387e-02 4.012205451726913452e-02 3.279851377010345459e-02 2.482800185680389404e-02 8.873870829120278358e-04 1.358017977327108383e-02 2.378188632428646088e-02 4.267315380275249481e-03 3.550726547837257385e-02 3.870716318488121033e-02 2.574126049876213074e-02 4.955797456204891205e-03 5.136020854115486145e-02 4.347370564937591553e-02 4.914471507072448730e-02 5.896312184631824493e-03 1.246963720768690109e-02 4.806563630700111389e-02 1.635183114558458328e-03 2.090313844382762909e-02 2.281667431816458702e-03 1.051973924040794373e-01 3.799655660986900330e-02 1.087580844759941101e-01 5.462544970214366913e-03 3.805597126483917236e-02 2.015834752455702983e-06 9.047624468803405762e-02 5.400169640779495239e-02 3.141530603170394897e-02 4.737444594502449036e-02 4.113516211509704590e-02 5.513456463813781738e-02 5.578563362360000610e-02 1.354207750409841537e-02 1.935998909175395966e-02 1.390366721898317337e-02 1.877468451857566833e-02 3.603953123092651367e-02 4.206216894090175629e-03 9.867569431662559509e-03 1.027356181293725967e-02 6.654857192188501358e-03 1.595245860517024994e-02 3.992228955030441284e-02 1.242917124181985855e-02 2.640822529792785645e-02 5.049452185630798340e-02 4.883485287427902222e-02 1.414259523153305054e-02 1.777885295450687408e-02 4.736236005555838346e-04 6.342494860291481018e-03 4.860126227140426636e-02 1.186230801977217197e-03 3.044599480926990509e-02 3.943160176277160645e-03 9.879218414425849915e-04 2.135710418224334717e-02 4.291517287492752075e-02
8.076759427785873413e-02 4.201165959239006042e-02 2.464371267706155777e-03 1.419679354876279831e-02 1.404411252588033676e-02 5.950446799397468567e-02 3.069332055747509003e-02 2.886323072016239166e-02 2.173697948455810547e-02 1.071265316568315029e-03 5.535387992858886719e-01 2.083980105817317963e-02 4.885472357273101807e-02 3.137737512588500977e-02 1.529672276228666306e-02 1.223775651305913925e-02 1.848256401717662811e-02 1.669164397753775120e-03 2.008579485118389130e-02 1.334305666387081146e-02 1.095746085047721863e-02 2.469552494585514069e-02 3.657705336809158325e-02 3.340537101030349731e-02 2.712178975343704224e-02 8.058999665081501007e-03 5.587161704897880554e-02 4.963842220604419708e-03 3.708202391862869263e-02 3.823313862085342407e-02 6.785811390727758408e-03 1.504151429980993271e-02 1.481736171990633011e-02 1.415103487670421600e-02 5.545307882130146027e-03 2.938936231657862663e-03 6.456883158534765244e-03 2.402399480342864990e-02 3.231713175773620605e-02 2.222073264420032501e-02 3.052773699164390564e-02 1.192315015941858292e-02 2.078902535140514374e-02 1.332273148000240326e-02 4.101316258311271667e-02 3.665808821097016335e-03 5.249463021755218506e-02 1.391469966620206833e-02 1.731914654374122620e-02 3.127840347588062286e-03 2.079924754798412323e-02 1.301248930394649506e-02 1.848417893052101135e-02 4.118035081773996353e-03 8.109778165817260742e-03 4.245242453180253506e-04 3.186434507369995117e-02 1.117927022278308868e-02 7.397037465125322342e-03 1.571283908560872078e-03 1.060361508280038834e-02 2.155100181698799133e-02 1.870881579816341400e-02 4.658017680048942566e-02 4.351253062486648560e-02 2.307629212737083435e-02 3.630104288458824158e-02 5.689758691005408764e-04 3.603702783584594727e-02 3.494802489876747131e-02 2.554455585777759552e-02 1.667901128530502319e-02 1.142131723463535309e-02 7.817316800355911255e-03 1.370434090495109558e-02 5.744010675698518753e-03 2.638835087418556213e-02 1.206790842115879059e-02 3.935928270220756531e-02 2.765787765383720398e-03 3.427731990814208984e-02 2.318135835230350494e-02 6.595802027732133865e-03 4.215711355209350586e-02 1.278835348784923553e-02 2.048692665994167328e-02 9.048177860677242279e-03 4.243662208318710327e-02 2.488596364855766296e-02 4.046586900949478149e-02 3.374119475483894348e-02 3.048863261938095093e-02 5.538483383134007454e-04 2.972756326198577881e-02 2.981797792017459869e-02 2.894283831119537354e-02 4.893704317510128021e-03 8.571947924792766571e-03 4.088984057307243347e-02 3.199014067649841309e-02 1.535908505320549011e-02 9.364361874759197235e-03 3.570256289094686508e-03 5.076204612851142883e-02 1.322782877832651138e-02 2.393428236246109009e-02 2.012910135090351105e-02 2.463306300342082977e-02 2.576912939548492432e-02 1.750356983393430710e-03 1.228826120495796204e-02 4.008849337697029114e-02 1.733356714248657227e-02 1.625361852347850800e-02 2.873523347079753876e-02 3.991832211613655090e-02
1.117947604507207870e-02 3.865206986665725708e-02 2.592186443507671356e-02 4.475805163383483887e-02 9.345964528620243073e-03 7.729029282927513123e-03 2.394255995750427246e-02 1.521630678325891495e-03 2.377495635300874710e-03 3.285599127411842346e-02 2.083980105817317963e-02 5.424446463584899902e-01 6.498864851891994476e-03 9.570799767971038818e-02 3.239670023322105408e-02 7.630618289113044739e-03 5.015657283365726471e-03 3.955011814832687378e-02 1.915769465267658234e-02 2.025349996984004974e-02 2.648764848709106445e-02 1.912183873355388641e-02 8.069104515016078949e-04 3.467451035976409912e-02 1.913310028612613678e-02 3.909129276871681213e-02 3.761187195777893066e-02 4.669075459241867065e-02 2.648621448315680027e-04 5.844969302415847778e-03 1.300981827080249786e-02 2.834592573344707489e-02 3.474333137273788452e-02 3.021089173853397369e-02 1.643570326268672943e-02 2.582179382443428040e-02 9.319251403212547302e-03 3.106772340834140778e-02 1.436504768207669258e-03 1.029273308813571930e-02 1.173976529389619827e-02 1.696957461535930634e-02 2.136865444481372833e-02 1.389429904520511627e-02 6.077904626727104187e-02 9.040372446179389954e-03 1.171291107311844826e-03 2.332930453121662140e-02 4.085868597030639648e-02 3.706727921962738037e-02 2.826112322509288788e-03 3.649463877081871033e-03 9.667356498539447784e-03 2.236325107514858246e-02 5.050813779234886169e-02 5.424530431628227234e-02 3.329819813370704651e-02 2.144047431647777557e-02 3.910076804459095001e-03 3.613280132412910461e-02 2.403857186436653137e-02 3.405374288558959961e-02 2.264751307666301727e-02 4.720620065927505493e-02 4.133313894271850586e-03 1.783612743020057678e-02 1.810766942799091339e-02 1.182249002158641815e-02 3.170377388596534729e-02 4.715298116207122803e-02 5.272045731544494629e-03 4.459086433053016663e-02 5.712790787220001221e-02 9.831172414124011993e-03 3.812869265675544739e-02 7.584047969430685043e-03 5.173335969448089600e-02 5.064196139574050903e-02 3.455774858593940735e-02 2.614850876852869987e-03 3.751670941710472107e-02 3.986616805195808411e-02 1.428869552910327911e-02 4.729271307587623596e-02 1.040828879922628403e-03 4.750614985823631287e-02 2.743954584002494812e-02 2.755434066057205200e-02 3.480447921901941299e-03 6.738339550793170929e-03 2.741249091923236847e-02 2.055426687002182007e-02 4.099293053150177002e-02 1.191867515444755554e-02 1.030829455703496933e-02 1.431288290768861771e-02 2.641232870519161224e-02 1.907666027545928955e-02 4.105474054813385010e-02 1.723086275160312653e-02 6.170399137772619724e-05 8.483930490911006927e-03 2.303031645715236664e-02 2.925594337284564972e-02 3.548681735992431641e-02 3.460618108510971069e-02 2.125027216970920563e-02 2.351146750152111053e-02 3.099172562360763550e-02 1.800168491899967194e-02 3.413862362504005432e-02 3.531165421009063721e-02 3.203049674630165100e-02 1.996969105675816536e-03 2.085041441023349762e-02 2.667341567575931549e-02
5.010057613253593445e-02 6.176182627677917480e-02 6.973540410399436951e-03 1.518245041370391846e-02 1.071481034159660339e-02 5.632416531443595886e-02 5.567763000726699829e-02 2.777875587344169617e-02 2.047666721045970917e-02 1.430847588926553726e-02 4.885472357273101807e-02 6.498864851891994476e-03 5.556145906448364258e-01 1.014412147924304008e-03 1.058815885335206985e-02 1.957065612077713013e-02 2.242656983435153961e-02 2.211478771641850471e-03 8.562025614082813263e-03 2.646064851433038712e-03 9.837253019213676453e-03 1.609362475574016571e-02 3.122130967676639557e-02 2.848376147449016571e-02 1.500214799307286739e-03 5.679441383108496666e-04 1.035550702363252640e-02 2.791733480989933014e-02 8.509472827427089214e-04 2.699335291981697083e-02 2.067479118704795837e-02 8.624974871054291725e-04 3.659776411950588226e-03 1.103311660699546337e-03 1.209405995905399323e-02 1.196623966097831726e-02 3.623082593549042940e-04 8.637765422463417053e-03 2.829764224588871002e-02 4.544940218329429626e-02 4.383027553558349609e-02 1.534959394484758377e-02 2.172743901610374451e-03 1.596996746957302094e-02 2.394220978021621704e-02 1.712540537118911743e-02 4.968630895018577576e-02 3.465983271598815918e-02 4.671530332416296005e-03 1.446352899074554443e-02 1.763298176229000092e-02 9.642927907407283783e-03 7.489464711397886276e-03 2.442004904150962830e-02 1.873427443206310272e-02 6.413377821445465088e-03 6.619866937398910522e-03 1.338533032685518265e-02 1.887405104935169220e-02 1.187773607671260834e-02 1.698192674666643143e-03 1.412769779562950134e-03 1.347349584102630615e-02 2.748894132673740387e-02 1.876613125205039978e-02 1.551797986030578613e-02 2.597028622403740883e-03 1.150592509657144547e-02 2.374204434454441071e-02 1.206301990896463394e-02 3.398201987147331238e-02 4.084327258169651031e-03 2.871250966563820839e-03 4.516073316335678101e-02 1.520149596035480499e-02 3.675338812172412872e-03 7.624056190252304077e-03 5.006124731153249741e-03 4.339073598384857178e-02 1.699617691338062286e-02 4.360221698880195618e-02 4.325175657868385315e-02 1.625536708161234856e-03 2.400998491793870926e-03 1.097632851451635361e-02 1.822146400809288025e-02 1.146642863750457764e-02 1.789879612624645233e-02 5.506140366196632385e-02 4.536374658346176147e-02 4.123905207961797714e-03 1.546111144125461578e-02 2.641330100595951080e-02 1.297292858362197876e-02 4.868155345320701599e-02 1.180774532258510590e-02 3.245416563004255295e-03 8.731758221983909607e-03 2.150219865143299103e-02 1.958541013300418854e-02 1.005819719284772873e-02 9.197141043841838837e-03 5.585661157965660095e-03 2.045112103223800659e-02 7.870008237659931183e-03 1.366637554019689560e-02 7.490619085729122162e-03 1.849382417276501656e-03 1.728430762887001038e-02 9.997850283980369568e-03 2.617776766419410706e-02 3.411253169178962708e-02 1.172610837966203690e-02 1.878350274637341499e-03 1.956455642357468605e-03 3.200985118746757507e-02
