4.946850240230560303e-01 2.124924808740615845e-01 2.745393477380275726e-02 4.597502201795578003e-02 3.281408548355102539e-02 1.069489866495132446e-01 1.017578691244125366e-02 1.491375919431447983e-02 4.614226520061492920e-02 2.368631586432456970e-02 1.563385725021362305e-01 1.093126647174358368e-02 1.245840415358543396e-01 1.829268038272857666e-02 1.420000661164522171e-02 1.448595989495515823e-02 5.623925011605024338e-03 2.299954183399677277e-02 1.454711705446243286e-02 1.312953233718872070e-02 2.940054982900619507e-02 4.954001866281032562e-03 3.683349862694740295e-02 3.930106386542320251e-02 2.641944214701652527e-02 3.917229827493429184e-03 1.512226369231939316e-02 1.869910210371017456e-02 1.675435341894626617e-02 2.252759970724582672e-02 1.579787395894527435e-02 1.320030447095632553e-02 5.016749724745750427e-02 5.557953380048274994e-03 2.721379511058330536e-02 1.878156326711177826e-02 9.465160779654979706e-03 3.235824778676033020e-02 2.451177872717380524e-02 1.992338709533214569e-02 3.560189157724380493e-02 1.674510724842548370e-02 3.967919945716857910e-02 4.717943817377090454e-02 5.830743815749883652e-03 1.348229777067899704e-02 1.000381037592887878e-01 1.541787199676036835e-02 2.434619888663291931e-02 3.454697132110595703e-02 1.752250269055366516e-02 1.407912001013755798e-02 2.553620934486389160e-02 2.595500461757183075e-02 2.786932140588760376e-02 3.290489688515663147e-02 6.662320811301469803e-03 3.345680236816406250e-02 1.103399600833654404e-02 3.801734000444412231e-02 2.852186746895313263e-02 5.039552226662635803e-02 1.434793137013912201e-02 3.727221488952636719e-02 4.715581610798835754e-02 2.110275067389011383e-02 9.070318192243576050e-03 4.080783575773239136e-03 1.313463319092988968e-03 3.543756974977441132e-05 1.455621980130672455e-02 1.106412708759307861e-02 1.448262296617031097e-02 9.393858723342418671e-03 2.673880942165851593e-02 3.567784279584884644e-02 2.657981961965560913e-02 2.354793809354305267e-02 4.497417807579040527e-02 5.014222580939531326e-03 8.511492982506752014e-03 1.021396648138761520e-02 2.472528629004955292e-02 1.614053547382354736e-02 8.766424842178821564e-03 1.728181354701519012e-02 4.929668828845024109e-02 1.105476170778274536e-02 2.902277745306491852e-02 4.433329403400421143e-02 4.377670586109161377e-02 1.214442588388919830e-02 1.097817718982696533e-02 4.198222607374191284e-02 3.356179222464561462e-02 3.205362707376480103e-03 4.933859221637248993e-03 8.457209914922714233e-02 4.538351297378540039e-02 1.253034360706806183e-02 2.945931628346443176e-03 2.471755072474479675e-02 4.178128764033317566e-02 7.247990928590297699e-03 3.529998660087585449e-02 3.049400448799133301e-02 3.192114830017089844e-02 4.922500252723693848e-02 7.240976393222808838e-02 3.457057103514671326e-02 4.866772890090942383e-02 1.170705910772085190e-02 2.070797793567180634e-02 4.368734359741210938e-02 1.792042329907417297e-02 4.793950915336608887e-02
2.124924808740615845e-01 5.005206465721130371e-01 3.652317076921463013e-02 1.432771980762481689e-02 1.094741863198578358e-03 1.733966469764709473e-01 1.302399635314941406e-01 2.437799796462059021e-02 3.407070040702819824e-02 3.491303697228431702e-02 1.283441483974456787e-01 1.707451045513153076e-02 1.246330440044403076e-01 1.564713194966316223e-02 1.913018710911273956e-02 1.252776104956865311e-02 9.611398912966251373e-03 4.020472988486289978e-02 5.906075821258127689e-04 3.708949312567710876e-02 8.246425539255142212e-03 3.244858607649803162e-02 3.379182144999504089e-02 4.828442353755235672e-03 3.232197090983390808e-02 7.711793761700391769e-03 1.209132559597492218e-02 2.509999088943004608e-02 3.658367320895195007e-02 1.462196186184883118e-02 1.765209622681140900e-02 3.500211751088500023e-04 4.532695189118385315e-02 2.676374278962612152e-02 4.313987493515014648e-02 1.522649265825748444e-02 2.397782914340496063e-02 2.117506787180900574e-02 1.238274294883012772e-02 6.153860129415988922e-03 2.635595202445983887e-02 3.731667995452880859e-02 4.514353815466165543e-03 5.174011737108230591e-02 3.297135233879089355e-02 3.052026592195034027e-02 9.542147815227508545e-02 1.523879636079072952e-02 2.137651666998863220e-02 4.382344335317611694e-02 1.916835084557533264e-03 2.788069471716880798e-02 4.488055408000946045e-02 4.644967988133430481e-02 4.378181695938110352e-02 2.614187449216842651e-02 6.920288782566785812e-03 9.635642170906066895e-03 3.681983100250363350e-03 2.951144706457853317e-03 5.784391891211271286e-03 3.034030459821224213e-02 2.818410284817218781e-02 3.689074888825416565e-02 5.754541978240013123e-02 3.570894477888941765e-03 2.972904592752456665e-02 2.059959806501865387e-03 1.357413735240697861e-02 1.502437703311443329e-02 2.074545435607433319e-02 2.993853297084569931e-03 1.097590941935777664e-02 2.895367518067359924e-02 3.458597697317600250e-03 2.473216503858566284e-02 5.182933062314987183e-03 4.743843525648117065e-02 1.546327490359544754e-02 2.992826513946056366e-02 1.078568678349256516e-02 3.186149895191192627e-02 2.649072930216789246e-02 1.020203623920679092e-02 7.803844753652811050e-03 2.542327530682086945e-02 3.580184653401374817e-02 3.727944940328598022e-02 5.041390657424926758e-02 1.508260983973741531e-02 2.027903869748115540e-02 5.013660341501235962e-02 3.976560756564140320e-02 3.963093832135200500e-02 1.871191337704658508e-02 9.055232629179954529e-03 1.139001734554767609e-02 2.611646661534905434e-03 2.460693195462226868e-02 8.752054534852504730e-03 1.364427804946899414e-02 3.109488170593976974e-03 2.267318632220849395e-05 7.006638683378696442e-03 6.027174182236194611e-03 3.779645264148712158e-02 1.750577986240386963e-02 4.082389548420906067e-02 6.728169322013854980e-02 4.444792866706848145e-03 3.865420445799827576e-02 4.000940173864364624e-02 9.274447336792945862e-03 4.361150786280632019e-03 5.064435536041855812e-04 4.098979756236076355e-02
2.745393477380275726e-02 3.652317076921463013e-02 4.671847522258758545e-01 2.975119464099407196e-02 2.699898369610309601e-02 4.891016334295272827e-02 5.110612884163856506e-02 1.245860457420349121e-01 1.244135387241840363e-02 5.128542892634868622e-03 6.723595783114433289e-03 1.427474245429039001e-02 9.451093152165412903e-03 7.559790462255477905e-02 1.519783586263656616e-02 1.358728762716054916e-02 3.278969973325729370e-02 1.342299673706293106e-02 2.748951502144336700e-02 3.509501367807388306e-02 9.956326335668563843e-03 1.213475689291954041e-02 1.040021516382694244e-02 4.067495092749595642e-02 4.277522861957550049e-02 4.220167174935340881e-02 2.857776544988155365e-02 7.686093449592590332e-03 3.456049039959907532e-02 3.815558180212974548e-02 1.376505708321928978e-03 2.297910675406455994e-02 4.397970438003540039e-02 1.055504754185676575e-02 2.023752406239509583e-02 1.270525716245174408e-02 1.819692738354206085e-02 5.253237858414649963e-02 4.243263229727745056e-02 3.590949811041355133e-03 4.494834225624799728e-03 1.175460498780012131e-02 3.930805996060371399e-02 4.023409262299537659e-02 4.624368250370025635e-02 3.526771068572998047e-02 2.339474856853485107e-02 1.667186059057712555e-02 3.500372543931007385e-02 2.001237496733665466e-02 1.469303853809833527e-02 1.119838561862707138e-02 1.730211265385150909e-02 2.502096071839332581e-02 1.287103537470102310e-02 8.567423559725284576e-03 3.167023882269859314e-02 1.758985966444015503e-02 4.222819115966558456e-03 4.247860610485076904e-02 2.053067833185195923e-02 5.640727933496236801e-03 8.430755697190761566e-04 2.845200523734092712e-02 2.025951258838176727e-02 3.787641227245330811e-02 1.099429372698068619e-02 1.654025353491306305e-02 1.139184832572937012e-02 1.963859051465988159e-02 1.900613494217395782e-02 9.252578951418399811e-03 1.314420532435178757e-02 4.339260235428810120e-02 7.229741662740707397e-03 2.843617089092731476e-02 4.130627959966659546e-03 3.729661554098129272e-02 1.655932515859603882e-02 6.951238028705120087e-03 8.410242944955825806e-02 4.172657802700996399e-02 1.472721900790929794e-02 3.313368558883666992e-02 3.297714889049530029e-02 6.569689512252807617e-02 1.956528751179575920e-03 2.818731777369976044e-02 1.182448398321866989e-02 3.841081634163856506e-02 6.289727753028273582e-05 5.313158780336380005e-02 3.356329724192619324e-02 2.395429648458957672e-02 3.372762585058808327e-03 1.482389681041240692e-02 3.649317473173141479e-02 1.862567663192749023e-02 3.282845020294189453e-02 8.862232789397239685e-03 4.072650149464607239e-02 2.442833967506885529e-02 2.399553917348384857e-02 1.449840236455202103e-02 3.817376121878623962e-02 3.484595566987991333e-02 3.930925577878952026e-02 4.119290411472320557e-02 1.741759711876511574e-03 9.523496031761169434e-03 2.026386931538581848e-02 2.512346208095550537e-02 7.841028273105621338e-03 5.861282348632812500e-03 1.270564366132020950e-02 2.805297635495662689e-02
4.597502201795578003e-02 1.432771980762481689e-02 2.975119464099407196e-02 5.016028285026550293e-01 7.120998203754425049e-02 5.026232078671455383e-02 4.050661996006965637e-02 5.940006230957806110e-04 3.741418244317173958e-03 1.938189938664436340e-02 3.444115072488784790e-02 6.793563719838857651e-03 4.582742229104042053e-03 8.510641753673553467e-03 1.883845106931403279e-04 7.526888512074947357e-03 1.116719283163547516e-02 3.478929400444030762e-02 4.346624389290809631e-02 1.041480456478893757e-03 3.754945844411849976e-02 2.889394946396350861e-02 8.612610399723052979e-03 3.575352579355239868e-02 1.325751747936010361e-02 1.929445378482341766e-02 2.548240683972835541e-02 5.192608386278152466e-02 4.017202183604240417e-02 3.025684319436550140e-02 3.497375547885894775e-02 5.186448339372873306e-03 7.434442173689603806e-03 5.031805951148271561e-03 5.117798224091529846e-03 2.466783858835697174e-02 1.069634780287742615e-02 2.861747704446315765e-02 6.308241933584213257e-02 1.223550457507371902e-02 4.657030571252107620e-03 8.038438390940427780e-04 2.490034885704517365e-02 1.610719785094261169e-02 3.595083951950073242e-02 5.090509075671434402e-03 2.024835348129272461e-02 2.997271530330181122e-02 8.711934089660644531e-03 5.151407420635223389e-02 2.001411095261573792e-02 1.280186604708433151e-02 1.886844751425087452e-03 1.254928298294544220e-02 1.283053774386644363e-03 3.417335078120231628e-02 3.430214896798133850e-02 1.687392406165599823e-02 2.008377760648727417e-02 2.210417576134204865e-02 7.894854992628097534e-03 2.725278772413730621e-02 1.376306079328060150e-02 4.902755841612815857e-03 7.477990817278623581e-03 3.608373925089836121e-02 2.014245279133319855e-02 2.332377247512340546e-02 2.376246079802513123e-02 2.860139124095439911e-02 3.885422274470329285e-02 5.402092356234788895e-03 3.014839068055152893e-02 2.780760638415813446e-02 2.537508867681026459e-02 2.432796545326709747e-02 2.588506031315773726e-04 4.108604043722152710e-02 4.685196280479431152e-02 2.881012111902236938e-02 2.311631478369235992e-02 4.259563051164150238e-03 6.633927673101425171e-02 3.882333636283874512e-02 2.695205155760049820e-03 2.266483381390571594e-02 1.265724282711744308e-02 1.518380828201770782e-03 3.545862063765525818e-02 1.778526790440082550e-02 1.788712479174137115e-02 2.079677954316139221e-02 1.643787510693073273e-02 1.161893922835588455e-02 1.615159958600997925e-02 1.566799916326999664e-02 2.116156555712223053e-02 4.485364630818367004e-02 3.643632400780916214e-03 5.144875030964612961e-03 2.623050287365913391e-02 3.362833335995674133e-02 7.721638772636651993e-03 4.622543230652809143e-02 5.617985967546701431e-03 1.714599318802356720e-02 2.013020275626331568e-04 2.041971078142523766e-03 3.667955473065376282e-02 2.118803560733795166e-02 1.215734612196683884e-02 3.047982603311538696e-02 8.047767914831638336e-03 2.078386768698692322e-02 4.129659757018089294e-02 9.109543636441230774e-03
3.281408548355102539e-02 1.094741863198578358e-03 2.699898369610309601e-02 7.120998203754425049e-02 4.787863790988922119e-01 4.574422165751457214e-02 9.997273795306682587e-03 2.409723820164799690e-03 5.595738999545574188e-03 1.633398787816986442e-04 3.220766037702560425e-02 2.627504989504814148e-02 1.160500338301062584e-03 4.174277931451797485e-02 3.352059796452522278e-02 3.142989426851272583e-02 1.456161402165889740e-02 2.809170261025428772e-02 3.244147170335054398e-03 4.111781343817710876e-02 1.732017099857330322e-02 1.389781665056943893e-02 7.054488174617290497e-03 9.722617454826831818e-03 1.228309236466884613e-03 4.179350659251213074e-02 1.338745653629302979e-02 7.858476601541042328e-03 9.526824578642845154e-03 7.226362358778715134e-03 2.804517745971679688e-02 3.051346912980079651e-02 3.522236831486225128e-03 2.931146183982491493e-03 2.307358942925930023e-02 1.317215990275144577e-02 3.504267334938049316e-02 6.424995139241218567e-03 7.216882426291704178e-03 6.234634667634963989e-02 3.442431613802909851e-02 6.656430778093636036e-04 2.076371945440769196e-02 2.203983999788761139e-02 3.165716677904129028e-02 1.100111566483974457e-02 1.307965721935033798e-02 1.734773069620132446e-02 9.759610518813133240e-03 4.753044620156288147e-02 4.537779372185468674e-03 9.952390566468238831e-03 3.796777874231338501e-02 1.695178635418415070e-02 1.466853637248277664e-02 5.251733958721160889e-02 3.889914229512214661e-02 5.333023890852928162e-02 7.467650342732667923e-03 1.046004891395568848e-02 1.507429499179124832e-02 3.907563909888267517e-02 1.738597638905048370e-02 1.373981684446334839e-02 1.700346358120441437e-02 3.972882032394409180e-02 7.302923128008842468e-03 2.413349226117134094e-03 3.389865905046463013e-02 8.643211796879768372e-03 4.433934763073921204e-02 2.574961399659514427e-03 3.445627167820930481e-03 7.353973574936389923e-03 5.742768943309783936e-02 9.190920740365982056e-03 2.086715027689933777e-02 2.870395220816135406e-02 2.347801253199577332e-02 2.636458165943622589e-02 1.221678219735622406e-02 3.414123877882957458e-02 2.999233640730381012e-02 1.393230631947517395e-02 1.919466257095336914e-02 2.445558202452957630e-04 1.572013087570667267e-02 3.012380190193653107e-02 9.972666390240192413e-03 3.663011640310287476e-02 1.426145713776350021e-02 2.329951152205467224e-02 2.442707866430282593e-02 1.505395956337451935e-02 1.601951383054256439e-02 2.493230625987052917e-02 1.335603091865777969e-02 1.070216856896877289e-02 1.162326522171497345e-02 5.324896890670061111e-03 4.588330164551734924e-02 1.607630029320716858e-02 5.084409564733505249e-02 8.239094167947769165e-03 6.370092160068452358e-04 4.222659335937350988e-04 1.183991041034460068e-02 8.857310749590396881e-03 9.753186255693435669e-03 2.199707366526126862e-02 2.175492979586124420e-02 9.389498271048069000e-03 1.318023912608623505e-02 4.542425740510225296e-03 1.623063907027244568e-02 4.035667702555656433e-02
1.069489866495132446e-01 1.733966469764709473e-01 4.891016334295272827e-02 5.026232078671455383e-02 4.574422165751457214e-02 5.012564063072204590e-01 1.737169325351715088e-01 7.162526715546846390e-03 2.893180213868618011e-02 4.688820615410804749e-02 8.252634853124618530e-02 3.377480199560523033e-03 2.771299518644809723e-02 4.172317683696746826e-02 4.918590933084487915e-02 3.197610378265380859e-02 1.323963422328233719e-02 4.388180561363697052e-03 3.000848181545734406e-02 1.157090160995721817e-02 4.709047079086303711e-02 3.155594319105148315e-02 2.325094304978847504e-02 2.171349711716175079e-03 3.761226311326026917e-02 1.243610214442014694e-02 1.060720460372976959e-04 9.973561827791854739e-05 3.524146974086761475e-02 4.415370151400566101e-02 2.378434874117374420e-02 4.595998302102088928e-02 1.504922751337289810e-03 3.813814371824264526e-02 1.107256673276424408e-02 3.204072592779994011e-03 1.741284318268299103e-02 1.367675885558128357e-02 2.997282519936561584e-02 5.065951030701398849e-03 6.492605898529291153e-03 3.336947038769721985e-02 4.968975856900215149e-02 1.722832769155502319e-02 6.868616212159395218e-03 1.592512940987944603e-03 1.660920381546020508e-01 3.965926170349121094e-02 4.650817438960075378e-02 3.251538798213005066e-02 1.352379767922684550e-04 4.591967165470123291e-02 6.240776274353265762e-03 2.724927291274070740e-02 1.280953176319599152e-02 2.371554076671600342e-02 8.205070160329341888e-03 1.569810137152671814e-02 2.278961800038814545e-02 1.894698292016983032e-02 3.520995005965232849e-02 1.963245309889316559e-02 8.788280538283288479e-04 2.698539756238460541e-03 4.495404660701751709e-02 3.362218663096427917e-02 1.964739337563514709e-02 6.523921620100736618e-03 7.313380949199199677e-03 3.157585859298706055e-02 1.199391391128301620e-02 2.384425513446331024e-02 1.991262473165988922e-02 2.743763662874698639e-02 1.680481247603893280e-02 1.218975428491830826e-02 8.914236910641193390e-03 3.201225399971008301e-02 4.152181372046470642e-02 2.646044827997684479e-02 3.553321212530136108e-02 4.498695209622383118e-02 1.921631512232124805e-03 1.494594197720289230e-02 7.785519957542419434e-02 4.823830723762512207e-02 2.943121269345283508e-02 1.014611590653657913e-02 1.969901379197835922e-03 3.410172834992408752e-02 8.992828428745269775e-03 1.550163608044385910e-02 1.278876140713691711e-02 3.091549500823020935e-02 5.571335554122924805e-03 3.484656289219856262e-02 4.159199446439743042e-02 7.716417778283357620e-03 2.067720890045166016e-02 4.303913190960884094e-02 4.928687587380409241e-02 5.126965418457984924e-02 3.095337562263011932e-02 3.116303589195013046e-03 2.142880856990814209e-02 3.112971782684326172e-03 2.568789059296250343e-03 1.727092452347278595e-02 7.730929646641016006e-04 3.731493651866912842e-02 8.511494845151901245e-03 2.119471132755279541e-02 3.799416124820709229e-02 3.770654276013374329e-02 3.494802117347717285e-02 5.417714640498161316e-02
1.017578691244125366e-02 1.302399635314941406e-01 5.110612884163856506e-02 4.050661996006965637e-02 9.997273795306682587e-03 1.737169325351715088e-01 5.034770369529724121e-01 3.703682497143745422e-02 4.345519095659255981e-02 4.605979099869728088e-02 4.655854403972625732e-02 8.101936429738998413e-03 4.484099522233009338e-02 1.048053726553916931e-01 5.088644474744796753e-02 6.675690878182649612e-03 3.055808879435062408e-02 1.233602873980998993e-02 1.905266568064689636e-02 9.809408336877822876e-03 2.596121095120906830e-02 2.349772118031978607e-02 5.081688240170478821e-02 5.630292743444442749e-02 2.775248326361179352e-02 2.565993554890155792e-02 3.565829712897539139e-03 2.284807898104190826e-02 3.189108520746231079e-02 3.886602073907852173e-02 2.509031631052494049e-02 3.683187440037727356e-02 1.650733686983585358e-02 4.708299413323402405e-02 3.214236348867416382e-03 3.109981678426265717e-02 9.478811174631118774e-03 1.849165558815002441e-02 3.889251092914491892e-04 3.767734766006469727e-02 4.335094708949327469e-03 4.397723823785781860e-02 3.749313950538635254e-02 5.400999914854764938e-03 4.654400795698165894e-02 2.635247074067592621e-03 1.197551935911178589e-01 1.391401588916778564e-01 4.916249588131904602e-02 1.766953058540821075e-02 1.824046298861503601e-02 4.195757582783699036e-02 9.660994634032249451e-03 3.739491850137710571e-02 6.275862455368041992e-03 4.183281585574150085e-02 1.345268916338682175e-02 6.101163569837808609e-03 5.116113647818565369e-02 1.215696334838867188e-02 2.364959008991718292e-02 2.405279502272605896e-02 1.051440928131341934e-02 4.023702349513769150e-03 1.513315550982952118e-02 3.769971057772636414e-02 2.301854826509952545e-02 3.061233088374137878e-03 5.446713767014443874e-04 2.530353888869285583e-02 8.734244853258132935e-03 1.271372567862272263e-02 3.162450715899467468e-02 2.180297859013080597e-02 2.443911693990230560e-02 2.511421777307987213e-02 2.761522773653268814e-03 4.773152619600296021e-02 1.798041164875030518e-02 1.341781951487064362e-02 4.096732661128044128e-02 2.202178724110126495e-02 2.266173437237739563e-02 3.877004142850637436e-03 3.220005705952644348e-02 7.251945137977600098e-02 4.430283233523368835e-02 2.302866242825984955e-02 2.799621783196926117e-02 4.428679868578910828e-02 7.457382231950759888e-02 3.114506229758262634e-02 1.435118168592453003e-02 1.490575913339853287e-02 1.349451206624507904e-02 3.911229968070983887e-02 3.119720891118049622e-02 4.972925037145614624e-02 5.163789913058280945e-02 1.255330722779035568e-02 3.275918960571289062e-02 2.666346728801727295e-02 3.686378151178359985e-02 2.176102716475725174e-04 2.134340628981590271e-02 9.607046842575073242e-03 2.391877397894859314e-02 5.377318244427442551e-03 9.747129864990711212e-03 4.811729490756988525e-02 6.627098657190799713e-03 3.190204128623008728e-02 2.869007363915443420e-02 1.475368998944759369e-02 2.422729739919304848e-03 2.818962372839450836e-02
1.491375919431447983e-02 2.437799796462059021e-02 1.245860457420349121e-01 5.940006230957806110e-04 2.409723820164799690e-03 7.162526715546846390e-03 3.703682497143745422e-02 4.772709608078002930e-01 9.614458307623863220e-03 1.421823049895465374e-03 2.288477495312690735e-02 1.136646047234535217e-02 2.805214188992977142e-02 2.100176364183425903e-02 5.218010768294334412e-02 4.944675136357545853e-03 1.869324408471584320e-02 2.896814420819282532e-02 1.223354320973157883e-02 2.902125380933284760e-02 8.811197243630886078e-03 1.343317888677120209e-02 4.949852358549833298e-03 3.735183551907539368e-02 1.101403962820768356e-02 1.007030066102743149e-02 3.212876385077834129e-03 9.096286259591579437e-03 3.308144584298133850e-02 3.042317228391766548e-03 2.920494042336940765e-02 8.713962510228157043e-03 2.237958833575248718e-02 9.103350341320037842e-03 3.157636849209666252e-03 2.046770602464675903e-02 3.705850243568420410e-02 3.817742317914962769e-02 7.728928467258810997e-04 2.447252906858921051e-02 1.038551051169633865e-02 1.518333144485950470e-02 8.539607748389244080e-03 3.708360716700553894e-02 3.616456687450408936e-02 3.619639575481414795e-02 3.120396286249160767e-02 1.370010431855916977e-02 1.499809976667165756e-02 3.795551508665084839e-02 1.141896937042474747e-02 2.395371533930301666e-02 7.662495132535696030e-03 2.225866913795471191e-02 1.195546519011259079e-02 3.019309230148792267e-02 2.589767612516880035e-02 1.488129608333110809e-02 1.906723156571388245e-02 2.213872410356998444e-02 6.792673375457525253e-03 1.088355202227830887e-02 4.110644571483135223e-03 1.731014996767044067e-02 2.393022924661636353e-02 7.752146106213331223e-03 1.064668782055377960e-02 4.945155233144760132e-02 1.094842143356800079e-02 1.232408266514539719e-02 1.532738655805587769e-02 1.374115794897079468e-02 2.149724774062633514e-02 2.580227516591548920e-02 2.858280017971992493e-02 8.172153495252132416e-03 2.099432796239852905e-02 3.098054975271224976e-02 4.168004915118217468e-02 3.163640201091766357e-02 9.768071770668029785e-02 2.240136824548244476e-02 2.891736477613449097e-02 3.380665788426995277e-03 1.501604355871677399e-02 3.787264600396156311e-02 2.745816297829151154e-02 2.623128145933151245e-02 1.844052411615848541e-02 1.064009871333837509e-02 9.524281136691570282e-03 4.337787255644798279e-02 1.670875959098339081e-02 4.542170837521553040e-02 3.833424299955368042e-02 1.920242793858051300e-02 6.686053704470396042e-03 8.699102327227592468e-03 6.902169901877641678e-03 8.515347726643085480e-03 9.196007624268531799e-03 4.358996637165546417e-03 1.133898273110389709e-02 3.523135930299758911e-02 2.016481012105941772e-02 8.429518900811672211e-03 9.738316759467124939e-03 2.674573659896850586e-02 3.979695215821266174e-02 2.154408581554889679e-02 5.967611912637948990e-03 2.648481912910938263e-02 3.005819022655487061e-02 2.636465616524219513e-02 8.720643818378448486e-03 3.271779417991638184e-02
4.614226520061492920e-02 3.407070040702819824e-02 1.244135387241840363e-02 3.741418244317173958e-03 5.595738999545574188e-03 2.893180213868618011e-02 4.345519095659255981e-02 9.614458307623863220e-03 5.123994350433349609e-01 6.417340040206909180e-02 4.742846637964248657e-02 5.478106439113616943e-02 4.450688138604164124e-02 9.083309210836887360e-03 2.544614300131797791e-02 3.167145699262619019e-02 7.997976616024971008e-03 8.473996073007583618e-02 5.880432575941085815e-02 1.403777394443750381e-02 8.464003913104534149e-03 8.158235810697078705e-03 2.913612872362136841e-02 1.549862604588270187e-02 2.774844691157341003e-02 2.133889682590961456e-02 8.202760946005582809e-04 2.752233669161796570e-02 2.655747346580028534e-02 1.775554008781909943e-02 3.584485501050949097e-02 1.844464242458343506e-02 1.636181026697158813e-02 3.066838718950748444e-02 2.213034406304359436e-02 1.004793029278516769e-02 2.857066504657268524e-02 3.247149055823683739e-03 4.317759349942207336e-02 3.342981263995170593e-02 1.212893985211849213e-02 2.104460075497627258e-02 6.850947625935077667e-03 2.995934337377548218e-02 3.196140006184577942e-02 1.854965835809707642e-02 1.255719177424907684e-02 2.999701304361224174e-03 3.123295307159423828e-02 1.898434013128280640e-02 8.348018862307071686e-03 4.383080452680587769e-02 1.243388745933771133e-02 4.075263440608978271e-02 3.889370337128639221e-02 2.431302564218640327e-03 2.408358082175254822e-02 2.220123261213302612e-02 1.835326291620731354e-02 3.715191408991813660e-02 3.823006758466362953e-03 2.496321871876716614e-02 6.018303707242012024e-02 4.464520514011383057e-02 1.379445381462574005e-02 1.291998568922281265e-02 4.330312088131904602e-02 1.300410367548465729e-02 4.769634827971458435e-02 1.555051561444997787e-02 1.215950935147702694e-03 4.852391034364700317e-02 4.219606146216392517e-02 1.338959205895662308e-02 1.703035086393356323e-02 2.913385815918445587e-02 8.277103304862976074e-02 2.113914117217063904e-02 9.507634490728378296e-02 4.045115411281585693e-02 6.624357309192419052e-03 3.995776921510696411e-02 5.821807682514190674e-02 7.372344844043254852e-03 4.806725308299064636e-02 3.734721988439559937e-02 1.603988744318485260e-02 4.612177237868309021e-02 4.734867438673973083e-02 1.678355224430561066e-02 1.247550360858440399e-02 1.776567101478576660e-02 3.332018852233886719e-02 2.847953885793685913e-02 3.178373351693153381e-02 3.534683957695960999e-02 2.601094357669353485e-02 6.661529839038848877e-02 2.287132106721401215e-02 1.457153260707855225e-02 2.713578939437866211e-02 2.673020586371421814e-02 3.820879757404327393e-02 3.684062138199806213e-02 2.264536358416080475e-02 3.144320845603942871e-02 3.528442233800888062e-02 2.306739613413810730e-02 2.883036993443965912e-02 4.353506490588188171e-03 2.325570397078990936e-02 1.273333793506026268e-03 4.377645254135131836e-02 4.407466575503349304e-02 3.418890293687582016e-03 4.773795232176780701e-02
2.368631586432456970e-02 3.491303697228431702e-02 5.128542892634868622e-03 1.938189938664436340e-02 1.633398787816986442e-04 4.688820615410804749e-02 4.605979099869728088e-02 1.421823049895465374e-03 6.417340040206909180e-02 5.081235170364379883e-01 2.761336741968989372e-03 1.304750703275203705e-02 7.918704301118850708e-03 7.736699655652046204e-03 1.127868983894586563e-02 1.547982357442378998e-02 4.628299549221992493e-02 2.019407041370868683e-02 1.109652146697044373e-01 4.246576875448226929e-02 3.033789247274398804e-02 2.223038114607334137e-02 1.022335421293973923e-02 3.851314634084701538e-02 4.500914737582206726e-02 7.757493876852095127e-04 3.872644156217575073e-02 2.749096974730491638e-02 4.098443686962127686e-02 2.925028279423713684e-02 1.106792315840721130e-02 2.547952719032764435e-02 4.846328496932983398e-02 1.487366203218698502e-02 2.561549842357635498e-02 4.487790167331695557e-02 2.069870010018348694e-02 4.351842775940895081e-02 5.417351424694061279e-02 6.507738959044218063e-03 1.961140334606170654e-02 2.444091252982616425e-03 7.157927379012107849e-03 8.894170634448528290e-03 5.360066145658493042e-02 5.585123226046562195e-02 3.934013098478317261e-02 1.456989813596010208e-02 1.265777833759784698e-02 5.221179127693176270e-02 2.785071544349193573e-02 2.609657682478427887e-02 5.721967294812202454e-02 5.146342515945434570e-02 1.709744147956371307e-02 4.309825971722602844e-02 6.318534165620803833e-02 4.186537116765975952e-03 3.855631127953529358e-02 3.396742790937423706e-02 2.011957764625549316e-02 7.318375166505575180e-03 5.615366157144308090e-03 5.176896229386329651e-02 1.372045744210481644e-02 1.999150589108467102e-02 4.720512032508850098e-02 2.781345508992671967e-03 4.499693866819143295e-03 5.776219069957733154e-02 1.479272823780775070e-02 1.291326340287923813e-02 1.359519548714160919e-02 7.912999019026756287e-03 3.809714689850807190e-02 3.036653064191341400e-02 2.420367300510406494e-02 9.959609806537628174e-02 7.252060621976852417e-02 1.179836466908454895e-01 1.647104974836111069e-03 3.464628942310810089e-03 1.219245046377182007e-02 6.790953874588012695e-02 1.011457666754722595e-02 2.284165238961577415e-03 2.340490184724330902e-02 4.624477587640285492e-03 2.157344296574592590e-02 1.052665524184703827e-02 2.301729097962379456e-02 2.215326018631458282e-02 5.132867372594773769e-04 1.362377032637596130e-02 9.166019037365913391e-03 4.896858334541320801e-02 2.773215621709823608e-02 1.806326583027839661e-02 2.891757991164922714e-03 8.027899079024791718e-03 2.477870136499404907e-02 2.176668640458956361e-04 2.915955521166324615e-02 1.500968355685472488e-02 3.475853055715560913e-02 2.786272391676902771e-02 3.906245902180671692e-02 1.704145967960357666e-02 2.262944617541506886e-04 1.285364665091037750e-02 1.220710854977369308e-02 2.074023336172103882e-02 3.327645536046475172e-04 2.592516317963600159e-02 3.548621013760566711e-02 1.776276342570781708e-02
1.563385725021362305e-01 1.283441483974456787e-01 6.723595783114433289e-03 3.444115072488784790e-02 3.220766037702560425e-02 8.252634853124618530e-02 4.655854403972625732e-02 2.288477495312690735e-02 4.742846637964248657e-02 2.761336741968989372e-03 5.114464759826660156e-01 4.561842605471611023e-02 1.824172586202621460e-01 8.464332669973373413e-03 1.324349548667669296e-02 3.283783327788114548e-03 1.078925281763076782e-02 4.959955811500549316e-03 3.580944612622261047e-02 3.001950122416019440e-02 1.982583478093147278e-02 5.816427618265151978e-02 4.439384862780570984e-02 5.748620629310607910e-02 7.518071215599775314e-03 7.817339152097702026e-03 1.491037942469120026e-02 6.864134222269058228e-02 3.375013917684555054e-02 9.562259912490844727e-02 1.534988638013601303e-02 1.799499429762363434e-02 5.133973807096481323e-02 2.088116668164730072e-02 3.829958662390708923e-02 2.044555731117725372e-03 4.962443187832832336e-02 2.870903583243489265e-03 1.741193234920501709e-02 1.273916848003864288e-02 2.268590033054351807e-02 4.090847074985504150e-02 8.991815149784088135e-03 2.218159474432468414e-02 3.880811110138893127e-02 2.548737637698650360e-02 1.154781952500343323e-01 5.129396915435791016e-03 9.008239023387432098e-03 2.076599188148975372e-02 3.164630010724067688e-02 1.227385923266410828e-02 2.700064890086650848e-02 3.372331336140632629e-02 2.611244842410087585e-02 3.813080117106437683e-02 1.682124100625514984e-02 5.156605318188667297e-02 4.501181840896606445e-02 1.130257919430732727e-02 1.726051233708858490e-02 3.215042501688003540e-02 4.536518454551696777e-02 4.110598191618919373e-02 6.917499005794525146e-02 8.878818154335021973e-02 3.697015810757875443e-03 2.245311997830867767e-02 3.459574282169342041e-02 4.842685908079147339e-02 2.998770587146282196e-02 4.612947255373001099e-02 3.255409374833106995e-02 1.895658858120441437e-02 3.421458229422569275e-02 4.874288104474544525e-03 4.798377677798271179e-02 3.651548549532890320e-02 1.806262508034706116e-02 1.323034241795539856e-02 2.230022102594375610e-03 1.111178379505872726e-02 4.643468931317329407e-02 3.877906873822212219e-02 4.285046458244323730e-02 1.443359651602804661e-03 3.817373514175415039e-02 2.016378566622734070e-02 2.691435627639293671e-02 2.318626269698143005e-02 1.006374601274728775e-02 7.081540673971176147e-02 2.354393713176250458e-02 4.136388655751943588e-03 6.204649340361356735e-03 2.210013195872306824e-02 3.425547480583190918e-02 1.171145122498273849e-03 2.061032317578792572e-02 1.183472573757171631e-02 1.929753646254539490e-02 1.459133531898260117e-02 3.709915652871131897e-02 4.631018266081809998e-02 1.243191957473754883e-02 3.427321091294288635e-02 3.855489939451217651e-02 4.510440677404403687e-02 6.135792005807161331e-03 4.164636880159378052e-02 4.830718412995338440e-02 1.211779657751321793e-02 1.518495613709092140e-03 2.642348967492580414e-02 2.653278596699237823e-02 2.340205572545528412e-02
1.093126647174358368e-02 1.707451045513153076e-02 1.427474245429039001e-02 6.793563719838857651e-03 2.627504989504814148e-02 3.377480199560523033e-03 8.101936429738998413e-03 1.136646047234535217e-02 5.478106439113616943e-02 1.304750703275203705e-02 4.561842605471611023e-02 5.019099712371826172e-01 7.230240106582641602e-02 1.940026879310607910e-01 4.225319623947143555e-02 5.817892961204051971e-03 2.420519664883613586e-02 5.131744220852851868e-02 2.169670723378658295e-02 1.314660627394914627e-02 2.771276421844959259e-02 9.458328597247600555e-03 2.723195403814315796e-02 4.490628093481063843e-02 6.135286297649145126e-03 8.161996491253376007e-03 3.519218787550926208e-02 1.350816041231155396e-01 3.780436143279075623e-02 1.466826051473617554e-01 1.647058129310607910e-02 4.826718941330909729e-04 4.636773094534873962e-02 8.192526176571846008e-03 9.070013649761676788e-03 1.710781082510948181e-02 7.547295652329921722e-03 4.890635982155799866e-02 4.968857765197753906e-02 1.308271777816116810e-03 8.250881917774677277e-03 4.393980279564857483e-02 4.346632212400436401e-02 2.643370628356933594e-02 7.893197238445281982e-03 1.141994632780551910e-02 2.411275357007980347e-02 1.906709931790828705e-02 3.995503112673759460e-02 4.842379689216613770e-02 1.747138425707817078e-02 4.190837033092975616e-03 2.525762841105461121e-02 3.738851519301533699e-03 5.099148303270339966e-02 4.604265093803405762e-02 3.417212516069412231e-02 3.851253539323806763e-02 2.016396820545196533e-02 7.635932881385087967e-03 4.018593207001686096e-02 3.824232518672943115e-02 3.199107199907302856e-02 2.790731750428676605e-02 3.462745994329452515e-02 3.141852840781211853e-02 2.280110027641057968e-03 2.960661798715591431e-02 2.993867965415120125e-03 1.626363582909107208e-02 2.914875186979770660e-02 2.763647958636283875e-02 3.842752799391746521e-02 2.307185903191566467e-02 1.021154783666133881e-02 4.307945724576711655e-03 2.444763667881488800e-02 2.095116674900054932e-02 7.815394550561904907e-02 9.437621338292956352e-05 8.274290710687637329e-03 3.071556612849235535e-02 3.888529166579246521e-02 4.913917277008295059e-03 2.796548977494239807e-02 2.109272405505180359e-02 2.896312996745109558e-02 4.432616755366325378e-02 5.923411622643470764e-02 5.325832217931747437e-02 2.798410132527351379e-02 3.558795154094696045e-02 3.986431285738945007e-02 4.048979282379150391e-02 4.024036973714828491e-02 1.618882082402706146e-02 1.882409490644931793e-02 5.771088227629661560e-02 5.241233855485916138e-02 4.478340968489646912e-02 1.452300697565078735e-02 2.073297090828418732e-02 1.015613973140716553e-02 3.368938714265823364e-02 2.568394318222999573e-02 2.440788550302386284e-03 2.796131558716297150e-02 1.270586159080266953e-02 3.866117075085639954e-02 4.551194608211517334e-02 5.784122645854949951e-02 6.850249320268630981e-02 2.225472219288349152e-02 3.607875108718872070e-02 3.552694106474518776e-03 6.501572672277688980e-03
1.245840415358543396e-01 1.246330440044403076e-01 9.451093152165412903e-03 4.582742229104042053e-03 1.160500338301062584e-03 2.771299518644809723e-02 4.484099522233009338e-02 2.805214188992977142e-02 4.450688138604164124e-02 7.918704301118850708e-03 1.824172586202621460e-01 7.230240106582641602e-02 5.048924088478088379e-01 3.227591887116432190e-02 1.840041391551494598e-02 8.228899911046028137e-03 9.869060479104518890e-03 3.562208497896790504e-03 3.382537513971328735e-02 3.543575108051300049e-02 1.780732721090316772e-02 5.237172916531562805e-02 4.349584504961967468e-02 5.510268732905387878e-02 5.169486976228654385e-04 3.235603123903274536e-02 3.228378668427467346e-02 2.601547539234161377e-02 3.094219230115413666e-02 4.756451770663261414e-02 2.281979098916053772e-02 6.293373648077249527e-03 1.158353593200445175e-02 9.655918926000595093e-03 3.087971732020378113e-02 5.860102828592061996e-04 1.611487474292516708e-03 1.807129755616188049e-02 3.057695738971233368e-02 4.038908332586288452e-02 1.088334526866674423e-02 3.657303750514984131e-02 3.528626635670661926e-02 3.583208099007606506e-02 3.891853988170623779e-02 3.827549517154693604e-02 8.933679014444351196e-02 1.624327711760997772e-02 2.320030331611633301e-02 1.246422156691551208e-02 3.984281048178672791e-02 1.340730395168066025e-02 2.792248129844665527e-02 1.181813888251781464e-02 2.649344317615032196e-02 1.824021898210048676e-02 6.500191520899534225e-03 2.681836113333702087e-02 4.341492801904678345e-02 2.611054666340351105e-02 4.859040677547454834e-02 2.454359270632266998e-02 1.810875348746776581e-02 1.858327351510524750e-02 6.709886342287063599e-02 1.373436152935028076e-01 8.641513064503669739e-03 2.580206468701362610e-02 3.902337327599525452e-02 1.494970824569463730e-02 3.077043779194355011e-02 4.123672842979431152e-02 2.528378739953041077e-02 4.442799463868141174e-02 7.196899969130754471e-03 1.786842010915279388e-02 4.420227557420730591e-02 2.921461872756481171e-02 3.190117329359054565e-02 4.410524666309356689e-02 2.320697717368602753e-02 2.685752883553504944e-02 2.214226685464382172e-02 2.229083888232707977e-02 6.058895494788885117e-03 4.779496788978576660e-02 1.451656501740217209e-02 8.619572035968303680e-04 6.773910135962069035e-04 1.632398925721645355e-02 1.768598705530166626e-02 7.413616031408309937e-02 9.733338840305805206e-03 2.064380608499050140e-02 3.998833149671554565e-02 3.047802112996578217e-02 2.646473422646522522e-02 2.308921143412590027e-02 7.314727641642093658e-03 1.097290404140949249e-02 1.915591768920421600e-02 2.888077124953269958e-02 1.560797169804573059e-02 3.660766780376434326e-02 1.681452244520187378e-02 1.614416949450969696e-02 3.644199669361114502e-02 3.364808857440948486e-02 2.755239233374595642e-02 2.045474760234355927e-02 2.865183167159557343e-02 4.739819094538688660e-02 4.410095512866973877e-02 6.035932898521423340e-02 9.991423226892948151e-03 4.437478631734848022e-02
