5.052140355110168457e-01 1.655244529247283936e-01 2.467817068099975586e-02 2.161639370024204254e-02 1.137559302151203156e-02 1.365571469068527222e-01 9.978335350751876831e-02 3.626881539821624756e-02 2.860236726701259613e-02 3.807888552546501160e-02 1.210440099239349365e-01 2.180826105177402496e-02 1.137736439704895020e-01 4.637289047241210938e-02 1.361657213419675827e-02 3.614109754562377930e-02 3.920510783791542053e-02 2.094679977744817734e-03 8.847806602716445923e-03 6.598889827728271484e-03 1.045693922787904739e-02 6.539024878293275833e-03 4.237864166498184204e-02 4.951931163668632507e-02 6.026329006999731064e-03 2.748877182602882385e-02 8.009728975594043732e-03 1.167974621057510376e-02 3.030331432819366455e-02 6.239741924218833447e-04 2.549785422161221504e-03 4.259291291236877441e-02 3.339341655373573303e-02 4.048576951026916504e-02 3.353143110871315002e-02 1.452757138758897781e-02 3.622058546170592308e-03 1.177489850670099258e-02 2.464139834046363831e-02 4.899191204458475113e-03 3.932552784681320190e-02 1.096465531736612320e-02 2.096196264028549194e-02 1.630017347633838654e-02 3.268654271960258484e-02 1.979652419686317444e-02 9.973343461751937866e-02 5.275950580835342407e-02 5.754110170528292656e-04 4.413098469376564026e-02 3.874346613883972168e-02 4.412019997835159302e-02 1.173873990774154663e-02 7.426386699080467224e-03 1.604459132067859173e-03 3.308442607522010803e-02 6.571130361407995224e-03 3.983151912689208984e-02 2.429877407848834991e-03 7.770037744194269180e-03 2.729905769228935242e-02 1.863940618932247162e-03 3.319250047206878662e-02 7.825791835784912109e-03 6.164419651031494141e-02 5.957921966910362244e-02 4.775981418788433075e-03 5.009685177356004715e-03 1.039119716733694077e-02 5.549184978008270264e-02 3.237210959196090698e-02 4.037369042634963989e-02 3.060184826608747244e-05 4.931823536753654480e-02 2.671947004273533821e-03 2.694783359766006470e-02 3.714134544134140015e-02 1.189171522855758667e-02 6.911023519933223724e-03 4.062607139348983765e-02 3.053329885005950928e-02 3.060698136687278748e-02 2.296341769397258759e-02 1.013520825654268265e-02 1.799666322767734528e-02 8.586652576923370361e-03 2.945785410702228546e-03 2.831995487213134766e-02 3.268202068284153938e-03 2.962641417980194092e-02 5.504725128412246704e-02 1.232172269374132156e-02 4.574584960937500000e-02 8.489609695971012115e-03 4.406183958053588867e-03 6.562566850334405899e-03 2.299863100051879883e-02 3.729735687375068665e-02 5.478570237755775452e-03 9.442938491702079773e-03 4.218308255076408386e-02 2.933776564896106720e-02 3.750431584194302559e-03 4.024288617074489594e-03 3.289210796356201172e-02 1.793366298079490662e-02 4.198350012302398682e-02 4.460613429546356201e-02 1.208057906478643417e-02 5.998575687408447266e-02 4.046599380671977997e-03 1.992673240602016449e-02 1.413706969469785690e-02 1.195463351905345917e-02 2.759914658963680267e-02 2.534943632781505585e-02
1.655244529247283936e-01 5.038146376609802246e-01 2.203883416950702667e-02 1.180554740130901337e-02 5.782588850706815720e-03 1.085546761751174927e-01 8.942128717899322510e-02 2.595010958611965179e-02 4.053279757499694824e-02 4.280522093176841736e-02 1.154136434197425842e-01 2.366483770310878754e-02 1.600318700075149536e-01 6.815585494041442871e-02 2.332307957112789154e-02 3.744949027895927429e-02 4.299013316631317139e-02 1.184298191219568253e-02 6.418693228624761105e-04 1.199627760797739029e-02 2.208105847239494324e-02 1.127315917983651161e-03 3.367746248841285706e-02 4.774250090122222900e-02 1.352436374872922897e-02 4.269345104694366455e-02 1.659943722188472748e-03 9.606223553419113159e-03 2.390875667333602905e-02 8.070178329944610596e-03 3.901760280132293701e-02 4.009997472167015076e-02 2.717707864940166473e-02 4.053804278373718262e-02 3.083743527531623840e-02 1.003285031765699387e-02 7.500541396439075470e-03 2.509654732421040535e-03 3.274604678153991699e-02 1.687482371926307678e-02 2.882779948413372040e-02 1.151905674487352371e-02 2.396480180323123932e-02 8.612571284174919128e-03 2.433238364756107330e-02 3.655495494604110718e-02 8.581932634115219116e-02 6.988853216171264648e-02 9.572229348123073578e-03 3.656168654561042786e-02 1.412940863519906998e-02 3.004224412143230438e-02 1.285539008677005768e-02 4.998656921088695526e-03 6.664505228400230408e-03 1.733654178678989410e-02 3.256137296557426453e-02 2.730078808963298798e-02 2.504766685888171196e-03 7.964464835822582245e-03 2.870569936931133270e-02 6.786537822335958481e-03 4.414777457714080811e-02 1.743208058178424835e-02 5.557901039719581604e-02 6.344201415777206421e-02 3.543317550793290138e-03 1.825756765902042389e-02 1.307713706046342850e-02 5.706523731350898743e-02 2.359887771308422089e-02 4.731271788477897644e-02 5.909213330596685410e-03 4.483290761709213257e-02 8.157487027347087860e-03 3.379724919795989990e-02 3.855128958821296692e-02 3.618106991052627563e-02 1.529021188616752625e-02 3.056994080543518066e-02 3.372045978903770447e-02 2.692195400595664978e-02 1.242307759821414948e-02 5.483284126967191696e-03 4.083623643964529037e-03 3.982840478420257568e-02 4.181037191301584244e-03 3.153736144304275513e-02 1.098906714469194412e-02 4.185923188924789429e-02 6.425765901803970337e-02 1.553904358297586441e-02 7.674527168273925781e-02 5.775522906333208084e-03 1.579362899065017700e-03 1.432908978313207626e-02 4.101126268506050110e-02 2.584601752460002899e-02 5.228164372965693474e-04 1.595683954656124115e-02 2.072248049080371857e-02 2.437592670321464539e-02 3.802739828824996948e-02 6.701122969388961792e-03 2.243910543620586395e-02 2.273029647767543793e-02 3.035127371549606323e-02 4.623581841588020325e-02 1.239535305649042130e-02 4.246248677372932434e-02 1.732330303639173508e-03 2.971632592380046844e-02 5.289754364639520645e-03 1.189095713198184967e-02 6.330916658043861389e-03 2.800296293571591377e-03
2.467817068099975586e-02 2.203883416950702667e-02 4.742103219032287598e-01 2.346848696470260620e-02 3.200441598892211914e-02 2.825634554028511047e-02 3.465558215975761414e-02 1.990886181592941284e-01 2.805872121825814247e-03 3.923130407929420471e-02 2.061160281300544739e-02 5.996435880661010742e-03 3.823984786868095398e-02 1.236634515225887299e-02 3.607216477394104004e-02 8.983728475868701935e-03 3.045979887247085571e-03 2.178485691547393799e-02 1.846071332693099976e-02 1.615434070117771626e-03 1.295330189168453217e-02 9.565599029883742332e-04 3.801516816020011902e-02 1.300244778394699097e-02 3.689840435981750488e-02 2.215619944036006927e-02 4.557404667139053345e-02 3.339700773358345032e-02 1.227161474525928497e-02 5.079334229230880737e-02 5.741604138165712357e-03 2.268736995756626129e-02 2.308945544064044952e-02 1.385634485632181168e-02 1.438839361071586609e-02 5.818810896016657352e-04 3.816761448979377747e-02 3.559127077460289001e-02 2.531758975237607956e-03 2.486746944487094879e-02 7.531750202178955078e-02 2.992612123489379883e-02 2.196536771953105927e-02 1.144936308264732361e-02 1.215491071343421936e-02 2.066030167043209076e-02 2.898542582988739014e-02 1.559790782630443573e-02 8.292728103697299957e-03 4.971195943653583527e-03 1.844447851181030273e-02 1.390231773257255554e-02 3.820950398221611977e-03 6.725662853568792343e-03 1.978572271764278412e-02 3.274551406502723694e-02 4.437487199902534485e-02 2.099738642573356628e-02 4.026304185390472412e-02 3.205147758126258850e-02 4.087666422128677368e-02 3.329985309392213821e-03 1.513906661421060562e-02 6.654246151447296143e-02 1.182919926941394806e-02 4.405190795660018921e-02 3.146221116185188293e-02 1.476529520004987717e-02 1.718399301171302795e-02 2.818944118916988373e-02 2.079544775187969208e-02 2.074654400348663330e-02 1.202841475605964661e-02 1.055300817824900150e-03 2.590624801814556122e-02 7.593141403049230576e-03 2.770138904452323914e-02 8.243678137660026550e-03 2.727201581001281738e-02 1.835032738745212555e-02 2.139847874641418457e-01 2.497864514589309692e-01 1.929977349936962128e-02 2.199628943344578147e-05 3.287854418158531189e-02 1.023077685385942459e-02 6.435397267341613770e-02 9.193905279971659184e-04 1.236034743487834930e-02 6.762053235433995724e-04 9.149963967502117157e-03 1.761693693697452545e-02 1.323551964014768600e-02 1.859017089009284973e-02 9.858567500486969948e-04 9.733385406434535980e-03 7.200456690043210983e-03 4.360850155353546143e-02 4.113117232918739319e-02 2.691111899912357330e-02 2.290764637291431427e-02 2.187584992498159409e-03 1.818263158202171326e-02 1.818066090345382690e-02 1.317402813583612442e-02 4.184360615909099579e-03 8.574361912906169891e-03 2.892249030992388725e-03 3.129455959424376488e-03 1.442486606538295746e-02 2.277489379048347473e-02 7.158792018890380859e-02 8.430476300418376923e-03 8.794949389994144440e-03 2.326239645481109619e-02 3.960044309496879578e-02
2.161639370024204254e-02 1.180554740130901337e-02 2.346848696470260620e-02 4.747810661792755127e-01 1.543915569782257080e-01 7.914058864116668701e-03 5.313568981364369392e-04 1.627557352185249329e-02 4.998219013214111328e-02 3.502785414457321167e-02 2.941084560006856918e-03 3.173620253801345825e-02 1.839018240571022034e-02 1.214637514203786850e-02 4.296420514583587646e-02 5.636956915259361267e-02 4.603236913681030273e-02 4.276831820607185364e-02 6.938498932868242264e-03 5.270119011402130127e-02 5.371139850467443466e-03 4.663382843136787415e-02 7.113849744200706482e-03 2.208238095045089722e-02 1.687523722648620605e-02 2.919529331848025322e-03 1.432355307042598724e-02 8.570097386837005615e-02 4.239307343959808350e-02 1.694920659065246582e-02 3.660439327359199524e-02 2.350646816194057465e-02 9.186790324747562408e-03 8.129406720399856567e-03 1.868487708270549774e-02 3.501347452402114868e-02 1.161368843168020248e-02 1.865368522703647614e-02 5.995678529143333435e-02 4.847256466746330261e-02 1.284505939111113548e-03 7.521069142967462540e-03 1.524828374385833740e-02 2.176471985876560211e-02 4.090860486030578613e-03 1.518383249640464783e-02 3.000342694576829672e-04 8.205899968743324280e-03 3.979755192995071411e-02 6.524911150336265564e-03 1.377898175269365311e-02 3.046370809897780418e-03 1.206138357520103455e-02 1.806889846920967102e-02 1.871260069310665131e-02 3.669407591223716736e-02 5.904350802302360535e-02 8.194684982299804688e-03 1.950650848448276520e-02 1.571886055171489716e-02 4.606895521283149719e-02 1.867005717940628529e-03 3.166104853153228760e-02 3.023312427103519440e-02 4.593237489461898804e-02 3.510230779647827148e-02 3.284353390336036682e-02 4.015003889799118042e-02 1.454672194086015224e-03 3.602867573499679565e-02 1.229114737361669540e-02 1.777504570782184601e-02 9.245926886796951294e-02 3.375102579593658447e-02 5.052840709686279297e-02 8.366537280380725861e-03 1.107329130172729492e-02 2.290781773626804352e-02 1.744059473276138306e-02 1.500207930803298950e-02 2.346934052184224129e-03 2.504954673349857330e-02 1.011234223842620850e-01 5.588681250810623169e-02 1.631143502891063690e-02 1.175465062260627747e-02 1.217888668179512024e-03 2.198032662272453308e-02 5.876926705241203308e-02 5.519770784303545952e-04 2.367773279547691345e-02 1.008935086429119110e-02 1.641567051410675049e-02 1.679066009819507599e-02 9.070677682757377625e-03 1.841403916478157043e-02 9.759550914168357849e-03 9.256336838006973267e-03 5.337042734026908875e-02 2.970556169748306274e-02 4.662807658314704895e-02 2.328759618103504181e-02 1.476238574832677841e-02 6.990299094468355179e-03 2.827966026961803436e-02 8.739414624869823456e-03 3.768312558531761169e-02 4.577756300568580627e-02 4.363643005490303040e-02 2.868489548563957214e-02 9.909971617162227631e-03 2.706807665526866913e-02 4.094682261347770691e-02 2.179403230547904968e-02 1.707388646900653839e-02 2.736254781484603882e-02
1.137559302151203156e-02 5.782588850706815720e-03 3.200441598892211914e-02 1.543915569782257080e-01 4.946394562721252441e-01 1.576309092342853546e-02 1.624262705445289612e-02 2.461623027920722961e-02 1.709943450987339020e-02 5.830258503556251526e-02 8.647944778203964233e-03 2.667039632797241211e-02 3.671089187264442444e-03 2.406970784068107605e-02 2.994363196194171906e-03 6.333734840154647827e-02 6.224681437015533447e-02 2.620133757591247559e-02 3.345669433474540710e-02 4.203501343727111816e-02 2.231214568018913269e-02 3.831722587347030640e-02 8.309514261782169342e-03 7.263601757586002350e-03 1.254556886851787567e-02 8.107760921120643616e-03 2.975035458803176880e-02 1.127955317497253418e-01 4.215396195650100708e-02 3.119139745831489563e-02 3.051285445690155029e-02 1.237289234995841980e-02 1.382565824314951897e-03 1.210808195173740387e-02 2.918944694101810455e-03 4.067374765872955322e-02 7.691632024943828583e-03 2.360611781477928162e-02 3.737444058060646057e-02 5.463293194770812988e-02 3.895445913076400757e-02 5.018926411867141724e-02 4.617788270115852356e-02 6.453926907852292061e-04 1.862174645066261292e-02 7.387049030512571335e-03 4.356470424681901932e-03 3.956898581236600876e-03 9.618983604013919830e-03 2.168578654527664185e-02 1.556286821141839027e-03 2.426243387162685394e-02 1.145771238952875137e-02 1.064994372427463531e-02 3.215666487812995911e-02 2.997288713231682777e-03 6.650456041097640991e-02 5.414274334907531738e-02 1.497245021164417267e-02 4.070596769452095032e-03 1.083573326468467712e-02 3.528614714741706848e-02 5.409104749560356140e-02 4.207423329353332520e-02 4.214361682534217834e-02 4.383565485477447510e-02 4.233512654900550842e-02 2.306875586509704590e-02 2.097007445991039276e-02 2.829035185277462006e-02 7.008751481771469116e-02 4.044304136186838150e-03 9.937359392642974854e-02 3.024189732968807220e-02 9.797754883766174316e-02 2.160948701202869415e-02 1.201706752181053162e-02 5.622519645839929581e-03 3.424144815653562546e-03 6.006015837192535400e-02 2.579444088041782379e-02 3.195209428668022156e-02 8.826641738414764404e-02 7.006470859050750732e-02 4.800499230623245239e-02 1.659183390438556671e-02 5.246835295110940933e-03 3.672920912504196167e-02 8.722107857465744019e-02 6.719147413969039917e-02 2.906340546905994415e-02 3.018888272345066071e-02 1.542455237358808517e-02 3.932770807296037674e-03 2.732303366065025330e-02 1.680729538202285767e-02 4.100108519196510315e-02 2.077493816614151001e-02 2.523391321301460266e-02 4.308485984802246094e-02 2.167242206633090973e-02 1.779571175575256348e-02 8.266083896160125732e-03 3.275121748447418213e-02 4.892941098660230637e-03 1.154173910617828369e-02 3.158022463321685791e-02 5.247883498668670654e-02 5.579906702041625977e-02 8.275988511741161346e-03 2.245445363223552704e-02 2.238624542951583862e-02 4.375776275992393494e-02 4.289780184626579285e-02 2.153671719133853912e-02 2.921776100993156433e-02
1.365571469068527222e-01 1.085546761751174927e-01 2.825634554028511047e-02 7.914058864116668701e-03 1.576309092342853546e-02 4.902684986591339111e-01 1.711850464344024658e-01 3.282255679368972778e-02 2.816656976938247681e-02 2.381541021168231964e-02 5.689560994505882263e-02 4.911839962005615234e-02 5.973749607801437378e-02 7.321330904960632324e-02 1.780815981328487396e-02 2.457682229578495026e-02 2.147897519171237946e-02 2.694623172283172607e-02 2.292420715093612671e-02 2.976563386619091034e-02 1.851731911301612854e-02 1.326685026288032532e-02 1.121405512094497681e-02 3.197382204234600067e-03 7.184670772403478622e-03 1.454820111393928528e-02 4.427672829478979111e-03 3.963385522365570068e-02 2.869520708918571472e-02 3.573986142873764038e-02 2.937245927751064301e-02 7.845238782465457916e-03 2.459949068725109100e-02 4.262828733772039413e-03 3.649472072720527649e-02 2.353261411190032959e-02 3.101524896919727325e-03 2.989997854456305504e-03 3.221892938017845154e-02 3.220485523343086243e-02 3.724143654108047485e-02 8.343484252691268921e-03 7.037951610982418060e-03 1.436050608754158020e-02 4.104146361351013184e-02 3.015359118580818176e-02 1.297900825738906860e-01 7.206208258867263794e-02 3.909420594573020935e-02 2.531466819345951080e-02 7.795890793204307556e-03 2.403401583433151245e-02 3.817786276340484619e-02 1.769303530454635620e-02 3.095725178718566895e-02 1.289836037904024124e-02 4.354684799909591675e-02 1.829864270985126495e-02 1.592306792736053467e-02 2.374192327260971069e-02 2.539902366697788239e-02 2.689796872437000275e-02 5.589870270341634750e-03 9.722332470118999481e-03 1.066156383603811264e-02 2.437621355056762695e-02 3.282620012760162354e-02 2.439951710402965546e-02 4.021077230572700500e-02 5.021442472934722900e-02 3.903793916106224060e-02 3.184615448117256165e-02 3.689842671155929565e-02 3.227498009800910950e-02 1.319411024451255798e-02 1.176341902464628220e-02 3.621657565236091614e-02 3.241037577390670776e-02 5.002947896718978882e-02 1.809956692159175873e-02 2.867680974304676056e-02 1.975956372916698456e-02 9.093405678868293762e-03 1.220118720084428787e-02 5.091901984997093678e-04 5.190896615386009216e-02 1.160830166190862656e-02 1.343264244496822357e-02 2.199068292975425720e-02 4.529904574155807495e-02 3.103844448924064636e-02 2.876469306647777557e-02 3.339383751153945923e-02 7.045771926641464233e-03 2.986538782715797424e-02 3.413226455450057983e-02 1.260435674339532852e-02 3.522637486457824707e-02 1.923343725502490997e-02 8.101575076580047607e-03 1.322714425623416901e-02 3.573112189769744873e-02 1.593719585798680782e-03 5.591441877186298370e-03 3.936632350087165833e-02 1.775608025491237640e-02 1.423463318496942520e-02 2.994631603360176086e-02 4.616707935929298401e-02 5.091925337910652161e-02 5.459282547235488892e-03 4.214240238070487976e-02 3.559251502156257629e-02 4.252080991864204407e-02 9.730000048875808716e-03 3.958294913172721863e-02
9.978335350751876831e-02 8.942128717899322510e-02 3.465558215975761414e-02 5.313568981364369392e-04 1.624262705445289612e-02 1.711850464344024658e-01 4.925138652324676514e-01 1.725922711193561554e-02 2.150107733905315399e-02 1.123660430312156677e-02 5.166159197688102722e-02 3.079514205455780029e-02 5.799188837409019470e-02 8.687352389097213745e-02 1.510519650764763355e-03 1.155217294581234455e-03 1.331285107880830765e-02 3.507428616285324097e-02 3.229586407542228699e-02 2.691510319709777832e-02 8.170038461685180664e-03 1.101322006434202194e-02 1.712577231228351593e-02 4.314585588872432709e-03 6.425668485462665558e-03 3.407382871955633163e-03 7.562103681266307831e-03 3.497356921434402466e-02 5.141787230968475342e-03 4.754174873232841492e-02 2.010997757315635681e-02 1.394859049469232559e-03 3.570675849914550781e-02 3.255567979067564011e-03 3.174181655049324036e-02 2.996027283370494843e-02 1.288610161282122135e-03 1.179749029688537121e-03 1.117961574345827103e-02 2.316396124660968781e-02 4.031230136752128601e-02 2.092834096401929855e-03 1.196742802858352661e-02 1.972441747784614563e-02 4.189096391201019287e-02 1.387058012187480927e-02 1.049984470009803772e-01 8.098158240318298340e-02 3.761573880910873413e-02 4.996904730796813965e-02 2.393007278442382812e-03 3.633737936615943909e-02 2.322220243513584137e-02 2.273343317210674286e-02 1.201095897704362869e-02 5.588150816038250923e-04 4.348249733448028564e-02 4.327638074755668640e-02 4.371576383709907532e-02 4.566303268074989319e-02 1.676985248923301697e-02 4.955706745386123657e-02 1.221604365855455399e-02 4.841214977204799652e-03 1.004677917808294296e-02 2.076125703752040863e-02 3.010580316185951233e-02 1.428947784006595612e-02 2.982746250927448273e-02 3.222187608480453491e-02 4.601088166236877441e-02 2.104515396058559418e-02 4.563896358013153076e-02 2.912656962871551514e-02 1.367792300879955292e-02 1.494135800749063492e-02 3.777925297617912292e-02 3.974504023790359497e-02 4.060025140643119812e-02 2.418075315654277802e-02 2.940310165286064148e-02 1.076222490519285202e-02 7.431448437273502350e-03 4.554108902812004089e-02 1.475626416504383087e-02 4.201287031173706055e-02 3.588736988604068756e-03 1.473335828632116318e-02 5.311101302504539490e-02 4.575738310813903809e-02 1.987088657915592194e-02 3.179551102221012115e-03 1.887236721813678741e-02 1.961368322372436523e-02 1.576411165297031403e-02 1.521862391382455826e-02 1.112192496657371521e-02 2.167542092502117157e-02 4.692313820123672485e-02 3.030706942081451416e-02 3.500013425946235657e-02 4.521459341049194336e-02 8.411089656874537468e-04 5.089396610856056213e-03 3.864250704646110535e-02 2.985334582626819611e-02 2.231113240122795105e-02 3.677834942936897278e-02 3.468226268887519836e-02 3.866820409893989563e-02 3.343684365972876549e-03 4.435373097658157349e-02 1.711034588515758514e-02 3.413572907447814941e-02 9.575093165040016174e-03 3.156992793083190918e-02
3.626881539821624756e-02 2.595010958611965179e-02 1.990886181592941284e-01 1.627557352185249329e-02 2.461623027920722961e-02 3.282255679368972778e-02 1.725922711193561554e-02 4.877401292324066162e-01 2.660656534135341644e-02 3.782973159104585648e-03 5.386300850659608841e-03 7.465941831469535828e-03 2.421295270323753357e-02 1.359154563397169113e-02 1.245696917176246643e-01 3.358326852321624756e-02 3.159064427018165588e-02 3.262789547443389893e-02 4.368340130895376205e-03 3.181063011288642883e-02 1.739214919507503510e-02 6.095457356423139572e-03 3.263619542121887207e-02 3.185238316655158997e-02 2.243341691792011261e-02 2.947628498077392578e-02 2.273385599255561829e-02 3.068296983838081360e-02 2.062648534774780273e-02 1.463974732905626297e-02 3.843026980757713318e-02 1.663690991699695587e-02 2.394960756646469235e-04 2.102894522249698639e-02 3.076049033552408218e-03 4.009766131639480591e-02 2.747626230120658875e-02 2.229308011010289192e-03 8.314712904393672943e-03 2.644510008394718170e-03 2.236432628706097603e-03 3.204046934843063354e-02 1.850408967584371567e-03 1.585662923753261566e-02 1.581276068463921547e-03 3.190903738141059875e-02 2.109277993440628052e-02 3.028039075434207916e-02 4.633108619600534439e-03 3.739392012357711792e-02 3.349008783698081970e-02 1.596528105437755585e-02 1.322114747017621994e-02 3.169791400432586670e-02 4.193796962499618530e-02 2.812245115637779236e-02 4.035589843988418579e-02 1.290407404303550720e-02 1.138822920620441437e-02 3.983389958739280701e-02 3.373795375227928162e-02 2.872724458575248718e-02 1.974350772798061371e-03 4.691018257290124893e-03 3.513349592685699463e-02 3.699970990419387817e-02 1.911773160099983215e-02 9.905075421556830406e-04 2.333294786512851715e-02 1.669749245047569275e-02 4.316421598196029663e-02 2.732496708631515503e-02 5.320189520716667175e-03 2.457049302756786346e-02 2.246394194662570953e-02 1.032591238617897034e-02 2.365277707576751709e-02 2.223394624888896942e-02 1.411011256277561188e-02 1.644284930080175400e-03 2.509665191173553467e-01 2.614970505237579346e-01 4.063757508993148804e-02 1.997098885476589203e-02 3.206918016076087952e-02 7.118525449186563492e-03 1.883520334959030151e-01 1.420932542532682419e-02 2.745862863957881927e-02 1.091553922742605209e-02 2.061219699680805206e-02 4.767316952347755432e-02 1.938864961266517639e-02 4.979217797517776489e-02 3.166584298014640808e-02 6.196178728714585304e-04 1.789921708405017853e-02 1.909642107784748077e-02 3.283856064081192017e-02 7.188170682638883591e-03 2.876110374927520752e-03 8.551104925572872162e-03 2.094735624268651009e-03 1.865010522305965424e-02 5.468988325446844101e-03 3.102601133286952972e-02 1.185271982103586197e-02 7.345319027081131935e-04 2.147988229990005493e-02 5.620731413364410400e-02 3.361089527606964111e-02 3.991277888417243958e-02 8.259124122560024261e-03 2.111455611884593964e-02 1.851790770888328552e-02 2.189777558669447899e-03
2.860236726701259613e-02 4.053279757499694824e-02 2.805872121825814247e-03 4.998219013214111328e-02 1.709943450987339020e-02 2.816656976938247681e-02 2.150107733905315399e-02 2.660656534135341644e-02 4.890128076076507568e-01 6.299002468585968018e-02 3.138543665409088135e-02 6.352782994508743286e-02 2.001097798347473145e-02 8.264382369816303253e-03 2.121738344430923462e-02 2.146062068641185760e-02 2.585598267614841461e-02 5.099310725927352905e-02 1.800081878900527954e-02 1.905999518930912018e-02 2.894700504839420319e-02 2.911745570600032806e-03 6.780865788459777832e-02 4.837853088974952698e-02 1.724471710622310638e-02 4.921075701713562012e-02 3.972554206848144531e-02 2.045406214892864227e-02 1.137497182935476303e-02 2.286177873611450195e-02 6.474861409515142441e-03 2.851021848618984222e-02 7.552440743893384933e-03 2.311922423541545868e-02 3.139622509479522705e-02 3.686477988958358765e-02 5.712171271443367004e-02 2.556962333619594574e-02 4.768542945384979248e-02 4.404828324913978577e-02 1.390718389302492142e-04 6.254608929157257080e-02 1.809593476355075836e-02 2.396616851910948753e-03 3.564282134175300598e-02 1.201576925814151764e-02 4.060494527220726013e-02 3.943367302417755127e-02 7.145425677299499512e-02 3.034065477550029755e-02 8.984033949673175812e-03 4.120681434869766235e-02 1.543833687901496887e-02 3.794999048113822937e-02 5.724964663386344910e-02 9.398243390023708344e-03 5.335147678852081299e-02 3.028028458356857300e-02 4.683302715420722961e-02 2.787569351494312286e-02 1.416839100420475006e-02 3.450675681233406067e-02 2.662133052945137024e-02 8.809846825897693634e-03 3.727135434746742249e-02 2.762718498706817627e-02 1.142604462802410126e-02 2.811836637556552887e-02 2.750836312770843506e-02 4.141838103532791138e-02 4.207694157958030701e-02 2.068891003727912903e-02 7.488042116165161133e-03 2.716460265219211578e-02 1.379309128969907761e-02 8.541772142052650452e-03 1.350614577531814575e-01 3.258063271641731262e-02 5.462564527988433838e-02 6.566535681486129761e-03 3.143711015582084656e-02 3.171134740114212036e-03 2.794287540018558502e-02 8.645836263895034790e-03 2.608322165906429291e-02 8.066307753324508667e-03 3.548645228147506714e-02 2.647571824491024017e-02 2.606936544179916382e-02 7.658120710402727127e-03 2.015122212469577789e-02 5.329370032995939255e-03 2.594153955578804016e-02 1.772606628946959972e-03 1.409052871167659760e-02 2.738736197352409363e-02 2.135139703750610352e-02 3.478170558810234070e-02 7.465028017759323120e-02 3.875974938273429871e-02 1.196393370628356934e-02 1.031655911356210709e-02 3.115862421691417694e-02 4.031069204211235046e-02 6.004671752452850342e-02 2.156373485922813416e-02 3.009025752544403076e-02 4.953631013631820679e-02 1.170879509299993515e-02 4.909276962280273438e-02 2.868750691413879395e-02 9.753407910466194153e-03 1.020188070833683014e-02 1.692027412354946136e-02 3.324687713757157326e-03 3.913050144910812378e-02
3.807888552546501160e-02 4.280522093176841736e-02 3.923130407929420471e-02 3.502785414457321167e-02 5.830258503556251526e-02 2.381541021168231964e-02 1.123660430312156677e-02 3.782973159104585648e-03 6.299002468585968018e-02 4.916724562644958496e-01 3.213905170559883118e-02 6.695320829749107361e-03 2.009818144142627716e-02 5.004114657640457153e-02 2.138664759695529938e-02 5.538024008274078369e-03 3.375040367245674133e-02 1.678404398262500763e-02 9.574452042579650879e-02 4.946005344390869141e-02 1.639794930815696716e-02 2.273435145616531372e-02 2.794533781707286835e-02 5.947047099471092224e-02 3.965892270207405090e-02 5.436260625720024109e-02 2.365565113723278046e-02 4.128894209861755371e-02 2.128573507070541382e-02 1.486390456557273865e-02 5.397420842200517654e-03 8.515458554029464722e-03 5.143766477704048157e-02 9.356486611068248749e-03 3.823076188564300537e-02 3.557539731264114380e-02 1.795156486332416534e-02 1.759295910596847534e-02 3.107865527272224426e-02 4.904591664671897888e-02 2.100451849400997162e-02 4.212686326354742050e-03 2.217994816601276398e-02 5.286422558128833771e-03 2.429856220260262489e-03 1.295186020433902740e-02 1.420457195490598679e-02 7.945251651108264923e-03 1.337409578263759613e-02 1.169938519597053528e-01 2.307996526360511780e-02 1.173119246959686279e-02 4.492395371198654175e-02 1.538681704550981522e-02 6.113378703594207764e-02 7.488021254539489746e-02 2.966265007853507996e-02 1.088362094014883041e-02 7.838268764317035675e-03 4.009990021586418152e-02 5.600134283304214478e-02 2.681644074618816376e-02 2.218811400234699249e-02 3.209415078163146973e-02 4.948696494102478027e-02 2.366676740348339081e-02 2.938923425972461700e-02 3.708697855472564697e-02 1.406972762197256088e-02 8.672608528286218643e-04 5.259130895137786865e-02 7.779293227940797806e-03 2.117994613945484161e-02 1.810977980494499207e-02 2.608062885701656342e-02 1.977019011974334717e-02 3.916045650839805603e-02 1.592224091291427612e-01 5.997254326939582825e-02 1.233578398823738098e-01 1.580529287457466125e-02 1.050016842782497406e-02 1.824154704809188843e-02 7.855685800313949585e-02 2.444656379520893097e-02 4.062223434448242188e-02 2.545147947967052460e-02 8.106530643999576569e-03 2.573120407760143280e-02 3.363077715039253235e-02 5.135676637291908264e-02 3.821967169642448425e-02 3.821856528520584106e-02 1.130068302154541016e-02 4.894112795591354370e-02 2.152368798851966858e-02 1.099722180515527725e-02 2.018550783395767212e-02 8.148099295794963837e-03 2.030169218778610229e-02 5.331159383058547974e-02 4.199807345867156982e-02 3.799405647441744804e-03 1.694583892822265625e-02 7.741983048617839813e-03 2.190044149756431580e-02 5.016311258077621460e-02 2.012763544917106628e-02 2.649751678109169006e-02 7.734749466180801392e-03 4.149493947625160217e-02 1.691175997257232666e-02 1.296538580209016800e-02 3.317990899085998535e-02 5.241953209042549133e-02 1.795206218957901001e-02
1.210440099239349365e-01 1.154136434197425842e-01 2.061160281300544739e-02 2.941084560006856918e-03 8.647944778203964233e-03 5.689560994505882263e-02 5.166159197688102722e-02 5.386300850659608841e-03 3.138543665409088135e-02 3.213905170559883118e-02 5.043814778327941895e-01 7.049056235700845718e-03 1.331422626972198486e-01 4.001681134104728699e-02 4.039630293846130371e-02 3.401947766542434692e-02 3.931961208581924438e-02 3.245466575026512146e-02 3.977944701910018921e-02 5.350334686227142811e-04 4.632200580090284348e-03 1.491766888648271561e-02 4.121331125497817993e-02 4.112057760357856750e-02 7.858728989958763123e-03 1.775190606713294983e-02 5.819383077323436737e-03 6.755956914275884628e-03 7.291001081466674805e-02 1.123968884348869324e-02 5.610920861363410950e-02 3.463243320584297180e-02 3.729823604226112366e-02 3.870731964707374573e-02 3.270378708839416504e-02 3.696555271744728088e-02 2.738881856203079224e-02 6.181489676237106323e-03 1.400918234139680862e-03 1.276085339486598969e-02 1.603876054286956787e-02 1.848990214057266712e-03 4.195586219429969788e-02 7.821912877261638641e-03 3.705881908535957336e-02 1.696552708745002747e-02 6.552781164646148682e-02 2.442343533039093018e-02 3.179030492901802063e-02 2.520894818007946014e-02 3.931439667940139771e-02 4.165443778038024902e-02 3.849784657359123230e-02 6.592016201466321945e-03 2.139318175613880157e-02 3.187477588653564453e-02 2.467095619067549706e-03 4.749327898025512695e-02 2.914144890382885933e-03 2.336654253304004669e-02 3.995424881577491760e-02 1.308868546038866043e-02 2.814247459173202515e-02 1.771670393645763397e-02 1.042124032974243164e-01 7.203753292560577393e-02 2.689288929104804993e-03 1.216990314424037933e-02 3.950050566345453262e-03 3.486554324626922607e-02 2.511902153491973877e-02 2.531902492046356201e-02 1.364269666373729706e-02 5.397304892539978027e-02 1.772900111973285675e-03 2.390308864414691925e-02 4.415934160351753235e-02 2.223645523190498352e-02 1.451047603040933609e-02 4.071768373250961304e-02 2.025003544986248016e-02 1.029096916317939758e-02 6.333057302981615067e-03 2.239409461617469788e-02 1.030368544161319733e-02 2.162160724401473999e-02 4.604854807257652283e-02 6.267210096120834351e-02 1.011132355779409409e-02 2.658230811357498169e-02 4.102832078933715820e-02 2.590187080204486847e-02 2.890207804739475250e-02 1.213531754910945892e-02 3.458155784755945206e-03 3.810043213889002800e-03 1.197736244648694992e-02 3.944756463170051575e-02 2.390072867274284363e-02 1.021148078143596649e-02 3.565302863717079163e-02 2.600354328751564026e-02 8.071698248386383057e-03 9.466841816902160645e-03 2.642014622688293457e-02 3.933378309011459351e-02 3.666586056351661682e-02 4.046972468495368958e-02 1.765596494078636169e-02 4.022886976599693298e-02 1.371407136321067810e-02 6.748990621417760849e-03 2.098886296153068542e-02 1.813268172554671764e-03 9.701842442154884338e-03 2.272868994623422623e-03
2.180826105177402496e-02 2.366483770310878754e-02 5.996435880661010742e-03 3.173620253801345825e-02 2.667039632797241211e-02 4.911839962005615234e-02 3.079514205455780029e-02 7.465941831469535828e-03 6.352782994508743286e-02 6.695320829749107361e-03 7.049056235700845718e-03 4.678808748722076416e-01 1.152758952230215073e-02 2.520933747291564941e-01 3.594225272536277771e-02 1.114993821829557419e-02 8.380845189094543457e-03 3.977261483669281006e-02 2.223716117441654205e-02 1.769341155886650085e-02 3.188067302107810974e-02 2.861712686717510223e-02 9.313447773456573486e-02 9.123362600803375244e-02 4.649073630571365356e-02 3.931269049644470215e-02 3.942396491765975952e-02 9.364074468612670898e-02 1.151793170720338821e-02 1.043535470962524414e-01 9.779892861843109131e-03 1.767514331731945276e-04 4.214612767100334167e-02 1.842259243130683899e-02 9.729274315759539604e-04 3.367355093359947205e-03 1.603541895747184753e-02 3.020293451845645905e-02 3.041204251348972321e-02 4.373520612716674805e-02 2.443812554702162743e-03 1.762519404292106628e-02 9.868552908301353455e-03 1.740083098411560059e-02 8.398523181676864624e-02 9.172114543616771698e-03 1.440121792256832123e-02 1.885692030191421509e-02 4.079109057784080505e-02 1.895497739315032959e-02 7.898329757153987885e-03 2.218133583664894104e-02 5.729548633098602295e-03 3.691732510924339294e-02 1.884638704359531403e-02 2.538439258933067322e-02 2.247831784188747406e-02 4.178444296121597290e-02 1.081051081418991089e-01 2.991518937051296234e-02 3.157914429903030396e-02 8.160972036421298981e-03 2.626939117908477783e-02 1.943971961736679077e-02 3.395256772637367249e-02 2.277144044637680054e-02 2.027858980000019073e-02 1.723557524383068085e-02 5.331711843609809875e-02 1.350482925772666931e-02 2.261869423091411591e-02 4.214909300208091736e-02 3.525446727871894836e-02 7.464237511157989502e-03 4.381800070405006409e-02 1.125874114222824574e-03 7.732123881578445435e-02 1.747384667396545410e-02 6.057414412498474121e-02 1.678474619984626770e-02 3.609409183263778687e-02 2.944991737604141235e-02 4.193658940494060516e-03 4.223619773983955383e-02 1.364861521869897842e-02 2.305522561073303223e-02 3.664836660027503967e-02 3.219342976808547974e-02 4.249880835413932800e-02 3.210679441690444946e-02 3.807428851723670959e-02 3.163139149546623230e-02 1.421165838837623596e-02 3.880596533417701721e-02 4.506031051278114319e-03 8.435105904936790466e-03 1.214143820106983185e-02 2.529041655361652374e-02 2.565482072532176971e-02 1.180408336222171783e-02 1.534119434654712677e-02 3.259202092885971069e-02 4.114425182342529297e-02 5.328078754246234894e-03 2.478539012372493744e-02 3.216831386089324951e-02 1.298136450350284576e-02 3.374699130654335022e-02 4.034033417701721191e-02 5.012161564081907272e-03 1.846261695027351379e-02 1.773137599229812622e-02 2.086937613785266876e-02 1.600929722189903259e-02 1.573349721729755402e-02 3.737103939056396484e-02
1.137736439704895020e-01 1.600318700075149536e-01 3.823984786868095398e-02 1.839018240571022034e-02 3.671089187264442444e-03 5.973749607801437378e-02 5.799188837409019470e-02 2.421295270323753357e-02 2.001097798347473145e-02 2.009818144142627716e-02 1.331422626972198486e-01 1.152758952230215073e-02 5.056226849555969238e-01 4.347448796033859253e-02 3.944024816155433655e-02 3.031270764768123627e-02 2.736678346991539001e-02 2.402380295097827911e-02 3.808664530515670776e-02 1.416246523149311543e-04 5.020406661060405895e-06 3.084713406860828400e-02 2.746413648128509521e-02 4.052004590630531311e-02 8.992747403681278229e-03 2.688177302479743958e-02 1.175268087536096573e-02 2.339482074603438377e-03 4.940232634544372559e-02 9.595621377229690552e-03 6.274044513702392578e-02 4.283087700605392456e-02 4.099068790674209595e-02 3.919536992907524109e-02 3.505246713757514954e-02 2.670252881944179535e-02 3.698355704545974731e-02 7.890221895650029182e-04 2.093281410634517670e-02 1.371285319328308105e-02 2.458183467388153076e-02 3.115228610113263130e-03 2.784001454710960388e-02 1.699178293347358704e-02 4.368824139237403870e-02 5.214381497353315353e-03 5.372645333409309387e-02 4.365139454603195190e-02 1.714136265218257904e-02 1.967062987387180328e-02 5.791041534394025803e-03 2.992581389844417572e-02 3.040629439055919647e-02 3.233691211789846420e-03 1.364499609917402267e-02 3.825366497039794922e-02 1.575526967644691467e-02 3.597876429557800293e-02 1.995363458991050720e-02 1.520865783095359802e-02 4.613709449768066406e-02 2.845896221697330475e-02 3.133584186434745789e-02 2.535990625619888306e-02 7.096795737743377686e-02 7.878588885068893433e-02 8.869680576026439667e-03 6.610008887946605682e-03 3.206140175461769104e-02 3.076806105673313141e-02 3.564097732305526733e-02 1.798937469720840454e-02 1.287003792822360992e-02 5.259621143341064453e-02 1.894037937745451927e-03 2.813385799527168274e-02 2.442835271358489990e-02 3.602137789130210876e-02 1.716336049139499664e-02 4.104047641158103943e-02 2.299563959240913391e-02 5.295032169669866562e-04 1.685187453404068947e-03 2.238681726157665253e-02 1.559686381369829178e-02 3.521309420466423035e-02 2.214386872947216034e-02 6.074421852827072144e-02 5.820585880428552628e-03 1.315693091601133347e-02 3.523658588528633118e-02 1.643813401460647583e-02 4.789348319172859192e-02 2.097454667091369629e-02 8.800746873021125793e-03 9.037219919264316559e-03 3.881613537669181824e-02 3.341514617204666138e-02 3.428752720355987549e-02 3.031780710443854332e-03 9.729845449328422546e-03 8.679144084453582764e-03 2.933810837566852570e-02 1.830150838941335678e-03 3.733073174953460693e-02 3.992066532373428345e-02 1.161010283976793289e-02 5.333014205098152161e-02 1.716565154492855072e-02 4.423981904983520508e-02 7.569381967186927795e-03 1.541952695697546005e-02 2.136815525591373444e-02 3.310543484985828400e-03 2.025664225220680237e-02 4.824322648346424103e-03
