5.240276455879211426e-01 1.832402944564819336e-01 1.335491077043116093e-03 1.993499882519245148e-02 3.777299821376800537e-02 1.181736290454864502e-01 8.308792859315872192e-02 2.119933813810348511e-02 2.425648644566535950e-02 2.846420928835868835e-02 1.616034954786300659e-01 2.316517196595668793e-02 1.453658789396286011e-01 4.801421239972114563e-02 9.673432447016239166e-03 1.636805571615695953e-02 2.457961998879909515e-02 8.702377788722515106e-03 2.015143632888793945e-02 2.073168382048606873e-02 3.714712709188461304e-02 3.235709154978394508e-03 1.785165630280971527e-02 4.486137256026268005e-02 2.688258886337280273e-02 2.180483564734458923e-02 1.056787185370922089e-02 7.433314342051744461e-03 1.017206814140081406e-02 4.176025744527578354e-03 2.957416884601116180e-02 3.644512966275215149e-02 2.637130394577980042e-02 2.142254821956157684e-02 4.009279236197471619e-02 1.369341043755412102e-03 3.783226013183593750e-02 2.717570401728153229e-02 1.126829627901315689e-02 3.501311317086219788e-02 1.795740984380245209e-02 3.170457109808921814e-02 1.283713243901729584e-02 3.200001269578933716e-02 4.563007131218910217e-02 5.125182867050170898e-02 1.019546985626220703e-01 7.479225844144821167e-02 2.884037606418132782e-02 1.757947355508804321e-02 3.795924410223960876e-02 1.837405748665332794e-02 1.665584184229373932e-02 2.140696719288825989e-02 2.189249172806739807e-02 2.944046072661876678e-02 3.004139289259910583e-02 4.166395869106054306e-03 3.865328803658485413e-02 3.589387983083724976e-02 1.271980162709951401e-02 3.001572098582983017e-03 3.913189843297004700e-02 3.193753585219383240e-02 7.390527427196502686e-02 7.449811697006225586e-02 3.508751094341278076e-02 5.537705030292272568e-03 8.280726149678230286e-03 1.649433560669422150e-02 2.865473181009292603e-02 9.642272256314754486e-03 1.229824591428041458e-02 2.551900036633014679e-02 1.996306702494621277e-02 1.872076280415058136e-02 5.984284449368715286e-03 2.126538753509521484e-02 1.128508592955768108e-03 4.244599863886833191e-02 1.192905940115451813e-02 2.792981266975402832e-02 8.798565715551376343e-03 2.018877677619457245e-02 3.666741773486137390e-02 1.218267716467380524e-02 1.687401533126831055e-02 3.675990737974643707e-04 9.695901535451412201e-03 1.994277350604534149e-02 5.986364185810089111e-02 2.831725170835852623e-03 3.594363108277320862e-02 6.646098569035530090e-03 3.500811010599136353e-02 9.914231486618518829e-03 9.423605515621602535e-04 1.885035634040832520e-02 2.974807843565940857e-02 1.074747834354639053e-02 3.797610104084014893e-02 2.121062390506267548e-02 2.493113512173295021e-03 7.508202106691896915e-04 4.700074717402458191e-02 4.227473959326744080e-02 2.027567848563194275e-02 3.690786659717559814e-02 3.030267730355262756e-02 5.675114691257476807e-02 4.269794002175331116e-02 2.493471279740333557e-02 5.144136492162942886e-03 3.111169300973415375e-02 3.988248109817504883e-02 2.530554682016372681e-02
1.832402944564819336e-01 5.247431397438049316e-01 1.939056813716888428e-02 6.749191321432590485e-03 3.141179680824279785e-02 9.478329867124557495e-02 1.015725135803222656e-01 4.886661842465400696e-02 2.704562805593013763e-02 1.858121249824762344e-03 1.487981528043746948e-01 1.835322193801403046e-02 1.641536355018615723e-01 1.070840656757354736e-02 2.970902249217033386e-02 4.326179623603820801e-02 3.159450367093086243e-02 1.055682078003883362e-02 2.727938443422317505e-02 3.494143858551979065e-02 2.943301759660243988e-02 3.140067914500832558e-03 3.311107307672500610e-02 1.564525254070758820e-02 3.249102458357810974e-02 3.516126424074172974e-02 8.064892608672380447e-04 4.208220168948173523e-02 1.598445326089859009e-02 4.001656919717788696e-02 1.049377862364053726e-02 3.672574833035469055e-02 3.869561851024627686e-02 1.011438085697591305e-03 1.086682360619306564e-02 2.956205513328313828e-03 2.949441224336624146e-02 4.423619434237480164e-02 3.701260779052972794e-03 3.924653306603431702e-02 6.175822578370571136e-03 3.765389695763587952e-02 3.494727658107876778e-03 2.877284772694110870e-02 9.922041557729244232e-03 6.398906558752059937e-02 1.163759231567382812e-01 1.050629988312721252e-01 2.445840090513229370e-02 5.752079188823699951e-03 4.423661157488822937e-02 2.459487877786159515e-03 7.897326722741127014e-03 1.484260428696870804e-02 2.149957604706287384e-02 3.058450482785701752e-02 3.584162518382072449e-02 1.736999116837978363e-02 3.703839331865310669e-02 2.784461714327335358e-02 2.636216394603252411e-02 1.945088990032672882e-02 2.522742934525012970e-02 1.880880258977413177e-02 7.017459720373153687e-02 8.751916885375976562e-02 2.547483146190643311e-02 1.199944317340850830e-02 2.777146175503730774e-02 1.673386804759502411e-02 1.087540388107299805e-02 2.815265394747257233e-02 3.154199942946434021e-02 3.679390531033277512e-03 2.979413606226444244e-02 2.149070240557193756e-02 5.648892838507890701e-03 4.139336757361888885e-03 1.615814119577407837e-02 4.499319568276405334e-02 6.035810220055282116e-04 4.220458492636680603e-02 6.466508843004703522e-03 2.232011407613754272e-02 1.568199880421161652e-02 7.452262099832296371e-03 4.459464922547340393e-02 1.904007606208324432e-02 2.049823664128780365e-02 3.226444125175476074e-02 6.916301697492599487e-02 1.407807786017656326e-02 5.712170526385307312e-02 1.237962394952774048e-02 1.775232516229152679e-02 7.847758941352367401e-03 2.175485156476497650e-02 2.077217400074005127e-02 3.675388917326927185e-02 1.574687287211418152e-02 2.727826312184333801e-02 3.492069663479924202e-03 1.834316179156303406e-02 3.099491819739341736e-02 2.344010584056377411e-02 1.600265502929687500e-02 3.023750334978103638e-02 1.251549087464809418e-02 3.406953439116477966e-02 4.818166047334671021e-02 3.524680435657501221e-02 9.054013527929782867e-03 1.829330436885356903e-02 2.556784078478813171e-02 1.175464969128370285e-02 3.135363012552261353e-02
1.335491077043116093e-03 1.939056813716888428e-02 4.524078369140625000e-01 4.653868265450000763e-03 4.958464950323104858e-02 3.953668754547834396e-03 1.400257088243961334e-02 5.584794282913208008e-02 2.807988598942756653e-02 2.425469271838665009e-02 4.194324370473623276e-03 6.788342259824275970e-03 1.989179477095603943e-02 1.576342619955539703e-02 2.005701698362827301e-02 2.333402633666992188e-02 4.388173576444387436e-03 1.552391145378351212e-02 1.842435635626316071e-02 3.310379758477210999e-02 1.629616320133209229e-02 2.543813735246658325e-02 4.029724001884460449e-02 3.554086014628410339e-02 9.259782731533050537e-03 1.697462983429431915e-02 1.083324849605560303e-02 8.945448324084281921e-03 4.213942959904670715e-02 3.061478398740291595e-02 4.012295603752136230e-02 2.416187664493918419e-03 3.964261338114738464e-02 2.965903282165527344e-02 1.985952444374561310e-02 4.786442965269088745e-03 4.998796805739402771e-02 3.428881987929344177e-02 2.145252935588359833e-02 9.073107503354549408e-03 7.575539406388998032e-03 1.724885404109954834e-02 1.358274254016578197e-03 4.498269036412239075e-02 3.345433250069618225e-02 8.707731030881404877e-03 1.160095725208520889e-02 9.866083972156047821e-03 4.713312722742557526e-03 2.594709582626819611e-02 3.997689858078956604e-02 3.731652349233627319e-02 1.314214779995381832e-03 1.559920702129602432e-02 7.654220797121524811e-03 2.096091955900192261e-02 4.510014131665229797e-02 4.543434828519821167e-02 1.583202369511127472e-02 3.476696833968162537e-02 2.914909087121486664e-02 3.703703731298446655e-02 1.664851419627666473e-02 1.459555607289075851e-02 2.545124385505914688e-03 3.830439969897270203e-02 1.225482206791639328e-02 4.738955758512020111e-03 7.185945287346839905e-03 7.905981503427028656e-03 2.418617717921733856e-02 3.306032717227935791e-02 4.128779098391532898e-02 8.131954818964004517e-03 3.262265026569366455e-02 2.974523231387138367e-02 4.395552724599838257e-02 1.385372877120971680e-02 2.338665537536144257e-02 2.624180726706981659e-02 1.090309768915176392e-01 8.166956901550292969e-02 4.333604872226715088e-02 3.843354061245918274e-02 3.395695611834526062e-02 5.652571562677621841e-03 4.309310764074325562e-02 4.014497250318527222e-02 9.638302959501743317e-03 2.102540247142314911e-02 2.117440290749073029e-02 3.290730342268943787e-02 3.070169314742088318e-02 1.668532006442546844e-02 6.882049608975648880e-03 2.572416560724377632e-03 4.311967641115188599e-02 3.947165608406066895e-02 1.823829486966133118e-02 1.497552078217267990e-02 7.155037485063076019e-03 2.972973696887493134e-02 1.780160330235958099e-02 2.099399082362651825e-02 1.996557973325252533e-02 1.609293557703495026e-02 4.074220545589923859e-03 2.037605270743370056e-02 1.818786002695560455e-02 2.364747039973735809e-02 5.064514465630054474e-03 6.941951066255569458e-02 1.592471636831760406e-02 2.536204643547534943e-02 1.635592989623546600e-02 4.162870720028877258e-02
1.993499882519245148e-02 6.749191321432590485e-03 4.653868265450000763e-03 4.771473109722137451e-01 1.592715680599212646e-01 2.231577783823013306e-02 4.253123479429632425e-04 4.691836610436439514e-02 4.517263919115066528e-02 2.285716123878955841e-02 1.690715365111827850e-02 1.155474572442471981e-03 3.036586195230484009e-02 2.593867294490337372e-02 2.776539698243141174e-02 1.485083159059286118e-02 3.416581824421882629e-02 3.244926407933235168e-02 4.306038096547126770e-02 3.499878197908401489e-02 4.346591606736183167e-02 2.743160724639892578e-02 4.334053397178649902e-02 3.182171145454049110e-03 4.438210651278495789e-02 3.961717709898948669e-02 5.001211538910865784e-03 1.478131860494613647e-02 3.327352926135063171e-02 1.372927054762840271e-02 3.276590630412101746e-02 3.020476177334785461e-02 4.367488995194435120e-02 7.982937619090080261e-03 3.840070590376853943e-02 1.980318687856197357e-03 2.757025510072708130e-02 2.537830732762813568e-03 1.812659651041030884e-01 1.466725617647171021e-01 1.282498612999916077e-02 3.584932535886764526e-02 7.462496869266033173e-03 9.061256796121597290e-02 5.325178802013397217e-02 3.000677563250064850e-02 2.606125548481941223e-02 1.900264620780944824e-02 1.075325720012187958e-02 4.239978734403848648e-03 4.271361231803894043e-02 4.466639831662178040e-03 8.452474139630794525e-03 8.660112507641315460e-03 4.222191870212554932e-02 3.036384284496307373e-02 3.997202147729694843e-04 2.085310639813542366e-03 1.091478206217288971e-02 2.504391409456729889e-02 1.074051484465599060e-02 5.304574500769376755e-03 4.034553468227386475e-02 4.472701996564865112e-02 4.286038130521774292e-02 4.189500957727432251e-02 4.738141782581806183e-03 1.428710483014583588e-02 2.023976854979991913e-02 1.593369175679981709e-03 1.293528918176889420e-02 2.718089893460273743e-02 1.425586342811584473e-01 2.843575738370418549e-02 9.274708479642868042e-02 4.506117478013038635e-02 2.362679317593574524e-02 2.870776690542697906e-02 1.167232636362314224e-02 4.948328435420989990e-02 2.387048676609992981e-02 7.060132455080747604e-03 8.384320139884948730e-02 7.612328231334686279e-02 8.977980352938175201e-03 3.639676421880722046e-02 1.105368696153163910e-02 1.541093643754720688e-02 1.703262329101562500e-02 5.111770331859588623e-02 3.701143199577927589e-03 1.641042158007621765e-02 3.062183596193790436e-02 9.594617411494255066e-03 2.875075489282608032e-02 3.459994867444038391e-02 3.401226364076137543e-03 1.838157512247562408e-02 1.640386879444122314e-02 7.115904707461595535e-03 4.323832318186759949e-02 1.974371448159217834e-02 2.325429348275065422e-03 4.268256947398185730e-02 4.643442854285240173e-02 3.924068063497543335e-02 9.885995648801326752e-03 9.585376083850860596e-02 2.848630957305431366e-02 2.136494964361190796e-02 8.962973370216786861e-04 1.510716043412685394e-02 6.422928418032824993e-04 1.918147690594196320e-02 8.773198351263999939e-03 1.763112656772136688e-02
3.777299821376800537e-02 3.141179680824279785e-02 4.958464950323104858e-02 1.592715680599212646e-01 4.701339006423950195e-01 3.054862655699253082e-02 4.425707273185253143e-03 8.451721630990505219e-03 3.585708886384963989e-02 3.695598244667053223e-02 1.330213993787765503e-02 2.566677331924438477e-02 2.477281913161277771e-02 1.057735178619623184e-02 5.203688051551580429e-03 1.326795388013124466e-02 3.468488901853561401e-02 3.555576875805854797e-02 8.481623977422714233e-02 1.600064919330179691e-03 5.475108977407217026e-03 3.699257597327232361e-02 7.629172876477241516e-03 9.576707147061824799e-03 1.425694581121206284e-02 1.569213345646858215e-02 2.566763758659362793e-02 3.893034998327493668e-03 6.463814061135053635e-04 1.031428854912519455e-02 2.373618260025978088e-02 2.913698786869645119e-03 9.144240058958530426e-03 1.112848892807960510e-02 1.997324079275131226e-02 5.257310718297958374e-02 2.928103506565093994e-02 2.264126902446150780e-03 9.171807765960693359e-02 9.217718243598937988e-02 1.639282703399658203e-02 1.211940869688987732e-02 3.017194196581840515e-02 7.567681837826967239e-03 4.590464755892753601e-03 4.892632830888032913e-03 1.514024683274328709e-03 5.983555689454078674e-03 6.269891280680894852e-03 5.001058429479598999e-02 3.577093780040740967e-02 3.691114112734794617e-02 2.741168998181819916e-02 3.711242973804473877e-02 4.881214350461959839e-02 3.322233632206916809e-02 5.349977687001228333e-02 3.633838146924972534e-02 2.626452781260013580e-02 3.361986950039863586e-02 3.007866814732551575e-02 1.047201687470078468e-03 4.715497419238090515e-02 3.992868214845657349e-02 2.932490594685077667e-02 1.942755281925201416e-02 3.122380375862121582e-02 3.577750548720359802e-02 4.543835669755935669e-02 8.455435745418071747e-03 1.895898766815662384e-02 7.148304954171180725e-03 1.294839568436145782e-02 3.583748266100883484e-02 9.374070167541503906e-02 1.239635795354843140e-02 1.556682214140892029e-02 5.193781852722167969e-02 1.427604933269321918e-03 1.770133897662162781e-02 1.366261579096317291e-02 1.372287661070004106e-04 2.383846091106534004e-03 1.268109381198883057e-01 7.912267930805683136e-03 2.588615193963050842e-02 1.201932691037654877e-02 2.019712701439857483e-02 2.936232276260852814e-02 9.795960038900375366e-03 9.643761441111564636e-03 2.606710419058799744e-02 3.676836937665939331e-02 1.118456944823265076e-02 2.863066643476486206e-02 4.794921725988388062e-02 2.796529419720172882e-02 1.534455735236406326e-02 1.623691804707050323e-02 5.000330042093992233e-03 1.122891623526811600e-02 2.221758104860782623e-02 2.699766494333744049e-02 2.857403084635734558e-02 4.043927788734436035e-02 3.224060684442520142e-02 2.682198397815227509e-02 1.264134701341390610e-02 2.011374011635780334e-02 2.075573243200778961e-02 1.120809279382228851e-02 4.840205609798431396e-02 1.595911383628845215e-02 2.271983772516250610e-02 4.982028529047966003e-02 3.069679252803325653e-03
1.181736290454864502e-01 9.478329867124557495e-02 3.953668754547834396e-03 2.231577783823013306e-02 3.054862655699253082e-02 5.171882510185241699e-01 1.766099929809570312e-01 3.401491045951843262e-02 3.290288522839546204e-02 4.575226828455924988e-02 1.005343720316886902e-01 9.641280770301818848e-02 1.018203422427177429e-01 9.920109808444976807e-02 4.751790314912796021e-02 2.211021445691585541e-02 1.548344641923904419e-02 3.340489417314529419e-02 5.031633656471967697e-03 1.280368305742740631e-02 1.284150965511798859e-02 2.269861847162246704e-02 1.859673671424388885e-02 1.973055489361286163e-02 2.097434364259243011e-02 4.490875452756881714e-02 3.557195886969566345e-02 5.734091624617576599e-02 1.354711130261421204e-02 5.325908958911895752e-02 1.377439126372337341e-02 8.404386229813098907e-03 3.402000665664672852e-02 1.768581941723823547e-02 1.764448732137680054e-02 5.677587818354368210e-03 2.177000232040882111e-02 1.269586849957704544e-03 5.609091836959123611e-03 3.562704659998416901e-03 1.870550028979778290e-02 1.196665037423372269e-02 1.859756559133529663e-02 1.457711122930049896e-02 5.189704522490501404e-02 4.793055355548858643e-02 1.289566904306411743e-01 1.003026813268661499e-01 3.218505904078483582e-02 3.775177896022796631e-02 5.204875022172927856e-02 7.358343899250030518e-02 2.331719588255509734e-05 2.393809519708156586e-02 2.922083623707294464e-02 1.402530539780855179e-02 2.101808600127696991e-02 4.682262614369392395e-02 1.772507466375827789e-02 7.145455572754144669e-03 4.973121732473373413e-02 2.509699016809463501e-02 1.167326513677835464e-02 4.648695699870586395e-03 4.195507615804672241e-02 4.193270951509475708e-02 1.036255434155464172e-02 4.556119441986083984e-02 9.386255405843257904e-03 1.077781990170478821e-02 1.805037260055541992e-02 1.855012774467468262e-02 4.416375979781150818e-02 6.238178350031375885e-03 3.591643273830413818e-02 4.220717400312423706e-02 3.495123237371444702e-02 3.856656700372695923e-02 1.394065655767917633e-02 6.462138146162033081e-03 1.191916316747665405e-02 2.708998136222362518e-02 1.455268543213605881e-02 1.623069681227207184e-02 1.441739965230226517e-02 3.371866792440414429e-02 4.711212217807769775e-02 2.483426034450531006e-02 4.368409514427185059e-03 2.219999954104423523e-02 3.116615302860736847e-02 1.252045482397079468e-02 2.521382458508014679e-02 3.445836901664733887e-02 2.899591438472270966e-02 4.111621819902211428e-04 1.531869545578956604e-02 3.512930497527122498e-02 9.794752113521099091e-03 1.109233871102333069e-02 3.698457777500152588e-02 4.535355418920516968e-02 1.118359062820672989e-02 1.162699889391660690e-02 1.004922576248645782e-02 3.958583809435367584e-03 2.225023321807384491e-02 1.389197725802659988e-02 3.367975354194641113e-02 1.127788610756397247e-02 2.175387553870677948e-02 3.558242321014404297e-02 1.559543889015913010e-02 1.453266106545925140e-02 2.155862934887409210e-02 3.008800372481346130e-02
8.308792859315872192e-02 1.015725135803222656e-01 1.400257088243961334e-02 4.253123479429632425e-04 4.425707273185253143e-03 1.766099929809570312e-01 5.024058222770690918e-01 4.150363802909851074e-02 1.584101840853691101e-02 1.451369188725948334e-02 8.349436521530151367e-02 7.262875139713287354e-02 9.757608920335769653e-02 7.367591559886932373e-02 4.073547199368476868e-02 2.293988130986690521e-02 2.079932391643524170e-02 3.466832637786865234e-02 1.961883157491683960e-02 5.024653510190546513e-04 2.555054798722267151e-02 1.644757762551307678e-02 1.455174759030342102e-02 4.461049288511276245e-02 2.894110977649688721e-02 4.163463413715362549e-02 2.721104025840759277e-02 5.049623176455497742e-02 1.139050815254449844e-02 2.860701829195022583e-02 2.799319103360176086e-02 4.733555950224399567e-03 2.517576143145561218e-02 1.322725694626569748e-02 8.777592331171035767e-03 1.128794532269239426e-02 8.253254927694797516e-03 2.412544190883636475e-02 1.941782422363758087e-03 2.520528621971607208e-03 1.309094950556755066e-02 3.873186558485031128e-02 5.076890066266059875e-02 1.854575425386428833e-02 5.530468747019767761e-02 2.281727641820907593e-02 1.252676844596862793e-01 1.256419420242309570e-01 1.145557966083288193e-02 3.769215568900108337e-02 4.964628070592880249e-02 6.728609651327133179e-02 1.538018696010112762e-03 4.402841255068778992e-02 1.673695631325244904e-02 1.492515485733747482e-02 1.304811984300613403e-02 6.705724634230136871e-03 3.373530507087707520e-02 3.058076649904251099e-02 2.540497854351997375e-02 3.142546117305755615e-02 1.759859174489974976e-02 1.228852197527885437e-02 2.895062603056430817e-02 2.853366173803806305e-02 2.131933579221367836e-03 2.200188301503658295e-02 2.275257185101509094e-02 3.440235182642936707e-02 2.984206564724445343e-02 3.645562008023262024e-02 2.862021094188094139e-03 1.235617976635694504e-02 1.765486598014831543e-02 4.153224453330039978e-02 4.605938494205474854e-02 4.445692151784896851e-02 3.979054093360900879e-02 3.622752800583839417e-02 1.924004964530467987e-02 1.898820511996746063e-02 4.643967375159263611e-03 2.904169633984565735e-02 1.679023914039134979e-02 1.207651104778051376e-02 4.162875935435295105e-02 3.774291276931762695e-02 3.889454901218414307e-02 2.897826395928859711e-02 5.057475995272397995e-03 1.017437316477298737e-02 3.842769423499703407e-03 3.396154195070266724e-02 2.297510020434856415e-02 2.781192772090435028e-02 2.376830391585826874e-02 3.576124832034111023e-02 2.998044341802597046e-02 2.728014439344406128e-02 4.124055430293083191e-02 3.484343737363815308e-02 8.149238303303718567e-03 7.888441323302686214e-04 2.075497247278690338e-02 1.771929301321506500e-02 2.967931702733039856e-02 1.836683973670005798e-02 2.539956383407115936e-02 1.506213098764419556e-02 1.648586243391036987e-02 6.184690631926059723e-03 4.392109438776969910e-02 1.256036572158336639e-02 4.165132716298103333e-02 1.363039598800241947e-03
2.119933813810348511e-02 4.886661842465400696e-02 5.584794282913208008e-02 4.691836610436439514e-02 8.451721630990505219e-03 3.401491045951843262e-02 4.150363802909851074e-02 4.884311556816101074e-01 4.448997322469949722e-03 3.595405817031860352e-02 2.151709515601396561e-03 2.280624769628047943e-02 1.118337735533714294e-02 3.564448282122612000e-02 3.672999516129493713e-02 4.321413580328226089e-03 6.820102222263813019e-03 1.296276133507490158e-02 2.170723676681518555e-02 3.102069487795233727e-03 4.104845225811004639e-03 3.140084818005561829e-02 3.671677783131599426e-02 4.402805119752883911e-02 2.117210067808628082e-02 2.438944997265934944e-03 9.390030987560749054e-03 4.199684038758277893e-02 8.206306025385856628e-03 2.223331667482852936e-02 1.682650763541460037e-03 4.589942749589681625e-03 6.631399504840373993e-03 2.525349520146846771e-02 4.750379547476768494e-02 1.281385961920022964e-02 1.897455938160419464e-02 4.818857461214065552e-02 1.365760061889886856e-02 1.469776127487421036e-02 3.079211525619029999e-02 4.679215326905250549e-02 5.355555191636085510e-02 2.024385333061218262e-02 4.734421148896217346e-02 7.610091473907232285e-03 3.427217528223991394e-02 3.328087553381919861e-02 3.429180011153221130e-02 2.563399495556950569e-03 1.705698110163211823e-02 6.411430891603231430e-03 4.455789178609848022e-02 5.248532816767692566e-02 3.995610773563385010e-02 1.273063383996486664e-02 1.000002399086952209e-02 1.594028249382972717e-02 1.890172995626926422e-02 1.874458976089954376e-02 2.341411262750625610e-02 3.961177077144384384e-03 2.231881953775882721e-02 4.610129818320274353e-02 8.006177376955747604e-04 1.574288494884967804e-02 5.018915049731731415e-03 2.089747413992881775e-02 2.422923222184181213e-02 1.695413142442703247e-02 3.674719855189323425e-02 1.136630959808826447e-02 1.378890825435519218e-03 6.130183115601539612e-03 3.546243533492088318e-02 2.770021790638566017e-03 5.358372349292039871e-03 1.676777936518192291e-02 2.825579605996608734e-02 2.428573928773403168e-02 1.202455237507820129e-01 9.898415207862854004e-02 3.995292820036411285e-03 2.480893209576606750e-02 3.787728399038314819e-02 4.659848287701606750e-02 6.217660382390022278e-02 3.986845538020133972e-02 2.931605465710163116e-02 3.701120615005493164e-02 8.640480227768421173e-03 2.806013077497482300e-02 1.985979266464710236e-02 4.198537208139896393e-03 2.783147059381008148e-02 5.853909999132156372e-03 6.632382981479167938e-03 2.471354790031909943e-02 5.057703331112861633e-02 4.924302548170089722e-02 1.693677157163619995e-02 5.776363424956798553e-03 2.482045628130435944e-02 6.909051910042762756e-03 2.353375405073165894e-02 5.271999165415763855e-02 1.705313473939895630e-02 1.645038649439811707e-02 2.970797708258032799e-03 2.866387367248535156e-02 6.829101592302322388e-03 4.601920396089553833e-02 4.617514461278915405e-02 3.266667574644088745e-02 5.361025407910346985e-02 6.247495301067829132e-03
2.425648644566535950e-02 2.704562805593013763e-02 2.807988598942756653e-02 4.517263919115066528e-02 3.585708886384963989e-02 3.290288522839546204e-02 1.584101840853691101e-02 4.448997322469949722e-03 4.942819774150848389e-01 7.690372318029403687e-02 2.607869543135166168e-02 3.058552742004394531e-02 4.154487699270248413e-02 2.129330672323703766e-02 2.844537422060966492e-02 2.775434870272874832e-03 7.719058543443679810e-03 6.764128059148788452e-02 1.671354635618627071e-03 4.626677371561527252e-03 1.537778507918119431e-02 1.011095661669969559e-02 3.754428774118423462e-02 2.260767482221126556e-02 7.059552241116762161e-03 6.100906059145927429e-03 4.237982630729675293e-02 5.539426114410161972e-03 1.958839595317840576e-02 1.208789832890033722e-02 7.296037394553422928e-03 5.236573051661252975e-03 3.356498666107654572e-03 3.423688933253288269e-02 4.282401502132415771e-02 1.178655028343200684e-02 3.134725242853164673e-02 1.935563748702406883e-03 3.560393676161766052e-02 3.803850710391998291e-02 1.630589365959167480e-02 5.453158169984817505e-02 1.738644391298294067e-02 2.506648190319538116e-03 1.072867028415203094e-02 2.800663374364376068e-02 3.223042190074920654e-02 3.012820519506931305e-02 3.608933836221694946e-02 4.030323121696710587e-03 9.046902880072593689e-03 3.594110254198312759e-03 1.685549691319465637e-02 3.438488766551017761e-02 4.399034008383750916e-02 7.792422547936439514e-03 4.179817158728837967e-03 2.853921242058277130e-02 2.644754014909267426e-02 2.701822109520435333e-02 1.052230689674615860e-02 5.461971741169691086e-03 4.108577966690063477e-02 4.547655209898948669e-02 2.973653003573417664e-02 3.862730041146278381e-02 2.814107574522495270e-02 1.543146744370460510e-02 5.887965112924575806e-02 3.458381816744804382e-02 5.867754667997360229e-02 2.921008877456188202e-02 3.446371108293533325e-02 2.130378596484661102e-02 2.463955990970134735e-02 7.281425409018993378e-03 1.102714836597442627e-01 6.805482506752014160e-02 6.338049471378326416e-02 2.668783301487565041e-03 1.298179756850004196e-02 1.281011849641799927e-02 2.078471705317497253e-02 1.319491397589445114e-02 1.076524145901203156e-03 1.026851357892155647e-03 4.684246703982353210e-02 4.798107966780662537e-02 5.136496946215629578e-02 2.371136844158172607e-02 2.241184003651142120e-02 3.738444298505783081e-02 1.590447314083576202e-02 2.667593769729137421e-02 1.194353401660919189e-02 2.421715110540390015e-02 3.933645039796829224e-02 7.701688911765813828e-03 4.762041568756103516e-02 4.279098287224769592e-02 3.934085369110107422e-03 4.006193205714225769e-02 3.709919983521103859e-03 2.044095471501350403e-02 3.893303498625755310e-02 2.371231280267238617e-02 3.026402182877063751e-02 3.246760740876197815e-02 2.974508702754974365e-02 2.790269069373607635e-02 1.298434659838676453e-02 2.519093081355094910e-02 1.827716268599033356e-02 1.253023650497198105e-02 2.311972156167030334e-02 1.803331263363361359e-02
2.846420928835868835e-02 1.858121249824762344e-03 2.425469271838665009e-02 2.285716123878955841e-02 3.695598244667053223e-02 4.575226828455924988e-02 1.451369188725948334e-02 3.595405817031860352e-02 7.690372318029403687e-02 4.919098913669586182e-01 3.606539964675903320e-02 3.577383235096931458e-02 6.364870816469192505e-03 2.711910568177700043e-02 7.091549196047708392e-05 1.686857454478740692e-02 5.111643671989440918e-02 1.542962156236171722e-02 7.685541361570358276e-02 6.541301030665636063e-03 2.342148683965206146e-02 3.429901227355003357e-02 3.538922965526580811e-02 7.121691852807998657e-02 2.659646049141883850e-02 5.617931485176086426e-03 3.258253261446952820e-02 6.199044175446033478e-03 6.545896176248788834e-03 1.398014370352029800e-02 7.568633183836936951e-03 1.158707402646541595e-02 3.634664416313171387e-02 3.101807320490479469e-03 5.181189998984336853e-02 1.438216399401426315e-02 1.550778653472661972e-02 2.158072218298912048e-02 3.268442675471305847e-02 3.694450482726097107e-02 3.886575996875762939e-02 8.384978398680686951e-03 1.341296266764402390e-02 3.360733389854431152e-02 5.423969030380249023e-02 5.215443298220634460e-02 1.099725905805826187e-02 1.728248409926891327e-02 1.914900727570056915e-02 2.647414430975914001e-02 1.208468060940504074e-02 5.085587967187166214e-03 4.937375709414482117e-02 7.612193468958139420e-03 1.196013391017913818e-02 4.490596055984497070e-02 4.218381643295288086e-02 7.490156684070825577e-03 4.525531083345413208e-02 4.183489456772804260e-02 2.400110103189945221e-02 3.312947694212198257e-03 1.939833164215087891e-02 4.233425483107566833e-02 1.118832081556320190e-02 2.558493521064519882e-03 3.299894928932189941e-02 3.077058494091033936e-02 2.183748595416545868e-02 3.529765829443931580e-02 8.431112021207809448e-02 4.008697718381881714e-02 2.141718938946723938e-02 1.047623343765735626e-02 4.996493086218833923e-02 3.543191403150558472e-02 1.651584543287754059e-02 1.345102638006210327e-01 2.984286658465862274e-02 8.391646295785903931e-02 3.312109410762786865e-02 2.426398545503616333e-02 1.469054631888866425e-02 7.121306657791137695e-02 9.030914865434169769e-03 5.932729318737983704e-02 1.622652448713779449e-02 1.795711368322372437e-02 3.322232514619827271e-04 5.405838787555694580e-02 1.638989150524139404e-02 2.723314054310321808e-02 3.581430017948150635e-02 5.261075496673583984e-02 9.246434085071086884e-03 1.188480760902166367e-02 2.702250890433788300e-02 1.729449070990085602e-02 1.536415657028555870e-03 1.868919841945171356e-02 2.182772010564804077e-02 1.682099327445030212e-02 2.476348169147968292e-02 1.300139538943767548e-02 2.778689935803413391e-02 1.640416681766510010e-02 3.252653405070304871e-02 3.916800953447818756e-03 1.167798973619937897e-02 9.192035067826509476e-04 1.804050058126449585e-02 1.305255480110645294e-02 1.420975103974342346e-02 1.893229410052299500e-02 1.880472712218761444e-02 2.014173381030559540e-02
1.616034954786300659e-01 1.487981528043746948e-01 4.194324370473623276e-03 1.690715365111827850e-02 1.330213993787765503e-02 1.005343720316886902e-01 8.349436521530151367e-02 2.151709515601396561e-03 2.607869543135166168e-02 3.606539964675903320e-02 5.228164196014404297e-01 7.688138168305158615e-03 1.477055698633193970e-01 1.362969353795051575e-02 2.109324745833873749e-02 1.372135151177644730e-02 2.383859269320964813e-02 2.391719631850719452e-02 2.277788147330284119e-02 1.002139039337635040e-02 2.453092671930789948e-02 1.698684878647327423e-02 2.779837138950824738e-02 3.950437158346176147e-02 2.086124755442142487e-02 2.037517726421356201e-02 4.024115856736898422e-03 2.556817047297954559e-02 3.154474496841430664e-02 3.478708863258361816e-02 1.816579140722751617e-02 2.149830386042594910e-02 1.515937410295009613e-02 3.643745556473731995e-02 3.131632879376411438e-02 7.379462011158466339e-03 3.548867255449295044e-02 2.252272702753543854e-02 3.412695135921239853e-03 4.826603457331657410e-03 3.554093465209007263e-02 2.308132499456405640e-02 1.127169281244277954e-02 2.827760577201843262e-02 5.148156359791755676e-02 5.700570717453956604e-02 9.809970855712890625e-02 7.595334947109222412e-02 3.182457759976387024e-02 3.604348748922348022e-02 5.215639993548393250e-02 1.760761253535747528e-02 2.600739523768424988e-02 4.181616008281707764e-02 2.641564048826694489e-02 1.653858833014965057e-02 3.953474760055541992e-02 1.343399938195943832e-02 3.471060469746589661e-02 5.378030613064765930e-02 1.013393886387348175e-02 1.469260663725435734e-03 3.561805561184883118e-02 4.088984429836273193e-02 8.443485945463180542e-02 7.663432508707046509e-02 3.640212863683700562e-02 1.086626853793859482e-02 1.163572887890040874e-03 1.649673283100128174e-02 3.430153429508209229e-02 3.030477964784950018e-04 2.833057381212711334e-02 3.608018904924392700e-02 2.925125882029533386e-02 3.316563367843627930e-02 1.303301285952329636e-02 1.035417616367340088e-02 3.112284233793616295e-03 1.506170444190502167e-02 4.579593241214752197e-02 3.419308224692940712e-03 1.357224024832248688e-02 1.406225934624671936e-02 3.500868752598762512e-02 1.781498640775680542e-02 2.335115894675254822e-02 2.863863669335842133e-02 2.532552368938922882e-02 4.084247723221778870e-02 5.552707612514495850e-02 4.032816737890243530e-02 1.856468617916107178e-02 1.556634902954101562e-02 4.107173532247543335e-02 3.104882314801216125e-03 2.250584773719310760e-02 3.714476525783538818e-02 3.194712102413177490e-02 1.204282697290182114e-02 3.429604321718215942e-02 4.223201796412467957e-02 2.467546984553337097e-02 4.251370951533317566e-02 2.548933960497379303e-02 2.330171130597591400e-02 1.401980035006999969e-02 4.494298249483108521e-02 3.219616040587425232e-02 5.323857441544532776e-02 2.877113595604896545e-02 4.866165574640035629e-03 2.740397583693265915e-03 2.685319818556308746e-02 3.048440068960189819e-02 3.774567041546106339e-03
2.316517196595668793e-02 1.835322193801403046e-02 6.788342259824275970e-03 1.155474572442471981e-03 2.566677331924438477e-02 9.641280770301818848e-02 7.262875139713287354e-02 2.280624769628047943e-02 3.058552742004394531e-02 3.577383235096931458e-02 7.688138168305158615e-03 4.958336055278778076e-01 2.199493534862995148e-02 2.498463541269302368e-01 2.166262827813625336e-02 1.786825247108936310e-02 2.063043601810932159e-02 2.191124297678470612e-02 3.983806446194648743e-02 3.229540959000587463e-02 6.503887707367539406e-04 9.543931111693382263e-03 7.590213418006896973e-02 5.259243026375770569e-02 6.484122015535831451e-03 2.171133272349834442e-02 7.593843620270490646e-03 1.460915803909301758e-01 2.990501560270786285e-02 1.602225899696350098e-01 1.880078576505184174e-02 2.420265041291713715e-02 3.839809074997901917e-02 4.408240690827369690e-02 9.222225286066532135e-03 1.040193485096096992e-03 3.078139573335647583e-02 5.238736420869827271e-02 3.811460733413696289e-02 2.923297323286533356e-02 2.524534985423088074e-02 3.329519182443618774e-02 4.283831641077995300e-02 4.154714196920394897e-02 2.970341034233570099e-02 1.875256560742855072e-02 1.318498514592647552e-03 3.839116310700774193e-03 5.251764133572578430e-02 3.458993881940841675e-02 4.645198583602905273e-02 2.371938526630401611e-02 5.043114069849252701e-03 3.613059967756271362e-02 3.053387999534606934e-02 1.844285987317562103e-02 2.376696839928627014e-02 5.970755591988563538e-03 6.653016898781061172e-03 3.558704629540443420e-02 3.713284432888031006e-02 2.893589437007904053e-02 1.856357231736183167e-02 1.932817324995994568e-02 2.240240201354026794e-02 3.551335632801055908e-02 1.437585614621639252e-02 2.583978325128555298e-02 3.257855027914047241e-02 3.729164600372314453e-02 4.926816374063491821e-02 4.555561766028404236e-02 1.463282108306884766e-02 2.435967139899730682e-02 2.044351585209369659e-02 3.238932415843009949e-02 3.600211441516876221e-02 5.333401262760162354e-02 2.145567908883094788e-02 4.018009081482887268e-02 2.596496604382991791e-03 5.452379584312438965e-03 2.662485465407371521e-02 3.847123682498931885e-02 1.073167100548744202e-02 9.093357250094413757e-03 3.622183576226234436e-02 4.319657757878303528e-02 9.675943851470947266e-02 7.592646032571792603e-02 1.925849914550781250e-02 3.086983412504196167e-02 4.432546347379684448e-02 1.527072396129369736e-02 1.805942691862583160e-02 1.703395508229732513e-03 1.685605384409427643e-02 4.096195474267005920e-02 1.635927706956863403e-02 3.923304378986358643e-02 2.492777071893215179e-02 2.799671888351440430e-02 1.195826102048158646e-02 3.073613345623016357e-02 5.157252307981252670e-03 1.067001372575759888e-02 3.543538227677345276e-02 9.656159207224845886e-03 3.207742422819137573e-02 1.476163696497678757e-02 1.750491186976432800e-02 3.332086279988288879e-02 4.753572121262550354e-02 3.309578076004981995e-02 1.904340274631977081e-02 2.615357190370559692e-02
1.453658789396286011e-01 1.641536355018615723e-01 1.989179477095603943e-02 3.036586195230484009e-02 2.477281913161277771e-02 1.018203422427177429e-01 9.757608920335769653e-02 1.118337735533714294e-02 4.154487699270248413e-02 6.364870816469192505e-03 1.477055698633193970e-01 2.199493534862995148e-02 5.354584455490112305e-01 6.152838002890348434e-03 7.825029082596302032e-03 2.475583925843238831e-02 2.484967745840549469e-02 1.209194539114832878e-03 3.364026173949241638e-02 1.251491438597440720e-02 1.771439239382743835e-02 6.014164537191390991e-03 2.702866308391094208e-02 4.232046753168106079e-02 1.617955975234508514e-02 3.625544905662536621e-02 1.216775970533490181e-03 2.451315149664878845e-02 2.800892479717731476e-02 3.152943775057792664e-02 1.758729107677936554e-02 1.901391707360744476e-02 1.775415614247322083e-02 3.777661547064781189e-02 3.617933019995689392e-02 1.041681272909045219e-03 2.827377244830131531e-02 3.683274239301681519e-02 4.588482901453971863e-03 1.693628169596195221e-02 2.344176545739173889e-02 3.296949341893196106e-02 1.179252984002232552e-03 2.907184697687625885e-02 2.127725072205066681e-02 4.429287090897560120e-02 1.122363358736038208e-01 9.880064427852630615e-02 2.538576163351535797e-02 2.708407677710056305e-02 3.232873976230621338e-02 1.420642063021659851e-02 2.751711942255496979e-02 3.579851984977722168e-02 2.186574414372444153e-02 2.612574025988578796e-02 4.369946941733360291e-02 2.158097550272941589e-02 3.801530972123146057e-02 4.286069050431251526e-02 4.414742346853017807e-03 7.170148193836212158e-03 3.184581175446510315e-02 4.316800832748413086e-02 8.272146433591842651e-02 1.020043715834617615e-01 2.626787871122360229e-02 2.718068473041057587e-02 2.942596795037388802e-03 7.290445268154144287e-03 3.760362789034843445e-02 1.899621449410915375e-02 2.653283998370170593e-02 3.553009405732154846e-02 3.535773977637290955e-02 5.065522622317075729e-03 1.926552690565586090e-02 1.732480898499488831e-02 1.809621602296829224e-02 2.785086818039417267e-02 4.798638820648193359e-02 8.893571794033050537e-03 1.506480015814304352e-02 1.089715212583541870e-02 3.814281895756721497e-02 2.424461767077445984e-03 2.703784732148051262e-03 2.214807085692882538e-02 2.798256650567054749e-02 3.223521634936332703e-02 5.887820944190025330e-02 1.665882766246795654e-02 4.754819348454475403e-02 3.417085111141204834e-02 3.789811208844184875e-02 1.180744357407093048e-02 1.494571939110755920e-02 1.747071370482444763e-02 3.450077027082443237e-02 9.634901769459247589e-03 3.978517651557922363e-02 3.382163122296333313e-02 1.011267770081758499e-02 2.317384816706180573e-02 4.696347936987876892e-02 4.815840721130371094e-02 3.015400096774101257e-02 2.689711563289165497e-02 2.255249582231044769e-02 4.073620960116386414e-02 3.450161963701248169e-02 1.987655647099018097e-02 2.051827125251293182e-02 1.791474223136901855e-02 1.546210236847400665e-02 7.617067545652389526e-03
