5.212719440460205078e-01 1.239815056324005127e-01 4.887596145272254944e-02 8.815271779894828796e-03 7.851245813071727753e-03 1.175361052155494690e-01 1.171616911888122559e-01 4.892701283097267151e-02 4.096775874495506287e-02 2.083767438307404518e-03 1.216963082551956177e-01 1.889412105083465576e-02 9.389979392290115356e-02 4.336867108941078186e-02 1.042669638991355896e-02 3.981834277510643005e-02 2.768682129681110382e-02 1.613680459558963776e-02 2.513256482779979706e-02 1.114776358008384705e-02 1.359375752508640289e-02 4.688139632344245911e-02 4.156931862235069275e-02 3.675255551934242249e-02 4.048062115907669067e-02 1.317159458994865417e-02 1.691982522606849670e-02 2.953922189772129059e-02 3.672409104183316231e-03 5.567557737231254578e-02 1.890311017632484436e-02 3.851912543177604675e-02 3.852796554565429688e-02 3.117801807820796967e-02 1.388961914926767349e-02 9.045917540788650513e-03 1.317297946661710739e-02 4.551534354686737061e-02 1.964729651808738708e-02 5.716240033507347107e-03 2.502976916730403900e-02 9.744111448526382446e-03 3.961443156003952026e-02 2.508571557700634003e-02 1.896603778004646301e-02 7.272426970303058624e-03 1.067719459533691406e-01 6.814791262149810791e-02 3.991445526480674744e-02 1.226647756993770599e-02 1.566384918987751007e-02 2.391240745782852173e-02 1.678603887557983398e-02 4.575450345873832703e-02 1.826470345258712769e-02 6.104461848735809326e-03 3.446834534406661987e-02 1.515407953411340714e-02 1.097289007157087326e-02 5.190027877688407898e-03 9.156392887234687805e-03 1.900377124547958374e-02 9.497060440480709076e-03 2.766457758843898773e-02 9.944491833448410034e-02 3.302790969610214233e-02 4.296726733446121216e-02 4.187833517789840698e-02 9.290464222431182861e-03 8.774802088737487793e-03 1.019952446222305298e-02 6.965281208977103233e-04 4.541849344968795776e-02 3.269907832145690918e-02 4.556834325194358826e-02 2.157413773238658905e-02 3.303677588701248169e-02 9.055684320628643036e-03 1.376267336308956146e-02 3.191790729761123657e-02 1.498065702617168427e-02 4.881965368986129761e-02 2.338536642491817474e-02 9.712290018796920776e-03 3.139525279402732849e-02 3.644452989101409912e-02 5.017719045281410217e-02 1.600520871579647064e-02 5.160294845700263977e-02 9.278055513277649879e-04 6.629047542810440063e-02 3.614252060651779175e-02 2.807153016328811646e-02 8.845883421599864960e-03 3.544415114447474480e-03 1.627967506647109985e-02 3.547077998518943787e-02 3.633676469326019287e-02 1.219660392962396145e-03 1.451057381927967072e-02 3.553838655352592468e-02 3.099297732114791870e-02 2.828876115381717682e-02 1.725434511899948120e-02 3.066463023424148560e-02 4.703586921095848083e-02 1.166290044784545898e-02 7.905912934802472591e-04 2.826953679323196411e-02 2.089022286236286163e-02 3.480547806248068810e-03 7.429425138980150223e-03 3.724386170506477356e-02 3.887540102005004883e-02 6.561873108148574829e-02 3.040838986635208130e-02
1.239815056324005127e-01 5.175441503524780273e-01 4.289470240473747253e-02 2.494165487587451935e-02 1.561104040592908859e-02 9.936790913343429565e-02 1.243820339441299438e-01 5.224601179361343384e-02 1.411133259534835815e-02 1.504571083933115005e-02 9.356985986232757568e-02 1.382515300065279007e-02 9.502041339874267578e-02 2.130254171788692474e-02 5.809355643577873707e-04 3.617323562502861023e-02 3.563676401972770691e-02 2.352139726281166077e-02 2.367372997105121613e-02 8.607847616076469421e-03 1.049594837240874767e-03 3.719725832343101501e-02 3.376945853233337402e-02 1.473159156739711761e-02 4.844580218195915222e-02 1.103982329368591309e-02 4.470508138183504343e-04 5.386369302868843079e-02 8.623675443232059479e-03 5.740508064627647400e-02 2.820917405188083649e-02 3.819086030125617981e-02 2.612926810979843140e-02 3.781818598508834839e-02 1.732411608099937439e-02 2.740699052810668945e-02 1.584754697978496552e-02 2.914422936737537384e-02 6.013809237629175186e-03 1.919114217162132263e-02 4.116745293140411377e-02 3.118049819022417068e-03 3.382261376827955246e-03 4.572118446230888367e-02 3.636291250586509705e-02 6.699346005916595459e-03 9.178202599287033081e-02 7.408907264471054077e-02 3.678765892982482910e-02 3.184402128681540489e-03 2.998741157352924347e-02 3.349535912275314331e-02 3.614763170480728149e-02 3.852245584130287170e-02 3.601554036140441895e-02 9.906177874654531479e-04 2.656853385269641876e-02 2.522586099803447723e-02 4.412341862916946411e-03 3.869951236993074417e-03 9.029398672282695770e-03 1.695419102907180786e-02 1.399831008166074753e-02 2.545736730098724365e-02 7.848706841468811035e-02 2.568078786134719849e-02 4.810506477952003479e-02 3.723550215363502502e-02 1.240800321102142334e-02 7.138556335121393204e-03 4.680078942328691483e-03 1.626186276553198695e-04 3.950869198888540268e-03 4.976570140570402145e-03 5.958094727247953415e-03 1.313001196831464767e-02 4.924666136503219604e-02 2.774272300302982330e-02 4.832018911838531494e-02 1.725915260612964630e-02 3.029500506818294525e-02 3.118853084743022919e-02 2.313672751188278198e-02 1.362592354416847229e-02 3.126784414052963257e-02 3.753048181533813477e-02 3.562026843428611755e-02 2.438966929912567139e-02 5.286633968353271484e-02 1.905918703414499760e-03 5.470278114080429077e-02 4.946381226181983948e-02 6.065408699214458466e-03 1.277099736034870148e-02 2.635988872498273849e-03 1.474757865071296692e-02 3.204500675201416016e-02 3.725960105657577515e-02 6.373994983732700348e-03 2.448456175625324249e-02 4.536797106266021729e-02 4.783907905220985413e-02 3.648266941308975220e-02 4.170968662947416306e-03 3.866742923855781555e-02 5.183244496583938599e-02 3.847076371312141418e-02 6.301519926637411118e-03 3.400839166715741158e-03 1.372271776199340820e-02 6.125106010586023331e-03 5.681687500327825546e-03 3.030978329479694366e-02 2.334808371961116791e-02 3.439120948314666748e-02 3.398468717932701111e-02
4.887596145272254944e-02 4.289470240473747253e-02 4.886005818843841553e-01 7.094776257872581482e-03 3.111583553254604340e-02 4.522888734936714172e-02 1.605849154293537140e-02 6.808733195066452026e-02 3.564718365669250488e-02 2.446252293884754181e-02 1.024859584867954254e-02 5.576270166784524918e-03 1.459926087409257889e-02 8.838874287903308868e-03 4.740330576896667480e-02 9.836873505264520645e-04 3.670882061123847961e-02 1.197845791466534138e-03 1.894695870578289032e-02 3.229819610714912415e-02 4.334751144051551819e-02 2.990171499550342560e-02 2.398822642862796783e-02 7.918893359601497650e-03 1.484855916351079941e-02 4.702531918883323669e-02 2.156723663210868835e-02 1.324822660535573959e-04 3.282066807150840759e-02 4.056100174784660339e-02 4.022146761417388916e-02 3.085143119096755981e-02 6.104205269366502762e-03 2.009004913270473480e-02 3.817438846454024315e-03 2.880903519690036774e-02 4.408929124474525452e-02 2.759550511837005615e-02 3.906815312802791595e-03 1.954019069671630859e-02 1.353538408875465393e-02 4.954890348017215729e-03 3.280499950051307678e-02 1.438781153410673141e-02 4.060136899352073669e-02 1.050807349383831024e-02 5.323730409145355225e-03 8.848921395838260651e-03 1.088538486510515213e-02 8.488841704092919827e-04 3.283082693815231323e-02 3.117851912975311279e-02 9.803590364754199982e-03 3.420519456267356873e-02 3.454762743785977364e-03 1.906345016323029995e-03 5.494661629199981689e-03 1.974521437659859657e-03 3.883215039968490601e-02 1.296111196279525757e-02 4.998799785971641541e-02 2.704438939690589905e-02 4.353199154138565063e-02 3.438451141119003296e-02 1.979638449847698212e-02 2.536733634769916534e-02 3.909511491656303406e-03 2.574460394680500031e-02 4.539376497268676758e-02 3.934403881430625916e-02 3.176488680765032768e-03 8.285024203360080719e-03 2.500407397747039795e-02 9.564967826008796692e-03 2.703948691487312317e-02 2.678528986871242523e-02 3.435868769884109497e-02 3.409595414996147156e-02 6.194223649799823761e-03 6.387808825820684433e-03 2.562764659523963928e-02 6.567672640085220337e-02 1.059622317552566528e-02 1.446991413831710815e-02 7.509173359721899033e-03 3.960540052503347397e-03 3.099255822598934174e-02 9.621156379580497742e-03 2.939143963158130646e-02 2.378877438604831696e-02 6.826921366155147552e-03 1.980835013091564178e-02 1.446051802486181259e-02 2.386903576552867889e-02 3.509179130196571350e-02 2.389105735346674919e-03 6.385305430740118027e-03 3.661427274346351624e-02 2.152556739747524261e-02 6.103947013616561890e-02 2.068142173811793327e-03 3.193370997905731201e-02 1.141618378460407257e-02 7.617764640599489212e-03 3.425023052841424942e-03 2.459781244397163391e-02 2.933357842266559601e-02 2.845622412860393524e-02 1.884482987225055695e-02 1.358330436050891876e-02 5.579780321568250656e-03 8.994911797344684601e-03 4.681393969804048538e-03 2.059994079172611237e-02 1.574674434959888458e-02 2.177130430936813354e-02
8.815271779894828796e-03 2.494165487587451935e-02 7.094776257872581482e-03 5.025146007537841797e-01 1.275922805070877075e-01 9.746388532221317291e-03 1.860561594367027283e-02 7.905642502009868622e-03 3.527682973071932793e-03 8.110287599265575409e-03 4.373275488615036011e-02 2.857263432815670967e-03 4.786177724599838257e-02 2.604208514094352722e-02 2.461961284279823303e-02 4.324409365653991699e-02 1.741400547325611115e-02 1.048421207815408707e-02 3.828060626983642578e-02 8.239569142460823059e-03 1.157415332272648811e-03 1.370086893439292908e-02 1.624639704823493958e-02 1.467223837971687317e-02 4.807999730110168457e-02 2.044154331088066101e-02 3.030897118151187897e-02 2.026619948446750641e-02 1.439089979976415634e-02 4.780668392777442932e-02 3.354785591363906860e-02 4.963796958327293396e-02 2.428762242197990417e-02 2.962601371109485626e-02 1.575196627527475357e-03 4.966266453266143799e-02 5.150384455919265747e-02 3.595306351780891418e-02 5.398397520184516907e-02 3.388651460409164429e-02 1.445866655558347702e-02 4.282793030142784119e-02 4.389307461678981781e-03 3.027568198740482330e-02 2.775955386459827423e-02 7.782292086631059647e-03 4.535879939794540405e-02 3.668817132711410522e-02 1.653892733156681061e-02 4.606115818023681641e-02 3.358737379312515259e-02 4.047204181551933289e-02 2.101100981235504150e-02 1.502744946628808975e-02 5.373971909284591675e-02 4.451079666614532471e-02 1.331945043057203293e-02 9.481051005423069000e-03 2.811881154775619507e-02 1.794402021914720535e-03 4.655125364661216736e-02 4.124037548899650574e-02 4.383706673979759216e-02 7.160329259932041168e-03 4.737659916281700134e-02 8.937695063650608063e-03 3.919951245188713074e-02 8.115281350910663605e-03 8.252905681729316711e-03 2.762448415160179138e-02 5.985859781503677368e-03 3.663595020771026611e-02 1.345409005880355835e-01 2.489732578396797180e-02 1.049472242593765259e-01 4.575905576348304749e-02 4.117492586374282837e-02 2.774142893031239510e-03 2.635771781206130981e-02 2.915608510375022888e-02 3.021139465272426605e-02 3.147811442613601685e-02 1.418834626674652100e-01 9.482190012931823730e-02 1.079224608838558197e-02 1.170116360299289227e-03 2.322164922952651978e-02 2.055390924215316772e-02 1.046413090080022812e-02 2.826932584866881371e-03 2.864361926913261414e-02 1.528758648782968521e-02 9.724013507366180420e-03 1.872600801289081573e-02 1.592621440067887306e-03 1.573641039431095123e-02 3.052227897569537163e-03 1.757113076746463776e-02 2.956498973071575165e-02 2.098071947693824768e-02 3.304557874798774719e-02 4.502337798476219177e-02 4.030080139636993408e-02 4.647323116660118103e-02 3.956259693950414658e-03 1.934168487787246704e-02 1.504719257354736328e-02 1.319263782352209091e-02 4.451398551464080811e-02 1.067600399255752563e-02 1.167042995803058147e-03 6.733524613082408905e-03 2.428478933870792389e-02 8.260850794613361359e-03 2.961075492203235626e-02 2.982684783637523651e-02
7.851245813071727753e-03 1.561104040592908859e-02 3.111583553254604340e-02 1.275922805070877075e-01 5.099302530288696289e-01 8.129460737109184265e-03 1.886245608329772949e-02 1.787437684834003448e-02 4.186971113085746765e-02 1.213620882481336594e-03 4.954146966338157654e-02 2.938419766724109650e-02 2.093917690217494965e-02 3.995009232312440872e-03 3.544387966394424438e-02 2.062864601612091064e-03 3.988710045814514160e-02 5.190864205360412598e-02 5.339223891496658325e-03 1.013716030865907669e-02 1.580236107110977173e-02 2.400029450654983521e-02 2.370608784258365631e-02 4.615169018507003784e-02 4.006670415401458740e-02 1.135292742401361465e-02 5.612903740257024765e-03 2.532968111336231232e-02 1.705300249159336090e-02 2.580635808408260345e-02 1.286651822738349438e-04 2.120577171444892883e-02 3.804506734013557434e-02 3.797702491283416748e-02 2.529027312994003296e-02 4.189139604568481445e-02 1.127109676599502563e-02 1.623752899467945099e-02 8.764628320932388306e-02 5.850930511951446533e-02 3.415560815483331680e-03 4.527658969163894653e-02 4.746936261653900146e-02 2.545357914641499519e-03 2.601762861013412476e-02 1.516663562506437302e-02 4.757796227931976318e-02 4.831384122371673584e-02 2.602960169315338135e-02 3.262616693973541260e-02 4.078995063900947571e-02 3.689049929380416870e-02 1.349239901173859835e-04 1.028120890259742737e-02 1.734400540590286255e-02 5.049441754817962646e-02 3.624205291271209717e-02 3.561192005872726440e-02 5.487739667296409607e-02 1.543727848911657929e-04 1.064236462116241455e-02 4.267438128590583801e-02 6.753000617027282715e-02 5.026524513959884644e-02 3.161982446908950806e-02 2.949231490492820740e-02 3.814357146620750427e-02 2.154864929616451263e-02 4.249488189816474915e-02 2.152964472770690918e-03 2.036761678755283356e-02 4.614963755011558533e-02 7.084140181541442871e-02 1.699905656278133392e-02 9.696370363235473633e-02 3.939832001924514771e-02 1.962120458483695984e-02 1.447124220430850983e-02 3.810649365186691284e-02 2.090531960129737854e-02 4.831305891275405884e-02 4.956762865185737610e-02 1.075825020670890808e-01 1.097737550735473633e-01 1.943602412939071655e-02 2.836486510932445526e-02 1.872647926211357117e-02 9.179761400446295738e-04 5.006580799818038940e-02 1.717992126941680908e-02 4.050432145595550537e-02 3.925514593720436096e-02 3.398421779274940491e-02 2.581011736765503883e-03 2.910341136157512665e-02 4.241590946912765503e-02 3.131684381514787674e-03 5.817550420761108398e-02 1.033465005457401276e-02 1.153727644123136997e-03 3.951022401452064514e-02 4.975780472159385681e-02 4.412873461842536926e-02 6.169932428747415543e-03 4.150078073143959045e-02 2.107061631977558136e-02 3.970552980899810791e-02 4.158588126301765442e-02 3.628855198621749878e-02 3.034844435751438141e-02 1.978187123313546181e-03 2.423627488315105438e-02 3.328963741660118103e-02 1.423139311373233795e-02 3.490272909402847290e-02 7.541352510452270508e-02
1.175361052155494690e-01 9.936790913343429565e-02 4.522888734936714172e-02 9.746388532221317291e-03 8.129460737109184265e-03 5.139909982681274414e-01 1.337473839521408081e-01 3.548419475555419922e-02 5.481046065688133240e-02 1.452706870622932911e-03 1.034094318747520447e-01 4.818403720855712891e-02 5.134734883904457092e-02 2.493303082883358002e-02 2.721108868718147278e-02 3.321556374430656433e-02 2.699701488018035889e-02 9.817481040954589844e-04 9.300913661718368530e-03 1.214089617133140564e-02 4.357574973255395889e-03 4.022878408432006836e-02 1.736299507319927216e-02 3.072663396596908569e-02 7.993498817086219788e-03 5.196929350495338440e-02 8.278546854853630066e-03 4.121792316436767578e-02 6.119964178651571274e-03 4.681858047842979431e-02 1.384448446333408356e-02 3.059666417539119720e-02 1.920692622661590576e-02 5.114412307739257812e-02 5.274199321866035461e-02 4.166450351476669312e-03 1.717103086411952972e-02 3.948633745312690735e-02 1.621569134294986725e-02 3.629625961184501648e-02 5.452457815408706665e-03 2.490472747012972832e-03 3.501418605446815491e-02 1.238890923559665680e-02 1.495832949876785278e-02 3.343857452273368835e-02 1.065927073359489441e-01 7.596732676029205322e-02 5.431150645017623901e-02 2.776181790977716446e-04 2.536731539294123650e-03 9.460104629397392273e-03 1.822971552610397339e-02 3.771055117249488831e-02 5.324954539537429810e-02 2.826584316790103912e-02 3.508571162819862366e-02 1.309656165540218353e-02 1.850600913166999817e-02 1.063466770574450493e-03 1.967019401490688324e-02 1.277471706271171570e-02 5.236877128481864929e-03 1.400083652697503567e-03 3.876851126551628113e-02 1.838726690039038658e-03 2.631320245563983917e-02 1.786775514483451843e-02 9.330623433925211430e-04 3.865136951208114624e-02 1.704244129359722137e-02 3.890521451830863953e-02 4.414864256978034973e-02 5.994636565446853638e-03 2.761576883494853973e-02 1.087689306586980820e-03 1.947056874632835388e-02 2.030166052281856537e-02 3.201179578900337219e-02 4.680058360099792480e-02 2.232749015092849731e-02 4.506160318851470947e-02 2.252035401761531830e-02 2.063974738121032715e-02 1.946825347840785980e-02 1.304961927235126495e-02 4.497666656970977783e-02 3.135803388431668282e-03 1.822791621088981628e-02 1.085398835130035877e-03 4.611983150243759155e-02 8.459215983748435974e-03 5.300053581595420837e-02 5.133117735385894775e-02 2.326354198157787323e-02 1.754411123692989349e-02 5.178511887788772583e-02 1.536125782877206802e-02 2.251424267888069153e-02 3.077434189617633820e-02 2.626017853617668152e-02 3.275283798575401306e-02 4.809182602912187576e-03 2.367415698245167732e-03 2.953965030610561371e-02 3.432149812579154968e-02 9.057017043232917786e-03 1.395144686102867126e-02 4.372866451740264893e-02 3.295233845710754395e-02 3.106393665075302124e-02 4.261413961648941040e-02 3.828391805291175842e-02 4.086953401565551758e-02 5.537786986678838730e-03 2.983763255178928375e-02
1.171616911888122559e-01 1.243820339441299438e-01 1.605849154293537140e-02 1.860561594367027283e-02 1.886245608329772949e-02 1.337473839521408081e-01 5.183226466178894043e-01 2.846617810428142548e-02 1.146948896348476410e-02 4.398733749985694885e-02 1.283743828535079956e-01 1.983695104718208313e-02 1.213570907711982727e-01 1.368850562721490860e-02 2.541241981089115143e-02 1.288175489753484726e-02 9.413372608833014965e-04 4.206280037760734558e-02 2.906992472708225250e-02 3.969597071409225464e-02 2.715815417468547821e-02 5.322086066007614136e-02 2.898745611310005188e-02 2.996466308832168579e-02 1.933472114615142345e-03 3.263353183865547180e-02 2.697582542896270752e-02 4.886269941926002502e-02 2.591923438012599945e-02 3.445714339613914490e-02 7.058949209749698639e-03 4.272916819900274277e-03 2.348753064870834351e-02 2.321002259850502014e-02 4.555445164442062378e-02 7.608606392750516534e-05 1.274615339934825897e-02 4.300666227936744690e-02 2.010887692449614406e-04 6.739778909832239151e-03 8.272986859083175659e-03 3.133671358227729797e-02 2.486691228114068508e-04 4.168345034122467041e-02 3.389327228069305420e-02 1.716794446110725403e-02 1.364650726318359375e-01 1.576926857233047485e-01 4.554965533316135406e-03 2.420797757804393768e-02 3.467160835862159729e-02 3.371195495128631592e-02 3.317157551646232605e-02 2.043539658188819885e-02 1.355976145714521408e-02 4.338223859667778015e-02 4.324294999241828918e-02 3.354833461344242096e-03 1.629696972668170929e-02 1.429385412484407425e-02 4.407504945993423462e-02 3.513029590249061584e-02 2.772363647818565369e-02 3.352166619151830673e-03 1.755836978554725647e-02 1.605539768934249878e-02 2.332857996225357056e-02 1.804668642580509186e-02 1.794643700122833252e-03 6.424590200185775757e-02 9.620171040296554565e-03 2.970653399825096130e-02 6.405881140381097794e-03 8.608125150203704834e-03 3.759631188586354256e-03 6.932939868420362473e-03 4.105274006724357605e-02 5.049477331340312958e-03 1.218904647976160049e-02 3.064952604472637177e-02 4.668410401791334152e-03 3.578190878033638000e-02 6.015019491314888000e-03 1.902655139565467834e-02 5.259212106466293335e-02 4.766320437192916870e-02 4.980232939124107361e-02 1.444797590374946594e-02 1.184047386050224304e-02 4.462655261158943176e-02 8.164945989847183228e-02 2.539682667702436447e-03 1.408615615218877792e-02 3.549892082810401917e-02 2.317985519766807556e-02 2.278072014451026917e-02 3.100181370973587036e-02 2.620301209390163422e-02 3.683225437998771667e-02 4.333183914422988892e-02 3.299626335501670837e-02 3.396606817841529846e-02 4.530198127031326294e-02 3.239887952804565430e-02 4.688408598303794861e-02 3.415401652455329895e-02 1.115883933380246162e-03 3.631013911217451096e-03 1.790156401693820953e-02 1.368879433721303940e-02 2.373278606683015823e-03 1.487481221556663513e-02 3.143113851547241211e-02 1.440213341265916824e-02 2.114794915542006493e-03 4.607468470931053162e-02
4.892701283097267151e-02 5.224601179361343384e-02 6.808733195066452026e-02 7.905642502009868622e-03 1.787437684834003448e-02 3.548419475555419922e-02 2.846617810428142548e-02 4.962875247001647949e-01 4.213200882077217102e-03 3.117960132658481598e-02 1.022691838443279266e-03 2.523674815893173218e-02 1.691791974008083344e-02 1.942097768187522888e-02 6.188359111547470093e-02 2.242845483124256134e-02 4.530056193470954895e-02 4.296625405550003052e-02 9.968773461878299713e-03 5.048034340143203735e-02 4.875772818922996521e-02 6.226256862282752991e-02 7.173773832619190216e-03 1.761685707606375217e-03 2.558307163417339325e-02 3.132169321179389954e-02 9.268351830542087555e-03 1.774545572698116302e-02 4.758125916123390198e-02 1.844862662255764008e-02 2.019816264510154724e-02 3.732705721631646156e-03 2.148481318727135658e-03 2.733026258647441864e-02 1.162163168191909790e-02 2.988426946103572845e-02 3.359753463882952929e-04 4.192005842924118042e-02 3.956634178757667542e-02 3.785307705402374268e-02 6.498301029205322266e-02 8.906220085918903351e-03 1.263121608644723892e-02 8.115752600133419037e-03 3.157924627885222435e-03 7.051522377878427505e-03 4.211875051259994507e-02 3.864169493317604065e-02 4.898446425795555115e-02 3.294520778581500053e-03 6.881933659315109253e-03 3.505438566207885742e-02 1.633847691118717194e-02 9.777331724762916565e-03 1.491478458046913147e-02 6.783993449062108994e-03 4.099480435252189636e-02 3.057900629937648773e-02 1.014417596161365509e-02 1.341341063380241394e-02 1.886547543108463287e-02 3.232156112790107727e-02 3.495269641280174255e-02 1.697301119565963745e-02 2.668893523514270782e-02 4.280922003090381622e-03 1.757854409515857697e-02 3.913328051567077637e-02 6.651706527918577194e-03 2.331307344138622284e-02 4.071498755365610123e-03 3.267373517155647278e-02 4.924347158521413803e-03 1.892234385013580322e-02 1.998247019946575165e-02 9.954708628356456757e-03 3.263438865542411804e-02 2.281556278467178345e-02 3.186490759253501892e-02 1.831253990530967712e-02 7.001592312008142471e-03 5.400564894080162048e-02 3.973782807588577271e-02 1.985994726419448853e-02 3.973299637436866760e-03 1.927379146218299866e-02 5.791689828038215637e-02 5.253467336297035217e-02 3.749944269657135010e-02 4.815888032317161560e-02 2.005445398390293121e-02 3.760736063122749329e-02 4.126311838626861572e-02 2.139579132199287415e-02 2.191361598670482635e-02 3.572016023099422455e-03 6.477348506450653076e-04 8.607594296336174011e-03 4.094249010086059570e-02 4.163148254156112671e-02 4.789564292877912521e-03 4.976212978363037109e-03 1.535281306132674217e-03 2.053348906338214874e-02 2.707173116505146027e-02 1.112662814557552338e-02 2.436611615121364594e-02 6.076320540159940720e-03 1.514399703592061996e-02 1.030730549246072769e-02 4.774416983127593994e-02 2.229608409106731415e-02 1.196612254716455936e-03 4.604347515851259232e-03 1.581199094653129578e-02 4.409869015216827393e-02
4.096775874495506287e-02 1.411133259534835815e-02 3.564718365669250488e-02 3.527682973071932793e-03 4.186971113085746765e-02 5.481046065688133240e-02 1.146948896348476410e-02 4.213200882077217102e-03 5.013431310653686523e-01 4.410639405250549316e-02 4.128210991621017456e-02 3.353832289576530457e-02 7.030236069113016129e-03 6.673319730907678604e-03 1.698623970150947571e-02 1.227081380784511566e-02 2.296946570277214050e-02 5.778195336461067200e-02 1.558860018849372864e-02 1.688858680427074432e-02 1.708805002272129059e-02 1.172177959233522415e-02 9.648729115724563599e-03 2.955086529254913330e-03 4.360708966851234436e-02 4.290622845292091370e-02 2.351478207856416702e-03 2.039862051606178284e-02 3.225687891244888306e-02 4.270566999912261963e-02 5.152952857315540314e-03 3.997186664491891861e-03 5.022526532411575317e-02 4.619885981082916260e-02 1.005483907647430897e-03 5.768376216292381287e-02 1.530398987233638763e-02 6.072364747524261475e-03 1.579476147890090942e-02 8.423913270235061646e-03 4.111626371741294861e-02 6.700432859361171722e-03 3.282741457223892212e-02 5.110749043524265289e-04 1.741670444607734680e-02 2.967887930572032928e-02 2.346067316830158234e-02 3.582111373543739319e-02 8.551432192325592041e-02 3.331979678478091955e-04 2.348333597183227539e-02 1.157216075807809830e-02 3.630493581295013428e-02 2.720334939658641815e-02 4.551674798130989075e-02 2.813481166958808899e-02 2.518370561301708221e-02 1.406576670706272125e-02 8.665757253766059875e-03 3.535720333456993103e-02 2.094124443829059601e-02 2.756766974925994873e-02 3.715226054191589355e-02 1.449347101151943207e-02 4.335636273026466370e-02 4.019719734787940979e-02 3.300349786877632141e-02 4.969937354326248169e-02 7.243479788303375244e-02 7.661406416445970535e-03 1.573784835636615753e-02 3.240488842129707336e-02 1.810810901224613190e-02 2.068133838474750519e-02 8.866861462593078613e-03 4.734642803668975830e-02 1.016192436218261719e-01 5.602858588099479675e-02 7.616137713193893433e-02 3.772650659084320068e-02 8.342269808053970337e-03 4.983287677168846130e-02 5.211125314235687256e-02 1.430302206426858902e-02 1.709422096610069275e-02 3.998205438256263733e-02 2.007402293384075165e-02 1.076793950051069260e-02 7.705190032720565796e-02 4.577475413680076599e-02 6.110279820859432220e-03 5.035735294222831726e-02 4.987272433936595917e-03 2.928679343312978745e-03 5.073913373053073883e-03 1.062995288521051407e-02 2.862151339650154114e-02 5.572664737701416016e-02 1.963262818753719330e-02 7.780950050801038742e-03 6.443064194172620773e-03 2.743096649646759033e-02 4.905939474701881409e-02 2.022231556475162506e-02 1.557380240410566330e-02 3.376347711309790611e-03 1.126421056687831879e-02 4.252188373357057571e-03 3.197864443063735962e-02 3.038914687931537628e-02 4.326358810067176819e-02 4.130436852574348450e-02 2.131354622542858124e-02 2.141765132546424866e-02 3.920722752809524536e-02 1.227379031479358673e-02
2.083767438307404518e-03 1.504571083933115005e-02 2.446252293884754181e-02 8.110287599265575409e-03 1.213620882481336594e-03 1.452706870622932911e-03 4.398733749985694885e-02 3.117960132658481598e-02 4.410639405250549316e-02 5.010126829147338867e-01 5.977629683911800385e-03 5.605427548289299011e-03 1.004125364124774933e-02 9.068191982805728912e-03 1.159762497991323471e-02 8.639208972454071045e-03 5.575517937541007996e-02 9.400937706232070923e-04 1.955145597457885742e-02 7.783401291817426682e-03 3.983052447438240051e-02 4.280606284737586975e-02 1.648932136595249176e-02 6.493631005287170410e-02 4.273198544979095459e-02 1.200261898338794708e-02 2.718539908528327942e-03 7.302680052816867828e-03 3.801399841904640198e-02 1.894619874656200409e-02 4.124464094638824463e-02 9.142684284597635269e-04 4.365191608667373657e-02 1.550780842080712318e-03 2.549351006746292114e-02 1.289978064596652985e-02 6.942372769117355347e-03 5.199130624532699585e-02 2.822414226830005646e-02 7.707251701503992081e-03 1.685112901031970978e-02 4.108489677309989929e-02 2.079509757459163666e-02 5.524402111768722534e-02 2.981075644493103027e-02 5.837165284901857376e-03 3.593152388930320740e-02 4.306754842400550842e-02 3.333542868494987488e-02 5.719247087836265564e-02 3.536356613039970398e-02 3.245326504111289978e-02 1.776906847953796387e-02 1.718707382678985596e-02 2.686476707458496094e-02 5.295473709702491760e-02 3.514218702912330627e-02 5.821192637085914612e-03 2.558756992220878601e-02 2.812285348773002625e-02 4.106957837939262390e-02 2.508773282170295715e-02 9.179402142763137817e-03 1.689072581939399242e-03 4.281006753444671631e-02 1.134067121893167496e-02 7.446598727256059647e-03 2.909891866147518158e-02 4.047627002000808716e-02 2.907760441303253174e-02 1.257637441158294678e-01 4.641282185912132263e-02 3.623450174927711487e-02 2.077282033860683441e-02 3.659791871905326843e-02 2.919112518429756165e-02 4.195842146873474121e-02 1.313166469335556030e-01 2.452466264367103577e-02 4.821708053350448608e-02 2.843122929334640503e-02 2.350099012255668640e-02 1.089781709015369415e-02 3.919180482625961304e-03 1.040209433995187283e-03 1.647630520164966583e-02 3.322197496891021729e-02 3.206815570592880249e-02 1.021723821759223938e-02 3.870495781302452087e-02 2.247770503163337708e-02 3.115205839276313782e-02 1.993994414806365967e-02 1.010184735059738159e-02 1.864685863256454468e-02 2.540182508528232574e-02 3.797889873385429382e-02 2.519266679883003235e-02 2.597325481474399567e-02 1.848019286990165710e-02 1.385366544127464294e-02 3.449510037899017334e-02 9.073854424059391022e-03 1.805572025477886200e-02 3.566771000623703003e-02 4.462715238332748413e-02 2.891326555982232094e-03 5.891927517950534821e-03 2.240798994898796082e-02 1.235401257872581482e-02 9.517928585410118103e-03 2.127283997833728790e-02 3.246283531188964844e-02 4.870784003287553787e-03 2.930670417845249176e-02 4.428168013691902161e-02
1.216963082551956177e-01 9.356985986232757568e-02 1.024859584867954254e-02 4.373275488615036011e-02 4.954146966338157654e-02 1.034094318747520447e-01 1.283743828535079956e-01 1.022691838443279266e-03 4.128210991621017456e-02 5.977629683911800385e-03 5.197975039482116699e-01 4.248045384883880615e-02 1.477890461683273315e-01 8.232504129409790039e-03 1.801593811251223087e-03 2.779905498027801514e-02 3.387435898184776306e-02 4.032067582011222839e-02 1.684346050024032593e-02 2.419329714030027390e-03 8.213831111788749695e-03 8.532159775495529175e-02 2.539679873734712601e-03 2.583053335547447205e-02 1.084624417126178741e-02 4.139709845185279846e-02 3.296558558940887451e-02 3.937024995684623718e-02 7.526694238185882568e-02 1.023534126579761505e-02 1.523655373603105545e-02 3.223967971280217171e-03 2.879354916512966156e-02 3.665645793080329895e-02 3.936783596873283386e-02 2.030469477176666260e-02 1.687091961503028870e-02 1.119191385805606842e-02 5.043243244290351868e-02 2.663301862776279449e-02 3.877732902765274048e-02 1.697958074510097504e-02 4.792508669197559357e-03 4.305566474795341492e-02 1.486091036349534988e-02 1.865393668413162231e-02 1.136204376816749573e-01 9.749928116798400879e-02 3.541785851120948792e-02 2.554521197453141212e-04 2.066983468830585480e-02 2.366215223446488380e-03 1.971693523228168488e-02 5.216087028384208679e-02 2.840743958950042725e-02 7.738091051578521729e-03 5.506045417860150337e-04 2.090272959321737289e-03 1.789881475269794464e-02 1.659114612266421318e-03 4.863013699650764465e-02 2.944499626755714417e-02 3.953516483306884766e-02 3.798336908221244812e-02 6.616546958684921265e-02 4.835790768265724182e-02 2.006846293807029724e-02 3.044387884438037872e-02 2.305400744080543518e-02 6.390060298144817352e-03 9.217157959938049316e-03 1.484634354710578918e-02 4.094425216317176819e-02 5.254408717155456543e-02 1.773157529532909393e-02 3.244852647185325623e-02 3.707843273878097534e-02 2.123445272445678711e-02 1.618428714573383331e-02 7.198891136795282364e-03 7.570629008114337921e-03 4.560163244605064392e-02 1.436270307749509811e-02 3.755264356732368469e-02 1.878164522349834442e-02 8.223596028983592987e-03 3.569947928190231323e-02 8.405073545873165131e-03 4.772567190229892731e-03 2.642136067152023315e-02 6.518723070621490479e-02 1.212125550955533981e-02 8.334822021424770355e-03 4.375120159238576889e-03 3.566057980060577393e-02 3.033622168004512787e-02 6.068175286054611206e-02 6.697884760797023773e-03 2.228010073304176331e-02 1.751625165343284607e-02 3.611708804965019226e-02 2.211809158325195312e-02 2.056132443249225616e-02 3.285983949899673462e-02 1.194718200713396072e-02 3.573973104357719421e-02 4.538681241683661938e-04 1.937518641352653503e-02 4.885040596127510071e-02 2.096713520586490631e-02 2.279199287295341492e-02 1.612374745309352875e-02 1.933042705059051514e-02 2.137630805373191833e-02 6.129670888185501099e-02 3.686684183776378632e-03
1.889412105083465576e-02 1.382515300065279007e-02 5.576270166784524918e-03 2.857263432815670967e-03 2.938419766724109650e-02 4.818403720855712891e-02 1.983695104718208313e-02 2.523674815893173218e-02 3.353832289576530457e-02 5.605427548289299011e-03 4.248045384883880615e-02 4.916906356811523438e-01 4.506123438477516174e-02 7.890634238719940186e-02 3.185601532459259033e-02 2.932481467723846436e-03 1.046704128384590149e-02 3.096343250945210457e-03 5.992213264107704163e-02 1.085531990975141525e-02 6.070968229323625565e-03 1.211188547313213348e-02 1.062390673905611038e-02 4.591740667819976807e-03 3.933460637927055359e-02 3.851661086082458496e-02 2.896652370691299438e-02 1.271992456167936325e-02 2.578491158783435822e-02 2.869156561791896820e-02 4.273807257413864136e-02 4.878571722656488419e-03 4.827747493982315063e-02 4.459883645176887512e-02 1.969909667968750000e-02 1.976254023611545563e-02 1.905526779592037201e-02 1.361944526433944702e-02 7.933829911053180695e-03 1.004858221858739853e-02 2.092063985764980316e-02 1.842189580202102661e-02 4.140286520123481750e-02 5.603251233696937561e-02 1.563581824302673340e-02 1.578468829393386841e-02 3.008130937814712524e-02 8.910518139600753784e-03 6.609716365346685052e-05 4.907444864511489868e-02 5.328424740582704544e-03 2.632739394903182983e-02 2.006572671234607697e-02 2.961892867460846901e-03 3.070044517517089844e-02 5.653769522905349731e-02 2.658938057720661163e-03 1.363298110663890839e-02 2.235793508589267731e-02 2.431125007569789886e-02 2.551624178886413574e-02 4.596514627337455750e-02 2.494094893336296082e-03 2.518948540091514587e-02 2.804165333509445190e-02 2.368425764143466949e-02 1.777673140168190002e-02 6.471678498201072216e-04 8.095983415842056274e-03 8.611723780632019043e-03 4.517500102519989014e-02 5.133011564612388611e-02 4.794167354702949524e-03 2.741721272468566895e-02 7.248397450894117355e-03 3.344688564538955688e-02 1.830364391207695007e-02 4.269333928823471069e-02 1.209750585258007050e-02 2.294187247753143311e-02 1.949110627174377441e-02 1.430664770305156708e-02 3.118752967566251755e-03 4.509281832724809647e-03 6.584872025996446609e-03 8.110875496640801430e-04 4.140475019812583923e-02 2.612777240574359894e-02 4.792024195194244385e-02 3.927234187722206116e-02 7.173903752118349075e-03 2.910765819251537323e-02 2.146773785352706909e-02 1.861654035747051239e-02 9.978871792554855347e-03 2.060107188299298286e-03 4.040854424238204956e-02 4.067587107419967651e-02 3.573418362066149712e-03 9.506712667644023895e-03 3.577503561973571777e-02 3.891186788678169250e-02 2.778744883835315704e-02 2.625926397740840912e-02 1.639552041888237000e-02 2.855523116886615753e-02 4.421250894665718079e-02 2.162823639810085297e-02 5.356541275978088379e-02 4.096806049346923828e-02 4.476882517337799072e-02 5.409175902605056763e-02 1.043563894927501678e-02 8.929927833378314972e-03 3.331968933343887329e-02 1.329077174887061119e-03
9.389979392290115356e-02 9.502041339874267578e-02 1.459926087409257889e-02 4.786177724599838257e-02 2.093917690217494965e-02 5.134734883904457092e-02 1.213570907711982727e-01 1.691791974008083344e-02 7.030236069113016129e-03 1.004125364124774933e-02 1.477890461683273315e-01 4.506123438477516174e-02 5.105465054512023926e-01 1.696364581584930420e-02 1.919464091770350933e-03 3.794445469975471497e-02 3.751320019364356995e-02 1.575922127813100815e-03 5.004264312447048724e-05 3.255494311451911926e-02 2.193689718842506409e-02 5.761065334081649780e-02 9.889646433293819427e-03 3.677803277969360352e-02 1.220575533807277679e-02 1.874561421573162079e-02 1.805168692953884602e-03 8.778208866715431213e-03 7.758215814828872681e-02 4.271728545427322388e-02 3.562884777784347534e-02 7.333369459956884384e-03 3.910476714372634888e-02 3.267410397529602051e-02 2.164049446582794189e-02 2.261357754468917847e-02 2.414806513115763664e-03 8.202652446925640106e-03 8.806970901787281036e-03 2.785217575728893280e-02 3.392763063311576843e-02 4.533093422651290894e-02 2.792197093367576599e-02 2.274324744939804077e-02 4.760712385177612305e-02 7.192889461293816566e-04 9.422047436237335205e-02 1.115470156073570251e-01 4.914591088891029358e-02 6.004042457789182663e-03 1.489489618688821793e-02 6.490047555416822433e-03 7.930397987365722656e-03 1.224466320127248764e-02 2.698197029531002045e-02 6.989547051489353180e-03 5.017856508493423462e-02 2.903002081438899040e-03 2.245020586997270584e-03 1.689805090427398682e-02 2.270975895226001740e-02 2.188935130834579468e-02 4.842792078852653503e-02 5.676737055182456970e-02 6.725764274597167969e-02 8.673268556594848633e-02 2.137018367648124695e-02 1.308944914489984512e-02 3.746361657977104187e-02 5.641859769821166992e-02 2.510701073333621025e-03 1.946651563048362732e-02 1.522270846180617809e-03 1.246039755642414093e-02 1.365221012383699417e-02 2.608386427164077759e-02 5.326105747371912003e-03 2.458411909174174070e-04 5.000438541173934937e-02 3.391456231474876404e-02 2.430746145546436310e-02 3.599345311522483826e-02 4.778725281357765198e-02 4.127712920308113098e-02 5.215856805443763733e-02 3.489290550351142883e-02 4.976295679807662964e-02 2.373311854898929596e-02 4.143137112259864807e-02 1.733477041125297546e-02 5.281217396259307861e-02 1.814215816557407379e-02 5.201197415590286255e-02 3.767908364534378052e-02 2.940318733453750610e-02 2.860194817185401917e-02 5.467573925852775574e-02 1.128336694091558456e-02 2.170787565410137177e-02 4.166445136070251465e-02 4.234382510185241699e-02 3.277387097477912903e-02 3.025119006633758545e-02 3.163098916411399841e-02 5.043672397732734680e-02 3.753711655735969543e-02 5.800020415335893631e-03 2.701445296406745911e-02 4.633938148617744446e-02 1.793647184967994690e-02 6.736776325851678848e-03 1.655520312488079071e-02 1.098382170312106609e-03 1.050314866006374359e-02 5.265306215733289719e-03 1.939795538783073425e-02
