5.152335166931152344e-01 1.690739095211029053e-01 5.267902836203575134e-02 2.537455782294273376e-02 4.929114878177642822e-02 8.106128871440887451e-02 7.173174619674682617e-02 2.229656837880611420e-02 3.990177437663078308e-02 3.797483444213867188e-02 1.251231580972671509e-01 3.726464137434959412e-02 1.015221029520034790e-01 3.440325707197189331e-02 1.153781116008758545e-01 3.438541665673255920e-02 4.625585395842790604e-03 2.977479994297027588e-02 1.208138838410377502e-02 3.879012167453765869e-02 4.050721973180770874e-02 3.397259116172790527e-02 2.240407466888427734e-02 1.452780794352293015e-03 1.410808321088552475e-02 3.675305843353271484e-02 3.524103760719299316e-02 3.969818353652954102e-02 3.818044811487197876e-02 2.881511673331260681e-02 2.010541036725044250e-02 2.402089908719062805e-02 2.985976450145244598e-02 5.285600200295448303e-02 4.868957400321960449e-02 4.814172163605690002e-03 9.607731364667415619e-03 6.658116821199655533e-03 1.651345565915107727e-02 1.439553126692771912e-02 2.029953338205814362e-02 2.301957830786705017e-02 3.247013688087463379e-02 3.922172263264656067e-02 4.752592369914054871e-02 1.146849803626537323e-02 6.985185295343399048e-02 5.004456639289855957e-02 3.625923022627830505e-02 3.728150622919201851e-04 2.343574725091457367e-02 2.586360648274421692e-02 1.208106870763003826e-03 1.601633988320827484e-02 3.086905553936958313e-02 2.990037947893142700e-02 5.089062824845314026e-02 3.123832680284976959e-02 1.342441793531179428e-02 1.832172833383083344e-02 1.420884113758802414e-02 4.311433993279933929e-03 3.173695877194404602e-02 1.294767670333385468e-02 4.390078037977218628e-02 5.418671295046806335e-02 1.634361222386360168e-02 2.588626369833946228e-02 2.101593092083930969e-02 1.894606463611125946e-02 1.863656006753444672e-02 2.995949424803256989e-02 9.335195645689964294e-03 4.048037156462669373e-02 4.585276171565055847e-02 4.673787858337163925e-03 1.339212059974670410e-02 4.358995705842971802e-02 2.353534661233425140e-02 2.479029819369316101e-02 5.063437670469284058e-02 5.323192849755287170e-02 3.194616362452507019e-02 4.652593284845352173e-03 2.933340333402156830e-02 3.250385075807571411e-02 3.703737258911132812e-02 3.435817733407020569e-02 3.048067539930343628e-02 2.720768377184867859e-02 1.805363968014717102e-02 1.645299047231674194e-02 1.583771407604217529e-02 2.809645049273967743e-02 2.638140134513378143e-02 3.311530128121376038e-02 3.790135309100151062e-02 3.053446486592292786e-02 4.186442866921424866e-02 4.751939326524734497e-03 2.491750381886959076e-02 3.056156635284423828e-02 1.557606086134910583e-02 1.364837493747472763e-02 1.398698240518569946e-02 1.783775538206100464e-02 3.507519885897636414e-02 4.448941349983215332e-02 3.713764622807502747e-02 1.939391903579235077e-02 1.858136057853698730e-02 1.703960821032524109e-02 3.220543265342712402e-02 1.796663971617817879e-03 5.663030222058296204e-02 6.816092133522033691e-02
1.690739095211029053e-01 5.089238286018371582e-01 4.998029395937919617e-02 9.606650564819574356e-04 3.709409013390541077e-02 9.602200239896774292e-02 1.046795472502708435e-01 1.901516318321228027e-02 4.149230569601058960e-02 3.766837716102600098e-02 1.193421408534049988e-01 2.469706721603870392e-02 1.219498664140701294e-01 4.996671923436224461e-04 8.625127375125885010e-02 3.371617570519447327e-02 1.436170190572738647e-03 2.813773415982723236e-02 5.194581113755702972e-03 1.320438459515571594e-02 4.220099374651908875e-02 1.613486558198928833e-02 2.122860401868820190e-02 9.211300872266292572e-03 1.541837700642645359e-03 4.916225001215934753e-02 9.415760636329650879e-03 4.483615048229694366e-03 3.601828217506408691e-02 2.980019897222518921e-02 2.187941409647464752e-02 4.019282385706901550e-02 6.189546082168817520e-03 1.765732280910015106e-02 3.629637509584426880e-02 1.698233559727668762e-02 1.965022087097167969e-02 2.822656929492950439e-02 3.158725425601005554e-02 2.436455711722373962e-02 4.382907226681709290e-02 4.231062531471252441e-02 2.597166411578655243e-02 3.246193751692771912e-02 4.703476279973983765e-02 3.383326902985572815e-02 8.670090138912200928e-02 6.497821956872940063e-02 9.925251826643943787e-03 2.962764538824558258e-02 2.430954948067665100e-02 9.706710698083043098e-04 1.629723608493804932e-02 1.613840088248252869e-02 3.762812167406082153e-02 2.838842943310737610e-02 3.043288365006446838e-02 4.728215187788009644e-02 2.920405240729451180e-03 5.183149129152297974e-03 1.283513009548187256e-02 3.856468200683593750e-02 2.860325947403907776e-02 6.196219008415937424e-03 5.314974486827850342e-02 5.514033883810043335e-02 1.368375681340694427e-02 2.893688157200813293e-02 4.471061378717422485e-02 3.957562148571014404e-03 3.094068542122840881e-02 2.477716840803623199e-02 4.262859374284744263e-02 4.809677600860595703e-03 1.102389954030513763e-02 1.373333041556179523e-03 4.743284080177545547e-03 3.924665972590446472e-02 1.919678971171379089e-02 3.340377286076545715e-02 2.999248728156089783e-02 9.407245554029941559e-03 1.699330657720565796e-02 8.310315897688269615e-04 1.950920745730400085e-02 3.963248804211616516e-02 2.289624884724617004e-02 1.921796053647994995e-02 1.773654669523239136e-02 3.586848825216293335e-02 3.359001874923706055e-02 7.100997492671012878e-03 3.562920540571212769e-02 2.363421954214572906e-02 2.061357907950878143e-02 1.436705887317657471e-02 3.274917602539062500e-02 3.149795159697532654e-02 3.517216816544532776e-02 2.530232258141040802e-02 2.185994572937488556e-02 1.759335212409496307e-02 2.827293612062931061e-02 4.913955926895141602e-03 9.208887815475463867e-03 2.577350474894046783e-03 4.184590280055999756e-02 2.461171336472034454e-02 2.379553206264972687e-02 8.147008717060089111e-03 1.550988573580980301e-02 1.969774812459945679e-02 5.118906497955322266e-02 5.167460069060325623e-02 5.364390462636947632e-02 5.540495365858078003e-02
5.267902836203575134e-02 4.998029395937919617e-02 4.920570552349090576e-01 2.014899626374244690e-02 4.116691648960113525e-02 8.155665360391139984e-03 9.483793983235955238e-04 7.404543459415435791e-02 4.565840214490890503e-02 1.841388270258903503e-02 3.347894176840782166e-02 4.289665445685386658e-02 2.046087756752967834e-02 1.734372787177562714e-02 2.602628432214260101e-02 1.785553991794586182e-02 9.173133410513401031e-03 1.624654978513717651e-02 1.753423735499382019e-02 3.095490671694278717e-02 1.174045074731111526e-02 3.203975409269332886e-02 2.683814056217670441e-02 4.043213278055191040e-02 8.169461041688919067e-03 5.326853692531585693e-02 2.816849201917648315e-02 2.102608978748321533e-02 2.228571474552154541e-02 1.700369082391262054e-02 9.510707110166549683e-03 1.390049420297145844e-02 1.823155954480171204e-02 4.191150423139333725e-03 3.976893052458763123e-02 1.313107740134000778e-02 4.918366204947233200e-03 1.124886423349380493e-02 3.608196601271629333e-02 3.036941401660442352e-03 2.549393288791179657e-02 1.297939475625753403e-02 1.985953375697135925e-02 1.162440627813339233e-01 8.463868871331214905e-03 2.167784236371517181e-02 2.474520727992057800e-02 1.984950155019760132e-03 3.172152489423751831e-02 8.888479322195053101e-03 3.428357187658548355e-03 3.984004631638526917e-02 1.133509073406457901e-02 1.782485656440258026e-02 3.638644143939018250e-02 1.823603548109531403e-02 1.192589197307825089e-02 1.512559130787849426e-02 4.055603966116905212e-02 4.081284627318382263e-02 3.663630783557891846e-02 1.263999287039041519e-02 2.163501642644405365e-02 2.714464999735355377e-02 3.771054744720458984e-02 2.681723423302173615e-02 2.900449372828006744e-02 2.888841740787029266e-02 5.096975341439247131e-02 4.746404290199279785e-02 8.441490121185779572e-03 3.089713491499423981e-02 2.365744300186634064e-02 3.494782373309135437e-02 4.618413373827934265e-02 7.324656005948781967e-03 3.849473223090171814e-02 1.255373004823923111e-02 4.809810221195220947e-02 1.785227656364440918e-02 1.492360383272171021e-01 5.979721620678901672e-02 1.906734332442283630e-02 1.697175949811935425e-02 4.717916622757911682e-02 6.831847131252288818e-03 2.521126344799995422e-02 8.552853018045425415e-03 9.042616933584213257e-03 3.454846143722534180e-02 6.472311448305845261e-03 4.253560677170753479e-03 4.495950415730476379e-02 1.607108116149902344e-02 2.844261238351464272e-03 4.877403378486633301e-02 8.134073577821254730e-03 3.512984886765480042e-02 4.006806295365095139e-03 2.511108107864856720e-02 4.676698893308639526e-02 3.750707581639289856e-02 6.125125801190733910e-04 3.345012292265892029e-02 5.475534126162528992e-02 2.664403989911079407e-02 4.059401154518127441e-02 2.341365627944469452e-02 4.299039766192436218e-02 3.865342959761619568e-02 3.338402509689331055e-02 2.708402462303638458e-02 4.845434427261352539e-02 3.583013638854026794e-02 5.304146930575370789e-02 1.021460816264152527e-02
2.537455782294273376e-02 9.606650564819574356e-04 2.014899626374244690e-02 4.953994154930114746e-01 1.569257080554962158e-01 2.785187214612960815e-02 3.105140663683414459e-02 3.157541155815124512e-02 1.088602468371391296e-02 1.591460406780242920e-02 1.011138409376144409e-02 4.078179225325584412e-02 1.290519954636693001e-03 3.041759133338928223e-03 6.683681625872850418e-03 1.001036725938320160e-02 3.454432263970375061e-02 2.169608883559703827e-02 1.049145217984914780e-02 2.947649732232093811e-02 4.349641874432563782e-02 2.077815309166908264e-02 5.373146850615739822e-03 1.242810208350419998e-02 4.668146430049091578e-04 3.747022897005081177e-02 3.744129464030265808e-02 3.584032133221626282e-02 3.925494849681854248e-02 5.252791568636894226e-02 3.418517485260963440e-02 3.427670896053314209e-02 1.541397068649530411e-02 8.602249436080455780e-03 5.324448272585868835e-02 3.158990293741226196e-02 2.570007927715778351e-02 4.147145524621009827e-02 8.881248533725738525e-02 1.243215892463922501e-02 3.345131874084472656e-02 3.415942192077636719e-03 8.360390551388263702e-03 2.620703913271427155e-02 9.111816994845867157e-03 1.070810854434967041e-02 1.330443192273378372e-02 5.143478978425264359e-03 3.342425078153610229e-02 2.975525148212909698e-02 4.986979812383651733e-02 5.977741256356239319e-02 1.032433286309242249e-02 9.448090568184852600e-03 1.145049836486577988e-02 4.575709253549575806e-02 3.126129880547523499e-02 2.140395529568195343e-02 4.780948534607887268e-02 2.243269002065062523e-03 3.981546685099601746e-02 5.808880925178527832e-02 1.141948346048593521e-02 1.428215764462947845e-02 2.705512568354606628e-02 6.102001294493675232e-03 1.618335489183664322e-03 7.848716340959072113e-03 9.206284582614898682e-02 1.935113407671451569e-02 2.948179282248020172e-02 4.780637100338935852e-02 1.241411790251731873e-01 1.224672980606555939e-02 1.234939023852348328e-01 1.379046821966767311e-03 6.175062432885169983e-02 3.370635211467742920e-02 5.823151022195816040e-02 2.677672542631626129e-02 2.411854267120361328e-02 3.821643069386482239e-02 2.068574726581573486e-02 2.839511446654796600e-02 1.323870569467544556e-02 8.937731385231018066e-03 3.110118396580219269e-02 4.350080713629722595e-02 2.653823606669902802e-02 2.836053818464279175e-02 3.686223924160003662e-02 9.190832264721393585e-03 4.383381456136703491e-02 2.643706835806369781e-02 7.622621487826108932e-03 1.735992170870304108e-02 3.411272540688514709e-02 3.139367699623107910e-02 1.633203588426113129e-02 2.093050256371498108e-02 5.394101515412330627e-02 4.455512855201959610e-03 5.253901332616806030e-02 2.924839779734611511e-02 2.856700681149959564e-02 3.798011690378189087e-02 3.051296249032020569e-02 1.060387399047613144e-02 1.748558692634105682e-02 1.326577644795179367e-02 1.651336811482906342e-02 2.455268520861864090e-03 4.023033543489873409e-04 1.796349696815013885e-02 1.227587927132844925e-02 3.194031305611133575e-03
4.929114878177642822e-02 3.709409013390541077e-02 4.116691648960113525e-02 1.569257080554962158e-01 4.936380684375762939e-01 1.425870135426521301e-02 1.025774609297513962e-02 2.803733013570308685e-02 5.852291360497474670e-03 1.918981317430734634e-03 3.497561067342758179e-02 9.197426028549671173e-03 3.904484212398529053e-03 5.069874599575996399e-02 6.276814732700586319e-03 1.144959218800067902e-02 2.226258069276809692e-02 3.528437390923500061e-02 5.660919006913900375e-03 4.209770262241363525e-02 2.850255696102976799e-03 3.620917350053787231e-02 2.088928222656250000e-02 8.750955574214458466e-03 2.465656027197837830e-02 3.555618226528167725e-02 1.872897334396839142e-02 1.735335588455200195e-02 4.379640519618988037e-02 4.721502959728240967e-02 4.449329897761344910e-02 4.533103108406066895e-02 2.059669978916645050e-02 1.329766353592276573e-03 4.269144684076309204e-02 4.362306371331214905e-02 3.881553187966346741e-02 5.258402228355407715e-02 1.197935491800308228e-01 4.771157726645469666e-02 5.079800263047218323e-02 2.079306542873382568e-02 2.246233820915222168e-02 1.215781550854444504e-02 7.143914699554443359e-03 8.432921953499317169e-03 1.922805327922105789e-03 8.279920555651187897e-03 3.316708281636238098e-02 3.989022970199584961e-02 4.379553720355033875e-02 4.704239964485168457e-02 3.008184023201465607e-02 1.481764018535614014e-02 1.522389706224203110e-02 3.825720027089118958e-02 2.139676362276077271e-03 2.077341079711914062e-02 4.209976270794868469e-02 2.137640118598937988e-02 1.925314776599407196e-02 4.844385758042335510e-02 4.274504724889993668e-03 3.963785618543624878e-02 5.457009375095367432e-02 4.366397392004728317e-03 4.256991669535636902e-03 1.237897668033838272e-02 4.069045931100845337e-02 2.369125001132488251e-02 2.274490334093570709e-02 3.310381248593330383e-02 8.128383755683898926e-02 1.910691335797309875e-02 1.398895978927612305e-01 2.274040691554546356e-02 3.484138846397399902e-02 2.294618263840675354e-02 4.582367092370986938e-02 7.299079094082117081e-03 3.843000531196594238e-02 1.118347718147560954e-04 4.546388238668441772e-02 4.480314999818801880e-02 3.020173311233520508e-02 5.246439203619956970e-02 2.084316127002239227e-02 3.917861729860305786e-02 2.611412853002548218e-02 4.349585622549057007e-02 1.088985614478588104e-02 3.197932615876197815e-02 8.915184065699577332e-03 1.031682942993938923e-03 7.327425293624401093e-03 3.987695649266242981e-02 1.659907400608062744e-02 2.728642709553241730e-02 4.584438353776931763e-02 3.923900797963142395e-02 8.092842996120452881e-03 1.243281643837690353e-02 4.137673601508140564e-02 3.184234723448753357e-02 5.412741005420684814e-02 1.161417691037058830e-03 3.454136103391647339e-02 1.398863364011049271e-02 1.239554397761821747e-02 1.348283141851425171e-03 6.543497089296579361e-03 3.439306095242500305e-02 8.365378715097904205e-03 1.658079214394092560e-02 3.312112996354699135e-03 1.025972189381718636e-03
8.106128871440887451e-02 9.602200239896774292e-02 8.155665360391139984e-03 2.785187214612960815e-02 1.425870135426521301e-02 5.184704661369323730e-01 1.591575592756271362e-01 5.070048943161964417e-02 1.565389893949031830e-02 4.705519601702690125e-02 9.960276633501052856e-02 4.262609034776687622e-02 1.183010116219520569e-01 4.555869102478027344e-02 4.693788476288318634e-03 3.885131096467375755e-03 3.362981975078582764e-02 1.609815657138824463e-02 2.983680367469787598e-02 7.389464881271123886e-03 1.283814664930105209e-02 4.991121962666511536e-02 3.111662343144416809e-02 3.245195001363754272e-02 4.068678244948387146e-02 8.253703825175762177e-03 4.518404975533485413e-02 2.112858928740024567e-02 3.156907111406326294e-02 7.689388934522867203e-03 6.014473736286163330e-02 2.666899701580405235e-03 1.655532419681549072e-02 1.851848140358924866e-02 6.738232332281768322e-05 4.477430135011672974e-02 7.111798040568828583e-03 3.255024179816246033e-02 4.327611252665519714e-02 3.781392797827720642e-02 1.097851153463125229e-02 9.946013800799846649e-03 4.076196253299713135e-02 2.368286997079849243e-02 4.774332046508789062e-02 3.018427267670631409e-02 1.210502162575721741e-01 9.401029348373413086e-02 1.868671551346778870e-02 1.850430388003587723e-03 2.098093554377555847e-02 3.739567473530769348e-03 3.431192040443420410e-02 3.358800336718559265e-02 3.836198523640632629e-02 4.514486715197563171e-02 2.833032049238681793e-03 1.236817566677927971e-03 2.975601516664028168e-02 1.715180836617946625e-02 3.503528609871864319e-02 2.963626012206077576e-02 2.752492763102054596e-02 1.095336512662470341e-03 2.356654405593872070e-02 7.798257470130920410e-02 1.818913035094738007e-02 2.800427377223968506e-02 4.791560582816600800e-03 3.988429438322782516e-03 2.019218355417251587e-02 4.092072322964668274e-02 1.918283849954605103e-02 1.908631063997745514e-02 1.106498390436172485e-02 4.049397539347410202e-03 3.080088831484317780e-02 2.529753837734460831e-03 1.951734907925128937e-02 3.348488360643386841e-02 8.704386418685317039e-04 2.006536535918712616e-02 3.482468053698539734e-02 3.565750271081924438e-02 9.731411933898925781e-03 4.270679876208305359e-02 2.485051378607749939e-02 1.353219803422689438e-02 2.509841136634349823e-02 5.327166989445686340e-03 3.860319405794143677e-02 9.672912769019603729e-03 3.529063984751701355e-02 3.146168775856494904e-03 3.585335984826087952e-02 2.299284748733043671e-02 7.969609461724758148e-03 3.552353382110595703e-02 2.048481814563274384e-02 2.466785255819559097e-03 1.612158119678497314e-02 4.073715955018997192e-02 2.216899208724498749e-02 1.303525082767009735e-02 2.058700844645500183e-02 4.647213965654373169e-02 3.342184796929359436e-02 3.521100804209709167e-02 1.307770051062107086e-02 7.056998438201844692e-04 1.306512579321861267e-02 2.983356080949306488e-02 2.262247912585735321e-02 4.471210390329360962e-02 2.971052657812833786e-03 1.531656552106142044e-02
7.173174619674682617e-02 1.046795472502708435e-01 9.483793983235955238e-04 3.105140663683414459e-02 1.025774609297513962e-02 1.591575592756271362e-01 5.200838446617126465e-01 4.852778464555740356e-02 2.205554023385047913e-02 4.578544199466705322e-02 9.726309776306152344e-02 2.812198176980018616e-02 1.244732812047004700e-01 2.991214022040367126e-02 3.880748525261878967e-03 3.560160752385854721e-03 2.378724142909049988e-02 6.536173168569803238e-03 3.023077361285686493e-02 9.887239895761013031e-03 2.199568785727024078e-02 5.387604609131813049e-02 3.829202428460121155e-02 4.173630848526954651e-02 3.356739878654479980e-02 5.653409170918166637e-04 3.023752756416797638e-02 3.425163915380835533e-03 3.608335554599761963e-02 1.467795949429273605e-02 5.475270748138427734e-02 2.942665596492588520e-04 5.730965174734592438e-03 2.559070847928524017e-02 4.801406990736722946e-03 4.064350202679634094e-02 2.138235233724117279e-02 2.007486857473850250e-02 3.374993428587913513e-02 1.785525679588317871e-02 7.809160277247428894e-03 2.433612942695617676e-02 4.892792180180549622e-02 1.503078266978263855e-02 3.373485058546066284e-02 2.673687040805816650e-02 1.303283870220184326e-01 1.110854670405387878e-01 3.002034500241279602e-03 1.815741509199142456e-02 1.158294547349214554e-02 2.099198848009109497e-02 3.997153416275978088e-02 2.629873342812061310e-02 3.895709291100502014e-02 3.543468937277793884e-02 7.527103181928396225e-03 1.007026061415672302e-02 4.475710168480873108e-02 4.403695929795503616e-03 3.043199889361858368e-02 2.888515032827854156e-02 3.321794420480728149e-02 6.363412365317344666e-03 3.848287835717201233e-02 8.219476044178009033e-02 3.092321567237377167e-03 2.930267155170440674e-02 3.287654742598533630e-02 2.557502314448356628e-02 4.419670626521110535e-02 3.923831880092620850e-02 2.393887564539909363e-02 7.321686018258333206e-03 2.081048116087913513e-02 5.834050476551055908e-03 3.810755535960197449e-02 7.140783593058586121e-03 7.330690976232290268e-03 2.336010523140430450e-02 1.538707874715328217e-03 3.039492666721343994e-02 1.821410097181797028e-02 2.426187321543693542e-02 6.660484708845615387e-03 4.081270098686218262e-02 2.950988709926605225e-02 1.114933192729949951e-02 3.313362970948219299e-02 1.085870526731014252e-02 5.756222829222679138e-02 1.869209110736846924e-03 5.948295816779136658e-02 1.323075871914625168e-02 3.161152079701423645e-02 2.005049213767051697e-02 1.318231457844376564e-03 1.147568598389625549e-02 1.343128643929958344e-02 8.799192495644092560e-03 1.646879501640796661e-02 4.636448249220848083e-02 3.279051929712295532e-02 1.472752261906862259e-02 5.286776460707187653e-03 4.172602668404579163e-02 4.310221970081329346e-02 4.194585233926773071e-02 1.879299432039260864e-02 1.737754233181476593e-02 9.985789656639099121e-03 4.253970459103584290e-02 1.901423931121826172e-02 1.427443884313106537e-02 5.977040622383356094e-03 5.769580136984586716e-03
2.229656837880611420e-02 1.901516318321228027e-02 7.404543459415435791e-02 3.157541155815124512e-02 2.803733013570308685e-02 5.070048943161964417e-02 4.852778464555740356e-02 5.080705285072326660e-01 3.707002103328704834e-02 3.872217237949371338e-02 1.027429476380348206e-02 1.970935799181461334e-02 1.629460602998733521e-02 4.977482557296752930e-02 5.944819375872612000e-02 2.931825630366802216e-02 2.536065876483917236e-02 1.720938645303249359e-02 3.575392812490463257e-02 2.876356989145278931e-02 1.297197397798299789e-02 6.745279580354690552e-02 4.403585102409124374e-03 1.157163991592824459e-03 1.503026206046342850e-02 6.211910396814346313e-03 6.120470538735389709e-02 1.543419348308816552e-04 6.075954530388116837e-03 1.613851077854633331e-02 5.449653044342994690e-02 1.141114975325763226e-03 5.563716404139995575e-03 1.704772934317588806e-03 5.051553249359130859e-02 3.863298147916793823e-02 1.762526482343673706e-02 1.583487726747989655e-02 4.854399338364601135e-02 8.707012166269123554e-04 2.577929385006427765e-02 4.722750186920166016e-02 5.012712255120277405e-02 2.647522278130054474e-02 3.495732787996530533e-03 2.361117117106914520e-02 3.805947303771972656e-02 6.071252003312110901e-02 3.913505747914314270e-02 2.041047671809792519e-03 3.847464174032211304e-02 4.070361331105232239e-02 3.846468031406402588e-02 6.325253099203109741e-02 8.894190192222595215e-03 4.177599214017391205e-03 4.737336561083793640e-02 1.642694324254989624e-02 1.290916558355093002e-02 3.617867361754179001e-03 2.483041025698184967e-02 4.116206895560026169e-03 1.097813714295625687e-02 3.754057735204696655e-02 4.083845019340515137e-02 1.416020561009645462e-02 2.854647487401962280e-02 1.907676830887794495e-02 2.288140729069709778e-02 1.171714719384908676e-02 4.437578842043876648e-02 7.825556211173534393e-03 2.239565178751945496e-02 3.745600406546145678e-04 9.726238436996936798e-03 4.269206523895263672e-02 1.593286730349063873e-02 2.237382717430591583e-02 4.010891169309616089e-02 5.299131572246551514e-02 1.172084510326385498e-01 8.438877016305923462e-02 1.054293010383844376e-02 3.803860396146774292e-02 5.187645554542541504e-02 4.717753455042839050e-02 1.050559133291244507e-01 8.533721417188644409e-02 4.866923764348030090e-02 3.783901780843734741e-02 4.846181720495223999e-02 4.330315813422203064e-02 2.570354752242565155e-02 5.412290245294570923e-02 1.740521937608718872e-02 1.525364723056554794e-02 1.756135188043117523e-02 4.082290455698966980e-02 2.432087808847427368e-02 3.963391855359077454e-02 1.521365134976804256e-03 1.945915445685386658e-02 7.537824567407369614e-03 1.897692494094371796e-02 8.039775420911610126e-04 9.466556832194328308e-03 3.689313307404518127e-02 2.679972723126411438e-02 1.581497117877006531e-02 2.456478029489517212e-02 2.204671874642372131e-02 6.487744394689798355e-03 1.366694271564483643e-02 2.639271132647991180e-02 2.161326631903648376e-02 8.125393651425838470e-03
3.990177437663078308e-02 4.149230569601058960e-02 4.565840214490890503e-02 1.088602468371391296e-02 5.852291360497474670e-03 1.565389893949031830e-02 2.205554023385047913e-02 3.707002103328704834e-02 4.921556413173675537e-01 3.748981747776269913e-03 3.192859888076782227e-02 1.381798740476369858e-02 3.240905934944748878e-03 2.454083599150180817e-02 8.752064779400825500e-03 1.533316541463136673e-02 1.461520139127969742e-02 3.325657453387975693e-03 1.567843556404113770e-02 1.392418891191482544e-02 3.339094668626785278e-02 2.709469059482216835e-03 3.924078121781349182e-02 3.617808595299720764e-02 5.934007000178098679e-03 4.478539153933525085e-02 2.168630063533782959e-02 4.455167427659034729e-02 9.358812123537063599e-03 3.229045867919921875e-02 4.217888042330741882e-02 1.705231145024299622e-03 3.790016844868659973e-02 1.405190769582986832e-02 2.357371523976325989e-02 8.772303164005279541e-02 9.278925508260726929e-02 1.752891018986701965e-02 1.575136790052056313e-03 5.555552616715431213e-02 9.382961317896842957e-03 4.141938313841819763e-02 3.683683648705482483e-02 8.173121139407157898e-03 3.180650528520345688e-03 4.544375464320182800e-02 3.301778063178062439e-02 2.402374893426895142e-02 2.969699352979660034e-02 4.978961125016212463e-02 4.014832898974418640e-02 3.049045428633689880e-02 2.623808570206165314e-02 1.823029248043894768e-03 1.420911997556686401e-01 2.038603089749813080e-02 3.198304399847984314e-02 5.973043385893106461e-03 1.367429085075855255e-02 4.293136671185493469e-02 5.858540534973144531e-02 5.135280266404151917e-02 1.586598530411720276e-02 2.113309688866138458e-02 2.793487720191478729e-02 4.516930133104324341e-02 2.050786279141902924e-02 4.408902674913406372e-02 2.995730191469192505e-02 3.281535208225250244e-02 2.277939207851886749e-02 3.378232195973396301e-02 9.428932680748403072e-04 3.932109475135803223e-02 4.848307743668556213e-02 5.436741560697555542e-02 1.331474334001541138e-01 1.728647761046886444e-02 4.856529086828231812e-02 4.695646464824676514e-02 4.262271150946617126e-02 2.379317954182624817e-02 1.931995153427124023e-02 1.619697920978069305e-02 2.593206614255905151e-02 1.330402679741382599e-02 2.980689518153667450e-02 5.237892270088195801e-03 8.737216144800186157e-02 2.819797396659851074e-02 2.551323547959327698e-02 5.801296327263116837e-03 4.133026674389839172e-02 5.210837721824645996e-02 2.597519010305404663e-02 1.585658080875873566e-02 1.506671309471130371e-02 2.301142737269401550e-02 1.811565645039081573e-02 3.586323931813240051e-02 1.471092086285352707e-02 1.285039237700402737e-03 3.136294195428490639e-03 1.054553594440221786e-02 2.765414677560329437e-02 1.553480885922908783e-02 3.256032988429069519e-02 4.431430995464324951e-02 5.236776173114776611e-02 1.324950810521841049e-02 1.280944794416427612e-02 2.399474196135997772e-02 3.263266384601593018e-02 4.854394355788826942e-04 9.077144786715507507e-03 7.979190908372402191e-03
3.797483444213867188e-02 3.766837716102600098e-02 1.841388270258903503e-02 1.591460406780242920e-02 1.918981317430734634e-03 4.705519601702690125e-02 4.578544199466705322e-02 3.872217237949371338e-02 3.748981747776269913e-03 4.967319667339324951e-01 3.088327683508396149e-02 4.022625088691711426e-02 3.770594671368598938e-02 1.223458442836999893e-02 2.908057346940040588e-02 6.702477578073740005e-03 2.088179439306259155e-02 2.922844327986240387e-02 8.842012286186218262e-02 4.830550868064165115e-03 3.025519847869873047e-02 5.033193621784448624e-03 4.858204722404479980e-02 6.884676869958639145e-03 1.616925187408924103e-02 1.294254470849409699e-04 2.140872180461883545e-02 4.091682657599449158e-02 3.286121040582656860e-02 1.186211965978145599e-02 6.697121425531804562e-04 2.121639251708984375e-02 2.197037078440189362e-02 4.747569933533668518e-02 2.862870460376143456e-04 1.191214751452207565e-02 5.051009356975555420e-02 4.313408955931663513e-02 2.896400354802608490e-02 5.259813368320465088e-02 3.598922863602638245e-02 5.371147766709327698e-03 2.889011986553668976e-02 1.100287027657032013e-02 3.105006180703639984e-03 1.306328922510147095e-02 4.262023791670799255e-02 5.201242864131927490e-02 4.885119572281837463e-02 6.969507038593292236e-02 3.407870978116989136e-02 6.838732864707708359e-03 2.167686633765697479e-02 3.941579163074493408e-02 5.471344664692878723e-02 6.094395741820335388e-02 1.348100788891315460e-02 1.184163335710763931e-02 1.948454044759273529e-02 1.521812938153743744e-02 3.235291689634323120e-02 6.759686022996902466e-02 1.511321775615215302e-02 4.266889393329620361e-02 3.165609017014503479e-02 2.977826446294784546e-02 4.568787291646003723e-02 3.782841190695762634e-02 6.380762904882431030e-02 4.956460371613502502e-02 1.026178337633609772e-02 5.826001288369297981e-04 2.041471377015113831e-02 2.937402762472629547e-02 3.977136686444282532e-02 1.686108112335205078e-02 3.629141300916671753e-02 9.999524056911468506e-02 1.083537749946117401e-02 7.848978042602539062e-02 5.307136476039886475e-02 1.951012760400772095e-03 2.611434459686279297e-02 8.755896985530853271e-02 3.148447722196578979e-02 2.797342650592327118e-02 1.954769156873226166e-02 9.602722711861133575e-03 1.696191169321537018e-02 3.035273589193820953e-02 1.941740326583385468e-02 4.665562137961387634e-02 4.956527054309844971e-02 2.602007985115051270e-02 2.765449695289134979e-02 7.262006867676973343e-03 1.439890591427683830e-03 2.651288546621799469e-02 2.994232624769210815e-02 1.820595748722553253e-02 5.613998323678970337e-02 1.378284301608800888e-02 3.162533044815063477e-02 3.716340661048889160e-02 1.017731800675392151e-02 2.605237998068332672e-02 3.146569430828094482e-02 1.954497955739498138e-02 3.487757639959454536e-04 1.219443324953317642e-02 8.600896224379539490e-03 6.085473671555519104e-02 3.312481194734573364e-02 2.197682298719882965e-02 1.039177924394607544e-02 4.361741244792938232e-02
1.251231580972671509e-01 1.193421408534049988e-01 3.347894176840782166e-02 1.011138409376144409e-02 3.497561067342758179e-02 9.960276633501052856e-02 9.726309776306152344e-02 1.027429476380348206e-02 3.192859888076782227e-02 3.088327683508396149e-02 5.252088308334350586e-01 3.454217920079827309e-03 1.321940720081329346e-01 1.512355916202068329e-02 6.574909389019012451e-02 4.473422095179557800e-02 4.934507235884666443e-02 5.088041722774505615e-02 3.826914727687835693e-02 4.337827116250991821e-02 3.980735689401626587e-02 1.478126365691423416e-02 3.422774747014045715e-02 4.430533573031425476e-02 4.843133315443992615e-02 7.890099659562110901e-03 1.874833018518984318e-03 2.118581719696521759e-02 6.963577121496200562e-02 6.124113686382770538e-03 6.273162364959716797e-02 2.266326546669006348e-02 3.535228222608566284e-02 4.077069461345672607e-02 3.555440530180931091e-02 2.678443863987922668e-02 4.980042576789855957e-02 2.780215814709663391e-02 3.241192176938056946e-02 7.408596109598875046e-03 5.437865108251571655e-02 2.875271812081336975e-02 2.230154722929000854e-02 2.278323285281658173e-02 5.173357948660850525e-02 2.951744012534618378e-02 8.263915777206420898e-02 7.045584172010421753e-02 1.705553586361929774e-04 1.523941056802868843e-03 2.701478637754917145e-02 3.202983736991882324e-02 3.481881460174918175e-03 9.103570133447647095e-03 2.669084630906581879e-02 2.994996495544910431e-02 3.135114535689353943e-02 3.787030698731541634e-03 2.888710983097553253e-02 1.728559029288589954e-03 1.268240343779325485e-02 1.579003408551216125e-03 3.604521602392196655e-02 1.710958592593669891e-02 6.067569553852081299e-02 8.276602625846862793e-02 3.740888554602861404e-03 2.096217125654220581e-02 1.924118841998279095e-03 2.702119573950767517e-02 2.842303179204463959e-02 3.915727138519287109e-02 2.309419214725494385e-03 2.878287434577941895e-02 2.478387951850891113e-02 1.225082669407129288e-04 2.683270350098609924e-02 4.491889849305152893e-02 2.026384510099887848e-02 2.596534602344036102e-02 4.833646863698959351e-02 3.450126200914382935e-02 5.115719046443700790e-03 3.689123690128326416e-02 4.669904336333274841e-02 1.939852721989154816e-02 5.202925577759742737e-02 2.565692923963069916e-02 3.874765709042549133e-02 4.004730284214019775e-02 2.333086915314197540e-02 4.710264131426811218e-02 2.455209568142890930e-02 6.216957233846187592e-03 4.552472010254859924e-02 2.801629900932312012e-02 2.281958051025867462e-02 1.399974338710308075e-02 3.962073475122451782e-02 3.129449859261512756e-02 2.422614954411983490e-02 2.004197053611278534e-02 1.992521993815898895e-02 2.184874005615711212e-02 3.439901396632194519e-02 6.592023652046918869e-03 4.141071438789367676e-02 3.356475383043289185e-02 2.649304829537868500e-02 2.723917132243514061e-03 2.337920013815164566e-03 1.837153173983097076e-02 2.128758095204830170e-02 1.634126179851591587e-03 3.944011777639389038e-02 2.722517214715480804e-02
3.726464137434959412e-02 2.469706721603870392e-02 4.289665445685386658e-02 4.078179225325584412e-02 9.197426028549671173e-03 4.262609034776687622e-02 2.812198176980018616e-02 1.970935799181461334e-02 1.381798740476369858e-02 4.022625088691711426e-02 3.454217920079827309e-03 4.801545143127441406e-01 7.999247871339321136e-03 2.085071057081222534e-01 3.133308514952659607e-02 3.655772283673286438e-02 2.577637322247028351e-02 4.190124943852424622e-02 2.539818361401557922e-02 4.499484598636627197e-02 6.166868284344673157e-02 2.558120712637901306e-02 4.206096008419990540e-02 3.336756676435470581e-02 1.969783939421176910e-02 3.736499324440956116e-02 4.444886744022369385e-02 3.749754279851913452e-02 7.764182053506374359e-03 1.115698460489511490e-02 7.100329734385013580e-03 2.214249689131975174e-03 1.641022274270653725e-03 2.354761026799678802e-02 4.578487947583198547e-02 7.621996849775314331e-02 6.008612737059593201e-02 2.534505166113376617e-02 3.798224776983261108e-02 2.819541655480861664e-02 5.180527659831568599e-05 1.201325375586748123e-02 4.972332157194614410e-03 3.718414157629013062e-02 5.062785465270280838e-03 2.114262804388999939e-02 3.687579929828643799e-02 1.547141186892986298e-02 4.140990204177796841e-04 2.313292585313320160e-02 5.923577025532722473e-02 6.574442610144615173e-03 4.869252815842628479e-02 1.526698470115661621e-03 2.312640845775604248e-02 2.387468889355659485e-02 9.244457818567752838e-03 3.751994669437408447e-02 5.755821242928504944e-03 7.952436804771423340e-03 7.590548694133758545e-02 3.965375944972038269e-02 2.034109830856323242e-02 3.331780806183815002e-02 1.406335365027189255e-02 3.170178830623626709e-02 2.890034206211566925e-02 2.492151595652103424e-02 4.630221519619226456e-03 3.872090578079223633e-02 3.905725851655006409e-02 1.725147664546966553e-02 1.946523040533065796e-02 2.743674442172050476e-02 4.014712199568748474e-02 4.295663535594940186e-02 5.829299241304397583e-02 3.802577778697013855e-02 3.198209404945373535e-02 1.387031655758619308e-02 2.028821408748626709e-02 1.035838760435581207e-02 1.073613762855529785e-02 2.295207045972347260e-02 6.898161023855209351e-02 1.711183227598667145e-02 4.195974394679069519e-02 2.299685031175613403e-02 8.592681959271430969e-03 3.765223175287246704e-02 2.724523842334747314e-02 4.211553558707237244e-02 6.443675607442855835e-02 2.340657450258731842e-02 7.938927970826625824e-03 3.475074842572212219e-02 2.351385541260242462e-02 2.453223057091236115e-02 7.323410827666521072e-04 4.396421462297439575e-02 1.357752364128828049e-02 3.483968973159790039e-02 5.966937635093927383e-03 3.315085545182228088e-02 1.250683050602674484e-02 1.319190766662359238e-02 4.087423905730247498e-02 4.989249631762504578e-02 2.252139337360858917e-02 3.738119453191757202e-02 4.219138063490390778e-03 4.842452332377433777e-02 4.682956263422966003e-02 4.104939103126525879e-02 3.172946348786354065e-02 5.656434688717126846e-03
1.015221029520034790e-01 1.219498664140701294e-01 2.046087756752967834e-02 1.290519954636693001e-03 3.904484212398529053e-03 1.183010116219520569e-01 1.244732812047004700e-01 1.629460602998733521e-02 3.240905934944748878e-03 3.770594671368598938e-02 1.321940720081329346e-01 7.999247871339321136e-03 5.241869091987609863e-01 2.130206488072872162e-02 4.091117903590202332e-02 1.526940055191516876e-02 2.932133711874485016e-02 4.132241755723953247e-02 2.888762205839157104e-02 1.323735341429710388e-02 1.572815142571926117e-02 1.415868755429983139e-02 2.996145933866500854e-02 3.367754444479942322e-02 1.648092828691005707e-02 1.582986116409301758e-02 2.912518940865993500e-02 1.550207100808620453e-02 6.888136267662048340e-02 2.000055275857448578e-02 8.178714662790298462e-02 6.292607635259628296e-03 2.731702290475368500e-02 3.136495500802993774e-02 2.793714031577110291e-02 4.686095565557479858e-02 2.764918096363544464e-02 3.526302054524421692e-02 3.947930783033370972e-02 4.127160459756851196e-02 1.084515824913978577e-02 1.050319988280534744e-02 2.832852676510810852e-02 4.168166220188140869e-02 4.255861788988113403e-02 2.283587120473384857e-02 9.643255174160003662e-02 8.119415491819381714e-02 1.449922658503055573e-02 1.197631377726793289e-02 6.098941434174776077e-03 5.221545230597257614e-03 4.167325049638748169e-02 3.691383823752403259e-02 1.289562042802572250e-02 4.462224245071411133e-02 1.887299865484237671e-02 2.996841678395867348e-03 4.473182559013366699e-02 1.351330708712339401e-02 1.002405118197202682e-02 4.886526614427566528e-03 4.401564598083496094e-02 1.748042739927768707e-02 4.544139653444290161e-02 9.416275471448898315e-02 2.651404356583952904e-03 8.464294485747814178e-03 2.344297617673873901e-02 3.992248792201280594e-03 4.349388554692268372e-02 4.295936971902847290e-02 7.002333179116249084e-03 4.130111192353069782e-04 5.605770274996757507e-03 4.317875020205974579e-03 5.096279829740524292e-02 4.549504444003105164e-02 5.932456115260720253e-04 2.901084534823894501e-02 3.146382793784141541e-02 5.880478303879499435e-03 4.026905074715614319e-02 3.115434944629669189e-02 1.638424582779407501e-02 4.210115224123001099e-02 7.007019594311714172e-03 1.495260745286941528e-02 3.143259137868881226e-02 3.962805867195129395e-02 4.122762009501457214e-02 2.264093980193138123e-02 3.952513262629508972e-02 1.646333746612071991e-02 2.497599460184574127e-02 3.412667661905288696e-02 9.175877086818218231e-03 1.028949301689863205e-02 1.889632083475589752e-02 1.969097368419170380e-02 3.543695807456970215e-02 1.666171103715896606e-02 1.078931149095296860e-02 3.994924481958150864e-03 4.703349992632865906e-02 1.395501568913459778e-02 4.198148474097251892e-02 2.482653036713600159e-02 3.904246538877487183e-02 1.855123974382877350e-02 2.628764323890209198e-02 2.242421032860875130e-03 2.398907020688056946e-02 3.460946679115295410e-02 1.269320677965879440e-02 2.982906764373183250e-03
