4.389972686767578125e-01 5.807508900761604309e-02 1.545554492622613907e-03 1.532931532710790634e-02 3.304666280746459961e-02 1.093735098838806152e-01 3.374256938695907593e-02 4.519969597458839417e-02 8.050268515944480896e-03 3.479184955358505249e-02 1.311407536268234253e-01 5.075545981526374817e-02 9.115812927484512329e-02 3.993233293294906616e-02 4.394833464175462723e-03 2.365450747311115265e-02 1.580009236931800842e-02 1.029891613870859146e-02 2.033849619328975677e-02 8.414062671363353729e-03 3.518890216946601868e-02 4.070900380611419678e-03 8.691843599081039429e-03 2.882896177470684052e-02 5.664594471454620361e-02 1.527939364314079285e-02 3.845244878903031349e-03 1.629182882606983185e-02 7.285844068974256516e-03 2.938328497111797333e-02 2.174312435090541840e-02 3.564687818288803101e-02 2.142380736768245697e-02 2.488158270716667175e-02 4.961280152201652527e-02 1.747545227408409119e-02 8.632954210042953491e-03 2.319033816456794739e-02 1.515226718038320541e-02 1.803601719439029694e-02 2.177749387919902802e-02 3.608806058764457703e-02 8.825592696666717529e-03 2.804775908589363098e-02 5.683032423257827759e-02 6.942774169147014618e-03 9.319103509187698364e-02 4.422618821263313293e-02 4.527489840984344482e-02 8.685126900672912598e-03 2.994798868894577026e-02 2.703662589192390442e-02 3.688374534249305725e-02 2.905817143619060516e-02 4.895155131816864014e-02 2.213683538138866425e-02 4.195499420166015625e-02 9.806894697248935699e-03 3.055719425901770592e-03 1.502006314694881439e-02 2.132559893652796745e-03 3.170052915811538696e-02 1.683188229799270630e-02 2.921621687710285187e-02 3.724132478237152100e-02 1.010262370109558105e-01 7.628553546965122223e-03 1.532987598329782486e-02 1.855475269258022308e-02 5.532110854983329773e-02 1.166132837533950806e-02 3.855594620108604431e-02 9.194769896566867828e-03 5.738913547247648239e-03 2.096425183117389679e-02 9.160239249467849731e-03 3.658616542816162109e-02 1.363348308950662613e-02 1.524489559233188629e-02 2.287689223885536194e-02 1.758295111358165741e-02 2.930752560496330261e-02 4.567544907331466675e-02 5.115285143256187439e-02 5.517793446779251099e-02 4.330457001924514771e-02 5.066128447651863098e-02 1.324500422924757004e-03 2.608179301023483276e-02 3.222658485174179077e-02 3.246022388339042664e-02 2.063014917075634003e-02 2.792235650122165680e-02 3.828886151313781738e-02 1.089362427592277527e-03 4.963507875800132751e-02 3.444448485970497131e-02 1.704867556691169739e-02 1.432902645319700241e-02 7.617423310875892639e-03 1.349442359060049057e-02 4.151285812258720398e-02 1.674585230648517609e-02 9.682025760412216187e-03 2.552490495145320892e-02 6.393179297447204590e-02 3.955537825822830200e-02 3.593941032886505127e-02 8.384536951780319214e-03 1.959333941340446472e-02 3.068670630455017090e-02 5.456324201077222824e-03 6.886661518365144730e-03 2.279788441956043243e-02 2.338569983839988708e-02 3.497823700308799744e-02
5.807508900761604309e-02 4.518227577209472656e-01 2.091997489333152771e-02 2.810694975778460503e-03 2.272307872772216797e-03 6.474225968122482300e-02 7.640582323074340820e-02 4.461287707090377808e-02 4.139846190810203552e-02 2.705390006303787231e-02 4.426481574773788452e-02 9.619433432817459106e-03 1.025275066494941711e-01 6.429281830787658691e-02 1.439895760267972946e-02 3.544710949063301086e-02 4.251433536410331726e-02 5.050404742360115051e-02 3.393078222870826721e-02 3.067993372678756714e-02 5.910492315888404846e-02 4.533407837152481079e-02 3.218224272131919861e-02 4.834036517422646284e-04 2.503872103989124298e-02 2.780973445624113083e-03 8.754985406994819641e-03 1.151588279753923416e-02 6.605049129575490952e-03 4.711304605007171631e-02 4.519169032573699951e-02 2.311188727617263794e-03 3.452743962407112122e-02 3.525412175804376602e-03 4.039017111063003540e-02 1.210309471935033798e-02 3.211838379502296448e-02 6.657232006546109915e-05 2.629210799932479858e-02 2.007222361862659454e-02 5.113067105412483215e-02 1.065047923475503922e-02 4.576921463012695312e-02 3.764077648520469666e-02 2.765823714435100555e-02 2.845854312181472778e-02 6.124681234359741211e-02 4.127646982669830322e-02 4.877279326319694519e-02 1.853647641837596893e-02 3.088640281930565834e-03 4.984844103455543518e-02 4.248125851154327393e-02 2.397771552205085754e-02 4.883753880858421326e-02 4.456261917948722839e-02 4.725047945976257324e-02 3.107455931603908539e-02 3.160886839032173157e-02 4.642274975776672363e-02 3.284069150686264038e-02 5.692768841981887817e-02 1.311851898208260536e-03 4.680305346846580505e-02 3.118089772760868073e-02 9.250083565711975098e-02 1.011733990162611008e-02 1.812062598764896393e-02 1.983032189309597015e-02 4.670192673802375793e-02 3.667645528912544250e-02 3.005971945822238922e-02 2.597969397902488708e-02 1.074063125997781754e-03 3.735795244574546814e-02 1.392034161835908890e-02 5.391198210418224335e-03 4.812013730406761169e-02 4.659977555274963379e-02 1.113998796790838242e-02 2.273611538112163544e-02 3.237755224108695984e-02 2.157575823366641998e-02 3.929910715669393539e-03 2.582526393234729767e-02 2.348203957080841064e-02 5.187392234802246094e-03 8.187782950699329376e-03 2.305115573108196259e-02 1.872667670249938965e-02 4.795387759804725647e-02 3.361409902572631836e-02 1.677566207945346832e-02 3.740518912672996521e-02 4.843705147504806519e-02 5.385642871260643005e-02 3.398576751351356506e-02 4.517849907279014587e-02 2.639527199789881706e-03 1.691484637558460236e-02 3.445807099342346191e-02 1.584343425929546356e-02 5.456751585006713867e-02 4.603414610028266907e-02 3.113209269940853119e-02 2.200104761868715286e-03 2.568058669567108154e-02 4.302972927689552307e-02 7.882999256253242493e-03 8.972841314971446991e-03 1.023832894861698151e-02 2.584262378513813019e-02 3.797604003921151161e-04 2.024778909981250763e-02 2.568709850311279297e-02 2.127761580049991608e-02
1.545554492622613907e-03 2.091997489333152771e-02 4.076891839504241943e-01 1.622128486633300781e-02 4.644091427326202393e-02 1.187098491936922073e-02 2.650846354663372040e-02 1.919843107461929321e-01 3.302066028118133545e-02 2.825127169489860535e-02 2.552343718707561493e-02 2.560460194945335388e-02 2.560768043622374535e-03 4.724109917879104614e-02 3.494335711002349854e-02 2.660010941326618195e-02 1.860126294195652008e-02 4.324652627110481262e-02 3.318426897749304771e-03 2.232174389064311981e-02 3.433547914028167725e-02 4.603455588221549988e-02 2.991820126771926880e-02 6.176451966166496277e-02 1.699898391962051392e-02 1.895268261432647705e-02 1.877974346280097961e-02 1.208484172821044922e-02 3.329571336507797241e-02 1.161633431911468506e-02 1.261590281501412392e-03 1.644881069660186768e-02 4.084324836730957031e-02 3.301511285826563835e-03 2.570731192827224731e-02 1.515713334083557129e-02 2.922713197767734528e-02 1.784632448107004166e-03 4.670612979680299759e-03 1.123888231813907623e-02 1.862312108278274536e-02 6.781964097172021866e-03 3.830536827445030212e-02 5.157243460416793823e-03 4.168824106454849243e-02 2.438655495643615723e-02 4.365691170096397400e-02 5.374694243073463440e-02 1.188034890219569206e-03 3.147126734256744385e-02 1.733309216797351837e-02 4.653223324567079544e-03 4.148254543542861938e-02 2.132673934102058411e-02 4.902807623147964478e-02 3.536241874098777771e-02 1.315583661198616028e-02 1.408902741968631744e-02 6.147283315658569336e-02 1.592218875885009766e-02 2.078641904518008232e-03 7.579147350043058395e-03 1.140077132731676102e-02 2.220819331705570221e-02 1.543441694229841232e-02 8.523562923073768616e-03 1.761844730935990810e-03 3.336629644036293030e-02 2.008023113012313843e-02 4.560719430446624756e-02 1.757021807134151459e-02 5.327942315489053726e-03 1.829502917826175690e-02 8.744940161705017090e-03 4.433238133788108826e-02 4.966810718178749084e-02 3.915540874004364014e-03 4.866747651249170303e-03 1.344544067978858948e-02 4.347999766469001770e-02 1.036927551031112671e-01 7.430418394505977631e-03 1.975457556545734406e-02 1.320882327854633331e-02 1.809477456845343113e-03 7.742884568870067596e-03 6.531941890716552734e-02 2.421744354069232941e-02 4.622707143425941467e-02 3.925185650587081909e-02 6.752313114702701569e-03 3.758805245161056519e-02 4.108329489827156067e-02 6.349335890263319016e-03 1.138796750456094742e-02 9.320168755948543549e-03 3.180801495909690857e-02 2.358019724488258362e-02 4.238864779472351074e-02 1.233518961817026138e-02 3.208078444004058838e-02 1.690374128520488739e-02 3.164600208401679993e-02 3.236741945147514343e-02 7.517834194004535675e-03 9.818287566304206848e-03 1.376130897551774979e-02 2.931080386042594910e-02 4.665482789278030396e-03 8.351346477866172791e-03 3.535578399896621704e-02 1.274301670491695404e-02 1.940385065972805023e-02 1.006000861525535583e-02 3.244563005864620209e-03 9.663701988756656647e-03
1.532931532710790634e-02 2.810694975778460503e-03 1.622128486633300781e-02 4.243945181369781494e-01 6.904661655426025391e-02 5.319261550903320312e-02 1.506769564002752304e-02 1.163198798894882202e-02 1.063549658283591270e-03 1.950228936038911343e-03 4.855706915259361267e-02 3.495652228593826294e-02 4.371944069862365723e-02 2.565129101276397705e-02 5.749769508838653564e-02 4.650352150201797485e-02 3.821390122175216675e-02 2.048598974943161011e-02 4.600212350487709045e-02 2.955585159361362457e-02 5.396979674696922302e-02 7.271490246057510376e-02 5.724111571907997131e-02 6.184370256960391998e-03 3.295815736055374146e-02 3.306780755519866943e-02 3.591931890696287155e-03 6.563821434974670410e-02 3.353465348482131958e-02 2.307948656380176544e-02 4.202976450324058533e-02 4.997690021991729736e-02 3.324709460139274597e-02 4.577932134270668030e-02 1.737284287810325623e-02 1.093102712184190750e-02 3.650429472327232361e-02 3.118676692247390747e-02 3.545605763792991638e-02 4.576077312231063843e-02 5.247551016509532928e-03 4.313698410987854004e-02 3.578703105449676514e-02 2.951612882316112518e-02 3.187255561351776123e-02 4.141373559832572937e-02 1.775316148996353149e-02 1.508096512407064438e-02 3.637670725584030151e-02 3.229947015643119812e-02 1.047080103307962418e-02 2.300160191953182220e-02 1.041673682630062103e-02 2.067299559712409973e-02 1.988644944503903389e-03 1.626149751245975494e-02 4.984988644719123840e-02 2.621774561703205109e-02 8.653073571622371674e-03 4.595120903104543686e-03 3.263945505023002625e-02 7.289120461791753769e-03 1.029893904924392700e-01 6.854400038719177246e-02 1.381258480250835419e-02 3.957197070121765137e-02 3.338827192783355713e-02 3.422396630048751831e-02 1.153490971773862839e-02 7.362775504589080811e-02 4.297875240445137024e-02 5.765403434634208679e-02 1.005439832806587219e-01 1.001872587949037552e-02 2.809956297278404236e-02 1.212423201650381088e-02 1.515855453908443451e-02 3.300584852695465088e-02 2.965720184147357941e-02 3.034850768744945526e-02 1.451354240998625755e-03 2.819873392581939697e-02 8.950736373662948608e-02 1.858850196003913879e-02 1.853526383638381958e-02 1.137321814894676208e-03 3.414824604988098145e-02 4.037404805421829224e-02 1.541889272630214691e-02 1.003744639456272125e-02 2.887985482811927795e-02 6.334816664457321167e-02 2.888609742512926459e-05 1.093665603548288345e-02 3.927106410264968872e-02 4.193984903395175934e-03 3.873485326766967773e-02 1.262846589088439941e-02 1.479886379092931747e-02 1.222992595285177231e-02 1.500596944242715836e-02 1.800974644720554352e-02 1.417057774960994720e-02 8.682278916239738464e-03 2.008549636229872704e-03 6.973461131565272808e-05 4.814410209655761719e-02 7.854904048144817352e-03 8.098317310214042664e-03 4.633218050003051758e-02 2.848020568490028381e-02 1.366064231842756271e-02 6.827019969932734966e-04 4.408995807170867920e-02 1.971728168427944183e-02 2.976728230714797974e-02
3.304666280746459961e-02 2.272307872772216797e-03 4.644091427326202393e-02 6.904661655426025391e-02 4.120320379734039307e-01 3.380941599607467651e-02 4.444788768887519836e-02 2.192012034356594086e-02 4.938973858952522278e-02 3.653014451265335083e-02 4.753651097416877747e-02 4.708011168986558914e-03 4.248605296015739441e-02 4.348878189921379089e-02 8.703878149390220642e-03 5.809311941266059875e-02 4.862143099308013916e-02 4.566525667905807495e-02 8.146909624338150024e-02 1.076808571815490723e-02 2.054330194368958473e-03 4.675482586026191711e-02 3.341539064422249794e-03 2.855115011334419250e-02 3.581193462014198303e-02 1.036819443106651306e-02 3.323391824960708618e-02 4.184519499540328979e-02 7.679844275116920471e-03 3.367920964956283569e-02 1.291998010128736496e-02 3.046179935336112976e-02 1.062996871769428253e-02 1.828701421618461609e-02 2.376196719706058502e-02 3.189068229403346777e-04 2.069231681525707245e-02 3.336213156580924988e-02 2.196378819644451141e-02 1.106690391898155212e-01 2.511597797274589539e-02 1.553935278207063675e-02 1.974719017744064331e-02 2.129724994301795959e-02 4.526672512292861938e-02 1.771723292768001556e-02 2.918574772775173187e-02 4.643816873431205750e-02 3.079096227884292603e-02 1.004868280142545700e-02 4.010510444641113281e-02 4.440404882188886404e-04 2.021108008921146393e-02 4.896787181496620178e-02 2.250959910452365875e-02 4.304119944572448730e-02 4.189028218388557434e-02 2.513990923762321472e-02 4.376600030809640884e-03 1.294758357107639313e-02 3.489601612091064453e-02 1.905609294772148132e-02 3.313791751861572266e-02 1.726518943905830383e-02 9.851634502410888672e-03 2.855966240167617798e-02 2.532002516090869904e-02 2.118465490639209747e-02 1.662236452102661133e-02 1.961126364767551422e-02 6.056179292500019073e-03 2.471570111811161041e-02 2.638869546353816986e-02 3.886146843433380127e-02 1.981582865118980408e-02 9.439652203582227230e-04 4.231391474604606628e-03 6.051569804549217224e-02 1.104877516627311707e-02 5.123788490891456604e-02 4.019758850336074829e-02 1.834471337497234344e-02 1.659302040934562683e-02 9.187187254428863525e-02 4.769144579768180847e-02 4.264107346534729004e-02 3.131689503788948059e-02 3.070199862122535706e-02 6.101333722472190857e-02 7.759422063827514648e-02 1.850289851427078247e-02 2.243332192301750183e-02 2.902060560882091522e-02 4.722986742854118347e-02 2.175254188477993011e-02 1.334109436720609665e-02 3.943229094147682190e-02 1.446271687746047974e-02 3.603479126468300819e-03 4.650246351957321167e-02 4.417429864406585693e-02 2.937830798327922821e-02 3.698769491165876389e-03 2.076647616922855377e-02 6.765897572040557861e-02 2.076797187328338623e-02 3.741280175745487213e-03 7.915011607110500336e-03 2.132185362279415131e-02 8.882482349872589111e-02 2.110529877245426178e-02 3.503189980983734131e-02 1.473306398838758469e-02 1.536682341247797012e-02 2.440960332751274109e-02 1.742780325002968311e-03
1.093735098838806152e-01 6.474225968122482300e-02 1.187098491936922073e-02 5.319261550903320312e-02 3.380941599607467651e-02 4.587335586547851562e-01 7.284311950206756592e-02 3.697532787919044495e-02 2.592846192419528961e-02 1.616577268578112125e-03 8.278090506792068481e-02 2.362456405535340309e-03 7.572528719902038574e-02 1.005415432155132294e-02 2.086865250021219254e-03 2.425486594438552856e-02 4.770830739289522171e-03 3.963145613670349121e-02 2.076026238501071930e-02 7.833457551896572113e-03 1.405956689268350601e-02 2.818016521632671356e-02 1.227871701121330261e-02 1.890736073255538940e-02 1.524248719215393066e-02 2.946914918720722198e-02 4.222690593451261520e-03 4.016113933175802231e-03 5.095620825886726379e-02 1.667369529604911804e-02 2.454296872019767761e-02 1.479061320424079895e-02 4.694804549217224121e-03 4.002281278371810913e-02 2.636897750198841095e-02 4.858547449111938477e-02 2.665948122739791870e-02 4.687775857746601105e-03 1.693665166385471821e-03 3.095302358269691467e-02 3.219011053442955017e-02 4.244729131460189819e-02 2.076673507690429688e-02 3.394191339612007141e-02 2.275149151682853699e-02 5.130042508244514465e-02 1.339645385742187500e-01 6.995707005262374878e-02 5.609771236777305603e-02 2.572573162615299225e-02 4.153501614928245544e-02 2.956960722804069519e-02 1.447144022677093744e-04 3.006237372756004333e-02 3.997585177421569824e-02 3.165939822793006897e-02 3.415486589074134827e-02 1.370899565517902374e-02 4.549340531229972839e-02 1.792100630700588226e-02 1.268415339291095734e-02 8.689830079674720764e-03 3.549644257873296738e-03 3.710498288273811340e-02 3.984474763274192810e-02 7.393046468496322632e-02 3.359742090106010437e-02 2.136137709021568298e-02 8.753500151215121150e-05 1.951522193849086761e-02 3.935171291232109070e-02 5.141942296177148819e-03 2.431800402700901031e-02 3.596262633800506592e-02 1.066520903259515762e-02 5.776329338550567627e-02 1.043596491217613220e-02 1.790926977992057800e-02 2.483924105763435364e-02 2.913416922092437744e-02 4.180280491709709167e-02 5.776714533567428589e-02 4.239012300968170166e-02 6.389215122908353806e-03 3.431040421128273010e-02 8.863325230777263641e-03 2.199985086917877197e-02 1.846972852945327759e-02 3.570010140538215637e-02 8.051750063896179199e-02 2.417407929897308350e-02 4.283344373106956482e-02 2.013745345175266266e-02 4.604434594511985779e-02 4.354805871844291687e-02 3.752808272838592529e-02 4.374003782868385315e-02 4.374685883522033691e-02 4.450270906090736389e-03 3.551257401704788208e-02 5.232002586126327515e-02 4.295862838625907898e-02 4.601799324154853821e-02 4.868939518928527832e-02 2.647562138736248016e-02 1.194529980421066284e-02 4.049922525882720947e-02 3.306169062852859497e-02 4.717392474412918091e-02 2.046735025942325592e-02 4.519172012805938721e-03 1.807934721000492573e-03 1.213293871842324734e-03 2.816599793732166290e-02 1.129482779651880264e-02 1.450023334473371506e-02
3.374256938695907593e-02 7.640582323074340820e-02 2.650846354663372040e-02 1.506769564002752304e-02 4.444788768887519836e-02 7.284311950206756592e-02 4.532800614833831787e-01 2.034006640315055847e-02 4.691783338785171509e-02 1.043931953608989716e-02 5.583778768777847290e-02 8.296991698443889618e-03 4.381912574172019958e-02 5.498248338699340820e-02 3.774762898683547974e-02 3.455756232142448425e-02 1.398191042244434357e-02 4.048762470483779907e-02 1.843931525945663452e-02 8.549042046070098877e-03 3.008313244208693504e-03 4.504094645380973816e-02 1.952005922794342041e-02 9.447772055864334106e-03 3.134436905384063721e-02 1.410847157239913940e-02 4.034001845866441727e-03 2.569765783846378326e-02 4.023263603448867798e-02 4.928518831729888916e-02 3.854339011013507843e-04 1.740836352109909058e-02 5.741236265748739243e-03 7.188763003796339035e-03 4.767791554331779480e-02 6.165178958326578140e-03 2.417829446494579315e-02 1.094558276236057281e-02 2.121981047093868256e-02 1.248753350228071213e-02 1.546299178153276443e-02 5.815077107399702072e-03 5.408876761794090271e-02 4.973473958671092987e-03 2.703183144330978394e-02 8.065887726843357086e-03 6.992474943399429321e-02 9.426811337471008301e-02 4.727479815483093262e-02 2.457838505506515503e-02 4.379855468869209290e-02 4.873941466212272644e-02 5.813389434479176998e-04 1.023541297763586044e-02 3.385556489229202271e-02 5.008529126644134521e-02 3.863605856895446777e-02 5.957931280136108398e-03 4.887660220265388489e-02 1.449926570057868958e-02 2.640164084732532501e-02 4.892834275960922241e-02 2.397441677749156952e-02 3.798981755971908569e-02 3.962651267647743225e-02 5.664332956075668335e-02 4.232972115278244019e-02 2.742079086601734161e-02 1.835094392299652100e-02 3.980105277150869370e-03 5.282905325293540955e-02 3.286028653383255005e-02 3.586761280894279480e-02 1.505507808178663254e-02 3.606916218996047974e-02 3.093405999243259430e-02 4.524916410446166992e-03 2.488088607788085938e-02 1.139173842966556549e-02 8.189559914171695709e-03 8.140492253005504608e-03 2.440704777836799622e-02 8.849495090544223785e-03 6.698710378259420395e-03 3.220197185873985291e-02 1.351166795939207077e-02 1.089298538863658905e-02 2.224096842110157013e-02 7.125797122716903687e-02 5.161383375525474548e-02 3.067089430987834930e-02 4.764297977089881897e-02 4.232471063733100891e-02 2.098329830914735794e-03 1.466676313430070877e-02 2.338337153196334839e-02 2.888755872845649719e-02 6.413117982447147369e-03 5.432679317891597748e-03 5.106749385595321655e-02 2.316574566066265106e-02 1.265197526663541794e-02 3.558113053441047668e-02 1.440317183732986450e-02 2.343008108437061310e-02 1.053753541782498360e-03 7.704312913119792938e-03 4.266256466507911682e-02 3.820727765560150146e-02 5.214277282357215881e-02 8.512271568179130554e-03 4.916634038090705872e-02 1.922598853707313538e-02 4.754664003849029541e-02 3.725195303559303284e-02 1.092970254831016064e-03
4.519969597458839417e-02 4.461287707090377808e-02 1.919843107461929321e-01 1.163198798894882202e-02 2.192012034356594086e-02 3.697532787919044495e-02 2.034006640315055847e-02 4.193583428859710693e-01 3.401460126042366028e-02 4.139085486531257629e-02 4.810929670929908752e-02 2.388879470527172089e-02 8.249802514910697937e-03 7.687259465456008911e-03 1.177404075860977173e-01 4.218244552612304688e-02 4.513731971383094788e-02 3.179380670189857483e-02 2.294235397130250931e-03 1.459185220301151276e-02 1.721750758588314056e-02 9.635909460484981537e-03 3.557436913251876831e-02 2.016445808112621307e-02 3.634379431605339050e-02 1.105172326788306236e-03 4.663861170411109924e-02 3.739913925528526306e-02 4.398227855563163757e-02 1.854823902249336243e-02 2.785792201757431030e-02 2.600033301860094070e-03 1.790451072156429291e-02 4.825909063220024109e-02 4.276954755187034607e-02 6.003922317177057266e-03 3.768457844853401184e-02 2.939317375421524048e-02 9.893070906400680542e-03 2.546438714489340782e-03 4.678600281476974487e-02 4.965654388070106506e-02 4.316957667469978333e-02 3.201822564005851746e-02 3.476298972964286804e-02 1.001882459968328476e-02 2.251839265227317810e-02 1.907504536211490631e-02 2.604314126074314117e-02 3.645410016179084778e-02 3.034794144332408905e-02 3.099654242396354675e-02 3.872969746589660645e-02 5.048756022006273270e-03 4.760377481579780579e-02 5.420631915330886841e-02 3.129806369543075562e-02 3.344405815005302429e-02 3.480491414666175842e-02 1.926510035991668701e-02 5.103059485554695129e-02 2.409872040152549744e-02 3.164633363485336304e-02 3.517719358205795288e-02 3.802415356040000916e-02 1.875002309679985046e-02 6.335007492452859879e-03 3.614358976483345032e-02 4.241357371211051941e-02 4.705453664064407349e-02 4.287122283130884171e-03 8.086045272648334503e-03 2.262509241700172424e-02 7.102843374013900757e-03 4.980284348130226135e-02 1.045329775661230087e-02 4.908207431435585022e-02 3.363372012972831726e-02 3.465421870350837708e-02 1.766412751749157906e-03 1.721080243587493896e-01 6.220857799053192139e-02 1.888784579932689667e-02 2.024590037763118744e-02 2.688230015337467194e-02 1.042388752102851868e-02 1.118595451116561890e-01 1.978563703596591949e-02 1.781396195292472839e-02 4.351135343313217163e-02 4.570381715893745422e-02 3.875472769141197205e-02 2.245373092591762543e-02 2.798866247758269310e-03 4.540496319532394409e-02 4.883956629782915115e-03 5.918768700212240219e-03 2.310322038829326630e-02 1.509640424046665430e-04 9.168004617094993591e-03 3.957460820674896240e-02 2.419519983232021332e-02 7.403422147035598755e-02 5.340226460248231888e-03 6.866635754704475403e-03 2.060303278267383575e-02 9.336192160844802856e-02 4.146929085254669189e-02 2.324759960174560547e-02 3.298253566026687622e-02 1.247260719537734985e-02 3.553702728822827339e-03 4.408778622746467590e-02 3.415565937757492065e-02 1.781891472637653351e-02 5.457407329231500626e-03
8.050268515944480896e-03 4.139846190810203552e-02 3.302066028118133545e-02 1.063549658283591270e-03 4.938973858952522278e-02 2.592846192419528961e-02 4.691783338785171509e-02 3.401460126042366028e-02 4.194364845752716064e-01 2.925538830459117889e-02 2.915286459028720856e-02 8.725944906473159790e-03 2.823174558579921722e-02 4.357222840189933777e-02 5.321976495906710625e-04 2.687033265829086304e-02 1.800037734210491180e-02 7.782522588968276978e-02 5.678118206560611725e-03 8.451365865767002106e-03 3.988924995064735413e-02 9.485096670687198639e-04 7.975437678396701813e-03 1.417409535497426987e-02 5.411776900291442871e-02 3.013152256608009338e-02 1.559803914278745651e-02 3.230307251214981079e-02 4.434542730450630188e-02 3.705036640167236328e-02 1.936226338148117065e-02 4.417769610881805420e-02 3.979714587330818176e-02 5.277916416525840759e-02 1.966169290244579315e-02 1.905235834419727325e-02 1.164507865905761719e-02 4.424267262220382690e-02 5.743231251835823059e-02 2.352122217416763306e-03 2.720917836995795369e-05 2.979418821632862091e-02 2.275578491389751434e-02 1.455745846033096313e-02 2.029866911470890045e-02 3.104476630687713623e-02 2.827489376068115234e-02 4.230775684118270874e-02 1.245355000719428062e-03 2.826111577451229095e-02 4.328069835901260376e-02 1.730325445532798767e-02 9.013751521706581116e-03 2.383826486766338348e-02 8.706557750701904297e-02 3.053362667560577393e-02 1.220936328172683716e-02 1.975107751786708832e-02 3.546115756034851074e-02 4.699482396245002747e-02 4.570086300373077393e-02 1.762762665748596191e-02 2.083800360560417175e-02 4.165547341108322144e-02 4.092114791274070740e-02 4.425562545657157898e-02 1.524780038744211197e-02 6.225389987230300903e-02 2.555894479155540466e-02 3.258733544498682022e-03 3.539869189262390137e-02 5.950234364718198776e-03 6.528306752443313599e-02 6.256351247429847717e-03 3.343208879232406616e-02 1.225810218602418900e-02 6.426786631345748901e-02 1.563197374343872070e-02 1.066072955727577209e-01 3.387535363435745239e-02 3.206903114914894104e-03 2.082907222211360931e-02 9.254097938537597656e-03 8.393979631364345551e-03 6.194765865802764893e-02 8.961470797657966614e-03 7.561207748949527740e-03 2.595496177673339844e-02 3.929294645786285400e-02 2.857651375234127045e-02 2.384828031063079834e-02 1.479790452867746353e-02 4.521306976675987244e-02 1.365154143422842026e-02 1.599159836769104004e-02 4.023589938879013062e-02 7.162253838032484055e-03 3.364626318216323853e-02 6.694047711789608002e-03 3.794932365417480469e-02 2.832142449915409088e-02 3.185500949621200562e-02 1.419799309223890305e-02 1.182606630027294159e-02 2.568824589252471924e-02 3.142683207988739014e-02 2.688628062605857849e-02 2.706557698547840118e-02 3.257981315255165100e-02 2.582639455795288086e-02 3.507735906168818474e-03 1.979227550327777863e-02 1.583900675177574158e-02 3.837017714977264404e-02 3.227548440918326378e-03 8.487812243402004242e-03
3.479184955358505249e-02 2.705390006303787231e-02 2.825127169489860535e-02 1.950228936038911343e-03 3.653014451265335083e-02 1.616577268578112125e-03 1.043931953608989716e-02 4.139085486531257629e-02 2.925538830459117889e-02 4.336505532264709473e-01 8.625643327832221985e-03 1.420450303703546524e-02 9.238505735993385315e-03 1.151350233703851700e-02 2.738340385258197784e-02 9.942590259015560150e-03 9.034520946443080902e-03 3.439312428236007690e-02 7.966055721044540405e-02 5.644343327730894089e-03 2.245385386049747467e-02 4.307433962821960449e-02 6.164144724607467651e-02 5.697446689009666443e-02 2.112615108489990234e-02 4.094225168228149414e-02 4.201099276542663574e-02 7.450321316719055176e-02 5.576276406645774841e-02 5.526468157768249512e-02 1.199968811124563217e-02 1.061972882598638535e-02 1.530771516263484955e-02 4.807144775986671448e-02 1.692029461264610291e-02 6.326953414827585220e-03 7.528600748628377914e-03 4.050641506910324097e-02 1.989939622581005096e-02 3.300402313470840454e-02 4.464582726359367371e-02 5.983423069119453430e-02 5.220077931880950928e-03 4.700525104999542236e-02 4.748372733592987061e-02 1.996440067887306213e-02 4.100251570343971252e-02 1.059835031628608704e-02 9.784889407455921173e-03 6.131976842880249023e-02 4.134099557995796204e-02 2.535223402082920074e-02 1.013368088752031326e-02 3.222436085343360901e-02 2.932043932378292084e-02 2.636445499956607819e-02 3.938979282975196838e-02 4.209570586681365967e-02 1.819152943789958954e-02 4.185051843523979187e-02 3.029745630919933319e-02 2.003697305917739868e-02 8.703646250069141388e-03 2.093049231916666031e-03 2.498058602213859558e-02 5.027399957180023193e-02 4.094701632857322693e-02 4.568933043628931046e-03 4.320155829191207886e-02 4.091600328683853149e-02 5.196949094533920288e-02 1.923244819045066833e-02 3.189504146575927734e-02 5.538776051253080368e-03 7.738973945379257202e-03 4.341154918074607849e-02 2.530453726649284363e-02 4.869651456829160452e-05 5.183776468038558960e-02 6.104937940835952759e-02 3.481226041913032532e-02 2.359696477651596069e-02 6.587250623852014542e-03 7.565811276435852051e-02 1.278650597669184208e-03 1.770462840795516968e-02 4.639368876814842224e-02 2.014729753136634827e-02 2.962769195437431335e-02 6.022059917449951172e-02 4.445897042751312256e-02 2.962543442845344543e-02 1.633468928048387170e-04 1.341756992042064667e-02 4.321546480059623718e-02 2.243609353899955750e-02 4.220709577202796936e-02 4.546153917908668518e-02 4.193695262074470520e-02 1.496984343975782394e-02 2.160228975117206573e-02 1.629281044006347656e-02 1.755747385323047638e-02 4.210093989968299866e-02 5.902418494224548340e-02 1.441145222634077072e-02 1.669038087129592896e-02 1.319894194602966309e-02 5.912538035772740841e-04 3.887617029249668121e-03 8.161150850355625153e-03 2.640767581760883331e-02 1.461986452341079712e-02 2.966344915330410004e-02 3.834714181721210480e-03 4.469803720712661743e-02
1.311407536268234253e-01 4.426481574773788452e-02 2.552343718707561493e-02 4.855706915259361267e-02 4.753651097416877747e-02 8.278090506792068481e-02 5.583778768777847290e-02 4.810929670929908752e-02 2.915286459028720856e-02 8.625643327832221985e-03 4.524711966514587402e-01 4.862984642386436462e-02 9.362284094095230103e-02 5.416513606905937195e-02 4.764703102409839630e-03 1.744403876364231110e-02 2.835487015545368195e-03 3.508986532688140869e-02 1.095975021598860621e-04 2.089857123792171478e-02 1.458185352385044098e-02 5.111580714583396912e-03 1.391788129694759846e-03 3.247505426406860352e-02 4.053035378456115723e-02 8.489579893648624420e-03 2.861671382561326027e-03 4.516214504837989807e-02 4.117156937718391418e-02 1.181489694863557816e-02 4.821319878101348877e-02 4.052543640136718750e-02 2.067068405449390411e-02 1.072019152343273163e-02 4.245334491133689880e-02 1.573026762343943119e-03 6.198833230882883072e-03 3.708401694893836975e-02 3.175679885316640139e-04 1.945458352565765381e-02 9.076475165784358978e-03 1.066485699266195297e-02 3.267299756407737732e-02 4.638949409127235413e-03 4.446069151163101196e-02 2.056430466473102570e-02 8.438920229673385620e-02 1.024701744318008423e-01 2.223227731883525848e-02 1.564609073102474213e-02 2.113530784845352173e-02 2.417986467480659485e-02 2.426670864224433899e-02 1.178335119038820267e-02 1.431505661457777023e-02 9.516843594610691071e-03 3.436882048845291138e-02 1.539317745482549071e-04 2.262309193611145020e-02 2.299752645194530487e-02 2.400491945445537567e-02 3.528628870844841003e-02 5.671879742294549942e-03 3.210236877202987671e-02 1.009081378579139709e-01 1.004632338881492615e-01 4.956177622079849243e-02 5.042048171162605286e-02 4.370965808629989624e-02 1.612297445535659790e-02 9.576257318258285522e-03 3.969200700521469116e-02 1.079094968736171722e-02 2.024317532777786255e-02 1.053232140839099884e-02 1.272834092378616333e-02 9.908905252814292908e-03 4.493505507707595825e-02 6.499172747135162354e-02 2.047947049140930176e-02 9.083014912903308868e-03 2.339868061244487762e-02 4.320706799626350403e-02 1.498504634946584702e-02 2.814628928899765015e-02 4.616953805088996887e-02 8.444005995988845825e-02 3.259771689772605896e-02 1.998882275074720383e-03 3.006896004080772400e-02 2.430538833141326904e-02 2.168733626604080200e-02 8.547654002904891968e-02 3.156228223815560341e-03 2.609596773982048035e-02 5.461787059903144836e-02 1.922698877751827240e-02 4.319186508655548096e-02 5.707519873976707458e-02 5.138769373297691345e-02 1.505836658179759979e-02 3.178727999329566956e-02 1.938467472791671753e-02 3.768279030919075012e-02 4.357689991593360901e-02 3.053098684176802635e-03 4.299320280551910400e-02 4.136588424444198608e-02 4.782334715127944946e-02 3.032884933054447174e-02 5.187063943594694138e-03 1.318818517029285431e-02 4.088810086250305176e-02 4.408695921301841736e-02 2.105277962982654572e-02 6.987746339291334152e-03
5.075545981526374817e-02 9.619433432817459106e-03 2.560460194945335388e-02 3.495652228593826294e-02 4.708011168986558914e-03 2.362456405535340309e-03 8.296991698443889618e-03 2.388879470527172089e-02 8.725944906473159790e-03 1.420450303703546524e-02 4.862984642386436462e-02 4.194008409976959229e-01 4.040708299726247787e-03 1.635123789310455322e-01 1.043677236884832382e-02 1.124182716012001038e-02 5.001821368932723999e-02 5.905102193355560303e-02 3.978810459375381470e-02 4.131733439862728119e-03 3.586545586585998535e-02 3.259055316448211670e-02 1.210894994437694550e-02 3.798461332917213440e-02 2.099226787686347961e-02 6.529889535158872604e-03 4.185976088047027588e-02 5.849478393793106079e-02 5.088959820568561554e-03 2.267587371170520782e-02 4.531928524374961853e-02 2.929332479834556580e-02 8.515985682606697083e-03 2.332474850118160248e-02 2.356700226664543152e-02 2.288543153554201126e-03 1.076264493167400360e-02 1.397592294961214066e-02 5.805462133139371872e-03 3.917177766561508179e-02 8.545075543224811554e-03 5.520611256361007690e-02 2.355982549488544464e-02 2.517065405845642090e-02 3.089843317866325378e-02 1.588992215692996979e-02 1.436106208711862564e-02 3.875236585736274719e-02 5.464756488800048828e-02 1.096364459954202175e-03 6.635815650224685669e-02 4.030488058924674988e-02 2.809050120413303375e-02 1.041729003190994263e-02 3.642732650041580200e-02 3.816593438386917114e-02 1.181315556168556213e-01 2.204915136098861694e-02 1.736333034932613373e-02 2.357406169176101685e-02 6.690967828035354614e-03 6.512273685075342655e-04 4.483124613761901855e-02 4.478253051638603210e-02 3.768153116106987000e-02 3.021698677912354469e-03 2.855063602328300476e-02 3.402712941169738770e-02 4.539500176906585693e-02 1.077181100845336914e-02 4.864394292235374451e-02 7.364992517977952957e-03 2.388838911429047585e-03 2.858291938900947571e-02 1.922957482747733593e-03 8.517982438206672668e-03 5.010291934013366699e-02 2.998878061771392822e-02 3.774000704288482666e-02 4.796323925256729126e-02 3.148532658815383911e-02 3.610638529062271118e-02 3.694570437073707581e-02 5.423903837800025940e-02 4.804386571049690247e-02 1.271850429475307465e-02 9.191748686134815216e-03 3.134282305836677551e-02 5.761004984378814697e-03 2.300149947404861450e-02 2.214962616562843323e-02 1.803803071379661560e-02 2.040032111108303070e-02 1.588416844606399536e-02 2.241297438740730286e-02 3.190604737028479576e-03 9.102442301809787750e-03 9.221728891134262085e-03 3.294220939278602600e-02 1.034677494317293167e-02 1.855733804404735565e-02 3.540660440921783447e-02 4.580191895365715027e-02 3.912302851676940918e-02 4.623572528362274170e-02 3.951096534729003906e-02 3.399136289954185486e-02 1.792482286691665649e-02 8.816242218017578125e-02 4.440252482891082764e-02 1.470539602451026440e-03 3.806242719292640686e-03 4.585602134466171265e-02 3.486825851723551750e-03 3.174124984070658684e-03 4.331782832741737366e-02
9.115812927484512329e-02 1.025275066494941711e-01 2.560768043622374535e-03 4.371944069862365723e-02 4.248605296015739441e-02 7.572528719902038574e-02 4.381912574172019958e-02 8.249802514910697937e-03 2.823174558579921722e-02 9.238505735993385315e-03 9.362284094095230103e-02 4.040708299726247787e-03 4.559817612171173096e-01 1.872467622160911560e-02 2.743122726678848267e-02 3.709627315402030945e-02 1.552441716194152832e-02 2.810820937156677246e-02 1.427066978067159653e-02 3.915073350071907043e-02 2.611487545073032379e-02 3.740327199921011925e-03 9.289238601922988892e-03 1.724381558597087860e-02 3.343991190195083618e-02 9.745425544679164886e-03 1.499908324331045151e-02 3.011708520352840424e-02 4.070194438099861145e-02 4.843124002218246460e-02 5.202145501971244812e-02 1.602213829755783081e-02 3.668591380119323730e-02 8.432013913989067078e-03 3.902247175574302673e-02 1.040911581367254257e-02 1.585933007299900055e-02 4.583594854921102524e-03 3.027262538671493530e-02 1.370893791317939758e-02 3.977663442492485046e-02 2.927052229642868042e-02 4.585063830018043518e-02 2.300231344997882843e-02 1.119865104556083679e-02 4.944442212581634521e-02 8.055222779512405396e-02 3.914913535118103027e-02 2.654492110013961792e-02 5.908758845180273056e-03 4.130401462316513062e-02 2.043659053742885590e-02 2.867687726393342018e-03 9.509880095720291138e-03 3.381219692528247833e-03 5.806925240904092789e-03 2.462483197450637817e-02 1.080838032066822052e-02 3.379728272557258606e-02 3.830806538462638855e-02 2.065365016460418701e-02 2.458841726183891296e-02 7.819049991667270660e-03 3.769731149077415466e-02 5.023289471864700317e-02 1.222427710890769958e-01 3.170695155858993530e-02 2.426231838762760162e-02 2.260167896747589111e-02 1.630415953695774078e-02 5.443705990910530090e-02 4.872488602995872498e-02 4.477095790207386017e-03 2.669506706297397614e-02 7.722277194261550903e-03 1.277147559449076653e-03 6.071681622415781021e-03 4.760191217064857483e-02 1.729431748390197754e-02 2.498449198901653290e-02 1.268035615794360638e-03 5.293549969792366028e-03 2.985625341534614563e-02 2.039580792188644409e-02 6.042996793985366821e-02 6.135104224085807800e-02 4.738757759332656860e-02 1.620121113955974579e-02 2.693193033337593079e-02 3.837972506880760193e-02 2.796971797943115234e-02 2.246268652379512787e-02 3.444434376433491707e-03 4.444188624620437622e-02 3.770107775926589966e-02 1.891162060201168060e-02 2.834970504045486450e-02 5.040074512362480164e-02 5.035705864429473877e-02 3.771268576383590698e-02 2.340188622474670410e-02 3.626873716711997986e-02 3.552309796214103699e-02 4.622192680835723877e-02 2.974475920200347900e-02 3.266028128564357758e-03 3.228556364774703979e-02 2.343425340950489044e-02 3.478083061054348946e-03 4.425777867436408997e-02 1.545324362814426422e-02 1.908870041370391846e-02 4.755903407931327820e-02 4.257626086473464966e-02 3.050386160612106323e-02 2.606402896344661713e-02
