4.997881650924682617e-01 2.702687084674835205e-01 3.654434531927108765e-02 5.718191154301166534e-03 1.231074053794145584e-02 1.685313731431961060e-01 1.230969801545143127e-01 4.486196115612983704e-02 1.893039420247077942e-02 4.327756538987159729e-02 2.087014913558959961e-01 9.786726906895637512e-03 1.432467699050903320e-01 2.637019194662570953e-02 5.254463851451873779e-02 1.123245153576135635e-02 1.973183266818523407e-02 3.256045654416084290e-02 1.173525582998991013e-03 1.123169343918561935e-02 1.056730560958385468e-02 1.312854792922735214e-02 5.382549017667770386e-03 1.069066021591424942e-02 3.131575882434844971e-02 5.015437956899404526e-03 3.359185159206390381e-02 3.624572232365608215e-02 2.781759947538375854e-03 4.663488070946186781e-04 5.016206577420234680e-02 3.519033640623092651e-02 3.611888363957405090e-02 3.337406367063522339e-02 3.351290896534919739e-02 4.403587896376848221e-03 2.656744606792926788e-02 2.285358123481273651e-02 8.318089880049228668e-03 2.587028592824935913e-02 9.000166319310665131e-03 1.237279269844293594e-02 3.666773205623030663e-03 3.127388283610343933e-02 3.462664410471916199e-02 3.913673013448715210e-02 9.000349044799804688e-02 9.508619457483291626e-02 1.042420882731676102e-02 4.047428444027900696e-02 2.708803303539752960e-02 2.405965141952037811e-02 3.363761305809020996e-02 4.201409220695495605e-02 1.564325205981731415e-02 1.645001175347715616e-04 3.881138283759355545e-03 7.131645455956459045e-03 1.523341611027717590e-02 1.548139378428459167e-02 1.832676120102405548e-02 3.356368467211723328e-02 2.223939081886783242e-04 2.984098158776760101e-02 7.568649947643280029e-02 3.266120620537549257e-04 2.141755260527133942e-02 2.769955061376094818e-02 2.232767269015312195e-02 1.520713232457637787e-02 3.601885586977005005e-02 2.176961489021778107e-02 9.661000221967697144e-03 7.389920298010110855e-03 4.426243528723716736e-02 3.634660039097070694e-03 1.435286831110715866e-02 3.091104328632354736e-02 3.086696378886699677e-03 1.034128665924072266e-02 2.591564692556858063e-02 3.477185964584350586e-02 3.673651721328496933e-03 6.664613727480173111e-03 3.140975255519151688e-03 1.104381401091814041e-02 5.543356761336326599e-02 1.935628429055213928e-02 4.260430485010147095e-02 5.288646370172500610e-02 3.120478801429271698e-02 3.879622370004653931e-02 2.660581097006797791e-02 4.247079044580459595e-02 1.269682403653860092e-02 3.376305103302001953e-02 9.575114585459232330e-03 2.735102176666259766e-02 2.579303272068500519e-02 3.229568153619766235e-02 1.852078177034854889e-02 3.905447199940681458e-02 4.597620293498039246e-02 1.176296453922986984e-02 2.765334025025367737e-02 1.056570932269096375e-02 7.698148023337125778e-03 3.899937868118286133e-02 2.079217508435249329e-02 3.322098776698112488e-02 3.004868049174547195e-03 2.232284285128116608e-02 2.902594208717346191e-02 3.071513026952743530e-02 1.170327980071306229e-02 1.529782172292470932e-02
2.702687084674835205e-01 4.997276067733764648e-01 4.371142014861106873e-03 3.853987529873847961e-02 3.902624174952507019e-02 1.240646913647651672e-01 1.699986755847930908e-01 3.233107551932334900e-02 4.922672174870967865e-03 3.647072240710258484e-02 1.832794994115829468e-01 4.219506308436393738e-02 2.282369881868362427e-01 9.126499295234680176e-03 6.176254898309707642e-02 3.058652952313423157e-02 3.511770814657211304e-02 2.940377593040466309e-02 1.841365173459053040e-02 1.762635074555873871e-02 2.555922977626323700e-02 1.299868803471326828e-03 4.075353965163230896e-02 2.459497377276420593e-02 8.245366625487804413e-03 2.892929129302501678e-02 3.259504213929176331e-02 3.581408038735389709e-02 4.212946444749832153e-02 1.298709586262702942e-02 2.133569121360778809e-02 8.984609303297474980e-05 3.086063452064990997e-02 2.942160144448280334e-02 3.381425887346267700e-02 2.626496367156505585e-02 1.256265863776206970e-02 5.859446711838245392e-03 2.217845292761921883e-03 2.620103769004344940e-02 8.096548728644847870e-03 2.779032476246356964e-02 3.030063398182392120e-02 2.822259254753589630e-02 1.057563163340091705e-02 1.278280094265937805e-02 7.393682003021240234e-02 1.326327919960021973e-01 2.542965859174728394e-02 6.070851814001798630e-03 1.629431545734405518e-02 3.659565746784210205e-02 9.858028031885623932e-03 3.992994129657745361e-02 2.288964949548244476e-02 1.969320513308048248e-02 2.624924108386039734e-02 2.542538382112979889e-02 6.665022578090429306e-03 2.166266553103923798e-02 9.455351158976554871e-03 2.579925581812858582e-02 1.853482238948345184e-02 2.955532073974609375e-02 5.597233399748802185e-02 2.398396469652652740e-02 1.209168694913387299e-02 1.567184738814830780e-02 1.648396253585815430e-02 1.628785766661167145e-02 2.457058429718017578e-02 7.873618975281715393e-03 4.451408237218856812e-02 3.015980310738086700e-02 1.928683742880821228e-02 3.890129178762435913e-02 2.254543453454971313e-02 2.139759622514247894e-02 6.283438764512538910e-03 7.140515372157096863e-03 3.247889503836631775e-02 4.211596678942441940e-03 1.386371254920959473e-02 1.564710587263107300e-02 2.436437830328941345e-02 4.059417173266410828e-02 2.516632899641990662e-02 1.753240078687667847e-02 4.601505398750305176e-02 2.599409595131874084e-02 2.869605086743831635e-02 1.633402705192565918e-02 4.788729548454284668e-02 3.468824923038482666e-02 2.816913649439811707e-02 3.549052402377128601e-02 1.272612344473600388e-02 2.679829113185405731e-02 9.356286376714706421e-03 3.299167752265930176e-02 3.104755096137523651e-02 6.873142439872026443e-03 2.828493900597095490e-02 2.721299417316913605e-02 1.935537345707416534e-02 1.216889079660177231e-02 3.621844574809074402e-02 3.660625591874122620e-02 3.355987742543220520e-02 3.929495811462402344e-02 1.462614070624113083e-02 1.730579882860183716e-02 1.018368359655141830e-02 2.312128990888595581e-02 2.653743140399456024e-02 5.404457915574312210e-03
3.654434531927108765e-02 4.371142014861106873e-03 4.822467565536499023e-01 4.513115808367729187e-02 2.446123771369457245e-02 1.198952738195657730e-02 8.587623015046119690e-03 9.651147574186325073e-02 2.114602364599704742e-02 4.147280007600784302e-02 4.803444817662239075e-02 4.355499520897865295e-02 4.610773175954818726e-02 1.435359474271535873e-02 6.228612735867500305e-02 1.943384110927581787e-02 1.814660802483558655e-02 3.565016016364097595e-02 3.386857919394969940e-03 2.791071496903896332e-02 3.384172543883323669e-02 2.068092674016952515e-02 1.483464427292346954e-02 1.780650205910205841e-02 4.373772442340850830e-02 1.993354968726634979e-02 4.086861759424209595e-02 3.379770368337631226e-02 2.700267918407917023e-02 1.878255791962146759e-02 3.951212018728256226e-02 2.934258989989757538e-02 6.069306284189224243e-03 8.324805647134780884e-03 6.271445658057928085e-03 2.183266729116439819e-02 6.818468682467937469e-03 6.052122265100479126e-02 1.883997581899166107e-02 2.968118526041507721e-03 2.707396075129508972e-02 4.043748602271080017e-02 2.127070724964141846e-02 4.929225891828536987e-02 2.207561209797859192e-02 2.670708298683166504e-02 8.122651837766170502e-03 1.823391392827033997e-02 2.808000519871711731e-02 1.219942327588796616e-02 1.618854515254497528e-02 4.213927313685417175e-02 3.984608128666877747e-02 1.006068289279937744e-02 2.283930219709873199e-02 1.567788235843181610e-02 2.864110842347145081e-02 1.031919149681925774e-03 3.375665470957756042e-02 2.877600118517875671e-02 1.633381471037864685e-02 3.249184042215347290e-02 1.055140420794487000e-01 4.535348154604434967e-03 2.786389365792274475e-02 1.933188736438751221e-02 9.287229739129543304e-03 1.473699603229761124e-02 2.685554698109626770e-02 3.448863700032234192e-02 3.576884046196937561e-02 1.102297846227884293e-02 4.026263579726219177e-02 5.015874281525611877e-02 4.441206343472003937e-03 5.754619464278221130e-02 1.667351461946964264e-02 3.060672804713249207e-02 2.869712933897972107e-02 4.270111769437789917e-02 1.889459490776062012e-01 1.407860219478607178e-01 2.632372267544269562e-02 5.317284725606441498e-03 1.077108830213546753e-02 3.936236724257469177e-02 9.726765006780624390e-02 1.047498583793640137e-01 7.717765402048826218e-03 1.389448996633291245e-02 4.603048786520957947e-02 7.996572554111480713e-02 4.819571971893310547e-02 4.185238108038902283e-02 3.690158575773239136e-02 1.087553706020116806e-02 4.931196197867393494e-02 1.833793520927429199e-02 3.441785648465156555e-02 3.836560621857643127e-02 2.194886282086372375e-02 3.802027925848960876e-02 1.131917536258697510e-02 5.904440209269523621e-02 4.545160010457038879e-02 5.497765261679887772e-03 2.273203805088996887e-03 7.387612480670213699e-03 1.530566904693841934e-02 3.938715904951095581e-02 3.927119821310043335e-02 3.862849995493888855e-02 3.040753072127699852e-04 2.473867125809192657e-02 4.692455381155014038e-02 4.983472451567649841e-02
5.718191154301166534e-03 3.853987529873847961e-02 4.513115808367729187e-02 4.623159468173980713e-01 1.747612953186035156e-01 1.244804542511701584e-02 2.331682853400707245e-02 1.828453689813613892e-02 4.286768659949302673e-02 5.693138763308525085e-02 2.868828549981117249e-02 2.953461930155754089e-02 2.178401313722133636e-02 8.852261118590831757e-03 2.808905020356178284e-02 5.998798646032810211e-03 3.595173591747879982e-03 3.178530931472778320e-02 8.240818977355957031e-03 7.821514271199703217e-03 3.894587978720664978e-02 4.788902774453163147e-02 1.610287465155124664e-02 2.287720702588558197e-02 2.990815043449401855e-02 1.301269885152578354e-02 4.416414350271224976e-02 4.936476051807403564e-02 8.693070150911808014e-03 1.473934762179851532e-02 3.208346292376518250e-02 5.517533048987388611e-02 3.429242968559265137e-02 7.825840148143470287e-04 1.747977547347545624e-02 2.740987017750740051e-02 3.238344192504882812e-02 6.424427498131990433e-03 7.768299430608749390e-02 5.964102596044540405e-02 2.476269751787185669e-02 1.246949471533298492e-02 4.183333367109298706e-02 1.843740232288837433e-02 3.634281456470489502e-02 2.035601995885372162e-02 5.589205538854002953e-04 1.295776106417179108e-02 1.430311799049377441e-02 3.114151023328304291e-02 3.235213458538055420e-02 1.487921737134456635e-02 1.823072694242000580e-02 2.681098505854606628e-02 2.963954210281372070e-02 2.155449613928794861e-02 2.916710451245307922e-02 3.525114431977272034e-02 7.084289565682411194e-03 2.135950326919555664e-02 4.536027461290359497e-02 5.247621610760688782e-02 1.596727967262268066e-02 1.581725291907787323e-02 4.369140416383743286e-02 2.645643614232540131e-02 1.432427484542131424e-02 3.448764979839324951e-02 2.961775101721286774e-02 8.573216386139392853e-03 9.445749223232269287e-03 4.209402203559875488e-02 1.116423532366752625e-01 3.875647857785224915e-02 4.750043898820877075e-02 2.180534228682518005e-02 7.607167586684226990e-03 4.456079751253128052e-02 1.180563820526003838e-03 2.660723216831684113e-02 1.340529602020978928e-02 2.050718525424599648e-03 6.611265987157821655e-02 5.823090299963951111e-02 4.260104894638061523e-02 1.091377157717943192e-02 4.564949497580528259e-02 3.449293226003646851e-02 2.352201938629150391e-02 2.028690464794635773e-02 4.725292697548866272e-02 2.235995046794414520e-02 1.879886351525783539e-02 3.476381301879882812e-02 6.690241280011832714e-04 4.196191951632499695e-02 2.902912534773349762e-02 2.379935979843139648e-02 1.286424137651920319e-02 2.222968451678752899e-02 3.101550415158271790e-02 3.016005083918571472e-02 2.016392536461353302e-02 2.629889547824859619e-02 1.013448648154735565e-02 1.873638108372688293e-02 3.213060274720191956e-02 4.160930216312408447e-02 4.008460417389869690e-02 1.085300650447607040e-02 1.688866131007671356e-02 3.620442748069763184e-02 2.755932323634624481e-02 4.724985361099243164e-02 3.312715142965316772e-02 4.181288182735443115e-02
1.231074053794145584e-02 3.902624174952507019e-02 2.446123771369457245e-02 1.747612953186035156e-01 4.599061906337738037e-01 1.666502654552459717e-02 3.028966113924980164e-02 1.221608184278011322e-02 2.090984769165515900e-02 1.598526909947395325e-02 3.183562681078910828e-02 4.335711523890495300e-02 1.836567185819149017e-02 7.128957076929509640e-04 3.892649710178375244e-02 9.054947644472122192e-03 4.082476720213890076e-02 1.098148897290229797e-02 3.689880296587944031e-02 5.187577381730079651e-02 2.525191009044647217e-02 8.340116590261459351e-03 3.177859980496577919e-05 3.348398208618164062e-02 4.427696764469146729e-02 2.439876785501837730e-03 6.651850882917642593e-03 1.531574130058288574e-02 1.961760036647319794e-02 3.832937031984329224e-02 3.232888877391815186e-02 6.138238590210676193e-03 2.685309201478958130e-02 5.817564949393272400e-02 1.462388504296541214e-02 2.264940738677978516e-02 1.151413284242153168e-02 2.095010504126548767e-02 2.333780378103256226e-02 5.253981798887252808e-02 3.124029934406280518e-02 1.168235391378402710e-02 2.457940205931663513e-02 4.123946279287338257e-02 3.764321282505989075e-02 3.553454950451850891e-02 1.715255551971495152e-03 1.626686565577983856e-02 7.948826067149639130e-03 4.635810479521751404e-02 3.563541173934936523e-02 1.573795685544610023e-03 9.017375297844409943e-03 1.086023449897766113e-02 1.621085032820701599e-02 3.093321993947029114e-02 1.206075586378574371e-02 1.442414056509733200e-02 1.957796886563301086e-02 9.099022485315799713e-03 4.162158444523811340e-02 6.024949625134468079e-02 1.194260735064744949e-02 1.872531883418560028e-02 3.292158246040344238e-02 5.007960274815559387e-02 2.679966948926448822e-02 4.452072083950042725e-02 6.538125127553939819e-02 2.777024917304515839e-02 5.000304430723190308e-02 1.662305183708667755e-02 5.560501292347908020e-02 1.582395657896995544e-02 5.401754751801490784e-02 2.738390304148197174e-02 3.210043534636497498e-02 5.365674151107668877e-04 1.922409166581928730e-03 1.643369719386100769e-02 1.619719713926315308e-02 4.020740091800689697e-02 3.717467933893203735e-02 1.410114467144012451e-01 5.719410255551338196e-03 1.027956139296293259e-02 2.192924544215202332e-02 1.908484473824501038e-02 4.919845610857009888e-03 4.446779564023017883e-02 3.327828645706176758e-02 2.481234446167945862e-02 2.663367241621017456e-02 8.120985701680183411e-03 7.990589365363121033e-03 3.200910612940788269e-02 1.068529672920703888e-02 1.676417887210845947e-02 9.197473526000976562e-03 1.242437865585088730e-02 3.642985224723815918e-02 2.198847010731697083e-02 3.529524803161621094e-02 3.824189305305480957e-03 3.247553855180740356e-02 6.762631237506866455e-04 4.336717352271080017e-02 2.591675519943237305e-02 4.270781576633453369e-02 1.766262692399322987e-03 2.765155769884586334e-02 3.836837783455848694e-02 5.646881088614463806e-02 4.115487635135650635e-02 1.101307850331068039e-02 3.240269795060157776e-02
1.685313731431961060e-01 1.240646913647651672e-01 1.198952738195657730e-02 1.244804542511701584e-02 1.666502654552459717e-02 4.705244898796081543e-01 2.492325454950332642e-01 2.874914556741714478e-02 6.678720470517873764e-03 4.186690226197242737e-02 7.526726275682449341e-02 9.451289474964141846e-02 1.689108833670616150e-02 7.547210901975631714e-02 1.769506745040416718e-02 4.059116542339324951e-02 3.593800216913223267e-02 2.210411708801984787e-03 2.724292501807212830e-02 3.469657152891159058e-02 3.251361474394798279e-02 3.388244286179542542e-02 7.133350591175258160e-04 7.980552501976490021e-03 1.750739291310310364e-02 9.269378148019313812e-03 2.085197903215885162e-02 3.909711726009845734e-03 5.076903477311134338e-02 6.096060387790203094e-03 1.238575205206871033e-02 1.424214243888854980e-02 3.471955657005310059e-02 2.407315745949745178e-02 2.557227015495300293e-02 1.003575418144464493e-02 1.299910712987184525e-03 3.854186087846755981e-02 2.344293519854545593e-03 3.928835969418287277e-03 5.839896202087402344e-02 3.817868977785110474e-02 3.829943388700485229e-02 3.739703446626663208e-02 3.392812609672546387e-02 4.027380421757698059e-02 1.010302379727363586e-01 9.329733252525329590e-02 2.081916294991970062e-02 2.078446792438626289e-03 2.227471768856048584e-02 4.665836319327354431e-02 3.022922948002815247e-02 7.052866742014884949e-03 3.596981242299079895e-02 3.594676498323678970e-03 1.615390740334987640e-02 2.271558716893196106e-02 4.202992189675569534e-03 4.709070548415184021e-02 3.095691790804266930e-03 3.454035148024559021e-02 2.985411509871482849e-02 3.207530826330184937e-02 1.286112610250711441e-02 5.252675339579582214e-02 2.194094099104404449e-02 1.436680927872657776e-02 8.876995183527469635e-03 7.674082182347774506e-03 6.367917172610759735e-03 2.943982370197772980e-03 2.594624646008014679e-02 1.157525554299354553e-02 1.820429973304271698e-02 6.672104820609092712e-03 5.409452132880687714e-03 4.083469137549400330e-02 3.010077960789203644e-02 1.619888842105865479e-02 1.050248835235834122e-02 1.584496349096298218e-02 2.265159785747528076e-02 2.093289420008659363e-02 4.006962105631828308e-02 4.280866682529449463e-02 1.528103556483983994e-02 9.217079728841781616e-03 8.657873421907424927e-02 3.047672845423221588e-02 3.870024578645825386e-03 8.856447413563728333e-03 6.756466813385486603e-03 8.791782893240451813e-03 3.730086982250213623e-02 2.307161223143339157e-03 1.338679157197475433e-02 2.172390185296535492e-02 1.535134762525558472e-02 2.757797576487064362e-02 1.699647866189479828e-02 1.985066384077072144e-02 3.942803665995597839e-02 1.852173916995525360e-02 1.320709194988012314e-02 2.449949830770492554e-02 3.194062411785125732e-02 4.103650152683258057e-02 2.053380571305751801e-02 9.011722169816493988e-03 4.116411786526441574e-03 7.881619967520236969e-03 1.980492472648620605e-02 1.753663830459117889e-02 1.026057056151330471e-03 3.280610591173171997e-02
1.230969801545143127e-01 1.699986755847930908e-01 8.587623015046119690e-03 2.331682853400707245e-02 3.028966113924980164e-02 2.492325454950332642e-01 4.780465066432952881e-01 4.222478717565536499e-02 5.612678080797195435e-02 1.128831226378679276e-02 9.262293577194213867e-02 5.646075308322906494e-02 8.673679828643798828e-02 1.250320374965667725e-01 2.650715969502925873e-02 3.848968073725700378e-02 4.757034406065940857e-02 3.806763514876365662e-02 3.355496749281883240e-02 1.511088758707046509e-02 2.425251901149749756e-02 3.522616252303123474e-02 1.269122934900224209e-03 1.246727909892797470e-02 3.638124465942382812e-02 2.965895645320415497e-02 2.046796120703220367e-02 1.081139594316482544e-02 2.338340273126959801e-03 8.498319424688816071e-03 8.483459241688251495e-03 3.211483824998140335e-03 2.492127195000648499e-02 3.057412616908550262e-02 2.116611227393150330e-02 7.350587751716375351e-03 1.685073412954807281e-02 6.416715914383530617e-04 3.840346354991197586e-03 4.568504635244607925e-03 5.308090150356292725e-02 1.773795112967491150e-02 6.165707018226385117e-03 3.430024534463882446e-02 3.758119046688079834e-02 2.367699780734255910e-04 3.753935918211936951e-02 1.122574508190155029e-01 1.504267286509275436e-02 1.529857330024242401e-02 1.259291172027587891e-02 1.593918167054653168e-02 4.302914440631866455e-02 2.892781281843781471e-03 1.843654923141002655e-02 3.841477259993553162e-02 4.593352228403091431e-02 4.538612440228462219e-02 4.744374658912420273e-03 4.325823858380317688e-02 4.267198964953422546e-02 3.816024214029312134e-02 2.540008910000324249e-02 2.671167068183422089e-02 9.603885933756828308e-03 3.345658257603645325e-02 2.629869431257247925e-02 3.484527394175529480e-02 3.974670916795730591e-02 3.427004814147949219e-02 1.533797942101955414e-02 5.674517247825860977e-03 5.929757840931415558e-03 3.722037374973297119e-02 2.820321172475814819e-02 2.787949889898300171e-02 4.074541479349136353e-02 3.550507873296737671e-02 5.401419103145599365e-02 3.148754313588142395e-02 1.109366025775671005e-02 1.728675700724124908e-02 6.343326065689325333e-03 2.459263056516647339e-02 1.061167474836111069e-02 9.943689219653606415e-03 2.676940336823463440e-02 1.949522644281387329e-02 9.197486191987991333e-02 4.384068027138710022e-02 5.422315746545791626e-02 1.492791902273893356e-02 6.621459871530532837e-02 4.543249960988759995e-03 3.657361259683966637e-03 2.291631326079368591e-02 2.363920584321022034e-02 1.256040111184120178e-02 2.692740596830844879e-02 2.469174377620220184e-02 2.322440594434738159e-02 2.583221159875392914e-02 3.702915087342262268e-02 6.362766493111848831e-03 2.905030548572540283e-02 2.210553921759128571e-02 3.262702003121376038e-02 1.538135111331939697e-02 2.922446001321077347e-03 2.387875504791736603e-02 1.001985371112823486e-02 2.988236583769321442e-02 4.641534388065338135e-02 3.516591340303421021e-02 2.823694236576557159e-02 3.317454457283020020e-02
4.486196115612983704e-02 3.233107551932334900e-02 9.651147574186325073e-02 1.828453689813613892e-02 1.221608184278011322e-02 2.874914556741714478e-02 4.222478717565536499e-02 4.565474092960357666e-01 3.798738867044448853e-02 3.967244923114776611e-02 2.144719287753105164e-02 3.008996695280075073e-02 8.608211763203144073e-03 2.933053486049175262e-02 7.037325948476791382e-02 7.490702904760837555e-03 4.224133118987083435e-02 3.015140630304813385e-02 3.727477416396141052e-02 3.577120974659919739e-02 1.966319791972637177e-02 1.547402888536453247e-02 2.499585226178169250e-02 3.282240405678749084e-02 3.987935930490493774e-02 1.219880022108554840e-02 6.957453489303588867e-02 2.535744383931159973e-02 1.541179046034812927e-02 4.294091835618019104e-02 6.841821596026420593e-03 3.350940346717834473e-02 2.591386996209621429e-02 9.032496251165866852e-03 7.541386410593986511e-03 3.987149149179458618e-02 6.080579012632369995e-03 2.418769896030426025e-02 1.729512959718704224e-02 6.311506032943725586e-02 6.648712325841188431e-03 2.488219551742076874e-02 2.846917696297168732e-02 1.860084012150764465e-02 5.116151180118322372e-03 2.428414113819599152e-02 4.701115563511848450e-02 1.684556045802310109e-04 1.466926001012325287e-02 3.412295877933502197e-02 8.600829169154167175e-04 3.383889049291610718e-02 6.875012535601854324e-03 1.197053305804729462e-02 2.193801477551460266e-02 1.150506827980279922e-02 4.238591063767671585e-04 2.471448294818401337e-02 1.642316579818725586e-03 2.893448993563652039e-02 1.846832409501075745e-02 2.578534185886383057e-02 1.841273345053195953e-02 1.867268420755863190e-02 7.411823025904595852e-04 2.538259141147136688e-02 2.732210047543048859e-02 2.863687276840209961e-02 3.361716121435165405e-02 3.034166246652603149e-02 5.552080459892749786e-03 2.935504354536533356e-02 1.984734460711479187e-02 8.400960941798985004e-04 1.126937940716743469e-02 4.370272532105445862e-02 2.672536484897136688e-02 2.661379054188728333e-02 4.837398882955312729e-03 3.975472971796989441e-02 1.270594298839569092e-01 9.199178218841552734e-02 3.150512464344501495e-03 2.670707367360591888e-02 4.071892425417900085e-02 3.363735973834991455e-03 5.101925879716873169e-02 5.377290025353431702e-02 4.161875694990158081e-02 4.328214004635810852e-02 1.214375952258706093e-03 2.430376596748828888e-02 3.692124783992767334e-02 4.631828889250755310e-02 2.337835356593132019e-02 4.975350107997655869e-03 2.629170566797256470e-02 2.966107986867427826e-02 1.530384924262762070e-02 5.836468655616044998e-03 5.922357551753520966e-03 4.240025207400321960e-02 4.700941219925880432e-02 1.411604229360818863e-02 2.827754477038979530e-03 2.934981882572174072e-02 3.565052151679992676e-02 5.201789550483226776e-03 7.825682987459003925e-04 6.377447396516799927e-02 1.719981804490089417e-02 1.773702912032604218e-02 2.255626954138278961e-02 3.648760542273521423e-02 3.837894182652235031e-03 2.017378807067871094e-02
1.893039420247077942e-02 4.922672174870967865e-03 2.114602364599704742e-02 4.286768659949302673e-02 2.090984769165515900e-02 6.678720470517873764e-03 5.612678080797195435e-02 3.798738867044448853e-02 4.796249866485595703e-01 8.697123825550079346e-02 3.168499097228050232e-02 8.942244201898574829e-02 4.355582594871520996e-02 3.693345934152603149e-02 3.758595511317253113e-02 2.487719245254993439e-02 1.837895624339580536e-02 7.939858734607696533e-02 4.340021871030330658e-03 5.235407873988151550e-02 2.453368902206420898e-02 3.177429363131523132e-02 3.895212709903717041e-02 3.868759050965309143e-02 5.198295786976814270e-02 2.453226782381534576e-02 6.725073326379060745e-03 1.062087714672088623e-02 2.673102542757987976e-02 3.157981112599372864e-02 1.165755791589617729e-03 2.496470697224140167e-03 4.353382438421249390e-02 4.725391045212745667e-02 5.247328081168234348e-04 2.492612972855567932e-02 5.420702323317527771e-02 6.774664390832185745e-03 5.426934733986854553e-02 4.708197712898254395e-02 2.117763459682464600e-02 8.423253148794174194e-02 2.548770233988761902e-02 9.835069999098777771e-03 5.610701814293861389e-02 5.093860439956188202e-03 1.301368884742259979e-02 3.922257106751203537e-03 7.203967869281768799e-02 9.242211468517780304e-03 4.405176732689142227e-03 2.968224883079528809e-02 2.866074815392494202e-02 9.862583130598068237e-03 9.201990067958831787e-02 1.467731595039367676e-02 1.001492515206336975e-02 3.280511498451232910e-02 3.797430917620658875e-02 7.942259311676025391e-03 1.594909583218395710e-03 5.902275815606117249e-02 3.019139729440212250e-02 6.335022044368088245e-04 2.001767233014106750e-02 2.239298075437545776e-02 5.237250402569770813e-02 5.704658851027488708e-02 4.894994571805000305e-02 3.413486480712890625e-02 7.963867858052253723e-03 4.196485038846731186e-03 5.263208225369453430e-02 2.429586276412010193e-02 1.305360440164804459e-02 3.989856690168380737e-02 1.338978111743927002e-01 4.234467074275016785e-02 7.551537454128265381e-02 3.426572307944297791e-02 3.510867059230804443e-02 2.401866763830184937e-02 5.568562448024749756e-02 9.639912284910678864e-03 3.110979869961738586e-02 2.483741939067840576e-02 1.116115506738424301e-02 5.316101945936679840e-03 2.807510644197463989e-02 4.986009746789932251e-02 3.870764747262001038e-02 1.299998909235000610e-02 1.762156188488006592e-02 3.152429684996604919e-02 5.173901468515396118e-02 4.463333263993263245e-02 2.369055896997451782e-02 3.148941695690155029e-02 7.431606203317642212e-02 1.776393875479698181e-02 3.398827090859413147e-02 1.544537022709846497e-02 3.092653490602970123e-02 1.985416188836097717e-02 3.424970433115959167e-02 3.850789275020360947e-03 9.617142379283905029e-03 2.092025615274906158e-02 1.859626360237598419e-02 5.476633086800575256e-03 3.802198171615600586e-02 3.460303321480751038e-02 4.722514003515243530e-02 3.143444284796714783e-02 3.646195307374000549e-02 1.077319681644439697e-02
4.327756538987159729e-02 3.647072240710258484e-02 4.147280007600784302e-02 5.693138763308525085e-02 1.598526909947395325e-02 4.186690226197242737e-02 1.128831226378679276e-02 3.967244923114776611e-02 8.697123825550079346e-02 4.799304604530334473e-01 3.983986377716064453e-02 4.006968811154365540e-03 3.787794848904013634e-03 8.864689618349075317e-03 3.675791621208190918e-02 3.362713754177093506e-02 6.494131684303283691e-02 6.923730485141277313e-03 7.666044682264328003e-02 3.362069278955459595e-02 2.260376000776886940e-03 1.880313828587532043e-02 1.797845400869846344e-02 3.301323950290679932e-02 3.950486890971660614e-03 1.063763257116079330e-02 2.929407358169555664e-02 2.518415264785289764e-02 1.463410444557666779e-02 2.968770265579223633e-02 1.492966245859861374e-02 4.479014780372381210e-03 2.316370978951454163e-02 9.018392302095890045e-03 1.506263203918933868e-02 4.676498472690582275e-02 1.707093790173530579e-02 8.793043904006481171e-03 1.642870530486106873e-02 2.300454303622245789e-02 1.278728339821100235e-02 1.952218823134899139e-02 2.646818198263645172e-02 1.842230744659900665e-02 2.744848653674125671e-02 1.261486904695630074e-03 2.549026347696781158e-02 8.149813860654830933e-03 2.013257518410682678e-02 6.685311347246170044e-02 1.317640207707881927e-02 6.362501531839370728e-03 4.109621047973632812e-02 5.113653466105461121e-02 3.316617757081985474e-02 7.798786461353302002e-02 5.102733895182609558e-02 4.325086995959281921e-02 3.354456648230552673e-02 3.214525803923606873e-02 6.104518845677375793e-02 3.014924190938472748e-02 1.539747137576341629e-02 8.346780203282833099e-03 6.170121487230062485e-03 1.086887717247009277e-02 2.838244102895259857e-02 1.300399098545312881e-02 1.088001485913991928e-02 4.358605295419692993e-02 1.743197999894618988e-02 4.510066658258438110e-02 1.643906906247138977e-02 2.733064070343971252e-02 4.620100185275077820e-02 3.013193048536777496e-02 1.341970078647136688e-02 1.162189170718193054e-01 3.962606191635131836e-02 8.625870198011398315e-02 2.581389807164669037e-02 4.706365056335926056e-03 1.436388213187456131e-02 5.888410285115242004e-02 4.964448511600494385e-03 1.613068953156471252e-02 2.164653269574046135e-03 1.297448854893445969e-02 4.581503197550773621e-02 3.445823490619659424e-02 3.541200980544090271e-02 2.723630890250205994e-02 1.204656809568405151e-02 4.045392945408821106e-02 2.282048016786575317e-02 1.842288114130496979e-02 1.667434535920619965e-02 1.373613253235816956e-03 6.125270575284957886e-02 3.784297034144401550e-02 4.912897571921348572e-02 5.364244058728218079e-02 3.521818667650222778e-03 2.447683736681938171e-02 2.308835834264755249e-02 5.146813020110130310e-02 5.448047444224357605e-02 3.295017406344413757e-03 2.072640880942344666e-02 7.943851873278617859e-03 4.229572415351867676e-02 2.163076214492321014e-02 9.761415421962738037e-03 5.360881239175796509e-02 1.740671694278717041e-02 1.148988865315914154e-02
2.087014913558959961e-01 1.832794994115829468e-01 4.803444817662239075e-02 2.868828549981117249e-02 3.183562681078910828e-02 7.526726275682449341e-02 9.262293577194213867e-02 2.144719287753105164e-02 3.168499097228050232e-02 3.983986377716064453e-02 4.994622468948364258e-01 3.265723586082458496e-02 1.308748573064804077e-01 3.312928229570388794e-02 3.373775258660316467e-02 2.595962956547737122e-02 8.914922364056110382e-03 2.208204567432403564e-02 1.375042181462049484e-02 3.321693465113639832e-02 1.941917277872562408e-02 2.302684076130390167e-02 3.937041759490966797e-02 4.894710704684257507e-02 1.812558062374591827e-02 2.103831619024276733e-02 4.053007438778877258e-02 3.783565014600753784e-02 3.334573656320571899e-02 4.220949113368988037e-02 2.938717603683471680e-03 3.458727523684501648e-02 4.125874117016792297e-02 2.991637215018272400e-02 3.690626099705696106e-02 1.854580454528331757e-02 1.200457627419382334e-04 5.345835909247398376e-02 7.680824492126703262e-03 3.870124742388725281e-02 1.183524541556835175e-02 8.764724247157573700e-03 2.895293757319450378e-02 6.639997661113739014e-02 1.193722337484359741e-02 4.541671276092529297e-02 6.918335705995559692e-02 8.964527398347854614e-02 2.408819459378719330e-02 1.928820647299289703e-02 3.992398455739021301e-02 3.195796906948089600e-02 3.064214065670967102e-02 2.272952161729335785e-02 1.847139932215213776e-02 2.353718690574169159e-02 1.199746504426002502e-02 4.482144024223089218e-03 3.899183357134461403e-03 6.091812625527381897e-03 2.970086410641670227e-02 1.305105071514844894e-02 1.182451192289590836e-02 2.479263953864574432e-02 1.280732005834579468e-01 5.453965440392494202e-02 3.000122681260108948e-02 3.141120076179504395e-02 2.289489284157752991e-02 3.017348237335681915e-03 1.031013578176498413e-02 3.360156342387199402e-02 1.449995487928390503e-02 1.906157098710536957e-02 1.462885923683643341e-02 1.580706797540187836e-02 2.555479668080806732e-02 2.720422670245170593e-02 2.078705094754695892e-02 3.893853351473808289e-02 6.440919637680053711e-02 4.068494588136672974e-02 1.120327226817607880e-02 2.875695005059242249e-02 1.700103096663951874e-02 4.147848486900329590e-02 1.002865582704544067e-01 5.195583682507276535e-03 1.814244315028190613e-02 3.987490385770797729e-02 5.392618477344512939e-02 5.706045031547546387e-02 4.047464171890169382e-04 4.360627755522727966e-02 1.102599594742059708e-02 1.321258768439292908e-02 2.204761467874050140e-02 6.612909026443958282e-03 4.433156549930572510e-02 3.615897893905639648e-02 3.274886310100555420e-02 1.697598956525325775e-02 5.264465138316154480e-02 6.592296063899993896e-02 2.676123380661010742e-02 4.739392921328544617e-02 2.122869901359081268e-02 3.000778518617153168e-02 4.405600950121879578e-03 6.598568055778741837e-03 1.599724590778350830e-02 4.772315546870231628e-02 1.586170494556427002e-02 2.771597914397716522e-02 5.743497610092163086e-02 4.453564807772636414e-02
9.786726906895637512e-03 4.219506308436393738e-02 4.355499520897865295e-02 2.953461930155754089e-02 4.335711523890495300e-02 9.451289474964141846e-02 5.646075308322906494e-02 3.008996695280075073e-02 8.942244201898574829e-02 4.006968811154365540e-03 3.265723586082458496e-02 4.685247540473937988e-01 8.697744458913803101e-03 1.622687876224517822e-01 1.448186300694942474e-02 1.149959955364465714e-02 1.159850275143980980e-03 1.276136375963687897e-02 5.134980380535125732e-02 2.455816231667995453e-02 2.972841076552867889e-02 1.806177012622356415e-02 2.507018670439720154e-02 1.041066274046897888e-02 1.091554295271635056e-02 5.495753139257431030e-02 3.836457058787345886e-02 9.911430627107620239e-02 1.563972607254981995e-02 6.518255919218063354e-02 1.972128078341484070e-02 4.820999875664710999e-02 6.883980240672826767e-03 4.341968335211277008e-03 1.488764118403196335e-02 5.276948213577270508e-02 1.754200551658868790e-03 4.008061438798904419e-02 1.922125555574893951e-02 5.465085618197917938e-03 4.067558795213699341e-02 3.828509524464607239e-02 3.890613839030265808e-02 5.144995450973510742e-02 8.906108886003494263e-02 7.417446374893188477e-02 4.633023217320442200e-02 4.106273129582405090e-02 4.228760302066802979e-02 2.894300594925880432e-02 1.305178087204694748e-02 2.632630802690982819e-02 9.849623776972293854e-03 3.729915991425514221e-02 2.773226238787174225e-02 4.626591131091117859e-02 3.397117927670478821e-02 1.814832538366317749e-02 3.684234991669654846e-02 1.791043207049369812e-02 4.818452894687652588e-02 3.753596171736717224e-02 3.622067347168922424e-02 3.650309890508651733e-02 2.686686441302299500e-02 4.628226161003112793e-02 1.516146026551723480e-02 1.427503209561109543e-02 7.697599474340677261e-03 7.353256456553936005e-03 1.865302771329879761e-02 2.037340588867664337e-02 4.628409072756767273e-02 1.986996829509735107e-02 4.351915791630744934e-02 3.008718974888324738e-02 7.050666213035583496e-02 2.387413382530212402e-02 4.649953544139862061e-02 3.099395893514156342e-03 4.100244957953691483e-03 7.547311484813690186e-03 4.610469192266464233e-02 2.567966654896736145e-02 5.190367251634597778e-02 4.493691772222518921e-02 4.277449846267700195e-02 1.531250402331352234e-02 6.763666868209838867e-02 2.122367545962333679e-02 9.066093713045120239e-03 2.871042676270008087e-02 8.273627609014511108e-03 4.957348480820655823e-02 7.161296904087066650e-03 1.555461669340729713e-03 3.858357667922973633e-02 3.059670515358448029e-02 1.021797861903905869e-02 4.370754212141036987e-02 3.329754993319511414e-02 3.571191802620887756e-03 4.666745290160179138e-02 4.176101647317409515e-03 8.552392944693565369e-03 6.217936985194683075e-03 3.135112673044204712e-02 4.691880661994218826e-03 1.926717907190322876e-02 2.648542635142803192e-03 3.730720281600952148e-02 2.143068425357341766e-02 3.257638216018676758e-02 5.837737768888473511e-02 2.431403659284114838e-02 1.432153675705194473e-02
1.432467699050903320e-01 2.282369881868362427e-01 4.610773175954818726e-02 2.178401313722133636e-02 1.836567185819149017e-02 1.689108833670616150e-02 8.673679828643798828e-02 8.608211763203144073e-03 4.355582594871520996e-02 3.787794848904013634e-03 1.308748573064804077e-01 8.697744458913803101e-03 4.940245449542999268e-01 5.851389840245246887e-02 3.750519081950187683e-02 3.862666711211204529e-02 2.899120375514030457e-02 1.424243953078985214e-02 3.432067856192588806e-02 6.377766840159893036e-03 1.839461177587509155e-02 4.267549607902765274e-03 3.878843411803245544e-02 3.101142495870590210e-02 2.148559316992759705e-02 4.017717763781547546e-02 2.609625644981861115e-02 5.163130909204483032e-02 8.043653331696987152e-03 1.165670529007911682e-02 5.636361986398696899e-02 2.142620459198951721e-02 4.209218919277191162e-02 1.781069859862327576e-02 1.400199253112077713e-02 4.213879629969596863e-02 4.391152877360582352e-03 3.294752538204193115e-02 5.451229959726333618e-02 2.814942970871925354e-02 3.964609652757644653e-02 3.026090795174241066e-03 4.357146844267845154e-02 3.915187716484069824e-02 4.336450248956680298e-02 1.660236902534961700e-02 7.092855870723724365e-02 1.265212446451187134e-01 2.902263402938842773e-02 8.955919183790683746e-04 1.599760539829730988e-02 2.624418586492538452e-02 2.788565820083022118e-03 9.587661363184452057e-03 3.640158846974372864e-02 1.135872304439544678e-02 1.632580533623695374e-02 4.675549920648336411e-03 2.791180275380611420e-02 3.618587553501129150e-02 3.971331566572189331e-02 9.876494295895099640e-03 3.400994837284088135e-02 3.986436501145362854e-02 7.292206585407257080e-02 1.097048148512840271e-01 9.924691170454025269e-03 2.469569630920886993e-02 4.246454685926437378e-02 4.871362820267677307e-03 4.334693402051925659e-02 4.527239594608545303e-03 3.921413328498601913e-03 2.959545888006687164e-02 2.425434440374374390e-02 4.146172141190618277e-04 2.859910950064659119e-02 7.790407631546258926e-03 1.523102866485714912e-03 1.164841838181018829e-02 4.663930833339691162e-02 2.468799240887165070e-03 1.955073885619640350e-02 6.380549632012844086e-03 1.591185294091701508e-02 4.696496203541755676e-02 1.590497978031635284e-02 2.805602969601750374e-03 4.770858958363533020e-02 9.358243085443973541e-03 1.658538915216922760e-02 1.110832672566175461e-02 8.119184523820877075e-02 5.154497921466827393e-03 3.496031463146209717e-02 1.407035067677497864e-02 2.911505103111267090e-02 4.463513847440481186e-03 2.448102831840515137e-02 2.551358193159103394e-02 4.526270925998687744e-02 1.523083914071321487e-02 2.763253636658191681e-02 3.850359097123146057e-02 7.851027883589267731e-03 1.016264408826828003e-02 3.012507408857345581e-02 1.228509470820426941e-02 4.057603701949119568e-02 3.574132686480879784e-03 4.102681204676628113e-02 1.193854771554470062e-02 6.552077829837799072e-03 4.720797762274742126e-02 2.840643562376499176e-02 4.298999533057212830e-02
