4.618322551250457764e-01 1.596660912036895752e-01 2.629072591662406921e-02 4.665935039520263672e-02 3.477291762828826904e-02 8.099719882011413574e-03 1.166179403662681580e-02 5.956222116947174072e-02 3.978597745299339294e-02 3.689198195934295654e-02 9.659320861101150513e-02 3.079399093985557556e-02 2.515097521245479584e-02 4.873545467853546143e-02 2.078406699001789093e-02 1.117768883705139160e-02 7.500519044697284698e-03 7.168949395418167114e-02 3.809486329555511475e-02 3.021056577563285828e-02 1.812257058918476105e-02 3.164465725421905518e-02 4.441863298416137695e-02 3.402235731482505798e-02 1.683651842176914215e-02 2.292132191359996796e-02 3.090338967740535736e-02 2.272543963044881821e-03 5.503152962774038315e-03 5.743687972426414490e-03 3.668032214045524597e-02 4.616581648588180542e-02 1.593712344765663147e-02 2.244399487972259521e-02 1.766856177709996700e-03 7.500129193067550659e-02 2.140659093856811523e-02 2.121924050152301788e-02 4.879158735275268555e-02 4.644550383090972900e-02 6.560885813087224960e-03 2.541777491569519043e-02 1.873260922729969025e-02 3.896323218941688538e-02 2.396625094115734100e-02 1.994428038597106934e-02 4.950861632823944092e-02 1.511820033192634583e-02 2.434303052723407745e-02 3.888551890850067139e-02 3.155769035220146179e-02 4.421779513359069824e-02 3.546013683080673218e-02 3.749238327145576477e-02 3.301812708377838135e-02 5.465015303343534470e-03 2.804887713864445686e-03 1.669983193278312683e-02 9.002179838716983795e-03 8.091069757938385010e-03 3.496791794896125793e-02 4.990517720580101013e-02 1.566362939774990082e-02 3.289150819182395935e-02 4.099892452359199524e-02 1.192619930952787399e-02 1.975905150175094604e-02 4.592035338282585144e-02 1.575068570673465729e-02 3.036972135305404663e-02 1.943506486713886261e-02 2.592943608760833740e-02 5.595206841826438904e-02 5.783087015151977539e-02 8.238296955823898315e-03 3.499488532543182373e-02 3.419985249638557434e-02 4.866938665509223938e-02 4.005544260144233704e-02 2.404135465621948242e-02 6.463188678026199341e-02 4.743472114205360413e-02 2.113300748169422150e-02 1.848192699253559113e-02 7.147099077701568604e-02 2.876739390194416046e-02 1.360970456153154373e-02 3.699580207467079163e-02 2.510933391749858856e-02 1.619029976427555084e-02 3.896984830498695374e-02 4.094453901052474976e-02 3.142467513680458069e-02 2.547611854970455170e-02 3.706553578376770020e-02 8.651114068925380707e-03 4.399818927049636841e-02 4.117907583713531494e-02 8.174126851372420788e-04 4.531157668679952621e-03 3.047295287251472473e-02 1.457133423537015915e-02 3.127997368574142456e-02 2.433761022984981537e-02 2.637327089905738831e-02 1.434362400323152542e-02 5.829470604658126831e-02 4.864853993058204651e-02 2.315858379006385803e-02 2.793461829423904419e-02 2.685467526316642761e-02 9.474886581301689148e-03 1.062334794551134109e-02 4.278088733553886414e-02 2.010779827833175659e-02 3.813307359814643860e-02
1.596660912036895752e-01 4.360998272895812988e-01 3.162432834506034851e-02 1.282318029552698135e-02 1.798705570399761200e-02 1.335619203746318817e-02 2.949658408761024475e-02 1.534455921500921249e-02 1.477048080414533615e-02 3.901916742324829102e-02 4.715999215841293335e-02 4.008896648883819580e-02 1.187413483858108521e-01 4.585316032171249390e-02 3.601339831948280334e-02 8.086673915386199951e-03 7.238386198878288269e-03 7.789700757712125778e-03 1.870441250503063202e-02 8.573871105909347534e-03 2.269886247813701630e-02 2.270874753594398499e-02 2.959449775516986847e-02 2.028305269777774811e-02 5.061222240328788757e-02 2.731574326753616333e-02 7.860249280929565430e-02 1.359564717859029770e-03 2.240472706034779549e-03 1.750799268484115601e-02 6.007599458098411560e-02 5.045828223228454590e-02 1.971120387315750122e-02 4.665701091289520264e-02 3.927375003695487976e-02 7.278417795896530151e-02 2.929838001728057861e-02 2.890316583216190338e-02 2.484262548387050629e-02 3.662843257188796997e-02 4.892055690288543701e-02 4.356265813112258911e-02 1.698072068393230438e-02 3.522316738963127136e-02 7.795829791575670242e-03 6.546620279550552368e-02 1.920561492443084717e-02 8.064520545303821564e-03 3.161014989018440247e-02 4.936371743679046631e-02 4.573302343487739563e-02 1.329832337796688080e-02 4.805712960660457611e-03 4.263529181480407715e-02 3.631310537457466125e-02 2.552399039268493652e-02 4.026167467236518860e-02 4.018947482109069824e-02 9.049180895090103149e-03 3.388642519712448120e-02 3.873183578252792358e-02 3.184538334608078003e-02 1.862240396440029144e-02 3.012575767934322357e-02 3.036181814968585968e-02 3.112347610294818878e-02 4.327540099620819092e-02 2.566236257553100586e-02 2.215272188186645508e-02 4.358430393040180206e-03 4.046485200524330139e-02 4.321778938174247742e-02 9.493330493569374084e-03 2.155373059213161469e-02 3.908584266901016235e-02 1.310329604893922806e-02 3.771429508924484253e-02 3.232787549495697021e-02 3.534412011504173279e-02 3.711944445967674255e-02 3.053966537117958069e-02 2.214180678129196167e-02 1.252731191925704479e-03 1.912563457153737545e-03 3.546440228819847107e-02 4.026785492897033691e-02 1.531092356890439987e-02 1.733906008303165436e-02 3.291759267449378967e-02 1.448462530970573425e-02 1.736683771014213562e-02 3.779469057917594910e-02 9.472182951867580414e-03 5.990572273731231689e-03 5.296214018017053604e-03 1.469745393842458725e-02 4.191924631595611572e-02 2.744634822010993958e-02 3.283101320266723633e-02 4.267784953117370605e-02 1.094052381813526154e-02 4.209075123071670532e-02 1.904374361038208008e-02 4.098509903997182846e-03 1.724827848374843597e-02 2.876739017665386200e-02 3.602500632405281067e-02 1.441397145390510559e-02 3.607239946722984314e-02 4.906367138028144836e-02 4.824129864573478699e-03 5.831940844655036926e-02 3.477671369910240173e-02 2.647927030920982361e-02 7.314879447221755981e-03 1.657249988056719303e-03
2.629072591662406921e-02 3.162432834506034851e-02 4.461889863014221191e-01 3.322999179363250732e-02 6.387842586264014244e-04 8.897479623556137085e-03 1.852020621299743652e-02 1.236727386713027954e-01 4.125173389911651611e-02 3.886630758643150330e-02 5.135042592883110046e-03 4.800061136484146118e-02 2.196551114320755005e-02 1.794410496950149536e-02 9.960034862160682678e-03 2.829197794198989868e-02 9.885113686323165894e-03 2.475625835359096527e-02 4.580227285623550415e-02 9.473724290728569031e-03 6.231404840946197510e-04 5.121157504618167877e-03 1.655136607587337494e-02 2.241342328488826752e-02 4.244733229279518127e-02 1.699878275394439697e-02 4.968422651290893555e-02 4.075581207871437073e-02 4.273639991879463196e-02 7.224717643111944199e-03 3.547244518995285034e-02 1.493714400567114353e-03 4.107291251420974731e-02 1.950490288436412811e-02 2.253203094005584717e-02 3.304708376526832581e-02 3.536348044872283936e-02 8.622196316719055176e-02 2.944822050631046295e-02 1.795995794236660004e-02 1.234921999275684357e-02 4.286345094442367554e-02 2.971657179296016693e-02 6.651800358667969704e-04 2.077194862067699432e-03 1.089281868189573288e-02 3.420182690024375916e-02 2.216360159218311310e-02 1.080975774675607681e-02 4.468657076358795166e-02 5.097040534019470215e-02 7.491745520383119583e-03 2.969283424317836761e-02 3.821528330445289612e-02 3.306082263588905334e-02 4.192472994327545166e-02 4.867592826485633850e-02 4.050353541970252991e-02 2.395484782755374908e-02 2.959352359175682068e-02 4.710436239838600159e-02 3.779489547014236450e-02 4.527926072478294373e-02 5.003669299185276031e-03 3.430811315774917603e-02 3.131571039557456970e-02 4.340252652764320374e-02 5.694623664021492004e-02 4.169573634862899780e-02 4.452924430370330811e-02 2.583519741892814636e-02 1.686414144933223724e-02 1.135733816772699356e-02 2.889283932745456696e-02 3.722908347845077515e-02 7.363069802522659302e-02 4.284713044762611389e-02 4.970377683639526367e-02 4.297059774398803711e-02 4.817851632833480835e-02 9.314771741628646851e-02 1.504782289266586304e-01 1.159345032647252083e-03 1.038737036287784576e-02 4.757538810372352600e-02 4.560472909361124039e-03 3.472986444830894470e-02 4.589906707406044006e-02 7.288526277989149094e-03 3.681968897581100464e-02 1.760355941951274872e-02 7.928233593702316284e-03 3.242506412789225578e-03 1.759457588195800781e-02 3.138240193948149681e-03 3.300945460796356201e-02 7.741171866655349731e-03 3.408113494515419006e-02 7.001776248216629028e-03 2.748561836779117584e-02 2.979092299938201904e-02 4.444384202361106873e-02 3.545371815562248230e-02 3.767029568552970886e-02 2.936342172324657440e-02 1.077024359256029129e-02 2.963961660861968994e-02 3.710445016622543335e-02 3.069443814456462860e-02 1.495872531086206436e-02 5.040911585092544556e-02 2.890523523092269897e-02 2.271010354161262512e-02 1.819307333789765835e-03 2.452081535011529922e-03 1.196668203920125961e-02
4.665935039520263672e-02 1.282318029552698135e-02 3.322999179363250732e-02 4.744226038455963135e-01 2.147651650011539459e-02 2.140385098755359650e-02 2.152115665376186371e-02 8.612638339400291443e-03 1.518902368843555450e-02 2.003240957856178284e-02 1.645495556294918060e-02 4.798518866300582886e-02 6.523357704281806946e-03 1.615540869534015656e-02 3.279075771570205688e-02 4.159760847687721252e-02 5.197826772928237915e-02 1.192733086645603180e-02 1.169614400714635849e-02 4.407716915011405945e-02 3.949121013283729553e-02 2.721496671438217163e-02 3.815650194883346558e-02 5.346831679344177246e-02 3.558997809886932373e-02 2.179962582886219025e-02 3.870309144258499146e-02 6.103756651282310486e-02 3.734390484169125557e-03 5.714741349220275879e-02 2.632035873830318451e-02 4.614252224564552307e-02 5.349205806851387024e-03 2.211574465036392212e-02 2.858613058924674988e-02 2.274111466249451041e-06 6.248265504837036133e-03 3.607084229588508606e-02 7.472746074199676514e-02 3.444343805313110352e-02 3.038748167455196381e-02 1.421783398836851120e-02 1.360593736171722412e-02 6.394193507730960846e-03 3.980461880564689636e-02 5.650339275598526001e-02 2.849907055497169495e-02 4.063433036208152771e-02 3.669349709525704384e-03 2.290496602654457092e-03 1.943229511380195618e-02 1.311322394758462906e-02 6.098303571343421936e-02 7.025166600942611694e-02 2.940160222351551056e-02 5.334228649735450745e-02 2.014052309095859528e-02 7.049900013953447342e-04 1.857867464423179626e-02 1.157168764621019363e-03 3.962157294154167175e-02 3.325578570365905762e-02 7.387267425656318665e-03 6.375642865896224976e-02 3.200962021946907043e-02 2.203210443258285522e-02 2.464056201279163361e-02 2.502926392480731010e-03 7.218822836875915527e-02 2.436229586601257324e-02 7.135959714651107788e-02 2.066415734589099884e-02 1.228785440325737000e-01 2.573916502296924591e-02 8.753217756748199463e-02 2.236193418502807617e-02 4.812129214406013489e-02 1.841230434365570545e-03 1.780640892684459686e-02 4.216649010777473450e-02 1.423830818384885788e-02 2.515980042517185211e-02 6.845860183238983154e-02 6.053184717893600464e-02 3.097671829164028168e-02 5.996509641408920288e-02 5.055898800492286682e-02 9.852448478341102600e-03 3.178390115499496460e-02 2.511341497302055359e-02 9.038867428898811340e-03 1.942264847457408905e-02 5.118892714381217957e-02 4.474943876266479492e-02 3.846263885498046875e-02 7.891048677265644073e-03 7.001861464232206345e-03 3.587425500154495239e-02 4.145226627588272095e-02 3.976693749427795410e-02 3.883988410234451294e-02 2.477963268756866455e-02 4.922967869788408279e-03 1.137454900890588760e-02 4.147476982325315475e-03 2.766133099794387817e-02 2.590808644890785217e-02 5.684958398342132568e-02 3.560063429176807404e-03 4.088984802365303040e-02 3.378562256693840027e-02 1.424253545701503754e-02 1.423808466643095016e-02 4.372720047831535339e-02 1.537417992949485779e-02 4.274795949459075928e-02
3.477291762828826904e-02 1.798705570399761200e-02 6.387842586264014244e-04 2.147651650011539459e-02 4.485642313957214355e-01 3.707926720380783081e-02 1.205827202647924423e-02 7.232992444187402725e-03 2.648314647376537323e-02 2.097074687480926514e-02 4.578424617648124695e-02 4.714439809322357178e-02 4.120218753814697266e-02 4.057786241173744202e-02 1.467017736285924911e-02 5.354507267475128174e-02 1.923848502337932587e-02 6.242412701249122620e-02 7.061631977558135986e-02 3.798034042119979858e-02 2.822008542716503143e-02 2.883086912333965302e-02 3.912740573287010193e-02 2.016596682369709015e-02 1.783511601388454437e-02 4.177515208721160889e-02 3.883416205644607544e-02 7.298603653907775879e-03 5.207246169447898865e-02 2.269587665796279907e-02 2.485750801861286163e-02 5.054906383156776428e-02 2.288794144988059998e-02 3.497271239757537842e-02 5.465244501829147339e-02 5.936501175165176392e-02 2.649559266865253448e-02 2.041516080498695374e-02 2.784695476293563843e-02 4.351359605789184570e-02 3.883479535579681396e-02 5.296656489372253418e-02 8.247312158346176147e-03 1.912468485534191132e-02 3.758961393032222986e-04 3.150111809372901917e-02 1.131792813539505005e-01 3.334414213895797729e-02 2.302156575024127960e-02 3.067959472537040710e-02 2.712764032185077667e-02 7.222749758511781693e-03 1.843652315437793732e-02 3.395976871252059937e-02 7.120979949831962585e-03 1.327347941696643829e-02 3.379425406455993652e-02 3.882011398673057556e-02 2.137362258508801460e-03 1.271882373839616776e-02 3.950889408588409424e-02 4.382456839084625244e-02 8.839960210025310516e-03 2.059504762291908264e-02 1.162136625498533249e-02 2.563611790537834167e-02 1.125027146190404892e-02 1.875709742307662964e-02 2.241410687565803528e-02 6.425607483834028244e-03 2.756878361105918884e-02 4.614616557955741882e-02 1.025924459099769592e-02 3.446436673402786255e-02 4.490875825285911560e-02 1.042564772069454193e-02 3.547245264053344727e-02 1.779767684638500214e-02 4.098216071724891663e-02 7.366898469626903534e-03 5.056828260421752930e-03 2.579107135534286499e-02 7.074472308158874512e-02 8.660390228033065796e-02 3.302333876490592957e-02 1.829231530427932739e-02 1.952135376632213593e-02 2.016203105449676514e-02 1.328484714031219482e-02 3.414465859532356262e-02 1.286856923252344131e-02 4.077873006463050842e-02 5.490543693304061890e-02 4.037602245807647705e-02 1.750401407480239868e-02 5.048546474426984787e-03 4.674215614795684814e-02 1.401066686958074570e-02 1.118131796829402447e-03 2.036447264254093170e-02 2.727301605045795441e-02 1.483718026429414749e-02 2.268144674599170685e-02 2.008620649576187134e-02 1.135207526385784149e-02 6.954447831958532333e-03 2.706544287502765656e-02 3.258592914789915085e-03 3.642848879098892212e-02 8.790582418441772461e-02 2.125844918191432953e-02 3.567712381482124329e-02 3.558975085616111755e-02 7.458391133695840836e-03 2.366038225591182709e-02 4.009651020169258118e-02
8.099719882011413574e-03 1.335619203746318817e-02 8.897479623556137085e-03 2.140385098755359650e-02 3.707926720380783081e-02 4.485608935356140137e-01 1.321154832839965820e-01 6.102382758399471641e-05 1.747047994285821915e-03 5.641692504286766052e-02 2.617126889526844025e-02 1.221178695559501648e-01 2.301763743162155151e-02 4.067903012037277222e-02 4.480941221117973328e-02 3.934242704417556524e-04 4.074916616082191467e-02 5.092634260654449463e-02 3.050445951521396637e-02 3.607560321688652039e-02 3.589961305260658264e-02 3.846117854118347168e-02 5.443311482667922974e-02 6.427797675132751465e-02 3.321859985589981079e-02 2.153956331312656403e-03 3.556660562753677368e-02 2.866419963538646698e-02 3.866334259510040283e-02 1.589195989072322845e-02 4.183916375041007996e-02 2.526163123548030853e-02 3.703992441296577454e-02 3.734257072210311890e-02 3.804980963468551636e-02 6.855892390012741089e-02 3.125204890966415405e-02 3.563385456800460815e-02 1.404431276023387909e-02 2.499467320740222931e-02 6.413280963897705078e-03 4.689019918441772461e-02 2.625773288309574127e-02 3.119110129773616791e-02 3.666037321090698242e-02 4.549361020326614380e-02 1.470917463302612305e-01 1.715924777090549469e-02 3.497881814837455750e-02 2.545407228171825409e-02 5.276357289403676987e-03 8.936475496739149094e-04 2.859540842473506927e-02 2.708012610673904419e-02 8.650346100330352783e-02 9.903091937303543091e-03 1.908788084983825684e-02 2.890415303409099579e-02 3.514184802770614624e-02 2.208326198160648346e-02 1.180139742791652679e-02 1.874520257115364075e-02 3.184043243527412415e-02 4.032148793339729309e-02 4.873359575867652893e-02 2.090632356703281403e-02 7.670902181416749954e-03 4.692991450428962708e-02 2.419179305434226990e-02 4.642313346266746521e-02 1.509786024689674377e-02 2.572239749133586884e-02 4.196147620677947998e-02 1.390211749821901321e-02 4.072194546461105347e-02 4.597998037934303284e-02 4.350806772708892822e-02 4.289768636226654053e-02 4.577417671680450439e-02 4.791292175650596619e-02 5.508014932274818420e-02 8.260888047516345978e-03 5.295021459460258484e-02 3.849892690777778625e-02 1.149525940418243408e-01 3.242573875468224287e-04 1.705237664282321930e-02 2.807026728987693787e-03 3.811413794755935669e-02 9.582409635186195374e-03 1.903062872588634491e-02 1.203518174588680267e-02 1.118018105626106262e-02 3.882677853107452393e-02 4.226594045758247375e-02 8.054664358496665955e-03 2.471752464771270752e-02 2.728221565485000610e-02 3.441092744469642639e-02 2.130596712231636047e-02 4.140834137797355652e-02 3.189362958073616028e-02 1.746325567364692688e-02 6.395322084426879883e-02 2.031764946877956390e-02 4.178189206868410110e-03 9.443566203117370605e-03 1.830585300922393799e-02 1.004706975072622299e-02 2.863963693380355835e-02 5.739316344261169434e-03 3.541833907365798950e-02 1.497920043766498566e-02 4.977463558316230774e-02 2.875249460339546204e-02 7.233726978302001953e-02
1.166179403662681580e-02 2.949658408761024475e-02 1.852020621299743652e-02 2.152115665376186371e-02 1.205827202647924423e-02 1.321154832839965820e-01 4.552953541278839111e-01 1.456586178392171860e-02 5.159231647849082947e-02 2.448977530002593994e-02 4.810433089733123779e-02 3.236468881368637085e-02 7.161501795053482056e-03 5.641568824648857117e-02 3.066671080887317657e-03 2.471223287284374237e-02 4.367086663842201233e-02 1.557040587067604065e-02 1.950781792402267456e-02 2.044620923697948456e-02 3.353988006711006165e-02 4.672963917255401611e-02 6.302097346633672714e-03 2.878453955054283142e-02 3.112385794520378113e-02 3.224865533411502838e-03 2.421466819941997528e-02 4.290874674916267395e-02 5.507284030318260193e-02 4.762243852019309998e-02 2.248077886179089546e-03 3.277455642819404602e-02 1.978897023946046829e-03 4.324933513998985291e-02 1.127584092319011688e-02 2.263497188687324524e-02 9.226288646459579468e-03 2.240528911352157593e-02 3.650676086544990540e-02 1.450521126389503479e-02 3.041207790374755859e-03 4.018652439117431641e-02 3.769276663661003113e-02 1.334306783974170685e-03 1.097083538770675659e-01 2.631095796823501587e-02 4.737036675214767456e-02 1.617273390293121338e-01 2.474307781085371971e-03 4.854290187358856201e-02 1.113133877515792847e-02 1.149504445493221283e-02 4.967533797025680542e-02 2.152594551444053650e-02 1.387936715036630630e-02 3.220734372735023499e-02 3.624458238482475281e-02 9.875103831291198730e-03 2.636384218931198120e-03 2.388720633462071419e-03 1.324404496699571609e-03 2.491839230060577393e-02 6.519098300486803055e-03 2.857850864529609680e-03 1.211982406675815582e-02 9.861180558800697327e-03 5.101392976939678192e-03 2.545769512653350830e-02 4.009385779500007629e-02 4.098153486847877502e-02 4.637910798192024231e-02 3.634680435061454773e-02 4.328605160117149353e-02 3.264856711030006409e-02 1.767829991877079010e-02 1.663503423333168030e-02 4.839012771844863892e-02 4.921634495258331299e-02 3.751276433467864990e-02 1.621618121862411499e-02 2.300698979524895549e-04 3.609597682952880859e-02 5.232232809066772461e-02 3.336634114384651184e-02 8.936378173530101776e-03 1.837879978120326996e-02 1.252897782251238823e-03 3.708103671669960022e-02 2.068079449236392975e-02 2.906640991568565369e-02 1.905002631247043610e-02 1.205801125615835190e-02 7.277671247720718384e-02 2.136018127202987671e-02 2.496658824384212494e-02 3.118796087801456451e-02 3.635810688138008118e-02 1.293759141117334366e-02 3.237457945942878723e-02 1.772294752299785614e-02 3.646850958466529846e-02 2.795938402414321899e-02 3.258717805147171021e-02 4.308789037168025970e-03 2.301081828773021698e-02 8.281500078737735748e-03 2.927063778042793274e-02 1.103024557232856750e-02 4.268043488264083862e-02 1.193323172628879547e-02 1.829637028276920319e-02 4.297573119401931763e-02 4.450876731425523758e-03 3.274567425251007080e-02 4.632696509361267090e-02 3.737334161996841431e-02
5.956222116947174072e-02 1.534455921500921249e-02 1.236727386713027954e-01 8.612638339400291443e-03 7.232992444187402725e-03 6.102382758399471641e-05 1.456586178392171860e-02 4.576022624969482422e-01 1.911120302975177765e-02 5.665520671755075455e-03 1.607226766645908356e-02 2.150499261915683746e-02 1.298563834279775620e-02 1.484944112598896027e-02 8.624429255723953247e-02 3.800562396645545959e-02 1.237053074873983860e-03 2.538786828517913818e-02 5.402929708361625671e-02 2.589040622115135193e-02 3.546451032161712646e-02 5.982753355056047440e-03 3.097937628626823425e-02 4.729190375655889511e-03 5.383674800395965576e-02 3.599221259355545044e-02 3.638969501480460167e-03 9.029542095959186554e-03 1.142066251486539841e-02 2.462459355592727661e-02 5.601190423476509750e-05 1.967587321996688843e-02 5.863347090780735016e-03 1.275729853659868240e-02 2.217934653162956238e-02 3.998898714780807495e-02 5.891909357160329819e-03 3.760450705885887146e-02 4.525923356413841248e-02 3.634603321552276611e-02 1.168103981763124466e-02 4.772606492042541504e-02 5.231468752026557922e-02 1.038283109664916992e-02 4.395837895572185516e-03 4.418402537703514099e-02 4.137705266475677490e-02 2.846279926598072052e-02 3.561920300126075745e-02 2.444375865161418915e-02 7.397159934043884277e-02 1.426386460661888123e-02 2.472429350018501282e-02 3.329283371567726135e-02 2.752116136252880096e-02 3.874704241752624512e-02 3.027026308700442314e-03 5.082782730460166931e-02 2.148963324725627899e-02 1.179912872612476349e-02 5.471103824675083160e-03 4.312802106142044067e-02 1.398464944213628769e-02 4.015829414129257202e-02 4.487168416380882263e-02 4.605115205049514771e-02 8.230922394432127476e-04 1.380452793091535568e-02 2.816244028508663177e-02 2.405139803886413574e-02 1.887558214366436005e-02 2.811413956806063652e-03 4.582523182034492493e-02 9.952038526535034180e-03 3.137556463479995728e-02 3.720532357692718506e-02 2.939099073410034180e-02 3.118466399610042572e-02 2.491522207856178284e-02 6.185316015034914017e-03 6.068492680788040161e-02 1.459095478057861328e-01 1.504853833466768265e-02 3.935237228870391846e-02 2.040299028158187866e-02 4.389385879039764404e-02 4.812609031796455383e-02 5.254315957427024841e-02 1.502265076851472259e-04 1.789935864508152008e-02 7.239667698740959167e-03 1.941181346774101257e-02 4.976379126310348511e-02 7.298582699149847031e-03 3.976041451096534729e-03 2.019517123699188232e-02 2.405253006145358086e-03 1.404799893498420715e-02 2.328349463641643524e-02 3.751602023839950562e-02 2.134688384830951691e-02 2.092304080724716187e-02 7.290964014828205109e-03 1.883955299854278564e-02 2.257355116307735443e-02 1.844768971204757690e-02 1.800094358623027802e-02 5.382187664508819580e-02 4.330503940582275391e-02 2.939229272305965424e-02 1.036214455962181091e-02 1.316318847239017487e-02 6.362281739711761475e-03 4.496676474809646606e-02 1.138922479003667831e-02 2.555815689265727997e-02
3.978597745299339294e-02 1.477048080414533615e-02 4.125173389911651611e-02 1.518902368843555450e-02 2.648314647376537323e-02 1.747047994285821915e-03 5.159231647849082947e-02 1.911120302975177765e-02 4.640524983406066895e-01 8.526563644409179688e-02 1.084762159734964371e-02 3.968666121363639832e-02 4.603078216314315796e-02 9.106014855206012726e-03 3.197089582681655884e-02 6.099696271121501923e-03 6.430891342461109161e-03 6.950436532497406006e-02 2.619688585400581360e-02 1.826707832515239716e-02 1.514681987464427948e-02 8.841247297823429108e-03 6.322622299194335938e-02 5.019694566726684570e-03 1.482635643333196640e-02 4.008048027753829956e-02 3.627213463187217712e-02 2.417633496224880219e-02 5.940999835729598999e-02 2.954894118010997772e-02 4.600419197231531143e-03 2.026434615254402161e-02 1.327232806943356991e-03 4.484912008047103882e-02 4.490805789828300476e-02 3.134470805525779724e-02 1.128722075372934341e-02 3.411551238968968391e-03 3.351184353232383728e-02 1.180397346615791321e-02 3.052337653934955597e-02 6.834115833044052124e-02 2.605740912258625031e-02 3.887780755758285522e-02 1.896746270358562469e-02 5.515412613749504089e-02 1.813468150794506073e-02 7.927248952910304070e-04 1.145683601498603821e-02 1.876177825033664703e-02 2.658768929541110992e-02 4.416728392243385315e-02 1.318884827196598053e-02 4.724949225783348083e-02 2.808705670759081841e-03 2.025202102959156036e-02 2.466178685426712036e-02 6.198867037892341614e-02 3.859308362007141113e-02 2.279502339661121368e-02 4.622210189700126648e-02 3.656189516186714172e-02 3.355323895812034607e-02 1.203763205558061600e-02 2.983122877776622772e-02 2.870021015405654907e-02 3.792668879032135010e-02 2.366529963910579681e-02 3.134642541408538818e-02 2.928326837718486786e-02 4.394817724823951721e-02 2.152550220489501953e-02 7.820616476237773895e-03 3.309128060936927795e-02 2.072933316230773926e-02 1.434256415814161301e-02 1.020904183387756348e-01 5.294687300920486450e-02 1.152306422591209412e-01 8.224687725305557251e-02 1.255338639020919800e-02 1.605772413313388824e-02 3.377845510840415955e-02 6.138349696993827820e-02 1.932159997522830963e-02 4.259389266371726990e-02 5.155879259109497070e-02 3.535364940762519836e-02 2.128724753856658936e-02 3.412136808037757874e-03 4.340416193008422852e-02 1.199263986200094223e-02 1.247741840779781342e-02 2.043980360031127930e-02 1.553168147802352905e-02 9.256598539650440216e-03 2.443565614521503448e-02 7.591242901980876923e-03 1.803200691938400269e-02 4.379942081868648529e-03 4.092240333557128906e-02 2.391199208796024323e-02 3.604756668210029602e-02 3.448372706770896912e-02 1.198850106447935104e-02 2.955608814954757690e-02 3.207773342728614807e-02 2.710513211786746979e-02 4.893524199724197388e-02 7.441533263772726059e-03 2.564030140638351440e-02 2.706764824688434601e-02 1.156277023255825043e-02 2.157840877771377563e-02 2.838017605245113373e-02 3.706540912389755249e-02
3.689198195934295654e-02 3.901916742324829102e-02 3.886630758643150330e-02 2.003240957856178284e-02 2.097074687480926514e-02 5.641692504286766052e-02 2.448977530002593994e-02 5.665520671755075455e-03 8.526563644409179688e-02 4.754049479961395264e-01 4.468883946537971497e-02 2.729333192110061646e-02 2.501861378550529480e-02 3.901603817939758301e-02 3.524016588926315308e-02 2.320254407823085785e-02 4.440841451287269592e-02 8.056495338678359985e-03 8.170618861913681030e-02 4.328113049268722534e-03 4.915532842278480530e-02 5.468325316905975342e-02 3.688838332891464233e-02 2.314771898090839386e-02 4.218654334545135498e-02 3.206185624003410339e-02 2.086822316050529480e-02 5.593767762184143066e-02 3.897573333233594894e-03 3.982301056385040283e-02 1.826648972928524017e-02 1.084338501095771790e-02 2.393016219139099121e-02 1.129869557917118073e-02 4.041382297873497009e-02 1.365992426872253418e-02 1.313244272023439407e-02 4.850657284259796143e-02 3.310864046216011047e-02 2.009510621428489685e-02 1.430188212543725967e-02 3.031204640865325928e-02 5.773666128516197205e-02 2.707602689042687416e-03 4.933635517954826355e-02 4.217075183987617493e-02 3.707057237625122070e-02 1.605454459786415100e-02 1.664618030190467834e-02 5.802467465400695801e-02 1.393974572420120239e-02 2.312768436968326569e-02 4.281222820281982422e-02 4.123584553599357605e-02 1.667428575456142426e-02 4.070899263024330139e-02 1.207073405385017395e-02 2.893216721713542938e-02 2.481965115293860435e-03 1.082835369743406773e-03 4.809608682990074158e-02 1.975460164248943329e-02 3.565628826618194580e-02 6.816952675580978394e-02 9.751642122864723206e-03 1.580969989299774170e-02 1.310916244983673096e-02 3.223210573196411133e-02 2.937550283968448639e-02 1.213688030838966370e-02 5.018822848796844482e-02 2.729408815503120422e-02 1.272745616734027863e-02 1.922846212983131409e-02 4.699035733938217163e-02 1.095765456557273865e-02 1.850013621151447296e-02 1.690019108355045319e-02 1.904979161918163300e-02 9.334173798561096191e-02 1.980146206915378571e-02 3.376308828592300415e-02 1.771337166428565979e-02 6.557686626911163330e-02 5.326491966843605042e-02 5.568759515881538391e-02 4.319877550005912781e-02 5.073544010519981384e-02 1.029390096664428711e-02 6.559533998370170593e-03 1.991495117545127869e-02 1.465987693518400192e-02 1.854978874325752258e-02 6.174506153911352158e-03 2.957708947360515594e-02 9.313674527220427990e-04 2.911593019962310791e-02 2.538875490427017212e-02 2.818650007247924805e-02 1.039116922765970230e-02 1.366760861128568649e-02 2.390934526920318604e-02 4.496403038501739502e-03 1.339114643633365631e-02 4.673869535326957703e-02 4.829008132219314575e-02 2.535079047083854675e-02 1.102170348167419434e-02 2.354026213288307190e-02 6.452614814043045044e-02 3.527513146400451660e-02 4.950508475303649902e-02 2.823109365999698639e-02 6.592630874365568161e-03 3.878320008516311646e-02 1.121399831026792526e-02
9.659320861101150513e-02 4.715999215841293335e-02 5.135042592883110046e-03 1.645495556294918060e-02 4.578424617648124695e-02 2.617126889526844025e-02 4.810433089733123779e-02 1.607226766645908356e-02 1.084762159734964371e-02 4.468883946537971497e-02 4.570102691650390625e-01 8.024774491786956787e-03 1.082332357764244080e-01 7.539980579167604446e-03 8.070613257586956024e-03 1.099681854248046875e-02 1.186071801930665970e-02 3.564073238521814346e-03 2.442776225507259369e-02 4.088355693966150284e-03 9.593023918569087982e-03 8.891659975051879883e-02 4.789897799491882324e-02 5.697647109627723694e-02 2.769913151860237122e-02 1.763192936778068542e-03 2.406439185142517090e-02 4.574796184897422791e-02 3.800043463706970215e-02 2.804790250957012177e-02 3.674605861306190491e-02 9.352900087833404541e-03 6.110982969403266907e-02 2.594630047678947449e-02 3.695050254464149475e-02 2.587445266544818878e-02 3.852860629558563232e-02 2.607132866978645325e-02 4.476318880915641785e-02 8.097999729216098785e-03 4.970309510827064514e-02 3.395458683371543884e-02 2.036844566464424133e-02 2.008489146828651428e-02 5.297430977225303650e-02 2.247347310185432434e-02 4.655737429857254028e-02 5.951804295182228088e-02 2.810229733586311340e-02 2.691660635173320770e-02 4.785630851984024048e-02 3.328734263777732849e-02 1.624823920428752899e-02 5.515582486987113953e-02 1.932037645019590855e-03 2.625949494540691376e-02 2.716772630810737610e-02 1.406615879386663437e-02 4.315834864974021912e-02 3.410096094012260437e-02 4.330550506711006165e-02 2.616028301417827606e-02 3.904187306761741638e-02 3.558045253157615662e-03 7.070265710353851318e-02 6.631094217300415039e-02 3.532752022147178650e-02 5.488326027989387512e-02 1.456313766539096832e-02 4.065005574375391006e-03 3.484202083200216293e-03 3.467724192887544632e-03 4.241792857646942139e-02 2.753265202045440674e-02 3.425015136599540710e-02 1.374362129718065262e-02 1.002860534936189651e-02 7.272890070453286171e-04 1.607595384120941162e-02 2.393732545897364616e-03 3.563819453120231628e-02 3.253039345145225525e-02 3.553960472345352173e-02 2.032076381146907806e-02 6.344058085232973099e-03 3.927027340978384018e-03 2.422459237277507782e-02 5.457923188805580139e-02 3.962920978665351868e-02 2.195039764046669006e-03 7.278055697679519653e-02 3.368154540657997131e-02 8.087827824056148529e-03 2.381300553679466248e-02 1.605856814421713352e-03 4.123286530375480652e-02 2.899078279733657837e-02 4.744955524802207947e-02 2.011235617101192474e-02 2.506893500685691833e-02 7.701002061367034912e-03 2.301810309290885925e-02 3.599761053919792175e-02 4.868221282958984375e-02 4.451946541666984558e-02 3.766702115535736084e-02 8.052030578255653381e-03 2.304661460220813751e-02 1.525302231311798096e-02 2.755819261074066162e-02 2.344710193574428558e-02 1.890227198600769043e-02 2.007645741105079651e-02 2.401456295046955347e-04 3.209448233246803284e-02 1.110718119889497757e-02
3.079399093985557556e-02 4.008896648883819580e-02 4.800061136484146118e-02 4.798518866300582886e-02 4.714439809322357178e-02 1.221178695559501648e-01 3.236468881368637085e-02 2.150499261915683746e-02 3.968666121363639832e-02 2.729333192110061646e-02 8.024774491786956787e-03 4.559752643108367920e-01 2.938326634466648102e-02 1.684196591377258301e-01 4.064888879656791687e-02 4.557185806334018707e-03 3.759229183197021484e-02 8.146277815103530884e-02 7.450107485055923462e-02 4.575329832732677460e-03 1.383976265788078308e-02 6.124967243522405624e-03 8.355983346700668335e-02 4.788017645478248596e-02 2.886242792010307312e-02 4.225021228194236755e-02 3.533532842993736267e-02 1.060143560171127319e-01 3.755169361829757690e-02 6.297591328620910645e-02 3.044220991432666779e-02 2.476635947823524475e-02 1.558115798979997635e-02 2.362733520567417145e-02 2.173731848597526550e-02 6.793322972953319550e-03 3.217070549726486206e-02 1.983155310153961182e-02 4.289335384964942932e-02 1.402222458273172379e-02 3.681660816073417664e-02 1.391525566577911377e-02 5.723864957690238953e-02 3.054389031603932381e-03 1.655383035540580750e-02 5.460254848003387451e-02 4.082832112908363342e-02 4.841149970889091492e-02 2.585695683956146240e-02 4.758291691541671753e-02 9.243914857506752014e-03 1.141912396997213364e-02 3.351330384612083435e-02 3.066984005272388458e-02 3.953520208597183228e-02 2.586730755865573883e-02 4.520169273018836975e-02 1.276811212301254272e-02 3.235146403312683105e-02 7.313316222280263901e-03 9.433752857148647308e-03 3.543704003095626831e-02 3.835716471076011658e-02 1.269423775374889374e-02 2.239113114774227142e-02 2.471463941037654877e-02 5.374515429139137268e-02 1.818948425352573395e-02 2.348944544792175293e-02 2.204279601573944092e-02 4.211856797337532043e-02 2.097576484084129333e-02 4.091021418571472168e-02 4.746728390455245972e-02 2.616354636847972870e-02 2.147983945906162262e-02 6.004757713526487350e-03 4.884040355682373047e-02 5.175543576478958130e-02 4.014290869235992432e-02 3.040062636137008667e-02 3.890147805213928223e-02 2.009604685008525848e-02 2.396978624165058136e-02 4.202653095126152039e-02 4.780399426817893982e-02 3.124400787055492401e-02 3.793722391128540039e-02 3.500749915838241577e-02 2.657818421721458435e-02 4.189077299088239670e-03 1.436011493206024170e-02 3.930018469691276550e-02 4.703792929649353027e-02 6.107425317168235779e-03 3.343044221401214600e-02 3.173838835209608078e-03 2.325468324124813080e-02 4.701030999422073364e-02 2.092254161834716797e-02 3.563704714179039001e-02 1.510337460786104202e-02 2.128876186907291412e-02 3.894456475973129272e-02 3.056609258055686951e-02 4.612373933196067810e-02 1.882398314774036407e-02 5.219798535108566284e-02 2.895029634237289429e-02 4.014675319194793701e-02 2.572580799460411072e-02 1.444263011217117310e-02 4.780823364853858948e-02 3.246693313121795654e-02 7.650519255548715591e-03 3.072847984731197357e-02
2.515097521245479584e-02 1.187413483858108521e-01 2.196551114320755005e-02 6.523357704281806946e-03 4.120218753814697266e-02 2.301763743162155151e-02 7.161501795053482056e-03 1.298563834279775620e-02 4.603078216314315796e-02 2.501861378550529480e-02 1.082332357764244080e-01 2.938326634466648102e-02 4.480793774127960205e-01 4.259400442242622375e-02 4.177024587988853455e-02 4.190663993358612061e-02 1.296631762670585886e-05 6.300801876932382584e-03 2.626665122807025909e-02 5.546728894114494324e-02 3.467184677720069885e-02 1.314486470073461533e-02 6.244613323360681534e-03 1.089571043848991394e-02 2.727184072136878967e-02 2.366335364058613777e-03 4.753777384757995605e-02 3.273727744817733765e-02 8.130373805761337280e-02 4.075662232935428619e-03 7.229974865913391113e-02 7.182764355093240738e-03 1.022155117243528366e-02 4.658119753003120422e-02 4.785764589905738831e-02 3.012178093194961548e-02 1.843434944748878479e-02 2.885535918176174164e-02 3.430271893739700317e-02 1.848056726157665253e-02 6.060064770281314850e-03 5.966357421129941940e-03 6.988044828176498413e-03 2.418135851621627808e-02 2.857913635671138763e-02 5.554677546024322510e-02 1.352497562766075134e-02 1.881955564022064209e-02 8.168261847458779812e-04 1.287315972149372101e-02 5.066094454377889633e-03 1.294053532183170319e-02 5.111610516905784607e-02 3.171489387750625610e-02 2.865144610404968262e-02 2.433775924146175385e-02 4.539326950907707214e-02 1.558587793260812759e-02 4.371269419789314270e-02 2.035856246948242188e-03 3.687885403633117676e-02 1.347081270068883896e-02 6.391734350472688675e-03 1.234509330242872238e-02 7.860518246889114380e-02 1.316157132387161255e-01 3.286159783601760864e-02 3.605468198657035828e-02 7.116467691957950592e-03 6.620029453188180923e-04 2.138776890933513641e-02 5.723559856414794922e-02 6.831926293671131134e-03 2.096599526703357697e-02 4.064542427659034729e-02 5.259439349174499512e-02 2.218747138977050781e-02 1.760294288396835327e-02 2.812266722321510315e-02 4.327226802706718445e-02 5.599759891629219055e-02 4.227346554398536682e-02 1.846125721931457520e-02 1.234197337180376053e-02 4.103376343846321106e-02 4.098735004663467407e-02 5.548584274947643280e-03 2.769417688250541687e-02 3.904508799314498901e-02 4.390635341405868530e-02 4.482813892536796629e-05 4.761904478073120117e-02 2.681009098887443542e-02 5.796942394226789474e-03 1.626690663397312164e-02 1.562893018126487732e-02 4.632776975631713867e-02 1.356060802936553955e-02 2.651435881853103638e-02 2.876288816332817078e-02 1.780296862125396729e-02 3.550119698047637939e-02 1.525358413346111774e-03 2.096014795824885368e-03 1.847183704376220703e-02 2.491455897688865662e-02 1.741946116089820862e-02 2.228340506553649902e-02 8.492105640470981598e-03 1.085197646170854568e-02 5.282728467136621475e-03 3.987911716103553772e-02 2.900776453316211700e-02 4.757945984601974487e-02 7.215378340333700180e-03 3.346917778253555298e-02
