5.378358960151672363e-01 7.504229247570037842e-02 4.144490510225296021e-02 1.549577992409467697e-02 9.136842563748359680e-03 5.257690697908401489e-02 5.185236036777496338e-02 1.839582808315753937e-02 1.000114716589450836e-02 1.094852201640605927e-02 6.997647136449813843e-02 1.124965213239192963e-02 6.515718996524810791e-02 1.508518122136592865e-02 1.389599684625864029e-02 1.927315955981612206e-03 1.810697955079376698e-03 3.488363930955529213e-03 6.374990567564964294e-03 4.156367387622594833e-03 1.873887330293655396e-02 5.421113688498735428e-03 3.168174996972084045e-03 3.394621657207608223e-03 3.992529585957527161e-03 2.368548698723316193e-02 1.032121106982231140e-02 7.814548909664154053e-03 3.004078567028045654e-02 8.784713223576545715e-03 1.876281015574932098e-02 2.576375752687454224e-02 1.326485257595777512e-02 8.286193944513797760e-03 2.526536583900451660e-02 6.291804835200309753e-03 1.492382772266864777e-02 2.063659951090812683e-02 7.227176683954894543e-04 1.286607608199119568e-02 1.047614961862564087e-02 1.255493238568305969e-02 7.187406998127698898e-03 7.108036428689956665e-03 8.292127167806029320e-04 7.733146194368600845e-04 4.805536195635795593e-02 2.801920287311077118e-02 1.780222170054912567e-02 2.012741006910800934e-02 3.835612535476684570e-02 4.418233782052993774e-02 3.703248454257845879e-03 4.925614339299499989e-04 1.163966022431850433e-02 3.270539222285151482e-03 2.906660921871662140e-02 2.671230211853981018e-02 2.749100793153047562e-03 1.100228750146925449e-03 1.765820011496543884e-02 2.647734992206096649e-02 1.372198015451431274e-02 2.084679342806339264e-02 4.683991521596908569e-02 3.078907169401645660e-02 2.708510868251323700e-02 1.248551253229379654e-02 7.773832883685827255e-03 7.560421247035264969e-03 7.729931734502315521e-03 1.862821727991104126e-02 2.029682509601116180e-02 2.355286478996276855e-02 1.419409923255443573e-02 3.173842653632164001e-02 1.114501524716615677e-02 1.124864909797906876e-02 3.145098313689231873e-02 3.517851233482360840e-02 2.069522440433502197e-02 1.902049290947616100e-03 2.157011535018682480e-03 3.705881908535957336e-02 1.465842779725790024e-02 8.619111031293869019e-03 5.781868007034063339e-03 1.567430607974529266e-02 5.301168188452720642e-02 2.762653864920139313e-02 3.295356407761573792e-02 3.407339379191398621e-02 1.833929121494293213e-02 1.047096960246562958e-02 1.083112601190805435e-02 1.185528840869665146e-02 2.082851529121398926e-02 2.528105303645133972e-02 3.049304522573947906e-02 4.725084453821182251e-02 3.982830420136451721e-02 1.510197948664426804e-02 2.183792181313037872e-02 2.680583111941814423e-02 3.531657159328460693e-02 1.071739010512828827e-02 4.371818527579307556e-02 1.858748681843280792e-02 4.224589467048645020e-02 3.907321393489837646e-02 1.936140470206737518e-02 1.054832059890031815e-02 3.284471854567527771e-02 2.750674076378345490e-02 2.772436663508415222e-02 4.936069715768098831e-03
7.504229247570037842e-02 5.277221202850341797e-01 3.507979959249496460e-02 5.083198845386505127e-02 3.748380020260810852e-02 6.513708084821701050e-02 6.247444450855255127e-02 3.193365409970283508e-02 1.098239514976739883e-02 1.524711120873689651e-02 9.652647376060485840e-02 5.451553501188755035e-03 8.596441894769668579e-02 2.764328150078654289e-03 2.341058291494846344e-02 1.939988695085048676e-02 1.898475550115108490e-02 6.114087998867034912e-03 1.600546529516577721e-03 4.044371191412210464e-03 7.404650095850229263e-03 1.000030990689992905e-02 2.482509054243564606e-02 1.997300423681735992e-02 9.583519771695137024e-03 5.366914439946413040e-03 9.531805291771888733e-03 6.470392923802137375e-03 1.302132196724414825e-02 1.148260850459337234e-02 3.967661038041114807e-02 2.774606645107269287e-02 4.540305212140083313e-02 3.005350753664970398e-02 1.012858562171459198e-02 3.835906973108649254e-03 1.074325572699308395e-02 4.185363650321960449e-02 7.061005569994449615e-03 6.839821580797433853e-03 2.521171234548091888e-02 1.335003506392240524e-02 2.466137707233428955e-02 2.175730653107166290e-02 1.004545297473669052e-02 7.784137967973947525e-03 3.940178826451301575e-02 2.077933028340339661e-02 2.987467497587203979e-02 3.022010624408721924e-02 5.460605025291442871e-02 4.640177637338638306e-02 8.275971747934818268e-03 2.830789424479007721e-03 2.194853127002716064e-02 9.830119088292121887e-03 4.009076952934265137e-02 2.665825746953487396e-02 9.534270502626895905e-03 1.087499596178531647e-02 6.300256587564945221e-03 1.094159763306379318e-02 2.632340230047702789e-02 3.510430455207824707e-02 5.778972804546356201e-02 3.875548392534255981e-02 9.569675661623477936e-03 1.018054131418466568e-02 1.736645214259624481e-02 1.602047268534079194e-04 4.330564290285110474e-03 2.901703305542469025e-02 3.328029066324234009e-02 4.165504872798919678e-02 2.512255869805812836e-02 4.578223451972007751e-02 1.552988495677709579e-02 3.297347109764814377e-03 4.447858780622482300e-02 8.576417341828346252e-03 2.186618372797966003e-02 1.163259265013039112e-03 1.483157183974981308e-02 4.460553452372550964e-02 2.721354365348815918e-02 2.147059887647628784e-02 1.392293721437454224e-02 1.909126341342926025e-02 7.084463257342576981e-03 2.588085364550352097e-03 1.649243943393230438e-02 5.427505448460578918e-02 7.624831050634384155e-03 5.368920043110847473e-03 2.242580614984035492e-02 1.249908749014139175e-02 2.060493640601634979e-02 4.942261800169944763e-02 4.249923676252365112e-02 4.064868018031120300e-02 1.469232793897390366e-02 2.000208711251616478e-03 3.686925023794174194e-02 4.897678270936012268e-02 1.064178650267422199e-03 1.675686240196228027e-02 2.236552350223064423e-02 2.624585479497909546e-02 1.976157724857330322e-02 4.776486009359359741e-02 4.925698414444923401e-02 2.065608091652393341e-02 2.731503359973430634e-02 1.341327792033553123e-03 5.009555071592330933e-02 1.575294882059097290e-02
4.144490510225296021e-02 3.507979959249496460e-02 4.933569133281707764e-01 2.309165149927139282e-02 3.210751712322235107e-02 3.570604324340820312e-02 1.471247337758541107e-02 1.932037174701690674e-01 3.139757737517356873e-02 2.133827842772006989e-02 4.287523776292800903e-02 3.159437328577041626e-02 2.228943072259426117e-02 1.829168573021888733e-02 1.720759551972150803e-03 2.767399419099092484e-03 7.123153191059827805e-03 9.076164662837982178e-02 5.166001152247190475e-03 1.326869148761034012e-02 4.535170737653970718e-04 5.125243589282035828e-02 3.142200876027345657e-03 2.118916949257254601e-03 3.589424537494778633e-03 1.152640394866466522e-02 1.280168909579515457e-02 8.852897211909294128e-03 4.395331721752882004e-03 1.705433055758476257e-02 4.039454739540815353e-03 2.993907034397125244e-02 2.587474882602691650e-02 3.963635489344596863e-02 8.961391635239124298e-03 3.282392024993896484e-02 3.336155414581298828e-02 3.754274547100067139e-02 1.967023313045501709e-02 1.526104100048542023e-02 1.483645010739564896e-02 3.275830671191215515e-02 3.746179863810539246e-02 1.276294440031051636e-01 1.997405663132667542e-02 2.218851260840892792e-02 1.240932103246450424e-02 4.461940750479698181e-02 5.384569521993398666e-04 2.811999432742595673e-02 9.581331163644790649e-03 3.175709769129753113e-02 4.266312718391418457e-02 3.446841984987258911e-02 5.168235395103693008e-03 2.303067967295646667e-02 2.863736264407634735e-02 1.358168199658393860e-02 2.364355325698852539e-02 8.941797539591789246e-03 5.016572540625929832e-04 3.018421307206153870e-02 3.445168212056159973e-02 2.811567857861518860e-02 3.357991203665733337e-02 2.244052849709987640e-02 2.576118148863315582e-02 3.327200189232826233e-02 7.585075218230485916e-03 1.184430159628391266e-02 1.978845894336700439e-02 5.107600241899490356e-02 3.422245010733604431e-02 1.050172001123428345e-02 3.704661503434181213e-02 1.784793846309185028e-02 6.758008152246475220e-03 2.315574698150157928e-02 3.000505035743117332e-03 2.876972407102584839e-02 1.167383491992950439e-01 6.993792206048965454e-02 4.355607181787490845e-02 2.712023630738258362e-02 2.225483022630214691e-02 5.937066394835710526e-03 1.115519274026155472e-02 2.329342998564243317e-02 3.274035407230257988e-03 9.245738387107849121e-03 1.097077503800392151e-02 2.606330998241901398e-02 2.638593781739473343e-03 2.069432660937309265e-02 2.532586222514510155e-03 7.971683517098426819e-03 2.589813061058521271e-02 9.383424185216426849e-05 3.715022234246134758e-03 4.060057550668716431e-02 1.879807561635971069e-02 1.816470921039581299e-02 3.983670845627784729e-02 4.235114529728889465e-02 5.397305265069007874e-02 3.770341351628303528e-02 1.598160713911056519e-02 5.477966740727424622e-03 2.718907967209815979e-02 1.532823685556650162e-02 1.490054465830326080e-02 2.690269425511360168e-02 4.445824027061462402e-02 3.835992887616157532e-03 7.068609818816184998e-03 3.661143407225608826e-02
1.549577992409467697e-02 5.083198845386505127e-02 2.309165149927139282e-02 5.139327645301818848e-01 1.509611159563064575e-01 1.539807859808206558e-02 4.434956610202789307e-02 1.792177185416221619e-02 7.185893598943948746e-03 2.147967182099819183e-02 2.971065416932106018e-02 9.417721070349216461e-03 2.938434295356273651e-02 2.771635912358760834e-02 1.356319151818752289e-02 1.778354751877486706e-03 3.029755316674709320e-02 3.527092933654785156e-02 3.303443640470504761e-02 1.469159312546253204e-02 1.594182848930358887e-02 2.343011833727359772e-02 1.231858041137456894e-02 3.832506760954856873e-02 3.119713254272937775e-02 2.099417708814144135e-02 1.388676278293132782e-02 6.310835015028715134e-03 8.863846771419048309e-03 2.094249799847602844e-02 1.517335418611764908e-02 3.159038024023175240e-03 4.385183751583099365e-02 4.040406551212072372e-03 1.945107057690620422e-02 2.984048053622245789e-02 9.003229439258575439e-03 6.073750182986259460e-02 3.761118650436401367e-02 8.068746887147426605e-03 3.312053531408309937e-02 2.224907837808132172e-02 4.026056081056594849e-02 1.570351608097553253e-02 1.804655604064464569e-02 2.744617685675621033e-02 1.829095557332038879e-02 4.302899818867444992e-03 6.083102431148290634e-03 9.138871682807803154e-04 2.366307191550731659e-02 3.616530075669288635e-02 1.613535452634096146e-03 1.728750579059123993e-02 2.645649760961532593e-02 3.567013144493103027e-02 9.806816466152667999e-03 2.700718492269515991e-02 1.549193635582923889e-02 8.570643141865730286e-03 3.650205209851264954e-02 4.259470477700233459e-02 9.612144902348518372e-03 2.979968674480915070e-03 8.596095256507396698e-03 1.089918427169322968e-02 1.278409548103809357e-02 5.762368440628051758e-03 9.672256186604499817e-03 4.480808973312377930e-02 2.165935933589935303e-02 1.701666787266731262e-02 1.404110640287399292e-01 3.968722745776176453e-02 1.056858003139495850e-01 3.684427356347441673e-03 1.593479514122009277e-02 3.475930914282798767e-02 5.622917888103984296e-05 2.370136603713035583e-02 1.624654419720172882e-02 1.236406969837844372e-03 6.303444504737854004e-02 4.345591645687818527e-03 1.526122912764549255e-02 3.537274524569511414e-02 2.915424527600407600e-03 7.056041155010461807e-03 5.828740447759628296e-02 2.407425455749034882e-02 8.050494827330112457e-03 3.095482103526592255e-02 9.900618344545364380e-03 4.377904813736677170e-03 3.387783840298652649e-02 4.161096736788749695e-02 2.211085334420204163e-02 1.860488019883632660e-02 2.686728024855256081e-03 5.576880183070898056e-03 4.689007997512817383e-02 3.272235766053199768e-02 1.424837764352560043e-02 1.444350276142358780e-02 2.864600718021392822e-02 2.074276842176914215e-02 7.738159038126468658e-03 2.619184181094169617e-02 8.066430687904357910e-02 3.294067457318305969e-02 4.984753206372261047e-02 2.170200087130069733e-02 2.212382107973098755e-02 4.313967376947402954e-02 4.255505651235580444e-02 3.566630929708480835e-02
9.136842563748359680e-03 3.748380020260810852e-02 3.210751712322235107e-02 1.509611159563064575e-01 5.179345011711120605e-01 1.403167028911411762e-03 2.465706877410411835e-02 3.252265043556690216e-03 2.440958097577095032e-02 2.092805877327919006e-02 7.574161048978567123e-03 3.563965857028961182e-02 3.054389171302318573e-02 3.126313909888267517e-02 5.516787990927696228e-03 1.388990087434649467e-03 1.754532102495431900e-03 3.729937598109245300e-02 5.596064403653144836e-02 2.489012479782104492e-02 2.548810839653015137e-02 2.288877405226230621e-02 6.759094540029764175e-03 3.744394751265645027e-03 3.985740989446640015e-02 3.548088669776916504e-02 3.170464932918548584e-02 4.869417101144790649e-02 1.731025241315364838e-02 3.297151997685432434e-02 1.993132568895816803e-02 2.009460516273975372e-02 1.130543183535337448e-02 3.115115128457546234e-02 2.639511367306113243e-03 3.267096728086471558e-02 2.551531884819269180e-03 7.673146668821573257e-03 6.336067337542772293e-03 2.188404090702533722e-02 1.256968732923269272e-02 2.636264823377132416e-02 6.162857636809349060e-03 3.848084062337875366e-02 6.770314183086156845e-03 1.392245013266801834e-02 1.770806964486837387e-03 3.934508655220270157e-03 1.568944379687309265e-02 1.162820681929588318e-02 1.431085355579853058e-02 2.085562422871589661e-02 3.713741898536682129e-02 5.260410252958536148e-03 2.158494666218757629e-02 2.055811928585171700e-03 9.393427520990371704e-03 2.072626724839210510e-02 6.915487349033355713e-03 6.887104362249374390e-03 2.760268934071063995e-02 3.033688850700855255e-02 3.180234506726264954e-02 5.347959697246551514e-03 2.448328770697116852e-02 2.600939944386482239e-02 1.202222984284162521e-02 4.251671582460403442e-02 5.027515441179275513e-02 3.982311487197875977e-02 2.356551401317119598e-02 3.617906942963600159e-02 9.951762855052947998e-02 2.843096293509006500e-02 1.343064010143280029e-01 4.701892659068107605e-02 4.371260851621627808e-02 2.288130111992359161e-02 9.134603664278984070e-03 3.889288008213043213e-02 2.043991535902023315e-02 1.456275768578052521e-02 1.169361472129821777e-01 1.295670270919799805e-01 2.076127752661705017e-02 4.655231907963752747e-02 1.327237766236066818e-02 7.122428622096776962e-03 8.259223774075508118e-03 2.944274432957172394e-02 4.851327743381261826e-03 3.494689613580703735e-02 8.801325224339962006e-03 3.840560838580131531e-02 3.278074087575078011e-03 3.556565940380096436e-02 3.621198609471321106e-02 5.051662027835845947e-02 1.281310897320508957e-02 2.415144583210349083e-03 6.307965517044067383e-02 1.705331727862358093e-02 1.075535081326961517e-02 2.395591326057910919e-02 1.332004182040691376e-02 4.130755551159381866e-03 3.635088354349136353e-02 3.741464810445904732e-03 6.571987271308898926e-02 4.272477701306343079e-02 7.114162202924489975e-03 4.516893625259399414e-02 2.021546289324760437e-02 9.686646051704883575e-03 2.431010082364082336e-02 3.327888622879981995e-02
5.257690697908401489e-02 6.513708084821701050e-02 3.570604324340820312e-02 1.539807859808206558e-02 1.403167028911411762e-03 5.302105545997619629e-01 7.528357207775115967e-02 3.269277513027191162e-02 2.977176941931247711e-02 3.002308867871761322e-02 6.285052001476287842e-02 2.206119336187839508e-02 4.027965292334556580e-02 3.268536180257797241e-02 1.648087240755558014e-02 8.081367705017328262e-04 6.402381230145692825e-03 3.301085671409964561e-03 1.174758840352296829e-02 6.571791134774684906e-03 6.995898671448230743e-03 1.147454977035522461e-02 2.615528739988803864e-02 2.637116424739360809e-02 1.683361642062664032e-02 4.085105657577514648e-02 1.126608904451131821e-02 3.116849809885025024e-02 1.290580723434686661e-02 3.047190792858600616e-02 2.419384196400642395e-02 1.036378368735313416e-02 1.218487322330474854e-02 1.845797337591648102e-02 2.218912541866302490e-02 1.357961446046829224e-02 7.930108346045017242e-03 2.301205322146415710e-02 1.475391793064773083e-03 9.993159212172031403e-03 1.417784765362739563e-02 1.200387999415397644e-02 5.805512890219688416e-03 1.999915577471256256e-02 1.272939052432775497e-02 1.026774384081363678e-02 6.189037486910820007e-02 3.614116460084915161e-02 7.532861549407243729e-03 2.980342134833335876e-02 2.084713801741600037e-02 1.882133074104785919e-02 1.817226223647594452e-02 1.958416588604450226e-02 1.296222954988479614e-02 1.618156768381595612e-02 3.288257867097854614e-02 3.136029466986656189e-02 3.343227878212928772e-02 3.436364978551864624e-02 2.853336185216903687e-02 1.708289794623851776e-02 6.062134052626788616e-04 1.950193010270595551e-02 2.451185882091522217e-02 1.414375752210617065e-02 4.507250618189573288e-03 2.271085977554321289e-02 4.720548167824745178e-03 2.410069573670625687e-03 4.124484490603208542e-03 2.591271512210369110e-02 2.987374737858772278e-02 3.070546872913837433e-02 2.540673874318599701e-02 5.096466839313507080e-02 2.565160207450389862e-02 1.700594834983348846e-02 1.871870714239776134e-03 4.213629290461540222e-02 2.394657954573631287e-02 3.792790696024894714e-02 3.288607113063335419e-03 1.482529472559690475e-02 2.889062277972698212e-02 1.125834067352116108e-03 7.659242954105138779e-03 1.151389535516500473e-02 2.094513177871704102e-02 3.973471000790596008e-02 1.258797943592071533e-02 1.864995062351226807e-02 1.795228198170661926e-02 6.058360915631055832e-03 1.365006435662508011e-02 7.689572870731353760e-03 2.238471619784832001e-02 4.838486760854721069e-02 4.495079629123210907e-03 2.061551436781883240e-02 2.254337258636951447e-02 3.294545784592628479e-02 2.868928946554660797e-02 3.345240280032157898e-02 4.351434856653213501e-02 3.577661141753196716e-02 2.315316349267959595e-02 1.677481085062026978e-02 2.183885872364044189e-02 2.207150682806968689e-02 2.299286611378192902e-02 2.396279945969581604e-02 7.063753437250852585e-03 2.030407823622226715e-02 2.596132457256317139e-02 5.522770807147026062e-03
5.185236036777496338e-02 6.247444450855255127e-02 1.471247337758541107e-02 4.434956610202789307e-02 2.465706877410411835e-02 7.528357207775115967e-02 5.245060920715332031e-01 2.916802838444709778e-02 2.712514251470565796e-02 1.888288185000419617e-02 7.295616716146469116e-02 2.409273572266101837e-02 3.025788068771362305e-02 4.416937381029129028e-02 3.697995468974113464e-02 7.046518148854374886e-04 2.512067556381225586e-03 2.039109356701374054e-02 4.899945575743913651e-03 1.504696719348430634e-02 1.508360356092453003e-02 3.791488707065582275e-02 9.042735211551189423e-03 2.323766984045505524e-02 1.508913841098546982e-02 2.679081633687019348e-02 3.151103109121322632e-02 1.500512193888425827e-02 2.271648496389389038e-02 2.092554979026317596e-02 2.901314571499824524e-02 1.959513500332832336e-02 9.574681520462036133e-03 1.761049497872591019e-03 4.062796756625175476e-02 1.091155875474214554e-02 8.198234252631664276e-03 7.840862497687339783e-03 1.864645048044621944e-03 1.289942115545272827e-02 1.254871953278779984e-02 3.129889955744147301e-03 5.286071915179491043e-03 2.758972905576229095e-02 3.464145958423614502e-02 3.051595529541373253e-03 4.914643988013267517e-02 6.968922168016433716e-02 1.375091448426246643e-02 2.549777179956436157e-02 2.743570692837238312e-02 4.018671065568923950e-02 1.596653088927268982e-02 3.184105828404426575e-02 1.341329701244831085e-02 1.435289438813924789e-02 4.021374508738517761e-02 2.567118592560291290e-02 1.979602687060832977e-02 3.566042333841323853e-02 2.460204996168613434e-02 1.726138219237327576e-02 2.322707325220108032e-02 7.923505268990993500e-03 4.060456529259681702e-02 3.328008949756622314e-02 2.843001484870910645e-02 6.751186214387416840e-03 8.490728214383125305e-03 9.753882884979248047e-03 1.518394891172647476e-02 1.267288625240325928e-02 3.716909885406494141e-02 1.188173238188028336e-02 3.106003813445568085e-02 3.199852257966995239e-02 4.738203063607215881e-02 3.066640719771385193e-02 1.518317312002182007e-02 4.743805155158042908e-03 2.422183565795421600e-02 3.497103229165077209e-02 7.869710680097341537e-04 2.342001721262931824e-02 4.169252887368202209e-02 5.434891209006309509e-03 2.606369182467460632e-02 1.727224513888359070e-02 2.730377577245235443e-02 1.247605402022600174e-02 2.524824813008308411e-02 1.630583405494689941e-02 3.135828301310539246e-02 1.316841039806604385e-02 2.624013647437095642e-02 3.671506710816174746e-04 2.124665677547454834e-02 2.753731422126293182e-02 1.241492852568626404e-02 1.399270165711641312e-02 3.238469362258911133e-02 2.238181233406066895e-02 3.221663460135459900e-02 2.200209908187389374e-02 1.669360324740409851e-02 3.956446796655654907e-02 1.597551256418228149e-02 2.304690144956111908e-02 3.455119207501411438e-02 2.904894202947616577e-02 3.682533279061317444e-02 2.162576280534267426e-02 1.672333478927612305e-02 2.567534334957599640e-02 3.468820080161094666e-02 2.008348383242264390e-04
1.839582808315753937e-02 3.193365409970283508e-02 1.932037174701690674e-01 1.792177185416221619e-02 3.252265043556690216e-03 3.269277513027191162e-02 2.916802838444709778e-02 5.077562332153320312e-01 3.884855285286903381e-02 4.134288430213928223e-02 1.425924710929393768e-02 2.794487215578556061e-02 6.526789814233779907e-02 3.159983456134796143e-02 9.113243967294692993e-02 8.705060929059982300e-03 2.602370688691735268e-03 7.131237071007490158e-03 6.731661502271890640e-03 2.433902397751808167e-02 3.313132328912615776e-03 2.560722082853317261e-02 3.297205269336700439e-02 4.401645436882972717e-02 4.531748592853546143e-03 1.250873785465955734e-02 1.627667620778083801e-02 2.952152490615844727e-02 7.532354444265365601e-03 3.551570698618888855e-02 2.374609373509883881e-02 1.810664497315883636e-02 1.977971009910106659e-02 4.766777157783508301e-02 2.644211053848266602e-02 2.061120234429836273e-02 2.317103091627359390e-03 7.466795295476913452e-02 1.041882857680320740e-02 2.428076229989528656e-02 5.479653924703598022e-02 4.585931822657585144e-02 1.017863582819700241e-02 7.231237739324569702e-02 3.294746205210685730e-02 2.892293967306613922e-03 4.271790385246276855e-02 4.776574671268463135e-02 3.532724082469940186e-02 6.552785634994506836e-02 4.203610122203826904e-02 6.763222627341747284e-03 3.597964299842715263e-03 3.328005084767937660e-03 2.370345592498779297e-02 3.181040659546852112e-02 1.836307463236153126e-03 2.169219590723514557e-02 2.224655076861381531e-02 2.411634428426623344e-03 2.257074229419231415e-02 3.581975400447845459e-02 2.307020826265215874e-03 4.857309162616729736e-03 3.208577632904052734e-03 1.125087682157754898e-02 4.320528730750083923e-02 3.938173875212669373e-03 1.171710807830095291e-02 2.496919594705104828e-02 3.246241807937622070e-02 4.873394966125488281e-02 1.660841889679431915e-02 4.790082201361656189e-02 5.393323954194784164e-03 2.854091301560401917e-02 4.145813360810279846e-02 3.397309035062789917e-02 2.896370552480220795e-02 3.310825303196907043e-02 1.170923486351966858e-01 1.147065982222557068e-01 1.886769756674766541e-02 1.152730919420719147e-02 3.519979945849627256e-04 2.567121572792530060e-02 7.345665246248245239e-02 7.411845028400421143e-02 3.241937234997749329e-02 7.882699370384216309e-03 3.947788383811712265e-03 3.502553561702370644e-03 1.548947300761938095e-02 9.916394948959350586e-03 1.256173104047775269e-02 5.984383169561624527e-03 6.943492684513330460e-03 4.387041181325912476e-02 1.598458923399448395e-02 1.335486769676208496e-02 2.546126581728458405e-02 1.549761369824409485e-02 3.497423313092440367e-04 2.463302202522754669e-02 9.396972600370645523e-04 3.666369616985321045e-02 2.326275967061519623e-02 4.026574641466140747e-02 1.964773284271359444e-03 4.072713106870651245e-02 2.126908861100673676e-02 1.045860629528760910e-02 1.418049633502960205e-02 2.914386615157127380e-02 2.413933863863348961e-03 3.972117230296134949e-02
1.000114716589450836e-02 1.098239514976739883e-02 3.139757737517356873e-02 7.185893598943948746e-03 2.440958097577095032e-02 2.977176941931247711e-02 2.712514251470565796e-02 3.884855285286903381e-02 5.248386859893798828e-01 4.837083443999290466e-02 6.232625804841518402e-03 2.978429570794105530e-02 1.554804388433694839e-02 2.197358012199401855e-02 2.034715749323368073e-02 2.198899537324905396e-02 1.223349384963512421e-02 6.006161868572235107e-02 9.886294603347778320e-03 1.709352806210517883e-02 9.234108030796051025e-03 1.625607348978519440e-02 4.225985705852508545e-02 2.509180642664432526e-02 3.635799884796142578e-02 3.451012307778000832e-04 1.242411229759454727e-02 3.508282452821731567e-02 3.267383575439453125e-02 9.374067187309265137e-03 2.219227841123938560e-03 3.237115219235420227e-02 2.795510925352573395e-02 3.939631208777427673e-02 3.974739089608192444e-02 1.727659627795219421e-02 3.150195628404617310e-02 1.462787040509283543e-03 2.155505679547786713e-02 1.902571134269237518e-02 4.971054149791598320e-04 9.611207991838455200e-03 4.908962175250053406e-02 1.303330156952142715e-02 5.851100664585828781e-03 1.579595915973186493e-02 1.185626257210969925e-02 1.890479703433811665e-03 9.327142499387264252e-03 2.303555794060230255e-02 6.901541724801063538e-03 1.421441882848739624e-02 4.545156657695770264e-02 3.439102694392204285e-02 1.205886341631412506e-02 4.427473619580268860e-02 3.809640184044837952e-03 4.118025302886962891e-02 2.844786457717418671e-02 3.816500306129455566e-02 3.137511387467384338e-02 1.202532276511192322e-02 4.837214201688766479e-02 4.346947744488716125e-02 1.863224431872367859e-02 3.631322458386421204e-02 3.511389717459678650e-02 2.574717067182064056e-02 6.486418843269348145e-02 1.959463767707347870e-02 3.379681333899497986e-02 7.350865285843610764e-03 1.234784349799156189e-02 1.474057324230670929e-02 7.062154822051525116e-03 1.495819352567195892e-02 9.133286029100418091e-02 4.916446283459663391e-02 3.563160542398691177e-03 1.932309195399284363e-02 2.051216736435890198e-02 2.325371839106082916e-03 3.720648214221000671e-02 8.331258781254291534e-03 2.572760544717311859e-02 3.041322715580463409e-02 4.754165187478065491e-03 2.159715630114078522e-02 4.913727194070816040e-02 5.455509200692176819e-02 1.158490218222141266e-02 1.314480789005756378e-02 1.451526209712028503e-02 2.207005210220813751e-02 2.314394805580377579e-03 1.880220696330070496e-02 1.293050311505794525e-02 5.097908433526754379e-03 3.345766663551330566e-02 1.383347320370376110e-03 2.299156039953231812e-02 4.195535182952880859e-02 3.169177472591400146e-02 1.488585397601127625e-02 1.614452712237834930e-02 1.953084720298647881e-04 2.783702686429023743e-02 9.478860534727573395e-03 1.141058374196290970e-02 2.243970334529876709e-02 2.593587338924407959e-02 1.308675622567534447e-03 2.465308271348476410e-02 3.636926785111427307e-02 1.398148294538259506e-02 1.735931076109409332e-02
1.094852201640605927e-02 1.524711120873689651e-02 2.133827842772006989e-02 2.147967182099819183e-02 2.092805877327919006e-02 3.002308867871761322e-02 1.888288185000419617e-02 4.134288430213928223e-02 4.837083443999290466e-02 5.228042602539062500e-01 1.426010206341743469e-02 3.489473462104797363e-02 6.457240320742130280e-03 1.245169551111757755e-03 1.929284259676933289e-02 1.170088257640600204e-02 4.896076396107673645e-02 1.163232140243053436e-02 1.052231565117835999e-01 3.436398878693580627e-02 1.667710952460765839e-02 1.767973415553569794e-02 1.302503328770399094e-02 5.903865769505500793e-02 3.644599020481109619e-02 4.101749882102012634e-02 3.832289949059486389e-02 4.599013552069664001e-02 2.621174603700637817e-02 1.398969441652297974e-02 1.960952021181583405e-02 4.726814106106758118e-02 9.846409782767295837e-03 5.061679705977439880e-02 3.220966085791587830e-03 2.601168118417263031e-02 2.832028642296791077e-02 1.047128252685070038e-02 1.617815718054771423e-02 8.694877033121883869e-04 7.604348007589578629e-03 2.456542477011680603e-02 4.119787737727165222e-02 2.424078062176704407e-02 5.068795755505561829e-02 2.697103843092918396e-02 4.444471001625061035e-02 1.179710682481527328e-02 2.575366199016571045e-02 1.075152903795242310e-01 3.978601098060607910e-02 3.822450339794158936e-02 3.904480719938874245e-03 2.992212213575839996e-02 1.210463140159845352e-02 9.000891447067260742e-02 4.290508478879928589e-02 1.186140254139900208e-02 3.128951787948608398e-02 1.958517543971538544e-02 3.998359292745590210e-02 7.878857664763927460e-03 2.973357588052749634e-02 2.619076892733573914e-02 4.405987262725830078e-02 2.899174764752388000e-02 1.615452207624912262e-02 8.568774908781051636e-03 7.248864974826574326e-03 1.261012908071279526e-02 2.392532490193843842e-02 5.115128308534622192e-02 3.823786601424217224e-02 8.182251825928688049e-03 2.311110310256481171e-02 1.611254550516605377e-02 8.393076248466968536e-03 9.325908869504928589e-02 1.735563389956951141e-02 1.141224429011344910e-01 4.705840721726417542e-02 5.691210925579071045e-02 3.095738589763641357e-02 1.148881241679191589e-01 1.165661681443452835e-02 9.895320981740951538e-03 7.938799448311328888e-03 2.151617081835865974e-03 4.646677151322364807e-02 6.126638501882553101e-02 4.297700896859169006e-02 2.082294598221778870e-02 1.263878215104341507e-02 5.435775965452194214e-02 1.727671362459659576e-03 2.629813179373741150e-02 2.209234423935413361e-02 8.541102288290858269e-04 1.900709117762744427e-03 9.495390579104423523e-03 4.237996786832809448e-02 1.760346814990043640e-02 4.185900092124938965e-02 4.107832908630371094e-02 2.682182192802429199e-02 3.457777202129364014e-02 1.379446871578693390e-02 3.682239353656768799e-02 2.954256348311901093e-02 1.301208790391683578e-02 3.502111509442329407e-02 3.895102441310882568e-02 4.228826984763145447e-02 1.103734597563743591e-02 3.269932419061660767e-02 1.707178726792335510e-02
6.997647136449813843e-02 9.652647376060485840e-02 4.287523776292800903e-02 2.971065416932106018e-02 7.574161048978567123e-03 6.285052001476287842e-02 7.295616716146469116e-02 1.425924710929393768e-02 6.232625804841518402e-03 1.426010206341743469e-02 5.330607295036315918e-01 3.331236075609922409e-03 8.014408499002456665e-02 7.662485353648662567e-03 1.909526064991950989e-02 2.356113400310277939e-03 8.057594299316406250e-03 2.289352938532829285e-02 2.471172064542770386e-02 2.884762920439243317e-02 2.786599658429622650e-02 6.115473806858062744e-03 6.214714143425226212e-03 4.808716475963592529e-04 1.845576614141464233e-02 1.673231087625026703e-02 5.838593468070030212e-03 4.548353143036365509e-03 3.458750993013381958e-02 5.277046468108892441e-03 4.324684664607048035e-02 2.514419332146644592e-02 2.337272977456450462e-03 3.064155206084251404e-02 1.735595986247062683e-02 9.364623576402664185e-03 2.246212773025035858e-02 4.350623115897178650e-02 2.137495204806327820e-02 2.470201626420021057e-02 1.892027072608470917e-02 1.075357198715209961e-02 5.025601480156183243e-03 4.039328172802925110e-02 3.562937490642070770e-04 3.711986355483531952e-04 4.246707260608673096e-02 4.369980096817016602e-02 3.541321679949760437e-02 7.997160777449607849e-03 5.516748130321502686e-02 4.975967109203338623e-02 1.897469535470008850e-02 3.573245182633399963e-02 3.050169348716735840e-02 3.107877215370535851e-03 4.057134315371513367e-02 4.704720154404640198e-02 7.927180267870426178e-03 2.721695415675640106e-02 9.570145979523658752e-03 1.229071058332920074e-02 1.206016167998313904e-02 2.731783315539360046e-03 6.823173910379409790e-02 4.499563574790954590e-02 3.205901384353637695e-02 1.037779802572913468e-04 2.801880240440368652e-02 1.449651643633842468e-02 2.978588268160820007e-02 2.662003785371780396e-02 4.692030698060989380e-02 3.232748806476593018e-02 2.662193402647972107e-02 3.527903929352760315e-02 1.032834872603416443e-02 1.599090360105037689e-02 3.556613251566886902e-02 3.280368447303771973e-02 1.850326918065547943e-02 2.213248983025550842e-02 1.366934645920991898e-02 1.143672969192266464e-02 4.016397520899772644e-02 8.755593444220721722e-04 2.004620991647243500e-02 2.352738566696643829e-02 1.305783446878194809e-02 1.411024108529090881e-02 3.120966069400310516e-02 5.575226247310638428e-02 1.598154567182064056e-02 1.908696815371513367e-02 1.613970473408699036e-02 6.738958414644002914e-03 6.938078440725803375e-03 3.512429073452949524e-02 4.239991679787635803e-02 2.000831812620162964e-02 3.857642412185668945e-02 2.654135599732398987e-02 1.464339159429073334e-02 3.381831198930740356e-02 3.379116579890251160e-02 3.458341211080551147e-02 2.568755112588405609e-02 3.026968613266944885e-02 3.622388839721679688e-02 5.401929095387458801e-02 3.169257566332817078e-02 1.475763600319623947e-02 3.109483048319816589e-02 2.284855395555496216e-02 2.804069407284259796e-02 2.813299559056758881e-02
1.124965213239192963e-02 5.451553501188755035e-03 3.159437328577041626e-02 9.417721070349216461e-03 3.563965857028961182e-02 2.206119336187839508e-02 2.409273572266101837e-02 2.794487215578556061e-02 2.978429570794105530e-02 3.489473462104797363e-02 3.331236075609922409e-03 5.390132665634155273e-01 1.905435346998274326e-03 5.108428373932838440e-02 4.321737214922904968e-03 2.695651724934577942e-02 2.473789267241954803e-02 2.381350641371682286e-04 5.137373507022857666e-02 1.269740331918001175e-02 1.454505976289510727e-02 2.764194831252098083e-02 1.465685106813907623e-02 1.646310277283191681e-02 5.283551290631294250e-03 5.540562048554420471e-02 1.742534153163433075e-02 1.676927134394645691e-02 1.877255551517009735e-02 5.715940147638320923e-03 1.477270014584064484e-02 3.328658640384674072e-02 2.874290384352207184e-02 3.224251791834831238e-02 4.309876263141632080e-02 5.114588886499404907e-03 9.987199679017066956e-03 3.317897766828536987e-02 1.362043060362339020e-02 1.505344407632946968e-03 7.296570576727390289e-03 9.169637341983616352e-04 8.742044679820537567e-03 1.368696521967649460e-02 2.514168806374073029e-02 2.488333173096179962e-02 3.515934944152832031e-02 1.528164744377136230e-02 2.714007347822189331e-02 2.087094075977802277e-02 1.008920744061470032e-02 1.614129357039928436e-02 4.815800115466117859e-03 6.760951597243547440e-03 3.559492900967597961e-02 4.950601980090141296e-02 4.069144371896982193e-03 2.371297031641006470e-02 1.724978350102901459e-02 8.239371527452021837e-05 1.095942407846450806e-02 3.525366261601448059e-02 2.768542803823947906e-02 3.361069038510322571e-02 1.010209042578935623e-02 5.330627318471670151e-03 8.424547500908374786e-03 2.553347870707511902e-02 3.293038113042712212e-03 1.292010117322206497e-02 1.320315152406692505e-02 4.949543159455060959e-03 1.648185588419437408e-02 1.558815478347241879e-03 4.236726462841033936e-02 3.554158611223101616e-03 3.553125262260437012e-02 1.653665117919445038e-02 5.117500666528940201e-03 7.157641462981700897e-03 4.571965429931879044e-03 1.673545874655246735e-02 2.760129049420356750e-02 2.704986557364463806e-02 2.044071629643440247e-02 1.158551545813679695e-03 1.008721161633729935e-02 1.609914191067218781e-02 1.615263149142265320e-02 4.721241816878318787e-02 1.419946737587451935e-02 5.263943690806627274e-03 1.214550901204347610e-02 3.839074168354272842e-03 1.698857359588146210e-02 2.480676025152206421e-02 8.475251495838165283e-03 1.060778647661209106e-02 1.031474769115447998e-02 5.242257611826062202e-04 1.991246454417705536e-02 4.260135348886251450e-03 4.558126907795667648e-03 1.223372644744813442e-03 2.281662449240684509e-02 4.757713153958320618e-02 4.777711257338523865e-02 1.481225993484258652e-02 4.363416507840156555e-02 1.388178486377000809e-02 9.336553514003753662e-03 2.200011722743511200e-02 7.858501747250556946e-03 9.704704396426677704e-03 1.369926147162914276e-02 1.353274448774755001e-03
6.515718996524810791e-02 8.596441894769668579e-02 2.228943072259426117e-02 2.938434295356273651e-02 3.054389171302318573e-02 4.027965292334556580e-02 3.025788068771362305e-02 6.526789814233779907e-02 1.554804388433694839e-02 6.457240320742130280e-03 8.014408499002456665e-02 1.905435346998274326e-03 5.297394990921020508e-01 1.148717757314443588e-02 2.999123372137546539e-02 2.703584358096122742e-02 2.588103339076042175e-02 1.395284663885831833e-02 5.762612912803888321e-03 3.331248881295323372e-03 1.346149481832981110e-02 2.462696470320224762e-02 1.736739464104175568e-02 2.248274907469749451e-02 2.963570179417729378e-03 1.118284091353416443e-02 9.356166236102581024e-03 1.283113192766904831e-02 3.187653049826622009e-02 6.569103803485631943e-03 1.849434897303581238e-02 1.220305915921926498e-02 2.558560110628604889e-02 2.287026308476924896e-02 2.780298516154289246e-02 2.081647835439071059e-04 9.448494529351592064e-04 1.952265575528144836e-02 1.391741633415222168e-02 1.410799659788608551e-02 6.419726181775331497e-03 2.216854691505432129e-02 3.415446728467941284e-02 2.976486273109912872e-02 1.674229465425014496e-02 7.598620723001658916e-04 4.594938829541206360e-02 2.046613954007625580e-02 3.991746157407760620e-02 2.548051811754703522e-02 5.268378555774688721e-02 5.305483564734458923e-02 1.597467227838933468e-03 1.451917225494980812e-03 2.980404905974864960e-02 6.938324775546789169e-03 3.069175593554973602e-02 2.006867341697216034e-02 8.200915181078016758e-04 4.408903885632753372e-03 4.750604275614023209e-03 1.183608174324035645e-02 1.351985055953264236e-02 3.988217562437057495e-02 6.431043148040771484e-02 5.947368964552879333e-02 2.949639968574047089e-02 3.523956984281539917e-03 3.539055213332176208e-02 1.634982228279113770e-02 3.606732189655303955e-02 1.926440931856632233e-02 3.781827539205551147e-02 3.256359323859214783e-02 3.921924903988838196e-02 2.986915595829486847e-02 1.359046343713998795e-02 2.991785854101181030e-02 4.468772187829017639e-02 1.823317073285579681e-02 3.666532412171363831e-02 1.198767498135566711e-02 2.683312259614467621e-02 4.606023430824279785e-02 1.637691818177700043e-02 4.196251276880502701e-03 1.286860276013612747e-02 2.412508986890316010e-02 2.062375098466873169e-02 5.619155708700418472e-03 3.923017159104347229e-02 5.500085279345512390e-02 8.694157004356384277e-03 2.542412281036376953e-02 2.261638641357421875e-02 2.206765674054622650e-02 1.108116284012794495e-02 3.452852368354797363e-02 3.191980719566345215e-02 3.893275186419487000e-02 3.584711998701095581e-02 4.849375225603580475e-03 1.851378567516803741e-02 3.161508217453956604e-02 1.757577806711196899e-02 9.998423978686332703e-03 3.839791938662528992e-02 2.706998772919178009e-02 2.534415200352668762e-02 5.590560659766197205e-02 1.634136214852333069e-02 4.018734209239482880e-03 2.272713929414749146e-02 1.777859404683113098e-02 2.753596566617488861e-02 1.381526049226522446e-02
