5.158302187919616699e-01 1.402096152305603027e-01 3.125789761543273926e-02 3.580628335475921631e-02 3.163348138332366943e-02 9.475658833980560303e-02 7.019927352666854858e-02 5.458276718854904175e-03 3.282782435417175293e-02 1.958103105425834656e-02 8.037201315164566040e-02 1.129909884184598923e-02 8.536757528781890869e-02 1.586348190903663635e-02 4.012134391814470291e-03 3.434066101908683777e-02 3.321462869644165039e-02 2.652744390070438385e-02 4.814188182353973389e-02 1.283264625817537308e-02 1.125085167586803436e-02 2.059312351047992706e-02 1.344734989106655121e-02 1.527314446866512299e-02 3.349360078573226929e-02 1.147205755114555359e-02 2.076884917914867401e-02 1.896782219409942627e-02 3.838094696402549744e-02 1.387389842420816422e-02 1.956392079591751099e-03 1.779869548045098782e-03 8.846920100040733814e-04 2.892388496547937393e-03 8.399769663810729980e-03 2.399654686450958252e-02 4.061983432620763779e-03 7.390103302896022797e-03 3.124420903623104095e-02 2.750253863632678986e-02 1.019505225121974945e-02 1.651189662516117096e-02 8.548688143491744995e-03 1.922438852488994598e-02 4.370242822915315628e-03 3.268353466410189867e-04 6.692751497030258179e-02 3.143177554011344910e-02 3.403113409876823425e-02 7.917053066194057465e-03 1.959889568388462067e-02 1.119056344032287598e-02 3.261567093431949615e-03 2.107656933367252350e-02 1.439433265477418900e-02 2.884041983634233475e-03 1.899024099111557007e-02 1.191387791186571121e-02 5.737761966884136200e-03 2.883756347000598907e-02 3.527413681149482727e-02 3.199908137321472168e-02 5.895445938222110271e-04 2.289428608492016792e-03 5.576868355274200439e-02 4.188513755798339844e-02 7.098221103660762310e-04 2.991655608639121056e-03 3.645448014140129089e-02 4.526192788034677505e-03 2.839011512696743011e-02 2.918311581015586853e-02 3.421079739928245544e-02 2.601357549428939819e-02 1.690679416060447693e-02 5.291774496436119080e-02 3.896525874733924866e-02 1.466790307313203812e-02 4.500683397054672241e-02 4.502769932150840759e-02 3.463976457715034485e-02 7.841980084776878357e-03 2.333691157400608063e-02 1.688119024038314819e-02 3.395316889509558678e-03 2.363047190010547638e-02 6.045054644346237183e-03 7.117386907339096069e-03 3.101381286978721619e-02 3.940858319401741028e-02 4.722933843731880188e-02 2.270038798451423645e-02 5.350124463438987732e-02 8.870468474924564362e-03 3.829441964626312256e-02 2.911505289375782013e-02 1.917208544909954071e-02 2.825545519590377808e-02 2.390091679990291595e-02 2.175131440162658691e-02 1.459997706115245819e-02 1.190950255841016769e-02 1.338294893503189087e-02 2.127550169825553894e-02 2.632133895531296730e-03 3.276313841342926025e-02 2.477209642529487610e-02 3.093867562711238861e-03 3.876512497663497925e-02 1.562527846544981003e-03 2.316562086343765259e-02 4.550956934690475464e-02 4.067370668053627014e-03 1.280662417411804199e-02 5.799061618745326996e-03 3.054370917379856110e-02
1.402096152305603027e-01 5.095512270927429199e-01 1.788682118058204651e-02 1.122515834867954254e-02 2.145801112055778503e-02 7.939559221267700195e-02 6.895390152931213379e-02 1.350957993417978287e-02 4.416568949818611145e-02 5.813356954604387283e-03 7.888817042112350464e-02 1.833692006766796112e-02 9.079828113317489624e-02 6.048672832548618317e-03 1.307470258325338364e-02 3.235901519656181335e-02 2.081153914332389832e-02 2.604462392628192902e-02 4.093633219599723816e-02 6.319273263216018677e-03 2.496652118861675262e-02 2.491111867129802704e-02 2.107005007565021515e-02 8.386673405766487122e-03 2.223432250320911407e-02 1.220918167382478714e-02 2.875600568950176239e-02 3.441452607512474060e-02 9.362430311739444733e-03 1.484926789999008179e-02 3.905107500031590462e-03 1.452560257166624069e-02 9.484245092608034611e-04 6.316812708973884583e-03 2.734743757173418999e-03 1.742672547698020935e-02 1.430071517825126648e-02 1.386972423642873764e-02 3.726254403591156006e-02 2.973061800003051758e-02 1.292620226740837097e-02 3.145011141896247864e-02 7.501483429223299026e-03 1.038982067257165909e-02 3.660781681537628174e-02 2.841020002961158752e-02 5.279300734400749207e-02 3.457506000995635986e-02 8.791079744696617126e-03 6.245635449886322021e-03 1.025839988142251968e-02 1.971069956198334694e-03 1.097613852471113205e-02 2.632948104292154312e-03 3.983528167009353638e-02 2.200713194906711578e-02 9.014963172376155853e-03 9.640544652938842773e-03 8.686447516083717346e-03 3.571318928152322769e-03 4.186134040355682373e-02 1.123785879462957382e-02 2.480082400143146515e-02 1.396226510405540466e-02 5.825723335146903992e-02 3.758240863680839539e-02 1.392895262688398361e-02 1.730754412710666656e-02 3.028166666626930237e-02 1.054571662098169327e-02 2.719228528439998627e-02 4.586998000741004944e-02 3.485988080501556396e-02 2.652624063193798065e-02 3.860083175823092461e-03 3.635542839765548706e-02 2.867246791720390320e-02 3.466697642579674721e-03 4.532642289996147156e-02 4.642999544739723206e-02 6.370720919221639633e-03 1.747303828597068787e-02 3.756021615117788315e-03 1.972324214875698090e-02 9.411687031388282776e-03 2.357555739581584930e-02 1.608673483133316040e-02 5.098667461425065994e-03 3.228556364774703979e-03 2.340753376483917236e-02 1.922951824963092804e-02 2.365746162831783295e-02 5.579026788473129272e-02 7.169401273131370544e-03 2.820564992725849152e-02 1.946375519037246704e-02 2.792991325259208679e-02 2.582530304789543152e-02 2.003179676830768585e-02 1.391345821321010590e-02 8.608902804553508759e-03 2.536613494157791138e-03 4.034394398331642151e-02 1.874677091836929321e-02 6.575107574462890625e-03 2.136558666825294495e-02 2.027096971869468689e-02 1.129223871976137161e-02 1.754418574273586273e-02 2.073272503912448883e-02 2.463681064546108246e-02 3.143016621470451355e-02 1.087840832769870758e-02 2.345489151775836945e-02 1.747475937008857727e-02 2.638568170368671417e-02
3.125789761543273926e-02 1.788682118058204651e-02 5.016381740570068359e-01 2.241068333387374878e-02 5.101955684949643910e-05 2.344844117760658264e-02 3.120288811624050140e-02 1.162055060267448425e-01 4.719908814877271652e-03 3.706134855747222900e-03 8.818271569907665253e-03 2.322140894830226898e-02 1.551125571131706238e-02 3.713059052824974060e-02 2.748588658869266510e-02 2.649709954857826233e-02 1.318367104977369308e-02 5.772732198238372803e-03 4.662896040827035904e-03 3.165800869464874268e-02 3.293058276176452637e-02 2.513329684734344482e-02 3.391623124480247498e-02 3.564782813191413879e-02 1.919195801019668579e-02 3.902610763907432556e-02 1.554633770138025284e-02 3.955004271119832993e-03 1.513373292982578278e-02 7.776817306876182556e-03 6.293076556175947189e-03 2.929041162133216858e-03 3.066211193799972534e-02 2.880986966192722321e-02 3.247699141502380371e-02 1.755816489458084106e-02 2.550431818235665560e-04 2.364978939294815063e-02 7.566621899604797363e-02 7.444690167903900146e-02 2.680035308003425598e-02 1.587534509599208832e-02 1.753485389053821564e-02 1.116704642772674561e-01 3.184416145086288452e-02 2.771415561437606812e-02 3.690444678068161011e-02 3.717173263430595398e-02 1.500305347144603729e-02 2.916688099503517151e-02 3.051799349486827850e-02 2.760484255850315094e-02 4.139271751046180725e-02 6.495994050055742264e-03 1.296917349100112915e-02 5.897052586078643799e-03 3.579747676849365234e-02 3.840561583638191223e-02 2.603048272430896759e-02 1.273996941745281219e-02 4.735291004180908203e-03 1.661529392004013062e-02 8.454472757875919342e-03 6.330282427370548248e-03 3.810812253504991531e-03 1.041380502283573151e-02 2.534936647862195969e-04 1.453690580092370510e-03 1.334319240413606167e-03 1.429053605534136295e-03 7.025533821433782578e-03 3.811206668615341187e-02 1.589110307395458221e-02 2.770829387009143829e-02 5.904865916818380356e-03 3.798078000545501709e-02 1.191709470003843307e-02 2.969167428091168404e-03 1.646551303565502167e-02 1.577324792742729187e-02 2.690351307392120361e-01 2.327730804681777954e-01 4.262753063812851906e-04 4.282681643962860107e-02 9.672365151345729828e-03 5.564211867749691010e-03 1.188152208924293518e-01 7.188983261585235596e-02 1.366063952445983887e-02 1.557335164397954941e-02 3.733629360795021057e-02 9.149899706244468689e-03 1.593368873000144958e-02 2.028500195592641830e-03 2.729046344757080078e-02 2.060261182487010956e-02 1.692225411534309387e-02 2.761733904480934143e-02 1.138246152549982071e-02 4.118307493627071381e-03 3.997129574418067932e-02 3.143640235066413879e-02 1.697649620473384857e-02 1.240625698119401932e-02 1.562199555337429047e-02 9.038234129548072815e-03 7.178384694270789623e-04 6.030497606843709946e-03 8.295333944261074066e-03 3.428052738308906555e-02 3.972063958644866943e-02 2.681027911603450775e-02 2.455018088221549988e-02 3.599581867456436157e-02 6.428541243076324463e-02 4.214455932378768921e-02
3.580628335475921631e-02 1.122515834867954254e-02 2.241068333387374878e-02 5.149711370468139648e-01 2.793330252170562744e-01 4.977242089807987213e-03 3.933999221771955490e-03 2.694873139262199402e-02 4.803001508116722107e-02 2.260377258062362671e-02 9.364571422338485718e-03 2.656629681587219238e-02 4.132143780589103699e-02 3.746025264263153076e-02 3.429516404867172241e-02 1.725814770907163620e-03 2.384723484283313155e-04 2.697370760142803192e-02 3.700438421219587326e-03 1.234987471252679825e-02 2.717076428234577179e-02 2.264283038675785065e-02 3.377503156661987305e-02 6.863759364932775497e-03 2.111817710101604462e-02 1.560807507485151291e-02 1.845551468431949615e-02 5.711050704121589661e-02 1.971873454749584198e-02 6.249139085412025452e-02 9.160162298940122128e-04 3.327300399541854858e-02 2.835354767739772797e-02 8.544917218387126923e-03 3.329056501388549805e-02 9.149358607828617096e-03 1.053117401897907257e-02 2.451880648732185364e-02 2.498422935605049133e-02 2.061000652611255646e-02 1.269691903144121170e-02 3.490653634071350098e-02 2.186023071408271790e-02 1.823591813445091248e-02 5.225157830864191055e-03 1.515767071396112442e-03 2.146896347403526306e-02 2.750317566096782684e-02 4.882148280739784241e-02 8.863179013133049011e-03 3.404337912797927856e-02 3.587408736348152161e-02 3.746756538748741150e-02 2.929757535457611084e-02 2.277851291000843048e-02 8.237062953412532806e-03 9.549535810947418213e-03 1.677067019045352936e-02 9.449897333979606628e-03 5.796933081001043320e-03 6.333562545478343964e-03 4.013396427035331726e-02 6.663808971643447876e-02 2.228807657957077026e-02 2.409008704125881195e-02 3.575034439563751221e-02 2.182360365986824036e-02 2.424468658864498138e-02 3.131546825170516968e-02 3.705871477723121643e-02 9.998138993978500366e-04 1.756453700363636017e-02 1.007670015096664429e-01 1.901658810675144196e-02 7.995530217885971069e-02 7.278812117874622345e-03 7.598557509481906891e-03 3.185481205582618713e-02 4.313023388385772705e-02 1.272009778767824173e-02 2.048911526799201965e-02 7.425155956298112869e-03 1.397134363651275635e-01 1.218336820602416992e-01 2.639892743900418282e-03 4.470868967473506927e-03 3.286835551261901855e-02 4.527460411190986633e-02 2.943550702184438705e-03 2.716908045113086700e-02 6.251915474422276020e-04 3.594654053449630737e-02 3.025565482676029205e-02 2.608806639909744263e-02 1.858325488865375519e-02 3.791448101401329041e-02 6.193667184561491013e-03 4.678645730018615723e-02 7.634675595909357071e-03 4.538952489383518696e-04 4.568377882242202759e-02 3.263830766081809998e-02 1.837186887860298157e-02 7.436230778694152832e-03 4.651438444852828979e-02 4.301737621426582336e-02 4.328102618455886841e-02 9.740203619003295898e-03 3.726533846929669380e-03 2.786704152822494507e-02 4.681575298309326172e-02 3.398445993661880493e-02 3.198188543319702148e-02 4.339979216456413269e-02 4.079694673418998718e-02 2.078848518431186676e-02
3.163348138332366943e-02 2.145801112055778503e-02 5.101955684949643910e-05 2.793330252170562744e-01 5.155724883079528809e-01 1.820012927055358887e-02 4.493576416280120611e-04 1.061853114515542984e-02 6.475923582911491394e-03 3.220345452427864075e-02 6.705376319587230682e-03 4.011232033371925354e-02 3.869789838790893555e-02 2.196743153035640717e-02 2.939333580434322357e-02 3.835229948163032532e-02 3.707907348871231079e-02 6.182914599776268005e-03 1.136265601962804794e-02 2.106358855962753296e-02 2.758066169917583466e-02 3.237985447049140930e-02 2.893795073032379150e-02 2.674910798668861389e-02 2.711260877549648285e-02 1.226253714412450790e-02 2.156486269086599350e-03 6.019923090934753418e-02 2.774378843605518341e-02 9.790730476379394531e-02 2.128754928708076477e-02 1.284225750714540482e-02 2.533352375030517578e-02 1.140058785676956177e-02 2.467096783220767975e-02 3.704969957470893860e-02 1.149077899754047394e-02 2.953169867396354675e-02 8.772850036621093750e-03 2.556504681706428528e-02 1.001642923802137375e-02 3.618070855736732483e-02 1.627615280449390411e-02 4.587538912892341614e-02 3.903814032673835754e-02 1.067438162863254547e-03 6.410768721252679825e-03 2.897824719548225403e-02 4.854795988649129868e-03 4.339556396007537842e-02 4.013815149664878845e-02 2.135939337313175201e-02 3.487777709960937500e-02 2.747167833149433136e-02 1.825681142508983612e-02 3.235979750752449036e-02 1.942967623472213745e-02 5.276925512589514256e-04 1.596425287425518036e-02 3.932930529117584229e-03 3.108355589210987091e-02 1.118005067110061646e-02 2.420384623110294342e-02 3.013239055871963501e-02 3.012770973145961761e-02 2.804826386272907257e-02 3.573271632194519043e-02 1.727369055151939392e-02 1.284289080649614334e-02 1.732803322374820709e-02 3.143551992252469063e-03 2.633451484143733978e-02 1.211751624941825867e-01 4.363993648439645767e-03 1.193255409598350525e-01 3.525762294884771109e-04 2.583739161491394043e-02 1.922737807035446167e-02 8.349478594027459621e-04 2.116983057931065559e-03 3.202894702553749084e-03 2.262404374778270721e-02 1.088423430919647217e-01 1.403110474348068237e-01 2.026413008570671082e-02 7.749968208372592926e-03 3.093997761607170105e-02 3.428575769066810608e-02 4.210125282406806946e-02 2.294100821018218994e-02 1.735755987465381622e-02 2.650691755115985870e-02 3.050259128212928772e-02 3.392003104090690613e-02 9.806784801185131073e-04 4.341528564691543579e-02 1.364402752369642258e-02 2.299540862441062927e-02 8.377871476113796234e-03 8.888843585737049580e-04 4.369383305311203003e-02 3.684861958026885986e-02 3.236282616853713989e-02 2.095831185579299927e-02 1.214549597352743149e-02 2.967680245637893677e-02 2.295756153762340546e-02 6.062886677682399750e-03 5.005910526961088181e-03 2.075127884745597839e-02 8.432185649871826172e-02 2.965045161545276642e-02 2.005662769079208374e-02 3.729355707764625549e-02 1.136896386742591858e-02 1.709730247966945171e-03
9.475658833980560303e-02 7.939559221267700195e-02 2.344844117760658264e-02 4.977242089807987213e-03 1.820012927055358887e-02 5.110006928443908691e-01 1.338844895362854004e-01 1.994242891669273376e-02 8.726961910724639893e-03 3.047128021717071533e-02 5.086641758680343628e-02 5.001438781619071960e-02 6.833568960428237915e-02 5.343600735068321228e-02 1.649231277406215668e-02 8.152111433446407318e-03 1.436532568186521530e-02 3.699696063995361328e-02 3.359953314065933228e-02 7.792347576469182968e-03 2.072408329695463181e-03 4.196879919618368149e-03 3.166627138853073120e-02 2.964219264686107635e-02 2.077511325478553772e-02 6.685413885861635208e-03 4.438092559576034546e-02 1.558405719697475433e-02 3.828037064522504807e-03 2.563359914347529411e-03 2.714458480477333069e-02 3.659286536276340485e-03 3.303392976522445679e-02 7.943363860249519348e-03 1.247432362288236618e-02 2.209088206291198730e-02 2.936375094577670097e-03 8.378879167139530182e-03 8.935061283409595490e-03 1.701966300606727600e-02 4.458535462617874146e-03 3.670673817396163940e-02 5.409109406173229218e-03 8.977801539003849030e-03 2.092012763023376465e-02 1.274506654590368271e-02 1.055999249219894409e-01 7.334296405315399170e-02 3.013143129646778107e-02 3.856231272220611572e-02 2.342169359326362610e-02 1.190029084682464600e-03 7.651843130588531494e-03 2.793283201754093170e-02 3.022669255733489990e-02 2.194012328982353210e-02 2.164878137409687042e-02 5.308308452367782593e-02 2.465310506522655487e-02 1.596809737384319305e-02 2.486601099371910095e-02 5.936501547694206238e-02 3.223480284214019775e-02 3.771755471825599670e-02 3.591894358396530151e-02 8.855911437422037125e-04 3.223780309781432152e-03 2.009774371981620789e-02 4.713115468621253967e-02 4.035966098308563232e-02 4.761934280395507812e-02 3.428774327039718628e-02 3.245303034782409668e-02 3.633667901158332825e-02 9.439552202820777893e-03 5.501224659383296967e-03 3.108564577996730804e-02 2.612660825252532959e-02 6.928526796400547028e-03 3.533806651830673218e-02 3.458084538578987122e-02 4.327550902962684631e-02 1.256189774721860886e-02 7.577546406537294388e-03 5.164008215069770813e-02 8.942596614360809326e-03 1.013206224888563156e-02 3.038294613361358643e-02 3.769726306200027466e-02 1.683262363076210022e-02 2.870026230812072754e-02 2.880492992699146271e-02 5.128937214612960815e-02 9.240183047950267792e-03 2.095163241028785706e-02 2.455999329686164856e-02 8.399609476327896118e-03 2.326058223843574524e-02 9.604158811271190643e-03 1.830695383250713348e-02 1.951838470995426178e-02 7.367862854152917862e-03 2.089887158945202827e-03 1.855713687837123871e-02 3.194534778594970703e-02 3.166256844997406006e-02 1.715283095836639404e-02 2.800768427550792694e-02 1.413698960095643997e-02 4.164341092109680176e-02 1.591145060956478119e-02 6.246525328606367111e-03 2.674326859414577484e-02 1.847964711487293243e-02 2.467525564134120941e-02 2.231387980282306671e-02
7.019927352666854858e-02 6.895390152931213379e-02 3.120288811624050140e-02 3.933999221771955490e-03 4.493576416280120611e-04 1.338844895362854004e-01 5.192463397979736328e-01 2.713854610919952393e-02 2.072704769670963287e-02 1.933257468044757843e-02 3.031365200877189636e-02 4.498684033751487732e-02 4.569788277149200439e-02 7.984492182731628418e-02 2.074866555631160736e-02 2.482413500547409058e-02 3.982639685273170471e-02 2.690624259412288666e-02 4.567672684788703918e-02 6.580595392733812332e-03 1.654100778978317976e-04 1.303669810295104980e-02 2.083486877381801605e-02 3.322615101933479309e-02 6.024390677339397371e-05 6.054941564798355103e-03 4.605218768119812012e-02 5.742471548728644848e-04 1.422712672501802444e-02 2.427357435226440430e-02 8.824114687740802765e-03 1.381029281765222549e-02 3.600121662020683289e-02 4.106619860976934433e-03 1.014829520136117935e-02 2.237575128674507141e-02 7.001869380474090576e-03 8.183144964277744293e-03 2.666917257010936737e-02 2.559109404683113098e-02 2.069386653602123260e-02 2.259364165365695953e-02 3.654274391010403633e-03 1.663888804614543915e-02 1.652131439186632633e-03 2.815854549407958984e-02 1.009273529052734375e-01 1.035871431231498718e-01 4.568484425544738770e-02 1.573963090777397156e-02 1.168654672801494598e-02 1.061603799462318420e-02 9.062703698873519897e-03 3.011646866798400879e-02 3.248271718621253967e-02 1.815192587673664093e-02 2.165049873292446136e-02 3.328019380569458008e-02 3.693931270390748978e-03 1.628299243748188019e-02 2.325975522398948669e-02 4.183203727006912231e-02 4.534640163183212280e-02 3.410250693559646606e-02 2.853592857718467712e-02 4.467891994863748550e-03 1.088943704962730408e-02 1.272641308605670929e-02 4.180885106325149536e-02 2.401974424719810486e-02 3.469505161046981812e-02 2.971128001809120178e-02 3.193436190485954285e-02 5.114254355430603027e-02 3.559634089469909668e-02 5.181430839002132416e-03 3.694187104701995850e-02 7.629874744452536106e-04 2.107567898929119110e-02 1.011951593682169914e-03 3.328537568449974060e-02 3.615644946694374084e-02 1.007003244012594223e-02 2.582268230617046356e-02 3.029982745647430420e-02 2.129864506423473358e-02 9.854995645582675934e-03 3.225801140069961548e-02 3.504019975662231445e-02 2.549797669053077698e-02 3.527462482452392578e-02 1.305991038680076599e-02 6.193915009498596191e-02 2.144072577357292175e-02 2.170458063483238220e-02 1.677027903497219086e-02 1.374302711337804794e-02 2.380635216832160950e-02 4.170041996985673904e-03 3.374863648787140846e-03 1.367003750056028366e-02 8.133254013955593109e-03 9.586272644810378551e-04 1.203224528580904007e-02 2.936610020697116852e-02 2.432043477892875671e-02 3.085521422326564789e-02 3.856157138943672180e-02 3.451998159289360046e-02 2.364112995564937592e-02 6.425008643418550491e-03 1.477576326578855515e-02 1.598555222153663635e-02 5.535740405321121216e-03 7.035952061414718628e-03 1.577659696340560913e-02
5.458276718854904175e-03 1.350957993417978287e-02 1.162055060267448425e-01 2.694873139262199402e-02 1.061853114515542984e-02 1.994242891669273376e-02 2.713854610919952393e-02 4.791200459003448486e-01 3.882844699546694756e-03 2.666120603680610657e-02 5.650695413351058960e-03 1.305737346410751343e-02 5.145606026053428650e-02 1.917983964085578918e-02 1.380371302366256714e-01 8.799505420029163361e-03 3.817558661103248596e-02 1.627155020833015442e-02 2.881020307540893555e-02 1.821188442409038544e-02 4.252467304468154907e-02 2.422200702130794525e-02 3.081768285483121872e-03 6.899302359670400620e-03 1.245146244764328003e-02 2.624026313424110413e-02 1.959691941738128662e-02 3.840490803122520447e-02 1.343972980976104736e-02 3.488502278923988342e-02 2.543407306075096130e-02 3.563116490840911865e-02 2.043169923126697540e-02 1.638633012771606445e-02 3.532318864017724991e-03 2.811294607818126678e-02 1.993830502033233643e-02 1.148181501775979996e-02 3.315457329154014587e-02 3.195641795173287392e-03 2.276947721838951111e-02 3.118371823802590370e-03 1.430410519242286682e-02 3.238068427890539169e-03 2.747029624879360199e-02 1.344474684447050095e-02 3.628543019294738770e-02 2.626623958349227905e-02 2.968889195472002029e-03 1.791193149983882904e-02 2.461788430809974670e-02 1.321014575660228729e-02 2.154685743153095245e-02 3.581067919731140137e-02 3.689996898174285889e-02 1.963580027222633362e-02 6.415855139493942261e-03 1.923074387013912201e-02 3.768156468868255615e-02 1.769903115928173065e-02 2.524015493690967560e-02 4.195348545908927917e-02 4.094444215297698975e-03 3.340748324990272522e-02 3.667448461055755615e-02 1.560289692133665085e-02 3.954065963625907898e-02 1.906307786703109741e-02 7.925118319690227509e-03 2.316540485480800271e-04 7.912384346127510071e-03 9.591743350028991699e-03 3.293764777481555939e-03 5.579706630669534206e-04 2.409435622394084930e-02 2.633121097460389137e-03 1.768533838912844658e-03 1.006782241165637970e-02 5.079572554677724838e-03 1.388962566852569580e-02 1.738796681165695190e-01 5.578611418604850769e-02 1.738315448164939880e-02 1.666960865259170532e-02 1.756947487592697144e-02 5.359638482332229614e-03 4.957496747374534607e-02 4.519950225949287415e-02 2.419725246727466583e-02 2.329361625015735626e-02 1.163222268223762512e-02 5.120472237467765808e-02 2.452853135764598846e-02 2.088723704218864441e-02 4.313459992408752441e-02 3.932240419089794159e-03 3.796547278761863708e-02 3.423836454749107361e-02 1.752073992975056171e-03 1.980325439944863319e-03 6.720972247421741486e-03 4.292719066143035889e-02 3.866603597998619080e-02 1.470781047828495502e-03 2.519271522760391235e-02 2.758443914353847504e-02 2.452145889401435852e-02 2.819173038005828857e-02 3.545538708567619324e-02 2.153676375746726990e-02 2.792854979634284973e-02 2.136727236211299896e-02 1.134316553361713886e-03 1.192010939121246338e-02 1.964002288877964020e-02 1.604922860860824585e-02
3.282782435417175293e-02 4.416568949818611145e-02 4.719908814877271652e-03 4.803001508116722107e-02 6.475923582911491394e-03 8.726961910724639893e-03 2.072704769670963287e-02 3.882844699546694756e-03 5.204165577888488770e-01 2.530694752931594849e-02 2.407428063452243805e-02 4.700592905282974243e-02 2.977702766656875610e-02 8.334807120263576508e-03 3.404197841882705688e-02 2.084444276988506317e-02 1.466866862028837204e-02 2.992282621562480927e-02 7.308106432901695371e-05 2.580722235143184662e-02 1.186876557767391205e-02 3.403963148593902588e-02 3.586275875568389893e-02 5.988156888633966446e-03 3.814695402979850769e-02 1.559342816472053528e-02 7.912958972156047821e-03 4.211269784718751907e-03 3.243671730160713196e-02 4.863205924630165100e-02 3.040777519345283508e-02 3.625104902312159538e-03 4.016919806599617004e-02 3.479158505797386169e-03 5.071504414081573486e-02 8.793886750936508179e-03 2.442304231226444244e-02 1.477734069339931011e-03 1.959790661931037903e-02 4.210789874196052551e-02 3.410113602876663208e-02 6.338756531476974487e-02 1.402981672435998917e-02 1.611316110938787460e-03 5.271838232874870300e-02 2.266210038214921951e-03 1.869457215070724487e-02 1.551254652440547943e-02 7.426021248102188110e-02 2.156412787735462189e-02 1.824646070599555969e-02 2.256511151790618896e-02 2.422891743481159210e-02 7.202695705927908421e-04 1.073474436998367310e-01 3.036424703896045685e-02 4.920898005366325378e-03 4.209079965949058533e-02 4.373381286859512329e-02 4.349600896239280701e-02 6.654767692089080811e-02 3.930385224521160126e-03 3.471294790506362915e-02 3.302866220474243164e-02 7.037818897515535355e-03 3.714436292648315430e-02 6.047072020010091364e-05 1.100239437073469162e-02 1.009676977992057800e-02 2.493048086762428284e-02 2.454480715095996857e-02 3.598549170419573784e-03 4.838396608829498291e-02 1.780654862523078918e-02 1.123976148664951324e-02 1.431545987725257874e-02 1.061831116676330566e-01 2.651240676641464233e-03 1.091656163334846497e-01 5.363210290670394897e-02 1.439054124057292938e-02 2.835594303905963898e-02 2.905558794736862183e-03 1.236722432076931000e-02 4.368670284748077393e-03 2.295520156621932983e-02 3.337912261486053467e-02 2.231623604893684387e-02 1.118701547384262085e-01 5.579817574471235275e-03 2.240609563887119293e-02 5.255253240466117859e-02 2.986915037035942078e-02 2.027642540633678436e-02 1.862625707872211933e-03 1.642907783389091492e-02 1.383325736969709396e-02 4.357330501079559326e-02 4.190172627568244934e-02 1.490049995481967926e-02 9.862927719950675964e-03 7.608302403241395950e-03 2.131427638232707977e-02 2.471808157861232758e-02 2.822221815586090088e-02 1.845342572778463364e-03 7.481180597096681595e-03 3.796142339706420898e-02 1.790668757166713476e-04 3.868861496448516846e-02 1.686681993305683136e-02 4.085106775164604187e-02 1.532171294093132019e-02 2.277400530874729156e-02 1.068537868559360504e-02 3.852144256234169006e-02
1.958103105425834656e-02 5.813356954604387283e-03 3.706134855747222900e-03 2.260377258062362671e-02 3.220345452427864075e-02 3.047128021717071533e-02 1.933257468044757843e-02 2.666120603680610657e-02 2.530694752931594849e-02 5.134495496749877930e-01 1.417446509003639221e-02 5.387007072567939758e-02 3.733987221494317055e-03 2.145135402679443359e-02 1.751424511894583702e-03 5.216433852910995483e-02 2.004427090287208557e-02 2.264305762946605682e-02 3.995432332158088684e-02 8.346282877027988434e-03 4.164217389188706875e-04 3.242153674364089966e-02 3.186013922095298767e-02 3.643805393949151039e-03 5.893088411539793015e-03 3.081230074167251587e-02 3.697187826037406921e-02 6.596125662326812744e-03 3.596694394946098328e-02 4.095407947897911072e-02 1.648666337132453918e-02 2.401037886738777161e-02 1.657442934811115265e-02 1.062407437711954117e-02 2.170454524457454681e-02 3.977800160646438599e-02 1.341788098216056824e-02 2.078076452016830444e-02 2.916271425783634186e-02 2.163327299058437347e-02 1.466738525778055191e-02 1.176655874587595463e-03 3.309330344200134277e-02 1.674868166446685791e-03 5.523844808340072632e-02 1.470427773892879486e-02 1.432529184967279434e-02 1.292088418267667294e-03 5.625924561172723770e-03 8.857722580432891846e-02 1.908139511942863464e-02 5.194335710257291794e-03 1.499352231621742249e-02 3.900945559144020081e-02 1.110598165541887283e-02 6.905290484428405762e-02 2.559337951242923737e-02 3.083900548517704010e-02 2.162647992372512817e-02 2.628048881888389587e-02 4.706015065312385559e-02 3.021700866520404816e-02 8.696911390870809555e-04 3.429253771901130676e-02 1.450015511363744736e-02 3.291943669319152832e-02 4.447052720934152603e-03 2.943400666117668152e-02 4.753681272268295288e-02 7.267185952514410019e-03 5.336477234959602356e-02 2.268504165112972260e-02 2.625070512294769287e-02 2.090817503631114960e-02 8.043611422181129456e-03 3.572801500558853149e-02 5.572887510061264038e-02 1.420519948005676270e-01 1.711887540295720100e-03 8.777020126581192017e-02 1.594216004014015198e-02 3.256177157163619995e-02 3.673750534653663635e-02 1.400187332183122635e-02 3.007321152836084366e-03 4.869913309812545776e-02 1.174692530184984207e-02 3.424794226884841919e-02 3.114793449640274048e-02 7.323928922414779663e-02 2.648270688951015472e-02 1.113215228542685509e-03 1.417596917599439621e-02 2.907346002757549286e-02 1.709784939885139465e-02 1.554241590201854706e-02 1.629480905830860138e-02 3.385800123214721680e-02 2.062817476689815521e-02 4.470640793442726135e-02 7.247888483107089996e-03 1.406470034271478653e-02 3.201745077967643738e-02 3.910819068551063538e-02 3.619652986526489258e-02 9.087542071938514709e-03 9.648692794144153595e-03 4.149578884243965149e-02 1.383308600634336472e-02 1.704811863601207733e-02 1.024416740983724594e-02 4.151871427893638611e-02 8.099659462459385395e-04 9.945287369191646576e-03 1.406662445515394211e-02 3.349537774920463562e-02
8.037201315164566040e-02 7.888817042112350464e-02 8.818271569907665253e-03 9.364571422338485718e-03 6.705376319587230682e-03 5.086641758680343628e-02 3.031365200877189636e-02 5.650695413351058960e-03 2.407428063452243805e-02 1.417446509003639221e-02 5.207302570343017578e-01 4.214350134134292603e-03 8.922700583934783936e-02 4.038849379867315292e-03 1.313694007694721222e-02 1.779544167220592499e-02 3.917175158858299255e-02 7.019447162747383118e-03 2.649045549333095551e-02 7.839360274374485016e-03 3.859705058857798576e-03 1.597185619175434113e-02 2.346498146653175354e-02 1.614811085164546967e-02 1.445794012397527695e-02 1.424772944301366806e-02 2.452398091554641724e-02 4.199928790330886841e-02 4.372079297900199890e-02 3.773752227425575256e-02 3.577325120568275452e-02 1.936829462647438049e-02 2.007398288697004318e-03 2.768093906342983246e-02 1.374438637867569923e-03 3.662687167525291443e-02 3.293603658676147461e-02 1.697086170315742493e-02 2.234898321330547333e-02 3.700767457485198975e-02 1.096598152071237564e-02 1.876567490398883820e-02 1.319370605051517487e-02 3.608857095241546631e-02 1.650686375796794891e-02 3.293979167938232422e-02 3.785404190421104431e-02 8.673899807035923004e-03 4.583365470170974731e-02 7.658717222511768341e-03 1.987282559275627136e-02 1.250253058969974518e-02 1.658835075795650482e-02 1.430212426930665970e-02 2.608724869787693024e-02 1.877357065677642822e-02 7.534553296864032745e-03 2.801524009555578232e-03 1.590291783213615417e-02 2.201806195080280304e-02 1.268621813505887985e-02 7.258876692503690720e-03 4.838276654481887817e-03 4.099546745419502258e-02 5.949825420975685120e-02 4.636795073747634888e-02 1.067817443981766701e-03 1.387308444827795029e-02 4.297305271029472351e-02 4.832224920392036438e-03 3.502007201313972473e-02 1.943415729328989983e-03 4.407939314842224121e-02 2.017537690699100494e-02 2.923531644046306610e-02 3.717851266264915466e-02 3.826861828565597534e-02 2.162385173141956329e-02 2.328047156333923340e-02 2.788436599075794220e-02 1.871564239263534546e-02 7.385636214166879654e-03 2.543116733431816101e-02 3.695176169276237488e-02 2.011839766055345535e-03 1.596199907362461090e-02 4.656852409243583679e-02 2.499604597687721252e-02 4.697344079613685608e-02 3.383892029523849487e-02 1.676935143768787384e-02 2.979297004640102386e-02 1.390714198350906372e-02 2.454087138175964355e-02 2.762535214424133301e-02 2.358439192175865173e-02 3.378419950604438782e-02 2.591326273977756500e-02 2.030715346336364746e-02 2.556340023875236511e-02 1.489271526224911213e-03 2.421844052150845528e-03 4.016746953129768372e-02 1.791472174227237701e-02 5.205073859542608261e-03 3.633183613419532776e-02 1.401730696670711040e-03 1.179368933662772179e-03 3.278402611613273621e-03 8.085955865681171417e-03 3.297150135040283203e-02 2.198382653295993805e-02 2.380296587944030762e-03 1.495535764843225479e-02 8.113969117403030396e-03 4.745639860630035400e-02
1.129909884184598923e-02 1.833692006766796112e-02 2.322140894830226898e-02 2.656629681587219238e-02 4.011232033371925354e-02 5.001438781619071960e-02 4.498684033751487732e-02 1.305737346410751343e-02 4.700592905282974243e-02 5.387007072567939758e-02 4.214350134134292603e-03 5.222038626670837402e-01 1.557259075343608856e-02 8.318337798118591309e-02 4.074316099286079407e-02 3.387337923049926758e-02 5.453651770949363708e-03 1.410428714007139206e-02 4.362998530268669128e-02 5.344736389815807343e-03 1.743722334504127502e-02 2.366598881781101227e-02 7.597618550062179565e-02 5.243244022130966187e-02 1.399282738566398621e-02 2.710633538663387299e-02 1.818836294114589691e-02 9.614992141723632812e-02 1.536307949572801590e-02 6.925544887781143188e-02 3.114967234432697296e-02 5.803196690976619720e-03 2.606626041233539581e-02 3.957872465252876282e-02 5.014526844024658203e-02 1.384538318961858749e-02 4.320802539587020874e-02 2.908355370163917542e-02 2.161441743373870850e-02 3.395456448197364807e-02 2.940381877124309540e-03 2.193144522607326508e-02 8.304609917104244232e-03 5.702639464288949966e-03 9.548027068376541138e-02 4.750121012330055237e-02 4.427622258663177490e-02 3.332637995481491089e-02 6.930171977728605270e-03 3.078438900411128998e-02 3.117442131042480469e-02 3.095880150794982910e-02 3.496253490447998047e-02 1.439531892538070679e-02 8.145255967974662781e-03 3.528618812561035156e-02 8.919079788029193878e-03 4.042410105466842651e-02 2.697618864476680756e-02 1.202287501655519009e-03 4.642718937247991562e-03 3.005460649728775024e-02 4.341405630111694336e-02 4.774327855557203293e-03 4.670974612236022949e-02 9.978841058909893036e-03 4.207335412502288818e-03 1.848986744880676270e-02 2.472602017223834991e-02 5.609438568353652954e-02 2.305182628333568573e-02 2.862800378352403641e-03 3.026445023715496063e-02 2.487566322088241577e-02 2.813050895929336548e-02 9.258821606636047363e-03 7.116179913282394409e-02 4.517606645822525024e-02 7.569874078035354614e-02 2.303065545856952667e-02 1.756912283599376678e-02 1.326386351138353348e-02 1.881046919152140617e-04 3.463616967201232910e-02 4.126606043428182602e-03 1.392258051782846451e-02 3.504885733127593994e-02 2.483199117705225945e-03 8.077893406152725220e-02 2.833934966474771500e-03 2.238627709448337555e-02 2.531496807932853699e-02 1.289699133485555649e-02 7.876746356487274170e-03 3.652128577232360840e-02 5.903428792953491211e-02 3.687093267217278481e-03 2.408512402325868607e-03 1.518843322992324829e-02 3.798257187008857727e-02 2.956234663724899292e-02 5.071004107594490051e-02 1.056396681815385818e-02 3.129026293754577637e-02 2.725804597139358521e-02 1.545323245227336884e-02 2.545719966292381287e-02 1.836609654128551483e-02 4.483045265078544617e-02 2.260031923651695251e-02 2.271336317062377930e-02 3.653261810541152954e-02 1.078067719936370850e-02 3.196710348129272461e-02 8.132236078381538391e-03 4.331715404987335205e-02
8.536757528781890869e-02 9.079828113317489624e-02 1.551125571131706238e-02 4.132143780589103699e-02 3.869789838790893555e-02 6.833568960428237915e-02 4.569788277149200439e-02 5.145606026053428650e-02 2.977702766656875610e-02 3.733987221494317055e-03 8.922700583934783936e-02 1.557259075343608856e-02 5.168163776397705078e-01 9.877261705696582794e-03 6.308428943157196045e-02 3.227452188730239868e-02 2.712607569992542267e-02 4.227277357131242752e-03 1.200379710644483566e-02 2.019090345129370689e-03 4.438280593603849411e-03 5.082388594746589661e-02 2.457109838724136353e-02 8.750846609473228455e-03 4.191373009234666824e-03 5.498032551258802414e-03 1.364319492131471634e-02 2.473629452288150787e-02 3.619474917650222778e-02 1.237439457327127457e-02 3.371278196573257446e-02 3.190034255385398865e-02 1.295765116810798645e-02 1.625813730061054230e-02 1.197275705635547638e-03 3.565800935029983521e-02 2.631938783451914787e-03 6.219910923391580582e-03 3.971397876739501953e-02 4.612207040190696716e-02 3.087092749774456024e-02 2.098204568028450012e-02 1.780572161078453064e-02 3.733750060200691223e-02 5.021116510033607483e-02 3.616139665246009827e-02 3.818724676966667175e-02 7.881647325120866299e-04 2.552652731537818909e-02 8.625695481896400452e-03 1.680567674338817596e-02 3.024367106263525784e-05 2.836854569613933563e-02 8.112279698252677917e-03 1.097320578992366791e-02 1.177317183464765549e-02 5.593332462012767792e-03 3.635324770584702492e-03 7.795793935656547546e-03 2.087642252445220947e-02 8.812174201011657715e-03 1.726403087377548218e-02 5.997734144330024719e-03 1.445211190730333328e-02 6.096992641687393188e-02 2.728587202727794647e-02 1.734428666532039642e-02 9.942926699295639992e-04 4.044890031218528748e-02 1.858481392264366150e-02 2.454911544919013977e-02 1.001097168773412704e-02 3.876291960477828979e-02 2.847690600901842117e-03 3.939193859696388245e-02 3.671711310744285583e-02 4.424895346164703369e-02 1.409621722996234894e-02 4.546223953366279602e-02 3.681476786732673645e-02 1.154802460223436356e-02 1.481624320149421692e-02 1.716761291027069092e-02 5.646540084853768349e-04 1.219696830958127975e-02 5.713009275496006012e-03 4.870111867785453796e-02 1.607910916209220886e-02 1.381705235689878464e-02 3.638929501175880432e-02 2.953404327854514122e-03 5.627191811800003052e-02 5.012047477066516876e-03 1.151349302381277084e-02 4.181572422385215759e-02 2.636558189988136292e-02 1.889231801033020020e-02 2.860453724861145020e-02 1.487435400485992432e-02 2.016139775514602661e-02 6.759631913155317307e-03 1.031057070940732956e-02 2.275015041232109070e-02 1.590816304087638855e-03 3.576258197426795959e-02 5.474772676825523376e-02 2.397599071264266968e-02 1.452247332781553268e-02 2.755491808056831360e-02 2.724716439843177795e-02 1.817848160862922668e-02 1.779394596815109253e-02 1.486417185515165329e-02 2.962308004498481750e-02 1.216427609324455261e-02 3.291564062237739563e-02
