4.971528053283691406e-01 2.206355333328247070e-01 8.759294636547565460e-03 1.182238198816776276e-02 3.316486254334449768e-02 9.848118573427200317e-02 3.761584684252738953e-02 2.771975472569465637e-03 3.043269738554954529e-03 1.010439731180667877e-02 1.170277595520019531e-01 5.121213197708129883e-02 8.906099200248718262e-02 2.942145243287086487e-02 3.625530051067471504e-03 1.314116548746824265e-02 1.205574721097946167e-02 1.768785901367664337e-02 3.651353344321250916e-02 8.502552285790443420e-03 1.081724185496568680e-02 7.761534769088029861e-03 2.943082712590694427e-02 3.583909198641777039e-02 4.865362122654914856e-02 4.687073081731796265e-02 2.088975347578525543e-02 1.873276755213737488e-02 2.290865778923034668e-02 2.944066748023033142e-02 3.588294237852096558e-02 4.438016563653945923e-02 6.718233227729797363e-03 3.673234209418296814e-02 2.629891596734523773e-02 6.687802821397781372e-02 3.763434663414955139e-02 1.636297814548015594e-02 4.513442888855934143e-02 3.189653623849153519e-03 3.897110745310783386e-02 4.611613228917121887e-02 1.141610555350780487e-02 3.048488404601812363e-03 3.743959218263626099e-02 1.935454271733760834e-02 5.422867834568023682e-02 4.501543566584587097e-02 5.204728245735168457e-02 8.086012676358222961e-03 1.277060806751251221e-02 1.105233840644359589e-02 3.404155746102333069e-02 2.502123266458511353e-02 3.023092076182365417e-02 4.494335129857063293e-02 1.191062573343515396e-02 2.695135772228240967e-03 4.408827796578407288e-02 2.724165841937065125e-02 3.079384006559848785e-02 2.183764241635799408e-02 6.297894753515720367e-03 3.796818852424621582e-02 1.157856546342372894e-02 4.261538386344909668e-02 3.095674142241477966e-02 1.643483992666006088e-03 2.069389820098876953e-02 3.077764809131622314e-02 2.588155679404735565e-02 1.482770685106515884e-02 4.091434925794601440e-02 5.601083114743232727e-02 2.991760894656181335e-02 4.553060606122016907e-02 2.438900433480739594e-02 6.593327969312667847e-03 3.153864294290542603e-02 3.510440513491630554e-02 1.939933374524116516e-02 4.994312673807144165e-02 1.917703822255134583e-02 2.970961295068264008e-02 3.714777901768684387e-02 4.099210351705551147e-02 1.031238958239555359e-02 1.278341282159090042e-02 1.629072055220603943e-02 1.507595274597406387e-02 4.371596034616231918e-03 1.843020878732204437e-02 3.133052960038185120e-02 8.981934748589992523e-03 2.564605139195919037e-02 5.225576460361480713e-02 2.607532031834125519e-02 3.772775828838348389e-02 4.989748820662498474e-02 2.629538252949714661e-02 2.159662358462810516e-02 4.056469723582267761e-02 3.574240952730178833e-02 4.051331058144569397e-02 5.481019988656044006e-02 5.489032715559005737e-02 2.304270304739475250e-02 5.225440487265586853e-03 1.166195422410964966e-02 4.881463572382926941e-02 1.741763949394226074e-02 1.493872608989477158e-02 1.136456266976892948e-03 1.034565363079309464e-02 3.370697144418954849e-03 3.625624254345893860e-02
2.206355333328247070e-01 5.002971887588500977e-01 4.037250950932502747e-02 1.777174882590770721e-02 4.040570184588432312e-02 8.095493912696838379e-02 4.269378259778022766e-02 3.408361971378326416e-02 4.666264168918132782e-03 1.085472479462623596e-02 1.043691560626029968e-01 1.539591234177350998e-02 1.018025353550910950e-01 7.527685724198818207e-03 2.421312965452671051e-02 2.167045138776302338e-02 1.804709061980247498e-02 4.182743839919567108e-03 3.850596770644187927e-02 1.195327960886061192e-03 1.797848939895629883e-02 5.704928771592676640e-04 4.797886312007904053e-02 1.952922903001308441e-02 3.565396368503570557e-02 3.695902600884437561e-02 8.508199825882911682e-04 1.473228726536035538e-02 3.065801784396171570e-02 2.408751472830772400e-02 5.478831008076667786e-02 4.713405668735504150e-02 2.290939912199974060e-03 4.965297132730484009e-02 3.102770633995532990e-02 4.545610398054122925e-02 2.901819162070751190e-02 3.254284383729100227e-03 2.189454622566699982e-02 2.765550278127193451e-03 7.772290613502264023e-03 5.516632646322250366e-02 3.866381943225860596e-03 1.019184198230504990e-02 1.053969003260135651e-02 9.506596252322196960e-03 5.645253136754035950e-02 6.447678804397583008e-02 4.875630140304565430e-02 7.558569312095642090e-03 5.166828166693449020e-03 2.172531746327877045e-02 3.349459171295166016e-02 2.429529838263988495e-02 2.624780498445034027e-02 5.501898005604743958e-02 2.352537214756011963e-02 3.401180962100625038e-03 3.784425929188728333e-02 3.738570585846900940e-02 4.990775883197784424e-02 9.339880198240280151e-03 9.341665543615818024e-03 1.799744740128517151e-02 1.724386215209960938e-02 5.563451349735260010e-02 2.033470384776592255e-02 7.071401923894882202e-03 2.516883425414562225e-02 2.337997220456600189e-02 2.819828689098358154e-02 1.479690428823232651e-02 2.282545529305934906e-02 3.490070253610610962e-02 2.155641280114650726e-02 4.147082567214965820e-02 1.476025767624378204e-02 5.028976127505302429e-03 1.345916371792554855e-02 2.323763445019721985e-02 2.275057882070541382e-02 3.064880892634391785e-02 6.880050059407949448e-03 3.431427106261253357e-02 4.540481418371200562e-02 3.434204682707786560e-02 1.438779570162296295e-02 1.351294852793216705e-02 2.173805795609951019e-02 3.809392824769020081e-02 3.310038009658455849e-03 2.461274154484272003e-02 4.344880208373069763e-02 2.794512314721941948e-03 1.932434923946857452e-02 3.409304842352867126e-02 2.991023648064583540e-04 3.652450442314147949e-02 4.189052060246467590e-02 1.207788847386837006e-02 2.371907979249954224e-02 3.911627829074859619e-02 1.061658374965190887e-02 1.552640832960605621e-02 2.104789577424526215e-02 1.046758424490690231e-02 1.675516739487648010e-02 5.280788522213697433e-03 2.109041064977645874e-02 3.787158802151679993e-02 3.877112269401550293e-02 3.114790283143520355e-02 4.601614549756050110e-03 3.381784074008464813e-03 1.874905079603195190e-03 2.008640207350254059e-03
8.759294636547565460e-03 4.037250950932502747e-02 4.795533120632171631e-01 3.474481403827667236e-02 3.047883696854114532e-02 3.803091123700141907e-02 1.419542171061038971e-02 1.523282229900360107e-01 2.637343481183052063e-02 1.245431695133447647e-02 2.691538818180561066e-02 1.982625946402549744e-02 2.319699898362159729e-02 3.623972460627555847e-02 4.100183770060539246e-02 2.567735314369201660e-02 2.422659308649599552e-04 2.170891873538494110e-02 1.408700551837682724e-02 1.549027767032384872e-02 3.406314924359321594e-02 1.219401787966489792e-02 8.850715123116970062e-03 2.513195574283599854e-02 1.052974909543991089e-02 3.833918366581201553e-03 3.800742700695991516e-02 1.408962067216634750e-02 3.058268688619136810e-02 3.589382395148277283e-02 2.543042041361331940e-02 1.866512931883335114e-02 3.526531858369708061e-03 5.999569781124591827e-03 3.526514023542404175e-02 1.265033986419439316e-02 5.125766620039939880e-03 2.332639321684837341e-02 3.772883908823132515e-03 3.195757046341896057e-02 5.806384608149528503e-03 2.174045704305171967e-02 2.967896498739719391e-02 1.754682697355747223e-02 1.139499153941869736e-02 4.479816928505897522e-02 2.911430969834327698e-02 2.176370006054639816e-03 2.762627974152565002e-02 1.737471669912338257e-02 7.540528196841478348e-03 1.644191704690456390e-02 9.154184721410274506e-03 4.599212482571601868e-02 1.657986827194690704e-02 2.031891234219074249e-02 4.116840194910764694e-03 2.517083473503589630e-02 1.605988107621669769e-02 1.115593244321644306e-03 4.730352386832237244e-02 2.234036335721611977e-03 5.167893134057521820e-03 1.818294823169708252e-02 8.173481561243534088e-03 5.176539532840251923e-03 2.114991471171379089e-02 4.480558447539806366e-03 3.580817580223083496e-02 1.931554079055786133e-02 2.825504913926124573e-02 3.145948424935340881e-02 1.779972203075885773e-02 1.450965739786624908e-02 5.623294506222009659e-03 3.453534469008445740e-02 4.346159845590591431e-02 2.141750045120716095e-02 4.654382169246673584e-02 1.987785845994949341e-02 1.848505586385726929e-01 1.076891720294952393e-01 4.302860179450362921e-04 1.997485198080539703e-02 9.408276528120040894e-03 1.922622695565223694e-02 3.022401593625545502e-02 7.656002044677734375e-02 6.159034091979265213e-03 3.462193533778190613e-02 1.318655814975500107e-02 9.585437364876270294e-03 1.376462075859308243e-02 1.647144742310047150e-02 1.572182215750217438e-02 4.077723249793052673e-02 1.993530802428722382e-02 4.689324274659156799e-02 4.398410767316818237e-02 4.626390337944030762e-02 4.478893056511878967e-02 3.980440646409988403e-02 2.460131980478763580e-02 1.304858922958374023e-02 4.075247421860694885e-02 3.975512087345123291e-02 3.725397400557994843e-03 2.633393742144107819e-02 1.067793089896440506e-02 3.579424694180488586e-02 3.434422984719276428e-02 1.982924528419971466e-02 6.431590300053358078e-04 1.306709833443164825e-02 1.298398803919553757e-02 4.097450897097587585e-02
1.182238198816776276e-02 1.777174882590770721e-02 3.474481403827667236e-02 5.056329369544982910e-01 1.800475567579269409e-01 1.131343771703541279e-03 5.242128390818834305e-03 1.952252537012100220e-02 5.182704888284206390e-03 2.367686294019222260e-02 3.077775798738002777e-02 4.985467717051506042e-02 3.136881440877914429e-02 1.226917281746864319e-02 1.450316235423088074e-02 1.295115984976291656e-02 1.069050468504428864e-02 7.009086757898330688e-02 4.445712640881538391e-02 1.040513440966606140e-02 2.119142934679985046e-02 3.322603553533554077e-02 8.089385926723480225e-03 1.836096122860908508e-02 3.835941432043910027e-03 2.945303358137607574e-02 2.206131257116794586e-02 4.662062227725982666e-02 2.125305868685245514e-02 3.688824921846389771e-02 8.386724628508090973e-03 3.773784264922142029e-02 1.272134296596050262e-02 1.693265512585639954e-02 4.549887776374816895e-02 3.010743111371994019e-02 2.579188160598278046e-02 3.803618624806404114e-02 1.204000562429428101e-01 1.049397513270378113e-01 2.834526635706424713e-02 4.947091639041900635e-02 5.378009751439094543e-03 3.799037635326385498e-02 2.485693432390689850e-02 3.544885665178298950e-02 1.820590533316135406e-02 6.569610908627510071e-03 2.181094698607921600e-02 4.874491598457098007e-03 1.867793127894401550e-02 9.331611916422843933e-03 1.636109082028269768e-03 1.740349829196929932e-02 2.957324497401714325e-02 6.663391366600990295e-03 3.721314948052167892e-03 4.684382677078247070e-02 1.971580786630511284e-03 2.335292287170886993e-02 2.584119699895381927e-02 3.155276179313659668e-02 4.169556125998497009e-02 2.537312544882297516e-02 3.441179916262626648e-02 2.496273955330252647e-03 1.821251213550567627e-02 2.190291136503219604e-02 1.621834561228752136e-02 5.732709169387817383e-02 1.074967533349990845e-02 1.758584752678871155e-02 6.869571655988693237e-02 5.017126351594924927e-02 7.954522222280502319e-02 1.915593817830085754e-02 3.477212972939014435e-03 5.239494144916534424e-02 4.675673693418502808e-02 2.745616994798183441e-02 2.804247662425041199e-02 7.531578652560710907e-03 1.023611798882484436e-01 7.802859693765640259e-02 3.009258024394512177e-02 2.681835740804672241e-02 1.636367989704012871e-03 1.278002746403217316e-02 2.751075476408004761e-02 2.843156643211841583e-02 1.190900616347789764e-02 2.019053790718317032e-03 1.394535601139068604e-02 1.634020358324050903e-02 5.331607162952423096e-02 1.060296874493360519e-02 1.345789711922407150e-02 5.236425623297691345e-02 1.811298727989196777e-02 4.755137115716934204e-02 3.653837367892265320e-02 4.478406906127929688e-02 1.439655572175979614e-02 3.199300169944763184e-02 4.511098563671112061e-02 2.982255257666110992e-02 1.070769876241683960e-02 3.288436681032180786e-02 1.528999116271734238e-02 5.313273891806602478e-02 3.038222342729568481e-02 8.298008702695369720e-03 2.399460598826408386e-02 1.618061028420925140e-02 2.443537302315235138e-02 2.381442300975322723e-02
3.316486254334449768e-02 4.040570184588432312e-02 3.047883696854114532e-02 1.800475567579269409e-01 5.007290244102478027e-01 1.938504911959171295e-02 1.935160689754411578e-04 1.990666612982749939e-02 5.395887419581413269e-03 5.478382110595703125e-02 7.986925542354583740e-03 1.354907546192407608e-02 3.041189396753907204e-03 2.196994842961430550e-03 4.068229719996452332e-02 8.477193303406238556e-03 2.368982241023331881e-04 5.421306565403938293e-02 6.533373892307281494e-02 1.359110930934548378e-03 2.325067855417728424e-02 1.980695873498916626e-02 1.040985714644193649e-02 2.773791365325450897e-02 2.761092223227024078e-02 1.122359558939933777e-02 2.991774678230285645e-02 3.822244331240653992e-02 4.466517269611358643e-02 3.520346805453300476e-02 9.318988304585218430e-04 4.873549565672874451e-02 8.472594432532787323e-03 3.637012094259262085e-02 4.611944407224655151e-02 3.774690255522727966e-02 3.892719745635986328e-02 2.014338970184326172e-02 8.763390779495239258e-02 1.217176094651222229e-01 1.401144172996282578e-02 3.582581877708435059e-02 1.042220159433782101e-03 3.084398049395531416e-04 2.235690504312515259e-02 4.320885613560676575e-02 7.410541642457246780e-03 5.430386867374181747e-03 2.687514573335647583e-02 2.765899896621704102e-02 1.431156322360038757e-02 9.367086924612522125e-03 3.155868733301758766e-03 9.727107360959053040e-03 4.785188660025596619e-02 5.457329680211842060e-04 2.339363098144531250e-03 2.026103995740413666e-02 2.708059735596179962e-02 2.877250127494335175e-02 9.075866080820560455e-03 1.525403559207916260e-02 4.891040269285440445e-03 3.862353414297103882e-02 4.309847578406333923e-02 3.996213898062705994e-02 2.867323160171508789e-02 9.037987329065799713e-03 4.754445049911737442e-03 3.530489280819892883e-02 3.129802271723747253e-02 5.318740382790565491e-03 3.297558426856994629e-02 4.198646545410156250e-02 6.492500007152557373e-02 1.489536091685295105e-02 3.797024488449096680e-03 3.907397389411926270e-02 5.352364480495452881e-02 4.462393373250961304e-02 3.067006729543209076e-02 5.896977148950099945e-03 8.732853829860687256e-02 1.343453526496887207e-01 4.297761712223291397e-03 1.334469858556985855e-02 1.955156959593296051e-02 1.003162469714879990e-02 2.119292132556438446e-02 1.320775598287582397e-03 2.124576270580291748e-02 2.525476273149251938e-03 1.575719937682151794e-02 1.202754303812980652e-02 6.935609132051467896e-02 5.103988572955131531e-02 1.144379284232854843e-02 3.728224337100982666e-02 6.881909910589456558e-03 5.310672521591186523e-02 2.677570562809705734e-03 3.121620230376720428e-02 4.394446965306997299e-03 1.051529403775930405e-02 3.081750310957431793e-02 3.143558278679847717e-02 2.808517403900623322e-02 1.043520774692296982e-02 2.526249550282955170e-02 1.898963935673236847e-02 2.883542329072952271e-02 1.792076975107192993e-02 4.091943427920341492e-02 1.414352282881736755e-02 4.541696049273014069e-03 8.621248416602611542e-03
9.848118573427200317e-02 8.095493912696838379e-02 3.803091123700141907e-02 1.131343771703541279e-03 1.938504911959171295e-02 5.208144187927246094e-01 8.667845278978347778e-02 2.646505646407604218e-02 6.847441196441650391e-03 1.770449243485927582e-02 6.090857461094856262e-02 7.250698655843734741e-02 3.184124454855918884e-02 1.827474310994148254e-02 4.517502710223197937e-02 1.966881752014160156e-02 2.459719404578208923e-02 3.261439967900514603e-03 3.433172777295112610e-02 1.484632212668657303e-02 1.047018263489007950e-02 4.964523762464523315e-02 2.512734010815620422e-02 4.899501800537109375e-03 1.268823910504579544e-02 2.771720848977565765e-02 3.351017832756042480e-02 5.760383978486061096e-02 3.222541138529777527e-02 6.915959715843200684e-02 6.028028205037117004e-02 2.357881516218185425e-02 3.952297940850257874e-02 2.601054310798645020e-02 4.926921799778938293e-02 3.492770716547966003e-02 5.080549418926239014e-02 2.294407784938812256e-02 3.048092499375343323e-02 5.708052963018417358e-02 3.890726715326309204e-02 3.906494006514549255e-02 1.871625520288944244e-02 1.282776147127151489e-02 3.586603701114654541e-02 2.170217409729957581e-02 1.022071540355682373e-01 7.405911386013031006e-02 8.296227082610130310e-03 1.290632784366607666e-02 2.003270201385021210e-02 3.973466902971267700e-02 4.013898596167564392e-02 2.533296355977654457e-03 3.057378530502319336e-02 2.402946352958679199e-02 2.139346860349178314e-02 5.119819939136505127e-02 4.808423668146133423e-02 3.062000125646591187e-02 3.010741062462329865e-02 5.469779018312692642e-03 4.604670032858848572e-02 3.298235312104225159e-02 2.931929659098386765e-03 4.002489149570465088e-02 1.332436595112085342e-02 2.385111153125762939e-02 2.056452212855219841e-03 1.071487739682197571e-02 1.317642908543348312e-02 2.573720179498195648e-02 2.889621071517467499e-02 3.113508690148591995e-03 2.865433134138584137e-02 6.625805050134658813e-03 7.637230679392814636e-03 1.291618123650550842e-02 9.375062771141529083e-03 1.297081261873245239e-02 3.968330100178718567e-03 3.168720379471778870e-02 1.598930917680263519e-02 2.977293916046619415e-02 3.135905135422945023e-04 5.875150673091411591e-03 3.048527799546718597e-02 2.749727573245763779e-03 2.329016849398612976e-02 2.948225848376750946e-02 4.682790488004684448e-02 1.355711091309785843e-02 4.246819391846656799e-02 3.264218568801879883e-02 8.061412721872329712e-03 1.631752238608896732e-03 6.026704795658588409e-03 4.879957996308803558e-04 1.059333328157663345e-02 5.548390001058578491e-02 2.753660827875137329e-02 3.843180462718009949e-02 1.632619835436344147e-02 3.576637059450149536e-02 4.059132188558578491e-02 3.128778189420700073e-02 4.244004562497138977e-02 1.360573899000883102e-02 4.582793265581130981e-02 1.981999538838863373e-02 3.439711406826972961e-02 3.748224675655364990e-02 1.491837482899427414e-02 2.637779572978615761e-03 1.498876139521598816e-02 2.302354387938976288e-02
3.761584684252738953e-02 4.269378259778022766e-02 1.419542171061038971e-02 5.242128390818834305e-03 1.935160689754411578e-04 8.667845278978347778e-02 5.167081952095031738e-01 4.123455658555030823e-02 3.522108867764472961e-02 1.050207577645778656e-02 6.127191334962844849e-02 1.560975331813097000e-02 4.388325661420822144e-02 2.265287376940250397e-02 3.371472656726837158e-02 3.611098602414131165e-02 3.735047578811645508e-02 1.379038672894239426e-02 1.798248291015625000e-02 1.108368672430515289e-02 3.605131059885025024e-03 4.058441519737243652e-02 3.470947593450546265e-02 1.400853972882032394e-02 9.411336854100227356e-03 1.426643971353769302e-02 2.645399980247020721e-02 9.231429547071456909e-03 1.837371289730072021e-02 3.029831685125827789e-02 2.692648395895957947e-02 1.819560863077640533e-02 5.693807825446128845e-02 2.650360390543937683e-02 4.552882164716720581e-02 1.704394631087779999e-02 2.380719222128391266e-02 4.098113998770713806e-02 4.506073519587516785e-02 5.599916726350784302e-02 1.019508205354213715e-02 1.046863850206136703e-02 6.194114685058593750e-02 1.411620527505874634e-02 4.126032814383506775e-02 1.046651601791381836e-02 8.861184120178222656e-02 9.144788980484008789e-02 1.945931091904640198e-02 2.683547325432300568e-02 1.342037972062826157e-02 1.791984960436820984e-02 1.596646383404731750e-02 2.252337057143449783e-03 3.155507147312164307e-02 1.042311545461416245e-03 4.715939611196517944e-02 2.630809880793094635e-02 2.996955811977386475e-02 4.526492208242416382e-02 3.244033455848693848e-02 9.618587791919708252e-03 3.797556832432746887e-02 5.651761963963508606e-02 6.539550959132611752e-04 1.248894352465867996e-02 1.515628304332494736e-02 1.341796480119228363e-02 1.175801549106836319e-02 6.882040761411190033e-03 9.735067375004291534e-03 2.155924588441848755e-02 1.595405861735343933e-02 4.093197174370288849e-03 5.043285433202981949e-03 1.214298326522111893e-02 3.800592944025993347e-02 3.251694515347480774e-02 1.035450771450996399e-02 2.938982332125306129e-03 4.599063843488693237e-02 2.689240733161568642e-03 1.226469967514276505e-02 2.567054238170385361e-03 5.520510487258434296e-03 4.237224813550710678e-03 4.887722805142402649e-02 1.547544822096824646e-02 6.290946900844573975e-02 2.308928966522216797e-02 1.123653911054134369e-02 1.441629882901906967e-02 2.542095072567462921e-02 1.270415261387825012e-02 4.773090593516826630e-03 8.048293180763721466e-03 1.218655332922935486e-02 2.045447705313563347e-03 3.835360286757349968e-03 4.511297866702079773e-02 4.276275634765625000e-03 3.518437966704368591e-02 1.682888343930244446e-02 1.742915250360965729e-02 2.304460294544696808e-02 3.907362744212150574e-02 3.528683632612228394e-02 2.657901728525757790e-03 1.235723029822111130e-02 2.329463884234428406e-02 6.161892786622047424e-03 3.212058916687965393e-03 2.181065827608108521e-02 3.070384822785854340e-02 5.679072346538305283e-04 3.956587612628936768e-02
2.771975472569465637e-03 3.408361971378326416e-02 1.523282229900360107e-01 1.952252537012100220e-02 1.990666612982749939e-02 2.646505646407604218e-02 4.123455658555030823e-02 4.958502352237701416e-01 3.015297837555408478e-02 8.137182332575321198e-03 1.133466232568025589e-02 3.519244119524955750e-02 4.226285964250564575e-03 1.763822138309478760e-02 9.555743634700775146e-02 1.722612604498863220e-02 4.551742598414421082e-02 3.187875077128410339e-02 2.852572500705718994e-02 3.013632260262966156e-02 1.966514997184276581e-02 1.975097879767417908e-02 3.851272165775299072e-02 1.275992486625909805e-02 3.037766553461551666e-02 1.174010243266820908e-02 5.237967241555452347e-03 3.040941618382930756e-02 2.705355174839496613e-02 3.865580074489116669e-04 3.039881214499473572e-02 2.495156042277812958e-02 2.061050012707710266e-02 2.938138693571090698e-02 4.339912906289100647e-02 2.781210467219352722e-02 4.685949161648750305e-02 2.779307588934898376e-02 4.209984093904495239e-02 4.511564504355192184e-03 1.229114830493927002e-03 5.044862627983093262e-02 6.141656637191772461e-02 2.223070338368415833e-02 3.401349112391471863e-02 8.421847596764564514e-03 3.665786981582641602e-02 3.975312039256095886e-02 1.662670075893402100e-02 1.147257536649703979e-02 7.035093847662210464e-03 5.709673743695020676e-03 1.818754337728023529e-02 4.631778225302696228e-03 6.726293358951807022e-03 4.570775479078292847e-02 5.151473917067050934e-03 3.170073404908180237e-02 5.612456798553466797e-02 3.882975131273269653e-02 2.587044797837734222e-02 2.916239574551582336e-02 2.387941814959049225e-02 2.741437032818794250e-02 8.475927636027336121e-03 4.129173979163169861e-02 9.709736332297325134e-03 8.931129239499568939e-03 1.371182035654783249e-02 4.595691710710525513e-02 3.236195072531700134e-02 3.002711199223995209e-02 1.297566294670104980e-02 4.430927708745002747e-02 1.289061829447746277e-02 4.112038016319274902e-02 1.355294510722160339e-02 1.652480475604534149e-02 3.205719962716102600e-02 2.171014063060283661e-02 1.893935352563858032e-01 1.010232046246528625e-01 4.210173338651657104e-02 2.082392573356628418e-03 2.567499130964279175e-02 2.701972238719463348e-02 1.913574784994125366e-01 8.644296973943710327e-02 4.291437566280364990e-02 3.574221581220626831e-02 2.035821974277496338e-02 9.327436797320842743e-03 2.134598232805728912e-02 1.314797066152095795e-02 1.884052343666553497e-02 2.398664504289627075e-02 3.053971938788890839e-02 5.213551223278045654e-03 4.380972241051495075e-04 2.269561775028705597e-02 3.533772006630897522e-02 4.222993552684783936e-02 3.840879350900650024e-02 4.437270388007164001e-02 8.243052288889884949e-03 4.530369117856025696e-02 1.233850605785846710e-02 3.816578164696693420e-02 3.016070276498794556e-02 3.611501306295394897e-02 2.245724201202392578e-02 2.367582730948925018e-02 1.135199144482612610e-02 2.832815237343311310e-02 4.083611816167831421e-02 1.185058429837226868e-02
3.043269738554954529e-03 4.666264168918132782e-03 2.637343481183052063e-02 5.182704888284206390e-03 5.395887419581413269e-03 6.847441196441650391e-03 3.522108867764472961e-02 3.015297837555408478e-02 4.941835403442382812e-01 4.200074449181556702e-02 2.434611320495605469e-02 5.808911472558975220e-02 1.997150667011737823e-02 5.822370573878288269e-02 3.225525841116905212e-02 2.829630859196186066e-03 5.067955236881971359e-03 6.944689899682998657e-02 2.874072641134262085e-03 1.049307920038700104e-02 3.535575233399868011e-03 3.181915357708930969e-02 1.394683215767145157e-02 3.159314021468162537e-02 1.935420907102525234e-03 1.949269091710448265e-03 2.366266958415508270e-02 5.348506383597850800e-03 4.260821267962455750e-02 4.142514243721961975e-02 3.982966020703315735e-02 4.367356002330780029e-02 3.599003329873085022e-02 4.193174839019775391e-02 2.236123569309711456e-02 1.961638778448104858e-02 5.748891830444335938e-02 3.374627977609634399e-02 1.591155119240283966e-02 4.910013079643249512e-02 2.899882569909095764e-02 2.828202024102210999e-02 2.883294038474559784e-02 1.822631806135177612e-02 5.154104530811309814e-02 1.204062253236770630e-02 8.328970521688461304e-03 2.003138512372970581e-02 4.299837350845336914e-02 6.811063503846526146e-04 2.034398354589939117e-02 3.994221799075603485e-03 2.452077530324459076e-02 2.613914571702480316e-02 5.516550317406654358e-02 7.880524732172489166e-03 3.105293028056621552e-02 1.188655197620391846e-02 3.387547098100185394e-03 2.288506925106048584e-02 1.479790452867746353e-02 1.318601984530687332e-02 4.492287337779998779e-02 4.387758672237396240e-02 1.690053194761276245e-02 1.373774092644453049e-02 1.331482455134391785e-02 1.491610985249280930e-02 8.875565975904464722e-02 3.415865590795874596e-03 5.458557605743408203e-02 1.884491182863712311e-02 1.084642484784126282e-02 2.872320078313350677e-02 4.538828879594802856e-02 1.857639476656913757e-02 1.469770520925521851e-01 6.656557321548461914e-02 2.439132658764719963e-03 3.076340258121490479e-02 3.709609806537628174e-02 3.120177891105413437e-03 7.329155504703521729e-02 1.699852943420410156e-02 1.580882631242275238e-02 1.924344152212142944e-02 2.991844341158866882e-02 1.051838160492479801e-03 8.850004523992538452e-03 1.797482743859291077e-02 6.077718734741210938e-02 1.407790184020996094e-02 2.395132929086685181e-02 2.004349045455455780e-02 2.094716206192970276e-02 2.322250790894031525e-02 1.115237176418304443e-02 5.379390344023704529e-02 2.583936788141727448e-02 1.547083072364330292e-02 6.755593349225819111e-04 3.898974880576133728e-02 1.613171584904193878e-02 1.753155328333377838e-02 4.019187763333320618e-02 2.290602400898933411e-02 1.155795156955718994e-02 8.093887940049171448e-03 3.833832964301109314e-02 1.175037305802106857e-02 2.798927575349807739e-02 3.694602847099304199e-02 3.252024948596954346e-02 4.694205522537231445e-02 1.407467387616634369e-02 4.387793689966201782e-02
1.010439731180667877e-02 1.085472479462623596e-02 1.245431695133447647e-02 2.367686294019222260e-02 5.478382110595703125e-02 1.770449243485927582e-02 1.050207577645778656e-02 8.137182332575321198e-03 4.200074449181556702e-02 5.126524567604064941e-01 2.289571054279804230e-02 8.612422272562980652e-03 2.226438745856285095e-02 1.608361676335334778e-02 1.340064313262701035e-02 4.927418008446693420e-02 1.887643709778785706e-02 4.022050648927688599e-02 2.549750730395317078e-02 3.497721254825592041e-02 3.871540725231170654e-02 1.882634684443473816e-02 5.580530688166618347e-02 6.385163869708776474e-03 5.261025205254554749e-02 1.312166452407836914e-02 1.310107856988906860e-02 6.447933614253997803e-02 2.043190470430999994e-04 1.265897974371910095e-02 1.048705913126468658e-02 4.885055869817733765e-02 2.653567586094141006e-03 3.069893643260002136e-02 4.750267416238784790e-02 4.033853858709335327e-02 1.714898273348808289e-03 4.246770963072776794e-02 1.485361345112323761e-02 8.339949417859315872e-04 1.017670519649982452e-02 1.378281041979789734e-02 5.618996452540159225e-03 6.041945423930883408e-03 5.308615975081920624e-03 1.627828180789947510e-02 2.260647714138031006e-02 1.358716376125812531e-02 4.576532542705535889e-02 8.902690559625625610e-02 2.712691202759742737e-02 1.989672705531120300e-02 3.920865803956985474e-02 5.514559801667928696e-03 5.686008930206298828e-02 7.953980565071105957e-02 1.881145685911178589e-02 1.333911716938018799e-02 4.656025767326354980e-02 3.987689316272735596e-02 2.262264955788850784e-03 6.201256066560745239e-02 2.869110740721225739e-02 2.451534848660230637e-03 6.047796458005905151e-03 1.921713724732398987e-02 3.556264936923980713e-02 5.757785961031913757e-02 3.681280463933944702e-02 3.702992945909500122e-02 3.049313090741634369e-02 1.048738975077867508e-02 5.629302468150854111e-03 3.432192280888557434e-02 3.482899814844131470e-02 3.117505647242069244e-02 5.081623792648315430e-03 1.113086864352226257e-01 2.718405239284038544e-02 8.081727474927902222e-02 1.561914943158626556e-02 3.197669237852096558e-02 2.445380389690399170e-02 6.605450063943862915e-03 3.907411918044090271e-02 1.459798403084278107e-02 2.143569849431514740e-02 4.235188290476799011e-02 2.023894712328910828e-02 6.109365075826644897e-02 8.173556998372077942e-03 5.699851736426353455e-02 1.810159720480442047e-02 4.115131497383117676e-02 3.481628373265266418e-02 1.058743055909872055e-02 2.054749242961406708e-02 9.059727191925048828e-03 2.790512517094612122e-03 8.077892707660794258e-04 1.298730075359344482e-02 6.364981527440249920e-04 1.928983442485332489e-02 1.050361711531877518e-02 1.753657683730125427e-02 4.247667267918586731e-02 3.946184739470481873e-02 1.607976108789443970e-02 4.069367889314889908e-03 2.333866059780120850e-02 1.574238017201423645e-02 3.727091103792190552e-02 5.692590773105621338e-02 3.238268196582794189e-02 1.083937287330627441e-02 3.363164886832237244e-02
1.170277595520019531e-01 1.043691560626029968e-01 2.691538818180561066e-02 3.077775798738002777e-02 7.986925542354583740e-03 6.090857461094856262e-02 6.127191334962844849e-02 1.133466232568025589e-02 2.434611320495605469e-02 2.289571054279804230e-02 5.069604516029357910e-01 4.961157217621803284e-03 1.350039094686508179e-01 5.471045151352882385e-02 5.161974206566810608e-02 2.596467919647693634e-02 1.270389184355735779e-02 1.848971284925937653e-02 7.275518961250782013e-03 3.664680523797869682e-03 1.122496370226144791e-02 3.128071874380111694e-02 3.539735823869705200e-02 4.698327928781509399e-02 3.409931436181068420e-02 4.644670709967613220e-02 3.976440429687500000e-02 2.002838067710399628e-02 4.470461979508399963e-02 1.561408769339323044e-02 3.684918209910392761e-02 4.856242239475250244e-02 3.280838206410408020e-02 4.690358415246009827e-02 3.038464114069938660e-02 6.702758837491273880e-03 5.974527448415756226e-02 3.421211242675781250e-02 1.421868707984685898e-02 3.770797699689865112e-02 4.636951535940170288e-02 5.758959800004959106e-03 5.084813013672828674e-02 6.007186137139797211e-03 3.135553747415542603e-02 2.567127905786037445e-02 6.477934867143630981e-02 7.144593447446823120e-02 7.026523351669311523e-03 3.302062395960092545e-03 6.509435363113880157e-03 1.915124431252479553e-02 4.266614466905593872e-02 1.594552397727966309e-02 1.646033138968050480e-03 2.733103744685649872e-02 4.120349138975143433e-02 5.056669004261493683e-03 4.225699603557586670e-02 4.433548450469970703e-02 2.950613945722579956e-02 5.717644840478897095e-02 4.365228861570358276e-02 1.874393410980701447e-02 8.338052034378051758e-02 6.220347806811332703e-02 1.353240385651588440e-02 1.190369762480258942e-02 1.286059152334928513e-02 9.648547507822513580e-03 1.315970346331596375e-02 7.097720168530941010e-03 3.500020131468772888e-02 9.643182158470153809e-03 2.446006424725055695e-02 1.448386907577514648e-02 2.144900523126125336e-02 3.164120763540267944e-02 1.932171359658241272e-02 9.049518033862113953e-03 3.633229434490203857e-02 1.171808224171400070e-02 2.783971466124057770e-02 2.547528780996799469e-02 3.305646032094955444e-02 4.289576783776283264e-02 5.337662994861602783e-03 2.726668305695056915e-02 1.496423408389091492e-02 2.825457975268363953e-02 8.677287958562374115e-03 3.275686874985694885e-02 2.179523371160030365e-02 3.233527531847357750e-03 8.552326820790767670e-03 2.655085921287536621e-02 2.489594044163823128e-03 7.609019055962562561e-03 2.046333253383636475e-02 4.089755564928054810e-02 2.489871345460414886e-02 4.135528113692998886e-03 6.148145534098148346e-03 1.077109482139348984e-02 1.658652536571025848e-02 1.268478389829397202e-02 3.030717559158802032e-02 5.319930240511894226e-02 8.760911412537097931e-03 5.586139112710952759e-02 2.462614560499787331e-03 4.679366573691368103e-02 2.960217371582984924e-02 4.388121515512466431e-02 1.423064968548715115e-03 1.328759481111774221e-05
5.121213197708129883e-02 1.539591234177350998e-02 1.982625946402549744e-02 4.985467717051506042e-02 1.354907546192407608e-02 7.250698655843734741e-02 1.560975331813097000e-02 3.519244119524955750e-02 5.808911472558975220e-02 8.612422272562980652e-03 4.961157217621803284e-03 5.011097192764282227e-01 3.899865970015525818e-02 1.317566633224487305e-01 2.087888307869434357e-02 2.346913889050483704e-02 2.941912971436977386e-02 2.624890394508838654e-02 4.129917547106742859e-02 3.346560522913932800e-02 2.341199479997158051e-02 3.771259263157844543e-02 5.461737141013145447e-02 2.865396253764629364e-02 5.402310565114021301e-02 4.276099428534507751e-02 4.999766871333122253e-02 8.892131596803665161e-02 6.247286684811115265e-03 7.570293545722961426e-02 1.289502624422311783e-02 3.546802699565887451e-02 5.590758845210075378e-02 2.583613246679306030e-02 3.909396380186080933e-02 1.161843072623014450e-02 3.198703750967979431e-02 3.248205780982971191e-02 4.986469820141792297e-02 3.393850475549697876e-02 4.697788506746292114e-02 1.751179620623588562e-02 4.673903807997703552e-02 1.520657446235418320e-02 1.089429929852485657e-01 1.049464102834463120e-02 2.937385998666286469e-02 1.488886866718530655e-02 8.016831241548061371e-03 4.232121631503105164e-02 2.479880861937999725e-02 2.979941433295607567e-03 1.770061813294887543e-02 1.097731385380029678e-02 1.019339915364980698e-02 4.587924107909202576e-03 1.726896315813064575e-02 8.213344961404800415e-02 4.645852744579315186e-02 4.755491018295288086e-02 4.279051441699266434e-03 3.114997409284114838e-02 2.204815857112407684e-02 4.664910212159156799e-02 4.755478352308273315e-02 3.825360909104347229e-02 8.675653487443923950e-03 1.236572396010160446e-02 3.498972207307815552e-02 5.123778712004423141e-03 4.846910387277603149e-02 1.022056862711906433e-02 1.433669589459896088e-02 6.835686042904853821e-03 3.608237206935882568e-02 6.691775750368833542e-03 2.385870739817619324e-02 4.343050718307495117e-02 1.533172093331813812e-02 2.452398836612701416e-02 2.045132964849472046e-02 3.553339047357439995e-03 1.311554294079542160e-02 5.715335160493850708e-02 1.100881863385438919e-02 1.833399175666272640e-03 1.390204671770334244e-02 1.418527122586965561e-02 6.437312811613082886e-02 1.402848865836858749e-02 9.268400818109512329e-02 1.378042623400688171e-02 3.663498163223266602e-02 8.547922596335411072e-03 2.063771011307835579e-03 6.908606272190809250e-03 2.393713407218456268e-02 1.875085174106061459e-03 3.622041270136833191e-02 4.737065359950065613e-02 1.147903967648744583e-02 3.717013075947761536e-02 3.052409738302230835e-02 2.131099067628383636e-02 3.566744923591613770e-02 2.206430956721305847e-02 3.185802325606346130e-02 1.095224171876907349e-02 7.136105559766292572e-03 5.167112499475479126e-02 5.983281880617141724e-03 6.926555186510086060e-03 2.716820687055587769e-02 8.743279613554477692e-03 3.328390419483184814e-02 2.820317074656486511e-02
8.906099200248718262e-02 1.018025353550910950e-01 2.319699898362159729e-02 3.136881440877914429e-02 3.041189396753907204e-03 3.184124454855918884e-02 4.388325661420822144e-02 4.226285964250564575e-03 1.997150667011737823e-02 2.226438745856285095e-02 1.350039094686508179e-01 3.899865970015525818e-02 5.093718767166137695e-01 3.236366435885429382e-02 5.197194591164588928e-02 1.955929398536682129e-02 5.638884380459785461e-03 2.436612360179424286e-02 1.720688119530677795e-02 3.104246780276298523e-02 1.747708022594451904e-02 1.926106051541864872e-03 4.545711353421211243e-02 3.337906673550605774e-02 5.514077469706535339e-02 3.180306404829025269e-02 6.337094306945800781e-02 5.415020976215600967e-03 2.592056058347225189e-02 2.343209460377693176e-02 8.465744554996490479e-02 1.677354052662849426e-02 4.106460139155387878e-02 5.009123124182224274e-03 1.937634311616420746e-03 2.126920409500598907e-02 2.933585317805409431e-03 3.337520733475685120e-02 2.428377047181129456e-02 3.590114787220954895e-02 2.913055010139942169e-02 1.316245296038687229e-03 6.024679169058799744e-02 2.886750502511858940e-03 1.534630730748176575e-02 1.470799464732408524e-02 5.526439100503921509e-02 7.476770132780075073e-02 6.670657545328140259e-03 1.593270897865295410e-02 1.822473248466849327e-03 2.557767182588577271e-02 2.063087373971939087e-02 7.167321164160966873e-03 5.974739789962768555e-03 6.940714549273252487e-03 7.342863245867192745e-04 3.162459656596183777e-02 4.424868524074554443e-02 4.567639902234077454e-02 5.020789057016372681e-02 4.088301211595535278e-02 4.262369498610496521e-02 4.953328147530555725e-02 4.972881451249122620e-02 6.426025927066802979e-02 4.019800201058387756e-02 2.004975825548171997e-02 7.624582387506961823e-03 1.732673030346632004e-03 1.554865762591362000e-02 3.712547197937965393e-02 4.221544414758682251e-02 2.822545357048511505e-02 2.837385609745979309e-02 4.801197350025177002e-02 2.818129584193229675e-02 3.585679829120635986e-02 1.293848641216754913e-02 1.423810515552759171e-02 4.117657989263534546e-02 2.093167975544929504e-02 5.326976999640464783e-02 7.403646130114793777e-03 6.517578382045030594e-03 2.166998758912086487e-02 2.019740082323551178e-02 2.639618143439292908e-02 2.110601775348186493e-02 9.130942635238170624e-03 1.859318930655717850e-03 2.083769999444484711e-02 3.716639429330825806e-02 2.549293078482151031e-02 2.017567120492458344e-02 4.175839573144912720e-02 8.341755717992782593e-03 9.803880006074905396e-03 3.419573977589607239e-02 4.981754347681999207e-02 5.037652328610420227e-02 2.907399274408817291e-02 1.014960836619138718e-02 1.063712034374475479e-02 2.690721675753593445e-02 8.931031916290521622e-04 5.452699027955532074e-03 4.113841429352760315e-02 1.606616005301475525e-02 5.932717025279998779e-02 1.295659132301807404e-02 2.524583041667938232e-02 1.850707828998565674e-02 4.029189795255661011e-02 4.945840919390320778e-04 1.179205439984798431e-02
