5.608861446380615234e-01 1.478094607591629028e-01 2.431329630780965090e-04 2.941669523715972900e-02 3.832831606268882751e-02 1.814817637205123901e-01 8.235539495944976807e-02 4.262084141373634338e-02 7.069798652082681656e-03 2.364712953567504883e-02 1.748657524585723877e-01 6.025664135813713074e-02 1.007280945777893066e-01 3.822380676865577698e-02 3.826076397672295570e-03 3.770632669329643250e-02 3.268221765756607056e-02 4.460488259792327881e-02 8.002365007996559143e-03 1.577882096171379089e-02 2.865089662373065948e-02 3.346149250864982605e-02 6.287432275712490082e-03 2.981430850923061371e-02 1.688459888100624084e-02 3.668174892663955688e-02 4.117375984787940979e-02 6.419503688812255859e-02 1.722478866577148438e-02 3.943228721618652344e-02 5.067375302314758301e-02 1.738371513783931732e-02 1.184549648314714432e-02 3.240112587809562683e-02 3.991343826055526733e-02 3.405033797025680542e-02 2.544164098799228668e-02 1.587475650012493134e-03 9.920303709805011749e-03 2.285505458712577820e-02 1.088296622037887573e-02 6.401230115443468094e-03 6.869624834507703781e-03 8.770365267992019653e-02 3.767827060073614120e-03 2.089272253215312958e-02 9.747184067964553833e-02 3.412243723869323730e-02 2.792965061962604523e-02 8.954410441219806671e-03 1.776946708559989929e-02 1.433405093848705292e-02 3.118858113884925842e-02 2.454896084964275360e-02 4.352643713355064392e-02 1.980565302073955536e-02 6.689293077215552330e-04 3.362686187028884888e-02 4.622234962880611420e-03 2.424587495625019073e-03 3.177872300148010254e-02 2.150752954185009003e-02 2.435633912682533264e-02 3.528169542551040649e-02 2.285713702440261841e-02 1.505080051720142365e-02 8.784531615674495697e-03 3.302934020757675171e-02 2.968344278633594513e-02 1.162804942578077316e-02 3.305818513035774231e-02 2.529770135879516602e-02 3.292628005146980286e-02 2.304952964186668396e-02 1.042567379772663116e-02 1.201087608933448792e-03 2.287560701370239258e-02 1.029932778328657150e-02 1.538953650742769241e-02 2.923760935664176941e-02 6.622604560106992722e-04 1.383149530738592148e-02 2.048470266163349152e-02 2.407808322459459305e-03 2.679162286221981049e-02 1.418343838304281235e-02 9.098365902900695801e-03 1.510034489911049604e-04 6.335615366697311401e-02 1.145753171294927597e-02 5.098357424139976501e-02 2.271733479574322701e-03 1.526397373527288437e-02 1.548032625578343868e-03 4.021099209785461426e-02 1.682268083095550537e-02 4.328234493732452393e-02 2.889145910739898682e-02 1.636698842048645020e-03 6.556116510182619095e-03 1.926158368587493896e-02 4.669520258903503418e-02 4.103321582078933716e-02 4.990392923355102539e-02 1.248581800609827042e-02 1.015144959092140198e-02 1.899720169603824615e-02 3.354669734835624695e-02 2.823331765830516815e-02 1.987570151686668396e-02 6.362032610923051834e-03 3.587465267628431320e-03 2.087499387562274933e-02 2.364691346883773804e-02 3.023695573210716248e-02 4.592533409595489502e-02
1.478094607591629028e-01 5.604248046875000000e-01 4.092802107334136963e-02 9.258314967155456543e-03 2.131476998329162598e-03 1.342559605836868286e-01 1.203169450163841248e-01 2.091703377664089203e-02 1.556446589529514313e-02 4.085002094507217407e-02 1.077009513974189758e-01 3.620316833257675171e-02 9.128700941801071167e-02 3.145468607544898987e-02 1.476079504936933517e-02 9.544589556753635406e-03 1.190202776342630386e-02 3.687867522239685059e-02 2.422690577805042267e-02 7.321531418710947037e-03 2.976260334253311157e-02 4.783774167299270630e-02 1.054710056632757187e-02 7.671223953366279602e-03 8.634123019874095917e-03 3.175387158989906311e-02 4.181690886616706848e-02 1.028178911656141281e-02 9.735313244163990021e-03 1.369439996778964996e-02 2.597017213702201843e-02 1.125046983361244202e-03 3.322280570864677429e-02 3.364190086722373962e-02 2.505571022629737854e-02 1.466509792953729630e-02 2.532887272536754608e-02 5.053300876170396805e-03 3.696671687066555023e-03 1.502900291234254837e-02 1.794098690152168274e-02 3.321956144645810127e-03 1.172713964479044080e-04 8.106321096420288086e-02 7.195976562798023224e-03 1.530353445559740067e-02 6.047637760639190674e-02 4.724275693297386169e-02 4.080900177359580994e-02 4.175079986453056335e-02 1.374864834360778332e-03 2.407933399081230164e-02 2.127236127853393555e-02 7.389661041088402271e-04 2.585544809699058533e-02 3.147374838590621948e-02 1.144350320100784302e-02 3.423333540558815002e-02 1.274929475039243698e-02 3.697091713547706604e-03 1.158668939024209976e-02 7.715640589594841003e-03 3.315390273928642273e-02 2.821015007793903351e-02 1.386796706356108189e-03 1.301805488765239716e-02 2.672679256647825241e-03 3.617770224809646606e-02 1.922733522951602936e-02 4.245388507843017578e-02 3.486631810665130615e-02 2.872019633650779724e-02 2.767508663237094879e-02 2.479476109147071838e-02 2.436079829931259155e-02 2.856823429465293884e-02 1.011962303891777992e-03 1.848701853305101395e-03 1.095519121736288071e-02 2.027624659240245819e-02 2.430700883269309998e-02 2.235092967748641968e-02 2.285759709775447845e-02 1.972757093608379364e-02 3.514575958251953125e-02 4.469031468033790588e-02 1.947955042123794556e-02 4.571134224534034729e-03 2.418155968189239502e-02 1.579482224769890308e-03 1.635596714913845062e-02 7.478137034922838211e-03 1.563857495784759521e-02 1.290861424058675766e-02 1.421009376645088196e-02 4.020384047180414200e-03 3.797416761517524719e-02 1.141507271677255630e-02 1.337938290089368820e-02 1.257365755736827850e-02 2.461954392492771149e-02 3.477598354220390320e-02 7.861360907554626465e-03 1.069188583642244339e-02 3.447043150663375854e-02 4.882502928376197815e-02 1.121640764176845551e-02 2.772722393274307251e-02 3.059241548180580139e-02 1.604950241744518280e-02 1.460161898285150528e-02 3.481503343209624290e-03 2.790684113278985023e-03 8.427134715020656586e-03 4.219807311892509460e-02 3.996543213725090027e-02
2.431329630780965090e-04 4.092802107334136963e-02 5.247094035148620605e-01 2.982539497315883636e-02 7.760715088807046413e-04 4.027762264013290405e-02 2.791037410497665405e-02 9.008657932281494141e-02 5.268743261694908142e-03 3.156114742159843445e-02 1.155702862888574600e-02 6.999146193265914917e-03 1.320409309118986130e-02 4.354209452867507935e-02 3.124605119228363037e-02 2.445552684366703033e-02 3.699901700019836426e-02 1.266371831297874451e-02 1.183360163122415543e-02 1.920237950980663300e-02 6.783152930438518524e-03 3.629932180047035217e-02 2.346498519182205200e-02 2.902082912623882294e-02 1.126551348716020584e-02 1.891216076910495758e-02 3.916685818694531918e-04 1.061163190752267838e-02 1.756231300532817841e-02 4.482747614383697510e-02 6.476969271898269653e-02 2.720739226788282394e-03 2.868455275893211365e-02 1.394161768257617950e-02 2.923461794853210449e-02 2.236744575202465057e-02 3.013254888355731964e-02 2.622753754258155823e-02 2.275209687650203705e-02 4.012417048215866089e-02 2.436092868447303772e-02 1.840695179998874664e-02 1.529254298657178879e-02 2.144441753625869751e-02 1.440946478396654129e-02 3.117520129308104515e-03 3.492261096835136414e-02 4.046767577528953552e-02 2.601352334022521973e-02 2.015253156423568726e-02 3.150679916143417358e-02 3.787184134125709534e-02 3.162168338894844055e-02 3.240640461444854736e-02 1.297481544315814972e-02 3.212040662765502930e-02 2.951010130345821381e-02 2.470264444127678871e-03 3.063148632645606995e-02 3.888524323701858521e-02 3.653691709041595459e-02 2.449051104485988617e-02 1.726721040904521942e-02 6.004516035318374634e-03 5.097215250134468079e-02 1.521254796534776688e-02 1.038169581443071365e-02 1.619828119874000549e-02 2.391714416444301605e-02 2.332575991749763489e-02 1.689776219427585602e-02 3.920896723866462708e-02 5.055917426943778992e-02 7.904192805290222168e-02 7.416498381644487381e-03 3.615329414606094360e-02 2.032312192022800446e-02 1.992610748857259750e-03 4.424942284822463989e-02 4.866459965705871582e-02 3.696273639798164368e-02 4.324085265398025513e-02 2.887724526226520538e-02 7.833815179765224457e-03 3.677012026309967041e-02 3.169730305671691895e-02 1.099115703254938126e-02 4.038122482597827911e-03 8.962549269199371338e-03 7.575268857181072235e-03 1.304213516414165497e-02 2.139193564653396606e-02 3.314788639545440674e-02 1.627099700272083282e-02 5.978740751743316650e-03 3.486524149775505066e-02 3.781072795391082764e-02 7.009979337453842163e-03 4.714415874332189560e-03 2.609286084771156311e-02 2.402221597731113434e-02 1.772500202059745789e-02 2.660353854298591614e-02 2.480531856417655945e-02 1.690500043332576752e-02 2.644673688337206841e-03 2.734924480319023132e-02 4.458723962306976318e-02 2.177498675882816315e-02 4.001620039343833923e-02 1.882330514490604401e-02 4.110063239932060242e-02 3.955325111746788025e-02 3.906552121043205261e-02 8.000996895134449005e-03 2.138775959610939026e-02
2.941669523715972900e-02 9.258314967155456543e-03 2.982539497315883636e-02 5.428511500358581543e-01 1.175982952117919922e-01 1.148581132292747498e-02 1.007603015750646591e-02 1.618305407464504242e-02 3.686194866895675659e-02 2.346344478428363800e-02 2.391461469233036041e-02 6.897477433085441589e-04 2.361317165195941925e-02 8.185082115232944489e-03 4.427284002304077148e-02 3.774066641926765442e-02 1.628727652132511139e-02 1.634749816730618477e-03 1.212873216718435287e-02 1.602101884782314301e-02 9.182523936033248901e-03 9.081117808818817139e-03 4.284189641475677490e-02 3.901327401399612427e-02 4.935502074658870697e-03 1.869362033903598785e-02 3.588997572660446167e-02 1.782522723078727722e-02 3.452736884355545044e-02 1.779313199222087860e-02 2.630826272070407867e-02 2.325721271336078644e-02 8.963163010776042938e-03 1.621456257998943329e-02 6.525769364088773727e-03 7.240991573780775070e-03 3.457659855484962463e-02 3.144581615924835205e-02 1.543503254652023315e-01 2.681914344429969788e-02 5.344579927623271942e-03 2.385618165135383606e-02 2.059362642467021942e-02 2.450569346547126770e-02 3.463873639702796936e-02 2.762787044048309326e-02 1.435974333435297012e-02 3.425010293722152710e-02 1.265044137835502625e-02 3.975202888250350952e-02 1.323545165359973907e-02 1.499369181692600250e-02 7.232056930661201477e-03 1.793666742742061615e-02 3.781341761350631714e-02 2.002354525029659271e-02 5.302416905760765076e-02 5.098179099150002003e-04 5.002367123961448669e-02 4.969517141580581665e-02 1.650951616466045380e-02 1.716924086213111877e-02 7.103597279638051987e-03 6.829100195318460464e-03 3.578042611479759216e-02 1.874867081642150879e-02 1.943636313080787659e-02 8.244352415204048157e-03 4.019851610064506531e-02 3.148175776004791260e-02 3.833675011992454529e-02 1.290990272536873817e-03 2.141198813915252686e-01 1.916581764817237854e-03 1.173477098345756531e-01 2.301515266299247742e-02 4.704846814274787903e-02 4.616448655724525452e-02 2.581960149109363556e-02 3.087972290813922882e-02 4.744193330407142639e-02 2.278451807796955109e-03 1.551270186901092529e-01 2.175020799040794373e-02 2.689879201352596283e-02 2.987157739698886871e-02 1.069877576082944870e-02 1.680833287537097931e-02 3.090198896825313568e-02 2.858280949294567108e-02 3.531599044799804688e-02 5.795150063931941986e-03 3.678998351097106934e-02 9.709994308650493622e-03 2.709848806262016296e-02 1.421909593045711517e-02 1.246868725866079330e-02 3.357283771038055420e-02 1.401682035066187382e-03 2.129694074392318726e-02 1.482989545911550522e-02 1.362906768918037415e-02 2.884557843208312988e-02 2.244326658546924591e-02 6.096614897251129150e-02 1.542709954082965851e-02 2.760931849479675293e-02 7.372668478637933731e-03 3.003074601292610168e-02 1.857805438339710236e-02 1.862133294343948364e-02 1.603599078953266144e-02 2.603351697325706482e-02 3.770221769809722900e-02 1.523469574749469757e-02 1.990215852856636047e-02
3.832831606268882751e-02 2.131476998329162598e-03 7.760715088807046413e-04 1.175982952117919922e-01 5.380063652992248535e-01 1.488649193197488785e-02 1.671952940523624420e-02 4.469323903322219849e-02 3.606973215937614441e-02 4.866469185799360275e-03 3.135674074292182922e-02 2.120992168784141541e-02 6.725626066327095032e-03 2.568648196756839752e-02 3.162921220064163208e-02 2.373135462403297424e-02 1.603008247911930084e-02 6.395085714757442474e-03 3.770994022488594055e-02 4.376002401113510132e-02 1.615898683667182922e-03 1.157073024660348892e-02 2.333011850714683533e-02 3.212318941950798035e-02 6.688666064292192459e-03 1.063012890517711639e-02 4.680198151618242264e-03 2.272176183760166168e-02 3.798304125666618347e-02 5.128782987594604492e-02 2.905802801251411438e-02 1.082819979637861252e-02 2.017367817461490631e-02 2.663697488605976105e-02 2.090630866587162018e-02 1.277138106524944305e-02 2.098961360752582550e-02 4.104366991668939590e-03 5.074622482061386108e-02 6.473551690578460693e-02 1.952525414526462555e-02 1.188650145195424557e-03 4.922737833112478256e-03 6.422105710953474045e-03 1.347462646663188934e-02 2.683431468904018402e-02 1.127323601394891739e-02 2.230283804237842560e-02 2.287359535694122314e-02 8.351347409188747406e-03 2.609929069876670837e-02 1.319233234971761703e-02 1.278377324342727661e-02 1.456861477345228195e-02 2.591663040220737457e-03 9.998884983360767365e-03 2.005639299750328064e-02 4.627372603863477707e-03 2.857117727398872375e-02 1.967437006533145905e-02 7.376943714916706085e-03 1.655706204473972321e-02 2.950258739292621613e-02 1.298704836517572403e-02 1.965553313493728638e-02 1.210722886025905609e-02 1.823466829955577850e-02 3.149315342307090759e-02 3.510341513901948929e-03 1.807720586657524109e-02 5.430258810520172119e-03 3.205540776252746582e-02 1.893693953752517700e-02 1.915450580418109894e-02 7.280237227678298950e-02 2.130513824522495270e-02 2.889322489500045776e-02 1.632963190786540508e-03 2.042955532670021057e-02 3.522249311208724976e-02 1.778445206582546234e-03 3.288832679390907288e-02 3.608822077512741089e-02 6.292283535003662109e-02 1.161523535847663879e-02 5.662837065756320953e-03 3.493305062875151634e-03 2.080590836703777313e-02 2.336470410227775574e-02 7.287524058483541012e-04 9.174786508083343506e-03 1.217947620898485184e-02 1.657977886497974396e-02 1.834077411331236362e-03 4.108316823840141296e-02 1.336011383682489395e-02 1.744676195085048676e-02 1.441035047173500061e-02 1.739527471363544464e-02 8.530324324965476990e-03 1.971374824643135071e-02 8.049624972045421600e-03 6.486655678600072861e-03 6.020509172230958939e-03 1.376097742468118668e-02 9.303539060056209564e-03 2.729060314595699310e-02 7.577049080282449722e-03 3.233812376856803894e-02 1.136025786399841309e-02 6.753151305019855499e-03 5.087991058826446533e-02 4.658819176256656647e-03 1.628111489117145538e-02 4.500733315944671631e-02 4.225970432162284851e-02
1.814817637205123901e-01 1.342559605836868286e-01 4.027762264013290405e-02 1.148581132292747498e-02 1.488649193197488785e-02 5.612887740135192871e-01 1.436903625726699829e-01 1.123322080820798874e-02 4.570386081468313932e-04 4.517550766468048096e-02 1.260564029216766357e-01 5.323175713419914246e-02 7.427013665437698364e-02 2.337536774575710297e-02 1.945505477488040924e-02 2.325941386516205966e-05 1.570624485611915588e-02 1.502872351557016373e-02 1.368777733296155930e-02 4.110792651772499084e-02 3.881279379129409790e-02 3.553131967782974243e-02 1.540869288146495819e-02 1.491632591933012009e-02 1.780758798122406006e-02 3.101278096437454224e-02 3.569087386131286621e-02 1.078098639845848083e-01 1.858734525740146637e-03 6.132774055004119873e-02 4.070119559764862061e-02 1.725833304226398468e-02 2.811380848288536072e-02 3.001483716070652008e-02 3.097466193139553070e-02 3.090695291757583618e-02 3.326353430747985840e-02 5.095856729894876480e-03 2.939107082784175873e-02 1.471877936273813248e-02 1.047330908477306366e-02 9.775440208613872528e-03 1.668361015617847443e-02 7.255990803241729736e-02 8.004661649465560913e-03 2.892483398318290710e-02 1.185617223381996155e-01 4.692611098289489746e-02 4.216882586479187012e-02 9.256509132683277130e-03 3.828817605972290039e-02 3.634869307279586792e-02 2.050141431391239166e-02 1.272888574749231339e-02 7.754170335829257965e-03 4.263870045542716980e-02 1.013638358563184738e-02 4.269531369209289551e-02 1.290990691632032394e-02 1.633563823997974396e-02 1.011904794722795486e-02 2.833882719278335571e-02 4.477567505091428757e-03 2.892548590898513794e-02 1.460751798003911972e-02 2.354722470045089722e-03 2.174383774399757385e-02 3.307349979877471924e-02 3.237578645348548889e-02 2.456621034070849419e-03 3.413382172584533691e-02 2.357934974133968353e-02 1.298708375543355942e-03 1.426014397293329239e-02 1.253362093120813370e-02 7.385546341538429260e-03 8.576938882470130920e-03 2.617047354578971863e-02 2.102382667362689972e-02 1.805622875690460205e-02 3.409667313098907471e-02 1.619458571076393127e-02 1.437348313629627228e-02 3.409407660365104675e-02 4.359151050448417664e-02 1.420464273542165756e-02 7.909172214567661285e-03 1.620879396796226501e-02 5.845014005899429321e-02 1.044971775263547897e-02 4.007802531123161316e-02 1.479924004524946213e-02 1.466744486242532730e-02 1.035111956298351288e-02 4.167062789201736450e-02 2.177389338612556458e-02 3.627840196713805199e-03 3.637879714369773865e-02 1.029869262129068375e-02 3.976519405841827393e-02 2.020882628858089447e-02 3.954204544425010681e-02 3.460437059402465820e-02 3.254698961973190308e-02 3.352707996964454651e-02 2.144739776849746704e-02 1.265738066285848618e-02 3.772432729601860046e-02 3.597254678606987000e-02 3.147568926215171814e-02 6.125099491328001022e-03 2.509066276252269745e-02 3.234697505831718445e-02 2.996692433953285217e-02 3.000285476446151733e-02 2.618932165205478668e-02
8.235539495944976807e-02 1.203169450163841248e-01 2.791037410497665405e-02 1.007603015750646591e-02 1.671952940523624420e-02 1.436903625726699829e-01 5.523514151573181152e-01 3.834573179483413696e-02 5.595919676125049591e-03 1.558825746178627014e-02 6.383115053176879883e-02 8.350305259227752686e-03 7.098267972469329834e-02 2.741626091301441193e-02 2.035730285570025444e-03 1.552507933229207993e-02 1.665731333196163177e-02 2.500602975487709045e-02 3.577068913727998734e-03 2.500742673873901367e-02 4.447070136666297913e-02 3.747439756989479065e-02 2.854823693633079529e-02 2.176677435636520386e-02 5.590904038399457932e-03 1.299101393669843674e-02 2.496303990483283997e-02 1.852086558938026428e-02 1.616959460079669952e-02 4.055489599704742432e-02 5.816065240651369095e-03 2.975964918732643127e-02 4.307268187403678894e-02 3.662781417369842529e-02 4.783877637237310410e-03 1.539284642785787582e-02 3.069502301514148712e-02 3.633821615949273109e-03 5.662193521857261658e-03 3.488231077790260315e-02 5.537424702197313309e-03 4.376349505037069321e-03 1.315281167626380920e-02 5.456097424030303955e-02 3.335579484701156616e-02 3.012284822762012482e-02 8.405321836471557617e-02 8.322129398584365845e-02 1.086098421365022659e-02 4.028624296188354492e-02 1.585274189710617065e-02 3.729267045855522156e-02 4.322521388530731201e-02 3.124574432149529457e-04 1.214539166539907455e-02 1.598282344639301300e-02 3.062306344509124756e-02 2.376199513673782349e-02 3.976861014962196350e-02 2.552242390811443329e-02 2.433718182146549225e-02 6.448230240494012833e-03 7.957669440656900406e-04 3.329013660550117493e-02 2.453918755054473877e-02 1.832389243645593524e-04 1.936437934637069702e-02 3.766914457082748413e-02 1.619840972125530243e-02 2.164475060999393463e-02 4.022876545786857605e-02 3.331401199102401733e-02 3.057770244777202606e-02 3.893696889281272888e-02 1.942584663629531860e-02 3.295622766017913818e-02 4.013798385858535767e-02 7.108118850737810135e-03 2.380875870585441589e-02 5.135980993509292603e-02 2.018707059323787689e-02 3.478238359093666077e-02 3.429085761308670044e-02 2.939726226031780243e-02 3.875614330172538757e-02 5.106689408421516418e-02 3.980999812483787537e-03 4.719500429928302765e-03 3.440413251519203186e-02 1.058993302285671234e-02 1.396124623715877533e-02 1.835752092301845551e-02 3.580277785658836365e-02 2.890322590246796608e-03 2.818898856639862061e-02 1.192831154912710190e-02 4.286035522818565369e-02 1.087249815464019775e-02 2.434574812650680542e-02 6.631090771406888962e-03 3.333634510636329651e-02 2.710144035518169403e-02 8.000875823199748993e-03 1.119756791740655899e-02 2.986228652298450470e-02 4.725617542862892151e-02 2.584040910005569458e-02 3.974706307053565979e-02 1.480600796639919281e-02 4.651647061109542847e-03 5.076621659100055695e-03 1.879945211112499237e-02 2.491364255547523499e-03 3.847417421638965607e-03 3.620728105306625366e-02 1.703300513327121735e-02
4.262084141373634338e-02 2.091703377664089203e-02 9.008657932281494141e-02 1.618305407464504242e-02 4.469323903322219849e-02 1.123322080820798874e-02 3.834573179483413696e-02 5.352668166160583496e-01 1.981867291033267975e-02 2.719693072140216827e-02 8.015557192265987396e-03 3.345450013875961304e-02 9.995033033192157745e-03 2.936737053096294403e-02 6.227810308337211609e-02 4.965783655643463135e-02 7.264658343046903610e-04 1.585605321452021599e-03 1.968782953917980194e-02 5.258750542998313904e-02 8.334007114171981812e-03 1.354758720844984055e-02 5.253519862890243530e-02 1.242623385041952133e-02 1.384092122316360474e-02 5.021891091018915176e-03 1.296777930110692978e-02 2.007252536714076996e-02 3.078495524823665619e-02 1.363004371523857117e-02 4.812176804989576340e-03 3.777896752581000328e-03 1.504862308502197266e-02 3.968217410147190094e-03 1.763576269149780273e-02 2.055348642170429230e-02 4.200346022844314575e-02 4.090653732419013977e-02 1.936852931976318359e-02 2.839009277522563934e-02 2.091417321935296059e-03 2.148842625319957733e-02 4.244687035679817200e-03 2.554409764707088470e-02 3.773690387606620789e-02 4.136463999748229980e-02 3.555450588464736938e-03 3.828661143779754639e-02 5.054182931780815125e-02 6.044448819011449814e-03 1.187536027282476425e-02 2.825279533863067627e-02 9.942479431629180908e-03 1.443610992282629013e-02 2.305886149406433105e-02 2.945099584758281708e-02 2.016734518110752106e-02 1.280648726969957352e-02 1.652000658214092255e-02 1.474925596266984940e-02 2.871778234839439392e-02 2.319069020450115204e-02 8.339428342878818512e-03 1.241879421286284924e-03 6.216818466782569885e-03 6.894669495522975922e-03 2.726226672530174255e-02 9.254093281924724579e-03 2.671384625136852264e-02 9.063348174095153809e-03 3.626964753493666649e-03 4.307674616575241089e-02 7.716843858361244202e-03 1.199911348521709442e-02 3.595020622014999390e-02 1.332679949700832367e-02 3.519339486956596375e-02 6.137756281532347202e-04 1.863125339150428772e-02 4.451479017734527588e-02 7.837282866239547729e-02 6.390797346830368042e-02 4.035098478198051453e-03 1.717195101082324982e-02 4.368066322058439255e-03 3.473962657153606415e-03 5.345924198627471924e-02 2.149777300655841827e-02 7.517601829022169113e-03 1.369367539882659912e-02 2.780881151556968689e-02 7.015540730208158493e-03 4.688621684908866882e-02 3.368126228451728821e-02 3.673966228961944580e-02 9.783627465367317200e-03 2.468639519065618515e-03 2.338531054556369781e-02 2.847063122317194939e-03 1.382804475724697113e-04 8.960700593888759613e-03 1.948175579309463501e-02 2.879241714254021645e-03 2.422966249287128448e-02 1.480455882847309113e-02 4.798869602382183075e-03 1.859423890709877014e-02 2.146554365754127502e-02 4.413202032446861267e-02 2.720173075795173645e-02 7.114902604371309280e-03 2.349575283005833626e-03 1.683586859144270420e-03 1.053139008581638336e-02 3.509828448295593262e-02 2.612116932868957520e-02
7.069798652082681656e-03 1.556446589529514313e-02 5.268743261694908142e-03 3.686194866895675659e-02 3.606973215937614441e-02 4.570386081468313932e-04 5.595919676125049591e-03 1.981867291033267975e-02 5.572896003723144531e-01 2.660902962088584900e-02 1.335330214351415634e-02 5.678374320268630981e-02 7.613483350723981857e-03 9.795693680644035339e-03 4.780789092183113098e-02 2.585865184664726257e-02 2.170784212648868561e-02 1.277574598789215088e-01 9.953364497050642967e-04 3.039508871734142303e-02 1.135279424488544464e-02 7.384889293462038040e-03 6.579912453889846802e-02 1.233897823840379715e-02 2.383338101208209991e-02 1.372841559350490570e-02 1.241760421544313431e-02 4.273797571659088135e-02 3.216259647160768509e-03 3.557502478361129761e-02 1.890563592314720154e-02 1.529791206121444702e-02 1.131846196949481964e-02 4.762298241257667542e-02 2.882059104740619659e-02 1.196592580527067184e-02 3.532506152987480164e-02 3.940995037555694580e-02 2.466639969497919083e-03 2.863729000091552734e-02 3.918812796473503113e-02 1.542176026850938797e-02 2.581130247563123703e-03 3.828727826476097107e-02 5.503918975591659546e-02 1.449758093804121017e-02 1.611876487731933594e-02 1.046249642968177795e-02 7.004000246524810791e-02 4.511322081089019775e-02 1.175501290708780289e-02 4.877464845776557922e-02 1.908089593052864075e-02 2.614388056099414825e-02 1.147502064704895020e-01 4.561053216457366943e-02 7.790812756866216660e-03 1.596376113593578339e-02 2.816698886454105377e-02 4.868833348155021667e-02 4.554134607315063477e-02 4.584776982665061951e-02 8.889218792319297791e-03 1.074019633233547211e-02 2.231377921998500824e-02 2.002148423343896866e-03 3.164630010724067688e-02 2.121777087450027466e-02 2.299375459551811218e-02 2.265973389148712158e-02 4.233498126268386841e-02 4.086620360612869263e-02 2.193625271320343018e-02 3.593615442514419556e-02 1.857203617691993713e-02 5.630702525377273560e-02 1.413924992084503174e-01 3.528539091348648071e-03 1.073638722300529480e-01 3.543204814195632935e-02 4.376367107033729553e-02 4.467286914587020874e-02 3.344020992517471313e-02 3.279631212353706360e-02 1.301362412050366402e-03 4.853114858269691467e-02 4.870601743459701538e-02 3.151433914899826050e-02 4.928181320428848267e-02 4.168143123388290405e-02 2.323256991803646088e-02 4.710036143660545349e-02 1.882198452949523926e-02 6.043140310794115067e-03 8.415596187114715576e-02 8.666492998600006104e-03 3.393652848899364471e-03 6.287057697772979736e-02 2.792394906282424927e-02 3.861942142248153687e-02 7.168966345489025116e-03 3.809175640344619751e-02 2.167610637843608856e-02 3.034594282507896423e-02 3.227809071540832520e-02 1.062985043972730637e-02 2.760100550949573517e-02 2.438852796331048012e-03 4.021412134170532227e-02 1.547102350741624832e-02 4.539884626865386963e-02 9.320274926722049713e-03 1.517991814762353897e-02 2.944577485322952271e-02 4.101153835654258728e-02 2.573546580970287323e-02
2.364712953567504883e-02 4.085002094507217407e-02 3.156114742159843445e-02 2.346344478428363800e-02 4.866469185799360275e-03 4.517550766468048096e-02 1.558825746178627014e-02 2.719693072140216827e-02 2.660902962088584900e-02 5.508885979652404785e-01 1.763615757226943970e-02 2.322072908282279968e-02 5.634932313114404678e-03 7.369328755885362625e-03 1.581737026572227478e-02 1.039826078340411186e-03 1.494245883077383041e-02 2.303351089358329773e-02 7.031141221523284912e-02 5.253184214234352112e-02 1.337702758610248566e-02 2.525415644049644470e-02 6.870238576084375381e-03 5.193998664617538452e-02 1.220473553985357285e-03 2.163378521800041199e-03 2.410371322184801102e-03 1.900328882038593292e-02 1.991150900721549988e-02 7.980926893651485443e-03 5.407863063737750053e-04 1.541850506328046322e-03 8.477699011564254761e-03 1.762693189084529877e-02 3.957035485655069351e-03 2.806226536631584167e-02 2.806452661752700806e-02 7.224116940051317215e-03 1.947533525526523590e-02 7.231279276311397552e-03 4.741095751523971558e-02 1.272625382989645004e-02 4.185650497674942017e-03 5.520410835742950439e-02 6.751338019967079163e-03 3.480303660035133362e-02 1.507841888815164566e-02 5.969672463834285736e-03 1.302608847618103027e-02 4.734648391604423523e-02 1.617498812265694141e-03 1.310193631798028946e-02 4.834288731217384338e-02 5.421032756567001343e-02 6.697949487715959549e-03 2.672575414180755615e-02 5.092099681496620178e-02 2.693005604669451714e-03 4.926224052906036377e-02 2.909663319587707520e-02 3.971800580620765686e-02 1.435547228902578354e-02 5.638193339109420776e-02 2.361193299293518066e-02 3.493899852037429810e-02 3.215482458472251892e-02 1.075893361121416092e-02 3.646412631496787071e-03 1.281565241515636444e-02 2.235531993210315704e-02 4.124164115637540817e-03 2.812444581650197506e-04 2.261316590011119843e-02 1.713481917977333069e-02 3.280186280608177185e-02 9.573388961143791676e-04 2.347555011510848999e-02 6.629297882318496704e-02 1.526833884418010712e-02 1.075574159622192383e-01 4.071095585823059082e-02 1.453447528183460236e-02 1.468481146730482578e-03 8.282239735126495361e-02 7.915917783975601196e-03 4.634303227066993713e-02 5.211057886481285095e-02 1.409498974680900574e-02 2.241563610732555389e-02 2.479080669581890106e-02 2.282796427607536316e-02 2.069818228483200073e-02 4.826660268008708954e-03 2.943333983421325684e-02 8.393746800720691681e-03 3.118879534304141998e-02 3.174872323870658875e-02 2.632115222513675690e-02 1.618652418255805969e-02 3.683986142277717590e-02 1.162990741431713104e-02 4.258734174072742462e-03 1.171010546386241913e-02 3.378051146864891052e-02 4.350241273641586304e-02 2.303329110145568848e-02 1.678219996392726898e-02 3.655496612191200256e-02 5.025836173444986343e-03 2.147758845239877701e-03 6.266523897647857666e-02 1.824121735990047455e-02 1.248679123818874359e-02 8.374158293008804321e-03 5.787395872175693512e-03 3.186467662453651428e-02
1.748657524585723877e-01 1.077009513974189758e-01 1.155702862888574600e-02 2.391461469233036041e-02 3.135674074292182922e-02 1.260564029216766357e-01 6.383115053176879883e-02 8.015557192265987396e-03 1.335330214351415634e-02 1.763615757226943970e-02 5.572185516357421875e-01 4.866264294832944870e-03 1.172067672014236450e-01 2.997688250616192818e-03 4.952020011842250824e-03 3.804792091250419617e-02 2.546948939561843872e-02 1.312668714672327042e-02 2.985543804243206978e-03 4.703820217400789261e-03 7.459404296241700649e-04 3.639876469969749451e-02 2.127272076904773712e-02 4.668990150094032288e-02 1.502443198114633560e-02 3.798172995448112488e-02 4.102830216288566589e-02 2.496464550495147705e-02 5.100740864872932434e-02 3.537211334332823753e-03 2.135938219726085663e-02 2.687711094040423632e-04 1.889495737850666046e-02 4.535776749253273010e-02 4.070739075541496277e-02 6.547694560140371323e-03 2.111325599253177643e-02 8.026620373129844666e-03 2.109674550592899323e-02 2.741215564310550690e-02 7.828581146895885468e-04 1.222323440015316010e-02 2.649215795099735260e-02 4.934765771031379700e-02 1.742107048630714417e-02 2.931868471205234528e-02 8.089867234230041504e-02 6.547248363494873047e-02 3.725704178214073181e-02 1.858193799853324890e-02 3.672003746032714844e-02 4.269381053745746613e-03 1.037382520735263824e-02 2.530293352901935577e-02 1.566607155837118626e-03 2.771662361919879913e-02 1.132537517696619034e-02 3.746927157044410706e-02 7.176104467362165451e-03 4.729510284960269928e-03 6.908121984452009201e-03 4.434393718838691711e-02 1.358449924737215042e-02 3.448795154690742493e-02 4.778034240007400513e-02 5.669599398970603943e-02 6.568138487637042999e-03 2.480745688080787659e-02 1.375163346529006958e-02 1.983235031366348267e-02 3.914015367627143860e-02 3.736849129199981689e-02 1.948232203722000122e-02 3.335363417863845825e-02 3.497335594147443771e-03 2.999969758093357086e-02 4.461322911083698273e-03 3.198194876313209534e-02 3.447088180109858513e-03 5.024453159421682358e-03 3.432703390717506409e-02 1.370934955775737762e-02 1.265605166554450989e-02 2.458090335130691528e-02 4.166678339242935181e-02 2.163309045135974884e-02 9.526604786515235901e-03 4.730084445327520370e-03 1.324404589831829071e-02 1.136469747871160507e-02 4.585830122232437134e-02 1.718118414282798767e-02 3.811520710587501526e-02 8.450580760836601257e-03 3.698248649016022682e-03 1.228992268443107605e-02 4.229792580008506775e-02 1.564815640449523926e-02 2.735291607677936554e-03 2.010090649127960205e-02 3.428055439144372940e-03 3.094656392931938171e-02 4.101639240980148315e-02 4.562395811080932617e-02 2.422894351184368134e-02 3.455458581447601318e-02 2.555501833558082581e-02 2.890457212924957275e-02 3.778324276208877563e-02 4.190587904304265976e-03 1.389140821993350983e-02 7.312628440558910370e-04 1.864024996757507324e-02 2.642953582108020782e-02 9.685359895229339600e-03 4.049033671617507935e-02
6.025664135813713074e-02 3.620316833257675171e-02 6.999146193265914917e-03 6.897477433085441589e-04 2.120992168784141541e-02 5.323175713419914246e-02 8.350305259227752686e-03 3.345450013875961304e-02 5.678374320268630981e-02 2.322072908282279968e-02 4.866264294832944870e-03 5.560001730918884277e-01 1.129920501261949539e-02 1.431864351034164429e-01 5.394270410761237144e-04 3.720852546393871307e-04 2.481683716177940369e-02 3.196790441870689392e-02 3.055337257683277130e-02 8.559057489037513733e-03 1.538106519728899002e-02 4.900941159576177597e-03 5.944551900029182434e-02 2.876898460090160370e-02 4.573673754930496216e-02 2.269385848194360733e-03 7.856344804167747498e-03 4.365792870521545410e-02 2.991062402725219727e-02 4.294683039188385010e-02 1.326742954552173615e-02 2.257153019309043884e-02 1.208321657031774521e-02 4.192292317748069763e-02 3.106381930410861969e-02 1.867273636162281036e-02 3.120186552405357361e-02 3.578302264213562012e-02 1.945315301418304443e-02 2.665477618575096130e-02 3.111467696726322174e-02 1.463586278259754181e-02 2.247991971671581268e-02 2.631392329931259155e-02 1.147538125514984131e-01 6.042645126581192017e-02 4.850880056619644165e-02 9.021250531077384949e-03 3.936719615012407303e-03 2.976349927484989166e-02 1.864178455434739590e-03 4.236374795436859131e-02 2.639733068645000458e-02 1.461618766188621521e-02 5.590035766363143921e-02 1.580502465367317200e-02 2.906614542007446289e-02 3.916316106915473938e-02 1.726678013801574707e-02 3.301376104354858398e-02 5.748957395553588867e-02 1.693076081573963165e-02 3.521258011460304260e-02 3.614973649382591248e-02 7.966584526002407074e-03 3.104765713214874268e-02 3.781940042972564697e-02 1.349852234125137329e-02 4.214482009410858154e-02 2.843186259269714355e-02 2.681533992290496826e-02 1.188328489661216736e-02 3.597271069884300232e-02 1.771784760057926178e-02 2.226916141808032990e-02 2.219830267131328583e-02 6.824787706136703491e-02 3.104024380445480347e-02 6.818009912967681885e-02 1.349436957389116287e-02 9.026789106428623199e-03 8.877005428075790405e-03 2.028384059667587280e-02 1.219138316810131073e-02 2.702327817678451538e-02 3.773438930511474609e-02 9.291610680520534515e-03 2.838697750121355057e-03 6.604799628257751465e-02 2.617853134870529175e-02 6.807725131511688232e-02 4.753269627690315247e-02 3.478867933154106140e-02 9.906535968184471130e-03 4.651480913162231445e-02 1.280617248266935349e-02 1.355697494000196457e-02 3.828381374478340149e-02 3.552956879138946533e-02 3.254043683409690857e-02 1.399998925626277924e-02 2.582124620676040649e-02 3.490620106458663940e-02 1.532741449773311615e-02 1.329318527132272720e-02 5.185594782233238220e-02 3.993408381938934326e-02 1.801287569105625153e-02 4.048060625791549683e-02 2.447060309350490570e-02 5.242164246737957001e-03 4.372241720557212830e-02 3.838682174682617188e-02 4.184200614690780640e-02 3.898106142878532410e-02 1.489474438130855560e-02
1.007280945777893066e-01 9.128700941801071167e-02 1.320409309118986130e-02 2.361317165195941925e-02 6.725626066327095032e-03 7.427013665437698364e-02 7.098267972469329834e-02 9.995033033192157745e-03 7.613483350723981857e-03 5.634932313114404678e-03 1.172067672014236450e-01 1.129920501261949539e-02 5.581742525100708008e-01 7.678720285184681416e-04 3.458238393068313599e-02 2.832961827516555786e-02 1.562274433672428131e-02 2.014747820794582367e-02 1.899893209338188171e-02 2.470911666750907898e-02 1.174418535083532333e-02 3.952066972851753235e-02 1.584474369883537292e-02 3.303193300962448120e-02 1.224128901958465576e-02 2.718577533960342407e-02 3.224374726414680481e-02 4.049181938171386719e-02 1.085988245904445648e-02 2.394104190170764923e-02 4.179731011390686035e-02 4.916864447295665741e-03 4.147037863731384277e-02 1.904481463134288788e-02 2.849335595965385437e-02 9.246295318007469177e-03 1.751650683581829071e-02 3.523210296407341957e-03 5.635513458400964737e-03 1.799180870875716209e-03 1.211738679558038712e-02 1.501865684986114502e-02 3.751773014664649963e-02 3.342755138874053955e-02 9.949573315680027008e-03 6.794775836169719696e-03 6.359724700450897217e-02 6.265483051538467407e-02 2.097693830728530884e-02 4.818250983953475952e-02 9.752503596246242523e-03 2.031531929969787598e-02 8.245063014328479767e-03 2.258999040350317955e-03 4.740885458886623383e-03 2.670983225107192993e-02 1.676297630183398724e-03 2.844262123107910156e-02 1.991398073732852936e-02 1.372316200286149979e-02 1.419765036553144455e-02 2.801991254091262817e-02 3.937682136893272400e-02 4.094446823000907898e-02 1.205174811184406281e-02 5.550407245755195618e-02 6.802020594477653503e-03 2.879273146390914917e-02 2.880660630762577057e-02 1.377372443675994873e-02 2.967612445354461670e-02 8.019295637495815754e-04 1.525270938873291016e-02 2.912421151995658875e-02 3.345000371336936951e-02 1.916299760341644287e-02 3.851759433746337891e-02 2.061676979064941406e-02 1.008710358291864395e-02 8.735436946153640747e-03 5.255209747701883316e-03 2.204804308712482452e-02 2.792819403111934662e-02 1.544336508959531784e-02 1.174407545477151871e-02 5.237213894724845886e-02 4.034755751490592957e-03 3.028707951307296753e-02 1.254907436668872833e-02 6.559773813933134079e-03 1.886817440390586853e-02 1.235890481621026993e-02 4.163881018757820129e-02 2.703844569623470306e-02 1.346995402127504349e-02 1.487154886126518250e-02 2.065691351890563965e-02 7.932538865134119987e-04 1.842210418544709682e-03 1.776393502950668335e-02 1.596740074455738068e-02 3.609654307365417480e-02 5.097917746752500534e-03 1.245287619531154633e-02 3.579173237085342407e-02 4.162610694766044617e-02 1.551333907991647720e-02 3.708174079656600952e-02 4.067532345652580261e-02 1.159478924819268286e-04 2.951148198917508125e-03 1.300069852732121944e-04 3.311355784535408020e-02 4.063200578093528748e-02 5.286575295031070709e-03 1.634582690894603729e-02
