4.619921147823333740e-01 2.092022597789764404e-01 4.980919510126113892e-02 3.198086842894554138e-02 2.847199887037277222e-02 1.090120673179626465e-01 1.917448826134204865e-02 4.830699414014816284e-02 8.010814897716045380e-03 1.565138064324855804e-02 1.318506449460983276e-01 3.492251411080360413e-02 1.131880655884742737e-01 3.584505990147590637e-02 2.696854807436466217e-02 4.220842197537422180e-02 3.387769311666488647e-02 1.092535723000764847e-02 3.820718824863433838e-02 3.678751364350318909e-02 1.031523803249001503e-03 6.403115112334489822e-03 1.930038258433341980e-02 1.643626368604600430e-03 4.114351421594619751e-02 1.943282783031463623e-02 9.736007079482078552e-03 4.367006942629814148e-03 2.753097750246524811e-02 5.291474517434835434e-03 2.339569292962551117e-02 1.759422384202480316e-02 1.398987323045730591e-02 9.616476483643054962e-03 5.059096962213516235e-02 2.815681509673595428e-03 2.547178044915199280e-02 1.491799205541610718e-02 4.039401188492774963e-02 8.954010903835296631e-03 9.781830944120883942e-03 4.039856791496276855e-02 2.363669872283935547e-02 1.076738350093364716e-02 9.255147725343704224e-02 2.393740974366664886e-02 8.351551741361618042e-02 1.660469919443130493e-02 4.206055775284767151e-02 1.916341111063957214e-02 1.574712805449962616e-02 2.202494069933891296e-02 9.475011378526687622e-03 1.100972481071949005e-02 6.242486648261547089e-03 3.570172190666198730e-02 3.138184547424316406e-02 5.774067342281341553e-02 1.042375527322292328e-02 5.170362535864114761e-03 1.004031673073768616e-02 3.440508618950843811e-02 6.307579111307859421e-03 3.722505643963813782e-02 1.744914054870605469e-02 5.594153329730033875e-02 1.733059249818325043e-02 2.095187082886695862e-02 4.298954457044601440e-02 3.410581266507506371e-03 3.508168458938598633e-02 1.432802155613899231e-02 3.003382124006748199e-02 2.108502574265003204e-02 3.813648223876953125e-02 2.807300724089145660e-02 6.658865138888359070e-03 4.358051344752311707e-02 1.549480576068162918e-02 2.087819203734397888e-02 1.523611834272742271e-03 3.108423762023448944e-02 2.251154743134975433e-02 2.298209816217422485e-02 3.447735309600830078e-02 9.120795875787734985e-03 2.702487260103225708e-02 1.142365578562021255e-02 9.982856921851634979e-03 5.303799174726009369e-03 3.754382953047752380e-02 4.875288531184196472e-02 2.551990933716297150e-02 1.833724044263362885e-02 1.900617964565753937e-02 6.103831343352794647e-03 4.696696996688842773e-02 2.457542531192302704e-02 4.349685832858085632e-02 3.066252544522285461e-02 3.530948236584663391e-02 2.657441422343254089e-02 9.637373499572277069e-03 1.081195939332246780e-02 1.097119227051734924e-02 2.008127421140670776e-02 1.791619509458541870e-02 4.651191644370555878e-03 1.707405038177967072e-02 1.518861763179302216e-02 9.960392117500305176e-02 3.522794321179389954e-02 6.044127047061920166e-03 4.333077371120452881e-02 5.165946669876575470e-03 3.798457235097885132e-02
2.092022597789764404e-01 4.512617886066436768e-01 2.924346365034580231e-02 4.765365272760391235e-02 1.008124017971567810e-04 9.239155799150466919e-02 1.747434958815574646e-02 2.649859525263309479e-02 1.155956182628870010e-02 2.577699907124042511e-02 1.140951886773109436e-01 3.995796665549278259e-02 1.466150730848312378e-01 2.332458831369876862e-02 2.214437909424304962e-02 3.124255873262882233e-02 3.532870858907699585e-02 3.550550900399684906e-04 2.970158867537975311e-02 2.961303293704986572e-02 6.614768877625465393e-03 4.659920558333396912e-02 1.746004074811935425e-02 3.336203470826148987e-02 9.269969537854194641e-03 2.640623785555362701e-02 2.941812155768275261e-03 2.272917330265045166e-02 2.285488881170749664e-02 1.576203666627407074e-02 1.493088711868040264e-05 3.235569596290588379e-02 4.543561860918998718e-02 8.590593002736568451e-03 2.604538388550281525e-02 4.394639655947685242e-02 2.137982659041881561e-02 1.548897847533226013e-02 2.312386967241764069e-02 1.474210340529680252e-02 6.213417276740074158e-03 8.080505579710006714e-02 3.039612434804439545e-02 4.268530011177062988e-02 1.038821861147880554e-01 2.560723014175891876e-02 7.308292388916015625e-02 1.086618006229400635e-02 2.008469589054584503e-02 3.832354769110679626e-02 4.503635317087173462e-02 1.734424941241741180e-02 2.438542246818542480e-02 2.850315906107425690e-02 3.267147019505500793e-02 2.027756534516811371e-02 5.023258179426193237e-02 1.743037253618240356e-02 3.414603322744369507e-02 1.815133728086948395e-02 6.539818830788135529e-03 1.525457482784986496e-02 5.454719066619873047e-02 9.746866999194025993e-04 7.387354969978332520e-03 5.597960203886032104e-02 3.594011068344116211e-02 2.327238023281097412e-02 3.895537555217742920e-02 6.494438741356134415e-03 4.207504913210868835e-02 4.860210698097944260e-03 5.185965448617935181e-02 2.999893575906753540e-02 2.310231141746044159e-02 2.087404578924179077e-02 1.871350570581853390e-03 3.968581557273864746e-02 2.510114572942256927e-02 1.675812527537345886e-02 9.954944252967834473e-03 1.141220913268625736e-03 3.713265061378479004e-02 3.939562663435935974e-02 4.634854197502136230e-02 2.269759774208068848e-02 1.548285037279129028e-02 4.448823165148496628e-03 3.634000569581985474e-02 1.496447948738932610e-03 5.314281443133950233e-04 5.388785153627395630e-02 5.473759956657886505e-04 3.519521281123161316e-02 4.745622724294662476e-02 3.149842470884323120e-02 4.940082505345344543e-02 2.721342816948890686e-02 4.465265199542045593e-02 1.424943469464778900e-02 2.413558214902877808e-02 3.409019112586975098e-02 1.842285506427288055e-02 1.863788999617099762e-02 2.054412662982940674e-02 3.708279132843017578e-02 1.254025660455226898e-02 3.622015938162803650e-02 1.964332768693566322e-03 1.680100895464420319e-02 8.990328013896942139e-02 2.931164950132369995e-02 1.479869149625301361e-02 3.359353169798851013e-02 7.504389155656099319e-03 6.124941632151603699e-03
4.980919510126113892e-02 2.924346365034580231e-02 4.305781424045562744e-01 6.737317424267530441e-03 4.013088718056678772e-02 5.079329758882522583e-02 1.796910911798477173e-02 8.754145354032516479e-02 3.921699896454811096e-02 1.740687177516520023e-03 5.909214727580547333e-03 5.240910686552524567e-03 1.662651076912879944e-02 2.830822020769119263e-03 4.866066575050354004e-02 2.056439220905303955e-02 2.966366708278656006e-02 2.742403000593185425e-02 2.872107736766338348e-02 2.925792336463928223e-02 2.702179737389087677e-02 4.014220088720321655e-02 3.263999149203300476e-02 4.761669412255287170e-02 3.941997513175010681e-02 1.782696507871150970e-02 1.796795614063739777e-02 2.073577605187892914e-02 1.546403486281633377e-02 6.986162159591913223e-03 1.204594620503485203e-03 4.312320426106452942e-02 9.217898361384868622e-03 2.071709744632244110e-02 3.820142522454261780e-02 2.815698459744453430e-02 1.486266590654850006e-02 2.406348846852779388e-02 1.618782989680767059e-02 1.869814656674861908e-02 4.742684215307235718e-02 8.416131138801574707e-03 2.253771573305130005e-02 1.620502583682537079e-02 3.848276287317276001e-02 1.915688067674636841e-02 9.623459540307521820e-03 2.573201432824134827e-02 3.557952120900154114e-02 2.885511517524719238e-02 4.071643203496932983e-02 2.291405946016311646e-02 3.787304088473320007e-02 2.977534569799900055e-02 2.547240816056728363e-02 3.760023787617683411e-02 2.995182946324348450e-02 3.408394008874893188e-02 4.097355157136917114e-02 8.559306152164936066e-03 1.150507293641567230e-02 1.938296481966972351e-02 2.237967029213905334e-02 1.972883008420467377e-03 3.363453783094882965e-03 3.512071445584297180e-02 2.174143679440021515e-02 2.327611669898033142e-02 4.340632352977991104e-03 6.489971652626991272e-03 1.630343031138181686e-03 1.837342744693160057e-03 1.266104727983474731e-02 2.940076775848865509e-02 4.898359999060630798e-03 1.194831635802984238e-02 1.188565045595169067e-02 3.366338461637496948e-02 1.181998103857040405e-02 1.651894301176071167e-02 1.109794229269027710e-01 1.381737440824508667e-01 2.899549156427383423e-02 3.802451863884925842e-02 9.938012808561325073e-03 3.315166756510734558e-02 5.290158465504646301e-02 4.427121579647064209e-02 2.784608863294124603e-02 1.971046440303325653e-02 2.113287523388862610e-02 1.713671348989009857e-02 1.603331044316291809e-02 3.528319066390395164e-04 2.590389922261238098e-03 3.907230217009782791e-03 2.498343400657176971e-02 6.690000183880329132e-03 3.483136743307113647e-02 4.180514812469482422e-02 1.850927062332630157e-02 3.774176910519599915e-02 8.941220003180205822e-04 2.993099577724933624e-02 2.637821622192859650e-02 9.818760445341467857e-04 7.636989001184701920e-03 3.357025980949401855e-02 2.627484314143657684e-02 1.404626760631799698e-02 1.835841499269008636e-02 2.694098092615604401e-02 1.571478508412837982e-02 1.888077892363071442e-02 4.336098954081535339e-02 2.143049240112304688e-02
3.198086842894554138e-02 4.765365272760391235e-02 6.737317424267530441e-03 4.366776943206787109e-01 1.428005248308181763e-01 1.570940017700195312e-02 6.690608803182840347e-03 1.241700816899538040e-02 5.918455310165882111e-03 1.167359203100204468e-02 1.433214638382196426e-02 4.727996140718460083e-02 2.754323929548263550e-02 4.837938025593757629e-02 1.422398630529642105e-02 1.683520525693893433e-02 4.383668676018714905e-02 1.769269816577434540e-02 4.146152362227439880e-02 2.755533438175916672e-03 1.074000634253025055e-02 4.787345975637435913e-02 3.417639806866645813e-02 3.755280748009681702e-02 1.561447232961654663e-02 1.335388422012329102e-02 2.019528672099113464e-02 1.417402550578117371e-02 3.451637178659439087e-02 1.720275357365608215e-02 2.741332724690437317e-02 2.411982417106628418e-02 5.018832162022590637e-02 5.968980025500059128e-03 4.534708708524703979e-02 4.652396589517593384e-02 3.276334702968597412e-02 2.411672472953796387e-02 2.238605171442031860e-02 1.775176636874675751e-02 4.270473867654800415e-02 5.248416215181350708e-02 2.120046131312847137e-02 6.176685914397239685e-03 1.895157853141427040e-03 1.581591553986072540e-02 1.049538701772689819e-02 1.491107232868671417e-02 1.628271304070949554e-02 4.635116085410118103e-02 3.017275827005505562e-03 4.189722239971160889e-03 6.494862027466297150e-03 2.958143502473831177e-02 1.070933695882558823e-02 4.627368971705436707e-02 2.138709649443626404e-02 1.789828389883041382e-02 1.728883571922779083e-02 1.433142460882663727e-03 4.409496486186981201e-02 7.349413936026394367e-04 4.646550491452217102e-02 2.513985522091388702e-02 1.643101125955581665e-02 8.292570710182189941e-03 2.106274478137493134e-02 4.632864613085985184e-03 2.771576121449470520e-02 3.734204173088073730e-02 5.904464982450008392e-03 4.751917719841003418e-02 7.485826313495635986e-02 4.134470969438552856e-02 5.106375366449356079e-02 3.129815682768821716e-02 9.489005431532859802e-03 4.714559391140937805e-02 4.193511605262756348e-02 3.269209340214729309e-02 3.057653456926345825e-02 4.358404874801635742e-02 4.243340343236923218e-02 4.080945998430252075e-02 2.196269854903221130e-02 1.373497489839792252e-02 2.743790671229362488e-02 3.952032711822539568e-04 2.952753193676471710e-02 3.209197893738746643e-02 6.250372622162103653e-03 3.919300809502601624e-02 1.364754512906074524e-02 4.358000680804252625e-02 2.720946632325649261e-02 5.085047706961631775e-02 1.590540073812007904e-02 1.632915344089269638e-03 1.285290531814098358e-02 2.098171785473823547e-02 4.275815188884735107e-02 2.548061497509479523e-02 3.197420388460159302e-02 3.668134286999702454e-02 3.051398508250713348e-02 1.852039364166557789e-03 6.827767007052898407e-03 3.871625661849975586e-02 4.189965315163135529e-03 1.185725163668394089e-02 1.252101361751556396e-02 2.474756538867950439e-02 1.111748535186052322e-02 3.781362995505332947e-02 2.435297705233097076e-02 1.408325787633657455e-02
2.847199887037277222e-02 1.008124017971567810e-04 4.013088718056678772e-02 1.428005248308181763e-01 4.212436079978942871e-01 3.027587756514549255e-02 4.512919578701257706e-03 7.848001085221767426e-03 6.595589220523834229e-03 3.753511980175971985e-02 4.207552224397659302e-02 3.812115639448165894e-02 1.494828052818775177e-02 1.966585218906402588e-02 8.855558186769485474e-02 3.383783251047134399e-02 3.275927901268005371e-02 1.611045561730861664e-02 3.482306608930230141e-03 4.527619108557701111e-02 2.510387077927589417e-02 3.202335163950920105e-02 1.388355740346014500e-03 1.409943401813507080e-02 1.361075043678283691e-02 3.843871643766760826e-03 1.792998798191547394e-02 4.704415332525968552e-03 1.164732966572046280e-02 1.280956808477640152e-02 5.578938871622085571e-03 8.492765948176383972e-03 2.165731973946094513e-02 2.032507583498954773e-02 4.609256982803344727e-03 4.210760444402694702e-02 1.171731296926736832e-02 3.998308256268501282e-02 2.684317529201507568e-02 5.164473131299018860e-02 3.196156024932861328e-02 3.304728306829929352e-03 4.708294873125851154e-04 2.901652269065380096e-02 3.058101423084735870e-02 5.540433526039123535e-02 4.095523804426193237e-02 1.199492067098617554e-02 3.996631875634193420e-02 4.844108223915100098e-02 1.389332767575979233e-02 3.639116138219833374e-02 2.774739451706409454e-02 1.836680807173252106e-02 5.052762851119041443e-02 5.156883224844932556e-02 1.197569072246551514e-03 3.904521837830543518e-02 1.977580972015857697e-02 4.108300060033798218e-02 3.712799167260527611e-03 2.235167659819126129e-02 8.928648196160793304e-03 2.778492681682109833e-02 1.036454737186431885e-02 2.125796116888523102e-02 1.360100135207176208e-02 9.241661056876182556e-03 3.259788826107978821e-02 1.093984954059123993e-02 7.995740510523319244e-03 4.557797312736511230e-02 2.931576780974864960e-02 4.123096354305744171e-03 7.911525666713714600e-02 3.797604516148567200e-02 3.779663890600204468e-02 1.943881995975971222e-02 2.647595247253775597e-03 1.428932603448629379e-02 2.513598278164863586e-02 3.830071911215782166e-02 9.744282066822052002e-02 1.071693077683448792e-01 3.765550255775451660e-02 4.475852847099304199e-02 2.677982486784458160e-02 2.721118368208408356e-02 2.930089272558689117e-02 1.731829717755317688e-02 7.418346591293811798e-03 2.385262213647365570e-02 1.175692304968833923e-02 1.270875800400972366e-02 2.170098386704921722e-02 4.824214801192283630e-02 2.686759456992149353e-02 9.237244725227355957e-03 3.763008862733840942e-02 1.213429961353540421e-02 3.082766756415367126e-02 1.555012166500091553e-02 3.910777159035205841e-03 2.750756032764911652e-02 7.933017797768115997e-03 3.575092181563377380e-02 2.111786417663097382e-02 1.184417400509119034e-02 1.357754506170749664e-02 2.067923732101917267e-02 1.201147213578224182e-02 1.709132455289363861e-02 2.268528752028942108e-02 1.197084086015820503e-03 2.397750690579414368e-02 3.169742971658706665e-02
1.090120673179626465e-01 9.239155799150466919e-02 5.079329758882522583e-02 1.570940017700195312e-02 3.027587756514549255e-02 4.614724814891815186e-01 2.154909670352935791e-01 2.897859551012516022e-02 3.397696092724800110e-02 9.938284754753112793e-03 7.368765026330947876e-02 8.346782065927982330e-03 5.028337985277175903e-02 5.248439311981201172e-02 8.153697475790977478e-03 7.282901089638471603e-03 2.128210850059986115e-02 4.272797331213951111e-02 2.309110388159751892e-02 3.691519796848297119e-02 3.018231876194477081e-02 2.587625756859779358e-02 4.141476005315780640e-02 4.085126146674156189e-02 2.196555957198143005e-02 1.626496389508247375e-02 1.065020449459552765e-02 2.742268890142440796e-02 1.449277438223361969e-02 1.422845292836427689e-02 4.857772495597600937e-03 3.895145282149314880e-02 1.145363226532936096e-02 4.471485689282417297e-02 1.699961535632610321e-02 4.668753966689109802e-02 6.726456340402364731e-04 5.096597969532012939e-02 3.947537764906883240e-02 2.798653393983840942e-02 2.493434585630893707e-02 2.496672095730900764e-03 2.535708062350749969e-02 1.602709107100963593e-02 3.385943919420242310e-02 2.620708197355270386e-02 1.301061213016510010e-01 1.582952439785003662e-01 3.708025440573692322e-02 2.891713054850697517e-03 1.078438479453325272e-02 8.748448453843593597e-03 2.375432057306170464e-03 6.148562300950288773e-03 4.727024212479591370e-02 9.525140747427940369e-03 2.799558266997337341e-02 2.692798338830471039e-02 4.710618872195482254e-03 1.921566016972064972e-02 5.704346671700477600e-02 1.815579831600189209e-02 2.504312805831432343e-02 9.600910358130931854e-03 7.673598825931549072e-03 3.896175697445869446e-02 3.052729740738868713e-02 4.328621178865432739e-02 2.425586991012096405e-02 5.507932044565677643e-03 3.743114648386836052e-03 4.165707156062126160e-02 3.117533400654792786e-02 1.233133114874362946e-02 2.356957085430622101e-02 3.101943247020244598e-02 2.868732064962387085e-02 1.492547430098056793e-02 3.492431342601776123e-02 2.349125593900680542e-02 3.385546803474426270e-02 3.738347813487052917e-02 1.471740752458572388e-02 3.236865624785423279e-02 1.006246637552976608e-02 9.253210388123989105e-03 1.907488703727722168e-02 3.183851484209299088e-03 3.030306659638881683e-02 2.517709881067276001e-02 1.102850679308176041e-02 3.336853906512260437e-02 5.394156277179718018e-02 1.434686407446861267e-02 1.512503251433372498e-02 2.547666430473327637e-02 2.157846279442310333e-02 2.330302493646740913e-03 3.296070173382759094e-02 1.479972805827856064e-02 2.718120347708463669e-03 1.814657635986804962e-02 4.653252661228179932e-02 8.658708073198795319e-03 4.319430328905582428e-03 2.894314238801598549e-03 3.687913296744227409e-03 4.653603583574295044e-02 4.052489623427391052e-02 9.594393894076347351e-03 2.505988627672195435e-02 3.591459617018699646e-02 4.770253226161003113e-02 6.538921734318137169e-04 3.529493510723114014e-02 1.134995091706514359e-02
1.917448826134204865e-02 1.747434958815574646e-02 1.796910911798477173e-02 6.690608803182840347e-03 4.512919578701257706e-03 2.154909670352935791e-01 4.436760544776916504e-01 1.400875300168991089e-02 1.257397886365652084e-02 5.350095033645629883e-02 1.299690734595060349e-02 1.552611775696277618e-02 1.016271393746137619e-02 1.248663291335105896e-03 6.617192178964614868e-02 1.575458794832229614e-03 2.613110281527042389e-02 4.186442494392395020e-02 2.659902162849903107e-02 2.561046741902828217e-03 5.916897952556610107e-02 4.178757593035697937e-02 4.656878081732429564e-05 7.846297230571508408e-04 7.539451867341995239e-02 1.648478768765926361e-02 1.664167270064353943e-02 4.587118327617645264e-02 5.092227831482887268e-02 2.522543072700500488e-02 1.385329011827707291e-02 2.781466208398342133e-02 8.604386821389198303e-03 1.234832685440778732e-02 1.873094961047172546e-02 4.398719593882560730e-02 2.424134314060211182e-02 3.014338947832584381e-02 3.634537011384963989e-02 2.551708556711673737e-02 2.184360660612583160e-02 4.188942909240722656e-02 3.118247352540493011e-02 1.328760944306850433e-02 6.340725813060998917e-03 3.815268352627754211e-02 8.530858159065246582e-02 1.827084571123123169e-01 3.668296337127685547e-02 4.302994161844253540e-02 1.714792102575302124e-02 2.341166371479630470e-03 1.017226953990757465e-03 1.867956668138504028e-02 3.309354931116104126e-02 4.633338376879692078e-02 4.617718979716300964e-02 7.744235545396804810e-02 3.669812530279159546e-02 4.534512758255004883e-02 1.630048034712672234e-03 2.199647389352321625e-02 3.458447009325027466e-02 5.051829852163791656e-03 4.502778872847557068e-02 1.449415925890207291e-02 1.288170926272869110e-02 2.983565814793109894e-02 6.462706252932548523e-03 2.797884121537208557e-02 1.757484860718250275e-03 2.250315248966217041e-02 5.097444728016853333e-02 1.653946004807949066e-02 7.970223203301429749e-03 1.162191107869148254e-02 3.294454142451286316e-02 1.965274289250373840e-02 2.005806937813758850e-02 3.828722611069679260e-02 3.762986510992050171e-02 1.120180473662912846e-03 1.118603162467479706e-02 2.006536163389682770e-02 4.037842899560928345e-02 7.097081094980239868e-02 4.884501919150352478e-02 2.452246285974979401e-02 2.331086434423923492e-02 8.679403923451900482e-03 5.503438413143157959e-02 4.711898788809776306e-02 2.679913863539695740e-02 1.032741740345954895e-02 4.100991878658533096e-03 7.230466697365045547e-03 1.006482634693384171e-02 1.055757328867912292e-02 2.604902163147926331e-02 1.926031708717346191e-02 1.343419961631298065e-02 4.149071872234344482e-02 1.464074850082397461e-02 8.427613414824008942e-03 1.857206039130687714e-02 1.825959607958793640e-02 2.325470792129635811e-03 3.926081582903862000e-02 3.545826673507690430e-02 3.602006472647190094e-03 2.220433205366134644e-02 4.200650006532669067e-02 7.378672063350677490e-02 1.426033861935138702e-02 3.514714539051055908e-02 2.349287830293178558e-02
4.830699414014816284e-02 2.649859525263309479e-02 8.754145354032516479e-02 1.241700816899538040e-02 7.848001085221767426e-03 2.897859551012516022e-02 1.400875300168991089e-02 4.372891783714294434e-01 4.374669399112462997e-03 5.307443439960479736e-02 3.693078085780143738e-02 4.561081528663635254e-02 2.170873619616031647e-02 4.403980448842048645e-02 9.810259193181991577e-02 5.694353580474853516e-02 3.636575117707252502e-02 2.383557707071304321e-02 3.285363689064979553e-02 3.391687572002410889e-02 2.609851583838462830e-02 7.865451276302337646e-03 1.796571351587772369e-02 1.317005325108766556e-02 3.933876380324363708e-02 1.166023500263690948e-02 3.259859234094619751e-02 1.252630632370710373e-02 6.333309691399335861e-03 3.652776777744293213e-02 2.104502543807029724e-02 4.775410145521163940e-02 2.856007404625415802e-02 1.668494567275047302e-02 3.334531560540199280e-02 7.841893238946795464e-04 2.245364338159561157e-02 1.682308688759803772e-02 2.454414963722229004e-02 3.593214228749275208e-02 4.889331758022308350e-03 3.294513793662190437e-03 1.424780022352933884e-02 1.298930216580629349e-02 1.903096213936805725e-02 2.780467737466096878e-03 3.744658082723617554e-02 3.262563794851303101e-02 1.238234154880046844e-02 3.784603625535964966e-02 7.109408266842365265e-03 3.815411776304244995e-02 3.282545134425163269e-02 1.543316338211297989e-02 4.027059674263000488e-02 3.408262878656387329e-02 7.767450064420700073e-03 1.304236426949501038e-02 7.939693517982959747e-03 1.819143630564212799e-02 2.514445222914218903e-02 8.529531769454479218e-03 1.673599146306514740e-02 9.853180497884750366e-03 1.151001080870628357e-02 1.253397390246391296e-02 1.083318423479795456e-02 4.452625662088394165e-02 4.408882185816764832e-02 3.224278613924980164e-02 4.033383727073669434e-02 6.394314579665660858e-03 5.724100396037101746e-03 2.467624470591545105e-02 3.027469851076602936e-02 1.134133338928222656e-02 1.376055646687746048e-02 2.340877242386341095e-02 4.247054457664489746e-02 3.254371881484985352e-02 1.195687279105186462e-01 5.818155780434608459e-02 1.337567623704671860e-02 3.039453737437725067e-02 2.532905340194702148e-02 2.228510752320289612e-02 8.383825421333312988e-02 5.960737913846969604e-02 2.648471295833587646e-02 2.486035600304603577e-02 3.620248287916183472e-03 3.259164839982986450e-02 2.309227921068668365e-02 1.059463061392307281e-02 4.501787945628166199e-03 2.100792247802019119e-03 2.859537489712238312e-02 2.235606685280799866e-02 1.424454525113105774e-02 2.035560458898544312e-02 3.526829183101654053e-02 2.869271486997604370e-02 4.734760895371437073e-02 2.085490524768829346e-02 6.385312881320714951e-03 2.405068278312683105e-02 2.236819826066493988e-02 1.664242148399353027e-02 5.218586698174476624e-02 2.699037641286849976e-02 3.149770572781562805e-02 7.918887771666049957e-03 3.796781972050666809e-02 3.046708926558494568e-02 9.723100811243057251e-03 1.652193441987037659e-02
8.010814897716045380e-03 1.155956182628870010e-02 3.921699896454811096e-02 5.918455310165882111e-03 6.595589220523834229e-03 3.397696092724800110e-02 1.257397886365652084e-02 4.374669399112462997e-03 4.570214152336120605e-01 2.486484497785568237e-02 4.572665318846702576e-02 6.660003215074539185e-02 4.315206035971641541e-02 5.334552004933357239e-02 2.571202581748366356e-03 2.967716939747333527e-02 2.675724215805530548e-02 5.911259725689888000e-02 1.985832490026950836e-02 2.908806502819061279e-02 5.344919860363006592e-02 2.000879123806953430e-02 7.236820459365844727e-02 2.954151481389999390e-02 2.507037296891212463e-02 4.700545966625213623e-02 3.767887130379676819e-02 3.164144977927207947e-02 2.187791839241981506e-02 5.676266551017761230e-02 4.357370361685752869e-02 2.316718734800815582e-02 3.086063824594020844e-02 5.463869497179985046e-02 1.860281080007553101e-02 2.059854008257389069e-02 2.158371359109878540e-02 3.374217078089714050e-02 6.191485002636909485e-02 5.257888510823249817e-02 1.906688138842582703e-02 7.866678386926651001e-02 4.340868815779685974e-02 2.548845671117305756e-02 9.162774309515953064e-03 1.696499437093734741e-02 2.621879242360591888e-02 2.249759063124656677e-02 5.806113779544830322e-02 5.704968422651290894e-02 1.051279809325933456e-02 1.879958808422088623e-02 5.176786705851554871e-02 2.883052267134189606e-02 8.400435745716094971e-02 6.669417023658752441e-02 2.278244355693459511e-03 2.163046970963478088e-02 2.007966302335262299e-02 4.047178477048873901e-02 1.390233915299177170e-02 2.224174328148365021e-02 1.816625148057937622e-02 4.047214239835739136e-02 4.919274896383285522e-02 4.038655012845993042e-02 5.063967779278755188e-02 7.692639250308275223e-03 7.681413739919662476e-02 1.851272420026361942e-03 4.422232136130332947e-02 2.153225615620613098e-02 6.136738136410713196e-02 6.404756568372249603e-03 6.164134293794631958e-02 2.580291405320167542e-02 1.266522258520126343e-01 5.420333892107009888e-02 1.084031388163566589e-01 1.016487553715705872e-02 2.098068036139011383e-02 3.900066763162612915e-02 5.453626811504364014e-02 3.377002850174903870e-02 4.175641015172004700e-02 4.843940958380699158e-02 3.375248052179813385e-03 6.128954701125621796e-03 1.185820996761322021e-01 1.930481195449829102e-02 1.600552536547183990e-02 4.201574251055717468e-02 7.263992913067340851e-03 5.670879408717155457e-02 2.429591119289398193e-02 1.011011283844709396e-02 1.820054464042186737e-02 1.411447022110223770e-02 3.192334994673728943e-02 7.852512411773204803e-03 6.906671449542045593e-03 2.654291875660419464e-02 2.073340862989425659e-02 2.045090124011039734e-02 4.598935693502426147e-02 6.947974208742380142e-03 3.627926111221313477e-02 3.066444955766201019e-02 1.653439737856388092e-02 4.652987048029899597e-02 1.622269488871097565e-02 1.358831021934747696e-02 9.998300112783908844e-03 3.444537147879600525e-02 3.285135328769683838e-02 2.869482897222042084e-02
1.565138064324855804e-02 2.577699907124042511e-02 1.740687177516520023e-03 1.167359203100204468e-02 3.753511980175971985e-02 9.938284754753112793e-03 5.350095033645629883e-02 5.307443439960479736e-02 2.486484497785568237e-02 4.619809687137603760e-01 1.734552346169948578e-02 5.752873793244361877e-02 2.406813576817512512e-02 4.206442832946777344e-02 2.327343262732028961e-02 5.453420802950859070e-02 2.649789489805698395e-02 1.709479093551635742e-02 9.237155318260192871e-02 4.756139125674962997e-03 5.218564718961715698e-02 1.815819181501865387e-02 1.551221939735114574e-03 3.730442374944686890e-02 5.472574010491371155e-02 5.594563111662864685e-02 2.544918097555637360e-02 1.937386021018028259e-02 6.514925509691238403e-03 2.024050988256931305e-02 2.763429284095764160e-02 2.711835317313671112e-02 5.511715635657310486e-02 5.729510448873043060e-03 5.807044915854930878e-03 8.014643564820289612e-03 1.105887629091739655e-02 4.078439623117446899e-02 6.133452057838439941e-02 5.268805101513862610e-02 1.178064290434122086e-02 4.377570003271102905e-02 2.522672154009342194e-02 1.837492920458316803e-02 1.189654041081666946e-02 3.004100732505321503e-02 2.544594462960958481e-04 6.845303578302264214e-04 8.684880100190639496e-03 8.384735882282257080e-02 2.981403656303882599e-02 1.089043566025793552e-03 6.505514960736036301e-03 3.321723081171512604e-03 2.091847592964768410e-03 8.251233398914337158e-02 2.866883017122745514e-02 6.115211173892021179e-03 5.802555242553353310e-04 2.764291502535343170e-02 4.666835814714431763e-02 4.675311595201492310e-02 5.582607700489461422e-04 1.975508406758308411e-02 2.253925800323486328e-02 2.597004640847444534e-03 1.006373902782797813e-03 5.389374122023582458e-02 3.249310329556465149e-02 2.376174088567495346e-03 6.259022653102874756e-02 1.369910081848502159e-03 3.709716722369194031e-02 8.971200324594974518e-03 1.127238757908344269e-02 9.470768272876739502e-03 5.196579545736312866e-02 1.326259970664978027e-01 7.639342453330755234e-03 1.034608930349349976e-01 1.577011495828628540e-02 1.745652593672275543e-02 1.844119466841220856e-02 6.808703392744064331e-02 3.038505651056766510e-02 5.756054073572158813e-02 1.192720327526330948e-02 2.655533514916896820e-02 2.516360767185688019e-02 7.665181159973144531e-02 4.724092315882444382e-03 1.111017353832721710e-02 5.843906663358211517e-03 3.577523306012153625e-02 1.708919554948806763e-02 3.041456453502178192e-02 3.408516943454742432e-02 2.655744319781661034e-03 5.635659396648406982e-02 1.665853336453437805e-02 1.248881220817565918e-02 2.161024138331413269e-02 4.357618838548660278e-02 5.182771012187004089e-03 3.203753381967544556e-02 1.928189769387245178e-02 7.039905525743961334e-03 5.352737382054328918e-02 1.151563832536339760e-03 5.121169239282608032e-02 5.805805791169404984e-03 4.904672503471374512e-02 4.766597226262092590e-02 2.004501596093177795e-02 3.459171950817108154e-02 4.298022761940956116e-02
1.318506449460983276e-01 1.140951886773109436e-01 5.909214727580547333e-03 1.433214638382196426e-02 4.207552224397659302e-02 7.368765026330947876e-02 1.299690734595060349e-02 3.693078085780143738e-02 4.572665318846702576e-02 1.734552346169948578e-02 4.663015305995941162e-01 4.433800280094146729e-02 1.223281621932983398e-01 3.164640814065933228e-02 2.602856792509555817e-02 5.202346295118331909e-02 3.562286496162414551e-02 3.514656051993370056e-02 2.100488357245922089e-02 4.250907152891159058e-02 6.947577465325593948e-03 1.376582658849656582e-03 1.286799926310777664e-02 1.064502820372581482e-02 4.478077962994575500e-02 5.762728303670883179e-02 1.267317868769168854e-02 3.869000822305679321e-02 4.012373089790344238e-02 3.027525357902050018e-02 4.942314326763153076e-02 3.491369425319135189e-04 2.060457132756710052e-02 1.068026665598154068e-02 1.598999276757240295e-02 1.814760081470012665e-02 5.361902341246604919e-02 5.478655546903610229e-02 4.106708988547325134e-02 1.155469194054603577e-02 2.402775362133979797e-02 5.108395591378211975e-03 2.525875344872474670e-02 7.240287959575653076e-03 5.501189455389976501e-02 1.922677271068096161e-02 8.555595576763153076e-02 2.895373106002807617e-02 2.883625403046607971e-02 6.206346675753593445e-03 1.225926168262958527e-02 2.970715239644050598e-02 4.273132607340812683e-02 2.653870545327663422e-02 4.009468853473663330e-02 1.593064051121473312e-03 1.679661683738231659e-02 6.271315366029739380e-02 2.075643651187419891e-02 2.581237815320491791e-02 1.149231684394180775e-03 2.291318960487842560e-02 2.636058069765567780e-02 2.175960689783096313e-02 7.727371901273727417e-02 6.622324138879776001e-02 2.979771001264452934e-03 2.717746188864111900e-03 3.746899217367172241e-02 4.313949495553970337e-02 4.621472209692001343e-02 1.343877799808979034e-02 9.085778146982192993e-03 1.172608416527509689e-02 4.813342541456222534e-02 1.849630475044250488e-02 8.624386973679065704e-03 9.571256116032600403e-03 3.997319564223289490e-02 3.310245648026466370e-02 4.730760585516691208e-03 1.465979591012001038e-02 2.386523969471454620e-02 1.281641796231269836e-02 2.261474262923002243e-03 1.678339764475822449e-02 1.329805515706539154e-02 9.398598223924636841e-03 1.145041664130985737e-03 3.479001298546791077e-02 5.995189025998115540e-02 1.710667647421360016e-02 4.644067585468292236e-02 2.066296525299549103e-02 1.293288660235702991e-03 1.229083165526390076e-02 3.420808166265487671e-02 2.176761627197265625e-02 4.964669793844223022e-02 2.765852957963943481e-02 1.415516831912100315e-03 1.507555786520242691e-02 4.482509568333625793e-02 7.481295149773359299e-03 1.288345735520124435e-02 1.747327484190464020e-02 2.877209894359111786e-02 2.612511627376079559e-02 3.411696478724479675e-02 2.814654633402824402e-02 1.873182319104671478e-02 4.044225439429283142e-02 4.954117164015769958e-02 2.086851559579372406e-02 1.505382172763347626e-02 3.864349797368049622e-02
3.492251411080360413e-02 3.995796665549278259e-02 5.240910686552524567e-03 4.727996140718460083e-02 3.812115639448165894e-02 8.346782065927982330e-03 1.552611775696277618e-02 4.561081528663635254e-02 6.660003215074539185e-02 5.752873793244361877e-02 4.433800280094146729e-02 4.336768686771392822e-01 5.087112262845039368e-02 1.718875169754028320e-01 3.314984217286109924e-02 2.273706719279289246e-02 1.986727863550186157e-02 4.624212533235549927e-02 6.117720156908035278e-03 1.629665866494178772e-02 9.389828192070126534e-04 1.909720897674560547e-02 8.435767889022827148e-02 1.250011101365089417e-02 9.509222581982612610e-03 5.925182718783617020e-03 3.069198317825794220e-02 1.353299021720886230e-01 1.727240346372127533e-02 7.381358742713928223e-02 3.680860390886664391e-03 2.240037173032760620e-02 4.376745596528053284e-02 4.215982183814048767e-02 1.401936914771795273e-02 1.343615818768739700e-02 4.787445440888404846e-02 1.395628415048122406e-02 2.836992964148521423e-02 4.128108173608779907e-02 1.906908117234706879e-02 6.194836646318435669e-02 3.483186662197113037e-02 3.276786580681800842e-02 3.450274839997291565e-02 2.523260004818439484e-02 4.774653166532516479e-02 4.272896051406860352e-02 1.553637906908988953e-02 3.948383778333663940e-02 4.559727758169174194e-02 3.151638666167855263e-03 1.384146395139396191e-03 2.772374078631401062e-02 4.416729882359504700e-02 2.104539051651954651e-02 4.500802978873252869e-02 7.213218603283166885e-03 1.209186390042304993e-02 6.468657404184341431e-03 4.068580642342567444e-02 3.099546534940600395e-03 2.718315273523330688e-02 1.980077102780342102e-02 3.348716069012880325e-03 1.716859638690948486e-02 1.609351485967636108e-03 1.544132083654403687e-02 3.119397722184658051e-02 2.819282189011573792e-02 2.705768309533596039e-02 2.325905225006863475e-04 1.768238283693790436e-02 1.255561504513025284e-02 2.547250129282474518e-02 2.020039595663547516e-03 4.443465545773506165e-02 2.871862053871154785e-02 1.171091943979263306e-02 7.065810263156890869e-03 2.636844292283058167e-02 2.748238854110240936e-02 1.619794405996799469e-02 3.388848854228854179e-03 2.845958340913057327e-03 3.181736974511295557e-04 1.421921420842409134e-02 2.705042483285069466e-03 1.373268514871597290e-01 3.546190261840820312e-02 2.923820167779922485e-02 4.043172672390937805e-02 1.149006304331123829e-03 3.160700434818863869e-04 4.881234839558601379e-02 3.487788140773773193e-02 4.461243748664855957e-02 1.971417851746082306e-02 2.618982084095478058e-02 3.474120423197746277e-02 8.330348879098892212e-03 3.020860999822616577e-02 2.761394903063774109e-02 3.803741186857223511e-02 8.049236610531806946e-03 2.519550034776329994e-03 7.149427663534879684e-03 4.174403101205825806e-02 2.298698062077164650e-03 6.137195159681141376e-04 1.583435386419296265e-02 4.353293403983116150e-02 4.218354076147079468e-02 1.886767707765102386e-02 1.831998303532600403e-02 4.141327366232872009e-02
1.131880655884742737e-01 1.466150730848312378e-01 1.662651076912879944e-02 2.754323929548263550e-02 1.494828052818775177e-02 5.028337985277175903e-02 1.016271393746137619e-02 2.170873619616031647e-02 4.315206035971641541e-02 2.406813576817512512e-02 1.223281621932983398e-01 5.087112262845039368e-02 4.639968574047088623e-01 4.463307932019233704e-02 5.189809203147888184e-02 4.481857270002365112e-02 3.417393937706947327e-02 3.973156586289405823e-02 3.499802201986312866e-03 3.341022529639303684e-04 7.490085903555154800e-03 1.120851840823888779e-02 1.113031245768070221e-02 2.150559984147548676e-02 4.378654062747955322e-02 2.398757636547088623e-02 1.163505855947732925e-02 3.022822737693786621e-02 1.002251915633678436e-02 4.055853560566902161e-02 1.714047417044639587e-02 1.798874116502702236e-03 3.239864949136972427e-03 2.013474330306053162e-02 3.558597061783075333e-03 2.630761265754699707e-02 3.487618640065193176e-02 5.084377527236938477e-02 4.480377212166786194e-02 7.364235818386077881e-03 2.069788239896297455e-02 3.193799778819084167e-02 5.493073910474777222e-02 4.758233204483985901e-02 4.340191558003425598e-02 4.951050132513046265e-02 5.199120566248893738e-02 1.041712705045938492e-02 5.540636926889419556e-02 1.183796767145395279e-02 1.028717122972011566e-02 2.911002375185489655e-02 3.053211048245429993e-02 7.191598997451364994e-04 1.672918163239955902e-02 8.111412636935710907e-03 2.780310437083244324e-02 4.151529446244239807e-02 3.114098496735095978e-02 1.007460150867700577e-02 1.445974968373775482e-02 5.046851560473442078e-02 2.501343749463558197e-02 4.230757802724838257e-02 3.275115415453910828e-02 6.522358953952789307e-02 7.083535194396972656e-03 3.623018739745020866e-03 5.329613015055656433e-02 3.978589922189712524e-02 2.782293036580085754e-02 3.500337526202201843e-02 1.573269441723823547e-02 6.490506231784820557e-03 4.375009983777999878e-02 2.130027860403060913e-03 1.091956533491611481e-02 1.182320807129144669e-02 1.647310517728328705e-02 2.840887568891048431e-02 5.060096154920756817e-04 3.177569061517715454e-02 4.748955741524696350e-02 9.632384404540061951e-03 1.734236814081668854e-02 3.120222315192222595e-02 3.386949747800827026e-02 3.660108894109725952e-02 7.278712932020425797e-03 4.363346844911575317e-02 8.286017924547195435e-03 1.787965372204780579e-02 1.355104241520166397e-02 5.495213344693183899e-02 1.948898279806599021e-04 6.232967134565114975e-03 4.441585764288902283e-02 2.004304155707359314e-02 4.359444603323936462e-02 1.826074160635471344e-02 8.990189060568809509e-03 1.061090175062417984e-02 5.457048490643501282e-02 1.171949040144681931e-02 2.359898202121257782e-02 1.732675917446613312e-02 3.863688930869102478e-02 1.409907080233097076e-02 4.144946113228797913e-02 2.376270480453968048e-02 4.181538894772529602e-02 4.370288923382759094e-02 4.679108038544654846e-02 4.351200908422470093e-02 1.441587973386049271e-02 2.250971272587776184e-02
