5.050104856491088867e-01 1.348280608654022217e-01 9.783467277884483337e-03 1.035549584776163101e-02 1.178861316293478012e-02 2.451233007013797760e-02 4.636713117361068726e-02 2.342712506651878357e-02 4.901537299156188965e-02 1.647388562560081482e-02 1.136727407574653625e-01 3.781556338071823120e-02 7.505656778812408447e-02 2.162892930209636688e-02 2.147997356951236725e-02 7.500006351619958878e-03 2.442428376525640488e-03 4.275404289364814758e-02 3.000363009050488472e-03 4.489326104521751404e-02 1.697256788611412048e-02 3.583911433815956116e-02 8.259588852524757385e-03 1.918714493513107300e-02 6.410392932593822479e-03 5.227645859122276306e-03 3.309318795800209045e-02 4.726537317037582397e-02 2.687098644673824310e-02 2.500868402421474457e-02 2.870820462703704834e-02 4.370892420411109924e-02 1.168680842965841293e-03 3.133524209260940552e-02 3.177173808217048645e-02 1.541099976748228073e-02 2.281680144369602203e-02 4.778941348195075989e-02 9.956358931958675385e-03 3.326103463768959045e-02 1.416831742972135544e-03 2.977882139384746552e-02 1.084518991410732269e-02 5.534959584474563599e-02 5.058611184358596802e-02 2.173403650522232056e-02 1.991280540823936462e-02 4.842893406748771667e-02 5.520901177078485489e-03 1.077600102871656418e-02 1.472643204033374786e-02 2.019310928881168365e-02 1.973695866763591766e-02 9.315120987594127655e-03 1.027742773294448853e-02 2.276934683322906494e-02 2.836124785244464874e-02 2.922781568486243486e-04 3.345801308751106262e-02 8.997824974358081818e-03 3.021497977897524834e-03 2.202115207910537720e-02 1.475082989782094955e-02 3.574437648057937622e-02 1.809053868055343628e-02 3.641713410615921021e-03 3.105850331485271454e-02 3.157478943467140198e-02 2.184052718803286552e-03 3.042598068714141846e-02 9.059775620698928833e-03 3.138314932584762573e-02 2.597125060856342316e-02 2.547494135797023773e-02 2.055771835148334503e-02 9.055738337337970734e-03 1.044222712516784668e-02 2.771432045847177505e-03 1.586268073879182339e-03 1.562768407166004181e-02 4.194197058677673340e-02 3.103393362835049629e-03 4.983390122652053833e-02 4.219166189432144165e-02 5.100695788860321045e-02 4.209591820836067200e-02 6.762491539120674133e-03 2.805970143526792526e-04 3.345227614045143127e-02 9.551845490932464600e-03 1.644000585656613111e-04 3.642497584223747253e-02 1.285409647971391678e-02 4.036852624267339706e-03 2.227354608476161957e-02 2.918701432645320892e-02 2.272845618426799774e-02 3.627984598278999329e-02 2.761302283033728600e-03 1.454454846680164337e-02 3.225953876972198486e-02 1.040720753371715546e-02 1.677717640995979309e-02 3.354562073945999146e-02 2.347485348582267761e-02 9.726439602673053741e-03 1.786964479833841324e-03 3.618950396776199341e-02 4.503617435693740845e-02 2.719011530280113220e-02 2.075514756143093109e-02 2.652356587350368500e-02 4.324389621615409851e-02 1.322347787208855152e-03 1.721395878121256828e-03 1.700716838240623474e-02
1.348280608654022217e-01 5.045865774154663086e-01 2.512323297560214996e-02 1.196863967925310135e-02 2.457518130540847778e-02 3.331188857555389404e-02 3.294926509261131287e-02 1.595188677310943604e-02 4.290113598108291626e-02 2.001919783651828766e-02 1.169515773653984070e-01 3.609791770577430725e-02 1.030848622322082520e-01 2.956887520849704742e-02 2.081682160496711731e-02 1.183582842350006104e-02 7.884030230343341827e-03 4.118009656667709351e-02 2.213758416473865509e-02 5.962692573666572571e-02 1.862540468573570251e-02 3.340367972850799561e-02 1.096345577389001846e-02 2.405817620456218719e-02 2.273454889655113220e-02 8.461664430797100067e-03 3.480060771107673645e-02 3.596861287951469421e-02 1.334221102297306061e-02 1.946329884231090546e-02 4.202500451356172562e-03 5.301228165626525879e-02 3.897230373695492744e-03 3.821463882923126221e-02 1.892548054456710815e-02 1.521523296833038330e-02 1.775125786662101746e-02 4.770417511463165283e-02 2.019701525568962097e-02 9.755128063261508942e-03 1.760884653776884079e-03 2.603828720748424530e-02 1.378514152020215988e-02 4.995429888367652893e-02 4.954436421394348145e-02 2.812476828694343567e-02 1.034319773316383362e-02 3.983372449874877930e-02 1.555018872022628784e-02 1.104055996984243393e-02 2.178121730685234070e-02 2.506339550018310547e-02 4.749647341668605804e-03 5.739394575357437134e-03 2.288222545757889748e-03 1.379602495580911636e-02 1.096633542329072952e-02 2.131963847205042839e-03 5.282820761203765869e-02 8.592748083174228668e-03 2.349958755075931549e-03 3.263346105813980103e-02 2.301038987934589386e-02 2.267801202833652496e-02 8.735647425055503845e-03 7.099708076566457748e-03 3.762595355510711670e-02 2.499957196414470673e-02 6.101614795625209808e-03 5.050561204552650452e-02 1.157642528414726257e-02 9.207472205162048340e-03 3.230177983641624451e-02 1.498572342097759247e-02 2.458984591066837311e-02 2.007639780640602112e-02 7.320340257138013840e-03 6.778315175324678421e-03 7.821576669812202454e-03 2.923090010881423950e-02 2.106598578393459320e-02 3.884018864482641220e-03 4.131703451275825500e-02 3.375990688800811768e-02 4.445094987750053406e-02 4.954156652092933655e-02 3.498474135994911194e-03 1.052142307162284851e-02 2.471593953669071198e-02 2.336403541266918182e-02 6.936011835932731628e-03 3.144627809524536133e-02 9.629900567233562469e-03 6.791219930164515972e-04 2.735701203346252441e-02 3.187477216124534607e-02 8.768799714744091034e-03 5.057748779654502869e-02 4.335245583206415176e-03 1.572515442967414856e-02 2.305056713521480560e-02 3.138043917715549469e-03 1.490498427301645279e-02 7.099932525306940079e-03 3.008364886045455933e-02 5.515203811228275299e-03 1.500068232417106628e-02 4.842405393719673157e-02 3.507259860634803772e-02 3.620046749711036682e-02 3.210848942399024963e-02 5.176701769232749939e-02 3.101811744272708893e-02 4.817690700292587280e-03 5.779476370662450790e-03 1.019096351228654385e-03
9.783467277884483337e-03 2.512323297560214996e-02 4.854965806007385254e-01 1.804721914231777191e-02 3.649131581187248230e-02 2.953334338963031769e-02 1.746402680873870850e-02 3.667719289660453796e-02 2.613750845193862915e-02 3.416148200631141663e-02 3.502320870757102966e-02 1.447384245693683624e-02 3.411608561873435974e-02 2.555871568620204926e-02 4.934800416231155396e-02 2.956383675336837769e-02 2.315540984272956848e-02 1.059781666845083237e-02 1.573942415416240692e-02 2.630994888022542000e-03 9.921049699187278748e-03 3.028495609760284424e-02 3.791490569710731506e-02 3.763967379927635193e-02 2.567587979137897491e-02 3.544458746910095215e-02 3.408607840538024902e-02 2.599310316145420074e-02 2.853358164429664612e-02 3.567735850811004639e-02 4.235955700278282166e-02 1.547022070735692978e-02 6.006252765655517578e-02 2.698791027069091797e-02 1.406197622418403625e-02 2.062268182635307312e-02 7.397307548671960831e-03 3.749107010662555695e-03 5.195733625441789627e-03 8.260169066488742828e-03 2.583246305584907532e-02 1.076491549611091614e-02 2.355692908167839050e-02 1.409087446518242359e-03 1.969451643526554108e-02 1.968170516192913055e-02 2.160507068037986755e-02 4.757524281740188599e-02 1.183076389133930206e-02 3.856770321726799011e-02 7.098399568349123001e-03 1.562732830643653870e-02 3.402981534600257874e-02 2.469804137945175171e-02 1.055937632918357849e-02 4.202250391244888306e-02 1.916758017614483833e-03 3.452990204095840454e-02 1.808955706655979156e-02 3.821733593940734863e-02 3.785992413759231567e-02 2.507049962878227234e-02 3.572227200493216515e-03 3.098919987678527832e-02 1.845555938780307770e-02 8.306409232318401337e-03 6.234606727957725525e-03 9.072331711649894714e-03 3.224804252386093140e-02 3.819423436652868986e-04 3.660484403371810913e-02 9.058462455868721008e-03 4.753776639699935913e-02 2.262029424309730530e-02 1.486420747824013233e-03 2.669687196612358093e-02 3.208344057202339172e-02 2.843058854341506958e-02 1.444357633590698242e-02 1.409409474581480026e-02 8.504926413297653198e-02 8.554381132125854492e-02 4.083129111677408218e-03 2.242649160325527191e-02 2.325206436216831207e-02 1.365453284233808517e-02 2.564049698412418365e-02 3.689692122861742973e-03 1.308238506317138672e-02 9.193856269121170044e-03 6.488554645329713821e-03 3.950898721814155579e-02 2.016600035130977631e-02 1.461925916373729706e-02 4.396995529532432556e-02 9.934977628290653229e-03 3.206336498260498047e-02 5.395495891571044922e-02 4.161338787525892258e-03 1.822693506255745888e-03 1.617462560534477234e-02 1.675222814083099365e-02 1.620587334036827087e-02 3.100260347127914429e-02 1.735813170671463013e-02 2.449139766395092010e-02 2.890620846301317215e-03 2.874665148556232452e-02 1.338015403598546982e-02 3.327807039022445679e-02 1.802656799554824829e-02 2.568380534648895264e-02 2.263159491121768951e-02 4.647206142544746399e-02 3.666909411549568176e-02 2.808498032391071320e-02
1.035549584776163101e-02 1.196863967925310135e-02 1.804721914231777191e-02 5.065073966979980469e-01 1.127578318119049072e-01 2.026304416358470917e-02 2.674484625458717346e-02 1.743935048580169678e-02 5.319712311029434204e-02 3.805843740701675415e-02 4.204582422971725464e-02 3.263266012072563171e-02 3.915955126285552979e-02 5.370049737393856049e-03 2.661396004259586334e-02 4.503904283046722412e-02 1.681780070066452026e-02 2.595740929245948792e-02 8.285464718937873840e-03 4.909723252058029175e-02 1.376408524811267853e-02 2.434044703841209412e-02 2.863036841154098511e-02 4.182126745581626892e-02 1.056755054742097855e-02 5.883641541004180908e-03 1.585115492343902588e-02 5.444309487938880920e-02 5.185494199395179749e-02 4.927995428442955017e-02 1.244118250906467438e-02 3.621506690979003906e-02 2.163765719160437584e-03 5.677005276083946228e-02 3.320560976862907410e-02 2.988084685057401657e-03 2.634764648973941803e-02 1.660260744392871857e-02 5.191406980156898499e-02 4.514487460255622864e-02 4.935891553759574890e-02 8.557228138670325279e-04 1.666511222720146179e-02 2.254769904538989067e-03 2.410344034433364868e-02 5.088006611913442612e-03 3.587800264358520508e-02 5.038610473275184631e-02 1.332766748964786530e-02 2.103121764957904816e-02 4.420692473649978638e-02 5.590260401368141174e-02 8.683359250426292419e-03 1.229343470185995102e-03 1.120100147090852261e-03 1.416714396327733994e-02 4.989930987358093262e-02 7.627096027135848999e-02 3.196240589022636414e-02 1.696741208434104919e-02 3.715699166059494019e-02 1.708542183041572571e-02 1.362065132707357407e-02 5.391028895974159241e-02 2.472359128296375275e-02 6.125537678599357605e-03 5.485126376152038574e-02 2.420052513480186462e-02 2.397045493125915527e-03 7.042732834815979004e-02 3.910941537469625473e-03 2.331230416893959045e-02 4.649522155523300171e-02 3.400686383247375488e-02 5.063451454043388367e-02 3.314305469393730164e-02 1.441398635506629944e-02 6.298820674419403076e-02 4.510663822293281555e-02 6.485151592642068863e-03 3.304084762930870056e-02 6.870323792099952698e-03 3.865782916545867920e-02 2.926049288362264633e-03 1.145147718489170074e-02 3.713909536600112915e-02 3.276301175355911255e-02 1.861098036170005798e-02 6.399155408143997192e-02 1.049550063908100128e-02 4.227168858051300049e-02 2.064255997538566589e-02 1.238509360700845718e-02 1.721019856631755829e-02 2.246622182428836823e-02 2.729301340878009796e-02 6.513834744691848755e-02 1.004034839570522308e-02 2.466206438839435577e-02 3.265554830431938171e-02 4.045020788908004761e-02 5.259077250957489014e-02 2.099210023880004883e-02 2.523882128298282623e-02 2.664743363857269287e-02 1.680101081728935242e-02 2.135288715362548828e-02 2.570973709225654602e-03 1.118723303079605103e-02 3.855132311582565308e-02 1.219072379171848297e-02 2.824363857507705688e-02 7.784290239214897156e-03 5.390469916164875031e-03 5.111366510391235352e-02 1.250613015145063400e-02
1.178861316293478012e-02 2.457518130540847778e-02 3.649131581187248230e-02 1.127578318119049072e-01 4.915948212146759033e-01 4.454654455184936523e-02 1.972018554806709290e-02 3.697578236460685730e-02 4.035363346338272095e-02 5.041278526186943054e-02 1.589125208556652069e-02 1.623326726257801056e-02 4.840663447976112366e-02 7.919344119727611542e-03 1.030804961919784546e-02 1.663944125175476074e-02 1.154986675828695297e-02 1.846287772059440613e-02 2.304144948720932007e-02 4.164486378431320190e-02 3.522917255759239197e-02 2.166829258203506470e-02 1.409886404871940613e-02 2.364338608458638191e-03 3.436914831399917603e-02 5.086726695299148560e-02 1.852128468453884125e-02 3.707040473818778992e-02 2.367682568728923798e-02 6.448023766279220581e-02 4.898447170853614807e-02 3.487042337656021118e-02 3.916738927364349365e-02 1.199911907315254211e-02 1.313878502696752548e-02 1.311029028147459030e-02 9.545280598104000092e-03 6.605099886655807495e-02 9.879506379365921021e-02 8.509758859872817993e-02 2.485553175210952759e-02 1.240288093686103821e-02 6.960830185562372208e-03 1.851922646164894104e-02 4.237532243132591248e-02 2.518121525645256042e-02 2.717759460210800171e-03 5.876474897377192974e-04 2.799711190164089203e-02 2.399077080190181732e-02 1.501796394586563110e-02 2.405568212270736694e-02 1.876273751258850098e-02 1.867326907813549042e-03 6.631393451243638992e-03 4.189648479223251343e-02 2.362975291907787323e-02 7.662926334887742996e-03 3.067063353955745697e-02 4.980259388685226440e-02 6.330753117799758911e-02 2.393354848027229309e-02 4.464660584926605225e-02 2.241266891360282898e-02 6.455786991864442825e-03 4.183603078126907349e-02 3.146038204431533813e-02 4.072664678096771240e-02 8.432896807789802551e-03 4.335406050086021423e-02 5.542107392102479935e-03 3.053961880505084991e-02 4.525435343384742737e-02 1.540823280811309814e-02 5.667157843708992004e-02 1.842306368052959442e-02 3.689588047564029694e-03 5.250624939799308777e-02 3.336903452873229980e-02 4.541576653718948364e-02 6.172329885885119438e-04 3.378560021519660950e-02 4.248736426234245300e-02 1.309687457978725433e-02 4.267839714884757996e-02 3.098977915942668915e-02 1.579715684056282043e-02 4.535733535885810852e-02 1.548916846513748169e-02 3.762320429086685181e-02 6.735916249454021454e-03 1.524328999221324921e-02 2.631400711834430695e-02 4.542768746614456177e-02 2.036266028881072998e-02 1.915280893445014954e-02 8.068075776100158691e-02 4.108117893338203430e-02 2.946240827441215515e-02 1.723197102546691895e-02 4.041571170091629028e-02 2.498897165060043335e-02 1.209678314626216888e-02 4.249297827482223511e-02 3.929701447486877441e-02 1.581257209181785583e-02 2.879278361797332764e-02 6.867705844342708588e-03 1.431733742356300354e-02 2.769699133932590485e-02 1.333517767488956451e-02 7.792064454406499863e-03 2.039344981312751770e-02 2.119896188378334045e-02 1.637174631468951702e-03 5.959569010883569717e-03
2.451233007013797760e-02 3.331188857555389404e-02 2.953334338963031769e-02 2.026304416358470917e-02 4.454654455184936523e-02 5.146221518516540527e-01 1.018515452742576599e-01 1.688385568559169769e-02 2.987226098775863647e-02 3.122068755328655243e-02 1.100840345025062561e-01 7.992277294397354126e-02 8.194024860858917236e-02 9.181726723909378052e-02 3.199270367622375488e-02 4.793721064925193787e-02 2.814081311225891113e-02 3.778773918747901917e-02 2.828208170831203461e-02 3.003214113414287567e-02 4.659613114199601114e-05 1.128964405506849289e-02 5.199173837900161743e-02 2.252626046538352966e-02 2.543546445667743683e-02 4.164909571409225464e-02 9.201162494719028473e-03 2.202139422297477722e-02 3.807480260729789734e-02 1.216518599539995193e-02 8.996546268463134766e-02 3.363303095102310181e-02 6.574318744242191315e-03 1.556373946368694305e-02 1.520403311587870121e-03 8.376764017157256603e-04 7.663584314286708832e-03 1.379513554275035858e-02 1.001989096403121948e-02 1.456399168819189072e-02 9.157392196357250214e-03 8.839095942676067352e-03 3.034928441047668457e-02 7.890378125011920929e-03 3.062209114432334900e-03 2.506501972675323486e-02 1.363716572523117065e-01 9.151583164930343628e-02 2.483377046883106232e-02 2.486055716872215271e-02 5.624974612146615982e-03 5.726767331361770630e-02 2.967557497322559357e-02 2.663642540574073792e-02 1.365028228610754013e-02 3.303539752960205078e-02 9.063783101737499237e-03 3.106717020273208618e-03 8.775919675827026367e-03 1.070301700383424759e-02 4.732700809836387634e-02 1.996278762817382812e-02 1.443343330174684525e-02 1.279844064265489578e-02 1.641673408448696136e-02 5.644330382347106934e-02 1.275766268372535706e-02 1.138617377728223801e-02 5.412351712584495544e-02 4.029680415987968445e-02 4.921411350369453430e-02 3.613377362489700317e-02 1.206079125404357910e-02 4.431996122002601624e-02 4.504390060901641846e-02 2.183432318270206451e-02 5.353633686900138855e-02 4.552411288022994995e-02 1.607341505587100983e-02 5.442569963634014130e-03 1.443094294518232346e-02 6.257601547986268997e-03 3.942804411053657532e-02 5.804636166431009769e-04 3.788767009973526001e-02 4.553085193037986755e-02 8.258862420916557312e-03 5.172957107424736023e-02 2.235798351466655731e-02 4.208844620734453201e-03 8.607763051986694336e-02 1.511397678405046463e-02 8.068544417619705200e-02 3.612103173509240150e-03 2.390785701572895050e-02 1.576385088264942169e-02 3.411570191383361816e-02 3.349310532212257385e-02 5.305846221745014191e-03 2.766740135848522186e-02 3.173947334289550781e-02 2.009029313921928406e-02 4.355455935001373291e-02 1.252996362745761871e-02 4.179205000400543213e-02 4.879347607493400574e-02 3.242924809455871582e-02 8.938058279454708099e-03 3.488643839955329895e-02 3.393461555242538452e-02 5.254915729165077209e-02 1.099986693589016795e-04 4.362073168158531189e-02 1.400689966976642609e-02 8.309402503073215485e-03 3.683116286993026733e-02
4.636713117361068726e-02 3.294926509261131287e-02 1.746402680873870850e-02 2.674484625458717346e-02 1.972018554806709290e-02 1.018515452742576599e-01 5.123507976531982422e-01 1.853689551353454590e-02 1.451940741389989853e-02 7.861877791583538055e-03 5.973168462514877319e-02 5.098921805620193481e-02 2.879989147186279297e-02 2.756936661899089813e-02 2.445631194859743118e-03 1.357101555913686752e-02 4.186905920505523682e-02 3.590482845902442932e-02 2.341734804213047028e-02 3.921499848365783691e-02 4.925957415252923965e-03 3.143993765115737915e-02 2.895497716963291168e-02 3.480190178379416466e-03 1.817748881876468658e-02 4.863995686173439026e-02 7.672406267374753952e-03 5.351850390434265137e-02 1.614056527614593506e-02 3.218942508101463318e-02 6.088281422853469849e-02 1.157763227820396423e-02 1.966507919132709503e-02 4.206239245831966400e-03 4.235581308603286743e-02 2.256063930690288544e-02 1.336553320288658142e-02 2.911008708178997040e-02 4.012948647141456604e-02 4.188315197825431824e-02 1.483104284852743149e-02 1.230850629508495331e-02 2.424726448953151703e-02 2.549936808645725250e-02 1.384112797677516937e-02 5.411258712410926819e-02 8.198041468858718872e-02 7.085438072681427002e-02 3.132770955562591553e-02 2.317027747631072998e-02 4.998312145471572876e-02 2.988946065306663513e-02 2.622146718204021454e-02 1.261385343968868256e-02 1.693048514425754547e-02 1.087605673819780350e-02 5.799562856554985046e-02 4.630564898252487183e-02 6.197159737348556519e-02 4.355436563491821289e-02 1.627003960311412811e-02 2.024311944842338562e-02 1.910227537155151367e-02 3.640152886509895325e-02 4.929806664586067200e-02 1.197329070419073105e-02 1.258582249283790588e-02 2.663963660597801208e-02 1.358329504728317261e-02 1.806794852018356323e-02 2.156123518943786621e-02 3.407373558729887009e-03 1.046543754637241364e-02 3.835143893957138062e-02 2.343150973320007324e-02 2.965019829571247101e-02 2.093376778066158295e-02 3.788271546363830566e-02 2.904928848147392273e-02 3.156505152583122253e-02 1.050301454961299896e-02 1.069834642112255096e-02 4.224885255098342896e-02 4.274486098438501358e-03 4.622036963701248169e-02 4.980868846178054810e-02 1.492163166403770447e-02 6.924998480826616287e-03 5.552447214722633362e-02 1.758373901247978210e-02 4.281798750162124634e-02 4.410415887832641602e-02 2.866202965378761292e-02 4.316373914480209351e-02 4.314617812633514404e-02 1.802303269505500793e-02 1.545854751020669937e-02 2.937448956072330475e-02 5.992759484797716141e-03 2.624174952507019043e-02 5.541452392935752869e-02 2.359297685325145721e-02 2.995012141764163971e-02 2.777209877967834473e-02 4.203561227768659592e-03 4.626298614311963320e-04 4.187579080462455750e-02 1.383276283740997314e-02 6.262324005365371704e-02 5.934847984462976456e-03 6.951069459319114685e-03 4.720697179436683655e-02 3.234565630555152893e-02 2.949319034814834595e-02 4.052195325493812561e-02 1.821556314826011658e-02
2.342712506651878357e-02 1.595188677310943604e-02 3.667719289660453796e-02 1.743935048580169678e-02 3.697578236460685730e-02 1.688385568559169769e-02 1.853689551353454590e-02 4.913543760776519775e-01 2.377722598612308502e-02 1.479697693139314651e-02 4.776332154870033264e-02 4.597219452261924744e-02 3.181636705994606018e-02 2.483584918081760406e-02 1.056952103972434998e-01 1.282116118818521500e-02 2.541060000658035278e-02 2.119970321655273438e-02 5.946699529886245728e-03 2.008326351642608643e-02 1.764697395265102386e-02 2.407677657902240753e-02 7.048794068396091461e-03 7.081044372171163559e-03 2.526138210669159889e-03 3.737408667802810669e-02 2.320787124335765839e-02 2.482285723090171814e-02 1.909960247576236725e-02 3.367992490530014038e-02 3.648065775632858276e-02 2.183577744290232658e-03 1.900239288806915283e-02 1.818302844185382128e-04 2.966163493692874908e-02 1.348913554102182388e-02 1.659062318503856659e-02 1.314964424818754196e-02 1.939166337251663208e-02 2.090324461460113525e-02 8.340507745742797852e-03 1.752745173871517181e-02 6.262216484174132347e-04 9.270589798688888550e-03 3.991416096687316895e-02 2.398568578064441681e-02 1.619883999228477478e-02 1.011382043361663818e-02 4.323414340615272522e-02 5.324500612914562225e-03 2.579747524578124285e-04 3.643103688955307007e-02 3.225704887881875038e-03 1.892570406198501587e-02 4.545376636087894440e-03 1.267027482390403748e-02 2.527741529047489166e-02 2.591211162507534027e-02 3.636370226740837097e-02 2.716051880270242691e-03 5.566609557718038559e-03 1.366464275633916259e-04 1.371330767869949341e-02 2.864037081599235535e-02 4.621696472167968750e-02 1.396792009472846985e-02 3.392331302165985107e-02 3.125712508335709572e-03 5.465921480208635330e-03 1.691095344722270966e-02 1.886279508471488953e-02 1.041822601109743118e-02 6.498611066490411758e-03 2.247033827006816864e-02 1.423750817775726318e-02 1.189076434820890427e-02 2.292750962078571320e-02 6.231931503862142563e-03 4.281564429402351379e-02 2.952755987644195557e-02 1.039348021149635315e-01 2.931270562112331390e-02 1.688293367624282837e-02 2.945387549698352814e-02 5.118924751877784729e-02 2.526952140033245087e-02 9.003245085477828979e-02 8.051849901676177979e-02 3.636596351861953735e-02 1.428237371146678925e-02 5.560436286032199860e-03 2.286448329687118530e-02 2.087000990286469460e-03 4.290489852428436279e-02 7.595168426632881165e-03 3.751344978809356689e-02 1.106313243508338928e-02 4.339955747127532959e-02 2.741448814049363136e-03 6.065015681087970734e-03 1.345299463719129562e-02 1.531059853732585907e-03 3.923697024583816528e-02 9.277898818254470825e-03 5.481595918536186218e-02 3.206560760736465454e-02 1.001506298780441284e-02 3.025949001312255859e-03 5.950322374701499939e-02 3.491848334670066833e-02 3.323742887005209923e-03 3.886895254254341125e-02 4.815868288278579712e-02 3.770481422543525696e-02 9.900198318064212799e-03 1.741535961627960205e-02
4.901537299156188965e-02 4.290113598108291626e-02 2.613750845193862915e-02 5.319712311029434204e-02 4.035363346338272095e-02 2.987226098775863647e-02 1.451940741389989853e-02 2.377722598612308502e-02 5.069528222084045410e-01 8.398810029029846191e-02 1.570080593228340149e-02 8.682936313562095165e-04 3.279760852456092834e-02 1.286188047379255295e-02 6.708553992211818695e-03 9.914812631905078888e-03 2.573019883129745722e-04 5.914807692170143127e-02 9.511172771453857422e-03 4.587489366531372070e-02 4.748050868511199951e-02 1.608023792505264282e-02 4.732070863246917725e-02 4.746585711836814880e-02 2.065107598900794983e-02 1.549387630075216293e-02 5.582536011934280396e-02 2.271868661046028137e-02 1.385956536978483200e-02 1.933605410158634186e-02 1.702140201814472675e-03 2.459701709449291229e-02 4.882483556866645813e-02 2.667111903429031372e-02 2.429477125406265259e-02 1.922462880611419678e-02 4.727484285831451416e-02 3.707823529839515686e-02 4.067837446928024292e-02 1.979408971965312958e-02 1.155501790344715118e-02 2.824932336807250977e-03 3.893241658806800842e-02 6.600096356123685837e-03 8.063108474016189575e-02 1.261504366993904114e-02 1.310817431658506393e-03 1.824146881699562073e-02 1.698371209204196930e-02 3.364994376897811890e-02 1.204496901482343674e-02 2.954607270658016205e-02 2.863056957721710205e-02 5.146595463156700134e-02 1.821349188685417175e-02 1.355378050357103348e-02 4.087455943226814270e-02 2.303792722523212433e-02 1.967532373964786530e-02 2.898789197206497192e-02 1.181691419333219528e-02 2.524070627987384796e-02 5.352975800633430481e-03 8.877336978912353516e-03 6.948738824576139450e-03 9.375388734042644501e-03 1.491610333323478699e-02 5.696895066648721695e-03 2.010703459382057190e-02 3.990259487181901932e-03 3.704102709889411926e-02 5.394529923796653748e-02 5.668777972459793091e-02 3.255644440650939941e-02 4.106247425079345703e-02 4.328398779034614563e-02 8.380598574876785278e-02 5.552439764142036438e-02 1.461919397115707397e-01 1.040694117546081543e-02 2.083382569253444672e-02 2.091890387237071991e-02 5.797848105430603027e-02 4.972691088914871216e-02 5.856571253389120102e-03 3.839806467294692993e-02 1.541275624185800552e-02 6.792666972614824772e-04 1.787117868661880493e-02 2.879393473267555237e-02 3.538502007722854614e-02 3.361963108181953430e-02 1.472557522356510162e-02 3.713805973529815674e-02 5.242711678147315979e-02 8.975548669695854187e-03 4.935126751661300659e-02 2.853980660438537598e-02 5.135538801550865173e-02 8.898178115487098694e-03 1.396231818944215775e-02 5.046942271292209625e-03 2.685183100402355194e-02 1.090617291629314423e-02 4.450105875730514526e-02 3.765276446938514709e-02 3.431747108697891235e-02 2.288132533431053162e-02 1.019116956740617752e-02 5.207238718867301941e-02 4.848643764853477478e-02 3.935294225811958313e-02 4.990920051932334900e-02 1.489054411649703979e-02 8.918921463191509247e-03 3.730620816349983215e-02
1.647388562560081482e-02 2.001919783651828766e-02 3.416148200631141663e-02 3.805843740701675415e-02 5.041278526186943054e-02 3.122068755328655243e-02 7.861877791583538055e-03 1.479697693139314651e-02 8.398810029029846191e-02 5.045536756515502930e-01 3.772906213998794556e-02 4.835027456283569336e-02 4.444680362939834595e-02 4.320151358842849731e-02 2.699910197407007217e-03 3.515205346047878265e-03 1.208570599555969238e-02 3.612391650676727295e-02 9.119110181927680969e-03 3.744605556130409241e-02 2.623280696570873260e-02 1.040339842438697815e-02 2.833941578865051270e-02 4.633719101548194885e-02 9.627512656152248383e-03 2.478448301553726196e-02 7.802218198776245117e-02 3.224837407469749451e-02 4.476489126682281494e-02 3.830853477120399475e-02 2.565462701022624969e-02 3.839648142457008362e-02 1.595751196146011353e-02 4.640168324112892151e-02 1.986946165561676025e-02 2.869356051087379456e-02 3.980607166886329651e-02 1.014599855989217758e-02 7.095736265182495117e-02 8.418536186218261719e-02 2.835265547037124634e-02 2.659699134528636932e-02 1.066222786903381348e-02 2.992548979818820953e-02 4.912733100354671478e-03 3.473395854234695435e-02 4.405019432306289673e-02 4.406274855136871338e-02 1.111163198947906494e-02 7.040292769670486450e-02 9.428665973246097565e-03 2.399816922843456268e-02 4.874562099575996399e-02 2.341548912227153778e-02 7.886934909038245678e-04 3.501939028501510620e-02 4.776016622781753540e-02 2.375935204327106476e-02 2.074863202869892120e-02 4.073998332023620605e-02 7.653863169252872467e-03 2.754486538469791412e-02 3.607259690761566162e-02 4.447693005204200745e-02 8.278919383883476257e-03 7.435085251927375793e-03 4.193395003676414490e-02 3.597722947597503662e-02 5.385383218526840210e-02 6.667383015155792236e-02 2.596228942275047302e-02 2.993089333176612854e-02 7.729362696409225464e-03 3.217047452926635742e-02 4.231133963912725449e-03 6.506470497697591782e-03 3.480476140975952148e-02 9.450262039899826050e-02 5.892269685864448547e-02 1.352580934762954712e-01 4.739706590771675110e-02 4.668999090790748596e-02 4.313880926929414272e-04 4.952283576130867004e-02 1.787920854985713959e-02 2.961418591439723969e-02 3.716185688972473145e-02 1.031996402889490128e-02 2.335970848798751831e-02 6.292106956243515015e-02 2.563173510134220123e-02 4.837745055556297302e-02 7.132630795240402222e-03 3.077451325953006744e-02 5.753544159233570099e-03 1.030533947050571442e-02 1.757517457008361816e-02 4.445942863821983337e-02 1.137671759352087975e-03 5.802511237561702728e-03 1.258258614689111710e-02 1.505858823657035828e-02 2.560315467417240143e-02 3.733085468411445618e-02 3.635824099183082581e-02 1.095032226294279099e-02 6.085903383791446686e-03 5.318728089332580566e-02 4.026556387543678284e-02 5.312906950712203979e-02 3.789598122239112854e-02 2.918791957199573517e-02 1.806574687361717224e-02 3.445387259125709534e-02 1.155848987400531769e-02 5.521620437502861023e-02
1.136727407574653625e-01 1.169515773653984070e-01 3.502320870757102966e-02 4.204582422971725464e-02 1.589125208556652069e-02 1.100840345025062561e-01 5.973168462514877319e-02 4.776332154870033264e-02 1.570080593228340149e-02 3.772906213998794556e-02 5.190740227699279785e-01 4.068315774202346802e-02 1.688516736030578613e-01 4.956113174557685852e-02 4.128578305244445801e-02 2.766908332705497742e-02 5.134687200188636780e-02 3.324763104319572449e-02 2.150629414245486259e-03 5.738698411732912064e-03 4.372791945934295654e-02 5.204791575670242310e-02 7.966402918100357056e-03 5.081172287464141846e-02 4.121679812669754028e-02 2.684029191732406616e-02 4.104597121477127075e-02 4.099894315004348755e-03 5.768737196922302246e-02 3.344112075865268707e-03 6.557118147611618042e-02 5.480773746967315674e-03 2.994154766201972961e-02 2.838883921504020691e-02 2.236727252602577209e-02 5.548951029777526855e-02 3.496879711747169495e-02 1.656736806035041809e-02 4.101756587624549866e-02 2.809241414070129395e-02 4.773016646504402161e-02 3.189441561698913574e-02 3.588363528251647949e-02 4.962424747645854950e-03 4.412426427006721497e-02 4.390088841319084167e-02 1.115039810538291931e-01 5.859946459531784058e-02 1.697582309134304523e-03 3.074183501303195953e-02 4.878285340964794159e-03 5.685053393244743347e-02 2.887858450412750244e-02 3.823519498109817505e-02 4.449769854545593262e-02 3.283434733748435974e-02 3.773845499381422997e-03 2.104879589751362801e-03 1.908071339130401611e-02 2.520617097616195679e-02 3.243987634778022766e-02 2.438000030815601349e-02 3.015980869531631470e-02 2.507347054779529572e-02 8.806916326284408569e-02 8.353145420551300049e-02 5.236774682998657227e-03 4.144617170095443726e-02 3.868063166737556458e-02 9.832682088017463684e-03 4.205876588821411133e-02 3.733454272150993347e-02 1.743257977068424225e-02 2.362864091992378235e-02 4.640359431505203247e-02 1.267080660909414291e-02 4.672056064009666443e-02 2.863392047584056854e-02 1.921424083411693573e-02 1.838687621057033539e-02 3.125876560807228088e-02 2.842042222619056702e-02 8.962776511907577515e-03 1.651440002024173737e-02 3.268757089972496033e-02 2.399163320660591125e-02 2.480678725987672806e-03 7.099349051713943481e-03 1.639578491449356079e-02 6.106590852141380310e-03 7.552442699670791626e-02 6.701087206602096558e-02 6.015418097376823425e-02 1.729861833155155182e-02 5.307636223733425140e-03 1.515375799499452114e-03 2.663813717663288116e-02 1.578285358846187592e-02 5.653242766857147217e-02 1.288673188537359238e-02 1.160568557679653168e-02 1.341980509459972382e-02 2.837451174855232239e-02 4.950654879212379456e-02 2.629021368920803070e-02 1.541780680418014526e-02 4.686254542320966721e-03 1.889086887240409851e-02 2.633792534470558167e-02 3.392216563224792480e-02 1.204661675728857517e-03 1.965466514229774475e-02 3.063886053860187531e-02 1.199937704950571060e-02 1.674346625804901123e-02 3.422739356756210327e-02
3.781556338071823120e-02 3.609791770577430725e-02 1.447384245693683624e-02 3.263266012072563171e-02 1.623326726257801056e-02 7.992277294397354126e-02 5.098921805620193481e-02 4.597219452261924744e-02 8.682936313562095165e-04 4.835027456283569336e-02 4.068315774202346802e-02 5.107017159461975098e-01 2.385575883090496063e-02 1.800756156444549561e-01 1.624846272170543671e-02 3.465176373720169067e-02 3.629670664668083191e-02 2.565117925405502319e-02 2.432838641107082367e-02 2.750432491302490234e-02 1.483326964080333710e-02 1.570727862417697906e-02 1.857441663742065430e-02 2.291600964963436127e-02 2.559708245098590851e-02 5.063968896865844727e-02 4.590144008398056030e-02 7.977819442749023438e-02 1.421513967216014862e-02 7.629298418760299683e-02 4.086048528552055359e-02 1.166191138327121735e-02 4.367995634675025940e-02 1.873391494154930115e-02 5.601986311376094818e-03 2.211286872625350952e-02 4.193051159381866455e-02 2.612679079174995422e-02 4.970401525497436523e-03 2.549573406577110291e-02 3.521017730236053467e-02 1.994141936302185059e-02 3.950111102312803268e-03 4.538783058524131775e-02 5.279320105910301208e-02 2.703282609581947327e-02 3.525585681200027466e-02 2.133340761065483093e-02 5.757814273238182068e-02 1.355556864291429520e-02 1.461419556289911270e-02 2.170670405030250549e-02 1.108098775148391724e-02 2.666301466524600983e-02 3.808886185288429260e-02 4.208517819643020630e-02 9.575417265295982361e-03 3.456380963325500488e-02 4.704759269952774048e-02 1.456291042268276215e-02 3.805465623736381531e-02 4.342340305447578430e-02 4.671478271484375000e-02 1.582077518105506897e-02 6.146992556750774384e-03 2.096424251794815063e-02 1.276653166860342026e-02 9.725858457386493683e-03 2.647579647600650787e-02 1.102880667895078659e-02 3.555037826299667358e-02 1.237775478512048721e-02 1.248437352478504181e-02 2.574509568512439728e-02 2.614110708236694336e-02 8.834402076900005341e-03 4.608636349439620972e-02 3.822595998644828796e-02 7.341551594436168671e-03 1.280508842319250107e-02 4.718126356601715088e-02 2.174238301813602448e-02 3.079237230122089386e-02 4.411407187581062317e-02 1.331865228712558746e-02 1.678156084381043911e-03 4.464643076062202454e-02 5.720053333789110184e-03 8.020605891942977905e-02 9.730372577905654907e-02 1.341870333999395370e-02 4.196492582559585571e-02 4.728019237518310547e-02 5.478664115071296692e-02 2.068123407661914825e-02 5.477044731378555298e-02 1.861884072422981262e-02 9.045244194567203522e-03 4.330994561314582825e-02 4.792549461126327515e-02 2.103610895574092865e-02 3.181520104408264160e-02 2.513272315263748169e-02 1.094901748001575470e-02 2.976427972316741943e-02 2.924681641161441803e-02 2.240413799881935120e-02 3.946886584162712097e-02 3.027662821114063263e-02 4.185932129621505737e-02 6.656070798635482788e-02 8.015594631433486938e-02 1.259558368474245071e-02 8.666044101119041443e-03 1.710127666592597961e-02 1.544981612823903561e-03
7.505656778812408447e-02 1.030848622322082520e-01 3.411608561873435974e-02 3.915955126285552979e-02 4.840663447976112366e-02 8.194024860858917236e-02 2.879989147186279297e-02 3.181636705994606018e-02 3.279760852456092834e-02 4.444680362939834595e-02 1.688516736030578613e-01 2.385575883090496063e-02 5.130584836006164551e-01 2.119426382705569267e-03 7.746402919292449951e-02 2.999678999185562134e-02 4.914631694555282593e-02 5.877787247300148010e-03 5.097540095448493958e-03 2.548868954181671143e-02 3.459714353084564209e-02 9.079938381910324097e-02 4.234484210610389709e-02 6.643853150308132172e-03 2.213463187217712402e-02 3.535548597574234009e-02 9.760992601513862610e-03 1.298843976110219955e-02 5.024091154336929321e-02 2.634122595191001892e-02 7.576483488082885742e-02 3.128311410546302795e-02 9.991443715989589691e-03 1.121877878904342651e-02 1.149135176092386246e-02 5.863595753908157349e-02 5.861722677946090698e-02 3.021551109850406647e-02 3.645967692136764526e-02 3.197442367672920227e-02 4.374909028410911560e-02 5.161850899457931519e-02 3.581400960683822632e-02 2.302994020283222198e-02 9.027108317241072655e-04 1.169318147003650665e-02 7.030554860830307007e-02 4.966796934604644775e-02 4.372979328036308289e-02 5.227693915367126465e-02 1.098947692662477493e-02 5.636427924036979675e-02 3.725274279713630676e-02 3.061270527541637421e-02 3.871681168675422668e-02 3.716016933321952820e-02 1.922221481800079346e-02 2.005178853869438171e-02 1.779073663055896759e-02 4.270992800593376160e-02 1.934962905943393707e-02 8.932952769100666046e-03 1.148910145275294781e-03 8.886704221367835999e-03 4.246766865253448486e-02 9.231821447610855103e-02 1.053538545966148376e-02 3.786200657486915588e-02 2.391725592315196991e-02 1.607814244925975800e-02 2.018025517463684082e-02 5.001740995794534683e-03 5.432957317680120468e-03 4.920350015163421631e-02 2.709654159843921661e-02 8.856929838657379150e-03 2.768277749419212341e-02 1.681622676551342010e-02 1.581662893295288086e-02 4.150792490690946579e-03 4.248714447021484375e-02 1.106354966759681702e-02 3.191895037889480591e-02 4.167863726615905762e-02 2.343741618096828461e-02 1.621918752789497375e-02 1.440306100994348526e-02 4.322965070605278015e-02 4.850392288062721491e-04 1.004339475184679031e-02 5.722828954458236694e-02 2.517455071210861206e-02 5.545236542820930481e-02 6.434332579374313354e-02 1.876026764512062073e-02 4.747942835092544556e-02 5.360677838325500488e-02 1.833378709852695465e-02 1.023668795824050903e-02 3.316613286733627319e-02 1.413959427736699581e-03 4.091256484389305115e-02 1.636268338188529015e-03 2.890405803918838501e-02 3.555206209421157837e-02 1.523734629154205322e-02 7.867747917771339417e-03 3.969113528728485107e-02 2.810787595808506012e-02 2.630552742630243301e-03 2.863534539937973022e-02 1.138363964855670929e-02 4.704766348004341125e-02 2.439765632152557373e-02 4.476130008697509766e-02 3.028143383562564850e-02
