5.234621763229370117e-01 1.006684005260467529e-01 1.311941654421389103e-03 2.469994686543941498e-02 5.025680735707283020e-02 7.513330876827239990e-02 6.563737243413925171e-02 2.501648291945457458e-02 6.292203324846923351e-04 1.784030906856060028e-02 8.482611179351806641e-02 1.806486770510673523e-02 7.532189786434173584e-02 4.836432263255119324e-02 5.284902453422546387e-02 4.081945400685071945e-03 4.023267421871423721e-03 1.355164963752031326e-02 1.990874856710433960e-02 2.722637355327606201e-02 3.130489960312843323e-02 4.083263501524925232e-02 3.478050231933593750e-02 3.699612990021705627e-02 2.816787175834178925e-02 2.558568120002746582e-02 2.954244613647460938e-02 4.094243794679641724e-02 4.222902283072471619e-02 1.142945233732461929e-02 5.087151378393173218e-02 4.369178041815757751e-02 3.763291612267494202e-02 3.817136958241462708e-02 2.092516049742698669e-02 1.798974815756082535e-03 3.279562108218669891e-03 3.202679567039012909e-03 4.958508536219596863e-02 1.871377602219581604e-02 4.453613655641674995e-05 3.608753159642219543e-02 2.406558953225612640e-02 2.484020777046680450e-02 1.365752611309289932e-02 4.062805324792861938e-02 7.107840478420257568e-02 5.641711875796318054e-02 3.646287694573402405e-02 4.043372720479965210e-02 6.478643510490655899e-03 5.096634384244680405e-03 3.340187668800354004e-02 3.914779797196388245e-02 3.729470446705818176e-02 5.040132999420166016e-02 1.653540693223476410e-02 1.823887415230274200e-02 5.424685776233673096e-03 1.924807555042207241e-03 2.616645023226737976e-02 3.859418258070945740e-02 3.265631198883056641e-02 2.952557429671287537e-02 4.828321933746337891e-02 4.762412980198860168e-02 4.140647500753402710e-02 4.680423811078071594e-02 1.414647605270147324e-02 1.911432668566703796e-02 4.761123657226562500e-02 3.414675220847129822e-02 2.573987655341625214e-02 4.281450528651475906e-03 6.625585374422371387e-04 2.345092967152595520e-02 2.566254511475563049e-02 1.961925765499472618e-03 1.240132655948400497e-02 7.533069700002670288e-03 1.681407354772090912e-02 1.852563582360744476e-02 4.069789499044418335e-02 3.724758327007293701e-02 3.542529791593551636e-02 5.851549212820827961e-04 2.763938903808593750e-02 1.629485003650188446e-02 1.972490455955266953e-03 4.846283793449401855e-02 6.202108785510063171e-02 3.359249979257583618e-02 4.408486559987068176e-02 2.512178383767604828e-02 1.313005387783050537e-02 2.841720916330814362e-02 1.996701210737228394e-02 2.592051215469837189e-02 3.034316562116146088e-02 3.229981660842895508e-02 1.998370513319969177e-02 3.179227188229560852e-02 2.797809429466724396e-03 1.526717934757471085e-02 4.015455022454261780e-02 4.411406442523002625e-02 3.690317645668983459e-02 3.221854567527770996e-02 3.825417906045913696e-02 2.492825686931610107e-02 3.246218664571642876e-03 4.310559015721082687e-03 3.848151490092277527e-02 1.303887926042079926e-02 3.811873123049736023e-02 1.963878516107797623e-03
1.006684005260467529e-01 5.162355303764343262e-01 1.028668694198131561e-02 1.402187510393559933e-03 1.957038417458534241e-02 6.546152383089065552e-02 8.167171478271484375e-02 2.697595208883285522e-02 1.312485802918672562e-02 1.119366846978664398e-02 7.110337913036346436e-02 1.698807999491691589e-02 8.435464650392532349e-02 7.977426983416080475e-03 4.623129591345787048e-02 2.630443125963211060e-02 1.159685384482145309e-02 5.639130249619483948e-03 4.230760037899017334e-02 3.473404794931411743e-02 3.808253258466720581e-02 3.862083703279495239e-02 3.623470291495323181e-02 3.038263320922851562e-02 3.736908361315727234e-02 2.319921180605888367e-02 1.272282842546701431e-02 2.850003540515899658e-02 3.271760419011116028e-02 2.337720431387424469e-02 4.915299266576766968e-02 2.406698837876319885e-02 2.521706931293010712e-02 2.879029326140880585e-02 3.554202988743782043e-02 3.638734295964241028e-02 1.946781016886234283e-02 1.626822864636778831e-03 8.881770772859454155e-04 1.582719758152961731e-02 9.449916891753673553e-03 7.792830932885408401e-03 8.796659298241138458e-03 1.593816652894020081e-02 1.161958463490009308e-02 2.138040959835052490e-02 5.264578014612197876e-02 5.721102282404899597e-02 2.979089878499507904e-02 4.588824138045310974e-02 4.376140609383583069e-02 1.978997513651847839e-02 4.210085142403841019e-03 2.960564941167831421e-02 2.972877211868762970e-02 5.057803541421890259e-02 3.166672959923744202e-02 3.835693374276161194e-02 7.926030084490776062e-03 4.736728966236114502e-03 4.777197912335395813e-02 4.001098871231079102e-02 4.577783122658729553e-02 2.958155423402786255e-02 3.421624004840850830e-02 4.818825051188468933e-02 3.628893569111824036e-02 5.266610905528068542e-02 3.153360739815980196e-04 4.785284865647554398e-03 4.582577571272850037e-02 1.419622357934713364e-02 1.736511662602424622e-02 1.852200739085674286e-02 1.027300301939249039e-02 1.229953207075595856e-02 6.045470014214515686e-03 7.226601243019104004e-03 4.721039906144142151e-02 1.478948816657066345e-02 3.837373107671737671e-02 1.046762242913246155e-02 4.270809888839721680e-02 2.169855684041976929e-02 3.881813585758209229e-02 9.010907262563705444e-03 7.215802557766437531e-03 2.466756477952003479e-02 4.532713908702135086e-03 1.765839941799640656e-02 5.594592913985252380e-02 3.224160522222518921e-02 5.076933652162551880e-02 2.641239762306213379e-02 3.496888326480984688e-03 3.174407780170440674e-02 1.698591932654380798e-02 1.757266372442245483e-02 2.593837492167949677e-02 3.892081975936889648e-02 1.665525604039430618e-03 3.339171409606933594e-02 2.849360229447484016e-03 1.363934297114610672e-02 2.719932049512863159e-02 2.532925829291343689e-02 5.452414043247699738e-03 4.140456393361091614e-02 3.697720542550086975e-02 8.161588571965694427e-03 1.968425465747714043e-03 1.396382413804531097e-02 1.506255287677049637e-02 1.234437059611082077e-02 1.874656416475772858e-02 1.611865870654582977e-02
1.311941654421389103e-03 1.028668694198131561e-02 4.692112803459167480e-01 3.310878202319145203e-02 1.038749003782868385e-03 5.304793361574411392e-03 1.570569351315498352e-02 2.935324795544147491e-02 5.465926975011825562e-02 1.064837165176868439e-02 2.747727790847420692e-03 8.810024708509445190e-03 2.695772610604763031e-02 2.140479162335395813e-02 1.184740220196545124e-03 1.108334120362997055e-02 4.262782260775566101e-02 8.361713960766792297e-03 4.986878018826246262e-03 2.778932824730873108e-02 4.056502599269151688e-03 4.646866768598556519e-02 4.769926518201828003e-02 4.367493465542793274e-02 1.492164935916662216e-02 5.979153886437416077e-02 3.162328526377677917e-02 1.661753095686435699e-02 4.350275266915559769e-03 1.590352132916450500e-02 7.923341356217861176e-03 5.378820933401584625e-03 3.251030296087265015e-02 4.063863307237625122e-02 9.008195251226425171e-03 3.111826814711093903e-02 5.565122887492179871e-02 1.758663915097713470e-02 5.992063321173191071e-03 6.488309055566787720e-02 3.169618314132094383e-03 3.220656886696815491e-02 2.958949422463774681e-03 8.114371448755264282e-03 2.132865972816944122e-02 4.103052988648414612e-02 2.589230984449386597e-02 2.706506475806236267e-02 2.173109538853168488e-02 3.851977363228797913e-02 6.425896286964416504e-02 4.499996080994606018e-02 3.086878918111324310e-02 1.458797045052051544e-02 2.823068946599960327e-02 2.633211761713027954e-02 6.305660936050117016e-04 5.252236127853393555e-02 3.175522014498710632e-02 2.282242104411125183e-02 4.367090016603469849e-02 4.970338195562362671e-02 6.604933645576238632e-03 1.367566362023353577e-02 1.418239623308181763e-02 3.692220430821180344e-03 2.415112778544425964e-02 3.887918591499328613e-02 2.162112295627593994e-02 3.867329657077789307e-02 9.445198811590671539e-03 1.376214250922203064e-02 3.391844406723976135e-02 3.918431699275970459e-02 1.427936274558305740e-02 4.953779745846986771e-03 6.713587045669555664e-02 3.236639499664306641e-02 8.036705851554870605e-02 3.949835523962974548e-02 1.952749192714691162e-01 1.132486108690500259e-02 2.486042678356170654e-03 1.026834826916456223e-02 1.551333442330360413e-02 4.702366888523101807e-02 2.223307266831398010e-02 4.703262075781822205e-02 3.113148361444473267e-02 5.268347915261983871e-03 3.074108995497226715e-02 1.060332264751195908e-02 7.168527692556381226e-03 5.111828446388244629e-02 5.495978146791458130e-02 1.154927164316177368e-02 4.387752339243888855e-02 4.181178286671638489e-02 7.128419820219278336e-03 2.873541973531246185e-02 1.655185036361217499e-02 5.255319178104400635e-02 4.074728488922119141e-02 1.297698263078927994e-02 9.371614083647727966e-03 1.314210612326860428e-02 4.291423037648200989e-02 1.175755634903907776e-02 7.126770913600921631e-02 6.905789673328399658e-02 3.620778024196624756e-02 4.028911516070365906e-02 6.214548833668231964e-03 6.252510473132133484e-03 6.926428060978651047e-03 3.483140096068382263e-02
2.469994686543941498e-02 1.402187510393559933e-03 3.310878202319145203e-02 5.017662644386291504e-01 1.544203907251358032e-01 1.454871706664562225e-02 1.412834227085113525e-02 2.135332114994525909e-02 1.560002751648426056e-02 3.311149403452873230e-02 1.310317218303680420e-02 4.274491593241691589e-02 9.294401388615369797e-04 2.973230369389057159e-02 4.758710786700248718e-02 5.846096947789192200e-02 8.254373073577880859e-02 3.528619557619094849e-02 1.406111754477024078e-02 1.736006885766983032e-02 2.280906587839126587e-02 3.920665010809898376e-02 1.081799808889627457e-02 1.338757760822772980e-02 3.796964883804321289e-02 1.211202982813119888e-02 3.167497366666793823e-02 3.408380597829818726e-02 1.398743037134408951e-02 3.945961222052574158e-02 1.607007579877972603e-03 4.352679476141929626e-02 6.439419928938150406e-03 2.471945481374859810e-03 8.199588395655155182e-03 1.060177944600582123e-02 4.965363070368766785e-02 4.292522370815277100e-02 5.852676555514335632e-02 7.626032829284667969e-02 4.407997429370880127e-02 1.860122568905353546e-02 4.693552479147911072e-02 4.818544909358024597e-02 3.225027397274971008e-02 4.184776544570922852e-02 1.184213720262050629e-02 2.732023363932967186e-03 5.494819208979606628e-02 1.761456765234470367e-02 3.698617592453956604e-02 1.582404226064682007e-02 1.978481747210025787e-02 3.864778578281402588e-02 4.260997846722602844e-02 1.453079655766487122e-02 4.156005103141069412e-03 1.909239403903484344e-02 5.003123730421066284e-02 9.650639258325099945e-03 5.558276921510696411e-02 5.751202628016471863e-02 3.213746100664138794e-02 4.682941362261772156e-02 4.935524892061948776e-03 1.505057886242866516e-02 4.601918160915374756e-02 4.081308096647262573e-02 4.204294085502624512e-02 5.407313629984855652e-02 5.263860523700714111e-02 5.222195759415626526e-02 7.991024851799011230e-02 2.495173923671245575e-02 1.151024177670478821e-01 1.667331159114837646e-02 2.239305526018142700e-02 5.443407595157623291e-02 3.060532966628670692e-03 1.782067492604255676e-02 3.700619563460350037e-02 1.646160520613193512e-02 1.867108978331089020e-02 4.856578633189201355e-02 2.290134504437446594e-02 5.303731560707092285e-02 3.593718260526657104e-02 2.277146279811859131e-02 4.025407135486602783e-02 6.728938315063714981e-03 8.349498733878135681e-03 1.909308694303035736e-02 7.859891280531883240e-03 5.071274936199188232e-03 3.375286608934402466e-02 4.522030800580978394e-02 3.416729345917701721e-02 3.785760328173637390e-02 4.669426009058952332e-03 1.354978699237108231e-02 1.951689273118972778e-02 4.222199693322181702e-02 4.232643917202949524e-02 7.434491068124771118e-03 3.280927240848541260e-02 2.420740388333797455e-02 2.715964429080486298e-02 2.010238543152809143e-02 4.329764097929000854e-02 1.389751117676496506e-02 2.472449839115142822e-02 2.503246441483497620e-02 1.628520898520946503e-02 1.440795417875051498e-02 1.899860985577106476e-02 4.072492197155952454e-02
5.025680735707283020e-02 1.957038417458534241e-02 1.038749003782868385e-03 1.544203907251358032e-01 4.935615062713623047e-01 1.749936491250991821e-02 4.978427663445472717e-03 2.143863961100578308e-02 1.314543094485998154e-02 3.022680804133415222e-02 3.225031867623329163e-02 5.593662615865468979e-03 1.317598298192024231e-02 1.546858437359333038e-02 4.153768345713615417e-02 2.603535307571291924e-03 2.042383514344692230e-02 2.977735921740531921e-02 3.454290702939033508e-02 3.723345324397087097e-02 2.118052728474140167e-02 2.444695308804512024e-02 1.574179530143737793e-02 9.328532963991165161e-03 7.952184416353702545e-03 3.300046548247337341e-02 5.366122350096702576e-03 1.612020470201969147e-02 3.475049138069152832e-02 4.173445329070091248e-02 8.984762243926525116e-03 1.263300236314535141e-02 3.948174789547920227e-02 2.397202514111995697e-02 3.391163796186447144e-02 3.446699306368827820e-02 4.181001335382461548e-02 3.751561790704727173e-02 8.443913608789443970e-02 1.203304454684257507e-01 3.852938115596771240e-02 3.943049162626266479e-02 3.996194154024124146e-02 2.057739300653338432e-03 5.136030260473489761e-03 4.103216156363487244e-02 2.009594580158591270e-03 9.356161579489707947e-03 2.356880903244018555e-02 3.261486534029245377e-03 4.033843055367469788e-02 1.901822723448276520e-02 4.848212376236915588e-02 4.767720028758049011e-02 1.634791120886802673e-02 5.461393669247627258e-02 1.376168895512819290e-02 2.710856031626462936e-03 6.895114481449127197e-02 8.963582105934619904e-03 4.920446872711181641e-02 4.983048513531684875e-02 1.626182347536087036e-02 1.138547994196414948e-02 1.568111358210444450e-03 1.401707250624895096e-02 3.466818854212760925e-02 2.425197511911392212e-02 2.245385572314262390e-02 5.321020632982254028e-02 2.033539488911628723e-02 3.736009076237678528e-02 9.071692079305648804e-02 1.105509046465158463e-02 1.141978129744529724e-01 2.800267748534679413e-02 3.490253165364265442e-02 3.249743208289146423e-02 1.602541841566562653e-02 2.101131156086921692e-02 6.988862995058298111e-03 3.849557414650917053e-02 2.261457405984401703e-02 5.465692281723022461e-02 5.263729766011238098e-02 3.865724429488182068e-02 3.260070458054542542e-02 2.181659452617168427e-02 1.967761293053627014e-02 1.343064010143280029e-02 2.082416415214538574e-02 1.045163720846176147e-02 3.314661735203117132e-04 4.839565139263868332e-03 2.314096875488758087e-02 1.001440733671188354e-02 2.300109155476093292e-02 4.177903756499290466e-02 4.718381538987159729e-02 4.634252935647964478e-02 6.562209222465753555e-03 3.985064476728439331e-02 4.805773869156837463e-02 1.242451649159193039e-02 3.776076436042785645e-02 3.073082119226455688e-02 3.128038719296455383e-02 4.657812789082527161e-02 4.181184247136116028e-02 2.890600450336933136e-02 4.649695008993148804e-02 2.956984937191009521e-02 1.774070039391517639e-02 1.204430777579545975e-02 5.377336638048291206e-04 3.364703804254531860e-02
7.513330876827239990e-02 6.546152383089065552e-02 5.304793361574411392e-03 1.454871706664562225e-02 1.749936491250991821e-02 5.121547579765319824e-01 1.072907373309135437e-01 3.468953073024749756e-02 4.464818909764289856e-02 4.545547440648078918e-02 6.579922884702682495e-02 1.678606867790222168e-02 5.600888654589653015e-02 2.846804261207580566e-02 4.725686274468898773e-03 2.379912696778774261e-02 3.572289273142814636e-02 4.053790867328643799e-02 3.738708421587944031e-02 2.943477220833301544e-02 4.463757202029228210e-02 1.149931177496910095e-02 1.784979552030563354e-02 1.748626679182052612e-02 3.679689764976501465e-02 4.325554519891738892e-02 3.304993361234664917e-02 3.321632370352745056e-02 3.822467476129531860e-02 2.147390507161617279e-03 4.983361437916755676e-02 2.927024103701114655e-02 4.070906713604927063e-02 5.283249169588088989e-02 4.166987538337707520e-02 2.536147274076938629e-02 3.706571087241172791e-02 2.303018048405647278e-02 3.527211397886276245e-02 4.466700181365013123e-02 4.195769317448139191e-03 4.069755971431732178e-02 3.050550073385238647e-02 9.591013193130493164e-03 3.320887312293052673e-02 1.342615392059087753e-02 8.557710051536560059e-02 8.217246085405349731e-02 3.031363897025585175e-02 3.238893300294876099e-02 1.621602848172187805e-02 2.154880948364734650e-02 1.610662415623664856e-02 3.472292050719261169e-02 7.122769020497798920e-03 1.721353456377983093e-02 1.953929662704467773e-02 1.252918876707553864e-02 1.095184590667486191e-02 2.296197600662708282e-02 2.255209907889366150e-02 1.096634753048419952e-02 1.277706585824489594e-02 3.031302057206630707e-02 4.684569314122200012e-02 4.387810081243515015e-02 3.483074530959129333e-02 1.979457028210163116e-02 2.584724873304367065e-02 1.117278262972831726e-02 2.232932485640048981e-02 1.049081794917583466e-03 4.457744769752025604e-03 4.709627479314804077e-02 2.418468007817864418e-03 2.590443007647991180e-02 2.237362414598464966e-02 1.183708198368549347e-02 6.197478622198104858e-03 1.245504152029752731e-02 3.084800392389297485e-02 1.534693874418735504e-02 3.447832912206649780e-02 2.809806540608406067e-02 1.600727066397666931e-02 7.679253816604614258e-03 6.320176762528717518e-04 2.385245636105537415e-03 1.601926865987479687e-03 5.283247306942939758e-02 5.028302222490310669e-02 2.330353856086730957e-02 4.673891514539718628e-02 2.867374755442142487e-02 9.921347722411155701e-03 2.734546177089214325e-02 3.719122335314750671e-02 5.450052049127407372e-05 1.745594106614589691e-02 1.523234881460666656e-02 3.107078000903129578e-02 1.963315345346927643e-02 5.471406970173120499e-03 1.534022623673081398e-03 6.194266024976968765e-03 8.294099941849708557e-03 3.038198500871658325e-02 3.766619041562080383e-02 3.927563130855560303e-02 3.351207822561264038e-02 1.867582835257053375e-02 5.211206618696451187e-03 2.794620022177696228e-02 1.208455581218004227e-02 2.033486776053905487e-02 2.840481325984001160e-02
6.563737243413925171e-02 8.167171478271484375e-02 1.570569351315498352e-02 1.412834227085113525e-02 4.978427663445472717e-03 1.072907373309135437e-01 5.151370763778686523e-01 3.683417662978172302e-02 4.090726375579833984e-02 3.416134789586067200e-02 6.531202793121337891e-02 9.155832231044769287e-03 6.978933513164520264e-02 3.333659470081329346e-02 9.511682204902172089e-03 2.744643576443195343e-02 4.341493546962738037e-02 3.046932816505432129e-02 4.153116419911384583e-02 4.009130597114562988e-02 3.901093080639839172e-02 2.775223553180694580e-02 3.840370476245880127e-02 8.992818184196949005e-03 3.791135177016258240e-02 2.833519503474235535e-02 1.945275068283081055e-02 4.454668238759040833e-02 5.697440728545188904e-02 3.913019099854864180e-05 6.361264735460281372e-02 3.542831167578697205e-02 3.058501332998275757e-02 4.789027199149131775e-02 4.680940881371498108e-02 4.306308552622795105e-02 4.427691921591758728e-02 1.363522466272115707e-02 4.618168342858552933e-03 2.743672952055931091e-02 5.642042495310306549e-03 2.829241193830966949e-02 5.744657013565301895e-03 5.427072755992412567e-03 2.024998888373374939e-02 2.164073847234249115e-02 6.866034120321273804e-02 8.976417779922485352e-02 1.864371821284294128e-02 4.904581978917121887e-02 5.824446212500333786e-03 2.056234516203403473e-02 3.009114414453506470e-03 4.281168803572654724e-02 9.083593264222145081e-03 5.338204093277454376e-03 2.114098705351352692e-02 8.447678759694099426e-03 2.623837999999523163e-02 3.441756963729858398e-02 4.319600015878677368e-02 1.847237907350063324e-02 2.343351766467094421e-02 3.033103980123996735e-02 4.619640111923217773e-02 4.666603729128837585e-02 3.225969523191452026e-02 3.616914153099060059e-02 5.386294214986264706e-04 1.237507257610559464e-02 6.066582631319761276e-03 1.524777710437774658e-02 2.528412966057658195e-03 3.866970166563987732e-02 9.330651722848415375e-03 4.452947154641151428e-02 4.194358363747596741e-02 4.455507732927799225e-03 1.138334628194570541e-02 2.567959763109683990e-02 4.068570956587791443e-02 3.312003100290894508e-03 2.614164911210536957e-02 2.745291404426097870e-02 1.554450672119855881e-02 9.714533574879169464e-03 3.974377643316984177e-03 8.230574429035186768e-03 2.206453494727611542e-02 3.612415492534637451e-02 5.172012373805046082e-02 2.325661480426788330e-02 6.299041211605072021e-02 1.130352634936571121e-02 1.001311093568801880e-02 1.774962618947029114e-02 1.474252529442310333e-02 3.609543293714523315e-02 2.357397973537445068e-02 2.426573447883129120e-02 1.499315351247787476e-02 2.334341593086719513e-02 6.676527205854654312e-03 1.992344483733177185e-02 7.871239446103572845e-03 1.109206816181540489e-03 9.422473609447479248e-03 3.732118010520935059e-02 2.040336839854717255e-02 3.738094819709658623e-03 8.014612831175327301e-03 1.178387366235256195e-02 1.904544420540332794e-02 4.075646400451660156e-03 5.590309156104922295e-04 1.061865687370300293e-02
2.501648291945457458e-02 2.697595208883285522e-02 2.935324795544147491e-02 2.135332114994525909e-02 2.143863961100578308e-02 3.468953073024749756e-02 3.683417662978172302e-02 4.654434621334075928e-01 4.169980436563491821e-02 5.789503455162048340e-03 3.491929545998573303e-02 4.559015110135078430e-02 2.035491913557052612e-02 6.272057443857192993e-02 9.186124056577682495e-02 2.589021250605583191e-02 1.643504761159420013e-02 2.618051879107952118e-02 1.368615031242370605e-02 4.545704275369644165e-02 1.504606008529663086e-02 1.197589002549648285e-02 1.958774402737617493e-02 3.966325148940086365e-02 2.095458470284938812e-02 2.662706747651100159e-02 2.411506511270999908e-02 3.252425789833068848e-02 2.847770228981971741e-02 2.883866988122463226e-02 4.453123733401298523e-02 4.847475513815879822e-02 1.919616572558879852e-02 1.009769551455974579e-02 1.206355169415473938e-02 4.336322657763957977e-03 6.998301018029451370e-03 3.817773982882499695e-02 4.376539029181003571e-03 4.229313880205154419e-02 3.884166479110717773e-02 1.950482139363884926e-03 3.196340287104249001e-03 2.627508528530597687e-02 3.530754894018173218e-02 2.570613287389278412e-02 1.259319111704826355e-02 2.937930636107921600e-02 6.750861648470163345e-03 2.789449319243431091e-02 9.954229928553104401e-03 2.712673507630825043e-02 4.234820604324340820e-03 5.055539775639772415e-03 7.950085215270519257e-03 3.994908183813095093e-02 9.527395479381084442e-03 8.817011490464210510e-03 1.564837805926799774e-02 8.860860019922256470e-03 1.533588208258152008e-02 6.413406692445278168e-03 9.257200174033641815e-03 5.187872797250747681e-03 3.991333022713661194e-02 3.012228012084960938e-02 7.167137227952480316e-04 2.223920263350009918e-02 1.473899744451045990e-02 6.530738901346921921e-04 1.577695831656455994e-02 1.602527871727943420e-02 8.462243713438510895e-03 2.088912297040224075e-04 8.123333565890789032e-03 3.208612650632858276e-02 2.739379554986953735e-02 3.766389098018407822e-03 6.927935406565666199e-03 5.620335415005683899e-02 8.288935571908950806e-02 1.949236094951629639e-01 2.662191912531852722e-02 3.972467780113220215e-02 2.777030225843191147e-03 3.857436776161193848e-02 6.254568696022033691e-02 6.460592150688171387e-02 6.996079813688993454e-03 9.028268977999687195e-03 7.106337696313858032e-03 2.494646795094013214e-02 1.387242041528224945e-02 2.778285555541515350e-02 1.890503987669944763e-02 8.632170967757701874e-03 5.306574702262878418e-02 3.746471926569938660e-02 3.507252782583236694e-02 3.716968744993209839e-02 1.091121928766369820e-03 4.652618244290351868e-02 2.250971831381320953e-02 2.004279755055904388e-02 2.667762897908687592e-02 1.422405708581209183e-02 2.529790624976158142e-02 1.914522051811218262e-02 1.905333623290061951e-02 1.821293681859970093e-02 1.892592292279005051e-03 1.664783433079719543e-02 3.181319683790206909e-02 4.933835472911596298e-03 2.817072719335556030e-02 3.721067914739251137e-03
6.292203324846923351e-04 1.312485802918672562e-02 5.465926975011825562e-02 1.560002751648426056e-02 1.314543094485998154e-02 4.464818909764289856e-02 4.090726375579833984e-02 4.169980436563491821e-02 4.915689229965209961e-01 6.951829791069030762e-02 1.306784432381391525e-02 4.851778969168663025e-02 1.472545694559812546e-02 5.546828359365463257e-02 1.771574094891548157e-02 3.518838062882423401e-02 6.524758879095315933e-03 1.164297610521316528e-01 1.063594128936529160e-03 3.020056523382663727e-02 4.270606487989425659e-02 1.047071442008018494e-02 1.968050934374332428e-02 4.972721450030803680e-03 4.093798249959945679e-02 4.619136080145835876e-02 3.557888045907020569e-02 1.402485836297273636e-02 3.861905541270971298e-03 2.458193898200988770e-02 1.425405591726303101e-02 2.412653900682926178e-02 1.427012961357831955e-02 3.603523597121238708e-02 4.387936368584632874e-02 3.616692498326301575e-02 1.448736898601055145e-02 5.205335095524787903e-03 5.736238788813352585e-03 6.654059980064630508e-03 3.341785445809364319e-02 2.507562935352325439e-02 3.770142048597335815e-02 9.888119064271450043e-03 1.463983301073312759e-02 5.811730399727821350e-02 2.988135255873203278e-02 4.015840217471122742e-02 2.933070808649063110e-02 5.417832732200622559e-02 1.168163493275642395e-02 2.287850528955459595e-02 3.824998065829277039e-02 1.569388061761856079e-02 1.117784976959228516e-01 2.639935817569494247e-03 9.067606180906295776e-03 3.717042505741119385e-02 1.146556343883275986e-02 2.902992255985736847e-02 3.439871361479163170e-03 4.040678218007087708e-02 1.902467012405395508e-02 4.485582187771797180e-02 2.106170356273651123e-02 4.296643659472465515e-02 3.204049915075302124e-02 1.874072104692459106e-02 2.588269673287868500e-02 9.548461996018886566e-03 6.503224838525056839e-03 4.797492548823356628e-02 3.946945816278457642e-02 1.716514863073825836e-02 1.233348995447158813e-02 3.807880729436874390e-02 1.802444458007812500e-01 2.904777601361274719e-02 1.532573997974395752e-01 1.860373769886791706e-03 1.464853645302355289e-03 2.209075354039669037e-02 6.172654405236244202e-02 5.465329065918922424e-02 1.108000054955482483e-02 3.329898416996002197e-02 1.696518436074256897e-02 2.071181312203407288e-02 3.268820419907569885e-02 3.992887586355209351e-02 4.016972612589597702e-03 9.742426685988903046e-03 5.722011998295783997e-02 1.128766126930713654e-02 4.675360396504402161e-02 5.460663139820098877e-02 2.549724467098712921e-02 4.276516661047935486e-02 5.991416037431918085e-05 2.974248724058270454e-03 5.162258073687553406e-02 5.474166944622993469e-02 3.315623849630355835e-02 1.308198319748044014e-03 4.916593432426452637e-02 6.431226618587970734e-03 2.306936308741569519e-02 5.264692939817905426e-03 3.201281651854515076e-02 5.170863494277000427e-02 4.175513982772827148e-02 2.921966370195150375e-03 2.189943753182888031e-02 1.625001989305019379e-02 3.875395283102989197e-02 3.343475610017776489e-02
1.784030906856060028e-02 1.119366846978664398e-02 1.064837165176868439e-02 3.311149403452873230e-02 3.022680804133415222e-02 4.545547440648078918e-02 3.416134789586067200e-02 5.789503455162048340e-03 6.951829791069030762e-02 4.903355538845062256e-01 2.381174825131893158e-02 7.549034804105758667e-02 2.463789470493793488e-02 2.576063573360443115e-02 1.278231758624315262e-02 9.080574847757816315e-03 2.433435246348381042e-02 7.825919240713119507e-02 1.052824258804321289e-01 4.070544987916946411e-02 3.640372678637504578e-02 1.614797301590442657e-02 9.797267615795135498e-03 1.880731806159019470e-02 2.614613436162471771e-02 2.781851775944232941e-02 1.986089162528514862e-02 2.664413675665855408e-02 8.451927453279495239e-03 3.992068767547607422e-02 1.537581719458103180e-02 4.191733896732330322e-02 2.169980295002460480e-02 3.313792496919631958e-02 4.006865620613098145e-02 4.940508306026458740e-02 3.940337803214788437e-03 4.884307831525802612e-02 2.368040569126605988e-02 4.663065820932388306e-02 1.686263829469680786e-02 1.665073074400424957e-02 3.999255970120429993e-02 4.406846314668655396e-02 3.972391411662101746e-02 5.965333431959152222e-03 3.698068484663963318e-02 3.197114169597625732e-02 2.893271856009960175e-03 4.532872885465621948e-02 1.061648502945899963e-02 2.564605697989463806e-02 2.046493254601955414e-02 2.591301919892430305e-03 7.846482098102569580e-03 7.731239497661590576e-02 9.238014928996562958e-03 1.059032045304775238e-03 3.524023294448852539e-02 3.524008765816688538e-02 5.025687161833047867e-03 5.097512528300285339e-02 8.415221236646175385e-03 1.594759710133075714e-02 1.451540831476449966e-02 3.978118672966957092e-02 5.208908766508102417e-02 3.993895649909973145e-02 2.995911426842212677e-02 5.193657055497169495e-02 4.314782097935676575e-02 6.321929860860109329e-03 2.585845068097114563e-02 6.710297614336013794e-02 3.795197606086730957e-02 2.235062565887346864e-04 4.869878292083740234e-02 1.270459741353988647e-01 1.890121027827262878e-02 8.083906769752502441e-02 2.920047845691442490e-03 3.423786256462335587e-03 8.119589090347290039e-02 7.067652046680450439e-02 2.490000240504741669e-02 2.566060051321983337e-03 3.811270743608474731e-02 4.655959084630012512e-02 2.314375899732112885e-02 3.752404823899269104e-02 6.036987155675888062e-02 1.529373414814472198e-02 2.374888584017753601e-02 5.050752684473991394e-02 2.275252155959606171e-02 2.635477855801582336e-02 4.404299333691596985e-02 1.014985330402851105e-02 3.436741419136524200e-03 3.360901027917861938e-02 4.034411627799272537e-03 1.372625399380922318e-02 5.401875358074903488e-03 4.284366965293884277e-02 3.398405387997627258e-02 3.971562162041664124e-02 1.265205908566713333e-02 3.360894322395324707e-02 3.100577555596828461e-02 1.325158961117267609e-02 3.994543477892875671e-02 1.745001412928104401e-02 1.403456367552280426e-02 1.265742536634206772e-02 4.646974802017211914e-02 4.319023340940475464e-02
8.482611179351806641e-02 7.110337913036346436e-02 2.747727790847420692e-03 1.310317218303680420e-02 3.225031867623329163e-02 6.579922884702682495e-02 6.531202793121337891e-02 3.491929545998573303e-02 1.306784432381391525e-02 2.381174825131893158e-02 5.276597738265991211e-01 3.637430444359779358e-02 8.389496803283691406e-02 3.531440719962120056e-02 4.232118651270866394e-02 1.136879343539476395e-02 1.853061467409133911e-02 1.708035916090011597e-02 1.832981407642364502e-02 1.561733894050121307e-02 2.206404507160186768e-02 4.885518550872802734e-02 3.882586956024169922e-02 2.252285741269588470e-02 1.256230380386114120e-02 2.743944339454174042e-02 1.153420470654964447e-02 3.371193632483482361e-02 6.625674664974212646e-02 6.026838906109333038e-03 6.633391231298446655e-02 3.551815450191497803e-02 3.842664882540702820e-02 4.315124824643135071e-02 2.944258786737918854e-02 2.755603566765785217e-02 3.065532632172107697e-02 4.468532279133796692e-03 3.086620941758155823e-02 4.476151987910270691e-02 5.592681933194398880e-03 3.800987452268600464e-02 2.605638001114130020e-03 2.077708020806312561e-02 1.517636608332395554e-02 3.307064622640609741e-02 6.525892764329910278e-02 6.065824255347251892e-02 2.237710542976856232e-02 3.389921411871910095e-02 4.381276294589042664e-02 2.827652730047702789e-02 1.951051317155361176e-02 4.837746918201446533e-02 1.853617466986179352e-02 1.970195211470127106e-02 3.832319984212517738e-03 1.243075169622898102e-02 5.703073460608720779e-03 1.587194576859474182e-02 4.202259331941604614e-02 4.657142981886863708e-02 1.232409756630659103e-02 4.447318613529205322e-02 6.531410664319992065e-02 5.746967718005180359e-02 3.227571770548820496e-02 1.368919853121042252e-02 2.466515451669692993e-02 4.461824893951416016e-03 5.154435336589813232e-02 1.628984697163105011e-02 3.168707340955734253e-02 2.107594348490238190e-02 1.004595588892698288e-02 2.658037235960364342e-03 6.455036811530590057e-03 1.679141074419021606e-02 1.949341967701911926e-02 1.575647853314876556e-02 2.308201603591442108e-02 5.861622747033834457e-03 4.553366452455520630e-02 3.348178043961524963e-02 1.642161607742309570e-02 9.730714373290538788e-03 5.183461681008338928e-02 3.980618715286254883e-02 1.128844823688268661e-02 3.360492736101150513e-02 5.615581944584846497e-02 5.536038428544998169e-02 4.441150650382041931e-02 3.313390538096427917e-02 1.103432290256023407e-02 1.055221911519765854e-02 5.324801802635192871e-02 1.494148746132850647e-02 1.676601544022560120e-02 3.160860016942024231e-02 3.751998767256736755e-02 1.882844418287277222e-02 8.759538468439131975e-05 3.996295854449272156e-03 1.409333106130361557e-02 2.546937949955463409e-02 2.732405066490173340e-02 1.660679839551448822e-02 4.503859952092170715e-02 2.988294512033462524e-02 5.407136399298906326e-03 2.787631237879395485e-03 2.262570336461067200e-02 2.337588695809245110e-03 2.946766093373298645e-02 2.024043584242463112e-03
1.806486770510673523e-02 1.698807999491691589e-02 8.810024708509445190e-03 4.274491593241691589e-02 5.593662615865468979e-03 1.678606867790222168e-02 9.155832231044769287e-03 4.559015110135078430e-02 4.851778969168663025e-02 7.549034804105758667e-02 3.637430444359779358e-02 4.805721640586853027e-01 3.975239768624305725e-02 2.182074040174484253e-01 3.872260823845863342e-02 1.570663973689079285e-02 1.186947152018547058e-02 1.099761575460433960e-02 1.375487633049488068e-02 3.650126978754997253e-02 1.593383215367794037e-02 3.863511979579925537e-02 3.024289757013320923e-02 4.583744332194328308e-02 1.107874233275651932e-02 4.674316570162773132e-02 1.351547986268997192e-02 6.563262641429901123e-02 3.914304077625274658e-02 6.234480068087577820e-02 3.057824075222015381e-02 1.935465820133686066e-02 4.338711872696876526e-02 2.874520607292652130e-03 8.291483856737613678e-03 4.417468607425689697e-02 2.390113286674022675e-02 4.171896725893020630e-02 3.229778632521629333e-02 1.998803392052650452e-02 2.481887862086296082e-02 3.717831149697303772e-02 1.440779026597738266e-02 1.494429074227809906e-02 1.188334226608276367e-01 1.754231564700603485e-02 5.225140601396560669e-02 2.665106765925884247e-02 4.273674264550209045e-02 1.321162190288305283e-02 2.514421567320823669e-02 2.154687419533729553e-02 4.763102531433105469e-02 3.720287233591079712e-02 2.004144154489040375e-02 1.084729563444852829e-02 4.618612304329872131e-02 1.699190586805343628e-02 1.559116505086421967e-02 2.991995029151439667e-02 6.150410510599613190e-03 2.253387868404388428e-02 1.861661113798618317e-02 2.850393392145633698e-02 4.990928992629051208e-02 3.264677524566650391e-02 7.293545175343751907e-03 1.378693152219057083e-02 2.088019251823425293e-02 1.497724000364542007e-02 5.691312719136476517e-03 2.752293460071086884e-02 4.290880635380744934e-02 1.274500694125890732e-02 7.389154750853776932e-03 9.628182277083396912e-03 1.896353089250624180e-03 1.705707423388957977e-02 5.778221413493156433e-02 5.190574750304222107e-02 4.564175382256507874e-02 1.606497354805469513e-02 3.595529496669769287e-02 4.875396564602851868e-02 4.133471101522445679e-02 2.320557460188865662e-02 4.115565121173858643e-02 2.881574444472789764e-02 2.462121658027172089e-02 3.446334227919578552e-02 3.990597650408744812e-02 2.591654099524021149e-02 1.023755036294460297e-02 2.134461421519517899e-03 3.002899233251810074e-03 1.036965753883123398e-02 2.417873032391071320e-02 4.388856515288352966e-02 4.183196648955345154e-02 3.441283479332923889e-02 2.327806130051612854e-02 1.473087817430496216e-03 8.031377801671624184e-04 1.985809393227100372e-02 6.261179689317941666e-03 3.031526319682598114e-02 2.995391003787517548e-02 2.254996262490749359e-02 2.781727910041809082e-02 6.294643133878707886e-02 1.578869856894016266e-02 5.997369065880775452e-02 3.657792881131172180e-02 2.862470038235187531e-02 2.273850888013839722e-02 1.592533779330551624e-03
7.532189786434173584e-02 8.435464650392532349e-02 2.695772610604763031e-02 9.294401388615369797e-04 1.317598298192024231e-02 5.600888654589653015e-02 6.978933513164520264e-02 2.035491913557052612e-02 1.472545694559812546e-02 2.463789470493793488e-02 8.389496803283691406e-02 3.975239768624305725e-02 5.280579924583435059e-01 4.945464804768562317e-02 5.919137597084045410e-02 5.971405189484357834e-04 8.558435365557670593e-03 9.718010202050209045e-03 2.617157809436321259e-02 3.666394576430320740e-02 3.053695149719715118e-02 5.315500870347023010e-02 3.502197563648223877e-02 3.183951228857040405e-02 2.832788787782192230e-02 3.395586833357810974e-02 2.437167428433895111e-02 2.582472190260887146e-02 5.239817500114440918e-02 9.402809664607048035e-03 6.658026576042175293e-02 5.201812833547592163e-02 4.918159171938896179e-02 4.773922637104988098e-02 3.072121180593967438e-02 4.379744827747344971e-02 3.432440757751464844e-02 1.101170852780342102e-02 1.233578473329544067e-02 1.698104478418827057e-02 6.596889346837997437e-03 2.462670579552650452e-02 7.715129759162664413e-03 1.644177176058292389e-02 5.390839651226997375e-03 2.601363509893417358e-02 4.703792184591293335e-02 5.771379917860031128e-02 1.958926394581794739e-02 2.826182357966899872e-02 4.072052612900733948e-02 2.712837420403957367e-02 1.972764963284134865e-03 3.801404684782028198e-02 2.742410078644752502e-02 1.953303255140781403e-02 2.474652789533138275e-02 4.099527373909950256e-03 8.133863098919391632e-03 2.120402641594409943e-02 4.467399045825004578e-02 4.194430261850357056e-02 2.428788505494594574e-02 4.164485633373260498e-02 5.425544828176498413e-02 5.908912047743797302e-02 4.300947114825248718e-02 2.756887860596179962e-02 1.441472209990024567e-02 9.759677574038505554e-03 5.293119326233863831e-02 1.792575791478157043e-02 2.484950236976146698e-02 1.628761179745197296e-02 5.119331646710634232e-03 8.650250965729355812e-04 1.626176014542579651e-02 2.514093369245529175e-02 4.334702342748641968e-02 2.793413214385509491e-02 3.099515661597251892e-02 4.681871272623538971e-03 3.484273329377174377e-02 2.479760348796844482e-02 3.003186732530593872e-02 1.544759050011634827e-02 4.148508235812187195e-02 5.381173267960548401e-02 8.354491554200649261e-03 2.988201379776000977e-02 4.104423522949218750e-02 4.776850715279579163e-02 4.602561891078948975e-02 3.299655765295028687e-02 1.274311356246471405e-02 9.759661741554737091e-03 4.357180744409561157e-02 2.357376553118228912e-02 3.995476756244897842e-03 2.417724952101707458e-02 1.939471694640815258e-03 3.333613649010658264e-02 3.746410831809043884e-03 9.296002797782421112e-03 9.930930100381374359e-03 2.728244476020336151e-02 2.332365140318870544e-02 1.343480963259935379e-02 3.028029948472976685e-02 1.706556417047977448e-02 1.064722426235675812e-02 1.025536749511957169e-02 3.368588536977767944e-02 8.664171211421489716e-03 3.556468524038791656e-03 2.835971489548683167e-02
