4.584756493568420410e-01 2.890453040599822998e-01 1.834847033023834229e-02 1.284707151353359222e-02 1.392163452692329884e-03 1.758100241422653198e-01 1.284862607717514038e-01 2.772603183984756470e-02 2.550802193582057953e-02 1.230240054428577423e-02 1.202931702136993408e-01 4.836908774450421333e-04 5.835555493831634521e-02 2.771026827394962311e-02 6.537992972880601883e-03 3.160493075847625732e-02 3.797952830791473389e-02 4.162259772419929504e-02 1.311766542494297028e-02 2.949559316039085388e-02 4.980830103158950806e-02 1.444129552692174911e-02 3.965204581618309021e-02 3.909879550337791443e-02 2.714747004210948944e-02 5.437311157584190369e-02 4.887518659234046936e-02 2.926878631114959717e-02 2.867433801293373108e-02 7.385778240859508514e-03 2.234643511474132538e-02 2.201965451240539551e-02 3.967375308275222778e-02 4.275113716721534729e-02 2.966476976871490479e-02 1.876770146191120148e-02 2.509613893926143646e-02 9.930328465998172760e-03 3.400453366339206696e-03 2.052298933267593384e-02 1.032134611159563065e-02 2.860680408775806427e-02 3.449970856308937073e-02 2.510530874133110046e-02 1.528883073478937149e-02 2.166088297963142395e-02 7.011441979557275772e-03 2.013587392866611481e-02 1.035266369581222534e-02 3.621461987495422363e-02 1.172516308724880219e-02 1.903619617223739624e-02 1.564976945519447327e-02 4.190484061837196350e-02 2.139450609683990479e-02 9.605159983038902283e-03 1.990926638245582581e-02 4.212532192468643188e-02 4.162973910570144653e-02 1.180831249803304672e-02 8.960298262536525726e-03 3.747729212045669556e-02 3.914998844265937805e-02 2.253300696611404419e-02 3.378067165613174438e-02 2.535227499902248383e-02 1.858796551823616028e-02 4.270709306001663208e-02 1.018753647804260254e-02 1.588872261345386505e-02 6.210376974195241928e-03 2.657633274793624878e-02 3.520582243800163269e-02 5.386203061789274216e-03 5.157027859240770340e-03 1.493289880454540253e-02 2.794289216399192810e-02 4.028856009244918823e-02 2.473549684509634972e-03 2.815325558185577393e-02 3.448928892612457275e-02 2.471771463751792908e-02 2.387236105278134346e-03 2.493390254676342010e-02 1.090110931545495987e-02 2.482774107193108648e-05 7.254274562001228333e-03 4.439538344740867615e-02 2.203776966780424118e-03 2.417863532900810242e-02 3.728525247424840927e-03 1.864458061754703522e-02 2.962343860417604446e-03 1.502251252532005310e-02 3.745530173182487488e-02 1.793347764760255814e-03 3.096145577728748322e-03 3.356201574206352234e-02 1.626062951982021332e-02 4.921974614262580872e-02 3.669634461402893066e-02 8.656574413180351257e-03 2.212538011372089386e-02 3.251582384109497070e-02 3.485110402107238770e-02 2.415926568210124969e-02 4.040717706084251404e-02 1.968713477253913879e-02 4.476762562990188599e-02 4.104219004511833191e-02 1.241917442530393600e-02 4.055074229836463928e-02 2.965517528355121613e-02 3.124714270234107971e-02 2.204158715903759003e-02 4.070184379816055298e-02
2.890453040599822998e-01 4.611934423446655273e-01 3.479766845703125000e-02 4.595367982983589172e-02 1.348773716017603874e-03 2.035166919231414795e-01 1.469485610723495483e-01 2.536064013838768005e-02 4.005772247910499573e-02 2.418706938624382019e-02 6.598731875419616699e-02 2.912445226684212685e-03 6.032532081007957458e-02 3.802694752812385559e-02 4.028274118900299072e-02 2.584737353026866913e-02 1.547440886497497559e-02 5.195666849613189697e-02 2.400763519108295441e-02 3.160566091537475586e-02 2.152706496417522430e-02 5.900964140892028809e-03 1.753091812133789062e-02 3.334644949063658714e-03 3.827397897839546204e-02 1.992169022560119629e-02 3.630832582712173462e-02 2.657050639390945435e-02 3.557924926280975342e-02 1.281832624226808548e-02 5.396617203950881958e-02 1.668427512049674988e-02 3.959156200289726257e-02 3.676976636052131653e-02 1.092329155653715134e-03 1.349140424281358719e-02 3.924904391169548035e-02 3.044354030862450600e-03 1.925309747457504272e-02 3.813943266868591309e-02 5.213833414018154144e-03 4.398683086037635803e-02 5.413915961980819702e-02 9.662441909313201904e-03 8.079058607108891010e-04 2.458575181663036346e-02 1.882953383028507233e-02 2.734496258199214935e-02 3.103175200521945953e-03 3.269311785697937012e-02 2.576221944764256477e-03 2.976516820490360260e-02 2.890269085764884949e-02 3.784804418683052063e-02 3.245798125863075256e-02 5.545034538954496384e-03 4.707784391939640045e-03 4.464949294924736023e-02 1.486045308411121368e-02 2.502078935503959656e-02 3.635860979557037354e-02 3.269207105040550232e-02 2.684867940843105316e-03 2.696964144706726074e-02 4.098468273878097534e-02 6.927186623215675354e-03 4.898488894104957581e-02 4.468737170100212097e-02 7.562121376395225525e-03 2.168517000973224640e-02 3.490725648589432240e-04 1.542316842824220657e-02 4.554902389645576477e-02 1.250031124800443649e-02 9.972740896046161652e-03 3.927889466285705566e-02 1.596223562955856323e-02 3.148242458701133728e-02 6.343721877783536911e-03 3.051848523318767548e-02 3.100774250924587250e-02 4.013894870877265930e-02 2.633696794509887695e-02 2.387589961290359497e-02 3.605785593390464783e-02 2.183903381228446960e-02 1.234469003975391388e-02 1.590493507683277130e-02 9.970820508897304535e-03 3.310982882976531982e-02 1.391245890408754349e-02 2.579074725508689880e-02 4.815111402422189713e-03 5.252391565591096878e-03 1.419351436197757721e-02 1.436203904449939728e-02 1.527695357799530029e-02 1.900858804583549500e-02 3.984545916318893433e-02 5.439130216836929321e-02 8.161942474544048309e-03 4.772538319230079651e-02 3.682975843548774719e-02 4.029729962348937988e-02 3.092237748205661774e-02 4.384885355830192566e-02 6.019708234816789627e-03 2.593880146741867065e-02 2.111191395670175552e-03 4.871786013245582581e-02 9.808594360947608948e-03 3.963314369320869446e-02 5.286594852805137634e-02 7.785041816532611847e-03 3.420595079660415649e-02 4.182934388518333435e-02
1.834847033023834229e-02 3.479766845703125000e-02 4.502033889293670654e-01 9.569641202688217163e-03 9.344210848212242126e-03 2.599682845175266266e-02 3.737609088420867920e-02 2.005924433469772339e-01 4.000853747129440308e-02 1.169246900826692581e-02 5.902933422476053238e-03 2.977704443037509918e-02 3.829776123166084290e-02 1.727777533233165741e-02 2.911424264311790466e-02 1.808973215520381927e-02 1.342288497835397720e-02 2.938898652791976929e-02 1.791003718972206116e-02 1.443088985979557037e-02 2.998539805412292480e-02 8.353192359209060669e-03 2.086611650884151459e-02 2.321997471153736115e-02 3.210709989070892334e-02 4.053483158349990845e-02 6.882261950522661209e-03 4.413191974163055420e-02 3.709904477000236511e-02 1.669055223464965820e-02 5.528870597481727600e-02 1.721299625933170319e-02 2.868471667170524597e-02 9.446956217288970947e-03 2.778083831071853638e-02 1.187747344374656677e-02 4.677533172070980072e-03 2.170903049409389496e-02 1.099864020943641663e-02 3.732289746403694153e-02 6.688136607408523560e-02 2.552407421171665192e-02 2.556064538657665253e-02 8.449256420135498047e-02 1.922957785427570343e-02 3.020156733691692352e-02 1.013294048607349396e-02 2.022342011332511902e-02 2.116080000996589661e-02 3.635670244693756104e-02 2.436839044094085693e-02 3.043733723461627960e-02 2.483769785612821579e-03 2.391326241195201874e-02 4.256402142345905304e-03 1.312077417969703674e-02 1.817887648940086365e-03 1.106548961251974106e-02 1.519231777638196945e-02 1.975766941905021667e-02 3.853886201977729797e-02 9.313258342444896698e-03 4.060490801930427551e-02 1.147428643889725208e-03 3.478012233972549438e-02 4.019577801227569580e-02 3.504145890474319458e-02 1.818752475082874298e-02 1.618384569883346558e-02 3.606100752949714661e-02 2.687887102365493774e-02 2.900164201855659485e-02 2.404785156250000000e-02 2.237576059997081757e-02 7.253302726894617081e-03 4.789566993713378906e-02 1.576443761587142944e-02 3.186057135462760925e-02 9.026731364428997040e-03 1.548755075782537460e-02 1.585200577974319458e-01 1.082395538687705994e-01 7.098760455846786499e-03 4.001488443464040756e-03 4.558639600872993469e-02 3.525694087147712708e-02 5.563722178339958191e-02 5.692763626575469971e-02 2.096578665077686310e-02 1.071826368570327759e-02 2.862592460587620735e-03 2.054049819707870483e-02 3.493453841656446457e-03 3.819863870739936829e-02 2.568160928785800934e-02 2.560909464955329895e-02 2.153421379625797272e-02 2.305825240910053253e-02 3.728577122092247009e-02 3.390251100063323975e-02 3.879488259553909302e-02 2.361868508160114288e-02 2.029080502688884735e-02 1.603849604725837708e-02 9.966450743377208710e-03 2.135569974780082703e-02 6.439517019316554070e-04 1.512349396944046021e-02 1.939009409397840500e-03 1.307587418705224991e-02 3.176148235797882080e-02 1.516788452863693237e-02 8.215704932808876038e-03 3.783860430121421814e-02 1.785412430763244629e-02 7.283375132828950882e-03
1.284707151353359222e-02 4.595367982983589172e-02 9.569641202688217163e-03 4.353820979595184326e-01 1.759034991264343262e-01 2.818991243839263916e-02 4.115030169486999512e-02 1.364917680621147156e-02 2.153168618679046631e-02 1.935725286602973938e-02 5.327812395989894867e-03 2.720395289361476898e-02 4.251436144113540649e-02 9.468253701925277710e-03 3.047500364482402802e-02 8.707738481462001801e-03 4.008697811514139175e-03 3.206564113497734070e-02 3.694724990054965019e-03 3.167328611016273499e-02 1.069290842860937119e-02 5.613456480205059052e-03 5.224706977605819702e-02 2.773694321513175964e-02 4.018386080861091614e-02 4.247599467635154724e-02 3.014450147747993469e-02 4.392451792955398560e-02 1.880434341728687286e-02 2.911956049501895905e-02 8.279540576040744781e-03 1.139401737600564957e-02 1.082689501345157623e-02 1.389817055314779282e-02 2.484220825135707855e-02 2.874145843088626862e-02 9.355057962238788605e-03 3.630654886364936829e-02 7.718355953693389893e-02 4.746032133698463440e-02 3.477999195456504822e-02 2.861319296061992645e-02 5.517356097698211670e-03 1.742179505527019501e-02 3.418902680277824402e-02 2.419262938201427460e-02 9.184896014630794525e-03 3.833499550819396973e-02 1.158666331321001053e-02 3.397653996944427490e-02 3.540562838315963745e-02 9.247059002518653870e-03 2.947562001645565033e-02 1.440635044127702713e-02 1.555676944553852081e-02 3.314574435353279114e-02 6.813609972596168518e-03 3.620873391628265381e-02 1.985896006226539612e-02 1.804703846573829651e-02 4.702620580792427063e-02 5.872001126408576965e-02 5.199468228965997696e-03 6.374152749776840210e-02 1.607418805360794067e-02 3.719819709658622742e-02 4.235619679093360901e-02 1.827508211135864258e-02 8.764732629060745239e-04 3.276566416025161743e-02 2.873454429209232330e-02 3.526815271470695734e-04 1.726878732442855835e-01 5.890951491892337799e-03 7.289112359285354614e-02 1.110307220369577408e-02 1.159716583788394928e-02 3.655802085995674133e-02 1.446492620743811131e-03 8.938507176935672760e-03 1.249671168625354767e-02 2.057268097996711731e-02 3.239574283361434937e-02 5.717021599411964417e-02 2.407137304544448853e-02 1.487121684476733208e-03 5.273433402180671692e-03 3.622153401374816895e-02 3.798095881938934326e-02 2.517575211822986603e-02 1.911264844238758087e-02 7.533358410000801086e-03 9.510107338428497314e-03 5.393563769757747650e-03 3.707607835531234741e-02 4.158749058842658997e-02 3.371426835656166077e-02 1.442159805446863174e-02 3.701036423444747925e-02 1.392200868576765060e-02 6.897969171404838562e-03 1.397056970745325089e-02 4.450436681509017944e-02 3.413511067628860474e-02 7.414953317493200302e-03 2.156234905123710632e-02 1.257443148642778397e-02 1.478798314929008484e-02 3.729455173015594482e-02 2.766653709113597870e-02 2.926741912961006165e-02 3.130030632019042969e-02 2.346884272992610931e-02 1.369678787887096405e-02 6.486403942108154297e-02 9.055509231984615326e-03
1.392163452692329884e-03 1.348773716017603874e-03 9.344210848212242126e-03 1.759034991264343262e-01 4.517988264560699463e-01 2.882094867527484894e-02 2.333002537488937378e-02 2.250516414642333984e-02 2.893709763884544373e-02 7.179022300988435745e-03 2.304964885115623474e-02 5.269818380475044250e-02 2.375624142587184906e-03 4.119515419006347656e-02 4.249883815646171570e-02 2.366428263485431671e-02 8.050474338233470917e-03 6.589785683900117874e-03 2.574029564857482910e-02 3.951069340109825134e-02 7.400527130812406540e-03 1.279880572110414505e-02 2.774983085691928864e-02 1.377262920141220093e-02 2.411654964089393616e-02 2.216294594109058380e-02 3.042715787887573242e-02 3.452590480446815491e-02 2.348703145980834961e-02 8.830988779664039612e-03 3.237337991595268250e-02 1.263872254639863968e-03 5.475435405969619751e-03 1.268029096536338329e-03 1.915344223380088806e-02 3.275186568498611450e-02 4.638360813260078430e-03 3.836722299456596375e-02 4.192757233977317810e-02 6.561686843633651733e-02 4.327047243714332581e-02 1.403651013970375061e-02 1.718956045806407928e-02 3.028862550854682922e-02 1.578424498438835144e-02 2.008775621652603149e-02 1.124511356465518475e-03 3.184183686971664429e-02 1.626854948699474335e-02 3.964736685156822205e-02 3.585207089781761169e-02 2.152452617883682251e-02 1.212214492261409760e-02 3.690230846405029297e-02 4.004887491464614868e-02 1.163875870406627655e-02 1.690285280346870422e-02 4.862313345074653625e-02 4.705605283379554749e-02 8.871754631400108337e-03 1.905242912471294403e-02 9.509522467851638794e-02 2.744279429316520691e-02 2.582445740699768066e-02 1.545209786854684353e-03 2.300115674734115601e-02 4.338443651795387268e-02 2.348680514842271805e-03 1.985250972211360931e-02 3.306815773248672485e-02 2.197536826133728027e-02 2.436486259102821350e-02 1.029490679502487183e-01 5.753389559686183929e-03 9.329042583703994751e-02 3.036163188517093658e-02 1.471559982746839523e-02 4.642601124942302704e-04 4.162695258855819702e-02 1.117176003754138947e-02 4.128620773553848267e-02 1.216417085379362106e-02 2.075602300465106964e-02 4.689282923936843872e-02 2.524226345121860504e-02 2.480140887200832367e-02 4.221289604902267456e-02 3.200985118746757507e-02 1.494640111923217773e-02 3.986128792166709900e-02 8.884470909833908081e-03 3.857477335259318352e-03 1.186795625835657120e-02 4.247478675097227097e-03 1.760442182421684265e-02 4.392027482390403748e-02 9.857003577053546906e-03 1.767589151859283447e-02 8.605481125414371490e-03 6.466061458922922611e-04 8.273458108305931091e-03 1.200205460190773010e-02 3.359669446945190430e-02 2.550403587520122528e-02 6.272560451179742813e-03 6.137436255812644958e-03 1.178130321204662323e-02 1.130469143390655518e-02 1.187624130398035049e-02 5.387515760958194733e-03 1.179813127964735031e-02 6.652004085481166840e-04 1.498812716454267502e-02 2.336863195523619652e-03 2.140964195132255554e-02 1.359178964048624039e-02
1.758100241422653198e-01 2.035166919231414795e-01 2.599682845175266266e-02 2.818991243839263916e-02 2.882094867527484894e-02 4.612354636192321777e-01 1.775122731924057007e-01 1.390286069363355637e-02 5.999440327286720276e-03 1.618077605962753296e-02 1.820384338498115540e-02 6.135259196162223816e-02 1.867699623107910156e-02 4.998591542243957520e-02 4.895712807774543762e-02 4.007799550890922546e-02 1.146116014569997787e-02 4.131801798939704895e-02 1.127194892615079880e-02 4.468297585844993591e-02 1.323222182691097260e-03 5.380731541663408279e-03 1.837390474975109100e-02 2.059527114033699036e-02 6.975028663873672485e-03 1.733040995895862579e-02 1.553828478790819645e-03 4.296612460166215897e-03 2.427275851368904114e-02 2.274251542985439301e-02 7.944634184241294861e-03 1.921734586358070374e-02 8.736070245504379272e-03 7.189304567873477936e-03 5.099016427993774414e-02 9.003313258290290833e-03 4.370537772774696350e-02 2.276813029311597347e-04 5.280898883938789368e-02 2.497817389667034149e-02 1.113769598305225372e-02 1.915286108851432800e-02 4.195110872387886047e-02 3.479379042983055115e-02 2.166542410850524902e-02 1.334123220294713974e-02 1.209936514496803284e-01 1.556468661874532700e-02 8.707945235073566437e-03 3.033572807908058167e-02 3.525603562593460083e-02 2.077784016728401184e-02 5.919156596064567566e-03 1.420013606548309326e-02 2.403341233730316162e-02 3.346748650074005127e-02 1.879545301198959351e-02 1.307676918804645538e-02 4.797802492976188660e-02 8.077602833509445190e-03 2.305790549144148827e-03 2.829657681286334991e-02 4.211072996258735657e-02 1.771589391864836216e-03 4.933902993798255920e-02 1.489436998963356018e-02 5.015224218368530273e-03 3.962418064475059509e-03 2.135797962546348572e-02 1.585755497217178345e-02 2.209235355257987976e-02 6.280879955738782883e-03 2.425710111856460571e-02 2.113861031830310822e-02 5.498392507433891296e-02 3.940353170037269592e-02 1.667259819805622101e-02 5.171781405806541443e-02 3.105040639638900757e-03 2.106912992894649506e-02 2.955403178930282593e-02 2.055951021611690521e-02 4.492238629609346390e-03 2.035604976117610931e-02 8.971820585429668427e-03 1.610215753316879272e-02 1.162845548242330551e-02 3.909043967723846436e-02 1.662667468190193176e-02 2.414249442517757416e-02 5.558403208851814270e-02 3.293934836983680725e-02 7.102372124791145325e-03 1.923614327097311616e-04 2.665848657488822937e-02 4.269882664084434509e-02 3.734589368104934692e-02 1.462016534060239792e-02 1.479919534176588058e-02 8.822180330753326416e-03 3.202297165989875793e-02 1.756814867258071899e-02 5.024898052215576172e-02 3.193933889269828796e-02 1.600613072514533997e-02 1.413085265085101128e-03 1.994479214772582054e-03 5.794036667793989182e-03 3.331521758809685707e-03 4.927319660782814026e-02 2.421044372022151947e-02 1.817081682384014130e-02 1.850022934377193451e-02 4.384020715951919556e-02 1.198177225887775421e-02 2.598624117672443390e-02
1.284862607717514038e-01 1.469485610723495483e-01 3.737609088420867920e-02 4.115030169486999512e-02 2.333002537488937378e-02 1.775122731924057007e-01 4.569851160049438477e-01 8.571598678827285767e-03 4.320515692234039307e-02 2.935356087982654572e-02 2.493550814688205719e-02 5.853920429944992065e-02 1.423175446689128876e-03 7.233181595802307129e-02 4.235132411122322083e-02 5.226287618279457092e-02 9.686825214885175228e-04 1.226439420133829117e-02 1.330012921243906021e-02 2.692219428718090057e-02 2.768731489777565002e-02 1.150506362318992615e-02 1.537022553384304047e-02 1.714971102774143219e-02 1.219602068886160851e-03 2.901037037372589111e-02 1.737257838249206543e-02 1.993728801608085632e-02 4.422308504581451416e-02 4.715770948678255081e-03 1.544188056141138077e-02 2.383988583460450172e-03 3.889369254466146231e-04 2.554053254425525665e-02 4.566873237490653992e-02 5.020722746849060059e-02 2.799629792571067810e-02 5.236743018031120300e-03 2.424949593842029572e-02 3.015112690627574921e-02 2.289016358554363251e-02 1.500907237641513348e-03 1.645099371671676636e-02 3.241011500358581543e-02 4.176927730441093445e-02 5.486579239368438721e-02 8.319912850856781006e-02 7.647324353456497192e-02 7.953206077218055725e-03 4.224167764186859131e-02 4.628781694918870926e-03 1.470684818923473358e-02 2.194303553551435471e-03 4.013909772038459778e-02 3.729315847158432007e-02 3.050601482391357422e-02 3.884303849190473557e-03 1.226966828107833862e-02 2.935010381042957306e-02 3.081947937607765198e-02 2.344061806797981262e-02 2.256528846919536591e-02 4.943243786692619324e-02 1.045793667435646057e-02 1.103709917515516281e-02 5.218714848160743713e-02 9.077543509192764759e-04 2.654442936182022095e-02 4.316990077495574951e-02 3.143408522009849548e-02 2.630681544542312622e-02 6.940037012100219727e-03 1.798225566744804382e-02 2.656984142959117889e-02 1.801279187202453613e-02 2.618974074721336365e-03 4.758746922016143799e-02 2.715582959353923798e-02 1.109085232019424438e-02 1.734053529798984528e-02 3.703453019261360168e-02 6.180777214467525482e-03 7.092241197824478149e-03 1.174818258732557297e-02 2.139299921691417694e-02 2.951374277472496033e-02 2.227691933512687683e-02 3.000307083129882812e-02 1.815282180905342102e-02 1.763761788606643677e-02 1.338021364063024521e-02 2.916340902447700500e-02 3.904059901833534241e-02 1.841572299599647522e-02 2.718916721642017365e-02 2.511299774050712585e-02 3.856959566473960876e-02 1.466387603431940079e-02 4.466340690851211548e-02 1.728748343884944916e-02 2.600216679275035858e-02 1.197689212858676910e-02 1.211625337600708008e-02 9.357007220387458801e-03 1.813952624797821045e-02 1.073389686644077301e-02 3.436661139130592346e-02 1.567468047142028809e-02 3.906566649675369263e-02 4.921131208539009094e-02 9.520597755908966064e-03 3.540172008797526360e-03 1.027631107717752457e-02 1.512612216174602509e-02 5.188668519258499146e-02 5.788854137063026428e-02
2.772603183984756470e-02 2.536064013838768005e-02 2.005924433469772339e-01 1.364917680621147156e-02 2.250516414642333984e-02 1.390286069363355637e-02 8.571598678827285767e-03 4.578104913234710693e-01 1.197918318212032318e-02 3.191541135311126709e-02 1.773285120725631714e-02 4.290335625410079956e-02 1.654929295182228088e-02 2.308353222906589508e-02 1.086296215653419495e-01 5.919946823269128799e-03 8.295755833387374878e-03 3.653245791792869568e-02 2.280519902706146240e-02 1.100450521335005760e-03 1.317055313847959042e-03 2.421641908586025238e-02 3.212948096916079521e-03 2.905961684882640839e-02 2.027075551450252533e-02 9.800074622035026550e-03 3.557920688763260841e-03 3.419497609138488770e-02 2.095173671841621399e-02 4.713989328593015671e-03 8.734227158129215240e-03 3.026553243398666382e-02 4.389917105436325073e-02 1.720077916979789734e-02 4.495155881159007549e-04 4.596638679504394531e-02 1.160415075719356537e-02 3.327299654483795166e-02 3.380236402153968811e-02 4.035038873553276062e-02 5.620303750038146973e-02 3.676843270659446716e-02 4.599099978804588318e-02 6.743926554918289185e-02 1.630289480090141296e-02 2.926041558384895325e-02 9.999296707974281162e-06 3.158550336956977844e-02 2.312086522579193115e-02 3.487978503108024597e-02 3.281077742576599121e-02 4.066308587789535522e-02 2.123338542878627777e-02 1.560984738171100616e-02 3.227463364601135254e-02 9.180782362818717957e-03 3.092268854379653931e-02 2.270414121448993683e-02 7.569101173430681229e-03 4.297105595469474792e-03 1.410210225731134415e-02 3.674090281128883362e-02 2.775262854993343353e-02 5.339232739061117172e-04 1.334974169731140137e-02 4.585383087396621704e-02 9.143269620835781097e-03 4.969185218214988708e-03 3.006515838205814362e-02 5.429863929748535156e-02 1.237819809466600418e-02 3.136336430907249451e-02 2.393755130469799042e-02 1.591854961588978767e-03 3.941683098673820496e-02 2.490410394966602325e-02 3.065372258424758911e-02 1.359209138900041580e-02 2.721649035811424255e-02 1.897020079195499420e-02 1.681481897830963135e-01 1.190843731164932251e-01 2.045686356723308563e-02 2.565497416071593761e-04 2.410539984703063965e-02 3.104911558330059052e-02 6.930717080831527710e-02 4.659213870763778687e-02 8.086533634923398495e-04 1.584243215620517731e-02 3.677401691675186157e-03 3.401658311486244202e-02 1.307580154389142990e-02 3.075965121388435364e-02 1.753018051385879517e-02 3.176860138773918152e-02 7.562039420008659363e-03 1.981599628925323486e-02 3.322134912014007568e-02 4.410636052489280701e-02 5.204795394092798233e-03 2.249247394502162933e-02 1.670051366090774536e-02 1.570250466465950012e-02 2.785281464457511902e-02 2.283416129648685455e-02 3.618339076638221741e-02 1.935540512204170227e-02 2.784939296543598175e-02 3.296245262026786804e-02 2.959690429270267487e-02 8.986613829620182514e-04 4.385994747281074524e-02 2.706934511661529541e-02 1.959344185888767242e-02 5.607662722468376160e-03
2.550802193582057953e-02 4.005772247910499573e-02 4.000853747129440308e-02 2.153168618679046631e-02 2.893709763884544373e-02 5.999440327286720276e-03 4.320515692234039307e-02 1.197918318212032318e-02 4.416893422603607178e-01 3.083919733762741089e-02 1.454686280339956284e-02 1.535092294216156006e-02 3.037299215793609619e-02 1.390764769166707993e-02 1.299461815506219864e-02 1.846441626548767090e-02 1.114970911294221878e-02 2.399801975116133690e-03 3.978526219725608826e-02 1.536675635725259781e-02 3.120545297861099243e-02 1.041106414049863815e-02 2.841095812618732452e-02 4.608190432190895081e-02 3.655295073986053467e-02 9.680210612714290619e-03 5.804886110126972198e-03 3.965015709400177002e-02 2.466137520968914032e-02 3.282800689339637756e-02 3.337499126791954041e-02 2.108402550220489502e-03 2.931582741439342499e-02 5.152519047260284424e-02 3.131053224205970764e-02 2.695391140878200531e-02 3.773519396781921387e-02 2.658006735146045685e-02 1.871262304484844208e-02 2.576530678197741508e-03 2.221269346773624420e-02 2.639476582407951355e-02 7.445118390023708344e-03 2.369849011301994324e-02 2.114759199321269989e-02 3.911666199564933777e-02 3.264060709625482559e-03 3.531071543693542480e-02 9.727020561695098877e-02 1.643799617886543274e-02 1.362623739987611771e-02 6.299701053649187088e-03 6.012580124661326408e-04 3.666564077138900757e-02 1.471730619668960571e-01 2.190776541829109192e-02 4.574328660964965820e-02 2.636019885540008545e-02 3.480045124888420105e-02 2.918222919106483459e-02 5.776046589016914368e-02 2.969777956604957581e-02 3.018687665462493896e-02 3.851665928959846497e-02 3.879708424210548401e-02 7.143162656575441360e-03 1.208162400871515274e-02 4.028180241584777832e-02 8.729024790227413177e-03 1.451664511114358902e-02 1.775163598358631134e-02 3.149965777993202209e-02 9.361488744616508484e-03 5.236119776964187622e-02 3.230312466621398926e-02 3.164927661418914795e-02 1.726873815059661865e-01 3.399563208222389221e-02 1.161701530218124390e-01 2.807735279202461243e-02 1.420310698449611664e-03 1.722940430045127869e-02 3.261727467179298401e-02 3.596471156924962997e-03 2.627797238528728485e-02 4.837107658386230469e-02 4.412772506475448608e-02 3.207913786172866821e-02 6.108141690492630005e-02 3.077840432524681091e-02 3.050274914130568504e-03 4.944600909948348999e-02 3.403254970908164978e-02 3.647588891908526421e-03 7.523417472839355469e-02 3.028312698006629944e-02 6.990291178226470947e-02 2.645930834114551544e-02 4.358682781457901001e-02 4.452805966138839722e-02 6.359308212995529175e-02 2.418537251651287079e-02 6.931844167411327362e-03 1.918221637606620789e-02 2.442735619843006134e-02 1.892700605094432831e-02 1.738792657852172852e-02 1.984719000756740570e-02 1.895339228212833405e-02 1.571032591164112091e-02 4.718855395913124084e-02 6.679773330688476562e-03 3.425561636686325073e-02 2.900106832385063171e-02 2.818683721125125885e-02 5.777357891201972961e-02
1.230240054428577423e-02 2.418706938624382019e-02 1.169246900826692581e-02 1.935725286602973938e-02 7.179022300988435745e-03 1.618077605962753296e-02 2.935356087982654572e-02 3.191541135311126709e-02 3.083919733762741089e-02 4.571296870708465576e-01 1.787020941264927387e-03 1.135329902172088623e-02 4.493029043078422546e-02 3.812208399176597595e-02 5.519416648894548416e-03 2.581769041717052460e-02 2.343294769525527954e-02 5.287073086947202682e-03 2.311104722321033478e-02 4.149347543716430664e-02 6.001328118145465851e-03 2.975409664213657379e-02 2.803721837699413300e-02 2.501092106103897095e-02 4.370015114545822144e-03 1.855008862912654877e-02 3.555275127291679382e-02 2.450603432953357697e-02 4.695241153240203857e-02 1.308736740611493587e-03 2.596647292375564575e-02 5.045473575592041016e-03 1.472296286374330521e-02 2.266823872923851013e-02 1.468694303184747696e-02 5.660506710410118103e-02 1.576544903218746185e-02 3.866447880864143372e-02 3.656576573848724365e-02 1.199103426188230515e-02 3.863713517785072327e-02 4.243527073413133621e-03 5.652671214193105698e-03 1.216837763786315918e-02 3.223206475377082825e-02 3.258215263485908508e-02 3.124346211552619934e-02 4.240803420543670654e-03 2.389584481716156006e-02 5.063743516802787781e-02 2.246858738362789154e-02 1.059115398675203323e-02 9.506381116807460785e-03 1.634745299816131592e-02 3.456626087427139282e-03 4.950841516256332397e-02 4.771801456809043884e-02 1.737104915082454681e-02 4.394921474158763885e-03 7.700521033257246017e-03 4.865903034806251526e-02 1.441716123372316360e-02 2.028287015855312347e-02 1.409857533872127533e-02 7.562429644167423248e-03 8.328011259436607361e-03 2.624591812491416931e-02 3.744183806702494621e-03 4.326714575290679932e-02 2.989465743303298950e-02 4.304721020162105560e-03 4.897172003984451294e-02 1.591979525983333588e-02 3.850477188825607300e-02 4.457585513591766357e-03 6.639811908826231956e-04 3.974854946136474609e-02 6.403620541095733643e-02 5.202473606914281845e-03 3.900697454810142517e-02 1.964935474097728729e-02 1.248918008059263229e-02 3.344132751226425171e-02 3.111049160361289978e-02 1.314267329871654510e-02 3.704302757978439331e-02 7.578004733659327030e-04 2.117512188851833344e-02 5.604720488190650940e-02 2.519246004521846771e-02 2.116884663701057434e-02 3.266819566488265991e-02 4.428688064217567444e-02 1.131004840135574341e-02 3.606154769659042358e-02 1.764271967113018036e-02 4.354919120669364929e-02 2.676304057240486145e-02 6.268875673413276672e-03 7.304808124899864197e-03 4.639612510800361633e-02 6.089563015848398209e-03 2.079242281615734100e-02 1.463732961565256119e-02 1.947873458266258240e-02 3.200735151767730713e-02 4.249670077115297318e-03 2.502561546862125397e-02 9.418128989636898041e-03 3.082657791674137115e-02 2.285561338067054749e-02 3.215070068836212158e-02 3.280822932720184326e-02 3.039021790027618408e-02 1.608219742774963379e-02 7.036808412522077560e-03
1.202931702136993408e-01 6.598731875419616699e-02 5.902933422476053238e-03 5.327812395989894867e-03 2.304964885115623474e-02 1.820384338498115540e-02 2.493550814688205719e-02 1.773285120725631714e-02 1.454686280339956284e-02 1.787020941264927387e-03 4.475661516189575195e-01 4.376371204853057861e-02 1.113606467843055725e-01 3.410224337130784988e-03 8.281359076499938965e-02 4.203371703624725342e-02 4.222827777266502380e-02 7.195005193352699280e-03 2.515904977917671204e-02 9.351588785648345947e-03 4.848625138401985168e-02 8.248551189899444580e-02 1.631168462336063385e-02 4.539270326495170593e-02 1.473425514996051788e-02 2.807656303048133850e-02 4.098973795771598816e-02 3.153742104768753052e-02 3.986369818449020386e-02 3.931760415434837341e-02 3.573544323444366455e-02 2.906539849936962128e-02 9.184693917632102966e-03 1.163364481180906296e-02 2.679060585796833038e-02 4.380704835057258606e-02 3.468912094831466675e-02 1.396584324538707733e-02 5.307763349264860153e-03 3.844280540943145752e-02 1.162728015333414078e-02 3.490386530756950378e-02 2.565473690629005432e-02 4.526610672473907471e-02 1.344359107315540314e-02 2.218030206859111786e-02 5.386858712881803513e-03 1.320397481322288513e-02 2.030972950160503387e-02 2.747854962944984436e-02 3.052980266511440277e-02 2.618599683046340942e-02 1.769270747900009155e-02 4.035528749227523804e-02 3.166384249925613403e-02 1.838750019669532776e-02 3.123474307358264923e-02 1.645529828965663910e-02 5.176423117518424988e-03 1.376635767519474030e-02 1.899449340999126434e-02 4.296289756894111633e-02 2.472821157425642014e-03 8.735461160540580750e-03 2.578977122902870178e-02 1.949646696448326111e-02 5.237560719251632690e-03 4.527809843420982361e-02 2.487076912075281143e-03 1.317413989454507828e-02 3.575550764799118042e-02 5.443789809942245483e-02 1.307460665702819824e-02 3.138371929526329041e-02 5.517585203051567078e-02 1.397194433957338333e-02 1.248263474553823471e-02 2.425373904407024384e-02 2.912177890539169312e-02 4.001027345657348633e-02 6.272669415920972824e-03 8.255268447101116180e-03 3.360430151224136353e-02 2.761022932827472687e-02 2.730774320662021637e-02 3.980312496423721313e-03 9.130220115184783936e-02 6.065399199724197388e-02 2.549207955598831177e-02 3.848714381456375122e-02 1.222988311201334000e-02 3.818654268980026245e-02 2.447537705302238464e-02 4.787309467792510986e-02 4.245474003255367279e-03 1.842048764228820801e-02 7.753914222121238708e-03 1.301097124814987183e-02 1.647705957293510437e-02 2.575618214905261993e-02 4.013364389538764954e-02 1.223387941718101501e-02 1.149222347885370255e-02 1.731782034039497375e-02 4.184447973966598511e-02 3.930158913135528564e-02 2.951652742922306061e-03 2.104020863771438599e-02 1.550283841788768768e-02 2.960167266428470612e-02 5.849428474903106689e-03 1.579029485583305359e-02 1.436309050768613815e-02 2.798397839069366455e-02 2.533764392137527466e-02 2.605551667511463165e-02
4.836908774450421333e-04 2.912445226684212685e-03 2.977704443037509918e-02 2.720395289361476898e-02 5.269818380475044250e-02 6.135259196162223816e-02 5.853920429944992065e-02 4.290335625410079956e-02 1.535092294216156006e-02 1.135329902172088623e-02 4.376371204853057861e-02 4.479781091213226318e-01 3.082389570772647858e-02 1.534454673528671265e-01 3.292496874928474426e-02 1.376137882471084595e-02 7.731591816991567612e-03 2.342703938484191895e-02 5.071663856506347656e-02 4.056376963853836060e-02 2.033075504004955292e-02 2.750174887478351593e-02 4.683773592114448547e-02 1.077640242874622345e-02 3.243914805352687836e-03 5.012386478483676910e-03 5.456247366964817047e-03 1.147917956113815308e-01 3.757824003696441650e-02 1.062872037291526794e-01 1.780075207352638245e-02 4.310565814375877380e-02 2.394541911780834198e-02 1.644973084330558777e-02 2.416748926043510437e-02 7.546922191977500916e-03 9.257138706743717194e-03 2.992860227823257446e-02 1.766997948288917542e-02 2.213295921683311462e-02 4.768629558384418488e-03 1.381949800997972488e-02 1.952528953552246094e-02 2.838648483157157898e-02 1.755705662071704865e-02 5.236549675464630127e-02 2.238575927913188934e-02 2.882427349686622620e-02 1.089453231543302536e-02 1.544706709682941437e-02 2.154560200870037079e-02 2.777522895485162735e-03 2.119799703359603882e-02 2.297986298799514771e-02 4.798967391252517700e-02 2.257932722568511963e-02 8.627229370176792145e-03 2.251271344721317291e-02 3.861739486455917358e-02 3.490769013296812773e-04 1.258263830095529556e-02 4.257838428020477295e-02 6.281447131186723709e-03 2.061299979686737061e-02 2.628821507096290588e-02 5.151059105992317200e-02 3.062340989708900452e-02 1.562480442225933075e-02 3.689438104629516602e-03 1.695602200925350189e-02 5.172469466924667358e-02 2.339369058609008789e-02 1.857123221270740032e-03 3.062415635213255882e-03 1.085638301447033882e-03 1.469479128718376160e-02 1.719137420877814293e-03 2.943341434001922607e-02 2.613306418061256409e-02 1.691616885364055634e-02 2.139740064740180969e-02 2.783059515058994293e-02 2.970614098012447357e-02 6.380733102560043335e-02 3.354883939027786255e-02 1.724130287766456604e-02 5.160706117749214172e-02 3.243800997734069824e-02 8.056101389229297638e-03 3.366223536431789398e-03 5.465964227914810181e-02 2.333152480423450470e-02 3.534612059593200684e-02 1.469342224299907684e-02 3.156677260994911194e-02 3.591726720333099365e-02 1.765440800227224827e-03 1.134393922984600067e-02 7.890707347542047501e-04 1.186777465045452118e-02 2.097442187368869781e-02 5.748863518238067627e-02 2.720707654953002930e-02 5.893385969102382660e-05 2.087211003527045250e-03 3.487478196620941162e-02 3.583157062530517578e-02 6.816472159698605537e-04 1.739438250660896301e-02 4.353095218539237976e-02 4.981498047709465027e-02 7.420296780765056610e-03 1.552068442106246948e-02 1.299982797354459763e-02 2.285722270607948303e-02 1.575219444930553436e-03
5.835555493831634521e-02 6.032532081007957458e-02 3.829776123166084290e-02 4.251436144113540649e-02 2.375624142587184906e-03 1.867699623107910156e-02 1.423175446689128876e-03 1.654929295182228088e-02 3.037299215793609619e-02 4.493029043078422546e-02 1.113606467843055725e-01 3.082389570772647858e-02 4.480784535408020020e-01 1.485213544219732285e-02 1.669004559516906738e-02 2.220170758664608002e-02 3.787741810083389282e-02 3.595229610800743103e-02 2.791621908545494080e-02 5.169443786144256592e-03 7.611356209963560104e-03 2.739817090332508087e-02 1.536629162728786469e-02 1.939159259200096130e-02 6.258960813283920288e-03 8.448083885014057159e-03 4.265060182660818100e-03 2.816664054989814758e-02 2.928893826901912689e-02 2.497986517846584320e-02 4.387166723608970642e-02 8.865830488502979279e-03 2.324518375098705292e-02 2.022714616032317281e-04 1.725080236792564392e-02 7.858547614887356758e-04 1.438790932297706604e-02 2.127221412956714630e-02 2.146625518798828125e-02 2.572043612599372864e-02 2.718466706573963165e-02 1.121542789041996002e-02 1.033016853034496307e-02 3.383786603808403015e-02 4.714244231581687927e-02 3.483070060610771179e-02 3.843235597014427185e-02 1.350587978959083557e-02 3.737303242087364197e-02 3.446869552135467529e-02 1.907884143292903900e-02 3.367309644818305969e-02 2.262735553085803986e-02 7.138197869062423706e-02 3.338884934782981873e-02 4.567961394786834717e-02 1.520805992186069489e-02 5.775270983576774597e-03 3.330966830253601074e-02 3.779345378279685974e-02 5.983700603246688843e-02 4.299357160925865173e-02 5.309591069817543030e-02 1.557709090411663055e-02 8.006314933300018311e-02 8.283250033855438232e-02 8.698959834873676300e-03 1.579958130605518818e-03 3.100484237074851990e-02 2.612616308033466339e-02 4.309101402759552002e-02 1.616376265883445740e-02 2.332662045955657959e-02 3.860049694776535034e-02 2.237544022500514984e-02 4.992581531405448914e-02 4.971691523678600788e-04 1.506513077765703201e-02 9.725305251777172089e-03 1.542968396097421646e-02 3.371948376297950745e-02 2.425350714474916458e-03 1.130739785730838776e-02 3.139219805598258972e-02 4.059294238686561584e-02 9.396289475262165070e-03 1.909844763576984406e-02 2.491249935701489449e-03 3.093820763751864433e-03 2.696672640740871429e-02 3.719495981931686401e-02 1.923543587327003479e-02 6.664901971817016602e-02 5.200847052037715912e-03 4.529475700110197067e-03 2.591950446367263794e-02 2.601440064609050751e-02 4.217091947793960571e-02 4.162610322237014771e-02 1.859651878476142883e-02 2.322357147932052612e-02 1.615975983440876007e-02 1.292557455599308014e-02 1.709355786442756653e-02 2.762765064835548401e-02 7.317112293094396591e-03 8.695660158991813660e-03 1.719832792878150940e-02 3.947331570088863373e-03 4.277055710554122925e-02 4.461419209837913513e-02 2.946844790130853653e-03 1.238719746470451355e-02 3.898130031302571297e-03 2.898386307060718536e-02 1.516086515039205551e-02
