5.199589729309082031e-01 1.764144301414489746e-01 3.371750190854072571e-02 1.350293029099702835e-02 2.557118237018585205e-02 1.321269869804382324e-01 8.776396512985229492e-02 2.065685950219631195e-02 2.973213233053684235e-02 1.991421543061733246e-02 1.612901836633682251e-01 1.203966233879327774e-02 1.371863037347793579e-01 1.803020760416984558e-02 1.454910077154636383e-02 1.873577479273080826e-03 4.123548045754432678e-02 2.112234756350517273e-02 6.256201770156621933e-03 1.964143477380275726e-02 4.533893242478370667e-02 1.650150492787361145e-02 3.861093521118164062e-02 3.502152487635612488e-02 1.463264226913452148e-02 1.165990834124386311e-03 9.685059078037738800e-03 2.357554063200950623e-02 3.736314177513122559e-02 8.878599852323532104e-03 2.580581046640872955e-02 1.772205345332622528e-02 3.830701485276222229e-02 4.353840649127960205e-02 1.818774640560150146e-02 2.299750782549381256e-02 3.910049051046371460e-02 1.539195701479911804e-02 4.686287045478820801e-02 1.821106858551502228e-02 5.448890849947929382e-03 1.271852757781744003e-02 3.176763653755187988e-02 1.342497300356626511e-02 1.005762163549661636e-02 7.016028277575969696e-03 1.361706554889678955e-01 6.569519639015197754e-02 2.363801375031471252e-02 1.667926646769046783e-02 4.032400250434875488e-02 1.126587763428688049e-02 1.065169461071491241e-02 3.250742331147193909e-02 5.374245811253786087e-03 3.811604157090187073e-02 1.292661670595407486e-02 2.152757532894611359e-02 4.052544385194778442e-02 1.954929716885089874e-02 4.539899900555610657e-02 6.091244518756866455e-03 9.915718808770179749e-03 2.233725041151046753e-02 3.536325320601463318e-02 7.171265780925750732e-02 2.279615774750709534e-02 3.712460771203041077e-02 3.132661059498786926e-02 1.474763918668031693e-02 1.910563744604587555e-02 3.474253416061401367e-02 1.101322588510811329e-03 8.349856361746788025e-03 1.151057425886392593e-03 3.156352043151855469e-02 2.626413851976394653e-02 8.267260156571865082e-03 1.928174123167991638e-02 4.104942828416824341e-02 3.353671729564666748e-02 3.980029746890068054e-02 1.639195904135704041e-02 2.213448286056518555e-02 2.517745597288012505e-04 2.020309865474700928e-02 3.431348502635955811e-02 1.457267720252275467e-02 1.717818155884742737e-02 2.900963276624679565e-02 5.563595145940780640e-02 8.706113323569297791e-03 3.755939379334449768e-02 4.169086739420890808e-02 2.737142331898212433e-02 4.101603757590055466e-03 2.763511054217815399e-02 3.198499232530593872e-02 1.331477146595716476e-02 2.102875150740146637e-02 1.771393790841102600e-02 1.478096842765808105e-02 1.821741648018360138e-02 4.964192956686019897e-02 1.871284097433090210e-03 4.344650730490684509e-02 2.940198034048080444e-02 4.123298078775405884e-02 2.297938056290149689e-02 8.076170459389686584e-03 6.016667466610670090e-03 2.063969336450099945e-02 4.262448847293853760e-02 2.600231394171714783e-02 1.794005371630191803e-02 4.174664244055747986e-02
1.764144301414489746e-01 5.243336558341979980e-01 1.603198610246181488e-02 2.443512342870235443e-02 1.116279978305101395e-02 1.603147685527801514e-01 1.245588287711143494e-01 1.698602363467216492e-02 4.498083516955375671e-02 1.406079716980457306e-02 1.480984836816787720e-01 1.250703819096088409e-02 1.513624936342239380e-01 2.952349931001663208e-02 3.324745222926139832e-02 1.616091653704643250e-02 3.447064012289047241e-02 3.100506030023097992e-02 2.936775796115398407e-02 6.156228948384523392e-03 3.823480755090713501e-02 1.218600897118449211e-03 3.340975195169448853e-02 2.517471835017204285e-02 1.519778044894337654e-03 4.192924243398010731e-04 1.864369725808501244e-03 1.230357959866523743e-02 5.233595892786979675e-02 5.495873745530843735e-03 2.724854275584220886e-03 8.036905899643898010e-03 3.451374918222427368e-02 2.859709411859512329e-02 2.145580388605594635e-02 9.119142778217792511e-03 3.060198761522769928e-02 6.146932020783424377e-03 1.985535398125648499e-02 3.528665751218795776e-03 1.824803091585636139e-02 3.523590043187141418e-02 3.610744327306747437e-02 4.091685172170400620e-03 2.888831309974193573e-02 1.275110640563070774e-03 1.339222341775894165e-01 8.116406202316284180e-02 2.820677822455763817e-03 3.460496664047241211e-02 2.006229571998119354e-02 1.824472285807132721e-02 1.130607328377664089e-03 4.215974360704421997e-02 4.461546894162893295e-03 2.309456840157508850e-02 8.074034936726093292e-03 3.100755065679550171e-02 2.343561872839927673e-02 5.145576782524585724e-03 2.377338893711566925e-02 6.694248411804437637e-03 6.391463335603475571e-03 3.223967924714088440e-02 2.618333883583545685e-02 7.337665557861328125e-02 7.273263763636350632e-03 5.128813162446022034e-02 3.757143393158912659e-02 1.846234686672687531e-02 9.700562804937362671e-03 2.411366999149322510e-02 1.843355409801006317e-02 3.053369373083114624e-02 3.048963472247123718e-02 2.295836433768272400e-02 3.496061265468597412e-02 6.123424507677555084e-03 2.084501273930072784e-02 2.822903171181678772e-02 1.934476546011865139e-03 4.252207931131124496e-03 1.585045363754034042e-03 7.050883490592241287e-03 1.842985302209854126e-02 1.940665394067764282e-02 4.169156029820442200e-02 3.323426470160484314e-02 3.578585386276245117e-02 2.723909355700016022e-02 3.318756818771362305e-02 3.463101387023925781e-02 1.985158771276473999e-02 2.278973348438739777e-02 2.314233407378196716e-02 3.359353169798851013e-03 2.993556857109069824e-02 4.176656529307365417e-02 4.867217037826776505e-03 1.120666880160570145e-02 3.592575713992118835e-02 2.339340746402740479e-02 4.232466220855712891e-02 2.974027302116155624e-03 3.872571745887398720e-03 3.130616620182991028e-02 3.451403230428695679e-02 2.947302721440792084e-02 1.624859496951103210e-02 6.737073883414268494e-03 7.611431181430816650e-03 3.706516698002815247e-02 2.861994318664073944e-02 2.949235774576663971e-02 1.747069880366325378e-02 5.128371715545654297e-02
3.371750190854072571e-02 1.603198610246181488e-02 4.515037834644317627e-01 1.149283908307552338e-02 4.791295528411865234e-02 3.812767565250396729e-02 4.294133558869361877e-02 3.482002019882202148e-02 1.703926362097263336e-02 3.495982615277171135e-03 9.343239478766918182e-03 2.514807879924774170e-02 1.253716927021741867e-02 2.857599966228008270e-02 1.294906903058290482e-02 1.810208708047866821e-02 5.841662175953388214e-03 1.448094844818115234e-02 6.990563706494867802e-04 5.006857682019472122e-03 2.371066808700561523e-02 3.085277974605560303e-02 2.342987805604934692e-02 2.719055302441120148e-02 1.514121145009994507e-02 3.494387725368142128e-03 1.074465271085500717e-02 4.387008491903543472e-03 1.473979372531175613e-02 5.184675566852092743e-03 2.353852614760398865e-03 1.586998440325260162e-02 7.623158395290374756e-02 1.752889528870582581e-02 2.554610371589660645e-02 1.362846139818429947e-02 2.540254406630992889e-02 2.947118505835533142e-02 1.205522567033767700e-02 1.602559536695480347e-02 3.354299440979957581e-02 3.757574409246444702e-02 3.253456205129623413e-02 3.131881356239318848e-02 3.454553335905075073e-02 3.644129633903503418e-02 4.944715648889541626e-03 8.032940328121185303e-03 9.241483174264431000e-03 4.283001646399497986e-02 1.798983477056026459e-02 3.548328951001167297e-02 1.944388821721076965e-02 3.338804468512535095e-03 4.692387953400611877e-02 7.548783440142869949e-03 2.011145278811454773e-02 1.916766352951526642e-02 2.478726021945476532e-02 4.223231598734855652e-02 2.770973928272724152e-02 2.381133101880550385e-02 3.998649865388870239e-02 3.258400410413742065e-02 2.985378727316856384e-02 4.202619660645723343e-03 2.821405790746212006e-02 1.254686992615461349e-02 2.432906255125999451e-02 8.358039893209934235e-03 1.791432127356529236e-02 1.719073770800605416e-04 2.297795377671718597e-02 2.871527336537837982e-02 2.680914662778377533e-02 2.475787326693534851e-02 1.502187363803386688e-02 2.635223232209682465e-02 9.487256407737731934e-03 1.438268832862377167e-02 1.893196702003479004e-01 3.861663118004798889e-02 3.401270508766174316e-02 3.821285208687186241e-03 2.162415906786918640e-02 2.321685850620269775e-02 1.309324707835912704e-02 1.304836850613355637e-02 3.749370947480201721e-02 2.212728187441825867e-02 1.924077980220317841e-02 6.025132536888122559e-02 9.835614822804927826e-03 2.410243265330791473e-02 1.303159806411713362e-04 5.840749945491552353e-04 1.383368950337171555e-02 1.442441018298268318e-03 3.675938397645950317e-02 3.945048898458480835e-02 6.452607922255992889e-03 1.713027060031890869e-02 3.448844654485583305e-03 7.978951558470726013e-03 4.831685684621334076e-03 3.984927013516426086e-02 3.866508230566978455e-02 3.531357645988464355e-02 1.332655921578407288e-02 1.442880742251873016e-02 7.886803708970546722e-03 2.050300315022468567e-02 2.082713507115840912e-02 3.212872520089149475e-02 1.006707176566123962e-02 2.901752851903438568e-02
1.350293029099702835e-02 2.443512342870235443e-02 1.149283908307552338e-02 5.035931468009948730e-01 5.345925688743591309e-02 3.442587330937385559e-02 4.504188150167465210e-02 2.763225510716438293e-02 9.166781790554523468e-03 3.999149799346923828e-02 2.608202397823333740e-02 4.210073500871658325e-02 2.769337967038154602e-02 2.935896813869476318e-02 4.033946245908737183e-02 5.820617452263832092e-02 9.054674766957759857e-03 7.892435789108276367e-02 3.865112736821174622e-02 5.840753763914108276e-02 3.170311078429222107e-02 2.850122936069965363e-02 3.768667206168174744e-02 3.224955499172210693e-02 2.632376179099082947e-02 2.107696235179901123e-02 7.004376500844955444e-03 4.164706170558929443e-02 1.206049881875514984e-02 2.016606181859970093e-02 4.228038340806961060e-02 1.113707199692726135e-02 5.280739814043045044e-02 2.709458209574222565e-02 2.812196500599384308e-02 4.186264798045158386e-02 3.502521663904190063e-02 2.035583183169364929e-02 1.055718436837196350e-01 2.635044977068901062e-03 2.616394497454166412e-02 3.521465137600898743e-02 5.285096913576126099e-02 3.584846109151840210e-02 2.244801819324493408e-02 3.150902688503265381e-02 3.128883987665176392e-02 1.957705244421958923e-02 3.608161583542823792e-03 2.210369566455483437e-03 3.231557831168174744e-02 3.433930128812789917e-02 2.752910554409027100e-02 8.329175412654876709e-03 4.360116645693778992e-02 4.920646920800209045e-02 1.025713607668876648e-02 4.441896826028823853e-02 1.677705533802509308e-02 3.832305222749710083e-02 3.512841835618019104e-02 4.286477342247962952e-02 6.926368176937103271e-02 3.676643595099449158e-02 2.505454234778881073e-02 4.872412979602813721e-02 3.014925122261047363e-02 2.103542163968086243e-02 6.190509535372257233e-03 9.468360804021358490e-03 5.513737443834543228e-03 1.238137949258089066e-02 1.123040392994880676e-01 2.449499629437923431e-02 8.959859609603881836e-02 1.316459849476814270e-02 3.189148753881454468e-02 1.875640265643596649e-02 2.734464406967163086e-02 4.935738816857337952e-02 5.938629806041717529e-02 2.155285142362117767e-02 7.420942187309265137e-02 1.352798659354448318e-02 1.532359421253204346e-02 3.952049836516380310e-02 1.701746508479118347e-02 5.478704813867807388e-03 6.342906504869461060e-02 1.322815101593732834e-02 7.640752475708723068e-03 1.235196460038423538e-02 2.546300645917654037e-03 2.590300887823104858e-02 4.376512765884399414e-02 4.548108577728271484e-02 4.319868981838226318e-02 7.076980080455541611e-03 7.018167059868574142e-03 3.138660686090588570e-03 4.671310633420944214e-02 5.747107788920402527e-03 3.666163980960845947e-02 3.090646676719188690e-02 2.565196715295314789e-02 2.385886944830417633e-02 3.937977179884910583e-02 3.369174152612686157e-02 1.371899899095296860e-02 2.086465805768966675e-02 5.306810513138771057e-02 2.557578310370445251e-02 5.236586183309555054e-02 4.873724281787872314e-02 1.629394106566905975e-02 3.690419718623161316e-02
2.557118237018585205e-02 1.116279978305101395e-02 4.791295528411865234e-02 5.345925688743591309e-02 4.682681560516357422e-01 5.891636945307254791e-03 1.748135313391685486e-02 2.503885887563228607e-02 1.032528746873140335e-02 7.759361062198877335e-03 2.319136634469032288e-02 2.533947490155696869e-02 4.147250577807426453e-02 2.607001224532723427e-03 5.641369894146919250e-02 2.811742201447486877e-02 3.145626187324523926e-02 4.159404709935188293e-02 4.904610104858875275e-03 2.265004208311438560e-03 5.797090940177440643e-03 3.898115828633308411e-02 4.074154421687126160e-02 2.435888908803462982e-02 8.664523251354694366e-03 2.514979802072048187e-02 3.732581436634063721e-02 4.026625677943229675e-02 2.227363362908363342e-02 1.797712221741676331e-02 2.382913604378700256e-02 1.528947427868843079e-02 3.143413364887237549e-02 2.414119243621826172e-02 3.283165767788887024e-02 2.983252052217721939e-03 8.611163124442100525e-03 1.088866870850324631e-02 6.177367269992828369e-02 9.204438328742980957e-02 2.410457655787467957e-02 4.234036430716514587e-02 9.712689556181430817e-03 3.177839145064353943e-02 8.207732811570167542e-03 5.795374140143394470e-02 1.612881943583488464e-02 4.563466832041740417e-02 5.177811253815889359e-03 3.947680816054344177e-02 5.681192874908447266e-02 2.724943682551383972e-02 4.566842317581176758e-02 1.034832652658224106e-02 2.084414847195148468e-02 2.434753254055976868e-02 2.358666248619556427e-02 2.135210298001766205e-02 7.975862920284271240e-02 5.552662163972854614e-02 2.557604946196079254e-02 3.160464391112327576e-02 2.524907700717449188e-02 2.933887299150228500e-03 1.811726763844490051e-02 4.304460436105728149e-02 1.901269704103469849e-02 5.034157261252403259e-02 1.158670708537101746e-02 7.808684022165834904e-04 1.286754943430423737e-02 6.504183984361588955e-04 1.549350563436746597e-02 1.991085475310683250e-03 4.981720447540283203e-02 5.420214310288429260e-02 2.270969003438949585e-02 6.997490767389535904e-03 3.702278062701225281e-02 1.180778443813323975e-02 3.340882807970046997e-02 1.051043998450040817e-02 2.396848611533641815e-02 1.470830570906400681e-02 4.734035208821296692e-02 2.269972674548625946e-02 2.120053023099899292e-02 1.785705052316188812e-02 5.418629944324493408e-02 1.246750913560390472e-02 3.939817473292350769e-02 1.099146902561187744e-03 3.393309563398361206e-02 1.174111384898424149e-02 2.005398645997047424e-02 3.016538359224796295e-02 2.793809212744235992e-02 4.877045005559921265e-02 2.235603146255016327e-02 1.835756748914718628e-02 2.081517502665519714e-02 3.143835812807083130e-02 1.550921797752380371e-02 5.230795359238982201e-04 1.523468550294637680e-02 3.206383809447288513e-02 1.704690232872962952e-02 2.821775712072849274e-02 3.304666280746459961e-02 2.016299962997436523e-02 4.816129337996244431e-03 1.284763216972351074e-02 8.059708401560783386e-03 3.098091483116149902e-02 3.766234219074249268e-02 7.072547916322946548e-03
1.321269869804382324e-01 1.603147685527801514e-01 3.812767565250396729e-02 3.442587330937385559e-02 5.891636945307254791e-03 5.188198089599609375e-01 1.571149677038192749e-01 1.141329482197761536e-02 4.495562613010406494e-02 1.505000889301300049e-02 1.130198314785957336e-01 1.383528579026460648e-03 1.217816993594169617e-01 1.116754487156867981e-02 4.754461720585823059e-02 1.262190472334623337e-02 3.177146241068840027e-02 2.623272314667701721e-02 3.805435076355934143e-02 5.394077394157648087e-03 8.679047226905822754e-03 1.486061327159404755e-02 1.427553873509168625e-02 2.577309682965278625e-02 1.122068427503108978e-02 1.385587733238935471e-02 6.295855622738599777e-03 2.450651954859495163e-03 2.676983177661895752e-02 2.255454100668430328e-02 1.572065055370330811e-02 3.385340422391891479e-02 1.746243797242641449e-02 3.528502956032752991e-02 2.226970344781875610e-02 7.858323864638805389e-03 1.789295696653425694e-03 1.355481799691915512e-02 2.596329338848590851e-02 5.887859966605901718e-03 8.965838700532913208e-03 5.018474068492650986e-03 3.011065535247325897e-02 3.472658619284629822e-02 2.018316276371479034e-02 2.039694041013717651e-02 1.586438119411468506e-01 8.581908047199249268e-02 1.462617143988609314e-02 4.786258935928344727e-02 5.738720297813415527e-03 3.473361255601048470e-03 4.800937604159116745e-04 4.703170061111450195e-02 8.849412202835083008e-03 9.994471445679664612e-03 3.393313288688659668e-02 3.866958618164062500e-02 1.377491396851837635e-03 8.915622718632221222e-03 2.931667724624276161e-03 8.153105154633522034e-03 1.845316216349601746e-02 1.828847080469131470e-02 4.425630439072847366e-03 6.642897427082061768e-02 2.067954838275909424e-02 4.416930302977561951e-02 1.830724254250526428e-02 2.193169668316841125e-03 7.322454359382390976e-03 1.120926439762115479e-02 3.389861434698104858e-02 2.919303439557552338e-02 2.078236825764179230e-02 1.676947623491287231e-02 4.318697378039360046e-02 1.632306375540792942e-03 1.754425093531608582e-02 3.233220800757408142e-02 3.426508232951164246e-02 3.215520456433296204e-02 1.432653516530990601e-02 1.085306610912084579e-02 1.058851089328527451e-02 2.914675138890743256e-02 3.102941438555717468e-02 9.195378050208091736e-03 4.398822411894798279e-02 8.216146379709243774e-03 1.757805794477462769e-02 2.516430988907814026e-02 1.352464687079191208e-02 3.087246231734752655e-02 1.689397916197776794e-02 1.997465081512928009e-02 2.477251552045345306e-02 4.606720805168151855e-02 4.006132110953330994e-02 2.410118654370307922e-02 2.300200238823890686e-02 4.214748274534940720e-03 3.191636875271797180e-02 3.893315792083740234e-03 2.066830359399318695e-02 3.457528725266456604e-02 1.066447980701923370e-02 2.812502160668373108e-02 1.541271805763244629e-02 2.210429497063159943e-02 1.106441393494606018e-02 3.368166089057922363e-02 1.459715422242879868e-02 1.708178408443927765e-02 1.095598470419645309e-02 3.326808661222457886e-02
8.776396512985229492e-02 1.245588287711143494e-01 4.294133558869361877e-02 4.504188150167465210e-02 1.748135313391685486e-02 1.571149677038192749e-01 5.212980508804321289e-01 1.648049987852573395e-02 3.907009959220886230e-02 4.841221868991851807e-02 8.558975905179977417e-02 3.024240722879767418e-03 9.427990019321441650e-02 1.870884746313095093e-02 3.227642178535461426e-02 4.442478716373443604e-02 3.203352913260459900e-02 2.897835895419120789e-02 1.086925435811281204e-02 1.805474795401096344e-02 6.145694758743047714e-03 3.652144223451614380e-02 1.081186067312955856e-02 3.940033540129661560e-02 1.016615331172943115e-02 2.415145980194211006e-03 2.106349170207977295e-02 2.103510871529579163e-02 4.248978942632675171e-02 3.096911869943141937e-02 1.471189688891172409e-02 2.487128973007202148e-02 2.361004613339900970e-02 3.115899860858917236e-02 1.498639117926359177e-02 6.633842363953590393e-03 1.387838623486459255e-03 2.874226076528429985e-03 1.745140738785266876e-02 9.396182373166084290e-03 8.698791265487670898e-03 3.841402009129524231e-02 3.351286798715591431e-02 1.414886023849248886e-02 3.453872725367546082e-02 1.112487632781267166e-02 1.295222342014312744e-01 1.116616800427436829e-01 2.129110507667064667e-03 5.037099868059158325e-02 1.058363448828458786e-02 7.331552449613809586e-03 7.131987251341342926e-03 4.842790216207504272e-02 2.326248679310083389e-03 8.484687656164169312e-03 4.969271272420883179e-02 3.566021844744682312e-02 1.070265006273984909e-02 2.458174712955951691e-02 3.387340530753135681e-02 2.107723150402307510e-03 7.282918319106101990e-03 2.573926933109760284e-02 2.493144711479544640e-03 6.871399283409118652e-02 4.022676963359117508e-03 3.223394975066184998e-02 3.966946154832839966e-02 3.117046132683753967e-02 2.361688995733857155e-03 1.554824691265821457e-02 4.684807360172271729e-02 4.190962016582489014e-02 7.795000448822975159e-03 1.845556497573852539e-02 1.899833977222442627e-02 1.332957856357097626e-02 2.723156102001667023e-02 8.290561381727457047e-04 2.746376767754554749e-02 3.927573934197425842e-02 2.235286124050617218e-02 2.137307450175285339e-02 5.269789136946201324e-03 2.098375745117664337e-02 3.815404325723648071e-02 3.118134103715419769e-02 3.756519779562950134e-02 2.034530788660049438e-02 1.936542987823486328e-02 3.658397495746612549e-02 4.494150727987289429e-02 4.990168660879135132e-02 7.201259955763816833e-03 2.446581609547138214e-02 2.709309570491313934e-02 5.501397699117660522e-02 2.642871579155325890e-03 9.135527536273002625e-03 3.993748873472213745e-02 4.532639868557453156e-03 4.754936695098876953e-02 1.650452613830566406e-02 7.318355143070220947e-03 4.724188521504402161e-02 1.064790505915880203e-02 1.828924939036369324e-02 5.570702720433473587e-03 1.297159027308225632e-02 1.325490511953830719e-02 1.425588037818670273e-02 4.815981723368167877e-03 3.630910813808441162e-02 3.494512289762496948e-03 3.502030158415436745e-03
2.065685950219631195e-02 1.698602363467216492e-02 3.482002019882202148e-02 2.763225510716438293e-02 2.503885887563228607e-02 1.141329482197761536e-02 1.648049987852573395e-02 4.570666551589965820e-01 3.686979040503501892e-02 3.469742089509963989e-02 8.832998573780059814e-03 1.267847139388322830e-02 4.006277024745941162e-02 1.361593324691057205e-02 2.362842485308647156e-02 1.000861637294292450e-02 3.424955531954765320e-02 3.256946429610252380e-02 1.257527526468038559e-02 4.882046021521091461e-03 3.197684511542320251e-02 3.005013428628444672e-02 2.623727358877658844e-02 5.895163863897323608e-03 1.263463124632835388e-02 1.652407087385654449e-02 2.611436322331428528e-02 1.834806613624095917e-02 4.041185602545738220e-02 1.252297684550285339e-02 2.857510186731815338e-02 2.933045662939548492e-02 2.343389391899108887e-02 9.108331985771656036e-03 4.150261357426643372e-02 4.901847243309020996e-02 7.796008884906768799e-02 6.439590360969305038e-04 3.791257739067077637e-02 1.914911717176437378e-02 6.209081038832664490e-03 4.069927334785461426e-02 1.791434013284742832e-03 4.395884275436401367e-02 3.055588714778423309e-02 4.846159834414720535e-03 2.680788189172744751e-02 6.475580739788711071e-04 3.020342439413070679e-02 2.841729903593659401e-03 3.043060377240180969e-02 4.611633718013763428e-02 3.295279294252395630e-02 1.844530366361141205e-02 1.044026482850313187e-02 7.750119082629680634e-03 2.198953181505203247e-02 4.759466741234064102e-03 6.707509513944387436e-03 4.343026131391525269e-02 3.829301148653030396e-02 2.478105761110782623e-02 7.485480513423681259e-03 3.570997342467308044e-02 2.562131360173225403e-02 1.915944553911685944e-02 1.599112898111343384e-02 8.027053438127040863e-03 2.492652274668216705e-02 3.200445696711540222e-02 2.717266418039798737e-02 6.743152625858783722e-03 2.444958500564098358e-02 4.405581578612327576e-02 2.298979461193084717e-02 2.369442209601402283e-02 1.045173034071922302e-02 1.340498402714729309e-02 4.590356722474098206e-02 5.767459794878959656e-02 6.959277391433715820e-02 1.562392991036176682e-02 6.885239854454994202e-03 2.218369767069816589e-02 7.718142122030258179e-03 4.437651112675666809e-02 7.251019589602947235e-03 1.628629676997661591e-02 2.380626276135444641e-03 1.160019170492887497e-02 4.030112549662590027e-02 1.140395458787679672e-02 9.683211334049701691e-03 3.025616519153118134e-03 1.613842323422431946e-02 4.435208439826965332e-02 1.210759952664375305e-02 6.874212529510259628e-03 4.098280519247055054e-02 3.062680549919605255e-02 4.465089365839958191e-02 3.806986613199114799e-03 3.614180535078048706e-02 2.267448976635932922e-02 3.603812307119369507e-03 1.346257328987121582e-02 7.201681146398186684e-04 3.743738308548927307e-02 3.012878121808171272e-03 1.752274669706821442e-02 8.995244279503822327e-03 2.317170053720474243e-02 2.927597612142562866e-02 2.561902441084384918e-02 1.744408905506134033e-02 3.327798098325729370e-02
2.973213233053684235e-02 4.498083516955375671e-02 1.703926362097263336e-02 9.166781790554523468e-03 1.032528746873140335e-02 4.495562613010406494e-02 3.907009959220886230e-02 3.686979040503501892e-02 4.862435460090637207e-01 3.726999089121818542e-02 6.945427041500806808e-03 1.350370142608880997e-02 2.072764188051223755e-02 2.114708721637725830e-02 3.146924078464508057e-02 1.895011053420603275e-03 4.963627457618713379e-02 9.548593312501907349e-02 1.235284656286239624e-02 1.012120302766561508e-02 2.197699807584285736e-02 4.820577334612607956e-03 2.620478160679340363e-02 4.570895060896873474e-02 3.317708522081375122e-02 8.397087454795837402e-02 2.744043618440628052e-02 3.570892661809921265e-02 9.292999282479286194e-03 2.081505954265594482e-02 4.270988330245018005e-02 5.590910837054252625e-02 1.212390977889299393e-02 1.453785132616758347e-02 2.300239168107509613e-02 3.838070109486579895e-02 3.902137512341141701e-03 2.718034200370311737e-02 1.712741702795028687e-02 2.340872585773468018e-02 2.526522986590862274e-02 2.831692248582839966e-02 2.395265735685825348e-02 1.407880522310733795e-02 1.925528794527053833e-02 2.122552692890167236e-02 2.575712464749813080e-02 4.491497203707695007e-02 4.252661950886249542e-03 4.013930447399616241e-03 4.987386055290699005e-03 1.170109491795301437e-02 2.985433116555213928e-02 2.647115848958492279e-02 6.468404084444046021e-02 4.139002412557601929e-02 1.898024044930934906e-02 3.409973159432411194e-02 1.257858821190893650e-03 3.729343041777610779e-02 1.515106484293937683e-02 1.537712756544351578e-02 3.258312121033668518e-02 3.444543480873107910e-02 2.988802082836627960e-02 1.244710001628845930e-04 5.850164685398340225e-03 1.740393601357936859e-02 6.281222216784954071e-03 4.804103448987007141e-02 1.085502933710813522e-02 3.050426952540874481e-02 3.583278506994247437e-02 5.017650872468948364e-02 7.695886306464672089e-03 3.308815136551856995e-02 1.050460785627365112e-01 2.957032993435859680e-02 1.168520972132682800e-01 2.407993003726005554e-02 4.009862430393695831e-03 8.724261075258255005e-03 7.431861013174057007e-04 5.215144529938697815e-02 9.610378183424472809e-03 3.477084264159202576e-02 1.129479613155126572e-03 5.498080700635910034e-02 1.476195082068443298e-02 3.851592540740966797e-02 4.653769358992576599e-02 1.993817649781703949e-02 4.269155859947204590e-02 2.682395745068788528e-03 2.779227495193481445e-02 4.902440682053565979e-02 3.377102687954902649e-02 7.213156204670667648e-03 2.936761453747749329e-02 5.059859156608581543e-02 1.441934425383806229e-02 2.149353176355361938e-02 4.734193533658981323e-02 1.859858073294162750e-02 5.862158723175525665e-03 7.058337330818176270e-02 2.615780336782336235e-03 2.321996353566646576e-02 3.683916479349136353e-02 3.523652628064155579e-02 5.138713121414184570e-02 4.111404344439506531e-02 7.834492251276969910e-03 1.536726765334606171e-02 4.231521114706993103e-02 1.171846687793731689e-02
1.991421543061733246e-02 1.406079716980457306e-02 3.495982615277171135e-03 3.999149799346923828e-02 7.759361062198877335e-03 1.505000889301300049e-02 4.841221868991851807e-02 3.469742089509963989e-02 3.726999089121818542e-02 4.930268526077270508e-01 2.232864499092102051e-02 3.010834008455276489e-02 1.802565180696547031e-03 1.027832645922899246e-02 6.231652107089757919e-03 5.590099468827247620e-02 2.212885068729519844e-03 4.596358921844512224e-04 1.682533025741577148e-01 1.123656891286373138e-02 1.811924204230308533e-02 2.581773325800895691e-02 3.314442560076713562e-02 1.146614435128867626e-03 3.254869719967246056e-03 5.163781810551881790e-03 3.810387477278709412e-02 1.949649490416049957e-02 2.313678897917270660e-02 2.376134652877226472e-04 3.233294188976287842e-02 8.747295476496219635e-03 5.519864335656166077e-02 3.267758991569280624e-03 1.749655045568943024e-02 1.571947336196899414e-02 2.316412329673767090e-02 3.532214462757110596e-02 5.186737980693578720e-03 2.086333930492401123e-02 3.918145969510078430e-02 5.972975399345159531e-03 5.507688224315643311e-02 2.401424013078212738e-02 2.381351217627525330e-02 1.281282864511013031e-02 5.373088642954826355e-03 4.325430840253829956e-02 1.300873979926109314e-02 1.217252202332019806e-02 3.980769962072372437e-02 8.407974243164062500e-02 3.676214069128036499e-02 4.804795235395431519e-02 4.438259825110435486e-02 2.262214012444019318e-02 1.366448029875755310e-02 1.643620664253830910e-03 4.289371147751808167e-02 2.676668949425220490e-02 5.414856132119894028e-03 3.888327255845069885e-02 1.403569616377353668e-02 2.851102314889431000e-02 2.972544915974140167e-02 8.642587810754776001e-03 2.572914771735668182e-02 3.986763209104537964e-02 5.940460599958896637e-03 7.800135761499404907e-02 3.827822208404541016e-02 3.810986131429672241e-02 5.219188332557678223e-02 4.526556655764579773e-02 3.236659243702888489e-02 3.039949201047420502e-02 1.266803964972496033e-02 1.339506208896636963e-01 1.140503957867622375e-02 1.286978572607040405e-01 2.105952799320220947e-02 3.560100868344306946e-02 1.430583838373422623e-02 1.267630457878112793e-01 2.225747145712375641e-02 5.599792674183845520e-02 7.744816597551107407e-03 1.376494206488132477e-02 3.831435227766633034e-03 5.068601667881011963e-02 4.023842513561248779e-02 2.017341554164886475e-02 2.730250917375087738e-02 3.213396295905113220e-02 9.508308954536914825e-03 4.779418185353279114e-02 9.939982555806636810e-03 3.299607709050178528e-02 1.068102382123470306e-02 1.585897617042064667e-02 4.446946084499359131e-03 1.134176086634397507e-02 7.972574792802333832e-03 2.431378513574600220e-02 2.485301718115806580e-02 5.140848085284233093e-02 1.426694169640541077e-02 3.639581426978111267e-02 2.690505608916282654e-02 3.928593546152114868e-02 4.436252266168594360e-02 4.303016886115074158e-02 1.989074610173702240e-02 6.488192826509475708e-03 9.477452374994754791e-03 2.608035877346992493e-02
1.612901836633682251e-01 1.480984836816787720e-01 9.343239478766918182e-03 2.608202397823333740e-02 2.319136634469032288e-02 1.130198314785957336e-01 8.558975905179977417e-02 8.832998573780059814e-03 6.945427041500806808e-03 2.232864499092102051e-02 5.237067341804504395e-01 3.013002686202526093e-02 1.511716842651367188e-01 9.688949794508516788e-04 3.252954035997390747e-02 3.369908407330513000e-02 3.959713969379663467e-03 3.372716484591364861e-03 1.308273337781429291e-02 5.581194534897804260e-02 1.207607332617044449e-02 1.008541416376829147e-02 1.177443005144596100e-02 3.713042661547660828e-02 3.086310997605323792e-02 4.318812862038612366e-02 1.621625013649463654e-02 1.833245530724525452e-02 2.802159637212753296e-03 1.804935187101364136e-02 2.346820570528507233e-02 2.967298589646816254e-02 3.822482889518141747e-03 6.223071832209825516e-03 3.357530012726783752e-02 1.425117999315261841e-02 1.694481121376156807e-03 2.170998044312000275e-02 3.886573389172554016e-02 3.034627996385097504e-02 1.915161684155464172e-02 2.813151106238365173e-03 1.628404110670089722e-02 3.430558741092681885e-02 1.459985226392745972e-02 5.447487533092498779e-02 1.069094389677047729e-01 7.017612457275390625e-02 3.462460264563560486e-02 1.846493035554885864e-02 3.471113368868827820e-02 1.643745042383670807e-02 4.042277857661247253e-02 9.346315637230873108e-03 2.330138906836509705e-02 2.975488547235727310e-03 4.615165665745735168e-02 1.342652179300785065e-02 1.797967590391635895e-02 3.191716596484184265e-02 6.174163892865180969e-03 1.906587369740009308e-02 2.912438660860061646e-02 2.343326620757579803e-02 1.019734293222427368e-01 8.656734228134155273e-02 3.242481127381324768e-02 2.164396457374095917e-02 6.228172220289707184e-03 3.143251314759254456e-02 3.697196394205093384e-02 4.422165825963020325e-02 3.463629633188247681e-03 3.764950856566429138e-02 2.655634423717856407e-03 2.798560447990894318e-02 9.266192093491554260e-03 2.972538024187088013e-02 4.904187843203544617e-02 8.030436933040618896e-03 2.640911377966403961e-02 4.055201634764671326e-02 3.826770558953285217e-02 3.003554977476596832e-02 4.143838584423065186e-02 2.901009097695350647e-02 8.778490126132965088e-03 2.339031919836997986e-02 2.587422728538513184e-02 3.565500304102897644e-02 4.304910451173782349e-02 4.850659519433975220e-02 3.281546756625175476e-02 2.390962280333042145e-02 1.258835289627313614e-02 3.356161061674356461e-03 5.080949142575263977e-02 3.879277780652046204e-02 3.769845515489578247e-02 2.821829728782176971e-02 5.300627555698156357e-03 2.599168941378593445e-02 2.474145591259002686e-02 2.416778355836868286e-02 4.898064583539962769e-02 4.926555790007114410e-03 3.496785834431648254e-02 5.181208718568086624e-03 2.208316512405872345e-02 3.278741240501403809e-02 2.115911571308970451e-03 1.882440783083438873e-02 7.469589356333017349e-03 5.053753498941659927e-03 1.385503727942705154e-02 6.848422344774007797e-03
1.203966233879327774e-02 1.250703819096088409e-02 2.514807879924774170e-02 4.210073500871658325e-02 2.533947490155696869e-02 1.383528579026460648e-03 3.024240722879767418e-03 1.267847139388322830e-02 1.350370142608880997e-02 3.010834008455276489e-02 3.013002686202526093e-02 5.049241185188293457e-01 3.198511153459548950e-02 1.073941215872764587e-01 1.280308794230222702e-02 3.665113076567649841e-02 1.181307062506675720e-02 1.123772282153367996e-02 4.288170486688613892e-02 2.158821374177932739e-02 4.163621738553047180e-02 1.735331118106842041e-02 9.164262562990188599e-02 5.068679153919219971e-02 4.430173896253108978e-03 2.927964180707931519e-02 9.761292487382888794e-03 8.331674337387084961e-02 1.996522210538387299e-02 5.133973807096481323e-02 4.419363290071487427e-02 1.158526793005876243e-04 1.936301402747631073e-02 1.222798600792884827e-02 3.384239738807082176e-03 9.028628468513488770e-03 4.096104204654693604e-02 3.092453815042972565e-02 7.415208965539932251e-03 3.590771183371543884e-02 1.529550761915743351e-03 4.778819624334573746e-03 1.060088444501161575e-02 1.730012893676757812e-02 2.799615822732448578e-02 4.195700585842132568e-02 2.431027591228485107e-02 3.247946733608841896e-03 9.964846074581146240e-03 1.686145178973674774e-02 6.840801332145929337e-03 4.296601936221122742e-02 3.014201298356056213e-02 2.224043710157275200e-03 1.702686958014965057e-02 8.768804371356964111e-03 3.755810856819152832e-02 3.286508843302726746e-02 7.574657502118498087e-05 2.242869697511196136e-02 5.381800606846809387e-02 1.735208788886666298e-03 5.477797240018844604e-02 3.771533025428652763e-03 3.247478976845741272e-02 2.398536913096904755e-02 1.481309160590171814e-02 2.317732665687799454e-03 5.645755678415298462e-03 2.359749376773834229e-02 6.058652326464653015e-02 2.453861013054847717e-02 8.959300816059112549e-03 8.217556402087211609e-03 3.136102110147476196e-03 6.720684003084897995e-03 1.110174506902694702e-02 1.396359317004680634e-02 3.088789060711860657e-02 3.410182893276214600e-03 4.770436510443687439e-02 3.474503755569458008e-03 9.937635622918605804e-04 3.583848476409912109e-02 3.941174224019050598e-02 2.679397910833358765e-02 5.016868934035301208e-02 1.039122510701417923e-02 7.303143292665481567e-02 1.119456812739372253e-02 8.922153152525424957e-03 2.006181702017784119e-02 1.090088486671447754e-02 5.187533423304557800e-02 4.964907094836235046e-02 5.716964974999427795e-02 3.322847420349717140e-03 3.946410957723855972e-03 2.555921673774719238e-02 1.953638158738613129e-03 2.302990294992923737e-02 9.491363540291786194e-03 1.040121167898178101e-02 4.529199376702308655e-02 1.305478345602750778e-02 2.835476957261562347e-02 4.609644785523414612e-02 5.829166620969772339e-02 9.777393192052841187e-03 2.823710255324840546e-02 3.157442435622215271e-02 4.042714089155197144e-02 8.872929960489273071e-03 3.048988524824380875e-03 2.015637466683983803e-03 3.840771317481994629e-02
1.371863037347793579e-01 1.513624936342239380e-01 1.253716927021741867e-02 2.769337967038154602e-02 4.147250577807426453e-02 1.217816993594169617e-01 9.427990019321441650e-02 4.006277024745941162e-02 2.072764188051223755e-02 1.802565180696547031e-03 1.511716842651367188e-01 3.198511153459548950e-02 5.310822129249572754e-01 2.197927562519907951e-03 1.907644979655742645e-02 4.006329551339149475e-02 3.693022532388567924e-03 1.058372110128402710e-02 1.262832060456275940e-02 2.246097475290298462e-02 3.923285380005836487e-02 5.017618834972381592e-02 9.071925655007362366e-03 2.506605163216590881e-02 3.660566732287406921e-02 4.863803461194038391e-02 1.140639185905456543e-02 9.085235651582479477e-04 8.811652078293263912e-04 3.930457402020692825e-03 5.183032155036926270e-02 2.182547934353351593e-02 2.911219373345375061e-02 4.215162992477416992e-02 1.950629986822605133e-02 4.524167161434888840e-03 4.575535655021667480e-02 3.202392533421516418e-02 9.224735200405120850e-03 7.892941124737262726e-03 2.001681597903370857e-03 3.568938001990318298e-02 2.693285048007965088e-02 1.148327905684709549e-02 6.693351315334439278e-04 2.013110369443893433e-02 1.215487048029899597e-01 7.881661504507064819e-02 3.240623325109481812e-02 1.461446564644575119e-02 1.871999539434909821e-02 4.686770029366016388e-03 3.408865630626678467e-02 2.462314674630761147e-03 5.507727153599262238e-03 3.870262205600738525e-02 3.472070768475532532e-02 5.901630036532878876e-03 3.887578845024108887e-02 3.345864638686180115e-02 7.348753977566957474e-03 4.594494774937629700e-02 1.186562050133943558e-02 2.143252082169055939e-02 7.150183618068695068e-02 1.040911078453063965e-01 4.767940565943717957e-02 1.561281085014343262e-02 1.558141410350799561e-02 4.881155863404273987e-02 2.547567151486873627e-02 1.768293976783752441e-02 2.076324075460433960e-02 4.730150476098060608e-02 3.687105327844619751e-02 4.740888625383377075e-02 7.850386202335357666e-03 2.199965965701267123e-04 3.554921597242355347e-02 1.579036191105842590e-02 2.327821031212806702e-02 2.491225674748420715e-02 3.912194445729255676e-02 2.762745320796966553e-02 2.611391246318817139e-02 3.215949237346649170e-02 1.335297245532274246e-02 5.039655044674873352e-02 2.273451164364814758e-02 3.237710148096084595e-02 4.170659929513931274e-02 5.655124783515930176e-02 3.208737820386886597e-02 4.887626320123672485e-02 1.218372117727994919e-02 8.170975372195243835e-03 1.853480376303195953e-02 4.963700845837593079e-02 9.842283092439174652e-03 7.208998315036296844e-03 1.386637147516012192e-02 3.069537505507469177e-02 1.110763475298881531e-02 3.304691612720489502e-02 4.156858101487159729e-02 2.825907431542873383e-03 1.284764613956212997e-02 6.336592137813568115e-03 3.031377494335174561e-02 3.355392813682556152e-02 1.069355569779872894e-02 1.825472712516784668e-02 3.891969472169876099e-02 2.241166494786739349e-02 2.926803752779960632e-02 1.314273476600646973e-02
