6.038723587989807129e-01 1.940474361181259155e-01 2.372480556368827820e-02 1.834111101925373077e-02 3.143012896180152893e-02 1.146074533462524414e-01 9.349165856838226318e-02 4.007660783827304840e-03 1.881496049463748932e-02 4.441711679100990295e-02 1.039541885256767273e-01 3.678148845210671425e-03 1.083749681711196899e-01 2.452335553243756294e-03 7.606944534927606583e-03 1.136463228613138199e-02 7.898594252765178680e-03 1.784476824104785919e-02 9.926953352987766266e-03 1.095754932612180710e-02 3.772464022040367126e-02 1.770287565886974335e-02 7.526375818997621536e-03 1.200374681502580643e-02 2.796719968318939209e-02 2.320137433707714081e-02 1.061729993671178818e-02 3.434047475457191467e-02 2.298254892230033875e-02 6.467952392995357513e-03 2.633415162563323975e-02 8.078769780695438385e-03 6.823908537626266479e-03 1.374888885766267776e-02 2.541306056082248688e-02 1.072489749640226364e-02 1.789915561676025391e-02 1.811572164297103882e-02 2.294177375733852386e-02 4.275070503354072571e-03 7.840053178369998932e-03 6.749742198735475540e-03 2.479468844830989838e-02 5.528121814131736755e-02 4.228698462247848511e-02 4.023552313446998596e-02 7.819155603647232056e-02 7.985715568065643311e-02 1.627877913415431976e-02 3.193977847695350647e-02 1.246438268572092056e-02 1.090932823717594147e-02 7.115771993994712830e-03 3.359587164595723152e-03 1.652736403048038483e-02 1.934000290930271149e-02 4.384214524179697037e-03 2.949240244925022125e-02 1.932967454195022583e-02 9.712444618344306946e-03 2.181542478501796722e-02 1.355626247823238373e-02 1.512381434440612793e-02 6.361779291182756424e-03 2.592801814898848534e-03 8.294933475553989410e-03 3.269809111952781677e-02 3.922731801867485046e-02 1.680194772779941559e-02 3.812828660011291504e-02 1.759352535009384155e-02 4.446982219815254211e-02 1.583090401254594326e-03 2.463838271796703339e-02 6.773807108402252197e-03 1.916822791099548340e-02 1.802478358149528503e-02 3.830098733305931091e-02 2.005909627769142389e-04 2.257954701781272888e-02 1.074231322854757309e-02 6.239010021090507507e-03 1.001100428402423859e-02 8.242645300924777985e-03 6.274230312556028366e-03 1.704676076769828796e-02 3.705302020534873009e-03 9.877085685729980469e-03 1.071139983832836151e-02 1.780310645699501038e-03 5.075748637318611145e-02 7.441087509505450726e-04 5.919569730758666992e-02 1.359876058995723724e-02 2.075433358550071716e-02 3.685032948851585388e-02 3.584965318441390991e-02 2.154743298888206482e-02 3.364945203065872192e-02 2.689418196678161621e-02 1.546681299805641174e-02 1.191857008961960673e-04 1.861921884119510651e-02 1.260975748300552368e-02 6.331684999167919159e-03 2.258536592125892639e-02 1.170271541923284531e-02 8.171078749001026154e-03 1.519986987113952637e-02 1.594415679574012756e-02 1.065703295171260834e-02 5.638908129185438156e-03 3.117070719599723816e-02 3.097149915993213654e-02 1.371279358863830566e-02 2.541127242147922516e-02
1.940474361181259155e-01 5.944404602050781250e-01 2.333755418658256531e-02 1.431956235319375992e-02 2.662055753171443939e-02 1.243989840149879456e-01 1.526807546615600586e-01 6.999095436185598373e-03 3.632857650518417358e-02 1.148468721657991409e-02 1.313819289207458496e-01 3.960496559739112854e-02 1.424829363822937012e-01 4.051353782415390015e-02 9.790004696696996689e-04 1.367436442524194717e-02 1.642870903015136719e-02 2.739412523806095123e-02 1.937033981084823608e-02 6.378481630235910416e-03 2.238052524626255035e-02 1.320845726877450943e-02 3.892612457275390625e-02 4.265535995364189148e-02 3.353689983487129211e-02 1.475664973258972168e-02 1.751910708844661713e-02 1.979145454242825508e-03 2.151691168546676636e-02 3.842299571260809898e-03 1.766957528889179230e-02 1.279801409691572189e-02 2.223384566605091095e-02 1.547474227845668793e-02 1.700428687036037445e-02 9.294702671468257904e-03 2.569316141307353973e-02 9.387558326125144958e-03 3.126174211502075195e-02 5.819199606776237488e-03 1.117215398699045181e-02 9.525013156235218048e-03 3.654681891202926636e-02 4.746342450380325317e-02 1.223094586748629808e-04 1.088970806449651718e-02 7.240129262208938599e-02 8.690640330314636230e-02 4.251489881426095963e-03 3.744017332792282104e-02 1.437031291425228119e-02 2.327328547835350037e-02 2.250041067600250244e-02 1.618752256035804749e-02 1.576590724289417267e-02 2.420982718467712402e-02 6.950077367946505547e-04 3.187573328614234924e-02 1.186592690646648407e-02 3.365245880559086800e-03 7.012552116066217422e-03 1.936641708016395569e-02 2.000489272177219391e-02 1.021374133415520191e-03 1.125026680529117584e-02 5.160961672663688660e-02 2.495371736586093903e-02 2.534239552915096283e-02 2.176949940621852875e-02 1.662267372012138367e-02 2.063569426536560059e-02 2.813545800745487213e-02 6.747661624103784561e-03 4.207695275545120239e-02 2.534802444279193878e-02 2.263470366597175598e-02 2.380323037505149841e-02 2.219143509864807129e-02 6.047061178833246231e-03 9.914218448102474213e-03 1.943306066095829010e-02 1.206207741051912308e-02 1.326879393309354782e-02 2.216389589011669159e-02 5.060281604528427124e-03 2.663434948772192001e-03 3.092453582212328911e-03 1.531028840690851212e-02 2.298603951930999756e-02 1.511551719158887863e-02 4.561138525605201721e-02 2.500495687127113342e-02 5.939739570021629333e-02 2.670956216752529144e-02 1.903798244893550873e-02 2.768431790173053741e-02 1.830271445214748383e-02 3.330809995532035828e-02 1.636537164449691772e-02 2.281632460653781891e-02 9.702448733150959015e-03 5.692366510629653931e-03 2.993971481919288635e-02 3.277313709259033203e-02 4.976875614374876022e-03 8.514294400811195374e-03 2.121219784021377563e-02 3.324901312589645386e-02 3.188091330230236053e-03 2.340237423777580261e-02 5.041379481554031372e-03 2.512933872640132904e-02 7.689812220633029938e-03 3.133784979581832886e-02 3.728861361742019653e-02 2.268037572503089905e-02
2.372480556368827820e-02 2.333755418658256531e-02 5.680213570594787598e-01 2.759315818548202515e-02 2.002149820327758789e-02 1.945790089666843414e-02 2.694399096071720123e-02 1.360233426094055176e-01 6.918521970510482788e-02 8.531855419278144836e-03 2.181524038314819336e-02 2.734081819653511047e-02 2.053119242191314697e-02 3.504562005400657654e-02 1.685013994574546814e-02 1.259431708604097366e-02 4.571344237774610519e-03 4.921687394380569458e-02 3.824847564101219177e-02 6.210083514451980591e-02 9.002420119941234589e-03 2.691515162587165833e-02 3.935212735086679459e-03 5.002274643629789352e-03 7.355096749961376190e-04 3.278867527842521667e-02 3.656411543488502502e-03 2.199278958141803741e-02 3.002979606389999390e-02 1.529514696449041367e-02 1.029779855161905289e-02 2.578330412507057190e-02 3.491659089922904968e-02 5.907727871090173721e-03 3.223632648587226868e-02 1.086819102056324482e-04 3.752280026674270630e-02 3.374190628528594971e-02 1.451501250267028809e-02 2.265669032931327820e-02 1.197622716426849365e-02 1.193054951727390289e-02 3.628073632717132568e-02 1.264459639787673950e-02 1.096379826776683331e-03 2.328157983720302582e-02 3.104351088404655457e-02 2.146724797785282135e-02 3.873131796717643738e-02 6.209707818925380707e-03 4.779515322297811508e-03 3.901226818561553955e-02 2.745642885565757751e-02 1.323956530541181564e-02 6.478913873434066772e-02 1.784927584230899811e-02 3.711841627955436707e-02 1.016830839216709137e-02 3.339099930599331856e-03 3.062737360596656799e-02 2.583469450473785400e-02 1.005837135016918182e-02 2.840700093656778336e-03 1.019768975675106049e-02 2.187916636466979980e-02 2.944863773882389069e-02 1.172071695327758789e-02 2.656593732535839081e-02 3.681622678413987160e-03 2.779249660670757294e-02 9.152111597359180450e-03 2.530237287282943726e-02 2.319835871458053589e-02 8.416444063186645508e-03 4.318252950906753540e-02 1.749816536903381348e-02 4.322857037186622620e-02 2.068269811570644379e-02 2.786309085786342621e-02 3.716722503304481506e-02 8.840069174766540527e-02 9.416569024324417114e-02 2.993619069457054138e-03 2.761255390942096710e-02 8.909710682928562164e-03 1.693424768745899200e-02 3.016853891313076019e-02 3.080976381897926331e-02 2.075016163871623576e-05 4.115851223468780518e-02 1.427292078733444214e-02 2.050150185823440552e-02 3.776764869689941406e-02 3.718914836645126343e-02 2.072409726679325104e-02 1.456090901046991348e-02 2.664190903306007385e-02 2.776758512482047081e-03 2.594634331762790680e-02 2.176710776984691620e-02 4.233093559741973877e-02 6.738798110745847225e-04 3.953202627599239349e-03 3.820883855223655701e-02 1.443774439394474030e-02 2.273203246295452118e-02 8.329719305038452148e-03 6.465861573815345764e-03 3.108273819088935852e-02 3.323359787464141846e-02 3.279482247307896614e-03 2.593260817229747772e-02 4.490444436669349670e-03 2.606284432113170624e-02 3.821838472504168749e-04 2.670085057616233826e-03
1.834111101925373077e-02 1.431956235319375992e-02 2.759315818548202515e-02 5.960037112236022949e-01 1.293154954910278320e-01 3.906414657831192017e-02 2.847447991371154785e-02 7.878785952925682068e-03 2.818448469042778015e-02 1.729576475918292999e-02 1.460178010165691376e-02 3.761254623532295227e-02 5.502930376678705215e-03 3.578631579875946045e-02 5.461019463837146759e-03 7.164723239839076996e-03 2.023236453533172607e-02 2.280994085595011711e-03 6.210795138031244278e-03 1.899880915880203247e-02 1.775608584284782410e-02 8.885989896953105927e-03 1.660527102649211884e-02 2.815556339919567108e-02 1.571835763752460480e-02 1.543316524475812912e-02 7.321832235902547836e-03 6.868032738566398621e-03 2.123629674315452576e-03 1.068685017526149750e-02 7.514088880270719528e-03 1.659512333571910858e-02 2.215049043297767639e-02 2.469098661094903946e-03 1.196841709315776825e-02 6.318875122815370560e-03 4.650618880987167358e-03 1.649042032659053802e-02 9.938540309667587280e-02 1.141906082630157471e-01 1.158617995679378510e-02 3.322937712073326111e-02 1.777170971035957336e-02 3.769449144601821899e-02 2.621515840291976929e-02 2.752478048205375671e-02 3.999469801783561707e-02 4.347627609968185425e-02 1.487456262111663818e-03 1.387614640407264233e-03 3.733330965042114258e-02 3.227491304278373718e-02 4.034525156021118164e-02 3.127733012661337852e-03 4.719392396509647369e-03 2.728768438100814819e-02 2.594939246773719788e-02 1.299501978792250156e-03 3.540439158678054810e-02 2.531301043927669525e-02 4.521876201033592224e-02 1.127025019377470016e-02 9.127248078584671021e-03 1.099423877894878387e-02 2.736996160820126534e-03 3.345501795411109924e-02 1.588082499802112579e-02 1.349857775494456291e-03 2.240623161196708679e-02 3.565136576071381569e-03 1.605826057493686676e-02 2.950056642293930054e-02 4.443090036511421204e-02 1.173582742922008038e-03 2.913480810821056366e-02 1.271783560514450073e-02 4.128395579755306244e-03 4.177087685093283653e-04 1.920400932431221008e-02 4.049325734376907349e-02 6.418764591217041016e-03 3.318318724632263184e-02 2.477302215993404388e-02 2.493886509910225868e-03 6.969906389713287354e-03 1.180307287722826004e-02 4.927023313939571381e-03 1.071519311517477036e-02 9.575785137712955475e-03 6.866478361189365387e-03 7.879617623984813690e-03 1.964630372822284698e-02 1.638994179666042328e-02 5.887701641768217087e-03 8.864202536642551422e-03 5.203820299357175827e-03 3.902765363454818726e-02 1.999727264046669006e-02 2.408779971301555634e-02 4.180356860160827637e-02 1.906585507094860077e-02 2.923608385026454926e-02 1.222920510917901993e-02 1.962055265903472900e-02 6.500878836959600449e-03 1.070482935756444931e-02 2.875121496617794037e-02 1.163178868591785431e-02 1.816103607416152954e-02 1.978241605684161186e-03 1.101439539343118668e-02 2.293085865676403046e-02 4.242756869643926620e-03 2.498154900968074799e-02 9.551992407068610191e-04 3.884058212861418724e-03
3.143012896180152893e-02 2.662055753171443939e-02 2.002149820327758789e-02 1.293154954910278320e-01 5.823679566383361816e-01 3.089551813900470734e-02 1.860333047807216644e-02 2.626457437872886658e-02 2.848663367331027985e-03 8.366311900317668915e-03 3.246668726205825806e-02 3.705601021647453308e-02 1.952741853892803192e-02 4.311569780111312866e-02 1.193513255566358566e-02 1.790875568985939026e-02 3.298882395029067993e-02 2.338661579415202141e-03 4.859251901507377625e-03 3.407762572169303894e-02 3.518158197402954102e-02 1.309198560193181038e-03 1.577175036072731018e-02 3.484043106436729431e-02 1.025028899312019348e-02 3.663651272654533386e-02 3.674398176372051239e-03 3.291333839297294617e-02 1.421942189335823059e-02 5.498710088431835175e-03 1.476137619465589523e-02 1.742868125438690186e-02 3.484654240310192108e-03 1.644936390221118927e-02 1.765926741063594818e-02 1.724385656416416168e-02 1.126081962138414383e-02 2.837735041975975037e-02 8.624231815338134766e-02 1.565978825092315674e-01 4.487345926463603973e-03 1.453112997114658356e-02 8.570790290832519531e-03 3.831078484654426575e-02 2.040495723485946655e-02 1.383812353014945984e-02 3.107553720474243164e-02 2.829140238463878632e-02 1.944683864712715149e-02 2.144501730799674988e-02 3.364984691143035889e-02 4.119466617703437805e-02 2.528800442814826965e-02 3.169736638665199280e-02 5.371230188757181168e-03 4.476699605584144592e-02 1.151299662888050079e-02 1.127608679234981537e-02 3.448365256190299988e-03 4.334834963083267212e-02 3.594219684600830078e-02 1.438159961253404617e-02 8.577311527915298939e-04 2.493410930037498474e-02 3.834551200270652771e-02 1.949587278068065643e-02 1.652256399393081665e-02 3.561365604400634766e-02 2.923935651779174805e-02 2.633112482726573944e-03 8.883372880518436432e-03 3.586119413375854492e-02 2.191888727247714996e-02 2.309382660314440727e-03 2.509016171097755432e-02 2.247959561645984650e-02 1.415012683719396591e-02 2.372545655816793442e-03 2.201863797381520271e-03 5.057216039858758450e-04 6.982834544032812119e-03 2.997709438204765320e-02 2.760871127247810364e-02 3.599845990538597107e-02 1.632185466587543488e-02 1.178951840847730637e-02 6.176021415740251541e-03 7.429198827594518661e-03 8.709826506674289703e-03 3.176407655701041222e-03 2.647642977535724640e-03 1.022520102560520172e-02 1.669786870479583740e-02 7.579995319247245789e-03 9.417603723704814911e-03 1.890808716416358948e-02 2.812235383316874504e-03 3.709836862981319427e-03 1.357187144458293915e-02 3.832205757498741150e-02 1.993437856435775757e-02 3.672526404261589050e-02 3.324346384033560753e-03 1.854868023656308651e-03 5.127326585352420807e-03 2.111080475151538849e-02 2.245523221790790558e-02 5.570431239902973175e-03 3.277567774057388306e-02 5.830170586705207825e-03 2.428971044719219208e-02 1.745777949690818787e-02 2.693090215325355530e-02 1.381647121161222458e-02 2.536292374134063721e-02 1.136748353019356728e-03
1.146074533462524414e-01 1.243989840149879456e-01 1.945790089666843414e-02 3.906414657831192017e-02 3.089551813900470734e-02 5.993661880493164062e-01 1.552254259586334229e-01 1.914122700691223145e-02 8.188731590053066611e-05 5.001330375671386719e-02 7.267067581415176392e-02 3.291961923241615295e-02 3.041970171034336090e-02 1.870266534388065338e-02 6.882064044475555420e-03 1.065752469003200531e-03 8.209493011236190796e-03 2.657352760434150696e-02 5.058320984244346619e-02 2.689776942133903503e-02 1.121433731168508530e-02 6.044367328286170959e-03 9.408873505890369415e-03 1.618920709006488323e-03 1.186046376824378967e-02 6.442049052566289902e-03 1.193752512335777283e-02 1.229779981076717377e-02 2.755788899958133698e-02 6.454008165746927261e-03 3.665954247117042542e-02 1.814212277531623840e-02 6.502839270979166031e-03 2.228297293186187744e-02 1.538050919771194458e-02 1.276887208223342896e-02 1.810219325125217438e-02 4.958780948072671890e-03 4.057380184531211853e-02 1.489117275923490524e-02 1.789584942162036896e-02 1.488546654582023621e-02 1.772465533576905727e-03 2.715747244656085968e-02 1.736180740408599377e-03 3.770029172301292419e-02 1.477841138839721680e-01 8.522280305624008179e-02 1.562530815135687590e-04 4.466309398412704468e-02 1.982755400240421295e-02 2.652597799897193909e-02 2.213312126696109772e-02 1.062965765595436096e-02 1.413138676434755325e-02 3.016897849738597870e-02 4.366706125438213348e-03 2.194185182452201843e-02 4.754704423248767853e-03 1.605998352169990540e-02 3.725222498178482056e-02 3.984865546226501465e-02 1.295827701687812805e-02 8.299603126943111420e-03 6.416375283151865005e-03 4.764153622090816498e-03 1.392355561256408691e-02 2.016936242580413818e-02 2.939763478934764862e-02 4.648111760616302490e-02 3.065714798867702484e-02 1.673345267772674561e-02 3.733232244849205017e-02 2.856466360390186310e-02 3.623092174530029297e-02 2.045719593297690153e-04 1.159886922687292099e-02 4.255812242627143860e-02 1.802980154752731323e-02 4.129040613770484924e-02 9.596927091479301453e-03 5.945237353444099426e-03 2.967534214258193970e-02 3.769827261567115784e-02 1.272565685212612152e-03 1.991935819387435913e-02 6.077082827687263489e-03 3.707191208377480507e-03 4.544473486021161079e-04 1.553134433925151825e-02 5.884369462728500366e-02 1.423111930489540100e-02 3.827396407723426819e-02 7.969049736857414246e-03 1.814431138336658478e-02 3.485396131873130798e-02 2.030158601701259613e-02 3.464071825146675110e-02 2.436519972980022430e-02 8.046279544942080975e-04 1.905202865600585938e-02 2.194354496896266937e-02 2.087494824081659317e-03 2.922996133565902710e-02 9.059628471732139587e-03 2.233069948852062225e-02 7.608432322740554810e-03 1.738549210131168365e-02 2.539451792836189270e-02 3.032619133591651917e-02 6.700438912957906723e-03 1.077808625996112823e-02 2.301585488021373749e-02 9.416027925908565521e-03 1.336674578487873077e-02 3.919838368892669678e-02
9.349165856838226318e-02 1.526807546615600586e-01 2.694399096071720123e-02 2.847447991371154785e-02 1.860333047807216644e-02 1.552254259586334229e-01 6.032876968383789062e-01 1.048700883984565735e-02 1.906121149659156799e-02 4.172357171773910522e-02 8.109074831008911133e-02 7.618678733706474304e-03 6.070859357714653015e-02 1.344993431121110916e-02 1.356556918472051620e-02 2.317341044545173645e-02 2.530358172953128815e-02 7.601079531013965607e-03 1.213811431080102921e-02 3.032612800598144531e-02 4.645856970455497503e-04 1.558352261781692505e-02 1.459376327693462372e-02 1.066490542143583298e-02 1.016996800899505615e-02 8.344653993844985962e-03 1.053253654390573502e-02 4.700833559036254883e-02 4.534129053354263306e-02 3.669261187314987183e-02 1.284216158092021942e-02 1.173002528958022594e-04 7.594445254653692245e-03 8.381337858736515045e-03 1.208384614437818527e-02 5.038857460021972656e-03 1.371155213564634323e-02 2.005295455455780029e-02 3.939658775925636292e-02 1.022868230938911438e-02 6.176881492137908936e-03 3.526626527309417725e-02 1.605716720223426819e-02 1.832361519336700439e-02 4.373180679976940155e-03 6.819994002580642700e-02 1.309059560298919678e-01 1.512956470251083374e-01 4.931149072945117950e-03 3.228307468816637993e-03 1.996101997792720795e-02 8.271432481706142426e-03 1.995206251740455627e-02 2.378023415803909302e-02 1.468591974116861820e-03 5.009957589209079742e-03 5.777979269623756409e-03 2.729230560362339020e-02 1.945834723301231861e-03 4.209915548563003540e-02 5.380690097808837891e-03 2.415117807686328888e-02 2.564860507845878601e-02 4.401300568133592606e-03 1.419323962181806564e-02 6.758290342986583710e-03 3.537913784384727478e-02 6.856031715869903564e-03 4.282018542289733887e-02 3.743487223982810974e-02 4.129338264465332031e-02 4.559922218322753906e-02 3.846796602010726929e-02 1.073090080171823502e-02 3.002638183534145355e-02 6.381382234394550323e-03 2.714524790644645691e-02 3.701151907444000244e-02 8.794913883320987225e-04 1.738572306931018829e-02 3.874810039997100830e-02 2.718077413737773895e-02 2.899448387324810028e-02 1.689985208213329315e-02 1.415543537586927414e-02 1.302212662994861603e-02 2.759432187303900719e-03 2.741103805601596832e-02 1.821068860590457916e-02 3.667060751467943192e-03 7.167979329824447632e-02 6.785954348742961884e-03 6.049602851271629333e-02 3.006286732852458954e-02 1.271817367523908615e-03 2.821277454495429993e-02 8.156636729836463928e-03 1.084423129213973880e-04 2.756952308118343353e-02 1.645775325596332550e-02 2.042203396558761597e-02 2.211918681859970093e-02 2.808949537575244904e-02 1.677158288657665253e-02 3.216630592942237854e-02 4.027045518159866333e-02 2.981371060013771057e-02 2.489417046308517456e-02 4.858274012804031372e-03 2.306387387216091156e-02 1.496358588337898254e-02 3.065640106797218323e-02 3.009779006242752075e-02 2.713207527995109558e-02 1.810202747583389282e-02 4.697932675480842590e-02
4.007660783827304840e-03 6.999095436185598373e-03 1.360233426094055176e-01 7.878785952925682068e-03 2.626457437872886658e-02 1.914122700691223145e-02 1.048700883984565735e-02 5.748730897903442383e-01 4.207181558012962341e-02 9.055070579051971436e-03 7.081142626702785492e-03 1.381442137062549591e-02 5.014321301132440567e-03 1.939092180691659451e-03 8.914344012737274170e-02 5.160762928426265717e-03 1.351650338619947433e-02 3.661069273948669434e-02 2.758176065981388092e-02 2.522627264261245728e-02 1.596052013337612152e-02 1.576476381160318851e-03 6.472424138337373734e-03 2.642656909301877022e-03 1.418127026408910751e-02 1.732458919286727905e-02 1.491266023367643356e-02 3.235530108213424683e-02 9.004578925669193268e-03 4.521981813013553619e-03 2.092877402901649475e-02 2.522773109376430511e-02 1.569379307329654694e-02 3.238987876102328300e-03 2.685084939002990723e-02 2.142969705164432526e-02 1.564878504723310471e-03 3.962257504463195801e-02 3.463901206851005554e-02 1.113267056643962860e-02 2.998074330389499664e-02 2.303184755146503448e-02 2.068453468382358551e-02 1.131248776800930500e-03 1.613301411271095276e-02 4.673972353339195251e-02 3.635146841406822205e-02 1.902119140140712261e-03 1.037407014518976212e-02 1.370782870799303055e-02 1.249928609468042850e-03 1.228640042245388031e-02 2.252774080261588097e-03 1.124017499387264252e-02 3.836951404809951782e-02 1.824376359581947327e-02 2.493534795939922333e-02 1.488175988197326660e-02 1.993922702968120575e-02 1.658593676984310150e-02 3.108816407620906830e-02 1.263105031102895737e-02 1.026820763945579529e-02 1.054817158728837967e-02 7.489945273846387863e-03 6.617778446525335312e-03 2.349126618355512619e-03 1.263399887830018997e-02 1.477495394647121429e-02 1.002465561032295227e-02 1.812173984944820404e-02 5.368534475564956665e-04 1.328527648001909256e-02 4.665598316933028400e-05 5.929470527917146683e-03 3.222985565662384033e-02 2.114605531096458435e-02 4.219076596200466156e-03 2.381123043596744537e-02 6.965575739741325378e-03 1.674379855394363403e-01 1.076912134885787964e-01 1.638115197420120239e-02 2.979345433413982391e-02 1.360379997640848160e-02 2.523618191480636597e-02 5.867954716086387634e-02 4.964306205511093140e-02 2.525167353451251984e-02 1.315432228147983551e-02 3.759133815765380859e-02 3.196244686841964722e-02 1.685802266001701355e-02 5.882376804947853088e-03 2.851383574306964874e-02 3.842691332101821899e-02 1.950124278664588928e-02 7.745469920337200165e-03 2.427472360432147980e-02 1.488379482179880142e-02 4.074435681104660034e-02 8.579012937843799591e-03 2.499705925583839417e-02 2.214332111179828644e-02 1.908608525991439819e-02 7.691278588026762009e-03 3.336648643016815186e-02 1.806791685521602631e-02 1.041843276470899582e-02 1.742767356336116791e-02 5.563526414334774017e-03 1.461823657155036926e-02 2.382483147084712982e-02 1.591032603755593300e-03 4.178214352577924728e-03 5.422668159008026123e-02
1.881496049463748932e-02 3.632857650518417358e-02 6.918521970510482788e-02 2.818448469042778015e-02 2.848663367331027985e-03 8.188731590053066611e-05 1.906121149659156799e-02 4.207181558012962341e-02 5.949106812477111816e-01 2.010186389088630676e-02 1.267792191356420517e-02 2.325746417045593262e-02 2.976851910352706909e-02 6.575173698365688324e-03 2.738585881888866425e-02 1.586180366575717926e-02 2.031861618161201477e-02 7.095622271299362183e-02 1.079955324530601501e-02 7.781222928315401077e-03 2.449505589902400970e-02 1.869749836623668671e-02 1.036503724753856659e-02 7.697676192037761211e-04 6.704892031848430634e-03 1.237334683537483215e-02 7.435677107423543930e-03 2.605806291103363037e-02 7.187479641288518906e-03 1.419112179428339005e-02 6.064345594495534897e-03 2.020998671650886536e-02 1.350925583392381668e-02 1.369690056890249252e-03 2.171346545219421387e-02 1.823681406676769257e-02 1.025472229230217636e-04 9.002721868455410004e-03 1.676061376929283142e-02 1.889711245894432068e-02 3.138351440429687500e-02 2.291461266577243805e-02 2.099931426346302032e-02 3.201004117727279663e-03 1.361996494233608246e-02 3.821930661797523499e-02 1.643021404743194580e-02 3.935205936431884766e-02 5.849310755729675293e-02 9.088519029319286346e-03 4.015812277793884277e-02 4.186441376805305481e-02 3.372006490826606750e-02 1.697486452758312225e-02 4.591385275125503540e-02 1.098807621747255325e-02 2.074308507144451141e-02 2.358762174844741821e-02 1.162695791572332382e-02 1.949315890669822693e-02 9.024215862154960632e-03 1.016528904438018799e-02 2.490680478513240814e-02 1.173642929643392563e-02 2.556611225008964539e-02 1.762625947594642639e-02 5.305565893650054932e-03 2.826029248535633087e-02 2.512799110263586044e-03 1.856989786028862000e-02 1.881784573197364807e-02 2.509653102606534958e-03 9.182278066873550415e-03 2.537555992603302002e-02 1.173759531229734421e-02 2.034292183816432953e-02 5.580949038267135620e-02 6.200888892635703087e-04 5.719336122274398804e-02 3.367861360311508179e-02 3.357668220996856689e-02 1.089759077876806259e-02 2.901935949921607971e-02 3.231061995029449463e-02 3.465179121121764183e-03 2.063554525375366211e-02 2.855101227760314941e-02 2.409601770341396332e-02 2.353889308869838715e-02 1.978912390768527985e-02 4.257039632648229599e-03 1.597837358713150024e-02 1.549753267318010330e-02 4.601648077368736267e-03 1.843500998802483082e-03 4.321837797760963440e-03 3.658516332507133484e-03 5.366539210081100464e-02 2.084854617714881897e-02 1.257272157818078995e-02 4.559061955660581589e-03 2.258077822625637054e-02 4.398231860250234604e-03 1.888659037649631500e-02 2.643714845180511475e-02 1.405725069344043732e-02 6.643414963036775589e-03 5.338874645531177521e-03 3.335903957486152649e-02 3.179824352264404297e-02 2.022435888648033142e-02 1.230783644132316113e-03 5.426628049463033676e-03 1.483938284218311310e-02 1.238137017935514450e-02 7.410598453134298325e-03
4.441711679100990295e-02 1.148468721657991409e-02 8.531855419278144836e-03 1.729576475918292999e-02 8.366311900317668915e-03 5.001330375671386719e-02 4.172357171773910522e-02 9.055070579051971436e-03 2.010186389088630676e-02 6.086430549621582031e-01 3.651086241006851196e-02 6.335995625704526901e-03 3.640588372945785522e-02 2.919364906847476959e-02 8.372746407985687256e-03 6.975402589887380600e-03 8.638474158942699432e-03 1.251647830940783024e-03 1.978591829538345337e-02 1.573175773955881596e-03 5.481087137013673782e-03 1.490839198231697083e-02 1.589752174913883209e-02 2.606385946273803711e-02 1.287695253267884254e-03 2.194071887060999870e-03 1.749831251800060272e-02 1.798456721007823944e-02 4.325174540281295776e-02 2.103553153574466705e-03 2.546179294586181641e-02 1.264231000095605850e-02 1.591981388628482819e-02 1.057738717645406723e-02 1.716382615268230438e-02 1.470481883734464645e-02 1.837505958974361420e-02 7.935136556625366211e-03 4.618097096681594849e-03 1.567983650602400303e-03 1.262222602963447571e-02 2.369933994486927986e-03 1.778640784323215485e-02 2.014698460698127747e-02 8.388002403080463409e-03 3.813131153583526611e-02 4.602099582552909851e-02 3.729877248406410217e-02 1.614741235971450806e-02 4.085974767804145813e-02 2.220982685685157776e-02 9.134466759860515594e-03 1.751453056931495667e-02 1.454727724194526672e-02 1.377392001450061798e-02 4.567674174904823303e-02 1.602392084896564484e-02 7.355022244155406952e-03 4.375719651579856873e-02 2.094872994348406792e-03 2.728896914049983025e-03 6.733042187988758087e-03 1.706345006823539734e-02 1.343664620071649551e-02 1.767317391932010651e-02 1.324102748185396194e-02 1.068465411663055420e-02 1.448810752481222153e-02 1.258114259690046310e-02 6.401968188583850861e-03 2.452244237065315247e-02 1.652881130576133728e-02 3.217207035049796104e-03 1.401156280189752579e-02 1.207986939698457718e-02 1.734150573611259460e-02 9.812379255890846252e-03 6.243595853447914124e-02 1.396051794290542603e-02 5.431506782770156860e-02 1.949422806501388550e-02 1.708362251520156860e-02 2.633656002581119537e-02 1.365921087563037872e-02 8.782897144556045532e-03 2.196336165070533752e-02 7.332395762205123901e-03 2.541882218793034554e-03 1.767666637897491455e-02 2.412301860749721527e-02 4.322975501418113708e-02 8.243860676884651184e-03 1.821241714060306549e-02 1.855101995170116425e-02 2.467441558837890625e-02 7.795177400112152100e-03 8.060448803007602692e-03 1.411532144993543625e-02 2.987679466605186462e-02 3.152465820312500000e-02 1.919951755553483963e-03 3.900771262124180794e-03 8.557256311178207397e-03 5.698433145880699158e-03 3.150641545653343201e-02 9.405324235558509827e-03 9.223294444382190704e-03 2.444120310246944427e-02 3.492621704936027527e-02 8.248231373727321625e-03 1.735533028841018677e-02 1.207776833325624466e-03 2.672517672181129456e-03 5.105667747557163239e-03 1.682473666733130813e-04 1.488674804568290710e-02
1.039541885256767273e-01 1.313819289207458496e-01 2.181524038314819336e-02 1.460178010165691376e-02 3.246668726205825806e-02 7.267067581415176392e-02 8.109074831008911133e-02 7.081142626702785492e-03 1.267792191356420517e-02 3.651086241006851196e-02 6.083581447601318359e-01 1.910575293004512787e-02 8.503486216068267822e-02 1.489240955561399460e-02 5.348034203052520752e-03 2.562591107562184334e-03 1.879033399745821953e-03 3.360529895871877670e-03 1.391502376645803452e-02 1.573107764124870300e-02 4.416881874203681946e-02 6.643953267484903336e-03 3.010712563991546631e-02 3.079101629555225372e-02 2.671869657933712006e-02 8.941708132624626160e-03 4.122001118957996368e-03 3.863249439746141434e-04 3.808137401938438416e-02 1.267430838197469711e-02 2.132331021130084991e-02 1.609868369996547699e-02 7.674325257539749146e-03 1.981110684573650360e-02 2.940045669674873352e-03 9.489523246884346008e-03 2.929705195128917694e-03 1.192373689264059067e-03 4.540200904011726379e-02 1.321002468466758728e-02 6.730608176440000534e-03 1.009770482778549194e-02 1.664763689041137695e-02 4.938557371497154236e-02 4.604249075055122375e-02 2.711283601820468903e-02 5.760036408901214600e-02 6.397798657417297363e-02 6.166740786284208298e-03 1.259215455502271652e-02 1.144666597247123718e-02 1.465154998004436493e-02 1.202398817986249924e-02 3.057463560253381729e-03 1.791371218860149384e-02 2.674485556781291962e-03 6.567455711774528027e-04 1.510501280426979065e-02 1.020368561148643494e-02 2.287925966084003448e-02 1.026219688355922699e-02 4.423215985298156738e-03 2.907856134697794914e-03 7.823058404028415680e-03 1.826162822544574738e-02 1.456406712532043457e-02 2.421098016202449799e-02 2.299278229475021362e-02 2.693141577765345573e-03 3.143965825438499451e-02 8.322874084115028381e-03 3.493879362940788269e-02 2.153861150145530701e-02 3.943973407149314880e-02 2.443341910839080811e-02 2.513474971055984497e-02 3.269255626946687698e-03 2.758608572185039520e-02 6.741445977240800858e-03 1.108638942241668701e-02 2.191906608641147614e-02 7.227165624499320984e-03 3.549251006916165352e-03 1.766930520534515381e-02 8.397872443310916424e-04 1.594342640601098537e-03 9.350234642624855042e-03 1.454920694231987000e-02 2.125540561974048615e-02 3.185259411111474037e-03 4.393021389842033386e-02 1.798958890140056610e-02 4.458241909742355347e-02 6.608450203202664852e-04 9.593500755727291107e-03 2.413723804056644440e-02 3.582695871591567993e-02 2.388473227620124817e-02 3.281455114483833313e-02 2.977564185857772827e-02 7.923380471765995026e-04 1.049520540982484818e-02 2.084713242948055267e-02 9.945664554834365845e-03 2.091007307171821594e-02 1.896020025014877319e-02 1.559845637530088425e-02 1.620954647660255432e-02 1.163851376622915268e-02 7.462293724529445171e-04 1.303016301244497299e-02 1.818350329995155334e-02 1.677159592509269714e-02 1.788219623267650604e-02 2.932666614651679993e-02 2.846142509952187538e-03
3.678148845210671425e-03 3.960496559739112854e-02 2.734081819653511047e-02 3.761254623532295227e-02 3.705601021647453308e-02 3.291961923241615295e-02 7.618678733706474304e-03 1.381442137062549591e-02 2.325746417045593262e-02 6.335995625704526901e-03 1.910575293004512787e-02 5.991765260696411133e-01 4.014026373624801636e-02 7.252787053585052490e-02 5.823553539812564850e-03 2.745700441300868988e-02 2.912951447069644928e-02 1.215574983507394791e-02 1.282499544322490692e-02 1.068264618515968323e-02 1.782127656042575836e-02 1.375228166580200195e-02 1.553749106824398041e-02 1.546145044267177582e-02 1.073866430670022964e-02 2.464212104678153992e-02 2.272151410579681396e-02 5.443044751882553101e-02 2.928097499534487724e-03 2.410406433045864105e-02 8.595564402639865875e-03 3.505510091781616211e-02 3.878750652074813843e-02 2.327895537018775940e-02 1.839891634881496429e-02 2.263163402676582336e-02 1.738426461815834045e-02 2.025726018473505974e-03 1.392220146954059601e-02 3.617942705750465393e-02 2.278787828981876373e-02 2.250970900058746338e-02 3.628662321716547012e-03 1.017865445464849472e-02 4.260800033807754517e-02 5.457478761672973633e-02 2.416191250085830688e-02 1.450084242969751358e-02 2.162454091012477875e-02 3.932841867208480835e-02 4.497959278523921967e-03 1.646201126277446747e-02 2.281248383224010468e-02 1.084174029529094696e-02 2.000222913920879364e-02 2.129366993904113770e-02 2.055410994216799736e-03 2.127572335302829742e-02 1.010016072541475296e-02 3.384514711797237396e-03 4.190332442522048950e-02 2.479648962616920471e-02 2.636908786371350288e-03 3.321060165762901306e-02 6.535209249705076218e-04 1.904811523854732513e-02 1.494857668876647949e-02 5.493068322539329529e-02 2.267734147608280182e-02 1.553145702928304672e-03 2.176525443792343140e-02 5.606026388704776764e-03 1.309894490987062454e-02 1.007316913455724716e-02 3.342098323628306389e-03 6.693618372082710266e-03 2.269749157130718231e-02 8.174229413270950317e-03 2.077743783593177795e-02 2.330660633742809296e-02 5.037779337726533413e-04 4.176627844572067261e-02 1.396868936717510223e-02 2.039960958063602448e-02 3.589355153962969780e-03 1.739653013646602631e-02 7.920571370050311089e-04 9.708626195788383484e-03 1.716381683945655823e-02 6.699778605252504349e-03 7.485313341021537781e-03 1.448069512844085693e-02 4.885705187916755676e-03 6.926042493432760239e-03 1.088386960327625275e-02 2.353378944098949432e-02 2.218006551265716553e-02 3.576543554663658142e-02 1.057280879467725754e-02 7.620575837790966034e-03 2.118597738444805145e-02 8.653290569782257080e-03 4.122653044760227203e-03 7.594719063490629196e-03 2.722946181893348694e-02 2.630534395575523376e-02 4.087702929973602295e-02 1.018927432596683502e-02 3.574749687686562538e-03 2.842878689989447594e-03 1.014615036547183990e-02 1.933169551193714142e-02 2.240068092942237854e-02 1.020520366728305817e-02 1.762703247368335724e-02 2.809084486216306686e-03
1.083749681711196899e-01 1.424829363822937012e-01 2.053119242191314697e-02 5.502930376678705215e-03 1.952741853892803192e-02 3.041970171034336090e-02 6.070859357714653015e-02 5.014321301132440567e-03 2.976851910352706909e-02 3.640588372945785522e-02 8.503486216068267822e-02 4.014026373624801636e-02 6.014474034309387207e-01 1.731868088245391846e-02 2.589293755590915680e-02 2.082852413877844810e-03 5.401991773396730423e-03 9.035957045853137970e-03 9.491241537034511566e-03 8.723125210963189602e-04 3.267422690987586975e-02 1.832444407045841217e-02 3.085781075060367584e-02 2.565785683691501617e-02 4.433010891079902649e-02 7.049275562167167664e-03 2.941744460258632898e-04 1.421551685780286789e-02 2.093083783984184265e-02 5.726710427552461624e-03 4.666839540004730225e-02 1.028505805879831314e-02 2.608743030577898026e-03 4.873739089816808701e-04 4.400518722832202911e-03 1.329058408737182617e-02 2.232149476185441017e-03 6.999047473073005676e-03 3.124346956610679626e-02 2.581780590116977692e-02 1.184294279664754868e-02 2.537405304610729218e-02 3.791664540767669678e-02 4.973633959889411926e-02 4.316003248095512390e-02 3.222469612956047058e-02 2.127190306782722473e-02 4.924815520644187927e-02 8.872914128005504608e-03 1.075039897114038467e-02 9.382941760122776031e-03 4.027299210429191589e-02 4.739370197057723999e-03 8.372076787054538727e-03 1.395932957530021667e-02 1.131290849298238754e-02 1.220773905515670776e-02 7.040864787995815277e-03 1.435562409460544586e-02 1.439602393656969070e-02 3.148110350593924522e-03 5.397794768214225769e-03 5.236707162111997604e-03 1.326447702012956142e-03 1.178013347089290619e-02 3.065427392721176147e-02 3.718793019652366638e-02 1.705601066350936890e-02 2.054930664598941803e-02 8.139531128108501434e-03 7.618990726768970490e-03 2.889178507030010223e-02 3.860356518998742104e-03 1.616831868886947632e-02 3.585771191865205765e-03 2.359019778668880463e-02 1.708361320197582245e-02 1.962270960211753845e-02 1.823969930410385132e-02 1.043852139264345169e-02 1.444225199520587921e-02 5.019125528633594513e-03 7.769449148327112198e-04 6.920607294887304306e-03 1.477397419512271881e-02 5.876859650015830994e-04 5.474497564136981964e-03 2.779728546738624573e-02 6.565243471413850784e-03 1.271649822592735291e-02 2.413585968315601349e-02 1.094273943454027176e-02 4.371701925992965698e-02 6.785820238292217255e-03 5.440761800855398178e-03 2.944549312815070152e-03 3.877554461359977722e-02 3.555112704634666443e-02 3.088786080479621887e-02 3.478063642978668213e-02 1.094695460051298141e-02 8.245007134974002838e-03 1.376224588602781296e-02 4.823371395468711853e-02 9.810000658035278320e-03 7.477637846022844315e-03 4.768367391079664230e-03 1.325804740190505981e-02 1.198427379131317139e-02 2.718815114349126816e-03 1.196835096925497055e-02 2.756151743233203888e-02 3.363375738263130188e-02 2.877191640436649323e-02 3.196910023689270020e-02 2.746040746569633484e-02
