5.585510134696960449e-01 1.873795986175537109e-01 3.658793121576309204e-02 9.445238858461380005e-03 6.738735362887382507e-03 1.439095437526702881e-01 9.693459421396255493e-02 2.319690957665443420e-02 2.962002716958522797e-02 2.153692208230495453e-02 1.403404772281646729e-01 5.317419394850730896e-02 1.417731046676635742e-01 4.857350885868072510e-02 8.459597826004028320e-02 2.122095227241516113e-02 9.330131113529205322e-03 3.727595880627632141e-02 1.130097825080156326e-02 1.746663474477827549e-03 4.360411688685417175e-02 2.429624833166599274e-02 3.307325765490531921e-02 2.408547326922416687e-02 3.039005398750305176e-02 3.602637350559234619e-02 3.361631184816360474e-02 2.158702723681926727e-02 2.431675326079130173e-03 4.699157550930976868e-02 2.592369914054870605e-02 9.253636002540588379e-03 1.692990772426128387e-02 5.678832065314054489e-03 1.008980628103017807e-02 6.139267497928813100e-05 1.611599465832114220e-03 3.360231220722198486e-02 1.655111648142337799e-02 3.163630887866020203e-02 4.356207698583602905e-02 3.325399383902549744e-02 2.187414281070232391e-02 1.801888458430767059e-02 2.910045348107814789e-02 9.408743120729923248e-03 1.588565260171890259e-01 1.044575423002243042e-01 2.749318256974220276e-02 3.232282772660255432e-02 5.455679274746216834e-05 2.140375413000583649e-02 1.687972061336040497e-02 2.629824355244636536e-02 1.952614821493625641e-02 4.033967107534408569e-02 1.745751686394214630e-02 2.846361882984638214e-02 3.178239613771438599e-02 1.308843027800321579e-02 3.965129144489765167e-04 4.760339856147766113e-02 6.391004659235477448e-03 3.231498226523399353e-02 4.817183129489421844e-03 1.627001166343688965e-02 3.916560206562280655e-03 2.706895954906940460e-02 4.259452968835830688e-02 1.321178674697875977e-02 2.758402563631534576e-02 4.024186357855796814e-02 1.934303715825080872e-02 1.390779763460159302e-02 1.207016967236995697e-02 3.689477220177650452e-02 5.680584348738193512e-03 4.401776194572448730e-02 3.774375468492507935e-02 4.772022739052772522e-02 1.309732813388109207e-02 1.800558529794216156e-02 9.258680976927280426e-03 1.035280711948871613e-02 3.416452184319496155e-02 1.429061032831668854e-02 2.211407013237476349e-02 1.630369923077523708e-03 2.104671299457550049e-02 4.667092114686965942e-02 5.708026001229882240e-04 2.001202292740345001e-02 2.573811821639537811e-02 4.305106401443481445e-02 2.664485014975070953e-02 4.031230136752128601e-02 4.892642050981521606e-02 4.317123070359230042e-02 2.203523926436901093e-02 1.126330927945673466e-03 3.015259746462106705e-03 1.611308008432388306e-02 4.202025756239891052e-02 4.341400042176246643e-02 2.985452860593795776e-02 2.531250566244125366e-02 1.634067157283425331e-03 4.672312363982200623e-02 5.863453727215528488e-03 5.485337693244218826e-03 2.023406699299812317e-02 3.289161995053291321e-02 3.544884175062179565e-02 5.250994488596916199e-02 3.073312807828187943e-03 2.889807522296905518e-02
1.873795986175537109e-01 5.576149225234985352e-01 4.006733000278472900e-02 1.731588318943977356e-02 3.172491118311882019e-02 1.343508511781692505e-01 1.037863045930862427e-01 1.531551592051982880e-02 1.599564962089061737e-02 3.810981661081314087e-02 1.396932899951934814e-01 3.998665511608123779e-02 1.638445258140563965e-01 4.931931570172309875e-02 8.637218922376632690e-02 2.087713032960891724e-02 1.448323670774698257e-02 2.139245904982089996e-02 3.043647855520248413e-02 2.168878726661205292e-02 3.494975715875625610e-02 3.235635533928871155e-02 3.400983288884162903e-02 2.944881282746791840e-02 3.819320723414421082e-02 3.716813772916793823e-02 4.509821906685829163e-02 7.000103127211332321e-03 1.309327082708477974e-03 3.258095309138298035e-02 2.113641239702701569e-02 9.526184760034084320e-03 1.101264078170061111e-02 5.561759229749441147e-03 5.137051455676555634e-03 1.719575934112071991e-02 1.515138335525989532e-02 2.808107063174247742e-02 1.702879369258880615e-02 4.427079111337661743e-02 3.543432056903839111e-02 1.826740242540836334e-02 6.395061034709215164e-03 1.417458406649529934e-03 4.657571762800216675e-02 9.666766040027141571e-03 1.475585401058197021e-01 1.137876883149147034e-01 3.208770882338285446e-03 4.416322708129882812e-02 1.721372455358505249e-02 2.920555323362350464e-02 1.671592704951763153e-02 2.001562528312206268e-02 5.082814954221248627e-03 3.137101233005523682e-02 1.931705698370933533e-02 2.880615182220935822e-02 8.414702489972114563e-03 6.554170977324247360e-04 1.046441029757261276e-02 3.400397673249244690e-02 3.120413422584533691e-02 3.185883909463882446e-02 8.562921546399593353e-03 1.828771270811557770e-02 1.108782365918159485e-03 1.261994801461696625e-02 4.504134505987167358e-02 2.828506194055080414e-02 3.045861795544624329e-02 5.444241687655448914e-02 2.691021654754877090e-03 1.203175541013479233e-02 4.118156433105468750e-02 3.784528374671936035e-02 1.007090136408805847e-02 3.403713926672935486e-02 2.765077166259288788e-02 1.767711527645587921e-02 3.088868921622633934e-03 2.416275907307863235e-03 1.158460043370723724e-02 1.613016612827777863e-02 2.597847208380699158e-02 2.246852591633796692e-02 2.513708546757698059e-02 2.132772281765937805e-02 2.731480635702610016e-03 3.971962258219718933e-02 4.252639599144458771e-03 1.861882209777832031e-02 2.642587944865226746e-02 3.307960554957389832e-02 8.749957196414470673e-03 4.733891040086746216e-02 3.504359722137451172e-02 4.015188291668891907e-02 1.201829034835100174e-02 8.054193109273910522e-03 2.088164165616035461e-02 3.004594938829541206e-03 2.249046042561531067e-02 2.855379506945610046e-02 2.238859236240386963e-02 3.536077961325645447e-02 3.045837208628654480e-02 4.850514605641365051e-02 4.289258737117052078e-03 1.244936045259237289e-02 4.147306550294160843e-03 2.386048808693885803e-02 4.101572185754776001e-02 4.848402366042137146e-02 7.811687421053647995e-03 2.254588156938552856e-02
3.658793121576309204e-02 4.006733000278472900e-02 5.215432643890380859e-01 3.929184284061193466e-03 5.449693999253213406e-04 2.004796080291271210e-02 9.192914701998233795e-03 7.404773682355880737e-02 3.058683313429355621e-02 2.984424121677875519e-02 1.981429941952228546e-02 1.763018593192100525e-02 1.326953805983066559e-02 1.452690269798040390e-02 1.877055503427982330e-02 1.495186123065650463e-03 3.200630843639373779e-02 2.855126000940799713e-02 1.331896521151065826e-02 1.945924200117588043e-02 2.736191637814044952e-02 2.847859635949134827e-02 1.524007506668567657e-02 1.675796881318092346e-02 1.477369759231805801e-02 2.642941102385520935e-02 6.661839783191680908e-02 9.056734852492809296e-03 3.482547122985124588e-03 7.809867383912205696e-04 5.515457596629858017e-03 3.683556616306304932e-02 1.876565814018249512e-02 3.431255742907524109e-02 6.529313977807760239e-04 2.984236180782318115e-02 2.516076341271400452e-02 5.328320339322090149e-02 1.603950001299381256e-02 1.929691992700099945e-02 3.885195031762123108e-02 3.096195869147777557e-02 4.140833020210266113e-02 5.097343400120735168e-02 2.759008482098579407e-02 3.167141601443290710e-02 8.083322085440158844e-03 2.769256569445133209e-02 7.734327577054500580e-03 3.353126347064971924e-02 9.297598735429346561e-04 4.164633154869079590e-02 2.014124207198619843e-02 1.915583945810794830e-02 9.049483574926853180e-03 2.158614248037338257e-02 1.381784770637750626e-02 1.819796115159988403e-02 3.898265957832336426e-02 3.080387599766254425e-02 1.222021761350333691e-03 7.274483796209096909e-03 2.411751262843608856e-02 6.345946458168327808e-04 3.540830686688423157e-03 1.858289912343025208e-02 8.754803799092769623e-03 2.457628585398197174e-02 3.535722941160202026e-02 2.581886947154998779e-02 7.668287958949804306e-03 2.697432786226272583e-02 3.976674377918243408e-02 4.319402202963829041e-02 5.044469609856605530e-03 1.642167381942272186e-02 2.645544707775115967e-02 9.592890739440917969e-03 3.552024438977241516e-02 3.656853362917900085e-02 1.172859743237495422e-01 1.041731685400009155e-01 4.792766179889440536e-03 1.220531761646270752e-02 2.664034813642501831e-02 2.192326821386814117e-02 2.520049735903739929e-02 1.541901286691427231e-02 2.962159737944602966e-02 1.136727537959814072e-02 1.519674842711538076e-04 2.543588913977146149e-02 1.186850946396589279e-02 1.359584555029869080e-02 1.188618689775466919e-02 2.966756001114845276e-02 3.581181168556213379e-02 1.735971495509147644e-02 8.779549971222877502e-03 2.287012059241533279e-03 3.754433989524841309e-02 4.156969860196113586e-02 2.213464677333831787e-02 2.087799273431301117e-02 8.133308961987495422e-03 1.024127821438014507e-03 2.899193949997425079e-02 3.929275088012218475e-03 3.879383578896522522e-02 2.345600724220275879e-02 2.728593721985816956e-02 3.816322982311248779e-02 4.010253772139549255e-02 3.891173377633094788e-02 7.467667106539011002e-03 3.295390307903289795e-02
9.445238858461380005e-03 1.731588318943977356e-02 3.929184284061193466e-03 5.493897795677185059e-01 1.257216632366180420e-01 4.604282230138778687e-02 2.713192254304885864e-02 1.998133584856987000e-02 1.387014612555503845e-02 6.392260640859603882e-02 2.911117300391197205e-02 3.332050889730453491e-02 3.142519667744636536e-02 3.361894283443689346e-03 1.441790536046028137e-02 1.622633822262287140e-02 2.969919331371784210e-02 2.523231320083141327e-02 2.249846421182155609e-02 2.699831128120422363e-02 2.450645528733730316e-02 3.084510564804077148e-02 4.507645964622497559e-02 6.423430144786834717e-02 3.607280179858207703e-02 1.555917132645845413e-02 3.319332376122474670e-02 1.133668329566717148e-02 8.707021363079547882e-03 3.772855177521705627e-02 1.197197125293314457e-03 1.381013425998389721e-03 3.024600073695182800e-02 2.596374414861202240e-02 1.289433892816305161e-02 4.533342272043228149e-02 4.686795920133590698e-02 2.270964160561561584e-02 1.087567657232284546e-01 7.657060772180557251e-02 5.471056792885065079e-04 2.014578133821487427e-02 3.864497318863868713e-02 2.933959849178791046e-02 1.537920208647847176e-03 2.878348901867866516e-02 2.479634620249271393e-02 3.421741537749767303e-03 9.355868212878704071e-03 1.453810092061758041e-02 2.780452929437160492e-02 1.177486497908830643e-02 4.973877593874931335e-02 2.039076294749975204e-03 4.347864165902137756e-02 8.046152070164680481e-03 9.950852952897548676e-03 1.394658070057630539e-02 1.569135300815105438e-02 1.779444981366395950e-03 2.830690704286098480e-02 6.050637364387512207e-02 5.088058859109878540e-02 3.251675516366958618e-02 7.474738173186779022e-03 1.503049023449420929e-02 1.293388474732637405e-02 9.351484477519989014e-03 2.217025868594646454e-02 8.850262500345706940e-03 4.554794728755950928e-02 3.499934449791908264e-02 1.376586258411407471e-01 7.016987074166536331e-03 1.073848307132720947e-01 1.053954567760229111e-02 4.244996234774589539e-02 4.382736980915069580e-02 2.163224294781684875e-02 1.929866336286067963e-02 1.813853718340396881e-02 2.341710589826107025e-02 2.693626098334789276e-03 4.834932088851928711e-02 3.163117915391921997e-02 1.278281863778829575e-02 3.726385300979018211e-03 2.638245001435279846e-02 1.974393613636493683e-02 4.325215145945549011e-02 1.435062615200877190e-03 1.678830944001674652e-02 1.771613396704196930e-02 4.478384181857109070e-02 3.529451414942741394e-02 4.787135124206542969e-02 1.379363238811492920e-02 3.672016039490699768e-02 1.889581605792045593e-02 3.893670812249183655e-02 4.309724271297454834e-02 4.570116102695465088e-02 4.527162387967109680e-02 3.847020119428634644e-02 6.464332691393792629e-04 1.281904429197311401e-02 4.079395160079002380e-02 7.971164770424365997e-03 5.286600813269615173e-02 6.327935960143804550e-03 3.819470480084419250e-02 3.183092549443244934e-02 4.311009310185909271e-03 3.303575143218040466e-02 2.044276334345340729e-03 1.587510481476783752e-02
6.738735362887382507e-03 3.172491118311882019e-02 5.449693999253213406e-04 1.257216632366180420e-01 5.441570281982421875e-01 4.351408407092094421e-02 2.809282951056957245e-02 2.950544096529483795e-02 2.039117924869060516e-02 4.109206050634384155e-02 2.178602293133735657e-02 3.403159976005554199e-02 3.647295013070106506e-02 3.906334284693002701e-03 2.198514714837074280e-02 4.668821766972541809e-02 7.199307903647422791e-03 4.442042857408523560e-02 5.646048113703727722e-02 3.170587122440338135e-02 1.555721368640661240e-02 1.905454322695732117e-02 5.217073857784271240e-02 6.139012426137924194e-02 1.673840545117855072e-02 7.996083586476743221e-04 3.892381861805915833e-02 8.446966297924518585e-03 1.613554172217845917e-02 2.686957642436027527e-02 1.450149528682231903e-02 5.545131396502256393e-03 2.168662846088409424e-02 3.376948460936546326e-02 1.723853165458422154e-05 3.963864222168922424e-02 4.400433599948883057e-02 2.698760665953159332e-02 9.749419987201690674e-02 9.973143041133880615e-02 2.287554927170276642e-02 2.791048213839530945e-02 3.056052699685096741e-02 1.161594782024621964e-02 1.991401426494121552e-02 1.898696180433034897e-03 1.325790211558341980e-02 2.231014333665370941e-02 3.145981812849640846e-03 7.488680072128772736e-03 2.004278451204299927e-02 1.022590324282646179e-02 3.396493569016456604e-02 6.875601597130298615e-03 3.865325450897216797e-02 3.802414983510971069e-02 6.679244805127382278e-03 1.291688159108161926e-02 2.925142087042331696e-02 7.572741247713565826e-03 2.043990232050418854e-02 2.790829725563526154e-02 4.641252756118774414e-02 1.902289316058158875e-02 1.245150342583656311e-02 1.222600787878036499e-02 2.466834336519241333e-02 1.548982877284288406e-02 1.434445613995194435e-03 7.107921410351991653e-03 2.200258336961269379e-02 2.981392480432987213e-02 9.879933297634124756e-02 2.444612234830856323e-02 1.318424940109252930e-01 1.667898707091808319e-02 1.479880604892969131e-02 3.663728013634681702e-02 2.620493760332465172e-03 2.886373177170753479e-02 2.181791141629219055e-02 8.711472153663635254e-03 3.157506138086318970e-02 1.855300553143024445e-02 1.478668767958879471e-02 1.171830669045448303e-02 3.910433501005172729e-03 4.003527760505676270e-02 2.543644048273563385e-02 2.393406443297863007e-02 2.448789542540907860e-03 2.224887348711490631e-02 2.839871682226657867e-03 5.449257791042327881e-02 2.343378029763698578e-02 3.205913305282592773e-02 7.302951416932046413e-04 2.738006971776485443e-02 2.458686940371990204e-02 4.197434708476066589e-02 4.089118912816047668e-02 5.509146302938461304e-02 5.247421935200691223e-02 3.628918528556823730e-02 1.821267302148044109e-03 2.620298415422439575e-03 1.850567385554313660e-02 4.605954047292470932e-03 5.432589352130889893e-02 9.217698127031326294e-03 1.949429698288440704e-02 1.069517247378826141e-02 4.065566696226596832e-03 1.994116976857185364e-02 3.278694115579128265e-03 2.051735296845436096e-02
1.439095437526702881e-01 1.343508511781692505e-01 2.004796080291271210e-02 4.604282230138778687e-02 4.351408407092094421e-02 5.534126162528991699e-01 1.651912778615951538e-01 3.685133531689643860e-02 2.525311335921287537e-02 2.906812541186809540e-02 6.987345963716506958e-02 2.658425457775592804e-02 9.096393734216690063e-02 2.743217162787914276e-02 1.893274858593940735e-02 2.167198248207569122e-02 3.123155981302261353e-02 1.915229111909866333e-02 1.116403192281723022e-02 1.188240759074687958e-02 1.163772400468587875e-02 3.964908793568611145e-02 2.150224521756172180e-02 1.568961702287197113e-02 1.051236689090728760e-02 2.352012880146503448e-02 1.404016185551881790e-02 2.212815918028354645e-02 2.144328877329826355e-02 3.556607989594340324e-03 4.716996569186449051e-03 3.661185503005981445e-02 5.540168657898902893e-02 4.514704272150993347e-02 3.549593687057495117e-02 3.697145357728004456e-02 4.387351870536804199e-02 3.163886070251464844e-02 8.441298268735408783e-03 3.635355271399021149e-03 1.695867395028471947e-03 6.645598914474248886e-04 3.602845594286918640e-02 2.636703476309776306e-02 2.118468983098864555e-03 2.848225645720958710e-02 2.126440107822418213e-01 1.099020913243293762e-01 2.106389962136745453e-02 1.633817516267299652e-02 2.136385813355445862e-02 4.108215123414993286e-02 2.926007146015763283e-03 2.077101729810237885e-03 3.067849576473236084e-02 2.575699053704738617e-02 1.672648265957832336e-02 2.798993373289704323e-04 3.926490247249603271e-02 1.522260438650846481e-02 1.643445342779159546e-02 1.298143062740564346e-02 3.037833049893379211e-02 1.931579224765300751e-02 3.089319169521331787e-02 5.173389986157417297e-02 3.070402424782514572e-03 5.646332632750272751e-03 3.259906172752380371e-02 2.968689613044261932e-02 8.385180495679378510e-03 3.330745548009872437e-02 3.292736411094665527e-02 5.220152810215950012e-02 3.917344287037849426e-02 3.465249016880989075e-02 4.770527128130197525e-03 7.884513586759567261e-03 5.164382979273796082e-02 2.264552749693393707e-02 3.493358939886093140e-02 2.859218418598175049e-02 2.562281116843223572e-02 3.660572459921240807e-03 2.980657620355486870e-03 4.219033196568489075e-02 4.264301061630249023e-02 5.719388648867607117e-02 7.094242144376039505e-03 2.136175520718097687e-02 6.297396868467330933e-02 4.091485217213630676e-02 6.136262789368629456e-02 4.479961469769477844e-03 2.946098521351814270e-02 4.548368044197559357e-03 1.430656109005212784e-02 3.766090958379209042e-04 2.594558894634246826e-02 4.805020242929458618e-02 2.016153186559677124e-02 4.761150106787681580e-02 3.699213266372680664e-02 2.672902680933475494e-02 1.179251819849014282e-02 3.564785001799464226e-03 2.831016667187213898e-03 2.861669287085533142e-02 4.852663725614547729e-02 5.645010247826576233e-02 1.990953646600246429e-02 1.394222863018512726e-02 3.643378149718046188e-03 5.781509913504123688e-03 1.988362334668636322e-02 2.533457987010478973e-02
9.693459421396255493e-02 1.037863045930862427e-01 9.192914701998233795e-03 2.713192254304885864e-02 2.809282951056957245e-02 1.651912778615951538e-01 5.499755740165710449e-01 4.789679124951362610e-02 9.632574394345283508e-03 4.672408476471900940e-02 3.540100902318954468e-02 3.822584077715873718e-02 7.523117959499359131e-02 6.439063698053359985e-02 8.655947633087635040e-03 1.879619993269443512e-02 4.196962714195251465e-02 1.547666545957326889e-02 4.676595795899629593e-03 3.242035582661628723e-02 4.479334503412246704e-02 5.742620676755905151e-02 3.036825219169259071e-03 1.838387735188007355e-02 2.106421440839767456e-02 4.055849462747573853e-02 7.827895693480968475e-03 1.946879923343658447e-02 1.243914361111819744e-03 1.423440873622894287e-02 2.515396662056446075e-02 5.195204541087150574e-02 3.606604412198066711e-02 5.328865349292755127e-02 2.586515061557292938e-02 1.179527491331100464e-02 2.356861531734466553e-02 3.549439460039138794e-02 7.422483991831541061e-03 2.069730311632156372e-02 2.035581320524215698e-02 6.943946937099099159e-04 3.782070055603981018e-02 2.884206548333168030e-02 2.277655340731143951e-02 3.081051632761955261e-03 1.711195707321166992e-01 8.365456014871597290e-02 1.766257546842098236e-02 1.780491508543491364e-02 1.636922545731067657e-02 4.800399020314216614e-02 1.466422108933329582e-04 5.307519342750310898e-03 1.711021736264228821e-02 3.068628162145614624e-02 1.112816203385591507e-02 8.711284957826137543e-03 2.384854666888713837e-02 1.688166521489620209e-02 7.219493389129638672e-03 7.046139799058437347e-03 2.694887109100818634e-02 1.119552552700042725e-02 1.085375342518091202e-02 2.451287396252155304e-02 3.011176548898220062e-02 5.217406898736953735e-02 2.988878078758716583e-02 1.442294009029865265e-02 2.742469776421785355e-03 3.397896885871887207e-02 3.758987784385681152e-02 4.458324611186981201e-02 2.315771020948886871e-02 3.901989758014678955e-02 9.995270520448684692e-03 2.951573207974433899e-02 5.628749355673789978e-02 9.531209245324134827e-03 3.582996875047683716e-02 3.225053101778030396e-02 3.607917577028274536e-02 9.765051305294036865e-03 4.627011716365814209e-03 2.903400175273418427e-02 6.063515692949295044e-02 3.831914439797401428e-02 2.372730756178498268e-03 3.955644369125366211e-02 3.300320729613304138e-02 3.086949884891510010e-02 3.870137780904769897e-02 1.047983486205339432e-02 3.608369827270507812e-02 1.491129398345947266e-02 2.416449412703514099e-02 8.861873298883438110e-03 1.903988420963287354e-02 4.846019297838211060e-02 9.638654999434947968e-03 5.698058754205703735e-02 3.238818794488906860e-02 1.770739816129207611e-02 4.225445154588669538e-04 1.441782573238015175e-03 5.923779215663671494e-03 3.083736822009086609e-02 4.783847182989120483e-02 5.530923604965209961e-02 1.536093093454837799e-02 2.248503081500530243e-02 6.218937225639820099e-03 8.241256698966026306e-03 3.735048696398735046e-02 2.024597674608230591e-02
2.319690957665443420e-02 1.531551592051982880e-02 7.404773682355880737e-02 1.998133584856987000e-02 2.950544096529483795e-02 3.685133531689643860e-02 4.789679124951362610e-02 5.332701802253723145e-01 4.661311581730842590e-02 1.283699739724397659e-02 2.629367448389530182e-02 2.208992093801498413e-02 9.899037890136241913e-03 6.812575273215770721e-03 6.093115359544754028e-02 9.965434670448303223e-03 1.269969344139099121e-02 1.128652784973382950e-02 4.102526232600212097e-02 3.554728627204895020e-02 1.722123846411705017e-02 2.276873216032981873e-02 8.034307509660720825e-03 5.768893752247095108e-03 2.453094162046909332e-02 1.694339560344815254e-03 5.134175065904855728e-03 1.742881350219249725e-02 5.650352686643600464e-03 1.377293188124895096e-02 3.145459340885281563e-03 7.417245768010616302e-03 3.811360523104667664e-02 1.183506660163402557e-02 1.010018750093877316e-03 2.052044495940208435e-02 9.324770420789718628e-03 3.496213257312774658e-02 2.171066217124462128e-02 3.263535350561141968e-02 1.527815219014883041e-02 2.959742024540901184e-02 3.138069063425064087e-02 1.933202147483825684e-02 5.898273549973964691e-03 4.067189246416091919e-02 2.207240322604775429e-03 6.667045876383781433e-03 3.122081048786640167e-02 5.088943243026733398e-02 4.713426902890205383e-02 4.052878543734550476e-02 9.243565611541271210e-03 3.300315802334807813e-05 1.330217998474836349e-02 4.114884883165359497e-02 1.154138054698705673e-02 1.423811819404363632e-02 5.545718595385551453e-03 2.723840996623039246e-02 8.237831294536590576e-03 2.228987962007522583e-02 8.257526904344558716e-03 1.104267779737710953e-02 1.173992990516126156e-03 2.342105470597743988e-02 8.055240847170352936e-03 1.146911364048719406e-02 1.715197041630744934e-02 3.774869441986083984e-02 1.289144530892372131e-02 1.103978417813777924e-02 3.760207677260041237e-03 4.450987651944160461e-02 1.581852138042449951e-02 3.456069622188806534e-03 2.868432365357875824e-02 1.742978021502494812e-02 4.103755205869674683e-02 3.205922199413180351e-03 9.148798882961273193e-02 3.945382684469223022e-02 2.650104276835918427e-02 3.765175864100456238e-02 4.768348112702369690e-02 3.159833326935768127e-02 6.136804446578025818e-02 3.319447115063667297e-02 4.100082069635391235e-02 1.632858440279960632e-02 9.406072786077857018e-04 1.154553392552770674e-04 1.293245702981948853e-03 1.561880949884653091e-02 1.429482013918459415e-03 4.184204153716564178e-03 2.280845306813716888e-02 9.809019044041633606e-03 5.913947522640228271e-02 5.872055143117904663e-02 9.973213076591491699e-03 2.052048407495021820e-02 8.550509810447692871e-03 2.936763875186443329e-02 1.162387616932392120e-02 7.687122561037540436e-03 1.135069318115711212e-02 2.175971679389476776e-02 3.163361176848411560e-02 4.425671324133872986e-02 1.558961160480976105e-02 6.053626537322998047e-03 2.981050685048103333e-02 1.974946632981300354e-02 2.079243957996368408e-02 7.194099947810173035e-03
2.962002716958522797e-02 1.599564962089061737e-02 3.058683313429355621e-02 1.387014612555503845e-02 2.039117924869060516e-02 2.525311335921287537e-02 9.632574394345283508e-03 4.661311581730842590e-02 5.491382479667663574e-01 3.327149897813796997e-02 3.747530980035662651e-03 1.506935805082321167e-02 1.253199111670255661e-02 8.959821425378322601e-03 3.805139660835266113e-02 3.511300310492515564e-02 1.692223548889160156e-02 6.760226935148239136e-02 5.541762802749872208e-03 1.020366046577692032e-02 1.222982909530401230e-02 2.596919611096382141e-02 3.661425318568944931e-03 3.549306094646453857e-02 5.167078692466020584e-03 2.743702614679932594e-03 3.592305118218064308e-03 4.123046621680259705e-02 4.193209856748580933e-02 3.562359139323234558e-02 2.471030876040458679e-02 2.186847105622291565e-02 3.221049532294273376e-02 3.578153671696782112e-03 3.792006894946098328e-02 1.117603108286857605e-02 1.720283739268779755e-02 3.084922768175601959e-02 9.379263967275619507e-03 9.442771784961223602e-03 3.441096842288970947e-02 4.981397092342376709e-02 2.560453303158283234e-02 4.432715009897947311e-03 3.611540189012885094e-03 1.171284262090921402e-02 3.305202350020408630e-02 1.696425862610340118e-02 6.133302673697471619e-02 4.384394735097885132e-03 2.500825002789497375e-02 1.700995862483978271e-02 5.318858847022056580e-02 2.198498509824275970e-02 7.104458659887313843e-02 1.638087444007396698e-03 9.557526558637619019e-03 4.016450420022010803e-02 4.154507443308830261e-02 2.929503098130226135e-02 2.350622043013572693e-02 8.891673758625984192e-03 3.368616476655006409e-02 1.112846937030553818e-02 9.347619488835334778e-03 1.684067025780677795e-02 1.461176481097936630e-02 7.141568697988986969e-03 4.855294525623321533e-02 1.586089842021465302e-02 2.301899157464504242e-02 1.038277056068181992e-02 2.046040631830692291e-02 2.026727050542831421e-02 5.682321265339851379e-02 1.879299990832805634e-02 1.085922494530677795e-01 3.315698355436325073e-02 5.978284776210784912e-02 5.142994225025177002e-03 5.421266704797744751e-02 3.056650422513484955e-02 1.224008854478597641e-02 3.606055304408073425e-02 1.480313949286937714e-02 2.731778286397457123e-02 2.561747841536998749e-02 2.205449156463146210e-02 4.105218499898910522e-02 1.509606000036001205e-02 3.590464964509010315e-02 5.889402236789464951e-03 2.744184806942939758e-02 1.832710765302181244e-02 1.454572286456823349e-02 2.087940834462642670e-02 8.922466076910495758e-05 1.625058986246585846e-02 5.417894199490547180e-02 2.945805341005325317e-02 1.688841381110250950e-03 5.817167926579713821e-03 1.955176470801234245e-03 2.219355665147304535e-03 2.238486148416996002e-02 2.939302101731300354e-02 1.212408184073865414e-03 3.522970480844378471e-03 4.233048763126134872e-03 3.582281991839408875e-02 3.969076648354530334e-02 5.191203206777572632e-02 2.856131643056869507e-02 4.940603859722614288e-03 3.887355700135231018e-02 3.380260616540908813e-02
2.153692208230495453e-02 3.810981661081314087e-02 2.984424121677875519e-02 6.392260640859603882e-02 4.109206050634384155e-02 2.906812541186809540e-02 4.672408476471900940e-02 1.283699739724397659e-02 3.327149897813796997e-02 5.593672990798950195e-01 3.276014328002929688e-02 2.786471880972385406e-02 2.019265294075012207e-02 4.658332839608192444e-02 4.398548975586891174e-02 1.015045866370201111e-02 5.146812275052070618e-02 1.286633498966693878e-02 1.102003380656242371e-01 9.915199130773544312e-03 1.003409828990697861e-02 1.654920168220996857e-02 3.333339700475335121e-03 4.741129279136657715e-02 2.672044746577739716e-02 3.833603486418724060e-02 1.363665983080863953e-02 3.107607178390026093e-02 4.278113320469856262e-02 3.371378174051642418e-03 4.935806989669799805e-02 9.455888532102108002e-03 9.681655792519450188e-04 2.117365226149559021e-02 4.324755817651748657e-02 3.780651092529296875e-02 3.889896208420395851e-03 2.773575671017169952e-02 4.454872384667396545e-02 6.150555331259965897e-03 4.541837424039840698e-02 1.811511069536209106e-02 1.858453382737934589e-03 2.936914376914501190e-02 1.255047600716352463e-02 5.700090527534484863e-02 3.128615766763687134e-02 1.715771853923797607e-02 2.500337176024913788e-02 7.830453664064407349e-02 4.210145398974418640e-02 3.013345971703529358e-02 3.580389916896820068e-02 3.403910622000694275e-02 4.370302334427833557e-02 5.563713982701301575e-02 4.809046164155006409e-02 2.578945644199848175e-02 2.867650054395198822e-02 3.051116690039634705e-02 3.541528433561325073e-02 2.492458000779151917e-02 1.514607761055231094e-02 2.954412193503230810e-04 5.675014480948448181e-02 4.526707530021667480e-02 2.790763229131698608e-02 3.677509725093841553e-02 5.319555290043354034e-03 4.176904261112213135e-02 9.861943125724792480e-02 5.565739050507545471e-02 8.461681008338928223e-02 3.441204503178596497e-02 4.238339141011238098e-02 6.301917601376771927e-03 2.591019496321678162e-02 1.275473833084106445e-01 4.448650777339935303e-02 1.187390238046646118e-01 2.687196247279644012e-04 2.573761530220508575e-02 3.965374082326889038e-02 7.730086892843246460e-02 2.174604311585426331e-02 1.987511664628982544e-02 4.140464588999748230e-02 4.010685533285140991e-02 4.126643761992454529e-02 4.147342592477798462e-02 5.034861341118812561e-02 2.713061682879924774e-02 4.864364862442016602e-02 1.597217842936515808e-02 4.756635427474975586e-02 2.576544322073459625e-02 4.355684295296669006e-02 3.733757138252258301e-02 6.725789513438940048e-03 1.506202295422554016e-02 2.542196772992610931e-02 8.367062546312808990e-03 1.728758402168750763e-02 2.465336769819259644e-02 2.921476587653160095e-02 5.546050518751144409e-02 4.249701276421546936e-03 2.537919767200946808e-02 2.185086719691753387e-02 3.514610975980758667e-02 2.086026780307292938e-02 4.740624129772186279e-02 1.361737214028835297e-02 3.392413957044482231e-03 3.089358797296881676e-03 1.068986486643552780e-02
1.403404772281646729e-01 1.396932899951934814e-01 1.981429941952228546e-02 2.911117300391197205e-02 2.178602293133735657e-02 6.987345963716506958e-02 3.540100902318954468e-02 2.629367448389530182e-02 3.747530980035662651e-03 3.276014328002929688e-02 5.527701377868652344e-01 1.119701191782951355e-02 1.271502822637557983e-01 2.286856435239315033e-02 6.800588220357894897e-02 1.975584402680397034e-02 6.165193393826484680e-03 7.499458151869475842e-04 2.439798042178153992e-02 4.071164503693580627e-02 2.610283717513084412e-02 4.357028752565383911e-02 4.278258234262466431e-02 2.893371507525444031e-02 1.764439418911933899e-02 3.134386613965034485e-02 9.351054206490516663e-03 8.272036910057067871e-03 2.731021866202354431e-02 3.872124943882226944e-03 6.464325822889804840e-03 4.974124021828174591e-03 5.826771259307861328e-03 9.345302358269691467e-03 1.859630458056926727e-02 1.768662035465240479e-02 1.304586417973041534e-02 3.421735763549804688e-02 2.138603664934635162e-02 3.033454716205596924e-02 2.110646851360797882e-02 1.058543659746646881e-02 1.024189870804548264e-03 2.788842469453811646e-02 1.969962194561958313e-02 5.265656858682632446e-02 1.064049974083900452e-01 8.084157854318618774e-02 1.713736727833747864e-02 3.421454504132270813e-02 1.389822736382484436e-02 1.323196012526750565e-02 1.251875329762697220e-02 1.332391332834959030e-02 1.420995313674211502e-02 1.753880083560943604e-02 8.374898694455623627e-03 1.746748341247439384e-03 2.460033446550369263e-02 4.334311466664075851e-03 3.131541423499584198e-03 1.223318465054035187e-02 2.323200367391109467e-02 1.897830888628959656e-02 2.390627935528755188e-02 3.044071421027183533e-02 3.749523684382438660e-02 4.037746402900665998e-04 2.890486828982830048e-02 3.469884023070335388e-02 3.192497044801712036e-02 3.016698732972145081e-02 2.429627440869808197e-02 5.164228752255439758e-02 4.635803028941154480e-02 3.406015411019325256e-02 4.607735201716423035e-03 1.495892833918333054e-02 3.237956762313842773e-02 2.210029587149620056e-02 8.334038779139518738e-03 1.505900640040636063e-02 9.364929050207138062e-03 1.681591197848320007e-02 2.799547277390956879e-02 3.355273604393005371e-02 3.707132488489151001e-02 1.333186961710453033e-02 1.315875910222530365e-02 3.507830575108528137e-02 2.042120322585105896e-02 1.611978746950626373e-02 2.683948725461959839e-02 9.420609101653099060e-03 5.048020184040069580e-02 3.463094308972358704e-02 2.289607562124729156e-02 7.836353965103626251e-03 1.130355172790586948e-03 2.317748265340924263e-03 1.740490831434726715e-02 3.672044724225997925e-03 9.320505894720554352e-03 1.640065014362335205e-02 1.165004726499319077e-02 1.124421507120132446e-02 1.257255487143993378e-02 1.012349314987659454e-02 2.940382983069866896e-04 5.360058322548866272e-02 4.794602841138839722e-02 3.940192610025405884e-02 3.152953088283538818e-02 3.623216599225997925e-02 4.186211898922920227e-02 3.788664191961288452e-02
5.317419394850730896e-02 3.998665511608123779e-02 1.763018593192100525e-02 3.332050889730453491e-02 3.403159976005554199e-02 2.658425457775592804e-02 3.822584077715873718e-02 2.208992093801498413e-02 1.506935805082321167e-02 2.786471880972385406e-02 1.119701191782951355e-02 5.416263937950134277e-01 2.059557661414146423e-02 9.258027374744415283e-02 4.984877631068229675e-02 4.594773054122924805e-03 2.510194480419158936e-02 8.894014172255992889e-03 6.177476141601800919e-03 1.355745736509561539e-02 1.948955096304416656e-02 7.482716813683509827e-03 3.513537719845771790e-02 1.511179748922586441e-02 1.329917367547750473e-02 8.365132845938205719e-03 1.049152016639709473e-02 4.890817403793334961e-02 2.702843956649303436e-02 5.971869081258773804e-02 4.354678094387054443e-02 2.808652818202972412e-02 4.632186144590377808e-03 1.277140341699123383e-03 2.423963695764541626e-02 4.726487398147583008e-02 2.798235975205898285e-02 3.444311022758483887e-02 3.109075594693422318e-03 1.135145407170057297e-02 8.935631485655903816e-04 2.164234407246112823e-02 8.028146810829639435e-03 2.086118236184120178e-02 2.619149396196007729e-03 3.611741354689002037e-03 2.877121232450008392e-02 9.754265192896127701e-04 2.799027226865291595e-02 7.853912538848817348e-04 3.184049203991889954e-02 2.625895105302333832e-02 4.782468453049659729e-02 1.913790707476437092e-03 4.433665308170020580e-04 7.387875579297542572e-03 1.120582409203052521e-02 7.921583019196987152e-03 5.216963589191436768e-02 1.936270669102668762e-02 1.526244729757308960e-02 3.100684843957424164e-02 2.935871295630931854e-02 1.227411441504955292e-02 3.818900091573596001e-03 2.816033549606800079e-02 3.968380391597747803e-02 1.975221373140811920e-02 4.554860666394233704e-02 3.586656972765922546e-02 4.900041036307811737e-03 2.203662320971488953e-02 9.280911646783351898e-03 4.080502316355705261e-02 3.110916167497634888e-02 9.865829721093177795e-03 4.262710455805063248e-03 3.975993767380714417e-02 3.387488424777984619e-02 3.743322193622589111e-02 2.898926846683025360e-02 1.129295025020837784e-02 7.342183962464332581e-03 6.294425111263990402e-04 2.536873891949653625e-02 2.852500416338443756e-02 3.269264474511146545e-02 2.952161710709333420e-03 3.217968717217445374e-02 3.784200176596641541e-03 3.731162101030349731e-02 1.889858208596706390e-02 2.904670871794223785e-02 1.906851306557655334e-02 2.052222844213247299e-03 1.505448110401630402e-02 1.082889828830957413e-02 3.459097119048237801e-03 1.903604133985936642e-03 1.658208668231964111e-02 2.036805637180805206e-02 2.448148094117641449e-02 1.309985946863889694e-02 1.072779577225446701e-02 2.977458760142326355e-03 7.290885783731937408e-03 3.234645351767539978e-02 7.100550457835197449e-03 2.104623615741729736e-02 1.786219701170921326e-02 2.844559587538242340e-02 5.016654729843139648e-03 4.951523989439010620e-02 4.101352393627166748e-02 1.346903387457132339e-02 2.680884441360831261e-03
1.417731046676635742e-01 1.638445258140563965e-01 1.326953805983066559e-02 3.142519667744636536e-02 3.647295013070106506e-02 9.096393734216690063e-02 7.523117959499359131e-02 9.899037890136241913e-03 1.253199111670255661e-02 2.019265294075012207e-02 1.271502822637557983e-01 2.059557661414146423e-02 5.487719178199768066e-01 5.205233022570610046e-02 7.310018688440322876e-02 2.191714756190776825e-02 3.347459249198436737e-03 1.701351813971996307e-02 4.062499105930328369e-02 1.312214508652687073e-02 1.452455855906009674e-02 6.503521651029586792e-02 2.699912711977958679e-02 3.359203413128852844e-02 2.449921146035194397e-02 2.643553353846073151e-02 2.434807538520544767e-04 6.397743243724107742e-03 9.193748235702514648e-03 1.951958611607551575e-02 3.643162176012992859e-02 9.410318918526172638e-03 3.517862409353256226e-03 1.094840280711650848e-02 2.438374236226081848e-02 2.817254327237606049e-02 1.137615740299224854e-02 8.536135777831077576e-03 4.421298205852508545e-02 3.852705657482147217e-02 1.455619279295206070e-02 2.769189141690731049e-02 2.580190543085336685e-03 9.418546222150325775e-03 1.452731993049383163e-02 3.699849592521786690e-03 1.101933270692825317e-01 5.470513552427291870e-02 2.349093928933143616e-02 4.522663354873657227e-02 1.008629892021417618e-02 3.532772511243820190e-02 2.338792197406291962e-02 1.116609666496515274e-02 1.903083920478820801e-02 2.480505593121051788e-02 2.687927149236202240e-02 2.242759428918361664e-02 5.986275617033243179e-03 1.163439732044935226e-02 3.549990709871053696e-03 1.720969937741756439e-02 2.175452932715415955e-02 1.230029948055744171e-02 1.805335097014904022e-02 2.403921447694301605e-02 2.468134835362434387e-02 4.374044481664896011e-03 3.840913251042366028e-02 2.339127659797668457e-02 3.556178137660026550e-02 3.470246493816375732e-02 3.228891640901565552e-02 5.048663914203643799e-02 1.914556720294058323e-03 5.143228173255920410e-02 1.850842125713825226e-02 1.839412376284599304e-02 1.836723834276199341e-02 4.979554214514791965e-04 6.354218930937349796e-04 8.750432170927524567e-03 5.775523837655782700e-03 3.437727689743041992e-02 2.660004829522222281e-04 3.788603935390710831e-03 2.590859867632389069e-02 4.605884104967117310e-02 1.305643003433942795e-02 5.355592072010040283e-02 1.730610616505146027e-02 1.857800222933292389e-02 2.287417650222778320e-02 6.584147922694683075e-03 3.630570322275161743e-02 2.928033657371997833e-02 1.028122473508119583e-02 1.412031892687082291e-02 1.977698411792516708e-04 2.184847369790077209e-02 2.666554227471351624e-02 1.623985473997890949e-03 1.324987970292568207e-02 9.329553693532943726e-03 1.013829559087753296e-02 1.467998884618282318e-02 3.477216139435768127e-02 3.377580270171165466e-02 2.773852786049246788e-03 3.838840872049331665e-02 4.733428359031677246e-02 3.322767838835716248e-02 3.206154704093933105e-02 3.676374256610870361e-02 6.748836953192949295e-03 4.589587822556495667e-02
