5.000448822975158691e-01 9.343925118446350098e-02 1.852239109575748444e-02 1.689363829791545868e-02 3.118507377803325653e-02 1.011797636747360229e-01 7.024300843477249146e-02 4.405514150857925415e-02 7.964996621012687683e-03 6.012681405991315842e-03 8.318294584751129150e-02 2.227558754384517670e-02 6.977888941764831543e-02 4.623910784721374512e-02 2.217951975762844086e-02 3.254487738013267517e-02 2.556773647665977478e-02 2.859007194638252258e-02 2.416347712278366089e-02 1.282628066837787628e-02 1.901672221720218658e-02 1.558571029454469681e-02 2.310472482349723577e-04 1.330221816897392273e-02 3.442577645182609558e-02 1.969583705067634583e-02 2.749216509982943535e-03 2.033558674156665802e-02 1.317935157567262650e-02 2.202556841075420380e-02 1.752688921988010406e-02 1.017725747078657150e-02 1.154453027993440628e-03 6.218674592673778534e-03 1.632580906152725220e-02 6.670314818620681763e-03 9.368766099214553833e-03 4.953111521899700165e-03 2.412440814077854156e-02 4.456642549484968185e-03 6.152747198939323425e-03 1.686461642384529114e-02 2.739968895912170410e-02 3.732068231329321861e-03 4.394455254077911377e-02 2.134810574352741241e-02 8.629593998193740845e-02 3.993377089500427246e-02 7.697261753492057323e-04 1.702954992651939392e-02 2.094868198037147522e-02 1.735276915132999420e-02 1.711761695332825184e-03 3.210265561938285828e-02 1.799468509852886200e-02 4.738784953951835632e-02 4.387558624148368835e-02 3.839344903826713562e-02 2.770913764834403992e-02 3.196831420063972473e-02 2.171443402767181396e-02 3.809386864304542542e-02 3.050346300005912781e-02 3.709121048450469971e-02 6.331565324217081070e-03 2.772416546940803528e-02 4.475620016455650330e-02 2.643038146197795868e-02 1.207831501960754395e-02 1.715367101132869720e-02 5.573637783527374268e-03 7.021917495876550674e-03 1.361360214650630951e-02 3.700522705912590027e-02 8.745802566409111023e-03 4.162894934415817261e-02 1.752762869000434875e-02 4.841309506446123123e-03 4.609641805291175842e-02 1.516975089907646179e-02 1.742425188422203064e-02 1.732151210308074951e-02 3.721759468317031860e-02 1.390590984374284744e-02 3.322777152061462402e-02 2.134278602898120880e-02 7.709986530244350433e-03 2.312051691114902496e-02 2.353309467434883118e-02 4.328736104071140289e-03 2.696315944194793701e-02 9.433448314666748047e-03 4.968970082700252533e-03 1.403933111578226089e-02 5.180306360125541687e-02 7.725934963673353195e-03 4.759635403752326965e-02 2.939033508300781250e-02 1.137903775088489056e-03 5.768723785877227783e-03 9.207841008901596069e-03 1.943301176652312279e-03 1.817860826849937439e-02 1.077185012400150299e-02 2.446884661912918091e-02 3.087542392313480377e-02 1.171203097328543663e-03 1.355871092528104782e-02 2.687843702733516693e-02 4.692907258868217468e-02 3.455341979861259460e-02 2.686785906553268433e-02 5.570900812745094299e-02 5.048152804374694824e-02 4.293239908292889595e-04 3.503169864416122437e-02
9.343925118446350098e-02 4.885666370391845703e-01 3.901792690157890320e-02 8.685367181897163391e-03 3.893431276082992554e-02 5.728051066398620605e-02 4.920585826039314270e-02 4.365342203527688980e-03 9.764298796653747559e-03 1.039281394332647324e-02 4.826785251498222351e-02 7.855580188333988190e-03 8.934834599494934082e-02 3.747649490833282471e-02 2.152987569570541382e-02 8.953838609158992767e-03 4.426978062838315964e-03 3.837146982550621033e-02 3.239023312926292419e-02 1.659426279366016388e-02 1.550763659179210663e-02 5.577423609793186188e-03 9.575637057423591614e-03 1.840861700475215912e-02 1.499437075108289719e-02 1.270418055355548859e-02 2.536197565495967865e-02 1.670289598405361176e-02 2.023490704596042633e-02 4.294259101152420044e-02 1.664325222373008728e-02 8.074548095464706421e-03 7.398149464279413223e-03 1.034625899046659470e-02 1.111674495041370392e-02 1.960292924195528030e-03 1.581669086590409279e-03 2.317022345960140228e-02 2.630042098462581635e-02 2.534721791744232178e-02 3.675072640180587769e-02 1.022039097733795643e-03 1.791198179125785828e-02 2.205226384103298187e-02 2.158687077462673187e-02 3.733330219984054565e-02 7.181690633296966553e-02 4.415608942508697510e-02 1.664078608155250549e-02 1.402553450316190720e-02 1.969712041318416595e-02 2.660302817821502686e-02 5.001793615520000458e-03 1.558618736453354359e-03 2.242230623960494995e-02 3.034929372370243073e-02 3.874395787715911865e-02 2.725864574313163757e-02 2.600132673978805542e-02 2.475572191178798676e-02 2.948408015072345734e-03 4.532788693904876709e-02 1.034634374082088470e-02 1.908063143491744995e-02 1.842872006818652153e-03 1.257906667888164520e-02 2.631942741572856903e-02 2.280843816697597504e-02 6.004426162689924240e-03 3.117384575307369232e-02 5.646427161991596222e-03 2.330888621509075165e-02 1.373320911079645157e-02 1.923353038728237152e-02 1.120300614275038242e-03 2.202411368489265442e-02 7.977831177413463593e-03 1.170239411294460297e-02 2.294617332518100739e-02 1.090440619736909866e-02 2.851090393960475922e-02 1.246364414691925049e-02 3.920165821909904480e-02 1.305898092687129974e-02 2.550883963704109192e-02 1.858208142220973969e-02 6.625955458730459213e-03 2.192391268908977509e-02 2.746347710490226746e-02 1.798258535563945770e-02 1.217425893992185593e-02 1.612231135368347168e-02 1.818364299833774567e-02 4.755202680826187134e-03 4.892740771174430847e-02 4.719051939900964499e-04 3.501076251268386841e-02 1.934574451297521591e-03 6.577590480446815491e-03 5.120369140058755875e-03 5.103772506117820740e-03 1.131478324532508850e-02 8.420587517321109772e-03 2.986511588096618652e-02 4.032720625400543213e-02 2.570227161049842834e-02 7.543633691966533661e-03 2.969478443264961243e-02 3.797283396124839783e-02 4.490698501467704773e-02 2.480781078338623047e-02 3.502255305647850037e-03 3.040412999689579010e-02 3.558065742254257202e-02 3.172126784920692444e-02 1.073153782635927200e-02
1.852239109575748444e-02 3.901792690157890320e-02 4.607145786285400391e-01 2.025263756513595581e-02 6.713491678237915039e-02 1.479667704552412033e-02 8.212734246626496315e-04 1.626658439636230469e-01 3.243527188897132874e-02 3.634618967771530151e-02 6.192127708345651627e-03 6.677173078060150146e-02 3.437134250998497009e-02 4.742225259542465210e-02 7.307645864784717560e-03 1.404933724552392960e-02 4.681482445448637009e-03 2.225282043218612671e-02 2.556143887341022491e-02 1.786641031503677368e-02 1.279841642826795578e-02 2.114996500313282013e-02 4.216644912958145142e-02 3.542857989668846130e-02 2.105901762843132019e-02 2.514064311981201172e-02 1.552046742290258408e-02 2.135188505053520203e-02 5.536572262644767761e-02 7.451390475034713745e-02 2.050317637622356415e-02 2.465747762471437454e-03 3.338072076439857483e-02 2.743842639029026031e-02 2.893394045531749725e-02 1.042233034968376160e-02 1.087037147954106331e-03 2.529476024210453033e-02 7.319582253694534302e-02 8.437648415565490723e-03 9.760351851582527161e-03 1.042845007032155991e-02 3.458188613876700401e-03 5.082970857620239258e-02 9.218273684382438660e-03 3.633584827184677124e-02 2.085276693105697632e-02 2.082435600459575653e-02 2.397415786981582642e-02 2.756797894835472107e-02 3.487872704863548279e-02 8.577658794820308685e-03 2.524162083864212036e-02 2.467724028974771500e-03 2.811224199831485748e-02 2.549306303262710571e-02 1.519879885017871857e-02 3.011492080986499786e-02 1.060181017965078354e-02 2.255489863455295563e-02 3.076018998399376869e-03 1.756063476204872131e-02 6.389685720205307007e-02 2.052275277674198151e-02 1.135752443224191666e-02 3.787918249145150185e-03 3.139327839016914368e-02 3.389503434300422668e-02 3.695775941014289856e-02 1.761728152632713318e-02 1.654845476150512695e-02 3.807600587606430054e-03 1.942280679941177368e-02 2.719885297119617462e-02 5.658607464283704758e-03 4.981939494609832764e-02 2.294256351888179779e-02 4.225621372461318970e-02 1.635648868978023529e-02 3.042725287377834320e-02 9.978149831295013428e-02 6.076731532812118530e-02 1.488538738340139389e-02 2.063804073259234428e-03 3.851366788148880005e-02 4.215692356228828430e-02 4.171296581625938416e-02 1.585179008543491364e-03 1.013574749231338501e-01 5.398982763290405273e-02 6.471215165220201015e-04 2.773003093898296356e-02 1.429113093763589859e-03 2.283653058111667633e-02 7.663621567189693451e-03 3.702390938997268677e-02 4.153200611472129822e-02 3.321497887372970581e-02 2.729091607034206390e-02 1.042138226330280304e-02 3.465617448091506958e-02 3.687674924731254578e-02 3.932232782244682312e-02 8.745425147935748100e-04 1.970700360834598541e-02 3.126662969589233398e-02 2.460963837802410126e-02 3.480801731348037720e-02 1.639487035572528839e-02 9.003000333905220032e-03 3.729529678821563721e-02 9.549826383590698242e-02 2.454786188900470734e-02 2.612981759011745453e-02 2.762947604060173035e-02 2.950758859515190125e-02
1.689363829791545868e-02 8.685367181897163391e-03 2.025263756513595581e-02 4.526900649070739746e-01 2.745403535664081573e-02 2.638635784387588501e-02 4.030008986592292786e-02 1.755509153008460999e-02 7.976688444614410400e-02 1.777723059058189392e-02 1.767114363610744476e-02 2.594712190330028534e-02 5.140228196978569031e-03 3.250300185754895210e-03 3.688904643058776855e-02 3.132446110248565674e-02 4.244176670908927917e-02 8.269307017326354980e-02 4.969764035195112228e-03 3.208838403224945068e-02 5.070551298558712006e-03 1.790022663772106171e-02 2.469803206622600555e-02 1.076738629490137100e-02 1.187709905207157135e-02 2.512641623616218567e-02 2.807625336572527885e-03 3.169281780719757080e-02 7.142715621739625931e-03 1.249858830124139786e-02 7.144348695874214172e-03 1.246322970837354660e-02 6.248540431261062622e-02 1.731101423501968384e-02 2.897107973694801331e-02 3.329167515039443970e-02 3.148521296679973602e-03 1.176434103399515152e-02 7.367878407239913940e-02 2.954191341996192932e-02 1.339262537658214569e-02 1.200491795316338539e-03 3.044509701430797577e-02 8.625590801239013672e-02 2.193528972566127777e-02 1.550908572971820831e-02 3.881765063852071762e-03 3.662398457527160645e-02 2.284369431436061859e-02 1.842027157545089722e-02 1.917960122227668762e-02 1.998825930058956146e-02 3.481632843613624573e-02 2.888779528439044952e-02 4.396728798747062683e-02 1.740406878525391221e-04 2.173120155930519104e-02 2.153609506785869598e-02 2.253607660531997681e-02 2.005843073129653931e-02 8.913280069828033447e-02 4.288288298994302750e-03 3.544716397300362587e-03 1.108011230826377869e-02 3.372588008642196655e-02 1.340582221746444702e-02 3.528469428420066833e-02 8.589162491261959076e-03 1.217931602150201797e-02 3.379235044121742249e-02 5.413468927145004272e-03 2.542531862854957581e-02 5.719206854701042175e-02 2.790752565488219261e-03 2.891676500439643860e-03 1.853625476360321045e-02 4.245297051966190338e-03 8.974877186119556427e-03 3.176446259021759033e-02 4.231047257781028748e-02 1.929959654808044434e-02 1.886205747723579407e-02 7.500366773456335068e-03 2.597864158451557159e-02 2.568200230598449707e-02 1.564774662256240845e-02 1.287373062223196030e-02 2.470610849559307098e-02 1.145201604231260717e-04 3.780059143900871277e-02 6.325802765786647797e-03 1.177242957055568695e-02 1.727739349007606506e-02 5.541892256587743759e-03 4.407265782356262207e-02 4.481599852442741394e-02 2.700448594987392426e-02 1.448568794876337051e-02 1.844156533479690552e-02 1.420211698859930038e-02 1.501395646482706070e-02 5.398386158049106598e-03 4.328589886426925659e-02 1.944608613848686218e-02 1.207395456731319427e-03 2.507603494450449944e-03 8.794007822871208191e-03 2.610946632921695709e-02 2.687296830117702484e-02 2.352602750761434436e-04 4.981851205229759216e-02 1.279077026993036270e-02 7.693983614444732666e-03 4.956798162311315536e-03 6.867915391921997070e-03 5.877207964658737183e-03
3.118507377803325653e-02 3.893431276082992554e-02 6.713491678237915039e-02 2.745403535664081573e-02 4.875697791576385498e-01 3.541345521807670593e-02 2.367407828569412231e-02 2.982554025948047638e-02 1.203592182719148695e-04 5.673769116401672363e-02 4.693515133112668991e-03 7.304722070693969727e-02 3.792943432927131653e-02 1.667252555489540100e-02 9.152998216450214386e-03 3.140736743807792664e-02 7.633993402123451233e-03 2.469778992235660553e-02 9.799813479185104370e-02 2.568069472908973694e-02 3.449603170156478882e-02 2.456990815699100494e-02 3.076472878456115723e-02 1.981198787689208984e-02 1.546565443277359009e-02 3.482341021299362183e-02 4.543256387114524841e-02 7.606580853462219238e-02 4.057684540748596191e-02 5.829718429595232010e-03 1.543136686086654663e-02 1.322336494922637939e-02 2.311311103403568268e-02 1.836101524531841278e-02 3.411302715539932251e-02 2.963658422231674194e-02 9.918178431689739227e-03 3.006145358085632324e-02 2.825006097555160522e-02 3.723230957984924316e-02 3.406019136309623718e-02 3.868374228477478027e-02 2.413126640021800995e-02 3.435784578323364258e-02 4.471419006586074829e-02 1.293477020226418972e-03 4.487644135951995850e-02 6.503133568912744522e-03 2.221889048814773560e-02 3.091371804475784302e-02 1.658603735268115997e-02 2.925176918506622314e-02 2.410362288355827332e-02 9.527916088700294495e-03 2.513285959139466286e-03 4.944063723087310791e-02 6.322675943374633789e-02 1.894740574061870575e-02 1.522832922637462616e-02 4.236781969666481018e-02 1.631309092044830322e-02 4.839045926928520203e-02 2.481905370950698853e-02 8.291630074381828308e-03 2.032006159424781799e-02 4.707273095846176147e-02 2.382607664912939072e-03 2.412476390600204468e-02 6.651587784290313721e-03 9.236398339271545410e-02 3.336045145988464355e-02 4.178774356842041016e-02 2.093140501528978348e-03 8.017399907112121582e-02 6.622977554798126221e-02 2.792032249271869659e-02 2.928052656352519989e-02 1.626402884721755981e-02 4.130024835467338562e-02 2.443509548902511597e-02 3.711407771334052086e-03 2.758406288921833038e-02 2.184777520596981049e-02 1.185482889413833618e-01 8.868162520229816437e-03 1.087990868836641312e-02 5.212740972638130188e-02 4.573706537485122681e-02 5.652432143688201904e-02 1.157183432951569557e-03 2.337579801678657532e-02 4.430809244513511658e-02 3.058986738324165344e-02 2.223424799740314484e-02 2.198044769465923309e-02 2.833073027431964874e-02 7.228648662567138672e-02 3.788081184029579163e-02 8.818303234875202179e-03 2.360086888074874878e-02 2.948853559792041779e-02 3.789869323372840881e-02 2.490149345248937607e-03 3.059397265315055847e-02 9.728680364787578583e-03 4.409487545490264893e-02 1.546583138406276703e-02 2.690058760344982147e-02 3.072382137179374695e-02 5.563525483012199402e-03 3.620789200067520142e-02 2.982623875141143799e-02 3.221089020371437073e-02 2.260385639965534210e-02 4.425494372844696045e-02 8.986965566873550415e-02
1.011797636747360229e-01 5.728051066398620605e-02 1.479667704552412033e-02 2.638635784387588501e-02 3.541345521807670593e-02 4.944843053817749023e-01 9.625177830457687378e-02 3.056906536221504211e-02 3.816943988204002380e-02 4.174092784523963928e-02 7.632569968700408936e-02 3.469335660338401794e-02 4.289632663130760193e-02 3.152569755911827087e-02 2.648673765361309052e-02 3.810118138790130615e-02 2.784772962331771851e-02 2.784918062388896942e-02 3.644372895359992981e-02 3.718958050012588501e-02 1.929672062397003174e-02 1.013224571943283081e-02 4.577319195959717035e-04 1.567565649747848511e-02 4.589064046740531921e-02 5.097608081996440887e-03 1.200219802558422089e-02 5.378291383385658264e-02 2.650654315948486328e-02 3.137637162581086159e-03 2.650442300364375114e-03 1.130547747015953064e-02 1.844966900534927845e-03 2.062812075018882751e-02 2.255116775631904602e-02 1.728095230646431446e-03 3.234998881816864014e-02 8.213317953050136566e-03 1.065576728433370590e-02 1.430758833885192871e-02 1.312840171158313751e-02 4.781104251742362976e-02 4.502635821700096130e-02 2.085312455892562866e-02 5.073873698711395264e-02 1.417513703927397728e-03 1.166208162903785706e-01 5.916199833154678345e-02 6.789245177060365677e-03 6.551235169172286987e-02 4.725065082311630249e-02 5.098322406411170959e-02 2.560112439095973969e-02 2.566048689186573029e-02 4.486832022666931152e-02 9.855438023805618286e-03 2.320816181600093842e-02 2.427376620471477509e-02 3.537905588746070862e-02 4.266491159796714783e-02 4.479336366057395935e-02 1.325037423521280289e-02 1.151239778846502304e-02 5.143103748559951782e-02 7.978861685842275620e-04 3.753608092665672302e-02 2.001040242612361908e-02 4.330747574567794800e-02 1.424843817949295044e-02 2.978016436100006104e-02 2.005967125296592712e-02 2.843933645635843277e-03 4.145394265651702881e-02 2.594166062772274017e-02 2.475140243768692017e-02 2.725323662161827087e-02 3.201012313365936279e-02 3.481985628604888916e-02 3.052635863423347473e-02 4.514022730290889740e-03 1.475376263260841370e-02 1.010131649672985077e-02 1.666822237893939018e-03 1.843909174203872681e-02 2.999901957809925079e-02 4.581947252154350281e-02 6.565412040799856186e-03 1.516805216670036316e-02 2.527246996760368347e-02 4.131280630826950073e-02 2.732996828854084015e-02 5.637724883854389191e-03 9.562257677316665649e-03 1.150115672498941422e-02 3.594083338975906372e-02 6.147904321551322937e-03 4.299095273017883301e-02 3.776824474334716797e-02 3.438001126050949097e-02 3.270391374826431274e-02 1.549244392663240433e-03 2.118456922471523285e-02 2.364738844335079193e-02 6.983398459851741791e-03 4.253782331943511963e-02 3.316317126154899597e-02 1.098192762583494186e-02 3.649748978205025196e-04 4.402747377753257751e-02 1.580452173948287964e-02 2.508428506553173065e-02 4.393948987126350403e-02 1.276110298931598663e-02 4.087133798748254776e-03 2.688760310411453247e-02 4.327836912125349045e-03
7.024300843477249146e-02 4.920585826039314270e-02 8.212734246626496315e-04 4.030008986592292786e-02 2.367407828569412231e-02 9.625177830457687378e-02 4.926243722438812256e-01 1.553260139189660549e-03 8.056200109422206879e-03 7.295189891010522842e-03 7.429230213165283203e-02 4.109267145395278931e-02 1.944640092551708221e-02 5.568023398518562317e-02 3.070564009249210358e-02 3.564964234828948975e-02 4.384642839431762695e-02 1.384775992482900620e-02 3.746449248865246773e-03 3.099348768591880798e-02 1.472522038966417313e-02 3.945871070027351379e-02 8.972779614850878716e-04 3.837549313902854919e-02 3.519929200410842896e-02 5.345978308469057083e-03 4.599700123071670532e-02 2.584296464920043945e-02 3.380516171455383301e-02 3.585346788167953491e-02 5.662682652473449707e-02 1.224373700097203255e-03 1.330843102186918259e-02 4.722249694168567657e-03 9.059559553861618042e-03 5.833995994180440903e-03 3.233817219734191895e-02 5.415011197328567505e-02 3.248198702931404114e-02 1.648512668907642365e-02 4.843786731362342834e-02 5.410479381680488586e-02 4.321050271391868591e-02 4.079892113804817200e-02 9.269422851502895355e-03 8.808412589132785797e-03 9.098608046770095825e-02 9.592159837484359741e-02 2.186246402561664581e-02 1.061339117586612701e-02 3.817014023661613464e-02 3.926632180809974670e-02 2.569913165643811226e-03 3.743427619338035583e-02 3.205486014485359192e-02 2.202815376222133636e-02 6.587469950318336487e-03 1.616515684872865677e-03 1.577466353774070740e-02 5.945856100879609585e-04 5.298016592860221863e-03 3.607050701975822449e-02 7.032486610114574432e-03 1.482529193162918091e-02 6.690280139446258545e-02 3.265453875064849854e-02 3.458403795957565308e-02 4.177330061793327332e-02 3.566766157746315002e-02 2.140017971396446228e-02 7.927899714559316635e-04 2.825917676091194153e-02 9.131771512329578400e-03 1.611504121683537960e-03 6.165850162506103516e-02 2.278187125921249390e-02 3.921043872833251953e-02 7.049534469842910767e-03 2.343655563890933990e-02 4.401867464184761047e-02 3.307580202817916870e-02 2.991726063191890717e-02 2.145337872207164764e-03 4.546476155519485474e-02 4.963068664073944092e-02 1.505653373897075653e-02 1.755550876259803772e-02 2.729354659095406532e-03 4.691596701741218567e-02 3.459463641047477722e-02 4.513916745781898499e-02 3.013826534152030945e-02 1.745485700666904449e-02 2.360500395298004150e-02 1.936744712293148041e-02 6.502240430563688278e-03 1.509679947048425674e-02 3.179345512762665749e-03 3.536791726946830750e-02 3.269692137837409973e-02 4.409214016050100327e-03 1.137863006442785263e-02 2.901359647512435913e-02 4.835203289985656738e-02 1.198741141706705093e-02 1.249262038618326187e-02 8.143345825374126434e-03 3.502120077610015869e-02 3.915922716259956360e-02 4.222898557782173157e-02 3.706195391714572906e-03 2.342031337320804596e-02 1.188611518591642380e-02 1.296030357480049133e-02 2.504656650125980377e-02 2.376773767173290253e-02
4.405514150857925415e-02 4.365342203527688980e-03 1.626658439636230469e-01 1.755509153008460999e-02 2.982554025948047638e-02 3.056906536221504211e-02 1.553260139189660549e-03 4.729303717613220215e-01 3.262669220566749573e-02 9.165049530565738678e-03 2.600266784429550171e-02 3.531155176460742950e-03 1.258864440023899078e-02 3.561460599303245544e-02 6.936464458703994751e-02 3.638146072626113892e-02 3.767031431198120117e-02 2.383318543434143066e-02 4.440479725599288940e-02 5.103251431137323380e-03 2.196229249238967896e-02 5.443972721695899963e-02 1.901051215827465057e-02 1.000220514833927155e-02 1.223103143274784088e-02 2.330796793103218079e-02 3.702425956726074219e-02 1.939789764583110809e-02 1.344230119138956070e-02 5.979221896268427372e-04 4.291373863816261292e-02 3.415599465370178223e-02 2.535298094153404236e-02 4.009538516402244568e-02 6.731919944286346436e-03 1.929111965000629425e-02 1.538342097774147987e-03 3.933093696832656860e-02 3.330842778086662292e-02 4.376444593071937561e-02 3.474466875195503235e-02 2.649111300706863403e-02 3.200653940439224243e-02 1.880072290077805519e-03 5.003207828849554062e-03 2.290589548647403717e-02 8.919850923120975494e-03 1.703624986112117767e-02 1.518120523542165756e-02 1.146754808723926544e-02 7.771039847284555435e-03 3.227960318326950073e-02 9.927611798048019409e-03 1.225239410996437073e-02 6.226792000234127045e-03 1.994176767766475677e-02 1.576747372746467590e-02 2.011141367256641388e-02 8.923609741032123566e-03 9.317844174802303314e-03 4.348991811275482178e-02 1.307664997875690460e-02 1.185106206685304642e-02 1.115144696086645126e-02 3.176447004079818726e-02 4.692056775093078613e-02 8.123960578814148903e-04 5.506170913577079773e-03 5.804371088743209839e-03 1.851709000766277313e-02 1.671020872890949249e-03 4.257351532578468323e-02 1.225744094699621201e-02 4.227234050631523132e-02 4.825717303901910782e-03 5.416421964764595032e-02 1.565434411168098450e-02 3.573657013475894928e-03 2.096392400562763214e-02 3.430575504899024963e-02 9.218966215848922729e-02 5.635381862521171570e-02 3.532192483544349670e-02 3.111079894006252289e-02 1.671572960913181305e-02 6.789723876863718033e-03 4.976165294647216797e-02 5.563587415963411331e-03 3.026853781193494797e-03 2.437011711299419403e-02 1.012949272990226746e-02 4.411038383841514587e-02 1.458758581429719925e-02 1.396605744957923889e-02 3.267178311944007874e-02 2.503685466945171356e-02 3.422332182526588440e-02 5.643485859036445618e-02 1.237454544752836227e-02 6.262150127440690994e-03 3.018902428448200226e-02 4.012254253029823303e-02 1.945925131440162659e-02 1.646876707673072815e-02 3.212665766477584839e-02 3.241946222260594368e-03 1.617923937737941742e-02 2.591777965426445007e-02 4.756552353501319885e-02 2.137992298230528831e-03 4.965216852724552155e-03 5.831439979374408722e-03 3.983146976679563522e-03 1.072271820157766342e-02 1.892399450298398733e-04 2.697904966771602631e-02
7.964996621012687683e-03 9.764298796653747559e-03 3.243527188897132874e-02 7.976688444614410400e-02 1.203592182719148695e-04 3.816943988204002380e-02 8.056200109422206879e-03 3.262669220566749573e-02 4.854991436004638672e-01 8.697450160980224609e-03 5.378222558647394180e-03 6.457601487636566162e-02 4.117691889405250549e-03 1.519325189292430878e-02 4.270686581730842590e-02 6.244359537959098816e-03 2.328476309776306152e-02 9.234617650508880615e-02 4.678164795041084290e-02 5.623505264520645142e-02 7.320244330912828445e-03 4.484711959958076477e-02 2.729526348412036896e-02 1.460256427526473999e-02 6.153637915849685669e-02 2.612413465976715088e-02 2.633428014814853668e-02 1.155413594096899033e-02 6.183866644278168678e-04 2.763207070529460907e-02 7.474080193787813187e-03 1.371210534125566483e-02 1.771410368382930756e-02 1.430657878518104553e-02 9.759421460330486298e-03 1.343215163797140121e-02 1.798538863658905029e-02 3.766959533095359802e-02 4.368177056312561035e-02 1.949603669345378876e-03 4.164562374353408813e-02 9.113115258514881134e-03 4.800987895578145981e-03 1.143090520054101944e-02 7.010360062122344971e-02 4.766019806265830994e-02 3.610457852482795715e-02 9.126817807555198669e-03 5.579325184226036072e-02 1.527085434645414352e-02 2.188604883849620819e-02 9.584620594978332520e-03 1.900820410810410976e-03 2.081548050045967102e-02 5.851310491561889648e-02 3.300721198320388794e-02 2.387132553849369287e-04 2.218357473611831665e-02 1.430354896001517773e-03 3.123223409056663513e-02 6.577271223068237305e-02 4.007519036531448364e-02 2.257967554032802582e-02 1.705412194132804871e-02 5.338453687727451324e-03 1.434453949332237244e-02 4.609040915966033936e-02 1.530824461951851845e-03 4.182977601885795593e-02 2.349174395203590393e-02 2.569046802818775177e-02 2.061601355671882629e-02 4.884056746959686279e-02 1.760395988821983337e-02 1.310350256972014904e-03 1.544517371803522110e-02 9.486234188079833984e-02 3.887947415933012962e-03 7.884382456541061401e-02 3.222946077585220337e-02 4.309293255209922791e-02 4.101340845227241516e-02 2.739445306360721588e-02 5.738019826821982861e-04 2.049629576504230499e-02 1.572911627590656281e-02 2.923714928328990936e-02 3.714380320161581039e-03 3.534222021698951721e-02 1.746099442243576050e-02 2.739420533180236816e-02 2.482900582253932953e-02 1.983227580785751343e-02 7.892408408224582672e-03 2.441651886329054832e-03 3.480465337634086609e-02 2.019238099455833435e-02 2.020200248807668686e-03 6.725417450070381165e-03 4.623624961823225021e-03 2.344445697963237762e-02 2.082357741892337799e-02 2.085265703499317169e-02 7.657162379473447800e-03 1.320268027484416962e-02 4.319863393902778625e-02 5.970569327473640442e-03 4.449454694986343384e-02 3.664989024400711060e-02 4.029617458581924438e-02 2.941066585481166840e-02 1.163140777498483658e-02 1.080287527292966843e-02 3.051479905843734741e-02 5.923983175307512283e-03 5.512691568583250046e-03
6.012681405991315842e-03 1.039281394332647324e-02 3.634618967771530151e-02 1.777723059058189392e-02 5.673769116401672363e-02 4.174092784523963928e-02 7.295189891010522842e-03 9.165049530565738678e-03 8.697450160980224609e-03 5.037904381752014160e-01 1.077590510249137878e-02 2.120053023099899292e-02 6.235213484615087509e-03 5.058516561985015869e-02 1.551104150712490082e-02 1.326186861842870712e-02 6.913351360708475113e-03 1.683442154899239540e-03 9.281832724809646606e-02 3.508799895644187927e-02 2.076935023069381714e-02 6.981723476201295853e-03 3.974278643727302551e-02 4.830824676901102066e-03 1.036634389311075211e-02 1.758139394223690033e-02 3.442972153425216675e-02 3.496012091636657715e-02 1.141373720020055771e-02 1.194585929624736309e-04 8.453410118818283081e-03 1.133568491786718369e-02 1.247034408152103424e-03 8.106878958642482758e-03 5.012574046850204468e-02 1.377699803560972214e-02 5.222914274781942368e-03 3.186741098761558533e-02 5.543443560600280762e-02 3.112833946943283081e-02 3.377991169691085815e-02 4.155686590820550919e-03 2.073840610682964325e-02 6.714222021400928497e-03 1.695651444606482983e-03 2.853634953498840332e-02 7.394480984658002853e-03 1.541979145258665085e-02 1.078962441533803940e-02 3.429371491074562073e-02 3.195605427026748657e-02 3.468000143766403198e-02 3.125703334808349609e-02 2.518211305141448975e-02 4.008828476071357727e-02 4.920011758804321289e-02 1.550022885203361511e-02 1.404824480414390564e-02 4.530168324708938599e-02 2.791150659322738647e-02 1.860079541802406311e-02 4.580448567867279053e-02 1.285198144614696503e-02 4.162418469786643982e-02 7.879363372921943665e-03 3.343402873724699020e-03 1.884336583316326141e-02 2.716392837464809418e-02 4.917618259787559509e-02 6.678951531648635864e-02 6.235914304852485657e-03 1.590958051383495331e-02 3.926326055079698563e-03 3.870062530040740967e-02 3.239620476961135864e-02 4.158959537744522095e-02 7.277117669582366943e-02 4.972928017377853394e-02 1.364575140178203583e-02 9.118299186229705811e-02 4.627096001058816910e-03 2.839165367186069489e-02 1.503800228238105774e-02 3.939022868871688843e-02 4.897892009466886520e-03 1.961853541433811188e-02 6.418304890394210815e-02 1.549924910068511963e-02 8.160353638231754303e-03 2.824062481522560120e-02 1.096259709447622299e-02 1.745425350964069366e-02 9.562854655086994171e-03 2.052118536084890366e-03 2.050717920064926147e-02 1.166962273418903351e-02 3.629215806722640991e-02 3.876420110464096069e-02 1.110853700083680451e-04 1.988738216459751129e-02 2.110612019896507263e-02 9.312345646321773529e-03 1.769849658012390137e-02 3.811330348253250122e-02 3.784675523638725281e-02 4.444725438952445984e-02 3.160805627703666687e-02 3.363792225718498230e-02 3.331100195646286011e-02 8.122380822896957397e-03 9.492213837802410126e-03 2.607227675616741180e-02 2.892230264842510223e-02 2.800203487277030945e-02 5.547592788934707642e-02 5.492541473358869553e-03
8.318294584751129150e-02 4.826785251498222351e-02 6.192127708345651627e-03 1.767114363610744476e-02 4.693515133112668991e-03 7.632569968700408936e-02 7.429230213165283203e-02 2.600266784429550171e-02 5.378222558647394180e-03 1.077590510249137878e-02 5.001814365386962891e-01 3.312874957919120789e-02 3.925207257270812988e-02 1.620301790535449982e-02 2.369937486946582794e-02 1.688069850206375122e-02 1.551109924912452698e-02 3.947538509964942932e-02 1.983375550480559468e-04 6.385633605532348156e-04 2.402498212177306414e-04 1.499997265636920929e-02 6.929512135684490204e-03 2.386050671339035034e-02 2.874705940485000610e-02 2.057820744812488556e-02 4.406795371323823929e-03 4.374427348375320435e-02 1.648562145419418812e-03 4.572899267077445984e-02 1.274331938475370407e-02 5.051665473729372025e-03 6.757704075425863266e-03 2.929178532212972641e-03 1.133413286879658699e-03 1.291064778342843056e-03 3.617112059146165848e-03 2.094844728708267212e-02 5.299538839608430862e-03 8.501636912114918232e-04 5.921973381191492081e-03 4.107254743576049805e-02 3.547489270567893982e-02 3.880540141835808754e-03 1.595582813024520874e-02 3.687888383865356445e-02 6.384880840778350830e-02 4.607842862606048584e-02 1.394696882925927639e-03 2.084561623632907867e-02 3.651445964351296425e-03 3.614503191784024239e-03 7.194872945547103882e-03 3.021936118602752686e-02 1.657702960073947906e-02 3.907617926597595215e-02 4.658258706331253052e-02 7.714601233601570129e-03 6.673342431895434856e-04 2.304586116224527359e-03 1.479827426373958588e-02 6.252150982618331909e-03 3.084535710513591766e-03 2.137427218258380890e-02 1.933161355555057526e-02 2.335520833730697632e-02 3.886311873793601990e-02 1.350924931466579437e-02 8.224130608141422272e-03 2.502863854169845581e-02 2.443780889734625816e-03 5.183781031519174576e-03 2.985088899731636047e-02 4.992768168449401855e-03 4.564725793898105621e-03 4.447736218571662903e-02 7.928475388325750828e-04 1.517402566969394684e-02 5.100561678409576416e-02 4.130255803465843201e-02 2.893981523811817169e-02 4.444882739335298538e-03 4.123777896165847778e-02 3.895816951990127563e-02 1.982172206044197083e-02 3.940137103199958801e-03 1.897175237536430359e-02 2.421093732118606567e-02 2.008925937116146088e-02 4.642784595489501953e-02 3.357590734958648682e-02 1.707274653017520905e-02 1.578278373926877975e-03 8.233577013015747070e-03 2.314627915620803833e-02 2.559093700256198645e-04 1.562342233955860138e-02 3.798419237136840820e-02 7.447066716849803925e-03 5.235287826508283615e-03 1.442438550293445587e-02 2.056704275310039520e-02 2.643681317567825317e-02 1.747327856719493866e-02 1.906455680727958679e-02 1.373048406094312668e-02 2.073542587459087372e-02 2.036148868501186371e-02 2.264928072690963745e-02 4.463371634483337402e-02 2.444119378924369812e-02 5.329043604433536530e-03 6.105845794081687927e-02 4.431099072098731995e-02 7.970145903527736664e-03 1.329806633293628693e-02
2.227558754384517670e-02 7.855580188333988190e-03 6.677173078060150146e-02 2.594712190330028534e-02 7.304722070693969727e-02 3.469335660338401794e-02 4.109267145395278931e-02 3.531155176460742950e-03 6.457601487636566162e-02 2.120053023099899292e-02 3.312874957919120789e-02 4.905847907066345215e-01 9.600643999874591827e-03 1.813717633485794067e-01 2.511268109083175659e-02 3.755556046962738037e-02 3.363696858286857605e-02 4.394518956542015076e-02 6.529191136360168457e-02 2.519298531115055084e-02 4.132666066288948059e-02 2.759540453553199768e-02 2.254390716552734375e-02 1.788452640175819397e-02 1.797831803560256958e-02 7.113059982657432556e-04 2.319804020226001740e-02 1.427103877067565918e-01 2.373401075601577759e-02 1.143900752067565918e-01 1.082904404029250145e-03 4.122513905167579651e-02 2.286565862596035004e-02 2.614354901015758514e-02 1.078194100409746170e-02 1.344507280737161636e-02 3.923359513282775879e-02 4.332249611616134644e-02 1.121485885232686996e-02 1.823247782886028290e-02 3.791055083274841309e-02 4.956089891493320465e-03 2.287271805107593536e-02 2.290892601013183594e-02 1.861945912241935730e-02 4.197676852345466614e-02 4.096573218703269958e-02 2.792063169181346893e-02 6.920570973306894302e-03 2.923715859651565552e-02 2.030511200428009033e-02 3.644152730703353882e-02 1.666661538183689117e-02 1.725326292216777802e-02 3.531380742788314819e-02 1.007064953446388245e-01 7.421106100082397461e-02 1.088690571486949921e-02 4.536313936114311218e-03 2.230880968272686005e-02 4.538961499929428101e-02 5.936782807111740112e-02 1.306376885622739792e-02 2.273893170058727264e-02 2.930633351206779480e-02 6.505708675831556320e-03 1.736903376877307892e-02 2.856573835015296936e-02 1.828552689403295517e-03 1.355160586535930634e-02 1.766365580260753632e-02 4.368845000863075256e-02 9.229967370629310608e-03 1.674891076982021332e-02 4.651544243097305298e-02 3.344237059354782104e-02 4.746435955166816711e-02 1.960838399827480316e-02 5.550497397780418396e-02 3.493725508451461792e-02 9.227685630321502686e-03 1.111933682113885880e-02 2.689748443663120270e-02 2.506227977573871613e-02 2.891909889876842499e-02 4.408346861600875854e-02 9.887279942631721497e-03 3.476940095424652100e-02 9.218741953372955322e-02 3.386139497160911560e-02 3.973342105746269226e-02 2.604408934712409973e-02 1.879267767071723938e-02 4.386291652917861938e-02 1.085997652262449265e-02 4.802678711712360382e-03 2.506747143343091011e-03 8.739663287997245789e-03 3.525438159704208374e-02 4.485356062650680542e-02 1.264270953834056854e-02 1.503678038716316223e-03 3.667397424578666687e-02 2.487295679748058319e-02 4.499660339206457138e-03 2.700529620051383972e-02 2.460529329255223274e-03 1.392123987898230553e-03 1.952633261680603027e-02 6.204608455300331116e-02 8.179790526628494263e-02 5.199276283383369446e-02 3.998876363039016724e-02 3.913707658648490906e-02 2.662718109786510468e-02 4.934504628181457520e-02
6.977888941764831543e-02 8.934834599494934082e-02 3.437134250998497009e-02 5.140228196978569031e-03 3.792943432927131653e-02 4.289632663130760193e-02 1.944640092551708221e-02 1.258864440023899078e-02 4.117691889405250549e-03 6.235213484615087509e-03 3.925207257270812988e-02 9.600643999874591827e-03 4.992160201072692871e-01 2.689720364287495613e-03 7.644735742360353470e-03 2.084634639322757721e-02 1.380804576911032200e-03 2.617284096777439117e-02 3.523400798439979553e-02 1.700682193040847778e-02 6.218978203833103180e-03 2.023186162114143372e-02 7.336603477597236633e-03 8.657922153361141682e-04 1.570191979408264160e-02 1.671540737152099609e-02 2.876176685094833374e-02 2.646041475236415863e-02 2.599921636283397675e-02 1.454990543425083160e-02 6.544373184442520142e-02 1.280397525988519192e-03 1.057818159461021423e-02 8.197532966732978821e-03 5.526607390493154526e-03 3.132605552673339844e-02 1.869583129882812500e-02 2.281403914093971252e-02 1.750617084326222539e-04 2.584360912442207336e-02 2.817250788211822510e-02 4.359175451099872589e-03 2.318435721099376678e-02 2.159957028925418854e-02 3.394767269492149353e-02 2.822050638496875763e-02 6.796263903379440308e-02 4.056077450513839722e-02 8.883914910256862640e-03 4.770286846905946732e-03 2.215058729052543640e-02 1.310574822127819061e-02 5.658983718603849411e-03 7.619028910994529724e-03 1.311621256172657013e-02 1.614596694707870483e-02 4.184082522988319397e-02 2.001755870878696442e-02 3.893762826919555664e-02 2.108090929687023163e-02 3.550112713128328323e-03 3.887324035167694092e-02 3.279253467917442322e-02 1.262893807142972946e-02 1.218874705955386162e-03 4.605693742632865906e-02 3.019824624061584473e-02 1.634963601827621460e-02 8.789338171482086182e-03 6.241335999220609665e-03 2.117876196280121803e-03 3.567407280206680298e-02 5.152765661478042603e-04 4.366358742117881775e-02 5.363109707832336426e-02 1.843997463583946228e-02 1.749213226139545441e-02 3.721169428899884224e-03 1.015373691916465759e-02 4.289820417761802673e-02 2.265775809064507484e-03 1.794256828725337982e-02 1.908247359097003937e-02 7.427085656672716141e-03 1.999682560563087463e-02 1.541743800044059753e-02 9.356485679745674133e-03 1.739385537803173065e-02 5.502539500594139099e-02 1.316348370164632797e-02 2.738193981349468231e-02 1.826621033251285553e-02 2.920655533671379089e-02 2.892610058188438416e-02 1.999349705874919891e-02 1.253244932740926743e-03 1.978905685245990753e-02 4.842198640108108521e-02 8.758495678193867207e-04 7.203970570117235184e-03 1.354320673272013664e-03 5.267008673399686813e-03 5.988116841763257980e-03 1.353260036557912827e-02 4.610433429479598999e-02 2.244179695844650269e-02 1.496348436921834946e-02 3.089773841202259064e-02 2.892797254025936127e-02 7.158075459301471710e-03 3.354423865675926208e-02 1.753144897520542145e-03 3.050133585929870605e-02 3.315224125981330872e-02 1.800622791051864624e-02 1.796224340796470642e-02
