4.650628864765167236e-01 1.180110946297645569e-01 1.918810978531837463e-02 4.825975047424435616e-04 5.585937574505805969e-02 3.708799555897712708e-02 4.428748786449432373e-02 2.902060188353061676e-02 8.837220259010791779e-03 4.223568364977836609e-02 2.331786789000034332e-02 8.397673070430755615e-02 1.571115851402282715e-02 4.685353487730026245e-02 1.725284010171890259e-02 2.071800641715526581e-02 5.233433097600936890e-02 1.195485517382621765e-02 3.915952146053314209e-02 4.956718534231185913e-03 1.187464781105518341e-02 1.679071597754955292e-02 3.440667688846588135e-02 7.047953549772500992e-03 1.646352582611143589e-03 9.356585331261157990e-03 6.184235215187072754e-03 3.920096531510353088e-02 9.506087750196456909e-03 1.284042280167341232e-02 2.409137599170207977e-02 1.825982518494129181e-02 2.517920220270752907e-03 2.943532541394233704e-02 6.264197174459695816e-03 4.063898697495460510e-02 2.462734282016754150e-02 5.552505142986774445e-03 2.550250291824340820e-02 1.648638583719730377e-02 4.460825026035308838e-02 3.452838584780693054e-02 2.225412614643573761e-02 2.988901548087596893e-02 1.068931911140680313e-02 3.379094600677490234e-02 2.832901291549205780e-02 3.119558095932006836e-03 1.276977453380823135e-02 2.010048925876617432e-02 3.907144069671630859e-02 1.539532653987407684e-02 3.325627744197845459e-02 3.539873287081718445e-02 2.183491550385951996e-02 1.102162990719079971e-02 6.126950494945049286e-03 1.979576796293258667e-02 6.440941797336563468e-05 2.252178080379962921e-02 3.614838421344757080e-02 1.092010270804166794e-02 3.419467061758041382e-02 1.442122156731784344e-03 4.211052507162094116e-02 4.630327597260475159e-02 2.821569703519344330e-02 1.771324127912521362e-02 2.286911942064762115e-02 1.617800071835517883e-02 3.686279803514480591e-02 3.296523587778210640e-03 2.989135682582855225e-02 2.624571137130260468e-02 3.710027784109115601e-02 1.838365383446216583e-02 2.683616802096366882e-02 2.842527069151401520e-02 2.052564360201358795e-02 5.539185553789138794e-02 4.115792363882064819e-02 2.940583974123001099e-02 4.666839540004730225e-02 2.882539853453636169e-02 8.837251923978328705e-03 2.107659354805946350e-02 2.320419251918792725e-02 2.474855445325374603e-02 3.879251703619956970e-02 5.863650236278772354e-03 2.434422075748443604e-02 9.213668294250965118e-03 1.659330353140830994e-02 1.016884227283298969e-03 9.022377431392669678e-03 4.163156822323799133e-02 4.951723385602235794e-04 2.353199291974306107e-03 2.881801314651966095e-02 2.203972078859806061e-02 3.130973502993583679e-02 5.083965882658958435e-02 9.241614490747451782e-03 9.092040359973907471e-03 7.923319004476070404e-03 4.123919829726219177e-02 2.806280553340911865e-02 7.680344278924167156e-04 2.385027706623077393e-02 2.908970601856708527e-02 3.669035620987415314e-03 1.016979664564132690e-02 4.020132869482040405e-02 2.858473174273967743e-02 3.186712786555290222e-02 6.406860053539276123e-02
1.180110946297645569e-01 4.600896537303924561e-01 7.292859721928834915e-03 2.049551345407962799e-02 1.748201809823513031e-02 4.073866084218025208e-02 8.128533512353897095e-02 8.751389570534229279e-03 1.489507034420967102e-03 1.700414530932903290e-02 1.809084042906761169e-02 5.426803603768348694e-02 1.222921162843704224e-01 4.284241050481796265e-02 1.115925144404172897e-02 1.777449995279312134e-02 3.343047574162483215e-02 1.246885582804679871e-02 2.343788370490074158e-02 1.508943084627389908e-02 5.034659057855606079e-03 3.488308936357498169e-02 3.142197430133819580e-02 4.150356631726026535e-03 1.116419956088066101e-02 2.429882623255252838e-02 5.945077165961265564e-02 5.241539701819419861e-02 2.617269195616245270e-02 5.070210900157690048e-03 3.886106237769126892e-02 2.394808083772659302e-02 3.621007129549980164e-02 4.485382139682769775e-02 2.720401622354984283e-02 3.174306079745292664e-02 2.123579569160938263e-02 5.158885940909385681e-02 1.191055309027433395e-02 4.954088581143878400e-05 3.694480657577514648e-02 3.050857409834861755e-02 3.056794032454490662e-02 1.881163939833641052e-02 4.602176137268543243e-03 4.121819138526916504e-02 3.586268052458763123e-02 7.346402108669281006e-02 4.296221304684877396e-03 5.194782465696334839e-02 3.532743826508522034e-02 7.878211326897144318e-03 1.474140863865613937e-02 3.598633781075477600e-02 1.226906944066286087e-02 1.650271564722061157e-02 4.372739046812057495e-02 4.211218282580375671e-02 4.161245375871658325e-02 2.016378752887248993e-02 2.982402220368385315e-02 2.944545261561870575e-02 1.199837960302829742e-02 1.650398783385753632e-02 7.191568613052368164e-03 1.716020144522190094e-02 2.511480357497930527e-03 2.887049317359924316e-02 4.489916376769542694e-03 4.227586835622787476e-02 2.416600100696086884e-02 3.259853646159172058e-02 5.792756751179695129e-02 9.213343262672424316e-03 2.605771832168102264e-02 2.450365014374256134e-02 4.138517007231712341e-02 3.074461780488491058e-02 2.804913930594921112e-02 9.691962040960788727e-03 3.460373729467391968e-02 3.832736983895301819e-02 3.500632941722869873e-02 1.345726568251848221e-02 7.029771339148283005e-03 4.981170594692230225e-02 1.037174649536609650e-02 1.182350050657987595e-02 2.474996447563171387e-02 4.304556548595428467e-02 2.999139018356800079e-02 1.916864328086376190e-02 4.923175089061260223e-03 6.094291340559720993e-03 2.987288124859333038e-02 2.860016934573650360e-02 9.722612798213958740e-03 1.239616051316261292e-02 1.350657455623149872e-02 8.215187117457389832e-03 2.117845974862575531e-02 3.222439810633659363e-02 3.602752089500427246e-02 5.260196328163146973e-02 4.217133671045303345e-02 1.221296470612287521e-02 3.439645841717720032e-02 3.703497350215911865e-02 4.141895100474357605e-02 2.625222876667976379e-02 2.393003925681114197e-02 8.655719459056854248e-03 1.917182654142379761e-02 3.993443399667739868e-02 3.066699393093585968e-02 2.818223275244235992e-02
1.918810978531837463e-02 7.292859721928834915e-03 4.575515389442443848e-01 2.071067132055759430e-02 5.130425095558166504e-02 3.632665798068046570e-02 1.751753874123096466e-02 1.078925579786300659e-01 5.605088546872138977e-03 3.627836704254150391e-02 4.902999848127365112e-02 4.324027523398399353e-02 2.333169244229793549e-02 3.762593492865562439e-02 9.250553324818611145e-03 4.274659976363182068e-02 1.314044464379549026e-02 7.501252694055438042e-04 6.023213267326354980e-02 2.522493153810501099e-02 1.394656114280223846e-02 1.341398432850837708e-02 1.253407355397939682e-02 4.286621883511543274e-02 1.699619181454181671e-02 2.925322158262133598e-03 3.025198914110660553e-02 3.001425415277481079e-02 3.872448205947875977e-02 2.016516402363777161e-03 1.703941030427813530e-03 1.758220721967518330e-03 1.965086674317717552e-03 6.039156578481197357e-03 1.598221436142921448e-02 7.517846766859292984e-03 1.642749272286891937e-02 3.711212053894996643e-02 1.167890708893537521e-02 3.145867586135864258e-02 2.111482061445713043e-02 1.843282207846641541e-02 5.561036989092826843e-03 1.465218327939510345e-02 4.261147603392601013e-02 2.201712690293788910e-02 3.862415626645088196e-02 2.360935136675834656e-02 1.037229876965284348e-02 3.380751237273216248e-02 8.928529918193817139e-03 1.619414798915386200e-02 3.495397046208381653e-02 3.068742714822292328e-02 5.627075675874948502e-03 4.437290504574775696e-02 3.513719886541366577e-02 4.909361712634563446e-03 4.814853426069021225e-03 3.078599646687507629e-02 1.396408677101135254e-02 4.466003179550170898e-02 1.690226234495639801e-02 9.084943681955337524e-03 1.061038300395011902e-02 1.338312029838562012e-02 1.938296295702457428e-02 1.693035941570997238e-03 1.882933080196380615e-02 4.618424549698829651e-02 3.271111985668540001e-03 4.197826609015464783e-02 3.504288941621780396e-02 2.455340139567852020e-02 8.294856175780296326e-03 3.212878853082656860e-02 2.710114000365138054e-03 4.575879871845245361e-02 1.412431523203849792e-02 2.163228346034884453e-03 1.057065501809120178e-01 1.724858954548835754e-02 1.847030222415924072e-02 2.221775427460670471e-02 2.370712533593177795e-02 6.616280414164066315e-03 4.002176597714424133e-02 1.288545969873666763e-02 2.349436283111572266e-03 1.456107106059789658e-02 1.404470205307006836e-02 1.861733570694923401e-02 4.282848164439201355e-02 3.691421588882803917e-03 3.070163540542125702e-02 4.965339228510856628e-02 4.712451994419097900e-02 4.205422103404998779e-02 6.770702078938484192e-03 2.898508124053478241e-02 2.472894266247749329e-02 6.923218257725238800e-03 2.474072575569152832e-02 2.762107923626899719e-02 1.171480212360620499e-02 2.110135182738304138e-02 1.378084905445575714e-02 1.625163294374942780e-02 1.717006042599678040e-02 3.133003413677215576e-02 1.582410745322704315e-02 2.622439526021480560e-02 7.116556167602539062e-03 2.092398935928940773e-03 1.487507205456495285e-02 6.637687911279499531e-04
4.825975047424435616e-04 2.049551345407962799e-02 2.071067132055759430e-02 4.764276742935180664e-01 1.138584017753601074e-01 1.756359077990055084e-02 3.569599986076354980e-02 1.267162058502435684e-02 3.646794706583023071e-02 4.494590684771537781e-02 1.872233860194683075e-02 1.217267196625471115e-02 2.621658146381378174e-02 8.468312211334705353e-03 2.775634452700614929e-02 2.739968709647655487e-02 3.725708648562431335e-02 3.263816237449645996e-03 1.861624792218208313e-02 2.158722095191478729e-02 3.779838234186172485e-02 4.352240264415740967e-02 2.356966957449913025e-02 1.902927272021770477e-02 3.670269623398780823e-02 1.691619865596294403e-03 1.251113135367631912e-02 3.809316316619515419e-03 9.284220635890960693e-03 2.881784550845623016e-02 2.315077930688858032e-02 3.730167169123888016e-03 2.153098769485950470e-02 2.547619678080081940e-02 3.155008703470230103e-02 1.881487108767032623e-02 1.630764454603195190e-02 1.300454232841730118e-02 9.016533941030502319e-02 3.023243695497512817e-02 2.572461031377315521e-02 3.121803887188434601e-02 3.623733669519424438e-02 1.189214922487735748e-02 1.815365510992705822e-03 2.305442281067371368e-02 2.925097011029720306e-02 1.320573594421148300e-02 1.284303143620491028e-02 3.367123380303382874e-02 7.160962559282779694e-04 2.687938138842582703e-02 2.828686870634555817e-02 3.142866492271423340e-02 1.484249532222747803e-02 6.356460601091384888e-02 2.514400146901607513e-02 3.388800844550132751e-02 2.147658169269561768e-02 2.456147968769073486e-02 8.247910067439079285e-03 4.120850190520286560e-02 1.055448595434427261e-02 4.081054404377937317e-02 2.327656839042901993e-03 2.970632724463939667e-02 3.091883659362792969e-02 9.936789982020854950e-03 2.717879042029380798e-02 2.857643878087401390e-03 4.852515459060668945e-02 1.210990455001592636e-02 2.377191334962844849e-01 2.662891522049903870e-02 1.987831145524978638e-01 2.677619643509387970e-02 5.315692722797393799e-02 4.629220068454742432e-02 2.279440313577651978e-02 6.400395184755325317e-02 2.444979734718799591e-02 3.716051578521728516e-02 1.601593643426895142e-01 3.143776953220367432e-02 2.555467374622821808e-02 1.549787726253271103e-02 3.169707255437970161e-03 1.245847251266241074e-02 2.786031737923622131e-02 5.950225051492452621e-03 3.058749996125698090e-02 2.237311750650405884e-02 1.122704893350601196e-02 5.808317102491855621e-03 4.017672687768936157e-02 1.780026033520698547e-02 1.348286867141723633e-02 3.417782485485076904e-02 4.129068553447723389e-02 1.119556557387113571e-02 9.734115563333034515e-03 6.207674276083707809e-03 4.674335196614265442e-02 2.283844910562038422e-02 7.473303005099296570e-03 3.910882398486137390e-02 1.331610884517431259e-02 2.352138236165046692e-02 6.754297297447919846e-03 2.941049262881278992e-02 2.169017121195793152e-02 6.770764477550983429e-03 8.957131765782833099e-03 2.183147706091403961e-02 4.662860650569200516e-03 5.634485278278589249e-03
5.585937574505805969e-02 1.748201809823513031e-02 5.130425095558166504e-02 1.138584017753601074e-01 4.699712395668029785e-01 1.231788378208875656e-02 1.075006648898124695e-02 1.507277693599462509e-02 3.722416982054710388e-02 4.524608701467514038e-02 5.209312774240970612e-03 1.746945269405841827e-02 3.063873201608657837e-02 3.368593379855155945e-02 2.221749164164066315e-02 4.925568937323987484e-04 1.085013803094625473e-02 4.578066244721412659e-02 5.142302066087722778e-02 1.362648606300354004e-02 4.637777237803675234e-05 2.742724865674972534e-02 2.416421845555305481e-02 4.559135809540748596e-02 1.349408086389303207e-02 2.878638356924057007e-02 4.970655217766761780e-02 8.158440701663494110e-03 2.428188547492027283e-02 1.049531390890479088e-03 3.820594027638435364e-02 1.673290273174643517e-03 2.198138646781444550e-02 1.464322861284017563e-02 1.574425213038921356e-02 1.793556474149227142e-02 7.716475520282983780e-03 1.064658444374799728e-02 1.621411740779876709e-02 6.447502877563238144e-03 1.136325951665639877e-02 1.047254353761672974e-02 3.885171189904212952e-02 1.809034147299826145e-03 4.322421178221702576e-02 3.797268122434616089e-02 2.959730476140975952e-02 7.887090556323528290e-03 4.138137027621269226e-02 1.579439081251621246e-02 3.872437775135040283e-02 3.864808380603790283e-02 3.349745273590087891e-02 1.701438426971435547e-02 9.154704213142395020e-02 5.735281109809875488e-02 1.841157488524913788e-02 2.046907879412174225e-02 2.088323608040809631e-02 2.063226513564586639e-02 8.483814448118209839e-02 4.982802644371986389e-02 4.820157308131456375e-03 1.524582877755165100e-02 3.509848564863204956e-02 1.525620371103286743e-02 1.828129962086677551e-02 4.546461626887321472e-03 1.707454584538936615e-02 4.137597233057022095e-02 4.663045704364776611e-02 4.240051656961441040e-02 5.110477283596992493e-02 3.682727739214897156e-02 1.890087872743606567e-01 3.392351418733596802e-02 5.585462227463722229e-02 2.392651699483394623e-02 4.668108001351356506e-02 3.573154285550117493e-02 9.251777082681655884e-03 1.113752648234367371e-02 1.328147798776626587e-01 8.523963391780853271e-02 1.891619898378849030e-02 1.778725348412990570e-02 4.558337852358818054e-02 3.597341477870941162e-02 8.268094388768076897e-04 3.740960359573364258e-02 3.692443668842315674e-02 1.020417269319295883e-02 8.958559483289718628e-03 1.049413811415433884e-02 1.402118429541587830e-02 2.363220229744911194e-02 2.056775055825710297e-02 3.519541770219802856e-02 1.817358471453189850e-02 1.326820719987154007e-02 2.344273775815963745e-02 1.302729360759258270e-02 2.227945253252983093e-02 1.860605925321578979e-02 2.596960030496120453e-02 3.211758658289909363e-02 1.642524451017379761e-02 1.813721284270286560e-02 1.464654132723808289e-02 3.941786661744117737e-02 4.310288280248641968e-02 2.780314907431602478e-02 2.606899850070476532e-02 2.030087076127529144e-02 1.671550422906875610e-02 3.677051514387130737e-02
3.708799555897712708e-02 4.073866084218025208e-02 3.632665798068046570e-02 1.756359077990055084e-02 1.231788378208875656e-02 4.702904820442199707e-01 1.784212291240692139e-01 3.249556198716163635e-02 2.527971006929874420e-02 1.831473782658576965e-02 2.907292917370796204e-02 1.158151496201753616e-02 2.148267254233360291e-02 1.133839227259159088e-02 2.062913030385971069e-02 2.476652339100837708e-02 2.868776023387908936e-02 3.527589607983827591e-03 1.526406873017549515e-02 2.130638621747493744e-02 1.468298723921179771e-03 4.362302273511886597e-02 3.337223455309867859e-02 6.664481759071350098e-02 2.239236608147621155e-02 7.797474507242441177e-03 3.222359344363212585e-02 5.271932855248451233e-02 1.180575042963027954e-02 3.261080384254455566e-02 8.726593106985092163e-03 6.720860023051500320e-03 2.479222230613231659e-02 1.736700534820556641e-02 2.450378239154815674e-02 7.290686480700969696e-03 2.054668962955474854e-02 4.144119471311569214e-02 5.333986133337020874e-03 3.392847627401351929e-02 4.055407270789146423e-02 1.063459925353527069e-02 3.586651012301445007e-02 3.416965156793594360e-02 8.236556313931941986e-03 7.237079087644815445e-03 1.741610169410705566e-01 5.289096850901842117e-03 3.592206537723541260e-02 3.075959719717502594e-02 3.093368932604789734e-02 2.666380070149898529e-02 3.096914850175380707e-02 8.011503145098686218e-03 9.798864834010601044e-03 2.096820250153541565e-02 1.476307772099971771e-02 2.638380788266658783e-02 5.289837345480918884e-02 1.667480170726776123e-02 1.289973128587007523e-02 1.895102672278881073e-02 4.947160184383392334e-02 2.892932482063770294e-02 5.627606878988444805e-04 5.244680866599082947e-02 5.686930380761623383e-03 4.037892795167863369e-04 5.576514825224876404e-02 4.078644886612892151e-02 7.929952815175056458e-03 1.351663842797279358e-02 2.234328351914882660e-02 2.384367957711219788e-02 1.634498126804828644e-03 5.275537259876728058e-03 4.574395716190338135e-02 8.557720109820365906e-03 4.474560171365737915e-02 2.726262900978326797e-03 1.889389939606189728e-02 1.794297061860561371e-02 1.849930122261866927e-04 3.116515465080738068e-02 6.539016962051391602e-03 7.849864661693572998e-03 2.688780240714550018e-02 1.033368427306413651e-02 1.733046956360340118e-02 8.693424053490161896e-03 1.918430067598819733e-02 5.275225266814231873e-02 5.036424845457077026e-02 2.139478176832199097e-02 1.448815781623125076e-02 1.157805044203996658e-02 6.881409790366888046e-04 1.616769842803478241e-02 9.058968862518668175e-04 4.833949788007885218e-04 1.704681664705276489e-02 2.322904206812381744e-02 3.279170393943786621e-02 8.589604869484901428e-03 2.325478196144104004e-02 4.701217170804738998e-03 2.550851367413997650e-02 2.767471224069595337e-02 3.035787865519523621e-02 1.562875881791114807e-02 2.680333703756332397e-02 5.003054160624742508e-03 7.271219976246356964e-03 8.553965017199516296e-03 3.124825283885002136e-02 1.460296940058469772e-02
4.428748786449432373e-02 8.128533512353897095e-02 1.751753874123096466e-02 3.569599986076354980e-02 1.075006648898124695e-02 1.784212291240692139e-01 4.703755974769592285e-01 3.445731475949287415e-02 1.215842086821794510e-02 3.073730133473873138e-02 3.322798758745193481e-02 4.697957262396812439e-02 2.260456793010234833e-02 5.724877119064331055e-02 1.007260754704475403e-02 1.259271055459976196e-02 8.289918303489685059e-03 1.324847806245088577e-02 9.595133364200592041e-03 3.904954344034194946e-02 1.334124896675348282e-02 3.628291562199592590e-02 4.446526616811752319e-02 7.141932845115661621e-02 2.964197285473346710e-02 3.771503642201423645e-02 2.615550160408020020e-02 5.664850026369094849e-02 6.958941463381052017e-03 7.884038984775543213e-02 1.160844881087541580e-02 8.431606926023960114e-03 3.632515668869018555e-02 1.564207114279270172e-02 2.678183279931545258e-02 6.277763284742832184e-03 7.880751043558120728e-03 1.089922059327363968e-02 2.658874914050102234e-02 2.447613328695297241e-02 5.300516635179519653e-02 2.027352340519428253e-02 4.011357203125953674e-02 3.566414117813110352e-02 3.704211860895156860e-02 4.199948161840438843e-03 1.188628897070884705e-01 1.351183652877807617e-01 2.791915275156497955e-02 3.455549478530883789e-02 4.027812182903289795e-02 1.541108358651399612e-02 3.337129950523376465e-02 1.063784211874008179e-02 1.323125697672367096e-02 1.527038868516683578e-02 4.355870932340621948e-02 4.488128423690795898e-02 1.684124395251274109e-02 3.807690739631652832e-02 2.650174871087074280e-02 2.352569997310638428e-02 4.730587359517812729e-03 3.145600110292434692e-02 7.679721806198358536e-03 1.600330881774425507e-02 2.423820784315466881e-03 7.131781894713640213e-03 2.531412756070494652e-03 3.897639689967036247e-03 3.174373507499694824e-02 2.641309238970279694e-02 6.985335797071456909e-02 2.792078815400600433e-02 1.335732918232679367e-02 1.232338417321443558e-02 4.927456006407737732e-02 1.576159149408340454e-02 3.229451179504394531e-02 2.783802896738052368e-02 3.799606114625930786e-02 5.109433550387620926e-03 1.526704151183366776e-02 4.388466477394104004e-02 3.942273324355483055e-04 1.898151449859142303e-02 4.233729839324951172e-02 1.266530528664588928e-02 3.244134038686752319e-02 3.275130316615104675e-02 3.163692355155944824e-02 3.529359027743339539e-02 2.155787870287895203e-02 4.159459471702575684e-02 4.075365141034126282e-03 9.585214778780937195e-03 1.547666639089584351e-02 2.321687713265419006e-02 5.763525143265724182e-03 5.060596019029617310e-02 2.545626275241374969e-02 2.239779196679592133e-02 4.635908082127571106e-02 4.478477314114570618e-02 1.327990181744098663e-02 3.083040378987789154e-02 7.681420072913169861e-03 4.171025753021240234e-02 3.139482066035270691e-02 1.615393906831741333e-02 4.047850146889686584e-02 4.984816908836364746e-02 3.915610164403915405e-02 3.135482594370841980e-02 1.079928502440452576e-02 2.426240779459476471e-02
2.902060188353061676e-02 8.751389570534229279e-03 1.078925579786300659e-01 1.267162058502435684e-02 1.507277693599462509e-02 3.249556198716163635e-02 3.445731475949287415e-02 4.702645838260650635e-01 2.483993582427501678e-02 3.226794674992561340e-02 4.796697758138179779e-03 3.065317124128341675e-02 5.949341133236885071e-02 4.032758250832557678e-02 7.047022879123687744e-02 3.825112804770469666e-02 1.095708459615707397e-02 1.052265753969550133e-03 1.211459981277585030e-03 3.571135923266410828e-03 2.928825654089450836e-02 1.693706400692462921e-02 4.557654261589050293e-03 2.154993265867233276e-02 2.289257943630218506e-02 8.865301497280597687e-03 1.125052850693464279e-02 3.158326819539070129e-02 8.241397328674793243e-03 2.338757179677486420e-02 2.514283917844295502e-02 1.697448827326297760e-02 3.003113158047199249e-02 3.537640720605850220e-02 1.066341996192932129e-02 1.680646091699600220e-02 2.969839237630367279e-02 2.395623549818992615e-02 2.097769174724817276e-03 8.614812046289443970e-03 3.833016380667686462e-02 4.870954900979995728e-02 3.561079129576683044e-02 2.218057774007320404e-02 1.922718808054924011e-02 4.800194129347801208e-02 2.788382209837436676e-02 3.512427210807800293e-02 2.504717186093330383e-02 1.312699634581804276e-03 3.422372043132781982e-02 5.938318371772766113e-02 3.925629332661628723e-02 3.149658674374222755e-03 3.325488790869712830e-02 2.141296491026878357e-02 3.745269775390625000e-02 2.683730237185955048e-02 1.629749499261379242e-02 4.318225756287574768e-02 3.128507360816001892e-02 3.694510832428932190e-02 5.273380130529403687e-02 4.292453452944755554e-02 1.019311975687742233e-02 1.937844417989253998e-02 1.732032746076583862e-02 3.230926021933555603e-02 3.008925728499889374e-02 1.577631011605262756e-02 4.279948770999908447e-03 3.741956502199172974e-02 3.926154598593711853e-02 3.969858959317207336e-02 2.016917057335376740e-02 1.522031147032976151e-03 4.505569860339164734e-02 2.632393501698970795e-02 6.069432711228728294e-04 4.084649309515953064e-02 1.118306219577789307e-01 1.119298040866851807e-01 1.640517823398113251e-02 1.290212664753198624e-02 1.184068969450891018e-03 9.884032420814037323e-03 8.097603172063827515e-02 7.376418262720108032e-02 1.500025828136131167e-04 4.353873431682586670e-03 3.251206874847412109e-02 1.953224465250968933e-02 2.513976022601127625e-02 9.882289916276931763e-03 1.812612824141979218e-02 4.280274361371994019e-02 2.214609272778034210e-02 6.621924228966236115e-03 3.014681395143270493e-03 1.994099095463752747e-02 8.307285606861114502e-03 4.027094691991806030e-03 1.195027865469455719e-02 2.178375422954559326e-02 2.699708193540573120e-02 1.786843128502368927e-02 2.652648091316223145e-02 1.894268393516540527e-02 7.865471765398979187e-03 3.922424744814634323e-03 1.184665970504283905e-02 2.952141687273979187e-02 1.214901357889175415e-02 7.720455527305603027e-03 5.460330471396446228e-02 3.572604060173034668e-02
8.837220259010791779e-03 1.489507034420967102e-03 5.605088546872138977e-03 3.646794706583023071e-02 3.722416982054710388e-02 2.527971006929874420e-02 1.215842086821794510e-02 2.483993582427501678e-02 4.720308482646942139e-01 3.271633014082908630e-02 3.034949675202369690e-02 2.948354929685592651e-02 2.817261591553688049e-02 1.260224077850580215e-02 4.933804273605346680e-02 1.101688668131828308e-02 3.071402758359909058e-02 7.806153595447540283e-02 2.261998690664768219e-02 3.312893956899642944e-02 9.637703187763690948e-03 7.229413837194442749e-03 1.678395830094814301e-02 2.189161814749240875e-02 2.943847514688968658e-02 2.649836800992488861e-02 2.283368073403835297e-02 2.802485041320323944e-02 1.523441169410943985e-02 4.880965128540992737e-02 5.512323696166276932e-03 1.903077214956283569e-02 5.260495468974113464e-02 4.667962342500686646e-02 4.218465089797973633e-02 4.316054284572601318e-02 5.428520962595939636e-03 3.906592726707458496e-02 3.177754208445549011e-02 2.764884009957313538e-02 8.695467375218868256e-03 4.351970925927162170e-02 3.301083296537399292e-02 3.673877939581871033e-02 1.121506839990615845e-02 3.435914590954780579e-02 2.028079144656658173e-02 5.119287967681884766e-02 3.679246827960014343e-02 2.864592336118221283e-02 1.178560312837362289e-02 4.924938082695007324e-02 3.235151991248130798e-02 5.562608689069747925e-02 4.031715914607048035e-02 5.643247440457344055e-02 3.162408620119094849e-02 4.139282274991273880e-03 2.268081903457641602e-02 1.789122261106967926e-02 3.429190069437026978e-02 1.553133968263864517e-02 3.279316425323486328e-02 2.907696180045604706e-02 3.576916828751564026e-02 1.178468950092792511e-02 1.963707618415355682e-02 2.212158404290676117e-02 6.757712364196777344e-02 5.084764957427978516e-02 1.896149292588233948e-02 4.888207465410232544e-02 2.795448293909430504e-03 2.290346287190914154e-02 3.856576513499021530e-03 7.928089797496795654e-02 1.124516949057579041e-01 3.141535818576812744e-02 3.645778074860572815e-02 4.400071222335100174e-03 9.409419260919094086e-03 1.559057366102933884e-02 2.718092687427997589e-02 3.639764338731765747e-02 4.724808037281036377e-02 5.558147653937339783e-02 2.629460208117961884e-02 1.653454639017581940e-02 3.630427643656730652e-02 1.070154644548892975e-02 2.427251450717449188e-02 3.074554726481437683e-02 1.183848641812801361e-02 1.633415929973125458e-02 1.963262632489204407e-02 9.927515871822834015e-03 3.764582797884941101e-02 4.392851516604423523e-02 1.584856188856065273e-03 2.596229687333106995e-02 3.791530430316925049e-02 3.446179255843162537e-02 4.947330802679061890e-02 1.915305666625499725e-02 3.302994370460510254e-02 2.849018573760986328e-02 3.641651943325996399e-02 2.533054724335670471e-02 4.589241743087768555e-02 1.680105179548263550e-02 4.973047599196434021e-02 7.307228446006774902e-02 3.366311267018318176e-02 3.605867177248001099e-02 1.503742672502994537e-02 2.116031199693679810e-02
4.223568364977836609e-02 1.700414530932903290e-02 3.627836704254150391e-02 4.494590684771537781e-02 4.524608701467514038e-02 1.831473782658576965e-02 3.073730133473873138e-02 3.226794674992561340e-02 3.271633014082908630e-02 4.923888146877288818e-01 3.986202180385589600e-02 3.473012521862983704e-02 3.612627042457461357e-03 1.894522458314895630e-02 1.066719647496938705e-03 3.481707721948623657e-02 7.577694207429885864e-02 6.278806179761886597e-02 9.797462075948715210e-02 3.342634439468383789e-02 4.465230926871299744e-02 2.293284051120281219e-02 2.099103992804884911e-03 6.778436899185180664e-02 2.948831953108310699e-02 1.232768315821886063e-02 8.748766966164112091e-03 5.168911069631576538e-02 3.815054520964622498e-02 3.856026101857423782e-03 8.207467384636402130e-03 1.474278513342142105e-02 2.949483506381511688e-02 6.882600020617246628e-03 1.900953613221645355e-02 1.424408797174692154e-02 1.365833729505538940e-02 1.485267654061317444e-02 6.718044634908437729e-03 2.207041718065738678e-02 2.865438722074031830e-02 1.513449754565954208e-02 4.355066269636154175e-02 3.870922699570655823e-02 2.687668427824974060e-02 1.531301904469728470e-02 5.241539329290390015e-02 3.767376393079757690e-02 2.119396626949310303e-02 4.560582339763641357e-02 2.411673031747341156e-02 3.632829338312149048e-02 2.782017737627029419e-02 3.585680201649665833e-02 1.643409579992294312e-02 6.199792027473449707e-02 4.913105070590972900e-02 6.033016368746757507e-03 2.153643436031416059e-04 1.771979406476020813e-02 5.878855288028717041e-02 3.522299230098724365e-02 5.287975072860717773e-03 3.143025934696197510e-02 5.020807683467864990e-02 1.596208289265632629e-02 1.935287006199359894e-02 3.966004773974418640e-02 5.189319700002670288e-02 4.728234186768531799e-02 6.721602380275726318e-02 9.584267623722553253e-03 1.251104474067687988e-02 4.637541994452476501e-02 3.190137818455696106e-02 1.615766808390617371e-02 5.189629644155502319e-02 9.763894230127334595e-02 3.749798238277435303e-02 9.142543375492095947e-02 4.050633683800697327e-02 2.400967106223106384e-02 3.651342168450355530e-02 8.888171613216400146e-02 1.750381290912628174e-02 5.048185586929321289e-02 5.821368470788002014e-02 1.753273606300354004e-02 1.083334442228078842e-02 6.862210482358932495e-02 1.766494009643793106e-03 4.968114662915468216e-04 3.628634661436080933e-02 1.943907700479030609e-02 1.676961593329906464e-02 6.426735967397689819e-02 4.307721555233001709e-02 1.017226465046405792e-02 2.627975679934024811e-02 1.699212566018104553e-02 2.998735988512635231e-03 1.303320284932851791e-02 2.689069695770740509e-02 3.562042862176895142e-02 2.414965443313121796e-02 3.684560209512710571e-02 9.410285390913486481e-03 4.545754566788673401e-02 1.233009155839681625e-02 1.485263556241989136e-02 1.073225028812885284e-02 1.299406285397708416e-03 3.470614552497863770e-02 4.323263466358184814e-02 1.034390879794955254e-03 2.743298374116420746e-02
2.331786789000034332e-02 1.809084042906761169e-02 4.902999848127365112e-02 1.872233860194683075e-02 5.209312774240970612e-03 2.907292917370796204e-02 3.322798758745193481e-02 4.796697758138179779e-03 3.034949675202369690e-02 3.986202180385589600e-02 4.731988012790679932e-01 6.397839635610580444e-03 1.880531571805477142e-02 1.982667110860347748e-02 3.029459901154041290e-02 3.590581938624382019e-02 3.231764957308769226e-02 2.514513907954096794e-03 3.824111074209213257e-02 6.218772847205400467e-03 3.555258363485336304e-02 1.689503341913223267e-02 3.596760705113410950e-02 2.809213288128376007e-02 1.302281673997640610e-02 7.907775230705738068e-03 1.662017195485532284e-03 2.828668802976608276e-03 6.337608397006988525e-02 5.209907889366149902e-02 4.186584427952766418e-02 1.207429915666580200e-02 4.581739008426666260e-02 2.587656956166028976e-03 3.278603777289390564e-03 2.697467245161533356e-02 5.047539621591567993e-02 3.450880944728851318e-02 1.880337018519639969e-03 5.989217665046453476e-03 4.348478466272354126e-02 4.794216249138116837e-03 3.885577991604804993e-02 1.230344828218221664e-02 5.023303627967834473e-02 2.386494912207126617e-02 6.491727661341428757e-03 2.249145880341529846e-02 3.960777074098587036e-03 9.432651102542877197e-03 4.273403063416481018e-02 2.170820720493793488e-02 3.549114614725112915e-02 1.918751373887062073e-02 8.255876600742340088e-03 2.189895370975136757e-03 1.030559651553630829e-02 1.229386962950229645e-02 6.183211691677570343e-03 4.481080919504165649e-02 2.618391439318656921e-02 8.956334553658962250e-03 2.392851561307907104e-02 2.697591204196214676e-03 6.575886905193328857e-02 2.249732799828052521e-02 5.105531308799982071e-03 2.210978651419281960e-03 5.490464158356189728e-03 1.840491779148578644e-02 3.258396685123443604e-02 1.704715751111507416e-02 6.779072806239128113e-03 1.888183061964809895e-03 1.458357647061347961e-02 3.327141329646110535e-02 2.015279605984687805e-03 4.510319605469703674e-02 1.149378065019845963e-02 3.325445577502250671e-02 3.012866713106632233e-02 2.013261988759040833e-02 1.593266427516937256e-02 3.652697429060935974e-02 3.481328487396240234e-02 2.555560879409313202e-02 3.089077956974506378e-02 4.401878640055656433e-02 5.886763101443648338e-04 1.342359185218811035e-02 4.407003894448280334e-02 4.356925934553146362e-02 5.523238703608512878e-02 2.032022224739193916e-03 2.718022093176841736e-02 2.890408970415592194e-02 2.886787056922912598e-02 1.172524970024824142e-02 2.253668941557407379e-02 7.734383456408977509e-03 3.355626761913299561e-02 1.793920807540416718e-02 1.131461281329393387e-02 5.002189800143241882e-02 2.851123735308647156e-02 5.012722685933113098e-03 3.226434066891670227e-02 5.808680434711277485e-04 1.513008214533329010e-02 1.743543334305286407e-02 2.415058389306068420e-02 3.747209906578063965e-02 1.182496268302202225e-02 6.103532854467630386e-03 4.496538639068603516e-02 4.086517542600631714e-02
8.397673070430755615e-02 5.426803603768348694e-02 4.324027523398399353e-02 1.217267196625471115e-02 1.746945269405841827e-02 1.158151496201753616e-02 4.697957262396812439e-02 3.065317124128341675e-02 2.948354929685592651e-02 3.473012521862983704e-02 6.397839635610580444e-03 4.848949909210205078e-01 7.150666322559118271e-03 1.622658669948577881e-01 2.677219547331333160e-02 4.409129731357097626e-03 7.036212366074323654e-03 1.680094748735427856e-02 5.514693260192871094e-02 2.504946105182170868e-02 1.878329366445541382e-02 8.883463218808174133e-03 6.263273954391479492e-02 5.191531404852867126e-02 1.536871865391731262e-02 1.995662972331047058e-02 3.610777854919433594e-02 1.653775870800018311e-01 4.527141898870468140e-02 1.296893209218978882e-01 4.421617835760116577e-02 1.846117340028285980e-02 4.697760567069053650e-02 5.002827569842338562e-02 1.890411600470542908e-02 5.795146152377128601e-02 5.262056738138198853e-02 1.255512796342372894e-02 1.331940665841102600e-02 3.366160020232200623e-02 3.742407634854316711e-02 2.684820443391799927e-02 2.244896627962589264e-02 1.843398064374923706e-02 3.422028571367263794e-02 8.121258579194545746e-03 4.961767420172691345e-02 1.105137635022401810e-02 5.448257550597190857e-03 3.298731893301010132e-02 2.351955324411392212e-02 1.598159037530422211e-02 3.026555478572845459e-02 3.722744062542915344e-02 2.532115764915943146e-02 1.199655514210462570e-02 1.232571550644934177e-03 1.015435531735420227e-02 1.607825793325901031e-02 4.297133162617683411e-02 4.771035909652709961e-02 8.601535111665725708e-03 2.898023650050163269e-02 1.213501859456300735e-02 1.541288197040557861e-02 3.455117344856262207e-02 2.765424549579620361e-02 1.833512261509895325e-02 3.348621726036071777e-02 5.241013318300247192e-02 4.934591054916381836e-02 5.269172787666320801e-02 3.716650232672691345e-02 3.762160986661911011e-02 1.737961545586585999e-02 2.493733353912830353e-02 3.765411302447319031e-02 9.342847391963005066e-03 1.670389063656330109e-02 1.189482863992452621e-03 1.704969257116317749e-02 1.784331351518630981e-02 3.269774839282035828e-02 4.109143745154142380e-03 8.121198974549770355e-03 2.499737404286861420e-02 2.462756633758544922e-02 4.720673896372318268e-03 6.661287695169448853e-02 6.247376650571823120e-02 2.974246256053447723e-02 3.826830536127090454e-02 4.038073122501373291e-02 4.955803230404853821e-02 8.693370036780834198e-03 3.632409870624542236e-02 6.026433780789375305e-03 4.690883308649063110e-02 5.284252017736434937e-02 4.528426378965377808e-02 3.360053896903991699e-02 8.469282649457454681e-03 2.033415250480175018e-03 2.973792515695095062e-02 3.310226276516914368e-02 3.462445689365267754e-03 3.252682834863662720e-02 2.007172442972660065e-02 2.435106411576271057e-02 2.929585985839366913e-02 2.473334548994898796e-03 8.036153763532638550e-02 2.815889380872249603e-02 2.876369841396808624e-02 5.123654007911682129e-02 3.331361338496208191e-02
1.571115851402282715e-02 1.222921162843704224e-01 2.333169244229793549e-02 2.621658146381378174e-02 3.063873201608657837e-02 2.148267254233360291e-02 2.260456793010234833e-02 5.949341133236885071e-02 2.817261591553688049e-02 3.612627042457461357e-03 1.880531571805477142e-02 7.150666322559118271e-03 4.578280746936798096e-01 7.763287983834743500e-03 2.068375796079635620e-02 1.671170257031917572e-02 2.762859500944614410e-02 3.456111997365951538e-02 1.201674249023199081e-02 1.816600188612937927e-02 6.988999899476766586e-03 6.213332060724496841e-03 5.558664724230766296e-02 4.641272500157356262e-02 1.613488420844078064e-02 3.604785352945327759e-02 6.105312705039978027e-02 2.671620622277259827e-02 1.011383812874555588e-02 2.548723481595516205e-02 5.519109964370727539e-02 4.241817444562911987e-02 2.904137969017028809e-02 3.480586688965559006e-03 1.324736606329679489e-02 3.284984454512596130e-02 4.857888817787170410e-02 8.588167279958724976e-02 9.883941151201725006e-03 7.928952574729919434e-02 2.059350349009037018e-02 4.722987115383148193e-02 2.342618070542812347e-02 1.111602783203125000e-02 5.924985744059085846e-04 1.921808347105979919e-02 9.673488140106201172e-02 4.062248766422271729e-02 2.469294518232345581e-02 1.352025102823972702e-02 3.282726928591728210e-02 6.154961418360471725e-03 2.793051674962043762e-02 7.245894521474838257e-03 1.126211509108543396e-02 2.770737372338771820e-02 3.708771243691444397e-02 9.931888431310653687e-03 2.789876051247119904e-02 1.486010942608118057e-02 3.176245605573058128e-03 9.817057289183139801e-03 2.022383268922567368e-03 4.207491874694824219e-02 1.424011075869202614e-03 1.296897381544113159e-01 2.533153071999549866e-02 1.215693308040499687e-03 1.350629422813653946e-02 4.717376455664634705e-02 1.647142693400382996e-02 3.075093962252140045e-03 1.359527814202010632e-03 2.549458527937531471e-03 1.286232471466064453e-02 1.361685246229171753e-02 2.548484876751899719e-02 3.723090048879384995e-03 2.502616681158542633e-02 3.186467289924621582e-02 3.218034654855728149e-02 2.146720653399825096e-03 1.722315442748367786e-03 4.575029015541076660e-03 4.479775577783584595e-02 8.840953232720494270e-04 2.741967327892780304e-02 3.787229210138320923e-02 3.998650982975959778e-02 2.794363349676132202e-02 3.273601457476615906e-02 5.201829224824905396e-02 3.624594956636428833e-02 6.007683649659156799e-02 8.931966498494148254e-03 3.141415305435657501e-03 3.096037171781063080e-02 8.144461549818515778e-03 2.417277731001377106e-02 2.010993659496307373e-02 7.269975263625383377e-03 2.674423856660723686e-03 4.014756530523300171e-03 4.009104147553443909e-02 1.171712297946214676e-02 3.312734141945838928e-02 3.068344295024871826e-02 4.786290600895881653e-02 1.707948371767997742e-02 2.063974738121032715e-02 4.204739257693290710e-02 3.516829758882522583e-02 1.758592762053012848e-02 3.883822262287139893e-02 1.047770977020263672e-01 1.120930351316928864e-02
