5.104392170906066895e-01 1.429231315851211548e-01 2.413694187998771667e-02 6.139985751360654831e-03 7.706352043896913528e-03 1.208280026912689209e-01 7.282807677984237671e-02 5.065185949206352234e-02 6.821811199188232422e-03 2.455478347837924957e-02 1.232345700263977051e-01 3.573716059327125549e-02 1.184253469109535217e-01 2.211546897888183594e-02 1.427778694778680801e-02 3.467790409922599792e-02 5.241468921303749084e-02 1.843079179525375366e-02 4.121812060475349426e-02 2.333856746554374695e-02 3.368078172206878662e-02 3.314361348748207092e-02 1.235094666481018066e-02 1.789274252951145172e-02 9.020684286952018738e-03 2.897528558969497681e-02 3.378376364707946777e-02 4.159246012568473816e-02 1.904582604765892029e-04 2.220266312360763550e-02 2.607183344662189484e-02 1.333809643983840942e-02 2.160927280783653259e-02 2.910255640745162964e-02 1.377425156533718109e-02 2.700830437242984772e-02 5.605712532997131348e-02 4.356251657009124756e-02 3.398586064577102661e-03 5.027680099010467529e-02 4.614784568548202515e-02 2.006673719733953476e-03 1.076599117368459702e-02 1.142534986138343811e-02 1.111552026122808456e-02 1.499178260564804077e-02 1.024380922317504883e-01 2.657830715179443359e-02 2.319214120507240295e-02 5.230077356100082397e-02 2.342338301241397858e-02 1.990783400833606720e-02 4.591614473611116409e-03 4.466625675559043884e-02 4.163472726941108704e-02 4.465130716562271118e-02 2.995986305177211761e-02 2.085396647453308105e-02 9.235228411853313446e-03 1.737904734909534454e-02 4.065488651394844055e-02 5.394313950091600418e-03 2.524591237306594849e-02 9.720978327095508575e-03 6.292853038758039474e-03 3.372385865077376366e-03 1.647722534835338593e-02 1.562975533306598663e-02 4.656778275966644287e-02 2.400091849267482758e-02 3.812396898865699768e-02 2.987217390909790993e-03 3.451096639037132263e-02 3.754781559109687805e-02 4.214498400688171387e-02 8.053376339375972748e-03 3.428078815340995789e-02 3.913550172001123428e-03 1.148704718798398972e-02 5.301713198423385620e-02 2.170868031680583954e-02 3.131756559014320374e-02 3.165259491652250290e-03 6.231820210814476013e-03 4.968768917024135590e-03 3.009545430541038513e-02 2.566348947584629059e-02 2.657977491617202759e-02 4.176729917526245117e-02 3.761729225516319275e-02 2.180524915456771851e-02 1.632812060415744781e-02 4.179049655795097351e-02 8.235087618231773376e-03 5.060695856809616089e-02 2.114767208695411682e-02 1.924193114973604679e-03 3.968603163957595825e-02 4.828562960028648376e-02 4.437876492738723755e-02 5.497347563505172729e-03 2.295476943254470825e-02 3.752892091870307922e-02 9.790129959583282471e-03 8.807840640656650066e-04 3.793092211708426476e-03 1.912530697882175446e-02 3.926660493016242981e-02 3.956488892436027527e-02 4.941990971565246582e-02 2.216654084622859955e-02 2.544128336012363434e-02 1.081337966024875641e-02 2.645844779908657074e-02 4.310652613639831543e-02 4.622622206807136536e-02
1.429231315851211548e-01 5.129225850105285645e-01 1.760961674153804779e-02 1.725947484374046326e-02 1.716841012239456177e-03 1.210668161511421204e-01 8.375944942235946655e-02 4.360739514231681824e-02 1.519212312996387482e-02 3.035977948457002640e-03 1.076842099428176880e-01 2.533482760190963745e-02 1.145249009132385254e-01 2.695441804826259613e-02 2.715065144002437592e-02 2.852400019764900208e-02 3.477666527032852173e-02 9.258073754608631134e-03 9.619437158107757568e-03 2.789556048810482025e-02 1.949534006416797638e-02 5.208499357104301453e-02 1.551731768995523453e-02 2.456214511767029762e-03 1.316001266241073608e-02 3.294132277369499207e-02 5.099396687000989914e-03 4.432586953043937683e-02 6.413117516785860062e-03 2.157658897340297699e-02 4.401787370443344116e-02 7.591105997562408447e-03 3.953630477190017700e-02 4.224486649036407471e-03 1.222333591431379318e-02 1.365230046212673187e-02 3.600698336958885193e-02 3.108331188559532166e-02 1.090670749545097351e-02 5.876758694648742676e-02 4.304938390851020813e-02 8.682154002599418163e-04 3.259795904159545898e-02 1.926257391460239887e-03 1.654825732111930847e-02 4.513097181916236877e-02 1.025376915931701660e-01 3.189733996987342834e-02 8.969446644186973572e-03 4.964871332049369812e-02 5.416567903012037277e-03 4.597713705152273178e-03 1.058504544198513031e-02 5.297873169183731079e-02 4.902387037873268127e-02 4.833221063017845154e-02 5.159889161586761475e-02 3.493612632155418396e-02 2.764176751952618361e-04 3.336825966835021973e-02 2.577533014118671417e-02 1.356994453817605972e-02 2.879609586670994759e-03 2.625971287488937378e-02 1.269625779241323471e-02 1.038988935761153698e-03 2.519946172833442688e-02 1.360501442104578018e-02 3.152162209153175354e-02 6.779000163078308105e-03 5.295700579881668091e-02 1.779154408723115921e-03 4.327181726694107056e-02 2.999829873442649841e-02 2.261592447757720947e-02 1.229070313274860382e-02 2.569337747991085052e-02 1.872851885855197906e-02 4.682061728090047836e-03 2.871627919375896454e-02 2.932984847575426102e-03 4.599352926015853882e-02 1.105331629514694214e-02 3.403955372050404549e-03 1.518893172033131123e-03 1.730753807350993156e-03 8.589677512645721436e-03 3.174579888582229614e-02 3.943404555320739746e-02 2.599459514021873474e-02 2.073026075959205627e-02 6.860691588371992111e-03 3.250509500503540039e-02 8.611605502665042877e-03 3.729024156928062439e-02 1.410406257491558790e-04 5.629526916891336441e-03 2.418595366179943085e-02 2.229004539549350739e-02 3.198866918683052063e-02 7.793981116265058517e-03 1.254656235687434673e-03 3.266761451959609985e-02 2.179350331425666809e-02 1.607830449938774109e-02 1.043832115828990936e-02 2.576473355293273926e-02 4.767096787691116333e-02 4.403696581721305847e-02 4.289469495415687561e-02 1.794433780014514923e-02 2.346432209014892578e-02 1.785874739289283752e-02 7.666806690394878387e-03 4.085716605186462402e-02 3.908339142799377441e-02
2.413694187998771667e-02 1.760961674153804779e-02 4.657968580722808838e-01 8.101263083517551422e-03 2.051801793277263641e-02 3.842287138104438782e-02 2.488443814218044281e-02 1.298339366912841797e-01 1.892067305743694305e-02 1.748798042535781860e-02 4.234755039215087891e-02 2.621040865778923035e-02 2.499318122863769531e-02 1.090510841459035873e-02 1.859194971621036530e-02 3.538882825523614883e-03 9.906152263283729553e-03 1.433678437024354935e-03 2.742688730359077454e-02 3.356123715639114380e-02 1.182772032916545868e-02 1.393831707537174225e-02 2.142158336937427521e-02 1.005464512854814529e-02 2.901168726384639740e-02 3.080110251903533936e-02 3.856239095330238342e-02 3.346157446503639221e-02 2.135062776505947113e-02 6.075703073292970657e-03 1.765977591276168823e-03 3.157486021518707275e-02 1.675439253449440002e-02 5.231430754065513611e-02 3.179865330457687378e-02 1.262417156249284744e-02 4.384232219308614731e-03 5.397352203726768494e-02 2.976385690271854401e-02 3.323395550251007080e-02 1.769276452250778675e-03 3.578130528330802917e-02 1.403325237333774567e-02 7.876803725957870483e-02 4.462840780615806580e-02 1.100132521241903305e-02 2.884792909026145935e-02 2.740670740604400635e-02 2.277211099863052368e-02 1.463631633669137955e-02 1.576600037515163422e-02 2.201159484684467316e-02 2.364969253540039062e-02 1.494529936462640762e-02 1.895322278141975403e-02 7.482985965907573700e-03 4.023715853691101074e-02 4.370514675974845886e-02 7.438018918037414551e-03 9.283005259931087494e-03 4.099811241030693054e-02 1.141203660517930984e-02 3.973379731178283691e-02 3.710776567459106445e-02 1.961020939052104950e-02 2.566185407340526581e-02 6.065851077437400818e-03 7.732785772532224655e-03 2.073568059131503105e-03 2.951528504490852356e-02 1.900812797248363495e-02 1.746432669460773468e-02 2.465124242007732391e-02 3.341702977195382118e-03 2.191667631268501282e-02 1.656137756071984768e-03 1.344997528940439224e-02 1.135921571403741837e-03 3.229996189475059509e-02 2.726696617901325226e-02 1.410201638936996460e-01 1.325651705265045166e-01 3.872502967715263367e-02 3.382560238242149353e-02 2.287629246711730957e-02 1.625900715589523315e-02 3.439418505877256393e-03 2.196399308741092682e-02 3.729616478085517883e-02 2.222800068557262421e-02 1.363766007125377655e-02 3.894320130348205566e-02 3.679684363305568695e-03 3.079502470791339874e-02 2.972559444606304169e-02 2.508705668151378632e-02 1.266469480469822884e-03 5.875505041331052780e-03 1.415607426315546036e-02 4.622278362512588501e-02 5.165487900376319885e-02 3.337066154927015305e-03 2.906684018671512604e-02 3.434942662715911865e-02 7.514712400734424591e-03 3.819556906819343567e-02 4.560539871454238892e-02 6.568502169102430344e-03 1.592008629813790321e-04 1.182141806930303574e-02 8.481571567244827747e-04 4.057257249951362610e-02 1.110535394400358200e-02 1.604037545621395111e-02 3.378841653466224670e-02 4.218574240803718567e-02
6.139985751360654831e-03 1.725947484374046326e-02 8.101263083517551422e-03 4.961759746074676514e-01 2.013717591762542725e-01 1.997227966785430908e-02 3.324022889137268066e-02 5.148519296199083328e-03 4.320066049695014954e-02 1.010558847337961197e-02 1.740325987339019775e-02 1.480328198522329330e-02 3.991854377090930939e-03 2.064896933734416962e-02 1.537067350000143051e-02 2.509436197578907013e-02 4.505191370844841003e-02 9.546925872564315796e-02 6.868191063404083252e-02 1.496861968189477921e-02 1.363288611173629761e-02 6.540496367961168289e-03 3.340530395507812500e-02 3.457257291302084923e-03 8.266167715191841125e-03 2.838371880352497101e-02 1.386349182575941086e-02 8.151931688189506531e-03 1.988761313259601593e-02 2.305107377469539642e-02 3.952467814087867737e-02 1.100937370210886002e-03 1.178053580224514008e-02 4.415080696344375610e-02 4.621331766247749329e-02 2.899021469056606293e-02 3.704060101881623268e-03 3.361029922962188721e-02 4.630029201507568359e-02 8.684612065553665161e-02 7.773956749588251114e-03 1.561682485044002533e-02 2.075292542576789856e-02 2.934249490499496460e-02 8.874577470123767853e-03 1.502006035298109055e-02 3.626725450158119202e-02 1.362088415771722794e-02 3.424405679106712341e-02 4.218631982803344727e-02 5.128412041813135147e-03 1.509681716561317444e-02 3.458311408758163452e-02 2.737280726432800293e-02 5.170099064707756042e-02 2.227352187037467957e-02 3.743851184844970703e-02 4.156915470957756042e-03 2.714172936975955963e-02 5.295364186167716980e-03 6.056120619177818298e-02 4.137770831584930420e-02 2.866570279002189636e-02 1.740782335400581360e-02 3.123194165527820587e-02 2.111779525876045227e-03 2.374449744820594788e-02 1.387134846299886703e-02 1.665410585701465607e-02 2.085405960679054260e-02 1.361971907317638397e-02 5.126208066940307617e-03 2.053030878305435181e-01 3.644133359193801880e-02 1.602944731712341309e-01 1.005412172526121140e-02 3.270136192440986633e-02 4.456507414579391479e-02 1.973089016973972321e-02 9.912273846566677094e-03 3.096231259405612946e-02 3.229178488254547119e-02 7.495715469121932983e-02 6.845678389072418213e-02 1.067003142088651657e-02 5.458553321659564972e-03 1.049362029880285263e-02 2.000254392623901367e-02 2.207844704389572144e-02 8.197730407118797302e-03 7.516420446336269379e-03 2.995016798377037048e-02 1.494592800736427307e-02 4.485084116458892822e-02 1.782960072159767151e-02 4.607653617858886719e-02 3.921117633581161499e-02 2.613034844398498535e-02 1.112446468323469162e-02 2.355122379958629608e-02 3.000000678002834320e-02 1.620360068045556545e-03 1.018700562417507172e-02 2.639548853039741516e-02 5.024152249097824097e-02 3.159723803400993347e-02 4.181248694658279419e-02 2.474176511168479919e-02 3.533717989921569824e-02 2.589771151542663574e-02 2.969887107610702515e-02 3.833878040313720703e-02 1.813949830830097198e-02 1.625337265431880951e-02 2.312423288822174072e-02 1.874929852783679962e-02
7.706352043896913528e-03 1.716841012239456177e-03 2.051801793277263641e-02 2.013717591762542725e-01 5.073652267456054688e-01 3.286074846982955933e-02 2.657726639881730080e-03 3.123535588383674622e-02 1.375798601657152176e-02 3.982872143387794495e-02 4.500956460833549500e-02 1.340054534375667572e-02 1.116746384650468826e-02 3.740877285599708557e-02 1.765751093626022339e-02 2.772433869540691376e-02 3.684879047796130180e-03 2.720839343965053558e-02 1.713971644639968872e-01 2.001482062041759491e-02 4.963937215507030487e-03 1.144882850348949432e-02 4.539199545979499817e-02 2.645177207887172699e-02 4.354606790002435446e-04 1.619112119078636169e-02 2.630034647881984711e-02 9.524278342723846436e-03 3.091024607419967651e-02 9.579767473042011261e-03 2.473531104624271393e-02 1.218198612332344055e-02 1.972980424761772156e-02 4.620392806828022003e-03 2.247684635221958160e-02 1.297505293041467667e-02 2.140774205327033997e-02 3.439491614699363708e-02 6.935218721628189087e-02 1.556811928749084473e-01 3.825233504176139832e-02 2.259555831551551819e-02 4.085549712181091309e-02 4.266387969255447388e-02 8.842999523039907217e-05 1.566315814852714539e-02 2.360134199261665344e-02 2.140305936336517334e-02 2.264625206589698792e-02 2.858725562691688538e-02 3.685683384537696838e-02 9.791160002350807190e-03 2.862472273409366608e-02 3.500412404537200928e-02 1.729294471442699432e-02 4.133310168981552124e-02 2.894244715571403503e-02 1.966284960508346558e-02 3.087825886905193329e-02 1.990755833685398102e-02 1.288806460797786713e-02 2.070089988410472870e-02 4.713436961174011230e-02 4.226753860712051392e-02 3.820315003395080566e-02 6.930937524884939194e-03 3.061762638390064240e-02 3.132506832480430603e-02 2.393083646893501282e-02 2.713339403271675110e-02 8.004613220691680908e-03 6.558422464877367020e-03 8.323835581541061401e-02 2.441849000751972198e-02 2.075008749961853027e-01 8.396802470088005066e-03 3.724902868270874023e-03 2.143133059144020081e-02 2.001368254423141479e-02 3.200451377779245377e-03 6.962501909583806992e-03 1.404449250549077988e-02 8.343521505594253540e-02 1.815652102231979370e-01 1.718450710177421570e-02 1.569239981472492218e-02 2.557559497654438019e-02 1.481956616044044495e-02 2.486148476600646973e-02 2.161108702421188354e-02 2.916015125811100006e-02 2.802996523678302765e-02 1.520340330898761749e-02 4.389483109116554260e-02 5.026757344603538513e-02 1.162541657686233521e-02 5.781427025794982910e-03 2.802980691194534302e-02 4.236346483230590820e-02 1.076546870172023773e-02 1.611142791807651520e-02 2.956948941573500633e-03 3.517912700772285461e-02 1.802430301904678345e-02 1.329308375716209412e-03 3.226610273122787476e-02 4.026451706886291504e-02 3.407157585024833679e-02 2.012360841035842896e-02 2.358730882406234741e-02 2.313644438982009888e-02 2.532652206718921661e-02 3.676754608750343323e-02 4.103969037532806396e-02 4.788798093795776367e-02 3.477422520518302917e-02
1.208280026912689209e-01 1.210668161511421204e-01 3.842287138104438782e-02 1.997227966785430908e-02 3.286074846982955933e-02 5.162106156349182129e-01 1.452109217643737793e-01 3.342512249946594238e-02 2.163155376911163330e-02 3.261948004364967346e-02 9.277717024087905884e-02 5.758477002382278442e-02 1.059709638357162476e-01 5.014881119132041931e-02 1.756024721544235945e-04 1.530266553163528442e-02 2.008812315762042999e-02 5.077258124947547913e-02 4.875281825661659241e-02 4.147860687226057053e-03 3.253532201051712036e-02 2.631433121860027313e-02 4.624509438872337341e-02 2.965498156845569611e-02 4.017610847949981689e-02 3.450271487236022949e-02 2.678659977391362190e-03 4.010293632745742798e-02 1.336193759925663471e-03 2.865224145352840424e-02 1.688656583428382874e-02 6.308272015303373337e-03 3.262605890631675720e-02 1.490212045609951019e-02 1.623421721160411835e-02 2.172722667455673218e-02 3.029678575694561005e-02 3.578945994377136230e-02 3.924784436821937561e-02 3.343357238918542862e-04 2.469080686569213867e-02 3.667899593710899353e-02 1.105185505002737045e-02 1.515193469822406769e-02 3.647290915250778198e-02 2.800450287759304047e-02 1.545347720384597778e-01 8.034683018922805786e-02 2.705510891973972321e-02 3.491849452257156372e-02 2.745886519551277161e-02 2.660525031387805939e-02 4.500223696231842041e-02 2.868293039500713348e-02 5.048312246799468994e-02 3.370541706681251526e-02 1.659750565886497498e-02 3.466389328241348267e-02 2.757587842643260956e-02 4.794619232416152954e-02 1.267941109836101532e-02 2.275216206908226013e-02 2.026581205427646637e-02 4.993321746587753296e-02 3.619325906038284302e-02 1.052987854927778244e-02 1.885554566979408264e-02 1.281972229480743408e-02 1.872882060706615448e-02 1.728530786931514740e-02 9.232262149453163147e-03 2.422449178993701935e-02 3.541028127074241638e-02 3.194482252001762390e-02 2.545312605798244476e-02 1.037181168794631958e-02 3.014052473008632660e-02 2.651290968060493469e-02 2.474926039576530457e-02 9.119020774960517883e-03 1.614023931324481964e-02 6.434374488890171051e-03 2.334611117839813232e-02 4.704583436250686646e-02 1.321971975266933441e-02 1.878245617263019085e-03 4.043238237500190735e-02 2.331802621483802795e-03 5.807830486446619034e-03 1.535223051905632019e-02 6.742089986801147461e-02 4.393870942294597626e-03 6.525865942239761353e-02 8.885888382792472839e-03 4.948432743549346924e-02 7.146901451051235199e-03 2.658644132316112518e-02 1.802105829119682312e-02 3.017867542803287506e-02 3.084278106689453125e-02 3.582310676574707031e-02 3.286416828632354736e-02 1.999692060053348541e-02 4.683253541588783264e-02 2.232980541884899139e-02 2.414510399103164673e-02 1.496246736496686935e-02 5.535301752388477325e-03 4.243412613868713379e-02 1.613353192806243896e-02 3.824054822325706482e-02 3.600020706653594971e-02 2.186728455126285553e-02 2.187003754079341888e-02 3.834289684891700745e-02 1.509698294103145599e-02
7.282807677984237671e-02 8.375944942235946655e-02 2.488443814218044281e-02 3.324022889137268066e-02 2.657726639881730080e-03 1.452109217643737793e-01 5.154533982276916504e-01 3.216787800192832947e-02 3.846898674964904785e-02 4.742873460054397583e-02 6.767202913761138916e-02 1.196624618023633957e-02 7.986353337764739990e-02 5.923610180616378784e-02 1.410866621881723404e-02 3.164721652865409851e-02 2.531654201447963715e-03 3.317281231284141541e-02 1.738961786031723022e-03 1.487092208117246628e-02 6.116684060543775558e-03 9.514348581433296204e-03 3.305521607398986816e-02 4.040966182947158813e-02 3.641173616051673889e-02 5.045401863753795624e-03 3.855981631204485893e-03 3.520444780588150024e-02 2.461474761366844177e-02 2.387548051774501801e-02 4.351003468036651611e-02 1.153235509991645813e-02 3.610114753246307373e-02 9.799342602491378784e-03 1.999148540198802948e-02 2.955463714897632599e-02 3.325909748673439026e-02 1.839649304747581482e-02 7.966537773609161377e-02 7.477636635303497314e-02 3.178308531641960144e-02 5.370975285768508911e-02 1.834674924612045288e-02 2.742790430784225464e-02 2.892476879060268402e-02 3.657297790050506592e-02 1.386983692646026611e-01 1.266878843307495117e-01 3.713230416178703308e-02 4.767700284719467163e-02 4.682132974267005920e-02 3.636573627591133118e-02 4.195904359221458435e-02 4.450422525405883789e-02 2.913672104477882385e-02 4.383173212409019470e-02 1.512227300554513931e-02 4.383892565965652466e-02 4.457863047719001770e-02 4.393621534109115601e-02 3.613017871975898743e-02 5.434100516140460968e-03 4.312570020556449890e-02 2.899627014994621277e-02 3.167833387851715088e-02 1.896085776388645172e-02 1.858217146946117282e-04 5.994585080770775676e-05 7.568626664578914642e-03 4.074234142899513245e-02 1.622396148741245270e-02 2.243930660188198090e-02 7.456861902028322220e-03 1.567000336945056915e-02 1.187398470938205719e-02 2.398481592535972595e-02 3.896122425794601440e-02 3.486748784780502319e-02 3.723806887865066528e-02 3.873687982559204102e-02 3.372716158628463745e-02 1.075626071542501450e-02 1.946186460554599762e-02 3.532960079610347748e-03 1.660318486392498016e-02 1.308259461075067520e-02 2.855597622692584991e-02 1.298596244305372238e-02 2.558181062340736389e-02 3.050478547811508179e-02 7.998188585042953491e-02 1.277281157672405243e-02 8.557159453630447388e-02 1.518612727522850037e-02 4.127920046448707581e-02 4.808103293180465698e-02 3.522249311208724976e-02 1.800506561994552612e-02 3.141475841403007507e-02 4.683683440089225769e-02 2.031910791993141174e-02 1.660407870076596737e-03 8.749284781515598297e-03 2.425746805965900421e-02 2.834659442305564880e-02 4.126916080713272095e-02 1.040412671864032745e-02 1.128449384123086929e-02 1.932953298091888428e-02 8.355654776096343994e-03 4.274141043424606323e-02 2.785099670290946960e-02 3.753654286265373230e-02 1.976080797612667084e-02 1.312668528407812119e-02 1.854884088970720768e-03
5.065185949206352234e-02 4.360739514231681824e-02 1.298339366912841797e-01 5.148519296199083328e-03 3.123535588383674622e-02 3.342512249946594238e-02 3.216787800192832947e-02 4.925428926944732666e-01 3.281125798821449280e-02 3.588821738958358765e-02 1.000274717807769775e-02 2.376969344913959503e-02 8.869550074450671673e-04 5.678039160557091236e-04 4.987124353647232056e-02 3.651328012347221375e-02 8.263799361884593964e-03 3.430748730897903442e-02 2.118331938982009888e-02 3.027867712080478668e-02 8.545169606804847717e-03 3.598330542445182800e-03 3.943691030144691467e-03 1.426948793232440948e-02 2.884715329855680466e-03 1.926736440509557724e-03 1.947069540619850159e-02 3.812260553240776062e-02 3.671547397971153259e-02 3.443660214543342590e-02 1.629940234124660492e-02 1.423596683889627457e-02 1.990036666393280029e-02 8.955325931310653687e-03 1.296588592231273651e-02 4.884150810539722443e-03 4.689354449510574341e-03 4.263342916965484619e-02 5.810899194329977036e-03 1.160422619432210922e-02 3.518480062484741211e-02 4.022866860032081604e-02 3.602914139628410339e-02 9.906727075576782227e-02 8.673815988004207611e-03 2.587728574872016907e-02 1.217603776603937149e-02 2.203511632978916168e-02 2.165606617927551270e-02 6.528421770781278610e-03 3.346652537584304810e-02 2.566081471741199493e-02 4.044642206281423569e-03 2.853455021977424622e-02 2.395238913595676422e-02 8.435869589447975159e-03 4.906602203845977783e-03 3.687975183129310608e-02 1.978040300309658051e-02 3.120876476168632507e-02 1.735447533428668976e-02 6.241134833544492722e-03 3.152251988649368286e-02 1.568882539868354797e-02 3.077538311481475830e-02 2.432007604511454701e-04 1.520894188433885574e-02 2.894703112542629242e-02 1.213959325104951859e-02 3.867848217487335205e-02 1.431807316839694977e-02 4.446487873792648315e-03 3.454298013821244240e-03 1.154760830104351044e-02 1.530599314719438553e-02 4.607178270816802979e-02 3.473205119371414185e-02 3.174697235226631165e-02 1.851328648626804352e-02 3.496962040662765503e-02 1.856839060783386230e-01 1.814801990985870361e-01 3.444352373480796814e-02 4.486268013715744019e-02 4.543616622686386108e-02 2.683584392070770264e-02 8.078908175230026245e-02 7.263806462287902832e-02 4.002823680639266968e-02 4.243425093591213226e-03 3.944859281182289124e-02 1.407348085194826126e-03 1.745594106614589691e-02 1.711808959953486919e-03 3.490664437413215637e-02 4.195719026029109955e-03 2.358267270028591156e-02 4.025162011384963989e-02 2.697238931432366371e-03 5.572448950260877609e-03 2.867954410612583160e-02 2.061359398066997528e-02 1.395129412412643433e-02 5.890097934752702713e-03 9.857825003564357758e-03 9.078103117644786835e-03 8.438964141532778740e-04 5.099296569824218750e-03 1.528524141758680344e-02 8.555629290640354156e-03 1.320874132215976715e-02 1.228542998433113098e-02 4.931523278355598450e-02 3.613797202706336975e-02 1.460794638842344284e-02 3.922356292605400085e-02
6.821811199188232422e-03 1.519212312996387482e-02 1.892067305743694305e-02 4.320066049695014954e-02 1.375798601657152176e-02 2.163155376911163330e-02 3.846898674964904785e-02 3.281125798821449280e-02 4.847107529640197754e-01 7.291354984045028687e-02 2.707631327211856842e-02 8.398681133985519409e-02 3.795440495014190674e-02 4.369246959686279297e-02 4.623231291770935059e-02 3.094042278826236725e-02 5.319565162062644958e-02 5.312277749180793762e-02 3.882844746112823486e-02 1.389990467578172684e-02 2.846986055374145508e-02 2.817057445645332336e-02 7.395971566438674927e-02 4.400748386979103088e-02 2.483573555946350098e-02 3.684534505009651184e-02 2.655102498829364777e-02 5.475754290819168091e-02 3.835910931229591370e-02 1.408522482961416245e-02 2.973281778395175934e-02 2.198167331516742706e-02 3.077950142323970795e-02 3.385540843009948730e-02 4.907786473631858826e-02 1.891750097274780273e-02 2.618180587887763977e-02 2.391428127884864807e-02 2.315307408571243286e-02 7.110424805432558060e-03 4.102887213230133057e-02 4.065034911036491394e-02 5.563045386224985123e-03 3.465789929032325745e-02 3.410636633634567261e-02 4.021034017205238342e-02 2.087403263431042433e-04 3.906781226396560669e-02 3.548013418912887573e-02 1.069672312587499619e-02 1.347769331187009811e-02 4.516539350152015686e-02 1.782866893336176872e-03 4.780947044491767883e-02 4.155918955802917480e-02 1.731362193822860718e-03 1.652962155640125275e-02 1.118070725351572037e-02 2.159366197884082794e-02 2.642349898815155029e-02 2.030104026198387146e-02 2.217091061174869537e-02 4.589724168181419373e-02 1.220157276839017868e-02 1.913106068968772888e-02 1.728633046150207520e-02 4.617069289088249207e-02 3.526036068797111511e-02 1.101331710815429688e-01 9.815319441258907318e-03 5.088177323341369629e-02 2.482016570866107941e-02 1.565916463732719421e-02 4.396056756377220154e-02 1.465595420449972153e-02 3.396810591220855713e-02 1.588961929082870483e-01 7.003019005060195923e-02 1.188001185655593872e-01 2.056486718356609344e-02 9.440892376005649567e-03 5.140451714396476746e-03 3.553124517202377319e-02 2.275401353836059570e-02 2.739536808803677559e-03 2.161950618028640747e-02 4.847446084022521973e-02 1.930909231305122375e-02 1.505952700972557068e-02 4.289749637246131897e-02 9.932152926921844482e-03 3.729628771543502808e-02 2.539195306599140167e-02 3.836462274193763733e-02 3.189498092979192734e-03 1.152962446212768555e-03 8.809670805931091309e-03 7.927410304546356201e-02 2.057301998138427734e-02 5.514144897460937500e-03 3.562935814261436462e-02 2.113329805433750153e-02 5.784212611615657806e-03 6.317561957985162735e-03 4.556537047028541565e-02 3.098079003393650055e-02 6.512184161692857742e-03 1.128853671252727509e-02 3.552993014454841614e-02 4.262587055563926697e-02 2.147930860519409180e-02 3.894137591123580933e-02 5.727478768676519394e-03 2.317203953862190247e-02 1.988702081143856049e-02 1.152111124247312546e-02
2.455478347837924957e-02 3.035977948457002640e-03 1.748798042535781860e-02 1.010558847337961197e-02 3.982872143387794495e-02 3.261948004364967346e-02 4.742873460054397583e-02 3.588821738958358765e-02 7.291354984045028687e-02 4.968562722206115723e-01 9.451556019484996796e-03 3.067828901112079620e-02 6.644793786108493805e-03 2.906050533056259155e-03 5.796653032302856445e-02 9.078543633222579956e-03 2.010735683143138885e-02 3.995830193161964417e-02 9.498107433319091797e-02 1.589575968682765961e-02 1.050828397274017334e-02 4.066157713532447815e-02 8.872847072780132294e-03 4.195326194167137146e-02 1.354483189061284065e-03 1.995577663183212280e-02 7.541418075561523438e-03 2.268354780972003937e-02 8.955653756856918335e-03 1.850754022598266602e-02 3.735156729817390442e-02 2.592244930565357208e-02 9.455735795199871063e-03 9.995573200285434723e-03 4.680164903402328491e-02 3.526412695646286011e-02 3.473501279950141907e-02 9.556411532685160637e-04 5.653814598917961121e-02 1.018792018294334412e-02 1.934769563376903534e-02 4.373747855424880981e-02 2.169074118137359619e-02 3.264404460787773132e-02 4.612783715128898621e-02 1.577651686966419220e-02 3.730256110429763794e-02 1.138295140117406845e-02 7.272968650795519352e-05 6.639561057090759277e-02 1.657345332205295563e-02 1.050564553588628769e-02 5.117832869291305542e-02 2.163403294980525970e-02 3.657379886135458946e-03 6.964726001024246216e-02 5.272069945931434631e-02 4.580565728247165680e-03 4.017384722828865051e-02 4.638178646564483643e-02 3.512093052268028259e-02 4.497483000159263611e-02 3.153498470783233643e-02 2.085491549223661423e-03 2.041215449571609497e-02 2.490722015500068665e-02 3.122472576797008514e-02 9.080952033400535583e-03 1.689114421606063843e-02 6.107918173074722290e-02 5.172634124755859375e-02 2.040488831698894501e-02 5.232565477490425110e-02 7.383503764867782593e-02 1.861766353249549866e-02 2.518387697637081146e-02 2.740587480366230011e-02 1.427765637636184692e-01 3.451689612120389938e-03 1.321485936641693115e-01 1.024655438959598541e-02 2.566749230027198792e-02 5.973345413804054260e-02 7.945422828197479248e-02 1.245077233761548996e-02 3.669566288590431213e-02 2.310344763100147247e-02 2.424054406583309174e-02 3.666025772690773010e-02 8.625673502683639526e-02 6.897088605910539627e-03 8.533109212294220924e-04 4.004071652889251709e-02 3.921161219477653503e-02 2.183755300939083099e-02 4.177408292889595032e-02 1.416655257344245911e-02 1.721068844199180603e-02 5.596530809998512268e-02 1.633930578827857971e-02 2.985364384949207306e-02 4.321704432368278503e-02 1.636390388011932373e-02 2.661486715078353882e-02 2.551432885229587555e-02 1.839576871134340763e-03 3.965911269187927246e-02 3.757632523775100708e-02 3.329346887767314911e-03 2.475792728364467621e-02 5.746691953390836716e-03 5.431681871414184570e-02 3.987322002649307251e-02 1.581831648945808411e-02 5.911925807595252991e-03 3.968038409948348999e-02
1.232345700263977051e-01 1.076842099428176880e-01 4.234755039215087891e-02 1.740325987339019775e-02 4.500956460833549500e-02 9.277717024087905884e-02 6.767202913761138916e-02 1.000274717807769775e-02 2.707631327211856842e-02 9.451556019484996796e-03 5.173295140266418457e-01 1.035738084465265274e-02 1.069150641560554504e-01 3.951056860387325287e-03 2.621174044907093048e-02 9.454933926463127136e-03 3.352426365017890930e-02 9.566734544932842255e-03 2.581951441243290901e-03 1.203649956732988358e-02 3.244015388190746307e-03 4.907084628939628601e-02 2.256547566503286362e-03 1.903295703232288361e-02 3.027629099960904568e-05 1.315513625741004944e-02 8.777287439443171024e-04 4.899648949503898621e-02 3.520475700497627258e-02 3.133241087198257446e-02 5.418297648429870605e-02 2.626086771488189697e-02 9.470121003687381744e-03 7.166650146245956421e-03 9.092329069972038269e-03 3.864279016852378845e-02 4.849852994084358215e-02 3.473647683858871460e-02 2.177741192281246185e-02 1.515015773475170135e-02 4.491452500224113464e-02 9.586154483258724213e-03 4.595544561743736267e-02 2.878917381167411804e-02 9.475881233811378479e-03 4.859328642487525940e-02 7.841008901596069336e-02 4.037581011652946472e-02 2.526517584919929504e-02 1.621126011013984680e-02 3.396008163690567017e-02 3.325755894184112549e-02 1.231966962222941220e-05 1.693325303494930267e-02 1.292426697909832001e-02 1.862892508506774902e-02 2.354476787149906158e-02 2.243109419941902161e-02 1.275399420410394669e-02 1.837988616898655891e-03 3.576201200485229492e-02 1.227614656090736389e-02 2.475833054631948471e-03 1.084228977560997009e-02 2.669272385537624359e-02 2.372895553708076477e-02 2.110593207180500031e-02 3.797106328420341015e-04 3.149659931659698486e-02 5.138348415493965149e-02 3.072629123926162720e-02 1.172257307916879654e-02 3.103904798626899719e-02 5.024643149226903915e-03 4.202124476432800293e-02 2.025804109871387482e-02 3.027402982115745544e-02 1.579426601529121399e-02 1.258929632604122162e-02 1.955565623939037323e-02 4.137040674686431885e-02 3.097100369632244110e-02 1.731101237237453461e-02 1.620566658675670624e-02 1.762223429977893829e-02 2.282321080565452576e-02 3.496092511340975761e-03 2.765169553458690643e-02 4.762831702828407288e-02 2.124616503715515137e-02 3.842100501060485840e-02 2.341091074049472809e-02 5.358323454856872559e-02 1.154214423149824142e-02 4.631180688738822937e-02 6.054269615560770035e-03 8.589995093643665314e-03 4.477824270725250244e-02 4.648330807685852051e-02 3.702930733561515808e-02 9.438590146601200104e-03 8.768205298110842705e-04 3.096108697354793549e-02 2.761712484061717987e-02 8.453036658465862274e-03 5.742384493350982666e-02 8.627924253232777119e-04 5.339680984616279602e-02 1.864068210124969482e-02 5.216463655233383179e-02 3.390724584460258484e-02 4.420426860451698303e-02 5.170856602489948273e-03 2.296246960759162903e-02 4.078935086727142334e-02 2.233484387397766113e-02
3.573716059327125549e-02 2.533482760190963745e-02 2.621040865778923035e-02 1.480328198522329330e-02 1.340054534375667572e-02 5.758477002382278442e-02 1.196624618023633957e-02 2.376969344913959503e-02 8.398681133985519409e-02 3.067828901112079620e-02 1.035738084465265274e-02 4.981917738914489746e-01 3.460144158452749252e-03 1.954464763402938843e-01 3.185342997312545776e-02 2.395920641720294952e-02 1.614085957407951355e-02 8.111556991934776306e-03 2.430215943604707718e-03 1.697710528969764709e-02 3.550314158201217651e-02 4.085644707083702087e-02 1.164540275931358337e-01 6.743536889553070068e-02 2.266723848879337311e-02 3.561734780669212341e-02 2.102225087583065033e-02 7.883840799331665039e-02 5.593951791524887085e-02 9.330505132675170898e-02 2.090330235660076141e-02 4.810173064470291138e-02 3.881395608186721802e-02 6.074487790465354919e-02 2.189544774591922760e-02 2.173470100387930870e-03 2.242067363113164902e-03 4.510610178112983704e-02 1.225656084716320038e-02 2.718799188733100891e-02 2.274729683995246887e-02 3.676918521523475647e-02 1.552290003746747971e-02 1.965218596160411835e-02 1.430422533303499222e-02 1.215976476669311523e-02 1.067784335464239120e-02 3.078602440655231476e-02 2.463026531040668488e-02 4.151343926787376404e-02 3.073214553296566010e-02 3.902824968099594116e-02 1.214052084833383560e-03 4.906714707612991333e-02 2.032013237476348877e-02 1.786697469651699066e-02 3.905253484845161438e-02 1.558630168437957764e-02 3.012978099286556244e-02 3.262336179614067078e-02 3.286792710423469543e-02 3.298982977867126465e-02 2.282653935253620148e-02 4.318766295909881592e-02 7.408440113067626953e-03 2.917582727968692780e-02 3.393014892935752869e-02 3.686418756842613220e-02 3.692347183823585510e-02 1.251750439405441284e-02 2.181034907698631287e-02 4.527882114052772522e-02 2.197469584643840790e-02 1.002925797365605831e-03 1.375058293342590332e-02 2.612641826272010803e-02 7.741097360849380493e-02 9.788812138140201569e-03 1.740607433021068573e-02 5.443917214870452881e-02 4.687917232513427734e-02 1.583446934819221497e-02 6.454991176724433899e-03 3.151693567633628845e-02 1.736065372824668884e-02 1.521302666515111923e-02 3.677666932344436646e-02 1.082551293075084686e-02 7.443270087242126465e-02 2.200985141098499298e-02 3.914561122655868530e-02 2.187564969062805176e-02 3.186907991766929626e-02 5.447413772344589233e-02 1.618872955441474915e-02 3.204677253961563110e-02 5.491825286298990250e-03 1.068169157952070236e-02 3.033132106065750122e-02 4.242039099335670471e-02 1.086236350238323212e-02 9.806446731090545654e-03 2.567627280950546265e-02 2.213088981807231903e-02 1.422269828617572784e-02 4.328169301152229309e-02 1.166435424238443375e-02 3.516105562448501587e-02 3.102094121277332306e-02 3.931465372443199158e-02 4.953163443133234978e-05 6.206539459526538849e-03 2.183810994029045105e-02 6.784242577850818634e-03 1.973463967442512512e-02 2.565257996320724487e-02
1.184253469109535217e-01 1.145249009132385254e-01 2.499318122863769531e-02 3.991854377090930939e-03 1.116746384650468826e-02 1.059709638357162476e-01 7.986353337764739990e-02 8.869550074450671673e-04 3.795440495014190674e-02 6.644793786108493805e-03 1.069150641560554504e-01 3.460144158452749252e-03 5.156157612800598145e-01 9.961064904928207397e-03 3.320203721523284912e-02 2.456916030496358871e-03 2.477059513330459595e-02 8.437057025730609894e-03 1.211680006235837936e-02 8.797294460237026215e-03 1.552832778543233871e-02 5.772026628255844116e-02 1.446815556846559048e-03 9.414404630661010742e-03 2.310603111982345581e-02 1.734433509409427643e-02 7.423537317663431168e-03 3.249784559011459351e-02 5.553871020674705505e-02 1.088664401322603226e-02 2.106646075844764709e-02 1.580133475363254547e-02 3.627020865678787231e-02 6.988490000367164612e-03 1.184878498315811157e-02 2.381001040339469910e-02 2.934039942920207977e-02 7.451197598129510880e-03 1.554107572883367538e-02 3.155602142214775085e-02 3.024265542626380920e-02 1.627195067703723907e-02 2.566524222493171692e-02 2.511974796652793884e-02 1.974603906273841858e-02 3.801790624856948853e-02 8.305981010198593140e-02 3.048090450465679169e-02 4.915437311865389347e-04 2.729436010122299194e-02 2.988329902291297913e-02 2.570769377052783966e-02 6.950341630727052689e-04 2.578045055270195007e-02 3.552307561039924622e-02 3.061695583164691925e-02 4.749099165201187134e-02 2.329171821475028992e-02 8.797221817076206207e-03 7.983746938407421112e-03 4.873300343751907349e-02 9.226782247424125671e-03 1.070819701999425888e-02 1.960989274084568024e-02 1.177868805825710297e-02 2.736667729914188385e-02 1.640691049396991730e-02 1.256611780263483524e-03 1.315476465970277786e-02 1.458324678242206573e-02 1.430012658238410950e-02 2.277751639485359192e-02 4.660372436046600342e-02 6.649272050708532333e-03 3.993878513574600220e-02 1.932430453598499298e-02 3.209872171282768250e-02 2.056381665170192719e-02 2.820235677063465118e-02 1.195624656975269318e-02 3.892019391059875488e-02 3.228039294481277466e-02 3.669802099466323853e-02 1.064825337380170822e-02 5.813732277601957321e-03 3.910582512617111206e-03 7.753509562462568283e-03 4.055423289537429810e-02 4.502101615071296692e-02 1.425794418901205063e-02 3.336941450834274292e-02 8.881212212145328522e-03 4.995680227875709534e-02 7.544241845607757568e-03 4.745588079094886780e-02 5.679336376488208771e-03 1.101286616176366806e-02 2.699191495776176453e-02 4.180679097771644592e-02 4.561784490942955017e-02 1.865308731794357300e-03 8.771093562245368958e-03 4.905997589230537415e-02 4.034506529569625854e-02 1.369629637338221073e-03 5.803331360220909119e-02 1.029234286397695541e-02 4.862202703952789307e-02 2.755258046090602875e-02 4.436302930116653442e-02 3.901888802647590637e-02 4.236777871847152710e-02 1.157714053988456726e-02 2.431482821702957153e-02 4.311443120241165161e-02 2.201916882768273354e-03
