4.495223164558410645e-01 4.212465509772300720e-02 1.246289443224668503e-02 5.211735889315605164e-02 3.857507370412349701e-03 1.088770925998687744e-01 2.825627569109201431e-03 4.716056585311889648e-02 6.629422307014465332e-02 6.860821507871150970e-03 4.888633638620376587e-02 3.794003650546073914e-02 3.238839283585548401e-02 1.616795174777507782e-02 1.990665681660175323e-02 2.742993272840976715e-02 2.490942925214767456e-02 2.512243762612342834e-02 1.512294355779886246e-02 2.602597326040267944e-02 2.119161561131477356e-02 4.033028706908226013e-02 8.655560202896595001e-03 1.792588643729686737e-02 4.061579704284667969e-02 2.856962941586971283e-02 4.145885258913040161e-02 3.166604042053222656e-02 3.720847517251968384e-02 1.984483795240521431e-03 2.463781647384166718e-02 2.881951816380023956e-02 5.598970502614974976e-02 2.430580556392669678e-02 3.200844675302505493e-02 4.933492466807365417e-02 4.857571423053741455e-02 7.622625678777694702e-03 3.189321979880332947e-02 4.801334813237190247e-02 3.112121298909187317e-02 4.517026990652084351e-02 1.419384405016899109e-02 5.144347250461578369e-02 1.227713096886873245e-02 2.600212395191192627e-02 3.017574362456798553e-02 6.277751643210649490e-03 4.782544821500778198e-02 1.265894901007413864e-02 3.944041207432746887e-02 1.426566671580076218e-02 3.008840233087539673e-02 1.307766325771808624e-02 4.945870488882064819e-02 4.386943764984607697e-03 1.615541055798530579e-02 3.780236840248107910e-02 4.468248039484024048e-02 3.890882804989814758e-02 4.299855977296829224e-02 2.898600697517395020e-02 2.721818163990974426e-02 4.323915392160415649e-02 2.352139540016651154e-02 2.547816745936870575e-02 4.879977181553840637e-02 3.737835586071014404e-02 8.541256189346313477e-03 1.138850022107362747e-02 4.231628961861133575e-03 9.290969930589199066e-03 7.925675250589847565e-03 2.924137935042381287e-02 4.927076026797294617e-02 2.894600108265876770e-02 4.663566127419471741e-02 5.850800126791000366e-02 5.637251585721969604e-02 4.458274319767951965e-02 1.957102119922637939e-02 1.731205359101295471e-02 3.346452489495277405e-02 2.119814511388540268e-03 3.432101756334304810e-02 2.363854832947254181e-02 2.395560406148433685e-02 2.767635881900787354e-02 6.911372300237417221e-03 3.600905463099479675e-02 2.371839806437492371e-02 2.289834991097450256e-02 1.599071174860000610e-02 1.162935327738523483e-02 2.413466200232505798e-02 4.514867812395095825e-02 2.128432318568229675e-02 5.417096614837646484e-02 1.427900511771440506e-02 4.700023680925369263e-02 6.304024159908294678e-02 1.213200017809867859e-02 9.163639508187770844e-03 1.873856410384178162e-02 1.333248149603605270e-02 4.310094937682151794e-02 3.529584780335426331e-02 1.689000055193901062e-03 1.916234940290451050e-02 7.355167530477046967e-03 2.931792102754116058e-02 2.061515487730503082e-02 3.724581003189086914e-02 4.898964241147041321e-02 3.344110772013664246e-02 5.355584621429443359e-02
4.212465509772300720e-02 4.364908933639526367e-01 3.063628263771533966e-02 2.923977188766002655e-02 4.309170320630073547e-02 1.167636550962924957e-02 8.036511391401290894e-02 3.911580517888069153e-02 1.650113426148891449e-02 9.864865802228450775e-03 4.132156446576118469e-02 4.438827559351921082e-02 7.731220126152038574e-02 1.087746024131774902e-02 1.333011779934167862e-02 7.282335776835680008e-03 5.258840322494506836e-02 3.504507616162300110e-02 6.153577566146850586e-02 2.132135815918445587e-02 1.670970767736434937e-02 3.000283613801002502e-02 1.950347237288951874e-02 8.695478551089763641e-03 9.125888347625732422e-03 4.908993374556303024e-03 1.022739615291357040e-02 4.032421484589576721e-02 2.807585522532463074e-02 3.432924672961235046e-02 1.055710599757730961e-03 2.776449359953403473e-02 3.405513614416122437e-02 4.133785888552665710e-02 4.898230545222759247e-03 1.178699079900979996e-02 2.221371605992317200e-02 2.830511517822742462e-02 2.700533717870712280e-02 2.595358528196811676e-03 4.255612939596176147e-02 4.586634039878845215e-02 3.548313677310943604e-02 2.027718722820281982e-02 2.143144793808460236e-02 1.797148212790489197e-02 5.094845220446586609e-02 2.762158401310443878e-02 4.977297503501176834e-03 2.121347002685070038e-02 3.296305239200592041e-02 1.152614038437604904e-02 3.435736522078514099e-02 6.050185114145278931e-02 2.464202791452407837e-02 9.593776427209377289e-03 5.316701158881187439e-02 5.608186125755310059e-02 4.597122780978679657e-03 2.756255865097045898e-02 3.895389661192893982e-02 1.035782322287559509e-02 6.268260627985000610e-02 2.010821364820003510e-02 8.506502956151962280e-03 1.227672304958105087e-02 2.957936190068721771e-02 1.926853135228157043e-02 2.117777615785598755e-02 1.523016951978206635e-02 3.422629833221435547e-02 3.436473011970520020e-02 2.407204546034336090e-02 6.117362529039382935e-03 2.827573753893375397e-02 6.095209717750549316e-02 5.172193795442581177e-02 1.829721406102180481e-02 4.626309499144554138e-02 5.183733999729156494e-02 4.952727258205413818e-02 1.179805956780910492e-02 6.077503785490989685e-02 2.480769529938697815e-02 4.405815526843070984e-02 4.421802982687950134e-02 3.563839942216873169e-02 1.353280805051326752e-02 3.560681268572807312e-02 2.635806053876876831e-02 5.110345408320426941e-02 7.023663260042667389e-03 3.622448304668068886e-03 2.061727270483970642e-02 4.543362185359001160e-02 5.046762153506278992e-02 1.268631033599376678e-02 4.114889353513717651e-02 4.942346736788749695e-02 4.527801275253295898e-02 2.632791362702846527e-02 4.917801171541213989e-02 6.456649862229824066e-04 4.305541887879371643e-02 1.971685513854026794e-02 5.896243825554847717e-02 7.632208522409200668e-03 2.283640392124652863e-02 1.952184736728668213e-02 1.165480818599462509e-02 2.427900955080986023e-02 1.114462222903966904e-02 4.944051802158355713e-02 3.636227548122406006e-02 4.315281286835670471e-02 1.278776209801435471e-03
1.246289443224668503e-02 3.063628263771533966e-02 4.141649603843688965e-01 1.595529913902282715e-02 4.314664378762245178e-02 3.378541767597198486e-02 2.043398097157478333e-02 3.015716932713985443e-02 3.298206999897956848e-02 3.686357289552688599e-02 9.242742322385311127e-03 2.559693157672882080e-02 6.318376399576663971e-03 2.584037557244300842e-02 9.336273185908794403e-03 1.204167958348989487e-02 7.625492755323648453e-03 3.839664533734321594e-02 5.252276360988616943e-02 3.267024178057909012e-03 1.517319679260253906e-02 8.279347792267799377e-03 4.718728363513946533e-02 1.943359710276126862e-02 1.581120863556861877e-02 2.906665019690990448e-02 8.206252008676528931e-02 1.194302830845117569e-02 5.532508715987205505e-03 3.564279153943061829e-02 3.095575049519538879e-02 2.124184509739279747e-03 2.192776463925838470e-02 1.508521102368831635e-02 2.842198312282562256e-02 3.307039663195610046e-02 1.355860009789466858e-02 4.168824106454849243e-02 3.932638093829154968e-02 4.665975272655487061e-02 8.895085193216800690e-03 7.173758465796709061e-03 3.966870903968811035e-02 4.913150146603584290e-02 2.746345102787017822e-02 1.823792792856693268e-02 2.470573037862777710e-02 4.639311507344245911e-02 3.862581215798854828e-03 1.100271102041006088e-02 3.820707788690924644e-03 1.151837408542633057e-02 2.893822267651557922e-02 2.218588814139366150e-02 4.470513761043548584e-02 1.138372812420129776e-02 5.045307916589081287e-04 1.161818485707044601e-02 1.616663858294487000e-02 1.099620759487152100e-02 3.344730660319328308e-02 3.779620677232742310e-02 2.320905216038227081e-02 3.697049617767333984e-02 1.366896834224462509e-02 5.041253566741943359e-02 1.440927106887102127e-02 7.404611259698867798e-02 4.596943035721778870e-02 1.573524810373783112e-02 1.144627574831247330e-02 2.795998007059097290e-02 3.250873833894729614e-02 1.724128611385822296e-02 1.806562580168247223e-02 2.719036117196083069e-02 3.307037800550460815e-02 3.161514922976493835e-02 4.509070515632629395e-02 1.692542433738708496e-02 9.795216470956802368e-02 9.542285115458071232e-04 3.387783840298652649e-02 2.424778789281845093e-02 8.878809399902820587e-03 1.036645285785198212e-02 1.803602650761604309e-02 3.190745040774345398e-02 5.137345287948846817e-03 1.622980460524559021e-02 2.323221415281295776e-02 2.711389586329460144e-02 4.158612713217735291e-02 1.428421027958393097e-02 1.976178772747516632e-02 3.425039723515510559e-02 4.839333891868591309e-02 2.055476047098636627e-02 6.053271144628524780e-02 3.185158222913742065e-02 2.658172452356666327e-04 1.692053861916065216e-02 6.715673021972179413e-03 1.215012278407812119e-02 8.020198903977870941e-03 4.619504138827323914e-02 4.124203324317932129e-02 4.893411695957183838e-02 4.878045618534088135e-02 4.102379083633422852e-02 2.814398147165775299e-02 3.498201817274093628e-02 2.646785229444503784e-02 5.438350606709718704e-03 1.451565325260162354e-02 1.569462381303310394e-02
5.211735889315605164e-02 2.923977188766002655e-02 1.595529913902282715e-02 4.410470128059387207e-01 8.476686477661132812e-02 5.583017319440841675e-02 1.280347257852554321e-02 7.196822669357061386e-03 8.273167163133621216e-02 3.354472666978836060e-02 4.066199436783790588e-02 4.123425111174583435e-02 6.971262395381927490e-03 1.272151619195938110e-02 3.063790732994675636e-03 7.466562837362289429e-02 5.295206978917121887e-02 1.702457293868064880e-02 3.728015348315238953e-02 4.583935067057609558e-02 3.542467951774597168e-03 3.776354342699050903e-02 3.236237913370132446e-02 1.275946386158466339e-02 1.910506188869476318e-02 9.983823634684085846e-03 2.380815334618091583e-02 1.116087101399898529e-02 3.368946909904479980e-02 4.958175122737884521e-03 3.361426666378974915e-02 1.349582616239786148e-02 9.058400057256221771e-03 2.233114838600158691e-02 2.379379794001579285e-02 6.726457923650741577e-02 4.671947285532951355e-02 7.237681187689304352e-03 3.756567835807800293e-03 3.787254914641380310e-02 2.102304808795452118e-02 4.877223074436187744e-02 3.833836317062377930e-02 2.533317916095256805e-02 5.400685593485832214e-02 7.957876659929752350e-03 2.088300697505474091e-02 4.295400530099868774e-02 8.820136077702045441e-03 4.461181163787841797e-02 4.572796821594238281e-02 1.985139027237892151e-02 4.713004827499389648e-02 4.872918501496315002e-02 3.459757566452026367e-02 1.146394666284322739e-02 5.137520655989646912e-02 2.229290083050727844e-02 2.356979995965957642e-02 5.146855860948562622e-02 1.744789630174636841e-02 6.258326023817062378e-02 3.370850905776023865e-02 5.309839919209480286e-02 2.703151106834411621e-02 4.880416765809059143e-02 7.476818282157182693e-03 3.918652236461639404e-02 2.986546233296394348e-02 2.506647817790508270e-02 2.941968850791454315e-02 6.168826483190059662e-03 1.361985653638839722e-01 3.545100614428520203e-02 8.418107777833938599e-02 2.224830910563468933e-02 1.584407873451709747e-02 6.021253392100334167e-02 2.626255340874195099e-02 1.864536665380001068e-02 1.996452920138835907e-02 6.442986428737640381e-03 1.661870256066322327e-02 4.417914897203445435e-02 1.081578899174928665e-02 4.750961810350418091e-02 4.795782268047332764e-02 4.184144549071788788e-03 1.977531798183917999e-02 2.551405876874923706e-02 4.116259515285491943e-02 4.537308588624000549e-02 4.726115148514509201e-03 3.626277297735214233e-02 3.081805631518363953e-02 3.881840407848358154e-02 3.425887972116470337e-02 1.576491445302963257e-02 2.484036982059478760e-02 1.481886487454175949e-02 8.532251231372356415e-04 2.149662934243679047e-03 7.461013644933700562e-02 1.306838076561689377e-02 9.773381752893328667e-04 3.326735645532608032e-02 2.885627187788486481e-02 5.729784257709980011e-03 1.476736273616552353e-02 3.262376785278320312e-02 2.533679828047752380e-02 1.435055583715438843e-02 1.726615242660045624e-02 2.692871540784835815e-02 1.453504431992769241e-02 1.448912080377340317e-02
3.857507370412349701e-03 4.309170320630073547e-02 4.314664378762245178e-02 8.476686477661132812e-02 4.356901943683624268e-01 5.980062298476696014e-03 5.023156479001045227e-02 8.771029300987720490e-03 1.135784201323986053e-02 2.200578805059194565e-03 1.524355262517929077e-02 5.641225352883338928e-02 5.128203704953193665e-02 9.545421227812767029e-03 2.919168025255203247e-02 2.960856258869171143e-02 2.142384089529514313e-02 9.187312796711921692e-03 1.166390441358089447e-02 1.518241688609123230e-02 3.538328781723976135e-02 3.730485215783119202e-02 5.613091960549354553e-02 4.290276765823364258e-02 4.278903361409902573e-03 7.138620130717754364e-03 1.911636069416999817e-02 4.366507753729820251e-02 2.678228542208671570e-03 1.611919328570365906e-02 3.989947959780693054e-02 1.501888968050479889e-02 3.874317184090614319e-02 3.935289755463600159e-02 3.139609098434448242e-02 5.181984230875968933e-02 2.351935580372810364e-02 2.917413786053657532e-02 6.598531454801559448e-02 1.182493474334478378e-02 6.659922073595225811e-04 2.941136620938777924e-02 1.664793491363525391e-02 1.896172389388084412e-02 6.571656093001365662e-03 4.053341969847679138e-02 2.618458680808544159e-02 6.054264027625322342e-03 2.730691246688365936e-02 3.150947391986846924e-02 9.023237042129039764e-03 4.932415112853050232e-02 2.218760177493095398e-02 1.042705122381448746e-02 1.565604098141193390e-02 4.167271545156836510e-04 3.540700674057006836e-02 2.383062057197093964e-02 3.919303417205810547e-02 3.049486130475997925e-02 3.975912462919950485e-03 1.068694051355123520e-03 1.977987401187419891e-02 6.881258636713027954e-02 9.551104158163070679e-03 4.844899475574493408e-02 3.989132121205329895e-02 5.643030162900686264e-03 2.188778668642044067e-02 5.493152141571044922e-02 4.094268381595611572e-02 4.226404428482055664e-02 9.054044261574745178e-03 2.716542221605777740e-02 6.799348443746566772e-02 2.287789061665534973e-02 7.185155991464853287e-03 1.991102658212184906e-02 1.469381153583526611e-02 2.691400051116943359e-02 2.899417094886302948e-02 4.864719882607460022e-02 3.378698974847793579e-02 4.409073293209075928e-02 4.422468598932027817e-03 2.729030884802341461e-02 6.965184584259986877e-03 3.505777567625045776e-02 2.239617332816123962e-02 2.838532812893390656e-02 8.285384625196456909e-03 4.961958527565002441e-02 7.370132021605968475e-03 6.875749211758375168e-03 3.042151033878326416e-02 3.613508865237236023e-02 3.952789586037397385e-03 2.161383442580699921e-02 2.412752434611320496e-02 4.804851487278938293e-03 1.741460873745381832e-03 2.261747047305107117e-02 4.615480825304985046e-02 2.892570383846759796e-02 2.403361955657601357e-03 5.634522810578346252e-02 7.545123994350433350e-02 3.821355476975440979e-02 1.328823622316122055e-02 6.035398109816014767e-05 2.625418826937675476e-02 4.279802367091178894e-02 1.983951590955257416e-02 4.056950658559799194e-02 3.957018628716468811e-02 1.255534682422876358e-02
1.088770925998687744e-01 1.167636550962924957e-02 3.378541767597198486e-02 5.583017319440841675e-02 5.980062298476696014e-03 4.429743289947509766e-01 7.133685052394866943e-02 2.870254591107368469e-02 3.130024299025535583e-02 3.488286584615707397e-02 2.049416862428188324e-02 5.177364498376846313e-02 4.456778056919574738e-03 9.353244677186012268e-03 2.593452110886573792e-03 3.517695516347885132e-02 3.139431774616241455e-02 5.989158153533935547e-02 3.619796410202980042e-02 4.228829219937324524e-02 8.775074779987335205e-02 1.817832235246896744e-03 2.886738441884517670e-02 2.463086508214473724e-02 1.070386730134487152e-02 2.975450269877910614e-02 2.572636492550373077e-02 1.307650655508041382e-02 2.872763760387897491e-02 3.726338967680931091e-02 2.197052165865898132e-02 4.350768774747848511e-02 1.746671833097934723e-02 3.177881473675370216e-03 5.297658964991569519e-02 2.860600687563419342e-02 1.769609935581684113e-02 1.220084633678197861e-02 4.033030197024345398e-02 3.685829415917396545e-02 3.346471861004829407e-02 3.756063058972358704e-02 1.320277713239192963e-02 4.574701562523841858e-02 6.976573262363672256e-03 2.609615772962570190e-02 6.673851609230041504e-02 1.556894741952419281e-02 4.918104037642478943e-03 3.763644397258758545e-02 2.106191962957382202e-02 4.608104377985000610e-02 1.601685769855976105e-02 2.248961478471755981e-02 4.796401038765907288e-02 3.642588108777999878e-02 2.876979857683181763e-02 4.186381399631500244e-02 1.146582514047622681e-02 4.530188161879777908e-03 1.135441195219755173e-02 3.138339146971702576e-02 4.175104945898056030e-02 3.968508541584014893e-02 5.233031138777732849e-02 1.181530486792325974e-02 3.223840519785881042e-02 2.653024904429912567e-02 4.788902401924133301e-02 9.068160317838191986e-03 2.104778215289115906e-02 2.406273409724235535e-02 1.864907331764698029e-02 4.606036003679037094e-03 3.467754647135734558e-02 2.663520164787769318e-02 2.395065128803253174e-02 2.753894776105880737e-02 4.728971794247627258e-02 9.143913048319518566e-04 2.009677141904830933e-02 2.102425321936607361e-02 2.860509045422077179e-02 4.554626718163490295e-02 4.173263162374496460e-02 3.149762284010648727e-03 4.360853135585784912e-02 2.018654486164450645e-03 4.862623754888772964e-03 2.781533263623714447e-02 4.637023806571960449e-02 4.235579073429107666e-02 2.134346775710582733e-02 4.783345386385917664e-02 3.277081623673439026e-02 1.115544699132442474e-02 5.141559615731239319e-02 4.734017699956893921e-02 8.956486359238624573e-03 5.559752508997917175e-02 3.111320734024047852e-02 5.734819546341896057e-02 1.093271188437938690e-02 2.159358933568000793e-02 4.720424115657806396e-02 1.744539663195610046e-02 2.476851828396320343e-02 1.888221316039562225e-02 4.512943327426910400e-02 8.512528613209724426e-03 5.023960769176483154e-02 2.175840362906455994e-02 2.479046955704689026e-02 1.888632029294967651e-02 3.482381626963615417e-02 6.438435055315494537e-03
2.825627569109201431e-03 8.036511391401290894e-02 2.043398097157478333e-02 1.280347257852554321e-02 5.023156479001045227e-02 7.133685052394866943e-02 4.489971697330474854e-01 7.871851325035095215e-02 4.087023437023162842e-02 5.807327851653099060e-02 5.619411170482635498e-02 3.177663683891296387e-02 5.379923060536384583e-02 3.244151547551155090e-02 5.215389654040336609e-03 3.840460255742073059e-02 1.241041440516710281e-02 6.485704798251390457e-03 7.365369237959384918e-03 2.803324535489082336e-02 3.438245877623558044e-02 1.880672201514244080e-02 8.663278073072433472e-03 3.885416314005851746e-03 1.506309118121862411e-02 6.511777639389038086e-02 2.603184618055820465e-02 7.221876177936792374e-03 4.455863032490015030e-03 7.365289330482482910e-02 4.917652159929275513e-02 3.382092714309692383e-02 1.732195145450532436e-03 2.619737200438976288e-02 6.587042938917875290e-03 1.046366617083549500e-02 4.835445433855056763e-04 3.003932349383831024e-02 4.849985998589545488e-04 1.335365790873765945e-02 3.153647109866142273e-02 2.202186547219753265e-02 1.184160076081752777e-02 4.648708179593086243e-02 3.404185175895690918e-02 4.509196057915687561e-02 1.385058421874418855e-04 3.712201118469238281e-02 6.238780333660542965e-04 3.575543686747550964e-02 8.942193351686000824e-03 2.766831405460834503e-02 3.163389861583709717e-02 1.010148227214813232e-02 1.562484260648488998e-02 5.674431473016738892e-02 5.672987177968025208e-02 1.300761196762323380e-02 2.985235676169395447e-02 3.380173444747924805e-02 3.613581508398056030e-02 2.036445587873458862e-02 1.982429623603820801e-02 4.114686325192451477e-02 7.214992772787809372e-03 2.078989520668983459e-02 6.167224794626235962e-02 2.508238144218921661e-02 1.559880934655666351e-02 5.580381490290164948e-03 2.734438749030232430e-04 1.373226847499608994e-02 3.780049830675125122e-02 3.352230123709887266e-04 4.706293717026710510e-02 3.409470990300178528e-02 7.072314620018005371e-02 4.625318199396133423e-02 2.563166432082653046e-02 2.306417562067508698e-02 4.972071200609207153e-02 4.083812236785888672e-03 1.069377455860376358e-02 6.911647040396928787e-03 2.701652608811855316e-02 4.450276121497154236e-02 1.064851600676774979e-02 1.346601173281669617e-02 7.203319575637578964e-03 5.345585942268371582e-02 5.511169880628585815e-02 2.018784545361995697e-02 3.138402244076132774e-03 8.029092103242874146e-03 1.873097755014896393e-02 3.415320068597793579e-02 1.064745485782623291e-01 4.968632757663726807e-02 4.848506301641464233e-03 2.491586608812212944e-03 1.381853711791336536e-03 5.339824780821800232e-02 7.847609929740428925e-03 7.709340192377567291e-03 3.003273159265518188e-02 2.357605844736099243e-02 3.976799547672271729e-02 3.748967498540878296e-02 3.237269818782806396e-02 1.879196614027023315e-02 3.763967752456665039e-02 1.636452414095401764e-02 3.319261595606803894e-02 3.137755021452903748e-02 2.104556374251842499e-02 1.213983725756406784e-02
4.716056585311889648e-02 3.911580517888069153e-02 3.015716932713985443e-02 7.196822669357061386e-03 8.771029300987720490e-03 2.870254591107368469e-02 7.871851325035095215e-02 4.403511285781860352e-01 6.274697929620742798e-02 3.426499292254447937e-02 1.002233382314443588e-02 3.677659854292869568e-02 1.492221560329198837e-02 3.230181164326495491e-06 8.243251591920852661e-02 1.916973292827606201e-02 4.344305023550987244e-02 3.897295519709587097e-02 2.534555830061435699e-02 1.790909282863140106e-02 3.606066107749938965e-02 2.505580708384513855e-02 2.284928411245346069e-02 1.444995962083339691e-02 8.862350136041641235e-03 2.717817947268486023e-02 5.105791613459587097e-02 4.012287408113479614e-02 8.726235479116439819e-03 4.367175046354532242e-03 8.943761698901653290e-03 1.682640239596366882e-02 2.582097798585891724e-02 2.938482165336608887e-02 5.523968860507011414e-02 2.590589970350265503e-02 3.956209868192672729e-03 2.958571538329124451e-02 1.335323881357908249e-02 2.631330117583274841e-02 4.927799478173255920e-02 2.990628406405448914e-02 2.533744834363460541e-02 3.337101638317108154e-02 1.449925708584487438e-03 4.889426380395889282e-02 1.747531071305274963e-02 4.294072091579437256e-02 2.790888585150241852e-02 4.639720916748046875e-02 1.328737661242485046e-02 5.244298651814460754e-02 2.733028121292591095e-02 4.155374132096767426e-03 3.629407286643981934e-02 3.764481097459793091e-02 4.428603127598762512e-02 4.320566728711128235e-02 1.464794017374515533e-02 2.484649978578090668e-02 2.636599913239479065e-02 3.950757160782814026e-02 4.393812641501426697e-02 3.729157522320747375e-02 1.679306663572788239e-02 1.528537832200527191e-02 3.795241564512252808e-02 4.197332262992858887e-02 3.808771073818206787e-02 5.691568367183208466e-03 4.252333194017410278e-02 5.782341212034225464e-02 4.401192441582679749e-02 1.873244903981685638e-02 4.693303722888231277e-03 2.705891057848930359e-02 9.201832860708236694e-02 2.415916882455348969e-02 1.245216559618711472e-02 5.411685444414615631e-03 9.510523080825805664e-02 1.022025570273399353e-01 1.363050937652587891e-02 2.232332527637481689e-02 3.001564741134643555e-02 7.369815371930599213e-03 6.556929647922515869e-02 5.894637107849121094e-02 4.286812618374824524e-03 4.626926407217979431e-02 3.602252807468175888e-03 1.092520542442798615e-02 4.255080595612525940e-03 1.481398567557334900e-02 3.807402029633522034e-02 1.401518099009990692e-02 4.822511970996856689e-02 4.121463280171155930e-03 3.823475167155265808e-02 2.570110745728015900e-02 4.664867371320724487e-02 3.718175739049911499e-02 3.640257753431797028e-03 9.479358792304992676e-03 5.117218196392059326e-02 2.519289590418338776e-02 1.228230167180299759e-02 1.179787237197160721e-02 5.980343557894229889e-03 9.995545260608196259e-03 2.578340470790863037e-02 1.413154974579811096e-02 2.277552848681807518e-03 1.830247044563293457e-02 1.801737817004323006e-03 1.925827376544475555e-02
6.629422307014465332e-02 1.650113426148891449e-02 3.298206999897956848e-02 8.273167163133621216e-02 1.135784201323986053e-02 3.130024299025535583e-02 4.087023437023162842e-02 6.274697929620742798e-02 4.516684114933013916e-01 7.173455506563186646e-02 1.404755190014839172e-02 4.475251212716102600e-02 4.022700339555740356e-02 4.658505693078041077e-02 7.531080394983291626e-03 3.063154593110084534e-02 4.548085853457450867e-02 3.080933541059494019e-02 2.592333825305104256e-03 2.394602075219154358e-02 5.526329576969146729e-02 1.620908081531524658e-02 2.351225353777408600e-03 4.224314540624618530e-02 3.615094348788261414e-02 1.756549626588821411e-02 2.821878716349601746e-02 4.772958811372518539e-03 3.280220553278923035e-02 2.570176683366298676e-02 2.339158905670046806e-03 3.552698343992233276e-02 7.988891564309597015e-03 3.542137518525123596e-02 3.523220866918563843e-02 5.031559243798255920e-02 9.477780549786984921e-04 5.379853770136833191e-02 2.230851165950298309e-02 3.077197261154651642e-02 3.086822666227817535e-02 3.761521726846694946e-02 3.685957938432693481e-02 2.135084383189678192e-02 5.942235887050628662e-02 1.227750349789857864e-02 3.671127557754516602e-02 2.368182130157947540e-02 1.570163853466510773e-02 2.661563456058502197e-02 1.756871119141578674e-02 1.049764640629291534e-02 4.563458636403083801e-02 3.023861907422542572e-02 4.461918771266937256e-02 4.123175516724586487e-03 1.535774022340774536e-02 1.582805812358856201e-02 7.207921240478754044e-03 7.569868583232164383e-03 5.132456868886947632e-02 3.674791380763053894e-02 1.774655282497406006e-02 9.892568923532962799e-03 4.048124328255653381e-02 5.307742580771446228e-02 4.539809376001358032e-02 3.484882414340972900e-02 5.467300117015838623e-02 4.247358068823814392e-02 3.839626908302307129e-02 3.393601998686790466e-02 2.771895006299018860e-02 3.108300082385540009e-02 1.574234291911125183e-02 1.351364771835505962e-03 7.800117135047912598e-02 8.561553433537483215e-03 8.243402093648910522e-02 1.912931911647319794e-02 7.910944521427154541e-03 2.755805151537060738e-03 2.052116766571998596e-02 2.380226179957389832e-02 4.205811768770217896e-02 3.410170227289199829e-02 3.266751766204833984e-02 2.391806617379188538e-02 2.299998700618743896e-02 7.506620604544878006e-03 3.645465523004531860e-02 5.039304960519075394e-03 2.884562127292156219e-03 2.781100943684577942e-02 1.383456122130155563e-02 1.529593672603368759e-02 4.917566478252410889e-02 8.024973422288894653e-02 4.497759416699409485e-02 1.323891524225473404e-02 4.019711911678314209e-02 3.253100067377090454e-02 4.081746563315391541e-02 5.600305646657943726e-02 4.238693416118621826e-02 1.301566138863563538e-02 3.138717263936996460e-02 5.578583106398582458e-02 5.332124605774879456e-02 4.116639494895935059e-02 5.256702424958348274e-04 2.555926144123077393e-02 2.582883648574352264e-02 4.235262796282768250e-02 5.521713942289352417e-02 4.936422035098075867e-02
6.860821507871150970e-03 9.864865802228450775e-03 3.686357289552688599e-02 3.354472666978836060e-02 2.200578805059194565e-03 3.488286584615707397e-02 5.807327851653099060e-02 3.426499292254447937e-02 7.173455506563186646e-02 4.436652362346649170e-01 3.119964338839054108e-02 6.407863111235201359e-04 5.685632303357124329e-02 9.390055201947689056e-03 3.464795276522636414e-02 2.996680885553359985e-02 3.392401849851012230e-03 3.884147480130195618e-02 4.370297119021415710e-02 1.565033569931983948e-02 2.547618560492992401e-02 3.483244031667709351e-02 5.458158254623413086e-02 2.351727336645126343e-02 2.792286686599254608e-02 3.366984426975250244e-02 2.877804450690746307e-03 5.162418819963932037e-03 2.647553011775016785e-02 1.939775981009006500e-02 1.801741309463977814e-02 3.235783427953720093e-02 3.099942114204168320e-03 3.888711333274841309e-02 1.558469794690608978e-02 7.205884903669357300e-03 3.082937560975551605e-02 4.339907318353652954e-02 5.354272201657295227e-03 4.029186069965362549e-02 1.241461187601089478e-02 2.932518348097801208e-02 8.923362940549850464e-03 8.323453366756439209e-03 3.705266490578651428e-02 1.840459927916526794e-02 3.194816038012504578e-02 7.156923878937959671e-03 4.224479943513870239e-02 2.726351097226142883e-02 2.701584249734878540e-03 2.159093506634235382e-02 2.709261141717433929e-02 5.313145369291305542e-02 3.038798645138740540e-02 6.151657551527023315e-03 1.110276114195585251e-02 1.211341377347707748e-02 2.761416323482990265e-02 1.464396994560956955e-02 2.101790718734264374e-02 5.086741968989372253e-02 3.319539502263069153e-02 2.226581797003746033e-02 3.821874037384986877e-02 5.335760861635208130e-02 3.102976828813552856e-02 6.760006304830312729e-03 3.741067275404930115e-02 4.624976962804794312e-02 3.959137573838233948e-02 4.114858061075210571e-02 5.356995854526758194e-03 9.190265089273452759e-03 3.191021084785461426e-02 2.118893340229988098e-02 9.221574291586875916e-03 1.083358377218246460e-01 4.647880047559738159e-02 5.566599592566490173e-02 6.394425872713327408e-03 2.717734687030315399e-02 3.555024787783622742e-02 9.165994124487042427e-04 1.919853501021862030e-02 1.553626824170351028e-02 4.330349620431661606e-04 6.439013872295618057e-03 1.421399600803852081e-02 1.517672836780548096e-02 3.824059292674064636e-02 6.031719595193862915e-02 4.320477135479450226e-03 1.797920651733875275e-02 3.215860202908515930e-02 2.659907378256320953e-02 4.091569408774375916e-02 3.707999736070632935e-02 5.458747595548629761e-02 1.576143130660057068e-02 4.765404737554490566e-04 5.726914387196302414e-03 1.035727560520172119e-02 7.785717025399208069e-03 5.508799478411674500e-02 2.373716048896312714e-02 2.318585105240345001e-02 4.087072238326072693e-02 2.484322059899568558e-03 5.489207431674003601e-02 5.159065127372741699e-02 9.007921442389488220e-03 8.728762157261371613e-03 5.092620477080345154e-02 3.907750919461250305e-02 9.214257821440696716e-03
4.888633638620376587e-02 4.132156446576118469e-02 9.242742322385311127e-03 4.066199436783790588e-02 1.524355262517929077e-02 2.049416862428188324e-02 5.619411170482635498e-02 1.002233382314443588e-02 1.404755190014839172e-02 3.119964338839054108e-02 4.403901398181915283e-01 5.406000465154647827e-02 2.597465179860591888e-02 4.864306747913360596e-02 3.125663474202156067e-02 3.364269388839602470e-03 1.638948731124401093e-02 2.640092559158802032e-02 2.203509770333766937e-02 2.388807915849611163e-04 2.879782952368259430e-02 5.865599028766155243e-03 1.698075607419013977e-02 1.897655799984931946e-02 2.394673787057399750e-02 4.997680708765983582e-02 4.548109322786331177e-02 1.003573182970285416e-02 1.959974691271781921e-02 1.987166143953800201e-02 1.517742965370416641e-02 3.924940153956413269e-02 1.436717342585325241e-02 4.179142042994499207e-02 2.962200529873371124e-02 3.711714223027229309e-02 4.955422133207321167e-03 1.771065965294837952e-02 2.203363552689552307e-02 2.984169125556945801e-02 4.199593886733055115e-02 4.357468336820602417e-03 1.168826827779412270e-03 1.034189714118838310e-03 1.413729158230125904e-03 1.558132749050855637e-02 5.730337277054786682e-02 2.034179680049419403e-02 2.584208361804485321e-02 2.931435778737068176e-02 6.911765318363904953e-03 2.369705587625503540e-02 3.576037287712097168e-02 2.123125304933637381e-04 4.224363714456558228e-02 5.022968724370002747e-02 2.707733213901519775e-02 6.733905058354139328e-03 3.025297448039054871e-02 1.232684124261140823e-02 3.800535574555397034e-02 2.171118557453155518e-02 9.820662438869476318e-03 5.260088481009006500e-03 1.906622014939785004e-02 1.774731650948524475e-02 4.711896181106567383e-02 1.084974850527942181e-03 3.139215335249900818e-02 2.251537889242172241e-02 3.283974714577198029e-03 2.064469456672668457e-02 1.880027540028095245e-02 8.168905973434448242e-03 2.710353583097457886e-03 4.394572228193283081e-02 8.866585791110992432e-03 3.647643700242042542e-02 2.404740266501903534e-02 1.713591255247592926e-02 1.522991620004177094e-02 3.579366579651832581e-02 1.249545067548751831e-02 2.048964612185955048e-02 3.281908808276057243e-03 3.804050385951995850e-02 5.390480533242225647e-02 5.454993620514869690e-02 2.531778626143932343e-02 4.629266913980245590e-03 5.386167019605636597e-02 9.184091538190841675e-02 6.095633842051029205e-03 6.453361362218856812e-03 3.858963027596473694e-02 5.856746435165405273e-02 3.676248714327812195e-02 2.198998257517814636e-02 3.205242380499839783e-02 3.726832568645477295e-02 8.028592914342880249e-03 3.108312934637069702e-02 2.698047831654548645e-02 7.781053334474563599e-02 5.689368699677288532e-04 1.129087712615728378e-02 2.438647858798503876e-02 4.762425273656845093e-02 4.618732258677482605e-02 4.972196742892265320e-02 3.062719712033867836e-03 2.247438207268714905e-02 2.380438335239887238e-02 2.831551432609558105e-02 3.883648291230201721e-02 4.346424341201782227e-02
3.794003650546073914e-02 4.438827559351921082e-02 2.559693157672882080e-02 4.123425111174583435e-02 5.641225352883338928e-02 5.177364498376846313e-02 3.177663683891296387e-02 3.677659854292869568e-02 4.475251212716102600e-02 6.407863111235201359e-04 5.406000465154647827e-02 4.451501369476318359e-01 2.327726967632770538e-02 1.134284883737564087e-01 1.216295827180147171e-02 3.629470244050025940e-02 2.191738970577716827e-02 3.555159550160169601e-03 1.955715194344520569e-02 5.197807401418685913e-02 5.039113387465476990e-02 2.688758634030818939e-02 2.221197262406349182e-02 6.259633600711822510e-02 5.550336558371782303e-03 1.216126885265111923e-02 2.364770695567131042e-02 1.190156713128089905e-01 2.521301992237567902e-02 8.716184645891189575e-02 1.172532327473163605e-02 1.652433536946773529e-02 2.011765912175178528e-02 2.403574064373970032e-02 3.950193524360656738e-02 5.441100336611270905e-03 4.168326780200004578e-02 2.295687794685363770e-02 3.641922026872634888e-02 5.349680781364440918e-02 4.085134714841842651e-02 1.123966276645660400e-02 8.361879736185073853e-03 1.151195839047431946e-01 1.363730244338512421e-02 1.645150408148765564e-02 4.065402224659919739e-02 3.024494089186191559e-02 7.073876913636922836e-03 2.089502662420272827e-02 2.266962081193923950e-02 3.402207419276237488e-02 2.603261731564998627e-02 3.261021897196769714e-02 1.827208139002323151e-02 9.970099665224552155e-03 2.018796280026435852e-02 7.780479267239570618e-03 8.359862491488456726e-03 2.978036552667617798e-02 3.421920537948608398e-02 3.791631013154983521e-02 9.652324020862579346e-03 3.079805895686149597e-02 3.609826043248176575e-02 1.004152093082666397e-02 4.687187820672988892e-02 3.837523609399795532e-02 3.755271434783935547e-02 5.212175194174051285e-03 1.138493604958057404e-02 2.554520778357982635e-02 6.134314462542533875e-03 2.322697779163718224e-03 5.675544589757919312e-02 5.709099397063255310e-02 5.010014399886131287e-02 3.640111163258552551e-02 5.852004140615463257e-02 3.894341737031936646e-02 5.450518056750297546e-02 4.193418845534324646e-02 1.276774611324071884e-02 4.076873511075973511e-02 2.533097937703132629e-02 3.876002505421638489e-02 3.438147902488708496e-02 1.705940812826156616e-02 8.239493519067764282e-02 3.941070288419723511e-02 5.857299081981182098e-03 3.295172005891799927e-02 5.080872029066085815e-02 1.169174257665872574e-02 4.582218825817108154e-02 1.661900430917739868e-02 4.905794933438301086e-02 2.926710247993469238e-02 2.037202008068561554e-02 8.646855712868273258e-04 1.507090777158737183e-02 8.993017487227916718e-03 2.222969569265842438e-02 4.383225366473197937e-02 2.367402240633964539e-02 4.433128051459789276e-03 1.241922099143266678e-02 5.955286696553230286e-02 9.934431873261928558e-03 4.891179036349058151e-03 5.434453487396240234e-03 6.939292885363101959e-03 1.300928462296724319e-02 9.015756659209728241e-03 9.086721576750278473e-03 3.818990662693977356e-02
3.238839283585548401e-02 7.731220126152038574e-02 6.318376399576663971e-03 6.971262395381927490e-03 5.128203704953193665e-02 4.456778056919574738e-03 5.379923060536384583e-02 1.492221560329198837e-02 4.022700339555740356e-02 5.685632303357124329e-02 2.597465179860591888e-02 2.327726967632770538e-02 4.478815197944641113e-01 1.990066096186637878e-02 2.838712371885776520e-02 7.945582183310762048e-05 1.076749619096517563e-02 4.283564910292625427e-02 5.418939888477325439e-02 4.064524546265602112e-02 5.169826094061136246e-03 3.730877488851547241e-02 4.918012302368879318e-03 5.520223057828843594e-04 5.630508437752723694e-02 9.258756414055824280e-03 9.788971394300460815e-03 9.728159755468368530e-03 1.047551166266202927e-02 2.579371444880962372e-02 1.010750830173492432e-01 4.531384631991386414e-02 3.504583239555358887e-02 4.576855897903442383e-02 1.033625192940235138e-02 3.732112795114517212e-02 1.012936979532241821e-02 3.598982468247413635e-02 4.445977881550788879e-02 4.226220771670341492e-02 4.108692333102226257e-02 2.213201299309730530e-02 5.691321566700935364e-02 2.006034739315509796e-02 3.605433180928230286e-02 2.544988878071308136e-03 1.081620715558528900e-02 1.736270077526569366e-02 5.328639969229698181e-02 6.442799698561429977e-03 2.147279307246208191e-02 5.361524969339370728e-02 4.527362034423276782e-05 4.972445219755172729e-02 3.400455787777900696e-02 2.911585196852684021e-02 4.592474922537803650e-02 4.090321063995361328e-02 1.730341278016567230e-02 1.876728795468807220e-02 1.026307325810194016e-02 3.412899747490882874e-02 3.699553385376930237e-02 2.121306397020816803e-02 1.184923574328422546e-02 7.756405323743820190e-02 1.563624828122556210e-04 3.500258177518844604e-02 2.668287046253681183e-02 4.032063484191894531e-02 3.170003741979598999e-02 7.661262643523514271e-04 3.752100467681884766e-02 4.377000778913497925e-02 4.843799024820327759e-02 1.870522857643663883e-03 2.559830620884895325e-02 5.417927354574203491e-02 3.195805102586746216e-02 2.652659080922603607e-02 2.994173765182495117e-02 2.423737198114395142e-02 1.405197381973266602e-02 3.038875572383403778e-02 1.885926350951194763e-02 4.969642683863639832e-02 3.096759691834449768e-02 4.474757239222526550e-02 4.443095996975898743e-03 8.199918083846569061e-03 4.578915238380432129e-02 4.023555666208267212e-02 7.055475562810897827e-02 3.264685720205307007e-02 5.260026082396507263e-02 3.199860826134681702e-02 5.009618774056434631e-02 3.611654415726661682e-02 1.750039402395486832e-03 1.657044142484664917e-02 9.989495389163494110e-03 2.593971602618694305e-02 2.458797767758369446e-02 3.248505294322967529e-02 4.813498817384243011e-03 3.017106279730796814e-02 3.214928880333900452e-02 1.469886774430051446e-04 4.588541761040687561e-02 3.718079999089241028e-02 1.999876461923122406e-02 2.179771475493907928e-02 4.884839523583650589e-03 1.886039227247238159e-02 2.802568674087524414e-02 1.198791805654764175e-02
