4.572370946407318115e-01 1.658779382705688477e-01 4.921076819300651550e-02 9.007778018712997437e-03 2.112669683992862701e-02 1.655746400356292725e-01 3.126954659819602966e-03 3.335798159241676331e-02 2.558510750532150269e-02 4.127621650695800781e-03 1.943083405494689941e-01 9.277040138840675354e-03 1.986300051212310791e-01 3.737593069672584534e-02 2.205221354961395264e-02 3.375291824340820312e-02 1.102420315146446228e-02 2.855547703802585602e-02 5.079753231257200241e-03 3.496956452727317810e-02 4.834983870387077332e-02 6.148751825094223022e-02 2.704278379678726196e-02 2.753365598618984222e-02 4.067881498485803604e-03 2.755459770560264587e-02 4.905661940574645996e-02 3.162464872002601624e-02 2.230366133153438568e-02 1.236682943999767303e-02 4.425919428467750549e-02 3.206805267836898565e-04 3.737916797399520874e-02 4.259379953145980835e-02 2.635266631841659546e-02 3.769361600279808044e-02 4.805473238229751587e-02 3.666692227125167847e-02 3.894812613725662231e-02 2.566442266106605530e-02 2.520012296736240387e-02 3.258299827575683594e-02 1.532142888754606247e-02 1.938111521303653717e-02 2.207474596798419952e-02 1.185868307948112488e-02 6.669515371322631836e-02 1.453083474189043045e-02 8.271531201899051666e-03 4.435709491372108459e-02 2.240696363151073456e-02 2.077460230793803930e-04 2.612895518541336060e-02 1.161484699696302414e-02 5.380310118198394775e-03 5.132740829139947891e-03 2.041184529662132263e-02 3.665881976485252380e-02 5.054610222578048706e-02 7.499320432543754578e-03 1.857262849807739258e-02 4.417309165000915527e-02 3.606465831398963928e-02 2.557555446401238441e-03 2.971963770687580109e-02 2.503379806876182556e-02 2.457853034138679504e-02 2.867339923977851868e-02 1.940976828336715698e-02 4.262525215744972229e-02 1.243771985173225403e-02 1.152795506641268730e-03 2.114762552082538605e-02 2.686536684632301331e-02 3.524918481707572937e-02 3.394550085067749023e-02 1.637731865048408508e-02 4.661371558904647827e-02 1.376738026738166809e-02 1.249117776751518250e-02 2.609904669225215912e-02 2.746886201202869415e-02 6.103368476033210754e-03 1.618929393589496613e-02 5.303117446601390839e-03 2.735510468482971191e-02 3.272685408592224121e-02 3.830356290563941002e-03 4.432816430926322937e-02 2.685616957023739815e-03 2.433639485388994217e-03 3.400538989808410406e-04 2.507882937788963318e-02 3.147270902991294861e-02 3.742637345567345619e-03 1.252564415335655212e-02 4.288153722882270813e-03 2.872397564351558685e-02 3.344578202813863754e-03 3.250539157306775451e-05 3.392306156456470490e-03 1.759620569646358490e-02 6.587238516658544540e-03 7.447857409715652466e-02 3.359166160225868225e-02 3.749977797269821167e-02 2.333199232816696167e-02 4.495401680469512939e-02 2.051273593679070473e-03 2.132937498390674591e-02 4.444187507033348083e-02 1.337119005620479584e-02 6.682271137833595276e-03 6.761030294001102448e-03 2.124567888677120209e-02 6.098767742514610291e-02
1.658779382705688477e-01 4.621143937110900879e-01 2.277063578367233276e-02 2.376027405261993408e-02 1.811967976391315460e-02 1.311455368995666504e-01 7.623250037431716919e-02 4.169416427612304688e-02 3.054840303957462311e-02 8.755473420023918152e-03 1.502796411514282227e-01 6.368864560499787331e-04 1.879999786615371704e-01 1.280999509617686272e-03 4.616263136267662048e-02 9.042117744684219360e-03 1.801830157637596130e-02 1.565855182707309723e-02 3.840569697786122561e-04 2.231312356889247894e-02 2.262579277157783508e-02 3.018223308026790619e-02 4.963379353284835815e-02 9.485761635005474091e-03 1.381502579897642136e-02 3.946325182914733887e-02 6.148158758878707886e-02 4.299926757812500000e-02 7.246133405715227127e-03 2.279040776193141937e-02 1.415306981652975082e-02 2.282920666038990021e-02 1.298544555902481079e-02 1.339771691709756851e-02 6.710649468004703522e-03 2.588569186627864838e-02 2.698154933750629425e-02 3.972737584263086319e-03 4.098971933126449585e-02 1.790376752614974976e-02 4.893214907497167587e-03 2.119488269090652466e-02 2.069523744285106659e-02 2.269724011421203613e-02 4.550539329648017883e-02 1.740261912345886230e-02 4.250871762633323669e-02 1.992253027856349945e-02 2.897094236686825752e-03 2.282674424350261688e-03 3.276573494076728821e-02 2.152147330343723297e-02 3.902181610465049744e-02 5.276634357869625092e-03 3.805793821811676025e-02 1.786401681602001190e-02 1.238826476037502289e-02 4.173359274864196777e-02 1.130964513868093491e-02 2.846318110823631287e-02 4.211695864796638489e-02 1.860657334327697754e-02 4.975831881165504456e-02 3.629134967923164368e-02 9.721372276544570923e-03 2.950747963041067123e-03 1.325933146290481091e-03 6.299262400716543198e-03 2.820059657096862793e-02 5.075670033693313599e-02 2.816701494157314301e-02 4.225194454193115234e-02 4.567521810531616211e-02 4.456964880228042603e-02 2.096019499003887177e-02 1.980959065258502960e-02 9.784091264009475708e-03 3.035193542018532753e-03 5.442387890070676804e-03 2.056491561233997345e-02 1.237150933593511581e-02 3.592612966895103455e-02 3.031074441969394684e-02 4.248541593551635742e-02 2.629686705768108368e-02 1.358662825077772141e-02 4.519020020961761475e-02 1.353054028004407883e-02 1.556148938834667206e-02 2.047252655029296875e-02 2.827554009854793549e-03 2.037919498980045319e-02 4.039083421230316162e-02 2.325084526091814041e-03 2.609155699610710144e-02 4.252306744456291199e-02 5.367345362901687622e-02 8.255206979811191559e-03 2.007339708507061005e-02 2.346803247928619385e-02 5.142259970307350159e-02 3.503619879484176636e-02 2.107976935803890228e-02 4.725757986307144165e-02 3.796681761741638184e-02 1.818025484681129456e-02 4.294902458786964417e-02 3.090322203934192657e-02 3.412814810872077942e-03 2.341142669320106506e-02 1.536472048610448837e-02 2.245784923434257507e-02 1.499972119927406311e-02 8.840582333505153656e-03 3.734767436981201172e-02 2.053913660347461700e-02
4.921076819300651550e-02 2.277063578367233276e-02 4.192372858524322510e-01 3.720738366246223450e-02 1.215640082955360413e-02 3.528648242354393005e-02 2.281933836638927460e-02 1.021272838115692139e-01 5.257682129740715027e-02 4.775033518671989441e-02 3.183188289403915405e-02 7.769447751343250275e-03 8.510890416800975800e-03 2.285993099212646484e-02 4.595163837075233459e-02 3.994007408618927002e-02 3.382512135431170464e-03 2.204544842243194580e-02 3.188430517911911011e-02 1.621630787849426270e-02 6.553598213940858841e-03 2.997842803597450256e-02 3.423895686864852905e-02 9.806877002120018005e-03 8.952446281909942627e-03 3.081295453011989594e-02 1.761614531278610229e-02 1.293932553380727768e-02 1.929058320820331573e-02 5.930636078119277954e-02 4.411775991320610046e-02 5.950094200670719147e-04 2.016362175345420837e-02 4.002032056450843811e-02 4.195803776383399963e-02 1.967797242105007172e-02 3.045683912932872772e-02 5.199881270527839661e-02 1.538132876157760620e-02 1.100752223283052444e-02 1.875296421349048615e-02 2.634391002357006073e-02 2.204720396548509598e-03 2.598667703568935394e-02 9.427937678992748260e-03 7.521885563619434834e-04 2.191263064742088318e-02 3.752622520551085472e-03 2.849905379116535187e-02 4.192768037319183350e-02 1.702932082116603851e-02 1.544907130300998688e-02 1.276225410401821136e-02 2.390185743570327759e-02 8.654308319091796875e-02 3.135235607624053955e-02 3.558907657861709595e-02 2.184625528752803802e-02 1.862406358122825623e-02 3.340050578117370605e-02 2.084284834563732147e-02 2.474010922014713287e-02 2.005346305668354034e-02 2.504150383174419403e-02 3.717900812625885010e-02 6.764741614460945129e-03 3.120622038841247559e-02 3.359691053628921509e-02 1.327542029321193695e-02 2.147560566663742065e-02 2.701438963413238525e-03 1.656126417219638824e-02 2.736077830195426941e-02 3.602536395192146301e-02 1.827926002442836761e-02 1.611263304948806763e-02 3.928477689623832703e-02 2.595131658017635345e-02 1.096369512379169464e-02 3.107830882072448730e-02 6.646516174077987671e-02 6.783255934715270996e-02 1.825025491416454315e-02 4.705921560525894165e-02 2.335588634014129639e-02 9.324000217020511627e-03 1.464418042451143265e-02 3.281959518790245056e-02 3.139771893620491028e-02 2.027273178100585938e-02 3.236642479896545410e-02 1.791486889123916626e-02 5.477978847920894623e-04 4.447349533438682556e-02 3.239328041672706604e-02 6.208874750882387161e-03 2.796917222440242767e-02 1.709378324449062347e-02 3.484101220965385437e-02 2.276878245174884796e-02 5.590083310380578041e-04 1.604775153100490570e-02 6.258367747068405151e-02 1.225471030920743942e-02 1.774279586970806122e-02 3.065620362758636475e-02 2.486213482916355133e-02 3.672527521848678589e-02 1.063913106918334961e-02 2.585162594914436340e-02 4.347391426563262939e-02 9.178107231855392456e-02 2.687327563762664795e-02 2.306600101292133331e-03 7.837100885808467865e-03 5.573527887463569641e-03
9.007778018712997437e-03 2.376027405261993408e-02 3.720738366246223450e-02 4.662639796733856201e-01 9.781630337238311768e-02 5.341815203428268433e-02 2.114435471594333649e-02 4.103118553757667542e-02 5.503735039383172989e-03 8.243385702371597290e-03 2.878539822995662689e-02 2.734725736081600189e-02 1.591045968234539032e-02 1.017247675918042660e-03 4.281680285930633545e-02 2.105548605322837830e-02 2.750376239418983459e-02 4.793960228562355042e-02 1.627398096024990082e-02 5.071108788251876831e-02 1.152631640434265137e-02 2.377622947096824646e-02 6.788424402475357056e-02 3.098614700138568878e-02 3.022597730159759521e-02 1.662164181470870972e-02 3.575557610020041466e-03 4.859358072280883789e-02 3.317214548587799072e-02 2.599406428635120392e-02 1.512478105723857880e-02 4.912567883729934692e-02 1.806730218231678009e-02 1.136822905391454697e-02 3.893253207206726074e-02 8.845322765409946442e-03 4.146828502416610718e-02 3.432734310626983643e-02 7.857985794544219971e-02 6.077507138252258301e-02 4.208784922957420349e-02 1.343456935137510300e-02 1.828059554100036621e-02 3.636553138494491577e-02 1.081329770386219025e-02 2.570402063429355621e-02 3.739559650421142578e-02 5.159447342157363892e-02 3.671985119581222534e-02 2.655966952443122864e-02 4.023822024464607239e-02 1.276220381259918213e-02 4.396027419716119766e-03 2.261848188936710358e-02 4.260851070284843445e-02 5.638284236192703247e-02 1.103634946048259735e-02 3.370929509401321411e-02 1.855293475091457367e-02 3.233145177364349365e-02 5.520151462405920029e-03 1.287431549280881882e-02 6.585663557052612305e-02 4.248924553394317627e-02 7.990342564880847931e-03 1.511110225692391396e-03 2.064485661685466766e-02 1.440576277673244476e-02 2.311998791992664337e-02 4.160585254430770874e-02 5.401669815182685852e-02 3.027727454900741577e-02 1.190746352076530457e-01 3.770451247692108154e-02 4.523188993334770203e-02 1.096607372164726257e-02 1.876153051853179932e-02 4.681516438722610474e-02 9.376814588904380798e-03 2.085330151021480560e-02 2.864184416830539703e-02 3.277724981307983398e-02 3.433823212981224060e-02 3.241699188947677612e-02 6.903029978275299072e-03 2.121763117611408234e-02 3.708230331540107727e-02 9.666982805356383324e-04 2.844091877341270447e-02 3.410569950938224792e-02 2.593058533966541290e-02 2.754005789756774902e-02 1.885253749787807465e-02 8.215915411710739136e-03 4.864998906850814819e-02 1.358309015631675720e-02 4.217268526554107666e-02 4.000695794820785522e-02 2.181016281247138977e-02 2.895140461623668671e-02 1.526135671883821487e-02 2.026880392804741859e-03 2.479976043105125427e-02 3.331362456083297729e-02 3.458898514509201050e-02 1.026783720590174198e-03 9.490309166721999645e-04 2.688699029386043549e-02 4.393053706735372543e-03 3.945110365748405457e-02 2.955582691356539726e-03 3.564116731286048889e-02 5.482161045074462891e-02 4.155395179986953735e-02 3.935205936431884766e-02 5.678928922861814499e-03
2.112669683992862701e-02 1.811967976391315460e-02 1.215640082955360413e-02 9.781630337238311768e-02 4.614401459693908691e-01 8.195076137781143188e-03 2.627986483275890350e-02 2.964397519826889038e-02 2.536776103079319000e-02 4.460796341300010681e-02 3.346927464008331299e-02 3.094856999814510345e-02 3.454818576574325562e-02 1.232143957167863846e-02 2.745546959340572357e-02 4.313612729310989380e-02 2.852458134293556213e-02 1.348169893026351929e-02 3.808350861072540283e-02 4.789178073406219482e-02 1.181491278111934662e-02 4.852404072880744934e-02 2.609060518443584442e-02 5.797609686851501465e-02 2.239272370934486389e-02 4.742936417460441589e-02 1.824375614523887634e-02 4.469576105475425720e-02 5.269470624625682831e-03 3.649405762553215027e-02 8.073624223470687866e-03 3.126292303204536438e-02 3.685117140412330627e-02 2.770312596112489700e-03 1.899838075041770935e-02 4.506275989115238190e-03 3.027030825614929199e-02 1.384560018777847290e-02 6.900267302989959717e-02 7.748344540596008301e-02 1.040792372077703476e-02 4.720487445592880249e-02 1.897541433572769165e-02 1.664105989038944244e-02 3.949197381734848022e-02 4.144746065139770508e-02 2.876843139529228210e-02 4.708138108253479004e-02 5.523036420345306396e-02 2.263002470135688782e-02 3.778983280062675476e-02 1.732560247182846069e-02 2.660327777266502380e-02 2.227922528982162476e-02 1.276896242052316666e-02 4.960119724273681641e-02 4.706081002950668335e-02 4.939291998744010925e-02 3.490320220589637756e-02 6.683028303086757660e-03 2.539188228547573090e-02 1.194535475224256516e-02 1.034101750701665878e-02 2.833601459860801697e-02 1.896997727453708649e-02 2.490747720003128052e-02 8.575430139899253845e-03 7.701053749769926071e-03 4.949546232819557190e-02 2.358625084161758423e-02 2.842556685209274292e-02 3.491666167974472046e-02 7.112380862236022949e-02 9.562807157635688782e-03 6.495570391416549683e-02 1.535828970372676849e-02 2.274878881871700287e-02 2.158776484429836273e-02 2.509659389033913612e-03 5.084704607725143433e-02 2.876619063317775726e-02 3.954736143350601196e-02 3.683381155133247375e-02 8.206330239772796631e-02 3.354357182979583740e-02 9.576272219419479370e-03 4.973885044455528259e-02 8.151120506227016449e-03 4.584895819425582886e-02 4.855815693736076355e-02 1.039143837988376617e-02 9.198944084346294403e-03 4.613835830241441727e-03 1.249288395047187805e-02 5.045117810368537903e-02 2.220271155238151550e-02 3.496292233467102051e-02 2.522267587482929230e-02 5.375112965703010559e-02 3.621084382757544518e-03 1.143655180931091309e-02 1.073233131319284439e-02 7.623428013175725937e-03 1.191221363842487335e-02 4.960715025663375854e-02 2.264398895204067230e-02 2.516060136258602142e-03 5.393552407622337341e-02 1.272658258676528931e-02 1.111894659698009491e-02 1.621555909514427185e-02 3.562628291547298431e-03 2.127170562744140625e-02 3.135168924927711487e-02 2.464122883975505829e-02 3.485608100891113281e-02
1.655746400356292725e-01 1.311455368995666504e-01 3.528648242354393005e-02 5.341815203428268433e-02 8.195076137781143188e-03 4.554301202297210693e-01 1.186391897499561310e-02 2.098677307367324829e-02 4.522326588630676270e-02 4.285831004381179810e-02 1.087511032819747925e-01 5.841592326760292053e-02 1.700963973999023438e-01 2.649822086095809937e-02 5.644658207893371582e-02 1.201600302010774612e-02 1.041391398757696152e-02 3.466968983411788940e-02 9.297186508774757385e-03 2.250392362475395203e-02 1.553720515221357346e-02 3.245826438069343567e-02 8.161372505128383636e-03 4.945468157529830933e-02 3.301159292459487915e-02 9.744609706103801727e-03 7.455060724169015884e-03 1.617779256775975227e-03 4.857648536562919617e-02 1.711501181125640869e-02 3.334841877222061157e-02 2.413197420537471771e-02 2.723187021911144257e-02 4.226717632263898849e-03 1.440520118921995163e-02 1.573847793042659760e-02 2.854685485363006592e-02 1.420164108276367188e-02 2.307717874646186829e-02 1.590787991881370544e-02 3.472933173179626465e-02 2.830917388200759888e-02 1.222740113735198975e-02 2.185521833598613739e-02 4.007968679070472717e-02 4.027447104454040527e-02 8.947389572858810425e-02 3.088198974728584290e-02 4.795229807496070862e-02 2.633430808782577515e-02 2.131683984771370888e-03 2.157268114387989044e-02 3.836606815457344055e-02 1.838751882314682007e-02 3.017914714291691780e-03 3.024776699021458626e-03 2.490106970071792603e-02 4.471682012081146240e-02 4.910053312778472900e-02 1.395989302545785904e-02 2.684188075363636017e-02 3.732727095484733582e-02 3.304972872138023376e-02 3.858986869454383850e-02 5.723008420318365097e-03 8.299632929265499115e-03 6.346165202558040619e-03 1.410895492881536484e-02 1.250642817467451096e-02 3.390938416123390198e-02 6.507145706564188004e-03 1.071081496775150299e-02 7.564408238977193832e-03 1.981540583074092865e-02 5.194033030420541763e-03 3.169379662722349167e-03 2.764192037284374237e-02 6.061979755759239197e-02 3.255296126008033752e-02 3.571947664022445679e-02 8.338196203112602234e-03 3.131241723895072937e-02 3.193989768624305725e-02 4.054506868124008179e-02 5.363240838050842285e-03 4.882511496543884277e-02 4.991374164819717407e-02 1.755972020328044891e-02 3.497489914298057556e-02 2.099181897938251495e-02 7.052623666822910309e-03 3.076365031301975250e-02 1.888665184378623962e-02 4.143763706088066101e-02 3.427993133664131165e-02 3.730033710598945618e-02 3.018075227737426758e-02 1.835785061120986938e-02 3.673272579908370972e-02 3.602006658911705017e-02 2.988441474735736847e-02 4.440317675471305847e-02 1.206066925078630447e-03 4.192948341369628906e-02 1.107700983993709087e-03 5.415539070963859558e-02 3.066992759704589844e-02 2.693254314363002777e-02 5.703566130250692368e-03 1.433782372623682022e-02 2.068841457366943359e-02 3.661960596218705177e-03 4.114306718111038208e-02 2.206281013786792755e-02 4.167347401380538940e-02 1.111913751810789108e-02
3.126954659819602966e-03 7.623250037431716919e-02 2.281933836638927460e-02 2.114435471594333649e-02 2.627986483275890350e-02 1.186391897499561310e-02 4.347335398197174072e-01 9.382088668644428253e-03 3.977258130908012390e-02 2.996361814439296722e-03 9.878712147474288940e-02 3.900024667382240295e-02 1.431231852620840073e-02 1.159096416085958481e-02 1.334742363542318344e-02 1.592286489903926849e-02 2.719533257186412811e-02 9.563633240759372711e-03 6.354591809213161469e-03 4.837190359830856323e-02 2.232517488300800323e-02 3.135446086525917053e-02 1.010525226593017578e-02 1.590439584106206894e-03 2.975010499358177185e-02 2.937566116452217102e-02 2.345621399581432343e-02 2.234247885644435883e-02 9.444424882531166077e-03 1.535414904356002808e-02 2.159962058067321777e-02 2.864462323486804962e-02 4.533284902572631836e-02 7.851313799619674683e-03 1.163090928457677364e-03 9.186866693198680878e-03 1.907509565353393555e-02 7.921731472015380859e-02 1.127554662525653839e-02 2.135955914855003357e-02 3.821083158254623413e-02 2.765124663710594177e-02 4.658472910523414612e-02 3.997658565640449524e-02 1.594343036413192749e-02 2.389831840991973877e-02 1.881755515933036804e-02 1.550968885421752930e-01 3.037181310355663300e-02 8.975801058113574982e-03 4.287777002900838852e-03 2.072799392044544220e-02 1.135663595050573349e-02 1.089401543140411377e-02 3.293420001864433289e-02 3.846050426363945007e-02 1.985129341483116150e-02 2.486797980964183807e-02 4.769761860370635986e-02 1.635168492794036865e-02 8.041345514357089996e-03 4.694084078073501587e-02 3.118586353957653046e-02 8.451482281088829041e-03 4.248605668544769287e-02 3.301694989204406738e-02 4.477021284401416779e-03 1.507314667105674744e-02 3.276654332876205444e-02 1.726696453988552094e-02 3.353906422853469849e-02 5.695580970495939255e-03 2.236205851659178734e-03 1.636907458305358887e-03 4.671815410256385803e-02 6.259278953075408936e-02 1.407930999994277954e-02 3.209763765335083008e-02 3.298930823802947998e-02 5.795029923319816589e-03 3.487265482544898987e-02 2.793742530047893524e-02 1.060018409043550491e-02 3.307737037539482117e-02 1.747481152415275574e-02 1.105973962694406509e-02 9.989670477807521820e-03 2.492485754191875458e-02 9.803582914173603058e-03 2.760251611471176147e-02 1.908363215625286102e-02 5.590149667114019394e-03 5.378441140055656433e-02 2.296629734337329865e-02 4.891971498727798462e-02 1.084824837744235992e-02 3.213269636034965515e-02 2.262417785823345184e-02 2.365168184041976929e-02 1.376214716583490372e-02 1.059795264154672623e-02 4.532167222350835800e-03 2.796240895986557007e-02 5.347405094653367996e-03 2.321914024651050568e-02 1.876253634691238403e-02 1.528198644518852234e-02 3.376228734850883484e-02 2.970485202968120575e-02 1.832844805903732777e-03 7.710222154855728149e-03 6.743349134922027588e-03 2.261990867555141449e-02 4.933636263012886047e-02 1.367311552166938782e-02 2.324384637176990509e-02
3.335798159241676331e-02 4.169416427612304688e-02 1.021272838115692139e-01 4.103118553757667542e-02 2.964397519826889038e-02 2.098677307367324829e-02 9.382088668644428253e-03 4.610107243061065674e-01 4.524210840463638306e-02 2.183389477431774139e-02 4.058007150888442993e-02 2.745778486132621765e-02 3.843332082033157349e-02 2.039025537669658661e-02 8.209152519702911377e-02 2.820422686636447906e-02 1.500602811574935913e-02 3.989874199032783508e-02 2.772608026862144470e-02 2.493553608655929565e-02 4.019136354327201843e-02 3.569610044360160828e-02 6.585319060832262039e-03 1.026084832847118378e-02 5.146336555480957031e-02 3.789914771914482117e-03 1.111687906086444855e-02 2.218904159963130951e-02 4.741488955914974213e-03 2.954372763633728027e-02 2.202175743877887726e-02 1.537346933037042618e-02 3.677153587341308594e-02 3.692173864692449570e-03 1.303970068693161011e-02 3.232651948928833008e-02 3.863052651286125183e-02 4.164296388626098633e-02 1.635718531906604767e-02 3.760296106338500977e-02 1.125384587794542313e-02 3.926714137196540833e-02 4.475536290556192398e-03 1.026806421577930450e-02 3.407082706689834595e-02 5.384427495300769806e-03 2.968584746122360229e-02 2.450939081609249115e-02 3.079526498913764954e-02 1.573537103831768036e-02 5.621311254799365997e-03 9.742106311023235321e-03 5.656125489622354507e-03 4.281077708583325148e-04 1.898451894521713257e-02 3.947515785694122314e-02 5.392111092805862427e-02 4.085493460297584534e-02 1.049619074910879135e-02 4.569064825773239136e-03 2.563158236443996429e-02 4.432964697480201721e-02 3.131375834345817566e-02 3.431398421525955200e-02 9.260890074074268341e-03 7.392924744635820389e-03 2.923690481111407280e-03 2.792012691497802734e-02 1.108250394463539124e-02 4.240046069025993347e-02 3.800017875619232655e-04 6.454374641180038452e-03 4.705491289496421814e-02 1.814287342131137848e-02 4.192380234599113464e-02 1.403728500008583069e-02 5.656169727444648743e-02 1.113916654139757156e-02 1.384517643600702286e-02 2.240523882210254669e-02 4.948094859719276428e-02 5.628537759184837341e-02 2.088001370429992676e-02 2.632022090256214142e-02 1.462147571146488190e-02 2.024860121309757233e-02 5.159362405538558960e-02 3.552673757076263428e-02 1.162205077707767487e-02 2.771307341754436493e-02 5.638139788061380386e-03 8.204542100429534912e-04 3.172465413808822632e-02 3.191477432847023010e-02 1.777323149144649506e-02 2.013107016682624817e-02 3.981905430555343628e-02 1.196566596627235413e-02 4.454522579908370972e-02 1.570326648652553558e-02 1.056860387325286865e-02 1.394007168710231781e-02 1.435401570051908493e-02 2.170584909617900848e-02 1.537331379950046539e-02 8.547701872885227203e-03 2.596521377563476562e-02 3.481230884790420532e-02 9.021531790494918823e-03 5.068489164113998413e-02 5.228292662650346756e-03 3.923886269330978394e-02 1.027853135019540787e-02 2.447845228016376495e-02 2.268773317337036133e-02 3.628114610910415649e-02
2.558510750532150269e-02 3.054840303957462311e-02 5.257682129740715027e-02 5.503735039383172989e-03 2.536776103079319000e-02 4.522326588630676270e-02 3.977258130908012390e-02 4.524210840463638306e-02 4.612215161323547363e-01 4.689126834273338318e-02 1.990895532071590424e-02 3.496805950999259949e-02 1.013134419918060303e-02 6.145366467535495758e-03 1.813906058669090271e-02 1.119282655417919159e-02 5.518347397446632385e-02 1.452775597572326660e-01 7.519987225532531738e-02 7.472575176507234573e-03 1.309757120907306671e-02 1.393485255539417267e-02 7.030142936855554581e-03 5.497903749346733093e-02 3.173569589853286743e-02 4.529650509357452393e-02 3.411207348108291626e-02 3.853656724095344543e-02 1.246821880340576172e-02 2.462482079863548279e-02 1.366246212273836136e-02 4.286564514040946960e-02 4.356649890542030334e-02 3.559614997357130051e-03 3.758655115962028503e-02 8.899315260350704193e-03 2.104874001815915108e-03 1.739200390875339508e-02 2.773346845060586929e-03 4.879881162196397781e-03 3.174619004130363464e-02 1.810811832547187805e-02 1.165697444230318069e-02 2.413485199213027954e-02 1.348774787038564682e-02 1.727001368999481201e-02 2.096123993396759033e-02 4.674566164612770081e-02 1.902824640274047852e-02 1.963741844519972801e-03 4.352461174130439758e-02 3.238874301314353943e-02 6.148037035018205643e-03 5.056247487664222717e-02 9.648814052343368530e-02 5.193541198968887329e-02 3.253829479217529297e-02 5.126857385039329529e-02 1.392281521111726761e-02 3.817897289991378784e-02 7.567608356475830078e-02 2.054640324786305428e-03 2.128259278833866119e-02 3.791832551360130310e-02 4.711690545082092285e-02 4.421022161841392517e-02 2.245910279452800751e-02 7.707063574343919754e-03 4.772688075900077820e-02 2.664370834827423096e-02 3.312500193715095520e-02 1.005518957972526550e-01 4.873352299910038710e-04 1.420206506736576557e-03 2.972383983433246613e-02 8.192590624094009399e-02 1.203471869230270386e-01 2.349212951958179474e-02 5.726034566760063171e-02 1.477107778191566467e-02 1.738810725510120392e-02 1.837119809351861477e-03 5.232383310794830322e-02 8.019830286502838135e-02 3.997171763330698013e-03 3.614710643887519836e-02 2.250365726649761200e-02 3.599439561367034912e-02 1.677054539322853088e-02 1.332479529082775116e-02 1.023087278008460999e-02 1.824854500591754913e-02 2.486293902620673180e-03 5.305047705769538879e-02 3.025948628783226013e-02 2.000096999108791351e-02 1.176372170448303223e-02 4.794677346944808960e-02 9.606907144188880920e-03 6.540779490023851395e-03 1.915083825588226318e-02 2.200998552143573761e-02 3.141630068421363831e-02 1.662671566009521484e-02 2.748685330152511597e-02 5.295540764927864075e-02 5.858292803168296814e-03 2.605658024549484253e-02 3.951966017484664917e-02 1.784380152821540833e-02 1.199623942375183105e-02 3.357796743512153625e-02 3.792294114828109741e-02 2.282251231372356415e-02 3.167430637404322624e-03 1.578650064766407013e-02
4.127621650695800781e-03 8.755473420023918152e-03 4.775033518671989441e-02 8.243385702371597290e-03 4.460796341300010681e-02 4.285831004381179810e-02 2.996361814439296722e-03 2.183389477431774139e-02 4.689126834273338318e-02 4.662172496318817139e-01 3.959594666957855225e-02 2.477717027068138123e-02 3.034805692732334137e-02 2.008923701941967010e-02 1.439632754772901535e-02 3.408340364694595337e-02 2.919109538197517395e-02 8.391766808927059174e-03 9.240114688873291016e-02 8.721807040274143219e-03 1.097944378852844238e-02 1.264776941388845444e-02 2.661819010972976685e-02 3.720634430646896362e-02 3.852392360568046570e-02 4.041391611099243164e-02 2.215126529335975647e-02 3.246450051665306091e-02 1.025821920484304428e-02 3.237904235720634460e-02 5.798647180199623108e-03 8.612349629402160645e-03 2.588579058647155762e-02 1.991126127541065216e-02 3.300476819276809692e-02 6.961331237107515335e-03 1.773057691752910614e-02 2.162015438079833984e-02 4.209562391042709351e-02 5.397367477416992188e-02 2.404706785455346107e-03 3.492756187915802002e-02 9.830028750002384186e-03 2.015811577439308167e-02 1.149148307740688324e-02 1.377515844069421291e-03 1.769704185426235199e-02 3.110529854893684387e-02 5.186738446354866028e-02 4.373963922262191772e-02 1.684795692563056946e-02 2.221178263425827026e-02 1.212610676884651184e-02 3.225266188383102417e-02 2.573134005069732666e-02 6.542107462882995605e-02 5.151486396789550781e-02 1.405683252960443497e-02 2.823047526180744171e-02 3.515961393713951111e-02 4.352242127060890198e-02 4.000945389270782471e-02 4.906124435365200043e-03 1.184358075261116028e-02 1.886023394763469696e-02 2.319616265594959259e-03 2.097027003765106201e-02 1.720822229981422424e-02 4.280796274542808533e-02 2.445661462843418121e-02 6.199535354971885681e-02 3.200561553239822388e-02 6.119809579104185104e-03 2.943469583988189697e-02 6.018953025341033936e-02 4.263767227530479431e-02 1.687073148787021637e-02 5.654869601130485535e-02 8.506513200700283051e-03 7.015150040388107300e-02 3.023749031126499176e-02 4.121993109583854675e-02 2.682880498468875885e-02 8.909396082162857056e-02 2.777679078280925751e-02 2.020006626844406128e-02 7.350369356572628021e-03 5.117817968130111694e-02 1.860834099352359772e-02 3.733264282345771790e-02 2.545414492487907410e-02 8.762284182012081146e-03 6.813326850533485413e-03 1.222043391317129135e-02 1.873508095741271973e-03 1.015536114573478699e-02 1.502387807704508305e-03 1.147013995796442032e-02 5.170793086290359497e-02 7.580689270980656147e-04 1.523353718221187592e-02 1.687142997980117798e-02 9.524748660624027252e-03 4.621367901563644409e-02 2.648362889885902405e-02 1.909640617668628693e-02 1.904997602105140686e-02 2.439083345234394073e-02 4.655399825423955917e-03 1.595170982182025909e-02 2.822641655802726746e-02 4.647117108106613159e-02 3.453616425395011902e-02 2.077398821711540222e-02 3.601909428834915161e-02 2.675858093425631523e-03
1.943083405494689941e-01 1.502796411514282227e-01 3.183188289403915405e-02 2.878539822995662689e-02 3.346927464008331299e-02 1.087511032819747925e-01 9.878712147474288940e-02 4.058007150888442993e-02 1.990895532071590424e-02 3.959594666957855225e-02 4.592641294002532959e-01 3.165984153747558594e-02 1.544355899095535278e-01 1.898268423974514008e-02 2.845773845911026001e-02 1.452792203053832054e-03 1.669261604547500610e-02 3.097947873175144196e-02 6.335482466965913773e-03 3.388371085748076439e-03 1.777446269989013672e-02 5.035188794136047363e-02 2.539412491023540497e-02 3.549108514562249184e-03 2.838411740958690643e-02 5.933629348874092102e-03 2.724363282322883606e-02 1.240159326698631048e-04 1.040797680616378784e-03 3.063824260607361794e-03 2.414069324731826782e-02 3.086005523800849915e-02 1.217080838978290558e-02 1.599920913577079773e-02 1.133773382753133774e-02 4.268578067421913147e-02 9.853332303464412689e-03 2.728650532662868500e-02 1.090830657631158829e-02 2.373364567756652832e-02 1.383744366466999054e-02 4.054171591997146606e-02 4.142004251480102539e-02 2.177645638585090637e-02 1.920356042683124542e-02 3.004102222621440887e-02 6.131390482187271118e-02 7.942171394824981689e-02 1.121031399816274643e-02 2.177444286644458771e-02 3.258262202143669128e-02 1.485083531588315964e-02 1.911050267517566681e-02 3.588703274726867676e-02 1.330958586186170578e-02 3.738076239824295044e-02 1.807174831628799438e-02 4.187942668795585632e-02 3.586813062429428101e-02 4.828727245330810547e-02 5.733518674969673157e-02 3.962093591690063477e-02 9.670291095972061157e-03 1.224785391241312027e-02 1.013274211436510086e-02 2.766401320695877075e-02 1.041373983025550842e-02 9.027723572216928005e-04 2.242585457861423492e-02 4.721567779779434204e-02 1.519569940865039825e-02 3.591533750295639038e-03 2.135292254388332367e-02 4.941608756780624390e-03 4.386659339070320129e-02 4.283452779054641724e-02 2.630055695772171021e-02 3.429874777793884277e-02 4.094254970550537109e-02 4.044878855347633362e-02 3.136543557047843933e-03 4.673961922526359558e-02 1.766318082809448242e-02 7.232496980577707291e-03 2.136855036951601505e-04 3.071659989655017853e-02 4.599471017718315125e-02 3.540147095918655396e-02 2.176453173160552979e-02 3.869875892996788025e-02 5.243750289082527161e-02 3.575705364346504211e-02 5.034106224775314331e-02 5.658893287181854248e-02 3.915695101022720337e-02 2.159439772367477417e-02 6.554963532835245132e-03 5.575228016823530197e-03 1.465493347495794296e-02 2.225767634809017181e-02 4.653682559728622437e-02 3.780450671911239624e-02 2.554420568048954010e-02 3.392612794414162636e-03 3.182013984769582748e-03 2.276058949064463377e-04 4.870725050568580627e-02 4.654042050242424011e-02 6.721740588545799255e-03 4.516241699457168579e-02 9.461250156164169312e-03 6.859738379716873169e-03 2.330703660845756531e-02 1.539867371320724487e-02 7.100715767592191696e-03 4.786785319447517395e-02
9.277040138840675354e-03 6.368864560499787331e-04 7.769447751343250275e-03 2.734725736081600189e-02 3.094856999814510345e-02 5.841592326760292053e-02 3.900024667382240295e-02 2.745778486132621765e-02 3.496805950999259949e-02 2.477717027068138123e-02 3.165984153747558594e-02 4.805263876914978027e-01 1.274638343602418900e-02 1.241559535264968872e-01 5.134801613166928291e-04 2.307320572435855865e-02 2.418391779065132141e-02 1.146287564188241959e-02 4.625744372606277466e-02 4.040070995688438416e-02 3.081855736672878265e-02 1.756266690790653229e-02 5.195463076233863831e-02 2.003758959472179413e-02 4.896964132785797119e-02 8.702394552528858185e-03 4.217635095119476318e-02 8.231198042631149292e-02 2.111333422362804413e-02 9.995503723621368408e-02 3.832043334841728210e-02 7.145415991544723511e-03 2.099124714732170105e-02 9.555873461067676544e-03 6.834691390395164490e-03 4.833518341183662415e-02 4.578107967972755432e-02 4.163592308759689331e-02 3.888633474707603455e-02 3.389512374997138977e-02 3.772713989019393921e-02 1.904226653277873993e-02 1.103025116026401520e-02 6.454356480389833450e-03 8.072471618652343750e-02 1.454048696905374527e-02 5.079909041523933411e-02 7.882400415837764740e-03 5.250502005219459534e-02 9.045492857694625854e-03 2.381637692451477051e-02 4.755387455224990845e-02 2.977919531986117363e-03 4.464754089713096619e-02 1.351390848867595196e-03 3.361128270626068115e-02 2.857297658920288086e-03 5.313888192176818848e-02 2.361433347687125206e-03 2.303545922040939331e-02 4.564039036631584167e-02 1.046233158558607101e-02 3.059333190321922302e-02 2.382291667163372040e-02 2.705659531056880951e-02 4.178889840841293335e-02 2.945762313902378082e-02 3.142143413424491882e-02 2.637591026723384857e-02 1.347141992300748825e-02 1.801653020083904266e-02 2.065602689981460571e-02 5.308875069022178650e-02 6.408662302419543266e-04 6.571946293115615845e-02 3.997118771076202393e-02 2.274845354259014130e-02 2.111546508967876434e-02 1.633409527130424976e-03 3.257559612393379211e-02 3.697811067104339600e-02 5.136611685156822205e-02 2.743858471512794495e-02 2.903715940192341805e-03 3.351242048665881157e-04 5.214251950383186340e-02 8.489570580422878265e-03 9.439303539693355560e-03 4.873934760689735413e-02 5.672884732484817505e-02 2.899602614343166351e-02 4.490967839956283569e-02 4.635144397616386414e-02 4.757935553789138794e-02 3.683295473456382751e-02 6.982430350035429001e-03 9.085778146982192993e-03 4.445237666368484497e-02 1.885705976746976376e-03 5.205176025629043579e-02 3.394027799367904663e-02 1.964182220399379730e-02 2.652017213404178619e-02 4.302944242954254150e-02 5.278727039694786072e-03 6.455630529671907425e-03 2.801421470940113068e-02 2.323677018284797668e-02 4.532346874475479126e-02 2.142783999443054199e-02 4.755108430981636047e-02 2.009365893900394440e-02 4.570210352540016174e-02 4.563837870955467224e-02 2.506564371287822723e-02 3.449792414903640747e-02
1.986300051212310791e-01 1.879999786615371704e-01 8.510890416800975800e-03 1.591045968234539032e-02 3.454818576574325562e-02 1.700963973999023438e-01 1.431231852620840073e-02 3.843332082033157349e-02 1.013134419918060303e-02 3.034805692732334137e-02 1.544355899095535278e-01 1.274638343602418900e-02 4.643007218837738037e-01 3.826202079653739929e-02 1.731516793370246887e-02 1.058561727404594421e-03 5.146126821637153625e-02 1.136261853389441967e-03 9.166260249912738800e-03 2.363953739404678345e-02 2.862149290740489960e-02 5.520276352763175964e-02 3.865093365311622620e-02 8.776284812483936548e-05 2.035444416105747223e-02 4.251321032643318176e-02 1.275768429040908813e-01 3.970947489142417908e-02 1.343304105103015900e-02 2.863123454153537750e-02 1.632366329431533813e-02 4.015479236841201782e-02 4.275267198681831360e-02 6.500171963125467300e-03 3.275908902287483215e-02 6.522991228848695755e-03 2.552823536098003387e-02 1.778868772089481354e-02 3.824328631162643433e-02 2.450217679142951965e-02 1.878944784402847290e-02 3.639083728194236755e-02 1.435050461441278458e-02 2.638343162834644318e-02 1.655206456780433655e-02 1.120322104543447495e-02 9.473411738872528076e-02 2.578715234994888306e-02 3.719588369131088257e-02 3.005561791360378265e-02 3.411197289824485779e-02 1.519446028396487236e-03 2.748198248445987701e-02 1.485723536461591721e-02 2.835702849552035332e-03 1.262657623738050461e-02 9.717489592730998993e-03 1.894448883831501007e-02 1.479613501578569412e-02 2.461089566349983215e-02 2.425343962386250496e-03 1.193897682242095470e-03 2.989008463919162750e-02 1.785741187632083893e-02 1.042310334742069244e-02 6.207423284649848938e-02 1.652120379731059074e-03 8.526423014700412750e-03 1.686846953816711903e-03 2.579925581812858582e-02 1.987652294337749481e-02 2.209043502807617188e-02 3.503879532217979431e-02 2.595474570989608765e-02 2.434694208204746246e-02 3.031299635767936707e-02 3.333081677556037903e-02 1.932439045049250126e-03 2.940545417368412018e-02 3.532208874821662903e-02 3.035781718790531158e-02 2.839069999754428864e-02 7.753119338303804398e-03 3.873739019036293030e-02 2.357131801545619965e-03 4.271379671990871429e-03 2.749526314437389374e-02 4.077272117137908936e-02 3.716727951541543007e-03 2.691458165645599365e-02 4.789798334240913391e-02 1.535599678754806519e-02 8.068225346505641937e-03 2.961048297584056854e-02 4.661333188414573669e-02 3.817620873451232910e-02 9.951970539987087250e-03 1.799651607871055603e-02 3.499182313680648804e-02 3.581741824746131897e-02 4.327574744820594788e-02 3.622915223240852356e-02 1.218257844448089600e-02 4.812603816390037537e-02 3.080996917560696602e-03 3.498820587992668152e-03 4.226920381188392639e-02 2.676396258175373077e-02 4.190071299672126770e-02 2.137020044028759003e-02 1.488371193408966064e-02 4.576147068291902542e-03 2.636174112558364868e-02 1.238103117793798447e-02 1.176533289253711700e-02 2.199786342680454254e-02
