4.380348026752471924e-01 7.871396839618682861e-02 2.684448473155498505e-02 4.822631925344467163e-02 3.424971923232078552e-02 8.156668394804000854e-02 3.025772422552108765e-02 2.027820423245429993e-02 4.766737297177314758e-02 2.524672448635101318e-02 1.208761557936668396e-01 8.970493450760841370e-03 5.149007961153984070e-02 5.102494265884160995e-03 2.757991477847099304e-02 2.063538134098052979e-02 1.335017941892147064e-02 1.482574734836816788e-02 4.257471859455108643e-02 1.062185037881135941e-03 6.953594740480184555e-03 2.357350476086139679e-02 5.140638351440429688e-02 2.199360355734825134e-02 8.882343769073486328e-03 1.199638005346059799e-02 2.685715444386005402e-02 2.935842983424663544e-02 4.880949854850769043e-02 2.320879371836781502e-03 5.566563829779624939e-02 9.605492465198040009e-03 4.873286560177803040e-02 4.491685330867767334e-02 3.797630593180656433e-02 4.689074307680130005e-02 1.410486735403537750e-02 4.318526946008205414e-03 4.246683791279792786e-02 1.810449361801147461e-02 2.072424255311489105e-02 1.094582676887512207e-02 3.015425987541675568e-02 3.480573184788227081e-03 1.926154084503650665e-02 4.779677465558052063e-02 1.027689352631568909e-01 5.986561998724937439e-02 2.845996757969260216e-03 5.119510367512702942e-02 5.498456582427024841e-02 5.207858607172966003e-02 3.696013614535331726e-02 2.298234403133392334e-02 1.612980104982852936e-02 1.954345963895320892e-02 2.069476991891860962e-02 2.987382560968399048e-02 3.573669120669364929e-02 5.972993373870849609e-02 3.377757221460342407e-02 4.889850504696369171e-03 5.048283562064170837e-02 9.786365553736686707e-03 8.962621912360191345e-03 4.482808709144592285e-02 3.172010555863380432e-02 3.512986004352569580e-02 6.008448079228401184e-02 3.445092216134071350e-02 1.402855478227138519e-02 1.134182326495647430e-02 1.902014017105102539e-03 3.437259420752525330e-02 8.811765350401401520e-03 4.303958266973495483e-02 5.117680132389068604e-02 3.161603957414627075e-02 1.314500626176595688e-02 1.341642346233129501e-02 2.133213914930820465e-02 2.072397060692310333e-02 2.653495408594608307e-02 1.950544305145740509e-03 2.255808189511299133e-02 4.568816348910331726e-02 1.152541954070329666e-02 2.774836681783199310e-02 6.036015693098306656e-03 4.689136892557144165e-02 3.950872272253036499e-02 1.545391231775283813e-02 5.194590240716934204e-02 1.912812702357769012e-02 5.272401496767997742e-02 2.391530759632587433e-02 4.194984212517738342e-02 1.946027576923370361e-02 1.388723310083150864e-02 3.018187358975410461e-02 1.481163967400789261e-02 4.004681110382080078e-02 4.495605826377868652e-03 1.161677390336990356e-02 1.044618058949708939e-02 8.470092900097370148e-03 1.757157035171985626e-02 2.548906952142715454e-02 5.063708871603012085e-02 4.040675703436136246e-03 4.170200228691101074e-02 3.096003644168376923e-02 1.749138347804546356e-02 2.278963476419448853e-02 8.289676159620285034e-02 4.413989558815956116e-02
7.871396839618682861e-02 4.310543239116668701e-01 5.766872782260179520e-03 2.900845743715763092e-02 1.582535356283187866e-02 1.417683213949203491e-01 1.093007102608680725e-01 3.009660542011260986e-02 6.825562100857496262e-03 1.371081452816724777e-02 9.479080326855182648e-03 7.129037380218505859e-02 1.294237524271011353e-01 6.587577518075704575e-03 1.046911813318729401e-02 4.145967215299606323e-02 3.703548014163970947e-02 8.990081958472728729e-03 3.475458128377795219e-03 3.151180222630500793e-02 2.981601469218730927e-02 4.156224057078361511e-02 4.143186658620834351e-02 3.318848833441734314e-02 2.998095750808715820e-02 1.084829401224851608e-02 1.818164065480232239e-02 4.122880101203918457e-02 3.723660111427307129e-02 1.583345979452133179e-02 5.053702369332313538e-02 3.223039954900741577e-02 2.413157373666763306e-02 7.157185114920139313e-03 1.796116866171360016e-02 4.398160800337791443e-02 1.497371029108762741e-02 2.019861526787281036e-02 2.488949336111545563e-02 5.483396351337432861e-02 1.881409808993339539e-02 2.161924354732036591e-02 4.280309751629829407e-02 5.215846002101898193e-03 1.788932085037231445e-02 4.757468774914741516e-02 7.620684802532196045e-02 3.966824710369110107e-02 2.532410435378551483e-02 2.612513862550258636e-02 2.237724326550960541e-02 3.352021053433418274e-02 3.334584087133407593e-02 3.766313567757606506e-02 1.388761494308710098e-02 4.541963711380958557e-02 5.287385545670986176e-03 5.148786678910255432e-02 2.625164017081260681e-02 2.687773294746875763e-02 1.126089598983526230e-02 4.843296855688095093e-02 1.009496673941612244e-02 3.805114887654781342e-03 4.100352153182029724e-02 1.825819164514541626e-02 4.045660025440156460e-04 3.500626608729362488e-02 4.412780329585075378e-02 3.524551913142204285e-02 5.378090590238571167e-02 7.400594186037778854e-03 1.850724965333938599e-02 1.403108052909374237e-02 3.077085502445697784e-02 1.890853606164455414e-02 2.891767024993896484e-02 4.308330640196800232e-02 4.431105684489011765e-03 1.990525983273983002e-02 3.002021834254264832e-02 1.743513904511928558e-02 4.263633862137794495e-02 1.844093576073646545e-02 4.860215261578559875e-02 3.469602391123771667e-02 1.938007399439811707e-02 3.942056000232696533e-02 2.948065102100372314e-02 3.370064776390790939e-03 3.635508939623832703e-02 1.470821443945169449e-02 2.127770893275737762e-02 6.100333761423826218e-03 4.713354632258415222e-02 3.006087616086006165e-02 4.816314578056335449e-02 6.420116871595382690e-03 3.027529083192348480e-02 3.574034431949257851e-03 3.699037060141563416e-02 5.322969332337379456e-02 5.786015093326568604e-02 8.804307132959365845e-02 5.341474339365959167e-02 2.344178780913352966e-02 4.110438749194145203e-02 2.786018326878547668e-02 1.230720523744821548e-02 1.769722998142242432e-02 2.527478709816932678e-02 4.374895244836807251e-02 1.123354537412524223e-03 3.271795436739921570e-02 3.137446939945220947e-02 4.458401352167129517e-02
2.684448473155498505e-02 5.766872782260179520e-03 4.197311997413635254e-01 2.122415043413639069e-02 3.323112800717353821e-02 3.657002747058868408e-02 1.684151031076908112e-02 1.852158606052398682e-01 7.127234339714050293e-02 4.833537340164184570e-02 9.522494510747492313e-04 2.343317493796348572e-02 1.755305565893650055e-02 9.742369875311851501e-03 3.711779043078422546e-02 2.347994968295097351e-02 3.525197878479957581e-02 4.199783876538276672e-02 1.597473397850990295e-02 6.275604944676160812e-03 2.037895843386650085e-02 8.974837511777877808e-02 3.282024990767240524e-03 3.744868189096450806e-02 1.897943951189517975e-02 2.073179930448532104e-02 3.128328919410705566e-02 3.543030098080635071e-02 3.684586286544799805e-02 4.401215538382530212e-02 3.613569587469100952e-02 1.520519703626632690e-02 4.470032826066017151e-02 2.955997362732887268e-02 3.387020155787467957e-02 1.243644114583730698e-02 4.573130607604980469e-02 1.651684194803237915e-02 1.497761160135269165e-02 5.338436737656593323e-02 2.175837010145187378e-02 4.535153135657310486e-02 6.959807127714157104e-03 2.429367974400520325e-02 3.516306355595588684e-02 4.621357948053628206e-04 2.154255099594593048e-02 4.119950905442237854e-02 2.998230606317520142e-02 5.513481330126523972e-03 4.421139508485794067e-02 4.649497568607330322e-03 2.421697229146957397e-02 1.767839863896369934e-02 2.718127891421318054e-02 6.775147281587123871e-03 8.606498129665851593e-03 1.508284360170364380e-02 2.258416637778282166e-02 4.163396731019020081e-02 3.187897056341171265e-02 3.529709950089454651e-02 1.137454528361558914e-03 2.191826328635215759e-02 1.194632844999432564e-03 5.157643929123878479e-02 2.516351267695426941e-02 3.551737591624259949e-02 1.782540045678615570e-02 2.382798120379447937e-03 3.865226637572050095e-03 6.207399535924196243e-03 4.536260664463043213e-02 1.969232410192489624e-02 4.593852162361145020e-02 2.470349147915840149e-02 3.158299997448921204e-02 1.944777555763721466e-02 1.399348117411136627e-02 4.758791532367467880e-03 1.004728116095066071e-02 1.937200129032135010e-02 1.489679142832756042e-02 2.941967360675334930e-02 1.666947081685066223e-02 2.886141091585159302e-02 1.116388291120529175e-02 1.543193776160478592e-02 8.203729987144470215e-03 4.657492507249116898e-03 4.850069805979728699e-02 2.173387678340077400e-03 2.178117074072360992e-02 1.038368325680494308e-03 6.469554267823696136e-03 1.518418360501527786e-02 1.348156016319990158e-02 1.885186508297920227e-02 8.624216541647911072e-03 4.384318366646766663e-02 1.394025143235921860e-02 5.061889439821243286e-02 2.550034038722515106e-02 3.365449979901313782e-02 7.119146641343832016e-03 1.126691349782049656e-03 1.182696688920259476e-02 7.108370214700698853e-02 4.024747014045715332e-02 6.908220704644918442e-03 7.352628279477357864e-03 2.257915772497653961e-02 2.830540388822555542e-02 1.053746789693832397e-02 8.091540634632110596e-02 3.816915675997734070e-02
4.822631925344467163e-02 2.900845743715763092e-02 2.122415043413639069e-02 4.281909465789794922e-01 1.264880038797855377e-02 1.599297625944018364e-03 2.870637224987149239e-03 3.196959570050239563e-02 3.976412490010261536e-02 3.516204655170440674e-02 3.612196072936058044e-02 2.340388484299182892e-03 2.565605938434600830e-02 4.737468063831329346e-02 2.488287538290023804e-02 2.394652180373668671e-02 2.316646277904510498e-03 8.206768333911895752e-02 4.188727587461471558e-02 2.904213219881057739e-02 2.302506007254123688e-03 7.097085006535053253e-03 3.494191542267799377e-02 3.055513277649879456e-02 2.716171927750110626e-02 4.207202792167663574e-02 1.310185343027114868e-02 3.821571543812751770e-02 2.656317874789237976e-02 3.760787099599838257e-02 1.494043599814176559e-02 4.395970702171325684e-02 2.478833682835102081e-02 2.181105501949787140e-02 6.903305649757385254e-02 3.251941502094268799e-02 2.503171190619468689e-02 5.515756551176309586e-03 4.793923720717430115e-02 1.151798665523529053e-02 1.864692196249961853e-02 3.618422895669937134e-03 9.374215267598628998e-03 4.116755723953247070e-02 4.146772250533103943e-02 4.449803009629249573e-02 1.335726678371429443e-02 5.822019651532173157e-02 4.014303535223007202e-02 1.711702323518693447e-03 2.053652703762054443e-02 5.241405963897705078e-02 7.699486333876848221e-03 3.245235187932848930e-03 2.630631998181343079e-02 9.205134585499763489e-03 4.546258971095085144e-02 4.542484506964683533e-02 2.434721030294895172e-02 4.558133077807724476e-04 2.655406855046749115e-02 3.149433806538581848e-02 1.708198525011539459e-02 4.017108678817749023e-02 5.195055529475212097e-02 1.304443087428808212e-02 1.953156106173992157e-02 6.612459197640419006e-03 3.253300115466117859e-02 1.692169159650802612e-02 4.686003923416137695e-02 1.808208227157592773e-02 1.787592768669128418e-01 2.560111507773399353e-02 6.140280514955520630e-02 2.533179521560668945e-02 1.228668168187141418e-02 3.380439803004264832e-02 3.824044018983840942e-02 1.078412868082523346e-03 4.626120999455451965e-02 5.665117502212524414e-02 4.049888253211975098e-02 1.473546307533979416e-02 8.394717238843441010e-03 1.383407693356275558e-02 3.470610827207565308e-02 3.641780838370323181e-02 4.401372000575065613e-02 2.650986611843109131e-02 2.510993974283337593e-03 1.615772373043000698e-03 4.666240885853767395e-02 3.782822191715240479e-02 9.958298178389668465e-04 1.006627269089221954e-02 8.717887103557586670e-03 1.651781983673572540e-02 3.432745113968849182e-02 1.370117999613285065e-02 4.139696434140205383e-02 2.699622698128223419e-02 3.796172887086868286e-02 1.309069246053695679e-02 2.566449716687202454e-02 1.900399848818778992e-02 3.265051543712615967e-02 5.023023486137390137e-02 1.535337604582309723e-02 5.011288449168205261e-02 5.467235296964645386e-02 2.856335788965225220e-02 2.634931728243827820e-02 6.125577725470066071e-03 1.033717393875122070e-01 2.167439274489879608e-02
3.424971923232078552e-02 1.582535356283187866e-02 3.323112800717353821e-02 1.264880038797855377e-02 4.210447669029235840e-01 4.288616403937339783e-02 1.591644808650016785e-02 2.090184390544891357e-02 2.878823690116405487e-02 2.265893481671810150e-02 4.402501508593559265e-02 4.778141528367996216e-02 3.691408038139343262e-02 4.791570245288312435e-04 2.755971811711788177e-02 1.796439103782176971e-02 1.928266324102878571e-02 9.520472027361392975e-03 6.338123977184295654e-02 1.771146245300769806e-02 1.553697045892477036e-02 2.332073450088500977e-02 3.325555846095085144e-02 2.534431219100952148e-02 1.674010418355464935e-02 2.757209166884422302e-02 3.032462904229760170e-03 4.213917627930641174e-02 4.384281113743782043e-02 2.794951759278774261e-02 1.462763920426368713e-02 1.353067439049482346e-02 2.947004744783043861e-03 1.765144057571887970e-02 4.192723718006163836e-04 2.863295190036296844e-02 1.035249326378107071e-02 2.903249673545360565e-02 1.057117246091365814e-02 1.504874527454376221e-01 4.720716271549463272e-03 2.447145804762840271e-02 7.914852350950241089e-03 4.430719837546348572e-02 2.861296012997627258e-02 8.164425194263458252e-02 2.890443056821823120e-02 1.697831205092370510e-03 1.959995739161968231e-02 1.477172784507274628e-02 1.110665779560804367e-02 1.363768987357616425e-02 2.514358051121234894e-02 2.861656062304973602e-02 2.223868295550346375e-02 1.861342787742614746e-02 4.539780318737030029e-02 3.569610044360160828e-02 1.969193853437900543e-02 3.211878612637519836e-02 6.445723772048950195e-02 2.135538496077060699e-02 2.242049016058444977e-02 4.057484865188598633e-02 4.059564322233200073e-02 1.126315165311098099e-02 1.700124330818653107e-02 2.134652063250541687e-02 2.289412310346961021e-03 3.762628883123397827e-02 3.069481681450270116e-05 6.438522250391542912e-04 3.973964974284172058e-02 4.573049023747444153e-02 3.718592924997210503e-03 1.374815125018358231e-02 4.999367892742156982e-02 1.810746965929865837e-03 3.648980334401130676e-02 4.617279767990112305e-02 5.216016434133052826e-03 1.653566770255565643e-02 7.366470247507095337e-02 6.717655062675476074e-02 2.217951789498329163e-02 3.350728005170822144e-02 4.634559154510498047e-03 2.676244825124740601e-02 3.270851448178291321e-02 4.180204868316650391e-02 2.499339357018470764e-02 4.305490292608737946e-03 1.821940019726753235e-02 1.057505048811435699e-02 3.643729910254478455e-02 4.194798320531845093e-02 1.644632779061794281e-02 2.213685587048530579e-02 3.315654397010803223e-02 4.412560164928436279e-02 1.368215424008667469e-03 1.478813309222459793e-02 2.171650342643260956e-02 2.838491834700107574e-02 3.877247497439384460e-02 3.486115951091051102e-03 1.415256690233945847e-02 3.609080240130424500e-02 4.361005499958992004e-02 4.380756244063377380e-02 4.102296009659767151e-02 3.212267998605966568e-03 7.647956721484661102e-03 1.266246661543846130e-02 3.641957417130470276e-02 3.323038667440414429e-02
8.156668394804000854e-02 1.417683213949203491e-01 3.657002747058868408e-02 1.599297625944018364e-03 4.288616403937339783e-02 4.452740252017974854e-01 1.637380123138427734e-01 5.039868131279945374e-02 4.301861673593521118e-02 4.979124292731285095e-02 5.939805507659912109e-02 8.356355130672454834e-02 9.619501978158950806e-02 5.642098374664783478e-03 2.258498221635818481e-02 2.266088128089904785e-02 1.526163145899772644e-02 5.477082356810569763e-02 4.676042590290307999e-03 2.928290329873561859e-02 1.316857989877462387e-03 7.666019350290298462e-02 2.114050835371017456e-02 5.037019401788711548e-02 2.977138757705688477e-02 7.656698115170001984e-03 4.847854375839233398e-02 2.326688729226589203e-03 7.757612317800521851e-02 1.818600669503211975e-02 3.836302459239959717e-02 8.662113919854164124e-03 2.999132312834262848e-02 1.703458651900291443e-02 5.135343596339225769e-02 1.043578423559665680e-02 1.391630899161100388e-02 4.523396492004394531e-02 9.333916008472442627e-03 2.145500108599662781e-02 2.657578140497207642e-02 3.464923799037933350e-02 4.658442735671997070e-02 1.158407237380743027e-02 3.482925146818161011e-02 3.530329093337059021e-02 5.249406024813652039e-02 4.262538626790046692e-02 9.581060148775577545e-03 6.576016079634428024e-03 5.825167149305343628e-02 4.387885704636573792e-02 4.565117880702018738e-02 5.147997755557298660e-03 3.557116491720080376e-03 2.812005952000617981e-02 2.923359721899032593e-02 4.422449693083763123e-02 1.189288590103387833e-02 1.362540107220411301e-02 3.932287171483039856e-02 3.349917382001876831e-02 5.013933777809143066e-02 4.050446674227714539e-02 4.614068567752838135e-02 5.469206720590591431e-02 3.253730246797204018e-03 3.777124686166644096e-03 2.772318199276924133e-02 1.440962590277194977e-02 5.652667209506034851e-02 4.158833622932434082e-02 3.587311506271362305e-02 6.107317283749580383e-03 1.685941964387893677e-02 5.077800154685974121e-02 2.067261934280395508e-02 3.162456303834915161e-02 1.596932858228683472e-02 5.826989654451608658e-03 2.127706445753574371e-02 2.786497399210929871e-02 1.659849949646741152e-04 2.966718748211860657e-02 3.352668881416320801e-02 8.636634796857833862e-03 9.695102460682392120e-03 2.922083716839551926e-03 2.829104661941528320e-02 5.206414684653282166e-02 5.980128049850463867e-02 1.254954934120178223e-02 4.585873801261186600e-03 5.158236250281333923e-03 2.571470662951469421e-02 3.681606147438287735e-03 3.533644229173660278e-02 3.194924816489219666e-02 5.166351422667503357e-02 3.954084217548370361e-02 1.168583612889051437e-02 8.539211004972457886e-03 3.079682064708322287e-04 2.806389331817626953e-02 2.321467362344264984e-02 3.158317878842353821e-02 2.307558665052056313e-03 8.507252484560012817e-02 1.720437034964561462e-02 5.518770962953567505e-02 1.520703360438346863e-02 3.172005712985992432e-02 1.667161472141742706e-02 1.608080789446830750e-02 5.616411101073026657e-03 3.871812298893928528e-02
3.025772422552108765e-02 1.093007102608680725e-01 1.684151031076908112e-02 2.870637224987149239e-03 1.591644808650016785e-02 1.637380123138427734e-01 4.384235441684722900e-01 4.289671406149864197e-02 2.013805322349071503e-03 3.473989665508270264e-02 1.074663922190666199e-01 2.027622796595096588e-02 8.688883483409881592e-02 4.007382690906524658e-02 3.322712704539299011e-02 3.826420009136199951e-02 4.676175490021705627e-02 3.134129941463470459e-02 2.883913367986679077e-02 2.997115068137645721e-02 3.979157190769910812e-03 7.057047914713621140e-03 2.260579727590084076e-02 4.980999603867530823e-02 1.435600873082876205e-02 4.071693122386932373e-02 6.414218805730342865e-03 3.221582621335983276e-02 4.855868872255086899e-03 5.200311914086341858e-02 7.003451138734817505e-02 4.301749169826507568e-02 2.027650736272335052e-02 1.814239658415317535e-02 3.877181932330131531e-02 2.655340731143951416e-02 3.277738392353057861e-02 5.133897811174392700e-02 4.018392041325569153e-02 1.546193845570087433e-02 6.035017780959606171e-03 5.872718524187803268e-03 4.383892752230167389e-03 1.402059476822614670e-02 5.271309986710548401e-02 3.332798555493354797e-02 2.183979004621505737e-02 1.048102881759405136e-02 2.085938490927219391e-02 8.030038326978683472e-03 4.549803212285041809e-03 2.537082321941852570e-02 3.102322481572628021e-02 4.404258355498313904e-02 1.133193541318178177e-02 4.657214507460594177e-03 1.867606863379478455e-02 1.854570955038070679e-02 2.517955563962459564e-02 9.366004727780818939e-03 3.566288575530052185e-02 2.209597453474998474e-02 3.298554196953773499e-02 2.329397946596145630e-02 8.081941050477325916e-04 4.662988707423210144e-02 2.723114192485809326e-02 1.712650246918201447e-02 1.195330731570720673e-02 1.266908831894397736e-02 4.513290897011756897e-02 7.913870736956596375e-03 3.457240760326385498e-02 3.727054968476295471e-02 4.678824171423912048e-02 1.731779891997575760e-03 1.415083097526803613e-04 3.128908947110176086e-02 4.145530238747596741e-02 7.397448644042015076e-04 2.167546004056930542e-02 1.256856229156255722e-02 1.489784009754657745e-02 4.663388431072235107e-02 4.338569939136505127e-02 1.375583466142416000e-02 4.989749751985073090e-03 5.115487053990364075e-02 2.768508158624172211e-02 1.236625202000141144e-02 5.925531685352325439e-02 3.670457005500793457e-02 1.326051168143749237e-02 2.588636614382266998e-02 5.976696964353322983e-03 4.321249201893806458e-02 1.451628748327493668e-02 1.377632748335599899e-02 4.982370883226394653e-02 2.352231182157993317e-02 7.070489809848368168e-04 1.169984415173530579e-02 3.513582050800323486e-02 2.144670672714710236e-02 2.292080782353878021e-02 4.724391177296638489e-02 5.343107506632804871e-03 4.702887311577796936e-02 1.708185672760009766e-02 6.699865311384201050e-02 3.458417719230055809e-03 2.979080192744731903e-02 1.865329779684543610e-02 7.857698015868663788e-03 2.371868584305047989e-03 2.525025792419910431e-02
2.027820423245429993e-02 3.009660542011260986e-02 1.852158606052398682e-01 3.196959570050239563e-02 2.090184390544891357e-02 5.039868131279945374e-02 4.289671406149864197e-02 4.348244369029998779e-01 3.783067222684621811e-04 3.328158333897590637e-02 2.403481304645538330e-02 1.597644388675689697e-02 2.145926840603351593e-02 6.318192929029464722e-02 1.155717298388481140e-01 1.809206604957580566e-02 3.445414826273918152e-02 2.727512456476688385e-02 3.729946166276931763e-02 3.506506606936454773e-02 2.141096442937850952e-02 2.884310670197010040e-02 1.934995758347213268e-03 2.320655249059200287e-02 2.220217511057853699e-02 1.695524528622627258e-02 1.495815999805927277e-02 8.859406225383281708e-03 2.107150480151176453e-02 6.414350122213363647e-03 3.327394649386405945e-02 1.961082033812999725e-02 4.217993095517158508e-02 5.310628097504377365e-03 2.306661941111087799e-02 9.364271536469459534e-03 1.977400667965412140e-02 1.831414550542831421e-02 3.670790418982505798e-02 4.422296583652496338e-02 1.814023219048976898e-02 3.745760023593902588e-02 4.955527558922767639e-02 1.972435787320137024e-02 9.616631083190441132e-03 2.764350362122058868e-02 4.261605814099311829e-02 3.028951771557331085e-02 7.324452977627515793e-03 2.920067869126796722e-02 2.913250960409641266e-02 4.395191371440887451e-02 1.835844595916569233e-03 2.371916733682155609e-02 2.737876959145069122e-02 6.334037054330110550e-03 1.170797739177942276e-02 1.200923975557088852e-02 1.309965504333376884e-03 3.642039746046066284e-02 2.618339657783508301e-02 1.619433984160423279e-02 3.473823890089988708e-02 4.105691611766815186e-02 2.787525998428463936e-03 2.848734520375728607e-02 2.700855024158954620e-02 4.293123632669448853e-02 5.290198326110839844e-02 3.114795312285423279e-02 3.332265093922615051e-02 3.303926438093185425e-02 4.124534782022237778e-03 2.524932101368904114e-02 4.671169817447662354e-02 6.226967088878154755e-03 4.887779708951711655e-03 3.741868073120713234e-03 4.779403284192085266e-02 1.749974675476551056e-02 1.572902798652648926e-01 4.985992237925529480e-02 2.975039742887020111e-02 2.948226593434810638e-02 3.584275394678115845e-02 1.834717020392417908e-02 5.702666938304901123e-02 8.489748835563659668e-02 1.081476453691720963e-02 4.901691898703575134e-02 2.474811859428882599e-02 5.208480730652809143e-02 2.848835103213787079e-02 1.079640723764896393e-02 1.124091260135173798e-02 3.161802142858505249e-02 1.715064514428377151e-03 2.676513686310499907e-04 5.301626771688461304e-02 6.313049234449863434e-03 4.725521430373191833e-02 3.784959390759468079e-02 5.254948046058416367e-03 2.323391288518905640e-02 1.668138988316059113e-02 2.005630917847156525e-02 2.986307442188262939e-02 3.258154541254043579e-02 4.032794758677482605e-02 1.795552670955657959e-02 2.624721266329288483e-02 3.017985494807362556e-03 1.834874041378498077e-02 3.006361424922943115e-02 3.780456259846687317e-02 7.292712479829788208e-02
4.766737297177314758e-02 6.825562100857496262e-03 7.127234339714050293e-02 3.976412490010261536e-02 2.878823690116405487e-02 4.301861673593521118e-02 2.013805322349071503e-03 3.783067222684621811e-04 4.407363831996917725e-01 4.266530647873878479e-02 2.372536837356165051e-04 3.755710273981094360e-02 1.980427466332912445e-02 3.453943133354187012e-02 2.665086090564727783e-02 3.749114647507667542e-02 1.179532241076231003e-02 4.669296089559793472e-03 5.229779053479433060e-03 4.140210896730422974e-02 3.192639723420143127e-02 5.148733034729957581e-02 1.286647468805313110e-02 3.055848740041255951e-02 1.677381806075572968e-02 6.094397976994514465e-03 1.851973682641983032e-02 1.070084329694509506e-02 3.920225426554679871e-02 1.704923063516616821e-02 4.982211813330650330e-02 7.425262778997421265e-02 8.794185705482959747e-03 1.486407872289419174e-02 2.020856738090515137e-02 2.021559886634349823e-02 3.113914839923381805e-02 2.993164025247097015e-02 3.156728297472000122e-02 4.070195835083723068e-03 2.817246876657009125e-02 1.080257468856871128e-03 1.365441270172595978e-02 1.076404470950365067e-02 3.546312823891639709e-02 2.758263237774372101e-02 1.435772702097892761e-02 3.522852063179016113e-02 3.326024860143661499e-02 3.286255756393074989e-03 1.349599007517099380e-02 2.735800296068191528e-02 4.994793981313705444e-02 3.483674302697181702e-02 9.678620100021362305e-02 1.928389444947242737e-02 5.784491542726755142e-03 2.090337220579385757e-03 4.381901770830154419e-02 2.355931326746940613e-02 5.537940189242362976e-03 8.280352689325809479e-03 1.640558987855911255e-02 6.675009615719318390e-03 3.802531957626342773e-02 4.603868722915649414e-02 2.313408628106117249e-02 2.844853512942790985e-02 5.682457704097032547e-03 1.561053935438394547e-02 5.023427680134773254e-02 6.441521644592285156e-02 3.276878967881202698e-02 1.609054766595363617e-02 2.991445735096931458e-02 4.726964607834815979e-02 7.400817424058914185e-02 2.353529818356037140e-02 4.700580611824989319e-02 6.941173970699310303e-02 1.335640251636505127e-02 1.545344013720750809e-02 1.180474087595939636e-02 2.938205003738403320e-02 8.807580918073654175e-03 2.259707264602184296e-02 4.446057975292205811e-02 3.624422103166580200e-02 3.106598928570747375e-02 2.876493334770202637e-02 1.309765782207250595e-02 1.834054710343480110e-03 5.539270862936973572e-02 2.874310314655303955e-02 4.717418050859123468e-04 2.766674384474754333e-03 2.983904257416725159e-02 3.501299768686294556e-02 6.804936379194259644e-02 2.351554110646247864e-02 1.925709471106529236e-02 1.718652620911598206e-02 2.216588705778121948e-02 4.797255969606339931e-04 2.664218842983245850e-02 1.335786655545234680e-02 1.098052971065044403e-02 1.898861303925514221e-02 7.114056497812271118e-03 2.800229704007506371e-03 2.995657734572887421e-02 4.827533289790153503e-02 5.051635205745697021e-02 5.390831828117370605e-02 1.250730454921722412e-02 1.069677993655204773e-02
2.524672448635101318e-02 1.371081452816724777e-02 4.833537340164184570e-02 3.516204655170440674e-02 2.265893481671810150e-02 4.979124292731285095e-02 3.473989665508270264e-02 3.328158333897590637e-02 4.266530647873878479e-02 4.511848092079162598e-01 3.651340492069721222e-03 1.727056130766868591e-02 1.816956885159015656e-02 3.481059893965721130e-02 6.727290805429220200e-03 1.851169951260089874e-02 8.347965776920318604e-04 9.652192704379558563e-03 6.370493769645690918e-02 2.382694371044635773e-02 2.206271747127175331e-03 4.795579612255096436e-02 4.736969992518424988e-02 4.145199060440063477e-02 2.451225928962230682e-02 5.091090872883796692e-02 1.301294832956045866e-04 4.661036282777786255e-02 3.080883994698524475e-02 3.221041336655616760e-02 1.716362498700618744e-02 4.554339870810508728e-02 1.792641356587409973e-02 3.299086913466453552e-02 4.737673327326774597e-02 2.034423872828483582e-02 6.842377036809921265e-02 6.086930632591247559e-03 1.531418040394783020e-02 3.426165878772735596e-02 3.355571255087852478e-02 4.541446641087532043e-02 4.162515699863433838e-02 1.419308502227067947e-02 1.705641672015190125e-02 2.175702946260571480e-03 4.177114926278591156e-03 2.161826752126216888e-02 3.506918437778949738e-03 6.851681321859359741e-02 3.481265157461166382e-02 1.150383334606885910e-02 5.370720103383064270e-02 4.663550294935703278e-03 8.503813296556472778e-03 6.289026141166687012e-02 1.493695937097072601e-02 8.491714484989643097e-03 3.989258036017417908e-02 1.379333995282649994e-02 4.404950141906738281e-02 1.024306938052177429e-02 8.515243418514728546e-03 3.252236545085906982e-02 3.828489780426025391e-02 1.230387389659881592e-02 2.864817157387733459e-02 4.024362936615943909e-02 4.464714229106903076e-02 4.154567047953605652e-02 3.818172588944435120e-02 7.096726913005113602e-03 2.850109711289405823e-02 2.159334346652030945e-02 2.039035968482494354e-02 4.932775348424911499e-02 3.171182051301002502e-02 1.027481257915496826e-01 3.188490122556686401e-02 7.464342564344406128e-02 2.117617242038249969e-02 4.217319190502166748e-03 3.876812383532524109e-02 2.498534449841827154e-04 2.206134982407093048e-02 5.938474088907241821e-02 1.800831779837608337e-02 4.766570031642913818e-02 6.474612653255462646e-02 2.946581318974494934e-02 4.477230086922645569e-02 4.394500702619552612e-02 3.098835004493594170e-03 1.587207615375518799e-02 9.477703832089900970e-03 1.353400293737649918e-02 1.070005167275667191e-02 4.586448147892951965e-02 2.208174206316471100e-02 1.780454069375991821e-02 2.214377187192440033e-02 1.835900172591209412e-02 7.449598051607608795e-03 4.293229803442955017e-02 4.074905812740325928e-02 1.398341171443462372e-02 6.078205630183219910e-02 2.016805298626422882e-02 4.563133046030998230e-02 6.233171373605728149e-02 1.712206564843654633e-02 1.924456842243671417e-02 3.404349461197853088e-02 9.398396359756588936e-04 3.303075954318046570e-02 2.193182893097400665e-02
1.208761557936668396e-01 9.479080326855182648e-03 9.522494510747492313e-04 3.612196072936058044e-02 4.402501508593559265e-02 5.939805507659912109e-02 1.074663922190666199e-01 2.403481304645538330e-02 2.372536837356165051e-04 3.651340492069721222e-03 4.367296099662780762e-01 5.024899169802665710e-02 9.909069538116455078e-02 6.409565685316920280e-04 1.805265346774831414e-04 4.589368402957916260e-02 3.990123793482780457e-02 3.716108202934265137e-02 3.177516162395477295e-02 1.680925115942955017e-02 2.182697132229804993e-02 2.783945016562938690e-02 9.906995110213756561e-03 4.733880981802940369e-02 3.901968896389007568e-02 2.061023749411106110e-02 2.454724162817001343e-02 4.281223192811012268e-02 9.087508544325828552e-03 3.282063081860542297e-02 4.700430110096931458e-02 4.286962002515792847e-02 4.410527274012565613e-02 1.502612233161926270e-02 8.552555809728801250e-04 6.215287372469902039e-03 2.608652040362358093e-02 5.435108765959739685e-02 2.587996982038021088e-02 4.380142688751220703e-02 2.537446096539497375e-02 3.984025120735168457e-02 2.561956271529197693e-02 3.252461552619934082e-02 1.120276749134063721e-02 1.846548356115818024e-02 9.800352156162261963e-03 8.138513565063476562e-02 4.135614261031150818e-02 1.912909746170043945e-02 5.146302655339241028e-02 1.655333861708641052e-02 8.346268441528081894e-04 6.345507688820362091e-03 1.321176253259181976e-02 1.303744036704301834e-02 2.414932847023010254e-02 2.817956544458866119e-02 5.892505403608083725e-03 2.875015698373317719e-02 7.433047145605087280e-02 1.843535527586936951e-02 1.639855466783046722e-02 7.203154731541872025e-03 7.045193016529083252e-02 1.190198678523302078e-02 2.737090364098548889e-02 2.497740834951400757e-02 3.027445077896118164e-02 9.008031338453292847e-03 4.653618857264518738e-02 5.719640851020812988e-02 4.806008189916610718e-02 2.721399813890457153e-02 4.341708868741989136e-02 1.422843709588050842e-02 2.927414886653423309e-02 2.772378921508789062e-02 4.937890544533729553e-02 2.813902683556079865e-02 6.385783106088638306e-02 1.404165523126721382e-03 3.911560401320457458e-02 4.191990569233894348e-02 8.151491172611713409e-03 1.902109943330287933e-02 6.056718900799751282e-02 1.120800711214542389e-02 2.782389894127845764e-02 3.003409504890441895e-02 5.711561068892478943e-02 2.766835317015647888e-02 1.524417661130428314e-02 5.155165120959281921e-02 1.095417607575654984e-02 4.951123148202896118e-02 3.976732119917869568e-02 9.158347733318805695e-03 4.951267689466476440e-02 5.230546370148658752e-02 4.383610561490058899e-02 3.250543400645256042e-02 4.431207105517387390e-02 3.217893838882446289e-02 4.851661249995231628e-02 3.994823992252349854e-02 4.100755788385868073e-03 2.031295001506805420e-02 1.769692823290824890e-02 3.482780233025550842e-02 1.579832471907138824e-02 3.129710257053375244e-02 2.741730213165283203e-02 4.425033926963806152e-02 1.022585202008485794e-02 3.084434568881988525e-02
8.970493450760841370e-03 7.129037380218505859e-02 2.343317493796348572e-02 2.340388484299182892e-03 4.778141528367996216e-02 8.356355130672454834e-02 2.027622796595096588e-02 1.597644388675689697e-02 3.755710273981094360e-02 1.727056130766868591e-02 5.024899169802665710e-02 4.417076408863067627e-01 3.720863536000251770e-02 1.663251072168350220e-01 4.483733326196670532e-03 1.049322448670864105e-02 1.007056795060634613e-02 4.025674983859062195e-02 3.444051370024681091e-02 9.139106422662734985e-02 3.552417084574699402e-02 3.755586966872215271e-02 9.511127322912216187e-02 9.783354587852954865e-03 2.876241318881511688e-02 4.002181440591812134e-02 5.543552339076995850e-02 7.488742470741271973e-02 2.536881156265735626e-02 5.955720692873001099e-02 3.722093999385833740e-02 5.151634663343429565e-02 6.148207001388072968e-03 9.212589822709560394e-03 4.281059280037879944e-02 5.380193889141082764e-02 3.117492981255054474e-02 1.295916445087641478e-05 1.625803299248218536e-02 2.491744048893451691e-02 6.021004635840654373e-03 1.353401807136833668e-03 1.767853647470474243e-02 1.599713228642940521e-02 1.273212283849716187e-01 3.445348469540476799e-03 2.286444231867790222e-02 4.190093651413917542e-02 1.770067960023880005e-02 3.303806483745574951e-02 9.786902926862239838e-03 3.246267884969711304e-02 1.101333089172840118e-02 3.849671036005020142e-02 4.903675988316535950e-02 3.376120328903198242e-02 4.009715467691421509e-02 6.532200146466493607e-03 2.723731659352779388e-02 4.862023890018463135e-02 1.922927983105182648e-02 7.778969127684831619e-03 3.018596954643726349e-02 4.811696708202362061e-02 5.579207092523574829e-02 3.186182677745819092e-02 3.448366653174161911e-03 3.676860034465789795e-02 1.767367310822010040e-02 1.983522251248359680e-02 8.027919568121433258e-03 5.573089583776891232e-05 2.918081544339656830e-02 4.050721600651741028e-02 4.945222754031419754e-03 2.955854497849941254e-02 3.206075401976704597e-03 1.684087701141834259e-02 7.406976073980331421e-02 2.056969329714775085e-02 8.388631790876388550e-02 3.968302160501480103e-02 4.648010060191154480e-02 1.668983139097690582e-02 2.920088917016983032e-02 4.341333732008934021e-02 4.766214266419410706e-02 3.462644666433334351e-02 1.796660013496875763e-02 3.515444323420524597e-02 7.825004868209362030e-03 1.016562525182962418e-02 2.448253706097602844e-02 1.536558754742145538e-02 2.922444231808185577e-02 3.097081370651721954e-02 9.959976188838481903e-03 2.524936571717262268e-02 1.162636931985616684e-02 1.382733415812253952e-02 5.464180931448936462e-02 3.440300375223159790e-02 3.070558793842792511e-02 3.493150323629379272e-02 4.511997848749160767e-02 4.455572739243507385e-02 1.931336335837841034e-02 3.527058288455009460e-02 3.229534253478050232e-02 4.541021212935447693e-02 5.032455548644065857e-03 4.162827506661415100e-02 2.370402030646800995e-02 4.505304619669914246e-03 2.463348209857940674e-02 4.228849709033966064e-02
5.149007961153984070e-02 1.294237524271011353e-01 1.755305565893650055e-02 2.565605938434600830e-02 3.691408038139343262e-02 9.619501978158950806e-02 8.688883483409881592e-02 2.145926840603351593e-02 1.980427466332912445e-02 1.816956885159015656e-02 9.909069538116455078e-02 3.720863536000251770e-02 4.366562664508819580e-01 9.195980615913867950e-03 3.639813512563705444e-02 1.329715363681316376e-02 3.234891220927238464e-02 4.019500222057104111e-03 5.348267965018749237e-03 9.724277071654796600e-03 1.909800688736140728e-03 3.967523574829101562e-02 1.406903844326734543e-03 4.646745696663856506e-02 4.035273194313049316e-02 1.413612719625234604e-02 3.740007802844047546e-02 4.018707573413848877e-02 6.207026075571775436e-03 5.176910012960433960e-02 2.386793494224548340e-03 5.629366263747215271e-02 4.515488073229789734e-02 4.166774451732635498e-02 2.711515873670578003e-02 2.080358332023024559e-03 1.534407027065753937e-02 2.554149366915225983e-02 3.781454870477318764e-03 3.296127915382385254e-02 5.870573595166206360e-02 1.792020164430141449e-02 5.762137006968259811e-03 1.768091507256031036e-02 3.484150022268295288e-02 2.634390629827976227e-02 2.724667079746723175e-02 3.843871876597404480e-02 1.334823668003082275e-02 1.566304592415690422e-03 2.052579633891582489e-02 3.280629403889179230e-03 4.192538931965827942e-02 4.171441122889518738e-02 2.790649048984050751e-02 2.145019359886646271e-02 1.659913547337055206e-02 4.120604693889617920e-02 3.769116103649139404e-02 4.632845148444175720e-02 7.700986415147781372e-02 7.703826297074556351e-03 5.449162423610687256e-02 1.899683661758899689e-02 4.519228264689445496e-02 1.547657791525125504e-02 1.810199464671313763e-03 1.341740693897008896e-02 8.653124677948653698e-04 4.779024049639701843e-03 1.005541253834962845e-02 4.887209832668304443e-02 1.097595412284135818e-02 1.612071506679058075e-02 3.704755380749702454e-02 2.080250903964042664e-02 9.426643140614032745e-03 2.803079318255186081e-03 1.123129762709140778e-02 4.358530789613723755e-02 8.286864496767520905e-03 1.714204624295234680e-02 1.860352605581283569e-02 5.271895788609981537e-03 9.813250973820686340e-03 1.998825185000896454e-02 4.998826980590820312e-02 1.119817513972520828e-02 1.460757944732904434e-02 2.182401902973651886e-02 4.812891595065593719e-03 4.617013502866029739e-03 1.868623867630958557e-02 4.555153846740722656e-02 1.937619410455226898e-02 2.607748098671436310e-02 4.154043644666671753e-02 2.318020351231098175e-02 2.231718041002750397e-02 2.364381961524486542e-02 2.276926534250378609e-03 1.335242949426174164e-02 4.463324788957834244e-03 6.447765976190567017e-02 2.001203410327434540e-02 2.822244726121425629e-02 3.370855376124382019e-02 3.295382019132375717e-03 9.293093346059322357e-03 1.764529384672641754e-02 5.126792564988136292e-02 6.312561454251408577e-04 1.354978512972593307e-02 4.349261056631803513e-03 2.429399825632572174e-02 2.386790141463279724e-02
