4.467535614967346191e-01 2.084096521139144897e-01 3.778294846415519714e-02 3.686948865652084351e-02 4.393446817994117737e-02 1.570818126201629639e-01 1.178910210728645325e-01 2.255231142044067383e-02 4.314308241009712219e-02 1.463757012970745564e-03 1.601397395133972168e-01 2.290843799710273743e-02 1.125223860144615173e-01 3.342814370989799500e-02 3.395887464284896851e-02 3.945917263627052307e-02 2.260287664830684662e-02 8.372098207473754883e-03 7.486311369575560093e-05 3.961363062262535095e-02 1.574749499559402466e-02 3.498500958085060120e-02 4.493146389722824097e-02 2.338824607431888580e-02 2.304333075881004333e-02 3.776904568076133728e-02 2.815331332385540009e-02 1.188600156456232071e-02 2.605249173939228058e-02 9.920128621160984039e-03 5.088503286242485046e-02 2.717486582696437836e-02 3.803682699799537659e-02 2.085981331765651703e-02 4.792481288313865662e-02 2.862132899463176727e-02 1.265439577400684357e-02 2.442620508372783661e-02 4.807604849338531494e-02 4.951606038957834244e-03 3.096570447087287903e-02 3.002696670591831207e-02 2.329788357019424438e-02 4.019089043140411377e-02 1.919578388333320618e-02 2.701607719063758850e-02 9.805465489625930786e-02 4.802518710494041443e-02 3.254027292132377625e-02 4.302350431680679321e-02 1.863902620971202850e-02 2.757919579744338989e-02 1.938962750136852264e-02 2.090311376377940178e-03 1.449673157185316086e-02 4.153385013341903687e-02 6.258719135075807571e-03 3.824333101511001587e-02 1.476206962252035737e-04 1.666019670665264130e-02 2.863333374261856079e-02 4.404692351818084717e-02 3.266716375946998596e-02 1.900685392320156097e-02 4.851518198847770691e-03 3.976115956902503967e-02 8.666030131280422211e-03 3.254300728440284729e-02 3.605699911713600159e-02 4.759967327117919922e-02 3.814258798956871033e-02 9.324492886662483215e-03 2.767572738230228424e-02 3.040964528918266296e-02 1.907731406390666962e-02 2.784332260489463806e-02 4.032185301184654236e-02 1.395495608448982239e-02 8.362316526472568512e-03 2.646524831652641296e-02 3.656976623460650444e-03 3.292369423434138298e-03 1.168159022927284241e-02 9.010383510030806065e-04 3.747195377945899963e-02 1.414170209318399429e-02 4.235800728201866150e-02 1.313342526555061340e-02 8.753429166972637177e-03 3.378568217158317566e-02 2.566324360668659210e-02 4.569117911159992218e-03 2.122403495013713837e-02 9.304226376116275787e-03 4.690829291939735413e-02 5.190749838948249817e-02 3.924394398927688599e-02 1.155594363808631897e-02 2.561770193278789520e-02 1.762209832668304443e-02 1.837097224779427052e-03 1.215612422674894333e-02 5.320216994732618332e-03 2.633573114871978760e-02 9.374983492307364941e-04 1.429015584290027618e-02 6.402658298611640930e-03 2.570700831711292267e-02 1.429286226630210876e-02 3.780637780437245965e-05 1.528501231223344803e-02 4.262767359614372253e-02 1.793171092867851257e-02 2.104677027091383934e-03 4.493452236056327820e-02 1.701308786869049072e-02
2.084096521139144897e-01 4.462856352329254150e-01 3.613117337226867676e-02 1.238516904413700104e-02 2.783575095236301422e-02 1.398352086544036865e-01 1.446817517280578613e-01 2.153027616441249847e-02 1.564010791480541229e-02 2.060723677277565002e-02 1.206596344709396362e-01 1.992099173367023468e-02 1.278141885995864868e-01 8.609045296907424927e-03 4.940079525113105774e-02 3.360251337289810181e-02 4.174025263637304306e-03 2.632683701813220978e-02 5.165288597345352173e-02 1.644289493560791016e-02 6.037906929850578308e-02 1.059670746326446533e-02 2.624071761965751648e-02 3.866476193070411682e-02 1.711985096335411072e-02 3.223218768835067749e-02 3.926040977239608765e-02 2.243356592953205109e-02 2.660500817000865936e-02 6.764479912817478180e-03 1.388946827501058578e-02 4.352128133177757263e-02 4.135823249816894531e-02 8.654506877064704895e-03 1.731953956186771393e-02 5.154186487197875977e-02 3.156554698944091797e-02 3.575614467263221741e-02 1.409460697323083878e-02 1.032790541648864746e-02 2.281601168215274811e-02 3.823033533990383148e-03 1.687629119260236621e-04 4.387464746832847595e-02 2.530472725629806519e-02 3.257425501942634583e-02 7.129714637994766235e-02 6.616234034299850464e-02 9.558008052408695221e-03 2.035747841000556946e-02 2.427973225712776184e-02 3.486329223960638046e-03 6.209877505898475647e-02 4.250963777303695679e-02 3.894522413611412048e-02 1.663755811750888824e-02 3.205860033631324768e-02 5.546006723307073116e-04 1.041547488421201706e-02 3.283235430717468262e-02 2.638850361108779907e-02 1.266602054238319397e-02 1.237194192071910948e-05 2.465300448238849640e-02 2.443977072834968567e-02 2.296857722103595734e-02 4.181507602334022522e-02 2.624575048685073853e-02 2.414268255233764648e-02 1.951919309794902802e-02 2.638222090899944305e-02 5.134380608797073364e-02 2.038271399214863777e-03 8.430945686995983124e-03 2.555540949106216431e-02 1.429754123091697693e-02 8.199050091207027435e-03 1.829558610916137695e-02 2.016459591686725616e-02 8.289183489978313446e-03 1.252985838800668716e-02 1.276243384927511215e-02 2.799862995743751526e-02 2.179974503815174103e-02 3.443748131394386292e-02 1.811777614057064056e-02 4.808615893125534058e-03 4.464066121727228165e-03 2.091630012728273869e-04 3.463759645819664001e-02 5.286845192313194275e-02 5.305749550461769104e-02 3.346274420619010925e-02 1.717266254127025604e-02 4.790788516402244568e-02 1.692959479987621307e-02 5.869472026824951172e-02 3.802547603845596313e-02 3.048717230558395386e-02 3.663439303636550903e-03 4.986254125833511353e-02 4.214078560471534729e-02 3.669935464859008789e-02 2.157602459192276001e-02 3.928228840231895447e-02 2.334821596741676331e-02 3.390803188085556030e-02 4.434460401535034180e-02 5.187192559242248535e-02 4.646744206547737122e-02 1.357660628855228424e-02 5.443173274397850037e-02 2.159917168319225311e-02 3.671816736459732056e-02 1.616002060472965240e-02 3.499339893460273743e-02
3.778294846415519714e-02 3.613117337226867676e-02 4.151819050312042236e-01 3.862344473600387573e-02 4.795168992131948471e-03 1.170682627707719803e-02 3.658246248960494995e-02 1.477534472942352295e-01 1.651503331959247589e-02 2.616373635828495026e-02 5.044334754347801208e-02 1.430228538811206818e-02 3.111971728503704071e-02 8.825782686471939087e-03 3.446391597390174866e-02 1.051167584955692291e-02 4.460387397557497025e-03 5.338954925537109375e-02 1.751547493040561676e-02 1.462317537516355515e-02 1.702341716736555099e-03 2.631258033215999603e-02 1.361817587167024612e-03 2.891801297664642334e-02 1.130724558606743813e-03 8.452437818050384521e-03 3.417726606130599976e-02 3.956944867968559265e-02 2.432986348867416382e-02 2.664788626134395599e-02 7.314334623515605927e-03 3.152243420481681824e-02 3.252998366951942444e-02 3.818214312195777893e-02 1.048906124196946621e-03 3.992340341210365295e-02 2.122910320758819580e-02 2.537682652473449707e-02 3.467288240790367126e-02 3.790471330285072327e-02 7.774730771780014038e-02 5.912167020142078400e-03 6.720425095409154892e-03 3.145571053028106689e-02 4.225723817944526672e-02 3.476724028587341309e-02 2.968090958893299103e-02 2.955562376882880926e-04 2.574976161122322083e-02 2.553714066743850708e-02 1.490623038262128830e-02 2.843314781785011292e-02 2.217247337102890015e-02 6.864185910671949387e-03 2.096423693001270294e-02 3.456742689013481140e-02 2.914318069815635681e-02 4.500427842140197754e-02 8.146744966506958008e-02 4.361571744084358215e-02 4.912763088941574097e-02 4.298823699355125427e-02 1.326446607708930969e-02 2.278331853449344635e-02 1.497980789281427860e-03 3.784652799367904663e-02 2.861680695787072182e-03 2.752940170466899872e-02 3.901153395418077707e-04 3.925639018416404724e-02 1.187379751354455948e-02 5.297508556395769119e-03 1.155157759785652161e-02 6.533307489007711411e-03 2.781992219388484955e-02 1.042766124010086060e-02 7.412892300635576248e-03 3.667744621634483337e-02 7.186141796410083771e-03 1.338181179016828537e-02 1.512601971626281738e-01 1.586086153984069824e-01 1.903576031327247620e-02 2.258177287876605988e-02 8.778843097388744354e-03 3.440054506063461304e-02 3.403847292065620422e-02 2.438602223992347717e-02 3.837258741259574890e-02 2.235164120793342590e-02 4.584581404924392700e-02 3.754819929599761963e-02 1.523971743881702423e-02 3.399461135268211365e-02 1.182429306209087372e-02 2.967576729133725166e-03 2.094709314405918121e-02 5.554805509746074677e-03 3.568945080041885376e-02 7.986443117260932922e-03 2.234777808189392090e-02 2.489427290856838226e-02 8.084524422883987427e-03 7.283148821443319321e-03 7.845160434953868389e-04 1.281916350126266479e-02 3.834537044167518616e-02 6.656936369836330414e-03 3.433899208903312683e-02 3.034465201199054718e-02 1.155937090516090393e-02 1.845631003379821777e-02 2.009152248501777649e-02 1.611052826046943665e-02 1.866092672571539879e-03 1.531699323095381260e-03
3.686948865652084351e-02 1.238516904413700104e-02 3.862344473600387573e-02 4.334651231765747070e-01 1.893320232629776001e-01 3.716222196817398071e-02 9.733721613883972168e-03 3.571867197751998901e-02 3.503985353745520115e-04 3.980774432420730591e-03 4.582026228308677673e-02 2.817939966917037964e-03 2.765773795545101166e-02 3.888504114001989365e-03 2.511680498719215393e-02 1.094367448240518570e-02 2.204350754618644714e-02 3.253519162535667419e-02 4.292977601289749146e-02 4.385839775204658508e-02 1.826256513595581055e-02 7.299735676497220993e-03 5.064664781093597412e-02 3.621033206582069397e-02 7.546986918896436691e-03 5.163253471255302429e-02 5.071359872817993164e-02 7.117743603885173798e-03 1.868495903909206390e-02 3.618572279810905457e-02 5.415468942373991013e-03 4.999150708317756653e-02 6.471917778253555298e-02 2.569250389933586121e-02 3.369900956749916077e-02 3.183587267994880676e-02 3.542339056730270386e-02 1.425035949796438217e-02 1.378281563520431519e-01 9.150162339210510254e-02 4.563056677579879761e-02 1.563729532063007355e-02 3.302636742591857910e-02 3.372196108102798462e-02 2.663270197808742523e-02 6.810086313635110855e-03 1.883259229362010956e-02 1.404873840510845184e-02 3.437633067369461060e-02 2.173059992492198944e-02 5.015194788575172424e-02 8.498412370681762695e-02 5.045092105865478516e-02 1.434636861085891724e-02 6.311633042059838772e-04 3.475408535450696945e-03 3.902135789394378662e-02 3.663123771548271179e-02 1.630274206399917603e-02 5.705023929476737976e-02 2.149271406233310699e-02 5.843292176723480225e-02 3.851177170872688293e-02 1.033040694892406464e-02 8.728868328034877777e-03 4.099334776401519775e-02 3.616695106029510498e-02 1.441116165369749069e-02 5.041159223765134811e-03 7.140548434108495712e-03 1.435104943811893463e-02 1.603628322482109070e-02 1.206712648272514343e-01 6.155916489660739899e-04 4.637243598699569702e-02 5.977889057248830795e-03 7.235116325318813324e-03 1.939714513719081879e-02 4.795010387897491455e-02 3.921094536781311035e-02 4.067482426762580872e-02 8.680541068315505981e-03 1.512009799480438232e-01 2.379688993096351624e-02 5.881008226424455643e-03 4.084471985697746277e-02 5.257386714220046997e-02 4.813360981643199921e-03 3.498892858624458313e-02 4.356129840016365051e-02 3.665650635957717896e-02 4.307866841554641724e-02 6.106429733335971832e-03 3.999017551541328430e-02 4.221172258257865906e-02 3.993569687008857727e-02 4.518605768680572510e-02 2.328819222748279572e-02 3.520844131708145142e-02 2.850849367678165436e-02 2.622140571475028992e-02 9.644782170653343201e-03 4.301080107688903809e-02 4.337565973401069641e-02 6.202627439051866531e-03 1.812905259430408478e-02 2.297223545610904694e-02 4.398149251937866211e-02 4.719540476799011230e-02 3.795256139710545540e-03 5.273109674453735352e-02 3.946610726416110992e-03 2.461535483598709106e-02 3.620481491088867188e-02 2.084884792566299438e-02 4.593051224946975708e-02
4.393446817994117737e-02 2.783575095236301422e-02 4.795168992131948471e-03 1.893320232629776001e-01 4.188206195831298828e-01 4.978507384657859802e-02 2.980982884764671326e-02 1.123545877635478973e-02 5.254848301410675049e-02 1.303754653781652451e-02 1.227994100190699100e-03 1.090037357062101364e-02 3.049557097256183624e-02 7.484492380172014236e-03 2.437382191419601440e-02 3.591934964060783386e-02 5.060922354459762573e-03 6.506110727787017822e-02 1.673013903200626373e-02 2.014938555657863617e-02 3.861691430211067200e-02 2.116762846708297729e-02 4.804878309369087219e-02 2.497968077659606934e-02 4.946003854274749756e-02 5.360213667154312134e-02 1.155467145144939423e-02 1.361015811562538147e-02 3.128579631447792053e-02 9.083702228963375092e-03 3.138137981295585632e-02 2.523672394454479218e-02 1.499156001955270767e-02 3.094854578375816345e-02 3.683138638734817505e-02 1.877081394195556641e-02 1.213035266846418381e-02 3.800430800765752792e-03 7.455158978700637817e-02 5.047845095396041870e-02 7.696251850575208664e-03 2.045558393001556396e-02 4.316605627536773682e-02 3.011353127658367157e-02 8.536406792700290680e-03 3.040764713659882545e-04 2.700280211865901947e-02 1.478542201220989227e-02 1.008112076669931412e-02 2.847047057002782822e-03 1.500356476753950119e-02 3.220192715525627136e-02 3.421405330300331116e-02 2.046393975615501404e-02 1.108314376324415207e-02 3.491636831313371658e-03 8.197559975087642670e-03 3.615471534430980682e-03 1.732395216822624207e-02 2.891759574413299561e-02 6.113882735371589661e-02 3.977509215474128723e-02 2.061843872070312500e-02 1.086073555052280426e-02 2.363715134561061859e-02 9.446097537875175476e-03 2.531112171709537506e-03 6.168749183416366577e-03 1.355338189750909805e-02 4.786339774727821350e-02 5.490303412079811096e-02 2.867360040545463562e-02 2.448979206383228302e-02 2.168575674295425415e-02 5.919924378395080566e-02 4.614426288753747940e-03 4.836551472544670105e-02 4.703292250633239746e-02 1.160737220197916031e-02 2.780492790043354034e-02 2.137324027717113495e-02 3.414255008101463318e-02 7.215789705514907837e-02 8.715961128473281860e-02 4.879921302199363708e-02 2.616015449166297913e-02 5.233671516180038452e-02 5.132922902703285217e-02 2.296357415616512299e-02 2.171334624290466309e-02 3.470413014292716980e-02 4.439179971814155579e-02 1.620703551452606916e-04 2.843163162469863892e-02 1.216395851224660873e-02 1.298698130995035172e-03 4.417528212070465088e-02 3.699703514575958252e-02 8.464082493446767330e-04 4.086653515696525574e-02 2.711018174886703491e-02 4.855133965611457825e-02 9.783284738659858704e-03 6.007423624396324158e-03 6.974415853619575500e-03 1.103511312976479530e-03 9.599762037396430969e-03 3.083695471286773682e-02 3.720850870013237000e-02 3.523746132850646973e-02 5.323765426874160767e-02 1.199078485369682312e-01 1.654151268303394318e-02 2.320378646254539490e-02 1.270186528563499451e-02 1.066046953201293945e-02
1.570818126201629639e-01 1.398352086544036865e-01 1.170682627707719803e-02 3.716222196817398071e-02 4.978507384657859802e-02 4.357160925865173340e-01 1.986149549484252930e-01 3.636457398533821106e-02 3.351738676428794861e-02 1.233267784118652344e-02 5.696167051792144775e-02 2.820031344890594482e-02 3.858380019664764404e-02 1.564795151352882385e-02 1.295815315097570419e-02 8.875944651663303375e-03 1.571417041122913361e-02 2.308323048055171967e-02 7.224674336612224579e-03 3.572519123554229736e-02 3.637841343879699707e-02 3.551295399665832520e-02 1.138477679342031479e-02 4.403216764330863953e-02 3.280482441186904907e-02 1.289635989814996719e-02 1.958565600216388702e-02 3.342282772064208984e-02 4.908756539225578308e-02 2.766948752105236053e-02 1.917350664734840393e-02 1.909057958982884884e-03 2.822857350111007690e-02 2.280504070222377777e-02 1.051932014524936676e-02 3.845639899373054504e-02 3.909119591116905212e-02 2.435809560120105743e-02 1.621217094361782074e-02 1.090551074594259262e-02 1.229702122509479523e-02 1.483304984867572784e-02 4.454058781266212463e-02 3.237511962652206421e-02 2.078920806525275111e-04 8.349451236426830292e-03 1.035022959113121033e-01 1.203478872776031494e-02 3.616750985383987427e-02 2.095515606924891472e-03 4.018589481711387634e-02 4.277730826288461685e-03 4.240895621478557587e-03 3.293792158365249634e-02 1.790322596207261086e-03 3.516922518610954285e-02 6.447288207709789276e-03 3.964969143271446228e-02 3.255560994148254395e-02 1.457444392144680023e-02 8.452937006950378418e-03 1.127344556152820587e-02 4.110543886781670153e-05 1.601128093898296356e-02 5.470120161771774292e-02 5.422281473875045776e-02 7.784761488437652588e-03 2.492552995681762695e-02 2.456516027450561523e-02 3.203137218952178955e-02 2.773548662662506104e-02 2.790661714971065521e-02 7.180291414260864258e-02 1.628173328936100006e-02 2.500910684466362000e-02 1.982663013041019440e-02 2.098570764064788818e-02 9.894474409520626068e-03 9.610154666006565094e-03 3.393680229783058167e-02 1.891203783452510834e-02 1.283059176057577133e-02 1.114606158807873726e-03 1.530298124998807907e-02 3.432540223002433777e-02 3.314351290464401245e-02 8.728194981813430786e-03 1.547680050134658813e-02 1.527465600520372391e-02 3.268834576010704041e-02 6.720941048115491867e-03 4.161958023905754089e-02 5.539562553167343140e-02 4.164496436715126038e-02 2.199844224378466606e-03 2.148815197870135307e-03 3.111966140568256378e-02 2.397393062710762024e-02 3.459564596414566040e-02 2.179059898480772972e-03 5.295158177614212036e-02 2.193586714565753937e-02 5.755455698817968369e-03 1.947505958378314972e-02 3.845109418034553528e-02 6.662716716527938843e-02 4.387741535902023315e-02 3.705848706886172295e-03 4.473554342985153198e-02 4.199112579226493835e-02 6.438075751066207886e-02 2.489737980067729950e-02 6.520016491413116455e-02 4.165075346827507019e-02 3.479529544711112976e-02 1.792304590344429016e-02
1.178910210728645325e-01 1.446817517280578613e-01 3.658246248960494995e-02 9.733721613883972168e-03 2.980982884764671326e-02 1.986149549484252930e-01 4.417147040367126465e-01 6.631813943386077881e-03 2.969413995742797852e-02 2.095018699765205383e-02 4.251836985349655151e-02 3.803339973092079163e-02 4.533090069890022278e-02 5.380579084157943726e-02 2.749315090477466583e-02 1.156436838209629059e-02 6.356126628816127777e-03 5.817092955112457275e-03 3.615003079175949097e-03 2.351325005292892456e-02 8.039429783821105957e-02 2.697822405025362968e-03 3.920653089880943298e-02 1.905814930796623230e-02 2.157054841518402100e-02 2.072246186435222626e-02 3.379789367318153381e-02 3.258423507213592529e-02 4.272729530930519104e-02 6.648204289376735687e-03 3.835946321487426758e-02 4.165923595428466797e-02 3.231623023748397827e-02 2.841996774077415466e-02 2.159603126347064972e-02 2.788386121392250061e-02 3.117156215012073517e-02 1.779773831367492676e-02 2.284734323620796204e-02 4.839776083827018738e-03 3.433341905474662781e-02 5.158749874681234360e-03 2.557281777262687683e-02 1.194023247808218002e-02 4.311400279402732849e-02 2.564358524978160858e-02 1.144476085901260376e-01 1.321733742952346802e-01 7.769182324409484863e-03 8.015625178813934326e-03 1.962949521839618683e-02 4.254633933305740356e-02 2.129789628088474274e-02 3.375555202364921570e-02 2.787867747247219086e-02 1.903447322547435760e-02 4.450009763240814209e-02 1.043919008225202560e-02 3.217357397079467773e-02 2.727185003459453583e-02 9.603878483176231384e-03 2.699720114469528198e-02 2.287034690380096436e-02 1.641123369336128235e-02 5.211484432220458984e-02 1.733005233108997345e-02 7.329755276441574097e-02 2.554093487560749054e-02 1.328202057629823685e-02 1.608200930058956146e-02 1.881817914545536041e-02 3.802895173430442810e-02 5.276329070329666138e-02 4.857264459133148193e-03 4.629714041948318481e-02 4.601658508181571960e-02 8.245691657066345215e-03 2.169304713606834412e-02 1.760623417794704437e-03 4.272290319204330444e-02 3.976130858063697815e-02 2.058318443596363068e-02 4.025108367204666138e-02 3.108879737555980682e-02 2.659184671938419342e-02 5.279891192913055420e-02 4.677279666066169739e-02 3.443194180727005005e-02 3.464532271027565002e-02 5.099272355437278748e-02 5.277801305055618286e-02 4.221106320619583130e-02 4.476468265056610107e-02 5.381224676966667175e-02 2.833206020295619965e-02 7.605373393744230270e-03 4.324806481599807739e-02 1.834176294505596161e-02 3.160589933395385742e-02 2.648998238146305084e-02 5.305793881416320801e-02 3.082880936563014984e-02 1.084170071408152580e-03 6.166179198771715164e-03 2.635153196752071381e-02 1.030509173870086670e-02 2.473595552146434784e-02 3.710367530584335327e-02 3.378470987081527710e-02 4.936150740832090378e-03 3.568392246961593628e-02 5.547070875763893127e-02 4.536293074488639832e-02 2.175254747271537781e-02 7.603048346936702728e-03 1.097355317324399948e-02
2.255231142044067383e-02 2.153027616441249847e-02 1.477534472942352295e-01 3.571867197751998901e-02 1.123545877635478973e-02 3.636457398533821106e-02 6.631813943386077881e-03 4.373984038829803467e-01 4.655741155147552490e-02 2.385365962982177734e-02 5.678072571754455566e-02 4.049593210220336914e-02 4.555496945977210999e-02 4.541033413261175156e-03 1.251680552959442139e-01 2.770485356450080872e-02 4.238259047269821167e-02 1.686905324459075928e-02 5.201493948698043823e-02 1.341409049928188324e-02 3.686473891139030457e-02 7.492592930793762207e-02 2.497921325266361237e-02 3.372365981340408325e-02 2.520899288356304169e-02 3.941238392144441605e-03 3.757484024390578270e-03 2.067837677896022797e-02 3.646713867783546448e-02 1.710659265518188477e-02 2.063020318746566772e-02 1.835643872618675232e-02 2.338568679988384247e-02 2.765866182744503021e-02 2.360039390623569489e-02 2.739991061389446259e-02 1.914863474667072296e-02 1.096861436963081360e-02 1.405979692935943604e-02 2.115838788449764252e-02 2.781139127910137177e-02 2.144261822104454041e-02 4.150963947176933289e-02 6.692355126142501831e-02 2.278544008731842041e-02 6.630642339587211609e-03 2.551299985498189926e-04 5.042695626616477966e-02 3.316249698400497437e-02 4.267231374979019165e-02 2.235210500657558441e-02 4.884476587176322937e-02 2.472954615950584412e-02 5.787022411823272705e-03 2.723317593336105347e-02 3.374006599187850952e-02 1.842481829226016998e-02 1.702804490923881531e-02 7.168204057961702347e-03 4.739971458911895752e-02 1.373106800019741058e-02 2.659618481993675232e-02 4.427628219127655029e-02 1.766814664006233215e-02 3.949039429426193237e-02 6.303382106125354767e-03 3.596598282456398010e-02 1.626820862293243408e-02 2.555517293512821198e-02 4.291255399584770203e-02 3.954332694411277771e-02 2.870886586606502533e-03 2.554252743721008301e-02 4.948779568076133728e-02 5.710498429834842682e-03 1.650672219693660736e-02 3.379625827074050903e-02 2.490582130849361420e-02 3.766012936830520630e-02 2.919607097283005714e-03 1.546528190374374390e-01 6.679808348417282104e-02 4.256210848689079285e-02 2.126970095559954643e-03 8.938791230320930481e-03 2.090036682784557343e-02 1.173081696033477783e-01 7.183650881052017212e-02 4.311949014663696289e-02 1.294140983372926712e-02 2.466093562543392181e-02 2.430806867778301239e-03 3.626841679215431213e-02 6.975949276238679886e-03 3.409679606556892395e-02 3.583891317248344421e-02 3.859316557645797729e-02 1.329523138701915741e-02 1.911554113030433655e-02 1.801301538944244385e-02 3.193330764770507812e-02 3.256233781576156616e-02 2.312785573303699493e-02 2.312000095844268799e-02 4.837770760059356689e-02 6.002787500619888306e-02 1.446218788623809814e-02 4.566023498773574829e-02 1.176816225051879883e-02 5.276429653167724609e-02 2.852161228656768799e-02 4.969721287488937378e-02 5.881667137145996094e-03 2.880404330790042877e-02 2.063490683212876320e-03 5.338731780648231506e-02
4.314308241009712219e-02 1.564010791480541229e-02 1.651503331959247589e-02 3.503985353745520115e-04 5.254848301410675049e-02 3.351738676428794861e-02 2.969413995742797852e-02 4.655741155147552490e-02 4.456247687339782715e-01 4.370664060115814209e-02 3.769873082637786865e-02 2.646903879940509796e-02 3.613576292991638184e-02 4.327983781695365906e-02 2.921503037214279175e-02 2.777061238884925842e-02 4.933373536914587021e-03 9.078324586153030396e-02 1.082407217472791672e-02 1.973308436572551727e-02 1.158883050084114075e-02 2.009270712733268738e-02 5.298471823334693909e-02 2.165212295949459076e-02 1.139152329415082932e-02 3.463591635227203369e-02 1.471722032874822617e-02 1.984086446464061737e-02 4.826701432466506958e-02 5.435932055115699768e-02 5.073177814483642578e-02 4.624451324343681335e-02 2.439101971685886383e-02 2.838046289980411530e-02 1.539075747132301331e-02 2.150090597569942474e-02 3.261363506317138672e-02 3.697196766734123230e-02 1.631394773721694946e-02 7.574646174907684326e-02 3.871146216988563538e-02 5.504054203629493713e-02 5.247950926423072815e-02 3.670724481344223022e-02 4.408944398164749146e-02 2.929155528545379639e-02 3.757753223180770874e-02 1.866614632308483124e-02 2.519799210131168365e-02 8.653881959617137909e-03 5.740274488925933838e-02 4.012536630034446716e-02 1.142447907477617264e-02 3.231821209192276001e-02 3.512325137853622437e-02 1.160578150302171707e-02 7.636516820639371872e-03 3.725070133805274963e-02 1.237338036298751831e-02 4.905801638960838318e-02 3.003653837367892265e-03 5.137458443641662598e-02 4.072421789169311523e-02 2.260157838463783264e-02 1.443079207092523575e-02 2.209793776273727417e-02 1.573601923882961273e-02 2.602694369852542877e-02 6.161934696137905121e-03 1.966237090528011322e-02 2.918534539639949799e-02 3.687518462538719177e-02 3.256058692932128906e-02 5.266949534416198730e-02 3.942229971289634705e-02 3.790597990155220032e-02 1.218829378485679626e-01 3.475856781005859375e-02 9.999062865972518921e-02 6.195703148841857910e-02 3.765607997775077820e-02 2.258530631661415100e-02 2.695939689874649048e-02 3.315937006846070290e-03 4.219942167401313782e-02 5.291632190346717834e-02 4.514648020267486572e-02 3.369080647826194763e-02 2.425899496302008629e-03 2.857919549569487572e-03 4.722989723086357117e-02 1.704454794526100159e-02 6.786558777093887329e-03 1.002737320959568024e-02 4.850590601563453674e-02 5.095395818352699280e-02 1.007095910608768463e-02 2.395890466868877411e-02 3.500816971063613892e-02 3.701519221067428589e-02 6.379626691341400146e-02 6.328413635492324829e-02 3.100323490798473358e-02 3.977295942604541779e-03 1.177013386040925980e-02 3.389240056276321411e-02 6.078394129872322083e-02 4.884268343448638916e-02 8.491250127553939819e-02 1.772802695631980896e-02 4.202226176857948303e-02 1.562681607902050018e-02 5.098912864923477173e-02 3.282997384667396545e-02 1.686636917293071747e-02 4.870516434311866760e-02
1.463757012970745564e-03 2.060723677277565002e-02 2.616373635828495026e-02 3.980774432420730591e-03 1.303754653781652451e-02 1.233267784118652344e-02 2.095018699765205383e-02 2.385365962982177734e-02 4.370664060115814209e-02 4.492509067058563232e-01 1.378353126347064972e-02 8.440567180514335632e-03 1.118302531540393829e-02 4.226863011717796326e-02 1.181737170554697514e-03 4.834856092929840088e-02 4.823629930615425110e-02 4.186664707958698273e-03 4.696852341294288635e-02 1.583002693951129913e-02 2.284210361540317535e-02 1.525834016501903534e-02 2.121476642787456512e-02 5.341140925884246826e-02 3.807550668716430664e-02 3.024010546505451202e-02 2.519060671329498291e-02 8.752306923270225525e-03 9.818648919463157654e-03 2.132125012576580048e-02 2.201559022068977356e-02 1.226534513989463449e-04 1.875542290508747101e-02 1.408733427524566650e-02 5.349776893854141235e-02 8.790384046733379364e-03 3.189074248075485229e-02 2.406039647758007050e-02 4.489471763372421265e-02 4.720440879464149475e-02 1.804796978831291199e-02 4.655741155147552490e-02 3.474494814872741699e-02 3.015198744833469391e-02 5.143190547823905945e-02 1.298271398991346359e-02 3.021750971674919128e-02 5.344088422134518623e-04 2.328036911785602570e-02 5.912041664123535156e-02 1.165721192955970764e-02 3.704218566417694092e-02 2.184748882427811623e-03 1.538995373994112015e-02 4.189959168434143066e-02 6.157760694622993469e-02 1.259252056479454041e-02 2.469907328486442566e-02 6.269231438636779785e-03 2.706718817353248596e-02 5.201213061809539795e-02 6.552546471357345581e-02 2.552706003189086914e-02 3.206817433238029480e-02 1.828370615839958191e-02 2.473561326041817665e-03 6.265852600336074829e-02 5.561725795269012451e-02 2.449184656143188477e-02 5.610838066786527634e-03 4.005346074700355530e-02 4.124243184924125671e-02 3.465329483151435852e-02 2.153693139553070068e-02 3.523429110646247864e-02 3.862665966153144836e-02 4.332487657666206360e-02 1.061604470014572144e-01 4.116866737604141235e-02 1.075401157140731812e-01 1.062076445668935776e-02 3.124047070741653442e-02 5.730700492858886719e-02 5.371516942977905273e-02 2.874831669032573700e-03 3.481673076748847961e-02 1.197048369795084000e-02 1.817502267658710480e-02 2.236525341868400574e-02 2.905027009546756744e-02 3.355506807565689087e-02 4.758291319012641907e-02 3.219038620591163635e-02 2.678056061267852783e-02 1.591362245380878448e-02 1.860722899436950684e-02 3.773011639714241028e-02 3.545431047677993774e-02 1.399445696733891964e-03 4.212000221014022827e-02 1.398269366472959518e-02 3.810341656208038330e-02 1.627894933335483074e-03 1.922322995960712433e-02 2.646871469914913177e-02 3.891105949878692627e-02 6.289747357368469238e-02 4.924276471138000488e-02 2.377123571932315826e-02 4.441085457801818848e-02 3.912742063403129578e-02 9.726634249091148376e-03 5.446074530482292175e-02 1.764333434402942657e-02 4.352825880050659180e-02 4.735137522220611572e-02
1.601397395133972168e-01 1.206596344709396362e-01 5.044334754347801208e-02 4.582026228308677673e-02 1.227994100190699100e-03 5.696167051792144775e-02 4.251836985349655151e-02 5.678072571754455566e-02 3.769873082637786865e-02 1.378353126347064972e-02 4.498156011104583740e-01 2.890068665146827698e-02 1.546911746263504028e-01 1.945132575929164886e-02 2.280859835445880890e-02 1.718678139150142670e-02 4.750814661383628845e-02 4.872846975922584534e-02 1.796035468578338623e-02 1.317408401519060135e-02 1.963896118104457855e-02 1.198859419673681259e-02 2.718283236026763916e-02 3.717246651649475098e-02 3.549215197563171387e-02 4.101375490427017212e-02 1.938738510943949223e-03 4.730440303683280945e-02 1.569304987788200378e-02 3.243139758706092834e-02 2.994205569848418236e-03 7.907604798674583435e-03 4.282766208052635193e-02 3.452290222048759460e-02 1.166048925369977951e-02 9.148758836090564728e-03 2.500071562826633453e-02 6.816286128014326096e-03 1.470120158046483994e-02 4.530492797493934631e-02 2.342255972325801849e-02 1.935730129480361938e-02 3.328368300572037697e-03 1.823979243636131287e-02 1.196004450321197510e-02 2.568773692473769188e-03 9.988610446453094482e-02 2.591329999268054962e-02 1.132017560303211212e-02 3.798390179872512817e-02 1.954070851206779480e-02 3.404365479946136475e-02 1.431409735232591629e-02 2.695041149854660034e-02 3.789697214961051941e-02 2.581050246953964233e-02 2.335228957235813141e-02 3.025671839714050293e-02 1.282859407365322113e-02 9.274116717278957367e-03 1.521607115864753723e-02 2.883718907833099365e-02 3.808981552720069885e-02 4.150441288948059082e-02 7.565232366323471069e-02 6.561710685491561890e-02 6.660702172666788101e-03 5.241912603378295898e-02 1.049028476700186729e-03 1.770894508808851242e-03 1.374605763703584671e-02 7.545895408838987350e-03 2.253216318786144257e-02 3.924756124615669250e-02 4.160409793257713318e-02 4.394689574837684631e-02 1.879126764833927155e-02 1.332268468104302883e-03 5.081428214907646179e-02 1.699901558458805084e-02 4.809240996837615967e-02 2.950936183333396912e-02 2.366174757480621338e-02 4.344304651021957397e-02 1.814745739102363586e-02 4.529579728841781616e-02 3.944299183785915375e-03 3.050807677209377289e-02 3.351785615086555481e-02 3.151152981445193291e-03 2.504244446754455566e-02 3.594725579023361206e-02 4.886926035396754742e-04 2.170172892510890961e-02 7.870115339756011963e-03 2.081322669982910156e-02 2.649922110140323639e-02 1.872399821877479553e-02 2.775031886994838715e-02 1.662973128259181976e-02 2.985524944961071014e-02 2.954745478928089142e-02 3.404543176293373108e-02 1.130539737641811371e-02 2.471300028264522552e-02 1.874699816107749939e-02 1.743818749673664570e-03 2.364769764244556427e-02 3.776739537715911865e-02 4.018945037387311459e-04 2.685930114239454269e-03 2.229284867644309998e-02 1.201664190739393234e-02 2.574157342314720154e-02 3.267221897840499878e-02 2.648264914751052856e-02
2.290843799710273743e-02 1.992099173367023468e-02 1.430228538811206818e-02 2.817939966917037964e-03 1.090037357062101364e-02 2.820031344890594482e-02 3.803339973092079163e-02 4.049593210220336914e-02 2.646903879940509796e-02 8.440567180514335632e-03 2.890068665146827698e-02 4.414321184158325195e-01 3.038897924125194550e-02 2.370768487453460693e-01 3.072856552898883820e-02 3.467578068375587463e-02 9.730150923132896423e-03 1.521549071185290813e-03 5.298866704106330872e-02 8.417251519858837128e-03 3.703835979104042053e-02 3.988249972462654114e-02 1.027110293507575989e-01 8.871735632419586182e-02 4.294094070792198181e-02 6.842890381813049316e-02 2.466818690299987793e-02 1.175445243716239929e-01 3.910838160663843155e-03 7.514864951372146606e-02 1.197293866425752640e-02 3.672060370445251465e-02 5.165981710888445377e-04 2.044137194752693176e-02 1.748234964907169342e-02 1.598091609776020050e-02 3.021370805799961090e-02 1.983747445046901703e-02 8.404264226555824280e-03 4.005137085914611816e-02 1.027371454983949661e-02 9.911346249282360077e-03 3.137497603893280029e-02 2.316321432590484619e-02 3.737272694706916809e-02 2.418479695916175842e-02 2.635370567440986633e-02 9.464671835303306580e-03 3.701101616024971008e-02 4.264280945062637329e-02 4.712150990962982178e-02 1.952175423502922058e-02 3.287658840417861938e-02 1.106731127947568893e-02 2.671482600271701813e-02 2.866475284099578857e-02 2.487957850098609924e-02 1.500678807497024536e-02 2.202622592449188232e-02 4.041992500424385071e-02 1.653239317238330841e-02 2.791872993111610413e-02 2.757254987955093384e-02 3.711561486124992371e-02 3.107946552336215973e-02 4.886556416749954224e-02 4.005864262580871582e-02 3.382309153676033020e-02 6.084002181887626648e-02 1.001412235200405121e-02 5.977122858166694641e-02 1.227506250143051147e-02 4.209147766232490540e-02 1.719762012362480164e-02 2.547895722091197968e-02 4.071037692483514547e-04 2.635086327791213989e-02 2.666530571877956390e-02 5.487912148237228394e-02 5.632428079843521118e-02 3.665323182940483093e-02 9.835339151322841644e-03 4.070352017879486084e-02 1.656937785446643829e-02 2.431048080325126648e-02 5.586637184023857117e-02 1.960617490112781525e-02 3.584257513284683228e-02 4.132384434342384338e-02 1.947890222072601318e-02 1.919821277260780334e-02 1.497388910502195358e-02 5.477245524525642395e-02 4.929464682936668396e-02 2.334082312881946564e-02 2.821629866957664490e-03 9.367160499095916748e-03 1.270955801010131836e-02 1.133235730230808258e-02 1.689029298722743988e-02 2.161310613155364990e-02 2.164884097874164581e-02 2.201575040817260742e-02 3.744674474000930786e-02 2.836396731436252594e-02 2.613644173834472895e-04 1.418312895111739635e-03 2.392029622569680214e-03 5.447154864668846130e-02 2.253168728202581406e-03 3.029105812311172485e-02 1.854134909808635712e-02 1.702609285712242126e-02 2.799586020410060883e-02 1.629062369465827942e-02 4.527682811021804810e-02
1.125223860144615173e-01 1.278141885995864868e-01 3.111971728503704071e-02 2.765773795545101166e-02 3.049557097256183624e-02 3.858380019664764404e-02 4.533090069890022278e-02 4.555496945977210999e-02 3.613576292991638184e-02 1.118302531540393829e-02 1.546911746263504028e-01 3.038897924125194550e-02 4.513099789619445801e-01 2.923663705587387085e-02 3.903751820325851440e-02 1.817872002720832825e-02 2.916573733091354370e-02 3.164436295628547668e-02 2.163575962185859680e-02 4.067493602633476257e-02 1.198345702141523361e-02 2.335380390286445618e-02 5.074090883135795593e-02 3.094417788088321686e-02 6.890038959681987762e-03 2.468969114124774933e-02 3.799029393121600151e-03 3.547881916165351868e-02 1.643931865692138672e-02 3.159546852111816406e-02 3.937436640262603760e-02 3.124668262898921967e-02 4.721096530556678772e-02 6.641014479100704193e-03 3.284012898802757263e-02 1.630346663296222687e-02 2.115677669644355774e-02 2.856357768177986145e-02 1.821602508425712585e-02 2.020862884819507599e-02 2.195804938673973083e-02 2.016672678291797638e-02 3.487522713840007782e-03 2.058855257928371429e-02 2.036818303167819977e-02 1.808377355337142944e-02 7.858454436063766479e-02 4.913652688264846802e-02 3.457161830738186836e-03 3.677761554718017578e-02 4.029379785060882568e-02 3.869761899113655090e-02 7.331445347517728806e-03 2.412693109363317490e-03 3.949891403317451477e-02 2.156155882403254509e-03 4.349302127957344055e-02 3.956719487905502319e-02 2.506611170247197151e-03 3.940346650779247284e-03 3.296447172760963440e-02 1.721790991723537445e-02 6.905235350131988525e-04 4.367816075682640076e-02 5.287007242441177368e-02 8.109848201274871826e-02 2.130695804953575134e-02 4.409170523285865784e-02 7.908083498477935791e-03 1.233843434602022171e-02 3.028259612619876862e-03 2.092216722667217255e-02 2.654322609305381775e-02 5.003753304481506348e-02 1.125511014834046364e-03 4.657728597521781921e-02 1.410044077783823013e-02 4.206104669719934464e-03 5.248624458909034729e-02 1.352284010499715805e-02 1.886017434298992157e-02 4.137838259339332581e-02 4.992970079183578491e-02 3.296815231442451477e-02 3.266952559351921082e-02 3.095758520066738129e-02 6.152001209557056427e-03 7.281450927257537842e-02 4.690501466393470764e-02 1.648739911615848541e-02 3.006479516625404358e-02 2.352388203144073486e-02 3.578362986445426941e-02 4.145410656929016113e-02 5.509434849955141544e-04 2.407178096473217010e-02 6.559061352163553238e-03 4.111934080719947815e-02 8.738566190004348755e-03 3.056348301470279694e-02 2.562379278242588043e-02 3.663687780499458313e-02 3.289769170805811882e-03 4.201551526784896851e-02 2.730866335332393646e-02 5.557937920093536377e-02 1.440491154789924622e-02 1.921757124364376068e-02 1.819667592644691467e-02 1.499594654887914658e-02 1.539365388453006744e-02 1.783891394734382629e-02 2.095951512455940247e-02 3.521701321005821228e-03 4.534062370657920837e-02 1.447721198201179504e-02
