4.114435613155364990e-01 7.263835868798196316e-04 2.982161007821559906e-02 1.723228208720684052e-02 2.374508790671825409e-02 1.774946031218860298e-05 6.411796808242797852e-02 7.533772848546504974e-03 3.074284270405769348e-02 6.217191368341445923e-02 1.187024116516113281e-01 1.630999147891998291e-02 6.310274824500083923e-03 4.840488731861114502e-02 4.331941902637481689e-02 1.952926069498062134e-02 3.723512217402458191e-02 9.552544914186000824e-03 1.950892619788646698e-02 1.599107123911380768e-02 2.800044603645801544e-02 1.268061622977256775e-02 3.215192630887031555e-02 3.072723373770713806e-02 3.804481774568557739e-02 6.930963695049285889e-02 5.281983688473701477e-02 1.671771146357059479e-02 7.895382121205329895e-03 2.219518274068832397e-02 1.712699979543685913e-02 5.498702824115753174e-02 4.896116442978382111e-03 2.859939076006412506e-02 1.761803962290287018e-02 1.617358438670635223e-02 1.725876517593860626e-02 7.272917311638593674e-03 5.800052732229232788e-02 8.047442883253097534e-03 1.955027692019939423e-02 2.264541015028953552e-02 1.480978075414896011e-02 1.294550951570272446e-02 1.655781990848481655e-03 3.396904841065406799e-02 1.100274454802274704e-02 2.030157018452882767e-03 1.728088781237602234e-02 2.910173870623111725e-02 2.308635786175727844e-02 3.872646763920783997e-02 5.326618254184722900e-02 5.069964751601219177e-02 1.498998235911130905e-02 1.977449283003807068e-02 1.797690929379314184e-04 2.313134633004665375e-02 4.602439235895872116e-03 3.619223460555076599e-02 2.460799552500247955e-02 5.760812666267156601e-03 7.927217334508895874e-02 2.616669423878192902e-02 7.477231323719024658e-03 2.604446746408939362e-02 2.830926328897476196e-02 9.411279112100601196e-03 2.823233418166637421e-02 1.355393882840871811e-02 3.331678733229637146e-02 6.714118272066116333e-02 2.696872316300868988e-02 1.691969111561775208e-02 1.825659349560737610e-02 1.214830391108989716e-02 3.498999401926994324e-02 1.642802171409130096e-02 5.870390217751264572e-03 2.851773798465728760e-02 2.420837618410587311e-02 1.854898221790790558e-02 2.620756998658180237e-02 2.457014843821525574e-02 1.809286884963512421e-02 4.847389180213212967e-03 2.017587050795555115e-02 2.049520611763000488e-02 3.101322799921035767e-02 7.198583334684371948e-02 3.292409703135490417e-02 3.177728503942489624e-02 4.349330440163612366e-02 1.491934992372989655e-02 2.569725038483738899e-03 8.706700988113880157e-03 4.252252401784062386e-04 1.000461447983980179e-02 1.850389502942562103e-02 5.161056667566299438e-02 1.981036039069294930e-03 2.845230279490351677e-03 1.537174731492996216e-02 7.220507133752107620e-03 2.353302575647830963e-02 3.380196541547775269e-02 2.004706300795078278e-02 4.471525549888610840e-02 1.456676796078681946e-02 2.692632004618644714e-02 4.984677955508232117e-02 6.566531490534543991e-03 4.434682056307792664e-02 2.022933447733521461e-03 2.566951699554920197e-02 5.388428643345832825e-02
7.263835868798196316e-04 4.228120744228363037e-01 3.507607057690620422e-02 3.172760084271430969e-02 9.755453094840049744e-03 5.813061725348234177e-03 7.285548001527786255e-02 1.446355041116476059e-02 2.988041844218969345e-03 2.801495976746082306e-02 1.428819168359041214e-02 7.507309317588806152e-02 1.369362026453018188e-01 5.132525041699409485e-02 3.774664597585797310e-03 1.101971045136451721e-02 5.457042902708053589e-02 2.700503915548324585e-02 1.113934535533189774e-02 3.451429679989814758e-02 2.236421965062618256e-02 1.918912865221500397e-02 4.926297347992658615e-03 1.663935557007789612e-02 4.082923009991645813e-02 3.141562640666961670e-02 1.303099934011697769e-02 4.390072543174028397e-03 1.600551046431064606e-02 9.434683248400688171e-03 5.325213074684143066e-02 2.698216959834098816e-02 3.957812488079071045e-02 4.497670754790306091e-02 7.450509816408157349e-02 5.197552964091300964e-02 5.051727592945098877e-02 1.253166235983371735e-02 6.856772117316722870e-03 1.171385869383811951e-02 7.941964268684387207e-02 1.532828621566295624e-02 1.022464409470558167e-02 8.490473777055740356e-02 2.709702355787158012e-03 1.140207052230834961e-02 3.139736875891685486e-02 5.162285640835762024e-02 2.515908144414424896e-02 2.607939951121807098e-02 1.559514552354812622e-02 1.672469824552536011e-02 2.280820533633232117e-02 5.078079178929328918e-02 2.199946902692317963e-02 4.698908701539039612e-02 4.088182374835014343e-02 6.533951312303543091e-02 4.693888500332832336e-02 4.715461283922195435e-03 1.955069974064826965e-02 2.266933396458625793e-02 1.027551386505365372e-02 2.336681634187698364e-02 2.119297860190272331e-03 4.039902612566947937e-02 7.908606529235839844e-02 4.241230711340904236e-02 3.115914389491081238e-02 6.677614524960517883e-03 2.837817743420600891e-02 3.648816794157028198e-02 3.530891239643096924e-02 4.682416841387748718e-02 4.369898140430450439e-02 3.801362589001655579e-02 7.855634205043315887e-03 2.367821708321571350e-02 6.807657191529870033e-04 6.424055900424718857e-03 2.184722572565078735e-02 2.649440057575702667e-02 3.648614045232534409e-03 4.384797066450119019e-02 1.938084326684474945e-02 1.538141351193189621e-02 2.588941715657711029e-02 4.985124338418245316e-03 4.095176607370376587e-02 3.260397911071777344e-02 2.975586801767349243e-02 4.939032718539237976e-02 4.539886489510536194e-02 7.352519035339355469e-02 2.978893369436264038e-02 4.566661641001701355e-02 6.863243877887725830e-03 3.427332267165184021e-02 4.293503705412149429e-03 3.740070387721061707e-02 1.449091266840696335e-02 1.223092153668403625e-02 1.461259275674819946e-02 7.684878539294004440e-03 2.620975673198699951e-02 3.663860261440277100e-02 2.753492817282676697e-02 3.374583646655082703e-02 1.602688222192227840e-03 2.602441236376762390e-02 5.983197689056396484e-02 3.934940323233604431e-02 1.089992839843034744e-02 4.836992174386978149e-02 2.809258736670017242e-02 4.410025721881538630e-04
2.982161007821559906e-02 3.507607057690620422e-02 3.896747529506683350e-01 4.135840572416782379e-03 6.750951055437326431e-03 3.805007413029670715e-02 3.292214497923851013e-02 2.131472807377576828e-03 2.122851647436618805e-02 2.258457615971565247e-02 3.418783890083432198e-03 1.794557087123394012e-02 1.970305852591991425e-02 1.006375253200531006e-02 3.158878907561302185e-02 6.875281222164630890e-03 2.870759926736354828e-02 8.991609327495098114e-03 2.716149203479290009e-02 2.380428370088338852e-03 3.218293190002441406e-02 1.193623989820480347e-02 4.061895236372947693e-02 8.498683571815490723e-03 8.165366947650909424e-03 2.748872898519039154e-02 1.628951355814933777e-02 8.046913892030715942e-03 2.034121425822377205e-03 3.304202854633331299e-02 1.700489409267902374e-02 3.109608590602874756e-02 3.156857192516326904e-02 3.892405191436409950e-03 3.023677133023738861e-02 4.049215465784072876e-02 4.894867539405822754e-02 2.077965810894966125e-02 3.251042217016220093e-02 4.434749484062194824e-02 4.236694797873497009e-02 7.694307714700698853e-02 4.242075234651565552e-02 2.076468616724014282e-02 2.257345989346504211e-02 2.237283997237682343e-02 3.220665827393531799e-02 1.491857785731554031e-02 2.186325937509536743e-02 4.793684929609298706e-02 8.521225303411483765e-03 5.415278021246194839e-03 2.177727408707141876e-02 2.493658661842346191e-02 1.991356909275054932e-02 4.249873384833335876e-02 2.860072068870067596e-02 7.062680087983608246e-03 8.662695437669754028e-02 9.705295786261558533e-03 1.252945885062217712e-02 2.380250580608844757e-02 1.942623779177665710e-02 2.066750638186931610e-02 2.317636273801326752e-02 1.693276502192020416e-02 2.922306768596172333e-02 1.630991138517856598e-02 8.507817052304744720e-03 4.614983499050140381e-02 2.186699397861957550e-02 2.631558850407600403e-02 3.189707174897193909e-02 1.637029275298118591e-02 3.005718253552913666e-02 4.039476066827774048e-02 3.108015283942222595e-02 2.810456603765487671e-02 1.920148730278015137e-02 6.692738831043243408e-02 5.838820652570575476e-05 5.794627591967582703e-02 2.050394378602504730e-02 3.084320202469825745e-02 2.335474267601966858e-02 3.265681117773056030e-02 1.507899072021245956e-02 4.796878993511199951e-02 6.365098059177398682e-02 7.615274284034967422e-03 1.585731282830238342e-02 7.150823716074228287e-03 1.070814579725265503e-02 4.610291868448257446e-02 1.142948959022760391e-02 3.004531376063823700e-02 1.605487242341041565e-02 3.307768329977989197e-02 4.079782404005527496e-03 2.698760014027357101e-03 1.838144101202487946e-02 1.194805838167667389e-03 2.901339903473854065e-02 1.367681659758090973e-03 1.010848507285118103e-01 1.717143505811691284e-02 5.002897232770919800e-03 1.240589004009962082e-02 1.382379699498414993e-02 2.670159563422203064e-02 1.672858931124210358e-02 1.940538361668586731e-02 2.657466009259223938e-02 3.289957344532012939e-02 2.278678584843873978e-03 2.273428998887538910e-02
1.723228208720684052e-02 3.172760084271430969e-02 4.135840572416782379e-03 4.207063317298889160e-01 3.455124050378799438e-02 5.388496443629264832e-03 1.181639358401298523e-02 3.221656382083892822e-02 3.502569347620010376e-02 5.774201080203056335e-02 3.195025026798248291e-02 4.581815004348754883e-02 3.870023414492607117e-02 1.723657362163066864e-02 3.251847252249717712e-02 4.904807731509208679e-02 4.542293772101402283e-02 7.902828045189380646e-03 4.322489723563194275e-02 1.012694463133811951e-02 2.944877743721008301e-02 6.665185559540987015e-03 1.570599339902400970e-02 2.020771242678165436e-02 1.457429863512516022e-02 5.240364745259284973e-02 3.248678520321846008e-02 1.197012793272733688e-02 1.583079621195793152e-02 1.098848506808280945e-02 2.030488289892673492e-02 4.310867562890052795e-02 3.880183771252632141e-02 4.455944523215293884e-02 5.308810621500015259e-02 4.542333632707595825e-02 2.678778022527694702e-02 2.431594207882881165e-02 5.613395944237709045e-02 1.627046801149845123e-02 2.888082526624202728e-02 6.163476034998893738e-02 1.421801559627056122e-02 1.354084443300962448e-02 1.069991756230592728e-02 4.870900139212608337e-02 2.785187959671020508e-02 4.689052700996398926e-02 3.023760020732879639e-02 3.195282816886901855e-02 5.184881016612052917e-02 1.994106685742735863e-03 4.399422928690910339e-02 2.231469936668872833e-02 4.076803848147392273e-02 3.474032133817672729e-02 8.990977890789508820e-03 9.937951108440756798e-04 2.034420147538185120e-02 2.104389481246471405e-02 4.223182052373886108e-02 2.003536187112331390e-02 1.171821355819702148e-02 2.378525026142597198e-02 3.455523401498794556e-02 8.906672708690166473e-03 4.286564514040946960e-02 6.765193492174148560e-02 9.789603203535079956e-02 4.512410983443260193e-02 7.644069939851760864e-02 3.338706120848655701e-02 1.843854188919067383e-01 3.934886306524276733e-02 4.392928257584571838e-02 4.306935518980026245e-02 3.287610132247209549e-03 5.575620755553245544e-02 4.931595176458358765e-02 4.465038701891899109e-02 2.246916294097900391e-02 1.457221619784832001e-02 6.199695169925689697e-02 2.980720810592174530e-02 2.084419131278991699e-02 8.364224433898925781e-02 1.076256856322288513e-02 1.729931309819221497e-02 3.159843012690544128e-02 3.270046040415763855e-02 1.490651164203882217e-02 2.443115413188934326e-02 5.474442150443792343e-03 3.036537021398544312e-02 3.875016793608665466e-02 2.920843660831451416e-02 3.287613764405250549e-02 3.002258948981761932e-02 2.159368433058261871e-02 1.107899472117424011e-02 1.475919224321842194e-02 4.643775522708892822e-02 3.667476773262023926e-02 1.721900701522827148e-02 2.034365013241767883e-02 4.390098899602890015e-02 2.121444046497344971e-02 1.119670737534761429e-02 1.167810987681150436e-02 1.245881337672472000e-02 7.926727645099163055e-03 2.389061078429222107e-02 1.762390322983264923e-02 7.340415380895137787e-03 3.477873653173446655e-02 3.275064006447792053e-02
2.374508790671825409e-02 9.755453094840049744e-03 6.750951055437326431e-03 3.455124050378799438e-02 4.128732383251190186e-01 6.190757453441619873e-02 3.230349346995353699e-02 1.307683251798152924e-02 9.164191782474517822e-03 4.082887247204780579e-02 1.781560666859149933e-02 2.984309382736682892e-02 4.259511455893516541e-02 2.240593079477548599e-03 2.963644824922084808e-02 9.335851296782493591e-03 4.578345455229282379e-03 3.345962241291999817e-02 1.151650957763195038e-02 1.412400044500827789e-02 1.305942516773939133e-02 2.443336695432662964e-02 2.366572059690952301e-02 3.545472770929336548e-02 1.020222902297973633e-02 6.572528276592493057e-03 6.934132426977157593e-03 4.468303173780441284e-03 7.431723177433013916e-02 2.306314185261726379e-02 4.322434589266777039e-02 1.152467634528875351e-02 5.931394989602267742e-04 4.426549375057220459e-02 4.831692576408386230e-02 5.687957257032394409e-02 2.812510356307029724e-02 3.116766922175884247e-02 1.204559393227100372e-02 7.719582319259643555e-02 2.069835551083087921e-02 1.780486665666103363e-02 3.062153793871402740e-02 2.755677886307239532e-02 5.187321454286575317e-02 2.750939503312110901e-02 4.876078665256500244e-02 1.902084797620773315e-02 3.321493044495582581e-02 2.891144901514053345e-02 6.485435366630554199e-02 7.478659600019454956e-02 3.402725979685783386e-02 5.401710420846939087e-02 6.210695486515760422e-03 4.055884853005409241e-02 3.691231831908226013e-02 1.654112129472196102e-03 2.821243181824684143e-02 3.430847311392426491e-03 2.516738139092922211e-02 3.812159970402717590e-02 2.631656080484390259e-02 5.593314766883850098e-02 2.827364020049571991e-02 3.802052512764930725e-02 1.384419272653758526e-03 3.958848491311073303e-02 3.929447755217552185e-02 1.814666949212551117e-02 2.061074785888195038e-02 4.534868057817220688e-03 5.003533512353897095e-02 2.602759189903736115e-02 1.612199842929840088e-02 2.972713904455304146e-03 4.757354781031608582e-02 1.915104687213897705e-02 4.215444996953010559e-02 1.121645607054233551e-02 1.203672494739294052e-02 1.999107003211975098e-02 4.285706207156181335e-02 9.801121056079864502e-02 4.759677872061729431e-02 3.270586580038070679e-02 3.219999000430107117e-02 3.151667863130569458e-02 4.224327951669692993e-02 9.084604680538177490e-03 2.152790501713752747e-02 1.447431184351444244e-02 1.468887832015752792e-02 3.128330782055854797e-02 2.031920664012432098e-02 5.474956706166267395e-02 3.303428366780281067e-02 2.695789374411106110e-02 3.183918818831443787e-02 3.672251105308532715e-02 5.647835880517959595e-02 5.236181989312171936e-02 3.334118425846099854e-02 1.551033346913754940e-03 3.053680621087551117e-02 2.408430352807044983e-02 3.038036823272705078e-02 1.665438991039991379e-03 8.874563500285148621e-03 1.482688263058662415e-02 2.418703585863113403e-02 2.311443351209163666e-02 1.560269575566053391e-02 7.466308306902647018e-03 1.566922850906848907e-02 1.927141286432743073e-02
1.774946031218860298e-05 5.813061725348234177e-03 3.805007413029670715e-02 5.388496443629264832e-03 6.190757453441619873e-02 4.193095266819000244e-01 7.362155616283416748e-02 1.276267040520906448e-02 2.752490341663360596e-02 3.028477542102336884e-02 3.657508641481399536e-02 3.534160926938056946e-02 3.099351376295089722e-02 1.644212566316127777e-02 1.552073081256821752e-05 3.131979610770940781e-03 1.121097523719072342e-02 2.695949189364910126e-02 1.217813324183225632e-02 3.618963062763214111e-02 3.484005108475685120e-02 3.488937625661492348e-03 4.020299762487411499e-02 2.144397608935832977e-02 3.115937858819961548e-02 7.524541113525629044e-03 5.031407251954078674e-02 3.272740170359611511e-02 5.963682755827903748e-02 6.653591524809598923e-03 4.423645883798599243e-02 8.999869227409362793e-03 4.347911477088928223e-02 4.408620297908782959e-03 2.547010779380798340e-02 3.717850148677825928e-02 3.825528314337134361e-03 2.717534638941287994e-02 1.283323857933282852e-02 2.978968247771263123e-02 2.256766892969608307e-02 4.801096767187118530e-02 1.090414449572563171e-02 1.512041129171848297e-02 5.373715236783027649e-02 4.406599327921867371e-02 3.229111060500144958e-02 2.022119425237178802e-02 2.684242278337478638e-02 2.969568828120827675e-03 2.000436373054981232e-02 4.380390979349613190e-03 1.033300417475402355e-03 6.527614779770374298e-03 1.988590322434902191e-02 7.659075781702995300e-03 4.478523880243301392e-02 3.949967212975025177e-03 5.260199308395385742e-02 3.104179352521896362e-02 5.079062655568122864e-02 4.701077996287494898e-04 5.173042044043540955e-02 1.465519517660140991e-02 2.688629180192947388e-02 3.015101142227649689e-02 6.157430354505777359e-03 1.442923489958047867e-02 2.560478076338768005e-02 7.792323827743530273e-02 6.324384827166795731e-03 2.556100860238075256e-02 9.189505130052566528e-03 2.781987190246582031e-02 4.221518337726593018e-02 3.264917433261871338e-02 2.167187631130218506e-02 4.203588515520095825e-02 1.614984124898910522e-02 3.622275963425636292e-02 2.629828453063964844e-02 1.947277039289474487e-02 4.879840463399887085e-02 2.665843255817890167e-02 2.302926406264305115e-02 3.072718344628810883e-02 8.547140285372734070e-03 3.446831600740551949e-03 4.072795808315277100e-02 1.362693589180707932e-02 5.041503161191940308e-02 5.330854281783103943e-02 1.917072199285030365e-02 3.596459329128265381e-02 2.074462920427322388e-02 2.896090783178806305e-02 5.902500823140144348e-03 4.761444777250289917e-02 2.601950429379940033e-02 2.883876115083694458e-02 5.381172057241201401e-03 9.055005386471748352e-03 2.898183837532997131e-02 3.422209993004798889e-03 2.357398904860019684e-02 8.177862502634525299e-03 7.818762212991714478e-03 5.100654810667037964e-02 4.305540770292282104e-02 4.258529469370841980e-02 4.782276600599288940e-02 1.308194734156131744e-02 3.118860162794589996e-02 3.156463801860809326e-02 1.314309076406061649e-03 3.497574850916862488e-02
6.411796808242797852e-02 7.285548001527786255e-02 3.292214497923851013e-02 1.181639358401298523e-02 3.230349346995353699e-02 7.362155616283416748e-02 4.200176894664764404e-01 2.295122109353542328e-02 3.224090114235877991e-02 2.075775340199470520e-02 1.461191754788160324e-02 2.272826619446277618e-02 3.247471898794174194e-02 1.731876656413078308e-02 4.099764302372932434e-02 1.420743297785520554e-02 5.736816674470901489e-03 9.612152352929115295e-03 1.792188361287117004e-02 2.298480086028575897e-02 1.675433944910764694e-03 2.781900390982627869e-02 3.951634466648101807e-02 4.708899185061454773e-02 3.965910151600837708e-02 4.498530924320220947e-02 3.857558220624923706e-02 3.038369491696357727e-02 4.030504450201988220e-02 1.396963000297546387e-02 1.687906682491302490e-02 3.390096873044967651e-02 8.135731332004070282e-03 2.082417905330657959e-02 3.774963691830635071e-02 2.497005276381969452e-02 4.582621157169342041e-02 5.997009575366973877e-03 9.318927302956581116e-03 1.242031715810298920e-02 2.169335726648569107e-03 9.948900900781154633e-03 4.833218082785606384e-02 2.149875042960047722e-03 4.708871990442276001e-02 2.407640404999256134e-02 2.067368850111961365e-02 8.244226872920989990e-02 7.179617881774902344e-02 2.618071250617504120e-02 4.468319565057754517e-02 4.379154369235038757e-02 6.900553591549396515e-03 5.468161404132843018e-02 4.701517522335052490e-02 2.647535689175128937e-02 1.992525719106197357e-02 4.204024560749530792e-03 4.158579395152628422e-04 8.336308598518371582e-02 8.469471707940101624e-03 6.787723395973443985e-03 2.865471132099628448e-02 1.884918287396430969e-02 4.471199586987495422e-02 9.729450568556785583e-03 7.925569266080856323e-02 9.456954896450042725e-02 3.776079043745994568e-02 8.662593550980091095e-03 2.066426095552742481e-04 2.863296074792742729e-03 4.054701328277587891e-02 5.745965614914894104e-02 6.182073429226875305e-02 1.668529026210308075e-02 5.098584666848182678e-02 3.180859610438346863e-02 4.373821988701820374e-02 2.444328926503658295e-02 1.150114554911851883e-02 3.841919079422950745e-02 1.340050157159566879e-02 1.468698028475046158e-02 1.701062358915805817e-02 3.684572502970695496e-02 2.295995317399501801e-02 4.412939026951789856e-02 4.191324859857559204e-02 4.926628246903419495e-02 2.359282039105892181e-02 5.037815496325492859e-02 1.352217886596918106e-02 2.256206795573234558e-02 1.546082645654678345e-02 1.317502744495868683e-02 2.088861772790551186e-03 2.907036803662776947e-02 2.389022894203662872e-02 4.344336315989494324e-02 6.580426823347806931e-03 5.907113477587699890e-02 5.434820055961608887e-02 1.530323876067996025e-03 1.819656603038311005e-02 1.540110097266733646e-03 4.987055435776710510e-02 4.302712157368659973e-02 3.030900377780199051e-03 3.012275882065296173e-02 3.523072600364685059e-02 1.910660602152347565e-02 1.425234042108058929e-02 6.351328454911708832e-03 4.720399156212806702e-02 1.533830072730779648e-02
7.533772848546504974e-03 1.446355041116476059e-02 2.131472807377576828e-03 3.221656382083892822e-02 1.307683251798152924e-02 1.276267040520906448e-02 2.295122109353542328e-02 4.333597719669342041e-01 3.853776305913925171e-02 3.688085451722145081e-02 4.340716078877449036e-02 1.606518775224685669e-02 3.973244503140449524e-02 2.964682877063751221e-02 5.606530606746673584e-02 5.413222126662731171e-03 1.411853265017271042e-02 3.289700299501419067e-02 4.377173632383346558e-02 1.591201871633529663e-02 4.502787851379252970e-05 2.955235354602336884e-02 4.538494721055030823e-02 1.609311439096927643e-02 1.705653034150600433e-02 1.722262427210807800e-02 1.088515855371952057e-02 4.456782713532447815e-02 3.184206783771514893e-02 6.405363325029611588e-03 2.987829595804214478e-02 5.061021074652671814e-02 3.119962289929389954e-02 2.614892274141311646e-02 4.215181618928909302e-02 3.874161839485168457e-02 4.683157056570053101e-02 8.617931604385375977e-02 2.681786008179187775e-02 8.008407428860664368e-03 2.046987041831016541e-02 2.593866549432277679e-02 3.324352577328681946e-02 1.202852837741374969e-02 4.574691504240036011e-02 3.370501846075057983e-02 3.248113021254539490e-02 2.558406814932823181e-02 3.418051451444625854e-02 5.538556352257728577e-02 3.739439323544502258e-02 2.913296408951282501e-02 2.060296759009361267e-02 1.898317411541938782e-02 8.329243399202823639e-03 4.691075161099433899e-02 3.384020924568176270e-02 4.367600008845329285e-02 3.817567974328994751e-02 2.998817525804042816e-02 1.908557303249835968e-02 3.404172509908676147e-02 1.204278040677309036e-02 4.705329984426498413e-02 6.087637040764093399e-03 4.989550262689590454e-02 2.904948219656944275e-02 2.252876944839954376e-02 2.690134383738040924e-02 4.026108363177627325e-04 3.390425443649291992e-02 4.745203629136085510e-02 2.775886654853820801e-02 4.814295843243598938e-02 1.385630667209625244e-02 2.168574929237365723e-02 3.371422365307807922e-02 2.377157285809516907e-02 2.164347097277641296e-02 2.574319578707218170e-02 9.435227513313293457e-02 8.452060818672180176e-02 4.178403690457344055e-02 8.205575868487358093e-03 1.636860705912113190e-02 1.741713657975196838e-02 6.563871353864669800e-02 4.958326369524002075e-02 3.434329479932785034e-02 2.666082791984081268e-02 1.700184866786003113e-02 2.724057808518409729e-02 4.842513799667358398e-02 2.115752547979354858e-03 4.040585458278656006e-02 2.217408083379268646e-02 6.266168504953384399e-02 5.534626077860593796e-03 4.906089231371879578e-02 1.563401520252227783e-02 2.523196116089820862e-02 7.718725595623254776e-03 2.861937135457992554e-02 8.997859433293342590e-03 9.895699098706245422e-03 3.285243362188339233e-02 1.567634381353855133e-02 1.773166586644947529e-03 5.057510733604431152e-02 9.704498574137687683e-03 4.008509591221809387e-02 3.726313123479485512e-03 1.276078727096319199e-02 3.989431634545326233e-02 1.858898065984249115e-02 1.166049949824810028e-02
3.074284270405769348e-02 2.988041844218969345e-03 2.122851647436618805e-02 3.502569347620010376e-02 9.164191782474517822e-03 2.752490341663360596e-02 3.224090114235877991e-02 3.853776305913925171e-02 4.510469138622283936e-01 8.860982209444046021e-02 1.509281247854232788e-02 2.578584244474768639e-03 3.075600974261760712e-02 1.330405939370393753e-02 4.358770325779914856e-02 5.876088142395019531e-02 1.167687494307756424e-02 1.089520156383514404e-01 6.693622469902038574e-02 4.204166308045387268e-02 3.066619671881198883e-02 2.848740480840206146e-02 4.973828792572021484e-02 1.663747057318687439e-02 1.411437988281250000e-02 1.990266330540180206e-02 1.985344290733337402e-02 1.946140662766993046e-03 3.865912929177284241e-02 7.414266932755708694e-03 1.910525932908058167e-02 1.647354662418365479e-02 5.133194476366043091e-02 9.416998364031314850e-03 3.988979384303092957e-02 3.491206560283899307e-03 1.231901068240404129e-02 9.146546944975852966e-03 5.013312771916389465e-02 3.598430380225181580e-02 1.099488791078329086e-02 5.185786634683609009e-02 2.179572731256484985e-02 3.261421108618378639e-03 2.532275021076202393e-02 2.509814512450248003e-04 1.080587785691022873e-02 7.714515551924705505e-03 1.015293747186660767e-01 1.822207495570182800e-02 3.551783412694931030e-02 1.914708502590656281e-02 5.026037618517875671e-02 4.294766113162040710e-03 1.481457501649856567e-01 4.690244793891906738e-02 3.714330121874809265e-02 3.864658251404762268e-02 2.538554556667804718e-02 7.594135589897632599e-03 4.996877536177635193e-02 5.800290405750274658e-02 4.026537016034126282e-02 6.438775453716516495e-03 2.325371280312538147e-02 3.139626607298851013e-02 4.645651206374168396e-02 2.640384016558527946e-03 7.005759049206972122e-03 7.078137714415788651e-03 4.880026681348681450e-04 5.009910091757774353e-03 4.134441912174224854e-02 4.349703341722488403e-02 5.609835311770439148e-02 1.931614056229591370e-02 1.994166970252990723e-01 1.054837331175804138e-01 5.126748234033584595e-02 2.471929043531417847e-02 2.434294298291206360e-02 2.401593513786792755e-02 1.231811046600341797e-01 6.635216623544692993e-02 3.717735409736633301e-02 2.308858931064605713e-02 2.992432005703449249e-02 9.612624533474445343e-03 4.737720265984535217e-02 2.051149494946002960e-02 1.101096160709857941e-02 3.616262227296829224e-02 3.368753939867019653e-02 3.282741084694862366e-02 3.352565923705697060e-03 3.107675118371844292e-03 4.286210983991622925e-02 2.005903050303459167e-02 2.333745546638965607e-02 4.017952457070350647e-02 3.916991129517555237e-02 9.274207055568695068e-03 6.827098783105611801e-03 3.955616056919097900e-02 5.799097474664449692e-03 2.233115397393703461e-02 3.508262336254119873e-02 3.701484948396682739e-02 2.623256109654903412e-02 2.283832617104053497e-02 4.610195010900497437e-02 1.074827928096055984e-02 3.909017890691757202e-02 3.814510628581047058e-02 3.537929430603981018e-02 1.039296016097068787e-02
6.217191368341445923e-02 2.801495976746082306e-02 2.258457615971565247e-02 5.774201080203056335e-02 4.082887247204780579e-02 3.028477542102336884e-02 2.075775340199470520e-02 3.688085451722145081e-02 8.860982209444046021e-02 4.414119720458984375e-01 1.351702609099447727e-03 3.531365469098091125e-02 7.045459933578968048e-03 5.519684776663780212e-02 2.690697088837623596e-02 2.171508967876434326e-03 6.430826033465564251e-04 3.959142789244651794e-02 7.373949885368347168e-02 2.793491585180163383e-03 4.542604461312294006e-02 2.006024587899446487e-03 1.944013871252536774e-03 9.702484123408794403e-03 3.302158415317535400e-02 4.859928414225578308e-02 1.329320669174194336e-02 3.639550879597663879e-02 6.282744463533163071e-03 4.863895848393440247e-02 3.707465529441833496e-02 2.566003426909446716e-02 1.742137037217617035e-02 1.025658007711172104e-02 2.602398395538330078e-02 1.655552722513675690e-02 2.006967365741729736e-02 4.929344356060028076e-02 3.095884062349796295e-02 3.702786564826965332e-02 4.222199320793151855e-03 3.308457136154174805e-02 4.725678265094757080e-02 3.006586059927940369e-02 5.805263295769691467e-02 2.723003365099430084e-02 3.775506094098091125e-02 4.144565388560295105e-02 1.403453107923269272e-02 1.013204306364059448e-01 2.742026187479496002e-02 4.923748224973678589e-02 4.938758537173271179e-02 2.488573081791400909e-02 4.392940178513526917e-02 1.011574119329452515e-01 5.146206542849540710e-02 2.540088072419166565e-02 3.424451872706413269e-02 2.005915343761444092e-02 2.397083491086959839e-02 2.314043976366519928e-02 1.706770993769168854e-02 4.467302933335304260e-03 2.189023047685623169e-02 2.986234799027442932e-02 3.166238218545913696e-02 2.555541321635246277e-02 4.622684326022863388e-03 1.604483462870121002e-02 6.373515725135803223e-02 3.144004195928573608e-02 3.188432008028030396e-02 1.860014535486698151e-02 1.952254772186279297e-02 1.147574931383132935e-02 4.179362580180168152e-02 1.401573568582534790e-01 4.284672439098358154e-02 1.265893317759037018e-02 4.261574894189834595e-02 4.560313746333122253e-02 7.383688539266586304e-02 6.875823438167572021e-02 2.795029245316982269e-02 1.547805126756429672e-02 2.831164747476577759e-02 4.701973870396614075e-03 3.282300010323524475e-02 4.552472382783889771e-02 1.159374229609966278e-02 6.011552643030881882e-03 4.774899408221244812e-02 1.676808111369609833e-02 5.297850817441940308e-02 2.370409108698368073e-02 1.545713841915130615e-02 4.906523972749710083e-02 3.239701688289642334e-02 1.074714120477437973e-02 2.311397902667522430e-02 5.565778166055679321e-02 2.795604988932609558e-02 1.074652746319770813e-02 3.884948045015335083e-02 4.193205013871192932e-02 3.434640169143676758e-02 4.286541789770126343e-02 2.716918243095278740e-03 1.333782728761434555e-02 3.469021990895271301e-02 2.662967890501022339e-02 8.789935149252414703e-03 1.464112009853124619e-02 2.917082048952579498e-02 2.037904039025306702e-02
1.187024116516113281e-01 1.428819168359041214e-02 3.418783890083432198e-03 3.195025026798248291e-02 1.781560666859149933e-02 3.657508641481399536e-02 1.461191754788160324e-02 4.340716078877449036e-02 1.509281247854232788e-02 1.351702609099447727e-03 4.096829593181610107e-01 3.128746524453163147e-02 5.249699205160140991e-02 3.362810984253883362e-02 4.634335264563560486e-02 1.081941183656454086e-02 1.237021293491125107e-02 3.302368894219398499e-02 4.929462447762489319e-02 5.214021727442741394e-02 2.766519412398338318e-02 5.056247487664222717e-02 4.769308120012283325e-02 6.547647062689065933e-03 1.385871320962905884e-02 2.179251424968242645e-02 2.330275438725948334e-02 2.415332011878490448e-02 3.105137124657630920e-02 1.637628301978111267e-02 4.448142275214195251e-02 7.635058369487524033e-03 1.349033880978822708e-02 1.891968399286270142e-02 3.157360851764678955e-02 1.977698132395744324e-02 9.984209202229976654e-03 3.979633376002311707e-02 8.962926454842090607e-03 4.394766688346862793e-02 2.470642793923616409e-03 3.852315712720155716e-03 1.528597529977560043e-02 5.965908523648977280e-03 4.106578230857849121e-02 2.156929299235343933e-02 7.531259953975677490e-02 6.004749238491058350e-02 2.607504464685916901e-02 6.509315222501754761e-02 3.312498703598976135e-02 1.976897940039634705e-02 2.646987698972225189e-02 1.015006797388195992e-03 4.017379879951477051e-02 4.726407304406166077e-02 3.699956089258193970e-02 1.447199657559394836e-02 1.792096719145774841e-02 2.825287356972694397e-02 3.650516271591186523e-02 2.349502034485340118e-02 3.183330968022346497e-02 1.324558164924383163e-02 1.305824816226959229e-01 2.782649360597133636e-03 1.614187844097614288e-02 1.439347863197326660e-02 3.638493642210960388e-02 2.000808343291282654e-02 1.032917061820626259e-03 4.797371104359626770e-03 1.138705573976039886e-02 4.804747179150581360e-02 2.289328724145889282e-02 8.294506371021270752e-02 6.619542371481657028e-03 1.103070564568042755e-02 2.873541228473186493e-02 4.235414043068885803e-02 1.940733054652810097e-03 5.632752925157546997e-02 2.156728878617286682e-02 2.140916325151920319e-02 3.074716590344905853e-02 1.692138612270355225e-03 2.709064632654190063e-02 1.153588388115167618e-02 2.817303128540515900e-02 8.864239789545536041e-03 4.877505078911781311e-02 8.060472086071968079e-03 5.943170981481671333e-04 4.248198866844177246e-02 3.036009520292282104e-02 1.679163984954357147e-02 3.177233412861824036e-02 1.899231225252151489e-02 1.264456938952207565e-02 4.071600362658500671e-02 4.886200278997421265e-02 3.161320462822914124e-02 3.005151264369487762e-02 5.064521729946136475e-02 1.086950302124023438e-03 3.409495204687118530e-02 2.508675493299961090e-02 5.603402314591221511e-05 2.951118536293506622e-02 5.227554589509963989e-02 5.738157778978347778e-03 5.921785719692707062e-03 1.570328138768672943e-02 2.728903293609619141e-02 3.474165871739387512e-02 3.501784801483154297e-02
1.630999147891998291e-02 7.507309317588806152e-02 1.794557087123394012e-02 4.581815004348754883e-02 2.984309382736682892e-02 3.534160926938056946e-02 2.272826619446277618e-02 1.606518775224685669e-02 2.578584244474768639e-03 3.531365469098091125e-02 3.128746524453163147e-02 4.161802530288696289e-01 4.194590821862220764e-02 2.392460554838180542e-01 4.026325047016143799e-02 5.016793496906757355e-03 5.349887907505035400e-02 2.901219762861728668e-03 3.771570743992924690e-03 2.208923734724521637e-02 3.105975687503814697e-03 2.955514378845691681e-02 4.452843219041824341e-02 1.693205162882804871e-02 1.062960736453533173e-02 6.602925062179565430e-02 9.589496999979019165e-03 5.016458034515380859e-02 1.709729619324207306e-02 2.900583297014236450e-02 7.441417779773473740e-03 1.618355885148048401e-02 3.161618113517761230e-02 1.635971292853355408e-02 2.913410402834415436e-02 2.841361612081527710e-02 4.821534454822540283e-02 3.074605576694011688e-02 4.505408927798271179e-02 6.615651655010879040e-04 3.289687633514404297e-02 7.188299205154180527e-03 3.360425680875778198e-02 4.261811077594757080e-02 6.549204140901565552e-02 4.300042241811752319e-02 2.606215886771678925e-02 3.183598071336746216e-02 6.471077911555767059e-03 8.341813459992408752e-03 1.563925109803676605e-02 3.331480175256729126e-02 6.373465061187744141e-03 4.219770058989524841e-02 3.749750927090644836e-02 6.074864882975816727e-03 4.043563082814216614e-02 3.383165597915649414e-02 6.285945326089859009e-02 3.003793535754084587e-03 2.391624264419078827e-02 4.628603160381317139e-02 6.937336176633834839e-02 4.755391273647546768e-03 2.479538880288600922e-02 3.417630493640899658e-02 4.961899295449256897e-02 2.700761659070849419e-03 3.678487241268157959e-02 3.293909132480621338e-02 3.966930136084556580e-02 4.018966574221849442e-03 2.460887422785162926e-03 1.231577619910240173e-02 4.566441476345062256e-02 4.048685356974601746e-02 2.581441402435302734e-02 1.027542725205421448e-02 1.680843718349933624e-02 4.105903208255767822e-04 1.991133019328117371e-02 8.637635968625545502e-03 1.456692256033420563e-02 1.107468735426664352e-02 4.228914156556129456e-02 2.467719838023185730e-02 2.238211687654256821e-03 3.400436835363507271e-03 4.464055970311164856e-02 2.937708795070648193e-02 2.240040153264999390e-02 1.677394472062587738e-02 6.076584686525166035e-04 1.774764060974121094e-02 4.431828856468200684e-02 4.887318983674049377e-02 7.250123191624879837e-03 3.388545289635658264e-02 5.376550182700157166e-02 5.039524286985397339e-02 4.487085342407226562e-02 5.400472134351730347e-02 4.980887472629547119e-02 2.024801261723041534e-02 2.546443790197372437e-02 4.937234800308942795e-03 3.823892399668693542e-02 4.173481464385986328e-02 1.858540996909141541e-02 4.456571489572525024e-02 2.291105873882770538e-02 3.415060043334960938e-02 2.886231988668441772e-02 4.133382067084312439e-02 2.377638779580593109e-02 5.328678525984287262e-03
6.310274824500083923e-03 1.369362026453018188e-01 1.970305852591991425e-02 3.870023414492607117e-02 4.259511455893516541e-02 3.099351376295089722e-02 3.247471898794174194e-02 3.973244503140449524e-02 3.075600974261760712e-02 7.045459933578968048e-03 5.249699205160140991e-02 4.194590821862220764e-02 4.285990297794342041e-01 5.702212452888488770e-02 2.029533311724662781e-02 1.232341956347227097e-02 1.922917366027832031e-02 2.721105702221393585e-02 2.570585720241069794e-02 1.049845200031995773e-02 6.249600555747747421e-04 3.151840716600418091e-02 4.208389297127723694e-02 6.059475615620613098e-02 2.520192787051200867e-02 3.095011599361896515e-02 4.190663620829582214e-02 2.741421572864055634e-02 5.189870297908782959e-02 2.524233423173427582e-02 1.246404051780700684e-01 3.387445583939552307e-02 1.422656327486038208e-02 9.529955685138702393e-03 1.251438912004232407e-02 4.106300324201583862e-02 4.151343367993831635e-03 2.502362243831157684e-02 3.171508386731147766e-02 6.164831109344959259e-03 8.356115967035293579e-02 3.818910196423530579e-02 4.873885959386825562e-02 3.775123041123151779e-03 1.425241772085428238e-02 8.018369227647781372e-02 6.556472927331924438e-02 3.994466736912727356e-02 3.306359425187110901e-02 5.317436158657073975e-02 3.795441612601280212e-02 3.405620902776718140e-02 3.888009861111640930e-02 1.978638395667076111e-02 1.089756959117949009e-03 4.228004440665245056e-02 9.698917157948017120e-03 1.248708087950944901e-02 1.042386051267385483e-02 3.902489691972732544e-02 2.647643163800239563e-02 6.395051721483469009e-03 4.810323938727378845e-03 2.896320074796676636e-02 3.633310319855809212e-03 1.020373180508613586e-01 7.610836625099182129e-02 5.387318879365921021e-02 4.498522356152534485e-02 9.024851955473423004e-03 2.965143509209156036e-02 1.807891763746738434e-02 2.476301742717623711e-03 3.310668841004371643e-02 3.132648020982742310e-02 3.097893670201301575e-02 2.571034803986549377e-02 6.485823541879653931e-02 4.920015484094619751e-02 3.985515609383583069e-02 4.058276489377021790e-02 1.725762709975242615e-02 1.448604930192232132e-02 3.444081917405128479e-02 4.040089622139930725e-02 1.588928140699863434e-02 1.987517066299915314e-02 1.421560253947973251e-02 3.075335547327995300e-02 1.751160435378551483e-02 1.832680776715278625e-02 4.453535750508308411e-02 4.016232118010520935e-02 2.257969230413436890e-02 1.482940930873155594e-02 2.458248101174831390e-02 3.121393173933029175e-02 1.173075195401906967e-02 2.875933237373828888e-02 4.359573125839233398e-02 2.015955559909343719e-02 4.633672162890434265e-02 3.831516951322555542e-02 2.086601965129375458e-02 1.629054173827171326e-02 2.982364594936370850e-02 3.723770007491111755e-02 3.521769866347312927e-02 1.252305577509105206e-03 9.779338724911212921e-03 5.224007740616798401e-02 1.379015762358903885e-02 1.985363103449344635e-02 1.114991679787635803e-02 2.142479456961154938e-02 1.427811686880886555e-03
