5.873832106590270996e-01 6.492767482995986938e-02 2.392056770622730255e-02 3.272606432437896729e-02 1.723466813564300537e-02 5.236787348985671997e-02 5.516872927546501160e-02 6.483078002929687500e-03 4.747707769274711609e-02 5.126554891467094421e-02 6.126640364527702332e-02 4.678202047944068909e-02 4.864711314439773560e-02 4.946356639266014099e-02 2.500478550791740417e-02 1.081728842109441757e-02 2.844679169356822968e-02 4.148158803582191467e-02 2.923701703548431396e-02 8.425784297287464142e-03 2.060686238110065460e-02 3.624120727181434631e-03 5.203254148364067078e-02 4.070915281772613525e-02 2.732330001890659332e-03 1.605565100908279419e-02 6.080802530050277710e-03 1.764095947146415710e-02 3.515433892607688904e-02 4.798134416341781616e-02 1.872393116354942322e-02 1.245600637048482895e-02 3.966035787016153336e-03 3.496753051877021790e-02 8.276335895061492920e-03 1.843338459730148315e-02 1.418055268004536629e-03 6.776552181690931320e-03 2.930232137441635132e-02 5.348823033273220062e-03 3.035020455718040466e-02 1.706468127667903900e-02 6.847854703664779663e-03 4.242864623665809631e-02 2.945082262158393860e-02 4.242640361189842224e-02 3.593768924474716187e-02 4.204576462507247925e-02 5.033838003873825073e-02 4.495345801115036011e-02 8.367175236344337463e-03 2.710042148828506470e-02 1.434764172881841660e-02 4.423190373927354813e-03 5.394035950303077698e-03 3.082585521042346954e-02 4.285846371203660965e-03 2.557277120649814606e-02 2.304003201425075531e-02 2.611196972429752350e-02 2.140100859105587006e-02 4.426882136613130569e-03 2.676275745034217834e-02 1.775171048939228058e-02 1.531586889177560806e-02 1.003314554691314697e-02 3.173938766121864319e-02 1.977921277284622192e-02 2.868675068020820618e-02 5.722549278289079666e-03 1.106364373117685318e-02 1.328212581574916840e-02 5.440404266119003296e-02 1.510443538427352905e-02 4.240221530199050903e-02 5.949208512902259827e-03 4.977666772902011871e-03 2.582727000117301941e-02 3.275389596819877625e-02 2.915133535861968994e-02 6.753993220627307892e-03 2.888318523764610291e-02 1.903243921697139740e-02 1.812832057476043701e-02 5.355086550116539001e-02 3.011173009872436523e-02 3.827226161956787109e-02 3.261874616146087646e-02 8.824794553220272064e-03 1.057292055338621140e-02 2.426338195800781250e-02 1.432098634541034698e-02 3.019599616527557373e-02 6.360124330967664719e-03 3.842703532427549362e-03 2.137449570000171661e-02 3.728025034070014954e-02 3.562294691801071167e-02 1.256404910236597061e-02 1.432111300528049469e-02 1.448892150074243546e-02 2.140942960977554321e-02 6.213514599949121475e-03 4.504278302192687988e-03 1.132585294544696808e-02 6.312445271760225296e-03 2.768476679921150208e-02 2.973162010312080383e-02 3.802596591413021088e-03 2.230601012706756592e-02 1.454586721956729889e-02 2.295867353677749634e-02 1.245746389031410217e-02 3.460803767666220665e-03 3.851356450468301773e-03 7.705456577241420746e-03
6.492767482995986938e-02 5.900379419326782227e-01 1.774212904274463654e-02 2.669947780668735504e-02 3.802334831561893225e-04 4.712618887424468994e-02 5.022265389561653137e-02 1.695622922852635384e-03 2.953473664820194244e-02 5.685813724994659424e-02 4.858082532882690430e-02 3.731898218393325806e-02 4.861607402563095093e-02 4.340432211756706238e-02 3.750272840261459351e-02 1.990990526974201202e-02 2.429632470011711121e-02 1.586614549160003662e-02 1.732893846929073334e-02 7.335192523896694183e-03 1.189910061657428741e-02 8.549426682293415070e-03 2.837850712239742279e-02 5.003987997770309448e-02 4.155423957854509354e-03 2.488167583942413330e-02 8.795124478638172150e-03 1.635860837996006012e-02 2.396848797798156738e-02 2.922679670155048370e-02 1.591064594686031342e-02 6.954093463718891144e-03 6.262067239731550217e-03 2.271530777215957642e-02 1.542460918426513672e-02 1.423976011574268341e-02 1.080844737589359283e-02 1.191565394401550293e-02 1.256275339983403683e-03 1.853168127126991749e-03 1.523877680301666260e-02 1.863689348101615906e-02 5.413002334535121918e-03 4.166423901915550232e-02 3.419307246804237366e-02 5.256337672472000122e-02 2.936939522624015808e-02 3.029562532901763916e-02 5.111457407474517822e-02 3.159766271710395813e-02 1.184806786477565765e-02 2.386928303167223930e-03 7.575025316327810287e-03 6.836744491010904312e-03 2.309500984847545624e-02 4.863689839839935303e-02 8.933731354773044586e-03 2.616984769701957703e-02 1.900114491581916809e-02 2.307250536978244781e-02 7.905611768364906311e-03 4.998036660254001617e-03 1.499249413609504700e-02 2.200409770011901855e-02 1.352840010076761246e-02 1.214747224003076553e-02 1.824413239955902100e-02 1.685667037963867188e-02 2.642736956477165222e-02 5.854693241417407990e-03 2.379517816007137299e-02 4.532563034445047379e-03 2.947017550468444824e-02 4.013513028621673584e-02 1.712847687304019928e-02 6.311610806733369827e-03 1.032503508031368256e-02 1.952187344431877136e-02 4.728475585579872131e-02 2.776573412120342255e-02 6.668592803180217743e-03 2.046344429254531860e-02 4.179803282022476196e-02 8.135519921779632568e-03 4.705855622887611389e-02 5.011669546365737915e-02 4.027553275227546692e-02 3.832395002245903015e-02 1.282299496233463287e-02 1.916127651929855347e-02 2.042706124484539032e-02 1.226756721735000610e-02 2.603582479059696198e-02 1.442749286070466042e-03 4.881768487393856049e-03 1.470514107495546341e-02 1.972259022295475006e-02 1.869139447808265686e-02 3.468715120106935501e-03 1.092190947383642197e-02 1.761809550225734711e-02 9.485030546784400940e-03 9.387530386447906494e-03 1.533193048089742661e-02 1.542598358355462551e-03 1.586169935762882233e-02 1.024436322040855885e-03 2.808228880167007446e-02 4.815084394067525864e-03 4.165870323777198792e-02 3.298719599843025208e-02 1.834094896912574768e-02 9.792776778340339661e-03 6.132668349891901016e-03 1.641348190605640411e-02 2.050106786191463470e-02
2.392056770622730255e-02 1.774212904274463654e-02 5.535179972648620605e-01 1.878571696579456329e-02 3.057436831295490265e-02 4.502378776669502258e-02 1.707769930362701416e-02 8.138083666563034058e-02 3.605118254199624062e-04 3.585917875170707703e-02 2.772170491516590118e-02 4.113806877285242081e-03 2.267898991703987122e-02 2.147001028060913086e-02 7.350904052145779133e-04 3.155894577503204346e-02 3.139459760859608650e-03 3.858949244022369385e-02 6.342807412147521973e-02 9.315917268395423889e-03 2.394971996545791626e-02 2.446848899126052856e-02 1.754566840827465057e-02 1.071163266897201538e-02 5.268818233162164688e-03 3.817310929298400879e-02 2.600890398025512695e-02 1.001930143684148788e-02 2.436751686036586761e-02 2.480802498757839203e-02 9.580297395586967468e-03 4.305290058255195618e-02 2.653414569795131683e-02 1.308392267674207687e-02 3.007542155683040619e-02 8.986731991171836853e-03 4.111189395189285278e-02 3.122953325510025024e-02 3.311463445425033569e-02 8.387767709791660309e-03 1.796352304518222809e-02 3.346093744039535522e-02 8.190424181520938873e-03 2.005558274686336517e-02 2.263530157506465912e-02 1.790281571447849274e-02 3.949034586548805237e-02 4.669880028814077377e-03 2.249258384108543396e-02 4.317598883062601089e-03 2.734613604843616486e-02 6.713645532727241516e-03 1.281222910620272160e-03 2.873567305505275726e-02 7.438653614372014999e-03 1.006098836660385132e-02 4.369840398430824280e-02 3.862238675355911255e-02 3.212553216144442558e-03 3.004142199642956257e-04 4.614622518420219421e-02 4.657658189535140991e-02 2.058428525924682617e-02 1.160639617592096329e-02 2.151169627904891968e-02 2.157445065677165985e-02 7.009267807006835938e-03 1.438544783741235733e-02 7.719927001744508743e-03 3.598810732364654541e-02 3.429795056581497192e-02 2.763825282454490662e-02 1.652488857507705688e-02 3.232405334711074829e-02 6.369669735431671143e-02 1.804547570645809174e-02 1.453050784766674042e-02 3.467611037194728851e-03 1.269664266146719456e-03 1.037899870425462723e-02 7.969049364328384399e-02 5.315782129764556885e-02 2.613373659551143646e-02 3.375820070505142212e-02 3.614963591098785400e-02 9.507470764219760895e-03 1.171889528632164001e-02 2.357502933591604233e-03 4.774423688650131226e-02 4.835931584239006042e-02 3.355285525321960449e-02 6.688239518553018570e-03 1.221632864326238632e-02 1.376468781381845474e-02 9.935052134096622467e-03 2.988600358366966248e-02 3.658312559127807617e-02 1.638423092663288116e-02 2.197489701211452484e-02 2.000553347170352936e-02 1.825757510960102081e-02 8.738170377910137177e-03 3.050247672945261002e-03 2.559608034789562225e-02 1.788669265806674957e-03 2.088239975273609161e-02 3.623662889003753662e-02 4.862623661756515503e-02 2.844505384564399719e-02 2.325408160686492920e-02 1.042321790009737015e-02 2.370738238096237183e-02 3.874024259857833385e-04 3.305771201848983765e-02 1.819244027137756348e-02 1.378321088850498199e-03
3.272606432437896729e-02 2.669947780668735504e-02 1.878571696579456329e-02 5.511507987976074219e-01 1.298505365848541260e-01 4.178819712251424789e-03 2.673635818064212799e-02 2.101283520460128784e-02 9.014584124088287354e-03 4.744662716984748840e-02 1.151503715664148331e-02 4.985166713595390320e-03 2.633050642907619476e-02 8.022386580705642700e-03 1.501199905760586262e-03 3.135257214307785034e-02 1.644157245755195618e-02 6.300365179777145386e-02 5.772602558135986328e-02 2.795098163187503815e-02 4.423568956553936005e-03 3.261702880263328552e-02 1.388163864612579346e-02 2.456783084198832512e-03 2.849334105849266052e-02 4.469431564211845398e-02 1.400816626846790314e-02 6.161291524767875671e-02 2.968447655439376831e-02 1.099363490939140320e-01 1.135422848165035248e-02 2.929118834435939789e-02 2.424700744450092316e-02 2.283558622002601624e-02 3.277534246444702148e-02 1.176720857620239258e-02 2.673543989658355713e-03 1.251966692507266998e-02 2.415557391941547394e-02 7.091391016729176044e-04 4.306662885937839746e-04 3.385189920663833618e-02 1.668713428080081940e-02 5.490167997777462006e-03 1.610803604125976562e-02 2.661642991006374359e-02 1.888665929436683655e-02 2.971175126731395721e-02 3.565887222066521645e-03 5.000851117074489594e-03 6.974122487008571625e-03 5.507562309503555298e-04 2.962375991046428680e-02 2.401959523558616638e-02 3.401724621653556824e-02 5.742937326431274414e-02 3.711608471348881721e-03 2.976456098258495331e-02 4.223389178514480591e-02 3.352692350745201111e-02 5.405014008283615112e-02 6.120079383254051208e-02 3.215610980987548828e-02 2.826551534235477448e-02 2.222479321062564850e-02 2.510802820324897766e-02 1.389496680349111557e-02 3.669171407818794250e-02 3.309117257595062256e-02 2.896659076213836670e-02 4.511752724647521973e-02 2.336113527417182922e-02 1.802332699298858643e-01 4.221953079104423523e-02 7.104918360710144043e-02 3.203289583325386047e-02 3.917885199189186096e-02 3.507029963657259941e-03 2.749155275523662567e-03 1.842701807618141174e-02 1.274611055850982666e-02 3.803272545337677002e-02 3.568888455629348755e-02 1.729365810751914978e-02 2.772558946162462234e-03 3.652798384428024292e-02 1.245805434882640839e-02 4.331477731466293335e-02 2.433705609291791916e-03 3.227870911359786987e-02 1.184173952788114548e-02 1.542500313371419907e-02 4.802597686648368835e-03 2.662343718111515045e-02 9.355490654706954956e-02 8.001340553164482117e-03 2.470500022172927856e-02 9.653548710048198700e-03 2.439843304455280304e-02 8.098371326923370361e-03 8.194084279239177704e-03 1.342246588319540024e-02 9.969326492864638567e-05 9.268861263990402222e-03 3.079962730407714844e-02 2.313341572880744934e-02 3.448235616087913513e-02 3.446406871080398560e-02 5.783608648926019669e-03 2.248703315854072571e-02 2.980844117701053619e-02 1.812418177723884583e-02 1.540128234773874283e-02 7.838605670258402824e-04 2.151057496666908264e-02 2.364044822752475739e-02
1.723466813564300537e-02 3.802334831561893225e-04 3.057436831295490265e-02 1.298505365848541260e-01 5.581243634223937988e-01 7.881786674261093140e-03 4.536247812211513519e-03 2.089914306998252869e-02 4.385400563478469849e-02 2.707646228373050690e-02 8.773069828748703003e-03 2.215747162699699402e-02 8.594541810452938080e-03 4.805477336049079895e-03 4.428242146968841553e-02 1.643424667418003082e-02 2.509698970243334770e-03 4.018252249807119370e-03 6.590628996491432190e-03 2.572288736701011658e-02 1.379892043769359589e-02 1.401066128164529800e-02 4.043491557240486145e-02 2.640209719538688660e-02 7.214621175080537796e-03 1.672064699232578278e-02 2.040863968431949615e-02 3.212518617510795593e-02 3.136801347136497498e-02 5.772959440946578979e-03 3.779851831495761871e-03 5.940590519458055496e-03 3.830728679895401001e-02 1.293349917978048325e-02 5.285971798002719879e-03 2.582438290119171143e-02 3.751143068075180054e-02 2.824331447482109070e-02 1.338670123368501663e-02 9.143908508121967316e-03 2.411247417330741882e-02 9.359797113575041294e-04 9.805747307837009430e-03 5.528344213962554932e-02 3.354658558964729309e-02 4.446592181921005249e-02 6.434925366193056107e-03 2.297988533973693848e-02 1.274947449564933777e-02 8.578417822718620300e-03 1.095465035177767277e-03 1.379176136106252670e-02 2.640240453183650970e-02 6.312727928161621094e-03 4.574251547455787659e-02 3.655245900154113770e-02 1.189129240810871124e-02 1.227568369358778000e-02 1.410525385290384293e-02 3.316878341138362885e-03 3.815738111734390259e-02 3.589850291609764099e-02 7.480408996343612671e-03 4.986389074474573135e-03 2.030483447015285492e-02 2.174111828207969666e-02 3.017180366441607475e-03 5.755821708589792252e-03 1.585065387189388275e-02 5.879776435904204845e-04 5.001313239336013794e-02 1.846912316977977753e-02 1.268015243113040924e-02 2.928589470684528351e-02 2.645189873874187469e-02 1.197327580302953720e-02 9.842688217759132385e-03 3.134324774146080017e-02 7.000377518124878407e-04 1.150617655366659164e-02 2.692090580239892006e-03 1.463594846427440643e-02 1.614219322800636292e-02 2.727942168712615967e-02 1.475388649851083755e-02 1.099213212728500366e-02 1.564719900488853455e-02 3.735061269253492355e-03 1.916846446692943573e-02 4.300275072455406189e-02 2.288802340626716614e-02 2.199459262192249298e-02 1.844249479472637177e-02 7.417581975460052490e-03 1.284303143620491028e-02 4.035099223256111145e-02 4.054163023829460144e-02 1.137529779225587845e-02 8.349143899977207184e-03 2.892668731510639191e-02 2.119533717632293701e-02 1.739557459950447083e-02 7.343798410147428513e-03 2.088483190163969994e-03 4.137441143393516541e-02 2.028618380427360535e-02 6.807547528296709061e-03 4.742377996444702148e-02 2.456148900091648102e-02 3.854805231094360352e-02 9.650547988712787628e-03 3.747452795505523682e-02 3.270539920777082443e-03 5.241555161774158478e-03 9.234646335244178772e-03 3.973773121833801270e-02
5.236787348985671997e-02 4.712618887424468994e-02 4.502378776669502258e-02 4.178819712251424789e-03 7.881786674261093140e-03 5.885697007179260254e-01 5.391469970345497131e-02 1.446638838388025761e-03 2.310660108923912048e-02 5.488236621022224426e-02 4.522295668721199036e-02 1.584077440202236176e-02 3.462710976600646973e-02 2.421037107706069946e-02 1.684027165174484253e-02 2.181174978613853455e-02 3.880185633897781372e-02 1.629722677171230316e-02 2.141964063048362732e-02 2.127051167190074921e-02 2.971458435058593750e-02 1.038450095802545547e-02 2.720002271234989166e-02 5.188266560435295105e-02 4.216753586661070585e-04 2.585471421480178833e-02 5.075597669929265976e-03 1.950715109705924988e-02 3.821031749248504639e-02 1.769042201340198517e-02 2.123841270804405212e-02 3.809086047112941742e-03 6.946008186787366867e-03 1.839031465351581573e-02 2.364582940936088562e-02 1.417066901922225952e-03 5.539416335523128510e-03 8.830667473375797272e-03 2.699131332337856293e-02 6.026108283549547195e-03 1.499685272574424744e-02 1.237987075001001358e-02 7.320301607251167297e-03 3.032755479216575623e-02 1.951328478753566742e-02 4.418034479022026062e-02 4.227709770202636719e-02 2.477247826755046844e-02 3.761694580316543579e-02 1.754855178296566010e-02 5.939848415437154472e-05 5.624414770863950253e-04 1.049082842655479908e-03 1.569419912993907928e-02 1.278077811002731323e-02 2.084508724510669708e-02 3.200287744402885437e-02 5.135875195264816284e-02 7.778916507959365845e-03 1.735015586018562317e-02 8.608188480138778687e-03 3.704237192869186401e-02 2.821960486471652985e-02 4.664655309170484543e-03 1.451478712260723114e-02 1.710564084351062775e-02 5.084065254777669907e-03 9.248727583326399326e-04 3.824083134531974792e-02 1.308362279087305069e-02 3.737419843673706055e-02 2.732468023896217346e-02 5.591842345893383026e-03 2.057949639856815338e-02 6.465751794166862965e-04 3.973139822483062744e-02 2.555370889604091644e-02 6.799002643674612045e-03 5.027022212743759155e-02 4.095276445150375366e-02 2.011575736105442047e-03 2.438460476696491241e-02 3.498259559273719788e-02 7.595418952405452728e-03 2.482263557612895966e-02 5.628567561507225037e-02 2.628044039011001587e-02 1.578260958194732666e-02 1.771159283816814423e-02 2.048720046877861023e-02 2.905239537358283997e-02 2.293420210480690002e-02 3.198182582855224609e-02 1.291673537343740463e-02 3.966518864035606384e-02 1.994039863348007202e-02 3.827733919024467468e-02 1.721232756972312927e-02 2.578279003500938416e-03 3.023945493623614311e-03 1.414282713085412979e-02 3.495162352919578552e-02 8.286000229418277740e-03 3.849160671234130859e-02 3.372327238321304321e-02 2.238813973963260651e-02 8.365935645997524261e-03 4.892075806856155396e-02 2.588470838963985443e-02 3.499068692326545715e-02 9.085940197110176086e-03 1.965822465717792511e-02 2.157812472432851791e-03 7.273692172020673752e-03 3.423837944865226746e-02 1.804139465093612671e-02
5.516872927546501160e-02 5.022265389561653137e-02 1.707769930362701416e-02 2.673635818064212799e-02 4.536247812211513519e-03 5.391469970345497131e-02 5.886567831039428711e-01 8.070004172623157501e-03 8.476956747472286224e-03 3.242043778300285339e-02 4.018647596240043640e-02 4.167608171701431274e-02 4.489982128143310547e-02 3.430275991559028625e-02 2.379410341382026672e-02 5.052910372614860535e-02 4.346567671746015549e-03 1.136651728302240372e-02 3.624929860234260559e-02 2.431694185361266136e-03 1.926758326590061188e-02 5.245639476925134659e-03 2.358276024460792542e-02 4.191395640373229980e-02 5.989047698676586151e-03 1.068695448338985443e-02 2.174167148768901825e-02 2.333526685833930969e-02 2.313029393553733826e-02 1.100498996675014496e-02 2.264642901718616486e-02 1.171674206852912903e-02 3.987980075180530548e-03 3.256252408027648926e-02 7.242387626320123672e-03 1.982327550649642944e-02 2.230850793421268463e-02 1.664010994136333466e-02 2.640017122030258179e-02 6.482819095253944397e-03 1.222022250294685364e-02 5.436538252979516983e-03 2.909794566221535206e-04 4.017794132232666016e-02 3.680136427283287048e-02 3.823306038975715637e-02 3.722481429576873779e-02 3.514750301837921143e-02 5.188084766268730164e-02 3.646340966224670410e-02 7.338454481214284897e-03 3.964106086641550064e-03 1.098630670458078384e-02 1.469854824244976044e-02 1.534785237163305283e-02 4.373668879270553589e-02 2.707570046186447144e-02 3.083886206150054932e-02 4.884459078311920166e-03 9.339381009340286255e-03 1.720307208597660065e-02 2.691793953999876976e-03 2.408141829073429108e-02 4.766941070556640625e-03 2.994671522174030542e-04 8.661643601953983307e-03 3.105393238365650177e-02 1.223555486649274826e-02 1.877886941656470299e-03 1.831166818737983704e-02 9.468246251344680786e-03 1.869455911219120026e-02 4.677145741879940033e-03 2.236890234053134918e-02 2.176115103065967560e-02 1.242618355900049210e-02 3.194746747612953186e-02 1.037263870239257812e-02 4.332104325294494629e-02 1.100342837162315845e-03 2.801161492243409157e-03 1.129718683660030365e-02 3.334984928369522095e-02 2.440001553623005748e-04 5.406162887811660767e-02 5.186127126216888428e-02 2.562410198152065277e-02 1.293738372623920441e-02 3.022490441799163818e-02 2.432623645290732384e-03 2.336381748318672180e-02 1.209305319935083389e-02 2.850565873086452484e-02 3.285317216068506241e-04 7.025120779871940613e-03 5.341276526451110840e-02 3.500282391905784607e-02 3.807399421930313110e-03 6.359469844028353691e-04 3.404979594051837921e-03 9.322757832705974579e-03 1.687210239470005035e-02 1.940151210874319077e-03 2.749162167310714722e-02 1.422671228647232056e-02 2.652789093554019928e-02 3.498269617557525635e-02 4.307061061263084412e-02 1.272553112357854843e-03 2.989944815635681152e-02 1.800070889294147491e-02 1.499276049435138702e-02 1.110063679516315460e-02 6.724367383867502213e-03 2.046797983348369598e-02 2.004603110253810883e-02
6.483078002929687500e-03 1.695622922852635384e-03 8.138083666563034058e-02 2.101283520460128784e-02 2.089914306998252869e-02 1.446638838388025761e-03 8.070004172623157501e-03 5.651983618736267090e-01 5.750528071075677872e-03 2.084488235414028168e-02 2.022668346762657166e-02 7.474150042980909348e-03 1.941553689539432526e-02 2.449993230402469635e-02 3.987800329923629761e-02 1.904798857867717743e-02 2.778922021389007568e-02 3.293823823332786560e-02 1.620857417583465576e-02 9.551519528031349182e-03 2.523914165794849396e-02 3.307143971323966980e-02 2.320484817028045654e-02 5.044002830982208252e-02 6.577725987881422043e-03 8.114530704915523529e-03 2.468629274517297745e-03 2.084732614457607269e-02 7.291450630873441696e-03 3.055079840123653412e-02 1.180182007374241948e-04 5.616792943328619003e-03 2.444008737802505493e-02 1.541966665536165237e-02 2.489218302071094513e-02 6.099825259298086166e-04 1.870909333229064941e-02 1.363765727728605270e-02 3.259869292378425598e-02 6.975097209215164185e-02 2.395916543900966644e-02 2.153341658413410187e-02 5.089798942208290100e-03 1.708443835377693176e-02 2.710537752136588097e-03 3.164061158895492554e-02 9.076331742107868195e-03 2.476521581411361694e-02 9.590295143425464630e-03 2.131832018494606018e-02 1.464022789150476456e-02 2.638255991041660309e-02 1.427106186747550964e-02 1.750948280096054077e-02 3.765553934499621391e-03 4.218138009309768677e-02 1.050377823412418365e-02 7.364682853221893311e-03 9.976000525057315826e-03 4.844447597861289978e-03 4.202076047658920288e-02 7.427483797073364258e-04 2.385857142508029938e-02 6.038409192115068436e-03 2.270031534135341644e-02 1.279910653829574585e-02 2.396967075765132904e-02 3.337080590426921844e-03 2.795060537755489349e-02 7.099117152392864227e-03 2.466483227908611298e-02 2.148444391787052155e-02 5.026931408792734146e-03 1.153086079284548759e-03 1.239995937794446945e-03 1.367139071226119995e-02 8.128958754241466522e-03 3.039271943271160126e-02 1.107615884393453598e-02 3.608931228518486023e-02 5.507342517375946045e-02 7.268786430358886719e-02 2.353304438292980194e-02 3.051676787436008453e-02 3.468040004372596741e-02 1.066795457154512405e-02 2.899732626974582672e-02 1.271616574376821518e-02 6.777639966458082199e-03 3.758142888545989990e-02 5.950800143182277679e-03 1.206002663820981979e-02 1.418489310890436172e-02 1.500455196946859360e-03 2.015032991766929626e-02 2.399672009050846100e-02 4.194812849164009094e-02 4.748874809592962265e-03 2.499509416520595551e-02 3.530106693506240845e-02 2.030076086521148682e-02 1.641435362398624420e-02 1.281846128404140472e-02 5.103351548314094543e-03 1.414696313440799713e-02 3.128773719072341919e-02 3.197518736124038696e-02 3.218432143330574036e-02 1.054649800062179565e-02 3.161773830652236938e-02 3.730147704482078552e-02 2.000207267701625824e-02 5.329218693077564240e-03 2.517406828701496124e-02 1.511705759912729263e-02 2.757960557937622070e-02
4.747707769274711609e-02 2.953473664820194244e-02 3.605118254199624062e-04 9.014584124088287354e-03 4.385400563478469849e-02 2.310660108923912048e-02 8.476956747472286224e-03 5.750528071075677872e-03 5.801095962524414062e-01 5.336609855294227600e-02 3.240393474698066711e-02 4.049146664328873158e-04 6.669620983302593231e-03 4.013899713754653931e-03 4.458492994308471680e-02 3.028118237853050232e-02 3.265193477272987366e-02 3.541061654686927795e-02 3.361223265528678894e-02 4.105351492762565613e-02 6.762494798749685287e-03 1.615204289555549622e-02 3.833457455039024353e-02 4.604629799723625183e-02 3.419207036495208740e-02 1.430292613804340363e-02 2.846213430166244507e-02 4.893635585904121399e-02 6.105365231633186340e-03 2.690100483596324921e-02 9.540162980556488037e-03 4.157072398811578751e-03 1.558793056756258011e-02 7.110246457159519196e-03 2.256199531257152557e-02 1.451906934380531311e-02 3.101839497685432434e-02 8.004817063920199871e-04 1.481894403696060181e-02 3.359659761190414429e-02 1.112942118197679520e-02 7.531053852289915085e-03 1.230050460435450077e-03 1.245810370892286301e-02 1.208082027733325958e-02 9.790038689970970154e-03 9.558140300214290619e-03 1.942235231399536133e-02 1.190706621855497360e-02 6.994709838181734085e-03 1.906206831336021423e-02 1.442144345492124557e-02 1.175290672108530998e-03 1.445543393492698669e-02 1.155265141278505325e-02 1.999065838754177094e-02 2.216226793825626373e-02 1.336491294205188751e-02 2.906243503093719482e-02 1.013703644275665283e-02 6.029100622981786728e-03 1.402297429740428925e-02 2.152832783758640289e-02 7.552899187430739403e-04 6.403646897524595261e-03 3.947364748455584049e-04 1.842205412685871124e-02 6.162835285067558289e-03 4.861365631222724915e-02 1.077675027772784233e-03 4.110419191420078278e-03 3.330785082653164864e-03 2.213335782289505005e-02 3.112297272309660912e-03 2.137675508856773376e-02 1.787665858864784241e-02 4.927407205104827881e-02 3.583692759275436401e-02 3.852353896945714951e-03 5.218029394745826721e-02 1.527968049049377441e-02 4.539505392313003540e-02 5.833253264427185059e-03 2.180516347289085388e-02 9.651268832385540009e-03 3.045598790049552917e-02 2.652373909950256348e-02 4.954472556710243225e-02 1.803766191005706787e-02 4.688862245529890060e-03 1.980777643620967865e-02 1.117355469614267349e-02 1.460859086364507675e-02 1.121843000873923302e-03 1.866389997303485870e-02 2.998401969671249390e-02 3.491840884089469910e-02 1.696666888892650604e-02 1.662990450859069824e-02 1.691221445798873901e-02 1.827833056449890137e-02 3.650890290737152100e-02 7.616682909429073334e-03 3.857985604554414749e-03 3.842245414853096008e-02 2.141587994992733002e-02 1.024928223341703415e-02 2.023032121360301971e-02 2.528464188799262047e-03 7.353362161666154861e-03 5.012009665369987488e-02 4.721443168818950653e-03 9.946104139089584351e-03 5.522230640053749084e-03 7.804563269019126892e-03 2.796684019267559052e-02
5.126554891467094421e-02 5.685813724994659424e-02 3.585917875170707703e-02 4.744662716984748840e-02 2.707646228373050690e-02 5.488236621022224426e-02 3.242043778300285339e-02 2.084488235414028168e-02 5.336609855294227600e-02 5.835868716239929199e-01 5.049473047256469727e-02 1.366548333317041397e-02 1.466527581214904785e-02 3.017612360417842865e-02 3.859268128871917725e-02 1.513317576609551907e-03 5.238616839051246643e-02 3.886886686086654663e-02 1.126529369503259659e-02 3.908710181713104248e-02 2.328517148271203041e-03 4.880101606249809265e-02 3.765537217259407043e-02 6.819099932909011841e-02 1.567898318171501160e-02 1.429663319140672684e-02 3.952369093894958496e-02 2.579072606749832630e-04 4.795452207326889038e-02 2.147683501243591309e-02 2.330090152099728584e-03 1.766594313085079193e-02 1.878009526990354061e-03 4.808895289897918701e-03 2.950059063732624054e-02 7.151548750698566437e-03 3.231254592537879944e-02 5.586929153650999069e-03 3.965482860803604126e-02 1.658188737928867340e-02 2.635592129081487656e-03 7.344063371419906616e-03 4.402674268931150436e-03 3.826942062005400658e-03 2.435256913304328918e-02 5.816222401335835457e-04 3.653356805443763733e-02 2.109842747449874878e-02 1.434285193681716919e-03 5.885395035147666931e-02 1.082433108240365982e-02 8.618284016847610474e-03 1.545206829905509949e-02 9.225408546626567841e-03 2.218414843082427979e-02 3.699903562664985657e-02 9.772161021828651428e-03 3.245675191283226013e-02 1.572348363697528839e-02 2.107689343392848969e-02 3.183167427778244019e-02 2.854277938604354858e-02 3.266431018710136414e-02 5.685824900865554810e-03 1.298267487436532974e-02 3.482991596683859825e-03 9.560055099427700043e-03 4.077120684087276459e-03 4.559457674622535706e-02 1.383597124367952347e-02 2.880780026316642761e-02 2.885819971561431885e-02 1.264664717018604279e-02 5.106395483016967773e-02 3.871815570164471865e-04 1.989188231527805328e-02 3.269712207838892937e-03 5.885964259505271912e-02 2.327897958457469940e-02 9.291309863328933716e-02 4.416008479893207550e-03 3.869207575917243958e-02 3.063188120722770691e-02 2.523661591112613678e-02 1.299236435443162918e-02 4.545619338750839233e-02 4.356127977371215820e-02 3.887021541595458984e-02 3.466189280152320862e-02 7.949364930391311646e-02 3.825518116354942322e-02 1.456939708441495895e-02 4.620658233761787415e-02 1.514426432549953461e-02 8.079476654529571533e-03 4.011610057204961777e-03 3.805867955088615417e-02 1.964485086500644684e-02 7.581516634672880173e-03 8.338346146047115326e-03 1.571282371878623962e-02 2.503107860684394836e-02 1.550133572891354561e-03 7.908220402896404266e-03 2.927412278950214386e-02 4.449821542948484421e-03 2.708843443542718887e-03 7.658045273274183273e-03 1.934425788931548595e-03 2.028711326420307159e-02 1.497565489262342453e-02 5.162587040103971958e-04 1.500962115824222565e-02 7.090022787451744080e-03 3.984115610364824533e-04 3.250939026474952698e-02
6.126640364527702332e-02 4.858082532882690430e-02 2.772170491516590118e-02 1.151503715664148331e-02 8.773069828748703003e-03 4.522295668721199036e-02 4.018647596240043640e-02 2.022668346762657166e-02 3.240393474698066711e-02 5.049473047256469727e-02 5.876988768577575684e-01 4.017741978168487549e-02 4.142689704895019531e-02 4.662799090147018433e-02 2.586686797440052032e-02 1.073170639574527740e-02 3.069024719297885895e-02 1.166199892759323120e-02 2.247123979032039642e-02 1.567890681326389313e-02 1.455974113196134567e-02 1.144512277096509933e-02 3.288629651069641113e-02 4.681925103068351746e-02 8.465834893286228180e-03 9.598338045179843903e-03 8.227379992604255676e-03 2.449611388146877289e-02 3.161824122071266174e-02 2.663751132786273956e-02 2.128197625279426575e-02 1.289287116378545761e-03 9.145027725026011467e-04 1.132335234433412552e-02 4.070083610713481903e-03 1.284838747233152390e-02 2.305188681930303574e-03 1.289628632366657257e-02 1.938706263899803162e-02 2.695942856371402740e-02 1.160854101181030273e-02 6.320985499769449234e-03 1.104074250906705856e-02 3.385554626584053040e-02 3.331617638468742371e-02 4.318578168749809265e-02 4.040257632732391357e-02 2.764584496617317200e-02 4.432499781250953674e-02 4.762054979801177979e-02 9.337971918284893036e-03 3.515052795410156250e-02 5.904107354581356049e-03 7.558585610240697861e-03 6.472931243479251862e-03 4.408846050500869751e-02 1.710814051330089569e-02 2.862514927983283997e-02 1.735463179647922516e-02 1.834499835968017578e-02 1.707859896123409271e-02 1.343917753547430038e-02 1.991141028702259064e-02 7.339629810303449631e-03 3.365233540534973145e-02 1.759587600827217102e-02 1.105030532926321030e-02 4.646261688321828842e-03 2.804710343480110168e-02 1.374221779406070709e-02 3.251022100448608398e-02 8.559168316423892975e-03 3.066372359171509743e-03 5.479062907397747040e-03 9.750089608132839203e-03 2.783984877169132233e-03 8.086021058261394501e-03 3.336406871676445007e-02 3.105560876429080963e-02 1.621598936617374420e-02 3.154778853058815002e-03 2.619621530175209045e-02 2.789510041475296021e-02 3.937900066375732422e-02 4.390789940953254700e-02 5.632396787405014038e-02 4.218832403421401978e-02 2.168828062713146210e-02 3.240713104605674744e-02 5.033513996750116348e-03 6.236773449927568436e-03 3.031606413424015045e-02 1.984099298715591431e-02 5.004759412258863449e-03 6.467732135206460953e-03 5.274783447384834290e-02 3.623472526669502258e-02 7.064471486955881119e-03 8.095364086329936981e-03 1.794088631868362427e-02 1.127829961478710175e-02 6.660657003521919250e-03 1.869982108473777771e-03 2.667500870302319527e-03 1.506787538528442383e-02 1.434729900211095810e-02 2.329537458717823029e-02 3.141761571168899536e-02 2.519348636269569397e-03 3.151933103799819946e-02 3.991973120719194412e-03 2.571241743862628937e-02 7.050892338156700134e-03 1.898103021085262299e-02 6.546976976096630096e-03 4.254040308296680450e-03
4.678202047944068909e-02 3.731898218393325806e-02 4.113806877285242081e-03 4.985166713595390320e-03 2.215747162699699402e-02 1.584077440202236176e-02 4.167608171701431274e-02 7.474150042980909348e-03 4.049146664328873158e-04 1.366548333317041397e-02 4.017741978168487549e-02 5.681262612342834473e-01 4.718865454196929932e-02 9.899444133043289185e-02 2.172722294926643372e-02 3.690478578209877014e-02 5.827897693961858749e-03 3.871339932084083557e-02 9.842467261478304863e-04 3.347855061292648315e-02 8.810371160507202148e-03 7.682436611503362656e-03 4.022125527262687683e-02 3.157313168048858643e-02 1.765837660059332848e-03 3.091302700340747833e-03 1.011177059262990952e-02 2.523388341069221497e-02 1.650298573076725006e-02 3.964219614863395691e-02 1.817266643047332764e-02 3.610714804381132126e-03 4.448779392987489700e-03 3.518658131361007690e-02 1.372392196208238602e-02 5.501575395464897156e-02 2.991472720168530941e-04 1.764892414212226868e-02 3.576273843646049500e-02 6.406304240226745605e-02 7.337604649364948273e-03 2.180517464876174927e-02 1.844271458685398102e-02 1.528850477188825607e-02 9.583266451954841614e-03 2.322367206215858459e-02 1.810759119689464569e-02 3.570161014795303345e-02 1.602193713188171387e-02 9.135361760854721069e-03 2.968210959807038307e-03 1.544454041868448257e-02 2.259717002743855119e-04 1.829106244258582592e-03 1.983276940882205963e-02 9.812752716243267059e-03 1.432965975254774094e-02 5.928304977715015411e-03 3.819110337644815445e-03 4.997111391276121140e-03 4.075618833303451538e-02 3.361378982663154602e-02 5.958469584584236145e-03 3.250664845108985901e-02 3.766191890463232994e-03 6.998450960963964462e-03 2.889645472168922424e-02 3.034622175619006157e-03 3.086523711681365967e-02 1.517117116600275040e-02 1.188992802053689957e-02 4.275728389620780945e-02 1.662114262580871582e-02 1.839216612279415131e-02 3.063421323895454407e-02 3.084801323711872101e-02 1.685503683984279633e-02 1.598844304680824280e-02 1.012720167636871338e-02 1.188316103070974350e-02 1.556509640067815781e-02 1.569424755871295929e-02 1.200991496443748474e-02 2.475792914628982544e-02 4.115639999508857727e-02 1.406981330364942551e-02 2.321657165884971619e-02 1.033330452628433704e-03 5.703353672288358212e-04 6.213165074586868286e-02 1.380591304041445255e-03 1.746626384556293488e-02 9.306384250521659851e-03 1.014619600027799606e-02 3.740150481462478638e-02 1.301898341625928879e-02 4.525834519881755114e-04 2.664116211235523224e-02 4.788880702108144760e-03 5.177518352866172791e-03 1.304767676629126072e-03 7.179558742791414261e-03 1.536155957728624344e-02 4.720775783061981201e-02 3.616413846611976624e-02 1.389134768396615982e-02 8.442474529147148132e-03 1.883668638765811920e-02 5.232095136307179928e-04 1.522539556026458740e-02 4.084783792495727539e-02 3.171198070049285889e-03 9.587881155312061310e-03 1.311942376196384430e-02 2.962704934179782867e-02 3.778216987848281860e-02
4.864711314439773560e-02 4.861607402563095093e-02 2.267898991703987122e-02 2.633050642907619476e-02 8.594541810452938080e-03 3.462710976600646973e-02 4.489982128143310547e-02 1.941553689539432526e-02 6.669620983302593231e-03 1.466527581214904785e-02 4.142689704895019531e-02 4.718865454196929932e-02 5.821895003318786621e-01 3.056967817246913910e-02 2.464366145431995392e-02 7.402295246720314026e-03 1.879231631755828857e-02 3.602969646453857422e-02 2.307105623185634613e-02 2.098897472023963928e-02 1.465772278606891632e-02 5.140319932252168655e-03 1.839710772037506104e-02 1.468124147504568100e-02 1.299096830189228058e-02 1.733768731355667114e-02 2.793638966977596283e-03 1.150969881564378738e-02 2.140341140329837799e-02 3.854941949248313904e-02 4.168264940381050110e-02 1.835723593831062317e-02 5.649154074490070343e-03 2.678374946117401123e-02 1.371517684310674667e-02 1.019173115491867065e-02 1.842675916850566864e-02 1.529015507549047470e-02 7.703351322561502457e-03 1.364355254918336868e-02 1.901553384959697723e-02 2.115373872220516205e-02 2.716755261644721031e-03 2.806758135557174683e-02 5.183545500040054321e-02 4.934863001108169556e-02 2.480892278254032135e-02 3.834885358810424805e-02 3.810706362128257751e-02 5.278839170932769775e-02 2.106628380715847015e-02 1.929279603064060211e-02 1.437257044017314911e-02 5.719484295696020126e-03 6.488366983830928802e-03 1.881699822843074799e-02 5.753512959927320480e-03 2.502272650599479675e-02 1.545148668810725212e-03 2.234465628862380981e-02 1.564764790236949921e-02 1.581715233623981476e-02 1.688320189714431763e-02 1.808537170290946960e-02 1.132593303918838501e-02 3.513636812567710876e-02 3.237886726856231689e-02 1.085582189261913300e-02 6.336662918329238892e-03 9.953864850103855133e-03 2.970871282741427422e-04 1.594008132815361023e-02 5.507166963070631027e-03 2.653786679729819298e-03 2.828872762620449066e-02 1.508852932602167130e-02 1.433492917567491531e-02 8.502494543790817261e-03 3.548463806509971619e-02 4.158956930041313171e-02 2.615074859932065010e-03 5.001376848667860031e-03 1.015549153089523315e-02 7.794072385877370834e-03 4.424170777201652527e-02 5.836272239685058594e-02 1.802931353449821472e-02 9.661593474447727203e-03 9.107809746637940407e-04 2.733946964144706726e-02 9.637753479182720184e-03 1.123826950788497925e-02 2.132862806320190430e-02 2.972139604389667511e-02 8.829829283058643341e-03 4.507746547460556030e-03 1.582356356084346771e-02 1.133898925036191940e-02 8.213834837079048157e-03 6.705705542117357254e-03 8.686299435794353485e-03 5.691162776201963425e-03 1.960576325654983521e-02 6.687470246106386185e-03 2.672972902655601501e-02 2.172596752643585205e-02 8.780533447861671448e-03 2.623391523957252502e-02 1.444691419601440430e-02 1.616773381829261780e-02 2.619696967303752899e-02 1.856971345841884613e-02 1.879126578569412231e-02 1.702802604995667934e-03 5.031616613268852234e-02 1.473701559007167816e-02
