5.158854722976684570e-01 1.240520700812339783e-01 3.048056922852993011e-02 3.110492974519729614e-02 6.146890111267566681e-03 6.522010266780853271e-02 9.454406797885894775e-02 5.450894124805927277e-03 1.514230296015739441e-02 5.657107383012771606e-02 7.836785167455673218e-02 1.281306985765695572e-02 5.244227126240730286e-02 6.305229384452104568e-03 3.013074956834316254e-02 3.956934809684753418e-02 2.390328422188758850e-02 4.029204696416854858e-02 1.879192702472209930e-02 2.807785756886005402e-03 2.093932405114173889e-02 3.402210539206862450e-03 1.950354548171162605e-03 5.316098034381866455e-02 2.816338557749986649e-03 3.506848216056823730e-02 3.498620912432670593e-02 2.392888255417346954e-02 1.739851385354995728e-02 2.753827720880508423e-02 2.411522436887025833e-03 1.029472146183252335e-02 1.316985115408897400e-02 2.275292528793215752e-03 1.727885752916336060e-02 2.443840540945529938e-02 2.784099616110324860e-02 1.447269227355718613e-03 1.629475876688957214e-02 4.928249865770339966e-02 5.419372022151947021e-02 9.139145724475383759e-03 3.655453398823738098e-02 3.169675171375274658e-02 3.986448049545288086e-02 8.856022730469703674e-03 4.780033603310585022e-02 5.689978133887052536e-03 1.987288519740104675e-02 1.482232590205967426e-03 1.623991690576076508e-02 1.163351256400346756e-02 3.037423640489578247e-02 4.766551405191421509e-02 8.953854441642761230e-03 1.739195175468921661e-02 2.465457469224929810e-02 4.422760009765625000e-02 1.026698574423789978e-02 2.488872734829783440e-03 1.765606179833412170e-02 4.017421603202819824e-02 3.466902300715446472e-02 3.242189809679985046e-02 1.628086715936660767e-02 1.365187112241983414e-02 3.253148635849356651e-03 2.477598609402775764e-03 3.189760074019432068e-02 3.256990760564804077e-02 1.036146562546491623e-02 1.319500152021646500e-02 3.229978308081626892e-02 1.905239536426961422e-03 1.586169749498367310e-02 3.861975297331809998e-02 2.385890809819102287e-03 2.047741971909999847e-02 4.640721157193183899e-02 2.589968778192996979e-02 3.582154400646686554e-03 1.698890933766961098e-03 3.496894612908363342e-02 2.546805888414382935e-02 4.821653012186288834e-03 2.100718393921852112e-02 4.387494176626205444e-02 2.222181670367717743e-02 8.479672484099864960e-03 3.111574985086917877e-02 1.314165536314249039e-02 1.653799787163734436e-02 3.632496297359466553e-02 3.418266400694847107e-02 2.360468730330467224e-02 1.898868195712566376e-02 5.582913872785866261e-04 1.837388798594474792e-02 9.487138129770755768e-03 3.240896761417388916e-02 1.268088351935148239e-02 5.740579683333635330e-03 2.273488603532314301e-02 2.428732998669147491e-02 1.438687089830636978e-02 4.664715379476547241e-02 3.514800220727920532e-02 1.157321967184543610e-02 1.450055930763483047e-02 3.402654454112052917e-02 3.388858214020729065e-02 2.327671647071838379e-02 1.816488802433013916e-02 2.499498985707759857e-02 2.363746054470539093e-02 2.211358025670051575e-02
1.240520700812339783e-01 5.145866274833679199e-01 1.125385798513889313e-02 1.515096612274646759e-02 2.881681919097900391e-02 4.947154596447944641e-02 8.887741714715957642e-02 4.514794331043958664e-03 1.444343756884336472e-02 4.851096495985984802e-02 5.595033988356590271e-02 2.767320256680250168e-03 7.877025008201599121e-02 8.437079377472400665e-03 1.567209139466285706e-02 3.812776878476142883e-02 4.024142399430274963e-03 2.038632147014141083e-02 9.307528845965862274e-03 7.599034812301397324e-03 6.691441871225833893e-03 2.805794030427932739e-02 1.701973192393779755e-02 4.625411331653594971e-02 7.116069551557302475e-03 3.100582398474216461e-02 4.455345496535301208e-02 3.276205062866210938e-02 1.056337822228670120e-02 3.483116254210472107e-02 8.398112840950489044e-03 1.275403797626495361e-02 8.614411577582359314e-03 1.140662282705307007e-02 2.865644544363021851e-02 2.059254795312881470e-02 4.957587923854589462e-03 8.398507721722126007e-03 2.262643352150917053e-02 3.819894418120384216e-02 3.435778990387916565e-02 1.433999557048082352e-02 5.070681124925613403e-02 4.845902323722839355e-03 6.079528853297233582e-02 4.988677334040403366e-03 5.420108884572982788e-02 5.275983363389968872e-03 2.155188098549842834e-02 4.096130840480327606e-03 1.344075426459312439e-02 4.557986930012702942e-02 2.150503732264041901e-02 3.953870758414268494e-02 2.709612064063549042e-02 3.375620767474174500e-02 1.526954211294651031e-02 3.458097204566001892e-02 9.008008055388927460e-03 4.609406925737857819e-03 8.203978650271892548e-03 5.655290931463241577e-02 1.911065541207790375e-03 3.946043178439140320e-02 1.095752697438001633e-02 1.232389267534017563e-02 3.848639549687504768e-03 1.505731046199798584e-02 5.223454907536506653e-02 3.856853023171424866e-02 4.677967168390750885e-03 4.133085533976554871e-02 8.079089224338531494e-03 6.797180045396089554e-03 4.504210501909255981e-02 4.778523370623588562e-02 2.989058010280132294e-02 2.524710446596145630e-02 1.458142697811126709e-02 2.799678407609462738e-02 3.352401033043861389e-02 1.777328737080097198e-02 4.935055598616600037e-02 1.826336048543453217e-02 1.421788614243268967e-02 3.357521491125226021e-04 3.688660264015197754e-02 1.610939204692840576e-02 1.190387550741434097e-02 1.502005849033594131e-02 1.816133596003055573e-02 3.649728372693061829e-02 3.930206969380378723e-02 3.912332467734813690e-03 6.876382045447826385e-03 2.742076665163040161e-02 8.719277568161487579e-03 8.143606595695018768e-03 2.682202728465199471e-03 3.141213208436965942e-02 3.008974716067314148e-03 1.807139255106449127e-02 4.213915020227432251e-02 2.886837534606456757e-02 1.118542905896902084e-02 1.356239710003137589e-02 2.638844959437847137e-02 4.863625392317771912e-03 2.619908191263675690e-02 1.387040223926305771e-02 1.990276761353015900e-02 1.350404322147369385e-02 7.719266694039106369e-03 3.199037909507751465e-02 1.778882555663585663e-02 2.669182419776916504e-02
3.048056922852993011e-02 1.125385798513889313e-02 4.971120655536651611e-01 6.875439733266830444e-02 3.337964415550231934e-02 1.941945217549800873e-02 1.624502986669540405e-02 2.502381242811679840e-02 7.436832785606384277e-02 9.560915641486644745e-03 2.302639931440353394e-02 3.594014421105384827e-02 2.839316613972187042e-02 2.950059808790683746e-02 3.160286694765090942e-02 8.565827272832393646e-03 1.069191657006740570e-02 4.517477005720138550e-02 3.402102366089820862e-02 3.131509572267532349e-02 4.216067865490913391e-02 4.401049762964248657e-02 1.590328849852085114e-02 2.871725708246231079e-03 3.397974744439125061e-02 2.399884909391403198e-02 1.508298795670270920e-02 2.069012820720672607e-02 2.100747451186180115e-02 2.826668508350849152e-02 5.388121586292982101e-03 3.269267966970801353e-03 2.969563566148281097e-02 8.396145887672901154e-03 4.439942538738250732e-02 2.648724429309368134e-02 1.139516104012727737e-02 2.953443676233291626e-02 2.500585466623306274e-02 2.416779100894927979e-02 2.720130980014801025e-02 2.191039733588695526e-02 1.871074177324771881e-02 3.650431707501411438e-02 7.363445311784744263e-02 1.491660135798156261e-03 2.786379773169755936e-03 1.625842042267322540e-02 3.716284036636352539e-02 2.972741983830928802e-02 6.802955642342567444e-03 7.715425919741392136e-03 3.737806528806686401e-02 3.937199339270591736e-02 2.740048989653587341e-02 8.940666913986206055e-03 6.951242685317993164e-03 4.349325224757194519e-02 3.113445080816745758e-02 4.413576796650886536e-02 2.487367205321788788e-02 7.724765222519636154e-03 2.609553746879100800e-02 1.471680495887994766e-02 6.577626336365938187e-03 2.655099146068096161e-02 5.198117718100547791e-02 2.768208272755146027e-02 1.907839439809322357e-03 3.698308765888214111e-02 1.692137308418750763e-02 1.005000248551368713e-02 1.862714067101478577e-02 1.801962591707706451e-02 1.993616484105587006e-02 1.437775976955890656e-02 2.803095057606697083e-02 3.272775560617446899e-02 8.925974369049072266e-02 3.666993230581283569e-02 8.125777542591094971e-02 4.282818734645843506e-02 4.676439613103866577e-02 3.855052217841148376e-02 2.965134941041469574e-02 1.640390045940876007e-02 1.941299065947532654e-02 2.890815027058124542e-02 2.847179397940635681e-02 1.538258511573076248e-02 2.436156570911407471e-02 2.869963459670543671e-02 1.273934450000524521e-02 1.941786147654056549e-02 2.918318472802639008e-02 2.322088461369276047e-03 2.991249784827232361e-02 5.377995967864990234e-02 3.968318179249763489e-02 2.925441414117813110e-02 4.563634470105171204e-02 3.924615681171417236e-02 1.668144017457962036e-02 6.905075907707214355e-02 2.424938790500164032e-02 1.348515972495079041e-02 1.230901805683970451e-03 6.142059573903679848e-04 1.237374544143676758e-02 3.672187030315399170e-02 1.039329357445240021e-02 2.974536083638668060e-02 4.297205433249473572e-02 7.622178643941879272e-03 3.209730982780456543e-02 2.866877801716327667e-02
3.110492974519729614e-02 1.515096612274646759e-02 6.875439733266830444e-02 5.119368433952331543e-01 7.502926141023635864e-02 3.250354155898094177e-02 4.393985494971275330e-02 3.158148005604743958e-02 2.306780405342578888e-02 4.113173484802246094e-02 2.562844427302479744e-03 5.753544159233570099e-03 1.178987417370080948e-02 4.732519760727882385e-02 3.478718921542167664e-02 2.709945663809776306e-02 1.633588969707489014e-02 1.239359471946954727e-02 3.007062338292598724e-02 1.404808484949171543e-03 7.551751099526882172e-03 1.781497150659561157e-02 1.725450903177261353e-02 2.619628049433231354e-02 6.182756042107939720e-04 5.230789631605148315e-02 2.868583612143993378e-02 2.571205794811248779e-02 5.091561935842037201e-03 1.948431506752967834e-02 1.372821512632071972e-03 5.032292008399963379e-02 2.531017176806926727e-03 3.921768814325332642e-02 7.456013001501560211e-03 7.072823587805032730e-03 7.574471528641879559e-04 3.129382152110338211e-03 3.552733734250068665e-02 1.113798748701810837e-02 1.249231304973363876e-02 3.075088746845722198e-02 9.899626486003398895e-03 6.662541534751653671e-03 6.898425985127687454e-03 2.992252120748162270e-03 4.188251495361328125e-02 1.572286896407604218e-02 5.517872050404548645e-02 3.072322532534599304e-02 2.627586014568805695e-02 2.884046360850334167e-02 2.209433913230895996e-02 1.456666970625519753e-03 1.509691961109638214e-02 4.398785904049873352e-02 2.039691060781478882e-02 4.878776893019676208e-02 3.245495259761810303e-02 1.075385510921478271e-02 2.898062206804752350e-02 5.401436984539031982e-02 7.455853372812271118e-02 9.152169222943484783e-04 1.101049873977899551e-02 3.806535154581069946e-02 6.842012051492929459e-03 6.047519389539957047e-03 1.120176725089550018e-02 3.212973847985267639e-02 3.033323772251605988e-02 4.647347331047058105e-02 1.001536846160888672e-01 5.023536831140518188e-02 5.233566462993621826e-02 1.311909686774015427e-02 4.710802808403968811e-02 2.465148083865642548e-02 1.485612709075212479e-02 6.094186007976531982e-02 2.009302750229835510e-02 8.193165995180606842e-03 3.336695488542318344e-03 4.469878226518630981e-02 2.107822149991989136e-02 1.423420477658510208e-02 2.377801761031150818e-02 3.336817398667335510e-02 3.427879884839057922e-02 1.837083697319030762e-02 1.914433948695659637e-02 6.959006655961275101e-03 2.362368255853652954e-02 2.169424854218959808e-02 6.136572454124689102e-03 8.002938702702522278e-03 8.816863410174846649e-03 1.029049279168248177e-03 1.415462046861648560e-02 2.232741564512252808e-02 1.480996026657521725e-03 1.295008976012468338e-02 1.777482777833938599e-02 4.464761819690465927e-03 1.051717251539230347e-02 6.906596012413501740e-03 9.583561681210994720e-03 3.213461861014366150e-02 2.662047743797302246e-02 1.100611221045255661e-02 3.442209959030151367e-02 6.351825315505266190e-03 2.030962891876697540e-02 2.144634351134300232e-02 2.702474780380725861e-02 4.460347071290016174e-02
6.146890111267566681e-03 2.881681919097900391e-02 3.337964415550231934e-02 7.502926141023635864e-02 5.231880545616149902e-01 4.702563956379890442e-02 4.684646800160408020e-02 4.260997846722602844e-02 6.140295788645744324e-02 2.195146121084690094e-02 1.218156423419713974e-02 2.346222288906574249e-02 1.507107168436050415e-02 2.753081172704696655e-02 2.258374914526939392e-02 5.151098966598510742e-02 1.810543611645698547e-02 2.961592748761177063e-02 1.371119357645511627e-02 1.639920100569725037e-02 9.797414764761924744e-03 2.722076140344142914e-03 3.463291749358177185e-02 3.711038082838058472e-02 9.619521908462047577e-03 1.663319766521453857e-02 2.392588742077350616e-02 3.979952633380889893e-02 5.940270796418190002e-02 5.459025129675865173e-02 1.893006032332777977e-03 1.279976218938827515e-02 1.630041189491748810e-02 1.871073059737682343e-02 1.063243579119443893e-02 1.024029683321714401e-02 3.352171927690505981e-02 4.484148521441966295e-04 8.796902373433113098e-03 1.579706929624080658e-02 1.368037331849336624e-02 1.948354952037334442e-02 7.923762314021587372e-03 9.415680542588233948e-03 4.933604598045349121e-02 2.245950512588024139e-02 2.835907600820064545e-02 1.600688882172107697e-02 6.171818450093269348e-02 3.792445734143257141e-02 1.845893263816833496e-02 2.686789026483893394e-03 3.161953762173652649e-02 5.289624258875846863e-02 6.045666337013244629e-02 2.871886081993579865e-02 3.660610690712928772e-02 4.848172422498464584e-03 1.453265640884637833e-02 1.207208540290594101e-02 2.039842680096626282e-02 5.288625601679086685e-03 1.908997888676822186e-03 1.235811598598957062e-02 2.520023379474878311e-03 5.641129333525896072e-03 2.040223777294158936e-02 2.067600190639495850e-02 5.843114852905273438e-02 3.128376603126525879e-02 2.320783585309982300e-02 3.360332548618316650e-02 6.270301342010498047e-02 8.184215053915977478e-03 8.131011575460433960e-02 4.101189970970153809e-02 1.363605610094964504e-03 2.579326927661895752e-02 1.012799888849258423e-02 1.149250380694866180e-02 3.784060105681419373e-02 3.939627856016159058e-02 3.342936933040618896e-02 1.410881895571947098e-02 1.558274030685424805e-02 4.070736002177000046e-03 3.662161529064178467e-02 5.336099420674145222e-04 3.960923478007316589e-02 3.217469155788421631e-02 2.805527299642562866e-02 2.658543176949024200e-03 5.890703294426202774e-03 8.053406141698360443e-03 1.276905275881290436e-02 1.806428469717502594e-02 3.878770023584365845e-02 3.650483116507530212e-02 1.352913584560155869e-02 7.125260308384895325e-03 5.758190527558326721e-03 8.792227134108543396e-03 1.539330836385488510e-02 2.356576174497604370e-02 2.255186624825000763e-02 1.768431253731250763e-02 2.641931921243667603e-02 3.747585043311119080e-02 1.344430167227983475e-02 3.404162451624870300e-02 3.051628358662128448e-02 3.588584950193762779e-03 2.753055281937122345e-02 3.893110202625393867e-03 1.992244645953178406e-02 4.567772895097732544e-02
6.522010266780853271e-02 4.947154596447944641e-02 1.941945217549800873e-02 3.250354155898094177e-02 4.702563956379890442e-02 5.289032459259033203e-01 1.773772835731506348e-01 4.208828508853912354e-02 3.945486992597579956e-02 2.550817467272281647e-02 4.410079121589660645e-02 5.101059004664421082e-02 2.872039377689361572e-02 1.616956293582916260e-02 4.098783060908317566e-02 2.405145019292831421e-02 1.321974303573369980e-02 1.899178139865398407e-02 5.236747115850448608e-02 3.248237445950508118e-02 3.539795428514480591e-02 3.790412098169326782e-02 2.090979926288127899e-02 4.692358523607254028e-02 4.634016379714012146e-02 3.999771922826766968e-02 5.331546068191528320e-02 7.846821099519729614e-03 2.614211291074752808e-02 2.186875417828559875e-02 4.104304686188697815e-02 3.592816367745399475e-02 7.745377253741025925e-03 1.975393295288085938e-02 4.600131139159202576e-02 3.424232825636863708e-02 3.717566281557083130e-02 1.546763814985752106e-02 1.842927560210227966e-02 1.865921542048454285e-02 6.482347846031188965e-02 3.111881576478481293e-02 4.601776599884033203e-02 2.425855770707130432e-02 5.893496796488761902e-02 1.255783718079328537e-02 1.298084706068038940e-01 6.239050626754760742e-02 3.014458529651165009e-02 3.773396834731101990e-02 3.863659873604774475e-02 1.708582416176795959e-02 4.193193465471267700e-02 1.298059709370136261e-02 3.227774798870086670e-02 1.241280045360326767e-02 1.735098846256732941e-02 2.946774475276470184e-02 4.196328669786453247e-02 3.487693890929222107e-02 7.459630724042654037e-04 1.580377109348773956e-02 2.484536729753017426e-02 1.255100313574075699e-02 6.894737016409635544e-04 2.422505617141723633e-02 4.209651798009872437e-02 4.468778520822525024e-02 8.900981396436691284e-03 7.192724198102951050e-02 1.072944141924381256e-02 2.372311893850564957e-03 3.861200762912631035e-03 4.982813075184822083e-02 1.923328451812267303e-02 2.514798566699028015e-02 5.555703304708003998e-03 2.455843612551689148e-02 2.417662926018238068e-02 1.121603976935148239e-02 4.331657290458679199e-02 4.239378869533538818e-02 6.099060643464326859e-03 2.585112489759922028e-02 2.057189680635929108e-02 2.993654273450374603e-02 2.849680557847023010e-02 3.469664976000785828e-02 3.824982419610023499e-02 5.201608687639236450e-02 4.055616632103919983e-02 5.748524144291877747e-02 1.811031601391732693e-03 1.044539920985698700e-02 2.078478597104549408e-02 2.776788780465722084e-03 5.861635506153106689e-02 2.589284069836139679e-02 2.880534715950489044e-02 3.031534701585769653e-02 3.823203966021537781e-02 3.105908073484897614e-02 9.874905459582805634e-03 3.002457134425640106e-02 1.372090913355350494e-02 4.920931905508041382e-02 1.884343847632408142e-02 3.079895116388797760e-02 1.668497733771800995e-02 1.085902936756610870e-02 2.922492474317550659e-02 1.493483688682317734e-02 1.129010692238807678e-02 1.101547665894031525e-02 6.791864335536956787e-02 6.816384941339492798e-02
9.454406797885894775e-02 8.887741714715957642e-02 1.624502986669540405e-02 4.393985494971275330e-02 4.684646800160408020e-02 1.773772835731506348e-01 5.261588692665100098e-01 1.280704513192176819e-02 1.437393855303525925e-02 2.576962485909461975e-02 6.925649940967559814e-02 3.663219511508941650e-02 6.202922016382217407e-02 1.762105710804462433e-02 3.971501719206571579e-03 3.379353880882263184e-02 3.075897693634033203e-02 9.426183998584747314e-03 4.112678393721580505e-02 2.437890134751796722e-02 2.929984219372272491e-02 1.958375424146652222e-02 2.820132113993167877e-02 2.331877313554286957e-02 3.979180008172988892e-02 4.537734016776084900e-02 3.045507334172725677e-02 4.489749297499656677e-02 6.274098064750432968e-03 2.795738354325294495e-02 3.938931599259376526e-02 5.197348073124885559e-02 2.605276182293891907e-02 4.417935758829116821e-02 3.539356216788291931e-02 4.046520590782165527e-02 2.665354497730731964e-02 3.889576718211174011e-02 2.072763070464134216e-02 1.982663385570049286e-02 2.579540759325027466e-02 1.527715660631656647e-02 4.632946848869323730e-02 2.836047857999801636e-02 7.161933183670043945e-02 2.766050631180405617e-03 1.426964253187179565e-01 9.257731586694717407e-02 2.945627272129058838e-02 2.108272165060043335e-02 2.830351702868938446e-02 1.606005802750587463e-02 3.306033089756965637e-02 1.955328695476055145e-02 2.226512879133224487e-02 5.840728990733623505e-04 3.449664637446403503e-02 2.902175672352313995e-02 4.233423620462417603e-02 2.364360541105270386e-02 1.720516756176948547e-02 6.915292702615261078e-03 4.005043953657150269e-02 2.455416321754455566e-02 1.194598246365785599e-02 5.005585402250289917e-02 3.227161243557929993e-02 4.316354542970657349e-02 1.385700050741434097e-02 4.273060336709022522e-02 7.915533147752285004e-03 1.225575432181358337e-02 1.170879229903221130e-03 2.192627079784870148e-02 4.142449423670768738e-02 9.053744375705718994e-03 6.384977605193853378e-03 1.226035133004188538e-02 3.566933562979102135e-03 2.196647599339485168e-02 3.143202513456344604e-02 3.074265085160732269e-02 3.252970927860587835e-04 3.353237360715866089e-02 8.673418313264846802e-03 1.027148775756359100e-02 1.829684525728225708e-02 5.097502097487449646e-02 1.753890328109264374e-02 4.751501977443695068e-02 3.415452316403388977e-02 1.650250144302845001e-02 1.321339886635541916e-02 3.702753409743309021e-02 2.997898263856768608e-03 1.395979803055524826e-02 3.701805323362350464e-02 1.495576091110706329e-02 4.709896072745323181e-02 4.190956056118011475e-02 3.855272382497787476e-02 3.751362860202789307e-02 2.363560535013675690e-02 3.166079521179199219e-02 4.162485245615243912e-03 5.091567710041999817e-02 2.122190780937671661e-02 4.090453684329986572e-02 2.516455389559268951e-02 7.331793662160634995e-03 3.664989490061998367e-03 4.122816026210784912e-02 7.630652748048305511e-03 8.880784735083580017e-03 5.018796399235725403e-02 3.966447710990905762e-02
5.450894124805927277e-03 4.514794331043958664e-03 2.502381242811679840e-02 3.158148005604743958e-02 4.260997846722602844e-02 4.208828508853912354e-02 1.280704513192176819e-02 4.958256185054779053e-01 3.254936635494232178e-02 1.635969057679176331e-02 8.407088927924633026e-03 1.388405542820692062e-02 7.181808818131685257e-03 1.523902174085378647e-02 5.428104847669601440e-02 3.725038841366767883e-02 9.236438199877738953e-03 1.616262830793857574e-02 4.631528630852699280e-02 3.195337951183319092e-02 3.925981465727090836e-03 1.441245339810848236e-02 6.139808800071477890e-03 1.277428399771451950e-02 6.150692701339721680e-03 8.132503367960453033e-03 2.279538102447986603e-02 3.911598026752471924e-02 4.129460453987121582e-02 1.601994223892688751e-02 3.503132984042167664e-02 1.963587664067745209e-02 9.394136723130941391e-04 2.760301716625690460e-02 4.018421471118927002e-02 2.310870401561260223e-02 2.493127249181270599e-02 1.983591727912425995e-02 1.151124667376279831e-02 3.307248651981353760e-02 2.975114993751049042e-02 1.229720376431941986e-02 1.584229804575443268e-02 5.069538485258817673e-03 1.600954215973615646e-03 1.690783724188804626e-02 4.320924170315265656e-03 2.432413212954998016e-02 1.916527049615979195e-03 1.309328526258468628e-02 3.799844905734062195e-02 2.280243672430515289e-02 2.312410809099674225e-02 1.000328920781612396e-02 9.420008398592472076e-03 1.113825757056474686e-02 5.307516083121299744e-03 2.272754907608032227e-02 2.219474501907825470e-02 3.669671714305877686e-02 1.417854521423578262e-02 1.718227006494998932e-02 3.203270258381962776e-03 2.259114198386669159e-02 1.370644662529230118e-02 2.340832725167274475e-02 6.448218755394918844e-06 2.825740724802017212e-02 8.114974014461040497e-03 1.099304761737585068e-02 3.985415771603584290e-02 1.224335562437772751e-02 2.575627528131008148e-03 2.157065086066722870e-02 1.035801880061626434e-02 3.241444379091262817e-02 5.427096504718065262e-03 3.793255612254142761e-02 3.754545375704765320e-02 3.536389395594596863e-02 1.031517609953880310e-01 7.557295262813568115e-02 8.264200761914253235e-03 4.030079394578933716e-02 4.075077176094055176e-02 5.031323805451393127e-02 9.511679410934448242e-02 2.694074064493179321e-02 3.107356093823909760e-02 1.087173540145158768e-02 3.716396540403366089e-02 9.753202088177204132e-03 2.766173891723155975e-02 3.269662335515022278e-02 4.067833721637725830e-02 9.718565270304679871e-03 3.953710570931434631e-02 2.660927362740039825e-02 5.617425311356782913e-03 2.426524832844734192e-02 4.694595932960510254e-03 2.110355347394943237e-02 1.548368949443101883e-03 1.658980362117290497e-02 2.909890562295913696e-02 4.051586985588073730e-02 2.628108300268650055e-02 7.868943735957145691e-03 1.685167290270328522e-02 4.360917955636978149e-02 9.348209947347640991e-03 3.564568608999252319e-02 2.412933297455310822e-02 4.133106395602226257e-02 6.426161271519958973e-04 5.938781425356864929e-03
1.514230296015739441e-02 1.444343756884336472e-02 7.436832785606384277e-02 2.306780405342578888e-02 6.140295788645744324e-02 3.945486992597579956e-02 1.437393855303525925e-02 3.254936635494232178e-02 5.131263136863708496e-01 5.914791300892829895e-02 1.794508844614028931e-02 2.660713158547878265e-02 6.882020737975835800e-03 1.253575319424271584e-03 1.298496499657630920e-02 3.047272935509681702e-02 1.307801157236099243e-02 4.867713898420333862e-02 3.659654781222343445e-02 4.124780744314193726e-02 2.207822538912296295e-02 1.886194571852684021e-02 1.387712545692920685e-02 5.004214122891426086e-03 4.996849969029426575e-02 2.385402843356132507e-02 3.889325633645057678e-02 8.271966129541397095e-02 2.404531463980674744e-02 1.246645003557205200e-01 1.513602863997220993e-02 2.533694729208946228e-02 2.858232706785202026e-02 3.687885031104087830e-02 2.154663018882274628e-02 2.745437063276767731e-02 1.466741971671581268e-02 3.921850398182868958e-02 3.169665113091468811e-02 2.985080331563949585e-02 8.005457930266857147e-03 1.303593744523823261e-03 4.605682566761970520e-02 1.198513153940439224e-02 9.789104573428630829e-03 2.709602937102317810e-02 3.457583114504814148e-02 1.874291896820068359e-02 6.013708561658859253e-02 4.138471931219100952e-02 3.139651939272880554e-02 4.053479433059692383e-02 8.068985305726528168e-03 1.585696637630462646e-02 5.928465723991394043e-02 3.368889912962913513e-02 2.614109078422188759e-03 1.641732081770896912e-02 4.033623635768890381e-02 2.254908718168735504e-02 3.131869016215205193e-04 3.575247526168823242e-02 1.960726454854011536e-02 2.896070666611194611e-02 1.245543709956109524e-03 1.639337278902530670e-02 1.157525088638067245e-02 2.390056103467941284e-02 4.471364617347717285e-02 7.072665728628635406e-03 3.151630610227584839e-02 7.661025971174240112e-02 3.859788551926612854e-02 1.580173522233963013e-02 5.725880712270736694e-02 4.351674392819404602e-02 1.323018223047256470e-01 5.001483485102653503e-02 1.499594897031784058e-01 2.470856765285134315e-03 4.036949016153812408e-03 2.145530655980110168e-02 6.356863677501678467e-02 2.844290062785148621e-02 8.629299700260162354e-03 5.103462189435958862e-02 8.497113361954689026e-03 3.863486275076866150e-02 1.308697857894003391e-03 5.086110904812812805e-02 2.713869139552116394e-02 9.554087184369564056e-03 1.202156208455562592e-02 1.062562689185142517e-01 2.533909678459167480e-02 3.714322298765182495e-02 2.864771150052547455e-02 3.096397407352924347e-02 1.328898034989833832e-02 4.764158278703689575e-02 4.708935692906379700e-02 3.485298901796340942e-02 3.022569697350263596e-03 4.628197290003299713e-03 1.477696839720010757e-02 8.662407286465167999e-03 1.771833561360836029e-02 1.107600796967744827e-02 2.214159630239009857e-02 5.208480171859264374e-03 1.893658190965652466e-02 3.248047828674316406e-02 1.502149458974599838e-02 4.140311852097511292e-02 3.618622198700904846e-02 1.581579633057117462e-02
5.657107383012771606e-02 4.851096495985984802e-02 9.560915641486644745e-03 4.113173484802246094e-02 2.195146121084690094e-02 2.550817467272281647e-02 2.576962485909461975e-02 1.635969057679176331e-02 5.914791300892829895e-02 5.343859791755676270e-01 1.987218670547008514e-02 2.288893051445484161e-02 1.663714274764060974e-02 4.451239481568336487e-03 5.361818242818117142e-03 7.493376731872558594e-03 1.011634096503257751e-01 2.269820077344775200e-03 8.569674193859100342e-02 4.673207923769950867e-02 4.728977754712104797e-02 4.202163591980934143e-02 4.660158231854438782e-02 5.886407941579818726e-02 4.662828519940376282e-02 1.233079936355352402e-02 1.028953492641448975e-02 5.745577067136764526e-02 1.998743228614330292e-02 4.204775020480155945e-02 1.668936200439929962e-02 1.981418952345848083e-02 3.835291415452957153e-02 2.556012570858001709e-02 2.504427358508110046e-02 9.881913661956787109e-03 3.049252927303314209e-02 3.498864918947219849e-02 8.364344015717506409e-03 4.266700893640518188e-02 2.658156119287014008e-02 4.851035773754119873e-02 1.633004099130630493e-02 2.175408974289894104e-02 3.894106252118945122e-03 2.251857891678810120e-02 1.833152957260608673e-02 2.354683727025985718e-02 5.989938974380493164e-03 8.207471668720245361e-02 3.647521138191223145e-02 3.657899796962738037e-02 4.270431026816368103e-02 8.712786249816417694e-03 1.345964800566434860e-02 5.305593088269233704e-02 9.803417138755321503e-03 1.985857961699366570e-03 3.711759671568870544e-02 4.684118926525115967e-02 3.761731833219528198e-02 3.179232776165008545e-02 1.274892315268516541e-02 1.609675772488117218e-02 2.712073177099227905e-02 4.434227943420410156e-02 4.181301593780517578e-02 3.754955530166625977e-02 7.392865605652332306e-03 1.068242341279983521e-01 5.323288217186927795e-02 1.217907387763261795e-02 5.903233587741851807e-02 5.985909700393676758e-02 4.706221073865890503e-02 8.817077614367008209e-03 3.799863159656524658e-03 1.345288604497909546e-01 6.814195215702056885e-02 1.260292381048202515e-01 2.518487535417079926e-02 1.567959203384816647e-03 3.329982981085777283e-02 6.073976680636405945e-02 5.074262246489524841e-02 3.426801040768623352e-02 2.799474820494651794e-02 7.012958172708749771e-03 2.165679074823856354e-02 9.899757802486419678e-02 3.098360821604728699e-02 4.631827585399150848e-03 2.591841295361518860e-02 4.638990014791488647e-02 3.884990885853767395e-02 1.667273230850696564e-02 4.282807931303977966e-02 3.690926730632781982e-02 5.428512021899223328e-02 2.599424496293067932e-02 3.882856667041778564e-02 5.241850018501281738e-02 4.219284653663635254e-02 1.991646131500601768e-03 1.245255861431360245e-02 1.445436570793390274e-02 3.035585954785346985e-02 2.839782834053039551e-02 4.438839852809906006e-02 2.301494777202606201e-02 2.103738114237785339e-02 2.019171230494976044e-02 2.298026718199253082e-02 3.443256393074989319e-02 1.718298532068729401e-02 2.364550717175006866e-02
7.836785167455673218e-02 5.595033988356590271e-02 2.302639931440353394e-02 2.562844427302479744e-03 1.218156423419713974e-02 4.410079121589660645e-02 6.925649940967559814e-02 8.407088927924633026e-03 1.794508844614028931e-02 1.987218670547008514e-02 5.253108739852905273e-01 2.788929082453250885e-02 1.340534538030624390e-01 3.582412749528884888e-02 2.252100966870784760e-02 3.625686839222908020e-02 3.108492307364940643e-02 2.194188535213470459e-02 5.201641842722892761e-02 1.777944900095462799e-02 5.027491133660078049e-03 2.921887300908565521e-02 6.198028102517127991e-03 2.346304943785071373e-03 1.286522857844829559e-02 2.735695429146289825e-02 2.722134068608283997e-02 2.251586876809597015e-02 1.461174921132624149e-03 3.355247527360916138e-02 8.890964090824127197e-03 2.092712558805942535e-02 1.529158465564250946e-02 1.854556263424456120e-03 3.135376609861850739e-03 1.862428523600101471e-02 4.961356148123741150e-02 2.625517314299941063e-03 3.689926862716674805e-02 4.247267171740531921e-02 6.040431559085845947e-03 4.247580189257860184e-03 8.158166892826557159e-03 1.907187700271606445e-02 5.559341982007026672e-03 4.110785946249961853e-02 1.027752533555030823e-01 9.884309768676757812e-02 3.763853386044502258e-02 5.233988910913467407e-02 3.545206412672996521e-02 2.669022977352142334e-02 1.626839512027800083e-03 7.513441145420074463e-03 2.782021835446357727e-02 4.710706323385238647e-02 2.443886175751686096e-02 5.047179758548736572e-02 4.841800779104232788e-03 1.175454538315534592e-02 3.352192789316177368e-02 3.182437270879745483e-02 3.950279671698808670e-03 1.130783115513622761e-03 5.910412967205047607e-02 5.188881233334541321e-02 6.516382563859224319e-04 6.099495105445384979e-03 2.786563336849212646e-02 3.975697979331016541e-02 2.201851271092891693e-02 1.989756338298320770e-02 8.436395786702632904e-03 3.290206938982009888e-02 3.224766626954078674e-02 3.371777012944221497e-02 9.063968900591135025e-04 3.136821836233139038e-02 4.278094694018363953e-02 2.840316481888294220e-02 3.720063716173171997e-02 1.743222586810588837e-02 3.772894665598869324e-02 3.582708537578582764e-02 5.675677210092544556e-03 1.478426624089479446e-03 1.031433511525392532e-02 3.946442157030105591e-02 1.260316930711269379e-03 8.383499458432197571e-03 1.256329473108053207e-02 8.980471640825271606e-02 1.649437658488750458e-02 1.135436259210109711e-02 1.043789368122816086e-02 1.600935473106801510e-03 2.949161455035209656e-02 2.300747483968734741e-02 1.505634631030261517e-03 1.060322858393192291e-02 2.597530605271458626e-03 7.994743064045906067e-03 3.790579736232757568e-02 4.295907914638519287e-02 1.570406556129455566e-02 3.732005879282951355e-02 1.086909696459770203e-02 3.235676139593124390e-02 2.015746664255857468e-03 3.005628474056720734e-02 1.601645490154623985e-03 4.850431159138679504e-02 1.918240264058113098e-02 7.802023552358150482e-03 2.880955487489700317e-02 2.047673566266894341e-03
1.281306985765695572e-02 2.767320256680250168e-03 3.594014421105384827e-02 5.753544159233570099e-03 2.346222288906574249e-02 5.101059004664421082e-02 3.663219511508941650e-02 1.388405542820692062e-02 2.660713158547878265e-02 2.288893051445484161e-02 2.788929082453250885e-02 5.182550549507141113e-01 2.550903148949146271e-02 1.289961636066436768e-01 2.312919124960899353e-02 4.724168032407760620e-02 3.976282477378845215e-02 3.104827925562858582e-02 7.375633716583251953e-02 1.906893774867057800e-02 4.815878346562385559e-02 8.910885080695152283e-03 4.909908771514892578e-02 4.532222077250480652e-02 3.704093024134635925e-02 4.916818812489509583e-02 2.321579121053218842e-02 1.860542967915534973e-02 1.749629713594913483e-02 2.444682829082012177e-02 6.453874707221984863e-02 2.681512944400310516e-02 4.536802321672439575e-02 9.322676807641983032e-03 2.116586826741695404e-02 2.065478265285491943e-02 2.192575484514236450e-02 2.512871101498603821e-02 3.569588810205459595e-02 4.684603214263916016e-02 2.880571596324443817e-02 1.210024487227201462e-02 2.699021808803081512e-02 7.344819139689207077e-03 1.507070511579513550e-01 1.473093964159488678e-02 3.310014307498931885e-02 2.278624475002288818e-02 3.931920602917671204e-02 4.682239890098571777e-02 3.953674808144569397e-02 2.430796623229980469e-02 1.719513535499572754e-02 2.053038030862808228e-02 1.902195438742637634e-02 2.127486839890480042e-02 1.669738814234733582e-02 1.542603690177202225e-02 4.377288371324539185e-02 2.587724663317203522e-02 3.709614509716629982e-03 1.334791444242000580e-02 2.261000499129295349e-02 1.304893475025892258e-02 4.606447368860244751e-02 3.357057273387908936e-02 4.739707335829734802e-02 3.998186066746711731e-02 3.158162813633680344e-03 4.276586323976516724e-02 3.232103213667869568e-02 1.397883612662553787e-02 7.537596859037876129e-03 2.321122959256172180e-02 1.296560093760490417e-02 8.476473391056060791e-03 3.622860461473464966e-02 2.527511119842529297e-02 4.320243746042251587e-02 5.606396123766899109e-03 2.543199248611927032e-02 3.700849041342735291e-02 9.068684652447700500e-03 3.656671196222305298e-02 3.911631647497415543e-03 8.215798996388912201e-03 2.143770270049571991e-02 2.003328874707221985e-03 2.546898089349269867e-02 4.094924405217170715e-02 2.546355500817298889e-02 4.421059507876634598e-03 1.746784523129463196e-02 1.054860744625329971e-02 4.266874399036169052e-03 6.026593968272209167e-02 1.728743687272071838e-02 4.794580861926078796e-02 2.244705520570278168e-02 2.487791515886783600e-02 2.047737129032611847e-02 7.496894686482846737e-04 3.427471593022346497e-02 5.158768501132726669e-03 3.076682426035404205e-02 3.265532478690147400e-02 1.279262825846672058e-02 2.087837085127830505e-02 9.853476658463478088e-03 1.933473348617553711e-02 1.585492305457592010e-02 3.947969153523445129e-02 4.260548949241638184e-02 5.695941857993602753e-03 2.623320929706096649e-02 2.485337108373641968e-02
5.244227126240730286e-02 7.877025008201599121e-02 2.839316613972187042e-02 1.178987417370080948e-02 1.507107168436050415e-02 2.872039377689361572e-02 6.202922016382217407e-02 7.181808818131685257e-03 6.882020737975835800e-03 1.663714274764060974e-02 1.340534538030624390e-01 2.550903148949146271e-02 5.216900110244750977e-01 4.429513961076736450e-02 5.059439316391944885e-02 4.055921733379364014e-02 3.744633495807647705e-02 1.402313634753227234e-02 4.784146696329116821e-02 9.768301621079444885e-03 2.496311999857425690e-02 2.975559793412685394e-02 2.730546519160270691e-02 6.802873685956001282e-03 8.675377815961837769e-03 4.053490981459617615e-02 2.335280552506446838e-02 2.912340685725212097e-02 1.509663276374340057e-02 2.216516621410846710e-02 2.778046065941452980e-03 1.590467989444732666e-02 1.170129515230655670e-02 3.038914874196052551e-03 2.944718813523650169e-03 2.642665058374404907e-02 5.609472841024398804e-02 1.004859618842601776e-02 3.760403767228126526e-02 2.509894594550132751e-02 1.039988640695810318e-02 1.833267160691320896e-03 3.440442727878689766e-03 2.946506626904010773e-02 1.196451485157012939e-02 7.382874842733144760e-03 8.263229578733444214e-02 1.165534183382987976e-01 3.382690995931625366e-02 4.768710955977439880e-02 4.322116076946258545e-02 1.927798986434936523e-02 2.648951299488544464e-02 4.136426374316215515e-02 2.316556312143802643e-02 4.037929326295852661e-02 4.328073933720588684e-02 2.307307906448841095e-02 2.485897205770015717e-02 1.953664235770702362e-02 2.071098424494266510e-02 2.534974738955497742e-02 1.746243238449096680e-02 2.183367870748043060e-02 5.200951173901557922e-02 6.269282102584838867e-02 4.985440522432327271e-03 1.488527934998273849e-02 3.131135180592536926e-02 4.170632362365722656e-02 3.062271140515804291e-02 3.400556743144989014e-02 1.088262908160686493e-02 2.145301736891269684e-02 4.318697750568389893e-02 1.288168970495462418e-02 1.413146033883094788e-02 2.233945392072200775e-02 2.805284596979618073e-02 3.654919564723968506e-02 4.145963490009307861e-02 2.049066498875617981e-02 3.671937808394432068e-02 2.065602317452430725e-02 1.788510568439960480e-02 1.347299478948116302e-02 2.051973901689052582e-02 4.232184588909149170e-02 1.046437583863735199e-02 1.514278911054134369e-02 7.189540658146142960e-03 9.091651439666748047e-02 1.799479126930236816e-02 1.611055433750152588e-02 8.205811493098735809e-03 8.867824450135231018e-03 3.674972802400588989e-02 3.772851824760437012e-02 6.946487817913293839e-03 7.437723223119974136e-03 8.589303120970726013e-03 2.233056351542472839e-02 3.353932872414588928e-02 2.145556733012199402e-02 2.299426682293415070e-02 2.333596907556056976e-02 1.016451395116746426e-03 4.165124893188476562e-02 9.851064532995223999e-03 5.014129728078842163e-02 1.446539536118507385e-02 7.573153823614120483e-02 3.326993901282548904e-03 3.837612690404057503e-03 2.049598097801208496e-02 4.438628442585468292e-03
