4.860851764678955078e-01 1.258213669061660767e-01 2.579968795180320740e-02 1.983611471951007843e-02 3.726059105247259140e-03 7.930918037891387939e-02 1.795558631420135498e-02 9.765534661710262299e-03 2.835952676832675934e-02 3.804034367203712463e-02 1.547271907329559326e-01 1.693778857588768005e-02 3.834277018904685974e-02 4.062947258353233337e-02 3.765101358294487000e-02 4.121799394488334656e-02 4.726473242044448853e-02 8.749779313802719116e-03 1.059807185083627701e-02 2.664361707866191864e-02 3.111213631927967072e-02 4.000597447156906128e-02 3.518480807542800903e-02 2.165311202406883240e-02 3.075815364718437195e-02 3.522237762808799744e-02 2.340018562972545624e-02 4.283197596669197083e-02 2.290841192007064819e-02 2.576477825641632080e-02 3.175674378871917725e-02 2.604588121175765991e-02 4.319626092910766602e-02 2.741123922169208527e-02 5.220861732959747314e-02 2.132306620478630066e-02 2.233359031379222870e-03 1.702518574893474579e-02 3.042940283194184303e-03 1.739385724067687988e-02 1.410643290728330612e-02 2.757279761135578156e-02 5.529125407338142395e-02 1.783274300396442413e-02 3.181239590048789978e-02 1.421409426257014275e-03 2.170801721513271332e-02 2.011413685977458954e-02 5.488473922014236450e-02 1.503277476876974106e-02 3.330223634839057922e-02 1.224974403157830238e-04 1.375110913068056107e-02 1.609112322330474854e-02 1.397944521158933640e-03 1.610727421939373016e-02 5.984098091721534729e-02 6.041639484465122223e-03 2.777030132710933685e-02 4.912634193897247314e-02 6.879834458231925964e-03 3.137603774666786194e-02 4.677639901638031006e-02 1.724392734467983246e-02 4.368705302476882935e-02 5.880192667245864868e-02 4.343489184975624084e-02 1.407928112894296646e-02 4.326717555522918701e-02 2.940831333398818970e-02 4.432294145226478577e-02 4.978390410542488098e-02 3.307757154107093811e-02 4.466373100876808167e-02 4.998339340090751648e-02 4.634141921997070312e-02 3.606165573000907898e-02 2.041461132466793060e-02 3.844203054904937744e-02 1.049986109137535095e-02 1.396588329225778580e-02 3.580915927886962891e-02 3.599609434604644775e-02 5.282365903258323669e-02 1.139772124588489532e-02 1.561894314363598824e-03 3.031120821833610535e-02 5.500859394669532776e-02 2.931816317141056061e-02 4.743326827883720398e-02 5.238390527665615082e-03 1.335391681641340256e-02 4.312340170145034790e-03 3.385590389370918274e-02 3.143255785107612610e-02 7.186487782746553421e-03 4.324846714735031128e-02 1.866626553237438202e-02 1.691961660981178284e-02 4.642937704920768738e-02 1.716898940503597260e-02 1.234525535255670547e-02 1.083295047283172607e-02 4.412921890616416931e-02 2.868372760713100433e-02 3.026035241782665253e-02 1.763955689966678619e-03 5.869367718696594238e-02 1.315387431532144547e-03 6.475073099136352539e-02 4.056769423186779022e-03 4.749099165201187134e-02 4.050134494900703430e-02 4.217945039272308350e-03 1.105983834713697433e-02 1.745776622556149960e-03
1.258213669061660767e-01 4.807991087436676025e-01 3.177639096975326538e-02 3.207351267337799072e-02 1.394007820636034012e-02 3.119487129151821136e-02 3.653337061405181885e-02 3.122236579656600952e-03 2.817568136379122734e-03 3.676912561058998108e-02 6.634602695703506470e-02 2.682764641940593719e-02 1.069955900311470032e-01 3.628710284829139709e-02 4.926655068993568420e-02 2.233388461172580719e-02 2.721533924341201782e-02 5.367080867290496826e-02 3.436110541224479675e-02 2.940164506435394287e-02 2.097870409488677979e-02 9.426928125321865082e-03 3.161741048097610474e-02 5.138455703854560852e-02 2.443204820156097412e-02 5.217412486672401428e-02 4.873446375131607056e-02 1.582583785057067871e-02 3.523373231291770935e-02 3.622429072856903076e-02 1.598441787064075470e-02 3.383847884833812714e-03 3.475872054696083069e-02 4.088977817445993423e-03 2.378206700086593628e-02 1.197614241391420364e-02 1.427736878395080566e-02 5.127946380525827408e-03 5.844348669052124023e-02 5.265317484736442566e-02 1.215227041393518448e-02 4.538502916693687439e-02 1.256632711738348007e-02 4.433789476752281189e-02 4.300489649176597595e-02 1.934434287250041962e-02 3.083534725010395050e-02 3.541667759418487549e-02 3.551797196269035339e-02 3.491697832942008972e-02 8.183702081441879272e-02 3.883486613631248474e-02 3.335919231176376343e-03 9.239968843758106232e-03 2.532558573875576258e-04 5.340466275811195374e-03 2.484138496220111847e-02 4.022983834147453308e-03 4.099980369210243225e-02 1.091850176453590393e-02 2.718390338122844696e-02 2.542941644787788391e-02 2.987257577478885651e-02 4.884230345487594604e-02 5.095000192523002625e-02 3.770887479186058044e-02 1.210873853415250778e-02 1.620070892386138439e-03 8.266956545412540436e-03 1.472230441868305206e-02 2.087129652500152588e-02 4.677326604723930359e-02 1.180744543671607971e-02 1.172590535134077072e-02 1.835154369473457336e-02 1.162350177764892578e-02 1.613544858992099762e-02 4.404035644256509840e-05 2.034547552466392517e-02 6.490043364465236664e-03 1.064727827906608582e-02 1.455336809158325195e-02 9.536997415125370026e-03 1.745180785655975342e-02 1.197453308850526810e-02 6.203250959515571594e-03 4.306668043136596680e-02 1.512639410793781281e-02 5.368062853813171387e-02 4.281297698616981506e-02 1.754391565918922424e-02 2.195310965180397034e-02 2.368401736021041870e-02 1.289796922355890274e-02 2.940906211733818054e-02 2.078404836356639862e-02 1.463996362872421741e-03 3.170071169734001160e-03 1.059664320200681686e-02 4.049896076321601868e-02 1.772016659379005432e-02 1.986073330044746399e-03 4.034234955906867981e-02 1.204402558505535126e-02 1.908947899937629700e-02 1.328988932073116302e-02 1.696619670838117599e-03 3.313927154522389174e-04 1.666503585875034332e-02 5.586871411651372910e-04 2.635511010885238647e-02 1.942951045930385590e-02 5.319681391119956970e-02 4.082750901579856873e-02 4.993522539734840393e-02 2.639976330101490021e-02
2.579968795180320740e-02 3.177639096975326538e-02 4.743229448795318604e-01 4.575762897729873657e-02 5.808355286717414856e-02 3.700885549187660217e-02 1.506507676094770432e-02 1.335298269987106323e-01 2.631519176065921783e-02 2.146459557116031647e-02 4.151982429903000593e-04 4.561204835772514343e-02 3.601416200399398804e-02 3.340431675314903259e-02 1.637608185410499573e-02 4.712457954883575439e-02 2.098339796066284180e-02 2.746529132127761841e-02 3.860300406813621521e-02 3.815900534391403198e-02 4.333047254476696253e-04 1.395602058619260788e-02 5.286624655127525330e-02 2.337229996919631958e-02 1.895003765821456909e-02 4.664148669689893723e-03 1.490924786776304245e-02 3.536922857165336609e-02 2.661505900323390961e-02 4.513890668749809265e-02 7.900955528020858765e-02 3.663395717740058899e-02 2.945308201014995575e-02 1.041187997907400131e-02 4.984950646758079529e-02 4.911631718277931213e-02 3.445940464735031128e-02 1.836146973073482513e-02 1.961602643132209778e-02 4.871492087841033936e-02 4.311038553714752197e-02 4.664159566164016724e-02 4.919563233852386475e-02 8.733964525163173676e-03 3.032809309661388397e-02 8.034765720367431641e-03 3.002182394266128540e-02 2.244428545236587524e-02 2.259410545229911804e-02 2.814421989023685455e-02 2.441685646772384644e-02 4.231850802898406982e-02 4.692439921200275421e-03 2.528834156692028046e-02 2.489975094795227051e-02 2.897641249001026154e-02 3.276068717241287231e-02 1.637294143438339233e-02 2.297362126410007477e-02 4.440717771649360657e-02 4.156660754233598709e-03 2.785881981253623962e-02 2.299303747713565826e-02 3.185519576072692871e-02 1.682939380407333374e-02 6.550737190991640091e-03 2.255261689424514771e-02 2.664332278072834015e-02 4.376042261719703674e-02 4.909865558147430420e-02 7.676627486944198608e-03 1.673693396151065826e-02 2.741256356239318848e-02 3.563386201858520508e-02 2.072604000568389893e-02 2.021226845681667328e-02 1.771613769233226776e-02 3.876488655805587769e-02 7.146961521357297897e-03 2.315876446664333344e-02 1.211441457271575928e-01 4.301501438021659851e-02 6.539926864206790924e-03 1.516685821115970612e-02 2.748480252921581268e-02 1.329531776718795300e-03 6.058381870388984680e-02 3.991140425205230713e-02 4.427751898765563965e-02 3.856252878904342651e-02 5.184244364500045776e-02 3.672228753566741943e-02 2.771854773163795471e-02 3.697588294744491577e-02 2.994830533862113953e-02 6.907339673489332199e-03 1.021539606153964996e-02 1.385886128991842270e-02 1.643661968410015106e-02 3.797353059053421021e-02 5.665151774883270264e-02 1.818413031287491322e-03 1.895615644752979279e-02 1.891925185918807983e-02 1.269893907010555267e-02 6.103406194597482681e-03 3.103371337056159973e-02 2.527453005313873291e-02 1.774794608354568481e-02 1.806735619902610779e-02 1.034186501055955887e-02 3.483346849679946899e-02 1.213847473263740540e-02 2.557469159364700317e-02 1.170084718614816666e-02 5.135924089699983597e-03
1.983611471951007843e-02 3.207351267337799072e-02 4.575762897729873657e-02 4.984214603900909424e-01 1.372601240873336792e-01 1.744008436799049377e-02 6.808911450207233429e-03 4.995890334248542786e-02 3.011765191331505775e-03 2.979358658194541931e-02 8.803377859294414520e-03 3.612061217427253723e-02 4.436102136969566345e-02 1.067750249058008194e-02 5.250765010714530945e-02 8.135423064231872559e-03 5.444467999041080475e-03 2.258400619029998779e-02 1.719616702757775784e-03 2.695511467754840851e-02 4.055833071470260620e-02 2.677821181714534760e-02 2.401498891413211823e-02 8.421274833381175995e-03 4.419144708663225174e-03 1.656936667859554291e-02 5.307614803314208984e-02 2.351755276322364807e-03 3.494288399815559387e-02 2.775134332478046417e-02 5.337427370250225067e-03 5.852698534727096558e-02 5.794256553053855896e-02 2.191784791648387909e-02 3.990442305803298950e-02 4.582042619585990906e-02 3.895138204097747803e-02 3.703797981142997742e-02 2.890222705900669098e-02 9.614455699920654297e-02 4.625667631626129150e-02 4.151327162981033325e-02 4.349364712834358215e-02 3.642130270600318909e-02 4.288766905665397644e-02 1.439364440739154816e-02 1.896275952458381653e-02 1.698794402182102203e-02 2.738682180643081665e-02 3.616943210363388062e-02 1.460359315387904644e-03 3.834288939833641052e-02 1.780466176569461823e-02 2.671886794269084930e-02 3.956500906497240067e-03 4.706626012921333313e-02 2.262196689844131470e-02 4.808776453137397766e-02 9.796366095542907715e-03 4.931747913360595703e-02 4.637482017278671265e-02 3.984926640987396240e-02 3.444520384073257446e-02 2.370041795074939728e-02 3.967574983835220337e-02 2.303329482674598694e-02 2.404895052313804626e-02 3.618089249357581139e-03 1.379776280373334885e-02 5.281175021082162857e-03 7.782460190355777740e-03 2.263586409389972687e-02 8.847254514694213867e-02 1.569383405148983002e-02 8.663466572761535645e-02 3.509061783552169800e-02 1.924574561417102814e-02 4.502089321613311768e-02 1.164977252483367920e-02 6.855590268969535828e-03 3.878893330693244934e-02 3.968622535467147827e-02 3.674913570284843445e-02 5.117028579115867615e-02 3.338633850216865540e-02 2.556117810308933258e-02 3.713284060359001160e-02 4.392470419406890869e-02 1.945964246988296509e-02 6.074888166040182114e-03 5.052382126450538635e-02 1.445008628070354462e-02 1.408543251454830170e-02 4.350007046014070511e-03 1.502730045467615128e-02 4.622989799827337265e-03 2.921703457832336426e-02 2.076268568634986877e-02 5.476606264710426331e-02 5.072826147079467773e-02 1.750027877278625965e-03 1.410314533859491348e-02 4.615794867277145386e-02 1.570389606058597565e-02 2.063945494592189789e-02 3.464012965559959412e-02 4.340541735291481018e-02 1.107563078403472900e-02 8.812584914267063141e-03 2.782869525253772736e-02 1.203613169491291046e-02 4.591828212141990662e-02 2.205111086368560791e-02 2.740580588579177856e-02 4.532764852046966553e-02 3.212376683950424194e-02
3.726059105247259140e-03 1.394007820636034012e-02 5.808355286717414856e-02 1.372601240873336792e-01 4.861170947551727295e-01 1.754041016101837158e-02 1.545844692736864090e-02 4.617119953036308289e-02 1.368057448416948318e-02 1.567841507494449615e-02 4.569196142256259918e-03 2.647267840802669525e-02 3.204670548439025879e-02 2.511041983962059021e-02 4.376563429832458496e-02 1.079081092029809952e-02 2.275731787085533142e-02 9.713209234178066254e-03 4.693729430437088013e-02 1.203950028866529465e-02 3.121304139494895935e-02 3.417149931192398071e-02 4.044000525027513504e-03 3.119792789220809937e-02 3.194670379161834717e-02 4.224226251244544983e-02 1.913079060614109039e-02 1.476513873785734177e-02 5.514436215162277222e-02 3.768744319677352905e-02 1.301321852952241898e-02 3.360006958246231079e-02 3.164771571755409241e-02 3.290280327200889587e-02 2.283821441233158112e-02 4.375278204679489136e-02 4.025511443614959717e-02 1.060438994318246841e-02 1.633530110120773315e-02 1.085742264986038208e-01 4.080587252974510193e-02 3.372082114219665527e-02 2.181491628289222717e-02 3.850956633687019348e-02 3.411031141877174377e-02 4.324022307991981506e-02 1.280085882171988487e-03 1.300922967493534088e-02 3.139765933156013489e-02 1.301488280296325684e-02 3.113145008683204651e-03 1.968187466263771057e-02 4.060965403914451599e-02 1.723035424947738647e-02 3.095060028135776520e-02 2.609829977154731750e-02 3.816942498087882996e-02 4.150991328060626984e-03 2.252029441297054291e-02 3.452990204095840454e-02 1.917153783142566681e-02 5.085581913590431213e-02 2.247614040970802307e-02 2.926519140601158142e-02 5.954908579587936401e-02 3.408069908618927002e-02 1.731839403510093689e-02 1.968214847147464752e-02 1.950856857001781464e-02 3.015625663101673126e-02 5.346222314983606339e-03 2.936331927776336670e-02 7.853431999683380127e-02 1.764066144824028015e-02 1.033342629671096802e-01 3.967427834868431091e-02 2.442474290728569031e-02 1.309221982955932617e-02 3.397299349308013916e-02 9.173879399895668030e-03 4.165681451559066772e-02 5.051471665501594543e-02 1.274081878364086151e-03 5.625956133008003235e-02 4.325255213188938797e-05 2.501380629837512970e-02 8.401672355830669403e-03 4.098976403474807739e-02 1.798491552472114563e-02 2.475591935217380524e-02 4.705695807933807373e-02 2.014576829969882965e-02 2.705072984099388123e-02 2.477025147527456284e-03 4.383546113967895508e-02 3.771318122744560242e-02 1.323837507516145706e-02 2.846472524106502533e-02 1.969096623361110687e-02 2.522850967943668365e-02 3.295893548056483269e-03 9.503824636340141296e-03 3.584440052509307861e-02 1.251791254617273808e-03 4.219841584563255310e-02 4.378558695316314697e-02 2.936123870313167572e-02 2.922386862337589264e-02 2.207154035568237305e-02 2.303695678710937500e-02 1.623026560992002487e-03 1.352277863770723343e-02 3.044050745666027069e-02 4.249898344278335571e-02 4.823129996657371521e-02 4.464151710271835327e-02
7.930918037891387939e-02 3.119487129151821136e-02 3.700885549187660217e-02 1.744008436799049377e-02 1.754041016101837158e-02 4.981884360313415527e-01 1.591876596212387085e-01 4.674623161554336548e-02 1.971830241382122040e-02 5.094264820218086243e-02 5.875937268137931824e-02 6.088168174028396606e-02 1.456047128885984421e-02 3.578229993581771851e-02 4.587784409523010254e-02 1.297498308122158051e-02 5.970474798232316971e-03 4.233789164572954178e-03 3.513094782829284668e-02 1.533109601587057114e-02 1.973703317344188690e-02 4.382791742682456970e-02 2.761803008615970612e-02 3.617788478732109070e-02 1.809993409551680088e-03 4.701395332813262939e-02 2.460606396198272705e-02 3.246935084462165833e-02 5.113639310002326965e-02 2.772098965942859650e-02 5.126684159040451050e-02 2.802153467200696468e-04 2.617688849568367004e-02 1.558443345129489899e-02 5.501160398125648499e-02 9.828877635300159454e-03 3.054919280111789703e-02 3.521788865327835083e-02 3.530094400048255920e-02 2.871182281523942947e-03 4.271143302321434021e-02 2.444013021886348724e-02 3.391730785369873047e-02 3.866267576813697815e-02 3.381485864520072937e-02 3.826064243912696838e-02 9.113364666700363159e-02 9.009147435426712036e-02 4.072341322898864746e-02 1.537554897367954254e-02 5.240542069077491760e-02 1.489310152828693390e-02 4.113608226180076599e-02 3.585205599665641785e-02 2.677942439913749695e-02 2.427537739276885986e-02 6.370385736227035522e-02 8.509797626174986362e-04 6.574500352144241333e-02 5.290253087878227234e-02 3.149615600705146790e-02 4.019847512245178223e-02 4.149092733860015869e-02 1.742639578878879547e-02 9.628623229218646884e-05 3.567153215408325195e-02 3.961081430315971375e-02 6.064848974347114563e-03 7.016893359832465649e-04 4.272232577204704285e-02 2.554726600646972656e-02 3.998285159468650818e-02 4.753903672099113464e-02 2.888288162648677826e-02 2.262561395764350891e-02 2.349550649523735046e-02 4.472727328538894653e-02 2.697463147342205048e-02 1.776548102498054504e-02 2.588044293224811554e-02 5.389625579118728638e-02 4.919124022126197815e-02 2.891187183558940887e-02 4.586747661232948303e-02 4.277486354112625122e-02 5.223450437188148499e-02 1.058401633054018021e-02 1.285235863178968430e-02 3.937065601348876953e-02 8.492030203342437744e-03 2.914790064096450806e-03 1.146713178604841232e-02 6.444174796342849731e-03 1.769691519439220428e-02 3.148859366774559021e-02 2.538075111806392670e-02 1.653600111603736877e-02 1.212596520781517029e-02 4.444027692079544067e-02 4.213734716176986694e-02 2.974388003349304199e-02 1.546337921172380447e-02 2.265584655106067657e-02 1.722774282097816467e-02 2.380324527621269226e-02 1.391335297375917435e-02 1.527630351483821869e-02 2.246403507888317108e-02 5.722645670175552368e-02 4.909199476242065430e-02 3.833265230059623718e-02 4.220133647322654724e-02 1.587996957823634148e-03 1.763212122023105621e-02 6.689715385437011719e-02 9.910237975418567657e-03
1.795558631420135498e-02 3.653337061405181885e-02 1.506507676094770432e-02 6.808911450207233429e-03 1.545844692736864090e-02 1.591876596212387085e-01 4.894843399524688721e-01 1.671682298183441162e-02 1.639940217137336731e-02 8.546417579054832458e-03 3.563901875168085098e-03 4.123616963624954224e-02 2.795253321528434753e-02 1.613839878700673580e-03 4.566412419080734253e-02 5.040606856346130371e-02 1.772054843604564667e-02 2.657660655677318573e-02 4.200670495629310608e-02 4.849521815776824951e-02 1.640429720282554626e-02 4.093817248940467834e-02 1.136015914380550385e-02 1.654560910537838936e-03 2.168584242463111877e-02 1.026558969169855118e-02 3.273252025246620178e-02 1.179514825344085693e-02 4.015693441033363342e-02 4.944398533552885056e-03 2.074360474944114685e-02 3.205818124115467072e-03 1.141621544957160950e-02 8.310515433549880981e-03 2.764131687581539154e-02 2.616511844098567963e-02 4.448915272951126099e-02 2.982334792613983154e-02 2.671726047992706299e-03 4.626910388469696045e-02 3.774203360080718994e-02 5.456673726439476013e-02 1.051804237067699432e-02 6.443413347005844116e-02 3.587549319490790367e-03 3.964465484023094177e-02 8.125614374876022339e-02 1.314069032669067383e-01 6.225890945643186569e-03 4.472506046295166016e-02 3.554298309609293938e-03 3.132996708154678345e-02 3.829622268676757812e-02 8.416759781539440155e-03 4.992428049445152283e-02 2.929545566439628601e-02 6.275612115859985352e-02 1.011784374713897705e-02 6.499632447957992554e-02 1.286384090781211853e-02 1.467177830636501312e-02 1.796351559460163116e-02 3.679800033569335938e-02 2.465769089758396149e-02 5.818575620651245117e-03 4.886747151613235474e-02 3.818189352750778198e-02 3.426331654191017151e-02 3.434218838810920715e-02 8.575710817240178585e-04 1.540049724280834198e-02 2.085203304886817932e-02 2.853380329906940460e-02 1.087255310267210007e-02 3.056766651570796967e-02 3.818061947822570801e-02 4.808034282177686691e-04 3.603473678231239319e-02 4.382352158427238464e-02 9.625409729778766632e-03 5.575263127684593201e-02 3.064250759780406952e-02 2.369260601699352264e-02 2.107494045048952103e-03 6.568923592567443848e-02 3.782302886247634888e-02 1.749668270349502563e-02 5.798592418432235718e-02 7.280931621789932251e-02 2.352361567318439484e-02 1.787319965660572052e-02 5.047839507460594177e-02 3.586823120713233948e-02 4.237071052193641663e-02 4.170641303062438965e-02 5.164819583296775818e-02 2.062939666211605072e-02 4.504417628049850464e-02 3.477054089307785034e-02 4.432552307844161987e-02 3.613499179482460022e-02 4.655937105417251587e-02 3.697130596265196800e-03 2.868965268135070801e-02 2.170334383845329285e-02 8.454683236777782440e-03 3.825783729553222656e-02 3.711879625916481018e-02 2.992285974323749542e-02 3.888878738507628441e-03 6.986057851463556290e-03 9.574682451784610748e-03 4.867884516716003418e-02 3.389253839850425720e-02 3.643792867660522461e-02 3.663111105561256409e-02
9.765534661710262299e-03 3.122236579656600952e-03 1.335298269987106323e-01 4.995890334248542786e-02 4.617119953036308289e-02 4.674623161554336548e-02 1.671682298183441162e-02 4.780567288398742676e-01 7.774169556796550751e-03 2.643391303718090057e-02 4.223880823701620102e-03 5.277463421225547791e-02 2.093070372939109802e-02 8.686336688697338104e-03 4.880675673484802246e-02 2.839483506977558136e-02 2.281032502651214600e-03 2.834358066320419312e-02 4.825167730450630188e-02 4.440287593752145767e-04 3.019513189792633057e-02 3.448036685585975647e-02 1.941974274814128876e-02 3.074426949024200439e-02 3.177512437105178833e-02 1.966703869402408600e-02 3.506386280059814453e-02 3.172754496335983276e-02 8.787044207565486431e-04 5.821754410862922668e-02 2.536621503531932831e-02 5.358077120035886765e-03 6.811431609094142914e-03 4.812081158161163330e-02 3.312879800796508789e-02 3.748438134789466858e-02 2.738300710916519165e-02 3.914256393909454346e-02 1.543830498121678829e-03 4.975674673914909363e-04 1.975724240764975548e-03 3.072226606309413910e-02 3.110576234757900238e-02 8.172725886106491089e-02 2.998565323650836945e-02 3.037028200924396515e-02 3.955479338765144348e-02 2.354906499385833740e-02 2.143676578998565674e-02 6.916378624737262726e-03 6.775950640439987183e-02 5.611488595604896545e-02 2.144265919923782349e-02 6.832965184003114700e-03 4.140264168381690979e-02 2.379408292472362518e-02 2.939830534160137177e-02 2.834900515154004097e-03 2.730541117489337921e-02 3.269975259900093079e-02 1.073393225669860840e-02 5.030009523034095764e-02 1.554123405367136002e-02 2.013815566897392273e-02 2.627421729266643524e-02 9.631171822547912598e-03 3.923400118947029114e-02 9.892017580568790436e-03 2.484004199504852295e-02 4.479087516665458679e-02 2.991128526628017426e-02 4.092065151780843735e-03 7.810441777110099792e-03 3.385310247540473938e-02 1.014804188162088394e-02 6.524360924959182739e-02 3.330648317933082581e-02 2.441945299506187439e-02 2.504150010645389557e-02 1.051459833979606628e-02 1.503805965185165405e-01 2.655076608061790466e-02 7.050013635307550430e-03 2.767129056155681610e-02 7.460513152182102203e-03 5.233805254101753235e-02 1.179950535297393799e-01 2.751977648586034775e-03 3.254257142543792725e-02 3.293503075838088989e-02 1.741585321724414825e-02 4.460494592785835266e-02 1.838121935725212097e-02 2.287594787776470184e-02 4.968294128775596619e-02 1.874560490250587463e-02 3.589759021997451782e-02 6.459752470254898071e-02 4.741291701793670654e-02 4.835755098611116409e-03 3.503352031111717224e-02 1.264684461057186127e-02 1.474003680050373077e-02 5.801174044609069824e-02 4.232377558946609497e-02 2.038809843361377716e-02 2.009717188775539398e-02 4.475847631692886353e-02 3.873183950781822205e-02 6.649325601756572723e-03 4.776555299758911133e-02 3.828885778784751892e-02 5.544656887650489807e-03 1.591064780950546265e-02 4.860090091824531555e-02 6.993975955992937088e-03
2.835952676832675934e-02 2.817568136379122734e-03 2.631519176065921783e-02 3.011765191331505775e-03 1.368057448416948318e-02 1.971830241382122040e-02 1.639940217137336731e-02 7.774169556796550751e-03 4.918490648269653320e-01 8.914369344711303711e-02 2.930706134065985680e-03 9.004517458379268646e-03 1.910876296460628510e-02 2.460896968841552734e-02 5.640495568513870239e-02 5.263431463390588760e-03 3.400894999504089355e-02 1.034890189766883850e-01 1.026876643300056458e-02 3.600503504276275635e-02 2.399124950170516968e-02 1.058374065905809402e-03 3.669537976384162903e-02 1.799488067626953125e-02 4.808216169476509094e-02 1.236372813582420349e-02 8.886979194357991219e-04 4.581522196531295776e-02 2.802058868110179901e-02 4.839484766125679016e-02 2.335399575531482697e-02 3.306343778967857361e-02 3.871753439307212830e-02 4.697261750698089600e-02 4.594373703002929688e-02 4.180687665939331055e-02 5.349708721041679382e-03 3.839860856533050537e-02 1.991792768239974976e-02 3.469253703951835632e-02 3.694817423820495605e-02 4.389952123165130615e-02 4.240529611706733704e-02 9.895042516291141510e-03 4.695150628685951233e-02 4.559742286801338196e-02 4.644099995493888855e-02 1.453676540404558182e-02 2.831150963902473450e-02 4.819988273084163666e-03 3.615602105855941772e-02 2.152667194604873657e-02 2.660304121673107147e-02 4.472156614065170288e-02 3.363095223903656006e-02 8.169945329427719116e-03 1.252989843487739563e-02 4.388318955898284912e-02 1.488721836358308792e-02 3.351342305541038513e-02 8.080153167247772217e-02 4.134077206254005432e-02 5.335882771760225296e-03 3.504211490508168936e-04 9.470259770750999451e-03 4.316754639148712158e-02 3.200626745820045471e-02 1.970196701586246490e-02 5.327234789729118347e-02 1.983403041958808899e-02 1.918958686292171478e-02 9.342106431722640991e-02 3.057735972106456757e-02 6.204216275364160538e-03 3.609216213226318359e-02 5.683746561408042908e-02 1.311666220426559448e-01 2.025576308369636536e-02 8.887389302253723145e-02 1.792732626199722290e-02 3.480884432792663574e-02 4.553843662142753601e-02 8.983360230922698975e-02 6.601518392562866211e-02 3.742923587560653687e-02 1.690757460892200470e-02 3.261196613311767578e-02 3.967439010739326477e-02 1.273371279239654541e-02 5.103060975670814514e-02 1.734025962650775909e-02 3.342834534123539925e-03 2.632932737469673157e-04 5.644582211971282959e-02 7.289744098670780659e-04 1.802617684006690979e-02 1.766685280017554760e-03 6.355307996273040771e-03 2.397744171321392059e-02 4.621981084346771240e-02 3.668589517474174500e-02 1.813422702252864838e-02 2.112732472596690059e-04 6.386424601078033447e-02 3.547591343522071838e-02 3.112796694040298462e-02 1.833039149641990662e-02 1.793096587061882019e-02 1.965754665434360504e-02 1.758853718638420105e-02 2.207404561340808868e-02 7.104648277163505554e-03 1.942047732882201672e-03 2.430299855768680573e-02 4.255884792655706406e-03 1.518851146101951599e-02
3.804034367203712463e-02 3.676912561058998108e-02 2.146459557116031647e-02 2.979358658194541931e-02 1.567841507494449615e-02 5.094264820218086243e-02 8.546417579054832458e-03 2.643391303718090057e-02 8.914369344711303711e-02 5.037081837654113770e-01 8.517452515661716461e-03 5.821369215846061707e-02 5.970203317701816559e-03 5.502285063266754150e-02 4.431406036019325256e-03 4.173202440142631531e-02 2.015930972993373871e-02 4.380369186401367188e-02 3.077468089759349823e-02 4.859640821814537048e-02 2.723978832364082336e-02 6.244336068630218506e-02 2.683255262672901154e-02 3.888939321041107178e-02 2.882487140595912933e-02 4.034684970974922180e-02 3.535024821758270264e-02 2.382509037852287292e-02 1.233791094273328781e-02 7.467416580766439438e-03 4.735681414604187012e-02 1.483844779431819916e-02 5.375973135232925415e-02 5.136444419622421265e-02 5.293184146285057068e-02 1.103436574339866638e-03 4.571239277720451355e-02 1.962792873382568359e-02 1.750932820141315460e-02 3.587739542126655579e-02 2.341284789144992828e-02 2.367800660431385040e-02 1.046683359891176224e-02 3.177957236766815186e-02 1.282338425517082214e-02 1.480375695973634720e-02 1.255313213914632797e-02 2.178491093218326569e-02 5.883171781897544861e-02 1.378684770315885544e-02 2.031520009040832520e-02 1.906024175696074963e-03 1.223434228450059891e-02 5.178992077708244324e-02 1.835942454636096954e-02 2.934404462575912476e-02 2.180646173655986786e-02 4.784200340509414673e-02 3.123959526419639587e-03 4.727939516305923462e-02 3.297166898846626282e-02 1.272735558450222015e-02 1.135398124461062253e-04 4.670862480998039246e-02 1.542581431567668915e-02 4.278165102005004883e-02 3.679863736033439636e-02 2.745391987264156342e-02 5.862055718898773193e-02 2.414336986839771271e-02 1.702442020177841187e-02 1.823334954679012299e-02 9.603225043974816799e-04 5.714085698127746582e-02 3.363569453358650208e-02 4.421322047710418701e-02 6.784002482891082764e-02 9.270227700471878052e-02 4.946868494153022766e-02 4.499669745564460754e-02 3.864742815494537354e-02 1.341474615037441254e-02 2.846298553049564362e-02 6.726121157407760620e-02 2.246237918734550476e-02 5.347765237092971802e-02 2.668632566928863525e-02 4.676494374871253967e-02 4.422770813107490540e-02 3.173196315765380859e-02 4.404624551534652710e-02 3.421587124466896057e-02 4.561177641153335571e-02 2.361409552395343781e-02 4.926151037216186523e-02 3.687166422605514526e-02 3.549654036760330200e-02 4.462558031082153320e-02 3.904242441058158875e-02 7.082524709403514862e-03 3.697237372398376465e-02 5.005993694067001343e-02 4.743444547057151794e-02 1.579584740102291107e-02 4.473368078470230103e-02 4.513098299503326416e-02 1.579014584422111511e-02 2.649288624525070190e-02 3.878868743777275085e-02 1.395743619650602341e-02 1.653714664280414581e-02 4.991039261221885681e-02 5.000930652022361755e-02 2.257885225117206573e-02 3.233039751648902893e-02 1.645660214126110077e-02
1.547271907329559326e-01 6.634602695703506470e-02 4.151982429903000593e-04 8.803377859294414520e-03 4.569196142256259918e-03 5.875937268137931824e-02 3.563901875168085098e-03 4.223880823701620102e-03 2.930706134065985680e-03 8.517452515661716461e-03 4.891085922718048096e-01 5.966984201222658157e-03 1.091652363538742065e-01 9.691574610769748688e-03 4.486589878797531128e-02 2.317379973828792572e-02 1.047214027494192123e-02 2.355802617967128754e-02 3.462849557399749756e-02 1.602144911885261536e-02 2.667766623198986053e-02 4.664551466703414917e-02 5.946626514196395874e-02 4.830075427889823914e-02 1.214252039790153503e-02 2.093649469316005707e-02 3.096966817975044250e-02 3.129057213664054871e-02 5.103801935911178589e-02 4.478846117854118347e-02 2.880053035914897919e-02 3.892020136117935181e-02 1.365974638611078262e-02 4.628887772560119629e-02 1.418539509177207947e-02 8.831368759274482727e-03 2.218882925808429718e-02 1.200720109045505524e-02 4.061201959848403931e-02 5.023827310651540756e-03 1.558440923690795898e-02 4.595391452312469482e-02 2.704419894143939018e-03 1.319636404514312744e-02 2.110854536294937134e-02 3.242901340126991272e-02 4.639649018645286560e-02 3.023919649422168732e-02 4.712051153182983398e-02 3.726346418261528015e-02 5.599161982536315918e-02 8.089656010270118713e-03 3.373745083808898926e-02 1.384905073791742325e-02 3.722785739228129387e-03 1.489831972867250443e-02 2.219828590750694275e-02 7.411017548292875290e-03 2.774055860936641693e-02 3.189446404576301575e-02 2.742148935794830322e-02 1.850495301187038422e-02 3.226235136389732361e-02 3.601444885134696960e-02 3.740120306611061096e-02 3.504797443747520447e-02 4.138939455151557922e-02 2.775688841938972473e-02 6.012768950313329697e-03 2.352058514952659607e-02 1.270887441933155060e-02 1.664254069328308105e-02 4.269153997302055359e-02 1.869382150471210480e-02 3.370273858308792114e-02 9.196322411298751831e-03 1.426733005791902542e-02 2.088478021323680878e-02 1.566370949149131775e-02 5.531296879053115845e-02 4.419063683599233627e-03 4.637568816542625427e-02 7.317087613046169281e-03 1.462241541594266891e-02 3.011225350201129913e-02 2.792594954371452332e-02 1.953937113285064697e-02 2.689392864704132080e-02 4.130132123827934265e-02 3.622901067137718201e-02 2.419616095721721649e-02 1.065470464527606964e-02 1.896421611309051514e-02 2.466212585568428040e-02 3.369197249412536621e-02 1.521473191678524017e-02 3.768606577068567276e-03 1.200751215219497681e-02 1.913761720061302185e-02 3.171858191490173340e-02 1.907913200557231903e-02 1.098572276532649994e-02 5.895112827420234680e-02 3.607662394642829895e-02 1.651390641927719116e-02 3.573140129446983337e-02 2.244212664663791656e-02 6.117809098213911057e-03 7.607308216392993927e-03 2.943170489743351936e-03 7.398416101932525635e-02 8.491650223731994629e-02 4.996483027935028076e-02 3.748176246881484985e-02 3.062947094440460205e-02 6.340785324573516846e-02
1.693778857588768005e-02 2.682764641940593719e-02 4.561204835772514343e-02 3.612061217427253723e-02 2.647267840802669525e-02 6.088168174028396606e-02 4.123616963624954224e-02 5.277463421225547791e-02 9.004517458379268646e-03 5.821369215846061707e-02 5.966984201222658157e-03 5.015845298767089844e-01 4.770369455218315125e-02 1.355660259723663330e-01 1.071746274828910828e-02 2.451285161077976227e-02 3.303008526563644409e-02 2.367555722594261169e-02 1.155113428831100464e-02 5.191951245069503784e-02 3.447159379720687866e-02 2.926665544509887695e-02 7.981611788272857666e-02 6.103097647428512573e-02 2.759357914328575134e-02 1.035746838897466660e-02 1.656055636703968048e-02 9.259088337421417236e-02 3.407740592956542969e-02 7.650674134492874146e-02 2.260105311870574951e-02 9.447046555578708649e-03 3.423295915126800537e-02 2.566641382873058319e-02 6.465689279139041901e-03 1.648527756333351135e-02 1.294082961976528168e-02 2.101662009954452515e-02 1.704339310526847839e-02 4.606894031167030334e-02 3.364553302526473999e-02 1.246319618076086044e-02 3.132569417357444763e-02 4.405128210783004761e-02 1.258300337940454483e-02 3.999474644660949707e-02 1.534898672252893448e-02 2.323815226554870605e-02 4.593465849757194519e-02 4.683406651020050049e-02 1.234006043523550034e-02 4.846465587615966797e-02 1.105571165680885315e-02 4.699752852320671082e-02 5.569953098893165588e-02 3.075343184173107147e-02 4.751484841108322144e-02 3.383744880557060242e-02 4.230557940900325775e-03 1.013103872537612915e-02 2.205993421375751495e-02 5.081279575824737549e-02 4.018184915184974670e-02 3.351986408233642578e-02 3.941313922405242920e-02 5.600817874073982239e-02 4.558640718460083008e-02 2.858347818255424500e-02 4.810884594917297363e-02 2.053146623075008392e-02 2.182326652109622955e-02 3.198187053203582764e-02 1.949722878634929657e-02 2.234118059277534485e-02 2.668272890150547028e-02 2.432309649884700775e-02 4.492172971367835999e-02 3.989083319902420044e-02 2.355282567441463470e-02 4.888315126299858093e-02 2.274830080568790436e-02 3.074282594025135040e-02 5.932452622801065445e-03 2.889914810657501221e-02 3.824921324849128723e-02 4.518441483378410339e-02 4.085963009856641293e-04 1.692159683443605900e-03 6.645232439041137695e-02 6.607593595981597900e-02 5.465166643261909485e-02 1.724728755652904510e-02 8.758125826716423035e-03 2.916048653423786163e-02 3.847093507647514343e-02 3.053746931254863739e-02 4.648737609386444092e-02 4.116595536470413208e-02 2.905231155455112457e-02 5.301148444414138794e-02 2.231097593903541565e-02 3.801574930548667908e-02 9.147705510258674622e-03 1.303565129637718201e-02 1.146048586815595627e-02 5.332372710108757019e-02 6.188668776303529739e-03 3.084916248917579651e-02 4.984177649021148682e-03 7.328438106924295425e-03 4.874946083873510361e-03 5.333863943815231323e-02 3.920952323824167252e-03 1.850597560405731201e-02 4.103556647896766663e-02 2.234749495983123779e-02
3.834277018904685974e-02 1.069955900311470032e-01 3.601416200399398804e-02 4.436102136969566345e-02 3.204670548439025879e-02 1.456047128885984421e-02 2.795253321528434753e-02 2.093070372939109802e-02 1.910876296460628510e-02 5.970203317701816559e-03 1.091652363538742065e-01 4.770369455218315125e-02 4.719959199428558350e-01 2.726608701050281525e-02 1.398133672773838043e-02 7.447854615747928619e-03 3.471007943153381348e-02 1.629357412457466125e-02 3.592149913311004639e-02 9.206237271428108215e-03 3.930889070034027100e-02 2.034984715282917023e-02 2.598739229142665863e-02 1.407451089471578598e-02 4.198580980300903320e-02 1.432324759662151337e-02 2.728841081261634827e-02 6.358386599458754063e-04 3.746406361460685730e-02 1.401320006698369980e-02 8.548112586140632629e-03 3.720510285347700119e-03 5.292358249425888062e-02 2.363762259483337402e-02 2.287971973419189453e-02 3.103019855916500092e-02 3.908582776784896851e-02 2.569468133151531219e-02 5.067542195320129395e-02 4.600552469491958618e-02 2.551472745835781097e-02 7.076149340718984604e-03 1.159343682229518890e-02 2.937021851539611816e-02 1.600830070674419403e-02 1.657929085195064545e-02 2.270347997546195984e-02 1.264035236090421677e-02 1.539946906268596649e-02 8.019483066163957119e-04 4.524194821715354919e-02 2.306515350937843323e-02 3.078722953796386719e-02 2.875013090670108795e-02 3.791160881519317627e-03 2.382634207606315613e-02 3.814785555005073547e-02 2.879045531153678894e-02 5.296015739440917969e-02 3.535088151693344116e-02 8.113548159599304199e-03 3.192025050520896912e-02 3.790684044361114502e-02 2.490857616066932678e-03 5.204832926392555237e-02 5.295249633491039276e-03 1.479389797896146774e-02 1.411759387701749802e-02 1.427347026765346527e-02 2.180758677423000336e-02 1.472504576668143272e-03 1.125960052013397217e-02 3.979538381099700928e-02 3.354163467884063721e-02 3.594674170017242432e-02 2.086674422025680542e-02 1.751079410314559937e-02 3.238186240196228027e-02 8.761283010244369507e-02 4.053086414933204651e-02 1.914983801543712616e-02 2.052272483706474304e-02 2.839560620486736298e-02 2.405822277069091797e-02 2.360061183571815491e-02 3.167477622628211975e-02 4.261536896228790283e-02 3.098552674055099487e-02 3.359515964984893799e-02 1.894683949649333954e-02 2.543857507407665253e-02 5.714683327823877335e-03 2.105033025145530701e-02 9.691216051578521729e-03 2.002887986600399017e-02 2.017779834568500519e-02 1.735096052289009094e-02 7.602121680974960327e-03 1.561977621167898178e-02 1.030108705163002014e-02 1.635798066854476929e-02 1.610879600048065186e-02 1.637410931289196014e-02 5.507640540599822998e-03 2.398954704403877258e-02 6.061005988158285618e-04 2.656959369778633118e-02 3.219081461429595947e-02 3.155906870961189270e-02 1.175624970346689224e-02 2.642183192074298859e-02 1.073532551527023315e-02 4.068417474627494812e-03 4.181239753961563110e-03 3.571806475520133972e-02 3.151195123791694641e-02
