4.732755124568939209e-01 1.052326336503028870e-01 9.244444081559777260e-04 5.001396406441926956e-03 9.812007192522287369e-04 1.096462011337280273e-01 5.624921619892120361e-02 1.578998379409313202e-02 8.520236588083207607e-04 1.116928365081548691e-02 8.878451585769653320e-02 3.279798105359077454e-02 1.078825071454048157e-01 1.635352335870265961e-02 4.409079998731613159e-02 3.260418772697448730e-02 1.972107589244842529e-02 5.570266395807266235e-03 9.373757988214492798e-03 3.219268098473548889e-02 2.761903591454029083e-02 4.144499078392982483e-02 3.095789067447185516e-02 1.212155073881149292e-02 4.162958636879920959e-02 9.893273934721946716e-03 1.214748248457908630e-02 3.628082200884819031e-02 2.366638742387294769e-03 5.224670097231864929e-02 6.508372462121769786e-05 3.835842385888099670e-02 1.614639349281787872e-02 2.703488618135452271e-02 2.986513311043381691e-03 5.324159190058708191e-02 4.069139435887336731e-02 3.442646004259586334e-03 3.699280321598052979e-02 1.434729085303843021e-03 2.608459629118442535e-02 1.774973794817924500e-02 3.392374515533447266e-02 1.011870335787534714e-02 3.155178856104612350e-03 2.630892768502235413e-02 3.689815104007720947e-02 5.533591844141483307e-03 4.927123337984085083e-02 1.854339614510536194e-02 2.539908746257424355e-04 3.627975471317768097e-03 3.297787159681320190e-02 1.577379554510116577e-02 4.366993904113769531e-02 1.090650819242000580e-02 1.100332010537385941e-02 3.820136561989784241e-02 3.287932276725769043e-02 2.736115828156471252e-02 6.641042884439229965e-03 2.350723929703235626e-02 3.110913559794425964e-02 2.179832383990287781e-02 1.932732202112674713e-02 2.874922007322311401e-02 4.212420433759689331e-02 2.112411521375179291e-02 2.232290618121623993e-02 1.325794495642185211e-02 2.600990049540996552e-02 5.732170119881629944e-02 3.270084410905838013e-02 2.008761512115597725e-03 1.370432414114475250e-02 2.806533314287662506e-02 1.727396994829177856e-02 3.033020533621311188e-02 2.370245568454265594e-02 9.703372488729655743e-04 4.542587697505950928e-02 2.595511265099048615e-02 5.416456982493400574e-02 2.701767347753047943e-02 3.660751506686210632e-02 4.770659655332565308e-02 3.714616224169731140e-02 2.832526806741952896e-04 1.324684545397758484e-02 1.481334120035171509e-02 1.710620522499084473e-02 2.725816890597343445e-02 2.238762564957141876e-02 2.590131387114524841e-02 2.556123584508895874e-02 4.950207471847534180e-02 1.916464976966381073e-02 2.096027368679642677e-03 2.187108062207698822e-02 1.488499622792005539e-02 3.992711007595062256e-02 4.945101588964462280e-02 4.188040271401405334e-02 3.453821316361427307e-02 1.925431378185749054e-02 2.101874351501464844e-02 1.289412193000316620e-02 4.396867938339710236e-03 1.147324964404106140e-02 8.797987364232540131e-03 2.737420424818992615e-02 3.016278147697448730e-02 1.144699519500136375e-03 5.715233273804187775e-03 4.704061150550842285e-02 1.421853341162204742e-02
1.052326336503028870e-01 4.674724340438842773e-01 2.504271082580089569e-02 1.387273427098989487e-02 2.003880776464939117e-02 7.967323064804077148e-02 1.543994545936584473e-01 2.076833508908748627e-02 2.378525398671627045e-02 3.511361777782440186e-02 1.014897152781486511e-01 4.432267323136329651e-02 1.316608637571334839e-01 2.829235792160034180e-02 7.365747354924678802e-03 4.038437828421592712e-02 9.858554229140281677e-03 3.008002601563930511e-02 1.118469890207052231e-02 4.361566901206970215e-02 2.436211518943309784e-02 1.148962508887052536e-02 9.171931073069572449e-03 2.604755014181137085e-02 6.500592920929193497e-03 3.554724622517824173e-03 6.889508105814456940e-03 1.123895170167088509e-03 2.937658131122589111e-02 2.070931531488895416e-02 2.057360857725143433e-02 4.025733470916748047e-02 3.819847479462623596e-02 3.955426067113876343e-02 2.005619928240776062e-02 3.310438245534896851e-02 3.675823658704757690e-02 6.143968552350997925e-03 8.326881565153598785e-03 1.086514722555875778e-02 1.330341212451457977e-02 5.708029028028249741e-03 1.624688506126403809e-02 2.129789441823959351e-02 5.736370757222175598e-02 6.415559351444244385e-02 2.512801066040992737e-02 1.405368372797966003e-02 5.119445174932479858e-02 2.295209653675556183e-02 2.395701035857200623e-02 4.141458123922348022e-02 2.893581241369247437e-02 2.030774764716625214e-02 2.448011375963687897e-02 2.976414747536182404e-02 5.541447550058364868e-02 2.896506898105144501e-02 4.970253631472587585e-02 2.258209511637687683e-02 4.431439936161041260e-02 5.858268123120069504e-03 4.356446862220764160e-02 3.576187044382095337e-02 3.946546465158462524e-02 1.781415939331054688e-02 2.062061056494712830e-02 3.662985935807228088e-02 3.333387430757284164e-03 4.572674632072448730e-02 2.534759230911731720e-03 1.852061972022056580e-02 8.435867726802825928e-03 2.157160080969333649e-02 1.051744911819696426e-02 3.169347345829010010e-02 4.824512172490358353e-03 6.515542976558208466e-03 2.439123578369617462e-02 1.020214986056089401e-03 1.803790102712810040e-03 3.856788203120231628e-02 5.050796642899513245e-02 3.575580427423119545e-03 3.298732638359069824e-02 3.164866939187049866e-02 9.070667438209056854e-03 3.897682204842567444e-02 1.096552144736051559e-02 6.348451599478721619e-03 2.218869514763355255e-02 2.021175995469093323e-02 1.896648481488227844e-02 1.173410564661026001e-02 8.912091143429279327e-03 4.282537102699279785e-02 1.450096908956766129e-02 8.879154920578002930e-02 1.122196391224861145e-02 1.437723450362682343e-02 1.596393808722496033e-02 2.733605506364256144e-04 5.184455588459968567e-02 5.045124143362045288e-02 9.029287844896316528e-03 2.205140516161918640e-02 1.041434798389673233e-02 3.435287997126579285e-02 3.100927546620368958e-02 5.604525655508041382e-02 3.141521662473678589e-02 7.835711352527141571e-03 3.189554437994956970e-03 2.791627310216426849e-02 3.981511574238538742e-03 2.019556052982807159e-02
9.244444081559777260e-04 2.504271082580089569e-02 4.329179525375366211e-01 1.258593145757913589e-02 2.180106006562709808e-02 1.396816410124301910e-02 2.236789325252175331e-03 7.958915084600448608e-02 3.595254942774772644e-02 3.768784552812576294e-02 3.213420137763023376e-02 2.586650103330612183e-02 1.301398966461420059e-02 2.211461216211318970e-02 2.503888867795467377e-02 3.953035548329353333e-02 1.560557540506124496e-02 1.703789457678794861e-02 1.438817754387855530e-02 4.208681359887123108e-02 2.672426216304302216e-02 1.267151348292827606e-02 2.264522761106491089e-02 5.871505476534366608e-03 5.873608402907848358e-03 4.244870692491531372e-02 4.976935684680938721e-02 3.411786630749702454e-02 1.762476563453674316e-02 1.352298352867364883e-02 3.714964166283607483e-02 2.523045614361763000e-02 1.024193130433559418e-02 6.232489366084337234e-03 1.333500724285840988e-03 5.419414490461349487e-02 2.546231262385845184e-02 1.235905289649963379e-02 4.333120584487915039e-02 2.215268090367317200e-02 4.494514316320419312e-02 4.047494381666183472e-02 6.531151477247476578e-03 4.740439355373382568e-03 1.292486023157835007e-02 4.301365092396736145e-02 6.426570471376180649e-03 1.413334975950419903e-03 9.870856301859021187e-04 3.009700682014226913e-03 1.445741485804319382e-02 4.791458602994680405e-03 6.144117191433906555e-02 4.476937651634216309e-02 3.680454939603805542e-02 2.980644255876541138e-02 2.837507240474224091e-02 8.433524519205093384e-03 7.156044710427522659e-03 3.779227286577224731e-02 2.057299017906188965e-02 1.001849770545959473e-02 1.115999929606914520e-02 5.887607578188180923e-03 2.323932945728302002e-02 2.610993385314941406e-02 8.249155245721340179e-03 3.063409216701984406e-02 9.144475683569908142e-03 3.245648741722106934e-02 2.886710315942764282e-02 2.619220688939094543e-02 4.055846855044364929e-02 8.896756172180175781e-02 4.619661346077919006e-02 9.405496716499328613e-02 8.676121942698955536e-03 1.978916302323341370e-02 6.930713541805744171e-03 6.267219781875610352e-03 9.794398397207260132e-02 4.556917026638984680e-02 1.828179135918617249e-02 8.469182066619396210e-03 2.441040240228176117e-02 2.476726472377777100e-02 5.881843715906143188e-02 2.523871138691902161e-02 1.047201361507177353e-02 6.967369467020034790e-03 2.964792214334011078e-02 2.798922173678874969e-02 4.051502794027328491e-03 3.050164959859102964e-04 1.267786137759685516e-02 3.180990740656852722e-02 5.934284627437591553e-02 9.010631591081619263e-03 2.805330231785774231e-02 2.057260833680629730e-03 1.109051238745450974e-02 4.238842055201530457e-02 3.397681191563606262e-02 2.360362932085990906e-02 7.652702741324901581e-03 2.393168024718761444e-02 1.653896458446979523e-02 3.351489827036857605e-02 2.460839750710874796e-04 3.770096972584724426e-02 3.469261154532432556e-02 1.227522362023591995e-02 1.404020655900239944e-02 1.747361756861209869e-02 3.036296740174293518e-02 8.885798975825309753e-03
5.001396406441926956e-03 1.387273427098989487e-02 1.258593145757913589e-02 4.538605511188507080e-01 1.077778041362762451e-01 5.311655113473534584e-04 4.702679440379142761e-02 3.442693501710891724e-02 1.445214357227087021e-02 1.045971456915140152e-02 2.143645100295543671e-02 3.922080621123313904e-03 1.718729734420776367e-02 1.364441774785518646e-02 9.975390508770942688e-03 4.384292662143707275e-02 2.763372845947742462e-02 9.572582319378852844e-03 5.695667490363121033e-02 2.144229225814342499e-02 2.624042704701423645e-02 4.641490988433361053e-03 3.665671497583389282e-02 1.023293845355510712e-02 5.065008625388145447e-02 3.617217391729354858e-02 4.444737732410430908e-02 3.362355008721351624e-02 2.929242886602878571e-02 3.477029874920845032e-02 3.209251165390014648e-02 7.638333830982446671e-03 9.466290357522666454e-04 2.464816346764564514e-02 4.811497777700424194e-02 1.823055371642112732e-02 2.220682986080646515e-02 1.164550613611936569e-02 5.725735425949096680e-02 4.043697379529476166e-03 2.094729337841272354e-03 4.718026902992278337e-04 1.073917094618082047e-02 3.052698448300361633e-02 8.971499279141426086e-03 4.276524297893047333e-03 3.427166666369885206e-04 1.727312337607145309e-03 4.380505532026290894e-02 3.943264856934547424e-02 1.225669495761394501e-02 3.898873552680015564e-02 8.700155653059482574e-03 5.745894741266965866e-03 1.852955669164657593e-02 4.686937481164932251e-02 1.262002997100353241e-02 1.657821796834468842e-02 3.114570304751396179e-02 9.185219183564186096e-03 6.395839154720306396e-03 1.432588696479797363e-02 3.298537805676460266e-02 4.322180524468421936e-03 2.002641372382640839e-02 2.622168743982911110e-03 2.741118893027305603e-02 4.625992104411125183e-02 4.286729544401168823e-02 1.381814572960138321e-02 5.162230506539344788e-02 3.472105413675308228e-02 8.274006098508834839e-02 2.675778465345501900e-03 7.384372502565383911e-02 1.626043394207954407e-02 3.834705054759979248e-02 4.040851816534996033e-02 4.755473881959915161e-02 5.022196844220161438e-02 7.576194591820240021e-03 5.383737757802009583e-02 4.031304270029067993e-02 2.052160352468490601e-02 1.380458823405206203e-03 4.083840921521186829e-02 9.204303496517241001e-04 1.001345179975032806e-02 5.744691938161849976e-02 1.908376812934875488e-03 2.541755139827728271e-02 1.220048870891332626e-03 9.450083598494529724e-03 2.210398390889167786e-02 5.638124793767929077e-02 7.032267004251480103e-02 1.523068733513355255e-02 3.658373281359672546e-02 2.628956921398639679e-02 4.506207071244716644e-03 4.026224464178085327e-02 2.374611981213092804e-02 2.099029906094074249e-02 4.180136322975158691e-02 2.287600934505462646e-02 9.537849575281143188e-03 4.746522009372711182e-02 6.280460953712463379e-02 1.922845281660556793e-02 3.111438266932964325e-02 7.292146980762481689e-02 5.387664958834648132e-02 2.287119999527931213e-02 6.588821765035390854e-03 3.579888865351676941e-02 1.004819292575120926e-02
9.812007192522287369e-04 2.003880776464939117e-02 2.180106006562709808e-02 1.077778041362762451e-01 4.521678984165191650e-01 2.989163622260093689e-02 2.651460701599717140e-03 2.194866724312305450e-02 4.046173021197319031e-02 7.464285939931869507e-03 4.636193043552339077e-04 2.311641909182071686e-02 7.740985602140426636e-03 7.823941297829151154e-03 6.271319463849067688e-03 1.207215804606676102e-02 4.144380986690521240e-02 2.024058997631072998e-02 6.100989133119583130e-02 3.880670666694641113e-02 1.279600616544485092e-02 3.493610024452209473e-02 3.593296930193901062e-02 3.134917467832565308e-02 3.336321935057640076e-02 2.897239755839109421e-03 1.057731918990612030e-03 5.290337279438972473e-02 4.981980845332145691e-02 2.265450730919837952e-02 4.848664160817861557e-03 2.317567169666290283e-02 4.058289900422096252e-02 4.805848002433776855e-02 4.954434465616941452e-03 3.908225521445274353e-02 2.943525835871696472e-02 9.003489278256893158e-03 1.829090714454650879e-02 4.529046267271041870e-02 4.785342141985893250e-02 1.436768844723701477e-02 3.213661164045333862e-02 5.075678694993257523e-03 3.278318792581558228e-02 1.800763048231601715e-02 1.960029592737555504e-03 8.502323180437088013e-03 1.894376613199710846e-02 3.639762103557586670e-02 1.824899390339851379e-02 2.636863663792610168e-02 4.263693094253540039e-02 3.134194388985633850e-02 3.077051043510437012e-02 4.977477341890335083e-02 2.772697806358337402e-02 4.319545626640319824e-02 2.385842241346836090e-02 1.422602962702512741e-02 3.100892156362533569e-02 2.292761579155921936e-02 9.353160858154296875e-03 3.534114733338356018e-02 4.697110131382942200e-02 1.318595372140407562e-02 4.242829233407974243e-02 2.034477517008781433e-02 2.594882622361183167e-02 2.949912287294864655e-02 5.741238594055175781e-03 2.259634062647819519e-02 4.726722463965415955e-02 5.202888697385787964e-02 2.590078301727771759e-02 5.421408638358116150e-02 7.924184203147888184e-03 4.786475747823715210e-02 3.212611749768257141e-02 4.386582225561141968e-02 7.287486642599105835e-02 5.611194670200347900e-02 4.885480925440788269e-02 3.291598707437515259e-02 1.832348108291625977e-02 4.742713645100593567e-03 3.832471743226051331e-02 3.118846565485000610e-02 1.615876704454421997e-02 7.814618200063705444e-02 1.018703822046518326e-02 5.690503492951393127e-02 2.279038727283477783e-02 8.368535898625850677e-03 5.026454105973243713e-02 1.133656129240989685e-01 5.588211119174957275e-02 7.881592027842998505e-03 7.562824524939060211e-03 3.238836675882339478e-02 3.011087700724601746e-02 4.750037193298339844e-02 5.321958102285861969e-03 3.265209123492240906e-02 2.836296707391738892e-02 2.991193346679210663e-02 2.919410169124603271e-02 3.573814034461975098e-02 2.228446863591670990e-02 3.524883463978767395e-02 2.189241349697113037e-03 1.872901991009712219e-02 2.717820741236209869e-02 4.468172788619995117e-02 2.462515421211719513e-02 2.348279394209384918e-02
1.096462011337280273e-01 7.967323064804077148e-02 1.396816410124301910e-02 5.311655113473534584e-04 2.989163622260093689e-02 4.580586850643157959e-01 1.186356022953987122e-01 4.937587305903434753e-02 5.624087061733007431e-03 1.066466886550188065e-02 7.538761198520660400e-02 5.287251994013786316e-02 1.203413456678390503e-01 9.157218784093856812e-02 1.678926870226860046e-02 2.072403207421302795e-03 2.471822500228881836e-02 3.027266636490821838e-02 2.131961658596992493e-02 1.049467362463474274e-02 4.318540450185537338e-03 2.032578457146883011e-03 3.064889460802078247e-02 3.091974370181560516e-02 9.065989404916763306e-03 3.893482498824596405e-04 2.295696362853050232e-02 3.119233623147010803e-02 3.993146866559982300e-02 7.618594681844115257e-04 5.344219133257865906e-02 2.571130916476249695e-02 4.513226449489593506e-02 1.180872879922389984e-02 5.323635414242744446e-02 3.885170444846153259e-02 2.954126521944999695e-02 3.486669436097145081e-02 3.549306653439998627e-03 7.121521513909101486e-03 3.597578033804893494e-02 4.995502531528472900e-02 2.180294506251811981e-02 2.428214997053146362e-02 3.391386568546295166e-02 5.954116582870483398e-02 1.051352247595787048e-01 1.237617526203393936e-02 2.803407981991767883e-02 4.975362867116928101e-02 3.531426191329956055e-02 4.479715600609779358e-02 4.077691584825515747e-03 8.100808598101139069e-03 2.039409009739756584e-03 1.798649504780769348e-02 5.182713270187377930e-02 1.291514188051223755e-02 7.530031260102987289e-03 2.202762849628925323e-02 2.375468984246253967e-02 3.786649554967880249e-03 3.125797724351286888e-03 2.953919582068920135e-02 1.742018945515155792e-02 1.359107159078121185e-02 1.934979483485221863e-02 6.784291937947273254e-03 3.972453624010086060e-02 1.586289703845977783e-02 4.824762046337127686e-02 3.606940805912017822e-02 2.827999554574489594e-02 1.785469986498355865e-02 3.156933560967445374e-02 1.706006587482988834e-03 2.567430585622787476e-02 1.967484876513481140e-02 2.556752040982246399e-02 4.059647768735885620e-02 4.159667342901229858e-02 4.438912961632013321e-03 3.725742921233177185e-02 2.738554775714874268e-02 1.067953649908304214e-02 8.040738292038440704e-03 2.169841201975941658e-03 2.069206349551677704e-02 3.966107219457626343e-02 2.805968001484870911e-02 8.306900970637798309e-03 1.826789230108261108e-02 9.130155667662620544e-03 2.312946133315563202e-02 4.690016433596611023e-02 3.754259552806615829e-03 1.722243241965770721e-02 1.841679029166698456e-02 2.693292312324047089e-02 3.115408122539520264e-03 4.336788132786750793e-02 2.691777609288692474e-02 2.911464497447013855e-02 2.000007405877113342e-02 3.986853640526533127e-03 4.669834394007921219e-03 2.148295752704143524e-02 1.906774006783962250e-02 1.102015003561973572e-02 2.918060310184955597e-02 1.916823163628578186e-02 1.269040629267692566e-02 4.316727444529533386e-02 4.947430640459060669e-02 3.988078609108924866e-02 2.415908686816692352e-02
5.624921619892120361e-02 1.543994545936584473e-01 2.236789325252175331e-03 4.702679440379142761e-02 2.651460701599717140e-03 1.186356022953987122e-01 4.626519978046417236e-01 4.343836382031440735e-02 1.064778212457895279e-02 4.291255772113800049e-02 9.589292854070663452e-02 5.389524251222610474e-02 1.355673521757125854e-01 6.444465368986129761e-02 1.084687281399965286e-02 3.863793611526489258e-02 1.807648455724120140e-03 4.243129864335060120e-03 1.073244493454694748e-03 1.125282887369394302e-02 4.359461367130279541e-03 3.502393513917922974e-02 3.466936573386192322e-02 3.817840665578842163e-02 4.486503452062606812e-02 2.735089510679244995e-02 3.068238869309425354e-02 2.637022174894809723e-02 5.018581077456474304e-02 3.806106373667716980e-02 2.725900523364543915e-02 1.168381702154874802e-02 4.225714877247810364e-02 2.017724886536598206e-02 2.078513149172067642e-03 2.479051239788532257e-02 1.024997141212224960e-02 1.151020824909210205e-02 2.273786254227161407e-02 3.221105784177780151e-02 2.843954227864742279e-02 4.628795012831687927e-02 4.551533237099647522e-02 6.164747173897922039e-04 1.455064676702022552e-02 3.005613945424556732e-02 1.535886339843273163e-02 5.275175347924232483e-02 3.739781305193901062e-02 1.624302752315998077e-02 3.566223010420799255e-02 2.280384674668312073e-02 1.770451106131076813e-02 9.092375985346734524e-04 1.750325784087181091e-02 7.971161976456642151e-03 8.982679806649684906e-03 4.707651212811470032e-03 2.662128768861293793e-02 4.481313005089759827e-02 2.492471821824437939e-06 7.858880795538425446e-03 5.225408449769020081e-02 3.401438519358634949e-02 5.791367962956428528e-02 3.112098202109336853e-02 4.596573114395141602e-02 1.697772927582263947e-02 1.209359709173440933e-02 4.667094722390174866e-02 1.837068796157836914e-02 2.144281752407550812e-02 8.544494397938251495e-03 4.318583756685256958e-02 8.578151464462280273e-03 3.255734220147132874e-02 5.238504149019718170e-03 2.909616939723491669e-02 5.025531165301799774e-03 1.222379691898822784e-02 2.687052637338638306e-02 1.193707156926393509e-02 6.800437346100807190e-03 2.175550721585750580e-02 4.104581475257873535e-02 3.838045522570610046e-02 6.073806434869766235e-02 1.817237772047519684e-02 1.799857243895530701e-02 5.657454486936330795e-03 4.579622298479080200e-02 7.373381406068801880e-02 9.781635366380214691e-03 2.788259088993072510e-02 8.968902751803398132e-03 4.791447147727012634e-02 2.176904119551181793e-02 7.914262264966964722e-02 3.444386646151542664e-02 4.435729235410690308e-02 2.195957861840724945e-02 5.327469669282436371e-03 3.107965923845767975e-02 6.941429805010557175e-03 1.132197119295597076e-02 1.260409783571958542e-02 3.050213493406772614e-02 5.139771848917007446e-02 3.106282465159893036e-02 3.604175895452499390e-02 2.691615559160709381e-02 9.118212386965751648e-03 4.080867022275924683e-02 3.213766962289810181e-02 1.659148186445236206e-02 2.522600628435611725e-02
1.578998379409313202e-02 2.076833508908748627e-02 7.958915084600448608e-02 3.442693501710891724e-02 2.194866724312305450e-02 4.937587305903434753e-02 4.343836382031440735e-02 4.434340894222259521e-01 7.014531642198562622e-03 1.584312506020069122e-02 1.639143005013465881e-02 2.637855708599090576e-02 2.711723744869232178e-02 2.646920457482337952e-02 8.102176338434219360e-02 2.087775245308876038e-02 1.996563933789730072e-02 5.078473594039678574e-03 5.990423262119293213e-03 3.722297772765159607e-02 2.593318559229373932e-02 1.095761172473430634e-02 4.704704973846673965e-03 3.176356479525566101e-02 1.662697456777095795e-02 4.833810776472091675e-02 1.036267820745706558e-02 6.219848291948437691e-04 1.271002553403377533e-02 3.857252374291419983e-02 2.717799320816993713e-02 1.009380631148815155e-02 2.933298982679843903e-02 1.919071376323699951e-02 4.144962504506111145e-02 1.336851622909307480e-02 1.873168349266052246e-02 1.935799419879913330e-02 8.010187186300754547e-03 2.864291146397590637e-02 2.238970948383212090e-03 4.076796118170022964e-03 3.398438915610313416e-02 7.625946775078773499e-03 4.610267002135515213e-03 1.042662560939788818e-02 3.364376351237297058e-02 2.431104192510247231e-03 2.430970035493373871e-02 3.104275790974497795e-03 1.760565117001533508e-02 1.092465780675411224e-02 3.543059341609477997e-03 3.114414401352405548e-02 3.849689289927482605e-02 2.491442859172821045e-02 4.178584367036819458e-02 3.488514572381973267e-02 2.646778523921966553e-02 3.775946795940399170e-02 9.517853148281574249e-03 1.305347960442304611e-02 1.974921487271785736e-02 5.685286596417427063e-02 4.090621368959546089e-04 1.089825388044118881e-02 5.222744122147560120e-02 2.441259799525141716e-03 2.734713442623615265e-02 3.902902454137802124e-02 1.969209872186183929e-02 4.870542883872985840e-02 1.098198629915714264e-02 4.589646589010953903e-03 3.264842182397842407e-02 7.180441915988922119e-02 3.095830092206597328e-03 1.255067810416221619e-02 3.096839645877480507e-03 3.138647601008415222e-02 1.294355690479278564e-01 7.984871417284011841e-02 1.359054120257496834e-03 3.982890397310256958e-03 3.414721414446830750e-02 1.019753888249397278e-02 8.619226515293121338e-02 2.300614491105079651e-02 6.408088956959545612e-04 6.916260346770286560e-03 3.878961503505706787e-02 5.028256401419639587e-02 1.446144841611385345e-02 2.830279618501663208e-02 4.925519693642854691e-03 2.988742291927337646e-02 2.188610658049583435e-02 3.210328286513686180e-03 4.744637757539749146e-02 8.447705768048763275e-03 5.200069397687911987e-02 5.211144313216209412e-02 3.054304979741573334e-02 8.710826747119426727e-03 5.418255925178527832e-03 1.768747158348560333e-02 3.053769655525684357e-02 4.493881762027740479e-02 2.956051938235759735e-02 7.003193721175193787e-03 2.775944769382476807e-02 2.055330574512481689e-02 3.449999541044235229e-02 1.918543875217437744e-02 3.834018111228942871e-02 2.558407001197338104e-02
8.520236588083207607e-04 2.378525398671627045e-02 3.595254942774772644e-02 1.445214357227087021e-02 4.046173021197319031e-02 5.624087061733007431e-03 1.064778212457895279e-02 7.014531642198562622e-03 4.581978321075439453e-01 2.608310803771018982e-02 1.513523422181606293e-02 2.416537702083587646e-02 1.425632927566766739e-02 3.525867685675621033e-02 3.693720698356628418e-02 2.307995222508907318e-03 5.473985336720943451e-03 9.552697092294692993e-02 1.056860852986574173e-02 4.905382171273231506e-02 7.345217745751142502e-03 2.410609275102615356e-02 3.300254046916961670e-02 5.859197117388248444e-03 1.354947872459888458e-02 2.344583161175251007e-03 1.106897555291652679e-02 1.234407816082239151e-02 5.972861312329769135e-03 1.297138445079326630e-02 1.541557908058166504e-02 5.300123244524002075e-02 2.134516276419162750e-02 2.923665940761566162e-02 4.521757364273071289e-03 1.886581256985664368e-02 2.735186927020549774e-02 2.634336426854133606e-02 2.960604988038539886e-02 2.081607654690742493e-02 1.543920300900936127e-02 9.289258159697055817e-03 2.489523589611053467e-02 7.006658241152763367e-03 5.660475045442581177e-02 9.902541525661945343e-03 2.110972814261913300e-02 9.380836039781570435e-03 5.188851058483123779e-02 3.605723008513450623e-02 5.560051649808883667e-02 1.022154092788696289e-02 2.714953199028968811e-02 6.047221273183822632e-02 5.115700419992208481e-03 4.229447245597839355e-02 1.455610617995262146e-02 1.622267626225948334e-02 9.371486492455005646e-03 3.558204323053359985e-02 1.684407517313957214e-02 1.993672456592321396e-03 6.972931791096925735e-03 5.281171947717666626e-02 1.529580075293779373e-02 1.406147051602602005e-02 4.182548727840185165e-04 2.194442600011825562e-02 5.187622830271720886e-02 5.556739494204521179e-02 3.352358192205429077e-02 1.703874021768569946e-02 4.807749763131141663e-03 5.726012401282787323e-03 2.521342132240533829e-03 3.501212969422340393e-02 7.303491979837417603e-02 3.728412836790084839e-02 5.216173455119132996e-02 2.017600275576114655e-02 3.017656691372394562e-02 4.511914774775505066e-02 2.323331870138645172e-02 1.031958404928445816e-02 3.047630377113819122e-02 2.519886381924152374e-02 4.484338313341140747e-02 4.436280578374862671e-02 5.176627635955810547e-02 9.520424529910087585e-03 1.856714859604835510e-02 6.685628090053796768e-03 3.962103277444839478e-03 2.811315841972827911e-02 3.713333234190940857e-02 3.778348863124847412e-02 4.968000575900077820e-02 1.035941764712333679e-02 5.323159322142601013e-02 4.741719365119934082e-02 1.808169297873973846e-02 8.128461427986621857e-03 4.051771759986877441e-02 2.753608860075473785e-02 1.406721957027912140e-02 1.093387510627508163e-02 3.272462636232376099e-02 3.915853332728147507e-03 3.041537292301654816e-02 5.527608841657638550e-02 1.888683997094631195e-02 2.389794215559959412e-02 4.799519479274749756e-02 1.941966637969017029e-02 3.346112743020057678e-02 1.363576110452413559e-02
1.116928365081548691e-02 3.511361777782440186e-02 3.768784552812576294e-02 1.045971456915140152e-02 7.464285939931869507e-03 1.066466886550188065e-02 4.291255772113800049e-02 1.584312506020069122e-02 2.608310803771018982e-02 4.599428176879882812e-01 6.384559907019138336e-03 3.056145831942558289e-02 5.035113915801048279e-02 1.117501314729452133e-02 2.753700129687786102e-02 3.923225030303001404e-02 7.247749250382184982e-03 5.197982117533683777e-02 8.186209201812744141e-02 7.451420649886131287e-03 4.172660037875175476e-02 1.425931975245475769e-02 3.464000672101974487e-02 5.476657673716545105e-02 4.521524533629417419e-03 2.215221151709556580e-02 6.820088624954223633e-02 5.679996311664581299e-02 5.666362587362527847e-03 3.232688468415290117e-04 2.681188285350799561e-03 3.484120592474937439e-02 2.413854748010635376e-02 5.460277944803237915e-02 4.462575539946556091e-02 4.132318124175071716e-02 2.717032097280025482e-02 3.709070384502410889e-02 2.250577090308070183e-03 4.910995066165924072e-02 5.055079236626625061e-02 6.122372113168239594e-03 9.462645277380943298e-03 5.004695616662502289e-03 1.338905654847621918e-03 1.566809602081775665e-02 1.408624835312366486e-02 6.605837959796190262e-03 2.072927728295326233e-02 2.426468394696712494e-02 3.952831774950027466e-02 1.610827073454856873e-02 3.490704670548439026e-02 2.900228835642337799e-02 1.256067678332328796e-02 2.605618909001350403e-02 1.497816527262330055e-03 4.767940565943717957e-02 3.872012346982955933e-02 2.243522554636001587e-02 2.744470350444316864e-02 6.321826577186584473e-02 5.806537345051765442e-03 5.375183373689651489e-02 3.374230815097689629e-03 9.513593278825283051e-03 1.937528885900974274e-02 7.450553122907876968e-03 5.387712642550468445e-02 8.839744143187999725e-03 3.505827160552144051e-03 4.539669305086135864e-02 6.694028526544570923e-02 4.731994494795799255e-02 3.900497779250144958e-02 4.490887373685836792e-02 5.876950547099113464e-02 1.067708060145378113e-01 1.757344603538513184e-02 1.060332506895065308e-01 1.815093494951725006e-02 3.087365475948899984e-04 2.408724650740623474e-02 3.016815707087516785e-02 5.623239278793334961e-02 5.512055009603500366e-02 2.440379746258258820e-02 9.913458488881587982e-04 2.064323239028453827e-02 7.296130061149597168e-02 1.774868369102478027e-02 4.921603575348854065e-02 1.214812789112329483e-02 2.967098541557788849e-02 3.876338480040431023e-03 2.595392428338527679e-02 2.819006145000457764e-02 3.488460555672645569e-02 5.082882195711135864e-02 3.928525745868682861e-02 1.820639590732753277e-03 4.798764362931251526e-03 2.450163289904594421e-02 4.193919897079467773e-02 5.621668417006731033e-03 2.841592207551002502e-02 2.719417028129100800e-02 2.844122983515262604e-02 2.710255980491638184e-02 4.654004424810409546e-02 1.696320809423923492e-02 1.425925735384225845e-02 8.306920528411865234e-03 9.123960509896278381e-03 2.426839061081409454e-02 2.554032392799854279e-02
8.878451585769653320e-02 1.014897152781486511e-01 3.213420137763023376e-02 2.143645100295543671e-02 4.636193043552339077e-04 7.538761198520660400e-02 9.589292854070663452e-02 1.639143005013465881e-02 1.513523422181606293e-02 6.384559907019138336e-03 4.781842529773712158e-01 4.341700300574302673e-02 9.161108732223510742e-02 4.804659262299537659e-02 5.593576654791831970e-02 4.418439790606498718e-02 2.102131024003028870e-03 9.689151309430599213e-03 1.710671558976173401e-02 4.247919470071792603e-02 4.189754649996757507e-02 5.492762476205825806e-02 1.644196920096874237e-02 8.503808639943599701e-03 3.068865835666656494e-02 2.239686995744705200e-02 3.894333029165863991e-03 1.942849159240722656e-02 1.690504699945449829e-02 2.226888667792081833e-03 2.943381480872631073e-02 1.223412062972784042e-02 9.296846576035022736e-03 4.387713223695755005e-02 1.022923551499843597e-02 3.391871601343154907e-02 4.039639979600906372e-02 3.381958522368222475e-04 2.191887609660625458e-02 1.336645800620317459e-02 1.639139465987682343e-02 8.947997353971004486e-03 1.170025020837783813e-02 1.704247109591960907e-02 4.397965036332607269e-03 2.197150141000747681e-02 2.999712713062763214e-02 4.636003077030181885e-02 1.389446947723627090e-02 9.498993866145610809e-03 5.378042161464691162e-02 1.042951736599206924e-02 7.737968582659959793e-03 3.466315101832151413e-03 4.800644889473915100e-02 1.059392746537923813e-02 3.513254970312118530e-02 1.782364957034587860e-02 2.430361881852149963e-02 2.592568472027778625e-02 2.816115133464336395e-02 1.883457042276859283e-02 2.375568822026252747e-02 4.598536062985658646e-03 6.268157809972763062e-02 4.614035412669181824e-02 3.850286081433296204e-02 3.210031613707542419e-02 1.131087727844715118e-02 1.811881735920906067e-02 1.539690233767032623e-02 3.661106154322624207e-02 1.084506977349519730e-02 3.937416896224021912e-02 2.566786669194698334e-02 2.920974418520927429e-02 5.415013059973716736e-02 1.338994246907532215e-03 3.846107423305511475e-02 1.171834766864776611e-02 2.548277005553245544e-02 4.794748127460479736e-02 2.997683174908161163e-02 2.459334768354892731e-02 4.805649444460868835e-02 2.456178888678550720e-03 3.515708260238170624e-03 1.917355321347713470e-02 1.085198204964399338e-02 1.722415350377559662e-02 1.297859754413366318e-02 5.415340512990951538e-02 3.616903722286224365e-02 3.706678375601768494e-02 2.695904858410358429e-02 2.564681693911552429e-02 1.418590918183326721e-02 3.384219715371727943e-03 2.037655794993042946e-03 6.695877760648727417e-03 2.676947601139545441e-02 1.139446347951889038e-02 3.175038844347000122e-02 2.757491543889045715e-02 2.029534429311752319e-02 1.009027566760778427e-02 1.718545891344547272e-02 2.538038883358240128e-03 4.160137474536895752e-02 2.407742291688919067e-02 3.424496948719024658e-02 4.234998673200607300e-02 3.709933906793594360e-02 1.206803973764181137e-02 6.252123042941093445e-03 8.757394971325993538e-04
3.279798105359077454e-02 4.432267323136329651e-02 2.586650103330612183e-02 3.922080621123313904e-03 2.311641909182071686e-02 5.287251994013786316e-02 5.389524251222610474e-02 2.637855708599090576e-02 2.416537702083587646e-02 3.056145831942558289e-02 4.341700300574302673e-02 4.737073183059692383e-01 5.789870396256446838e-02 1.028495952486991882e-01 1.201186515390872955e-02 5.083065852522850037e-02 5.721066892147064209e-02 4.000375512987375259e-03 5.155348032712936401e-02 3.533888235688209534e-02 1.812583208084106445e-02 3.885873034596443176e-02 5.033126845955848694e-02 6.157334893941879272e-02 2.654108591377735138e-02 1.527700945734977722e-02 2.932342328131198883e-02 1.220006793737411499e-01 2.063770778477191925e-02 8.083320409059524536e-02 1.726003736257553101e-02 2.509247511625289917e-02 5.775263905525207520e-02 2.453907765448093414e-02 1.282350532710552216e-02 5.019351094961166382e-02 3.688509576022624969e-03 3.982656169682741165e-03 7.692032959312200546e-03 1.229711901396512985e-02 2.455382607877254486e-02 1.216805260628461838e-02 2.865841053426265717e-02 4.604201763868331909e-02 3.002181835472583771e-02 1.591660454869270325e-02 3.991411533206701279e-03 3.603331372141838074e-02 4.746190737932920456e-03 6.565637886524200439e-02 1.253868173807859421e-02 3.578862175345420837e-03 5.450322106480598450e-02 4.013324156403541565e-02 7.760171429254114628e-04 2.754320949316024780e-02 8.012114465236663818e-02 1.438026875257492065e-02 5.067709833383560181e-02 2.065192162990570068e-02 3.216213732957839966e-02 1.600892096757888794e-02 1.963098719716072083e-02 4.331980831921100616e-03 4.211847856640815735e-02 2.565913647413253784e-02 9.229686111211776733e-03 2.160647697746753693e-02 4.266802966594696045e-02 4.620276764035224915e-02 3.225021809339523315e-02 1.378871127963066101e-02 2.809101715683937073e-02 2.720040269196033478e-02 4.048958048224449158e-02 1.047086063772439957e-02 8.496936410665512085e-02 1.034238189458847046e-02 5.778059363365173340e-02 2.750816568732261658e-02 2.973528811708092690e-03 9.668353945016860962e-03 2.556331455707550049e-02 5.553396418690681458e-02 1.852571405470371246e-02 2.208938077092170715e-02 3.807694837450981140e-02 2.461040578782558441e-02 3.065198101103305817e-02 5.611822009086608887e-03 2.067467942833900452e-02 4.201989155262708664e-03 5.688948556780815125e-02 6.843063049018383026e-03 1.422496396116912365e-03 4.182484373450279236e-02 1.295516453683376312e-02 1.183770690113306046e-02 1.221272442489862442e-02 1.159538398496806622e-03 5.849167238920927048e-03 3.580960910767316818e-03 2.872054232284426689e-03 1.792534440755844116e-02 4.527400061488151550e-02 4.622058197855949402e-02 1.294587459415197372e-02 2.152890525758266449e-02 2.194060571491718292e-02 1.517521962523460388e-02 2.210435643792152405e-02 6.241957098245620728e-02 2.858853153884410858e-02 4.483571648597717285e-02 7.895034737884998322e-03 1.827622950077056885e-02
1.078825071454048157e-01 1.316608637571334839e-01 1.301398966461420059e-02 1.718729734420776367e-02 7.740985602140426636e-03 1.203413456678390503e-01 1.355673521757125854e-01 2.711723744869232178e-02 1.425632927566766739e-02 5.035113915801048279e-02 9.161108732223510742e-02 5.789870396256446838e-02 4.765143096446990967e-01 3.978718072175979614e-02 2.190014347434043884e-02 2.000421052798628807e-03 4.730436205863952637e-02 5.880348850041627884e-03 7.416916778311133385e-04 2.904557995498180389e-02 1.560943387448787689e-02 5.011796951293945312e-02 2.407485246658325195e-02 2.391398884356021881e-02 3.778666257858276367e-02 4.107103124260902405e-02 3.492982313036918640e-02 3.989728912711143494e-02 3.627375513315200806e-02 3.887207433581352234e-02 1.162447128444910049e-02 3.798048943281173706e-02 4.752234742045402527e-02 3.779714554548263550e-02 4.456855822354555130e-03 1.793850213289260864e-02 3.518153727054595947e-02 4.187664389610290527e-02 1.872722804546356201e-02 3.192751854658126831e-02 3.578823432326316833e-02 5.760212894529104233e-03 5.457364488393068314e-03 3.705557435750961304e-02 1.657186634838581085e-02 5.808566510677337646e-02 3.406809270381927490e-02 1.198240369558334351e-02 3.107552416622638702e-02 2.966193109750747681e-02 3.469106182456016541e-02 4.883363470435142517e-02 3.208446287317201495e-05 3.571249917149543762e-02 2.841749601066112518e-02 2.808687277138233185e-03 4.173966590315103531e-03 1.855502650141716003e-02 5.463680624961853027e-02 6.052726134657859802e-02 8.424059487879276276e-03 3.488144278526306152e-02 3.533573821187019348e-02 5.757864098995923996e-03 3.339970484375953674e-02 4.022567719221115112e-02 3.716557100415229797e-02 4.024180397391319275e-02 2.157302387058734894e-02 3.634248673915863037e-02 5.721864290535449982e-03 2.850514091551303864e-02 7.681959308683872223e-03 2.362409047782421112e-02 3.000837005674839020e-02 1.444033440202474594e-02 3.364434093236923218e-02 1.058070547878742218e-02 1.617724262177944183e-02 1.401084754616022110e-02 4.226583242416381836e-02 2.371395379304885864e-02 2.636903151869773865e-02 1.812565140426158905e-02 3.994768112897872925e-02 4.137144610285758972e-02 3.706698119640350342e-02 2.908544242382049561e-02 1.055343076586723328e-02 6.665745750069618225e-03 3.289820998907089233e-02 2.218340709805488586e-02 7.492143195122480392e-03 5.427208542823791504e-02 5.884475540369749069e-03 2.411791309714317322e-02 3.880372270941734314e-02 2.020747400820255280e-02 1.855986006557941437e-02 9.879219345748424530e-03 9.717290289700031281e-03 2.998790005221962929e-03 4.625631496310234070e-02 3.694809600710868835e-02 2.044982102233916521e-04 1.181165128946304321e-02 1.607792079448699951e-02 4.331235773861408234e-03 3.940241783857345581e-02 2.433133125305175781e-02 3.192253783345222473e-02 2.997809089720249176e-02 7.169025484472513199e-03 4.846891388297080994e-02 1.558023411780595779e-02 3.971039783209562302e-03
