4.554753005504608154e-01 2.048736661672592163e-01 3.797689825296401978e-02 2.376482822000980377e-02 1.124485116451978683e-02 8.990501612424850464e-02 2.942518331110477448e-02 3.613547980785369873e-02 3.614256531000137329e-02 2.378701232373714447e-02 1.244065761566162109e-01 1.051624305546283722e-02 8.717811852693557739e-02 1.155281160026788712e-02 3.013128042221069336e-02 3.612387925386428833e-02 3.715674579143524170e-02 1.041432656347751617e-02 2.030156087130308151e-03 2.572947368025779724e-02 3.259345144033432007e-02 3.369040787220001221e-02 4.032407328486442566e-02 2.304824255406856537e-02 2.117387950420379639e-02 1.864689216017723083e-02 2.186165656894445419e-03 3.924377379007637501e-04 5.875110998749732971e-02 3.806836903095245361e-02 2.423451840877532959e-02 2.576255425810813904e-02 2.825343981385231018e-02 4.303534328937530518e-02 2.562107704579830170e-02 8.443088270723819733e-03 3.508416563272476196e-02 4.396806471049785614e-03 2.108937315642833710e-02 1.381632126867771149e-02 1.223939936608076096e-02 3.913375735282897949e-02 8.852824568748474121e-03 1.027382165193557739e-02 4.701232910156250000e-02 2.475788258016109467e-02 1.752313226461410522e-03 2.674251096323132515e-03 3.760298714041709900e-02 3.104582801461219788e-02 4.240540415048599243e-02 5.953663215041160583e-02 1.141298841685056686e-02 6.671782582998275757e-03 4.278247058391571045e-02 4.719575121998786926e-02 1.000299351289868355e-03 1.996698556467890739e-03 1.882299594581127167e-02 3.218003362417221069e-02 1.569970161654055119e-03 1.072587165981531143e-02 4.060329496860504150e-02 1.369708217680454254e-02 8.212010562419891357e-02 3.601033985614776611e-02 4.604459181427955627e-02 3.063575364649295807e-02 2.242532372474670410e-02 2.255922555923461914e-02 2.471063286066055298e-02 5.232059210538864136e-02 3.552465140819549561e-02 3.078609146177768707e-02 4.986783023923635483e-03 3.903406858444213867e-02 2.080124430358409882e-02 1.281612832099199295e-02 2.551586180925369263e-02 3.762919455766677856e-02 2.221821062266826630e-02 2.941303886473178864e-02 4.777153953909873962e-03 4.021016135811805725e-02 1.636569015681743622e-02 2.616201154887676239e-02 3.746128175407648087e-03 1.161201111972332001e-02 1.882748305797576904e-02 7.276682648807764053e-03 1.039212197065353394e-01 6.802830845117568970e-02 3.810783848166465759e-02 6.090945564210414886e-03 4.389063268899917603e-02 7.933010160923004150e-02 2.237163297832012177e-02 4.086465388536453247e-02 1.512477733194828033e-02 3.798738494515419006e-02 7.964714430272579193e-03 2.938607893884181976e-02 2.900605648756027222e-02 1.606629416346549988e-02 3.776893019676208496e-02 9.729429148137569427e-03 1.129158772528171539e-02 2.421320229768753052e-02 3.395560011267662048e-02 2.995104528963565826e-02 1.168993487954139709e-02 7.149139884859323502e-03 2.576060034334659576e-02 4.268368333578109741e-02 1.166521199047565460e-02 3.413587436079978943e-02
2.048736661672592163e-01 4.558649659156799316e-01 3.213439136743545532e-02 3.605109453201293945e-02 1.039873994886875153e-02 8.423376828432083130e-02 2.807175554335117340e-02 3.510731458663940430e-02 2.923066169023513794e-02 1.821703277528285980e-02 1.099189966917037964e-01 3.106161206960678101e-02 1.018555834889411926e-01 1.178838033229112625e-02 7.565868552774190903e-03 4.409490898251533508e-02 3.465852513909339905e-02 1.488781906664371490e-02 4.731879010796546936e-02 2.491937205195426941e-02 3.769516199827194214e-02 6.822125054895877838e-03 1.017444301396608353e-02 1.120418682694435120e-02 1.231539715081453323e-02 1.833106949925422668e-02 2.378739789128303528e-02 2.103654853999614716e-02 3.351128101348876953e-02 1.918089203536510468e-02 9.122070856392383575e-03 4.774325713515281677e-02 4.145210236310958862e-02 3.500366583466529846e-02 6.754290778189897537e-03 1.701130159199237823e-02 4.480640403926372528e-03 4.440880194306373596e-02 1.536079496145248413e-02 4.408466070890426636e-02 1.659764349460601807e-02 3.723078221082687378e-02 4.116013273596763611e-02 4.415780305862426758e-02 4.248326644301414490e-02 3.555349260568618774e-02 2.524919249117374420e-02 9.068803861737251282e-03 4.115971177816390991e-02 1.165436767041683197e-02 3.915854264050722122e-03 4.446698818355798721e-03 2.039653435349464417e-02 1.841364614665508270e-02 3.732590749859809875e-02 3.657624125480651855e-02 2.603121567517518997e-03 2.095266059041023254e-02 1.916152983903884888e-02 2.183923206757754087e-04 1.732138916850090027e-02 4.948046058416366577e-02 1.264566835016012192e-02 5.551978573203086853e-02 5.427204445004463196e-02 6.301426142454147339e-02 4.623546823859214783e-02 4.018950089812278748e-02 1.873192004859447479e-02 1.345727592706680298e-02 2.221671864390373230e-02 4.767901077866554260e-02 4.070890322327613831e-02 2.513926848769187927e-02 1.044054236263036728e-02 1.407958939671516418e-02 4.577958956360816956e-02 2.320698276162147522e-02 4.059779457747936249e-03 4.694406315684318542e-02 2.056908234953880310e-02 9.825398214161396027e-03 4.174245055764913559e-03 2.744228579103946686e-03 1.575884781777858734e-02 4.322661831974983215e-02 1.219111494719982147e-02 1.715182140469551086e-02 2.053194493055343628e-02 4.410716891288757324e-02 9.292164444923400879e-02 4.365694522857666016e-02 4.105854406952857971e-02 2.714269235730171204e-02 3.928120434284210205e-02 5.451118573546409607e-02 4.919386934489011765e-03 8.089211769402027130e-04 4.323340207338333130e-02 1.381907053291797638e-02 4.207076877355575562e-02 2.574537321925163269e-02 1.917712017893791199e-02 4.156309366226196289e-02 3.752040117979049683e-02 9.898241609334945679e-03 3.783767297863960266e-02 7.110652513802051544e-03 4.574836045503616333e-02 1.371099962852895260e-03 2.919890545308589935e-02 3.778578713536262512e-02 3.111308254301548004e-02 1.346861012279987335e-02 1.003265660256147385e-02 3.012636676430702209e-02
3.797689825296401978e-02 3.213439136743545532e-02 4.548180103302001953e-01 4.235820379108190536e-03 9.483862668275833130e-03 9.467825293540954590e-03 2.189541980624198914e-02 1.213316768407821655e-01 6.929407361894845963e-03 3.502951934933662415e-02 5.490066483616828918e-02 3.849288821220397949e-02 2.906773984432220459e-02 4.264852404594421387e-02 3.113811649382114410e-02 8.431852911598980427e-04 7.911220192909240723e-03 4.421512410044670105e-02 5.819946527481079102e-03 4.564873874187469482e-02 3.221673518419265747e-02 1.789780519902706146e-02 1.952933520078659058e-02 4.318693652749061584e-03 5.271062254905700684e-03 3.788872808218002319e-02 3.442406281828880310e-02 3.112906590104103088e-02 2.085507288575172424e-02 3.008883818984031677e-02 1.389222219586372375e-02 1.643653027713298798e-02 2.350943535566329956e-02 2.669180743396282196e-02 2.322812564671039581e-02 7.343003060668706894e-03 2.844157442450523376e-02 1.532335951924324036e-02 3.855568915605545044e-02 1.387264858931303024e-02 1.106781978160142899e-02 9.073399007320404053e-03 1.756854727864265442e-02 5.438826233148574829e-02 1.373220980167388916e-02 1.435290323570370674e-04 2.487845905125141144e-02 3.551388159394264221e-02 5.144573375582695007e-02 4.235366359353065491e-02 2.880311384797096252e-02 4.222453013062477112e-02 3.375872969627380371e-02 1.514271367341279984e-02 4.290697723627090454e-02 4.327896237373352051e-02 4.262628033757209778e-02 9.862486273050308228e-03 2.056108973920345306e-02 3.375056758522987366e-02 1.837438158690929413e-02 2.423811145126819611e-02 1.313372142612934113e-02 2.747549116611480713e-02 1.554078795015811920e-02 5.208017304539680481e-02 9.919368661940097809e-03 3.579360619187355042e-02 2.237200178205966949e-02 4.739882797002792358e-02 7.646439131349325180e-03 1.403863169252872467e-02 3.782440721988677979e-02 2.304383181035518646e-02 4.538357630372047424e-02 2.186544425785541534e-02 3.998019173741340637e-02 1.635158061981201172e-02 1.983470065169967711e-05 4.750910773873329163e-02 1.601985096931457520e-01 1.421696692705154419e-01 4.263248667120933533e-02 2.375374548137187958e-03 9.541256353259086609e-03 4.837077111005783081e-03 5.371372401714324951e-02 9.123188257217407227e-02 9.082028642296791077e-03 6.057729842723347247e-05 4.550768807530403137e-02 1.680445112287998199e-02 3.581973537802696228e-02 8.716535568237304688e-02 1.023714523762464523e-02 5.040974169969558716e-02 1.986000128090381622e-02 4.236662015318870544e-02 3.443603590130805969e-02 4.226339235901832581e-02 4.811873077414929867e-04 2.622232958674430847e-02 4.164186306297779083e-03 1.772959344089031219e-02 2.771650813519954681e-02 2.141204103827476501e-02 7.748389989137649536e-02 1.151844952255487442e-02 2.352951094508171082e-03 2.897237427532672882e-03 2.845028229057788849e-02 2.466837875545024872e-03 2.939796447753906250e-02 1.014419365674257278e-02 1.193534396588802338e-02 3.644112870097160339e-02
2.376482822000980377e-02 3.605109453201293945e-02 4.235820379108190536e-03 4.612176716327667236e-01 1.645548492670059204e-01 1.164557412266731262e-02 1.998990401625633240e-02 3.061414696276187897e-02 4.562001302838325500e-02 4.321893304586410522e-02 2.192039415240287781e-02 1.470419811084866524e-03 1.643965207040309906e-02 8.390265516936779022e-03 5.421209707856178284e-02 3.632970154285430908e-02 1.525740884244441986e-02 1.710447669029235840e-02 4.447057098150253296e-02 5.008470267057418823e-02 2.293946035206317902e-02 3.022217005491256714e-02 7.644581794738769531e-02 6.231424212455749512e-02 3.983919322490692139e-02 3.241607174277305603e-02 5.122894421219825745e-02 3.546490520238876343e-02 3.162663429975509644e-02 5.056943744421005249e-03 3.157531376928091049e-03 5.802593380212783813e-02 2.404498681426048279e-02 2.774185501039028168e-02 4.397099465131759644e-02 2.899105427786707878e-03 2.649323642253875732e-02 2.081200666725635529e-02 2.268949523568153381e-02 1.181729044765233994e-02 1.066683139652013779e-02 3.835676982998847961e-02 3.326945006847381592e-02 8.642073720693588257e-03 4.170614853501319885e-02 3.046532720327377319e-02 2.995500899851322174e-02 9.448693017475306988e-04 2.695627510547637939e-02 2.236920036375522614e-02 7.278551161289215088e-02 2.569772768765687943e-03 1.767967268824577332e-02 3.450259193778038025e-02 1.004087552428245544e-02 3.017722070217132568e-02 4.704189300537109375e-02 5.025243386626243591e-02 4.820368811488151550e-02 2.682937122881412506e-02 3.466334193944931030e-02 7.932301610708236694e-03 2.827777899801731110e-02 2.302483655512332916e-02 3.843682631850242615e-02 5.566106643527746201e-03 5.237228423357009888e-02 1.269784173928201199e-03 3.160470165312290192e-03 4.997055977582931519e-03 2.852904796600341797e-02 2.446604892611503601e-03 1.170405074954032898e-01 1.992947049438953400e-02 1.027466356754302979e-01 2.180486731231212616e-02 2.773329801857471466e-02 2.364355884492397308e-02 3.089532442390918732e-02 3.861343953758478165e-03 1.696851849555969238e-02 1.437270268797874451e-02 5.634203180670738220e-02 5.882351100444793701e-02 3.811153396964073181e-02 3.575282171368598938e-02 5.039512366056442261e-02 6.157681811600923538e-03 1.489610411226749420e-02 1.650259271264076233e-02 4.292706493288278580e-03 2.853021584451198578e-02 4.103716462850570679e-03 7.115956395864486694e-03 1.958046294748783112e-02 2.369766123592853546e-02 1.022703573107719421e-02 1.354815065860748291e-02 1.758812181651592255e-02 3.627899661660194397e-02 1.653419621288776398e-02 3.493536636233329773e-02 6.532083731144666672e-03 6.652408838272094727e-02 1.482392661273479462e-02 1.058469992130994797e-02 5.133530125021934509e-03 4.893387109041213989e-02 4.120041057467460632e-02 1.113071106374263763e-02 2.079639956355094910e-02 2.412682026624679565e-02 1.570345088839530945e-02 2.250709943473339081e-02 1.232265494763851166e-02 3.250088915228843689e-02
1.124485116451978683e-02 1.039873994886875153e-02 9.483862668275833130e-03 1.645548492670059204e-01 4.632908999919891357e-01 2.833750098943710327e-02 2.651199139654636383e-02 5.226461961865425110e-02 4.471026733517646790e-02 2.277609519660472870e-02 4.901685565710067749e-02 9.318509837612509727e-04 2.279926463961601257e-02 3.218305995687842369e-03 4.041057080030441284e-02 2.862824685871601105e-02 2.562587708234786987e-02 1.210609101690351963e-03 5.955980345606803894e-02 2.055232413113117218e-02 5.259959027171134949e-02 5.597972776740789413e-03 3.023709356784820557e-02 1.854433305561542511e-02 3.095844201743602753e-02 2.697392925620079041e-02 3.084402531385421753e-02 1.230420265346765518e-02 2.683536708354949951e-02 3.033888898789882660e-02 3.902677819132804871e-02 4.965648800134658813e-02 3.819179534912109375e-02 8.144813473336398602e-04 2.086348133161664009e-03 4.616420250385999680e-03 2.089492976665496826e-02 7.055746857076883316e-03 6.026260927319526672e-02 7.443181425333023071e-02 5.245487554930150509e-04 4.088208079338073730e-02 1.086510252207517624e-02 3.885741345584392548e-03 3.221312537789344788e-02 1.800149679183959961e-02 1.383165922015905380e-02 2.225780626758933067e-03 2.916601859033107758e-02 1.724419184029102325e-02 3.472029790282249451e-02 1.742665283381938934e-02 1.065733004361391068e-02 1.013653911650180817e-02 9.639934636652469635e-03 3.297284618020057678e-02 5.354246869683265686e-02 7.037646137177944183e-03 1.956216990947723389e-02 2.661497518420219421e-02 4.298667237162590027e-02 4.050062224268913269e-02 4.390573129057884216e-02 4.537298902869224548e-02 5.526293069124221802e-02 5.567143484950065613e-02 5.174621194601058960e-02 3.140338882803916931e-02 1.445410214364528656e-02 1.097373571246862411e-02 1.839960366487503052e-02 4.448581021279096603e-03 1.007513403892517090e-01 1.352638471871614456e-02 9.188254177570343018e-02 2.111076749861240387e-02 4.571394622325897217e-02 3.816054901108145714e-03 1.516034826636314392e-02 3.625568747520446777e-02 2.820492535829544067e-02 1.653463207185268402e-02 4.423170164227485657e-02 8.226107805967330933e-02 4.608050361275672913e-02 3.032691404223442078e-02 5.415121093392372131e-02 7.112619932740926743e-03 8.596837520599365234e-03 2.967731282114982605e-02 2.122100815176963806e-02 2.345962822437286377e-02 1.868844963610172272e-02 7.130524143576622009e-03 2.365750074386596680e-02 4.054608568549156189e-02 1.402722555212676525e-03 1.897552423179149628e-02 1.846476644277572632e-02 2.673899382352828979e-02 9.471676312386989594e-03 1.573862507939338684e-02 1.382012479007244110e-02 5.478991940617561340e-02 1.470771431922912598e-02 5.925127491354942322e-02 4.802291281521320343e-03 2.483333647251129150e-02 2.827368304133415222e-02 7.861894369125366211e-02 2.902175858616828918e-02 7.805641740560531616e-03 2.157102338969707489e-03 4.547882825136184692e-02 4.530154168605804443e-02 6.413139402866363525e-02
8.990501612424850464e-02 8.423376828432083130e-02 9.467825293540954590e-03 1.164557412266731262e-02 2.833750098943710327e-02 4.719965755939483643e-01 1.976954042911529541e-01 2.192068286240100861e-02 6.444588769227266312e-03 3.288298472762107849e-02 4.823839664459228516e-02 3.010791167616844177e-02 4.288077354431152344e-02 6.363970786333084106e-02 3.456177562475204468e-02 3.525185957551002502e-02 2.349783666431903839e-02 1.068854704499244690e-02 3.489040583372116089e-02 4.231113567948341370e-02 2.121957205235958099e-02 6.653789430856704712e-03 4.373577237129211426e-02 3.112862445414066315e-02 3.521731495857238770e-02 2.074672468006610870e-02 1.585176773369312286e-02 3.570861369371414185e-02 2.212404645979404449e-02 1.246866025030612946e-02 1.159741822630167007e-02 4.380283504724502563e-02 3.961781412363052368e-02 2.615743875503540039e-02 2.218107320368289948e-02 3.080013766884803772e-02 4.404874145984649658e-02 3.209947049617767334e-02 2.142252959311008453e-02 2.466949820518493652e-02 3.674132376909255981e-02 2.034805901348590851e-02 4.516784101724624634e-02 2.133589936420321465e-03 1.786355301737785339e-02 2.054478786885738373e-02 1.929007768630981445e-01 1.110145673155784607e-01 3.865096718072891235e-03 4.258751124143600464e-02 1.179038919508457184e-02 5.428313836455345154e-02 1.237324532121419907e-02 3.130206838250160217e-02 7.836174336262047291e-04 1.684170775115489960e-02 2.197031490504741669e-02 3.161069750785827637e-02 3.881255630403757095e-03 1.651493646204471588e-02 1.048283744603395462e-02 1.987371966242790222e-02 7.816591300070285797e-03 3.881566226482391357e-02 3.376069292426109314e-02 4.573182668536901474e-03 1.682216115295886993e-02 5.107473582029342651e-03 2.642669156193733215e-02 1.477650925517082214e-02 3.387840837240219116e-02 1.693659834563732147e-02 5.007907748222351074e-02 3.191212937235832214e-02 2.795676700770854950e-02 3.492419794201850891e-02 6.926670204848051071e-03 1.943470723927021027e-02 3.671547397971153259e-02 4.303074628114700317e-02 3.168595954775810242e-02 1.772657851688563824e-03 2.225425792858004570e-03 2.590909972786903381e-02 6.415287405252456665e-02 3.662937879562377930e-02 2.685394510626792908e-02 3.022546693682670593e-02 2.143882587552070618e-02 3.760652616620063782e-02 1.010366156697273254e-01 1.787666790187358856e-02 7.952948659658432007e-02 3.504209592938423157e-02 2.739259414374828339e-02 4.316113516688346863e-02 2.728656120598316193e-02 2.378842607140541077e-02 2.822037972509860992e-02 1.061115413904190063e-02 5.657284706830978394e-02 2.499015443027019501e-02 3.223231807351112366e-02 1.509935967624187469e-02 3.713465109467506409e-02 3.923393785953521729e-02 7.995057851076126099e-03 2.515034191310405731e-02 1.719272136688232422e-02 1.196063123643398285e-02 3.364981710910797119e-02 4.495704546570777893e-02 2.967423759400844574e-02 2.048374444711953402e-04 1.750212162733078003e-02 3.018356114625930786e-02
2.942518331110477448e-02 2.807175554335117340e-02 2.189541980624198914e-02 1.998990401625633240e-02 2.651199139654636383e-02 1.976954042911529541e-01 4.676806330680847168e-01 2.738618990406394005e-03 9.547410532832145691e-03 3.342549130320549011e-02 3.555619344115257263e-02 1.857421128079295158e-03 2.273908816277980804e-02 4.095050320029258728e-02 4.273568466305732727e-02 2.873608656227588654e-02 7.934102788567543030e-03 2.791512012481689453e-02 3.481424227356910706e-02 7.888157851994037628e-03 1.817838847637176514e-02 2.743572555482387543e-02 3.975828737020492554e-02 2.128977142274379730e-02 4.001151025295257568e-02 8.650378324091434479e-03 2.005549333989620209e-02 5.535829439759254456e-02 3.877717256546020508e-02 3.972883895039558411e-02 1.177809759974479675e-02 4.169149696826934814e-02 3.883545845746994019e-02 3.249080851674079895e-02 5.135287996381521225e-03 2.731383964419364929e-02 2.459030039608478546e-02 9.219624102115631104e-03 2.669925801455974579e-02 3.492976352572441101e-02 2.753880806267261505e-02 4.215817153453826904e-02 4.040731117129325867e-02 1.973536983132362366e-02 1.435360778123140335e-02 4.718796908855438232e-02 1.980454176664352417e-01 1.518837809562683105e-01 9.602660313248634338e-03 2.725934609770774841e-04 1.758080348372459412e-02 2.735246531665325165e-02 1.515553239732980728e-02 2.089621685445308685e-02 2.013495378196239471e-02 7.387969642877578735e-03 3.050573542714118958e-02 2.646159566938877106e-02 6.585767492651939392e-03 1.521761436015367508e-02 2.029117010533809662e-02 4.274298623204231262e-02 3.260448575019836426e-03 4.599276557564735413e-02 2.744849212467670441e-02 1.757237501442432404e-02 6.523581105284392834e-04 3.200489096343517303e-03 2.507414855062961578e-02 4.153476655483245850e-02 2.684291824698448181e-02 3.052954794839024544e-03 2.386530861258506775e-02 4.339724034070968628e-02 1.853151805698871613e-02 2.621172182261943817e-02 3.354102745652198792e-02 5.377240944653749466e-03 2.940601110458374023e-02 2.616425044834613800e-02 3.897291421890258789e-02 3.858848940581083298e-03 4.704969748854637146e-02 4.833826422691345215e-02 4.108073189854621887e-02 1.474193576723337173e-02 1.331567391753196716e-02 2.365216799080371857e-02 2.451494894921779633e-02 3.680613264441490173e-02 6.630831956863403320e-02 4.839668516069650650e-03 8.556523919105529785e-02 4.131297767162322998e-02 2.146201394498348236e-02 3.080980107188224792e-02 3.766001760959625244e-02 1.506847422569990158e-02 2.722344361245632172e-02 3.525184700265526772e-03 5.882563814520835876e-02 3.392453491687774658e-02 5.108287557959556580e-02 1.731517910957336426e-02 2.788851596415042877e-02 1.355758775025606155e-02 2.906792610883712769e-02 3.731837205123156309e-04 1.664162613451480865e-02 5.752331111580133438e-03 3.593799844384193420e-02 4.794290661811828613e-02 5.076498910784721375e-02 2.679243683815002441e-02 4.592778626829385757e-03 1.846990548074245453e-02
3.613547980785369873e-02 3.510731458663940430e-02 1.213316768407821655e-01 3.061414696276187897e-02 5.226461961865425110e-02 2.192068286240100861e-02 2.738618990406394005e-03 4.686939120292663574e-01 4.927085340023040771e-02 6.015581893734633923e-04 1.729565300047397614e-02 3.646954521536827087e-02 1.221745554357767105e-02 3.985685855150222778e-02 6.158789619803428650e-02 5.205208063125610352e-02 2.936029434204101562e-02 4.412544518709182739e-02 2.949739247560501099e-02 3.910426795482635498e-02 3.316395450383424759e-03 7.488141767680644989e-03 1.793675869703292847e-02 1.691978424787521362e-02 1.998017169535160065e-02 3.596718236804008484e-02 2.343556657433509827e-02 4.216545075178146362e-02 5.631430819630622864e-02 2.806250937283039093e-02 2.047816105186939240e-02 3.019070252776145935e-02 3.766365814954042435e-03 3.082208102568984032e-03 2.660840936005115509e-02 3.890423104166984558e-02 2.373807504773139954e-02 3.887636587023735046e-02 6.858074106276035309e-03 5.427478998899459839e-02 2.565810456871986389e-02 2.566055022180080414e-02 1.407586969435214996e-02 7.739705964922904968e-03 4.538814723491668701e-02 1.829142123460769653e-02 9.407498873770236969e-03 3.835447877645492554e-02 3.182520158588886261e-03 1.006810460239648819e-02 1.363350357860326767e-02 1.466775313019752502e-02 5.918086040765047073e-03 1.475446950644254684e-02 6.813554791733622551e-04 4.402453079819679260e-03 4.063686728477478027e-02 2.136117219924926758e-02 1.725149899721145630e-02 2.330536954104900360e-02 5.247869342565536499e-02 3.022723598405718803e-03 2.282206341624259949e-02 3.085126914083957672e-02 4.901169799268245697e-03 2.638340368866920471e-02 4.892530851066112518e-03 2.432843297719955444e-02 1.332461647689342499e-02 2.701894566416740417e-02 4.312258958816528320e-02 2.001309394836425781e-02 2.389579452574253082e-02 2.741363644599914551e-02 2.857515355572104454e-03 4.244873672723770142e-02 1.063288561999797821e-02 1.447207294404506683e-02 1.489623333327472210e-03 2.227825671434402466e-02 1.412286758422851562e-01 1.229976788163185120e-01 3.740026056766510010e-02 1.832582987844944000e-02 4.430749639868736267e-02 3.969543799757957458e-02 1.201389506459236145e-01 1.313127875328063965e-01 2.956641092896461487e-02 4.417007416486740112e-02 6.314178463071584702e-03 1.267707534134387970e-02 4.506458714604377747e-02 7.439258694648742676e-02 1.736812107264995575e-02 9.480184875428676605e-03 2.005471102893352509e-02 1.085925940424203873e-02 3.434350341558456421e-02 3.047268651425838470e-02 4.026767238974571228e-02 1.016135513782501221e-02 7.047981023788452148e-03 3.269245475530624390e-02 5.056115612387657166e-02 1.603312417864799500e-02 1.836042664945125580e-02 4.255048558115959167e-02 5.732842721045017242e-03 2.584734745323657990e-02 5.671541392803192139e-02 2.576246112585067749e-02 8.860819973051548004e-03 3.428431600332260132e-02 4.151478409767150879e-02 2.363553456962108612e-02
3.614256531000137329e-02 2.923066169023513794e-02 6.929407361894845963e-03 4.562001302838325500e-02 4.471026733517646790e-02 6.444588769227266312e-03 9.547410532832145691e-03 4.927085340023040771e-02 4.666871428489685059e-01 9.555755555629730225e-02 9.457824751734733582e-03 4.748650640249252319e-02 6.158047821372747421e-03 3.013116121292114258e-02 3.726985678076744080e-02 5.432393401861190796e-02 4.092006012797355652e-02 8.146098256111145020e-02 1.053319871425628662e-02 1.721884869039058685e-02 4.082623403519392014e-03 3.469456732273101807e-02 1.132416538894176483e-02 5.077799782156944275e-02 6.266907602548599243e-02 9.781828150153160095e-03 2.834535762667655945e-02 1.429783832281827927e-02 4.757193103432655334e-02 9.929674677550792694e-03 2.464522235095500946e-02 2.344884164631366730e-02 1.909442245960235596e-02 4.652647674083709717e-02 3.071335330605506897e-02 4.574385285377502441e-02 1.064899726770818233e-03 3.223253414034843445e-02 4.490607604384422302e-02 4.284130036830902100e-02 3.483792766928672791e-02 2.645169198513031006e-02 5.595637485384941101e-04 2.241169475018978119e-02 2.174850180745124817e-02 9.856332093477249146e-03 1.791122555732727051e-02 4.494857043027877808e-02 1.735105924308300018e-02 8.834796026349067688e-03 2.257856354117393494e-02 2.659375406801700592e-02 5.092431604862213135e-02 1.920399256050586700e-03 9.319627285003662109e-02 1.674379408359527588e-02 3.232011198997497559e-02 2.585628628730773926e-02 2.669901773333549500e-02 1.638398040086030960e-03 5.516997724771499634e-02 1.944714807905256748e-03 1.573883928358554840e-02 1.794773899018764496e-02 3.890821710228919983e-02 4.604124277830123901e-02 2.875203453004360199e-02 2.221354655921459198e-02 8.892102539539337158e-02 2.647057734429836273e-02 3.895100206136703491e-02 4.650085791945457458e-02 4.340813308954238892e-02 7.146590389311313629e-03 4.789858311414718628e-02 4.273112118244171143e-02 1.394931972026824951e-01 6.003374606370925903e-02 1.761901937425136566e-02 3.560568764805793762e-02 2.636470459401607513e-02 3.893024055287241936e-03 6.764211505651473999e-02 3.197190910577774048e-02 1.075550075620412827e-02 3.706059604883193970e-02 2.448811940848827362e-02 4.636004101485013962e-03 6.127468124032020569e-02 1.532474160194396973e-02 5.024010688066482544e-02 4.430416971445083618e-02 3.432282060384750366e-02 2.711975947022438049e-02 4.439776763319969177e-02 2.187051624059677124e-02 4.498739168047904968e-02 1.211260259151458740e-02 5.257811769843101501e-02 4.963240772485733032e-02 9.055738896131515503e-02 1.992375589907169342e-02 3.361185267567634583e-02 2.636844106018543243e-02 4.415082558989524841e-02 4.348684102296829224e-02 2.260075695812702179e-02 3.929308801889419556e-02 1.103699486702680588e-02 4.969351738691329956e-02 2.368821389973163605e-02 5.519093945622444153e-02 3.225742280483245850e-02 5.847464129328727722e-02 1.536750141531229019e-02 3.342266008257865906e-02
2.378701232373714447e-02 1.821703277528285980e-02 3.502951934933662415e-02 4.321893304586410522e-02 2.277609519660472870e-02 3.288298472762107849e-02 3.342549130320549011e-02 6.015581893734633923e-04 9.555755555629730225e-02 4.570618569850921631e-01 2.235864289104938507e-02 2.377312444150447845e-02 3.154847398400306702e-02 2.331315167248249054e-02 3.500141203403472900e-02 1.587385497987270355e-02 4.860972613096237183e-02 2.766585210338234901e-03 6.591299176216125488e-02 1.959896832704544067e-02 1.610156148672103882e-02 2.493620663881301880e-02 2.105097472667694092e-02 5.183227732777595520e-02 3.594422340393066406e-02 4.333287850022315979e-02 3.004640154540538788e-02 1.161773316562175751e-02 2.715329267084598541e-02 5.845222622156143188e-03 5.820957012474536896e-03 6.999869365245103836e-03 1.871286309324204922e-03 8.787505212239921093e-04 2.726484322920441628e-03 2.963287569582462311e-02 4.949396103620529175e-02 1.714516989886760712e-02 4.280292242765426636e-02 1.781733823008835316e-03 3.434613719582557678e-02 3.979929897468537092e-04 3.147554770112037659e-02 2.155996114015579224e-02 4.316686466336250305e-02 1.031210273504257202e-02 2.159567736089229584e-02 2.749711088836193085e-02 3.497917950153350830e-02 7.979902625083923340e-02 1.777541451156139374e-02 2.064142934978008270e-02 2.434976398944854736e-02 1.966550573706626892e-02 4.509768914431333542e-03 5.687513574957847595e-02 5.855883657932281494e-02 5.003195255994796753e-02 3.914405778050422668e-02 3.196673467755317688e-02 2.412160858511924744e-02 2.580176293849945068e-02 4.817948117852210999e-02 4.362608492374420166e-02 1.193634350784122944e-03 3.616596758365631104e-02 1.898101344704627991e-02 3.398290649056434631e-02 6.631714105606079102e-02 3.475198149681091309e-02 9.887354820966720581e-02 1.998340710997581482e-02 2.723514102399349213e-02 1.704268716275691986e-02 2.047199057415127754e-03 2.126370556652545929e-03 8.060678839683532715e-02 1.793864518404006958e-01 4.404650256037712097e-02 7.920676469802856445e-02 3.613249212503433228e-02 4.480850324034690857e-02 1.672997139394283295e-02 6.730631738901138306e-02 3.816324844956398010e-02 1.287077367305755615e-02 6.972466595470905304e-03 2.417117357254028320e-03 2.956163696944713593e-02 4.733961820602416992e-02 1.370424777269363403e-02 3.719912096858024597e-02 1.932892575860023499e-02 6.168453022837638855e-03 1.952280104160308838e-02 1.580196805298328400e-02 3.632345795631408691e-02 5.556399747729301453e-02 2.309618704020977020e-02 1.164185814559459686e-02 4.949375055730342865e-03 3.254368156194686890e-02 3.192968666553497314e-02 1.922432333230972290e-02 3.990355134010314941e-02 2.879777178168296814e-02 2.846634201705455780e-02 2.528973855078220367e-03 3.672080347314476967e-03 6.519767455756664276e-03 5.112907849252223969e-03 4.320681467652320862e-02 1.246957015246152878e-02 7.798320148140192032e-03 3.059247136116027832e-02 3.407486900687217712e-02
1.244065761566162109e-01 1.099189966917037964e-01 5.490066483616828918e-02 2.192039415240287781e-02 4.901685565710067749e-02 4.823839664459228516e-02 3.555619344115257263e-02 1.729565300047397614e-02 9.457824751734733582e-03 2.235864289104938507e-02 4.676236510276794434e-01 2.074364013969898224e-02 1.345412582159042358e-01 7.141871610656380653e-04 8.075594156980514526e-02 4.181001707911491394e-02 4.518331214785575867e-02 2.539964206516742706e-02 7.063258439302444458e-03 2.705961652100086212e-02 3.102898411452770233e-02 9.989232756197452545e-03 7.397633511573076248e-03 3.888776153326034546e-02 2.261245250701904297e-02 2.521873265504837036e-02 3.736660256981849670e-02 3.395031020045280457e-02 8.495896309614181519e-02 4.175362735986709595e-02 3.045009262859821320e-02 4.476752597838640213e-03 2.632704377174377441e-02 4.254898428916931152e-02 8.690314367413520813e-03 3.824337199330329895e-02 2.080125175416469574e-02 1.866693049669265747e-02 3.949344158172607422e-02 2.851306460797786713e-02 2.719916775822639465e-02 3.169336356222629547e-03 3.236723318696022034e-02 3.334103152155876160e-02 2.131502702832221985e-02 1.565965637564659119e-02 1.912373304367065430e-02 3.306230530142784119e-02 4.859742242842912674e-03 3.094212152063846588e-02 3.338444232940673828e-02 2.121645258739590645e-03 7.829008973203599453e-04 1.837137527763843536e-02 1.985034160315990448e-02 1.043601147830486298e-02 5.685428902506828308e-02 1.454467792063951492e-02 1.855059899389743805e-02 9.620100259780883789e-03 1.535563077777624130e-02 2.697898633778095245e-02 4.897079616785049438e-02 1.617592014372348785e-02 8.413034677505493164e-02 2.784319221973419189e-02 7.045101374387741089e-03 5.110156536102294922e-02 4.270425066351890564e-03 2.086362801492214203e-03 4.257357865571975708e-02 4.597412049770355225e-02 4.197031632065773010e-02 4.200376942753791809e-02 1.299710106104612350e-02 4.183398187160491943e-02 2.144522964954376221e-02 4.670498147606849670e-02 3.910648822784423828e-02 8.738412521779537201e-03 1.153667271137237549e-02 1.631282269954681396e-03 1.568852737545967102e-02 4.407999664545059204e-02 1.535395998507738113e-02 2.111349720507860184e-03 3.952531144022941589e-02 2.323833480477333069e-02 2.840506285429000854e-02 2.666762284934520721e-02 4.755050316452980042e-02 4.661719501018524170e-02 3.194148838520050049e-02 3.394950926303863525e-02 1.515873242169618607e-02 1.126596145331859589e-02 1.014565397053956985e-02 2.077576890587806702e-02 3.035552054643630981e-02 5.556266382336616516e-02 3.995727747678756714e-02 3.774001449346542358e-02 5.196788907051086426e-02 1.667631790041923523e-02 4.511997476220130920e-02 1.052854210138320923e-02 7.614295929670333862e-03 4.355116561055183411e-02 3.910387307405471802e-02 1.716765202581882477e-02 2.413302659988403320e-02 2.120442502200603485e-02 7.165334536693990231e-04 3.574113175272941589e-02 2.597966603934764862e-02 1.562240067869424820e-02
1.051624305546283722e-02 3.106161206960678101e-02 3.849288821220397949e-02 1.470419811084866524e-03 9.318509837612509727e-04 3.010791167616844177e-02 1.857421128079295158e-03 3.646954521536827087e-02 4.748650640249252319e-02 2.377312444150447845e-02 2.074364013969898224e-02 4.568111002445220947e-01 3.447446599602699280e-02 1.755587905645370483e-01 1.216287910938262939e-02 1.643137820065021515e-02 1.831922121345996857e-02 1.974428631365299225e-02 3.184112533926963806e-02 3.063233755528926849e-02 6.781545467674732208e-03 4.546564444899559021e-02 4.278552532196044922e-02 5.103960633277893066e-02 1.104625687003135681e-02 4.169915616512298584e-02 2.739823237061500549e-02 4.936098679900169373e-02 1.042051892727613449e-02 3.990130871534347534e-02 1.788079552352428436e-02 5.250866338610649109e-02 4.393884167075157166e-02 2.272460237145423889e-02 3.711002320051193237e-02 3.112501092255115509e-02 2.456279180478304625e-04 4.974344000220298767e-02 4.927182570099830627e-02 2.973797917366027832e-02 3.661016747355461121e-02 4.273258149623870850e-02 2.111235260963439941e-02 3.538313880562782288e-02 6.837500631809234619e-02 3.328052908182144165e-02 1.840113103389739990e-02 2.672434411942958832e-02 1.458184514194726944e-02 5.625854060053825378e-02 5.982954055070877075e-03 4.905498027801513672e-02 9.629148058593273163e-03 8.916001766920089722e-03 1.379123516380786896e-02 2.329412102699279785e-02 2.754792012274265289e-02 3.023015707731246948e-02 3.848190233111381531e-02 3.252537176012992859e-02 4.723305813968181610e-03 4.139666631817817688e-02 1.867164857685565948e-02 2.593818493187427521e-02 2.609663084149360657e-02 2.271323464810848236e-02 3.654040023684501648e-02 1.079104002565145493e-02 3.521560132503509521e-02 2.052523940801620483e-02 1.385027449578046799e-02 1.098072715103626251e-02 3.201410919427871704e-02 1.444871420972049236e-03 3.449485450983047485e-02 2.493966184556484222e-02 5.673960782587528229e-03 3.916701301932334900e-02 1.538597047328948975e-02 4.158886149525642395e-03 1.994301006197929382e-02 2.608459617476910353e-04 4.249592870473861694e-02 1.396149955689907074e-02 3.046639263629913330e-02 7.086409628391265869e-02 2.062396518886089325e-02 1.895425654947757721e-02 6.330154836177825928e-02 9.960500150918960571e-02 5.485653504729270935e-02 4.068961739540100098e-02 3.020421415567398071e-02 3.788181394338607788e-02 5.003106966614723206e-02 1.600530557334423065e-02 2.467540279030799866e-02 3.037821874022483826e-02 1.418599952012300491e-02 2.183077158406376839e-03 2.822204679250717163e-02 3.878904739394783974e-03 1.617198996245861053e-02 4.372540861368179321e-02 4.670217260718345642e-02 1.781739480793476105e-02 3.505553305149078369e-02 5.031465739011764526e-02 3.050627931952476501e-02 7.743104360997676849e-03 1.342478580772876740e-02 3.109306655824184418e-02 3.231090027838945389e-03 3.378663212060928345e-02 1.265004184097051620e-02 5.490127485245466232e-03
8.717811852693557739e-02 1.018555834889411926e-01 2.906773984432220459e-02 1.643965207040309906e-02 2.279926463961601257e-02 4.288077354431152344e-02 2.273908816277980804e-02 1.221745554357767105e-02 6.158047821372747421e-03 3.154847398400306702e-02 1.345412582159042358e-01 3.447446599602699280e-02 4.550249576568603516e-01 1.222831290215253830e-02 6.573870778083801270e-02 2.292013377882540226e-04 3.784288465976715088e-02 5.919152870774269104e-02 3.706965222954750061e-02 1.837136596441268921e-02 4.452643543481826782e-02 2.898178622126579285e-02 3.132399544119834900e-02 8.564646355807781219e-03 4.120780155062675476e-02 1.000773999840021133e-02 2.137302653864026070e-03 5.230822414159774780e-02 4.555421322584152222e-02 3.462274372577667236e-02 3.750248253345489502e-02 1.006672251969575882e-02 4.262880980968475342e-02 4.804561287164688110e-02 3.426672145724296570e-02 3.300740569829940796e-02 4.527144134044647217e-02 2.834079414606094360e-02 4.374003782868385315e-02 1.043457537889480591e-03 1.711679808795452118e-02 1.169348694384098053e-02 2.353138843318447471e-04 3.568927943706512451e-02 1.203370839357376099e-02 5.118430778384208679e-02 2.254507318139076233e-02 3.809580346569418907e-03 1.008045976050198078e-03 2.060631290078163147e-02 1.700385659933090210e-02 3.605350106954574585e-02 2.914923988282680511e-02 3.619222715497016907e-02 1.734062097966670990e-02 2.031496725976467133e-02 2.954170852899551392e-02 2.166120149195194244e-02 5.404823273420333862e-02 1.880710013210773468e-02 2.505510859191417694e-02 1.219050900544971228e-04 3.032659925520420074e-02 1.496327482163906097e-02 2.895202860236167908e-02 5.677299946546554565e-02 1.540382206439971924e-02 2.654966153204441071e-02 3.289712220430374146e-02 1.524182874709367752e-02 3.632253780961036682e-02 2.607679925858974457e-02 7.559306686744093895e-05 4.923767223954200745e-02 4.904213175177574158e-02 1.052581891417503357e-02 5.199678614735603333e-02 4.456354305148124695e-02 1.205290295183658600e-02 2.011108584702014923e-02 1.667802594602108002e-02 8.352822624146938324e-03 6.738588213920593262e-02 1.455950550734996796e-02 2.207631710916757584e-03 8.294672705233097076e-03 3.394738072529435158e-03 5.239490792155265808e-02 6.023793481290340424e-03 1.673567853868007660e-02 5.285759270191192627e-02 2.467666752636432648e-02 2.614638395607471466e-02 2.343711070716381073e-02 3.885696455836296082e-02 1.345438510179519653e-02 4.110392183065414429e-02 5.801721941679716110e-03 5.660795420408248901e-02 5.361611396074295044e-02 2.389941178262233734e-02 1.142500340938568115e-02 2.608379907906055450e-02 3.703546896576881409e-02 4.184925183653831482e-02 2.531911246478557587e-02 3.839869052171707153e-02 4.513999819755554199e-02 4.305978119373321533e-02 8.343873545527458191e-03 1.017617527395486832e-02 1.784674241207540035e-03 2.924983622506260872e-03 4.587490856647491455e-02 3.837197273969650269e-02 3.652742877602577209e-02
