4.734515845775604248e-01 1.709534376859664917e-01 5.280190147459506989e-03 1.458386518061161041e-02 1.985136605799198151e-02 1.052107512950897217e-01 5.979876592755317688e-02 3.020844608545303345e-02 7.329003419727087021e-03 1.496989279985427856e-02 1.173888519406318665e-01 2.286866679787635803e-02 4.153341799974441528e-02 3.130481019616127014e-02 6.208186969161033630e-02 5.218582227826118469e-02 6.127765402197837830e-02 3.816933184862136841e-02 3.397503867745399475e-02 4.022490233182907104e-03 8.460270240902900696e-03 2.993860282003879547e-02 1.316372212022542953e-02 4.674739018082618713e-02 4.763449728488922119e-02 4.582417011260986328e-02 1.675594970583915710e-02 2.050684764981269836e-02 3.486181609332561493e-03 2.982399240136146545e-02 4.729720763862133026e-03 2.124616503715515137e-02 2.139635197818279266e-02 1.146358903497457504e-02 3.862299025058746338e-02 1.978782564401626587e-02 5.410913378000259399e-02 3.697457164525985718e-02 3.768222406506538391e-02 4.225507378578186035e-02 3.283534198999404907e-02 3.991824574768543243e-03 9.553693234920501709e-03 4.036241676658391953e-03 3.210790827870368958e-02 4.981726408004760742e-02 7.476457208395004272e-02 4.487098753452301025e-02 4.733292385935783386e-02 3.642198443412780762e-02 4.223456233739852905e-02 1.331979408860206604e-02 1.972004771232604980e-02 1.548886857926845551e-02 3.212725743651390076e-02 5.299345031380653381e-02 3.649259358644485474e-02 2.148464880883693695e-02 3.680175915360450745e-02 1.410362892784178257e-03 3.235729411244392395e-02 1.128645334392786026e-02 3.045335784554481506e-02 2.269797585904598236e-02 2.153246849775314331e-02 3.399651730433106422e-03 2.439707890152931213e-02 4.280311986804008484e-02 8.564915333408862352e-05 3.563506295904517174e-03 1.215315423905849457e-03 2.385921590030193329e-02 3.688952326774597168e-02 1.797470822930335999e-02 4.144033044576644897e-02 5.233237519860267639e-03 1.743617281317710876e-02 3.170954808592796326e-02 6.045415997505187988e-03 3.399267047643661499e-02 2.959439158439636230e-02 4.284568503499031067e-02 2.185629308223724365e-02 3.767232224345207214e-02 9.899474680423736572e-03 1.241440232843160629e-02 1.637550443410873413e-02 1.194032933562994003e-02 1.209872774779796600e-03 2.916230447590351105e-02 6.022177985869348049e-04 4.546629264950752258e-02 2.363178320229053497e-02 4.003538563847541809e-02 1.301443856209516525e-02 1.864321529865264893e-02 1.158626377582550049e-02 4.198846220970153809e-02 2.934599108994007111e-02 3.509473428130149841e-02 7.391157094389200211e-03 3.706167265772819519e-02 3.529356047511100769e-02 3.374585136771202087e-02 3.006921336054801941e-02 4.174663498997688293e-02 1.364918658509850502e-03 2.809325978159904480e-02 3.179714782163500786e-03 4.530844464898109436e-02 5.255704279989004135e-03 5.369096528738737106e-03 7.890644483268260956e-03 5.373631045222282410e-02 4.383694380521774292e-03 1.992626301944255829e-02
1.709534376859664917e-01 4.869256615638732910e-01 1.521499454975128174e-02 3.358746692538261414e-02 4.284316301345825195e-02 1.076956912875175476e-01 1.180546507239341736e-01 4.907373338937759399e-02 4.953765869140625000e-02 4.090848378837108612e-03 2.710913680493831635e-02 1.924008503556251526e-02 1.339200288057327271e-01 7.068174332380294800e-02 4.319147765636444092e-02 3.258654475212097168e-02 5.206910520792007446e-02 3.040685877203941345e-02 1.917085610330104828e-02 1.480047032237052917e-02 8.725321094971150160e-05 2.021563798189163208e-02 2.190039493143558502e-02 5.354745313525199890e-02 3.788090497255325317e-02 4.638778418302536011e-02 1.891167089343070984e-02 8.284095674753189087e-03 4.059004411101341248e-02 3.873056918382644653e-02 1.698923297226428986e-03 5.372439324855804443e-02 2.297737076878547668e-02 3.563669696450233459e-02 1.276594959199428558e-02 5.375164560973644257e-03 3.785800188779830933e-02 1.351377367973327637e-02 1.444045826792716980e-02 2.940829470753669739e-02 2.532636933028697968e-02 2.289895154535770416e-02 1.809818111360073090e-02 3.743444755673408508e-02 4.041522741317749023e-02 2.845931611955165863e-02 2.321318536996841431e-02 5.552877858281135559e-02 1.306287292391061783e-02 2.061317674815654755e-02 3.248675912618637085e-02 8.736199699342250824e-03 1.797766424715518951e-02 7.245013955980539322e-03 4.947647452354431152e-02 2.242887392640113831e-03 3.458719700574874878e-02 7.245696149766445160e-03 4.646110162138938904e-02 1.741485483944416046e-02 1.075782440602779388e-02 3.956180065870285034e-02 1.895470544695854187e-02 8.235966786742210388e-03 9.339455515146255493e-03 4.313873872160911560e-02 2.995707094669342041e-02 4.163078591227531433e-02 1.120825298130512238e-02 6.113484967499971390e-03 4.548065364360809326e-02 3.074886836111545563e-02 4.786974564194679260e-02 3.393077524378895760e-03 2.432047948241233826e-02 2.010433934628963470e-02 5.615270882844924927e-02 1.722139492630958557e-02 3.270109742879867554e-02 2.993210777640342712e-02 5.523443594574928284e-02 8.122141007333993912e-04 2.243549190461635590e-02 4.647153615951538086e-02 2.163053117692470551e-02 1.134302094578742981e-02 2.687619766220450401e-03 3.223075997084379196e-03 3.911376465111970901e-03 4.447763785719871521e-02 4.790385439991950989e-02 3.064388036727905273e-02 1.498147845268249512e-02 3.706369549036026001e-02 4.674680065363645554e-03 1.763978414237499237e-02 3.727065399289131165e-02 2.238963730633258820e-02 5.173858255147933960e-02 3.128540143370628357e-02 1.860081963241100311e-02 2.672650851309299469e-02 1.615475304424762726e-02 3.277305513620376587e-02 3.886448964476585388e-02 1.081622485071420670e-02 4.383997060358524323e-03 4.667533561587333679e-02 1.784708909690380096e-02 7.138235378079116344e-04 2.282147482037544250e-02 1.976316422224044800e-02 9.322706609964370728e-03 1.060332451015710831e-02 2.271366305649280548e-02 3.655289486050605774e-02
5.280190147459506989e-03 1.521499454975128174e-02 4.557349681854248047e-01 9.828302077949047089e-03 6.226755212992429733e-03 3.041443880647420883e-03 4.507998377084732056e-02 1.770875751972198486e-01 8.415376767516136169e-03 3.194220736622810364e-02 1.450504455715417862e-02 1.112776529043912888e-02 2.299430407583713531e-02 3.121555037796497345e-02 4.617484658956527710e-02 1.701222732663154602e-02 8.562425151467323303e-03 2.642281539738178253e-02 5.324648693203926086e-03 2.763732895255088806e-02 3.358984598889946938e-03 1.424170378595590591e-02 1.212624832987785339e-02 1.908280886709690094e-03 2.521786466240882874e-02 2.287703752517700195e-02 5.297735799103975296e-03 1.474450714886188507e-02 9.508918970823287964e-03 1.754963025450706482e-02 3.413603454828262329e-02 3.580904379487037659e-02 6.158074364066123962e-03 1.765639707446098328e-02 3.481578081846237183e-02 2.457717247307300568e-02 3.792555257678031921e-02 6.071785930544137955e-03 2.603668160736560822e-02 1.350798457860946655e-02 5.230489000678062439e-02 2.352608926594257355e-02 2.218073420226573944e-02 2.250524796545505524e-02 3.387850150465965271e-02 2.188039757311344147e-02 4.570835456252098083e-02 1.048288028687238693e-02 9.005051106214523315e-03 1.662398688495159149e-02 2.749811112880706787e-02 3.457051888108253479e-02 5.052420869469642639e-02 4.776532296091318130e-03 1.421918068081140518e-02 3.603100031614303589e-02 8.860666304826736450e-03 2.650930359959602356e-02 3.388388454914093018e-02 2.309453114867210388e-02 1.060597784817218781e-02 2.187123149633407593e-02 3.760895133018493652e-02 1.769727654755115509e-02 1.843783445656299591e-02 3.672249242663383484e-02 3.268554061651229858e-02 5.343880970031023026e-03 4.176194593310356140e-02 1.787329651415348053e-02 4.079616069793701172e-02 2.679438621271401644e-04 3.343103826045989990e-02 2.312794560566544533e-03 2.657136134803295135e-02 9.053121320903301239e-03 2.904670080170035362e-03 9.729058481752872467e-03 2.267754822969436646e-02 8.130135014653205872e-03 2.145589888095855713e-01 1.082080006599426270e-01 2.268715016543865204e-02 2.089039981365203857e-02 1.501953694969415665e-02 4.725373163819313049e-02 4.138497635722160339e-02 2.435475122183561325e-03 2.371731959283351898e-02 2.504497021436691284e-02 3.359236195683479309e-02 2.819377370178699493e-02 4.134718701243400574e-02 2.981755882501602173e-02 3.716215118765830994e-02 2.565152756869792938e-02 1.428489945828914642e-02 1.661454327404499054e-02 1.247884705662727356e-03 2.916725166141986847e-02 3.880128031596541405e-03 1.284639071673154831e-02 3.683476522564888000e-02 1.542522944509983063e-02 1.650124602019786835e-02 3.622882068157196045e-02 6.786583364009857178e-02 2.387309819459915161e-02 4.055940359830856323e-02 2.031292393803596497e-02 1.726872660219669342e-02 1.512297801673412323e-02 5.920717492699623108e-02 4.931546747684478760e-02 1.066688261926174164e-02 1.160080265253782272e-02
1.458386518061161041e-02 3.358746692538261414e-02 9.828302077949047089e-03 4.910839200019836426e-01 1.431095600128173828e-01 5.815909802913665771e-02 8.381720632314682007e-03 3.620771691203117371e-02 4.658667370676994324e-02 7.504061609506607056e-02 3.927177935838699341e-02 1.331012323498725891e-02 3.555357456207275391e-02 3.017076663672924042e-02 1.547243446111679077e-02 3.896032646298408508e-02 4.702275618910789490e-02 5.282316729426383972e-02 4.242035374045372009e-02 2.708215080201625824e-02 3.435000777244567871e-02 1.061283424496650696e-02 2.615839801728725433e-02 3.818080946803092957e-02 1.158338133245706558e-02 8.117550052702426910e-03 1.686364784836769104e-02 4.685125499963760376e-02 5.651632789522409439e-03 4.642773419618606567e-02 2.455283328890800476e-02 3.326075151562690735e-02 1.302611548453569412e-02 3.108139894902706146e-02 3.108561038970947266e-02 2.630124054849147797e-02 9.142395108938217163e-03 4.680939391255378723e-02 2.047129534184932709e-02 1.785648986697196960e-02 8.361412212252616882e-03 1.475950423628091812e-02 8.652227930724620819e-03 3.924884274601936340e-02 6.112552713602781296e-03 6.258946377784013748e-03 5.219150707125663757e-02 9.179556742310523987e-03 4.807370156049728394e-02 5.148950964212417603e-03 2.198524400591850281e-02 9.636322967708110809e-03 2.212339639663696289e-02 2.257985807955265045e-02 2.132192021235823631e-03 3.340536728501319885e-02 2.258741483092308044e-02 2.199142053723335266e-02 2.287511341273784637e-02 1.244555134326219559e-02 6.218788027763366699e-02 4.103119485080242157e-03 8.916489034891128540e-02 2.049195952713489532e-02 3.051828034222126007e-02 3.212653473019599915e-02 2.536758407950401306e-02 2.091235853731632233e-02 5.948439240455627441e-03 2.769907191395759583e-02 5.380543321371078491e-02 4.610873758792877197e-02 1.161466613411903381e-01 1.637340337038040161e-02 9.401283413171768188e-02 2.008118666708469391e-02 3.212460130453109741e-02 3.791417554020881653e-02 4.428702592849731445e-02 3.544806316494941711e-02 4.604537785053253174e-02 1.350148487836122513e-02 1.543511822819709778e-02 6.314454227685928345e-02 2.092915214598178864e-02 3.030859516002237797e-04 1.847040839493274689e-03 4.448769614100456238e-02 4.726338014006614685e-02 1.321651414036750793e-02 1.982922867682646029e-06 6.887651979923248291e-03 9.609876200556755066e-03 1.968162320554256439e-02 2.260331064462661743e-02 2.267701551318168640e-02 3.152513876557350159e-02 5.042053386569023132e-02 3.426493331789970398e-02 1.706201769411563873e-02 5.355193093419075012e-02 4.600454866886138916e-02 2.776708453893661499e-02 2.983052097260951996e-02 1.302167074754834175e-03 2.293608896434307098e-02 1.241629797732457519e-04 2.915937639772891998e-02 4.208871163427829742e-03 1.720680668950080872e-02 1.903225481510162354e-02 2.197898738086223602e-02 4.587136954069137573e-02 1.088888384401798248e-02 8.042737841606140137e-03 1.940003782510757446e-02
1.985136605799198151e-02 4.284316301345825195e-02 6.226755212992429733e-03 1.431095600128173828e-01 4.860819876194000244e-01 2.468384057283401489e-02 4.643779247999191284e-03 6.384018808603286743e-02 3.901832178235054016e-02 6.093039736151695251e-02 3.211476653814315796e-02 1.750568114221096039e-02 3.591025993227958679e-02 6.720357574522495270e-03 4.919056314975023270e-03 4.830285161733627319e-02 3.568071871995925903e-02 3.505453839898109436e-02 4.625618830323219299e-02 4.469306021928787231e-02 4.023035988211631775e-02 7.812278810888528824e-03 5.300942063331604004e-02 1.265683583915233612e-02 2.069811103865504265e-03 4.431971162557601929e-02 1.155592594295740128e-02 4.710303619503974915e-02 3.410391509532928467e-03 6.535476446151733398e-02 1.501845940947532654e-02 1.785511709749698639e-02 3.227151930332183838e-02 3.525552898645401001e-02 1.216208934783935547e-02 5.357740074396133423e-02 1.223680446855723858e-03 2.901395410299301147e-02 1.544470060616731644e-02 1.421113498508930206e-02 1.112733408808708191e-02 3.071106597781181335e-02 1.721597649157047272e-02 1.530338916927576065e-02 7.131060119718313217e-03 2.476576250046491623e-03 1.236543431878089905e-02 4.421758279204368591e-02 2.403068728744983673e-02 8.443165570497512817e-03 2.757170796394348145e-02 4.099160432815551758e-04 1.432609185576438904e-02 3.091518534347414970e-03 4.619957413524389267e-03 1.970111206173896790e-02 1.472480408847332001e-02 3.951881453394889832e-02 2.722136490046977997e-02 8.899632957763969898e-04 7.403923571109771729e-02 2.444538054987788200e-03 9.656544774770736694e-02 2.324435114860534668e-02 2.646345086395740509e-02 5.726712942123413086e-02 2.965755201876163483e-02 1.828209124505519867e-02 2.311780117452144623e-02 2.578613162040710449e-02 3.356548026204109192e-02 5.519177392125129700e-02 9.905238449573516846e-02 2.776446193456649780e-02 9.751204401254653931e-02 2.802525460720062256e-02 5.282436311244964600e-02 2.061364799737930298e-02 1.663959771394729614e-02 6.872478872537612915e-02 2.579138241708278656e-02 1.621998474001884460e-02 7.714425679296255112e-03 2.661451511085033417e-02 7.237910293042659760e-03 1.132760569453239441e-02 5.501453299075365067e-03 6.022773683071136475e-02 3.221762925386428833e-02 3.454490751028060913e-02 1.525651384145021439e-02 1.118693780153989792e-02 9.536551311612129211e-03 2.552271261811256409e-02 3.331248462200164795e-02 2.303355932235717773e-02 5.303633585572242737e-02 3.881224617362022400e-02 3.239152953028678894e-02 1.530993729829788208e-02 4.134480655193328857e-02 3.480124473571777344e-02 2.535852976143360138e-02 3.854743018746376038e-02 1.547317486256361008e-02 3.255728632211685181e-02 1.361758820712566376e-02 2.126883529126644135e-02 2.544201724231243134e-02 1.227580849081277847e-02 3.639098629355430603e-02 2.845886535942554474e-02 5.264156311750411987e-02 3.825312713161110878e-03 2.738143131136894226e-02 3.643846139311790466e-02
1.052107512950897217e-01 1.076956912875175476e-01 3.041443880647420883e-03 5.815909802913665771e-02 2.468384057283401489e-02 4.881898164749145508e-01 1.592173129320144653e-01 3.553988039493560791e-02 4.655426368117332458e-03 9.873035363852977753e-03 4.715695232152938843e-02 6.386626511812210083e-02 1.564041711390018463e-03 8.430539071559906006e-02 4.603415727615356445e-02 4.267795756459236145e-02 3.997719287872314453e-02 4.324308782815933228e-02 2.946115471422672272e-02 4.180407151579856873e-02 5.137848854064941406e-02 3.499260544776916504e-02 2.873891405761241913e-02 4.738721624016761780e-02 2.572565106675028801e-03 1.100234873592853546e-02 2.872148156166076660e-02 2.884837565943598747e-03 7.196995615959167480e-02 3.240638412535190582e-03 5.370751768350601196e-02 4.731706529855728149e-02 3.087696153670549393e-03 4.504878446459770203e-02 2.935461513698101044e-02 1.437860261648893356e-02 2.970698522403836250e-03 2.334958873689174652e-02 2.597739174962043762e-02 4.207476228475570679e-02 1.622510259039700031e-03 2.880376763641834259e-03 8.407618850469589233e-03 9.545306675136089325e-03 2.548942901194095612e-02 1.609020307660102844e-02 1.405680924654006958e-01 7.966019958257675171e-02 2.705480437725782394e-04 2.723750099539756775e-02 2.120403386652469635e-02 3.521945700049400330e-02 3.212033957242965698e-02 1.263499818742275238e-02 1.348311360925436020e-02 1.191481016576290131e-02 4.200589656829833984e-02 1.478179357945919037e-02 3.845341131091117859e-02 4.091028124094009399e-02 1.995519362390041351e-02 2.258476428687572479e-02 1.209859922528266907e-02 2.851908467710018158e-02 3.209538012742996216e-02 3.702547401189804077e-03 3.040076605975627899e-02 4.650475084781646729e-02 3.807027358561754227e-03 1.677695848047733307e-02 5.442461371421813965e-02 1.313889026641845703e-02 2.146279253065586090e-02 3.593761101365089417e-02 1.185011398047208786e-02 3.419756144285202026e-02 2.780914679169654846e-02 2.526287175714969635e-02 1.497813616879284382e-03 1.699543558061122894e-03 1.337065082043409348e-02 3.979758173227310181e-02 4.134469851851463318e-02 1.338861789554357529e-02 2.925684116780757904e-02 1.282972935587167740e-02 4.889731481671333313e-02 3.688570857048034668e-02 2.802811190485954285e-02 6.453899294137954712e-02 3.250543773174285889e-02 2.109017409384250641e-02 1.714323274791240692e-02 3.296670690178871155e-02 1.120243873447179794e-02 3.967019915580749512e-02 3.457010164856910706e-02 1.581868901848793030e-02 5.090774223208427429e-02 3.119064122438430786e-02 2.740725874900817871e-02 3.011131286621093750e-02 3.409805521368980408e-02 1.200810633599758148e-02 2.973262965679168701e-02 3.443749621510505676e-02 8.905622176826000214e-03 4.602472484111785889e-02 6.794830784201622009e-03 1.287711434997618198e-03 1.791192963719367981e-02 1.172958035022020340e-02 1.352300681173801422e-02 2.340992167592048645e-02 6.476474460214376450e-03 6.060053128749132156e-03
5.979876592755317688e-02 1.180546507239341736e-01 4.507998377084732056e-02 8.381720632314682007e-03 4.643779247999191284e-03 1.592173129320144653e-01 4.968601465225219727e-01 1.088598946807906032e-04 2.375121042132377625e-02 4.167351126670837402e-02 2.261301688849925995e-02 2.053279429674148560e-02 5.328245460987091064e-02 8.090774714946746826e-02 5.030858889222145081e-02 2.225433103740215302e-02 2.322281524538993835e-02 1.610153913497924805e-02 3.815612569451332092e-02 3.547172248363494873e-02 1.744760200381278992e-02 3.465238958597183228e-02 3.690825775265693665e-02 4.753916338086128235e-02 1.536014210432767868e-02 8.262134157121181488e-03 2.937132492661476135e-02 2.754517458379268646e-02 3.467231616377830505e-02 3.497413918375968933e-02 1.060773152858018875e-02 5.116315558552742004e-02 5.958212539553642273e-03 1.733658462762832642e-02 3.624168783426284790e-02 1.931553706526756287e-02 4.889213945716619492e-03 1.603608578443527222e-02 2.426963299512863159e-02 1.459694560617208481e-02 1.448956411331892014e-02 1.475657615810632706e-02 1.269538328051567078e-02 2.376592718064785004e-02 1.815486885607242584e-02 3.681947290897369385e-02 1.283220350742340088e-01 1.363402307033538818e-01 6.246643024496734142e-04 3.909010812640190125e-02 4.008963704109191895e-02 3.516309708356857300e-02 5.218297988176345825e-02 4.605348408222198486e-02 4.716748371720314026e-02 1.461657788604497910e-02 1.919629424810409546e-02 4.626109823584556580e-02 5.137019325047731400e-03 1.599081791937351227e-02 3.259717673063278198e-02 4.281595349311828613e-02 3.315287083387374878e-02 2.365812472999095917e-02 2.889494411647319794e-02 1.045046374201774597e-02 3.435363993048667908e-02 3.921055421233177185e-02 2.913143485784530640e-02 2.802478335797786713e-02 3.741726279258728027e-02 8.623158559203147888e-03 3.081063739955425262e-02 2.124109119176864624e-02 5.864778906106948853e-02 1.073866244405508041e-02 2.004702016711235046e-02 6.120155006647109985e-02 5.156954284757375717e-03 3.798514604568481445e-02 2.034334000200033188e-03 4.011762887239456177e-02 2.902485989034175873e-02 4.368951078504323959e-03 1.662309281527996063e-02 2.972454763948917389e-02 3.344076126813888550e-02 4.015894979238510132e-02 1.337035465985536575e-02 1.730233244597911835e-02 5.907473713159561157e-02 4.003409668803215027e-02 4.358579218387603760e-02 4.761704429984092712e-02 1.146795693784952164e-02 4.185442999005317688e-02 1.890736259520053864e-02 1.460955757647752762e-02 4.941106960177421570e-02 2.908894605934619904e-02 4.042096808552742004e-02 1.679933816194534302e-02 9.666247642599046230e-04 3.578395023941993713e-02 3.285086154937744141e-02 3.246607258915901184e-02 3.782856464385986328e-02 3.591005876660346985e-02 1.959466375410556793e-02 1.726008206605911255e-02 3.448419738560914993e-03 1.016815099865198135e-02 1.522862818092107773e-02 1.212604623287916183e-02 8.850222453474998474e-03 4.124873131513595581e-02
3.020844608545303345e-02 4.907373338937759399e-02 1.770875751972198486e-01 3.620771691203117371e-02 6.384018808603286743e-02 3.553988039493560791e-02 1.088598946807906032e-04 4.724069237709045410e-01 2.486242912709712982e-02 1.685866527259349823e-02 2.069452591240406036e-02 4.229372367262840271e-02 1.096464227885007858e-02 4.363741725683212280e-03 1.249674409627914429e-01 2.003027498722076416e-02 2.314461953938007355e-02 2.554159983992576599e-02 1.142993336543440819e-03 4.464908689260482788e-02 3.089634887874126434e-02 8.313640020787715912e-03 1.803200505673885345e-02 5.808053072541952133e-03 1.082314550876617432e-02 3.407061100006103516e-02 8.722299709916114807e-03 1.171609107404947281e-02 4.316453356295824051e-03 5.818691104650497437e-03 1.102505251765251160e-02 5.323879048228263855e-02 9.024677798151969910e-03 2.621474675834178925e-02 4.167101532220840454e-02 2.961607091128826141e-02 3.916521742939949036e-02 4.407965391874313354e-02 2.097913064062595367e-03 3.316489979624748230e-02 4.908343777060508728e-02 2.390163252130150795e-03 4.464142769575119019e-02 9.784488007426261902e-03 7.640492171049118042e-03 1.707351766526699066e-02 2.721510641276836395e-02 2.963536046445369720e-02 3.892620280385017395e-02 2.906423527747392654e-03 3.377328440546989441e-02 3.630812838673591614e-02 2.182258293032646179e-02 1.681711338460445404e-02 9.141482412815093994e-03 1.715133339166641235e-02 1.482960954308509827e-02 2.744028717279434204e-02 3.413060912862420082e-03 2.342723123729228973e-02 2.750938571989536285e-02 3.660944849252700806e-02 5.658144131302833557e-03 3.069563210010528564e-02 3.570161061361432076e-03 1.015738025307655334e-02 3.983350470662117004e-02 2.910293266177177429e-02 4.349445458501577377e-03 3.474690392613410950e-02 4.500310122966766357e-02 1.856395415961742401e-02 1.205401029437780380e-02 1.821611821651458740e-02 3.614486008882522583e-02 1.772179640829563141e-02 1.999961677938699722e-03 2.617888152599334717e-02 2.603570185601711273e-02 1.893894933164119720e-02 1.543993651866912842e-01 1.240007430315017700e-01 3.491053357720375061e-02 3.350842371582984924e-02 6.942872423678636551e-03 1.424596551805734634e-02 8.250253647565841675e-02 4.064507409930229187e-02 3.242226690053939819e-02 2.865265682339668274e-02 3.983876481652259827e-02 2.412788337096571922e-03 3.883744776248931885e-02 3.737458214163780212e-02 1.961800083518028259e-02 9.282999671995639801e-03 3.257864713668823242e-02 3.922942094504833221e-03 3.893866017460823059e-02 4.796802997589111328e-02 8.216729387640953064e-03 1.615044288337230682e-02 2.242009900510311127e-02 3.386960364878177643e-03 2.191176079213619232e-02 6.384797859936952591e-03 2.060796134173870087e-03 2.794837579131126404e-02 5.817939341068267822e-02 4.737982153892517090e-02 2.523667924106121063e-02 2.098625525832176208e-03 2.195857837796211243e-02 1.232620235532522202e-02 1.921140961349010468e-02 2.313329093158245087e-02
7.329003419727087021e-03 4.953765869140625000e-02 8.415376767516136169e-03 4.658667370676994324e-02 3.901832178235054016e-02 4.655426368117332458e-03 2.375121042132377625e-02 2.486242912709712982e-02 4.919168949127197266e-01 5.964393541216850281e-02 2.064950764179229736e-02 1.731161214411258698e-02 3.075078129768371582e-02 1.482282020151615143e-02 4.470511898398399353e-02 7.322879508137702942e-03 5.238338373601436615e-03 1.041752621531486511e-01 8.059130609035491943e-02 5.367171019315719604e-02 3.233782574534416199e-02 1.000600773841142654e-02 3.381897509098052979e-02 8.369190618395805359e-03 3.137142211198806763e-02 2.749209478497505188e-02 2.434276603162288666e-02 5.346466600894927979e-02 4.311629384756088257e-02 2.651853859424591064e-02 3.149227797985076904e-02 1.258922368288040161e-02 1.833738945424556732e-02 4.520339518785476685e-02 1.347177010029554367e-02 1.882692682556807995e-03 4.645550996065139771e-02 2.074664644896984100e-02 1.378210075199604034e-02 3.710285946726799011e-02 9.799546562135219574e-03 8.006621152162551880e-02 7.469038479030132294e-03 3.890471532940864563e-03 2.332394570112228394e-02 3.995830938220024109e-02 2.502602990716695786e-03 1.991325989365577698e-02 6.089613586664199829e-02 3.645060351118445396e-03 2.155457437038421631e-02 2.064303681254386902e-02 1.195648033171892166e-02 4.386124759912490845e-02 7.762425392866134644e-02 4.323913156986236572e-02 5.891408771276473999e-03 5.241048336029052734e-02 1.934411562979221344e-02 3.475923463702201843e-02 2.056651562452316284e-02 3.823449835181236267e-03 4.951362684369087219e-02 4.097084328532218933e-02 2.168357186019420624e-02 2.360839210450649261e-02 4.452136158943176270e-02 3.629624471068382263e-02 4.132443666458129883e-02 5.991509929299354553e-02 2.816160395741462708e-02 6.002955883741378784e-02 4.338822886347770691e-02 5.421511083841323853e-02 4.426366090774536133e-02 6.096736714243888855e-02 1.648697108030319214e-01 3.459896892309188843e-02 1.573633700609207153e-01 1.004151906818151474e-02 8.959466591477394104e-03 2.312930673360824585e-02 7.746588438749313354e-02 8.141237311065196991e-03 1.736547239124774933e-02 5.344795808196067810e-02 4.416887462139129639e-02 2.705597132444381714e-02 6.961323320865631104e-02 5.782938096672296524e-03 3.843723237514495850e-02 8.703494444489479065e-03 4.074260592460632324e-02 2.132988907396793365e-02 1.060174778103828430e-02 1.204821188002824783e-02 3.257731348276138306e-02 9.024963527917861938e-02 8.624020218849182129e-02 4.317374899983406067e-03 3.094833344221115112e-03 3.014942072331905365e-02 4.112272057682275772e-03 3.143150731921195984e-02 4.680845886468887329e-02 2.329097129404544830e-02 1.491114962846040726e-02 1.757482625544071198e-02 4.864174872636795044e-03 1.290888339281082153e-02 2.977583557367324829e-02 3.592493012547492981e-02 6.085802335292100906e-03 2.190741337835788727e-02 1.061114575713872910e-02 4.715524986386299133e-02
1.496989279985427856e-02 4.090848378837108612e-03 3.194220736622810364e-02 7.504061609506607056e-02 6.093039736151695251e-02 9.873035363852977753e-03 4.167351126670837402e-02 1.685866527259349823e-02 5.964393541216850281e-02 4.871249198913574219e-01 5.856942851096391678e-03 6.308013200759887695e-02 2.960809879004955292e-02 1.095263846218585968e-02 2.895106747746467590e-02 1.656829565763473511e-02 5.874554160982370377e-03 6.171891465783119202e-02 4.541746154427528381e-02 2.855440601706504822e-02 5.263843387365341187e-02 3.677493333816528320e-02 1.143169589340686798e-02 6.185530498623847961e-02 2.102536894381046295e-02 2.208171412348747253e-02 2.994557842612266541e-02 8.872921578586101532e-03 2.162813022732734680e-02 2.372918184846639633e-03 4.071150720119476318e-02 5.323861539363861084e-02 1.101449970155954361e-02 5.371464649215340614e-04 3.519519418478012085e-02 5.127093568444252014e-02 1.652786508202552795e-02 1.922833546996116638e-02 1.151216588914394379e-02 4.427494853734970093e-02 8.979124948382377625e-03 2.125907316803932190e-02 3.673408553004264832e-02 4.013854265213012695e-02 2.434294298291206360e-02 2.852519601583480835e-02 5.272022448480129242e-03 1.303378958255052567e-03 2.967234887182712555e-02 6.218802183866500854e-02 3.999175876379013062e-02 3.089153952896595001e-02 2.220181934535503387e-02 2.569361776113510132e-02 3.778709843754768372e-02 3.385362029075622559e-02 3.628056263551115990e-03 5.214045941829681396e-02 4.169984534382820129e-02 1.985926926136016846e-02 3.958047181367874146e-02 1.687343046069145203e-02 9.155434556305408478e-03 8.775250054895877838e-03 2.230952121317386627e-02 1.330695860087871552e-02 3.147117048501968384e-02 5.861915647983551025e-02 4.772723466157913208e-02 2.026499062776565552e-02 1.762768020853400230e-03 5.580612644553184509e-02 4.199794307351112366e-02 2.738020569086074829e-02 4.112631455063819885e-02 2.069832943379878998e-02 1.112417411059141159e-02 1.567495614290237427e-01 4.829683899879455566e-02 1.129990220069885254e-01 1.352667459286749363e-03 1.089213229715824127e-02 3.392438963055610657e-02 8.504054695367813110e-02 1.628833264112472534e-02 4.564590752124786377e-02 9.672633372247219086e-03 1.214193995110690594e-03 2.094240859150886536e-02 5.394852906465530396e-02 4.857622832059860229e-02 6.298633757978677750e-03 3.791488334536552429e-02 4.701405763626098633e-02 4.056394100189208984e-02 3.652045130729675293e-02 5.480318516492843628e-02 1.704216748476028442e-02 1.831400208175182343e-02 1.531607098877429962e-02 3.186974674463272095e-02 1.587558188475668430e-03 4.769233614206314087e-02 2.448689751327037811e-02 1.827060803771018982e-02 6.104409229010343552e-03 1.363219320774078369e-02 1.578962802886962891e-02 3.369236737489700317e-02 2.929634973406791687e-02 3.549988940358161926e-02 1.414387766271829605e-02 2.382688224315643311e-02 5.548975989222526550e-02 3.609042242169380188e-02 2.760890126228332520e-02
1.173888519406318665e-01 2.710913680493831635e-02 1.450504455715417862e-02 3.927177935838699341e-02 3.211476653814315796e-02 4.715695232152938843e-02 2.261301688849925995e-02 2.069452591240406036e-02 2.064950764179229736e-02 5.856942851096391678e-03 4.716585576534271240e-01 3.086183592677116394e-02 7.842770218849182129e-02 4.789032414555549622e-02 8.338281512260437012e-02 1.962190121412277222e-02 2.154351957142353058e-02 1.727522909641265869e-02 2.557728998363018036e-02 2.378736808896064758e-02 2.207545377314090729e-02 4.878158867359161377e-02 1.230776193551719189e-03 1.306646224111318588e-02 8.280109614133834839e-04 1.391784381121397018e-02 1.572794653475284576e-02 2.885952591896057129e-03 2.681312337517738342e-02 4.821446724236011505e-03 1.853081583976745605e-02 1.799049042165279388e-02 2.291171438992023468e-02 2.041350491344928741e-02 3.361826017498970032e-02 2.936429576948285103e-03 2.258482947945594788e-02 3.015564382076263428e-02 4.511586204171180725e-02 3.916964679956436157e-02 3.012587502598762512e-02 2.568864962086081505e-03 1.278707571327686310e-02 4.052772372961044312e-02 1.098166313022375107e-02 7.872403599321842194e-03 3.947596624493598938e-02 3.294380009174346924e-02 1.473198551684617996e-02 2.032840251922607422e-02 3.530888631939888000e-02 9.957120753824710846e-03 2.673813700675964355e-02 9.515339508652687073e-03 4.183441027998924255e-02 3.897267207503318787e-02 4.397622123360633850e-02 6.886292248964309692e-03 1.335210446268320084e-02 2.860348671674728394e-02 5.131892859935760498e-02 2.536478452384471893e-02 4.397555440664291382e-02 3.903956711292266846e-02 2.199195558205246925e-03 2.315761893987655640e-02 2.452280186116695404e-02 3.630907740443944931e-03 1.557220611721277237e-02 2.394220093265175819e-03 2.608131617307662964e-02 4.500224068760871887e-02 5.336917936801910400e-02 5.473492201417684555e-03 4.686088114976882935e-02 4.023556411266326904e-02 1.407387573271989822e-02 8.498414419591426849e-03 1.192672085016965866e-02 3.917964641004800797e-03 4.642178118228912354e-02 1.418338157236576080e-03 4.295627400279045105e-02 4.196374118328094482e-02 2.835057675838470459e-02 2.322688326239585876e-02 4.296637699007987976e-02 2.741618081927299500e-02 3.126538544893264771e-02 4.850544035434722900e-02 8.075094968080520630e-02 1.566003821790218353e-02 4.990012943744659424e-02 2.087557688355445862e-02 2.496784925460815430e-02 1.339968014508485794e-02 1.305581349879503250e-02 4.545000195503234863e-02 8.600397035479545593e-03 1.715502142906188965e-02 4.510265961289405823e-02 2.638917183503508568e-03 1.104175299406051636e-02 2.670232206583023071e-02 1.753282919526100159e-02 1.007663737982511520e-02 3.696452453732490540e-02 2.728407829999923706e-02 1.811419054865837097e-02 7.920964621007442474e-03 3.686210885643959045e-02 1.852330565452575684e-02 5.650021135807037354e-03 2.662786096334457397e-02 5.294132605195045471e-02 1.327031757682561874e-03
2.286866679787635803e-02 1.924008503556251526e-02 1.112776529043912888e-02 1.331012323498725891e-02 1.750568114221096039e-02 6.386626511812210083e-02 2.053279429674148560e-02 4.229372367262840271e-02 1.731161214411258698e-02 6.308013200759887695e-02 3.086183592677116394e-02 4.858051240444183350e-01 2.687694691121578217e-02 1.191675588488578796e-01 2.066532382741570473e-03 3.470776230096817017e-02 5.243028327822685242e-02 1.961488276720046997e-03 1.756957918405532837e-02 1.088718185201287270e-03 1.072377990931272507e-02 4.754788428544998169e-02 5.891228467226028442e-02 3.972730785608291626e-02 5.852960050106048584e-03 1.782708987593650818e-02 4.764679446816444397e-02 8.166948705911636353e-02 2.409038506448268890e-02 4.822978377342224121e-02 2.377023361623287201e-02 1.376427803188562393e-02 4.485324770212173462e-02 2.592178806662559509e-02 1.299430336803197861e-02 4.839658271521329880e-03 2.980482764542102814e-02 3.612535446882247925e-02 1.916293054819107056e-02 1.997162215411663055e-02 2.538960427045822144e-03 1.974567025899887085e-02 1.714368723332881927e-02 3.896794095635414124e-02 4.348820075392723083e-02 8.639009669423103333e-03 3.640588745474815369e-02 2.524908259510993958e-02 6.378349848091602325e-03 1.106366980820894241e-02 2.482520788908004761e-02 7.500815391540527344e-02 1.062453445047140121e-02 2.338101694476790726e-06 4.372694715857505798e-02 8.219739422202110291e-03 1.925446093082427979e-02 3.231554757803678513e-03 1.130174659192562103e-02 1.193327084183692932e-02 4.812534898519515991e-02 3.172348067164421082e-02 6.446356419473886490e-03 2.411360153928399086e-03 4.780185595154762268e-02 2.816019020974636078e-02 1.067961659282445908e-02 2.659580111503601074e-02 2.305957861244678497e-02 9.139908477663993835e-03 2.586879394948482513e-02 1.756105758249759674e-02 5.036336183547973633e-02 3.074310533702373505e-02 2.977309934794902802e-02 5.415605381131172180e-02 2.653500530868768692e-03 1.549547258764505386e-02 1.253925915807485580e-02 5.852087959647178650e-02 4.293828830122947693e-02 5.394552368670701981e-03 5.046496167778968811e-02 3.158200159668922424e-02 2.476194873452186584e-02 3.615850210189819336e-02 1.115765608847141266e-02 3.762569278478622437e-02 4.400600865483283997e-02 5.758640915155410767e-02 2.643976733088493347e-02 5.027030408382415771e-02 9.969333186745643616e-03 8.178802207112312317e-03 3.012235090136528015e-02 5.386426672339439392e-02 1.681906916201114655e-02 7.789821363985538483e-03 1.775613613426685333e-02 4.808988422155380249e-03 4.475530609488487244e-02 3.880435973405838013e-02 1.739603467285633087e-02 1.949370466172695160e-02 9.727181866765022278e-03 3.681914880871772766e-02 3.834069147706031799e-02 5.610657483339309692e-02 5.181761831045150757e-02 4.043932259082794189e-02 2.295796945691108704e-02 1.372940372675657272e-02 5.692782346159219742e-03 1.444201450794935226e-02 2.298655360937118530e-02 3.202787414193153381e-02
4.153341799974441528e-02 1.339200288057327271e-01 2.299430407583713531e-02 3.555357456207275391e-02 3.591025993227958679e-02 1.564041711390018463e-03 5.328245460987091064e-02 1.096464227885007858e-02 3.075078129768371582e-02 2.960809879004955292e-02 7.842770218849182129e-02 2.687694691121578217e-02 4.816262423992156982e-01 3.309882013127207756e-03 9.894594550132751465e-02 1.970070041716098785e-02 2.606130577623844147e-02 8.965146727859973907e-03 3.697859868407249451e-02 7.458799518644809723e-03 3.239829465746879578e-02 9.115030616521835327e-02 2.850322751328349113e-03 3.145753638818860054e-03 2.243686839938163757e-02 4.554172977805137634e-03 2.194401808083057404e-02 1.573935709893703461e-02 4.627504572272300720e-02 1.291080471128225327e-02 1.252463087439537048e-02 1.377453934401273727e-02 6.400040537118911743e-02 8.356562815606594086e-03 1.173464208841323853e-02 7.922809454612433910e-04 7.742163259536027908e-03 4.156683012843132019e-02 2.488642185926437378e-02 8.242101408541202545e-03 3.979550674557685852e-02 1.677501015365123749e-02 4.846348240971565247e-02 2.018699422478675842e-02 3.047665581107139587e-02 4.843721538782119751e-02 3.553483262658119202e-02 2.552033215761184692e-02 4.604026675224304199e-02 3.915271162986755371e-02 1.044751051813364029e-02 1.692925579845905304e-02 2.453285083174705505e-02 1.339168194681406021e-02 1.023894548416137695e-02 2.863773331046104431e-02 3.588283807039260864e-02 1.326323486864566803e-02 1.168096344918012619e-02 2.150765247642993927e-02 9.472399018704891205e-03 1.370816398411989212e-02 3.754809126257896423e-02 2.488405257463455200e-02 2.065512910485267639e-02 4.238115623593330383e-02 1.140339765697717667e-03 1.906079426407814026e-02 2.279872447252273560e-02 5.154407769441604614e-02 1.830139942467212677e-02 2.947825938463211060e-02 5.555415526032447815e-02 4.164614528417587280e-02 4.061637818813323975e-02 4.010272398591041565e-02 2.237367257475852966e-02 2.475018799304962158e-02 4.222219064831733704e-02 2.901425212621688843e-02 6.695298012346029282e-03 5.985685810446739197e-02 3.130098059773445129e-02 3.364465013146400452e-02 1.235291361808776855e-02 1.850688084959983826e-02 5.325811356306076050e-02 8.512253314256668091e-02 2.475095726549625397e-02 1.948677748441696167e-02 2.072124183177947998e-02 5.582701414823532104e-02 3.333298861980438232e-02 3.687379136681556702e-02 1.308937557041645050e-02 3.016423992812633514e-02 2.126447856426239014e-03 4.091773182153701782e-02 2.091481536626815796e-02 2.367712184786796570e-02 4.037459939718246460e-02 7.932944223284721375e-03 1.882541365921497345e-02 1.017610356211662292e-02 1.924689672887325287e-02 1.746692880988121033e-02 4.023251309990882874e-02 4.588505998253822327e-02 9.370233863592147827e-03 5.027440935373306274e-02 1.346942875534296036e-02 3.037601476535201073e-03 3.340806439518928528e-02 4.857711866497993469e-02 1.713122054934501648e-02 5.467753112316131592e-02
