5.129621028900146484e-01 1.124834343791007996e-01 1.054779160767793655e-02 1.295255031436681747e-02 3.163279592990875244e-02 1.050920262932777405e-01 8.605478703975677490e-02 4.171735048294067383e-02 4.645304754376411438e-02 9.161330759525299072e-03 9.096421301364898682e-02 2.680106461048126221e-02 7.459899038076400757e-02 3.879418596625328064e-02 2.090741693973541260e-02 1.118510123342275620e-02 2.849855227395892143e-03 2.040406316518783569e-02 2.428354462608695030e-03 3.534841164946556091e-02 2.710022591054439545e-02 6.555239111185073853e-02 2.248519472777843475e-02 2.820566855370998383e-02 2.327458234503865242e-03 9.568792767822742462e-03 2.678222022950649261e-02 4.149823263287544250e-02 4.918318986892700195e-02 3.363237529993057251e-02 1.856299058999866247e-04 7.391445687972009182e-04 2.643832191824913025e-02 2.505959011614322662e-02 2.650577947497367859e-02 2.473490871489048004e-02 5.267121642827987671e-02 2.204103022813796997e-02 2.048734202980995178e-02 2.097077481448650360e-02 3.679546061903238297e-03 4.600498452782630920e-02 2.037137188017368317e-02 2.930799126625061035e-02 4.968487098813056946e-02 5.138298124074935913e-02 6.085354089736938477e-02 1.221694611012935638e-02 1.451518386602401733e-03 4.150308668613433838e-02 3.661502152681350708e-02 1.198492944240570068e-02 3.876087814569473267e-02 1.547192689031362534e-02 4.112805053591728210e-02 3.277156129479408264e-02 5.109867081046104431e-02 1.567196287214756012e-02 2.573459595441818237e-02 6.783837918192148209e-03 1.260116323828697205e-02 5.663449876010417938e-03 1.697837561368942261e-02 4.355772957205772400e-02 3.603802993893623352e-02 3.990417718887329102e-02 4.972178488969802856e-02 7.977624423801898956e-03 1.355847250670194626e-02 2.956904657185077667e-02 2.495366521179676056e-02 1.060358993709087372e-02 3.884107992053031921e-02 1.585074700415134430e-02 3.082575509324669838e-03 1.630687527358531952e-02 9.332227520644664764e-03 2.623757533729076385e-02 5.046925693750381470e-02 1.583204232156276703e-02 3.932836651802062988e-02 5.086161941289901733e-02 2.357941307127475739e-02 1.172788441181182861e-02 2.833300456404685974e-02 3.687547519803047180e-02 5.133334780111908913e-04 2.268050052225589752e-02 2.447509579360485077e-02 4.642348736524581909e-02 1.074399147182703018e-02 3.821631660684943199e-03 6.097678560763597488e-03 1.938282512128353119e-02 2.767387218773365021e-02 2.301809005439281464e-02 6.620888132601976395e-03 1.718562841415405273e-02 3.049392066895961761e-02 1.733962632715702057e-02 1.982194930315017700e-02 3.209742158651351929e-02 2.678754506632685661e-03 1.338905189186334610e-02 2.497536502778530121e-02 1.420996896922588348e-02 1.607533730566501617e-02 1.171408314257860184e-02 2.213912829756736755e-02 9.143836796283721924e-03 1.877491595223546028e-04 3.204017505049705505e-02 2.634421549737453461e-02 3.891624882817268372e-02 2.621530555188655853e-02 2.546693012118339539e-02
1.124834343791007996e-01 5.060846805572509766e-01 3.270961716771125793e-02 7.428826764225959778e-03 2.002744004130363464e-02 1.196416169404983521e-01 1.365329176187515259e-01 3.334598615765571594e-02 3.533918038010597229e-02 9.135615080595016479e-03 7.498656213283538818e-02 4.962750710546970367e-03 8.871167153120040894e-02 4.283216595649719238e-02 4.330187290906906128e-02 2.625772170722484589e-02 3.415615856647491455e-02 8.559080772101879120e-03 2.164662070572376251e-02 1.724958419799804688e-02 3.391081839799880981e-02 2.447714097797870636e-02 2.648368291556835175e-02 2.969457209110260010e-02 1.897326670587062836e-02 5.176999792456626892e-02 2.486050501465797424e-02 1.548895845189690590e-03 1.223296578973531723e-02 4.233658686280250549e-02 6.093493197113275528e-03 5.258664488792419434e-03 5.591402202844619751e-02 8.589672856032848358e-03 1.687058992683887482e-02 5.363843217492103577e-02 4.345189314335584641e-03 1.697100698947906494e-02 8.551442879252135754e-04 8.620075881481170654e-03 1.675777696073055267e-02 3.840134292840957642e-02 1.413473859429359436e-02 1.035192329436540604e-02 4.919765889644622803e-02 3.748653829097747803e-02 4.514271765947341919e-02 4.970691353082656860e-02 3.454467281699180603e-02 2.779594063758850098e-02 5.408111214637756348e-02 1.624004915356636047e-02 1.087150163948535919e-02 6.506103090941905975e-03 3.535291925072669983e-02 3.348971158266067505e-02 2.179821394383907318e-02 3.656516969203948975e-02 5.112449871376156807e-04 1.127755083143711090e-02 1.951352879405021667e-02 4.739954695105552673e-02 1.921442337334156036e-02 6.469359621405601501e-03 4.052746668457984924e-02 4.052390530705451965e-02 3.443472087383270264e-02 5.326864123344421387e-02 4.445024207234382629e-02 2.723903767764568329e-02 1.661140844225883484e-02 3.667314350605010986e-02 1.965749636292457581e-02 2.159183286130428314e-02 3.828411176800727844e-02 3.598353266716003418e-02 1.242012600414454937e-03 3.402769938111305237e-02 4.409705102443695068e-02 2.143534831702709198e-03 1.485571917146444321e-02 1.971964910626411438e-02 4.236587788909673691e-03 2.802902460098266602e-02 2.270005829632282257e-02 2.220406569540500641e-02 3.938981890678405762e-02 4.406128451228141785e-02 1.052998472005128860e-02 3.076467197388410568e-03 1.316309813410043716e-02 5.111785139888525009e-03 2.542297914624214172e-02 1.557576702907681465e-03 5.969158839434385300e-03 3.076306171715259552e-02 1.052778307348489761e-02 2.824604324996471405e-02 2.219405397772789001e-02 1.368457358330488205e-02 2.876704931259155273e-02 4.192753136157989502e-02 2.994517795741558075e-03 4.942077398300170898e-02 1.261406927369534969e-03 1.808913983404636383e-02 6.695788819342851639e-03 7.459380198270082474e-03 8.166818879544734955e-03 2.941890619695186615e-02 2.269865758717060089e-02 3.723661229014396667e-02 3.935108706355094910e-02 1.450546458363533020e-02 3.355709835886955261e-02 1.319049391895532608e-02
1.054779160767793655e-02 3.270961716771125793e-02 4.817250669002532959e-01 8.289100974798202515e-02 3.256420418620109558e-02 4.329793527722358704e-02 1.365968212485313416e-02 1.410737931728363037e-01 3.359980881214141846e-02 3.594285249710083008e-02 1.426779944449663162e-02 4.597594030201435089e-03 2.040695585310459137e-02 3.458983823657035828e-02 1.472635380923748016e-02 3.454808518290519714e-02 3.687107935547828674e-02 3.749863430857658386e-02 3.618896007537841797e-02 3.482171799987554550e-03 5.903888866305351257e-02 2.058071456849575043e-02 5.097866989672183990e-03 5.212740972638130188e-03 1.205213833600282669e-02 2.151411585509777069e-02 2.784481458365917206e-02 1.211677119135856628e-02 3.660543262958526611e-02 3.534279018640518188e-02 1.535299699753522873e-02 7.572698872536420822e-03 3.541353344917297363e-02 3.510705009102821350e-02 1.984793925657868385e-03 4.075049608945846558e-02 1.038860250264406204e-02 9.034132584929466248e-03 3.486808761954307556e-02 1.638706400990486145e-02 1.855746284127235413e-02 2.558138594031333923e-02 4.363525658845901489e-02 5.950124189257621765e-02 3.452612459659576416e-02 2.113577164709568024e-02 3.003883548080921173e-02 3.820852935314178467e-02 1.273636822588741779e-03 1.325702108442783356e-02 1.602053456008434296e-02 1.297399308532476425e-02 3.109854459762573242e-02 2.426331676542758942e-02 5.264185741543769836e-02 1.504990924149751663e-02 3.943013772368431091e-02 3.842300549149513245e-02 4.185312986373901367e-02 3.876390308141708374e-02 5.376249924302101135e-02 4.264916107058525085e-02 1.782328821718692780e-02 1.897250185720622540e-03 3.634402155876159668e-02 4.624080285429954529e-02 8.125132881104946136e-03 1.309799123555421829e-02 2.120870538055896759e-02 2.606064453721046448e-02 3.379403799772262573e-02 1.564207370392978191e-03 5.645765364170074463e-02 2.958557382225990295e-02 5.567342042922973633e-02 1.823452883400022984e-03 1.683950051665306091e-02 2.152694575488567352e-02 1.445482205599546432e-02 1.126478798687458038e-02 1.398861408233642578e-01 1.096376776695251465e-02 3.593157744035124779e-03 3.626172617077827454e-02 4.519921168684959412e-02 7.263704203069210052e-03 1.176046021282672882e-02 5.193750932812690735e-02 4.346841573715209961e-02 3.842445462942123413e-02 1.617841422557830811e-02 1.063471566885709763e-02 1.459660474210977554e-03 4.000953584909439087e-02 2.429757267236709595e-02 2.182527258992195129e-02 3.989305719733238220e-02 1.061119488440454006e-03 7.702413480728864670e-03 1.937004737555980682e-02 5.705118179321289062e-03 3.355165570974349976e-02 1.963044144213199615e-02 4.539088904857635498e-02 1.719951629638671875e-02 5.250744894146919250e-02 5.062573403120040894e-02 8.501686155796051025e-03 3.487845510244369507e-02 2.695148810744285583e-02 5.328605417162179947e-03 2.270927093923091888e-02 8.309917757287621498e-04 3.975094482302665710e-02 2.184284478425979614e-02 4.051926359534263611e-02
1.295255031436681747e-02 7.428826764225959778e-03 8.289100974798202515e-02 4.916034638881683350e-01 1.305632293224334717e-01 2.573560364544391632e-02 2.720277011394500732e-02 2.303865365684032440e-02 1.806286536157131195e-02 8.570227771997451782e-03 3.337632864713668823e-02 1.589578576385974884e-02 2.395831607282161713e-02 3.726534079760313034e-03 2.700546942651271820e-02 2.190584689378738403e-02 2.793968841433525085e-02 4.069921746850013733e-02 5.193432420492172241e-02 2.892326563596725464e-02 2.518012560904026031e-02 3.283062204718589783e-02 1.712845452129840851e-02 3.916507121175527573e-04 1.806596852838993073e-02 3.062795475125312805e-02 4.032973200082778931e-03 1.050824648700654507e-03 5.004551261663436890e-03 4.175411164760589600e-02 4.560264945030212402e-02 2.534252218902111053e-02 1.229819655418395996e-02 2.014954388141632080e-02 1.536259613931179047e-02 4.048167169094085693e-02 4.056473728269338608e-03 2.225150540471076965e-02 6.371475756168365479e-02 1.556505076587200165e-02 2.893988974392414093e-02 4.070009663701057434e-02 1.282113837078213692e-03 2.838141843676567078e-02 1.058034505695104599e-02 4.217723011970520020e-02 2.793977968394756317e-02 8.585353381931781769e-03 3.216214012354612350e-03 1.982630416750907898e-02 9.260511025786399841e-03 3.258519247174263000e-02 2.494562789797782898e-02 1.675568893551826477e-02 3.538386896252632141e-02 3.832770511507987976e-02 3.873768448829650879e-02 4.117517173290252686e-02 4.784468188881874084e-02 1.371119730174541473e-02 4.734248854219913483e-03 3.356388211250305176e-02 2.826171228662133217e-03 4.252434521913528442e-02 1.562788151204586029e-02 3.393584117293357849e-02 3.280274569988250732e-02 3.302913904190063477e-02 1.656525582075119019e-02 3.245936008170247078e-03 7.937786169350147247e-03 3.406623611226677895e-03 1.875380128622055054e-01 4.578033834695816040e-02 1.190681606531143188e-01 3.052015043795108795e-02 4.305878281593322754e-02 2.616708166897296906e-02 4.326705262064933777e-02 9.963023476302623749e-04 2.272996678948402405e-02 4.479720816016197205e-02 9.106072038412094116e-02 8.403374999761581421e-02 2.602766267955303192e-02 1.939865201711654663e-02 1.106021087616682053e-02 4.741717595607042313e-03 2.826151670888066292e-03 2.658171765506267548e-02 4.201139882206916809e-02 3.158871084451675415e-02 1.311303675174713135e-02 6.421471014618873596e-03 1.545912120491266251e-03 2.233647182583808899e-02 3.077566064894199371e-02 1.438611885532736778e-03 3.535396978259086609e-02 3.828814998269081116e-02 4.283601790666580200e-02 2.570354007184505463e-02 3.127073124051094055e-02 2.849584212526679039e-03 1.099548395723104477e-02 5.399800837039947510e-03 9.288056939840316772e-02 2.279379777610301971e-02 7.511440664529800415e-02 1.037384103983640671e-02 9.781981818377971649e-03 3.573969379067420959e-02 7.924758829176425934e-03 2.451640740036964417e-02 4.151970148086547852e-02 1.888691633939743042e-02
3.163279592990875244e-02 2.002744004130363464e-02 3.256420418620109558e-02 1.305632293224334717e-01 5.130453705787658691e-01 2.182244136929512024e-02 7.506441761506721377e-05 2.214209549129009247e-02 2.536168880760669708e-02 6.432596594095230103e-02 9.386518038809299469e-03 1.064640376716852188e-02 8.794057182967662811e-03 3.533490374684333801e-02 1.678930409252643585e-02 3.448211774230003357e-02 2.066574431955814362e-02 3.389569744467735291e-02 1.059946268796920776e-01 2.380518056452274323e-02 1.176954340189695358e-02 4.428779333829879761e-02 6.630275864154100418e-03 1.572934724390506744e-02 5.209326744079589844e-02 2.135290019214153290e-02 3.457229956984519958e-02 1.907778158783912659e-02 2.053695730865001678e-03 3.192051872611045837e-02 2.571587264537811279e-02 2.150027267634868622e-02 1.239209808409214020e-02 4.114793986082077026e-02 1.766263134777545929e-02 2.879129489883780479e-03 7.830644026398658752e-03 4.267709702253341675e-02 1.043167337775230408e-02 1.467138063162565231e-02 1.766853849403560162e-03 3.567340970039367676e-02 1.852762536145746708e-03 4.259513691067695618e-02 3.495608642697334290e-02 1.272550970315933228e-02 4.575818777084350586e-02 1.521373447030782700e-02 4.596232995390892029e-02 1.153707038611173630e-02 2.520341426134109497e-02 2.951266057789325714e-02 2.955456729978322983e-03 4.771427251398563385e-03 3.228890895843505859e-02 7.164873182773590088e-03 3.130984306335449219e-02 3.257305547595024109e-02 4.805415868759155273e-03 2.187685295939445496e-02 1.431830879300832748e-02 2.664366737008094788e-02 1.959661021828651428e-02 1.731506921350955963e-02 2.414041757583618164e-02 3.714523091912269592e-02 1.018606126308441162e-02 3.208995040040463209e-04 2.440713346004486084e-02 2.563676424324512482e-02 7.312470674514770508e-02 3.438371047377586365e-02 6.521346420049667358e-02 2.503247186541557312e-02 1.328378617763519287e-01 3.388785943388938904e-02 4.747485276311635971e-03 2.674666047096252441e-02 3.871934488415718079e-02 1.902265474200248718e-02 7.393414620310068130e-03 4.444469884037971497e-02 1.411831825971603394e-01 1.154734492301940918e-01 2.584747225046157837e-02 3.027640469372272491e-02 6.340786931104958057e-04 2.842975221574306488e-02 4.772619530558586121e-02 8.797401934862136841e-02 3.550186380743980408e-02 3.662054240703582764e-02 3.909905627369880676e-02 3.791752457618713379e-02 4.553625360131263733e-02 3.908814117312431335e-02 8.217621594667434692e-03 4.635859280824661255e-02 2.018525078892707825e-02 4.594323784112930298e-02 3.282719291746616364e-03 3.904755786061286926e-02 4.945692140609025955e-03 5.078403279185295105e-02 1.698979921638965607e-02 2.030898816883563995e-02 2.296918816864490509e-02 1.664267480373382568e-02 1.922783255577087402e-02 7.066188263706862926e-04 3.649165853857994080e-02 1.365978457033634186e-02 9.159195236861705780e-03 1.511870976537466049e-02 2.951935678720474243e-02 3.141478076577186584e-02
1.050920262932777405e-01 1.196416169404983521e-01 4.329793527722358704e-02 2.573560364544391632e-02 2.182244136929512024e-02 5.049628019332885742e-01 1.393945515155792236e-01 2.180662704631686211e-03 4.689909145236015320e-02 7.756862323731184006e-03 8.764856308698654175e-02 6.246115639805793762e-02 7.413035631179809570e-02 7.192727178335189819e-02 2.870449237525463104e-02 9.367411024868488312e-03 8.559020236134529114e-03 9.878261480480432510e-04 2.524988166987895966e-02 1.741136237978935242e-02 1.826012879610061646e-02 1.507098972797393799e-02 8.170829154551029205e-03 2.266689436510205269e-03 8.206292986869812012e-03 2.815785072743892670e-02 1.888666674494743347e-02 2.078483812510967255e-02 8.990938775241374969e-03 5.982537753880023956e-03 3.235874325037002563e-02 3.605754300951957703e-02 2.480141818523406982e-03 2.193933352828025818e-02 5.706455558538436890e-03 5.218955129384994507e-02 1.436322368681430817e-02 1.266459003090858459e-02 6.010067183524370193e-03 1.482326909899711609e-02 2.269646897912025452e-02 5.398478358983993530e-02 2.177431248128414154e-02 2.406880818307399750e-02 4.236746951937675476e-02 3.113975375890731812e-02 1.057035401463508606e-01 4.557641968131065369e-02 4.326106235384941101e-02 1.220000325702130795e-03 3.573703765869140625e-02 1.493796985596418381e-02 9.198707528412342072e-03 4.417734220623970032e-02 6.548074074089527130e-03 9.252385236322879791e-03 2.563278377056121826e-02 6.810951977968215942e-03 4.333702474832534790e-02 3.649373725056648254e-02 3.523323312401771545e-02 2.593395300209522247e-03 2.194106765091419220e-02 3.874713182449340820e-02 7.843015715479850769e-03 3.212190000340342522e-03 2.137645380571484566e-03 1.265395525842905045e-02 8.505795267410576344e-04 3.495390713214874268e-02 1.950706355273723602e-02 1.750170625746250153e-02 4.045348241925239563e-02 2.583197504281997681e-02 1.979992911219596863e-02 2.130990661680698395e-02 1.080376468598842621e-02 1.846290752291679382e-02 4.505465924739837646e-02 9.590162895619869232e-03 1.769793778657913208e-02 1.882231794297695160e-02 3.812978416681289673e-02 1.851068926043808460e-03 4.812979698181152344e-02 2.756315842270851135e-02 2.261899784207344055e-02 7.907683029770851135e-03 2.670305594801902771e-02 4.023627936840057373e-02 5.929260049015283585e-03 4.965208470821380615e-03 2.066511474549770355e-02 6.212750449776649475e-04 1.847925782203674316e-02 1.110424567013978958e-02 2.372976858168840408e-03 3.182733058929443359e-02 3.147500008344650269e-02 5.342195741832256317e-03 1.191449444741010666e-02 9.723143652081489563e-03 2.134127356112003326e-02 2.732135728001594543e-02 2.808941900730133057e-02 7.086308207362890244e-03 1.085853390395641327e-02 4.754030704498291016e-02 1.242637820541858673e-02 1.979735866189002991e-02 2.238547243177890778e-02 2.470675297081470490e-02 1.502496656030416489e-02 1.406720094382762909e-02 3.237549588084220886e-02 2.253326401114463806e-02
8.605478703975677490e-02 1.365329176187515259e-01 1.365968212485313416e-02 2.720277011394500732e-02 7.506441761506721377e-05 1.393945515155792236e-01 5.117040872573852539e-01 3.770734369754791260e-02 1.883809827268123627e-02 2.181443944573402405e-02 7.955636084079742432e-02 2.367839775979518890e-02 6.125010922551155090e-02 4.501569643616676331e-02 5.282806605100631714e-02 2.108157239854335785e-02 1.880498789250850677e-02 1.752864802256226540e-03 4.477128386497497559e-04 2.561647817492485046e-02 1.231261529028415680e-02 2.950654923915863037e-02 8.077027276158332825e-03 1.949429744854569435e-03 1.081488374620676041e-02 3.979895636439323425e-02 8.424566127359867096e-03 1.183510944247245789e-02 8.928689174354076385e-03 3.844711929559707642e-02 1.624217256903648376e-02 1.226296182721853256e-02 4.417285323143005371e-03 2.004771260544657707e-03 1.687758602201938629e-02 2.789210155606269836e-02 2.212750911712646484e-02 2.630965970456600189e-02 1.587430760264396667e-02 2.297054976224899292e-02 1.000418420881032944e-02 2.087220549583435059e-02 1.151662040501832962e-02 6.414371542632579803e-03 3.843680396676063538e-02 4.672192409634590149e-02 6.337450444698333740e-02 5.418933182954788208e-02 1.778236217796802521e-02 2.908844314515590668e-02 3.822619840502738953e-02 1.017187628895044327e-02 5.428290739655494690e-02 2.628009952604770660e-02 4.634303599596023560e-02 3.859526664018630981e-02 2.275788970291614532e-02 3.198651224374771118e-02 1.594355702400207520e-02 1.891211606562137604e-02 3.479581698775291443e-02 3.256987780332565308e-02 1.591377146542072296e-02 9.891834110021591187e-03 3.004914894700050354e-02 1.235159393399953842e-02 9.778909385204315186e-03 3.053418733179569244e-02 3.296651691198348999e-02 1.159667596220970154e-02 2.743221446871757507e-02 1.526642031967639923e-02 6.831566803157329559e-03 2.545180171728134155e-02 3.867389634251594543e-02 7.909241248853504658e-04 5.045260302722454071e-03 3.966211900115013123e-02 3.186275810003280640e-02 3.104645293205976486e-03 2.196306304540485144e-04 4.843714833259582520e-02 3.955563530325889587e-02 1.398698985576629639e-02 3.022003173828125000e-02 2.777781896293163300e-02 1.597480475902557373e-02 2.491577900946140289e-02 3.932536393404006958e-02 2.998363692313432693e-03 1.724419929087162018e-02 2.170689404010772705e-02 2.857168205082416534e-02 7.180628366768360138e-03 4.037098214030265808e-02 2.827725000679492950e-02 9.499031119048595428e-03 5.456507205963134766e-03 6.540565751492977142e-03 1.387032587081193924e-02 9.578845463693141937e-03 1.709566824138164520e-02 1.227269042283296585e-02 1.769809983670711517e-02 6.260818801820278168e-03 2.253792947158217430e-03 3.355289995670318604e-02 9.222317487001419067e-03 2.460666745901107788e-02 1.288189552724361420e-02 2.113479934632778168e-02 3.387114731594920158e-03 5.187192466109991074e-03 1.205355278216302395e-03 2.489046566188335419e-02 1.892862282693386078e-02
4.171735048294067383e-02 3.334598615765571594e-02 1.410737931728363037e-01 2.303865365684032440e-02 2.214209549129009247e-02 2.180662704631686211e-03 3.770734369754791260e-02 4.868185222148895264e-01 2.652312861755490303e-03 3.357305377721786499e-02 3.318526316434144974e-03 5.035954527556896210e-03 1.543810684233903885e-02 6.893259938806295395e-03 1.218276917934417725e-01 2.392162801697850227e-03 5.859471391886472702e-03 3.029320016503334045e-02 1.671048067510128021e-02 1.143488846719264984e-02 3.860431164503097534e-02 2.334553189575672150e-02 6.218466162681579590e-02 4.310771450400352478e-02 1.009534811601042747e-03 1.588714309036731720e-02 3.870900347828865051e-02 2.685002796351909637e-02 5.201004911214113235e-03 1.265750732272863388e-02 7.313451729714870453e-03 2.999862842261791229e-02 1.000816095620393753e-02 2.639220282435417175e-02 2.359055727720260620e-02 1.844848319888114929e-02 3.534242138266563416e-02 3.124710544943809509e-02 2.418394200503826141e-02 2.892927080392837524e-02 1.800367422401905060e-02 1.625530049204826355e-02 2.795068547129631042e-02 2.100348472595214844e-02 6.035805121064186096e-02 2.569334115833044052e-03 9.809215553104877472e-03 1.452366821467876434e-02 2.178500592708587646e-02 8.527481928467750549e-03 1.360902469605207443e-02 2.818783931434154510e-02 3.644042089581489563e-02 3.819224238395690918e-02 1.510974485427141190e-03 1.323092170059680939e-02 6.683093379251658916e-04 3.306554630398750305e-02 3.993982076644897461e-02 1.198277994990348816e-02 3.571584820747375488e-02 4.351236671209335327e-02 1.344379410147666931e-02 3.249036893248558044e-02 3.643136098980903625e-02 2.477089874446392059e-02 1.195230521261692047e-02 3.736751899123191833e-02 1.421385537832975388e-02 3.417079895734786987e-02 3.364731371402740479e-02 2.243182435631752014e-02 3.202439099550247192e-02 3.900062665343284607e-02 3.340504691004753113e-02 2.308846451342105865e-02 4.230771679431200027e-03 1.859377510845661163e-02 6.643909960985183716e-03 2.812930196523666382e-02 1.309692859649658203e-01 1.214508488774299622e-01 3.687354270368814468e-03 2.653547003865242004e-02 6.796512007713317871e-02 1.037443708628416061e-02 7.740946114063262939e-02 7.089509814977645874e-02 2.534514479339122772e-02 4.078872501850128174e-02 3.279982879757881165e-02 3.760357573628425598e-02 2.913386374711990356e-02 8.024146780371665955e-03 3.474362893030047417e-03 1.676392741501331329e-02 2.861906588077545166e-02 4.010814800858497620e-02 3.510308265686035156e-02 2.868145238608121872e-03 7.698507979512214661e-04 2.851570770144462585e-02 4.031014069914817810e-02 1.744988933205604553e-02 4.003738239407539368e-02 9.117761626839637756e-03 3.591389209032058716e-02 4.187966883182525635e-02 2.630859147757291794e-03 4.801933653652667999e-03 4.048664122819900513e-02 1.889234408736228943e-02 7.495218887925148010e-03 2.879371866583824158e-03 1.192513201385736465e-02 1.772442460060119629e-02
4.645304754376411438e-02 3.533918038010597229e-02 3.359980881214141846e-02 1.806286536157131195e-02 2.536168880760669708e-02 4.689909145236015320e-02 1.883809827268123627e-02 2.652312861755490303e-03 5.081421136856079102e-01 8.023279905319213867e-02 3.312113881111145020e-02 1.419391576200723648e-02 2.774405665695667267e-02 1.511684060096740723e-02 1.767440326511859894e-02 1.137173362076282501e-02 5.148484371602535248e-03 9.221006929874420166e-02 2.730767242610454559e-02 4.321920499205589294e-02 2.322901971638202667e-02 2.698829397559165955e-02 1.465353835374116898e-02 1.798110269010066986e-02 2.720415033400058746e-02 4.421208053827285767e-02 2.551685459911823273e-02 4.273036494851112366e-02 5.349271744489669800e-02 1.482942514121532440e-02 3.127845469862222672e-03 3.976218868046998978e-04 2.048815600574016571e-02 3.942029923200607300e-02 3.017386794090270996e-02 2.473926916718482971e-02 3.593039512634277344e-02 4.705617204308509827e-02 4.590171948075294495e-02 1.291484944522380829e-02 4.272311180830001831e-02 9.426002390682697296e-03 3.892436996102333069e-02 3.308428078889846802e-02 1.647518947720527649e-02 4.678446333855390549e-03 3.731432929635047913e-02 3.831580653786659241e-02 4.063398391008377075e-02 1.723916456103324890e-02 2.487925812602043152e-03 2.371724136173725128e-02 3.390697063878178596e-03 4.743875470012426376e-03 8.650924265384674072e-02 2.814589813351631165e-02 3.417900577187538147e-02 1.896469295024871826e-02 5.323496833443641663e-02 1.208519097417593002e-03 5.066630616784095764e-02 9.591036476194858551e-03 4.505251348018646240e-02 3.584313020110130310e-02 4.558677598834037781e-02 4.010422155261039734e-02 2.553427591919898987e-02 2.806943468749523163e-02 4.417535662651062012e-02 3.682280331850051880e-02 2.274519018828868866e-02 3.918696567416191101e-02 7.255797088146209717e-02 1.943027600646018982e-02 1.565521024167537689e-02 7.195073366165161133e-02 9.296716749668121338e-02 8.731737732887268066e-03 7.701449841260910034e-02 3.334637358784675598e-02 7.209305185824632645e-03 1.069969777017831802e-02 5.323908850550651550e-02 3.499912098050117493e-02 1.026315242052078247e-02 2.664639241993427277e-02 1.627354137599468231e-02 2.527136914432048798e-02 5.739617347717285156e-02 1.346239913254976273e-02 1.348423399031162262e-02 6.204833742231130600e-03 3.222268074750900269e-02 2.083792723715305328e-02 5.441433936357498169e-02 4.769656807184219360e-03 3.711669705808162689e-04 5.747823044657707214e-02 1.381468120962381363e-02 2.235305495560169220e-02 2.478808455634862185e-04 3.277902677655220032e-02 3.646644065156579018e-03 1.538603287190198898e-02 4.398356005549430847e-02 5.179816391319036484e-03 1.781101222150027752e-03 2.141232229769229889e-02 4.343379661440849304e-02 1.740609854459762573e-02 2.635765075683593750e-02 3.131885314360260963e-03 2.787754870951175690e-02 1.144460029900074005e-02 1.360313221812248230e-02 2.644506283104419708e-02
9.161330759525299072e-03 9.135615080595016479e-03 3.594285249710083008e-02 8.570227771997451782e-03 6.432596594095230103e-02 7.756862323731184006e-03 2.181443944573402405e-02 3.357305377721786499e-02 8.023279905319213867e-02 5.142893195152282715e-01 1.309025217778980732e-03 3.865722939372062683e-02 1.633305475115776062e-02 2.448714524507522583e-02 5.387094244360923767e-02 1.497500855475664139e-02 2.678748033940792084e-02 6.184524297714233398e-02 1.212154626846313477e-01 4.183418676257133484e-02 8.803126402199268341e-03 2.983244322240352631e-02 6.481465417891740799e-03 4.633918032050132751e-02 1.780221238732337952e-02 4.812799394130706787e-02 4.907895810902118683e-03 7.577688433229923248e-03 1.779587194323539734e-02 3.775127232074737549e-02 3.717045485973358154e-02 1.260890625417232513e-02 1.599678397178649902e-02 5.955285392701625824e-03 1.659573428332805634e-02 1.600080728530883789e-02 2.062725275754928589e-02 1.210049446672201157e-02 3.243524581193923950e-02 3.720817714929580688e-02 2.746644197031855583e-03 1.701402105391025543e-02 1.689563319087028503e-02 2.615097351372241974e-02 2.672520838677883148e-02 9.128400124609470367e-03 6.878960994072258472e-05 2.499569393694400787e-02 1.442835899069905281e-03 6.771285086870193481e-02 2.978981658816337585e-02 4.817647114396095276e-02 3.582991287112236023e-02 4.741108417510986328e-02 5.920793861150741577e-02 5.044545978307723999e-02 1.766990125179290771e-02 1.555560808628797531e-02 2.434384450316429138e-02 3.886575996875762939e-02 6.167031824588775635e-03 2.207615785300731659e-02 2.646866068243980408e-02 3.353131189942359924e-02 3.531297296285629272e-02 2.397430688142776489e-02 3.769664093852043152e-02 4.516397789120674133e-02 8.014944382011890411e-03 1.514881476759910583e-02 3.627583384513854980e-02 4.946175962686538696e-02 1.267437916249036789e-02 2.574585145339369774e-03 4.057816416025161743e-02 3.095051087439060211e-02 2.774077281355857849e-02 1.250597983598709106e-01 5.589977372437715530e-03 6.239099800586700439e-02 2.821464650332927704e-02 4.135794937610626221e-03 1.122147440910339355e-01 6.825692951679229736e-02 3.382692486047744751e-02 1.041655801236629486e-02 2.278992906212806702e-02 2.113216556608676910e-02 3.152345120906829834e-02 8.497675508260726929e-02 4.512166976928710938e-02 2.559317648410797119e-02 4.424057900905609131e-02 4.546360671520233154e-02 1.915468648076057434e-02 2.787255914881825447e-03 7.196734659373760223e-04 1.088803354650735855e-02 3.537395736202597618e-03 2.330947481095790863e-02 1.984385959804058075e-02 2.702115476131439209e-02 1.099236396839842200e-05 4.111599549651145935e-02 4.596972092986106873e-02 4.336203634738922119e-02 3.374173492193222046e-02 2.413386851549148560e-02 3.809562651440501213e-03 1.715938746929168701e-02 1.322040334343910217e-02 3.073249198496341705e-02 8.646619506180286407e-03 2.450364641845226288e-02 1.092505548149347305e-02 4.961190745234489441e-02
9.096421301364898682e-02 7.498656213283538818e-02 1.426779944449663162e-02 3.337632864713668823e-02 9.386518038809299469e-03 8.764856308698654175e-02 7.955636084079742432e-02 3.318526316434144974e-03 3.312113881111145020e-02 1.309025217778980732e-03 5.172678232192993164e-01 6.715712137520313263e-03 9.024038910865783691e-02 1.409298926591873169e-02 1.627920079044997692e-03 2.605972439050674438e-02 4.586823284626007080e-02 6.332738324999809265e-03 7.679374888539314270e-03 2.374837175011634827e-02 1.078182365745306015e-02 4.395836591720581055e-02 7.918063551187515259e-03 1.490923296660184860e-02 1.367800496518611908e-02 2.033822797238826752e-02 1.952688582241535187e-02 3.493825672194361687e-03 3.612638637423515320e-02 3.680077567696571350e-02 2.688107267022132874e-02 5.048324819654226303e-03 2.144872024655342102e-02 3.544304985553026199e-03 1.761896349489688873e-02 4.486744850873947144e-02 2.399756200611591339e-02 5.448305048048496246e-03 1.777059957385063171e-02 9.174765087664127350e-03 2.208355255424976349e-02 1.445248723030090332e-03 1.097282860428094864e-02 2.924036048352718353e-02 2.494274266064167023e-02 5.057050287723541260e-02 8.559854328632354736e-02 3.400206938385963440e-02 2.947124093770980835e-02 4.690567404031753540e-02 7.651398424059152603e-03 3.031628951430320740e-02 4.457893595099449158e-02 1.728680543601512909e-02 3.524570539593696594e-02 5.015197768807411194e-02 3.761784732341766357e-02 9.671384468674659729e-03 5.012521892786026001e-02 1.035104598850011826e-02 1.749910414218902588e-02 3.157248720526695251e-02 4.976394120603799820e-03 1.000558398663997650e-02 4.719997942447662354e-02 3.263856843113899231e-02 5.935632809996604919e-02 4.474805667996406555e-02 2.346878126263618469e-02 2.299030125141143799e-02 1.682887226343154907e-02 3.091753460466861725e-02 9.212063625454902649e-03 3.875862807035446167e-02 4.061523079872131348e-02 3.093426674604415894e-02 5.459256097674369812e-02 2.769165113568305969e-02 3.993272781372070312e-02 7.881842902861535549e-04 1.411375560564920306e-04 4.376032203435897827e-02 3.638168796896934509e-02 1.857196539640426636e-02 3.468298539519309998e-02 1.053701061755418777e-02 3.496946394443511963e-02 1.753734610974788666e-02 4.127821698784828186e-02 9.233498014509677887e-03 4.461932927370071411e-03 2.893963083624839783e-02 1.464708149433135986e-02 2.090865978971123695e-03 5.858989432454109192e-03 3.756439685821533203e-02 1.382185146212577820e-02 2.781629376113414764e-02 2.609870024025440216e-02 3.507849946618080139e-02 3.952848538756370544e-02 1.186372991651296616e-02 2.545104920864105225e-02 1.638033427298069000e-02 2.195318974554538727e-02 7.284129969775676727e-03 2.172276005148887634e-02 2.418291196227073669e-02 3.392987698316574097e-02 2.717442810535430908e-02 2.278767712414264679e-02 1.805918291211128235e-02 1.960576325654983521e-02 7.882658392190933228e-03 2.327935397624969482e-02 1.374831330031156540e-02
2.680106461048126221e-02 4.962750710546970367e-03 4.597594030201435089e-03 1.589578576385974884e-02 1.064640376716852188e-02 6.246115639805793762e-02 2.367839775979518890e-02 5.035954527556896210e-03 1.419391576200723648e-02 3.865722939372062683e-02 6.715712137520313263e-03 5.144741535186767578e-01 3.227395936846733093e-02 1.213657855987548828e-01 4.425030667334794998e-03 1.816561259329319000e-02 7.229438051581382751e-03 1.912515796720981598e-02 2.024286612868309021e-02 3.546440228819847107e-02 5.355684086680412292e-02 9.730960242450237274e-03 4.258660599589347839e-02 3.063142858445644379e-02 3.612329065799713135e-02 1.601258292794227600e-02 1.178813073784112930e-02 9.439808875322341919e-02 7.311270572245121002e-03 1.015076935291290283e-01 4.145845770835876465e-02 1.396709308028221130e-02 2.475614659488201141e-02 5.849780514836311340e-03 4.438429325819015503e-02 3.268364444375038147e-02 4.780896008014678955e-02 3.783782199025154114e-02 8.248896338045597076e-03 1.286859158426523209e-02 3.956595808267593384e-02 2.906377799808979034e-02 5.293635278940200806e-02 2.426375448703765869e-02 1.676262728869915009e-02 5.958501715213060379e-03 3.119418583810329437e-02 2.628448419272899628e-03 4.431518167257308960e-02 3.014396503567695618e-02 2.627967623993754387e-03 1.448862603865563869e-04 4.596016183495521545e-02 2.894284017384052277e-02 5.669841915369033813e-02 2.039806172251701355e-02 3.793373471125960350e-03 6.212245300412178040e-02 2.123961038887500763e-02 1.819955185055732727e-02 3.642831370234489441e-02 1.623631268739700317e-02 4.611789435148239136e-02 1.519715320318937302e-02 1.147446595132350922e-02 2.382566919550299644e-03 4.602262750267982483e-02 3.406706824898719788e-02 1.904316619038581848e-02 1.542100682854652405e-02 2.260694094002246857e-02 1.676897704601287842e-02 2.649208344519138336e-02 2.316579688340425491e-03 4.104779288172721863e-02 2.614777721464633942e-02 6.969577819108963013e-02 5.365189863368868828e-04 1.740562543272972107e-02 3.627891466021537781e-02 1.023687142878770828e-02 1.733589917421340942e-02 8.432948030531406403e-03 2.741592749953269958e-02 6.492128130048513412e-03 4.859272390604019165e-02 1.718545172479934990e-05 8.881400339305400848e-03 5.894769728183746338e-02 3.234802745282649994e-03 6.360223144292831421e-02 1.140665635466575623e-02 2.556997910141944885e-02 9.478819556534290314e-03 6.234557833522558212e-03 2.884525246918201447e-02 1.000347267836332321e-02 3.114724066108465195e-03 3.991281613707542419e-02 2.212502248585224152e-02 2.344693429768085480e-02 3.677704185247421265e-02 6.301902234554290771e-03 5.993051454424858093e-03 2.922063134610652924e-02 4.735687002539634705e-02 3.859558841213583946e-03 3.985897079110145569e-02 2.252922579646110535e-02 4.753546789288520813e-02 1.210773829370737076e-02 6.886654067784547806e-03 3.814355283975601196e-02 2.980527840554714203e-02 1.624122727662324905e-03 2.675225585699081421e-02
7.459899038076400757e-02 8.871167153120040894e-02 2.040695585310459137e-02 2.395831607282161713e-02 8.794057182967662811e-03 7.413035631179809570e-02 6.125010922551155090e-02 1.543810684233903885e-02 2.774405665695667267e-02 1.633305475115776062e-02 9.024038910865783691e-02 3.227395936846733093e-02 5.213257670402526855e-01 1.595903933048248291e-02 1.121152192354202271e-02 2.628219872713088989e-02 4.396944120526313782e-02 3.493897616863250732e-02 2.056164667010307312e-02 3.564552217721939087e-02 1.526391785591840744e-02 5.502334237098693848e-02 2.205822058022022247e-02 3.847425431013107300e-02 2.102958597242832184e-02 2.543794736266136169e-02 4.255491495132446289e-02 9.416526183485984802e-03 3.745139809325337410e-03 3.482521325349807739e-02 2.614207193255424500e-02 2.599130384624004364e-03 6.268165539950132370e-03 2.450336003676056862e-03 3.048277460038661957e-02 2.771796286106109619e-02 5.415593460202217102e-02 4.837196692824363708e-02 1.447102334350347519e-02 1.696528680622577667e-02 3.052965924143791199e-02 1.756493747234344482e-02 6.216067820787429810e-03 2.411427162587642670e-02 2.304842509329319000e-02 3.082200326025485992e-02 6.476848572492599487e-02 3.772406652569770813e-02 2.434545755386352539e-02 5.139958113431930542e-02 2.496945485472679138e-02 1.389944925904273987e-02 2.916266396641731262e-02 1.253662258386611938e-02 3.779446706175804138e-02 4.739949852228164673e-02 3.873635083436965942e-02 3.034997917711734772e-02 4.031279683113098145e-02 9.904981590807437897e-03 2.970126643776893616e-02 3.522904217243194580e-02 9.701259434223175049e-03 7.754352875053882599e-03 2.790729701519012451e-02 4.675155133008956909e-02 5.334763601422309875e-02 4.450816288590431213e-02 3.105849213898181915e-02 1.676712557673454285e-02 8.505236357450485229e-03 5.794677417725324631e-03 1.550780143588781357e-02 2.055582962930202484e-02 2.684827521443367004e-02 1.902338676154613495e-02 4.445367678999900818e-02 1.711347326636314392e-02 4.716609045863151550e-02 2.923467196524143219e-02 1.163037121295928955e-02 3.925789520144462585e-02 1.190231088548898697e-02 1.343118608929216862e-03 2.663993649184703827e-02 1.309155393391847610e-02 8.510455489158630371e-03 2.644943632185459137e-02 3.820288926362991333e-02 1.125400140881538391e-02 1.683736406266689301e-02 1.041690818965435028e-02 1.285399496555328369e-02 2.521023713052272797e-02 4.707028344273567200e-02 2.751030214130878448e-02 1.768272928893566132e-02 2.190704643726348877e-02 6.012178491801023483e-03 9.693120606243610382e-03 7.482525426894426346e-03 2.166239358484745026e-02 1.568657904863357544e-02 1.000083796679973602e-02 1.091077178716659546e-02 2.078964188694953918e-02 4.540266003459692001e-03 4.064327105879783630e-02 2.075032703578472137e-02 4.731896892189979553e-02 3.100947104394435883e-02 1.480746362358331680e-02 1.251939684152603149e-03 1.515860902145504951e-03 2.070890739560127258e-02 1.520822383463382721e-02
