4.797534942626953125e-01 1.966173499822616577e-01 3.853446245193481445e-02 1.740011200308799744e-02 4.072186350822448730e-02 1.865862458944320679e-01 1.630827337503433228e-01 3.412881121039390564e-02 3.243184648454189301e-03 2.596458606421947479e-02 1.159759834408760071e-01 1.171124260872602463e-02 9.266334027051925659e-02 4.277568310499191284e-03 2.479168586432933807e-02 3.242338076233863831e-02 3.942743316292762756e-02 2.476187655702233315e-03 4.172557219862937927e-02 9.640899370424449444e-04 4.307696595788002014e-03 2.620067447423934937e-02 1.407139934599399567e-03 1.703417394310235977e-03 1.497839111834764481e-02 2.697991952300071716e-02 3.334659710526466370e-02 4.728550091385841370e-02 1.857678964734077454e-02 4.064771905541419983e-02 1.015238743275403976e-02 3.096514008939266205e-02 4.354323074221611023e-02 2.074090391397476196e-02 2.244189195334911346e-02 1.287472806870937347e-02 1.100452989339828491e-02 9.282991290092468262e-03 5.708852782845497131e-03 4.393731057643890381e-02 1.018469221889972687e-02 1.872749254107475281e-02 6.712256465107202530e-03 1.277442835271358490e-02 2.895006909966468811e-03 3.273682668805122375e-02 4.569835215806961060e-02 7.901803404092788696e-02 3.228423744440078735e-02 3.412702353671193123e-03 1.695035211741924286e-02 2.897256985306739807e-03 2.980847284197807312e-02 4.529739171266555786e-02 1.456683222204446793e-02 1.569263264536857605e-02 9.058236144483089447e-03 9.035903494805097580e-04 3.627760708332061768e-02 2.328381873667240143e-02 3.114319872111082077e-03 3.602664545178413391e-02 9.506638161838054657e-03 2.153002470731735229e-02 1.112023461610078812e-02 8.661680854856967926e-03 1.366069260984659195e-02 3.290292248129844666e-02 4.909072816371917725e-02 2.379818819463253021e-03 2.961246855556964874e-02 7.210458163172006607e-03 3.127779439091682434e-02 7.925547659397125244e-03 3.508796915411949158e-03 6.756693124771118164e-03 2.283702231943607330e-02 3.574689850211143494e-02 4.089843109250068665e-02 2.393023343756794930e-03 1.129840686917304993e-02 3.002984076738357544e-02 2.790891751646995544e-02 2.890341449528932571e-03 3.565667569637298584e-02 9.067106060683727264e-03 1.409131661057472229e-02 4.909171909093856812e-02 3.789193928241729736e-02 3.439159481786191463e-04 1.338277105242013931e-02 2.464347751811146736e-03 2.115451358258724213e-02 7.118133828043937683e-03 9.776343591511249542e-03 1.172200869768857956e-02 1.519792620092630386e-02 4.374397173523902893e-02 1.081253588199615479e-02 8.681137114763259888e-03 1.589320600032806396e-02 2.612683176994323730e-02 2.033300930634140968e-03 2.277814224362373352e-02 3.223887830972671509e-02 1.581800170242786407e-02 3.306930512189865112e-02 1.672990247607231140e-02 1.158347725868225098e-02 4.680324718356132507e-02 1.015425566583871841e-02 2.627664618194103241e-02 2.514008060097694397e-02 2.777138538658618927e-02 1.093467790633440018e-02 9.724262170493602753e-03
1.966173499822616577e-01 4.700500071048736572e-01 2.270999550819396973e-02 6.961934734135866165e-03 1.806865073740482330e-02 8.129641413688659668e-02 1.435111463069915771e-01 6.029374524950981140e-02 1.198932901024818420e-02 4.336503148078918457e-02 3.634967654943466187e-02 1.352678798139095306e-02 1.748945116996765137e-01 2.079874649643898010e-02 3.117712959647178650e-02 4.777585342526435852e-02 2.583106420934200287e-02 2.848850563168525696e-02 3.497362881898880005e-02 1.478220452554523945e-03 3.413339704275131226e-02 2.764753438532352448e-02 2.584822475910186768e-02 3.271075338125228882e-02 2.789473626762628555e-03 1.367130689322948456e-02 3.127401694655418396e-02 1.561914104968309402e-02 4.752256348729133606e-02 4.052284359931945801e-02 1.641465350985527039e-02 3.083805739879608154e-02 3.479653969407081604e-02 1.110613346099853516e-02 7.528029847890138626e-03 2.598681487143039703e-02 1.525133382529020309e-02 6.701950915157794952e-03 3.586468286812305450e-03 4.681258648633956909e-02 1.689739525318145752e-03 3.316788375377655029e-02 4.726316779851913452e-02 2.084448002278804779e-03 4.556765407323837280e-02 8.966824971139431000e-03 6.985486298799514771e-02 1.202970147132873535e-01 3.697654232382774353e-02 1.410765200853347778e-02 3.086232580244541168e-02 4.469302296638488770e-02 7.940725423395633698e-03 1.489370502531528473e-02 3.533483250066637993e-03 1.625026017427444458e-02 2.460998296737670898e-02 1.819269359111785889e-02 1.940220035612583160e-02 1.545600965619087219e-02 3.333324193954467773e-02 4.006182029843330383e-02 7.774970959872007370e-03 8.473397232592105865e-03 1.841748319566249847e-02 4.890683665871620178e-02 3.669482097029685974e-02 1.570204645395278931e-02 3.544248268008232117e-02 3.480021608993411064e-03 4.915548861026763916e-02 1.912508532404899597e-02 1.681317691691219807e-03 1.133927237242460251e-02 4.040060192346572876e-02 2.126618847250938416e-02 2.574930153787136078e-02 1.430196920409798622e-03 3.741655498743057251e-02 3.471721336245536804e-02 2.347470447421073914e-02 2.360377460718154907e-03 3.343687206506729126e-02 1.905236020684242249e-02 6.085216999053955078e-03 1.185971591621637344e-02 1.264856103807687759e-02 3.397945314645767212e-02 2.718667127192020416e-02 2.099257893860340118e-02 1.849832944571971893e-02 1.905771717429161072e-02 5.333398655056953430e-02 1.892249658703804016e-02 1.902342028915882111e-02 5.863606184720993042e-02 3.954150155186653137e-02 2.881161123514175415e-02 2.530038729310035706e-02 1.293315459042787552e-02 4.033952951431274414e-02 7.614188827574253082e-03 1.237760949879884720e-02 3.330960497260093689e-02 3.605647757649421692e-02 3.225125372409820557e-02 1.425456441938877106e-02 2.441942133009433746e-02 1.315016997978091240e-03 1.587548851966857910e-02 3.404350578784942627e-02 1.771818287670612335e-02 1.053537894040346146e-02 1.080663129687309265e-02 2.725614234805107117e-02 5.686048045754432678e-02
3.853446245193481445e-02 2.270999550819396973e-02 4.548993706703186035e-01 1.022882387042045593e-02 4.154024645686149597e-03 2.254233695566654205e-02 2.983512729406356812e-02 7.008749246597290039e-02 1.387921068817377090e-02 1.726194843649864197e-02 3.157414123415946960e-02 4.293012898415327072e-03 2.505179122090339661e-02 1.650866866111755371e-02 3.175956010818481445e-02 2.037886902689933777e-02 6.226391997188329697e-03 1.744581945240497589e-02 3.281072527170181274e-02 9.824492037296295166e-03 1.932737790048122406e-02 3.981598839163780212e-02 3.181353211402893066e-03 1.693010330200195312e-02 1.717761345207691193e-02 3.601269796490669250e-02 2.922734059393405914e-02 1.597923785448074341e-02 2.707224898040294647e-02 5.061829835176467896e-02 2.752250619232654572e-02 6.072799209505319595e-03 2.712040767073631287e-02 3.332035616040229797e-02 2.417900040745735168e-02 2.665825653821229935e-03 3.187121450901031494e-02 1.689353585243225098e-02 5.522742401808500290e-03 2.779904380440711975e-02 1.874263584613800049e-02 3.502408042550086975e-02 1.032727118581533432e-02 7.801972329616546631e-02 1.991326548159122467e-02 1.102099567651748657e-02 6.303970701992511749e-03 3.430723771452903748e-02 3.837617859244346619e-02 6.693533156067132950e-03 1.806996390223503113e-02 1.826918125152587891e-02 2.211219072341918945e-02 2.831078507006168365e-02 1.937015797011554241e-03 8.068417198956012726e-03 2.915808185935020447e-02 4.739770293235778809e-02 5.195325240492820740e-02 9.399396367371082306e-03 5.736794322729110718e-03 1.330831274390220642e-02 4.036895930767059326e-02 4.324996098875999451e-02 2.868764847517013550e-02 1.575247012078762054e-02 4.032336175441741943e-02 4.001856222748756409e-02 5.215720157139003277e-04 8.781157433986663818e-03 4.374391213059425354e-02 1.012213341891765594e-02 9.817454265430569649e-04 2.478888817131519318e-02 4.182049073278903961e-03 3.930467355530709028e-04 4.682988394051790237e-03 9.649117477238178253e-03 1.043096464127302170e-02 3.917204681783914566e-03 7.605604082345962524e-02 1.971807777881622314e-01 4.801653698086738586e-02 3.794025257229804993e-02 6.541201844811439514e-03 2.837871573865413666e-02 3.765108808875083923e-02 4.140329733490943909e-02 1.756940037012100220e-02 1.655496470630168915e-02 2.162365242838859558e-02 2.123810909688472748e-02 6.469299551099538803e-03 4.026313871145248413e-02 1.490645017474889755e-02 1.385597232729196548e-02 1.336090266704559326e-02 1.381556317210197449e-02 6.020519416779279709e-03 4.327079281210899353e-02 1.545325946062803268e-02 2.389529533684253693e-02 3.683706745505332947e-02 1.619025506079196930e-02 3.971034660935401917e-02 7.361939549446105957e-02 1.236920617520809174e-02 5.509809404611587524e-02 4.846611991524696350e-03 1.502611301839351654e-02 1.731800101697444916e-02 5.178224667906761169e-02 1.209531445056200027e-02 1.225181482732295990e-02 3.712401166558265686e-02 4.777359310537576675e-03
1.740011200308799744e-02 6.961934734135866165e-03 1.022882387042045593e-02 4.741961061954498291e-01 1.598353236913681030e-01 2.467230195179581642e-03 1.021670643240213394e-02 1.248710136860609055e-02 1.534425839781761169e-02 2.197599783539772034e-02 9.620484896004199982e-03 2.621498517692089081e-02 2.544015459716320038e-02 4.374198988080024719e-02 2.369789965450763702e-02 8.753871545195579529e-03 3.195171430706977844e-02 4.477327689528465271e-02 5.340285599231719971e-03 3.550248593091964722e-02 2.427423372864723206e-02 1.710723899304866791e-02 4.579490423202514648e-02 2.508491650223731995e-02 1.684431359171867371e-02 1.969919353723526001e-02 2.684370428323745728e-02 5.927378684282302856e-02 3.423466160893440247e-02 6.445019692182540894e-02 2.166046202182769775e-02 5.215228721499443054e-02 2.688629925251007080e-02 2.596979960799217224e-02 5.846959538757801056e-03 4.973256029188632965e-03 1.008695363998413086e-02 4.362748935818672180e-02 9.163643419742584229e-02 4.690404236316680908e-02 3.052845224738121033e-02 4.647132754325866699e-02 1.008888520300388336e-02 2.026541158556938171e-02 3.148060059174895287e-03 4.203635826706886292e-02 3.669876977801322937e-02 1.932037435472011566e-02 2.065072394907474518e-02 3.659527748823165894e-02 1.038192957639694214e-02 1.464066095650196075e-02 9.979896247386932373e-03 3.972486406564712524e-02 1.902432180941104889e-02 5.657446570694446564e-03 2.861325256526470184e-02 3.714799880981445312e-02 2.079419605433940887e-02 5.347345024347305298e-02 4.894692078232765198e-02 3.229346871376037598e-02 1.203713417053222656e-01 5.092834681272506714e-02 9.669927880167961121e-03 4.216998443007469177e-02 2.069956250488758087e-02 2.000270038843154907e-02 2.176680602133274078e-02 3.316013142466545105e-02 4.434699658304452896e-03 4.642617329955101013e-02 1.785321682691574097e-01 4.131722077727317810e-02 8.986496180295944214e-02 3.319316357374191284e-02 3.346249833703041077e-02 3.638127818703651428e-02 2.318704873323440552e-02 1.072598993778228760e-02 2.419265918433666229e-02 2.401920408010482788e-02 5.915395542979240417e-02 3.077708370983600616e-02 1.916725188493728638e-02 3.471487015485763550e-02 9.379051625728607178e-03 1.826659217476844788e-02 4.766564443707466125e-02 2.728085778653621674e-02 2.859126031398773193e-02 2.556096948683261871e-02 2.303719148039817810e-02 8.444488048553466797e-03 1.295728981494903564e-02 3.272379934787750244e-02 4.047832265496253967e-02 3.474093601107597351e-02 3.735343366861343384e-02 2.950113266706466675e-02 4.225643724203109741e-02 1.770745031535625458e-02 1.372747682034969330e-02 9.822187945246696472e-03 2.504264935851097107e-02 2.649709582328796387e-02 3.179367259144783020e-02 3.246462345123291016e-02 4.792977869510650635e-02 2.966005820780992508e-03 1.644738391041755676e-02 6.499870214611291885e-03 1.387385837733745575e-02 1.072083972394466400e-02 4.452674835920333862e-02 3.202560916543006897e-02
4.072186350822448730e-02 1.806865073740482330e-02 4.154024645686149597e-03 1.598353236913681030e-01 4.683728814125061035e-01 4.614550992846488953e-02 4.048986826092004776e-03 1.312951277941465378e-02 2.360199019312858582e-02 4.377661272883415222e-02 2.976041473448276520e-02 2.872429043054580688e-02 5.196793936192989349e-03 2.323560416698455811e-02 2.485740929841995239e-02 1.088904216885566711e-02 2.410949394106864929e-02 1.946075260639190674e-02 3.304249793291091919e-02 2.254329808056354523e-02 6.777867674827575684e-02 9.732018806971609592e-04 5.414046347141265869e-02 3.224352374672889709e-02 2.411542955087497830e-04 5.960628390312194824e-03 2.017112681642174721e-03 2.649620920419692993e-02 1.265408378094434738e-02 9.434633888304233551e-03 2.414810471236705780e-02 4.217892512679100037e-02 2.358595374971628189e-03 2.616679482161998749e-02 2.659657783806324005e-02 6.456096190959215164e-03 1.714030094444751740e-02 2.315688319504261017e-02 9.128122776746749878e-02 1.075268685817718506e-01 1.684478484094142914e-02 2.729223296046257019e-02 5.581552162766456604e-03 4.796315450221300125e-03 2.491692453622817993e-02 1.047757733613252640e-02 4.208110738545656204e-03 5.354823917150497437e-02 2.794856578111648560e-02 4.107038676738739014e-02 2.552215009927749634e-02 7.411351893097162247e-03 1.808819128200411797e-03 1.016569696366786957e-02 1.287622191011905670e-02 2.123603411018848419e-02 3.312421217560768127e-02 2.183707244694232941e-02 3.146860376000404358e-02 5.396341904997825623e-02 4.526714235544204712e-02 3.731195256114006042e-02 7.874817401170730591e-02 1.850191690027713776e-02 2.830501412972807884e-03 2.409694716334342957e-02 2.945605479180812836e-02 6.211792584508657455e-03 3.604054683819413185e-03 8.558431640267372131e-03 9.482368826866149902e-03 1.595631800591945648e-02 1.061859801411628723e-01 3.700452297925949097e-02 1.316453814506530762e-01 4.355011507868766785e-02 3.742045164108276367e-02 4.072510451078414917e-02 1.623136550188064575e-02 4.277973249554634094e-02 5.329809337854385376e-02 1.421093475073575974e-02 2.937102876603603363e-02 6.838850677013397217e-02 4.335675761103630066e-02 3.195172548294067383e-02 8.240019902586936951e-03 2.555557899177074432e-02 1.626169495284557343e-02 1.913761906325817108e-02 7.910704240202903748e-03 2.019525505602359772e-02 4.072845913469791412e-03 7.984261028468608856e-03 1.001610420644283295e-02 4.474938288331031799e-02 7.434184104204177856e-02 2.570908516645431519e-02 3.780082613229751587e-02 2.393375337123870850e-02 1.101458212360739708e-03 1.293344981968402863e-02 2.447770908474922180e-02 3.985020518302917480e-02 9.010036475956439972e-03 1.999250799417495728e-02 3.270158544182777405e-02 5.301246047019958496e-02 1.799000613391399384e-02 2.542240172624588013e-02 5.776966363191604614e-02 5.082240328192710876e-02 3.342323377728462219e-02 3.133107721805572510e-02 3.723642602562904358e-02 2.402800880372524261e-02
1.865862458944320679e-01 8.129641413688659668e-02 2.254233695566654205e-02 2.467230195179581642e-03 4.614550992846488953e-02 4.864192605018615723e-01 2.316567599773406982e-01 6.753466092050075531e-03 8.795287460088729858e-03 3.616292029619216919e-02 3.065626136958599091e-02 6.389251351356506348e-02 2.705890312790870667e-02 7.980844378471374512e-02 9.915598668158054352e-03 4.965070635080337524e-02 4.233793914318084717e-02 5.399671848863363266e-03 1.630627363920211792e-02 2.546523138880729675e-02 4.477472975850105286e-03 1.747918128967285156e-02 2.383089810609817505e-02 5.471081659197807312e-02 3.101595863699913025e-02 2.830539457499980927e-02 3.783838357776403427e-03 2.081987075507640839e-02 5.848283320665359497e-02 1.021460816264152527e-02 6.963730993447825313e-05 2.933509275317192078e-02 3.450847789645195007e-02 4.613257199525833130e-02 2.413795143365859985e-02 1.689041033387184143e-02 2.707462385296821594e-02 1.262071821838617325e-02 1.688454113900661469e-02 1.619607210159301758e-02 3.377723321318626404e-02 3.877747338265180588e-03 3.497601673007011414e-02 2.413886133581399918e-03 5.876844748854637146e-02 3.414246067404747009e-02 5.635685101151466370e-02 1.464100629091262817e-01 1.681680791079998016e-02 4.845723044127225876e-03 2.174914814531803131e-02 1.296198181807994843e-02 8.308223448693752289e-03 1.240187138319015503e-02 3.073429502546787262e-02 1.773279346525669098e-02 1.913174428045749664e-02 4.668621346354484558e-02 2.564215473830699921e-02 3.380735218524932861e-02 2.151244319975376129e-02 2.494553849101066589e-02 3.799944370985031128e-02 2.523679472506046295e-02 2.677941881120204926e-02 7.222038228064775467e-03 3.997278958559036255e-02 1.126937381923198700e-02 2.685104683041572571e-02 1.025532372295856476e-02 4.506477620452642441e-03 3.982642374467104673e-04 5.018197000026702881e-03 1.744722947478294373e-02 2.941767312586307526e-02 6.488622631877660751e-03 3.507288917899131775e-02 5.243070423603057861e-03 3.546828776597976685e-02 3.681747941300272942e-03 5.501560866832733154e-03 3.740632534027099609e-02 4.562230408191680908e-02 1.846330985426902771e-02 3.980626165866851807e-02 2.170258946716785431e-02 1.476301811635494232e-02 2.967584505677223206e-02 5.582907702773809433e-03 3.702279180288314819e-02 1.780633628368377686e-02 1.275404449552297592e-02 2.390097081661224365e-02 9.819921106100082397e-03 7.099471520632505417e-03 6.801030132919549942e-03 4.132813215255737305e-02 1.518169138580560684e-02 1.139221340417861938e-02 5.829431116580963135e-03 4.317053779959678650e-02 4.928174894303083420e-03 1.298305578529834747e-02 2.775467373430728912e-02 3.196109458804130554e-02 1.176539715379476547e-02 3.660271689295768738e-02 5.380996316671371460e-02 4.923921544104814529e-03 5.427667871117591858e-02 1.724551059305667877e-02 1.580219529569149017e-02 3.928385302424430847e-02 6.324510090053081512e-03 2.424767054617404938e-02 3.798655048012733459e-02
1.630827337503433228e-01 1.435111463069915771e-01 2.983512729406356812e-02 1.021670643240213394e-02 4.048986826092004776e-03 2.316567599773406982e-01 4.951455593109130859e-01 1.448321156203746796e-02 3.666025400161743164e-02 3.339797258377075195e-02 2.369642071425914764e-02 2.281324379146099091e-02 3.503062995150685310e-03 4.212206602096557617e-02 1.999295782297849655e-03 3.944349661469459534e-02 3.406033664941787720e-02 9.332220070064067841e-03 2.271751128137111664e-02 2.151907235383987427e-02 3.623403236269950867e-02 3.136757388710975647e-02 6.646563299000263214e-03 1.934414915740489960e-02 6.575062870979309082e-03 6.305865943431854248e-03 1.241819839924573898e-02 3.593301773071289062e-02 1.012126132845878601e-01 1.133901719003915787e-02 6.768450886011123657e-02 3.539986908435821533e-02 4.062918573617935181e-02 3.706703707575798035e-02 4.156687855720520020e-02 1.058072876185178757e-02 5.188366398215293884e-03 2.909198775887489319e-02 3.943478316068649292e-02 4.137716442346572876e-02 5.531972274184226990e-02 1.640370860695838928e-02 2.738846465945243835e-02 2.330145053565502167e-02 4.900113120675086975e-02 9.285200387239456177e-03 4.785752668976783752e-02 2.058321535587310791e-01 1.903677172958850861e-02 4.278041049838066101e-02 4.166528582572937012e-02 2.959978953003883362e-02 2.907283231616020203e-02 8.637142367660999298e-03 2.147599123418331146e-02 3.394877910614013672e-02 2.904327958822250366e-02 2.889684401452541351e-03 2.911963686347007751e-02 1.473209913820028305e-02 1.175244152545928955e-02 3.440271317958831787e-02 3.347126394510269165e-02 1.322269160300493240e-02 6.182806193828582764e-02 4.587161354720592499e-03 9.155433624982833862e-03 6.188679952174425125e-03 3.338883444666862488e-02 1.820224523544311523e-02 4.280201345682144165e-02 2.518061921000480652e-02 3.762530535459518433e-02 4.910584073513746262e-03 2.145594172179698944e-02 2.597318962216377258e-02 2.156313881278038025e-02 1.050020940601825714e-02 2.730446308851242065e-02 5.416585598140954971e-03 1.390752941370010376e-02 1.342029497027397156e-02 1.938278228044509888e-02 2.757605165243148804e-02 9.232906624674797058e-03 3.113351017236709595e-02 1.965950615704059601e-02 4.926001280546188354e-02 2.738515846431255341e-02 3.064171783626079559e-02 5.603586137294769287e-02 1.069248653948307037e-02 2.961418405175209045e-02 2.780320681631565094e-02 2.081646770238876343e-02 1.319641619920730591e-02 3.667107224464416504e-02 6.279916502535343170e-03 2.469592029228806496e-03 6.607319694012403488e-03 2.725033275783061981e-02 4.037237539887428284e-02 7.452117279171943665e-03 1.977432705461978912e-02 3.806588798761367798e-02 5.325112491846084595e-02 2.817660570144653320e-02 1.214526966214179993e-02 2.226328477263450623e-02 2.205376513302326202e-03 1.368156541138887405e-02 3.535053506493568420e-02 1.030523329973220825e-02 3.861743584275245667e-02 1.329834479838609695e-02 6.418044865131378174e-02
3.412881121039390564e-02 6.029374524950981140e-02 7.008749246597290039e-02 1.248710136860609055e-02 1.312951277941465378e-02 6.753466092050075531e-03 1.448321156203746796e-02 4.699691236019134521e-01 3.175717592239379883e-02 4.025527159683406353e-04 3.097607940435409546e-02 2.106491941958665848e-03 2.999418601393699646e-02 1.630863174796104431e-02 1.270903050899505615e-01 1.363935531117022038e-03 4.654881078749895096e-03 1.713226363062858582e-02 3.286655992269515991e-02 2.903290651738643646e-02 1.296220161020755768e-02 4.965949431061744690e-02 1.276820246130228043e-02 2.914970554411411285e-02 4.113305360078811646e-02 2.826032787561416626e-02 1.552940160036087036e-02 1.089839823544025421e-02 1.556805428117513657e-02 4.493881016969680786e-02 1.122133713215589523e-02 4.680355545133352280e-03 5.023620650172233582e-02 1.462260959669947624e-03 3.779885126277804375e-03 3.563308343291282654e-02 8.313162624835968018e-02 6.357783451676368713e-03 2.711374685168266296e-02 4.351055994629859924e-02 1.597423804923892021e-03 1.778958179056644440e-02 1.998283155262470245e-02 5.539932288229465485e-03 3.988063707947731018e-02 3.745668008923530579e-02 1.157806161791086197e-02 2.904989384114742279e-02 3.245607763528823853e-02 5.954700056463479996e-03 1.305349357426166534e-02 7.226097397506237030e-03 2.639184333384037018e-02 3.913521394133567810e-02 2.564229443669319153e-02 3.509724279865622520e-03 4.950719699263572693e-02 1.249272748827934265e-02 2.061151154339313507e-02 1.237734965980052948e-02 2.317601442337036133e-02 3.119610808789730072e-02 3.962877020239830017e-02 1.363084651529788971e-02 3.581025078892707825e-02 3.795595839619636536e-03 2.840092033147811890e-02 3.284489735960960388e-02 2.641187049448490143e-02 4.961149021983146667e-02 3.768181428313255310e-02 4.310217127203941345e-02 5.361176654696464539e-02 4.313520342111587524e-02 2.351669222116470337e-02 2.086488343775272369e-02 3.279019892215728760e-02 2.239243127405643463e-02 3.685591369867324829e-02 4.733527079224586487e-03 9.952934831380844116e-02 6.339821964502334595e-02 1.417466904968023300e-02 2.152028121054172516e-02 2.235427685081958771e-02 6.817305460572242737e-03 8.959605544805526733e-02 1.096053272485733032e-01 2.327619865536689758e-02 9.944610297679901123e-03 3.651782497763633728e-02 2.293726615607738495e-02 2.927553281188011169e-02 8.098606020212173462e-03 9.245606139302253723e-03 7.730179466307163239e-03 1.328723412007093430e-02 4.544309154152870178e-02 7.278455421328544617e-03 5.495093297213315964e-03 8.177339099347591400e-03 3.181368485093116760e-02 1.486784499138593674e-02 7.379331625998020172e-03 1.512630935758352280e-02 3.494316339492797852e-02 1.999533362686634064e-02 5.227391794323921204e-02 2.796241082251071930e-02 2.755317836999893188e-03 3.481405973434448242e-02 1.333662541583180428e-03 3.822243586182594299e-02 7.371531799435615540e-03 2.554872632026672363e-02 4.387049376964569092e-02
3.243184648454189301e-03 1.198932901024818420e-02 1.387921068817377090e-02 1.534425839781761169e-02 2.360199019312858582e-02 8.795287460088729858e-03 3.666025400161743164e-02 3.175717592239379883e-02 4.739436209201812744e-01 6.091304868459701538e-02 2.571057993918657303e-03 1.111316457390785217e-01 4.927696194499731064e-03 5.413860455155372620e-02 7.116980850696563721e-03 7.894036360085010529e-03 4.144197329878807068e-03 7.176279276609420776e-02 1.463349256664514542e-02 2.583209425210952759e-02 2.976359613239765167e-02 2.597837336361408234e-02 6.675273925065994263e-02 3.739945217967033386e-02 1.467924285680055618e-02 3.236756846308708191e-02 3.519432619214057922e-02 1.792757958173751831e-02 1.457337476313114166e-02 4.220018908381462097e-02 2.230993658304214478e-02 6.420297082513570786e-03 3.721192479133605957e-02 6.012278422713279724e-02 4.984025657176971436e-02 3.828335925936698914e-02 2.907736413180828094e-02 1.941007934510707855e-02 5.926280282437801361e-04 4.771710187196731567e-02 2.571120858192443848e-02 3.007278777658939362e-02 8.177326060831546783e-03 1.982723921537399292e-02 2.150426805019378662e-02 2.980816364288330078e-02 3.063781186938285828e-02 1.706608757376670837e-02 1.947055221535265446e-03 3.071980364620685577e-02 2.440389432013034821e-02 7.714016828685998917e-03 4.414729773998260498e-02 3.570224344730377197e-02 2.597118914127349854e-02 2.794841304421424866e-02 3.665875643491744995e-02 8.252692641690373421e-04 8.696433156728744507e-03 2.531170472502708435e-02 4.217424243688583374e-02 4.806827008724212646e-02 2.304729260504245758e-02 3.959128260612487793e-02 3.888068720698356628e-02 4.337486624717712402e-02 3.258257731795310974e-02 1.768099144101142883e-02 5.848355218768119812e-02 3.756353259086608887e-02 9.545782580971717834e-03 6.067274138331413269e-02 1.153101911768317223e-03 4.611970856785774231e-02 3.011479601263999939e-02 7.498479913920164108e-03 2.099124640226364136e-01 5.376549810171127319e-02 2.300191670656204224e-02 2.746861055493354797e-02 4.131105542182922363e-02 2.953065745532512665e-02 1.812191680073738098e-02 2.271870523691177368e-02 1.338546443730592728e-02 4.443234950304031372e-02 3.287474066019058228e-02 2.807362005114555359e-02 9.867063164710998535e-02 3.338835015892982483e-02 3.520726785063743591e-02 2.060653269290924072e-02 2.983857411891222000e-03 6.861523143015801907e-04 8.805447258055210114e-03 3.229156136512756348e-02 1.399089116603136063e-02 2.615436539053916931e-02 6.558628380298614502e-02 5.653282627463340759e-03 2.637942088767886162e-03 4.704697802662849426e-02 2.138780057430267334e-02 2.703010477125644684e-02 4.725814983248710632e-02 2.722755074501037598e-02 3.260198864154517651e-04 1.700098626315593719e-02 4.794115945696830750e-02 2.177498117089271545e-02 1.406481210142374039e-02 9.961214847862720490e-03 2.377803996205329895e-02 2.136651054024696350e-02 2.914361422881484032e-03 1.478060893714427948e-02
2.596458606421947479e-02 4.336503148078918457e-02 1.726194843649864197e-02 2.197599783539772034e-02 4.377661272883415222e-02 3.616292029619216919e-02 3.339797258377075195e-02 4.025527159683406353e-04 6.091304868459701538e-02 4.798787236213684082e-01 2.416460402309894562e-02 2.655424922704696655e-02 2.150476444512605667e-03 6.565245985984802246e-02 1.290080789476633072e-02 3.853198140859603882e-02 3.775229677557945251e-02 4.666605219244956970e-02 9.630946069955825806e-02 1.490276888944208622e-03 3.234370425343513489e-02 1.185033936053514481e-02 4.896138235926628113e-02 1.969385705888271332e-02 1.334421988576650620e-02 1.222890987992286682e-02 2.764675207436084747e-02 4.551520571112632751e-02 1.924139633774757385e-02 2.064470574259757996e-02 2.534593828022480011e-02 5.506928544491529465e-03 6.020157411694526672e-02 6.157961487770080566e-02 4.435929283499717712e-02 4.527653381228446960e-02 3.765812143683433533e-02 3.923492878675460815e-02 4.214032366871833801e-02 3.248349204659461975e-02 4.813329130411148071e-02 4.250965639948844910e-02 4.039557650685310364e-02 7.069108076393604279e-03 1.308349519968032837e-02 7.035771384835243225e-03 3.827806934714317322e-02 2.449530921876430511e-02 3.014526329934597015e-02 7.957209646701812744e-02 2.929255366325378418e-02 3.520849347114562988e-02 3.836077079176902771e-02 3.047495707869529724e-02 1.513289753347635269e-02 5.293025821447372437e-02 6.147875636816024780e-02 1.624863222241401672e-02 3.070123307406902313e-02 4.113691672682762146e-02 1.304841507226228714e-02 5.198062956333160400e-02 1.273365318775177002e-02 2.790789492428302765e-02 3.907587751746177673e-02 4.220967367291450500e-02 2.316088284715078771e-05 5.122673232108354568e-03 5.047627910971641541e-02 2.597650140523910522e-02 3.988891839981079102e-02 6.089723203331232071e-03 5.280134268105030060e-03 3.051966615021228790e-02 3.099672868847846985e-02 5.366669502109289169e-03 8.415698073804378510e-03 1.691706478595733643e-01 5.339993909001350403e-02 1.245409622788429260e-01 1.813619211316108704e-02 1.228627865202724934e-03 5.168773606419563293e-02 1.612904854118824005e-02 3.150326758623123169e-02 7.722695171833038330e-02 1.697413809597492218e-02 4.481583833694458008e-03 3.321343567222356796e-03 4.383741319179534912e-02 1.239659264683723450e-02 4.797023721039295197e-03 2.056486904621124268e-02 1.571601629257202148e-02 2.973869629204273224e-02 1.532519352622330189e-03 1.703822636045515537e-03 1.602367870509624481e-02 2.061579935252666473e-02 6.049759313464164734e-02 3.168689087033271790e-02 5.065315961837768555e-02 2.312760427594184875e-02 1.148377358913421631e-02 4.373764153569936752e-03 4.424416273832321167e-02 3.441905975341796875e-02 3.327823802828788757e-02 4.002843797206878662e-02 3.168330341577529907e-02 8.630941621959209442e-03 8.083174005150794983e-03 1.869062776677310467e-03 1.859442330896854401e-02 3.896186500787734985e-02 5.888248607516288757e-02
1.159759834408760071e-01 3.634967654943466187e-02 3.157414123415946960e-02 9.620484896004199982e-03 2.976041473448276520e-02 3.065626136958599091e-02 2.369642071425914764e-02 3.097607940435409546e-02 2.571057993918657303e-03 2.416460402309894562e-02 4.666403234004974365e-01 2.410018257796764374e-02 1.059831008315086365e-01 2.160898223519325256e-02 3.039259463548660278e-02 9.322739206254482269e-03 4.686115309596061707e-03 9.461129084229469299e-03 1.101420912891626358e-02 4.449749365448951721e-02 3.132600337266921997e-02 2.069933712482452393e-02 3.698357939720153809e-02 3.815269097685813904e-02 2.383550256490707397e-02 2.627449482679367065e-02 2.853424660861492157e-02 4.662322252988815308e-02 3.745855391025543213e-02 2.677267231047153473e-02 4.207320138812065125e-02 2.172033861279487610e-02 4.289435222744941711e-02 1.903734356164932251e-02 2.691745571792125702e-02 3.556296229362487793e-02 3.086401708424091339e-02 4.121130332350730896e-02 1.817610487341880798e-02 3.610406816005706787e-02 4.339321702718734741e-02 1.402482204139232635e-02 4.501435905694961548e-02 1.859659701585769653e-02 2.239205501973628998e-02 3.399313986301422119e-02 9.294480830430984497e-02 8.779842406511306763e-02 5.059481784701347351e-02 3.012945502996444702e-02 1.470221392810344696e-02 1.015667431056499481e-02 3.584882616996765137e-02 4.610052332282066345e-02 1.403688732534646988e-02 3.557606041431427002e-02 6.814625114202499390e-03 4.708421230316162109e-02 2.589204162359237671e-02 1.058216858655214310e-02 4.046754166483879089e-02 3.418573737144470215e-02 1.956757856532931328e-03 4.477968811988830566e-02 2.327087149024009705e-02 9.566169232130050659e-03 1.190591836348176003e-03 5.283232312649488449e-03 2.556738816201686859e-02 2.677950076758861542e-02 1.079060044139623642e-02 1.611444912850856781e-02 9.721059086587047204e-07 1.765476353466510773e-02 9.755476377904415131e-03 1.011970452964305878e-02 1.161311566829681396e-02 2.661202661693096161e-02 2.144661545753479004e-02 2.125538699328899384e-02 2.602026052772998810e-02 1.680886000394821167e-02 1.260125194676220417e-03 4.703518375754356384e-02 3.659291937947273254e-02 2.250730432569980621e-02 3.794098645448684692e-02 8.768365532159805298e-02 9.389221086166799068e-04 1.104915398173034191e-03 2.288307994604110718e-02 7.456833962351083755e-03 1.490198168903589249e-02 2.822857722640037537e-02 7.949585095047950745e-03 7.088329643011093140e-03 3.944051638245582581e-02 5.042485147714614868e-02 1.457013748586177826e-02 2.170426771044731140e-02 2.757189329713582993e-03 2.789183147251605988e-02 5.492615746334195137e-04 1.221189461648464203e-02 4.700626432895660400e-02 4.163734987378120422e-02 3.001511842012405396e-02 3.865789622068405151e-02 1.673541404306888580e-02 2.868549898266792297e-03 3.312381356954574585e-02 1.172489393502473831e-02 1.533699128776788712e-02 4.424839466810226440e-02 3.340511396527290344e-02 1.061837468296289444e-02
1.171124260872602463e-02 1.352678798139095306e-02 4.293012898415327072e-03 2.621498517692089081e-02 2.872429043054580688e-02 6.389251351356506348e-02 2.281324379146099091e-02 2.106491941958665848e-03 1.111316457390785217e-01 2.655424922704696655e-02 2.410018257796764374e-02 4.866100549697875977e-01 3.806931152939796448e-02 2.146862447261810303e-01 1.128015760332345963e-02 3.629263117909431458e-02 3.575054928660392761e-02 2.928377874195575714e-02 6.126375496387481689e-02 1.207085233181715012e-02 4.072906449437141418e-02 8.137089200317859650e-03 6.131643801927566528e-02 4.933691769838333130e-02 2.326250448822975159e-02 5.516641587018966675e-02 6.371651310473680496e-03 1.060221418738365173e-01 2.128286845982074738e-02 1.031138077378273010e-01 4.932513833045959473e-02 3.101127222180366516e-02 5.002699792385101318e-02 5.001015961170196533e-02 5.185701325535774231e-02 3.770065261051058769e-03 3.574095666408538818e-02 3.112535737454891205e-02 4.071838036179542542e-02 1.182417850941419601e-02 4.066892713308334351e-02 3.003122285008430481e-02 3.463472798466682434e-02 1.967353932559490204e-02 2.372698672115802765e-02 4.233780130743980408e-02 4.709910228848457336e-02 1.175754331052303314e-02 1.527138752862811089e-03 7.535231113433837891e-02 9.658559225499629974e-03 2.392367646098136902e-02 2.239654585719108582e-02 4.118014127016067505e-02 9.149460121989250183e-03 4.886229336261749268e-02 2.358295954763889313e-03 4.538497701287269592e-02 4.200800135731697083e-02 2.991590835154056549e-02 3.266943618655204773e-02 2.374306134879589081e-02 4.848631098866462708e-02 3.392806649208068848e-02 5.126836895942687988e-02 2.984033897519111633e-03 3.418600186705589294e-02 3.992371261119842529e-02 2.243355102837085724e-02 2.185085043311119080e-02 2.221842855215072632e-02 3.936171904206275940e-02 4.257215932011604309e-02 5.080627743154764175e-04 1.268495712429285049e-02 3.469033911824226379e-02 5.921379476785659790e-02 4.872623831033706665e-02 2.883015014231204987e-02 3.995549306273460388e-02 4.842038732022047043e-03 3.283428028225898743e-02 1.589386723935604095e-02 6.033134646713733673e-03 3.445155173540115356e-02 3.352315351366996765e-02 2.521137334406375885e-02 3.467610478401184082e-02 9.960176795721054077e-02 2.529345452785491943e-02 2.525407122448086739e-03 4.325667396187782288e-03 1.801811717450618744e-02 7.024951279163360596e-03 1.324766874313354492e-02 1.114776916801929474e-02 1.690443046391010284e-02 4.563715308904647827e-02 3.822831436991691589e-02 5.342191830277442932e-02 5.117211490869522095e-02 4.932441189885139465e-02 2.343360334634780884e-02 9.574172087013721466e-03 4.953454062342643738e-02 4.256181418895721436e-03 2.640598639845848083e-02 4.448119550943374634e-02 3.581905737519264221e-02 3.836499527096748352e-02 1.850421912968158722e-02 1.644269749522209167e-02 1.058550737798213959e-02 4.263674840331077576e-02 7.585038430988788605e-03 1.235824730247259140e-02
9.266334027051925659e-02 1.748945116996765137e-01 2.505179122090339661e-02 2.544015459716320038e-02 5.196793936192989349e-03 2.705890312790870667e-02 3.503062995150685310e-03 2.999418601393699646e-02 4.927696194499731064e-03 2.150476444512605667e-03 1.059831008315086365e-01 3.806931152939796448e-02 4.671182036399841309e-01 1.266671065241098404e-02 5.955354776233434677e-03 1.894306018948554993e-02 1.139751821756362915e-02 2.735279314219951630e-02 3.215397149324417114e-02 1.974228769540786743e-02 3.683903068304061890e-02 2.278891578316688538e-02 2.016131021082401276e-02 5.303534679114818573e-03 7.795359008014202118e-03 1.570083200931549072e-02 1.877847872674465179e-02 2.286456339061260223e-02 3.623791411519050598e-02 4.490945488214492798e-02 2.806809358298778534e-02 4.554313793778419495e-02 3.929575905203819275e-03 1.322593260556459427e-02 2.630622591823339462e-03 1.553504634648561478e-02 2.646593144163489342e-03 3.520291671156883240e-02 1.430448889732360840e-02 1.453960593789815903e-02 3.143237903714179993e-02 2.143780514597892761e-02 4.676073044538497925e-02 2.766700647771358490e-02 2.915595658123493195e-02 3.911072015762329102e-02 5.092497915029525757e-02 2.746199071407318115e-02 2.727398648858070374e-02 3.103633783757686615e-02 4.535732418298721313e-02 1.788263954222202301e-02 2.116478420794010162e-02 1.141682546585798264e-02 3.588972613215446472e-02 2.561397664248943329e-02 4.839217872358858585e-04 5.682604759931564331e-02 2.850457653403282166e-02 2.348390407860279083e-02 3.591867536306381226e-02 4.727850109338760376e-02 3.215076401829719543e-02 3.102796338498592377e-02 1.331539545208215714e-02 5.861805751919746399e-02 4.351571202278137207e-02 6.109840702265501022e-03 1.657554530538618565e-03 5.909677967429161072e-02 5.077932029962539673e-03 4.784338548779487610e-02 3.688964620232582092e-02 6.415173411369323730e-03 3.646954149007797241e-02 1.749734580516815186e-02 4.568517580628395081e-02 4.292671754956245422e-02 2.798337489366531372e-02 2.630947344005107880e-02 8.636387065052986145e-03 4.441414400935173035e-02 3.378381207585334778e-02 3.786882013082504272e-02 4.276986047625541687e-02 9.068930521607398987e-03 2.649719640612602234e-02 5.180521681904792786e-02 4.503945633769035339e-02 3.437006473541259766e-02 1.307688094675540924e-02 1.510776858776807785e-02 5.441791377961635590e-03 4.050099849700927734e-02 3.861637786030769348e-02 2.993401885032653809e-02 2.886509336531162262e-02 8.220272138714790344e-03 2.239136397838592529e-02 3.393654478713870049e-03 4.531086981296539307e-02 1.215445250272750854e-02 9.699036367237567902e-03 1.872466318309307098e-02 2.551429532468318939e-02 4.814472422003746033e-02 3.981341794133186340e-02 5.457698553800582886e-02 3.654005751013755798e-02 4.475113749504089355e-02 6.979403644800186157e-02 6.302142981439828873e-03 3.131617605686187744e-02 2.100173570215702057e-02 2.761030569672584534e-02 3.748069703578948975e-02
