4.388435482978820801e-01 2.396434992551803589e-01 1.547797862440347672e-02 4.183537513017654419e-02 3.962251543998718262e-02 6.458091735839843750e-02 3.022589953616261482e-04 1.760216057300567627e-02 6.449576467275619507e-03 4.999861493706703186e-02 7.882463932037353516e-02 2.304857771378010511e-04 6.027759984135627747e-02 3.150847041979432106e-03 1.159626990556716919e-03 6.628169119358062744e-02 7.143201678991317749e-02 3.831096692010760307e-03 2.784708887338638306e-02 2.518463321030139923e-02 3.961001709103584290e-02 4.389110207557678223e-02 2.045202255249023438e-02 6.762325298041105270e-03 5.251807719469070435e-02 1.937310583889484406e-02 2.686725743114948273e-02 4.250723496079444885e-02 2.257912419736385345e-02 3.474398702383041382e-02 3.083394654095172882e-02 3.784942254424095154e-02 2.020573057234287262e-02 1.855472289025783539e-02 1.837785122916102409e-03 1.672786846756935120e-02 5.813902243971824646e-03 1.234266720712184906e-02 1.706743799149990082e-02 1.111257914453744888e-02 4.593007639050483704e-02 6.690825335681438446e-03 9.595486335456371307e-03 7.397361565381288528e-03 3.842648817226290703e-03 2.903702296316623688e-02 4.648515582084655762e-02 3.644983097910881042e-02 9.211690630763769150e-04 1.144536864012479782e-02 3.659874200820922852e-02 4.295020550489425659e-02 1.718346215784549713e-02 4.292193055152893066e-02 3.963127732276916504e-02 1.676823385059833527e-02 2.017069235444068909e-02 2.456771768629550934e-02 6.471189204603433609e-03 7.606574334204196930e-03 2.777665853500366211e-02 2.044281736016273499e-02 1.731169037520885468e-02 1.742152683436870575e-02 1.040107104927301407e-02 1.978838816285133362e-02 3.709283843636512756e-02 4.417579248547554016e-02 3.583335876464843750e-02 1.699260435998439789e-02 2.092534117400646210e-02 6.706205662339925766e-03 9.051924571394920349e-03 6.237259600311517715e-03 1.079563796520233154e-02 3.357435762882232666e-02 1.069758739322423935e-02 1.031605247408151627e-02 5.137822404503822327e-02 9.084439370781183243e-04 1.462178211659193039e-02 5.678999703377485275e-03 8.452743291854858398e-03 3.858495503664016724e-02 1.693417318165302277e-02 1.137032359838485718e-02 6.214078515768051147e-03 3.712737187743186951e-02 1.465836726129055023e-02 4.086153209209442139e-02 1.412091311067342758e-02 3.853759542107582092e-02 1.538534462451934814e-02 4.820954427123069763e-02 3.385972976684570312e-02 3.294884786009788513e-02 2.585256472229957581e-02 3.010698407888412476e-02 6.833069026470184326e-03 2.890147082507610321e-02 5.373125895857810974e-03 2.252255007624626160e-02 4.199372977018356323e-02 3.106288611888885498e-02 5.503759253770112991e-03 2.720703557133674622e-02 1.191124413162469864e-02 4.250260442495346069e-02 2.792515978217124939e-02 3.698395192623138428e-02 8.196581155061721802e-03 4.430806264281272888e-02 6.146614439785480499e-03 1.720692589879035950e-02 4.067409411072731018e-02 6.168318446725606918e-03
2.396434992551803589e-01 4.340290427207946777e-01 1.439300458878278732e-02 1.410799846053123474e-02 3.789163380861282349e-02 8.190996199846267700e-02 4.677467048168182373e-02 4.616602137684822083e-02 2.005414571613073349e-03 4.607515409588813782e-03 5.815547332167625427e-02 2.080330438911914825e-02 1.049550920724868774e-01 1.253732759505510330e-02 1.779184304177761078e-02 2.901873365044593811e-02 3.013936430215835571e-02 2.330049313604831696e-02 2.107734978199005127e-02 6.542323529720306396e-02 1.096130581572651863e-03 4.550217092037200928e-02 1.420979853719472885e-02 2.351908199489116669e-02 1.340856775641441345e-02 3.874740377068519592e-02 2.474231272935867310e-02 1.574071124196052551e-02 2.651545219123363495e-02 2.032331191003322601e-03 2.838477026671171188e-03 2.730620093643665314e-02 2.854762226343154907e-02 4.330544918775558472e-02 2.367333509027957916e-02 1.143195014446973801e-02 2.098478004336357117e-02 1.205615699291229248e-02 9.344109334051609039e-03 3.710700571537017822e-02 4.847311065532267094e-04 2.236835844814777374e-02 1.012109871953725815e-02 1.390265952795743942e-02 3.407125547528266907e-02 3.049563802778720856e-02 3.589649870991706848e-02 6.543413270264863968e-03 3.473013266921043396e-02 2.822005888447165489e-03 5.167530383914709091e-03 4.775937180966138840e-03 4.108810052275657654e-02 1.005816645920276642e-02 1.867169514298439026e-02 1.350118964910507202e-02 1.559636369347572327e-02 4.913010075688362122e-02 2.064974978566169739e-02 2.508122287690639496e-02 1.803464069962501526e-02 1.066825632005929947e-02 1.146538276225328445e-02 6.642901338636875153e-03 4.596731159836053848e-03 1.000185776501893997e-02 7.079630624502897263e-03 1.195210218429565430e-02 1.761929690837860107e-02 5.928599834442138672e-02 5.133179202675819397e-02 2.944641746580600739e-04 4.113882407546043396e-02 4.548309743404388428e-02 2.905404753983020782e-02 3.014216385781764984e-02 1.465413533151149750e-02 5.607564002275466919e-02 2.023837156593799591e-02 2.117758803069591522e-02 3.267110139131546021e-02 3.522746730595827103e-03 1.566568948328495026e-02 2.698037773370742798e-02 1.927363127470016479e-02 4.395871981978416443e-02 4.085326567292213440e-02 1.600372791290283203e-02 4.616215825080871582e-03 4.332355689257383347e-03 1.844618283212184906e-02 1.995584741234779358e-02 3.765798360109329224e-02 4.273357614874839783e-02 1.311992481350898743e-02 6.097434554249048233e-03 3.707538172602653503e-02 3.442982956767082214e-02 3.509065881371498108e-02 8.134769275784492493e-03 2.083885110914707184e-02 3.151962161064147949e-02 4.937343299388885498e-02 1.733213866828009486e-04 1.375714037567377090e-02 1.111069042235612869e-02 4.019628092646598816e-02 4.575961828231811523e-02 1.194644626230001450e-02 2.311881445348262787e-02 2.674081176519393921e-02 3.564619272947311401e-02 2.620092034339904785e-02 2.395720407366752625e-02 1.954090781509876251e-02 3.084117732942104340e-02
1.547797862440347672e-02 1.439300458878278732e-02 4.343991279602050781e-01 2.925290726125240326e-02 3.127014497295022011e-03 1.566955819725990295e-02 2.108576335012912750e-02 1.144814193248748779e-01 3.265837579965591431e-02 1.765864528715610504e-02 1.298864465206861496e-02 2.449791878461837769e-02 4.194916784763336182e-02 3.493032604455947876e-02 3.340958803892135620e-02 1.103257015347480774e-02 1.709472760558128357e-02 1.750361733138561249e-02 9.599864133633673191e-04 3.678128123283386230e-02 2.719272626563906670e-03 1.162216439843177795e-02 6.085639819502830505e-02 2.262329915538430214e-03 1.941859535872936249e-02 2.798219211399555206e-03 2.883326448500156403e-02 1.856019720435142517e-02 1.702446117997169495e-02 2.846712432801723480e-02 3.513319045305252075e-02 2.715464681386947632e-02 3.722433000802993774e-02 3.456228971481323242e-02 6.424451246857643127e-03 2.269975841045379639e-02 1.112909428775310516e-02 3.191038221120834351e-02 2.333069220185279846e-02 6.397245451807975769e-03 2.657243795692920685e-02 8.837016648612916470e-04 3.403177484869956970e-02 2.013287320733070374e-02 1.603765971958637238e-02 7.961759692989289761e-04 3.733636811375617981e-02 4.031636565923690796e-02 2.350413240492343903e-02 2.044000849127769470e-02 2.904435805976390839e-02 1.695751398801803589e-02 3.042587637901306152e-02 5.960504990071058273e-03 1.604141294956207275e-02 4.048446565866470337e-02 6.307879230007529259e-04 3.745177760720252991e-02 1.586454175412654877e-02 2.063321880996227264e-02 1.244162581861019135e-02 2.119267545640468597e-02 3.607185930013656616e-02 1.518876198679208755e-02 3.733558207750320435e-02 2.643732540309429169e-02 4.120923206210136414e-02 1.902310363948345184e-02 1.164637389592826366e-03 6.114360317587852478e-02 3.327082097530364990e-02 6.187934894114732742e-03 4.037412256002426147e-02 5.065642762929201126e-03 2.962523698806762695e-02 8.509897743351757526e-04 3.347615152597427368e-02 2.996793761849403381e-02 1.932029798626899719e-02 1.892921328544616699e-02 1.339050531387329102e-01 1.914294958114624023e-01 1.254803966730833054e-02 3.448402136564254761e-02 4.013140872120857239e-02 2.575893187895417213e-03 1.493805088102817535e-02 8.020599186420440674e-02 2.696771919727325439e-02 3.024871833622455597e-02 1.228399015963077545e-02 1.118530705571174622e-02 1.552633009850978851e-03 2.516371750971302390e-05 3.747683949768543243e-03 2.485005185008049011e-02 1.676302216947078705e-02 3.611865639686584473e-02 3.019270859658718109e-02 1.646078564226627350e-02 1.263576676137745380e-03 4.589839838445186615e-03 4.485518112778663635e-02 1.021202094852924347e-02 1.045806054025888443e-02 3.413165733218193054e-02 3.119982592761516571e-02 2.098377421498298645e-02 1.293210964649915695e-02 4.753042384982109070e-02 4.017359390854835510e-02 3.776486963033676147e-02 1.372970826923847198e-02 1.995984092354774475e-02 2.544046007096767426e-02 5.277252942323684692e-02
4.183537513017654419e-02 1.410799846053123474e-02 2.925290726125240326e-02 4.558584392070770264e-01 1.795287281274795532e-01 2.313680760562419891e-02 3.478948771953582764e-02 8.121651597321033478e-03 3.805870562791824341e-02 4.960925877094268799e-02 3.180750459432601929e-02 4.131212830543518066e-02 6.415799725800752640e-03 4.302453994750976562e-02 1.094366144388914108e-02 9.537149220705032349e-03 1.604963792487978935e-03 2.787055075168609619e-02 1.257203798741102219e-02 1.972730085253715515e-02 8.682039566338062286e-03 3.576703602448105812e-03 2.430966682732105255e-02 9.528033435344696045e-03 4.114444181323051453e-02 4.677686095237731934e-02 2.317633479833602905e-03 8.065595291554927826e-03 3.757457435131072998e-02 2.790335565805435181e-02 5.836836062371730804e-04 4.862552881240844727e-02 1.533795334398746490e-02 9.846292436122894287e-03 3.700437722727656364e-03 4.873790219426155090e-02 4.666991159319877625e-02 2.457209676504135132e-02 3.637708723545074463e-02 4.548427090048789978e-02 4.292090982198715210e-02 3.616051003336906433e-02 1.292197592556476593e-02 4.289249703288078308e-02 1.217624638229608536e-02 5.227023735642433167e-02 3.182528167963027954e-02 3.856895491480827332e-02 3.933954983949661255e-02 4.903516173362731934e-02 3.681938350200653076e-02 2.342299558222293854e-02 3.517882153391838074e-02 2.533371932804584503e-02 1.512258034199476242e-02 1.970070786774158478e-02 8.069159835577011108e-02 2.991756238043308258e-02 2.035644138231873512e-03 1.321225706487894058e-02 4.310290142893791199e-02 2.370621450245380402e-02 4.549812991172075272e-03 1.725749298930168152e-02 8.480913005769252777e-03 4.378775507211685181e-02 6.878422573208808899e-03 1.330403611063957214e-02 1.817383430898189545e-02 2.023726888000965118e-02 3.129894146695733070e-03 3.228873759508132935e-02 1.452408283948898315e-01 4.832939803600311279e-02 1.403886973857879639e-01 4.063638299703598022e-02 2.988082729279994965e-02 3.444593772292137146e-02 4.368137940764427185e-02 2.966595813632011414e-02 2.941338159143924713e-02 5.185244139283895493e-03 4.396304860711097717e-02 5.924088135361671448e-02 1.178281567990779877e-02 2.634142152965068817e-02 3.211019933223724365e-02 1.773515902459621429e-02 1.230844035744667053e-01 8.202437311410903931e-02 3.965390846133232117e-02 3.524214401841163635e-02 3.537851944565773010e-02 2.150017302483320236e-03 3.108808770775794983e-02 1.798210665583610535e-02 1.114271208643913269e-02 2.908598165959119797e-03 1.612165942788124084e-02 3.082779981195926666e-02 1.527293003164231777e-03 2.696023136377334595e-02 1.123672001995146275e-03 4.198084026575088501e-02 3.616556897759437561e-02 2.174531668424606323e-02 4.385857842862606049e-03 5.020339787006378174e-02 5.399136245250701904e-02 3.719355538487434387e-02 3.718881867825984955e-03 2.645910158753395081e-02 4.754609614610671997e-02 1.158330240286886692e-03 7.493919227272272110e-03 2.198217064142227173e-02
3.962251543998718262e-02 3.789163380861282349e-02 3.127014497295022011e-03 1.795287281274795532e-01 4.648889899253845215e-01 1.018303632736206055e-02 3.296774253249168396e-02 2.458442002534866333e-02 4.222506657242774963e-02 2.542168274521827698e-02 2.598074823617935181e-02 3.250246495008468628e-02 2.523900009691715240e-02 4.000985994935035706e-02 2.105118148028850555e-02 2.423835359513759613e-02 4.420138429850339890e-03 3.785117715597152710e-02 1.634346880018711090e-02 2.951989509165287018e-02 1.677582040429115295e-02 1.098259165883064270e-02 4.078561067581176758e-02 3.072835039347410202e-03 4.497841373085975647e-02 5.102072283625602722e-02 4.582032561302185059e-02 8.166806655935943127e-04 4.179274663329124451e-02 1.975080929696559906e-02 7.289849687367677689e-03 3.210955113172531128e-02 2.840860746800899506e-02 9.600784629583358765e-03 1.066020503640174866e-02 2.116130664944648743e-02 3.438847884535789490e-02 3.387603908777236938e-02 1.420507393777370453e-02 7.441124878823757172e-03 4.443688690662384033e-02 4.222781583666801453e-02 2.529872395098209381e-02 3.253458067774772644e-02 3.370747715234756470e-02 9.196515381336212158e-02 3.372681140899658203e-02 3.859762847423553467e-02 2.238864079117774963e-02 1.664329878985881805e-02 5.781304836273193359e-02 4.204825684428215027e-02 4.563130810856819153e-02 3.618789464235305786e-02 1.134187914431095123e-02 3.433952480554580688e-02 4.770959541201591492e-02 6.749634165316820145e-03 3.278273344039916992e-02 1.974860951304435730e-02 3.233538195490837097e-02 3.478067368268966675e-02 2.424557693302631378e-02 4.461668059229850769e-02 1.092005521059036255e-02 4.741508886218070984e-02 5.098856054246425629e-03 1.549534872174263000e-02 1.223580213263630867e-03 1.579282805323600769e-02 3.877760143950581551e-03 4.696543142199516296e-02 1.539867967367172241e-01 2.833340317010879517e-02 1.690224707126617432e-01 5.138643085956573486e-02 1.439847424626350403e-02 2.751278690993785858e-02 2.711390331387519836e-02 4.291523620486259460e-02 1.323355128988623619e-03 1.243807747960090637e-02 4.584528133273124695e-02 8.087038993835449219e-02 2.588609419763088226e-02 4.691663384437561035e-02 4.324846342206001282e-02 4.335468634963035583e-02 8.637781441211700439e-02 5.401121452450752258e-02 3.545237332582473755e-02 2.155137248337268829e-02 3.646980226039886475e-02 4.431260749697685242e-04 2.544239535927772522e-02 3.152506053447723389e-02 1.226267963647842407e-02 1.782242767512798309e-02 4.388888180255889893e-02 4.307695478200912476e-02 1.790980435907840729e-02 6.572830025106668472e-03 1.810324192047119141e-02 5.589868873357772827e-02 3.555090352892875671e-02 1.039121579378843307e-02 1.007658708840608597e-02 3.128872811794281006e-02 2.791927009820938110e-02 3.881532326340675354e-02 4.304982721805572510e-02 1.494485884904861450e-02 4.522619768977165222e-02 2.109813969582319260e-03 3.157227486371994019e-02 1.033984124660491943e-02
6.458091735839843750e-02 8.190996199846267700e-02 1.566955819725990295e-02 2.313680760562419891e-02 1.018303632736206055e-02 4.526917338371276855e-01 1.180155724287033081e-01 1.679247803986072540e-02 2.903192117810249329e-02 5.190513655543327332e-02 5.038689076900482178e-02 6.393120437860488892e-02 6.536488234996795654e-02 2.786703221499919891e-02 7.406646851450204849e-03 6.617275066673755646e-04 1.566392369568347931e-02 5.137586966156959534e-03 1.097569894045591354e-02 2.428665384650230408e-02 2.245118282735347748e-02 2.261717990040779114e-02 1.591422129422426224e-03 3.805797174572944641e-02 1.940134912729263306e-02 3.127883747220039368e-02 2.405120804905891418e-02 4.864197596907615662e-02 3.422453626990318298e-02 4.147320613265037537e-02 2.562594786286354065e-02 6.632894743233919144e-03 3.690085187554359436e-02 1.388481445610523224e-02 3.642417024821043015e-03 1.533833332359790802e-02 3.456983342766761780e-02 4.640436731278896332e-03 3.740638121962547302e-02 4.072811082005500793e-02 5.982705578207969666e-02 2.997950837016105652e-02 5.193005502223968506e-02 1.939353346824645996e-02 2.746918611228466034e-02 1.314794551581144333e-02 9.205912053585052490e-02 9.474354237318038940e-02 3.277246654033660889e-02 2.860351698473095894e-03 4.400901123881340027e-02 1.321185473352670670e-02 1.173755899071693420e-02 2.697390737012028694e-03 5.708453318220563233e-05 3.361674398183822632e-02 2.988066338002681732e-02 5.210250243544578552e-02 3.936199937015771866e-03 1.566183380782604218e-02 1.174350827932357788e-02 9.103504009544849396e-03 4.290547594428062439e-02 3.628114983439445496e-02 2.954748086631298065e-02 9.985321201384067535e-03 1.613305322825908661e-02 2.097360603511333466e-02 4.071440547704696655e-02 1.185858156532049179e-02 2.160884626209735870e-02 2.838219515979290009e-02 1.608177646994590759e-02 2.969325892627239227e-02 3.775255754590034485e-02 4.240221157670021057e-02 3.835068549960851669e-03 3.147286921739578247e-02 2.700773626565933228e-02 2.939768321812152863e-02 7.830697111785411835e-03 4.848224576562643051e-03 3.973499312996864319e-02 1.549290213733911514e-02 1.755130290985107422e-02 1.419418142177164555e-03 7.374429143965244293e-03 4.087017849087715149e-03 2.283814363181591034e-02 2.555991522967815399e-02 4.012372717261314392e-02 4.871251434087753296e-02 5.752371624112129211e-02 1.268709916621446609e-02 2.117227204144001007e-02 1.057613920420408249e-02 8.415833581238985062e-04 5.198867525905370712e-03 2.722896076738834381e-02 1.250156760215759277e-02 4.035916924476623535e-02 1.784580387175083160e-02 9.012356400489807129e-03 5.296261608600616455e-02 4.405351728200912476e-02 4.326333478093147278e-02 9.332946501672267914e-03 5.066856369376182556e-02 3.747551143169403076e-02 5.442253872752189636e-02 6.357128266245126724e-03 1.461907848715782166e-02 6.822845432907342911e-03 4.819348827004432678e-02 1.475424226373434067e-02 2.042496390640735626e-02
3.022589953616261482e-04 4.677467048168182373e-02 2.108576335012912750e-02 3.478948771953582764e-02 3.296774253249168396e-02 1.180155724287033081e-01 4.698750078678131104e-01 4.595877602696418762e-02 2.584078721702098846e-02 3.362996503710746765e-02 8.246850967407226562e-02 3.315984940854832530e-05 9.259719401597976685e-02 4.579282179474830627e-02 4.670871421694755554e-02 4.300805553793907166e-02 3.980142250657081604e-02 2.049325592815876007e-02 2.454899251461029053e-02 6.954852491617202759e-03 3.108248487114906311e-02 4.430646076798439026e-03 3.727044910192489624e-02 4.243063926696777344e-02 3.691541776061058044e-02 3.514384105801582336e-02 3.413489833474159241e-02 4.863964766263961792e-02 8.202693611383438110e-02 1.685360632836818695e-02 1.073862016201019287e-01 2.003426291048526764e-02 2.168589644134044647e-02 2.986577746924012899e-04 4.304444044828414917e-02 5.210831761360168457e-02 5.596271157264709473e-02 6.546611431986093521e-03 1.626964472234249115e-02 7.349435240030288696e-03 2.001116052269935608e-02 2.425218001008033752e-02 3.650728613138198853e-02 2.332509495317935944e-02 1.495711412280797958e-02 2.752419095486402512e-03 1.070083528757095337e-01 1.386284381151199341e-01 2.212295867502689362e-02 1.857072673738002777e-02 1.286759320646524429e-02 2.309131994843482971e-02 6.538018933497369289e-04 1.109581440687179565e-02 6.668648682534694672e-03 4.985772445797920227e-02 6.200706120580434799e-04 9.338673204183578491e-03 4.781266674399375916e-02 2.044459432363510132e-02 3.566058725118637085e-02 2.379728481173515320e-03 1.187179586850106716e-03 3.090086951851844788e-02 1.667209900915622711e-02 3.475584089756011963e-02 6.108791567385196686e-03 3.695740178227424622e-02 3.842251317109912634e-04 1.292596850544214249e-02 4.528967663645744324e-02 2.766040340065956116e-02 2.629752270877361298e-02 2.457699552178382874e-02 3.199006989598274231e-02 5.857673939317464828e-03 4.034007340669631958e-02 5.073024332523345947e-02 1.494663208723068237e-02 2.309149689972400665e-02 4.914277419447898865e-02 4.491420462727546692e-02 3.502825275063514709e-02 2.714089490473270416e-02 1.463951356709003448e-02 1.921667717397212982e-02 1.278341468423604965e-02 5.125548690557479858e-02 5.106624681502580643e-03 2.204697951674461365e-02 4.752185195684432983e-02 2.303909324109554291e-02 7.657804340124130249e-02 1.296224817633628845e-02 1.720290514640510082e-03 1.851759850978851318e-02 4.867265745997428894e-02 2.965965680778026581e-02 2.911314181983470917e-02 4.021631553769111633e-02 1.016380079090595245e-02 5.785425659269094467e-03 8.269401267170906067e-03 4.225134849548339844e-02 1.999099552631378174e-02 1.632895320653915405e-02 2.253382280468940735e-02 4.647810384631156921e-02 3.385689854621887207e-02 3.832419216632843018e-02 6.483566015958786011e-02 1.693602651357650757e-02 3.758405148983001709e-02 1.088443771004676819e-02 6.000478565692901611e-02 2.956684306263923645e-02
1.760216057300567627e-02 4.616602137684822083e-02 1.144814193248748779e-01 8.121651597321033478e-03 2.458442002534866333e-02 1.679247803986072540e-02 4.595877602696418762e-02 4.521413743495941162e-01 1.285147294402122498e-02 3.978827968239784241e-02 7.288496941328048706e-02 4.185516387224197388e-02 4.938650503754615784e-02 3.383642435073852539e-02 1.617292314767837524e-01 1.731227524578571320e-02 2.766367793083190918e-02 2.279098331928253174e-02 1.624614186584949493e-02 1.726960530504584312e-03 3.835510089993476868e-02 3.564661741256713867e-02 1.057522743940353394e-01 5.995658412575721741e-02 3.420235589146614075e-02 4.226106032729148865e-02 4.285172559320926666e-03 4.235945641994476318e-02 2.145230956375598907e-02 3.089240193367004395e-02 6.694502197206020355e-03 2.056174725294113159e-02 9.423759765923023224e-04 3.691672161221504211e-02 2.530178520828485489e-03 1.630773209035396576e-02 2.614313969388604164e-03 4.876215755939483643e-02 1.076210988685488701e-03 2.815851382911205292e-02 9.069918305613100529e-04 4.648503661155700684e-02 3.912544995546340942e-02 3.402740880846977234e-02 1.214279606938362122e-02 4.033598676323890686e-02 1.276370510458946228e-02 1.421951036900281906e-02 2.172939665615558624e-02 7.891947403550148010e-03 1.830221526324748993e-02 4.816687665879726410e-03 3.816036041826009750e-03 2.231730893254280090e-02 3.727898746728897095e-02 2.325822133570909500e-03 3.140286775305867195e-03 3.420037403702735901e-02 3.160747140645980835e-02 1.058118883520364761e-02 2.748421579599380493e-02 8.586109615862369537e-03 3.674683347344398499e-02 1.244613807648420334e-02 7.552920840680599213e-03 1.767063885927200317e-02 4.246852174401283264e-02 4.657399281859397888e-02 2.018558979034423828e-02 3.115568682551383972e-02 5.562214646488428116e-03 2.502418681979179382e-02 2.387172915041446686e-02 2.343258447945117950e-02 2.385173924267292023e-03 2.992370724678039551e-02 2.600933611392974854e-02 1.203874871134757996e-02 9.021564386785030365e-03 2.272130176424980164e-02 1.153197214007377625e-01 1.029977649450302124e-01 1.910654641687870026e-02 1.283121947199106216e-02 2.186171337962150574e-02 1.942978985607624054e-02 1.051548719406127930e-01 1.220232918858528137e-01 1.475378405302762985e-02 4.019707813858985901e-02 3.109573945403099060e-02 1.503031468018889427e-03 7.574990857392549515e-03 1.231558341532945633e-02 1.999805867671966553e-02 3.555013611912727356e-02 3.069408051669597626e-02 1.615179888904094696e-02 3.041723184287548065e-02 3.227281942963600159e-02 4.393957555294036865e-02 2.329227142035961151e-02 3.336091712117195129e-02 6.796742323786020279e-03 2.787658385932445526e-02 2.493368461728096008e-02 2.657060883939266205e-02 3.092283848673105240e-03 9.510386735200881958e-03 4.962719604372978210e-02 1.410147547721862793e-02 3.086811921093612909e-04 9.333522990345954895e-03 2.758195251226425171e-02 3.659948706626892090e-02 3.214012831449508667e-02
6.449576467275619507e-03 2.005414571613073349e-03 3.265837579965591431e-02 3.805870562791824341e-02 4.222506657242774963e-02 2.903192117810249329e-02 2.584078721702098846e-02 1.285147294402122498e-02 4.555923640727996826e-01 1.111566275358200073e-01 1.473221182823181152e-02 2.587827853858470917e-03 7.726711686700582504e-03 4.753460735082626343e-02 6.484272424131631851e-03 8.239842206239700317e-02 6.505054235458374023e-02 5.371440574526786804e-02 3.656052798032760620e-02 3.581262007355690002e-02 2.427086792886257172e-02 6.986452266573905945e-03 4.629845544695854187e-02 9.505915455520153046e-03 4.819523170590400696e-02 3.576114075258374214e-03 4.906073585152626038e-02 4.581686574965715408e-03 3.409315645694732666e-02 3.785206004977226257e-02 4.688267037272453308e-02 1.052699424326419830e-02 7.079944480210542679e-04 4.943392798304557800e-02 1.844298094511032104e-02 3.600284457206726074e-02 5.206264555454254150e-02 6.590709090232849121e-04 8.987221866846084595e-03 2.765369601547718048e-03 1.855756528675556183e-02 2.162774838507175446e-02 3.742869198322296143e-02 3.193400567397475243e-03 2.912087738513946533e-02 2.070194575935602188e-03 1.431472506374120712e-02 2.437429316341876984e-02 4.138747230172157288e-03 5.194916576147079468e-02 3.547432273626327515e-02 8.231762796640396118e-03 4.333876818418502808e-02 3.459639102220535278e-02 4.398379474878311157e-02 4.584936052560806274e-02 3.480446524918079376e-03 4.178243502974510193e-02 7.241778541356325150e-03 4.404319077730178833e-02 3.133731335401535034e-02 6.147736683487892151e-02 4.990519955754280090e-02 2.339502796530723572e-02 1.847043074667453766e-02 5.042522400617599487e-02 5.374920740723609924e-02 4.781410098075866699e-02 1.092957779765129089e-01 3.986480459570884705e-02 5.156017094850540161e-02 4.026028886437416077e-02 2.449509873986244202e-02 3.056467697024345398e-02 8.070020936429500580e-03 3.383437544107437134e-02 1.799140423536300659e-01 1.011004224419593811e-01 1.140816323459148407e-02 1.633859612047672272e-02 4.271277040243148804e-02 3.926831111311912537e-02 7.197861373424530029e-02 2.260795561596751213e-03 9.271568618714809418e-03 1.196516095660626888e-03 3.178799152374267578e-02 2.996348962187767029e-02 2.942478470504283905e-02 1.299914997071027756e-02 4.475624114274978638e-02 2.363665588200092316e-02 3.177538514137268066e-02 1.238682586699724197e-02 2.561759203672409058e-02 2.423107810318470001e-02 2.785016596317291260e-02 2.518451213836669922e-02 2.951920032501220703e-02 1.579443109221756458e-03 2.312127128243446350e-02 3.609271347522735596e-02 1.112545467913150787e-02 2.201924845576286316e-02 8.667618036270141602e-03 2.447767416015267372e-03 3.961029276251792908e-02 3.392592817544937134e-02 1.270741410553455353e-02 2.482948638498783112e-02 3.471612557768821716e-02 6.680072750896215439e-03 1.048232242465019226e-02 5.250518769025802612e-02 7.455687504261732101e-03 1.947666145861148834e-02
4.999861493706703186e-02 4.607515409588813782e-03 1.765864528715610504e-02 4.960925877094268799e-02 2.542168274521827698e-02 5.190513655543327332e-02 3.362996503710746765e-02 3.978827968239784241e-02 1.111566275358200073e-01 4.406288564205169678e-01 2.152049168944358826e-02 1.131550967693328857e-02 4.140791296958923340e-02 1.402442809194326401e-02 6.640035659074783325e-03 2.540434151887893677e-02 2.729613892734050751e-02 1.933004148304462433e-02 7.100827060639858246e-03 1.430653734132647514e-03 1.698626577854156494e-02 3.986287862062454224e-02 1.772006601095199585e-02 8.035585284233093262e-02 2.924271160736680031e-03 4.068447649478912354e-02 5.003290623426437378e-02 3.003029339015483856e-02 3.908095508813858032e-02 1.616981439292430878e-02 4.183572903275489807e-02 2.887671627104282379e-02 5.346666648983955383e-02 1.639894582331180573e-02 1.346499379724264145e-02 4.327045008540153503e-02 4.176564142107963562e-02 3.113107196986675262e-02 3.257132321596145630e-02 4.695539362728595734e-03 1.119835767894983292e-03 2.392266690731048584e-02 1.283021364361047745e-02 1.271733455359935760e-02 1.833070884458720684e-03 3.291869163513183594e-02 3.168836981058120728e-02 4.547124356031417847e-02 9.418009780347347260e-03 5.661450326442718506e-02 1.159073319286108017e-02 1.705257594585418701e-02 2.734272554516792297e-02 2.634686976671218872e-02 1.336419489234685898e-02 6.687377113848924637e-03 4.560687392950057983e-02 1.798575744032859802e-02 5.078127607703208923e-02 7.706680800765752792e-03 4.900883138179779053e-02 4.674859717488288879e-02 4.623264819383621216e-02 4.959579184651374817e-02 3.022534027695655823e-02 9.301781654357910156e-03 2.183984033763408661e-02 5.645726248621940613e-02 6.742645520716905594e-03 1.047808025032281876e-02 1.914551854133605957e-02 4.719294980168342590e-02 3.000258468091487885e-03 2.295239083468914032e-02 3.047473495826125145e-03 4.090019315481185913e-02 2.949751168489456177e-02 1.224889680743217468e-01 3.941465914249420166e-02 3.744652867317199707e-02 1.744364388287067413e-02 1.485886890441179276e-02 3.726889193058013916e-02 3.459074348211288452e-02 2.383116818964481354e-02 2.867716550827026367e-02 9.704436175525188446e-03 1.563730766065418720e-04 1.323059108108282089e-02 3.967282176017761230e-02 1.275036111474037170e-02 9.794998914003372192e-03 9.930562227964401245e-04 1.565293967723846436e-02 3.272530809044837952e-02 2.981609292328357697e-02 5.612563341856002808e-02 2.135720476508140564e-02 2.822578512132167816e-02 3.588813170790672302e-02 3.812377806752920151e-03 1.111776847392320633e-02 4.872312024235725403e-02 2.334442734718322754e-02 5.149871110916137695e-02 1.619805407244712114e-04 1.896249316632747650e-02 2.801075205206871033e-02 5.603899061679840088e-02 6.547919660806655884e-02 3.794831037521362305e-02 2.867835946381092072e-02 1.412460207939147949e-02 4.267881810665130615e-02 2.197844907641410828e-03 1.766704767942428589e-02
7.882463932037353516e-02 5.815547332167625427e-02 1.298864465206861496e-02 3.180750459432601929e-02 2.598074823617935181e-02 5.038689076900482178e-02 8.246850967407226562e-02 7.288496941328048706e-02 1.473221182823181152e-02 2.152049168944358826e-02 4.637148380279541016e-01 3.929794579744338989e-02 1.254892051219940186e-01 4.099073633551597595e-02 3.336240723729133606e-02 1.803134102374315262e-03 1.744573935866355896e-02 1.026469841599464417e-02 9.953510947525501251e-03 1.239159982651472092e-02 8.813991211354732513e-03 3.157459199428558350e-02 5.060009285807609558e-02 8.692610077559947968e-03 1.396516431123018265e-02 1.353461993858218193e-03 2.613342925906181335e-02 4.123526439070701599e-02 1.048175022006034851e-01 8.788158185780048370e-03 9.489943832159042358e-02 1.235559210181236267e-02 3.472625836730003357e-02 2.579682879149913788e-02 3.193127736449241638e-02 1.079839561134576797e-02 3.241859376430511475e-02 2.648158743977546692e-02 2.100614830851554871e-02 4.071042686700820923e-02 5.308792367577552795e-02 3.378750756382942200e-02 3.543921280652284622e-03 2.977252565324306488e-02 1.677459664642810822e-02 9.650543332099914551e-03 6.301803886890411377e-02 8.156496286392211914e-02 5.055441334843635559e-02 2.394994162023067474e-02 9.502345696091651917e-03 4.409008100628852844e-02 2.170253358781337738e-02 8.059393614530563354e-03 4.930940270423889160e-02 4.265990108251571655e-02 2.236762456595897675e-02 1.962467655539512634e-02 3.037196956574916840e-02 2.467842772603034973e-03 1.991307176649570465e-02 1.201377809047698975e-02 5.067856051027774811e-03 9.432891383767127991e-03 4.486292228102684021e-02 4.032924771308898926e-02 3.102200105786323547e-03 3.425085218623280525e-03 4.881380498409271240e-02 9.222045540809631348e-03 5.236225947737693787e-02 3.238006308674812317e-02 3.933871537446975708e-02 1.301921904087066650e-02 2.131040766835212708e-02 1.322585716843605042e-02 2.981460280716419220e-02 4.516550898551940918e-02 3.953254222869873047e-02 4.445816203951835632e-02 4.150384571403264999e-03 1.101029012352228165e-02 4.505128785967826843e-02 2.021829783916473389e-02 2.420742530375719070e-03 1.986998878419399261e-02 4.449727013707160950e-02 2.534119226038455963e-02 4.341118782758712769e-02 2.027210406959056854e-02 4.301771521568298340e-02 6.199979688972234726e-03 6.951641291379928589e-02 1.173297315835952759e-02 1.420572865754365921e-02 1.559175178408622742e-02 3.684487566351890564e-02 2.960789389908313751e-02 5.056797340512275696e-02 4.342975839972496033e-02 6.136086303740739822e-03 2.562039997428655624e-03 3.291742503643035889e-02 4.064730554819107056e-02 3.267808258533477783e-02 3.712788224220275879e-02 1.489639841020107269e-02 5.363567173480987549e-02 2.838014625012874603e-02 5.546936765313148499e-02 1.989188045263290405e-02 4.314052686095237732e-02 5.213580280542373657e-02 2.904126793146133423e-02 1.546087022870779037e-02 1.481980737298727036e-02
2.304857771378010511e-04 2.080330438911914825e-02 2.449791878461837769e-02 4.131212830543518066e-02 3.250246495008468628e-02 6.393120437860488892e-02 3.315984940854832530e-05 4.185516387224197388e-02 2.587827853858470917e-03 1.131550967693328857e-02 3.929794579744338989e-02 4.413128495216369629e-01 2.848900668323040009e-02 1.363987177610397339e-01 5.801529157906770706e-03 2.822411246597766876e-02 4.235262423753738403e-02 2.251796051859855652e-02 7.262734230607748032e-03 4.353969171643257141e-02 3.529802337288856506e-02 9.194402955472469330e-03 7.293949835002422333e-03 3.718855977058410645e-02 5.285606533288955688e-02 4.056315496563911438e-02 8.091405965387821198e-03 6.929814070463180542e-02 2.133508771657943726e-02 3.779475111514329910e-03 4.959532245993614197e-02 4.617005120962858200e-03 3.804174065589904785e-02 6.437077652662992477e-03 3.574844077229499817e-02 4.500510171055793762e-02 3.143015503883361816e-02 3.937877714633941650e-03 2.818156406283378601e-02 3.158519417047500610e-02 5.266948789358139038e-02 4.285369813442230225e-02 4.294881969690322876e-02 7.619737880304455757e-04 1.257720291614532471e-01 9.408319368958473206e-03 3.539270162582397461e-02 4.537925124168395996e-03 3.075956553220748901e-02 1.353717688471078873e-02 3.824016451835632324e-02 2.609805576503276825e-02 9.138524532318115234e-03 8.272642153315246105e-04 2.999791316688060760e-02 3.790339455008506775e-02 4.466838203370571136e-03 3.808016330003738403e-02 6.169437617063522339e-02 3.348385170102119446e-02 1.622408628463745117e-02 4.410024266690015793e-03 2.051665075123310089e-02 2.631472237408161163e-02 5.204359814524650574e-02 2.426523528993129730e-02 3.120679035782814026e-02 3.447359427809715271e-02 2.824130095541477203e-02 8.672688156366348267e-03 4.331096075475215912e-03 5.876265466213226318e-02 2.633393928408622742e-02 2.662063110619783401e-03 1.368249580264091492e-02 6.414005183614790440e-04 1.582461223006248474e-02 4.169099032878875732e-02 1.531625445932149887e-02 1.623773574829101562e-02 2.353850938379764557e-02 1.737630227580666542e-03 9.186040610074996948e-03 6.931310053914785385e-03 4.723209515213966370e-02 1.639794185757637024e-02 2.029168419539928436e-02 3.333276882767677307e-02 2.954246103763580322e-02 1.199944177642464638e-03 6.782198697328567505e-02 6.803468568250536919e-04 2.585347555577754974e-02 6.977613549679517746e-03 1.632931083440780640e-02 2.980672381818294525e-02 4.006210342049598694e-02 1.631031744182109833e-03 2.071194816380739212e-03 3.352316468954086304e-02 3.267716243863105774e-02 3.202917054295539856e-02 5.661432817578315735e-02 6.217423360794782639e-03 2.534182183444499969e-02 6.546208169311285019e-03 2.915189974009990692e-02 6.775241810828447342e-03 3.917548060417175293e-02 9.902765043079853058e-03 3.610081970691680908e-02 8.650407195091247559e-02 5.078896135091781616e-02 6.070794537663459778e-02 1.589182950556278229e-02 2.110453881323337555e-02
6.027759984135627747e-02 1.049550920724868774e-01 4.194916784763336182e-02 6.415799725800752640e-03 2.523900009691715240e-02 6.536488234996795654e-02 9.259719401597976685e-02 4.938650503754615784e-02 7.726711686700582504e-03 4.140791296958923340e-02 1.254892051219940186e-01 2.848900668323040009e-02 4.636032879352569580e-01 3.452209010720252991e-02 5.659127980470657349e-02 2.476558275520801544e-02 3.644487634301185608e-02 2.840349916368722916e-03 3.050631657242774963e-02 4.391807690262794495e-02 1.680157519876956940e-02 5.141535773873329163e-02 2.094059251248836517e-02 9.787368588149547577e-03 2.348036132752895355e-02 8.976321667432785034e-03 3.162506967782974243e-03 3.593548014760017395e-02 6.131096556782722473e-02 1.438180077821016312e-02 1.090147495269775391e-01 2.983110025525093079e-02 3.193938732147216797e-02 2.832768857479095459e-02 4.681976884603500366e-02 2.649770863354206085e-02 3.583068400621414185e-02 4.211034625768661499e-03 2.908662334084510803e-02 1.795120164752006531e-02 4.916401952505111694e-02 3.216220438480377197e-02 4.522144794464111328e-02 3.869018750265240669e-03 2.339085005223751068e-02 3.566942876204848289e-03 5.512963235378265381e-02 8.212296664714813232e-02 4.394301399588584900e-02 3.612587228417396545e-02 8.118225261569023132e-03 2.448362298309803009e-02 1.675287075340747833e-02 1.952382549643516541e-02 3.004488348960876465e-02 3.885601088404655457e-02 3.804883733391761780e-02 2.130538038909435272e-02 2.515941485762596130e-02 1.328115817159414291e-02 2.697711065411567688e-02 1.123598497360944748e-02 3.819530364125967026e-03 6.597349885851144791e-03 3.087550960481166840e-02 6.195474043488502502e-02 1.418686471879482269e-03 3.099037334322929382e-02 5.201911181211471558e-02 5.276382714509963989e-02 2.807255648076534271e-02 3.358877822756767273e-02 4.166720062494277954e-02 1.352773047983646393e-02 3.068252652883529663e-02 3.223380073904991150e-03 1.308875530958175659e-02 1.837320439517498016e-02 2.954834140837192535e-02 3.806137666106224060e-02 7.755320984870195389e-03 1.993589662015438080e-02 3.553665056824684143e-02 2.507613413035869598e-02 9.867605753242969513e-03 3.700198233127593994e-02 3.118388541042804718e-02 5.066464841365814209e-02 4.084930941462516785e-02 6.152790039777755737e-03 1.828411035239696503e-02 1.180237904191017151e-02 6.565524637699127197e-02 8.748391643166542053e-03 1.455750432796776295e-03 1.175984973087906837e-03 2.700516581535339355e-02 5.361509509384632111e-03 2.466070279479026794e-02 2.198246680200099945e-02 2.303854003548622131e-02 2.140532992780208588e-02 2.165472880005836487e-02 2.678464166820049286e-02 4.990701749920845032e-02 1.252213772386312485e-02 3.835627809166908264e-02 4.157362133264541626e-02 4.387915134429931641e-02 5.039795860648155212e-02 2.699942328035831451e-02 3.666692599654197693e-02 2.643646299839019775e-02 3.518472984433174133e-02 6.623678375035524368e-03 1.003059651702642441e-02
