4.553850293159484863e-01 2.405486255884170532e-01 8.369263261556625366e-03 1.434458885341882706e-02 2.258016960695385933e-03 9.685666859149932861e-02 3.544610738754272461e-02 3.561637178063392639e-02 8.764903992414474487e-03 2.093525603413581848e-03 8.962266892194747925e-02 2.381030656397342682e-02 7.054149359464645386e-02 3.506924957036972046e-02 1.583059504628181458e-02 3.584817517548799515e-03 9.119097143411636353e-03 1.422308105975389481e-02 1.574171707034111023e-02 1.428668480366468430e-02 9.239978156983852386e-03 1.234983559697866440e-02 1.775540970265865326e-02 2.678270684555172920e-03 2.319069206714630127e-02 2.630914933979511261e-02 2.231728099286556244e-02 4.102569539099931717e-03 4.009579867124557495e-02 2.135242102667689323e-03 3.558390215039253235e-02 4.065753147006034851e-02 6.847470533102750778e-03 2.424090728163719177e-02 2.133268304169178009e-02 5.147134885191917419e-03 4.452817887067794800e-02 5.220343591645359993e-04 7.298891898244619370e-03 1.971761509776115417e-02 3.500722348690032959e-02 2.644908986985683441e-02 7.321048760786652565e-04 7.404960691928863525e-03 2.574524283409118652e-02 5.810772255063056946e-02 5.282336845993995667e-02 1.796192489564418793e-02 1.742833480238914490e-02 3.630892187356948853e-02 4.114567860960960388e-02 3.991074860095977783e-02 8.800333365797996521e-03 3.072357363998889923e-02 2.474397048354148865e-02 1.982903108000755310e-02 4.309677332639694214e-02 2.072266861796379089e-02 4.882606491446495056e-02 4.470007866621017456e-02 1.350445766001939774e-02 3.436575829982757568e-02 4.873600788414478302e-03 6.143759563565254211e-02 1.008393801748752594e-02 1.010053884238004684e-02 1.507991179823875427e-02 4.462482780218124390e-02 5.242173373699188232e-02 1.696388795971870422e-02 1.249953079968690872e-02 1.794025674462318420e-02 1.766566373407840729e-02 1.199595909565687180e-02 5.540509708225727081e-03 5.031188204884529114e-02 1.032458338886499405e-02 2.467357739806175232e-02 1.043489086441695690e-03 2.651870995759963989e-02 3.161741886287927628e-03 4.284005239605903625e-02 3.822003304958343506e-02 3.452618420124053955e-02 2.905283123254776001e-02 3.995984047651290894e-02 2.010867185890674591e-02 3.691118955612182617e-02 2.779611572623252869e-02 1.440217159688472748e-02 3.702679276466369629e-02 2.573058940470218658e-02 4.750820249319076538e-02 4.888596758246421814e-02 1.175475865602493286e-02 1.819838769733905792e-02 3.793369978666305542e-02 3.790843486785888672e-02 5.118923727422952652e-03 1.114733982831239700e-02 3.681869804859161377e-02 7.729136385023593903e-03 3.886300325393676758e-02 9.707567282021045685e-03 5.102576315402984619e-02 5.164122208952903748e-02 2.873804792761802673e-02 5.651162192225456238e-02 2.642143890261650085e-02 5.252229049801826477e-02 1.519337482750415802e-02 3.471558913588523865e-03 6.133965402841567993e-02 5.246729776263237000e-02 1.944212056696414948e-02 2.563806250691413879e-02
2.405486255884170532e-01 4.594526886940002441e-01 1.473457831889390945e-02 6.686356384307146072e-03 4.447563737630844116e-02 1.115118786692619324e-01 6.301809102296829224e-02 3.785359486937522888e-02 3.971834480762481689e-02 2.888423576951026917e-02 7.890597730875015259e-02 1.666822098195552826e-02 9.333952516317367554e-02 3.884353116154670715e-02 1.219409331679344177e-02 1.420277822762727737e-02 1.184190437197685242e-02 2.766054123640060425e-02 4.022905137389898300e-03 1.212558476254343987e-03 3.351466357707977295e-02 1.447177398949861526e-02 2.262239577248692513e-03 5.159037653356790543e-03 2.139715291559696198e-02 4.009875282645225525e-02 4.448387399315834045e-02 3.127396851778030396e-02 3.206490352749824524e-02 9.467543102800846100e-03 2.498091384768486023e-02 1.782246306538581848e-02 3.939321264624595642e-03 3.379944339394569397e-02 2.733992971479892731e-02 1.239471696317195892e-02 2.409453131258487701e-02 1.580986566841602325e-02 9.588020853698253632e-03 1.284324564039707184e-02 1.222945936024188995e-02 4.833508748561143875e-03 2.450758824124932289e-03 3.305023536086082458e-02 4.679135978221893311e-02 2.795312553644180298e-02 5.388633906841278076e-02 2.592749334871768951e-02 2.076553367078304291e-02 3.475022688508033752e-02 5.119391158223152161e-02 5.756694450974464417e-02 7.866702042520046234e-03 2.655338728800415993e-03 4.534167051315307617e-02 3.943679481744766235e-02 1.963819563388824463e-02 3.940843790769577026e-02 5.331490561366081238e-02 4.249812290072441101e-02 4.684828221797943115e-03 2.028383687138557434e-02 3.755350131541490555e-03 5.747527256608009338e-02 2.430741209536790848e-03 4.669592715799808502e-03 3.858324885368347168e-02 4.899603314697742462e-03 2.566741593182086945e-02 2.746339142322540283e-02 3.749971836805343628e-02 4.898329079151153564e-02 4.005334526300430298e-02 3.042035736143589020e-02 4.161165282130241394e-02 6.136250495910644531e-02 1.353858876973390579e-02 3.172391653060913086e-02 8.156055584549903870e-03 3.220120072364807129e-02 1.154840365052223206e-02 4.625274240970611572e-02 1.355465501546859741e-02 1.484569348394870758e-02 3.069181181490421295e-02 3.106692992150783539e-02 2.095074206590652466e-02 2.227833867073059082e-02 7.824404165148735046e-03 2.007580175995826721e-02 2.726873755455017090e-02 5.798080563545227051e-02 4.848867654800415039e-02 5.878436192870140076e-02 9.060629643499851227e-03 2.768635004758834839e-02 1.292669866234064102e-02 4.840530455112457275e-02 7.867612875998020172e-03 4.311357159167528152e-03 4.208294674754142761e-02 3.220164030790328979e-02 2.297195419669151306e-02 5.652295425534248352e-03 4.857127740979194641e-02 4.823512211441993713e-02 7.367530371993780136e-03 4.310053214430809021e-02 3.323666751384735107e-02 6.292030960321426392e-02 1.353191304951906204e-02 9.955430403351783752e-03 4.390310496091842651e-02 4.442832618951797485e-02 5.275785177946090698e-02 2.106852084398269653e-02
8.369263261556625366e-03 1.473457831889390945e-02 4.332058131694793701e-01 3.003821009770035744e-03 3.005187213420867920e-02 3.107616212218999863e-03 3.246146021410822868e-03 9.577853977680206299e-02 6.318111903965473175e-03 1.264020521193742752e-02 1.710397191345691681e-03 3.513133898377418518e-02 1.721328310668468475e-02 8.989293873310089111e-02 9.180093184113502502e-03 2.758026868104934692e-02 6.450181361287832260e-03 1.347214449197053909e-03 3.798075020313262939e-02 7.722500246018171310e-03 3.339003026485443115e-02 1.157858502119779587e-02 2.449523098766803741e-02 6.315884180366992950e-03 4.345332831144332886e-02 3.435801342129707336e-02 3.047475591301918030e-02 5.411437153816223145e-02 2.152149006724357605e-02 5.176047608256340027e-02 2.077254652976989746e-02 1.746082305908203125e-02 1.460401155054569244e-02 2.624145336449146271e-02 2.575372159481048584e-02 8.466627448797225952e-02 5.035385116934776306e-02 3.269628435373306274e-02 3.166645020246505737e-02 2.250258065760135651e-02 6.970153190195560455e-03 8.213568478822708130e-03 3.963159397244453430e-02 1.585725992918014526e-01 2.549341134727001190e-02 5.664811469614505768e-03 2.090742066502571106e-02 4.402640275657176971e-03 2.943368814885616302e-02 5.735412240028381348e-03 3.658564388751983643e-02 3.143664449453353882e-02 2.476421929895877838e-02 3.977373614907264709e-02 3.032862953841686249e-02 8.796111680567264557e-03 4.322104528546333313e-02 3.699151054024696350e-02 3.386190161108970642e-02 3.636664897203445435e-02 1.860309021139983088e-05 9.058435447514057159e-03 2.437994070351123810e-02 1.412947749486193061e-04 4.471830651164054871e-02 4.412942007184028625e-02 3.400611132383346558e-02 3.262627869844436646e-02 1.265883259475231171e-02 2.103190496563911438e-02 2.898964099586009979e-02 3.131745755672454834e-02 9.133293293416500092e-03 5.544138606637716293e-03 9.753462654771283269e-05 3.933140635490417480e-02 3.160115331411361694e-02 1.413593813776969910e-02 2.171562425792217255e-02 9.786807931959629059e-03 1.664221286773681641e-01 2.702947333455085754e-02 3.253838047385215759e-02 2.679591998457908630e-02 1.011634524911642075e-02 5.046463105827569962e-03 7.280945312231779099e-03 8.103971369564533234e-03 1.682019233703613281e-02 5.206999555230140686e-02 5.266612861305475235e-03 2.368990890681743622e-02 1.568269729614257812e-02 1.135606970638036728e-02 3.486635908484458923e-02 3.705507144331932068e-02 1.297513488680124283e-02 3.894077241420745850e-02 2.813199069350957870e-03 7.486009504646062851e-03 3.705748170614242554e-02 2.776248753070831299e-02 1.461122743785381317e-02 6.259203422814607620e-03 2.865580283105373383e-02 2.222063578665256500e-02 9.028514847159385681e-03 1.552814804017543793e-02 3.543798997998237610e-02 1.235756278038024902e-02 9.941527247428894043e-02 1.649923436343669891e-02 3.060312382876873016e-02 2.937720902264118195e-02 6.556823849678039551e-02 1.789541915059089661e-02
1.434458885341882706e-02 6.686356384307146072e-03 3.003821009770035744e-03 4.563026130199432373e-01 1.412249207496643066e-01 3.703544288873672485e-02 7.859809324145317078e-03 3.037437610328197479e-02 2.107018977403640747e-02 2.769569680094718933e-02 5.273802578449249268e-02 2.919968962669372559e-02 3.831937536597251892e-02 2.620043419301509857e-02 1.903707347810268402e-02 2.269119024276733398e-02 4.442932549864053726e-03 1.999598555266857147e-02 4.824478924274444580e-02 5.147929117083549500e-02 6.946419831365346909e-03 6.725322455167770386e-03 2.308879233896732330e-02 3.932406660169363022e-03 5.582042038440704346e-02 1.860368438065052032e-02 2.862226404249668121e-02 2.760686166584491730e-02 2.354004234075546265e-02 2.753992564976215363e-03 1.327742729336023331e-02 1.867313124239444733e-02 4.418065026402473450e-02 2.215039450675249100e-03 3.127609193325042725e-02 3.155817836523056030e-02 4.098356887698173523e-02 1.257646922022104263e-02 9.942504018545150757e-02 1.202465742826461792e-01 3.520635515451431274e-02 3.339287266135215759e-02 9.101752191781997681e-03 1.778928376734256744e-02 4.467611014842987061e-02 4.070066660642623901e-02 1.668920181691646576e-02 3.384471312165260315e-02 3.135774657130241394e-02 2.451572939753532410e-02 4.284913092851638794e-02 2.471433766186237335e-02 5.052403733134269714e-02 5.339837819337844849e-02 3.854727372527122498e-02 6.817554682493209839e-02 4.100671783089637756e-02 6.671483628451824188e-03 4.621111974120140076e-02 3.361642733216285706e-02 3.353830054402351379e-02 2.243712311610579491e-03 3.306488320231437683e-02 2.550547383725643158e-02 1.383549533784389496e-02 2.967244945466518402e-02 2.494118176400661469e-02 5.403650458902120590e-03 1.549542415887117386e-02 2.344465442001819611e-02 2.442060038447380066e-02 3.274614736437797546e-02 4.966641217470169067e-02 4.620435088872909546e-02 3.364501520991325378e-02 1.417005900293588638e-02 4.615059867501258850e-02 1.698594354093074799e-02 1.355674397200345993e-02 2.259434573352336884e-02 2.007585577666759491e-02 5.616828566417098045e-04 1.987727172672748566e-02 4.122681543231010437e-02 3.515270724892616272e-02 1.725193299353122711e-02 4.272919520735740662e-02 6.784742232412099838e-03 1.450005173683166504e-02 5.199127271771430969e-02 2.750181593000888824e-02 4.668908193707466125e-02 4.476287588477134705e-02 2.104928717017173767e-02 4.512006789445877075e-02 3.200028464198112488e-02 2.694172784686088562e-02 3.069267235696315765e-02 3.251053020358085632e-02 4.191142693161964417e-02 2.688735164701938629e-02 3.755990415811538696e-02 3.347717970609664917e-02 1.987861469388008118e-02 3.162583336234092712e-02 5.478534102439880371e-02 8.587162941694259644e-03 6.952674593776464462e-03 8.147000335156917572e-03 2.031116001307964325e-02 3.226371854543685913e-02 7.295752293430268764e-04 3.076487220823764801e-02 1.310116052627563477e-02 2.738347090780735016e-02 2.185511961579322815e-02
2.258016960695385933e-03 4.447563737630844116e-02 3.005187213420867920e-02 1.412249207496643066e-01 4.606838524341583252e-01 7.254479452967643738e-03 2.623333036899566650e-02 3.681608289480209351e-02 1.706125028431415558e-02 3.413764014840126038e-02 2.391092292964458466e-02 1.928468048572540283e-02 1.982335373759269714e-02 1.935092499479651451e-03 1.225457806140184402e-02 8.642864413559436798e-04 6.950552109628915787e-03 5.051438137888908386e-02 9.075137227773666382e-02 2.856751158833503723e-02 4.717738181352615356e-02 1.698010228574275970e-02 7.081936579197645187e-03 1.457692851545289159e-04 1.319447159767150879e-02 2.974176779389381409e-02 3.235591202974319458e-02 1.472724135965108871e-02 1.932675950229167938e-02 1.257947646081447601e-03 2.582643181085586548e-02 3.261974826455116272e-02 1.717921532690525055e-02 4.432108625769615173e-02 2.994045801460742950e-02 1.071433536708354950e-02 6.012978032231330872e-03 2.475307788699865341e-03 8.688461780548095703e-02 1.319018602371215820e-01 5.840171501040458679e-02 2.269314974546432495e-02 1.037597935646772385e-02 2.666881866753101349e-02 1.266565173864364624e-02 3.301922231912612915e-02 7.718530832789838314e-05 2.024510875344276428e-03 8.627736940979957581e-03 6.281468085944652557e-03 1.017385628074407578e-02 2.401722158538177609e-04 1.998966373503208160e-02 3.896997077390551567e-03 1.019577123224735260e-02 3.432403784245252609e-03 8.157410658895969391e-03 3.304991498589515686e-02 1.500822138041257858e-03 2.974313870072364807e-02 9.672245942056179047e-03 4.143429920077323914e-02 8.941594511270523071e-03 6.635646335780620575e-03 6.478177849203348160e-03 8.473037742078304291e-03 4.560189321637153625e-02 4.366704076528549194e-02 4.300353676080703735e-02 2.818715758621692657e-02 4.922816902399063110e-02 2.512973360717296600e-02 1.091675683856010437e-01 3.970641270279884338e-02 1.357787996530532837e-01 4.832648858428001404e-02 2.971443161368370056e-02 2.674883604049682617e-02 2.270695753395557404e-02 5.751331523060798645e-02 3.433998441323637962e-03 1.026703510433435440e-02 9.019374102354049683e-02 1.085157170891761780e-01 4.918688908219337463e-03 2.233563922345638275e-02 4.244186729192733765e-02 5.044430494308471680e-02 5.705619230866432190e-02 2.408691868185997009e-02 2.985805086791515350e-02 6.727742962539196014e-03 3.069229051470756531e-02 3.037819638848304749e-02 1.896084286272525787e-02 2.692294120788574219e-02 1.955381222069263458e-02 4.479555413126945496e-02 3.820088133215904236e-02 3.617980703711509705e-02 3.262342140078544617e-02 2.054160460829734802e-03 1.219997555017471313e-02 3.441436961293220520e-02 3.928678855299949646e-02 4.941356368362903595e-03 1.914332620799541473e-02 4.054631106555461884e-03 1.083295606076717377e-02 1.249676011502742767e-02 3.645115345716476440e-02 7.576995994895696640e-03 1.059301570057868958e-02 2.274408907396718860e-04 2.328533492982387543e-02 3.885404020547866821e-02
9.685666859149932861e-02 1.115118786692619324e-01 3.107616212218999863e-03 3.703544288873672485e-02 7.254479452967643738e-03 4.826040267944335938e-01 9.608824551105499268e-02 5.276953056454658508e-02 1.830654777586460114e-02 3.225116804242134094e-02 6.790725886821746826e-02 2.178527414798736572e-02 7.400573790073394775e-02 2.173507958650588989e-02 2.276903763413429260e-02 1.741106994450092316e-02 1.081010792404413223e-02 2.382373064756393433e-02 1.528586912900209427e-02 1.544363144785165787e-02 3.689718246459960938e-02 9.579534642398357391e-03 2.617938630282878876e-02 3.120808117091655731e-02 8.359505794942378998e-03 8.664058521389961243e-03 3.138111904263496399e-02 4.675196483731269836e-02 5.306313931941986084e-02 3.941792249679565430e-02 4.494323581457138062e-02 3.080972097814083099e-02 3.350181505084037781e-02 1.703842915594577789e-02 3.078551217913627625e-02 3.415652737021446228e-02 1.108714006841182709e-02 1.386463642120361328e-02 4.123498871922492981e-02 2.346222056075930595e-03 8.675778284668922424e-03 2.158105187118053436e-02 3.337047528475522995e-03 2.014508470892906189e-02 3.020226210355758667e-02 2.395541965961456299e-02 8.768944442272186279e-02 6.960707157850265503e-02 1.173838786780834198e-02 2.223174832761287689e-02 6.623093970119953156e-03 1.345723867416381836e-03 2.701250649988651276e-02 3.335225209593772888e-02 9.837250225245952606e-03 7.822589017450809479e-03 4.007751122117042542e-02 3.771100193262100220e-03 4.127750173211097717e-03 6.994210183620452881e-03 2.322238497436046600e-02 5.098521360196173191e-04 3.543877229094505310e-02 5.035657435655593872e-03 2.713317051529884338e-02 2.555245906114578247e-02 1.964780315756797791e-02 1.692452281713485718e-02 4.247965291142463684e-03 3.213836112990975380e-03 1.207440346479415894e-02 3.651934443041682243e-03 1.823878288269042969e-02 2.168540284037590027e-02 1.764612458646297455e-02 9.283442050218582153e-03 4.193450883030891418e-02 1.097230147570371628e-02 2.367119863629341125e-02 1.635668985545635223e-02 3.857956454157829285e-02 9.734317660331726074e-03 3.834339231252670288e-02 2.543529309332370758e-02 4.390768706798553467e-02 1.867519877851009369e-02 1.303801313042640686e-03 3.165319934487342834e-02 5.307295545935630798e-02 3.718801215291023254e-02 7.096444815397262573e-02 1.137514784932136536e-02 7.070715725421905518e-02 1.587009406648576260e-03 7.891966961324214935e-03 4.297534935176372528e-03 4.834089428186416626e-02 3.039753064513206482e-02 4.359387606382369995e-02 4.577139392495155334e-02 1.167952548712491989e-02 1.930160634219646454e-02 2.115711756050586700e-02 2.723563276231288910e-02 3.714158758521080017e-02 2.873210050165653229e-02 3.857831284403800964e-02 1.664748974144458771e-02 1.932962052524089813e-02 2.818339504301548004e-02 2.278949692845344543e-02 4.552661627531051636e-02 9.296176955103874207e-03 1.136820204555988312e-02 1.664858311414718628e-02 4.525803960859775543e-03
3.544610738754272461e-02 6.301809102296829224e-02 3.246146021410822868e-03 7.859809324145317078e-03 2.623333036899566650e-02 9.608824551105499268e-02 4.915757477283477783e-01 7.076153066009283066e-03 1.632131822407245636e-02 3.294130042195320129e-02 6.612186133861541748e-02 1.273404457606375217e-03 6.697688251733779907e-02 3.722243383526802063e-02 3.188300877809524536e-02 3.894405439496040344e-02 3.673436865210533142e-02 4.167376458644866943e-02 2.123561315238475800e-02 3.660194948315620422e-02 3.804881870746612549e-02 3.227780014276504517e-02 3.991440683603286743e-02 1.287672761827707291e-02 1.550686825066804886e-02 9.577602148056030273e-03 3.259820863604545593e-02 5.180441215634346008e-02 6.894484162330627441e-02 5.263917148113250732e-02 6.464215368032455444e-02 2.745292894542217255e-02 3.038641065359115601e-02 3.391116857528686523e-02 3.405090421438217163e-02 1.945061609148979187e-02 1.165529596619307995e-03 1.991976052522659302e-02 8.841091766953468323e-03 2.072516083717346191e-02 1.023036893457174301e-02 5.622294172644615173e-02 8.040351793169975281e-03 3.091024048626422882e-02 4.250681027770042419e-02 4.776619002223014832e-02 9.202923625707626343e-02 7.911162823438644409e-02 1.114563550800085068e-02 3.409317228943109512e-03 2.368708886206150055e-02 4.094178602099418640e-02 3.986415266990661621e-02 2.810208499431610107e-02 1.234844513237476349e-02 1.451675686985254288e-02 2.142778411507606506e-02 7.749849930405616760e-03 2.102438919246196747e-02 7.502051535993814468e-03 1.970637217164039612e-02 2.901158854365348816e-02 3.264305740594863892e-02 4.087030515074729919e-02 3.730073571205139160e-02 4.605573043227195740e-02 2.122213691473007202e-02 2.865042909979820251e-02 7.100127171725034714e-03 3.680593147873878479e-02 7.991830818355083466e-03 2.135659568011760712e-02 1.551300380378961563e-02 1.797315105795860291e-02 1.640344597399234772e-02 8.693521842360496521e-03 1.647421903908252716e-02 6.013910286128520966e-03 2.646344341337680817e-02 4.120472446084022522e-02 3.571683540940284729e-02 1.986333169043064117e-02 2.423378080129623413e-02 5.545664113014936447e-03 3.841723129153251648e-02 1.882032677531242371e-02 2.984113991260528564e-03 9.408609941601753235e-03 2.008938975632190704e-02 3.687582910060882568e-02 6.669977307319641113e-02 1.785512082278728485e-02 7.076361775398254395e-02 1.251689437776803970e-02 2.129349112510681152e-02 3.185639902949333191e-02 2.938329055905342102e-02 3.971211612224578857e-02 4.888982698321342468e-02 3.964097425341606140e-02 1.323011703789234161e-02 2.791393175721168518e-02 2.499818243086338043e-02 3.640722110867500305e-02 3.564445674419403076e-02 3.555436059832572937e-02 3.455713018774986267e-02 1.165496185421943665e-02 1.027026586234569550e-02 1.000276207923889160e-02 3.296444192528724670e-02 1.207037083804607391e-02 1.285802386701107025e-02 1.976309902966022491e-02 8.643957786262035370e-03 2.604709006845951080e-02
3.561637178063392639e-02 3.785359486937522888e-02 9.577853977680206299e-02 3.037437610328197479e-02 3.681608289480209351e-02 5.276953056454658508e-02 7.076153066009283066e-03 4.451552331447601318e-01 3.747939690947532654e-02 3.159851208329200745e-02 1.124917063862085342e-03 1.004758197814226151e-02 7.398514077067375183e-03 4.600849002599716187e-03 5.839761719107627869e-02 9.024159982800483704e-03 2.669083327054977417e-02 2.014718763530254364e-02 1.730002113617956638e-03 1.000291109085083008e-02 2.188753522932529449e-02 1.112059131264686584e-02 2.278385870158672333e-02 2.262357622385025024e-02 3.434872999787330627e-02 5.803614854812622070e-03 4.389427229762077332e-02 2.434215694665908813e-02 1.751631312072277069e-02 2.882324904203414917e-02 1.268355268985033035e-02 7.133645471185445786e-03 2.790250256657600403e-02 5.333063378930091858e-02 3.143990412354469299e-02 7.845736108720302582e-03 2.268184348940849304e-02 1.049829367548227310e-02 2.216577716171741486e-02 2.476823888719081879e-02 2.350494824349880219e-02 2.824636548757553101e-02 1.526470016688108444e-02 1.729738898575305939e-02 4.609367623925209045e-02 2.270670607686042786e-02 9.265908040106296539e-03 1.517506036907434464e-02 1.550425775349140167e-02 5.084929242730140686e-02 1.394666964188218117e-03 1.408775220625102520e-03 3.680322691798210144e-02 1.680709794163703918e-02 3.211705386638641357e-02 1.894241431728005409e-04 5.020255222916603088e-02 3.057923913002014160e-02 1.906728371977806091e-02 2.239719778299331665e-02 1.252583041787147522e-02 3.339935094118118286e-02 7.490598596632480621e-03 4.199602827429771423e-02 1.324532087892293930e-02 2.037118561565876007e-02 2.953813644126057625e-03 1.195614971220493317e-02 1.601637154817581177e-02 4.726900719106197357e-03 8.340426720678806305e-03 2.302439697086811066e-02 1.585326716303825378e-02 4.323408007621765137e-02 2.446093596518039703e-02 4.543695598840713501e-02 3.245850652456283569e-02 7.971319369971752167e-03 5.391851067543029785e-03 6.458189338445663452e-03 1.140696182847023010e-01 9.549637138843536377e-02 1.320465933531522751e-02 4.354728385806083679e-02 1.024705730378627777e-02 1.460609585046768188e-02 8.072185516357421875e-02 4.783346131443977356e-02 3.271418809890747070e-02 2.590979076921939850e-02 3.647645562887191772e-02 1.801465987227857113e-03 1.862674020230770111e-02 1.558029558509588242e-02 3.942283987998962402e-02 4.526650905609130859e-02 2.333172410726547241e-02 3.439660742878913879e-02 2.370424196124076843e-02 1.648062653839588165e-02 2.470203675329685211e-02 4.563897475600242615e-02 1.568512991070747375e-02 4.076428245753049850e-03 1.230263523757457733e-02 4.152370244264602661e-02 3.295758366584777832e-02 2.319913916289806366e-02 4.716184362769126892e-02 1.603134162724018097e-02 2.288754843175411224e-02 4.918309394270181656e-03 2.514145150780677795e-02 3.087346628308296204e-02 9.404791519045829773e-03 6.132689770311117172e-03
8.764903992414474487e-03 3.971834480762481689e-02 6.318111903965473175e-03 2.107018977403640747e-02 1.706125028431415558e-02 1.830654777586460114e-02 1.632131822407245636e-02 3.747939690947532654e-02 4.564719796180725098e-01 1.123456358909606934e-01 4.282945021986961365e-02 4.603886604309082031e-02 2.542269602417945862e-02 4.716677963733673096e-02 4.531089588999748230e-02 1.823399960994720459e-02 1.479896251112222672e-02 1.583322137594223022e-02 5.081490054726600647e-02 4.639157652854919434e-02 2.007194608449935913e-02 2.069551683962345123e-02 4.396066814661026001e-02 4.069895367138087749e-04 3.808501735329627991e-02 1.317152567207813263e-02 1.316694915294647217e-02 1.816479372791945934e-03 3.277067095041275024e-02 8.873896673321723938e-03 3.094573132693767548e-02 8.335103280842304230e-03 1.269290223717689514e-02 3.950346261262893677e-02 8.036964572966098785e-03 6.761053577065467834e-03 3.018503077328205109e-02 3.680616244673728943e-02 3.169098868966102600e-02 4.763934388756752014e-02 1.496522687375545502e-02 2.109388634562492371e-02 2.255005948245525360e-02 2.790488675236701965e-02 4.264954105019569397e-02 3.776907396968454123e-04 1.997132971882820129e-02 4.524214193224906921e-02 2.076657488942146301e-02 1.403523981571197510e-02 2.453729324042797089e-02 1.142504252493381500e-02 2.077461965382099152e-02 4.297390114516019821e-03 7.050750404596328735e-02 3.060148283839225769e-02 1.695970818400382996e-02 2.720102109014987946e-02 2.500108256936073303e-02 2.811778709292411804e-02 1.131661236286163330e-02 1.130223739892244339e-02 5.220942944288253784e-02 3.651232644915580750e-02 3.738118708133697510e-02 4.429991170763969421e-02 4.120966419577598572e-02 5.320429336279630661e-03 1.767658628523349762e-02 4.949460551142692566e-02 1.891862787306308746e-02 7.247832417488098145e-02 1.248634047806262970e-02 2.731191366910934448e-02 2.030998840928077698e-02 3.495062887668609619e-02 1.405421346426010132e-01 5.679284036159515381e-02 1.407005935907363892e-01 6.335056573152542114e-02 2.519371733069419861e-02 1.321305613964796066e-02 1.202126033604145050e-02 2.544336579740047455e-02 2.245324477553367615e-02 4.998181015253067017e-02 3.106969594955444336e-02 4.620160534977912903e-02 4.228167980909347534e-02 1.048508193343877792e-02 4.261449351906776428e-02 9.259943850338459015e-03 3.661520406603813171e-02 2.087673544883728027e-02 3.538435697555541992e-02 1.342787872999906540e-02 2.112617157399654388e-02 6.185464933514595032e-02 5.221851542592048645e-02 5.965337157249450684e-03 4.295679181814193726e-02 4.117059055715799332e-03 8.705978281795978546e-03 2.794719487428665161e-02 2.202547155320644379e-02 4.283649101853370667e-02 8.250817190855741501e-04 5.203146953135728836e-03 9.021589532494544983e-03 2.065667323768138885e-02 3.958199545741081238e-02 1.637865230441093445e-02 4.543725226540118456e-04 1.740438677370548248e-02 5.981420725584030151e-02 7.549850735813379288e-03
2.093525603413581848e-03 2.888423576951026917e-02 1.264020521193742752e-02 2.769569680094718933e-02 3.413764014840126038e-02 3.225116804242134094e-02 3.294130042195320129e-02 3.159851208329200745e-02 1.123456358909606934e-01 4.687003791332244873e-01 2.114208787679672241e-02 4.469236359000205994e-02 3.199757263064384460e-02 1.936593651771545410e-02 1.537086721509695053e-02 3.390801697969436646e-02 5.125727038830518723e-03 9.390119463205337524e-03 8.134847879409790039e-02 4.888319224119186401e-02 8.247850462794303894e-03 1.952225156128406525e-02 1.443332247436046600e-02 2.158963307738304138e-02 1.793855428695678711e-02 3.937378060072660446e-04 8.854941464960575104e-03 2.026907913386821747e-02 4.233290255069732666e-02 1.280722208321094513e-02 1.642102189362049103e-02 1.234768889844417572e-02 5.057661980390548706e-02 2.337872795760631561e-02 5.230531096458435059e-02 1.849809475243091583e-02 4.684448987245559692e-02 1.293477602303028107e-02 1.097947172820568085e-02 1.452725194394588470e-02 2.629253268241882324e-02 2.803592011332511902e-03 3.464216366410255432e-02 2.549458108842372894e-02 7.867832668125629425e-03 3.129317983984947205e-02 4.630148038268089294e-02 4.292744025588035583e-02 2.875838056206703186e-02 1.189672723412513733e-01 3.855073079466819763e-02 3.098414093255996704e-02 2.817650511860847473e-02 3.589257970452308655e-02 6.300935149192810059e-02 1.206529289484024048e-01 2.375776646658778191e-03 3.414819017052650452e-03 1.812506467103958130e-02 8.425385691225528717e-03 3.189190849661827087e-02 2.643226645886898041e-02 2.756702899932861328e-02 2.179255150258541107e-02 3.423968330025672913e-02 4.191910475492477417e-02 3.622820600867271423e-02 3.137794882059097290e-02 1.988647505640983582e-02 5.879963189363479614e-02 2.614942006766796112e-02 5.255623720586299896e-03 2.790549769997596741e-02 6.876903027296066284e-02 4.284243658185005188e-02 1.678727753460407257e-02 6.648306269198656082e-03 1.527165770530700684e-01 7.471232861280441284e-02 1.535568535327911377e-01 2.313718572258949280e-02 5.345395766198635101e-04 5.599782243371009827e-02 5.585111305117607117e-02 1.912214234471321106e-02 7.727847248315811157e-02 2.665909752249717712e-02 2.999846823513507843e-02 4.396654665470123291e-02 3.371862694621086121e-02 3.114295005798339844e-02 2.444647252559661865e-02 4.034172743558883667e-02 5.343738943338394165e-02 7.784055545926094055e-03 1.988099701702594757e-02 1.879908703267574310e-02 5.537081509828567505e-03 2.500971546396613121e-03 7.147871656343340874e-04 2.734523499384522438e-03 1.695268228650093079e-02 4.271148517727851868e-02 2.019149437546730042e-02 7.426310796290636063e-03 1.979088783264160156e-02 3.102064318954944611e-02 8.289332981803454459e-06 1.691631227731704712e-02 1.436233147978782654e-02 1.705912314355373383e-02 2.656200900673866272e-02 7.170700468122959137e-03 2.653624489903450012e-02 2.710425294935703278e-02 1.926935836672782898e-02
8.962266892194747925e-02 7.890597730875015259e-02 1.710397191345691681e-03 5.273802578449249268e-02 2.391092292964458466e-02 6.790725886821746826e-02 6.612186133861541748e-02 1.124917063862085342e-03 4.282945021986961365e-02 2.114208787679672241e-02 4.917063117027282715e-01 5.191527307033538818e-02 9.136150032281875610e-02 3.231017291545867920e-02 1.505870558321475983e-02 1.528032869100570679e-02 4.424606449902057648e-03 1.578854955732822418e-02 1.437413319945335388e-02 2.154591865837574005e-02 3.739236667752265930e-02 3.515249816700816154e-03 2.461385913193225861e-02 3.245165199041366577e-02 1.222379226237535477e-02 7.659018971025943756e-03 2.400535158812999725e-02 2.271436899900436401e-02 8.340794593095779419e-02 3.005670011043548584e-02 6.837806105613708496e-02 3.595117107033729553e-02 2.291915006935596466e-02 2.711942419409751892e-02 5.224205087870359421e-03 8.948438800871372223e-03 9.772826451808214188e-04 2.851094817742705345e-03 2.587765827775001526e-02 3.562389314174652100e-02 2.915768651291728020e-03 1.340843643993139267e-02 1.039360091090202332e-02 1.819510362111032009e-03 1.663227938115596771e-02 9.247917681932449341e-03 6.666240841150283813e-02 6.069366633892059326e-02 3.384916111826896667e-02 4.567173123359680176e-02 1.279297983273863792e-03 1.661740243434906006e-02 4.431346431374549866e-02 4.011982679367065430e-02 1.369449216872453690e-02 1.484014745801687241e-02 1.828389987349510193e-02 2.801798842847347260e-02 1.427676994353532791e-02 2.089853631332516670e-03 3.108396381139755249e-02 3.681755438446998596e-02 3.113993443548679352e-02 4.394256323575973511e-02 5.789100378751754761e-02 5.482181534171104431e-02 2.180550806224346161e-02 1.547928061336278915e-02 5.298627074807882309e-03 4.726863279938697815e-02 1.535517815500497818e-02 1.699612475931644440e-02 2.716267108917236328e-02 1.023788563907146454e-02 4.104381799697875977e-02 1.195493713021278381e-02 4.567423835396766663e-02 3.945031762123107910e-02 3.502793237566947937e-02 1.201744191348552704e-02 1.469015888869762421e-02 4.332131706178188324e-03 1.997883431613445282e-02 3.078215010464191437e-02 2.328847534954547882e-02 3.612500056624412537e-02 3.264601528644561768e-02 5.639510229229927063e-03 1.687321998178958893e-02 3.697812790051102638e-03 6.293511390686035156e-02 1.637094840407371521e-02 6.157505884766578674e-02 1.824544509872794151e-03 1.336810528300702572e-03 1.946463808417320251e-02 4.041747003793716431e-02 1.740687340497970581e-02 3.656627610325813293e-03 1.459684595465660095e-02 4.137321189045906067e-02 1.463389582931995392e-02 2.920357696712017059e-02 4.755658283829689026e-02 3.022023662924766541e-02 3.468592837452888489e-02 3.369342163205146790e-02 1.680600829422473907e-02 4.372707009315490723e-02 1.197187323123216629e-02 2.125527709722518921e-02 1.059534400701522827e-02 1.011333428323268890e-03 1.884224452078342438e-02 1.767334714531898499e-02 4.893004149198532104e-02
2.381030656397342682e-02 1.666822098195552826e-02 3.513133898377418518e-02 2.919968962669372559e-02 1.928468048572540283e-02 2.178527414798736572e-02 1.273404457606375217e-03 1.004758197814226151e-02 4.603886604309082031e-02 4.469236359000205994e-02 5.191527307033538818e-02 4.734814167022705078e-01 5.343729257583618164e-02 1.790374964475631714e-01 4.852543585002422333e-03 5.072987452149391174e-02 4.157455638051033020e-02 8.113419753499329090e-04 4.232425242662429810e-02 4.140786454081535339e-02 3.346518799662590027e-02 3.344240412116050720e-02 2.364026615396142006e-03 4.354110360145568848e-02 4.215269535779953003e-02 1.510704401880502701e-02 2.428628690540790558e-02 1.454761326313018799e-01 4.626954346895217896e-02 1.462251543998718262e-01 4.332262650132179260e-02 4.360459744930267334e-02 9.037202689796686172e-04 2.347785420715808868e-02 3.362653404474258423e-02 1.825392944738268852e-03 1.008727680891752243e-02 3.411857783794403076e-02 3.547967597842216492e-02 2.335661277174949646e-02 6.398946512490510941e-03 1.584019395522773266e-03 2.081949822604656219e-02 1.383677497506141663e-02 3.579949960112571716e-02 2.270035445690155029e-02 2.953440882265567780e-02 1.853439025580883026e-02 7.782289758324623108e-04 1.957318186759948730e-02 1.713647879660129547e-02 1.063296664506196976e-02 4.141347855329513550e-02 3.318211762234568596e-03 5.628576874732971191e-02 1.475708186626434326e-02 4.511506482958793640e-02 2.788513340055942535e-02 2.349572628736495972e-02 6.476332433521747589e-03 2.370327012613415718e-03 5.352482199668884277e-02 1.178113371133804321e-02 8.755261078476905823e-03 3.040340170264244080e-02 3.935038298368453979e-02 4.468535259366035461e-02 3.731922060251235962e-02 1.614627800881862640e-02 1.400447334162890911e-03 2.935739979147911072e-02 4.431401565670967102e-02 4.959886148571968079e-02 3.080371208488941193e-02 1.702993735671043396e-02 2.061576396226882935e-02 4.816355183720588684e-02 1.378632429987192154e-02 1.217991393059492111e-02 7.564750267192721367e-04 1.369683444499969482e-02 2.302344329655170441e-02 4.698845557868480682e-03 1.124388352036476135e-02 6.569735705852508545e-03 1.891008205711841583e-02 4.632432386279106140e-02 1.599816139787435532e-03 8.766938000917434692e-02 1.034137457609176636e-01 1.905385591089725494e-02 4.124906659126281738e-02 2.710098214447498322e-02 4.894545674324035645e-02 4.518594220280647278e-02 7.087446749210357666e-02 2.364098839461803436e-02 4.216411709785461426e-02 2.445157058537006378e-02 1.631078124046325684e-02 4.486428201198577881e-02 3.027502074837684631e-02 4.835633188486099243e-02 2.865723334252834320e-02 5.024724081158638000e-02 4.937662556767463684e-02 7.078314665704965591e-03 2.468661963939666748e-02 3.899276629090309143e-02 1.521349139511585236e-02 9.397175163030624390e-03 3.186596930027008057e-02 3.680147230625152588e-03 8.443812839686870575e-03 2.399630472064018250e-02 1.773677766323089600e-02
7.054149359464645386e-02 9.333952516317367554e-02 1.721328310668468475e-02 3.831937536597251892e-02 1.982335373759269714e-02 7.400573790073394775e-02 6.697688251733779907e-02 7.398514077067375183e-03 2.542269602417945862e-02 3.199757263064384460e-02 9.136150032281875610e-02 5.343729257583618164e-02 4.948904216289520264e-01 3.360058739781379700e-02 2.310149371623992920e-03 1.111110579222440720e-02 6.542664050357416272e-05 2.253706380724906921e-02 2.366983890533447266e-02 3.275509178638458252e-02 2.983658388257026672e-02 4.396133590489625931e-03 2.184707857668399811e-02 2.846142649650573730e-02 2.664016094058752060e-03 3.786621848121285439e-03 1.900830864906311035e-02 6.723716855049133301e-03 7.019170373678207397e-02 1.779390498995780945e-02 6.485576182603836060e-02 3.818935900926589966e-02 2.743345312774181366e-02 4.011368378996849060e-02 2.175506670027971268e-03 2.335470169782638550e-02 1.724814437329769135e-02 5.586081184446811676e-03 3.376816958189010620e-02 2.408124320209026337e-02 9.870378300547599792e-03 1.704305782914161682e-02 1.235238555818796158e-02 2.862753346562385559e-02 1.228910032659769058e-02 9.606417268514633179e-03 5.976105481386184692e-02 5.638534203171730042e-02 4.402177035808563232e-02 3.697549551725387573e-02 5.360308568924665451e-03 6.605126429349184036e-03 3.113252483308315277e-02 3.347340971231460571e-02 2.985412487760186195e-03 4.284572787582874298e-03 3.161309286952018738e-02 2.321497537195682526e-02 4.081179853528738022e-03 6.820243783295154572e-03 4.299976304173469543e-02 1.367208175361156464e-02 2.344960719347000122e-02 4.629485309123992920e-02 4.951667413115501404e-02 5.627221986651420593e-02 1.570268347859382629e-02 5.182758439332246780e-03 1.040780218318104744e-03 2.770333550870418549e-02 4.758273251354694366e-03 1.306699868291616440e-02 4.610056802630424500e-02 5.047409329563379288e-03 3.143298998475074768e-02 7.339655421674251556e-03 5.133616179227828979e-02 1.974748447537422180e-02 3.944756835699081421e-02 8.170491084456443787e-03 9.254745207726955414e-03 1.127114985138177872e-02 2.839597314596176147e-02 3.828406333923339844e-02 2.971079945564270020e-02 2.817894518375396729e-02 2.609132230281829834e-02 1.778040640056133270e-02 2.466943114995956421e-02 4.406296648085117340e-03 5.627864599227905273e-02 2.948104636743664742e-03 6.301649659872055054e-02 2.225596457719802856e-03 5.414179991930723190e-03 3.191082039847970009e-03 5.085369572043418884e-02 1.478960271924734116e-02 6.468022707849740982e-03 1.719745807349681854e-02 2.884126082062721252e-02 4.167225584387779236e-02 3.115875832736492157e-02 5.009512230753898621e-02 2.851688861846923828e-02 3.116824664175510406e-02 3.032734431326389313e-02 1.668491959571838379e-02 2.872055023908615112e-02 1.175628788769245148e-02 4.577060043811798096e-02 2.960511855781078339e-02 7.643037475645542145e-03 2.086082287132740021e-02 5.024796701036393642e-04 2.379876933991909027e-02
