4.852489233016967773e-01 1.299555450677871704e-01 1.935676299035549164e-02 4.266596212983131409e-02 3.360160067677497864e-02 8.821640908718109131e-02 5.056448280811309814e-02 1.223541609942913055e-02 1.338662859052419662e-02 4.430913552641868591e-02 1.379778981208801270e-01 3.380591422319412231e-02 1.175828799605369568e-01 9.094700217247009277e-03 3.258200362324714661e-02 1.305844355374574661e-02 2.267259918153285980e-02 3.291387483477592468e-02 3.183920308947563171e-02 3.782353550195693970e-02 1.083040703088045120e-02 4.022743925452232361e-02 1.334244478493928909e-02 2.508106455206871033e-02 2.733278088271617889e-02 4.996884148567914963e-03 3.332619741559028625e-02 3.024615533649921417e-02 3.362867236137390137e-02 4.365693405270576477e-02 1.679785363376140594e-02 4.043651279062032700e-03 3.646952658891677856e-02 1.674757525324821472e-02 3.053784742951393127e-02 7.182912901043891907e-03 1.553298626095056534e-02 3.661821782588958740e-02 2.378723956644535065e-02 1.088823936879634857e-02 2.581143565475940704e-02 3.046409040689468384e-02 7.666458841413259506e-03 1.588197425007820129e-02 1.110720186261460185e-04 4.830287769436836243e-02 6.400356441736221313e-02 1.849194429814815521e-02 1.969154924154281616e-03 3.835474327206611633e-02 4.392683506011962891e-02 3.386122360825538635e-02 4.234581813216209412e-02 8.590986020863056183e-03 8.042987436056137085e-03 3.423421457409858704e-02 1.978144794702529907e-02 2.918091975152492523e-02 3.644003346562385559e-02 1.610887557035312057e-04 3.762854263186454773e-02 1.539761107414960861e-02 1.644815318286418915e-02 2.441469579935073853e-03 2.351192012429237366e-02 3.957263380289077759e-02 5.705656018108129501e-03 6.840111222118139267e-03 5.702415108680725098e-02 2.851727977395057678e-02 3.145058453083038330e-02 3.418621793389320374e-02 1.457073818892240524e-02 4.794121196027845144e-05 1.441118959337472916e-02 2.027456648647785187e-02 3.279065713286399841e-02 5.608510971069335938e-02 2.900617383420467377e-02 6.754890084266662598e-03 4.085882566869258881e-03 3.078778274357318878e-02 1.722410321235656738e-02 3.263328596949577332e-02 5.725432932376861572e-02 4.599499329924583435e-02 3.966541588306427002e-02 2.461788058280944824e-02 4.964983835816383362e-02 2.625194191932678223e-02 2.193483524024486542e-02 3.091456927359104156e-02 3.675846382975578308e-02 1.452035270631313324e-02 2.140078879892826080e-02 3.365590050816535950e-02 1.472274307161569595e-02 4.310045391321182251e-03 2.156993187963962555e-02 9.421222843229770660e-03 4.928658530116081238e-02 6.545372772961854935e-03 2.166206575930118561e-02 3.547585755586624146e-02 1.057672663591802120e-03 5.090572312474250793e-02 3.801182657480239868e-02 3.904853016138076782e-02 3.652317076921463013e-02 5.495459213852882385e-02 3.641312941908836365e-02 1.363901142030954361e-02 3.634816035628318787e-02 2.270003221929073334e-02 8.704884909093379974e-03 1.527238916605710983e-02
1.299555450677871704e-01 4.873003065586090088e-01 5.751297343522310257e-03 3.028160519897937775e-02 4.501259326934814453e-02 6.893152743577957153e-02 6.683127582073211670e-02 2.954122424125671387e-02 1.523149944841861725e-02 4.681485146284103394e-02 1.259238719940185547e-01 1.871967315673828125e-02 1.154706180095672607e-01 2.767119556665420532e-02 2.017825469374656677e-02 1.832290552556514740e-02 1.727428846061229706e-02 4.919061064720153809e-02 1.151067577302455902e-02 2.384646981954574585e-02 8.146402426064014435e-03 1.473929034546017647e-03 2.605431526899337769e-02 9.467541240155696869e-03 3.207947686314582825e-02 7.949445862323045731e-04 1.559521071612834930e-02 3.131767734885215759e-02 3.068751655519008636e-02 5.776600446552038193e-03 4.952779971063137054e-03 1.089501939713954926e-02 5.507405847311019897e-02 1.581534161232411861e-03 4.509616643190383911e-02 1.070917584002017975e-02 2.198082208633422852e-02 3.787852451205253601e-02 4.928103461861610413e-02 1.703454926609992981e-02 3.183081746101379395e-02 3.758899495005607605e-02 3.328067436814308167e-02 3.806364536285400391e-02 5.509262531995773315e-02 3.509485721588134766e-02 7.787127047777175903e-02 4.305372014641761780e-02 6.304048001766204834e-03 2.979415655136108398e-02 4.561349377036094666e-02 2.343659475445747375e-02 3.764490410685539246e-02 8.731136098504066467e-03 1.785022951662540436e-02 4.386002197861671448e-02 3.309079259634017944e-02 4.947095736861228943e-02 2.529648505151271820e-02 1.884133182466030121e-02 1.566104218363761902e-02 3.837516158819198608e-02 3.450883924961090088e-02 4.384275153279304504e-02 4.862934350967407227e-03 4.184449836611747742e-02 6.452262867242097855e-03 1.639608852565288544e-02 6.916951388120651245e-03 1.386913005262613297e-02 5.685496330261230469e-02 5.464835092425346375e-02 1.237646490335464478e-02 1.866026781499385834e-03 4.237277316860854626e-04 2.996546775102615356e-02 1.901039667427539825e-02 3.252355009317398071e-02 5.490395240485668182e-03 3.072732314467430115e-02 4.455931857228279114e-02 2.753363363444805145e-02 1.794119924306869507e-02 4.652633145451545715e-02 6.151136755943298340e-02 1.769046857953071594e-02 4.758520051836967468e-03 4.778382368385791779e-03 1.617810875177383423e-02 5.546811223030090332e-02 4.113959521055221558e-02 5.227190628647804260e-02 1.184087805449962616e-02 8.022563531994819641e-03 1.667044870555400848e-02 4.163786023855209351e-02 3.663318604230880737e-02 5.010882392525672913e-03 9.038493153639137745e-04 2.114595845341682434e-02 2.032734826207160950e-02 2.981103956699371338e-02 5.129119753837585449e-02 2.824310399591922760e-02 3.460177779197692871e-02 4.971318691968917847e-02 2.435248158872127533e-02 3.508602827787399292e-02 2.348195202648639679e-02 4.665927216410636902e-02 4.446191713213920593e-03 2.544936537742614746e-02 3.213318064808845520e-02 5.243423581123352051e-02 2.664739638566970825e-02 1.922307908535003662e-02
1.935676299035549164e-02 5.751297343522310257e-03 4.526077508926391602e-01 3.524885745719075203e-03 4.186512902379035950e-03 4.751564189791679382e-02 4.250280186533927917e-02 1.806317269802093506e-01 3.793101385235786438e-02 3.963198140263557434e-02 3.941447287797927856e-02 6.271208636462688446e-03 3.779602795839309692e-02 5.370199214667081833e-03 5.793672055006027222e-03 1.689125597476959229e-02 2.847472438588738441e-03 2.435303479433059692e-02 3.584038931876420975e-03 3.547503054141998291e-02 2.186644636094570160e-02 4.451775178313255310e-02 1.181959756650030613e-03 9.850068017840385437e-03 2.823076955974102020e-02 8.591658435761928558e-03 5.474627763032913208e-02 3.458051756024360657e-02 4.085462167859077454e-02 1.706708967685699463e-02 1.703029498457908630e-02 2.278050221502780914e-02 2.895107492804527283e-02 3.415560582652688026e-03 3.916683048009872437e-02 3.375906497240066528e-02 2.673150971531867981e-02 7.380020618438720703e-02 7.628065650351345539e-04 3.252116590738296509e-02 1.300375759601593018e-01 1.126352511346340179e-02 2.044199779629707336e-02 8.287811279296875000e-02 2.315562777221202850e-02 4.755934700369834900e-02 4.848424345254898071e-02 4.296832904219627380e-02 8.680416271090507507e-03 1.527323387563228607e-03 3.817452862858772278e-02 1.677786000072956085e-02 1.691098138689994812e-02 2.632287517189979553e-02 3.027255833148956299e-02 3.153132274746894836e-03 3.392416983842849731e-02 4.889238625764846802e-03 3.478733077645301819e-02 9.671628475189208984e-03 4.003645852208137512e-03 9.724115370772778988e-04 2.421620488166809082e-02 1.243398524820804596e-02 3.276895359158515930e-02 2.538862451910972595e-02 1.077005825936794281e-02 6.096350029110908508e-03 1.701966300606727600e-02 1.987587474286556244e-02 4.170076921582221985e-02 3.620189055800437927e-02 1.951570622622966766e-02 3.241337463259696960e-02 4.122329503297805786e-02 6.143400073051452637e-02 4.378557950258255005e-02 9.029288776218891144e-03 3.001110814511775970e-02 1.316075772047042847e-02 6.094492599368095398e-02 5.618429713649675250e-05 2.576933056116104126e-02 3.772566094994544983e-02 4.807089641690254211e-02 4.581849277019500732e-02 7.406815141439437866e-02 1.609081402420997620e-02 4.521734640002250671e-02 8.888616226613521576e-03 1.038308837451040745e-03 3.756416961550712585e-02 1.651622168719768524e-02 1.030845940113067627e-02 2.539783902466297150e-02 2.314672246575355530e-02 2.608844637870788574e-02 2.183357253670692444e-02 3.277501836419105530e-02 3.745370358228683472e-02 1.245988160371780396e-02 6.180724594742059708e-03 1.957457745447754860e-03 7.789953798055648804e-02 3.464866429567337036e-02 1.678133849054574966e-03 4.091229289770126343e-02 5.744942929595708847e-03 2.721904590725898743e-02 4.843663796782493591e-02 5.325913056731224060e-02 1.948401890695095062e-02 4.576908424496650696e-02 4.105074703693389893e-02 2.453257516026496887e-02 2.549476921558380127e-02
4.266596212983131409e-02 3.028160519897937775e-02 3.524885745719075203e-03 4.690431654453277588e-01 1.119547337293624878e-01 2.846135012805461884e-02 1.453104894608259201e-02 1.276629790663719177e-02 3.146989271044731140e-02 2.625819761306047440e-03 2.914173156023025513e-02 3.519044071435928345e-02 1.570831611752510071e-02 4.189392179250717163e-02 8.794605731964111328e-03 9.516082704067230225e-03 3.767680376768112183e-02 2.746620029211044312e-02 6.769617646932601929e-02 3.060308285057544708e-02 1.072979997843503952e-02 3.277818672358989716e-03 4.058619216084480286e-02 2.654903382062911987e-02 2.534644305706024170e-02 1.955062150955200195e-02 4.284345731139183044e-02 7.195009849965572357e-03 1.373760495334863663e-02 1.736009307205677032e-02 4.887166619300842285e-02 1.252509932965040207e-02 2.732687816023826599e-02 1.836153678596019745e-03 5.555709078907966614e-02 3.600256517529487610e-03 3.180602565407752991e-02 3.817208111286163330e-02 4.966408014297485352e-02 3.441524878144264221e-02 2.334014140069484711e-02 4.763747751712799072e-02 3.777745878323912621e-03 4.729806259274482727e-02 4.141347855329513550e-02 1.863592304289340973e-02 8.605650626122951508e-03 3.381042275577783585e-03 8.902442641556262970e-03 5.238788947463035583e-02 2.609004080295562744e-02 1.921927183866500854e-02 4.044412449002265930e-02 9.084556251764297485e-03 2.890151692554354668e-03 1.438455283641815186e-02 3.753515332937240601e-02 6.137906014919281006e-02 3.734743595123291016e-02 2.457489632070064545e-02 4.601226653903722763e-03 9.260477498173713684e-03 1.142596732825040817e-02 3.269232809543609619e-03 4.352234676480293274e-02 1.094727963209152222e-02 1.029068138450384140e-02 7.030574604868888855e-03 2.961011230945587158e-02 4.946982860565185547e-02 3.008645959198474884e-02 2.209098637104034424e-02 1.038613915443420410e-01 4.398492630571126938e-03 5.581010878086090088e-02 2.466860413551330566e-02 5.493007600307464600e-02 2.777798846364021301e-02 3.545600920915603638e-02 4.690904915332794189e-02 4.982230812311172485e-02 6.600294262170791626e-02 1.775347068905830383e-02 3.501593694090843201e-02 1.278936583548784256e-02 1.044628210365772247e-02 9.165747091174125671e-03 3.724326193332672119e-02 8.725930936634540558e-03 2.515110000967979431e-02 5.279882811009883881e-03 4.929887596517801285e-03 6.520342081785202026e-03 2.240492589771747589e-02 4.746387898921966553e-02 2.833464555442333221e-02 1.323646679520606995e-02 4.696939140558242798e-02 4.294561967253684998e-02 3.405832126736640930e-02 3.130006790161132812e-02 1.472145225852727890e-02 1.457497570663690567e-02 2.728580310940742493e-02 7.187752518802881241e-03 1.600848510861396790e-02 3.082518838346004486e-02 9.917408227920532227e-03 2.562653832137584686e-02 3.481271117925643921e-02 1.558702625334262848e-02 6.113684549927711487e-02 1.520078442990779877e-02 3.347408771514892578e-02 8.518231101334095001e-03 5.433359742164611816e-02
3.360160067677497864e-02 4.501259326934814453e-02 4.186512902379035950e-03 1.119547337293624878e-01 4.547686576843261719e-01 1.094596181064844131e-02 8.687424473464488983e-03 1.843350939452648163e-02 3.714921884238719940e-03 7.373956590890884399e-02 4.264093935489654541e-02 2.380335237830877304e-03 4.326652735471725464e-02 2.457881812006235123e-03 2.647745609283447266e-02 1.480040809838101268e-04 4.576757922768592834e-02 3.210409358143806458e-02 7.438857108354568481e-02 3.477675374597311020e-03 2.258804067969322205e-02 2.238158509135246277e-02 4.573215171694755554e-02 3.901915997266769409e-02 3.632730618119239807e-02 1.948017254471778870e-02 2.661857753992080688e-02 5.235964432358741760e-03 4.128513485193252563e-02 2.073446847498416901e-02 2.226213458925485611e-03 3.602588549256324768e-02 4.837593529373407364e-03 5.207893624901771545e-02 2.751268260180950165e-02 1.858174800872802734e-02 2.492278814315795898e-02 1.774731324985623360e-03 6.250129640102386475e-02 8.465996384620666504e-02 2.927495352923870087e-02 2.453977987170219421e-02 4.130593314766883850e-02 5.675924941897392273e-03 3.612263873219490051e-02 2.603307180106639862e-02 4.598179832100868225e-02 8.871190249919891357e-03 5.105508118867874146e-02 1.230767183005809784e-02 3.480513393878936768e-02 3.672620281577110291e-02 4.235152155160903931e-02 2.750283852219581604e-02 1.716693677008152008e-02 4.640838131308555603e-02 3.353760018944740295e-02 6.603694986552000046e-03 1.630512811243534088e-02 2.831788733601570129e-02 1.147406455129384995e-02 1.725257188081741333e-02 2.367711998522281647e-02 3.976535052061080933e-03 4.615031555294990540e-02 4.276427626609802246e-02 4.482116550207138062e-02 1.717815612209960818e-04 9.243097156286239624e-03 1.915736123919487000e-02 2.412506006658077240e-02 1.972093433141708374e-02 3.554575517773628235e-02 1.782935671508312225e-02 5.187672376632690430e-02 3.864621371030807495e-02 5.053507909178733826e-02 3.026481904089450836e-02 2.227151952683925629e-02 5.362010560929775238e-03 1.280465349555015564e-02 2.644846215844154358e-02 2.809603884816169739e-02 1.314042359590530396e-01 4.671949520707130432e-02 3.907272126525640488e-03 1.284684054553508759e-02 2.207216620445251465e-02 2.624697238206863403e-02 3.971440251916646957e-03 3.327555954456329346e-02 4.119129851460456848e-02 1.342413015663623810e-02 2.894368395209312439e-02 8.140514604747295380e-03 1.960260095074772835e-03 5.477387923747301102e-03 2.006677165627479553e-02 1.093619037419557571e-02 1.390908844769001007e-02 3.572655469179153442e-02 2.550433389842510223e-02 3.623668104410171509e-02 1.477946992963552475e-02 8.999627828598022461e-02 2.890573814511299133e-02 9.269399568438529968e-03 2.106297574937343597e-02 4.459688812494277954e-02 4.183140024542808533e-02 4.569586366415023804e-02 6.664269417524337769e-02 2.156725898385047913e-02 2.223537489771842957e-02 4.052137024700641632e-03 9.784591384232044220e-03
8.821640908718109131e-02 6.893152743577957153e-02 4.751564189791679382e-02 2.846135012805461884e-02 1.094596181064844131e-02 4.867650568485260010e-01 8.257558196783065796e-02 6.529702804982662201e-03 2.955104969441890717e-02 1.259327027946710587e-02 7.254963368177413940e-02 2.885835245251655579e-02 7.907394319772720337e-02 5.806547030806541443e-02 1.299990154802799225e-02 3.620960190892219543e-02 6.823745556175708771e-03 5.122170224785804749e-02 4.292769357562065125e-02 3.916734363883733749e-03 2.359619922935962677e-02 2.132267691195011139e-02 1.045404002070426941e-02 2.656447142362594604e-02 4.791579209268093109e-03 1.445002667605876923e-02 2.988674677908420563e-02 1.123957103118300438e-03 1.373928226530551910e-02 4.002257063984870911e-02 2.382242307066917419e-02 4.067355766892433167e-03 5.325893312692642212e-02 6.215324625372886658e-03 8.659412153065204620e-03 1.023825258016586304e-02 3.281672671437263489e-02 2.451387234032154083e-02 4.904827103018760681e-02 1.670847530476748943e-03 3.596257790923118591e-02 4.490809142589569092e-02 1.239789742976427078e-02 6.992226000875234604e-03 4.586102068424224854e-02 1.192984054796397686e-03 8.768960833549499512e-02 3.976641595363616943e-02 3.551668301224708557e-02 4.767040163278579712e-02 4.106041043996810913e-02 4.591174051165580750e-02 4.164328426122665405e-02 1.497980486601591110e-02 3.714428097009658813e-02 1.454959809780120850e-02 2.024486660957336426e-02 4.881170764565467834e-02 1.305761840194463730e-02 3.588662249967455864e-03 2.512113377451896667e-02 4.379110038280487061e-02 2.679979056119918823e-02 2.234090678393840790e-02 1.300044730305671692e-02 3.754719346761703491e-02 8.250156533904373646e-04 2.571241057012230158e-04 1.982011832296848297e-02 5.335354059934616089e-02 2.579269744455814362e-02 3.353130817413330078e-02 5.524527281522750854e-03 2.004532143473625183e-02 5.775647237896919250e-02 3.187368158251047134e-03 2.454494126141071320e-02 3.719089552760124207e-02 9.469119831919670105e-03 1.647196523845195770e-02 1.866688369773328304e-03 1.126176398247480392e-02 6.983668077737092972e-03 1.261320617049932480e-02 1.016029901802539825e-02 3.904518671333789825e-03 1.413945667445659637e-02 2.176000736653804779e-02 4.349124431610107422e-02 4.788179066963493824e-04 6.229815632104873657e-02 8.853655308485031128e-03 1.151480618864297867e-02 1.801846735179424286e-02 1.260278839617967606e-02 5.042178556323051453e-02 1.905097067356109619e-02 1.826876960694789886e-02 1.448372192680835724e-02 7.122300099581480026e-03 4.248712956905364990e-02 1.849632337689399719e-02 4.011726006865501404e-02 6.609995383769273758e-03 7.834930904209613800e-03 4.020251799374818802e-03 2.142467536032199860e-02 2.521905675530433655e-02 4.389882832765579224e-02 3.317303210496902466e-02 3.121976554393768311e-02 9.087732061743736267e-03 2.856668457388877869e-02 3.653014078736305237e-02 9.476792067289352417e-03 3.376322239637374878e-02
5.056448280811309814e-02 6.683127582073211670e-02 4.250280186533927917e-02 1.453104894608259201e-02 8.687424473464488983e-03 8.257558196783065796e-02 4.891148805618286133e-01 2.707023173570632935e-02 2.104056067764759064e-03 7.251112721860408783e-03 8.240454643964767456e-02 5.009068176150321960e-02 6.573252379894256592e-02 2.563930302858352661e-02 4.116269201040267944e-02 5.546436458826065063e-02 4.055861756205558777e-02 5.762384831905364990e-02 3.268202766776084900e-02 7.017502095550298691e-03 3.927982971072196960e-02 1.780505478382110596e-02 9.329679422080516815e-03 4.474774375557899475e-02 1.952584274113178253e-02 5.245963111519813538e-04 3.938645496964454651e-02 4.885078594088554382e-02 2.667912282049655914e-02 1.712931692600250244e-02 3.696592152118682861e-02 9.523086249828338623e-03 2.046115510165691376e-02 7.441773079335689545e-03 1.285067573189735413e-02 3.038884606212377548e-03 3.145784139633178711e-02 1.783758588135242462e-02 2.556187473237514496e-02 4.713522642850875854e-02 3.064066916704177856e-02 2.883228473365306854e-02 1.427438948303461075e-02 1.985846459865570068e-02 4.872896149754524231e-02 1.909265480935573578e-02 6.263937056064605713e-02 9.484498202800750732e-02 5.597768723964691162e-02 4.530252888798713684e-02 4.915350675582885742e-02 2.081299386918544769e-02 2.101990580558776855e-02 3.871928900480270386e-02 4.550988599658012390e-02 2.968886867165565491e-02 2.996278554201126099e-02 3.872180357575416565e-02 3.716047853231430054e-02 3.682344779372215271e-02 2.031452395021915436e-02 4.415084794163703918e-02 4.837489500641822815e-02 5.443390458822250366e-02 1.205769740045070648e-02 3.266381844878196716e-02 1.661527529358863831e-02 1.158478017896413803e-02 9.116826578974723816e-03 3.562824800610542297e-02 1.550451968796551228e-03 5.351854115724563599e-02 2.478902600705623627e-02 9.534954093396663666e-03 2.820954285562038422e-02 3.086322918534278870e-02 1.992964558303356171e-02 1.447244640439748764e-02 3.078192286193370819e-02 2.158505230909213424e-04 3.610901907086372375e-02 5.495513323694467545e-03 3.119220957159996033e-03 5.138343572616577148e-02 3.935291990637779236e-02 1.796930329874157906e-03 4.275931511074304581e-03 2.751570008695125580e-02 3.224247321486473083e-02 9.361666627228260040e-03 2.287550829350948334e-02 1.488007418811321259e-02 7.067981176078319550e-03 2.531038597226142883e-02 2.709771133959293365e-02 8.826198056340217590e-03 1.142660994082689285e-02 1.470672339200973511e-02 2.687252871692180634e-02 2.596149407327175140e-02 3.711587563157081604e-02 2.499352209270000458e-02 6.803038995712995529e-03 4.275356978178024292e-02 3.434336185455322266e-02 2.769536338746547699e-02 4.290914535522460938e-02 2.195533178746700287e-02 4.098197445273399353e-02 2.109053358435630798e-02 1.827796176075935364e-02 1.956070214509963989e-02 3.667584061622619629e-02 4.668992385268211365e-02 1.821063086390495300e-02 3.807780519127845764e-02
1.223541609942913055e-02 2.954122424125671387e-02 1.806317269802093506e-01 1.276629790663719177e-02 1.843350939452648163e-02 6.529702804982662201e-03 2.707023173570632935e-02 4.537652432918548584e-01 8.233467116951942444e-03 3.072727285325527191e-02 8.949108887463808060e-04 1.543009094893932343e-02 6.600164342671632767e-03 3.140813857316970825e-02 8.655589073896408081e-02 3.850948764011263847e-03 4.721120465546846390e-03 5.569208296947181225e-04 1.597758382558822632e-02 1.152336876839399338e-02 1.335094589740037918e-02 6.250428035855293274e-03 3.778799250721931458e-02 1.937745511531829834e-02 1.960824616253376007e-02 3.267213702201843262e-02 3.371110931038856506e-02 2.129654632881283760e-03 4.000928997993469238e-02 3.002038784325122833e-02 1.939277164638042450e-02 3.553314507007598877e-02 4.067555069923400879e-03 1.417871005833148956e-02 7.043322920799255371e-02 3.678206726908683777e-02 1.705800369381904602e-02 5.912191118113696575e-04 7.999427616596221924e-03 5.318499170243740082e-03 8.831690996885299683e-03 1.247669570147991180e-02 4.150270670652389526e-02 9.126386046409606934e-02 1.414798013865947723e-02 1.356317289173603058e-02 5.279989447444677353e-03 4.603180661797523499e-02 3.990828990936279297e-02 3.000400587916374207e-02 3.322793170809745789e-02 2.019385574385523796e-03 6.951428949832916260e-02 3.856540843844413757e-02 2.889350429177284241e-02 2.573995152488350868e-04 1.439415756613016129e-02 1.948153786361217499e-02 2.622209256514906883e-03 1.165173365734517574e-03 3.824544325470924377e-02 9.978644549846649170e-03 1.699761673808097839e-02 5.691493302583694458e-02 2.177426777780056000e-02 4.539595544338226318e-02 3.377753123641014099e-02 3.973530977964401245e-02 4.023611173033714294e-02 8.791152387857437134e-03 2.747797593474388123e-02 1.949230022728443146e-02 4.159186501055955887e-03 6.540026515722274780e-02 1.784612610936164856e-02 1.820117793977260590e-02 3.481090813875198364e-02 3.181697800755500793e-02 3.435860946774482727e-02 2.570884767919778824e-03 1.673733741044998169e-01 3.864537691697478294e-03 4.108433425426483154e-02 5.592163186520338058e-03 2.595836995169520378e-03 1.788990944623947144e-02 1.566481441259384155e-01 1.077235862612724304e-01 2.108613774180412292e-02 1.929578743875026703e-02 2.450762502849102020e-02 7.597729563713073730e-03 1.902539096772670746e-02 8.628631010651588440e-03 3.118787705898284912e-02 3.282930701971054077e-02 4.710699897259473801e-03 4.044536035507917404e-03 3.209621459245681763e-02 1.906489022076129913e-02 9.510746225714683533e-03 2.829067781567573547e-02 2.161538600921630859e-02 1.811565645039081573e-02 2.264568582177162170e-02 3.800521045923233032e-02 3.712578117847442627e-02 3.574974462389945984e-02 4.782779142260551453e-03 3.614649176597595215e-02 2.389116585254669189e-02 4.630069434642791748e-02 4.390452057123184204e-02 4.240868613123893738e-02 5.057106167078018188e-02 2.882317081093788147e-02
1.338662859052419662e-02 1.523149944841861725e-02 3.793101385235786438e-02 3.146989271044731140e-02 3.714921884238719940e-03 2.955104969441890717e-02 2.104056067764759064e-03 8.233467116951942444e-03 4.762143790721893311e-01 9.441853314638137817e-02 1.644737273454666138e-02 7.351075112819671631e-02 2.691658586263656616e-02 2.931498922407627106e-02 3.010174259543418884e-02 2.611528895795345306e-02 2.945597097277641296e-02 5.651538446545600891e-02 1.500149257481098175e-03 1.682129502296447754e-02 5.232076719403266907e-02 3.918362408876419067e-02 2.890886389650404453e-04 2.071222057566046715e-03 4.949815943837165833e-02 2.745718136429786682e-02 2.951401285827159882e-03 6.948395457584410906e-05 1.296214200556278229e-02 2.406247705221176147e-02 3.931470215320587158e-02 3.733443096280097961e-02 1.942417398095130920e-02 3.070018999278545380e-02 2.830009674653410912e-03 1.484262757003307343e-03 5.822106730192899704e-03 6.822105962783098221e-03 5.504287406802177429e-02 3.019007481634616852e-02 2.981278300285339355e-02 4.324302822351455688e-02 4.731033369898796082e-02 1.608074083924293518e-02 4.199455678462982178e-02 3.949068486690521240e-02 3.713053092360496521e-02 5.590477026998996735e-03 1.471643988043069839e-02 1.024991460144519806e-02 3.925130516290664673e-02 3.369325131643563509e-04 1.131272595375776291e-02 4.215544089674949646e-03 2.267784625291824341e-02 3.388095647096633911e-02 4.534161463379859924e-02 4.447703436017036438e-02 4.962315410375595093e-02 4.995278269052505493e-02 7.114803418517112732e-03 9.710909798741340637e-03 3.006378374993801117e-02 2.138102427124977112e-02 1.842268928885459900e-02 2.262016572058200836e-02 5.164498463273048401e-02 2.696963399648666382e-02 3.604025766253471375e-02 4.679405689239501953e-02 5.455287639051675797e-03 9.567730128765106201e-03 4.459859058260917664e-02 1.395763736218214035e-02 3.639206662774085999e-02 1.688133459538221359e-03 1.330218911170959473e-01 9.472838789224624634e-02 9.259672462940216064e-02 5.484177917242050171e-02 5.593378469347953796e-02 1.318098977208137512e-02 3.197540715336799622e-02 2.268324978649616241e-02 2.793363761156797409e-03 4.398225992918014526e-02 2.191582508385181427e-02 4.478579759597778320e-02 3.803941980004310608e-02 3.614171594381332397e-02 5.937783978879451752e-03 4.470046982169151306e-02 2.921986393630504608e-02 4.887025058269500732e-02 2.690364606678485870e-02 6.932169198989868164e-02 1.877492410130798817e-03 1.078311074525117874e-02 1.853800192475318909e-02 5.153199657797813416e-03 4.219471290707588196e-02 1.141476817429065704e-02 1.405799202620983124e-02 1.642935909330844879e-02 6.217514630407094955e-03 5.604026373475790024e-03 2.010016143321990967e-02 4.099492449313402176e-03 3.201439231634140015e-02 4.078576341271400452e-02 1.975009031593799591e-02 4.407950211316347122e-03 3.274208307266235352e-02 3.024433739483356476e-03 1.442333217710256577e-02 1.581868343055248260e-02
4.430913552641868591e-02 4.681485146284103394e-02 3.963198140263557434e-02 2.625819761306047440e-03 7.373956590890884399e-02 1.259327027946710587e-02 7.251112721860408783e-03 3.072727285325527191e-02 9.441853314638137817e-02 4.831746816635131836e-01 4.427367448806762695e-02 4.251954331994056702e-02 3.301637619733810425e-02 3.920547664165496826e-02 4.305611550807952881e-02 7.077682297676801682e-03 2.950673364102840424e-02 4.743555560708045959e-02 6.804943829774856567e-02 2.589261718094348907e-02 2.320206910371780396e-02 1.636090874671936035e-02 6.256460212171077728e-03 5.862752906978130341e-03 1.326387189328670502e-02 2.244269475340843201e-02 1.860439404845237732e-02 5.301590636372566223e-02 3.804878145456314087e-02 7.571260444819927216e-03 3.244784846901893616e-02 4.692623764276504517e-02 7.875402458012104034e-03 1.977197639644145966e-02 1.327333692461252213e-02 1.555780880153179169e-03 6.074102595448493958e-03 2.123140543699264526e-02 7.948502898216247559e-03 3.008700907230377197e-02 1.086512580513954163e-02 1.815660297870635986e-02 4.039913043379783630e-02 7.113205734640359879e-03 3.419787809252738953e-02 4.375407472252845764e-02 4.260783270001411438e-02 1.611336134374141693e-02 2.668848261237144470e-02 5.101621150970458984e-02 3.755214810371398926e-02 5.184024572372436523e-03 4.120044037699699402e-02 6.958588957786560059e-03 4.823509231209754944e-02 6.272517144680023193e-02 5.255112797021865845e-02 3.561257198452949524e-02 7.575354073196649551e-03 4.861010611057281494e-02 1.207248028367757797e-02 4.464386403560638428e-02 2.141167409718036652e-02 4.834710434079170227e-02 3.227139357477426529e-03 4.449987784028053284e-03 2.900798618793487549e-02 1.702961139380931854e-02 2.375193871557712555e-02 1.323707588016986847e-02 8.099944144487380981e-02 2.146636694669723511e-02 6.152745336294174194e-02 1.479838788509368896e-02 1.026911474764347076e-02 1.532044727355241776e-02 5.236742645502090454e-02 1.417961716651916504e-01 6.526075303554534912e-02 1.183868497610092163e-01 4.041378572583198547e-02 1.750316470861434937e-02 2.564517781138420105e-02 8.999329060316085815e-02 7.140264380723237991e-03 6.166401877999305725e-02 1.668161526322364807e-02 4.097962751984596252e-02 2.114639990031719208e-02 1.162612587213516235e-01 3.545501455664634705e-02 4.360290244221687317e-02 4.352535121142864227e-03 5.264670401811599731e-02 2.351073175668716431e-02 4.046241194009780884e-02 2.365053445100784302e-02 1.822565123438835144e-02 5.330153508111834526e-04 5.952170118689537048e-03 3.925899416208267212e-02 4.832459986209869385e-02 3.308536112308502197e-02 4.021336138248443604e-02 2.500285021960735321e-02 4.900773987174034119e-02 3.360691294074058533e-02 3.900271281599998474e-02 2.208231249824166298e-03 2.412562631070613861e-02 2.711886726319789886e-02 3.573729842901229858e-02 2.165902964770793915e-02 7.248456822708249092e-04 3.952236473560333252e-02 6.516882684081792831e-03
1.379778981208801270e-01 1.259238719940185547e-01 3.941447287797927856e-02 2.914173156023025513e-02 4.264093935489654541e-02 7.254963368177413940e-02 8.240454643964767456e-02 8.949108887463808060e-04 1.644737273454666138e-02 4.427367448806762695e-02 4.898508787155151367e-01 2.455537021160125732e-02 1.424992382526397705e-01 5.225181579589843750e-02 5.790625512599945068e-02 1.052989345043897629e-02 2.012905105948448181e-02 3.977785632014274597e-02 7.199101150035858154e-03 1.060294266790151596e-02 2.792797796428203583e-02 3.255650773644447327e-02 1.050410605967044830e-02 2.467288821935653687e-02 1.494859438389539719e-02 2.855442836880683899e-02 1.785887405276298523e-02 1.634539291262626648e-02 4.102304205298423767e-02 3.045684844255447388e-02 4.623277485370635986e-02 1.699366141110658646e-03 2.993187680840492249e-02 1.570350490510463715e-02 2.050434984266757965e-02 2.519346028566360474e-02 1.991506479680538177e-02 1.446087285876274109e-02 1.545085292309522629e-02 3.944512456655502319e-03 1.858406513929367065e-02 2.470889687538146973e-02 3.406608104705810547e-02 1.008089073002338409e-02 4.962895065546035767e-03 5.436819046735763550e-02 7.029185444116592407e-02 4.446655884385108948e-02 1.519384514540433884e-02 3.463988378643989563e-02 4.280408844351768494e-02 1.133083365857601166e-03 4.177299886941909790e-02 1.083083823323249817e-02 1.521854661405086517e-02 4.155287146568298340e-02 4.942649602890014648e-02 4.183435067534446716e-02 8.109753020107746124e-03 2.351335249841213226e-03 3.581257164478302002e-02 7.781442254781723022e-03 1.738872751593589783e-02 1.024386007338762283e-02 1.325566601008176804e-02 5.956619977951049805e-02 3.613864304497838020e-03 4.101082216948270798e-03 4.862133413553237915e-02 3.457051469013094902e-03 3.257969021797180176e-02 2.689989283680915833e-02 1.263002306222915649e-02 1.144036464393138885e-02 2.787373773753643036e-02 1.913765817880630493e-02 7.429043762385845184e-03 4.030867293477058411e-02 4.158306866884231567e-02 1.866748370230197906e-02 4.837750457227230072e-03 1.580704189836978912e-02 4.535183310508728027e-02 4.859897866845130920e-02 4.913579300045967102e-02 4.744641110301017761e-02 3.600315749645233154e-02 9.934392757713794708e-03 2.161268517374992371e-02 3.350676223635673523e-02 1.725131832063198090e-02 5.101260542869567871e-02 3.390192985534667969e-02 1.595183275640010834e-03 2.766966819763183594e-03 4.362339526414871216e-02 3.287982940673828125e-02 1.802245387807488441e-03 2.449446730315685272e-02 2.982199192047119141e-03 2.909699454903602600e-02 5.365271586924791336e-03 5.525808408856391907e-02 2.866018563508987427e-02 4.063609614968299866e-02 2.367868088185787201e-02 3.054817393422126770e-02 4.899925738573074341e-02 3.759550675749778748e-02 2.227416448295116425e-02 2.655154094099998474e-02 1.664448715746402740e-02 4.174071550369262695e-02 4.472333565354347229e-02 1.344326883554458618e-02 2.149449102580547333e-02
3.380591422319412231e-02 1.871967315673828125e-02 6.271208636462688446e-03 3.519044071435928345e-02 2.380335237830877304e-03 2.885835245251655579e-02 5.009068176150321960e-02 1.543009094893932343e-02 7.351075112819671631e-02 4.251954331994056702e-02 2.455537021160125732e-02 4.785514473915100098e-01 3.454458713531494141e-02 1.928482949733734131e-01 1.183972414582967758e-02 4.129365552216768265e-03 2.566770883277058601e-03 3.413410484790802002e-02 2.024474926292896271e-02 1.256119273602962494e-02 4.038551822304725647e-02 3.936571627855300903e-02 4.872189834713935852e-02 5.458419770002365112e-02 2.130358107388019562e-02 4.564805328845977783e-02 6.691125221550464630e-03 1.201773956418037415e-01 3.745257481932640076e-02 1.078710332512855530e-01 3.902913257479667664e-02 3.141384944319725037e-02 1.790711656212806702e-02 2.595387212932109833e-02 6.103035528212785721e-03 5.972965620458126068e-03 2.473320811986923218e-02 1.591586507856845856e-02 3.495536372065544128e-02 3.740756586194038391e-02 7.269853726029396057e-03 2.887666784226894379e-02 1.464073825627565384e-02 9.985408745706081390e-03 8.877233415842056274e-02 5.850214138627052307e-02 2.816428989171981812e-02 3.615526482462882996e-02 1.703469641506671906e-02 5.474135279655456543e-02 2.297952584922313690e-02 2.064951928332448006e-03 2.137410454452037811e-02 3.394016250967979431e-02 2.445475943386554718e-02 2.356555871665477753e-02 3.323526121675968170e-03 9.207988157868385315e-03 3.547137603163719177e-02 3.864628821611404419e-02 2.807689458131790161e-02 2.191603928804397583e-02 3.209450840950012207e-02 3.756777569651603699e-02 3.650873899459838867e-02 5.254662036895751953e-02 4.921513423323631287e-02 4.506273195147514343e-02 6.059585139155387878e-02 2.092563360929489136e-02 3.424633666872978210e-02 2.106470800936222076e-02 5.141586065292358398e-02 4.404351115226745605e-02 6.550575606524944305e-03 2.169293118640780449e-03 8.269569277763366699e-02 3.884761035442352295e-02 6.675028800964355469e-02 3.888529911637306213e-02 4.855795996263623238e-04 3.525928594172000885e-03 1.156776119023561478e-02 2.100808545947074890e-02 3.505002940073609352e-03 1.122944988310337067e-02 4.050469025969505310e-03 5.856437608599662781e-03 5.207052081823348999e-02 1.369519438594579697e-02 1.208248883485794067e-01 4.007738828659057617e-02 2.209182456135749817e-02 2.353017590939998627e-02 2.631855662912130356e-03 2.651522122323513031e-02 1.635167747735977173e-02 3.637937596067786217e-03 4.492332041263580322e-02 2.116082981228828430e-02 4.310811311006546021e-02 4.151086136698722839e-02 2.156247198581695557e-02 2.669154480099678040e-02 2.938106842339038849e-02 4.061580076813697815e-02 3.163835778832435608e-02 3.692222759127616882e-03 5.439208820462226868e-03 1.365926954895257950e-02 2.487901784479618073e-02 1.919722557067871094e-02 3.213389776647090912e-03 1.872791163623332977e-02 1.500804442912340164e-02 4.185091331601142883e-02
1.175828799605369568e-01 1.154706180095672607e-01 3.779602795839309692e-02 1.570831611752510071e-02 4.326652735471725464e-02 7.907394319772720337e-02 6.573252379894256592e-02 6.600164342671632767e-03 2.691658586263656616e-02 3.301637619733810425e-02 1.424992382526397705e-01 3.454458713531494141e-02 4.887242913246154785e-01 4.555489495396614075e-02 5.558306723833084106e-02 1.977103948593139648e-02 6.361107341945171356e-03 4.535422101616859436e-02 1.465915143489837646e-02 9.941884316504001617e-03 2.134221792221069336e-02 6.643146276473999023e-03 1.089419587515294552e-03 1.847688294947147369e-02 1.261437684297561646e-02 2.727518975734710693e-02 1.207306422293186188e-02 1.168585382401943207e-02 4.989638179540634155e-02 3.738508746027946472e-02 4.580440931022167206e-03 1.612724619917571545e-03 2.702260576188564301e-02 1.768345246091485023e-03 4.750770982354879379e-03 2.091142721474170685e-02 2.461886405944824219e-02 1.436826493591070175e-02 7.073902525007724762e-03 1.085925102233886719e-02 2.327785268425941467e-02 2.840360999107360840e-02 2.815738692879676819e-02 1.120940782129764557e-02 1.864778436720371246e-02 4.645005241036415100e-02 7.991519570350646973e-02 3.358130902051925659e-02 3.286392614245414734e-02 2.607600204646587372e-02 3.255027532577514648e-02 8.082670159637928009e-03 3.723552078008651733e-02 2.978440839797258377e-03 8.666045963764190674e-03 3.691080957651138306e-02 4.734976962208747864e-02 2.930248714983463287e-02 5.691117141395807266e-03 1.727530919015407562e-02 3.985927253961563110e-02 2.195694949477910995e-03 3.058646991848945618e-02 4.798414884135127068e-04 1.803375408053398132e-02 7.131157815456390381e-02 1.431347988545894623e-02 5.283995065838098526e-03 5.036785826086997986e-02 3.819522261619567871e-02 4.650051519274711609e-02 7.334601134061813354e-03 7.223578169941902161e-03 4.789362195879220963e-03 2.954338863492012024e-02 3.122710622847080231e-02 1.790390536189079285e-02 2.927432395517826080e-02 3.605557605624198914e-02 8.707117289304733276e-03 9.264289401471614838e-03 1.538857631385326385e-02 4.021074622869491577e-02 4.861783608794212341e-02 4.836837202310562134e-02 5.173338577151298523e-02 2.290803380310535431e-02 1.899207592941820621e-03 1.230512093752622604e-02 1.758427359163761139e-02 8.285288698971271515e-03 2.910202555358409882e-02 3.303966671228408813e-02 2.346142567694187164e-02 2.232708968222141266e-03 3.357000648975372314e-02 7.256777025759220123e-03 1.850539445877075195e-02 1.621134392917156219e-02 3.310240805149078369e-03 5.170959606766700745e-02 2.160799223929643631e-03 5.542505905032157898e-02 3.782790154218673706e-02 4.330127313733100891e-02 1.028172858059406281e-02 1.954077184200286865e-02 3.805702924728393555e-02 3.640045598149299622e-02 1.797972619533538818e-02 1.534664351493120193e-02 2.089570090174674988e-02 5.176533013582229614e-02 5.903884768486022949e-02 1.295940112322568893e-02 2.697312459349632263e-02
