4.905875921249389648e-01 1.677179336547851562e-01 2.267578989267349243e-02 1.585277356207370758e-02 1.201556064188480377e-02 1.224574223160743713e-01 1.305236816406250000e-01 7.306858431547880173e-03 3.149930015206336975e-02 1.731763035058975220e-02 1.178252324461936951e-01 1.925836295413319021e-05 9.944572299718856812e-02 2.327267266809940338e-02 4.330910369753837585e-02 1.386580243706703186e-02 3.770167706534266472e-03 2.176401764154434204e-02 2.068829163908958435e-02 1.732779666781425476e-02 2.992985583841800690e-02 2.461919561028480530e-02 3.414060175418853760e-02 3.372960910201072693e-02 8.307906799018383026e-03 2.371964603662490845e-02 4.158157482743263245e-02 1.148732937872409821e-02 4.772309586405754089e-02 3.058485314249992371e-02 3.961529582738876343e-02 2.888764999806880951e-02 2.910856530070304871e-02 2.991389855742454529e-02 3.970202803611755371e-02 2.590328268706798553e-02 3.708560019731521606e-02 2.115619182586669922e-02 4.531173035502433777e-02 4.338001459836959839e-02 3.999474272131919861e-02 1.568771526217460632e-02 9.307165630161762238e-03 1.572385616600513458e-02 1.228025462478399277e-02 1.166104897856712341e-02 8.069848269224166870e-02 8.935601264238357544e-02 8.891519159078598022e-03 2.217287383973598480e-02 4.317271709442138672e-02 3.282616659998893738e-02 4.483636096119880676e-02 1.405018754303455353e-02 2.964852610602974892e-03 3.349661827087402344e-02 2.472331048920750618e-03 6.633409298956394196e-03 4.324725642800331116e-02 2.855655550956726074e-02 4.839204251766204834e-02 4.305844381451606750e-02 4.445740580558776855e-02 2.313043735921382904e-02 9.208318777382373810e-03 2.614987082779407501e-02 2.385836094617843628e-02 3.934418782591819763e-03 2.836790122091770172e-02 1.797869428992271423e-02 3.889394551515579224e-02 1.266474020667374134e-03 1.200291328132152557e-02 1.498615648597478867e-02 2.444326318800449371e-02 3.032233566045761108e-02 4.619186371564865112e-02 2.231308072805404663e-02 6.211019586771726608e-03 3.201534599065780640e-02 4.158755391836166382e-02 1.873007416725158691e-02 1.322250533849000931e-02 1.756708882749080658e-02 3.622594848275184631e-02 1.298852916806936264e-02 7.319874595850706100e-03 4.265501350164413452e-02 2.695527672767639160e-02 2.185603976249694824e-02 2.381402999162673950e-02 6.492768414318561554e-03 4.352338239550590515e-02 6.533849518746137619e-03 1.247935462743043900e-02 8.550643920898437500e-03 3.867310658097267151e-02 1.706146262586116791e-02 1.306369807571172714e-02 1.636745408177375793e-02 3.711979603394865990e-03 6.067707203328609467e-03 4.972030874341726303e-04 4.970564506947994232e-03 4.050783812999725342e-02 1.651680842041969299e-02 1.474324613809585571e-02 4.590386897325515747e-02 1.393470074981451035e-02 3.603247925639152527e-02 1.640792563557624817e-02 3.360855160281062126e-03 8.412642404437065125e-03 1.131632737815380096e-02 2.083775401115417480e-02 8.083709515631198883e-03
1.677179336547851562e-01 4.944124817848205566e-01 1.484062150120735168e-02 3.031788952648639679e-02 9.508699178695678711e-03 1.325521618127822876e-01 1.500950157642364502e-01 2.788223326206207275e-02 4.584714770317077637e-02 1.772940158843994141e-02 8.344931900501251221e-02 3.508571535348892212e-03 1.286105960607528687e-01 3.759814798831939697e-02 1.891030557453632355e-02 2.888964675366878510e-02 2.754072425886988640e-03 1.160798408091068268e-02 8.080541156232357025e-03 2.162629272788763046e-03 6.625067908316850662e-03 4.341552406549453735e-02 2.426395006477832794e-02 9.292457252740859985e-03 7.965134456753730774e-03 2.523573487997055054e-02 3.280146047472953796e-02 1.575039513409137726e-02 4.648295789957046509e-02 2.464162744581699371e-02 7.419869303703308105e-03 3.545515984296798706e-02 2.564827539026737213e-02 4.141300171613693237e-02 4.456403106451034546e-02 1.672811247408390045e-02 4.253993928432464600e-02 2.359361946582794189e-02 3.153202310204505920e-02 3.440813347697257996e-02 4.297469928860664368e-02 8.431098423898220062e-03 1.286406628787517548e-02 8.440329693257808685e-03 1.197005808353424072e-02 3.317295759916305542e-02 7.213865965604782104e-02 1.163483262062072754e-01 1.652854308485984802e-02 2.073788054985925555e-04 8.688212372362613678e-03 1.047773938626050949e-02 4.266849532723426819e-02 3.366011753678321838e-02 2.340971119701862335e-02 4.671896249055862427e-02 3.094417601823806763e-02 9.421347640454769135e-03 4.682596400380134583e-02 2.506064809858798981e-02 3.186469152569770813e-02 2.936434186995029449e-02 5.670667067170143127e-02 3.266723081469535828e-02 5.063445121049880981e-02 3.784690052270889282e-03 1.815173216164112091e-02 1.309152413159608841e-02 4.026798903942108154e-02 2.934291958808898926e-02 4.348301142454147339e-02 2.975896000862121582e-02 4.473684355616569519e-02 2.964258752763271332e-02 4.104502499103546143e-02 1.157728582620620728e-02 3.585088253021240234e-02 3.667299402877688408e-03 1.762104034423828125e-02 1.687666773796081543e-02 4.383813589811325073e-02 4.065565764904022217e-02 1.926513016223907471e-02 3.396199643611907959e-02 4.286858066916465759e-02 1.055626664310693741e-02 7.939946837723255157e-03 3.785550128668546677e-03 1.891783252358436584e-02 2.171363215893507004e-03 8.826624602079391479e-03 3.295673802495002747e-02 3.697312250733375549e-02 3.516968339681625366e-02 2.807553112506866455e-02 3.813439514487981796e-03 1.191857736557722092e-02 3.581531345844268799e-02 8.131025359034538269e-03 1.122207846492528915e-02 7.894006557762622833e-03 4.861115012317895889e-03 3.038694523274898529e-02 2.997597120702266693e-02 3.798703476786613464e-02 2.275245031341910362e-03 2.276234142482280731e-02 1.001531630754470825e-02 1.151832565665245056e-02 3.668042644858360291e-02 9.472342208027839661e-03 5.182876484468579292e-04 9.284835308790206909e-03 1.598429493606090546e-02 2.805727720260620117e-02 4.536468908190727234e-02
2.267578989267349243e-02 1.484062150120735168e-02 4.836641550064086914e-01 1.711324788630008698e-02 3.557305550202727318e-03 3.883906081318855286e-02 3.700754791498184204e-02 1.404827535152435303e-01 1.396122295409440994e-02 1.747654937207698822e-02 5.468469858169555664e-02 3.608898073434829712e-02 4.747507348656654358e-02 4.986461997032165527e-02 9.514898061752319336e-02 4.623926803469657898e-02 2.247944474220275879e-02 2.955274097621440887e-02 2.028499171137809753e-02 4.134825617074966431e-02 4.695944488048553467e-02 2.147983200848102570e-02 2.027460373938083649e-02 5.582092562690377235e-04 4.400663450360298157e-02 4.700913280248641968e-02 4.936503246426582336e-02 3.749506175518035889e-02 5.302781984210014343e-02 2.863769978284835815e-02 2.707518450915813446e-02 4.960505291819572449e-02 7.878185249865055084e-03 3.195600956678390503e-02 1.535592693835496902e-02 2.636700123548507690e-02 1.170889195054769516e-02 2.202526107430458069e-02 4.075600951910018921e-02 3.472832590341567993e-02 6.397845689207315445e-03 1.399141922593116760e-02 3.440583869814872742e-02 5.619435384869575500e-02 3.882705792784690857e-02 1.914469338953495026e-02 1.565679349005222321e-02 3.949068486690521240e-02 4.412844032049179077e-02 2.134867571294307709e-02 3.016537986695766449e-02 1.492079067975282669e-02 2.883514948189258575e-02 2.546566165983676910e-02 4.291099496185779572e-03 2.227348834276199341e-02 4.060230404138565063e-02 1.805906742811203003e-02 3.418256342411041260e-02 5.464539304375648499e-02 1.984567008912563324e-02 3.774814307689666748e-02 3.790279477834701538e-02 2.355087175965309143e-02 5.276340618729591370e-02 4.793180897831916809e-02 3.709283098578453064e-02 1.325990725308656693e-02 4.407763108611106873e-02 5.031654611229896545e-02 1.811230927705764771e-02 2.072040922939777374e-03 7.712270598858594894e-03 4.546903446316719055e-02 3.361699730157852173e-02 1.135850604623556137e-02 3.547454625368118286e-02 7.680390495806932449e-03 3.467600047588348389e-02 7.575159426778554916e-03 1.533750146627426147e-01 1.456610709428787231e-01 7.473691366612911224e-03 2.514322288334369659e-02 8.747124113142490387e-03 1.673386059701442719e-02 3.478352725505828857e-02 9.088543057441711426e-02 7.073007291182875633e-04 4.445493966341018677e-02 9.493359364569187164e-03 4.399518948048353195e-03 1.592115964740514755e-03 2.672244049608707428e-02 2.767695114016532898e-02 1.727394387125968933e-02 4.222522303462028503e-02 4.443787783384323120e-02 1.932697556912899017e-02 2.367518842220306396e-02 3.960269317030906677e-02 4.112583771347999573e-02 1.204552594572305679e-02 3.870565816760063171e-02 3.732375055551528931e-02 5.462173139676451683e-04 2.169775217771530151e-02 8.684795349836349487e-03 1.262545492500066757e-02 4.796414170414209366e-03 1.385745499283075333e-02 1.449525449424982071e-02 1.940830796957015991e-02 2.057497762143611908e-02 6.301976740360260010e-02 6.353949010372161865e-02
1.585277356207370758e-02 3.031788952648639679e-02 1.711324788630008698e-02 4.794303178787231445e-01 1.776075959205627441e-01 4.379296302795410156e-02 2.841234579682350159e-02 4.008946567773818970e-02 4.758156836032867432e-02 1.177460420876741409e-02 6.839695386588573456e-03 9.867828339338302612e-03 3.183632344007492065e-02 3.052471147384494543e-04 1.881258375942707062e-02 3.734850883483886719e-02 1.196734234690666199e-02 7.850114256143569946e-02 7.794863730669021606e-02 3.663776069879531860e-02 3.257746621966362000e-02 1.600336097180843353e-02 1.686759293079376221e-02 1.191432401537895203e-02 6.891582626849412918e-03 2.513017319142818451e-02 2.958913706243038177e-02 1.684723049402236938e-02 2.892611920833587646e-02 9.493617340922355652e-03 3.906800970435142517e-02 2.497797831892967224e-02 5.834499374032020569e-03 5.420590564608573914e-02 1.440041139721870422e-02 2.119789365679025650e-03 3.542673587799072266e-02 3.801119700074195862e-02 5.164150521159172058e-02 7.189758121967315674e-02 2.155696414411067963e-02 4.708307387772947550e-04 1.137639954686164856e-02 3.377386182546615601e-02 3.473446937277913094e-03 2.284260652959346771e-02 3.928766772150993347e-02 1.574970781803131104e-02 5.984625779092311859e-03 4.734843969345092773e-02 2.557877823710441589e-02 9.934442350640892982e-04 2.273522131145000458e-02 1.235569920390844345e-02 7.817112840712070465e-03 4.137170314788818359e-02 4.089819639921188354e-02 4.008920490741729736e-02 2.610491216182708740e-02 2.841490879654884338e-02 7.225309312343597412e-02 5.131291970610618591e-02 7.382125593721866608e-03 2.034128084778785706e-02 2.695110440254211426e-02 1.911958493292331696e-02 3.422418609261512756e-02 9.524275548756122589e-03 1.948310248553752899e-02 1.356284786015748978e-02 1.845698431134223938e-02 4.699386283755302429e-02 7.354845106601715088e-02 3.130609169602394104e-02 7.338080555200576782e-02 3.801551833748817444e-02 9.963275864720344543e-03 1.023118570446968079e-02 1.502491906285285950e-02 2.008425630629062653e-02 7.615701295435428619e-03 2.543242089450359344e-02 1.010332778096199036e-01 4.521763324737548828e-02 3.193220496177673340e-02 5.373273044824600220e-02 8.134265430271625519e-03 4.561775922775268555e-02 1.662554801441729069e-03 8.574393577873706818e-03 2.118832990527153015e-02 3.754943981766700745e-02 3.975421562790870667e-02 1.268792245537042618e-02 4.403125122189521790e-02 3.997608646750450134e-02 8.514773217029869556e-04 1.702316105365753174e-02 3.811898455023765564e-02 4.100376367568969727e-02 2.905601449310779572e-02 8.235872723162174225e-03 3.748261556029319763e-02 6.091658491641283035e-03 3.626943379640579224e-02 1.656759344041347504e-02 3.624268621206283569e-02 7.087789010256528854e-03 6.093066185712814331e-03 7.086914032697677612e-03 3.105646558105945587e-02 4.933303594589233398e-02 2.377873286604881287e-02 4.201550967991352081e-03 1.374636869877576828e-02 1.210962049663066864e-02
1.201556064188480377e-02 9.508699178695678711e-03 3.557305550202727318e-03 1.776075959205627441e-01 4.891758859157562256e-01 4.078859463334083557e-02 3.520225360989570618e-02 2.848143689334392548e-02 4.793584346771240234e-02 1.418705657124519348e-02 7.314748596400022507e-03 9.142945520579814911e-03 1.557160168886184692e-03 5.968566052615642548e-03 3.425750881433486938e-02 3.677977249026298523e-02 1.388392993248999119e-03 7.165590673685073853e-02 7.974499464035034180e-02 3.701201826333999634e-02 1.380785368382930756e-02 2.691112086176872253e-02 2.870483323931694031e-02 2.555344998836517334e-02 6.603687535971403122e-03 4.036851972341537476e-02 3.794411197304725647e-02 2.162914490327239037e-03 4.872974380850791931e-02 2.825918607413768768e-03 4.066469147801399231e-02 2.336271479725837708e-02 1.002719393000006676e-03 3.515039384365081787e-02 1.098982430994510651e-02 4.341624211519956589e-03 3.545178100466728210e-02 1.699061878025531769e-02 5.364737287163734436e-02 8.946110308170318604e-02 1.744227483868598938e-02 2.755045890808105469e-03 1.243813987821340561e-02 2.599317580461502075e-02 3.334516892209649086e-03 2.492501772940158844e-02 3.253730013966560364e-02 4.639425128698348999e-02 1.788900792598724365e-02 3.686673939228057861e-02 2.100617997348308563e-02 1.616290025413036346e-02 1.051196642220020294e-02 3.914394881576299667e-03 1.322438381612300873e-02 3.693109378218650818e-02 3.410719335079193115e-02 6.105623021721839905e-02 2.593114972114562988e-02 1.401682198047637939e-02 5.956704542040824890e-02 6.654047966003417969e-02 1.510082278400659561e-02 2.581217885017395020e-02 3.090614080429077148e-02 5.584641359746456146e-03 2.763961441814899445e-02 3.346077725291252136e-02 1.753533072769641876e-02 8.071749471127986908e-03 2.765182964503765106e-02 3.478705510497093201e-02 6.143334135413169861e-02 3.260894864797592163e-02 8.216576278209686279e-02 4.419252648949623108e-02 4.099739715456962585e-03 6.559190340340137482e-03 2.373910509049892426e-02 2.252242341637611389e-02 3.078142367303371429e-02 4.775967076420783997e-02 9.313499927520751953e-02 5.956801027059555054e-02 4.778806120157241821e-02 3.446009382605552673e-02 3.668085113167762756e-02 2.034637145698070526e-02 1.280843652784824371e-02 2.450702013447880745e-03 2.672525681555271149e-02 2.588322758674621582e-02 4.427771642804145813e-02 4.440747573971748352e-02 5.368071421980857849e-02 2.620998397469520569e-02 2.371638780459761620e-03 3.772146254777908325e-02 2.633042074739933014e-02 2.762362733483314514e-02 2.952252700924873352e-02 8.125206455588340759e-03 1.174153387546539307e-02 1.946955733001232147e-02 3.604619950056076050e-02 3.739145584404468536e-03 4.219386726617813110e-02 1.697314786724746227e-03 8.595420047640800476e-03 5.593517329543828964e-03 1.734164170920848846e-02 9.970035403966903687e-03 8.229571394622325897e-03 2.927516959607601166e-02 1.502914354205131531e-02 1.415303815156221390e-02
1.224574223160743713e-01 1.325521618127822876e-01 3.883906081318855286e-02 4.379296302795410156e-02 4.078859463334083557e-02 4.975306987762451172e-01 1.748101562261581421e-01 1.891250163316726685e-02 1.346232928335666656e-02 3.795512719079852104e-03 6.624270975589752197e-02 4.667989164590835571e-02 7.480812072753906250e-02 7.173933833837509155e-02 4.721163958311080933e-02 1.115427631884813309e-02 1.292248815298080444e-02 5.477318074554204941e-03 3.557523339986801147e-02 6.547756027430295944e-03 5.633912980556488037e-03 7.931794039905071259e-03 2.133742207661271095e-03 1.112779974937438965e-02 2.494768425822257996e-02 2.410733141005039215e-02 3.057547099888324738e-02 2.224597707390785217e-02 1.484549883753061295e-02 1.368359848856925964e-02 7.127046119421720505e-04 2.736253850162029266e-02 1.917849108576774597e-02 2.992633543908596039e-02 3.158080577850341797e-02 5.708975717425346375e-03 3.107769787311553955e-02 3.221775218844413757e-02 2.220147848129272461e-02 1.020411215722560883e-02 4.132777824997901917e-02 2.461580000817775726e-02 5.450826138257980347e-03 1.021485216915607452e-02 2.412179484963417053e-02 3.932979330420494080e-02 1.069024279713630676e-01 1.267618089914321899e-01 6.153129972517490387e-03 2.094793319702148438e-02 1.675079762935638428e-02 2.662466838955879211e-03 3.938691690564155579e-02 2.541691064834594727e-02 2.003216184675693512e-02 1.504036970436573029e-02 2.350665815174579620e-02 2.652821317315101624e-02 1.078213658183813095e-02 1.884718611836433411e-02 3.786822780966758728e-02 3.355864807963371277e-02 1.727334596216678619e-02 3.230189532041549683e-02 1.777478144504129887e-03 1.230590883642435074e-02 1.856270805001258850e-02 7.902172394096851349e-03 2.969222702085971832e-02 9.309791028499603271e-03 8.792403154075145721e-03 2.064913744106888771e-03 4.798729345202445984e-02 3.249135101214051247e-03 4.547927528619766235e-02 3.655672073364257812e-02 4.420561343431472778e-02 2.210033824667334557e-03 2.504030941054224968e-03 2.881341424654237926e-05 3.922606259584426880e-02 1.672695204615592957e-02 2.120355330407619476e-02 2.896092087030410767e-02 3.259351477026939392e-02 1.446353970095515251e-03 2.006391622126102448e-02 4.257107153534889221e-02 2.628854103386402130e-02 4.320551455020904541e-02 2.895232103765010834e-02 1.278446894139051437e-02 5.487486347556114197e-02 1.695363409817218781e-02 2.314180880784988403e-02 6.486629601567983627e-03 1.518672239035367966e-02 1.881654188036918640e-02 3.460552170872688293e-02 2.042685821652412415e-02 3.917139954864978790e-03 5.881091579794883728e-03 4.813159815967082977e-03 3.314565494656562805e-02 3.312156349420547485e-02 2.777057699859142303e-02 3.740032762289047241e-02 5.116357654333114624e-02 1.975328288972377777e-02 5.803668498992919922e-02 2.013674937188625336e-02 1.532972673885524273e-03 2.448023483157157898e-02 1.464456692337989807e-02 2.328449115157127380e-02 3.178923577070236206e-02
1.305236816406250000e-01 1.500950157642364502e-01 3.700754791498184204e-02 2.841234579682350159e-02 3.520225360989570618e-02 1.748101562261581421e-01 4.859099686145782471e-01 1.918862201273441315e-02 2.631658874452114105e-02 1.017419248819351196e-02 5.845970287919044495e-02 1.604928635060787201e-02 8.356770873069763184e-02 5.818475782871246338e-02 3.907782956957817078e-02 1.528498250991106033e-04 3.057282790541648865e-02 2.451899647712707520e-02 3.480140492320060730e-02 7.035838440060615540e-03 1.813111267983913422e-02 3.430364653468132019e-02 1.105107367038726807e-03 1.159166917204856873e-02 7.243983913213014603e-03 1.421274896711111069e-02 2.302346006035804749e-02 9.715591440908610821e-04 2.163328789174556732e-02 9.984808973968029022e-03 5.712391342967748642e-03 1.996913552284240723e-02 4.522122442722320557e-02 8.896327577531337738e-03 2.828851342201232910e-02 4.827645607292652130e-03 3.370789811015129089e-02 3.606937825679779053e-02 3.962506726384162903e-02 3.276098519563674927e-02 3.332905471324920654e-02 2.434690110385417938e-02 5.134661914780735970e-04 2.732883393764495850e-02 4.257801547646522522e-02 1.149858068674802780e-02 7.784046232700347900e-02 1.589601486921310425e-01 3.719694167375564575e-02 6.032048258930444717e-03 1.333927456289529800e-02 2.986125461757183075e-02 1.227308716624975204e-02 5.970589350908994675e-03 3.769768774509429932e-02 2.666783519089221954e-02 1.644782908260822296e-02 2.598364464938640594e-02 1.542736776173114777e-02 9.712645784020423889e-03 3.527906909584999084e-02 1.602986454963684082e-02 2.345519326627254486e-02 4.014713689684867859e-02 2.367045357823371887e-02 3.131528384983539581e-03 3.122336976230144501e-02 3.643871750682592392e-03 1.664412207901477814e-02 1.948152855038642883e-02 5.796929821372032166e-03 9.855847805738449097e-03 4.313820973038673401e-02 2.762550115585327148e-02 3.967585042119026184e-02 2.283838018774986267e-02 3.349201008677482605e-02 1.634205877780914307e-02 2.486125752329826355e-02 2.570736780762672424e-02 1.184244453907012939e-02 2.268607541918754578e-02 4.100016131997108459e-02 3.167811781167984009e-02 1.394915673881769180e-02 2.526860684156417847e-02 5.853905528783798218e-02 2.716059051454067230e-02 3.354244679212570190e-02 4.300554096698760986e-02 4.295313730835914612e-03 1.060857716947793961e-02 3.841093927621841431e-02 1.244926080107688904e-02 2.553949691355228424e-02 1.050452981144189835e-02 2.781525067985057831e-02 1.905401051044464111e-02 1.023543905466794968e-02 4.510341677814722061e-03 1.850817003287374973e-03 1.404152484610676765e-03 9.293111041188240051e-03 1.196618098765611649e-02 3.180512413382530212e-02 3.593164309859275818e-02 3.371001407504081726e-02 2.366268076002597809e-02 1.961099170148372650e-02 2.208093553781509399e-02 1.817675493657588959e-02 3.605167847126722336e-03 1.478947978466749191e-02 4.160956479609012604e-03 2.247816324234008789e-02 1.214881055057048798e-02
7.306858431547880173e-03 2.788223326206207275e-02 1.404827535152435303e-01 4.008946567773818970e-02 2.848143689334392548e-02 1.891250163316726685e-02 1.918862201273441315e-02 4.801028668880462646e-01 2.733998186886310577e-02 4.567901603877544403e-03 4.118885472416877747e-02 3.215648978948593140e-02 3.524767467752099037e-03 2.638736926019191742e-02 1.610743999481201172e-01 1.822641864418983459e-02 1.567092537879943848e-02 2.760097198188304901e-02 7.446848321706056595e-03 1.813975907862186432e-02 3.985709697008132935e-02 2.050662878900766373e-03 1.843100413680076599e-03 2.786295488476753235e-02 3.665874898433685303e-02 4.666329547762870789e-02 1.626655831933021545e-02 1.213819161057472229e-02 7.017419487237930298e-02 1.612840220332145691e-02 3.567191585898399353e-02 4.562290012836456299e-02 4.176807589828968048e-03 1.286390144377946854e-02 2.933883853256702423e-02 3.326971083879470825e-02 1.939304545521736145e-02 2.895762911066412926e-03 4.684334620833396912e-02 4.695887863636016846e-02 4.302614554762840271e-02 9.174834936857223511e-03 2.422673068940639496e-02 8.621710352599620819e-03 1.201709546148777008e-02 1.918285526335239410e-02 1.008532196283340454e-02 2.875959267839789391e-03 2.969513088464736938e-02 2.732397755607962608e-03 1.070619840174913406e-02 1.509882509708404541e-02 1.894282363355159760e-02 3.388852253556251526e-02 1.982238516211509705e-02 1.555379573255777359e-02 5.008460953831672668e-02 3.047686442732810974e-02 4.543582350015640259e-02 6.387897580862045288e-02 4.916594922542572021e-02 4.379561170935630798e-02 1.685515604913234711e-02 4.364643990993499756e-02 5.249436944723129272e-03 3.664721176028251648e-02 2.696171030402183533e-02 1.086898613721132278e-02 1.848879829049110413e-02 1.531494036316871643e-02 3.907050564885139465e-02 3.442120179533958435e-02 4.069621115922927856e-02 3.318038652651011944e-04 1.183998864144086838e-02 4.049838706851005554e-02 2.815852873027324677e-02 1.443795766681432724e-02 3.424345329403877258e-02 6.330955307930707932e-03 1.369489729404449463e-01 1.270491778850555420e-01 3.593891626223921776e-03 1.369399856775999069e-02 1.018801797181367874e-02 2.011545747518539429e-02 6.689109653234481812e-02 1.149173155426979065e-01 3.240319713950157166e-02 5.417312961071729660e-03 2.270651748403906822e-04 1.020571961998939514e-02 9.646169841289520264e-03 2.694176509976387024e-02 1.476792059838771820e-02 4.199831932783126831e-02 4.419021680951118469e-02 1.732722111046314240e-02 1.912006735801696777e-02 1.851091347634792328e-02 4.606031998991966248e-02 1.386403851211071014e-02 1.908584125339984894e-02 1.649820432066917419e-02 1.254892162978649139e-02 5.940368399024009705e-02 8.412163588218390942e-04 1.891331374645233154e-02 3.851769864559173584e-02 1.893665082752704620e-02 4.808890819549560547e-02 7.238774560391902924e-03 6.178607232868671417e-03 2.761615067720413208e-02 6.059998646378517151e-02 1.349775679409503937e-02
3.149930015206336975e-02 4.584714770317077637e-02 1.396122295409440994e-02 4.758156836032867432e-02 4.793584346771240234e-02 1.346232928335666656e-02 2.631658874452114105e-02 2.733998186886310577e-02 4.736210405826568604e-01 2.091258205473423004e-02 1.718607731163501740e-02 5.015939101576805115e-02 1.273065921850502491e-03 5.900340620428323746e-03 1.639474555850028992e-02 2.858856692910194397e-02 2.227485924959182739e-02 1.025246735662221909e-02 5.266540497541427612e-02 9.316607378423213959e-03 4.748325422406196594e-02 1.185942068696022034e-02 3.454290330410003662e-02 1.678856089711189270e-02 2.634155377745628357e-02 3.071292676031589508e-02 7.751040626317262650e-03 3.375650197267532349e-02 3.335869684815406799e-02 3.936111181974411011e-02 1.401912607252597809e-02 6.088276859372854233e-03 2.107800915837287903e-02 7.291396614164113998e-03 1.299166679382324219e-02 1.581679098308086395e-02 6.143278907984495163e-03 3.108482249081134796e-02 3.337530046701431274e-02 2.388074249029159546e-02 2.337213139981031418e-03 2.597245387732982635e-02 3.466181457042694092e-02 7.800373435020446777e-02 1.814498379826545715e-02 2.228379994630813599e-02 1.292551215738058090e-02 3.504343703389167786e-02 2.707468345761299133e-02 2.418793551623821259e-02 1.767106354236602783e-02 8.474525064229965210e-02 1.659008441492915154e-03 3.598694503307342529e-02 8.339248597621917725e-02 3.886704519391059875e-02 1.179222672362811863e-04 3.745475411415100098e-02 3.062018752098083496e-02 1.356248557567596436e-02 4.653889220207929611e-03 1.384758669883012772e-02 3.745033219456672668e-02 2.824747562408447266e-02 4.202875122427940369e-02 4.853769019246101379e-02 2.465959079563617706e-02 5.733983591198921204e-03 4.315653815865516663e-02 1.434516720473766327e-02 1.386913470923900604e-02 9.053992107510566711e-03 4.317566752433776855e-02 2.896899171173572540e-02 2.659765444695949554e-02 1.039794187818188220e-05 1.398752629756927490e-01 3.471442312002182007e-02 9.835684299468994141e-02 6.404863297939300537e-02 2.051115594804286957e-02 3.275145962834358215e-02 1.301332376897335052e-03 1.516426727175712585e-02 3.598161786794662476e-02 5.729999858886003494e-03 5.193841457366943359e-02 3.036071546375751495e-02 6.828100979328155518e-02 1.310156844556331635e-02 1.418802700936794281e-02 1.688519306480884552e-02 3.710962086915969849e-02 2.111030742526054382e-02 9.205305017530918121e-03 3.097404167056083679e-02 2.687899395823478699e-02 1.432300917804241180e-02 4.317788407206535339e-02 3.317341208457946777e-02 8.280414156615734100e-03 4.432724788784980774e-02 4.978715907782316208e-03 9.879874996840953827e-03 8.469033055007457733e-03 3.130175545811653137e-02 1.623023184947669506e-03 9.642148390412330627e-03 4.885855596512556076e-04 9.864552877843379974e-03 4.381433129310607910e-02 4.168653115630149841e-02 4.632819443941116333e-02 2.618616446852684021e-02 2.514880336821079254e-02 1.725922897458076477e-02
1.731763035058975220e-02 1.772940158843994141e-02 1.747654937207698822e-02 1.177460420876741409e-02 1.418705657124519348e-02 3.795512719079852104e-03 1.017419248819351196e-02 4.567901603877544403e-03 2.091258205473423004e-02 4.845171868801116943e-01 3.495535999536514282e-02 9.929425083100795746e-03 1.352964900434017181e-02 2.968797087669372559e-02 2.368073537945747375e-02 2.617828175425529480e-02 1.595538668334484100e-02 4.774402454495429993e-02 8.265948295593261719e-02 3.615367785096168518e-02 1.717483252286911011e-02 1.246115099638700485e-02 1.871065981686115265e-02 4.193133860826492310e-02 1.620294153690338135e-02 2.974011935293674469e-02 9.550050017423927784e-04 3.942511044442653656e-03 2.380446903407573700e-02 2.639640681445598602e-02 2.906265668570995331e-02 2.615839987993240356e-02 5.353020131587982178e-02 5.338600650429725647e-02 3.410396724939346313e-02 3.324394300580024719e-02 2.906993590295314789e-02 1.985366456210613251e-02 6.602481473237276077e-03 2.058666013181209564e-02 2.649416588246822357e-02 6.937416642904281616e-02 4.776049405336380005e-02 5.030326917767524719e-02 6.771035958081483841e-03 5.425066500902175903e-02 9.421452879905700684e-03 6.614763289690017700e-03 1.271467804908752441e-01 3.580940887331962585e-02 5.033433064818382263e-02 3.899114672094583511e-03 3.043940477073192596e-02 8.485326543450355530e-03 2.928329072892665863e-02 1.225057290866971016e-03 4.352784529328346252e-02 2.946909703314304352e-02 3.124319761991500854e-02 4.444616660475730896e-02 1.187304873019456863e-02 3.767631202936172485e-02 7.834178395569324493e-03 4.461149498820304871e-02 3.966982662677764893e-02 3.666116669774055481e-02 1.490059029310941696e-02 4.051770269870758057e-02 1.964754424989223480e-02 2.412612177431583405e-02 4.480567295104265213e-03 7.993269246071577072e-04 6.068025156855583191e-02 3.264810144901275635e-02 5.282595381140708923e-02 1.101310458034276962e-02 7.484021130949258804e-03 8.584771305322647095e-02 1.980804838240146637e-02 9.610901772975921631e-02 2.356655150651931763e-02 3.068468533456325531e-02 1.441158913075923920e-02 2.011154592037200928e-02 2.942592278122901917e-02 4.238877817988395691e-02 4.807578027248382568e-02 1.133989426307380199e-03 2.138710580766201019e-02 6.317597627639770508e-02 2.595835365355014801e-03 4.087648913264274597e-02 2.999245887622237206e-03 2.821887470781803131e-02 4.655620083212852478e-02 2.520096721127629280e-03 2.499095536768436432e-02 2.694807574152946472e-02 1.841616444289684296e-02 1.744880527257919312e-02 2.429991401731967926e-02 1.627642288804054260e-02 8.347950060851871967e-04 2.886960096657276154e-02 4.871406406164169312e-02 2.328268811106681824e-02 1.748870313167572021e-02 4.961600527167320251e-02 2.296263352036476135e-03 3.655019402503967285e-02 8.488296589348465204e-05 7.940012961626052856e-03 5.533494055271148682e-02 3.174703568220138550e-02 4.698820412158966064e-02 3.140110895037651062e-02
1.178252324461936951e-01 8.344931900501251221e-02 5.468469858169555664e-02 6.839695386588573456e-03 7.314748596400022507e-03 6.624270975589752197e-02 5.845970287919044495e-02 4.118885472416877747e-02 1.718607731163501740e-02 3.495535999536514282e-02 4.998328089714050293e-01 1.373646408319473267e-02 1.140647679567337036e-01 1.596714864717796445e-04 1.770337298512458801e-02 1.436056289821863174e-02 8.235969580709934235e-03 2.619644626975059509e-02 1.802228949964046478e-02 1.303509064018726349e-02 2.165271341800689697e-02 4.358982294797897339e-02 4.947500303387641907e-02 5.030036717653274536e-02 2.198222652077674866e-02 7.155249826610088348e-03 1.140998676419258118e-02 3.488463908433914185e-02 5.432143807411193848e-02 4.026819765567779541e-02 9.679073095321655273e-02 4.018097370862960815e-02 4.268577694892883301e-02 2.245126664638519287e-02 4.206863045692443848e-02 7.568015716969966888e-03 5.449754372239112854e-02 3.606111556291580200e-02 4.232110083103179932e-02 5.026476085186004639e-02 9.673078544437885284e-03 3.466143086552619934e-02 5.015720054507255554e-02 1.650269888341426849e-02 1.597645319998264313e-02 4.653688892722129822e-02 8.366772532463073730e-02 7.138839364051818848e-02 4.765023477375507355e-03 1.253451965749263763e-02 1.896548084914684296e-03 1.836248487234115601e-02 2.325602993369102478e-02 2.082609198987483978e-02 4.009081294498173520e-06 4.310800507664680481e-02 4.173571709543466568e-03 7.048907573334872723e-04 1.130617689341306686e-02 7.194998674094676971e-03 1.588657870888710022e-02 2.267616055905818939e-02 2.106835879385471344e-02 2.080298587679862976e-02 6.807877868413925171e-02 7.615345716476440430e-02 2.646139450371265411e-02 3.172799944877624512e-02 4.464329406619071960e-02 5.344910919666290283e-02 3.609804436564445496e-02 3.733778372406959534e-02 9.735086001455783844e-03 2.743641100823879242e-02 9.385176934301853180e-03 1.793884672224521637e-02 1.719274185597896576e-02 4.672533273696899414e-02 1.083536632359027863e-02 2.230781130492687225e-02 9.241081774234771729e-03 4.460078105330467224e-02 2.500563859939575195e-02 7.110566832125186920e-03 1.779624447226524353e-02 4.179315641522407532e-02 3.439249098300933838e-02 5.409715324640274048e-02 2.459984272718429565e-02 3.498406335711479187e-02 4.112264513969421387e-02 4.483698680996894836e-02 5.841184034943580627e-02 1.084566116333007812e-02 4.023342952132225037e-02 7.471731863915920258e-03 8.251929655671119690e-03 2.772573381662368774e-02 4.958643764257431030e-02 4.328466951847076416e-02 1.127605512738227844e-02 1.457973010838031769e-02 1.220158673822879791e-02 1.244947966188192368e-02 8.684635162353515625e-03 2.374529838562011719e-02 2.272283472120761871e-02 1.117996964603662491e-02 4.662168771028518677e-02 3.872403129935264587e-02 3.546233475208282471e-02 1.658871397376060486e-02 4.880340769886970520e-02 3.503658995032310486e-02 5.560431256890296936e-02 3.157750144600868225e-02
1.925836295413319021e-05 3.508571535348892212e-03 3.608898073434829712e-02 9.867828339338302612e-03 9.142945520579814911e-03 4.667989164590835571e-02 1.604928635060787201e-02 3.215648978948593140e-02 5.015939101576805115e-02 9.929425083100795746e-03 1.373646408319473267e-02 4.864938259124755859e-01 2.245356328785419464e-02 1.370565593242645264e-01 2.002976089715957642e-02 1.524945348501205444e-02 2.646322734653949738e-02 3.760949475690722466e-03 3.896439447999000549e-02 1.529589667916297913e-02 1.433831825852394104e-02 4.576003924012184143e-02 4.036349430680274963e-02 1.754101552069187164e-02 3.127877414226531982e-02 4.447240009903907776e-02 5.238729342818260193e-02 8.509723097085952759e-02 4.464672133326530457e-02 6.775698065757751465e-02 2.694492787122726440e-02 4.185859486460685730e-02 3.247959911823272705e-02 5.650054290890693665e-02 2.789002098143100739e-02 1.710321195423603058e-02 4.804186150431632996e-02 1.215233840048313141e-02 3.926019743084907532e-02 2.089726738631725311e-02 2.779166959226131439e-02 2.018702588975429535e-02 1.880110986530780792e-02 2.441678382456302643e-02 5.124488100409507751e-02 5.943821370601654053e-02 1.871861517429351807e-02 6.066248533898033202e-05 2.074612118303775787e-02 2.319461666047573090e-02 8.931824937462806702e-03 4.793544858694076538e-02 4.571710887830704451e-04 3.489733114838600159e-02 1.064901426434516907e-02 2.171820774674415588e-02 2.517513930797576904e-03 1.684246212244033813e-02 4.351159930229187012e-02 6.406194996088743210e-03 2.139797434210777283e-02 2.987850271165370941e-02 9.431775659322738647e-03 1.294157188385725021e-02 8.681283332407474518e-03 4.323329776525497437e-03 2.523357688914984465e-04 1.415392383933067322e-02 4.184857476502656937e-03 1.970691047608852386e-02 2.027983777225017548e-02 3.482712432742118835e-02 2.198076806962490082e-02 3.928619623184204102e-02 9.993752464652061462e-03 1.765268854796886444e-02 3.188349306583404541e-02 1.992792822420597076e-02 6.448623538017272949e-02 4.704323038458824158e-02 1.461408473551273346e-02 3.705908358097076416e-02 2.690136665478348732e-03 2.876757457852363586e-02 3.094752877950668335e-02 4.376791045069694519e-02 1.094291824847459793e-02 7.936527952551841736e-03 9.797727316617965698e-02 9.839577972888946533e-02 5.495653674006462097e-02 4.367132112383842468e-02 2.621602080762386322e-02 2.351230010390281677e-02 1.828214153647422791e-02 3.778819739818572998e-02 1.009701471775770187e-02 5.070557072758674622e-02 2.177057415246963501e-02 1.285620220005512238e-02 2.151957713067531586e-02 4.526841267943382263e-02 2.537967637181282043e-02 4.070874676108360291e-02 5.940906237810850143e-03 4.547258839011192322e-02 1.610955409705638885e-02 2.811218798160552979e-02 3.514860942959785461e-02 1.076740864664316177e-02 1.218712981790304184e-02 2.053887397050857544e-02 2.422919124364852905e-02 2.250081393867731094e-03 2.747319638729095459e-02 2.601620508357882500e-03
9.944572299718856812e-02 1.286105960607528687e-01 4.747507348656654358e-02 3.183632344007492065e-02 1.557160168886184692e-03 7.480812072753906250e-02 8.356770873069763184e-02 3.524767467752099037e-03 1.273065921850502491e-03 1.352964900434017181e-02 1.140647679567337036e-01 2.245356328785419464e-02 4.953529238700866699e-01 8.476153947412967682e-03 9.164162725210189819e-02 3.449051082134246826e-02 1.104799751192331314e-02 1.122947689145803452e-02 3.375864354893565178e-03 2.676263079047203064e-02 1.029242947697639465e-02 7.060316205024719238e-02 5.052667111158370972e-02 4.912537336349487305e-02 1.545339636504650116e-02 1.380684599280357361e-02 4.704385995864868164e-02 2.958798594772815704e-02 6.881970167160034180e-02 7.228271104395389557e-03 6.824687868356704712e-02 4.054945334792137146e-02 4.462289810180664062e-02 1.656426489353179932e-02 2.507615089416503906e-02 1.298576034605503082e-02 5.478881299495697021e-02 4.177609831094741821e-02 4.440093412995338440e-03 4.344486165791749954e-03 3.312898427248001099e-02 2.582533471286296844e-02 2.992006763815879822e-02 3.261758014559745789e-02 1.202959683723747730e-03 4.853255301713943481e-02 6.429235637187957764e-02 9.114176779985427856e-02 3.982543945312500000e-03 2.376311831176280975e-02 5.610287655144929886e-03 3.106058575212955475e-02 1.899169385433197021e-02 1.779513061046600342e-02 3.119556978344917297e-02 1.927834190428256989e-02 4.171600565314292908e-02 7.281359285116195679e-03 2.208704501390457153e-02 3.674820438027381897e-02 4.474255815148353577e-02 2.314295060932636261e-02 3.741251677274703979e-02 3.827689215540885925e-02 1.466717757284641266e-02 7.524727284908294678e-02 3.934815153479576111e-02 1.024928130209445953e-02 3.666997700929641724e-02 2.632309217005968094e-03 1.685418747365474701e-02 3.081783838570117950e-02 4.223188757896423340e-02 1.511663198471069336e-02 4.296436905860900879e-02 5.032654106616973877e-02 4.134065005928277969e-03 3.984907642006874084e-02 3.288400918245315552e-02 3.045015409588813782e-02 2.946622902527451515e-03 1.045348960906267166e-02 1.051817741245031357e-02 1.706380397081375122e-02 2.131794020533561707e-02 2.689860388636589050e-02 5.666048452258110046e-02 5.441347882151603699e-02 5.626149475574493408e-03 2.630180865526199341e-02 4.272893071174621582e-03 6.304299924522638321e-03 4.029558598995208740e-02 3.077548928558826447e-03 3.840806335210800171e-02 1.668159291148185730e-02 4.388210922479629517e-02 1.007864810526371002e-02 3.104043938219547272e-02 2.430206909775733948e-02 1.214899402111768723e-02 2.676819276530295610e-04 3.707816079258918762e-02 3.684569895267486572e-02 3.232329385355114937e-03 4.247896373271942139e-02 4.537218715995550156e-03 5.257892981171607971e-02 3.401401266455650330e-02 5.464190617203712463e-03 4.205960780382156372e-02 4.213057830929756165e-02 9.047837927937507629e-03 1.879024133086204529e-02 5.893531069159507751e-02 1.403540605679154396e-03
