5.493777394294738770e-01 5.134567245841026306e-02 1.530221849679946899e-02 2.113708667457103729e-02 3.824868798255920410e-02 4.202581197023391724e-02 1.894637383520603180e-02 3.350805491209030151e-02 2.155543304979801178e-02 2.920383820310235023e-03 3.678470849990844727e-02 2.327755093574523926e-02 2.638623304665088654e-02 4.877080675214529037e-03 1.645776815712451935e-02 1.044922787696123123e-02 1.443490572273731232e-02 1.839958317577838898e-02 2.130826935172080994e-02 1.035277545452117920e-02 9.223336353898048401e-03 2.067476324737071991e-02 1.001785416156053543e-02 5.952609702944755554e-03 1.022897381335496902e-02 4.892558790743350983e-04 5.530195776373147964e-03 2.976845391094684601e-02 3.707423061132431030e-02 1.943612471222877502e-02 3.632795065641403198e-02 1.126039400696754456e-02 2.088898420333862305e-02 5.145896226167678833e-03 3.198697417974472046e-02 3.732359036803245544e-03 3.491428866982460022e-02 7.325945422053337097e-03 1.761941611766815186e-02 4.759375471621751785e-03 2.977055497467517853e-02 2.945814980193972588e-03 3.247811982873827219e-04 4.509803839027881622e-03 8.775843307375907898e-04 3.458829596638679504e-02 3.563395515084266663e-02 1.515370327979326248e-03 3.936626482754945755e-03 9.549499489367008209e-03 3.443598002195358276e-02 2.635045908391475677e-02 4.199716728180646896e-03 3.025143966078758240e-02 4.763644188642501831e-03 1.435221522115170956e-03 2.161784470081329346e-02 1.105212792754173279e-02 5.031424388289451599e-02 4.733799397945404053e-02 6.882910616695880890e-03 5.074785277247428894e-02 4.670723527669906616e-02 2.492818608880043030e-02 1.237548980861902237e-02 8.347830735146999359e-03 1.606735168024897575e-03 1.998261082917451859e-03 2.901045605540275574e-02 2.847574837505817413e-02 2.929281629621982574e-02 3.201018273830413818e-02 2.211930602788925171e-02 3.890974819660186768e-02 2.262791804969310760e-02 9.360145777463912964e-03 3.330473974347114563e-02 1.852221414446830750e-02 1.166707091033458710e-02 3.206437826156616211e-02 2.912506647408008575e-02 4.431560635566711426e-02 4.178707301616668701e-02 3.787876339629292488e-03 2.111594192683696747e-03 1.368176774121820927e-03 4.509892780333757401e-03 1.171553856693208218e-03 2.068287692964076996e-02 1.172123663127422333e-02 5.541025102138519287e-02 9.447329677641391754e-03 3.153064474463462830e-02 1.678324490785598755e-02 1.272291783243417740e-02 1.369077246636152267e-02 3.802034258842468262e-02 2.721968106925487518e-02 5.131173506379127502e-02 4.913935437798500061e-02 1.039543375372886658e-02 9.127765893936157227e-03 3.937203064560890198e-02 3.295351564884185791e-02 3.696125745773315430e-02 1.134949084371328354e-02 5.633882712572813034e-03 1.926613226532936096e-02 1.844473369419574738e-02 6.312178447842597961e-03 4.435517184901982546e-04 1.034923270344734192e-02 4.374059382826089859e-03 1.198332104831933975e-02 2.063906751573085785e-03 1.053622644394636154e-02
5.134567245841026306e-02 5.479679703712463379e-01 2.890535444021224976e-02 1.517796609550714493e-02 1.895326934754848480e-02 3.189228102564811707e-02 2.492284215986728668e-02 7.364748977124691010e-03 4.855484142899513245e-02 1.352599076926708221e-02 4.360296204686164856e-02 3.911228477954864502e-02 4.814476892352104187e-02 5.135825835168361664e-03 3.707760199904441833e-02 1.744478009641170502e-03 1.117740175686776638e-03 9.597794152796268463e-03 2.805869281291961670e-02 9.270630776882171631e-03 2.306699007749557495e-02 3.509183228015899658e-02 1.299085561186075211e-02 2.076736418530344963e-03 9.985167533159255981e-03 4.125696606934070587e-03 7.698224391788244247e-03 1.867913641035556793e-02 3.264513611793518066e-02 8.183007128536701202e-03 7.923472439870238304e-04 4.953965544700622559e-03 2.576681599020957947e-02 2.768259495496749878e-03 5.833293125033378601e-02 1.768743246793746948e-02 8.171729743480682373e-03 2.046969905495643616e-02 1.202256605029106140e-02 1.536617521196603775e-02 2.942704409360885620e-02 2.598860487341880798e-02 1.784696057438850403e-02 1.103866286575794220e-02 2.178430743515491486e-02 2.041762322187423706e-02 3.429626673460006714e-02 2.150843478739261627e-02 3.618882969021797180e-02 6.013993173837661743e-03 4.464384168386459351e-02 3.390752524137496948e-02 1.116954814642667770e-02 1.957041397690773010e-02 1.635689102113246918e-02 3.906778525561094284e-03 2.240524813532829285e-02 2.774211205542087555e-02 5.487502738833427429e-02 5.810563638806343079e-02 8.979186415672302246e-03 5.271348357200622559e-02 3.219176456332206726e-02 1.766623184084892273e-02 2.738261222839355469e-02 1.126887160353362560e-03 1.041756849735975266e-02 1.532232854515314102e-02 4.046582430601119995e-02 5.396113265305757523e-03 4.743820428848266602e-02 3.750421106815338135e-02 7.387553341686725616e-03 2.523226663470268250e-02 1.879188790917396545e-02 5.977254360914230347e-03 4.367148503661155701e-02 1.104462891817092896e-02 2.054391428828239441e-02 2.935698139481246471e-04 4.964771121740341187e-02 3.635595738887786865e-02 1.184882223606109619e-02 1.368592306971549988e-02 3.311465261504054070e-03 1.219724398106336594e-02 1.669972203671932220e-02 1.601166278123855591e-02 1.124775968492031097e-02 2.269894443452358246e-02 4.958516359329223633e-02 1.219086535274982452e-02 2.689527347683906555e-02 1.898392103612422943e-02 1.633300445973873138e-02 2.248211205005645752e-02 4.278130084276199341e-02 2.303239889442920685e-04 4.674926027655601501e-02 2.967481687664985657e-02 1.109118387103080750e-02 1.006218977272510529e-02 3.891808539628982544e-02 1.638792455196380615e-02 4.969851300120353699e-02 2.484751679003238678e-02 3.658659756183624268e-03 7.650211453437805176e-03 6.457466632127761841e-03 3.363793715834617615e-02 4.668125417083501816e-03 6.074724253267049789e-03 5.275335162878036499e-03 9.536875411868095398e-03 1.411491306498646736e-03 1.309734303504228592e-02
1.530221849679946899e-02 2.890535444021224976e-02 5.224416851997375488e-01 3.080007061362266541e-02 8.966774679720401764e-03 1.345860946457833052e-04 4.261863231658935547e-02 1.028096303343772888e-01 1.491207070648670197e-02 1.643363386392593384e-02 3.368093818426132202e-02 3.002707380801439285e-03 4.676239937543869019e-02 2.353523886995390058e-04 5.527939274907112122e-02 1.090894639492034912e-02 4.683466628193855286e-03 1.155616529285907745e-02 3.513521328568458557e-02 3.956494480371475220e-02 3.445433825254440308e-02 1.706965826451778412e-02 1.278700307011604309e-02 2.944838628172874451e-02 4.493004828691482544e-02 3.815927729010581970e-02 4.743140563368797302e-02 7.768449187278747559e-02 4.295537248253822327e-02 3.642879053950309753e-02 1.244562491774559021e-02 4.864829778671264648e-02 3.709490969777107239e-02 4.097970202565193176e-02 7.028444670140743256e-03 3.817909955978393555e-02 1.154067832976579666e-02 2.471886202692985535e-02 9.490547701716423035e-03 1.946835778653621674e-03 3.611449617892503738e-03 5.814087577164173126e-03 2.337192557752132416e-02 6.731979548931121826e-03 3.305301442742347717e-02 9.913231246173381805e-03 6.666993256658315659e-03 2.815705537796020508e-02 2.157190174330025911e-04 1.514743268489837646e-02 2.959628403186798096e-02 1.342016924172639847e-02 4.111876338720321655e-02 5.635133013129234314e-02 1.005119411274790764e-03 2.244066447019577026e-02 3.500428423285484314e-02 2.899302728474140167e-02 4.584940150380134583e-02 5.830532312393188477e-02 1.976312138140201569e-02 7.262143772095441818e-04 3.136909380555152893e-02 2.437965385615825653e-02 5.762620829045772552e-03 1.703455485403537750e-02 4.777678102254867554e-02 4.772441834211349487e-02 4.377995803952217102e-02 9.530553594231605530e-03 4.004884045571088791e-03 7.914611138403415680e-03 1.379476208239793777e-02 1.711654476821422577e-02 1.709366030991077423e-02 1.856735907495021820e-02 4.001314193010330200e-02 2.303068712353706360e-02 6.977285258471965790e-03 1.331677287817001343e-02 2.003628164529800415e-01 9.520692378282546997e-02 3.199238330125808716e-02 3.365604951977729797e-02 5.776826292276382446e-03 3.105458803474903107e-02 1.059902925044298172e-02 1.207244931720197201e-03 1.301163714379072189e-02 3.702348843216896057e-02 1.618853583931922913e-02 9.257707744836807251e-03 1.996236108243465424e-02 4.837065935134887695e-02 1.389125827699899673e-04 1.972710527479648590e-02 1.374575030058622360e-02 4.142425581812858582e-02 3.195521980524063110e-02 2.045902051031589508e-02 5.123826116323471069e-02 1.067282399162650108e-03 2.496897988021373749e-02 3.167846053838729858e-02 4.538774862885475159e-02 2.502167597413063049e-03 4.261197149753570557e-02 3.429232398048043251e-03 2.325636148452758789e-02 4.462847858667373657e-02 1.089051272720098495e-02 3.084914945065975189e-02 6.644619861617684364e-04 3.871319442987442017e-02 9.123459458351135254e-02 3.054591827094554901e-02
2.113708667457103729e-02 1.517796609550714493e-02 3.080007061362266541e-02 5.372309088706970215e-01 2.371440380811691284e-01 1.147384382784366608e-02 9.102696552872657776e-03 2.576583297923207283e-03 1.622436381876468658e-02 2.591983042657375336e-02 5.103318486362695694e-03 2.759789861738681793e-02 1.995805278420448303e-02 1.384699903428554535e-02 7.469698321074247360e-03 4.805353283882141113e-02 2.792089059948921204e-02 2.804923988878726959e-02 1.863389462232589722e-02 2.811943739652633667e-02 1.590091735124588013e-02 3.454621508717536926e-02 5.444288719445466995e-03 1.404697075486183167e-02 4.046151787042617798e-02 2.775053121149539948e-02 5.878964439034461975e-02 1.680549606680870056e-02 9.385161101818084717e-03 3.199522569775581360e-02 1.737481448799371719e-03 4.855154827237129211e-02 3.459716588258743286e-02 4.544316604733467102e-02 1.712382398545742035e-02 7.570574991405010223e-03 1.756855845451354980e-02 4.720348492264747620e-02 7.679621875286102295e-02 1.349876075983047485e-01 8.556215465068817139e-02 4.427521303296089172e-02 4.285933077335357666e-02 4.285934194922447205e-02 1.955219544470310211e-02 2.692054025828838348e-02 4.293521866202354431e-03 1.373174972832202911e-02 3.562767803668975830e-02 4.566480219364166260e-02 7.067678030580282211e-03 1.252801390364766121e-03 7.310125045478343964e-03 3.166303783655166626e-02 1.439283881336450577e-02 3.138982132077217102e-02 1.676696166396141052e-02 1.684657856822013855e-02 4.406149685382843018e-02 3.392010554671287537e-02 2.278004959225654602e-02 1.042829081416130066e-01 1.421731198206543922e-03 1.443099789321422577e-02 8.491426706314086914e-03 1.060349307954311371e-02 2.874253690242767334e-02 2.988208550959825516e-03 1.538447942584753036e-02 2.542092092335224152e-02 1.707268133759498596e-02 3.383803740143775940e-02 3.168661892414093018e-02 3.186136111617088318e-02 3.737765178084373474e-02 2.789382450282573700e-02 3.557613492012023926e-02 6.573007907718420029e-03 3.170804679393768311e-02 4.559362772852182388e-03 3.517746180295944214e-02 4.268691688776016235e-02 4.289746657013893127e-02 8.856201916933059692e-02 1.189734204672276974e-03 2.668471774086356163e-03 4.207168146967887878e-02 3.584742918610572815e-02 3.914501145482063293e-02 2.038532122969627380e-02 3.893481194972991943e-02 2.377784810960292816e-02 2.804811857640743256e-02 1.459696888923645020e-02 4.302144050598144531e-02 2.737928368151187897e-02 1.223172340542078018e-02 3.531928360462188721e-02 4.986034240573644638e-03 1.742466539144515991e-02 2.786954864859580994e-02 3.882879763841629028e-02 9.298434481024742126e-03 2.438367111608386040e-03 4.217750951647758484e-02 3.412390500307083130e-02 3.129712492227554321e-02 3.358162939548492432e-02 1.800302229821681976e-02 2.470192499458789825e-02 3.898762911558151245e-02 4.467962309718132019e-02 3.282643482089042664e-02 3.604951873421669006e-02 7.551471143960952759e-02 2.458290755748748779e-02
3.824868798255920410e-02 1.895326934754848480e-02 8.966774679720401764e-03 2.371440380811691284e-01 5.285184383392333984e-01 2.326488494873046875e-02 6.929805967956781387e-03 6.921802647411823273e-03 2.785462327301502228e-02 1.655134558677673340e-02 1.000488456338644028e-02 3.212249372154474258e-03 2.256467379629611969e-02 9.330907836556434631e-03 2.108338102698326111e-02 3.804464265704154968e-02 4.729287698864936829e-02 2.577626332640647888e-02 2.264295890927314758e-02 2.483223797753453255e-03 1.340243685990571976e-02 5.325482040643692017e-02 1.475692167878150940e-02 2.551553025841712952e-02 3.448708355426788330e-02 3.920482099056243896e-02 6.445980072021484375e-02 4.766858182847499847e-03 1.306702662259340286e-02 2.569967694580554962e-02 2.381144650280475616e-02 1.641966775059700012e-02 2.212466299533843994e-02 2.404259145259857178e-02 3.501515835523605347e-02 2.381475456058979034e-02 3.670551627874374390e-02 3.794696927070617676e-02 5.656691268086433411e-02 1.461842656135559082e-01 7.524192333221435547e-02 3.612362593412399292e-02 1.176300551742315292e-02 2.819686010479927063e-02 2.673107571899890900e-02 4.804161563515663147e-02 3.218507859855890274e-03 2.929521165788173676e-02 3.233966231346130371e-02 1.019536610692739487e-02 2.101904340088367462e-02 3.814669093117117882e-03 3.263412415981292725e-02 2.415470592677593231e-02 1.336428988724946976e-02 4.915008321404457092e-03 3.934075683355331421e-02 4.051943123340606689e-02 1.038335077464580536e-02 3.368970751762390137e-02 6.968175992369651794e-03 4.523332044482231140e-02 1.423865091055631638e-02 1.724913157522678375e-02 2.404026314616203308e-02 3.189962357282638550e-02 2.916743606328964233e-02 8.252966217696666718e-03 3.751399694010615349e-03 3.380086645483970642e-02 3.410230856388807297e-03 1.914931833744049072e-02 2.311320044100284576e-02 1.686539128422737122e-02 4.682550579309463501e-02 3.502472117543220520e-02 1.933884806931018829e-02 2.825082093477249146e-02 3.477907925844192505e-02 3.509846702218055725e-02 1.917366310954093933e-02 3.415234386920928955e-02 3.734967485070228577e-02 1.277544647455215454e-01 1.437505614012479782e-02 1.357736345380544662e-02 2.147013787180185318e-03 4.656638577580451965e-02 1.954658702015876770e-02 2.303764782845973969e-02 2.303526736795902252e-02 3.146390989422798157e-02 3.468162193894386292e-02 4.147542268037796021e-02 2.725388668477535248e-02 3.033520281314849854e-02 9.607316926121711731e-03 4.299527779221534729e-02 4.349089413881301880e-02 6.397203356027603149e-02 1.291837915778160095e-02 3.583296388387680054e-02 8.512524887919425964e-03 5.541647318750619888e-03 1.358519602945307270e-05 3.514381125569343567e-02 3.073380794376134872e-03 9.767636656761169434e-03 1.784549839794635773e-02 1.816139183938503265e-02 5.482799932360649109e-02 3.642889857292175293e-02 2.561340108513832092e-02 1.918987743556499481e-02 6.477743387222290039e-02 2.620632946491241455e-02
4.202581197023391724e-02 3.189228102564811707e-02 1.345860946457833052e-04 1.147384382784366608e-02 2.326488494873046875e-02 5.406340956687927246e-01 7.721336185932159424e-02 1.625026203691959381e-02 6.554497405886650085e-03 6.046442780643701553e-03 1.582153514027595520e-02 6.305926293134689331e-02 1.587744802236557007e-02 2.747460268437862396e-02 1.117235142737627029e-02 2.311653830111026764e-02 3.217748831957578659e-03 2.314744889736175537e-02 2.139328606426715851e-02 2.085888572037220001e-02 5.525534972548484802e-02 1.400561537593603134e-02 2.206003479659557343e-02 1.139152888208627701e-02 1.273025106638669968e-02 2.953220158815383911e-03 4.126203421037644148e-04 3.538674116134643555e-02 1.662362180650234222e-02 1.756423711776733398e-02 3.803118015639483929e-04 7.425795309245586395e-03 1.937191188335418701e-02 3.155649639666080475e-03 4.410255700349807739e-02 2.895056456327438354e-02 9.700581431388854980e-03 1.165632158517837524e-02 2.538499888032674789e-03 4.700168222188949585e-02 2.171490155160427094e-02 2.554407902061939240e-02 3.552714362740516663e-03 3.520107641816139221e-02 1.085327379405498505e-02 1.732792891561985016e-02 6.817647814750671387e-02 2.749796211719512939e-02 1.896003447473049164e-02 8.683585561811923981e-03 1.812401600182056427e-02 4.241299629211425781e-02 5.341966822743415833e-02 2.412525378167629242e-02 4.843767266720533371e-03 1.941395550966262817e-02 4.873500671237707138e-03 3.106019087135791779e-02 1.191432122141122818e-02 4.674023017287254333e-02 1.286704372614622116e-02 1.798947528004646301e-02 3.012113645672798157e-02 1.433104928582906723e-02 4.344217944890260696e-03 8.928522467613220215e-03 1.190624199807643890e-02 5.900500691495835781e-04 1.783228851854801178e-02 3.018687292933464050e-02 3.503405302762985229e-02 1.696045510470867157e-02 3.671821032185107470e-04 3.631373494863510132e-02 9.712223894894123077e-03 3.883853554725646973e-02 2.670654281973838806e-02 5.042914766818284988e-03 1.739489845931529999e-02 4.977243021130561829e-03 2.486916072666645050e-02 1.374506484717130661e-02 1.720215566456317902e-02 3.538410365581512451e-02 1.515229325741529465e-02 2.296004258096218109e-02 2.432468533515930176e-02 4.449724219739437103e-03 3.980405256152153015e-02 3.365685790777206421e-02 3.714726865291595459e-02 5.481465719640254974e-03 6.798876915127038956e-03 2.456014044582843781e-03 4.270410910248756409e-02 2.121136710047721863e-02 3.385856375098228455e-02 3.314472734928131104e-02 3.236615285277366638e-02 3.305130824446678162e-02 1.328664511675015092e-04 6.166118662804365158e-03 3.014402836561203003e-02 1.957711204886436462e-02 2.375558204948902130e-02 2.102368511259555817e-02 3.854281082749366760e-02 3.022509813308715820e-02 1.253291312605142593e-02 3.930654376745223999e-02 2.213888987898826599e-02 2.253653854131698608e-02 1.506134681403636932e-02 4.535920452326536179e-03 2.363098971545696259e-02 7.763872854411602020e-03
1.894637383520603180e-02 2.492284215986728668e-02 4.261863231658935547e-02 9.102696552872657776e-03 6.929805967956781387e-03 7.721336185932159424e-02 5.482861399650573730e-01 2.052238583564758301e-02 2.113547408953309059e-03 6.060391664505004883e-03 1.650648377835750580e-02 4.491633921861648560e-02 2.218056097626686096e-02 3.168087825179100037e-02 1.043034158647060394e-02 1.541791390627622604e-02 3.224560059607028961e-04 3.404149413108825684e-02 1.434279512614011765e-02 1.712010614573955536e-02 4.550457000732421875e-02 1.735903439112007618e-03 1.947335153818130493e-02 8.834213018417358398e-03 1.942226849496364594e-02 1.279407413676381111e-03 3.268601745367050171e-02 2.055636723525822163e-04 2.602706663310527802e-02 6.557147018611431122e-03 4.820075351744890213e-03 6.477209273725748062e-03 9.941348806023597717e-03 6.511487532407045364e-03 5.861547216773033142e-02 1.830364577472209930e-02 5.761735606938600540e-03 3.101741895079612732e-02 2.423539385199546814e-02 5.075802281498908997e-02 2.457066439092159271e-02 1.955977268517017365e-02 5.667127668857574463e-03 2.437261864542961121e-02 1.546860020607709885e-02 1.542549766600131989e-02 5.977367609739303589e-02 5.275547504425048828e-02 5.470407195389270782e-03 8.124333806335926056e-03 3.302856162190437317e-02 4.089120030403137207e-02 4.928659647703170776e-02 2.058329060673713684e-02 2.559747779741883278e-03 1.614694297313690186e-02 6.246710661798715591e-03 2.925066091120243073e-02 2.560314349830150604e-02 4.567268863320350647e-02 2.585772052407264709e-02 1.275370130315423012e-03 4.609881713986396790e-02 1.058589946478605270e-02 5.038936622440814972e-03 1.450830977410078049e-02 1.720198430120944977e-02 1.407310483045876026e-03 2.172507159411907196e-02 4.083711653947830200e-02 2.264712005853652954e-02 4.177601635456085205e-02 1.826431602239608765e-02 1.585203409194946289e-02 1.293117180466651917e-02 3.743826597929000854e-02 4.288776777684688568e-03 6.126588210463523865e-03 2.416672930121421814e-02 1.612008921802043915e-02 3.325067460536956787e-02 2.791676204651594162e-03 3.448396176099777222e-02 1.415086816996335983e-02 2.421672083437442780e-02 3.402625769376754761e-02 5.645589902997016907e-03 3.291236236691474915e-03 3.798029571771621704e-02 6.504011899232864380e-02 2.787141129374504089e-02 6.405142135918140411e-03 1.814279332756996155e-02 1.091210404410958290e-03 4.540567100048065186e-02 5.881303921341896057e-03 1.501485146582126617e-02 1.970327086746692657e-02 4.472066834568977356e-02 3.359500318765640259e-02 1.148772309534251690e-03 1.336685148999094963e-03 1.210554316639900208e-02 2.602354215923696756e-04 2.819431945681571960e-02 3.189463540911674500e-02 2.679419703781604767e-02 1.984228380024433136e-02 4.957295488566160202e-03 4.871665313839912415e-02 3.623673319816589355e-02 3.838597983121871948e-02 1.413571089506149292e-02 9.909368120133876801e-03 4.507699608802795410e-02 1.334435027092695236e-02
3.350805491209030151e-02 7.364748977124691010e-03 1.028096303343772888e-01 2.576583297923207283e-03 6.921802647411823273e-03 1.625026203691959381e-02 2.052238583564758301e-02 5.207669138908386230e-01 1.561341062188148499e-02 3.526379168033599854e-02 3.971470869146287441e-04 1.026698481291532516e-02 5.838829278945922852e-02 9.621763019822537899e-04 4.997146874666213989e-02 2.783546969294548035e-02 3.133565559983253479e-02 3.611772507429122925e-02 2.899702405557036400e-03 1.482072100043296814e-02 4.738390445709228516e-02 4.192371852695941925e-03 3.325809910893440247e-02 4.464953392744064331e-02 1.009550504386425018e-02 2.464831247925758362e-02 2.278545126318931580e-02 2.635102905333042145e-02 4.593433812260627747e-03 1.557268481701612473e-02 8.560079149901866913e-03 3.804626176133751869e-04 1.859778165817260742e-02 5.558474920690059662e-03 1.384610775858163834e-02 7.717216387391090393e-03 2.911383751779794693e-03 1.189890038222074509e-02 1.109851989895105362e-02 2.577860280871391296e-02 1.941066700965166092e-03 3.239594399929046631e-02 3.428192436695098877e-02 3.555927425622940063e-02 5.385511089116334915e-03 4.263384640216827393e-02 2.084454894065856934e-02 1.575635373592376709e-02 2.875369973480701447e-02 1.842868886888027191e-02 3.356304764747619629e-02 6.544851697981357574e-03 1.011194195598363876e-02 4.388557747006416321e-02 5.043663084506988525e-02 3.479216992855072021e-02 1.870164531283080578e-03 4.536234587430953979e-02 6.906314194202423096e-02 3.404879570007324219e-02 3.381637856364250183e-02 2.435540594160556793e-02 1.982164941728115082e-02 2.170366235077381134e-02 4.227722994983196259e-03 1.401879265904426575e-02 2.085912600159645081e-02 1.857064478099346161e-02 1.931013166904449463e-02 1.409984659403562546e-02 2.647819183766841888e-02 7.705561816692352295e-03 4.612008482217788696e-02 3.218375518918037415e-02 4.635488614439964294e-02 3.471903130412101746e-02 3.332873433828353882e-02 3.278453275561332703e-02 4.709188942797482014e-04 4.670715332031250000e-02 1.433979272842407227e-01 9.434738755226135254e-02 1.411784719675779343e-02 1.893702894449234009e-02 3.798240330070257187e-03 3.935624379664659500e-03 8.224780112504959106e-02 3.499091416597366333e-02 3.026918508112430573e-02 2.324372297152876854e-03 3.634237125515937805e-02 5.051454529166221619e-02 1.114357914775609970e-02 1.542100589722394943e-02 3.811771050095558167e-02 3.151198104023933411e-02 3.728270530700683594e-02 2.245390415191650391e-02 8.349450305104255676e-03 1.194392237812280655e-02 1.313202641904354095e-02 5.250435695052146912e-02 4.834407195448875427e-02 2.792440587654709816e-03 1.115567632950842381e-03 1.491027791053056717e-02 2.331636659801006317e-02 7.536174356937408447e-02 8.539123833179473877e-02 3.048249753192067146e-03 2.391788363456726074e-02 1.809746213257312775e-02 2.208548411726951599e-02 2.662717737257480621e-02 2.159589342772960663e-02 7.945810444653034210e-03
2.155543304979801178e-02 4.855484142899513245e-02 1.491207070648670197e-02 1.622436381876468658e-02 2.785462327301502228e-02 6.554497405886650085e-03 2.113547408953309059e-03 1.561341062188148499e-02 5.200290679931640625e-01 1.000918149948120117e-01 5.805443227291107178e-02 4.251460731029510498e-02 6.081562861800193787e-02 3.142396733164787292e-02 3.407399728894233704e-02 1.019164919853210449e-02 2.426713332533836365e-02 3.284850716590881348e-02 4.586416762322187424e-03 1.515031699091196060e-02 3.404530137777328491e-02 3.778063133358955383e-02 3.108097054064273834e-02 5.462641268968582153e-02 1.280837226659059525e-02 4.855859093368053436e-03 2.316579781472682953e-02 1.967204548418521881e-02 1.733118481934070587e-02 9.051595814526081085e-03 1.755480421707034111e-03 2.297440543770790100e-03 2.577792108058929443e-02 2.909227833151817322e-02 9.372268803417682648e-03 5.920800031162798405e-04 4.232626408338546753e-02 7.663896307349205017e-03 7.208274677395820618e-03 3.929532133042812347e-03 2.891912357881665230e-03 9.870544075965881348e-02 2.844846248626708984e-02 1.694896072149276733e-02 1.577633991837501526e-02 2.330154180526733398e-02 8.947414346039295197e-03 7.091650273650884628e-03 8.190634101629257202e-02 5.853753071278333664e-03 3.893581032752990723e-02 3.626277297735214233e-02 2.997289597988128662e-02 2.129436656832695007e-02 6.870502978563308716e-02 3.203990310430526733e-02 4.396135732531547546e-02 1.031592488288879395e-02 1.475423760712146759e-02 2.896320261061191559e-02 2.846969105303287506e-02 1.134022313635796309e-04 1.340474234893918037e-03 2.283405326306819916e-02 1.613978669047355652e-02 2.805187739431858063e-02 2.604090422391891479e-02 1.094159670174121857e-02 2.452854625880718231e-02 3.142550587654113770e-02 1.541072595864534378e-02 2.213225513696670532e-02 1.724872365593910217e-02 1.926910690963268280e-02 3.905302658677101135e-02 2.392539754509925842e-02 1.490234732627868652e-01 2.552147023379802704e-02 1.878545805811882019e-02 1.323123648762702942e-02 3.910081833600997925e-02 2.218638733029365540e-02 2.093037328450009227e-04 9.119158610701560974e-03 5.948691628873348236e-03 1.315343845635652542e-02 4.614212363958358765e-02 3.234767913818359375e-02 3.633447736501693726e-02 3.786768019199371338e-02 2.724358439445495605e-02 2.827478945255279541e-02 3.452976420521736145e-02 5.045446753501892090e-02 2.979801967740058899e-02 5.140909925103187561e-02 2.477046661078929901e-02 2.259740047156810760e-02 2.552437968552112579e-02 4.279083758592605591e-02 1.542640943080186844e-02 2.493693120777606964e-02 1.014020945876836777e-02 2.766206301748752594e-02 3.644794970750808716e-02 5.905773490667343140e-03 7.535321172326803207e-03 3.229588642716407776e-02 4.051360767334699631e-03 1.062952727079391479e-02 1.849413476884365082e-02 9.254392236471176147e-03 1.027869619429111481e-02 4.994678311049938202e-03 8.593008853495121002e-03 4.900030419230461121e-02
2.920383820310235023e-03 1.352599076926708221e-02 1.643363386392593384e-02 2.591983042657375336e-02 1.655134558677673340e-02 6.046442780643701553e-03 6.060391664505004883e-03 3.526379168033599854e-02 1.000918149948120117e-01 5.300698280334472656e-01 2.433842048048973083e-02 3.120963461697101593e-02 2.818391472101211548e-02 6.621835753321647644e-03 3.880263864994049072e-02 5.648037418723106384e-03 2.006887830793857574e-02 8.597016334533691406e-03 2.020663581788539886e-02 5.030136555433273315e-03 1.759758591651916504e-02 2.766700461506843567e-02 2.085771877318620682e-03 8.762339130043983459e-03 1.481388043612241745e-02 5.779796279966831207e-03 3.323916811496019363e-03 1.424980256706476212e-02 2.911494520958513021e-04 2.321012876927852631e-02 4.356646386440843344e-04 1.280213939025998116e-03 3.913222998380661011e-02 5.429397337138652802e-03 3.891868889331817627e-02 3.595068352296948433e-03 3.746286407113075256e-02 3.131649270653724670e-02 3.395456820726394653e-02 2.857825718820095062e-02 1.297572348266839981e-02 3.478817641735076904e-02 1.369184907525777817e-02 5.224601831287145615e-03 2.349792607128620148e-02 3.024362958967685699e-02 3.853672184050083160e-03 5.229188129305839539e-03 3.559776395559310913e-02 1.776327565312385559e-02 4.546176642179489136e-02 2.926171524450182915e-03 3.142463415861129761e-02 3.772336244583129883e-02 3.596352785825729370e-02 2.980498410761356354e-02 4.254738613963127136e-02 3.204664587974548340e-02 2.476234175264835358e-02 2.722195908427238464e-02 1.134507264941930771e-02 3.572733327746391296e-02 6.177032832056283951e-03 4.430975392460823059e-02 5.618154536932706833e-03 7.125979289412498474e-03 2.809120342135429382e-04 3.284786362200975418e-03 3.365467709954828024e-04 1.719066058285534382e-03 1.747293584048748016e-02 5.812306702136993408e-02 2.591454051434993744e-02 1.132571371272206306e-03 1.476357411593198776e-02 3.699948638677597046e-02 7.492353767156600952e-02 8.471205830574035645e-02 2.583681792020797729e-02 3.169123455882072449e-02 1.219208445399999619e-02 3.441994544118642807e-03 4.826250951737165451e-03 1.759638451039791107e-02 3.526880592107772827e-02 1.434743870049715042e-03 5.104240030050277710e-02 4.077820107340812683e-02 1.676632650196552277e-02 1.855623535811901093e-02 2.486991137266159058e-02 1.429931819438934326e-02 1.667185127735137939e-02 3.330490365624427795e-02 5.101151764392852783e-03 1.213595643639564514e-02 1.905273529700934887e-04 2.027544006705284119e-02 7.606903556734323502e-03 3.216730663552880287e-03 4.317661747336387634e-03 4.426165018230676651e-03 6.121438927948474884e-03 2.248122729361057281e-02 4.728928580880165100e-02 3.114562667906284332e-02 2.571735531091690063e-02 3.478572890162467957e-02 1.369660999625921249e-02 3.900166600942611694e-02 2.354741841554641724e-02 1.388845313340425491e-02 2.455384843051433563e-02 6.553497631102800369e-03 6.024205591529607773e-03 3.050745837390422821e-02
3.678470849990844727e-02 4.360296204686164856e-02 3.368093818426132202e-02 5.103318486362695694e-03 1.000488456338644028e-02 1.582153514027595520e-02 1.650648377835750580e-02 3.971470869146287441e-04 5.805443227291107178e-02 2.433842048048973083e-02 5.498071312904357910e-01 1.345923519693315029e-03 3.791390731930732727e-02 1.637548208236694336e-02 2.796787582337856293e-02 1.013600639998912811e-02 1.957119256258010864e-02 1.906771957874298096e-02 3.753408417105674744e-02 5.307054612785577774e-03 2.851653844118118286e-04 2.844618074595928192e-02 1.179590122774243355e-03 9.757301770150661469e-03 1.983120292425155640e-02 1.104904059320688248e-02 4.460301995277404785e-02 1.209850981831550598e-02 6.049690768122673035e-02 2.104743570089340210e-02 2.932330779731273651e-02 1.165385823696851730e-02 4.815033636987209320e-03 5.890927743166685104e-03 2.883662469685077667e-03 1.349585037678480148e-02 4.295727610588073730e-02 3.399556130170822144e-02 2.454186789691448212e-02 8.481678552925586700e-03 2.675573527812957764e-02 1.912821643054485321e-02 9.982278570532798767e-03 1.180926524102687836e-02 2.077933959662914276e-02 5.253057181835174561e-02 1.563152298331260681e-02 1.471308805048465729e-02 5.990473553538322449e-03 4.635150078684091568e-03 4.351856932044029236e-02 2.944632433354854584e-02 3.651073202490806580e-04 3.245484828948974609e-02 7.541239727288484573e-03 4.545986186712980270e-03 3.196846321225166321e-02 1.153568737208843231e-02 3.053486160933971405e-02 6.035284325480461121e-02 6.965101230889558792e-03 2.059901691973209381e-02 3.096956387162208557e-02 3.273396193981170654e-02 3.205152601003646851e-02 4.562404472380876541e-03 2.066465560346841812e-03 1.850617816671729088e-03 2.844141982495784760e-02 4.567499086260795593e-02 5.175753030925989151e-03 4.228274151682853699e-02 1.466254051774740219e-02 2.161154150962829590e-02 1.098446547985076904e-02 9.110741317272186279e-03 4.250090569257736206e-02 4.558389075100421906e-03 6.744675803929567337e-03 4.687880352139472961e-02 3.630516678094863892e-02 2.099984511733055115e-02 3.136865049600601196e-02 1.619043760001659393e-02 1.342265494167804718e-02 1.497447956353425980e-04 2.080710045993328094e-02 1.126691792160272598e-02 9.492646902799606323e-03 1.225264463573694229e-02 1.274656131863594055e-02 7.315018214285373688e-03 3.967072349041700363e-03 1.750555634498596191e-02 7.096947636455297470e-03 6.961257196962833405e-03 7.583217229694128036e-03 1.677326299250125885e-02 3.459897637367248535e-02 2.260089851915836334e-02 2.145214006304740906e-03 3.356338478624820709e-03 1.345287915319204330e-02 8.823049254715442657e-03 4.520291835069656372e-02 1.856740377843379974e-02 1.257142145186662674e-02 7.920823059976100922e-03 5.308583378791809082e-03 2.107426337897777557e-02 1.521268300712108612e-02 1.257150061428546906e-02 1.152843469753861427e-03 1.773566706106066704e-03 1.191245019435882568e-02 1.629094942472875118e-03
2.327755093574523926e-02 3.911228477954864502e-02 3.002707380801439285e-03 2.759789861738681793e-02 3.212249372154474258e-03 6.305926293134689331e-02 4.491633921861648560e-02 1.026698481291532516e-02 4.251460731029510498e-02 3.120963461697101593e-02 1.345923519693315029e-03 5.256588459014892578e-01 1.575031690299510956e-02 1.380077153444290161e-01 1.909624412655830383e-02 2.364658564329147339e-02 2.326514571905136108e-02 3.769255010411143303e-03 1.900795102119445801e-02 3.781188651919364929e-02 2.457894943654537201e-02 4.107728600502014160e-02 1.193501614034175873e-02 1.186830457299947739e-02 2.877966500818729401e-02 5.200207978487014771e-02 1.197901740670204163e-02 8.084772527217864990e-02 1.518307690275833011e-04 5.983467400074005127e-02 5.174662172794342041e-02 2.357136458158493042e-02 1.403560023754835129e-02 2.940995059907436371e-02 3.546300902962684631e-02 1.628131233155727386e-02 2.724579907953739166e-02 4.255443066358566284e-02 7.408284582197666168e-03 4.370012506842613220e-02 8.828903810353949666e-05 4.756299778819084167e-02 9.225747548043727875e-03 4.730146750807762146e-02 8.343649655580520630e-02 3.939442336559295654e-02 6.367206573486328125e-02 4.733990877866744995e-02 2.515456266701221466e-02 4.527302086353302002e-02 2.718955976888537407e-03 4.425614327192306519e-02 4.085902124643325806e-02 2.472645975649356842e-02 5.354045704007148743e-02 3.043018467724323273e-02 4.092718008905649185e-03 1.835680380463600159e-02 3.589688241481781006e-02 1.337721571326255798e-02 1.787665486335754395e-02 3.434500540606677532e-04 2.324068173766136169e-02 2.196788229048252106e-02 7.240458857268095016e-03 3.413614258170127869e-02 5.032039806246757507e-02 3.844624012708663940e-02 1.180220395326614380e-02 1.327377744019031525e-02 2.038045413792133331e-02 1.556988433003425598e-02 2.494812943041324615e-02 2.758480422198772430e-02 3.830817760899662971e-03 1.417451887391507626e-03 3.316001966595649719e-02 3.326116129755973816e-02 1.003325954079627991e-01 4.013898223638534546e-02 8.308370597660541534e-03 3.218378499150276184e-02 1.320617739111185074e-02 1.157001499086618423e-02 1.415060367435216904e-02 5.747534800320863724e-03 1.571318134665489197e-02 4.570728633552789688e-04 3.796520456671714783e-02 6.651665270328521729e-02 5.442796647548675537e-02 1.611533761024475098e-02 9.779851883649826050e-03 3.245399147272109985e-02 1.360781863331794739e-02 3.256634250283241272e-02 3.603372350335121155e-02 2.108255773782730103e-02 5.350702255964279175e-02 1.473117899149656296e-02 2.361306734383106232e-02 9.473040699958801270e-03 3.648817539215087891e-02 1.255902275443077087e-02 9.008322842419147491e-03 4.449405707418918610e-03 3.595654666423797607e-02 1.937517337501049042e-02 1.589317992329597473e-02 2.093083225190639496e-03 2.600007317960262299e-02 1.619789749383926392e-02 3.301766468212008476e-03 1.983970217406749725e-02 9.500931017100811005e-03 4.603742435574531555e-02
2.638623304665088654e-02 4.814476892352104187e-02 4.676239937543869019e-02 1.995805278420448303e-02 2.256467379629611969e-02 1.587744802236557007e-02 2.218056097626686096e-02 5.838829278945922852e-02 6.081562861800193787e-02 2.818391472101211548e-02 3.791390731930732727e-02 1.575031690299510956e-02 5.514879226684570312e-01 1.221575308591127396e-03 4.675043746829032898e-02 1.418921456206589937e-04 3.054072847589850426e-03 4.959260113537311554e-03 3.676607459783554077e-02 4.188799066469073296e-04 2.218000404536724091e-02 1.896795444190502167e-02 2.857675217092037201e-02 9.974853135645389557e-03 6.456073373556137085e-03 4.134736955165863037e-03 5.781710613518953323e-03 7.132762111723423004e-03 3.513573855161666870e-02 1.375197526067495346e-02 2.578444033861160278e-02 1.015352783724665642e-03 1.514713373035192490e-02 4.366209264844655991e-03 2.918073348701000214e-02 4.642345476895570755e-03 3.309650346636772156e-02 2.849489264190196991e-02 1.635101996362209320e-02 1.026910357177257538e-02 4.079620912671089172e-02 2.912382222712039948e-02 1.183906290680170059e-02 8.602555841207504272e-03 8.216095156967639923e-03 3.398921713232994080e-02 2.043585665524005890e-02 2.637200243771076202e-02 2.176206000149250031e-02 9.736815467476844788e-03 4.281505942344665527e-02 1.242170296609401703e-02 1.308668125420808792e-02 5.446668248623609543e-03 1.732396893203258514e-02 7.613902911543846130e-03 1.159050501883029938e-02 1.942321658134460449e-02 3.117118589580059052e-02 3.787226974964141846e-02 2.249579876661300659e-03 5.142927914857864380e-02 1.684569194912910461e-02 1.042393874377012253e-02 2.103703282773494720e-02 1.439968682825565338e-02 9.057524614036083221e-03 5.624675191938877106e-03 4.172134771943092346e-02 2.360161952674388885e-02 2.599763870239257812e-02 1.912251301109790802e-02 9.616484865546226501e-03 4.051004350185394287e-02 1.432625949382781982e-02 1.448535080999135971e-02 4.104992002248764038e-02 2.687024325132369995e-02 1.127354614436626434e-02 2.976500988006591797e-02 2.562137693166732788e-02 1.176663441583514214e-03 2.546119876205921173e-02 2.145631983876228333e-02 8.770118467509746552e-03 8.863100782036781311e-03 2.777793817222118378e-02 2.606030926108360291e-02 1.223958097398281097e-03 3.473691758699715137e-04 2.275639027357101440e-02 4.204794764518737793e-03 3.143649920821189880e-02 2.054815739393234253e-02 1.181031670421361923e-02 1.822607778012752533e-02 3.496091440320014954e-02 9.807529859244823456e-03 3.077092207968235016e-02 4.561901465058326721e-02 1.877075876109302044e-03 2.253808267414569855e-02 3.211222961544990540e-02 1.835633069276809692e-02 5.727155879139900208e-02 1.244237553328275681e-02 6.508724763989448547e-03 1.457705534994602203e-02 3.282584622502326965e-02 1.292789075523614883e-02 1.484353654086589813e-02 7.329733110964298248e-03 1.153681951109319925e-04 1.369122997857630253e-03 2.384776715189218521e-03 3.416388481855392456e-02
