5.577991008758544922e-01 4.805067181587219238e-02 3.702699393033981323e-02 1.470571570098400116e-02 3.022499382495880127e-02 5.144625529646873474e-02 3.139577805995941162e-02 3.590103983879089355e-02 7.642428856343030930e-03 1.753177493810653687e-02 4.323931038379669189e-02 3.259832784533500671e-02 3.824845701456069946e-02 1.100783422589302063e-02 2.108936570584774017e-02 5.399042274802923203e-03 1.822157064452767372e-03 2.470635809004306793e-02 4.757948219776153564e-02 2.660759352147579193e-02 5.401106551289558411e-03 3.936741501092910767e-02 1.079019159078598022e-02 2.866353653371334076e-02 1.926720491610467434e-03 2.407156629487872124e-03 2.536060987040400505e-03 2.104897052049636841e-02 8.864239789545536041e-03 1.359939947724342346e-02 4.346669092774391174e-02 1.112591475248336792e-02 1.235169265419244766e-02 2.035188116133213043e-02 3.046878241002559662e-02 1.013711374253034592e-02 2.311332151293754578e-03 1.114253047853708267e-02 1.506795547902584076e-02 2.127721533179283142e-02 1.545213442295789719e-02 2.199550904333591461e-02 2.355792745947837830e-02 4.793796688318252563e-02 8.941428735852241516e-03 1.079779118299484253e-02 5.713097378611564636e-02 2.603680267930030823e-02 1.763708516955375671e-02 8.500621654093265533e-03 4.908172879368066788e-03 9.547773748636245728e-03 3.473855322226881981e-03 2.573621086776256561e-02 2.799066528677940369e-02 1.513048447668552399e-02 4.911777749657630920e-02 4.092527180910110474e-02 1.108768209815025330e-02 5.080599337816238403e-03 3.497027233242988586e-02 5.922097247093915939e-03 1.699769496917724609e-02 4.117032513022422791e-02 1.133213937282562256e-02 9.509051218628883362e-03 1.024210359901189804e-02 1.999193243682384491e-02 4.336757212877273560e-02 3.405820578336715698e-02 4.590775817632675171e-02 3.133995831012725830e-02 3.698481619358062744e-02 5.083411931991577148e-02 1.237111282534897327e-03 1.679106988012790680e-02 6.740633398294448853e-04 4.212001711130142212e-02 3.736926615238189697e-02 4.196330159902572632e-02 4.162209481000900269e-02 1.548263803124427795e-02 2.100776508450508118e-02 1.041826512664556503e-02 1.935358531773090363e-02 4.695460945367813110e-02 1.560678519308567047e-02 1.235452387481927872e-02 2.283357456326484680e-02 2.666832134127616882e-02 6.863771006464958191e-03 4.270102363079786301e-03 3.268453059718012810e-03 6.837281864136457443e-03 6.299690809100866318e-03 1.516244839876890182e-03 1.068985648453235626e-02 4.243092238903045654e-02 1.053724437952041626e-03 5.274001043289899826e-03 3.768435912206768990e-03 1.096360851079225540e-02 1.806294173002243042e-02 3.983699157834053040e-02 4.346289671957492828e-03 4.394101444631814957e-03 1.556265261024236679e-02 1.790055073797702789e-02 2.086237818002700806e-02 1.510291639715433121e-02 5.034883692860603333e-02 7.302612531930208206e-03 3.308485075831413269e-02 2.054892480373382568e-02 1.668199338018894196e-02 3.790698200464248657e-02
4.805067181587219238e-02 5.571203827857971191e-01 2.836868725717067719e-02 2.829121239483356476e-02 1.661031134426593781e-02 5.937234684824943542e-02 3.611665964126586914e-02 6.648780778050422668e-03 1.240645628422498703e-02 4.055323544889688492e-03 3.616033494472503662e-02 5.175941810011863708e-02 3.663301840424537659e-02 3.247665299568325281e-04 1.593465544283390045e-02 2.372164744883775711e-04 2.368399291299283504e-04 9.934937581419944763e-03 1.969603449106216431e-02 3.936037421226501465e-02 1.562465075403451920e-02 3.145063295960426331e-02 2.370028058066964149e-03 8.873455226421356201e-03 7.440572604537010193e-03 2.846388611942529678e-03 6.305268965661525726e-03 1.301156450062990189e-02 1.150389946997165680e-02 2.929315902292728424e-03 4.354463517665863037e-02 4.455017391592264175e-03 1.964510604739189148e-02 1.164554338902235031e-02 8.353459648787975311e-03 3.375909477472305298e-02 1.393442973494529724e-02 4.104484990239143372e-02 9.266474284231662750e-03 2.161773154512047768e-03 3.990217670798301697e-02 3.375535830855369568e-02 2.080141566693782806e-02 4.827049374580383301e-02 2.555846795439720154e-02 1.860025338828563690e-02 4.438866302371025085e-02 2.945747785270214081e-02 1.877182349562644958e-02 1.079648453742265701e-02 1.847132667899131775e-02 5.846898071467876434e-03 1.700853556394577026e-02 1.293479930609464645e-03 3.497462347149848938e-02 4.607449285686016083e-03 3.008269332349300385e-02 1.997975260019302368e-02 1.772498711943626404e-02 7.012959569692611694e-03 4.451767355203628540e-02 1.139373239129781723e-02 3.524857759475708008e-02 2.940775640308856964e-02 1.203145273029804230e-02 7.522785104811191559e-03 1.463420130312442780e-02 1.351823378354310989e-02 2.180601097643375397e-02 1.947700418531894684e-02 5.153416469693183899e-02 2.935622632503509521e-02 4.940420761704444885e-02 2.708939276635646820e-02 2.086646109819412231e-02 4.740811139345169067e-02 1.514512766152620316e-02 4.579466208815574646e-02 3.434918820858001709e-02 3.188528120517730713e-02 1.948121190071105957e-02 1.964448764920234680e-02 8.476019836962223053e-03 3.617526032030582428e-03 2.930101938545703888e-02 2.185981161892414093e-02 8.806645870208740234e-03 1.058979704976081848e-02 6.684189662337303162e-03 3.961108252406120300e-02 5.297237541526556015e-03 1.790731400251388550e-02 3.437328338623046875e-02 1.808711700141429901e-02 1.460501924157142639e-02 7.376744411885738373e-03 1.250600628554821014e-02 4.212528839707374573e-02 1.262998301535844803e-02 1.152170635759830475e-02 8.355866186320781708e-03 1.196102797985076904e-02 1.184465736150741577e-02 4.887335747480392456e-02 4.151776432991027832e-03 1.389060169458389282e-02 3.853213740512728691e-03 2.279077097773551941e-02 1.230182871222496033e-02 1.664696633815765381e-02 4.031150415539741516e-02 2.050952985882759094e-02 4.739960283041000366e-02 1.878471300005912781e-02 1.622041128575801849e-02 3.749264404177665710e-02
3.702699393033981323e-02 2.836868725717067719e-02 4.950573742389678955e-01 6.477648764848709106e-02 1.921340264379978180e-02 9.090352803468704224e-03 3.307032398879528046e-03 1.492278724908828735e-01 9.819576516747474670e-03 2.005271241068840027e-02 2.485513500869274139e-02 3.391689807176589966e-02 1.987987570464611053e-02 5.193629302084445953e-03 3.044344484806060791e-02 2.203750796616077423e-02 2.615664154291152954e-02 2.859318070113658905e-02 2.651482820510864258e-02 1.193061005324125290e-02 1.215943950228393078e-03 1.167510729283094406e-02 2.597196772694587708e-02 6.360330618917942047e-03 2.000798285007476807e-02 6.123106926679611206e-03 1.630947738885879517e-02 4.080482199788093567e-02 3.458130359649658203e-02 8.082609623670578003e-03 2.306472882628440857e-02 3.863785415887832642e-02 6.741486489772796631e-02 2.641005441546440125e-02 1.440338976681232452e-02 2.650961093604564667e-02 7.073508575558662415e-03 1.823727041482925415e-02 1.852836273610591888e-02 3.042807802557945251e-02 1.818940974771976471e-02 1.882213633507490158e-03 1.154929772019386292e-02 9.028109721839427948e-03 1.764094643294811249e-02 1.831765100359916687e-02 1.357170287519693375e-02 1.464647985994815826e-02 1.849192753434181213e-02 3.395819664001464844e-02 3.029938228428363800e-02 3.331477195024490356e-02 9.002421982586383820e-03 5.640558898448944092e-03 3.156716376543045044e-02 1.993467845022678375e-02 6.565036252140998840e-03 1.798301748931407928e-02 1.142678689211606979e-02 5.625865887850522995e-04 2.018809132277965546e-02 3.330367803573608398e-02 1.549941953271627426e-03 3.495999844744801521e-03 4.220377281308174133e-02 8.248037658631801605e-03 2.435369230806827545e-02 3.554541990160942078e-02 3.615254536271095276e-03 9.384246543049812317e-03 1.394326426088809967e-02 3.651045635342597961e-02 1.348026655614376068e-02 3.435077518224716187e-02 3.054933436214923859e-02 1.144449412822723389e-02 3.120324388146400452e-02 1.727484166622161865e-02 2.401892840862274170e-02 3.881981596350669861e-02 7.054620236158370972e-02 3.354001045227050781e-02 3.161244839429855347e-02 1.144844293594360352e-02 3.627857565879821777e-02 6.594343576580286026e-03 3.468999639153480530e-02 8.108877576887607574e-03 1.819253899157047272e-02 4.916433244943618774e-02 6.114901043474674225e-03 2.448388934135437012e-02 1.477331202477216721e-02 3.091139905154705048e-02 6.893890351057052612e-02 6.890763994306325912e-03 3.287952020764350891e-02 1.112056057900190353e-02 2.661954844370484352e-03 2.921479567885398865e-02 1.638172566890716553e-02 1.659087650477886200e-02 4.031531140208244324e-02 3.449906408786773682e-02 1.280507910996675491e-02 1.912103220820426941e-02 3.566541709005832672e-03 1.516968384385108948e-02 5.096752196550369263e-03 2.168235555291175842e-02 2.411312889307737350e-03 4.480909928679466248e-02 2.957022190093994141e-02 2.402481436729431152e-02 1.639614254236221313e-02 2.526084706187248230e-02
1.470571570098400116e-02 2.829121239483356476e-02 6.477648764848709106e-02 5.272275805473327637e-01 6.226936355233192444e-02 1.230543293058872223e-02 2.817623130977153778e-02 1.789934746921062469e-02 1.666522026062011719e-02 3.381979465484619141e-02 4.133302252739667892e-03 3.987465426325798035e-02 3.976372536271810532e-03 1.639026403427124023e-02 1.612536422908306122e-02 6.015517748892307281e-03 2.391328476369380951e-02 3.000556491315364838e-02 7.376566529273986816e-03 3.433331474661827087e-02 4.352559521794319153e-02 1.270825974643230438e-02 5.186088383197784424e-03 1.483740657567977905e-02 1.454345323145389557e-02 1.861051772721111774e-03 6.765929050743579865e-03 4.465598613023757935e-02 8.216658607125282288e-03 3.353385627269744873e-02 2.239287644624710083e-02 1.284738164395093918e-02 2.459820732474327087e-02 2.597245760262012482e-02 4.052780196070671082e-02 1.636418700218200684e-02 4.502649605274200439e-02 3.192250058054924011e-02 5.372487753629684448e-02 9.350528940558433533e-03 4.985652398318052292e-03 3.656513616442680359e-02 3.591671958565711975e-02 2.829127758741378784e-02 4.287393763661384583e-03 2.965180203318595886e-02 3.250356763601303101e-02 7.166705559939146042e-03 4.681143164634704590e-02 1.785449683666229248e-02 1.388802379369735718e-02 4.475634917616844177e-02 2.784637175500392914e-02 5.207741167396306992e-03 1.017358805984258652e-02 2.149281464517116547e-02 2.420614100992679596e-02 1.212951820343732834e-02 1.965726353228092194e-02 2.807037532329559326e-02 3.684102371335029602e-02 1.299278810620307922e-02 1.497214753180742264e-02 2.909419126808643341e-02 1.556823216378688812e-02 1.901249168440699577e-03 4.325305297970771790e-02 1.874064840376377106e-02 9.048206731677055359e-03 2.989933826029300690e-02 1.405192259699106216e-02 6.547607335960492492e-05 1.694783270359039307e-01 5.910965148359537125e-03 1.180411353707313538e-01 1.984212920069694519e-02 1.469601225107908249e-02 2.623417787253856659e-02 3.367244452238082886e-02 1.218735240399837494e-02 5.028504505753517151e-02 3.362849727272987366e-02 4.785364866256713867e-02 3.609699010848999023e-02 1.550451386719942093e-02 3.693665191531181335e-02 1.151222642511129379e-02 4.817140754312276840e-03 1.008776249364018440e-03 5.621625855565071106e-02 1.821997947990894318e-02 2.555694617331027985e-02 8.336685597896575928e-03 2.374724112451076508e-02 6.294459849596023560e-02 2.347394078969955444e-02 4.313915502279996872e-03 4.540361464023590088e-02 1.763699762523174286e-02 2.322743460536003113e-02 4.630901664495468140e-02 1.936958357691764832e-02 3.471264615654945374e-02 1.708089932799339294e-02 2.371898107230663300e-02 2.591024618595838547e-03 1.504254434257745743e-02 2.284087240695953369e-02 1.065084245055913925e-03 4.331947490572929382e-02 1.691318862140178680e-02 1.448277942836284637e-02 3.517275676131248474e-02 2.348240651190280914e-02 4.542840179055929184e-03 2.385678887367248535e-02
3.022499382495880127e-02 1.661031134426593781e-02 1.921340264379978180e-02 6.226936355233192444e-02 5.104861259460449219e-01 2.662871405482292175e-02 2.786908671259880066e-02 1.526377163827419281e-02 2.984029706567525864e-03 1.551325432956218719e-02 1.020171213895082474e-02 2.972750365734100342e-02 2.699234522879123688e-02 2.801276743412017822e-02 1.162105984985828400e-02 1.056842412799596786e-02 3.787618875503540039e-02 4.504417255520820618e-02 3.819334879517555237e-02 3.226868063211441040e-02 9.681807830929756165e-03 1.058441586792469025e-02 8.565112948417663574e-03 4.143245890736579895e-02 6.433949340134859085e-03 4.002302139997482300e-02 2.441461011767387390e-02 2.947677858173847198e-02 1.152255758643150330e-02 3.197550773620605469e-03 2.030830644071102142e-02 2.569640986621379852e-02 1.572504825890064240e-02 3.309033066034317017e-02 1.776172779500484467e-02 1.221918407827615738e-02 8.253030478954315186e-03 2.919767424464225769e-02 1.899770461022853851e-02 1.068936511874198914e-01 8.712503127753734589e-03 2.613384276628494263e-02 3.796693170443177223e-03 1.389923505485057831e-02 6.892240606248378754e-03 1.041240175254642963e-03 3.434446826577186584e-02 3.509472124278545380e-03 2.486084774136543274e-02 2.174328640103340149e-02 9.587181266397237778e-04 3.276004269719123840e-02 5.174154415726661682e-03 2.166008204221725464e-02 6.649231910705566406e-02 1.340470090508460999e-02 3.063576854765415192e-02 2.348050475120544434e-02 1.899917051196098328e-02 1.421168539673089981e-02 3.551558032631874084e-02 6.876800209283828735e-03 3.904245421290397644e-02 2.455407008528709412e-02 1.308678369969129562e-02 1.014043390750885010e-02 1.322264038026332855e-02 1.982974074780941010e-02 5.072740092873573303e-02 9.034831076860427856e-03 3.023856692016124725e-02 3.416751697659492493e-02 6.317980587482452393e-02 3.330432623624801636e-02 6.390573829412460327e-02 6.245394796133041382e-02 2.576390281319618225e-02 7.429094985127449036e-03 3.674152493476867676e-02 2.992046624422073364e-02 2.325885929167270660e-02 1.509870635345578194e-03 2.470334433019161224e-02 3.316101431846618652e-02 3.945619240403175354e-02 1.396416127681732178e-01 1.183679606765508652e-02 4.594202712178230286e-02 2.428060024976730347e-02 5.989706516265869141e-02 2.399290446192026138e-03 2.962955646216869354e-02 1.244226098060607910e-02 3.865693882107734680e-02 8.482686243951320648e-03 9.189668111503124237e-03 5.208362825214862823e-03 4.913097713142633438e-03 1.621213369071483612e-02 2.026077732443809509e-02 6.085499655455350876e-03 2.482647448778152466e-02 1.219641696661710739e-02 3.288643062114715576e-02 3.297023847699165344e-02 1.143281254917383194e-02 1.258665323257446289e-02 2.596079744398593903e-02 1.411595195531845093e-02 1.773530989885330200e-02 2.462695725262165070e-02 2.343717962503433228e-02 3.086430020630359650e-02 2.810591086745262146e-02 4.577553272247314453e-02 1.723173633217811584e-02
5.144625529646873474e-02 5.937234684824943542e-02 9.090352803468704224e-03 1.230543293058872223e-02 2.662871405482292175e-02 5.553171634674072266e-01 6.322178989648818970e-02 1.420401502400636673e-02 1.254406757652759552e-02 1.498031313531100750e-03 3.823454305529594421e-02 2.979339659214019775e-02 3.138757869601249695e-02 5.170964170247316360e-03 1.761212572455406189e-02 7.369196973741054535e-03 5.288364991429261863e-05 2.428128756582736969e-02 1.572070829570293427e-02 3.005170822143554688e-02 8.480133488774299622e-03 2.869789116084575653e-02 1.381707377731800079e-02 2.032120339572429657e-02 9.729526937007904053e-03 2.212978340685367584e-02 8.505207486450672150e-03 2.843773923814296722e-02 3.847865015268325806e-02 2.751623839139938354e-02 1.878861524164676666e-02 1.409264281392097473e-03 1.790289580821990967e-02 1.427502371370792389e-02 1.367860008031129837e-02 3.713450208306312561e-02 1.236585155129432678e-02 3.913041576743125916e-02 8.758797310292720795e-03 1.023183390498161316e-02 4.016014561057090759e-02 5.797085911035537720e-02 4.994654282927513123e-02 4.049294814467430115e-02 5.487792566418647766e-02 1.376999448984861374e-02 7.004569470882415771e-02 4.221593588590621948e-02 3.733435273170471191e-02 2.456107875332236290e-03 6.615643948316574097e-02 5.554533749818801880e-02 2.343734726309776306e-02 2.956415526568889618e-02 4.402352496981620789e-02 4.133759939577430487e-04 7.736399304121732712e-03 3.498385101556777954e-02 2.150587551295757294e-02 2.883253991603851318e-02 3.674848750233650208e-02 1.665189338382333517e-04 2.847958356142044067e-02 3.859973698854446411e-02 1.046539470553398132e-02 2.438840310787782073e-04 1.207215595059096813e-03 7.285836152732372284e-03 1.323496550321578979e-02 1.710022799670696259e-02 4.846515133976936340e-02 3.154152631759643555e-02 4.218481108546257019e-02 2.481681294739246368e-02 1.938431710004806519e-02 2.799163758754730225e-02 1.290881540626287460e-02 3.829325363039970398e-02 2.875521592795848846e-02 2.127464674413204193e-02 4.163742810487747192e-02 3.166668349876999855e-03 1.151860225945711136e-02 1.376616861671209335e-02 5.532703176140785217e-02 3.397854417562484741e-02 1.116888481192290783e-03 2.588801644742488861e-02 1.642528455704450607e-03 4.453211277723312378e-02 1.421373803168535233e-02 1.891483925282955170e-02 3.797399997711181641e-02 2.202151156961917877e-02 1.843351684510707855e-02 4.338141879998147488e-04 1.128724869340658188e-02 3.161848336458206177e-02 3.122516348958015442e-02 1.224508602172136307e-02 1.580331102013587952e-02 1.528082182630896568e-03 4.503073543310165405e-02 1.778899691998958588e-02 5.955533124506473541e-04 4.247474716976284981e-04 4.546671640127897263e-03 4.889893159270286560e-02 4.399911966174840927e-03 3.629988059401512146e-02 4.463740065693855286e-02 1.118210237473249435e-02 2.069493383169174194e-02 2.119615115225315094e-02 2.852745912969112396e-02 6.078226491808891296e-03
3.139577805995941162e-02 3.611665964126586914e-02 3.307032398879528046e-03 2.817623130977153778e-02 2.786908671259880066e-02 6.322178989648818970e-02 5.542011260986328125e-01 1.609987579286098480e-02 3.536961972713470459e-03 1.104331389069557190e-02 4.584809020161628723e-02 8.092704229056835175e-03 7.129959296435117722e-03 1.272617466747760773e-02 7.087317761033773422e-03 2.687538601458072662e-02 1.565705612301826477e-02 1.957714185118675232e-02 8.051698096096515656e-03 2.415213547646999359e-02 2.720004692673683167e-02 1.478389278054237366e-02 2.656977623701095581e-02 2.316673286259174347e-02 1.128745824098587036e-02 2.580569870769977570e-02 2.449144795536994934e-02 1.255669072270393372e-02 6.326022744178771973e-02 1.237219385802745819e-02 2.260872535407543182e-02 1.593795791268348694e-02 2.167487749829888344e-03 1.921636238694190979e-02 6.308608688414096832e-03 2.469872822985053062e-03 2.565712109208106995e-02 3.957953676581382751e-02 2.363136503845453262e-03 1.346517726778984070e-02 3.879186511039733887e-02 5.487866327166557312e-02 4.272701218724250793e-02 5.361645668745040894e-02 2.850669994950294495e-02 3.833450749516487122e-02 5.286109074950218201e-02 8.589997887611389160e-02 5.254585295915603638e-02 6.448844214901328087e-04 4.323459044098854065e-02 3.402053192257881165e-02 3.152787685394287109e-02 7.514735218137502670e-03 4.013341292738914490e-02 4.472799482755362988e-04 9.348833002150058746e-03 3.903023153543472290e-02 6.399211008101701736e-03 9.871365502476692200e-03 2.720402553677558899e-02 1.488744188100099564e-02 3.157573193311691284e-02 4.418114572763442993e-02 3.281399607658386230e-02 8.831849321722984314e-03 1.396190933883190155e-02 1.584277302026748657e-02 3.443138673901557922e-02 2.631769329309463501e-02 4.797577857971191406e-02 5.511402338743209839e-02 4.242429509758949280e-02 1.054466934874653816e-03 2.488479390740394592e-02 1.114772260189056396e-02 1.687500253319740295e-02 2.167349494993686676e-02 5.786399357020854950e-03 1.511821150779724121e-02 3.058672323822975159e-02 1.157760526984930038e-02 1.920039393007755280e-02 1.679586805403232574e-02 4.340687394142150879e-02 7.216335274279117584e-03 7.445587776601314545e-03 2.909505553543567657e-02 3.471388667821884155e-02 4.297103732824325562e-02 5.226235091686248779e-02 3.488267585635185242e-02 5.408586934208869934e-02 1.140832714736461639e-02 9.266101755201816559e-03 1.185395475476980209e-02 3.968396689742803574e-03 4.249000549316406250e-02 2.367166802287101746e-02 1.173579227179288864e-02 1.706217229366302490e-02 3.773690434172749519e-03 3.891476988792419434e-02 1.965650543570518494e-02 2.480014041066169739e-02 1.377595774829387665e-02 6.092362571507692337e-03 4.120815545320510864e-02 1.313527929596602917e-03 4.066987708210945129e-02 4.668331891298294067e-02 3.931314498186111450e-02 2.354113757610321045e-02 4.010621458292007446e-03 1.304948423057794571e-02 4.272963106632232666e-02
3.590103983879089355e-02 6.648780778050422668e-03 1.492278724908828735e-01 1.789934746921062469e-02 1.526377163827419281e-02 1.420401502400636673e-02 1.609987579286098480e-02 5.234852433204650879e-01 3.784826770424842834e-02 1.248933840543031693e-02 4.160622134804725647e-03 3.569520078599452972e-03 1.813134923577308655e-02 4.297768697142601013e-02 9.904484450817108154e-02 5.430988036096096039e-03 1.730600371956825256e-02 3.116842173039913177e-02 1.457383204251527786e-02 9.348096325993537903e-03 1.936177350580692291e-02 3.250919282436370850e-02 2.594893611967563629e-02 4.986418038606643677e-02 1.310545112937688828e-02 1.432909397408366203e-03 3.483904292806982994e-03 2.325239591300487518e-03 1.787764206528663635e-02 3.628760203719139099e-02 2.589032053947448730e-02 1.723368838429450989e-02 9.206538088619709015e-03 1.919954642653465271e-02 5.121867731213569641e-02 2.314018271863460541e-02 2.864800160750746727e-03 7.718363311141729355e-03 1.071343477815389633e-02 3.131787851452827454e-02 9.783612564206123352e-03 4.272098187357187271e-03 1.945703476667404175e-02 1.376423705369234085e-02 4.145869612693786621e-02 3.435297403484582901e-03 2.638486586511135101e-02 1.287317834794521332e-02 7.497371640056371689e-03 1.189233176410198212e-02 1.815875247120857239e-02 1.618281379342079163e-02 2.210474759340286255e-02 3.371151536703109741e-02 2.243974618613719940e-02 7.178791332989931107e-03 2.484066411852836609e-02 3.487122431397438049e-02 8.915537968277931213e-03 2.547297999262809753e-02 3.834947943687438965e-02 2.342101186513900757e-02 1.044540666043758392e-02 2.008729986846446991e-02 5.701319780200719833e-03 4.293432924896478653e-03 1.434778980910778046e-02 1.026412378996610641e-02 2.343208901584148407e-02 2.954908832907676697e-02 2.363516762852668762e-02 1.790348067879676819e-02 2.642531320452690125e-02 1.511024590581655502e-02 7.517180405557155609e-03 4.494471848011016846e-02 9.772397577762603760e-03 3.790390118956565857e-02 2.324414812028408051e-02 4.489535465836524963e-02 1.715966016054153442e-01 2.059349324554204941e-03 1.306924037635326385e-02 2.930395491421222687e-02 8.079793769866228104e-04 1.887586712837219238e-02 7.588545978069305420e-02 1.266447454690933228e-02 1.403514947742223740e-02 1.152105815708637238e-02 1.106228563003242016e-03 2.218448556959629059e-02 1.147746806964278221e-03 3.361271321773529053e-02 3.445177897810935974e-02 6.889503449201583862e-03 2.373662777245044708e-02 2.433266863226890564e-02 1.035345532000064850e-02 5.225394386798143387e-03 4.811366554349660873e-03 8.076325058937072754e-03 6.583812180906534195e-03 2.530604135245084763e-03 4.350030049681663513e-02 3.521455451846122742e-02 4.500273242592811584e-02 3.099470958113670349e-02 1.542032323777675629e-02 9.209763258695602417e-03 2.578361332416534424e-02 6.578655913472175598e-03 3.295064903795719147e-03 2.882177243009209633e-03 4.377133771777153015e-02 3.261373564600944519e-02
7.642428856343030930e-03 1.240645628422498703e-02 9.819576516747474670e-03 1.666522026062011719e-02 2.984029706567525864e-03 1.254406757652759552e-02 3.536961972713470459e-03 3.784826770424842834e-02 5.419291257858276367e-01 3.430760279297828674e-02 1.384266931563615799e-02 1.754370145499706268e-02 2.931105718016624451e-02 4.628158733248710632e-02 2.361526899039745331e-02 3.461346402764320374e-02 2.737643755972385406e-02 1.022713780403137207e-01 3.031460940837860107e-02 3.298658505082130432e-02 2.138125523924827576e-02 2.020426467061042786e-02 2.043045498430728912e-02 2.302013710141181946e-02 1.343465689569711685e-02 3.762300312519073486e-02 4.657054319977760315e-02 4.641454294323921204e-02 8.786011487245559692e-03 2.591603621840476990e-02 3.030616231262683868e-02 3.147618472576141357e-02 1.450548321008682251e-02 5.449346732348203659e-03 1.949745416641235352e-02 3.330656141042709351e-02 1.539952959865331650e-02 4.272618144750595093e-02 1.868178881704807281e-02 6.580578163266181946e-03 1.653777807950973511e-02 3.698255866765975952e-02 4.456232860684394836e-02 2.669117972254753113e-02 1.586443930864334106e-02 1.303754094988107681e-02 1.908332691527903080e-03 3.651961451396346092e-04 3.965617716312408447e-02 8.214568719267845154e-03 9.396250359714031219e-03 2.189658116549253464e-03 9.784132707864046097e-04 2.228503301739692688e-02 6.504081189632415771e-02 3.715496137738227844e-02 1.468218490481376648e-02 3.468023613095283508e-02 1.861368864774703979e-02 1.929182559251785278e-02 7.373931258916854858e-02 2.823913469910621643e-02 1.776798069477081299e-02 1.532486546784639359e-02 3.569476678967475891e-02 2.442067302763462067e-02 2.608334459364414215e-02 6.044267211109399796e-03 1.054590791463851929e-01 2.412282861769199371e-02 4.289636015892028809e-02 6.503484398126602173e-02 3.263360261917114258e-02 2.643172442913055420e-02 5.506879836320877075e-02 5.537569522857666016e-02 1.263285279273986816e-01 2.173496223986148834e-02 1.915338635444641113e-02 1.529817096889019012e-02 1.147403381764888763e-02 2.377126365900039673e-02 1.113255172967910767e-01 4.409435763955116272e-02 2.030845172703266144e-02 3.647427260875701904e-02 4.260868206620216370e-02 4.155858233571052551e-02 4.807107895612716675e-02 9.332326240837574005e-03 3.587162587791681290e-03 1.475500315427780151e-02 2.158688753843307495e-02 4.373028129339218140e-02 3.550067543983459473e-02 4.263341426849365234e-02 2.057359553873538971e-02 9.855558164417743683e-03 6.369768641889095306e-03 4.760574549436569214e-02 2.889348939061164856e-02 1.492478139698505402e-02 2.811529859900474548e-02 1.077748928219079971e-02 5.833293125033378601e-02 5.122023075819015503e-02 1.822163350880146027e-02 4.969136789441108704e-02 1.216925960034132004e-02 4.235780239105224609e-02 4.496765136718750000e-02 6.372324377298355103e-02 1.006860099732875824e-02 1.827968982979655266e-03 3.440178406890481710e-04 8.088529109954833984e-02
1.753177493810653687e-02 4.055323544889688492e-03 2.005271241068840027e-02 3.381979465484619141e-02 1.551325432956218719e-02 1.498031313531100750e-03 1.104331389069557190e-02 1.248933840543031693e-02 3.430760279297828674e-02 5.375117659568786621e-01 1.277079898864030838e-02 1.183360815048217773e-02 7.075299043208360672e-03 3.376837819814682007e-02 2.925663627684116364e-02 1.899442821741104126e-02 5.137124657630920410e-02 1.160969608463346958e-03 1.090253069996833801e-01 4.816437140107154846e-02 1.578969135880470276e-02 6.816630717366933823e-03 1.741423085331916809e-02 2.654543332755565643e-02 2.029618993401527405e-02 3.434683382511138916e-02 9.448148310184478760e-03 2.287116087973117828e-02 1.471670623868703842e-02 4.005204420536756516e-03 7.100144866853952408e-03 1.936448970809578896e-03 2.360555529594421387e-02 1.206190418452024460e-02 3.427525982260704041e-02 1.166547928005456924e-02 3.155010193586349487e-02 1.967663178220391273e-03 3.250557184219360352e-02 3.212639316916465759e-02 1.834201440215110779e-02 1.609136164188385010e-02 1.638111285865306854e-02 1.485731359571218491e-02 4.109489731490612030e-03 6.548795849084854126e-03 9.846216998994350433e-03 8.918207138776779175e-03 1.892913319170475006e-02 1.229514554142951965e-02 2.548446692526340485e-02 4.682461172342300415e-02 5.037687718868255615e-03 3.769018501043319702e-02 2.042631804943084717e-02 4.104448854923248291e-02 3.363487496972084045e-02 1.695377007126808167e-02 2.478966303169727325e-02 2.121773175895214081e-02 1.700137369334697723e-02 3.929633647203445435e-02 3.387550637125968933e-02 3.565376996994018555e-02 4.873695317655801773e-03 3.559705102816224098e-03 4.262731596827507019e-02 5.293432995676994324e-02 7.247723173350095749e-03 5.125717818737030029e-02 8.308955281972885132e-02 7.658163085579872131e-03 4.678639024496078491e-02 3.916756808757781982e-02 2.822163142263889313e-02 4.902581125497817993e-02 1.103606168180704117e-02 8.107896149158477783e-02 9.092660620808601379e-03 1.009591892361640930e-01 1.388472318649291992e-02 1.991016976535320282e-02 8.683679625391960144e-03 1.967344060540199280e-02 1.028238143771886826e-02 8.502674289047718048e-03 3.513543680310249329e-02 1.076079159975051880e-02 4.697778448462486267e-02 6.388752162456512451e-02 1.094818115234375000e-02 1.627326360903680325e-03 1.064340677112340927e-02 4.892311058938503265e-03 2.019679360091686249e-02 2.509568119421601295e-03 1.449512504041194916e-02 2.781990915536880493e-02 6.552953273057937622e-03 5.751765146851539612e-02 3.662369027733802795e-02 2.594595216214656830e-02 2.085617557168006897e-02 2.721730619668960571e-02 4.701066389679908752e-02 3.552802279591560364e-02 4.477979615330696106e-02 4.073753580451011658e-02 5.267951637506484985e-02 1.986896153539419174e-03 1.090540550649166107e-03 5.104374513030052185e-02 4.534681141376495361e-02 4.257016256451606750e-02 2.337725833058357239e-02 8.442008867859840393e-03
4.323931038379669189e-02 3.616033494472503662e-02 2.485513500869274139e-02 4.133302252739667892e-03 1.020171213895082474e-02 3.823454305529594421e-02 4.584809020161628723e-02 4.160622134804725647e-03 1.384266931563615799e-02 1.277079898864030838e-02 5.655593872070312500e-01 1.479973550885915756e-02 2.976743318140506744e-02 6.128659006208181381e-03 2.788028912618756294e-03 1.967895776033401489e-02 9.674653410911560059e-03 3.487240150570869446e-02 2.945799939334392548e-02 1.486005447804927826e-02 1.012504100799560547e-02 9.636277332901954651e-03 1.286575291305780411e-02 1.619786024093627930e-02 4.427682142704725266e-03 2.032441552728414536e-03 1.677216589450836182e-02 1.463014259934425354e-02 3.850380703806877136e-02 1.221521291881799698e-02 5.303163453936576843e-02 6.474884226918220520e-03 9.351023472845554352e-03 8.316064253449440002e-03 3.119722532574087381e-04 1.963311247527599335e-02 1.313847396522760391e-02 3.850803151726722717e-02 1.863214559853076935e-02 2.065574750304222107e-02 2.743133157491683960e-02 2.766285650432109833e-02 3.008210659027099609e-02 3.516589105129241943e-02 2.898744773119688034e-03 1.373458094894886017e-02 3.742124885320663452e-02 3.832161054015159607e-02 2.850465476512908936e-02 3.667559241876006126e-03 2.340407809242606163e-03 1.197005156427621841e-02 9.178507607430219650e-04 1.037016790360212326e-02 1.587670296430587769e-02 9.245471097528934479e-03 4.655423760414123535e-02 2.851255983114242554e-02 7.567198015749454498e-03 1.786391017958521843e-03 2.795505337417125702e-02 1.043315231800079346e-02 3.465561568737030029e-02 4.817809164524078369e-02 3.918627277016639709e-02 1.544154435396194458e-02 4.078508820384740829e-03 5.799580831080675125e-03 4.478500410914421082e-02 6.496371352113783360e-04 3.936029225587844849e-02 4.205763339996337891e-02 2.135319821536540985e-02 1.573816500604152679e-02 3.062087111175060272e-03 1.744395308196544647e-02 1.842547394335269928e-02 5.303971841931343079e-02 4.343361780047416687e-02 2.874280884861946106e-02 9.561312384903430939e-03 1.691663824021816254e-02 3.033119626343250275e-02 5.163735710084438324e-03 3.359997645020484924e-02 3.942722827196121216e-02 1.524101197719573975e-02 1.381580810993909836e-02 2.061368199065327644e-03 2.963855490088462830e-02 3.626259043812751770e-02 1.783915609121322632e-02 2.932342700660228729e-02 6.371104624122381210e-03 1.296875439584255219e-02 3.257720032706856728e-03 7.493849843740463257e-03 1.860213465988636017e-02 2.054086653515696526e-03 7.679618895053863525e-03 6.497148424386978149e-03 1.143793202936649323e-02 3.263466805219650269e-02 2.720033749938011169e-02 1.380247622728347778e-02 7.207208778709173203e-03 3.283859230577945709e-03 1.676103100180625916e-02 1.357253454625606537e-02 1.345159951597452164e-02 3.486154600977897644e-02 3.631519526243209839e-02 3.837280720472335815e-02 4.641729965806007385e-02 1.415216922760009766e-02 2.717875316739082336e-02
3.259832784533500671e-02 5.175941810011863708e-02 3.391689807176589966e-02 3.987465426325798035e-02 2.972750365734100342e-02 2.979339659214019775e-02 8.092704229056835175e-03 3.569520078599452972e-03 1.754370145499706268e-02 1.183360815048217773e-02 1.479973550885915756e-02 5.487106442451477051e-01 4.265287518501281738e-02 1.553694009780883789e-01 2.351417206227779388e-02 3.243941441178321838e-02 6.328145507723093033e-03 1.476745028048753738e-02 1.149669662117958069e-02 9.419369511306285858e-03 7.135643623769283295e-03 6.113539915531873703e-03 1.872386597096920013e-02 3.796187043190002441e-02 3.210187703371047974e-02 1.939134672284126282e-02 1.206289324909448624e-02 1.265950500965118408e-01 1.767019974067807198e-03 8.295523375272750854e-02 1.480226637795567513e-03 3.557876497507095337e-02 1.048311218619346619e-02 2.736042626202106476e-02 1.977521926164627075e-02 9.860957507044076920e-04 2.558825910091400146e-02 3.292406722903251648e-02 1.566240563988685608e-02 4.460262507200241089e-02 4.474604502320289612e-02 4.254975169897079468e-02 4.933428391814231873e-02 3.041630610823631287e-02 4.598790034651756287e-02 4.535378143191337585e-02 3.549254685640335083e-02 2.248276211321353912e-02 4.072769358754158020e-02 3.709661541506648064e-04 2.036925405263900757e-03 1.333640539087355137e-03 2.434516325592994690e-02 2.096107602119445801e-02 4.092196747660636902e-02 2.762400917708873749e-02 6.317625939846038818e-02 6.903710961341857910e-02 2.091338858008384705e-03 3.378556668758392334e-02 2.540613897144794464e-02 3.643611073493957520e-02 1.655658707022666931e-02 1.834362861700356007e-03 1.588085433468222618e-03 2.995687723159790039e-02 1.542383222840726376e-03 7.171404082328081131e-03 5.656758695840835571e-02 3.859974676743149757e-03 8.156426995992660522e-02 1.182338315993547440e-02 9.646699577569961548e-02 8.904824033379554749e-03 9.917159378528594971e-02 1.903529092669487000e-02 4.669585451483726501e-02 6.927468627691268921e-02 3.371639549732208252e-02 7.682374212890863419e-03 3.322980552911758423e-02 3.050444647669792175e-02 4.088115319609642029e-02 1.605458743870258331e-02 4.349019005894660950e-02 2.046232111752033234e-02 1.282879710197448730e-02 1.587001793086528778e-02 5.839964374899864197e-02 4.510037600994110107e-02 3.390298224985599518e-03 1.528776343911886215e-02 1.067655999213457108e-02 3.980855271220207214e-02 2.330065704882144928e-03 2.647700905799865723e-02 8.023390546441078186e-03 4.349636845290660858e-03 3.697253391146659851e-02 3.504152595996856689e-02 3.581807017326354980e-02 3.837414085865020752e-02 2.087098546326160431e-02 3.020155243575572968e-02 3.906762972474098206e-02 3.182765562087297440e-03 1.271157618612051010e-02 3.826078400015830994e-02 3.904880583286285400e-02 2.464248612523078918e-02 5.418482422828674316e-02 5.897494778037071228e-02 3.751790896058082581e-02 2.457108162343502045e-02 1.520688459277153015e-02 8.853716775774955750e-03
3.824845701456069946e-02 3.663301840424537659e-02 1.987987570464611053e-02 3.976372536271810532e-03 2.699234522879123688e-02 3.138757869601249695e-02 7.129959296435117722e-03 1.813134923577308655e-02 2.931105718016624451e-02 7.075299043208360672e-03 2.976743318140506744e-02 4.265287518501281738e-02 5.569502115249633789e-01 1.467659603804349899e-02 9.119227528572082520e-03 1.981647219508886337e-03 7.787542883306741714e-03 4.750045388936996460e-02 1.106103532947599888e-03 3.321293741464614868e-02 2.493489719927310944e-02 2.429552935063838959e-02 1.388677302747964859e-02 5.746601149439811707e-03 1.559927780181169510e-02 1.178036630153656006e-02 1.029916759580373764e-02 2.181437239050865173e-02 3.807543776929378510e-03 2.342582913115620613e-03 2.093849889934062958e-02 1.903099357150495052e-03 6.600362248718738556e-03 9.318608790636062622e-03 2.065552212297916412e-02 6.411322858184576035e-03 2.017859183251857758e-02 1.766838878393173218e-02 1.788360998034477234e-02 1.276615913957357407e-02 2.497139573097229004e-02 1.042232662439346313e-02 1.547369547188282013e-02 2.475587464869022369e-02 1.485727168619632721e-02 1.771706528961658478e-02 3.798809647560119629e-02 8.682242594659328461e-03 9.341279976069927216e-03 1.483471598476171494e-02 1.276892703026533127e-02 3.411611169576644897e-02 8.380182087421417236e-03 2.864682581275701523e-03 5.045895930379629135e-03 1.322157215327024460e-02 4.320548102259635925e-02 2.099596522748470306e-02 6.932768970727920532e-03 2.507232595235109329e-03 3.024260140955448151e-02 3.690993413329124451e-03 2.394444681704044342e-02 2.775982022285461426e-02 1.159571763128042221e-02 4.138854518532752991e-02 1.301717199385166168e-02 9.019249118864536285e-03 4.741036519408226013e-02 1.855082251131534576e-02 3.661149740219116211e-02 2.970314584672451019e-02 4.391755536198616028e-02 1.619120500981807709e-02 2.750965952873229980e-02 2.582497894763946533e-02 1.832124404609203339e-02 2.978311479091644287e-02 9.242720901966094971e-03 3.632597392424941063e-03 6.169681902974843979e-03 1.242012251168489456e-02 2.729665860533714294e-02 4.711010307073593140e-02 8.665418252348899841e-03 2.911439538002014160e-02 6.860804278403520584e-03 3.064660413656383753e-04 3.772023320198059082e-02 4.558153077960014343e-02 1.417569071054458618e-02 3.719814354553818703e-03 1.235115434974431992e-02 1.705418899655342102e-02 4.666677210479974747e-03 1.625131256878376007e-02 3.548285691067576408e-03 3.908694535493850708e-02 1.133715733885765076e-02 5.296813324093818665e-03 8.263723924756050110e-03 6.438325624912977219e-03 9.469227865338325500e-03 4.080686345696449280e-02 2.388179674744606018e-02 2.622239664196968079e-02 5.141450092196464539e-04 3.310589119791984558e-03 1.093218754976987839e-02 1.781343296170234680e-02 2.397935464978218079e-02 2.273317053914070129e-02 3.549063950777053833e-02 2.408620901405811310e-02 1.998539082705974579e-03 3.993850573897361755e-02
