4.830971956253051758e-01 2.353747338056564331e-01 2.204128541052341461e-02 3.561865165829658508e-02 9.796414524316787720e-03 4.997485503554344177e-02 1.413386780768632889e-02 1.985993795096874237e-02 3.391958028078079224e-02 7.823415100574493408e-03 1.197867840528488159e-01 3.426384553313255310e-02 6.701853126287460327e-02 6.284346338361501694e-03 2.921625413000583649e-02 2.691606059670448303e-02 8.776580914855003357e-03 3.965773060917854309e-02 9.986801072955131531e-03 1.281026937067508698e-02 9.936551563441753387e-03 2.149738185107707977e-02 2.642605453729629517e-02 3.847688902169466019e-03 1.229819748550653458e-02 8.661016821861267090e-03 1.761193759739398956e-02 2.011545188724994659e-02 4.719100520014762878e-02 8.961274288594722748e-03 2.882459387183189392e-02 5.490194540470838547e-03 7.592785637825727463e-03 9.387925267219543457e-03 4.864089190959930420e-03 5.458627268671989441e-02 6.820355542004108429e-03 2.317647635936737061e-02 2.023310586810112000e-02 1.609757915139198303e-02 3.174230689182877541e-03 9.142823517322540283e-03 2.271596528589725494e-02 1.178731396794319153e-02 6.456146948039531708e-03 4.655969887971878052e-02 4.454219713807106018e-02 3.359345346689224243e-02 5.182719603180885315e-02 2.479720115661621094e-02 3.304444625973701477e-02 4.782663285732269287e-02 2.984252758324146271e-02 1.065427158027887344e-02 7.707946002483367920e-03 1.046377047896385193e-02 1.502016093581914902e-02 1.049958169460296631e-02 3.723610565066337585e-02 5.520383827388286591e-03 1.449939096346497536e-03 8.887425996363162994e-03 8.699188940227031708e-03 4.440045915544033051e-03 3.824749588966369629e-02 4.290647804737091064e-02 1.230225712060928345e-02 2.700458047911524773e-03 1.212542876601219177e-02 3.750078752636909485e-02 3.255485743284225464e-02 3.614784032106399536e-02 2.477728761732578278e-02 3.947044722735881805e-03 1.402868609875440598e-02 4.059059079736471176e-03 5.502330884337425232e-02 1.418824959546327591e-02 2.401123382151126862e-02 3.040260449051856995e-02 4.347243532538414001e-02 5.421547684818506241e-03 2.000102400779724121e-02 4.242043476551771164e-03 7.524684770032763481e-04 2.879408933222293854e-02 4.487792029976844788e-02 2.604921348392963409e-02 1.560498867183923721e-02 1.355356071144342422e-02 5.484305787831544876e-03 3.087791427969932556e-02 5.456397682428359985e-02 1.371697150170803070e-02 7.830669172108173370e-03 3.241590410470962524e-02 5.995497107505798340e-03 3.110995143651962280e-02 1.149566471576690674e-02 2.292378433048725128e-02 6.592094432562589645e-03 3.390409983694553375e-05 3.576247394084930420e-02 2.642181515693664551e-02 1.350931823253631592e-02 2.205277420580387115e-02 2.401412650942802429e-02 3.740777447819709778e-02 1.974228210747241974e-02 4.039556905627250671e-02 3.510178625583648682e-02 2.531503327190876007e-03 6.832299754023551941e-03 3.788420185446739197e-02 2.908246405422687531e-02 6.860577967017889023e-03
2.353747338056564331e-01 4.938518106937408447e-01 2.898145653307437897e-02 2.173014357686042786e-02 2.360058203339576721e-02 5.390119180083274841e-02 2.743247337639331818e-02 2.537266723811626434e-02 8.639296516776084900e-03 3.389639407396316528e-02 8.295518159866333008e-02 3.833721950650215149e-02 9.138030558824539185e-02 3.348794206976890564e-02 3.194001317024230957e-02 2.406946383416652679e-02 1.424589008092880249e-02 9.608482941985130310e-03 2.398018166422843933e-02 1.752397418022155762e-02 1.468850765377283096e-02 3.008900582790374756e-02 3.383245691657066345e-02 1.938695833086967468e-02 3.838011994957923889e-03 1.813441514968872070e-02 1.426621060818433762e-02 4.166462167631834745e-04 4.152159392833709717e-02 9.572967886924743652e-03 1.483005564659833908e-02 1.015459303744137287e-03 2.528501115739345551e-02 9.710615500807762146e-03 1.983877643942832947e-02 3.230468556284904480e-02 7.961207069456577301e-03 1.686951727606356144e-04 2.395986206829547882e-02 6.604424212127923965e-03 1.789047941565513611e-02 1.025450415909290314e-02 3.391512145753949881e-04 1.359323412179946899e-02 3.884413046762347221e-03 4.491102695465087891e-02 4.678503796458244324e-02 3.718008100986480713e-02 1.373718772083520889e-02 4.576437175273895264e-02 4.583251476287841797e-02 1.005512289702892303e-02 1.238010823726654053e-02 3.653205931186676025e-02 3.911681473255157471e-02 4.630939662456512451e-02 1.931799342855811119e-03 2.033440582454204559e-02 2.427548542618751526e-02 1.381270680576562881e-02 2.439219318330287933e-02 3.813412785530090332e-02 6.878573447465896606e-03 2.309618331491947174e-02 1.623840816318988800e-02 4.582869634032249451e-02 1.857838407158851624e-02 1.290837302803993225e-02 4.557168111205101013e-02 1.407247385941445827e-03 3.314149379730224609e-02 4.351342562586069107e-03 3.312741219997406006e-02 4.122399166226387024e-02 4.163478966802358627e-03 2.335376664996147156e-02 2.115299738943576813e-02 2.037841081619262695e-02 4.391504917293787003e-03 3.302171453833580017e-02 4.679222032427787781e-02 6.460649892687797546e-03 1.316902320832014084e-02 2.055468782782554626e-02 2.917266217991709709e-03 1.897358708083629608e-02 1.977013191208243370e-03 1.337986718863248825e-02 3.214506432414054871e-02 1.931211352348327637e-02 1.386648137122392654e-02 2.276979945600032806e-02 4.538039211183786392e-03 1.012177392840385437e-02 5.394850741140544415e-04 3.460134565830230713e-02 3.892097156494855881e-03 4.722381755709648132e-02 4.850899800658226013e-03 1.260746829211711884e-02 1.203426439315080643e-02 1.142659876495599747e-02 3.364182636141777039e-02 3.116303682327270508e-02 2.038571797311306000e-02 5.373642779886722565e-03 3.337838128209114075e-02 4.512515664100646973e-02 3.020080737769603729e-02 1.497706305235624313e-02 3.282411023974418640e-02 1.135631650686264038e-02 2.147843874990940094e-02 5.900801159441471100e-03 5.051101907156407833e-04 8.707689121365547180e-03
2.204128541052341461e-02 2.898145653307437897e-02 4.828978180885314941e-01 2.448500879108905792e-02 3.824273496866226196e-02 1.904430426657199860e-02 1.272746734321117401e-02 1.774228811264038086e-01 3.310579434037208557e-02 1.481849607080221176e-02 3.938755020499229431e-03 6.850230973213911057e-03 2.838755398988723755e-02 9.974229149520397186e-03 2.094512619078159332e-02 1.369378995150327682e-02 3.624185919761657715e-02 1.987754367291927338e-02 7.166454568505287170e-03 3.688954189419746399e-02 2.023240923881530762e-02 7.191061228513717651e-02 2.688479796051979065e-02 4.462064430117607117e-02 2.124950103461742401e-02 1.171756163239479065e-02 2.591369859874248505e-02 3.011252917349338531e-02 3.559781238436698914e-02 3.156031295657157898e-02 1.361123751848936081e-02 5.334002897143363953e-03 3.821994736790657043e-02 1.495900657027959824e-02 1.238982006907463074e-02 1.163601223379373550e-02 5.641196854412555695e-03 1.635581068694591522e-02 3.833549469709396362e-02 5.885546281933784485e-02 8.116048760712146759e-03 2.487552817910909653e-03 6.993408314883708954e-03 8.721100538969039917e-02 1.204507704824209213e-02 2.150507457554340363e-02 3.194430842995643616e-02 1.509500015527009964e-02 4.351121559739112854e-02 1.079529407434165478e-03 3.167387843132019043e-02 3.974729031324386597e-02 2.414874546229839325e-02 2.659789659082889557e-02 4.920233413577079773e-02 4.667835310101509094e-03 5.972649902105331421e-03 1.201480813324451447e-02 3.291083872318267822e-02 1.015573833137750626e-02 3.136881813406944275e-02 2.557799592614173889e-02 1.905995234847068787e-02 2.239923551678657532e-02 3.467028960585594177e-02 8.573598228394985199e-03 6.286988034844398499e-03 4.140039905905723572e-02 3.648360073566436768e-02 1.620772294700145721e-02 1.835496909916400909e-02 5.584954749792814255e-03 1.017303112894296646e-02 1.305292733013629913e-02 7.187029696069657803e-04 1.737364195287227631e-02 1.426206063479185104e-02 6.608364172279834747e-03 3.912795707583427429e-02 2.642209408804774284e-03 1.697785854339599609e-01 2.879140339791774750e-02 1.310548186302185059e-02 2.930067665874958038e-02 3.886605799198150635e-02 3.104448877274990082e-02 9.105162322521209717e-02 6.241343542933464050e-02 2.530067227780818939e-02 8.716300362721085548e-04 2.835037186741828918e-02 2.952294657006859779e-03 4.036879539489746094e-02 9.816214442253112793e-03 4.321134649217128754e-03 3.337977081537246704e-02 7.313277572393417358e-03 2.288032881915569305e-02 1.142771542072296143e-02 4.351812973618507385e-02 1.207253336906433105e-02 1.844838447868824005e-02 1.099033001810312271e-02 2.398741245269775391e-02 1.641101762652397156e-02 1.543935760855674744e-02 3.634804859757423401e-02 4.667192324995994568e-02 1.457736361771821976e-02 2.930187433958053589e-02 1.807988807559013367e-02 3.734786808490753174e-02 2.768593840301036835e-02 2.061046659946441650e-02 7.252156734466552734e-02 6.168613326735794544e-04
3.561865165829658508e-02 2.173014357686042786e-02 2.448500879108905792e-02 4.898705780506134033e-01 1.706885844469070435e-01 6.384318694472312927e-03 2.187239937484264374e-02 1.153790112584829330e-02 2.387927286326885223e-02 4.586766660213470459e-02 3.425551578402519226e-02 3.387968614697456360e-02 4.696615785360336304e-02 1.228361949324607849e-02 4.283104836940765381e-02 5.626218859106302261e-03 8.109061047434806824e-03 2.639852091670036316e-02 4.325295332819223404e-03 1.588823273777961731e-02 1.165227033197879791e-02 2.544265473261475563e-03 7.647736463695764542e-03 1.800530403852462769e-02 4.278950020670890808e-02 2.822676114737987518e-02 1.436571311205625534e-02 2.868907153606414795e-02 1.351095503196120262e-03 2.342528477311134338e-02 3.484841063618659973e-02 5.345142446458339691e-03 2.366280741989612579e-02 4.321353975683450699e-03 3.328536450862884521e-02 1.952787279151380062e-03 6.952249910682439804e-03 1.126238703727722168e-02 1.273039281368255615e-01 7.595665007829666138e-02 1.062197494320571423e-03 1.157235447317361832e-02 1.019318867474794388e-02 3.674191236495971680e-02 4.047536104917526245e-02 2.661141566932201385e-02 1.388000790029764175e-02 1.255874987691640854e-02 3.790516639128327370e-03 3.168304101563990116e-04 2.136228606104850769e-02 3.485308960080146790e-02 4.402389377355575562e-02 3.085264004766941071e-02 1.568684913218021393e-02 1.783731020987033844e-02 3.363365773111581802e-03 1.193172298371791840e-02 2.383222244679927826e-02 4.034407809376716614e-02 2.778499573469161987e-02 4.469489306211471558e-02 1.469727512449026108e-02 2.601335570216178894e-02 1.741920970380306244e-02 1.903069578111171722e-02 2.386880340054631233e-03 2.813528850674629211e-02 4.417537525296211243e-02 4.980397596955299377e-02 4.878973588347434998e-02 3.793704090639948845e-03 9.065825492143630981e-02 2.724942564964294434e-02 7.820600271224975586e-02 1.011585909873247147e-02 6.550091505050659180e-02 5.061528086662292480e-02 2.057444490492343903e-02 2.336640469729900360e-02 2.020452357828617096e-02 5.506629496812820435e-02 1.295155137777328491e-01 5.133696272969245911e-02 3.778468444943428040e-02 4.052641615271568298e-02 5.583707708865404129e-03 3.084761090576648712e-02 1.567743020132184029e-03 1.588690467178821564e-02 7.263087201863527298e-03 3.495917469263076782e-02 1.011454779654741287e-02 4.412223398685455322e-02 3.395200520753860474e-02 1.059474237263202667e-02 3.542485460638999939e-02 2.391786128282546997e-02 8.553234860301017761e-03 6.389337591826915741e-03 1.931865513324737549e-02 2.780425548553466797e-02 2.505977451801300049e-02 3.564234450459480286e-02 9.883239865303039551e-03 3.259602561593055725e-02 8.913511410355567932e-03 4.856977611780166626e-02 1.557115279138088226e-02 1.398611906915903091e-02 3.390074148774147034e-02 3.741921484470367432e-02 6.076991558074951172e-03 1.170533243566751480e-02 8.150037378072738647e-03 4.231156408786773682e-02
9.796414524316787720e-03 2.360058203339576721e-02 3.824273496866226196e-02 1.706885844469070435e-01 4.808906018733978271e-01 6.847123149782419205e-03 1.582327298820018768e-02 3.486637398600578308e-02 2.442074194550514221e-02 1.840485446155071259e-02 2.050189115107059479e-02 3.288057819008827209e-02 4.428589344024658203e-02 8.469610475003719330e-03 1.510910689830780029e-02 7.325906306505203247e-02 9.353797137737274170e-02 5.080311372876167297e-02 5.225745029747486115e-03 1.683760317973792553e-03 3.592795133590698242e-02 8.682645857334136963e-03 1.905968040227890015e-02 9.769428521394729614e-03 3.323808312416076660e-02 2.632414223626255989e-03 2.547824196517467499e-02 6.084919441491365433e-03 9.763559792190790176e-04 3.312567248940467834e-02 2.476780489087104797e-02 3.300127759575843811e-02 1.588705740869045258e-02 2.695796824991703033e-02 1.871067285537719727e-02 2.156604640185832977e-02 3.447879850864410400e-02 2.037469821516424417e-04 3.571338579058647156e-02 1.065497919917106628e-01 1.548507530242204666e-02 4.421574249863624573e-02 1.031285896897315979e-02 1.338800135999917984e-02 4.287799447774887085e-02 2.382231177762150764e-03 8.856082567945122719e-04 2.377553377300500870e-03 3.348599746823310852e-02 4.480788111686706543e-02 3.646611794829368591e-02 2.719738334417343140e-02 7.871412672102451324e-03 1.967834867537021637e-02 4.568561911582946777e-02 4.449126124382019043e-02 3.110004216432571411e-02 1.555853756144642830e-03 1.830369792878627777e-02 1.427530590444803238e-02 2.328719012439250946e-02 3.074744949117302895e-03 4.555048793554306030e-02 2.381045743823051453e-02 1.373194530606269836e-02 5.777236074209213257e-03 2.136991731822490692e-02 4.071414098143577576e-02 5.253892391920089722e-03 1.008140109479427338e-02 9.245228767395019531e-02 2.636075252667069435e-03 2.113530412316322327e-02 1.589649915695190430e-02 2.685680612921714783e-02 2.685383148491382599e-02 3.801558399572968483e-03 3.814471513032913208e-02 3.376995027065277100e-02 2.217744849622249603e-02 2.892364934086799622e-02 2.914087660610675812e-02 1.178423389792442322e-01 5.404662340879440308e-02 3.089283592998981476e-02 3.941159695386886597e-02 2.683952637016773224e-02 8.679362945258617401e-03 4.166667908430099487e-02 1.590168289840221405e-02 7.254880852997303009e-03 3.687613457441329956e-02 5.231531336903572083e-03 2.732706442475318909e-02 1.886473037302494049e-02 1.082209963351488113e-02 5.450599361211061478e-03 2.007635869085788727e-02 3.911406174302101135e-02 5.178319290280342102e-03 2.462982432916760445e-03 1.735317520797252655e-02 2.241470664739608765e-02 4.239406809210777283e-02 1.813747733831405640e-02 2.042311057448387146e-02 5.705620162189006805e-03 4.090813919901847839e-02 5.076781846582889557e-03 2.125830948352813721e-02 2.348511107265949249e-02 2.585396356880664825e-02 7.535599172115325928e-03 2.605803310871124268e-03 3.591242060065269470e-02 1.572660356760025024e-02
4.997485503554344177e-02 5.390119180083274841e-02 1.904430426657199860e-02 6.384318694472312927e-03 6.847123149782419205e-03 5.144149661064147949e-01 9.928916394710540771e-02 2.185472473502159119e-02 3.287754952907562256e-02 4.117927700281143188e-02 6.713660061359405518e-02 5.032110959291458130e-02 7.712351530790328979e-02 2.911585010588169098e-02 2.648070082068443298e-02 2.000760287046432495e-02 2.553589269518852234e-02 4.258878901600837708e-02 6.478005088865756989e-03 1.780997775495052338e-02 7.462081965059041977e-03 2.321025385754182935e-04 1.358784828335046768e-02 6.579942419193685055e-04 4.448237814358435571e-05 2.175255119800567627e-02 2.585134468972682953e-02 5.115689709782600403e-02 2.319898828864097595e-02 4.120058938860893250e-02 3.684778884053230286e-02 2.375932410359382629e-02 1.699521020054817200e-02 4.252418130636215210e-02 4.331750422716140747e-02 1.450124382972717285e-02 3.367834538221359253e-02 4.350569564849138260e-03 1.804061233997344971e-02 8.495779708027839661e-03 2.349449880421161652e-02 1.851238869130611420e-02 4.892148077487945557e-03 2.779610268771648407e-02 1.686304062604904175e-02 1.777243986725807190e-02 9.343240410089492798e-02 3.239830210804939270e-02 3.760163858532905579e-02 4.120210930705070496e-02 2.304951474070549011e-02 3.200507909059524536e-02 1.011850964277982712e-02 1.994358561933040619e-02 1.225063297897577286e-02 4.020389541983604431e-02 8.553558960556983948e-03 1.195937115699052811e-02 2.765250764787197113e-02 3.561041504144668579e-02 3.988943994045257568e-02 2.584951557219028473e-02 2.335632406175136566e-02 2.748116105794906616e-02 3.147572278976440430e-02 2.386616729199886322e-02 1.662136171944439411e-03 4.798253066837787628e-03 1.655446179211139679e-02 3.079850226640701294e-02 3.357725217938423157e-02 5.421284213662147522e-02 1.754349842667579651e-02 1.476387307047843933e-02 2.589931525290012360e-02 3.135387599468231201e-02 7.155856583267450333e-03 1.301503274589776993e-03 1.096743624657392502e-02 3.840628638863563538e-02 3.163333283737301826e-03 4.935148358345031738e-02 2.369279414415359497e-02 4.394246637821197510e-02 1.222563255578279495e-02 4.301785957068204880e-03 2.201826684176921844e-02 3.655696287751197815e-02 4.780002869665622711e-03 1.802895404398441315e-02 7.395711541175842285e-02 5.740360356867313385e-04 6.191549450159072876e-02 1.485647074878215790e-02 4.200429096817970276e-02 1.843199133872985840e-02 4.482853785157203674e-02 2.500122040510177612e-02 2.473254501819610596e-02 9.523689746856689453e-03 2.306480146944522858e-02 1.603036932647228241e-02 2.252673171460628510e-02 1.468224078416824341e-02 4.745595529675483704e-02 3.281541913747787476e-02 3.527513891458511353e-02 2.970731630921363831e-02 1.190274488180875778e-02 3.475319966673851013e-02 1.059979014098644257e-02 1.475670468062162399e-02 3.371004760265350342e-02 1.785528287291526794e-02 2.127217501401901245e-02 2.707920409739017487e-02
1.413386780768632889e-02 2.743247337639331818e-02 1.272746734321117401e-02 2.187239937484264374e-02 1.582327298820018768e-02 9.928916394710540771e-02 5.212792158126831055e-01 5.244505126029253006e-03 1.554121542721986771e-02 8.903291076421737671e-03 2.970488928258419037e-02 6.480317562818527222e-03 6.015537306666374207e-02 4.203827679157257080e-02 2.774532884359359741e-02 4.271148890256881714e-02 4.746117815375328064e-02 3.491976112127304077e-02 4.798555001616477966e-02 1.611977629363536835e-02 3.459390951320528984e-03 4.453187808394432068e-03 1.026600599288940430e-02 1.578127406537532806e-02 4.577129613608121872e-03 2.510539256036281586e-02 1.584045030176639557e-02 2.394091710448265076e-02 2.841300889849662781e-02 4.667788371443748474e-02 3.451533243060112000e-02 7.351172156631946564e-03 3.051524795591831207e-02 1.549034006893634796e-02 3.703413531184196472e-02 2.686263062059879303e-02 2.757798507809638977e-02 1.081302296370267868e-02 1.350556127727031708e-02 2.483404055237770081e-02 2.589645422995090485e-02 9.282111190259456635e-03 7.773960009217262268e-03 2.977980859577655792e-02 1.373705733567476273e-02 1.353311631828546524e-02 6.974330544471740723e-02 6.335912644863128662e-02 3.689439967274665833e-02 2.096582949161529541e-02 2.560986578464508057e-02 3.295684605836868286e-02 1.704821363091468811e-03 4.283100366592407227e-02 4.523898288607597351e-02 1.292588282376527786e-02 1.317894901148974895e-03 7.435827050358057022e-03 2.434926852583885193e-02 2.606960199773311615e-02 3.853873163461685181e-02 3.082159161567687988e-02 4.676662385463714600e-03 1.597893424332141876e-02 2.095944620668888092e-02 2.637228928506374359e-02 6.702477112412452698e-04 9.002712613437324762e-05 1.295649167150259018e-02 3.539480641484260559e-02 4.888841882348060608e-02 4.987416043877601624e-02 3.128367289900779724e-02 4.542009159922599792e-02 4.440284520387649536e-02 3.786564990878105164e-02 2.419245196506381035e-03 1.843802817165851593e-02 2.161050681024789810e-03 1.276359078474342823e-03 5.064745899289846420e-03 7.065071724355220795e-03 1.712805218994617462e-02 8.646787144243717194e-03 1.602734066545963287e-02 9.801135398447513580e-03 3.326422721147537231e-02 2.995093911886215210e-02 3.264302387833595276e-02 2.071727300062775612e-03 5.558521300554275513e-02 1.430658251047134399e-02 7.171729952096939087e-02 1.421833783388137817e-02 3.671752288937568665e-02 4.235376417636871338e-02 2.246672660112380981e-02 1.317281089723110199e-02 3.962973598390817642e-03 1.075308490544557571e-02 2.901929197832942009e-03 2.292491029947996140e-03 9.859130717813968658e-03 1.292744418606162071e-03 4.463208094239234924e-02 5.209216475486755371e-02 4.093221575021743774e-02 2.124854922294616699e-02 4.886226728558540344e-03 2.544864267110824585e-02 2.035551145672798157e-02 3.296955022960901260e-03 1.297428272664546967e-02 2.458257973194122314e-02 3.754114732146263123e-04 3.857680037617683411e-02
1.985993795096874237e-02 2.537266723811626434e-02 1.774228811264038086e-01 1.153790112584829330e-02 3.486637398600578308e-02 2.185472473502159119e-02 5.244505126029253006e-03 5.066850781440734863e-01 2.649833634495735168e-02 4.770661145448684692e-02 1.166223175823688507e-02 6.403958424925804138e-03 1.601774129085242748e-03 2.913809008896350861e-02 6.781195849180221558e-02 1.533015165477991104e-02 1.914402656257152557e-02 1.251584012061357498e-02 3.521937504410743713e-02 8.686911314725875854e-03 5.782409105449914932e-03 7.553697377443313599e-02 1.696019317023456097e-03 5.351636558771133423e-03 1.384403184056282043e-02 2.026534266769886017e-02 2.195693738758563995e-02 2.543281880207359791e-04 3.098932094871997833e-02 2.040285058319568634e-02 3.407288342714309692e-02 3.622243925929069519e-02 5.102987401187419891e-03 3.076592274010181427e-02 1.417370606213808060e-02 6.825013086199760437e-03 2.701597101986408234e-02 5.363189429044723511e-02 3.756767883896827698e-02 9.013069793581962585e-03 9.674170054495334625e-03 2.179476898163557053e-03 1.677023060619831085e-02 1.032343357801437378e-01 4.123371466994285583e-02 9.216397069394588470e-03 2.005496621131896973e-02 3.766337037086486816e-02 2.562964148819446564e-02 3.800276666879653931e-02 1.540858950465917587e-02 2.273346111178398132e-02 3.904205933213233948e-02 2.401840128004550934e-02 4.158419556915760040e-03 4.088802263140678406e-02 2.704544365406036377e-02 3.875857219099998474e-02 2.718023397028446198e-02 5.354159045964479446e-03 4.336979612708091736e-02 5.765319336205720901e-03 2.865589596331119537e-02 1.432334631681442261e-02 3.506597131490707397e-04 2.774520311504602432e-03 2.981160953640937805e-02 1.110788807272911072e-02 2.190684527158737183e-02 3.907109424471855164e-02 5.456533399410545826e-04 2.225837297737598419e-02 2.998107671737670898e-02 2.519272640347480774e-02 1.912332605570554733e-03 2.159848250448703766e-02 3.108301013708114624e-02 4.097402468323707581e-02 2.788784354925155640e-02 3.899779543280601501e-02 2.152542322874069214e-01 3.066114336252212524e-02 2.214986458420753479e-02 1.837277598679065704e-02 1.767087727785110474e-02 1.352861151099205017e-02 1.602659225463867188e-01 1.059861481189727783e-01 3.346922621130943298e-02 4.480237141251564026e-03 4.472531378269195557e-02 3.697688691318035126e-03 1.677519828081130981e-02 1.082536857575178146e-02 1.771079376339912415e-02 8.567615412175655365e-03 1.920230500400066376e-02 3.648976981639862061e-02 3.727455437183380127e-02 1.343074068427085876e-02 1.961659453809261322e-02 1.586446724832057953e-02 2.089108340442180634e-02 2.123134583234786987e-02 4.418884217739105225e-02 3.184811398386955261e-02 1.061701402068138123e-02 3.890855610370635986e-02 4.579045251011848450e-02 2.430640719830989838e-02 4.418789967894554138e-02 4.122357070446014404e-02 1.097465585917234421e-02 2.314813621342182159e-02 1.100528798997402191e-02 4.341562092304229736e-02
3.391958028078079224e-02 8.639296516776084900e-03 3.310579434037208557e-02 2.387927286326885223e-02 2.442074194550514221e-02 3.287754952907562256e-02 1.554121542721986771e-02 2.649833634495735168e-02 5.127550959587097168e-01 6.144890561699867249e-02 2.743069641292095184e-02 5.414065718650817871e-02 3.364647179841995239e-02 3.409276530146598816e-02 1.554427295923233032e-02 5.259332805871963501e-02 3.839360550045967102e-02 9.760069847106933594e-02 3.594496054574847221e-03 4.839056730270385742e-02 2.465890720486640930e-02 3.968310728669166565e-02 1.462221331894397736e-02 7.205731235444545746e-03 2.487640641629695892e-02 1.882137730717658997e-02 1.262738928198814392e-02 2.063575200736522675e-02 5.682980176061391830e-03 3.846896812319755554e-02 2.936529740691184998e-02 3.174252808094024658e-02 4.600339755415916443e-02 2.353167533874511719e-02 4.599733650684356689e-02 1.192012149840593338e-02 3.412709757685661316e-02 3.635251894593238831e-02 3.633387759327888489e-02 5.843253340572118759e-03 3.002875670790672302e-02 4.691223427653312683e-02 6.973107811063528061e-03 6.396480835974216461e-03 4.047062993049621582e-02 1.990038342773914337e-02 9.800183586776256561e-03 5.631503881886601448e-04 1.043947264552116394e-01 3.270228952169418335e-02 1.387653592973947525e-02 3.490941226482391357e-02 1.564123481512069702e-02 7.771596312522888184e-03 7.983242720365524292e-02 4.098920524120330811e-02 8.988902904093265533e-03 2.001768350601196289e-02 2.308208309113979340e-02 3.061189129948616028e-02 3.727296600118279457e-03 2.081113308668136597e-02 4.651582799851894379e-03 3.011640906333923340e-02 2.384306676685810089e-02 2.080481685698032379e-02 4.761246219277381897e-02 1.461992599070072174e-02 2.248456701636314392e-02 1.600789092481136322e-02 4.933049529790878296e-02 1.970365829765796661e-02 1.199955400079488754e-02 3.825036808848381042e-03 3.771468624472618103e-02 3.255292307585477829e-03 1.162146627902984619e-01 4.258941859006881714e-02 8.550293743610382080e-02 2.705368958413600922e-02 4.384713247418403625e-02 2.205091877840459347e-04 3.753068298101425171e-02 1.289972197264432907e-02 8.879665285348892212e-03 1.022254955023527145e-02 1.142228767275810242e-02 3.321266919374465942e-02 2.118766680359840393e-02 1.552971196360886097e-03 2.767616324126720428e-02 1.290831994265317917e-02 1.508694142103195190e-02 1.016112510114908218e-02 1.222085580229759216e-02 1.647393452003598213e-03 2.441296353936195374e-02 1.700549852102994919e-03 5.018499121069908142e-02 2.102805674076080322e-02 2.665367349982261658e-02 2.638895437121391296e-02 4.538181796669960022e-02 3.158701956272125244e-02 6.670264992862939835e-03 7.478753104805946350e-03 3.718553856015205383e-02 1.775012724101543427e-02 1.882100850343704224e-02 5.112480837851762772e-03 6.027093157172203064e-03 1.706087775528430939e-02 3.910961002111434937e-02 1.954416371881961823e-02 4.238853603601455688e-02 4.902366176247596741e-02
7.823415100574493408e-03 3.389639407396316528e-02 1.481849607080221176e-02 4.586766660213470459e-02 1.840485446155071259e-02 4.117927700281143188e-02 8.903291076421737671e-03 4.770661145448684692e-02 6.144890561699867249e-02 5.235587954521179199e-01 4.183110222220420837e-02 1.381184719502925873e-02 3.872694820165634155e-02 1.885320618748664856e-02 4.966048058122396469e-03 2.834718115627765656e-02 1.374710700474679470e-04 3.037972562015056610e-02 4.539051279425621033e-02 5.396102368831634521e-02 3.912839293479919434e-02 3.130285441875457764e-02 7.399958092719316483e-03 2.822332642972469330e-02 2.573576569557189941e-02 1.611735299229621887e-02 1.219429308548569679e-03 1.739996112883090973e-02 2.039110288023948669e-02 1.661621965467929840e-02 4.214386641979217529e-02 1.937436871230602264e-02 4.813675954937934875e-02 1.635293662548065186e-02 2.732119336724281311e-02 1.571246422827243805e-02 5.141874775290489197e-03 3.715794160962104797e-02 1.886293850839138031e-02 1.096450630575418472e-02 3.779996186494827271e-02 1.700747758150100708e-02 1.474251691251993179e-02 4.279552027583122253e-02 2.435841597616672516e-02 2.589030750095844269e-02 1.118903607130050659e-02 1.461016759276390076e-02 5.359251424670219421e-02 8.503345400094985962e-02 1.829476654529571533e-02 1.989636756479740143e-02 2.550673484802246094e-02 1.409206259995698929e-02 1.957679726183414459e-02 6.746891140937805176e-02 1.733557879924774170e-02 4.044765979051589966e-02 2.390059456229209900e-02 9.445132687687873840e-03 3.558790311217308044e-02 4.722669254988431931e-03 2.690803445875644684e-02 3.459394909441471100e-03 4.875492677092552185e-02 3.517637401819229126e-02 4.165676981210708618e-02 5.646623671054840088e-03 5.776373296976089478e-02 3.955371305346488953e-02 4.542410373687744141e-02 1.795257627964019775e-02 2.368290908634662628e-02 1.479593385010957718e-02 2.142138592898845673e-02 3.437578678131103516e-02 2.025338076055049896e-02 5.906335264444351196e-02 1.974948123097419739e-02 7.107967883348464966e-02 3.488927334547042847e-02 6.135627161711454391e-03 1.742715947329998016e-02 7.053378224372863770e-02 1.889486983418464661e-02 5.224493332207202911e-03 1.209165621548891068e-02 3.956722468137741089e-02 4.112592339515686035e-02 1.855314895510673523e-02 4.141866415739059448e-02 5.706591065973043442e-03 1.458746753633022308e-02 2.217770926654338837e-02 2.264615707099437714e-02 4.222447797656059265e-02 1.403948478400707245e-02 1.421788893640041351e-02 3.660903871059417725e-02 3.641580417752265930e-02 1.167886424809694290e-02 1.272850483655929565e-02 2.239416539669036865e-02 2.480347082018852234e-02 2.565150521695613861e-02 2.031962387263774872e-02 1.764770783483982086e-02 1.712743006646633148e-02 2.794515714049339294e-02 8.472137153148651123e-03 1.987955905497074127e-02 2.099628793075680733e-03 5.336068198084831238e-02 1.604014076292514801e-02 4.724963009357452393e-02 3.964800760149955750e-02
1.197867840528488159e-01 8.295518159866333008e-02 3.938755020499229431e-03 3.425551578402519226e-02 2.050189115107059479e-02 6.713660061359405518e-02 2.970488928258419037e-02 1.166223175823688507e-02 2.743069641292095184e-02 4.183110222220420837e-02 5.047381520271301270e-01 4.922627285122871399e-02 1.137583926320075989e-01 3.133592382073402405e-02 6.750351190567016602e-02 1.982869580388069153e-02 1.594933122396469116e-02 1.527986675500869751e-02 4.418434947729110718e-02 1.105427928268909454e-02 1.969203352928161621e-02 6.156495958566665649e-02 4.152701795101165771e-02 4.963452368974685669e-02 1.950631476938724518e-02 2.280540578067302704e-02 4.362892732024192810e-02 4.566796589642763138e-03 3.325703367590904236e-02 9.570549242198467255e-03 3.194781765341758728e-02 1.255845278501510620e-02 3.086749464273452759e-02 1.865722425282001495e-02 2.339390292763710022e-02 2.708513103425502777e-02 4.031450673937797546e-02 3.208979964256286621e-02 1.478922460228204727e-02 1.372468564659357071e-02 3.853420959785580635e-03 2.355399075895547867e-03 1.478887163102626801e-02 2.221814356744289398e-03 2.924131462350487709e-03 2.966290712356567383e-02 4.949911683797836304e-02 3.291289554908871651e-03 8.563928306102752686e-03 4.370490834116935730e-02 1.909512840211391449e-02 1.077311858534812927e-02 1.277902163565158844e-03 2.213229611515998840e-02 1.908250153064727783e-02 3.560124710202217102e-02 9.077145368792116642e-04 2.501263655722141266e-02 2.767759747803211212e-02 4.284465312957763672e-02 3.960884176194667816e-03 1.319659408181905746e-02 3.891458362340927124e-02 4.140994325280189514e-02 4.456266760826110840e-02 3.237112984061241150e-02 7.492898497730493546e-03 7.927314378321170807e-03 2.951579913496971130e-02 1.145517546683549881e-02 1.519959885627031326e-02 1.678453944623470306e-02 4.519160371273756027e-03 3.343351185321807861e-02 1.778066391125321388e-03 4.007011279463768005e-02 1.809054426848888397e-02 2.749800868332386017e-02 1.500940416008234024e-02 4.095895960927009583e-02 2.387187071144580841e-02 1.916515175253152847e-03 3.668717294931411743e-02 3.292747586965560913e-02 1.791022717952728271e-02 1.400171592831611633e-02 2.950251661241054535e-02 4.614140465855598450e-02 3.726832568645477295e-02 2.207832969725131989e-02 3.960983455181121826e-02 4.139795526862144470e-02 1.233739033341407776e-02 3.325771540403366089e-02 4.307251423597335815e-03 2.909665927290916443e-04 1.225916668772697449e-02 1.547629013657569885e-02 1.509687677025794983e-02 3.341060131788253784e-02 3.545654192566871643e-02 2.334759570658206940e-02 2.620360441505908966e-02 4.421858582645654678e-03 4.322649538516998291e-02 4.445990920066833496e-02 1.363252406008541584e-03 7.265613880008459091e-03 4.306158050894737244e-02 1.502931769937276840e-02 1.945215836167335510e-02 4.681187868118286133e-02 8.162752725183963776e-03 1.118225511163473129e-02 9.336099959909915924e-03 2.496014721691608429e-02
3.426384553313255310e-02 3.833721950650215149e-02 6.850230973213911057e-03 3.387968614697456360e-02 3.288057819008827209e-02 5.032110959291458130e-02 6.480317562818527222e-03 6.403958424925804138e-03 5.414065718650817871e-02 1.381184719502925873e-02 4.922627285122871399e-02 4.965655505657196045e-01 4.988552257418632507e-02 1.906883567571640015e-01 8.085102774202823639e-03 1.883297972381114960e-02 1.558981649577617645e-02 4.015761241316795349e-02 3.223434090614318848e-03 1.995959505438804626e-02 2.094952575862407684e-02 8.633491583168506622e-03 1.243650261312723160e-02 5.539381876587867737e-02 1.810234971344470978e-02 4.468879848718643188e-02 3.704230859875679016e-02 1.033375561237335205e-01 4.895942984148859978e-04 1.196855902671813965e-01 2.311977930366992950e-02 1.308806519955396652e-02 3.336831927299499512e-02 3.720418363809585571e-02 1.584802381694316864e-02 1.446149870753288269e-02 2.220952883362770081e-02 2.833530073985457420e-03 1.452527288347482681e-02 6.478922441601753235e-03 1.720318687148392200e-04 5.064667016267776489e-02 4.236003756523132324e-02 1.245443988591432571e-02 8.431043475866317749e-02 1.168792787939310074e-02 1.980701275169849396e-02 4.213286563754081726e-03 1.563627086579799652e-02 4.349502176046371460e-02 4.711238667368888855e-02 1.683789491653442383e-02 3.279164060950279236e-02 3.942577540874481201e-02 8.468485437333583832e-03 3.658813610672950745e-02 1.539830211549997330e-02 4.989338666200637817e-02 2.544090896844863892e-02 2.380597032606601715e-02 5.005363747477531433e-02 2.293128333985805511e-02 9.530478157103061676e-03 1.850222609937191010e-02 2.131961286067962646e-02 1.006481610238552094e-02 5.923542194068431854e-03 1.011615712195634842e-02 4.397881776094436646e-02 2.325308974832296371e-03 4.909111931920051575e-02 3.440756723284721375e-02 2.461308054625988007e-02 3.452295204624533653e-04 1.217361888848245144e-03 3.976308554410934448e-02 6.490251421928405762e-02 3.099975408986210823e-03 2.207347564399242401e-02 5.214338377118110657e-02 4.023698344826698303e-02 4.052918031811714172e-02 3.667720407247543335e-02 5.314917489886283875e-02 5.314834043383598328e-02 5.591742694377899170e-02 2.485563233494758606e-02 2.868615463376045227e-02 9.707533568143844604e-02 7.209408283233642578e-02 2.569337747991085052e-02 1.352706644684076309e-02 7.416283246129751205e-03 2.906575426459312439e-02 7.104107644408941269e-03 4.917120561003684998e-02 4.936571931466460228e-04 3.711641207337379456e-02 2.852918393909931183e-02 3.365771844983100891e-02 4.830768704414367676e-02 3.825477883219718933e-02 1.234943605959415436e-02 5.206018313765525818e-02 1.110934838652610779e-02 1.990705914795398712e-02 1.283046696335077286e-02 3.539134934544563293e-02 3.334718570113182068e-02 4.118657484650611877e-02 2.506479993462562561e-02 2.280285768210887909e-02 2.106508007273077965e-03 3.178660199046134949e-02 8.442732691764831543e-02 1.208780892193317413e-02
6.701853126287460327e-02 9.138030558824539185e-02 2.838755398988723755e-02 4.696615785360336304e-02 4.428589344024658203e-02 7.712351530790328979e-02 6.015537306666374207e-02 1.601774129085242748e-03 3.364647179841995239e-02 3.872694820165634155e-02 1.137583926320075989e-01 4.988552257418632507e-02 5.202441215515136719e-01 3.383907303214073181e-02 2.363211102783679962e-02 1.294240355491638184e-03 6.652807351201772690e-04 2.752148173749446869e-02 1.033045724034309387e-02 7.085206918418407440e-03 2.397375740110874176e-02 3.989524394273757935e-02 1.371710002422332764e-02 1.471336651593446732e-02 1.512220874428749084e-02 2.186760492622852325e-02 7.033274509012699127e-03 1.000041421502828598e-02 1.947342045605182648e-02 7.493398152291774750e-05 4.726659506559371948e-02 1.361671648919582367e-02 3.683535754680633545e-02 2.540036663413047791e-02 2.740294858813285828e-02 1.329088676720857620e-02 2.415674924850463867e-02 3.886141628026962280e-02 2.293770946562290192e-02 1.236249692738056183e-02 4.550950601696968079e-02 5.673171486705541611e-03 1.144985016435384750e-02 4.986981861293315887e-03 1.850799540989100933e-03 1.934273168444633484e-02 5.933925136923789978e-02 2.106040902435779572e-02 1.968968659639358521e-02 4.812768846750259399e-02 3.510631388053297997e-03 3.307173028588294983e-02 3.629671782255172729e-02 4.426487255841493607e-03 4.450222477316856384e-02 4.474154859781265259e-02 8.574752137064933777e-03 2.916309051215648651e-02 2.546885050833225250e-02 3.942544013261795044e-02 3.609386086463928223e-02 2.189206890761852264e-02 2.782589942216873169e-02 2.730235643684864044e-02 4.033642634749412537e-02 3.839411586523056030e-02 1.517072040587663651e-02 4.600707907229661942e-03 1.041827537119388580e-02 3.686457872390747070e-02 1.305098645389080048e-02 4.300974309444427490e-02 3.895126283168792725e-02 1.591181010007858276e-02 3.967357426881790161e-02 8.862665854394435883e-03 2.539777942001819611e-02 1.455066725611686707e-02 1.936018280684947968e-02 5.391200259327888489e-02 9.870139881968498230e-03 1.093159522861242294e-02 4.487389326095581055e-02 3.597933053970336914e-02 2.423821203410625458e-02 3.484658896923065186e-03 1.273393630981445312e-02 4.290223121643066406e-02 3.524893149733543396e-02 3.071712702512741089e-02 5.884466692805290222e-02 2.386783994734287262e-02 6.382457166910171509e-02 3.007903695106506348e-02 2.553337626159191132e-02 3.112588077783584595e-02 3.961406648159027100e-02 3.980895504355430603e-02 7.288807537406682968e-03 9.493891149759292603e-03 1.028538029640913010e-02 1.353260967880487442e-02 2.796644344925880432e-03 1.140601933002471924e-03 3.053220920264720917e-02 1.844923198223114014e-02 3.434929624199867249e-02 2.677208371460437775e-02 5.786216352134943008e-03 4.490150883793830872e-02 2.949459664523601532e-02 4.393083974719047546e-03 2.902936376631259918e-02 1.864802651107311249e-02 4.401779547333717346e-02 2.904048562049865723e-02
