5.784490704536437988e-01 1.274424046277999878e-01 4.858591637457720935e-05 2.730790153145790100e-02 1.243798807263374329e-02 1.229520067572593689e-01 7.655518501996994019e-02 2.593890577554702759e-02 1.035507116466760635e-02 1.884079305455088615e-03 1.044564247131347656e-01 2.615013346076011658e-02 1.006699055433273315e-01 3.836344927549362183e-02 2.227722853422164917e-02 1.592375524342060089e-02 1.812242902815341949e-02 4.872474074363708496e-02 2.651247940957546234e-02 4.287423193454742432e-02 2.568439766764640808e-02 7.807429134845733643e-02 2.871938608586788177e-02 4.497127979993820190e-02 8.456225506961345673e-03 6.019141990691423416e-03 1.500263437628746033e-02 2.963727898895740509e-02 3.505038470029830933e-02 1.035502273589372635e-02 1.009249873459339142e-02 3.039070591330528259e-02 2.590752765536308289e-02 2.502453885972499847e-02 1.629379205405712128e-02 2.421903237700462341e-02 1.729915663599967957e-02 1.003689412027597427e-02 1.309909950941801071e-02 3.899001458194106817e-04 1.930157095193862915e-02 2.706741355359554291e-02 1.889205724000930786e-02 1.388538070023059845e-02 4.237796738743782043e-02 4.030217230319976807e-02 9.989559650421142578e-02 3.574658557772636414e-02 2.841604314744472504e-02 3.373643383383750916e-02 1.109710335731506348e-02 2.720226533710956573e-02 1.577492454089224339e-03 5.113898310810327530e-03 3.590875118970870972e-02 2.646854892373085022e-02 1.709619536995887756e-02 4.164307378232479095e-03 1.431349944323301315e-02 1.310391910374164581e-02 1.809825003147125244e-02 3.087922371923923492e-02 3.224209323525428772e-02 2.867915481328964233e-02 2.423949912190437317e-02 2.990109100937843323e-02 4.989644978195428848e-03 1.145649608224630356e-02 1.616155914962291718e-02 2.626183815300464630e-02 2.127762138843536377e-02 2.423442900180816650e-02 4.640235099941492081e-03 2.927483990788459778e-02 2.101615816354751587e-02 3.589535877108573914e-02 2.630888484418392181e-02 3.316643834114074707e-02 5.946085229516029358e-02 7.951249927282333374e-02 1.574019156396389008e-02 4.435425996780395508e-02 1.440158113837242126e-02 4.405892640352249146e-02 3.678894042968750000e-02 1.875435188412666321e-02 9.714855812489986420e-03 1.145302783697843552e-02 1.420207694172859192e-02 3.399769961833953857e-02 6.057609245181083679e-02 5.057200416922569275e-02 2.727942913770675659e-02 5.659670010209083557e-02 6.300444249063730240e-03 5.567640066146850586e-03 3.997595980763435364e-02 2.635363675653934479e-02 3.366281837224960327e-02 1.250203698873519897e-02 9.582100436091423035e-03 2.125376276671886444e-02 1.347527746111154556e-02 3.369157388806343079e-02 1.645091176033020020e-02 1.756884530186653137e-02 3.150222077965736389e-02 2.711918205022811890e-02 8.700734935700893402e-03 1.477300282567739487e-02 8.815884590148925781e-03 4.263256676495075226e-03 2.523761428892612457e-02 2.352419495582580566e-02 1.182633638381958008e-02 5.147730000317096710e-03
1.274424046277999878e-01 5.766603946685791016e-01 1.289257779717445374e-02 2.524700388312339783e-02 2.681275457143783569e-02 1.111594885587692261e-01 9.711848199367523193e-02 2.996169403195381165e-02 2.436706610023975372e-02 3.879649192094802856e-02 8.304398506879806519e-02 2.501660399138927460e-02 9.465891867876052856e-02 2.216428145766258240e-02 5.688144359737634659e-03 1.350426580756902695e-02 1.116919331252574921e-02 4.749291017651557922e-02 3.905794024467468262e-02 2.801181934773921967e-02 8.485387079417705536e-03 4.386755079030990601e-02 3.175418078899383545e-02 2.970984764397144318e-02 1.948514604009687901e-03 9.746376425027847290e-03 1.485749240964651108e-02 3.124088980257511139e-02 3.576086461544036865e-02 6.967660505324602127e-03 4.373040422797203064e-02 3.895158693194389343e-02 4.145507887005805969e-02 3.485112264752388000e-02 1.525573991239070892e-02 1.107409596443176270e-02 2.538433298468589783e-03 1.208263449370861053e-02 3.051285818219184875e-02 1.011015102267265320e-02 2.170960791409015656e-02 1.635028421878814697e-02 9.424655698239803314e-03 2.187473326921463013e-02 2.617011778056621552e-02 2.521426603198051453e-02 7.342703640460968018e-02 6.577333807945251465e-02 2.426517941057682037e-02 1.756681129336357117e-02 2.521283552050590515e-02 1.815076917409896851e-02 1.041875034570693970e-02 1.158539112657308578e-02 2.987939119338989258e-02 1.487904414534568787e-02 5.796880461275577545e-03 2.986021526157855988e-02 2.378486841917037964e-02 2.323318086564540863e-02 2.604594081640243530e-02 2.964194677770137787e-02 2.565660141408443451e-02 1.421830710023641586e-02 1.995920948684215546e-02 4.083349183201789856e-02 1.387670636177062988e-04 9.728944860398769379e-03 1.251181028783321381e-02 1.475217565894126892e-02 8.225576952099800110e-03 1.714459434151649475e-02 1.262494921684265137e-02 3.388795629143714905e-02 2.260647341609001160e-02 4.940003622323274612e-03 2.151714079082012177e-02 2.490995824337005615e-02 3.936045244336128235e-02 4.225082695484161377e-02 1.663723960518836975e-02 3.298402950167655945e-02 2.977287955582141876e-02 3.922326862812042236e-02 3.186683356761932373e-02 3.163564950227737427e-02 2.047632075846195221e-02 1.063502579927444458e-02 2.159917727112770081e-02 1.284381095319986343e-02 5.689325556159019470e-02 3.415612131357192993e-02 6.538082659244537354e-02 3.969258069992065430e-02 1.169650163501501083e-02 3.411161946132779121e-03 2.825150452554225922e-02 3.115947730839252472e-02 2.622423879802227020e-02 7.235809694975614548e-03 1.077666645869612694e-03 3.549744933843612671e-02 1.411580573767423630e-02 3.067489899694919586e-02 1.866229623556137085e-02 2.695319987833499908e-02 1.809510961174964905e-02 1.775950193405151367e-02 1.547786500304937363e-02 5.492461845278739929e-03 6.329703610390424728e-03 1.564170978963375092e-02 3.303354606032371521e-02 2.908003702759742737e-02 2.089313976466655731e-02 1.727021858096122742e-02
4.858591637457720935e-05 1.289257779717445374e-02 5.516548156738281250e-01 1.231601089239120483e-02 3.356625139713287354e-02 3.725331975147128105e-03 1.552205532789230347e-02 9.477929025888442993e-02 3.652205457910895348e-03 4.537452477961778641e-03 5.859022494405508041e-03 2.372364141047000885e-02 5.852839909493923187e-03 3.813277930021286011e-02 2.459677495062351227e-02 8.411268354393541813e-04 3.164616879075765610e-03 7.970022037625312805e-03 7.357418071478605270e-03 3.694067150354385376e-02 2.759401919320225716e-03 1.416220795363187790e-02 2.265977486968040466e-02 1.337532047182321548e-02 9.435592219233512878e-03 9.287602268159389496e-03 2.571057528257369995e-02 3.115967288613319397e-02 1.605106052011251450e-03 3.414826095104217529e-02 2.044837549328804016e-02 6.399619393050670624e-03 3.583683446049690247e-02 6.309393793344497681e-04 5.827258806675672531e-03 3.883162885904312134e-02 2.542446181178092957e-02 1.225488353520631790e-02 2.370926737785339355e-02 4.860332235693931580e-02 1.580668054521083832e-02 1.114168018102645874e-02 2.811900526285171509e-02 5.316331982612609863e-02 2.842390723526477814e-02 2.391408570110797882e-02 1.733920536935329437e-02 1.976947300136089325e-02 9.145474061369895935e-03 3.669153898954391479e-03 2.071443200111389160e-02 5.299405194818973541e-03 1.867715455591678619e-02 3.405183320865035057e-03 8.712708018720149994e-03 1.265315432101488113e-02 5.710691213607788086e-03 1.831324584782123566e-02 6.166672799736261368e-03 6.837091408669948578e-03 1.875047164503484964e-04 5.294614937156438828e-03 1.802425645291805267e-02 2.288081310689449310e-02 4.673462361097335815e-03 6.906672846525907516e-03 1.580155268311500549e-02 1.242278516292572021e-02 1.427272241562604904e-02 2.928839297965168953e-03 1.451544091105461121e-02 2.554945833981037140e-02 2.191131003201007843e-02 2.970348810777068138e-03 1.895607635378837585e-02 1.879571378231048584e-02 1.819389127194881439e-02 2.266648598015308380e-02 3.542798385024070740e-02 3.220365196466445923e-02 6.542170047760009766e-02 5.810069292783737183e-02 3.071855055168271065e-03 2.355707064270973206e-02 4.384256154298782349e-02 2.740266919136047363e-02 3.127797320485115051e-02 5.567099153995513916e-02 3.398818150162696838e-02 1.391703542321920395e-02 6.563087459653615952e-03 5.727659910917282104e-03 1.702612638473510742e-02 6.355373188853263855e-03 1.992760039865970612e-02 3.385113319382071495e-03 9.106002980843186378e-04 3.312519565224647522e-02 3.332618251442909241e-02 2.965187840163707733e-02 1.059213187545537949e-02 2.576839737594127655e-02 3.202589461579918861e-03 3.564137592911720276e-02 2.033931575715541840e-02 3.503942489624023438e-02 2.664677100256085396e-03 1.958682900294661522e-03 1.968738809227943420e-02 1.234038965776562691e-03 1.869527250528335571e-02 1.234761159867048264e-02 3.365628048777580261e-02 9.346793405711650848e-03 7.716724649071693420e-04 2.371749468147754669e-02
2.730790153145790100e-02 2.524700388312339783e-02 1.231601089239120483e-02 5.656403899192810059e-01 7.060723146423697472e-05 3.542103245854377747e-02 1.871762238442897797e-02 2.237137220799922943e-02 9.936234913766384125e-03 8.760563097894191742e-03 4.626487568020820618e-02 2.790898270905017853e-02 4.639556631445884705e-02 3.755500540137290955e-02 2.534648589789867401e-02 1.063490053638815880e-03 8.704306557774543762e-03 2.490496262907981873e-02 4.447738453745841980e-02 4.392535611987113953e-02 3.588834032416343689e-02 9.125328622758388519e-03 3.778324648737907410e-02 3.134715929627418518e-02 3.372797369956970215e-02 3.107272088527679443e-02 1.746353507041931152e-02 9.645589627325534821e-03 1.980128884315490723e-02 4.668156150728464127e-03 3.000925062224268913e-03 2.783730998635292053e-02 5.251622200012207031e-02 3.658451139926910400e-02 2.036330290138721466e-02 2.621665038168430328e-02 5.859481170773506165e-03 1.482244953513145447e-02 5.152010172605514526e-02 5.835970398038625717e-03 8.647322654724121094e-03 1.178996916860342026e-02 1.272572949528694153e-02 1.837902702391147614e-02 2.698322385549545288e-02 2.190444804728031158e-02 1.357660535722970963e-02 1.174948271363973618e-02 4.316192120313644409e-02 4.165811091661453247e-02 3.579058125615119934e-02 3.266312554478645325e-02 2.951174043118953705e-03 2.493443433195352554e-03 4.439099691808223724e-03 8.960072300396859646e-04 1.772380247712135315e-02 8.246480487287044525e-03 3.401118516921997070e-02 1.648562774062156677e-02 3.121954202651977539e-02 1.484991703182458878e-02 4.824105277657508850e-02 5.920635908842086792e-02 8.301714435219764709e-03 1.104329596273601055e-03 3.706868737936019897e-02 1.574338227510452271e-02 3.897168487310409546e-02 2.561696805059909821e-02 4.305911436676979065e-02 2.631989121437072754e-02 7.777240127325057983e-02 1.215428952127695084e-02 4.716871306300163269e-02 2.051766589283943176e-02 1.740940660238265991e-02 2.344530075788497925e-02 3.479629987850785255e-03 1.854317449033260345e-02 4.049035906791687012e-02 3.704777918756008148e-03 3.651969134807586670e-02 8.159033022820949554e-03 1.041910983622074127e-02 6.587655283510684967e-03 2.918817847967147827e-02 2.678423747420310974e-02 3.963947668671607971e-02 5.145350936800241470e-03 5.094280932098627090e-03 3.059396147727966309e-02 3.142534056678414345e-03 2.433590590953826904e-02 6.965333130210638046e-03 4.528206586837768555e-02 5.680337781086564064e-04 2.426882646977901459e-02 3.857895731925964355e-02 2.248569950461387634e-02 1.262298692017793655e-02 2.732504904270172119e-02 2.387943677604198456e-02 1.568040810525417328e-02 1.345639675855636597e-02 1.998811215162277222e-02 2.876966074109077454e-02 8.635976351797580719e-03 4.630365967750549316e-02 3.635412314906716347e-03 3.397009149193763733e-02 1.910870149731636047e-02 7.139849010854959488e-03 2.073642425239086151e-02 1.412248797714710236e-02 6.629625335335731506e-03
1.243798807263374329e-02 2.681275457143783569e-02 3.356625139713287354e-02 7.060723146423697472e-05 5.714615583419799805e-01 2.511892467737197876e-02 2.693359553813934326e-02 9.781087748706340790e-03 2.897857129573822021e-02 4.265242815017700195e-02 9.964004857465624809e-04 1.465132180601358414e-02 7.077662739902734756e-03 3.658292070031166077e-02 1.056168787181377411e-02 2.170763723552227020e-02 2.353553660213947296e-02 3.723641857504844666e-02 2.188369445502758026e-02 3.883469477295875549e-02 2.898154221475124359e-02 1.599715556949377060e-03 3.903391584753990173e-02 3.655012696981430054e-02 2.291724551469087601e-03 2.955652028322219849e-02 2.626065723598003387e-02 6.560193723998963833e-04 8.017026819288730621e-03 1.053369324654340744e-02 2.455844730138778687e-02 8.024333510547876358e-04 3.493130207061767578e-02 2.150960452854633331e-02 3.166938945651054382e-02 3.004157170653343201e-02 2.365058101713657379e-02 1.853423751890659332e-02 4.736379161477088928e-02 7.571905106306076050e-02 1.633518002927303314e-02 3.380183503031730652e-02 1.126419845968484879e-02 3.096277266740798950e-02 6.618825718760490417e-03 3.285946091637015343e-03 5.807422101497650146e-03 2.090548165142536163e-02 3.680501133203506470e-02 1.151239965111017227e-02 3.149769082665443420e-02 3.409808874130249023e-02 2.242524176836013794e-02 9.592193178832530975e-03 3.300138190388679504e-02 5.144181475043296814e-02 2.623259276151657104e-02 2.965892478823661804e-02 1.047650538384914398e-02 8.031494915485382080e-03 3.623617067933082581e-02 2.129189111292362213e-02 1.286710146814584732e-02 4.039056226611137390e-02 1.383834052830934525e-02 8.631119504570960999e-03 2.681605517864227295e-02 1.860259287059307098e-02 2.789052389562129974e-02 1.917785778641700745e-02 2.906377613544464111e-02 1.819934346713125706e-03 6.718281074427068233e-04 1.190411578863859177e-02 5.899238586425781250e-02 1.205376628786325455e-02 1.775671169161796570e-02 3.720971196889877319e-02 3.965486213564872742e-02 3.795953840017318726e-02 2.376349270343780518e-02 3.699363395571708679e-02 7.774326205253601074e-02 5.401258543133735657e-02 1.441734959371387959e-03 2.590819494798779488e-04 3.480353858321905136e-03 2.359729632735252380e-02 2.112301066517829895e-02 2.485518343746662140e-02 2.476348076015710831e-03 4.334249999374151230e-03 3.134267404675483704e-02 8.764185011386871338e-03 1.077446900308132172e-02 2.530626393854618073e-02 6.646072492003440857e-03 1.613497734069824219e-02 2.415358088910579681e-02 3.911203891038894653e-02 1.286972966045141220e-02 3.341022133827209473e-02 3.813302610069513321e-03 6.374956108629703522e-03 3.689149767160415649e-02 5.632475763559341431e-02 1.701566576957702637e-02 3.925487771630287170e-02 3.624935820698738098e-02 1.333155017346143723e-02 3.749329596757888794e-03 1.927672699093818665e-02 2.090858854353427887e-02 6.872613448649644852e-03 1.335985865443944931e-02 4.231619089841842651e-02
1.229520067572593689e-01 1.111594885587692261e-01 3.725331975147128105e-03 3.542103245854377747e-02 2.511892467737197876e-02 5.740627646446228027e-01 1.404720246791839600e-01 3.208338841795921326e-02 2.435771375894546509e-02 3.698934987187385559e-02 8.731792867183685303e-02 3.789692744612693787e-02 8.143316209316253662e-02 1.595293730497360229e-02 4.352380521595478058e-03 2.007397823035717010e-02 2.613284997642040253e-02 3.809455782175064087e-02 1.451282761991024017e-02 1.630456419661641121e-03 1.938530616462230682e-02 6.777521222829818726e-02 9.787541814148426056e-03 3.001989796757698059e-02 2.101041376590728760e-03 2.567861787974834442e-02 2.477646060287952423e-02 8.117983117699623108e-03 3.031814098358154297e-02 2.459061145782470703e-02 2.653842791914939880e-02 3.512722998857498169e-02 3.253681585192680359e-02 1.095407176762819290e-02 4.689577035605907440e-03 2.546041831374168396e-02 4.403403028845787048e-02 2.893668040633201599e-02 1.604113541543483734e-02 3.189294831827282906e-03 1.629327237606048584e-02 4.478630609810352325e-03 8.551464416086673737e-03 2.282000146806240082e-03 2.834595507010817528e-03 2.964447438716888428e-02 1.203680410981178284e-01 7.495851069688796997e-02 4.054014384746551514e-02 1.325789606198668480e-03 1.475902553647756577e-02 6.079547572880983353e-03 1.508141495287418365e-02 1.602340489625930786e-02 3.679242357611656189e-02 1.037075929343700409e-02 2.932290919125080109e-02 3.813764080405235291e-03 3.667624667286872864e-02 2.337524108588695526e-02 1.472420059144496918e-02 2.209182269871234894e-02 4.451869055628776550e-02 2.634557150304317474e-02 2.227198146283626556e-02 3.107936866581439972e-02 2.049253880977630615e-02 5.403058603405952454e-03 9.282514452934265137e-03 4.285078123211860657e-02 3.242951631546020508e-02 2.779300883412361145e-02 2.039187587797641754e-02 3.663412109017372131e-02 3.996857628226280212e-02 4.591917246580123901e-02 3.205708786845207214e-02 4.262856394052505493e-02 1.119990646839141846e-02 3.102841787040233612e-02 1.971103623509407043e-02 3.069659508764743805e-02 2.507145982235670090e-03 2.971898764371871948e-02 8.794252062216401100e-05 1.243099942803382874e-02 1.630545780062675476e-02 1.983671262860298157e-02 1.881572976708412170e-02 3.978362306952476501e-03 5.862816795706748962e-02 6.449945271015167236e-02 4.167627543210983276e-02 5.644039809703826904e-02 3.773213922977447510e-02 1.599713973701000214e-02 3.493965789675712585e-02 7.068543694913387299e-03 2.185540087521076202e-02 4.372122697532176971e-03 2.559937536716461182e-02 1.028882246464490891e-02 1.188267767429351807e-02 5.373208317905664444e-03 2.762236073613166809e-02 9.026720654219388962e-04 3.865188732743263245e-02 3.415413945913314819e-02 4.246438387781381607e-03 8.029398508369922638e-03 1.601071096956729889e-02 1.301158219575881958e-02 3.544610366225242615e-02 4.102322459220886230e-02 2.157324738800525665e-02 1.068477611988782883e-02
7.655518501996994019e-02 9.711848199367523193e-02 1.552205532789230347e-02 1.871762238442897797e-02 2.693359553813934326e-02 1.404720246791839600e-01 5.831086635589599609e-01 3.906582295894622803e-02 1.518045272678136826e-02 2.592664398252964020e-02 6.575763225555419922e-02 9.162726346403360367e-04 7.424053549766540527e-02 1.271800789982080460e-02 4.033350851386785507e-03 1.667978800833225250e-02 3.160851076245307922e-02 2.971452660858631134e-02 4.682584479451179504e-02 1.109091099351644516e-02 3.357095271348953247e-02 3.827932756394147873e-03 1.466160360723733902e-02 1.474450621753931046e-02 1.382132899016141891e-02 4.637704696506261826e-03 3.294966742396354675e-02 1.401870977133512497e-02 5.037310719490051270e-02 9.262374369427561760e-04 6.434102356433868408e-02 4.137005284428596497e-02 9.644376114010810852e-03 3.031367994844913483e-02 7.474082056432962418e-03 2.157050743699073792e-02 2.793291956186294556e-02 1.997720822691917419e-02 3.009214811027050018e-02 7.945924997329711914e-03 4.797973670065402985e-03 2.602205204311758280e-04 1.386100333184003830e-02 2.122996142134070396e-03 1.463181525468826294e-02 2.411930076777935028e-02 1.149777993559837341e-01 1.409818679094314575e-01 3.581412881612777710e-02 8.063278160989284515e-03 2.731002494692802429e-02 3.199513256549835205e-02 3.550513833761215210e-02 2.975927665829658508e-02 3.621264919638633728e-02 5.273560062050819397e-03 1.893567107617855072e-02 9.445806033909320831e-03 4.050654172897338867e-02 2.326870523393154144e-02 1.385292969644069672e-02 1.204929221421480179e-02 1.831104792654514313e-02 5.166565999388694763e-03 3.724490106105804443e-02 5.492537096142768860e-02 3.316202759742736816e-02 1.927246153354644775e-02 2.511777356266975403e-02 4.355709999799728394e-02 2.800118364393711090e-02 3.149551898241043091e-02 1.956014148890972137e-02 1.926344074308872223e-02 2.731127478182315826e-02 2.898492291569709778e-02 2.669671736657619476e-02 1.719028688967227936e-02 2.080100588500499725e-02 8.012658916413784027e-03 7.130734156817197800e-03 2.947811037302017212e-02 2.509979531168937683e-02 2.755415625870227814e-02 3.060289844870567322e-02 2.038673497736454010e-02 7.937880232930183411e-03 1.390297152101993561e-02 8.552144281566143036e-03 4.704198613762855530e-02 7.165431976318359375e-02 6.103621050715446472e-02 1.065440848469734192e-01 3.932617232203483582e-02 4.057173803448677063e-02 1.824123598635196686e-02 2.839611284434795380e-02 3.168877214193344116e-02 2.490968210622668266e-03 2.438911981880664825e-02 2.298844233155250549e-02 5.436586681753396988e-03 4.388426430523395538e-03 7.901512435637414455e-04 3.407779335975646973e-02 1.727603841572999954e-03 4.827751964330673218e-02 1.307716872543096542e-02 1.135091483592987061e-02 1.432192791253328323e-02 6.048420909792184830e-03 2.116866409778594971e-02 3.493760526180267334e-02 4.315395653247833252e-02 3.605424612760543823e-02 2.017388679087162018e-02
2.593890577554702759e-02 2.996169403195381165e-02 9.477929025888442993e-02 2.237137220799922943e-02 9.781087748706340790e-03 3.208338841795921326e-02 3.906582295894622803e-02 5.642226934432983398e-01 5.437997169792652130e-03 6.642112974077463150e-03 1.581805944442749023e-02 2.437680028378963470e-02 7.164061535149812698e-03 3.486943617463111877e-02 4.718147590756416321e-02 1.004198379814624786e-02 1.624811068177223206e-02 1.706581213511526585e-03 6.138813681900501251e-03 1.346558704972267151e-02 1.157590933144092560e-02 5.131026264280080795e-03 4.430097062140703201e-03 8.750919252634048462e-03 4.672470968216657639e-03 1.269382541067898273e-03 1.136656571179628372e-02 1.641431637108325958e-02 2.312806062400341034e-02 3.463186323642730713e-02 3.143606707453727722e-02 2.311886847019195557e-02 3.700100630521774292e-02 1.451061200350522995e-02 1.982090435922145844e-02 1.975955627858638763e-02 3.667297214269638062e-02 2.636166987940669060e-03 1.386134792119264603e-02 4.242561012506484985e-02 1.388538395985960960e-03 3.678480908274650574e-02 4.443179816007614136e-02 8.677816949784755707e-03 2.391086332499980927e-02 1.227462850511074066e-02 1.796452328562736511e-02 3.757440671324729919e-02 3.458405146375298500e-03 6.166664883494377136e-03 1.521521341055631638e-02 3.917391598224639893e-02 8.519994094967842102e-03 3.971239086240530014e-03 1.742940582334995270e-02 1.222253218293190002e-02 1.239162124693393707e-02 1.935945707373321056e-03 1.422017067670822144e-02 5.735905840992927551e-03 4.064525477588176727e-03 5.543515086174011230e-03 1.653200201690196991e-02 3.291829675436019897e-02 1.153465639799833298e-02 2.595794759690761566e-02 1.245576050132513046e-02 3.110136836767196655e-03 1.472356729209423065e-02 3.382903710007667542e-02 8.386489935219287872e-03 4.581034928560256958e-02 4.420039057731628418e-02 1.198495551943778992e-02 5.111194681376218796e-03 3.362288326025009155e-02 2.295476756989955902e-02 2.398988604545593262e-02 2.510281093418598175e-02 3.053147904574871063e-02 8.759742975234985352e-02 9.883462637662887573e-02 1.958584599196910858e-02 1.427040994167327881e-02 1.297345571219921112e-02 6.546069402247667313e-03 4.920899122953414917e-02 7.295076549053192139e-02 3.582200780510902405e-02 1.910726912319660187e-02 2.805937081575393677e-02 2.691476605832576752e-02 3.515659645199775696e-02 2.749486826360225677e-02 6.063905730843544006e-02 4.650937765836715698e-02 1.543264929205179214e-02 4.457857459783554077e-02 3.088308870792388916e-02 1.207231078296899796e-02 1.607139781117439270e-02 6.128326524049043655e-03 9.513190016150474548e-03 3.341998532414436340e-02 9.142800234258174896e-03 2.898306585848331451e-02 4.111240059137344360e-02 7.375015877187252045e-03 2.808052301406860352e-02 2.727015316486358643e-02 4.779335856437683105e-02 3.115297853946685791e-02 4.484591633081436157e-02 4.079263284802436829e-02 9.228718467056751251e-03 2.490763366222381592e-02
1.035507116466760635e-02 2.436706610023975372e-02 3.652205457910895348e-03 9.936234913766384125e-03 2.897857129573822021e-02 2.435771375894546509e-02 1.518045272678136826e-02 5.437997169792652130e-03 5.704112052917480469e-01 8.561360836029052734e-02 4.262954741716384888e-02 2.882607094943523407e-02 1.975392736494541168e-02 4.320134222507476807e-02 3.854306647554039955e-03 4.615486040711402893e-02 6.278037279844284058e-02 6.833591312170028687e-02 1.253874879330396652e-02 5.141203850507736206e-02 2.008870989084243774e-02 3.068690001964569092e-02 8.132506161928176880e-02 5.622024834156036377e-02 3.040323592722415924e-02 1.271785935387015343e-03 7.910307031124830246e-04 1.238614879548549652e-02 3.623213246464729309e-02 2.917209453880786896e-02 3.247941285371780396e-02 3.086180239915847778e-02 3.927423804998397827e-02 8.102719439193606377e-04 1.296286564320325851e-02 1.688291900791227818e-03 1.331411767750978470e-02 1.833802461624145508e-02 3.497470170259475708e-02 2.090481854975223541e-02 8.829167345538735390e-04 5.250732973217964172e-02 1.742657646536827087e-02 2.040378283709287643e-03 6.998215802013874054e-03 4.425437003374099731e-02 1.743866503238677979e-02 3.600442782044410706e-02 5.386285111308097839e-02 3.844517469406127930e-02 1.390558853745460510e-02 6.340021733194589615e-03 1.942123286426067352e-02 4.629200324416160583e-02 9.765899181365966797e-02 3.321990743279457092e-02 9.722931281430646777e-05 8.750015869736671448e-03 7.499175146222114563e-03 3.756092861294746399e-02 2.033433131873607635e-02 5.720960907638072968e-03 4.707621783018112183e-02 3.509733080863952637e-02 4.431172832846641541e-02 2.054835110902786255e-02 3.771264478564262390e-02 3.181824460625648499e-02 9.631478786468505859e-02 3.092710115015506744e-02 6.037642061710357666e-02 1.138880848884582520e-02 3.897123038768768311e-02 7.234428077936172485e-03 3.354521840810775757e-02 8.521446026861667633e-03 1.735489368438720703e-01 6.455874443054199219e-02 6.385987251996994019e-02 9.674728848040103912e-03 4.685715585947036743e-02 2.614764682948589325e-02 1.937166787683963776e-02 1.040783151984214783e-02 1.891281083226203918e-02 2.575528994202613831e-02 8.580476045608520508e-03 3.854095190763473511e-02 4.228701815009117126e-02 9.169581346213817596e-03 2.515009604394435883e-02 3.632588684558868408e-02 3.008654713630676270e-02 3.253632783889770508e-02 3.098440170288085938e-02 1.259022951126098633e-02 1.264308230020105839e-03 4.630504641681909561e-03 5.273875966668128967e-02 2.811936661601066589e-02 6.625862326472997665e-03 2.418894320726394653e-02 8.738553151488304138e-03 2.316360361874103546e-02 8.937848731875419617e-03 4.389668628573417664e-02 2.094616414979100227e-03 2.057212777435779572e-02 1.369155850261449814e-02 4.513871669769287109e-02 4.886066541075706482e-03 5.742681678384542465e-04 2.743557281792163849e-02 4.413500055670738220e-02 3.190532152075320482e-04 3.301454707980155945e-02
1.884079305455088615e-03 3.879649192094802856e-02 4.537452477961778641e-03 8.760563097894191742e-03 4.265242815017700195e-02 3.698934987187385559e-02 2.592664398252964020e-02 6.642112974077463150e-03 8.561360836029052734e-02 5.646180510520935059e-01 5.087757483124732971e-02 4.712971299886703491e-02 4.379396885633468628e-02 2.290618978440761566e-02 1.008382067084312439e-02 2.140565030276775360e-02 3.419203683733940125e-02 3.173037618398666382e-02 6.442434340715408325e-02 2.224540710449218750e-02 5.727369803935289383e-03 9.175912477076053619e-03 4.433469101786613464e-02 6.089879199862480164e-02 1.226366031914949417e-02 1.639786176383495331e-02 3.450823947787284851e-02 2.922110073268413544e-02 5.322445183992385864e-03 6.757892668247222900e-03 8.347180671989917755e-03 5.785795510746538639e-04 4.345986247062683105e-02 1.297972723841667175e-02 2.244900166988372803e-02 1.875822432339191437e-02 8.543474599719047546e-03 3.035875968635082245e-02 1.280192378908395767e-02 4.295185580849647522e-02 2.541829645633697510e-02 3.621030226349830627e-02 2.208061516284942627e-02 2.334696985781192780e-02 1.619160361588001251e-02 9.822949767112731934e-03 2.854040265083312988e-02 1.130307186394929886e-02 2.143055945634841919e-02 9.739357978105545044e-02 1.806414127349853516e-02 1.930546015501022339e-02 4.850413277745246887e-02 3.619235381484031677e-02 5.615622922778129578e-02 9.730266779661178589e-02 1.671166718006134033e-02 2.591364830732345581e-02 1.612692885100841522e-02 2.359514497220516205e-02 2.660829015076160431e-02 2.002999559044837952e-02 3.636075928807258606e-02 1.089697517454624176e-02 3.514939919114112854e-02 2.526628226041793823e-02 3.606434166431427002e-02 1.880496181547641754e-02 3.316022828221321106e-02 4.677886608988046646e-04 4.955543577671051025e-02 1.362585090100765228e-02 2.952089719474315643e-02 1.158368121832609177e-02 5.570367723703384399e-02 1.130096614360809326e-02 4.306865856051445007e-02 1.109255775809288025e-01 4.047467187047004700e-02 9.048818051815032959e-02 3.375720232725143433e-02 1.065377891063690186e-02 4.563230276107788086e-02 1.101238373667001724e-02 5.332073662430047989e-03 2.355616167187690735e-02 2.256452105939388275e-02 2.912710234522819519e-02 1.294528320431709290e-02 5.997936800122261047e-02 1.063912990503013134e-03 3.752805665135383606e-02 1.078592054545879364e-02 3.513489663600921631e-02 7.632724009454250336e-03 6.591080222278833389e-03 1.477284263819456100e-02 1.429048646241426468e-02 1.986860483884811401e-02 1.595329493284225464e-02 1.769598573446273804e-02 2.781922928988933563e-02 1.299714087508618832e-03 3.382185474038124084e-02 1.536389347165822983e-03 1.562342420220375061e-02 6.051810341887176037e-04 2.717693336308002472e-02 1.252042874693870544e-02 1.222124509513378143e-02 4.787357989698648453e-03 3.221714124083518982e-02 1.991023868322372437e-02 2.900985628366470337e-02 3.568207472562789917e-02 1.077443733811378479e-02
1.044564247131347656e-01 8.304398506879806519e-02 5.859022494405508041e-03 4.626487568020820618e-02 9.964004857465624809e-04 8.731792867183685303e-02 6.575763225555419922e-02 1.581805944442749023e-02 4.262954741716384888e-02 5.087757483124732971e-02 5.833418369293212891e-01 2.706520026549696922e-03 8.733501285314559937e-02 2.327373623847961426e-02 1.768696308135986328e-02 1.581036602146923542e-03 1.587987877428531647e-02 2.650204114615917206e-02 4.481763020157814026e-02 2.562066540122032166e-02 2.153579145669937134e-02 5.902636051177978516e-02 3.534984961152076721e-02 3.885632753372192383e-02 7.659126073122024536e-03 1.794495992362499237e-02 9.972282685339450836e-03 2.150772698223590851e-02 4.731512069702148438e-02 2.990192919969558716e-02 9.617128409445285797e-03 7.772590965032577515e-03 3.231843560934066772e-02 2.371822483837604523e-04 1.122443098574876785e-02 1.592794433236122131e-02 5.859065335243940353e-03 7.109901402145624161e-03 3.644946590065956116e-02 7.171942852437496185e-03 3.907188307493925095e-03 3.592526167631149292e-02 2.539813704788684845e-02 1.069915294647216797e-02 4.652745276689529419e-02 4.582402855157852173e-02 7.871784269809722900e-02 3.350963816046714783e-02 1.374114584177732468e-02 3.525196108967065811e-03 1.019983203150331974e-03 1.813870482146739960e-02 3.111326834186911583e-03 9.034204413183033466e-04 9.660518728196620941e-03 5.483705550432205200e-03 1.467309985309839249e-02 1.328002894297242165e-03 1.962433382868766785e-02 8.928840979933738708e-04 1.185164041817188263e-02 1.109076291322708130e-02 2.901692315936088562e-02 2.826051972806453705e-02 2.791840210556983948e-02 2.723371796309947968e-02 1.854100823402404785e-02 1.161272078752517700e-02 2.909647859632968903e-02 4.213987663388252258e-02 3.213391453027725220e-02 1.813004352152347565e-02 3.846153616905212402e-02 1.631649211049079895e-02 3.763713315129280090e-02 3.897415846586227417e-02 3.080590441823005676e-02 4.256140440702438354e-02 2.085180953145027161e-02 2.036087028682231903e-02 3.109957324340939522e-03 2.271481044590473175e-02 2.815120108425617218e-02 1.797239109873771667e-02 4.049907624721527100e-02 4.334419593214988708e-02 2.640100196003913879e-03 9.329742752015590668e-03 1.080419123172760010e-02 1.194346509873867035e-02 4.478023946285247803e-02 5.909539014101028442e-02 1.414266508072614670e-02 3.829241544008255005e-02 6.161865312606096268e-03 2.652820944786071777e-02 1.909230463206768036e-02 3.251731768250465393e-02 3.451122343540191650e-02 1.263700053095817566e-02 3.424656577408313751e-03 1.801275834441184998e-02 4.140433855354785919e-03 3.441280871629714966e-02 9.159774519503116608e-03 2.249912125989794731e-03 8.113408461213111877e-03 1.481517776846885681e-02 1.719466596841812134e-02 2.954137744382023811e-03 1.552409119904041290e-02 5.453358404338359833e-03 1.541593298316001892e-02 2.884828485548496246e-02 3.137543052434921265e-02 8.779694326221942902e-03
2.615013346076011658e-02 2.501660399138927460e-02 2.372364141047000885e-02 2.790898270905017853e-02 1.465132180601358414e-02 3.789692744612693787e-02 9.162726346403360367e-04 2.437680028378963470e-02 2.882607094943523407e-02 4.712971299886703491e-02 2.706520026549696922e-03 5.595629215240478516e-01 9.951795218512415886e-04 2.213740497827529907e-01 1.596636325120925903e-02 7.112760096788406372e-03 3.467918187379837036e-02 3.238686174154281616e-02 2.392880618572235107e-02 7.417381275445222855e-03 4.512536525726318359e-02 1.268103660549968481e-04 1.077407374978065491e-01 7.210887223482131958e-02 8.906169794499874115e-03 2.556897886097431183e-02 1.834405399858951569e-02 1.309769004583358765e-01 2.542895823717117310e-02 4.242425784468650818e-02 8.284363895654678345e-03 3.307816758751869202e-02 1.220587454736232758e-02 3.844191506505012512e-02 2.248648088425397873e-04 3.156772255897521973e-02 2.793777920305728912e-02 2.142891025869175792e-04 3.615407645702362061e-02 3.754728473722934723e-03 2.629327215254306793e-02 2.580768056213855743e-02 3.871060442179441452e-03 2.489245682954788208e-02 1.231625378131866455e-01 2.389179170131683350e-02 7.280192803591489792e-03 4.072146117687225342e-02 5.151847377419471741e-02 2.873859601095318794e-03 4.630632326006889343e-02 7.189917564392089844e-02 2.324366755783557892e-02 1.115931756794452667e-02 6.675494369119405746e-03 3.712837398052215576e-02 2.654783194884657860e-03 3.881681244820356369e-03 3.866235259920358658e-03 2.107036300003528595e-02 4.006507247686386108e-02 1.418990455567836761e-02 5.116690881550312042e-03 5.211759358644485474e-03 1.427854038774967194e-02 3.996442630887031555e-02 2.336356788873672485e-02 1.621675491333007812e-02 3.023479133844375610e-02 1.481652632355690002e-02 4.819100722670555115e-02 1.112204138189554214e-02 1.510190498083829880e-02 3.125955536961555481e-02 2.216681279242038727e-02 2.165106497704982758e-02 7.034448534250259399e-02 2.107925945892930031e-03 1.319550573825836182e-01 5.961774848401546478e-03 3.454172611236572266e-02 2.391400374472141266e-02 8.278173394501209259e-03 2.819790318608283997e-02 4.060670360922813416e-02 1.993462629616260529e-02 2.811576426029205322e-02 1.085843890905380249e-02 1.026571393013000488e-01 2.791901491582393646e-02 4.003199283033609390e-03 1.003471110016107559e-02 9.311095811426639557e-03 1.251695211976766586e-02 1.812816970050334930e-02 9.168817661702632904e-03 6.468575913459062576e-03 2.178582921624183655e-02 5.498749669641256332e-03 2.254404872655868530e-02 3.535109385848045349e-02 3.964732587337493896e-02 3.525404632091522217e-02 2.347101690247654915e-03 4.269569471944123507e-04 3.763852640986442566e-02 3.917642682790756226e-02 3.145798109471797943e-03 2.754422090947628021e-02 2.086324431002140045e-02 1.912419311702251434e-02 1.742439158260822296e-02 2.488717623054981232e-02 3.693377971649169922e-02 7.503074128180742264e-03 4.058144614100456238e-02
1.006699055433273315e-01 9.465891867876052856e-02 5.852839909493923187e-03 4.639556631445884705e-02 7.077662739902734756e-03 8.143316209316253662e-02 7.424053549766540527e-02 7.164061535149812698e-03 1.975392736494541168e-02 4.379396885633468628e-02 8.733501285314559937e-02 9.951795218512415886e-04 5.851912498474121094e-01 5.083850771188735962e-02 2.716382220387458801e-02 1.237955642864108086e-03 2.310091815888881683e-02 3.546299412846565247e-02 4.844947531819343567e-02 3.504433855414390564e-02 2.273995056748390198e-02 5.334828421473503113e-02 3.585284203290939331e-02 3.484853357076644897e-02 2.081364626064896584e-03 1.101383939385414124e-02 1.029483787715435028e-02 1.948062889277935028e-02 5.104644596576690674e-02 2.421844936907291412e-02 3.752924874424934387e-02 2.138928882777690887e-02 4.190702363848686218e-02 1.198609452694654465e-02 2.114738710224628448e-02 3.595024719834327698e-02 1.037170062772929668e-03 9.412794373929500580e-03 3.217110782861709595e-02 5.442704539746046066e-03 5.445421673357486725e-03 3.075603023171424866e-02 2.782286703586578369e-02 1.659347303211688995e-02 3.955656662583351135e-02 4.166305810213088989e-02 8.035778999328613281e-02 5.966654792428016663e-02 3.888125717639923096e-02 2.045025583356618881e-03 1.992929913103580475e-02 2.825361862778663635e-02 1.712411455810070038e-02 2.070250920951366425e-03 2.270659618079662323e-02 1.194126624614000320e-02 2.201236598193645477e-02 9.719104506075382233e-03 2.452737092971801758e-02 9.367368766106665134e-04 1.963188871741294861e-02 9.963105432689189911e-03 3.477450460195541382e-02 3.576412051916122437e-02 2.184403501451015472e-02 4.170240461826324463e-02 2.434354461729526520e-02 2.392047643661499023e-02 2.704511396586894989e-02 5.007652565836906433e-02 2.229004353284835815e-02 4.897353798151016235e-02 2.670705690979957581e-02 2.472575753927230835e-02 2.395948953926563263e-02 1.833404041826725006e-02 1.667191833257675171e-02 4.977331683039665222e-02 3.032570704817771912e-02 2.498708665370941162e-02 9.200972504913806915e-03 2.136611193418502808e-02 3.423801437020301819e-02 3.029404021799564362e-02 2.995215170085430145e-02 4.510373249650001526e-02 1.387498574331402779e-03 7.998663932085037231e-03 2.454578410834074020e-03 1.111309509724378586e-02 4.247668012976646423e-02 4.850515723228454590e-02 4.896050319075584412e-02 6.005449593067169189e-02 2.937895013019442558e-03 2.370974607765674591e-02 2.684615924954414368e-02 4.026732593774795532e-02 3.751957789063453674e-02 6.632297299802303314e-03 7.542964071035385132e-03 1.669943146407604218e-02 6.584358401596546173e-03 2.649394236505031586e-02 1.406250335276126862e-02 3.696942701935768127e-03 2.338635385967791080e-04 2.178365178406238556e-02 1.860513538122177124e-02 7.567653083242475986e-04 5.276985000818967819e-03 2.567118732258677483e-03 1.661119051277637482e-02 1.850495859980583191e-02 1.831174641847610474e-02 1.542486250400543213e-03
