5.775617957115173340e-01 1.833712160587310791e-01 1.168766897171735764e-02 8.009038865566253662e-03 3.650787286460399628e-03 2.234689593315124512e-01 1.559210568666458130e-01 3.291711583733558655e-02 3.635137155652046204e-02 1.753121800720691681e-02 1.598880589008331299e-01 3.500564768910408020e-02 9.629413485527038574e-02 1.829545572400093079e-02 3.517306596040725708e-02 1.008697599172592163e-02 2.754408121109008789e-02 1.351512502878904343e-02 2.275446988642215729e-02 2.399249374866485596e-02 3.443062677979469299e-02 1.165023655630648136e-03 1.539711229270324111e-04 8.822361007332801819e-03 1.578363031148910522e-02 1.599404960870742798e-02 7.907330989837646484e-03 1.406313851475715637e-02 3.805823251605033875e-02 4.445257782936096191e-02 4.808193445205688477e-02 1.857599429786205292e-02 9.026320651173591614e-03 1.262405049055814743e-02 3.059575147926807404e-02 2.041391469538211823e-02 1.068219449371099472e-02 2.069691661745309830e-03 2.569082379341125488e-02 4.137949552386999130e-03 3.010710701346397400e-02 1.369506306946277618e-02 4.315856844186782837e-02 1.307267136871814728e-02 8.762232959270477295e-03 2.203317731618881226e-02 1.345283836126327515e-01 7.504997402429580688e-02 2.967461012303829193e-02 2.435698173940181732e-02 3.256761655211448669e-02 1.070964429527521133e-02 3.591272234916687012e-02 4.604622349143028259e-02 1.865936815738677979e-02 3.583589568734169006e-02 5.522525403648614883e-03 1.663243211805820465e-02 3.128242865204811096e-02 1.864549517631530762e-02 1.814306341111660004e-02 4.785951226949691772e-02 1.764468103647232056e-02 1.993294619023799896e-02 3.139806538820266724e-02 2.627562731504440308e-02 6.869475357234477997e-03 7.613081019371747971e-03 3.920000046491622925e-02 1.445786934345960617e-02 2.925706654787063599e-02 3.252918645739555359e-02 4.114136565476655960e-03 3.077461570501327515e-02 3.665516385808587074e-03 3.012373484671115875e-02 8.508375845849514008e-03 1.122067216783761978e-02 8.916729129850864410e-03 2.303811348974704742e-02 4.198886454105377197e-02 1.244035735726356506e-02 7.059862371534109116e-03 3.679783642292022705e-02 1.213396061211824417e-02 3.491435945034027100e-02 9.231125004589557648e-03 1.504846755415201187e-02 9.775947779417037964e-03 2.311686053872108459e-03 2.202974446117877960e-02 4.789704456925392151e-03 6.146999541670084000e-03 2.969025820493698120e-02 1.538388663902878761e-03 1.739370869472622871e-03 3.500420227646827698e-02 2.576402202248573303e-02 2.984433993697166443e-02 1.497559249401092529e-02 8.755791932344436646e-03 2.180960029363632202e-02 3.050735779106616974e-02 2.995567396283149719e-02 1.231894828379154205e-02 4.362591425888240337e-04 2.960007265210151672e-02 1.000906195258721709e-04 3.731116652488708496e-02 1.542635262012481689e-02 1.733364909887313843e-02 1.032492495141923428e-03 2.498626708984375000e-02 8.526678197085857391e-03 2.367530576884746552e-02 2.431588247418403625e-02
1.833712160587310791e-01 5.786933898925781250e-01 1.267326413653790951e-03 3.057505935430526733e-02 1.495684683322906494e-02 1.105144247412681580e-01 1.507321149110794067e-01 1.835374906659126282e-02 3.372863307595252991e-02 3.616143018007278442e-02 9.958652406930923462e-02 2.028415910899639130e-02 1.011624038219451904e-01 5.286548286676406860e-02 5.026804283261299133e-02 3.634544264059513807e-04 1.662621274590492249e-02 2.835694141685962677e-02 2.306044287979602814e-02 1.938709430396556854e-02 2.630164381116628647e-03 1.863276772201061249e-02 1.600599288940429688e-02 9.703982621431350708e-03 8.162974379956722260e-03 9.497480466961860657e-03 6.103495601564645767e-03 1.981504727154970169e-03 1.180119160562753677e-02 2.613881602883338928e-02 7.190548814833164215e-03 3.769268095493316650e-02 3.305523097515106201e-02 2.930011041462421417e-02 3.734288329724222422e-04 1.006583124399185181e-02 4.389639943838119507e-02 1.205738447606563568e-02 3.046982735395431519e-02 3.458872810006141663e-02 2.845850959420204163e-02 3.683435171842575073e-02 1.998415775597095490e-02 6.682879757136106491e-04 1.395715400576591492e-02 1.650526933372020721e-02 6.541697680950164795e-02 9.624584019184112549e-02 4.196938872337341309e-02 2.782111987471580505e-03 2.602368965744972229e-02 1.312253531068563461e-02 1.467644516378641129e-02 3.087560646235942841e-03 3.933458030223846436e-02 2.509170398116111755e-02 1.526228524744510651e-02 4.643019288778305054e-02 1.616530469618737698e-03 1.624577119946479797e-02 4.471791535615921021e-02 1.919029839336872101e-02 1.182099990546703339e-02 1.505304872989654541e-02 1.759078912436962128e-02 1.947163138538599014e-03 2.323093451559543610e-02 6.180686876177787781e-03 8.697906509041786194e-03 2.258389955386519432e-03 2.285598590970039368e-02 3.674049675464630127e-02 1.415526866912841797e-02 2.263672649860382080e-02 3.695660457015037537e-02 3.581318631768226624e-02 3.567250445485115051e-02 3.744124248623847961e-02 2.209042757749557495e-02 1.453040726482868195e-02 1.004023104906082153e-02 6.537492852658033371e-03 6.783791352063417435e-03 2.834116108715534210e-02 1.264390535652637482e-02 2.272536978125572205e-02 1.064246986061334610e-02 1.665843278169631958e-02 2.171702124178409576e-02 3.193182870745658875e-02 2.170748077332973480e-02 1.643162220716476440e-02 4.187953844666481018e-02 1.859716698527336121e-02 3.866752609610557556e-02 3.552891314029693604e-02 6.626976188272237778e-03 1.367158070206642151e-02 1.417258288711309433e-02 2.170824259519577026e-02 9.490514174103736877e-03 4.183008149266242981e-02 1.742578484117984772e-02 3.865997493267059326e-02 1.412493875250220299e-03 2.836080640554428101e-02 4.008851945400238037e-02 4.184233956038951874e-03 4.324704036116600037e-02 1.645125215873122215e-03 3.949112445116043091e-02 3.974356129765510559e-02 1.228838972747325897e-02 1.469947770237922668e-02 1.977165043354034424e-02 3.655799478292465210e-02
1.168766897171735764e-02 1.267326413653790951e-03 5.840623974800109863e-01 2.710425294935703278e-02 3.660593926906585693e-02 3.130103275179862976e-02 6.374735385179519653e-03 8.266672492027282715e-02 1.245144195854663849e-02 2.832969836890697479e-02 2.247542329132556915e-02 2.391493413597345352e-03 8.096273057162761688e-03 7.479646708816289902e-03 4.033720865845680237e-02 5.374917760491371155e-02 3.846455737948417664e-02 2.223744429647922516e-02 4.330123960971832275e-02 4.684515669941902161e-02 2.632921561598777771e-02 4.895659908652305603e-02 3.867572546005249023e-02 4.980045184493064880e-02 2.743816189467906952e-02 1.154622714966535568e-02 1.664018817245960236e-02 1.868221163749694824e-02 2.915605902671813965e-03 1.256029587239027023e-02 3.371909027919173241e-03 4.309765528887510300e-03 7.601610850542783737e-03 5.652543157339096069e-03 1.640552282333374023e-02 3.006209246814250946e-02 1.458407565951347351e-02 2.627872861921787262e-02 1.282495539635419846e-02 2.370875515043735504e-02 3.968486096709966660e-03 2.545132674276828766e-02 3.045581653714179993e-02 3.033089265227317810e-02 1.070526801049709320e-02 6.628521718084812164e-03 5.364538170397281647e-03 3.496908815577626228e-03 2.125088870525360107e-02 9.420986287295818329e-03 1.088725589215755463e-02 2.333249896764755249e-02 3.511250391602516174e-02 4.565679654479026794e-02 7.495276164263486862e-03 7.429967634379863739e-03 1.797374337911605835e-02 3.203872963786125183e-02 1.696355268359184265e-02 3.643177449703216553e-02 1.207790803164243698e-02 3.174101188778877258e-02 2.554211299866437912e-03 4.174727946519851685e-02 8.186706341803073883e-03 1.321906968951225281e-02 4.148437455296516418e-02 2.765155397355556488e-02 3.463964909315109253e-02 3.901764005422592163e-02 7.896298542618751526e-03 2.267898619174957275e-02 1.510916184633970261e-02 2.242540940642356873e-02 1.096653193235397339e-02 4.944096878170967102e-02 1.951854303479194641e-02 1.456733979284763336e-02 1.145633682608604431e-02 4.271452780812978745e-03 8.825296908617019653e-02 5.559560656547546387e-02 4.730952903628349304e-02 5.407465994358062744e-02 3.500932827591896057e-03 1.111837010830640793e-02 5.765011161565780640e-02 5.729393288493156433e-02 3.507931530475616455e-02 3.352611511945724487e-02 1.395153626799583435e-02 2.541042678058147430e-02 3.598574083298444748e-03 3.196115791797637939e-02 3.111460991203784943e-02 4.130538552999496460e-02 3.935560211539268494e-02 1.722229458391666412e-02 1.472685020416975021e-02 3.725992888212203979e-02 5.864185513928532600e-04 3.265296109020709991e-04 2.819746732711791992e-02 3.658482804894447327e-02 5.090905725955963135e-02 4.992142319679260254e-02 9.544838219881057739e-03 8.791015483438968658e-03 4.173639044165611267e-02 2.626241184771060944e-02 4.917601868510246277e-02 2.927072718739509583e-02 3.127279132604598999e-02 4.208985716104507446e-02 4.904524609446525574e-02 4.675282165408134460e-02
8.009038865566253662e-03 3.057505935430526733e-02 2.710425294935703278e-02 6.021632552146911621e-01 1.897504478693008423e-01 3.030800633132457733e-02 3.650172054767608643e-02 4.821109119802713394e-03 4.230124503374099731e-02 4.360284283757209778e-02 6.887435447424650192e-03 1.787929981946945190e-02 3.276615589857101440e-02 9.704738622531294823e-04 2.029686607420444489e-02 8.306867443025112152e-03 5.958405323326587677e-03 8.606006950139999390e-02 9.622254222631454468e-02 3.705515712499618530e-02 1.802794262766838074e-02 1.722125150263309479e-02 2.011067979037761688e-02 1.439910102635622025e-02 1.441291067749261856e-02 2.574313804507255554e-02 8.686440996825695038e-03 1.670372113585472107e-02 4.854004830121994019e-02 2.238606289029121399e-02 3.798215091228485107e-02 9.414886124432086945e-03 6.354182958602905273e-02 5.689765675924718380e-04 3.440948203206062317e-02 1.452164724469184875e-02 3.431048989295959473e-02 1.025356911122798920e-02 1.458834558725357056e-01 1.686150282621383667e-01 2.065875753760337830e-02 3.603706136345863342e-02 2.345661632716655731e-02 4.027006030082702637e-02 2.116232179105281830e-02 2.644089423120021820e-02 2.923363121226429939e-03 1.584489084780216217e-02 1.326973643153905869e-02 7.181322202086448669e-03 2.181906625628471375e-02 3.831038996577262878e-02 1.631096750497817993e-02 1.221255213022232056e-02 2.845480106770992279e-02 2.232536487281322479e-02 3.500885516405105591e-02 1.756827929057180882e-03 1.612177677452564240e-02 6.430613342672586441e-03 7.433295249938964844e-02 8.230290561914443970e-02 1.946902461349964142e-02 1.214095577597618103e-02 2.456315979361534119e-02 2.264563180506229401e-02 3.349491208791732788e-02 4.239236935973167419e-02 6.737416144460439682e-03 2.724902145564556122e-02 1.181554421782493591e-02 3.724227100610733032e-02 1.112381815910339355e-01 7.810555398464202881e-03 1.061924472451210022e-01 9.212699718773365021e-03 3.932737186551094055e-02 1.456595025956630707e-02 3.733267635107040405e-02 1.143275760114192963e-02 2.684863982722163200e-03 1.518381293863058090e-02 1.015702262520790100e-01 1.165285110473632812e-01 2.732116356492042542e-02 2.844635955989360809e-02 1.338674034923315048e-02 2.066195197403430939e-02 3.819667501375079155e-03 7.086231838911771774e-03 4.406048357486724854e-02 4.132971912622451782e-02 3.950872644782066345e-02 2.698695659637451172e-02 3.367009572684764862e-03 1.496129902079701424e-03 8.574916981160640717e-03 1.596670784056186676e-02 2.513397112488746643e-02 2.009295858442783356e-02 2.078072726726531982e-02 1.246291561983525753e-03 1.222712337039411068e-03 2.922658622264862061e-02 7.934411056339740753e-03 3.469024971127510071e-02 2.898473665118217468e-02 2.093097567558288574e-02 8.944621309638023376e-03 2.646420616656541824e-03 1.809700578451156616e-02 2.846133336424827576e-02 3.661928698420524597e-02 2.541162818670272827e-02 4.413962736725807190e-02 3.939504176378250122e-02
3.650787286460399628e-03 1.495684683322906494e-02 3.660593926906585693e-02 1.897504478693008423e-01 5.921152234077453613e-01 2.765016257762908936e-02 3.089906647801399231e-02 1.373565383255481720e-02 2.830793708562850952e-02 3.075841255486011505e-02 3.973953425884246826e-03 2.167903259396553040e-02 2.833927609026432037e-02 9.929553605616092682e-03 1.859077252447605133e-02 3.177150711417198181e-02 2.487997524440288544e-02 6.288776546716690063e-02 8.471646904945373535e-02 1.282986835576593876e-03 1.064448244869709015e-02 2.362568303942680359e-02 1.234292425215244293e-02 7.556878030300140381e-03 4.138231649994850159e-02 3.363902494311332703e-02 9.066557511687278748e-03 2.952329814434051514e-02 4.937160760164260864e-02 2.153340959921479225e-03 4.940617084503173828e-02 1.385686174035072327e-02 5.612083524465560913e-02 1.451764255762100220e-02 3.652363270521163940e-02 2.270627301186323166e-03 2.490860037505626678e-02 1.918119750916957855e-02 1.581551879644393921e-01 1.983107924461364746e-01 2.662070654332637787e-02 2.572090178728103638e-02 2.575745992362499237e-02 2.464298531413078308e-02 1.378220412880182266e-02 1.227909047156572342e-02 9.685453027486801147e-03 2.292684279382228851e-02 2.641759626567363739e-02 2.558868844062089920e-03 1.897013932466506958e-02 3.575063124299049377e-02 2.948398888111114502e-02 4.386159591376781464e-03 2.826075069606304169e-02 1.585713773965835571e-02 9.670573286712169647e-03 4.503985866904258728e-03 1.772689260542392731e-02 1.073270614142529666e-04 5.943810939788818359e-02 8.967541158199310303e-02 6.986286491155624390e-03 1.631432026624679565e-02 2.370658144354820251e-02 3.292548656463623047e-02 5.689061246812343597e-03 1.967087946832180023e-02 2.170273661613464355e-02 2.736309915781021118e-02 3.315339982509613037e-02 2.767594531178474426e-02 6.697341799736022949e-02 8.413224481046199799e-03 1.097718775272369385e-01 8.583066985011100769e-03 1.917172782123088837e-02 9.558972902595996857e-03 2.892910502851009369e-02 9.026951156556606293e-03 1.572070084512233734e-02 3.426354378461837769e-03 1.124596446752548218e-01 1.325654089450836182e-01 6.383963860571384430e-03 3.440833836793899536e-02 2.345515182241797447e-03 1.208283007144927979e-03 1.672146469354629517e-02 6.452072411775588989e-04 2.876579761505126953e-02 3.643181920051574707e-02 3.483428433537483215e-02 2.163976989686489105e-02 1.887692511081695557e-02 1.530169043689966202e-03 3.284950181841850281e-02 3.388793021440505981e-02 2.819064632058143616e-02 6.656699348241090775e-03 2.880671620368957520e-02 2.067529782652854919e-02 1.769524440169334412e-02 1.714170724153518677e-02 1.131727546453475952e-02 2.223117649555206299e-02 2.016084082424640656e-02 5.686814431101083755e-03 3.084593638777732849e-02 1.273564435541629791e-02 1.254264265298843384e-02 3.117269836366176605e-02 1.478461455553770065e-02 2.745215967297554016e-02 2.961212024092674255e-02 3.964290395379066467e-02
2.234689593315124512e-01 1.105144247412681580e-01 3.130103275179862976e-02 3.030800633132457733e-02 2.765016257762908936e-02 5.824682116508483887e-01 2.121136337518692017e-01 1.053037121891975403e-02 3.308203071355819702e-03 9.971544146537780762e-03 7.047431170940399170e-02 1.092788577079772949e-02 1.106096431612968445e-02 4.250593483448028564e-02 1.437532715499401093e-02 2.229578793048858643e-02 4.405384243000298738e-04 3.784137219190597534e-02 2.712691947817802429e-02 3.281762450933456421e-02 9.175792336463928223e-03 4.339206963777542114e-02 1.565617322921752930e-02 1.866230554878711700e-02 1.137715857475996017e-02 4.684342275140807033e-05 3.065735287964344025e-02 4.821772128343582153e-02 1.706467941403388977e-03 3.708516806364059448e-02 1.955083198845386505e-02 2.946048974990844727e-02 2.405647747218608856e-02 5.502208601683378220e-03 3.524999320507049561e-02 8.120095729827880859e-02 5.620719492435455322e-02 1.824665442109107971e-02 2.079592086374759674e-02 1.077268365770578384e-02 9.003945626318454742e-03 1.062889024615287781e-02 1.086197514086961746e-02 3.380218893289566040e-02 5.907903891056776047e-03 3.255962627008557320e-03 1.798799484968185425e-01 1.002258136868476868e-01 2.114909142255783081e-02 2.671203762292861938e-02 6.102165207266807556e-03 2.798106148838996887e-02 1.756654703058302402e-03 3.777474630624055862e-03 2.387752570211887360e-02 2.218654379248619080e-02 5.108451098203659058e-02 3.025641106069087982e-02 1.974194310605525970e-02 3.832201659679412842e-02 1.275135204195976257e-02 2.084917202591896057e-02 3.987507149577140808e-02 2.975655905902385712e-02 4.645641427487134933e-03 1.291862595826387405e-02 3.057560324668884277e-02 2.257808670401573181e-02 1.218874473124742508e-02 3.007823601365089417e-02 1.396443322300910950e-02 2.448718808591365814e-02 3.568801656365394592e-02 2.131913229823112488e-02 3.568280860781669617e-02 2.126575633883476257e-02 3.743466688320040703e-03 1.141655631363391876e-02 2.220140956342220306e-02 2.025945112109184265e-02 4.822615999728441238e-03 2.644223347306251526e-02 4.030262306332588196e-02 4.753617104142904282e-03 3.800535947084426880e-02 9.283400140702724457e-03 3.818422183394432068e-02 4.041810333728790283e-02 1.214983523823320866e-03 4.470625426620244980e-03 1.173639856278896332e-02 4.821959882974624634e-02 2.680286765098571777e-02 9.533685632050037384e-03 1.988254860043525696e-02 1.853177323937416077e-02 2.935759909451007843e-02 2.825584448873996735e-02 3.251062333583831787e-02 2.656805701553821564e-02 3.623217344284057617e-02 4.077630117535591125e-02 2.505150064826011658e-02 8.400378283113241196e-04 1.891900785267353058e-02 1.302166003733873367e-02 2.121333591639995575e-02 4.624716937541961670e-02 5.855117365717887878e-02 2.829775772988796234e-02 2.092486806213855743e-02 4.790741018950939178e-03 2.314624190330505371e-02 1.892735064029693604e-02 2.099821344017982483e-02 4.812393803149461746e-03
1.559210568666458130e-01 1.507321149110794067e-01 6.374735385179519653e-03 3.650172054767608643e-02 3.089906647801399231e-02 2.121136337518692017e-01 5.926862359046936035e-01 2.434814907610416412e-02 2.777624689042568207e-02 2.170530706644058228e-02 8.092255890369415283e-02 4.298393148928880692e-03 6.196599453687667847e-02 7.102619856595993042e-02 2.093177288770675659e-02 3.727813810110092163e-02 3.024741541594266891e-03 8.925998583436012268e-03 2.783148316666483879e-03 2.417489513754844666e-02 6.090531591325998306e-03 5.978009197860956192e-03 4.688338935375213623e-02 3.856417909264564514e-02 1.133948192000389099e-02 1.913546584546566010e-02 2.866528695449233055e-03 4.003055021166801453e-02 4.275824129581451416e-02 4.280380532145500183e-02 4.353522509336471558e-02 3.596606478095054626e-02 1.396975386887788773e-02 3.835759311914443970e-02 1.168095506727695465e-03 6.222617253661155701e-02 2.405620738863945007e-02 1.836031302809715271e-02 1.766417175531387329e-02 2.918394468724727631e-02 3.084786236286163330e-02 2.936830744147300720e-02 3.099843673408031464e-02 3.050630912184715271e-02 1.507473923265933990e-02 3.107790090143680573e-02 1.646641194820404053e-01 1.743525862693786621e-01 2.019642479717731476e-02 3.092020750045776367e-02 3.398528695106506348e-02 3.849548846483230591e-02 2.286918461322784424e-02 2.177676372230052948e-02 1.106493547558784485e-02 1.126979757100343704e-02 4.604342952370643616e-02 1.288055628538131714e-02 4.171768948435783386e-02 3.024282678961753845e-02 3.363271802663803101e-02 1.180631760507822037e-02 1.790191791951656342e-02 6.878303829580545425e-04 5.164534226059913635e-02 2.637922950088977814e-02 1.950548402965068817e-02 2.026648633182048798e-02 4.084424674510955811e-02 5.987747572362422943e-04 3.234642744064331055e-02 2.456739544868469238e-02 2.422474883496761322e-02 1.342658232897520065e-02 3.666017949581146240e-02 3.113105706870555878e-02 3.063659556210041046e-02 1.888746209442615509e-02 4.965043161064386368e-03 4.773221909999847412e-02 2.643228322267532349e-02 2.738000266253948212e-02 5.507386289536952972e-03 2.419864200055599213e-02 2.895701117813587189e-02 1.262658555060625076e-02 1.936331391334533691e-02 5.185721907764673233e-03 1.571453362703323364e-02 5.094150453805923462e-02 3.325761482119560242e-02 3.153610276058316231e-03 6.948211044073104858e-02 2.207708917558193207e-02 1.445821952074766159e-02 1.848393492400646210e-02 2.622503787279129028e-02 2.330146729946136475e-02 1.610478386282920837e-02 2.640658058226108551e-02 4.424258135259151459e-03 9.325388818979263306e-04 1.958837918937206268e-02 1.347340177744626999e-03 3.349028900265693665e-02 1.196861360222101212e-02 2.568540908396244049e-02 2.868059836328029633e-02 1.637062616646289825e-02 2.710913494229316711e-02 8.579256944358348846e-03 2.294929465278983116e-03 3.425291553139686584e-02 2.330475114285945892e-02 2.528635412454605103e-02 2.095631510019302368e-02
3.291711583733558655e-02 1.835374906659126282e-02 8.266672492027282715e-02 4.821109119802713394e-03 1.373565383255481720e-02 1.053037121891975403e-02 2.434814907610416412e-02 5.890819430351257324e-01 3.864837810397148132e-02 3.756966069340705872e-02 1.024180743843317032e-02 2.502030879259109497e-02 3.478647704469040036e-05 7.857591845095157623e-04 7.223813235759735107e-02 3.406265005469322205e-02 4.016057774424552917e-02 1.633704081177711487e-02 2.670608926564455032e-03 3.143761307001113892e-02 1.278216857463121414e-02 4.072975739836692810e-02 2.514486946165561676e-02 3.010749630630016327e-02 2.570832520723342896e-02 2.959207445383071899e-02 2.140026167035102844e-02 9.747973643243312836e-03 1.032715477049350739e-02 5.420200526714324951e-03 3.685044357553124428e-03 5.256908480077981949e-03 1.935942284762859344e-02 2.082610130310058594e-02 2.812281809747219086e-02 1.522548403590917587e-02 2.493321336805820465e-02 1.312253344804048538e-02 6.781375035643577576e-03 8.624019101262092590e-03 5.870041903108358383e-03 3.508697822690010071e-02 4.867731779813766479e-02 5.321040749549865723e-02 1.000121119432151318e-03 1.011608913540840149e-02 4.379361495375633240e-02 3.049145452678203583e-02 1.021685171872377396e-02 1.078461855649948120e-02 3.354567289352416992e-02 4.875296354293823242e-02 2.447986043989658356e-02 6.634401157498359680e-03 2.047521807253360748e-02 1.479788962751626968e-02 1.099091768264770508e-02 1.085179857909679413e-02 2.433912269771099091e-02 5.390243604779243469e-03 7.597509305924177170e-03 1.672690175473690033e-02 1.345247216522693634e-02 4.309805110096931458e-02 1.339314877986907959e-02 8.964411914348602295e-03 2.130028046667575836e-02 1.631596498191356659e-02 3.495162352919578552e-02 2.824743092060089111e-02 3.290776163339614868e-02 1.717795804142951965e-02 1.180088985711336136e-02 1.411230303347110748e-02 1.211631484329700470e-02 3.856186941266059875e-02 4.578071832656860352e-02 3.402996435761451721e-02 2.605392225086688995e-02 1.241259649395942688e-02 8.614312112331390381e-02 6.544095277786254883e-02 1.818452216684818268e-02 3.176889847964048386e-03 2.993427217006683350e-02 1.972834207117557526e-02 6.634454429149627686e-02 5.912235379219055176e-02 1.410712208598852158e-02 1.799494028091430664e-02 1.591576263308525085e-02 3.098878636956214905e-02 4.884036257863044739e-03 4.353066161274909973e-02 2.708468399941921234e-02 4.119928181171417236e-02 1.557449158281087875e-02 3.100011870265007019e-02 3.599980846047401428e-02 3.916365653276443481e-02 1.957337744534015656e-02 6.041762884706258774e-03 2.564310282468795776e-02 4.560816660523414612e-02 1.227570697665214539e-02 6.959636695683002472e-03 3.803359286393970251e-04 1.201678719371557236e-02 4.925760440528392792e-03 1.094690058380365372e-02 4.708879627287387848e-03 2.769475430250167847e-02 4.563633352518081665e-02 4.366563633084297180e-02 1.048735249787569046e-02 9.168474003672599792e-03
3.635137155652046204e-02 3.372863307595252991e-02 1.245144195854663849e-02 4.230124503374099731e-02 2.830793708562850952e-02 3.308203071355819702e-03 2.777624689042568207e-02 3.864837810397148132e-02 5.973991751670837402e-01 7.301954180002212524e-02 2.314795926213264465e-02 4.916445910930633545e-02 7.125230040401220322e-03 1.657153852283954620e-02 1.070270314812660217e-02 4.919526167213916779e-03 2.095140982419252396e-03 1.439269632101058960e-02 4.634224460460245609e-04 2.537763677537441254e-02 1.351097598671913147e-02 3.048937208950519562e-02 3.431297838687896729e-02 3.550352156162261963e-02 2.021487988531589508e-02 1.581380702555179596e-02 3.073536418378353119e-02 6.646558176726102829e-04 3.243162482976913452e-02 1.319844648241996765e-02 3.847380355000495911e-02 2.730836719274520874e-02 8.093426004052162170e-03 4.638968035578727722e-02 3.685178933665156364e-03 9.491641074419021606e-03 1.213963143527507782e-02 2.326509170234203339e-02 3.607588633894920349e-02 3.027408756315708160e-02 1.821598224341869354e-02 7.600279152393341064e-02 3.989295661449432373e-02 2.021039836108684540e-02 3.260738775134086609e-02 2.911914698779582977e-02 2.513606846332550049e-02 2.023072168231010437e-02 1.214483100920915604e-02 8.461248362436890602e-04 6.480496376752853394e-02 4.765286669135093689e-02 5.873382091522216797e-03 2.230503968894481659e-02 1.239539030939340591e-02 9.848559275269508362e-03 3.386045992374420166e-02 3.021615371108055115e-02 8.830804377794265747e-03 8.179598487913608551e-03 3.039127215743064880e-02 2.681270614266395569e-02 1.710511557757854462e-02 2.075171656906604767e-02 5.721417255699634552e-03 4.262634553015232086e-03 1.843222044408321381e-02 5.231948569416999817e-02 5.298184975981712341e-02 4.318078607320785522e-02 6.368821859359741211e-02 4.438554123044013977e-02 2.960012666881084442e-02 1.712314784526824951e-02 2.919383905827999115e-02 4.025270417332649231e-02 1.006808802485466003e-01 9.259537607431411743e-02 4.658614471554756165e-02 2.816881611943244934e-02 3.132730722427368164e-02 3.313627466559410095e-02 3.621483920142054558e-03 1.398467924445867538e-02 2.005320414900779724e-02 1.336443237960338593e-02 2.337956801056861877e-02 2.377807162702083588e-02 2.978962613269686699e-03 3.257469274103641510e-03 2.157293818891048431e-02 1.305561233311891556e-02 3.818999230861663818e-02 2.757677435874938965e-02 1.675900071859359741e-02 8.812235668301582336e-03 1.306592766195535660e-02 3.655270265880972147e-04 7.209703326225280762e-02 6.107572838664054871e-02 2.240928262472152710e-02 1.850508339703083038e-02 1.337063964456319809e-02 2.155291102826595306e-02 1.225033076480031013e-03 2.094003185629844666e-02 4.233920574188232422e-02 1.575303822755813599e-02 1.400846405886113644e-03 2.555982582271099091e-02 1.220367290079593658e-02 1.181626226752996445e-02 4.281916096806526184e-02 1.975775137543678284e-02 1.948672346770763397e-02 1.682418584823608398e-02
1.753121800720691681e-02 3.616143018007278442e-02 2.832969836890697479e-02 4.360284283757209778e-02 3.075841255486011505e-02 9.971544146537780762e-03 2.170530706644058228e-02 3.756966069340705872e-02 7.301954180002212524e-02 5.915347337722778320e-01 3.870259970426559448e-02 4.791494086384773254e-02 2.323877252638339996e-02 4.545127600431442261e-02 2.413891255855560303e-02 3.810861846432089806e-03 2.250508032739162445e-02 5.521690007299184799e-03 4.322446882724761963e-02 1.513066701591014862e-02 2.366376668214797974e-02 2.265231311321258545e-02 2.072195522487163544e-02 2.887819707393646240e-02 3.035946935415267944e-02 9.067128412425518036e-03 1.874792948365211487e-02 3.973056562244892120e-03 4.149186611175537109e-02 2.803947031497955322e-02 2.649324759840965271e-02 2.484457194805145264e-02 6.420421414077281952e-03 3.975365310907363892e-02 3.046588273718953133e-03 6.804175674915313721e-03 4.458146169781684875e-03 3.073724173009395599e-02 2.911192364990711212e-02 4.150114953517913818e-02 2.621686831116676331e-02 5.040246248245239258e-02 3.031560964882373810e-02 8.550650440156459808e-03 3.534247726202011108e-02 3.490199893712997437e-02 3.348638769239187241e-03 1.785407029092311859e-02 1.918120868504047394e-02 5.307391285896301270e-02 2.552258037030696869e-02 1.696101576089859009e-02 1.668987236917018890e-02 2.673830464482307434e-02 1.962008327245712280e-02 3.968020901083946228e-02 2.598630450665950775e-02 2.619769424200057983e-02 5.248546134680509567e-03 7.353401277214288712e-03 2.723965235054492950e-02 2.766413800418376923e-02 2.624982409179210663e-02 2.319721877574920654e-02 1.082556135952472687e-02 6.241215858608484268e-03 1.730762608349323273e-02 3.881940990686416626e-02 2.311179600656032562e-02 3.566179051995277405e-02 3.979063034057617188e-02 2.312498725950717926e-02 4.026246070861816406e-02 2.310212515294551849e-02 4.631584137678146362e-02 3.482076153159141541e-02 5.589983239769935608e-02 7.638363540172576904e-02 4.259531572461128235e-02 7.482515275478363037e-02 2.203641645610332489e-02 3.430749103426933289e-02 6.671841721981763840e-03 3.806312382221221924e-02 5.833454057574272156e-02 1.511548459529876709e-02 1.841875724494457245e-02 3.091319650411605835e-02 1.854765415191650391e-02 4.273276031017303467e-02 2.307310141623020172e-02 1.642949879169464111e-02 1.302145700901746750e-02 1.798764616250991821e-02 1.305283606052398682e-02 4.730818793177604675e-03 2.490799129009246826e-02 2.488566376268863678e-02 2.825521118938922882e-02 2.570162527263164520e-02 1.940126344561576843e-02 4.352398961782455444e-02 2.467895112931728363e-02 3.130000457167625427e-02 1.626557670533657074e-02 1.145433727651834488e-02 4.721902310848236084e-02 2.058084681630134583e-02 1.155895413830876350e-03 1.191292982548475266e-02 5.075891967862844467e-03 2.295065484941005707e-02 1.330809760838747025e-02 4.655526485294103622e-03 2.612540498375892639e-02 6.443954538553953171e-03
1.598880589008331299e-01 9.958652406930923462e-02 2.247542329132556915e-02 6.887435447424650192e-03 3.973953425884246826e-03 7.047431170940399170e-02 8.092255890369415283e-02 1.024180743843317032e-02 2.314795926213264465e-02 3.870259970426559448e-02 5.816360712051391602e-01 8.263253606855869293e-03 1.079367101192474365e-01 3.820413351058959961e-02 4.160770773887634277e-02 1.029429212212562561e-02 1.455990597605705261e-02 2.103956229984760284e-02 1.203938852995634079e-02 2.491046674549579620e-03 9.279308142140507698e-04 2.885672077536582947e-02 6.822946947067975998e-03 3.669142723083496094e-03 2.347659878432750702e-02 2.563544549047946930e-02 7.541186176240444183e-03 3.779070079326629639e-02 5.094168009236454964e-04 4.247383680194616318e-03 1.339694205671548843e-02 3.461354598402976990e-02 3.598533570766448975e-02 3.971030190587043762e-02 3.445152193307876587e-02 4.214149340987205505e-02 2.977051399648189545e-02 9.166255476884543896e-04 4.019980877637863159e-02 4.376805946230888367e-02 2.314144372940063477e-02 3.340592980384826660e-02 2.013015374541282654e-02 8.597724139690399170e-03 3.301388025283813477e-02 4.773397743701934814e-02 6.917169690132141113e-02 4.929978772997856140e-02 1.428687386214733124e-02 2.495454810559749603e-02 1.103649847209453583e-02 6.936167366802692413e-03 4.750753752887248993e-03 5.082210409455001354e-04 1.074255257844924927e-02 1.042221859097480774e-02 2.464325912296772003e-02 6.880060536786913872e-04 5.651572253555059433e-03 1.223622635006904602e-02 1.956031098961830139e-02 1.049356628209352493e-02 1.784751005470752716e-02 9.695097804069519043e-03 2.898268960416316986e-02 3.263482078909873962e-02 1.928488351404666901e-02 2.593678608536720276e-02 2.569500356912612915e-03 7.596060167998075485e-03 1.727222837507724762e-02 1.555369817651808262e-03 5.904529709368944168e-03 1.333806663751602173e-02 5.745631176978349686e-03 3.673958405852317810e-02 2.668385207653045654e-02 3.360203281044960022e-02 3.247020766139030457e-02 1.723396405577659607e-02 8.704087696969509125e-03 1.557143125683069229e-02 3.596651658881455660e-04 1.061605475842952728e-02 4.612858872860670090e-03 7.823412306606769562e-03 3.653459623456001282e-02 3.983772546052932739e-02 2.516229450702667236e-02 3.648228943347930908e-02 2.617318183183670044e-02 5.417425557971000671e-02 3.155453130602836609e-02 2.662525139749050140e-02 2.358610928058624268e-02 2.759687602519989014e-02 1.818091608583927155e-02 8.140164427459239960e-03 1.437145005911588669e-02 5.681013688445091248e-03 3.224650397896766663e-02 4.311539605259895325e-02 2.998521551489830017e-02 1.521960552781820297e-02 4.482711106538772583e-02 4.708119481801986694e-02 3.272958472371101379e-02 6.848176009953022003e-03 3.247033059597015381e-02 4.958136007189750671e-03 2.562884241342544556e-02 3.589558973908424377e-02 3.354160115122795105e-02 4.901565983891487122e-02 1.340211555361747742e-02 3.817179799079895020e-02
3.500564768910408020e-02 2.028415910899639130e-02 2.391493413597345352e-03 1.787929981946945190e-02 2.167903259396553040e-02 1.092788577079772949e-02 4.298393148928880692e-03 2.502030879259109497e-02 4.916445910930633545e-02 4.791494086384773254e-02 8.263253606855869293e-03 5.934574604034423828e-01 1.225639367476105690e-03 1.503259539604187012e-01 4.803658276796340942e-02 1.527331955730915070e-02 1.521492563188076019e-02 4.667062312364578247e-02 1.212524250149726868e-02 8.842242881655693054e-03 1.340696867555379868e-02 3.024055622518062592e-02 3.739035129547119141e-02 3.151550143957138062e-02 3.794688731431961060e-02 5.571846384555101395e-03 1.977200247347354889e-02 1.133660599589347839e-01 4.562422633171081543e-02 8.388144522905349731e-02 2.758350595831871033e-02 1.373100373893976212e-02 1.495826523751020432e-02 3.512736782431602478e-02 5.705353338271379471e-03 5.637866910547018051e-03 2.661226317286491394e-03 1.029429305344820023e-02 1.066885236650705338e-02 3.174155205488204956e-02 2.025733143091201782e-02 4.206189513206481934e-02 8.434897288680076599e-03 3.573409095406532288e-02 9.397832304239273071e-02 7.272637635469436646e-02 1.161818765103816986e-02 1.932814717292785645e-02 2.678236924111843109e-03 1.734723895788192749e-02 4.689919203519821167e-02 5.722494423389434814e-02 1.344545558094978333e-02 7.212383206933736801e-03 2.352477610111236572e-02 1.192198507487773895e-02 5.156376957893371582e-02 5.212423577904701233e-02 3.037048876285552979e-02 4.727152176201343536e-03 1.009772531688213348e-03 9.320240467786788940e-03 1.568777114152908325e-02 3.370035812258720398e-02 7.993083447217941284e-03 1.438301336020231247e-02 2.199731953442096710e-02 2.810169197618961334e-02 7.194085977971553802e-03 3.643944486975669861e-02 9.920950047671794891e-03 2.603735402226448059e-02 9.287770837545394897e-03 1.103749684989452362e-02 1.776666194200515747e-02 1.746348850429058075e-02 3.295762091875076294e-02 3.554718941450119019e-02 7.205787301063537598e-02 7.992268353700637817e-02 3.350118920207023621e-02 3.077198192477226257e-02 2.395451813936233521e-02 3.296083305031061172e-03 2.696465328335762024e-02 9.764171205461025238e-03 3.858894482254981995e-02 4.555232450366020203e-02 5.503802374005317688e-02 1.006918177008628845e-01 1.737195439636707306e-02 1.432406157255172729e-02 5.646903300657868385e-04 2.871857210993766785e-02 9.436134248971939087e-03 4.120259732007980347e-02 4.333853349089622498e-02 2.402640879154205322e-02 1.790002919733524323e-02 1.886401139199733734e-02 1.432123035192489624e-02 1.397400628775358200e-02 3.476263582706451416e-02 3.151474520564079285e-02 1.459340378642082214e-02 1.939668552950024605e-03 3.800485655665397644e-02 1.172445062547922134e-02 4.687990248203277588e-02 1.003118418157100677e-02 2.483136393129825592e-02 3.037682734429836273e-02 2.536934986710548401e-02 1.068738568574190140e-02 3.516582027077674866e-02 2.454999461770057678e-02
9.629413485527038574e-02 1.011624038219451904e-01 8.096273057162761688e-03 3.276615589857101440e-02 2.833927609026432037e-02 1.106096431612968445e-02 6.196599453687667847e-02 3.478647704469040036e-05 7.125230040401220322e-03 2.323877252638339996e-02 1.079367101192474365e-01 1.225639367476105690e-03 5.886191129684448242e-01 4.289314895868301392e-02 3.483103588223457336e-02 1.009530853480100632e-02 2.717886818572878838e-03 1.581302471458911896e-02 1.077467482537031174e-02 1.638435386121273041e-02 4.692697431892156601e-03 2.730756253004074097e-02 1.178285852074623108e-02 1.376108452677726746e-02 4.705186933279037476e-02 1.263517141342163086e-02 9.282859973609447479e-03 5.021114647388458252e-02 1.642685942351818085e-02 1.560497563332319260e-02 4.298410564661026001e-02 4.688978940248489380e-02 3.566243872046470642e-02 4.406435415148735046e-02 1.639838702976703644e-02 3.655387461185455322e-02 1.448800228536128998e-02 8.267404511570930481e-03 1.329748891294002533e-02 1.319675240665674210e-02 2.257934212684631348e-02 8.180382661521434784e-03 9.743307717144489288e-03 9.859241545200347900e-03 5.198482051491737366e-02 5.332791805267333984e-02 3.104113414883613586e-02 5.336086079478263855e-02 4.703530669212341309e-02 2.692668326199054718e-02 8.016854524612426758e-03 1.670961827039718628e-02 1.560889463871717453e-02 1.386591419577598572e-02 4.295170679688453674e-02 1.256357878446578979e-02 1.532537117600440979e-02 2.919894829392433167e-02 1.350657269358634949e-02 1.991904899477958679e-02 7.490202551707625389e-04 6.413173861801624298e-03 4.618055187165737152e-03 8.503675344400107861e-04 3.407592698931694031e-02 4.491050168871879578e-02 1.307312678545713425e-02 2.397264819592237473e-03 3.390461439266800880e-03 9.001467376947402954e-03 9.145721793174743652e-03 1.244390965439379215e-03 4.687954112887382507e-02 2.166393585503101349e-02 4.427435621619224548e-02 3.390486165881156921e-02 1.183025352656841278e-02 2.676235698163509369e-02 5.282818526029586792e-02 3.817789256572723389e-02 3.450812364462763071e-04 1.228566095232963562e-02 3.269979357719421387e-02 2.650632523000240326e-02 3.288254141807556152e-02 1.091687288135290146e-02 1.886014640331268311e-02 2.726329304277896881e-02 3.972322493791580200e-02 3.993150591850280762e-02 2.522870525717735291e-02 4.671963304281234741e-02 4.809596017003059387e-02 1.974295265972614288e-02 2.237354870885610580e-03 5.172359757125377655e-03 4.104625899344682693e-03 3.276052651926875114e-03 3.376385662704706192e-03 3.801228245720267296e-03 4.295130074024200439e-02 3.465811535716056824e-02 2.049495466053485870e-02 1.203241199254989624e-02 2.808904275298118591e-02 2.566706761717796326e-02 2.676190249621868134e-02 9.748585522174835205e-03 5.056309327483177185e-02 1.244226470589637756e-02 1.862641610205173492e-02 2.451776899397373199e-02 3.051934065297245979e-03 2.061624079942703247e-02 1.374649908393621445e-02 2.131777442991733551e-02
