5.046489238739013672e-01 1.395605653524398804e-01 4.584143310785293579e-02 2.094529755413532257e-02 1.397783216089010239e-02 1.311425119638442993e-01 9.184010326862335205e-02 7.489309180527925491e-03 3.528572246432304382e-02 3.881330043077468872e-02 1.191756352782249451e-01 4.344319179654121399e-02 7.520620524883270264e-02 2.996491640806198120e-02 4.366770386695861816e-02 2.562756463885307312e-02 2.665867842733860016e-02 3.553386777639389038e-02 3.939610719680786133e-02 3.712203353643417358e-02 2.914813533425331116e-02 2.876429073512554169e-02 4.059720411896705627e-02 2.182339690625667572e-02 4.489259049296379089e-02 2.220281586050987244e-02 4.325865581631660461e-02 4.574252292513847351e-02 2.676954306662082672e-02 1.663216948509216309e-02 4.003832489252090454e-02 1.362134236842393875e-03 1.617101579904556274e-02 2.535207895562052727e-03 2.397435717284679413e-02 3.396962769329547882e-03 2.712356857955455780e-02 4.527489468455314636e-02 6.749697029590606689e-02 4.800810944288969040e-03 1.938757486641407013e-02 3.574531059712171555e-03 1.801550202071666718e-02 3.684518113732337952e-02 4.931340808980166912e-04 1.114912703633308411e-02 7.380726188421249390e-02 6.183798424899578094e-03 4.656333848834037781e-02 3.707421710714697838e-03 5.551400128751993179e-03 1.924210228025913239e-02 3.751080855727195740e-02 3.345761820673942566e-02 4.351199418306350708e-02 4.679445177316665649e-02 6.058000959455966949e-03 5.367755889892578125e-02 1.748929172754287720e-02 5.409076809883117676e-02 4.233491048216819763e-02 4.450824484229087830e-02 3.724515438079833984e-03 4.730321094393730164e-02 3.105369582772254944e-02 1.281108055263757706e-02 2.750704810023307800e-02 4.297960549592971802e-02 4.109690710902214050e-02 1.232134178280830383e-03 3.945152834057807922e-02 2.735791495069861412e-03 3.193562850356101990e-02 1.351523865014314651e-02 5.203321203589439392e-02 1.162780169397592545e-02 1.769921928644180298e-02 3.733381628990173340e-02 4.898930713534355164e-02 2.155725145712494850e-03 8.124797604978084564e-03 4.917521961033344269e-03 2.878314442932605743e-02 1.950192637741565704e-02 1.047473400831222534e-02 4.167892411351203918e-02 2.128468081355094910e-02 5.323804542422294617e-02 3.389063477516174316e-02 5.003185197710990906e-02 1.612185873091220856e-02 4.028566554188728333e-02 8.958646096289157867e-03 3.087166883051395416e-02 1.332250982522964478e-02 2.408500993624329567e-03 2.297120541334152222e-02 2.746983803808689117e-02 1.944562792778015137e-02 2.913782745599746704e-02 5.182627215981483459e-02 8.906099013984203339e-03 1.197924371808767319e-03 1.431952137500047684e-02 4.290488734841346741e-02 5.768978595733642578e-02 3.293317568022757769e-04 2.818288095295429230e-02 3.896835818886756897e-02 2.604269981384277344e-02 2.395320683717727661e-02 1.863159239292144775e-02 3.283314779400825500e-02 4.918523505330085754e-02 4.137495905160903931e-02 2.455790713429450989e-02
1.395605653524398804e-01 5.077578425407409668e-01 2.955670095980167389e-02 5.479485914111137390e-02 1.380666531622409821e-02 1.190187633037567139e-01 1.210952475666999817e-01 3.708099201321601868e-02 5.130392964929342270e-03 2.532398700714111328e-02 9.527177363634109497e-02 1.859363168478012085e-02 1.393208503723144531e-01 3.751840442419052124e-02 3.780402243137359619e-02 2.485966309905052185e-02 4.512406140565872192e-02 3.111410140991210938e-02 3.754648379981517792e-03 1.604158245027065277e-02 2.847579680383205414e-02 4.074867442250251770e-02 3.903884068131446838e-02 3.575975308194756508e-03 3.426658734679222107e-02 2.384391240775585175e-02 1.111586578190326691e-02 2.713071368634700775e-02 3.279750421643257141e-02 1.009934023022651672e-02 2.444283664226531982e-02 2.547357417643070221e-02 1.711391657590866089e-02 5.603466648608446121e-03 5.634694825857877731e-03 1.757570356130599976e-02 3.642250597476959229e-02 3.214986622333526611e-02 5.970670655369758606e-02 3.892521187663078308e-02 4.494764655828475952e-02 2.091321907937526703e-02 4.675254598259925842e-02 9.723121766000986099e-04 5.410877615213394165e-02 8.865185081958770752e-03 7.582882791757583618e-02 5.110042542219161987e-02 8.129336871206760406e-03 1.617759838700294495e-02 5.326304212212562561e-02 2.558373473584651947e-02 4.243870824575424194e-02 3.055102378129959106e-02 3.274845331907272339e-02 2.066421322524547577e-02 3.350075334310531616e-02 1.840082183480262756e-02 1.158065162599086761e-02 2.420627884566783905e-02 1.337102707475423813e-02 8.352336473762989044e-03 3.714435547590255737e-02 2.947885170578956604e-02 2.512455394025892019e-04 4.523511603474617004e-02 2.895068563520908356e-02 3.341092541813850403e-02 6.911024102009832859e-04 1.266393251717090607e-02 1.095556654036045074e-02 1.359746325761079788e-02 5.463070701807737350e-03 3.551138564944267273e-02 3.149841912090778351e-03 2.195326425135135651e-02 3.115949407219886780e-02 1.696214452385902405e-02 2.327535185031592846e-04 6.053630728274583817e-03 4.221290349960327148e-02 1.827579364180564880e-02 1.384238060563802719e-02 3.135986253619194031e-02 6.482335925102233887e-02 1.548973750323057175e-02 2.270073257386684418e-02 1.824036240577697754e-02 3.239279985427856445e-02 1.456368900835514069e-02 1.391708571463823318e-02 2.897192537784576416e-02 1.019636634737253189e-02 4.729856550693511963e-02 5.904391873627901077e-04 3.210081160068511963e-02 4.108494147658348083e-02 3.703664615750312805e-02 5.369408428668975830e-02 3.703175857663154602e-02 8.861571550369262695e-03 9.573998861014842987e-03 7.009652908891439438e-03 2.999012172222137451e-02 1.812712638638913631e-03 4.451880231499671936e-03 2.757575176656246185e-02 3.148385509848594666e-02 5.995236709713935852e-02 1.132371369749307632e-02 2.613743953406810760e-02 2.105655521154403687e-02 2.295259945094585419e-02 2.614721842110157013e-02 9.490443393588066101e-03 3.264202550053596497e-02
4.584143310785293579e-02 2.955670095980167389e-02 4.806256592273712158e-01 3.653088212013244629e-02 2.583843842148780823e-02 2.510971762239933014e-02 1.642376929521560669e-02 1.187616214156150818e-01 1.140265539288520813e-02 4.276818782091140747e-02 1.563218235969543457e-02 2.427963353693485260e-02 6.905710906721651554e-04 3.719982877373695374e-02 8.837690576910972595e-03 3.835319727659225464e-02 7.814255543053150177e-03 7.706633768975734711e-03 2.198934182524681091e-02 2.733685821294784546e-02 4.640923440456390381e-02 6.063925568014383316e-03 2.346792491152882576e-03 2.442967146635055542e-02 1.942526735365390778e-02 3.144647553563117981e-02 5.476951971650123596e-02 2.958022058010101318e-02 3.137803450226783752e-02 3.037937683984637260e-03 5.580473225563764572e-03 3.105371072888374329e-02 1.439041364938020706e-02 4.700758308172225952e-02 3.280416503548622131e-02 7.995603606104850769e-03 4.692400339990854263e-03 1.578399538993835449e-02 7.886347919702529907e-02 1.002923920750617981e-01 3.445096686482429504e-02 2.996488660573959351e-02 1.680066250264644623e-02 1.848797500133514404e-02 3.435478731989860535e-02 3.359134495258331299e-02 2.984539140015840530e-03 1.306842546910047531e-02 2.046526223421096802e-02 2.462009713053703308e-02 2.497006580233573914e-02 8.023559115827083588e-03 2.838124521076679230e-02 2.831327915191650391e-02 2.849766239523887634e-02 1.235723868012428284e-02 2.344276197254657745e-02 2.352848090231418610e-02 2.343738451600074768e-02 2.835178002715110779e-02 2.561425603926181793e-02 4.717963561415672302e-02 1.662523113191127777e-02 4.263167735189199448e-03 2.056097984313964844e-02 3.484976664185523987e-02 2.608234807848930359e-02 5.584984552115201950e-03 3.493889421224594116e-02 4.051680862903594971e-02 4.410429298877716064e-02 5.394123028963804245e-03 2.863985486328601837e-02 2.363730408251285553e-02 1.927543780766427517e-03 2.169928327202796936e-02 1.337801478803157806e-02 2.412145258858799934e-03 7.005216553807258606e-03 3.099929774180054665e-03 1.380342692136764526e-01 3.623379021883010864e-02 1.590192504227161407e-02 1.891306415200233459e-02 6.345489062368869781e-03 2.974997833371162415e-02 6.698133051395416260e-02 5.483521893620491028e-02 1.182434614747762680e-02 3.095157817006111145e-02 9.422538802027702332e-03 2.562073431909084320e-02 2.456234768033027649e-02 4.006358236074447632e-02 8.245431818068027496e-03 1.808776892721652985e-02 6.661114841699600220e-02 4.968918859958648682e-02 3.134327381849288940e-02 6.494555156677961349e-03 4.303165152668952942e-02 3.526348387822508812e-03 4.580963402986526489e-02 4.000080004334449768e-02 2.070619724690914154e-02 2.943953685462474823e-02 6.015900522470474243e-02 1.022024732083082199e-02 1.600093767046928406e-02 8.268394507467746735e-03 5.964478477835655212e-03 3.370410948991775513e-02 2.513942867517471313e-02 4.170510172843933105e-02 5.484350398182868958e-02 4.614327102899551392e-02
2.094529755413532257e-02 5.479485914111137390e-02 3.653088212013244629e-02 5.187602639198303223e-01 7.783304154872894287e-02 5.520685389637947083e-02 4.219009727239608765e-02 9.545173496007919312e-03 4.713084548711776733e-02 7.826584391295909882e-03 9.363946504890918732e-03 1.264147832989692688e-02 4.293769598007202148e-02 8.116003125905990601e-03 1.884779892861843109e-02 1.828523725271224976e-02 9.809228591620922089e-03 2.667554654181003571e-02 4.882658645510673523e-02 3.702355548739433289e-02 5.270847305655479431e-02 2.905613742768764496e-02 6.599526107311248779e-02 4.375025629997253418e-02 1.010195817798376083e-02 1.567134819924831390e-02 9.152291342616081238e-03 1.708032004535198212e-02 1.988518796861171722e-02 1.180665288120508194e-02 3.084434196352958679e-02 1.428230572491884232e-02 2.123736962676048279e-02 8.173822425305843353e-03 2.394274063408374786e-02 5.491575226187705994e-02 3.631683066487312317e-02 4.932423308491706848e-02 5.783980246633291245e-03 1.465526875108480453e-03 3.822294063866138458e-03 4.470747336745262146e-02 5.246524699032306671e-03 3.283412754535675049e-02 1.512667071074247360e-02 1.614352874457836151e-02 3.597400337457656860e-02 1.402867119759321213e-02 1.436555571854114532e-02 4.756665974855422974e-02 2.833656780421733856e-02 4.463382437825202942e-02 2.490508183836936951e-02 1.325704809278249741e-02 4.098004102706909180e-02 2.327904850244522095e-02 6.669431179761886597e-02 4.496928013395518064e-04 8.766119368374347687e-03 8.291291072964668274e-03 3.510817512869834900e-02 5.199317820370197296e-03 6.997741013765335083e-02 3.392062336206436157e-02 4.585495218634605408e-02 3.147152066230773926e-02 2.900397032499313354e-02 1.864995993673801422e-02 5.708343163132667542e-02 2.583167701959609985e-02 4.957253113389015198e-02 8.468109183013439178e-03 7.714301347732543945e-02 3.455717489123344421e-02 5.414012446999549866e-02 8.224250748753547668e-03 4.165538772940635681e-02 3.890638053417205811e-02 3.815488144755363464e-02 2.874634787440299988e-02 1.432240940630435944e-02 2.407624386250972748e-02 3.637406975030899048e-02 2.266299538314342499e-02 8.019302040338516235e-03 3.829188644886016846e-02 1.503408513963222504e-02 6.027455627918243408e-02 4.108410328626632690e-02 1.817298680543899536e-02 2.923903055489063263e-02 2.718605659902095795e-02 9.599699638783931732e-03 2.546283602714538574e-02 6.423847284168004990e-03 1.527846883982419968e-02 5.225422605872154236e-02 4.240507259964942932e-02 2.004781365394592285e-02 3.483951464295387268e-02 2.031567320227622986e-02 1.350713241845369339e-02 6.923409644514322281e-03 5.009928718209266663e-02 1.829724200069904327e-02 6.732162728440016508e-05 5.484835430979728699e-02 2.337530069053173065e-02 1.123231649398803711e-02 5.808266624808311462e-02 4.711954854428768158e-03 7.236958947032690048e-03 3.061407245695590973e-02 6.691053975373506546e-03 8.082118816673755646e-03 3.338809683918952942e-02
1.397783216089010239e-02 1.380666531622409821e-02 2.583843842148780823e-02 7.783304154872894287e-02 5.048484802246093750e-01 2.498570829629898071e-02 1.347055379301309586e-02 4.602853674441576004e-03 4.067132622003555298e-02 3.780446201562881470e-02 3.802987514063715935e-03 1.649268233450129628e-04 1.614585146307945251e-02 1.074885670095682144e-02 1.403028797358274460e-02 3.189937770366668701e-02 1.464415434747934341e-02 4.260880500078201294e-02 4.143827036023139954e-02 3.831503912806510925e-02 1.547625754028558731e-02 4.735880345106124878e-02 3.349600732326507568e-02 1.826306805014610291e-02 3.933402895927429199e-02 4.038106277585029602e-02 3.795818611979484558e-02 2.242559753358364105e-02 1.066803093999624252e-02 3.639050573110580444e-02 3.042091615498065948e-02 2.458683401346206665e-02 2.685406431555747986e-02 4.665654525160789490e-02 8.537731133401393890e-03 5.024684593081474304e-03 3.709843009710311890e-02 4.849398508667945862e-02 6.667736452072858810e-03 3.253722563385963440e-02 1.288345083594322205e-02 4.567581042647361755e-02 2.520789764821529388e-02 4.176348447799682617e-03 1.399870030581951141e-02 3.082677535712718964e-02 5.140717700123786926e-02 2.138124080374836922e-03 4.146785475313663483e-03 2.569894120097160339e-02 5.175121128559112549e-02 6.281757354736328125e-02 5.341870710253715515e-02 1.917834579944610596e-02 1.744313631206750870e-03 5.542980879545211792e-02 3.721753135323524475e-02 1.317628566175699234e-02 3.227779269218444824e-02 1.992811821401119232e-02 2.328937873244285583e-02 5.055414978414773941e-03 4.642427433282136917e-03 4.896428808569908142e-02 4.894100129604339600e-02 3.267791122198104858e-02 3.087600506842136383e-02 4.103032988496124744e-04 2.037966437637805939e-02 3.426593169569969177e-02 6.129061803221702576e-03 2.662306465208530426e-02 8.515346795320510864e-02 1.353407092392444611e-02 8.508890867233276367e-02 6.782051641494035721e-04 5.252473987638950348e-03 9.061449207365512848e-03 1.155427470803260803e-02 6.193750537931919098e-03 1.088206470012664795e-02 4.314677789807319641e-02 4.941219463944435120e-02 1.515381503850221634e-02 1.994673535227775574e-02 3.125407174229621887e-02 2.692212723195552826e-02 4.553323239088058472e-02 6.084347143769264221e-02 1.131274271756410599e-02 3.609962761402130127e-02 2.807125821709632874e-02 2.609182335436344147e-02 3.543387725949287415e-02 1.597094698809087276e-03 7.941798307001590729e-03 4.390300437808036804e-02 2.499426901340484619e-02 2.674622833728790283e-02 2.349263615906238556e-02 7.663694210350513458e-03 3.142163529992103577e-02 2.171216718852519989e-02 1.526751741766929626e-02 3.145677223801612854e-02 1.033617556095123291e-02 1.854406110942363739e-02 1.425737142562866211e-02 8.853814564645290375e-03 2.640272490680217743e-02 4.421740304678678513e-03 9.326746687293052673e-03 1.979491673409938812e-02 1.105625648051500320e-02 1.759481988847255707e-02 2.116948738694190979e-02
1.311425119638442993e-01 1.190187633037567139e-01 2.510971762239933014e-02 5.520685389637947083e-02 2.498570829629898071e-02 5.081542134284973145e-01 1.549888700246810913e-01 7.314183283597230911e-03 5.502869933843612671e-02 7.603253703564405441e-03 8.718540519475936890e-02 6.283967941999435425e-02 7.865317910909652710e-02 2.190887182950973511e-02 2.172460779547691345e-02 3.084528818726539612e-02 3.742589056491851807e-02 1.246487628668546677e-02 5.987048894166946411e-02 4.063998162746429443e-02 4.877918213605880737e-02 2.169051021337509155e-02 5.881804972887039185e-03 2.830347232520580292e-02 8.621433749794960022e-03 1.674111187458038330e-02 4.500037431716918945e-02 4.455337673425674438e-02 4.026985540986061096e-02 4.897341504693031311e-02 3.901463374495506287e-02 3.907980769872665405e-02 3.781149536371231079e-02 3.567575290799140930e-02 3.549382090568542480e-02 3.726647421717643738e-02 1.212406251579523087e-02 4.845307394862174988e-02 5.781233683228492737e-02 1.115703023970127106e-02 3.649973496794700623e-02 1.746467314660549164e-02 2.154491282999515533e-02 1.809114404022693634e-02 2.648862637579441071e-02 5.418702960014343262e-02 1.323032528162002563e-01 3.517720475792884827e-02 7.350697647780179977e-03 8.559886366128921509e-03 9.295277297496795654e-03 1.385270990431308746e-02 1.339594926685094833e-02 1.845045574009418488e-02 2.169659547507762909e-02 2.244908921420574188e-02 3.978626057505607605e-02 4.331123456358909607e-02 2.223777584731578827e-02 4.596995562314987183e-02 1.058693509548902512e-02 5.163666978478431702e-02 2.103735692799091339e-02 3.153725992888212204e-03 3.439592197537422180e-02 2.557888627052307129e-02 2.340926788747310638e-02 3.227796638384461403e-03 1.577981933951377869e-02 2.479990012943744659e-02 2.562846057116985321e-03 8.622092194855213165e-03 1.777821406722068787e-02 1.425046194344758987e-02 1.272570528090000153e-02 4.549350589513778687e-02 4.899923503398895264e-02 6.900651846081018448e-03 2.701349370181560516e-02 3.798142820596694946e-02 3.360258042812347412e-02 1.924638450145721436e-02 3.248528763651847839e-02 3.245843201875686646e-02 3.505173604935407639e-03 7.216985337436199188e-03 2.308638207614421844e-02 4.216786846518516541e-02 5.396149307489395142e-02 2.454945445060729980e-02 6.522139068692922592e-03 3.849224373698234558e-02 5.153487622737884521e-02 4.067691788077354431e-02 3.033917397260665894e-03 2.684657089412212372e-02 1.901114732027053833e-02 2.009765617549419403e-02 3.992912173271179199e-02 4.933635517954826355e-02 3.243263438344001770e-02 3.393844515085220337e-02 4.755290597677230835e-02 1.332546398043632507e-02 3.831171616911888123e-02 1.835355907678604126e-02 3.080205759033560753e-03 3.568650409579277039e-02 1.579378545284271240e-02 6.378980726003646851e-02 1.387452613562345505e-02 1.413278933614492416e-02 1.530106645077466965e-02 2.175188064575195312e-02 4.214135929942131042e-02 4.058980196714401245e-02
9.184010326862335205e-02 1.210952475666999817e-01 1.642376929521560669e-02 4.219009727239608765e-02 1.347055379301309586e-02 1.549888700246810913e-01 5.035663247108459473e-01 2.223739773035049438e-02 4.751479253172874451e-03 1.500302553176879883e-02 7.457943260669708252e-02 4.055643454194068909e-02 9.550791233777999878e-02 7.688204944133758545e-02 1.101510412991046906e-02 3.000065684318542480e-02 4.232199117541313171e-02 2.097886800765991211e-02 2.665466256439685822e-02 2.918122336268424988e-03 1.819976978003978729e-02 3.720567747950553894e-02 1.077591907232999802e-02 1.007003709673881531e-02 2.816017344594001770e-02 1.869087480008602142e-02 5.793715827167034149e-03 3.970718942582607269e-03 3.352279588580131531e-02 1.590713858604431152e-02 4.051943123340606689e-02 1.983003225177526474e-03 2.813105704262852669e-03 1.192116364836692810e-02 3.350917249917984009e-02 4.014927521347999573e-02 1.598278619349002838e-02 3.584630042314529419e-02 3.448096662759780884e-02 4.007165879011154175e-02 3.185383975505828857e-02 2.840595133602619171e-02 2.608474530279636383e-02 5.291974637657403946e-03 3.223104029893875122e-02 1.513045281171798706e-03 1.308302730321884155e-01 7.676532119512557983e-02 3.316146321594715118e-03 4.838127642869949341e-02 3.189070150256156921e-02 3.226511180400848389e-02 6.343346554785966873e-03 1.046622544527053833e-02 4.731068387627601624e-02 1.882361830212175846e-03 3.166365623474121094e-02 3.370973840355873108e-02 4.232019186019897461e-02 1.236920338124036789e-02 1.596108451485633850e-02 1.536483038216829300e-02 3.488309308886528015e-02 3.522684099152684212e-03 3.743989393115043640e-02 3.520163521170616150e-02 3.904333338141441345e-02 3.738876804709434509e-02 3.891329094767570496e-02 4.039132595062255859e-02 2.598919905722141266e-02 1.912091486155986786e-02 1.503700483590364456e-02 3.130262345075607300e-02 4.507593065500259399e-02 5.232355743646621704e-02 2.097022719681262970e-02 7.158262887969613075e-04 2.995217591524124146e-02 9.010598994791507721e-03 2.536431886255741119e-02 2.389118820428848267e-02 8.619718253612518311e-03 1.313039194792509079e-02 1.616458036005496979e-02 4.819246940314769745e-03 3.515688702464103699e-02 1.407310459762811661e-02 4.227437078952789307e-02 4.344005882740020752e-02 3.259978070855140686e-02 2.574189752340316772e-02 1.401236094534397125e-02 4.915287718176841736e-02 7.719970308244228363e-03 3.562904894351959229e-02 1.025537308305501938e-02 3.958082944154739380e-02 1.439880020916461945e-02 2.237962745130062103e-02 4.104068502783775330e-03 4.097660258412361145e-02 3.619366884231567383e-02 3.184733912348747253e-02 4.471936263144016266e-03 1.049625501036643982e-02 1.483474858105182648e-02 3.816564008593559265e-02 9.316096082329750061e-03 3.249528259038925171e-02 2.975100837647914886e-02 4.162452742457389832e-02 2.712095901370048523e-02 3.815698251128196716e-02 9.864804334938526154e-03 1.209266390651464462e-02
7.489309180527925491e-03 3.708099201321601868e-02 1.187616214156150818e-01 9.545173496007919312e-03 4.602853674441576004e-03 7.314183283597230911e-03 2.223739773035049438e-02 4.950982332229614258e-01 1.905401423573493958e-02 3.379839658737182617e-02 4.116613790392875671e-02 3.024334646761417389e-02 6.951769348233938217e-03 8.971522562205791473e-03 1.003469526767730713e-01 3.514392673969268799e-02 3.178220987319946289e-02 2.863164059817790985e-02 4.227732121944427490e-02 2.661088295280933380e-02 1.169322431087493896e-02 5.692861229181289673e-02 1.286691986024379730e-02 7.568205241113901138e-03 1.255817897617816925e-02 3.884817659854888916e-02 4.819134622812271118e-02 3.971227258443832397e-02 6.554311607033014297e-03 4.581535607576370239e-02 4.402720555663108826e-02 3.032741695642471313e-02 5.395506042987108231e-03 1.989810541272163391e-02 3.098956495523452759e-02 2.049626223742961884e-02 2.554597891867160797e-02 1.687370613217353821e-02 1.670500263571739197e-02 1.875546760857105255e-02 3.546679764986038208e-02 1.732560247182846069e-02 3.404749929904937744e-02 2.908932045102119446e-02 4.007868934422731400e-03 3.932593390345573425e-02 3.095610812306404114e-02 2.167635783553123474e-02 3.765396308153867722e-03 2.906318381428718567e-02 3.006113693118095398e-02 2.110134810209274292e-02 4.686194285750389099e-02 3.199808299541473389e-02 3.515519946813583374e-02 3.114021942019462585e-02 2.217500936239957809e-03 1.412865240126848221e-02 3.731678798794746399e-02 3.669996932148933411e-02 2.523707970976829529e-02 2.342061698436737061e-02 1.716074906289577484e-02 1.375063881278038025e-02 1.186690758913755417e-02 1.681922562420368195e-02 2.163252793252468109e-03 6.268147379159927368e-03 5.020138341933488846e-03 3.032794035971164703e-02 2.602338418364524841e-02 4.432708024978637695e-02 2.283076569437980652e-02 1.890229061245918274e-02 1.109585398808121681e-03 1.029268256388604641e-03 1.159576512873172760e-02 2.719722874462604523e-02 2.719970187172293663e-03 3.492423146963119507e-02 1.614358574151992798e-01 8.601280301809310913e-02 8.367252536118030548e-03 1.780760474503040314e-02 1.528372243046760559e-02 1.998698525130748749e-02 1.399734467267990112e-01 2.752824500203132629e-02 2.465441264212131500e-02 2.891226857900619507e-02 1.572151668369770050e-02 2.462435699999332428e-02 1.070190034806728363e-02 3.103038063272833824e-03 3.490997478365898132e-02 3.438511863350868225e-02 2.650245092809200287e-03 4.366223141551017761e-02 1.027798466384410858e-02 2.399338595569133759e-02 1.457950100302696228e-02 4.008936882019042969e-02 4.116123169660568237e-02 1.950536109507083893e-02 5.576810799539089203e-04 4.417516291141510010e-02 3.027575090527534485e-02 2.602948993444442749e-02 3.505997732281684875e-02 1.396867353469133377e-02 4.075059667229652405e-02 1.796129532158374786e-02 3.239360451698303223e-02 1.521579688414931297e-03 3.972772136330604553e-02 5.064325407147407532e-02
3.528572246432304382e-02 5.130392964929342270e-03 1.140265539288520813e-02 4.713084548711776733e-02 4.067132622003555298e-02 5.502869933843612671e-02 4.751479253172874451e-03 1.905401423573493958e-02 5.015713572502136230e-01 4.585481062531471252e-02 8.418682962656021118e-03 4.517665132880210876e-02 3.006879426538944244e-02 1.386192627251148224e-02 5.190275609493255615e-02 2.330260910093784332e-02 2.888069488108158112e-02 1.080698817968368530e-01 3.098946297541260719e-03 1.150425244122743607e-02 1.553670689463615417e-02 3.073278069496154785e-02 4.158754274249076843e-02 4.381058737635612488e-02 2.295557782053947449e-02 4.424278438091278076e-02 1.130426488816738129e-02 4.310233052819967270e-03 3.957248851656913757e-02 1.700740866363048553e-02 1.905912905931472778e-02 2.753170393407344818e-02 5.007978528738021851e-02 3.705526515841484070e-02 2.808477915823459625e-02 1.664675958454608917e-02 3.617103397846221924e-02 3.254532068967819214e-02 2.373743057250976562e-02 8.297044550999999046e-04 2.185702882707118988e-02 2.773706987500190735e-02 1.211417838931083679e-02 3.604263812303543091e-02 9.648773074150085449e-02 8.866597712039947510e-02 4.373362660408020020e-02 4.575174674391746521e-02 1.895391941070556641e-02 4.725474864244461060e-02 4.507449641823768616e-02 4.969211667776107788e-02 3.857062011957168579e-02 4.577583819627761841e-02 3.646383062005043030e-02 2.267357334494590759e-02 2.903010696172714233e-02 3.672676533460617065e-02 4.208466783165931702e-02 7.159864529967308044e-03 1.394252944737672806e-02 3.154763206839561462e-02 7.804078049957752228e-03 1.473608426749706268e-02 2.324363403022289276e-02 3.871999308466911316e-02 1.976933889091014862e-02 3.726769611239433289e-02 4.409940913319587708e-03 5.006616469472646713e-03 2.928149770013988018e-04 6.119186058640480042e-03 2.721993066370487213e-02 1.090254448354244232e-02 4.816127568483352661e-02 5.011844635009765625e-02 9.428116679191589355e-02 4.259157460182905197e-03 2.920839190483093262e-02 4.011535272002220154e-02 2.485915273427963257e-02 2.394973562331870198e-04 4.746427014470100403e-02 2.153162471950054169e-02 6.512494292110204697e-03 1.583594828844070435e-03 3.231076151132583618e-02 1.697251107543706894e-03 4.988828673958778381e-02 2.412282861769199371e-02 5.573489516973495483e-02 5.380662903189659119e-02 5.301554128527641296e-02 3.067111596465110779e-02 4.568987712264060974e-02 1.313524437136948109e-03 1.371301990002393723e-02 4.766364023089408875e-02 1.142946165055036545e-02 3.034377843141555786e-02 4.661285877227783203e-02 1.591205946169793606e-03 5.264056473970413208e-02 1.901585981249809265e-02 2.448660135269165039e-02 1.357044186443090439e-02 5.451280623674392700e-02 3.015786036849021912e-02 2.039618630078621209e-05 1.375457388348877430e-03 4.727084934711456299e-02 4.434372484683990479e-02 4.059326648712158203e-02 4.219003766775131226e-02 7.134873420000076294e-03 3.018548525869846344e-02
3.881330043077468872e-02 2.532398700714111328e-02 4.276818782091140747e-02 7.826584391295909882e-03 3.780446201562881470e-02 7.603253703564405441e-03 1.500302553176879883e-02 3.379839658737182617e-02 4.585481062531471252e-02 5.055568814277648926e-01 2.891017496585845947e-02 6.916563492268323898e-03 4.319269582629203796e-02 4.375978186726570129e-02 2.752165496349334717e-02 1.125890295952558517e-02 2.482559531927108765e-02 2.607170119881629944e-02 7.835695892572402954e-02 4.645299632102251053e-03 2.104206755757331848e-02 6.621442269533872604e-03 8.125008898787200451e-04 4.195873066782951355e-02 4.305041953921318054e-02 2.454722113907337189e-02 2.537453733384609222e-02 2.506374567747116089e-02 2.911616303026676178e-02 4.424120113253593445e-02 2.556583657860755920e-02 3.286916017532348633e-02 5.157447233796119690e-02 2.583761513233184814e-02 4.400153458118438721e-02 3.401804342865943909e-02 5.180411413311958313e-02 2.494752407073974609e-02 3.258105367422103882e-02 1.909077540040016174e-02 3.877208754420280457e-02 1.771060749888420105e-03 4.063371196389198303e-02 2.042968198657035828e-02 1.072038561105728149e-01 2.464336529374122620e-02 1.613605394959449768e-02 3.012815862894058228e-02 3.487951587885618210e-03 7.103519141674041748e-02 1.586534455418586731e-02 4.627175256609916687e-02 6.061559077352285385e-03 1.136194914579391479e-02 3.342153877019882202e-02 1.071203649044036865e-01 2.803776226937770844e-02 2.603065967559814453e-02 4.139788076281547546e-02 3.505992935970425606e-03 7.361979689449071884e-03 9.128667414188385010e-03 3.391940845176577568e-04 2.591297961771488190e-02 1.393038965761661530e-02 3.580686077475547791e-02 1.293475856073200703e-03 1.338679343461990356e-02 3.375532105565071106e-02 2.830074541270732880e-02 2.312896074727177620e-03 3.725375980138778687e-02 2.387653663754463196e-02 2.750105410814285278e-02 2.585511282086372375e-02 4.347308725118637085e-02 5.412894487380981445e-02 1.203783378005027771e-01 4.851386696100234985e-02 1.209853962063789368e-01 1.829196140170097351e-02 1.357353944331407547e-02 1.607185113243758678e-03 9.629195928573608398e-02 3.919731825590133667e-02 4.420955479145050049e-02 4.225958138704299927e-02 4.561701044440269470e-02 5.196480453014373779e-02 6.654784828424453735e-02 3.696689847856760025e-03 3.328613005578517914e-03 3.782191127538681030e-02 4.010082781314849854e-02 2.902466617524623871e-02 2.312972582876682281e-02 1.262888591736555099e-02 1.828097552061080933e-02 3.465283289551734924e-02 3.123454749584197998e-02 5.457195639610290527e-02 4.654905200004577637e-02 2.296430990099906921e-02 1.474094763398170471e-02 1.184221636503934860e-02 4.663738608360290527e-02 6.776167545467615128e-03 4.327616468071937561e-02 3.828558325767517090e-02 6.015997380018234253e-03 4.308255016803741455e-02 4.917382076382637024e-02 3.124730847775936127e-02 3.289681300520896912e-02 2.837529405951499939e-03 4.136972129344940186e-02
1.191756352782249451e-01 9.527177363634109497e-02 1.563218235969543457e-02 9.363946504890918732e-03 3.802987514063715935e-03 8.718540519475936890e-02 7.457943260669708252e-02 4.116613790392875671e-02 8.418682962656021118e-03 2.891017496585845947e-02 5.018041729927062988e-01 4.681890830397605896e-02 1.024435982108116150e-01 4.383867979049682617e-02 4.099546745419502258e-02 4.419440776109695435e-02 4.518903419375419617e-02 2.819482050836086273e-02 2.937503531575202942e-02 3.875053022056818008e-03 1.007401198148727417e-02 2.674300223588943481e-02 1.215159427374601364e-02 1.741570048034191132e-02 1.626070961356163025e-02 1.949099241755902767e-03 7.623007986694574356e-03 2.786172740161418915e-02 4.187035560607910156e-02 3.958067297935485840e-02 2.756186760962009430e-02 1.356201339513063431e-02 1.886449754238128662e-02 3.523655980825424194e-02 3.475582599639892578e-02 2.653063461184501648e-02 1.118117477744817734e-02 3.075526840984821320e-02 4.029707983136177063e-02 2.924477308988571167e-02 1.359009277075529099e-02 1.062845066189765930e-02 3.066069819033145905e-02 2.641104906797409058e-02 3.296183794736862183e-02 2.765059284865856171e-02 1.148592233657836914e-01 3.031642409041523933e-03 3.810382261872291565e-02 6.728351581841707230e-03 1.051308959722518921e-02 6.875351071357727051e-03 2.855698578059673309e-02 5.009951442480087280e-02 2.193900989368557930e-03 3.453478962182998657e-02 6.310484837740659714e-03 1.375401671975851059e-02 4.619904607534408569e-02 4.422338306903839111e-02 5.265357717871665955e-02 1.937985885888338089e-03 2.361901663243770599e-02 3.333660215139389038e-02 4.075589776039123535e-02 2.256326563656330109e-02 1.009698212146759033e-02 2.488314360380172729e-02 1.765406574122607708e-03 2.364016696810722351e-02 8.016696199774742126e-03 1.150970533490180969e-02 2.564096264541149139e-02 5.000846832990646362e-02 3.155251592397689819e-02 3.491025418043136597e-02 7.050180342048406601e-03 4.368834197521209717e-02 6.282176356762647629e-03 4.735932126641273499e-02 1.990519650280475616e-02 7.173385936766862869e-03 2.059048600494861603e-02 1.277202507480978966e-03 1.073019113391637802e-02 4.583135247230529785e-02 3.203419223427772522e-02 5.609947722405195236e-03 3.455280885100364685e-02 3.335812687873840332e-02 3.282641246914863586e-02 7.947022095322608948e-03 6.000249460339546204e-02 2.910842560231685638e-02 4.022351931780576706e-03 1.392231322824954987e-02 4.560722410678863525e-02 3.956791758537292480e-02 3.969711437821388245e-02 2.546056406572461128e-03 1.757750846445560455e-02 2.495595440268516541e-02 8.337677456438541412e-03 3.726409375667572021e-02 3.989323973655700684e-02 4.653608053922653198e-02 1.881803199648857117e-02 9.447501972317695618e-03 5.709613673388957977e-03 1.996430009603500366e-02 2.311262302100658417e-02 4.938317090272903442e-02 3.337620364618487656e-05 2.260013483464717865e-03 6.089365575462579727e-03 1.412604190409183502e-02
4.344319179654121399e-02 1.859363168478012085e-02 2.427963353693485260e-02 1.264147832989692688e-02 1.649268233450129628e-04 6.283967941999435425e-02 4.055643454194068909e-02 3.024334646761417389e-02 4.517665132880210876e-02 6.916563492268323898e-03 4.681890830397605896e-02 4.940958917140960693e-01 3.388726338744163513e-02 1.137332320213317871e-01 5.356093123555183411e-02 3.006884641945362091e-02 9.033259935677051544e-03 2.385155670344829559e-02 5.102008581161499023e-02 4.605048161465674639e-04 1.722003892064094543e-02 3.905350342392921448e-02 4.286219552159309387e-02 1.129998918622732162e-02 5.293731391429901123e-02 5.360801145434379578e-02 8.194997906684875488e-03 9.913662821054458618e-02 3.975437954068183899e-02 8.818969875574111938e-02 2.006343007087707520e-02 1.353772915899753571e-02 3.149656578898429871e-02 1.214960310608148575e-02 3.139425534754991531e-03 3.787180781364440918e-02 1.387115474790334702e-02 5.500197410583496094e-02 4.669723659753799438e-02 3.783556818962097168e-02 2.875690907239913940e-02 3.674067929387092590e-02 5.395468790084123611e-03 4.250654950737953186e-02 1.531882770359516144e-02 4.158189520239830017e-02 3.041749447584152222e-02 1.198437158018350601e-02 1.134834736585617065e-01 3.073634020984172821e-02 3.637927025556564331e-02 2.161104790866374969e-02 2.470360696315765381e-02 2.564224041998386383e-02 7.854775525629520416e-03 3.315420588478446007e-03 9.438739158213138580e-03 2.443783544003963470e-02 3.552501276135444641e-02 3.775833547115325928e-02 1.645550504326820374e-02 1.466760598123073578e-02 4.921841621398925781e-02 5.506651010364294052e-03 1.467253454029560089e-02 2.632457390427589417e-02 4.031905904412269592e-03 8.540652925148606300e-04 1.249537151306867599e-02 4.874300584197044373e-02 2.102067926898598671e-03 1.024008076637983322e-02 4.293606430292129517e-02 1.953669358044862747e-03 1.325762923806905746e-02 2.686387859284877777e-02 6.722673773765563965e-03 4.481155052781105042e-02 1.343965437263250351e-02 1.133146136999130249e-02 3.104429319500923157e-02 2.258824184536933899e-02 3.830653056502342224e-02 3.440624102950096130e-02 1.335857249796390533e-02 5.345849320292472839e-02 2.797137014567852020e-02 2.449433319270610809e-02 5.962893739342689514e-02 7.081985007971525192e-03 4.027317278087139130e-03 4.572329577058553696e-03 3.572958754375576973e-03 1.593459956347942352e-02 2.187823876738548279e-02 2.532256394624710083e-02 4.858963564038276672e-02 1.585103571414947510e-02 4.025474563241004944e-02 1.423933357000350952e-02 1.070112548768520355e-02 8.088533766567707062e-03 3.028537519276142120e-02 1.498213876038789749e-02 4.816383123397827148e-02 2.411458175629377365e-03 4.182755574584007263e-02 2.172420918941497803e-02 2.808177657425403595e-02 1.380461174994707108e-02 4.429576918482780457e-02 2.543701976537704468e-02 3.854649141430854797e-02 1.156763918697834015e-02 3.131821751594543457e-02 1.032993779517710209e-03
7.520620524883270264e-02 1.393208503723144531e-01 6.905710906721651554e-04 4.293769598007202148e-02 1.614585146307945251e-02 7.865317910909652710e-02 9.550791233777999878e-02 6.951769348233938217e-03 3.006879426538944244e-02 4.319269582629203796e-02 1.024435982108116150e-01 3.388726338744163513e-02 5.094968080520629883e-01 1.922158151865005493e-02 5.175666138529777527e-02 2.495149709284305573e-02 4.819931462407112122e-02 1.996106468141078949e-02 3.651113808155059814e-02 2.919307211413979530e-03 4.689712077379226685e-02 2.949113212525844574e-02 4.028378427028656006e-02 2.892704308032989502e-02 2.948780916631221771e-02 4.669637605547904968e-02 1.694162376224994659e-02 4.421944543719291687e-02 3.841416910290718079e-03 1.682822406291961670e-02 1.667444407939910889e-02 3.211343288421630859e-02 3.146769851446151733e-02 8.514249697327613831e-03 5.376496538519859314e-02 2.499668300151824951e-02 1.650945632718503475e-03 1.188512239605188370e-02 8.964342996478080750e-03 3.553925454616546631e-02 5.073119699954986572e-02 3.988530114293098450e-02 6.299854069948196411e-02 1.455680234357714653e-03 3.637234494090080261e-02 2.064713463187217712e-02 9.311404824256896973e-02 4.920791089534759521e-02 2.050794102251529694e-02 2.570703439414501190e-02 2.590670995414257050e-02 3.721843240782618523e-03 2.346493490040302277e-02 1.346779242157936096e-02 8.003994822502136230e-03 2.068715728819370270e-02 4.436303395777940750e-03 4.745943844318389893e-02 1.640591770410537720e-02 2.610351517796516418e-02 4.326652269810438156e-03 1.691615954041481018e-02 8.655102923512458801e-03 9.612140245735645294e-03 4.140976071357727051e-02 2.565159089863300323e-02 2.113926969468593597e-02 2.479325421154499054e-02 2.982294000685214996e-02 2.180378884077072144e-02 3.919553384184837341e-02 2.983190119266510010e-02 1.552507746964693069e-03 5.004273727536201477e-02 5.173538345843553543e-03 3.780039027333259583e-02 4.144369065761566162e-02 7.343943696469068527e-03 2.562183141708374023e-02 1.103849429637193680e-02 4.049971699714660645e-02 1.802893355488777161e-02 1.880723424255847931e-02 2.556444704532623291e-02 5.485227331519126892e-02 8.455597795546054840e-03 5.639261100441217422e-03 3.119494020938873291e-02 2.807990647852420807e-02 1.406299322843551636e-02 1.730182021856307983e-02 2.891165437176823616e-03 2.252111397683620453e-02 1.951479353010654449e-02 2.977474220097064972e-02 4.983182996511459351e-02 4.030751064419746399e-02 4.500693827867507935e-02 4.046061635017395020e-02 4.648505151271820068e-02 4.241870343685150146e-02 1.002567168325185776e-02 1.543049514293670654e-02 3.548036143183708191e-02 1.109740883111953735e-02 9.742469526827335358e-03 2.207754366099834442e-02 3.484071418642997742e-02 4.567022621631622314e-02 5.027864128351211548e-02 4.944773018360137939e-02 5.396911129355430603e-02 7.653611898422241211e-02 1.513238158077001572e-02 2.795485965907573700e-02 2.110634557902812958e-02
