4.307114183902740479e-01 1.159868240356445312e-01 5.724282562732696533e-02 3.550670668482780457e-02 3.155667707324028015e-02 1.444245968014001846e-02 6.742332130670547485e-02 1.527328137308359146e-02 3.508080914616584778e-02 2.413899265229701996e-02 1.845432221889495850e-01 1.119966525584459305e-02 1.291675213724374771e-02 4.494430869817733765e-02 8.323024027049541473e-03 2.587900683283805847e-02 1.349732279777526855e-02 2.174981497228145599e-02 1.637970469892024994e-02 4.060762934386730194e-03 3.712440654635429382e-02 3.955192398279905319e-03 9.938106872141361237e-03 2.401636540889739990e-02 4.899303615093231201e-02 1.992013677954673767e-02 4.553864523768424988e-02 1.046035904437303543e-02 2.295957505702972412e-02 2.237955294549465179e-02 8.104038424789905548e-03 1.297983061522245407e-02 5.232166126370429993e-02 2.397312037646770477e-02 2.780863642692565918e-02 2.957800030708312988e-02 3.376243636012077332e-02 5.604230612516403198e-02 1.031927112489938736e-02 1.439779996871948242e-02 1.486214809119701385e-02 9.006287902593612671e-03 1.441220566630363464e-02 7.588418573141098022e-02 1.928649656474590302e-02 1.324503216892480850e-02 3.570073749870061874e-03 3.468575328588485718e-02 3.571846336126327515e-02 2.378802187740802765e-02 1.831358857452869415e-02 3.900142153725028038e-03 3.516951948404312134e-02 2.557726390659809113e-02 1.444497052580118179e-02 8.862620219588279724e-03 2.646845020353794098e-02 4.881190508604049683e-02 4.932038020342588425e-03 3.924429416656494141e-02 1.615970395505428314e-02 2.555968612432479858e-02 3.948726505041122437e-02 3.126563876867294312e-02 4.057854786515235901e-02 2.079968526959419250e-02 2.976092882454395294e-02 1.998101547360420227e-02 2.394117228686809540e-02 4.213188961148262024e-02 3.813576768152415752e-04 2.232284285128116608e-02 8.718152530491352081e-03 4.895482957363128662e-02 7.307507563382387161e-03 4.248046129941940308e-02 8.306480012834072113e-03 2.041053213179111481e-02 3.082607313990592957e-02 4.606420174241065979e-02 2.083668857812881470e-02 7.869670167565345764e-03 1.042358763515949249e-02 1.995015516877174377e-02 1.094842236489057541e-02 9.036446921527385712e-03 2.044855803251266479e-02 5.143772810697555542e-02 2.676536887884140015e-02 7.578142732381820679e-02 3.854366764426231384e-02 1.351950690150260925e-03 1.784774288535118103e-02 1.622741459868848324e-03 2.450496703386306763e-02 2.641511894762516022e-02 4.609559103846549988e-02 1.116077229380607605e-02 3.933702781796455383e-02 2.160946652293205261e-02 3.018856979906558990e-02 4.976079333573579788e-03 4.968110471963882446e-02 3.034155629575252533e-02 2.784935198724269867e-02 5.513554811477661133e-02 1.731963083148002625e-02 1.613391004502773285e-02 4.241784608893794939e-06 2.611018717288970947e-02 3.406267985701560974e-02 3.697409480810165405e-02 3.734137862920761108e-02 3.366589173674583435e-02 1.220457628369331360e-02 2.955978550016880035e-02
1.159868240356445312e-01 4.366299211978912354e-01 4.043691232800483704e-02 8.460350334644317627e-03 4.343645274639129639e-02 2.981531806290149689e-02 8.701773732900619507e-02 5.638902075588703156e-03 3.883922845125198364e-02 1.515972521156072617e-02 5.768816173076629639e-02 9.971050545573234558e-03 5.132922530174255371e-02 3.999624773859977722e-02 4.165444895625114441e-02 3.146778047084808350e-02 1.256104093044996262e-02 3.534269705414772034e-02 1.648002769798040390e-03 3.792887087911367416e-03 5.120784416794776917e-02 7.611372042447328568e-03 7.858579047024250031e-03 3.850599005818367004e-02 2.962928498163819313e-03 2.389018423855304718e-02 4.936173185706138611e-02 4.634509980678558350e-02 1.862748153507709503e-02 2.023019641637802124e-02 3.278052806854248047e-02 9.966145269572734833e-03 3.173814341425895691e-02 3.986704628914594650e-03 8.911246433854103088e-03 3.102367743849754333e-02 1.809792243875563145e-03 4.487422853708267212e-02 2.574877440929412842e-02 2.046390809118747711e-02 2.804516442120075226e-02 2.136692963540554047e-02 1.149462442845106125e-02 3.944023326039314270e-02 3.769766166806221008e-02 3.565636929124593735e-03 3.114962577819824219e-02 1.803805679082870483e-02 8.510064799338579178e-04 3.525735810399055481e-02 3.912440151907503605e-04 3.354954719543457031e-02 4.267728328704833984e-02 5.283555760979652405e-02 2.197101712226867676e-02 2.884210087358951569e-02 3.193717077374458313e-02 4.897285997867584229e-02 4.216750711202621460e-02 8.404827676713466644e-03 2.206458151340484619e-02 5.012376233935356140e-02 2.080018073320388794e-02 2.593415603041648865e-02 4.459837079048156738e-02 2.540968544781208038e-02 2.037366293370723724e-02 2.687575668096542358e-02 6.903246510773897171e-03 2.520320005714893341e-02 6.846923846751451492e-03 3.588340058922767639e-02 1.114108227193355560e-02 3.901460394263267517e-02 3.960196860134601593e-03 3.671589121222496033e-02 3.719500452280044556e-02 7.469276338815689087e-02 2.747859805822372437e-02 5.092769861221313477e-02 5.678068846464157104e-02 2.495448291301727295e-02 4.568314924836158752e-02 4.882245510816574097e-02 1.783874817192554474e-02 1.858618110418319702e-02 2.366286516189575195e-02 2.865670714527368546e-03 3.033207915723323822e-02 5.330618843436241150e-02 4.057587683200836182e-02 3.776521980762481689e-02 5.389317497611045837e-02 3.726594522595405579e-02 4.170494154095649719e-02 3.685008361935615540e-02 1.420844905078411102e-02 3.938114270567893982e-02 1.951617002487182617e-02 5.755813047289848328e-02 1.995135797187685966e-03 1.909932121634483337e-02 5.098260566592216492e-02 7.422778755426406860e-03 1.115123834460973740e-02 5.915828980505466461e-03 3.353758528828620911e-02 2.113417722284793854e-02 2.434251643717288971e-02 3.859906271100044250e-02 3.159447014331817627e-02 5.085109174251556396e-02 1.014682836830615997e-02 3.469581156969070435e-02 1.835987088270485401e-03 1.906826533377170563e-02
5.724282562732696533e-02 4.043691232800483704e-02 4.411714971065521240e-01 8.337435312569141388e-03 2.197523787617683411e-02 9.307969361543655396e-03 3.474997123703360558e-03 2.515850365161895752e-01 4.477796703577041626e-02 3.878944739699363708e-02 5.724903941154479980e-02 4.382962360978126526e-02 2.308418275788426399e-03 2.759173884987831116e-02 1.766335568390786648e-03 2.877055108547210693e-02 5.528598092496395111e-03 6.321487948298454285e-03 8.514800108969211578e-03 1.336600724607706070e-02 5.353685840964317322e-02 5.250782147049903870e-02 4.558679461479187012e-02 2.589757367968559265e-02 1.645775884389877319e-02 1.651140302419662476e-02 6.225961446762084961e-02 5.040998104959726334e-03 3.641811199486255646e-03 2.725986577570438385e-02 8.462160825729370117e-03 7.106250151991844177e-03 6.492335349321365356e-03 2.958472631871700287e-02 5.056997388601303101e-02 1.448863931000232697e-02 1.314365118741989136e-02 5.675510689616203308e-02 1.206237543374300003e-02 2.535266987979412079e-02 3.371552005410194397e-02 3.454837575554847717e-02 5.124653130769729614e-02 6.689783185720443726e-02 2.133654616773128510e-02 2.447871491312980652e-02 2.167169190943241119e-02 1.969016157090663910e-02 4.163719341158866882e-02 1.128911389969289303e-03 4.695975407958030701e-02 1.634557917714118958e-02 2.263629250228404999e-02 3.427103906869888306e-02 1.228852942585945129e-02 4.234796017408370972e-02 5.189783498644828796e-02 2.207116782665252686e-02 4.151824116706848145e-02 4.156713187694549561e-02 2.239907905459403992e-02 2.581562381237745285e-03 2.790652774274349213e-02 3.198329359292984009e-02 2.889258612412959337e-04 4.140873625874519348e-02 2.565048262476921082e-02 4.037593305110931396e-02 3.707601875066757202e-02 2.217753231525421143e-02 4.433153942227363586e-02 2.178685367107391357e-02 2.525545097887516022e-02 2.672417461872100830e-02 2.603462524712085724e-02 2.622222527861595154e-02 6.147571653127670288e-02 1.297415699809789658e-02 3.711419180035591125e-03 2.499301359057426453e-02 1.034119501709938049e-01 1.281834393739700317e-01 2.266430109739303589e-02 2.810040116310119629e-02 5.994726903736591339e-03 3.433724120259284973e-02 1.782302558422088623e-02 1.108676567673683167e-02 5.305018275976181030e-02 3.761019185185432434e-02 1.524000242352485657e-02 3.261773288249969482e-02 3.319731354713439941e-02 4.545969143509864807e-02 5.192116275429725647e-02 3.613173216581344604e-02 1.210277900099754333e-02 4.191597178578376770e-02 4.779058322310447693e-02 3.344713523983955383e-02 2.915539778769016266e-02 2.742347540333867073e-03 1.773670688271522522e-02 3.145433962345123291e-02 3.015061281621456146e-02 1.173477154225111008e-02 2.500494476407766342e-03 1.519204210489988327e-02 2.180877886712551117e-02 2.868060022592544556e-02 4.461131244897842407e-02 1.955556310713291168e-02 1.908540911972522736e-02 1.146369148045778275e-02 1.199311204254627228e-02 3.573367372155189514e-02
3.550670668482780457e-02 8.460350334644317627e-03 8.337435312569141388e-03 4.661676287651062012e-01 9.335361421108245850e-02 2.202538028359413147e-02 1.468555163592100143e-02 3.491561859846115112e-02 5.246957391500473022e-02 3.032205998897552490e-02 3.261144971475005150e-03 3.363674972206354141e-03 5.520452279597520828e-03 4.684222489595413208e-02 8.233932894654572010e-04 3.994834050536155701e-02 1.151676196604967117e-02 1.067415252327919006e-02 1.494161505252122879e-02 2.987563610076904297e-02 5.374860391020774841e-02 2.961483038961887360e-02 5.405836924910545349e-02 5.017546005547046661e-03 5.159179121255874634e-02 4.481325391680002213e-03 5.177650228142738342e-02 5.218474939465522766e-02 5.415169149637222290e-02 9.396868757903575897e-03 1.326290890574455261e-02 1.899040304124355316e-03 7.355984300374984741e-03 2.790470374748110771e-03 9.108752943575382233e-03 1.593736000359058380e-02 4.924330860376358032e-03 3.316560760140419006e-02 4.507332108914852142e-03 1.727662049233913422e-02 5.894017964601516724e-02 2.607572451233863831e-02 9.268926805816590786e-04 3.967699781060218811e-02 5.797473713755607605e-02 4.832687601447105408e-02 2.268571406602859497e-02 1.482718624174594879e-02 2.640654519200325012e-02 3.304790705442428589e-02 4.718027636408805847e-02 5.199176073074340820e-02 1.803958974778652191e-02 4.663744196295738220e-02 1.320142298936843872e-02 2.047535777091979980e-02 2.382968924939632416e-02 2.961186505854129791e-02 7.470618584193289280e-04 1.712333410978317261e-02 3.163290768861770630e-02 1.417055260390043259e-02 2.882344089448451996e-02 5.448016896843910217e-02 3.459340333938598633e-02 7.732317317277193069e-03 1.548768859356641769e-02 2.378237433731555939e-02 9.799135848879814148e-03 3.150469809770584106e-02 1.153208967298269272e-02 1.771465130150318146e-02 1.032604277133941650e-01 1.617310196161270142e-02 7.480307668447494507e-02 3.707708092406392097e-03 5.168950557708740234e-02 1.846723258495330811e-02 5.814224854111671448e-02 5.345282703638076782e-02 6.654072087258100510e-03 1.618332229554653168e-02 7.330612838268280029e-02 7.267009466886520386e-03 9.921947494149208069e-03 2.452589757740497589e-02 4.069645702838897705e-02 3.202031180262565613e-02 3.721095249056816101e-02 3.212086856365203857e-02 4.762934520840644836e-03 9.447645279578864574e-04 9.306688793003559113e-03 8.036924526095390320e-03 2.479663118720054626e-02 2.646227739751338959e-02 8.609201759099960327e-03 1.298563741147518158e-02 4.261216521263122559e-02 3.660751134157180786e-02 3.275834023952484131e-02 3.062745369970798492e-02 2.277857065200805664e-02 2.900896780192852020e-02 1.981261745095252991e-02 4.822959192097187042e-03 4.189593717455863953e-02 4.437268525362014771e-02 2.293958328664302826e-02 1.030185725539922714e-02 4.953553155064582825e-02 6.639162078499794006e-03 4.598224535584449768e-02 4.596070572733879089e-02 4.129132255911827087e-02 1.821090281009674072e-02
3.155667707324028015e-02 4.343645274639129639e-02 2.197523787617683411e-02 9.335361421108245850e-02 4.477483630180358887e-01 3.665796713903546333e-03 1.244821771979331970e-02 4.523830488324165344e-02 2.070027403533458710e-02 9.076578542590141296e-03 5.940070841461420059e-03 4.906095936894416809e-02 2.095030061900615692e-02 1.237330678850412369e-02 4.907924309372901917e-02 3.202359005808830261e-02 1.160718407481908798e-02 3.488520160317420959e-02 5.042262841016054153e-03 4.822902008891105652e-02 4.173721000552177429e-02 4.617370665073394775e-02 3.811874240636825562e-02 2.719500660896301270e-02 4.421953856945037842e-02 5.587305873632431030e-03 2.847364544868469238e-02 1.703957468271255493e-02 1.470458880066871643e-02 4.299667477607727051e-02 3.353933990001678467e-02 4.917717352509498596e-02 1.069979742169380188e-02 2.779918350279331207e-02 4.603618010878562927e-02 3.128224238753318787e-02 4.945981130003929138e-02 5.966097116470336914e-03 4.575246945023536682e-03 2.622332237660884857e-02 6.475799717009067535e-03 7.299963617697358131e-04 8.182293735444545746e-03 1.258126553148031235e-02 1.259784866124391556e-02 2.791316621005535126e-02 3.827403485774993896e-02 1.001296332105994225e-03 2.892712876200675964e-02 5.890555214136838913e-03 7.013244926929473877e-02 6.442813575267791748e-02 3.063424304127693176e-02 3.981320187449455261e-02 4.507201537489891052e-02 2.107354812324047089e-02 1.456610951572656631e-02 2.216200716793537140e-02 3.859715163707733154e-02 1.693530753254890442e-02 1.091529522091150284e-02 1.490782760083675385e-02 3.767680004239082336e-02 1.095644384622573853e-01 1.024167053401470184e-02 2.071732841432094574e-02 4.411491379141807556e-02 2.428805455565452576e-02 2.289731428027153015e-02 2.647467143833637238e-02 4.679632186889648438e-02 4.170178994536399841e-02 8.550872653722763062e-02 8.925725705921649933e-03 1.329310238361358643e-01 4.602999240159988403e-02 2.274998649954795837e-02 3.067693673074245453e-02 1.534404139965772629e-02 1.416431553661823273e-02 2.651123577379621565e-05 2.346865646541118622e-02 7.555240392684936523e-02 6.742989271879196167e-02 5.541996564716100693e-03 2.250912413001060486e-02 2.277725003659725189e-02 4.466980323195457458e-02 2.606067806482315063e-02 2.485434338450431824e-02 4.089315980672836304e-02 3.051101043820381165e-02 4.435216635465621948e-02 3.004514053463935852e-02 2.603668905794620514e-02 5.064501601736992598e-05 2.388127334415912628e-02 2.292716130614280701e-02 2.546579204499721527e-02 4.657518863677978516e-02 3.679188713431358337e-02 4.401570931077003479e-02 5.025925114750862122e-02 2.934043295681476593e-02 1.978773809969425201e-02 2.090075239539146423e-02 4.729036241769790649e-03 5.142123997211456299e-02 1.733853667974472046e-02 5.108646303415298462e-02 4.223334789276123047e-02 5.562372133135795593e-02 2.839550748467445374e-02 3.759444877505302429e-02 1.022565737366676331e-02 2.030760794878005981e-02
1.444245968014001846e-02 2.981531806290149689e-02 9.307969361543655396e-03 2.202538028359413147e-02 3.665796713903546333e-03 4.467810690402984619e-01 1.585795283317565918e-01 3.650839626789093018e-02 1.786644756793975830e-02 7.135165482759475708e-02 1.040127575397491455e-01 1.784491725265979767e-02 2.945948019623756409e-02 3.983037918806076050e-02 2.954252623021602631e-02 1.655255071818828583e-02 7.341243326663970947e-04 4.138353839516639709e-02 1.951061002910137177e-02 3.969554603099822998e-02 2.183892205357551575e-02 3.546759113669395447e-02 1.459950301796197891e-02 1.034940360113978386e-03 1.737727038562297821e-02 3.150860592722892761e-02 3.992496803402900696e-02 8.727436512708663940e-02 6.270458549261093140e-02 3.647354990243911743e-02 2.577231824398040771e-02 3.851133957505226135e-02 5.055705085396766663e-03 1.361804176121950150e-02 5.626478791236877441e-02 1.615775376558303833e-02 4.911042749881744385e-02 1.448578760027885437e-02 3.171684592962265015e-02 2.445360086858272552e-02 2.230913145467638969e-03 4.174318164587020874e-02 2.009454928338527679e-02 7.396690081804990768e-03 3.845976293087005615e-02 4.656432569026947021e-02 4.375576227903366089e-02 1.952413469552993774e-02 1.757060922682285309e-02 7.456102222204208374e-02 3.512797504663467407e-02 2.102373726665973663e-02 5.798871279694139957e-04 1.528465375304222107e-02 3.885230422019958496e-02 4.581516236066818237e-02 2.708091959357261658e-02 6.699023768305778503e-03 2.469585090875625610e-02 5.341282114386558533e-02 3.592114895582199097e-03 1.615153253078460693e-02 1.405477151274681091e-02 1.347377337515354156e-02 5.478737503290176392e-02 5.562957748770713806e-02 5.001230910420417786e-02 4.661177843809127808e-02 3.036577813327312469e-02 4.406058695167303085e-03 3.631917759776115417e-02 1.610501296818256378e-02 6.792909000068902969e-03 4.456304386258125305e-02 1.463376916944980621e-02 4.523717239499092102e-02 3.184720501303672791e-02 5.327626317739486694e-02 4.843575507402420044e-02 3.694980964064598083e-02 3.531345725059509277e-02 6.867196410894393921e-03 5.088752601295709610e-03 6.424417719244956970e-03 5.120232328772544861e-02 3.270118311047554016e-02 3.959796205163002014e-02 1.213550940155982971e-02 6.582937389612197876e-02 5.187396891415119171e-03 2.338566817343235016e-03 5.275791510939598083e-02 3.075876738876104355e-03 9.647600352764129639e-03 1.530757639557123184e-02 2.904751710593700409e-02 4.721801728010177612e-02 2.898693084716796875e-02 1.373640727251768112e-02 2.090669982135295868e-02 4.804522544145584106e-02 3.753330186009407043e-02 2.472386509180068970e-02 8.023242466151714325e-03 5.528688896447420120e-03 4.535201936960220337e-02 3.816604986786842346e-02 2.058623172342777252e-02 1.245252136141061783e-02 2.120214141905307770e-02 4.338096454739570618e-02 6.766193080693483353e-03 4.314843937754631042e-02 3.997213765978813171e-02 1.443813089281320572e-03 3.401839360594749451e-02
6.742332130670547485e-02 8.701773732900619507e-02 3.474997123703360558e-03 1.468555163592100143e-02 1.244821771979331970e-02 1.585795283317565918e-01 4.305925965309143066e-01 2.796044573187828064e-02 2.959837950766086578e-02 7.978173904120922089e-03 1.796835847198963165e-02 6.373417563736438751e-03 4.652231559157371521e-02 3.169280709698796272e-03 4.215801134705543518e-02 2.959408797323703766e-02 2.878763526678085327e-02 6.637878250330686569e-03 4.152493551373481750e-03 4.527382552623748779e-02 3.149200230836868286e-02 2.443794347345829010e-02 2.089327014982700348e-02 3.960487991571426392e-02 3.346290066838264465e-02 2.792808227241039276e-02 6.354774814099073410e-03 2.142934314906597137e-02 2.404403872787952423e-02 1.438912842422723770e-02 2.895181812345981598e-02 1.268722303211688995e-02 3.907498437911272049e-03 4.062528535723686218e-02 4.563483223319053650e-02 3.187178820371627808e-02 1.358344685286283493e-02 9.669095277786254883e-03 2.815183810889720917e-02 4.665295127779245377e-03 3.385582938790321350e-02 2.461737208068370819e-02 6.044317409396171570e-02 1.939352229237556458e-02 4.072183743119239807e-02 3.573844581842422485e-02 9.160092473030090332e-02 1.246170550584793091e-01 4.425722733139991760e-02 2.375927940011024475e-02 4.826411977410316467e-02 1.013683807104825974e-02 4.954941198229789734e-02 3.885966539382934570e-02 4.013353213667869568e-02 8.502626791596412659e-03 3.614788129925727844e-02 2.164245210587978363e-02 1.911392621695995331e-02 1.215889025479555130e-02 3.357844054698944092e-02 1.280043739825487137e-02 4.101156443357467651e-02 2.054875344038009644e-02 3.155886754393577576e-02 3.354245051741600037e-02 2.216701023280620575e-02 2.972278557717800140e-02 3.545989841222763062e-02 1.018210407346487045e-02 1.588224247097969055e-02 2.220539376139640808e-02 9.492428973317146301e-03 2.434314228594303131e-02 2.037227386608719826e-03 3.927920013666152954e-02 5.376658402383327484e-03 1.600708439946174622e-02 1.035312097519636154e-02 4.471848160028457642e-02 5.385268013924360275e-03 2.913348749279975891e-02 1.518139615654945374e-02 7.789365481585264206e-03 3.363270312547683716e-02 4.635728523135185242e-02 3.109706379473209381e-02 3.267624601721763611e-02 2.119871415197849274e-02 4.622258991003036499e-02 8.890548720955848694e-03 7.602182682603597641e-03 3.986611962318420410e-02 2.441856637597084045e-02 2.802545903250575066e-03 2.653944678604602814e-02 1.870595663785934448e-02 2.090897597372531891e-02 4.749322682619094849e-02 3.424376994371414185e-02 1.878453977406024933e-02 9.918610565364360809e-03 2.753406995907425880e-03 2.154239080846309662e-02 3.995050117373466492e-02 2.552632428705692291e-02 7.866705954074859619e-02 4.126116260886192322e-02 3.295747935771942139e-02 4.220190644264221191e-02 5.104494746774435043e-03 2.721643634140491486e-02 3.562597930431365967e-02 3.086870349943637848e-02 3.903476521372795105e-03 1.479219179600477219e-02
1.527328137308359146e-02 5.638902075588703156e-03 2.515850365161895752e-01 3.491561859846115112e-02 4.523830488324165344e-02 3.650839626789093018e-02 2.796044573187828064e-02 4.476326107978820801e-01 2.870011515915393829e-02 3.027003072202205658e-02 7.939511910080909729e-03 1.482568308711051941e-02 8.658661507070064545e-03 3.105151280760765076e-02 6.007469072937965393e-02 5.489990580826997757e-03 3.382054343819618225e-02 8.239802904427051544e-03 3.367131575942039490e-02 8.552788058295845985e-04 2.802428416907787323e-02 7.592754438519477844e-03 1.842641271650791168e-02 1.413248013705015182e-02 2.583766356110572815e-03 1.967601291835308075e-02 1.476280763745307922e-02 3.979967907071113586e-02 1.456861663609743118e-02 3.493561968207359314e-02 2.515385299921035767e-02 2.889261394739151001e-02 4.510100465267896652e-03 4.304856434464454651e-02 4.749281704425811768e-02 1.683431304991245270e-02 1.427437085658311844e-02 3.093169070780277252e-02 3.813776746392250061e-02 8.427106775343418121e-03 5.377816408872604370e-02 1.181470230221748352e-02 2.011314034461975098e-02 2.519193850457668304e-02 4.466314241290092468e-02 6.363335065543651581e-03 2.003123424947261810e-02 3.914749622344970703e-02 3.749634325504302979e-02 2.254019677639007568e-02 1.461004838347434998e-02 1.648130826652050018e-02 2.540818229317665100e-02 5.223930254578590393e-02 2.254346385598182678e-02 3.101905807852745056e-02 3.459782898426055908e-02 2.423001080751419067e-02 9.790837764739990234e-03 5.424371734261512756e-02 1.275936700403690338e-02 1.439263019710779190e-02 3.259673714637756348e-02 4.042407870292663574e-02 4.483269527554512024e-02 3.183000534772872925e-02 4.556585475802421570e-02 3.797063231468200684e-02 4.629075061529874802e-03 1.899978378787636757e-03 1.546577550470829010e-02 4.291601479053497314e-02 2.269646152853965759e-02 1.324831787496805191e-02 3.649980947375297546e-02 4.711486771702766418e-02 5.312137305736541748e-02 5.168284103274345398e-02 1.295938529074192047e-02 4.163959622383117676e-02 1.596912294626235962e-01 1.282875835895538330e-01 2.724163234233856201e-02 2.546894177794456482e-02 2.945780754089355469e-02 3.910942375659942627e-02 6.306781619787216187e-02 3.811045736074447632e-02 1.695418357849121094e-02 2.511072717607021332e-02 3.364766389131546021e-02 1.396807562559843063e-02 2.935691550374031067e-02 3.028418682515621185e-02 4.230825603008270264e-02 1.307832356542348862e-02 2.563796192407608032e-02 1.722336746752262115e-02 1.060225535184144974e-02 4.599572345614433289e-02 1.369327120482921600e-02 3.791779652237892151e-02 4.981335252523422241e-02 7.396432757377624512e-02 4.405748099088668823e-02 5.096181482076644897e-02 1.396915502846240997e-02 3.510895185172557831e-03 3.074877336621284485e-02 1.002179831266403198e-02 3.197590261697769165e-02 7.547374814748764038e-02 2.189147286117076874e-03 6.444978527724742889e-03 2.489642240107059479e-02 3.585445135831832886e-02
3.508080914616584778e-02 3.883922845125198364e-02 4.477796703577041626e-02 5.246957391500473022e-02 2.070027403533458710e-02 1.786644756793975830e-02 2.959837950766086578e-02 2.870011515915393829e-02 4.455671012401580811e-01 2.648688480257987976e-02 3.993579000234603882e-02 6.147753447294235229e-02 1.344901393167674541e-03 3.081875294446945190e-02 9.002282284200191498e-03 3.226196020841598511e-02 1.540456432849168777e-03 1.337276399135589600e-01 2.337657846510410309e-02 3.522118926048278809e-02 4.333550110459327698e-02 3.238013759255409241e-02 7.806840538978576660e-02 8.096605539321899414e-02 4.280184954404830933e-02 2.663952112197875977e-02 2.313728258013725281e-02 2.327751182019710541e-02 4.410506412386894226e-02 4.249619320034980774e-02 2.444422803819179535e-02 2.503991685807704926e-02 4.560910165309906006e-02 4.832431674003601074e-02 2.685786969959735870e-02 6.306134909391403198e-02 3.752353042364120483e-02 1.529788039624691010e-02 4.336895048618316650e-02 1.739592850208282471e-02 3.507876396179199219e-02 2.822392247617244720e-02 1.915648207068443298e-02 3.179438039660453796e-02 3.216682747006416321e-02 2.384422533214092255e-02 3.758265078067779541e-02 4.140972346067428589e-02 3.884075582027435303e-02 2.502707578241825104e-02 2.861574292182922363e-02 3.206234425306320190e-02 1.156285963952541351e-02 4.413272812962532043e-02 3.679683059453964233e-02 4.482799768447875977e-02 3.826645761728286743e-02 2.049919031560420990e-02 4.028075933456420898e-02 4.287315160036087036e-02 1.789304055273532867e-02 1.100036595016717911e-02 2.805381640791893005e-02 3.442853689193725586e-02 1.144248899072408676e-02 1.543378643691539764e-02 2.134179882705211639e-02 1.327038742601871490e-02 2.628195099532604218e-03 4.147278890013694763e-02 3.785407170653343201e-02 3.968251124024391174e-02 2.895228005945682526e-02 2.053740061819553375e-02 2.804549410939216614e-02 9.251849725842475891e-03 1.330049782991409302e-01 2.880721539258956909e-02 1.110496371984481812e-01 2.768793702125549316e-02 2.255729585886001587e-02 4.946139641106128693e-03 4.492052365094423294e-03 3.631955757737159729e-02 1.978894323110580444e-02 3.861858323216438293e-02 3.113077767193317413e-02 3.404709324240684509e-02 4.457973316311836243e-02 9.508093819022178650e-03 2.655276283621788025e-02 1.226686406880617142e-02 5.167052894830703735e-02 3.675729408860206604e-02 1.834051497280597687e-02 1.601419411599636078e-02 1.279291510581970215e-02 1.831556856632232666e-02 4.925934970378875732e-02 3.664132207632064819e-02 1.452739164233207703e-02 4.583310708403587341e-02 2.219572104513645172e-02 6.010679155588150024e-02 2.777449041604995728e-02 2.036161720752716064e-03 3.030951321125030518e-02 4.874980449676513672e-02 1.741508208215236664e-02 3.575269132852554321e-02 2.945285523310303688e-03 4.423026461154222488e-03 4.768332839012145996e-02 3.264573216438293457e-02 4.193004220724105835e-02 6.931170821189880371e-02
2.413899265229701996e-02 1.515972521156072617e-02 3.878944739699363708e-02 3.032205998897552490e-02 9.076578542590141296e-03 7.135165482759475708e-02 7.978173904120922089e-03 3.027003072202205658e-02 2.648688480257987976e-02 4.487117528915405273e-01 1.062835287302732468e-02 5.220508575439453125e-02 3.499151766300201416e-02 1.708487607538700104e-02 3.618010878562927246e-02 2.764785848557949066e-02 2.323136664927005768e-02 5.598964635282754898e-03 9.335871785879135132e-02 4.104340821504592896e-02 1.113800238817930222e-02 3.182806819677352905e-02 4.187418147921562195e-02 3.362818062305450439e-02 1.797792501747608185e-02 5.192964896559715271e-02 5.253455042839050293e-02 1.101617664098739624e-01 3.159888461232185364e-02 4.778089374303817749e-02 3.133878111839294434e-02 1.196068827994167805e-03 2.071700000669807196e-04 1.341695804148912430e-02 3.892059251666069031e-02 3.469762206077575684e-02 2.335854806005954742e-02 3.609470278024673462e-02 1.410702522844076157e-02 2.393211424350738525e-02 1.124578248709440231e-02 3.044536337256431580e-02 2.366341277956962585e-02 5.037536472082138062e-02 3.878246247768402100e-02 4.790995642542839050e-02 3.622606769204139709e-02 2.131925895810127258e-02 2.522460930049419403e-02 7.733254879713058472e-02 3.429793566465377808e-02 4.430181533098220825e-02 4.066994786262512207e-02 1.618836820125579834e-02 4.285173490643501282e-02 6.122734025120735168e-02 2.587049081921577454e-02 4.745701327919960022e-02 2.329555153846740723e-02 4.546448960900306702e-02 5.086847767233848572e-02 1.188386231660842896e-02 7.977307774126529694e-03 3.450099751353263855e-02 3.657863661646842957e-02 5.044334381818771362e-02 8.767661638557910919e-03 2.930179610848426819e-02 2.616130188107490540e-02 3.412605449557304382e-02 5.182785913348197937e-02 3.672959050163626671e-03 2.673140261322259903e-03 2.300060540437698364e-02 4.820788279175758362e-02 1.301948260515928268e-02 7.511946372687816620e-03 1.055187433958053589e-01 2.695653587579727173e-02 1.166005209088325500e-01 2.440118230879306793e-02 3.829294443130493164e-02 3.701204434037208557e-02 3.998364135622978210e-02 2.284356392920017242e-02 1.664133043959736824e-03 3.475787490606307983e-02 2.452903240919113159e-02 5.094255134463310242e-02 1.994789345189929008e-03 4.650532826781272888e-02 3.910101577639579773e-02 1.934323832392692566e-02 4.579413309693336487e-02 3.232415392994880676e-02 2.359519712626934052e-02 4.227182641625404358e-02 3.046398609876632690e-02 5.743171647191047668e-02 4.996005073189735413e-02 2.906617149710655212e-02 1.736776344478130341e-02 4.448327049612998962e-02 2.282689325511455536e-02 4.085791297256946564e-03 4.392357543110847473e-03 1.364261377602815628e-02 4.671704396605491638e-02 2.219096943736076355e-02 3.312518820166587830e-02 3.484699875116348267e-02 4.155422374606132507e-02 3.590726852416992188e-02 3.078223764896392822e-02 2.568857371807098389e-02 3.266327455639839172e-02
1.845432221889495850e-01 5.768816173076629639e-02 5.724903941154479980e-02 3.261144971475005150e-03 5.940070841461420059e-03 1.040127575397491455e-01 1.796835847198963165e-02 7.939511910080909729e-03 3.993579000234603882e-02 1.062835287302732468e-02 4.425135850906372070e-01 1.054457761347293854e-02 5.934450775384902954e-03 2.961585065349936485e-03 1.623316854238510132e-02 1.525346422567963600e-03 2.588752284646034241e-02 2.089868299663066864e-02 2.541711367666721344e-02 1.829470694065093994e-02 2.998419664800167084e-02 1.712057180702686310e-02 3.274869546294212341e-02 1.386425457894802094e-03 4.206582531332969666e-02 4.834510758519172668e-02 4.528693109750747681e-02 2.938561839982867241e-03 9.576335549354553223e-02 2.180956536903977394e-03 1.995137706398963928e-02 1.967620849609375000e-02 3.243766352534294128e-02 2.139825746417045593e-02 3.374782204627990723e-02 3.400167450308799744e-02 2.376857586205005646e-02 2.236101031303405762e-02 3.416194021701812744e-02 1.896297186613082886e-02 2.197570726275444031e-02 3.747981786727905273e-02 3.164667263627052307e-02 1.608013547956943512e-02 9.083175100386142731e-03 4.200385138392448425e-02 1.452985592186450958e-02 9.316635876893997192e-02 1.595086418092250824e-02 2.041183644905686378e-03 1.503741182386875153e-02 2.149141021072864532e-02 1.732786558568477631e-02 4.477398097515106201e-02 3.729222342371940613e-02 2.417049184441566467e-02 1.043753232806921005e-02 4.024045541882514954e-02 2.080556005239486694e-02 3.863197192549705505e-02 1.161459740251302719e-02 2.053859829902648926e-02 1.895454712212085724e-02 1.285496354103088379e-02 1.173422932624816895e-01 1.338229607790708542e-02 3.717128559947013855e-02 1.585586369037628174e-02 1.509318593889474869e-02 2.490789070725440979e-02 2.744430676102638245e-02 2.053908258676528931e-02 5.620450526475906372e-02 4.682639241218566895e-02 2.989659272134304047e-02 4.305209219455718994e-02 4.912666976451873779e-02 2.196518331766128540e-02 2.252154238522052765e-02 4.102097451686859131e-02 3.429087996482849121e-02 2.409492246806621552e-02 3.899126313626766205e-04 3.842717036604881287e-02 4.792520403861999512e-02 4.956667777150869370e-03 1.205772999674081802e-02 1.199178956449031830e-02 1.256874413229525089e-03 1.133288256824016571e-03 4.530411213636398315e-02 3.024258650839328766e-02 6.879600696265697479e-03 2.660402655601501465e-02 4.400816187262535095e-02 3.605441376566886902e-02 8.871631696820259094e-03 3.834182396531105042e-02 6.090594921261072159e-03 1.414560433477163315e-02 3.969534859061241150e-02 2.569275163114070892e-02 9.691207669675350189e-03 2.978919446468353271e-02 3.835343942046165466e-02 7.549506612122058868e-03 5.407255887985229492e-02 3.877798095345497131e-02 1.501207146793603897e-02 5.089893192052841187e-02 7.021021097898483276e-02 4.154596105217933655e-02 4.734639951493591070e-04 3.889230266213417053e-02 8.032402954995632172e-03 1.267630979418754578e-02
1.119966525584459305e-02 9.971050545573234558e-03 4.382962360978126526e-02 3.363674972206354141e-03 4.906095936894416809e-02 1.784491725265979767e-02 6.373417563736438751e-03 1.482568308711051941e-02 6.147753447294235229e-02 5.220508575439453125e-02 1.054457761347293854e-02 4.674286544322967529e-01 2.204821817576885223e-02 1.955042928457260132e-01 3.821544721722602844e-02 3.304897248744964600e-02 4.459448531270027161e-02 1.694027334451675415e-02 9.295062720775604248e-02 3.277707146480679512e-03 2.265695668756961823e-02 5.894864443689584732e-03 5.050001665949821472e-02 3.400686755776405334e-02 3.261948376893997192e-02 4.912656918168067932e-02 2.279388904571533203e-02 1.151366531848907471e-01 3.038102388381958008e-02 8.682956546545028687e-02 2.899714559316635132e-02 4.366209730505943298e-02 4.803023114800453186e-02 6.653953343629837036e-02 4.340793564915657043e-02 2.711581252515316010e-02 6.411061435937881470e-02 2.244372852146625519e-02 5.918587092310190201e-03 2.310291863977909088e-03 3.624174371361732483e-02 4.042252525687217712e-02 4.107081890106201172e-02 3.740156814455986023e-02 4.656533151865005493e-02 2.309895493090152740e-02 1.517135091125965118e-02 6.015083752572536469e-03 5.313147790729999542e-03 3.598728915676474571e-03 4.385063797235488892e-02 2.750779129564762115e-02 1.291019935160875320e-02 1.897958223707973957e-03 5.731574818491935730e-02 3.720443695783615112e-02 3.656689450144767761e-02 1.137802191078662872e-02 3.429263830184936523e-02 1.756414398550987244e-02 6.049891188740730286e-02 6.224262341856956482e-02 1.073874533176422119e-03 4.793693497776985168e-02 4.724939912557601929e-02 1.592654548585414886e-02 2.067284286022186279e-02 5.192717537283897400e-03 2.008490078151226044e-02 1.779349520802497864e-02 6.067869067192077637e-02 1.440284890122711658e-03 1.221577543765306473e-02 2.323737833648920059e-03 2.409352362155914307e-02 3.345815837383270264e-02 4.206290096044540405e-02 4.257502779364585876e-02 4.951154068112373352e-02 2.749523334205150604e-02 3.212811797857284546e-02 4.327287524938583374e-02 9.887794032692909241e-03 7.185878604650497437e-02 1.672250335104763508e-03 2.250608243048191071e-02 1.390434894710779190e-02 2.188832499086856842e-02 8.227559924125671387e-02 1.526706200093030930e-02 3.961126506328582764e-02 5.518835783004760742e-02 2.141184918582439423e-02 1.326416432857513428e-02 2.078687585890293121e-02 2.454051515087485313e-03 7.087789126671850681e-04 3.812109585851430893e-03 1.730547659099102020e-02 2.504061535000801086e-02 4.423945397138595581e-02 2.475292049348354340e-02 1.268404629081487656e-02 3.404472954571247101e-03 5.125705525279045105e-02 4.793880973011255264e-03 1.882631145417690277e-02 1.725130714476108551e-02 1.172582339495420456e-02 1.842861995100975037e-02 3.168277069926261902e-02 3.623949363827705383e-02 5.237518623471260071e-02 2.792964130640029907e-02 1.952345110476016998e-02 3.161143511533737183e-02
1.291675213724374771e-02 5.132922530174255371e-02 2.308418275788426399e-03 5.520452279597520828e-03 2.095030061900615692e-02 2.945948019623756409e-02 4.652231559157371521e-02 8.658661507070064545e-03 1.344901393167674541e-03 3.499151766300201416e-02 5.934450775384902954e-03 2.204821817576885223e-02 4.562580883502960205e-01 1.762630045413970947e-02 6.265288591384887695e-02 3.442534431815147400e-02 4.376543685793876648e-02 2.110090106725692749e-02 4.758489131927490234e-02 1.921435073018074036e-02 2.135583385825157166e-02 1.140845268964767456e-01 4.784442111849784851e-02 4.812103137373924255e-02 1.611074991524219513e-02 5.820294842123985291e-02 1.537941303104162216e-02 3.075933828949928284e-02 4.630098491907119751e-02 3.262654691934585571e-02 1.018302217125892639e-01 1.710676820948719978e-03 4.221212863922119141e-02 1.399961579591035843e-02 4.527364671230316162e-02 3.100045397877693176e-02 1.111397426575422287e-02 3.664075583219528198e-02 1.498184073716402054e-02 3.904461860656738281e-02 5.041122809052467346e-02 5.025660619139671326e-02 3.363344445824623108e-02 4.159102588891983032e-02 3.550702333450317383e-02 1.364170922897756100e-03 6.414613127708435059e-02 5.582920089364051819e-02 3.463388606905937195e-02 4.308721795678138733e-02 3.102143760770559311e-03 1.498500257730484009e-02 1.602161861956119537e-02 3.489488444756716490e-04 1.992928981781005859e-02 4.270143061876296997e-02 4.676420707255601883e-03 7.216408103704452515e-02 3.352739615365862846e-03 1.812560111284255981e-02 4.727537930011749268e-02 1.182053331285715103e-02 1.867638900876045227e-02 6.470266263931989670e-03 5.952029675245285034e-02 3.127784654498100281e-02 1.394160557538270950e-02 2.015681564807891846e-02 3.015660913661122322e-03 6.527591496706008911e-02 3.903138265013694763e-02 1.618243381381034851e-02 4.399558994919061661e-03 1.506187766790390015e-02 3.533197566866874695e-02 1.501068007200956345e-02 2.305937930941581726e-02 4.732957854866981506e-02 2.549742721021175385e-02 5.933038890361785889e-03 1.172465365380048752e-02 2.163751237094402313e-02 4.736694972962141037e-03 2.311595715582370758e-02 1.901346817612648010e-02 3.879277780652046204e-02 1.380992773920297623e-02 9.438888169825077057e-03 2.265164069831371307e-02 2.414992265403270721e-02 1.188885718584060669e-01 7.354103773832321167e-02 1.031138375401496887e-01 5.090169236063957214e-02 1.912831515073776245e-02 2.854371815919876099e-02 4.399512335658073425e-02 1.310809142887592316e-02 2.770534157752990723e-02 1.556317973881959915e-02 6.668277550488710403e-03 1.812300458550453186e-02 3.815180808305740356e-02 4.347302764654159546e-02 4.738587886095046997e-02 1.766767166554927826e-02 4.991129413247108459e-02 4.624582827091217041e-02 3.765605762600898743e-02 4.467724636197090149e-02 1.738644577562808990e-02 4.586102068424224854e-02 2.432139962911605835e-02 3.833425045013427734e-02 1.736630452796816826e-03 1.774500682950019836e-02
