4.714238047599792480e-01 1.362005174160003662e-01 2.622935548424720764e-02 1.064015552401542664e-03 1.218702550977468491e-02 1.072743609547615051e-01 6.976628303527832031e-02 1.008275896310806274e-02 4.229295253753662109e-02 2.826576679944992065e-02 1.127876192331314087e-01 3.991603478789329529e-02 5.339847877621650696e-02 2.948654070496559143e-02 1.005814038217067719e-02 5.289334803819656372e-02 7.053331937640905380e-03 3.660039510577917099e-04 4.962062835693359375e-02 1.963277813047170639e-03 5.515941232442855835e-02 2.749891579151153564e-02 2.807788923382759094e-02 2.249038964509963989e-02 4.123542923480272293e-03 7.603142876178026199e-03 4.402895644307136536e-02 6.988431327044963837e-03 4.760475829243659973e-03 5.229201167821884155e-03 4.540915042161941528e-02 2.383443340659141541e-02 1.633262261748313904e-03 3.962688613682985306e-03 3.430352360010147095e-02 4.206470400094985962e-02 1.362704392522573471e-02 6.913323886692523956e-03 2.784781903028488159e-02 1.591952145099639893e-02 1.699004136025905609e-02 5.235768482089042664e-02 1.989687047898769379e-02 3.652874752879142761e-02 4.432055726647377014e-02 5.574046634137630463e-03 8.030072599649429321e-02 7.448520511388778687e-03 1.434844825416803360e-02 5.249664187431335449e-02 2.394092036411166191e-03 4.676975309848785400e-02 3.026587329804897308e-02 1.590552926063537598e-02 3.311433643102645874e-02 4.606203734874725342e-02 5.223309248685836792e-02 1.871457695960998535e-02 4.464340582489967346e-02 1.853267080150544643e-03 1.932747662067413330e-02 7.183890324085950851e-03 5.910064280033111572e-02 2.786984108388423920e-02 3.705278038978576660e-02 5.692373961210250854e-02 1.416969019919633865e-02 4.480468109250068665e-03 2.779236622154712677e-02 1.124836970120668411e-02 2.569204755127429962e-02 2.120461873710155487e-02 5.595510452985763550e-02 5.583069846034049988e-02 2.643221244215965271e-02 4.480508342385292053e-02 2.349524013698101044e-02 6.102853221818804741e-04 5.365259200334548950e-02 2.022520452737808228e-02 1.420469675213098526e-02 1.743147708475589752e-02 1.542317867279052734e-02 2.235442399978637695e-02 8.865582756698131561e-03 3.177266195416450500e-02 1.187299191951751709e-02 2.235494181513786316e-02 3.435799852013587952e-02 5.949446000158786774e-03 2.361928299069404602e-02 3.904141485691070557e-02 4.814337939023971558e-02 2.327832393348217010e-02 4.061824455857276917e-02 9.089455939829349518e-03 3.159688785672187805e-03 3.019473887979984283e-02 1.276839338243007660e-02 9.910083375871181488e-03 2.167645469307899475e-02 3.173301462084054947e-03 5.001861602067947388e-02 1.067316439002752304e-02 4.363955929875373840e-02 4.464397497940808535e-04 2.405209466814994812e-02 3.187969699501991272e-02 4.727987572550773621e-02 1.064247731119394302e-02 2.801959589123725891e-02 3.720181435346603394e-02 1.133089140057563782e-02 2.906988607719540596e-03 6.295705214142799377e-03 3.501684591174125671e-02
1.362005174160003662e-01 4.713385701179504395e-01 3.618136420845985413e-02 3.270949795842170715e-02 4.549533873796463013e-02 9.800864011049270630e-02 7.052233815193176270e-02 3.269346803426742554e-02 4.380258917808532715e-02 4.007312282919883728e-02 4.303432255983352661e-02 2.416580915451049805e-02 1.012976989150047302e-01 3.683992847800254822e-02 6.136031821370124817e-02 4.394693300127983093e-02 1.195562351495027542e-02 9.297003969550132751e-03 1.988269574940204620e-02 2.873244695365428925e-03 2.806988544762134552e-02 4.063635692000389099e-02 4.028069972991943359e-02 2.110229991376399994e-02 2.768488600850105286e-02 2.852150425314903259e-02 3.073200397193431854e-02 1.242547109723091125e-02 1.714477199129760265e-03 2.513320744037628174e-02 2.180690132081508636e-02 1.687202230095863342e-02 3.406353294849395752e-02 1.988212205469608307e-02 3.001316078007221222e-02 2.268499322235584259e-02 7.614023517817258835e-03 6.042215041816234589e-03 6.428141612559556961e-03 2.323449216783046722e-02 1.535472739487886429e-02 3.175500035285949707e-02 1.228870637714862823e-02 2.965307794511318207e-02 3.319187322631478310e-03 6.402782630175352097e-03 7.487768679857254028e-02 1.096184086054563522e-02 1.837260276079177856e-02 9.405192919075489044e-03 7.491679862141609192e-03 4.003310203552246094e-02 2.250714926049113274e-03 3.859702125191688538e-02 2.065785042941570282e-02 2.552946284413337708e-02 2.418174641206860542e-03 8.166669867932796478e-03 2.493801712989807129e-02 7.208823692053556442e-03 1.883420161902904510e-02 2.699157036840915680e-02 3.051695600152015686e-02 1.964537426829338074e-02 5.537769198417663574e-02 6.144261360168457031e-02 1.388178579509258270e-02 9.641367010772228241e-03 1.515524089336395264e-02 5.114767327904701233e-02 5.051401257514953613e-02 2.013829350471496582e-02 1.269251201301813126e-02 5.306725949048995972e-02 1.920933090150356293e-02 2.397398836910724640e-02 1.594044826924800873e-02 1.030681189149618149e-03 3.804728388786315918e-02 4.734738916158676147e-02 6.528315134346485138e-03 2.636620774865150452e-02 3.120912238955497742e-02 2.666977792978286743e-02 1.484808232635259628e-02 4.527581855654716492e-02 2.762454003095626831e-02 2.687819860875606537e-02 3.873102366924285889e-02 1.326547586359083652e-03 1.077668089419603348e-02 3.047099802643060684e-03 5.168260261416435242e-02 3.392554819583892822e-03 3.171046450734138489e-02 6.973514799028635025e-03 4.657300654798746109e-03 4.042599722743034363e-02 4.123637080192565918e-02 3.502632677555084229e-02 5.320968106389045715e-02 2.882045693695545197e-02 1.165266241878271103e-02 2.270299708470702171e-03 2.151245623826980591e-02 4.521600157022476196e-02 8.362235501408576965e-03 2.311321347951889038e-02 2.275466732680797577e-02 2.402987331151962280e-02 4.793632403016090393e-02 3.236745297908782959e-02 1.594476401805877686e-02 3.464139997959136963e-02 5.720694549381732941e-03 2.740798704326152802e-02
2.622935548424720764e-02 3.618136420845985413e-02 4.400802850723266602e-01 1.212095376104116440e-02 3.747052699327468872e-02 3.811413422226905823e-02 3.974033985286951065e-03 1.649572402238845825e-01 3.954400122165679932e-02 1.620526425540447235e-02 1.000276487320661545e-02 1.308266911655664444e-02 4.652617499232292175e-02 2.322731912136077881e-02 1.148383505642414093e-02 4.159234464168548584e-02 3.544159978628158569e-02 4.309166595339775085e-02 4.674442484974861145e-02 1.295214146375656128e-02 8.390374481678009033e-03 1.644373126327991486e-02 5.356677807867527008e-03 5.924709141254425049e-03 1.863431930541992188e-02 1.771621592342853546e-02 3.995045274496078491e-02 2.836773544549942017e-02 7.252157479524612427e-02 1.311684120446443558e-02 3.863431047648191452e-03 3.928127139806747437e-02 9.099906682968139648e-02 2.307932591065764427e-04 2.404852770268917084e-02 9.113920852541923523e-03 3.956415504217147827e-02 2.830263227224349976e-02 3.474496677517890930e-02 1.490498427301645279e-02 2.106983400881290436e-02 4.959527403116226196e-03 2.284530736505985260e-02 7.330683991312980652e-03 4.559647757560014725e-03 1.030506752431392670e-02 3.415305167436599731e-02 8.890568278729915619e-03 4.045562446117401123e-02 2.285175723955035210e-03 9.755434468388557434e-03 2.354078460484743118e-03 2.672827988862991333e-02 1.595526747405529022e-02 4.490985069423913956e-03 6.860666442662477493e-03 1.303924527019262314e-02 3.754035755991935730e-02 2.636026218533515930e-02 8.589526638388633728e-03 2.879054099321365356e-02 1.653123833239078522e-02 2.669494785368442535e-02 2.263560518622398376e-02 1.517762336879968643e-02 8.041892200708389282e-03 3.216372802853584290e-02 1.006382517516613007e-02 4.080417379736900330e-02 1.134998351335525513e-02 6.081735715270042419e-03 2.491003088653087616e-02 3.447839990258216858e-02 5.458827596157789230e-03 3.124663978815078735e-02 4.888160899281501770e-02 3.646094352006912231e-02 8.372759446501731873e-03 2.025710046291351318e-02 1.741227507591247559e-02 8.303161710500717163e-02 7.429184764623641968e-02 3.237987682223320007e-02 1.723008416593074799e-02 4.560917615890502930e-02 8.213146589696407318e-03 3.745655529201030731e-03 2.195792458951473236e-02 3.985149413347244263e-02 1.851624995470046997e-02 1.937505602836608887e-02 9.423191659152507782e-03 1.956211030483245850e-02 1.896393857896327972e-02 1.952248043380677700e-03 1.022788137197494507e-02 2.333780284970998764e-03 1.628187485039234161e-02 4.568994417786598206e-02 2.022606693208217621e-02 4.703102260828018188e-02 1.911718025803565979e-02 1.459955796599388123e-02 2.635599114000797272e-02 2.166215330362319946e-02 2.440240047872066498e-02 1.454126788303256035e-03 2.280446700751781464e-02 5.921392235904932022e-03 4.753042384982109070e-02 2.121106907725334167e-02 2.766453195363283157e-03 1.529513206332921982e-02 3.456541150808334351e-02 4.343688115477561951e-02 3.471311181783676147e-02
1.064015552401542664e-03 3.270949795842170715e-02 1.212095376104116440e-02 4.700598418712615967e-01 1.073253676295280457e-01 5.464932695031166077e-02 8.425362408161163330e-03 1.006084727123379707e-03 1.467946544289588928e-02 1.115905307233333588e-02 3.487473353743553162e-02 3.095679916441440582e-02 4.707290604710578918e-02 2.752680145204067230e-02 1.556245889514684677e-02 8.812873624265193939e-03 5.030452460050582886e-02 4.524328745901584625e-03 7.035357877612113953e-03 3.809949383139610291e-02 3.446239233016967773e-02 4.361093044281005859e-02 4.249091073870658875e-02 2.558567188680171967e-02 6.420246791094541550e-04 2.950338460505008698e-02 2.675681933760643005e-02 3.441762411966919899e-03 3.222263976931571960e-02 1.507146563380956650e-02 2.581527456641197205e-02 1.905322261154651642e-02 1.493373070843517780e-03 1.354754809290170670e-02 2.968170866370201111e-02 2.061991579830646515e-02 4.545126482844352722e-02 2.397428080439567566e-02 1.279530525207519531e-01 8.549899607896804810e-02 4.272240027785301208e-02 1.009029429405927658e-02 4.738999065011739731e-03 4.591443389654159546e-02 3.533612191677093506e-02 1.812138245441019535e-03 6.017453270033001900e-04 1.854624599218368530e-02 5.945295561105012894e-03 3.174951300024986267e-02 4.478922486305236816e-02 1.758237369358539581e-02 5.293103680014610291e-02 5.050170794129371643e-02 2.021438069641590118e-02 2.593350782990455627e-02 3.715077042579650879e-02 3.287063911557197571e-02 1.367241144180297852e-02 4.258522018790245056e-02 1.871826872229576111e-02 5.318980664014816284e-03 3.913580439984798431e-03 1.849663630127906799e-02 3.592840582132339478e-02 3.645282238721847534e-02 9.349756874144077301e-03 2.799686626531183720e-06 3.644879674538969994e-03 5.191261321306228638e-02 5.924763157963752747e-03 4.011823982000350952e-02 1.332632899284362793e-01 2.926822565495967865e-02 8.223940432071685791e-02 1.461842656135559082e-02 9.078221628442406654e-04 3.645992279052734375e-02 4.946712404489517212e-02 3.200871869921684265e-02 3.592266887426376343e-02 4.448746889829635620e-02 4.733656346797943115e-02 4.334037378430366516e-02 2.119413577020168304e-02 4.827491566538810730e-02 8.616539649665355682e-03 3.921746462583541870e-02 1.883706822991371155e-02 5.944151431322097778e-03 3.564408048987388611e-02 2.923756139352917671e-03 3.767722100019454956e-02 2.481198310852050781e-02 5.773959215730428696e-03 3.480254486203193665e-02 1.696286723017692566e-02 4.671857878565788269e-02 2.623812993988394737e-03 2.180474111810326576e-03 5.543359741568565369e-02 4.023505002260208130e-02 4.175692796707153320e-02 2.553527243435382843e-02 1.467045862227678299e-02 3.399041295051574707e-02 2.239611744880676270e-02 4.103606566786766052e-02 8.201375603675842285e-03 4.021359235048294067e-02 1.024925336241722107e-01 3.510146960616111755e-02 1.081180851906538010e-02 2.688941359519958496e-02 1.509478539228439331e-01 3.169421479105949402e-02
1.218702550977468491e-02 4.549533873796463013e-02 3.747052699327468872e-02 1.073253676295280457e-01 4.517608284950256348e-01 1.954055577516555786e-02 2.551364898681640625e-02 3.260161494836211205e-03 4.581126570701599121e-02 3.345269337296485901e-02 3.150535374879837036e-02 3.794632107019424438e-02 3.345078602433204651e-02 3.253159672021865845e-02 1.304353587329387665e-02 4.107993841171264648e-02 1.778204180300235748e-02 4.017436504364013672e-02 3.480839729309082031e-02 3.649562224745750427e-02 2.687340974807739258e-02 1.278164144605398178e-02 3.513001278042793274e-02 1.809000223875045776e-02 3.831831738352775574e-02 3.019227087497711182e-02 5.234057083725929260e-02 1.555678062140941620e-02 3.830521600320935249e-03 4.819080978631973267e-02 4.555571079254150391e-02 3.830577805638313293e-02 1.991630718111991882e-02 1.764775440096855164e-02 4.287776350975036621e-02 1.569316349923610687e-02 3.598248213529586792e-02 3.762911632657051086e-02 5.508356913924217224e-02 1.183563843369483948e-01 4.618439357727766037e-03 5.458224192261695862e-02 4.738610982894897461e-02 1.483090035617351532e-02 1.090643089264631271e-02 2.606587670743465424e-02 3.408474475145339966e-02 4.302146658301353455e-02 4.316106066107749939e-02 4.561471194028854370e-02 3.717336803674697876e-02 2.570111118257045746e-02 6.405488401651382446e-02 5.816782265901565552e-02 2.215820364654064178e-02 4.402744024991989136e-02 6.912175565958023071e-02 1.444430369883775711e-02 4.927666857838630676e-02 8.859788998961448669e-03 2.913933806121349335e-02 4.348996654152870178e-02 5.005530547350645065e-03 3.820629045367240906e-02 3.464075271040201187e-03 3.552028164267539978e-02 5.195518024265766144e-03 2.044482342898845673e-02 7.330136839300394058e-03 1.322035305202007294e-02 3.813580796122550964e-02 4.727936908602714539e-02 1.200609747320413589e-02 1.535641588270664215e-02 1.607673466205596924e-01 4.703949391841888428e-02 4.170037060976028442e-02 1.624966599047183990e-02 4.109025467187166214e-03 2.195158228278160095e-02 2.763094566762447357e-02 1.152560673654079437e-02 1.013377904891967773e-01 7.816451787948608398e-02 6.290760822594165802e-03 3.571429057046771049e-03 5.008767545223236084e-02 1.754535175859928131e-02 4.348289966583251953e-02 2.709439396858215332e-02 9.750211611390113831e-03 1.147816656157374382e-03 7.528786081820726395e-03 1.745114848017692566e-02 9.751958714332431555e-06 7.377431541681289673e-02 3.761070966720581055e-02 1.975869946181774139e-02 3.870118036866188049e-02 2.214284427464008331e-02 1.684103347361087799e-02 1.915598521009087563e-03 1.050428487360477448e-02 8.829736150801181793e-03 1.467481907457113266e-02 2.616634219884872437e-02 9.910029621096327901e-05 1.283257640898227692e-02 8.028963580727577209e-03 2.377857826650142670e-02 1.329968497157096863e-02 1.627505756914615631e-02 4.081010073423385620e-02 2.133366279304027557e-02 4.457033425569534302e-02 1.519852434284985065e-03
1.072743609547615051e-01 9.800864011049270630e-02 3.811413422226905823e-02 5.464932695031166077e-02 1.954055577516555786e-02 4.824224710464477539e-01 1.134112328290939331e-01 2.689289860427379608e-02 1.436643023043870926e-02 3.857298940420150757e-02 3.250491991639137268e-02 4.509302228689193726e-02 3.282857313752174377e-02 6.873497739434242249e-03 2.665054611861705780e-02 3.876126185059547424e-02 1.791133359074592590e-02 2.207738906145095825e-02 1.640785485506057739e-02 9.205004200339317322e-03 1.145844254642724991e-02 3.677839040756225586e-02 3.576555754989385605e-03 1.968667469918727875e-02 1.475552562624216080e-02 3.789246827363967896e-02 2.770995721220970154e-02 4.864640161395072937e-02 3.508173860609531403e-03 1.003020536154508591e-02 3.541436791419982910e-02 1.394481677561998367e-02 3.583253175020217896e-02 5.868467036634683609e-03 4.514918476343154907e-02 1.044681016355752945e-02 5.245612561702728271e-02 7.870219647884368896e-03 1.480903383344411850e-02 3.880449803546071053e-03 4.563426133245229721e-03 3.003681451082229614e-02 4.211098328232765198e-02 1.862627267837524414e-02 1.164117921143770218e-02 2.014853432774543762e-02 1.139811426401138306e-01 4.312443360686302185e-02 4.857097286731004715e-03 5.185626447200775146e-02 1.404965110123157501e-02 1.841415464878082275e-02 4.819175601005554199e-02 2.745107561349868774e-02 3.703180700540542603e-02 5.197333171963691711e-02 1.888829097151756287e-02 2.215931890532374382e-03 4.739719256758689880e-02 3.036661446094512939e-02 1.480096764862537384e-02 7.813985459506511688e-03 9.781159460544586182e-03 4.669841378927230835e-02 3.104430250823497772e-02 5.597503483295440674e-02 1.120546832680702209e-02 1.245225593447685242e-02 3.355835005640983582e-02 3.965176269412040710e-02 1.316398475319147110e-02 4.401360172778367996e-03 4.953146353363990784e-02 1.932506263256072998e-02 6.323069334030151367e-02 4.110707342624664307e-02 3.003125078976154327e-02 2.911144122481346130e-02 5.595495551824569702e-02 3.254215791821479797e-02 5.498591344803571701e-03 1.664294861257076263e-02 4.058834910392761230e-02 5.013594031333923340e-02 2.344109117984771729e-02 9.711882448755204678e-04 1.831063441932201385e-02 1.591771282255649567e-02 4.097877815365791321e-02 2.333646640181541443e-02 6.394144613295793533e-03 1.948611345142126083e-03 1.757157966494560242e-02 2.252152748405933380e-02 2.625042200088500977e-02 1.236063893884420395e-02 3.678029030561447144e-02 3.024929016828536987e-02 1.315570622682571411e-02 1.500899624079465866e-02 2.789978170767426491e-03 2.855219179764389992e-03 2.172991633415222168e-02 7.120964000932872295e-04 1.579512283205986023e-02 4.135844856500625610e-02 4.030080139636993408e-02 5.635253340005874634e-02 4.727770760655403137e-02 1.360350847244262695e-02 1.063094567507505417e-02 2.241872018203139305e-03 2.015207894146442413e-03 7.140020374208688736e-03 3.394138813018798828e-02 3.382952883839607239e-02
6.976628303527832031e-02 7.052233815193176270e-02 3.974033985286951065e-03 8.425362408161163330e-03 2.551364898681640625e-02 1.134112328290939331e-01 4.829597175121307373e-01 3.051046840846538544e-02 2.329908125102519989e-02 5.623989179730415344e-02 3.053669072687625885e-02 3.807735443115234375e-02 1.785914227366447449e-02 1.044603530317544937e-02 2.806641720235347748e-02 1.898114942014217377e-02 1.016265992075204849e-02 2.659167535603046417e-02 1.526832673698663712e-02 3.576918737962841988e-03 5.143474321812391281e-03 5.112299695611000061e-02 8.964770473539829254e-03 3.163786977529525757e-02 1.062248833477497101e-02 1.024571363814175129e-03 2.910262905061244965e-03 4.597818106412887573e-02 6.835176050662994385e-02 7.616547401994466782e-03 2.991813421249389648e-02 2.569331042468547821e-02 4.266889882273972034e-04 7.824081927537918091e-03 4.773053154349327087e-02 2.923073992133140564e-02 5.010263621807098389e-02 8.466104045510292053e-03 1.734954304993152618e-02 2.159336581826210022e-02 4.241413995623588562e-02 4.450551420450210571e-02 6.449147593230009079e-03 3.580042719841003418e-02 2.071606367826461792e-02 2.659658528864383698e-02 7.839491218328475952e-02 9.826007485389709473e-02 1.916788704693317413e-02 3.682281076908111572e-02 4.532746504992246628e-03 3.701973333954811096e-02 4.270061478018760681e-02 1.732389256358146667e-02 3.444419056177139282e-02 2.492498233914375305e-02 2.531440556049346924e-02 3.128309920430183411e-02 4.680529236793518066e-02 2.538459189236164093e-02 1.464207377284765244e-02 1.294911187142133713e-02 1.960139535367488861e-02 1.638143206946551800e-03 5.376750230789184570e-02 6.204553321003913879e-02 2.094767056405544281e-02 9.473534300923347473e-03 2.279583923518657684e-02 4.338366910815238953e-02 6.949048023670911789e-03 5.463031306862831116e-02 4.229538142681121826e-03 1.581908017396926880e-02 3.355795517563819885e-02 7.135304156690835953e-03 2.942539192736148834e-02 3.277913108468055725e-02 5.164929479360580444e-02 1.542498730123043060e-02 1.672455691732466221e-03 3.271163254976272583e-02 1.752311550080776215e-02 2.183727361261844635e-02 2.241465821862220764e-02 2.688042446970939636e-02 2.779101766645908356e-02 4.557722713798284531e-03 2.186155505478382111e-02 3.430223464965820312e-02 4.116543009877204895e-02 3.224193304777145386e-02 5.861213430762290955e-02 5.694350329576991498e-05 2.945320494472980499e-02 2.207777090370655060e-02 3.014389611780643463e-02 2.293520420789718628e-02 2.669608220458030701e-02 3.436610102653503418e-02 3.564853221178054810e-02 4.224921762943267822e-02 4.752204939723014832e-02 1.246183644980192184e-02 1.236004289239645004e-02 1.922243088483810425e-02 1.778026297688484192e-02 6.192937120795249939e-02 2.585673332214355469e-02 7.018029689788818359e-03 1.295779459178447723e-02 9.324712678790092468e-03 1.975400187075138092e-02 1.692359335720539093e-02 1.016018539667129517e-02 1.497044228017330170e-02
1.008275896310806274e-02 3.269346803426742554e-02 1.649572402238845825e-01 1.006084727123379707e-03 3.260161494836211205e-03 2.689289860427379608e-02 3.051046840846538544e-02 4.614223837852478027e-01 3.258697688579559326e-02 3.029274195432662964e-02 2.462042029947042465e-03 1.590301282703876495e-02 1.802243478596210480e-02 1.255646441131830215e-02 4.084314685314893723e-03 4.072089493274688721e-02 2.101873606443405151e-02 2.128939330577850342e-02 1.790913986042141914e-03 2.387883514165878296e-02 1.248052064329385757e-02 4.273523762822151184e-02 2.218157611787319183e-02 4.179111123085021973e-02 3.694828972220420837e-02 5.298199132084846497e-03 4.616519063711166382e-02 2.651432529091835022e-02 4.002263396978378296e-02 2.179107442498207092e-02 3.473569825291633606e-02 1.670046895742416382e-02 2.608066983520984650e-02 4.491493478417396545e-02 3.708626702427864075e-02 1.319247391074895859e-02 5.043538287281990051e-03 4.512258991599082947e-02 4.658755660057067871e-02 8.835997432470321655e-02 1.782418577931821346e-03 2.862499840557575226e-02 5.038860067725181580e-02 4.880190640687942505e-02 1.438408251851797104e-02 3.489439189434051514e-02 2.009144425392150879e-02 3.990964964032173157e-02 1.682094112038612366e-02 4.661237448453903198e-02 4.573160782456398010e-02 1.519692223519086838e-02 2.053316868841648102e-02 1.482760068029165268e-02 3.394379839301109314e-02 1.143166888505220413e-02 5.220191553235054016e-02 1.799808442592620850e-02 9.380429983139038086e-02 4.534548893570899963e-02 3.477039188146591187e-02 1.334512419998645782e-02 5.562368407845497131e-02 6.625690311193466187e-02 4.397423937916755676e-02 2.629518508911132812e-02 4.407253861427307129e-02 3.231433779001235962e-02 2.307307720184326172e-02 2.910218201577663422e-02 3.777024894952774048e-02 2.140154875814914703e-02 4.620102792978286743e-02 3.073504194617271423e-02 7.374682463705539703e-03 2.582121826708316803e-02 7.571960799396038055e-03 8.066185750067234039e-03 1.127484347671270370e-02 5.127541720867156982e-03 1.207893192768096924e-01 1.717642396688461304e-01 1.882654614746570587e-02 6.771282292902469635e-03 9.617753326892852783e-03 4.778202623128890991e-03 5.576857551932334900e-02 6.718045473098754883e-02 4.364758264273405075e-03 5.118592642247676849e-03 8.823200128972530365e-03 2.007721364498138428e-02 3.974394127726554871e-02 1.142167951911687851e-02 7.145239412784576416e-02 1.953193359076976776e-02 2.722454443573951721e-02 4.200238361954689026e-02 2.913933061063289642e-02 4.000311344861984253e-02 3.485129401087760925e-02 4.618788510560989380e-02 1.354087609797716141e-02 1.285682991147041321e-02 3.326330706477165222e-02 3.650044649839401245e-02 9.514931589365005493e-03 3.344878181815147400e-02 4.777016863226890564e-02 8.252239972352981567e-02 2.370763197541236877e-02 4.518809914588928223e-02 2.506375126540660858e-02 1.828858442604541779e-02 4.414677247405052185e-02 2.029647119343280792e-02
4.229295253753662109e-02 4.380258917808532715e-02 3.954400122165679932e-02 1.467946544289588928e-02 4.581126570701599121e-02 1.436643023043870926e-02 2.329908125102519989e-02 3.258697688579559326e-02 4.831683635711669922e-01 5.263625457882881165e-02 6.899047177284955978e-03 4.795551672577857971e-02 2.258322201669216156e-02 7.804144173860549927e-03 1.365862414240837097e-02 4.578530043363571167e-02 1.505255326628684998e-02 1.089917942881584167e-01 3.620891598984599113e-03 3.278751298785209656e-02 4.911419749259948730e-02 5.991213023662567139e-03 1.571600884199142456e-02 3.954952582716941833e-02 5.450524017214775085e-02 3.248254582285881042e-02 7.308505475521087646e-03 3.043949138373136520e-03 8.940136991441249847e-03 3.045660443603992462e-02 5.467353388667106628e-02 4.895528405904769897e-02 8.659992367029190063e-03 1.906237192451953888e-02 2.773453854024410248e-02 5.362397059798240662e-02 4.325142130255699158e-02 2.170036919414997101e-02 2.487410977482795715e-02 1.622088253498077393e-03 3.649400547146797180e-02 4.179149121046066284e-02 7.285697385668754578e-03 2.571810968220233917e-02 7.395480643026530743e-04 3.371385391801595688e-03 4.166386649012565613e-02 5.389150977134704590e-02 5.765188485383987427e-02 1.146050821989774704e-02 2.774776332080364227e-02 3.872063755989074707e-02 6.795341614633798599e-03 5.222963541746139526e-02 5.301306769251823425e-02 1.024389360100030899e-02 4.578761383891105652e-02 5.114301294088363647e-02 7.952627725899219513e-03 3.002893365919589996e-02 5.239705368876457214e-02 2.470915950834751129e-02 2.410961687564849854e-02 2.506719902157783508e-02 2.102928236126899719e-02 4.862703382968902588e-02 2.469757571816444397e-03 3.768842667341232300e-03 3.380269184708595276e-02 2.957320585846900940e-02 5.495560914278030396e-02 8.216901868581771851e-02 2.210014313459396362e-02 6.333096418529748917e-03 4.408271610736846924e-02 1.867302577011287212e-03 9.818692505359649658e-02 1.013169158250093460e-02 3.700342401862144470e-02 3.038484975695610046e-02 3.598443046212196350e-02 1.082953298464417458e-03 5.341409146785736084e-02 4.799300432205200195e-02 1.037629134953022003e-02 1.217725034803152084e-02 2.681591920554637909e-02 3.849636763334274292e-02 5.704727023839950562e-02 1.365592982620000839e-02 3.129541873931884766e-02 4.431387037038803101e-02 2.205300144851207733e-02 1.081881299614906311e-02 4.469767957925796509e-02 1.375328470021486282e-02 4.519503936171531677e-02 2.142319828271865845e-02 6.583180278539657593e-02 2.944443374872207642e-03 2.184901386499404907e-02 5.084405187517404556e-03 1.693557389080524445e-02 8.947390131652355194e-03 4.148846864700317383e-02 3.558796644210815430e-02 8.313673897646367550e-04 4.641762003302574158e-02 9.149787016212940216e-03 3.213904425501823425e-02 3.393165022134780884e-02 2.896183915436267853e-02 4.447717219591140747e-03 8.342580869793891907e-03 2.930115535855293274e-02 3.414196893572807312e-02
2.826576679944992065e-02 4.007312282919883728e-02 1.620526425540447235e-02 1.115905307233333588e-02 3.345269337296485901e-02 3.857298940420150757e-02 5.623989179730415344e-02 3.029274195432662964e-02 5.263625457882881165e-02 4.938752353191375732e-01 1.491195335984230042e-02 3.941748291254043579e-02 5.493625625967979431e-02 9.405371733009815216e-03 3.225579485297203064e-02 5.138748511672019958e-02 2.970425598323345184e-02 2.920993790030479431e-02 7.059169560670852661e-02 4.742173478007316589e-02 1.581370458006858826e-02 3.766134614124894142e-03 3.034466644749045372e-03 3.238901868462562561e-02 1.726524904370307922e-02 1.933965273201465607e-02 2.439497411251068115e-02 2.312456257641315460e-03 3.824967890977859497e-02 1.860251091420650482e-02 1.245667971670627594e-02 5.053943954408168793e-03 3.152739955112338066e-03 5.520243197679519653e-03 3.166375309228897095e-02 2.934835106134414673e-02 2.048658020794391632e-02 3.149981796741485596e-02 2.873625233769416809e-02 1.122900377959012985e-02 2.707463130354881287e-02 2.299191802740097046e-02 1.711141504347324371e-02 3.821250051259994507e-02 1.489463541656732559e-02 2.929083257913589478e-02 5.281843245029449463e-02 4.524585604667663574e-02 3.399978205561637878e-02 6.808029115200042725e-02 3.381469845771789551e-02 5.097268149256706238e-02 1.574788801372051239e-02 6.223316490650177002e-02 1.533813588321208954e-02 7.732852548360824585e-02 4.173220321536064148e-02 3.578545525670051575e-02 2.898474223911762238e-02 1.025513187050819397e-02 3.822329640388488770e-02 1.294655539095401764e-02 3.538576513528823853e-02 4.447175934910774231e-02 4.867905005812644958e-02 4.004489630460739136e-02 2.328260242938995361e-02 1.113087963312864304e-02 3.359947353601455688e-02 2.786302752792835236e-02 3.480396047234535217e-02 1.794368959963321686e-02 2.522813342511653900e-02 2.014406211674213409e-02 4.964182153344154358e-02 4.697421193122863770e-02 2.695138007402420044e-02 9.833344072103500366e-02 3.268687799572944641e-02 5.491513013839721680e-02 1.887356862425804138e-02 4.714935645461082458e-02 1.074104942381381989e-02 7.563405483961105347e-02 2.934623509645462036e-02 2.097585238516330719e-02 4.254945740103721619e-02 1.383223570883274078e-02 9.789343923330307007e-03 9.004341065883636475e-02 2.469098381698131561e-02 4.144546017050743103e-02 4.625236988067626953e-02 2.102993801236152649e-02 2.904615737497806549e-02 1.544904615730047226e-02 4.390950780361890793e-03 4.971006512641906738e-02 2.929213643074035645e-02 4.796327650547027588e-02 1.598061807453632355e-02 2.585201337933540344e-02 1.132410857826471329e-02 5.734959989786148071e-02 3.070690855383872986e-02 1.078010722994804382e-02 8.519713766872882843e-03 1.043394859880208969e-02 1.566379331052303314e-02 5.111343041062355042e-02 9.823914617300033569e-03 1.293865684419870377e-02 2.340618288144469261e-03 9.832913056015968323e-03 3.787479922175407410e-02 3.337210789322853088e-02
1.127876192331314087e-01 4.303432255983352661e-02 1.000276487320661545e-02 3.487473353743553162e-02 3.150535374879837036e-02 3.250491991639137268e-02 3.053669072687625885e-02 2.462042029947042465e-03 6.899047177284955978e-03 1.491195335984230042e-02 4.711144268512725830e-01 3.634484484791755676e-02 5.650909617543220520e-02 3.779828920960426331e-02 4.164203070104122162e-03 5.023013055324554443e-02 4.853954538702964783e-02 4.282731562852859497e-02 3.824048116803169250e-02 4.592195898294448853e-02 4.514699801802635193e-02 2.261323481798171997e-02 2.177330479025840759e-02 5.492842942476272583e-02 3.450697660446166992e-02 3.714494407176971436e-02 3.711010515689849854e-02 1.044316496700048447e-02 1.835987903177738190e-02 2.436111867427825928e-02 3.166623413562774658e-02 1.399549003690481186e-02 4.971290752291679382e-02 1.248286012560129166e-02 6.201169453561306000e-04 1.754804141819477081e-02 1.004056422971189022e-03 1.933571696281433105e-02 4.444935917854309082e-02 5.781416594982147217e-02 2.916265092790126801e-02 2.850858867168426514e-02 5.650603771209716797e-02 6.115742400288581848e-02 5.859645828604698181e-02 4.204804822802543640e-02 7.275415956974029541e-02 3.820751979947090149e-02 1.588642783463001251e-02 8.172580040991306305e-03 4.693520721048116684e-03 3.098296187818050385e-02 4.309028387069702148e-02 2.277865819633007050e-02 7.374524604529142380e-03 2.372611686587333679e-02 1.428953371942043304e-02 3.061363659799098969e-02 8.300563693046569824e-02 1.592918857932090759e-02 9.353655623272061348e-04 2.040535025298595428e-02 2.292706631124019623e-02 1.624320633709430695e-02 5.279855057597160339e-02 5.747536942362785339e-02 4.129447788000106812e-02 1.941598765552043915e-02 8.873493410646915436e-03 2.709607407450675964e-02 1.040804572403430939e-02 3.161128237843513489e-02 6.083108112215995789e-02 2.954666502773761749e-03 2.316039428114891052e-02 4.245512560009956360e-02 3.317087143659591675e-02 1.485225651413202286e-02 1.312696561217308044e-02 3.495311737060546875e-02 4.608981311321258545e-02 4.134657606482505798e-02 2.122976072132587433e-02 1.698303152807056904e-03 2.962653525173664093e-03 2.121225930750370026e-02 2.220294624567031860e-02 4.083859920501708984e-02 7.462611049413681030e-02 3.425907343626022339e-02 2.061786502599716187e-02 7.927397266030311584e-03 6.119266618043184280e-03 2.862421236932277679e-02 4.818026442080736160e-03 2.568179368972778320e-02 1.434017438441514969e-02 3.551762923598289490e-02 1.906883344054222107e-02 2.919805049896240234e-02 1.116952393203973770e-02 2.122575603425502777e-02 2.962221764028072357e-02 1.229648850858211517e-02 3.241474181413650513e-02 4.385684430599212646e-02 1.719109900295734406e-02 5.661978200078010559e-02 3.784186765551567078e-02 4.029330238699913025e-02 2.817215211689472198e-02 4.303927067667245865e-03 1.632930338382720947e-02 1.123500987887382507e-02 5.004982277750968933e-02 2.468709833920001984e-02
3.991603478789329529e-02 2.416580915451049805e-02 1.308266911655664444e-02 3.095679916441440582e-02 3.794632107019424438e-02 4.509302228689193726e-02 3.807735443115234375e-02 1.590301282703876495e-02 4.795551672577857971e-02 3.941748291254043579e-02 3.634484484791755676e-02 4.580603539943695068e-01 2.619778923690319061e-02 2.285031676292419434e-01 2.015461772680282593e-02 2.580086141824722290e-02 2.064124122262001038e-02 8.564325049519538879e-03 4.176761582493782043e-02 2.886529546231031418e-04 2.259578555822372437e-02 1.935148611664772034e-02 3.341464325785636902e-02 1.548105478286743164e-02 3.354910388588905334e-02 5.168105289340019226e-02 2.831694670021533966e-02 2.104896120727062225e-02 4.345291480422019958e-02 2.824341505765914917e-02 5.881524085998535156e-02 1.737033389508724213e-02 1.783825643360614777e-02 5.635081604123115540e-02 3.059521503746509552e-02 2.997494768351316452e-03 2.862122096121311188e-02 3.105816431343555450e-02 4.380938038229942322e-02 1.371595822274684906e-02 2.827050350606441498e-02 7.808053866028785706e-03 4.888877645134925842e-02 3.289079293608665466e-02 4.796081781387329102e-02 1.429092232137918472e-02 1.149124093353748322e-02 1.899357885122299194e-02 2.866395749151706696e-02 2.656902186572551727e-02 7.405749638564884663e-04 2.978223375976085663e-02 4.344735294580459595e-02 5.685386434197425842e-02 2.061350084841251373e-02 2.784389257431030273e-02 3.853997588157653809e-02 6.227083876729011536e-02 1.409699022769927979e-02 4.723766073584556580e-02 6.932394579052925110e-03 1.789034157991409302e-02 2.144280262291431427e-02 6.960397213697433472e-02 4.396407306194305420e-02 5.171028152108192444e-02 4.014125093817710876e-02 1.093075983226299286e-02 3.645653277635574341e-02 6.546010728925466537e-03 3.748763725161552429e-02 2.736769057810306549e-02 1.410040073096752167e-02 3.853585198521614075e-02 3.774509951472282410e-02 3.473928198218345642e-02 5.909557640552520752e-02 2.673117443919181824e-02 1.103199459612369537e-02 2.174857072532176971e-02 1.918532885611057281e-02 6.336119025945663452e-02 1.429446507245302200e-02 2.848225086927413940e-02 2.992992475628852844e-02 1.150228921324014664e-02 2.119048498570919037e-02 3.226299956440925598e-02 3.349819406867027283e-02 7.550390902906656265e-03 1.625785604119300842e-02 2.820424735546112061e-02 2.125214971601963043e-02 3.371245041489601135e-02 8.125964552164077759e-02 3.419065102934837341e-02 3.161286190152168274e-02 3.891022503376007080e-02 3.963783755898475647e-02 4.459808021783828735e-02 2.786429971456527710e-02 3.095791302621364594e-02 3.040451742708683014e-02 2.164068864658474922e-03 2.864605747163295746e-02 1.329280622303485870e-02 2.693300880491733551e-02 2.267050929367542267e-02 3.970175608992576599e-02 4.232444334775209427e-03 1.891964115202426910e-02 4.485355690121650696e-03 1.947448123246431351e-03 4.485537484288215637e-02 3.585170209407806396e-02 7.417683303356170654e-02
5.339847877621650696e-02 1.012976989150047302e-01 4.652617499232292175e-02 4.707290604710578918e-02 3.345078602433204651e-02 3.282857313752174377e-02 1.785914227366447449e-02 1.802243478596210480e-02 2.258322201669216156e-02 5.493625625967979431e-02 5.650909617543220520e-02 2.619778923690319061e-02 4.751081168651580811e-01 4.228716716170310974e-02 3.454025089740753174e-02 7.971414178609848022e-02 6.839142739772796631e-02 1.116857957094907761e-02 1.428402145393192768e-03 1.542170066386461258e-02 1.674099080264568329e-02 2.582585811614990234e-02 6.940910965204238892e-02 3.676181286573410034e-02 4.306363314390182495e-02 2.363037317991256714e-03 3.046143613755702972e-02 3.986530005931854248e-02 4.001453053206205368e-03 2.987509034574031830e-02 1.487748976796865463e-02 1.316555496305227280e-02 4.475336894392967224e-02 1.711769402027130127e-02 3.306740522384643555e-02 4.514253512024879456e-02 1.266518048942089081e-02 2.400819910690188408e-03 1.664487645030021667e-02 2.319384180009365082e-02 1.329252379946410656e-03 1.700455509126186371e-02 2.428111992776393890e-02 3.747718175873160362e-03 2.765357866883277893e-02 1.606912910938262939e-02 6.043265759944915771e-02 3.392761573195457458e-02 2.699570544064044952e-02 4.518013074994087219e-02 1.669618114829063416e-02 1.688200421631336212e-02 2.711424371227622032e-03 4.578392952680587769e-02 1.291684573516249657e-03 2.254174090921878815e-02 3.683146461844444275e-02 3.589605540037155151e-02 1.322546787559986115e-02 5.042443051934242249e-02 5.620971322059631348e-02 9.754721075296401978e-03 1.119525637477636337e-02 1.592943631112575531e-02 3.958649560809135437e-02 6.764638423919677734e-02 5.063025653362274170e-02 9.919083677232265472e-03 6.421717698685824871e-04 5.922592245042324066e-03 3.630281984806060791e-02 4.212921485304832458e-03 4.209304600954055786e-02 5.445580556988716125e-02 5.092719942331314087e-02 2.699031308293342590e-02 3.832902014255523682e-02 3.128462284803390503e-02 3.047886304557323456e-03 4.510729759931564331e-02 8.484328165650367737e-03 4.432009160518646240e-02 3.844607248902320862e-02 5.477849021553993225e-02 2.694010362029075623e-02 2.276377566158771515e-02 1.600497215986251831e-02 8.676321245729923248e-03 1.036427356302738190e-02 4.781788960099220276e-02 2.780701778829097748e-02 1.911347731947898865e-02 7.925980607978999615e-04 6.531386822462081909e-02 2.346326829865574837e-03 4.711037501692771912e-02 4.384647682309150696e-02 6.052097771316766739e-03 5.577838420867919922e-02 4.444881528615951538e-02 1.172605622559785843e-02 2.369284257292747498e-02 1.535919029265642166e-02 2.521853893995285034e-02 6.306366529315710068e-03 2.106713131070137024e-02 5.203293636441230774e-02 8.514634682796895504e-04 1.368907932192087173e-02 3.486793860793113708e-02 3.446510434150695801e-02 6.344061810523271561e-03 4.296310618519783020e-02 6.021821126341819763e-02 4.705834016203880310e-02 4.191005975008010864e-02
