5.183764696121215820e-01 9.676742553710937500e-02 7.882504723966121674e-04 3.068491350859403610e-03 1.066363765858113766e-03 7.966230809688568115e-02 8.519151061773300171e-02 2.994224801659584045e-02 1.803177222609519958e-02 4.652943462133407593e-03 8.364611119031906128e-02 4.979506880044937134e-02 6.391844898462295532e-02 1.484017353504896164e-03 3.932156413793563843e-02 3.658166155219078064e-02 3.809427097439765930e-02 4.062845185399055481e-02 3.859063610434532166e-02 6.992705166339874268e-03 1.228749565780162811e-02 1.520063541829586029e-02 7.971554994583129883e-03 3.186609223484992981e-02 4.257484152913093567e-02 4.582214727997779846e-02 1.935697905719280243e-02 3.367498889565467834e-02 2.211486175656318665e-02 2.356737386435270309e-03 2.356401458382606506e-02 3.200390783604234457e-04 4.020778462290763855e-02 5.040603224188089371e-03 1.815884374082088470e-02 5.171444639563560486e-02 3.216426447033882141e-02 2.158535271883010864e-02 3.947330638766288757e-02 1.756635610945522785e-03 6.708197295665740967e-03 7.003959733992815018e-03 2.684236317873001099e-02 1.905055902898311615e-02 3.441089391708374023e-02 4.198229685425758362e-02 4.225118458271026611e-02 5.806541815400123596e-02 2.652028948068618774e-02 4.440979287028312683e-02 3.134071081876754761e-02 2.732174657285213470e-02 3.303053975105285645e-02 1.648262515664100647e-02 2.847388014197349548e-02 1.433984935283660889e-02 2.864097990095615387e-02 3.789058700203895569e-02 2.772647328674793243e-02 9.867263957858085632e-03 3.283473849296569824e-02 1.739464886486530304e-02 3.566294908523559570e-02 3.399559855461120605e-02 6.063668057322502136e-03 8.459322853013873100e-04 1.001564785838127136e-02 2.589293941855430603e-02 3.121300833299756050e-03 2.425366081297397614e-02 2.996571129187941551e-03 5.054992157965898514e-03 1.196625735610723495e-02 3.807571902871131897e-02 3.326885774731636047e-02 1.503637642599642277e-03 1.601436361670494080e-02 9.999210946261882782e-03 4.692296311259269714e-02 2.448348561301827431e-03 1.448500901460647583e-02 6.479310803115367889e-03 1.685398444533348083e-02 2.858180552721023560e-02 3.956736996769905090e-02 1.374583877623081207e-02 3.656033426523208618e-02 1.285120658576488495e-02 2.149942517280578613e-02 2.950366213917732239e-02 4.028955474495887756e-02 1.103353966027498245e-02 1.531563047319650650e-02 3.206153586506843567e-02 5.758978892117738724e-03 1.175246573984622955e-02 3.831900283694267273e-02 3.387026488780975342e-03 1.889766193926334381e-02 2.037029154598712921e-02 1.319371350109577179e-02 2.883095480501651764e-02 2.683759294450283051e-02 6.320700049400329590e-03 3.008751757442951202e-02 9.241899242624640465e-04 2.320403698831796646e-03 1.350828912109136581e-02 4.650923609733581543e-02 2.792943641543388367e-02 4.923762008547782898e-02 3.019573912024497986e-02 1.041337382048368454e-03 3.212037310004234314e-02 2.205940335988998413e-02 1.982119493186473846e-02
9.676742553710937500e-02 5.202763676643371582e-01 5.982795846648514271e-04 4.355486016720533371e-03 1.711542531847953796e-02 7.841351628303527832e-02 8.810602128505706787e-02 2.563139051198959351e-02 5.689769983291625977e-03 2.470895648002624512e-02 7.927006483078002930e-02 3.166026994585990906e-02 7.593592256307601929e-02 1.134722307324409485e-02 2.405313774943351746e-02 2.974255383014678955e-02 3.719230368733406067e-02 2.025968767702579498e-02 2.451717108488082886e-02 7.207796443253755569e-03 3.047114703804254532e-03 1.440882030874490738e-02 1.669693179428577423e-02 3.684298694133758545e-02 3.772623836994171143e-02 4.028503224253654480e-02 4.621788859367370605e-02 5.088711529970169067e-02 2.638611011207103729e-02 2.283488959074020386e-02 8.816297166049480438e-03 1.460876595228910446e-02 2.273523807525634766e-02 3.123738430440425873e-02 5.054787266999483109e-03 4.623209685087203979e-02 2.094606310129165649e-02 4.747043363749980927e-03 4.202467575669288635e-02 3.067425079643726349e-02 3.357407404109835625e-03 1.665200688876211643e-03 1.971125043928623199e-02 5.051768198609352112e-02 2.167459949851036072e-02 4.481889307498931885e-02 3.782525658607482910e-02 5.324401333928108215e-02 2.192342840135097504e-02 4.466051608324050903e-02 3.885098546743392944e-02 2.657947130501270294e-02 2.911368384957313538e-02 7.335068657994270325e-03 1.791669800877571106e-02 3.704263642430305481e-02 3.432339802384376526e-02 3.491232544183731079e-02 2.240529097616672516e-02 9.398260153830051422e-03 3.356815502047538757e-02 3.949274867773056030e-02 4.773157462477684021e-02 3.266986459493637085e-02 6.639719358645379543e-04 1.013640873134136200e-02 1.257518120110034943e-02 2.149718813598155975e-02 8.931979537010192871e-03 4.860861599445343018e-02 6.086939014494419098e-03 2.501668035984039307e-02 8.296322077512741089e-03 8.123221807181835175e-03 2.380681224167346954e-02 3.586348891258239746e-02 1.188646652735769749e-03 7.157376501709222794e-03 2.406371198594570160e-02 1.763333007693290710e-02 3.609444946050643921e-03 2.247442118823528290e-02 3.868761286139488220e-02 3.127747029066085815e-02 3.284478932619094849e-02 1.385941728949546814e-02 2.906758710741996765e-02 1.732436195015907288e-02 2.106120623648166656e-02 2.682879380881786346e-02 2.884697914123535156e-02 1.463077869266271591e-02 2.612157166004180908e-02 2.767411433160305023e-02 8.877683430910110474e-03 1.895212568342685699e-02 1.625310070812702179e-02 1.410738006234169006e-02 1.257303822785615921e-02 1.107820123434066772e-02 1.834318414330482483e-02 2.858969010412693024e-02 5.299774557352066040e-02 1.497912686318159103e-02 4.477083310484886169e-02 2.359169535338878632e-02 2.360958606004714966e-04 4.611992835998535156e-02 3.554510697722434998e-02 2.624059282243251801e-02 2.428522706031799316e-02 2.917948924005031586e-02 1.608789153397083282e-02 1.107400096952915192e-02 1.125187706202268600e-02 6.047386303544044495e-02
7.882504723966121674e-04 5.982795846648514271e-04 4.876340329647064209e-01 2.716770581901073456e-02 4.832476750016212463e-02 4.025276005268096924e-02 3.094705194234848022e-02 2.687491290271282196e-02 4.037150647491216660e-03 3.873508796095848083e-02 1.536586415022611618e-02 7.279737852513790131e-03 1.631965162232518196e-03 5.956977140158414841e-03 1.025581732392311096e-03 1.142268162220716476e-02 2.191256918013095856e-02 3.998057544231414795e-02 5.278635025024414062e-02 2.887034788727760315e-02 8.645039983093738556e-03 4.029968008399009705e-02 2.335911057889461517e-02 1.191272027790546417e-02 4.231333732604980469e-02 3.796274960041046143e-02 6.406885385513305664e-02 6.014280021190643311e-02 4.454608634114265442e-02 4.522671923041343689e-02 3.799024969339370728e-02 5.076712369918823242e-02 3.673120960593223572e-02 4.905062913894653320e-02 2.661064639687538147e-02 2.463561948388814926e-03 5.183544475585222244e-03 4.014629870653152466e-02 2.286875247955322266e-02 9.422554075717926025e-02 1.042158994823694229e-02 5.795911420136690140e-03 8.948553353548049927e-03 9.330010972917079926e-03 2.073033340275287628e-02 4.438954964280128479e-02 3.679497912526130676e-02 2.207600139081478119e-02 9.179754182696342468e-03 3.014023043215274811e-02 3.054021298885345459e-02 4.860682040452957153e-02 3.009209595620632172e-02 2.339196577668190002e-02 1.882642135024070740e-02 6.826532632112503052e-02 6.306131929159164429e-02 4.433050751686096191e-02 7.576329633593559265e-03 5.026014987379312515e-03 1.325002033263444901e-02 1.233824435621500015e-02 7.759850937873125076e-03 4.854741320013999939e-02 4.929294344037771225e-03 1.457579527050256729e-02 3.548666089773178101e-02 9.763433597981929779e-03 4.371057078242301941e-02 1.927280984818935394e-02 5.383851472288370132e-03 4.039338603615760803e-02 3.107068361714482307e-03 3.590853139758110046e-02 2.137508010491728783e-03 3.493008390069007874e-02 2.092025987803936005e-02 1.836012303829193115e-02 3.503933176398277283e-02 1.142221968621015549e-02 2.497645467519760132e-02 5.266762338578701019e-03 1.236150879412889481e-02 3.536745440214872360e-03 1.291808858513832092e-02 4.673488810658454895e-02 2.950587496161460876e-02 4.600166156888008118e-02 3.937434777617454529e-02 3.392980434000492096e-04 1.751422509551048279e-02 4.336563870310783386e-02 4.722922295331954956e-02 2.647162228822708130e-02 1.292722765356302261e-02 6.006760988384485245e-03 4.661681887228041887e-04 2.311200834810733795e-02 3.186910226941108704e-02 5.963018909096717834e-02 1.805425435304641724e-02 2.140062116086483002e-02 5.058330483734607697e-03 4.028448835015296936e-02 1.206615287810564041e-02 3.388182073831558228e-02 6.420796271413564682e-03 4.376095719635486603e-03 5.270116962492465973e-03 1.086451206356287003e-02 4.322710633277893066e-02 4.763348493725061417e-03 7.851428352296352386e-03 5.256796255707740784e-02 2.917138859629631042e-02 3.977067768573760986e-02
3.068491350859403610e-03 4.355486016720533371e-03 2.716770581901073456e-02 5.026657581329345703e-01 1.538065522909164429e-01 2.615609392523765564e-02 6.316980579867959023e-04 2.423026785254478455e-02 1.423009764403104782e-02 2.380822697887197137e-04 1.929239928722381592e-02 1.237492542713880539e-02 1.550402678549289703e-02 3.766833618283271790e-02 3.837141394615173340e-02 6.736729759722948074e-03 1.023289002478122711e-02 8.322307467460632324e-02 4.163831099867820740e-02 3.900396078824996948e-02 1.144863758236169815e-02 4.552616924047470093e-02 3.225094452500343323e-02 2.437128918245434761e-03 2.680155076086521149e-02 5.478809587657451630e-03 1.921174675226211548e-02 4.556719958782196045e-02 4.103302024304866791e-03 2.696275152266025543e-02 3.728371113538742065e-03 2.272743545472621918e-02 3.346807509660720825e-02 2.481536380946636200e-02 4.230255633592605591e-02 1.962163485586643219e-02 7.039714604616165161e-03 1.243436709046363831e-02 5.175208672881126404e-02 2.127578668296337128e-02 2.373690716922283173e-02 2.035868354141712189e-02 2.720149233937263489e-03 1.477891299873590469e-02 4.435857012867927551e-02 4.020239412784576416e-02 2.968813106417655945e-02 2.819604938849806786e-03 3.807253763079643250e-02 2.800613269209861755e-02 2.436912246048450470e-02 9.241362102329730988e-03 4.363852366805076599e-02 2.037500496953725815e-03 3.455009311437606812e-03 4.087121412158012390e-02 3.168816864490509033e-02 2.790357358753681183e-02 1.919328048825263977e-02 3.353082016110420227e-02 3.510711342096328735e-02 1.870378106832504272e-02 3.928384929895401001e-02 3.607759252190589905e-02 1.623544027097523212e-03 1.597206480801105499e-02 2.116526477038860321e-02 4.158743470907211304e-02 3.944725915789604187e-02 1.038581226021051407e-02 5.035661160945892334e-02 2.013693330809473991e-03 4.842634871602058411e-02 3.747218288481235504e-03 1.736316457390785217e-02 1.535157114267349243e-02 3.935053572058677673e-02 5.105217546224594116e-02 4.367925226688385010e-02 3.672921285033226013e-02 4.159542918205261230e-02 1.043024938553571701e-02 1.237500607967376709e-01 3.733999282121658325e-02 3.298172727227210999e-02 2.859623543918132782e-02 1.507028751075267792e-02 1.484246551990509033e-02 2.274940721690654755e-02 1.520526874810457230e-02 2.083489438518881798e-03 5.707593634724617004e-02 1.739436015486717224e-02 5.863061919808387756e-02 2.032481133937835693e-02 2.643938176333904266e-02 1.493572909384965897e-02 3.635556995868682861e-02 7.968002930283546448e-03 3.485874086618423462e-02 1.994374208152294159e-02 2.628132328391075134e-02 1.537119969725608826e-02 4.327587410807609558e-02 1.149131078273057938e-02 1.781217008829116821e-02 4.192879050970077515e-02 2.111908281221985817e-03 1.752446591854095459e-02 3.113994002342224121e-02 2.069699577987194061e-02 1.177279092371463776e-02 2.370336838066577911e-02 9.496240876615047455e-03 3.478123620152473450e-02 4.300547391176223755e-02
1.066363765858113766e-03 1.711542531847953796e-02 4.832476750016212463e-02 1.538065522909164429e-01 5.122235417366027832e-01 4.916268587112426758e-02 2.547662891447544098e-02 2.849891409277915955e-02 4.698961565736681223e-04 3.599992021918296814e-02 1.635758951306343079e-02 3.938493505120277405e-02 3.102563880383968353e-02 4.177543893456459045e-02 2.698469720780849457e-02 5.070013925433158875e-03 3.931864723563194275e-02 8.216116577386856079e-02 4.750370606780052185e-02 4.057041183114051819e-02 1.489472808316349983e-03 3.008076548576354980e-02 2.103723399341106415e-02 2.368612401187419891e-02 1.444967743009328842e-02 1.698427274823188782e-02 5.621040239930152893e-02 7.928016711957752705e-04 4.518758133053779602e-02 4.688905552029609680e-03 4.003178700804710388e-02 2.094043185934424400e-03 4.784265533089637756e-02 5.194918811321258545e-02 1.339480839669704437e-02 3.677975386381149292e-02 2.137123607099056244e-02 6.358990911394357681e-03 3.960182517766952515e-02 6.347094476222991943e-02 2.658377587795257568e-02 3.261846676468849182e-02 1.189047284424304962e-02 2.116655185818672180e-02 4.164868965744972229e-02 2.136860415339469910e-02 1.012307126075029373e-02 1.930212415754795074e-02 2.028782479465007782e-02 5.183557979762554169e-03 5.002258345484733582e-02 2.212218940258026123e-02 3.892613574862480164e-02 2.326565980911254883e-02 1.809762977063655853e-02 1.167825702577829361e-02 5.213852599263191223e-02 4.726665094494819641e-02 1.282932516187429428e-02 4.236751049757003784e-02 4.115948826074600220e-02 2.774253860116004944e-02 4.212594404816627502e-02 3.862775862216949463e-03 9.365906938910484314e-03 3.349354723468422890e-03 2.571104653179645538e-02 4.815442487597465515e-02 3.978221863508224487e-02 3.840349614620208740e-02 2.907136082649230957e-02 4.067265987396240234e-02 1.924558915197849274e-02 3.718844801187515259e-02 2.792767621576786041e-02 5.041395127773284912e-02 3.548379987478256226e-02 3.044516965746879578e-02 5.032254010438919067e-02 1.338815782219171524e-02 4.741622880101203918e-02 2.165518701076507568e-02 1.323882937431335449e-01 8.102954179048538208e-02 4.428150132298469543e-02 4.244094714522361755e-02 5.315475165843963623e-03 4.752399772405624390e-02 4.634888842701911926e-02 2.218892984092235565e-02 1.549341948702931404e-03 5.256278812885284424e-02 3.524354845285415649e-02 3.883782029151916504e-02 2.085532620549201965e-02 1.730507239699363708e-02 1.754377037286758423e-02 4.427424073219299316e-02 3.161576809361577034e-03 3.915518149733543396e-02 2.751023322343826294e-02 4.799836128950119019e-02 7.350353524088859558e-03 4.443078860640525818e-02 2.362839505076408386e-02 4.313678480684757233e-03 5.214386433362960815e-02 2.838429622352123260e-02 9.226583875715732574e-03 6.718137301504611969e-03 1.693288050591945648e-02 1.525776833295822144e-02 1.858186908066272736e-02 2.833669632673263550e-02 2.753242105245590210e-02 3.545421350281685591e-04
7.966230809688568115e-02 7.841351628303527832e-02 4.025276005268096924e-02 2.615609392523765564e-02 4.916268587112426758e-02 5.197659134864807129e-01 1.165361404418945312e-01 2.798330038785934448e-02 1.673191599547863007e-02 3.980360180139541626e-02 6.562171876430511475e-02 1.048972923308610916e-02 5.659399181604385376e-02 3.671206906437873840e-02 1.311483047902584076e-02 1.402084995061159134e-02 2.508647274225950241e-03 2.322896942496299744e-02 4.294871538877487183e-02 4.594603553414344788e-02 3.796180710196495056e-02 1.867676153779029846e-02 2.181777358055114746e-02 2.478252630680799484e-03 1.607440784573554993e-02 1.640038751065731049e-02 3.367180004715919495e-02 2.764434553682804108e-02 1.530800200998783112e-02 1.363521069288253784e-02 6.945414934307336807e-03 3.168239817023277283e-02 1.992085948586463928e-02 1.501690968871116638e-02 3.870994225144386292e-02 1.812194660305976868e-02 5.034205317497253418e-02 1.619730028323829174e-03 1.193835679441690445e-02 1.222879439592361450e-02 2.969255857169628143e-02 1.332177035510540009e-02 5.196558777242898941e-04 4.198725149035453796e-02 5.229804292321205139e-02 2.679315023124217987e-02 9.603262692689895630e-02 9.577669203281402588e-02 4.141235724091529846e-03 2.496785670518875122e-02 3.667896986007690430e-02 3.055752627551555634e-02 9.669556282460689545e-03 4.650742560625076294e-02 2.838780358433723450e-02 6.410112138837575912e-03 1.305284816771745682e-02 4.396342486143112183e-02 5.659354105591773987e-02 2.320872247219085693e-02 2.518789097666740417e-02 4.570058733224868774e-02 2.432938665151596069e-02 1.759929955005645752e-02 3.176007792353630066e-02 3.387819277122616768e-03 4.688190668821334839e-02 3.654459118843078613e-02 2.193699590861797333e-02 1.749564148485660553e-02 1.639463566243648529e-02 2.844371367245912552e-03 3.742654994130134583e-02 3.299145773053169250e-02 3.108615428209304810e-02 1.045935600996017456e-02 6.375969387590885162e-03 1.306033320724964142e-02 1.216243579983711243e-02 3.754160180687904358e-02 4.897456988692283630e-02 2.730677369982004166e-03 4.024434089660644531e-02 3.510820493102073669e-02 2.105632610619068146e-02 2.409957116469740868e-03 2.590038347989320755e-03 4.093355033546686172e-03 2.498514577746391296e-02 8.353954181075096130e-03 6.303551793098449707e-02 1.202405616641044617e-02 7.727582752704620361e-02 3.454166278243064880e-02 6.912271492183208466e-03 3.784377500414848328e-02 1.314532198011875153e-02 4.507193714380264282e-02 1.096671540290117264e-02 5.049976520240306854e-03 3.460669890046119690e-02 1.066291704773902893e-03 2.081690914928913116e-02 4.679255187511444092e-02 3.158714249730110168e-02 2.350848540663719177e-02 4.173400998115539551e-02 7.711435668170452118e-03 5.516043747775256634e-04 4.023790732026100159e-02 5.907103884965181351e-03 1.187520474195480347e-02 1.259074453264474869e-02 3.955172002315521240e-02 2.743588574230670929e-02 3.923738375306129456e-02
8.519151061773300171e-02 8.810602128505706787e-02 3.094705194234848022e-02 6.316980579867959023e-04 2.547662891447544098e-02 1.165361404418945312e-01 5.219691395759582520e-01 2.596890181303024292e-02 7.947192061692476273e-04 5.366870015859603882e-02 7.246438413858413696e-02 1.729263737797737122e-02 6.038662418723106384e-02 4.689998179674148560e-02 1.763340830802917480e-02 6.676523014903068542e-03 4.628409165889024734e-03 2.798047661781311035e-02 4.195833578705787659e-02 1.829886250197887421e-02 2.086074836552143097e-02 1.418570987880229950e-02 1.341366861015558243e-02 1.651848852634429932e-02 4.739119857549667358e-02 4.442987218499183655e-02 2.612624503672122955e-02 1.539606228470802307e-02 2.128972858190536499e-02 2.874705195426940918e-02 3.984572365880012512e-03 7.489755749702453613e-03 3.319725021719932556e-02 2.435203408822417259e-03 3.928039595484733582e-02 6.733532994985580444e-03 2.835348434746265411e-02 9.622778743505477905e-03 2.166656032204627991e-02 3.052856773138046265e-02 2.075807563960552216e-02 9.551786817610263824e-03 2.518365858122706413e-03 4.562566801905632019e-02 4.127395525574684143e-02 4.469072073698043823e-02 8.170070499181747437e-02 7.969953864812850952e-02 3.614449233282357454e-04 1.020319852977991104e-02 5.165499076247215271e-02 4.619457572698593140e-02 2.028296887874603271e-02 4.207604005932807922e-02 3.391869738698005676e-02 1.136833988130092621e-02 7.474919315427541733e-03 2.739812433719635010e-02 5.799493193626403809e-02 1.699052751064300537e-02 1.719797775149345398e-02 4.526494443416595459e-02 2.352304197847843170e-02 2.334402874112129211e-02 1.587435975670814514e-02 7.422145456075668335e-03 2.480004169046878815e-02 3.693423420190811157e-02 2.935799211263656616e-02 2.075116336345672607e-02 2.052682824432849884e-02 1.221079286187887192e-02 3.973873704671859741e-02 3.698928281664848328e-02 1.695080474019050598e-02 2.801262540742754936e-03 2.053652890026569366e-02 5.596004892140626907e-03 2.394916862249374390e-02 4.673856496810913086e-02 4.387741163372993469e-02 1.065152417868375778e-02 3.429540619254112244e-02 2.954753302037715912e-02 3.562078252434730530e-02 7.956693880259990692e-03 1.355559192597866058e-02 1.468508783727884293e-02 1.737174391746520996e-02 1.230479776859283447e-02 5.109515413641929626e-02 2.500705420970916748e-02 6.309320032596588135e-02 1.680787093937397003e-02 2.465329132974147797e-02 5.159179866313934326e-02 2.816229313611984253e-02 4.987803846597671509e-02 6.458904594182968140e-03 1.584867015480995178e-03 5.205670371651649475e-02 1.307797525078058243e-02 1.152255386114120483e-02 4.861602187156677246e-02 2.396789193153381348e-02 2.847454510629177094e-02 4.925874248147010803e-02 1.642607897520065308e-02 1.622250676155090332e-02 4.229046776890754700e-02 2.437985874712467194e-02 2.819031476974487305e-02 3.167932620272040367e-03 2.929097600281238556e-02 4.216751083731651306e-02 4.547627270221710205e-02
2.994224801659584045e-02 2.563139051198959351e-02 2.687491290271282196e-02 2.423026785254478455e-02 2.849891409277915955e-02 2.798330038785934448e-02 2.596890181303024292e-02 5.027890205383300781e-01 2.331159822642803192e-02 2.332780510187149048e-02 3.715742751955986023e-02 2.986591309309005737e-02 1.189264934509992599e-03 8.516069501638412476e-03 4.277097433805465698e-02 6.763934623450040817e-03 1.039261277765035629e-02 3.160663321614265442e-02 3.287599247414618731e-04 5.366400629281997681e-02 4.212690144777297974e-02 5.637630820274353027e-02 4.880557954311370850e-02 3.604649752378463745e-02 1.596410875208675861e-03 3.371916338801383972e-02 5.145657807588577271e-02 4.785804077982902527e-02 3.913452476263046265e-02 5.022898688912391663e-02 1.237103901803493500e-02 3.525153174996376038e-02 2.669411338865756989e-02 4.652284830808639526e-02 2.132066525518894196e-02 3.962177410721778870e-02 2.041416801512241364e-02 2.821627259254455566e-02 3.421274945139884949e-02 4.572089388966560364e-02 3.199699148535728455e-02 1.063394080847501755e-02 6.823708768934011459e-03 2.728191670030355453e-03 3.118387982249259949e-02 5.429419130086898804e-02 7.886987179517745972e-03 1.170322671532630920e-02 1.648079790174961090e-02 7.144364528357982635e-03 3.273787349462509155e-02 1.070302072912454605e-02 1.116353832185268402e-02 3.558571217581629753e-03 3.573673777282238007e-03 4.600790143013000488e-02 3.967471048235893250e-02 1.418923866003751755e-02 4.186197649687528610e-03 1.455975882709026337e-02 4.229465126991271973e-02 4.459347203373908997e-02 4.558407887816429138e-02 6.767537444829940796e-02 3.552424907684326172e-02 2.984596358146518469e-04 1.738626137375831604e-02 3.206436336040496826e-02 2.329471148550510406e-02 3.669058158993721008e-02 2.119187731295824051e-03 2.982974797487258911e-02 7.897382602095603943e-03 1.572598516941070557e-02 1.636835560202598572e-02 5.007521435618400574e-02 2.932558953762054443e-02 5.455657839775085449e-03 1.945236325263977051e-02 1.967871934175491333e-02 5.812986940145492554e-02 7.759971171617507935e-02 4.084523767232894897e-02 2.294451370835304260e-02 1.626642234623432159e-02 7.380700204521417618e-03 7.604096084833145142e-02 3.376417607069015503e-02 4.321368783712387085e-02 7.567597087472677231e-03 1.436594873666763306e-02 5.299454927444458008e-02 1.052014902234077454e-02 3.593459352850914001e-02 1.373189617879688740e-03 4.616758599877357483e-02 4.550435394048690796e-02 5.466553196310997009e-02 4.244841262698173523e-02 1.807618886232376099e-02 1.964968442916870117e-02 2.349170856177806854e-02 4.547550901770591736e-02 7.708469405770301819e-03 1.751169748604297638e-02 4.607399459928274155e-03 8.259701426140964031e-04 4.543673619627952576e-02 7.770458701997995377e-03 2.330422215163707733e-02 4.721019417047500610e-02 3.872498124837875366e-02 5.169317009858787060e-04 1.338414940983057022e-02 2.102031558752059937e-02 5.279100313782691956e-02
1.803177222609519958e-02 5.689769983291625977e-03 4.037150647491216660e-03 1.423009764403104782e-02 4.698961565736681223e-04 1.673191599547863007e-02 7.947192061692476273e-04 2.331159822642803192e-02 5.183031558990478516e-01 5.003438889980316162e-02 3.394232690334320068e-02 6.385440938174724579e-03 1.263691461645066738e-03 4.524744302034378052e-02 1.745614456012845039e-03 6.768315564841032028e-03 1.265075989067554474e-02 1.369641069322824478e-02 1.977327652275562286e-02 2.669532969594001770e-02 1.125895869336090982e-04 1.116471644490957260e-02 4.092607647180557251e-02 4.136651009321212769e-02 5.281736701726913452e-02 4.966074600815773010e-02 4.347273334860801697e-02 4.560217633843421936e-02 5.955227464437484741e-02 2.167215803638100624e-03 2.348208054900169373e-02 3.586627542972564697e-02 4.681275039911270142e-02 4.762094095349311829e-02 4.333377256989479065e-02 1.347185391932725906e-02 7.424335926771163940e-03 3.436307609081268311e-02 2.115919999778270721e-02 4.871932044625282288e-02 2.887887507677078247e-02 3.494939953088760376e-02 2.959363907575607300e-02 1.188887399621307850e-03 4.733354225754737854e-02 4.259924963116645813e-02 1.163727138191461563e-02 1.553092896938323975e-02 1.037276815623044968e-02 2.587345056235790253e-02 2.379099279642105103e-02 3.774285688996315002e-02 3.541845828294754028e-02 7.491764146834611893e-03 4.099503159523010254e-02 7.260813377797603607e-03 2.486189641058444977e-02 1.595885492861270905e-02 8.964386768639087677e-03 2.859645709395408630e-02 1.065048389136791229e-02 2.333071455359458923e-02 3.884458541870117188e-02 4.349790886044502258e-02 2.639377117156982422e-02 2.134545147418975830e-02 9.557353332638740540e-03 1.347004715353250504e-02 5.738315731287002563e-02 2.607946749776601791e-03 4.635284841060638428e-02 7.695836946368217468e-03 1.815032400190830231e-02 9.778499603271484375e-03 5.368090048432350159e-02 2.990343235433101654e-02 8.495717495679855347e-02 7.512484490871429443e-02 3.137450292706489563e-02 7.210284937173128128e-03 1.715891622006893158e-02 1.533146761357784271e-02 9.423674084246158600e-03 3.864757344126701355e-02 2.930295653641223907e-02 5.402587819844484329e-03 1.440740376710891724e-02 9.533913806080818176e-03 5.139813758432865143e-03 3.887477144598960876e-02 3.316953033208847046e-02 2.685601636767387390e-02 1.969532109797000885e-03 3.981868550181388855e-02 1.005831919610500336e-02 1.587836071848869324e-02 1.596972160041332245e-02 4.255598410964012146e-02 3.941794112324714661e-02 3.759758546948432922e-02 2.453709952533245087e-02 3.675155714154243469e-02 5.479265376925468445e-02 3.406235575675964355e-02 4.370078444480895996e-02 4.105058684945106506e-02 3.315334022045135498e-02 3.555909916758537292e-02 2.547581866383552551e-02 1.441022288054227829e-02 5.838805437088012695e-02 2.379042794927954674e-03 9.358238428831100464e-03 4.495230689644813538e-02 2.733283117413520813e-02 2.688851393759250641e-02
4.652943462133407593e-03 2.470895648002624512e-02 3.873508796095848083e-02 2.380822697887197137e-04 3.599992021918296814e-02 3.980360180139541626e-02 5.366870015859603882e-02 2.332780510187149048e-02 5.003438889980316162e-02 5.133490562438964844e-01 7.693900726735591888e-03 7.640564814209938049e-03 3.317034617066383362e-02 2.271067723631858826e-02 2.017953991889953613e-02 2.840074338018894196e-02 4.352894052863121033e-02 6.175581831485033035e-03 6.720735691487789154e-04 3.971414640545845032e-02 4.769103135913610458e-03 1.505559310317039490e-03 7.202971260994672775e-03 1.473968196660280228e-02 4.100740421563386917e-03 2.961779385805130005e-02 4.119450971484184265e-02 3.233147040009498596e-02 3.806915134191513062e-02 9.059615433216094971e-03 4.321086406707763672e-02 3.735407069325447083e-02 3.082239255309104919e-02 5.518896132707595825e-02 5.692354962229728699e-02 1.107882359065115452e-03 1.508051808923482895e-02 2.307539619505405426e-02 3.154382854700088501e-02 1.103136804886162281e-03 1.817296957597136497e-03 5.862247943878173828e-02 1.178261544555425644e-02 2.005559019744396210e-02 1.911549456417560577e-02 3.225014358758926392e-02 5.960288643836975098e-02 3.553896769881248474e-02 2.483967877924442291e-02 8.061697334051132202e-02 1.276350952684879303e-02 8.144143037497997284e-03 1.835225848481059074e-03 3.096641227602958679e-02 4.389861971139907837e-02 6.483399122953414917e-02 3.764408454298973083e-02 3.679589927196502686e-02 2.114752680063247681e-02 9.812023490667343140e-03 1.895163580775260925e-02 2.458256669342517853e-03 2.297722361981868744e-02 2.129725925624370575e-02 2.288912422955036163e-02 6.149027612991631031e-04 4.887412651441991329e-04 2.041227743029594421e-02 8.600147441029548645e-03 1.900215074419975281e-02 4.062665160745382309e-03 2.864615805447101593e-02 5.093609914183616638e-02 2.257458120584487915e-02 3.210067376494407654e-02 2.412997931241989136e-02 8.514410816133022308e-03 5.763958394527435303e-02 7.288111746311187744e-02 1.015882641077041626e-01 4.570984840393066406e-02 8.528937585651874542e-03 2.457398176193237305e-02 3.010231629014015198e-02 2.660295926034450531e-02 3.136882930994033813e-02 1.981911435723304749e-02 6.496828049421310425e-03 2.639942057430744171e-02 4.097411036491394043e-02 8.102087303996086121e-03 1.167533826082944870e-02 3.020322136580944061e-02 2.792025543749332428e-02 4.263311251997947693e-02 3.031294047832489014e-02 2.785322815179824829e-02 4.174212738871574402e-02 2.456039004027843475e-02 3.982938081026077271e-02 2.724385447800159454e-02 4.790947586297988892e-02 2.854175632819533348e-03 2.321651950478553772e-02 3.568601235747337341e-02 3.818656876683235168e-02 3.018111456185579300e-03 5.589050054550170898e-02 2.193242125213146210e-02 1.198386959731578827e-02 4.536004364490509033e-02 3.782101208344101906e-03 1.369713922031223774e-03 4.745154455304145813e-02 4.676454886794090271e-02 1.764728501439094543e-02
8.364611119031906128e-02 7.927006483078002930e-02 1.536586415022611618e-02 1.929239928722381592e-02 1.635758951306343079e-02 6.562171876430511475e-02 7.246438413858413696e-02 3.715742751955986023e-02 3.394232690334320068e-02 7.693900726735591888e-03 5.249562859535217285e-01 2.375276945531368256e-02 5.734370648860931396e-02 8.654445409774780273e-03 3.226425871253013611e-02 3.298721089959144592e-02 2.892657928168773651e-02 4.214918985962867737e-02 2.749142423272132874e-02 1.205092668533325195e-02 2.724383026361465454e-03 3.417518734931945801e-02 1.691632531583309174e-02 2.735671028494834900e-02 2.272389642894268036e-02 1.953976973891258240e-02 3.548214957118034363e-02 4.377660155296325684e-02 2.729607187211513519e-02 1.194608412333764136e-04 6.166048813611268997e-03 1.019886415451765060e-02 2.149269729852676392e-02 5.071590654551982880e-03 4.466996062546968460e-03 5.874261260032653809e-02 3.062623552978038788e-02 3.365212678909301758e-02 4.135132953524589539e-02 2.782466635107994080e-02 1.839703135192394257e-02 6.598131731152534485e-03 5.433162674307823181e-02 4.210095480084419250e-02 2.718633227050304413e-02 3.911243006587028503e-02 3.107573837041854858e-02 3.980361670255661011e-02 3.681708127260208130e-02 3.661021962761878967e-02 2.835397236049175262e-02 2.884748950600624084e-02 1.549868099391460419e-02 1.897994987666606903e-02 2.433487959206104279e-02 4.425761103630065918e-02 5.164588987827301025e-02 5.060561932623386383e-03 1.487947534769773483e-02 2.909769862890243530e-02 4.515933990478515625e-02 4.298558086156845093e-02 3.286629542708396912e-02 3.890072181820869446e-02 2.295071259140968323e-02 1.758400537073612213e-02 4.615468438714742661e-03 2.455689245834946632e-03 8.480190299451351166e-03 3.595244511961936951e-02 6.635075900703668594e-03 1.041527092456817627e-02 1.646388880908489227e-02 4.060128703713417053e-02 4.777615889906883240e-02 6.208394188433885574e-03 3.131737932562828064e-02 1.501770317554473877e-02 4.201713204383850098e-02 2.169897593557834625e-02 8.612439036369323730e-03 1.527250371873378754e-02 2.109659649431705475e-02 1.253728754818439484e-02 5.141163617372512817e-02 8.974887430667877197e-03 4.595511406660079956e-02 1.949021033942699432e-02 2.604940719902515411e-02 3.879013657569885254e-02 2.746354043483734131e-02 3.564851731061935425e-02 2.819044329226016998e-02 3.336831182241439819e-02 2.489070035517215729e-02 4.301728308200836182e-02 4.427001997828483582e-02 4.042579792439937592e-03 3.524099243804812431e-03 5.164114758372306824e-03 2.696187049150466919e-02 2.858741767704486847e-02 2.560690045356750488e-02 1.285033021122217178e-02 4.263522103428840637e-02 4.931154474616050720e-02 3.265025839209556580e-02 6.433077156543731689e-03 3.593271598219871521e-02 5.648471415042877197e-03 2.681688405573368073e-02 4.449495300650596619e-02 2.337243221700191498e-02 3.629655390977859497e-02 4.420224949717521667e-02 2.352188341319561005e-02
4.979506880044937134e-02 3.166026994585990906e-02 7.279737852513790131e-03 1.237492542713880539e-02 3.938493505120277405e-02 1.048972923308610916e-02 1.729263737797737122e-02 2.986591309309005737e-02 6.385440938174724579e-03 7.640564814209938049e-03 2.375276945531368256e-02 5.037942528724670410e-01 2.687458135187625885e-02 1.361154168844223022e-01 2.479867823421955109e-02 4.583998024463653564e-02 4.640460014343261719e-02 4.356154054403305054e-02 8.383738808333873749e-03 3.395983576774597168e-02 2.397046796977519989e-02 1.007120404392480850e-02 1.901716738939285278e-02 3.913041576743125916e-02 1.868107169866561890e-02 5.017110332846641541e-02 2.372265793383121490e-02 7.165463268756866455e-02 7.546492666006088257e-02 4.865179955959320068e-02 6.641199439764022827e-02 5.394342355430126190e-03 3.515385091304779053e-02 2.067532576620578766e-02 3.148027509450912476e-02 1.699336431920528412e-02 2.614913694560527802e-02 2.882901346310973167e-03 4.942558705806732178e-02 5.936976149678230286e-02 3.710849210619926453e-02 4.872945323586463928e-02 4.225874692201614380e-02 9.505798667669296265e-02 3.076771646738052368e-02 1.482365000993013382e-02 1.363191939890384674e-02 2.506121806800365448e-02 4.992628842592239380e-02 8.700263500213623047e-02 2.365525439381599426e-02 2.722741104662418365e-02 1.354305073618888855e-02 4.168198257684707642e-02 2.027453295886516571e-02 6.312435120344161987e-02 1.010627672076225281e-02 4.594349488615989685e-02 7.515833247452974319e-03 4.809694737195968628e-02 3.694974258542060852e-02 2.773114107549190521e-02 9.796163998544216156e-03 2.174323424696922302e-02 5.808616802096366882e-02 2.397327218204736710e-03 5.114474892616271973e-02 6.917475722730159760e-03 4.812693223357200623e-03 4.556765034794807434e-02 3.014084137976169586e-02 2.160896547138690948e-02 2.207171730697154999e-02 1.061462052166461945e-02 2.858373569324612617e-03 3.716965764760971069e-02 1.121768914163112640e-02 4.475680738687515259e-02 4.654238745570182800e-02 1.441476121544837952e-02 2.283445186913013458e-02 4.383306484669446945e-03 2.469463646411895752e-02 1.868308521807193756e-02 2.680465765297412872e-02 1.892185187898576260e-03 2.598472312092781067e-02 1.623826287686824799e-02 2.363993413746356964e-02 1.990856835618615150e-03 4.753585159778594971e-02 9.192148223519325256e-03 1.646084897220134735e-02 2.315836772322654724e-02 1.082125678658485413e-02 2.805906720459461212e-02 3.142475849017500877e-03 9.943905286490917206e-03 4.014579206705093384e-02 3.807038813829421997e-02 3.721830993890762329e-02 3.086326271295547485e-02 4.098192229866981506e-02 6.174113601446151733e-02 9.802067652344703674e-03 1.529287453740835190e-02 1.253721117973327637e-02 2.225504443049430847e-02 3.276702761650085449e-02 5.699145141988992691e-03 2.022041752934455872e-02 3.812727332115173340e-02 3.889154270291328430e-02 2.581033669412136078e-02 1.140493527054786682e-02 3.497998043894767761e-02
6.391844898462295532e-02 7.593592256307601929e-02 1.631965162232518196e-03 1.550402678549289703e-02 3.102563880383968353e-02 5.659399181604385376e-02 6.038662418723106384e-02 1.189264934509992599e-03 1.263691461645066738e-03 3.317034617066383362e-02 5.734370648860931396e-02 2.687458135187625885e-02 5.247815847396850586e-01 1.384766958653926849e-02 3.791429847478866577e-02 2.416630089282989502e-02 2.164918184280395508e-02 2.800278738141059875e-02 3.014760650694370270e-02 3.273176262155175209e-03 1.749489270150661469e-02 3.715205565094947815e-02 5.556222517043352127e-03 6.255410145968198776e-03 3.034797869622707367e-02 3.984415903687477112e-02 4.635762423276901245e-02 5.317446961998939514e-02 1.918779313564300537e-02 1.928894221782684326e-02 3.296666545793414116e-03 4.745486658066511154e-03 9.200224652886390686e-03 1.714869961142539978e-02 1.590962335467338562e-02 3.208182379603385925e-02 1.709342747926712036e-02 8.577566593885421753e-03 3.014029562473297119e-02 4.906928911805152893e-02 7.303933380171656609e-04 8.372833253815770149e-04 2.648988924920558929e-02 4.669296741485595703e-02 3.721310943365097046e-02 1.721465773880481720e-02 3.216122463345527649e-02 6.183931604027748108e-02 1.957773789763450623e-02 3.564187511801719666e-02 2.225111238658428192e-02 8.282246068120002747e-03 2.173582464456558228e-02 1.729910029098391533e-03 2.543424442410469055e-02 3.428220748901367188e-02 5.067655071616172791e-02 1.038319896906614304e-02 1.720535685308277607e-03 2.465243451297283173e-02 3.808214142918586731e-02 4.409345239400863647e-02 5.049757286906242371e-02 3.331307321786880493e-02 8.154799230396747589e-03 4.548162966966629028e-02 5.125420633703470230e-03 2.700734324753284454e-02 1.252777408808469772e-03 4.471710417419672012e-03 5.756516940891742706e-03 3.200105205178260803e-02 2.943335101008415222e-02 2.506494149565696716e-02 4.231115430593490601e-02 6.018903106451034546e-02 5.611575674265623093e-03 7.694891653954982758e-03 4.457612708210945129e-02 4.320412874221801758e-02 2.852444164454936981e-02 1.338270306587219238e-02 3.660812601447105408e-02 2.539484016597270966e-02 5.212793871760368347e-02 3.039843589067459106e-02 2.306247130036354065e-02 1.918004825711250305e-02 1.597725786268711090e-02 4.848993569612503052e-02 2.305843122303485870e-02 2.971050329506397247e-02 4.364965111017227173e-02 2.643000520765781403e-02 2.851978503167629242e-02 6.419930607080459595e-03 5.284874700009822845e-03 3.608405217528343201e-02 1.101947389543056488e-02 8.404321037232875824e-03 3.127077966928482056e-02 3.146188706159591675e-02 5.295621231198310852e-02 1.407006103545427322e-02 5.388917773962020874e-02 2.917668409645557404e-02 7.784378249198198318e-04 3.329899907112121582e-02 3.516811877489089966e-02 1.477290783077478409e-02 8.045564405620098114e-03 1.416200213134288788e-02 1.955724321305751801e-02 2.452387101948261261e-02 1.052182726562023163e-02 5.008037760853767395e-02
