4.541510939598083496e-01 1.350451409816741943e-01 3.799499943852424622e-02 8.967851288616657257e-03 4.381233081221580505e-02 7.961862534284591675e-02 2.671782858669757843e-02 1.964010298252105713e-02 1.260849554091691971e-02 2.169743366539478302e-02 1.244262754917144775e-01 4.380756244063377380e-02 8.533840626478195190e-02 5.417393520474433899e-03 7.650844007730484009e-02 5.125754512846469879e-03 1.002843957394361496e-02 3.750498220324516296e-02 4.871977865695953369e-02 1.374314352869987488e-02 4.218665882945060730e-03 9.942580014467239380e-03 1.194597128778696060e-02 1.350095029920339584e-02 2.180612459778785706e-02 3.754878789186477661e-02 2.467221766710281372e-02 5.585045553743839264e-03 3.517053648829460144e-02 3.875206783413887024e-02 9.026180021464824677e-03 2.061571553349494934e-02 4.010937362909317017e-02 1.596380025148391724e-02 4.453051090240478516e-02 1.713128201663494110e-02 2.464717812836170197e-02 3.811018913984298706e-02 1.192761398851871490e-02 1.398135814815759659e-02 1.515361852943897247e-02 8.970319293439388275e-03 1.653665862977504730e-02 2.434232458472251892e-02 3.116063587367534637e-02 6.527607142925262451e-02 4.862536117434501648e-02 5.530235357582569122e-03 4.809822142124176025e-02 1.482810731977224350e-02 4.336637444794178009e-03 1.898658461868762970e-02 4.538482055068016052e-02 4.279718175530433655e-02 3.940603137016296387e-02 5.378522351384162903e-02 3.440744429826736450e-02 3.231080994009971619e-02 2.066003158688545227e-02 1.858098246157169342e-02 2.107814699411392212e-02 4.243352636694908142e-02 2.639755420386791229e-02 3.413647937122732401e-04 3.234776435419917107e-03 7.310664514079689980e-04 3.758367151021957397e-02 8.793079294264316559e-03 9.417567402124404907e-03 4.668231587857007980e-03 2.534636482596397400e-02 1.404712093062698841e-03 1.957761310040950775e-02 1.916328072547912598e-02 4.899198934435844421e-02 6.350906100124120712e-03 1.993282884359359741e-02 5.540622770786285400e-02 7.718158885836601257e-03 3.238999843597412109e-02 4.799119010567665100e-02 3.912708163261413574e-02 4.960601776838302612e-02 2.584862150251865387e-02 4.682287201285362244e-02 4.509216547012329102e-02 2.102201431989669800e-02 1.857777498662471771e-02 3.825070708990097046e-02 1.515387929975986481e-02 2.440831391140818596e-03 6.118479650467634201e-03 3.073138371109962463e-02 2.141972258687019348e-02 4.038674756884574890e-02 4.001094400882720947e-02 1.304090023040771484e-02 1.914487406611442566e-02 3.420283645391464233e-02 1.454016473144292831e-02 1.916765421628952026e-02 3.011226467788219452e-02 9.704017429612576962e-05 5.309630185365676880e-02 1.691260747611522675e-02 4.584288224577903748e-02 1.135239191353321075e-02 4.281771183013916016e-02 5.726763512939214706e-03 4.255935922265052795e-02 1.746007055044174194e-02 1.068786717951297760e-03 2.477721869945526123e-02 4.655672609806060791e-02 2.082796068862080574e-03 1.501983497291803360e-03
1.350451409816741943e-01 4.568250775337219238e-01 2.755899354815483093e-02 3.465249761939048767e-02 2.694518864154815674e-02 6.096305325627326965e-02 5.158291384577751160e-02 1.377180963754653931e-02 3.503824025392532349e-02 5.675745382905006409e-02 1.217584311962127686e-01 2.154675871133804321e-02 1.288930475711822510e-01 1.169755589216947556e-03 9.107120335102081299e-02 2.828687429428100586e-02 3.705174848437309265e-02 2.947491221129894257e-02 4.506213590502738953e-02 1.070492435246706009e-02 1.055139210075139999e-02 1.650080271065235138e-02 2.301859110593795776e-02 3.427635505795478821e-02 6.971321534365415573e-03 4.672922939062118530e-02 2.923698630183935165e-03 2.086542546749114990e-02 3.228396875783801079e-03 7.287531159818172455e-03 2.308037132024765015e-02 3.265679255127906799e-02 2.886887639760971069e-02 1.402239128947257996e-02 4.576281458139419556e-02 2.512747421860694885e-02 5.040401965379714966e-02 8.773253299295902252e-03 1.747887581586837769e-02 5.422453861683607101e-03 5.124889686703681946e-02 4.967416636645793915e-03 2.058524079620838165e-02 1.440574042499065399e-02 4.201464727520942688e-02 3.587466478347778320e-02 4.190907254815101624e-02 2.715661376714706421e-02 3.527316451072692871e-02 1.133841741830110550e-02 3.048893623054027557e-02 2.300588879734277725e-03 3.937218710780143738e-02 3.896322101354598999e-02 1.223781239241361618e-02 5.387522280216217041e-02 4.337747395038604736e-02 1.106562372297048569e-02 1.240750681608915329e-02 3.551379591226577759e-02 5.019366741180419922e-02 5.037352815270423889e-02 3.076196461915969849e-02 6.315694656223058701e-03 3.799759969115257263e-02 3.221054794266819954e-03 6.700408644974231720e-03 3.439628332853317261e-02 4.176469519734382629e-03 6.617299281060695648e-03 4.005113989114761353e-02 3.626097168307751417e-04 2.660048659890890121e-03 2.043299004435539246e-02 1.324474462307989597e-03 3.963141236454248428e-03 1.911481842398643494e-02 3.953442722558975220e-02 3.414698177948594093e-03 9.339418262243270874e-03 3.686637431383132935e-02 3.120524808764457703e-02 5.705211684107780457e-02 4.679556190967559814e-02 2.433845214545726776e-02 1.105383317917585373e-02 1.751093380153179169e-02 6.696454249322414398e-03 3.382642567157745361e-02 1.606258191168308258e-02 4.030526056885719299e-02 8.167008869349956512e-03 4.894960299134254456e-02 1.120850443840026855e-02 3.233800828456878662e-02 4.193822667002677917e-02 6.249889731407165527e-03 1.253942609764635563e-03 3.759197518229484558e-02 1.668741181492805481e-02 2.226116321980953217e-02 3.681965917348861694e-02 1.246501458808779716e-03 4.124135524034500122e-02 2.386467717587947845e-02 2.811201475560665131e-02 3.320800885558128357e-02 2.562002465128898621e-02 2.482088655233383179e-02 2.853879332542419434e-02 1.030283235013484955e-02 1.815652102231979370e-02 3.374338150024414062e-02 5.006556585431098938e-02 1.061031245626509190e-03 2.425822801887989044e-02
3.799499943852424622e-02 2.755899354815483093e-02 4.391637146472930908e-01 2.914962358772754669e-03 4.184196703135967255e-03 1.845582854002714157e-03 1.045284443534910679e-03 5.580386146903038025e-02 3.383834287524223328e-02 1.427043578587472439e-03 2.508797682821750641e-02 2.290545590221881866e-02 1.474604592658579350e-03 3.904180601239204407e-02 9.623897261917591095e-03 2.407918497920036316e-02 1.013201009482145309e-02 2.782062813639640808e-02 3.091929713264107704e-03 7.397998869419097900e-02 3.726569190621376038e-02 5.523437634110450745e-02 1.243850588798522949e-02 3.168050199747085571e-02 2.450076676905155182e-02 2.003091201186180115e-02 4.159704223275184631e-02 4.564467817544937134e-03 1.698969490826129913e-02 3.555175149813294411e-03 2.097100578248500824e-02 5.125021934509277344e-02 1.323971617966890335e-02 5.728984996676445007e-02 4.462667927145957947e-02 3.204073011875152588e-02 1.676347851753234863e-02 1.861807331442832947e-02 6.537083536386489868e-03 2.971319109201431274e-02 7.508403062820434570e-02 3.484928514808416367e-03 7.848087698221206665e-02 5.432268138974905014e-03 3.718591853976249695e-02 2.529042214155197144e-02 1.262943074107170105e-02 9.068399667739868164e-03 3.348105400800704956e-02 3.850818052887916565e-02 3.890728205442428589e-02 1.758974790573120117e-02 3.190167620778083801e-02 2.218909002840518951e-02 2.017101645469665527e-02 8.563803508877754211e-03 4.141834378242492676e-02 3.487794101238250732e-02 1.457021199166774750e-02 1.959541067481040955e-02 3.282183781266212463e-02 2.830137126147747040e-02 2.013085968792438507e-02 2.644434198737144470e-02 8.916156366467475891e-04 4.249484278261661530e-03 4.748453572392463684e-02 1.079807709902524948e-02 2.463897876441478729e-02 3.206193214282393456e-03 5.462466180324554443e-02 2.640132978558540344e-02 1.430307328701019287e-02 3.135087341070175171e-02 1.841101422905921936e-02 2.757563069462776184e-02 3.307715430855751038e-02 1.464628241956233978e-02 4.810589365661144257e-03 3.843911364674568176e-02 1.011462882161140442e-01 8.552165329456329346e-02 1.847844384610652924e-02 7.953925058245658875e-03 3.204217180609703064e-02 9.353516623377799988e-03 3.437116742134094238e-02 2.849429100751876831e-02 3.546116128563880920e-02 3.686253353953361511e-02 1.476708054542541504e-02 2.260458655655384064e-02 3.520332276821136475e-02 1.180819887667894363e-02 2.703518979251384735e-02 4.153148457407951355e-02 4.347790032625198364e-02 2.601194195449352264e-02 1.439256826415657997e-03 2.104712463915348053e-02 3.169721737504005432e-02 4.388042166829109192e-02 2.209826745092868805e-02 2.502658963203430176e-02 2.395809069275856018e-02 4.079097881913185120e-02 8.405767381191253662e-03 3.458955883979797363e-02 4.783203825354576111e-02 4.119328409433364868e-02 1.804525218904018402e-02 1.066609867848455906e-03 4.216733202338218689e-02 4.060937836766242981e-02 4.745597392320632935e-02 3.565559163689613342e-02
8.967851288616657257e-03 3.465249761939048767e-02 2.914962358772754669e-03 4.407915472984313965e-01 9.891538321971893311e-02 1.883678697049617767e-02 2.579130465164780617e-03 3.878599405288696289e-02 8.678275044076144695e-04 9.038494899868965149e-03 4.372025281190872192e-02 5.158233270049095154e-02 5.417902767658233643e-02 3.602551296353340149e-03 5.453665181994438171e-02 4.586067795753479004e-02 4.360224679112434387e-02 4.387276247143745422e-02 7.877108291722834110e-04 2.701694145798683167e-03 6.474296748638153076e-02 2.700175903737545013e-02 1.147294417023658752e-02 4.053231328725814819e-02 5.020358785986900330e-02 5.287063494324684143e-02 3.686423599720001221e-02 1.887352904304862022e-03 2.001086249947547913e-02 4.239846952259540558e-03 1.934659853577613831e-02 3.536694124341011047e-02 9.759946167469024658e-02 1.422996632754802704e-02 4.934016242623329163e-02 9.412928484380245209e-03 1.128053106367588043e-02 5.140551924705505371e-02 8.797622472047805786e-02 5.074094235897064209e-02 3.302183747291564941e-02 8.040024898946285248e-03 4.151517525315284729e-02 3.398991748690605164e-02 7.709239423274993896e-02 1.209813356399536133e-02 2.618901245296001434e-02 9.174138307571411133e-03 3.434771299362182617e-02 2.247013524174690247e-02 6.168683990836143494e-02 1.342002209275960922e-02 1.083177048712968826e-02 5.096010863780975342e-03 1.675419625826179981e-03 2.714474312961101532e-02 3.451312705874443054e-02 4.134235903620719910e-02 1.389317959547042847e-02 3.310767933726310730e-02 4.416672047227621078e-03 9.245894034393131733e-04 5.442301928997039795e-02 5.733866617083549500e-02 2.097266115015372634e-04 5.469713825732469559e-03 2.107220143079757690e-02 4.940495826303958893e-03 2.174706198275089264e-02 5.527825560420751572e-03 1.391314528882503510e-02 8.683872292749583721e-04 7.415726035833358765e-02 2.707847394049167633e-02 3.246727585792541504e-02 2.721621654927730560e-03 1.334056723862886429e-02 2.134303562343120575e-02 1.031442265957593918e-02 1.376866246573626995e-03 3.131059929728507996e-02 9.419730864465236664e-03 4.579331725835800171e-02 1.516256574541330338e-02 1.121825352311134338e-02 3.360903263092041016e-02 3.429324924945831299e-02 1.294274721294641495e-02 5.121712386608123779e-02 5.203792452812194824e-02 2.638612687587738037e-02 4.119480401277542114e-02 5.739882960915565491e-02 1.604021526873111725e-02 4.273461923003196716e-02 2.662397176027297974e-02 2.845178544521331787e-02 3.583350032567977905e-02 2.411082945764064789e-02 1.621987484395503998e-02 3.936098143458366394e-02 3.041338548064231873e-02 3.881047666072845459e-02 3.007880784571170807e-02 2.387071400880813599e-02 2.459165081381797791e-02 4.538126289844512939e-02 5.680738762021064758e-02 4.852756112813949585e-02 4.740959033370018005e-02 4.681073501706123352e-02 5.416130181401968002e-03 3.057126142084598541e-02 1.884211041033267975e-02 3.075255779549479485e-03 4.084785655140876770e-02
4.381233081221580505e-02 2.694518864154815674e-02 4.184196703135967255e-03 9.891538321971893311e-02 4.417840838432312012e-01 2.426668070256710052e-02 4.543598741292953491e-03 1.163110043853521347e-02 4.911229014396667480e-02 1.792901754379272461e-02 1.890173740684986115e-02 1.889261417090892792e-02 4.519891738891601562e-02 1.956983841955661774e-02 1.141275744885206223e-02 8.311297744512557983e-03 3.894115332514047623e-03 2.206101641058921814e-02 2.015618979930877686e-02 2.573336847126483917e-02 3.720944002270698547e-02 1.745808124542236328e-02 4.167774319648742676e-02 3.720115870237350464e-02 3.332589194178581238e-02 3.485096246004104614e-02 3.931587096303701401e-03 4.218649864196777344e-02 1.866842992603778839e-02 3.900624113157391548e-03 4.429058730602264404e-02 1.522323931567370892e-03 3.515768423676490784e-02 2.474884502589702606e-03 1.227626018226146698e-02 1.910953782498836517e-02 1.111769303679466248e-02 4.435495659708976746e-02 9.535178542137145996e-02 1.023468822240829468e-01 2.896199747920036316e-02 3.194748237729072571e-02 1.798067241907119751e-02 4.288214445114135742e-02 2.757223136723041534e-02 1.253066118806600571e-02 2.621421590447425842e-04 2.561922185122966766e-03 3.016491828020662069e-04 1.183556672185659409e-02 1.805838197469711304e-02 3.179322928190231323e-02 4.523385316133499146e-02 1.669335924088954926e-02 9.438770939595997334e-04 2.417769096791744232e-02 6.258813198655843735e-03 2.011094801127910614e-02 3.085597977042198181e-02 8.509169332683086395e-03 4.041595757007598877e-02 2.138707414269447327e-02 4.512263461947441101e-02 3.439559787511825562e-02 1.239861920475959778e-02 2.421633712947368622e-02 4.180680215358734131e-02 3.842414543032646179e-02 1.033287378959357738e-03 7.052314933389425278e-03 1.965675875544548035e-02 5.828569177538156509e-03 1.618392765522003174e-02 3.548874519765377045e-03 2.456344291567802429e-02 4.446398525033146143e-04 1.567474938929080963e-02 1.190962828695774078e-02 1.307755243033170700e-02 2.196726761758327484e-02 3.834071755409240723e-02 3.256240487098693848e-02 4.343568906188011169e-02 4.999727755784988403e-02 1.173205301165580750e-02 4.881093651056289673e-02 3.635670058429241180e-03 1.752130500972270966e-02 2.770697139203548431e-02 3.290960192680358887e-02 1.277361903339624405e-02 7.884467020630836487e-03 3.039247170090675354e-02 4.161337018013000488e-02 2.525723911821842194e-02 4.052550718188285828e-02 5.112816393375396729e-02 2.158131077885627747e-02 3.223577886819839478e-02 1.924730750033631921e-04 9.205105714499950409e-03 4.097508732229471207e-03 3.590808436274528503e-02 2.254981361329555511e-02 1.112155169248580933e-01 7.404290139675140381e-02 1.310554239898920059e-02 1.350761391222476959e-02 3.295751055702567101e-03 4.794026538729667664e-02 4.721033945679664612e-02 1.932192593812942505e-02 7.879051379859447479e-03 1.151545657194219530e-04 4.002936556935310364e-02 5.641995929181575775e-03
7.961862534284591675e-02 6.096305325627326965e-02 1.845582854002714157e-03 1.883678697049617767e-02 2.426668070256710052e-02 4.585052728652954102e-01 1.407946795225143433e-01 4.784541204571723938e-02 3.666886314749717712e-02 4.045504331588745117e-02 8.676614612340927124e-02 1.018769387155771255e-02 7.137517631053924561e-02 1.294281566515564919e-03 4.311936348676681519e-02 7.532006595283746719e-03 8.530209772288799286e-03 5.113967135548591614e-02 1.478143502026796341e-02 1.522168796509504318e-02 1.011043693870306015e-02 7.747045252472162247e-03 3.298432752490043640e-02 2.327536232769489288e-02 5.550864618271589279e-03 1.038648071698844433e-03 3.101959824562072754e-02 3.950093314051628113e-02 4.523464664816856384e-02 1.300818752497434616e-02 3.640983253717422485e-02 4.055840149521827698e-02 1.273193745873868465e-03 1.801130920648574829e-02 3.144615143537521362e-02 1.314811967313289642e-02 4.221628885716199875e-03 1.742702908813953400e-02 5.853035952895879745e-03 4.450371116399765015e-02 5.089459940791130066e-02 3.368837758898735046e-02 1.954814419150352478e-02 1.658320799469947815e-02 3.617099672555923462e-02 2.330914372578263283e-03 1.202947571873664856e-01 1.121305748820304871e-01 7.916899397969245911e-03 2.455358579754829407e-02 5.058398097753524780e-02 6.749502848833799362e-03 2.562868408858776093e-02 1.493674423545598984e-02 2.027712063863873482e-03 1.793789677321910858e-02 1.670357584953308105e-02 4.317372664809226990e-02 3.563920781016349792e-02 9.672472253441810608e-03 4.811331257224082947e-02 1.361134555190801620e-02 1.555651426315307617e-02 9.721848182380199432e-03 5.099397152662277222e-03 4.594884067773818970e-02 2.896933816373348236e-02 1.010923995636403561e-03 6.778729148209095001e-04 5.147321894764900208e-02 1.786220818758010864e-02 5.814345087856054306e-03 4.540758952498435974e-02 2.497635968029499054e-02 1.056006550788879395e-02 4.258180037140846252e-03 9.310807101428508759e-03 1.429215917596593499e-04 3.701660037040710449e-02 1.546437107026576996e-02 1.521647255867719650e-02 5.814186763018369675e-03 3.946433961391448975e-02 1.182765327394008636e-02 7.003498729318380356e-03 4.548151046037673950e-02 2.830068297043908387e-05 4.932904243469238281e-02 3.454384580254554749e-02 3.564846888184547424e-02 2.992788143455982208e-02 6.197749078273773193e-02 1.902848295867443085e-02 3.970896452665328979e-02 4.544217512011528015e-02 4.175800457596778870e-02 3.029273450374603271e-02 4.345251619815826416e-02 9.697181172668933868e-03 4.410077258944511414e-02 2.002579532563686371e-02 2.516101300716400146e-02 3.633362799882888794e-02 1.672278740443289280e-03 5.021990835666656494e-02 4.595777951180934906e-03 3.478478873148560524e-03 1.425706036388874054e-02 3.933505341410636902e-02 2.736286073923110962e-02 3.893044218420982361e-02 5.108153447508811951e-02 3.278541564941406250e-02 1.823117025196552277e-02 4.586761817336082458e-02 1.942178606986999512e-02
2.671782858669757843e-02 5.158291384577751160e-02 1.045284443534910679e-03 2.579130465164780617e-03 4.543598741292953491e-03 1.407946795225143433e-01 4.584622383117675781e-01 2.978436090052127838e-02 3.309965878725051880e-02 7.268996909260749817e-03 7.506128400564193726e-02 1.662613824009895325e-02 8.605384826660156250e-02 1.245614327490329742e-02 2.784355543553829193e-02 1.922893337905406952e-02 4.626613482832908630e-02 3.231339156627655029e-02 1.676761172711849213e-02 9.220213629305362701e-03 1.607198640704154968e-02 1.873530447483062744e-02 1.388377230614423752e-02 1.821317151188850403e-02 6.494470871984958649e-03 3.616532078012824059e-03 4.785040020942687988e-02 3.862577304244041443e-02 4.922299087047576904e-02 4.281662777066230774e-02 6.021525710821151733e-02 5.573996156454086304e-02 8.083211258053779602e-03 1.373659353703260422e-03 3.811574727296829224e-02 2.314896322786808014e-02 2.172658033668994904e-02 1.160030812025070190e-02 1.581024844199419022e-03 4.654245451092720032e-02 4.604079201817512512e-02 1.585621386766433716e-02 4.590968787670135498e-02 9.566810913383960724e-03 5.913055688142776489e-02 4.635026305913925171e-02 1.142252683639526367e-01 1.356700062751770020e-01 1.075560576282441616e-03 2.941777370870113373e-02 3.877988830208778381e-02 8.550619706511497498e-03 3.862593322992324829e-02 6.804284639656543732e-03 6.295064929872751236e-03 3.311942517757415771e-02 6.355755962431430817e-03 1.286225952208042145e-02 3.455282375216484070e-02 2.780225500464439392e-02 4.332251101732254028e-02 3.557715192437171936e-02 1.334238983690738678e-02 4.010161384940147400e-03 2.257153578102588654e-02 6.377187371253967285e-02 1.106280088424682617e-02 2.578635886311531067e-02 2.645111829042434692e-02 3.697185963392257690e-02 3.668451309204101562e-02 6.398376543074846268e-03 2.886793576180934906e-02 5.421038717031478882e-02 2.626334503293037415e-02 2.046482451260089874e-02 2.357062418013811111e-03 1.602311618626117706e-02 3.150024637579917908e-02 8.555616252124309540e-03 2.218009345233440399e-02 9.359962306916713715e-03 1.842920668423175812e-02 4.330823197960853577e-03 1.477650646120309830e-02 3.370785340666770935e-02 1.168213225901126862e-02 5.319614335894584656e-02 3.224917128682136536e-02 4.594820737838745117e-02 3.288004919886589050e-02 5.059944465756416321e-02 6.460303440690040588e-03 4.437908157706260681e-02 5.096137523651123047e-02 4.593832045793533325e-02 3.330585779622197151e-03 4.194946587085723877e-02 2.791795507073402405e-02 5.975605547428131104e-02 1.926063932478427887e-02 2.086603455245494843e-02 5.068453773856163025e-02 7.443776703439652920e-04 3.313074633479118347e-02 1.049249060451984406e-02 6.567861419171094894e-03 3.237016871571540833e-02 2.902239374816417694e-02 1.267023291438817978e-02 2.934706769883632660e-02 3.457098454236984253e-02 3.578088432550430298e-02 1.853430061601102352e-03 3.910873085260391235e-02 3.636663407087326050e-02
1.964010298252105713e-02 1.377180963754653931e-02 5.580386146903038025e-02 3.878599405288696289e-02 1.163110043853521347e-02 4.784541204571723938e-02 2.978436090052127838e-02 4.523205459117889404e-01 1.584916561841964722e-02 2.021359466016292572e-02 3.464065119624137878e-02 1.120466366410255432e-02 4.258821904659271240e-02 3.782025724649429321e-02 1.530387159436941147e-02 4.100726544857025146e-02 4.705009609460830688e-02 1.572214812040328979e-02 2.720470540225505829e-02 3.505187109112739563e-02 5.909109022468328476e-04 3.455336019396781921e-02 3.869133442640304565e-02 2.330863644601777196e-04 1.759732142090797424e-02 1.452296134084463120e-02 4.354901611804962158e-02 4.307300597429275513e-02 2.297004684805870056e-02 5.053294822573661804e-02 1.949956640601158142e-02 1.194966142065823078e-03 4.921590164303779602e-02 9.850307833403348923e-04 3.891433775424957275e-02 1.690486259758472443e-02 2.450859732925891876e-02 1.168038416653871536e-02 4.226382076740264893e-02 3.317750617861747742e-02 1.196235045790672302e-02 3.203163295984268188e-02 3.292230889201164246e-02 5.177891999483108521e-02 4.056034982204437256e-02 1.637314260005950928e-02 6.183691695332527161e-02 3.431059047579765320e-02 3.270953660830855370e-03 1.990558020770549774e-02 1.239874400198459625e-02 4.326910525560379028e-02 1.322532165795564651e-02 4.295573011040687561e-02 1.595189981162548065e-02 1.404109690338373184e-02 4.583270102739334106e-02 4.454921558499336243e-02 6.176206283271312714e-03 2.481064572930335999e-02 2.291683852672576904e-02 1.631920784711837769e-02 3.995887935161590576e-02 3.526091203093528748e-02 2.743544243276119232e-02 6.127198692411184311e-03 1.860278286039829254e-02 3.044307604432106018e-02 6.968823261559009552e-03 2.747775288298726082e-03 3.492325544357299805e-02 1.798962987959384918e-02 2.834265585988759995e-03 1.001106458716094494e-03 3.971280157566070557e-02 7.800589315593242645e-03 7.532346528023481369e-03 1.054685097187757492e-02 5.714438483119010925e-02 6.054875440895557404e-03 2.981888875365257263e-02 5.528781190514564514e-02 2.740137046203017235e-03 3.060289192944765091e-03 1.919448003172874451e-02 2.623693645000457764e-02 3.709818795323371887e-02 6.584864854812622070e-02 3.540965169668197632e-02 4.404620826244354248e-02 2.140276879072189331e-02 1.949103316292166710e-04 1.120607648044824600e-02 8.384498767554759979e-03 2.572054043412208557e-02 8.314097300171852112e-03 1.571974903345108032e-02 4.077559709548950195e-02 1.993081159889698029e-02 4.137909412384033203e-02 1.352484151721000671e-02 4.048618022352457047e-03 1.547228544950485229e-02 2.480562217533588409e-02 2.115346305072307587e-02 1.778561971150338650e-03 5.324236117303371429e-03 2.116905525326728821e-02 1.679277606308460236e-02 5.923448596149682999e-03 1.989755220711231232e-02 1.299968734383583069e-02 1.780863851308822632e-02 5.153893306851387024e-02 1.556693110615015030e-03 2.755825035274028778e-02
1.260849554091691971e-02 3.503824025392532349e-02 3.383834287524223328e-02 8.678275044076144695e-04 4.911229014396667480e-02 3.666886314749717712e-02 3.309965878725051880e-02 1.584916561841964722e-02 4.499243795871734619e-01 4.222743958234786987e-02 4.646823182702064514e-02 3.322193026542663574e-02 4.574823379516601562e-02 2.918687835335731506e-02 2.073121070861816406e-02 1.053863391280174255e-02 1.437212619930505753e-02 1.030554771423339844e-01 5.459410604089498520e-03 1.630611158907413483e-02 1.444091834127902985e-02 5.853990092873573303e-02 5.245174095034599304e-02 3.111317381262779236e-02 6.553202401846647263e-03 2.445155382156372070e-02 6.516316439956426620e-03 4.128922894597053528e-02 6.852084770798683167e-03 3.919372335076332092e-02 6.547409575432538986e-03 1.644920557737350464e-02 5.196762084960937500e-02 1.666989736258983612e-02 3.490289300680160522e-02 1.726421341300010681e-02 2.174870496673975140e-05 3.057565726339817047e-02 4.212957993149757385e-02 1.549896784126758575e-02 1.102500129491090775e-02 7.499042153358459473e-02 1.056481059640645981e-02 1.609495095908641815e-02 8.085381984710693359e-02 3.545769676566123962e-02 3.296373412013053894e-02 1.267315447330474854e-02 4.050667211413383484e-02 4.164635669440031052e-03 4.135581105947494507e-02 3.885861253365874290e-03 6.222481839358806610e-03 5.055784061551094055e-02 5.121795460581779480e-02 1.443267054855823517e-02 4.591463506221771240e-02 3.562045097351074219e-02 1.405953709036111832e-02 1.843164488673210144e-02 2.611618721857666969e-03 5.790388956665992737e-02 8.405523002147674561e-02 5.035524070262908936e-02 2.371840365231037140e-02 1.425071433186531067e-02 2.751723676919937134e-02 3.008479066193103790e-02 3.739635273814201355e-02 2.950415946543216705e-02 3.783527016639709473e-02 4.501296672970056534e-03 2.369664795696735382e-02 4.441504925489425659e-02 4.245917126536369324e-02 1.237052679061889648e-02 7.963241636753082275e-02 2.862896211445331573e-02 3.292018920183181763e-02 1.950272358953952789e-02 4.990407451987266541e-02 4.576335195451974869e-03 1.010366976261138916e-01 1.003676187247037888e-02 4.521030932664871216e-02 3.471634909510612488e-02 1.277349330484867096e-02 9.032549336552619934e-03 3.119208663702011108e-02 4.293976724147796631e-02 9.888815693557262421e-03 4.615962877869606018e-02 8.804341778159141541e-03 1.213418785482645035e-02 3.319499269127845764e-02 1.019916310906410217e-02 3.849481418728828430e-02 4.753120988607406616e-02 4.612733051180839539e-02 4.548401571810245514e-03 1.868124492466449738e-02 2.165753976441919804e-04 1.249263435602188110e-02 3.133693709969520569e-02 2.360257692635059357e-02 4.578327015042304993e-02 2.638569474220275879e-02 5.779953300952911377e-02 4.026431124657392502e-03 1.299463678151369095e-02 8.659286540932953358e-04 4.770065844058990479e-02 4.919015243649482727e-02 1.942319795489311218e-02 3.874098509550094604e-02 3.727772086858749390e-02
2.169743366539478302e-02 5.675745382905006409e-02 1.427043578587472439e-03 9.038494899868965149e-03 1.792901754379272461e-02 4.045504331588745117e-02 7.268996909260749817e-03 2.021359466016292572e-02 4.222743958234786987e-02 4.513862431049346924e-01 5.621038749814033508e-02 4.856509156525135040e-03 2.696194685995578766e-02 1.840238645672798157e-02 3.746919706463813782e-02 1.418588589876890182e-02 4.504534881561994553e-03 1.724058203399181366e-02 5.246962979435920715e-02 1.920501142740249634e-02 3.396774083375930786e-02 7.708200719207525253e-03 4.038185998797416687e-02 3.013755427673459053e-03 3.046043217182159424e-03 4.356792196631431580e-02 3.725846763700246811e-04 1.084679830819368362e-02 4.239699989557266235e-02 2.034193649888038635e-02 2.408147044479846954e-02 3.136493638157844543e-02 3.890771046280860901e-02 2.437182556604966521e-04 4.622222855687141418e-02 3.955280408263206482e-02 1.901576761156320572e-03 7.660133764147758484e-03 3.031294234097003937e-02 3.663485497236251831e-02 1.575739867985248566e-02 1.149105373769998550e-03 2.220671810209751129e-02 3.420111536979675293e-02 4.946055635809898376e-02 9.622882120311260223e-03 5.325172678567469120e-04 3.705491870641708374e-02 1.787852682173252106e-02 6.526315212249755859e-02 1.473189145326614380e-02 2.531700208783149719e-02 5.082092434167861938e-02 3.568027541041374207e-02 3.873451426625251770e-02 3.728817403316497803e-02 1.693038456141948700e-02 1.394536904990673065e-02 2.212828397750854492e-02 1.200807467103004456e-02 5.137036368250846863e-02 1.211743219755589962e-04 1.169095188379287720e-02 1.767859607934951782e-02 3.565964102745056152e-02 4.893342033028602600e-03 1.858342438936233521e-02 1.490606833249330521e-02 4.542163386940956116e-02 4.052790254354476929e-02 3.149922192096710205e-02 3.164055198431015015e-02 4.444060847163200378e-03 1.067507173866033554e-02 3.473416715860366821e-02 2.477036230266094208e-02 6.748473737388849258e-03 1.163543015718460083e-01 6.022566556930541992e-02 6.291337311267852783e-02 1.782137341797351837e-02 4.041865002363920212e-03 2.125289058312773705e-03 1.514934003353118896e-02 1.603658869862556458e-02 2.523806877434253693e-02 6.218840135261416435e-04 9.065125050256028771e-05 4.352999094408005476e-04 5.047218874096870422e-03 2.246411889791488647e-02 4.315922036767005920e-02 2.281388454139232635e-02 2.079779468476772308e-02 1.940241456031799316e-02 3.735073283314704895e-02 3.037983365356922150e-02 3.088266216218471527e-02 1.822866313159465790e-02 3.252138197422027588e-02 2.052734373137354851e-03 1.638554409146308899e-02 1.741902157664299011e-02 3.036492317914962769e-02 4.083685576915740967e-02 2.336461795493960381e-03 1.741949282586574554e-02 3.828278277069330215e-03 8.001202717423439026e-03 2.062656730413436890e-02 3.784429654479026794e-02 4.949073493480682373e-02 1.999060250818729401e-02 4.514471441507339478e-02 3.955371677875518799e-02 3.515994176268577576e-02
1.244262754917144775e-01 1.217584311962127686e-01 2.508797682821750641e-02 4.372025281190872192e-02 1.890173740684986115e-02 8.676614612340927124e-02 7.506128400564193726e-02 3.464065119624137878e-02 4.646823182702064514e-02 5.621038749814033508e-02 4.607064425945281982e-01 3.859883546829223633e-02 1.399823278188705444e-01 4.896117374300956726e-02 8.795278519392013550e-02 3.440554067492485046e-02 4.716894030570983887e-02 4.568953067064285278e-02 1.348302047699689865e-02 2.432700619101524353e-02 7.689123041927814484e-03 6.936386227607727051e-03 2.382618375122547150e-02 1.397784333676099777e-02 1.848842250183224678e-03 3.775722905993461609e-02 3.588015213608741760e-02 5.348699633032083511e-03 6.296937912702560425e-02 3.299830108880996704e-02 5.879193171858787537e-02 7.963480427861213684e-03 4.440699517726898193e-02 4.536855593323707581e-02 2.308118343353271484e-02 5.724359303712844849e-03 4.188457876443862915e-02 4.597549885511398315e-02 2.226664684712886810e-02 3.322110325098037720e-02 1.913220621645450592e-02 5.414585769176483154e-02 1.473187282681465149e-02 1.909050159156322479e-02 9.026617556810379028e-02 6.873267143964767456e-02 7.788717746734619141e-02 4.133606329560279846e-02 5.514030810445547104e-03 2.125993184745311737e-02 1.968764467164874077e-03 4.653515666723251343e-02 2.977537922561168671e-02 1.884499378502368927e-02 1.711893826723098755e-02 3.554175049066543579e-02 1.340828835964202881e-02 3.612401336431503296e-02 1.319587044417858124e-02 2.824200084432959557e-03 6.961452309042215347e-03 5.652971193194389343e-02 1.933390088379383087e-02 4.358514398336410522e-02 1.174428313970565796e-02 3.436525166034698486e-02 5.909040570259094238e-03 2.373944595456123352e-02 2.886812202632427216e-02 1.281770225614309311e-02 4.239536449313163757e-02 7.278640754520893097e-03 2.837640047073364258e-02 9.388263337314128876e-03 4.156153183430433273e-03 8.700326085090637207e-03 4.928839579224586487e-02 1.390093564987182617e-02 4.252320155501365662e-02 2.694891067221760750e-03 3.936451673507690430e-02 5.028958246111869812e-02 3.397763147950172424e-02 1.721543446183204651e-02 2.037918195128440857e-02 2.269085496664047241e-02 1.308792643249034882e-02 1.676233951002359390e-03 9.017204865813255310e-03 4.054416343569755554e-02 1.238379534333944321e-02 5.830098874866962433e-03 5.339724570512771606e-02 3.822097927331924438e-02 3.616581112146377563e-02 4.921219125390052795e-02 3.419207176193594933e-03 2.893495745956897736e-02 7.235368684632703662e-05 8.844762109220027924e-03 2.764953486621379852e-02 3.951059654355049133e-02 7.462339475750923157e-03 1.968991383910179138e-02 1.472044270485639572e-02 2.205574139952659607e-02 4.902782849967479706e-03 1.694662496447563171e-03 3.776669502258300781e-02 2.150621823966503143e-02 2.883849851787090302e-02 4.358790814876556396e-02 3.198302537202835083e-02 1.257847528904676437e-02 1.539782993495464325e-02 1.664613746106624603e-02
4.380756244063377380e-02 2.154675871133804321e-02 2.290545590221881866e-02 5.158233270049095154e-02 1.889261417090892792e-02 1.018769387155771255e-02 1.662613824009895325e-02 1.120466366410255432e-02 3.322193026542663574e-02 4.856509156525135040e-03 3.859883546829223633e-02 4.427109360694885254e-01 3.595265001058578491e-02 1.940657198429107666e-01 1.994176954030990601e-02 1.863747090101242065e-02 2.343470463529229164e-03 1.051461603492498398e-02 2.213396318256855011e-02 5.764983221888542175e-02 3.298941999673843384e-02 5.948559846729040146e-03 6.147229671478271484e-02 1.116718165576457977e-02 4.522849805653095245e-03 4.081108793616294861e-02 2.004414424300193787e-02 1.140556484460830688e-01 1.708813756704330444e-02 1.071934476494789124e-01 1.449271803721785545e-03 3.205845504999160767e-02 4.073039069771766663e-02 4.944732785224914551e-02 2.663434296846389771e-02 2.929424680769443512e-02 2.745418064296245575e-02 3.008229099214076996e-02 3.546167165040969849e-02 1.932367682456970215e-02 1.799497753381729126e-02 3.342856094241142273e-02 2.150189876556396484e-02 1.948512159287929535e-03 4.140476882457733154e-02 6.775075104087591171e-03 1.614060811698436737e-02 2.534860279411077499e-03 2.069022692739963531e-02 1.793342456221580505e-02 7.608436979353427887e-03 3.306824341416358948e-02 1.274045836180448532e-02 3.610203415155410767e-02 4.035357758402824402e-02 3.673452511429786682e-02 2.327243797481060028e-02 9.304402396082878113e-03 1.137305982410907745e-02 2.007240429520606995e-02 3.914928436279296875e-02 1.768048503436148167e-03 5.942167714238166809e-03 4.431478679180145264e-02 5.755211692303419113e-03 1.231814362108707428e-02 4.239493981003761292e-02 4.677894711494445801e-02 3.663181513547897339e-02 1.102737151086330414e-02 4.042241722345352173e-02 4.355961456894874573e-03 4.652996733784675598e-02 1.171449758112430573e-02 3.742592409253120422e-02 1.710420288145542145e-02 3.765370696783065796e-02 3.835240006446838379e-02 4.233029857277870178e-02 6.426303833723068237e-02 4.512323811650276184e-02 2.133631333708763123e-02 1.567843183875083923e-02 1.324931276030838490e-03 2.406154014170169830e-02 5.981673672795295715e-02 4.560418799519538879e-02 7.275246549397706985e-03 4.299502819776535034e-02 5.144117400050163269e-02 4.691255092620849609e-02 3.779434785246849060e-02 1.409363467246294022e-02 7.121186237782239914e-03 6.382422894239425659e-02 2.654800890013575554e-03 6.752349901944398880e-03 3.538318676874041557e-03 3.754143416881561279e-02 3.505371510982513428e-02 3.082960471510887146e-02 5.437685549259185791e-02 1.124377083033323288e-02 5.646600620821118355e-04 4.557447135448455811e-02 3.909650817513465881e-02 4.023065045475959778e-02 1.414246670901775360e-02 4.225909709930419922e-02 1.299652550369501114e-02 6.871929764747619629e-02 4.129584878683090210e-02 1.885229162871837616e-02 6.226637959480285645e-02 4.033010080456733704e-02 2.845604717731475830e-02
8.533840626478195190e-02 1.288930475711822510e-01 1.474604592658579350e-03 5.417902767658233643e-02 4.519891738891601562e-02 7.137517631053924561e-02 8.605384826660156250e-02 4.258821904659271240e-02 4.574823379516601562e-02 2.696194685995578766e-02 1.399823278188705444e-01 3.595265001058578491e-02 4.605179429054260254e-01 2.984628453850746155e-02 9.275574237108230591e-02 3.834784030914306641e-02 2.565776929259300232e-02 3.878603503108024597e-02 2.443306706845760345e-02 1.972244866192340851e-02 4.325385391712188721e-02 2.452225983142852783e-02 3.564385697245597839e-02 3.892656788229942322e-02 3.020364604890346527e-02 3.393658250570297241e-02 1.870022155344486237e-02 3.299237694591283798e-03 3.384062647819519043e-02 1.960584707558155060e-02 8.406827598810195923e-02 2.199967764317989349e-02 1.054464839398860931e-02 2.954021096229553223e-02 1.550894114188849926e-03 3.076402470469474792e-02 5.193459242582321167e-02 5.474813282489776611e-02 5.908329505473375320e-03 2.308769710361957550e-02 2.530340664088726044e-02 2.223805710673332214e-02 4.572843015193939209e-02 1.308954786509275436e-03 4.723801091313362122e-02 2.542290464043617249e-02 8.184731006622314453e-02 8.302414417266845703e-02 3.771657869219779968e-02 2.517365850508213043e-02 1.584087871015071869e-02 2.401386573910713196e-02 7.930474355816841125e-03 2.668366208672523499e-02 2.780191227793693542e-02 2.282903529703617096e-02 4.145186766982078552e-02 1.712420606054365635e-03 8.064379653660580516e-05 1.654104888439178467e-02 1.851012557744979858e-02 2.716485783457756042e-02 3.032144159078598022e-02 2.640048973262310028e-02 3.470442816615104675e-02 6.358835101127624512e-02 3.109316574409604073e-03 1.239984296262264252e-02 2.360454015433788300e-02 3.699524700641632080e-02 3.684939071536064148e-02 1.342699024826288223e-02 1.950587518513202667e-02 2.462505921721458435e-02 3.509106114506721497e-02 5.435629282146692276e-03 3.611281141638755798e-02 3.306724131107330322e-03 1.273909304291009903e-02 1.314959581941366196e-02 3.437609970569610596e-02 2.677033655345439911e-02 3.831384330987930298e-02 1.565186493098735809e-02 1.877474598586559296e-02 3.781268373131752014e-02 1.278343144804239273e-02 7.295447401702404022e-03 2.621878311038017273e-02 4.154558107256889343e-02 5.404090043157339096e-03 1.554208341985940933e-02 1.151637546718120575e-02 5.364218261092901230e-03 2.158335223793983459e-02 3.450434282422065735e-02 3.138126060366630554e-02 2.149561047554016113e-02 1.689365319907665253e-02 5.559160560369491577e-02 2.985503338277339935e-02 4.853801056742668152e-02 2.913283370435237885e-02 4.431766644120216370e-02 4.631327092647552490e-02 1.506973616778850555e-02 1.294442452490329742e-03 6.606365204788744450e-04 2.591957896947860718e-02 2.695383131504058838e-02 1.627171039581298828e-02 5.415803287178277969e-03 2.905036322772502899e-02 1.494344696402549744e-02 3.375464584678411484e-03 3.238553553819656372e-02
