5.788602828979492188e-01 1.176914647221565247e-01 2.901826426386833191e-02 2.853410318493843079e-02 3.453888744115829468e-02 1.148063316941261292e-01 1.003745421767234802e-01 9.569127112627029419e-03 3.722644597291946411e-02 3.290508314967155457e-02 1.145412921905517578e-01 1.102817244827747345e-03 1.155527755618095398e-01 9.375181980431079865e-03 3.543353453278541565e-02 5.836050491780042648e-03 3.110876120626926422e-02 9.658548980951309204e-03 1.447951607406139374e-02 2.480238303542137146e-02 6.886976305395364761e-03 2.727198600769042969e-02 1.773897372186183929e-02 1.075030304491519928e-02 1.475149020552635193e-02 2.983036823570728302e-02 5.590093880891799927e-02 6.676895543932914734e-03 4.349142313003540039e-02 5.744630005210638046e-03 7.056600600481033325e-02 3.273740410804748535e-02 5.103053152561187744e-02 2.753737568855285645e-02 3.816882148385047913e-02 1.549341995269060135e-02 8.858818560838699341e-03 8.840265683829784393e-03 9.638954885303974152e-03 1.992052793502807617e-02 1.190166454762220383e-02 2.153052017092704773e-02 1.253204979002475739e-02 8.166365325450897217e-03 6.855059880763292313e-03 7.024838589131832123e-03 1.021713316440582275e-01 8.066326379776000977e-02 2.717719599604606628e-02 1.958028227090835571e-02 3.969692811369895935e-02 2.252935618162155151e-02 3.374296799302101135e-02 2.649154886603355408e-02 3.219364956021308899e-02 2.114031696692109108e-03 3.631829097867012024e-02 1.936857961118221283e-02 4.048828035593032837e-02 1.446009334176778793e-02 1.747481711208820343e-02 2.244918048381805420e-02 4.394790530204772949e-02 3.895765915513038635e-02 6.913678720593452454e-03 3.270136937499046326e-02 3.396200761198997498e-02 1.531786518171429634e-03 5.492152180522680283e-03 2.703059278428554535e-02 1.297665387392044067e-02 2.738429000601172447e-03 2.732250280678272247e-02 2.634776383638381958e-02 2.684207633137702942e-02 1.185496058315038681e-02 2.021423168480396271e-02 5.147230345755815506e-03 1.491465140134096146e-02 1.635018363595008850e-02 1.155249588191509247e-02 2.033093571662902832e-02 3.232732415199279785e-02 2.954360656440258026e-02 3.042932413518428802e-02 3.886730596423149109e-02 4.563837777823209763e-03 6.171626504510641098e-03 4.202710092067718506e-02 7.421631831675767899e-03 5.084352195262908936e-02 4.155868664383888245e-02 5.589710921049118042e-02 3.154665604233741760e-02 2.019313350319862366e-02 2.612717449665069580e-02 1.766104623675346375e-02 2.157338894903659821e-02 2.201175317168235779e-02 2.553035505115985870e-02 2.635879907757043839e-03 1.707563921809196472e-02 7.892666384577751160e-03 2.353593707084655762e-02 2.668956993147730827e-03 2.823873236775398254e-02 5.356473848223686218e-03 5.424403399229049683e-02 1.128722168505191803e-02 6.384408101439476013e-03 3.314112871885299683e-02 2.476787194609642029e-02 4.016908258199691772e-02 2.660803683102130890e-02 3.734183311462402344e-02 2.634879760444164276e-02
1.176914647221565247e-01 5.782690048217773438e-01 2.738664299249649048e-02 2.044613286852836609e-02 2.948611043393611908e-02 1.072293221950531006e-01 1.012287810444831848e-01 1.065020635724067688e-02 1.832177117466926575e-02 4.802739247679710388e-02 1.019901260733604431e-01 2.383688464760780334e-03 1.168573200702667236e-01 1.599372364580631256e-02 4.622995108366012573e-02 2.062797918915748596e-02 3.756552189588546753e-02 2.617534482851624489e-03 2.713657729327678680e-02 1.324523333460092545e-02 1.103749126195907593e-02 1.972098089754581451e-02 2.443446218967437744e-02 1.031895447522401810e-02 2.595695480704307556e-02 2.452559024095535278e-02 4.148614406585693359e-02 1.066922117024660110e-02 3.521900996565818787e-02 7.132083643227815628e-03 7.413774728775024414e-02 3.210335597395896912e-02 4.304697737097740173e-02 3.132902085781097412e-02 3.842006251215934753e-02 1.633694209158420563e-02 1.468047872185707092e-02 2.004487626254558563e-02 2.522225677967071533e-02 3.885680809617042542e-03 1.397390943020582199e-02 9.231994859874248505e-03 1.225030142813920975e-02 9.608466178178787231e-03 6.698630284518003464e-03 1.985359750688076019e-02 9.134379029273986816e-02 8.680644631385803223e-02 3.655019029974937439e-02 2.768337540328502655e-02 3.166921809315681458e-02 2.941545471549034119e-02 2.715482003986835480e-02 2.211807109415531158e-02 1.780968159437179565e-02 8.759336546063423157e-03 3.963399678468704224e-02 1.052239350974559784e-02 3.938831388950347900e-02 1.143007632344961166e-02 3.186896815896034241e-02 1.807937584817409515e-02 3.825987875461578369e-02 4.158669710159301758e-02 3.092322731390595436e-03 3.731444478034973145e-02 3.234958648681640625e-02 6.692025810480117798e-03 8.909039199352264404e-03 1.953665539622306824e-02 3.793884301558136940e-03 6.595926824957132339e-03 3.735030815005302429e-02 1.868901215493679047e-02 3.044490702450275421e-02 4.017924889922142029e-03 3.312014415860176086e-02 6.187294609844684601e-03 1.839468814432621002e-02 5.470016039907932281e-03 1.291797216981649399e-02 3.595577180385589600e-02 2.055855654180049896e-02 1.482439693063497543e-02 3.772702813148498535e-02 3.066952154040336609e-02 1.444549765437841415e-03 1.574797742068767548e-02 4.104994237422943115e-02 9.397872723639011383e-03 4.107391089200973511e-02 3.111257962882518768e-02 6.388811767101287842e-02 3.647359460592269897e-02 1.971345860511064529e-03 3.185407444834709167e-02 2.145914360880851746e-02 1.623614504933357239e-02 1.752294972538948059e-02 2.405620925128459930e-02 6.598040927201509476e-04 1.209639292210340500e-02 5.932150408625602722e-03 8.861845359206199646e-03 6.751845125108957291e-03 2.419151924550533295e-02 3.424220951274037361e-03 4.972933977842330933e-02 7.163586094975471497e-03 9.859917918220162392e-04 1.900894753634929657e-02 1.362224202603101730e-02 3.003177605569362640e-02 3.205147385597229004e-02 2.917785383760929108e-02 7.547041401267051697e-03
2.901826426386833191e-02 2.738664299249649048e-02 5.215605497360229492e-01 5.806667264550924301e-03 1.891158148646354675e-02 3.712895140051841736e-02 6.345892790704965591e-03 1.603558063507080078e-01 2.535825781524181366e-02 1.526445243507623672e-02 2.652090229094028473e-02 1.740729808807373047e-02 1.882775500416755676e-02 1.794347725808620453e-02 4.051355645060539246e-02 2.586727589368820190e-02 3.502072766423225403e-02 1.770979911088943481e-02 9.550301358103752136e-03 2.207989990711212158e-02 1.037616003304719925e-02 4.184939712285995483e-02 1.429392956197261810e-02 3.856384754180908203e-02 1.559646893292665482e-02 1.468415930867195129e-02 4.192840307950973511e-02 4.137976467609405518e-02 1.134495809674263000e-02 3.903193771839141846e-02 1.405837852507829666e-02 3.901061788201332092e-02 2.866521663963794708e-02 5.603567510843276978e-02 4.254924878478050232e-02 5.657325964421033859e-03 5.553008057177066803e-03 2.475551888346672058e-02 2.918652258813381195e-02 1.402858551591634750e-02 2.841908484697341919e-02 1.010336074978113174e-02 6.842863745987415314e-03 1.771652698516845703e-01 8.858267101459205151e-04 3.789507597684860229e-02 1.265718322247266769e-02 1.047578826546669006e-02 2.676279284060001373e-02 3.456708788871765137e-02 2.297727391123771667e-02 3.132849931716918945e-02 3.575715422630310059e-02 4.033107310533523560e-02 1.960886456072330475e-02 4.027912020683288574e-02 1.183745916932821274e-02 1.329767610877752304e-02 3.660508617758750916e-02 4.904820024967193604e-02 3.404592350125312805e-02 1.503981929272413254e-02 1.169587299227714539e-02 4.171903058886528015e-02 2.237215451896190643e-02 1.796141639351844788e-02 1.727924495935440063e-02 2.946824207901954651e-02 2.331866137683391571e-02 4.778108745813369751e-02 1.880144886672496796e-02 1.210902724415063858e-02 1.090910099446773529e-02 7.165095768868923187e-03 1.916445558890700340e-03 2.782564423978328705e-02 2.819525450468063354e-02 2.643508836627006531e-02 4.546191077679395676e-03 1.003193855285644531e-02 1.290888041257858276e-01 9.606431424617767334e-02 1.550656626932322979e-03 1.544190850108861923e-02 1.472922042012214661e-02 1.066345535218715668e-02 1.249604485929012299e-02 6.556073203682899475e-03 4.951336234807968140e-02 2.879016846418380737e-02 1.949498616158962250e-02 6.211970001459121704e-03 1.951478980481624603e-02 5.880144890397787094e-04 1.554023567587137222e-02 1.094498578459024429e-02 3.979029133915901184e-02 8.691005408763885498e-03 2.876647375524044037e-02 1.652416214346885681e-02 4.460763186216354370e-02 2.457908913493156433e-02 1.900132559239864349e-02 2.102476544678211212e-02 1.555169560015201569e-02 1.169504248537123203e-03 1.242250483483076096e-02 4.085031896829605103e-02 5.345665384083986282e-03 1.662052236497402191e-02 2.669317089021205902e-02 3.921286389231681824e-02 1.969303190708160400e-02 3.532049711793661118e-03 2.022157795727252960e-02 8.174486458301544189e-03
2.853410318493843079e-02 2.044613286852836609e-02 5.806667264550924301e-03 5.573775172233581543e-01 1.806158870458602905e-01 1.107408478856086731e-02 2.291317470371723175e-02 4.043640941381454468e-02 2.068484574556350708e-02 3.232456743717193604e-02 1.718654669821262360e-02 1.108737383037805557e-02 9.900332428514957428e-03 7.169299758970737457e-03 1.454404368996620178e-02 1.574520952999591827e-02 7.142670918256044388e-03 1.056897118687629700e-01 3.010946558788418770e-03 2.160971984267234802e-02 3.302466869354248047e-02 3.251509042456746101e-04 1.045855879783630371e-02 7.290076930075883865e-03 1.682366593740880489e-03 2.890090644359588623e-02 2.786396071314811707e-02 2.221435494720935822e-02 1.828057132661342621e-02 5.920473486185073853e-03 2.790114469826221466e-02 5.185671150684356689e-02 7.748394738882780075e-03 2.667731419205665588e-02 1.985876820981502533e-02 1.158574689179658890e-02 2.024864219129085541e-02 4.013672936707735062e-03 1.093732193112373352e-01 7.784228771924972534e-02 4.214180260896682739e-02 8.831599727272987366e-03 5.625997483730316162e-02 2.571628801524639130e-02 1.533139124512672424e-02 4.029963538050651550e-02 3.634408116340637207e-02 3.263109177350997925e-02 2.167789824306964874e-02 1.851109601557254791e-02 1.321850810199975967e-02 1.270372606813907623e-02 5.056973081082105637e-03 9.129360318183898926e-03 1.615167222917079926e-02 1.925904862582683563e-02 2.205187221989035606e-03 4.962772596627473831e-03 9.289459325373172760e-03 8.627513423562049866e-03 4.536484181880950928e-02 1.521564088761806488e-03 1.127245649695396423e-02 1.385115645825862885e-02 2.199583686888217926e-02 4.242792353034019470e-02 1.691991649568080902e-02 2.678140997886657715e-02 7.594202761538326740e-04 2.321872115135192871e-02 2.470342814922332764e-02 2.436933480203151703e-02 1.072954908013343811e-01 2.861142531037330627e-02 7.640962302684783936e-02 2.036410011351108551e-02 2.230869233608245850e-02 4.496284760534763336e-03 2.460048533976078033e-02 1.637950353324413300e-02 4.405866563320159912e-02 2.721675857901573181e-02 1.326502114534378052e-01 9.550014138221740723e-02 5.154173076152801514e-02 3.552066162228584290e-02 1.419665105640888214e-02 1.808689348399639130e-02 2.841869834810495377e-03 2.660967875272035599e-03 8.243277989095076919e-06 3.840642049908638000e-02 1.511562243103981018e-02 3.946079313755035400e-02 5.472104996442794800e-03 3.855372592806816101e-02 2.492826804518699646e-02 2.804140187799930573e-02 4.825341328978538513e-02 2.248440496623516083e-02 1.853666640818119049e-02 2.966968156397342682e-02 1.603182032704353333e-02 3.298867493867874146e-02 4.876389354467391968e-02 7.334514986723661423e-03 4.766762256622314453e-02 2.174240536987781525e-02 9.038738906383514404e-03 4.608526453375816345e-02 1.742153428494930267e-02 1.100882701575756073e-02 4.783884719472553115e-07 2.246855571866035461e-02 1.473427470773458481e-02 3.509699553251266479e-02
3.453888744115829468e-02 2.948611043393611908e-02 1.891158148646354675e-02 1.806158870458602905e-01 5.488479137420654297e-01 1.913212612271308899e-02 2.776313200592994690e-02 1.798235066235065460e-02 3.147475421428680420e-02 4.196124896407127380e-02 3.359124064445495605e-02 7.438278291374444962e-03 3.253537043929100037e-02 9.638357907533645630e-03 5.066204350441694260e-03 3.612266853451728821e-02 8.019604720175266266e-03 7.400764524936676025e-02 7.599262148141860962e-02 1.109803281724452972e-02 1.749524287879467010e-02 4.099625628441572189e-03 2.806377783417701721e-02 2.779746055603027344e-02 5.860853940248489380e-03 4.247345030307769775e-02 2.314108051359653473e-02 1.778928004205226898e-02 6.393407471477985382e-03 1.170013844966888428e-02 2.787712495774030685e-03 7.947850041091442108e-03 5.248315166682004929e-03 3.217814117670059204e-02 3.265547379851341248e-02 2.553278952836990356e-02 3.838560357689857483e-02 2.643325133249163628e-03 1.329005062580108643e-01 1.204314753413200378e-01 1.310570538043975830e-02 1.733543165028095245e-02 4.952432587742805481e-02 3.244848549365997314e-02 2.782475389540195465e-02 2.832822129130363464e-02 1.421306747943162918e-02 1.687124930322170258e-02 5.170939490199089050e-03 2.478064969182014465e-02 2.202560752630233765e-02 2.147740684449672699e-02 4.598151892423629761e-03 5.796140991151332855e-03 4.363002255558967590e-03 1.385475415736436844e-02 5.519371014088392258e-03 1.183447334915399551e-02 2.409184817224740982e-03 8.625779300928115845e-03 4.208123311400413513e-03 5.627434235066175461e-03 7.731115445494651794e-03 2.162668853998184204e-02 3.464679419994354248e-02 1.743714697659015656e-02 4.650479182600975037e-02 1.094222441315650940e-02 3.525790944695472717e-02 1.987324282526969910e-02 8.854182437062263489e-03 4.010502714663743973e-03 9.431827813386917114e-02 1.646167971193790436e-02 9.484837949275970459e-02 1.044132187962532043e-02 2.909478545188903809e-02 1.409821491688489914e-02 4.415539279580116272e-02 1.977654919028282166e-02 3.295204043388366699e-02 4.014601185917854309e-02 1.303735077381134033e-01 1.755095124244689941e-01 2.022698894143104553e-02 4.450168460607528687e-03 1.983694732189178467e-03 2.725238353013992310e-02 4.903877153992652893e-03 2.838312881067395210e-03 1.973485574126243591e-02 4.101140052080154419e-02 1.011219061911106110e-02 3.322647511959075928e-02 4.016395658254623413e-02 3.065260127186775208e-02 2.801243402063846588e-02 2.243054285645484924e-02 3.547589480876922607e-02 3.356990218162536621e-02 3.478832915425300598e-02 4.778473079204559326e-02 1.772473007440567017e-02 1.707309857010841370e-02 4.535136371850967407e-02 8.749100379645824432e-03 3.679032996296882629e-02 1.991901174187660217e-02 2.974607795476913452e-02 3.156688436865806580e-02 5.146123003214597702e-03 9.615051560103893280e-03 3.310347720980644226e-02 5.334869958460330963e-03 1.647992990911006927e-02 3.139568865299224854e-02
1.148063316941261292e-01 1.072293221950531006e-01 3.712895140051841736e-02 1.107408478856086731e-02 1.913212612271308899e-02 5.773791670799255371e-01 1.181432753801345825e-01 9.399136528372764587e-03 4.271633457392454147e-03 8.828879334032535553e-03 1.051673069596290588e-01 6.319590378552675247e-03 1.067911833524703979e-01 5.257340613752603531e-03 1.075517851859331131e-02 2.186596766114234924e-02 3.672667592763900757e-02 3.082393901422619820e-03 1.641762256622314453e-02 7.590472232550382614e-03 4.685478750616312027e-03 1.234412472695112228e-02 2.322423830628395081e-02 1.490747835487127304e-02 3.387106209993362427e-02 4.074040800333023071e-02 3.337656334042549133e-02 2.883438020944595337e-02 3.166712820529937744e-02 2.032444998621940613e-02 6.971579790115356445e-02 2.347549609839916229e-02 2.897613309323787689e-02 8.259048918262124062e-04 4.606241732835769653e-02 1.197961717844009399e-02 4.108239337801933289e-02 1.003243611194193363e-03 1.106093917042016983e-02 2.995594404637813568e-02 1.904111355543136597e-02 3.205228596925735474e-02 4.943830892443656921e-03 1.218356192111968994e-02 2.792654931545257568e-02 3.289068583399057388e-03 1.183655038475990295e-01 8.980719745159149170e-02 2.027823589742183685e-02 2.165930531919002533e-02 2.314554713666439056e-02 3.790454193949699402e-02 3.618867695331573486e-02 3.890620544552803040e-02 2.034955425187945366e-03 1.968513429164886475e-02 4.097394272685050964e-02 2.744416892528533936e-02 1.843993552029132843e-02 8.340614731423556805e-04 2.532764151692390442e-02 3.712761402130126953e-02 1.997375488281250000e-02 4.000727459788322449e-02 1.378625538200139999e-02 4.351498931646347046e-02 2.728769741952419281e-02 4.843560978770256042e-03 2.055134437978267670e-02 2.076792903244495392e-02 4.045850597321987152e-03 9.696758352220058441e-03 4.160671308636665344e-02 1.771752722561359406e-02 4.008655250072479248e-02 1.900218376249540597e-05 3.523230552673339844e-02 3.636229783296585083e-02 3.875668160617351532e-03 4.720515757799148560e-02 2.024466916918754578e-02 2.144122868776321411e-02 2.830303460359573364e-02 1.060451287776231766e-02 2.946401387453079224e-02 1.258631795644760132e-02 1.216789241880178452e-03 3.834923962131142616e-03 2.790670096874237061e-02 3.359024971723556519e-02 3.599245846271514893e-02 4.584660381078720093e-02 4.956609010696411133e-02 3.872470930218696594e-02 1.577310077846050262e-02 2.499298751354217529e-02 2.274469938129186630e-03 1.941866800189018250e-02 3.355281800031661987e-02 3.885928541421890259e-02 1.078608725219964981e-02 1.021313201636075974e-02 2.600640058517456055e-03 1.188391819596290588e-02 1.220205146819353104e-02 2.120649255812168121e-02 8.093695156276226044e-03 3.385419771075248718e-02 2.390358364209532738e-03 1.039091404527425766e-02 2.911177836358547211e-02 2.321609668433666229e-02 3.376067802309989929e-02 7.377368398010730743e-03 2.208741568028926849e-02 1.064808107912540436e-02
1.003745421767234802e-01 1.012287810444831848e-01 6.345892790704965591e-03 2.291317470371723175e-02 2.776313200592994690e-02 1.181432753801345825e-01 5.768390297889709473e-01 5.957466084510087967e-03 3.340029623359441757e-03 2.291945926845073700e-02 7.276409119367599487e-02 8.483740501105785370e-03 9.161411970853805542e-02 1.079907361418008804e-02 7.243515574373304844e-04 2.510572038590908051e-02 2.367019467055797577e-02 1.476393826305866241e-02 1.937320269644260406e-02 8.698736317455768585e-03 1.526758540421724319e-03 1.206484530121088028e-02 2.445060946047306061e-02 8.080827072262763977e-03 3.037795238196849823e-02 3.644986823201179504e-02 2.394329383969306946e-02 4.022781923413276672e-02 3.885328024625778198e-02 2.171745337545871735e-02 8.141082525253295898e-02 3.380344435572624207e-02 3.459850698709487915e-02 1.783387362957000732e-02 3.787657618522644043e-02 1.847605593502521515e-02 3.947782889008522034e-02 2.752191200852394104e-02 3.690081462264060974e-02 1.115795597434043884e-02 3.469539061188697815e-02 2.117501758038997650e-02 1.167214289307594299e-02 1.008119806647300720e-02 2.507080882787704468e-02 4.118146534892730415e-05 1.139907315373420715e-01 1.152707561850547791e-01 2.060132846236228943e-02 1.921223447425290942e-04 3.132915496826171875e-02 2.441073767840862274e-02 4.871218651533126831e-02 4.920306056737899780e-02 1.716433838009834290e-02 6.014810642227530479e-04 3.655083850026130676e-02 2.400188706815242767e-02 4.684349894523620605e-02 1.136272307485342026e-02 1.539136935025453568e-02 2.053136192262172699e-02 1.097151730209589005e-02 3.264048695564270020e-02 1.333596743643283844e-02 3.837193176150321960e-02 3.552309051156044006e-02 1.543498411774635315e-02 2.202366478741168976e-02 3.237151727080345154e-02 8.638284169137477875e-03 9.259813668904826045e-05 3.830080479383468628e-02 1.076004002243280411e-02 3.120251744985580444e-02 6.649007555097341537e-03 3.536444902420043945e-02 3.663018345832824707e-02 1.384062692523002625e-02 3.024522960186004639e-02 1.234606839716434479e-02 1.632152311503887177e-02 2.578421868383884430e-02 1.618414185941219330e-02 2.150945551693439484e-02 2.283078059554100037e-02 1.358607783913612366e-03 1.773521304130554199e-02 1.440213620662689209e-02 2.446892298758029938e-02 4.102292656898498535e-02 5.251931399106979370e-02 6.766139715909957886e-02 4.578402265906333923e-02 1.762500964105129242e-02 3.337948024272918701e-02 7.166474126279354095e-03 3.596064634621143341e-03 2.703230828046798706e-02 2.265316992998123169e-02 2.635737648233771324e-03 1.741267926990985870e-02 2.071343827992677689e-03 9.018770419061183929e-03 2.427631057798862457e-02 2.873835153877735138e-02 1.506555732339620590e-02 3.781379386782646179e-02 1.172565203160047531e-02 8.503609336912631989e-03 3.383512422442436218e-02 1.992525905370712280e-02 2.014170028269290924e-02 2.746602706611156464e-02 8.503618650138378143e-03 1.588142849504947662e-02
9.569127112627029419e-03 1.065020635724067688e-02 1.603558063507080078e-01 4.043640941381454468e-02 1.798235066235065460e-02 9.399136528372764587e-03 5.957466084510087967e-03 5.380867123603820801e-01 3.534595295786857605e-02 9.855563752353191376e-03 4.554440267384052277e-03 3.407702315598726273e-03 1.591464690864086151e-02 6.474032943515339866e-06 1.003859937191009521e-01 2.527210488915443420e-02 3.496471419930458069e-02 5.483231693506240845e-02 8.933374658226966858e-03 1.130331493914127350e-02 3.798955678939819336e-02 5.094401165843009949e-02 3.413521125912666321e-02 1.345604006201028824e-02 5.535631906241178513e-03 3.104462288320064545e-02 2.778442576527595520e-02 2.570435404777526855e-02 6.727543659508228302e-03 1.900559291243553162e-02 1.899896003305912018e-02 2.230791933834552765e-02 1.950929686427116394e-02 1.869650557637214661e-02 1.939810253679752350e-02 2.266636490821838379e-02 2.018353529274463654e-02 2.547538466751575470e-02 7.116555236279964447e-03 9.147513657808303833e-03 3.374238312244415283e-02 1.859820820391178131e-02 2.557377330958843231e-02 5.771726742386817932e-02 4.019698593765497208e-03 4.063441976904869080e-02 1.712093362584710121e-03 8.567106910049915314e-03 2.131901122629642487e-02 3.093789331614971161e-02 9.378029964864253998e-03 3.847839310765266418e-02 2.053973264992237091e-02 2.688687294721603394e-02 3.299536183476448059e-02 1.977201551198959351e-02 2.614690735936164856e-02 4.059672355651855469e-02 1.209570001810789108e-02 5.580815020948648453e-03 4.020241275429725647e-02 8.219354785978794098e-03 2.143689431250095367e-02 2.415964379906654358e-02 2.281351387500762939e-02 2.268160134553909302e-02 3.136492893099784851e-02 1.341409632004797459e-03 3.512206894811242819e-04 7.033204194158315659e-03 3.665284812450408936e-02 4.269634839147329330e-03 1.798918098211288452e-02 1.278322283178567886e-02 4.029278457164764404e-02 3.275110945105552673e-02 9.826128371059894562e-03 2.425285056233406067e-02 1.116971857845783234e-02 5.658491700887680054e-02 1.360103338956832886e-01 1.118532940745353699e-01 5.555366352200508118e-02 3.223164379596710205e-02 1.400370150804519653e-02 3.730683401226997375e-02 8.211904764175415039e-02 5.437034368515014648e-02 4.119908064603805542e-02 4.126719757914543152e-02 2.001881413161754608e-02 1.546993572264909744e-02 1.406926312483847141e-03 2.628037007525563240e-03 8.712634444236755371e-03 3.134655579924583435e-02 4.332653805613517761e-02 2.647685445845127106e-02 3.512336313724517822e-02 1.331322640180587769e-02 3.792328760027885437e-02 3.892214968800544739e-02 4.070061445236206055e-02 1.669237203896045685e-02 3.687057271599769592e-02 2.925644814968109131e-02 3.876713290810585022e-02 4.500669240951538086e-02 3.406758606433868408e-02 1.616948284208774567e-02 1.508655399084091187e-02 1.434339117258787155e-02 3.100267983973026276e-02 2.123442478477954865e-03 1.121035078540444374e-03 3.213064372539520264e-02
3.722644597291946411e-02 1.832177117466926575e-02 2.535825781524181366e-02 2.068484574556350708e-02 3.147475421428680420e-02 4.271633457392454147e-03 3.340029623359441757e-03 3.534595295786857605e-02 5.497307777404785156e-01 1.122914534062147141e-02 3.491680324077606201e-02 2.341384068131446838e-02 6.126306951045989990e-03 3.325558081269264221e-02 3.663047775626182556e-02 3.736639767885208130e-02 3.019775613211095333e-04 1.764248497784137726e-02 1.566067524254322052e-02 2.500313892960548401e-02 2.457872219383716583e-02 2.979455143213272095e-02 5.272186174988746643e-02 1.748748309910297394e-02 3.446874022483825684e-02 1.612083241343498230e-02 9.485048241913318634e-03 3.035733848810195923e-02 3.146256878972053528e-02 2.530979923903942108e-03 1.422075089067220688e-02 7.850018329918384552e-03 4.392271116375923157e-02 2.437877468764781952e-02 1.434632577002048492e-04 3.986036032438278198e-02 1.003176067024469376e-02 1.116671692579984665e-02 2.688692323863506317e-02 6.369115319103002548e-03 2.309278585016727448e-02 4.876495152711868286e-02 1.782296411693096161e-02 4.225713014602661133e-02 3.384254127740859985e-02 1.914481632411479950e-02 3.910669684410095215e-02 6.590641103684902191e-03 6.643182784318923950e-02 4.822328221052885056e-03 6.150751374661922455e-03 6.349572911858558655e-03 2.882217615842819214e-02 2.660907991230487823e-02 5.732522532343864441e-02 2.168913558125495911e-02 3.280517179518938065e-03 3.772537456825375557e-03 2.419344149529933929e-02 4.181213676929473877e-03 1.862223073840141296e-02 7.389008998870849609e-03 2.990085445344448090e-02 1.979648508131504059e-02 3.698233142495155334e-02 1.215877709910273552e-03 1.699657738208770752e-02 3.124613314867019653e-02 4.180105403065681458e-02 1.395771373063325882e-02 1.555336825549602509e-02 3.042621165513992310e-02 8.318945765495300293e-03 3.353838622570037842e-02 9.805533103644847870e-03 1.414986234158277512e-02 1.129245012998580933e-01 3.361271694302558899e-02 5.237894877791404724e-02 2.288752421736717224e-02 4.234426841139793396e-02 1.232384005561470985e-03 1.134864892810583115e-02 1.657870970666408539e-02 7.539267092943191528e-02 4.820599406957626343e-02 3.734820336103439331e-02 2.026621066033840179e-02 4.661772772669792175e-02 4.900621250271797180e-02 6.954540149308741093e-04 4.215232655405998230e-02 4.237597808241844177e-02 1.256007794290781021e-02 2.392606064677238464e-02 2.382477931678295135e-02 2.245843783020973206e-02 7.808698341250419617e-03 6.629414856433868408e-02 3.934709355235099792e-02 4.592959582805633545e-02 5.410582199692726135e-02 1.019938942044973373e-02 2.594756195321679115e-03 3.746817121282219887e-03 2.683178149163722992e-02 2.664893632754683495e-03 1.411984488368034363e-02 4.810235649347305298e-02 1.884268969297409058e-02 2.553676627576351166e-02 2.229579910635948181e-02 9.805345907807350159e-03 5.784179084002971649e-03 3.908887878060340881e-02 4.655338451266288757e-02
3.290508314967155457e-02 4.802739247679710388e-02 1.526445243507623672e-02 3.232456743717193604e-02 4.196124896407127380e-02 8.828879334032535553e-03 2.291945926845073700e-02 9.855563752353191376e-03 1.122914534062147141e-02 5.468692183494567871e-01 1.426917314529418945e-02 3.103072568774223328e-02 3.408849239349365234e-02 4.809604026377201080e-03 1.593640819191932678e-02 1.227062288671731949e-02 4.367048293352127075e-02 1.470174919813871384e-02 7.069076597690582275e-02 2.414981275796890259e-02 1.875000260770320892e-02 3.785242512822151184e-02 1.043081190437078476e-02 1.824409328401088715e-02 5.037286132574081421e-02 1.558724977076053619e-02 3.500195220112800598e-02 3.253820538520812988e-02 3.327880054712295532e-02 2.041645906865596771e-02 1.219778135418891907e-02 3.559926897287368774e-02 1.896535977721214294e-02 6.047793477773666382e-02 2.113863825798034668e-03 1.512971241027116776e-02 3.213131055235862732e-02 3.536987677216529846e-02 1.051313709467649460e-02 2.582653239369392395e-02 4.637032002210617065e-02 3.120345529168844223e-03 4.091033339500427246e-02 2.563319727778434753e-02 1.071428693830966949e-02 2.897110395133495331e-02 1.607362180948257446e-02 3.929783776402473450e-02 1.927372254431247711e-02 1.093374937772750854e-01 2.308108285069465637e-02 1.652805879712104797e-02 4.999941587448120117e-02 3.027617931365966797e-02 3.954951837658882141e-02 8.797058463096618652e-02 2.069974131882190704e-02 6.472323089838027954e-03 1.595797482877969742e-03 4.306622967123985291e-02 7.871380075812339783e-03 5.506780743598937988e-02 4.478443413972854614e-02 5.141912028193473816e-02 7.393075502477586269e-04 1.859200000762939453e-02 4.542136937379837036e-02 3.366646170616149902e-02 2.333346009254455566e-02 1.894708350300788879e-02 2.467001602053642273e-02 6.971073336899280548e-03 4.707409068942070007e-02 2.281011268496513367e-02 5.728684831410646439e-03 2.746589481830596924e-02 4.413903504610061646e-02 7.841601222753524780e-02 3.489417210221290588e-02 1.580747067928314209e-01 4.860355332493782043e-02 2.607596851885318756e-02 2.156482264399528503e-02 9.376653283834457397e-02 4.143446683883666992e-02 1.171022504568099976e-01 4.751490801572799683e-02 2.042518928647041321e-02 3.339532390236854553e-02 9.707775712013244629e-02 2.445432357490062714e-02 7.261063437908887863e-03 3.019912913441658020e-02 2.010375075042247772e-02 7.236983627080917358e-03 2.004230394959449768e-02 5.491462536156177521e-03 1.157035958021879196e-02 5.961677059531211853e-03 4.053705371916294098e-03 3.283900022506713867e-02 2.801558189094066620e-02 7.862534373998641968e-03 2.361520007252693176e-02 7.535036187618970871e-03 3.665668144822120667e-02 3.172304853796958923e-02 9.580160491168498993e-03 2.093708328902721405e-02 1.817907579243183136e-02 1.094650849699974060e-02 2.543167956173419952e-02 1.213064533658325672e-03 3.443631157279014587e-02 2.246555127203464508e-02 2.755740843713283539e-02
1.145412921905517578e-01 1.019901260733604431e-01 2.652090229094028473e-02 1.718654669821262360e-02 3.359124064445495605e-02 1.051673069596290588e-01 7.276409119367599487e-02 4.554440267384052277e-03 3.491680324077606201e-02 1.426917314529418945e-02 5.705646872520446777e-01 1.309629995375871658e-02 1.271992772817611694e-01 9.790211915969848633e-03 3.612668439745903015e-02 1.163894403725862503e-02 3.549191728234291077e-02 1.492385193705558777e-02 1.356253307312726974e-02 3.922450169920921326e-02 1.516010053455829620e-02 2.414259128272533417e-02 1.057079248130321503e-02 6.423913408070802689e-03 1.567253284156322479e-02 3.474121168255805969e-02 3.878310695290565491e-02 1.514877565205097198e-02 4.518575966358184814e-02 1.072056964039802551e-02 7.231421023607254028e-02 3.634214401245117188e-02 3.752537444233894348e-02 4.358043894171714783e-03 4.271034896373748779e-02 1.128486357629299164e-02 5.431519821286201477e-05 2.020794712007045746e-02 2.083221077919006348e-02 4.122426733374595642e-02 1.084087602794170380e-02 1.406110823154449463e-02 9.112547151744365692e-03 9.750985540449619293e-03 5.248316098004579544e-03 2.352399006485939026e-02 1.080112308263778687e-01 6.994419544935226440e-02 5.937501322478055954e-03 1.768971420824527740e-02 3.907119482755661011e-02 2.060887031257152557e-02 1.750552468001842499e-02 2.003474161028862000e-02 1.754713617265224457e-02 8.585610194131731987e-04 2.902175672352313995e-02 2.473960444331169128e-02 1.996176503598690033e-02 2.045191638171672821e-02 3.821891546249389648e-02 3.313898295164108276e-02 4.651568084955215454e-02 4.237778857350349426e-02 1.640702784061431885e-02 3.901367634534835815e-02 3.024737350642681122e-02 3.397944197058677673e-02 9.629962034523487091e-03 1.350918505340814590e-02 8.688871748745441437e-03 1.755224075168371201e-03 4.195950552821159363e-02 4.397690668702125549e-02 3.331400826573371887e-02 4.683877341449260712e-03 7.201568223536014557e-04 9.700271300971508026e-03 3.934754431247711182e-02 2.528789453208446503e-02 2.116211317479610443e-02 4.911619052290916443e-02 2.282362803816795349e-02 5.005891900509595871e-03 1.653239317238330841e-02 2.720735408365726471e-02 1.092629134654998779e-02 1.205275300890207291e-02 4.214216023683547974e-02 2.350143156945705414e-02 5.749982595443725586e-02 4.964430630207061768e-02 5.270797759294509888e-02 1.575816050171852112e-02 1.379346288740634918e-02 2.021135203540325165e-02 2.325670234858989716e-02 3.045429661870002747e-02 1.093442831188440323e-02 1.849906705319881439e-02 2.255226112902164459e-02 8.193793706595897675e-03 1.641991175711154938e-02 3.333302587270736694e-02 1.531362719833850861e-02 3.472068905830383301e-02 3.712804522365331650e-03 4.943376034498214722e-02 1.446581259369850159e-02 4.482792224735021591e-03 1.773792505264282227e-02 2.400032989680767059e-02 2.797536551952362061e-02 2.858357317745685577e-02 4.284330084919929504e-02 2.541206777095794678e-02
1.102817244827747345e-03 2.383688464760780334e-03 1.740729808807373047e-02 1.108737383037805557e-02 7.438278291374444962e-03 6.319590378552675247e-03 8.483740501105785370e-03 3.407702315598726273e-03 2.341384068131446838e-02 3.103072568774223328e-02 1.309629995375871658e-02 5.638823509216308594e-01 2.642569690942764282e-02 7.800138741731643677e-02 1.937564648687839508e-02 9.257727302610874176e-03 1.454873289912939072e-02 3.135879710316658020e-02 1.943946257233619690e-02 2.586724702268838882e-03 2.070842683315277100e-02 4.745997954159975052e-03 4.367230460047721863e-02 3.072559833526611328e-02 1.693861745297908783e-02 2.360770851373672485e-02 1.778466813266277313e-02 5.694842338562011719e-02 4.439993761479854584e-03 5.728442966938018799e-02 3.818603977560997009e-02 3.084849566221237183e-02 6.747615989297628403e-04 4.916678369045257568e-02 1.625147066079080105e-03 1.940323784947395325e-02 1.737209619022905827e-03 7.735027931630611420e-03 4.437158256769180298e-02 4.715770855545997620e-02 2.287418395280838013e-02 1.731827668845653534e-02 1.195567566901445389e-02 2.615701593458652496e-02 4.009232670068740845e-02 1.287450361996889114e-02 1.341076940298080444e-02 2.885666303336620331e-02 5.946557968854904175e-02 3.669595718383789062e-02 3.486722707748413086e-02 5.001243576407432556e-02 1.042463071644306183e-02 1.060714293271303177e-02 3.450805693864822388e-02 2.914112620055675507e-02 3.908996284008026123e-02 4.807673394680023193e-02 6.842674221843481064e-03 3.654357045888900757e-03 2.400283515453338623e-02 4.464283585548400879e-02 6.416287273168563843e-03 1.428408361971378326e-02 5.122469738125801086e-03 3.074608743190765381e-02 2.433282323181629181e-03 1.837402582168579102e-02 6.880270782858133316e-03 5.416623130440711975e-02 1.306931767612695694e-02 2.489800564944744110e-02 1.929766125977039337e-02 5.024015903472900391e-02 2.194452472031116486e-02 3.390512615442276001e-02 1.166811678558588028e-02 3.151107951998710632e-02 2.106910198926925659e-02 3.270622715353965759e-02 1.762935519218444824e-02 1.077825296670198441e-02 2.013256028294563293e-02 4.543782025575637817e-02 2.530518919229507446e-02 5.371851846575737000e-03 1.097292825579643250e-02 4.520537331700325012e-03 5.868794023990631104e-02 3.591121733188629150e-02 1.907006953842937946e-03 1.839988306164741516e-02 4.971044603735208511e-03 1.413733698427677155e-02 3.634467720985412598e-02 4.937706515192985535e-02 4.824887588620185852e-02 3.803250566124916077e-02 1.073519326746463776e-02 1.756412326358258724e-03 7.558906450867652893e-03 1.109418179839849472e-02 3.154462948441505432e-02 4.576038196682929993e-02 1.889356970787048340e-02 2.811153186485171318e-03 7.191534154117107391e-03 1.842210069298744202e-02 3.149833157658576965e-02 4.205767065286636353e-02 3.501271596178412437e-03 5.936798173934221268e-03 1.936059631407260895e-02 1.481856778264045715e-02 3.822990134358406067e-02 2.100595273077487946e-02
1.155527755618095398e-01 1.168573200702667236e-01 1.882775500416755676e-02 9.900332428514957428e-03 3.253537043929100037e-02 1.067911833524703979e-01 9.161411970853805542e-02 1.591464690864086151e-02 6.126306951045989990e-03 3.408849239349365234e-02 1.271992772817611694e-01 2.642569690942764282e-02 5.799032449722290039e-01 4.299533553421497345e-03 4.871838912367820740e-02 3.128864616155624390e-02 2.368508838117122650e-02 6.010282319039106369e-03 9.814831428229808807e-03 2.586048282682895660e-02 9.170684963464736938e-03 1.965207792818546295e-02 3.541887551546096802e-02 1.177651155740022659e-02 3.037208318710327148e-02 2.918194420635700226e-02 4.273486882448196411e-02 2.929611690342426300e-02 4.038418084383010864e-02 2.022656053304672241e-02 8.539853245019912720e-02 3.355977684259414673e-02 2.947160601615905762e-02 2.931106463074684143e-02 4.591109976172447205e-02 2.193172834813594818e-02 1.284688245505094528e-02 6.509621161967515945e-03 9.400222450494766235e-03 1.717980019748210907e-02 1.199622452259063721e-02 1.653218269348144531e-02 2.738674404099583626e-03 8.203376084566116333e-03 8.465942926704883575e-03 3.758683800697326660e-02 1.028079912066459656e-01 8.470589667558670044e-02 3.090235218405723572e-02 3.395594283938407898e-02 3.664036095142364502e-02 1.610175147652626038e-02 3.445420414209365845e-02 3.050597757101058960e-02 3.657146170735359192e-02 1.244890596717596054e-02 3.399504721164703369e-02 3.666760399937629700e-02 2.948174439370632172e-02 1.044088136404752731e-02 3.806245699524879456e-02 2.269101329147815704e-02 4.535989835858345032e-02 5.475050956010818481e-02 1.430480182170867920e-02 4.297796264290809631e-02 1.957572810351848602e-02 2.713089436292648315e-02 1.618223451077938080e-02 3.247064352035522461e-02 2.926811110228300095e-03 7.434703875333070755e-03 2.857758291065692902e-02 1.940255239605903625e-02 4.112606123089790344e-02 1.442537992261350155e-03 3.576188907027244568e-02 8.245639503002166748e-03 1.241710595786571503e-02 9.778329171240329742e-03 9.352016262710094452e-03 3.305200859904289246e-02 1.167772430926561356e-02 2.616919577121734619e-02 1.818772591650485992e-02 3.157710656523704529e-02 3.489976515993475914e-03 8.590571582317352295e-03 7.409933023154735565e-03 9.621566161513328552e-03 4.771424457430839539e-02 3.825072571635246277e-02 6.317427009344100952e-02 2.974855154752731323e-02 6.507075391709804535e-03 2.266441658139228821e-02 1.677329279482364655e-02 2.386397682130336761e-02 2.386603131890296936e-02 2.852266095578670502e-02 2.260895632207393646e-02 5.285823252052068710e-03 7.149960845708847046e-03 1.779843494296073914e-02 4.361783154308795929e-03 3.157848864793777466e-02 2.624912001192569733e-02 5.681715905666351318e-02 1.167299319058656693e-02 6.112096365541219711e-03 1.231754012405872345e-02 1.331480126827955246e-02 2.044049650430679321e-02 2.705563977360725403e-02 2.717831172049045563e-02 4.605508409440517426e-03
