4.647576510906219482e-01 1.888948827981948853e-01 2.854892797768115997e-02 1.735233142971992493e-02 7.070019841194152832e-03 1.566578298807144165e-01 8.380056172609329224e-02 1.534787192940711975e-02 9.790869429707527161e-03 3.819287195801734924e-02 1.436552405357360840e-01 2.296623215079307556e-02 1.261061728000640869e-01 1.648361049592494965e-02 2.851995266973972321e-02 3.663106262683868408e-02 4.957231692969799042e-03 1.770753646269440651e-03 1.019526552408933640e-02 2.817773632705211639e-02 3.675540909171104431e-02 1.239085197448730469e-02 2.784425579011440277e-02 3.263149410486221313e-02 2.080927044153213501e-02 2.780097071081399918e-03 5.707070603966712952e-02 5.750119313597679138e-02 5.732681136578321457e-03 5.900183692574501038e-03 2.016743086278438568e-02 1.386404270306229591e-03 2.988803200423717499e-02 2.955874055624008179e-02 1.858577691018581390e-02 7.985682226717472076e-03 1.269748248159885406e-02 3.602460399270057678e-02 1.505407411605119705e-02 4.085849598050117493e-02 5.386890843510627747e-03 4.563349112868309021e-02 5.205092020332813263e-03 1.817441731691360474e-02 1.350017730146646500e-02 6.737255305051803589e-02 1.044561937451362610e-01 5.595631524920463562e-02 2.577502094209194183e-02 2.721818350255489349e-02 4.682284221053123474e-02 3.916762024164199829e-02 3.548219427466392517e-02 1.747364178299903870e-02 2.840144152287393808e-04 3.640736639499664307e-02 4.622906818985939026e-02 1.501818560063838959e-02 2.272303914651274681e-03 8.911321870982646942e-03 3.007103689014911652e-02 5.952372215688228607e-03 3.450783714652061462e-02 1.126102171838283539e-02 6.339641404338181019e-04 2.012063190340995789e-02 2.509077079594135284e-02 3.127708041574805975e-04 5.652270745486021042e-03 1.801359839737415314e-02 2.983810752630233765e-02 2.343527227640151978e-02 2.970239520072937012e-02 8.796837180852890015e-03 1.735777594149112701e-02 1.167197246104478836e-02 1.854480057954788208e-02 7.406847085803747177e-03 5.208815261721611023e-02 1.422320120036602020e-02 2.912049647420644760e-03 4.384801164269447327e-02 1.153964456170797348e-02 5.308588501065969467e-03 8.286161348223686218e-03 6.929168477654457092e-03 4.176079109311103821e-02 3.471023589372634888e-02 1.403543725609779358e-02 2.932661911472678185e-03 4.202029854059219360e-02 2.175369299948215485e-02 6.528523284941911697e-03 4.624574631452560425e-02 3.127433359622955322e-02 3.359895572066307068e-02 1.301328931003808975e-02 3.088759258389472961e-02 2.283042063936591148e-03 7.072194479405879974e-03 2.842043153941631317e-02 5.698415916413068771e-03 8.991465903818607330e-03 4.028824344277381897e-02 3.316922485828399658e-02 2.924312278628349304e-02 1.198230404406785965e-02 3.598885983228683472e-02 1.020880974829196930e-02 2.079946734011173248e-02 3.744827955961227417e-02 3.462991118431091309e-02 1.940824277698993683e-02 2.407936938107013702e-02 7.553745061159133911e-02 7.192001491785049438e-02
1.888948827981948853e-01 4.597122967243194580e-01 1.220052875578403473e-02 1.585687277838587761e-03 1.186810992658138275e-02 9.850518405437469482e-02 8.587517589330673218e-02 1.932891272008419037e-02 3.290535137057304382e-02 3.098007105290889740e-02 1.136760637164115906e-01 8.381370455026626587e-03 1.348378956317901611e-01 4.792584106326103210e-02 2.010368742048740387e-02 3.009993769228458405e-02 3.161690896376967430e-03 4.260220751166343689e-02 1.261167787015438080e-02 4.501441866159439087e-02 1.280058175325393677e-02 3.308225795626640320e-02 2.119274623692035675e-02 5.002868920564651489e-02 5.034499242901802063e-02 1.241588313132524490e-02 2.032564207911491394e-02 8.425668813288211823e-03 2.348380722105503082e-02 1.862536184489727020e-03 2.365052141249179840e-02 1.636579260230064392e-02 6.719980854541063309e-03 3.240904211997985840e-02 2.195651829242706299e-02 2.564784884452819824e-02 4.369324073195457458e-03 1.680856384336948395e-02 7.084251381456851959e-03 3.485845029354095459e-02 2.471825573593378067e-03 4.984138999134302139e-03 7.491908967494964600e-03 5.416452884674072266e-02 4.760849103331565857e-02 1.568206399679183960e-02 5.179766565561294556e-02 4.467905499041080475e-03 3.932500258088111877e-02 4.067050665616989136e-02 3.040627017617225647e-02 2.213289588689804077e-02 1.420333422720432281e-02 2.373690344393253326e-02 4.663849994540214539e-02 1.624415069818496704e-02 2.836170047521591187e-02 1.689171046018600464e-02 1.766846887767314911e-02 1.652576494961977005e-03 1.475953590124845505e-02 2.714326232671737671e-02 4.804697260260581970e-02 9.376407600939273834e-03 1.259328052401542664e-02 6.187677383422851562e-03 1.601105555891990662e-02 7.244544569402933121e-03 8.183966390788555145e-03 3.295737504959106445e-02 2.834176272153854370e-02 2.085722424089908600e-02 2.522231265902519226e-02 1.521677430719137192e-02 1.920061185956001282e-02 1.838654652237892151e-02 3.045251127332448959e-03 2.671233611181378365e-03 4.078241810202598572e-02 2.127993386238813400e-03 4.992689564824104309e-02 1.556976581923663616e-03 4.620644450187683105e-02 2.386150322854518890e-02 2.359851635992527008e-02 9.508484974503517151e-03 2.517909742891788483e-02 2.393366210162639618e-02 7.016266230493783951e-03 6.099860649555921555e-03 8.982676081359386444e-03 2.963733300566673279e-02 4.721694067120552063e-02 3.975800797343254089e-02 4.978162795305252075e-02 2.704019099473953247e-02 2.084720693528652191e-02 4.527424275875091553e-02 3.225456550717353821e-02 4.851609840989112854e-02 1.387204788625240326e-02 1.280254498124122620e-02 2.514149993658065796e-02 4.434208199381828308e-02 4.075234010815620422e-02 1.929302699863910675e-02 1.315336674451828003e-03 4.814628139138221741e-02 1.702178828418254852e-02 1.149047538638114929e-02 2.668421529233455658e-02 1.936955377459526062e-02 7.533573079854249954e-04 1.512478385120630264e-02 2.369878115132451057e-03 2.887850627303123474e-02
2.854892797768115997e-02 1.220052875578403473e-02 4.283047616481781006e-01 3.357429429888725281e-02 3.160887211561203003e-02 6.198878958821296692e-02 3.427113592624664307e-02 1.399753242731094360e-01 3.373349830508232117e-02 2.932398580014705658e-02 1.077638566493988037e-02 1.046659518033266068e-02 1.330704987049102783e-02 6.290997378528118134e-03 1.158184744417667389e-02 4.893323406577110291e-03 2.629350870847702026e-02 1.243216218426823616e-03 2.929157111793756485e-03 2.494305744767189026e-02 1.920127868652343750e-02 3.648875281214714050e-02 3.155012801289558411e-02 3.240223601460456848e-02 1.267529465258121490e-02 2.471986226737499237e-02 4.958176985383033752e-02 6.742764730006456375e-03 2.160676009953022003e-02 1.596861891448497772e-02 3.370112553238868713e-02 3.967145830392837524e-02 9.801243431866168976e-03 3.509586304426193237e-02 5.758244078606367111e-04 2.089665085077285767e-02 1.575439702719449997e-03 2.779075875878334045e-02 7.207301445305347443e-03 2.747894823551177979e-02 1.764364540576934814e-02 1.086204592138528824e-02 2.881860733032226562e-02 9.463312476873397827e-02 4.982337728142738342e-02 5.131592601537704468e-02 2.877891995012760162e-02 2.940462157130241394e-02 2.393031027168035507e-04 3.793156519532203674e-02 2.777774073183536530e-02 2.763664163649082184e-02 6.635987013578414917e-02 2.222427539527416229e-02 3.743496164679527283e-02 4.375097155570983887e-02 1.570675335824489594e-02 3.630875423550605774e-02 1.105822715908288956e-02 3.996892273426055908e-02 1.133074518293142319e-02 2.857820875942707062e-02 3.661772469058632851e-03 1.742644980549812317e-02 4.284756258130073547e-02 3.846437856554985046e-02 2.973526343703269958e-02 2.010694891214370728e-02 8.684180676937103271e-03 6.804884970188140869e-02 2.885847724974155426e-02 5.383168160915374756e-02 1.254186499863862991e-02 3.296278044581413269e-02 3.327692300081253052e-02 1.189728546887636185e-02 1.993284560739994049e-02 6.468540523201227188e-03 3.669960796833038330e-02 2.411720156669616699e-02 1.678558140993118286e-01 1.062924787402153015e-01 9.461574256420135498e-03 2.771707437932491302e-02 2.133516967296600342e-02 1.592279877513647079e-03 2.375127933919429779e-02 1.663712412118911743e-02 1.693811453878879547e-02 6.643687840551137924e-03 3.421821445226669312e-02 4.356296733021736145e-02 3.479215502738952637e-02 3.017345815896987915e-02 1.717059127986431122e-02 4.281288012862205505e-02 2.559847198426723480e-02 3.374046832323074341e-02 1.788485236465930939e-02 3.337206318974494934e-02 2.072622440755367279e-02 9.027925319969654083e-03 2.371772751212120056e-02 3.005374595522880554e-02 2.358448319137096405e-02 1.920058578252792358e-02 1.889227889478206635e-02 1.594779267907142639e-02 2.724882401525974274e-02 1.071905903518199921e-02 2.888713032007217407e-02 3.779102489352226257e-02 2.871025912463665009e-02 3.360857814550399780e-02 3.837020322680473328e-02 2.203079499304294586e-02
1.735233142971992493e-02 1.585687277838587761e-03 3.357429429888725281e-02 4.875129461288452148e-01 8.948806673288345337e-02 2.596408128738403320e-02 1.669673994183540344e-02 2.737999334931373596e-02 2.894941344857215881e-02 7.780208252370357513e-03 1.105332933366298676e-02 4.897971823811531067e-02 2.278319792822003365e-03 5.389472842216491699e-02 5.634383112192153931e-02 5.236969888210296631e-02 6.739164888858795166e-02 5.910885334014892578e-02 5.169806256890296936e-02 3.397510945796966553e-02 2.651364356279373169e-02 1.973376236855983734e-02 3.829879313707351685e-02 4.904170706868171692e-02 3.558906540274620056e-02 2.547706849873065948e-02 5.421436578035354614e-02 6.822550296783447266e-02 4.334512725472450256e-02 5.655931681394577026e-02 4.619709774851799011e-02 1.731042563915252686e-02 1.628597825765609741e-02 1.498929597437381744e-02 5.460329726338386536e-02 3.700248152017593384e-02 7.812318392097949982e-03 1.806616410613059998e-02 7.898214459419250488e-02 3.997793421149253845e-02 4.621277377009391785e-02 8.019687607884407043e-03 2.400029636919498444e-02 1.048491685651242733e-03 4.983086511492729187e-02 4.730746150016784668e-02 1.488763000816106796e-02 1.692732609808444977e-02 1.530607789754867554e-02 1.251601614058017731e-03 8.227588608860969543e-03 1.289899181574583054e-02 2.017439837800338864e-04 2.349504455924034119e-02 5.622361972928047180e-02 2.154492586851119995e-02 7.026094943284988403e-02 2.243344672024250031e-02 2.237491682171821594e-02 5.411015357822179794e-03 3.712634369730949402e-02 5.978465080261230469e-03 4.187068715691566467e-02 3.269170224666595459e-02 1.549385953694581985e-02 5.405052006244659424e-02 4.513092804700136185e-03 9.186675772070884705e-03 4.915562644600868225e-02 4.015667364001274109e-02 2.216658368706703186e-02 4.187628161162137985e-03 8.743161708116531372e-02 1.823550462722778320e-02 5.627397820353507996e-02 1.729726977646350861e-02 1.567776501178741455e-02 8.532947977073490620e-04 3.117259126156568527e-03 2.251763269305229187e-02 1.557160168886184692e-02 4.191669821739196777e-02 8.792332373559474945e-03 7.452928461134433746e-03 1.719396375119686127e-02 2.067256346344947815e-02 3.609583899378776550e-02 2.973725274205207825e-02 5.542627722024917603e-02 3.947801887989044189e-03 4.870723560452461243e-02 3.763068094849586487e-02 3.274906054139137268e-02 9.863012382993474603e-05 3.927678335458040237e-03 1.088613551110029221e-02 3.875651583075523376e-02 2.024795860052108765e-02 2.548040077090263367e-02 2.413730137050151825e-02 8.400090737268328667e-04 1.390847843140363693e-03 5.624267086386680603e-02 2.592282555997371674e-02 2.421922050416469574e-02 4.328338056802749634e-02 7.737981155514717102e-03 4.238718375563621521e-02 1.408864837139844894e-02 1.096971705555915833e-02 9.486093185842037201e-03 1.726037077605724335e-02 3.280544653534889221e-02 4.162537306547164917e-02 4.645112156867980957e-02 3.377094119787216187e-02
7.070019841194152832e-03 1.186810992658138275e-02 3.160887211561203003e-02 8.948806673288345337e-02 4.843135476112365723e-01 1.476276479661464691e-02 5.787271540611982346e-03 2.819483634084463120e-03 4.363673180341720581e-02 5.525518953800201416e-02 1.397820003330707550e-02 4.441359639167785645e-02 6.105829495936632156e-03 3.463153913617134094e-02 4.690672084689140320e-02 5.942723527550697327e-02 4.769080877304077148e-02 5.916689336299896240e-02 3.239236306399106979e-03 4.740461334586143494e-02 5.608270689845085144e-02 1.409917604178190231e-02 4.796954244375228882e-02 4.610028862953186035e-02 3.951833397150039673e-02 4.790029302239418030e-02 3.133625164628028870e-02 4.761444404721260071e-02 4.174141213297843933e-02 5.282546952366828918e-02 3.824366629123687744e-02 5.929218605160713196e-04 1.480823755264282227e-02 3.844855586066842079e-03 3.474608808755874634e-02 3.236339613795280457e-02 2.462876588106155396e-02 4.363892227411270142e-02 6.487018615007400513e-02 6.511632353067398071e-02 4.214943200349807739e-02 2.045672590611502528e-04 2.244436740875244141e-02 1.727312337607145309e-03 3.948354721069335938e-02 3.392871096730232239e-02 2.404775237664580345e-03 9.914052672684192657e-03 1.177495252341032028e-02 3.094409406185150146e-02 7.343793287873268127e-03 1.306260377168655396e-02 3.002135781571269035e-03 4.175918176770210266e-02 5.316062644124031067e-02 6.125171482563018799e-02 6.529656052589416504e-02 5.380726978182792664e-02 1.468425989151000977e-02 1.297248620539903641e-02 8.054831414483487606e-04 2.022370509803295135e-02 2.362452447414398193e-02 2.720115892589092255e-02 2.053061733022332191e-03 4.953834787011146545e-02 1.755158975720405579e-02 6.904696114361286163e-03 1.503583323210477829e-02 5.151788890361785889e-02 4.617704078555107117e-02 1.098709367215633392e-02 6.390362232923507690e-02 1.393001619726419449e-02 7.615913450717926025e-02 1.585903577506542206e-02 1.153282541781663895e-02 4.174948111176490784e-02 1.266523916274309158e-02 5.517749860882759094e-02 1.571499928832054138e-02 3.075645677745342255e-02 2.648136811330914497e-03 5.532974004745483398e-02 1.225650496780872345e-02 3.082628175616264343e-02 2.351211197674274445e-02 1.291937474161386490e-02 4.338863119482994080e-02 4.529127851128578186e-02 4.490780085325241089e-02 1.219886448234319687e-02 1.610502414405345917e-02 1.330974977463483810e-02 8.447975851595401764e-03 3.048845380544662476e-02 4.262243956327438354e-02 1.124727167189121246e-02 2.635788731276988983e-02 2.133377641439437866e-02 4.769700113683938980e-03 3.561214543879032135e-03 5.841283872723579407e-02 1.466102898120880127e-02 1.067845383659005165e-03 3.291371837258338928e-02 8.563769981265068054e-03 4.342404380440711975e-02 1.522803492844104767e-02 3.018052317202091217e-02 1.453050039708614349e-02 2.148099802434444427e-02 2.112333104014396667e-02 4.811371117830276489e-02 4.289909265935420990e-03 6.063916534185409546e-02
1.566578298807144165e-01 9.850518405437469482e-02 6.198878958821296692e-02 2.596408128738403320e-02 1.476276479661464691e-02 4.727966487407684326e-01 1.958501338958740234e-01 6.241528317332267761e-03 3.587729483842849731e-02 2.659138664603233337e-02 1.379857808351516724e-01 6.391391158103942871e-02 1.081267595291137695e-01 4.681458696722984314e-03 1.430127304047346115e-02 2.456976100802421570e-02 9.522151201963424683e-03 3.644666820764541626e-02 2.049113065004348755e-02 2.971472404897212982e-02 4.767584055662155151e-02 1.467830780893564224e-02 8.995754644274711609e-03 1.236332952976226807e-02 1.923603750765323639e-02 1.221263082697987556e-03 1.387659925967454910e-03 3.878663107752799988e-02 1.359143294394016266e-02 5.892182514071464539e-02 1.923176459968090057e-02 1.084994059056043625e-02 3.425591066479682922e-02 4.193826764822006226e-02 1.844945922493934631e-02 2.269343473017215729e-02 2.237413078546524048e-02 3.765628114342689514e-02 2.253208495676517487e-02 1.980258957701153122e-06 2.664348809048533440e-03 4.039966315031051636e-02 1.526165846735239029e-02 7.333942689001560211e-03 5.302754789590835571e-02 9.508797526359558105e-02 1.425715535879135132e-01 5.610581487417221069e-02 1.256045885384082794e-02 2.104781195521354675e-02 2.078066952526569366e-02 1.386214420199394226e-02 2.692123875021934509e-02 4.593254998326301575e-02 1.809365861117839813e-02 3.241577744483947754e-02 4.655753821134567261e-02 4.399643465876579285e-02 2.135721966624259949e-02 2.229346893727779388e-02 2.947913855314254761e-02 4.395061731338500977e-02 8.416356518864631653e-03 8.891840465366840363e-03 6.926647387444972992e-03 4.910866543650627136e-02 1.250242255628108978e-02 1.430609542876482010e-02 4.083323106169700623e-02 3.073899634182453156e-02 4.566428437829017639e-02 1.720424927771091461e-02 1.155341602861881256e-02 1.455427054315805435e-02 2.817046362906694412e-03 1.959176920354366302e-02 1.330843940377235413e-02 2.230759896337985992e-02 1.785821467638015747e-02 3.363193944096565247e-02 1.505871862173080444e-02 4.050422087311744690e-02 4.312058910727500916e-02 4.647580906748771667e-02 1.473867148160934448e-02 9.165229275822639465e-03 3.226036205887794495e-02 2.070135623216629028e-02 3.849047049880027771e-02 4.921062290668487549e-02 4.327915981411933899e-02 1.377326808869838715e-02 2.205798402428627014e-02 4.427996650338172913e-02 2.406581491231918335e-02 7.634757086634635925e-03 9.423090144991874695e-03 3.354731202125549316e-02 2.211586013436317444e-02 5.908905877731740475e-04 3.877701982855796814e-02 2.920128032565116882e-02 1.846510218456387520e-03 2.487745136022567749e-02 7.995508611202239990e-03 1.050574891269207001e-02 4.856834560632705688e-02 2.946807444095611572e-02 2.302723936736583710e-02 1.131871249526739120e-02 1.202274579554796219e-02 7.680662907660007477e-03 4.697067197412252426e-03 3.244094178080558777e-02 9.768247604370117188e-02 3.743256628513336182e-02
8.380056172609329224e-02 8.587517589330673218e-02 3.427113592624664307e-02 1.669673994183540344e-02 5.787271540611982346e-03 1.958501338958740234e-01 4.681363105773925781e-01 2.416692487895488739e-02 2.010409906506538391e-02 1.346406713128089905e-02 1.047271415591239929e-01 2.397988922894001007e-02 1.026393547654151917e-01 2.406340464949607849e-02 1.057773269712924957e-02 3.605138137936592102e-02 3.540427982807159424e-02 2.808607183396816254e-02 6.862832698971033096e-03 4.606335423886775970e-04 7.541078608483076096e-03 2.998053841292858124e-02 1.034370390698313713e-03 3.287977306172251701e-03 1.109779346734285355e-02 3.650755062699317932e-02 3.080501593649387360e-02 7.360390387475490570e-03 2.628259174525737762e-02 8.150036446750164032e-03 4.227082058787345886e-02 1.266651670448482037e-03 3.958559781312942505e-02 7.197585888206958771e-03 2.666104584932327271e-03 4.066236689686775208e-02 4.666838794946670532e-02 3.348258510231971741e-02 4.511632770299911499e-02 1.986932195723056793e-02 1.209940016269683838e-02 3.399337828159332275e-02 3.767344728112220764e-02 2.310139127075672150e-02 3.137960284948348999e-02 2.261821366846561432e-02 1.605042368173599243e-01 9.721464663743972778e-02 1.476862747222185135e-02 4.253732040524482727e-02 1.990093477070331573e-02 5.648938473314046860e-03 4.720489680767059326e-02 3.283500671386718750e-02 2.120419032871723175e-02 2.304926700890064240e-02 3.935460746288299561e-02 5.353688076138496399e-02 3.906542435288429260e-02 1.856034249067306519e-02 3.655491769313812256e-02 4.789916425943374634e-02 6.953879259526729584e-03 3.011156991124153137e-02 2.317190228495746851e-04 4.721200093626976013e-03 2.793719060719013214e-03 8.145540952682495117e-03 3.429048880934715271e-02 3.764228150248527527e-02 4.875665530562400818e-02 1.072216872125864029e-02 1.698716729879379272e-02 1.687477156519889832e-02 5.594266112893819809e-04 3.069181181490421295e-02 2.396264299750328064e-02 3.175417333841323853e-02 5.419023334980010986e-03 3.457064181566238403e-02 1.350249256938695908e-02 1.381712220609188080e-02 2.251358702778816223e-02 4.848019033670425415e-02 7.384062744677066803e-03 1.628206111490726471e-02 3.149437904357910156e-02 2.978060580790042877e-02 4.058925434947013855e-02 5.124846845865249634e-02 9.579378180205821991e-03 5.240552127361297607e-02 3.620662912726402283e-02 3.093369118869304657e-02 2.811139216646552086e-03 2.839921601116657257e-02 3.845445066690444946e-02 4.414774477481842041e-02 8.281392045319080353e-03 1.801238581538200378e-02 3.558105602860450745e-02 1.174099743366241455e-02 2.359486557543277740e-02 2.834205888211727142e-02 2.084791660308837891e-02 1.477155368775129318e-02 3.507355973124504089e-02 5.458540096879005432e-02 7.954327738843858242e-04 1.044513098895549774e-02 2.558690495789051056e-02 2.047405811026692390e-03 2.638768590986728668e-02 4.900565370917320251e-03 2.262102998793125153e-02 1.312596164643764496e-02
1.534787192940711975e-02 1.932891272008419037e-02 1.399753242731094360e-01 2.737999334931373596e-02 2.819483634084463120e-03 6.241528317332267761e-03 2.416692487895488739e-02 4.344862103462219238e-01 2.274269796907901764e-02 1.661461405456066132e-02 1.955479197204113007e-02 2.721674926578998566e-02 1.495921969763003290e-05 4.845637828111648560e-03 9.462771564722061157e-02 3.864910826086997986e-02 2.275365032255649567e-02 3.183667361736297607e-02 2.954794652760028839e-02 3.961382061243057251e-02 1.938814530149102211e-03 2.433604095131158829e-03 6.886873394250869751e-02 2.776348032057285309e-02 1.431237719953060150e-02 1.035468559712171555e-02 3.005252406001091003e-02 3.120880201458930969e-02 2.229576930403709412e-02 3.347063809633255005e-02 1.005445024929940701e-03 2.240696176886558533e-02 2.875760570168495178e-02 1.934126019477844238e-02 2.176002599298954010e-02 6.703762803226709366e-03 2.885878272354602814e-02 1.242911349982023239e-02 2.881017699837684631e-02 3.598884865641593933e-02 2.999285236001014709e-03 2.304217033088207245e-02 8.103398722596466541e-04 3.857640922069549561e-02 4.372039809823036194e-02 2.753178589046001434e-02 3.094160743057727814e-02 3.256432339549064636e-02 2.506069652736186981e-02 3.137991949915885925e-02 4.762842506170272827e-02 2.554448135197162628e-02 2.318806014955043793e-02 4.521297663450241089e-02 5.853665620088577271e-02 7.110528182238340378e-03 2.891606651246547699e-02 1.412794366478919983e-02 2.985126711428165436e-02 3.608714044094085693e-02 1.836785674095153809e-02 2.162811905145645142e-02 3.322966024279594421e-02 1.267482619732618332e-02 5.289290100336074829e-02 1.045145001262426376e-02 4.879639297723770142e-02 2.487573958933353424e-02 2.291891165077686310e-02 2.710195491090416908e-03 5.698497872799634933e-03 1.996282674372196198e-02 4.260196909308433533e-02 1.438587158918380737e-02 3.201540932059288025e-02 2.351027727127075195e-02 7.446924690157175064e-03 9.901213459670543671e-03 2.231680043041706085e-02 4.645494371652603149e-02 1.315351575613021851e-01 1.183977052569389343e-01 2.935326483566313982e-04 1.375059690326452255e-02 2.578673139214515686e-02 3.942360356450080872e-02 8.734340220689773560e-02 7.497569173574447632e-02 3.488235548138618469e-02 1.681701652705669403e-02 1.123914588242769241e-02 2.187625691294670105e-02 1.731097325682640076e-02 1.651249011047184467e-03 1.685978379100561142e-03 2.413972839713096619e-02 3.907625749707221985e-02 2.728766389191150665e-02 2.823239378631114960e-02 1.474667713046073914e-02 2.390368655323982239e-02 4.000804387032985687e-03 3.405624628067016602e-02 8.054814534261822701e-04 9.771713986992835999e-03 2.915468253195285797e-02 3.842787072062492371e-02 2.228595875203609467e-02 1.492479059379547834e-04 1.220723893493413925e-02 2.834773389622569084e-03 4.950045695295557380e-05 6.952985655516386032e-03 4.436701536178588867e-03 6.481999065726995468e-03 3.456354513764381409e-02
9.790869429707527161e-03 3.290535137057304382e-02 3.373349830508232117e-02 2.894941344857215881e-02 4.363673180341720581e-02 3.587729483842849731e-02 2.010409906506538391e-02 2.274269796907901764e-02 4.604078531265258789e-01 7.129076868295669556e-02 7.670506369322538376e-03 4.231479763984680176e-02 1.961756870150566101e-02 2.695322223007678986e-02 1.635847613215446472e-02 8.923655375838279724e-03 2.038339525461196899e-02 1.398494392633438110e-01 3.057853691279888153e-02 4.473673552274703979e-02 2.244096621870994568e-02 4.160740226507186890e-02 4.520824551582336426e-02 2.168406918644905090e-02 1.763774454593658447e-02 7.165010320022702217e-04 1.271468121558427811e-02 2.348426729440689087e-02 2.525889314711093903e-02 4.533402249217033386e-02 5.543699953705072403e-03 5.327273160219192505e-02 1.095723453909158707e-02 3.596713021397590637e-02 2.988003380596637726e-02 1.312221493571996689e-02 4.294769093394279480e-02 3.544766083359718323e-02 2.730549685657024384e-02 3.624432161450386047e-02 4.570431634783744812e-02 3.683861345052719116e-02 9.810183197259902954e-03 1.364471577107906342e-02 4.545446485280990601e-02 2.594867721199989319e-02 4.381870478391647339e-02 2.835471881553530693e-03 8.728799968957901001e-02 2.616198919713497162e-02 1.953814551234245300e-02 1.581374555826187134e-02 4.672515019774436951e-02 4.182164371013641357e-02 8.667910844087600708e-02 1.849431730806827545e-02 4.273632541298866272e-03 1.139144599437713623e-02 3.673579310998320580e-03 2.458084374666213989e-02 2.410537563264369965e-02 5.412890575826168060e-03 9.659562259912490845e-03 4.468024522066116333e-02 1.197106204926967621e-02 2.528617717325687408e-02 4.951917380094528198e-02 4.114513844251632690e-02 6.370911747217178345e-02 1.579762808978557587e-02 3.969956561923027039e-02 4.239069297909736633e-02 5.799175426363945007e-02 2.917241118848323822e-02 4.724205285310745239e-02 2.845535613596439362e-02 2.398513853549957275e-01 4.561318829655647278e-02 1.228893324732780457e-01 2.343861386179924011e-02 2.189449965953826904e-02 1.002397947013378143e-02 9.301570802927017212e-02 3.452279372140765190e-03 4.520107177086174488e-04 3.211445361375808716e-02 2.358984947204589844e-02 1.209340710192918777e-02 7.571645081043243408e-02 2.676903642714023590e-02 3.774674236774444580e-02 3.999486938118934631e-02 3.305811434984207153e-02 1.716944016516208649e-02 2.456805296242237091e-02 1.048282254487276077e-02 2.303519286215305328e-02 9.347015991806983948e-03 3.447041660547256470e-02 9.385830722749233246e-03 1.674381829798221588e-02 1.303118187934160233e-02 3.105735406279563904e-02 1.849805936217308044e-02 1.672251150012016296e-02 3.077545389533042908e-02 3.193471208214759827e-02 5.726297944784164429e-02 1.728307083249092102e-02 2.198144095018506050e-03 3.341232985258102417e-02 3.156951814889907837e-02 4.133798182010650635e-02 4.313360154628753662e-02 1.142101921141147614e-02 2.564371190965175629e-02
3.819287195801734924e-02 3.098007105290889740e-02 2.932398580014705658e-02 7.780208252370357513e-03 5.525518953800201416e-02 2.659138664603233337e-02 1.346406713128089905e-02 1.661461405456066132e-02 7.129076868295669556e-02 4.738623201847076416e-01 5.155993252992630005e-02 4.238311201333999634e-02 3.306129947304725647e-02 4.458606243133544922e-02 3.154831705614924431e-03 1.376492250710725784e-02 4.280877113342285156e-02 3.166448697447776794e-02 9.509819000959396362e-02 1.548885600641369820e-03 1.126783899962902069e-03 2.101340144872665405e-02 5.341651383787393570e-03 5.638151243329048157e-02 2.346329949796199799e-02 5.278215743601322174e-03 3.425811976194381714e-02 2.544209733605384827e-02 2.024172991514205933e-02 4.401599988341331482e-02 1.541602890938520432e-02 1.574501767754554749e-02 8.557305671274662018e-03 1.174700353294610977e-02 3.676877915859222412e-02 2.644413523375988007e-02 1.075288467109203339e-02 3.515045344829559326e-02 8.271025726571679115e-04 4.438875615596771240e-02 4.756026715040206909e-02 5.341728217899799347e-03 5.145385488867759705e-02 2.109963633120059967e-02 1.940087042748928070e-02 1.593000441789627075e-02 5.769852548837661743e-03 3.362759575247764587e-02 2.607958205044269562e-02 9.221541136503219604e-02 1.076756790280342102e-02 3.759251907467842102e-02 2.373528666794300079e-03 7.652191910892724991e-03 2.858404070138931274e-02 9.124167263507843018e-02 1.420113351196050644e-02 9.985764510929584503e-03 1.230583526194095612e-02 1.330338651314377785e-03 6.326665170490741730e-04 7.026566192507743835e-03 1.997707225382328033e-02 1.249698922038078308e-02 2.534001506865024567e-02 4.724603146314620972e-02 6.244864780455827713e-04 2.653295174241065979e-02 4.463383182883262634e-02 5.876839160919189453e-02 1.530655194073915482e-02 5.183962173759937286e-03 2.619186788797378540e-02 2.182080643251538277e-03 7.089219987392425537e-02 2.346958965063095093e-02 7.557664997875690460e-03 8.225986361503601074e-02 6.620273739099502563e-02 1.396336555480957031e-01 3.177381679415702820e-02 1.496433839201927185e-02 4.440021514892578125e-02 6.793452054262161255e-02 2.945347316563129425e-02 2.057501673698425293e-02 2.560867182910442352e-02 2.868365310132503510e-02 4.924298450350761414e-02 7.017681002616882324e-02 4.675450921058654785e-02 3.997848927974700928e-02 4.594813287258148193e-02 1.446592621505260468e-02 5.014048516750335693e-02 1.130829844623804092e-02 5.121572408825159073e-03 3.618380799889564514e-02 8.237701840698719025e-03 1.930018328130245209e-02 2.331205829977989197e-02 1.253655180335044861e-02 1.724540628492832184e-02 2.117085829377174377e-02 1.149783935397863388e-02 3.023102506995201111e-02 7.102591451257467270e-03 6.217547878623008728e-02 2.300919964909553528e-02 9.619063697755336761e-03 1.475879736244678497e-02 4.200004786252975464e-02 3.136609122157096863e-02 4.155775159597396851e-02 2.093085832893848419e-02 1.334883086383342743e-02
1.436552405357360840e-01 1.136760637164115906e-01 1.077638566493988037e-02 1.105332933366298676e-02 1.397820003330707550e-02 1.379857808351516724e-01 1.047271415591239929e-01 1.955479197204113007e-02 7.670506369322538376e-03 5.155993252992630005e-02 4.664253294467926025e-01 2.523918636143207550e-02 1.599174290895462036e-01 1.851707883179187775e-02 4.409825056791305542e-02 2.099768631160259247e-02 1.957056485116481781e-02 5.095502361655235291e-02 1.903081499040126801e-02 2.006999962031841278e-02 2.873095124959945679e-02 1.927080005407333374e-02 1.531998859718441963e-03 4.180373623967170715e-02 5.501912441104650497e-03 1.750555820763111115e-02 3.021731786429882050e-02 2.337322104722261429e-03 8.612564764916896820e-03 1.631165854632854462e-02 4.848681017756462097e-02 2.453541383147239685e-02 2.142692683264613152e-04 1.416060980409383774e-02 5.574574321508407593e-02 1.784223131835460663e-02 2.970537915825843811e-02 2.456840500235557556e-02 7.926425896584987640e-03 2.563253790140151978e-02 5.998759530484676361e-03 8.840617723762989044e-03 3.894729167222976685e-02 1.083721779286861420e-02 3.128510341048240662e-02 4.432869330048561096e-02 9.470092505216598511e-02 4.541902989149093628e-02 6.720470264554023743e-03 4.520211741328239441e-02 4.170751199126243591e-02 4.069706052541732788e-02 1.178164966404438019e-02 1.519919279962778091e-02 1.404968556016683578e-03 3.873910009860992432e-02 4.926488548517227173e-02 2.904276922345161438e-02 2.065781690180301666e-02 9.237396530807018280e-03 2.334998920559883118e-02 2.350606024265289307e-02 4.095000401139259338e-02 4.908141866326332092e-02 4.894912615418434143e-02 3.135573118925094604e-02 1.097291614860296249e-02 2.663014642894268036e-02 1.083542592823505402e-02 1.841119490563869476e-02 1.282915472984313965e-02 2.497371286153793335e-02 7.149135228246450424e-03 1.408787071704864502e-02 3.305302234366536140e-04 3.662458062171936035e-02 7.932708598673343658e-03 1.537945680320262909e-02 2.956297993659973145e-02 4.545471817255020142e-02 2.508014626801013947e-02 1.017329934984445572e-02 3.694705665111541748e-02 5.157003924250602722e-02 6.498835515230894089e-03 3.603301569819450378e-02 1.070065423846244812e-02 2.840003743767738342e-02 2.801938448101282120e-03 1.205076184123754501e-02 2.884880080819129944e-02 5.085859447717666626e-02 1.475155237130820751e-03 2.144844457507133484e-02 2.423142269253730774e-02 4.254784435033798218e-02 8.940648287534713745e-03 4.823027551174163818e-02 1.969318836927413940e-02 1.029364205896854401e-02 1.681513735093176365e-03 4.764379467815160751e-03 8.266142569482326508e-03 3.592363372445106506e-02 4.266393184661865234e-02 7.283295039087533951e-03 3.785099834203720093e-02 1.299460511654615402e-02 6.062295753508806229e-03 6.003733724355697632e-02 5.758988671004772186e-03 1.284202840179204941e-02 1.896546781063079834e-02 4.081390798091888428e-02 5.809069797396659851e-02 6.402150541543960571e-02
2.296623215079307556e-02 8.381370455026626587e-03 1.046659518033266068e-02 4.897971823811531067e-02 4.441359639167785645e-02 6.391391158103942871e-02 2.397988922894001007e-02 2.721674926578998566e-02 4.231479763984680176e-02 4.238311201333999634e-02 2.523918636143207550e-02 4.603672921657562256e-01 5.450736358761787415e-02 2.620929181575775146e-01 1.007062941789627075e-02 4.318768531084060669e-02 4.531892761588096619e-02 5.204956233501434326e-02 4.449273459613323212e-03 8.852991275489330292e-03 1.642543263733386993e-02 2.857277356088161469e-02 4.999561235308647156e-02 6.005145236849784851e-02 3.087541833519935608e-02 2.099869772791862488e-02 2.017172053456306458e-02 3.249885141849517822e-02 3.699913993477821350e-02 7.121805101633071899e-02 7.640684396028518677e-02 3.719713166356086731e-02 5.465617403388023376e-03 2.710818685591220856e-02 3.385851159691810608e-02 4.938579630106687546e-03 3.413508832454681396e-02 6.304966285824775696e-03 1.371784717775881290e-03 1.093457639217376709e-02 3.971668705344200134e-02 2.102213911712169647e-02 1.289338339120149612e-02 4.916333779692649841e-02 6.547714117914438248e-03 3.076971974223852158e-03 4.585565999150276184e-02 1.122995279729366302e-02 3.426699340343475342e-02 5.225216969847679138e-02 2.316463040187954903e-03 2.752248942852020264e-02 2.533856313675642014e-03 3.323924914002418518e-02 2.412636578083038330e-02 4.643405973911285400e-02 3.154886886477470398e-02 6.118839373812079430e-04 3.014701046049594879e-02 3.680704906582832336e-02 2.947922237217426300e-02 2.896849252283573151e-02 3.597190976142883301e-02 4.101349040865898132e-02 2.443213015794754028e-02 2.435187809169292450e-02 3.845228627324104309e-02 9.248965419828891754e-03 1.182378968223929405e-03 3.745415806770324707e-02 5.336471647024154663e-02 3.900786861777305603e-02 4.959924891591072083e-02 2.876954339444637299e-02 4.985890164971351624e-02 2.243597246706485748e-02 1.283087395131587982e-02 4.107405617833137512e-02 6.637257337570190430e-02 4.868700727820396423e-02 1.707475446164608002e-02 4.172913357615470886e-02 3.642077744007110596e-02 9.237930178642272949e-03 2.182365022599697113e-02 1.488798577338457108e-02 2.118745259940624237e-02 2.436191029846668243e-02 4.370978474617004395e-02 8.076653629541397095e-02 1.402237685397267342e-03 5.089689046144485474e-02 5.749795120209455490e-03 2.907716855406761169e-02 4.401097446680068970e-02 1.111010368913412094e-02 2.096201665699481964e-02 8.207107894122600555e-03 4.762072861194610596e-02 1.439678017050027847e-02 4.301780462265014648e-02 1.735364273190498352e-02 1.357964891940355301e-02 1.319136191159486771e-02 4.012772068381309509e-02 3.650161623954772949e-02 3.103068470954895020e-02 2.654054015874862671e-02 2.463529258966445923e-02 4.234449565410614014e-02 3.770802542567253113e-02 2.187011577188968658e-02 5.750974267721176147e-02 6.596203893423080444e-02 3.809348121285438538e-02 3.591869771480560303e-02
1.261061728000640869e-01 1.348378956317901611e-01 1.330704987049102783e-02 2.278319792822003365e-03 6.105829495936632156e-03 1.081267595291137695e-01 1.026393547654151917e-01 1.495921969763003290e-05 1.961756870150566101e-02 3.306129947304725647e-02 1.599174290895462036e-01 5.450736358761787415e-02 4.663324952125549316e-01 6.105623207986354828e-03 3.891516476869583130e-02 1.436599716544151306e-02 2.463760040700435638e-02 2.481101639568805695e-02 4.994321614503860474e-02 2.838059735950082541e-04 2.363739535212516785e-02 3.987234085798263550e-02 2.653236500918865204e-02 4.666480422019958496e-02 2.057832106947898865e-02 1.787618547677993774e-02 2.150409622117877007e-03 3.064077720046043396e-02 1.640618592500686646e-02 3.395988047122955322e-02 1.116582751274108887e-02 8.419764228165149689e-03 3.980383742600679398e-03 7.651011925190687180e-03 1.241400837898254395e-02 4.436194151639938354e-02 2.834285795688629150e-02 8.999342098832130432e-03 2.897010929882526398e-02 2.388462796807289124e-02 1.067867223173379898e-02 1.320422044955193996e-03 3.524611820466816425e-04 3.721602633595466614e-02 4.990280419588088989e-02 8.372327312827110291e-03 1.122981756925582886e-01 5.640901625156402588e-02 5.918564274907112122e-04 2.614584378898143768e-02 1.169254072010517120e-02 1.050915382802486420e-02 2.865712344646453857e-02 1.703115552663803101e-02 9.474486112594604492e-03 2.138485759496688843e-02 3.427047654986381531e-02 4.864798858761787415e-03 2.217157930135726929e-02 3.473097691312432289e-03 1.530403364449739456e-02 5.147028714418411255e-02 3.483975306153297424e-02 2.716742083430290222e-02 4.899244382977485657e-02 9.056499600410461426e-02 3.314362093806266785e-02 3.132096678018569946e-02 2.936279401183128357e-02 7.761906832456588745e-03 1.768783852458000183e-02 3.284481912851333618e-02 7.269835565239191055e-03 2.105975523591041565e-02 2.338339760899543762e-02 5.450582131743431091e-02 3.546976298093795776e-02 7.513139862567186356e-03 1.417448278516530991e-03 4.747821390628814697e-02 1.771656610071659088e-02 2.418445236980915070e-02 5.426274612545967102e-03 7.901459932327270508e-03 2.139765769243240356e-02 1.224827137775719166e-03 3.901981934905052185e-02 3.904459252953529358e-02 1.183668710291385651e-02 2.038441412150859833e-02 5.252364790067076683e-04 4.699553921818733215e-02 5.538516119122505188e-02 2.139082364737987518e-02 1.706594834104180336e-03 1.625390909612178802e-02 4.427681863307952881e-02 1.630481332540512085e-02 4.454845935106277466e-02 3.162888810038566589e-02 3.668582811951637268e-02 1.307951752096414566e-02 4.546086862683296204e-02 8.104719221591949463e-03 1.394772343337535858e-02 8.585060946643352509e-03 4.043670743703842163e-02 4.952494427561759949e-02 1.634548045694828033e-02 1.173552498221397400e-02 2.791250124573707581e-02 2.695841155946254730e-02 9.919713484123349190e-04 4.349881783127784729e-02 1.912920363247394562e-02 8.905282244086265564e-03
