5.334516763687133789e-01 1.553931385278701782e-01 3.280980139970779419e-02 1.769736409187316895e-02 5.812748894095420837e-02 2.571874298155307770e-02 1.062975358217954636e-02 3.617085516452789307e-03 4.639656748622655869e-03 4.084866121411323547e-02 1.559843309223651886e-02 1.732078194618225098e-02 1.135590765625238419e-02 3.071968909353017807e-03 3.581162542104721069e-02 1.210272405296564102e-02 4.204371012747287750e-03 3.408784745261073112e-03 1.549718808382749557e-02 8.391156792640686035e-03 3.155435621738433838e-02 4.542085807770490646e-03 2.680050209164619446e-03 2.836639527231454849e-03 3.602598980069160461e-02 1.197173167020082474e-02 1.607495918869972229e-02 1.885966956615447998e-02 1.067361235618591309e-02 2.804282680153846741e-02 2.057881280779838562e-02 1.497835386544466019e-02 2.955192886292934418e-02 1.913333497941493988e-02 5.660273018293082714e-04 8.110851049423217773e-03 7.501381449401378632e-03 2.613976038992404938e-02 4.542345181107521057e-03 3.464669734239578247e-02 1.908846385776996613e-02 1.159396860748529434e-02 1.307844929397106171e-02 7.805650588124990463e-03 2.165610156953334808e-02 4.112387076020240784e-03 4.843054804950952530e-03 2.047881297767162323e-02 2.171621285378932953e-02 6.177682895213365555e-03 8.222438395023345947e-03 3.338120132684707642e-02 1.565158925950527191e-02 7.007673382759094238e-03 3.392762271687388420e-03 8.758483454585075378e-03 1.659095985814929008e-03 1.662849821150302887e-02 2.923673577606678009e-02 1.090342737734317780e-02 4.213817417621612549e-03 8.379681035876274109e-03 1.302415411919355392e-02 1.711468957364559174e-02 2.987932972609996796e-02 3.079022653400897980e-02 2.199380658566951752e-02 4.021998494863510132e-02 1.197086460888385773e-02 7.298264186829328537e-03 1.389007363468408585e-02 3.746233880519866943e-03 9.881429374217987061e-03 2.806723350659012794e-03 2.083587460219860077e-02 1.276815216988325119e-02 5.652593914419412613e-03 1.141756400465965271e-02 1.510798186063766479e-02 2.300147898495197296e-03 1.389659568667411804e-02 4.216133058071136475e-02 2.750669978559017181e-02 3.908814862370491028e-02 1.778480224311351776e-02 3.114942926913499832e-03 8.067443035542964935e-03 7.669895887374877930e-03 9.830842027440667152e-04 2.332135289907455444e-02 3.688728436827659607e-02 3.781985957175493240e-03 1.127334963530302048e-02 2.303426386788487434e-03 4.710169509053230286e-02 5.031122267246246338e-02 9.772867895662784576e-03 1.116451062262058258e-02 3.078484907746315002e-03 6.913673132658004761e-04 2.874800562858581543e-02 2.430080249905586243e-02 1.923063769936561584e-02 3.578727319836616516e-02 2.660996094346046448e-02 1.114506740123033524e-02 2.282850071787834167e-02 1.131879352033138275e-02 1.677520945668220520e-02 5.285482620820403099e-04 2.217820473015308380e-02 1.399426907300949097e-02 1.569738984107971191e-02 2.433388493955135345e-02 5.478472914546728134e-03 1.278827339410781860e-02
1.553931385278701782e-01 5.394108295440673828e-01 2.041405439376831055e-02 1.023615896701812744e-02 1.371679268777370453e-02 2.262338809669017792e-02 3.651888296008110046e-02 5.643544136546552181e-04 4.569249227643013000e-03 4.800658207386732101e-03 1.758403959684073925e-03 6.053858902305364609e-03 1.673054695129394531e-02 3.056445904076099396e-02 9.814618155360221863e-03 7.920419797301292419e-03 2.889184094965457916e-02 3.378513082861900330e-02 3.739114105701446533e-02 1.401325967162847519e-02 1.204654108732938766e-02 2.168206963688135147e-03 1.510073337703943253e-02 1.489973813295364380e-02 2.063120901584625244e-02 7.949195802211761475e-03 2.227220870554447174e-02 3.851883113384246826e-02 6.771486718207597733e-03 6.094396114349365234e-03 4.435998201370239258e-02 8.095392026007175446e-03 2.415826357901096344e-02 5.875409580767154694e-03 1.569197326898574829e-02 3.641056362539529800e-03 3.955878783017396927e-03 1.796897873282432556e-02 3.261506184935569763e-02 3.306433558464050293e-02 8.407344110310077667e-03 1.870998367667198181e-02 1.088283117860555649e-02 1.240192353725433350e-02 3.156657563522458076e-03 2.170024672523140907e-03 3.846449032425880432e-02 1.015137508511543274e-02 2.222133800387382507e-02 8.322812616825103760e-03 4.011099040508270264e-02 1.001541130244731903e-02 2.996005117893218994e-02 1.139360666275024414e-02 1.127734500914812088e-02 3.769166301935911179e-03 1.123839896172285080e-02 9.363724850118160248e-03 3.180218115448951721e-02 1.910747587680816650e-02 5.906929727643728256e-03 8.842975832521915436e-03 2.146217226982116699e-02 4.948693094775080681e-04 3.062140569090843201e-02 6.572265643626451492e-03 6.150412373244762421e-03 2.686561085283756256e-02 1.034552324563264847e-02 1.277118269354104996e-02 2.077599428594112396e-02 1.365569047629833221e-02 2.382847480475902557e-02 6.555101834237575531e-03 5.048383492976427078e-03 2.391350828111171722e-02 9.982745163142681122e-03 1.646290160715579987e-02 1.983646862208843231e-02 3.519648313522338867e-02 1.201824564486742020e-02 2.238357439637184143e-02 3.222961386200040579e-04 1.759501732885837555e-02 2.318246290087699890e-02 2.184124290943145752e-02 3.068273508688434958e-05 1.137836091220378876e-02 1.364797726273536682e-02 1.205507572740316391e-02 2.303298749029636383e-02 7.556346245110034943e-03 8.710085414350032806e-03 3.638356458395719528e-03 2.242605388164520264e-02 4.812105372548103333e-02 1.005743443965911865e-02 1.240639830939471722e-03 7.136736996471881866e-03 9.542845189571380615e-03 8.659564889967441559e-03 1.581407524645328522e-02 4.894901998341083527e-03 1.727027446031570435e-02 2.543672360479831696e-02 2.019328251481056213e-02 6.512348540127277374e-03 2.091285400092601776e-02 1.174065843224525452e-02 1.852643117308616638e-02 7.934488356113433838e-03 7.326967082917690277e-03 6.213028915226459503e-03 1.993693038821220398e-02 5.001476965844631195e-03 1.417925022542476654e-02
3.280980139970779419e-02 2.041405439376831055e-02 5.238175392150878906e-01 2.770501561462879181e-02 4.674585536122322083e-02 3.190562874078750610e-02 3.122428432106971741e-02 5.056951195001602173e-02 7.678685360588133335e-04 4.117067530751228333e-02 2.158341743052005768e-02 2.216904051601886749e-02 3.348523750901222229e-02 8.077711798250675201e-03 3.307045623660087585e-02 1.305562164634466171e-02 5.926086381077766418e-02 1.291277073323726654e-02 6.494884379208087921e-03 2.111985720694065094e-02 4.206786304712295532e-02 4.058133810758590698e-02 1.068553887307643890e-02 3.085022559389472008e-03 4.112593829631805420e-02 2.348953858017921448e-02 3.192830085754394531e-02 3.716665506362915039e-02 6.955282296985387802e-04 1.936089619994163513e-02 1.747356727719306946e-02 2.521304227411746979e-02 3.624658659100532532e-02 3.839158220216631889e-03 4.162907600402832031e-03 1.296511385589838028e-02 9.058984687726479024e-06 2.846265211701393127e-02 4.470054432749748230e-02 5.134525150060653687e-02 1.173955667763948441e-02 2.207372337579727173e-02 2.593131735920906067e-02 2.956338226795196533e-02 6.218814104795455933e-02 7.886534184217453003e-02 2.471372298896312714e-02 3.666250733658671379e-03 3.465366736054420471e-02 9.716229513287544250e-03 2.612783946096897125e-02 1.324657583609223366e-03 5.481748376041650772e-03 3.486626967787742615e-02 2.049842290580272675e-02 2.778388373553752899e-02 1.540943142026662827e-02 2.251134254038333893e-03 1.429353374987840652e-02 2.737874723970890045e-02 4.666955675929784775e-03 4.873482976108789444e-03 2.786720171570777893e-02 1.381393894553184509e-02 3.787053748965263367e-02 4.218513146042823792e-02 1.811677590012550354e-02 1.971382461488246918e-02 9.845858439803123474e-03 2.480286173522472382e-02 1.217771880328655243e-02 2.290450781583786011e-02 5.263750441372394562e-03 1.037308573722839355e-02 1.882122084498405457e-02 1.656083017587661743e-02 1.067181699909269810e-03 9.341656230390071869e-03 3.154139220714569092e-02 1.178585551679134369e-02 2.298633754253387451e-02 4.382455348968505859e-02 5.911421030759811401e-02 3.179575502872467041e-02 3.724948316812515259e-02 4.527965560555458069e-02 4.001732915639877319e-02 3.593068569898605347e-02 1.781264320015907288e-02 5.453833192586898804e-02 8.426057174801826477e-03 3.431764990091323853e-02 1.129999477416276932e-02 3.583584353327751160e-02 3.206700086593627930e-02 3.335585072636604309e-02 6.305294227786362171e-04 2.601866237819194794e-02 1.234128139913082123e-02 2.239897614344954491e-03 4.610903188586235046e-02 2.370748296380043030e-02 2.766701579093933105e-02 2.325226925313472748e-02 6.168421823531389236e-03 3.456809371709823608e-02 3.776144981384277344e-02 1.267439778894186020e-02 5.054298043251037598e-02 1.128070801496505737e-02 2.874047867953777313e-02 9.985535871237516403e-04 1.567936502397060394e-02 3.001315146684646606e-02 3.769569471478462219e-02 1.615731045603752136e-02
1.769736409187316895e-02 1.023615896701812744e-02 2.770501561462879181e-02 5.293276309967041016e-01 1.749835908412933350e-01 9.147068485617637634e-03 1.710384525358676910e-02 3.275531902909278870e-02 2.118943817913532257e-02 1.719268970191478729e-02 3.127857344225049019e-03 6.937578320503234863e-03 3.631665604189038277e-04 2.536479383707046509e-02 3.145522996783256531e-02 1.363779231905937195e-02 1.794091542251408100e-03 7.056289911270141602e-02 3.791340067982673645e-02 2.131951041519641876e-02 2.315036952495574951e-02 3.090798109769821167e-02 2.456223592162132263e-02 2.407307736575603485e-02 3.571015223860740662e-02 4.232104495167732239e-02 1.492263842374086380e-02 1.461468823254108429e-02 8.839284069836139679e-03 3.340464318171143532e-03 3.137754276394844055e-02 4.577929154038429260e-03 1.826182939112186432e-02 8.470127359032630920e-03 1.393579132854938507e-02 5.546376109123229980e-03 2.017468027770519257e-02 4.182917252182960510e-02 1.268371343612670898e-01 5.415351316332817078e-02 6.360257510095834732e-03 1.261524576693773270e-02 9.688214398920536041e-03 1.358295790851116180e-02 1.687975041568279266e-02 3.439005464315414429e-02 8.622800000011920929e-03 2.232054807245731354e-02 2.636138908565044403e-02 1.097124256193637848e-02 3.778221085667610168e-02 4.981964081525802612e-02 1.410560589283704758e-02 4.729920998215675354e-03 3.235840424895286560e-02 2.874815091490745544e-02 1.026243902742862701e-02 4.565260186791419983e-02 4.290297999978065491e-02 1.428496837615966797e-02 1.507886312901973724e-02 2.975541166961193085e-03 4.128218733967514709e-06 1.121327280998229980e-02 2.637360803782939911e-02 1.565041393041610718e-02 2.828469127416610718e-02 1.017859857529401779e-02 2.535669505596160889e-02 3.623836860060691833e-02 1.326299086213111877e-02 1.459853519918397069e-04 6.611727178096771240e-02 2.432265691459178925e-02 6.204359605908393860e-02 9.354564826935529709e-04 1.893883571028709412e-02 3.101225197315216064e-02 1.715544611215591431e-02 7.292376365512609482e-03 1.828272826969623566e-02 7.124097086489200592e-03 5.549987405538558960e-02 2.954952418804168701e-02 1.326106488704681396e-02 2.170812711119651794e-02 1.459709182381629944e-02 4.471815004944801331e-02 5.084437876939773560e-02 2.205352298915386200e-02 3.944233432412147522e-02 2.081651613116264343e-02 2.419063588604331017e-03 4.074029251933097839e-02 8.656837744638323784e-04 8.580273948609828949e-03 1.002912037074565887e-02 1.298375148326158524e-02 4.028439521789550781e-02 1.151384972035884857e-02 2.681645564734935760e-02 1.306229643523693085e-02 7.320358417928218842e-03 8.716066367924213409e-03 3.974952269345521927e-03 1.395332347601652145e-02 1.550506614148616791e-02 4.983557853847742081e-03 8.472244371660053730e-04 2.207839861512184143e-02 2.652543410658836365e-02 1.419685315340757370e-02 2.676412090659141541e-02 1.074480172246694565e-02 7.975014857947826385e-03 1.575836353003978729e-02
5.812748894095420837e-02 1.371679268777370453e-02 4.674585536122322083e-02 1.749835908412933350e-01 5.470736622810363770e-01 8.873821794986724854e-02 2.166670747101306915e-02 3.240019083023071289e-02 1.404781546443700790e-02 1.160403247922658920e-03 2.356045506894588470e-02 2.160393074154853821e-02 3.566372022032737732e-02 3.267931938171386719e-02 1.188718155026435852e-02 3.398223221302032471e-02 1.078852079808712006e-02 9.258805215358734131e-02 8.200884610414505005e-02 1.249372307211160660e-02 2.146511152386665344e-02 3.741995990276336670e-02 3.123548068106174469e-02 1.045066583901643753e-02 3.629603981971740723e-02 2.474092505872249603e-02 3.709289012476801872e-03 1.914271712303161621e-02 4.744478687644004822e-02 3.956944495439529419e-02 1.216971594840288162e-02 2.214952744543552399e-02 2.356767281889915466e-02 9.547480382025241852e-03 4.487805441021919250e-02 2.275033481419086456e-02 2.707044966518878937e-02 2.667696401476860046e-02 8.350342512130737305e-02 1.412637233734130859e-01 1.095100399106740952e-02 2.171736769378185272e-02 3.974109888076782227e-02 2.249726094305515289e-02 1.351022347807884216e-02 1.407156046479940414e-02 3.098290041089057922e-02 8.756406605243682861e-03 2.141664177179336548e-02 2.444543875753879547e-02 1.800443790853023529e-02 7.033380866050720215e-02 1.586125930771231651e-03 1.563721150159835815e-02 8.849794976413249969e-04 4.257943853735923767e-02 4.015957005321979523e-03 2.122693508863449097e-02 7.226119935512542725e-02 3.312232671305537224e-03 2.683541923761367798e-02 1.103107631206512451e-02 2.774779126048088074e-02 2.595976184238679707e-05 3.257697215303778648e-03 5.755832884460687637e-03 3.059594146907329559e-02 7.491044234484434128e-03 2.550946921110153198e-02 1.623010821640491486e-02 2.050632238388061523e-02 8.092814125120639801e-03 6.744736433029174805e-02 2.395884599536657333e-03 7.672218978404998779e-02 1.267474703490734100e-02 2.545067341998219490e-03 2.817595377564430237e-02 2.666581422090530396e-02 3.252945095300674438e-02 4.425524175167083740e-02 3.039553202688694000e-02 3.176300227642059326e-02 2.533590048551559448e-02 2.861028164625167847e-02 1.169707067310810089e-02 3.610563278198242188e-02 7.913285866379737854e-03 7.042281329631805420e-02 3.935754299163818359e-02 1.750690117478370667e-02 4.536926001310348511e-02 9.369466453790664673e-03 4.087593406438827515e-02 1.701648160815238953e-02 1.742856577038764954e-02 1.830191910266876221e-02 9.465106762945652008e-03 2.016471512615680695e-02 3.440524265170097351e-02 2.896190993487834930e-02 2.972068823873996735e-02 3.660484030842781067e-02 1.216182764619588852e-02 4.437323368620127439e-04 3.900582343339920044e-02 3.849824517965316772e-02 8.530372753739356995e-03 3.877336531877517700e-02 9.976696223020553589e-03 3.440063446760177612e-02 2.148998156189918518e-02 2.472807653248310089e-02 2.971091121435165405e-02 5.815230775624513626e-03 1.649566739797592163e-02
2.571874298155307770e-02 2.262338809669017792e-02 3.190562874078750610e-02 9.147068485617637634e-03 8.873821794986724854e-02 5.438635945320129395e-01 2.213053405284881592e-01 3.181676194071769714e-02 4.151072725653648376e-02 3.996231034398078918e-02 1.954204961657524109e-02 8.153600245714187622e-02 2.837342768907546997e-02 1.046321913599967957e-01 3.361752256751060486e-02 2.394803427159786224e-02 1.391511596739292145e-02 1.607755571603775024e-02 3.798320889472961426e-02 2.287255972623825073e-02 9.209850803017616272e-03 8.207589387893676758e-03 3.130411729216575623e-02 2.607889287173748016e-02 1.309715677052736282e-03 2.113640541210770607e-03 1.555744744837284088e-02 2.827815711498260498e-02 3.777580335736274719e-02 2.534805051982402802e-02 5.994489416480064392e-02 1.758254319429397583e-02 3.259264305233955383e-02 4.290709644556045532e-02 2.937084995210170746e-02 2.342230826616287231e-02 4.128673672676086426e-02 2.244769223034381866e-02 2.181550301611423492e-02 5.811499897390604019e-03 3.829133138060569763e-02 7.453782949596643448e-03 5.138805136084556580e-02 6.401179824024438858e-03 1.678914576768875122e-02 3.301011398434638977e-02 1.244095191359519958e-01 5.333650112152099609e-02 1.892145164310932159e-02 2.668389864265918732e-02 4.622405394911766052e-02 1.794164814054965973e-02 3.138003870844841003e-02 2.743675746023654938e-02 2.479707077145576477e-02 1.912464760243892670e-02 3.513280535116791725e-04 5.241001024842262268e-03 8.470548782497644424e-04 4.066051170229911804e-02 4.688675329089164734e-02 3.801418095827102661e-02 2.970049902796745300e-02 3.244980238378047943e-03 8.519890718162059784e-03 4.307673370931297541e-04 7.370880804955959320e-03 4.150461032986640930e-02 2.587347291409969330e-02 4.537977278232574463e-02 1.988685876131057739e-02 4.482184723019599915e-02 2.226170524954795837e-02 2.296365052461624146e-02 4.133415222167968750e-02 1.236657984554767609e-02 1.889953948557376862e-02 2.855723956599831581e-03 3.367770835757255554e-02 1.315511297434568405e-02 2.860928140580654144e-02 3.439551591873168945e-02 2.940006926655769348e-02 1.462886109948158264e-03 1.284433063119649887e-02 3.722535073757171631e-02 2.213525399565696716e-02 2.231704816222190857e-02 3.295008093118667603e-02 2.198376506567001343e-02 4.783131927251815796e-02 1.262773294001817703e-02 7.720614969730377197e-02 8.198645897209644318e-03 2.932351827621459961e-02 3.194671869277954102e-02 7.509866263717412949e-03 2.118834108114242554e-02 3.235748410224914551e-02 1.628600619733333588e-02 2.144094929099082947e-02 2.420532703399658203e-02 1.475954242050647736e-02 4.145126789808273315e-03 1.397875323891639709e-02 1.788289099931716919e-02 5.469060037285089493e-03 1.991502754390239716e-02 1.160098798573017120e-02 1.700805872678756714e-02 7.689995691180229187e-03 3.593823406845331192e-03 2.370951464399695396e-03 1.954066008329391479e-02 1.036955323070287704e-02 7.648409227840602398e-04
1.062975358217954636e-02 3.651888296008110046e-02 3.122428432106971741e-02 1.710384525358676910e-02 2.166670747101306915e-02 2.213053405284881592e-01 5.501144528388977051e-01 3.238611668348312378e-02 1.735526323318481445e-02 6.488312035799026489e-03 2.397983148694038391e-02 6.473825871944427490e-02 4.217049106955528259e-02 1.170041039586067200e-01 2.552388980984687805e-02 4.116348177194595337e-02 4.248461499810218811e-02 1.995463296771049500e-02 9.131040424108505249e-03 6.551528349518775940e-03 5.047478247433900833e-03 1.362691074609756470e-02 6.243754643946886063e-03 1.857804320752620697e-02 1.133827120065689087e-02 6.438037846237421036e-03 1.729821413755416870e-02 2.496891841292381287e-02 3.385959565639495850e-02 3.418033197522163391e-02 5.181822925806045532e-02 1.587929762899875641e-02 4.542878642678260803e-02 3.860466927289962769e-02 2.648541145026683807e-02 1.027382537722587585e-02 2.915634401142597198e-02 2.398354932665824890e-02 2.207473618909716606e-03 3.154572844505310059e-02 2.468783780932426453e-02 3.871453925967216492e-02 2.708759903907775879e-02 2.751461043953895569e-02 1.662238128483295441e-02 1.678857207298278809e-02 1.124533489346504211e-01 1.242349445819854736e-01 1.212597824633121490e-02 9.005216881632804871e-03 2.145263180136680603e-02 3.723426163196563721e-02 2.743116952478885651e-02 3.545377776026725769e-02 2.333964034914970398e-02 1.433515083044767380e-02 1.972194993868470192e-03 8.729883469641208649e-03 3.571095317602157593e-02 3.718444332480430603e-02 3.881591185927391052e-02 4.900532960891723633e-02 2.224054001271724701e-02 4.469682648777961731e-02 7.820674218237400055e-03 3.982742782682180405e-03 3.871177090331912041e-03 4.664294421672821045e-02 2.929110452532768250e-02 2.933025918900966644e-02 3.469042479991912842e-02 3.748831525444984436e-02 4.278159141540527344e-02 1.085557276383042336e-03 3.552914410829544067e-02 7.388383615761995316e-03 4.916743934154510498e-02 3.694724291563034058e-02 5.975204985588788986e-03 1.527308858931064606e-02 1.539207296445965767e-03 2.728972770273685455e-02 2.843968011438846588e-02 4.202746972441673279e-02 3.465322405099868774e-02 4.525070544332265854e-03 2.509875409305095673e-02 2.300961688160896301e-02 2.906479127705097198e-02 1.450805924832820892e-02 4.884710162878036499e-02 1.871095784008502960e-02 6.004055216908454895e-02 4.323792527429759502e-04 1.859609782695770264e-02 1.584470830857753754e-02 1.925671007484197617e-03 1.371551491320133209e-02 2.405475592240691185e-03 9.615276008844375610e-03 1.377947442233562469e-02 1.345858629792928696e-02 1.485814061015844345e-02 1.659495756030082703e-02 1.853195205330848694e-02 1.556117739528417587e-02 5.253794137388467789e-03 2.578576095402240753e-02 1.903265342116355896e-02 1.991230295971035957e-03 8.790829218924045563e-03 4.957056138664484024e-03 1.805009320378303528e-02 4.215488210320472717e-02 1.495515555143356323e-02 1.037983689457178116e-02
3.617085516452789307e-03 5.643544136546552181e-04 5.056951195001602173e-02 3.275531902909278870e-02 3.240019083023071289e-02 3.181676194071769714e-02 3.238611668348312378e-02 5.371561646461486816e-01 3.795938193798065186e-02 1.755773834884166718e-02 3.708835691213607788e-02 2.080703899264335632e-02 4.317745566368103027e-02 1.730281859636306763e-02 5.610475689172744751e-02 1.043650787323713303e-02 4.141579568386077881e-02 1.965290307998657227e-02 1.433114707469940186e-02 1.473608147352933884e-02 1.611592620611190796e-02 1.902622729539871216e-02 2.181316260248422623e-03 2.227252349257469177e-02 4.780725575983524323e-03 1.842475961893796921e-03 3.386691212654113770e-03 2.516618184745311737e-02 1.866481639444828033e-02 2.805828675627708435e-02 3.585446253418922424e-02 3.892754903063178062e-03 1.709446683526039124e-02 1.480999123305082321e-02 1.217072084546089172e-02 2.993291011080145836e-03 2.664906904101371765e-02 8.885862305760383606e-03 1.936736702919006348e-02 2.410118840634822845e-02 8.949111215770244598e-03 1.604287885129451752e-02 1.271346304565668106e-02 5.031879618763923645e-02 3.169362992048263550e-02 1.300196070224046707e-02 3.274434804916381836e-02 1.822916045784950256e-02 8.288994431495666504e-03 9.580232203006744385e-03 2.321777306497097015e-02 1.217865664511919022e-02 4.014143347740173340e-02 2.540598437190055847e-02 1.753273652866482735e-03 2.039161138236522675e-02 4.022661596536636353e-03 1.362711656838655472e-03 1.459262799471616745e-02 3.779327031224966049e-03 1.953268237411975861e-02 1.816429756581783295e-02 6.390195339918136597e-03 7.430233992636203766e-03 1.041570585221052170e-02 2.334496751427650452e-02 6.150041706860065460e-03 2.203354425728321075e-02 1.539540477097034454e-02 1.241164747625589371e-02 3.665893524885177612e-02 1.778535731136798859e-02 3.712313994765281677e-02 3.179681301116943359e-02 3.236312791705131531e-02 2.281923778355121613e-02 3.159254044294357300e-02 2.956188097596168518e-02 2.556711807847023010e-02 8.649753290228545666e-04 5.931107327342033386e-02 9.781149029731750488e-02 2.792641520500183105e-02 2.522033872082829475e-03 1.091308891773223877e-02 2.588516101241111755e-02 3.045666776597499847e-02 2.928392216563224792e-02 1.583128422498703003e-02 7.953296415507793427e-03 2.065369486808776855e-02 1.275143492966890335e-02 3.093064948916435242e-02 4.755286499857902527e-03 3.414696082472801208e-02 4.736653994768857956e-03 1.213181857019662857e-02 2.603500522673130035e-02 2.621672488749027252e-02 2.840369939804077148e-02 3.909756895154714584e-03 1.053810399025678635e-02 9.598399512469768524e-03 1.731593720614910126e-02 3.930431604385375977e-02 5.214657168835401535e-03 4.196714982390403748e-02 1.344094797968864441e-02 4.958672821521759033e-02 4.578335501719266176e-04 1.065552607178688049e-02 5.163565278053283691e-03 2.085454529151320457e-03 1.746548153460025787e-02 1.511378772556781769e-02 4.174210131168365479e-02
4.639656748622655869e-03 4.569249227643013000e-03 7.678685360588133335e-04 2.118943817913532257e-02 1.404781546443700790e-02 4.151072725653648376e-02 1.735526323318481445e-02 3.795938193798065186e-02 5.633327960968017578e-01 5.000386759638786316e-02 8.203896693885326385e-03 1.606499245099257678e-05 9.374215267598628998e-03 4.492081701755523682e-03 3.006372042000293732e-02 1.647285185754299164e-03 2.753279171884059906e-02 9.151835925877094269e-03 1.035131700336933136e-02 1.684719882905483246e-02 3.782710060477256775e-02 1.156229060143232346e-02 3.197198361158370972e-02 2.435309812426567078e-02 1.765399612486362457e-02 1.252546161413192749e-02 7.781436434015631676e-04 4.270084202289581299e-02 1.050852518528699875e-02 4.677058756351470947e-02 2.755402238108217716e-04 1.027146913111209869e-02 1.891055144369602203e-02 2.863175608217716217e-02 2.435439638793468475e-02 2.541636489331722260e-02 1.927069574594497681e-02 2.043238468468189240e-02 3.954346477985382080e-02 3.916569054126739502e-03 2.544555626809597015e-02 4.090903326869010925e-02 3.527333587408065796e-02 1.918454468250274658e-02 2.978272922337055206e-02 6.691906135529279709e-03 4.154200106859207153e-02 2.394120907410979271e-03 2.061700262129306793e-02 2.173250773921608925e-03 2.617827802896499634e-02 3.413188084959983826e-02 3.242034465074539185e-02 2.685646340250968933e-02 1.598804257810115814e-02 1.423916546627879143e-03 4.161179531365633011e-03 6.414790172129869461e-03 1.890769228339195251e-02 9.920395910739898682e-03 6.044734269380569458e-03 5.979327019304037094e-03 2.448593080043792725e-02 3.684965521097183228e-02 1.027194596827030182e-02 1.561895292252302170e-02 3.056802600622177124e-02 5.745033174753189087e-02 9.379243478178977966e-03 1.847622543573379517e-02 5.509877577424049377e-03 2.066956646740436554e-02 2.737732231616973877e-02 3.923797979950904846e-03 3.135202825069427490e-02 5.449894350022077560e-03 6.278635561466217041e-02 4.985313117504119873e-02 4.886471107602119446e-02 2.589080855250358582e-02 1.287639420479536057e-02 2.775925584137439728e-02 4.619666934013366699e-02 4.782251641154289246e-02 2.405995130538940430e-02 6.399175152182579041e-03 1.002024859189987183e-02 1.402635034173727036e-02 1.575432904064655304e-02 1.512856781482696533e-02 2.729233913123607635e-02 5.020904820412397385e-03 1.480246521532535553e-02 1.837869174778461456e-03 1.955522038042545319e-02 2.831480524037033319e-04 1.251191925257444382e-02 8.339238353073596954e-03 2.671848051249980927e-02 1.946499012410640717e-02 3.017899347469210625e-03 1.197170466184616089e-02 1.563260704278945923e-02 1.543336198665201664e-03 1.368144247680902481e-02 4.425531625747680664e-02 2.585350302979350090e-03 5.109274759888648987e-03 1.393635105341672897e-02 2.291203709319233894e-03 2.589405886828899384e-02 6.632882636040449142e-03 3.121548891067504883e-02 4.026892408728599548e-02 3.602002933621406555e-02 9.313827380537986755e-03
4.084866121411323547e-02 4.800658207386732101e-03 4.117067530751228333e-02 1.719268970191478729e-02 1.160403247922658920e-03 3.996231034398078918e-02 6.488312035799026489e-03 1.755773834884166718e-02 5.000386759638786316e-02 5.606232881546020508e-01 2.974658086895942688e-02 3.800947591662406921e-02 2.132218144834041595e-02 2.147553116083145142e-02 4.546106606721878052e-02 3.017907030880451202e-02 2.103831619024276733e-02 4.534057527780532837e-02 8.625469356775283813e-02 1.406113151460886002e-02 4.779264330863952637e-03 3.658894076943397522e-02 1.069544721394777298e-02 2.967211976647377014e-02 6.871220190078020096e-03 2.596171572804450989e-03 2.803547307848930359e-02 3.479519858956336975e-02 7.329081650823354721e-03 3.653679043054580688e-02 7.790570612996816635e-03 9.310754830949008465e-04 4.618246480822563171e-02 1.346294488757848740e-02 3.021195158362388611e-02 7.895134389400482178e-03 8.560830610804259777e-05 3.497547656297683716e-02 4.048985615372657776e-02 6.574448198080062866e-03 3.658877685666084290e-02 2.767381258308887482e-03 2.710771514102816582e-03 1.264273189008235931e-02 3.392240777611732483e-02 2.714453265070915222e-02 4.578756913542747498e-02 1.947424188256263733e-02 5.311627406626939774e-03 3.543231263756752014e-02 2.891632728278636932e-02 1.561613846570253372e-02 1.214855164289474487e-02 4.430022463202476501e-02 1.468918193131685257e-02 3.460799530148506165e-02 1.321577187627553940e-02 4.349373746663331985e-03 2.210792340338230133e-02 3.685811907052993774e-02 3.691339865326881409e-02 1.961434027180075645e-03 4.890973493456840515e-02 4.180490225553512573e-02 1.076494250446557999e-02 1.242316327989101410e-02 6.116172764450311661e-03 2.995135262608528137e-02 2.038203924894332886e-02 9.941351599991321564e-03 3.176608122885227203e-03 1.491541322320699692e-02 2.586048468947410583e-02 3.282492235302925110e-02 2.162724733352661133e-02 5.865961778908967972e-03 1.807688921689987183e-02 7.075364887714385986e-02 1.215730328112840652e-02 1.199964433908462524e-01 4.174221679568290710e-02 4.517865553498268127e-02 6.806892901659011841e-02 1.163569092750549316e-01 9.858937002718448639e-03 6.592873483896255493e-02 2.081677503883838654e-02 2.029128558933734894e-02 5.612163804471492767e-03 8.208297938108444214e-02 2.158223651349544525e-02 1.423461828380823135e-02 2.000535465776920319e-02 1.804547384381294250e-02 1.302841398864984512e-02 9.937526658177375793e-03 5.576934199780225754e-03 1.838740892708301544e-02 8.567299693822860718e-03 1.606813818216323853e-02 1.024311035871505737e-02 4.945028573274612427e-03 2.507899887859821320e-02 4.750804044306278229e-03 4.802391305565834045e-02 3.301819041371345520e-02 3.755035286303609610e-04 2.017941325902938843e-02 4.709438420832157135e-03 1.499839778989553452e-02 2.549868635833263397e-02 1.487220823764801025e-02 3.647218272089958191e-02 3.280163183808326721e-02 1.946515776216983795e-02 8.471023291349411011e-03
1.559843309223651886e-02 1.758403959684073925e-03 2.158341743052005768e-02 3.127857344225049019e-03 2.356045506894588470e-02 1.954204961657524109e-02 2.397983148694038391e-02 3.708835691213607788e-02 8.203896693885326385e-03 2.974658086895942688e-02 5.667793750762939453e-01 8.564915042370557785e-04 5.727294087409973145e-02 3.640996757894754410e-03 4.272058978676795959e-02 1.127797923982143402e-02 2.824340760707855225e-02 3.887564316391944885e-02 3.588720783591270447e-02 9.141483344137668610e-03 2.209341851994395256e-03 2.137193642556667328e-02 4.450323991477489471e-03 1.421706634573638439e-03 7.914143614470958710e-03 3.413495374843478203e-03 1.241375692188739777e-02 4.820620641112327576e-03 3.321797028183937073e-02 1.415029354393482208e-02 2.170050982385873795e-03 2.096278592944145203e-02 7.118778303265571594e-03 1.518165692687034607e-02 6.627492606639862061e-03 5.403430201113224030e-03 7.811982184648513794e-03 1.298795361071825027e-02 2.721389196813106537e-02 2.987570129334926605e-02 8.949142880737781525e-03 9.221609681844711304e-03 4.714792966842651367e-02 2.661327831447124481e-02 3.483312577009201050e-02 2.141029015183448792e-02 3.212818875908851624e-02 1.263394486159086227e-02 9.161124937236309052e-03 2.083632536232471466e-02 3.129577264189720154e-02 2.834068797528743744e-02 4.560640826821327209e-02 1.543773803859949112e-02 6.725281476974487305e-03 1.494861673563718796e-02 9.011169895529747009e-03 7.090287748724222183e-03 2.889597788453102112e-02 4.877341911196708679e-03 1.351680886000394821e-02 1.634023711085319519e-02 1.058860123157501221e-02 1.963110698852688074e-04 2.439663372933864594e-02 5.244069267064332962e-03 2.644656226038932800e-02 2.971478924155235291e-02 1.193897891789674759e-02 3.423118731006979942e-03 2.290514111518859863e-02 4.524073738139122725e-04 3.379954397678375244e-02 1.363066374324262142e-03 4.755488038063049316e-02 2.183265984058380127e-03 1.036833692342042923e-02 3.821937739849090576e-02 1.904950849711894989e-02 4.331012070178985596e-02 1.427318900823593140e-02 9.089290164411067963e-03 3.024784661829471588e-02 3.926919773221015930e-02 1.259857043623924255e-02 3.362647444009780884e-02 1.429716963320970535e-02 1.215247716754674911e-02 2.878298424184322357e-02 3.943273425102233887e-02 2.149163372814655304e-02 1.175051555037498474e-02 6.989064626395702362e-03 7.987430319190025330e-03 2.646197751164436340e-02 5.215842742472887039e-03 8.895159699022769928e-03 2.684289356693625450e-03 3.275804221630096436e-02 3.778073564171791077e-02 3.237908706068992615e-03 3.262583166360855103e-03 2.185431774705648422e-03 7.985627278685569763e-03 2.041776478290557861e-02 2.614660188555717468e-02 5.390845471993088722e-04 5.941288545727729797e-03 7.061769254505634308e-03 1.116042677313089371e-02 1.572302356362342834e-02 9.857982397079467773e-03 1.924205757677555084e-02 2.008680254220962524e-02 2.391626872122287750e-02 3.368611633777618408e-02
1.732078194618225098e-02 6.053858902305364609e-03 2.216904051601886749e-02 6.937578320503234863e-03 2.160393074154853821e-02 8.153600245714187622e-02 6.473825871944427490e-02 2.080703899264335632e-02 1.606499245099257678e-05 3.800947591662406921e-02 8.564915042370557785e-04 5.641457438468933105e-01 3.490195050835609436e-02 2.594176828861236572e-01 2.230836264789104462e-02 1.852451823651790619e-02 2.140494808554649353e-02 4.503662884235382080e-02 3.549082577228546143e-02 3.778692707419395447e-02 1.581633812747895718e-03 1.863152533769607544e-02 4.266035556793212891e-02 9.198995307087898254e-03 3.450338914990425110e-02 3.884141892194747925e-02 6.248936988413333893e-03 1.974787414073944092e-01 3.680832311511039734e-02 1.631830781698226929e-01 3.937951102852821350e-02 5.278911907225847244e-03 3.175267949700355530e-02 3.146404772996902466e-02 1.540327817201614380e-02 1.583357155323028564e-02 2.849506959319114685e-02 2.866006828844547272e-02 3.948347270488739014e-02 2.370618097484111786e-02 2.814748138189315796e-02 3.702683374285697937e-02 2.266770787537097931e-02 3.556189686059951782e-02 1.140998154878616333e-01 4.917957261204719543e-02 2.400431968271732330e-02 1.234870497137308121e-02 2.529773488640785217e-02 2.584528364241123199e-02 3.406082093715667725e-02 3.563409671187400818e-02 1.492201350629329681e-02 1.515441853553056717e-02 3.981437161564826965e-02 3.164609521627426147e-02 1.667824946343898773e-02 2.978625148534774780e-02 7.712963037192821503e-03 1.065028179436922073e-02 1.191079150885343552e-02 5.104688555002212524e-02 4.161152988672256470e-02 1.126250438392162323e-02 9.778069332242012024e-03 2.733211405575275421e-02 1.585107482969760895e-02 4.083027690649032593e-02 2.363363892072811723e-04 4.248360916972160339e-02 1.381925400346517563e-02 3.667221590876579285e-02 2.649789676070213318e-02 2.948971651494503021e-02 2.616435289382934570e-02 1.164245791733264923e-02 1.202704757452011108e-02 1.705107162706553936e-03 1.258435845375061035e-01 1.047203876078128815e-02 9.858844801783561707e-03 2.327192947268486023e-02 5.117902997881174088e-03 4.703726619482040405e-02 3.345239907503128052e-02 6.208440754562616348e-03 1.884416863322257996e-02 4.321575164794921875e-02 1.336493343114852905e-01 2.024673111736774445e-02 2.079137787222862244e-02 2.250843308866024017e-02 3.290057182312011719e-02 3.347036242485046387e-02 2.724586799740791321e-02 1.707543991506099701e-02 3.257237374782562256e-02 3.103272803127765656e-02 2.050371654331684113e-02 3.242594748735427856e-02 3.968531638383865356e-02 2.429177612066268921e-02 3.467557206749916077e-02 3.093198128044605255e-02 3.292165324091911316e-02 2.542386017739772797e-02 7.960101589560508728e-03 8.598840795457363129e-03 2.482994273304939270e-02 1.880723424255847931e-02 1.984730176627635956e-02 2.015836723148822784e-02 3.715415298938751221e-02 7.913421839475631714e-03 6.952420808374881744e-03 3.350116312503814697e-02
1.135590765625238419e-02 1.673054695129394531e-02 3.348523750901222229e-02 3.631665604189038277e-04 3.566372022032737732e-02 2.837342768907546997e-02 4.217049106955528259e-02 4.317745566368103027e-02 9.374215267598628998e-03 2.132218144834041595e-02 5.727294087409973145e-02 3.490195050835609436e-02 5.628575086593627930e-01 2.300950698554515839e-02 3.051031380891799927e-02 8.754713460803031921e-03 2.026417106389999390e-02 4.234647378325462341e-02 4.225405678153038025e-02 1.569276675581932068e-02 1.545522594824433327e-03 1.619297824800014496e-02 2.039146376773715019e-03 3.938046749681234360e-03 2.923432737588882446e-03 6.931858370080590248e-04 6.328069604933261871e-03 3.063397854566574097e-02 1.985013298690319061e-02 2.125471830368041992e-02 2.043456956744194031e-02 1.755886478349566460e-03 1.194333750754594803e-02 2.057558886008337140e-04 1.790705136954784393e-02 1.095917820930480957e-02 9.326634928584098816e-03 1.117041055113077164e-02 1.353861205279827118e-02 6.109864625614136457e-05 1.631017774343490601e-03 1.820975914597511292e-02 4.985618591308593750e-02 4.162415117025375366e-02 9.144250303506851196e-03 2.395032905042171478e-02 2.940109744668006897e-02 3.163065388798713684e-02 4.415067378431558609e-03 7.692859508097171783e-03 3.662170097231864929e-02 2.960142865777015686e-02 3.442434221506118774e-02 1.080787740647792816e-02 1.406201813369989395e-02 2.092252299189567566e-02 8.501180447638034821e-03 1.236937241628766060e-03 2.497013472020626068e-02 3.992088139057159424e-03 1.368741504848003387e-02 1.120816357433795929e-02 1.335121318697929382e-02 9.077808936126530170e-04 1.707680150866508484e-02 2.937789261341094971e-02 1.388987526297569275e-02 2.543780580163002014e-02 1.827816851437091827e-02 1.494531147181987762e-02 2.660758420825004578e-02 1.496483851224184036e-02 4.648829251527786255e-02 1.441192533820867538e-02 4.834784939885139465e-02 1.593879424035549164e-02 2.235671877861022949e-02 3.589360788464546204e-02 4.140596464276313782e-02 3.024549223482608795e-02 1.673226361162960529e-03 2.338320948183536530e-02 9.469808079302310944e-03 3.274124115705490112e-02 9.419528068974614143e-04 8.643309585750102997e-03 1.213095430284738541e-02 3.275502473115921021e-02 1.440156716853380203e-02 3.225925937294960022e-02 1.353924442082643509e-02 7.702393457293510437e-03 2.334968745708465576e-02 1.470013242214918137e-02 1.703150942921638489e-02 1.732048578560352325e-02 6.755031645298004150e-03 5.898010451346635818e-03 4.401782527565956116e-02 3.270766511559486389e-02 1.051711943000555038e-02 1.209468673914670944e-02 7.202842272818088531e-03 7.249967195093631744e-03 2.824449725449085236e-02 1.393626444041728973e-02 2.781371586024761200e-03 1.008962094783782959e-02 7.800771854817867279e-03 8.848348632454872131e-03 7.392044644802808762e-03 1.278364844620227814e-02 2.088698372244834900e-02 9.968240745365619659e-03 2.287195995450019836e-02 1.262674666941165924e-02
