5.385714173316955566e-01 2.086266875267028809e-01 2.780972747132182121e-03 6.235965411178767681e-04 1.871044002473354340e-02 1.212467849254608154e-01 6.097281724214553833e-02 3.948549181222915649e-02 4.275879263877868652e-02 1.133017707616090775e-02 2.013849616050720215e-01 1.783526316285133362e-02 1.265044063329696655e-01 1.907139271497726440e-02 6.294376682490110397e-03 1.766362786293029785e-02 2.113736793398857117e-02 1.436740998178720474e-02 7.572293747216463089e-03 1.849180459976196289e-02 1.603176817297935486e-02 3.331244736909866333e-02 1.053456100635230541e-03 4.385551810264587402e-02 1.731272414326667786e-02 9.425558149814605713e-03 3.098899871110916138e-02 1.410064141964539886e-04 2.737572416663169861e-03 3.173570334911346436e-02 4.669410735368728638e-02 3.691374324262142181e-03 5.396472988650202751e-04 1.789840683341026306e-02 5.058801919221878052e-02 3.685195371508598328e-02 2.804616838693618774e-02 2.581132389605045319e-02 4.429008811712265015e-03 1.500856969505548477e-02 6.160268560051918030e-03 2.275248989462852478e-02 1.401739474385976791e-02 3.635214641690254211e-02 3.456057980656623840e-02 4.745114594697952271e-02 4.378436505794525146e-02 1.312602404505014420e-02 2.908858284354209900e-02 2.568366564810276031e-02 3.678374364972114563e-02 2.012304589152336121e-02 1.857498101890087128e-02 1.326418761163949966e-02 2.606574073433876038e-02 8.912513963878154755e-03 3.781541809439659119e-02 8.011638186872005463e-03 2.738238871097564697e-02 2.583665587007999420e-02 2.192938514053821564e-02 1.548578380607068539e-03 8.446213603019714355e-02 4.249893128871917725e-03 7.104986160993576050e-02 7.761295884847640991e-02 2.868905290961265564e-02 4.334743320941925049e-02 3.435419127345085144e-02 4.439864773303270340e-03 1.368216425180435181e-02 3.569505363702774048e-02 1.792681217193603516e-02 2.252968214452266693e-02 1.424846798181533813e-02 1.725385710597038269e-02 3.121179528534412384e-02 1.282622804865241051e-03 9.498810395598411560e-03 5.766665562987327576e-02 9.928570128977298737e-03 8.641758002340793610e-03 1.018518768250942230e-02 3.981419280171394348e-02 7.653614506125450134e-03 3.645116463303565979e-02 3.837590292096138000e-02 3.351420164108276367e-02 1.247092988342046738e-02 4.352161288261413574e-02 2.226531272754073143e-03 4.312197118997573853e-02 4.052825272083282471e-02 4.166983440518379211e-02 4.792776331305503845e-02 2.739152684807777405e-02 1.530936360359191895e-02 1.705472543835639954e-02 2.510042861104011536e-02 3.034650813788175583e-03 3.245746716856956482e-02 2.264386042952537537e-02 5.997487809509038925e-03 3.398724272847175598e-02 1.347171235829591751e-02 4.888532217592000961e-03 3.576997295022010803e-02 4.601070284843444824e-02 3.872494772076606750e-02 2.643308043479919434e-02 3.094574064016342163e-02 1.384279690682888031e-02 3.542613238096237183e-02 3.649218007922172546e-02 1.757793873548507690e-02 2.469494473189115524e-03
2.086266875267028809e-01 5.398916006088256836e-01 3.837337717413902283e-02 3.835976356640458107e-03 3.677028417587280273e-02 8.468788862228393555e-02 7.234842330217361450e-02 3.615085035562515259e-02 4.251868929713964462e-03 9.431515820324420929e-03 1.142003312706947327e-01 2.310470864176750183e-02 1.203467473387718201e-01 6.084919441491365433e-03 7.305243983864784241e-03 1.501195831224322319e-03 2.666587242856621742e-03 1.913447491824626923e-02 1.227676309645175934e-02 4.188865423202514648e-02 9.617520496249198914e-03 1.871545240283012390e-02 2.887736447155475616e-02 5.652273073792457581e-02 3.332581254653632641e-04 1.710265059955418110e-03 2.122552879154682159e-02 4.363903403282165527e-02 2.458312548696994781e-02 3.815701976418495178e-02 2.993972599506378174e-02 3.107729135081171989e-03 1.091119088232517242e-02 1.339301466941833496e-02 2.552193589508533478e-02 1.103592664003372192e-02 2.679483778774738312e-02 3.033171035349369049e-02 1.191117335110902786e-02 1.178023312240839005e-02 8.039029315114021301e-03 2.676963806152343750e-02 1.058926898986101151e-02 2.390429377555847168e-02 2.973989583551883698e-02 2.857600711286067963e-02 4.040529578924179077e-02 4.050514195114374161e-03 6.043805740773677826e-03 8.852388709783554077e-03 3.023091144859790802e-02 4.276539012789726257e-02 5.430872738361358643e-02 1.523360260762274265e-03 2.981032058596611023e-02 1.587147638201713562e-02 3.972483053803443909e-02 1.723768562078475952e-02 3.625249490141868591e-02 2.547960542142391205e-02 8.080905303359031677e-03 9.873036295175552368e-03 5.046865716576576233e-02 1.520230318419635296e-03 3.360068053007125854e-02 2.601680159568786621e-02 1.730690128169953823e-04 2.167647518217563629e-02 2.134599164128303528e-02 1.495064888149499893e-02 1.098997797816991806e-02 1.108771562576293945e-02 4.135635495185852051e-02 1.871231757104396820e-02 4.257115721702575684e-02 4.619224369525909424e-02 2.442704280838370323e-03 4.494503140449523926e-03 2.272763103246688843e-02 2.007207274436950684e-02 5.779343191534280777e-04 4.037938080728054047e-03 1.960792951285839081e-02 2.515908330678939819e-02 2.497796900570392609e-02 8.176773786544799805e-03 1.780001819133758545e-02 3.326271101832389832e-02 9.892290836432948709e-05 1.287457719445228577e-02 6.628055125474929810e-03 2.665380015969276428e-03 2.886608801782131195e-02 2.991807088255882263e-02 1.309053413569927216e-02 8.580012246966362000e-03 2.693291753530502319e-02 1.433445885777473450e-02 4.908601939678192139e-02 3.749464172869920731e-03 5.092098843306303024e-03 2.023173309862613678e-02 4.268526658415794373e-02 4.887596704065799713e-03 3.888586163520812988e-02 1.522600091993808746e-02 2.731174230575561523e-02 1.163151394575834274e-02 1.492547616362571716e-02 3.690040484070777893e-02 2.496225200593471527e-02 3.225912898778915405e-02 2.170575782656669617e-02 1.263151131570339203e-02 2.817731723189353943e-02 3.045411594212055206e-02
2.780972747132182121e-03 3.837337717413902283e-02 5.130069851875305176e-01 1.958409696817398071e-02 6.249226164072751999e-03 1.927620731294155121e-02 4.755211994051933289e-03 5.539701506495475769e-02 3.035128861665725708e-02 1.775593031197786331e-03 2.217192761600017548e-02 8.923723548650741577e-02 3.145290166139602661e-02 3.175778314471244812e-02 2.306444011628627777e-02 1.798441633582115173e-02 1.886248029768466949e-02 3.986075520515441895e-02 1.896610669791698456e-02 3.216885030269622803e-02 2.165035717189311981e-02 1.428315974771976471e-02 4.478805884718894958e-02 5.054256319999694824e-02 2.718005515635013580e-02 4.090850427746772766e-02 1.356352586299180984e-02 6.207475066184997559e-02 7.812126725912094116e-02 6.390696763992309570e-02 1.421107351779937744e-02 1.470400486141443253e-02 9.317982941865921021e-03 4.556174948811531067e-02 1.479614246636629105e-02 3.313792869448661804e-02 2.217171713709831238e-02 3.739383444190025330e-02 1.352504361420869827e-03 3.370282053947448730e-02 1.639951602555811405e-03 2.260553883388638496e-03 3.057885542511940002e-02 3.257228061556816101e-02 1.940073259174823761e-02 3.245489671826362610e-02 1.632526703178882599e-02 4.242455214262008667e-02 1.706875115633010864e-02 9.983533062040805817e-03 5.694815889000892639e-03 1.258327346295118332e-02 1.902280934154987335e-02 3.061640076339244843e-02 2.269008383154869080e-02 2.329864352941513062e-02 1.181784365326166153e-02 8.749311789870262146e-03 2.960455231368541718e-02 2.910700812935829163e-02 2.321306616067886353e-02 3.690605051815509796e-03 9.935646317899227142e-03 8.877523243427276611e-03 2.499609068036079407e-02 3.682497516274452209e-02 4.176244512200355530e-02 8.767649531364440918e-03 1.953886449337005615e-02 9.433719329535961151e-03 4.640887957066297531e-03 1.149954181164503098e-02 6.983693689107894897e-03 4.489194601774215698e-03 1.062055118381977081e-02 5.082184076309204102e-02 2.441981993615627289e-02 3.629421070218086243e-02 2.310919202864170074e-02 8.811205625534057617e-03 6.275799125432968140e-02 1.579841040074825287e-02 3.738153353333473206e-02 3.746351227164268494e-02 2.255844511091709137e-02 4.037112370133399963e-02 1.907241716980934143e-02 3.118869103491306305e-02 4.431023821234703064e-02 2.477743662893772125e-02 3.226745501160621643e-02 2.538513392210006714e-03 2.044877968728542328e-02 1.496434677392244339e-02 3.559627383947372437e-02 4.005869105458259583e-02 1.484689954668283463e-02 5.428390949964523315e-02 4.839426837861537933e-03 1.036846544593572617e-03 3.490368276834487915e-02 3.458414599299430847e-02 1.829010061919689178e-02 9.613221511244773865e-03 3.169372677803039551e-03 4.419803991913795471e-02 2.781466394662857056e-02 1.110327430069446564e-02 2.612294256687164307e-02 1.715600863099098206e-02 4.908789321780204773e-02 2.174743823707103729e-02 5.389616824686527252e-03 1.331582013517618179e-02 3.577502444386482239e-02 1.979404361918568611e-03
6.235965411178767681e-04 3.835976356640458107e-03 1.958409696817398071e-02 5.425347685813903809e-01 1.456478536128997803e-01 2.068679034709930420e-02 2.716627903282642365e-02 1.872459426522254944e-02 9.322984144091606140e-03 4.709229990839958191e-02 4.924487322568893433e-03 6.303773727267980576e-03 1.194626744836568832e-02 4.634427651762962341e-02 1.435500290244817734e-02 1.656527630984783173e-03 2.466639317572116852e-02 1.793021074263378978e-04 4.893158376216888428e-02 3.205746039748191833e-02 4.224159941077232361e-02 4.523812979459762573e-02 1.990479044616222382e-02 3.397823870182037354e-02 5.073760449886322021e-02 2.443812973797321320e-02 4.500998184084892273e-02 1.377712562680244446e-02 4.276046529412269592e-03 7.270749658346176147e-03 1.694278791546821594e-02 3.099976852536201477e-02 4.362637549638748169e-02 3.752258047461509705e-02 6.352486461400985718e-02 5.949321202933788300e-03 3.286508098244667053e-02 3.084329515695571899e-02 4.958314821124076843e-02 5.501090362668037415e-02 3.553734347224235535e-02 2.415669150650501251e-03 2.350839041173458099e-02 7.988013327121734619e-03 4.204104468226432800e-02 1.150387525558471680e-02 2.515445277094841003e-02 2.911227010190486908e-02 3.714515268802642822e-02 3.260604664683341980e-02 4.863606765866279602e-02 2.808798663318157196e-02 3.334097191691398621e-02 5.767259746789932251e-03 6.027647759765386581e-03 2.081573568284511566e-02 7.645031064748764038e-02 8.222344517707824707e-02 2.257194742560386658e-02 1.078229770064353943e-02 1.086982414126396179e-01 5.933349207043647766e-02 1.130952388048171997e-01 1.084877699613571167e-01 1.399026997387409210e-02 3.228801488876342773e-02 3.305119276046752930e-02 4.156790673732757568e-02 6.511174142360687256e-02 1.816564612090587616e-02 1.794623583555221558e-02 1.796343247406184673e-03 5.452394858002662659e-02 2.370264381170272827e-03 1.141677238047122955e-02 3.555291891098022461e-02 4.843124002218246460e-02 5.120007321238517761e-03 3.034923039376735687e-02 9.889759123325347900e-03 2.652790024876594543e-02 2.266232855618000031e-03 5.780881270766258240e-02 4.150786902755498886e-03 3.288111463189125061e-02 4.983301088213920593e-02 6.195521447807550430e-03 9.243044070899486542e-03 3.813199326395988464e-02 2.952518640086054802e-03 1.437297184020280838e-02 5.059686303138732910e-02 1.047501433640718460e-02 2.716275490820407867e-02 3.272115485742688179e-03 2.998065017163753510e-02 3.574961051344871521e-02 2.075439319014549255e-02 3.496582806110382080e-02 2.088451012969017029e-02 3.207757323980331421e-02 2.668277919292449951e-02 2.555053681135177612e-02 2.779396437108516693e-02 7.035237736999988556e-03 2.649531140923500061e-02 1.652196235954761505e-02 1.095390506088733673e-02 3.671700879931449890e-02 1.501644601376028731e-05 3.492416813969612122e-02 4.073443263769149780e-02 3.846455365419387817e-02 4.065065179020166397e-03 8.500346913933753967e-03 3.753295168280601501e-02
1.871044002473354340e-02 3.677028417587280273e-02 6.249226164072751999e-03 1.456478536128997803e-01 5.331782102584838867e-01 6.987485568970441818e-03 2.538938540965318680e-03 1.220141164958477020e-02 2.207983983680605888e-03 5.750166252255439758e-03 3.744354471564292908e-04 3.644225746393203735e-02 4.928924143314361572e-03 5.041774734854698181e-02 1.048977300524711609e-02 1.747230812907218933e-02 1.292176265269517899e-02 5.420382949523627758e-04 9.148115292191505432e-03 2.032301574945449829e-02 3.000491298735141754e-02 3.634876757860183716e-02 6.215598899871110916e-03 2.343767322599887848e-02 4.085351899266242981e-02 2.647762000560760498e-02 4.448324441909790039e-02 2.886441163718700409e-02 2.787438593804836273e-02 1.939342357218265533e-02 3.835592418909072876e-02 1.141215767711400986e-02 2.331907115876674652e-02 2.493702806532382965e-02 3.398501127958297729e-02 2.462167292833328247e-03 1.115614082664251328e-02 1.741807721555233002e-02 2.741847001016139984e-02 6.436162441968917847e-02 3.018425218760967255e-02 1.048096455633640289e-02 3.979653120040893555e-02 1.235388964414596558e-02 3.053596056997776031e-02 2.101610042154788971e-02 1.284874230623245239e-02 3.456341102719306946e-02 3.742763772606849670e-02 1.719176769256591797e-02 4.957330599427223206e-02 3.195446729660034180e-02 1.996971853077411652e-02 5.580245517194271088e-03 8.586186915636062622e-03 4.549137502908706665e-02 3.743736445903778076e-02 8.441619575023651123e-02 5.198892205953598022e-02 3.560132533311843872e-02 5.505454540252685547e-02 7.274316251277923584e-02 6.845667213201522827e-02 6.183889880776405334e-02 1.606127619743347168e-02 3.436616808176040649e-02 4.214145243167877197e-02 3.583437204360961914e-02 1.270380802452564240e-02 1.023963280022144318e-02 1.768138445913791656e-02 2.778889145702123642e-03 8.396398276090621948e-03 1.332983374595642090e-02 6.271485239267349243e-03 6.743990816175937653e-03 7.779449690133333206e-03 2.657534554600715637e-02 1.756779663264751434e-02 3.678429499268531799e-02 4.560187831521034241e-02 1.602447219192981720e-02 2.443624846637248993e-02 4.714052379131317139e-02 4.796159639954566956e-02 2.107449993491172791e-02 2.892841771245002747e-02 2.433225978165864944e-03 8.422417566180229187e-03 9.384774602949619293e-04 3.140339255332946777e-02 2.739428356289863586e-02 6.678633857518434525e-03 1.014898531138896942e-02 8.091644383966922760e-03 1.022085640579462051e-02 1.022522337734699249e-02 1.870399340987205505e-02 3.997148945927619934e-02 4.218745976686477661e-03 9.154302999377250671e-03 3.042193874716758728e-02 3.878371044993400574e-02 1.294371858239173889e-02 4.538252204656600952e-02 1.102113258093595505e-02 3.375655412673950195e-02 1.037237583659589291e-03 9.672949090600013733e-03 3.935214132070541382e-02 2.305604889988899231e-02 1.368397846817970276e-03 3.337123990058898926e-02 9.108046069741249084e-03 1.252593286335468292e-02 7.417172659188508987e-03
1.212467849254608154e-01 8.468788862228393555e-02 1.927620731294155121e-02 2.068679034709930420e-02 6.987485568970441818e-03 5.487582683563232422e-01 1.122925654053688049e-01 3.633698076009750366e-02 7.424833718687295914e-03 6.176774390041828156e-03 9.989257901906967163e-02 2.886227332055568695e-02 8.920587599277496338e-02 1.852755621075630188e-02 1.627921126782894135e-02 1.848028786480426788e-02 1.368032023310661316e-02 1.819872297346591949e-03 3.072779625654220581e-02 2.993444725871086121e-02 3.910827636718750000e-02 3.066967241466045380e-02 2.946686185896396637e-02 6.941433995962142944e-03 4.775098990648984909e-03 2.536295913159847260e-02 1.213197712786495686e-03 4.690954834222793579e-02 4.138369858264923096e-02 1.305790338665246964e-02 4.667177796363830566e-02 2.926949225366115570e-02 4.441451653838157654e-02 3.677037730813026428e-02 2.224100008606910706e-02 2.641993016004562378e-02 4.123461991548538208e-02 3.771662712097167969e-02 3.401193767786026001e-03 1.333144214004278183e-02 3.469231538474559784e-03 4.573346301913261414e-02 8.847801946103572845e-03 5.657824687659740448e-03 3.950234502553939819e-02 3.236220404505729675e-02 9.264219552278518677e-02 6.081553176045417786e-02 4.743447899818420410e-02 3.826802596449851990e-03 2.570973010733723640e-03 6.830543745309114456e-03 8.242236450314521790e-03 1.324362959712743759e-02 2.895986288785934448e-02 3.288035281002521515e-03 3.558886004611849785e-03 9.574351832270622253e-03 2.933294163085520267e-04 2.050170674920082092e-02 4.147493094205856323e-02 2.745231799781322479e-02 1.317832525819540024e-02 1.574455201625823975e-02 1.050015445798635483e-02 2.385530853644013405e-03 2.558071538805961609e-02 4.915395751595497131e-02 3.154310211539268494e-02 3.329852968454360962e-02 2.559218741953372955e-02 1.268693059682846069e-02 1.822487637400627136e-02 3.227981179952621460e-02 2.778014726936817169e-02 3.780577797442674637e-03 2.259678393602371216e-02 2.642943337559700012e-02 4.706936670118011534e-05 2.622550539672374725e-02 3.196832403773441911e-05 4.051239043474197388e-02 3.078578040003776550e-02 3.996436670422554016e-02 5.447762832045555115e-02 1.687039248645305634e-02 2.929704263806343079e-02 4.614220187067985535e-02 1.224714703857898712e-02 4.071038588881492615e-02 1.813883427530527115e-03 1.930166501551866531e-03 3.665650635957717896e-02 1.625172421336174011e-02 1.318567432463169098e-02 2.362459152936935425e-02 4.941692948341369629e-02 2.869286015629768372e-02 1.516526378691196442e-02 3.695697337388992310e-02 3.410024940967559814e-02 2.249786630272865295e-02 4.450544714927673340e-02 3.179990220814943314e-03 8.770587854087352753e-03 6.249551195651292801e-03 3.951792791485786438e-02 2.691421192139387131e-03 2.375192567706108093e-02 4.490316286683082581e-02 1.536246272735297680e-03 2.208288945257663727e-02 3.090854734182357788e-02 1.051301043480634689e-02 1.036420650780200958e-02 1.316504552960395813e-02
6.097281724214553833e-02 7.234842330217361450e-02 4.755211994051933289e-03 2.716627903282642365e-02 2.538938540965318680e-03 1.122925654053688049e-01 5.477950572967529297e-01 2.978729270398616791e-02 1.723109185695648193e-02 3.010199638083577156e-03 6.400839984416961670e-02 3.932374715805053711e-02 8.770982176065444946e-02 4.229758679866790771e-02 1.645331643521785736e-02 2.533094584941864014e-02 2.114123106002807617e-02 5.811590235680341721e-03 5.133122205734252930e-02 2.972833625972270966e-02 8.396694436669349670e-03 4.932387266308069229e-03 4.905015230178833008e-03 7.528394460678100586e-03 2.695151790976524353e-02 1.873862370848655701e-02 2.749752812087535858e-02 4.493277519941329956e-02 1.327149383723735809e-02 3.070085123181343079e-02 5.674280226230621338e-03 4.313942044973373413e-03 3.088573738932609558e-02 8.656565099954605103e-03 2.455287426710128784e-02 2.979737892746925354e-02 1.361166313290596008e-02 1.491072867065668106e-02 1.508161332458257675e-02 3.011996624991297722e-03 3.870666772127151489e-02 2.002443931996822357e-02 2.929698862135410309e-02 3.846389427781105042e-02 8.349629933945834637e-04 2.972472086548805237e-02 9.093459695577621460e-02 1.238656789064407349e-01 1.394766615703701973e-03 8.008244447410106659e-03 5.868649482727050781e-02 4.930719733238220215e-02 1.127941813319921494e-02 7.750377524644136429e-03 1.606851257383823395e-02 1.511830836534500122e-02 2.478428743779659271e-02 3.563482686877250671e-02 2.659665793180465698e-02 4.031393304467201233e-02 3.207931295037269592e-02 3.673259541392326355e-02 3.639869391918182373e-03 4.317927733063697815e-02 1.234078686684370041e-02 3.954326733946800232e-03 3.313925117254257202e-02 3.215836593881249428e-03 1.113807689398527145e-02 1.348505727946758270e-02 5.117429047822952271e-02 2.840695716440677643e-02 3.273538127541542053e-02 1.256484817713499069e-02 4.390231147408485413e-02 2.019159309566020966e-02 9.907532483339309692e-03 3.960418701171875000e-02 4.392427951097488403e-02 1.846363069489598274e-03 9.115990251302719116e-03 3.870676085352897644e-02 3.201169148087501526e-02 4.959154501557350159e-02 1.897505484521389008e-02 2.253049053251743317e-02 2.041713334619998932e-02 2.577954903244972229e-02 2.575054764747619629e-02 1.104215742088854313e-03 7.645370811223983765e-02 3.754283301532268524e-03 6.861032545566558838e-02 4.285248368978500366e-02 2.640522457659244537e-02 2.753731235861778259e-02 3.985709045082330704e-03 3.238892555236816406e-02 8.784256875514984131e-03 1.903499104082584381e-02 2.612475678324699402e-02 1.412453036755323410e-02 2.671585232019424438e-02 8.137721568346023560e-03 1.426967047154903412e-02 1.048647705465555191e-02 2.841377072036266327e-02 2.168548479676246643e-02 2.545889653265476227e-02 1.486184820532798767e-02 3.550964966416358948e-02 5.263940896838903427e-03 3.927248343825340271e-02 5.721068009734153748e-02 9.600559249520301819e-03 3.934435173869132996e-02
3.948549181222915649e-02 3.615085035562515259e-02 5.539701506495475769e-02 1.872459426522254944e-02 1.220141164958477020e-02 3.633698076009750366e-02 2.978729270398616791e-02 5.258454680442810059e-01 2.607234008610248566e-02 2.865601889789104462e-02 6.238061469048261642e-03 3.922938369214534760e-03 1.750211417675018311e-02 3.863581269979476929e-02 8.499217778444290161e-02 2.460802532732486725e-02 5.361950956284999847e-03 2.190879359841346741e-02 2.398230507969856262e-02 2.357731387019157410e-02 1.031148899346590042e-02 5.980045720934867859e-02 2.221076935529708862e-02 1.601947098970413208e-02 3.434133902192115784e-02 3.532748669385910034e-02 4.904429242014884949e-02 4.310607165098190308e-02 1.910613849759101868e-02 1.395021658390760422e-02 5.319660529494285583e-02 4.822309687733650208e-02 3.508361801505088806e-02 3.937109559774398804e-02 3.482886124402284622e-03 7.516795769333839417e-03 1.120033790357410908e-03 3.444471582770347595e-02 1.010383479297161102e-02 1.592102088034152985e-02 1.759457029402256012e-02 3.140318766236305237e-02 1.839348115026950836e-02 2.252422505989670753e-03 4.523678869009017944e-02 3.477676585316658020e-02 4.797226190567016602e-02 1.678915694355964661e-02 2.785179391503334045e-02 1.485871034674346447e-03 1.032148301601409912e-02 1.774260774254798889e-02 5.972218350507318974e-04 3.587683662772178650e-03 1.000722683966159821e-02 2.368980087339878082e-02 2.857522107660770416e-02 1.277921907603740692e-02 4.894153401255607605e-02 5.812336457893252373e-04 3.817444294691085815e-02 4.274047538638114929e-02 2.117408625781536102e-02 1.655111275613307953e-02 4.398690909147262573e-02 5.917342379689216614e-03 3.491272451356053352e-03 9.446722455322742462e-03 1.898478716611862183e-02 1.766633940860629082e-03 1.266280375421047211e-02 1.503066811710596085e-02 3.516248241066932678e-02 6.653940305113792419e-03 1.453890837728977203e-02 2.327989041805267334e-02 3.199695609509944916e-03 4.042116180062294006e-02 3.080992493778467178e-03 7.612506859004497528e-03 8.119849860668182373e-02 5.818398669362068176e-02 3.744368627667427063e-02 9.092403575778007507e-03 2.070206962525844574e-02 6.041820626705884933e-03 7.691963762044906616e-02 4.975010454654693604e-02 7.893473841249942780e-03 1.869986206293106079e-02 4.406402260065078735e-02 2.758585847914218903e-02 5.310168117284774780e-02 6.646669469773769379e-03 8.016705978661775589e-04 2.775106392800807953e-02 3.409142047166824341e-02 3.491960698738694191e-03 1.917798258364200592e-02 1.676695980131626129e-02 3.448862582445144653e-02 4.927053302526473999e-02 5.615865811705589294e-03 1.768562197685241699e-02 1.325110159814357758e-02 3.401581570506095886e-02 5.251695215702056885e-02 1.980306394398212433e-02 5.396557971835136414e-02 2.083449997007846832e-02 4.223113507032394409e-02 3.432467579841613770e-02 3.245852887630462646e-02 3.533371165394783020e-02 6.614081095904111862e-03 4.942245408892631531e-02
4.275879263877868652e-02 4.251868929713964462e-03 3.035128861665725708e-02 9.322984144091606140e-03 2.207983983680605888e-03 7.424833718687295914e-03 1.723109185695648193e-02 2.607234008610248566e-02 5.492249727249145508e-01 4.017144814133644104e-02 3.944921121001243591e-02 2.699323371052742004e-02 1.351601816713809967e-02 1.525505073368549347e-02 2.129273861646652222e-02 1.766785746440291405e-03 4.336862359195947647e-03 8.037970215082168579e-02 4.725554957985877991e-03 4.080875217914581299e-02 5.216703563928604126e-02 6.512797903269529343e-03 2.260088175535202026e-02 1.336249150335788727e-02 3.480555489659309387e-02 4.053254425525665283e-02 5.699127912521362305e-03 2.811219729483127594e-02 4.187791794538497925e-02 3.226326778531074524e-02 1.498032081872224808e-02 7.908230647444725037e-03 3.585956618189811707e-02 4.476869478821754456e-02 3.670737519860267639e-02 1.143274479545652866e-03 7.508576847612857819e-03 3.073368966579437256e-02 1.111804414540529251e-02 2.231678366661071777e-02 3.469622507691383362e-02 3.492362797260284424e-02 5.317919701337814331e-02 4.058202728629112244e-02 8.752059191465377808e-03 3.263615071773529053e-02 2.121598273515701294e-02 7.896849885582923889e-03 3.659941488876938820e-03 1.439250627299770713e-04 3.084246627986431122e-02 1.325761154294013977e-02 2.995123621076345444e-03 8.675604127347469330e-03 4.018162563443183899e-02 2.723122201859951019e-02 1.125822681933641434e-02 1.606912165880203247e-02 5.822552484460175037e-04 1.616950519382953644e-02 4.424534365534782410e-02 8.245391771197319031e-03 9.465227834880352020e-03 5.989081040024757385e-02 3.167010843753814697e-02 1.583032310009002686e-02 5.250290036201477051e-02 4.033024236559867859e-02 4.939951747655868530e-02 7.356107700616121292e-03 1.903324946761131287e-02 3.802369907498359680e-02 2.067444473505020142e-02 1.973153837025165558e-02 2.049220539629459381e-02 1.723422668874263763e-02 7.907681167125701904e-02 3.747159615159034729e-02 5.318989232182502747e-02 1.639697700738906860e-02 2.877413295209407806e-03 4.235357046127319336e-02 9.148049168288707733e-03 4.429603461176156998e-03 1.578400842845439911e-02 2.076854370534420013e-02 1.316564250737428665e-02 1.667543314397335052e-02 4.489226639270782471e-02 8.909900207072496414e-04 2.070191875100135803e-02 3.177006496116518974e-03 3.953116759657859802e-02 2.501004561781883240e-02 2.149627916514873505e-02 2.070163376629352570e-03 9.407184086740016937e-03 1.109391637146472931e-02 1.255102455615997314e-02 3.480902314186096191e-02 1.013435795903205872e-02 1.990253292024135590e-02 3.201748430728912354e-02 3.536401689052581787e-02 1.303524989634752274e-02 3.021120093762874603e-03 2.855195198208093643e-03 5.810696259140968323e-02 2.053383970633149147e-03 2.395295538008213043e-02 5.127739161252975464e-02 8.119971491396427155e-03 1.573465578258037567e-02 2.076409757137298584e-03 3.083187714219093323e-02 1.995150558650493622e-02
1.133017707616090775e-02 9.431515820324420929e-03 1.775593031197786331e-03 4.709229990839958191e-02 5.750166252255439758e-03 6.176774390041828156e-03 3.010199638083577156e-03 2.865601889789104462e-02 4.017144814133644104e-02 5.560685396194458008e-01 1.692816801369190216e-02 3.341586142778396606e-02 2.070537768304347992e-02 1.817911118268966675e-02 3.820792213082313538e-02 6.679117213934659958e-03 2.355432137846946716e-02 6.829559803009033203e-02 1.003274098038673401e-01 3.416883945465087891e-02 4.291611537337303162e-02 1.192121487110853195e-02 7.609930820763111115e-03 2.914473786950111389e-02 5.340477451682090759e-02 2.132072299718856812e-02 2.714666305109858513e-03 5.941106751561164856e-02 3.364784643054008484e-02 2.897123619914054871e-02 5.419207271188497543e-03 3.585439920425415039e-02 1.885718782432377338e-03 3.997148014605045319e-03 4.448018595576286316e-02 1.292860228568315506e-02 1.607428491115570068e-02 4.852404072880744934e-02 8.758738636970520020e-03 8.191145025193691254e-03 2.184501476585865021e-02 3.324010968208312988e-02 4.096477478742599487e-02 1.849102787673473358e-02 2.144604921340942383e-02 3.368961438536643982e-02 4.647239577025175095e-03 2.359707839787006378e-02 3.254556655883789062e-02 4.768544435501098633e-02 3.329192474484443665e-02 3.731935471296310425e-02 6.896510254591703415e-03 1.241120137274265289e-02 1.340850023552775383e-03 3.639650717377662659e-02 5.177967995405197144e-02 5.723859649151563644e-03 1.464209053665399551e-02 5.761374253779649734e-03 2.029115892946720123e-02 1.654050871729850769e-02 6.921853404492139816e-03 5.778231844305992126e-02 7.166573777794837952e-03 4.137083515524864197e-02 1.845692098140716553e-02 5.096288397908210754e-02 4.783923272043466568e-03 7.020635064691305161e-03 3.209390118718147278e-02 4.870622069574892521e-04 6.945986300706863403e-02 7.265472318977117538e-03 4.197514057159423828e-02 1.614976488053798676e-02 8.087033405900001526e-03 5.491802841424942017e-02 9.962398558855056763e-03 8.965998888015747070e-02 7.391764316707849503e-03 1.332899555563926697e-02 4.635525401681661606e-03 4.849279299378395081e-02 2.509895153343677521e-02 6.273445487022399902e-02 4.914634628221392632e-04 1.235355157405138016e-02 2.931717038154602051e-02 3.467833995819091797e-02 4.109422117471694946e-02 2.958501875400543213e-02 3.102534264326095581e-02 3.774575889110565186e-04 3.803696250542998314e-03 6.012459751218557358e-03 2.433725818991661072e-02 1.760007068514823914e-02 3.783626854419708252e-02 2.825545147061347961e-02 9.090184234082698822e-03 2.816976513713598251e-03 2.514999732375144958e-02 1.307770959101617336e-03 3.309889882802963257e-02 2.829657867550849915e-02 2.207940258085727692e-02 3.041522763669490814e-02 7.128044962882995605e-03 3.343110531568527222e-02 4.502432048320770264e-02 2.138507552444934845e-02 2.834378927946090698e-02 1.534169074147939682e-02 1.594793400727212429e-03 2.211233787238597870e-02
2.013849616050720215e-01 1.142003312706947327e-01 2.217192761600017548e-02 4.924487322568893433e-03 3.744354471564292908e-04 9.989257901906967163e-02 6.400839984416961670e-02 6.238061469048261642e-03 3.944921121001243591e-02 1.692816801369190216e-02 5.427669882774353027e-01 4.602948576211929321e-02 1.160597056150436401e-01 5.020474200136959553e-04 5.543126724660396576e-03 4.381607868708670139e-04 7.784105371683835983e-03 1.615703478455543518e-02 1.017876714468002319e-02 3.649645671248435974e-02 1.906425319612026215e-02 6.157432217150926590e-03 1.314139552414417267e-02 8.693234995007514954e-03 5.516509525477886200e-03 8.041715249419212341e-03 4.271456040441989899e-03 4.747295007109642029e-02 1.688015460968017578e-02 1.725699566304683685e-02 3.949481993913650513e-02 1.658161915838718414e-02 1.247804984450340271e-02 4.600146040320396423e-02 1.944546215236186981e-02 1.511561870574951172e-02 1.595925353467464447e-02 7.586946710944175720e-03 5.886642262339591980e-03 1.769446535035967827e-03 3.639237210154533386e-02 1.703107915818691254e-02 2.253946848213672638e-02 1.473017269745469093e-03 2.854990586638450623e-02 2.673479355871677399e-02 6.314802914857864380e-02 3.083748184144496918e-02 2.820485504344105721e-03 4.205372184514999390e-03 3.806452825665473938e-02 4.583831876516342163e-02 2.227667532861232758e-02 4.424799699336290359e-03 1.609777472913265228e-02 7.341812830418348312e-03 3.384903771802783012e-03 5.595828872174024582e-03 9.418372064828872681e-03 4.923316836357116699e-02 3.402292728424072266e-02 4.222813993692398071e-02 2.812758833169937134e-02 4.733123641926795244e-04 7.441712170839309692e-02 3.966692462563514709e-02 2.694093808531761169e-02 4.825232550501823425e-02 2.950571291148662567e-02 1.939347758889198303e-02 3.299169475212693214e-03 3.402445465326309204e-03 1.272268965840339661e-02 1.255564624443650246e-03 2.633973956108093262e-02 4.237450659275054932e-02 2.428379654884338379e-02 1.036515366286039352e-02 4.367313161492347717e-02 1.467189937829971313e-02 1.350047416053712368e-03 7.718582637608051300e-03 1.155108958482742310e-02 1.258015446364879608e-02 5.221557989716529846e-02 1.503954827785491943e-02 3.440628573298454285e-02 1.987633295357227325e-02 1.397728361189365387e-02 3.319064155220985413e-02 2.660916559398174286e-02 1.327651436440646648e-03 1.433084812015295029e-02 1.332636736333370209e-02 6.360386032611131668e-03 4.930373746901750565e-03 3.742339089512825012e-02 2.330373972654342651e-02 6.137796211987733841e-03 4.332887753844261169e-02 1.320477295666933060e-02 2.083340846002101898e-02 1.559055130928754807e-02 1.970294117927551270e-02 4.443088546395301819e-02 4.408513754606246948e-02 1.460552774369716644e-02 1.853711716830730438e-02 2.563643269240856171e-02 1.570681855082511902e-02 3.391104051843285561e-03 7.877716561779379845e-04 4.764765501022338867e-02 2.734910137951374054e-02 3.754477575421333313e-02 7.215640507638454437e-03
1.783526316285133362e-02 2.310470864176750183e-02 8.923723548650741577e-02 6.303773727267980576e-03 3.644225746393203735e-02 2.886227332055568695e-02 3.932374715805053711e-02 3.922938369214534760e-03 2.699323371052742004e-02 3.341586142778396606e-02 4.602948576211929321e-02 5.443695187568664551e-01 2.010099776089191437e-02 1.468649655580520630e-01 1.606886647641658783e-02 3.320970013737678528e-02 2.776341279968619347e-04 4.593638330698013306e-02 1.844024099409580231e-02 4.109949246048927307e-02 2.310923300683498383e-02 4.394882824271917343e-03 6.629808247089385986e-02 4.323861375451087952e-02 2.166024409234523773e-02 2.800870314240455627e-02 2.262136898934841156e-02 1.062454879283905029e-01 3.132720664143562317e-02 9.144434332847595215e-02 7.436352898366749287e-04 5.137306824326515198e-02 3.706746920943260193e-02 1.765774935483932495e-02 3.052881918847560883e-02 4.184895753860473633e-02 4.863563925027847290e-02 3.869127482175827026e-02 2.523733302950859070e-02 2.470494061708450317e-02 4.654687829315662384e-03 2.059041336178779602e-02 2.044785395264625549e-02 2.892178483307361603e-02 9.422154724597930908e-02 3.552466630935668945e-02 2.787561342120170593e-02 1.646863482892513275e-02 4.720596130937337875e-03 3.442772477865219116e-02 3.240763768553733826e-02 2.055272646248340607e-02 2.831104956567287445e-02 6.377713754773139954e-03 2.178535237908363342e-02 7.990937680006027222e-02 7.684727897867560387e-04 1.505946274846792221e-02 5.167150124907493591e-02 2.580031938850879669e-02 4.827180132269859314e-02 2.868891321122646332e-02 1.651024818420410156e-02 2.904974669218063354e-02 2.085359999909996986e-03 1.132805598899722099e-03 2.756367996335029602e-02 8.851052261888980865e-03 6.462452001869678497e-04 5.617611855268478394e-02 2.266587130725383759e-02 2.536508254706859589e-02 4.474168270826339722e-02 3.231161832809448242e-02 3.308401256799697876e-02 3.777531161904335022e-02 8.554727584123611450e-02 2.099955081939697266e-02 6.396674364805221558e-02 1.001503784209489822e-02 4.725774005055427551e-02 1.619347371160984039e-02 7.877649366855621338e-02 2.087864279747009277e-02 2.496379986405372620e-02 4.518263787031173706e-02 7.378835696727037430e-03 1.304287463426589966e-02 5.809232592582702637e-02 1.862862333655357361e-02 2.681353874504566193e-02 2.055857330560684204e-02 3.294578194618225098e-02 2.321805106475949287e-03 1.703521236777305603e-02 4.271201044321060181e-02 3.432090207934379578e-02 2.473317459225654602e-02 4.651020839810371399e-02 4.464796558022499084e-02 3.403919190168380737e-02 4.332898929715156555e-02 1.473980257287621498e-03 2.429467998445034027e-02 5.403056740760803223e-03 3.272373229265213013e-02 3.161549940705299377e-02 6.315060891211032867e-03 5.017209798097610474e-02 2.214573509991168976e-02 1.352552324533462524e-02 3.064537048339843750e-02 1.482281833887100220e-02 1.922306604683399200e-02 2.163814939558506012e-02 2.229922823607921600e-02
1.265044063329696655e-01 1.203467473387718201e-01 3.145290166139602661e-02 1.194626744836568832e-02 4.928924143314361572e-03 8.920587599277496338e-02 8.770982176065444946e-02 1.750211417675018311e-02 1.351601816713809967e-02 2.070537768304347992e-02 1.160597056150436401e-01 2.010099776089191437e-02 5.515875816345214844e-01 1.847696490585803986e-02 2.506691403687000275e-02 1.317405840381979942e-03 9.554773569107055664e-03 5.188573617488145828e-03 2.920544333755970001e-02 1.901711337268352509e-02 2.445913292467594147e-02 3.221756219863891602e-02 1.694467663764953613e-02 3.035767376422882080e-02 1.918226853013038635e-02 1.388910971581935883e-02 1.282323058694601059e-02 3.873823210597038269e-02 4.430297017097473145e-02 5.237581674009561539e-03 5.432220920920372009e-02 1.185233471915125847e-03 1.747830212116241455e-02 2.760780975222587585e-02 5.395389627665281296e-03 2.767105400562286377e-02 3.381034731864929199e-02 3.568529337644577026e-02 2.655600570142269135e-02 3.276039659976959229e-02 2.645519934594631195e-02 3.731898218393325806e-02 2.986121736466884613e-02 1.728144660592079163e-02 1.127897016704082489e-02 5.213041976094245911e-02 7.184918969869613647e-02 8.195464313030242920e-02 4.848518595099449158e-02 3.682661335915327072e-04 5.208499729633331299e-02 4.391338676214218140e-02 3.288358077406883240e-02 1.392869371920824051e-02 3.993157297372817993e-02 2.125618234276771545e-02 6.272652652114629745e-03 2.374478988349437714e-02 1.681767217814922333e-02 5.544226989150047302e-02 3.086684644222259521e-02 4.137749224901199341e-02 5.077960900962352753e-03 2.944523654878139496e-02 4.520539194345474243e-02 9.440963715314865112e-02 4.364484176039695740e-02 1.932288706302642822e-02 3.499998152256011963e-02 2.594527788460254669e-03 2.439306490123271942e-02 8.267108350992202759e-03 1.596803776919841766e-02 2.018259651958942413e-02 2.430177293717861176e-02 3.952026739716529846e-02 3.126674517989158630e-02 2.091892249882221222e-02 6.953669246286153793e-03 1.008584909141063690e-02 9.069217368960380554e-03 2.847884409129619598e-02 1.851149462163448334e-02 4.559804499149322510e-02 3.041498176753520966e-02 2.305604051798582077e-03 1.664346456527709961e-02 4.762826859951019287e-02 7.894103182479739189e-04 2.612067200243473053e-02 4.930311068892478943e-02 4.204190627206116915e-04 4.493484273552894592e-02 3.145749866962432861e-02 4.911012947559356689e-03 2.063718065619468689e-02 7.089707534760236740e-03 1.276952028274536133e-02 4.468070343136787415e-02 3.659025533124804497e-04 1.625813916325569153e-02 2.066816948354244232e-02 4.306974634528160095e-02 6.711980677209794521e-04 2.172379568219184875e-02 4.042135551571846008e-02 3.398137865588068962e-03 1.966221607290208340e-04 1.987712644040584564e-02 3.970899153500795364e-03 1.924269832670688629e-02 2.532284520566463470e-02 3.613349050283432007e-02 5.020253360271453857e-02 1.984104141592979431e-02 1.905260048806667328e-02
