5.156672596931457520e-01 1.310162991285324097e-01 1.394751481711864471e-02 3.335768356919288635e-02 3.383231163024902344e-02 1.134970188140869141e-01 1.042819470167160034e-01 3.859410434961318970e-02 6.517211440950632095e-03 4.459564015269279480e-02 1.401480585336685181e-01 6.486610323190689087e-02 1.281259059906005859e-01 3.419896587729454041e-02 4.803188145160675049e-02 3.080940432846546173e-02 1.088761817663908005e-02 4.134491086006164551e-02 3.235256299376487732e-02 2.634487301111221313e-02 3.361997753381729126e-02 3.833767026662826538e-02 2.598878368735313416e-02 3.934880718588829041e-02 3.413384035229682922e-02 1.011018175631761551e-02 3.836468560621142387e-03 2.345580235123634338e-02 3.241895139217376709e-02 4.900479689240455627e-02 4.654506966471672058e-02 5.116309225559234619e-02 1.589228399097919464e-02 4.624719545245170593e-02 3.676885738968849182e-02 1.417825371026992798e-02 3.985356539487838745e-02 1.200954150408506393e-02 3.966871183365583420e-03 2.926097065210342407e-02 4.284630715847015381e-02 2.823607437312602997e-02 4.682618379592895508e-02 2.088003046810626984e-02 5.481288954615592957e-02 3.856470063328742981e-02 1.307887732982635498e-01 1.106001287698745728e-01 6.874383427202701569e-03 4.492839798331260681e-02 1.979936659336090088e-02 2.114363946020603180e-02 3.713755868375301361e-03 1.091345865279436111e-02 1.835237815976142883e-02 1.653404906392097473e-02 5.585593730211257935e-02 7.145131938159465790e-03 1.515879202634096146e-02 4.118324443697929382e-02 2.339985407888889313e-02 2.341147698462009430e-02 9.383922442793846130e-03 4.578001389745622873e-04 4.887226969003677368e-02 1.124705374240875244e-02 2.862391248345375061e-02 3.772213682532310486e-02 1.956193521618843079e-02 3.093790437560528517e-04 1.376691460609436035e-02 7.983184419572353363e-03 2.899724803864955902e-02 6.580744520761072636e-04 3.828245773911476135e-02 1.924038166180253029e-03 2.768963389098644257e-02 2.119480445981025696e-02 1.046750415116548538e-02 6.832523737102746964e-03 2.396299690008163452e-02 4.531594738364219666e-02 4.239556565880775452e-02 2.993658557534217834e-02 3.795437514781951904e-02 8.833659812808036804e-03 4.163772240281105042e-02 2.367437630891799927e-02 2.500903047621250153e-02 1.697279885411262512e-02 3.575642406940460205e-02 5.597111955285072327e-02 8.387007750570774078e-03 5.057462677359580994e-02 1.067192014306783676e-02 7.608928252011537552e-03 2.963725849986076355e-02 2.909721434116363525e-02 2.730025537312030792e-02 1.359789259731769562e-02 2.768461406230926514e-02 4.719183221459388733e-02 4.821462091058492661e-03 4.418150521814823151e-03 3.070594929158687592e-02 2.330307848751544952e-02 4.123979434370994568e-02 1.904303766787052155e-02 1.284070964902639389e-02 2.396676689386367798e-02 2.851975709199905396e-02 2.420213446021080017e-02 5.432315170764923096e-02 4.220127686858177185e-02 3.871306777000427246e-02 4.026484210044145584e-03
1.310162991285324097e-01 5.112375020980834961e-01 3.877697139978408813e-02 3.162308782339096069e-02 1.431361399590969086e-02 1.128336489200592041e-01 1.389710456132888794e-01 2.527334354817867279e-02 1.696678064763545990e-02 1.147514116019010544e-02 1.249532699584960938e-01 2.055065333843231201e-02 1.397420167922973633e-01 3.505776822566986084e-02 2.254754304885864258e-02 4.313285276293754578e-02 2.382167149335145950e-03 6.121049635112285614e-03 2.771904133260250092e-02 1.403493713587522507e-02 9.415369480848312378e-03 3.552040830254554749e-02 1.890248432755470276e-02 2.683049999177455902e-02 1.901882700622081757e-03 3.071032278239727020e-02 2.173362299799919128e-02 6.298472732305526733e-02 5.719507858157157898e-02 4.911142587661743164e-02 5.520445853471755981e-02 4.484995454549789429e-02 4.259382560849189758e-02 3.435870632529258728e-02 7.991491816937923431e-03 3.421454876661300659e-02 4.865434020757675171e-03 1.597318425774574280e-02 1.731213741004467010e-02 3.773272037506103516e-02 1.181163731962442398e-02 4.077183827757835388e-02 3.559303656220436096e-02 2.262371033430099487e-02 4.251788556575775146e-02 3.041618689894676208e-02 1.158717200160026550e-01 1.244177892804145813e-01 1.498290710151195526e-02 4.081650823354721069e-02 2.836092840880155563e-03 7.397371809929609299e-03 2.067479863762855530e-02 3.627759963274002075e-02 3.778748586773872375e-02 8.212868124246597290e-03 2.791305258870124817e-02 2.799166738986968994e-02 2.719181962311267853e-02 2.978760935366153717e-02 2.103968709707260132e-02 2.693716622889041901e-02 5.400328710675239563e-02 2.730452641844749451e-02 5.485371500253677368e-02 3.999521210789680481e-02 3.738588094711303711e-02 3.451652079820632935e-02 3.363262116909027100e-02 1.757504232227802277e-02 2.025930024683475494e-02 1.360817463137209415e-03 4.888189956545829773e-02 1.335198245942592621e-02 3.052716515958309174e-02 4.266470787115395069e-04 2.422399260103702545e-02 2.671608002856373787e-03 6.995846517384052277e-03 3.662030771374702454e-02 2.563867904245853424e-02 2.602783404290676117e-02 3.885036334395408630e-02 4.600294679403305054e-02 3.121908195316791534e-02 2.795827947556972504e-02 2.075641602277755737e-02 5.154568329453468323e-02 6.978916469961404800e-03 1.109968870878219604e-02 9.350786916911602020e-03 5.407034605741500854e-02 9.146646596491336823e-03 3.287900984287261963e-02 3.802490653470158577e-03 9.409530088305473328e-03 1.559010334312915802e-02 7.034278009086847305e-03 1.623409427702426910e-02 1.240934152156114578e-02 7.181238848716020584e-03 3.121703863143920898e-02 1.540417317301034927e-02 1.888738386332988739e-02 1.638568192720413208e-02 9.765546768903732300e-03 4.319881275296211243e-02 3.640376031398773193e-02 3.844963619485497475e-03 2.712141722440719604e-02 3.441285714507102966e-02 3.398140519857406616e-02 3.964998573064804077e-02 3.785349056124687195e-02 4.229003563523292542e-02 1.353486813604831696e-02
1.394751481711864471e-02 3.877697139978408813e-02 4.523101747035980225e-01 1.012322865426540375e-02 4.493511747568845749e-03 3.680567443370819092e-02 3.689702600240707397e-02 1.706200391054153442e-01 6.589305400848388672e-02 1.012024562805891037e-02 6.609733216464519501e-03 4.415614902973175049e-02 2.696495316922664642e-02 8.416710421442985535e-03 6.331190466880798340e-02 3.508895635604858398e-02 3.149451315402984619e-02 5.417170748114585876e-02 2.843303978443145752e-02 1.902318745851516724e-02 2.042954228818416595e-02 1.159818563610315323e-02 3.312707319855690002e-02 1.992534473538398743e-02 2.300935983657836914e-02 7.881944067776203156e-03 2.060937462374567986e-03 1.562596298754215240e-02 3.489824011921882629e-02 1.654015854001045227e-02 2.888745255768299103e-02 3.013252280652523041e-02 3.414475917816162109e-02 1.942964456975460052e-02 2.736259624361991882e-02 2.183898910880088806e-02 1.181895937770605087e-02 2.145294286310672760e-02 5.672441795468330383e-02 3.074841201305389404e-02 8.279901929199695587e-03 1.179080107249319553e-03 2.813518047332763672e-02 5.959259346127510071e-02 3.832761570811271667e-02 3.630502521991729736e-02 3.549629822373390198e-02 8.654530160129070282e-03 1.343820057809352875e-02 2.854618243873119354e-02 1.866964064538478851e-02 4.350698366761207581e-02 3.386889025568962097e-02 2.473646774888038635e-02 2.368165925145149231e-02 1.619782485067844391e-02 1.802074722945690155e-02 3.578709438443183899e-02 9.419372305274009705e-03 1.607964374125003815e-02 1.643340475857257843e-02 1.421770919114351273e-02 1.858458667993545532e-02 1.680625043809413910e-02 2.246129512786865234e-02 3.894093632698059082e-02 1.252474170178174973e-02 3.975806757807731628e-02 3.645918890833854675e-02 1.194495428353548050e-02 2.854751190170645714e-03 2.274775318801403046e-02 4.146138578653335571e-02 2.804691158235073090e-02 3.828696161508560181e-02 2.798505499958992004e-02 6.461063027381896973e-02 2.400760725140571594e-02 3.313311934471130371e-02 1.943585090339183807e-02 5.104940384626388550e-02 9.598150104284286499e-02 8.799190074205398560e-02 1.797576248645782471e-02 3.077998571097850800e-02 4.188907891511917114e-02 1.217869296669960022e-02 2.707299031317234039e-02 3.758838772773742676e-02 1.399132702499628067e-02 1.741913892328739166e-02 4.313904792070388794e-02 3.286810964345932007e-02 4.406743869185447693e-02 2.401984762400388718e-03 1.492316368967294693e-04 6.723725702613592148e-03 1.317906938493251801e-02 4.222702234983444214e-02 6.182926706969738007e-03 2.252573333680629730e-02 4.345754161477088928e-02 3.395862877368927002e-02 2.843322232365608215e-02 1.361388806253671646e-02 8.497042581439018250e-03 3.909507766366004944e-02 4.026754200458526611e-02 1.237269863486289978e-02 1.441991701722145081e-02 3.817637264728546143e-02 1.347810924053192139e-01 2.637539617717266083e-02 2.365723997354507446e-02 1.067508291453123093e-02 2.959813363850116730e-02
3.335768356919288635e-02 3.162308782339096069e-02 1.012322865426540375e-02 4.828661680221557617e-01 8.058643341064453125e-02 2.065952308475971222e-02 2.259635739028453827e-02 4.081320017576217651e-02 3.416041843593120575e-03 1.771754212677478790e-02 4.540622234344482422e-02 3.011749498546123505e-02 2.109491452574729919e-02 5.896535236388444901e-03 3.586297109723091125e-02 1.731195859611034393e-02 1.453663315623998642e-02 2.070793136954307556e-02 5.375226610340178013e-04 1.193119306117296219e-02 1.547005679458379745e-02 3.739019855856895447e-02 2.724139392375946045e-02 2.625020919367671013e-03 2.525348775088787079e-02 1.377748325467109680e-02 4.541179910302162170e-02 1.521869096904993057e-02 5.978703498840332031e-03 2.080482430756092072e-02 1.012708153575658798e-02 6.492834072560071945e-03 2.514083497226238251e-02 3.751278296113014221e-02 1.304444111883640289e-02 1.958481501787900925e-03 1.019843108952045441e-02 1.386117842048406601e-02 4.892678558826446533e-02 9.042719751596450806e-02 3.998754918575286865e-02 2.407343499362468719e-02 7.207769900560379028e-03 1.083678100258111954e-02 1.311197038739919662e-02 5.249627679586410522e-02 2.352025918662548065e-02 1.750115677714347839e-02 9.446170181035995483e-03 3.746695816516876221e-02 1.113827619701623917e-02 1.924187876284122467e-02 1.337208040058612823e-02 1.883390359580516815e-02 2.598602324724197388e-02 4.960517585277557373e-02 5.709608085453510284e-03 5.034729093313217163e-02 4.621799662709236145e-02 4.805461503565311432e-03 5.158982053399085999e-02 2.578671835362911224e-02 6.091968156397342682e-03 8.442083001136779785e-02 8.850895799696445465e-03 5.769513547420501709e-03 4.288531094789505005e-02 6.415363866835832596e-03 4.839668050408363342e-02 2.984353713691234589e-02 8.389221876859664917e-02 1.349017303436994553e-02 1.319378912448883057e-01 8.490247651934623718e-03 1.447322517633438110e-01 1.455514971166849136e-02 3.123133257031440735e-02 5.799675360321998596e-02 1.976887322962284088e-02 5.120707303285598755e-02 3.204035013914108276e-02 3.469912707805633545e-02 1.188846956938505173e-02 2.730520442128181458e-02 6.376703269779682159e-03 3.404113650321960449e-02 7.391989929601550102e-04 3.126694122329354286e-03 2.457350306212902069e-02 5.710960552096366882e-02 3.727210860233753920e-04 2.672541886568069458e-02 4.292509518563747406e-03 3.277991712093353271e-02 2.752225147560238838e-03 3.453405946493148804e-02 1.135975960642099380e-02 4.853274673223495483e-02 4.489057138562202454e-02 1.249572820961475372e-02 3.123332746326923370e-02 4.837471619248390198e-02 1.328704413026571274e-02 8.969881571829319000e-03 4.308370500802993774e-02 1.617260836064815521e-02 3.599413111805915833e-02 1.319327764213085175e-02 4.401435703039169312e-02 2.432278357446193695e-02 5.234100297093391418e-02 1.633961871266365051e-02 1.935711503028869629e-02 1.049123518168926239e-02 2.277211472392082214e-02 3.618167480453848839e-03
3.383231163024902344e-02 1.431361399590969086e-02 4.493511747568845749e-03 8.058643341064453125e-02 4.531579911708831787e-01 3.217333555221557617e-02 3.219739720225334167e-02 3.219183534383773804e-02 3.257354721426963806e-02 4.349861759692430496e-03 1.695597730576992035e-02 1.257446501404047012e-02 3.744259849190711975e-02 3.714773803949356079e-02 2.850331738591194153e-02 5.496226251125335693e-02 1.303439587354660034e-02 1.908162981271743774e-02 1.665623113512992859e-02 3.895134478807449341e-02 1.421999279409646988e-02 2.518320269882678986e-02 5.362622439861297607e-02 1.089531835168600082e-02 1.832822896540164948e-02 4.114099964499473572e-02 4.359429702162742615e-02 1.910193706862628460e-03 3.014975599944591522e-02 1.019815728068351746e-02 2.127165347337722778e-02 1.840739324688911438e-02 3.189948946237564087e-02 3.488187119364738464e-02 1.997462287545204163e-02 1.779437623918056488e-02 3.370831487700343132e-03 3.038886236026883125e-03 4.053839668631553650e-02 8.205132931470870972e-02 1.391759607940912247e-03 3.916539996862411499e-02 1.745979860424995422e-02 1.052265148609876633e-02 3.070134855806827545e-02 2.413114160299301147e-02 6.782177835702896118e-03 1.078371237963438034e-02 4.015064239501953125e-02 7.092775311321020126e-03 9.117417968809604645e-03 2.267596684396266937e-02 3.479610383510589600e-02 2.546400204300880432e-02 1.004978548735380173e-02 2.802178263664245605e-02 1.418471522629261017e-02 9.084068238735198975e-03 3.472343459725379944e-02 2.056183665990829468e-02 1.790401898324489594e-02 3.939686343073844910e-02 6.599043030291795731e-03 2.261477522552013397e-02 2.220988646149635315e-02 4.557080939412117004e-02 3.822353854775428772e-02 3.089924156665802002e-02 2.864955179393291473e-02 4.935469105839729309e-02 4.218108579516410828e-02 3.193986043334007263e-02 3.241019323468208313e-02 3.114406764507293701e-02 1.182530149817466736e-01 2.303692884743213654e-02 2.105039544403553009e-02 3.731089457869529724e-02 1.575089991092681885e-02 1.166322976350784302e-01 3.201078623533248901e-02 6.935630738735198975e-02 1.016301754862070084e-02 1.666614226996898651e-02 6.846153736114501953e-02 2.108691446483135223e-02 1.903878711163997650e-02 1.038939785212278366e-02 4.684387519955635071e-02 3.385790437459945679e-02 6.058508995920419693e-03 4.165844619274139404e-02 1.139107439666986465e-02 4.696409404277801514e-02 1.997139304876327515e-02 3.376122564077377319e-02 1.298368535935878754e-02 8.184001781046390533e-03 1.589030586183071136e-02 3.214359283447265625e-02 4.662031307816505432e-02 3.083379380404949188e-02 1.549029536545276642e-02 1.952355378307402134e-03 1.798909902572631836e-02 2.204953692853450775e-03 8.443302474915981293e-03 5.447017028927803040e-02 1.963686197996139526e-03 6.018206942826509476e-03 1.202658284455537796e-03 3.666110336780548096e-03 4.036707058548927307e-02 1.519565004855394363e-02 1.775743253529071808e-02 4.745341092348098755e-02
1.134970188140869141e-01 1.128336489200592041e-01 3.680567443370819092e-02 2.065952308475971222e-02 3.217333555221557617e-02 5.041579604148864746e-01 1.241631880402565002e-01 1.044352632015943527e-02 3.340123221278190613e-02 1.903046853840351105e-02 9.184122085571289062e-02 1.865893043577671051e-02 8.984369784593582153e-02 1.520779263228178024e-02 4.158179461956024170e-02 5.314952507615089417e-02 1.273265760391950607e-02 2.823805622756481171e-02 3.259059740230441093e-03 4.168300330638885498e-02 3.502964600920677185e-02 5.751508288085460663e-03 3.919045627117156982e-02 3.934870287775993347e-02 4.228959232568740845e-02 7.017231080681085587e-03 3.660010546445846558e-02 2.804166078567504883e-02 4.199547320604324341e-02 2.849557623267173767e-02 7.645588833838701248e-03 4.973053932189941406e-02 3.630859404802322388e-02 4.083358868956565857e-02 4.339756071567535400e-02 2.922532334923744202e-02 1.743608713150024414e-02 2.604715293273329735e-03 3.675458254292607307e-03 5.961256567388772964e-03 1.797384768724441528e-02 8.356707170605659485e-03 1.253197435289621353e-02 7.319693453609943390e-03 3.537875786423683167e-02 2.878298424184322357e-02 1.189742982387542725e-01 6.781260669231414795e-02 7.533454801887273788e-03 8.334140293300151825e-03 1.733869872987270355e-02 1.315096486359834671e-02 3.594835475087165833e-02 4.606027156114578247e-02 6.368261575698852539e-02 1.494707353413105011e-02 1.631828024983406067e-02 2.166595542803406715e-03 9.202362038195133209e-03 3.426913544535636902e-02 1.097754808142781258e-03 2.928841393440961838e-03 2.819928713142871857e-02 2.679808065295219421e-02 5.232158582657575607e-03 4.298330470919609070e-02 3.952011466026306152e-02 4.037886857986450195e-02 3.997286316007375717e-03 1.878577098250389099e-02 3.400329733267426491e-03 3.493488952517509460e-02 1.921494491398334503e-02 3.857621178030967712e-02 5.180194601416587830e-02 3.381236642599105835e-02 1.193990698084235191e-03 3.198056365363299847e-04 8.855669759213924408e-03 1.727401092648506165e-02 1.063590589910745621e-02 4.136189818382263184e-02 4.418008029460906982e-02 2.483187057077884674e-02 4.953172057867050171e-03 4.199689626693725586e-02 2.258471958339214325e-02 5.316809751093387604e-03 3.497018245980143547e-03 2.760255709290504456e-02 2.102474123239517212e-02 4.123026505112648010e-02 5.286480858922004700e-02 4.623877257108688354e-02 8.587686344981193542e-03 1.184880174696445465e-02 2.412784146144986153e-03 3.851143270730972290e-02 4.335102625191211700e-03 1.885030046105384827e-02 1.665104925632476807e-02 2.277251705527305603e-02 5.000958591699600220e-02 1.129283383488655090e-02 1.178775168955326080e-02 1.067801471799612045e-02 5.041118338704109192e-02 7.514132652431726456e-03 1.696649938821792603e-02 9.763781912624835968e-03 5.213876813650131226e-02 3.595982491970062256e-02 4.218766838312149048e-02 3.318916261196136475e-02 3.936759009957313538e-02 2.080393768846988678e-02
1.042819470167160034e-01 1.389710456132888794e-01 3.689702600240707397e-02 2.259635739028453827e-02 3.219739720225334167e-02 1.241631880402565002e-01 5.067653656005859375e-01 4.744515940546989441e-02 2.690211310982704163e-02 1.835067383944988251e-02 9.512039273977279663e-02 2.823689207434654236e-02 9.870387613773345947e-02 5.664816126227378845e-02 3.609302639961242676e-02 2.818229794502258301e-02 7.749639917165040970e-03 2.668724860996007919e-03 4.658450186252593994e-02 4.188625887036323547e-02 4.682953283190727234e-02 7.534082978963851929e-03 3.753641620278358459e-02 2.497133985161781311e-02 3.920889645814895630e-02 4.840388428419828415e-03 4.870268329977989197e-02 6.443110853433609009e-02 2.486566081643104553e-02 3.719370812177658081e-02 3.302263468503952026e-02 2.309392578899860382e-02 4.905386641621589661e-02 1.822451129555702209e-02 1.741595007479190826e-02 4.321683570742607117e-02 3.942399285733699799e-03 6.917859427630901337e-03 1.874396763741970062e-02 3.124818950891494751e-02 3.036572597920894623e-02 2.522974461317062378e-02 1.858611963689327240e-02 7.078416179865598679e-03 5.014597252011299133e-02 3.648905828595161438e-02 1.080800220370292664e-01 1.127354577183723450e-01 2.057304978370666504e-02 4.354117065668106079e-02 2.444581873714923859e-02 5.314214620739221573e-03 1.249236334115266800e-02 4.217441007494926453e-02 5.120573565363883972e-02 2.536039426922798157e-02 3.736874088644981384e-02 1.249389629811048508e-02 2.463461458683013916e-02 4.351058229804039001e-02 6.184956058859825134e-03 2.120012603700160980e-02 1.901798136532306671e-02 2.268651127815246582e-02 8.724895305931568146e-03 2.499738894402980804e-02 2.542808838188648224e-02 3.899151459336280823e-02 1.878802664577960968e-03 7.311970693990588188e-04 1.871820352971553802e-02 2.579302713274955750e-02 2.158706635236740112e-02 1.933109888341277838e-04 4.344031587243080139e-02 5.309947580099105835e-02 1.065255142748355865e-02 1.863247901201248169e-02 1.157980225980281830e-02 5.177702289074659348e-03 1.094806101173162460e-02 1.716876588761806488e-02 3.820625692605972290e-02 4.800661280751228333e-02 3.897187486290931702e-02 1.271946541965007782e-02 1.812975853681564331e-02 1.006214297376573086e-03 3.960233181715011597e-02 4.005701094865798950e-02 3.893046453595161438e-02 5.567533150315284729e-02 4.221700131893157959e-02 4.928893595933914185e-02 1.504674088209867477e-02 8.794809691607952118e-03 1.692891120910644531e-03 4.745061323046684265e-02 8.397728204727172852e-03 2.675073221325874329e-02 6.009035278111696243e-03 2.199013158679008484e-02 2.639017254114151001e-02 3.684142231941223145e-02 2.402780950069427490e-02 2.706268616020679474e-02 2.993940934538841248e-02 5.507983732968568802e-04 6.133849266916513443e-03 2.898945100605487823e-02 4.042742028832435608e-02 1.960924267768859863e-02 4.064264521002769470e-02 2.304572798311710358e-02 2.244818024337291718e-02 1.455890107899904251e-02
3.859410434961318970e-02 2.527334354817867279e-02 1.706200391054153442e-01 4.081320017576217651e-02 3.219183534383773804e-02 1.044352632015943527e-02 4.744515940546989441e-02 4.580365121364593506e-01 3.449291223660111427e-03 5.344915669411420822e-03 3.942107036709785461e-02 6.444890052080154419e-02 1.648584008216857910e-02 2.365585975348949432e-02 1.115370020270347595e-01 3.326569125056266785e-02 8.014597930014133453e-03 4.588138312101364136e-03 8.235566318035125732e-03 3.918566182255744934e-02 8.839563466608524323e-03 4.622643068432807922e-02 1.052622403949499130e-02 7.721760775893926620e-03 1.024995185434818268e-02 8.640357991680502892e-04 3.604492545127868652e-02 2.486273273825645447e-02 2.622617967426776886e-02 6.238198839128017426e-03 1.223478745669126511e-02 4.732253775000572205e-02 4.018561169505119324e-02 2.681370265781879425e-02 7.915166206657886505e-03 1.588672026991844177e-02 2.910858765244483948e-02 1.819498091936111450e-02 4.766831919550895691e-02 4.158956184983253479e-02 4.630221426486968994e-02 5.243882536888122559e-02 4.623392969369888306e-02 9.252225048840045929e-03 9.211298078298568726e-03 3.404209017753601074e-02 2.173253148794174194e-02 3.011388704180717468e-02 3.540112823247909546e-02 7.560189347714185715e-03 2.995336428284645081e-02 3.708026185631752014e-02 4.218159615993499756e-02 1.693535968661308289e-02 1.021340116858482361e-02 1.125330012291669846e-02 2.058681100606918335e-02 3.728671232238411903e-03 4.330248013138771057e-02 3.312097862362861633e-03 1.223947852849960327e-02 2.471189387142658234e-02 1.300854422152042389e-02 3.924036864191293716e-03 1.730356924235820770e-02 3.294718265533447266e-02 3.493139753118157387e-03 3.507407382130622864e-02 1.031370367854833603e-02 4.086035117506980896e-02 3.018265403807163239e-02 2.509526722133159637e-02 2.365401200950145721e-02 2.207329310476779938e-02 2.879165485501289368e-02 4.047529771924018860e-02 2.987533062696456909e-02 4.358329996466636658e-02 1.660247705876827240e-02 2.487272024154663086e-02 1.212764680385589600e-01 6.408807635307312012e-02 3.212855756282806396e-02 3.992667421698570251e-02 1.197511446662247181e-03 6.481086835265159607e-03 5.804144963622093201e-02 1.751062087714672089e-02 7.005074527114629745e-03 1.430433709174394608e-02 2.546824514865875244e-02 1.100391894578933716e-02 3.166775777935981750e-02 3.655195608735084534e-02 3.318234160542488098e-02 6.880963686853647232e-03 4.333173111081123352e-02 5.977107211947441101e-03 3.183624148368835449e-02 1.759462431073188782e-02 1.080999709665775299e-02 1.877411641180515289e-02 3.229853883385658264e-02 1.312476024031639099e-02 5.199291557073593140e-02 8.288393728435039520e-03 2.993572875857353210e-02 2.287595532834529877e-02 3.357455600053071976e-03 1.106707286089658737e-02 5.167444702237844467e-03 1.334529276937246323e-02 2.697950601577758789e-02 3.114555589854717255e-02 8.671193569898605347e-02 2.491764724254608154e-03
6.517211440950632095e-03 1.696678064763545990e-02 6.589305400848388672e-02 3.416041843593120575e-03 3.257354721426963806e-02 3.340123221278190613e-02 2.690211310982704163e-02 3.449291223660111427e-03 4.857124984264373779e-01 4.174232110381126404e-02 8.627309463918209076e-03 4.470657929778099060e-02 2.829561755061149597e-02 3.749237209558486938e-02 1.094516739249229431e-02 4.308868199586868286e-02 1.591287925839424133e-02 1.154858767986297607e-01 5.539245903491973877e-02 1.650496013462543488e-02 1.293081510812044144e-02 3.892702236771583557e-02 2.192818373441696167e-02 1.074468623846769333e-02 1.906958874315023422e-03 2.162590995430946350e-02 7.833189330995082855e-03 1.979087851941585541e-02 3.599108755588531494e-02 4.576011747121810913e-02 2.050892449915409088e-02 3.452592715620994568e-02 5.331386998295783997e-02 4.096178337931632996e-02 1.654840447008609772e-02 4.310950264334678650e-02 2.390599064528942108e-02 9.317383170127868652e-03 6.340490654110908508e-03 4.884051531553268433e-02 3.699530288577079773e-02 2.990541793406009674e-02 1.968910545110702515e-02 6.541298353113234043e-05 1.670342683792114258e-02 2.493917383253574371e-02 6.880322005599737167e-03 2.336956001818180084e-02 2.340688742697238922e-02 2.654553018510341644e-02 5.136352032423019409e-02 3.298889473080635071e-02 2.981618419289588928e-02 4.023352637887001038e-03 1.400453299283981323e-01 1.844828203320503235e-02 2.217796817421913147e-02 4.512152075767517090e-02 2.201745659112930298e-02 1.113833859562873840e-02 5.313068255782127380e-02 1.162662077695131302e-02 3.263204172253608704e-02 2.516951598227024078e-02 4.990861564874649048e-02 4.422860220074653625e-02 2.300397306680679321e-02 3.174810856580734253e-02 3.529165312647819519e-02 3.428548574447631836e-02 5.205078795552253723e-02 8.853661268949508667e-02 2.383003197610378265e-02 2.405466139316558838e-02 1.989399641752243042e-02 1.192483492195606232e-02 1.254016607999801636e-01 4.725101962685585022e-02 6.248205155134201050e-02 1.295691262930631638e-02 3.376621752977371216e-02 5.597949959337711334e-03 5.193182826042175293e-02 2.170068584382534027e-02 1.190847530961036682e-02 3.911939263343811035e-02 1.001645065844058990e-02 4.155473411083221436e-02 4.886737465858459473e-02 5.229660868644714355e-02 1.392477191984653473e-02 2.369822189211845398e-02 2.834713459014892578e-02 1.583043602295219898e-03 3.331326693296432495e-02 1.010104431770741940e-03 3.414581879042088985e-04 4.378002509474754333e-02 4.461283236742019653e-02 8.856284432113170624e-03 2.991204382851719856e-03 2.970388624817132950e-03 1.982050016522407532e-02 5.430626217275857925e-03 2.372132614254951477e-02 2.304753102362155914e-02 1.024889480322599411e-02 4.552718997001647949e-02 2.956539625301957130e-03 4.657921195030212402e-02 2.156653627753257751e-02 3.718368336558341980e-02 3.556512296199798584e-02 5.646029487252235413e-02 1.228786725550889969e-02 2.267498150467872620e-02
4.459564015269279480e-02 1.147514116019010544e-02 1.012024562805891037e-02 1.771754212677478790e-02 4.349861759692430496e-03 1.903046853840351105e-02 1.835067383944988251e-02 5.344915669411420822e-03 4.174232110381126404e-02 4.910790920257568359e-01 4.438046738505363464e-02 1.507652923464775085e-03 2.506107650697231293e-02 4.479246586561203003e-02 1.462812907993793488e-02 3.941791877150535583e-02 2.679010294377803802e-02 4.110314697027206421e-02 1.108405292034149170e-01 3.102356754243373871e-02 2.647294662892818451e-02 1.465502474457025528e-02 4.541587457060813904e-02 3.389734402298927307e-02 4.464015364646911621e-02 1.277206186205148697e-02 4.402844980359077454e-02 1.632659323513507843e-02 1.652751932851970196e-03 4.092827439308166504e-02 1.566606806591153145e-03 3.565758839249610901e-02 2.891527255997061729e-03 7.578266318887472153e-03 5.549523606896400452e-02 3.427910059690475464e-02 2.753374725580215454e-02 2.634225413203239441e-02 1.758012361824512482e-02 1.510949712246656418e-02 3.103194013237953186e-02 1.505454443395137787e-02 4.136998672038316727e-03 3.890109434723854065e-02 1.121324673295021057e-02 7.875892519950866699e-02 3.757143765687942505e-02 4.540994018316268921e-02 4.883224610239267349e-03 7.679613679647445679e-02 1.153580751270055771e-02 1.927719078958034515e-02 1.985316351056098938e-02 3.016431815922260284e-02 9.250935167074203491e-03 9.670925140380859375e-02 2.362416312098503113e-02 1.876822672784328461e-02 1.558632310479879379e-02 2.641210332512855530e-02 3.595124557614326477e-02 2.630190923810005188e-02 1.908472040668129921e-04 1.119800657033920288e-02 2.724071405827999115e-02 1.845298521220684052e-02 3.871038556098937988e-02 4.569886997342109680e-02 2.305787429213523865e-02 4.536717012524604797e-02 4.588221758604049683e-02 5.547034554183483124e-03 1.657733879983425140e-02 1.465640217065811157e-02 2.526743710041046143e-02 2.437227033078670502e-02 3.571514412760734558e-02 9.265609085559844971e-02 3.206935524940490723e-02 1.023570224642753601e-01 1.776504516601562500e-02 5.516062956303358078e-03 3.435354307293891907e-02 5.169886350631713867e-02 5.593077838420867920e-02 1.418553385883569717e-02 5.027913302183151245e-02 6.454700604081153870e-03 6.153764203190803528e-03 5.667856708168983459e-02 5.885008256882429123e-03 2.627979964017868042e-02 1.438830420374870300e-02 5.517940502613782883e-03 2.814886160194873810e-02 1.844141818583011627e-02 2.490992285311222076e-02 4.218695312738418579e-02 5.591950379312038422e-03 1.469991076737642288e-02 6.082516629248857498e-04 1.322268322110176086e-02 7.772656623274087906e-03 4.268934577703475952e-02 2.739010751247406006e-02 1.519640814512968063e-02 3.171499073505401611e-02 2.779740281403064728e-02 1.826858520507812500e-02 1.866677030920982361e-02 1.771103776991367340e-02 2.729592099785804749e-02 9.522089734673500061e-03 1.006265287287533283e-03 2.184853143990039825e-02 8.551314473152160645e-03
1.401480585336685181e-01 1.249532699584960938e-01 6.609733216464519501e-03 4.540622234344482422e-02 1.695597730576992035e-02 9.184122085571289062e-02 9.512039273977279663e-02 3.942107036709785461e-02 8.627309463918209076e-03 4.438046738505363464e-02 5.094414949417114258e-01 3.947274759411811829e-02 1.383641213178634644e-01 2.313573472201824188e-02 3.309471532702445984e-02 2.589048258960247040e-02 4.436446726322174072e-02 3.685375303030014038e-02 3.336281701922416687e-02 3.265636507421731949e-03 3.590535605326294899e-03 4.355380311608314514e-02 1.105182897299528122e-02 4.387433454394340515e-02 5.141065455973148346e-03 4.444685950875282288e-02 1.690292172133922577e-02 2.466072561219334602e-03 3.916454035788774490e-03 3.311909362673759460e-02 5.157448723912239075e-02 2.701902389526367188e-02 3.998724371194839478e-02 2.054465562105178833e-02 4.367476329207420349e-02 3.034766763448715210e-03 3.306302800774574280e-02 4.112854227423667908e-02 2.377435006201267242e-02 4.094767570495605469e-02 2.979030832648277283e-02 3.598044812679290771e-02 5.598191171884536743e-02 9.718000888824462891e-03 5.984022468328475952e-02 2.526217885315418243e-02 1.297693550586700439e-01 1.116613671183586121e-01 5.178409628570079803e-04 4.443033412098884583e-02 9.506436996161937714e-03 5.964593496173620224e-03 8.078076876699924469e-03 2.077656425535678864e-02 4.745795857161283493e-03 3.193174302577972412e-02 5.336045846343040466e-02 1.155278924852609634e-02 2.941535972058773041e-02 3.650444373488426208e-02 1.726330630481243134e-02 3.707342967391014099e-02 2.389393746852874756e-02 9.246704168617725372e-03 1.041865646839141846e-01 3.754172101616859436e-02 2.443646080791950226e-03 6.217158399522304535e-03 3.118001855909824371e-02 9.100595489144325256e-03 2.788810618221759796e-02 6.262246519327163696e-03 5.287780985236167908e-02 1.153214741498231888e-02 1.431849971413612366e-02 5.111065693199634552e-03 5.079331807792186737e-03 2.503061108291149139e-02 2.935560047626495361e-02 1.043111784383654594e-03 6.120373029261827469e-03 1.953381113708019257e-02 3.520416095852851868e-02 4.837627988308668137e-03 3.567801788449287415e-02 3.524808213114738464e-02 9.290182963013648987e-03 5.446437373757362366e-02 1.402009837329387665e-02 8.948515169322490692e-03 5.426902323961257935e-02 1.845539361238479614e-02 2.785237156786024570e-04 2.457729354500770569e-02 3.345831483602523804e-02 1.656316965818405151e-02 2.537164278328418732e-02 2.673608623445034027e-02 2.540974505245685577e-02 3.672059625387191772e-02 1.407557539641857147e-02 1.430005952715873718e-02 1.751420274376869202e-02 1.553521770983934402e-02 1.222021598368883133e-02 2.117061987519264221e-02 2.586122602224349976e-02 3.054994344711303711e-02 2.322043851017951965e-02 2.988048084080219269e-02 2.916158922016620636e-02 2.955928444862365723e-03 2.866929024457931519e-02 4.573407396674156189e-02 5.014802888035774231e-02 9.107070043683052063e-03
6.486610323190689087e-02 2.055065333843231201e-02 4.415614902973175049e-02 3.011749498546123505e-02 1.257446501404047012e-02 1.865893043577671051e-02 2.823689207434654236e-02 6.444890052080154419e-02 4.470657929778099060e-02 1.507652923464775085e-03 3.947274759411811829e-02 4.800882041454315186e-01 1.636966131627559662e-02 1.838848739862442017e-01 2.378403022885322571e-02 4.736118763685226440e-02 4.688815400004386902e-02 2.190692164003849030e-02 4.552952013909816742e-03 4.484855383634567261e-02 6.643676664680242538e-03 2.156280539929866791e-02 2.773458138108253479e-02 2.629211358726024628e-02 4.147919639945030212e-02 7.422429043799638748e-03 3.872407972812652588e-02 1.231338176876306534e-02 5.513603240251541138e-02 6.321249157190322876e-02 2.134568616747856140e-02 3.978717699646949768e-02 7.762805558741092682e-03 2.440406009554862976e-02 2.439128933474421501e-03 1.389272883534431458e-02 2.939068153500556946e-02 3.711728751659393311e-02 3.785923868417739868e-02 3.965780138969421387e-02 2.081492356956005096e-02 4.089999571442604065e-02 5.071394890546798706e-02 1.476169750094413757e-02 3.573805326595902443e-03 4.540020227432250977e-02 5.516989156603813171e-02 1.204209215939044952e-02 3.073932603001594543e-02 1.782761141657829285e-02 4.061204381287097931e-03 1.230162288993597031e-02 5.465322360396385193e-02 2.542659826576709747e-02 6.103359907865524292e-02 2.350268419831991196e-03 8.976708352565765381e-02 2.107777819037437439e-02 1.221109088510274887e-02 1.744485273957252502e-02 8.137747645378112793e-03 2.996607497334480286e-02 8.199770934879779816e-03 5.865225940942764282e-02 4.931464418768882751e-02 2.704235166311264038e-02 6.761976517736911774e-03 1.616564579308032990e-02 3.124943934381008148e-03 8.600660599768161774e-03 3.090513870120048523e-02 4.239208623766899109e-02 4.032377526164054871e-02 1.756937429308891296e-02 1.679899636656045914e-03 4.114988446235656738e-02 1.058027031831443310e-03 2.265158109366893768e-03 3.601874411106109619e-02 1.368247438222169876e-03 7.553356699645519257e-03 3.928307816386222839e-02 2.258493378758430481e-02 1.290421746671199799e-02 1.794957183301448822e-02 1.680544205009937286e-02 1.538056822028011084e-04 2.617216110229492188e-02 8.508035540580749512e-02 6.540600955486297607e-02 5.729406699538230896e-02 3.683609515428543091e-02 1.197470934130251408e-03 2.061233483254909515e-02 1.594968140125274658e-02 1.567848771810531616e-02 1.107194740325212479e-02 2.521063201129436493e-03 5.346006248146295547e-03 2.633282542228698730e-02 4.740930721163749695e-02 2.994571812450885773e-02 5.162168666720390320e-02 2.467704378068447113e-02 4.427340999245643616e-02 4.581968858838081360e-02 3.700048476457595825e-02 2.175117842853069305e-02 3.819338232278823853e-02 1.057541277259588242e-02 1.857525482773780823e-02 5.188979580998420715e-02 5.341801419854164124e-02 4.223090037703514099e-02 6.932987272739410400e-02 7.959901355206966400e-03
1.281259059906005859e-01 1.397420167922973633e-01 2.696495316922664642e-02 2.109491452574729919e-02 3.744259849190711975e-02 8.984369784593582153e-02 9.870387613773345947e-02 1.648584008216857910e-02 2.829561755061149597e-02 2.506107650697231293e-02 1.383641213178634644e-01 1.636966131627559662e-02 5.043507814407348633e-01 2.785287052392959595e-02 1.391587033867835999e-02 4.176192358136177063e-02 3.788023954257369041e-03 2.633547410368919373e-02 2.202264266088604927e-03 3.960558399558067322e-02 1.336771808564662933e-02 4.150132462382316589e-02 2.635627612471580505e-02 2.467963285744190216e-02 4.115304350852966309e-02 2.862447500228881836e-02 3.288798965513706207e-03 3.155659511685371399e-02 3.034473396837711334e-02 3.934220876544713974e-03 1.729764603078365326e-02 2.035327441990375519e-02 4.435645882040262222e-03 2.931370027363300323e-02 4.671230167150497437e-02 5.916999652981758118e-04 3.432641178369522095e-02 9.392969310283660889e-03 2.527386136353015900e-02 4.087875038385391235e-02 4.657897632569074631e-03 4.332041367888450623e-02 2.064038068056106567e-02 6.672112271189689636e-03 1.678700186312198639e-02 3.823306038975715637e-02 1.090710535645484924e-01 1.232760101556777954e-01 9.378723800182342529e-03 1.662966050207614899e-02 5.247414577752351761e-03 2.798841334879398346e-02 8.799892850220203400e-03 9.502717875875532627e-04 1.762723736464977264e-02 6.477924762293696404e-04 2.241547405719757080e-02 3.110803849995136261e-02 1.582958735525608063e-02 3.823738545179367065e-02 4.118503257632255554e-02 3.033661097288131714e-02 2.950044721364974976e-02 5.800012499094009399e-03 8.374509215354919434e-02 8.765310794115066528e-02 1.396514195948839188e-02 3.945013880729675293e-02 5.049275979399681091e-02 4.432572796940803528e-02 4.020395502448081970e-02 7.907401770353317261e-03 4.301547631621360779e-02 4.587049409747123718e-02 5.305313970893621445e-03 1.291660498827695847e-02 4.942328482866287231e-02 3.482594341039657593e-02 1.567927934229373932e-02 3.008932806551456451e-02 1.094857603311538696e-02 5.373029969632625580e-03 7.781690452247858047e-03 7.606523111462593079e-03 1.400116737931966782e-02 6.405711639672517776e-03 1.238520629703998566e-02 5.516427010297775269e-02 9.479459375143051147e-03 3.564554965123534203e-03 2.725190483033657074e-02 3.859792649745941162e-02 4.009107500314712524e-02 2.540226280689239502e-02 5.139373615384101868e-02 1.100173592567443848e-02 5.453776940703392029e-02 1.669373922049999237e-02 1.898909453302621841e-03 1.273031346499919891e-02 9.790239855647087097e-04 3.491398319602012634e-02 2.086793072521686554e-02 3.584067896008491516e-02 1.749852858483791351e-02 2.943393960595130920e-02 3.086265176534652710e-02 4.463546723127365112e-02 5.676709581166505814e-03 5.117437615990638733e-02 1.807382516562938690e-02 3.991671651601791382e-02 4.989437758922576904e-02 3.189122676849365234e-02 9.275710210204124451e-03 4.333055764436721802e-02
