5.115241408348083496e-01 5.291234701871871948e-02 3.402879461646080017e-02 4.619581997394561768e-02 4.165460169315338135e-02 1.691807359457015991e-01 9.854204952716827393e-02 9.459893219172954559e-03 3.363878466188907623e-03 1.965842209756374359e-02 1.684417277574539185e-01 1.304916944354772568e-02 6.615304946899414062e-02 4.485723562538623810e-03 1.100071426481008530e-02 1.051225699484348297e-02 4.117005690932273865e-02 1.808735541999340057e-02 1.786610484123229980e-02 3.670303558465093374e-04 3.734241472557187080e-03 1.165709551423788071e-02 2.193881198763847351e-02 4.059612005949020386e-02 8.433589711785316467e-03 7.247753092087805271e-04 4.505582526326179504e-02 1.707665040157735348e-03 3.277722373604774475e-02 8.528015576303005219e-03 3.938683867454528809e-02 2.849484980106353760e-02 2.687660418450832367e-02 1.240051165223121643e-02 3.374342992901802063e-02 7.597832474857568741e-03 3.659878671169281006e-02 1.544064283370971680e-02 1.555078383535146713e-02 2.965680137276649475e-02 1.014594268053770065e-02 3.181530861184000969e-03 4.880888015031814575e-02 5.791276693344116211e-02 1.048106607049703598e-02 5.670316517353057861e-02 1.436643451452255249e-01 4.902332276105880737e-02 2.199784852564334869e-02 2.023084275424480438e-02 1.240734755992889404e-02 1.550439931452274323e-02 3.678680583834648132e-02 2.382578141987323761e-02 1.954205567017197609e-03 2.637845464050769806e-02 2.670411765575408936e-02 2.757395058870315552e-02 1.483319327235221863e-02 5.700547620654106140e-02 7.894326932728290558e-03 3.654556348919868469e-02 2.616483904421329498e-02 6.933357566595077515e-03 8.069984614849090576e-02 1.628381572663784027e-02 4.854226484894752502e-02 7.776801940053701401e-03 2.811262384057044983e-02 8.591571822762489319e-03 3.509245440363883972e-02 1.371390558779239655e-02 3.153578191995620728e-02 1.072427630424499512e-02 4.145871475338935852e-02 3.355461871251463890e-03 4.796903207898139954e-02 1.040165219455957413e-02 2.968719042837619781e-02 4.353331774473190308e-02 4.280634596943855286e-02 3.652797639369964600e-02 3.525055944919586182e-02 2.790804207324981689e-02 4.640299454331398010e-02 4.495980963110923767e-02 4.659726843237876892e-02 4.604553058743476868e-02 2.098827064037322998e-02 4.438335075974464417e-03 1.105504781007766724e-01 1.357522886246442795e-02 4.251606762409210205e-02 4.804166778922080994e-02 1.732306554913520813e-02 2.774674259126186371e-02 8.544147014617919922e-03 3.270866815000772476e-03 2.038426324725151062e-02 3.980353102087974548e-02 2.213469147682189941e-02 2.296837978065013885e-02 7.692561019212007523e-03 1.098036998882889748e-03 2.734685130417346954e-02 3.975313529372215271e-02 3.549367934465408325e-02 2.562758512794971466e-03 3.858739137649536133e-02 2.260585501790046692e-02 3.949511796236038208e-03 1.612326130270957947e-03 2.725382149219512939e-02 4.377479851245880127e-02 7.627047598361968994e-03 6.777578499168157578e-03
5.291234701871871948e-02 5.097712278366088867e-01 3.327153995633125305e-02 4.364528134465217590e-02 7.220449391752481461e-03 6.605477631092071533e-02 1.980616003274917603e-01 1.101274695247411728e-02 5.075371009297668934e-04 3.581065312027931213e-02 7.715635001659393311e-02 4.616998508572578430e-02 2.177854031324386597e-01 5.492870695888996124e-03 3.769025951623916626e-02 1.800921186804771423e-02 3.092609345912933350e-02 4.685043357312679291e-03 2.840183442458510399e-03 2.278942381963133812e-03 9.025948122143745422e-03 3.266175091266632080e-02 1.199014764279127121e-02 3.309022262692451477e-02 6.990499328821897507e-03 7.388589903712272644e-03 3.734983876347541809e-02 9.001351892948150635e-03 1.797603629529476166e-02 2.503295987844467163e-02 4.515418782830238342e-03 2.660422772169113159e-02 3.754293173551559448e-02 1.332957856357097626e-02 3.756482154130935669e-02 5.200091283768415451e-03 3.440199792385101318e-02 2.205019071698188782e-02 1.077851280570030212e-02 2.780663222074508667e-02 2.315998822450637817e-02 2.617414109408855438e-02 1.660387217998504639e-02 1.072696875780820847e-02 4.314640536904335022e-02 1.463968772441148758e-03 1.079870834946632385e-01 1.843018680810928345e-01 3.195888921618461609e-02 4.737190529704093933e-02 3.521614149212837219e-02 6.232260260730981827e-03 2.366423420608043671e-02 1.537712663412094116e-02 3.387468308210372925e-02 3.200046950951218605e-03 2.975441329181194305e-02 3.188501670956611633e-02 1.894414424896240234e-02 1.148013863712549210e-03 1.582496799528598785e-02 1.821741275489330292e-02 1.885499432682991028e-02 3.615006804466247559e-02 7.437780499458312988e-03 3.881981596350669861e-02 2.130809240043163300e-02 7.319113705307245255e-03 1.709803752601146698e-02 2.586676180362701416e-02 4.863233864307403564e-02 2.978814579546451569e-02 5.162404850125312805e-03 4.466605186462402344e-02 5.732271354645490646e-03 3.870489448308944702e-02 2.276573330163955688e-02 4.802941158413887024e-02 2.738148532807826996e-02 1.805066317319869995e-02 8.252954110503196716e-03 4.175497218966484070e-02 4.070137068629264832e-02 4.086839035153388977e-02 7.266713771969079971e-03 2.498937584459781647e-02 1.469456939958035946e-03 3.600253909826278687e-02 1.738073676824569702e-02 7.437304593622684479e-03 3.567450121045112610e-02 2.223801612854003906e-02 1.191412433981895447e-01 1.250516809523105621e-02 4.976134002208709717e-02 6.492521613836288452e-02 1.224622502923011780e-02 1.526476163417100906e-02 2.173469774425029755e-02 2.263067290186882019e-02 3.087108582258224487e-02 2.692273631691932678e-02 3.845594450831413269e-02 3.273482993245124817e-02 1.090510003268718719e-02 1.133166626095771790e-02 3.689482808113098145e-03 2.895271405577659607e-02 3.931645303964614868e-02 1.372304651886224747e-02 3.499728813767433167e-02 3.066213428974151611e-02 4.372357204556465149e-02 3.309544920921325684e-02 2.472206205129623413e-02 3.042491152882575989e-02
3.402879461646080017e-02 3.327153995633125305e-02 4.571317136287689209e-01 3.699257969856262207e-02 5.949082784354686737e-03 3.262130916118621826e-02 1.926811598241329193e-02 1.027554720640182495e-01 3.079458326101303101e-02 1.441007759422063828e-02 3.720828145742416382e-02 1.067035831511020660e-02 3.452689200639724731e-02 3.673287481069564819e-02 7.886412786319851875e-04 1.202879566699266434e-02 3.130974248051643372e-03 6.693589966744184494e-03 7.033585011959075928e-02 6.055063381791114807e-02 3.005651198327541351e-02 1.563467271625995636e-02 1.493822038173675537e-02 7.639806717634201050e-03 3.902857005596160889e-02 2.849515527486801147e-02 1.084857722162269056e-04 1.593544892966747284e-02 3.048665076494216919e-02 2.222361415624618530e-02 2.706077508628368378e-02 1.332914642989635468e-02 4.603220894932746887e-02 6.373146176338195801e-02 2.583594620227813721e-02 1.577452203491702676e-04 2.553394250571727753e-02 2.927243337035179138e-02 5.056255497038364410e-03 4.572492558509111404e-03 8.713234215974807739e-03 1.051814109086990356e-02 6.772840395569801331e-03 5.638885498046875000e-02 2.617214992642402649e-02 1.450008712708950043e-02 3.656530752778053284e-02 7.849594578146934509e-03 2.653973177075386047e-02 6.976967211812734604e-03 1.678894273936748505e-02 7.588545791804790497e-03 6.460781209170818329e-03 4.296667501330375671e-02 1.358016580343246460e-02 1.136809121817350388e-02 3.745212778449058533e-02 1.929648220539093018e-02 6.333453953266143799e-02 2.614757278934121132e-03 8.082074113190174103e-03 3.439695760607719421e-02 6.869226694107055664e-02 2.573626674711704254e-02 6.647757440805435181e-02 5.932854488492012024e-02 3.427324816584587097e-02 2.399220317602157593e-02 2.099158242344856262e-02 4.181164875626564026e-02 2.145745791494846344e-02 4.989291355013847351e-02 3.869079425930976868e-02 4.010362923145294189e-02 2.924637496471405029e-02 3.028661571443080902e-02 1.074467319995164871e-02 4.048622772097587585e-02 5.468794330954551697e-02 5.561600904911756516e-03 9.400524199008941650e-02 6.954312324523925781e-02 3.327273577451705933e-02 2.942345291376113892e-02 3.405112540349364281e-03 2.245766296982765198e-02 5.938012152910232544e-02 1.301695313304662704e-02 5.099089071154594421e-02 1.606523059308528900e-02 2.660058438777923584e-02 1.673291996121406555e-02 6.247978657484054565e-03 5.289177410304546356e-03 3.176682814955711365e-02 2.369382232427597046e-02 3.113414347171783447e-02 4.665848612785339355e-02 5.594198126345872879e-03 3.320815414190292358e-02 3.850419819355010986e-02 8.387178182601928711e-03 9.909657761454582214e-03 6.798113696277141571e-03 2.238979190587997437e-02 3.721269965171813965e-02 3.573686408344656229e-04 3.186725825071334839e-02 5.352654028683900833e-03 6.204828247427940369e-02 1.460783369839191437e-02 2.091393247246742249e-02 1.259192172437906265e-02 1.083882525563240051e-02 1.869001239538192749e-02 4.057286307215690613e-03
4.619581997394561768e-02 4.364528134465217590e-02 3.699257969856262207e-02 5.107740759849548340e-01 1.942728757858276367e-01 7.771431002765893936e-03 9.353769011795520782e-03 4.235998913645744324e-02 6.382901687175035477e-03 1.326427701860666275e-02 4.384190216660499573e-02 2.382130920886993408e-02 7.608045707456767559e-04 4.238673299551010132e-02 1.979875005781650543e-02 2.961773891001939774e-03 1.809251494705677032e-02 1.379897352308034897e-02 3.971578553318977356e-02 1.222489029169082642e-02 3.724460676312446594e-02 4.871349316090345383e-03 1.353069208562374115e-02 2.092834934592247009e-02 3.496645763516426086e-02 3.050197847187519073e-02 2.780088782310485840e-02 5.384166166186332703e-02 2.936868742108345032e-02 3.393222391605377197e-02 7.693097461014986038e-03 3.160046413540840149e-02 3.457776084542274475e-02 8.272284641861915588e-03 4.012597352266311646e-02 3.364200145006179810e-02 2.237720973789691925e-02 5.200486630201339722e-02 7.511367648839950562e-02 1.258767694234848022e-01 2.935654483735561371e-02 4.089526459574699402e-02 2.652331255376338959e-02 4.696942120790481567e-02 5.727406591176986694e-03 4.270286485552787781e-02 4.056482762098312378e-02 1.633504033088684082e-02 1.690758951008319855e-02 2.288767881691455841e-02 4.870530217885971069e-02 3.207405284047126770e-02 3.862764686346054077e-02 2.145132981240749359e-02 2.870903350412845612e-02 4.682004079222679138e-02 4.378304257988929749e-02 5.267117917537689209e-02 1.666324585676193237e-02 3.108202293515205383e-02 1.173238363116979599e-02 9.729053825139999390e-03 9.399725822731852531e-04 9.078713133931159973e-03 3.318332135677337646e-02 3.959920257329940796e-02 1.599770784378051758e-02 4.013142734766006470e-02 1.486469712108373642e-02 1.177727151662111282e-02 1.892018318176269531e-02 5.377865955233573914e-02 1.508809775114059448e-01 2.494813501834869385e-02 1.066985800862312317e-01 1.005155965685844421e-02 5.157431215047836304e-02 2.110985340550541878e-03 4.014855995774269104e-02 2.416692115366458893e-02 2.413759211776778102e-04 2.594330115243792534e-03 3.045738488435745239e-02 1.521187741309404373e-02 2.499068900942802429e-02 3.885356709361076355e-02 3.611095622181892395e-02 3.654801100492477417e-02 1.984818093478679657e-02 6.372262537479400635e-02 3.082540584728121758e-03 2.876706235110759735e-02 3.455871716141700745e-02 1.982164382934570312e-02 3.421763330698013306e-02 1.105574425309896469e-02 4.374660179018974304e-02 3.329860791563987732e-02 2.207234501838684082e-02 9.384963661432266235e-03 4.979068785905838013e-02 1.490021310746669769e-02 8.978881873190402985e-03 2.906810119748115540e-02 1.065920293331146240e-02 2.949869073927402496e-02 6.949467118829488754e-03 4.347010329365730286e-02 7.020670920610427856e-03 2.061831578612327576e-02 4.221777617931365967e-02 1.916790008544921875e-02 1.878291927278041840e-02 6.776560097932815552e-03 2.027310803532600403e-02 6.355987861752510071e-03
4.165460169315338135e-02 7.220449391752481461e-03 5.949082784354686737e-03 1.942728757858276367e-01 5.036056637763977051e-01 2.485174313187599182e-02 4.866722598671913147e-02 2.847010083496570587e-02 8.371195755898952484e-03 1.099509745836257935e-02 3.330544009804725647e-02 5.152572318911552429e-02 1.781120896339416504e-02 4.933093860745429993e-02 4.793203622102737427e-02 5.440761335194110870e-03 2.520949020981788635e-02 2.262827754020690918e-02 3.828389570116996765e-02 2.516812086105346680e-02 4.827225953340530396e-02 1.777386479079723358e-02 1.151693519204854965e-02 2.962712943553924561e-02 4.574344307184219360e-02 3.660971671342849731e-02 2.926231361925601959e-02 2.964973449707031250e-02 7.675200700759887695e-03 1.577172614634037018e-02 3.148264437913894653e-02 2.269330061972141266e-02 4.248121008276939392e-02 4.222558066248893738e-02 4.789610579609870911e-02 4.446501284837722778e-02 2.246207091957330704e-03 3.955010697245597839e-02 8.655914664268493652e-02 1.275205761194229126e-01 3.629374131560325623e-02 1.432576496154069901e-02 2.842479571700096130e-02 4.239872470498085022e-02 2.691497793421149254e-03 3.594538941979408264e-02 2.689554356038570404e-02 2.584739215672016144e-02 3.105983696877956390e-02 4.531939048320055008e-03 3.579264134168624878e-02 1.406413223594427109e-02 3.274577483534812927e-02 2.353172190487384796e-02 8.595912717282772064e-03 3.775040805339813232e-02 3.487429395318031311e-02 4.230561107397079468e-02 9.440761059522628784e-03 2.758547849953174591e-02 2.533248625695705414e-03 2.068787813186645508e-02 3.083847695961594582e-03 1.344797387719154358e-02 1.917459443211555481e-02 3.666773438453674316e-02 3.283504396677017212e-02 4.190130531787872314e-02 2.581200562417507172e-02 1.380290742963552475e-02 4.638224840164184570e-03 5.401001870632171631e-02 1.202740594744682312e-01 3.244240954518318176e-02 9.750647842884063721e-02 2.464893832802772522e-02 3.479474410414695740e-02 4.441298369783908129e-04 7.659892085939645767e-03 2.135881781578063965e-02 3.686305135488510132e-02 1.443258719518780708e-03 2.717463485896587372e-02 3.280169144272804260e-02 2.967671304941177368e-02 4.399719461798667908e-02 2.751256339251995087e-02 3.806029632687568665e-02 1.850964874029159546e-02 4.205461964011192322e-02 1.232681330293416977e-02 1.457808911800384521e-02 4.346827045083045959e-02 3.202429786324501038e-02 3.549252822995185852e-02 1.261039450764656067e-02 3.987984731793403625e-02 5.249610915780067444e-02 9.801578707993030548e-03 4.357289895415306091e-02 4.624401405453681946e-02 1.313097681850194931e-02 1.124647213146090508e-03 1.575501076877117157e-02 3.891175379976630211e-03 2.974300459027290344e-02 1.031914446502923965e-02 3.469018638134002686e-02 1.290901843458414078e-02 1.954903127625584602e-03 3.303022310137748718e-02 3.455498069524765015e-02 6.557282060384750366e-03 3.520998405292630196e-03 1.283442787826061249e-02 3.494861349463462830e-02
1.691807359457015991e-01 6.605477631092071533e-02 3.262130916118621826e-02 7.771431002765893936e-03 2.485174313187599182e-02 5.092977285385131836e-01 1.452154368162155151e-01 7.017756346613168716e-03 4.405056312680244446e-02 3.419458121061325073e-02 1.189071983098983765e-01 2.921014837920665741e-02 5.816731229424476624e-02 5.646400526165962219e-02 3.196271136403083801e-02 5.377446766942739487e-03 4.159490112215280533e-03 4.246477782726287842e-02 2.707303501665592194e-02 4.667771048843860626e-03 4.070080816745758057e-02 7.450823904946446419e-04 2.134596742689609528e-02 4.038648307323455811e-02 4.610612988471984863e-02 7.753515150398015976e-03 2.758068032562732697e-03 2.245509624481201172e-02 2.808849327266216278e-02 2.872984297573566437e-02 5.032006651163101196e-02 2.817577309906482697e-02 9.779929314390756190e-06 2.461964264512062073e-02 1.155972573906183243e-02 7.237529382109642029e-03 1.263845898211002350e-02 7.060381583869457245e-03 1.752511970698833466e-02 7.980028167366981506e-03 9.797201491892337799e-04 2.513974532485008240e-02 1.583175966516137123e-03 3.284699469804763794e-02 1.450145267881453037e-03 3.947963565587997437e-02 1.616952419281005859e-01 5.593125894665718079e-02 9.641070850193500519e-03 8.374797762371599674e-04 4.754514619708061218e-02 5.310929194092750549e-02 2.409164421260356903e-02 3.010468930006027222e-02 1.316293980926275253e-02 1.377977617084980011e-02 4.163663368672132492e-03 4.983447864651679993e-02 5.975835770368576050e-02 2.599662914872169495e-02 4.362151771783828735e-02 2.998173236846923828e-03 2.130097895860671997e-02 2.081275358796119690e-02 3.590725734829902649e-02 2.303453907370567322e-02 4.295018315315246582e-02 2.440109848976135254e-02 2.033459022641181946e-02 2.111821807920932770e-02 3.120795451104640961e-02 3.626098623499274254e-03 2.178091742098331451e-02 1.042843423783779144e-02 3.573515266180038452e-02 1.613794267177581787e-02 5.348123237490653992e-02 1.681812666356563568e-02 1.132474001497030258e-02 1.080922875553369522e-02 3.556316345930099487e-02 3.214089572429656982e-02 3.403791040182113647e-02 1.806381344795227051e-02 3.833843767642974854e-02 3.284959495067596436e-02 2.172121219336986542e-02 1.845353655517101288e-02 1.788849011063575745e-02 4.891186021268367767e-03 8.387702703475952148e-02 3.340237960219383240e-02 3.486970812082290649e-02 3.246820345520973206e-02 2.077074348926544189e-02 2.075055986642837524e-02 3.140753880143165588e-02 1.468331925570964813e-02 9.772769175469875336e-03 8.880460634827613831e-03 4.275216534733772278e-02 6.541572511196136475e-03 1.639011874794960022e-02 8.348120376467704773e-03 3.366284072399139404e-03 3.087605908513069153e-02 1.585369114764034748e-03 5.430000601336359978e-04 4.355274885892868042e-02 8.094740100204944611e-03 6.005490198731422424e-03 2.149264328181743622e-03 2.224430255591869354e-02 1.642153132706880569e-03 2.126451767981052399e-02 1.231790892779827118e-02
9.854204952716827393e-02 1.980616003274917603e-01 1.926811598241329193e-02 9.353769011795520782e-03 4.866722598671913147e-02 1.452154368162155151e-01 5.224135518074035645e-01 4.442412033677101135e-02 2.093461900949478149e-02 1.389267761260271072e-02 8.359751105308532715e-02 4.077095165848731995e-02 1.192015260457992554e-01 5.375833716243505478e-03 3.237943351268768311e-02 4.702938348054885864e-02 4.593641683459281921e-02 2.290172502398490906e-02 3.755622310563921928e-04 3.070535883307456970e-02 4.500617738813161850e-03 2.576725929975509644e-02 1.044730003923177719e-02 3.602395206689834595e-02 1.379922311753034592e-02 4.773951694369316101e-02 3.612296655774116516e-02 7.239843253046274185e-04 3.897395357489585876e-02 4.512260481715202332e-02 1.924921525642275810e-03 1.895862072706222534e-02 2.151826024055480957e-02 1.689549908041954041e-02 7.829451351426541805e-04 7.524680113419890404e-04 1.111436914652585983e-02 3.818993270397186279e-02 3.124709799885749817e-02 3.771396353840827942e-02 1.063284277915954590e-02 1.258295215666294098e-02 5.011973902583122253e-02 2.826832979917526245e-02 1.669279672205448151e-02 3.833089396357536316e-02 1.507391035556793213e-01 1.704493910074234009e-01 6.046223570592701435e-04 7.912166416645050049e-03 2.125565335154533386e-02 1.541873626410961151e-02 4.297298938035964966e-02 1.845877803862094879e-02 3.215644508600234985e-02 2.990453271195292473e-03 4.784283041954040527e-02 3.783294931054115295e-02 1.990794390439987183e-02 5.758058279752731323e-02 3.120722807943820953e-02 2.017685584723949432e-02 1.052835211157798767e-02 1.466695312410593033e-02 3.914499189704656601e-03 2.487776614725589752e-02 3.784419223666191101e-02 3.641787916421890259e-02 1.559041813015937805e-02 1.131208706647157669e-02 1.456519123166799545e-03 8.189815096557140350e-03 3.147485479712486267e-02 1.203826256096363068e-02 1.861945725977420807e-02 1.259552594274282455e-02 1.653122343122959137e-02 4.657293204218149185e-03 2.609097212553024292e-02 6.312079261988401413e-03 1.678371918387711048e-03 2.353057824075222015e-02 8.889770251698791981e-04 3.594652935862541199e-02 2.902428060770034790e-02 4.428536817431449890e-02 4.257424175739288330e-02 2.355967834591865540e-02 2.162462100386619568e-02 3.851729258894920349e-02 7.351952791213989258e-02 3.764119371771812439e-02 1.375158280134201050e-01 1.208190340548753738e-02 2.160209231078624725e-03 1.895049586892127991e-02 3.750961646437644958e-02 1.514037512242794037e-02 4.603316541761159897e-03 7.292248774319887161e-03 2.063179761171340942e-02 4.230781644582748413e-02 2.828987129032611847e-02 3.426253423094749451e-02 4.444442316889762878e-02 1.393984886817634106e-03 1.813713647425174713e-02 2.768442779779434204e-02 1.023010537028312683e-02 4.765548929572105408e-02 1.529337465763092041e-02 9.635241702198982239e-03 1.178880408406257629e-02 1.283413846977055073e-03 2.890198677778244019e-02 2.012212015688419342e-02
9.459893219172954559e-03 1.101274695247411728e-02 1.027554720640182495e-01 4.235998913645744324e-02 2.847010083496570587e-02 7.017756346613168716e-03 4.442412033677101135e-02 4.759006500244140625e-01 5.381393246352672577e-03 9.652017615735530853e-03 3.753711655735969543e-02 6.520896684378385544e-03 2.066464349627494812e-02 4.287312552332878113e-02 6.778370589017868042e-02 4.382072016596794128e-02 2.565631829202175140e-02 3.093569166958332062e-02 2.263091877102851868e-02 2.513345703482627869e-02 3.445791313424706459e-03 5.439247470349073410e-03 5.155717581510543823e-02 2.644511125981807709e-02 3.505743667483329773e-02 2.494372241199016571e-02 2.126228436827659607e-02 3.925293684005737305e-02 2.942084893584251404e-02 2.510041370987892151e-02 3.689597174525260925e-02 1.287899818271398544e-02 2.027530968189239502e-02 2.620581071823835373e-03 6.117968820035457611e-03 4.186046496033668518e-02 5.482205003499984741e-02 3.733457252383232117e-02 1.379933953285217285e-02 2.991459704935550690e-02 2.238747291266918182e-02 5.228405818343162537e-03 2.248180657625198364e-02 2.321262471377849579e-02 3.443843685090541840e-03 1.346197351813316345e-02 2.131957001984119415e-02 2.453397726640105247e-03 2.268545888364315033e-02 2.658142894506454468e-02 1.540616899728775024e-02 2.657254599034786224e-02 3.277430310845375061e-02 2.579440129920840263e-03 3.755002468824386597e-02 3.157976269721984863e-02 2.691491879522800446e-02 2.524439059197902679e-02 3.896785154938697815e-02 4.187704995274543762e-02 1.088716369122266769e-02 9.977710433304309845e-03 3.764774277806282043e-02 3.168367221951484680e-02 2.495961263775825500e-02 7.173150032758712769e-02 4.717475548386573792e-02 1.756177842617034912e-02 3.786042705178260803e-02 2.745063230395317078e-02 4.201192408800125122e-02 5.012561101466417313e-03 1.991385035216808319e-02 2.802556194365024567e-02 2.414275147020816803e-02 9.110338985919952393e-03 5.585323087871074677e-03 4.596598818898200989e-02 2.201265841722488403e-02 3.650094568729400635e-02 9.198973327875137329e-02 1.272038966417312622e-01 4.233593866229057312e-02 4.305460955947637558e-03 2.226815186440944672e-02 2.317908965051174164e-02 5.482529476284980774e-02 7.221423089504241943e-02 7.647378952242434025e-04 4.563903436064720154e-02 4.511409997940063477e-02 2.747811563313007355e-02 3.295172005891799927e-02 2.076766639947891235e-02 1.320813968777656555e-02 1.435301546007394791e-02 4.089238122105598450e-02 2.151875570416450500e-02 3.083898872137069702e-02 4.281172901391983032e-02 4.729044064879417419e-02 2.779275237116962671e-04 2.285031601786613464e-02 1.211449690163135529e-02 8.669209666550159454e-03 3.245956962928175926e-03 2.809171378612518311e-02 3.045141510665416718e-02 7.220609113574028015e-04 2.128789201378822327e-02 1.850041374564170837e-02 9.291089139878749847e-03 3.068861784413456917e-03 2.460430003702640533e-02 4.470770433545112610e-02 3.649057820439338684e-02
3.363878466188907623e-03 5.075371009297668934e-04 3.079458326101303101e-02 6.382901687175035477e-03 8.371195755898952484e-03 4.405056312680244446e-02 2.093461900949478149e-02 5.381393246352672577e-03 4.993218481540679932e-01 5.056710168719291687e-02 5.431449506431818008e-03 5.943528935313224792e-02 3.183317184448242188e-02 1.126762200146913528e-02 1.171953883022069931e-02 7.611311157234013081e-04 2.410185057669878006e-03 1.143189519643783569e-01 7.783653587102890015e-02 2.937375102192163467e-03 4.223963245749473572e-02 1.196940056979656219e-02 3.115822747349739075e-02 8.379468694329261780e-03 3.050079941749572754e-02 9.864424355328083038e-04 3.908191993832588196e-02 1.242028269916772842e-02 5.540502816438674927e-02 2.645280398428440094e-02 5.437203496694564819e-02 2.024465799331665039e-02 2.231379784643650055e-02 2.041125297546386719e-02 4.022353515028953552e-02 8.410645276308059692e-02 2.402081713080406189e-02 2.250602468848228455e-02 5.386826582252979279e-03 1.898154430091381073e-02 3.025473654270172119e-02 3.703384101390838623e-02 5.528076738119125366e-02 4.670471325516700745e-02 3.957523405551910400e-02 3.609044849872589111e-02 8.784264209680259228e-04 1.279089972376823425e-02 1.614792086184024811e-02 3.751141205430030823e-02 1.861505210399627686e-02 1.475251559168100357e-02 4.853909835219383240e-02 4.208031296730041504e-02 5.798402056097984314e-02 1.848777383565902710e-02 2.586770243942737579e-02 3.706314414739608765e-02 1.196063775569200516e-02 4.449081607162952423e-03 5.519084259867668152e-02 3.623095573857426643e-03 5.087590217590332031e-02 2.055804943665862083e-03 1.787633076310157776e-02 2.446289546787738800e-02 4.180390760302543640e-02 4.048992320895195007e-02 3.503189980983734131e-02 2.216318435966968536e-02 1.298418641090393066e-02 7.490436546504497528e-03 1.320431660860776901e-02 9.897883981466293335e-03 4.239486157894134521e-02 5.560385528951883316e-03 1.433950364589691162e-01 5.649810656905174255e-03 2.985915355384349823e-02 2.731727249920368195e-02 4.618635028600692749e-02 7.330896332859992981e-03 6.290512531995773315e-02 4.496962204575538635e-02 4.932382609695196152e-03 4.080092534422874451e-03 4.032757133245468140e-02 4.632036387920379639e-02 5.621269345283508301e-03 4.264008998870849609e-02 2.248840592801570892e-02 2.630105940625071526e-03 9.275572956539690495e-04 5.435720086097717285e-03 1.587249571457505226e-03 2.716429159045219421e-02 1.519418507814407349e-02 3.618767019361257553e-03 3.349447995424270630e-02 1.926680654287338257e-02 7.534373085945844650e-03 3.561592102050781250e-02 3.312906948849558830e-03 9.246588684618473053e-03 2.700811251997947693e-02 3.726656734943389893e-02 9.508724324405193329e-03 2.025816589593887329e-02 1.329003460705280304e-02 2.307782880961894989e-02 6.003475561738014221e-02 2.771626226603984833e-02 1.683706603944301605e-02 3.793196007609367371e-02 2.249973826110363007e-02 1.193126384168863297e-02
1.965842209756374359e-02 3.581065312027931213e-02 1.441007759422063828e-02 1.326427701860666275e-02 1.099509745836257935e-02 3.419458121061325073e-02 1.389267761260271072e-02 9.652017615735530853e-03 5.056710168719291687e-02 4.998776018619537354e-01 3.701150417327880859e-02 1.460058987140655518e-02 2.047672681510448456e-02 2.306028828024864197e-02 2.009738050401210785e-02 4.753778874874114990e-02 1.181044802069664001e-02 1.873667351901531219e-02 6.406612694263458252e-02 3.609132021665573120e-02 4.043294116854667664e-02 1.350867189466953278e-02 2.420695871114730835e-02 4.599174484610557556e-02 5.940351635217666626e-02 7.975741289556026459e-03 3.959315828979015350e-03 3.238203004002571106e-02 1.757427118718624115e-02 3.111632354557514191e-02 4.291525483131408691e-02 2.118367701768875122e-02 2.569276280701160431e-02 2.294025011360645294e-02 2.928733639419078827e-02 4.909810610115528107e-03 2.404267713427543640e-02 3.352494165301322937e-02 1.698879525065422058e-02 4.542105365544557571e-03 5.492562055587768555e-02 2.536513097584247589e-02 2.281644381582736969e-02 3.693863004446029663e-02 4.394973069429397583e-02 4.957474023103713989e-02 8.391783572733402252e-03 2.652717754244804382e-02 1.930847391486167908e-02 5.870383232831954956e-02 4.116692766547203064e-02 5.094773322343826294e-02 2.156147547066211700e-02 1.791300065815448761e-02 1.792851090431213379e-02 3.596675395965576172e-02 3.615764435380697250e-03 2.822855859994888306e-02 1.440268382430076599e-02 1.815783232450485229e-02 1.795419119298458099e-02 3.156086802482604980e-02 1.286311261355876923e-02 3.911768272519111633e-02 3.747255727648735046e-02 6.128565594553947449e-02 2.149962820112705231e-02 3.169163316488265991e-02 9.835380129516124725e-03 3.981757164001464844e-02 1.274306140840053558e-02 8.168936707079410553e-03 1.299291476607322693e-02 7.123686838895082474e-03 4.098008573055267334e-02 4.304827377200126648e-02 7.849337160587310791e-02 8.257278800010681152e-02 7.020190358161926270e-02 8.157354593276977539e-02 3.620671480894088745e-02 1.792208477854728699e-02 1.322555728256702423e-02 5.383359268307685852e-02 3.092002868652343750e-02 3.956751897931098938e-02 5.912333354353904724e-02 4.401973634958267212e-02 2.846742980182170868e-02 3.658440709114074707e-02 4.987681657075881958e-02 2.184197492897510529e-02 3.743062540888786316e-02 2.084568329155445099e-02 2.925685420632362366e-02 3.620523586869239807e-02 4.982900572940707207e-04 2.314035780727863312e-02 3.891948983073234558e-02 4.549886286258697510e-02 2.576968632638454437e-02 4.227029904723167419e-02 2.064881846308708191e-02 2.565355272963643074e-03 3.548832610249519348e-03 4.157705232501029968e-02 2.189387194812297821e-02 7.588042877614498138e-03 3.872860223054885864e-02 5.633600056171417236e-02 2.568661607801914215e-02 3.516140580177307129e-02 4.029165022075176239e-03 1.563580520451068878e-02 1.401950418949127197e-02 2.107673697173595428e-02
1.684417277574539185e-01 7.715635001659393311e-02 3.720828145742416382e-02 4.384190216660499573e-02 3.330544009804725647e-02 1.189071983098983765e-01 8.359751105308532715e-02 3.753711655735969543e-02 5.431449506431818008e-03 3.701150417327880859e-02 5.192621350288391113e-01 2.823048736900091171e-03 1.335150152444839478e-01 2.611845033243298531e-03 2.520534768700599670e-02 1.299794111400842667e-02 4.062984138727188110e-02 1.289273984730243683e-02 1.089849881827831268e-02 2.377242315560579300e-03 1.663204468786716461e-02 9.888740256428718567e-03 1.562131475657224655e-02 1.444610580801963806e-02 3.338309749960899353e-02 2.872411906719207764e-02 1.123434118926525116e-02 3.310099616646766663e-02 6.597851216793060303e-02 1.674805581569671631e-02 1.059100590646266937e-02 2.671025879681110382e-02 4.272976145148277283e-02 2.781132794916629791e-02 1.802706532180309296e-02 2.722956053912639618e-02 1.723665930330753326e-02 3.998388350009918213e-02 2.063450403511524200e-03 2.569922804832458496e-02 3.675262629985809326e-02 1.129976753145456314e-02 5.179291591048240662e-02 3.038547234609723091e-03 4.077989235520362854e-02 5.554644018411636353e-02 1.396837979555130005e-01 4.704352095723152161e-02 3.773861378431320190e-02 6.269244104623794556e-02 3.745783492922782898e-02 1.656487956643104553e-02 3.985113278031349182e-02 2.844578400254249573e-02 2.207788266241550446e-02 4.366696346551179886e-03 3.156428411602973938e-02 4.864726588129997253e-02 4.041735455393791199e-02 4.154047928750514984e-03 1.652637496590614319e-02 3.477971255779266357e-02 2.627151086926460266e-02 2.276882587466388941e-04 1.228992417454719543e-01 4.369964450597763062e-02 3.342720866203308105e-02 2.538968995213508606e-02 3.072513453662395477e-02 3.149929642677307129e-02 2.796100825071334839e-02 2.001265808939933777e-02 2.734064683318138123e-02 2.982161939144134521e-02 2.850760333240032196e-02 2.874963916838169098e-02 3.265125676989555359e-02 9.043202735483646393e-03 1.990837231278419495e-02 6.638181209564208984e-02 1.912152767181396484e-02 2.979379892349243164e-02 4.246729239821434021e-02 3.950120881199836731e-02 2.355270832777023315e-02 3.929524496197700500e-02 3.350281715393066406e-02 3.803168609738349915e-02 1.491065602749586105e-02 3.754954785108566284e-03 1.387292593717575073e-01 1.793454866856336594e-03 6.814678013324737549e-02 3.453932330012321472e-02 3.695983439683914185e-02 2.325889468193054199e-02 3.095542825758457184e-02 9.719332680106163025e-03 3.545703738927841187e-02 2.375777810811996460e-02 1.416065823286771774e-02 2.949853241443634033e-02 1.274822372943162918e-02 3.598701953887939453e-02 3.807698190212249756e-02 1.960645616054534912e-02 3.341461345553398132e-02 1.067736651748418808e-02 1.402013096958398819e-02 7.880571298301219940e-03 3.817664459347724915e-02 2.164315618574619293e-02 4.748544096946716309e-02 3.217846155166625977e-02 1.229822169989347458e-02 5.950358230620622635e-03
1.304916944354772568e-02 4.616998508572578430e-02 1.067035831511020660e-02 2.382130920886993408e-02 5.152572318911552429e-02 2.921014837920665741e-02 4.077095165848731995e-02 6.520896684378385544e-03 5.943528935313224792e-02 1.460058987140655518e-02 2.823048736900091171e-03 4.998333752155303955e-01 8.116770535707473755e-03 1.035969406366348267e-01 1.419879682362079620e-02 2.614522352814674377e-02 1.408094889484345913e-03 3.956205770373344421e-02 1.505536027252674103e-02 6.980931852012872696e-03 4.071164876222610474e-02 9.425143711268901825e-03 4.510293714702129364e-03 4.347115010023117065e-02 1.154014025814831257e-04 4.817519709467887878e-02 2.745970152318477631e-02 1.001882553100585938e-01 1.221805624663829803e-02 7.039719074964523315e-02 1.773680374026298523e-02 3.252739459276199341e-02 1.004756800830364227e-02 4.075819253921508789e-02 1.983496360480785370e-02 2.543659182265400887e-03 1.583035662770271301e-02 3.753004595637321472e-02 2.328995056450366974e-02 3.140876442193984985e-02 3.439967334270477295e-02 8.335802704095840454e-03 2.018056996166706085e-02 4.255838319659233093e-02 2.094549499452114105e-02 4.308151453733444214e-02 1.007939223200082779e-02 1.672016829252243042e-02 2.397794276475906372e-02 4.577704519033432007e-02 1.074933260679244995e-02 1.459996029734611511e-02 3.836800111457705498e-03 2.541118860244750977e-02 2.237385511398315430e-02 6.909627467393875122e-03 6.072197481989860535e-02 1.363951247185468674e-02 4.230286926031112671e-02 5.574069544672966003e-02 3.167282417416572571e-02 5.723528191447257996e-02 3.781053796410560608e-02 2.023873850703239441e-02 7.510891300626099110e-04 1.056846883147954941e-02 4.390625283122062683e-02 2.240476198494434357e-02 1.177400816231966019e-02 1.785250380635261536e-02 2.419634535908699036e-02 1.768688112497329712e-02 1.194956805557012558e-02 2.360771782696247101e-02 5.130846984684467316e-03 2.476135827600955963e-02 6.132193654775619507e-02 2.752551995217800140e-02 4.602211341261863708e-02 2.634478360414505005e-02 1.422270108014345169e-02 4.260721802711486816e-02 7.197296619415283203e-02 1.427535898983478546e-02 1.267763227224349976e-02 1.981279579922556877e-03 3.250747174024581909e-02 2.237744629383087158e-02 8.969800174236297607e-02 1.739411428570747375e-02 2.116237021982669830e-02 3.464863449335098267e-02 2.680036611855030060e-02 1.309300120919942856e-02 1.901608519256114960e-02 3.892299160361289978e-02 2.332981862127780914e-02 3.739794343709945679e-02 4.605608060956001282e-02 3.455250710248947144e-02 1.828572154045104980e-02 3.002399764955043793e-02 7.851202040910720825e-03 6.245234981179237366e-03 2.320091053843498230e-02 2.278428152203559875e-02 5.922322627156972885e-03 2.506226859986782074e-02 4.860402643680572510e-02 2.774821035563945770e-02 1.251996774226427078e-02 6.001188419759273529e-03 3.571798326447606087e-03 4.088087379932403564e-02 4.305032640695571899e-02 5.528166890144348145e-02
6.615304946899414062e-02 2.177854031324386597e-01 3.452689200639724731e-02 7.608045707456767559e-04 1.781120896339416504e-02 5.816731229424476624e-02 1.192015260457992554e-01 2.066464349627494812e-02 3.183317184448242188e-02 2.047672681510448456e-02 1.335150152444839478e-01 8.116770535707473755e-03 5.048776865005493164e-01 4.216160625219345093e-02 4.066606611013412476e-02 1.426279079169034958e-02 1.725912094116210938e-02 9.583867155015468597e-03 4.425474442541599274e-03 2.888316102325916290e-02 2.738278172910213470e-02 1.765576750040054321e-02 1.937768422067165375e-02 3.974014148116111755e-02 3.190978989005088806e-02 3.367234021425247192e-02 1.677549816668033600e-02 3.685254976153373718e-02 3.781512379646301270e-02 1.373086590319871902e-02 1.226293621584773064e-03 1.289053075015544891e-02 1.658151857554912567e-02 3.858483582735061646e-02 1.428328547626733780e-02 8.060864172875881195e-03 3.516452386975288391e-02 1.825231686234474182e-02 3.062649397179484367e-03 4.231556132435798645e-02 3.998453728854656219e-03 2.071388624608516693e-02 1.841133274137973785e-02 2.333493344485759735e-02 2.007929608225822449e-02 5.259229242801666260e-02 9.100558608770370483e-02 8.628526329994201660e-02 1.396520715206861496e-02 7.518305443227291107e-03 3.756609559059143066e-02 7.268924266099929810e-03 3.352553769946098328e-02 1.161328703165054321e-02 3.272635117173194885e-02 3.906587883830070496e-02 1.355182728730142117e-03 2.232700213789939880e-02 4.418959468603134155e-02 1.405398361384868622e-02 2.813993394374847412e-02 4.416701197624206543e-02 2.218075096607208252e-02 7.933390326797962189e-03 5.615168809890747070e-02 8.443345874547958374e-02 3.606872633099555969e-02 3.323355689644813538e-02 1.729300059378147125e-02 4.464025050401687622e-02 2.014912478625774384e-02 5.550832673907279968e-02 3.984075039625167847e-02 4.503503069281578064e-02 3.874876722693443298e-02 3.946462273597717285e-02 6.930202245712280273e-03 1.005843561142683029e-02 3.099464520346373320e-04 2.148108184337615967e-02 8.343665860593318939e-03 2.521095983684062958e-02 4.229466617107391357e-02 3.472983092069625854e-02 1.194596290588378906e-02 2.611037157475948334e-02 1.596565172076225281e-02 2.367389574646949768e-02 3.370444476604461670e-02 3.622163087129592896e-02 6.008021906018257141e-02 3.209109418094158173e-03 5.811719223856925964e-02 2.622469700872898102e-02 1.758615858852863312e-02 1.096030417829751968e-02 1.284232828766107559e-02 3.374196961522102356e-02 3.021537326276302338e-02 2.106619440019130707e-02 2.644600905478000641e-02 2.499719709157943726e-02 2.379396185278892517e-02 2.314173616468906403e-02 1.255298405885696411e-02 3.742481395602226257e-02 8.427668362855911255e-03 3.409483656287193298e-02 1.008779089897871017e-02 3.752226009964942932e-02 1.130049023777246475e-02 4.116262495517730713e-02 4.496033862233161926e-02 2.311737276613712311e-02 2.174171060323715210e-02 1.484127016738057137e-03
