5.089701414108276367e-01 1.414118409156799316e-01 5.106801539659500122e-02 3.731254488229751587e-02 7.127263583242893219e-03 1.260288506746292114e-01 1.305104792118072510e-01 1.539246411994099617e-03 4.639709368348121643e-02 4.396414384245872498e-02 1.251668035984039307e-01 1.195920072495937347e-02 8.852044492959976196e-02 1.855931058526039124e-02 1.295496337115764618e-02 4.017600789666175842e-02 1.635054685175418854e-02 1.792484079487621784e-03 1.300816517323255539e-02 8.812709711492061615e-04 9.874077513813972473e-03 1.458125747740268707e-02 5.105061084032058716e-02 4.710733890533447266e-02 2.335222437977790833e-03 4.568744916468858719e-03 3.116227127611637115e-02 2.908053994178771973e-02 1.269266009330749512e-02 2.861343137919902802e-02 4.332650452852249146e-02 1.917839981615543365e-02 3.521840646862983704e-02 3.675235435366630554e-02 7.013205438852310181e-03 3.999317809939384460e-02 1.314622070640325546e-02 1.589521765708923340e-02 6.632497534155845642e-03 4.005698952823877335e-03 2.112179994583129883e-02 4.391730297356843948e-03 1.513270661234855652e-02 2.256570756435394287e-02 4.098036140203475952e-02 2.539716660976409912e-02 1.082865521311759949e-01 9.872703999280929565e-02 3.801153600215911865e-02 4.131511319428682327e-03 7.227613124996423721e-03 5.133993923664093018e-03 4.563454166054725647e-02 2.907509170472621918e-02 1.597950793802738190e-02 1.717432402074337006e-02 3.095763362944126129e-02 3.957789018750190735e-02 8.026901632547378540e-03 2.615318447351455688e-02 1.923518069088459015e-02 4.951837286353111267e-02 2.003145962953567505e-02 3.588148206472396851e-02 2.790454216301441193e-02 1.913440227508544922e-02 5.698981229215860367e-03 2.361305989325046539e-02 2.693694643676280975e-02 1.153972744941711426e-02 2.693051472306251526e-02 2.496798522770404816e-02 3.916901350021362305e-02 4.936442244797945023e-03 1.475524390116333961e-03 3.699808195233345032e-02 4.033968225121498108e-02 1.491560228168964386e-02 3.695077449083328247e-02 9.815976954996585846e-03 5.384162813425064087e-02 1.250029075890779495e-02 3.410225734114646912e-02 1.912892982363700867e-02 2.561012096703052521e-02 3.038192726671695709e-02 7.837463170289993286e-03 7.401770446449518204e-03 1.146956440061330795e-02 3.808858245611190796e-02 2.987944893538951874e-02 5.965520441532135010e-02 5.697448179125785828e-02 2.854568511247634888e-02 1.768580824136734009e-02 2.046332508325576782e-02 3.355751931667327881e-02 4.070211574435234070e-02 1.569392275996506214e-03 2.855879627168178558e-02 3.222143277525901794e-02 3.608277440071105957e-02 5.317900795489549637e-03 3.622840717434883118e-02 4.304735362529754639e-02 3.741925209760665894e-02 2.833113819360733032e-02 4.247674369253218174e-04 1.084139570593833923e-02 2.284885570406913757e-02 5.804327083751559258e-04 2.856108359992504120e-02 1.132754608988761902e-02 5.068160593509674072e-02 4.076770320534706116e-02 2.273371070623397827e-02
1.414118409156799316e-01 5.130559802055358887e-01 4.011495038866996765e-02 2.969142422080039978e-02 3.845564555376768112e-03 7.972867786884307861e-02 1.362479031085968018e-01 2.834998443722724915e-02 4.648093134164810181e-02 8.498523384332656860e-03 1.093801334500312805e-01 1.357221323996782303e-02 1.255367547273635864e-01 2.754100784659385681e-02 1.382445171475410461e-02 3.445136547088623047e-02 1.359645090997219086e-02 3.283623373135924339e-04 4.084237664937973022e-02 7.099377922713756561e-03 7.793934084475040436e-03 1.173527818173170090e-02 4.691498726606369019e-02 3.254563361406326294e-02 3.277224302291870117e-02 9.321800316683948040e-04 3.581186756491661072e-02 1.730852946639060974e-02 5.226230248808860779e-02 1.940422132611274719e-02 1.400865614414215088e-02 1.701932959258556366e-02 3.727671504020690918e-02 2.190971374511718750e-02 4.168323427438735962e-02 5.039075389504432678e-02 5.025011673569679260e-02 4.131816700100898743e-02 7.744026836007833481e-03 9.862178936600685120e-03 2.488358877599239349e-02 7.498484104871749878e-03 3.285680338740348816e-02 3.831329941749572754e-02 7.171650975942611694e-02 4.017352592200040817e-03 6.526248902082443237e-02 1.145300045609474182e-01 3.245396912097930908e-02 2.231696434319019318e-02 1.770738326013088226e-02 6.364339031279087067e-03 2.143969526514410973e-03 1.998346857726573944e-02 3.266710042953491211e-02 1.021854765713214874e-02 7.140904199331998825e-03 4.422103241086006165e-02 3.355669975280761719e-02 2.495184354484081268e-02 3.489011153578758240e-02 3.057781606912612915e-02 2.269603125751018524e-02 4.188586771488189697e-02 2.788728103041648865e-03 3.010394424200057983e-02 4.395198076963424683e-03 1.860190555453300476e-02 1.655579917132854462e-02 7.457881700247526169e-03 2.161635644733905792e-02 7.189479470252990723e-02 3.709850832819938660e-02 4.337815567851066589e-02 4.844703245908021927e-03 5.093376338481903076e-02 4.523867741227149963e-02 1.079068705439567566e-02 3.883390873670578003e-02 1.420787908136844635e-02 7.711267564445734024e-03 1.723350398242473602e-02 3.751000761985778809e-02 4.345526173710823059e-02 1.792593114078044891e-02 1.219662837684154510e-02 2.258418686687946320e-02 1.286348886787891388e-02 2.891342714428901672e-02 1.288589462637901306e-02 3.338742256164550781e-02 5.131799727678298950e-02 6.347540020942687988e-02 3.251926600933074951e-02 7.157399784773588181e-03 2.064658701419830322e-02 4.088335856795310974e-02 1.155491825193166733e-02 2.331258496269583702e-03 3.494400158524513245e-02 3.564512357115745544e-02 4.220480844378471375e-02 2.646715752780437469e-02 6.543056573718786240e-03 4.243400692939758301e-02 4.450529068708419800e-02 1.489117834717035294e-02 1.113209314644336700e-02 5.215115379542112350e-03 1.149268448352813721e-02 3.827670821920037270e-03 7.027101237326860428e-03 8.522142306901514530e-04 5.137405917048454285e-02 4.567288979887962341e-02 2.049357816576957703e-02
5.106801539659500122e-02 4.011495038866996765e-02 4.656662046909332275e-01 4.088399559259414673e-02 3.503888472914695740e-02 3.100993111729621887e-02 6.254198402166366577e-02 1.037904247641563416e-02 1.863501220941543579e-02 5.567057523876428604e-03 5.276933684945106506e-02 1.708377525210380554e-02 4.105730447918176651e-03 1.472638174891471863e-02 3.723679808899760246e-03 2.319780923426151276e-02 3.661557286977767944e-02 2.176578715443611145e-02 2.145268581807613373e-02 4.317601633374579251e-05 7.843740284442901611e-03 4.682610929012298584e-02 9.038971620611846447e-04 1.551667694002389908e-03 3.288733959197998047e-02 3.946911916136741638e-02 1.057510171085596085e-02 4.393985494971275330e-02 4.004649817943572998e-02 1.732105948030948639e-02 1.051695644855499268e-02 7.691725622862577438e-03 9.284133091568946838e-03 3.552220761775970459e-02 1.188313867896795273e-02 5.607547704130411148e-03 2.242312766611576080e-03 2.211925946176052094e-02 1.490446738898754120e-02 3.216185420751571655e-02 1.101150270551443100e-02 1.216060481965541840e-02 3.941554203629493713e-02 3.201001882553100586e-02 4.767933860421180725e-02 7.251670211553573608e-02 4.025030066259205341e-04 4.037576913833618164e-02 4.625963512808084488e-03 4.592799115926027298e-03 4.542736336588859558e-02 8.961922489106655121e-03 1.329057477414608002e-02 1.698307134211063385e-02 3.581593558192253113e-02 1.727179810404777527e-02 2.806139178574085236e-02 3.487837314605712891e-02 2.576967142522335052e-02 4.500715434551239014e-02 4.585077613592147827e-02 1.190847717225551605e-02 4.100559279322624207e-02 2.366713434457778931e-02 2.566057257354259491e-02 1.982326433062553406e-02 2.092157956212759018e-03 1.593678444623947144e-02 4.154879227280616760e-02 1.370310783386230469e-03 2.441094256937503815e-02 3.004541248083114624e-02 1.953547820448875427e-02 2.823978848755359650e-02 3.308046609163284302e-02 2.200663089752197266e-02 2.941125072538852692e-03 4.081668332219123840e-02 4.024211689829826355e-02 3.961325809359550476e-02 2.971698343753814697e-02 8.705609478056430817e-03 3.619202598929405212e-02 4.019716009497642517e-02 5.161844193935394287e-03 4.481184296309947968e-03 2.668996714055538177e-02 2.123061940073966980e-02 2.332193031907081604e-02 8.582974784076213837e-03 4.604287818074226379e-02 1.323254546150565147e-03 1.266422681510448456e-02 9.529189206659793854e-03 7.744497153908014297e-03 4.491793736815452576e-02 2.698590420186519623e-02 3.387898951768875122e-02 9.657682850956916809e-03 4.279753938317298889e-02 5.253162235021591187e-03 3.343593562021851540e-03 4.972778260707855225e-03 3.991938382387161255e-02 2.890027128159999847e-02 2.277610264718532562e-02 3.864125162363052368e-02 2.305692434310913086e-02 1.819871366024017334e-02 4.142743349075317383e-02 2.155181765556335449e-02 2.728454023599624634e-02 3.338396176695823669e-02 5.817322432994842529e-02 2.504597418010234833e-02 1.739044860005378723e-02
3.731254488229751587e-02 2.969142422080039978e-02 4.088399559259414673e-02 4.652327299118041992e-01 1.203563883900642395e-01 2.486873883754014969e-03 1.857258565723896027e-02 4.099547863006591797e-02 4.058484360575675964e-02 2.191326394677162170e-02 1.525732874870300293e-02 2.791636064648628235e-02 1.245843525975942612e-02 3.927481919527053833e-02 1.772427745163440704e-02 1.332893874496221542e-02 3.692719712853431702e-02 3.733552619814872742e-02 2.039661258459091187e-02 5.842215381562709808e-03 4.379566758871078491e-02 3.633643034845590591e-03 2.067567966878414154e-02 2.422924898564815521e-02 2.451120130717754364e-02 7.347951177507638931e-03 1.404996030032634735e-02 2.245303802192211151e-02 4.285589326173067093e-03 2.391754463315010071e-02 2.076422050595283508e-02 1.651660539209842682e-02 2.038951218128204346e-02 9.898824617266654968e-03 1.543338643386960030e-03 1.090046297758817673e-02 1.141159143298864365e-02 2.931618131697177887e-02 5.866684392094612122e-02 2.264349907636642456e-02 1.068964600563049316e-02 4.537335038185119629e-02 1.982936821877956390e-02 1.485054288059473038e-02 1.023481879383325577e-02 6.354739423841238022e-03 1.026341784745454788e-02 2.051019575446844101e-03 2.485106699168682098e-02 4.493704438209533691e-02 3.822165727615356445e-02 3.387507796287536621e-02 7.388661801815032959e-02 8.770890533924102783e-03 6.880575418472290039e-02 4.823113232851028442e-02 1.187236234545707703e-02 8.934415876865386963e-03 4.570338409394025803e-03 8.681522682309150696e-03 3.537946380674839020e-03 3.381754457950592041e-02 1.318630110472440720e-02 1.758664846420288086e-02 3.944657277315855026e-03 1.544681563973426819e-02 8.558552712202072144e-03 3.271319344639778137e-02 4.901114851236343384e-02 6.727356463670730591e-03 2.221974730491638184e-02 1.504971180111169815e-02 1.511395424604415894e-01 3.592788428068161011e-02 1.248981803655624390e-01 5.936820060014724731e-03 1.841699331998825073e-02 2.123606204986572266e-02 2.421290054917335510e-02 1.090225111693143845e-02 3.630442172288894653e-02 3.089824877679347992e-02 2.547794766724109650e-02 6.756278220564126968e-03 1.311326213181018829e-02 4.607971059158444405e-04 2.695493772625923157e-02 3.195054084062576294e-02 1.719871535897254944e-02 2.304533123970031738e-02 2.047917246818542480e-02 3.220394998788833618e-02 1.323509961366653442e-03 6.065590772777795792e-03 7.747943513095378876e-03 3.457854688167572021e-02 1.743153482675552368e-02 1.299166679382324219e-02 4.830031469464302063e-02 4.970366880297660828e-02 1.113651596824638546e-04 2.233362197875976562e-02 8.526358753442764282e-03 5.888432729989290237e-03 1.735985465347766876e-02 4.287294112145900726e-03 2.301607839763164520e-02 2.709403261542320251e-02 4.144088923931121826e-02 1.502397563308477402e-02 3.838805481791496277e-02 8.468822389841079712e-02 1.359661575406789780e-02 3.461680933833122253e-02 4.867996647953987122e-02 3.563840314745903015e-02
7.127263583242893219e-03 3.845564555376768112e-03 3.503888472914695740e-02 1.203563883900642395e-01 4.584379196166992188e-01 1.615049317479133606e-02 1.000235229730606079e-02 1.535935327410697937e-03 4.462943226099014282e-02 3.793573752045631409e-02 2.946496941149234772e-02 8.569271303713321686e-03 9.639710187911987305e-03 3.780854493379592896e-02 8.350863354280591011e-04 2.805229835212230682e-02 3.360982239246368408e-02 3.648484498262405396e-02 2.587075531482696533e-02 4.542775079607963562e-02 2.364184707403182983e-03 9.650516323745250702e-03 1.260466757230460644e-03 1.049420237541198730e-02 3.956853598356246948e-02 3.279453516006469727e-02 4.495077580213546753e-02 3.317114710807800293e-02 4.757405444979667664e-02 3.484488278627395630e-02 3.604977950453758240e-02 1.237917039543390274e-02 1.859174668788909912e-02 2.531635574996471405e-02 2.541449153795838356e-03 2.103571593761444092e-02 2.572632953524589539e-02 2.865251526236534119e-02 2.447183802723884583e-02 5.589680746197700500e-02 1.173778809607028961e-02 7.981334626674652100e-02 1.696284115314483643e-02 3.523145616054534912e-02 3.822124749422073364e-02 8.912278339266777039e-03 1.355563849210739136e-02 3.909841552376747131e-02 4.735134076327085495e-03 4.818846285343170166e-02 4.492173343896865845e-02 3.305646777153015137e-02 2.125472202897071838e-02 3.433603420853614807e-02 4.005407914519309998e-02 2.444020099937915802e-02 1.925686188042163849e-02 1.004822924733161926e-02 1.474837865680456161e-02 4.515681415796279907e-02 2.499998360872268677e-02 4.556435719132423401e-02 2.358248271048069000e-02 1.556980330497026443e-02 1.462874654680490494e-02 4.116965457797050476e-02 1.867744326591491699e-02 3.694409877061843872e-02 4.277495294809341431e-02 1.087846141308546066e-02 5.111005157232284546e-02 7.804012391716241837e-03 1.442881487309932709e-02 3.963915631175041199e-02 9.393758326768875122e-02 4.040013998746871948e-02 8.418423123657703400e-03 1.616835966706275940e-02 5.672491155564785004e-03 1.005219994112849236e-03 3.322573145851492882e-03 1.404165383428335190e-02 2.996207959949970245e-02 8.806137740612030029e-02 2.387399598956108093e-02 4.231818392872810364e-02 1.520661357790231705e-02 6.846218835562467575e-03 4.363924264907836914e-02 3.808747231960296631e-02 1.139621995389461517e-02 3.368459269404411316e-02 1.488051563501358032e-02 4.955881461501121521e-02 3.813971206545829773e-02 1.585542596876621246e-02 3.054964356124401093e-02 2.925884723663330078e-02 5.653530731797218323e-02 4.551503062248229980e-02 3.176358342170715332e-02 2.450870908796787262e-02 1.355938520282506943e-02 1.667505688965320587e-02 2.733882330358028412e-02 1.959553919732570648e-02 3.226360678672790527e-02 2.017121016979217529e-02 4.702810570597648621e-02 9.903172962367534637e-03 2.782602235674858093e-02 1.868122443556785583e-02 3.422294184565544128e-02 3.210909664630889893e-02 3.184509649872779846e-02 1.195877790451049805e-02
1.260288506746292114e-01 7.972867786884307861e-02 3.100993111729621887e-02 2.486873883754014969e-03 1.615049317479133606e-02 5.007503628730773926e-01 1.282608807086944580e-01 2.967499755322933197e-02 1.378419715911149979e-02 1.785982958972454071e-02 1.002037599682807922e-01 1.105135306715965271e-01 6.417410820722579956e-02 8.186897635459899902e-02 3.437229990959167480e-02 3.054137155413627625e-02 4.890979081392288208e-02 1.800391077995300293e-02 4.493032768368721008e-02 2.783921547234058380e-02 3.603910445235669613e-04 3.654645010828971863e-02 1.641567796468734741e-02 2.276516333222389221e-02 1.380353327840566635e-02 3.367107128724455833e-03 3.585539385676383972e-02 4.776288196444511414e-02 5.335959047079086304e-02 5.409897863864898682e-02 6.309081800282001495e-03 2.183961868286132812e-02 2.771826833486557007e-02 1.000513695180416107e-02 3.020394966006278992e-02 3.017124719917774200e-02 4.261958971619606018e-02 2.571486495435237885e-02 5.490247160196304321e-03 4.964695312082767487e-03 3.741904220078140497e-04 4.361557215452194214e-02 1.756580546498298645e-02 2.312339097261428833e-02 7.185190916061401367e-02 1.667285710573196411e-02 1.055020019412040710e-01 4.173883795738220215e-02 2.808060683310031891e-02 2.937112236395478249e-03 2.411406859755516052e-02 1.845356076955795288e-02 2.888060733675956726e-02 3.028924576938152313e-02 9.546346962451934814e-03 3.103188611567020416e-02 4.644270613789558411e-02 3.703083842992782593e-02 4.946434870362281799e-02 4.949552565813064575e-02 4.229405149817466736e-02 2.443838864564895630e-02 4.397773649543523788e-03 2.517095953226089478e-02 2.792977169156074524e-02 5.085449293255805969e-02 7.441025692969560623e-03 8.063673041760921478e-03 6.926961243152618408e-03 3.997140750288963318e-02 2.227793680503964424e-03 4.391765221953392029e-03 7.660130504518747330e-03 2.046447992324829102e-02 1.669502258300781250e-02 1.927394233644008636e-02 2.980912104249000549e-02 6.261219736188650131e-03 3.743782266974449158e-02 3.135857731103897095e-02 2.311471663415431976e-02 3.998116031289100647e-02 3.623616648837924004e-03 1.484509371221065521e-02 6.633053068071603775e-03 9.549065725877881050e-04 1.188950799405574799e-02 1.708229258656501770e-02 1.959688961505889893e-02 3.905002400279045105e-02 3.590920567512512207e-02 1.948843710124492645e-02 3.903527185320854187e-02 7.583960425108671188e-03 3.680678829550743103e-02 2.073946967720985413e-02 4.176740767434239388e-04 3.879060968756675720e-02 1.990673504769802094e-02 3.029727749526500702e-02 3.183676302433013916e-02 2.055579796433448792e-02 4.538998752832412720e-02 1.544438861310482025e-02 4.171945899724960327e-02 3.914772719144821167e-02 1.067789085209369659e-02 4.152645170688629150e-02 4.103483259677886963e-02 3.739337995648384094e-02 1.179612800478935242e-02 3.238179534673690796e-02 4.579152166843414307e-02 4.936791956424713135e-02 3.105982020497322083e-02 1.512198615819215775e-02
1.305104792118072510e-01 1.362479031085968018e-01 6.254198402166366577e-02 1.857258565723896027e-02 1.000235229730606079e-02 1.282608807086944580e-01 5.153161883354187012e-01 4.840979725122451782e-02 5.177912861108779907e-02 7.869285531342029572e-03 1.268598437309265137e-01 7.277584634721279144e-03 7.864996790885925293e-02 3.318038955330848694e-02 4.044427350163459778e-02 3.545775637030601501e-02 3.186486661434173584e-03 5.184427835047245026e-03 4.688424244523048401e-02 3.113631531596183777e-02 3.760072588920593262e-02 3.223992511630058289e-02 4.355899244546890259e-02 2.019553817808628082e-02 7.656862959265708923e-03 1.639025658369064331e-02 3.303250763565301895e-03 1.970822457224130630e-03 2.308024466037750244e-02 2.464684192091226578e-03 4.090922325849533081e-02 2.001091279089450836e-02 2.397993765771389008e-02 2.978548221290111542e-02 2.902458980679512024e-02 4.725156724452972412e-02 4.591134190559387207e-02 1.689929328858852386e-02 4.036452621221542358e-02 4.314535111188888550e-02 2.291560173034667969e-02 3.218541294336318970e-02 4.450445994734764099e-02 3.720789402723312378e-02 7.220382988452911377e-02 2.602341398596763611e-02 5.931929498910903931e-02 1.511487811803817749e-01 2.459182031452655792e-02 3.021568618714809418e-02 1.541099976748228073e-03 2.916415035724639893e-02 2.420652471482753754e-02 3.224409744143486023e-02 2.224259823560714722e-02 1.174130197614431381e-02 2.051861397922039032e-02 4.851152002811431885e-02 4.534154385328292847e-02 4.681938514113426208e-02 4.626279696822166443e-02 2.521852217614650726e-02 1.097052916884422302e-02 3.833355009555816650e-02 3.053623437881469727e-02 5.941359791904687881e-03 4.656327888369560242e-02 3.599260002374649048e-02 5.943384603597223759e-04 4.252131655812263489e-02 5.320808850228786469e-04 5.127435922622680664e-02 3.335460647940635681e-02 3.642512485384941101e-02 1.305756438523530960e-02 3.847110271453857422e-02 3.269053995609283447e-02 1.268124207854270935e-03 3.414427116513252258e-02 2.859122306108474731e-02 2.803444676101207733e-02 4.086598753929138184e-03 1.869121938943862915e-02 3.124567307531833649e-02 3.463451517745852470e-03 3.020626492798328400e-02 2.383719570934772491e-02 2.126919664442539215e-02 1.867450773715972900e-02 3.604137897491455078e-02 5.012074112892150879e-02 6.720192730426788330e-02 8.141375333070755005e-02 3.974281251430511475e-02 2.337820641696453094e-02 8.071676827967166901e-03 1.347164856269955635e-03 4.848452750593423843e-03 2.742406539618968964e-02 4.344411939382553101e-02 1.470101997256278992e-04 2.736146748065948486e-02 2.709380537271499634e-02 4.939815029501914978e-03 3.818242624402046204e-02 2.796378731727600098e-02 2.191320061683654785e-02 4.251784086227416992e-02 1.524855662137269974e-02 3.443327441345900297e-04 2.056758664548397064e-02 5.856484640389680862e-03 3.747939690947532654e-02 4.577782750129699707e-02 4.806865751743316650e-02 2.948541007936000824e-02
1.539246411994099617e-03 2.834998443722724915e-02 1.037904247641563416e-02 4.099547863006591797e-02 1.535935327410697937e-03 2.967499755322933197e-02 4.840979725122451782e-02 4.719099104404449463e-01 3.471887111663818359e-02 1.596668921411037445e-02 6.721939425915479660e-03 3.142575919628143311e-02 2.509666979312896729e-02 5.403978750109672546e-03 1.912043616175651550e-02 1.989859528839588165e-02 4.408115986734628677e-03 2.013703621923923492e-02 2.111917547881603241e-02 2.790117263793945312e-02 9.005099534988403320e-03 9.228640235960483551e-03 1.653840020298957825e-02 1.573415356688201427e-03 3.363614086993038654e-04 6.318907253444194794e-03 1.394461281597614288e-02 2.114611305296421051e-02 8.943853899836540222e-03 3.168037859722971916e-03 1.327290479093790054e-02 2.914001001045107841e-03 5.025148391723632812e-03 1.740757748484611511e-02 1.205228851176798344e-03 5.603346507996320724e-03 6.823561619967222214e-03 2.223053015768527985e-02 3.149287402629852295e-02 1.318963803350925446e-02 3.943395987153053284e-02 7.687917444854974747e-03 1.633237302303314209e-02 1.301324926316738129e-03 3.306731954216957092e-02 3.768053371459245682e-03 1.146951876580715179e-02 2.308821119368076324e-02 4.662884399294853210e-02 5.457130726426839828e-03 1.263284590095281601e-02 1.850656815804541111e-03 5.614561587572097778e-02 6.199592724442481995e-03 4.186349362134933472e-02 3.114889562129974365e-02 1.327342167496681213e-02 3.333382681012153625e-02 1.972120068967342377e-02 8.739862591028213501e-03 2.533821389079093933e-03 2.226462587714195251e-02 5.017419531941413879e-02 2.702189236879348755e-02 1.602016389369964600e-02 3.273950656875967979e-03 3.892255946993827820e-02 9.617569856345653534e-03 7.927211001515388489e-03 3.526542708277702332e-02 1.371663995087146759e-03 2.921887673437595367e-02 2.596413902938365936e-02 2.160436660051345825e-02 1.832297071814537048e-02 2.313540317118167877e-02 2.751687914133071899e-02 3.911758586764335632e-02 5.099966377019882202e-02 1.481362804770469666e-02 5.612220242619514465e-02 1.012088581919670105e-01 3.395560011267662048e-02 2.779785916209220886e-02 4.583348333835601807e-02 2.008049003779888153e-02 4.483677819371223450e-02 3.054454922676086426e-02 9.199767373502254486e-03 2.020221203565597534e-02 3.370226547122001648e-02 3.286638529971241951e-03 4.273417964577674866e-02 9.723720140755176544e-03 1.237756945192813873e-02 7.998811081051826477e-03 3.557877847924828529e-03 2.016424667090177536e-03 7.570193614810705185e-03 1.829423382878303528e-02 1.838755421340465546e-02 2.081655198708176613e-03 2.240968868136405945e-02 4.026689380407333374e-02 2.953009121119976044e-02 4.480939824134111404e-03 1.283750403672456741e-02 4.082115739583969116e-02 2.890778146684169769e-02 4.955299571156501770e-02 4.811982624232769012e-03 7.316864095628261566e-03 2.111658221110701561e-03 9.290856309235095978e-03 3.954951465129852295e-02 6.839387584477663040e-03
4.639709368348121643e-02 4.648093134164810181e-02 1.863501220941543579e-02 4.058484360575675964e-02 4.462943226099014282e-02 1.378419715911149979e-02 5.177912861108779907e-02 3.471887111663818359e-02 4.944976270198822021e-01 9.889970533549785614e-03 2.837635576725006104e-02 1.222270280122756958e-01 4.175103083252906799e-02 2.791354991495609283e-02 7.200034335255622864e-03 2.324525080621242523e-02 1.540819462388753891e-02 1.119289733469486237e-02 5.419062916189432144e-03 3.005281649529933929e-02 2.810962125658988953e-02 2.410341799259185791e-02 6.906073540449142456e-02 4.478357359766960144e-02 5.024274066090583801e-02 2.501584030687808990e-02 6.925411522388458252e-03 1.343372091650962830e-02 3.070396371185779572e-02 1.780917868018150330e-02 2.943170070648193359e-02 2.704289183020591736e-02 1.040018256753683090e-02 2.391021884977817535e-02 1.219795551151037216e-02 1.666752435266971588e-02 2.340598264709115028e-03 2.571142464876174927e-02 4.897043853998184204e-02 4.913883656263351440e-02 2.832464501261711121e-02 4.880223423242568970e-02 1.213624607771635056e-02 1.411789096891880035e-02 1.953060552477836609e-02 7.609034422785043716e-03 4.117972217500209808e-03 7.317693904042243958e-03 6.980769336223602295e-02 8.993337862193584442e-03 1.854717545211315155e-02 4.726787656545639038e-02 3.794983401894569397e-02 4.544700309634208679e-02 8.798580616712570190e-02 3.347584977746009827e-02 2.508128620684146881e-02 4.367394000291824341e-02 2.684955857694149017e-02 1.574629545211791992e-02 2.968833036720752716e-02 3.684137761592864990e-02 3.583291918039321899e-02 3.562823683023452759e-02 1.117457868531346321e-03 2.460935525596141815e-02 6.110846064984798431e-03 1.942583173513412476e-02 2.064087800681591034e-02 2.034265361726284027e-02 5.595950037240982056e-02 2.828959561884403229e-02 4.286283999681472778e-02 2.571810910012573004e-04 5.718302447348833084e-03 5.644992459565401077e-03 9.491828083992004395e-02 3.573663160204887390e-02 1.292204707860946655e-01 3.158616647124290466e-02 3.428909555077552795e-02 3.207992389798164368e-02 7.362948264926671982e-03 6.524353288114070892e-03 4.082813858985900879e-02 2.712046355009078979e-02 5.540712177753448486e-02 3.946079313755035400e-02 2.184528112411499023e-02 2.352100610733032227e-02 2.935476973652839661e-02 1.889514178037643433e-02 1.398647949099540710e-02 3.268392756581306458e-02 2.849111333489418030e-02 4.559632390737533569e-02 7.776708342134952545e-03 9.139356762170791626e-02 5.156417563557624817e-02 1.357404608279466629e-02 2.909570932388305664e-02 3.521672263741493225e-02 3.391971439123153687e-02 8.329487405717372894e-03 1.738423109054565430e-02 5.602841265499591827e-03 6.013578269630670547e-03 3.574711456894874573e-02 4.009721800684928894e-02 2.739519579336047173e-03 1.837882795371115208e-03 9.061512537300586700e-03 3.740700427442789078e-03 1.775250025093555450e-02 4.214476794004440308e-03 2.452036738395690918e-02
4.396414384245872498e-02 8.498523384332656860e-03 5.567057523876428604e-03 2.191326394677162170e-02 3.793573752045631409e-02 1.785982958972454071e-02 7.869285531342029572e-03 1.596668921411037445e-02 9.889970533549785614e-03 4.969305098056793213e-01 3.717737272381782532e-03 5.012941546738147736e-04 1.912971958518028259e-02 6.478487700223922729e-02 3.700940683484077454e-02 5.427188798785209656e-02 3.433746472001075745e-02 1.508685480803251266e-02 3.918920829892158508e-02 4.169427230954170227e-02 1.317155826836824417e-02 3.034519962966442108e-02 7.960695773363113403e-03 6.848633638583123684e-04 2.154609374701976776e-02 4.587703850120306015e-03 2.553123980760574341e-03 2.388001233339309692e-02 1.516513712704181671e-02 5.573388561606407166e-02 3.269771859049797058e-02 6.499222945421934128e-03 1.093804743140935898e-02 1.722719054669141769e-03 1.632277667522430420e-02 2.985372021794319153e-02 5.686721205711364746e-02 4.526191204786300659e-02 1.428885292261838913e-02 2.482993155717849731e-02 2.407455071806907654e-02 3.731970489025115967e-02 2.982515282928943634e-02 1.447238959372043610e-02 1.968929357826709747e-02 7.206591963768005371e-02 4.783955961465835571e-02 2.790365368127822876e-02 2.591451816260814667e-02 7.778755575418472290e-02 1.695664040744304657e-02 2.144417166709899902e-02 5.361512675881385803e-02 2.036294154822826385e-02 2.558104693889617920e-02 8.620487153530120850e-02 4.874366521835327148e-02 6.640143692493438721e-03 2.866367576643824577e-03 4.397428594529628754e-03 4.128755256533622742e-02 1.548803877085447311e-03 1.846447028219699860e-02 5.145021900534629822e-02 5.550267640501260757e-03 3.040617518126964569e-02 3.907559812068939209e-02 5.580188240855932236e-03 3.922951593995094299e-02 2.816540561616420746e-02 5.239281803369522095e-02 4.145794548094272614e-03 2.461659163236618042e-02 3.822888061404228210e-02 3.928215056657791138e-02 2.522054128348827362e-02 1.768412813544273376e-02 5.911239236593246460e-02 3.819170966744422913e-02 1.121623292565345764e-01 1.072811242192983627e-02 5.166483670473098755e-02 2.968203276395797729e-02 5.777585878968238831e-02 5.425003822892904282e-03 6.044030934572219849e-02 2.156358771026134491e-02 1.751624047756195068e-02 4.502670094370841980e-02 6.269641965627670288e-02 4.614467173814773560e-02 2.912648953497409821e-02 7.026087958365678787e-03 4.963110014796257019e-02 5.028415098786354065e-02 3.581183031201362610e-02 9.150982368737459183e-04 1.397876907140016556e-02 8.542623370885848999e-03 1.575492089614272118e-03 2.972090803086757660e-02 2.911484614014625549e-02 3.673230530694127083e-03 4.641382768750190735e-02 2.826256491243839264e-02 6.321599707007408142e-03 4.248437285423278809e-02 3.794506192207336426e-02 4.198146238923072815e-02 1.510110311210155487e-02 4.092062823474407196e-03 4.986158385872840881e-02 2.686855755746364594e-02 3.977365046739578247e-02 3.512793779373168945e-02 3.950270265340805054e-02
1.251668035984039307e-01 1.093801334500312805e-01 5.276933684945106506e-02 1.525732874870300293e-02 2.946496941149234772e-02 1.002037599682807922e-01 1.268598437309265137e-01 6.721939425915479660e-03 2.837635576725006104e-02 3.717737272381782532e-03 5.183465480804443359e-01 1.305241696536540985e-02 9.931560605764389038e-02 3.221506625413894653e-02 8.338651619851589203e-03 2.882421016693115234e-02 4.215979948639869690e-02 1.299212500452995300e-02 3.269566223025321960e-02 2.258471213281154633e-02 3.987571224570274353e-02 1.311284489929676056e-02 4.382751882076263428e-02 4.820390418171882629e-02 5.449400749057531357e-03 8.026017807424068451e-03 3.209378942847251892e-02 2.414072677493095398e-02 8.003149181604385376e-03 1.989531889557838440e-02 1.628723368048667908e-02 1.036526728421449661e-02 2.038452588021755219e-02 2.602682798169553280e-04 4.789394885301589966e-02 1.802278868854045868e-02 2.994688227772712708e-02 3.285486251115798950e-02 1.135302148759365082e-02 1.782578229904174805e-02 8.989615365862846375e-03 3.606472164392471313e-04 1.901298202574253082e-02 3.120458684861660004e-02 5.130696296691894531e-02 4.626995697617530823e-02 7.535530626773834229e-02 1.008959561586380005e-01 1.229422166943550110e-02 1.219770871102809906e-02 1.120163360610604286e-03 2.762025408446788788e-02 3.895935788750648499e-02 4.953086841851472855e-03 4.160922393202781677e-02 1.742945052683353424e-02 4.145834222435951233e-02 3.512702509760856628e-02 5.365807097405195236e-03 2.687027677893638611e-03 1.572099700570106506e-02 2.957618422806262970e-02 1.122003141790628433e-02 1.699755340814590454e-02 6.578543037176132202e-02 4.603423550724983215e-02 2.301038801670074463e-02 2.158698812127113342e-02 3.147722035646438599e-02 8.949317038059234619e-03 2.522856555879116058e-02 5.239961296319961548e-02 1.435976848006248474e-02 3.151220083236694336e-02 2.633491158485412598e-02 5.295680370181798935e-03 5.273525416851043701e-02 1.199013087898492813e-02 4.385143145918846130e-02 3.328734601382166147e-04 1.605119742453098297e-02 9.503698907792568207e-03 3.734157979488372803e-02 4.608643427491188049e-02 1.737555721774697304e-04 5.153144709765911102e-03 1.309398375451564789e-02 1.630483893677592278e-03 7.538727018982172012e-03 3.794414550065994263e-02 8.414691314101219177e-03 6.424025446176528931e-02 7.865534722805023193e-02 6.406452506780624390e-02 5.777454469352960587e-03 2.919559180736541748e-02 3.684623911976814270e-02 2.992608118802309036e-03 7.379308342933654785e-03 2.075757831335067749e-02 4.719888791441917419e-02 4.770728945732116699e-02 8.555097156204283237e-04 4.145677760243415833e-02 2.275066450238227844e-02 3.060034848749637604e-02 1.939587295055389404e-02 4.365171119570732117e-02 4.758873255923390388e-04 4.115663841366767883e-02 3.708125650882720947e-02 4.747795686125755310e-02 3.447386249899864197e-02 4.893862828612327576e-02 2.430829219520092010e-02 6.021271925419569016e-03
1.195920072495937347e-02 1.357221323996782303e-02 1.708377525210380554e-02 2.791636064648628235e-02 8.569271303713321686e-03 1.105135306715965271e-01 7.277584634721279144e-03 3.142575919628143311e-02 1.222270280122756958e-01 5.012941546738147736e-04 1.305241696536540985e-02 4.830569326877593994e-01 3.323054313659667969e-02 1.403376460075378418e-01 5.502655636519193649e-03 3.080844692885875702e-02 1.822745054960250854e-02 9.572523995302617550e-04 3.566373139619827271e-02 3.165205940604209900e-03 3.182288259267807007e-02 1.316342409700155258e-02 7.934859395027160645e-02 6.112191081047058105e-02 5.327158048748970032e-02 2.670963108539581299e-02 1.073828060179948807e-02 5.473035201430320740e-02 5.440825130790472031e-03 4.321692138910293579e-02 1.572019048035144806e-02 1.637560129165649414e-02 2.761172130703926086e-03 2.154676429927349091e-02 1.134559046477079391e-02 1.772583462297916412e-02 1.059017051011323929e-02 1.009932719171047211e-03 3.186061978340148926e-02 3.772759065032005310e-02 1.389210857450962067e-02 1.268979813903570175e-02 2.642587013542652130e-02 1.624257676303386688e-02 4.221261665225028992e-02 2.512335777282714844e-03 4.818604514002799988e-02 3.867002204060554504e-02 1.210006885230541229e-02 5.887650186195969582e-04 4.970404878258705139e-02 2.149236947298049927e-02 2.528585679829120636e-02 1.867981627583503723e-02 2.239244244992733002e-02 3.128126636147499084e-02 1.732247322797775269e-02 3.088093735277652740e-02 2.450450509786605835e-02 5.456167832016944885e-02 4.547699168324470520e-02 2.327737770974636078e-02 4.711990058422088623e-02 2.344308048486709595e-02 5.772061180323362350e-03 3.786269575357437134e-02 1.606697449460625648e-03 4.398389253765344620e-03 3.489233925938606262e-02 2.558886446058750153e-02 5.768805369734764099e-02 4.075358062982559204e-02 4.431838542222976685e-02 4.055844247341156006e-02 1.306512206792831421e-02 3.653716295957565308e-02 4.510996863245964050e-02 3.719687834382057190e-02 9.184927493333816528e-02 1.343356352299451828e-02 2.837519394233822823e-03 4.419672861695289612e-02 2.394794113934040070e-02 2.986660785973072052e-02 3.140735998749732971e-02 3.047958947718143463e-02 1.272374764084815979e-02 1.637623645365238190e-02 3.661861270666122437e-02 1.420255843549966812e-02 4.273388162255287170e-02 5.155809689313173294e-03 3.422134742140769958e-02 9.213366865878924727e-05 2.135006152093410492e-02 2.764121256768703461e-02 2.067411132156848907e-02 7.991512864828109741e-02 1.202216744422912598e-02 1.498285681009292603e-02 4.595808684825897217e-02 4.107642546296119690e-02 2.125488966703414917e-02 1.745083741843700409e-02 4.665426164865493774e-02 1.981951209018006921e-04 6.164918886497616768e-04 1.157864648848772049e-02 3.551648184657096863e-02 4.821236059069633484e-02 8.294819854199886322e-03 9.764313697814941406e-03 1.365664694458246231e-02 2.231390913948416710e-03 1.007033511996269226e-03 2.374530397355556488e-02
8.852044492959976196e-02 1.255367547273635864e-01 4.105730447918176651e-03 1.245843525975942612e-02 9.639710187911987305e-03 6.417410820722579956e-02 7.864996790885925293e-02 2.509666979312896729e-02 4.175103083252906799e-02 1.912971958518028259e-02 9.931560605764389038e-02 3.323054313659667969e-02 5.050604343414306641e-01 2.133564464747905731e-02 3.919465234503149986e-04 1.844270527362823486e-02 4.620913416147232056e-02 1.324002072215080261e-02 1.060487795621156693e-02 4.390341416001319885e-02 1.510168332606554031e-02 5.820336565375328064e-02 4.920922219753265381e-02 3.681845217943191528e-02 2.258950658142566681e-02 2.130433358252048492e-02 7.783095352351665497e-03 2.714201621711254120e-02 3.541289269924163818e-02 2.885570563375949860e-02 7.394393440335988998e-03 2.071188203990459442e-02 3.873986005783081055e-02 7.246039807796478271e-03 4.114587232470512390e-02 3.804137557744979858e-02 2.107212878763675690e-02 2.597968094050884247e-03 3.027064166963100433e-02 7.221841719001531601e-03 3.989003971219062805e-02 3.428382053971290588e-02 5.019568651914596558e-02 1.108692120760679245e-02 3.593152016401290894e-02 1.775133609771728516e-02 7.105156034231185913e-02 8.359710127115249634e-02 4.007123783230781555e-02 3.043738659471273422e-03 3.016779385507106781e-02 7.473029196262359619e-03 3.736047074198722839e-02 4.384861793369054794e-03 1.077784225344657898e-02 6.373632233589887619e-03 5.695797968655824661e-03 4.313392937183380127e-02 3.991238027811050415e-02 2.718200348317623138e-02 3.638796880841255188e-02 8.266668766736984253e-03 4.203207045793533325e-02 3.846103558316826820e-03 2.563027478754520416e-02 1.059416979551315308e-01 6.841983646154403687e-03 3.992205485701560974e-03 2.859540842473506927e-02 1.862487941980361938e-02 5.279526859521865845e-02 2.938387170433998108e-02 2.689637243747711182e-02 3.307225182652473450e-02 1.089228782802820206e-02 5.341099575161933899e-02 1.299892086535692215e-02 3.218131512403488159e-02 4.242805019021034241e-02 4.282862320542335510e-02 3.573099384084343910e-03 1.172790769487619400e-03 3.837178647518157959e-02 1.720496080815792084e-02 2.717804349958896637e-02 4.604896903038024902e-02 4.433516878634691238e-03 5.962426215410232544e-02 5.315942317247390747e-02 1.592472428455948830e-03 9.560783393681049347e-03 4.125521332025527954e-02 7.244972139596939087e-02 3.842760995030403137e-02 4.262140020728111267e-02 4.085184633731842041e-02 4.986517503857612610e-02 2.365075238049030304e-02 3.874164773151278496e-03 3.679878264665603638e-02 1.099570747464895248e-02 3.266833722591400146e-02 8.125901222229003906e-03 1.311353594064712524e-02 1.300569041632115841e-03 1.733074523508548737e-02 4.871027544140815735e-03 5.742895882576704025e-03 1.963834464550018311e-02 2.668404951691627502e-02 2.990711363963782787e-04 1.009903426165692508e-04 3.187898918986320496e-02 1.384844351559877396e-02 4.777222871780395508e-02 4.503371566534042358e-02
