4.974093139171600342e-01 1.669519096612930298e-01 4.975084215402603149e-03 4.262553527951240540e-02 5.034211277961730957e-02 1.684360653162002563e-01 1.565181463956832886e-01 8.944948203861713409e-03 3.122167894616723061e-03 1.958007179200649261e-02 1.507947295904159546e-01 2.596074156463146210e-02 9.975511580705642700e-02 2.283394522964954376e-02 1.991705596446990967e-02 1.913923211395740509e-02 9.107530117034912109e-03 1.065241917967796326e-02 1.257510390132665634e-02 3.641775995492935181e-02 3.440023586153984070e-02 2.184763550758361816e-02 6.462670397013425827e-03 1.764324377290904522e-03 3.670254349708557129e-02 4.940505698323249817e-02 2.333971112966537476e-02 3.305759653449058533e-02 1.047296077013015747e-02 1.778321713209152222e-02 4.279699176549911499e-02 3.012342145666480064e-03 1.526104845106601715e-02 1.471256092190742493e-02 2.123791165649890900e-02 1.365999039262533188e-02 1.436307094991207123e-02 6.964707747101783752e-03 1.337531721219420433e-03 7.548023015260696411e-03 2.131405659019947052e-02 1.652754284441471100e-02 1.682401634752750397e-02 3.902947157621383667e-02 6.190542131662368774e-03 1.458021625876426697e-02 9.959834069013595581e-02 4.228927567601203918e-02 3.603317961096763611e-02 3.208775445818901062e-02 4.448793083429336548e-02 3.240689262747764587e-02 3.478852659463882446e-02 4.291948676109313965e-02 8.229516446590423584e-03 2.757662534713745117e-02 2.444425225257873535e-02 1.865424215793609619e-02 4.612784832715988159e-02 4.885102808475494385e-02 2.647026255726814270e-02 6.816263310611248016e-03 4.112194105982780457e-02 2.284047380089759827e-02 6.788277998566627502e-03 2.735605277121067047e-02 3.908714652061462402e-02 2.013172954320907593e-02 7.973019964993000031e-03 1.567260769661515951e-04 3.932028636336326599e-02 3.532149270176887512e-02 4.984420165419578552e-02 4.942337516695261002e-03 4.644353315234184265e-02 2.944839932024478912e-02 3.855654224753379822e-02 1.709432713687419891e-02 3.034044988453388214e-02 3.919495642185211182e-02 3.544565662741661072e-02 4.480072483420372009e-02 4.621728882193565369e-02 2.687979862093925476e-02 1.967326551675796509e-02 3.028798662126064301e-02 2.542691305279731750e-03 3.681718930602073669e-02 2.756501175463199615e-02 1.487104129046201706e-02 5.134657397866249084e-02 2.551109297201037407e-03 3.500711917877197266e-02 2.129689790308475494e-02 1.582244411110877991e-03 1.872893306426703930e-03 2.121826075017452240e-02 5.754342768341302872e-03 4.085920751094818115e-02 7.728316995780915022e-05 7.938111200928688049e-03 6.187308114022016525e-03 2.331415191292762756e-02 4.575083777308464050e-02 1.092674490064382553e-02 1.528479973785579205e-03 2.280866354703903198e-02 3.179322928190231323e-02 2.980920858681201935e-02 3.422287479043006897e-02 1.119692623615264893e-02 3.395564109086990356e-02 4.553261096589267254e-04 5.892171058803796768e-03 1.495780423283576965e-02 3.725575283169746399e-02
1.669519096612930298e-01 4.891734123229980469e-01 2.233723551034927368e-02 3.804122284054756165e-02 3.398495912551879883e-02 1.332415789365768433e-01 1.537511646747589111e-01 3.365075588226318359e-02 1.057513430714607239e-02 3.694597631692886353e-02 1.186714842915534973e-01 3.788365423679351807e-02 1.170922070741653442e-01 3.132636100053787231e-02 3.206697106361389160e-02 5.483412183821201324e-03 1.060480531305074692e-02 3.257758216932415962e-03 8.507591672241687775e-03 3.964969515800476074e-02 3.860022872686386108e-03 2.616484276950359344e-02 1.371600106358528137e-02 2.773178275674581528e-03 1.098434440791606903e-03 9.882370941340923309e-03 9.925666265189647675e-03 2.644866332411766052e-02 4.343042522668838501e-02 1.327852159738540649e-02 2.537457644939422607e-02 3.332712873816490173e-02 1.406850479543209076e-02 1.759516075253486633e-02 3.539675846695899963e-02 1.572571508586406708e-02 1.900389604270458221e-02 1.667571440339088440e-02 2.005977556109428406e-02 4.257342219352722168e-02 8.862338960170745850e-03 1.724668219685554504e-02 7.456969004124403000e-03 6.064560636878013611e-02 1.248810533434152603e-02 2.486418467015028000e-03 7.738021016120910645e-02 4.011598229408264160e-02 2.606236375868320465e-02 2.634370885789394379e-02 1.293451804667711258e-02 1.496887858957052231e-02 2.045619674026966095e-02 2.973408252000808716e-02 1.916146837174892426e-02 4.377752542495727539e-03 2.595089748501777649e-02 4.160673543810844421e-02 1.618095859885215759e-02 4.010156914591789246e-02 6.895093247294425964e-03 2.129917778074741364e-02 4.842987656593322754e-02 3.047866746783256531e-02 5.422541871666908264e-02 5.397451575845479965e-03 1.076878979802131653e-02 1.459481753408908844e-02 3.345266357064247131e-02 1.604383997619152069e-02 4.199142009019851685e-02 4.980281367897987366e-02 2.876154892146587372e-02 1.269628014415502548e-02 4.058223590254783630e-02 3.286143019795417786e-02 2.369175478816032410e-02 2.870684303343296051e-02 2.782370522618293762e-02 4.179995879530906677e-02 9.611279703676700592e-03 1.987314783036708832e-02 2.586264163255691528e-02 4.386885836720466614e-02 5.367091856896877289e-03 8.776725269854068756e-03 1.476067118346691132e-02 2.485718287061899900e-04 5.464449152350425720e-02 6.729289307259023190e-04 4.219458252191543579e-02 8.610912598669528961e-03 2.842166461050510406e-02 2.757947146892547607e-02 9.360837750136852264e-03 9.318087249994277954e-03 3.559330105781555176e-02 5.912710912525653839e-03 3.141986206173896790e-02 6.958529353141784668e-03 1.351489033550024033e-02 6.883175112307071686e-03 7.533111609518527985e-03 3.572346642613410950e-02 1.932897977530956268e-02 2.663428150117397308e-02 1.719270646572113037e-02 5.011261254549026489e-02 4.615795239806175232e-02 3.714528679847717285e-02 9.515521116554737091e-03 2.264673076570034027e-02 2.698815613985061646e-02 2.265834249556064606e-02 1.207666005939245224e-03 2.823331393301486969e-02
4.975084215402603149e-03 2.233723551034927368e-02 4.751220047473907471e-01 5.188618972897529602e-02 1.767205260694026947e-02 3.056709468364715576e-02 1.148584298789501190e-03 3.225180134177207947e-02 5.229116603732109070e-02 3.967792261391878128e-03 3.887510159984230995e-03 6.829646416008472443e-03 5.357750505208969116e-02 5.136884376406669617e-02 7.065968587994575500e-03 2.380315773189067841e-02 9.074201807379722595e-03 6.768587231636047363e-02 1.563210040330886841e-02 5.364613141864538193e-03 3.558221831917762756e-02 4.947134107351303101e-02 4.762711748480796814e-02 4.600589722394943237e-02 1.236837729811668396e-02 1.642370969057083130e-02 2.289279736578464508e-02 1.861218549311161041e-02 1.203103829175233841e-02 4.065783321857452393e-02 6.019024178385734558e-02 5.565073341131210327e-03 2.568999677896499634e-02 4.044602811336517334e-02 5.430779233574867249e-02 4.683978040702641010e-04 6.331584416329860687e-03 5.732756480574607849e-02 2.612627483904361725e-02 2.222606167197227478e-02 8.920842781662940979e-03 9.317520074546337128e-03 7.805041503161191940e-03 1.253289543092250824e-02 3.536869212985038757e-02 1.468227710574865341e-02 1.279343850910663605e-02 2.342923358082771301e-02 4.356307163834571838e-02 2.593735605478286743e-02 1.055776141583919525e-02 1.809254288673400879e-02 4.546667635440826416e-02 3.602874651551246643e-02 6.762359756976366043e-03 2.439209632575511932e-02 5.645029619336128235e-02 2.266703918576240540e-02 5.866534262895584106e-02 2.862746454775333405e-02 3.005277831107378006e-03 2.365083433687686920e-02 5.736573599278926849e-03 8.373529650270938873e-03 2.637846954166889191e-02 3.714738413691520691e-03 2.872601710259914398e-02 4.057467915117740631e-03 1.372636202722787857e-02 1.146803237497806549e-02 2.306048758327960968e-02 2.456477843225002289e-02 4.855301696807146072e-03 1.830852031707763672e-02 8.055717684328556061e-03 2.449250407516956329e-02 5.981364101171493530e-02 4.535603150725364685e-02 5.710680969059467316e-03 4.024664312601089478e-02 1.822846829891204834e-01 1.864748448133468628e-01 4.555646330118179321e-02 1.857535727322101593e-02 4.932409897446632385e-02 2.974009700119495392e-02 4.281198605895042419e-03 3.599754720926284790e-02 8.448477834463119507e-03 1.570906606502830982e-03 1.047751773148775101e-02 3.870258852839469910e-02 2.713584341108798981e-02 9.580541402101516724e-03 2.981434017419815063e-02 4.829881340265274048e-02 3.984992206096649170e-02 1.038868539035320282e-02 4.200774431228637695e-02 2.386926114559173584e-02 3.970883786678314209e-02 3.407292440533638000e-02 5.591834429651498795e-03 1.827249862253665924e-02 1.502071414142847061e-02 7.690132595598697662e-03 3.626105189323425293e-02 3.029016219079494476e-02 3.011699952185153961e-02 4.576722905039787292e-02 3.128947690129280090e-02 3.488077595829963684e-02 2.471088245511054993e-02 2.227305807173252106e-02 1.802982389926910400e-02 1.837193034589290619e-03
4.262553527951240540e-02 3.804122284054756165e-02 5.188618972897529602e-02 4.734761118888854980e-01 1.910377144813537598e-01 3.531062975525856018e-02 2.476885542273521423e-02 4.866209998726844788e-02 3.519099950790405273e-02 1.349966600537300110e-02 3.063928708434104919e-02 2.814602293074131012e-02 2.602762356400489807e-02 1.011656038463115692e-02 2.500488655641674995e-03 1.978991553187370300e-02 6.854987703263759613e-03 2.491214126348495483e-02 2.878255583345890045e-02 2.459017001092433929e-02 1.377675775438547134e-02 1.329265814274549484e-02 5.247212573885917664e-02 4.883627872914075851e-03 9.011723450385034084e-04 4.812380671501159668e-02 1.709532574750483036e-03 2.759379521012306213e-02 3.147089481353759766e-02 3.296505659818649292e-02 4.188929870724678040e-02 7.671640813350677490e-02 1.753785274922847748e-02 3.781650587916374207e-02 2.513520047068595886e-02 4.425221681594848633e-02 5.065289139747619629e-02 1.141432859003543854e-02 5.113869905471801758e-02 1.308810152113437653e-02 4.397713765501976013e-02 4.581328108906745911e-02 1.947345095686614513e-03 2.266600169241428375e-02 4.682318493723869324e-02 4.879086092114448547e-02 2.388184517621994019e-02 1.603890024125576019e-02 9.225186891853809357e-03 5.465682595968246460e-03 5.729626864194869995e-03 1.028927601873874664e-02 2.873796410858631134e-02 1.410935446619987488e-02 3.229671157896518707e-03 3.945285081863403320e-02 9.766133129596710205e-02 4.710775613784790039e-02 1.219872571527957916e-02 3.215299174189567566e-02 6.809625774621963501e-02 1.037610098719596863e-01 1.830466464161872864e-02 2.103917300701141357e-02 5.337663739919662476e-02 4.085088148713111877e-03 2.720077149569988251e-02 3.712451551109552383e-03 1.037111971527338028e-03 2.127458174072671682e-05 1.259793411009013653e-03 1.439240761101245880e-02 1.018680855631828308e-01 2.345396205782890320e-02 6.080891564488410950e-02 2.532655745744705200e-02 5.037749931216239929e-02 2.096423693001270294e-02 2.177127264440059662e-02 2.690799720585346222e-02 5.282760597765445709e-03 8.328005671501159668e-03 3.306508436799049377e-02 4.287743568420410156e-02 2.393480204045772552e-02 2.931195870041847229e-02 4.657078906893730164e-02 4.167908802628517151e-02 4.494008421897888184e-02 1.724004372954368591e-02 2.171717496821656823e-04 4.824880138039588928e-02 1.551611628383398056e-02 4.453610256314277649e-02 8.227776736021041870e-03 3.865684149786829948e-03 2.563408110290765762e-03 2.921139122918248177e-03 2.630279771983623505e-02 4.472029686439782381e-04 6.722210440784692764e-03 4.459800198674201965e-03 5.066665634512901306e-02 2.399511262774467468e-02 3.658632189035415649e-02 3.659055382013320923e-02 3.037999942898750305e-02 3.764352947473526001e-02 3.577418997883796692e-02 3.426428139209747314e-02 1.730623841285705566e-02 9.032947942614555359e-03 4.090554639697074890e-02 3.657276555895805359e-02 3.628253564238548279e-02 2.725117839872837067e-02
5.034211277961730957e-02 3.398495912551879883e-02 1.767205260694026947e-02 1.910377144813537598e-01 4.734111428260803223e-01 2.334204502403736115e-02 1.274731010198593140e-02 3.242377936840057373e-02 5.174065753817558289e-02 2.498547546565532684e-02 5.068869888782501221e-02 4.520200937986373901e-02 1.367836724966764450e-02 6.347695598378777504e-04 8.670063834870234132e-05 1.399379107169806957e-03 9.589295834302902222e-03 1.471988111734390259e-02 4.361965134739875793e-02 2.105553634464740753e-02 3.529842942953109741e-02 1.493156142532825470e-02 3.571661189198493958e-02 1.834776997566223145e-02 1.014212146401405334e-02 4.989476874470710754e-02 1.219468750059604645e-02 2.159464173018932343e-02 8.755403570830821991e-03 5.033692345023155212e-02 2.488808147609233856e-02 9.082304686307907104e-02 3.328820690512657166e-02 1.563845761120319366e-02 7.699158741161227226e-04 2.403632365167140961e-02 5.718064308166503906e-02 2.411623671650886536e-02 3.592183813452720642e-02 4.372406750917434692e-02 4.321035742759704590e-02 2.636708319187164307e-02 2.737281098961830139e-02 3.572559356689453125e-02 3.906933590769767761e-02 2.974018082022666931e-02 7.234560791403055191e-03 9.679208509624004364e-03 4.202887043356895447e-02 2.301415224792435765e-05 3.501668944954872131e-02 3.269229829311370850e-02 2.883110195398330688e-02 4.465946927666664124e-03 2.232263609766960144e-02 2.997779846191406250e-02 3.671123087406158447e-02 1.276268344372510910e-02 1.110373996198177338e-02 5.341781303286552429e-02 2.680813707411289215e-02 8.724207431077957153e-02 1.000807899981737137e-02 2.337488718330860138e-02 3.496606647968292236e-02 1.659669913351535797e-02 3.440008312463760376e-02 1.035587675869464874e-02 2.470890991389751434e-02 2.911340817809104919e-02 1.686838269233703613e-02 5.388149060308933258e-03 1.132049784064292908e-01 2.625645324587821960e-02 1.124541386961936951e-01 3.520649857819080353e-03 4.235873371362686157e-02 2.904120832681655884e-02 3.741133958101272583e-02 4.800900071859359741e-02 4.330074787139892578e-02 3.718163818120956421e-02 4.242264851927757263e-02 3.285002894699573517e-03 2.756580244749784470e-03 1.618036255240440369e-02 5.310923606157302856e-02 4.280477389693260193e-02 5.160292610526084900e-02 3.798615559935569763e-02 6.747154053300619125e-03 4.681029915809631348e-02 1.983461156487464905e-02 2.461397089064121246e-02 3.457013517618179321e-04 1.099186204373836517e-02 5.920289549976587296e-03 1.091846730560064316e-02 1.697705686092376709e-02 2.077041938900947571e-02 2.276475168764591217e-02 2.345258742570877075e-02 3.228718787431716919e-02 4.272611811757087708e-02 3.360728919506072998e-02 6.280806660652160645e-02 3.802489116787910461e-02 5.045859888195991516e-02 4.725752770900726318e-02 3.126787394285202026e-02 4.064138606190681458e-02 2.059527300298213959e-02 3.469074890017509460e-02 1.900845021009445190e-02 2.999822050333023071e-02 4.072044510394334793e-03
1.684360653162002563e-01 1.332415789365768433e-01 3.056709468364715576e-02 3.531062975525856018e-02 2.334204502403736115e-02 4.919659793376922607e-01 1.980831176042556763e-01 2.189213223755359650e-02 2.896866528317332268e-03 1.165592297911643982e-02 1.392581164836883545e-01 4.133171588182449341e-02 1.255597174167633057e-01 7.111134938895702362e-03 4.761838912963867188e-02 3.644495084881782532e-02 6.205116212368011475e-02 1.529230643063783646e-02 2.608344703912734985e-02 2.528304420411586761e-02 2.359681390225887299e-02 1.570686511695384979e-02 2.006463520228862762e-02 1.652178540825843811e-02 1.417323853820562363e-02 2.680285461246967316e-02 1.638172380626201630e-02 2.954874187707901001e-02 2.674907818436622620e-02 4.383243620395660400e-03 4.289372637867927551e-02 1.998055540025234222e-02 6.915636360645294189e-03 5.453724786639213562e-02 2.223246544599533081e-02 2.904514782130718231e-02 3.707270696759223938e-02 1.737425290048122406e-02 3.541702032089233398e-02 1.063081342726945877e-02 2.858830988407135010e-02 4.911857098340988159e-02 4.753431305289268494e-02 2.869825437664985657e-02 3.019492700695991516e-02 4.314728081226348877e-02 1.383694857358932495e-01 5.814981833100318909e-02 2.177379094064235687e-02 3.481340594589710236e-03 1.328055746853351593e-02 2.322228439152240753e-02 4.080398380756378174e-02 2.238366752862930298e-02 3.824763000011444092e-02 2.457870356738567352e-02 2.701164595782756805e-02 1.930996589362621307e-02 4.032775759696960449e-02 1.478323712944984436e-02 3.405790030956268311e-02 2.654151525348424911e-03 3.081498667597770691e-02 1.639356836676597595e-02 2.343802154064178467e-02 3.226666897535324097e-02 3.234986588358879089e-02 1.771298353560268879e-03 2.538386359810829163e-02 9.422117727808654308e-04 6.330096628516912460e-03 8.755419548833742738e-05 3.076436743140220642e-02 1.001202408224344254e-02 1.367941033095121384e-03 2.200711518526077271e-02 3.101377934217453003e-02 4.522282630205154419e-02 4.250737279653549194e-02 3.086459077894687653e-02 2.777097746729850769e-02 1.481599453836679459e-02 3.463644534349441528e-02 3.659734129905700684e-02 1.851836964488029480e-02 3.021623194217681885e-02 4.700484685599803925e-03 3.767938539385795593e-02 1.331863738596439362e-02 4.218621645122766495e-03 5.269603803753852844e-02 1.703844964504241943e-02 2.625385485589504242e-02 1.565926894545555115e-02 1.298713404685258865e-02 7.555490825325250626e-03 9.663958102464675903e-03 2.418568916618824005e-02 3.661719337105751038e-02 1.289864350110292435e-02 7.590791792608797550e-04 1.720559038221836090e-02 2.433365397155284882e-02 3.350843116641044617e-02 4.958184808492660522e-02 4.505391418933868408e-02 3.152923658490180969e-02 4.493138939142227173e-02 2.447007223963737488e-02 5.280928313732147217e-02 2.125257253646850586e-02 3.775607049465179443e-02 3.200131282210350037e-02 4.856576770544052124e-02 1.450963318347930908e-03 3.368792682886123657e-02
1.565181463956832886e-01 1.537511646747589111e-01 1.148584298789501190e-03 2.476885542273521423e-02 1.274731010198593140e-02 1.980831176042556763e-01 4.994456768035888672e-01 1.721251569688320160e-02 9.132754057645797729e-03 4.772701114416122437e-02 1.386618018150329590e-01 5.410141311585903168e-03 1.371221393346786499e-01 1.317536225542426109e-03 3.181377053260803223e-02 2.523739449679851532e-02 4.003394767642021179e-02 2.163180150091648102e-02 1.758882589638233185e-02 3.434020653367042542e-02 2.157899178564548492e-02 2.274511940777301788e-02 2.208280563354492188e-02 3.351147472858428955e-02 2.530709374696016312e-03 2.671925351023674011e-02 7.820595987141132355e-03 1.500355452299118042e-02 2.515318803489208221e-03 2.781999937724322081e-04 3.500953689217567444e-02 1.529318653047084808e-02 2.689309231936931610e-02 2.415857650339603424e-02 3.980229422450065613e-02 1.946559548377990723e-02 1.271857134997844696e-02 1.153481192886829376e-02 2.185010537505149841e-02 2.297554165124893188e-02 1.472665276378393173e-02 3.051905706524848938e-02 1.589856669306755066e-02 8.055391721427440643e-03 3.285375237464904785e-02 2.993864193558692932e-02 1.097544580698013306e-01 8.106300234794616699e-02 3.980430588126182556e-02 3.030373342335224152e-02 3.773788362741470337e-02 4.149271175265312195e-02 2.378924936056137085e-02 4.175243526697158813e-02 1.893609762191772461e-02 1.023680716753005981e-02 4.148343205451965332e-02 2.455123513936996460e-02 2.195398882031440735e-02 3.747056052088737488e-02 2.673333324491977692e-02 3.233739407733082771e-03 4.217217117547988892e-02 2.606736682355403900e-02 2.257077209651470184e-02 2.639020606875419617e-02 1.466872822493314743e-02 1.245225034654140472e-02 2.064391598105430603e-02 7.063799537718296051e-03 2.764461562037467957e-02 2.103814110159873962e-02 1.557034719735383987e-02 2.745155803859233856e-02 1.115454453974962234e-02 3.432936221361160278e-02 4.638481512665748596e-02 4.475029930472373962e-02 4.142496362328529358e-02 3.830928355455398560e-02 2.997615747153759003e-02 4.001241922378540039e-02 4.314400255680084229e-02 3.216809779405593872e-02 7.894502021372318268e-03 2.202613977715373039e-03 3.749502357095479965e-03 1.911622472107410431e-02 2.540605328977108002e-02 1.627871207892894745e-02 5.233778059482574463e-02 1.564812660217285156e-02 4.097756370902061462e-02 3.171274065971374512e-02 6.106346845626831055e-03 9.025127626955509186e-03 5.068498663604259491e-03 1.881802827119827271e-02 3.051843121647834778e-02 1.132729928940534592e-03 2.201432362198829651e-02 2.705394476652145386e-02 2.687354199588298798e-02 3.117340616881847382e-02 8.338094688951969147e-03 3.407616913318634033e-02 2.225707657635211945e-02 3.627448529005050659e-02 2.827812172472476959e-02 3.758264705538749695e-02 2.240135148167610168e-02 2.751168422400951385e-02 1.267621014267206192e-02 1.172344572842121124e-02 3.555434942245483398e-02 2.670135721564292908e-02
8.944948203861713409e-03 3.365075588226318359e-02 3.225180134177207947e-02 4.866209998726844788e-02 3.242377936840057373e-02 2.189213223755359650e-02 1.721251569688320160e-02 4.717605113983154297e-01 1.262182835489511490e-02 3.775072842836380005e-02 1.358758285641670227e-02 3.806398063898086548e-02 5.498952232301235199e-03 2.913519926369190216e-02 3.027908876538276672e-02 4.325734823942184448e-02 3.536741435527801514e-02 2.299729036167263985e-03 2.700746804475784302e-02 7.015840616077184677e-03 1.735215634107589722e-02 1.163522060960531235e-02 2.117113769054412842e-02 3.893308108672499657e-03 1.575106941163539886e-02 2.004311047494411469e-02 2.000555768609046936e-02 1.924789883196353912e-02 4.789848625659942627e-02 3.915853053331375122e-02 1.286990474909543991e-02 3.577568754553794861e-02 1.192417345009744167e-03 9.254655800759792328e-03 3.881957754492759705e-02 2.803101390600204468e-02 5.221538711339235306e-03 1.128320954740047455e-02 6.991369277238845825e-02 4.036427289247512817e-02 5.714134871959686279e-02 2.161823399364948273e-02 3.209015354514122009e-02 4.459569603204727173e-02 2.666568942368030548e-02 3.058879822492599487e-02 2.294918708503246307e-02 1.907058432698249817e-02 2.033247239887714386e-02 4.349081963300704956e-02 3.119629994034767151e-02 2.793253771960735321e-02 2.827937714755535126e-02 2.722574025392532349e-02 4.074166342616081238e-02 2.865562960505485535e-02 3.243606537580490112e-02 1.049639377743005753e-02 2.606039680540561676e-02 3.175616264343261719e-02 3.898094594478607178e-02 5.310723558068275452e-02 4.355286713689565659e-03 2.165674790740013123e-02 2.317284047603607178e-02 1.550944708287715912e-02 4.175246285740286112e-04 1.884532161056995392e-02 3.750974684953689575e-02 2.420259080827236176e-02 1.441306155174970627e-02 4.771948605775833130e-02 4.760891199111938477e-02 3.716287389397621155e-02 3.901904448866844177e-02 1.651873998343944550e-02 1.949154958128929138e-02 6.011627148836851120e-03 1.665124110877513885e-02 3.440541774034500122e-02 8.561522513628005981e-02 9.471450001001358032e-02 2.209978550672531128e-02 2.976803341880440712e-03 1.297145499847829342e-03 6.304158363491296768e-03 4.895560443401336670e-02 7.174091041088104248e-02 7.253351155668497086e-03 2.407461218535900116e-02 4.305683448910713196e-02 8.385065011680126190e-03 1.724383048713207245e-02 2.215807093307375908e-03 2.421649545431137085e-02 7.721810601651668549e-03 2.869950793683528900e-02 8.368947543203830719e-03 2.329806424677371979e-02 9.655034169554710388e-03 4.026849567890167236e-02 3.546726703643798828e-02 1.687070727348327637e-02 1.367882639169692993e-02 4.438332840800285339e-02 1.948190480470657349e-02 1.451511122286319733e-02 2.468092367053031921e-02 5.001796036958694458e-02 8.827039971947669983e-03 2.579109556972980499e-02 4.979701340198516846e-02 7.286972366273403168e-03 7.952751591801643372e-03 1.036588028073310852e-01 4.106883704662322998e-02
3.122167894616723061e-03 1.057513430714607239e-02 5.229116603732109070e-02 3.519099950790405273e-02 5.174065753817558289e-02 2.896866528317332268e-03 9.132754057645797729e-03 1.262182835489511490e-02 4.685714542865753174e-01 6.793940812349319458e-02 2.100289240479469299e-02 1.475090254098176956e-02 4.050178453326225281e-02 4.636425524950027466e-02 5.230151489377021790e-02 6.049378216266632080e-02 2.835854422301054001e-03 1.604695618152618408e-02 3.331634774804115295e-02 5.613256245851516724e-02 5.438530072569847107e-02 5.383520200848579407e-02 6.083862483501434326e-02 1.146324630826711655e-02 5.549303442239761353e-02 1.154680829495191574e-02 2.885253354907035828e-02 3.578984737396240234e-02 3.825399652123451233e-02 1.485753455199301243e-03 4.561931267380714417e-02 2.671222202479839325e-02 3.527727094478905201e-04 3.449932858347892761e-02 1.770538277924060822e-02 1.734880544245243073e-02 3.849468752741813660e-02 1.562758348882198334e-02 1.002057362347841263e-02 5.907978117465972900e-02 2.242002822458744049e-02 6.258712708950042725e-02 1.523133087903261185e-02 1.216221693903207779e-02 2.066936157643795013e-02 4.869049414992332458e-02 2.455016225576400757e-02 6.789580453187227249e-03 3.540659695863723755e-02 4.016089439392089844e-02 5.862122774124145508e-02 3.702871873974800110e-02 6.712200120091438293e-03 3.403181210160255432e-02 6.292865425348281860e-02 3.873538225889205933e-02 2.429131232202053070e-02 1.533797103911638260e-02 2.215607836842536926e-02 2.643614821135997772e-02 2.505600452423095703e-02 4.398345202207565308e-02 9.367066668346524239e-04 1.761356927454471588e-02 3.114880621433258057e-02 9.634406305849552155e-03 3.889800980687141418e-02 9.056301787495613098e-03 8.579290471971035004e-03 2.717746980488300323e-02 1.397063769400119781e-02 1.175957266241312027e-02 4.383056983351707458e-02 5.371683463454246521e-02 1.853317394852638245e-02 4.000179469585418701e-02 1.035250425338745117e-01 1.186472550034523010e-02 4.779783543199300766e-03 4.244126752018928528e-02 1.365363365039229393e-03 3.915236331522464752e-03 7.518465071916580200e-02 2.471165359020233154e-02 4.086892679333686829e-02 2.285637706518173218e-02 5.397221539169549942e-03 8.973529562354087830e-03 3.238856792449951172e-02 2.988217631354928017e-03 1.166365924291312695e-03 2.787317335605621338e-02 5.708444863557815552e-03 4.390215873718261719e-02 1.641056686639785767e-02 3.123212372884154320e-03 2.383464202284812927e-02 1.821075007319450378e-02 1.024605520069599152e-02 1.723624579608440399e-02 2.493912819772958755e-03 2.443378046154975891e-02 1.622979412786662579e-03 1.563426107168197632e-02 4.060718044638633728e-02 2.485428936779499054e-02 2.755546383559703827e-02 2.857052348554134369e-02 5.918565019965171814e-02 2.137053234037011862e-04 2.075538225471973419e-02 4.471344873309135437e-02 2.540065720677375793e-02 2.242939174175262451e-02 3.325782716274261475e-02 3.397138789296150208e-02
1.958007179200649261e-02 3.694597631692886353e-02 3.967792261391878128e-03 1.349966600537300110e-02 2.498547546565532684e-02 1.165592297911643982e-02 4.772701114416122437e-02 3.775072842836380005e-02 6.793940812349319458e-02 4.842058420181274414e-01 1.842922158539295197e-02 4.954157769680023193e-02 4.669339582324028015e-02 8.840241283178329468e-02 4.091848433017730713e-02 3.306871280074119568e-02 2.352261170744895935e-02 5.424322932958602905e-02 4.502560570836067200e-02 3.865242004394531250e-03 5.311083793640136719e-02 4.667773097753524780e-02 5.194705724716186523e-02 1.952645368874073029e-02 3.576983930543065071e-03 4.645070061087608337e-02 5.378572270274162292e-03 2.381272427737712860e-02 1.157386973500251770e-02 2.279728837311267853e-02 1.896842196583747864e-02 2.103263884782791138e-02 2.046079188585281372e-02 7.490801624953746796e-03 4.519577324390411377e-02 2.297844737768173218e-03 2.899426408112049103e-02 1.895626075565814972e-02 6.135667208582162857e-03 6.283871363848447800e-03 1.215837337076663971e-02 2.763978950679302216e-02 8.140973746776580811e-03 2.757377922534942627e-02 3.714750707149505615e-02 3.980806842446327209e-02 3.770902007818222046e-02 1.442613452672958374e-02 8.147764950990676880e-03 1.071763336658477783e-01 3.452428802847862244e-02 4.874803870916366577e-02 1.451778318732976913e-02 3.563357517123222351e-02 1.565194688737392426e-02 1.090951189398765564e-01 9.806174784898757935e-03 3.662427514791488647e-02 1.551986206322908401e-02 3.293134644627571106e-02 3.697348386049270630e-02 4.548902809619903564e-02 3.091562725603580475e-02 3.283640136942267418e-03 1.218735799193382263e-02 4.457483440637588501e-02 2.605591434985399246e-03 1.661708229221403599e-03 5.691015720367431641e-02 1.286191772669553757e-02 2.970525063574314117e-02 4.484803974628448486e-02 1.297566294670104980e-02 3.116658329963684082e-02 1.694199070334434509e-02 3.160722181200981140e-02 4.201786220073699951e-02 1.306239366531372070e-01 2.033802121877670288e-02 7.213914394378662109e-02 2.026666514575481415e-02 1.782333664596080780e-02 4.073690157383680344e-03 1.922204159200191498e-02 3.368737176060676575e-02 1.357949152588844299e-02 1.321435411227867007e-04 3.230320289731025696e-02 3.293388755992054939e-03 1.184520274400711060e-01 4.491524596232920885e-04 5.435850098729133606e-02 5.920862406492233276e-02 1.842360571026802063e-02 4.745962098240852356e-03 2.249881811439990997e-02 4.367864131927490234e-02 4.774188622832298279e-02 3.245536983013153076e-02 7.568670436739921570e-03 3.444230556488037109e-02 1.920957118272781372e-02 1.448802370578050613e-02 1.787007786333560944e-02 9.141687769442796707e-05 3.116286732256412506e-02 4.327144101262092590e-02 2.805274724960327148e-02 5.158948525786399841e-02 2.736688777804374695e-02 4.426858946681022644e-02 9.572756476700305939e-03 3.314913809299468994e-02 3.637331351637840271e-02 2.602902427315711975e-02 1.930057420395314693e-03
1.507947295904159546e-01 1.186714842915534973e-01 3.887510159984230995e-03 3.063928708434104919e-02 5.068869888782501221e-02 1.392581164836883545e-01 1.386618018150329590e-01 1.358758285641670227e-02 2.100289240479469299e-02 1.842922158539295197e-02 4.938025772571563721e-01 2.046287059783935547e-02 1.347041726112365723e-01 1.859825104475021362e-02 1.122628338634967804e-02 1.355193555355072021e-02 2.087270468473434448e-02 2.168458886444568634e-02 1.760907098650932312e-02 4.466446116566658020e-02 3.288045525550842285e-02 3.145691752433776855e-02 8.338847197592258453e-03 1.789570413529872894e-02 1.871296018362045288e-02 3.679190203547477722e-02 1.589665003120899200e-02 2.211648505181074142e-03 8.485462167300283909e-04 6.862606853246688843e-03 5.239040032029151917e-02 6.531504448503255844e-03 2.534055337309837341e-02 8.250418119132518768e-03 2.300227759405970573e-03 3.142543509602546692e-02 5.399443674832582474e-03 5.657282192260026932e-03 4.279968794435262680e-03 1.734812743961811066e-02 1.613136380910873413e-02 1.055505499243736267e-02 1.781779713928699493e-02 2.715997630730271339e-03 1.059241965413093567e-02 2.777118422091007233e-02 1.060152649879455566e-01 5.697126314043998718e-02 1.852029561996459961e-02 3.418501466512680054e-02 4.173592850565910339e-02 1.985609158873558044e-02 4.422246944159269333e-03 2.908606547862291336e-03 1.218513306230306625e-02 3.944802656769752502e-02 8.388974703848361969e-03 2.869847789406776428e-02 4.027086496353149414e-02 3.428377211093902588e-02 4.970180988311767578e-02 1.626945845782756805e-02 2.498853392899036407e-02 2.785037038847804070e-03 3.596673160791397095e-02 3.974318876862525940e-02 2.743119001388549805e-02 1.768132857978343964e-02 2.508945576846599579e-02 8.616869337856769562e-03 4.007612168788909912e-02 2.482095174491405487e-02 4.180068150162696838e-02 7.121982052922248840e-03 2.234019152820110321e-02 2.552638947963714600e-02 2.936313673853874207e-02 1.877176202833652496e-02 1.462964154779911041e-02 2.718933671712875366e-02 4.201624542474746704e-02 4.256658628582954407e-02 4.648984223604202271e-02 2.315997704863548279e-02 2.270804159343242645e-02 4.116223752498626709e-02 1.223883498460054398e-02 4.249448701739311218e-02 1.689991541206836700e-02 2.051839837804436684e-03 5.087533965706825256e-02 1.879046112298965454e-02 2.404898591339588165e-02 4.326751455664634705e-03 9.850962087512016296e-03 1.611049992789048702e-05 2.061351900920271873e-03 3.641980141401290894e-02 2.620293200016021729e-02 2.093293145298957825e-02 1.836930774152278900e-02 5.578443873673677444e-03 3.993603214621543884e-02 4.995052516460418701e-02 2.246221527457237244e-02 1.384289120323956013e-03 2.792097255587577820e-02 9.788203053176403046e-03 4.251802340149879456e-02 1.486715674400329590e-02 2.668952196836471558e-02 3.975586965680122375e-02 1.700237765908241272e-02 4.198353737592697144e-03 2.846572175621986389e-02 4.165817424654960632e-02
2.596074156463146210e-02 3.788365423679351807e-02 6.829646416008472443e-03 2.814602293074131012e-02 4.520200937986373901e-02 4.133171588182449341e-02 5.410141311585903168e-03 3.806398063898086548e-02 1.475090254098176956e-02 4.954157769680023193e-02 2.046287059783935547e-02 4.632183909416198730e-01 8.018117398023605347e-03 1.186432689428329468e-01 1.167576643638312817e-03 2.610085159540176392e-02 3.354066237807273865e-02 4.900533333420753479e-02 4.392149671912193298e-02 1.395422406494617462e-02 1.456572767347097397e-02 1.325634121894836426e-02 2.082592062652111053e-02 1.610785373486578465e-03 2.292364649474620819e-02 6.296398490667343140e-02 8.410638198256492615e-03 4.854729399085044861e-02 5.240335315465927124e-02 3.116135112941265106e-02 1.799288578331470490e-02 2.555313520133495331e-02 1.020150072872638702e-02 3.673576936125755310e-02 4.809425398707389832e-02 1.221532584168016911e-03 1.077750138938426971e-02 3.802859038114547729e-02 1.178627088665962219e-02 2.222624421119689941e-02 8.606593124568462372e-03 3.802949562668800354e-02 2.956037968397140503e-02 2.157008089125156403e-02 5.655567161738872528e-03 1.195110194385051727e-02 1.927335001528263092e-02 4.030342772603034973e-02 1.323882024735212326e-02 4.390663001686334610e-03 3.845274075865745544e-02 5.646426975727081299e-02 1.682027056813240051e-02 3.390691056847572327e-02 1.269606640562415123e-03 4.999933019280433655e-02 2.893660776317119598e-02 7.728036027401685715e-03 1.235687360167503357e-02 5.132007971405982971e-02 1.952758617699146271e-02 1.635231450200080872e-02 1.090896315872669220e-02 1.261992845684289932e-02 1.261851098388433456e-02 4.453388974070549011e-02 2.991784550249576569e-02 6.589668337255716324e-03 4.979360103607177734e-02 2.180067822337150574e-02 2.595640905201435089e-02 1.844669878482818604e-02 4.579706490039825439e-02 4.791514202952384949e-02 2.028004033491015434e-03 1.983043970540165901e-03 1.211253181099891663e-02 4.598295781761407852e-03 1.776240766048431396e-02 2.654183655977249146e-02 3.090148791670799255e-02 9.930331259965896606e-02 3.422652930021286011e-02 3.475644392892718315e-03 2.858548983931541443e-02 3.661580383777618408e-03 5.117622762918472290e-02 2.510738559067249298e-02 4.959036037325859070e-02 3.566733747720718384e-02 3.875920176506042480e-02 1.062317658215761185e-02 4.974602907896041870e-02 1.223028171807527542e-02 2.042698301374912262e-02 3.127507492899894714e-02 3.093146719038486481e-02 2.741465531289577484e-02 1.951396465301513672e-02 7.552925497293472290e-02 1.946419104933738708e-02 1.742592453956604004e-02 9.704462252557277679e-03 2.126146294176578522e-02 2.847908530384302139e-03 3.916674479842185974e-02 9.543084539473056793e-03 4.860521852970123291e-02 2.966850250959396362e-02 3.431016951799392700e-02 5.155894439667463303e-03 9.149570018053054810e-03 2.550182864069938660e-02 2.259462885558605194e-02 7.595552131533622742e-03 8.357004262506961823e-03
9.975511580705642700e-02 1.170922070741653442e-01 5.357750505208969116e-02 2.602762356400489807e-02 1.367836724966764450e-02 1.255597174167633057e-01 1.371221393346786499e-01 5.498952232301235199e-03 4.050178453326225281e-02 4.669339582324028015e-02 1.347041726112365723e-01 8.018117398023605347e-03 4.778203070163726807e-01 1.191198173910379410e-02 1.990571804344654083e-02 1.520130038261413574e-02 3.202663734555244446e-02 4.023903515189886093e-03 4.418132454156875610e-02 3.658494725823402405e-02 4.396621137857437134e-02 9.824239648878574371e-03 5.430134944617748260e-03 1.858791708946228027e-02 4.056365229189395905e-03 6.940229330211877823e-03 4.903852567076683044e-02 5.334758758544921875e-02 2.916315570473670959e-03 3.793004155158996582e-02 4.882339760661125183e-02 6.098142359405755997e-03 5.119260400533676147e-02 1.929941773414611816e-02 6.979140453040599823e-03 3.389094024896621704e-03 2.781092934310436249e-02 1.988982222974300385e-02 4.272422939538955688e-02 4.710011184215545654e-02 9.778985753655433655e-03 4.332924261689186096e-02 3.676186129450798035e-02 6.322985887527465820e-02 2.785140834748744965e-02 3.188113868236541748e-02 6.830403208732604980e-02 3.684464097023010254e-02 2.317616902291774750e-02 3.780229762196540833e-02 4.012629762291908264e-02 4.080466181039810181e-02 1.367906224913895130e-03 1.063799951225519180e-02 3.097252547740936279e-02 2.310672961175441742e-02 2.159599959850311279e-02 2.625072002410888672e-02 2.679764851927757263e-02 1.902695558965206146e-02 4.100997932255268097e-03 1.146628404967486858e-03 4.645441845059394836e-02 4.024326335638761520e-03 1.540573127567768097e-02 8.129826188087463379e-02 3.415470942854881287e-02 4.861093591898679733e-03 2.394576929509639740e-02 1.540671475231647491e-02 2.335104160010814667e-02 2.533637918531894684e-02 3.071166342124342918e-03 3.754202648997306824e-02 1.223292108625173569e-02 9.315702132880687714e-03 5.687230266630649567e-03 2.278639003634452820e-02 4.174911603331565857e-02 2.346594072878360748e-02 3.588932752609252930e-02 7.240970153361558914e-03 3.110514208674430847e-02 2.139318268746137619e-03 3.560758754611015320e-02 3.392184153199195862e-02 1.691044680774211884e-02 1.261202851310372353e-03 2.386404201388359070e-02 3.338164836168289185e-02 8.656452409923076630e-03 7.337584975175559521e-04 4.745420534163713455e-03 3.737932443618774414e-02 2.336691506206989288e-02 3.902657330036163330e-02 2.298973686993122101e-02 2.908702008426189423e-02 2.447970397770404816e-02 2.585113234817981720e-02 7.522155344486236572e-02 3.645472228527069092e-02 8.910818956792354584e-03 2.161178737878799438e-02 1.425984688103199005e-02 3.252652473747730255e-03 2.428133226931095123e-02 5.121602863073348999e-02 4.031860828399658203e-02 4.918492585420608521e-02 7.284218911081552505e-03 6.186554208397865295e-03 9.214821271598339081e-03 3.562384098768234253e-02 2.969067543745040894e-02 1.455240137875080109e-02
