4.817738831043243408e-01 1.282298713922500610e-01 3.356302902102470398e-02 2.722313627600669861e-02 3.587891906499862671e-02 3.664629533886909485e-02 9.372394531965255737e-03 3.323933854699134827e-02 4.200289491564035416e-03 6.904799491167068481e-03 5.627737566828727722e-02 3.562822565436363220e-02 4.786766599863767624e-03 3.963417187333106995e-02 1.370427943766117096e-02 1.123529626056551933e-03 1.888475194573402405e-02 7.467475719749927521e-03 3.767474740743637085e-02 1.279319915920495987e-02 4.815355315804481506e-02 8.999845013022422791e-03 4.689595475792884827e-02 3.307552635669708252e-02 4.723976179957389832e-02 3.567958250641822815e-02 2.389993518590927124e-02 5.195016413927078247e-02 4.346545413136482239e-02 2.794071473181247711e-02 1.573973707854747772e-02 4.128405451774597168e-02 6.097818538546562195e-02 6.672694813460111618e-03 3.432824462652206421e-02 3.239424526691436768e-02 6.197570823132991791e-03 4.483995959162712097e-02 3.183564543724060059e-02 2.840779349207878113e-02 6.854104809463024139e-03 6.480360031127929688e-02 2.071366086602210999e-02 1.373431552201509476e-02 2.347260713577270508e-02 9.988185018301010132e-03 4.748706519603729248e-02 3.233961015939712524e-02 4.814111441373825073e-02 7.424283772706985474e-03 2.023276314139366150e-02 1.632697135210037231e-02 4.370856657624244690e-02 3.793117031455039978e-02 1.415867451578378677e-02 4.317168612033128738e-03 3.113534534350037575e-03 3.352883458137512207e-02 3.601130470633506775e-02 1.238744892179965973e-02 5.886650178581476212e-03 3.298845514655113220e-02 1.182992197573184967e-02 4.793512448668479919e-02 1.686425134539604187e-02 1.248855330049991608e-02 2.627004496753215790e-02 2.723603881895542145e-02 4.738001618534326553e-03 8.710735477507114410e-03 3.807898610830307007e-02 1.079869177192449570e-02 2.743072342127561569e-03 4.653984680771827698e-02 3.518453100696206093e-03 1.900962181389331818e-02 1.046547666192054749e-02 2.589901722967624664e-02 1.773271150887012482e-02 3.415062651038169861e-02 1.630249246954917908e-02 4.077219963073730469e-02 3.399853827431797981e-03 4.099649842828512192e-03 1.474553439766168594e-02 4.716562479734420776e-02 8.519176393747329712e-03 1.293586287647485733e-02 3.805870562791824341e-02 4.797714576125144958e-02 3.664170578122138977e-02 4.976126179099082947e-02 4.812315478920936584e-02 3.089133650064468384e-02 9.116805344820022583e-02 3.442529961466789246e-02 8.759094402194023132e-03 2.434511482715606689e-02 3.246404603123664856e-02 3.430266678333282471e-02 1.276835799217224121e-03 2.712010033428668976e-02 2.713755704462528229e-02 2.465005964040756226e-02 5.760011263191699982e-03 2.785443142056465149e-02 2.685615420341491699e-02 1.081933826208114624e-02 1.261875499039888382e-02 9.434066712856292725e-03 4.082984477281570435e-02 3.514359705150127411e-03 3.417695686221122742e-02 5.251969769597053528e-02 2.584383636713027954e-02 2.338113449513912201e-02
1.282298713922500610e-01 4.859983623027801514e-01 3.027668409049510956e-02 3.963027894496917725e-02 1.608010008931159973e-02 4.287919774651527405e-02 2.929684706032276154e-02 3.817488625645637512e-02 1.619351655244827271e-02 2.518410049378871918e-02 3.042364679276943207e-02 6.756840646266937256e-02 3.732539713382720947e-02 6.127424538135528564e-03 5.218945071101188660e-02 2.227213792502880096e-02 1.444563642144203186e-02 3.549729287624359131e-02 3.516883775591850281e-02 2.411620691418647766e-02 2.612587809562683105e-02 4.570173844695091248e-02 1.766951009631156921e-02 3.752582520246505737e-02 2.641889080405235291e-02 2.683088369667530060e-02 8.803554228506982327e-04 5.294702202081680298e-02 8.402189239859580994e-03 4.635629802942276001e-02 1.581783033907413483e-02 2.244778908789157867e-02 6.746064405888319016e-03 4.966730996966362000e-02 1.096239592880010605e-02 3.012370131909847260e-02 2.901202067732810974e-02 3.348853439092636108e-02 4.677340015769004822e-02 1.008199714124202728e-02 3.024294599890708923e-02 4.247076064348220825e-02 2.162050455808639526e-02 1.533457171171903610e-02 4.454772919416427612e-02 1.131156366318464279e-02 4.728044196963310242e-02 6.361886044032871723e-04 1.010579988360404968e-02 4.255717154592275620e-03 1.454478874802589417e-02 8.328897878527641296e-03 3.816711530089378357e-02 2.863083966076374054e-02 1.195681560784578323e-02 7.330952212214469910e-03 2.257519401609897614e-02 1.237219758331775665e-02 3.176363185048103333e-02 1.740504428744316101e-02 1.196572650223970413e-02 4.547351598739624023e-02 1.398794166743755341e-02 1.121131144464015961e-02 3.683220967650413513e-02 4.808995872735977173e-03 8.386415429413318634e-03 4.883429408073425293e-02 1.337014883756637573e-02 1.957501098513603210e-02 1.679444126784801483e-02 1.391942426562309265e-02 1.515732519328594208e-02 1.080671208910644054e-03 3.810043912380933762e-03 4.000352695584297180e-02 6.511623971164226532e-03 3.980118781328201294e-02 2.038570865988731384e-02 1.817816123366355896e-02 4.298195242881774902e-02 1.414310559630393982e-02 3.705485537648200989e-02 5.841317586600780487e-03 4.564142972230911255e-02 3.557842597365379333e-02 2.976589277386665344e-02 3.370564430952072144e-02 4.366957116872072220e-03 2.977938763797283173e-02 3.976025059819221497e-02 5.054625496268272400e-02 2.203597314655780792e-02 3.536906838417053223e-02 6.604173034429550171e-02 2.238333411514759064e-02 3.282308578491210938e-02 4.141794517636299133e-02 1.647236011922359467e-02 4.349706228822469711e-03 7.832943461835384369e-03 4.652515053749084473e-02 4.754446074366569519e-02 5.639589577913284302e-02 1.473520044237375259e-02 1.944795250892639160e-02 4.411952104419469833e-03 2.596735954284667969e-02 2.509661950170993805e-02 1.424944261088967323e-03 2.849353477358818054e-02 4.620438814163208008e-02 1.341422367841005325e-02 4.867663607001304626e-02 5.111576244235038757e-02 5.122981220483779907e-02
3.356302902102470398e-02 3.027668409049510956e-02 4.860535562038421631e-01 3.824107721447944641e-02 5.054941773414611816e-02 3.845974430441856384e-02 5.140218511223793030e-02 9.439386427402496338e-02 4.992008209228515625e-02 4.057179391384124756e-02 4.128818958997726440e-02 2.792117418721318245e-03 4.064409062266349792e-02 5.031407345086336136e-03 5.239658430218696594e-02 9.498978964984416962e-03 1.146005117334425449e-03 1.591421780176460743e-03 4.863561689853668213e-02 1.243589539080858231e-02 3.508835658431053162e-02 1.117523061111569405e-03 1.273044850677251816e-03 2.783708833158016205e-02 1.451295614242553711e-02 1.956793293356895447e-02 1.391790714114904404e-02 2.794028446078300476e-02 5.234154872596263885e-03 4.020546376705169678e-02 1.255295705050230026e-02 2.274384535849094391e-02 1.922793313860893250e-02 3.073519840836524963e-02 3.710202872753143311e-02 2.913193777203559875e-02 3.917961567640304565e-02 3.941683843731880188e-02 2.019299939274787903e-02 2.770493365824222565e-02 6.291442364454269409e-02 2.390716597437858582e-02 1.365061849355697632e-02 7.139956206083297729e-02 4.115282371640205383e-02 7.164671085774898529e-03 5.124980211257934570e-02 2.684633433818817139e-02 2.597580663859844208e-02 2.672780491411685944e-02 1.667009107768535614e-02 1.500751078128814697e-02 2.129941433668136597e-02 3.161546960473060608e-02 2.999098785221576691e-02 2.219125069677829742e-02 3.139081597328186035e-02 5.936946254223585129e-03 5.568590387701988220e-02 4.890773072838783264e-02 5.254496936686336994e-04 4.783168435096740723e-02 1.888521388173103333e-02 3.768695518374443054e-02 4.893274232745170593e-02 5.924176424741744995e-02 2.750283852219581604e-02 4.659582674503326416e-02 3.094281256198883057e-02 1.144576910883188248e-02 4.921993613243103027e-02 2.190316794440150261e-03 1.277235429733991623e-02 2.174190804362297058e-02 1.056165061891078949e-02 1.957597397267818451e-02 4.446636885404586792e-02 1.569093577563762665e-02 1.872142776846885681e-02 3.002251125872135162e-02 1.036339029669761658e-01 3.299008309841156006e-02 9.048526175320148468e-03 5.921611096709966660e-03 1.657294109463691711e-02 5.980857182294130325e-03 4.444963112473487854e-02 5.097831785678863525e-02 8.626376278698444366e-03 2.970570698380470276e-02 1.766580529510974884e-02 6.252916995435953140e-03 3.288308158516883850e-02 1.335331331938505173e-02 5.152111500501632690e-02 2.105448581278324127e-02 3.989769890904426575e-02 2.126490511000156403e-02 4.229842126369476318e-02 3.008132800459861755e-02 1.025828346610069275e-02 4.450055304914712906e-03 2.194761298596858978e-02 4.411431774497032166e-02 2.447565272450447083e-02 3.704350208863615990e-03 2.696116082370281219e-02 4.538184031844139099e-02 5.248355679214000702e-03 5.162831395864486694e-03 2.352619357407093048e-02 1.593858748674392700e-02 4.350021481513977051e-02 1.104913372546434402e-02 3.686656057834625244e-02 3.834157809615135193e-02
2.722313627600669861e-02 3.963027894496917725e-02 3.824107721447944641e-02 4.939817488193511963e-01 9.746264666318893433e-02 1.423020008951425552e-02 5.064546689391136169e-02 5.888783559203147888e-02 1.307431235909461975e-02 7.183341309428215027e-03 4.005909711122512817e-02 2.529677003622055054e-02 3.848151862621307373e-02 3.530160291120409966e-03 1.492513064295053482e-02 2.167748473584651947e-02 3.123511001467704773e-02 4.156146198511123657e-02 5.108695104718208313e-02 3.227626159787178040e-02 1.721000112593173981e-02 6.593535654246807098e-03 1.959645189344882965e-02 3.764799982309341431e-02 2.410270972177386284e-03 3.409275040030479431e-02 1.035088021308183670e-02 3.568330779671669006e-02 4.075500741600990295e-02 4.646898061037063599e-02 1.977997645735740662e-02 3.554584085941314697e-02 1.866886392235755920e-02 3.745669126510620117e-02 2.567955851554870605e-02 3.418112546205520630e-02 3.185612382367253304e-03 3.602482005953788757e-02 6.840923801064491272e-03 3.765770792961120605e-02 3.980523720383644104e-02 2.018907107412815094e-02 9.026100859045982361e-03 9.923078119754791260e-03 2.039848826825618744e-02 6.819454580545425415e-02 1.600026385858654976e-03 4.506373032927513123e-02 4.473990760743618011e-03 2.509828098118305206e-02 4.713606089353561401e-02 4.372613131999969482e-02 1.914952322840690613e-02 2.081723883748054504e-02 5.771318823099136353e-02 4.607885703444480896e-02 4.963183775544166565e-02 4.934575408697128296e-02 7.914008572697639465e-03 4.850456118583679199e-02 2.872508391737937927e-02 1.171938423067331314e-02 1.941933296620845795e-02 6.620900705456733704e-03 2.252356149256229401e-02 4.377397894859313965e-02 2.745475247502326965e-02 9.671759791672229767e-03 4.744448512792587280e-02 3.636004030704498291e-02 1.554490532726049423e-02 3.411149978637695312e-02 8.270288258790969849e-02 2.786838449537754059e-02 4.412018507719039917e-02 3.175373375415802002e-02 3.657012060284614563e-02 1.420742645859718323e-02 4.326324164867401123e-02 6.000231485813856125e-03 1.205038931220769882e-02 4.474908486008644104e-02 2.227567695081233978e-02 2.100377902388572693e-02 2.707097865641117096e-02 1.596699655055999756e-02 1.146716345101594925e-02 7.231960538774728775e-03 4.983859881758689880e-02 3.192365914583206177e-02 5.275632813572883606e-02 1.931344531476497650e-02 7.137719076126813889e-03 3.816182166337966919e-02 4.527703858911991119e-03 7.638462353497743607e-03 8.623462170362472534e-03 6.579503417015075684e-02 8.403209969401359558e-03 3.004854917526245117e-02 1.623769849538803101e-02 2.858814969658851624e-02 2.026276849210262299e-02 3.176921233534812927e-02 1.988427713513374329e-02 4.337909445166587830e-02 4.757876321673393250e-02 2.378933876752853394e-02 4.136677831411361694e-02 4.641339555382728577e-02 2.114332467317581177e-02 1.391930505633354187e-02 4.575692862272262573e-02 2.960870601236820221e-02 9.004361927509307861e-03 9.553594514727592468e-03
3.587891906499862671e-02 1.608010008931159973e-02 5.054941773414611816e-02 9.746264666318893433e-02 4.968437254428863525e-01 8.773594163358211517e-03 5.222402885556221008e-02 1.053891144692897797e-02 4.842696338891983032e-02 2.891597105190157890e-03 3.550350666046142578e-02 5.614536628127098083e-02 2.267528884112834930e-02 3.773726522922515869e-03 2.358087524771690369e-02 6.076219025999307632e-03 1.761844940483570099e-02 1.273097004741430283e-02 6.204511225223541260e-02 3.809784352779388428e-02 2.729170024394989014e-02 4.272009804844856262e-02 9.717021137475967407e-03 2.035094052553176880e-02 1.312998216599225998e-02 4.480452090501785278e-02 8.009927347302436829e-03 3.274383023381233215e-02 2.687558159232139587e-02 4.586184397339820862e-02 3.247009962797164917e-02 3.910820931196212769e-02 3.809331916272640228e-03 3.526862338185310364e-02 6.182502023875713348e-03 3.486335650086402893e-02 2.945277281105518341e-02 4.130271449685096741e-02 5.559148266911506653e-02 4.668139666318893433e-02 6.055868044495582581e-02 4.765887185931205750e-02 5.906856153160333633e-03 1.159899588674306870e-02 5.511396750807762146e-02 3.400266170501708984e-02 2.754724211990833282e-02 2.419204637408256531e-02 4.529537633061408997e-02 5.670218262821435928e-03 4.590955376625061035e-02 2.150641009211540222e-02 2.488150633871555328e-02 2.343501709401607513e-02 3.296161070466041565e-03 3.988442197442054749e-02 4.982343688607215881e-02 2.863251417875289917e-02 1.806286163628101349e-02 4.688375163823366165e-03 4.006480053067207336e-02 4.943622648715972900e-02 4.057376086711883545e-02 2.506286650896072388e-02 2.904213592410087585e-02 1.749879121780395508e-02 4.143813624978065491e-02 2.163075096905231476e-02 2.889951132237911224e-02 8.409001864492893219e-03 3.256461396813392639e-02 1.724288612604141235e-02 6.885350495576858521e-02 1.588574796915054321e-02 7.302404940128326416e-02 6.198824942111968994e-02 1.571357995271682739e-02 2.630270831286907196e-02 2.220611460506916046e-02 4.112675786018371582e-02 4.483369365334510803e-02 2.332241088151931763e-02 4.057891201227903366e-03 6.520601361989974976e-02 4.298574477434158325e-02 1.257952209562063217e-02 4.111555218696594238e-02 3.712245821952819824e-02 3.346922248601913452e-02 2.111944369971752167e-02 4.620467126369476318e-02 5.730550270527601242e-03 1.371631678193807602e-02 2.970055863261222839e-02 3.684343770146369934e-02 5.293951556086540222e-02 3.683051094412803650e-02 3.189868107438087463e-02 2.297396212816238403e-02 2.505866251885890961e-02 1.150598563253879547e-02 4.840550571680068970e-02 1.138276699930429459e-02 3.236666321754455566e-02 5.664367601275444031e-02 6.208245176821947098e-03 7.878858596086502075e-03 4.397459700703620911e-02 2.026905305683612823e-03 1.603864878416061401e-02 3.465241193771362305e-02 3.835389763116836548e-02 4.336471483111381531e-02 4.517016559839248657e-02 5.588428117334842682e-03 3.618352115154266357e-02
3.664629533886909485e-02 4.287919774651527405e-02 3.845974430441856384e-02 1.423020008951425552e-02 8.773594163358211517e-03 4.993378818035125732e-01 1.211745142936706543e-01 1.955564692616462708e-02 3.829299286007881165e-02 1.560970209538936615e-02 3.915718197822570801e-02 8.095286041498184204e-02 4.736682865768671036e-03 2.738841576501727104e-03 2.374017611145973206e-03 2.847279980778694153e-02 4.327093437314033508e-02 3.451706096529960632e-02 3.022367134690284729e-02 4.929987713694572449e-02 1.386633608490228653e-02 3.944129496812820435e-02 4.692757874727249146e-02 3.700365079566836357e-03 1.464595086872577667e-02 4.994669556617736816e-02 2.893156744539737701e-02 4.775195196270942688e-02 3.982864320278167725e-02 5.225577857345342636e-03 2.559612505137920380e-02 5.912056658416986465e-04 2.167662791907787323e-02 4.446721822023391724e-02 1.670232042670249939e-02 3.056217730045318604e-02 5.980988964438438416e-03 5.179104208946228027e-02 2.810176834464073181e-02 3.898580372333526611e-02 3.014511428773403168e-02 5.160643905401229858e-02 1.054026465862989426e-02 1.461344119161367416e-02 2.649634703993797302e-02 1.773445494472980499e-02 1.103291213512420654e-01 5.846309289336204529e-02 4.713996872305870056e-02 7.260654866695404053e-02 2.566361054778099060e-02 2.337769046425819397e-02 1.061056833714246750e-02 1.718730852007865906e-02 2.359706349670886993e-02 4.250532016158103943e-02 3.226412087678909302e-02 1.557450741529464722e-02 1.681630499660968781e-02 2.052305731922388077e-03 2.558627538383007050e-02 3.271862398833036423e-03 1.062003523111343384e-02 7.281029131263494492e-03 3.043760731816291809e-02 3.869583085179328918e-02 3.729139640927314758e-02 1.047216821461915970e-02 2.440533228218555450e-02 9.874785318970680237e-03 5.133087933063507080e-02 7.107389159500598907e-03 2.327550016343593597e-02 1.560609787702560425e-02 2.232378162443637848e-02 4.578984901309013367e-02 2.888976596295833588e-03 1.709462329745292664e-02 2.893940173089504242e-02 4.513646289706230164e-02 1.278822217136621475e-02 2.857609838247299194e-02 2.483581937849521637e-02 2.449243143200874329e-02 2.067193575203418732e-02 4.366167262196540833e-02 3.361808508634567261e-02 3.200519597157835960e-03 3.310154750943183899e-02 2.889315970242023468e-02 1.442446373403072357e-02 4.465011507272720337e-02 1.840560697019100189e-02 3.321563452482223511e-02 2.987819910049438477e-02 1.674583368003368378e-02 1.116220490075647831e-03 3.434362262487411499e-02 8.582619950175285339e-03 4.588737338781356812e-02 2.637712843716144562e-02 2.928904816508293152e-02 1.803428120911121368e-02 3.286578506231307983e-02 9.439852088689804077e-03 5.628484487533569336e-02 3.042362071573734283e-02 1.267651002854108810e-02 6.545488256961107254e-03 4.846820980310440063e-02 9.985803626477718353e-04 1.218924857676029205e-02 4.360809549689292908e-02 1.156845223158597946e-02 3.052634373307228088e-02 2.022755518555641174e-02
9.372394531965255737e-03 2.929684706032276154e-02 5.140218511223793030e-02 5.064546689391136169e-02 5.222402885556221008e-02 1.211745142936706543e-01 4.996348619461059570e-01 1.587141491472721100e-02 1.114284154027700424e-02 2.729652682319283485e-03 3.816212713718414307e-02 8.310618996620178223e-02 5.176964029669761658e-02 4.950196668505668640e-02 3.213910618796944618e-03 4.381709545850753784e-02 4.538536444306373596e-02 3.420943021774291992e-02 4.186812415719032288e-02 4.208885505795478821e-02 9.185293689370155334e-03 3.948004916310310364e-02 4.591671749949455261e-02 2.165649086236953735e-02 3.219938650727272034e-02 5.063255317509174347e-03 1.897423341870307922e-02 1.621942408382892609e-02 8.032720535993576050e-03 1.346613466739654541e-02 4.763393476605415344e-02 2.145836688578128815e-02 3.139578923583030701e-02 3.157718479633331299e-02 2.589906798675656319e-03 4.346506670117378235e-02 3.549768403172492981e-02 4.716454818844795227e-02 3.152275830507278442e-02 4.030617326498031616e-02 5.193737335503101349e-03 5.223764106631278992e-02 3.780608251690864563e-02 1.143327169120311737e-02 4.171749576926231384e-02 2.762562781572341919e-02 1.202656105160713196e-01 1.233113110065460205e-01 4.726356640458106995e-02 4.872341081500053406e-02 1.109728217124938965e-02 1.562962122261524200e-02 6.219955161213874817e-03 1.804731972515583038e-02 5.037773028016090393e-02 6.075244769454002380e-02 4.863762296736240387e-03 2.756119705736637115e-02 4.120531026273965836e-03 1.561676058918237686e-02 5.494252592325210571e-02 2.829941548407077789e-02 2.470219694077968597e-02 8.158403448760509491e-03 4.778569564223289490e-02 6.830176711082458496e-02 4.781834781169891357e-02 3.252474591135978699e-02 2.203994058072566986e-02 3.142928704619407654e-02 9.815960191190242767e-03 1.659912802278995514e-02 1.034700870513916016e-02 4.488943889737129211e-02 9.328846819698810577e-03 2.304310910403728485e-02 4.729477316141128540e-02 4.506356490310281515e-04 6.957933306694030762e-03 5.104029178619384766e-02 2.155124954879283905e-02 1.687276177108287811e-02 3.826227411627769470e-02 2.539806999266147614e-02 4.964559525251388550e-02 2.565312385559082031e-02 2.800229750573635101e-02 2.471943572163581848e-02 2.492159046232700348e-02 2.928293682634830475e-02 3.789771348237991333e-02 5.320278182625770569e-02 5.079641565680503845e-02 1.902031898498535156e-02 4.314087703824043274e-02 1.385602541267871857e-02 1.487829629331827164e-02 2.954370528459548950e-02 1.436370331794023514e-02 3.977638110518455505e-02 2.361551113426685333e-02 1.247988454997539520e-02 2.596167847514152527e-02 4.120067507028579712e-02 5.193776451051235199e-03 3.594458848237991333e-02 3.723223134875297546e-02 3.935094550251960754e-02 3.123272582888603210e-02 8.428117260336875916e-03 1.672565564513206482e-02 2.201673574745655060e-02 3.926502913236618042e-02 2.821389026939868927e-02 3.674763068556785583e-02 5.111536756157875061e-02
3.323933854699134827e-02 3.817488625645637512e-02 9.439386427402496338e-02 5.888783559203147888e-02 1.053891144692897797e-02 1.955564692616462708e-02 1.587141491472721100e-02 4.865140318870544434e-01 7.026827661320567131e-04 4.501816257834434509e-02 4.357865825295448303e-02 2.015631087124347687e-02 3.722061589360237122e-02 2.966906316578388214e-02 3.475359082221984863e-02 2.075573243200778961e-02 4.184818267822265625e-02 2.384700812399387360e-02 3.246052190661430359e-02 1.195005420595407486e-02 3.534021973609924316e-02 3.059134818613529205e-02 3.865391016006469727e-02 3.208240028470754623e-03 3.784135729074478149e-02 1.486439350992441177e-02 2.493842504918575287e-02 2.339316718280315399e-02 2.790077589452266693e-02 4.140064120292663574e-02 6.012063007801771164e-03 4.896079376339912415e-02 3.457629308104515076e-02 1.105224131606519222e-03 3.360307961702346802e-02 3.325129300355911255e-02 4.461651667952537537e-02 3.914194926619529724e-02 5.127422884106636047e-02 1.791893504559993744e-02 2.203920111060142517e-02 3.436377272009849548e-02 1.524631865322589874e-02 4.037338122725486755e-02 3.784696012735366821e-02 1.543954294174909592e-02 2.963231178000569344e-03 1.810686103999614716e-02 2.781620062887668610e-02 4.060541093349456787e-02 2.572634257376194000e-03 1.763970777392387390e-02 1.705002784729003906e-02 4.041789472103118896e-02 1.214817166328430176e-02 7.663339842110872269e-03 4.015716910362243652e-02 3.993589058518409729e-02 1.797593943774700165e-02 6.636686623096466064e-02 3.135542199015617371e-02 1.333161536604166031e-02 8.490132167935371399e-03 3.401505574584007263e-02 6.699282675981521606e-03 2.440004236996173859e-02 2.880035899579524994e-02 4.505382478237152100e-02 4.286407027393579483e-03 4.511811211705207825e-02 2.458693459630012512e-02 2.499502385035157204e-03 3.670855239033699036e-02 2.276667766273021698e-02 4.106679931282997131e-02 1.623580045998096466e-02 3.378004953265190125e-02 3.196513280272483826e-02 7.985407486557960510e-03 5.806423723697662354e-03 1.600995212793350220e-01 8.278471231460571289e-02 5.559646058827638626e-03 3.384336084127426147e-02 3.177792206406593323e-02 3.696375712752342224e-02 8.864650875329971313e-02 7.889622449874877930e-02 4.456265643239021301e-02 2.266070339828729630e-03 9.940029121935367584e-04 2.789662964642047882e-02 2.345413342118263245e-02 3.682605922222137451e-02 2.343368250876665115e-03 3.346675261855125427e-02 5.322283599525690079e-03 1.878947764635086060e-02 4.474952071905136108e-02 1.897634565830230713e-02 4.803938046097755432e-02 2.182916272431612015e-03 5.320809409022331238e-02 1.458893762901425362e-03 4.533417895436286926e-02 1.926103839650750160e-03 2.717818506062030792e-02 5.451871082186698914e-03 9.322045370936393738e-04 8.763580769300460815e-02 3.246108815073966980e-02 9.843869134783744812e-03 2.546718344092369080e-02 2.933160774409770966e-02 1.977575942873954773e-02 1.126290634274482727e-01
4.200289491564035416e-03 1.619351655244827271e-02 4.992008209228515625e-02 1.307431235909461975e-02 4.842696338891983032e-02 3.829299286007881165e-02 1.114284154027700424e-02 7.026827661320567131e-04 4.868743717670440674e-01 4.665474593639373779e-02 2.586427330970764160e-02 1.574856415390968323e-02 1.919654011726379395e-02 5.117684602737426758e-02 1.587501727044582367e-02 1.318996306508779526e-02 3.129921481013298035e-02 8.058831840753555298e-02 2.911242656409740448e-02 4.766172170639038086e-02 2.127492800354957581e-02 1.102307811379432678e-02 2.579785883426666260e-02 1.351913716644048691e-02 2.592485025525093079e-02 2.969111502170562744e-02 4.957924410700798035e-02 1.391707826405763626e-02 4.552105441689491272e-02 1.670113578438758850e-02 1.918040029704570770e-02 2.924871072173118591e-02 3.488539531826972961e-02 3.307113051414489746e-02 5.190394073724746704e-02 2.175411954522132874e-02 3.485386446118354797e-02 7.368930615484714508e-03 1.215808559209108353e-02 3.889737278223037720e-02 3.945667296648025513e-02 1.283064205199480057e-02 1.542832143604755402e-02 1.600029692053794861e-02 2.029558829963207245e-02 9.035851806402206421e-02 2.045155968517065048e-03 2.526888437569141388e-02 7.051886618137359619e-02 4.512200877070426941e-02 4.142546653747558594e-02 4.848252236843109131e-02 6.517070345580577850e-03 4.093133658170700073e-02 9.474729001522064209e-02 3.279505297541618347e-02 1.423659734427928925e-02 3.058547619730234146e-03 7.666727062314748764e-03 3.661154583096504211e-02 2.278469270095229149e-03 3.199749812483787537e-02 3.113149479031562805e-02 4.148845002055168152e-02 2.820934727787971497e-02 2.938657067716121674e-02 1.018648501485586166e-02 2.605751901865005493e-02 6.032710522413253784e-02 3.789470763877034187e-03 1.233322918415069580e-02 6.557459384202957153e-02 1.716314628720283508e-02 4.609311744570732117e-02 4.899101704359054565e-02 9.180281311273574829e-02 1.311188340187072754e-01 2.210584841668605804e-02 5.448711663484573364e-02 1.091374643146991730e-02 2.998213749378919601e-04 4.442596435546875000e-02 1.099982857704162598e-01 1.615995168685913086e-02 2.962809521704912186e-03 2.592256851494312286e-02 1.757618505507707596e-03 1.997672021389007568e-02 7.335910946130752563e-02 3.056574799120426178e-02 3.778442367911338806e-02 1.745624467730522156e-02 1.950293965637683868e-02 1.642521470785140991e-02 4.791560396552085876e-02 1.046759821474552155e-02 2.476677857339382172e-02 5.693930014967918396e-02 3.220209851861000061e-02 2.932874113321304321e-02 2.605781704187393188e-02 7.373876404017210007e-03 5.317762121558189392e-02 6.107524409890174866e-02 1.096424460411071777e-02 1.013650186359882355e-02 1.172218751162290573e-02 2.967991167679429054e-03 1.562046818435192108e-02 6.743292789906263351e-03 5.145859345793724060e-02 1.591037400066852570e-02 1.409676857292652130e-02 5.582021921873092651e-02 5.231137573719024658e-02 1.779357343912124634e-02
6.904799491167068481e-03 2.518410049378871918e-02 4.057179391384124756e-02 7.183341309428215027e-03 2.891597105190157890e-03 1.560970209538936615e-02 2.729652682319283485e-03 4.501816257834434509e-02 4.665474593639373779e-02 4.783816635608673096e-01 9.873126633465290070e-03 2.999326214194297791e-02 4.056549817323684692e-02 2.376278676092624664e-02 3.717123344540596008e-02 2.715612947940826416e-02 3.754672780632972717e-02 3.911551088094711304e-02 4.871853161603212357e-03 4.900746792554855347e-02 4.712182655930519104e-02 7.985379546880722046e-03 2.099668048322200775e-02 1.440271083265542984e-02 1.161215081810951233e-02 1.519410288892686367e-03 8.013476617634296417e-03 4.222899675369262695e-03 5.871125496923923492e-03 5.602970719337463379e-02 1.244913693517446518e-02 3.941744193434715271e-02 3.307084739208221436e-02 1.394046284258365631e-02 4.849488288164138794e-02 7.733758538961410522e-03 2.612015791237354279e-02 7.356847636401653290e-03 6.253608036786317825e-03 1.504970132373273373e-03 3.200736641883850098e-02 5.366454645991325378e-02 1.506119687110185623e-02 3.844064474105834961e-02 3.397514112293720245e-03 4.739056527614593506e-02 2.471239678561687469e-02 3.497223183512687683e-02 4.896594583988189697e-02 7.034836709499359131e-02 3.503368422389030457e-02 4.283193871378898621e-02 1.231558062136173248e-02 5.089433491230010986e-02 5.168006569147109985e-02 9.053836017847061157e-02 2.961781807243824005e-02 7.176796440035104752e-03 4.138586670160293579e-02 3.028935380280017853e-02 3.351338952779769897e-02 2.652579173445701599e-02 4.660912975668907166e-02 4.003440961241722107e-02 8.909641765058040619e-03 4.494059458374977112e-02 3.195289522409439087e-02 5.011985078454017639e-02 1.857777126133441925e-02 2.900036051869392395e-02 3.229217976331710815e-02 7.847075350582599640e-03 2.876120060682296753e-02 6.788865476846694946e-02 5.844983085989952087e-02 2.307027764618396759e-02 2.880053035914897919e-02 1.305185258388519287e-01 6.686871405690908432e-03 6.089152023196220398e-02 1.591319567523896694e-03 2.844289131462574005e-02 4.276048392057418823e-02 5.289120599627494812e-02 3.354429453611373901e-02 4.009660799056291580e-03 5.203027394600212574e-04 1.031313557177782059e-02 3.934523090720176697e-02 8.415323682129383087e-03 3.459154441952705383e-02 1.390140037983655930e-02 3.164567518979310989e-03 5.287123471498489380e-02 1.137063279747962952e-02 9.442402981221675873e-03 2.840924635529518127e-02 5.393010377883911133e-02 8.029760792851448059e-03 2.570547349750995636e-02 3.628904372453689575e-02 2.370525896549224854e-02 5.682179704308509827e-02 6.083902902901172638e-03 8.772991597652435303e-02 3.707325831055641174e-02 1.594507880508899689e-02 3.247500211000442505e-02 2.325360663235187531e-02 2.157581038773059845e-02 1.359710097312927246e-02 5.626741913147270679e-04 6.159162148833274841e-02 6.672704219818115234e-02 4.868125170469284058e-02 2.402309700846672058e-02
5.627737566828727722e-02 3.042364679276943207e-02 4.128818958997726440e-02 4.005909711122512817e-02 3.550350666046142578e-02 3.915718197822570801e-02 3.816212713718414307e-02 4.357865825295448303e-02 2.586427330970764160e-02 9.873126633465290070e-03 5.026248097419738770e-01 1.446528546512126923e-02 9.061112254858016968e-02 1.510647824034094810e-03 1.139256730675697327e-02 2.911430969834327698e-02 2.443000674247741699e-02 2.526777423918247223e-02 4.426314309239387512e-02 2.363955229520797729e-02 3.872919082641601562e-02 4.863138496875762939e-02 5.423861742019653320e-02 4.760468378663063049e-02 2.046477422118186951e-02 3.534844890236854553e-02 1.468710135668516159e-03 3.483525291085243225e-02 2.806185372173786163e-02 4.278886597603559494e-03 4.569343104958534241e-02 2.152945235138759017e-04 2.035397663712501526e-02 5.703511089086532593e-02 5.308112129569053650e-02 5.442399065941572189e-03 1.839276589453220367e-02 2.558151632547378540e-02 2.094544842839241028e-02 2.747535146772861481e-02 1.937937177717685699e-02 9.550605900585651398e-03 8.988819085061550140e-03 2.418395364657044411e-03 4.299911484122276306e-02 4.809503257274627686e-02 5.436518415808677673e-02 4.260181635618209839e-02 2.684053778648376465e-02 1.352372695691883564e-03 4.495927691459655762e-02 3.802182152867317200e-02 3.983279690146446228e-02 1.717946678400039673e-02 2.719827368855476379e-02 2.528856694698333740e-02 1.329629309475421906e-02 2.089145034551620483e-02 1.434940192848443985e-02 3.886631689965724945e-03 1.559001393616199493e-03 1.842261850833892822e-02 7.773092947900295258e-03 4.601728171110153198e-02 5.954306572675704956e-02 2.413336187601089478e-02 1.888975314795970917e-02 2.569768577814102173e-02 5.165215581655502319e-02 4.842053353786468506e-02 1.093355007469654083e-02 3.716678172349929810e-02 2.879370748996734619e-02 2.495880611240863800e-02 3.782651945948600769e-02 4.255054891109466553e-02 4.275910928845405579e-02 1.220340747386217117e-02 2.832178026437759399e-02 6.859306246042251587e-03 5.109979212284088135e-02 2.271499950438737869e-03 2.032158430665731430e-03 1.635965891182422638e-02 4.139063134789466858e-02 2.457617083564400673e-03 6.761674582958221436e-02 5.635181441903114319e-02 1.695924089290201664e-03 6.452532857656478882e-02 1.331628579646348953e-02 2.160747908055782318e-02 3.999375179409980774e-02 3.117719292640686035e-02 9.658275172114372253e-03 2.653657831251621246e-02 3.662251308560371399e-02 3.718969970941543579e-02 2.916903048753738403e-02 3.020964562892913818e-02 3.233737498521804810e-02 4.283307865262031555e-02 1.699684932827949524e-02 5.401447787880897522e-02 1.911539398133754730e-02 4.219807684421539307e-02 8.875887840986251831e-03 3.997458610683679581e-03 2.689928933978080750e-02 4.773994162678718567e-02 4.891110211610794067e-02 4.348564520478248596e-02 1.595805585384368896e-02 3.411662206053733826e-02 6.384893786162137985e-03 4.624506086111068726e-02
3.562822565436363220e-02 6.756840646266937256e-02 2.792117418721318245e-03 2.529677003622055054e-02 5.614536628127098083e-02 8.095286041498184204e-02 8.310618996620178223e-02 2.015631087124347687e-02 1.574856415390968323e-02 2.999326214194297791e-02 1.446528546512126923e-02 4.898120760917663574e-01 3.151410818099975586e-02 1.613447666168212891e-01 4.711507260799407959e-02 3.861191868782043457e-02 3.022125735878944397e-02 2.705360762774944305e-02 2.999375574290752411e-02 3.314904123544692993e-02 4.046992212533950806e-02 1.480095554143190384e-02 5.445858463644981384e-02 1.120209600776433945e-02 1.673872768878936768e-02 1.373474020510911942e-02 3.954381123185157776e-02 1.060960516333580017e-01 4.247454553842544556e-02 8.555726706981658936e-02 3.411563485860824585e-02 1.336309034377336502e-02 3.546610474586486816e-03 2.051190473139286041e-02 1.664615981280803680e-02 1.039450406096875668e-03 4.674017801880836487e-02 3.939216956496238708e-02 4.817184060811996460e-02 3.561512380838394165e-02 9.737610816955566406e-03 3.390304744243621826e-02 2.191510796546936035e-02 3.168562799692153931e-02 4.042779654264450073e-02 3.280157595872879028e-02 5.854979157447814941e-02 4.785585775971412659e-02 8.044588379561901093e-03 7.899942994117736816e-02 1.664584316313266754e-02 9.779311716556549072e-03 5.145381763577461243e-02 1.628739759325981140e-02 3.680205438286066055e-03 5.748762562870979309e-02 1.876185089349746704e-02 4.601843655109405518e-03 3.291621804237365723e-03 4.820770397782325745e-02 2.581315347924828529e-03 6.122845038771629333e-02 2.854902856051921844e-02 2.467857860028743744e-02 4.147554188966751099e-02 3.178913891315460205e-02 1.984359882771968842e-02 4.843544960021972656e-02 4.395509511232376099e-02 1.681727916002273560e-02 5.071026086807250977e-02 1.199657283723354340e-02 3.326190263032913208e-02 3.859857562929391861e-03 1.419029571115970612e-02 5.616643466055393219e-04 4.700109362602233887e-02 4.072510078549385071e-02 1.863186247646808624e-02 4.208721220493316650e-02 2.631699852645397186e-02 4.066608101129531860e-02 5.543969199061393738e-02 7.316241413354873657e-02 2.362520992755889893e-02 2.754993038251996040e-03 5.111468490213155746e-03 9.212403558194637299e-03 4.428609088063240051e-02 2.602578315418213606e-04 3.033697046339511871e-02 4.246820509433746338e-02 2.184031531214714050e-02 2.100017387419939041e-03 1.424181088805198669e-02 4.093531146645545959e-02 3.936208039522171021e-02 4.278755560517311096e-02 2.501322887837886810e-02 3.992049396038055420e-02 1.941757649183273315e-02 3.411157429218292236e-02 2.179570496082305908e-02 2.444666577503085136e-03 1.545597519725561142e-02 2.265850454568862915e-02 2.247100323438644409e-02 1.153772138059139252e-02 2.779848501086235046e-02 3.159130737185478210e-02 5.818265676498413086e-02 1.083254590630531311e-01 1.436636410653591156e-02 2.568778581917285919e-02 4.032891988754272461e-02 3.702170029282569885e-02
4.786766599863767624e-03 3.732539713382720947e-02 4.064409062266349792e-02 3.848151862621307373e-02 2.267528884112834930e-02 4.736682865768671036e-03 5.176964029669761658e-02 3.722061589360237122e-02 1.919654011726379395e-02 4.056549817323684692e-02 9.061112254858016968e-02 3.151410818099975586e-02 4.973437786102294922e-01 3.031548298895359039e-02 2.629017829895019531e-02 7.083269301801919937e-03 1.966081373393535614e-02 5.011314153671264648e-02 2.382154576480388641e-02 6.731467694044113159e-02 2.302016317844390869e-02 9.634139016270637512e-03 1.889964938163757324e-02 2.201525494456291199e-02 6.621103733777999878e-02 1.506140083074569702e-02 5.383174493908882141e-02 9.277245029807090759e-03 4.401465505361557007e-02 1.817994751036167145e-02 5.936074629426002502e-02 4.245161265134811401e-02 1.349954633042216301e-03 4.343397449702024460e-03 4.798863083124160767e-03 3.650012193247675896e-03 8.483637357130646706e-04 1.422819960862398148e-02 1.550284586846828461e-02 3.195635974407196045e-02 4.659859463572502136e-02 8.934628218412399292e-03 1.148974988609552383e-02 3.723182529211044312e-02 5.281617864966392517e-02 4.120436310768127441e-02 2.392646856606006622e-02 5.942354723811149597e-02 3.663402423262596130e-02 5.697305873036384583e-02 4.856545850634574890e-02 6.059532612562179565e-02 3.137081116437911987e-02 1.995769888162612915e-02 7.957484573125839233e-03 1.257531810551881790e-02 1.871175318956375122e-02 3.427689149975776672e-02 1.135768461972475052e-02 2.089119143784046173e-02 8.387373760342597961e-03 2.780206315219402313e-02 3.174309059977531433e-02 4.445311427116394043e-02 4.660186544060707092e-02 3.378996253013610840e-02 4.893448948860168457e-02 1.891086436808109283e-02 4.374660551548004150e-02 3.918132930994033813e-02 2.718982752412557602e-03 4.453662782907485962e-02 4.359642416238784790e-02 2.674763090908527374e-02 5.380225181579589844e-02 3.919626399874687195e-02 3.985077515244483948e-02 1.395474094897508621e-02 3.287169709801673889e-02 2.416248247027397156e-02 2.870867401361465454e-02 8.152134716510772705e-03 2.365540526807308197e-02 9.307576110586524010e-04 1.617946836631745100e-04 3.793144226074218750e-02 3.718309849500656128e-02 5.745524913072586060e-02 4.939336329698562622e-02 5.663865432143211365e-02 1.647841930389404297e-02 5.325998645275831223e-03 5.618181079626083374e-03 9.627433493733406067e-03 1.710082218050956726e-02 3.281531110405921936e-02 2.821615338325500488e-02 4.656206443905830383e-02 3.130008652806282043e-02 2.961790934205055237e-02 4.288736358284950256e-02 4.991380125284194946e-02 1.054612733423709869e-02 3.644040599465370178e-02 1.342724822461605072e-02 2.152429707348346710e-02 2.860800921916961670e-02 2.493795379996299744e-02 3.531428053975105286e-02 4.534517601132392883e-02 3.846422955393791199e-02 6.825119722634553909e-03 1.700374297797679901e-02 3.685791045427322388e-02 7.330972584895789623e-04 2.639192156493663788e-02
