5.062235593795776367e-01 8.290402591228485107e-02 1.206319034099578857e-02 3.267290815711021423e-02 2.730015479028224945e-02 5.275835469365119934e-02 4.618978872895240784e-02 1.118922606110572815e-02 1.550226192921400070e-02 2.075709216296672821e-02 4.620905593037605286e-02 3.923169896006584167e-02 4.511712118983268738e-02 2.939978055655956268e-02 4.312941059470176697e-02 3.501990437507629395e-02 4.057537764310836792e-02 3.339948132634162903e-02 3.937894105911254883e-02 7.531014853157103062e-04 1.006310689263045788e-03 1.146915648132562637e-02 3.209098707884550095e-03 1.852750219404697418e-02 2.309348806738853455e-02 7.430914323776960373e-03 1.900859549641609192e-02 3.749081492424011230e-02 1.483925431966781616e-02 2.991462312638759613e-02 1.703502982854843140e-02 6.546863820403814316e-03 2.074274420738220215e-02 7.109083235263824463e-03 2.042789384722709656e-02 3.744034096598625183e-03 8.773856796324253082e-03 1.105237635783851147e-03 8.975444361567497253e-03 1.332204323261976242e-03 3.437678888440132141e-02 3.266109852120280266e-03 5.816459283232688904e-02 2.964057784993201494e-05 3.320041671395301819e-02 1.981926523149013519e-02 4.211420938372612000e-02 2.089599892497062683e-02 2.125592203810811043e-03 3.666083142161369324e-02 1.898240856826305389e-02 1.255595777183771133e-02 3.076229803264141083e-02 3.075316315516829491e-03 1.547559746541082859e-03 9.469599463045597076e-03 4.808079451322555542e-03 2.611724287271499634e-02 4.107655584812164307e-02 1.161851268261671066e-02 9.731339290738105774e-03 4.013125598430633545e-02 2.486795373260974884e-02 5.343754589557647705e-02 9.862720035016536713e-03 1.107173692435026169e-02 2.236825227737426758e-02 2.325077308341860771e-03 2.980411425232887268e-02 3.961009904742240906e-02 4.073848202824592590e-02 5.742142442613840103e-03 5.379590019583702087e-02 2.586390078067779541e-02 3.998023271560668945e-02 1.317654829472303391e-02 1.261433772742748260e-02 1.995511539280414581e-02 4.507987294346094131e-03 7.840529084205627441e-03 4.545611888170242310e-02 5.104311183094978333e-02 9.571288712322711945e-03 8.969210088253021240e-03 5.108634941279888153e-03 1.581141608767211437e-03 2.029408002272248268e-03 3.003530204296112061e-02 2.917224727571010590e-02 4.348338767886161804e-02 3.346567600965499878e-02 4.400689154863357544e-03 6.629833485931158066e-03 1.466615032404661179e-02 1.630294695496559143e-02 1.760650053620338440e-02 3.588154911994934082e-02 5.071447230875492096e-03 1.890626735985279083e-02 2.722790837287902832e-02 2.418311871588230133e-02 3.912171348929405212e-03 4.821639135479927063e-02 3.392675193026661873e-03 8.855092339217662811e-03 1.586480066180229187e-02 7.956570014357566833e-03 3.014651313424110413e-02 1.510780677199363708e-02 3.190854564309120178e-02 1.113805733621120453e-02 4.661576449871063232e-02 3.052709065377712250e-02 2.021950110793113708e-02 2.355465665459632874e-03 3.628229722380638123e-03
8.290402591228485107e-02 5.082813501358032227e-01 1.463347463868558407e-03 4.366508510429412127e-04 1.346117933280766010e-03 5.199689790606498718e-02 4.350513219833374023e-02 1.014455594122409821e-02 1.371928374283015728e-03 1.546293846331536770e-03 5.252463743090629578e-02 5.345931276679039001e-02 6.364986300468444824e-02 4.014731943607330322e-02 4.693713784217834473e-02 3.581191226840019226e-02 4.798684641718864441e-02 2.990379743278026581e-02 2.399831824004650116e-02 1.060569565743207932e-02 6.829879712313413620e-03 3.511004149913787842e-02 1.407459657639265060e-02 4.972097929567098618e-03 1.229810295626521111e-03 8.260296657681465149e-03 3.185495361685752869e-02 2.504917979240417480e-02 2.389033138751983643e-02 2.734949253499507904e-02 3.363140299916267395e-02 7.476298138499259949e-03 3.470179066061973572e-02 2.082015201449394226e-02 5.003370810300111771e-03 2.207965031266212463e-02 5.493900272995233536e-03 2.280301414430141449e-02 9.118918096646666527e-04 3.563859732821583748e-03 1.791222579777240753e-02 2.733741328120231628e-02 1.661010831594467163e-02 1.173656340688467026e-02 4.864028096199035645e-02 9.923783363774418831e-04 5.712276697158813477e-02 2.454068139195442200e-02 1.368585787713527679e-02 2.111239358782768250e-02 2.449209056794643402e-02 8.318633772432804108e-03 1.764216460287570953e-02 7.316792849451303482e-03 5.577313248068094254e-03 1.636256836354732513e-02 8.202558383345603943e-03 3.045007027685642242e-02 3.721898794174194336e-02 2.129053138196468353e-02 5.637805443257093430e-03 3.085902892053127289e-03 8.372214622795581818e-03 2.951091714203357697e-02 3.076876141130924225e-02 4.670599848031997681e-02 8.625037036836147308e-03 1.646463386714458466e-02 1.551418658345937729e-02 4.936337471008300781e-02 4.093745350837707520e-02 1.044248044490814209e-02 2.950311079621315002e-02 4.030754417181015015e-02 2.201360091567039490e-02 3.156231250613927841e-03 1.193227618932723999e-02 2.104480564594268799e-02 1.753843948245048523e-02 3.327663987874984741e-03 3.502493351697921753e-02 4.706586524844169617e-02 3.667338984087109566e-03 8.565496653318405151e-03 5.750829819589853287e-03 4.697808530181646347e-03 3.499785379972308874e-04 3.405232354998588562e-02 1.350017078220844269e-02 2.019268460571765900e-02 5.131534487009048462e-02 6.366493180394172668e-03 2.322697453200817108e-02 5.813038721680641174e-02 2.886947058141231537e-02 1.312374882400035858e-02 2.507854066789150238e-02 1.799189858138561249e-02 7.029950618743896484e-03 1.339374296367168427e-02 6.855007726699113846e-03 1.043631881475448608e-02 3.263678774237632751e-02 5.116629414260387421e-03 2.867046743631362915e-03 4.750855267047882080e-03 6.168898195028305054e-03 3.789888694882392883e-02 6.726730149239301682e-03 8.104106411337852478e-03 9.472148492932319641e-03 3.368178382515907288e-02 3.138693422079086304e-02 4.314351081848144531e-02 4.244408383965492249e-02 1.627652533352375031e-02
1.206319034099578857e-02 1.463347463868558407e-03 4.786910116672515869e-01 4.734047129750251770e-02 4.453600570559501648e-02 3.761716559529304504e-02 4.470922797918319702e-02 8.635965734720230103e-02 8.586153388023376465e-03 8.939828723669052124e-03 1.067578699439764023e-02 8.624468930065631866e-03 3.928191587328910828e-02 5.910871084779500961e-03 2.816285751760005951e-02 5.832106806337833405e-03 1.223201956599950790e-02 4.401990771293640137e-02 1.284225843846797943e-02 7.346279174089431763e-02 5.380115658044815063e-02 6.200409494340419769e-03 2.615158632397651672e-02 5.137863382697105408e-02 3.087846562266349792e-02 2.450745552778244019e-02 1.693467609584331512e-02 2.490622922778129578e-02 4.097859188914299011e-02 8.777261711657047272e-03 3.061237186193466187e-02 1.768759638071060181e-02 5.942942947149276733e-02 6.787430029362440109e-03 3.046815842390060425e-02 3.446469083428382874e-02 3.692257031798362732e-02 2.962705679237842560e-02 2.405907213687896729e-02 4.167881608009338379e-02 4.410029388964176178e-03 2.952492982149124146e-02 1.204175874590873718e-02 1.462313067167997360e-02 3.944745287299156189e-02 8.504979312419891357e-03 1.308428589254617691e-03 1.006449921987950802e-03 1.371760666370391846e-02 7.149523589760065079e-03 2.332858182489871979e-02 6.317935883998870850e-03 4.726990684866905212e-02 2.723680622875690460e-02 9.626651182770729065e-03 2.964257448911666870e-02 1.653261482715606689e-02 5.745936930179595947e-02 2.842674963176250458e-02 3.124073334038257599e-02 7.656620349735021591e-03 1.196173764765262604e-02 2.437839098274707794e-02 1.757485419511795044e-02 5.704919341951608658e-03 9.780413471162319183e-03 1.065861154347658157e-02 5.061544477939605713e-03 5.898935720324516296e-02 3.297013416886329651e-02 3.607849776744842529e-02 4.851337149739265442e-02 5.031778663396835327e-02 5.571410059928894043e-03 2.627368667162954807e-04 4.307421669363975525e-02 3.319648280739784241e-02 3.967774286866188049e-02 1.479389145970344543e-02 1.636224053800106049e-02 8.891732990741729736e-02 1.801202073693275452e-02 2.708679996430873871e-02 3.621548041701316833e-02 4.357227310538291931e-02 2.421744726598262787e-02 1.604497991502285004e-02 3.427979350090026855e-02 4.269427619874477386e-03 1.244863215833902359e-02 2.611245773732662201e-02 2.713024616241455078e-02 2.168293297290802002e-02 3.294907510280609131e-03 1.219523698091506958e-02 2.275690436363220215e-03 2.778765000402927399e-02 3.140256181359291077e-02 8.993939496576786041e-03 2.952734194695949554e-02 2.572018094360828400e-02 1.461525633931159973e-02 2.365160360932350159e-02 1.764015480875968933e-02 7.028605788946151733e-02 1.805523037910461426e-02 3.854337707161903381e-02 3.314264491200447083e-02 3.677710518240928650e-02 7.693270221352577209e-03 4.357568547129631042e-02 6.214926484972238541e-03 4.676684737205505371e-02 9.648475795984268188e-03 3.201467543840408325e-02 3.599099814891815186e-02
3.267290815711021423e-02 4.366508510429412127e-04 4.734047129750251770e-02 5.115373134613037109e-01 1.033619865775108337e-01 7.348721381276845932e-03 2.801671065390110016e-02 1.194992195814847946e-02 2.643220126628875732e-02 3.311863541603088379e-02 1.593300141394138336e-02 5.121910944581031799e-02 2.119988389313220978e-02 4.464893788099288940e-02 3.697052225470542908e-02 1.866871304810047150e-02 1.732956967316567898e-03 3.696238249540328979e-02 6.662662327289581299e-02 2.476959116756916046e-02 1.593506895005702972e-02 1.434017159044742584e-02 4.471041634678840637e-02 2.595220506191253662e-02 3.172644414007663727e-03 4.806925728917121887e-02 4.397833254188299179e-03 4.931054078042507172e-03 4.571472480893135071e-02 4.465352743864059448e-03 3.251307830214500427e-02 1.446438394486904144e-02 2.372193522751331329e-02 3.729810565710067749e-02 8.949278853833675385e-03 5.245736613869667053e-02 2.476363256573677063e-02 7.058339542709290981e-04 5.475749447941780090e-02 5.647736415266990662e-02 2.712045982480049133e-02 4.926282912492752075e-02 2.567921299487352371e-03 1.278127171099185944e-02 4.525025933980941772e-02 3.010590793564915657e-03 1.585208252072334290e-02 2.529307268559932709e-02 3.307959064841270447e-02 3.041854128241539001e-02 1.143933366984128952e-02 3.937753662467002869e-02 2.112569520249962807e-03 2.175114490091800690e-02 9.427509270608425140e-03 1.222350820899009705e-02 5.758454557508230209e-03 3.794714109972119331e-03 1.494422741234302521e-02 3.014210611581802368e-02 2.120926417410373688e-02 7.744459807872772217e-02 7.664282619953155518e-02 4.280829429626464844e-02 3.126050531864166260e-02 4.447836894541978836e-03 9.695868939161300659e-03 2.699070982635021210e-02 5.835347622632980347e-02 5.675215274095535278e-02 8.788196742534637451e-02 1.625076308846473694e-02 1.157853901386260986e-01 2.405509166419506073e-02 1.057599559426307678e-01 2.072657371172681451e-04 5.673826113343238831e-02 4.438160359859466553e-02 4.019160196185112000e-02 1.314422953873872757e-02 2.451247163116931915e-02 2.118039131164550781e-02 3.677374497056007385e-02 3.824355825781822205e-02 1.955417916178703308e-02 3.554098308086395264e-03 5.544566549360752106e-03 1.227495539933443069e-02 3.915985673666000366e-02 3.963227197527885437e-02 4.970527440309524536e-02 6.738653755746781826e-04 3.016168437898159027e-02 2.032163739204406738e-02 2.198200672864913940e-02 2.358184196054935455e-03 2.497411519289016724e-02 2.672768011689186096e-02 5.112227052450180054e-02 3.982856497168540955e-02 2.156892791390419006e-02 3.395473177079111338e-04 2.289154008030891418e-02 4.730310291051864624e-03 1.230459939688444138e-02 1.067654695361852646e-02 2.778372261673212051e-03 1.510147843509912491e-02 4.492604732513427734e-02 1.893798634409904480e-02 1.781192421913146973e-02 2.347846515476703644e-02 2.902056090533733368e-02 4.586147144436836243e-02 2.405870333313941956e-02 6.317616906017065048e-03
2.730015479028224945e-02 1.346117933280766010e-03 4.453600570559501648e-02 1.033619865775108337e-01 5.177118182182312012e-01 8.222621865570545197e-03 8.977180346846580505e-03 3.267539665102958679e-02 3.745497390627861023e-02 7.362870033830404282e-03 6.883076857775449753e-03 1.315667014569044113e-02 8.508760482072830200e-03 3.762283921241760254e-02 2.447888720780611038e-03 4.519014805555343628e-02 1.421539764851331711e-02 6.118028424680233002e-03 1.186964586377143860e-01 8.978041820228099823e-03 1.630421727895736694e-02 1.354119181632995605e-02 4.394135624170303345e-02 3.813452646136283875e-02 7.056414615362882614e-04 1.200301758944988251e-02 1.772432355210185051e-03 3.719004243612289429e-02 3.537830710411071777e-02 4.404481872916221619e-02 7.606780622154474258e-03 1.592634059488773346e-02 2.455114945769309998e-02 4.389550164341926575e-02 3.497806563973426819e-02 2.364550344645977020e-02 4.917730763554573059e-02 8.887231349945068359e-03 6.944668292999267578e-02 5.864141136407852173e-02 2.313838340342044830e-03 1.145258639007806778e-02 4.292130842804908752e-02 3.564856201410293579e-02 5.045470967888832092e-02 4.485909640789031982e-02 3.184877103194594383e-03 3.388108685612678528e-02 4.804953560233116150e-02 3.582826629281044006e-02 2.346414700150489807e-02 4.324107989668846130e-02 4.199280217289924622e-02 1.749251037836074829e-02 3.295496571809053421e-03 2.296119369566440582e-02 5.415884777903556824e-02 5.137439817190170288e-02 3.510122373700141907e-02 3.283412382006645203e-02 1.221135538071393967e-02 9.193030744791030884e-02 7.163842022418975830e-02 9.512772411108016968e-02 1.403508335351943970e-02 1.797742210328578949e-02 1.086486317217350006e-02 2.187186293303966522e-02 4.730015061795711517e-03 3.883099928498268127e-02 5.081969499588012695e-02 4.712404310703277588e-02 6.413096934556961060e-02 3.037104383111000061e-02 9.601978212594985962e-02 2.100762166082859039e-02 3.664226504042744637e-03 3.364650905132293701e-02 2.248246036469936371e-02 2.154887281358242035e-02 1.469255238771438599e-02 3.636241704225540161e-02 9.611947834491729736e-02 1.302654147148132324e-01 4.984585195779800415e-02 3.280289098620414734e-02 3.609117493033409119e-02 4.342824965715408325e-02 4.062917456030845642e-02 3.270783461630344391e-03 3.054354153573513031e-02 1.631836593151092529e-02 3.651099652051925659e-02 1.868273131549358368e-02 1.345264608971774578e-03 1.834365911781787872e-02 2.020487934350967407e-02 3.805036842823028564e-02 4.017777740955352783e-02 3.419423475861549377e-02 4.120823740959167480e-02 5.652027204632759094e-03 3.302796930074691772e-02 3.739107772707939148e-02 2.379087498411536217e-03 2.174150943756103516e-02 4.990640096366405487e-03 4.154584929347038269e-02 2.360403910279273987e-02 1.098253764212131500e-02 3.051927685737609863e-02 1.925997436046600342e-02 2.693975903093814850e-02 1.454663556069135666e-02 3.095216862857341766e-02 3.016066923737525940e-02
5.275835469365119934e-02 5.199689790606498718e-02 3.761716559529304504e-02 7.348721381276845932e-03 8.222621865570545197e-03 4.943034350872039795e-01 1.334488987922668457e-01 1.238452270627021790e-02 5.375484935939311981e-03 4.106655344367027283e-02 1.234804559499025345e-02 3.044471330940723419e-02 1.113272923976182938e-02 3.731365501880645752e-02 2.157710306346416473e-02 2.576540596783161163e-02 3.929026052355766296e-02 1.042309682816267014e-02 4.535607248544692993e-02 8.068607188761234283e-03 2.820607647299766541e-02 2.863418497145175934e-02 5.065260455012321472e-03 9.858055971562862396e-03 4.516009241342544556e-02 3.439922258257865906e-02 7.399519439786672592e-03 1.294712442904710770e-02 4.233912006020545959e-02 2.636640518903732300e-02 5.961090698838233948e-02 5.683652684092521667e-02 1.465543825179338455e-02 4.260130226612091064e-02 1.894172839820384979e-02 2.798292599618434906e-02 4.240936134010553360e-03 1.607635244727134705e-02 1.650147512555122375e-02 2.871362492442131042e-02 8.581208065152168274e-03 3.658279031515121460e-02 1.833157800137996674e-02 3.519563376903533936e-02 3.891140967607498169e-02 7.294539827853441238e-03 1.010877341032028198e-01 5.287091806530952454e-02 1.420356146991252899e-02 8.352178148925304413e-03 7.352339569479227066e-03 8.724754443392157555e-04 2.729650586843490601e-03 7.346624042838811874e-03 2.781470119953155518e-02 2.909246087074279785e-02 2.663712389767169952e-02 3.611502423882484436e-02 1.897049136459827423e-02 4.263889417052268982e-02 3.141424059867858887e-02 9.942571632564067841e-03 2.277304045855998993e-02 3.773418813943862915e-02 3.756238520145416260e-02 3.904615342617034912e-02 5.153258144855499268e-02 2.735979855060577393e-02 5.210335366427898407e-03 6.244011968374252319e-02 3.079420886933803558e-02 1.075795735232532024e-03 3.570180386304855347e-02 3.337560594081878662e-02 3.594030067324638367e-02 7.634746842086315155e-03 1.028779521584510803e-02 2.586883120238780975e-02 2.262326329946517944e-02 6.714501231908798218e-02 4.229017067700624466e-03 1.460421178489923477e-02 1.351865846663713455e-02 3.949770703911781311e-03 4.304131958633661270e-03 5.995540693402290344e-02 1.173818577080965042e-02 3.213404119014739990e-02 4.130822420120239258e-02 2.906976640224456787e-02 2.878930419683456421e-02 1.186702400445938110e-02 4.542738199234008789e-02 1.557157840579748154e-02 1.596598140895366669e-02 2.561447210609912872e-02 1.022207643836736679e-02 2.657974138855934143e-02 8.285338059067726135e-03 1.123656518757343292e-02 4.324073344469070435e-02 3.773180767893791199e-02 5.851795431226491928e-03 9.588460437953472137e-03 1.095299515873193741e-02 3.977408260107040405e-02 1.325685344636440277e-02 8.302378118969500065e-04 2.654668129980564117e-02 4.942377097904682159e-03 5.074543505907058716e-02 3.987669944763183594e-02 2.556033805012702942e-02 5.136144533753395081e-02 7.316418737173080444e-02 2.084173448383808136e-02
4.618978872895240784e-02 4.350513219833374023e-02 4.470922797918319702e-02 2.801671065390110016e-02 8.977180346846580505e-03 1.334488987922668457e-01 5.007669925689697266e-01 6.625307723879814148e-03 1.648969575762748718e-02 2.268529869616031647e-02 2.204494737088680267e-02 3.422130644321441650e-02 2.265426330268383026e-02 4.514391720294952393e-02 4.110644012689590454e-02 3.410086780786514282e-02 3.427534550428390503e-02 3.995899111032485962e-02 1.454772241413593292e-02 2.188467793166637421e-02 2.896708808839321136e-02 1.383232884109020233e-02 6.542484625242650509e-04 7.066182326525449753e-03 3.323267400264739990e-02 1.810690201818943024e-02 2.223443239927291870e-02 1.348707545548677444e-02 1.903054886497557163e-03 2.868928387761116028e-02 5.674379062838852406e-04 2.576381526887416840e-02 2.948301553260535002e-04 3.477360308170318604e-02 3.959861025214195251e-02 4.050692659802734852e-04 2.024167682975530624e-03 9.377653710544109344e-03 9.720509871840476990e-03 1.786595792509615421e-03 3.982295282185077667e-03 1.799135096371173859e-02 1.486567314714193344e-03 6.909962743520736694e-02 1.691578328609466553e-02 3.214789787307381630e-03 7.996020466089248657e-02 7.556595653295516968e-02 1.927031204104423523e-02 7.823501713573932648e-03 1.547952927649021149e-02 7.785270456224679947e-03 4.466159641742706299e-02 5.572491791099309921e-03 1.240543276071548462e-02 2.671723999083042145e-02 2.649437077343463898e-02 2.531507983803749084e-02 4.147865623235702515e-02 2.177763544023036957e-02 2.875477448105812073e-02 3.064697980880737305e-02 2.324533648788928986e-02 2.563375793397426605e-02 5.778673104941844940e-03 1.437418162822723389e-02 1.090441644191741943e-02 2.458056993782520294e-02 4.231589846312999725e-03 1.571292988955974579e-02 4.909292608499526978e-02 2.383445680607110262e-04 5.107424035668373108e-02 6.382648833096027374e-03 1.837124489247798920e-02 1.546335872262716293e-02 9.314346243627369404e-05 3.437411505728960037e-04 3.096877597272396088e-02 4.583105444908142090e-02 1.877736486494541168e-02 2.114888653159141541e-02 2.608727850019931793e-02 7.350604981184005737e-03 2.972847782075405121e-02 2.355318702757358551e-02 1.192831783555448055e-03 3.556228056550025940e-02 2.943144366145133972e-02 1.069850660860538483e-02 4.209483414888381958e-02 1.343256048858165741e-02 5.346282571554183960e-02 8.729828521609306335e-03 2.811435237526893616e-02 2.390202879905700684e-02 4.005030170083045959e-02 1.288957893848419189e-03 4.929612390697002411e-03 1.063672453165054321e-02 3.206412494182586670e-02 2.181524038314819336e-02 8.852224797010421753e-03 1.479782350361347198e-02 7.101132534444332123e-03 1.898062787950038910e-02 1.061841566115617752e-02 2.975045517086982727e-02 1.066755875945091248e-02 1.661890372633934021e-02 4.473003372550010681e-02 3.431811183691024780e-02 3.750146552920341492e-02 5.098788440227508545e-02 1.250144653022289276e-02 2.740258537232875824e-02
1.118922606110572815e-02 1.014455594122409821e-02 8.635965734720230103e-02 1.194992195814847946e-02 3.267539665102958679e-02 1.238452270627021790e-02 6.625307723879814148e-03 4.874439239501953125e-01 5.135513469576835632e-02 2.189854159951210022e-02 3.294294234365224838e-03 4.823785275220870972e-02 5.409317556768655777e-03 3.258039057254791260e-02 3.099580481648445129e-02 6.582662463188171387e-02 8.438242226839065552e-02 2.980665490031242371e-02 8.085110783576965332e-02 4.825260117650032043e-02 2.290616370737552643e-02 1.565230078995227814e-02 3.241659328341484070e-02 4.809936136007308960e-02 2.771617844700813293e-02 4.165591299533843994e-02 2.279953099787235260e-02 4.652979783713817596e-03 6.593811791390180588e-03 1.552921533584594727e-02 3.700103610754013062e-02 4.416980221867561340e-02 1.445477455854415894e-02 3.052916191518306732e-02 1.796307414770126343e-02 3.589829802513122559e-02 1.319216005504131317e-02 5.277767404913902283e-02 1.121564675122499466e-02 1.619417220354080200e-02 4.649329930543899536e-02 4.725802317261695862e-02 1.454609259963035583e-02 8.253629319369792938e-03 8.182663470506668091e-03 9.632344357669353485e-03 5.666824523359537125e-03 9.682097472250461578e-03 2.451196312904357910e-02 2.198898047208786011e-02 4.545724019408226013e-02 1.790409674867987633e-03 3.940361365675926208e-02 4.356706514954566956e-03 2.068496495485305786e-02 4.037473723292350769e-02 2.038533426821231842e-02 1.552755478769540787e-03 5.450377985835075378e-02 7.359615061432123184e-03 2.852519229054450989e-02 3.913594037294387817e-02 1.526722870767116547e-02 1.831844821572303772e-02 2.108086273074150085e-02 3.895610943436622620e-02 2.230458520352840424e-02 1.355104986578226089e-02 5.083114653825759888e-02 3.084338456392288208e-02 3.531114384531974792e-02 2.587963454425334930e-02 1.339653600007295609e-02 1.601592637598514557e-02 3.765369206666946411e-02 7.005631458014249802e-03 5.123085808008909225e-03 2.717355079948902130e-02 3.722455725073814392e-02 1.387466769665479660e-02 1.021545380353927612e-01 9.875829517841339111e-02 8.818857371807098389e-03 7.115142047405242920e-02 2.999056130647659302e-02 4.538346454501152039e-02 4.487718641757965088e-02 1.140765193849802017e-02 2.404317026957869530e-03 2.662771567702293396e-02 1.904410310089588165e-02 2.833436429500579834e-02 5.805107951164245605e-02 4.436165094375610352e-02 2.399813756346702576e-02 4.973949491977691650e-02 4.282497987151145935e-02 1.112439855933189392e-02 4.800385236740112305e-02 3.350441902875900269e-02 1.758703589439392090e-02 3.134155273437500000e-02 5.674404092133045197e-03 7.014378788881003857e-04 2.920866385102272034e-02 4.389809072017669678e-02 8.507276885211467743e-03 8.187807165086269379e-03 2.908971719443798065e-02 4.880277067422866821e-02 2.091307565569877625e-02 2.096742950379848480e-02 1.873168745078146458e-03 4.717693105340003967e-02 2.519426867365837097e-02 3.541810065507888794e-02
1.550226192921400070e-02 1.371928374283015728e-03 8.586153388023376465e-03 2.643220126628875732e-02 3.745497390627861023e-02 5.375484935939311981e-03 1.648969575762748718e-02 5.135513469576835632e-02 5.161685347557067871e-01 1.823726692236959934e-03 1.111430395394563675e-02 2.681171521544456482e-02 5.864331964403390884e-03 5.151466652750968933e-02 1.161867403425276279e-03 2.515305019915103912e-02 4.940387792885303497e-03 5.342706292867660522e-02 5.137731507420539856e-02 3.591568768024444580e-02 3.088115341961383820e-02 3.492099791765213013e-02 2.213358879089355469e-03 2.843991853296756744e-02 1.020286511629819870e-02 4.837433993816375732e-02 2.065101638436317444e-03 1.329380646347999573e-02 1.913625746965408325e-02 1.570685394108295441e-02 1.536066643893718719e-02 7.085257675498723984e-03 1.293129846453666687e-02 5.912337824702262878e-02 4.128071665763854980e-02 1.174184679985046387e-02 3.106711804866790771e-02 1.170064439065754414e-03 2.383220009505748749e-02 2.957107312977313995e-02 3.939395770430564880e-03 1.777483522891998291e-02 4.587044939398765564e-02 5.280955811031162739e-04 3.748025745153427124e-03 2.001203410327434540e-02 6.921539548784494400e-03 1.147727575153112411e-02 1.966319419443607330e-02 3.719270974397659302e-02 1.368102245032787323e-02 1.534415525384247303e-03 2.011730521917343140e-02 9.601503843441605568e-04 3.508404269814491272e-02 3.252357617020606995e-02 3.926100581884384155e-02 3.303058445453643799e-02 3.585220128297805786e-02 2.610739134252071381e-02 2.977898716926574707e-02 3.756961598992347717e-02 4.975026100873947144e-02 1.996045932173728943e-02 1.590914279222488403e-02 2.957873418927192688e-02 1.032584533095359802e-02 1.614435575902462006e-02 4.166145995259284973e-02 5.000758171081542969e-02 3.382528945803642273e-02 6.781747192144393921e-02 2.680209092795848846e-02 2.909541130065917969e-02 4.362336918711662292e-02 5.040132626891136169e-02 7.694070786237716675e-02 3.234260901808738708e-02 5.703769251704216003e-02 1.290844660252332687e-02 3.425009548664093018e-02 2.656058175489306450e-03 4.302330687642097473e-02 4.580631852149963379e-02 1.955226249992847443e-02 3.709499537944793701e-02 4.728268459439277649e-02 5.381372198462486267e-02 6.997662037611007690e-02 7.184977643191814423e-03 1.157721271738409996e-03 9.227698668837547302e-03 7.858517346903681755e-04 4.435580596327781677e-02 3.122940286993980408e-02 1.804247871041297913e-02 5.596503149718046188e-03 8.981470949947834015e-03 2.993184514343738556e-02 1.625668839551508427e-03 6.496202200651168823e-03 1.165230106562376022e-02 3.051079995930194855e-02 2.903751470148563385e-02 3.710268437862396240e-02 3.838752210140228271e-02 1.770843984559178352e-03 2.411151304841041565e-02 2.784305717796087265e-03 3.492608293890953064e-02 3.389493003487586975e-02 4.521816968917846680e-02 7.342604920268058777e-03 2.377197612076997757e-03 3.993257507681846619e-02 1.666018553078174591e-02
2.075709216296672821e-02 1.546293846331536770e-03 8.939828723669052124e-03 3.311863541603088379e-02 7.362870033830404282e-03 4.106655344367027283e-02 2.268529869616031647e-02 2.189854159951210022e-02 1.823726692236959934e-03 5.043647885322570801e-01 2.461634576320648193e-02 2.951997332274913788e-02 2.457140013575553894e-02 5.296001583337783813e-02 3.517260029911994934e-02 4.771035164594650269e-02 2.970279194414615631e-02 1.631371304392814636e-02 6.965535879135131836e-02 3.965855110436677933e-03 5.587689951062202454e-02 7.484165485948324203e-03 3.240150958299636841e-02 8.385778218507766724e-02 5.624280497431755066e-02 1.924449205398559570e-02 4.261263087391853333e-02 3.791108354926109314e-02 2.057256177067756653e-02 3.638589382171630859e-02 5.322594195604324341e-03 4.401762410998344421e-02 2.342339418828487396e-02 4.604883491992950439e-03 2.735368534922599792e-02 3.574194386601448059e-02 2.164311707019805908e-03 3.622566908597946167e-02 2.978201955556869507e-02 5.133273079991340637e-03 4.092756425961852074e-04 2.839894592761993408e-02 2.167860604822635651e-02 1.713931933045387268e-02 3.018573112785816193e-02 5.127923935651779175e-02 4.407150205224752426e-03 1.514253392815589905e-02 1.387259108014404774e-03 5.027239769697189331e-02 1.118602417409420013e-02 1.112884189933538437e-02 3.293562040198594332e-04 4.794905334711074829e-02 2.218382619321346283e-02 1.794642396271228790e-02 4.575766250491142273e-02 1.601179689168930054e-02 2.957740426063537598e-02 3.022592887282371521e-02 4.520010575652122498e-02 3.972092643380165100e-03 1.618995913304388523e-03 1.998011767864227295e-02 1.349155977368354797e-02 2.171834744513034821e-02 5.311252549290657043e-02 3.064228035509586334e-02 4.829537123441696167e-02 6.474278867244720459e-02 3.028095699846744537e-02 3.222226398065686226e-03 1.672262698411941528e-02 2.995320968329906464e-02 4.794733971357345581e-02 1.710874959826469421e-02 3.887715935707092285e-02 1.229725629091262817e-01 2.583747496828436852e-03 1.181457042694091797e-01 1.008384209126234055e-02 4.003933630883693695e-03 7.975368760526180267e-03 2.457118034362792969e-02 1.929062791168689728e-02 8.840826898813247681e-02 2.484890446066856384e-02 4.269864782691001892e-02 4.478788375854492188e-02 6.049875542521476746e-02 2.378085814416408539e-02 1.074709277600049973e-02 2.135855145752429962e-02 3.169641643762588501e-02 2.068271487951278687e-02 7.795430719852447510e-03 1.689017377793788910e-02 1.072795409709215164e-02 1.246548257768154144e-02 5.396998301148414612e-02 1.785707846283912659e-02 4.530794173479080200e-02 5.011811107397079468e-02 3.485914086923003197e-03 1.467774249613285065e-02 5.052318423986434937e-02 2.002156339585781097e-03 1.280442345887422562e-02 2.163257822394371033e-02 3.025957616046071053e-03 3.462397679686546326e-02 4.701854288578033447e-02 1.941233314573764801e-02 4.707136750221252441e-02 2.845296822488307953e-02 4.695294052362442017e-02
4.620905593037605286e-02 5.252463743090629578e-02 1.067578699439764023e-02 1.593300141394138336e-02 6.883076857775449753e-03 1.234804559499025345e-02 2.204494737088680267e-02 3.294294234365224838e-03 1.111430395394563675e-02 2.461634576320648193e-02 5.169478058815002441e-01 2.761082723736763000e-02 6.286031752824783325e-02 3.795697540044784546e-02 1.694403775036334991e-02 9.542150422930717468e-03 2.058465778827667236e-02 3.090154379606246948e-02 2.299459092319011688e-02 3.376452252268791199e-02 2.367883175611495972e-02 5.970110371708869934e-02 1.566737628309056163e-04 5.967453122138977051e-03 2.583074383437633514e-02 2.041658945381641388e-02 3.443669527769088745e-02 5.710190534591674805e-02 4.508637636899948120e-02 3.879332169890403748e-02 3.667075559496879578e-02 1.535593345761299133e-02 2.738602831959724426e-02 7.820774801075458527e-03 8.198718540370464325e-03 2.545073803048580885e-04 1.244302932173013687e-02 2.248113509267568588e-03 2.297061029821634293e-03 2.604128792881965637e-02 2.306261472404003143e-02 2.724688313901424408e-02 3.179896995425224304e-02 3.233406320214271545e-02 2.308270707726478577e-02 3.786184126511216164e-03 3.658615052700042725e-02 1.894378662109375000e-02 1.034690998494625092e-03 3.232584567740559578e-03 4.023919254541397095e-02 1.646253094077110291e-02 4.632921423763036728e-03 4.898980725556612015e-03 1.819176599383354187e-02 7.350690197199583054e-03 1.509656198322772980e-03 5.028301477432250977e-02 5.821029655635356903e-03 2.226195298135280609e-02 9.430390782654285431e-03 2.815923420712351799e-03 2.231323905289173126e-02 2.620199322700500488e-02 3.868642449378967285e-02 3.070221096277236938e-02 6.693003233522176743e-03 2.746823988854885101e-02 1.226436346769332886e-02 1.370393391698598862e-02 2.826527319848537445e-02 1.092357281595468521e-02 2.912033535540103912e-02 2.121577970683574677e-02 1.687953807413578033e-02 4.961792845278978348e-03 9.670862928032875061e-03 2.556421421468257904e-02 8.311149664223194122e-03 2.769144624471664429e-02 3.153114579617977142e-03 2.767623215913772583e-02 1.803347654640674591e-02 1.442647445946931839e-02 2.766748331487178802e-02 2.119093947112560272e-02 7.058485876768827438e-03 1.235226076096296310e-02 2.394639886915683746e-02 5.223675072193145752e-02 2.330518513917922974e-02 4.444510862231254578e-02 1.408269349485635757e-02 3.145891055464744568e-02 1.126111950725317001e-02 1.150584034621715546e-02 3.029509447515010834e-02 1.723321038298308849e-03 9.274235926568508148e-03 3.926641307771205902e-03 7.090612780302762985e-03 9.577282704412937164e-03 2.635427191853523254e-02 1.951691694557666779e-02 1.004812028259038925e-02 1.034151110798120499e-02 3.252902301028370857e-03 1.955285109579563141e-02 9.497856721282005310e-03 4.325130954384803772e-02 3.908479213714599609e-02 5.686282180249691010e-03 4.950879886746406555e-02 4.683433100581169128e-02 1.830624043941497803e-02 2.359491959214210510e-02
3.923169896006584167e-02 5.345931276679039001e-02 8.624468930065631866e-03 5.121910944581031799e-02 1.315667014569044113e-02 3.044471330940723419e-02 3.422130644321441650e-02 4.823785275220870972e-02 2.681171521544456482e-02 2.951997332274913788e-02 2.761082723736763000e-02 5.006076693534851074e-01 5.357912555336952209e-02 1.329908370971679688e-01 4.126005992293357849e-02 6.462208181619644165e-02 3.781026229262351990e-02 7.229350507259368896e-03 3.764385590329766273e-03 3.854944556951522827e-02 1.539253070950508118e-02 4.664869979023933411e-02 2.932861447334289551e-02 2.303764782845973969e-02 2.731119841337203979e-02 3.419338259845972061e-03 3.894978016614913940e-02 8.132211863994598389e-02 2.771116793155670166e-02 9.446322917938232422e-02 3.765537589788436890e-02 4.413595050573348999e-02 4.370888322591781616e-02 2.068766951560974121e-02 4.141264408826828003e-02 3.749059885740280151e-02 2.362754009664058685e-02 3.210505098104476929e-02 4.979247599840164185e-02 1.987837441265583038e-02 3.366073220968246460e-02 1.949855126440525055e-02 2.708488516509532928e-02 3.484073281288146973e-02 6.137796863913536072e-02 1.595166279003024101e-03 3.210352733731269836e-02 2.863700129091739655e-02 3.977963700890541077e-02 4.441430419683456421e-02 1.583806984126567841e-02 1.815588586032390594e-02 4.506593197584152222e-02 2.951172366738319397e-02 5.680261552333831787e-02 9.594743023626506329e-04 9.647365659475326538e-03 7.746010273694992065e-02 2.679854445159435272e-02 6.335224211215972900e-02 3.406950831413269043e-02 1.440681703388690948e-02 4.717951267957687378e-02 2.674296312034130096e-02 1.597216166555881500e-02 1.717391051352024078e-02 4.832409322261810303e-02 1.128784101456403732e-02 3.820333862677216530e-03 3.893840685486793518e-02 2.671709051355719566e-03 1.652877032756805420e-02 1.579533144831657410e-02 1.187010016292333603e-02 1.913277991116046906e-02 3.546061634551733732e-04 4.082289710640907288e-02 5.210267752408981323e-02 8.407431654632091522e-03 5.220489576458930969e-02 4.544007033109664917e-02 1.161626074463129044e-02 2.171946130692958832e-02 8.184080943465232849e-03 4.953202977776527405e-02 3.817709162831306458e-03 2.119104377925395966e-02 6.554229650646448135e-03 3.654343262314796448e-02 4.519196972250938416e-02 1.201506890356540680e-02 6.113418377935886383e-03 9.609295986592769623e-03 3.833466768264770508e-02 3.471465036273002625e-02 8.562970906496047974e-03 3.174201771616935730e-02 5.725604016333818436e-03 3.248361404985189438e-03 1.857434585690498352e-02 9.270739741623401642e-03 7.074355613440275192e-03 4.376627132296562195e-02 1.839224435389041901e-02 3.984427824616432190e-02 2.583389729261398315e-02 8.727015927433967590e-03 4.612689372152090073e-03 1.816737093031406403e-02 3.960476443171501160e-02 2.023323439061641693e-02 1.815984956920146942e-02 2.858036197721958160e-02 2.697066217660903931e-02 2.095875144004821777e-02 3.695078939199447632e-02
4.511712118983268738e-02 6.364986300468444824e-02 3.928191587328910828e-02 2.119988389313220978e-02 8.508760482072830200e-03 1.113272923976182938e-02 2.265426330268383026e-02 5.409317556768655777e-03 5.864331964403390884e-03 2.457140013575553894e-02 6.286031752824783325e-02 5.357912555336952209e-02 5.092039704322814941e-01 4.436905682086944580e-02 2.364472486078739166e-02 2.499879896640777588e-02 3.771845251321792603e-02 3.999045863747596741e-02 1.607304625213146210e-02 1.789116114377975464e-02 1.496107317507266998e-02 5.169665068387985229e-02 1.528851874172687531e-02 2.080066828057169914e-03 1.464251708239316940e-02 1.697685383260250092e-02 2.867393428459763527e-03 2.679711021482944489e-02 5.653810128569602966e-02 2.995826490223407745e-02 7.301004230976104736e-02 1.183442212641239166e-02 2.516602724790573120e-02 1.296238228678703308e-02 1.446723192930221558e-02 8.064014837145805359e-03 1.284201256930828094e-02 8.240864612162113190e-03 3.097767475992441177e-03 3.491474781185388565e-03 6.333822384476661682e-03 5.672961845993995667e-02 5.873887799680233002e-03 1.098631764762103558e-03 4.415505379438400269e-02 2.559133619070053101e-02 3.025721386075019836e-02 1.382068358361721039e-02 1.905146986246109009e-02 1.153611298650503159e-02 5.342904105782508850e-02 4.929568991065025330e-02 8.033590274862945080e-04 2.100904472172260284e-02 1.770818419754505157e-02 2.957335114479064941e-02 1.808864250779151917e-02 4.435086622834205627e-02 2.297224290668964386e-02 3.833094984292984009e-02 4.670378286391496658e-03 2.124286815524101257e-02 1.807375624775886536e-02 6.445171311497688293e-03 5.014558881521224976e-02 8.167988806962966919e-02 2.480259351432323456e-02 4.106491804122924805e-02 1.357180159538984299e-02 2.363670989871025085e-02 2.148624323308467865e-02 5.691605620086193085e-03 3.072982467710971832e-02 4.284811764955520630e-02 2.042745705693960190e-03 2.122947201132774353e-02 1.510669570416212082e-02 4.290007427334785461e-02 3.703732043504714966e-02 3.135321661829948425e-02 1.648182421922683716e-02 3.515661507844924927e-02 7.775367703288793564e-03 1.601019687950611115e-02 5.682390928268432617e-02 2.371458140260074288e-05 4.524214565753936768e-02 4.129572212696075439e-02 4.651114717125892639e-02 3.993161767721176147e-02 4.398503899574279785e-02 4.101996868848800659e-02 8.036935701966285706e-03 4.616237804293632507e-02 8.791572181507945061e-04 1.990320347249507904e-02 3.622514382004737854e-02 6.081544328480958939e-03 2.061003353446722031e-03 6.649051792919635773e-03 2.397357951849699020e-03 1.652539521455764771e-02 4.482841759454458952e-04 3.478460386395454407e-02 1.021748222410678864e-02 3.531065071001648903e-03 1.734991371631622314e-02 5.108392238616943359e-02 3.512028837576508522e-03 2.410734072327613831e-02 5.243350565433502197e-02 1.230283081531524658e-02 1.656168513000011444e-02 2.319592610001564026e-02 1.270086411386728287e-02 4.273445811122655869e-03
