4.173364341259002686e-01 1.761704385280609131e-01 1.800626330077648163e-02 3.935093805193901062e-02 6.056882068514823914e-02 7.072868198156356812e-02 3.437434881925582886e-02 3.102551214396953583e-02 4.343090951442718506e-02 2.376617677509784698e-02 1.221107318997383118e-01 4.242929071187973022e-02 1.044313758611679077e-01 2.079959586262702942e-02 2.539576962590217590e-02 3.804631158709526062e-02 1.920826034620404243e-03 9.795326739549636841e-03 1.876159571111202240e-02 3.212752565741539001e-02 4.718173295259475708e-02 4.495388641953468323e-02 1.972672995179891586e-03 1.192583423107862473e-02 4.804634302854537964e-02 4.095998778939247131e-02 3.229610249400138855e-02 3.578376024961471558e-02 2.465412206947803497e-02 2.849212847650051117e-03 2.477655187249183655e-02 3.306795610114932060e-03 2.006427012383937836e-02 1.422512717545032501e-02 3.041788563132286072e-02 1.594649627804756165e-02 1.191716990433633327e-03 1.237559784203767776e-02 3.179473429918289185e-02 4.205626249313354492e-02 3.494376689195632935e-02 4.585856199264526367e-02 4.085128009319305420e-02 8.239687420427799225e-03 2.536078542470932007e-02 7.218414545059204102e-02 3.194485604763031006e-02 4.138470068573951721e-02 3.823706135153770447e-02 2.175442129373550415e-02 4.607310518622398376e-02 2.079444192349910736e-02 3.000865876674652100e-02 2.341903373599052429e-02 4.581444337964057922e-02 1.397427357733249664e-02 5.572622269392013550e-02 4.959203675389289856e-02 3.854585438966751099e-02 4.008462652564048767e-02 4.621037468314170837e-02 3.445602953433990479e-02 2.186359651386737823e-02 1.550555881112813950e-02 5.853444337844848633e-02 4.433726891875267029e-02 1.444786600768566132e-02 3.481625765562057495e-02 1.880798675119876862e-02 1.253322791308164597e-02 2.434386499226093292e-02 5.230075214058160782e-03 3.051198832690715790e-02 1.643707603216171265e-02 6.765161454677581787e-02 1.196396304294466972e-03 1.836823672056198120e-02 5.489209294319152832e-02 1.490916358307003975e-03 1.501842122524976730e-02 4.426629096269607544e-02 3.872762992978096008e-02 3.012413717806339264e-02 2.482685819268226624e-02 5.897921510040760040e-03 1.307765115052461624e-02 1.270373724400997162e-02 2.334222570061683655e-02 3.659373521804809570e-02 2.104219235479831696e-02 4.870685562491416931e-02 3.933816403150558472e-02 3.383603319525718689e-02 6.929082883289083838e-05 6.187791004776954651e-03 1.763180457055568695e-02 2.922211308032274246e-03 5.292810127139091492e-02 7.611005753278732300e-02 2.946287021040916443e-02 4.453545063734054565e-02 3.211405128240585327e-02 7.464131340384483337e-04 2.240916900336742401e-02 2.145280316472053528e-02 1.154849669546820223e-04 3.864401206374168396e-02 1.914031244814395905e-02 4.146201163530349731e-02 2.031756564974784851e-02 1.749006472527980804e-02 1.929406262934207916e-02 3.691067546606063843e-02 3.339251130819320679e-02 8.080853149294853210e-03 1.399984932504594326e-03
1.761704385280609131e-01 4.143110513687133789e-01 1.041695475578308105e-03 2.844857797026634216e-02 3.194824978709220886e-02 5.331175774335861206e-02 2.697568014264106750e-02 5.042287334799766541e-02 2.973482012748718262e-02 3.057501278817653656e-02 1.188807189464569092e-01 4.682108387351036072e-02 1.411170810461044312e-01 8.228594437241554260e-03 2.181312767788767815e-03 2.671936713159084320e-02 9.472832083702087402e-03 3.428830951452255249e-02 7.408118341118097305e-03 5.281946435570716858e-02 2.175352349877357483e-02 1.698210462927818298e-02 2.293566800653934479e-02 2.654140349477529526e-03 3.556073084473609924e-02 4.502911865711212158e-02 5.391282960772514343e-02 6.786065548658370972e-02 3.976087272167205811e-02 3.777506202459335327e-02 4.280731454491615295e-02 6.444846512749791145e-04 3.226955607533454895e-02 2.047250047326087952e-02 2.030064538121223450e-02 1.508368272334337234e-02 6.287333555519580841e-03 4.317865241318941116e-03 2.644656784832477570e-02 4.325858876109123230e-02 1.658582128584384918e-02 4.106447845697402954e-02 3.308461233973503113e-02 1.358628552407026291e-02 2.063865773379802704e-02 6.267388164997100830e-02 4.546872153878211975e-02 1.666683331131935120e-02 4.401385411620140076e-02 9.540238417685031891e-03 4.028969258069992065e-02 2.503920346498489380e-02 3.495913371443748474e-02 3.049257025122642517e-02 1.045163255184888840e-02 1.580085605382919312e-02 2.216980420053005219e-02 2.968021109700202942e-02 3.716865926980972290e-02 5.632602423429489136e-02 2.355278842151165009e-02 4.772405326366424561e-02 4.078379273414611816e-02 5.518369143828749657e-04 5.086873471736907959e-02 3.802566602826118469e-02 3.784712171182036400e-03 2.573523484170436859e-02 4.343679640442132950e-03 4.077966138720512390e-02 1.155907846987247467e-02 4.774244129657745361e-02 4.040339216589927673e-02 2.283195406198501587e-02 4.919722303748130798e-02 3.893963247537612915e-02 6.234594620764255524e-03 3.686655312776565552e-02 4.979115910828113556e-03 7.063302677124738693e-03 3.872051090002059937e-02 4.522383585572242737e-02 1.985629089176654816e-02 5.850892513990402222e-03 2.014908008277416229e-02 3.884577378630638123e-02 2.194690890610218048e-02 6.804318632930517197e-03 4.946202412247657776e-02 3.572838008403778076e-02 3.530357778072357178e-02 3.404076851438730955e-04 1.146831549704074860e-02 4.729382693767547607e-03 1.830293796956539154e-02 1.707671768963336945e-02 4.176148399710655212e-02 5.577963590621948242e-02 5.392479524016380310e-02 6.245355587452650070e-03 2.221254259347915649e-02 3.685593977570533752e-02 1.138520427048206329e-02 9.989723563194274902e-03 4.217411577701568604e-02 1.901241764426231384e-02 4.494461417198181152e-02 9.896454401314258575e-03 4.114904254674911499e-02 1.199279446154832840e-03 1.441922038793563843e-02 7.235389668494462967e-03 1.210268586874008179e-02 3.752981498837471008e-02 2.405689097940921783e-02 5.084611475467681885e-02
1.800626330077648163e-02 1.041695475578308105e-03 3.883175253868103027e-01 2.336322702467441559e-02 1.114092115312814713e-02 2.186615765094757080e-02 7.025579456239938736e-03 1.351073384284973145e-01 4.902544617652893066e-02 8.669611997902393341e-03 4.274507053196430206e-03 2.278816327452659607e-02 9.682142175734043121e-03 2.426682971417903900e-02 5.188144743442535400e-03 1.893226290121674538e-03 5.940410308539867401e-03 2.272692508995532990e-02 3.563788905739784241e-02 8.941262960433959961e-03 2.388401515781879425e-02 3.488077223300933838e-02 2.836898341774940491e-02 4.147570207715034485e-02 1.310754846781492233e-02 4.631051048636436462e-02 2.508049830794334412e-02 6.651556584984064102e-03 1.186536811292171478e-02 2.550224028527736664e-02 3.795502707362174988e-02 3.866374492645263672e-02 7.674627006053924561e-03 1.658198796212673187e-02 2.411409467458724976e-02 2.087826281785964966e-02 4.108851030468940735e-02 5.022516846656799316e-02 1.185349654406309128e-02 7.029728963971138000e-03 4.001267999410629272e-02 7.095942273736000061e-03 3.250564634799957275e-02 2.459525130689144135e-03 5.661773029714822769e-03 1.969648152589797974e-02 1.923144422471523285e-02 2.933810837566852570e-02 3.796382620930671692e-02 1.533866114914417267e-02 4.328350722789764404e-02 6.657700985670089722e-02 2.151546766981482506e-03 1.776121370494365692e-02 3.686473891139030457e-02 4.089396446943283081e-02 1.267489884048700333e-02 7.257213816046714783e-03 3.613968612626194954e-03 8.137173019349575043e-03 1.981468312442302704e-02 4.252064973115921021e-02 3.528552874922752380e-02 2.299993112683296204e-02 4.662245139479637146e-02 1.182908844202756882e-02 2.821553684771060944e-02 1.517876610159873962e-02 2.021190524101257324e-02 1.916947029531002045e-02 2.452878467738628387e-02 4.435744881629943848e-02 3.529670089483261108e-02 8.757576346397399902e-03 2.367480844259262085e-02 2.806493267416954041e-02 1.971678063273429871e-02 3.923844546079635620e-02 1.180620305240154266e-02 1.109514478594064713e-02 2.051551043987274170e-01 9.652373194694519043e-02 2.578508481383323669e-02 3.251366317272186279e-02 1.649612002074718475e-02 2.034801803529262543e-02 4.254001006484031677e-02 2.427051961421966553e-02 7.139217108488082886e-03 4.548680968582630157e-03 2.085136994719505310e-02 3.461015969514846802e-02 2.542618103325366974e-02 1.768860965967178345e-02 5.940845236182212830e-03 3.867542371153831482e-02 1.189389079809188843e-02 3.951398655772209167e-02 3.884258121252059937e-02 2.040098235011100769e-02 3.038620576262474060e-02 6.984071340411901474e-03 8.884485578164458275e-04 8.904282003641128540e-03 8.411286398768424988e-03 1.923891715705394745e-02 2.633425034582614899e-02 6.624425295740365982e-03 1.617473177611827850e-02 2.449315786361694336e-02 2.520978450775146484e-02 2.186033641919493675e-03 6.010089535266160965e-03 7.086758036166429520e-03 1.341522857546806335e-02 3.352007269859313965e-02
3.935093805193901062e-02 2.844857797026634216e-02 2.336322702467441559e-02 4.229555428028106689e-01 1.064950153231620789e-01 1.586592197418212891e-02 3.793071373365819454e-04 1.358787529170513153e-02 4.321377351880073547e-02 3.002526238560676575e-03 3.162101283669471741e-02 3.726908192038536072e-02 1.068192813545465469e-02 3.540665656328201294e-02 4.574581980705261230e-02 5.418371409177780151e-02 9.107345715165138245e-03 4.125273600220680237e-02 3.164060413837432861e-02 1.312320027500391006e-02 1.602498069405555725e-02 1.392825134098529816e-02 1.228407211601734161e-02 3.152938187122344971e-02 7.238757680170238018e-04 2.338432893157005310e-02 2.863699011504650116e-02 2.866674214601516724e-02 5.297633260488510132e-02 1.881463825702667236e-02 4.705088585615158081e-02 5.931287631392478943e-02 7.398591935634613037e-02 5.985746532678604126e-02 5.658384039998054504e-02 4.659780114889144897e-02 4.443520680069923401e-02 4.351754207164049149e-03 3.376828506588935852e-02 3.033640608191490173e-02 1.798995770514011383e-02 1.264443434774875641e-02 6.785951089113950729e-03 4.066615365445613861e-03 2.943653054535388947e-02 3.366653108969330788e-03 1.169668696820735931e-02 4.022527858614921570e-02 2.936388365924358368e-02 4.060848802328109741e-02 1.063503604382276535e-02 2.472058124840259552e-02 1.264180336147546768e-02 2.679673023521900177e-02 1.362808234989643097e-02 1.260234601795673370e-02 3.194712474942207336e-02 1.385655067861080170e-02 7.137618958950042725e-03 3.040040098130702972e-02 4.349146783351898193e-02 3.980711102485656738e-02 7.715401053428649902e-02 1.726515591144561768e-03 7.161640562117099762e-03 8.880653418600559235e-03 5.248979851603507996e-02 8.491916581988334656e-03 3.021025657653808594e-02 2.170671476051211357e-03 4.501894861459732056e-02 1.759293954819440842e-03 6.510604172945022583e-02 1.527588348835706711e-02 2.422410435974597931e-02 3.667572513222694397e-02 3.558930009603500366e-02 5.462072789669036865e-02 9.345240890979766846e-03 3.791861608624458313e-02 2.093748748302459717e-02 1.903512515127658844e-02 1.816401258111000061e-02 1.347918994724750519e-02 5.765173956751823425e-02 5.513210594654083252e-02 2.011512406170368195e-02 2.080516144633293152e-02 1.002515899017453194e-03 5.197072029113769531e-02 2.520427666604518890e-02 3.752760589122772217e-02 1.631621830165386200e-02 1.487152464687824249e-02 2.550795325078070164e-04 1.989836245775222778e-02 6.837617140263319016e-03 8.178482763469219208e-03 4.263925924897193909e-02 4.871812090277671814e-02 3.689059615135192871e-02 9.467353112995624542e-03 1.598918437957763672e-02 5.750198848545551300e-03 1.833762414753437042e-02 4.387405142188072205e-02 3.984881564974784851e-02 3.217318793758749962e-03 9.845960885286331177e-03 4.409104585647583008e-02 5.097756162285804749e-02 5.653598532080650330e-02 3.092612326145172119e-02 5.050950869917869568e-02 1.621164008975028992e-02 3.518316894769668579e-02
6.056882068514823914e-02 3.194824978709220886e-02 1.114092115312814713e-02 1.064950153231620789e-01 4.108059704303741455e-01 6.207691133022308350e-02 1.158586982637643814e-02 1.272770762443542480e-02 3.272523358464241028e-02 2.399507910013198853e-02 3.082094900310039520e-02 1.500569563359022141e-02 4.032428562641143799e-02 1.115152332931756973e-02 2.094919420778751373e-02 1.854730211198329926e-02 1.647340878844261169e-02 4.530732706189155579e-02 1.867791824042797089e-02 2.844699425622820854e-03 3.960154717788100243e-04 3.252448514103889465e-02 5.019193142652511597e-02 5.028316006064414978e-02 2.863910980522632599e-02 3.924603573977947235e-03 3.503885120153427124e-02 8.963533677160739899e-03 1.186361350119113922e-02 4.756340291351079941e-03 9.966919198632240295e-03 5.158422142267227173e-02 1.656937599182128906e-02 2.688008546829223633e-02 5.450583621859550476e-02 4.127784073352813721e-02 3.576907142996788025e-02 4.592607542872428894e-02 9.091034531593322754e-03 3.384089097380638123e-02 4.857691004872322083e-02 4.924818128347396851e-02 8.323174901306629181e-03 6.965156644582748413e-03 2.595780789852142334e-02 5.982749164104461670e-02 1.015013083815574646e-02 3.029066603630781174e-03 1.191148534417152405e-02 4.363447800278663635e-02 3.079120256006717682e-02 2.065850421786308289e-02 4.757189657539129257e-03 1.465973071753978729e-02 4.712405800819396973e-02 4.143184423446655273e-02 6.018650904297828674e-02 1.268557924777269363e-02 5.863469839096069336e-02 4.369290545582771301e-03 3.280949592590332031e-02 4.680566862225532532e-02 2.441190928220748901e-02 4.307362809777259827e-02 4.555412754416465759e-02 6.354055553674697876e-02 4.047095775604248047e-02 2.134165726602077484e-02 1.321913115680217743e-02 1.855969242751598358e-02 1.182426046580076218e-02 1.224071625620126724e-02 7.739922404289245605e-02 2.183572202920913696e-02 1.371131986379623413e-01 2.393311448395252228e-02 3.323826566338539124e-02 5.123314447700977325e-03 5.560856312513351440e-02 2.888661436736583710e-02 5.190061405301094055e-03 1.843279413878917694e-02 8.481877739541232586e-04 1.809230819344520569e-02 2.949204482138156891e-02 4.609714075922966003e-02 2.079696580767631531e-02 1.157069485634565353e-02 3.113828785717487335e-02 2.583477646112442017e-02 2.713464200496673584e-02 4.754750803112983704e-02 6.957744807004928589e-02 2.665935643017292023e-02 1.226556207984685898e-02 7.414862513542175293e-03 2.415021508932113647e-02 2.339196391403675079e-03 1.520676817744970322e-02 5.384130775928497314e-02 1.362933684140443802e-02 1.508351182565093040e-03 2.886627800762653351e-02 4.029098525643348694e-02 3.084524068981409073e-03 2.723751030862331390e-02 2.931161969900131226e-02 2.838249690830707550e-02 3.503351658582687378e-02 4.585463553667068481e-02 2.972879447042942047e-02 3.959129378199577332e-02 1.508744992315769196e-02 4.311420023441314697e-02 2.148958854377269745e-02 9.993322193622589111e-03
7.072868198156356812e-02 5.331175774335861206e-02 2.186615765094757080e-02 1.586592197418212891e-02 6.207691133022308350e-02 4.185892343521118164e-01 6.420555710792541504e-02 2.619487419724464417e-02 1.037677377462387085e-01 3.172989934682846069e-03 7.737739384174346924e-02 6.558613479137420654e-02 2.442566864192485809e-02 1.682835444808006287e-02 3.535884246230125427e-02 6.382802128791809082e-02 6.774480640888214111e-02 3.735918179154396057e-02 4.042787477374076843e-02 1.595991291105747223e-02 3.491563955321907997e-03 3.593865409493446350e-02 1.756706275045871735e-02 3.198449313640594482e-02 2.482050098478794098e-02 5.354263354092836380e-03 3.789457306265830994e-02 1.885378547012805939e-02 4.085741937160491943e-02 4.225280135869979858e-03 5.941556021571159363e-02 5.021220818161964417e-02 4.756000824272632599e-03 6.323208659887313843e-02 6.705100089311599731e-02 3.980541601777076721e-02 4.320074990391731262e-02 7.243654225021600723e-03 1.596705615520477295e-02 5.009245872497558594e-02 1.855181035352870822e-04 3.990503773093223572e-02 4.256329685449600220e-02 1.275524497032165527e-02 4.795859009027481079e-02 7.280558347702026367e-02 1.167138516902923584e-01 1.026140525937080383e-02 3.816064819693565369e-02 2.313035912811756134e-02 6.834386382251977921e-03 8.967648260295391083e-03 8.995001204311847687e-03 2.653668634593486786e-02 3.253429383039474487e-02 3.881463408470153809e-02 5.357044935226440430e-02 2.191038616001605988e-02 5.510653555393218994e-02 1.740525290369987488e-02 2.044118940830230713e-02 2.034062705934047699e-02 8.811649749986827374e-04 3.209093958139419556e-02 2.702631428837776184e-02 6.591191887855529785e-02 2.489031758159399033e-03 5.836591590195894241e-03 4.756690189242362976e-02 5.404461175203323364e-02 1.079366356134414673e-02 5.418403819203376770e-02 3.988347481936216354e-03 5.055707693099975586e-02 2.160698920488357544e-02 3.541078791022300720e-02 4.693092405796051025e-02 3.907176479697227478e-02 7.277596741914749146e-03 2.212476171553134918e-02 2.847517095506191254e-02 1.913011074066162109e-02 1.791664585471153259e-02 4.161534830927848816e-02 1.766126044094562531e-02 1.234487630426883698e-02 3.082176856696605682e-02 5.730169638991355896e-02 3.802706301212310791e-02 1.420013047754764557e-02 3.804799914360046387e-02 2.509722113609313965e-02 9.796150773763656616e-02 4.957721754908561707e-02 4.507222026586532593e-02 1.400961447507143021e-02 1.569741033017635345e-02 4.687381908297538757e-02 5.144969746470451355e-02 4.180441424250602722e-02 3.000316955149173737e-02 2.757849171757698059e-02 2.311541698873043060e-02 3.609802946448326111e-02 1.089162752032279968e-02 3.159902989864349365e-02 1.520669553428888321e-02 5.076259374618530273e-02 1.284586172550916672e-02 1.730699278414249420e-02 3.320478135719895363e-03 1.211913116276264191e-02 7.872584275901317596e-03 9.675221145153045654e-02 3.081042505800724030e-02 1.252587977796792984e-02
3.437434881925582886e-02 2.697568014264106750e-02 7.025579456239938736e-03 3.793071373365819454e-04 1.158586982637643814e-02 6.420555710792541504e-02 4.024411737918853760e-01 2.214866317808628082e-02 2.539317868649959564e-02 3.361300006508827209e-02 8.576829731464385986e-02 5.778125301003456116e-02 4.243172332644462585e-02 8.418761938810348511e-02 2.665739133954048157e-02 3.860303014516830444e-02 4.062808677554130554e-02 1.785526238381862640e-02 2.944630803540349007e-03 7.554399315267801285e-03 3.629693761467933655e-02 2.879517897963523865e-02 2.925719693303108215e-02 8.055352419614791870e-02 5.078358575701713562e-02 1.580386608839035034e-02 8.506304025650024414e-02 2.880936115980148315e-02 3.593515139073133469e-03 5.753766279667615891e-03 9.882315061986446381e-03 1.459501776844263077e-02 1.334446948021650314e-03 8.596841245889663696e-03 3.988585993647575378e-02 1.429991424083709717e-02 2.002338506281375885e-02 2.763077057898044586e-02 3.161375969648361206e-02 6.532830651849508286e-03 5.237985029816627502e-02 4.295857250690460205e-02 4.980870708823204041e-02 3.537153080105781555e-02 3.368427604436874390e-02 5.554641410708427429e-02 6.145596876740455627e-02 1.202261373400688171e-01 2.912246622145175934e-02 2.061344124376773834e-02 4.382609203457832336e-02 3.478208929300308228e-02 3.859494999051094055e-02 2.336766198277473450e-02 3.245554398745298386e-04 4.927180334925651550e-02 3.526658192276954651e-02 2.768750488758087158e-02 3.981078416109085083e-02 4.409528151154518127e-02 1.142628397792577744e-02 3.615832328796386719e-02 2.378369914367794991e-03 1.480302028357982635e-02 1.993138343095779419e-02 2.391644008457660675e-02 1.838049478828907013e-02 4.363575950264930725e-02 1.763120642863214016e-03 4.454489797353744507e-02 1.894298009574413300e-02 2.430506981909275055e-02 6.992898415774106979e-03 3.775840625166893005e-02 2.448051236569881439e-02 5.944362282752990723e-02 4.621203988790512085e-02 2.783781476318836212e-02 3.365254029631614685e-02 3.807122260332107544e-02 3.485361812636256218e-03 1.907927729189395905e-02 2.787613682448863983e-02 1.282200217247009277e-03 3.524968773126602173e-02 1.058358233422040939e-02 5.233385413885116577e-02 5.608243495225906372e-02 5.156975984573364258e-02 1.026131678372621536e-02 2.729359082877635956e-02 4.984853044152259827e-02 5.585255101323127747e-02 3.515435755252838135e-02 4.998751357197761536e-02 4.594831168651580811e-02 2.548030205070972443e-02 2.305350638926029205e-02 7.350833155214786530e-03 3.248346969485282898e-02 1.914134249091148376e-02 4.007300361990928650e-02 4.695937037467956543e-02 4.647136479616165161e-02 4.017888009548187256e-02 4.389091208577156067e-02 4.290911182761192322e-02 2.922126837074756622e-02 3.382455930113792419e-02 1.799229765310883522e-03 9.938693605363368988e-03 9.636571630835533142e-03 4.197648912668228149e-02 6.028719991445541382e-02 1.768378168344497681e-02 1.728141121566295624e-02
3.102551214396953583e-02 5.042287334799766541e-02 1.351073384284973145e-01 1.358787529170513153e-02 1.272770762443542480e-02 2.619487419724464417e-02 2.214866317808628082e-02 4.264281690120697021e-01 3.098265966400504112e-03 1.349617447704076767e-02 1.560358237475156784e-02 9.704648517072200775e-03 7.738407235592603683e-03 2.750490233302116394e-02 1.050496622920036316e-01 3.220344334840774536e-02 3.598675131797790527e-03 8.013121783733367920e-03 3.543232008814811707e-02 2.006421424448490143e-02 2.665020991116762161e-03 5.224791541695594788e-02 2.278305217623710632e-02 4.101807996630668640e-02 1.224360987544059753e-02 1.333646196871995926e-02 2.089441381394863129e-02 2.089777030050754547e-02 9.277077391743659973e-03 1.973689720034599304e-02 6.880410015583038330e-03 2.750004269182682037e-02 2.672659046947956085e-02 1.036740466952323914e-02 9.702692739665508270e-03 2.624065801501274109e-02 4.507153853774070740e-02 4.761630203574895859e-03 3.949245065450668335e-02 2.425637096166610718e-02 2.010660804808139801e-02 7.541366387158632278e-03 1.615949533879756927e-02 3.682859987020492554e-02 4.438760224729776382e-03 6.798373535275459290e-03 3.013243898749351501e-02 1.049156300723552704e-02 1.924731954932212830e-02 1.741892658174037933e-02 5.898408964276313782e-02 7.456631213426589966e-02 3.727561607956886292e-02 3.389599919319152832e-02 4.628354217857122421e-03 2.671311609447002411e-02 4.344289004802703857e-02 3.768107667565345764e-02 4.860924184322357178e-02 3.297790186479687691e-03 1.874870434403419495e-02 3.940883278846740723e-02 3.705324232578277588e-02 2.551971748471260071e-02 3.252765163779258728e-02 2.975433319807052612e-02 1.004850491881370544e-02 1.533939782530069351e-02 4.024456441402435303e-02 4.278134554624557495e-02 1.656682603061199188e-02 4.346825554966926575e-02 4.490194097161293030e-02 4.487948119640350342e-02 1.609750278294086456e-02 3.505863621830940247e-02 9.547104127705097198e-03 9.965988807380199432e-03 5.010171234607696533e-02 1.506765000522136688e-02 1.431766897439956665e-01 1.183698400855064392e-01 5.640089046210050583e-03 1.691901311278343201e-02 1.069673988968133926e-02 3.224831074476242065e-02 8.388692140579223633e-02 8.141547441482543945e-02 2.253203839063644409e-02 1.340922061353921890e-02 1.634002476930618286e-02 3.539454936981201172e-02 4.304965212941169739e-02 3.509357199072837830e-02 3.398736566305160522e-02 3.554739803075790405e-02 3.066090866923332214e-02 3.163052722811698914e-02 2.705390937626361847e-02 3.835992887616157532e-02 4.472795873880386353e-02 3.294563293457031250e-02 4.834944009780883789e-02 4.321110621094703674e-02 2.509125694632530212e-02 4.056562483310699463e-02 4.859919100999832153e-02 2.665107138454914093e-02 3.302270919084548950e-02 3.228926286101341248e-02 2.340205572545528412e-02 1.149425562471151352e-02 5.159566626389278099e-06 1.193003030493855476e-03 5.430599302053451538e-02 4.825298115611076355e-02
4.343090951442718506e-02 2.973482012748718262e-02 4.902544617652893066e-02 4.321377351880073547e-02 3.272523358464241028e-02 1.037677377462387085e-01 2.539317868649959564e-02 3.098265966400504112e-03 4.047195911407470703e-01 3.936715424060821533e-02 9.232102334499359131e-02 1.091841086745262146e-01 4.634621366858482361e-02 1.732526114210486412e-03 2.640374563634395599e-02 2.092846855521202087e-02 2.749560959637165070e-02 2.577870711684226990e-02 2.385536581277847290e-02 1.130936760455369949e-02 2.580792829394340515e-02 5.167381465435028076e-02 1.855883188545703888e-02 6.542125251144170761e-03 3.078921884298324585e-02 1.699608378112316132e-02 4.178727976977825165e-03 3.403582423925399780e-02 2.572088316082954407e-02 4.436992108821868896e-02 3.277621790766716003e-02 5.023752152919769287e-02 3.422382101416587830e-02 4.124968498945236206e-02 2.270006947219371796e-02 1.120296865701675415e-02 1.938289962708950043e-03 2.882460132241249084e-02 4.354476928710937500e-02 1.100551616400480270e-02 4.561312869191169739e-02 2.781275659799575806e-02 5.291770771145820618e-02 4.592980723828077316e-03 4.997821152210235596e-02 7.523749768733978271e-02 3.492876514792442322e-02 3.130582347512245178e-02 4.036538675427436829e-02 2.552226930856704712e-02 2.408559434115886688e-02 7.328517735004425049e-03 2.790921553969383240e-02 4.803798720240592957e-02 3.579575940966606140e-02 1.659695990383625031e-02 3.915515914559364319e-02 4.413630068302154541e-02 2.454765886068344116e-02 1.716279610991477966e-02 2.383035235106945038e-02 4.828392714262008667e-02 2.945972420275211334e-02 1.500302553176879883e-02 1.246498618274927139e-02 1.251450181007385254e-02 3.267109394073486328e-02 2.629464492201805115e-02 7.598150521516799927e-02 1.223895046859979630e-02 2.063881233334541321e-02 7.131346967071294785e-03 4.918454959988594055e-02 2.707114256918430328e-02 1.380838174372911453e-02 7.617687806487083435e-04 1.131191030144691467e-01 4.385967273265123367e-03 4.745359346270561218e-02 3.367085382342338562e-02 5.181216169148683548e-03 4.163616150617599487e-02 2.883845195174217224e-02 2.227519080042839050e-02 5.366316996514797211e-03 1.744856871664524078e-02 4.913995787501335144e-02 2.196880057454109192e-02 6.774421781301498413e-02 7.892013527452945709e-03 4.950412735342979431e-02 1.932854577898979187e-02 8.187579363584518433e-02 4.176987335085868835e-02 4.369633644819259644e-02 3.513840958476066589e-02 1.936189644038677216e-02 8.697779849171638489e-03 9.481059387326240540e-03 4.048201814293861389e-02 4.409822449088096619e-02 3.914228454232215881e-02 3.610859811305999756e-02 3.772060945630073547e-02 3.759703412652015686e-02 4.340214282274246216e-02 1.055424660444259644e-02 4.158928245306015015e-02 3.070930950343608856e-02 1.048531290143728256e-02 2.760419435799121857e-02 5.281839985400438309e-03 4.150282591581344604e-02 5.814184434711933136e-03 7.381238974630832672e-03 3.503793105483055115e-02
2.376617677509784698e-02 3.057501278817653656e-02 8.669611997902393341e-03 3.002526238560676575e-03 2.399507910013198853e-02 3.172989934682846069e-03 3.361300006508827209e-02 1.349617447704076767e-02 3.936715424060821533e-02 4.217417836189270020e-01 2.165021561086177826e-02 5.774850398302078247e-02 4.883861541748046875e-02 8.011979609727859497e-02 4.942362196743488312e-03 5.062476918101310730e-02 1.120137237012386322e-02 5.891071632504463196e-02 1.280712038278579712e-01 4.750283062458038330e-02 3.064685873687267303e-02 4.348189756274223328e-02 1.835033297538757324e-02 2.471570484340190887e-02 1.747125014662742615e-02 4.059628397226333618e-02 6.693241652101278305e-03 3.207436949014663696e-02 3.937666490674018860e-02 2.392175421118736267e-02 1.143588218837976456e-02 3.249963372945785522e-02 8.172720670700073242e-03 1.751171424984931946e-02 3.546461835503578186e-02 1.692597381770610809e-02 1.061929110437631607e-02 1.472273748368024826e-02 5.090834945440292358e-02 1.187521032989025116e-02 1.928446441888809204e-02 4.700595047324895859e-03 5.231402069330215454e-02 7.136058807373046875e-02 9.322786703705787659e-03 3.334570210427045822e-03 2.105670608580112457e-02 2.955467812716960907e-02 9.092804975807666779e-03 8.614293485879898071e-02 2.760566584765911102e-02 3.782872483134269714e-02 3.015524707734584808e-02 1.886983588337898254e-02 1.073884312063455582e-02 9.550082683563232422e-02 3.146861866116523743e-02 4.555973038077354431e-02 1.414684019982814789e-02 3.409665822982788086e-02 1.816919818520545959e-02 2.036631107330322266e-02 2.737996168434619904e-02 2.974508702754974365e-02 1.880100183188915253e-02 2.243153564631938934e-02 3.949471190571784973e-02 5.286943539977073669e-02 8.687641471624374390e-03 4.340827465057373047e-02 6.092796102166175842e-02 6.683956366032361984e-03 1.781919412314891815e-02 1.104584429413080215e-02 5.419818684458732605e-02 4.687078297138214111e-02 3.898960351943969727e-02 1.335353106260299683e-01 1.233647484332323074e-02 5.034801363945007324e-02 3.753802552819252014e-02 4.163099452853202820e-02 4.218841716647148132e-02 7.788181304931640625e-02 2.826322056353092194e-02 1.087151840329170227e-01 1.210385584272444248e-03 1.565372385084629059e-02 4.515358060598373413e-02 4.067445918917655945e-02 4.419293999671936035e-02 4.442351683974266052e-02 1.365924603305757046e-03 4.243437200784683228e-02 4.855892807245254517e-02 3.245210042223334312e-03 1.668101362884044647e-02 3.801524266600608826e-02 1.486087404191493988e-02 6.110641174018383026e-03 8.487024344503879547e-03 3.872861340641975403e-02 4.551776871085166931e-02 2.054409682750701904e-02 1.414169929921627045e-02 9.245448745787143707e-03 1.725734770298004150e-02 6.613206863403320312e-02 5.485227704048156738e-02 3.143316879868507385e-02 3.897800343111157417e-03 5.025326274335384369e-03 4.408011212944984436e-02 4.753133654594421387e-02 2.440886944532394409e-02 4.252093657851219177e-02
1.221107318997383118e-01 1.188807189464569092e-01 4.274507053196430206e-03 3.162101283669471741e-02 3.082094900310039520e-02 7.737739384174346924e-02 8.576829731464385986e-02 1.560358237475156784e-02 9.232102334499359131e-02 2.165021561086177826e-02 4.198125600814819336e-01 1.106854248791933060e-02 1.543708294630050659e-01 1.229685079306364059e-02 4.052504152059555054e-02 1.444266457110643387e-02 2.441741898655891418e-02 3.438568115234375000e-02 2.374617755413055420e-02 1.879899576306343079e-02 1.267096400260925293e-02 4.881947115063667297e-02 3.784627839922904968e-02 6.535422801971435547e-02 1.186431851238012314e-02 3.058386780321598053e-02 4.557596147060394287e-02 2.495336160063743591e-02 5.680157244205474854e-02 6.982362247072160244e-04 3.167220950126647949e-02 3.835390554741024971e-03 4.013985022902488708e-02 4.492959007620811462e-02 3.344511613249778748e-02 2.573735639452934265e-02 4.804112389683723450e-02 2.466555219143629074e-03 1.911978796124458313e-02 1.080939173698425293e-02 5.081307515501976013e-02 3.286874666810035706e-02 4.374834895133972168e-02 3.320196643471717834e-02 5.153203755617141724e-02 5.391460284590721130e-02 3.755819797515869141e-02 4.482397809624671936e-02 2.885108254849910736e-02 4.797615855932235718e-02 5.080545321106910706e-02 5.306950956583023071e-02 3.999580442905426025e-02 3.499601036310195923e-02 1.938270032405853271e-02 1.833816990256309509e-02 4.027732182294130325e-03 3.125006705522537231e-02 3.923235833644866943e-02 7.602393161505460739e-03 2.614316903054714203e-02 4.724441841244697571e-02 3.273043036460876465e-02 2.083761617541313171e-02 7.646857202053070068e-02 7.114792615175247192e-02 2.204484678804874420e-02 7.271528244018554688e-03 6.255939137190580368e-03 1.615729555487632751e-02 5.129700060933828354e-03 2.042452618479728699e-02 1.811743155121803284e-02 1.495761983096599579e-02 1.710760965943336487e-02 3.756036609411239624e-02 4.971665889024734497e-02 2.087021619081497192e-02 2.772329375147819519e-03 1.654782146215438843e-02 4.944695904850959778e-02 5.004068091511726379e-02 1.157052163034677505e-02 3.020406328141689301e-02 1.165397930890321732e-02 3.128862753510475159e-02 6.316991895437240601e-02 3.952639922499656677e-02 6.210349965840578079e-03 2.365532889962196350e-02 3.834523633122444153e-02 8.744638413190841675e-02 5.777812097221612930e-03 1.473371870815753937e-02 5.019380152225494385e-02 3.183478116989135742e-02 5.457491800189018250e-02 5.360810458660125732e-02 1.279859244823455811e-02 2.313691191375255585e-02 3.007510863244533539e-02 4.195825755596160889e-02 9.723161347210407257e-03 3.084016218781471252e-02 4.277712479233741760e-02 4.630375653505325317e-02 1.815817132592201233e-02 4.289594292640686035e-02 2.973825298249721527e-02 4.450459033250808716e-02 4.019292071461677551e-03 2.633785456418991089e-02 3.087202459573745728e-02 1.578688248991966248e-02 3.884733840823173523e-02 4.327112063765525818e-02
4.242929071187973022e-02 4.682108387351036072e-02 2.278816327452659607e-02 3.726908192038536072e-02 1.500569563359022141e-02 6.558613479137420654e-02 5.778125301003456116e-02 9.704648517072200775e-03 1.091841086745262146e-01 5.774850398302078247e-02 1.106854248791933060e-02 3.953002095222473145e-01 1.207772456109523773e-02 2.446762323379516602e-01 1.533793844282627106e-02 4.760579019784927368e-02 2.570137940347194672e-02 8.143270015716552734e-02 3.826427459716796875e-02 2.070965245366096497e-02 2.434802241623401642e-02 3.325689211487770081e-02 8.811234682798385620e-02 7.258414477109909058e-02 4.785813763737678528e-02 2.779475972056388855e-02 1.869114697910845280e-03 1.449174527078866959e-02 2.662363089621067047e-02 5.970278009772300720e-02 4.803112242370843887e-03 3.374627605080604553e-02 2.663172595202922821e-02 3.868294134736061096e-02 2.142466977238655090e-02 3.462809696793556213e-02 4.310933873057365417e-02 1.732904650270938873e-02 2.556457929313182831e-02 4.690674177254550159e-05 1.164612453430891037e-02 1.206739805638790131e-02 2.195456437766551971e-02 3.206773847341537476e-02 8.358205109834671021e-02 4.673234000802040100e-02 3.689962625503540039e-02 4.042766243219375610e-02 1.480700541287660599e-02 3.841629996895790100e-02 2.562128938734531403e-02 7.444299757480621338e-02 3.354747220873832703e-02 2.884175069630146027e-02 1.108158007264137268e-02 4.138975217938423157e-02 2.882841415703296661e-02 4.573132470250129700e-02 1.221786160022020340e-02 2.576483413577079773e-02 2.094908989965915680e-02 1.011135242879390717e-02 2.521536778658628464e-03 3.868736326694488525e-02 1.650220341980457306e-02 1.061644591391086578e-02 3.554474562406539917e-02 1.146273501217365265e-02 1.270119566470384598e-02 3.033394739031791687e-02 4.010267928242683411e-02 4.581158608198165894e-02 7.511718664318323135e-03 2.271365746855735779e-02 3.441287204623222351e-02 1.005640905350446701e-02 2.999211661517620087e-02 7.970566861331462860e-03 9.306991472840309143e-03 1.250234711915254593e-02 1.634487323462963104e-02 3.456553816795349121e-02 3.832048177719116211e-02 4.265738651156425476e-02 1.722958870232105255e-02 3.455777093768119812e-02 1.148868934251368046e-03 1.580939441919326782e-02 4.032387584447860718e-02 1.807919517159461975e-02 1.453531626611948013e-02 3.348266705870628357e-02 1.312884502112865448e-02 4.350871965289115906e-02 3.908905759453773499e-02 1.216138526797294617e-02 1.689792796969413757e-02 2.392324991524219513e-02 1.138105290010571480e-03 2.357637323439121246e-02 3.887395607307553291e-03 1.731509901583194733e-02 2.347748167812824249e-02 2.973642572760581970e-02 2.380667999386787415e-02 2.059501782059669495e-02 8.249314129352569580e-02 1.458205003291368484e-02 1.386888884007930756e-02 2.359480276936665177e-05 3.087237849831581116e-02 1.180821657180786133e-02 2.495152689516544342e-02 3.981419652700424194e-02 2.623404376208782196e-02 3.785133734345436096e-02
1.044313758611679077e-01 1.411170810461044312e-01 9.682142175734043121e-03 1.068192813545465469e-02 4.032428562641143799e-02 2.442566864192485809e-02 4.243172332644462585e-02 7.738407235592603683e-03 4.634621366858482361e-02 4.883861541748046875e-02 1.543708294630050659e-01 1.207772456109523773e-02 4.015129208564758301e-01 1.301063690334558487e-02 4.094513505697250366e-02 1.876013353466987610e-02 5.841808859258890152e-03 2.203392609953880310e-02 6.140377838164567947e-03 2.779219672083854675e-02 4.304156638681888580e-03 6.430475413799285889e-02 2.433890476822853088e-02 1.086835749447345734e-02 3.495549899525940418e-04 2.022159658372402191e-02 2.365117333829402924e-02 4.744116589426994324e-02 5.517651326954364777e-03 1.504537765868008137e-03 7.438604533672332764e-02 2.422897145152091980e-02 3.132255002856254578e-02 1.735923811793327332e-02 4.237324744462966919e-02 2.253675833344459534e-03 1.756235957145690918e-02 1.479739975184202194e-02 4.885561065748333931e-04 9.551575058139860630e-04 1.205287687480449677e-02 3.245469415560364723e-04 4.726883023977279663e-02 2.708843164145946503e-02 1.917776651680469513e-02 4.091386124491691589e-02 1.655764132738113403e-02 5.240734666585922241e-02 8.539322763681411743e-03 1.491117943078279495e-02 4.803256317973136902e-02 2.671234495937824249e-02 1.952295750379562378e-02 3.484110906720161438e-02 3.941538557410240173e-02 6.930038798600435257e-03 1.000248943455517292e-03 3.593044355511665344e-03 4.374286532402038574e-02 1.457079313695430756e-03 2.717104926705360413e-02 2.732897875830531120e-03 3.028807975351810455e-02 2.181943319737911224e-02 4.643272608518600464e-02 8.106852322816848755e-02 2.055101282894611359e-02 2.093487046658992767e-02 4.703328013420104980e-02 1.291123684495687485e-02 2.222859766334295273e-04 4.419313371181488037e-02 3.473605960607528687e-03 1.782061159610748291e-02 9.580723010003566742e-03 2.379792509600520134e-03 3.799366205930709839e-02 1.338969171047210693e-02 2.454544790089130402e-02 3.629587963223457336e-02 3.008748404681682587e-02 2.355470880866050720e-02 2.850864827632904053e-02 2.142105810344219208e-02 1.959398388862609863e-02 9.017051197588443756e-03 1.564463041722774506e-02 2.212432399392127991e-02 2.659745048731565475e-03 2.366068586707115173e-02 2.976759523153305054e-02 6.773409433662891388e-03 5.525863170623779297e-02 1.073692739009857178e-02 2.329307422041893005e-02 1.423282083123922348e-02 1.101900264620780945e-02 2.005497738718986511e-02 1.340996660292148590e-02 4.275225475430488586e-02 3.393471986055374146e-02 4.284451529383659363e-02 4.149740934371948242e-02 4.571427591145038605e-03 4.034489020705223083e-02 4.705808311700820923e-02 1.395521592348814011e-02 2.913828380405902863e-02 2.317965030670166016e-02 7.897981442511081696e-03 1.592505536973476410e-02 2.868303842842578888e-02 1.379686407744884491e-02 2.289220457896590233e-03 2.241799794137477875e-02 5.177356768399477005e-03
