4.316259324550628662e-01 1.601448357105255127e-01 9.638874791562557220e-03 9.226629510521888733e-03 7.237066980451345444e-03 1.006099805235862732e-01 3.026902861893177032e-02 5.208771675825119019e-02 3.367814421653747559e-02 2.625689841806888580e-02 1.322880983352661133e-01 9.903472848236560822e-03 6.007084622979164124e-02 3.051419742405414581e-02 2.634244598448276520e-02 3.466068953275680542e-02 1.983629539608955383e-02 3.464566543698310852e-02 2.182998508214950562e-02 1.753570698201656342e-02 3.695205226540565491e-02 6.748773157596588135e-02 4.360130801796913147e-02 9.317863150499761105e-04 2.152050472795963287e-02 1.774584129452705383e-02 3.959629312157630920e-02 2.330642007291316986e-02 2.644547820091247559e-02 2.975987503305077553e-03 2.898947335779666901e-02 3.880598023533821106e-02 1.655979081988334656e-02 1.622238010168075562e-02 1.720015145838260651e-02 2.336734160780906677e-02 1.424756366759538651e-02 3.248180449008941650e-02 1.794860698282718658e-02 3.963040933012962341e-02 1.991873793303966522e-02 1.989487186074256897e-02 4.160317406058311462e-02 3.168827295303344727e-02 4.725959897041320801e-02 5.773152038455009460e-02 2.771168388426303864e-02 6.962367333471775055e-03 4.091189429163932800e-02 2.644718624651432037e-02 3.241783380508422852e-02 2.700250409543514252e-02 3.738118335604667664e-02 4.340512212365865707e-03 3.176209703087806702e-02 4.175944253802299500e-03 5.822706501930952072e-03 4.773764684796333313e-02 4.297672305256128311e-03 4.788510501384735107e-02 1.870025135576725006e-02 1.427267678081989288e-02 2.117269299924373627e-02 1.821379736065864563e-02 5.796530470252037048e-02 1.171381026506423950e-02 1.499766716733574867e-03 4.336064308881759644e-02 5.804555863142013550e-02 3.389272093772888184e-02 5.185312777757644653e-02 4.677638038992881775e-02 2.315242215991020203e-02 3.880512714385986328e-02 1.896661892533302307e-02 3.889875486493110657e-02 6.252976506948471069e-02 8.196812123060226440e-03 1.203867234289646149e-02 1.645119115710258484e-02 2.583194337785243988e-02 2.294993959367275238e-02 3.895059227943420410e-02 1.216894853860139847e-02 4.023644328117370605e-02 1.489826571196317673e-02 3.930636122822761536e-02 4.552022553980350494e-03 6.587613373994827271e-03 3.126400336623191833e-02 2.718030288815498352e-02 7.546217739582061768e-02 1.335188001394271851e-02 4.394456278532743454e-03 3.060819208621978760e-02 4.138764739036560059e-02 1.547285821288824081e-02 1.407174207270145416e-02 2.420979144517332315e-04 2.921418286859989166e-02 1.098710577934980392e-02 1.418392546474933624e-02 3.905031085014343262e-02 3.402087138965725899e-03 3.833156824111938477e-02 2.843893691897392273e-02 2.343622595071792603e-02 3.497291356325149536e-02 4.609067365527153015e-02 3.062722645699977875e-02 5.439666286110877991e-02 1.389912329614162445e-02 5.181455239653587341e-02 3.223710134625434875e-02 1.162026636302471161e-02 2.371411211788654327e-02
1.601448357105255127e-01 4.335081279277801514e-01 5.199399963021278381e-02 2.230107411742210388e-02 2.693913318216800690e-02 2.426904067397117615e-02 3.509084135293960571e-02 1.130298152565956116e-02 3.181340917944908142e-02 3.011998347938060760e-02 6.567326933145523071e-02 2.638107724487781525e-02 1.062606126070022583e-01 2.967141941189765930e-02 1.917155273258686066e-02 4.583988338708877563e-02 3.356580622494220734e-03 2.375585958361625671e-02 1.382391341030597687e-02 3.330881893634796143e-02 6.997238844633102417e-03 2.274058200418949127e-02 5.282910168170928955e-02 9.603635407984256744e-03 6.921878084540367126e-03 3.260646387934684753e-02 9.748422540724277496e-03 2.529099211096763611e-02 2.374972216784954071e-03 1.104887202382087708e-02 4.382573068141937256e-02 3.746173903346061707e-02 1.584268733859062195e-02 4.386157914996147156e-02 2.953146584331989288e-02 2.775952033698558807e-02 5.298609286546707153e-02 2.515117824077606201e-02 1.841267012059688568e-02 3.528351662680506706e-03 4.395946487784385681e-02 1.449600979685783386e-02 3.512119874358177185e-02 1.797858811914920807e-02 6.446570903062820435e-02 5.099252238869667053e-02 2.366861701011657715e-02 7.334354799240827560e-03 2.836976200342178345e-02 3.495491575449705124e-03 1.878959871828556061e-02 4.546108096837997437e-02 2.712256647646427155e-02 4.060550406575202942e-02 3.770576417446136475e-02 4.884377121925354004e-02 3.657259419560432434e-02 4.383196681737899780e-02 1.646918244659900665e-02 7.478849962353706360e-03 5.328711494803428650e-02 1.176583301275968552e-02 1.037429785355925560e-03 1.085457392036914825e-02 2.127860300242900848e-02 3.786829859018325806e-02 4.236689209938049316e-02 5.991997942328453064e-02 6.095912773162126541e-03 2.441984973847866058e-02 1.632507331669330597e-02 2.487156540155410767e-02 2.223411202430725098e-02 3.554831072688102722e-02 3.224403411149978638e-02 2.032040432095527649e-02 1.125585474073886871e-02 1.783944666385650635e-02 1.609507948160171509e-02 1.223573554307222366e-02 4.099094867706298828e-02 6.173810921609401703e-03 1.640220987610518932e-03 1.599804125726222992e-02 6.382501218467950821e-03 4.042461980134248734e-03 1.857987791299819946e-02 3.045266680419445038e-02 3.070987202227115631e-02 2.708548493683338165e-02 1.965550705790519714e-02 4.937650635838508606e-02 2.177501469850540161e-02 5.565429106354713440e-02 8.418372832238674164e-03 3.394400328397750854e-02 3.171626478433609009e-02 6.652081385254859924e-03 2.593292482197284698e-02 3.298191353678703308e-02 3.372265398502349854e-02 4.122074320912361145e-02 4.492566734552383423e-02 3.432602807879447937e-02 7.110887207090854645e-03 3.785538300871849060e-02 5.705421045422554016e-02 2.716748416423797607e-02 1.195705402642488480e-02 2.175589650869369507e-02 5.025183409452438354e-02 4.432706162333488464e-02 6.446185708045959473e-02 5.847851932048797607e-02 5.031334981322288513e-02 9.213934652507305145e-03
9.638874791562557220e-03 5.199399963021278381e-02 4.011923968791961670e-01 8.502997457981109619e-03 2.829355373978614807e-02 3.266356512904167175e-02 3.296710550785064697e-02 5.384833738207817078e-02 4.208760336041450500e-02 3.951722383499145508e-02 1.271399762481451035e-02 4.012119770050048828e-02 3.585349023342132568e-02 6.099045742303133011e-03 2.444489113986492157e-02 3.362791240215301514e-02 3.925422951579093933e-02 2.021780982613563538e-02 1.922876760363578796e-02 2.076277509331703186e-02 3.718613460659980774e-02 5.371131002902984619e-02 2.506626583635807037e-02 1.155793853104114532e-02 8.896430954337120056e-03 2.562928944826126099e-02 3.482697159051895142e-02 4.431197047233581543e-02 1.288978569209575653e-02 6.506891548633575439e-02 2.859650179743766785e-03 3.545334935188293457e-02 2.539144083857536316e-02 3.155225887894630432e-02 4.575047641992568970e-03 3.049805946648120880e-02 2.111666649580001831e-02 1.936590881086885929e-03 2.840883331373333931e-03 1.608972810208797455e-02 3.844732418656349182e-02 1.284022070467472076e-02 3.228582814335823059e-02 4.721413552761077881e-02 2.596781775355339050e-02 8.916122838854789734e-03 2.028005756437778473e-02 2.051208540797233582e-02 2.548972144722938538e-02 2.427583374083042145e-02 2.428708039224147797e-02 3.996379673480987549e-02 2.984621934592723846e-02 3.467704728245735168e-02 3.300497774034738541e-03 3.551864996552467346e-02 2.181347645819187164e-02 3.484649211168289185e-02 1.569387689232826233e-02 7.597638294100761414e-03 2.348457649350166321e-02 1.520746294409036636e-02 9.092170745134353638e-03 2.431535534560680389e-02 5.011213570833206177e-02 3.763198852539062500e-02 3.057981142774224281e-03 2.279589697718620300e-02 4.822677001357078552e-03 3.500235080718994141e-02 4.957684874534606934e-02 3.300453349947929382e-02 1.149126328527927399e-02 2.201082743704319000e-02 2.703246474266052246e-02 1.412499789148569107e-02 1.820512302219867706e-02 2.556949853897094727e-03 1.958645135164260864e-02 3.461045399308204651e-02 1.227693706750869751e-01 9.860339760780334473e-02 7.564273476600646973e-02 3.045511618256568909e-02 2.521667920518666506e-04 4.046830534934997559e-02 3.925808519124984741e-02 4.494865238666534424e-02 1.935745216906070709e-02 2.524301595985889435e-02 5.320862866938114166e-03 3.370848298072814941e-02 3.123127389699220657e-03 3.193623200058937073e-02 3.377559036016464233e-02 2.787483856081962585e-02 3.271113708615303040e-02 1.070993486791849136e-02 1.853741891682147980e-02 1.372727006673812866e-02 3.554385900497436523e-02 4.139908403158187866e-02 1.510908175259828568e-02 2.667651325464248657e-02 1.554271113127470016e-02 5.594143643975257874e-03 2.710445225238800049e-02 3.918137773871421814e-02 6.772384047508239746e-03 4.060623422265052795e-02 3.442427515983581543e-02 3.846742585301399231e-02 2.594039216637611389e-02 1.751203648746013641e-02 2.250233478844165802e-02 3.088479116559028625e-02
9.226629510521888733e-03 2.230107411742210388e-02 8.502997457981109619e-03 4.206643402576446533e-01 1.658213585615158081e-01 1.600158400833606720e-02 1.751065440475940704e-02 1.829001121222972870e-02 4.085185006260871887e-02 8.935218676924705505e-03 6.780327763408422470e-03 5.279168486595153809e-02 8.347700932063162327e-04 4.039075598120689392e-02 1.768827997148036957e-02 4.504897817969322205e-02 2.603652887046337128e-02 3.682439401745796204e-02 4.098157212138175964e-02 3.721520677208900452e-02 2.793124690651893616e-02 2.913701161742210388e-02 4.214732721447944641e-02 2.751707797870039940e-03 3.804524242877960205e-02 3.803792968392372131e-02 6.642622407525777817e-03 1.780394837260246277e-02 7.136055268347263336e-03 2.333650179207324982e-02 5.678146611899137497e-03 3.576905652880668640e-02 1.261963974684476852e-02 1.491070631891489029e-02 8.458613418042659760e-03 3.217876702547073364e-02 3.046346455812454224e-02 1.198707241564989090e-02 1.853836327791213989e-02 2.788012102246284485e-02 8.860308676958084106e-03 4.310053586959838867e-02 9.994695894420146942e-03 4.281844198703765869e-02 5.274754762649536133e-02 5.820666626095771790e-02 1.723555289208889008e-02 1.642632996663451195e-03 7.776464335620403290e-03 1.852438785135746002e-02 6.724565755575895309e-03 5.852752365171909332e-03 4.777082800865173340e-02 1.781542412936687469e-02 1.768120750784873962e-02 2.686962112784385681e-02 4.120397940278053284e-02 3.782465681433677673e-02 4.690345376729965210e-02 9.876875206828117371e-03 1.802391931414604187e-02 3.845931962132453918e-02 3.953687846660614014e-02 7.561179250478744507e-02 1.681612804532051086e-02 1.345042884349822998e-02 2.015261538326740265e-02 9.824217297136783600e-03 7.972308434545993805e-03 3.582468256354331970e-02 8.558052591979503632e-03 3.720398247241973877e-02 5.110247433185577393e-02 1.828912645578384399e-03 1.629722490906715393e-02 3.777004405856132507e-02 2.360100485384464264e-02 1.177442912012338638e-02 3.666997700929641724e-02 9.737855195999145508e-02 9.415978565812110901e-03 1.981946453452110291e-02 3.365004062652587891e-02 1.350508164614439011e-02 2.703452482819557190e-02 5.525559559464454651e-02 1.329834572970867157e-02 2.228728309273719788e-02 2.415993064641952515e-02 7.387807220220565796e-02 1.289245299994945526e-02 1.066124159842729568e-02 6.162176374346017838e-03 4.729238897562026978e-02 2.408642880618572235e-02 4.646565392613410950e-02 1.857342012226581573e-02 2.340770326554775238e-02 1.732732728123664856e-02 2.622471749782562256e-02 4.816929250955581665e-02 2.551901899278163910e-02 9.040845558047294617e-03 3.006922453641891479e-02 1.655321940779685974e-02 6.532523315399885178e-03 3.355449065566062927e-02 4.489337280392646790e-02 2.725896425545215607e-02 3.137784777209162712e-03 4.209643974900245667e-02 2.515619434416294098e-02 2.946089021861553192e-02 1.088628661818802357e-03 7.950983010232448578e-03 3.543033078312873840e-02
7.237066980451345444e-03 2.693913318216800690e-02 2.829355373978614807e-02 1.658213585615158081e-01 4.272642135620117188e-01 4.307765141129493713e-02 3.310747072100639343e-02 4.502874612808227539e-02 1.630374789237976074e-02 4.375286027789115906e-02 7.988925091922283173e-03 4.904415458440780640e-02 2.218446694314479828e-03 3.779143840074539185e-02 1.661683432757854462e-02 3.941083326935768127e-02 3.675151616334915161e-02 3.481945395469665527e-02 2.386996336281299591e-02 9.948965162038803101e-03 5.501301027834415436e-03 3.843291103839874268e-02 5.794764682650566101e-02 6.334217730909585953e-03 2.436179481446743011e-02 1.390973688103258610e-03 2.195668406784534454e-02 2.239883691072463989e-02 1.084744092077016830e-02 1.675237156450748444e-02 1.331136096268892288e-02 3.428986296057701111e-02 2.725450880825519562e-02 2.981500700116157532e-02 1.824733801186084747e-02 1.203360781073570251e-02 9.269904345273971558e-03 5.044756457209587097e-02 5.105515196919441223e-02 6.646576337516307831e-03 2.325155073776841164e-04 7.091697305440902710e-03 1.579294167459011078e-02 1.441042032092809677e-02 5.823071673512458801e-02 3.193219378590583801e-02 1.954221352934837341e-02 1.061694789677858353e-02 4.267087951302528381e-02 3.368693962693214417e-02 1.330633996985852718e-03 2.745967358350753784e-02 3.381332848221063614e-03 4.914592206478118896e-02 5.476209893822669983e-02 3.761097416281700134e-02 1.980905421078205109e-02 1.657427661120891571e-02 3.320949152112007141e-03 5.019793659448623657e-02 1.724794507026672363e-02 3.485686331987380981e-02 3.580171242356300354e-02 7.642599940299987793e-02 7.705369964241981506e-03 3.408059850335121155e-02 3.289970010519027710e-02 3.604400530457496643e-02 1.586687192320823669e-02 3.638567030429840088e-02 3.027874417603015900e-02 4.520983621478080750e-02 4.890208318829536438e-02 1.737153157591819763e-02 3.124093264341354370e-02 4.144008830189704895e-02 3.498668223619461060e-02 5.119619518518447876e-02 2.845195308327674866e-02 6.469919532537460327e-02 6.977052893489599228e-03 3.224687278270721436e-02 3.727439418435096741e-02 6.092708930373191833e-02 3.341519460082054138e-02 6.368899717926979065e-03 2.041807025671005249e-02 5.040061660110950470e-04 4.014066979289054871e-02 9.446180611848831177e-02 6.709854118525981903e-03 3.203604742884635925e-02 4.227699711918830872e-03 1.811889745295047760e-02 4.139130003750324249e-03 9.873321279883384705e-03 1.614119741134345531e-03 3.481397032737731934e-02 1.806311495602130890e-02 1.388376671820878983e-02 2.617609687149524689e-02 2.369843423366546631e-02 3.806992992758750916e-02 1.562997139990329742e-02 4.095068667083978653e-03 4.306149110198020935e-02 1.882917992770671844e-02 2.406712807714939117e-02 6.821553688496351242e-03 5.774141848087310791e-02 5.017829686403274536e-02 1.116895233280956745e-03 2.797362022101879120e-02 1.338858157396316528e-02 1.706371456384658813e-02 4.504313692450523376e-02
1.006099805235862732e-01 2.426904067397117615e-02 3.266356512904167175e-02 1.600158400833606720e-02 4.307765141129493713e-02 4.213150739669799805e-01 2.809345722198486328e-01 2.568659745156764984e-02 1.433309167623519897e-02 2.367618493735790253e-02 4.480161145329475403e-02 6.271248683333396912e-03 1.237880438566207886e-02 1.291675493121147156e-03 5.425509437918663025e-02 3.556841239333152771e-02 3.538475371897220612e-03 3.455798327922821045e-02 3.167231380939483643e-02 3.927405551075935364e-02 1.092466991394758224e-02 7.705798745155334473e-02 4.186572507023811340e-02 4.595564678311347961e-02 3.985194116830825806e-02 2.888442575931549072e-02 2.618644945323467255e-02 1.131575852632522583e-01 3.528593480587005615e-02 1.273335237056016922e-02 1.262074429541826248e-02 1.819954439997673035e-02 1.087683998048305511e-02 3.709276765584945679e-02 1.685480773448944092e-02 2.144310623407363892e-02 1.760343834757804871e-02 2.306064032018184662e-02 2.497556246817111969e-02 3.866049274802207947e-02 5.961252748966217041e-02 4.368616268038749695e-02 1.541468594223260880e-02 2.446092199534177780e-03 1.114956103265285492e-02 1.579452678561210632e-02 7.273270934820175171e-02 3.282916173338890076e-02 3.285070136189460754e-02 1.695383153855800629e-02 3.534299507737159729e-02 9.475847706198692322e-03 5.463775247335433960e-03 4.669244214892387390e-02 1.447689998894929886e-02 1.090924628078937531e-02 1.442512776702642441e-02 1.636871695518493652e-02 1.283134054392576218e-02 2.013208344578742981e-02 4.873117059469223022e-02 2.839350514113903046e-02 3.625668957829475403e-02 3.508278727531433105e-02 2.091741189360618591e-02 3.747649118304252625e-02 7.858197204768657684e-03 1.507314573973417282e-02 2.559663355350494385e-02 4.387287795543670654e-02 9.798305109143257141e-03 2.309319376945495605e-02 5.751317366957664490e-02 1.243589725345373154e-02 1.630295813083648682e-02 8.340154774487018585e-03 2.202181331813335419e-02 4.057744890451431274e-02 2.445355802774429321e-02 4.229145869612693787e-02 3.671906888484954834e-03 3.279599547386169434e-02 5.050315335392951965e-02 3.051001578569412231e-02 1.284553389996290207e-02 1.494726166129112244e-02 1.769760996103286743e-02 3.667211905121803284e-02 1.357093267142772675e-02 1.789359934628009796e-02 1.402342226356267929e-02 3.845854429528117180e-03 3.216761723160743713e-02 4.405060783028602600e-02 3.416939824819564819e-02 1.913755573332309723e-02 3.232121095061302185e-02 6.546731293201446533e-02 4.648400470614433289e-02 2.720077149569988251e-02 4.580327495932579041e-02 2.509828098118305206e-02 4.007584601640701294e-02 8.030892349779605865e-03 5.106362700462341309e-02 1.624571159482002258e-02 3.777222335338592529e-02 3.419640287756919861e-02 3.668304905295372009e-02 1.606862433254718781e-02 3.682680055499076843e-02 1.658675447106361389e-02 3.457665443420410156e-02 2.643940225243568420e-02 2.618964575231075287e-02 6.872145924717187881e-03
3.026902861893177032e-02 3.509084135293960571e-02 3.296710550785064697e-02 1.751065440475940704e-02 3.310747072100639343e-02 2.809345722198486328e-01 4.202344715595245361e-01 9.945845231413841248e-03 4.889706615358591080e-03 3.098152019083499908e-02 5.711650010198354721e-03 4.340996965765953064e-04 3.021529875695705414e-02 4.019102454185485840e-02 5.393733736127614975e-04 2.956820279359817505e-02 1.999897323548793793e-02 3.525648638606071472e-02 2.451805025339126587e-02 1.697303913533687592e-02 3.143557533621788025e-02 2.063114196062088013e-02 1.181621290743350983e-02 4.775470122694969177e-02 2.625824883580207825e-02 5.924951657652854919e-02 4.386968165636062622e-02 3.066517785191535950e-02 4.309217911213636398e-04 1.063260342925786972e-02 5.689252540469169617e-02 4.492731019854545593e-02 3.975987783633172512e-04 2.799156866967678070e-02 4.886923357844352722e-02 4.456223919987678528e-03 1.155533827841281891e-02 2.012570574879646301e-02 4.199993237853050232e-02 9.695551358163356781e-03 9.179843962192535400e-02 5.239530280232429504e-02 3.439776599407196045e-02 1.468854583799839020e-02 3.585061058402061462e-02 2.982457913458347321e-02 6.474820524454116821e-02 3.558084368705749512e-02 1.720904558897018433e-02 9.608305990695953369e-03 1.017497200518846512e-02 2.668259479105472565e-02 3.027560189366340637e-02 2.410812862217426300e-02 2.439425699412822723e-02 5.583611782640218735e-03 2.033305726945400238e-02 3.926937468349933624e-03 2.511983178555965424e-02 9.151678532361984253e-03 2.687567658722400665e-02 3.916782140731811523e-02 2.598975785076618195e-02 1.652535423636436462e-02 2.469360642135143280e-02 3.462743014097213745e-02 4.248603060841560364e-02 3.199469670653343201e-02 4.579179361462593079e-02 1.295956689864397049e-02 1.793619059026241302e-02 2.485187165439128876e-02 2.935904823243618011e-02 9.881176054477691650e-03 1.017400901764631271e-02 1.539904996752738953e-02 1.451501343399286270e-02 1.978190243244171143e-02 1.987568847835063934e-02 3.934490680694580078e-02 2.966191992163658142e-02 3.458653762936592102e-02 6.341276690363883972e-03 1.674588397145271301e-02 4.151877760887145996e-02 5.383266881108283997e-02 2.827342599630355835e-02 2.441284991800785065e-02 9.734399616718292236e-03 2.288267714902758598e-03 4.412433877587318420e-02 7.314411341212689877e-04 3.132952144369482994e-03 5.653320811688899994e-03 3.757846727967262268e-02 3.886595740914344788e-02 1.951942965388298035e-02 4.391799867153167725e-02 1.147402543574571609e-02 2.067533088847994804e-03 3.302779793739318848e-02 4.931487143039703369e-02 4.279346670955419540e-03 1.584810018539428711e-02 3.959020972251892090e-02 1.794987544417381287e-02 2.978212572634220123e-02 8.102492429316043854e-03 2.679471671581268311e-02 3.172107040882110596e-02 5.368951335549354553e-02 1.600580103695392609e-02 5.309149995446205139e-02 3.360329195857048035e-02 5.415557324886322021e-02 1.594762876629829407e-02
5.208771675825119019e-02 1.130298152565956116e-02 5.384833738207817078e-02 1.829001121222972870e-02 4.502874612808227539e-02 2.568659745156764984e-02 9.945845231413841248e-03 4.062540233135223389e-01 1.942165940999984741e-02 3.178460150957107544e-02 1.728035323321819305e-02 9.121826849877834320e-03 5.815380252897739410e-03 1.958886161446571350e-02 1.540017277002334595e-01 3.242750465869903564e-02 2.298410795629024506e-02 2.657778933644294739e-02 2.848941460251808167e-02 1.158931013196706772e-02 8.787064813077449799e-03 1.474547386169433594e-02 3.277930617332458496e-02 4.295964911580085754e-02 3.853478282690048218e-02 1.115821860730648041e-02 7.862914353609085083e-03 2.729445323348045349e-02 3.752752020955085754e-02 3.310273960232734680e-02 1.153357334260363132e-05 4.937633126974105835e-02 3.674775362014770508e-02 1.062643132172524929e-03 3.220402169972658157e-03 6.277307122945785522e-02 3.636465966701507568e-02 6.528772413730621338e-02 1.656301505863666534e-02 2.360740490257740021e-02 3.170466050505638123e-02 3.672749921679496765e-02 3.376736491918563843e-02 1.489985082298517227e-02 2.736451849341392517e-02 4.712532460689544678e-02 2.833457663655281067e-02 3.947800770401954651e-02 4.042638465762138367e-02 1.779583096504211426e-02 6.924412213265895844e-03 2.608865266665816307e-03 1.987420022487640381e-02 4.427197575569152832e-02 9.640097618103027344e-03 3.911682590842247009e-02 7.894087582826614380e-03 3.898596018552780151e-02 1.336952392011880875e-02 2.656891709193587303e-03 1.166738662868738174e-02 3.223977237939834595e-02 4.818297922611236572e-03 3.958065807819366455e-02 8.288784883916378021e-03 1.727115735411643982e-02 2.516580000519752502e-02 3.661928698420524597e-02 4.389088600873947144e-02 4.550167173147201538e-02 2.845500595867633820e-02 4.380618408322334290e-02 2.494922839105129242e-02 2.145895920693874359e-02 5.738488864153623581e-03 2.303375117480754852e-02 2.446386776864528656e-02 8.524361997842788696e-03 7.242030929774045944e-03 4.213178530335426331e-02 6.657030433416366577e-02 7.962711155414581299e-02 4.665749892592430115e-02 3.324481891468167305e-03 1.087801717221736908e-02 2.559966407716274261e-02 9.511669725179672241e-02 1.273872051388025284e-02 4.099503532052040100e-02 4.337125271558761597e-02 2.595113031566143036e-02 3.322762995958328247e-02 3.223884850740432739e-02 3.238873928785324097e-02 6.350383907556533813e-02 2.941659651696681976e-02 3.050554729998111725e-02 3.587007755413651466e-03 5.666421260684728622e-03 2.738392725586891174e-02 7.000111509114503860e-03 4.041830450296401978e-02 6.212744861841201782e-03 4.731112625449895859e-03 4.227031394839286804e-02 2.753147482872009277e-02 7.805813848972320557e-02 3.377307206392288208e-02 1.520491903647780418e-03 2.700727246701717377e-02 3.914053738117218018e-02 4.753725230693817139e-02 1.490576937794685364e-02 4.770464729517698288e-03 3.714581206440925598e-02 4.886707756668329239e-03
3.367814421653747559e-02 3.181340917944908142e-02 4.208760336041450500e-02 4.085185006260871887e-02 1.630374789237976074e-02 1.433309167623519897e-02 4.889706615358591080e-03 1.942165940999984741e-02 4.504334032535552979e-01 8.989900350570678711e-02 3.914225473999977112e-02 2.394278533756732941e-02 1.549970358610153198e-02 2.801090478897094727e-02 1.824022643268108368e-02 1.883770339190959930e-02 1.798365637660026550e-02 1.000518947839736938e-01 7.591601461172103882e-02 5.125214904546737671e-02 1.479494012892246246e-02 9.974682703614234924e-03 4.684741422533988953e-02 1.241792831569910049e-02 6.057789921760559082e-02 4.130275547504425049e-02 3.563080355525016785e-02 2.398150600492954254e-02 3.741813078522682190e-02 4.109508916735649109e-02 1.262245140969753265e-02 5.919656902551651001e-02 5.978853628039360046e-02 4.758576676249504089e-02 1.581613905727863312e-02 1.950056292116641998e-02 4.096562415361404419e-02 2.906103059649467468e-02 2.574099414050579071e-02 2.421942353248596191e-02 2.091864496469497681e-02 7.786121964454650879e-02 3.031072951853275299e-02 1.675487495958805084e-02 5.616893060505390167e-03 1.861161179840564728e-02 4.028229042887687683e-02 3.081081062555313110e-02 3.910993039608001709e-02 3.808819456025958061e-03 1.774679310619831085e-02 1.976126618683338165e-02 1.662161014974117279e-02 1.127793267369270325e-02 1.150818839669227600e-01 1.713153347373008728e-02 4.564069956541061401e-02 6.971748173236846924e-02 3.181677311658859253e-03 3.647142276167869568e-02 4.278420284390449524e-02 1.360928080976009369e-02 3.641321137547492981e-02 3.105528838932514191e-02 1.709104888141155243e-02 4.821479693055152893e-02 7.904877886176109314e-03 5.433751270174980164e-02 7.132665812969207764e-02 4.302768781781196594e-02 5.195803567767143250e-02 1.317511778324842453e-02 5.903726816177368164e-02 3.288972750306129456e-02 5.417837202548980713e-02 3.261027485132217407e-02 1.435605585575103760e-01 3.230296075344085693e-02 5.716767907142639160e-02 1.022831164300441742e-02 2.737347036600112915e-02 1.847411133348941803e-02 1.942233182489871979e-02 2.029256895184516907e-03 5.911095440387725830e-02 3.354317322373390198e-02 1.600771211087703705e-02 2.403195574879646301e-02 7.547888904809951782e-02 5.898385867476463318e-02 3.134380280971527100e-02 4.862614721059799194e-02 3.391925990581512451e-02 6.084165070205926895e-04 4.367460310459136963e-02 2.322541363537311554e-02 2.490319311618804932e-02 4.104530438780784607e-02 4.308739304542541504e-02 3.775884862989187241e-03 4.129786044359207153e-02 2.602342516183853149e-02 3.912799805402755737e-02 1.250747125595808029e-02 2.501480653882026672e-02 8.720828220248222351e-03 1.031487062573432922e-02 5.797269754111766815e-03 2.367730811238288879e-02 6.900046020746231079e-03 2.019658498466014862e-02 1.179111748933792114e-02 3.400097414851188660e-02 8.145374245941638947e-03 2.385001257061958313e-02 2.073234878480434418e-02
2.625689841806888580e-02 3.011998347938060760e-02 3.951722383499145508e-02 8.935218676924705505e-03 4.375286027789115906e-02 2.367618493735790253e-02 3.098152019083499908e-02 3.178460150957107544e-02 8.989900350570678711e-02 4.510713815689086914e-01 5.003359913825988770e-02 3.644609823822975159e-02 5.787672474980354309e-03 4.322479013353586197e-03 2.038918621838092804e-02 3.293573483824729919e-02 4.781149700284004211e-02 7.004393637180328369e-02 1.298999041318893433e-01 3.325548395514488220e-02 5.017319321632385254e-02 1.845614239573478699e-02 4.067178070545196533e-02 2.517778612673282623e-02 5.661202594637870789e-02 4.768929630517959595e-02 4.968341067433357239e-02 2.101386524736881256e-02 2.920855954289436340e-02 1.879599876701831818e-02 1.910131983458995819e-02 3.905002772808074951e-02 1.328063290566205978e-02 4.095596075057983398e-02 2.260757796466350555e-02 4.878598451614379883e-02 4.299181047827005386e-03 2.129348367452621460e-02 2.455936558544635773e-02 2.849141880869865417e-02 4.191409796476364136e-02 3.994864970445632935e-02 2.329060621559619904e-02 1.085686404258012772e-02 1.346684712916612625e-02 1.169321686029434204e-02 3.759094327688217163e-02 3.909796848893165588e-02 9.794782381504774094e-04 4.617383331060409546e-02 1.104925200343132019e-02 1.012784801423549652e-02 4.798107966780662537e-02 2.117734868079423904e-03 2.060810849070549011e-02 6.724901497364044189e-02 4.577369615435600281e-02 6.797821819782257080e-02 1.178860571235418320e-02 2.983946353197097778e-02 1.019407529383897781e-03 5.104824900627136230e-02 3.273924440145492554e-02 1.639588177204132080e-02 5.004609003663063049e-02 3.111194074153900146e-02 3.831782937049865723e-02 3.525386750698089600e-02 4.701077193021774292e-02 2.848203293979167938e-02 8.713927119970321655e-02 2.948519960045814514e-02 3.227508440613746643e-02 4.187671095132827759e-02 3.578338027000427246e-02 3.182414546608924866e-02 6.090945750474929810e-02 1.219727769494056702e-01 2.109116874635219574e-02 9.989075362682342529e-02 3.480353578925132751e-02 3.543196618556976318e-02 2.962262555956840515e-02 2.491428330540657043e-02 5.620840005576610565e-03 3.092357330024242401e-02 2.285418100655078888e-02 3.149534761905670166e-02 5.569356959313154221e-03 1.478167176246643066e-01 5.233724415302276611e-02 5.395706743001937866e-03 2.666044607758522034e-02 3.507117927074432373e-02 4.500671476125717163e-02 3.555624978616833687e-03 3.197671845555305481e-02 8.669429458677768707e-03 1.137940958142280579e-02 1.086785923689603806e-03 2.200567349791526794e-02 4.385622963309288025e-02 4.610659554600715637e-03 2.591254748404026031e-02 2.359611168503761292e-02 2.027148380875587463e-02 3.698759526014328003e-02 2.930646063759922981e-03 1.683538313955068588e-03 7.518087327480316162e-02 2.470525167882442474e-02 3.650091215968132019e-02 5.657996982336044312e-02 1.446105167269706726e-02 1.070869807153940201e-02 2.609787881374359131e-02
1.322880983352661133e-01 6.567326933145523071e-02 1.271399762481451035e-02 6.780327763408422470e-03 7.988925091922283173e-03 4.480161145329475403e-02 5.711650010198354721e-03 1.728035323321819305e-02 3.914225473999977112e-02 5.003359913825988770e-02 4.507265985012054443e-01 4.484288394451141357e-03 9.824267029762268066e-02 4.070401564240455627e-02 1.645516790449619293e-02 1.547737978398799896e-02 2.911427617073059082e-02 3.009217604994773865e-02 1.356560271233320236e-02 4.935585334897041321e-02 3.341039875522255898e-03 2.181609906256198883e-02 3.087816014885902405e-02 1.554113999009132385e-02 4.980332404375076294e-02 2.759447507560253143e-02 2.947559207677841187e-02 5.479740351438522339e-02 5.327594280242919922e-02 3.899635002017021179e-02 2.877703681588172913e-02 2.600322104990482330e-02 4.437171295285224915e-02 2.520978078246116638e-02 1.358534302562475204e-02 2.280120179057121277e-02 4.217254742980003357e-02 3.694081678986549377e-02 3.362348675727844238e-02 4.096028581261634827e-02 2.538596652448177338e-02 8.839873597025871277e-03 1.717882603406906128e-02 1.976095885038375854e-02 8.115744218230247498e-03 2.847374649718403816e-03 7.367753982543945312e-02 7.640172541141510010e-02 1.577197946608066559e-02 4.088162630796432495e-02 2.789042703807353973e-02 1.888783415779471397e-03 4.969112109392881393e-03 5.597830284386873245e-03 2.218024432659149170e-02 1.577388122677803040e-02 4.979085177183151245e-02 3.393867611885070801e-02 1.007055304944515228e-02 2.480170503258705139e-02 1.110929646529257298e-03 4.971531406044960022e-02 6.224906537681818008e-03 2.093802206218242645e-02 8.867999166250228882e-02 6.226803362369537354e-02 6.142503116279840469e-03 1.864448189735412598e-02 5.464926362037658691e-02 2.188642881810665131e-02 5.459908768534660339e-02 1.992944069206714630e-02 4.490911960601806641e-02 2.409292384982109070e-02 1.366230845451354980e-02 3.921423479914665222e-02 3.501595556735992432e-02 6.598714739084243774e-03 3.435777500271797180e-02 5.911067873239517212e-02 4.307560622692108154e-02 2.207003161311149597e-02 2.894085086882114410e-02 4.899733513593673706e-02 2.353913336992263794e-02 2.590029500424861908e-02 1.028270572423934937e-01 1.690021529793739319e-02 4.148517921566963196e-02 2.000219374895095825e-02 7.487624883651733398e-02 4.621275886893272400e-02 4.358092322945594788e-02 4.713606089353561401e-03 3.123055957257747650e-02 7.347807753831148148e-03 4.541649296879768372e-02 4.388793185353279114e-02 2.635057084262371063e-02 2.304832218214869499e-03 7.970928214490413666e-03 2.134400606155395508e-02 6.090340670198202133e-03 5.026665516197681427e-03 1.431176718324422836e-02 1.009496394544839859e-02 2.341316826641559601e-02 2.305664122104644775e-02 1.203031651675701141e-02 3.764383867383003235e-02 3.347974643111228943e-02 1.273597218096256256e-02 1.940986327826976776e-02 8.689545094966888428e-03 2.670360170304775238e-02 3.273792937397956848e-02
9.903472848236560822e-03 2.638107724487781525e-02 4.012119770050048828e-02 5.279168486595153809e-02 4.904415458440780640e-02 6.271248683333396912e-03 4.340996965765953064e-04 9.121826849877834320e-03 2.394278533756732941e-02 3.644609823822975159e-02 4.484288394451141357e-03 4.301534593105316162e-01 5.986302718520164490e-02 2.505167424678802490e-01 2.505866810679435730e-02 1.829444058239459991e-02 4.230738803744316101e-02 2.527745813131332397e-02 4.112028330564498901e-02 2.336494438350200653e-02 3.995955362915992737e-02 3.538693115115165710e-02 5.058449879288673401e-02 9.454295504838228226e-04 2.845994755625724792e-02 3.853704780340194702e-02 3.834661096334457397e-02 7.153900712728500366e-02 1.908373087644577026e-02 1.486528571695089340e-02 2.418224327266216278e-02 1.792056486010551453e-02 2.664072252810001373e-02 5.230219103395938873e-04 3.986478969454765320e-02 3.220703452825546265e-02 3.667857497930526733e-02 1.363612711429595947e-02 5.841131787747144699e-03 4.081225022673606873e-02 4.152324050664901733e-02 5.056856945157051086e-02 3.354871273040771484e-02 3.634078055620193481e-02 1.146808862686157227e-01 7.021155953407287598e-02 1.110045239329338074e-02 8.203529752790927887e-03 1.211855933070182800e-02 3.352103522047400475e-03 1.936365291476249695e-02 5.030885804444551468e-03 1.347687374800443649e-02 4.977923352271318436e-03 3.582379221916198730e-02 3.191875666379928589e-02 4.314633086323738098e-03 5.553274974226951599e-02 4.834080860018730164e-02 3.521246835589408875e-02 2.306151017546653748e-02 4.131410736590623856e-03 2.650560438632965088e-02 7.593232439830899239e-04 1.297788508236408234e-02 2.307499200105667114e-02 5.482856649905443192e-03 4.693542793393135071e-02 3.095338121056556702e-02 2.985008992254734039e-02 1.944164745509624481e-02 1.387492660433053970e-02 4.044828563928604126e-02 3.743382170796394348e-02 1.360115408897399902e-02 5.725105293095111847e-03 6.225652247667312622e-02 1.626171544194221497e-02 2.948677283711731434e-04 7.489384710788726807e-02 3.313183784484863281e-02 4.711646586656570435e-02 2.340927720069885254e-02 3.795867413282394409e-02 8.877342194318771362e-02 2.662845514714717865e-02 3.865080652758479118e-03 1.101158931851387024e-02 4.095805063843727112e-02 3.256030008196830750e-02 4.605653882026672363e-02 8.851385675370693207e-03 3.709016740322113037e-02 4.997762292623519897e-02 1.329122018069028854e-02 4.562319815158843994e-02 1.958969980478286743e-02 4.544081166386604309e-03 1.988184824585914612e-02 5.553521215915679932e-02 2.325696311891078949e-02 1.970115303993225098e-02 4.036132991313934326e-02 1.875078119337558746e-02 3.872165083885192871e-02 3.204435855150222778e-02 6.914331461302936077e-04 2.361935004591941833e-02 3.579324856400489807e-02 3.619319200515747070e-02 2.935859002172946930e-02 2.885513473302125931e-03 2.005211822688579559e-02 2.145576523616909981e-03 1.411821460351347923e-03 3.592362627387046814e-02
6.007084622979164124e-02 1.062606126070022583e-01 3.585349023342132568e-02 8.347700932063162327e-04 2.218446694314479828e-03 1.237880438566207886e-02 3.021529875695705414e-02 5.815380252897739410e-03 1.549970358610153198e-02 5.787672474980354309e-03 9.824267029762268066e-02 5.986302718520164490e-02 4.562813937664031982e-01 3.040329553186893463e-02 9.215208701789379120e-03 5.397036299109458923e-02 5.143532063812017441e-03 2.513009123504161835e-02 5.390901118516921997e-02 3.773113712668418884e-03 1.066902931779623032e-02 2.922536246478557587e-02 4.357874020934104919e-02 3.929726779460906982e-02 1.237262971699237823e-02 4.239892587065696716e-02 2.141089737415313721e-02 2.424406702630221844e-04 4.418379440903663635e-02 1.448890473693609238e-02 3.588837385177612305e-02 4.544694349169731140e-02 2.781401015818119049e-02 3.813542425632476807e-02 3.960387036204338074e-02 4.055872559547424316e-02 1.958490582183003426e-03 4.417028650641441345e-02 2.293142676353454590e-02 1.990242116153240204e-02 2.375995367765426636e-02 1.264052465558052063e-02 2.648534998297691345e-02 2.852899022400379181e-03 5.459648370742797852e-02 3.091964684426784515e-02 7.245416194200515747e-02 9.529918432235717773e-02 5.231020972132682800e-02 3.764388337731361389e-02 4.823023080825805664e-02 3.132142871618270874e-02 4.142227768898010254e-02 2.651498652994632721e-02 4.104780778288841248e-02 4.478218406438827515e-02 4.103990271687507629e-02 6.758558098226785660e-03 2.467506937682628632e-02 1.782874949276447296e-02 1.712571829557418823e-02 1.559637207537889481e-02 3.841324150562286377e-02 4.993004724383354187e-02 2.685271203517913818e-02 8.326227217912673950e-02 3.373477607965469360e-02 3.547293692827224731e-02 2.087962813675403595e-02 3.548546135425567627e-02 1.148432772606611252e-02 2.948100492358207703e-02 5.314904265105724335e-03 3.858956694602966309e-02 1.604807935655117035e-02 2.327078208327293396e-02 9.173367172479629517e-03 1.969686150550842285e-02 1.758928119670599699e-04 7.920723408460617065e-03 2.409991249442100525e-02 6.391005218029022217e-02 3.353778272867202759e-02 1.980689354240894318e-02 3.289372846484184265e-02 4.198853857815265656e-03 1.450999360531568527e-02 9.533715993165969849e-02 4.860156401991844177e-02 6.609532283619046211e-04 3.920186683535575867e-02 2.983823232352733612e-02 8.887928724288940430e-02 4.557667300105094910e-02 4.561868682503700256e-02 1.832964830100536346e-02 2.744934149086475372e-02 2.306066453456878662e-02 3.202802315354347229e-02 3.751702373847365379e-03 5.461169406771659851e-02 4.543815180659294128e-02 2.793416939675807953e-02 2.252621017396450043e-02 6.638796068727970123e-03 3.570280969142913818e-02 1.129802968353033066e-02 1.217690203338861465e-02 3.630942478775978088e-02 2.173044905066490173e-02 8.211660198867321014e-03 2.282492257654666901e-02 1.932078041136264801e-02 1.220575347542762756e-02 1.952813751995563507e-02 1.536844391375780106e-02
